OA,ts0380001,ts0380002,ts0380003,ts0380004,ts0380005,ts0380006,ts0380007,ts0380002_PCT,ts0380003_PCT,ts0380004_PCT,ts0380005_PCT,ts0380006_PCT,ts0380007_PCT
E00050184,271,34,12,22,237,18,219,12.546125461254611,4.428044280442804,8.118081180811808,87.4538745387454,6.642066420664207,80.81180811808119
E00050185,345,48,12,36,297,18,279,13.91304347826087,3.4782608695652173,10.434782608695652,86.08695652173914,5.217391304347826,80.8695652173913
E00050186,304,35,16,19,269,24,245,11.513157894736842,5.263157894736842,6.25,88.48684210526315,7.894736842105263,80.5921052631579
E00050187,273,38,9,29,235,11,224,13.91941391941392,3.296703296703297,10.622710622710622,86.08058608058609,4.029304029304029,82.05128205128204
E00050188,316,39,14,25,277,24,253,12.341772151898734,4.430379746835443,7.9113924050632916,87.65822784810126,7.59493670886076,80.0632911392405
E00050189,300,46,18,28,254,18,236,15.333333333333332,6,9.333333333333334,84.66666666666667,6,78.66666666666666
E00050190,367,69,26,43,298,16,282,18.80108991825613,7.084468664850137,11.716621253405995,81.19891008174388,4.35967302452316,76.83923705722071
E00050191,366,60,29,31,306,13,293,16.39344262295082,7.923497267759563,8.469945355191257,83.60655737704919,3.551912568306011,80.05464480874316
E00050192,380,73,35,38,307,20,287,19.210526315789473,9.210526315789473,10,80.78947368421052,5.263157894736842,75.52631578947368
E00050193,272,38,12,26,234,15,219,13.970588235294118,4.411764705882353,9.558823529411764,86.02941176470588,5.514705882352941,80.51470588235294
E00050194,284,42,13,29,242,13,229,14.788732394366196,4.577464788732395,10.211267605633804,85.2112676056338,4.577464788732395,80.63380281690141
E00050195,384,53,18,35,331,27,304,13.802083333333334,4.6875,9.114583333333332,86.19791666666666,7.03125,79.16666666666666
E00050196,310,57,28,29,253,19,234,18.387096774193548,9.032258064516128,9.35483870967742,81.61290322580645,6.129032258064516,75.48387096774194
E00050197,420,63,26,37,357,34,323,15,6.190476190476191,8.80952380952381,85,8.095238095238095,76.90476190476191
E00050198,270,36,10,26,234,25,209,13.333333333333334,3.7037037037037033,9.62962962962963,86.66666666666667,9.25925925925926,77.4074074074074
E00050199,335,59,38,21,276,21,255,17.611940298507463,11.343283582089553,6.26865671641791,82.38805970149254,6.26865671641791,76.11940298507463
E00050200,293,40,14,26,253,30,223,13.651877133105803,4.778156996587031,8.873720136518772,86.3481228668942,10.238907849829351,76.10921501706484
E00050201,230,30,13,17,200,21,179,13.043478260869565,5.6521739130434785,7.391304347826087,86.95652173913044,9.130434782608695,77.82608695652173
E00050202,328,69,22,47,259,15,244,21.036585365853657,6.707317073170732,14.329268292682926,78.96341463414635,4.573170731707317,74.39024390243902
E00050203,318,49,19,30,269,24,245,15.40880503144654,5.9748427672955975,9.433962264150944,84.59119496855347,7.547169811320755,77.04402515723271
E00050204,254,53,28,25,201,15,186,20.866141732283463,11.023622047244094,9.84251968503937,79.13385826771653,5.905511811023622,73.22834645669292
E00050205,226,54,21,33,172,17,155,23.893805309734514,9.29203539823009,14.601769911504425,76.10619469026548,7.52212389380531,68.58407079646017
E00050206,320,47,22,25,273,21,252,14.6875,6.875000000000001,7.8125,85.3125,6.5625,78.75
E00050207,312,42,7,35,270,20,250,13.461538461538462,2.2435897435897436,11.217948717948719,86.53846153846155,6.41025641025641,80.12820512820514
E00050208,249,43,20,23,206,22,184,17.269076305220885,8.032128514056225,9.236947791164658,82.73092369477911,8.835341365461847,73.89558232931726
E00050209,338,53,15,38,285,21,264,15.680473372781064,4.437869822485207,11.242603550295858,84.31952662721893,6.21301775147929,78.10650887573965
E00050210,286,37,9,28,249,22,227,12.937062937062937,3.146853146853147,9.79020979020979,87.06293706293707,7.6923076923076925,79.37062937062937
E00050211,308,48,15,33,260,23,237,15.584415584415584,4.870129870129871,10.714285714285714,84.4155844155844,7.467532467532467,76.94805194805194
E00050212,299,50,20,30,249,32,217,16.722408026755854,6.688963210702341,10.033444816053512,83.27759197324414,10.702341137123746,72.5752508361204
E00050213,252,37,8,29,215,18,197,14.682539682539684,3.1746031746031744,11.507936507936508,85.31746031746032,7.142857142857142,78.17460317460318
E00050214,268,37,14,23,231,19,212,13.805970149253731,5.223880597014925,8.582089552238806,86.19402985074626,7.08955223880597,79.1044776119403
E00050215,272,46,10,36,226,29,197,16.911764705882355,3.6764705882352944,13.23529411764706,83.08823529411765,10.661764705882353,72.42647058823529
E00050216,281,32,16,16,249,33,216,11.387900355871885,5.6939501779359425,5.6939501779359425,88.61209964412812,11.743772241992882,76.86832740213522
E00050217,350,36,18,18,314,25,289,10.285714285714285,5.142857142857142,5.142857142857142,89.71428571428571,7.142857142857142,82.57142857142857
E00050218,298,57,21,36,241,24,217,19.12751677852349,7.046979865771812,12.080536912751679,80.87248322147651,8.053691275167784,72.81879194630872
E00050219,271,44,24,20,227,25,202,16.236162361623617,8.856088560885608,7.380073800738007,83.76383763837639,9.22509225092251,74.53874538745387
E00050220,301,40,16,24,261,26,235,13.2890365448505,5.3156146179401995,7.973421926910299,86.71096345514951,8.637873754152823,78.07308970099668
E00050221,272,71,42,29,201,14,187,26.10294117647059,15.441176470588236,10.661764705882353,73.89705882352942,5.147058823529411,68.75
E00050222,320,45,18,27,275,16,259,14.0625,5.625,8.4375,85.9375,5,80.9375
E00050223,340,24,7,17,316,20,296,7.0588235294117645,2.0588235294117645,5,92.94117647058823,5.88235294117647,87.05882352941177
E00050224,277,74,37,37,203,11,192,26.714801444043324,13.357400722021662,13.357400722021662,73.28519855595668,3.9711191335740073,69.31407942238266
E00050225,316,67,28,39,249,17,232,21.202531645569618,8.860759493670885,12.341772151898734,78.79746835443038,5.379746835443038,73.41772151898735
E00050226,289,75,42,33,214,18,196,25.951557093425603,14.53287197231834,11.418685121107266,74.0484429065744,6.228373702422145,67.82006920415225
E00050227,303,68,37,31,235,24,211,22.442244224422442,12.211221122112212,10.231023102310232,77.55775577557755,7.920792079207921,69.63696369636963
E00050228,400,110,58,52,290,15,275,27.500000000000004,14.499999999999998,13,72.5,3.75,68.75
E00050229,280,72,40,32,208,12,196,25.71428571428571,14.285714285714285,11.428571428571429,74.28571428571429,4.285714285714286,70
E00050230,319,46,24,22,273,27,246,14.420062695924765,7.523510971786834,6.896551724137931,85.57993730407524,8.463949843260188,77.11598746081505
E00050231,272,56,22,34,216,20,196,20.588235294117645,8.088235294117647,12.5,79.41176470588235,7.352941176470589,72.05882352941177
E00050232,325,72,35,37,253,22,231,22.153846153846153,10.76923076923077,11.384615384615385,77.84615384615384,6.769230769230769,71.07692307692308
E00050233,324,76,39,37,248,16,232,23.456790123456788,12.037037037037036,11.419753086419753,76.5432098765432,4.938271604938271,71.60493827160494
E00050234,317,59,26,33,258,25,233,18.61198738170347,8.201892744479496,10.410094637223976,81.38801261829653,7.886435331230284,73.50157728706624
E00050235,354,91,62,29,263,20,243,25.70621468926554,17.51412429378531,8.192090395480225,74.29378531073446,5.649717514124294,68.64406779661016
E00050236,368,66,33,33,302,28,274,17.934782608695652,8.967391304347826,8.967391304347826,82.06521739130434,7.608695652173914,74.45652173913044
E00050237,267,48,20,28,219,22,197,17.97752808988764,7.490636704119851,10.486891385767791,82.02247191011236,8.239700374531834,73.78277153558052
E00050238,300,57,34,23,243,29,214,19,11.333333333333332,7.666666666666666,81,9.666666666666666,71.33333333333334
E00050239,255,64,34,30,191,16,175,25.098039215686274,13.333333333333334,11.76470588235294,74.90196078431373,6.2745098039215685,68.62745098039215
E00050240,312,66,31,35,246,18,228,21.153846153846153,9.935897435897436,11.217948717948719,78.84615384615384,5.769230769230769,73.07692307692307
E00050241,341,76,40,36,265,23,242,22.28739002932551,11.730205278592376,10.557184750733137,77.71260997067448,6.744868035190615,70.96774193548387
E00050242,596,94,34,60,502,48,454,15.771812080536913,5.704697986577181,10.06711409395973,84.22818791946308,8.053691275167784,76.1744966442953
E00050243,276,47,24,23,229,11,218,17.02898550724638,8.695652173913043,8.333333333333332,82.97101449275362,3.985507246376811,78.98550724637681
E00050244,270,61,33,28,209,16,193,22.59259259259259,12.222222222222221,10.37037037037037,77.4074074074074,5.9259259259259265,71.48148148148148
E00050245,281,68,35,33,213,12,201,24.199288256227756,12.455516014234876,11.743772241992882,75.80071174377224,4.270462633451958,71.53024911032028
E00050246,281,74,40,34,207,14,193,26.334519572953734,14.23487544483986,12.099644128113878,73.66548042704626,4.98220640569395,68.68327402135232
E00050248,321,65,26,39,256,27,229,20.24922118380062,8.09968847352025,12.149532710280374,79.75077881619937,8.411214953271028,71.33956386292834
E00050249,236,75,30,45,161,17,144,31.779661016949152,12.711864406779661,19.06779661016949,68.22033898305084,7.203389830508475,61.016949152542374
E00050250,360,73,38,35,287,26,261,20.27777777777778,10.555555555555555,9.722222222222223,79.72222222222223,7.222222222222221,72.5
E00050251,484,78,27,51,406,36,370,16.115702479338843,5.578512396694215,10.537190082644628,83.88429752066115,7.43801652892562,76.44628099173553
E00050252,157,78,39,39,79,6,73,49.681528662420384,24.840764331210192,24.840764331210192,50.318471337579616,3.821656050955414,46.496815286624205
E00050253,335,74,45,29,261,15,246,22.08955223880597,13.432835820895523,8.656716417910449,77.91044776119404,4.477611940298507,73.43283582089552
E00050254,290,64,33,31,226,28,198,22.06896551724138,11.379310344827587,10.689655172413794,77.93103448275862,9.655172413793103,68.27586206896552
E00050255,317,68,27,41,249,23,226,21.451104100946374,8.517350157728707,12.933753943217665,78.54889589905363,7.255520504731862,71.29337539432177
E00050256,331,60,29,31,271,17,254,18.12688821752266,8.761329305135952,9.365558912386707,81.87311178247734,5.13595166163142,76.73716012084593
E00050257,249,81,46,35,168,9,159,32.53012048192771,18.473895582329316,14.056224899598394,67.46987951807229,3.614457831325301,63.85542168674698
E00050258,320,78,40,38,242,18,224,24.375,12.5,11.875,75.625,5.625,70
E00050259,237,49,19,30,188,15,173,20.675105485232066,8.016877637130802,12.658227848101266,79.32489451476793,6.329113924050633,72.9957805907173
E00050260,262,61,30,31,201,20,181,23.282442748091604,11.450381679389313,11.83206106870229,76.7175572519084,7.633587786259542,69.08396946564885
E00050261,251,37,13,24,214,12,202,14.741035856573706,5.179282868525896,9.56175298804781,85.2589641434263,4.780876494023905,80.47808764940238
E00050262,303,59,36,23,244,10,234,19.471947194719473,11.881188118811881,7.590759075907591,80.52805280528052,3.3003300330033,77.22772277227723
E00050264,315,59,26,33,256,7,249,18.73015873015873,8.253968253968253,10.476190476190476,81.26984126984127,2.2222222222222223,79.04761904761905
E00050265,311,59,29,30,252,11,241,18.971061093247588,9.32475884244373,9.646302250803858,81.02893890675242,3.536977491961415,77.491961414791
E00050266,404,80,51,29,324,18,306,19.801980198019802,12.623762376237623,7.1782178217821775,80.19801980198021,4.455445544554455,75.74257425742574
E00050267,339,59,27,32,280,27,253,17.404129793510325,7.964601769911504,9.43952802359882,82.59587020648968,7.964601769911504,74.63126843657817
E00050268,365,67,27,40,298,23,275,18.356164383561644,7.397260273972603,10.95890410958904,81.64383561643835,6.301369863013699,75.34246575342466
E00050269,373,77,45,32,296,14,282,20.64343163538874,12.064343163538874,8.579088471849866,79.35656836461126,3.753351206434316,75.60321715817693
E00050270,344,52,32,20,292,7,285,15.11627906976744,9.30232558139535,5.813953488372093,84.88372093023256,2.0348837209302326,82.84883720930233
E00050271,221,46,19,27,175,10,165,20.81447963800905,8.597285067873303,12.217194570135746,79.18552036199095,4.524886877828054,74.6606334841629
E00050272,528,141,89,52,387,17,370,26.704545454545453,16.856060606060606,9.848484848484848,73.29545454545455,3.2196969696969697,70.07575757575758
E00050273,289,64,29,35,225,11,214,22.145328719723185,10.034602076124568,12.110726643598616,77.85467128027682,3.8062283737024223,74.0484429065744
E00050274,364,72,31,41,292,16,276,19.78021978021978,8.516483516483516,11.263736263736265,80.21978021978022,4.395604395604396,75.82417582417582
E00050275,348,65,28,37,283,19,264,18.67816091954023,8.045977011494253,10.632183908045976,81.32183908045977,5.459770114942529,75.86206896551724
E00050276,370,80,40,40,290,22,268,21.62162162162162,10.81081081081081,10.81081081081081,78.37837837837837,5.9459459459459465,72.43243243243244
E00050277,386,84,48,36,302,19,283,21.761658031088082,12.435233160621761,9.32642487046632,78.23834196891191,4.922279792746114,73.31606217616581
E00050278,340,63,31,32,277,18,259,18.529411764705884,9.117647058823529,9.411764705882353,81.47058823529412,5.294117647058823,76.17647058823529
E00050279,377,77,44,33,300,15,285,20.424403183023873,11.671087533156498,8.753315649867375,79.57559681697613,3.978779840848806,75.59681697612733
E00050280,485,62,38,24,423,25,398,12.783505154639174,7.835051546391752,4.948453608247423,87.21649484536083,5.154639175257731,82.06185567010309
E00050281,367,53,24,29,314,14,300,14.441416893732969,6.539509536784741,7.901907356948229,85.55858310626702,3.8147138964577656,81.74386920980926
E00050282,330,62,32,30,268,22,246,18.787878787878785,9.696969696969697,9.090909090909092,81.21212121212122,6.666666666666667,74.54545454545455
E00050283,303,68,35,33,235,15,220,22.442244224422442,11.55115511551155,10.891089108910892,77.55775577557755,4.9504950495049505,72.60726072607261
E00050284,372,66,31,35,306,20,286,17.741935483870968,8.333333333333332,9.408602150537634,82.25806451612904,5.376344086021505,76.88172043010752
E00050285,340,67,34,33,273,22,251,19.705882352941178,10,9.705882352941178,80.29411764705883,6.470588235294119,73.82352941176471
E00050286,390,79,33,46,311,22,289,20.256410256410255,8.461538461538462,11.794871794871794,79.74358974358975,5.641025641025641,74.1025641025641
E00050287,334,67,28,39,267,16,251,20.059880239520957,8.383233532934131,11.676646706586826,79.94011976047905,4.790419161676647,75.1497005988024
E00050288,405,76,35,41,329,19,310,18.765432098765434,8.641975308641975,10.123456790123457,81.23456790123457,4.691358024691358,76.5432098765432
E00050289,383,64,32,32,319,27,292,16.710182767624023,8.355091383812011,8.355091383812011,83.28981723237598,7.049608355091384,76.2402088772846
E00050290,331,64,36,28,267,13,254,19.335347432024168,10.876132930513595,8.459214501510575,80.66465256797582,3.927492447129909,76.73716012084593
E00050291,343,68,41,27,275,23,252,19.825072886297377,11.9533527696793,7.871720116618077,80.17492711370262,6.705539358600583,73.46938775510205
E00050292,344,52,26,26,292,24,268,15.11627906976744,7.55813953488372,7.55813953488372,84.88372093023256,6.976744186046512,77.90697674418605
E00050293,345,56,30,26,289,12,277,16.231884057971012,8.695652173913043,7.536231884057972,83.76811594202898,3.4782608695652173,80.28985507246377
E00050294,328,70,29,41,258,12,246,21.341463414634145,8.841463414634147,12.5,78.65853658536585,3.6585365853658534,75
E00050295,283,63,29,34,220,19,201,22.261484098939928,10.247349823321555,12.014134275618375,77.73851590106007,6.713780918727916,71.02473498233216
E00050296,365,65,38,27,300,16,284,17.80821917808219,10.41095890410959,7.397260273972603,82.1917808219178,4.383561643835616,77.8082191780822
E00050297,256,87,55,32,169,7,162,33.984375,21.484375,12.5,66.015625,2.734375,63.28125
E00050298,372,59,26,33,313,21,292,15.86021505376344,6.989247311827956,8.870967741935484,84.13978494623656,5.64516129032258,78.49462365591397
E00050299,340,58,31,27,282,15,267,17.058823529411764,9.117647058823529,7.941176470588235,82.94117647058825,4.411764705882353,78.52941176470588
E00050300,261,63,29,34,198,8,190,24.137931034482758,11.11111111111111,13.026819923371647,75.86206896551724,3.065134099616858,72.79693486590038
E00050301,302,54,24,30,248,17,231,17.880794701986755,7.9470198675496695,9.933774834437086,82.11920529801324,5.629139072847682,76.49006622516556
E00050302,341,85,39,46,256,17,239,24.926686217008797,11.436950146627565,13.48973607038123,75.0733137829912,4.9853372434017595,70.08797653958945
E00050303,307,64,23,41,243,22,221,20.846905537459286,7.491856677524431,13.355048859934854,79.15309446254072,7.166123778501629,71.9869706840391
E00050304,422,66,41,25,356,19,337,15.639810426540285,9.715639810426541,5.924170616113744,84.36018957345972,4.502369668246446,79.85781990521326
E00050305,232,72,40,32,160,9,151,31.03448275862069,17.24137931034483,13.793103448275861,68.96551724137932,3.8793103448275863,65.08620689655173
E00050306,315,56,21,35,259,8,251,17.77777777777778,6.666666666666667,11.11111111111111,82.22222222222221,2.5396825396825395,79.68253968253968
E00050307,225,49,24,25,176,12,164,21.777777777777775,10.666666666666668,11.11111111111111,78.22222222222223,5.333333333333334,72.88888888888889
E00050308,315,43,22,21,272,14,258,13.65079365079365,6.984126984126984,6.666666666666667,86.34920634920636,4.444444444444445,81.9047619047619
E00050309,431,81,33,48,350,14,336,18.793503480278424,7.65661252900232,11.1368909512761,81.20649651972158,3.248259860788863,77.9582366589327
E00050310,306,44,24,20,262,16,246,14.37908496732026,7.8431372549019605,6.535947712418301,85.62091503267973,5.228758169934641,80.3921568627451
E00050311,390,63,21,42,327,33,294,16.153846153846153,5.384615384615385,10.76923076923077,83.84615384615385,8.461538461538462,75.38461538461539
E00050313,351,47,16,31,304,16,288,13.390313390313391,4.5584045584045585,8.831908831908832,86.6096866096866,4.5584045584045585,82.05128205128204
E00050314,332,67,36,31,265,30,235,20.180722891566266,10.843373493975903,9.33734939759036,79.81927710843374,9.036144578313253,70.78313253012048
E00050315,385,69,30,39,316,19,297,17.92207792207792,7.792207792207792,10.129870129870131,82.07792207792208,4.935064935064935,77.14285714285715
E00050316,394,57,28,29,337,40,297,14.467005076142131,7.1065989847715745,7.3604060913705585,85.53299492385787,10.152284263959391,75.38071065989847
E00050317,271,61,27,34,210,18,192,22.509225092250922,9.96309963099631,12.546125461254611,77.49077490774908,6.642066420664207,70.84870848708486
E00050318,323,64,27,37,259,29,230,19.814241486068113,8.359133126934983,11.455108359133128,80.18575851393189,8.978328173374612,71.20743034055728
E00050319,217,31,12,19,186,8,178,14.285714285714285,5.529953917050691,8.755760368663594,85.71428571428571,3.686635944700461,82.02764976958525
E00050320,273,40,14,26,233,17,216,14.652014652014653,5.128205128205128,9.523809523809524,85.34798534798534,6.227106227106227,79.12087912087912
E00050321,269,58,21,37,211,23,188,21.561338289962826,7.806691449814126,13.754646840148698,78.43866171003717,8.550185873605948,69.88847583643123
E00050322,311,53,30,23,258,21,237,17.041800643086816,9.646302250803858,7.395498392282958,82.95819935691318,6.752411575562702,76.20578778135048
E00050323,236,58,26,32,178,19,159,24.576271186440678,11.016949152542372,13.559322033898304,75.42372881355932,8.050847457627118,67.37288135593221
E00050324,328,57,29,28,271,19,252,17.378048780487802,8.841463414634147,8.536585365853659,82.6219512195122,5.7926829268292686,76.82926829268293
E00050325,310,51,21,30,259,18,241,16.451612903225808,6.774193548387098,9.67741935483871,83.54838709677419,5.806451612903226,77.74193548387098
E00050326,309,51,27,24,258,20,238,16.50485436893204,8.737864077669903,7.766990291262135,83.49514563106796,6.472491909385113,77.02265372168284
E00050327,299,84,40,44,215,13,202,28.093645484949832,13.377926421404682,14.715719063545151,71.90635451505017,4.3478260869565215,67.55852842809364
E00050328,363,87,49,38,276,16,260,23.96694214876033,13.498622589531681,10.46831955922865,76.03305785123968,4.40771349862259,71.62534435261708
E00050329,374,37,15,22,337,17,320,9.893048128342247,4.0106951871657754,5.88235294117647,90.10695187165776,4.545454545454546,85.56149732620321
E00050330,427,47,24,23,380,15,365,11.00702576112412,5.620608899297424,5.386416861826698,88.99297423887587,3.51288056206089,85.48009367681499
E00050331,292,70,26,44,222,24,198,23.972602739726025,8.904109589041095,15.068493150684931,76.02739726027397,8.21917808219178,67.8082191780822
E00050332,497,77,28,49,420,14,406,15.492957746478872,5.633802816901409,9.859154929577464,84.50704225352112,2.8169014084507045,81.69014084507043
E00050333,267,39,21,18,228,13,215,14.606741573033707,7.865168539325842,6.741573033707865,85.39325842696628,4.868913857677903,80.52434456928839
E00050334,285,58,24,34,227,20,207,20.350877192982455,8.421052631578947,11.929824561403509,79.64912280701755,7.017543859649122,72.63157894736842
E00050335,340,63,31,32,277,21,256,18.529411764705884,9.117647058823529,9.411764705882353,81.47058823529412,6.176470588235294,75.29411764705883
E00050336,288,54,22,32,234,16,218,18.75,7.638888888888889,11.11111111111111,81.25,5.555555555555555,75.69444444444444
E00050337,371,75,36,39,296,24,272,20.21563342318059,9.703504043126685,10.512129380053908,79.78436657681941,6.46900269541779,73.31536388140162
E00050338,281,54,23,31,227,20,207,19.217081850533805,8.185053380782918,11.032028469750891,80.78291814946618,7.11743772241993,73.66548042704626
E00050339,340,71,31,40,269,19,250,20.88235294117647,9.117647058823529,11.76470588235294,79.11764705882352,5.588235294117648,73.52941176470588
E00050341,263,48,15,33,215,7,208,18.250950570342205,5.7034220532319395,12.547528517110266,81.74904942965779,2.6615969581749046,79.08745247148289
E00050342,396,68,26,42,328,19,309,17.17171717171717,6.565656565656567,10.606060606060606,82.82828282828282,4.797979797979798,78.03030303030303
E00050343,358,63,27,36,295,16,279,17.59776536312849,7.5418994413407825,10.05586592178771,82.40223463687151,4.4692737430167595,77.93296089385476
E00050344,260,61,28,33,199,19,180,23.46153846153846,10.76923076923077,12.692307692307692,76.53846153846153,7.307692307692308,69.23076923076923
E00050345,339,68,26,42,271,20,251,20.058997050147493,7.669616519174041,12.389380530973451,79.9410029498525,5.899705014749262,74.04129793510324
E00050347,349,70,32,38,279,27,252,20.057306590257877,9.169054441260744,10.888252148997136,79.94269340974212,7.736389684813753,72.20630372492836
E00050348,318,75,42,33,243,16,227,23.58490566037736,13.20754716981132,10.377358490566039,76.41509433962264,5.031446540880504,71.38364779874213
E00050349,316,63,26,37,253,20,233,19.936708860759495,8.227848101265822,11.708860759493671,80.0632911392405,6.329113924050633,73.73417721518987
E00050351,486,84,44,40,402,30,372,17.28395061728395,9.053497942386832,8.23045267489712,82.71604938271605,6.172839506172839,76.5432098765432
E00050352,309,50,20,30,259,31,228,16.181229773462782,6.472491909385113,9.70873786407767,83.81877022653723,10.032362459546926,73.7864077669903
E00050353,295,50,17,33,245,33,212,16.94915254237288,5.762711864406779,11.186440677966102,83.05084745762711,11.186440677966102,71.86440677966101
E00050354,338,61,19,42,277,23,254,18.04733727810651,5.621301775147929,12.42603550295858,81.95266272189349,6.8047337278106506,75.14792899408283
E00050355,399,83,35,48,316,22,294,20.80200501253133,8.771929824561402,12.030075187969924,79.19799498746866,5.513784461152882,73.68421052631578
E00050356,346,48,22,26,298,34,264,13.872832369942195,6.358381502890173,7.514450867052023,86.1271676300578,9.826589595375722,76.30057803468208
E00050357,289,53,18,35,236,22,214,18.33910034602076,6.228373702422145,12.110726643598616,81.66089965397923,7.612456747404845,74.0484429065744
E00050358,261,59,25,34,202,19,183,22.60536398467433,9.578544061302683,13.026819923371647,77.39463601532567,7.2796934865900385,70.11494252873564
E00050359,288,64,27,37,224,20,204,22.22222222222222,9.375,12.847222222222221,77.77777777777779,6.944444444444445,70.83333333333334
E00050360,298,107,65,42,191,19,172,35.90604026845637,21.812080536912752,14.093959731543624,64.09395973154362,6.375838926174497,57.71812080536913
E00050361,287,49,15,34,238,17,221,17.073170731707318,5.2264808362369335,11.846689895470384,82.92682926829268,5.923344947735192,77.00348432055749
E00050362,329,73,32,41,256,29,227,22.188449848024316,9.72644376899696,12.462006079027356,77.81155015197568,8.814589665653495,68.9969604863222
E00050363,290,64,26,38,226,13,213,22.06896551724138,8.96551724137931,13.10344827586207,77.93103448275862,4.482758620689655,73.44827586206897
E00050364,299,52,28,24,247,14,233,17.391304347826086,9.364548494983277,8.02675585284281,82.6086956521739,4.682274247491638,77.92642140468227
E00050365,326,45,23,22,281,30,251,13.803680981595093,7.05521472392638,6.748466257668712,86.1963190184049,9.202453987730062,76.99386503067484
E00050366,299,45,16,29,254,33,221,15.050167224080269,5.351170568561873,9.698996655518394,84.94983277591973,11.036789297658862,73.91304347826086
E00050367,355,68,36,32,287,15,272,19.154929577464788,10.140845070422536,9.014084507042254,80.84507042253522,4.225352112676056,76.61971830985915
E00050368,553,110,44,66,443,18,425,19.89150090415913,7.956600361663653,11.934900542495479,80.10849909584087,3.25497287522604,76.85352622061484
E00050369,354,70,34,36,284,23,261,19.774011299435028,9.6045197740113,10.16949152542373,80.22598870056498,6.497175141242938,73.72881355932203
E00050371,254,87,49,38,167,9,158,34.25196850393701,19.291338582677163,14.960629921259844,65.74803149606299,3.543307086614173,62.20472440944882
E00050372,248,98,57,41,150,12,138,39.516129032258064,22.983870967741936,16.532258064516128,60.483870967741936,4.838709677419355,55.64516129032258
E00050373,547,62,24,38,485,51,434,11.3345521023766,4.387568555758683,6.946983546617916,88.6654478976234,9.323583180987203,79.3418647166362
E00050374,310,73,39,34,237,19,218,23.548387096774192,12.580645161290322,10.967741935483872,76.45161290322581,6.129032258064516,70.3225806451613
E00050375,404,98,43,55,306,19,287,24.257425742574256,10.643564356435643,13.613861386138614,75.74257425742574,4.702970297029703,71.03960396039604
E00050376,239,71,35,36,168,12,156,29.707112970711297,14.644351464435147,15.062761506276152,70.29288702928869,5.02092050209205,65.27196652719665
E00050377,236,69,33,36,167,11,156,29.23728813559322,13.983050847457626,15.254237288135593,70.76271186440678,4.661016949152542,66.10169491525424
E00050378,221,52,21,31,169,15,154,23.52941176470588,9.502262443438914,14.027149321266968,76.47058823529412,6.787330316742081,69.68325791855203
E00050379,341,93,50,43,248,16,232,27.27272727272727,14.66275659824047,12.609970674486803,72.72727272727273,4.69208211143695,68.03519061583577
E00050380,314,79,42,37,235,27,208,25.159235668789808,13.375796178343949,11.78343949044586,74.84076433121018,8.598726114649681,66.2420382165605
E00050381,245,51,26,25,194,14,180,20.816326530612244,10.612244897959183,10.204081632653061,79.18367346938776,5.714285714285714,73.46938775510205
E00050382,342,82,44,38,260,27,233,23.976608187134502,12.865497076023392,11.11111111111111,76.0233918128655,7.894736842105263,68.12865497076024
E00050383,327,46,15,31,281,18,263,14.067278287461773,4.587155963302752,9.480122324159021,85.93272171253822,5.5045871559633035,80.42813455657493
E00050384,305,63,26,37,242,16,226,20.655737704918035,8.524590163934425,12.131147540983607,79.34426229508198,5.245901639344262,74.09836065573771
E00050385,498,92,44,48,406,22,384,18.473895582329316,8.835341365461847,9.63855421686747,81.52610441767068,4.417670682730924,77.10843373493977
E00050386,300,73,30,43,227,10,217,24.333333333333336,10,14.333333333333334,75.66666666666667,3.3333333333333335,72.33333333333334
E00050387,304,69,37,32,235,9,226,22.697368421052634,12.171052631578947,10.526315789473683,77.30263157894737,2.9605263157894735,74.3421052631579
E00050388,323,66,32,34,257,16,241,20.43343653250774,9.907120743034056,10.526315789473683,79.56656346749226,4.953560371517028,74.61300309597523
E00050389,296,64,31,33,232,15,217,21.62162162162162,10.472972972972974,11.14864864864865,78.37837837837837,5.0675675675675675,73.3108108108108
E00050390,314,57,26,31,257,17,240,18.152866242038215,8.280254777070063,9.872611464968154,81.84713375796179,5.414012738853503,76.43312101910828
E00050391,314,55,29,26,259,19,240,17.51592356687898,9.235668789808917,8.280254777070063,82.48407643312102,6.050955414012739,76.43312101910828
E00050392,336,63,25,38,273,18,255,18.75,7.440476190476191,11.30952380952381,81.25,5.357142857142857,75.89285714285714
E00050393,365,79,44,35,286,11,275,21.643835616438356,12.054794520547945,9.58904109589041,78.35616438356165,3.0136986301369864,75.34246575342466
E00050394,301,59,36,23,242,15,227,19.601328903654487,11.960132890365449,7.641196013289036,80.39867109634552,4.983388704318937,75.41528239202658
E00050395,349,44,14,30,305,32,273,12.607449856733524,4.011461318051576,8.595988538681947,87.39255014326648,9.169054441260744,78.22349570200574
E00050396,279,58,26,32,221,22,199,20.78853046594982,9.31899641577061,11.469534050179211,79.21146953405018,7.885304659498208,71.32616487455196
E00050397,292,43,18,25,249,18,231,14.726027397260275,6.164383561643835,8.561643835616438,85.27397260273972,6.164383561643835,79.1095890410959
E00050398,353,83,33,50,270,20,250,23.512747875354105,9.34844192634561,14.164305949008499,76.48725212464589,5.6657223796034,70.82152974504248
E00050399,314,52,15,37,262,20,242,16.560509554140125,4.777070063694268,11.78343949044586,83.43949044585987,6.369426751592357,77.07006369426752
E00050400,293,63,35,28,230,22,208,21.501706484641637,11.945392491467576,9.556313993174061,78.49829351535837,7.508532423208192,70.98976109215018
E00050401,280,70,35,35,210,14,196,25,12.5,12.5,75,5,70
E00050402,608,93,42,51,515,19,496,15.296052631578947,6.907894736842106,8.388157894736842,84.70394736842105,3.125,81.57894736842105
E00050403,352,67,37,30,285,23,262,19.03409090909091,10.511363636363637,8.522727272727272,80.9659090909091,6.534090909090909,74.43181818181817
E00050404,430,112,71,41,318,31,287,26.046511627906977,16.511627906976745,9.534883720930234,73.95348837209302,7.209302325581396,66.74418604651163
E00050405,353,64,27,37,289,16,273,18.13031161473088,7.64872521246459,10.48158640226629,81.86968838526913,4.53257790368272,77.33711048158641
E00050406,308,53,23,30,255,7,248,17.20779220779221,7.467532467532467,9.740259740259742,82.79220779220779,2.272727272727273,80.51948051948052
E00050407,309,58,33,25,251,4,247,18.77022653721683,10.679611650485436,8.090614886731391,81.22977346278317,1.2944983818770228,79.93527508090615
E00050408,324,72,32,40,252,11,241,22.22222222222222,9.876543209876543,12.345679012345679,77.77777777777779,3.3950617283950617,74.38271604938271
E00050409,342,71,35,36,271,13,258,20.760233918128655,10.23391812865497,10.526315789473683,79.23976608187134,3.8011695906432745,75.43859649122807
E00050410,395,77,33,44,318,17,301,19.49367088607595,8.354430379746836,11.139240506329113,80.50632911392405,4.30379746835443,76.20253164556962
E00050411,241,55,26,29,186,3,183,22.821576763485478,10.78838174273859,12.033195020746888,77.17842323651453,1.2448132780082988,75.93360995850622
E00050412,265,66,31,35,199,20,179,24.90566037735849,11.69811320754717,13.20754716981132,75.09433962264151,7.547169811320755,67.54716981132076
E00050413,346,76,35,41,270,9,261,21.965317919075144,10.115606936416185,11.849710982658959,78.03468208092485,2.601156069364162,75.43352601156069
E00050414,308,66,29,37,242,19,223,21.428571428571427,9.415584415584416,12.012987012987013,78.57142857142857,6.1688311688311686,72.40259740259741
E00050415,267,69,49,20,198,17,181,25.842696629213485,18.352059925093634,7.490636704119851,74.15730337078652,6.367041198501873,67.79026217228464
E00050416,398,91,49,42,307,15,292,22.8643216080402,12.311557788944723,10.552763819095476,77.1356783919598,3.7688442211055273,73.36683417085426
E00050417,406,92,45,47,314,17,297,22.660098522167488,11.083743842364532,11.576354679802956,77.33990147783251,4.1871921182266005,73.15270935960592
E00050418,392,66,34,32,326,14,312,16.83673469387755,8.673469387755102,8.16326530612245,83.16326530612244,3.571428571428571,79.59183673469387
E00050419,277,77,39,38,200,15,185,27.79783393501805,14.079422382671481,13.718411552346572,72.20216606498195,5.415162454873646,66.78700361010831
E00050420,314,69,42,27,245,15,230,21.97452229299363,13.375796178343949,8.598726114649681,78.02547770700637,4.777070063694268,73.24840764331209
E00050423,190,28,13,15,162,11,151,14.736842105263156,6.842105263157896,7.894736842105263,85.26315789473684,5.7894736842105265,79.47368421052632
E00050424,352,62,38,24,290,15,275,17.613636363636363,10.795454545454545,6.8181818181818175,82.38636363636364,4.261363636363636,78.125
E00050425,289,75,34,41,214,11,203,25.951557093425603,11.76470588235294,14.186851211072666,74.0484429065744,3.8062283737024223,70.24221453287197
E00050426,288,35,13,22,253,13,240,12.152777777777777,4.513888888888888,7.638888888888889,87.84722222222221,4.513888888888888,83.33333333333334
E00050427,312,42,16,26,270,14,256,13.461538461538462,5.128205128205128,8.333333333333332,86.53846153846155,4.487179487179487,82.05128205128204
E00050428,363,64,25,39,299,25,274,17.63085399449036,6.887052341597796,10.743801652892563,82.36914600550963,6.887052341597796,75.48209366391184
E00050429,214,31,16,15,183,6,177,14.485981308411214,7.476635514018691,7.009345794392523,85.51401869158879,2.803738317757009,82.71028037383178
E00050431,347,50,21,29,297,27,270,14.409221902017292,6.051873198847262,8.357348703170029,85.5907780979827,7.780979827089338,77.80979827089337
E00050432,335,67,33,34,268,17,251,20,9.850746268656717,10.149253731343283,80,5.074626865671641,74.92537313432835
E00050433,419,69,36,33,350,15,335,16.467780429594274,8.591885441527445,7.875894988066825,83.53221957040573,3.579952267303103,79.95226730310262
E00050434,165,35,21,14,130,9,121,21.21212121212121,12.727272727272727,8.484848484848486,78.78787878787878,5.454545454545454,73.33333333333333
E00050435,323,43,24,19,280,13,267,13.312693498452013,7.430340557275541,5.88235294117647,86.687306501548,4.024767801857585,82.6625386996904
E00050436,223,22,6,16,201,14,187,9.865470852017937,2.690582959641256,7.174887892376682,90.13452914798206,6.278026905829597,83.85650224215246
E00050438,216,35,21,14,181,13,168,16.203703703703702,9.722222222222223,6.481481481481481,83.79629629629629,6.018518518518518,77.77777777777779
E00050439,352,55,18,37,297,25,272,15.625,5.113636363636364,10.511363636363637,84.375,7.1022727272727275,77.27272727272727
E00050440,433,54,28,26,379,21,358,12.471131639722865,6.466512702078522,6.0046189376443415,87.52886836027713,4.849884526558892,82.67898383371825
E00050441,277,57,26,31,220,11,209,20.577617328519857,9.386281588447654,11.191335740072201,79.42238267148014,3.9711191335740073,75.45126353790613
E00050442,395,62,27,35,333,33,300,15.69620253164557,6.8354430379746836,8.860759493670885,84.30379746835443,8.354430379746836,75.9493670886076
E00050443,357,63,41,22,294,22,272,17.647058823529413,11.484593837535014,6.162464985994398,82.35294117647058,6.162464985994398,76.19047619047619
E00050444,326,63,32,31,263,15,248,19.32515337423313,9.815950920245399,9.509202453987731,80.67484662576688,4.601226993865031,76.07361963190185
E00050445,338,54,31,23,284,22,262,15.976331360946746,9.171597633136095,6.8047337278106506,84.02366863905326,6.508875739644971,77.51479289940828
E00050446,363,51,15,36,312,29,283,14.049586776859504,4.132231404958678,9.917355371900827,85.9504132231405,7.988980716253444,77.96143250688705
E00050447,164,37,13,24,127,7,120,22.5609756097561,7.926829268292683,14.634146341463413,77.4390243902439,4.2682926829268295,73.17073170731707
E00050448,585,97,45,52,488,17,471,16.58119658119658,7.6923076923076925,8.88888888888889,83.41880341880342,2.905982905982906,80.51282051282051
E00050449,365,40,21,19,325,14,311,10.95890410958904,5.7534246575342465,5.205479452054795,89.04109589041096,3.8356164383561646,85.2054794520548
E00050450,442,63,31,32,379,18,361,14.25339366515837,7.013574660633484,7.239819004524888,85.74660633484163,4.072398190045249,81.67420814479638
E00050451,319,44,14,30,275,20,255,13.793103448275861,4.38871473354232,9.404388714733543,86.20689655172413,6.269592476489027,79.9373040752351
E00050452,360,79,42,37,281,20,261,21.944444444444443,11.666666666666666,10.277777777777777,78.05555555555556,5.555555555555555,72.5
E00050453,494,98,42,56,396,16,380,19.838056680161944,8.502024291497975,11.336032388663968,80.16194331983806,3.2388663967611335,76.92307692307693
E00050454,527,94,51,43,433,20,413,17.836812144212523,9.67741935483871,8.159392789373813,82.16318785578748,3.795066413662239,78.36812144212524
E00050455,246,46,21,25,200,18,182,18.69918699186992,8.536585365853659,10.16260162601626,81.30081300813008,7.317073170731707,73.98373983739837
E00050456,352,71,30,41,281,16,265,20.170454545454543,8.522727272727272,11.647727272727272,79.82954545454545,4.545454545454546,75.2840909090909
E00050457,315,38,20,18,277,21,256,12.063492063492063,6.349206349206349,5.714285714285714,87.93650793650794,6.666666666666667,81.26984126984127
E00050458,181,23,10,13,158,11,147,12.70718232044199,5.524861878453039,7.18232044198895,87.29281767955801,6.077348066298343,81.21546961325967
E00050459,424,44,17,27,380,19,361,10.377358490566039,4.009433962264151,6.367924528301887,89.62264150943396,4.481132075471698,85.14150943396226
E00050460,311,46,22,24,265,19,246,14.790996784565916,7.07395498392283,7.717041800643088,85.20900321543408,6.109324758842444,79.09967845659163
E00050461,112,22,12,10,90,8,82,19.642857142857142,10.714285714285714,8.928571428571429,80.35714285714286,7.142857142857142,73.21428571428571
E00050462,255,53,20,33,202,9,193,20.784313725490197,7.8431372549019605,12.941176470588237,79.2156862745098,3.5294117647058822,75.68627450980392
E00050463,442,65,29,36,377,30,347,14.705882352941178,6.561085972850679,8.144796380090497,85.29411764705883,6.787330316742081,78.50678733031674
E00050464,362,83,37,46,279,16,263,22.92817679558011,10.220994475138122,12.70718232044199,77.07182320441989,4.41988950276243,72.65193370165746
E00050465,315,63,33,30,252,19,233,20,10.476190476190476,9.523809523809524,80,6.031746031746032,73.96825396825398
E00050466,307,15,9,6,292,20,272,4.88599348534202,2.9315960912052117,1.9543973941368076,95.11400651465797,6.514657980456026,88.59934853420195
E00050468,580,79,47,32,501,15,486,13.620689655172413,8.103448275862068,5.517241379310345,86.37931034482759,2.586206896551724,83.79310344827586
E00050469,341,64,41,23,277,13,264,18.7683284457478,12.023460410557185,6.744868035190615,81.23167155425219,3.812316715542522,77.41935483870968
E00050470,348,70,26,44,278,15,263,20.114942528735632,7.471264367816093,12.643678160919542,79.88505747126436,4.310344827586207,75.57471264367817
E00050471,263,65,30,35,198,18,180,24.714828897338403,11.406844106463879,13.307984790874524,75.2851711026616,6.844106463878327,68.44106463878326
E00050472,355,62,34,28,293,13,280,17.464788732394364,9.577464788732394,7.887323943661972,82.53521126760563,3.6619718309859155,78.87323943661971
E00050473,365,69,40,29,296,19,277,18.904109589041095,10.95890410958904,7.9452054794520555,81.0958904109589,5.205479452054795,75.89041095890411
E00050474,398,63,40,23,335,13,322,15.829145728643216,10.050251256281408,5.778894472361809,84.17085427135679,3.2663316582914574,80.90452261306532
E00050475,260,81,43,38,179,9,170,31.153846153846153,16.538461538461537,14.615384615384617,68.84615384615384,3.4615384615384617,65.38461538461539
E00050476,240,50,22,28,190,4,186,20.833333333333336,9.166666666666666,11.666666666666666,79.16666666666666,1.6666666666666667,77.5
E00050477,367,87,54,33,280,12,268,23.705722070844686,14.713896457765669,8.991825613079019,76.29427792915531,3.2697547683923704,73.02452316076294
E00050478,337,79,33,46,258,12,246,23.44213649851632,9.792284866468842,13.649851632047477,76.55786350148368,3.5608308605341246,72.99703264094956
E00050479,329,78,35,43,251,15,236,23.70820668693009,10.638297872340425,13.069908814589665,76.29179331306992,4.5592705167173255,71.73252279635258
E00050480,436,57,31,26,379,13,366,13.073394495412844,7.110091743119266,5.963302752293578,86.92660550458714,2.981651376146789,83.94495412844036
E00050481,375,51,21,30,324,23,301,13.600000000000001,5.6000000000000005,8,86.4,6.133333333333333,80.26666666666667
E00050482,363,78,36,42,285,16,269,21.487603305785125,9.917355371900827,11.570247933884298,78.51239669421489,4.40771349862259,74.10468319559229
E00050483,340,70,30,40,270,13,257,20.588235294117645,8.823529411764707,11.76470588235294,79.41176470588235,3.823529411764706,75.58823529411765
E00050484,468,79,40,39,389,21,368,16.88034188034188,8.547008547008547,8.333333333333332,83.11965811965813,4.487179487179487,78.63247863247864
E00050485,404,74,23,51,330,14,316,18.316831683168317,5.693069306930694,12.623762376237623,81.68316831683168,3.4653465346534658,78.21782178217822
E00050486,376,89,38,51,287,20,267,23.670212765957448,10.106382978723403,13.563829787234042,76.32978723404256,5.319148936170213,71.01063829787235
E00050487,343,78,46,32,265,17,248,22.740524781341108,13.411078717201166,9.329446064139942,77.25947521865889,4.956268221574344,72.30320699708454
E00050488,337,72,33,39,265,15,250,21.364985163204746,9.792284866468842,11.572700296735905,78.63501483679525,4.451038575667656,74.1839762611276
E00050489,385,64,26,38,321,22,299,16.623376623376622,6.753246753246753,9.87012987012987,83.37662337662337,5.714285714285714,77.66233766233766
E00050490,381,89,47,42,292,17,275,23.35958005249344,12.335958005249344,11.023622047244094,76.64041994750657,4.4619422572178475,72.17847769028872
E00050491,265,89,56,33,176,10,166,33.58490566037736,21.132075471698116,12.452830188679245,66.41509433962264,3.7735849056603774,62.64150943396226
E00050492,378,87,48,39,291,22,269,23.015873015873016,12.698412698412698,10.317460317460316,76.98412698412699,5.82010582010582,71.16402116402116
E00050493,234,64,26,38,170,6,164,27.350427350427353,11.11111111111111,16.23931623931624,72.64957264957265,2.564102564102564,70.08547008547008
E00050494,261,63,31,32,198,14,184,24.137931034482758,11.877394636015326,12.260536398467432,75.86206896551724,5.363984674329502,70.49808429118774
E00050495,590,60,22,38,530,18,512,10.16949152542373,3.728813559322034,6.440677966101695,89.83050847457628,3.050847457627119,86.77966101694915
E00050496,391,60,22,38,331,22,309,15.34526854219949,5.626598465473146,9.718670076726342,84.65473145780051,5.626598465473146,79.02813299232737
E00050497,495,51,19,32,444,23,421,10.303030303030303,3.8383838383838382,6.4646464646464645,89.6969696969697,4.646464646464646,85.05050505050505
E00050499,331,56,20,36,275,23,252,16.91842900302115,6.042296072507553,10.876132930513595,83.08157099697885,6.948640483383686,76.13293051359517
E00050501,392,75,41,34,317,20,297,19.132653061224488,10.459183673469388,8.673469387755102,80.86734693877551,5.1020408163265305,75.76530612244898
E00050502,329,53,24,29,276,20,256,16.109422492401215,7.29483282674772,8.814589665653495,83.89057750759878,6.079027355623101,77.81155015197568
E00050503,310,70,37,33,240,16,224,22.58064516129032,11.935483870967742,10.64516129032258,77.41935483870968,5.161290322580645,72.25806451612902
E00050504,265,62,30,32,203,15,188,23.39622641509434,11.320754716981133,12.075471698113208,76.60377358490567,5.660377358490567,70.94339622641509
E00050506,343,68,29,39,275,21,254,19.825072886297377,8.454810495626822,11.370262390670554,80.17492711370262,6.122448979591836,74.05247813411079
E00050509,346,105,56,49,241,7,234,30.346820809248555,16.184971098265898,14.16184971098266,69.65317919075144,2.023121387283237,67.63005780346822
E00050510,308,79,46,33,229,4,225,25.649350649350648,14.935064935064934,10.714285714285714,74.35064935064936,1.2987012987012987,73.05194805194806
E00050511,589,78,50,28,511,5,506,13.242784380305602,8.488964346349745,4.753820033955857,86.75721561969439,0.8488964346349746,85.90831918505943
E00050512,414,57,33,24,357,19,338,13.768115942028986,7.971014492753622,5.797101449275362,86.23188405797102,4.5893719806763285,81.64251207729468
E00050513,354,62,31,31,292,12,280,17.51412429378531,8.757062146892656,8.757062146892656,82.485875706214685,3.389830508474576,79.09604519774011
E00050514,452,75,36,39,377,24,353,16.5929203539823,7.964601769911504,8.628318584070795,83.4070796460177,5.3097345132743365,78.09734513274337
E00050515,276,26,16,10,250,7,243,9.420289855072465,5.797101449275362,3.6231884057971016,90.57971014492753,2.536231884057971,88.04347826086956
E00050516,363,53,21,32,310,8,302,14.600550964187327,5.785123966942149,8.81542699724518,85.39944903581267,2.203856749311295,83.19559228650138
E00050517,514,71,32,39,443,14,429,13.813229571984436,6.22568093385214,7.587548638132295,86.18677042801556,2.7237354085603114,83.46303501945526
E00050518,452,75,44,31,377,16,361,16.5929203539823,9.734513274336283,6.8584070796460175,83.4070796460177,3.5398230088495577,79.86725663716814
E00050519,431,54,25,29,377,11,366,12.529002320185615,5.800464037122969,6.728538283062645,87.47099767981439,2.5522041763341066,84.91879350348029
E00050520,414,78,39,39,336,17,319,18.84057971014493,9.420289855072465,9.420289855072465,81.15942028985508,4.1062801932367154,77.05314009661835
E00050521,334,67,27,40,267,9,258,20.059880239520957,8.08383233532934,11.976047904191617,79.94011976047905,2.694610778443114,77.24550898203593
E00050523,245,63,29,34,182,16,166,25.71428571428571,11.83673469387755,13.877551020408163,74.28571428571429,6.530612244897959,67.75510204081633
E00050524,475,55,30,25,420,7,413,11.578947368421053,6.315789473684211,5.263157894736842,88.42105263157895,1.4736842105263157,86.94736842105263
E00050525,315,71,34,37,244,5,239,22.53968253968254,10.793650793650794,11.746031746031745,77.46031746031747,1.5873015873015872,75.87301587301587
E00050526,381,68,31,37,313,23,290,17.84776902887139,8.136482939632545,9.711286089238845,82.1522309711286,6.036745406824147,76.11548556430446
E00050528,360,71,41,30,289,17,272,19.72222222222222,11.38888888888889,8.333333333333332,80.27777777777779,4.722222222222222,75.55555555555556
E00050529,306,56,30,26,250,19,231,18.30065359477124,9.803921568627452,8.49673202614379,81.69934640522875,6.209150326797386,75.49019607843137
E00050530,453,64,38,26,389,25,364,14.1280353200883,8.388520971302428,5.739514348785872,85.8719646799117,5.518763796909492,80.3532008830022
E00050531,453,82,58,24,371,15,356,18.101545253863137,12.803532008830022,5.298013245033113,81.89845474613686,3.3112582781456954,78.58719646799118
E00050532,349,44,17,27,305,15,290,12.607449856733524,4.871060171919771,7.736389684813753,87.39255014326648,4.297994269340974,83.0945558739255
E00050533,401,37,22,15,364,16,348,9.226932668329177,5.486284289276807,3.7406483790523692,90.77306733167082,3.99002493765586,86.78304239401497
E00050534,431,42,17,25,389,21,368,9.744779582366588,3.944315545243619,5.800464037122969,90.25522041763341,4.872389791183294,85.38283062645012
E00050535,280,65,39,26,215,13,202,23.214285714285715,13.928571428571429,9.285714285714286,76.78571428571429,4.642857142857143,72.14285714285714
E00050536,287,41,20,21,246,12,234,14.285714285714285,6.968641114982578,7.317073170731707,85.71428571428571,4.181184668989547,81.53310104529616
E00050537,407,66,37,29,341,10,331,16.216216216216218,9.090909090909092,7.125307125307126,83.78378378378379,2.457002457002457,81.32678132678133
E00050538,425,76,45,31,349,8,341,17.88235294117647,10.588235294117647,7.294117647058823,82.11764705882352,1.8823529411764703,80.23529411764706
E00050539,337,37,15,22,300,20,280,10.979228486646884,4.451038575667656,6.528189910979229,89.02077151335311,5.934718100890208,83.08605341246292
E00050540,422,65,32,33,357,15,342,15.402843601895736,7.5829383886255926,7.819905213270142,84.59715639810426,3.5545023696682465,81.04265402843602
E00050541,481,112,78,34,369,22,347,23.284823284823286,16.216216216216218,7.0686070686070686,76.71517671517671,4.5738045738045745,72.14137214137214
E00050542,594,96,48,48,498,17,481,16.161616161616163,8.080808080808081,8.080808080808081,83.83838383838383,2.861952861952862,80.97643097643098
E00050543,323,82,41,41,241,14,227,25.386996904024766,12.693498452012383,12.693498452012383,74.61300309597523,4.3343653250774,70.27863777089783
E00050544,382,95,65,30,287,17,270,24.86910994764398,17.015706806282722,7.853403141361256,75.13089005235602,4.450261780104712,70.68062827225131
E00050545,361,86,42,44,275,22,253,23.822714681440445,11.634349030470915,12.18836565096953,76.17728531855957,6.094182825484765,70.08310249307479
E00050546,459,78,32,46,381,20,361,16.99346405228758,6.971677559912854,10.021786492374728,83.00653594771242,4.357298474945534,78.64923747276688
E00050547,392,64,31,33,328,19,309,16.3265306122449,7.908163265306123,8.418367346938775,83.6734693877551,4.846938775510204,78.8265306122449
E00050548,550,98,49,49,452,22,430,17.81818181818182,8.90909090909091,8.90909090909091,82.18181818181817,4,78.18181818181819
E00050549,329,73,34,39,256,19,237,22.188449848024316,10.33434650455927,11.854103343465045,77.81155015197568,5.775075987841945,72.03647416413374
E00050550,608,74,38,36,534,23,511,12.171052631578947,6.25,5.921052631578947,87.82894736842105,3.7828947368421053,84.04605263157895
E00050551,454,91,48,43,363,20,343,20.044052863436125,10.572687224669604,9.47136563876652,79.95594713656388,4.405286343612335,75.55066079295155
E00050552,350,90,48,42,260,12,248,25.71428571428571,13.714285714285715,12,74.28571428571429,3.428571428571429,70.85714285714285
E00050553,364,132,80,52,232,5,227,36.26373626373626,21.978021978021978,14.285714285714285,63.73626373626373,1.3736263736263736,62.362637362637365
E00050554,364,73,46,27,291,14,277,20.054945054945055,12.637362637362637,7.417582417582418,79.94505494505495,3.8461538461538463,76.0989010989011
E00050555,422,77,40,37,345,17,328,18.246445497630333,9.47867298578199,8.767772511848342,81.75355450236967,4.028436018957346,77.72511848341233
E00050556,367,51,20,31,316,19,297,13.896457765667575,5.449591280653951,8.446866485013624,86.10354223433242,5.177111716621254,80.92643051771117
E00050557,382,76,43,33,306,21,285,19.895287958115183,11.2565445026178,8.638743455497382,80.10471204188482,5.49738219895288,74.60732984293193
E00050558,292,47,23,24,245,18,227,16.095890410958905,7.876712328767123,8.21917808219178,83.9041095890411,6.164383561643835,77.73972602739725
E00050559,283,59,30,29,224,14,210,20.848056537102476,10.60070671378092,10.247349823321555,79.15194346289752,4.946996466431095,74.20494699646643
E00050560,375,68,32,36,307,23,284,18.133333333333333,8.533333333333333,9.6,81.86666666666666,6.133333333333333,75.73333333333333
E00050561,328,56,18,38,272,12,260,17.073170731707318,5.487804878048781,11.585365853658537,82.92682926829268,3.6585365853658534,79.26829268292683
E00050562,359,84,42,42,275,26,249,23.398328690807798,11.699164345403899,11.699164345403899,76.6016713091922,7.242339832869081,69.35933147632312
E00050563,355,64,26,38,291,16,275,18.028169014084508,7.323943661971831,10.704225352112676,81.97183098591549,4.507042253521127,77.46478873239437
E00050564,364,74,38,36,290,17,273,20.32967032967033,10.43956043956044,9.89010989010989,79.67032967032966,4.670329670329671,75
E00050565,426,115,78,37,311,21,290,26.995305164319248,18.30985915492958,8.685446009389672,73.00469483568075,4.929577464788732,68.07511737089203
E00050566,343,83,43,40,260,10,250,24.198250728862973,12.536443148688047,11.661807580174926,75.80174927113703,2.9154518950437316,72.8862973760933
E00050567,366,64,28,36,302,8,294,17.48633879781421,7.650273224043716,9.836065573770492,82.5136612021858,2.185792349726776,80.32786885245902
E00050568,349,67,36,31,282,20,262,19.197707736389685,10.315186246418339,8.882521489971348,80.80229226361033,5.730659025787966,75.07163323782235
E00050569,287,52,31,21,235,15,220,18.118466898954704,10.801393728222997,7.317073170731707,81.8815331010453,5.2264808362369335,76.65505226480836
E00050570,369,70,36,34,299,13,286,18.97018970189702,9.75609756097561,9.214092140921409,81.02981029810297,3.523035230352303,77.50677506775068
E00050571,292,46,25,21,246,14,232,15.753424657534246,8.561643835616438,7.191780821917808,84.24657534246576,4.794520547945205,79.45205479452055
E00050572,200,67,38,29,133,16,117,33.5,19,14.499999999999998,66.5,8,58.5
E00050573,312,75,32,43,237,14,223,24.03846153846154,10.256410256410255,13.782051282051283,75.96153846153845,4.487179487179487,71.47435897435898
E00050574,344,71,40,31,273,23,250,20.63953488372093,11.627906976744185,9.011627906976743,79.36046511627907,6.686046511627906,72.67441860465115
E00050575,365,67,18,49,298,17,281,18.356164383561644,4.931506849315069,13.424657534246576,81.64383561643835,4.657534246575342,76.98630136986301
E00050577,441,80,43,37,361,12,349,18.140589569160998,9.750566893424036,8.390022675736962,81.85941043083899,2.7210884353741496,79.13832199546485
E00050578,423,77,35,42,346,32,314,18.203309692671397,8.274231678486997,9.929078014184398,81.7966903073286,7.5650118203309695,74.23167848699764
E00050579,397,69,36,33,328,19,309,17.38035264483627,9.06801007556675,8.312342569269521,82.61964735516372,4.785894206549118,77.83375314861462
E00050580,321,67,43,24,254,21,233,20.87227414330218,13.395638629283487,7.476635514018691,79.12772585669782,6.5420560747663545,72.58566978193146
E00050581,391,67,36,31,324,27,297,17.135549872122763,9.207161125319693,7.928388746803069,82.86445012787725,6.905370843989769,75.95907928388746
E00050582,340,64,35,29,276,20,256,18.823529411764707,10.294117647058822,8.529411764705882,81.17647058823529,5.88235294117647,75.29411764705883
E00050583,377,80,43,37,297,10,287,21.220159151193634,11.405835543766578,9.814323607427056,78.77984084880637,2.6525198938992043,76.12732095490716
E00050584,283,72,35,37,211,15,196,25.4416961130742,12.36749116607774,13.074204946996467,74.55830388692578,5.30035335689046,69.25795053003534
E00050585,312,68,31,37,244,16,228,21.794871794871796,9.935897435897436,11.858974358974358,78.2051282051282,5.128205128205128,73.07692307692307
E00050586,311,51,24,27,260,22,238,16.39871382636656,7.717041800643088,8.681672025723474,83.60128617363344,7.07395498392283,76.52733118971061
E00050587,406,77,30,47,329,27,302,18.96551724137931,7.389162561576355,11.576354679802956,81.03448275862068,6.65024630541872,74.38423645320196
E00050588,442,86,39,47,356,22,334,19.457013574660635,8.823529411764707,10.633484162895927,80.54298642533936,4.97737556561086,75.56561085972851
E00050589,290,68,26,42,222,17,205,23.448275862068964,8.96551724137931,14.482758620689657,76.55172413793103,5.862068965517241,70.6896551724138
E00050590,311,63,30,33,248,11,237,20.257234726688104,9.646302250803858,10.610932475884244,79.7427652733119,3.536977491961415,76.20578778135048
E00050591,258,74,33,41,184,15,169,28.68217054263566,12.790697674418606,15.891472868217054,71.31782945736434,5.813953488372093,65.50387596899225
E00050592,278,78,38,40,200,17,183,28.05755395683453,13.66906474820144,14.388489208633093,71.94244604316546,6.115107913669065,65.82733812949641
E00050593,281,54,26,28,227,9,218,19.217081850533805,9.252669039145907,9.9644128113879,80.78291814946618,3.202846975088968,77.58007117437722
E00050594,251,89,47,42,162,15,147,35.45816733067729,18.725099601593627,16.733067729083665,64.5418326693227,5.9760956175298805,58.56573705179283
E00050595,405,59,17,42,346,17,329,14.5679012345679,4.197530864197531,10.37037037037037,85.4320987654321,4.197530864197531,81.23456790123457
E00050596,286,51,22,29,235,18,217,17.832167832167833,7.6923076923076925,10.13986013986014,82.16783216783216,6.293706293706294,75.87412587412588
E00050598,316,52,32,20,264,15,249,16.455696202531644,10.126582278481013,6.329113924050633,83.54430379746836,4.746835443037975,78.79746835443038
E00050600,485,72,27,45,413,23,390,14.845360824742269,5.567010309278351,9.278350515463918,85.15463917525773,4.742268041237113,80.41237113402062
E00050601,389,76,33,43,313,19,294,19.53727506426735,8.483290488431876,11.053984575835475,80.46272493573264,4.884318766066838,75.57840616966581
E00050602,377,68,34,34,309,17,292,18.037135278514587,9.018567639257293,9.018567639257293,81.9628647214854,4.509283819628647,77.45358090185677
E00050603,329,75,42,33,254,9,245,22.796352583586625,12.76595744680851,10.030395136778116,77.20364741641338,2.735562310030395,74.46808510638297
E00050605,237,44,25,19,193,14,179,18.565400843881857,10.548523206751055,8.016877637130802,81.43459915611815,5.9071729957805905,75.52742616033755
E00050606,307,51,16,35,256,15,241,16.612377850162865,5.211726384364821,11.400651465798045,83.38762214983714,4.88599348534202,78.50162866449512
E00050607,302,34,12,22,268,16,252,11.258278145695364,3.9735099337748347,7.28476821192053,88.74172185430463,5.298013245033113,83.44370860927152
E00050608,306,37,13,24,269,13,256,12.091503267973856,4.248366013071895,7.8431372549019605,87.90849673202614,4.248366013071895,83.66013071895425
E00050609,156,65,35,30,91,12,79,41.66666666666667,22.435897435897438,19.230769230769234,58.333333333333336,7.6923076923076925,50.641025641025635
E00050610,430,49,22,27,381,21,360,11.395348837209303,5.116279069767442,6.279069767441861,88.60465116279069,4.883720930232558,83.72093023255815
E00050611,357,45,21,24,312,15,297,12.605042016806722,5.88235294117647,6.722689075630252,87.39495798319328,4.201680672268908,83.19327731092437
E00050612,358,58,22,36,300,20,280,16.201117318435752,6.145251396648044,10.05586592178771,83.79888268156425,5.58659217877095,78.2122905027933
E00050613,359,58,23,35,301,17,284,16.15598885793872,6.406685236768802,9.749303621169917,83.84401114206128,4.735376044568245,79.10863509749304
E00050614,359,91,60,31,268,22,246,25.348189415041784,16.71309192200557,8.635097493036211,74.65181058495823,6.128133704735376,68.52367688022284
E00050615,366,44,22,22,322,21,301,12.021857923497267,6.0109289617486334,6.0109289617486334,87.97814207650273,5.737704918032787,82.24043715846994
E00050616,371,82,41,41,289,18,271,22.10242587601078,11.05121293800539,11.05121293800539,77.89757412398922,4.8517520215633425,73.04582210242587
E00050617,396,68,34,34,328,18,310,17.17171717171717,8.585858585858585,8.585858585858585,82.82828282828282,4.545454545454546,78.28282828282829
E00050618,350,61,31,30,289,17,272,17.42857142857143,8.857142857142856,8.571428571428571,82.57142857142857,4.857142857142857,77.71428571428571
E00050619,296,55,26,29,241,17,224,18.58108108108108,8.783783783783784,9.797297297297296,81.41891891891892,5.743243243243244,75.67567567567568
E00050620,364,53,25,28,311,25,286,14.560439560439562,6.868131868131869,7.6923076923076925,85.43956043956044,6.868131868131869,78.57142857142857
E00050621,406,59,27,32,347,20,327,14.532019704433496,6.65024630541872,7.8817733990147785,85.4679802955665,4.926108374384237,80.54187192118226
E00050622,273,42,18,24,231,12,219,15.384615384615385,6.593406593406594,8.791208791208792,84.61538461538461,4.395604395604396,80.21978021978022
E00050623,265,52,25,27,213,13,200,19.622641509433965,9.433962264150944,10.18867924528302,80.37735849056604,4.905660377358491,75.47169811320755
E00050624,387,69,34,35,318,17,301,17.829457364341085,8.785529715762273,9.043927648578812,82.17054263565892,4.3927648578811365,77.77777777777779
E00050625,290,64,28,36,226,18,208,22.06896551724138,9.655172413793103,12.413793103448276,77.93103448275862,6.206896551724138,71.72413793103448
E00050626,320,63,32,31,257,13,244,19.6875,10,9.6875,80.3125,4.0625,76.25
E00050627,268,64,30,34,204,18,186,23.88059701492537,11.194029850746269,12.686567164179104,76.11940298507463,6.7164179104477615,69.40298507462687
E00050628,351,50,28,22,301,23,278,14.245014245014245,7.977207977207977,6.267806267806268,85.75498575498575,6.552706552706552,79.2022792022792
E00050629,386,44,24,20,342,19,323,11.398963730569948,6.217616580310881,5.181347150259067,88.60103626943005,4.922279792746114,83.67875647668393
E00050630,320,66,26,40,254,19,235,20.625,8.125,12.5,79.375,5.9375,73.4375
E00050631,267,39,14,25,228,14,214,14.606741573033707,5.2434456928838955,9.363295880149813,85.39325842696628,5.2434456928838955,80.14981273408239
E00050632,348,62,29,33,286,18,268,17.81609195402299,8.333333333333332,9.482758620689655,82.18390804597702,5.172413793103448,77.01149425287356
E00050633,427,56,22,34,371,26,345,13.114754098360656,5.152224824355972,7.962529274004685,86.88524590163934,6.0889929742388755,80.79625292740047
E00050634,261,58,30,28,203,14,189,22.22222222222222,11.494252873563218,10.727969348659004,77.77777777777779,5.363984674329502,72.41379310344827
E00050635,407,56,22,34,351,25,326,13.75921375921376,5.405405405405405,8.353808353808354,86.24078624078624,6.142506142506143,80.0982800982801
E00050636,267,35,13,22,232,16,216,13.108614232209737,4.868913857677903,8.239700374531834,86.89138576779027,5.992509363295881,80.89887640449437
E00050637,276,32,7,25,244,18,226,11.594202898550725,2.536231884057971,9.057971014492754,88.40579710144928,6.521739130434782,81.88405797101449
E00050638,335,47,17,30,288,14,274,14.029850746268657,5.074626865671641,8.955223880597014,85.97014925373134,4.179104477611941,81.7910447761194
E00050639,271,56,32,24,215,16,199,20.66420664206642,11.808118081180812,8.856088560885608,79.33579335793358,5.904059040590406,73.43173431734317
E00050640,332,42,16,26,290,23,267,12.650602409638553,4.819277108433735,7.83132530120482,87.34939759036145,6.927710843373494,80.42168674698796
E00050641,264,57,25,32,207,13,194,21.59090909090909,9.469696969696969,12.121212121212121,78.4090909090909,4.924242424242424,73.48484848484848
E00050642,373,59,27,32,314,21,293,15.81769436997319,7.238605898123325,8.579088471849866,84.1823056300268,5.630026809651475,78.55227882037534
E00050643,308,44,21,23,264,23,241,14.285714285714285,6.8181818181818175,7.467532467532467,85.71428571428571,7.467532467532467,78.24675324675324
E00050644,343,53,25,28,290,25,265,15.451895043731778,7.288629737609329,8.16326530612245,84.54810495626822,7.288629737609329,77.25947521865889
E00050645,306,50,22,28,256,19,237,16.33986928104575,7.18954248366013,9.15032679738562,83.66013071895425,6.209150326797386,77.45098039215686
E00050646,407,58,24,34,349,29,320,14.250614250614252,5.896805896805897,8.353808353808354,85.74938574938575,7.125307125307126,78.62407862407862
E00050647,375,42,24,18,333,35,298,11.200000000000001,6.4,4.8,88.8,9.333333333333334,79.46666666666667
E00050648,308,54,21,33,254,17,237,17.532467532467532,6.8181818181818175,10.714285714285714,82.46753246753246,5.51948051948052,76.94805194805194
E00050649,282,47,20,27,235,25,210,16.666666666666664,7.092198581560284,9.574468085106384,83.33333333333334,8.865248226950355,74.46808510638297
E00050650,322,33,14,19,289,22,267,10.248447204968944,4.3478260869565215,5.900621118012422,89.75155279503106,6.832298136645963,82.91925465838509
E00050651,331,62,26,36,269,11,258,18.731117824773413,7.854984894259818,10.876132930513595,81.2688821752266,3.3232628398791544,77.94561933534743
E00050652,373,54,20,34,319,15,304,14.47721179624665,5.361930294906166,9.115281501340483,85.52278820375335,4.021447721179625,81.50134048257372
E00050653,321,41,16,25,280,22,258,12.77258566978193,4.984423676012461,7.78816199376947,87.22741433021807,6.853582554517133,80.37383177570094
E00050654,363,61,43,18,302,16,286,16.804407713498623,11.84573002754821,4.958677685950414,83.19559228650138,4.40771349862259,78.78787878787878
E00050655,310,54,26,28,256,13,243,17.419354838709676,8.38709677419355,9.032258064516128,82.58064516129032,4.193548387096775,78.38709677419354
E00050656,339,49,24,25,290,9,281,14.454277286135694,7.079646017699115,7.374631268436578,85.54572271386431,2.6548672566371683,82.89085545722715
E00050657,392,44,24,20,348,14,334,11.224489795918368,6.122448979591836,5.1020408163265305,88.77551020408163,3.571428571428571,85.20408163265306
E00050658,401,65,28,37,336,14,322,16.209476309226932,6.982543640897755,9.226932668329177,83.79052369077307,3.4912718204488775,80.29925187032418
E00050659,382,46,13,33,336,24,312,12.041884816753926,3.4031413612565444,8.638743455497382,87.95811518324608,6.282722513089005,81.67539267015707
E00050660,248,71,31,40,177,8,169,28.62903225806452,12.5,16.129032258064516,71.37096774193549,3.225806451612903,68.14516129032258
E00050662,261,64,34,30,197,5,192,24.521072796934863,13.026819923371647,11.494252873563218,75.47892720306514,1.9157088122605364,73.5632183908046
E00050663,402,41,21,20,361,18,343,10.199004975124378,5.223880597014925,4.975124378109453,89.80099502487562,4.477611940298507,85.3233830845771
E00050664,347,47,29,18,300,13,287,13.544668587896252,8.357348703170029,5.187319884726225,86.45533141210375,3.7463976945244957,82.70893371757924
E00050665,216,22,10,12,194,10,184,10.185185185185185,4.62962962962963,5.555555555555555,89.81481481481481,4.62962962962963,85.18518518518519
E00050666,538,81,45,36,457,19,438,15.055762081784389,8.364312267657994,6.691449814126393,84.94423791821562,3.5315985130111525,81.41263940520446
E00050667,433,103,60,43,330,18,312,23.787528868360276,13.856812933025402,9.930715935334874,76.21247113163973,4.157043879907621,72.05542725173211
E00050668,331,63,24,39,268,28,240,19.033232628398792,7.250755287009064,11.782477341389729,80.96676737160121,8.459214501510575,72.50755287009063
E00050669,358,75,42,33,283,23,260,20.949720670391063,11.731843575418994,9.217877094972067,79.05027932960894,6.424581005586592,72.62569832402235
E00050670,344,46,22,24,298,31,267,13.372093023255813,6.395348837209303,6.976744186046512,86.62790697674419,9.011627906976743,77.61627906976744
E00050671,561,62,33,29,499,12,487,11.051693404634582,5.88235294117647,5.169340463458111,88.94830659536542,2.13903743315508,86.80926916221033
E00050672,303,51,30,21,252,11,241,16.831683168316832,9.900990099009901,6.9306930693069315,83.16831683168317,3.6303630363036308,79.53795379537954
E00050673,422,73,32,41,349,16,333,17.298578199052134,7.5829383886255926,9.715639810426541,82.70142180094787,3.7914691943127963,78.90995260663507
E00050674,367,34,19,15,333,14,319,9.264305177111716,5.177111716621254,4.087193460490464,90.73569482288828,3.8147138964577656,86.92098092643052
E00050675,348,55,27,28,293,7,286,15.804597701149426,7.758620689655173,8.045977011494253,84.19540229885058,2.0114942528735633,82.18390804597702
E00050676,416,77,42,35,339,22,317,18.509615384615387,10.096153846153847,8.413461538461538,81.49038461538461,5.288461538461538,76.20192307692307
E00050677,435,72,40,32,363,16,347,16.551724137931036,9.195402298850574,7.35632183908046,83.44827586206897,3.67816091954023,79.77011494252874
E00050678,484,58,36,22,426,10,416,11.983471074380166,7.43801652892562,4.545454545454546,88.01652892561982,2.066115702479339,85.9504132231405
E00050679,392,83,34,49,309,10,299,21.1734693877551,8.673469387755102,12.5,78.8265306122449,2.5510204081632653,76.27551020408163
E00050680,362,88,42,46,274,11,263,24.30939226519337,11.602209944751381,12.70718232044199,75.69060773480662,3.0386740331491713,72.65193370165746
E00050681,404,59,34,25,345,20,325,14.603960396039604,8.415841584158416,6.188118811881188,85.39603960396039,4.9504950495049505,80.44554455445545
E00050682,418,81,43,38,337,10,327,19.37799043062201,10.287081339712918,9.090909090909092,80.622009569378,2.3923444976076556,78.22966507177034
E00050683,548,60,26,34,488,22,466,10.948905109489052,4.744525547445255,6.204379562043796,89.05109489051095,4.014598540145985,85.03649635036497
E00050684,386,60,23,37,326,12,314,15.544041450777202,5.958549222797927,9.585492227979273,84.4559585492228,3.1088082901554404,81.34715025906736
E00050685,443,65,35,30,378,16,362,14.672686230248308,7.900677200902935,6.772009029345373,85.32731376975168,3.611738148984198,81.7155756207675
E00050686,435,66,27,39,369,24,345,15.172413793103448,6.206896551724138,8.96551724137931,84.82758620689656,5.517241379310345,79.3103448275862
E00050687,571,82,37,45,489,17,472,14.36077057793345,6.47985989492119,7.880910683012258,85.63922942206655,2.9772329246935203,82.66199649737302
E00050688,473,47,22,25,426,23,403,9.936575052854122,4.651162790697675,5.2854122621564485,90.06342494714588,4.862579281183932,85.20084566596195
E00050689,219,45,21,24,174,9,165,20.54794520547945,9.58904109589041,10.95890410958904,79.45205479452055,4.10958904109589,75.34246575342466
E00050690,441,77,46,31,364,20,344,17.46031746031746,10.430839002267573,7.029478458049887,82.53968253968253,4.535147392290249,78.00453514739229
E00050691,206,45,14,31,161,15,146,21.844660194174757,6.796116504854369,15.048543689320388,78.15533980582524,7.281553398058252,70.87378640776699
E00050692,367,70,31,39,297,17,280,19.07356948228883,8.446866485013624,10.626702997275205,80.92643051771117,4.632152588555858,76.29427792915531
E00050693,326,42,25,17,284,22,262,12.883435582822086,7.668711656441718,5.214723926380368,87.11656441717791,6.748466257668712,80.3680981595092
E00050694,248,40,14,26,208,10,198,16.129032258064516,5.64516129032258,10.483870967741936,83.87096774193549,4.032258064516129,79.83870967741935
E00050695,335,60,25,35,275,24,251,17.91044776119403,7.462686567164178,10.44776119402985,82.08955223880598,7.164179104477612,74.92537313432835
E00050696,319,51,21,30,268,19,249,15.987460815047022,6.583072100313479,9.404388714733543,84.01253918495298,5.956112852664576,78.0564263322884
E00050697,363,68,28,40,295,23,272,18.732782369146005,7.7134986225895315,11.019283746556475,81.26721763085399,6.336088154269973,74.93112947658402
E00050698,289,54,22,32,235,10,225,18.685121107266436,7.612456747404845,11.072664359861593,81.31487889273356,3.4602076124567476,77.85467128027682
E00050699,294,57,23,34,237,22,215,19.387755102040817,7.8231292517006805,11.564625850340136,80.61224489795919,7.482993197278912,73.12925170068027
E00050700,310,68,31,37,242,18,224,21.935483870967744,10,11.935483870967742,78.06451612903226,5.806451612903226,72.25806451612902
E00050701,309,60,24,36,249,18,231,19.41747572815534,7.766990291262135,11.650485436893204,80.58252427184466,5.825242718446602,74.75728155339806
E00050702,304,70,30,40,234,19,215,23.026315789473685,9.868421052631579,13.157894736842104,76.97368421052632,6.25,70.72368421052632
E00050703,313,51,26,25,262,12,250,16.293929712460063,8.30670926517572,7.987220447284344,83.70607028753993,3.8338658146964857,79.87220447284345
E00050704,279,49,27,22,230,21,209,17.562724014336915,9.67741935483871,7.885304659498208,82.43727598566308,7.526881720430108,74.91039426523297
E00050705,313,43,20,23,270,14,256,13.738019169329075,6.3897763578274756,7.348242811501597,86.26198083067092,4.472843450479233,81.78913738019169
E00050706,363,105,61,44,258,21,237,28.92561983471074,16.804407713498623,12.121212121212121,71.07438016528926,5.785123966942149,65.28925619834712
E00050707,304,61,30,31,243,22,221,20.065789473684212,9.868421052631579,10.197368421052632,79.93421052631578,7.236842105263158,72.69736842105263
E00050708,334,43,14,29,291,25,266,12.874251497005988,4.191616766467066,8.682634730538922,87.12574850299401,7.48502994011976,79.64071856287424
E00050709,355,51,22,29,304,20,284,14.366197183098592,6.197183098591549,8.169014084507042,85.63380281690141,5.633802816901409,80
E00050710,341,77,39,38,264,19,245,22.58064516129032,11.436950146627565,11.143695014662756,77.41935483870968,5.571847507331378,71.8475073313783
E00050711,355,69,28,41,286,29,257,19.43661971830986,7.887323943661972,11.549295774647888,80.56338028169014,8.169014084507042,72.3943661971831
E00050712,349,81,42,39,268,21,247,23.20916905444126,12.034383954154727,11.174785100286533,76.79083094555874,6.017191977077363,70.77363896848138
E00050713,358,82,46,36,276,25,251,22.905027932960895,12.849162011173185,10.05586592178771,77.09497206703911,6.983240223463687,70.11173184357543
E00050714,310,58,26,32,252,20,232,18.70967741935484,8.38709677419355,10.32258064516129,81.29032258064515,6.451612903225806,74.83870967741936
E00050715,335,38,14,24,297,17,280,11.343283582089553,4.179104477611941,7.164179104477612,88.65671641791046,5.074626865671641,83.5820895522388
E00050716,350,55,15,40,295,19,276,15.714285714285714,4.285714285714286,11.428571428571429,84.28571428571429,5.428571428571429,78.85714285714286
E00050717,320,67,38,29,253,17,236,20.9375,11.875,9.0625,79.0625,5.3125,73.75
E00050718,302,58,23,35,244,17,227,19.205298013245034,7.6158940397351,11.589403973509933,80.79470198675497,5.629139072847682,75.16556291390728
E00050719,346,33,16,17,313,15,298,9.53757225433526,4.624277456647398,4.913294797687861,90.46242774566474,4.335260115606936,86.1271676300578
E00050720,388,52,17,35,336,20,316,13.402061855670103,4.381443298969072,9.02061855670103,86.5979381443299,5.154639175257731,81.44329896907216
E00050721,246,55,18,37,191,20,171,22.35772357723577,7.317073170731707,15.040650406504067,77.64227642276423,8.130081300813007,69.51219512195121
E00050722,253,60,18,42,193,11,182,23.715415019762844,7.114624505928854,16.600790513833992,76.28458498023716,4.3478260869565215,71.93675889328063
E00050723,325,45,11,34,280,25,255,13.846153846153847,3.3846153846153846,10.461538461538462,86.15384615384616,7.6923076923076925,78.46153846153847
E00050724,299,52,18,34,247,21,226,17.391304347826086,6.0200668896321075,11.37123745819398,82.6086956521739,7.023411371237458,75.58528428093646
E00050725,327,39,11,28,288,17,271,11.926605504587156,3.3639143730886847,8.56269113149847,88.07339449541286,5.198776758409786,82.87461773700305
E00050726,263,52,21,31,211,26,185,19.771863117870723,7.984790874524715,11.787072243346007,80.22813688212928,9.885931558935361,70.34220532319392
E00050727,253,58,26,32,195,21,174,22.92490118577075,10.276679841897234,12.648221343873518,77.07509881422925,8.300395256916996,68.77470355731225
E00050728,329,53,18,35,276,21,255,16.109422492401215,5.47112462006079,10.638297872340425,83.89057750759878,6.382978723404255,77.50759878419453
E00050729,416,82,41,41,334,20,314,19.71153846153846,9.85576923076923,9.85576923076923,80.28846153846155,4.807692307692308,75.48076923076923
E00050730,215,63,34,29,152,12,140,29.30232558139535,15.813953488372093,13.488372093023257,70.69767441860465,5.5813953488372094,65.11627906976744
E00050731,242,50,22,28,192,20,172,20.66115702479339,9.090909090909092,11.570247933884298,79.33884297520662,8.264462809917356,71.07438016528926
E00050732,295,61,33,28,234,19,215,20.677966101694913,11.186440677966102,9.491525423728813,79.3220338983051,6.440677966101695,72.88135593220339
E00050733,386,53,28,25,333,27,306,13.730569948186528,7.253886010362693,6.476683937823833,86.26943005181347,6.994818652849741,79.27461139896373
E00050734,325,69,36,33,256,17,239,21.23076923076923,11.076923076923077,10.153846153846153,78.76923076923077,5.230769230769231,73.53846153846155
E00050735,306,52,19,33,254,15,239,16.99346405228758,6.209150326797386,10.784313725490197,83.00653594771242,4.901960784313726,78.10457516339869
E00050736,597,77,37,40,520,28,492,12.897822445561138,6.197654941373535,6.700167504187604,87.10217755443887,4.690117252931323,82.41206030150754
E00050737,287,28,16,12,259,15,244,9.75609756097561,5.574912891986063,4.181184668989547,90.2439024390244,5.2264808362369335,85.01742160278745
E00050738,225,48,24,24,177,17,160,21.333333333333336,10.666666666666668,10.666666666666668,78.66666666666666,7.555555555555555,71.11111111111111
E00050739,418,95,48,47,323,14,309,22.727272727272727,11.483253588516746,11.24401913875598,77.27272727272727,3.349282296650718,73.92344497607655
E00050740,261,41,22,19,220,10,210,15.708812260536398,8.42911877394636,7.2796934865900385,84.2911877394636,3.8314176245210727,80.45977011494253
E00050741,311,59,21,38,252,16,236,18.971061093247588,6.752411575562702,12.218649517684888,81.02893890675242,5.144694533762058,75.88424437299035
E00050742,262,42,18,24,220,18,202,16.030534351145036,6.870229007633588,9.16030534351145,83.96946564885496,6.870229007633588,77.09923664122137
E00050743,364,52,22,30,312,22,290,14.285714285714285,6.043956043956044,8.241758241758241,85.71428571428571,6.043956043956044,79.67032967032966
E00050744,620,111,57,54,509,33,476,17.903225806451616,9.193548387096774,8.709677419354838,82.09677419354838,5.32258064516129,76.77419354838709
E00050745,315,80,33,47,235,9,226,25.396825396825395,10.476190476190476,14.920634920634921,74.60317460317461,2.857142857142857,71.74603174603175
E00050746,282,73,34,39,209,9,200,25.886524822695034,12.056737588652481,13.829787234042554,74.11347517730496,3.1914893617021276,70.92198581560284
E00050747,390,79,33,46,311,11,300,20.256410256410255,8.461538461538462,11.794871794871794,79.74358974358975,2.8205128205128207,76.92307692307693
E00050748,363,77,33,44,286,11,275,21.21212121212121,9.090909090909092,12.121212121212121,78.78787878787878,3.0303030303030303,75.75757575757575
E00050750,377,87,34,53,290,15,275,23.076923076923077,9.018567639257293,14.058355437665782,76.92307692307693,3.978779840848806,72.94429708222812
E00050751,275,58,32,26,217,13,204,21.09090909090909,11.636363636363637,9.454545454545455,78.9090909090909,4.7272727272727275,74.18181818181819
E00050752,368,57,23,34,311,22,289,15.489130434782608,6.25,9.239130434782608,84.51086956521739,5.978260869565218,78.53260869565217
E00050753,420,93,54,39,327,13,314,22.142857142857142,12.857142857142856,9.285714285714286,77.85714285714286,3.0952380952380953,74.76190476190476
E00050754,277,57,34,23,220,16,204,20.577617328519857,12.274368231046932,8.303249097472925,79.42238267148014,5.776173285198556,73.6462093862816
E00050755,299,63,23,40,236,10,226,21.070234113712374,7.6923076923076925,13.377926421404682,78.92976588628763,3.3444816053511706,75.58528428093646
E00050757,333,81,37,44,252,13,239,24.324324324324326,11.11111111111111,13.213213213213212,75.67567567567568,3.903903903903904,71.77177177177178
E00050758,387,57,25,32,330,16,314,14.728682170542637,6.459948320413436,8.2687338501292,85.27131782945736,4.1343669250646,81.13695090439276
E00050759,285,59,36,23,226,16,210,20.701754385964914,12.631578947368421,8.070175438596491,79.2982456140351,5.614035087719298,73.68421052631578
E00050760,206,63,39,24,143,10,133,30.582524271844658,18.932038834951456,11.650485436893204,69.41747572815534,4.854368932038835,64.56310679611651
E00050761,238,87,64,23,151,12,139,36.554621848739494,26.89075630252101,9.663865546218489,63.4453781512605,5.042016806722689,58.40336134453782
E00050762,299,62,29,33,237,10,227,20.735785953177256,9.698996655518394,11.036789297658862,79.26421404682274,3.3444816053511706,75.91973244147158
E00050763,265,73,39,34,192,8,184,27.547169811320753,14.716981132075471,12.830188679245284,72.45283018867924,3.018867924528302,69.43396226415094
E00050764,313,78,37,41,235,22,213,24.920127795527154,11.821086261980831,13.099041533546327,75.07987220447284,7.0287539936102235,68.05111821086261
E00050765,357,74,39,35,283,19,264,20.72829131652661,10.92436974789916,9.803921568627452,79.27170868347339,5.322128851540616,73.94957983193278
E00050766,470,90,60,30,380,14,366,19.148936170212767,12.76595744680851,6.382978723404255,80.85106382978722,2.9787234042553195,77.87234042553192
E00050767,344,59,24,35,285,14,271,17.151162790697676,6.976744186046512,10.174418604651162,82.84883720930233,4.069767441860465,78.77906976744185
E00050768,406,83,41,42,323,12,311,20.44334975369458,10.098522167487685,10.344827586206897,79.55665024630541,2.955665024630542,76.60098522167488
E00050769,476,67,35,32,409,16,393,14.07563025210084,7.352941176470589,6.722689075630252,85.92436974789915,3.361344537815126,82.56302521008404
E00050770,232,52,28,24,180,11,169,22.413793103448278,12.068965517241379,10.344827586206897,77.58620689655173,4.741379310344827,72.84482758620689
E00050771,307,44,19,25,263,23,240,14.332247557003258,6.188925081433225,8.143322475570033,85.66775244299674,7.491856677524431,78.17589576547232
E00050772,223,62,25,37,161,9,152,27.802690582959645,11.210762331838566,16.591928251121075,72.19730941704036,4.0358744394618835,68.16143497757847
E00050773,362,76,34,42,286,25,261,20.994475138121548,9.392265193370166,11.602209944751381,79.00552486187846,6.906077348066299,72.09944751381215
E00050774,374,55,26,29,319,17,302,14.705882352941178,6.951871657754011,7.754010695187167,85.29411764705883,4.545454545454546,80.74866310160428
E00050775,540,94,35,59,446,26,420,17.40740740740741,6.481481481481481,10.925925925925926,82.5925925925926,4.814814814814815,77.77777777777779
E00050776,318,59,24,35,259,19,240,18.553459119496853,7.547169811320755,11.0062893081761,81.44654088050315,5.9748427672955975,75.47169811320755
E00050777,313,54,31,23,259,22,237,17.252396166134183,9.904153354632587,7.348242811501597,82.74760383386581,7.0287539936102235,75.71884984025559
E00050778,327,84,42,42,243,17,226,25.688073394495415,12.844036697247708,12.844036697247708,74.31192660550458,5.198776758409786,69.1131498470948
E00050779,371,78,31,47,293,30,263,21.024258760107816,8.355795148247978,12.668463611859837,78.97574123989219,8.086253369272237,70.88948787061994
E00050780,431,80,35,45,351,34,317,18.561484918793504,8.120649651972158,10.440835266821345,81.4385150812065,7.888631090487238,73.54988399071925
E00050781,270,68,25,43,202,11,191,25.185185185185183,9.25925925925926,15.925925925925927,74.81481481481481,4.074074074074074,70.74074074074073
E00050782,247,65,37,28,182,21,161,26.31578947368421,14.979757085020243,11.336032388663968,73.68421052631578,8.502024291497975,65.18218623481782
E00050783,408,101,45,56,307,29,278,24.754901960784316,11.029411764705882,13.725490196078432,75.24509803921569,7.107843137254902,68.13725490196079
E00050785,340,69,37,32,271,26,245,20.294117647058822,10.882352941176471,9.411764705882353,79.70588235294119,7.647058823529412,72.05882352941177
E00050786,318,89,41,48,229,16,213,27.9874213836478,12.89308176100629,15.09433962264151,72.0125786163522,5.031446540880504,66.98113207547169
E00050787,295,36,12,24,259,29,230,12.203389830508476,4.067796610169491,8.135593220338983,87.79661016949153,9.830508474576272,77.96610169491525
E00050788,270,68,35,33,202,24,178,25.185185185185183,12.962962962962962,12.222222222222221,74.81481481481481,8.88888888888889,65.92592592592592
E00050789,253,57,21,36,196,24,172,22.529644268774703,8.300395256916996,14.229249011857709,77.4703557312253,9.486166007905137,67.98418972332016
E00050790,319,48,29,19,271,16,255,15.047021943573668,9.090909090909092,5.956112852664576,84.95297805642633,5.015673981191222,79.9373040752351
E00050791,309,75,37,38,234,23,211,24.271844660194176,11.974110032362459,12.297734627831716,75.72815533980582,7.443365695792881,68.28478964401295
E00050792,272,58,27,31,214,16,198,21.323529411764707,9.926470588235293,11.397058823529411,78.67647058823529,5.88235294117647,72.79411764705883
E00050793,342,85,43,42,257,21,236,24.853801169590643,12.573099415204677,12.280701754385964,75.14619883040936,6.140350877192982,69.00584795321637
E00050794,480,89,44,45,391,29,362,18.541666666666668,9.166666666666666,9.375,81.45833333333333,6.041666666666667,75.41666666666667
E00050795,305,45,19,26,260,30,230,14.754098360655737,6.229508196721312,8.524590163934425,85.24590163934425,9.836065573770492,75.40983606557377
E00050796,307,77,33,44,230,10,220,25.0814332247557,10.749185667752444,14.332247557003258,74.9185667752443,3.257328990228013,71.66123778501628
E00050797,357,72,35,37,285,23,262,20.168067226890756,9.803921568627452,10.364145658263306,79.83193277310924,6.442577030812324,73.38935574229691
E00050798,282,54,27,27,228,13,215,19.148936170212767,9.574468085106384,9.574468085106384,80.85106382978722,4.609929078014184,76.24113475177306
E00050799,274,78,41,37,196,7,189,28.467153284671532,14.963503649635038,13.503649635036496,71.53284671532847,2.5547445255474455,68.97810218978103
E00050800,313,59,26,33,254,18,236,18.849840255591054,8.30670926517572,10.543130990415335,81.15015974440894,5.7507987220447285,75.39936102236422
E00050801,278,52,21,31,226,19,207,18.705035971223023,7.553956834532374,11.151079136690647,81.29496402877699,6.83453237410072,74.46043165467626
E00050802,272,45,16,29,227,14,213,16.544117647058822,5.88235294117647,10.661764705882353,83.45588235294117,5.147058823529411,78.30882352941177
E00050803,273,57,26,31,216,11,205,20.87912087912088,9.523809523809524,11.355311355311356,79.12087912087912,4.029304029304029,75.0915750915751
E00050804,272,61,31,30,211,12,199,22.426470588235293,11.397058823529411,11.029411764705882,77.57352941176471,4.411764705882353,73.16176470588235
E00050805,338,50,17,33,288,21,267,14.792899408284024,5.029585798816568,9.763313609467456,85.20710059171599,6.21301775147929,78.99408284023669
E00050806,210,47,20,27,163,16,147,22.380952380952383,9.523809523809524,12.857142857142856,77.61904761904762,7.6190476190476195,70
E00050807,389,95,38,57,294,27,267,24.42159383033419,9.768637532133676,14.652956298200515,75.57840616966581,6.940874035989718,68.63753213367609
E00050808,293,61,26,35,232,16,216,20.819112627986346,8.873720136518772,11.945392491467576,79.18088737201366,5.460750853242321,73.72013651877133
E00050809,362,85,39,46,277,19,258,23.480662983425415,10.773480662983426,12.70718232044199,76.51933701657458,5.248618784530387,71.27071823204419
E00050810,328,39,15,24,289,20,269,11.890243902439025,4.573170731707317,7.317073170731707,88.10975609756098,6.097560975609756,82.01219512195121
E00050811,269,49,17,32,220,11,209,18.21561338289963,6.319702602230483,11.895910780669144,81.78438661710037,4.089219330855019,77.69516728624535
E00050812,399,63,31,32,336,8,328,15.789473684210526,7.769423558897243,8.020050125313283,84.21052631578947,2.0050125313283207,82.20551378446115
E00050813,410,64,31,33,346,9,337,15.609756097560975,7.560975609756097,8.048780487804878,84.39024390243902,2.195121951219512,82.1951219512195
E00050814,407,64,31,33,343,6,337,15.724815724815725,7.616707616707617,8.108108108108109,84.27518427518427,1.4742014742014742,82.80098280098281
E00050816,346,40,15,25,306,17,289,11.560693641618498,4.335260115606936,7.225433526011561,88.4393063583815,4.913294797687861,83.52601156069365
E00050817,432,53,24,29,379,15,364,12.268518518518519,5.555555555555555,6.712962962962964,87.73148148148148,3.4722222222222223,84.25925925925925
E00050818,436,58,30,28,378,23,355,13.302752293577983,6.8807339449541285,6.422018348623854,86.69724770642202,5.275229357798166,81.42201834862385
E00050819,269,53,23,30,216,10,206,19.702602230483272,8.550185873605948,11.152416356877323,80.29739776951673,3.717472118959108,76.57992565055763
E00050820,451,72,36,36,379,8,371,15.96452328159645,7.982261640798225,7.982261640798225,84.03547671840354,1.7738359201773837,82.26164079822617
E00050821,373,58,26,32,315,9,306,15.549597855227882,6.970509383378016,8.579088471849866,84.45040214477211,2.4128686327077746,82.03753351206434
E00050822,419,79,39,40,340,13,327,18.85441527446301,9.307875894988067,9.54653937947494,81.14558472553699,3.1026252983293556,78.04295942720763
E00050823,375,64,39,25,311,16,295,17.066666666666666,10.4,6.666666666666667,82.93333333333334,4.266666666666667,78.66666666666666
E00050824,325,68,38,30,257,10,247,20.923076923076923,11.692307692307692,9.230769230769232,79.07692307692308,3.076923076923077,76
E00050825,559,71,26,45,488,16,472,12.701252236135957,4.651162790697675,8.050089445438283,87.29874776386404,2.862254025044723,84.43649373881932
E00050826,374,49,24,25,325,10,315,13.101604278074866,6.417112299465241,6.684491978609626,86.89839572192514,2.6737967914438503,84.22459893048129
E00050827,322,53,29,24,269,8,261,16.459627329192546,9.006211180124224,7.453416149068323,83.54037267080744,2.484472049689441,81.05590062111801
E00050829,374,52,29,23,322,6,316,13.903743315508022,7.754010695187167,6.149732620320856,86.09625668449198,1.6042780748663104,84.49197860962568
E00050830,422,73,37,36,349,8,341,17.298578199052134,8.767772511848342,8.530805687203792,82.70142180094787,1.8957345971563981,80.80568720379146
E00050832,436,80,44,36,356,13,343,18.34862385321101,10.091743119266056,8.256880733944955,81.65137614678899,2.981651376146789,78.6697247706422
E00050833,436,24,14,10,412,9,403,5.5045871559633035,3.211009174311927,2.293577981651376,94.4954128440367,2.064220183486239,92.43119266055045
E00050835,619,71,33,38,548,23,525,11.470113085621971,5.3311793214862675,6.138933764135703,88.52988691437803,3.715670436187399,84.81421647819063
E00050836,430,48,20,28,382,10,372,11.162790697674419,4.651162790697675,6.511627906976744,88.83720930232558,2.3255813953488373,86.51162790697674
E00050837,470,49,20,29,421,19,402,10.425531914893616,4.25531914893617,6.170212765957447,89.57446808510639,4.042553191489362,85.53191489361703
E00050838,484,45,25,20,439,19,420,9.297520661157025,5.1652892561983474,4.132231404958678,90.70247933884298,3.925619834710744,86.77685950413223
E00050839,509,58,26,32,451,6,445,11.394891944990176,5.1080550098231825,6.286836935166994,88.60510805500982,1.1787819253438114,87.42632612966601
E00050840,461,74,44,30,387,13,374,16.052060737527114,9.544468546637743,6.507592190889371,83.94793926247289,2.8199566160520604,81.12798264642083
E00050841,476,57,29,28,419,18,401,11.974789915966387,6.092436974789916,5.88235294117647,88.02521008403362,3.7815126050420167,84.24369747899159
E00050842,424,40,17,23,384,10,374,9.433962264150944,4.009433962264151,5.4245283018867925,90.56603773584906,2.358490566037736,88.20754716981132
E00050843,515,70,30,40,445,11,434,13.592233009708737,5.825242718446602,7.766990291262135,86.40776699029125,2.1359223300970873,84.27184466019418
E00050844,536,98,43,55,438,14,424,18.28358208955224,8.022388059701493,10.261194029850747,81.71641791044776,2.6119402985074625,79.1044776119403
E00050845,472,51,34,17,421,17,404,10.805084745762713,7.203389830508475,3.6016949152542375,89.19491525423729,3.6016949152542375,85.59322033898306
E00050846,526,59,32,27,467,16,451,11.216730038022813,6.083650190114068,5.133079847908745,88.78326996197718,3.041825095057034,85.74144486692015
E00050847,279,49,18,31,230,18,212,17.562724014336915,6.451612903225806,11.11111111111111,82.43727598566308,6.451612903225806,75.98566308243727
E00050848,322,65,25,40,257,17,240,20.18633540372671,7.763975155279502,12.422360248447205,79.8136645962733,5.279503105590062,74.53416149068323
E00050849,349,120,80,40,229,9,220,34.38395415472779,22.922636103151863,11.461318051575931,65.61604584527221,2.5787965616045847,63.03724928366762
E00050850,426,44,15,29,382,21,361,10.328638497652582,3.5211267605633805,6.807511737089202,89.67136150234741,4.929577464788732,84.74178403755869
E00050851,325,55,29,26,270,17,253,16.923076923076923,8.923076923076923,8,83.07692307692308,5.230769230769231,77.84615384615384
E00050852,445,102,65,37,343,20,323,22.92134831460674,14.606741573033707,8.314606741573034,77.07865168539327,4.49438202247191,72.58426966292136
E00050853,405,97,55,42,308,14,294,23.950617283950617,13.580246913580247,10.37037037037037,76.04938271604938,3.45679012345679,72.5925925925926
E00050854,398,39,25,14,359,14,345,9.798994974874372,6.281407035175879,3.5175879396984926,90.20100502512562,3.5175879396984926,86.68341708542714
E00050855,345,81,48,33,264,11,253,23.47826086956522,13.91304347826087,9.565217391304348,76.52173913043478,3.1884057971014492,73.33333333333333
E00050856,399,40,16,24,359,8,351,10.025062656641603,4.010025062656641,6.015037593984962,89.97493734335839,2.0050125313283207,87.96992481203007
E00050858,511,43,17,26,468,20,448,8.414872798434441,3.326810176125244,5.088062622309197,91.58512720156556,3.9138943248532287,87.67123287671232
E00050859,609,62,37,25,547,11,536,10.180623973727423,6.075533661740558,4.105090311986864,89.81937602627258,1.8062397372742198,88.01313628899837
E00050860,204,47,23,24,157,11,146,23.03921568627451,11.27450980392157,11.76470588235294,76.9607843137255,5.392156862745098,71.56862745098039
E00050861,393,34,24,10,359,9,350,8.651399491094146,6.106870229007633,2.5445292620865136,91.34860050890585,2.2900763358778624,89.05852417302799
E00050862,365,52,22,30,313,22,291,14.246575342465754,6.027397260273973,8.21917808219178,85.75342465753425,6.027397260273973,79.72602739726027
E00050863,524,68,29,39,456,19,437,12.977099236641221,5.534351145038168,7.442748091603053,87.02290076335878,3.6259541984732824,83.3969465648855
E00050864,335,61,28,33,274,11,263,18.208955223880597,8.358208955223882,9.850746268656717,81.7910447761194,3.2835820895522385,78.50746268656717
E00050865,342,36,14,22,306,13,293,10.526315789473683,4.093567251461988,6.432748538011696,89.47368421052632,3.8011695906432745,85.67251461988305
E00050866,231,64,33,31,167,11,156,27.705627705627705,14.285714285714285,13.41991341991342,72.2943722943723,4.761904761904762,67.53246753246754
E00050867,476,68,41,27,408,12,396,14.285714285714285,8.61344537815126,5.6722689075630255,85.71428571428571,2.5210084033613445,83.19327731092437
E00050869,390,53,32,21,337,16,321,13.58974358974359,8.205128205128204,5.384615384615385,86.41025641025641,4.102564102564102,82.3076923076923
E00050870,375,74,27,47,301,11,290,19.733333333333334,7.199999999999999,12.533333333333333,80.26666666666667,2.933333333333333,77.33333333333333
E00050871,275,56,27,29,219,9,210,20.363636363636363,9.818181818181818,10.545454545454545,79.63636363636364,3.272727272727273,76.36363636363637
E00050873,317,82,42,40,235,15,220,25.86750788643533,13.249211356466878,12.618296529968454,74.13249211356468,4.73186119873817,69.4006309148265
E00050874,419,49,25,24,370,8,362,11.694510739856803,5.966587112171838,5.727923627684964,88.3054892601432,1.9093078758949882,86.39618138424821
E00050875,419,46,28,18,373,8,365,10.978520286396181,6.682577565632458,4.295942720763723,89.02147971360382,1.9093078758949882,87.11217183770883
E00050876,621,98,39,59,523,10,513,15.780998389694043,6.280193236714976,9.500805152979067,84.21900161030595,1.610305958132045,82.6086956521739
E00050877,412,60,32,28,352,16,336,14.563106796116504,7.766990291262135,6.796116504854369,85.43689320388349,3.8834951456310676,81.55339805825243
E00050878,255,56,26,30,199,16,183,21.96078431372549,10.196078431372548,11.76470588235294,78.03921568627452,6.2745098039215685,71.76470588235294
E00050879,218,44,22,22,174,9,165,20.18348623853211,10.091743119266056,10.091743119266056,79.81651376146789,4.128440366972478,75.68807339449542
E00050880,323,22,12,10,301,7,294,6.811145510835913,3.7151702786377707,3.0959752321981426,93.18885448916409,2.1671826625387,91.02167182662538
E00050881,469,54,30,24,415,9,406,11.513859275053305,6.396588486140725,5.11727078891258,88.4861407249467,1.9189765458422177,86.56716417910447
E00050882,548,47,19,28,501,11,490,8.576642335766424,3.4671532846715327,5.109489051094891,91.42335766423358,2.0072992700729926,89.41605839416059
E00050883,488,54,32,22,434,12,422,11.065573770491802,6.557377049180328,4.508196721311475,88.9344262295082,2.459016393442623,86.47540983606558
E00050884,364,88,40,48,276,10,266,24.175824175824175,10.989010989010989,13.186813186813188,75.82417582417582,2.7472527472527473,73.07692307692307
E00050885,521,79,40,39,442,20,422,15.163147792706333,7.677543186180421,7.485604606525912,84.83685220729367,3.8387715930902107,80.99808061420346
E00050886,518,50,25,25,468,9,459,9.652509652509652,4.826254826254826,4.826254826254826,90.34749034749035,1.7374517374517375,88.61003861003861
E00050887,437,71,16,55,366,25,341,16.247139588100687,3.6613272311212817,12.585812356979407,83.7528604118993,5.720823798627003,78.03203661327231
E00050889,528,41,21,20,487,16,471,7.765151515151516,3.977272727272727,3.787878787878788,92.23484848484848,3.0303030303030303,89.20454545454545
E00050890,469,53,28,25,416,11,405,11.300639658848615,5.970149253731343,5.330490405117271,88.69936034115139,2.345415778251599,86.35394456289978
E00050893,421,86,36,50,335,23,312,20.42755344418052,8.551068883610451,11.87648456057007,79.57244655581948,5.463182897862233,74.10926365795724
E00050895,411,52,30,22,359,20,339,12.652068126520682,7.2992700729927,5.35279805352798,87.34793187347933,4.866180048661801,82.48175182481752
E00050896,500,65,27,38,435,17,418,13,5.4,7.6,87,3.4000000000000004,83.6
E00050897,420,86,44,42,334,9,325,20.476190476190474,10.476190476190476,10,79.52380952380952,2.142857142857143,77.38095238095238
E00050899,574,51,29,22,523,20,503,8.885017421602788,5.052264808362369,3.8327526132404177,91.1149825783972,3.484320557491289,87.63066202090593
E00050900,411,58,32,26,353,14,339,14.111922141119221,7.785888077858881,6.326034063260341,85.88807785888078,3.40632603406326,82.48175182481752
E00050901,607,80,29,51,527,16,511,13.179571663920923,4.7775947281713345,8.40197693574959,86.82042833607908,2.6359143327841847,84.1845140032949
E00050902,333,50,25,25,283,10,273,15.015015015015015,7.5075075075075075,7.5075075075075075,84.98498498498499,3.003003003003003,81.98198198198197
E00050903,326,104,53,51,222,19,203,31.901840490797547,16.257668711656443,15.644171779141105,68.09815950920245,5.828220858895705,62.26993865030674
E00050904,370,46,16,30,324,11,313,12.432432432432433,4.324324324324325,8.108108108108109,87.56756756756758,2.9729729729729732,84.5945945945946
E00050905,345,61,30,31,284,9,275,17.681159420289855,8.695652173913043,8.985507246376812,82.31884057971014,2.608695652173913,79.71014492753623
E00050906,383,52,21,31,331,16,315,13.577023498694519,5.483028720626632,8.093994778067886,86.42297650130548,4.177545691906006,82.24543080939948
E00050907,298,66,40,26,232,14,218,22.14765100671141,13.422818791946309,8.724832214765101,77.85234899328859,4.697986577181208,73.15436241610739
E00050910,375,45,24,21,330,11,319,12,6.4,5.6000000000000005,88,2.933333333333333,85.06666666666666
E00050911,362,38,18,20,324,20,304,10.497237569060774,4.972375690607735,5.524861878453039,89.50276243093923,5.524861878453039,83.97790055248619
E00050912,291,72,41,31,219,13,206,24.742268041237114,14.0893470790378,10.652920962199312,75.25773195876289,4.4673539518900345,70.79037800687286
E00050913,524,73,35,38,451,10,441,13.931297709923665,6.679389312977099,7.251908396946565,86.06870229007633,1.9083969465648856,84.16030534351145
E00050914,543,130,50,80,413,29,384,23.941068139963168,9.208103130755065,14.732965009208105,76.05893186003682,5.3406998158379375,70.71823204419888
E00050915,302,73,37,36,229,10,219,24.17218543046358,12.251655629139073,11.920529801324504,75.82781456953643,3.3112582781456954,72.51655629139073
E00050916,411,60,30,30,351,14,337,14.5985401459854,7.2992700729927,7.2992700729927,85.40145985401459,3.40632603406326,81.99513381995133
E00050917,323,55,27,28,268,13,255,17.027863777089784,8.359133126934983,8.6687306501548,82.97213622291022,4.024767801857585,78.94736842105263
E00050918,405,63,31,32,342,10,332,15.555555555555555,7.654320987654321,7.901234567901234,84.44444444444444,2.4691358024691357,81.9753086419753
E00050919,340,66,31,35,274,23,251,19.411764705882355,9.117647058823529,10.294117647058822,80.58823529411765,6.764705882352941,73.82352941176471
E00050920,194,46,28,18,148,10,138,23.711340206185564,14.432989690721648,9.278350515463918,76.28865979381443,5.154639175257731,71.1340206185567
E00050921,176,73,45,28,103,14,89,41.47727272727273,25.568181818181817,15.909090909090908,58.52272727272727,7.954545454545454,50.56818181818182
E00050922,319,58,25,33,261,19,242,18.181818181818183,7.836990595611286,10.344827586206897,81.81818181818183,5.956112852664576,75.86206896551724
E00050923,447,45,29,16,402,25,377,10.06711409395973,6.487695749440715,3.5794183445190155,89.93288590604027,5.592841163310962,84.3400447427293
E00050924,293,59,24,35,234,9,225,20.13651877133106,8.19112627986348,11.945392491467576,79.86348122866895,3.0716723549488054,76.79180887372013
E00050925,282,49,38,11,233,6,227,17.375886524822697,13.47517730496454,3.900709219858156,82.62411347517731,2.127659574468085,80.49645390070921
E00050926,344,64,34,30,280,7,273,18.6046511627907,9.883720930232558,8.720930232558139,81.3953488372093,2.0348837209302326,79.36046511627907
E00050927,496,66,26,40,430,32,398,13.306451612903224,5.241935483870968,8.064516129032258,86.69354838709677,6.451612903225806,80.24193548387096
E00050928,322,54,22,32,268,8,260,16.77018633540373,6.832298136645963,9.937888198757763,83.22981366459628,2.484472049689441,80.74534161490683
E00050929,268,43,24,19,225,11,214,16.044776119402986,8.955223880597014,7.08955223880597,83.95522388059702,4.104477611940299,79.8507462686567
E00050930,387,56,22,34,331,23,308,14.470284237726098,5.684754521963824,8.785529715762273,85.52971576227391,5.943152454780361,79.58656330749353
E00050932,462,65,16,49,397,25,372,14.06926406926407,3.463203463203463,10.606060606060606,85.93073593073593,5.411255411255411,80.51948051948052
E00050933,318,45,17,28,273,8,265,14.150943396226415,5.345911949685535,8.80503144654088,85.84905660377359,2.515723270440252,83.33333333333334
E00050934,543,89,41,48,454,22,432,16.390423572744016,7.550644567219153,8.83977900552486,83.60957642725599,4.051565377532229,79.55801104972376
E00050935,312,36,19,17,276,12,264,11.538461538461538,6.089743589743589,5.448717948717949,88.46153846153845,3.8461538461538463,84.61538461538461
E00050936,305,78,38,40,227,16,211,25.573770491803277,12.459016393442624,13.114754098360656,74.42622950819671,5.245901639344262,69.18032786885246
E00050937,338,50,27,23,288,9,279,14.792899408284024,7.988165680473373,6.8047337278106506,85.20710059171599,2.6627218934911245,82.54437869822485
E00050938,339,43,19,24,296,21,275,12.684365781710916,5.604719764011799,7.079646017699115,87.31563421828909,6.1946902654867255,81.12094395280236
E00050939,382,48,25,23,334,14,320,12.56544502617801,6.544502617801047,6.020942408376963,87.43455497382199,3.664921465968586,83.7696335078534
E00050941,475,116,52,64,359,44,315,24.421052631578945,10.947368421052632,13.473684210526315,75.57894736842105,9.263157894736842,66.3157894736842
E00050942,350,69,35,34,281,17,264,19.714285714285715,10,9.714285714285714,80.28571428571428,4.857142857142857,75.42857142857143
E00050943,397,85,45,40,312,20,292,21.41057934508816,11.335012594458437,10.075566750629724,78.58942065491183,5.037783375314862,73.55163727959699
E00050944,334,78,47,31,256,15,241,23.353293413173652,14.071856287425149,9.281437125748502,76.64670658682635,4.491017964071856,72.15568862275448
E00050945,267,81,39,42,186,9,177,30.337078651685395,14.606741573033707,15.730337078651685,69.66292134831461,3.3707865168539324,66.29213483146067
E00050946,271,60,36,24,211,15,196,22.14022140221402,13.284132841328415,8.856088560885608,77.85977859778598,5.535055350553505,72.32472324723247
E00050947,352,82,44,38,270,11,259,23.295454545454543,12.5,10.795454545454545,76.70454545454545,3.125,73.57954545454545
E00050948,227,85,53,32,142,11,131,37.44493392070485,23.348017621145374,14.096916299559473,62.55506607929515,4.845814977973569,57.70925110132159
E00050951,440,58,27,31,382,28,354,13.18181818181818,6.136363636363637,7.045454545454545,86.81818181818181,6.363636363636363,80.45454545454545
E00050952,496,80,37,43,416,22,394,16.129032258064516,7.459677419354839,8.669354838709678,83.87096774193549,4.435483870967742,79.43548387096774
E00050953,256,81,57,24,175,17,158,31.640625,22.265625,9.375,68.359375,6.640625,61.71875
E00050954,357,111,60,51,246,14,232,31.092436974789916,16.80672268907563,14.285714285714285,68.90756302521008,3.9215686274509802,64.9859943977591
E00050955,390,80,45,35,310,14,296,20.51282051282051,11.538461538461538,8.974358974358974,79.48717948717949,3.5897435897435894,75.8974358974359
E00050956,338,61,26,35,277,26,251,18.04733727810651,7.6923076923076925,10.355029585798817,81.95266272189349,7.6923076923076925,74.2603550295858
E00050957,254,56,31,25,198,10,188,22.04724409448819,12.204724409448819,9.84251968503937,77.95275590551181,3.937007874015748,74.01574803149606
E00050959,520,59,28,31,461,32,429,11.346153846153847,5.384615384615385,5.961538461538462,88.65384615384615,6.153846153846154,82.5
E00050960,331,48,20,28,283,22,261,14.501510574018129,6.042296072507553,8.459214501510575,85.49848942598187,6.646525679758309,78.85196374622356
E00050961,373,48,17,31,325,14,311,12.868632707774799,4.557640750670242,8.310991957104557,87.1313672922252,3.753351206434316,83.37801608579089
E00050962,319,46,20,26,273,17,256,14.420062695924765,6.269592476489027,8.150470219435736,85.57993730407524,5.329153605015674,80.25078369905955
E00050963,357,76,33,43,281,12,269,21.288515406162464,9.243697478991598,12.044817927170868,78.71148459383754,3.361344537815126,75.35014005602241
E00050964,367,64,36,28,303,25,278,17.43869209809264,9.809264305177113,7.629427792915531,82.56130790190736,6.811989100817439,75.74931880108991
E00050965,305,53,22,31,252,11,241,17.37704918032787,7.213114754098362,10.163934426229508,82.62295081967214,3.606557377049181,79.01639344262294
E00050966,570,85,34,51,485,27,458,14.912280701754385,5.964912280701754,8.947368421052632,85.08771929824562,4.736842105263158,80.35087719298247
E00050967,411,85,57,28,326,22,304,20.68126520681265,13.86861313868613,6.81265206812652,79.31873479318735,5.35279805352798,73.96593673965937
E00050968,404,80,47,33,324,20,304,19.801980198019802,11.633663366336634,8.16831683168317,80.19801980198021,4.9504950495049505,75.24752475247524
E00050969,382,72,34,38,310,16,294,18.848167539267017,8.900523560209423,9.947643979057592,81.15183246073299,4.18848167539267,76.96335078534031
E00050970,329,52,19,33,277,27,250,15.80547112462006,5.775075987841945,10.030395136778116,84.19452887537993,8.206686930091186,75.98784194528876
E00050971,470,77,38,39,393,26,367,16.382978723404253,8.085106382978724,8.297872340425531,83.61702127659575,5.531914893617021,78.08510638297872
E00050972,422,62,27,35,360,18,342,14.691943127962084,6.398104265402843,8.293838862559241,85.30805687203792,4.265402843601896,81.04265402843602
E00050973,346,81,42,39,265,21,244,23.410404624277454,12.138728323699421,11.271676300578035,76.58959537572254,6.069364161849711,70.52023121387283
E00050974,294,45,13,32,249,16,233,15.306122448979592,4.421768707482993,10.884353741496598,84.6938775510204,5.442176870748299,79.25170068027211
E00050975,274,62,27,35,212,20,192,22.62773722627737,9.854014598540147,12.773722627737227,77.37226277372264,7.2992700729927,70.07299270072993
E00050976,327,73,42,31,254,20,234,22.32415902140673,12.844036697247708,9.480122324159021,77.67584097859327,6.116207951070336,71.55963302752293
E00050977,348,80,25,55,268,12,256,22.988505747126435,7.183908045977011,15.804597701149426,77.01149425287356,3.4482758620689653,73.5632183908046
E00050978,281,50,23,27,231,23,208,17.793594306049823,8.185053380782918,9.608540925266903,82.20640569395017,8.185053380782918,74.02135231316726
E00050979,393,89,57,32,304,18,286,22.646310432569976,14.50381679389313,8.142493638676845,77.35368956743002,4.580152671755725,72.7735368956743
E00050980,370,54,27,27,316,24,292,14.594594594594595,7.297297297297297,7.297297297297297,85.4054054054054,6.486486486486487,78.91891891891892
E00050981,313,86,43,43,227,12,215,27.47603833865815,13.738019169329075,13.738019169329075,72.52396166134186,3.8338658146964857,68.69009584664538
E00050982,276,66,34,32,210,21,189,23.91304347826087,12.318840579710146,11.594202898550725,76.08695652173914,7.608695652173914,68.47826086956522
E00050983,235,40,21,19,195,11,184,17.02127659574468,8.936170212765958,8.085106382978724,82.97872340425532,4.680851063829787,78.29787234042553
E00050984,383,51,25,26,332,15,317,13.315926892950392,6.527415143603134,6.7885117493472595,86.68407310704961,3.91644908616188,82.76762402088774
E00050985,294,48,18,30,246,23,223,16.3265306122449,6.122448979591836,10.204081632653061,83.6734693877551,7.8231292517006805,75.85034013605441
E00050986,378,48,18,30,330,18,312,12.698412698412698,4.761904761904762,7.936507936507936,87.3015873015873,4.761904761904762,82.53968253968253
E00050987,318,63,29,34,255,16,239,19.81132075471698,9.119496855345911,10.69182389937107,80.18867924528303,5.031446540880504,75.15723270440252
E00050988,284,37,19,18,247,12,235,13.028169014084506,6.690140845070422,6.338028169014084,86.97183098591549,4.225352112676056,82.74647887323944
E00050989,302,47,25,22,255,23,232,15.562913907284766,8.27814569536424,7.28476821192053,84.43708609271523,7.6158940397351,76.82119205298014
E00050990,292,46,18,28,246,14,232,15.753424657534246,6.164383561643835,9.58904109589041,84.24657534246576,4.794520547945205,79.45205479452055
E00050991,315,60,28,32,255,17,238,19.047619047619047,8.88888888888889,10.158730158730158,80.95238095238095,5.396825396825397,75.55555555555556
E00050992,314,48,14,34,266,21,245,15.286624203821656,4.45859872611465,10.828025477707007,84.71337579617835,6.687898089171974,78.02547770700637
E00050993,264,44,12,32,220,26,194,16.666666666666664,4.545454545454546,12.121212121212121,83.33333333333334,9.848484848484848,73.48484848484848
E00050994,322,45,19,26,277,13,264,13.975155279503104,5.900621118012422,8.074534161490684,86.0248447204969,4.037267080745342,81.98757763975155
E00050995,412,79,38,41,333,26,307,19.174757281553397,9.223300970873787,9.951456310679612,80.8252427184466,6.310679611650485,74.51456310679612
E00050996,364,68,31,37,296,19,277,18.681318681318682,8.516483516483516,10.164835164835164,81.31868131868131,5.21978021978022,76.0989010989011
E00050997,396,53,26,27,343,17,326,13.383838383838384,6.565656565656567,6.8181818181818175,86.61616161616162,4.292929292929292,82.32323232323232
E00050998,275,71,35,36,204,7,197,25.818181818181817,12.727272727272727,13.090909090909092,74.18181818181819,2.5454545454545454,71.63636363636363
E00050999,425,89,44,45,336,28,308,20.941176470588236,10.352941176470589,10.588235294117647,79.05882352941175,6.588235294117648,72.47058823529412
E00051000,368,79,47,32,289,15,274,21.467391304347828,12.771739130434783,8.695652173913043,78.53260869565217,4.076086956521739,74.45652173913044
E00051001,372,64,33,31,308,21,287,17.20430107526882,8.870967741935484,8.333333333333332,82.79569892473118,5.64516129032258,77.15053763440861
E00051002,340,142,96,46,198,17,181,41.76470588235294,28.235294117647058,13.529411764705882,58.235294117647065,5,53.23529411764706
E00051003,352,64,33,31,288,20,268,18.181818181818183,9.375,8.806818181818182,81.81818181818183,5.681818181818182,76.13636363636364
E00051004,288,74,38,36,214,18,196,25.694444444444443,13.194444444444445,12.5,74.30555555555556,6.25,68.05555555555556
E00051005,304,68,31,37,236,14,222,22.36842105263158,10.197368421052632,12.171052631578947,77.63157894736842,4.605263157894736,73.02631578947368
E00051006,364,67,34,33,297,23,274,18.40659340659341,9.340659340659341,9.065934065934066,81.5934065934066,6.318681318681318,75.27472527472527
E00051007,356,54,23,31,302,25,277,15.168539325842698,6.460674157303371,8.707865168539326,84.8314606741573,7.02247191011236,77.80898876404494
E00051008,228,68,33,35,160,15,145,29.82456140350877,14.473684210526317,15.350877192982457,70.17543859649122,6.578947368421052,63.59649122807017
E00051009,357,59,31,28,298,21,277,16.5266106442577,8.683473389355742,7.8431372549019605,83.4733893557423,5.88235294117647,77.59103641456583
E00051010,514,142,66,76,372,19,353,27.626459143968873,12.840466926070038,14.785992217898833,72.37354085603113,3.6964980544747084,68.67704280155642
E00051011,346,74,39,35,272,9,263,21.38728323699422,11.271676300578035,10.115606936416185,78.61271676300578,2.601156069364162,76.01156069364163
E00051012,458,66,40,26,392,44,348,14.41048034934498,8.73362445414847,5.676855895196507,85.58951965065502,9.606986899563319,75.9825327510917
E00051013,322,73,30,43,249,27,222,22.67080745341615,9.316770186335404,13.354037267080745,77.32919254658384,8.385093167701864,68.94409937888199
E00051014,423,88,55,33,335,12,323,20.803782505910164,13.002364066193852,7.801418439716312,79.19621749408984,2.8368794326241136,76.35933806146572
E00051015,340,50,24,26,290,12,278,14.705882352941178,7.0588235294117645,7.647058823529412,85.29411764705883,3.5294117647058822,81.76470588235294
E00051016,478,81,39,42,397,18,379,16.94560669456067,8.158995815899582,8.786610878661087,83.05439330543933,3.765690376569038,79.2887029288703
E00051017,293,72,37,35,221,17,204,24.573378839590443,12.627986348122866,11.945392491467576,75.42662116040955,5.802047781569966,69.6245733788396
E00051018,251,82,46,36,169,13,156,32.669322709163346,18.326693227091635,14.342629482071715,67.33067729083665,5.179282868525896,62.15139442231076
E00051019,345,43,22,21,302,29,273,12.46376811594203,6.3768115942028984,6.086956521739131,87.53623188405797,8.405797101449275,79.13043478260869
E00051021,395,58,25,33,337,19,318,14.683544303797468,6.329113924050633,8.354430379746836,85.31645569620252,4.810126582278481,80.50632911392405
E00051022,471,80,45,35,391,23,368,16.985138004246284,9.554140127388536,7.43099787685775,83.01486199575372,4.8832271762208075,78.13163481953292
E00051023,529,109,61,48,420,31,389,20.604914933837428,11.531190926275993,9.073724007561438,79.39508506616258,5.8601134215500945,73.53497164461248
E00051024,340,80,37,43,260,12,248,23.52941176470588,10.882352941176471,12.647058823529411,76.47058823529412,3.5294117647058822,72.94117647058823
E00051025,277,50,24,26,227,16,211,18.050541516245488,8.664259927797833,9.386281588447654,81.94945848375451,5.776173285198556,76.17328519855594
E00051026,317,69,39,30,248,17,231,21.766561514195583,12.302839116719243,9.46372239747634,78.23343848580441,5.3627760252365935,72.87066246056783
E00051027,315,49,21,28,266,17,249,15.555555555555555,6.666666666666667,8.88888888888889,84.44444444444444,5.396825396825397,79.04761904761905
E00051028,391,76,45,31,315,28,287,19.437340153452684,11.508951406649617,7.928388746803069,80.56265984654732,7.161125319693094,73.40153452685422
E00051029,293,54,18,36,239,22,217,18.43003412969283,6.143344709897611,12.286689419795222,81.56996587030717,7.508532423208192,74.06143344709898
E00051030,244,86,46,40,158,11,147,35.24590163934426,18.852459016393443,16.39344262295082,64.75409836065575,4.508196721311475,60.245901639344254
E00051031,432,78,45,33,354,24,330,18.055555555555554,10.416666666666668,7.638888888888889,81.94444444444444,5.555555555555555,76.38888888888889
E00051032,487,104,50,54,383,27,356,21.35523613963039,10.266940451745379,11.088295687885012,78.64476386036962,5.544147843942506,73.1006160164271
E00051033,434,103,35,68,331,27,304,23.732718894009217,8.064516129032258,15.668202764976957,76.26728110599078,6.221198156682028,70.04608294930875
E00051034,356,78,35,43,278,18,260,21.910112359550563,9.831460674157304,12.07865168539326,78.08988764044943,5.056179775280898,73.03370786516854
E00051035,316,59,30,29,257,14,243,18.670886075949365,9.49367088607595,9.177215189873419,81.32911392405063,4.430379746835443,76.89873417721519
E00051036,479,57,28,29,422,20,402,11.899791231732777,5.845511482254697,6.05427974947808,88.10020876826722,4.175365344467641,83.92484342379957
E00051037,453,119,64,55,334,22,312,26.269315673289185,14.1280353200883,12.141280353200882,73.73068432671081,4.856512141280353,68.87417218543047
E00051038,316,72,29,43,244,16,228,22.78481012658228,9.177215189873419,13.60759493670886,77.21518987341773,5.063291139240507,72.15189873417721
E00051039,349,58,30,28,291,10,281,16.6189111747851,8.595988538681947,8.022922636103152,83.3810888252149,2.865329512893983,80.51575931232091
E00051040,361,44,20,24,317,14,303,12.18836565096953,5.540166204986149,6.64819944598338,87.81163434903047,3.8781163434903045,83.93351800554017
E00051041,332,47,24,23,285,31,254,14.156626506024098,7.228915662650602,6.927710843373494,85.8433734939759,9.33734939759036,76.50602409638554
E00051042,133,55,35,20,78,16,62,41.35338345864661,26.31578947368421,15.037593984962406,58.64661654135338,12.030075187969924,46.616541353383454
E00051044,484,95,30,65,389,30,359,19.62809917355372,6.198347107438017,13.429752066115702,80.37190082644628,6.198347107438017,74.17355371900827
E00051045,271,84,45,39,187,20,167,30.996309963099634,16.605166051660518,14.391143911439114,69.00369003690037,7.380073800738007,61.62361623616236
E00051046,251,29,18,11,222,14,208,11.553784860557768,7.171314741035857,4.382470119521913,88.44621513944223,5.577689243027888,82.86852589641434
E00051047,443,70,22,48,373,20,353,15.80135440180587,4.966139954853273,10.835214446952596,84.19864559819413,4.514672686230249,79.68397291196389
E00051048,421,74,37,37,347,22,325,17.577197149643705,8.788598574821853,8.788598574821853,82.42280285035629,5.225653206650831,77.19714964370546
E00051049,378,66,41,25,312,14,298,17.46031746031746,10.846560846560847,6.613756613756613,82.53968253968253,3.7037037037037033,78.83597883597884
E00051050,348,53,26,27,295,12,283,15.229885057471265,7.471264367816093,7.758620689655173,84.77011494252874,3.4482758620689653,81.32183908045977
E00051051,401,70,29,41,331,16,315,17.45635910224439,7.231920199501247,10.224438902743142,82.54364089775561,3.99002493765586,78.55361596009975
E00051052,313,64,24,40,249,20,229,20.447284345047922,7.667731629392971,12.779552715654951,79.55271565495208,6.3897763578274756,73.1629392971246
E00051053,528,81,37,44,447,20,427,15.340909090909092,7.007575757575757,8.333333333333332,84.6590909090909,3.787878787878788,80.87121212121212
E00051054,385,68,31,37,317,14,303,17.662337662337663,8.051948051948052,9.61038961038961,82.33766233766234,3.6363636363636362,78.70129870129871
E00051055,374,82,47,35,292,13,279,21.92513368983957,12.566844919786096,9.358288770053475,78.07486631016043,3.4759358288770055,74.59893048128342
E00051056,428,101,53,48,327,12,315,23.598130841121495,12.383177570093459,11.214953271028037,76.4018691588785,2.803738317757009,73.5981308411215
E00051057,240,44,24,20,196,12,184,18.333333333333332,10,8.333333333333332,81.66666666666667,5,76.66666666666667
E00051058,289,60,32,28,229,19,210,20.761245674740483,11.072664359861593,9.688581314878892,79.23875432525952,6.5743944636678195,72.66435986159169
E00051059,436,131,75,56,305,17,288,30.045871559633024,17.201834862385322,12.844036697247708,69.95412844036697,3.89908256880734,66.05504587155964
E00051060,522,117,55,62,405,27,378,22.413793103448278,10.53639846743295,11.877394636015326,77.58620689655173,5.172413793103448,72.41379310344827
E00051061,299,63,29,34,236,16,220,21.070234113712374,9.698996655518394,11.37123745819398,78.92976588628763,5.351170568561873,73.57859531772574
E00051062,225,56,22,34,169,12,157,24.88888888888889,9.777777777777779,15.11111111111111,75.1111111111111,5.333333333333334,69.77777777777779
E00051063,326,50,20,30,276,11,265,15.337423312883436,6.134969325153374,9.202453987730062,84.66257668711657,3.374233128834356,81.28834355828221
E00051064,302,104,77,27,198,14,184,34.437086092715234,25.496688741721858,8.940397350993377,65.56291390728477,4.635761589403973,60.9271523178808
E00051065,192,78,39,39,114,14,100,40.625,20.3125,20.3125,59.375,7.291666666666667,52.083333333333336
E00051066,323,87,40,47,236,17,219,26.93498452012384,12.38390092879257,14.551083591331269,73.06501547987617,5.263157894736842,67.80185758513932
E00051067,273,60,28,32,213,19,194,21.978021978021978,10.256410256410255,11.72161172161172,78.02197802197803,6.95970695970696,71.06227106227107
E00051069,297,73,41,32,224,8,216,24.579124579124578,13.804713804713806,10.774410774410773,75.42087542087542,2.6936026936026933,72.72727272727273
E00051070,332,59,29,30,273,16,257,17.771084337349397,8.734939759036145,9.036144578313253,82.2289156626506,4.819277108433735,77.40963855421687
E00051071,366,56,30,26,310,17,293,15.300546448087433,8.19672131147541,7.103825136612022,84.69945355191257,4.644808743169399,80.05464480874316
E00051072,260,58,35,23,202,6,196,22.30769230769231,13.461538461538462,8.846153846153847,77.6923076923077,2.307692307692308,75.38461538461539
E00051073,391,69,32,37,322,19,303,17.647058823529413,8.184143222506394,9.462915601023019,82.35294117647058,4.859335038363171,77.49360613810742
E00051074,303,68,41,27,235,26,209,22.442244224422442,13.531353135313532,8.91089108910891,77.55775577557755,8.58085808580858,68.97689768976898
E00051076,386,57,34,23,329,8,321,14.766839378238341,8.808290155440414,5.958549222797927,85.23316062176166,2.072538860103627,83.16062176165802
E00051077,201,50,27,23,151,7,144,24.875621890547265,13.432835820895523,11.442786069651742,75.12437810945273,3.482587064676617,71.64179104477611
E00051078,289,67,36,31,222,18,204,23.18339100346021,12.45674740484429,10.726643598615917,76.8166089965398,6.228373702422145,70.58823529411765
E00051079,379,89,49,40,290,19,271,23.482849604221638,12.928759894459102,10.554089709762533,76.51715039577837,5.013192612137203,71.50395778364116
E00051080,446,91,49,42,355,22,333,20.40358744394619,10.986547085201794,9.417040358744394,79.5964125560538,4.932735426008969,74.66367713004485
E00051081,374,47,19,28,327,23,304,12.566844919786096,5.080213903743315,7.4866310160427805,87.43315508021391,6.149732620320856,81.28342245989305
E00051082,294,87,39,48,207,48,159,29.591836734693878,13.26530612244898,16.3265306122449,70.40816326530613,16.3265306122449,54.08163265306123
E00051083,331,89,62,27,242,21,221,26.888217522658607,18.731117824773413,8.157099697885197,73.111782477341393,6.3444108761329305,66.76737160120845
E00051084,418,44,20,24,374,17,357,10.526315789473683,4.784688995215311,5.741626794258373,89.47368421052632,4.0669856459330145,85.4066985645933
E00051085,344,55,27,28,289,14,275,15.988372093023257,7.848837209302325,8.13953488372093,84.01162790697676,4.069767441860465,79.94186046511628
E00051086,282,48,23,25,234,15,219,17.02127659574468,8.156028368794328,8.865248226950355,82.97872340425532,5.319148936170213,77.6595744680851
E00051088,257,75,37,38,182,13,169,29.18287937743191,14.396887159533073,14.785992217898833,70.8171206225681,5.058365758754864,65.75875486381322
E00051089,414,58,26,32,356,19,337,14.009661835748794,6.280193236714976,7.729468599033816,85.99033816425121,4.5893719806763285,81.40096618357488
E00051090,511,82,46,36,429,22,407,16.046966731898237,9.001956947162427,7.045009784735812,83.95303326810176,4.305283757338552,79.6477495107632
E00051091,188,84,47,37,104,15,89,44.680851063829785,25,19.680851063829788,55.319148936170215,7.9787234042553195,47.340425531914896
E00051092,236,40,16,24,196,14,182,16.94915254237288,6.779661016949152,10.16949152542373,83.05084745762711,5.932203389830509,77.11864406779661
E00051093,319,49,29,20,270,12,258,15.360501567398119,9.090909090909092,6.269592476489027,84.63949843260188,3.761755485893417,80.87774294670847
E00051094,578,78,38,40,500,21,479,13.494809688581316,6.5743944636678195,6.920415224913495,86.50519031141869,3.633217993079585,82.8719723183391
E00051095,363,55,29,26,308,8,300,15.151515151515152,7.988980716253444,7.162534435261708,84.84848484848484,2.203856749311295,82.64462809917356
E00051096,574,109,46,63,465,28,437,18.989547038327526,8.013937282229964,10.975609756097562,81.01045296167247,4.878048780487805,76.13240418118467
E00051097,413,63,29,34,350,13,337,15.254237288135593,7.021791767554479,8.232445520581114,84.7457627118644,3.14769975786925,81.59806295399515
E00051098,248,113,93,20,135,8,127,45.564516129032256,37.5,8.064516129032258,54.43548387096774,3.225806451612903,51.20967741935484
E00051099,509,56,20,36,453,27,426,11.00196463654224,3.9292730844793713,7.072691552062868,88.99803536345776,5.304518664047151,83.69351669941061
E00051100,360,46,24,22,314,9,305,12.777777777777777,6.666666666666667,6.111111111111111,87.22222222222223,2.5,84.72222222222221
E00051101,437,68,38,30,369,13,356,15.560640732265446,8.695652173913043,6.864988558352403,84.43935926773455,2.9748283752860414,81.46453089244852
E00051102,377,86,46,40,291,23,268,22.811671087533156,12.20159151193634,10.610079575596817,77.18832891246684,6.10079575596817,71.08753315649867
E00051103,386,28,10,18,358,11,347,7.253886010362693,2.5906735751295336,4.66321243523316,92.74611398963731,2.849740932642487,89.89637305699482
E00051104,405,76,37,39,329,15,314,18.765432098765434,9.135802469135802,9.62962962962963,81.23456790123457,3.7037037037037033,77.53086419753087
E00051105,459,98,50,48,361,8,353,21.350762527233115,10.893246187363834,10.457516339869281,78.64923747276688,1.7429193899782136,76.90631808278867
E00051106,307,51,30,21,256,16,240,16.612377850162865,9.77198697068404,6.840390879478828,83.38762214983714,5.211726384364821,78.17589576547232
E00051107,555,78,40,38,477,19,458,14.054054054054054,7.207207207207207,6.846846846846846,85.94594594594595,3.423423423423423,82.52252252252252
E00051108,483,47,23,24,436,19,417,9.730848861283643,4.761904761904762,4.968944099378882,90.26915113871635,3.9337474120082816,86.33540372670807
E00165818,542,97,39,58,445,24,421,17.89667896678967,7.195571955719557,10.70110701107011,82.10332103321034,4.428044280442804,77.67527675276753
E00168200,480,46,29,17,434,7,427,9.583333333333334,6.041666666666667,3.5416666666666665,90.41666666666667,1.4583333333333333,88.95833333333333
E00168201,584,86,31,55,498,20,478,14.726027397260275,5.308219178082192,9.417808219178083,85.27397260273972,3.4246575342465753,81.84931506849315
E00168203,536,47,19,28,489,13,476,8.768656716417912,3.544776119402985,5.223880597014925,91.23134328358209,2.425373134328358,88.80597014925374
E00168205,422,23,10,13,399,16,383,5.450236966824645,2.3696682464454977,3.080568720379147,94.54976303317537,3.7914691943127963,90.75829383886256
E00168206,234,22,7,15,212,10,202,9.401709401709402,2.9914529914529915,6.41025641025641,90.5982905982906,4.273504273504273,86.32478632478633
E00168207,294,51,20,31,243,19,224,17.346938775510203,6.802721088435375,10.54421768707483,82.6530612244898,6.462585034013606,76.19047619047619
E00168208,257,44,23,21,213,13,200,17.120622568093385,8.949416342412452,8.171206225680933,82.87937743190662,5.058365758754864,77.82101167315176
E00168209,269,34,15,19,235,8,227,12.639405204460965,5.5762081784386615,7.063197026022305,87.36059479553904,2.973977695167286,84.38661710037175
E00168210,225,32,14,18,193,14,179,14.222222222222221,6.222222222222222,8,85.77777777777777,6.222222222222222,79.55555555555556
E00168211,260,52,22,30,208,12,196,20,8.461538461538462,11.538461538461538,80,4.615384615384616,75.38461538461539
E00168212,382,30,13,17,352,16,336,7.853403141361256,3.4031413612565444,4.450261780104712,92.14659685863874,4.18848167539267,87.95811518324608
E00168213,279,30,10,20,249,21,228,10.75268817204301,3.584229390681003,7.168458781362006,89.24731182795699,7.526881720430108,81.72043010752688
E00168214,364,31,18,13,333,22,311,8.516483516483516,4.945054945054945,3.571428571428571,91.48351648351648,6.043956043956044,85.43956043956044
E00168215,330,68,30,38,262,16,246,20.606060606060606,9.090909090909092,11.515151515151516,79.39393939393939,4.848484848484849,74.54545454545455
E00168216,392,32,9,23,360,26,334,8.16326530612245,2.295918367346939,5.86734693877551,91.83673469387756,6.63265306122449,85.20408163265306
E00168217,255,33,14,19,222,18,204,12.941176470588237,5.490196078431373,7.450980392156863,87.05882352941177,7.0588235294117645,80
E00168218,362,63,46,17,299,16,283,17.403314917127073,12.70718232044199,4.696132596685083,82.59668508287292,4.41988950276243,78.1767955801105
E00168219,539,66,33,33,473,19,454,12.244897959183673,6.122448979591836,6.122448979591836,87.75510204081633,3.525046382189239,84.2300556586271
E00168220,383,39,11,28,344,31,313,10.182767624020887,2.8720626631853787,7.310704960835509,89.81723237597912,8.093994778067886,81.72323759791122
E00168221,202,35,14,21,167,5,162,17.326732673267326,6.9306930693069315,10.396039603960396,82.67326732673267,2.4752475247524752,80.19801980198021
E00168222,334,34,11,23,300,17,283,10.179640718562874,3.293413173652695,6.88622754491018,89.82035928143712,5.089820359281437,84.73053892215569
E00168223,331,139,102,37,192,8,184,41.99395770392749,30.815709969788518,11.178247734138973,58.006042296072515,2.416918429003021,55.58912386706949
E00168226,269,46,15,31,223,23,200,17.100371747211895,5.5762081784386615,11.524163568773234,82.8996282527881,8.550185873605948,74.34944237918215
E00168227,277,34,11,23,243,24,219,12.274368231046932,3.9711191335740073,8.303249097472925,87.72563176895306,8.664259927797833,79.06137184115524
E00168228,376,87,47,40,289,14,275,23.138297872340424,12.5,10.638297872340425,76.86170212765957,3.723404255319149,73.13829787234043
E00168229,390,55,24,31,335,12,323,14.102564102564102,6.153846153846154,7.948717948717948,85.8974358974359,3.076923076923077,82.82051282051283
E00168230,465,67,32,35,398,28,370,14.408602150537634,6.881720430107527,7.526881720430108,85.59139784946237,6.021505376344086,79.56989247311827
E00168231,399,56,28,28,343,17,326,14.035087719298245,7.017543859649122,7.017543859649122,85.96491228070175,4.260651629072681,81.70426065162907
E00168232,244,22,5,17,222,10,212,9.01639344262295,2.0491803278688523,6.967213114754098,90.98360655737704,4.098360655737705,86.88524590163934
E00168233,366,51,17,34,315,15,300,13.934426229508196,4.644808743169399,9.289617486338798,86.0655737704918,4.098360655737705,81.9672131147541
E00168234,345,12,0,12,333,4,329,3.4782608695652173,0,3.4782608695652173,96.52173913043478,1.1594202898550725,95.3623188405797
E00168237,383,147,92,55,236,12,224,38.38120104438642,24.02088772845953,14.360313315926893,61.61879895561357,3.1331592689295036,58.485639686684074
E00177371,406,56,30,26,350,20,330,13.793103448275861,7.389162561576355,6.403940886699508,86.20689655172413,4.926108374384237,81.2807881773399
E00177372,383,90,40,50,293,24,269,23.49869451697128,10.443864229765012,13.054830287206268,76.50130548302873,6.266318537859007,70.23498694516971
E00177374,249,47,22,25,202,12,190,18.87550200803213,8.835341365461847,10.040160642570282,81.12449799196787,4.819277108433735,76.30522088353415
E00177376,318,46,21,25,272,22,250,14.465408805031446,6.60377358490566,7.861635220125786,85.53459119496856,6.918238993710692,78.61635220125787
E00177377,115,12,3,9,103,5,98,10.434782608695652,2.608695652173913,7.82608695652174,89.56521739130436,4.3478260869565215,85.21739130434783
E00177380,389,93,48,45,296,23,273,23.90745501285347,12.339331619537274,11.568123393316196,76.09254498714652,5.912596401028278,70.17994858611826
E00177382,150,12,4,8,138,4,134,8,2.666666666666667,5.333333333333334,92,2.666666666666667,89.33333333333333
E00177383,173,26,10,16,147,7,140,15.028901734104046,5.780346820809249,9.248554913294797,84.97109826589595,4.046242774566474,80.92485549132948
E00177384,310,35,14,21,275,18,257,11.29032258064516,4.516129032258064,6.774193548387098,88.70967741935483,5.806451612903226,82.9032258064516
E00177385,279,57,24,33,222,14,208,20.43010752688172,8.60215053763441,11.827956989247312,79.56989247311827,5.017921146953405,74.55197132616487
E00177387,535,73,46,27,462,9,453,13.644859813084112,8.598130841121495,5.046728971962617,86.35514018691589,1.6822429906542056,84.67289719626169
E00177388,242,76,44,32,166,10,156,31.40495867768595,18.181818181818183,13.223140495867769,68.59504132231406,4.132231404958678,64.46280991735537
E00177389,323,63,31,32,260,14,246,19.5046439628483,9.597523219814242,9.907120743034056,80.4953560371517,4.3343653250774,76.16099071207431
E00177391,331,30,10,20,301,17,284,9.06344410876133,3.0211480362537766,6.042296072507553,90.93655589123867,5.13595166163142,85.80060422960725
E00177395,130,28,11,17,102,5,97,21.53846153846154,8.461538461538462,13.076923076923078,78.46153846153847,3.8461538461538463,74.61538461538461
E00177398,128,22,11,11,106,5,101,17.1875,8.59375,8.59375,82.8125,3.90625,78.90625
E00177399,378,102,59,43,276,19,257,26.984126984126984,15.608465608465607,11.375661375661375,73.01587301587301,5.026455026455026,67.98941798941799
E00177400,165,27,11,16,138,7,131,16.363636363636363,6.666666666666667,9.696969696969697,83.63636363636363,4.242424242424243,79.39393939393939
E00177401,254,23,10,13,231,10,221,9.05511811023622,3.937007874015748,5.118110236220472,90.94488188976378,3.937007874015748,87.00787401574803
E00177404,427,49,26,23,378,24,354,11.475409836065573,6.0889929742388755,5.386416861826698,88.52459016393442,5.620608899297424,82.90398126463701
E00177407,160,29,12,17,131,17,114,18.125,7.5,10.625,81.875,10.625,71.25
E00177410,316,50,25,25,266,14,252,15.822784810126583,7.9113924050632916,7.9113924050632916,84.17721518987342,4.430379746835443,79.74683544303798
E00177412,344,21,12,9,323,5,318,6.104651162790697,3.488372093023256,2.616279069767442,93.8953488372093,1.4534883720930232,92.44186046511628
E00177413,312,44,19,25,268,8,260,14.102564102564102,6.089743589743589,8.012820512820513,85.8974358974359,2.564102564102564,83.33333333333334
E00177414,163,21,8,13,142,1,141,12.883435582822086,4.9079754601226995,7.975460122699387,87.11656441717791,0.6134969325153374,86.50306748466258
E00177415,157,23,9,14,134,0,134,14.64968152866242,5.7324840764331215,8.9171974522293,85.35031847133759,0,85.35031847133759
E00177416,459,92,41,51,367,23,344,20.043572984749456,8.932461873638346,11.11111111111111,79.95642701525054,5.010893246187364,74.94553376906318
E00177417,432,72,40,32,360,17,343,16.666666666666664,9.25925925925926,7.4074074074074066,83.33333333333334,3.935185185185185,79.39814814814815
E00177420,611,171,120,51,440,15,425,27.986906710310965,19.639934533551553,8.346972176759412,72.01309328968904,2.454991816693944,69.55810147299509
E00177421,616,76,26,50,540,20,520,12.337662337662337,4.220779220779221,8.116883116883116,87.66233766233766,3.2467532467532463,84.4155844155844
E00177422,441,24,11,13,417,8,409,5.442176870748299,2.494331065759637,2.947845804988662,94.5578231292517,1.8140589569160999,92.7437641723356
E00177423,562,35,18,17,527,12,515,6.227758007117438,3.202846975088968,3.0249110320284696,93.77224199288257,2.135231316725979,91.63701067615658
E00177425,453,56,25,31,397,16,381,12.362030905077264,5.518763796909492,6.843267108167771,87.63796909492274,3.532008830022075,84.10596026490066
E00177427,232,21,10,11,211,5,206,9.051724137931034,4.310344827586207,4.741379310344827,90.94827586206897,2.1551724137931036,88.79310344827587
E00177428,313,51,26,25,262,10,252,16.293929712460063,8.30670926517572,7.987220447284344,83.70607028753993,3.1948881789137378,80.5111821086262
E00177431,391,55,23,32,336,18,318,14.066496163682865,5.88235294117647,8.184143222506394,85.93350383631714,4.603580562659847,81.32992327365729
E00177433,103,32,16,16,71,6,65,31.06796116504854,15.53398058252427,15.53398058252427,68.93203883495146,5.825242718446602,63.10679611650486
E00177435,345,71,28,43,274,21,253,20.579710144927535,8.115942028985506,12.46376811594203,79.42028985507247,6.086956521739131,73.33333333333333
E00177436,276,73,47,26,203,18,185,26.44927536231884,17.02898550724638,9.420289855072465,73.55072463768117,6.521739130434782,67.02898550724638
E00177438,374,59,29,30,315,6,309,15.775401069518717,7.754010695187167,8.0213903743315509,84.22459893048129,1.6042780748663104,82.62032085561498
E00177440,383,55,32,23,328,13,315,14.360313315926893,8.355091383812011,6.005221932114883,85.6396866840731,3.3942558746736298,82.24543080939948
E00177442,501,48,19,29,453,23,430,9.580838323353294,3.792415169660679,5.788423153692615,90.41916167664671,4.590818363273453,85.82834331337325
E00177443,421,64,36,28,357,29,328,15.201900237529692,8.551068883610451,6.65083135391924,84.798099762470315,6.88836104513064,77.90973871733968
E00177445,180,12,4,8,168,13,155,6.666666666666667,2.2222222222222223,4.444444444444445,93.33333333333333,7.222222222222221,86.11111111111111
E00177446,528,119,79,40,409,12,397,22.53787878787879,14.962121212121213,7.575757575757576,77.46212121212122,2.272727272727273,75.18939393939394
E00177447,193,28,9,19,165,7,158,14.507772020725387,4.66321243523316,9.844559585492227,85.49222797927462,3.6269430051813467,81.86528497409327
E00177448,233,46,23,23,187,20,167,19.742489270386265,9.871244635193133,9.871244635193133,80.25751072961373,8.583690987124463,71.67381974248927
E00177449,513,43,14,29,470,23,447,8.382066276803119,2.729044834307992,5.653021442495127,91.61793372319687,4.483430799220272,87.13450292397661
E00177450,353,45,18,27,308,15,293,12.747875354107649,5.099150141643059,7.64872521246459,87.25212464589235,4.2492917847025495,83.0028328611898
E00177451,317,22,11,11,295,13,282,6.940063091482649,3.4700315457413247,3.4700315457413247,93.05993690851734,4.100946372239748,88.95899053627761
E00177452,526,80,41,39,446,30,416,15.209125475285171,7.79467680608365,7.41444866920152,84.79087452471484,5.7034220532319395,79.08745247148289
E00177453,369,35,18,17,334,8,326,9.48509485094851,4.878048780487805,4.607046070460704,90.5149051490515,2.168021680216802,88.34688346883469
E00177457,407,31,18,13,376,14,362,7.616707616707617,4.422604422604422,3.194103194103194,92.38329238329239,3.43980343980344,88.94348894348894
E00177458,540,77,35,42,463,23,440,14.25925925925926,6.481481481481481,7.777777777777778,85.74074074074073,4.2592592592592595,81.48148148148148
E00177459,505,54,24,30,451,14,437,10.693069306930694,4.752475247524752,5.9405940594059405,89.3069306930693,2.7722772277227725,86.53465346534654
E00177460,303,44,18,26,259,19,240,14.521452145214523,5.9405940594059405,8.58085808580858,85.47854785478548,6.270627062706271,79.20792079207921
E00177461,545,54,33,21,491,11,480,9.908256880733946,6.055045871559633,3.853211009174312,90.09174311926606,2.0183486238532113,88.07339449541286
E00177462,106,12,5,7,94,5,89,11.320754716981133,4.716981132075472,6.60377358490566,88.67924528301887,4.716981132075472,83.9622641509434
E00177463,192,16,3,13,176,16,160,8.333333333333332,1.5625,6.770833333333333,91.66666666666666,8.333333333333332,83.33333333333334
E00177466,173,9,5,4,164,4,160,5.202312138728324,2.8901734104046244,2.312138728323699,94.79768786127167,2.312138728323699,92.48554913294798
E00177468,354,43,24,19,311,8,303,12.146892655367232,6.779661016949152,5.367231638418079,87.85310734463276,2.2598870056497176,85.59322033898306
E00177469,494,71,28,43,423,27,396,14.37246963562753,5.668016194331984,8.704453441295547,85.62753036437248,5.465587044534413,80.16194331983806
E00177470,289,22,7,15,267,21,246,7.612456747404845,2.422145328719723,5.190311418685121,92.38754325259517,7.26643598615917,85.12110726643598
E00177471,404,45,23,22,359,25,334,11.138613861386139,5.693069306930694,5.445544554455446,88.86138613861387,6.188118811881188,82.67326732673267
E00177472,571,64,26,38,507,32,475,11.208406304728546,4.553415061295972,6.654991243432574,88.79159369527146,5.604203152364273,83.18739054290718
E00177473,219,23,11,12,196,5,191,10.50228310502283,5.0228310502283104,5.47945205479452,89.49771689497716,2.28310502283105,87.21461187214612
E00177474,486,72,36,36,414,12,402,14.814814814814813,7.4074074074074066,7.4074074074074066,85.18518518518519,2.4691358024691357,82.71604938271605
E00177476,215,33,15,18,182,5,177,15.348837209302326,6.976744186046512,8.372093023255815,84.65116279069768,2.3255813953488373,82.32558139534883
E00177477,407,66,32,34,341,16,325,16.216216216216218,7.862407862407863,8.353808353808354,83.78378378378379,3.9312039312039313,79.85257985257985
E00177478,437,63,21,42,374,13,361,14.416475972540047,4.805491990846682,9.610983981693364,85.58352402745996,2.9748283752860414,82.6086956521739
E00177479,226,66,43,23,160,15,145,29.20353982300885,19.02654867256637,10.176991150442479,70.79646017699115,6.637168141592921,64.15929203539822
