OA,ts0380001,ts0380002,ts0380003,ts0380004,ts0380005,ts0380006,ts0380007,ts0380002_PCT,ts0380003_PCT,ts0380004_PCT,ts0380005_PCT,ts0380006_PCT,ts0380007_PCT
E00108432,361,64,23,41,297,32,265,17.72853185595568,6.3711911357340725,11.357340720221606,82.27146814404432,8.86426592797784,73.40720221606648
E00108433,317,59,24,35,258,37,221,18.61198738170347,7.570977917981073,11.041009463722396,81.38801261829653,11.67192429022082,69.71608832807571
E00108434,328,67,26,41,261,33,228,20.426829268292682,7.926829268292683,12.5,79.57317073170732,10.060975609756099,69.51219512195121
E00108435,473,77,51,26,396,28,368,16.27906976744186,10.782241014799155,5.496828752642706,83.72093023255815,5.9196617336152215,77.80126849894292
E00108436,291,37,17,20,254,23,231,12.714776632302405,5.841924398625429,6.872852233676976,87.2852233676976,7.903780068728522,79.38144329896907
E00108437,293,47,16,31,246,34,212,16.040955631399317,5.460750853242321,10.580204778156997,83.95904436860067,11.604095563139932,72.35494880546075
E00108438,121,17,3,14,104,8,96,14.049586776859504,2.479338842975207,11.570247933884298,85.9504132231405,6.6115702479338845,79.33884297520662
E00108439,314,49,19,30,265,34,231,15.605095541401273,6.050955414012739,9.554140127388536,84.39490445859873,10.828025477707007,73.56687898089172
E00108440,329,68,30,38,261,10,251,20.66869300911854,9.118541033434651,11.55015197568389,79.33130699088146,3.0395136778115504,76.29179331306992
E00108441,244,57,20,37,187,25,162,23.36065573770492,8.19672131147541,15.163934426229508,76.63934426229508,10.245901639344263,66.39344262295081
E00108442,285,41,11,30,244,30,214,14.385964912280702,3.8596491228070176,10.526315789473683,85.6140350877193,10.526315789473683,75.08771929824562
E00108443,364,64,22,42,300,32,268,17.582417582417584,6.043956043956044,11.538461538461538,82.41758241758241,8.791208791208792,73.62637362637363
E00108444,362,46,16,30,316,23,293,12.70718232044199,4.41988950276243,8.287292817679557,87.29281767955801,6.353591160220995,80.93922651933701
E00108445,356,52,18,34,304,27,277,14.606741573033707,5.056179775280898,9.550561797752808,85.39325842696628,7.584269662921349,77.80898876404494
E00108446,427,74,28,46,353,36,317,17.330210772833723,6.557377049180328,10.772833723653395,82.66978922716628,8.430913348946136,74.23887587822014
E00108447,500,122,65,57,378,44,334,24.4,13,11.4,75.6,8.799999999999999,66.8
E00108449,323,42,10,32,281,23,258,13.003095975232199,3.0959752321981426,9.907120743034056,86.9969040247678,7.120743034055728,79.87616099071208
E00108450,374,38,10,28,336,17,319,10.16042780748663,2.6737967914438503,7.4866310160427805,89.83957219251337,4.545454545454546,85.29411764705883
E00108451,300,44,17,27,256,25,231,14.666666666666666,5.666666666666666,9,85.33333333333334,8.333333333333332,77
E00108452,401,57,17,40,344,26,318,14.214463840399002,4.239401496259352,9.975062344139651,85.785536159601,6.483790523690773,79.30174563591022
E00108453,362,82,42,40,280,32,248,22.65193370165746,11.602209944751381,11.049723756906078,77.34806629834254,8.83977900552486,68.50828729281768
E00108454,297,59,12,47,238,13,225,19.865319865319865,4.040404040404041,15.824915824915825,80.13468013468014,4.377104377104377,75.75757575757575
E00108455,154,78,56,22,76,10,66,50.649350649350644,36.36363636363637,14.285714285714285,49.35064935064935,6.493506493506493,42.857142857142854
E00108456,283,56,21,35,227,20,207,19.78798586572438,7.420494699646643,12.36749116607774,80.21201413427562,7.06713780918728,73.14487632508833
E00108457,337,48,12,36,289,34,255,14.243323442136498,3.5608308605341246,10.682492581602373,85.7566765578635,10.089020771513352,75.66765578635015
E00108458,435,52,17,35,383,33,350,11.954022988505747,3.9080459770114944,8.045977011494253,88.04597701149424,7.586206896551724,80.45977011494253
E00108459,407,55,19,36,352,25,327,13.513513513513514,4.668304668304668,8.845208845208845,86.48648648648648,6.142506142506143,80.34398034398035
E00108460,221,28,9,19,193,16,177,12.669683257918551,4.072398190045249,8.597285067873303,87.33031674208145,7.239819004524888,80.09049773755656
E00108461,334,50,11,39,284,18,266,14.97005988023952,3.293413173652695,11.676646706586826,85.02994011976048,5.389221556886228,79.64071856287424
E00108462,313,37,14,23,276,28,248,11.821086261980831,4.472843450479233,7.348242811501597,88.17891373801918,8.945686900958465,79.2332268370607
E00108463,432,61,28,33,371,40,331,14.120370370370368,6.481481481481481,7.638888888888889,85.87962962962963,9.25925925925926,76.62037037037037
E00108464,186,42,15,27,144,13,131,22.58064516129032,8.064516129032258,14.516129032258066,77.41935483870968,6.989247311827956,70.43010752688173
E00108465,157,28,7,21,129,14,115,17.8343949044586,4.45859872611465,13.375796178343949,82.16560509554141,8.9171974522293,73.24840764331209
E00108466,310,59,25,34,251,11,240,19.032258064516128,8.064516129032258,10.967741935483872,80.96774193548387,3.5483870967741935,77.41935483870968
E00108467,537,130,86,44,407,43,364,24.20856610800745,16.01489757914339,8.193668528864059,75.79143389199255,8.007448789571695,67.78398510242086
E00108468,375,108,51,57,267,25,242,28.799999999999997,13.600000000000001,15.2,71.2,6.666666666666667,64.53333333333333
E00108469,271,46,19,27,225,12,213,16.974169741697416,7.011070110701106,9.96309963099631,83.02583025830258,4.428044280442804,78.59778597785979
E00108470,291,59,16,43,232,23,209,20.274914089347078,5.498281786941581,14.776632302405499,79.72508591065292,7.903780068728522,71.8213058419244
E00108471,317,48,11,37,269,35,234,15.141955835962145,3.4700315457413247,11.67192429022082,84.85804416403786,11.041009463722396,73.81703470031546
E00108472,367,81,37,44,286,24,262,22.070844686648503,10.08174386920981,11.989100817438691,77.9291553133515,6.539509536784741,71.38964577656675
E00108474,285,65,29,36,220,16,204,22.807017543859647,10.175438596491228,12.631578947368421,77.19298245614034,5.614035087719298,71.57894736842105
E00108475,319,55,22,33,264,11,253,17.24137931034483,6.896551724137931,10.344827586206897,82.75862068965517,3.4482758620689653,79.3103448275862
E00108476,371,89,27,62,282,19,263,23.98921832884097,7.277628032345014,16.711590296495956,76.01078167115904,5.121293800539084,70.88948787061994
E00108477,335,83,38,45,252,29,223,24.776119402985074,11.343283582089553,13.432835820895523,75.22388059701493,8.656716417910449,66.56716417910448
E00108478,291,57,22,35,234,23,211,19.587628865979383,7.560137457044673,12.027491408934708,80.41237113402062,7.903780068728522,72.5085910652921
E00108479,255,42,14,28,213,24,189,16.470588235294116,5.490196078431373,10.980392156862745,83.52941176470588,9.411764705882353,74.11764705882354
E00108480,248,67,34,33,181,20,161,27.016129032258064,13.709677419354838,13.306451612903224,72.98387096774194,8.064516129032258,64.91935483870968
E00108481,338,59,28,31,279,29,250,17.45562130177515,8.284023668639055,9.171597633136095,82.54437869822485,8.579881656804734,73.96449704142012
E00108482,357,59,21,38,298,27,271,16.5266106442577,5.88235294117647,10.644257703081232,83.4733893557423,7.563025210084033,75.91036414565826
E00108484,234,70,48,22,164,13,151,29.914529914529915,20.51282051282051,9.401709401709402,70.08547008547008,5.555555555555555,64.52991452991454
E00108485,326,87,41,46,239,19,220,26.68711656441718,12.576687116564417,14.11042944785276,73.31288343558282,5.828220858895705,67.48466257668711
E00108486,369,73,34,39,296,32,264,19.78319783197832,9.214092140921409,10.569105691056912,80.21680216802169,8.672086720867208,71.54471544715447
E00108488,326,85,27,58,241,20,221,26.07361963190184,8.282208588957054,17.791411042944784,73.92638036809815,6.134969325153374,67.79141104294479
E00108489,355,76,30,46,279,24,255,21.408450704225352,8.450704225352112,12.957746478873238,78.59154929577464,6.760563380281689,71.83098591549296
E00108490,197,69,34,35,128,12,116,35.025380710659896,17.258883248730964,17.766497461928935,64.9746192893401,6.091370558375635,58.88324873096447
E00108491,319,88,43,45,231,13,218,27.586206896551722,13.479623824451412,14.106583072100312,72.41379310344827,4.075235109717868,68.3385579937304
E00108492,299,57,17,40,242,20,222,19.063545150501675,5.68561872909699,13.377926421404682,80.93645484949833,6.688963210702341,74.24749163879598
E00108493,316,59,29,30,257,17,240,18.670886075949365,9.177215189873419,9.49367088607595,81.32911392405063,5.379746835443038,75.9493670886076
E00108494,305,66,30,36,239,18,221,21.639344262295083,9.836065573770492,11.80327868852459,78.36065573770492,5.901639344262295,72.45901639344262
E00108495,292,47,13,34,245,17,228,16.095890410958905,4.4520547945205475,11.643835616438356,83.9041095890411,5.821917808219178,78.08219178082192
E00108496,342,42,14,28,300,22,278,12.280701754385964,4.093567251461988,8.187134502923977,87.71929824561403,6.432748538011696,81.28654970760235
E00108497,218,48,22,26,170,14,156,22.018348623853214,10.091743119266056,11.926605504587156,77.98165137614679,6.422018348623854,71.55963302752293
E00108498,311,64,34,30,247,25,222,20.578778135048232,10.932475884244374,9.646302250803858,79.42122186495176,8.038585209003216,71.38263665594855
E00108499,499,50,16,34,449,26,423,10.02004008016032,3.2064128256513023,6.813627254509018,89.97995991983969,5.210420841683367,84.76953907815631
E00108501,321,29,6,23,292,29,263,9.034267912772584,1.8691588785046727,7.165109034267912,90.96573208722741,9.034267912772584,81.93146417445483
E00108502,369,91,40,51,278,24,254,24.661246612466126,10.840108401084011,13.821138211382115,75.33875338753387,6.504065040650407,68.83468834688347
E00108503,388,112,56,56,276,29,247,28.865979381443296,14.432989690721648,14.432989690721648,71.1340206185567,7.474226804123711,63.65979381443299
E00108504,263,38,16,22,225,16,209,14.44866920152091,6.083650190114068,8.365019011406844,85.55133079847909,6.083650190114068,79.46768060836501
E00108505,236,32,10,22,204,18,186,13.559322033898304,4.23728813559322,9.322033898305085,86.4406779661017,7.627118644067797,78.8135593220339
E00108506,471,94,41,53,377,39,338,19.957537154989385,8.70488322717622,11.252653927813164,80.04246284501062,8.280254777070063,71.76220806794055
E00108508,334,50,16,34,284,21,263,14.97005988023952,4.790419161676647,10.179640718562874,85.02994011976048,6.287425149700598,78.74251497005989
E00108509,324,74,22,52,250,29,221,22.839506172839506,6.790123456790123,16.049382716049383,77.1604938271605,8.950617283950617,68.20987654320987
E00108510,322,55,22,33,267,18,249,17.080745341614907,6.832298136645963,10.248447204968944,82.91925465838509,5.590062111801243,77.32919254658384
E00108511,255,73,28,45,182,15,167,28.627450980392155,10.980392156862745,17.647058823529413,71.37254901960785,5.88235294117647,65.49019607843137
E00108512,394,71,21,50,323,28,295,18.02030456852792,5.32994923857868,12.690355329949238,81.97969543147208,7.1065989847715745,74.8730964467005
E00108513,298,44,17,27,254,15,239,14.76510067114094,5.704697986577181,9.060402684563758,85.23489932885906,5.033557046979865,80.20134228187919
E00108514,342,43,18,25,299,34,265,12.573099415204677,5.263157894736842,7.309941520467836,87.42690058479532,9.941520467836257,77.48538011695906
E00108515,300,44,13,31,256,32,224,14.666666666666666,4.333333333333334,10.333333333333334,85.33333333333334,10.666666666666668,74.66666666666667
E00108516,378,76,27,49,302,17,285,20.105820105820104,7.142857142857142,12.962962962962962,79.8941798941799,4.497354497354497,75.39682539682539
E00108517,415,71,14,57,344,19,325,17.10843373493976,3.3734939759036147,13.734939759036143,82.89156626506025,4.578313253012048,78.3132530120482
E00108518,330,45,16,29,285,28,257,13.636363636363635,4.848484848484849,8.787878787878787,86.36363636363636,8.484848484848486,77.87878787878788
E00108520,334,53,18,35,281,31,250,15.868263473053892,5.389221556886228,10.479041916167663,84.13173652694611,9.281437125748502,74.8502994011976
E00108521,319,50,13,37,269,20,249,15.673981191222571,4.075235109717868,11.598746081504702,84.32601880877742,6.269592476489027,78.0564263322884
E00108522,313,41,15,26,272,23,249,13.099041533546327,4.792332268370607,8.30670926517572,86.90095846645367,7.348242811501597,79.55271565495208
E00108523,250,30,8,22,220,29,191,12,3.2,8.799999999999999,88,11.600000000000001,76.4
E00108524,321,34,16,18,287,30,257,10.59190031152648,4.984423676012461,5.607476635514018,89.40809968847351,9.345794392523365,80.06230529595015
E00108525,255,80,27,53,175,21,154,31.372549019607842,10.588235294117647,20.784313725490197,68.62745098039215,8.235294117647058,60.3921568627451
E00108526,339,42,11,31,297,25,272,12.389380530973451,3.2448377581120944,9.144542772861357,87.61061946902655,7.374631268436578,80.23598820058997
E00108527,270,38,18,20,232,34,198,14.074074074074074,6.666666666666667,7.4074074074074066,85.92592592592592,12.592592592592592,73.33333333333333
E00108528,352,31,4,27,321,33,288,8.806818181818182,1.1363636363636365,7.670454545454546,91.19318181818183,9.375,81.81818181818183
E00108529,282,32,11,21,250,23,227,11.347517730496454,3.900709219858156,7.446808510638298,88.65248226950354,8.156028368794328,80.49645390070921
E00108530,473,62,19,43,411,32,379,13.107822410147993,4.0169133192389,9.090909090909092,86.89217758985201,6.765327695560254,80.12684989429175
E00108532,311,52,17,35,259,33,226,16.720257234726688,5.466237942122187,11.254019292604502,83.27974276527331,10.610932475884244,72.66881028938906
E00108533,397,72,25,47,325,22,303,18.1360201511335,6.297229219143577,11.838790931989925,81.86397984886649,5.541561712846348,76.32241813602015
E00108536,392,64,17,47,328,21,307,16.3265306122449,4.336734693877551,11.989795918367346,83.6734693877551,5.357142857142857,78.31632653061224
E00108537,445,71,34,37,374,54,320,15.955056179775282,7.640449438202247,8.314606741573034,84.04494382022472,12.134831460674157,71.91011235955057
E00108538,492,84,33,51,408,44,364,17.073170731707318,6.707317073170732,10.365853658536585,82.92682926829268,8.94308943089431,73.98373983739837
E00108539,261,46,14,32,215,25,190,17.624521072796934,5.363984674329502,12.260536398467432,82.37547892720306,9.578544061302683,72.79693486590038
E00108540,220,58,26,32,162,15,147,26.36363636363636,11.818181818181818,14.545454545454545,73.63636363636363,6.8181818181818175,66.81818181818183
E00108542,244,59,28,31,185,19,166,24.18032786885246,11.475409836065573,12.704918032786885,75.81967213114754,7.786885245901639,68.0327868852459
E00108543,390,96,45,51,294,24,270,24.615384615384617,11.538461538461538,13.076923076923078,75.38461538461539,6.153846153846154,69.23076923076923
E00108544,606,62,10,52,544,45,499,10.231023102310232,1.65016501650165,8.58085808580858,89.76897689768977,7.425742574257425,82.34323432343234
E00108545,190,51,27,24,139,14,125,26.842105263157894,14.210526315789473,12.631578947368421,73.15789473684211,7.368421052631578,65.78947368421053
E00108546,392,79,31,48,313,26,287,20.153061224489797,7.908163265306123,12.244897959183673,79.8469387755102,6.63265306122449,73.21428571428571
E00108547,332,81,45,36,251,30,221,24.397590361445783,13.55421686746988,10.843373493975903,75.6024096385542,9.036144578313253,66.56626506024097
E00108548,312,69,30,39,243,19,224,22.115384615384613,9.615384615384617,12.5,77.88461538461539,6.089743589743589,71.7948717948718
E00108549,322,62,24,38,260,21,239,19.25465838509317,7.453416149068323,11.801242236024844,80.74534161490683,6.521739130434782,74.22360248447205
E00108550,226,67,32,35,159,11,148,29.646017699115045,14.15929203539823,15.486725663716813,70.35398230088495,4.867256637168142,65.48672566371681
E00108551,259,63,29,34,196,25,171,24.324324324324326,11.196911196911197,13.127413127413126,75.67567567567568,9.652509652509652,66.02316602316603
E00108552,338,51,19,32,287,22,265,15.088757396449704,5.621301775147929,9.467455621301776,84.91124260355029,6.508875739644971,78.40236686390533
E00108553,438,74,27,47,364,28,336,16.894977168949772,6.164383561643835,10.730593607305936,83.10502283105022,6.392694063926941,76.71232876712328
E00108554,377,67,27,40,310,32,278,17.771883289124666,7.161803713527852,10.610079575596817,82.22811671087533,8.488063660477453,73.74005305039788
E00108555,307,55,23,32,252,19,233,17.91530944625407,7.491856677524431,10.423452768729643,82.08469055374593,6.188925081433225,75.8957654723127
E00108556,259,64,23,41,195,15,180,24.71042471042471,8.880308880308881,15.83011583011583,75.2895752895753,5.7915057915057915,69.4980694980695
E00108557,249,49,17,32,200,13,187,19.67871485943775,6.827309236947792,12.851405622489958,80.32128514056225,5.220883534136546,75.1004016064257
E00108559,263,52,21,31,211,16,195,19.771863117870723,7.984790874524715,11.787072243346007,80.22813688212928,6.083650190114068,74.1444866920152
E00108560,421,39,10,29,382,38,344,9.263657957244655,2.375296912114014,6.88836104513064,90.73634204275535,9.026128266033254,81.71021377672209
E00108561,296,47,18,29,249,19,230,15.878378378378377,6.081081081081082,9.797297297297296,84.12162162162163,6.418918918918918,77.7027027027027
E00108562,352,82,28,54,270,35,235,23.295454545454543,7.954545454545454,15.340909090909092,76.70454545454545,9.943181818181818,66.76136363636364
E00108563,307,78,35,43,229,16,213,25.407166123778502,11.400651465798045,14.006514657980457,74.5928338762215,5.211726384364821,69.38110749185668
E00108564,261,40,15,25,221,25,196,15.32567049808429,5.747126436781609,9.578544061302683,84.67432950191571,9.578544061302683,75.09578544061303
E00108566,350,80,31,49,270,27,243,22.857142857142858,8.857142857142856,14.000000000000002,77.14285714285715,7.7142857142857135,69.42857142857143
E00108567,353,72,22,50,281,30,251,20.396600566572236,6.232294617563739,14.164305949008499,79.60339943342775,8.498583569405099,71.10481586402267
E00108568,300,51,14,37,249,18,231,17,4.666666666666667,12.333333333333334,83,6,77
E00108569,336,54,18,36,282,21,261,16.071428571428573,5.357142857142857,10.714285714285714,83.92857142857143,6.25,77.67857142857143
E00108571,292,45,13,32,247,24,223,15.41095890410959,4.4520547945205475,10.95890410958904,84.58904109589042,8.21917808219178,76.36986301369863
E00108572,322,68,25,43,254,34,220,21.11801242236025,7.763975155279502,13.354037267080745,78.88198757763976,10.559006211180124,68.32298136645963
E00108573,312,44,13,31,268,15,253,14.102564102564102,4.166666666666666,9.935897435897436,85.8974358974359,4.807692307692308,81.08974358974359
E00108574,336,56,17,39,280,32,248,16.666666666666664,5.059523809523809,11.607142857142858,83.33333333333334,9.523809523809524,73.80952380952381
E00108575,283,46,24,22,237,17,220,16.25441696113074,8.480565371024735,7.773851590106007,83.74558303886926,6.007067137809187,77.73851590106007
E00108576,311,52,20,32,259,27,232,16.720257234726688,6.430868167202572,10.289389067524116,83.27974276527331,8.681672025723474,74.59807073954984
E00108577,285,48,22,26,237,18,219,16.842105263157894,7.719298245614035,9.12280701754386,83.15789473684211,6.315789473684211,76.84210526315789
E00108578,396,65,31,34,331,35,296,16.414141414141415,7.828282828282829,8.585858585858585,83.58585858585859,8.83838383838384,74.74747474747475
E00108579,372,50,16,34,322,38,284,13.440860215053762,4.301075268817205,9.13978494623656,86.55913978494624,10.21505376344086,76.34408602150538
E00108580,341,62,19,43,279,28,251,18.181818181818183,5.571847507331378,12.609970674486803,81.81818181818183,8.211143695014663,73.60703812316716
E00108581,345,41,12,29,304,31,273,11.884057971014492,3.4782608695652173,8.405797101449275,88.1159420289855,8.985507246376812,79.13043478260869
E00108582,206,34,11,23,172,14,158,16.50485436893204,5.339805825242718,11.165048543689322,83.49514563106796,6.796116504854369,76.69902912621359
E00108583,309,47,15,32,262,49,213,15.210355987055015,4.854368932038835,10.355987055016183,84.78964401294499,15.857605177993527,68.93203883495146
E00108584,527,85,34,51,442,48,394,16.129032258064516,6.451612903225806,9.67741935483871,83.87096774193549,9.108159392789373,74.76280834914611
E00108585,271,67,29,38,204,13,191,24.723247232472325,10.70110701107011,14.022140221402212,75.27675276752768,4.797047970479705,70.47970479704797
E00108586,295,49,13,36,246,24,222,16.610169491525422,4.406779661016949,12.203389830508476,83.38983050847457,8.135593220338983,75.2542372881356
E00108587,529,63,23,40,466,41,425,11.909262759924385,4.3478260869565215,7.561436672967864,88.09073724007561,7.750472589792061,80.34026465028356
E00108588,265,35,15,20,230,23,207,13.20754716981132,5.660377358490567,7.547169811320755,86.79245283018868,8.679245283018867,78.11320754716982
E00108589,300,46,13,33,254,23,231,15.333333333333332,4.333333333333334,11,84.66666666666667,7.666666666666666,77
E00108590,374,47,22,25,327,25,302,12.566844919786096,5.88235294117647,6.684491978609626,87.43315508021391,6.684491978609626,80.74866310160428
E00108591,366,69,29,40,297,25,272,18.852459016393443,7.923497267759563,10.92896174863388,81.14754098360656,6.830601092896176,74.31693989071039
E00108592,335,42,17,25,293,27,266,12.53731343283582,5.074626865671641,7.462686567164178,87.46268656716418,8.059701492537313,79.40298507462687
E00108593,305,51,15,36,254,38,216,16.721311475409838,4.918032786885246,11.80327868852459,83.27868852459017,12.459016393442624,70.81967213114754
E00108594,259,83,48,35,176,17,159,32.04633204633205,18.53281853281853,13.513513513513514,67.95366795366795,6.563706563706563,61.38996138996139
E00108595,213,69,26,43,144,17,127,32.3943661971831,12.206572769953052,20.187793427230048,67.6056338028169,7.981220657276995,59.624413145539904
E00108596,285,55,24,31,230,19,211,19.298245614035086,8.421052631578947,10.87719298245614,80.7017543859649,6.666666666666667,74.03508771929825
E00108597,259,51,13,38,208,22,186,19.69111969111969,5.019305019305019,14.671814671814673,80.3088803088803,8.494208494208493,71.81467181467181
E00108598,283,40,8,32,243,30,213,14.13427561837456,2.8268551236749118,11.307420494699647,85.86572438162544,10.60070671378092,75.26501766784452
E00108599,324,47,11,36,277,36,241,14.506172839506174,3.3950617283950617,11.11111111111111,85.49382716049382,11.11111111111111,74.38271604938271
E00108600,507,131,73,58,376,36,340,25.83826429980276,14.398422090729785,11.439842209072978,74.16173570019724,7.100591715976331,67.0611439842209
E00108601,268,55,17,38,213,23,190,20.522388059701495,6.343283582089552,14.17910447761194,79.47761194029852,8.582089552238806,70.8955223880597
E00108602,299,78,35,43,221,27,194,26.08695652173913,11.705685618729097,14.381270903010032,73.91304347826086,9.03010033444816,64.88294314381271
E00108603,564,77,31,46,487,45,442,13.652482269503546,5.49645390070922,8.156028368794328,86.34751773049646,7.9787234042553195,78.36879432624113
E00108604,285,60,25,35,225,22,203,21.052631578947366,8.771929824561402,12.280701754385964,78.94736842105263,7.719298245614035,71.2280701754386
E00108605,574,89,37,52,485,28,457,15.505226480836237,6.445993031358885,9.059233449477352,84.49477351916377,4.878048780487805,79.61672473867596
E00108606,342,50,17,33,292,23,269,14.619883040935672,4.970760233918129,9.649122807017543,85.38011695906432,6.725146198830409,78.65497076023392
E00108607,320,43,13,30,277,30,247,13.4375,4.0625,9.375,86.5625,9.375,77.1875
E00108608,423,72,25,47,351,26,325,17.02127659574468,5.91016548463357,11.11111111111111,82.97872340425532,6.1465721040189125,76.8321513002364
E00108609,222,30,7,23,192,26,166,13.513513513513514,3.153153153153153,10.36036036036036,86.48648648648648,11.711711711711711,74.77477477477478
E00108610,291,49,17,32,242,33,209,16.83848797250859,5.841924398625429,10.996563573883162,83.16151202749141,11.34020618556701,71.8213058419244
E00108611,291,52,21,31,239,28,211,17.869415807560138,7.216494845360824,10.652920962199312,82.13058419243985,9.621993127147768,72.5085910652921
E00108612,291,66,31,35,225,16,209,22.68041237113402,10.652920962199312,12.027491408934708,77.31958762886599,5.498281786941581,71.8213058419244
E00108613,364,59,18,41,305,35,270,16.208791208791208,4.945054945054945,11.263736263736265,83.79120879120879,9.615384615384617,74.17582417582418
E00108614,295,63,21,42,232,13,219,21.35593220338983,7.118644067796611,14.237288135593221,78.64406779661017,4.406779661016949,74.23728813559322
E00108616,564,81,25,56,483,44,439,14.361702127659576,4.432624113475177,9.929078014184398,85.63829787234043,7.801418439716312,77.83687943262412
E00108617,560,48,18,30,512,29,483,8.571428571428571,3.214285714285714,5.357142857142857,91.42857142857143,5.178571428571429,86.25
E00108618,404,35,8,27,369,30,339,8.663366336633663,1.9801980198019802,6.683168316831684,91.33663366336634,7.425742574257425,83.9108910891089
E00108619,495,58,18,40,437,39,398,11.717171717171718,3.6363636363636362,8.080808080808081,88.28282828282829,7.878787878787878,80.4040404040404
E00108620,295,28,10,18,267,23,244,9.491525423728813,3.389830508474576,6.101694915254238,90.5084745762712,7.796610169491526,82.71186440677965
E00108621,406,45,17,28,361,40,321,11.083743842364532,4.1871921182266005,6.896551724137931,88.91625615763546,9.852216748768473,79.06403940886699
E00108622,446,63,22,41,383,31,352,14.125560538116591,4.932735426008969,9.192825112107624,85.87443946188341,6.950672645739911,78.9237668161435
E00108623,507,52,18,34,455,29,426,10.256410256410255,3.5502958579881656,6.70611439842209,89.74358974358975,5.719921104536489,84.02366863905326
E00108624,371,47,16,31,324,40,284,12.668463611859837,4.31266846361186,8.355795148247978,87.33153638814017,10.781671159029651,76.54986522911051
E00108625,370,36,8,28,334,37,297,9.72972972972973,2.1621621621621623,7.567567567567568,90.27027027027027,10,80.27027027027027
E00108627,364,27,10,17,337,35,302,7.417582417582418,2.7472527472527473,4.670329670329671,92.58241758241759,9.615384615384617,82.96703296703298
E00108628,418,57,11,46,361,52,309,13.636363636363635,2.631578947368421,11.004784688995215,86.36363636363636,12.440191387559809,73.92344497607655
E00108629,333,46,16,30,287,27,260,13.813813813813812,4.804804804804805,9.00900900900901,86.18618618618619,8.108108108108109,78.07807807807808
E00108631,245,35,12,23,210,16,194,14.285714285714285,4.8979591836734695,9.387755102040817,85.71428571428571,6.530612244897959,79.18367346938776
E00108632,400,75,19,56,325,28,297,18.75,4.75,14.000000000000002,81.25,7.000000000000001,74.25
E00108634,463,68,36,32,395,39,356,14.686825053995682,7.775377969762419,6.911447084233262,85.31317494600432,8.423326133909287,76.88984881209502
E00108635,354,36,12,24,318,31,287,10.16949152542373,3.389830508474576,6.779661016949152,89.83050847457628,8.757062146892656,81.07344632768361
E00108636,392,56,21,35,336,32,304,14.285714285714285,5.357142857142857,8.928571428571429,85.71428571428571,8.16326530612245,77.55102040816327
E00108637,379,57,23,34,322,36,286,15.03957783641161,6.068601583113456,8.970976253298153,84.96042216358839,9.498680738786279,75.46174142480211
E00108638,404,103,59,44,301,27,274,25.495049504950494,14.603960396039604,10.891089108910892,74.5049504950495,6.683168316831684,67.82178217821783
E00108639,243,53,29,24,190,24,166,21.810699588477366,11.934156378600823,9.876543209876543,78.18930041152264,9.876543209876543,68.3127572016461
E00108640,258,67,40,27,191,26,165,25.968992248062015,15.503875968992247,10.465116279069768,74.03100775193798,10.077519379844961,63.95348837209303
E00108641,257,62,28,34,195,23,172,24.124513618677042,10.894941634241246,13.229571984435799,75.87548638132296,8.949416342412452,66.9260700389105
E00108642,238,31,6,25,207,26,181,13.025210084033615,2.5210084033613445,10.504201680672269,86.97478991596638,10.92436974789916,76.05042016806722
E00108643,332,44,20,24,288,31,257,13.253012048192772,6.024096385542169,7.228915662650602,86.74698795180723,9.33734939759036,77.40963855421687
E00108644,241,37,17,20,204,26,178,15.352697095435685,7.053941908713693,8.29875518672199,84.64730290456431,10.78838174273859,73.85892116182573
E00108645,351,63,24,39,288,21,267,17.94871794871795,6.837606837606838,11.11111111111111,82.05128205128204,5.982905982905983,76.06837606837607
E00108646,370,45,8,37,325,38,287,12.162162162162163,2.1621621621621623,10,87.83783783783784,10.27027027027027,77.56756756756756
E00108647,270,51,16,35,219,29,190,18.88888888888889,5.9259259259259265,12.962962962962962,81.11111111111111,10.74074074074074,70.37037037037037
E00108649,321,43,16,27,278,29,249,13.395638629283487,4.984423676012461,8.411214953271028,86.6043613707165,9.034267912772584,77.57009345794393
E00108650,283,52,15,37,231,30,201,18.374558303886925,5.30035335689046,13.074204946996467,81.62544169611307,10.60070671378092,71.02473498233216
E00108651,261,66,27,39,195,27,168,25.287356321839084,10.344827586206897,14.942528735632186,74.71264367816092,10.344827586206897,64.36781609195403
E00108652,396,60,23,37,336,37,299,15.151515151515152,5.808080808080808,9.343434343434344,84.84848484848484,9.343434343434344,75.5050505050505
E00108653,314,72,41,31,242,27,215,22.929936305732486,13.05732484076433,9.872611464968154,77.07006369426752,8.598726114649681,68.47133757961782
E00108654,309,44,14,30,265,31,234,14.239482200647249,4.53074433656958,9.70873786407767,85.76051779935275,10.032362459546926,75.72815533980582
E00108655,337,57,23,34,280,22,258,16.913946587537094,6.824925816023739,10.089020771513352,83.08605341246292,6.528189910979229,76.55786350148368
E00108656,393,70,30,40,323,26,297,17.8117048346056,7.633587786259542,10.178117048346055,82.1882951653944,6.615776081424936,75.57251908396947
E00108657,322,58,23,35,264,21,243,18.012422360248447,7.142857142857142,10.869565217391305,81.98757763975155,6.521739130434782,75.46583850931677
E00108658,270,61,24,37,209,20,189,22.59259259259259,8.88888888888889,13.703703703703704,77.4074074074074,7.4074074074074066,70
E00108659,282,36,10,26,246,28,218,12.76595744680851,3.546099290780142,9.219858156028367,87.2340425531915,9.929078014184398,77.30496453900709
E00108660,250,43,7,36,207,11,196,17.2,2.8000000000000003,14.399999999999999,82.8,4.3999999999999995,78.4
E00108661,379,94,34,60,285,26,259,24.80211081794195,8.970976253298153,15.8311345646438,75.19788918205805,6.860158311345646,68.33773087071239
E00108662,313,83,41,42,230,22,208,26.517571884984026,13.099041533546327,13.418530351437699,73.48242811501598,7.0287539936102235,66.45367412140575
E00108663,308,46,19,27,262,22,240,14.935064935064934,6.1688311688311686,8.766233766233766,85.06493506493507,7.142857142857142,77.92207792207793
E00108664,308,49,16,33,259,20,239,15.909090909090908,5.194805194805195,10.714285714285714,84.0909090909091,6.493506493506493,77.59740259740259
E00108665,288,62,26,36,226,29,197,21.52777777777778,9.027777777777777,12.5,78.47222222222221,10.069444444444445,68.40277777777779
E00108666,366,71,25,46,295,28,267,19.398907103825135,6.830601092896176,12.568306010928962,80.60109289617486,7.650273224043716,72.95081967213115
E00108667,269,74,38,36,195,16,179,27.509293680297397,14.12639405204461,13.382899628252787,72.4907063197026,5.947955390334572,66.54275092936803
E00108668,300,41,16,25,259,34,225,13.666666666666666,5.333333333333334,8.333333333333332,86.33333333333333,11.333333333333332,75
E00108669,291,46,23,23,245,29,216,15.807560137457044,7.903780068728522,7.903780068728522,84.19243986254295,9.965635738831615,74.22680412371135
E00108670,254,44,16,28,210,24,186,17.322834645669293,6.299212598425196,11.023622047244094,82.67716535433071,9.448818897637794,73.22834645669292
E00108671,271,68,41,27,203,17,186,25.092250922509223,15.129151291512915,9.96309963099631,74.90774907749078,6.273062730627306,68.63468634686348
E00108672,288,40,16,24,248,19,229,13.88888888888889,5.555555555555555,8.333333333333332,86.11111111111111,6.597222222222222,79.51388888888889
E00108673,336,58,23,35,278,23,255,17.261904761904763,6.845238095238096,10.416666666666668,82.73809523809523,6.845238095238096,75.89285714285714
E00108674,291,34,9,25,257,22,235,11.683848797250858,3.0927835051546393,8.59106529209622,88.31615120274914,7.560137457044673,80.75601374570446
E00108675,278,32,7,25,246,27,219,11.510791366906476,2.5179856115107913,8.992805755395683,88.48920863309353,9.712230215827338,78.77697841726618
E00108676,300,50,18,32,250,26,224,16.666666666666664,6,10.666666666666668,83.33333333333334,8.666666666666668,74.66666666666667
E00108677,379,98,62,36,281,22,259,25.857519788918204,16.358839050131927,9.498680738786279,74.14248021108179,5.804749340369393,68.33773087071239
E00108678,301,37,16,21,264,29,235,12.29235880398671,5.3156146179401995,6.976744186046512,87.70764119601328,9.634551495016613,78.07308970099668
E00108679,392,90,48,42,302,32,270,22.95918367346939,12.244897959183673,10.714285714285714,77.04081632653062,8.16326530612245,68.87755102040816
E00108680,313,37,10,27,276,27,249,11.821086261980831,3.1948881789137378,8.626198083067091,88.17891373801918,8.626198083067091,79.55271565495208
E00108681,283,56,17,39,227,29,198,19.78798586572438,6.007067137809187,13.780918727915195,80.21201413427562,10.247349823321555,69.96466431095406
E00108682,296,57,26,31,239,22,217,19.256756756756758,8.783783783783784,10.472972972972974,80.74324324324324,7.4324324324324325,73.3108108108108
E00108683,322,68,36,32,254,23,231,21.11801242236025,11.180124223602485,9.937888198757763,78.88198757763976,7.142857142857142,71.73913043478261
E00108684,230,40,23,17,190,19,171,17.391304347826086,10,7.391304347826087,82.6086956521739,8.26086956521739,74.34782608695653
E00108685,272,51,20,31,221,26,195,18.75,7.352941176470589,11.397058823529411,81.25,9.558823529411764,71.69117647058823
E00108686,277,46,10,36,231,21,210,16.60649819494585,3.6101083032490973,12.996389891696749,83.39350180505414,7.581227436823104,75.81227436823104
E00108687,268,49,18,31,219,24,195,18.28358208955224,6.7164179104477615,11.567164179104477,81.71641791044776,8.955223880597014,72.76119402985076
E00108688,140,14,3,11,126,8,118,10,2.142857142857143,7.857142857142857,90,5.714285714285714,84.28571428571429
E00108689,395,60,23,37,335,24,311,15.18987341772152,5.822784810126582,9.367088607594937,84.81012658227847,6.075949367088607,78.73417721518987
E00108690,385,50,15,35,335,43,292,12.987012987012985,3.896103896103896,9.090909090909092,87.01298701298701,11.168831168831169,75.84415584415585
E00108691,257,34,14,20,223,23,200,13.229571984435799,5.447470817120623,7.782101167315175,86.7704280155642,8.949416342412452,77.82101167315176
E00108692,314,74,27,47,240,26,214,23.56687898089172,8.598726114649681,14.968152866242038,76.43312101910828,8.280254777070063,68.15286624203821
E00108693,352,56,19,37,296,23,273,15.909090909090908,5.3977272727272725,10.511363636363637,84.0909090909091,6.534090909090909,77.55681818181817
E00108695,355,72,28,44,283,36,247,20.281690140845072,7.887323943661972,12.394366197183098,79.71830985915493,10.140845070422536,69.57746478873239
E00108696,240,38,12,26,202,15,187,15.833333333333332,5,10.833333333333334,84.16666666666667,6.25,77.91666666666667
E00108697,420,67,15,52,353,31,322,15.95238095238095,3.571428571428571,12.380952380952381,84.04761904761905,7.380952380952381,76.66666666666667
E00108698,329,45,9,36,284,22,262,13.677811550151976,2.735562310030395,10.94224924012158,86.32218844984803,6.68693009118541,79.63525835866263
E00108699,322,59,27,32,263,25,238,18.32298136645963,8.385093167701864,9.937888198757763,81.67701863354037,7.763975155279502,73.91304347826086
E00108700,418,62,24,38,356,30,326,14.832535885167463,5.741626794258373,9.090909090909092,85.16746411483254,7.177033492822966,77.99043062200957
E00108701,403,63,24,39,340,26,314,15.632754342431761,5.955334987593052,9.67741935483871,84.36724565756823,6.451612903225806,77.91563275434244
E00108702,281,71,21,50,210,19,191,25.26690391459075,7.473309608540925,17.793594306049823,74.73309608540926,6.761565836298933,67.97153024911033
E00108703,442,75,25,50,367,31,336,16.968325791855204,5.656108597285068,11.312217194570136,83.0316742081448,7.013574660633484,76.01809954751131
E00108704,292,44,16,28,248,31,217,15.068493150684931,5.47945205479452,9.58904109589041,84.93150684931507,10.616438356164384,74.31506849315068
E00108705,281,38,13,25,243,36,207,13.523131672597867,4.6263345195729535,8.896797153024911,86.47686832740213,12.811387900355871,73.66548042704626
E00108706,334,37,13,24,297,35,262,11.077844311377245,3.8922155688622757,7.18562874251497,88.92215568862275,10.479041916167663,78.44311377245509
E00108707,284,45,14,31,239,27,212,15.845070422535212,4.929577464788732,10.915492957746478,84.15492957746478,9.507042253521126,74.64788732394366
E00108708,306,41,12,29,265,32,233,13.398692810457517,3.9215686274509802,9.477124183006536,86.60130718954248,10.457516339869281,76.1437908496732
E00108709,140,19,4,15,121,13,108,13.571428571428571,2.857142857142857,10.714285714285714,86.42857142857143,9.285714285714286,77.14285714285715
E00108710,246,17,5,12,229,28,201,6.910569105691057,2.0325203252032518,4.878048780487805,93.08943089430895,11.38211382113821,81.70731707317073
E00108711,362,59,24,35,303,32,271,16.298342541436465,6.629834254143646,9.668508287292818,83.70165745856355,8.83977900552486,74.86187845303867
E00108712,363,49,18,31,314,40,274,13.498622589531681,4.958677685950414,8.539944903581267,86.50137741046832,11.019283746556475,75.48209366391184
E00108713,305,89,37,52,216,26,190,29.18032786885246,12.131147540983607,17.04918032786885,70.81967213114754,8.524590163934425,62.295081967213115
E00108714,334,43,17,26,291,21,270,12.874251497005988,5.089820359281437,7.784431137724551,87.12574850299401,6.287425149700598,80.83832335329342
E00108715,299,56,27,29,243,23,220,18.729096989966553,9.03010033444816,9.698996655518394,81.27090301003345,7.6923076923076925,73.57859531772574
E00108716,319,93,48,45,226,21,205,29.153605015673982,15.047021943573668,14.106583072100312,70.84639498432603,6.583072100313479,64.26332288401254
E00108717,314,45,10,35,269,28,241,14.331210191082802,3.1847133757961785,11.146496815286625,85.6687898089172,8.9171974522293,76.75159235668791
E00108718,346,33,8,25,313,25,288,9.53757225433526,2.312138728323699,7.225433526011561,90.46242774566474,7.225433526011561,83.23699421965318
E00108719,339,70,37,33,269,25,244,20.64896755162242,10.914454277286136,9.734513274336283,79.35103244837758,7.374631268436578,71.976401179941
E00108720,302,39,12,27,263,32,231,12.91390728476821,3.9735099337748347,8.940397350993377,87.08609271523179,10.596026490066226,76.49006622516556
E00108721,364,100,51,49,264,34,230,27.472527472527474,14.010989010989011,13.461538461538462,72.52747252747253,9.340659340659341,63.18681318681318
E00108722,190,30,12,18,160,10,150,15.789473684210526,6.315789473684211,9.473684210526317,84.21052631578947,5.263157894736842,78.94736842105263
E00108723,337,54,21,33,283,22,261,16.023738872403563,6.231454005934718,9.792284866468842,83.97626112759644,6.528189910979229,77.44807121661721
E00108724,311,55,19,36,256,25,231,17.684887459807076,6.109324758842444,11.57556270096463,82.31511254019293,8.038585209003216,74.27652733118971
E00108725,280,45,19,26,235,14,221,16.071428571428573,6.785714285714286,9.285714285714286,83.92857142857143,5,78.92857142857143
E00108726,266,52,24,28,214,22,192,19.548872180451127,9.022556390977442,10.526315789473683,80.45112781954887,8.270676691729323,72.18045112781954
E00108727,354,54,31,23,300,30,270,15.254237288135593,8.757062146892656,6.497175141242938,84.7457627118644,8.47457627118644,76.27118644067797
E00108728,427,73,33,40,354,29,325,17.096018735362996,7.728337236533958,9.367681498829041,82.90398126463701,6.791569086651054,76.11241217798595
E00108729,356,41,20,21,315,33,282,11.51685393258427,5.617977528089887,5.8988764044943816,88.48314606741573,9.269662921348315,79.21348314606742
E00108730,190,26,13,13,164,6,158,13.684210526315791,6.842105263157896,6.842105263157896,86.31578947368422,3.1578947368421053,83.15789473684211
E00108731,336,54,24,30,282,15,267,16.071428571428573,7.142857142857142,8.928571428571429,83.92857142857143,4.464285714285714,79.46428571428571
E00108732,456,77,31,46,379,42,337,16.885964912280702,6.798245614035088,10.087719298245613,83.1140350877193,9.210526315789473,73.90350877192982
E00108733,323,35,7,28,288,29,259,10.8359133126935,2.1671826625387,8.6687306501548,89.1640866873065,8.978328173374612,80.18575851393189
E00108734,363,60,27,33,303,30,273,16.528925619834713,7.43801652892562,9.090909090909092,83.47107438016529,8.264462809917356,75.20661157024794
E00108735,338,44,12,32,294,34,260,13.017751479289942,3.5502958579881656,9.467455621301776,86.98224852071006,10.059171597633137,76.92307692307693
E00108736,168,23,6,17,145,13,132,13.690476190476192,3.571428571428571,10.119047619047619,86.30952380952381,7.738095238095238,78.57142857142857
E00108737,371,51,19,32,320,33,287,13.746630727762804,5.121293800539084,8.62533692722372,86.25336927223721,8.89487870619946,77.35849056603774
E00108738,336,48,23,25,288,29,259,14.285714285714285,6.845238095238096,7.440476190476191,85.71428571428571,8.630952380952381,77.08333333333334
E00108739,325,60,25,35,265,40,225,18.461538461538463,7.6923076923076925,10.76923076923077,81.53846153846153,12.307692307692308,69.23076923076923
E00108740,322,50,16,34,272,25,247,15.527950310559005,4.968944099378882,10.559006211180124,84.472049689441,7.763975155279502,76.70807453416148
E00108741,327,63,22,41,264,21,243,19.26605504587156,6.727828746177369,12.538226299694188,80.73394495412845,6.422018348623854,74.31192660550458
E00108742,243,34,14,20,209,16,193,13.991769547325102,5.761316872427984,8.23045267489712,86.0082304526749,6.584362139917696,79.42386831275721
E00108743,198,32,14,18,166,26,140,16.161616161616163,7.07070707070707,9.090909090909092,83.83838383838383,13.131313131313133,70.70707070707071
E00108744,225,28,10,18,197,18,179,12.444444444444445,4.444444444444445,8,87.55555555555556,8,79.55555555555556
E00108746,202,28,8,20,174,15,159,13.861386138613863,3.9603960396039604,9.900990099009901,86.13861386138613,7.425742574257425,78.71287128712872
E00108748,213,42,13,29,171,29,142,19.718309859154928,6.103286384976526,13.615023474178404,80.28169014084507,13.615023474178404,66.66666666666666
E00108749,190,23,11,12,167,12,155,12.105263157894736,5.7894736842105265,6.315789473684211,87.89473684210526,6.315789473684211,81.57894736842105
E00108750,188,20,0,20,168,13,155,10.638297872340425,0,10.638297872340425,89.36170212765957,6.914893617021277,82.4468085106383
E00108751,129,15,4,11,114,18,96,11.627906976744185,3.10077519379845,8.527131782945736,88.37209302325581,13.953488372093023,74.4186046511628
E00108752,327,43,15,28,284,31,253,13.149847094801222,4.587155963302752,8.56269113149847,86.85015290519877,9.480122324159021,77.37003058103976
E00108753,206,22,8,14,184,17,167,10.679611650485436,3.8834951456310676,6.796116504854369,89.32038834951457,8.25242718446602,81.06796116504854
E00108754,154,20,6,14,134,10,124,12.987012987012985,3.896103896103896,9.090909090909092,87.01298701298701,6.493506493506493,80.51948051948052
E00108755,334,52,12,40,282,27,255,15.568862275449103,3.592814371257485,11.976047904191617,84.4311377245509,8.08383233532934,76.34730538922156
E00108756,298,42,15,27,256,23,233,14.093959731543624,5.033557046979865,9.060402684563758,85.90604026845638,7.718120805369128,78.18791946308725
E00108757,366,40,17,23,326,28,298,10.92896174863388,4.644808743169399,6.284153005464481,89.07103825136612,7.650273224043716,81.4207650273224
E00108758,363,63,27,36,300,13,287,17.355371900826448,7.43801652892562,9.917355371900827,82.64462809917356,3.581267217630854,79.06336088154269
E00108759,262,52,22,30,210,23,187,19.84732824427481,8.396946564885496,11.450381679389313,80.1526717557252,8.778625954198473,71.37404580152672
E00108760,360,45,19,26,315,24,291,12.5,5.277777777777778,7.222222222222221,87.5,6.666666666666667,80.83333333333333
E00108761,302,53,15,38,249,28,221,17.549668874172188,4.966887417218543,12.582781456953644,82.45033112582782,9.271523178807946,73.17880794701986
E00108762,514,109,54,55,405,42,363,21.20622568093385,10.505836575875486,10.700389105058365,78.79377431906615,8.171206225680933,70.62256809338521
E00108763,264,92,51,41,172,10,162,34.84848484848485,19.318181818181817,15.530303030303031,65.15151515151516,3.787878787878788,61.36363636363637
E00108764,356,83,41,42,273,29,244,23.314606741573034,11.51685393258427,11.797752808988763,76.68539325842697,8.146067415730338,68.53932584269663
E00108765,348,61,18,43,287,25,262,17.52873563218391,5.172413793103448,12.35632183908046,82.47126436781609,7.183908045977011,75.28735632183908
E00108766,377,59,21,38,318,36,282,15.649867374005305,5.570291777188329,10.079575596816976,84.3501326259947,9.549071618037134,74.80106100795756
E00108767,348,47,25,22,301,33,268,13.505747126436782,7.183908045977011,6.321839080459771,86.49425287356321,9.482758620689655,77.01149425287356
E00108768,475,74,25,49,401,37,364,15.578947368421053,5.263157894736842,10.31578947368421,84.42105263157896,7.7894736842105265,76.63157894736841
E00108769,132,14,3,11,118,10,108,10.606060606060606,2.272727272727273,8.333333333333332,89.39393939393939,7.575757575757576,81.81818181818183
E00108770,369,47,11,36,322,35,287,12.737127371273713,2.9810298102981028,9.75609756097561,87.26287262872629,9.48509485094851,77.77777777777779
E00108771,424,43,15,28,381,35,346,10.141509433962264,3.5377358490566038,6.60377358490566,89.85849056603774,8.254716981132075,81.60377358490565
E00108772,387,74,33,41,313,27,286,19.12144702842377,8.527131782945736,10.594315245478036,80.87855297157623,6.976744186046512,73.90180878552972
E00108773,339,60,19,41,279,24,255,17.699115044247787,5.604719764011799,12.094395280235988,82.30088495575221,7.079646017699115,75.22123893805309
E00108774,295,52,15,37,243,25,218,17.627118644067796,5.084745762711865,12.54237288135593,82.37288135593221,8.47457627118644,73.89830508474576
E00108775,256,32,9,23,224,17,207,12.5,3.515625,8.984375,87.5,6.640625,80.859375
E00108776,252,29,12,17,223,30,193,11.507936507936508,4.761904761904762,6.746031746031746,88.4920634920635,11.904761904761903,76.5873015873016
E00108777,333,45,13,32,288,23,265,13.513513513513514,3.903903903903904,9.60960960960961,86.48648648648648,6.906906906906906,79.57957957957959
E00108778,248,77,36,41,171,17,154,31.048387096774192,14.516129032258066,16.532258064516128,68.95161290322581,6.854838709677419,62.096774193548384
E00108779,282,39,19,20,243,15,228,13.829787234042554,6.73758865248227,7.092198581560284,86.17021276595744,5.319148936170213,80.85106382978722
E00108780,323,59,23,36,264,24,240,18.26625386996904,7.120743034055728,11.145510835913312,81.73374613003097,7.430340557275541,74.30340557275542
E00108781,266,30,8,22,236,17,219,11.278195488721805,3.007518796992481,8.270676691729323,88.7218045112782,6.390977443609022,82.33082706766918
E00108782,354,38,18,20,316,29,287,10.734463276836157,5.084745762711865,5.649717514124294,89.26553672316385,8.192090395480225,81.07344632768361
E00108783,353,66,31,35,287,27,260,18.69688385269122,8.78186968838527,9.91501416430595,81.30311614730878,7.64872521246459,73.65439093484419
E00108784,353,54,15,39,299,26,273,15.29745042492918,4.2492917847025495,11.048158640226628,84.70254957507082,7.365439093484419,77.33711048158641
E00108785,379,63,24,39,316,31,285,16.62269129287599,6.33245382585752,10.29023746701847,83.37730870712402,8.179419525065963,75.19788918205805
E00108786,285,26,4,22,259,21,238,9.12280701754386,1.4035087719298245,7.719298245614035,90.87719298245615,7.368421052631578,83.50877192982456
E00108787,289,41,19,22,248,21,227,14.186851211072666,6.5743944636678195,7.612456747404845,85.81314878892734,7.26643598615917,78.54671280276817
E00108788,421,78,36,42,343,16,327,18.52731591448931,8.551068883610451,9.97624703087886,81.47268408551069,3.800475059382423,77.67220902612827
E00108789,266,34,11,23,232,18,214,12.781954887218044,4.135338345864661,8.646616541353383,87.21804511278195,6.7669172932330826,80.45112781954887
E00108790,225,41,15,26,184,18,166,18.22222222222222,6.666666666666667,11.555555555555555,81.77777777777779,8,73.77777777777777
E00108791,202,42,21,21,160,17,143,20.792079207920793,10.396039603960396,10.396039603960396,79.20792079207921,8.415841584158416,70.79207920792079
E00108792,352,51,17,34,301,37,264,14.488636363636365,4.829545454545454,9.659090909090908,85.51136363636364,10.511363636363637,75
E00108793,242,32,11,21,210,20,190,13.223140495867769,4.545454545454546,8.677685950413224,86.77685950413223,8.264462809917356,78.51239669421489
E00108794,163,49,26,23,114,13,101,30.061349693251532,15.950920245398773,14.11042944785276,69.93865030674846,7.975460122699387,61.963190184049076
E00108795,350,72,25,47,278,35,243,20.57142857142857,7.142857142857142,13.428571428571429,79.42857142857143,10,69.42857142857143
E00108796,338,66,29,37,272,16,256,19.526627218934912,8.579881656804734,10.946745562130179,80.4733727810651,4.733727810650888,75.7396449704142
E00108797,222,113,86,27,109,11,98,50.9009009009009,38.73873873873874,12.162162162162163,49.0990990990991,4.954954954954955,44.14414414414414
E00108798,249,111,60,51,138,19,119,44.57831325301205,24.096385542168676,20.481927710843372,55.42168674698795,7.630522088353414,47.791164658634536
E00108799,331,73,25,48,258,20,238,22.054380664652566,7.552870090634441,14.501510574018129,77.94561933534743,6.042296072507553,71.90332326283988
E00108800,374,62,23,39,312,34,278,16.577540106951872,6.149732620320856,10.427807486631016,83.42245989304813,9.090909090909092,74.33155080213903
E00108801,292,59,17,42,233,12,221,20.205479452054796,5.821917808219178,14.383561643835616,79.7945205479452,4.10958904109589,75.68493150684932
E00108802,472,113,68,45,359,41,318,23.940677966101696,14.40677966101695,9.533898305084746,76.0593220338983,8.686440677966102,67.37288135593221
E00108803,211,65,37,28,146,21,125,30.80568720379147,17.535545023696685,13.270142180094787,69.19431279620854,9.95260663507109,59.241706161137444
E00108804,412,63,19,44,349,31,318,15.291262135922329,4.611650485436893,10.679611650485436,84.70873786407766,7.524271844660194,77.18446601941747
E00108805,329,46,18,28,283,33,250,13.98176291793313,5.47112462006079,8.51063829787234,86.01823708206688,10.030395136778116,75.98784194528876
E00108806,313,50,22,28,263,20,243,15.974440894568689,7.0287539936102235,8.945686900958465,84.02555910543131,6.3897763578274756,77.63578274760383
E00108807,185,37,15,22,148,10,138,20,8.108108108108109,11.891891891891893,80,5.405405405405405,74.5945945945946
E00108808,436,71,28,43,365,36,329,16.28440366972477,6.422018348623854,9.862385321100918,83.71559633027523,8.256880733944955,75.45871559633028
E00108809,324,57,19,38,267,42,225,17.59259259259259,5.864197530864197,11.728395061728394,82.4074074074074,12.962962962962962,69.44444444444444
E00108810,345,58,26,32,287,30,257,16.81159420289855,7.536231884057972,9.27536231884058,83.18840579710145,8.695652173913043,74.4927536231884
E00108811,298,54,24,30,244,30,214,18.120805369127517,8.053691275167784,10.06711409395973,81.87919463087249,10.06711409395973,71.81208053691275
E00108812,237,52,26,26,185,19,166,21.940928270042196,10.970464135021098,10.970464135021098,78.05907172995781,8.016877637130802,70.042194092827
E00108813,326,48,24,24,278,27,251,14.723926380368098,7.361963190184049,7.361963190184049,85.2760736196319,8.282208588957054,76.99386503067484
E00108814,314,68,27,41,246,31,215,21.656050955414013,8.598726114649681,13.05732484076433,78.343949044586,9.872611464968154,68.47133757961782
E00108815,260,43,13,30,217,18,199,16.538461538461537,5,11.538461538461538,83.46153846153847,6.923076923076923,76.53846153846153
E00108816,314,53,26,27,261,17,244,16.878980891719745,8.280254777070063,8.598726114649681,83.12101910828027,5.414012738853503,77.70700636942675
E00108817,281,44,9,35,237,30,207,15.658362989323843,3.202846975088968,12.455516014234876,84.34163701067615,10.676156583629894,73.66548042704626
E00108818,265,38,10,28,227,27,200,14.339622641509434,3.7735849056603774,10.566037735849058,85.66037735849056,10.18867924528302,75.47169811320755
E00108819,256,42,11,31,214,24,190,16.40625,4.296875,12.109375,83.59375,9.375,74.21875
E00108820,406,56,24,32,350,33,317,13.793103448275861,5.911330049261084,7.8817733990147785,86.20689655172413,8.12807881773399,78.07881773399015
E00108821,379,76,36,40,303,26,277,20.052770448548813,9.498680738786279,10.554089709762533,79.94722955145119,6.860158311345646,73.08707124010554
E00108822,249,39,12,27,210,22,188,15.66265060240964,4.819277108433735,10.843373493975903,84.33734939759037,8.835341365461847,75.50200803212851
E00108823,303,66,33,33,237,20,217,21.782178217821784,10.891089108910892,10.891089108910892,78.21782178217822,6.6006600660066,71.61716171617162
E00108824,446,55,24,31,391,40,351,12.331838565022421,5.381165919282512,6.950672645739911,87.66816143497758,8.968609865470851,78.69955156950674
E00108825,318,66,34,32,252,22,230,20.754716981132077,10.69182389937107,10.062893081761008,79.24528301886792,6.918238993710692,72.32704402515722
E00108826,305,38,15,23,267,31,236,12.459016393442624,4.918032786885246,7.540983606557377,87.54098360655738,10.163934426229508,77.37704918032787
E00108827,320,75,27,48,245,19,226,23.4375,8.4375,15,76.5625,5.9375,70.625
E00108828,254,50,13,37,204,20,184,19.68503937007874,5.118110236220472,14.566929133858267,80.31496062992126,7.874015748031496,72.44094488188976
E00108829,307,70,32,38,237,22,215,22.80130293159609,10.423452768729643,12.37785016286645,77.19869706840392,7.166123778501629,70.03257328990227
E00108831,303,47,22,25,256,13,243,15.51155115511551,7.2607260726072615,8.25082508250825,84.48844884488449,4.29042904290429,80.19801980198021
E00108832,313,47,14,33,266,24,242,15.015974440894569,4.472843450479233,10.543130990415335,84.98402555910543,7.667731629392971,77.31629392971246
E00108834,317,48,18,30,269,18,251,15.141955835962145,5.678233438485805,9.46372239747634,84.85804416403786,5.678233438485805,79.17981072555204
E00108836,367,63,18,45,304,17,287,17.166212534059948,4.904632152588556,12.26158038147139,82.83378746594006,4.632152588555858,78.2016348773842
E00108837,348,46,20,26,302,21,281,13.218390804597702,5.747126436781609,7.471264367816093,86.7816091954023,6.0344827586206895,80.74712643678161
E00108838,274,45,14,31,229,26,203,16.423357664233578,5.109489051094891,11.313868613138686,83.57664233576642,9.48905109489051,74.08759124087592
E00108839,324,47,16,31,277,26,251,14.506172839506174,4.938271604938271,9.5679012345679,85.49382716049382,8.024691358024691,77.46913580246914
E00108840,271,66,28,38,205,16,189,24.354243542435423,10.33210332103321,14.022140221402212,75.64575645756457,5.904059040590406,69.74169741697416
E00108841,318,69,29,40,249,20,229,21.69811320754717,9.119496855345911,12.578616352201259,78.30188679245283,6.289308176100629,72.0125786163522
E00108842,289,67,26,41,222,10,212,23.18339100346021,8.996539792387544,14.186851211072666,76.8166089965398,3.4602076124567476,73.35640138408304
E00108843,276,46,19,27,230,27,203,16.666666666666664,6.884057971014493,9.782608695652174,83.33333333333334,9.782608695652174,73.55072463768117
E00108845,324,62,32,30,262,34,228,19.1358024691358,9.876543209876543,9.25925925925926,80.8641975308642,10.493827160493826,70.37037037037037
E00108846,385,74,29,45,311,36,275,19.22077922077922,7.532467532467532,11.688311688311687,80.77922077922078,9.35064935064935,71.42857142857143
E00108847,266,46,16,30,220,20,200,17.293233082706767,6.015037593984962,11.278195488721805,82.70676691729322,7.518796992481203,75.18796992481202
E00108848,401,67,35,32,334,29,305,16.708229426433917,8.728179551122196,7.98004987531172,83.29177057356608,7.231920199501247,76.05985037406484
E00108849,398,51,14,37,347,18,329,12.814070351758794,3.5175879396984926,9.296482412060302,87.1859296482412,4.522613065326634,82.66331658291458
E00108850,265,54,15,39,211,19,192,20.37735849056604,5.660377358490567,14.716981132075471,79.62264150943396,7.169811320754717,72.45283018867924
E00108851,235,58,29,29,177,16,161,24.680851063829788,12.340425531914894,12.340425531914894,75.31914893617021,6.808510638297872,68.51063829787233
E00108852,312,54,30,24,258,25,233,17.307692307692307,9.615384615384617,7.6923076923076925,82.6923076923077,8.012820512820513,74.67948717948718
E00108853,260,74,34,40,186,23,163,28.46153846153846,13.076923076923078,15.384615384615385,71.53846153846153,8.846153846153847,62.69230769230769
E00108854,299,48,13,35,251,25,226,16.05351170568562,4.3478260869565215,11.705685618729097,83.94648829431438,8.361204013377927,75.58528428093646
E00108855,365,44,17,27,321,28,293,12.054794520547945,4.657534246575342,7.397260273972603,87.94520547945206,7.671232876712329,80.27397260273973
E00108856,226,36,12,24,190,23,167,15.929203539823009,5.3097345132743365,10.619469026548673,84.070796460177,10.176991150442479,73.89380530973452
E00108857,279,75,31,44,204,15,189,26.881720430107524,11.11111111111111,15.770609318996415,73.11827956989248,5.376344086021505,67.74193548387096
E00108858,291,62,28,34,229,18,211,21.305841924398624,9.621993127147768,11.683848797250858,78.69415807560138,6.185567010309279,72.5085910652921
E00108859,298,56,22,34,242,18,224,18.79194630872483,7.38255033557047,11.409395973154362,81.20805369127517,6.0402684563758395,75.16778523489933
E00108860,260,52,21,31,208,22,186,20,8.076923076923077,11.923076923076923,80,8.461538461538462,71.53846153846153
E00108861,345,60,21,39,285,28,257,17.391304347826086,6.086956521739131,11.304347826086957,82.6086956521739,8.115942028985506,74.4927536231884
E00108862,353,67,30,37,286,32,254,18.980169971671387,8.498583569405099,10.48158640226629,81.01983002832861,9.06515580736544,71.95467422096317
E00108863,384,71,27,44,313,40,273,18.489583333333336,7.03125,11.458333333333332,81.51041666666666,10.416666666666668,71.09375
E00108864,298,58,25,33,240,19,221,19.463087248322147,8.389261744966444,11.073825503355705,80.53691275167785,6.375838926174497,74.16107382550335
E00108865,269,50,25,25,219,29,190,18.587360594795538,9.293680297397769,9.293680297397769,81.41263940520446,10.780669144981413,70.63197026022306
E00108866,286,36,10,26,250,25,225,12.587412587412588,3.4965034965034967,9.090909090909092,87.41258741258741,8.741258741258742,78.67132867132867
E00108867,247,54,16,38,193,19,174,21.86234817813765,6.477732793522267,15.384615384615385,78.13765182186235,7.6923076923076925,70.44534412955466
E00108868,280,68,36,32,212,20,192,24.285714285714285,12.857142857142856,11.428571428571429,75.71428571428571,7.142857142857142,68.57142857142857
E00108869,261,46,16,30,215,21,194,17.624521072796934,6.130268199233716,11.494252873563218,82.37547892720306,8.045977011494253,74.32950191570882
E00108870,241,37,18,19,204,20,184,15.352697095435685,7.468879668049793,7.883817427385892,84.64730290456431,8.29875518672199,76.34854771784232
E00108871,317,54,23,31,263,25,238,17.034700315457414,7.255520504731862,9.779179810725552,82.96529968454259,7.886435331230284,75.0788643533123
E00108872,480,87,31,56,393,39,354,18.125,6.458333333333334,11.666666666666666,81.875,8.125,73.75
E00108873,125,19,8,11,106,9,97,15.2,6.4,8.799999999999999,84.8,7.199999999999999,77.60000000000001
E00108874,354,57,23,34,297,32,265,16.101694915254235,6.497175141242938,9.6045197740113,83.89830508474576,9.03954802259887,74.85875706214689
E00173953,280,43,14,29,237,26,211,15.357142857142858,5,10.357142857142858,84.64285714285714,9.285714285714286,75.35714285714286
E00173954,292,38,13,25,254,13,241,13.013698630136986,4.4520547945205475,8.561643835616438,86.98630136986301,4.4520547945205475,82.53424657534246
E00173955,244,26,8,18,218,16,202,10.655737704918032,3.278688524590164,7.377049180327869,89.34426229508196,6.557377049180328,82.78688524590164
E00173956,201,25,5,20,176,11,165,12.437810945273633,2.4875621890547266,9.950248756218906,87.56218905472637,5.472636815920398,82.08955223880598
E00173957,307,55,20,35,252,28,224,17.91530944625407,6.514657980456026,11.400651465798045,82.08469055374593,9.120521172638437,72.9641693811075
E00173959,274,45,16,29,229,18,211,16.423357664233578,5.839416058394161,10.583941605839415,83.57664233576642,6.569343065693431,77.00729927007299
E00173960,268,34,11,23,234,23,211,12.686567164179104,4.104477611940299,8.582089552238806,87.31343283582089,8.582089552238806,78.73134328358209
E00173961,308,43,17,26,265,22,243,13.96103896103896,5.51948051948052,8.441558441558442,86.03896103896103,7.142857142857142,78.8961038961039
E00173962,330,24,4,20,306,21,285,7.2727272727272725,1.2121212121212122,6.0606060606060606,92.72727272727272,6.363636363636363,86.36363636363636
E00173963,361,33,16,17,328,20,308,9.141274238227147,4.43213296398892,4.7091412742382275,90.85872576177285,5.540166204986149,85.3185595567867
E00173966,277,33,16,17,244,18,226,11.913357400722022,5.776173285198556,6.137184115523466,88.08664259927798,6.4981949458483745,81.58844765342961
E00173967,229,29,8,21,200,21,179,12.663755458515283,3.4934497816593884,9.170305676855897,87.33624454148472,9.170305676855897,78.16593886462883
E00173968,393,34,12,22,359,31,328,8.651399491094146,3.0534351145038165,5.597964376590331,91.34860050890585,7.888040712468193,83.46055979643766
E00173969,246,36,12,24,210,24,186,14.634146341463413,4.878048780487805,9.75609756097561,85.36585365853658,9.75609756097561,75.60975609756098
E00173970,363,34,6,28,329,29,300,9.366391184573002,1.6528925619834711,7.7134986225895315,90.633608815427,7.988980716253444,82.64462809917356
E00173971,402,53,14,39,349,28,321,13.184079601990051,3.482587064676617,9.701492537313433,86.81592039800995,6.965174129353234,79.8507462686567
E00173972,305,64,26,38,241,28,213,20.983606557377048,8.524590163934425,12.459016393442624,79.01639344262294,9.180327868852459,69.83606557377048
E00173973,263,40,10,30,223,24,199,15.209125475285171,3.802281368821293,11.406844106463879,84.79087452471484,9.125475285171103,75.66539923954373
E00173974,214,38,13,25,176,9,167,17.75700934579439,6.074766355140187,11.682242990654206,82.2429906542056,4.205607476635514,78.03738317757009
E00173975,273,30,10,20,243,18,225,10.989010989010989,3.6630036630036633,7.326007326007327,89.01098901098901,6.593406593406594,82.41758241758241
E00173976,248,47,14,33,201,13,188,18.951612903225808,5.64516129032258,13.306451612903224,81.04838709677419,5.241935483870968,75.80645161290323
E00173977,348,46,23,23,302,28,274,13.218390804597702,6.609195402298851,6.609195402298851,86.7816091954023,8.045977011494253,78.73563218390804
E00173978,348,33,9,24,315,16,299,9.482758620689655,2.586206896551724,6.896551724137931,90.51724137931035,4.597701149425287,85.91954022988506
E00173979,330,40,14,26,290,14,276,12.121212121212121,4.242424242424243,7.878787878787878,87.87878787878788,4.242424242424243,83.63636363636363
E00173980,278,41,14,27,237,21,216,14.748201438848922,5.0359712230215825,9.712230215827338,85.25179856115108,7.553956834532374,77.6978417266187
E00173981,234,34,12,22,200,21,179,14.529914529914532,5.128205128205128,9.401709401709402,85.47008547008546,8.974358974358974,76.49572649572649
E00173982,306,27,9,18,279,31,248,8.823529411764707,2.941176470588235,5.88235294117647,91.17647058823529,10.130718954248366,81.04575163398692
E00173983,276,34,9,25,242,26,216,12.318840579710146,3.260869565217391,9.057971014492754,87.68115942028986,9.420289855072465,78.26086956521739
E00173984,350,50,16,34,300,21,279,14.285714285714285,4.571428571428571,9.714285714285714,85.71428571428571,6,79.71428571428572
E00173985,379,56,28,28,323,24,299,14.775725593667547,7.387862796833773,7.387862796833773,85.22427440633246,6.33245382585752,78.89182058047494
E00173986,253,27,12,15,226,12,214,10.67193675889328,4.743083003952568,5.928853754940711,89.32806324110672,4.743083003952568,84.58498023715416
E00173987,584,95,36,59,489,31,458,16.267123287671232,6.164383561643835,10.102739726027398,83.73287671232876,5.308219178082192,78.42465753424658
E00173988,451,126,75,51,325,30,295,27.93791574279379,16.62971175166297,11.30820399113082,72.06208425720621,6.651884700665188,65.41019955654102
E00173989,329,34,10,24,295,17,278,10.33434650455927,3.0395136778115504,7.29483282674772,89.66565349544074,5.167173252279635,84.49848024316108
E00173990,330,62,26,36,268,30,238,18.787878787878785,7.878787878787878,10.909090909090908,81.21212121212122,9.090909090909092,72.12121212121212
E00173991,130,34,12,22,96,10,86,26.153846153846157,9.230769230769232,16.923076923076923,73.84615384615385,7.6923076923076925,66.15384615384615
E00173992,366,44,17,27,322,25,297,12.021857923497267,4.644808743169399,7.377049180327869,87.97814207650273,6.830601092896176,81.14754098360656
E00173993,290,29,11,18,261,29,232,10,3.793103448275862,6.206896551724138,90,10,80
E00173994,271,37,14,23,234,22,212,13.653136531365314,5.166051660516605,8.487084870848708,86.34686346863468,8.118081180811808,78.22878228782287
E00173995,279,33,15,18,246,20,226,11.827956989247312,5.376344086021505,6.451612903225806,88.17204301075269,7.168458781362006,81.00358422939068
E00173996,377,68,22,46,309,37,272,18.037135278514587,5.835543766578249,12.20159151193634,81.9628647214854,9.814323607427056,72.14854111405835
E00173997,153,19,4,15,134,18,116,12.418300653594772,2.6143790849673203,9.803921568627452,87.58169934640523,11.76470588235294,75.81699346405229
E00173998,283,33,9,24,250,16,234,11.66077738515901,3.180212014134275,8.480565371024735,88.33922261484098,5.6537102473498235,82.68551236749117
E00188019,388,72,37,35,316,23,293,18.556701030927837,9.536082474226804,9.02061855670103,81.44329896907216,5.927835051546391,75.51546391752578
E00188029,346,32,7,25,314,24,290,9.248554913294797,2.023121387283237,7.225433526011561,90.7514450867052,6.9364161849710975,83.8150289017341
E00188032,253,37,19,18,216,18,198,14.624505928853754,7.5098814229249005,7.114624505928854,85.37549407114624,7.114624505928854,78.26086956521739
E00188033,321,32,10,22,289,27,262,9.968847352024921,3.115264797507788,6.853582554517133,90.03115264797508,8.411214953271028,81.61993769470405
E00188036,283,26,6,20,257,20,237,9.187279151943462,2.1201413427561837,7.06713780918728,90.81272084805654,7.06713780918728,83.74558303886926
E00188038,322,47,20,27,275,22,253,14.596273291925465,6.211180124223603,8.385093167701864,85.40372670807453,6.832298136645963,78.57142857142857
E00188041,341,28,9,19,313,26,287,8.211143695014663,2.6392961876832843,5.571847507331378,91.78885630498533,7.624633431085044,84.1642228739003
E00188045,284,44,17,27,240,25,215,15.492957746478872,5.985915492957746,9.507042253521126,84.50704225352112,8.80281690140845,75.70422535211267
E00188061,345,75,45,30,270,18,252,21.73913043478261,13.043478260869565,8.695652173913043,78.26086956521739,5.217391304347826,73.04347826086956
E00188068,355,35,9,26,320,29,291,9.859154929577464,2.535211267605634,7.323943661971831,90.14084507042254,8.169014084507042,81.97183098591549
E00188070,338,53,26,27,285,25,260,15.680473372781064,7.6923076923076925,7.988165680473373,84.31952662721893,7.396449704142012,76.92307692307693
E00188080,206,48,16,32,158,19,139,23.300970873786408,7.766990291262135,15.53398058252427,76.69902912621359,9.223300970873787,67.47572815533981
E00188081,328,13,0,13,315,24,291,3.9634146341463414,0,3.9634146341463414,96.03658536585365,7.317073170731707,88.71951219512195
E00188088,259,36,16,20,223,21,202,13.8996138996139,6.177606177606178,7.722007722007722,86.10038610038609,8.108108108108109,77.99227799227799
E00188096,280,27,10,17,253,14,239,9.642857142857144,3.571428571428571,6.071428571428571,90.35714285714286,5,85.35714285714285
E00188097,341,43,14,29,298,18,280,12.609970674486803,4.105571847507331,8.504398826979472,87.3900293255132,5.278592375366569,82.11143695014663
E00188106,245,36,11,25,209,12,197,14.69387755102041,4.489795918367347,10.204081632653061,85.3061224489796,4.8979591836734695,80.40816326530611
E00188109,241,43,18,25,198,14,184,17.842323651452283,7.468879668049793,10.37344398340249,82.15767634854771,5.809128630705394,76.34854771784232
E00188112,359,26,9,17,333,32,301,7.242339832869081,2.5069637883008355,4.735376044568245,92.75766016713092,8.913649025069638,83.84401114206128
E00188116,270,27,6,21,243,18,225,10,2.2222222222222223,7.777777777777778,90,6.666666666666667,83.33333333333334
E00188118,228,78,48,30,150,15,135,34.21052631578947,21.052631578947366,13.157894736842104,65.78947368421053,6.578947368421052,59.210526315789465
E00188119,327,31,7,24,296,25,271,9.480122324159021,2.1406727828746175,7.339449541284404,90.51987767584097,7.64525993883792,82.87461773700305
E00188125,224,32,9,23,192,16,176,14.285714285714285,4.017857142857143,10.267857142857142,85.71428571428571,7.142857142857142,78.57142857142857
E00188130,287,52,25,27,235,23,212,18.118466898954704,8.710801393728223,9.40766550522648,81.8815331010453,8.013937282229964,73.86759581881533
E00188146,270,57,27,30,213,22,191,21.11111111111111,10,11.11111111111111,78.88888888888889,8.148148148148149,70.74074074074073
E00188151,311,50,16,34,261,23,238,16.077170418006432,5.144694533762058,10.932475884244374,83.92282958199357,7.395498392282958,76.52733118971061
E00188157,279,39,13,26,240,24,216,13.978494623655912,4.659498207885305,9.31899641577061,86.02150537634408,8.60215053763441,77.41935483870968
E00188166,148,30,15,15,118,4,114,20.27027027027027,10.135135135135135,10.135135135135135,79.72972972972973,2.7027027027027026,77.02702702702703
E00188167,378,52,17,35,326,37,289,13.756613756613756,4.497354497354497,9.25925925925926,86.24338624338624,9.788359788359788,76.45502645502646
