OA,ts0590001,ts0590002,ts0590003,ts0590004,ts0590005,ts0590006,ts0590007,ts0590002_PCT,ts0590003_PCT,ts0590004_PCT,ts0590005_PCT,ts0590006_PCT,ts0590007_PCT
E00079367,168,48,8,40,120,104,16,28.57142857142857,4.761904761904762,23.809523809523807,71.42857142857143,61.904761904761905,9.523809523809524
E00079368,145,44,9,35,101,85,16,30.344827586206897,6.206896551724138,24.137931034482758,69.6551724137931,58.620689655172406,11.03448275862069
E00079369,218,75,25,50,143,125,18,34.403669724770644,11.46788990825688,22.93577981651376,65.59633027522935,57.3394495412844,8.256880733944955
E00079370,172,68,32,36,104,92,12,39.53488372093023,18.6046511627907,20.930232558139537,60.46511627906976,53.48837209302325,6.976744186046512
E00079371,196,63,22,41,133,115,18,32.142857142857146,11.224489795918368,20.918367346938776,67.85714285714286,58.673469387755105,9.183673469387756
E00079372,229,67,23,44,162,120,42,29.257641921397383,10.043668122270741,19.213973799126638,70.74235807860262,52.40174672489083,18.340611353711793
E00079373,185,57,23,34,128,106,22,30.810810810810814,12.432432432432433,18.37837837837838,69.1891891891892,57.2972972972973,11.891891891891893
E00079374,207,69,30,39,138,120,18,33.33333333333333,14.492753623188406,18.84057971014493,66.66666666666666,57.971014492753625,8.695652173913043
E00079375,166,41,14,27,125,111,14,24.69879518072289,8.433734939759036,16.265060240963855,75.30120481927712,66.86746987951807,8.433734939759036
E00079376,204,51,21,30,153,134,19,25,10.294117647058822,14.705882352941178,75,65.68627450980392,9.313725490196079
E00079377,176,37,10,27,139,120,19,21.022727272727273,5.681818181818182,15.340909090909092,78.97727272727273,68.18181818181817,10.795454545454545
E00079378,160,46,13,33,114,92,22,28.749999999999996,8.125,20.625,71.25,57.49999999999999,13.750000000000002
E00079379,166,52,21,31,114,99,15,31.32530120481928,12.650602409638553,18.67469879518072,68.67469879518072,59.63855421686747,9.036144578313253
E00079380,181,56,18,38,125,103,22,30.939226519337016,9.94475138121547,20.994475138121548,69.06077348066299,56.9060773480663,12.154696132596685
E00079381,190,47,16,31,143,122,21,24.736842105263158,8.421052631578947,16.315789473684212,75.26315789473685,64.21052631578948,11.052631578947368
E00079382,189,58,19,39,131,115,16,30.687830687830687,10.052910052910052,20.634920634920633,69.31216931216932,60.84656084656085,8.465608465608465
E00079383,188,51,16,35,137,121,16,27.127659574468083,8.51063829787234,18.617021276595743,72.87234042553192,64.36170212765957,8.51063829787234
E00079384,181,54,20,34,127,106,21,29.83425414364641,11.049723756906078,18.784530386740332,70.1657458563536,58.5635359116022,11.602209944751381
E00079385,208,57,21,36,151,128,23,27.403846153846157,10.096153846153847,17.307692307692307,72.59615384615384,61.53846153846154,11.057692307692307
E00079386,176,66,24,42,110,94,16,37.5,13.636363636363635,23.863636363636363,62.5,53.40909090909091,9.090909090909092
E00079387,125,45,17,28,80,68,12,36,13.600000000000001,22.400000000000002,64,54.400000000000006,9.6
E00079388,211,107,26,81,104,95,9,50.71090047393365,12.322274881516588,38.388625592417064,49.28909952606635,45.023696682464454,4.265402843601896
E00079389,172,67,21,46,105,98,7,38.95348837209303,12.209302325581394,26.744186046511626,61.04651162790697,56.97674418604651,4.069767441860465
E00079390,145,54,22,32,91,79,12,37.24137931034483,15.172413793103448,22.06896551724138,62.758620689655174,54.48275862068965,8.275862068965518
E00079392,176,88,24,64,88,76,12,50,13.636363636363635,36.36363636363637,50,43.18181818181818,6.8181818181818175
E00079393,237,75,20,55,162,140,22,31.645569620253166,8.438818565400844,23.20675105485232,68.35443037974683,59.07172995780591,9.282700421940929
E00079395,150,47,15,32,103,91,12,31.333333333333336,10,21.333333333333336,68.66666666666667,60.66666666666667,8
E00079397,112,48,12,36,64,58,6,42.857142857142854,10.714285714285714,32.142857142857146,57.14285714285714,51.78571428571429,5.357142857142857
E00079398,199,80,23,57,119,102,17,40.20100502512563,11.557788944723619,28.643216080402013,59.798994974874375,51.256281407035175,8.542713567839195
E00079400,209,103,35,68,106,96,10,49.282296650717704,16.74641148325359,32.535885167464116,50.717703349282296,45.933014354066984,4.784688995215311
E00079401,185,61,19,42,124,106,18,32.972972972972975,10.27027027027027,22.702702702702705,67.02702702702703,57.2972972972973,9.72972972972973
E00079402,184,52,15,37,132,125,7,28.26086956521739,8.152173913043478,20.108695652173914,71.73913043478261,67.93478260869566,3.804347826086957
E00079403,115,69,20,49,46,38,8,60,17.391304347826086,42.608695652173914,40,33.04347826086956,6.956521739130435
E00079404,144,66,22,44,78,69,9,45.83333333333333,15.277777777777779,30.555555555555557,54.166666666666664,47.91666666666667,6.25
E00079405,36,18,8,10,18,17,1,50,22.22222222222222,27.77777777777778,50,47.22222222222222,2.7777777777777777
E00079406,198,91,31,60,107,93,14,45.95959595959596,15.656565656565657,30.303030303030305,54.04040404040404,46.96969696969697,7.07070707070707
E00079407,146,60,25,35,86,79,7,41.0958904109589,17.123287671232877,23.972602739726025,58.9041095890411,54.109589041095894,4.794520547945205
E00079408,106,34,11,23,72,62,10,32.075471698113205,10.377358490566039,21.69811320754717,67.9245283018868,58.490566037735846,9.433962264150944
E00079409,112,38,12,26,74,65,9,33.92857142857143,10.714285714285714,23.214285714285715,66.07142857142857,58.03571428571429,8.035714285714286
E00079410,122,56,21,35,66,62,4,45.90163934426229,17.21311475409836,28.688524590163933,54.09836065573771,50.81967213114754,3.278688524590164
E00079411,166,76,31,45,90,80,10,45.78313253012048,18.67469879518072,27.10843373493976,54.21686746987952,48.19277108433735,6.024096385542169
E00079412,167,66,19,47,101,86,15,39.52095808383233,11.377245508982035,28.143712574850298,60.47904191616767,51.49700598802395,8.982035928143713
E00079413,204,89,33,56,115,102,13,43.627450980392155,16.176470588235293,27.450980392156865,56.372549019607845,50,6.372549019607843
E00079414,188,67,20,47,121,108,13,35.638297872340424,10.638297872340425,25,64.36170212765957,57.446808510638306,6.914893617021277
E00079415,190,101,26,75,89,72,17,53.1578947368421,13.684210526315791,39.473684210526315,46.8421052631579,37.89473684210527,8.947368421052632
E00079416,85,19,3,16,66,55,11,22.35294117647059,3.5294117647058822,18.823529411764707,77.64705882352942,64.70588235294117,12.941176470588237
E00079417,227,80,34,46,147,127,20,35.24229074889868,14.977973568281937,20.26431718061674,64.75770925110133,55.947136563876654,8.81057268722467
E00079418,179,72,32,40,107,95,12,40.22346368715084,17.877094972067038,22.3463687150838,59.77653631284916,53.072625698324025,6.70391061452514
E00079419,150,55,21,34,95,85,10,36.666666666666664,14.000000000000002,22.666666666666664,63.33333333333333,56.666666666666664,6.666666666666667
E00079420,197,73,29,44,124,110,14,37.055837563451774,14.720812182741117,22.33502538071066,62.944162436548226,55.83756345177665,7.1065989847715745
E00079421,206,80,30,50,126,107,19,38.83495145631068,14.563106796116504,24.271844660194176,61.165048543689316,51.94174757281553,9.223300970873787
E00079422,187,61,15,46,126,112,14,32.62032085561498,8.0213903743315509,24.598930481283425,67.37967914438502,59.893048128342244,7.4866310160427805
E00079423,127,29,7,22,98,86,12,22.83464566929134,5.511811023622047,17.322834645669293,77.16535433070865,67.71653543307087,9.448818897637794
E00079424,185,59,16,43,126,111,15,31.891891891891895,8.64864864864865,23.243243243243246,68.10810810810811,60,8.108108108108109
E00079425,204,42,13,29,162,139,23,20.588235294117645,6.372549019607843,14.215686274509803,79.41176470588235,68.13725490196079,11.27450980392157
E00079426,154,44,19,25,110,103,7,28.57142857142857,12.337662337662337,16.233766233766232,71.42857142857143,66.88311688311688,4.545454545454546
E00079427,137,38,14,24,99,87,12,27.73722627737226,10.218978102189782,17.51824817518248,72.26277372262774,63.503649635036496,8.75912408759124
E00079428,139,43,13,30,96,84,12,30.935251798561154,9.352517985611511,21.58273381294964,69.06474820143885,60.431654676258994,8.633093525179856
E00079429,135,43,11,32,92,81,11,31.851851851851855,8.148148148148149,23.703703703703706,68.14814814814815,60,8.148148148148149
E00079430,186,55,22,33,131,118,13,29.56989247311828,11.827956989247312,17.741935483870968,70.43010752688173,63.44086021505376,6.989247311827956
E00079431,49,3,1,2,46,46,0,6.122448979591836,2.0408163265306123,4.081632653061225,93.87755102040816,93.87755102040816,0
E00079432,152,36,15,21,116,102,14,23.684210526315788,9.868421052631579,13.815789473684212,76.31578947368422,67.10526315789474,9.210526315789473
E00079433,163,47,16,31,116,105,11,28.834355828220858,9.815950920245399,19.018404907975462,71.16564417177914,64.41717791411043,6.748466257668712
E00079434,153,33,9,24,120,106,14,21.568627450980394,5.88235294117647,15.686274509803921,78.43137254901961,69.28104575163398,9.15032679738562
E00079435,163,38,12,26,125,102,23,23.31288343558282,7.361963190184049,15.950920245398773,76.68711656441718,62.57668711656442,14.11042944785276
E00079436,143,44,12,32,99,84,15,30.76923076923077,8.391608391608392,22.377622377622377,69.23076923076923,58.74125874125874,10.48951048951049
E00079437,213,70,22,48,143,121,22,32.863849765258216,10.328638497652582,22.535211267605636,67.13615023474179,56.8075117370892,10.328638497652582
E00079438,159,45,14,31,114,95,19,28.30188679245283,8.80503144654088,19.49685534591195,71.69811320754717,59.74842767295597,11.949685534591195
E00079439,165,50,14,36,115,101,14,30.303030303030305,8.484848484848486,21.818181818181817,69.6969696969697,61.212121212121204,8.484848484848486
E00079440,118,34,7,27,84,77,7,28.8135593220339,5.932203389830509,22.88135593220339,71.1864406779661,65.2542372881356,5.932203389830509
E00079441,165,40,18,22,125,109,16,24.242424242424242,10.909090909090908,13.333333333333334,75.75757575757575,66.06060606060606,9.696969696969697
E00079442,168,57,19,38,111,95,16,33.92857142857143,11.30952380952381,22.61904761904762,66.07142857142857,56.547619047619044,9.523809523809524
E00079443,160,47,17,30,113,94,19,29.375,10.625,18.75,70.625,58.75,11.875
E00079444,141,44,20,24,97,82,15,31.20567375886525,14.184397163120568,17.02127659574468,68.79432624113475,58.156028368794324,10.638297872340425
E00079445,152,37,11,26,115,96,19,24.342105263157894,7.236842105263158,17.105263157894736,75.6578947368421,63.1578947368421,12.5
E00079446,157,47,12,35,110,94,16,29.936305732484076,7.643312101910828,22.29299363057325,70.06369426751591,59.87261146496815,10.191082802547772
E00079447,178,44,11,33,134,111,23,24.719101123595504,6.179775280898876,18.53932584269663,75.28089887640449,62.35955056179775,12.921348314606742
E00079448,166,38,13,25,128,121,7,22.89156626506024,7.83132530120482,15.060240963855422,77.10843373493977,72.89156626506023,4.216867469879518
E00079449,142,59,21,38,83,76,7,41.54929577464789,14.788732394366196,26.76056338028169,58.45070422535211,53.52112676056338,4.929577464788732
E00079450,180,49,11,38,131,122,9,27.22222222222222,6.111111111111111,21.11111111111111,72.77777777777777,67.77777777777779,5
E00079451,136,58,25,33,78,70,8,42.64705882352941,18.38235294117647,24.264705882352942,57.35294117647059,51.470588235294116,5.88235294117647
E00079452,159,60,21,39,99,88,11,37.735849056603776,13.20754716981132,24.528301886792452,62.264150943396224,55.34591194968554,6.918238993710692
E00079453,143,51,21,30,92,84,8,35.66433566433567,14.685314685314685,20.97902097902098,64.33566433566433,58.74125874125874,5.594405594405594
E00079454,235,48,12,36,187,155,32,20.425531914893615,5.106382978723404,15.319148936170212,79.57446808510639,65.95744680851064,13.617021276595745
E00079455,144,53,15,38,91,77,14,36.80555555555556,10.416666666666668,26.38888888888889,63.19444444444444,53.47222222222222,9.722222222222223
E00079456,236,84,27,57,152,136,16,35.59322033898305,11.440677966101696,24.152542372881356,64.40677966101694,57.6271186440678,6.779661016949152
E00079457,127,40,19,21,87,81,6,31.496062992125985,14.960629921259844,16.535433070866144,68.50393700787401,63.77952755905512,4.724409448818897
E00079458,197,88,31,57,109,92,17,44.67005076142132,15.736040609137056,28.934010152284262,55.32994923857868,46.7005076142132,8.629441624365482
E00079460,197,48,13,35,149,137,12,24.36548223350254,6.598984771573605,17.766497461928935,75.63451776649747,69.54314720812182,6.091370558375635
E00079461,145,33,14,19,112,104,8,22.758620689655174,9.655172413793103,13.10344827586207,77.24137931034483,71.72413793103448,5.517241379310345
E00079462,128,39,8,31,89,82,7,30.46875,6.25,24.21875,69.53125,64.0625,5.46875
E00079463,147,47,18,29,100,90,10,31.97278911564626,12.244897959183673,19.727891156462583,68.02721088435374,61.224489795918366,6.802721088435375
E00079465,180,49,16,33,131,117,14,27.22222222222222,8.88888888888889,18.333333333333332,72.77777777777777,65,7.777777777777778
E00079466,187,54,16,38,133,116,17,28.87700534759358,8.55614973262032,20.32085561497326,71.12299465240642,62.03208556149733,9.090909090909092
E00079467,156,44,11,33,112,106,6,28.205128205128204,7.051282051282051,21.153846153846153,71.7948717948718,67.94871794871796,3.8461538461538463
E00079468,187,49,18,31,138,122,16,26.203208556149733,9.62566844919786,16.577540106951872,73.79679144385027,65.24064171122996,8.55614973262032
E00079469,136,38,12,26,98,85,13,27.941176470588236,8.823529411764707,19.11764705882353,72.05882352941177,62.5,9.558823529411764
E00079471,195,68,20,48,127,115,12,34.87179487179487,10.256410256410255,24.615384615384617,65.12820512820512,58.97435897435898,6.153846153846154
E00079472,173,60,19,41,113,105,8,34.68208092485549,10.982658959537572,23.699421965317917,65.3179190751445,60.69364161849711,4.624277456647398
E00079473,245,92,30,62,153,132,21,37.55102040816327,12.244897959183673,25.30612244897959,62.44897959183674,53.87755102040816,8.571428571428571
E00079474,158,49,18,31,109,94,15,31.0126582278481,11.39240506329114,19.62025316455696,68.9873417721519,59.49367088607595,9.49367088607595
E00079475,215,79,35,44,136,122,14,36.74418604651163,16.27906976744186,20.46511627906977,63.25581395348837,56.74418604651162,6.511627906976744
E00079476,207,66,23,43,141,128,13,31.88405797101449,11.11111111111111,20.77294685990338,68.11594202898551,61.83574879227053,6.280193236714976
E00079477,139,36,11,25,103,95,8,25.899280575539567,7.913669064748201,17.985611510791365,74.10071942446042,68.34532374100719,5.755395683453238
E00079478,66,12,11,1,54,43,11,18.181818181818183,16.666666666666664,1.5151515151515151,81.81818181818183,65.15151515151516,16.666666666666664
E00079479,140,37,11,26,103,90,13,26.42857142857143,7.857142857142857,18.571428571428573,73.57142857142858,64.28571428571429,9.285714285714286
E00079480,119,28,2,26,91,79,12,23.52941176470588,1.680672268907563,21.84873949579832,76.47058823529412,66.38655462184873,10.084033613445378
E00079481,142,43,19,24,99,85,14,30.28169014084507,13.380281690140844,16.901408450704224,69.71830985915493,59.859154929577464,9.859154929577464
E00079482,169,54,25,29,115,107,8,31.952662721893493,14.792899408284024,17.159763313609467,68.04733727810651,63.31360946745562,4.733727810650888
E00079483,154,47,18,29,107,97,10,30.519480519480517,11.688311688311687,18.83116883116883,69.48051948051948,62.98701298701299,6.493506493506493
E00079484,158,49,19,30,109,96,13,31.0126582278481,12.025316455696203,18.9873417721519,68.9873417721519,60.75949367088608,8.227848101265822
E00079485,170,37,13,24,133,119,14,21.764705882352942,7.647058823529412,14.117647058823529,78.23529411764706,70,8.235294117647058
E00079486,165,47,13,34,118,105,13,28.484848484848484,7.878787878787878,20.606060606060606,71.51515151515152,63.63636363636363,7.878787878787878
E00079487,133,45,14,31,88,74,14,33.83458646616541,10.526315789473683,23.308270676691727,66.16541353383458,55.639097744360896,10.526315789473683
E00079488,197,51,11,40,146,129,17,25.888324873096447,5.583756345177665,20.304568527918782,74.11167512690355,65.48223350253807,8.629441624365482
E00079489,165,42,16,26,123,112,11,25.454545454545453,9.696969696969697,15.757575757575756,74.54545454545455,67.87878787878789,6.666666666666667
E00079490,116,30,10,20,86,80,6,25.862068965517242,8.620689655172415,17.24137931034483,74.13793103448276,68.96551724137932,5.172413793103448
E00079491,198,45,12,33,153,136,17,22.727272727272727,6.0606060606060606,16.666666666666664,77.27272727272727,68.68686868686868,8.585858585858585
E00079493,201,58,20,38,143,129,14,28.855721393034827,9.950248756218906,18.90547263681592,71.14427860696517,64.17910447761194,6.965174129353234
E00079494,151,48,12,36,103,83,20,31.788079470198678,7.9470198675496695,23.841059602649008,68.21192052980133,54.966887417218544,13.245033112582782
E00079495,194,53,18,35,141,120,21,27.31958762886598,9.278350515463918,18.04123711340206,72.68041237113401,61.855670103092784,10.824742268041238
E00079496,157,44,14,30,113,99,14,28.02547770700637,8.9171974522293,19.10828025477707,71.97452229299363,63.05732484076433,8.9171974522293
E00079497,199,51,19,32,148,126,22,25.628140703517587,9.547738693467336,16.08040201005025,74.37185929648241,63.31658291457286,11.055276381909549
E00079498,213,50,20,30,163,150,13,23.474178403755868,9.389671361502346,14.084507042253522,76.52582159624414,70.4225352112676,6.103286384976526
E00079499,157,44,9,35,113,99,14,28.02547770700637,5.7324840764331215,22.29299363057325,71.97452229299363,63.05732484076433,8.9171974522293
E00079500,175,45,15,30,130,111,19,25.71428571428571,8.571428571428571,17.142857142857142,74.28571428571429,63.42857142857142,10.857142857142858
E00079501,152,36,19,17,116,106,10,23.684210526315788,12.5,11.18421052631579,76.31578947368422,69.73684210526315,6.578947368421052
E00079502,187,62,23,39,125,112,13,33.155080213903744,12.299465240641712,20.855614973262032,66.84491978609626,59.893048128342244,6.951871657754011
E00079503,169,44,9,35,125,107,18,26.035502958579883,5.325443786982249,20.710059171597635,73.96449704142012,63.31360946745562,10.650887573964498
E00079506,160,67,22,45,93,82,11,41.875,13.750000000000002,28.125,58.12500000000001,51.24999999999999,6.875000000000001
E00079507,207,82,20,62,125,107,18,39.61352657004831,9.66183574879227,29.951690821256037,60.38647342995169,51.690821256038646,8.695652173913043
E00079508,207,74,26,48,133,110,23,35.748792270531396,12.560386473429952,23.18840579710145,64.25120772946859,53.14009661835749,11.11111111111111
E00079509,156,62,20,42,94,79,15,39.743589743589745,12.82051282051282,26.923076923076923,60.256410256410255,50.641025641025635,9.615384615384617
E00079510,144,52,16,36,92,81,11,36.11111111111111,11.11111111111111,25,63.888888888888886,56.25,7.638888888888889
E00079511,184,72,28,44,112,105,7,39.130434782608695,15.217391304347828,23.91304347826087,60.86956521739131,57.065217391304344,3.804347826086957
E00079512,185,60,25,35,125,113,12,32.432432432432435,13.513513513513514,18.91891891891892,67.56756756756756,61.08108108108108,6.486486486486487
E00079513,182,52,15,37,130,110,20,28.57142857142857,8.241758241758241,20.32967032967033,71.42857142857143,60.43956043956044,10.989010989010989
E00079515,79,19,12,7,60,51,9,24.050632911392405,15.18987341772152,8.860759493670885,75.9493670886076,64.55696202531645,11.39240506329114
E00079516,207,89,34,55,118,108,10,42.99516908212561,16.425120772946862,26.570048309178745,57.00483091787439,52.17391304347826,4.830917874396135
E00079517,208,84,25,59,124,112,12,40.38461538461539,12.01923076923077,28.365384615384613,59.61538461538461,53.84615384615385,5.769230769230769
E00079518,171,73,18,55,98,90,8,42.69005847953216,10.526315789473683,32.16374269005848,57.30994152046783,52.63157894736842,4.678362573099415
E00079519,206,69,19,50,137,124,13,33.49514563106796,9.223300970873787,24.271844660194176,66.50485436893204,60.19417475728155,6.310679611650485
E00079520,180,61,16,45,119,103,16,33.88888888888889,8.88888888888889,25,66.11111111111111,57.22222222222222,8.88888888888889
E00079521,182,69,24,45,113,97,16,37.91208791208791,13.186813186813188,24.725274725274726,62.08791208791209,53.2967032967033,8.791208791208792
E00079522,143,50,19,31,93,85,8,34.96503496503497,13.286713286713287,21.678321678321677,65.03496503496503,59.44055944055944,5.594405594405594
E00079527,150,78,20,58,72,64,8,52,13.333333333333334,38.666666666666664,48,42.66666666666667,5.333333333333334
E00079528,128,61,12,49,67,64,3,47.65625,9.375,38.28125,52.34375,50,2.34375
E00079529,115,60,14,46,55,52,3,52.17391304347826,12.173913043478262,40,47.82608695652174,45.21739130434783,2.608695652173913
E00079531,175,68,11,57,107,89,18,38.857142857142854,6.2857142857142865,32.57142857142858,61.142857142857146,50.857142857142854,10.285714285714285
E00079532,155,60,22,38,95,86,9,38.70967741935484,14.193548387096774,24.516129032258064,61.29032258064516,55.483870967741936,5.806451612903226
E00079533,141,63,19,44,78,64,14,44.680851063829785,13.47517730496454,31.20567375886525,55.319148936170215,45.39007092198582,9.929078014184398
E00079534,160,57,18,39,103,93,10,35.625,11.25,24.375,64.375,58.12500000000001,6.25
E00079536,177,54,22,32,123,108,15,30.508474576271187,12.429378531073446,18.07909604519774,69.49152542372882,61.016949152542374,8.47457627118644
E00079538,160,48,10,38,112,98,14,30,6.25,23.75,70,61.25000000000001,8.75
E00079539,250,62,23,39,188,164,24,24.8,9.2,15.6,75.2,65.60000000000001,9.6
E00079540,185,55,25,30,130,111,19,29.72972972972973,13.513513513513514,16.216216216216218,70.27027027027027,60,10.27027027027027
E00079541,162,46,18,28,116,105,11,28.39506172839506,11.11111111111111,17.28395061728395,71.60493827160494,64.81481481481481,6.790123456790123
E00079542,185,59,24,35,126,106,20,31.891891891891895,12.972972972972974,18.91891891891892,68.10810810810811,57.2972972972973,10.81081081081081
E00079543,158,58,17,41,100,87,13,36.708860759493675,10.759493670886076,25.949367088607595,63.29113924050633,55.06329113924051,8.227848101265822
E00079544,161,56,25,31,105,86,19,34.78260869565217,15.527950310559005,19.25465838509317,65.21739130434783,53.41614906832298,11.801242236024844
E00079545,196,45,18,27,151,125,26,22.95918367346939,9.183673469387756,13.77551020408163,77.04081632653062,63.775510204081634,13.26530612244898
E00079547,149,49,15,34,100,87,13,32.88590604026846,10.06711409395973,22.818791946308725,67.11409395973155,58.38926174496645,8.724832214765101
E00079548,157,45,16,29,112,100,12,28.662420382165603,10.191082802547772,18.471337579617835,71.3375796178344,63.69426751592356,7.643312101910828
E00079549,187,55,24,31,132,105,27,29.411764705882355,12.834224598930483,16.577540106951872,70.58823529411765,56.14973262032086,14.43850267379679
E00079550,156,62,24,38,94,77,17,39.743589743589745,15.384615384615385,24.358974358974358,60.256410256410255,49.358974358974365,10.897435897435898
E00079551,150,59,24,35,91,78,13,39.33333333333333,16,23.333333333333332,60.66666666666667,52,8.666666666666668
E00079552,79,23,15,8,56,52,4,29.11392405063291,18.9873417721519,10.126582278481013,70.88607594936708,65.82278481012658,5.063291139240507
E00079553,118,59,25,34,59,56,3,50,21.1864406779661,28.8135593220339,50,47.45762711864407,2.5423728813559325
E00079554,165,61,16,45,104,89,15,36.96969696969697,9.696969696969697,27.27272727272727,63.030303030303024,53.939393939393945,9.090909090909092
E00079555,144,57,23,34,87,77,10,39.58333333333333,15.972222222222221,23.61111111111111,60.416666666666664,53.47222222222222,6.944444444444445
E00079556,163,55,10,45,108,94,14,33.74233128834356,6.134969325153374,27.607361963190186,66.25766871165644,57.668711656441715,8.588957055214724
E00079557,53,26,7,19,27,27,0,49.056603773584904,13.20754716981132,35.84905660377358,50.943396226415096,50.943396226415096,0
E00079558,191,87,24,63,104,92,12,45.54973821989529,12.56544502617801,32.98429319371728,54.45026178010471,48.167539267015705,6.282722513089005
E00079559,148,39,10,29,109,89,20,26.351351351351347,6.756756756756757,19.594594594594593,73.64864864864865,60.13513513513513,13.513513513513514
E00079560,209,68,18,50,141,126,15,32.535885167464116,8.61244019138756,23.923444976076556,67.46411483253588,60.28708133971292,7.177033492822966
E00079561,77,21,9,12,56,45,11,27.27272727272727,11.688311688311687,15.584415584415584,72.72727272727273,58.44155844155844,14.285714285714285
E00079562,184,67,29,38,117,102,15,36.41304347826087,15.760869565217392,20.652173913043477,63.58695652173913,55.434782608695656,8.152173913043478
E00079563,226,70,19,51,156,134,22,30.973451327433626,8.4070796460177,22.566371681415927,69.02654867256636,59.29203539823009,9.734513274336283
E00079564,173,52,17,35,121,106,15,30.057803468208093,9.826589595375722,20.23121387283237,69.94219653179191,61.27167630057804,8.670520231213873
E00079565,177,76,20,56,101,85,16,42.93785310734463,11.299435028248588,31.63841807909605,57.06214689265536,48.0225988700565,9.03954802259887
E00079566,155,47,11,36,108,104,4,30.32258064516129,7.096774193548387,23.225806451612904,69.6774193548387,67.0967741935484,2.5806451612903225
E00079567,122,39,12,27,83,74,9,31.967213114754102,9.836065573770492,22.131147540983605,68.0327868852459,60.65573770491803,7.377049180327869
E00079568,101,25,7,18,76,61,15,24.752475247524753,6.9306930693069315,17.82178217821782,75.24752475247524,60.396039603960396,14.85148514851485
E00079569,168,47,20,27,121,100,21,27.976190476190478,11.904761904761903,16.071428571428573,72.02380952380952,59.523809523809526,12.5
E00079570,166,59,26,33,107,95,12,35.54216867469879,15.66265060240964,19.879518072289155,64.45783132530121,57.22891566265061,7.228915662650602
E00079571,164,64,20,44,100,90,10,39.02439024390244,12.195121951219512,26.82926829268293,60.97560975609756,54.87804878048781,6.097560975609756
E00079572,139,35,9,26,104,92,12,25.179856115107913,6.474820143884892,18.705035971223023,74.82014388489209,66.18705035971223,8.633093525179856
E00079573,229,47,13,34,182,146,36,20.52401746724891,5.676855895196507,14.847161572052403,79.47598253275109,63.75545851528385,15.72052401746725
E00079574,209,55,16,39,154,139,15,26.31578947368421,7.655502392344498,18.660287081339714,73.68421052631578,66.50717703349282,7.177033492822966
E00079575,145,38,10,28,107,100,7,26.20689655172414,6.896551724137931,19.310344827586206,73.79310344827587,68.96551724137932,4.827586206896552
E00079576,172,48,15,33,124,116,8,27.906976744186046,8.720930232558139,19.186046511627907,72.09302325581395,67.44186046511628,4.651162790697675
E00079577,183,57,21,36,126,106,20,31.147540983606557,11.475409836065573,19.672131147540984,68.85245901639344,57.92349726775956,10.92896174863388
E00079578,247,71,25,46,176,153,23,28.74493927125506,10.121457489878543,18.62348178137652,71.25506072874494,61.943319838056674,9.31174089068826
E00079579,170,42,7,35,128,108,20,24.705882352941178,4.117647058823529,20.588235294117645,75.29411764705883,63.52941176470588,11.76470588235294
E00079580,161,58,22,36,103,92,11,36.024844720496894,13.664596273291925,22.36024844720497,63.975155279503106,57.14285714285714,6.832298136645963
E00079581,176,45,17,28,131,115,16,25.568181818181817,9.659090909090908,15.909090909090908,74.43181818181817,65.3409090909091,9.090909090909092
E00079582,184,46,16,30,138,120,18,25,8.695652173913043,16.304347826086957,75,65.21739130434783,9.782608695652174
E00079583,68,15,5,10,53,44,9,22.058823529411764,7.352941176470589,14.705882352941178,77.94117647058823,64.70588235294117,13.23529411764706
E00079584,161,70,15,55,91,69,22,43.47826086956522,9.316770186335404,34.161490683229815,56.52173913043478,42.857142857142854,13.664596273291925
E00079585,209,65,29,36,144,122,22,31.100478468899524,13.875598086124402,17.22488038277512,68.89952153110048,58.3732057416268,10.526315789473683
E00079586,263,57,24,33,206,173,33,21.673003802281368,9.125475285171103,12.547528517110266,78.32699619771863,65.77946768060836,12.547528517110266
E00079587,270,84,22,62,186,160,26,31.11111111111111,8.148148148148149,22.962962962962962,68.88888888888889,59.25925925925925,9.62962962962963
E00079588,132,30,13,17,102,91,11,22.727272727272727,9.848484848484848,12.878787878787879,77.27272727272727,68.93939393939394,8.333333333333332
E00079589,124,37,14,23,87,75,12,29.838709677419356,11.29032258064516,18.548387096774192,70.16129032258065,60.483870967741936,9.67741935483871
E00079590,203,98,21,77,105,87,18,48.275862068965516,10.344827586206897,37.93103448275862,51.724137931034484,42.857142857142854,8.866995073891626
E00079591,276,83,31,52,193,170,23,30.07246376811594,11.231884057971014,18.84057971014493,69.92753623188406,61.59420289855072,8.333333333333332
E00079592,154,49,16,33,105,92,13,31.818181818181817,10.38961038961039,21.428571428571427,68.18181818181817,59.74025974025974,8.441558441558442
E00079593,262,54,17,37,208,186,22,20.610687022900763,6.488549618320611,14.122137404580155,79.38931297709924,70.99236641221374,8.396946564885496
E00079594,203,56,20,36,147,125,22,27.586206896551722,9.852216748768473,17.733990147783253,72.41379310344827,61.57635467980296,10.83743842364532
E00079595,261,72,17,55,189,162,27,27.586206896551722,6.513409961685824,21.0727969348659,72.41379310344827,62.06896551724138,10.344827586206897
E00079596,197,62,19,43,135,123,12,31.472081218274113,9.644670050761421,21.82741116751269,68.52791878172589,62.43654822335025,6.091370558375635
E00079597,163,52,16,36,111,102,9,31.901840490797547,9.815950920245399,22.085889570552148,68.09815950920245,62.57668711656442,5.521472392638037
E00079599,171,50,20,30,121,101,20,29.239766081871345,11.695906432748536,17.543859649122805,70.76023391812866,59.06432748538012,11.695906432748536
E00079600,128,52,22,30,76,70,6,40.625,17.1875,23.4375,59.375,54.6875,4.6875
E00079601,228,70,25,45,158,150,8,30.701754385964914,10.964912280701753,19.736842105263158,69.2982456140351,65.78947368421053,3.508771929824561
E00079602,118,29,9,20,89,76,13,24.576271186440678,7.627118644067797,16.94915254237288,75.42372881355932,64.40677966101694,11.016949152542372
E00079603,149,38,7,31,111,96,15,25.503355704697988,4.697986577181208,20.80536912751678,74.49664429530202,64.42953020134227,10.06711409395973
E00079604,136,32,13,19,104,87,17,23.52941176470588,9.558823529411764,13.970588235294118,76.47058823529412,63.970588235294116,12.5
E00079605,102,22,6,16,80,72,8,21.568627450980394,5.88235294117647,15.686274509803921,78.43137254901961,70.58823529411765,7.8431372549019605
E00079606,103,23,7,16,80,72,8,22.330097087378643,6.796116504854369,15.53398058252427,77.66990291262135,69.90291262135922,7.766990291262135
E00079607,130,42,8,34,88,80,8,32.30769230769231,6.153846153846154,26.153846153846157,67.6923076923077,61.53846153846154,6.153846153846154
E00079608,181,51,15,36,130,101,29,28.176795580110497,8.287292817679557,19.88950276243094,71.8232044198895,55.80110497237569,16.022099447513813
E00079609,188,56,19,37,132,110,22,29.78723404255319,10.106382978723403,19.680851063829788,70.2127659574468,58.51063829787234,11.702127659574469
E00079610,125,47,14,33,78,69,9,37.6,11.200000000000001,26.400000000000002,62.4,55.2,7.199999999999999
E00079611,185,52,22,30,133,120,13,28.10810810810811,11.891891891891893,16.216216216216218,71.89189189189189,64.86486486486487,7.027027027027027
E00079612,132,44,15,29,88,70,18,33.33333333333333,11.363636363636363,21.96969696969697,66.66666666666666,53.03030303030303,13.636363636363635
E00079613,153,41,16,25,112,99,13,26.797385620915033,10.457516339869281,16.33986928104575,73.20261437908496,64.70588235294117,8.49673202614379
E00079614,125,35,12,23,90,79,11,28.000000000000004,9.6,18.4,72,63.2,8.799999999999999
E00079615,176,56,17,39,120,108,12,31.818181818181817,9.659090909090908,22.15909090909091,68.18181818181817,61.36363636363637,6.8181818181818175
E00079616,115,34,14,20,81,76,5,29.565217391304348,12.173913043478262,17.391304347826086,70.43478260869566,66.08695652173913,4.3478260869565215
E00079617,137,45,20,25,92,83,9,32.846715328467155,14.5985401459854,18.248175182481752,67.15328467153284,60.58394160583942,6.569343065693431
E00079618,166,56,18,38,110,99,11,33.734939759036145,10.843373493975903,22.89156626506024,66.26506024096386,59.63855421686747,6.626506024096386
E00079619,153,45,18,27,108,89,19,29.411764705882355,11.76470588235294,17.647058823529413,70.58823529411765,58.16993464052288,12.418300653594772
E00079620,163,51,21,30,112,93,19,31.28834355828221,12.883435582822086,18.404907975460123,68.71165644171779,57.05521472392638,11.65644171779141
E00079621,120,46,15,31,74,64,10,38.333333333333336,12.5,25.833333333333336,61.66666666666667,53.333333333333336,8.333333333333332
E00079622,130,46,16,30,84,78,6,35.38461538461539,12.307692307692308,23.076923076923077,64.61538461538461,60,4.615384615384616
E00079623,147,40,13,27,107,100,7,27.2108843537415,8.843537414965986,18.367346938775512,72.78911564625851,68.02721088435374,4.761904761904762
E00079624,167,62,25,37,105,94,11,37.12574850299401,14.97005988023952,22.15568862275449,62.874251497005986,56.287425149700596,6.58682634730539
E00079625,204,43,12,31,161,139,22,21.07843137254902,5.88235294117647,15.196078431372548,78.92156862745098,68.13725490196079,10.784313725490197
E00079626,133,47,20,27,86,73,13,35.338345864661655,15.037593984962406,20.30075187969925,64.66165413533834,54.88721804511278,9.774436090225564
E00079628,161,53,13,40,108,93,15,32.91925465838509,8.074534161490684,24.84472049689441,67.08074534161491,57.7639751552795,9.316770186335404
E00079629,144,44,15,29,100,87,13,30.555555555555557,10.416666666666668,20.13888888888889,69.44444444444444,60.416666666666664,9.027777777777777
E00079630,180,67,26,41,113,97,16,37.22222222222222,14.444444444444443,22.77777777777778,62.77777777777778,53.888888888888886,8.88888888888889
E00079631,139,60,25,35,79,71,8,43.16546762589928,17.985611510791365,25.179856115107913,56.83453237410072,51.07913669064749,5.755395683453238
E00079632,153,52,20,32,101,90,11,33.98692810457516,13.071895424836603,20.915032679738562,66.01307189542483,58.82352941176471,7.18954248366013
E00079635,108,26,11,15,82,76,6,24.074074074074073,10.185185185185185,13.88888888888889,75.92592592592592,70.37037037037037,5.555555555555555
E00079636,114,33,16,17,81,69,12,28.947368421052634,14.035087719298245,14.912280701754385,71.05263157894737,60.526315789473685,10.526315789473683
E00079637,138,43,16,27,95,83,12,31.15942028985507,11.594202898550725,19.565217391304348,68.84057971014492,60.14492753623188,8.695652173913043
E00079638,184,52,9,43,132,119,13,28.26086956521739,4.891304347826087,23.369565217391305,71.73913043478261,64.67391304347827,7.065217391304348
E00079639,161,50,16,34,111,91,20,31.05590062111801,9.937888198757763,21.11801242236025,68.94409937888199,56.52173913043478,12.422360248447205
E00079640,140,43,14,29,97,87,10,30.714285714285715,10,20.714285714285715,69.28571428571428,62.142857142857146,7.142857142857142
E00079641,140,39,10,29,101,92,9,27.857142857142858,7.142857142857142,20.714285714285715,72.14285714285714,65.71428571428571,6.428571428571428
E00079642,171,56,22,34,115,105,10,32.748538011695906,12.865497076023392,19.883040935672515,67.2514619883041,61.40350877192983,5.847953216374268
E00079643,225,56,17,39,169,148,21,24.88888888888889,7.555555555555555,17.333333333333336,75.1111111111111,65.77777777777779,9.333333333333334
E00079644,162,54,27,27,108,94,14,33.33333333333333,16.666666666666664,16.666666666666664,66.66666666666666,58.0246913580247,8.641975308641975
E00079645,131,41,8,33,90,74,16,31.297709923664126,6.106870229007633,25.190839694656486,68.70229007633588,56.48854961832062,12.213740458015266
E00079646,36,5,2,3,31,30,1,13.88888888888889,5.555555555555555,8.333333333333332,86.11111111111111,83.33333333333334,2.7777777777777777
E00079647,169,48,16,32,121,112,9,28.402366863905325,9.467455621301776,18.93491124260355,71.59763313609467,66.27218934911244,5.325443786982249
E00079648,103,53,20,33,50,46,4,51.45631067961165,19.41747572815534,32.038834951456316,48.54368932038835,44.66019417475729,3.8834951456310676
E00079649,124,28,11,17,96,90,6,22.58064516129032,8.870967741935484,13.709677419354838,77.41935483870968,72.58064516129032,4.838709677419355
E00079650,116,49,13,36,67,62,5,42.241379310344826,11.206896551724139,31.03448275862069,57.758620689655174,53.44827586206896,4.310344827586207
E00079651,177,50,20,30,127,108,19,28.24858757062147,11.299435028248588,16.94915254237288,71.75141242937853,61.016949152542374,10.734463276836157
E00079652,182,54,19,35,128,112,16,29.67032967032967,10.43956043956044,19.230769230769234,70.32967032967034,61.53846153846154,8.791208791208792
E00079653,152,53,17,36,99,87,12,34.868421052631575,11.18421052631579,23.684210526315788,65.13157894736842,57.23684210526315,7.894736842105263
E00079654,69,28,6,22,41,36,5,40.57971014492754,8.695652173913043,31.88405797101449,59.42028985507246,52.17391304347826,7.246376811594203
E00079655,147,59,18,41,88,82,6,40.136054421768705,12.244897959183673,27.89115646258503,59.863945578231295,55.78231292517006,4.081632653061225
E00079656,207,74,24,50,133,119,14,35.748792270531396,11.594202898550725,24.154589371980677,64.25120772946859,57.48792270531401,6.763285024154589
E00079657,115,32,7,25,83,71,12,27.82608695652174,6.086956521739131,21.73913043478261,72.17391304347827,61.73913043478261,10.434782608695652
E00079658,175,51,19,32,124,114,10,29.142857142857142,10.857142857142858,18.285714285714285,70.85714285714285,65.14285714285715,5.714285714285714
E00079659,146,43,6,37,103,96,7,29.45205479452055,4.10958904109589,25.34246575342466,70.54794520547945,65.75342465753424,4.794520547945205
E00079660,182,51,13,38,131,113,18,28.021978021978022,7.142857142857142,20.87912087912088,71.97802197802197,62.08791208791209,9.89010989010989
E00079661,190,62,24,38,128,119,9,32.631578947368425,12.631578947368421,20,67.36842105263158,62.63157894736842,4.736842105263158
E00079662,175,60,19,41,115,101,14,34.285714285714285,10.857142857142858,23.42857142857143,65.71428571428571,57.714285714285715,8
E00079663,178,61,22,39,117,99,18,34.26966292134831,12.359550561797752,21.910112359550563,65.73033707865169,55.61797752808989,10.112359550561797
E00079664,144,45,9,36,99,84,15,31.25,6.25,25,68.75,58.333333333333336,10.416666666666668
E00079665,205,52,26,26,153,129,24,25.365853658536587,12.682926829268293,12.682926829268293,74.63414634146342,62.926829268292686,11.707317073170733
E00079666,218,72,24,48,146,127,19,33.02752293577982,11.009174311926607,22.018348623853214,66.97247706422019,58.256880733944946,8.715596330275229
E00079667,208,58,22,36,150,134,16,27.884615384615387,10.576923076923077,17.307692307692307,72.11538461538461,64.42307692307693,7.6923076923076925
E00079668,139,50,15,35,89,84,5,35.97122302158273,10.79136690647482,25.179856115107913,64.02877697841727,60.431654676258994,3.5971223021582732
E00079669,149,48,20,28,101,89,12,32.21476510067114,13.422818791946309,18.79194630872483,67.78523489932886,59.73154362416108,8.053691275167784
E00079670,140,50,19,31,90,82,8,35.714285714285715,13.571428571428571,22.142857142857142,64.28571428571429,58.57142857142858,5.714285714285714
E00079671,112,34,5,29,78,69,9,30.357142857142854,4.464285714285714,25.892857142857146,69.64285714285714,61.60714285714286,8.035714285714286
E00079672,180,51,20,31,129,110,19,28.333333333333332,11.11111111111111,17.22222222222222,71.66666666666667,61.111111111111114,10.555555555555555
E00079673,91,23,5,18,68,61,7,25.274725274725274,5.4945054945054945,19.78021978021978,74.72527472527473,67.03296703296702,7.6923076923076925
E00079674,146,62,23,39,84,74,10,42.465753424657535,15.753424657534246,26.71232876712329,57.534246575342465,50.68493150684932,6.8493150684931505
E00079675,97,19,7,12,78,68,10,19.587628865979383,7.216494845360824,12.371134020618557,80.41237113402062,70.10309278350515,10.309278350515463
E00079676,157,50,14,36,107,90,17,31.84713375796178,8.9171974522293,22.929936305732486,68.15286624203821,57.324840764331206,10.828025477707007
E00079677,168,62,22,40,106,97,9,36.904761904761905,13.095238095238097,23.809523809523807,63.095238095238095,57.738095238095234,5.357142857142857
E00079678,103,29,8,21,74,65,9,28.155339805825243,7.766990291262135,20.388349514563107,71.84466019417476,63.10679611650486,8.737864077669903
E00079679,154,48,15,33,106,91,15,31.16883116883117,9.740259740259742,21.428571428571427,68.83116883116884,59.09090909090909,9.740259740259742
E00079680,105,32,12,20,73,65,8,30.476190476190478,11.428571428571429,19.047619047619047,69.52380952380952,61.904761904761905,7.6190476190476195
E00079681,126,45,13,32,81,60,21,35.714285714285715,10.317460317460316,25.396825396825395,64.28571428571429,47.61904761904761,16.666666666666664
E00079682,184,46,22,24,138,124,14,25,11.956521739130435,13.043478260869565,75,67.3913043478261,7.608695652173914
E00079683,201,42,13,29,159,143,16,20.8955223880597,6.467661691542288,14.427860696517413,79.1044776119403,71.14427860696517,7.960199004975125
E00079684,155,46,17,29,109,93,16,29.677419354838708,10.967741935483872,18.70967741935484,70.3225806451613,60,10.32258064516129
E00079685,141,32,12,20,109,99,10,22.69503546099291,8.51063829787234,14.184397163120568,77.30496453900709,70.2127659574468,7.092198581560284
E00079686,266,71,31,40,195,170,25,26.691729323308273,11.654135338345863,15.037593984962406,73.30827067669173,63.90977443609023,9.398496240601503
E00079687,181,64,24,40,117,101,16,35.35911602209944,13.259668508287293,22.099447513812155,64.64088397790056,55.80110497237569,8.83977900552486
E00079688,164,35,10,25,129,119,10,21.341463414634145,6.097560975609756,15.24390243902439,78.65853658536585,72.5609756097561,6.097560975609756
E00079689,137,49,17,32,88,82,6,35.76642335766424,12.408759124087592,23.357664233576642,64.23357664233576,59.854014598540154,4.37956204379562
E00079690,78,28,6,22,50,47,3,35.8974358974359,7.6923076923076925,28.205128205128204,64.1025641025641,60.256410256410255,3.8461538461538463
E00079691,103,34,5,29,69,61,8,33.00970873786408,4.854368932038835,28.155339805825243,66.99029126213593,59.22330097087378,7.766990291262135
E00079692,160,54,19,35,106,98,8,33.75,11.875,21.875,66.25,61.25000000000001,5
E00079693,167,52,17,35,115,99,16,31.137724550898206,10.179640718562874,20.958083832335326,68.8622754491018,59.281437125748504,9.580838323353294
E00079694,148,48,18,30,100,85,15,32.432432432432435,12.162162162162163,20.27027027027027,67.56756756756756,57.432432432432435,10.135135135135135
E00079695,102,30,11,19,72,67,5,29.411764705882355,10.784313725490197,18.627450980392158,70.58823529411765,65.68627450980392,4.901960784313726
E00079696,171,41,15,26,130,110,20,23.976608187134502,8.771929824561402,15.204678362573098,76.0233918128655,64.32748538011695,11.695906432748536
E00079697,132,39,12,27,93,74,19,29.545454545454547,9.090909090909092,20.454545454545457,70.45454545454545,56.060606060606055,14.393939393939394
E00079698,166,52,13,39,114,103,11,31.32530120481928,7.83132530120482,23.49397590361446,68.67469879518072,62.048192771084345,6.626506024096386
E00079699,260,93,32,61,167,144,23,35.76923076923077,12.307692307692308,23.46153846153846,64.23076923076924,55.38461538461539,8.846153846153847
E00079700,134,34,15,19,100,89,11,25.37313432835821,11.194029850746269,14.17910447761194,74.6268656716418,66.4179104477612,8.208955223880597
E00079701,136,40,13,27,96,90,6,29.411764705882355,9.558823529411764,19.852941176470587,70.58823529411765,66.17647058823529,4.411764705882353
E00079702,148,53,24,29,95,87,8,35.810810810810814,16.216216216216218,19.594594594594593,64.1891891891892,58.78378378378378,5.405405405405405
E00079703,130,36,12,24,94,81,13,27.692307692307693,9.230769230769232,18.461538461538463,72.3076923076923,62.30769230769231,10
E00079704,140,36,12,24,104,96,8,25.71428571428571,8.571428571428571,17.142857142857142,74.28571428571429,68.57142857142857,5.714285714285714
E00079705,151,54,23,31,97,84,13,35.76158940397351,15.2317880794702,20.52980132450331,64.23841059602648,55.62913907284768,8.609271523178808
E00079706,125,44,20,24,81,68,13,35.199999999999996,16,19.2,64.8,54.400000000000006,10.4
E00079707,118,47,18,29,71,65,6,39.83050847457627,15.254237288135593,24.576271186440678,60.16949152542372,55.08474576271186,5.084745762711865
E00079708,159,49,15,34,110,90,20,30.81761006289308,9.433962264150944,21.38364779874214,69.18238993710692,56.60377358490566,12.578616352201259
E00079709,182,50,15,35,132,109,23,27.472527472527474,8.241758241758241,19.230769230769234,72.52747252747253,59.89010989010989,12.637362637362637
E00079710,64,16,1,15,48,42,6,25,1.5625,23.4375,75,65.625,9.375
E00079711,183,41,9,32,142,125,17,22.404371584699454,4.918032786885246,17.48633879781421,77.59562841530054,68.30601092896174,9.289617486338798
E00079712,159,56,19,37,103,87,16,35.22012578616352,11.949685534591195,23.270440251572328,64.77987421383648,54.71698113207547,10.062893081761008
E00079713,220,46,19,27,174,155,19,20.909090909090907,8.636363636363637,12.272727272727273,79.0909090909091,70.45454545454545,8.636363636363637
E00079714,180,46,12,34,134,122,12,25.555555555555554,6.666666666666667,18.88888888888889,74.44444444444444,67.77777777777779,6.666666666666667
E00079715,237,66,23,43,171,151,20,27.848101265822784,9.70464135021097,18.143459915611814,72.15189873417721,63.71308016877637,8.438818565400844
E00079716,168,50,14,36,118,105,13,29.761904761904763,8.333333333333332,21.428571428571427,70.23809523809523,62.5,7.738095238095238
E00079717,123,28,4,24,95,85,10,22.76422764227642,3.2520325203252036,19.51219512195122,77.23577235772358,69.10569105691057,8.130081300813007
E00079718,149,38,14,24,111,100,11,25.503355704697988,9.395973154362416,16.10738255033557,74.49664429530202,67.11409395973155,7.38255033557047
E00079719,175,51,15,36,124,108,16,29.142857142857142,8.571428571428571,20.57142857142857,70.85714285714285,61.71428571428571,9.142857142857142
E00079720,141,63,21,42,78,73,5,44.680851063829785,14.893617021276595,29.78723404255319,55.319148936170215,51.77304964539007,3.546099290780142
E00079721,99,45,15,30,54,48,6,45.45454545454545,15.151515151515152,30.303030303030305,54.54545454545454,48.484848484848484,6.0606060606060606
E00079722,240,94,30,64,146,124,22,39.166666666666664,12.5,26.666666666666668,60.83333333333333,51.66666666666667,9.166666666666666
E00079723,122,42,13,29,80,71,9,34.42622950819672,10.655737704918032,23.770491803278688,65.57377049180327,58.19672131147541,7.377049180327869
E00079724,147,40,16,24,107,90,17,27.2108843537415,10.884353741496598,16.3265306122449,72.78911564625851,61.224489795918366,11.564625850340136
E00079725,133,35,10,25,98,85,13,26.31578947368421,7.518796992481203,18.796992481203006,73.68421052631578,63.90977443609023,9.774436090225564
E00079726,143,47,19,28,96,85,11,32.86713286713287,13.286713286713287,19.58041958041958,67.13286713286713,59.44055944055944,7.6923076923076925
E00079727,164,48,19,29,116,103,13,29.268292682926827,11.585365853658537,17.682926829268293,70.73170731707317,62.80487804878049,7.926829268292683
E00079728,195,82,17,65,113,102,11,42.05128205128205,8.717948717948717,33.33333333333333,57.948717948717956,52.307692307692314,5.641025641025641
E00079729,178,55,20,35,123,104,19,30.89887640449438,11.235955056179774,19.662921348314608,69.10112359550563,58.42696629213483,10.674157303370785
E00079730,166,66,22,44,100,91,9,39.75903614457831,13.253012048192772,26.506024096385545,60.24096385542169,54.81927710843374,5.421686746987952
E00079731,149,36,7,29,113,97,16,24.161073825503358,4.697986577181208,19.463087248322147,75.83892617449665,65.1006711409396,10.738255033557047
E00079732,111,27,7,20,84,74,10,24.324324324324326,6.306306306306306,18.01801801801802,75.67567567567568,66.66666666666666,9.00900900900901
E00079733,130,39,14,25,91,83,8,30,10.76923076923077,19.230769230769234,70,63.84615384615384,6.153846153846154
E00079734,146,45,14,31,101,90,11,30.82191780821918,9.58904109589041,21.232876712328768,69.17808219178082,61.64383561643836,7.534246575342466
E00079735,118,43,10,33,75,67,8,36.440677966101696,8.47457627118644,27.966101694915253,63.559322033898304,56.779661016949156,6.779661016949152
E00079736,103,33,9,24,70,63,7,32.038834951456316,8.737864077669903,23.300970873786408,67.96116504854369,61.165048543689316,6.796116504854369
E00079737,144,42,13,29,102,87,15,29.166666666666668,9.027777777777777,20.13888888888889,70.83333333333334,60.416666666666664,10.416666666666668
E00079738,130,44,11,33,86,71,15,33.84615384615385,8.461538461538462,25.384615384615383,66.15384615384615,54.61538461538461,11.538461538461538
E00079739,127,36,9,27,91,80,11,28.346456692913385,7.086614173228346,21.25984251968504,71.65354330708661,62.99212598425197,8.661417322834646
E00079740,182,59,16,43,123,110,13,32.417582417582416,8.791208791208792,23.626373626373624,67.58241758241759,60.43956043956044,7.142857142857142
E00079741,117,33,8,25,84,73,11,28.205128205128204,6.837606837606838,21.367521367521366,71.7948717948718,62.39316239316239,9.401709401709402
E00079742,97,36,8,28,61,56,5,37.11340206185567,8.24742268041237,28.865979381443296,62.88659793814433,57.73195876288659,5.154639175257731
E00079743,187,61,23,38,126,109,17,32.62032085561498,12.299465240641712,20.32085561497326,67.37967914438502,58.288770053475936,9.090909090909092
E00079744,116,45,17,28,71,60,11,38.793103448275865,14.655172413793101,24.137931034482758,61.206896551724135,51.724137931034484,9.482758620689655
E00079745,168,52,20,32,116,99,17,30.952380952380953,11.904761904761903,19.047619047619047,69.04761904761905,58.92857142857143,10.119047619047619
E00079746,212,54,20,34,158,144,14,25.471698113207548,9.433962264150944,16.037735849056602,74.52830188679245,67.9245283018868,6.60377358490566
E00079747,217,64,14,50,153,138,15,29.493087557603687,6.451612903225806,23.04147465437788,70.50691244239631,63.594470046082954,6.912442396313365
E00079748,142,57,18,39,85,76,9,40.140845070422536,12.676056338028168,27.464788732394368,59.859154929577464,53.52112676056338,6.338028169014084
E00079749,120,31,16,15,89,85,4,25.833333333333336,13.333333333333334,12.5,74.16666666666667,70.83333333333334,3.3333333333333335
E00079750,159,49,19,30,110,93,17,30.81761006289308,11.949685534591195,18.867924528301888,69.18238993710692,58.490566037735846,10.69182389937107
E00079751,238,59,16,43,179,148,31,24.789915966386555,6.722689075630252,18.067226890756302,75.21008403361344,62.18487394957983,13.025210084033615
E00079752,133,35,14,21,98,86,12,26.31578947368421,10.526315789473683,15.789473684210526,73.68421052631578,64.66165413533834,9.022556390977442
E00079753,168,45,10,35,123,114,9,26.785714285714285,5.952380952380952,20.833333333333336,73.21428571428571,67.85714285714286,5.357142857142857
E00079754,194,47,16,31,147,126,21,24.22680412371134,8.24742268041237,15.979381443298967,75.77319587628865,64.94845360824742,10.824742268041238
E00079755,117,35,5,30,82,70,12,29.914529914529915,4.273504273504273,25.64102564102564,70.08547008547008,59.82905982905983,10.256410256410255
E00079756,138,37,10,27,101,89,12,26.811594202898554,7.246376811594203,19.565217391304348,73.18840579710145,64.4927536231884,8.695652173913043
E00079757,151,51,19,32,100,91,9,33.77483443708609,12.582781456953644,21.192052980132452,66.22516556291392,60.264900662251655,5.960264900662252
E00079758,120,37,20,17,83,66,17,30.833333333333336,16.666666666666664,14.166666666666666,69.16666666666667,55.00000000000001,14.166666666666666
E00079759,225,73,28,45,152,135,17,32.44444444444444,12.444444444444445,20,67.55555555555556,60,7.555555555555555
E00079760,173,44,14,30,129,118,11,25.43352601156069,8.092485549132949,17.341040462427745,74.56647398843931,68.20809248554913,6.358381502890173
E00079761,132,42,12,30,90,80,10,31.818181818181817,9.090909090909092,22.727272727272727,68.18181818181817,60.60606060606061,7.575757575757576
E00079762,166,49,11,38,117,92,25,29.518072289156628,6.626506024096386,22.89156626506024,70.48192771084338,55.42168674698795,15.060240963855422
E00079763,167,42,15,27,125,106,19,25.149700598802394,8.982035928143713,16.16766467065868,74.8502994011976,63.47305389221557,11.377245508982035
E00079764,134,64,23,41,70,64,6,47.76119402985074,17.16417910447761,30.597014925373134,52.23880597014925,47.76119402985074,4.477611940298507
E00079765,182,51,16,35,131,112,19,28.021978021978022,8.791208791208792,19.230769230769234,71.97802197802197,61.53846153846154,10.43956043956044
E00079766,185,58,18,40,127,114,13,31.351351351351354,9.72972972972973,21.62162162162162,68.64864864864865,61.62162162162163,7.027027027027027
E00079767,166,61,22,39,105,99,6,36.74698795180723,13.253012048192772,23.49397590361446,63.25301204819277,59.63855421686747,3.614457831325301
E00079768,191,48,15,33,143,124,19,25.13089005235602,7.853403141361256,17.277486910994764,74.86910994764398,64.92146596858639,9.947643979057592
E00079769,175,55,18,37,120,103,17,31.428571428571427,10.285714285714285,21.142857142857142,68.57142857142857,58.857142857142854,9.714285714285714
E00079770,234,69,22,47,165,147,18,29.48717948717949,9.401709401709402,20.085470085470085,70.51282051282051,62.82051282051282,7.6923076923076925
E00079771,190,77,21,56,113,98,15,40.526315789473685,11.052631578947368,29.47368421052631,59.473684210526315,51.578947368421055,7.894736842105263
E00079772,222,54,15,39,168,141,27,24.324324324324326,6.756756756756757,17.56756756756757,75.67567567567568,63.51351351351351,12.162162162162163
E00079773,170,48,14,34,122,102,20,28.235294117647058,8.235294117647058,20,71.76470588235294,60,11.76470588235294
E00079774,150,49,21,28,101,82,19,32.666666666666664,14.000000000000002,18.666666666666668,67.33333333333333,54.666666666666664,12.666666666666668
E00079775,208,55,18,37,153,123,30,26.442307692307693,8.653846153846153,17.78846153846154,73.5576923076923,59.13461538461539,14.423076923076922
E00079776,161,40,14,26,121,107,14,24.84472049689441,8.695652173913043,16.149068322981368,75.15527950310559,66.45962732919256,8.695652173913043
E00079777,196,50,19,31,146,127,19,25.510204081632654,9.693877551020408,15.816326530612246,74.48979591836735,64.79591836734694,9.693877551020408
E00079778,153,44,14,30,109,94,15,28.75816993464052,9.15032679738562,19.607843137254903,71.24183006535948,61.43790849673203,9.803921568627452
E00079779,149,39,12,27,110,97,13,26.174496644295303,8.053691275167784,18.120805369127517,73.8255033557047,65.1006711409396,8.724832214765101
E00079780,150,39,13,26,111,101,10,26,8.666666666666668,17.333333333333336,74,67.33333333333333,6.666666666666667
E00079782,213,55,28,27,158,132,26,25.821596244131456,13.145539906103288,12.676056338028168,74.17840375586854,61.97183098591549,12.206572769953052
E00079783,239,76,27,49,163,144,19,31.799163179916317,11.297071129707113,20.502092050209207,68.20083682008368,60.25104602510461,7.949790794979079
E00079784,190,73,15,58,117,105,12,38.421052631578945,7.894736842105263,30.526315789473685,61.578947368421055,55.26315789473685,6.315789473684211
E00079785,207,83,40,43,124,118,6,40.09661835748793,19.32367149758454,20.77294685990338,59.90338164251207,57.00483091787439,2.898550724637681
E00079786,207,65,14,51,142,124,18,31.40096618357488,6.763285024154589,24.637681159420293,68.59903381642512,59.90338164251207,8.695652173913043
E00079787,179,67,22,45,112,97,15,37.43016759776536,12.290502793296088,25.139664804469277,62.56983240223464,54.18994413407822,8.379888268156424
E00079788,188,56,15,41,132,109,23,29.78723404255319,7.9787234042553195,21.808510638297875,70.2127659574468,57.97872340425532,12.23404255319149
E00079789,256,113,35,78,143,132,11,44.140625,13.671875,30.46875,55.859375,51.5625,4.296875
E00079790,114,40,12,28,74,62,12,35.08771929824561,10.526315789473683,24.561403508771928,64.91228070175438,54.385964912280706,10.526315789473683
E00079791,215,89,34,55,126,113,13,41.3953488372093,15.813953488372093,25.581395348837212,58.6046511627907,52.55813953488372,6.046511627906977
E00079792,121,44,17,27,77,70,7,36.36363636363637,14.049586776859504,22.31404958677686,63.63636363636363,57.85123966942148,5.785123966942149
E00079793,180,62,21,41,118,112,6,34.44444444444444,11.666666666666666,22.77777777777778,65.55555555555556,62.22222222222222,3.3333333333333335
E00079794,185,79,27,52,106,98,8,42.7027027027027,14.594594594594595,28.10810810810811,57.2972972972973,52.972972972972975,4.324324324324325
E00079795,200,84,30,54,116,103,13,42,15,27,57.99999999999999,51.5,6.5
E00079796,205,76,28,48,129,117,12,37.073170731707314,13.658536585365855,23.414634146341466,62.926829268292686,57.073170731707314,5.853658536585367
E00079797,224,92,27,65,132,112,20,41.07142857142857,12.053571428571429,29.017857142857146,58.92857142857143,50,8.928571428571429
E00079799,196,55,15,40,141,133,8,28.061224489795915,7.653061224489796,20.408163265306122,71.93877551020408,67.85714285714286,4.081632653061225
E00079802,160,51,14,37,109,86,23,31.874999999999996,8.75,23.125,68.125,53.75,14.374999999999998
E00079803,166,58,24,34,108,96,12,34.93975903614458,14.457831325301203,20.481927710843372,65.06024096385542,57.831325301204814,7.228915662650602
E00079804,174,59,18,41,115,102,13,33.90804597701149,10.344827586206897,23.563218390804597,66.0919540229885,58.620689655172406,7.471264367816093
E00079806,125,61,21,40,64,57,7,48.8,16.8,32,51.2,45.6,5.6000000000000005
E00079807,212,78,27,51,134,120,14,36.79245283018868,12.735849056603774,24.056603773584907,63.20754716981132,56.60377358490566,6.60377358490566
E00079808,234,85,29,56,149,127,22,36.324786324786324,12.393162393162394,23.931623931623932,63.67521367521367,54.27350427350427,9.401709401709402
E00079809,194,68,17,51,126,104,22,35.051546391752574,8.762886597938143,26.288659793814436,64.94845360824742,53.608247422680414,11.34020618556701
E00079810,141,41,12,29,100,91,9,29.078014184397162,8.51063829787234,20.56737588652482,70.92198581560284,64.53900709219859,6.382978723404255
E00079811,224,79,33,46,145,124,21,35.267857142857146,14.732142857142858,20.535714285714285,64.73214285714286,55.35714285714286,9.375
E00079812,470,156,71,85,314,257,57,33.191489361702125,15.106382978723405,18.085106382978726,66.80851063829788,54.680851063829785,12.127659574468085
E00079813,99,46,21,25,53,42,11,46.464646464646464,21.21212121212121,25.252525252525253,53.535353535353536,42.42424242424242,11.11111111111111
E00079814,238,68,23,45,170,142,28,28.57142857142857,9.663865546218489,18.907563025210084,71.42857142857143,59.66386554621849,11.76470588235294
E00079815,156,46,22,24,110,92,18,29.48717948717949,14.102564102564102,15.384615384615385,70.51282051282051,58.97435897435898,11.538461538461538
E00079816,162,35,16,19,127,115,12,21.604938271604937,9.876543209876543,11.728395061728394,78.39506172839506,70.98765432098766,7.4074074074074066
E00079817,211,93,32,61,118,101,17,44.07582938388626,15.165876777251185,28.90995260663507,55.92417061611374,47.867298578199055,8.056872037914692
E00079818,251,58,25,33,193,150,43,23.107569721115535,9.9601593625498,13.147410358565736,76.89243027888446,59.76095617529881,17.131474103585656
E00079819,180,45,13,32,135,125,10,25,7.222222222222221,17.77777777777778,75,69.44444444444444,5.555555555555555
E00079820,55,28,11,17,27,24,3,50.90909090909091,20,30.909090909090907,49.09090909090909,43.63636363636363,5.454545454545454
E00079821,200,45,12,33,155,134,21,22.5,6,16.5,77.5,67,10.5
E00079822,196,39,7,32,157,127,30,19.897959183673468,3.571428571428571,16.3265306122449,80.10204081632652,64.79591836734694,15.306122448979592
E00079823,218,62,17,45,156,137,19,28.440366972477065,7.79816513761468,20.642201834862387,71.55963302752293,62.84403669724771,8.715596330275229
E00079824,146,47,19,28,99,78,21,32.19178082191781,13.013698630136986,19.17808219178082,67.8082191780822,53.42465753424658,14.383561643835616
E00079825,163,58,26,32,105,89,16,35.58282208588957,15.950920245398773,19.631901840490798,64.41717791411043,54.601226993865026,9.815950920245399
E00079826,210,66,22,44,144,124,20,31.428571428571427,10.476190476190476,20.952380952380953,68.57142857142857,59.04761904761905,9.523809523809524
E00079827,148,34,13,21,114,95,19,22.972972972972975,8.783783783783784,14.18918918918919,77.02702702702703,64.1891891891892,12.837837837837837
E00079828,199,47,19,28,152,137,15,23.618090452261306,9.547738693467336,14.07035175879397,76.38190954773869,68.84422110552764,7.537688442211055
E00079829,214,53,25,28,161,135,26,24.766355140186917,11.682242990654206,13.084112149532709,75.23364485981308,63.084112149532714,12.149532710280374
E00079830,175,50,13,37,125,98,27,28.57142857142857,7.428571428571429,21.142857142857142,71.42857142857143,56.00000000000001,15.428571428571427
E00079831,206,68,19,49,138,113,25,33.00970873786408,9.223300970873787,23.78640776699029,66.99029126213593,54.85436893203883,12.135922330097088
E00079833,67,17,8,9,50,43,7,25.37313432835821,11.940298507462686,13.432835820895523,74.6268656716418,64.17910447761194,10.44776119402985
E00079837,109,41,11,30,68,59,9,37.61467889908257,10.091743119266056,27.522935779816514,62.38532110091744,54.12844036697248,8.256880733944955
E00079839,121,37,16,21,84,78,6,30.57851239669421,13.223140495867769,17.355371900826448,69.42148760330579,64.46280991735537,4.958677685950414
E00079840,219,61,19,42,158,134,24,27.85388127853881,8.67579908675799,19.17808219178082,72.14611872146118,61.18721461187214,10.95890410958904
E00079841,70,27,8,19,43,39,4,38.57142857142858,11.428571428571429,27.142857142857142,61.42857142857143,55.714285714285715,5.714285714285714
E00079842,149,41,15,26,108,93,15,27.516778523489933,10.06711409395973,17.449664429530202,72.48322147651007,62.41610738255034,10.06711409395973
E00079843,99,35,16,19,64,53,11,35.35353535353536,16.161616161616163,19.19191919191919,64.64646464646465,53.535353535353536,11.11111111111111
E00079846,79,30,9,21,49,43,6,37.9746835443038,11.39240506329114,26.582278481012654,62.0253164556962,54.43037974683544,7.59493670886076
E00079848,72,25,8,17,47,41,6,34.72222222222222,11.11111111111111,23.61111111111111,65.27777777777779,56.94444444444444,8.333333333333332
E00079849,147,34,9,25,113,96,17,23.12925170068027,6.122448979591836,17.006802721088434,76.87074829931973,65.3061224489796,11.564625850340136
E00079850,208,54,17,37,154,138,16,25.961538461538463,8.173076923076923,17.78846153846154,74.03846153846155,66.34615384615384,7.6923076923076925
E00079851,156,35,12,23,121,103,18,22.435897435897438,7.6923076923076925,14.743589743589745,77.56410256410257,66.02564102564102,11.538461538461538
E00079852,108,25,8,17,83,70,13,23.14814814814815,7.4074074074074066,15.74074074074074,76.85185185185185,64.81481481481481,12.037037037037036
E00079853,103,27,3,24,76,66,10,26.21359223300971,2.912621359223301,23.300970873786408,73.7864077669903,64.07766990291263,9.70873786407767
E00079854,154,39,16,23,115,98,17,25.324675324675322,10.38961038961039,14.935064935064934,74.67532467532467,63.63636363636363,11.03896103896104
E00079855,227,82,29,53,145,121,24,36.12334801762114,12.77533039647577,23.348017621145374,63.87665198237885,53.30396475770925,10.572687224669604
E00079856,153,45,14,31,108,99,9,29.411764705882355,9.15032679738562,20.26143790849673,70.58823529411765,64.70588235294117,5.88235294117647
E00079857,167,49,10,39,118,100,18,29.34131736526946,5.9880239520958085,23.353293413173652,70.65868263473054,59.88023952095808,10.778443113772456
E00079858,111,28,14,14,83,76,7,25.225225225225223,12.612612612612612,12.612612612612612,74.77477477477478,68.46846846846847,6.306306306306306
E00079859,158,39,10,29,119,105,14,24.68354430379747,6.329113924050633,18.354430379746837,75.31645569620254,66.45569620253164,8.860759493670885
E00079860,146,52,16,36,94,78,16,35.61643835616438,10.95890410958904,24.65753424657534,64.38356164383562,53.42465753424658,10.95890410958904
E00079861,157,39,12,27,118,99,19,24.840764331210192,7.643312101910828,17.197452229299362,75.15923566878982,63.05732484076433,12.101910828025478
E00079862,130,30,10,20,100,94,6,23.076923076923077,7.6923076923076925,15.384615384615385,76.92307692307693,72.3076923076923,4.615384615384616
E00079863,159,45,22,23,114,101,13,28.30188679245283,13.836477987421384,14.465408805031446,71.69811320754717,63.52201257861635,8.176100628930817
E00079864,155,52,17,35,103,87,16,33.5483870967742,10.967741935483872,22.58064516129032,66.45161290322581,56.12903225806451,10.32258064516129
E00079865,166,45,14,31,121,110,11,27.10843373493976,8.433734939759036,18.67469879518072,72.89156626506023,66.26506024096386,6.626506024096386
E00079866,161,45,14,31,116,95,21,27.95031055900621,8.695652173913043,19.25465838509317,72.04968944099379,59.006211180124225,13.043478260869565
E00079867,163,47,18,29,116,101,15,28.834355828220858,11.042944785276074,17.791411042944784,71.16564417177914,61.963190184049076,9.202453987730062
E00079868,166,41,12,29,125,108,17,24.69879518072289,7.228915662650602,17.46987951807229,75.30120481927712,65.06024096385542,10.240963855421686
E00079869,159,40,10,30,119,103,16,25.157232704402517,6.289308176100629,18.867924528301888,74.84276729559748,64.77987421383648,10.062893081761008
E00079870,185,47,18,29,138,118,20,25.405405405405407,9.72972972972973,15.675675675675677,74.5945945945946,63.78378378378379,10.81081081081081
E00079871,139,37,14,23,102,81,21,26.618705035971225,10.071942446043165,16.546762589928058,73.38129496402878,58.27338129496403,15.107913669064748
E00079872,119,27,9,18,92,81,11,22.689075630252102,7.563025210084033,15.126050420168067,77.31092436974791,68.0672268907563,9.243697478991598
E00079873,124,26,3,23,98,92,6,20.967741935483872,2.4193548387096775,18.548387096774192,79.03225806451613,74.19354838709677,4.838709677419355
E00079874,172,53,17,36,119,106,13,30.813953488372093,9.883720930232558,20.930232558139537,69.18604651162791,61.627906976744185,7.55813953488372
E00079875,175,44,15,29,131,112,19,25.142857142857146,8.571428571428571,16.57142857142857,74.85714285714286,64,10.857142857142858
E00079876,127,34,16,18,93,87,6,26.77165354330709,12.598425196850393,14.173228346456693,73.22834645669292,68.50393700787401,4.724409448818897
E00079877,157,47,14,33,110,93,17,29.936305732484076,8.9171974522293,21.019108280254777,70.06369426751591,59.23566878980891,10.828025477707007
E00079878,111,32,14,18,79,65,14,28.82882882882883,12.612612612612612,16.216216216216218,71.17117117117117,58.55855855855856,12.612612612612612
E00079879,208,55,20,35,153,136,17,26.442307692307693,9.615384615384617,16.826923076923077,73.5576923076923,65.38461538461539,8.173076923076923
E00079881,102,41,9,32,61,56,5,40.19607843137255,8.823529411764707,31.372549019607842,59.80392156862745,54.90196078431373,4.901960784313726
E00079882,245,67,22,45,178,144,34,27.346938775510203,8.979591836734693,18.367346938775512,72.6530612244898,58.77551020408164,13.877551020408163
E00079883,90,36,9,27,54,51,3,40,10,30,60,56.666666666666664,3.3333333333333335
E00079884,128,52,20,32,76,67,9,40.625,15.625,25,59.375,52.34375,7.03125
E00079885,144,38,13,25,106,89,17,26.38888888888889,9.027777777777777,17.36111111111111,73.61111111111111,61.80555555555556,11.805555555555555
E00079886,162,37,12,25,125,109,16,22.839506172839506,7.4074074074074066,15.432098765432098,77.1604938271605,67.28395061728395,9.876543209876543
E00079887,123,30,10,20,93,79,14,24.390243902439025,8.130081300813007,16.260162601626014,75.60975609756098,64.22764227642277,11.38211382113821
E00079888,169,49,13,36,120,107,13,28.994082840236686,7.6923076923076925,21.301775147928996,71.00591715976331,63.31360946745562,7.6923076923076925
E00079889,160,49,14,35,111,97,14,30.625000000000004,8.75,21.875,69.375,60.62499999999999,8.75
E00079890,153,46,16,30,107,96,11,30.065359477124183,10.457516339869281,19.607843137254903,69.93464052287581,62.745098039215684,7.18954248366013
E00079891,142,43,13,30,99,87,12,30.28169014084507,9.15492957746479,21.12676056338028,69.71830985915493,61.267605633802816,8.450704225352112
E00079892,164,41,13,28,123,110,13,25,7.926829268292683,17.073170731707318,75,67.07317073170732,7.926829268292683
E00079893,135,48,16,32,87,73,14,35.55555555555556,11.851851851851853,23.703703703703706,64.44444444444444,54.074074074074076,10.37037037037037
E00079894,164,38,17,21,126,110,16,23.170731707317074,10.365853658536585,12.804878048780488,76.82926829268293,67.07317073170732,9.75609756097561
E00079895,149,45,18,27,104,90,14,30.201342281879196,12.080536912751679,18.120805369127517,69.79865771812081,60.40268456375839,9.395973154362416
E00079896,170,43,20,23,127,108,19,25.294117647058822,11.76470588235294,13.529411764705882,74.70588235294117,63.52941176470588,11.176470588235295
E00079897,131,45,5,40,86,82,4,34.35114503816794,3.816793893129771,30.53435114503817,65.64885496183206,62.59541984732825,3.0534351145038165
E00079898,154,48,22,26,106,96,10,31.16883116883117,14.285714285714285,16.883116883116884,68.83116883116884,62.33766233766234,6.493506493506493
E00079899,206,54,19,35,152,138,14,26.21359223300971,9.223300970873787,16.990291262135923,73.7864077669903,66.99029126213593,6.796116504854369
E00079900,188,39,15,24,149,131,18,20.74468085106383,7.9787234042553195,12.76595744680851,79.25531914893617,69.68085106382979,9.574468085106384
E00079901,158,42,13,29,116,102,14,26.582278481012654,8.227848101265822,18.354430379746837,73.41772151898735,64.55696202531645,8.860759493670885
E00079902,216,53,20,33,163,145,18,24.537037037037038,9.25925925925926,15.277777777777779,75.46296296296296,67.12962962962963,8.333333333333332
E00079903,214,63,23,40,151,130,21,29.439252336448597,10.74766355140187,18.69158878504673,70.56074766355141,60.747663551401864,9.813084112149532
E00079904,171,49,14,35,122,112,10,28.654970760233915,8.187134502923977,20.46783625730994,71.34502923976608,65.49707602339181,5.847953216374268
E00079905,100,24,10,14,76,58,18,24,10,14.000000000000002,76,57.99999999999999,18
E00079906,195,43,15,28,152,130,22,22.05128205128205,7.6923076923076925,14.358974358974358,77.94871794871796,66.66666666666666,11.282051282051283
E00079907,282,65,34,31,217,174,43,23.04964539007092,12.056737588652481,10.99290780141844,76.95035460992908,61.702127659574465,15.24822695035461
E00079908,134,40,21,19,94,75,19,29.850746268656714,15.671641791044777,14.17910447761194,70.1492537313433,55.970149253731336,14.17910447761194
E00079909,272,71,25,46,201,169,32,26.10294117647059,9.191176470588236,16.911764705882355,73.89705882352942,62.13235294117647,11.76470588235294
E00079910,157,36,16,20,121,102,19,22.929936305732486,10.191082802547772,12.738853503184714,77.07006369426752,64.96815286624204,12.101910828025478
E00079911,152,44,13,31,108,97,11,28.947368421052634,8.552631578947368,20.394736842105264,71.05263157894737,63.81578947368421,7.236842105263158
E00079912,234,74,24,50,160,139,21,31.62393162393162,10.256410256410255,21.367521367521366,68.37606837606837,59.401709401709404,8.974358974358974
E00079913,169,38,11,27,131,118,13,22.485207100591715,6.508875739644971,15.976331360946746,77.51479289940828,69.8224852071006,7.6923076923076925
E00079914,203,66,28,38,137,116,21,32.51231527093596,13.793103448275861,18.7192118226601,67.48768472906403,57.14285714285714,10.344827586206897
E00079915,145,51,27,24,94,80,14,35.172413793103445,18.620689655172416,16.551724137931036,64.82758620689654,55.172413793103445,9.655172413793103
E00079916,184,50,17,33,134,120,14,27.173913043478258,9.239130434782608,17.934782608695652,72.82608695652173,65.21739130434783,7.608695652173914
E00079917,129,26,7,19,103,89,14,20.155038759689923,5.426356589147287,14.728682170542637,79.84496124031007,68.9922480620155,10.852713178294573
E00079918,151,43,13,30,108,90,18,28.47682119205298,8.609271523178808,19.867549668874172,71.52317880794702,59.60264900662252,11.920529801324504
E00079919,182,49,17,32,133,115,18,26.923076923076923,9.340659340659341,17.582417582417584,73.07692307692307,63.18681318681318,9.89010989010989
E00079920,165,39,6,33,126,106,20,23.636363636363637,3.6363636363636362,20,76.36363636363637,64.24242424242425,12.121212121212121
E00079921,134,33,8,25,101,88,13,24.62686567164179,5.970149253731343,18.65671641791045,75.3731343283582,65.67164179104478,9.701492537313433
E00079922,143,41,19,22,102,92,10,28.671328671328673,13.286713286713287,15.384615384615385,71.32867132867133,64.33566433566433,6.993006993006993
E00079923,166,35,9,26,131,106,25,21.084337349397593,5.421686746987952,15.66265060240964,78.91566265060241,63.85542168674698,15.060240963855422
E00079924,172,40,13,27,132,115,17,23.25581395348837,7.55813953488372,15.69767441860465,76.74418604651163,66.86046511627907,9.883720930232558
E00079925,132,28,5,23,104,92,12,21.21212121212121,3.787878787878788,17.424242424242426,78.78787878787878,69.6969696969697,9.090909090909092
E00079926,189,52,18,34,137,114,23,27.513227513227513,9.523809523809524,17.989417989417987,72.4867724867725,60.317460317460316,12.16931216931217
E00079927,36,7,3,4,29,23,6,19.444444444444446,8.333333333333332,11.11111111111111,80.55555555555556,63.888888888888886,16.666666666666664
E00079928,96,26,7,19,70,66,4,27.083333333333332,7.291666666666667,19.791666666666664,72.91666666666666,68.75,4.166666666666666
E00079929,151,36,9,27,115,98,17,23.841059602649008,5.960264900662252,17.880794701986755,76.15894039735099,64.90066225165563,11.258278145695364
E00079930,102,27,6,21,75,68,7,26.47058823529412,5.88235294117647,20.588235294117645,73.52941176470588,66.66666666666666,6.862745098039216
E00079931,135,30,9,21,105,93,12,22.22222222222222,6.666666666666667,15.555555555555555,77.77777777777779,68.88888888888889,8.88888888888889
E00079932,164,53,20,33,111,101,10,32.31707317073171,12.195121951219512,20.121951219512198,67.6829268292683,61.58536585365854,6.097560975609756
E00079933,152,43,14,29,109,94,15,28.289473684210524,9.210526315789473,19.078947368421055,71.71052631578947,61.8421052631579,9.868421052631579
E00173271,165,45,11,34,120,103,17,27.27272727272727,6.666666666666667,20.606060606060606,72.72727272727273,62.42424242424243,10.303030303030303
E00173276,151,60,22,38,91,87,4,39.735099337748345,14.56953642384106,25.165562913907287,60.264900662251655,57.615894039735096,2.6490066225165565
E00173277,128,63,19,44,65,57,8,49.21875,14.84375,34.375,50.78125,44.53125,6.25
E00173279,161,73,27,46,88,78,10,45.3416149068323,16.77018633540373,28.57142857142857,54.6583850931677,48.4472049689441,6.211180124223603
E00173281,113,52,14,38,61,53,8,46.017699115044245,12.389380530973451,33.6283185840708,53.98230088495575,46.902654867256636,7.079646017699115
E00173284,76,13,3,10,63,55,8,17.105263157894736,3.9473684210526314,13.157894736842104,82.89473684210526,72.36842105263158,10.526315789473683
E00173285,83,28,5,23,55,53,2,33.734939759036145,6.024096385542169,27.710843373493976,66.26506024096386,63.85542168674698,2.4096385542168677
E00173287,96,49,18,31,47,47,0,51.041666666666664,18.75,32.29166666666667,48.95833333333333,48.95833333333333,0
E00173290,85,31,9,22,54,45,9,36.470588235294116,10.588235294117647,25.882352941176475,63.52941176470588,52.94117647058824,10.588235294117647
E00173291,90,33,8,25,57,48,9,36.666666666666664,8.88888888888889,27.77777777777778,63.33333333333333,53.333333333333336,10
E00173606,132,36,14,22,96,79,17,27.27272727272727,10.606060606060606,16.666666666666664,72.72727272727273,59.84848484848485,12.878787878787879
E00173607,159,43,13,30,116,106,10,27.044025157232703,8.176100628930817,18.867924528301888,72.95597484276729,66.66666666666666,6.289308176100629
E00173609,127,24,9,15,103,98,5,18.89763779527559,7.086614173228346,11.811023622047244,81.10236220472441,77.16535433070865,3.937007874015748
E00173612,85,43,5,38,42,38,4,50.588235294117645,5.88235294117647,44.70588235294118,49.411764705882355,44.70588235294118,4.705882352941177
E00173613,135,57,21,36,78,67,11,42.22222222222222,15.555555555555555,26.666666666666668,57.77777777777777,49.629629629629626,8.148148148148149
E00173615,148,64,26,38,84,77,7,43.24324324324324,17.56756756756757,25.675675675675674,56.75675675675676,52.02702702702703,4.72972972972973
E00173616,120,44,16,28,76,59,17,36.666666666666664,13.333333333333334,23.333333333333332,63.33333333333333,49.166666666666664,14.166666666666666
E00173618,143,66,19,47,77,64,13,46.15384615384615,13.286713286713287,32.86713286713287,53.84615384615385,44.75524475524475,9.090909090909092
E00173620,181,39,10,29,142,113,29,21.54696132596685,5.524861878453039,16.022099447513813,78.45303867403315,62.430939226519335,16.022099447513813
E00173621,232,81,31,50,151,127,24,34.91379310344828,13.36206896551724,21.551724137931032,65.08620689655173,54.741379310344826,10.344827586206897
E00173623,65,20,5,15,45,38,7,30.76923076923077,7.6923076923076925,23.076923076923077,69.23076923076923,58.46153846153847,10.76923076923077
E00173626,88,30,14,16,58,46,12,34.090909090909086,15.909090909090908,18.181818181818183,65.9090909090909,52.27272727272727,13.636363636363635
E00173627,175,89,34,55,86,75,11,50.857142857142854,19.428571428571427,31.428571428571427,49.142857142857146,42.857142857142854,6.2857142857142865
E00173658,132,47,16,31,85,79,6,35.60606060606061,12.121212121212121,23.484848484848484,64.39393939393939,59.84848484848485,4.545454545454546
E00173660,201,44,18,26,157,140,17,21.890547263681594,8.955223880597014,12.935323383084576,78.1094527363184,69.65174129353234,8.45771144278607
E00173662,86,41,19,22,45,41,4,47.674418604651166,22.093023255813954,25.581395348837212,52.32558139534884,47.674418604651166,4.651162790697675
E00173663,139,34,14,20,105,81,24,24.46043165467626,10.071942446043165,14.388489208633093,75.53956834532374,58.27338129496403,17.26618705035971
E00173665,126,39,16,23,87,75,12,30.952380952380953,12.698412698412698,18.253968253968253,69.04761904761905,59.523809523809526,9.523809523809524
E00173666,170,62,28,34,108,97,11,36.470588235294116,16.470588235294116,20,63.52941176470588,57.05882352941176,6.470588235294119
E00173668,202,61,18,43,141,120,21,30.198019801980198,8.91089108910891,21.287128712871286,69.80198019801979,59.4059405940594,10.396039603960396
E00173669,149,51,13,38,98,78,20,34.22818791946309,8.724832214765101,25.503355704697988,65.77181208053692,52.348993288590606,13.422818791946309
E00173671,173,77,21,56,96,83,13,44.50867052023121,12.138728323699421,32.369942196531795,55.49132947976878,47.97687861271676,7.514450867052023
E00177030,154,51,30,21,103,88,15,33.116883116883116,19.480519480519483,13.636363636363635,66.88311688311688,57.14285714285714,9.740259740259742
E00177033,121,37,11,26,84,67,17,30.57851239669421,9.090909090909092,21.487603305785125,69.42148760330579,55.371900826446286,14.049586776859504
E00177036,87,32,14,18,55,44,11,36.7816091954023,16.091954022988507,20.689655172413794,63.2183908045977,50.57471264367817,12.643678160919542
E00177040,140,28,7,21,112,101,11,20,5,15,80,72.14285714285714,7.857142857142857
E00177043,139,38,11,27,101,90,11,27.33812949640288,7.913669064748201,19.424460431654676,72.66187050359713,64.74820143884892,7.913669064748201
E00177044,95,37,18,19,58,52,6,38.94736842105263,18.947368421052634,20,61.05263157894737,54.736842105263165,6.315789473684211
E00177046,72,30,15,15,42,35,7,41.66666666666667,20.833333333333336,20.833333333333336,58.333333333333336,48.61111111111111,9.722222222222223
E00177061,111,28,15,13,83,68,15,25.225225225225223,13.513513513513514,11.711711711711711,74.77477477477478,61.261261261261254,13.513513513513514
E00177068,91,36,9,27,55,52,3,39.56043956043956,9.89010989010989,29.67032967032967,60.43956043956044,57.14285714285714,3.296703296703297
E00177070,146,45,16,29,101,92,9,30.82191780821918,10.95890410958904,19.863013698630137,69.17808219178082,63.013698630136986,6.164383561643835
E00177074,174,63,17,46,111,88,23,36.206896551724135,9.770114942528735,26.436781609195403,63.793103448275865,50.57471264367817,13.218390804597702
E00177075,302,66,31,35,236,209,27,21.85430463576159,10.264900662251655,11.589403973509933,78.1456953642384,69.20529801324503,8.940397350993377
E00177077,182,62,26,36,120,112,8,34.065934065934066,14.285714285714285,19.78021978021978,65.93406593406593,61.53846153846154,4.395604395604396
E00177078,153,58,17,41,95,89,6,37.908496732026144,11.11111111111111,26.797385620915033,62.091503267973856,58.16993464052288,3.9215686274509802
E00177079,107,16,6,10,91,74,17,14.953271028037381,5.607476635514018,9.345794392523365,85.04672897196261,69.1588785046729,15.887850467289718
E00177085,105,26,7,19,79,61,18,24.761904761904763,6.666666666666667,18.095238095238095,75.23809523809524,58.0952380952381,17.142857142857142
E00177089,60,33,9,24,27,26,1,55.00000000000001,15,40,45,43.333333333333336,1.6666666666666667
E00177093,164,24,7,17,140,120,20,14.634146341463413,4.2682926829268295,10.365853658536585,85.36585365853658,73.17073170731707,12.195121951219512
E00177097,135,52,19,33,83,75,8,38.51851851851852,14.074074074074074,24.444444444444443,61.48148148148148,55.55555555555556,5.9259259259259265
E00177099,164,98,55,43,66,59,7,59.756097560975604,33.53658536585366,26.21951219512195,40.243902439024396,35.97560975609756,4.2682926829268295
E00177100,47,21,2,19,26,26,0,44.680851063829785,4.25531914893617,40.42553191489361,55.319148936170215,55.319148936170215,0
E00177102,146,58,24,34,88,73,15,39.726027397260275,16.43835616438356,23.28767123287671,60.273972602739725,50,10.273972602739725
E00177109,124,61,15,46,63,57,6,49.193548387096776,12.096774193548388,37.096774193548384,50.806451612903224,45.96774193548387,4.838709677419355
E00177112,56,22,8,14,34,32,2,39.285714285714285,14.285714285714285,25,60.71428571428571,57.14285714285714,3.571428571428571
E00177114,99,32,14,18,67,60,7,32.323232323232325,14.14141414141414,18.181818181818183,67.67676767676768,60.60606060606061,7.07070707070707
E00177122,178,86,34,52,92,78,14,48.31460674157304,19.101123595505616,29.213483146067414,51.68539325842697,43.82022471910113,7.865168539325842
E00177127,62,13,5,8,49,41,8,20.967741935483872,8.064516129032258,12.903225806451612,79.03225806451613,66.12903225806451,12.903225806451612
E00177128,185,65,28,37,120,105,15,35.13513513513514,15.135135135135137,20,64.86486486486487,56.75675675675676,8.108108108108109
E00177133,190,76,28,48,114,100,14,40,14.736842105263156,25.263157894736842,60,52.63157894736842,7.368421052631578
E00177136,145,64,22,42,81,76,5,44.13793103448276,15.172413793103448,28.965517241379313,55.86206896551724,52.41379310344828,3.4482758620689653
E00177139,79,36,9,27,43,38,5,45.56962025316456,11.39240506329114,34.177215189873415,54.43037974683544,48.10126582278481,6.329113924050633
E00177140,165,65,17,48,100,92,8,39.39393939393939,10.303030303030303,29.09090909090909,60.60606060606061,55.757575757575765,4.848484848484849
E00177146,173,73,20,53,100,83,17,42.19653179190752,11.560693641618498,30.63583815028902,57.80346820809249,47.97687861271676,9.826589595375722
E00177148,64,20,4,16,44,38,6,31.25,6.25,25,68.75,59.375,9.375
E00177149,184,74,24,50,110,88,22,40.21739130434783,13.043478260869565,27.173913043478258,59.78260869565217,47.82608695652174,11.956521739130435
E00177151,209,50,18,32,159,146,13,23.923444976076556,8.61244019138756,15.311004784688995,76.07655502392345,69.85645933014354,6.220095693779904
E00177153,78,13,5,8,65,55,10,16.666666666666664,6.41025641025641,10.256410256410255,83.33333333333334,70.51282051282051,12.82051282051282
E00177155,169,73,33,40,96,82,14,43.19526627218935,19.526627218934912,23.668639053254438,56.80473372781065,48.5207100591716,8.284023668639055
E00177156,192,93,35,58,99,95,4,48.4375,18.229166666666664,30.208333333333332,51.5625,49.47916666666667,2.083333333333333
E00177157,204,67,21,46,137,114,23,32.84313725490196,10.294117647058822,22.54901960784314,67.15686274509804,55.88235294117647,11.27450980392157
E00177159,191,39,15,24,152,127,25,20.418848167539267,7.853403141361256,12.56544502617801,79.58115183246073,66.49214659685863,13.089005235602095
E00177169,115,36,14,22,79,68,11,31.30434782608696,12.173913043478262,19.130434782608695,68.69565217391305,59.130434782608695,9.565217391304348
E00177185,166,50,16,34,116,98,18,30.120481927710845,9.63855421686747,20.481927710843372,69.87951807228916,59.036144578313255,10.843373493975903
E00177191,135,16,8,8,119,105,14,11.851851851851853,5.9259259259259265,5.9259259259259265,88.14814814814815,77.77777777777779,10.37037037037037
E00177197,119,33,13,20,86,73,13,27.73109243697479,10.92436974789916,16.80672268907563,72.26890756302521,61.34453781512605,10.92436974789916
E00177198,56,21,5,16,35,30,5,37.5,8.928571428571429,28.57142857142857,62.5,53.57142857142857,8.928571428571429
E00177203,109,36,12,24,73,66,7,33.02752293577982,11.009174311926607,22.018348623853214,66.97247706422019,60.550458715596335,6.422018348623854
E00177205,61,11,5,6,50,45,5,18.0327868852459,8.19672131147541,9.836065573770492,81.9672131147541,73.77049180327869,8.19672131147541
E00177211,149,49,20,29,100,91,9,32.88590604026846,13.422818791946309,19.463087248322147,67.11409395973155,61.07382550335571,6.0402684563758395
E00177218,67,16,6,10,51,44,7,23.88059701492537,8.955223880597014,14.925373134328357,76.11940298507463,65.67164179104478,10.44776119402985
E00177219,169,28,11,17,141,115,26,16.56804733727811,6.508875739644971,10.059171597633137,83.4319526627219,68.04733727810651,15.384615384615385
E00177220,60,23,8,15,37,33,4,38.333333333333336,13.333333333333334,25,61.66666666666667,55.00000000000001,6.666666666666667
E00177221,143,72,13,59,71,66,5,50.349650349650354,9.090909090909092,41.25874125874126,49.65034965034965,46.15384615384615,3.4965034965034967
E00177222,253,39,21,18,214,175,39,15.41501976284585,8.300395256916996,7.114624505928854,84.58498023715416,69.1699604743083,15.41501976284585
E00177224,192,44,21,23,148,125,23,22.916666666666664,10.9375,11.979166666666668,77.08333333333334,65.10416666666666,11.979166666666668
E00177225,186,89,30,59,97,81,16,47.8494623655914,16.129032258064516,31.72043010752688,52.1505376344086,43.54838709677419,8.60215053763441
E00177234,81,17,5,12,64,54,10,20.98765432098765,6.172839506172839,14.814814814814813,79.01234567901234,66.66666666666666,12.345679012345679
E00177235,214,81,26,55,133,118,15,37.850467289719624,12.149532710280374,25.70093457943925,62.149532710280376,55.140186915887845,7.009345794392523
E00177236,119,38,13,25,81,69,12,31.932773109243694,10.92436974789916,21.008403361344538,68.0672268907563,57.98319327731093,10.084033613445378
