OA,ts0380001,ts0380002,ts0380003,ts0380004,ts0380005,ts0380006,ts0380007,ts0380002_PCT,ts0380003_PCT,ts0380004_PCT,ts0380005_PCT,ts0380006_PCT,ts0380007_PCT
E00144108,269,36,15,21,233,25,208,13.382899628252787,5.5762081784386615,7.806691449814126,86.61710037174721,9.293680297397769,77.32342007434944
E00144109,296,81,40,41,215,19,196,27.364864864864863,13.513513513513514,13.85135135135135,72.63513513513513,6.418918918918918,66.21621621621621
E00144110,279,55,19,36,224,26,198,19.71326164874552,6.810035842293908,12.903225806451612,80.28673835125448,9.31899641577061,70.96774193548387
E00144111,314,72,40,32,242,25,217,22.929936305732486,12.738853503184714,10.191082802547772,77.07006369426752,7.961783439490445,69.10828025477707
E00144112,315,68,24,44,247,26,221,21.58730158730159,7.6190476190476195,13.968253968253968,78.41269841269842,8.253968253968253,70.15873015873015
E00144113,354,55,19,36,299,26,273,15.53672316384181,5.367231638418079,10.16949152542373,84.4632768361582,7.344632768361582,77.11864406779661
E00144114,253,42,21,21,211,15,196,16.600790513833992,8.300395256916996,8.300395256916996,83.399209486166,5.928853754940711,77.4703557312253
E00144115,337,43,17,26,294,31,263,12.759643916913946,5.044510385756676,7.71513353115727,87.24035608308606,9.198813056379821,78.04154302670622
E00144116,247,37,14,23,210,19,191,14.979757085020243,5.668016194331984,9.31174089068826,85.02024291497976,7.6923076923076925,77.32793522267207
E00144117,127,24,10,14,103,8,95,18.89763779527559,7.874015748031496,11.023622047244094,81.10236220472441,6.299212598425196,74.80314960629921
E00144118,239,55,21,34,184,19,165,23.01255230125523,8.786610878661087,14.225941422594143,76.98744769874477,7.949790794979079,69.0376569037657
E00144119,230,28,14,14,202,17,185,12.173913043478262,6.086956521739131,6.086956521739131,87.82608695652175,7.391304347826087,80.43478260869566
E00144120,262,30,14,16,232,16,216,11.450381679389313,5.343511450381679,6.106870229007633,88.54961832061069,6.106870229007633,82.44274809160305
E00144121,168,50,19,31,118,3,115,29.761904761904763,11.30952380952381,18.452380952380953,70.23809523809523,1.7857142857142856,68.45238095238095
E00144122,263,41,9,32,222,22,200,15.5893536121673,3.4220532319391634,12.167300380228136,84.4106463878327,8.365019011406844,76.04562737642586
E00144123,275,77,37,40,198,20,178,28.000000000000004,13.454545454545455,14.545454545454545,72,7.2727272727272725,64.72727272727272
E00144124,268,50,21,29,218,14,204,18.65671641791045,7.835820895522389,10.820895522388058,81.34328358208955,5.223880597014925,76.11940298507463
E00144125,301,51,20,31,250,19,231,16.943521594684384,6.64451827242525,10.299003322259136,83.05647840531562,6.312292358803987,76.74418604651163
E00144126,270,57,32,25,213,20,193,21.11111111111111,11.851851851851853,9.25925925925926,78.88888888888889,7.4074074074074066,71.48148148148148
E00144127,193,63,32,31,130,10,120,32.64248704663213,16.580310880829018,16.06217616580311,67.35751295336787,5.181347150259067,62.17616580310881
E00144128,219,63,33,30,156,9,147,28.767123287671232,15.068493150684931,13.698630136986301,71.23287671232876,4.10958904109589,67.12328767123287
E00144129,290,55,19,36,235,21,214,18.96551724137931,6.551724137931035,12.413793103448276,81.03448275862068,7.241379310344828,73.79310344827587
E00144130,307,47,17,30,260,28,232,15.309446254071663,5.537459283387622,9.77198697068404,84.69055374592834,9.120521172638437,75.57003257328991
E00144131,336,71,36,35,265,29,236,21.13095238095238,10.714285714285714,10.416666666666668,78.86904761904762,8.630952380952381,70.23809523809523
E00144132,282,61,29,32,221,16,205,21.631205673758867,10.28368794326241,11.347517730496454,78.36879432624113,5.673758865248227,72.69503546099291
E00144133,319,60,25,35,259,22,237,18.808777429467085,7.836990595611286,10.9717868338558,81.19122257053291,6.896551724137931,74.29467084639498
E00144134,288,70,38,32,218,12,206,24.305555555555554,13.194444444444445,11.11111111111111,75.69444444444444,4.166666666666666,71.52777777777779
E00144136,332,76,34,42,256,13,243,22.89156626506024,10.240963855421686,12.650602409638553,77.10843373493977,3.91566265060241,73.19277108433735
E00144137,376,62,30,32,314,24,290,16.48936170212766,7.9787234042553195,8.51063829787234,83.51063829787235,6.382978723404255,77.12765957446808
E00144138,278,78,45,33,200,21,179,28.05755395683453,16.18705035971223,11.870503597122301,71.94244604316546,7.553956834532374,64.38848920863309
E00144139,263,31,11,20,232,16,216,11.787072243346007,4.182509505703422,7.604562737642586,88.212927756654,6.083650190114068,82.12927756653993
E00144140,246,46,17,29,200,28,172,18.69918699186992,6.910569105691057,11.788617886178862,81.30081300813008,11.38211382113821,69.91869918699187
E00144141,192,34,17,17,158,18,140,17.708333333333336,8.854166666666668,8.854166666666668,82.29166666666666,9.375,72.91666666666666
E00144142,335,93,52,41,242,22,220,27.761194029850746,15.522388059701491,12.238805970149254,72.23880597014926,6.567164179104477,65.67164179104478
E00144143,253,61,26,35,192,18,174,24.110671936758894,10.276679841897234,13.83399209486166,75.8893280632411,7.114624505928854,68.77470355731225
E00144144,270,40,9,31,230,25,205,14.814814814814813,3.3333333333333335,11.481481481481481,85.18518518518519,9.25925925925926,75.92592592592592
E00144145,339,53,18,35,286,25,261,15.634218289085547,5.3097345132743365,10.32448377581121,84.36578171091446,7.374631268436578,76.99115044247787
E00144146,255,42,17,25,213,17,196,16.470588235294116,6.666666666666667,9.803921568627452,83.52941176470588,6.666666666666667,76.86274509803923
E00144147,389,74,43,31,315,19,296,19.02313624678663,11.053984575835475,7.969151670951156,80.97686375321337,4.884318766066838,76.09254498714652
E00144148,219,78,41,37,141,11,130,35.61643835616438,18.72146118721461,16.894977168949772,64.38356164383562,5.0228310502283104,59.3607305936073
E00144149,278,52,21,31,226,18,208,18.705035971223023,7.553956834532374,11.151079136690647,81.29496402877699,6.474820143884892,74.82014388489209
E00144150,513,73,30,43,440,34,406,14.230019493177387,5.847953216374268,8.382066276803119,85.7699805068226,6.627680311890838,79.14230019493176
E00144151,261,36,12,24,225,34,191,13.793103448275861,4.597701149425287,9.195402298850574,86.20689655172413,13.026819923371647,73.18007662835248
E00144152,457,63,18,45,394,30,364,13.785557986870897,3.938730853391685,9.846827133479213,86.2144420131291,6.564551422319474,79.64989059080962
E00144153,496,86,38,48,410,43,367,17.338709677419356,7.661290322580645,9.67741935483871,82.66129032258065,8.669354838709678,73.99193548387096
E00144155,241,37,9,28,204,28,176,15.352697095435685,3.7344398340248963,11.618257261410788,84.64730290456431,11.618257261410788,73.02904564315352
E00144156,390,72,38,34,318,28,290,18.461538461538463,9.7435897435897445,8.717948717948717,81.53846153846153,7.179487179487179,74.35897435897436
E00144158,398,72,33,39,326,35,291,18.090452261306535,8.291457286432161,9.798994974874372,81.90954773869346,8.793969849246231,73.11557788944724
E00144159,293,41,8,33,252,28,224,13.993174061433447,2.7303754266211606,11.262798634812286,86.00682593856655,9.556313993174061,76.45051194539249
E00144160,411,79,29,50,332,41,291,19.22141119221411,7.0559610705596105,12.165450121654501,80.7785888077859,9.975669099756692,70.8029197080292
E00144161,348,78,30,48,270,18,252,22.413793103448278,8.620689655172415,13.793103448275861,77.58620689655173,5.172413793103448,72.41379310344827
E00144162,349,122,70,52,227,15,212,34.95702005730659,20.057306590257877,14.899713467048711,65.0429799426934,4.297994269340974,60.74498567335244
E00144163,399,121,41,80,278,28,250,30.32581453634085,10.275689223057643,20.050125313283207,69.67418546365914,7.017543859649122,62.65664160401002
E00144164,297,78,34,44,219,13,206,26.262626262626267,11.447811447811448,14.814814814814813,73.73737373737373,4.377104377104377,69.36026936026936
E00144165,310,62,23,39,248,21,227,20,7.419354838709677,12.580645161290322,80,6.774193548387098,73.22580645161291
E00144166,235,70,27,43,165,24,141,29.78723404255319,11.48936170212766,18.29787234042553,70.2127659574468,10.212765957446807,60
E00144167,422,83,36,47,339,39,300,19.66824644549763,8.530805687203792,11.137440758293838,80.33175355450237,9.24170616113744,71.09004739336493
E00144168,310,68,26,42,242,34,208,21.935483870967744,8.38709677419355,13.548387096774196,78.06451612903226,10.967741935483872,67.0967741935484
E00144169,285,97,44,53,188,9,179,34.03508771929825,15.43859649122807,18.596491228070175,65.96491228070175,3.1578947368421053,62.807017543859644
E00144170,324,67,26,41,257,29,228,20.679012345679013,8.024691358024691,12.654320987654321,79.32098765432099,8.950617283950617,70.37037037037037
E00144171,413,140,67,73,273,25,248,33.89830508474576,16.222760290556902,17.675544794188863,66.10169491525424,6.053268765133172,60.048426150121074
E00144172,300,57,24,33,243,15,228,19,8,11,81,5,76
E00144174,257,44,14,30,213,17,196,17.120622568093385,5.447470817120623,11.673151750972762,82.87937743190662,6.614785992217899,76.26459143968872
E00144175,141,27,10,17,114,7,107,19.148936170212767,7.092198581560284,12.056737588652481,80.85106382978722,4.964539007092199,75.88652482269504
E00144176,125,35,16,19,90,7,83,28.000000000000004,12.8,15.2,72,5.6000000000000005,66.4
E00144177,304,63,31,32,241,22,219,20.723684210526315,10.197368421052632,10.526315789473683,79.27631578947368,7.236842105263158,72.03947368421053
E00144178,394,75,41,34,319,21,298,19.035532994923855,10.406091370558377,8.629441624365482,80.96446700507614,5.32994923857868,75.63451776649747
E00144179,313,74,39,35,239,21,218,23.642172523961662,12.460063897763577,11.182108626198083,76.35782747603834,6.7092651757188495,69.6485623003195
E00144180,291,103,63,40,188,16,172,35.39518900343643,21.649484536082475,13.745704467353953,64.60481099656357,5.498281786941581,59.106529209621996
E00144181,310,81,52,29,229,31,198,26.129032258064516,16.7741935483871,9.35483870967742,73.87096774193549,10,63.87096774193548
E00144182,337,72,38,34,265,20,245,21.364985163204746,11.275964391691394,10.089020771513352,78.63501483679525,5.934718100890208,72.70029673590504
E00144183,282,65,33,32,217,23,194,23.04964539007092,11.702127659574469,11.347517730496454,76.95035460992908,8.156028368794328,68.79432624113475
E00144184,244,119,84,35,125,13,112,48.77049180327869,34.42622950819672,14.344262295081966,51.229508196721305,5.327868852459016,45.90163934426229
E00144185,361,88,43,45,273,17,256,24.37673130193906,11.911357340720222,12.465373961218837,75.62326869806094,4.7091412742382275,70.91412742382272
E00144186,312,67,24,43,245,26,219,21.474358974358974,7.6923076923076925,13.782051282051283,78.52564102564102,8.333333333333332,70.1923076923077
E00144187,313,92,42,50,221,14,207,29.39297124600639,13.418530351437699,15.974440894568689,70.6070287539936,4.472843450479233,66.13418530351439
E00144188,323,69,16,53,254,25,229,21.36222910216718,4.953560371517028,16.408668730650156,78.63777089783281,7.739938080495357,70.89783281733746
E00144189,267,58,19,39,209,14,195,21.722846441947567,7.116104868913857,14.606741573033707,78.27715355805243,5.2434456928838955,73.03370786516854
E00144190,246,68,44,24,178,20,158,27.64227642276423,17.88617886178862,9.75609756097561,72.35772357723577,8.130081300813007,64.22764227642277
E00144191,266,47,26,21,219,22,197,17.669172932330827,9.774436090225564,7.894736842105263,82.33082706766918,8.270676691729323,74.06015037593986
E00144192,254,66,29,37,188,15,173,25.984251968503933,11.41732283464567,14.566929133858267,74.01574803149606,5.905511811023622,68.11023622047244
E00144193,289,92,49,43,197,15,182,31.833910034602077,16.955017301038062,14.878892733564014,68.16608996539793,5.190311418685121,62.9757785467128
E00144194,407,93,37,56,314,33,281,22.85012285012285,9.090909090909092,13.75921375921376,77.14987714987716,8.108108108108109,69.04176904176904
E00144195,282,74,40,34,208,22,186,26.24113475177305,14.184397163120568,12.056737588652481,73.75886524822694,7.801418439716312,65.95744680851064
E00144196,306,66,25,41,240,18,222,21.568627450980394,8.169934640522875,13.398692810457517,78.43137254901961,5.88235294117647,72.54901960784314
E00144197,313,67,32,35,246,23,223,21.405750798722046,10.223642172523961,11.182108626198083,78.59424920127796,7.348242811501597,71.24600638977637
E00144198,368,82,41,41,286,21,265,22.282608695652172,11.141304347826086,11.141304347826086,77.71739130434783,5.706521739130435,72.01086956521739
E00144199,342,76,28,48,266,16,250,22.22222222222222,8.187134502923977,14.035087719298245,77.77777777777779,4.678362573099415,73.09941520467837
E00144200,384,113,39,74,271,27,244,29.427083333333332,10.15625,19.270833333333336,70.57291666666666,7.03125,63.541666666666664
E00144201,282,62,31,31,220,14,206,21.98581560283688,10.99290780141844,10.99290780141844,78.01418439716312,4.964539007092199,73.04964539007092
E00144202,231,75,44,31,156,11,145,32.467532467532465,19.047619047619047,13.41991341991342,67.53246753246754,4.761904761904762,62.77056277056276
E00144203,302,42,17,25,260,26,234,13.90728476821192,5.629139072847682,8.27814569536424,86.09271523178808,8.609271523178808,77.48344370860927
E00144204,327,94,37,57,233,22,211,28.74617737003058,11.314984709480122,17.431192660550458,71.25382262996942,6.727828746177369,64.52599388379205
E00144205,308,71,36,35,237,19,218,23.051948051948052,11.688311688311687,11.363636363636363,76.94805194805194,6.1688311688311686,70.77922077922078
E00144206,280,75,39,36,205,23,182,26.785714285714285,13.928571428571429,12.857142857142856,73.21428571428571,8.214285714285714,65
E00144207,520,90,46,44,430,31,399,17.307692307692307,8.846153846153847,8.461538461538462,82.6923076923077,5.961538461538462,76.73076923076924
E00144208,346,79,34,45,267,27,240,22.832369942196532,9.826589595375722,13.005780346820808,77.16763005780348,7.803468208092486,69.36416184971098
E00144209,302,46,17,29,256,22,234,15.2317880794702,5.629139072847682,9.602649006622517,84.76821192052981,7.28476821192053,77.48344370860927
E00144210,374,69,39,30,305,22,283,18.449197860962567,10.427807486631016,8.0213903743315509,81.55080213903744,5.88235294117647,75.66844919786097
E00144211,303,44,14,30,259,32,227,14.521452145214523,4.62046204620462,9.900990099009901,85.47854785478548,10.561056105610561,74.91749174917491
E00144212,373,60,19,41,313,29,284,16.0857908847185,5.093833780160858,10.991957104557642,83.91420911528151,7.774798927613941,76.13941018766755
E00144213,289,46,18,28,243,16,227,15.916955017301039,6.228373702422145,9.688581314878892,84.08304498269896,5.536332179930796,78.54671280276817
E00144214,239,43,17,26,196,13,183,17.99163179916318,7.112970711297072,10.87866108786611,82.00836820083683,5.439330543933055,76.56903765690377
E00144215,313,71,41,30,242,12,230,22.683706070287542,13.099041533546327,9.584664536741213,77.31629392971246,3.8338658146964857,73.48242811501598
E00144216,290,53,29,24,237,15,222,18.275862068965516,10,8.275862068965518,81.72413793103448,5.172413793103448,76.55172413793103
E00144217,335,54,21,33,281,27,254,16.119402985074625,6.26865671641791,9.850746268656717,83.88059701492537,8.059701492537313,75.82089552238806
E00144218,436,64,29,35,372,30,342,14.678899082568808,6.651376146788992,8.027522935779817,85.3211009174312,6.8807339449541285,78.44036697247707
E00144219,284,50,24,26,234,17,217,17.6056338028169,8.450704225352112,9.15492957746479,82.3943661971831,5.985915492957746,76.40845070422534
E00144220,277,64,33,31,213,12,201,23.104693140794225,11.913357400722022,11.191335740072201,76.89530685920577,4.332129963898916,72.56317689530685
E00144221,388,91,42,49,297,20,277,23.45360824742268,10.824742268041238,12.628865979381443,76.5463917525773,5.154639175257731,71.3917525773196
E00144222,214,40,11,29,174,11,163,18.69158878504673,5.14018691588785,13.551401869158877,81.30841121495327,5.14018691588785,76.16822429906543
E00144223,262,64,25,39,198,16,182,24.427480916030532,9.541984732824428,14.885496183206106,75.57251908396947,6.106870229007633,69.46564885496184
E00144224,356,43,15,28,313,27,286,12.07865168539326,4.213483146067416,7.865168539325842,87.92134831460675,7.584269662921349,80.33707865168539
E00144225,312,43,14,29,269,23,246,13.782051282051283,4.487179487179487,9.294871794871796,86.21794871794873,7.371794871794872,78.84615384615384
E00144226,369,72,21,51,297,23,274,19.51219512195122,5.691056910569105,13.821138211382115,80.48780487804879,6.233062330623306,74.25474254742548
E00144227,324,76,25,51,248,44,204,23.456790123456788,7.716049382716049,15.74074074074074,76.5432098765432,13.580246913580247,62.96296296296296
E00144228,257,43,10,33,214,18,196,16.731517509727624,3.8910505836575875,12.840466926070038,83.26848249027238,7.003891050583658,76.26459143968872
E00144229,247,56,18,38,191,17,174,22.672064777327936,7.28744939271255,15.384615384615385,77.32793522267207,6.882591093117409,70.44534412955466
E00144230,248,53,13,40,195,36,159,21.370967741935484,5.241935483870968,16.129032258064516,78.62903225806451,14.516129032258066,64.11290322580645
E00144231,433,84,38,46,349,36,313,19.399538106235568,8.775981524249422,10.623556581986143,80.60046189376443,8.314087759815243,72.2863741339492
E00144232,198,52,23,29,146,23,123,26.262626262626267,11.616161616161616,14.646464646464647,73.73737373737373,11.616161616161616,62.121212121212125
E00144233,185,56,28,28,129,4,125,30.270270270270274,15.135135135135137,15.135135135135137,69.72972972972973,2.1621621621621623,67.56756756756756
E00144234,275,43,16,27,232,14,218,15.636363636363637,5.818181818181818,9.818181818181818,84.36363636363636,5.090909090909091,79.27272727272727
E00144236,371,47,16,31,324,27,297,12.668463611859837,4.31266846361186,8.355795148247978,87.33153638814017,7.277628032345014,80.05390835579514
E00144237,227,44,23,21,183,8,175,19.383259911894275,10.13215859030837,9.251101321585903,80.61674008810573,3.524229074889868,77.09251101321586
E00144238,304,72,33,39,232,15,217,23.684210526315788,10.855263157894738,12.828947368421053,76.31578947368422,4.934210526315789,71.38157894736842
E00144239,313,55,17,38,258,19,239,17.57188498402556,5.431309904153355,12.140575079872203,82.42811501597444,6.070287539936102,76.35782747603834
E00144240,356,84,28,56,272,29,243,23.595505617977526,7.865168539325842,15.730337078651685,76.40449438202246,8.146067415730338,68.25842696629213
E00144241,396,59,16,43,337,24,313,14.898989898989898,4.040404040404041,10.85858585858586,85.1010101010101,6.0606060606060606,79.04040404040404
E00144242,217,60,21,39,157,13,144,27.64976958525346,9.67741935483871,17.972350230414747,72.35023041474655,5.990783410138248,66.3594470046083
E00144243,267,58,25,33,209,19,190,21.722846441947567,9.363295880149813,12.359550561797752,78.27715355805243,7.116104868913857,71.16104868913857
E00144244,259,59,29,30,200,21,179,22.779922779922778,11.196911196911197,11.583011583011583,77.22007722007721,8.108108108108109,69.1119691119691
E00144245,272,53,19,34,219,28,191,19.485294117647058,6.985294117647059,12.5,80.51470588235294,10.294117647058822,70.22058823529412
E00144246,332,63,26,37,269,32,237,18.97590361445783,7.83132530120482,11.144578313253012,81.02409638554217,9.63855421686747,71.3855421686747
E00144247,267,37,13,24,230,16,214,13.857677902621724,4.868913857677903,8.98876404494382,86.14232209737828,5.992509363295881,80.14981273408239
E00144248,240,39,13,26,201,19,182,16.25,5.416666666666667,10.833333333333334,83.75,7.916666666666666,75.83333333333333
E00144249,270,34,15,19,236,25,211,12.592592592592592,5.555555555555555,7.037037037037037,87.4074074074074,9.25925925925926,78.14814814814814
E00144250,182,27,7,20,155,15,140,14.835164835164836,3.8461538461538463,10.989010989010989,85.16483516483517,8.241758241758241,76.92307692307693
E00144251,227,38,13,25,189,19,170,16.740088105726873,5.726872246696035,11.013215859030836,83.25991189427313,8.370044052863436,74.8898678414097
E00144252,411,72,35,37,339,32,307,17.51824817518248,8.51581508515815,9.002433090024331,82.48175182481752,7.785888077858881,74.69586374695864
E00144253,261,57,24,33,204,13,191,21.839080459770116,9.195402298850574,12.643678160919542,78.16091954022988,4.980842911877394,73.18007662835248
E00144254,201,50,26,24,151,18,133,24.875621890547265,12.935323383084576,11.940298507462686,75.12437810945273,8.955223880597014,66.16915422885572
E00144255,252,32,11,21,220,19,201,12.698412698412698,4.365079365079365,8.333333333333332,87.3015873015873,7.5396825396825395,79.76190476190477
E00144256,490,91,42,49,399,31,368,18.571428571428573,8.571428571428571,10,81.42857142857143,6.326530612244897,75.10204081632654
E00144257,436,82,39,43,354,22,332,18.807339449541285,8.944954128440367,9.862385321100918,81.19266055045871,5.045871559633028,76.14678899082568
E00144258,385,80,38,42,305,22,283,20.77922077922078,9.87012987012987,10.909090909090908,79.22077922077922,5.714285714285714,73.50649350649351
E00144259,365,67,38,29,298,11,287,18.356164383561644,10.41095890410959,7.9452054794520555,81.64383561643835,3.0136986301369864,78.63013698630137
E00144260,206,83,40,43,123,14,109,40.29126213592233,19.41747572815534,20.87378640776699,59.70873786407766,6.796116504854369,52.9126213592233
E00144261,312,73,34,39,239,26,213,23.397435897435898,10.897435897435898,12.5,76.6025641025641,8.333333333333332,68.26923076923077
E00144263,336,141,61,80,195,19,176,41.964285714285715,18.154761904761905,23.809523809523807,58.03571428571429,5.654761904761905,52.38095238095239
E00144264,369,144,81,63,225,18,207,39.02439024390244,21.951219512195124,17.073170731707318,60.97560975609756,4.878048780487805,56.09756097560976
E00144265,314,72,42,30,242,14,228,22.929936305732486,13.375796178343949,9.554140127388536,77.07006369426752,4.45859872611465,72.61146496815286
E00144266,486,119,53,66,367,28,339,24.485596707818928,10.905349794238683,13.580246913580247,75.51440329218107,5.761316872427984,69.75308641975309
E00144267,210,38,11,27,172,18,154,18.095238095238095,5.238095238095238,12.857142857142856,81.9047619047619,8.571428571428571,73.33333333333333
E00144268,269,101,54,47,168,21,147,37.54646840148699,20.074349442379184,17.472118959107807,62.45353159851301,7.806691449814126,54.646840148698885
E00144269,267,57,19,38,210,26,184,21.34831460674157,7.116104868913857,14.232209737827715,78.65168539325843,9.737827715355806,68.91385767790263
E00144270,358,46,17,29,312,33,279,12.849162011173185,4.748603351955307,8.100558659217876,87.15083798882681,9.217877094972067,77.93296089385476
E00144271,325,71,24,47,254,31,223,21.846153846153847,7.384615384615385,14.461538461538462,78.15384615384615,9.538461538461538,68.61538461538461
E00144272,242,65,23,42,177,20,157,26.859504132231404,9.50413223140496,17.355371900826448,73.14049586776859,8.264462809917356,64.87603305785123
E00144273,268,60,27,33,208,28,180,22.388059701492537,10.074626865671641,12.313432835820896,77.61194029850746,10.44776119402985,67.16417910447761
E00144274,183,28,2,26,155,13,142,15.300546448087433,1.092896174863388,14.207650273224044,84.69945355191257,7.103825136612022,77.59562841530054
E00144275,504,72,27,45,432,43,389,14.285714285714285,5.357142857142857,8.928571428571429,85.71428571428571,8.531746031746032,77.18253968253968
E00144276,291,42,13,29,249,31,218,14.432989690721648,4.4673539518900345,9.965635738831615,85.56701030927834,10.652920962199312,74.91408934707904
E00144277,347,79,34,45,268,39,229,22.76657060518732,9.798270893371757,12.968299711815561,77.23342939481267,11.239193083573488,65.99423631123919
E00144278,139,26,13,13,113,10,103,18.705035971223023,9.352517985611511,9.352517985611511,81.29496402877699,7.1942446043165464,74.10071942446042
E00144279,346,66,31,35,280,26,254,19.07514450867052,8.959537572254336,10.115606936416185,80.92485549132948,7.514450867052023,73.41040462427746
E00144280,177,37,11,26,140,8,132,20.903954802259886,6.214689265536723,14.689265536723164,79.09604519774011,4.519774011299435,74.57627118644068
E00144281,307,49,19,30,258,19,239,15.960912052117262,6.188925081433225,9.77198697068404,84.03908794788273,6.188925081433225,77.85016286644951
E00144282,179,29,9,20,150,15,135,16.201117318435752,5.027932960893855,11.1731843575419,83.79888268156425,8.379888268156424,75.41899441340783
E00144283,207,44,17,27,163,17,146,21.256038647342994,8.212560386473431,13.043478260869565,78.74396135265701,8.212560386473431,70.53140096618358
E00144284,226,62,32,30,164,8,156,27.43362831858407,14.15929203539823,13.274336283185843,72.56637168141593,3.5398230088495577,69.02654867256636
E00144285,306,65,33,32,241,17,224,21.241830065359476,10.784313725490197,10.457516339869281,78.75816993464052,5.555555555555555,73.20261437908496
E00144286,361,83,36,47,278,25,253,22.99168975069252,9.97229916897507,13.019390581717452,77.00831024930747,6.9252077562326875,70.08310249307479
E00144287,313,84,47,37,229,9,220,26.837060702875398,15.015974440894569,11.821086261980831,73.1629392971246,2.8753993610223643,70.28753993610223
E00144288,328,69,30,39,259,15,244,21.036585365853657,9.146341463414634,11.890243902439025,78.96341463414635,4.573170731707317,74.39024390243902
E00144289,290,71,32,39,219,17,202,24.482758620689655,11.03448275862069,13.448275862068964,75.51724137931033,5.862068965517241,69.6551724137931
E00144290,265,63,35,28,202,11,191,23.77358490566038,13.20754716981132,10.566037735849058,76.22641509433963,4.150943396226415,72.0754716981132
E00144291,298,65,27,38,233,22,211,21.812080536912752,9.060402684563758,12.751677852348994,78.18791946308725,7.38255033557047,70.80536912751678
E00144292,302,57,26,31,245,22,223,18.874172185430464,8.609271523178808,10.264900662251655,81.12582781456953,7.28476821192053,73.84105960264901
E00144293,356,74,25,49,282,27,255,20.786516853932586,7.02247191011236,13.764044943820226,79.21348314606742,7.584269662921349,71.62921348314607
E00144294,226,82,54,28,144,12,132,36.283185840707965,23.893805309734514,12.389380530973451,63.716814159292035,5.3097345132743365,58.4070796460177
E00144295,360,78,44,34,282,12,270,21.666666666666668,12.222222222222221,9.444444444444445,78.33333333333333,3.3333333333333335,75
E00144296,315,71,42,29,244,17,227,22.53968253968254,13.333333333333334,9.206349206349207,77.46031746031747,5.396825396825397,72.06349206349206
E00144297,381,89,35,54,292,23,269,23.35958005249344,9.186351706036746,14.173228346456693,76.64041994750657,6.036745406824147,70.60367454068242
E00144298,232,56,25,31,176,9,167,24.137931034482758,10.775862068965516,13.36206896551724,75.86206896551724,3.8793103448275863,71.98275862068965
E00144299,251,74,49,25,177,14,163,29.482071713147413,19.52191235059761,9.9601593625498,70.5179282868526,5.577689243027888,64.9402390438247
E00144300,355,95,41,54,260,15,245,26.76056338028169,11.549295774647888,15.211267605633802,73.23943661971832,4.225352112676056,69.01408450704226
E00144301,334,80,36,44,254,20,234,23.952095808383234,10.778443113772456,13.17365269461078,76.04790419161677,5.9880239520958085,70.05988023952095
E00144302,342,59,36,23,283,30,253,17.251461988304094,10.526315789473683,6.725146198830409,82.7485380116959,8.771929824561402,73.9766081871345
E00144303,348,49,13,36,299,32,267,14.080459770114942,3.7356321839080464,10.344827586206897,85.91954022988506,9.195402298850574,76.72413793103449
E00144304,357,57,21,36,300,21,279,15.966386554621847,5.88235294117647,10.084033613445378,84.03361344537815,5.88235294117647,78.15126050420169
E00144305,235,74,37,37,161,15,146,31.48936170212766,15.74468085106383,15.74468085106383,68.51063829787233,6.382978723404255,62.12765957446808
E00144306,334,80,40,40,254,25,229,23.952095808383234,11.976047904191617,11.976047904191617,76.04790419161677,7.48502994011976,68.562874251497007
E00144308,325,80,32,48,245,25,220,24.615384615384617,9.846153846153847,14.76923076923077,75.38461538461539,7.6923076923076925,67.6923076923077
E00144309,371,112,49,63,259,25,234,30.18867924528302,13.20754716981132,16.9811320754717,69.81132075471697,6.738544474393531,63.07277628032345
E00144310,234,74,33,41,160,13,147,31.62393162393162,14.102564102564102,17.52136752136752,68.37606837606837,5.555555555555555,62.82051282051282
E00144311,334,63,35,28,271,32,239,18.862275449101794,10.479041916167663,8.383233532934131,81.1377245508982,9.580838323353294,71.55688622754491
E00144312,288,92,43,49,196,17,179,31.944444444444443,14.930555555555555,17.01388888888889,68.05555555555556,5.902777777777778,62.15277777777778
E00144313,266,58,21,37,208,19,189,21.804511278195488,7.894736842105263,13.909774436090224,78.19548872180451,7.142857142857142,71.05263157894737
E00144314,265,77,29,48,188,25,163,29.056603773584904,10.943396226415095,18.11320754716981,70.94339622641509,9.433962264150944,61.50943396226415
E00144315,372,56,18,38,316,23,293,15.053763440860216,4.838709677419355,10.21505376344086,84.94623655913979,6.182795698924731,78.76344086021506
E00144316,263,56,20,36,207,17,190,21.292775665399237,7.604562737642586,13.688212927756654,78.70722433460075,6.4638783269961975,72.24334600760456
E00144317,195,62,34,28,133,10,123,31.794871794871792,17.435897435897434,14.358974358974358,68.2051282051282,5.128205128205128,63.07692307692307
E00144318,232,60,27,33,172,19,153,25.862068965517242,11.637931034482758,14.224137931034484,74.13793103448276,8.189655172413794,65.94827586206897
E00144320,252,28,12,16,224,13,211,11.11111111111111,4.761904761904762,6.349206349206349,88.88888888888889,5.158730158730158,83.73015873015873
E00144321,175,36,18,18,139,16,123,20.57142857142857,10.285714285714285,10.285714285714285,79.42857142857143,9.142857142857142,70.28571428571428
E00144322,331,72,34,38,259,25,234,21.75226586102719,10.27190332326284,11.48036253776435,78.24773413897282,7.552870090634441,70.69486404833837
E00144323,366,46,16,30,320,41,279,12.568306010928962,4.371584699453552,8.19672131147541,87.43169398907104,11.202185792349727,76.22950819672131
E00144324,293,60,15,45,233,22,211,20.477815699658702,5.1194539249146755,15.358361774744028,79.5221843003413,7.508532423208192,72.01365187713311
E00144325,251,45,23,22,206,24,182,17.928286852589643,9.163346613545817,8.764940239043826,82.07171314741036,9.56175298804781,72.50996015936255
E00144326,391,107,65,42,284,36,248,27.365728900255753,16.624040920716112,10.741687979539643,72.63427109974424,9.207161125319693,63.42710997442455
E00144327,315,59,31,28,256,20,236,18.73015873015873,9.841269841269842,8.88888888888889,81.26984126984127,6.349206349206349,74.92063492063492
E00144328,225,48,18,30,177,12,165,21.333333333333336,8,13.333333333333334,78.66666666666666,5.333333333333334,73.33333333333333
E00144329,236,79,43,36,157,10,147,33.47457627118644,18.220338983050848,15.254237288135593,66.52542372881356,4.23728813559322,62.28813559322034
E00144330,245,59,22,37,186,19,167,24.081632653061224,8.979591836734693,15.10204081632653,75.91836734693878,7.755102040816326,68.16326530612244
E00144331,290,70,33,37,220,22,198,24.137931034482758,11.379310344827587,12.758620689655173,75.86206896551724,7.586206896551724,68.27586206896552
E00144332,226,49,12,37,177,18,159,21.68141592920354,5.3097345132743365,16.371681415929203,78.31858407079646,7.964601769911504,70.35398230088495
E00144333,291,26,6,20,265,31,234,8.934707903780069,2.0618556701030926,6.872852233676976,91.06529209621993,10.652920962199312,80.41237113402062
E00144334,170,23,9,14,147,23,124,13.529411764705882,5.294117647058823,8.235294117647058,86.47058823529412,13.529411764705882,72.94117647058823
E00144335,440,102,48,54,338,34,304,23.18181818181818,10.909090909090908,12.272727272727273,76.81818181818181,7.727272727272727,69.0909090909091
E00144336,401,72,26,46,329,25,304,17.955112219451372,6.483790523690773,11.471321695760599,82.04488778054862,6.234413965087282,75.81047381546135
E00144337,230,47,15,32,183,23,160,20.434782608695652,6.521739130434782,13.91304347826087,79.56521739130434,10,69.56521739130434
E00144338,420,58,20,38,362,28,334,13.80952380952381,4.761904761904762,9.047619047619047,86.19047619047619,6.666666666666667,79.52380952380952
E00144339,260,36,14,22,224,25,199,13.846153846153847,5.384615384615385,8.461538461538462,86.15384615384616,9.615384615384617,76.53846153846153
E00144340,286,60,16,44,226,31,195,20.97902097902098,5.594405594405594,15.384615384615385,79.02097902097903,10.839160839160838,68.18181818181817
E00144341,272,66,34,32,206,19,187,24.264705882352942,12.5,11.76470588235294,75.73529411764706,6.985294117647059,68.75
E00144342,295,62,29,33,233,29,204,21.01694915254237,9.830508474576272,11.186440677966102,78.98305084745762,9.830508474576272,69.15254237288136
E00144343,604,91,33,58,513,50,463,15.066225165562914,5.4635761589403975,9.602649006622517,84.93377483443709,8.27814569536424,76.65562913907284
E00144344,269,48,10,38,221,28,193,17.843866171003718,3.717472118959108,14.12639405204461,82.15613382899627,10.408921933085502,71.74721189591078
E00144345,345,62,27,35,283,31,252,17.971014492753625,7.82608695652174,10.144927536231885,82.02898550724638,8.985507246376812,73.04347826086956
E00144346,236,49,25,24,187,22,165,20.76271186440678,10.59322033898305,10.16949152542373,79.23728813559322,9.322033898305085,69.91525423728814
E00144347,387,40,18,22,347,40,307,10.335917312661499,4.651162790697675,5.684754521963824,89.66408268733849,10.335917312661499,79.32816537467701
E00144348,388,32,8,24,356,32,324,8.24742268041237,2.0618556701030926,6.185567010309279,91.75257731958763,8.24742268041237,83.50515463917526
E00144349,288,45,11,34,243,28,215,15.625,3.8194444444444446,11.805555555555555,84.375,9.722222222222223,74.65277777777779
E00144350,278,51,22,29,227,16,211,18.345323741007196,7.913669064748201,10.431654676258994,81.65467625899281,5.755395683453238,75.89928057553958
E00144351,266,44,12,32,222,27,195,16.541353383458645,4.511278195488721,12.030075187969924,83.45864661654136,10.150375939849624,73.30827067669173
E00144352,256,38,12,26,218,28,190,14.84375,4.6875,10.15625,85.15625,10.9375,74.21875
E00144355,157,16,4,12,141,18,123,10.191082802547772,2.547770700636943,7.643312101910828,89.80891719745223,11.464968152866243,78.343949044586
E00144356,396,59,16,43,337,24,313,14.898989898989898,4.040404040404041,10.85858585858586,85.1010101010101,6.0606060606060606,79.04040404040404
E00144357,187,45,20,25,142,19,123,24.06417112299465,10.695187165775401,13.368983957219251,75.93582887700535,10.16042780748663,65.77540106951871
E00144358,308,42,10,32,266,24,242,13.636363636363635,3.2467532467532463,10.38961038961039,86.36363636363636,7.792207792207792,78.57142857142857
E00144359,274,61,14,47,213,23,190,22.26277372262774,5.109489051094891,17.153284671532848,77.73722627737226,8.394160583941606,69.34306569343066
E00144360,465,65,20,45,400,45,355,13.978494623655912,4.301075268817205,9.67741935483871,86.02150537634408,9.67741935483871,76.34408602150538
E00144361,272,34,9,25,238,24,214,12.5,3.308823529411765,9.191176470588236,87.5,8.823529411764707,78.67647058823529
E00144362,278,37,16,21,241,19,222,13.309352517985612,5.755395683453238,7.553956834532374,86.6906474820144,6.83453237410072,79.85611510791367
E00144363,284,71,40,31,213,28,185,25,14.084507042253522,10.915492957746478,75,9.859154929577464,65.14084507042254
E00144365,276,70,34,36,206,14,192,25.36231884057971,12.318840579710146,13.043478260869565,74.63768115942028,5.072463768115942,69.56521739130434
E00144366,267,53,16,37,214,33,181,19.850187265917604,5.992509363295881,13.857677902621724,80.14981273408239,12.359550561797752,67.79026217228464
E00144367,344,52,24,28,292,40,252,15.11627906976744,6.976744186046512,8.13953488372093,84.88372093023256,11.627906976744185,73.25581395348837
E00144368,242,55,21,34,187,14,173,22.727272727272727,8.677685950413224,14.049586776859504,77.27272727272727,5.785123966942149,71.48760330578511
E00144369,307,79,53,26,228,21,207,25.732899022801302,17.263843648208468,8.469055374592834,74.2671009771987,6.840390879478828,67.42671009771986
E00144370,309,50,20,30,259,23,236,16.181229773462782,6.472491909385113,9.70873786407767,83.81877022653723,7.443365695792881,76.37540453074433
E00144371,386,90,40,50,296,21,275,23.316062176165804,10.362694300518134,12.953367875647666,76.68393782383419,5.4404145077720205,71.24352331606218
E00144372,287,47,13,34,240,22,218,16.376306620209057,4.529616724738676,11.846689895470384,83.62369337979094,7.665505226480835,75.9581881533101
E00144373,229,38,10,28,191,25,166,16.593886462882097,4.366812227074235,12.22707423580786,83.4061135371179,10.91703056768559,72.48908296943232
E00144374,249,47,17,30,202,13,189,18.87550200803213,6.827309236947792,12.048192771084338,81.12449799196787,5.220883534136546,75.90361445783132
E00144375,369,89,39,50,280,16,264,24.119241192411923,10.569105691056912,13.550135501355012,75.88075880758808,4.336043360433604,71.54471544715447
E00144376,380,106,54,52,274,38,236,27.89473684210526,14.210526315789473,13.684210526315791,72.10526315789474,10,62.10526315789474
E00144377,282,57,30,27,225,22,203,20.212765957446805,10.638297872340425,9.574468085106384,79.7872340425532,7.801418439716312,71.98581560283688
E00144378,386,63,23,40,323,32,291,16.321243523316063,5.958549222797927,10.362694300518134,83.67875647668393,8.290155440414509,75.38860103626943
E00144379,337,79,24,55,258,18,240,23.44213649851632,7.121661721068249,16.320474777448073,76.55786350148368,5.341246290801187,71.2166172106825
E00144380,322,47,10,37,275,15,260,14.596273291925465,3.1055900621118013,11.490683229813664,85.40372670807453,4.658385093167702,80.74534161490683
E00144381,339,62,22,40,277,26,251,18.289085545722713,6.489675516224189,11.799410029498524,81.71091445427729,7.669616519174041,74.04129793510324
E00144382,208,37,13,24,171,22,149,17.78846153846154,6.25,11.538461538461538,82.21153846153845,10.576923076923077,71.63461538461539
E00144383,310,43,9,34,267,27,240,13.870967741935484,2.903225806451613,10.967741935483872,86.12903225806451,8.709677419354838,77.41935483870968
E00144384,247,42,22,20,205,14,191,17.00404858299595,8.906882591093117,8.097165991902834,82.99595141700405,5.668016194331984,77.32793522267207
E00144385,203,32,8,24,171,18,153,15.763546798029557,3.9408866995073892,11.822660098522167,84.23645320197043,8.866995073891626,75.36945812807882
E00144386,337,47,10,37,290,24,266,13.94658753709199,2.967359050445104,10.979228486646884,86.05341246290801,7.121661721068249,78.93175074183976
E00144387,288,39,13,26,249,18,231,13.541666666666666,4.513888888888888,9.027777777777777,86.45833333333334,6.25,80.20833333333334
E00144388,354,55,24,31,299,25,274,15.53672316384181,6.779661016949152,8.757062146892656,84.4632768361582,7.062146892655368,77.40112994350282
E00144389,259,38,9,29,221,15,206,14.671814671814673,3.474903474903475,11.196911196911197,85.32818532818533,5.7915057915057915,79.53667953667953
E00144390,210,49,25,24,161,15,146,23.333333333333332,11.904761904761903,11.428571428571429,76.66666666666667,7.142857142857142,69.52380952380952
E00144391,419,71,25,46,348,35,313,16.94510739856802,5.966587112171838,10.978520286396181,83.05489260143199,8.353221957040573,74.7016706443914
E00144392,223,56,24,32,167,15,152,25.112107623318387,10.762331838565023,14.349775784753364,74.88789237668162,6.726457399103139,68.16143497757847
E00144393,302,72,33,39,230,24,206,23.841059602649008,10.927152317880795,12.91390728476821,76.15894039735099,7.9470198675496695,68.21192052980133
E00144394,406,76,38,38,330,30,300,18.7192118226601,9.35960591133005,9.35960591133005,81.2807881773399,7.389162561576355,73.89162561576354
E00144395,329,43,16,27,286,22,264,13.069908814589665,4.86322188449848,8.206686930091186,86.93009118541033,6.68693009118541,80.24316109422493
E00144396,288,69,36,33,219,16,203,23.958333333333336,12.5,11.458333333333332,76.04166666666666,5.555555555555555,70.48611111111111
E00144397,321,77,24,53,244,25,219,23.98753894080997,7.476635514018691,16.510903426791277,76.01246105919003,7.78816199376947,68.22429906542055
E00144398,144,78,43,35,66,6,60,54.166666666666664,29.86111111111111,24.305555555555554,45.83333333333333,4.166666666666666,41.66666666666667
E00144399,321,56,23,33,265,34,231,17.445482866043612,7.165109034267912,10.2803738317757,82.55451713395638,10.59190031152648,71.96261682242991
E00144400,367,77,38,39,290,32,258,20.98092643051771,10.354223433242508,10.626702997275205,79.01907356948229,8.71934604904632,70.29972752043598
E00144401,286,49,25,24,237,20,217,17.132867132867133,8.741258741258742,8.391608391608392,82.86713286713287,6.993006993006993,75.87412587412588
E00144402,252,93,50,43,159,14,145,36.904761904761905,19.841269841269842,17.063492063492063,63.095238095238095,5.555555555555555,57.53968253968254
E00144403,262,115,73,42,147,19,128,43.89312977099237,27.86259541984733,16.030534351145036,56.10687022900763,7.251908396946565,48.854961832061065
E00144404,243,78,40,38,165,19,146,32.098765432098766,16.46090534979424,15.637860082304528,67.90123456790124,7.818930041152264,60.08230452674898
E00144405,412,65,23,42,347,23,324,15.776699029126215,5.582524271844661,10.194174757281553,84.22330097087378,5.582524271844661,78.64077669902912
E00144406,331,91,44,47,240,23,217,27.492447129909365,13.293051359516618,14.19939577039275,72.50755287009063,6.948640483383686,65.55891238670695
E00144407,232,52,17,35,180,17,163,22.413793103448278,7.327586206896551,15.086206896551724,77.58620689655173,7.327586206896551,70.25862068965517
E00144408,260,47,24,23,213,17,196,18.076923076923077,9.230769230769232,8.846153846153847,81.92307692307692,6.538461538461539,75.38461538461539
E00144409,296,55,31,24,241,17,224,18.58108108108108,10.472972972972974,8.108108108108109,81.41891891891892,5.743243243243244,75.67567567567568
E00144410,290,64,29,35,226,27,199,22.06896551724138,10,12.068965517241379,77.93103448275862,9.310344827586208,68.62068965517241
E00144411,318,64,28,36,254,27,227,20.125786163522015,8.80503144654088,11.320754716981133,79.87421383647799,8.49056603773585,71.38364779874213
E00144412,259,68,34,34,191,13,178,26.254826254826252,13.127413127413126,13.127413127413126,73.74517374517374,5.019305019305019,68.72586872586872
E00144414,172,37,21,16,135,10,125,21.511627906976745,12.209302325581394,9.30232558139535,78.48837209302324,5.813953488372093,72.67441860465115
E00144415,291,66,21,45,225,22,203,22.68041237113402,7.216494845360824,15.463917525773196,77.31958762886599,7.560137457044673,69.7594501718213
E00144416,233,67,39,28,166,29,137,28.75536480686695,16.738197424892704,12.017167381974248,71.24463519313305,12.446351931330472,58.798283261802574
E00144417,373,106,57,49,267,17,250,28.418230563002684,15.281501340482572,13.136729222520108,71.58176943699732,4.557640750670242,67.02412868632707
E00144418,293,50,25,25,243,24,219,17.064846416382252,8.532423208191126,8.532423208191126,82.93515358361775,8.19112627986348,74.74402730375427
E00144419,265,48,8,40,217,19,198,18.11320754716981,3.018867924528302,15.09433962264151,81.88679245283019,7.169811320754717,74.71698113207546
E00144420,307,64,28,36,243,24,219,20.846905537459286,9.120521172638437,11.726384364820847,79.15309446254072,7.81758957654723,71.33550488599349
E00144421,296,52,25,27,244,25,219,17.56756756756757,8.445945945945946,9.121621621621621,82.43243243243244,8.445945945945946,73.98648648648648
E00144422,272,62,24,38,210,28,182,22.794117647058822,8.823529411764707,13.970588235294118,77.20588235294117,10.294117647058822,66.91176470588235
E00144423,255,55,20,35,200,24,176,21.568627450980394,7.8431372549019605,13.725490196078432,78.43137254901961,9.411764705882353,69.01960784313725
E00144424,389,65,26,39,324,13,311,16.709511568123396,6.683804627249357,10.025706940874036,83.29048843187661,3.3419023136246784,79.94858611825192
E00144426,254,81,43,38,173,14,159,31.88976377952756,16.92913385826772,14.960629921259844,68.11023622047244,5.511811023622047,62.59842519685039
E00144427,326,87,36,51,239,32,207,26.68711656441718,11.042944785276074,15.644171779141105,73.31288343558282,9.815950920245399,63.49693251533742
E00144428,275,79,46,33,196,20,176,28.72727272727273,16.727272727272727,12,71.27272727272728,7.2727272727272725,64
E00144429,236,82,57,25,154,13,141,34.74576271186441,24.152542372881356,10.59322033898305,65.2542372881356,5.508474576271186,59.7457627118644
E00144430,335,74,41,33,261,21,240,22.08955223880597,12.238805970149254,9.850746268656717,77.91044776119404,6.26865671641791,71.64179104477611
E00144431,257,83,42,41,174,20,154,32.295719844357976,16.342412451361866,15.953307392996107,67.70428015564202,7.782101167315175,59.92217898832685
E00144432,336,33,6,27,303,20,283,9.821428571428571,1.7857142857142856,8.035714285714286,90.17857142857143,5.952380952380952,84.22619047619048
E00144433,253,58,30,28,195,23,172,22.92490118577075,11.857707509881422,11.067193675889328,77.07509881422925,9.090909090909092,67.98418972332016
E00144434,365,67,24,43,298,30,268,18.356164383561644,6.575342465753424,11.78082191780822,81.64383561643835,8.21917808219178,73.42465753424658
E00144435,278,43,13,30,235,31,204,15.467625899280577,4.676258992805756,10.79136690647482,84.53237410071942,11.151079136690647,73.38129496402878
E00144436,278,37,18,19,241,28,213,13.309352517985612,6.474820143884892,6.83453237410072,86.6906474820144,10.071942446043165,76.61870503597122
E00144437,383,110,65,45,273,27,246,28.720626631853786,16.971279373368144,11.74934725848564,71.27937336814621,7.049608355091384,64.22976501305483
E00144438,304,69,32,37,235,27,208,22.697368421052634,10.526315789473683,12.171052631578947,77.30263157894737,8.881578947368421,68.42105263157895
E00144439,285,41,14,27,244,29,215,14.385964912280702,4.912280701754386,9.473684210526317,85.6140350877193,10.175438596491228,75.43859649122807
E00144440,253,61,22,39,192,26,166,24.110671936758894,8.695652173913043,15.41501976284585,75.8893280632411,10.276679841897234,65.61264822134387
E00144441,312,55,14,41,257,29,228,17.628205128205128,4.487179487179487,13.141025641025642,82.37179487179486,9.294871794871796,73.07692307692307
E00144442,310,40,17,23,270,23,247,12.903225806451612,5.483870967741936,7.419354838709677,87.09677419354838,7.419354838709677,79.6774193548387
E00144443,356,66,24,42,290,37,253,18.53932584269663,6.741573033707865,11.797752808988763,81.46067415730337,10.393258426966293,71.06741573033707
E00144444,308,75,35,40,233,31,202,24.350649350649352,11.363636363636363,12.987012987012985,75.64935064935064,10.064935064935066,65.5844155844156
E00144445,312,32,11,21,280,34,246,10.256410256410255,3.5256410256410255,6.730769230769231,89.74358974358975,10.897435897435898,78.84615384615384
E00144446,329,56,21,35,273,33,240,17.02127659574468,6.382978723404255,10.638297872340425,82.97872340425532,10.030395136778116,72.94832826747721
E00144448,291,56,21,35,235,25,210,19.243986254295535,7.216494845360824,12.027491408934708,80.75601374570446,8.59106529209622,72.16494845360825
E00144449,325,58,24,34,267,30,237,17.846153846153847,7.384615384615385,10.461538461538462,82.15384615384616,9.230769230769232,72.92307692307692
E00144450,415,75,31,44,340,52,288,18.072289156626507,7.46987951807229,10.602409638554217,81.92771084337349,12.530120481927712,69.39759036144578
E00144451,366,67,27,40,299,29,270,18.30601092896175,7.377049180327869,10.92896174863388,81.69398907103826,7.923497267759563,73.77049180327869
E00144452,555,83,23,60,472,62,410,14.954954954954955,4.1441441441441444,10.81081081081081,85.04504504504504,11.17117117117117,73.87387387387388
E00144453,283,43,11,32,240,42,198,15.19434628975265,3.8869257950530036,11.307420494699647,84.80565371024736,14.840989399293287,69.96466431095406
E00144454,230,46,18,28,184,12,172,20,7.82608695652174,12.173913043478262,80,5.217391304347826,74.78260869565217
E00144455,271,40,15,25,231,19,212,14.760147601476014,5.535055350553505,9.22509225092251,85.23985239852398,7.011070110701106,78.22878228782287
E00144456,475,77,23,54,398,40,358,16.210526315789473,4.842105263157895,11.368421052631579,83.78947368421052,8.421052631578947,75.36842105263158
E00144457,349,47,17,30,302,25,277,13.46704871060172,4.871060171919771,8.595988538681947,86.53295128939828,7.163323782234957,79.36962750716332
E00144458,170,12,6,6,158,12,146,7.0588235294117645,3.5294117647058822,3.5294117647058822,92.94117647058823,7.0588235294117645,85.88235294117646
E00144459,224,32,8,24,192,17,175,14.285714285714285,3.571428571428571,10.714285714285714,85.71428571428571,7.5892857142857135,78.125
E00144460,255,68,34,34,187,18,169,26.666666666666668,13.333333333333334,13.333333333333334,73.33333333333333,7.0588235294117645,66.27450980392156
E00144461,417,62,20,42,355,32,323,14.86810551558753,4.796163069544365,10.071942446043165,85.13189448441247,7.673860911270983,77.45803357314148
E00144462,388,64,22,42,324,37,287,16.49484536082474,5.670103092783505,10.824742268041238,83.50515463917526,9.536082474226804,73.96907216494846
E00144463,390,46,13,33,344,27,317,11.794871794871794,3.3333333333333335,8.461538461538462,88.2051282051282,6.923076923076923,81.28205128205128
E00144464,453,93,51,42,360,39,321,20.52980132450331,11.258278145695364,9.271523178807946,79.47019867549669,8.609271523178808,70.86092715231787
E00144465,431,49,21,28,382,38,344,11.36890951276102,4.872389791183294,6.496519721577726,88.63109048723898,8.816705336426914,79.81438515081206
E00144466,371,65,28,37,306,20,286,17.52021563342318,7.547169811320755,9.973045822102426,82.47978436657682,5.3908355795148255,77.088948787062
E00144467,343,44,13,31,299,34,265,12.82798833819242,3.7900874635568513,9.037900874635568,87.17201166180757,9.912536443148689,77.25947521865889
E00144468,446,60,25,35,386,33,353,13.452914798206278,5.605381165919283,7.847533632286996,86.54708520179372,7.399103139013453,79.14798206278026
E00144469,256,48,23,25,208,22,186,18.75,8.984375,9.765625,81.25,8.59375,72.65625
E00144470,284,68,36,32,216,25,191,23.943661971830984,12.676056338028168,11.267605633802818,76.05633802816901,8.80281690140845,67.25352112676056
E00144472,535,87,40,47,448,44,404,16.261682242990656,7.476635514018691,8.785046728971963,83.73831775700936,8.224299065420562,75.51401869158877
E00144473,183,25,6,19,158,9,149,13.661202185792352,3.278688524590164,10.382513661202186,86.33879781420765,4.918032786885246,81.4207650273224
E00144474,316,71,23,48,245,43,202,22.468354430379748,7.2784810126582276,15.18987341772152,77.53164556962025,13.60759493670886,63.92405063291139
E00144475,278,54,19,35,224,19,205,19.424460431654676,6.83453237410072,12.589928057553957,80.57553956834532,6.83453237410072,73.7410071942446
E00173421,303,47,17,30,256,20,236,15.51155115511551,5.6105610561056105,9.900990099009901,84.48844884488449,6.6006600660066,77.88778877887789
E00173422,256,50,22,28,206,28,178,19.53125,8.59375,10.9375,80.46875,10.9375,69.53125
E00173425,317,73,32,41,244,16,228,23.02839116719243,10.094637223974763,12.933753943217665,76.97160883280758,5.047318611987381,71.92429022082018
E00173427,374,41,11,30,333,23,310,10.962566844919785,2.941176470588235,8.0213903743315509,89.03743315508021,6.149732620320856,82.88770053475936
E00173428,314,52,18,34,262,25,237,16.560509554140125,5.7324840764331215,10.828025477707007,83.43949044585987,7.961783439490445,75.47770700636943
E00173429,243,38,7,31,205,27,178,15.637860082304528,2.880658436213992,12.757201646090536,84.36213991769547,11.11111111111111,73.25102880658436
E00173430,412,38,10,28,374,27,347,9.223300970873787,2.4271844660194173,6.796116504854369,90.77669902912622,6.553398058252427,84.22330097087378
E00173431,296,39,17,22,257,25,232,13.175675675675674,5.743243243243244,7.4324324324324325,86.82432432432432,8.445945945945946,78.37837837837837
E00173432,267,42,11,31,225,26,199,15.730337078651685,4.119850187265917,11.610486891385769,84.26966292134831,9.737827715355806,74.53183520599251
E00173433,317,37,8,29,280,35,245,11.67192429022082,2.5236593059936907,9.14826498422713,88.32807570977917,11.041009463722396,77.28706624605678
E00173435,998,320,102,218,678,112,566,32.06412825651302,10.220440881763528,21.8436873747495,67.93587174348697,11.22244488977956,56.71342685370742
E00173436,132,34,13,21,98,8,90,25.757575757575758,9.848484848484848,15.909090909090908,74.24242424242425,6.0606060606060606,68.18181818181817
E00173438,266,47,19,28,219,22,197,17.669172932330827,7.142857142857142,10.526315789473683,82.33082706766918,8.270676691729323,74.06015037593986
E00173439,338,53,25,28,285,23,262,15.680473372781064,7.396449704142012,8.284023668639055,84.31952662721893,6.8047337278106506,77.51479289940828
E00173440,317,49,18,31,268,31,237,15.457413249211358,5.678233438485805,9.779179810725552,84.54258675078864,9.779179810725552,74.76340694006309
E00173441,433,79,36,43,354,32,322,18.244803695150118,8.314087759815243,9.930715935334874,81.75519630484989,7.390300230946882,74.364896073903
E00173443,324,38,11,27,286,33,253,11.728395061728394,3.3950617283950617,8.333333333333332,88.27160493827161,10.185185185185185,78.08641975308642
E00173446,266,50,20,30,216,25,191,18.796992481203006,7.518796992481203,11.278195488721805,81.203007518797,9.398496240601503,71.80451127819549
E00176775,470,56,13,43,414,43,371,11.914893617021278,2.7659574468085104,9.148936170212766,88.08510638297872,9.148936170212766,78.93617021276596
E00176776,252,23,8,15,229,8,221,9.126984126984127,3.1746031746031744,5.952380952380952,90.87301587301587,3.1746031746031744,87.6984126984127
E00176780,234,23,7,16,211,15,196,9.82905982905983,2.9914529914529915,6.837606837606838,90.17094017094017,6.41025641025641,83.76068376068376
E00176784,168,35,14,21,133,9,124,20.833333333333336,8.333333333333332,12.5,79.16666666666666,5.357142857142857,73.80952380952381
E00176785,146,11,2,9,135,10,125,7.534246575342466,1.36986301369863,6.164383561643835,92.46575342465754,6.8493150684931505,85.61643835616438
E00176789,354,45,15,30,309,22,287,12.711864406779661,4.23728813559322,8.47457627118644,87.28813559322035,6.214689265536723,81.07344632768361
E00176790,315,63,24,39,252,19,233,20,7.6190476190476195,12.380952380952381,80,6.031746031746032,73.96825396825398
E00176798,609,62,18,44,547,43,504,10.180623973727423,2.955665024630542,7.224958949096879,89.81937602627258,7.060755336617405,82.75862068965517
E00176802,500,59,23,36,441,44,397,11.799999999999999,4.6,7.199999999999999,88.2,8.799999999999999,79.4
E00176806,253,22,4,18,231,10,221,8.695652173913043,1.5810276679841897,7.114624505928854,91.30434782608695,3.9525691699604746,87.35177865612648
E00176810,223,32,11,21,191,16,175,14.349775784753364,4.932735426008969,9.417040358744394,85.65022421524664,7.174887892376682,78.47533632286996
E00176819,146,17,4,13,129,13,116,11.643835616438356,2.73972602739726,8.904109589041095,88.35616438356165,8.904109589041095,79.45205479452055
E00176823,496,56,13,43,440,41,399,11.29032258064516,2.620967741935484,8.669354838709678,88.70967741935483,8.266129032258064,80.44354838709677
E00176826,107,29,10,19,78,7,71,27.102803738317753,9.345794392523365,17.75700934579439,72.89719626168224,6.5420560747663545,66.35514018691589
E00176829,515,136,34,102,379,42,337,26.407766990291265,6.601941747572816,19.80582524271845,73.59223300970874,8.155339805825243,65.4368932038835
E00176830,306,21,6,15,285,24,261,6.862745098039216,1.9607843137254901,4.901960784313726,93.13725490196079,7.8431372549019605,85.29411764705883
E00176843,196,40,20,20,156,15,141,20.408163265306122,10.204081632653061,10.204081632653061,79.59183673469387,7.653061224489796,71.93877551020408
E00176847,554,60,14,46,494,51,443,10.830324909747292,2.527075812274368,8.303249097472925,89.16967509025271,9.2057761732852,79.96389891696751
E00176849,400,44,13,31,356,19,337,11,3.25,7.75,89,4.75,84.25
E00176850,254,65,28,37,189,17,172,25.590551181102363,11.023622047244094,14.566929133858267,74.40944881889764,6.692913385826772,67.71653543307087
E00176857,99,8,2,6,91,5,86,8.080808080808081,2.0202020202020203,6.0606060606060606,91.91919191919192,5.05050505050505,86.86868686868688
E00176858,224,28,11,17,196,20,176,12.5,4.910714285714286,7.5892857142857135,87.5,8.928571428571429,78.57142857142857
E00176874,408,28,7,21,380,25,355,6.862745098039216,1.715686274509804,5.147058823529411,93.13725490196079,6.127450980392156,87.00980392156863
E00176880,109,15,7,8,94,8,86,13.761467889908257,6.422018348623854,7.339449541284404,86.23853211009175,7.339449541284404,78.89908256880734
E00176894,581,57,20,37,524,39,485,9.81067125645439,3.4423407917383817,6.368330464716007,90.18932874354562,6.712564543889846,83.47676419965576
E00176896,246,127,94,33,119,11,108,51.6260162601626,38.21138211382114,13.414634146341465,48.3739837398374,4.471544715447155,43.90243902439025
E00176902,455,27,9,18,428,22,406,5.934065934065933,1.9780219780219779,3.9560439560439558,94.06593406593406,4.835164835164836,89.23076923076924
E00176903,104,13,8,5,91,5,86,12.5,7.6923076923076925,4.807692307692308,87.5,4.807692307692308,82.6923076923077
E00176906,569,101,50,51,468,39,429,17.75043936731107,8.787346221441124,8.963093145869948,82.24956063268893,6.854130052724078,75.39543057996485
E00176907,307,52,28,24,255,27,228,16.938110749185668,9.120521172638437,7.81758957654723,83.06188925081433,8.794788273615636,74.2671009771987
