OA,ts0590001,ts0590002,ts0590003,ts0590004,ts0590005,ts0590006,ts0590007,ts0590002_PCT,ts0590003_PCT,ts0590004_PCT,ts0590005_PCT,ts0590006_PCT,ts0590007_PCT
E00071220,333,60,23,37,273,219,54,18.01801801801802,6.906906906906906,11.11111111111111,81.98198198198197,65.76576576576578,16.216216216216218
E00071221,173,42,15,27,131,114,17,24.277456647398843,8.670520231213873,15.606936416184972,75.72254335260115,65.89595375722543,9.826589595375722
E00071222,128,47,13,34,81,65,16,36.71875,10.15625,26.5625,63.28125,50.78125,12.5
E00071223,174,39,14,25,135,114,21,22.413793103448278,8.045977011494253,14.367816091954023,77.58620689655173,65.51724137931035,12.068965517241379
E00071224,122,24,5,19,98,81,17,19.672131147540984,4.098360655737705,15.573770491803279,80.32786885245902,66.39344262295081,13.934426229508196
E00071225,246,72,25,47,174,143,31,29.268292682926827,10.16260162601626,19.10569105691057,70.73170731707317,58.13008130081301,12.601626016260163
E00071226,102,17,2,15,85,77,8,16.666666666666664,1.9607843137254901,14.705882352941178,83.33333333333334,75.49019607843137,7.8431372549019605
E00071227,140,37,7,30,103,88,15,26.42857142857143,5,21.428571428571427,73.57142857142858,62.857142857142854,10.714285714285714
E00071228,116,35,8,27,81,70,11,30.17241379310345,6.896551724137931,23.275862068965516,69.82758620689656,60.3448275862069,9.482758620689655
E00071229,145,38,19,19,107,93,14,26.20689655172414,13.10344827586207,13.10344827586207,73.79310344827587,64.13793103448275,9.655172413793103
E00071230,153,44,8,36,109,95,14,28.75816993464052,5.228758169934641,23.52941176470588,71.24183006535948,62.091503267973856,9.15032679738562
E00071231,170,48,20,28,122,96,26,28.235294117647058,11.76470588235294,16.470588235294116,71.76470588235294,56.470588235294116,15.294117647058824
E00071232,140,47,18,29,93,90,3,33.57142857142857,12.857142857142856,20.714285714285715,66.42857142857143,64.28571428571429,2.142857142857143
E00071233,99,34,8,26,65,57,8,34.34343434343434,8.080808080808081,26.262626262626267,65.65656565656566,57.57575757575758,8.080808080808081
E00071234,161,58,24,34,103,96,7,36.024844720496894,14.906832298136646,21.11801242236025,63.975155279503106,59.62732919254658,4.3478260869565215
E00071235,162,54,14,40,108,88,20,33.33333333333333,8.641975308641975,24.691358024691358,66.66666666666666,54.32098765432099,12.345679012345679
E00071236,159,47,14,33,112,100,12,29.559748427672954,8.80503144654088,20.754716981132077,70.44025157232704,62.893081761006286,7.547169811320755
E00071238,161,48,17,31,113,104,9,29.81366459627329,10.559006211180124,19.25465838509317,70.1863354037267,64.59627329192547,5.590062111801243
E00071239,124,30,10,20,94,76,18,24.193548387096776,8.064516129032258,16.129032258064516,75.80645161290323,61.29032258064516,14.516129032258066
E00071240,140,43,18,25,97,78,19,30.714285714285715,12.857142857142856,17.857142857142858,69.28571428571428,55.714285714285715,13.571428571428571
E00071241,159,46,17,29,113,101,12,28.930817610062892,10.69182389937107,18.238993710691823,71.0691823899371,63.52201257861635,7.547169811320755
E00071242,118,36,10,26,82,72,10,30.508474576271187,8.47457627118644,22.033898305084744,69.49152542372882,61.016949152542374,8.47457627118644
E00071243,116,31,8,23,85,80,5,26.72413793103448,6.896551724137931,19.82758620689655,73.27586206896551,68.96551724137932,4.310344827586207
E00071244,114,34,11,23,80,69,11,29.82456140350877,9.649122807017543,20.175438596491226,70.17543859649122,60.526315789473685,9.649122807017543
E00071245,146,54,16,38,92,82,10,36.986301369863014,10.95890410958904,26.027397260273972,63.013698630136986,56.16438356164384,6.8493150684931505
E00071246,140,49,11,38,91,85,6,35,7.857142857142857,27.142857142857142,65,60.71428571428571,4.285714285714286
E00071247,74,16,6,10,58,55,3,21.62162162162162,8.108108108108109,13.513513513513514,78.37837837837837,74.32432432432432,4.054054054054054
E00071248,183,65,16,49,118,107,11,35.51912568306011,8.743169398907105,26.775956284153008,64.48087431693989,58.46994535519126,6.0109289617486334
E00071249,140,40,11,29,100,90,10,28.57142857142857,7.857142857142857,20.714285714285715,71.42857142857143,64.28571428571429,7.142857142857142
E00071250,102,30,5,25,72,65,7,29.411764705882355,4.901960784313726,24.509803921568626,70.58823529411765,63.725490196078425,6.862745098039216
E00071251,124,29,9,20,95,83,12,23.387096774193548,7.258064516129033,16.129032258064516,76.61290322580645,66.93548387096774,9.67741935483871
E00071252,144,45,14,31,99,88,11,31.25,9.722222222222223,21.52777777777778,68.75,61.111111111111114,7.638888888888889
E00071253,129,42,12,30,87,75,12,32.55813953488372,9.30232558139535,23.25581395348837,67.44186046511628,58.139534883720934,9.30232558139535
E00071254,119,38,10,28,81,69,12,31.932773109243694,8.403361344537815,23.52941176470588,68.0672268907563,57.98319327731093,10.084033613445378
E00071255,130,30,9,21,100,85,15,23.076923076923077,6.923076923076923,16.153846153846153,76.92307692307693,65.38461538461539,11.538461538461538
E00071256,136,42,12,30,94,78,16,30.88235294117647,8.823529411764707,22.058823529411764,69.11764705882352,57.35294117647059,11.76470588235294
E00071257,137,39,6,33,98,89,9,28.467153284671532,4.37956204379562,24.087591240875913,71.53284671532847,64.96350364963503,6.569343065693431
E00071258,111,33,11,22,78,70,8,29.72972972972973,9.90990990990991,19.81981981981982,70.27027027027027,63.06306306306306,7.207207207207207
E00071259,137,31,4,27,106,91,15,22.62773722627737,2.9197080291970803,19.708029197080293,77.37226277372264,66.42335766423358,10.948905109489052
E00071260,69,13,6,7,56,52,4,18.84057971014493,8.695652173913043,10.144927536231885,81.15942028985508,75.36231884057972,5.797101449275362
E00071262,109,34,11,23,75,71,4,31.19266055045872,10.091743119266056,21.100917431192663,68.80733944954129,65.13761467889908,3.669724770642202
E00071263,182,49,27,22,133,98,35,26.923076923076923,14.835164835164836,12.087912087912088,73.07692307692307,53.84615384615385,19.230769230769234
E00071264,104,27,9,18,77,68,9,25.961538461538463,8.653846153846153,17.307692307692307,74.03846153846155,65.38461538461539,8.653846153846153
E00071265,104,20,5,15,84,72,12,19.230769230769234,4.807692307692308,14.423076923076922,80.76923076923077,69.23076923076923,11.538461538461538
E00071266,161,56,21,35,105,85,20,34.78260869565217,13.043478260869565,21.73913043478261,65.21739130434783,52.79503105590062,12.422360248447205
E00071267,151,48,26,22,103,86,17,31.788079470198678,17.218543046357617,14.56953642384106,68.21192052980133,56.95364238410596,11.258278145695364
E00071268,103,24,6,18,79,61,18,23.300970873786408,5.825242718446602,17.475728155339805,76.69902912621359,59.22330097087378,17.475728155339805
E00071269,229,48,18,30,181,155,26,20.96069868995633,7.860262008733625,13.100436681222707,79.03930131004367,67.68558951965066,11.353711790393014
E00071270,99,30,14,16,69,56,13,30.303030303030305,14.14141414141414,16.161616161616163,69.6969696969697,56.56565656565656,13.131313131313133
E00071271,90,28,12,16,62,57,5,31.11111111111111,13.333333333333334,17.77777777777778,68.88888888888889,63.33333333333333,5.555555555555555
E00071272,151,41,14,27,110,89,21,27.1523178807947,9.271523178807946,17.880794701986755,72.84768211920529,58.94039735099338,13.90728476821192
E00071273,144,43,17,26,101,89,12,29.86111111111111,11.805555555555555,18.055555555555554,70.13888888888889,61.80555555555556,8.333333333333332
E00071274,108,25,6,19,83,71,12,23.14814814814815,5.555555555555555,17.59259259259259,76.85185185185185,65.74074074074075,11.11111111111111
E00071275,113,29,11,18,84,73,11,25.663716814159294,9.734513274336283,15.929203539823009,74.33628318584071,64.60176991150442,9.734513274336283
E00071276,169,46,16,30,123,108,15,27.218934911242602,9.467455621301776,17.75147928994083,72.7810650887574,63.905325443786985,8.875739644970414
E00071277,170,42,15,27,128,118,10,24.705882352941178,8.823529411764707,15.88235294117647,75.29411764705883,69.41176470588235,5.88235294117647
E00071278,156,49,18,31,107,97,10,31.41025641025641,11.538461538461538,19.871794871794872,68.58974358974359,62.17948717948718,6.41025641025641
E00071279,129,38,11,27,91,89,2,29.457364341085274,8.527131782945736,20.930232558139537,70.54263565891473,68.9922480620155,1.550387596899225
E00071280,78,22,9,13,56,50,6,28.205128205128204,11.538461538461538,16.666666666666664,71.7948717948718,64.1025641025641,7.6923076923076925
E00071281,132,27,11,16,105,94,11,20.454545454545457,8.333333333333332,12.121212121212121,79.54545454545455,71.21212121212122,8.333333333333332
E00071282,139,40,19,21,99,74,25,28.776978417266186,13.66906474820144,15.107913669064748,71.22302158273382,53.23741007194245,17.985611510791365
E00071283,133,43,10,33,90,78,12,32.33082706766917,7.518796992481203,24.81203007518797,67.66917293233082,58.64661654135338,9.022556390977442
E00071284,107,27,5,22,80,71,9,25.233644859813083,4.672897196261682,20.5607476635514,74.76635514018692,66.35514018691589,8.411214953271028
E00071285,122,38,11,27,84,76,8,31.147540983606557,9.01639344262295,22.131147540983605,68.85245901639344,62.295081967213115,6.557377049180328
E00071286,92,30,7,23,62,54,8,32.608695652173914,7.608695652173914,25,67.3913043478261,58.69565217391305,8.695652173913043
E00071287,83,17,9,8,66,54,12,20.481927710843372,10.843373493975903,9.63855421686747,79.51807228915662,65.06024096385542,14.457831325301203
E00071288,97,21,6,15,76,61,15,21.649484536082475,6.185567010309279,15.463917525773196,78.35051546391753,62.88659793814433,15.463917525773196
E00071289,126,36,17,19,90,81,9,28.57142857142857,13.492063492063492,15.079365079365079,71.42857142857143,64.28571428571429,7.142857142857142
E00071290,135,40,17,23,95,78,17,29.629629629629626,12.592592592592592,17.037037037037038,70.37037037037037,57.77777777777777,12.592592592592592
E00071292,95,20,6,14,75,63,12,21.052631578947366,6.315789473684211,14.736842105263156,78.94736842105263,66.3157894736842,12.631578947368421
E00071293,106,35,10,25,71,63,8,33.0188679245283,9.433962264150944,23.58490566037736,66.98113207547169,59.43396226415094,7.547169811320755
E00071294,119,29,10,19,90,71,19,24.369747899159663,8.403361344537815,15.966386554621847,75.63025210084034,59.66386554621849,15.966386554621847
E00071295,107,33,9,24,74,67,7,30.8411214953271,8.411214953271028,22.429906542056074,69.1588785046729,62.616822429906534,6.5420560747663545
E00071296,120,42,16,26,78,65,13,35,13.333333333333334,21.666666666666668,65,54.166666666666664,10.833333333333334
E00071297,131,27,10,17,104,92,12,20.610687022900763,7.633587786259542,12.977099236641221,79.38931297709924,70.22900763358778,9.16030534351145
E00071298,118,41,16,25,77,67,10,34.74576271186441,13.559322033898304,21.1864406779661,65.2542372881356,56.779661016949156,8.47457627118644
E00071299,172,53,13,40,119,99,20,30.813953488372093,7.55813953488372,23.25581395348837,69.18604651162791,57.55813953488372,11.627906976744185
E00071300,120,27,9,18,93,86,7,22.5,7.5,15,77.5,71.66666666666667,5.833333333333333
E00071301,132,37,10,27,95,70,25,28.030303030303028,7.575757575757576,20.454545454545457,71.96969696969697,53.03030303030303,18.939393939393938
E00071302,150,42,20,22,108,92,16,28.000000000000004,13.333333333333334,14.666666666666666,72,61.33333333333333,10.666666666666668
E00071303,138,29,9,20,109,94,15,21.014492753623188,6.521739130434782,14.492753623188406,78.98550724637681,68.11594202898551,10.869565217391305
E00071304,109,34,10,24,75,64,11,31.19266055045872,9.174311926605505,22.018348623853214,68.80733944954129,58.71559633027523,10.091743119266056
E00071305,130,33,9,24,97,85,12,25.384615384615383,6.923076923076923,18.461538461538463,74.61538461538461,65.38461538461539,9.230769230769232
E00071306,130,35,11,24,95,82,13,26.923076923076923,8.461538461538462,18.461538461538463,73.07692307692307,63.07692307692307,10
E00071307,143,39,12,27,104,97,7,27.27272727272727,8.391608391608392,18.88111888111888,72.72727272727273,67.83216783216784,4.895104895104895
E00071308,151,38,8,30,113,106,7,25.165562913907287,5.298013245033113,19.867549668874172,74.83443708609272,70.19867549668875,4.635761589403973
E00071309,166,35,9,26,131,113,18,21.084337349397593,5.421686746987952,15.66265060240964,78.91566265060241,68.07228915662651,10.843373493975903
E00071310,136,28,13,15,108,98,10,20.588235294117645,9.558823529411764,11.029411764705882,79.41176470588235,72.05882352941177,7.352941176470589
E00071311,166,43,15,28,123,108,15,25.903614457831324,9.036144578313253,16.867469879518072,74.09638554216868,65.06024096385542,9.036144578313253
E00071312,125,26,7,19,99,90,9,20.8,5.6000000000000005,15.2,79.2,72,7.199999999999999
E00071313,80,24,9,15,56,48,8,30,11.25,18.75,70,60,10
E00071314,98,25,5,20,73,65,8,25.510204081632654,5.1020408163265305,20.408163265306122,74.48979591836735,66.3265306122449,8.16326530612245
E00071315,235,61,21,40,174,141,33,25.957446808510635,8.936170212765958,17.02127659574468,74.04255319148936,60,14.042553191489363
E00071316,168,40,9,31,128,116,12,23.809523809523807,5.357142857142857,18.452380952380953,76.19047619047619,69.04761904761905,7.142857142857142
E00071317,114,26,4,22,88,75,13,22.807017543859647,3.508771929824561,19.298245614035086,77.19298245614034,65.78947368421053,11.403508771929824
E00071318,106,46,17,29,60,57,3,43.39622641509434,16.037735849056602,27.358490566037734,56.60377358490566,53.77358490566038,2.8301886792452833
E00071319,137,32,16,16,105,89,16,23.357664233576642,11.678832116788321,11.678832116788321,76.64233576642336,64.96350364963503,11.678832116788321
E00071320,44,10,0,10,34,29,5,22.727272727272727,0,22.727272727272727,77.27272727272727,65.9090909090909,11.363636363636363
E00071321,126,27,8,19,99,89,10,21.428571428571427,6.349206349206349,15.079365079365079,78.57142857142857,70.63492063492063,7.936507936507936
E00071322,80,26,8,18,54,48,6,32.5,10,22.5,67.5,60,7.5
E00071323,137,37,12,25,100,87,13,27.00729927007299,8.75912408759124,18.248175182481752,72.99270072992701,63.503649635036496,9.48905109489051
E00071324,133,42,12,30,91,80,11,31.57894736842105,9.022556390977442,22.55639097744361,68.42105263157895,60.150375939849624,8.270676691729323
E00071325,113,41,12,29,72,61,11,36.283185840707965,10.619469026548673,25.663716814159294,63.716814159292035,53.98230088495575,9.734513274336283
E00071326,148,44,13,31,104,88,16,29.72972972972973,8.783783783783784,20.945945945945947,70.27027027027027,59.45945945945946,10.81081081081081
E00071327,122,38,13,25,84,76,8,31.147540983606557,10.655737704918032,20.491803278688526,68.85245901639344,62.295081967213115,6.557377049180328
E00071328,118,32,12,20,86,82,4,27.11864406779661,10.16949152542373,16.94915254237288,72.88135593220339,69.49152542372882,3.389830508474576
E00071329,151,40,13,27,111,96,15,26.490066225165563,8.609271523178808,17.880794701986755,73.50993377483444,63.576158940397356,9.933774834437086
E00071330,114,34,10,24,80,66,14,29.82456140350877,8.771929824561402,21.052631578947366,70.17543859649122,57.89473684210527,12.280701754385964
E00071331,92,32,9,23,60,51,9,34.78260869565217,9.782608695652174,25,65.21739130434783,55.434782608695656,9.782608695652174
E00071332,160,38,9,29,122,108,14,23.75,5.625,18.125,76.25,67.5,8.75
E00071333,134,42,13,29,92,84,8,31.343283582089555,9.701492537313433,21.641791044776117,68.65671641791045,62.68656716417911,5.970149253731343
E00071334,120,27,6,21,93,76,17,22.5,5,17.5,77.5,63.33333333333333,14.166666666666666
E00071335,126,34,7,27,92,79,13,26.984126984126984,5.555555555555555,21.428571428571427,73.01587301587301,62.698412698412696,10.317460317460316
E00071336,101,37,11,26,64,57,7,36.633663366336634,10.891089108910892,25.742574257425744,63.366336633663366,56.43564356435643,6.9306930693069315
E00071337,140,38,8,30,102,93,9,27.142857142857142,5.714285714285714,21.428571428571427,72.85714285714285,66.42857142857143,6.428571428571428
E00071338,176,49,17,32,127,108,19,27.84090909090909,9.659090909090908,18.181818181818183,72.1590909090909,61.36363636363637,10.795454545454545
E00071339,76,20,3,17,56,50,6,26.31578947368421,3.9473684210526314,22.36842105263158,73.68421052631578,65.78947368421053,7.894736842105263
E00071340,80,23,7,16,57,44,13,28.749999999999996,8.75,20,71.25,55.00000000000001,16.25
E00071341,245,68,22,46,177,143,34,27.755102040816325,8.979591836734693,18.775510204081634,72.24489795918367,58.36734693877551,13.877551020408163
E00071343,123,40,12,28,83,72,11,32.52032520325203,9.75609756097561,22.76422764227642,67.47967479674797,58.536585365853654,8.94308943089431
E00071344,128,34,10,24,94,79,15,26.5625,7.8125,18.75,73.4375,61.71875,11.71875
E00071345,148,40,9,31,108,98,10,27.027027027027028,6.081081081081082,20.945945945945947,72.97297297297297,66.21621621621621,6.756756756756757
E00071346,63,24,6,18,39,34,5,38.095238095238095,9.523809523809524,28.57142857142857,61.904761904761905,53.96825396825397,7.936507936507936
E00071347,182,51,14,37,131,115,16,28.021978021978022,7.6923076923076925,20.32967032967033,71.97802197802197,63.18681318681318,8.791208791208792
E00071348,126,42,9,33,84,78,6,33.33333333333333,7.142857142857142,26.190476190476193,66.66666666666666,61.904761904761905,4.761904761904762
E00071349,146,44,13,31,102,92,10,30.136986301369863,8.904109589041095,21.232876712328768,69.86301369863014,63.013698630136986,6.8493150684931505
E00071350,142,37,12,25,105,90,15,26.056338028169012,8.450704225352112,17.6056338028169,73.94366197183099,63.38028169014085,10.56338028169014
E00071351,174,37,12,25,137,128,9,21.26436781609195,6.896551724137931,14.367816091954023,78.73563218390804,73.5632183908046,5.172413793103448
E00071352,187,46,10,36,141,126,15,24.598930481283425,5.347593582887701,19.25133689839572,75.40106951871658,67.37967914438502,8.0213903743315509
E00071353,117,40,8,32,77,68,9,34.18803418803419,6.837606837606838,27.350427350427353,65.8119658119658,58.119658119658126,7.6923076923076925
E00071354,102,20,8,12,82,68,14,19.607843137254903,7.8431372549019605,11.76470588235294,80.3921568627451,66.66666666666666,13.725490196078432
E00071355,120,27,7,20,93,90,3,22.5,5.833333333333333,16.666666666666664,77.5,75,2.5
E00071356,227,52,14,38,175,165,10,22.90748898678414,6.167400881057269,16.740088105726873,77.09251101321586,72.68722466960352,4.405286343612335
E00071357,85,29,10,19,56,49,7,34.11764705882353,11.76470588235294,22.35294117647059,65.88235294117646,57.647058823529406,8.235294117647058
E00071358,24,5,0,5,19,16,3,20.833333333333336,0,20.833333333333336,79.16666666666666,66.66666666666666,12.5
E00071360,141,42,11,31,99,87,12,29.78723404255319,7.801418439716312,21.98581560283688,70.2127659574468,61.702127659574465,8.51063829787234
E00071362,139,47,21,26,92,67,25,33.81294964028777,15.107913669064748,18.705035971223023,66.18705035971223,48.201438848920866,17.985611510791365
E00071363,142,54,25,29,88,58,30,38.028169014084504,17.6056338028169,20.422535211267608,61.97183098591549,40.845070422535215,21.12676056338028
E00071364,108,35,12,23,73,59,14,32.407407407407405,11.11111111111111,21.296296296296298,67.5925925925926,54.629629629629626,12.962962962962962
E00071365,114,37,12,25,77,58,19,32.45614035087719,10.526315789473683,21.929824561403507,67.54385964912281,50.877192982456144,16.666666666666664
E00071367,133,44,10,34,89,72,17,33.08270676691729,7.518796992481203,25.563909774436087,66.9172932330827,54.13533834586466,12.781954887218044
E00071368,99,37,8,29,62,52,10,37.37373737373738,8.080808080808081,29.292929292929294,62.62626262626263,52.52525252525253,10.1010101010101
E00071369,103,28,11,17,75,62,13,27.184466019417474,10.679611650485436,16.50485436893204,72.81553398058253,60.19417475728155,12.62135922330097
E00071370,85,19,10,9,66,41,25,22.35294117647059,11.76470588235294,10.588235294117647,77.64705882352942,48.23529411764706,29.411764705882355
E00071371,252,70,24,46,182,138,44,27.77777777777778,9.523809523809524,18.253968253968253,72.22222222222221,54.761904761904766,17.46031746031746
E00071372,109,29,7,22,80,72,8,26.605504587155966,6.422018348623854,20.18348623853211,73.39449541284404,66.05504587155964,7.339449541284404
E00071373,96,29,11,18,67,56,11,30.208333333333332,11.458333333333332,18.75,69.79166666666666,58.333333333333336,11.458333333333332
E00071375,126,30,11,19,96,74,22,23.809523809523807,8.73015873015873,15.079365079365079,76.19047619047619,58.730158730158735,17.46031746031746
E00071376,110,43,17,26,67,56,11,39.09090909090909,15.454545454545453,23.636363636363637,60.909090909090914,50.90909090909091,10
E00071377,148,31,7,24,117,106,11,20.945945945945947,4.72972972972973,16.216216216216218,79.05405405405406,71.62162162162163,7.4324324324324325
E00071378,120,40,15,25,80,72,8,33.33333333333333,12.5,20.833333333333336,66.66666666666666,60,6.666666666666667
E00071380,176,43,18,25,133,122,11,24.431818181818183,10.227272727272728,14.204545454545455,75.56818181818183,69.31818181818183,6.25
E00071381,173,56,21,35,117,94,23,32.369942196531795,12.138728323699421,20.23121387283237,67.63005780346822,54.33526011560693,13.294797687861271
E00071382,193,52,16,36,141,105,36,26.94300518134715,8.290155440414509,18.65284974093264,73.05699481865285,54.40414507772021,18.65284974093264
E00071383,179,44,16,28,135,101,34,24.581005586592177,8.938547486033519,15.64245810055866,75.41899441340783,56.424581005586596,18.994413407821227
E00071384,191,62,26,36,129,101,28,32.460732984293195,13.612565445026178,18.848167539267017,67.5392670157068,52.879581151832454,14.659685863874344
E00071385,92,28,9,19,64,53,11,30.434782608695656,9.782608695652174,20.652173913043477,69.56521739130434,57.608695652173914,11.956521739130435
E00071386,116,29,12,17,87,69,18,25,10.344827586206897,14.655172413793101,75,59.48275862068966,15.517241379310345
E00071387,106,31,11,20,75,55,20,29.245283018867923,10.377358490566039,18.867924528301888,70.75471698113208,51.886792452830186,18.867924528301888
E00071390,186,61,28,33,125,99,26,32.795698924731184,15.053763440860216,17.741935483870968,67.20430107526882,53.2258064516129,13.978494623655912
E00071391,144,45,19,26,99,75,24,31.25,13.194444444444445,18.055555555555554,68.75,52.083333333333336,16.666666666666664
E00071392,145,32,12,20,113,86,27,22.06896551724138,8.275862068965518,13.793103448275861,77.93103448275862,59.310344827586206,18.620689655172416
E00071394,64,12,3,9,52,49,3,18.75,4.6875,14.0625,81.25,76.5625,4.6875
E00071395,133,32,10,22,101,91,10,24.06015037593985,7.518796992481203,16.541353383458645,75.93984962406014,68.42105263157895,7.518796992481203
E00071396,135,31,13,18,104,94,10,22.962962962962962,9.62962962962963,13.333333333333334,77.03703703703704,69.62962962962963,7.4074074074074066
E00071397,149,33,12,21,116,109,7,22.14765100671141,8.053691275167784,14.093959731543624,77.85234899328859,73.15436241610739,4.697986577181208
E00071399,128,26,8,18,102,88,14,20.3125,6.25,14.0625,79.6875,68.75,10.9375
E00071402,131,29,4,25,102,93,9,22.137404580152673,3.0534351145038165,19.083969465648856,77.86259541984732,70.99236641221374,6.870229007633588
E00071404,112,26,3,23,86,72,14,23.214285714285715,2.6785714285714284,20.535714285714285,76.78571428571429,64.28571428571429,12.5
E00071405,138,33,9,24,105,93,12,23.91304347826087,6.521739130434782,17.391304347826086,76.08695652173914,67.3913043478261,8.695652173913043
E00071406,108,40,14,26,68,62,6,37.03703703703704,12.962962962962962,24.074074074074073,62.96296296296296,57.407407407407405,5.555555555555555
E00071407,120,31,9,22,89,79,10,25.833333333333336,7.5,18.333333333333332,74.16666666666667,65.83333333333333,8.333333333333332
E00071408,108,39,11,28,69,60,9,36.11111111111111,10.185185185185185,25.925925925925924,63.888888888888886,55.55555555555556,8.333333333333332
E00071409,74,22,9,13,52,47,5,29.72972972972973,12.162162162162163,17.56756756756757,70.27027027027027,63.51351351351351,6.756756756756757
E00071410,125,37,13,24,88,80,8,29.599999999999998,10.4,19.2,70.39999999999999,64,6.4
E00071411,167,53,17,36,114,101,13,31.736526946107784,10.179640718562874,21.55688622754491,68.26347305389223,60.47904191616767,7.784431137724551
E00071412,121,33,9,24,88,68,20,27.27272727272727,7.43801652892562,19.834710743801654,72.72727272727273,56.19834710743802,16.528925619834713
E00071413,112,33,15,18,79,66,13,29.464285714285715,13.392857142857142,16.071428571428573,70.53571428571429,58.92857142857143,11.607142857142858
E00071415,267,75,22,53,192,163,29,28.08988764044944,8.239700374531834,19.850187265917604,71.91011235955057,61.04868913857678,10.861423220973784
E00071416,175,48,18,30,127,108,19,27.42857142857143,10.285714285714285,17.142857142857142,72.57142857142857,61.71428571428571,10.857142857142858
E00071417,134,41,13,28,93,87,6,30.597014925373134,9.701492537313433,20.8955223880597,69.40298507462687,64.92537313432835,4.477611940298507
E00071418,214,47,20,27,167,140,27,21.962616822429908,9.345794392523365,12.616822429906541,78.03738317757009,65.42056074766354,12.616822429906541
E00071419,70,17,5,12,53,51,2,24.285714285714285,7.142857142857142,17.142857142857142,75.71428571428571,72.85714285714285,2.857142857142857
E00071420,126,37,15,22,89,79,10,29.365079365079367,11.904761904761903,17.46031746031746,70.63492063492063,62.698412698412696,7.936507936507936
E00071421,148,35,12,23,113,98,15,23.64864864864865,8.108108108108109,15.54054054054054,76.35135135135135,66.21621621621621,10.135135135135135
E00071422,133,44,15,29,89,76,13,33.08270676691729,11.278195488721805,21.804511278195488,66.9172932330827,57.14285714285714,9.774436090225564
E00071423,152,52,13,39,100,92,8,34.21052631578947,8.552631578947368,25.657894736842106,65.78947368421053,60.526315789473685,5.263157894736842
E00071424,112,26,8,18,86,75,11,23.214285714285715,7.142857142857142,16.071428571428573,76.78571428571429,66.96428571428571,9.821428571428571
E00071425,141,30,8,22,111,96,15,21.27659574468085,5.673758865248227,15.602836879432624,78.72340425531915,68.08510638297872,10.638297872340425
E00071426,132,41,13,28,91,84,7,31.060606060606062,9.848484848484848,21.21212121212121,68.93939393939394,63.63636363636363,5.303030303030303
E00071429,143,46,15,31,97,81,16,32.16783216783217,10.48951048951049,21.678321678321677,67.83216783216784,56.64335664335665,11.188811188811188
E00071430,120,36,11,25,84,65,19,30,9.166666666666666,20.833333333333336,70,54.166666666666664,15.833333333333332
E00071431,159,43,13,30,116,94,22,27.044025157232703,8.176100628930817,18.867924528301888,72.95597484276729,59.11949685534591,13.836477987421384
E00071432,104,29,11,18,75,69,6,27.884615384615387,10.576923076923077,17.307692307692307,72.11538461538461,66.34615384615384,5.769230769230769
E00071433,111,28,12,16,83,76,7,25.225225225225223,10.81081081081081,14.414414414414415,74.77477477477478,68.46846846846847,6.306306306306306
E00071434,224,50,17,33,174,156,18,22.321428571428573,7.5892857142857135,14.732142857142858,77.67857142857143,69.64285714285714,8.035714285714286
E00071436,115,32,5,27,83,70,13,27.82608695652174,4.3478260869565215,23.47826086956522,72.17391304347827,60.86956521739131,11.304347826086957
E00071437,94,19,6,13,75,66,9,20.212765957446805,6.382978723404255,13.829787234042554,79.7872340425532,70.2127659574468,9.574468085106384
E00071439,92,22,8,14,70,70,0,23.91304347826087,8.695652173913043,15.217391304347828,76.08695652173914,76.08695652173914,0
E00071440,178,36,9,27,142,120,22,20.224719101123593,5.056179775280898,15.168539325842698,79.7752808988764,67.41573033707866,12.359550561797752
E00071441,241,56,24,32,185,155,30,23.236514522821576,9.95850622406639,13.278008298755188,76.76348547717843,64.31535269709543,12.448132780082988
E00071444,122,28,12,16,94,80,14,22.950819672131146,9.836065573770492,13.114754098360656,77.04918032786885,65.57377049180327,11.475409836065573
E00071445,137,49,21,28,88,67,21,35.76642335766424,15.328467153284672,20.437956204379564,64.23357664233576,48.9051094890511,15.328467153284672
E00071448,114,25,9,16,89,67,22,21.929824561403507,7.894736842105263,14.035087719298245,78.0701754385965,58.77192982456141,19.298245614035086
E00071449,179,55,27,28,124,102,22,30.726256983240223,15.083798882681565,15.64245810055866,69.27374301675978,56.98324022346368,12.290502793296088
E00071450,155,43,14,29,112,93,19,27.741935483870968,9.032258064516128,18.70967741935484,72.25806451612902,60,12.258064516129032
E00071451,150,45,16,29,105,86,19,30,10.666666666666668,19.333333333333332,70,57.333333333333336,12.666666666666668
E00071452,178,49,14,35,129,110,19,27.52808988764045,7.865168539325842,19.662921348314608,72.47191011235955,61.79775280898876,10.674157303370785
E00071453,259,77,27,50,182,153,29,29.72972972972973,10.424710424710424,19.305019305019304,70.27027027027027,59.07335907335908,11.196911196911197
E00071454,196,43,19,24,153,132,21,21.93877551020408,9.693877551020408,12.244897959183673,78.06122448979592,67.3469387755102,10.714285714285714
E00071455,129,40,14,26,89,71,18,31.007751937984494,10.852713178294573,20.155038759689923,68.9922480620155,55.03875968992248,13.953488372093023
E00071456,188,47,17,30,141,116,25,25,9.042553191489363,15.957446808510639,75,61.702127659574465,13.297872340425531
E00071457,138,47,11,36,91,78,13,34.05797101449276,7.971014492753622,26.08695652173913,65.94202898550725,56.52173913043478,9.420289855072465
E00071458,125,35,8,27,90,80,10,28.000000000000004,6.4,21.6,72,64,8
E00071459,122,36,8,28,86,69,17,29.508196721311474,6.557377049180328,22.950819672131146,70.49180327868852,56.557377049180324,13.934426229508196
E00071461,121,32,9,23,89,82,7,26.446280991735538,7.43801652892562,19.00826446280992,73.55371900826447,67.76859504132231,5.785123966942149
E00071462,231,53,19,34,178,157,21,22.943722943722943,8.225108225108226,14.71861471861472,77.05627705627705,67.96536796536796,9.090909090909092
E00071463,190,54,17,37,136,109,27,28.421052631578945,8.947368421052632,19.473684210526315,71.57894736842105,57.36842105263158,14.210526315789473
E00071464,159,41,12,29,118,106,12,25.78616352201258,7.547169811320755,18.238993710691823,74.21383647798741,66.66666666666666,7.547169811320755
E00071465,142,38,11,27,104,96,8,26.76056338028169,7.746478873239436,19.014084507042252,73.23943661971832,67.6056338028169,5.633802816901409
E00071466,259,73,27,46,186,148,38,28.185328185328185,10.424710424710424,17.760617760617762,71.81467181467181,57.14285714285714,14.671814671814673
E00071467,163,43,18,25,120,107,13,26.380368098159508,11.042944785276074,15.337423312883436,73.61963190184049,65.6441717791411,7.975460122699387
E00071468,146,31,11,20,115,91,24,21.232876712328768,7.534246575342466,13.698630136986301,78.76712328767124,62.328767123287676,16.43835616438356
E00071469,108,33,10,23,75,68,7,30.555555555555557,9.25925925925926,21.296296296296298,69.44444444444444,62.96296296296296,6.481481481481481
E00071470,172,44,15,29,128,108,20,25.581395348837212,8.720930232558139,16.86046511627907,74.4186046511628,62.7906976744186,11.627906976744185
E00071471,134,33,7,26,101,94,7,24.62686567164179,5.223880597014925,19.402985074626866,75.3731343283582,70.1492537313433,5.223880597014925
E00071472,135,33,9,24,102,88,14,24.444444444444443,6.666666666666667,17.77777777777778,75.55555555555556,65.18518518518519,10.37037037037037
E00071473,185,44,15,29,141,114,27,23.783783783783786,8.108108108108109,15.675675675675677,76.21621621621621,61.62162162162163,14.594594594594595
E00071474,156,37,12,25,119,104,15,23.717948717948715,7.6923076923076925,16.025641025641026,76.28205128205127,66.66666666666666,9.615384615384617
E00071475,128,31,15,16,97,88,9,24.21875,11.71875,12.5,75.78125,68.75,7.03125
E00071476,123,32,11,21,91,76,15,26.01626016260163,8.94308943089431,17.073170731707318,73.98373983739837,61.78861788617886,12.195121951219512
E00071477,127,27,7,20,100,88,12,21.25984251968504,5.511811023622047,15.748031496062993,78.74015748031496,69.29133858267717,9.448818897637794
E00071478,153,49,18,31,104,87,17,32.02614379084967,11.76470588235294,20.26143790849673,67.97385620915033,56.86274509803921,11.11111111111111
E00071479,128,33,10,23,95,89,6,25.78125,7.8125,17.96875,74.21875,69.53125,4.6875
E00071480,59,19,6,13,40,33,7,32.20338983050847,10.16949152542373,22.033898305084744,67.79661016949152,55.932203389830505,11.864406779661017
E00071482,77,23,11,12,54,48,6,29.87012987012987,14.285714285714285,15.584415584415584,70.12987012987013,62.33766233766234,7.792207792207792
E00071483,85,30,7,23,55,50,5,35.294117647058826,8.235294117647058,27.058823529411764,64.70588235294117,58.82352941176471,5.88235294117647
E00071484,146,41,14,27,105,90,15,28.08219178082192,9.58904109589041,18.493150684931507,71.91780821917808,61.64383561643836,10.273972602739725
E00071485,82,21,4,17,61,58,3,25.609756097560975,4.878048780487805,20.73170731707317,74.39024390243902,70.73170731707317,3.6585365853658534
E00071486,117,32,12,20,85,75,10,27.350427350427353,10.256410256410255,17.094017094017094,72.64957264957265,64.1025641025641,8.547008547008547
E00071487,188,48,14,34,140,127,13,25.53191489361702,7.446808510638298,18.085106382978726,74.46808510638297,67.5531914893617,6.914893617021277
E00071488,198,59,20,39,139,118,21,29.797979797979796,10.1010101010101,19.696969696969695,70.2020202020202,59.59595959595959,10.606060606060606
E00071489,137,48,13,35,89,74,15,35.03649635036496,9.48905109489051,25.547445255474454,64.96350364963503,54.01459854014598,10.948905109489052
E00071490,125,34,15,19,91,76,15,27.200000000000003,12,15.2,72.8,60.8,12
E00071491,178,45,15,30,133,124,9,25.280898876404496,8.426966292134832,16.853932584269664,74.71910112359551,69.66292134831461,5.056179775280898
E00071492,170,56,20,36,114,101,13,32.94117647058823,11.76470588235294,21.176470588235293,67.05882352941175,59.411764705882355,7.647058823529412
E00071493,190,49,13,36,141,119,22,25.789473684210527,6.842105263157896,18.947368421052634,74.21052631578947,62.63157894736842,11.578947368421053
E00071494,210,66,27,39,144,131,13,31.428571428571427,12.857142857142856,18.571428571428573,68.57142857142857,62.38095238095238,6.190476190476191
E00071496,222,58,24,34,164,145,19,26.126126126126124,10.81081081081081,15.315315315315313,73.87387387387388,65.31531531531532,8.558558558558559
E00071497,118,41,13,28,77,70,7,34.74576271186441,11.016949152542372,23.728813559322035,65.2542372881356,59.32203389830508,5.932203389830509
E00071498,163,43,13,30,120,107,13,26.380368098159508,7.975460122699387,18.404907975460123,73.61963190184049,65.6441717791411,7.975460122699387
E00071499,165,62,17,45,103,90,13,37.57575757575757,10.303030303030303,27.27272727272727,62.42424242424243,54.54545454545454,7.878787878787878
E00071500,183,41,11,30,142,127,15,22.404371584699454,6.0109289617486334,16.39344262295082,77.59562841530054,69.39890710382514,8.19672131147541
E00071501,149,42,14,28,107,86,21,28.187919463087248,9.395973154362416,18.79194630872483,71.81208053691275,57.71812080536913,14.093959731543624
E00071502,127,36,11,25,91,74,17,28.346456692913385,8.661417322834646,19.68503937007874,71.65354330708661,58.26771653543307,13.385826771653544
E00071503,206,56,21,35,150,134,16,27.184466019417474,10.194174757281553,16.990291262135923,72.81553398058253,65.0485436893204,7.766990291262135
E00071504,230,66,21,45,164,135,29,28.695652173913043,9.130434782608695,19.565217391304348,71.30434782608695,58.69565217391305,12.608695652173912
E00071505,52,10,5,5,42,41,1,19.230769230769234,9.615384615384617,9.615384615384617,80.76923076923077,78.84615384615384,1.9230769230769231
E00071506,112,22,11,11,90,77,13,19.642857142857142,9.821428571428571,9.821428571428571,80.35714285714286,68.75,11.607142857142858
E00071507,140,38,13,25,102,87,15,27.142857142857142,9.285714285714286,17.857142857142858,72.85714285714285,62.142857142857146,10.714285714285714
E00071508,104,24,4,20,80,70,10,23.076923076923077,3.8461538461538463,19.230769230769234,76.92307692307693,67.3076923076923,9.615384615384617
E00071509,78,19,8,11,59,53,6,24.358974358974358,10.256410256410255,14.102564102564102,75.64102564102564,67.94871794871796,7.6923076923076925
E00071510,81,26,8,18,55,48,7,32.098765432098766,9.876543209876543,22.22222222222222,67.90123456790124,59.25925925925925,8.641975308641975
E00071511,34,14,2,12,20,20,0,41.17647058823529,5.88235294117647,35.294117647058826,58.82352941176471,58.82352941176471,0
E00071512,127,44,15,29,83,72,11,34.645669291338585,11.811023622047244,22.83464566929134,65.35433070866141,56.69291338582677,8.661417322834646
E00071513,110,30,6,24,80,58,22,27.27272727272727,5.454545454545454,21.818181818181817,72.72727272727273,52.72727272727272,20
E00071514,119,37,4,33,82,71,11,31.092436974789916,3.361344537815126,27.73109243697479,68.90756302521008,59.66386554621849,9.243697478991598
E00071515,109,28,7,21,81,71,10,25.688073394495415,6.422018348623854,19.26605504587156,74.31192660550458,65.13761467889908,9.174311926605505
E00071516,181,42,13,29,139,123,16,23.204419889502763,7.18232044198895,16.022099447513813,76.79558011049724,67.95580110497238,8.83977900552486
E00071517,165,47,11,36,118,106,12,28.484848484848484,6.666666666666667,21.818181818181817,71.51515151515152,64.24242424242425,7.2727272727272725
E00071518,133,41,12,29,92,74,18,30.82706766917293,9.022556390977442,21.804511278195488,69.17293233082707,55.639097744360896,13.533834586466165
E00071519,149,34,9,25,115,96,19,22.818791946308725,6.0402684563758395,16.778523489932887,77.18120805369128,64.42953020134227,12.751677852348994
E00071520,119,30,9,21,89,81,8,25.210084033613445,7.563025210084033,17.647058823529413,74.78991596638656,68.0672268907563,6.722689075630252
E00071521,115,31,11,20,84,80,4,26.956521739130434,9.565217391304348,17.391304347826086,73.04347826086956,69.56521739130434,3.4782608695652173
E00071522,151,47,14,33,104,90,14,31.125827814569533,9.271523178807946,21.85430463576159,68.87417218543047,59.60264900662252,9.271523178807946
E00071523,160,35,10,25,125,104,21,21.875,6.25,15.625,78.125,65,13.125
E00071524,137,47,15,32,90,79,11,34.306569343065696,10.948905109489052,23.357664233576642,65.69343065693431,57.66423357664233,8.02919708029197
E00071526,156,47,12,35,109,89,20,30.128205128205128,7.6923076923076925,22.435897435897438,69.87179487179486,57.05128205128205,12.82051282051282
E00071527,141,37,10,27,104,90,14,26.24113475177305,7.092198581560284,19.148936170212767,73.75886524822694,63.829787234042556,9.929078014184398
E00071528,125,29,8,21,96,83,13,23.200000000000003,6.4,16.8,76.8,66.4,10.4
E00071529,131,26,8,18,105,92,13,19.84732824427481,6.106870229007633,13.740458015267176,80.1526717557252,70.22900763358778,9.923664122137405
E00071530,120,41,13,28,79,70,9,34.166666666666664,10.833333333333334,23.333333333333332,65.83333333333333,58.333333333333336,7.5
E00071531,114,28,7,21,86,78,8,24.561403508771928,6.140350877192982,18.421052631578945,75.43859649122807,68.42105263157895,7.017543859649122
E00071532,127,33,7,26,94,82,12,25.984251968503933,5.511811023622047,20.47244094488189,74.01574803149606,64.56692913385827,9.448818897637794
E00071533,121,44,15,29,77,66,11,36.36363636363637,12.396694214876034,23.96694214876033,63.63636363636363,54.54545454545454,9.090909090909092
E00071534,113,26,9,17,87,77,10,23.008849557522122,7.964601769911504,15.04424778761062,76.99115044247787,68.14159292035397,8.849557522123893
E00071535,160,41,12,29,119,108,11,25.624999999999996,7.5,18.125,74.375,67.5,6.875000000000001
E00071536,116,26,10,16,90,85,5,22.413793103448278,8.620689655172415,13.793103448275861,77.58620689655173,73.27586206896551,4.310344827586207
E00071537,137,43,14,29,94,83,11,31.386861313868614,10.218978102189782,21.16788321167883,68.61313868613139,60.58394160583942,8.02919708029197
E00071538,144,42,13,29,102,84,18,29.166666666666668,9.027777777777777,20.13888888888889,70.83333333333334,58.333333333333336,12.5
E00071539,161,43,10,33,118,108,10,26.70807453416149,6.211180124223603,20.496894409937887,73.29192546583852,67.08074534161491,6.211180124223603
E00071540,179,44,14,30,135,122,13,24.581005586592177,7.82122905027933,16.75977653631285,75.41899441340783,68.15642458100558,7.262569832402235
E00071541,151,46,14,32,105,95,10,30.4635761589404,9.271523178807946,21.192052980132452,69.5364238410596,62.913907284768214,6.622516556291391
E00071542,171,49,10,39,122,109,13,28.654970760233915,5.847953216374268,22.807017543859647,71.34502923976608,63.74269005847953,7.602339181286549
E00071543,189,44,10,34,145,125,20,23.28042328042328,5.291005291005291,17.989417989417987,76.71957671957672,66.13756613756614,10.582010582010582
E00071544,117,37,14,23,80,72,8,31.62393162393162,11.965811965811966,19.65811965811966,68.37606837606837,61.53846153846154,6.837606837606838
E00071545,139,46,9,37,93,85,8,33.093525179856115,6.474820143884892,26.618705035971225,66.90647482014388,61.15107913669065,5.755395683453238
E00071547,83,20,5,15,63,59,4,24.096385542168676,6.024096385542169,18.072289156626507,75.90361445783132,71.08433734939759,4.819277108433735
E00071548,115,30,13,17,85,74,11,26.08695652173913,11.304347826086957,14.782608695652174,73.91304347826086,64.34782608695652,9.565217391304348
E00071549,120,35,12,23,85,69,16,29.166666666666668,10,19.166666666666668,70.83333333333334,57.49999999999999,13.333333333333334
E00071550,164,48,9,39,116,105,11,29.268292682926827,5.487804878048781,23.78048780487805,70.73170731707317,64.02439024390245,6.707317073170732
E00071551,137,43,19,24,94,72,22,31.386861313868614,13.86861313868613,17.51824817518248,68.61313868613139,52.55474452554745,16.05839416058394
E00071552,192,51,12,39,141,124,17,26.5625,6.25,20.3125,73.4375,64.58333333333334,8.854166666666668
E00071553,305,70,15,55,235,192,43,22.950819672131146,4.918032786885246,18.0327868852459,77.04918032786885,62.95081967213115,14.098360655737704
E00071554,219,49,15,34,170,150,20,22.37442922374429,6.8493150684931505,15.52511415525114,77.6255707762557,68.4931506849315,9.1324200913242
E00071555,145,37,7,30,108,98,10,25.517241379310345,4.827586206896552,20.689655172413794,74.48275862068967,67.58620689655173,6.896551724137931
E00071557,180,58,21,37,122,101,21,32.22222222222222,11.666666666666666,20.555555555555554,67.77777777777779,56.111111111111114,11.666666666666666
E00071558,130,39,16,23,91,77,14,30,12.307692307692308,17.692307692307693,70,59.23076923076923,10.76923076923077
E00071559,110,32,7,25,78,68,10,29.09090909090909,6.363636363636363,22.727272727272727,70.9090909090909,61.81818181818181,9.090909090909092
E00071560,140,53,22,31,87,77,10,37.857142857142854,15.714285714285714,22.142857142857142,62.142857142857146,55.00000000000001,7.142857142857142
E00071561,95,34,12,22,61,49,12,35.78947368421053,12.631578947368421,23.157894736842106,64.21052631578948,51.578947368421055,12.631578947368421
E00071562,131,40,13,27,91,77,14,30.53435114503817,9.923664122137405,20.610687022900763,69.46564885496184,58.778625954198475,10.687022900763358
E00071563,211,58,17,41,153,129,24,27.488151658767773,8.056872037914692,19.431279620853083,72.51184834123224,61.137440758293835,11.374407582938389
E00071564,89,25,10,15,64,57,7,28.08988764044944,11.235955056179774,16.853932584269664,71.91011235955057,64.04494382022472,7.865168539325842
E00071565,88,33,9,24,55,46,9,37.5,10.227272727272728,27.27272727272727,62.5,52.27272727272727,10.227272727272728
E00071566,202,68,23,45,134,106,28,33.663366336633665,11.386138613861387,22.277227722772277,66.33663366336634,52.475247524752476,13.861386138613863
E00071567,192,63,21,42,129,112,17,32.8125,10.9375,21.875,67.1875,58.333333333333336,8.854166666666668
E00071568,122,44,14,30,78,67,11,36.0655737704918,11.475409836065573,24.59016393442623,63.934426229508205,54.91803278688525,9.01639344262295
E00071569,121,36,15,21,85,73,12,29.75206611570248,12.396694214876034,17.355371900826448,70.24793388429752,60.33057851239669,9.917355371900827
E00071570,241,68,22,46,173,146,27,28.21576763485477,9.12863070539419,19.08713692946058,71.78423236514523,60.58091286307054,11.20331950207469
E00071571,184,50,15,35,134,106,28,27.173913043478258,8.152173913043478,19.021739130434785,72.82608695652173,57.608695652173914,15.217391304347828
E00071572,95,32,14,18,63,55,8,33.68421052631579,14.736842105263156,18.947368421052634,66.3157894736842,57.89473684210527,8.421052631578947
E00071573,144,44,16,28,100,88,12,30.555555555555557,11.11111111111111,19.444444444444446,69.44444444444444,61.111111111111114,8.333333333333332
E00071574,155,43,15,28,112,94,18,27.741935483870968,9.67741935483871,18.064516129032256,72.25806451612902,60.64516129032258,11.612903225806452
E00071575,60,22,8,14,38,35,3,36.666666666666664,13.333333333333334,23.333333333333332,63.33333333333333,58.333333333333336,5
E00071576,215,75,20,55,140,118,22,34.883720930232556,9.30232558139535,25.581395348837212,65.11627906976744,54.88372093023256,10.232558139534884
E00071577,111,35,14,21,76,62,14,31.53153153153153,12.612612612612612,18.91891891891892,68.46846846846847,55.85585585585585,12.612612612612612
E00071578,126,41,13,28,85,74,11,32.53968253968254,10.317460317460316,22.22222222222222,67.46031746031747,58.730158730158735,8.73015873015873
E00071579,287,78,29,49,209,175,34,27.177700348432055,10.104529616724738,17.073170731707318,72.82229965156795,60.97560975609756,11.846689895470384
E00071580,129,46,14,32,83,69,14,35.65891472868217,10.852713178294573,24.8062015503876,64.34108527131784,53.48837209302325,10.852713178294573
E00071581,97,22,7,15,75,69,6,22.68041237113402,7.216494845360824,15.463917525773196,77.31958762886599,71.1340206185567,6.185567010309279
E00071582,259,65,21,44,194,165,29,25.096525096525095,8.108108108108109,16.988416988416986,74.9034749034749,63.7065637065637,11.196911196911197
E00071583,115,32,15,17,83,67,16,27.82608695652174,13.043478260869565,14.782608695652174,72.17391304347827,58.26086956521739,13.91304347826087
E00071584,126,42,11,31,84,79,5,33.33333333333333,8.73015873015873,24.6031746031746,66.66666666666666,62.698412698412696,3.968253968253968
E00071586,92,24,5,19,68,61,7,26.08695652173913,5.434782608695652,20.652173913043477,73.91304347826086,66.30434782608695,7.608695652173914
E00071587,121,47,9,38,74,63,11,38.84297520661157,7.43801652892562,31.40495867768595,61.15702479338842,52.066115702479344,9.090909090909092
E00071588,194,48,15,33,146,125,21,24.742268041237114,7.731958762886598,17.010309278350515,75.25773195876289,64.43298969072166,10.824742268041238
E00071590,98,27,6,21,71,60,11,27.55102040816326,6.122448979591836,21.428571428571427,72.44897959183673,61.224489795918366,11.224489795918368
E00071591,97,34,6,28,63,52,11,35.051546391752574,6.185567010309279,28.865979381443296,64.94845360824742,53.608247422680414,11.34020618556701
E00071592,125,46,15,31,79,63,16,36.8,12,24.8,63.2,50.4,12.8
E00071593,149,44,15,29,105,90,15,29.53020134228188,10.06711409395973,19.463087248322147,70.46979865771812,60.40268456375839,10.06711409395973
E00071594,118,26,7,19,92,84,8,22.033898305084744,5.932203389830509,16.101694915254235,77.96610169491525,71.1864406779661,6.779661016949152
E00071595,151,47,12,35,104,92,12,31.125827814569533,7.9470198675496695,23.178807947019866,68.87417218543047,60.9271523178808,7.9470198675496695
E00071596,136,39,11,28,97,85,12,28.676470588235293,8.088235294117647,20.588235294117645,71.32352941176471,62.5,8.823529411764707
E00071597,123,31,12,19,92,75,17,25.203252032520325,9.75609756097561,15.447154471544716,74.79674796747967,60.97560975609756,13.821138211382115
E00071598,120,32,8,24,88,70,18,26.666666666666668,6.666666666666667,20,73.33333333333333,58.333333333333336,15
E00071599,134,37,10,27,97,81,16,27.611940298507463,7.462686567164178,20.149253731343283,72.38805970149254,60.447761194029844,11.940298507462686
E00071600,130,39,15,24,91,81,10,30,11.538461538461538,18.461538461538463,70,62.30769230769231,7.6923076923076925
E00071601,114,21,4,17,93,79,14,18.421052631578945,3.508771929824561,14.912280701754385,81.57894736842105,69.2982456140351,12.280701754385964
E00071602,103,34,10,24,69,65,4,33.00970873786408,9.70873786407767,23.300970873786408,66.99029126213593,63.10679611650486,3.8834951456310676
E00071604,125,32,7,25,93,85,8,25.6,5.6000000000000005,20,74.4,68,6.4
E00071606,123,33,17,16,90,79,11,26.82926829268293,13.821138211382115,13.008130081300814,73.17073170731707,64.22764227642277,8.94308943089431
E00071607,283,51,15,36,232,204,28,18.021201413427562,5.30035335689046,12.7208480565371,81.97879858657244,72.08480565371025,9.89399293286219
E00071608,142,39,12,27,103,86,17,27.464788732394368,8.450704225352112,19.014084507042252,72.53521126760563,60.56338028169014,11.971830985915492
E00071609,172,40,13,27,132,112,20,23.25581395348837,7.55813953488372,15.69767441860465,76.74418604651163,65.11627906976744,11.627906976744185
E00071611,178,41,14,27,137,126,11,23.03370786516854,7.865168539325842,15.168539325842698,76.96629213483146,70.78651685393258,6.179775280898876
E00071612,122,34,12,22,88,75,13,27.86885245901639,9.836065573770492,18.0327868852459,72.1311475409836,61.47540983606557,10.655737704918032
E00071613,189,48,12,36,141,124,17,25.396825396825395,6.349206349206349,19.047619047619047,74.60317460317461,65.60846560846561,8.994708994708994
E00071614,320,85,28,57,235,205,30,26.5625,8.75,17.8125,73.4375,64.0625,9.375
E00071615,119,36,14,22,83,68,15,30.252100840336134,11.76470588235294,18.487394957983195,69.74789915966386,57.14285714285714,12.605042016806722
E00071616,196,59,20,39,137,123,14,30.102040816326532,10.204081632653061,19.897959183673468,69.89795918367348,62.755102040816325,7.142857142857142
E00071617,137,29,12,17,108,89,19,21.16788321167883,8.75912408759124,12.408759124087592,78.83211678832117,64.96350364963503,13.86861313868613
E00071618,353,83,32,51,270,231,39,23.512747875354105,9.06515580736544,14.44759206798867,76.48725212464589,65.43909348441926,11.048158640226628
E00071620,196,44,9,35,152,128,24,22.448979591836736,4.591836734693878,17.857142857142858,77.55102040816327,65.3061224489796,12.244897959183673
E00071621,126,33,8,25,93,77,16,26.190476190476193,6.349206349206349,19.841269841269842,73.80952380952381,61.111111111111114,12.698412698412698
E00071622,152,38,15,23,114,101,13,25,9.868421052631579,15.131578947368421,75,66.44736842105263,8.552631578947368
E00071623,99,29,10,19,70,63,7,29.292929292929294,10.1010101010101,19.19191919191919,70.70707070707071,63.63636363636363,7.07070707070707
E00071624,109,18,4,14,91,76,15,16.51376146788991,3.669724770642202,12.844036697247708,83.4862385321101,69.72477064220183,13.761467889908257
E00071625,167,38,12,26,129,115,14,22.75449101796407,7.18562874251497,15.568862275449103,77.24550898203593,68.8622754491018,8.383233532934131
E00071626,111,28,10,18,83,72,11,25.225225225225223,9.00900900900901,16.216216216216218,74.77477477477478,64.86486486486487,9.90990990990991
E00071627,93,24,5,19,69,66,3,25.806451612903224,5.376344086021505,20.43010752688172,74.19354838709677,70.96774193548387,3.225806451612903
E00071628,105,31,11,20,74,67,7,29.523809523809526,10.476190476190476,19.047619047619047,70.47619047619048,63.8095238095238,6.666666666666667
E00071629,89,20,3,17,69,63,6,22.47191011235955,3.3707865168539324,19.101123595505616,77.52808988764045,70.78651685393258,6.741573033707865
E00071630,124,27,14,13,97,84,13,21.774193548387096,11.29032258064516,10.483870967741936,78.2258064516129,67.74193548387096,10.483870967741936
E00071631,112,32,9,23,80,70,10,28.57142857142857,8.035714285714286,20.535714285714285,71.42857142857143,62.5,8.928571428571429
E00071632,162,40,18,22,122,106,16,24.691358024691358,11.11111111111111,13.580246913580247,75.30864197530865,65.4320987654321,9.876543209876543
E00071633,187,45,18,27,142,126,16,24.06417112299465,9.62566844919786,14.43850267379679,75.93582887700535,67.37967914438502,8.55614973262032
E00071634,305,52,20,32,253,216,37,17.04918032786885,6.557377049180328,10.491803278688524,82.95081967213115,70.81967213114754,12.131147540983607
E00071635,143,44,16,28,99,88,11,30.76923076923077,11.188811188811188,19.58041958041958,69.23076923076923,61.53846153846154,7.6923076923076925
E00071636,187,29,9,20,158,136,22,15.508021390374333,4.81283422459893,10.695187165775401,84.49197860962568,72.72727272727273,11.76470588235294
E00071637,146,35,14,21,111,97,14,23.972602739726025,9.58904109589041,14.383561643835616,76.02739726027397,66.43835616438356,9.58904109589041
E00071638,139,41,21,20,98,86,12,29.496402877697843,15.107913669064748,14.388489208633093,70.50359712230215,61.87050359712231,8.633093525179856
E00071639,103,29,10,19,74,68,6,28.155339805825243,9.70873786407767,18.446601941747574,71.84466019417476,66.01941747572816,5.825242718446602
E00071640,142,34,19,15,108,98,10,23.943661971830984,13.380281690140844,10.56338028169014,76.05633802816901,69.01408450704226,7.042253521126761
E00071641,147,33,11,22,114,98,16,22.448979591836736,7.482993197278912,14.965986394557824,77.55102040816327,66.66666666666666,10.884353741496598
E00071642,132,29,8,21,103,87,16,21.96969696969697,6.0606060606060606,15.909090909090908,78.03030303030303,65.9090909090909,12.121212121212121
E00071643,125,41,11,30,84,75,9,32.800000000000004,8.799999999999999,24,67.2,60,7.199999999999999
E00071644,163,45,14,31,118,99,19,27.607361963190186,8.588957055214724,19.018404907975462,72.39263803680981,60.73619631901841,11.65644171779141
E00071645,140,38,5,33,102,96,6,27.142857142857142,3.571428571428571,23.57142857142857,72.85714285714285,68.57142857142857,4.285714285714286
E00071646,191,53,22,31,138,111,27,27.748691099476442,11.518324607329843,16.230366492146597,72.25130890052355,58.1151832460733,14.136125654450263
E00071647,190,42,13,29,148,129,19,22.105263157894736,6.842105263157896,15.263157894736842,77.89473684210526,67.89473684210526,10
E00071648,146,34,13,21,112,99,13,23.28767123287671,8.904109589041095,14.383561643835616,76.71232876712328,67.8082191780822,8.904109589041095
E00071649,148,52,11,41,96,84,12,35.13513513513514,7.4324324324324325,27.7027027027027,64.86486486486487,56.75675675675676,8.108108108108109
E00071650,163,46,13,33,117,96,21,28.22085889570552,7.975460122699387,20.245398773006134,71.77914110429448,58.895705521472394,12.883435582822086
E00071651,138,26,6,20,112,105,7,18.84057971014493,4.3478260869565215,14.492753623188406,81.15942028985508,76.08695652173914,5.072463768115942
E00071652,173,39,11,28,134,117,17,22.54335260115607,6.358381502890173,16.184971098265898,77.45664739884393,67.63005780346822,9.826589595375722
E00071653,163,37,11,26,126,113,13,22.699386503067483,6.748466257668712,15.950920245398773,77.30061349693251,69.32515337423312,7.975460122699387
E00071654,146,30,7,23,116,107,9,20.54794520547945,4.794520547945205,15.753424657534246,79.45205479452055,73.28767123287672,6.164383561643835
E00071655,142,42,9,33,100,89,11,29.577464788732392,6.338028169014084,23.239436619718308,70.4225352112676,62.676056338028175,7.746478873239436
E00071656,168,47,19,28,121,106,15,27.976190476190478,11.30952380952381,16.666666666666664,72.02380952380952,63.095238095238095,8.928571428571429
E00071657,203,53,15,38,150,126,24,26.108374384236456,7.389162561576355,18.7192118226601,73.89162561576354,62.06896551724138,11.822660098522167
E00071658,111,23,10,13,88,74,14,20.72072072072072,9.00900900900901,11.711711711711711,79.27927927927928,66.66666666666666,12.612612612612612
E00071659,117,36,15,21,81,73,8,30.76923076923077,12.82051282051282,17.94871794871795,69.23076923076923,62.39316239316239,6.837606837606838
E00071660,147,38,9,29,109,92,17,25.850340136054424,6.122448979591836,19.727891156462583,74.14965986394559,62.585034013605444,11.564625850340136
E00071661,147,37,7,30,110,94,16,25.170068027210885,4.761904761904762,20.408163265306122,74.82993197278913,63.94557823129252,10.884353741496598
E00071662,146,28,15,13,118,112,6,19.17808219178082,10.273972602739725,8.904109589041095,80.82191780821918,76.71232876712328,4.10958904109589
E00071663,146,36,13,23,110,91,19,24.65753424657534,8.904109589041095,15.753424657534246,75.34246575342466,62.328767123287676,13.013698630136986
E00071664,128,36,16,20,92,85,7,28.125,12.5,15.625,71.875,66.40625,5.46875
E00071665,164,37,8,29,127,117,10,22.5609756097561,4.878048780487805,17.682926829268293,77.4390243902439,71.34146341463415,6.097560975609756
E00071666,286,59,17,42,227,207,20,20.62937062937063,5.944055944055944,14.685314685314685,79.37062937062937,72.37762237762237,6.993006993006993
E00071667,114,30,8,22,84,75,9,26.31578947368421,7.017543859649122,19.298245614035086,73.68421052631578,65.78947368421053,7.894736842105263
E00071668,151,48,9,39,103,92,11,31.788079470198678,5.960264900662252,25.82781456953642,68.21192052980133,60.9271523178808,7.28476821192053
E00071669,152,41,10,31,111,102,9,26.973684210526315,6.578947368421052,20.394736842105264,73.02631578947368,67.10526315789474,5.921052631578947
E00071670,113,35,13,22,78,65,13,30.973451327433626,11.504424778761061,19.469026548672566,69.02654867256636,57.52212389380531,11.504424778761061
E00071671,131,40,10,30,91,78,13,30.53435114503817,7.633587786259542,22.900763358778626,69.46564885496184,59.541984732824424,9.923664122137405
E00071672,146,35,8,27,111,96,15,23.972602739726025,5.47945205479452,18.493150684931507,76.02739726027397,65.75342465753424,10.273972602739725
E00071673,91,21,8,13,70,61,9,23.076923076923077,8.791208791208792,14.285714285714285,76.92307692307693,67.03296703296702,9.89010989010989
E00071674,89,19,8,11,70,59,11,21.34831460674157,8.98876404494382,12.359550561797752,78.65168539325843,66.29213483146067,12.359550561797752
E00071675,251,59,19,40,192,161,31,23.50597609561753,7.569721115537849,15.936254980079681,76.49402390438247,64.14342629482071,12.350597609561753
E00071676,142,37,8,29,105,92,13,26.056338028169012,5.633802816901409,20.422535211267608,73.94366197183099,64.7887323943662,9.15492957746479
E00071677,136,36,11,25,100,94,6,26.47058823529412,8.088235294117647,18.38235294117647,73.52941176470588,69.11764705882352,4.411764705882353
E00071678,167,48,12,36,119,104,15,28.74251497005988,7.18562874251497,21.55688622754491,71.25748502994011,62.27544910179641,8.982035928143713
E00071680,223,61,19,42,162,151,11,27.3542600896861,8.520179372197308,18.83408071748879,72.6457399103139,67.71300448430493,4.932735426008969
E00071681,105,39,8,31,66,62,4,37.142857142857146,7.6190476190476195,29.523809523809526,62.857142857142854,59.04761904761905,3.8095238095238098
E00071682,148,44,13,31,104,92,12,29.72972972972973,8.783783783783784,20.945945945945947,70.27027027027027,62.16216216216216,8.108108108108109
E00071684,110,28,9,19,82,69,13,25.454545454545453,8.181818181818182,17.272727272727273,74.54545454545455,62.727272727272734,11.818181818181818
E00071685,140,35,10,25,105,86,19,25,7.142857142857142,17.857142857142858,75,61.42857142857143,13.571428571428571
E00071686,110,34,10,24,76,70,6,30.909090909090907,9.090909090909092,21.818181818181817,69.0909090909091,63.63636363636363,5.454545454545454
E00071687,102,31,9,22,71,60,11,30.392156862745097,8.823529411764707,21.568627450980394,69.6078431372549,58.82352941176471,10.784313725490197
E00071688,82,29,10,19,53,53,0,35.36585365853659,12.195121951219512,23.170731707317074,64.63414634146342,64.63414634146342,0
E00071689,107,19,8,11,88,76,12,17.75700934579439,7.476635514018691,10.2803738317757,82.2429906542056,71.02803738317756,11.214953271028037
E00071690,92,30,8,22,62,60,2,32.608695652173914,8.695652173913043,23.91304347826087,67.3913043478261,65.21739130434783,2.1739130434782608
E00071691,122,41,11,30,81,63,18,33.60655737704918,9.01639344262295,24.59016393442623,66.39344262295081,51.63934426229508,14.754098360655737
E00071692,240,61,22,39,179,151,28,25.416666666666664,9.166666666666666,16.25,74.58333333333333,62.916666666666664,11.666666666666666
E00071693,103,32,9,23,71,65,6,31.06796116504854,8.737864077669903,22.330097087378643,68.93203883495146,63.10679611650486,5.825242718446602
E00071694,93,31,9,22,62,53,9,33.33333333333333,9.67741935483871,23.655913978494624,66.66666666666666,56.98924731182796,9.67741935483871
E00071695,133,37,8,29,96,87,9,27.819548872180448,6.015037593984962,21.804511278195488,72.18045112781954,65.41353383458647,6.7669172932330826
E00071697,98,22,6,16,76,71,5,22.448979591836736,6.122448979591836,16.3265306122449,77.55102040816327,72.44897959183673,5.1020408163265305
E00071698,98,33,9,24,65,65,0,33.6734693877551,9.183673469387756,24.489795918367346,66.3265306122449,66.3265306122449,0
E00071699,203,45,14,31,158,133,25,22.167487684729064,6.896551724137931,15.270935960591133,77.83251231527095,65.51724137931035,12.31527093596059
E00071701,139,46,20,26,93,77,16,33.093525179856115,14.388489208633093,18.705035971223023,66.90647482014388,55.39568345323741,11.510791366906476
E00071702,115,29,8,21,86,70,16,25.217391304347824,6.956521739130435,18.26086956521739,74.78260869565217,60.86956521739131,13.91304347826087
E00071703,148,54,19,35,94,76,18,36.486486486486484,12.837837837837837,23.64864864864865,63.51351351351351,51.35135135135135,12.162162162162163
E00071704,136,42,24,18,94,70,24,30.88235294117647,17.647058823529413,13.23529411764706,69.11764705882352,51.470588235294116,17.647058823529413
E00071705,298,86,27,59,212,168,44,28.859060402684566,9.060402684563758,19.798657718120804,71.14093959731544,56.375838926174495,14.76510067114094
E00071706,141,40,17,23,101,89,12,28.368794326241137,12.056737588652481,16.312056737588655,71.63120567375887,63.12056737588653,8.51063829787234
E00071707,138,44,23,21,94,79,15,31.88405797101449,16.666666666666664,15.217391304347828,68.11594202898551,57.2463768115942,10.869565217391305
E00071709,167,51,12,39,116,88,28,30.538922155688624,7.18562874251497,23.353293413173652,69.46107784431138,52.69461077844312,16.766467065868262
E00071710,178,47,10,37,131,110,21,26.40449438202247,5.617977528089887,20.786516853932586,73.59550561797754,61.79775280898876,11.797752808988763
E00071711,224,58,21,37,166,139,27,25.892857142857146,9.375,16.517857142857142,74.10714285714286,62.05357142857143,12.053571428571429
E00071712,238,48,14,34,190,164,26,20.168067226890756,5.88235294117647,14.285714285714285,79.83193277310924,68.90756302521008,10.92436974789916
E00071713,153,36,14,22,117,94,23,23.52941176470588,9.15032679738562,14.37908496732026,76.47058823529412,61.43790849673203,15.032679738562091
E00071714,176,45,16,29,131,112,19,25.568181818181817,9.090909090909092,16.477272727272727,74.43181818181817,63.63636363636363,10.795454545454545
E00071715,94,20,5,15,74,61,13,21.27659574468085,5.319148936170213,15.957446808510639,78.72340425531915,64.8936170212766,13.829787234042554
E00071716,88,18,1,17,70,56,14,20.454545454545457,1.1363636363636365,19.318181818181817,79.54545454545455,63.63636363636363,15.909090909090908
E00071717,149,47,15,32,102,86,16,31.543624161073826,10.06711409395973,21.476510067114095,68.45637583892618,57.71812080536913,10.738255033557047
E00071718,113,25,9,16,88,80,8,22.123893805309734,7.964601769911504,14.15929203539823,77.87610619469027,70.79646017699115,7.079646017699115
E00071719,146,41,13,28,105,94,11,28.08219178082192,8.904109589041095,19.17808219178082,71.91780821917808,64.38356164383562,7.534246575342466
E00071720,166,46,12,34,120,105,15,27.710843373493976,7.228915662650602,20.481927710843372,72.28915662650603,63.25301204819277,9.036144578313253
E00071721,72,26,6,20,46,43,3,36.11111111111111,8.333333333333332,27.77777777777778,63.888888888888886,59.72222222222222,4.166666666666666
E00071722,149,42,15,27,107,92,15,28.187919463087248,10.06711409395973,18.120805369127517,71.81208053691275,61.74496644295302,10.06711409395973
E00071723,136,36,6,30,100,94,6,26.47058823529412,4.411764705882353,22.058823529411764,73.52941176470588,69.11764705882352,4.411764705882353
E00071724,83,22,1,21,61,51,10,26.506024096385545,1.2048192771084338,25.301204819277107,73.49397590361446,61.44578313253012,12.048192771084338
E00071725,133,38,13,25,95,93,2,28.57142857142857,9.774436090225564,18.796992481203006,71.42857142857143,69.92481203007519,1.5037593984962405
E00071726,163,42,18,24,121,103,18,25.766871165644172,11.042944785276074,14.723926380368098,74.23312883435584,63.190184049079754,11.042944785276074
E00071727,151,41,13,28,110,95,15,27.1523178807947,8.609271523178808,18.543046357615893,72.84768211920529,62.913907284768214,9.933774834437086
E00071728,126,26,6,20,100,90,10,20.634920634920633,4.761904761904762,15.873015873015872,79.36507936507937,71.42857142857143,7.936507936507936
E00071729,119,31,9,22,88,81,7,26.05042016806723,7.563025210084033,18.487394957983195,73.94957983193278,68.0672268907563,5.88235294117647
E00071730,156,41,13,28,115,98,17,26.282051282051285,8.333333333333332,17.94871794871795,73.71794871794873,62.82051282051282,10.897435897435898
E00071731,181,40,11,29,141,121,20,22.099447513812155,6.077348066298343,16.022099447513813,77.90055248618785,66.85082872928176,11.049723756906078
E00071732,212,51,6,45,161,143,18,24.056603773584907,2.8301886792452833,21.22641509433962,75.94339622641509,67.45283018867924,8.49056603773585
E00071733,137,33,11,22,104,91,13,24.087591240875913,8.02919708029197,16.05839416058394,75.91240875912408,66.42335766423358,9.48905109489051
E00071734,130,38,14,24,92,81,11,29.230769230769234,10.76923076923077,18.461538461538463,70.76923076923077,62.30769230769231,8.461538461538462
E00071735,112,27,7,20,85,73,12,24.107142857142858,6.25,17.857142857142858,75.89285714285714,65.17857142857143,10.714285714285714
E00071736,182,57,20,37,125,106,19,31.318681318681318,10.989010989010989,20.32967032967033,68.68131868131869,58.24175824175825,10.43956043956044
E00071737,125,27,8,19,98,87,11,21.6,6.4,15.2,78.4,69.6,8.799999999999999
E00173097,272,58,15,43,214,183,31,21.323529411764707,5.514705882352941,15.808823529411764,78.67647058823529,67.27941176470588,11.397058823529411
E00173099,155,31,11,20,124,98,26,20,7.096774193548387,12.903225806451612,80,63.2258064516129,16.7741935483871
E00173100,349,62,20,42,287,252,35,17.765042979942695,5.730659025787966,12.034383954154727,82.23495702005731,72.20630372492836,10.028653295128938
E00173102,194,45,11,34,149,131,18,23.195876288659793,5.670103092783505,17.525773195876287,76.80412371134021,67.5257731958763,9.278350515463918
E00173105,202,37,8,29,165,152,13,18.316831683168317,3.9603960396039604,14.356435643564355,81.68316831683168,75.24752475247524,6.435643564356436
E00173111,107,22,7,15,85,71,14,20.5607476635514,6.5420560747663545,14.018691588785046,79.43925233644859,66.35514018691589,13.084112149532709
E00173113,158,43,13,30,115,99,16,27.21518987341772,8.227848101265822,18.9873417721519,72.78481012658227,62.65822784810127,10.126582278481013
E00173114,90,33,7,26,57,45,12,36.666666666666664,7.777777777777778,28.888888888888886,63.33333333333333,50,13.333333333333334
E00173116,201,52,15,37,149,137,12,25.870646766169152,7.462686567164178,18.407960199004975,74.12935323383084,68.1592039800995,5.970149253731343
E00173117,66,23,6,17,43,36,7,34.84848484848485,9.090909090909092,25.757575757575758,65.15151515151516,54.54545454545454,10.606060606060606
E00173119,176,49,10,39,127,114,13,27.84090909090909,5.681818181818182,22.15909090909091,72.1590909090909,64.77272727272727,7.386363636363637
E00173120,138,33,13,20,105,75,30,23.91304347826087,9.420289855072465,14.492753623188406,76.08695652173914,54.347826086956516,21.73913043478261
E00173122,181,48,11,37,133,108,25,26.519337016574585,6.077348066298343,20.441988950276244,73.48066298342542,59.66850828729282,13.812154696132598
E00173124,177,38,11,27,139,120,19,21.468926553672315,6.214689265536723,15.254237288135593,78.53107344632768,67.79661016949152,10.734463276836157
E00173127,146,36,7,29,110,79,31,24.65753424657534,4.794520547945205,19.863013698630137,75.34246575342466,54.109589041095894,21.232876712328768
E00173128,29,12,3,9,17,15,2,41.37931034482759,10.344827586206897,31.03448275862069,58.620689655172406,51.724137931034484,6.896551724137931
E00173132,160,42,13,29,118,96,22,26.25,8.125,18.125,73.75,60,13.750000000000002
E00173133,221,69,19,50,152,130,22,31.221719457013574,8.597285067873303,22.624434389140273,68.77828054298642,58.82352941176471,9.95475113122172
E00173134,68,21,4,17,47,36,11,30.88235294117647,5.88235294117647,25,69.11764705882352,52.94117647058824,16.176470588235293
E00173135,145,79,50,29,66,43,23,54.48275862068965,34.48275862068966,20,45.51724137931035,29.655172413793103,15.862068965517242
E00173657,241,43,10,33,198,176,22,17.842323651452283,4.149377593360995,13.692946058091287,82.15767634854771,73.02904564315352,9.12863070539419
E00187162,314,82,28,54,232,192,40,26.11464968152866,8.9171974522293,17.197452229299362,73.88535031847134,61.146496815286625,12.738853503184714
E00187163,285,52,19,33,233,198,35,18.24561403508772,6.666666666666667,11.578947368421053,81.75438596491227,69.47368421052632,12.280701754385964
E00187164,135,25,9,16,110,103,7,18.51851851851852,6.666666666666667,11.851851851851853,81.48148148148148,76.29629629629629,5.185185185185185
E00187165,176,32,13,19,144,128,16,18.181818181818183,7.386363636363637,10.795454545454545,81.81818181818183,72.72727272727273,9.090909090909092
E00187168,198,45,18,27,153,141,12,22.727272727272727,9.090909090909092,13.636363636363635,77.27272727272727,71.21212121212122,6.0606060606060606
E00187171,119,37,13,24,82,74,8,31.092436974789916,10.92436974789916,20.168067226890756,68.90756302521008,62.18487394957983,6.722689075630252
E00187173,187,32,10,22,155,139,16,17.11229946524064,5.347593582887701,11.76470588235294,82.88770053475936,74.33155080213903,8.55614973262032
E00187175,221,49,13,36,172,155,17,22.171945701357465,5.88235294117647,16.289592760180994,77.82805429864254,70.13574660633483,7.6923076923076925
E00187176,198,47,11,36,151,128,23,23.737373737373737,5.555555555555555,18.181818181818183,76.26262626262627,64.64646464646465,11.616161616161616
E00187177,178,43,13,30,135,114,21,24.15730337078652,7.303370786516854,16.853932584269664,75.84269662921348,64.04494382022472,11.797752808988763
E00187178,73,19,5,14,54,44,10,26.027397260273972,6.8493150684931505,19.17808219178082,73.97260273972603,60.273972602739725,13.698630136986301
E00187180,235,39,8,31,196,166,30,16.595744680851062,3.404255319148936,13.191489361702127,83.40425531914893,70.63829787234043,12.76595744680851
E00187182,261,62,22,40,199,175,24,23.754789272030653,8.42911877394636,15.32567049808429,76.24521072796935,67.04980842911877,9.195402298850574
E00187183,231,65,18,47,166,145,21,28.13852813852814,7.792207792207792,20.346320346320347,71.86147186147186,62.77056277056276,9.090909090909092
E00187185,254,73,33,40,181,143,38,28.74015748031496,12.992125984251967,15.748031496062993,71.25984251968504,56.2992125984252,14.960629921259844
E00187186,84,26,11,15,58,47,11,30.952380952380953,13.095238095238097,17.857142857142858,69.04761904761905,55.952380952380956,13.095238095238097
E00187188,42,15,7,8,27,22,5,35.714285714285715,16.666666666666664,19.047619047619047,64.28571428571429,52.38095238095239,11.904761904761903
E00187190,349,54,14,40,295,247,48,15.472779369627506,4.011461318051576,11.461318051575931,84.5272206303725,70.77363896848138,13.753581661891118
E00187194,31,11,5,6,20,18,2,35.483870967741936,16.129032258064516,19.35483870967742,64.51612903225806,58.06451612903226,6.451612903225806
E00187197,234,68,17,51,166,144,22,29.059829059829063,7.264957264957266,21.794871794871796,70.94017094017094,61.53846153846154,9.401709401709402
E00187198,112,24,7,17,88,72,16,21.428571428571427,6.25,15.178571428571427,78.57142857142857,64.28571428571429,14.285714285714285
E00187202,145,42,11,31,103,87,16,28.965517241379313,7.586206896551724,21.379310344827587,71.03448275862068,60,11.03448275862069
E00187203,210,39,10,29,171,159,12,18.571428571428573,4.761904761904762,13.80952380952381,81.42857142857143,75.71428571428571,5.714285714285714
E00187204,132,22,7,15,110,99,11,16.666666666666664,5.303030303030303,11.363636363636363,83.33333333333334,75,8.333333333333332
E00187208,316,55,16,39,261,224,37,17.405063291139243,5.063291139240507,12.341772151898734,82.59493670886076,70.88607594936708,11.708860759493671
E00187210,64,15,5,10,49,41,8,23.4375,7.8125,15.625,76.5625,64.0625,12.5
E00187211,201,34,10,24,167,148,19,16.91542288557214,4.975124378109453,11.940298507462686,83.08457711442786,73.6318407960199,9.45273631840796
E00187214,35,12,6,6,23,23,0,34.285714285714285,17.142857142857142,17.142857142857142,65.71428571428571,65.71428571428571,0
E00187215,174,25,5,20,149,131,18,14.367816091954023,2.8735632183908044,11.494252873563218,85.63218390804597,75.28735632183908,10.344827586206897
E00187217,87,28,9,19,59,48,11,32.18390804597701,10.344827586206897,21.839080459770116,67.81609195402298,55.172413793103445,12.643678160919542
E00187219,168,46,11,35,122,112,10,27.380952380952383,6.547619047619048,20.833333333333336,72.61904761904762,66.66666666666666,5.952380952380952
E00187220,52,13,5,8,39,32,7,25,9.615384615384617,15.384615384615385,75,61.53846153846154,13.461538461538462
E00187222,228,54,15,39,174,157,17,23.684210526315788,6.578947368421052,17.105263157894736,76.31578947368422,68.85964912280701,7.456140350877193
E00187223,126,39,9,30,87,71,16,30.952380952380953,7.142857142857142,23.809523809523807,69.04761904761905,56.34920634920635,12.698412698412698
E00187228,89,30,10,20,59,56,3,33.70786516853933,11.235955056179774,22.47191011235955,66.29213483146067,62.92134831460674,3.3707865168539324
E00187233,138,29,14,15,109,97,12,21.014492753623188,10.144927536231885,10.869565217391305,78.98550724637681,70.28985507246377,8.695652173913043
E00187234,138,37,8,29,101,84,17,26.811594202898554,5.797101449275362,21.014492753623188,73.18840579710145,60.86956521739131,12.318840579710146
E00187235,165,44,17,27,121,96,25,26.666666666666668,10.303030303030303,16.363636363636363,73.33333333333333,58.18181818181818,15.151515151515152
E00187236,213,53,16,37,160,135,25,24.88262910798122,7.511737089201878,17.370892018779344,75.11737089201877,63.38028169014085,11.737089201877934
E00187239,287,76,26,50,211,172,39,26.480836236933797,9.059233449477352,17.421602787456447,73.5191637630662,59.93031358885017,13.588850174216027
E00187242,219,51,21,30,168,153,15,23.28767123287671,9.58904109589041,13.698630136986301,76.71232876712328,69.86301369863014,6.8493150684931505
E00187244,142,45,17,28,97,77,20,31.690140845070424,11.971830985915492,19.718309859154928,68.30985915492957,54.22535211267606,14.084507042253522
E00187246,104,32,4,28,72,67,5,30.76923076923077,3.8461538461538463,26.923076923076923,69.23076923076923,64.42307692307693,4.807692307692308
E00187247,66,14,7,7,52,47,5,21.21212121212121,10.606060606060606,10.606060606060606,78.78787878787878,71.21212121212122,7.575757575757576
E00187248,88,26,5,21,62,52,10,29.545454545454547,5.681818181818182,23.863636363636363,70.45454545454545,59.09090909090909,11.363636363636363
E00187249,113,12,4,8,101,96,5,10.619469026548673,3.5398230088495577,7.079646017699115,89.38053097345133,84.95575221238938,4.424778761061947
E00187252,55,21,8,13,34,32,2,38.18181818181819,14.545454545454545,23.636363636363637,61.81818181818181,58.18181818181818,3.6363636363636362
E00187254,339,75,21,54,264,223,41,22.123893805309734,6.1946902654867255,15.929203539823009,77.87610619469027,65.78171091445427,12.094395280235988
E00187255,89,11,0,11,78,66,12,12.359550561797752,0,12.359550561797752,87.64044943820225,74.15730337078652,13.48314606741573
E00187257,255,60,18,42,195,154,41,23.52941176470588,7.0588235294117645,16.470588235294116,76.47058823529412,60.3921568627451,16.07843137254902
E00187258,194,56,22,34,138,117,21,28.865979381443296,11.34020618556701,17.525773195876287,71.1340206185567,60.30927835051546,10.824742268041238
E00187259,117,36,11,25,81,71,10,30.76923076923077,9.401709401709402,21.367521367521366,69.23076923076923,60.68376068376068,8.547008547008547
E00187260,185,40,8,32,145,130,15,21.62162162162162,4.324324324324325,17.2972972972973,78.37837837837837,70.27027027027027,8.108108108108109
E00187262,155,39,13,26,116,97,19,25.161290322580644,8.38709677419355,16.7741935483871,74.83870967741936,62.58064516129033,12.258064516129032
E00187263,317,58,18,40,259,238,21,18.29652996845426,5.678233438485805,12.618296529968454,81.70347003154575,75.0788643533123,6.624605678233439
E00187264,183,37,9,28,146,126,20,20.21857923497268,4.918032786885246,15.300546448087433,79.78142076502732,68.85245901639344,10.92896174863388
E00187265,91,20,7,13,71,60,11,21.978021978021978,7.6923076923076925,14.285714285714285,78.02197802197803,65.93406593406593,12.087912087912088
E00187266,189,42,12,30,147,124,23,22.22222222222222,6.349206349206349,15.873015873015872,77.77777777777779,65.60846560846561,12.16931216931217
E00187267,340,79,22,57,261,227,34,23.235294117647058,6.470588235294119,16.76470588235294,76.76470588235294,66.76470588235294,10
E00187268,277,57,17,40,220,180,40,20.577617328519857,6.137184115523466,14.440433212996389,79.42238267148014,64.98194945848375,14.440433212996389
E00187272,358,66,24,42,292,253,39,18.435754189944134,6.70391061452514,11.731843575418994,81.56424581005587,70.6703910614525,10.893854748603351
E00187273,99,28,11,17,71,62,9,28.28282828282828,11.11111111111111,17.17171717171717,71.71717171717171,62.62626262626263,9.090909090909092
E00187276,106,25,5,20,81,65,16,23.58490566037736,4.716981132075472,18.867924528301888,76.41509433962264,61.32075471698113,15.09433962264151
E00187277,140,32,10,22,108,92,16,22.857142857142858,7.142857142857142,15.714285714285714,77.14285714285715,65.71428571428571,11.428571428571429
E00187278,168,57,19,38,111,101,10,33.92857142857143,11.30952380952381,22.61904761904762,66.07142857142857,60.11904761904761,5.952380952380952
E00187280,70,17,7,10,53,40,13,24.285714285714285,10,14.285714285714285,75.71428571428571,57.14285714285714,18.571428571428573
E00187287,274,78,19,59,196,171,25,28.467153284671532,6.934306569343065,21.532846715328464,71.53284671532847,62.40875912408759,9.124087591240876
E00187290,157,26,6,20,131,107,24,16.560509554140125,3.821656050955414,12.738853503184714,83.43949044585987,68.15286624203821,15.286624203821656
E00187293,225,63,17,46,162,143,19,28.000000000000004,7.555555555555555,20.444444444444446,72,63.55555555555556,8.444444444444445
E00187295,99,28,11,17,71,57,14,28.28282828282828,11.11111111111111,17.17171717171717,71.71717171717171,57.57575757575758,14.14141414141414
E00187300,174,39,9,30,135,117,18,22.413793103448278,5.172413793103448,17.24137931034483,77.58620689655173,67.24137931034483,10.344827586206897
E00187301,188,49,22,27,139,113,26,26.063829787234045,11.702127659574469,14.361702127659576,73.93617021276596,60.1063829787234,13.829787234042554
E00187302,63,17,5,12,46,41,5,26.984126984126984,7.936507936507936,19.047619047619047,73.01587301587301,65.07936507936508,7.936507936507936
E00187304,242,64,14,50,178,145,33,26.446280991735538,5.785123966942149,20.66115702479339,73.55371900826447,59.917355371900825,13.636363636363635
E00187305,138,38,17,21,100,82,18,27.536231884057973,12.318840579710146,15.217391304347828,72.46376811594203,59.42028985507246,13.043478260869565
E00187307,318,58,19,39,260,236,24,18.238993710691823,5.9748427672955975,12.264150943396226,81.76100628930818,74.21383647798741,7.547169811320755
E00187308,113,30,4,26,83,77,6,26.548672566371685,3.5398230088495577,23.008849557522122,73.45132743362832,68.14159292035397,5.3097345132743365
E00187311,154,31,4,27,123,107,16,20.12987012987013,2.5974025974025974,17.532467532467532,79.87012987012987,69.48051948051948,10.38961038961039
E00187312,54,11,9,2,43,30,13,20.37037037037037,16.666666666666664,3.7037037037037033,79.62962962962963,55.55555555555556,24.074074074074073
E00187313,20,8,6,2,12,8,4,40,30,10,60,40,20
E00187316,84,15,4,11,69,63,6,17.857142857142858,4.761904761904762,13.095238095238097,82.14285714285714,75,7.142857142857142
E00187318,80,23,8,15,57,48,9,28.749999999999996,10,18.75,71.25,60,11.25
E00187321,73,18,5,13,55,45,10,24.65753424657534,6.8493150684931505,17.80821917808219,75.34246575342466,61.64383561643836,13.698630136986301
E00187322,270,49,13,36,221,188,33,18.14814814814815,4.814814814814815,13.333333333333334,81.85185185185185,69.62962962962963,12.222222222222221
E00187324,91,4,0,4,87,78,9,4.395604395604396,0,4.395604395604396,95.6043956043956,85.71428571428571,9.89010989010989
E00187331,84,14,5,9,70,57,13,16.666666666666664,5.952380952380952,10.714285714285714,83.33333333333334,67.85714285714286,15.476190476190476
E00187332,261,37,9,28,224,196,28,14.17624521072797,3.4482758620689653,10.727969348659004,85.82375478927203,75.09578544061303,10.727969348659004
E00187333,156,30,5,25,126,105,21,19.230769230769234,3.205128205128205,16.025641025641026,80.76923076923077,67.3076923076923,13.461538461538462
