OA,ts0380001,ts0380002,ts0380003,ts0380004,ts0380005,ts0380006,ts0380007,ts0380002_PCT,ts0380003_PCT,ts0380004_PCT,ts0380005_PCT,ts0380006_PCT,ts0380007_PCT
E00071220,616,63,21,42,553,39,514,10.227272727272728,3.4090909090909087,6.8181818181818175,89.77272727272727,6.331168831168831,83.44155844155844
E00071221,318,42,13,29,276,35,241,13.20754716981132,4.088050314465408,9.119496855345911,86.79245283018868,11.0062893081761,75.78616352201259
E00071222,251,59,22,37,192,18,174,23.50597609561753,8.764940239043826,14.741035856573706,76.49402390438247,7.171314741035857,69.32270916334662
E00071223,328,65,27,38,263,36,227,19.817073170731707,8.231707317073171,11.585365853658537,80.1829268292683,10.975609756097562,69.20731707317073
E00071224,295,65,35,30,230,27,203,22.033898305084744,11.864406779661017,10.16949152542373,77.96610169491525,9.152542372881356,68.8135593220339
E00071225,480,59,18,41,421,31,390,12.291666666666666,3.75,8.541666666666666,87.70833333333333,6.458333333333334,81.25
E00071226,241,31,14,17,210,18,192,12.863070539419086,5.809128630705394,7.053941908713693,87.13692946058092,7.468879668049793,79.66804979253112
E00071227,300,31,8,23,269,23,246,10.333333333333334,2.666666666666667,7.666666666666666,89.66666666666666,7.666666666666666,82
E00071228,263,55,21,34,208,28,180,20.912547528517113,7.984790874524715,12.927756653992395,79.08745247148289,10.646387832699618,68.44106463878326
E00071229,343,61,26,35,282,26,256,17.784256559766764,7.580174927113703,10.204081632653061,82.21574344023324,7.580174927113703,74.63556851311954
E00071230,325,73,33,40,252,17,235,22.46153846153846,10.153846153846153,12.307692307692308,77.53846153846153,5.230769230769231,72.3076923076923
E00071231,400,79,42,37,321,23,298,19.75,10.5,9.25,80.25,5.75,74.5
E00071232,337,62,31,31,275,13,262,18.397626112759642,9.198813056379821,9.198813056379821,81.60237388724035,3.857566765578635,77.74480712166172
E00071233,331,76,29,47,255,10,245,22.9607250755287,8.761329305135952,14.19939577039275,77.0392749244713,3.0211480362537766,74.01812688821752
E00071234,387,72,35,37,315,31,284,18.6046511627907,9.043927648578812,9.560723514211885,81.3953488372093,8.010335917312661,73.38501291989664
E00071235,431,68,26,42,363,21,342,15.777262180974477,6.0324825986078885,9.744779582366588,84.22273781902551,4.872389791183294,79.35034802784223
E00071236,340,56,23,33,284,12,272,16.470588235294116,6.764705882352941,9.705882352941178,83.52941176470588,3.5294117647058822,80
E00071238,352,41,17,24,311,13,298,11.647727272727272,4.829545454545454,6.8181818181818175,88.35227272727273,3.6931818181818183,84.6590909090909
E00071239,339,63,26,37,276,23,253,18.58407079646018,7.669616519174041,10.914454277286136,81.41592920353983,6.784660766961652,74.63126843657817
E00071240,304,51,15,36,253,23,230,16.776315789473685,4.934210526315789,11.842105263157894,83.22368421052632,7.565789473684211,75.6578947368421
E00071241,279,43,12,31,236,15,221,15.412186379928317,4.301075268817205,11.11111111111111,84.58781362007169,5.376344086021505,79.21146953405018
E00071242,289,60,26,34,229,18,211,20.761245674740483,8.996539792387544,11.76470588235294,79.23875432525952,6.228373702422145,73.01038062283737
E00071243,272,69,37,32,203,21,182,25.36764705882353,13.602941176470587,11.76470588235294,74.63235294117648,7.720588235294118,66.91176470588235
E00071244,330,67,31,36,263,15,248,20.303030303030305,9.393939393939393,10.909090909090908,79.6969696969697,4.545454545454546,75.15151515151514
E00071245,356,96,39,57,260,26,234,26.96629213483146,10.955056179775282,16.01123595505618,73.03370786516854,7.303370786516854,65.73033707865169
E00071246,345,79,38,41,266,23,243,22.89855072463768,11.014492753623188,11.884057971014492,77.10144927536233,6.666666666666667,70.43478260869566
E00071247,277,77,29,48,200,7,193,27.79783393501805,10.469314079422382,17.328519855595665,72.20216606498195,2.527075812274368,69.67509025270758
E00071248,544,108,55,53,436,27,409,19.852941176470587,10.11029411764706,9.742647058823529,80.14705882352942,4.963235294117647,75.18382352941177
E00071249,423,115,49,66,308,21,287,27.18676122931442,11.583924349881796,15.602836879432624,72.81323877068559,4.964539007092199,67.84869976359337
E00071250,323,69,37,32,254,11,243,21.36222910216718,11.455108359133128,9.907120743034056,78.63777089783281,3.4055727554179565,75.23219814241486
E00071251,311,55,27,28,256,16,240,17.684887459807076,8.681672025723474,9.003215434083602,82.31511254019293,5.144694533762058,77.17041800643086
E00071252,432,77,27,50,355,15,340,17.824074074074073,6.25,11.574074074074074,82.17592592592592,3.4722222222222223,78.70370370370371
E00071253,372,65,34,31,307,13,294,17.473118279569892,9.13978494623656,8.333333333333332,82.52688172043011,3.494623655913978,79.03225806451613
E00071254,276,46,23,23,230,10,220,16.666666666666664,8.333333333333332,8.333333333333332,83.33333333333334,3.6231884057971016,79.71014492753623
E00071255,298,69,27,42,229,20,209,23.154362416107382,9.060402684563758,14.093959731543624,76.84563758389261,6.7114093959731544,70.13422818791946
E00071256,248,35,14,21,213,17,196,14.112903225806454,5.64516129032258,8.46774193548387,85.88709677419355,6.854838709677419,79.03225806451613
E00071257,260,42,22,20,218,18,200,16.153846153846153,8.461538461538462,7.6923076923076925,83.84615384615385,6.923076923076923,76.92307692307693
E00071258,329,101,51,50,228,15,213,30.69908814589666,15.501519756838904,15.19756838905775,69.30091185410335,4.5592705167173255,64.74164133738601
E00071259,323,90,29,61,233,23,210,27.86377708978328,8.978328173374612,18.885448916408667,72.13622291021672,7.120743034055728,65.01547987616098
E00071260,199,52,24,28,147,4,143,26.13065326633166,12.060301507537687,14.07035175879397,73.86934673366834,2.0100502512562812,71.85929648241206
E00071262,240,53,22,31,187,7,180,22.083333333333332,9.166666666666666,12.916666666666668,77.91666666666667,2.9166666666666665,75
E00071263,402,54,16,38,348,44,304,13.432835820895523,3.9800995024875623,9.45273631840796,86.56716417910447,10.945273631840797,75.62189054726367
E00071264,259,54,21,33,205,23,182,20.84942084942085,8.108108108108109,12.741312741312742,79.15057915057915,8.880308880308881,70.27027027027027
E00071265,232,39,13,26,193,14,179,16.810344827586206,5.603448275862069,11.206896551724139,83.1896551724138,6.0344827586206895,77.15517241379311
E00071266,361,64,24,40,297,28,269,17.72853185595568,6.64819944598338,11.080332409972298,82.27146814404432,7.756232686980609,74.51523545706371
E00071267,336,68,21,47,268,30,238,20.238095238095237,6.25,13.988095238095239,79.76190476190477,8.928571428571429,70.83333333333334
E00071268,247,58,29,29,189,23,166,23.481781376518217,11.740890688259109,11.740890688259109,76.51821862348179,9.31174089068826,67.20647773279353
E00071269,426,57,19,38,369,23,346,13.380281690140844,4.460093896713615,8.92018779342723,86.61971830985915,5.39906103286385,81.2206572769953
E00071270,202,43,16,27,159,7,152,21.287128712871286,7.920792079207921,13.366336633663368,78.71287128712872,3.4653465346534658,75.24752475247524
E00071271,220,78,38,40,142,17,125,35.45454545454545,17.272727272727273,18.181818181818183,64.54545454545455,7.727272727272727,56.81818181818182
E00071272,367,65,24,41,302,22,280,17.71117166212534,6.539509536784741,11.1716621253406,82.28882833787466,5.994550408719346,76.29427792915531
E00071273,293,60,26,34,233,19,214,20.477815699658702,8.873720136518772,11.604095563139932,79.5221843003413,6.484641638225256,73.03754266211604
E00071274,227,63,31,32,164,19,145,27.75330396475771,13.656387665198238,14.096916299559473,72.24669603524228,8.370044052863436,63.87665198237885
E00071275,256,65,25,40,191,16,175,25.390625,9.765625,15.625,74.609375,6.25,68.359375
E00071276,387,97,51,46,290,24,266,25.064599483204137,13.178294573643413,11.886304909560723,74.93540051679587,6.2015503875969,68.73385012919897
E00071277,457,60,32,28,397,16,381,13.129102844638949,7.00218818380744,6.12691466083151,86.87089715536105,3.50109409190372,83.36980306345733
E00071278,382,70,35,35,312,15,297,18.32460732984293,9.162303664921465,9.162303664921465,81.67539267015707,3.926701570680628,77.74869109947645
E00071279,349,46,24,22,303,9,294,13.18051575931232,6.876790830945559,6.303724928366762,86.81948424068769,2.5787965616045847,84.2406876790831
E00071280,267,53,29,24,214,26,188,19.850187265917604,10.861423220973784,8.98876404494382,80.14981273408239,9.737827715355806,70.4119850187266
E00071281,343,74,32,42,269,13,256,21.574344023323615,9.329446064139942,12.244897959183673,78.4256559766764,3.7900874635568513,74.63556851311954
E00071282,278,44,20,24,234,28,206,15.827338129496402,7.1942446043165464,8.633093525179856,84.17266187050359,10.071942446043165,74.10071942446042
E00071283,407,82,38,44,325,22,303,20.14742014742015,9.336609336609335,10.81081081081081,79.85257985257985,5.405405405405405,74.44717444717445
E00071284,340,81,50,31,259,16,243,23.823529411764703,14.705882352941178,9.117647058823529,76.17647058823529,4.705882352941177,71.47058823529412
E00071285,311,87,35,52,224,24,200,27.974276527331188,11.254019292604502,16.720257234726688,72.02572347266882,7.717041800643088,64.30868167202573
E00071286,289,76,38,38,213,16,197,26.297577854671278,13.148788927335639,13.148788927335639,73.70242214532871,5.536332179930796,68.16608996539793
E00071287,282,64,29,35,218,29,189,22.69503546099291,10.28368794326241,12.411347517730496,77.30496453900709,10.28368794326241,67.02127659574468
E00071288,258,58,24,34,200,20,180,22.48062015503876,9.30232558139535,13.178294573643413,77.51937984496125,7.751937984496124,69.76744186046511
E00071289,346,74,38,36,272,25,247,21.38728323699422,10.982658959537572,10.404624277456648,78.61271676300578,7.225433526011561,71.38728323699422
E00071290,312,69,29,40,243,29,214,22.115384615384613,9.294871794871796,12.82051282051282,77.88461538461539,9.294871794871796,68.58974358974359
E00071292,202,40,27,13,162,6,156,19.801980198019802,13.366336633663368,6.435643564356436,80.19801980198021,2.9702970297029703,77.22772277227723
E00071293,300,71,28,43,229,11,218,23.666666666666668,9.333333333333334,14.333333333333334,76.33333333333333,3.6666666666666665,72.66666666666667
E00071294,292,76,43,33,216,13,203,26.027397260273972,14.726027397260275,11.301369863013697,73.97260273972603,4.4520547945205475,69.52054794520548
E00071295,335,74,34,40,261,7,254,22.08955223880597,10.149253731343283,11.940298507462686,77.91044776119404,2.0895522388059704,75.82089552238806
E00071296,291,48,19,29,243,19,224,16.49484536082474,6.529209621993128,9.965635738831615,83.50515463917526,6.529209621993128,76.97594501718214
E00071297,318,65,31,34,253,17,236,20.440251572327046,9.748427672955975,10.69182389937107,79.55974842767296,5.345911949685535,74.21383647798741
E00071298,336,84,39,45,252,21,231,25,11.607142857142858,13.392857142857142,75,6.25,68.75
E00071299,302,45,13,32,257,17,240,14.90066225165563,4.304635761589404,10.596026490066226,85.09933774834437,5.629139072847682,79.47019867549669
E00071300,204,34,17,17,170,14,156,16.666666666666664,8.333333333333332,8.333333333333332,83.33333333333334,6.862745098039216,76.47058823529412
E00071301,248,44,17,27,204,9,195,17.741935483870968,6.854838709677419,10.887096774193548,82.25806451612904,3.6290322580645165,78.62903225806451
E00071302,262,63,29,34,199,21,178,24.045801526717558,11.068702290076336,12.977099236641221,75.95419847328245,8.015267175572518,67.93893129770993
E00071303,302,69,33,36,233,21,212,22.8476821192053,10.927152317880795,11.920529801324504,77.15231788079471,6.95364238410596,70.19867549668875
E00071304,254,56,30,26,198,27,171,22.04724409448819,11.811023622047244,10.236220472440944,77.95275590551181,10.62992125984252,67.32283464566929
E00071305,321,87,41,46,234,21,213,27.102803738317753,12.77258566978193,14.330218068535824,72.89719626168224,6.5420560747663545,66.35514018691589
E00071306,253,48,24,24,205,13,192,18.972332015810274,9.486166007905137,9.486166007905137,81.02766798418972,5.138339920948617,75.8893280632411
E00071307,276,49,22,27,227,17,210,17.753623188405797,7.971014492753622,9.782608695652174,82.2463768115942,6.159420289855073,76.08695652173914
E00071308,305,56,19,37,249,20,229,18.360655737704917,6.229508196721312,12.131147540983607,81.63934426229508,6.557377049180328,75.08196721311475
E00071309,300,60,28,32,240,23,217,20,9.333333333333334,10.666666666666668,80,7.666666666666666,72.33333333333334
E00071310,217,42,17,25,175,16,159,19.35483870967742,7.834101382488479,11.52073732718894,80.64516129032258,7.373271889400922,73.27188940092167
E00071311,310,45,17,28,265,24,241,14.516129032258066,5.483870967741936,9.032258064516128,85.48387096774194,7.741935483870968,77.74193548387098
E00071312,221,42,20,22,179,26,153,19.004524886877828,9.049773755656108,9.95475113122172,80.99547511312217,11.76470588235294,69.23076923076923
E00071313,234,94,58,36,140,11,129,40.17094017094017,24.786324786324787,15.384615384615385,59.82905982905983,4.700854700854701,55.12820512820513
E00071314,226,65,30,35,161,14,147,28.761061946902654,13.274336283185843,15.486725663716813,71.23893805309734,6.1946902654867255,65.04424778761062
E00071315,409,60,19,41,349,37,312,14.66992665036675,4.645476772616137,10.024449877750612,85.33007334963325,9.04645476772616,76.28361858190709
E00071316,324,61,26,35,263,25,238,18.82716049382716,8.024691358024691,10.802469135802468,81.17283950617285,7.716049382716049,73.4567901234568
E00071317,316,88,41,47,228,20,208,27.848101265822784,12.974683544303797,14.873417721518987,72.15189873417721,6.329113924050633,65.82278481012658
E00071318,264,68,35,33,196,16,180,25.757575757575758,13.257575757575758,12.5,74.24242424242425,6.0606060606060606,68.18181818181817
E00071319,281,68,33,35,213,21,192,24.199288256227756,11.743772241992882,12.455516014234876,75.80071174377224,7.473309608540925,68.32740213523132
E00071320,130,65,39,26,65,5,60,50,30,20,50,3.8461538461538463,46.15384615384615
E00071321,292,70,27,43,222,22,200,23.972602739726025,9.246575342465754,14.726027397260275,76.02739726027397,7.534246575342466,68.4931506849315
E00071322,282,78,47,31,204,11,193,27.659574468085108,16.666666666666664,10.99290780141844,72.3404255319149,3.900709219858156,68.43971631205675
E00071323,330,89,40,49,241,19,222,26.969696969696972,12.121212121212121,14.84848484848485,73.03030303030303,5.757575757575758,67.27272727272727
E00071324,310,50,26,24,260,44,216,16.129032258064516,8.38709677419355,7.741935483870968,83.87096774193549,14.193548387096774,69.6774193548387
E00071325,271,86,36,50,185,12,173,31.73431734317343,13.284132841328415,18.45018450184502,68.26568265682657,4.428044280442804,63.837638376383765
E00071326,295,75,32,43,220,18,202,25.423728813559322,10.847457627118644,14.576271186440678,74.57627118644068,6.101694915254238,68.47457627118644
E00071327,327,93,44,49,234,21,213,28.440366972477065,13.455657492354739,14.984709480122325,71.55963302752293,6.422018348623854,65.13761467889908
E00071328,253,65,27,38,188,11,177,25.691699604743086,10.67193675889328,15.019762845849801,74.30830039525692,4.3478260869565215,69.96047430830039
E00071329,314,53,25,28,261,32,229,16.878980891719745,7.961783439490445,8.9171974522293,83.12101910828027,10.191082802547772,72.92993630573248
E00071330,253,84,48,36,169,17,152,33.201581027667984,18.972332015810274,14.229249011857709,66.79841897233202,6.719367588932807,60.079051383399204
E00071331,233,65,32,33,168,17,151,27.896995708154503,13.733905579399142,14.163090128755366,72.1030042918455,7.296137339055794,64.8068669527897
E00071332,352,72,35,37,280,15,265,20.454545454545457,9.943181818181818,10.511363636363637,79.54545454545455,4.261363636363636,75.2840909090909
E00071333,342,89,34,55,253,24,229,26.023391812865498,9.941520467836257,16.08187134502924,73.9766081871345,7.017543859649122,66.95906432748538
E00071334,300,68,37,31,232,10,222,22.666666666666664,12.333333333333334,10.333333333333334,77.33333333333333,3.3333333333333335,74
E00071335,273,73,35,38,200,16,184,26.73992673992674,12.82051282051282,13.91941391941392,73.26007326007326,5.86080586080586,67.3992673992674
E00071336,247,61,39,22,186,11,175,24.696356275303643,15.789473684210526,8.906882591093117,75.30364372469636,4.4534412955465585,70.8502024291498
E00071337,317,73,27,46,244,22,222,23.02839116719243,8.517350157728707,14.511041009463725,76.97160883280758,6.940063091482649,70.03154574132492
E00071338,335,64,29,35,271,22,249,19.1044776119403,8.656716417910449,10.44776119402985,80.8955223880597,6.567164179104477,74.32835820895522
E00071339,244,95,47,48,149,15,134,38.9344262295082,19.262295081967213,19.672131147540984,61.065573770491795,6.147540983606557,54.91803278688525
E00071340,204,67,36,31,137,13,124,32.84313725490196,17.647058823529413,15.196078431372548,67.15686274509804,6.372549019607843,60.78431372549019
E00071341,482,80,27,53,402,26,376,16.59751037344398,5.601659751037345,10.995850622406639,83.40248962655602,5.394190871369295,78.00829875518673
E00071343,274,63,30,33,211,18,193,22.99270072992701,10.948905109489052,12.043795620437956,77.00729927007299,6.569343065693431,70.43795620437956
E00071344,290,67,39,28,223,15,208,23.103448275862068,13.448275862068964,9.655172413793103,76.89655172413794,5.172413793103448,71.72413793103448
E00071345,314,61,27,34,253,19,234,19.426751592356688,8.598726114649681,10.828025477707007,80.57324840764332,6.050955414012739,74.52229299363057
E00071346,348,169,98,71,179,19,160,48.56321839080459,28.160919540229884,20.402298850574713,51.43678160919541,5.459770114942529,45.97701149425287
E00071347,394,103,36,67,291,12,279,26.14213197969543,9.137055837563452,17.00507614213198,73.85786802030458,3.0456852791878175,70.81218274111674
E00071348,326,92,43,49,234,20,214,28.22085889570552,13.190184049079754,15.030674846625766,71.77914110429448,6.134969325153374,65.6441717791411
E00071349,328,67,26,41,261,20,241,20.426829268292682,7.926829268292683,12.5,79.57317073170732,6.097560975609756,73.47560975609755
E00071350,306,64,31,33,242,14,228,20.915032679738562,10.130718954248366,10.784313725490197,79.08496732026144,4.57516339869281,74.50980392156863
E00071351,428,86,44,42,342,14,328,20.093457943925234,10.2803738317757,9.813084112149532,79.90654205607477,3.2710280373831773,76.63551401869158
E00071352,326,41,11,30,285,29,256,12.576687116564417,3.374233128834356,9.202453987730062,87.42331288343557,8.895705521472392,78.52760736196319
E00071353,278,68,28,40,210,22,188,24.46043165467626,10.071942446043165,14.388489208633093,75.53956834532374,7.913669064748201,67.62589928057554
E00071354,290,69,26,43,221,25,196,23.79310344827586,8.96551724137931,14.827586206896552,76.20689655172413,8.620689655172415,67.58620689655173
E00071355,216,48,19,29,168,18,150,22.22222222222222,8.796296296296296,13.425925925925927,77.77777777777779,8.333333333333332,69.44444444444444
E00071356,452,76,25,51,376,39,337,16.8141592920354,5.530973451327434,11.283185840707963,83.1858407079646,8.628318584070795,74.5575221238938
E00071357,207,49,19,30,158,21,137,23.67149758454106,9.178743961352657,14.492753623188406,76.32850241545893,10.144927536231885,66.18357487922705
E00071358,106,44,21,23,62,8,54,41.509433962264154,19.81132075471698,21.69811320754717,58.490566037735846,7.547169811320755,50.943396226415096
E00071360,283,53,21,32,230,26,204,18.727915194346288,7.420494699646643,11.307420494699647,81.2720848056537,9.187279151943462,72.08480565371025
E00071362,309,51,22,29,258,22,236,16.50485436893204,7.119741100323624,9.385113268608414,83.49514563106796,7.119741100323624,76.37540453074433
E00071363,329,80,44,36,249,20,229,24.316109422492403,13.37386018237082,10.94224924012158,75.6838905775076,6.079027355623101,69.6048632218845
E00071364,275,48,15,33,227,25,202,17.454545454545457,5.454545454545454,12,82.54545454545455,9.090909090909092,73.45454545454545
E00071365,246,41,5,36,205,23,182,16.666666666666664,2.0325203252032518,14.634146341463413,83.33333333333334,9.34959349593496,73.98373983739837
E00071367,313,57,16,41,256,15,241,18.210862619808307,5.111821086261981,13.099041533546327,81.78913738019169,4.792332268370607,76.99680511182109
E00071368,234,61,30,31,173,19,154,26.06837606837607,12.82051282051282,13.247863247863249,73.93162393162393,8.11965811965812,65.8119658119658
E00071369,232,49,21,28,183,14,169,21.120689655172413,9.051724137931034,12.068965517241379,78.87931034482759,6.0344827586206895,72.84482758620689
E00071370,177,21,14,7,156,10,146,11.864406779661017,7.909604519774012,3.954802259887006,88.13559322033898,5.649717514124294,82.485875706214685
E00071371,531,73,28,45,458,49,409,13.74764595103578,5.273069679849341,8.47457627118644,86.25235404896422,9.227871939736348,77.02448210922788
E00071372,254,48,15,33,206,21,185,18.89763779527559,5.905511811023622,12.992125984251967,81.10236220472441,8.267716535433072,72.83464566929135
E00071373,226,54,25,29,172,15,157,23.893805309734514,11.061946902654867,12.831858407079647,76.10619469026548,6.637168141592921,69.46902654867256
E00071375,289,40,18,22,249,21,228,13.84083044982699,6.228373702422145,7.612456747404845,86.159169550173,7.26643598615917,78.89273356401384
E00071376,236,60,20,40,176,13,163,25.423728813559322,8.47457627118644,16.94915254237288,74.57627118644068,5.508474576271186,69.0677966101695
E00071377,351,74,26,48,277,46,231,21.082621082621085,7.4074074074074066,13.675213675213676,78.91737891737893,13.105413105413104,65.8119658119658
E00071378,256,47,15,32,209,16,193,18.359375,5.859375,12.5,81.640625,6.25,75.390625
E00071380,450,166,93,73,284,30,254,36.888888888888886,20.666666666666668,16.22222222222222,63.11111111111111,6.666666666666667,56.44444444444444
E00071381,369,61,26,35,308,29,279,16.53116531165312,7.046070460704606,9.48509485094851,83.46883468834689,7.8590785907859075,75.60975609756098
E00071382,385,84,49,35,301,25,276,21.818181818181817,12.727272727272727,9.090909090909092,78.18181818181819,6.493506493506493,71.68831168831169
E00071383,308,55,26,29,253,19,234,17.857142857142858,8.441558441558442,9.415584415584416,82.14285714285714,6.1688311688311686,75.97402597402598
E00071384,346,74,33,41,272,20,252,21.38728323699422,9.53757225433526,11.849710982658959,78.61271676300578,5.780346820809249,72.83236994219652
E00071385,237,51,16,35,186,21,165,21.518987341772153,6.751054852320674,14.767932489451477,78.48101265822784,8.860759493670885,69.62025316455697
E00071386,299,111,65,46,188,26,162,37.12374581939799,21.73913043478261,15.384615384615385,62.87625418060201,8.695652173913043,54.18060200668896
E00071387,230,43,21,22,187,22,165,18.695652173913043,9.130434782608695,9.565217391304348,81.30434782608695,9.565217391304348,71.73913043478261
E00071390,367,54,19,35,313,31,282,14.713896457765669,5.177111716621254,9.536784741144414,85.28610354223434,8.446866485013624,76.83923705722071
E00071391,308,53,25,28,255,23,232,17.20779220779221,8.116883116883116,9.090909090909092,82.79220779220779,7.467532467532467,75.32467532467533
E00071392,275,36,13,23,239,17,222,13.090909090909092,4.7272727272727275,8.363636363636363,86.9090909090909,6.181818181818182,80.72727272727272
E00071394,264,80,49,31,184,11,173,30.303030303030305,18.560606060606062,11.742424242424242,69.6969696969697,4.166666666666666,65.53030303030303
E00071395,265,59,28,31,206,19,187,22.264150943396228,10.566037735849058,11.69811320754717,77.73584905660378,7.169811320754717,70.56603773584905
E00071396,326,44,21,23,282,10,272,13.496932515337424,6.441717791411043,7.05521472392638,86.50306748466258,3.067484662576687,83.43558282208589
E00071397,301,58,25,33,243,13,230,19.269102990033225,8.305647840531561,10.96345514950166,80.73089700996677,4.318936877076411,76.41196013289037
E00071399,373,82,47,35,291,14,277,21.983914209115284,12.600536193029491,9.383378016085791,78.01608579088472,3.753351206434316,74.26273458445041
E00071402,250,37,16,21,213,14,199,14.799999999999999,6.4,8.4,85.2,5.6000000000000005,79.60000000000001
E00071404,247,55,31,24,192,11,181,22.267206477732792,12.550607287449392,9.7165991902834,77.7327935222672,4.4534412955465585,73.27935222672065
E00071405,322,57,27,30,265,22,243,17.70186335403727,8.385093167701864,9.316770186335404,82.29813664596274,6.832298136645963,75.46583850931677
E00071406,300,68,30,38,232,16,216,22.666666666666664,10,12.666666666666668,77.33333333333333,5.333333333333334,72
E00071407,331,73,39,34,258,14,244,22.054380664652566,11.782477341389729,10.27190332326284,77.94561933534743,4.229607250755287,73.71601208459214
E00071408,296,45,19,26,251,16,235,15.202702702702704,6.418918918918918,8.783783783783784,84.7972972972973,5.405405405405405,79.3918918918919
E00071409,208,80,52,28,128,13,115,38.46153846153847,25,13.461538461538462,61.53846153846154,6.25,55.28846153846154
E00071410,307,56,25,31,251,8,243,18.241042345276874,8.143322475570033,10.097719869706841,81.75895765472313,2.6058631921824107,79.15309446254072
E00071411,390,65,28,37,325,12,313,16.666666666666664,7.179487179487179,9.487179487179487,83.33333333333334,3.076923076923077,80.25641025641026
E00071412,277,72,34,38,205,4,201,25.992779783393498,12.274368231046932,13.718411552346572,74.0072202166065,1.444043321299639,72.56317689530685
E00071413,191,30,19,11,161,17,144,15.706806282722512,9.947643979057592,5.7591623036649215,84.29319371727748,8.900523560209423,75.39267015706807
E00071415,531,80,24,56,451,31,420,15.065913370998116,4.519774011299435,10.546139359698682,84.93408662900188,5.83804143126177,79.09604519774011
E00071416,288,35,11,24,253,21,232,12.152777777777777,3.8194444444444446,8.333333333333332,87.84722222222221,7.291666666666667,80.55555555555556
E00071417,329,81,38,43,248,24,224,24.620060790273556,11.55015197568389,13.069908814589665,75.37993920972644,7.29483282674772,68.08510638297872
E00071418,389,59,16,43,330,23,307,15.167095115681233,4.113110539845758,11.053984575835475,84.83290488431876,5.912596401028278,78.9203084832905
E00071419,144,48,23,25,96,11,85,33.33333333333333,15.972222222222221,17.36111111111111,66.66666666666666,7.638888888888889,59.02777777777778
E00071420,280,57,23,34,223,25,198,20.357142857142858,8.214285714285714,12.142857142857142,79.64285714285714,8.928571428571429,70.71428571428572
E00071421,339,69,38,31,270,19,251,20.353982300884958,11.209439528023598,9.144542772861357,79.64601769911505,5.604719764011799,74.04129793510324
E00071422,309,75,35,40,234,16,218,24.271844660194176,11.326860841423949,12.944983818770226,75.72815533980582,5.177993527508091,70.55016181229773
E00071423,386,89,51,38,297,23,274,23.05699481865285,13.21243523316062,9.844559585492227,76.94300518134715,5.958549222797927,70.98445595854922
E00071424,241,57,29,28,184,17,167,23.651452282157674,12.033195020746888,11.618257261410788,76.34854771784232,7.053941908713693,69.29460580912863
E00071425,278,44,19,25,234,15,219,15.827338129496402,6.83453237410072,8.992805755395683,84.17266187050359,5.39568345323741,78.77697841726618
E00071426,302,51,23,28,251,21,230,16.887417218543046,7.6158940397351,9.271523178807946,83.11258278145695,6.95364238410596,76.15894039735099
E00071429,293,61,27,34,232,25,207,20.819112627986346,9.215017064846416,11.604095563139932,79.18088737201366,8.532423208191126,70.64846416382252
E00071430,266,47,17,30,219,19,200,17.669172932330827,6.390977443609022,11.278195488721805,82.33082706766918,7.142857142857142,75.18796992481202
E00071431,319,67,28,39,252,25,227,21.003134796238246,8.77742946708464,12.225705329153605,78.99686520376176,7.836990595611286,71.15987460815047
E00071432,295,85,45,40,210,13,197,28.8135593220339,15.254237288135593,13.559322033898304,71.1864406779661,4.406779661016949,66.77966101694915
E00071433,303,126,62,64,177,20,157,41.584158415841586,20.462046204620464,21.122112211221122,58.415841584158414,6.6006600660066,51.81518151815182
E00071434,500,98,49,49,402,28,374,19.6,9.8,9.8,80.4,5.6000000000000005,74.8
E00071436,321,94,47,47,227,19,208,29.283489096573206,14.641744548286603,14.641744548286603,70.7165109034268,5.919003115264798,64.797507788162
E00071437,163,39,23,16,124,12,112,23.92638036809816,14.11042944785276,9.815950920245399,76.07361963190185,7.361963190184049,68.71165644171779
E00071439,224,58,26,32,166,7,159,25.892857142857146,11.607142857142858,14.285714285714285,74.10714285714286,3.125,70.98214285714286
E00071440,293,39,12,27,254,24,230,13.310580204778159,4.09556313993174,9.215017064846416,86.68941979522185,8.19112627986348,78.49829351535837
E00071441,401,47,13,34,354,32,322,11.72069825436409,3.2418952618453867,8.478802992518704,88.2793017456359,7.98004987531172,80.29925187032418
E00071444,254,40,18,22,214,18,196,15.748031496062993,7.086614173228346,8.661417322834646,84.25196850393701,7.086614173228346,77.16535433070865
E00071445,308,61,26,35,247,19,228,19.805194805194805,8.441558441558442,11.363636363636363,80.1948051948052,6.1688311688311686,74.02597402597402
E00071448,214,29,11,18,185,26,159,13.551401869158877,5.14018691588785,8.411214953271028,86.44859813084112,12.149532710280374,74.29906542056075
E00071449,328,67,22,45,261,28,233,20.426829268292682,6.707317073170732,13.719512195121952,79.57317073170732,8.536585365853659,71.03658536585365
E00071450,313,78,22,56,235,27,208,24.920127795527154,7.0287539936102235,17.89137380191693,75.07987220447284,8.626198083067091,66.45367412140575
E00071451,275,46,12,34,229,22,207,16.727272727272727,4.363636363636364,12.363636363636363,83.27272727272728,8,75.27272727272727
E00071452,309,41,12,29,268,27,241,13.268608414239482,3.8834951456310676,9.385113268608414,86.73139158576052,8.737864077669903,77.99352750809061
E00071453,530,125,49,76,405,30,375,23.58490566037736,9.245283018867925,14.339622641509434,76.41509433962264,5.660377358490567,70.75471698113208
E00071454,376,45,15,30,331,44,287,11.96808510638298,3.9893617021276597,7.9787234042553195,88.03191489361703,11.702127659574469,76.32978723404256
E00071455,252,46,12,34,206,22,184,18.253968253968253,4.761904761904762,13.492063492063492,81.74603174603175,8.73015873015873,73.01587301587301
E00071456,300,47,18,29,253,16,237,15.666666666666668,6,9.666666666666666,84.33333333333334,5.333333333333334,79
E00071457,307,69,42,27,238,15,223,22.475570032573287,13.680781758957655,8.794788273615636,77.52442996742671,4.88599348534202,72.63843648208469
E00071458,274,58,30,28,216,21,195,21.16788321167883,10.948905109489052,10.218978102189782,78.83211678832117,7.664233576642336,71.16788321167883
E00071459,278,82,42,40,196,15,181,29.496402877697843,15.107913669064748,14.388489208633093,70.50359712230215,5.39568345323741,65.10791366906474
E00071461,284,68,37,31,216,20,196,23.943661971830984,13.028169014084506,10.915492957746478,76.05633802816901,7.042253521126761,69.01408450704226
E00071462,463,101,44,57,362,37,325,21.814254859611232,9.503239740820735,12.311015118790497,78.18574514038878,7.991360691144708,70.19438444924407
E00071463,354,53,19,34,301,28,273,14.971751412429379,5.367231638418079,9.6045197740113,85.02824858757062,7.909604519774012,77.11864406779661
E00071464,303,61,23,38,242,18,224,20.13201320132013,7.590759075907591,12.541254125412541,79.86798679867987,5.9405940594059405,73.92739273927393
E00071465,292,65,37,28,227,31,196,22.26027397260274,12.67123287671233,9.58904109589041,77.73972602739725,10.616438356164384,67.12328767123287
E00071466,498,61,18,43,437,51,386,12.248995983935743,3.614457831325301,8.634538152610443,87.75100401606426,10.240963855421686,77.51004016064257
E00071467,284,50,18,32,234,17,217,17.6056338028169,6.338028169014084,11.267605633802818,82.3943661971831,5.985915492957746,76.40845070422534
E00071468,273,53,21,32,220,30,190,19.413919413919416,7.6923076923076925,11.72161172161172,80.58608058608058,10.989010989010989,69.59706959706959
E00071469,273,78,36,42,195,22,173,28.57142857142857,13.186813186813188,15.384615384615385,71.42857142857143,8.058608058608058,63.369963369963365
E00071470,319,68,22,46,251,24,227,21.316614420062695,6.896551724137931,14.420062695924765,78.68338557993731,7.523510971786834,71.15987460815047
E00071471,314,105,50,55,209,22,187,33.43949044585987,15.92356687898089,17.51592356687898,66.56050955414013,7.006369426751593,59.554140127388536
E00071472,274,70,33,37,204,18,186,25.547445255474454,12.043795620437956,13.503649635036496,74.45255474452554,6.569343065693431,67.88321167883211
E00071473,393,81,40,41,312,24,288,20.610687022900763,10.178117048346055,10.432569974554708,79.38931297709924,6.106870229007633,73.2824427480916
E00071474,274,44,15,29,230,23,207,16.05839416058394,5.474452554744526,10.583941605839415,83.94160583941606,8.394160583941606,75.54744525547446
E00071475,308,77,40,37,231,17,214,25,12.987012987012985,12.012987012987013,75,5.51948051948052,69.48051948051948
E00071476,316,68,27,41,248,22,226,21.518987341772153,8.544303797468354,12.974683544303797,78.48101265822784,6.962025316455696,71.51898734177216
E00071477,225,45,18,27,180,17,163,20,8,12,80,7.555555555555555,72.44444444444444
E00071478,319,57,23,34,262,20,242,17.86833855799373,7.210031347962382,10.658307210031348,82.13166144200626,6.269592476489027,75.86206896551724
E00071479,299,85,49,36,214,13,201,28.428093645484946,16.387959866220736,12.040133779264215,71.57190635451505,4.3478260869565215,67.22408026755853
E00071480,209,84,50,34,125,14,111,40.19138755980861,23.923444976076556,16.267942583732058,59.80861244019139,6.698564593301436,53.110047846889955
E00071482,230,70,31,39,160,21,139,30.434782608695656,13.478260869565217,16.956521739130434,69.56521739130434,9.130434782608695,60.43478260869565
E00071483,286,87,46,41,199,12,187,30.419580419580424,16.083916083916083,14.335664335664337,69.58041958041959,4.195804195804196,65.38461538461539
E00071484,345,80,36,44,265,25,240,23.18840579710145,10.434782608695652,12.753623188405797,76.81159420289855,7.246376811594203,69.56521739130434
E00071485,232,69,35,34,163,14,149,29.74137931034483,15.086206896551724,14.655172413793101,70.25862068965517,6.0344827586206895,64.22413793103449
E00071486,277,65,32,33,212,20,192,23.465703971119133,11.552346570397113,11.913357400722022,76.53429602888086,7.2202166064981945,69.31407942238266
E00071487,354,39,17,22,315,25,290,11.016949152542372,4.80225988700565,6.214689265536723,88.98305084745762,7.062146892655368,81.92090395480226
E00071488,371,56,29,27,315,25,290,15.09433962264151,7.816711590296496,7.277628032345014,84.90566037735849,6.738544474393531,78.16711590296495
E00071489,375,93,51,42,282,10,272,24.8,13.600000000000001,11.200000000000001,75.2,2.666666666666667,72.53333333333333
E00071490,246,47,19,28,199,17,182,19.10569105691057,7.723577235772358,11.38211382113821,80.89430894308943,6.910569105691057,73.98373983739837
E00071491,305,42,16,26,263,22,241,13.77049180327869,5.245901639344262,8.524590163934425,86.22950819672131,7.213114754098362,79.01639344262294
E00071492,319,61,18,43,258,23,235,19.122257053291534,5.6426332288401255,13.479623824451412,80.87774294670847,7.210031347962382,73.66771159874608
E00071493,354,39,14,25,315,19,296,11.016949152542372,3.954802259887006,7.062146892655368,88.98305084745762,5.367231638418079,83.61581920903954
E00071494,508,103,52,51,405,29,376,20.275590551181104,10.236220472440944,10.039370078740157,79.7244094488189,5.708661417322835,74.01574803149606
E00071496,512,122,61,61,390,28,362,23.828125,11.9140625,11.9140625,76.171875,5.46875,70.703125
E00071497,295,70,35,35,225,16,209,23.728813559322035,11.864406779661017,11.864406779661017,76.27118644067797,5.423728813559322,70.84745762711864
E00071498,344,80,32,48,264,21,243,23.25581395348837,9.30232558139535,13.953488372093023,76.74418604651163,6.104651162790697,70.63953488372093
E00071499,368,80,34,46,288,20,268,21.73913043478261,9.239130434782608,12.5,78.26086956521739,5.434782608695652,72.82608695652173
E00071500,310,43,10,33,267,22,245,13.870967741935484,3.225806451612903,10.64516129032258,86.12903225806451,7.096774193548387,79.03225806451613
E00071501,315,55,17,38,260,25,235,17.46031746031746,5.396825396825397,12.063492063492063,82.53968253968253,7.936507936507936,74.60317460317461
E00071502,260,45,14,31,215,17,198,17.307692307692307,5.384615384615385,11.923076923076923,82.6923076923077,6.538461538461539,76.15384615384615
E00071503,458,124,42,82,334,24,310,27.074235807860266,9.170305676855897,17.903930131004365,72.92576419213974,5.240174672489083,67.68558951965066
E00071504,483,98,45,53,385,28,357,20.28985507246377,9.316770186335404,10.973084886128365,79.71014492753623,5.797101449275362,73.91304347826086
E00071505,185,81,45,36,104,16,88,43.78378378378379,24.324324324324326,19.45945945945946,56.21621621621622,8.64864864864865,47.56756756756757
E00071506,257,95,44,51,162,11,151,36.964980544747085,17.120622568093385,19.844357976653697,63.035019455252915,4.280155642023346,58.754863813229576
E00071507,275,70,38,32,205,21,184,25.454545454545453,13.818181818181818,11.636363636363637,74.54545454545455,7.636363636363637,66.9090909090909
E00071508,235,71,32,39,164,7,157,30.21276595744681,13.617021276595745,16.595744680851062,69.7872340425532,2.9787234042553195,66.80851063829788
E00071509,206,57,26,31,149,17,132,27.669902912621357,12.62135922330097,15.048543689320388,72.33009708737865,8.25242718446602,64.07766990291263
E00071510,203,73,35,38,130,13,117,35.960591133004925,17.24137931034483,18.7192118226601,64.03940886699507,6.403940886699508,57.635467980295566
E00071511,145,63,39,24,82,12,70,43.44827586206896,26.89655172413793,16.551724137931036,56.55172413793104,8.275862068965518,48.275862068965516
E00071512,293,62,22,40,231,25,206,21.160409556313994,7.508532423208192,13.651877133105803,78.839590443686,8.532423208191126,70.30716723549489
E00071513,251,69,38,31,182,14,168,27.490039840637447,15.139442231075698,12.350597609561753,72.50996015936255,5.577689243027888,66.93227091633466
E00071514,259,62,34,28,197,20,177,23.93822393822394,13.127413127413126,10.81081081081081,76.06177606177607,7.722007722007722,68.33976833976834
E00071515,245,63,35,28,182,16,166,25.71428571428571,14.285714285714285,11.428571428571429,74.28571428571429,6.530612244897959,67.75510204081633
E00071516,351,61,27,34,290,35,255,17.37891737891738,7.6923076923076925,9.686609686609685,82.62108262108262,9.971509971509972,72.64957264957265
E00071517,336,69,45,24,267,19,248,20.535714285714285,13.392857142857142,7.142857142857142,79.46428571428571,5.654761904761905,73.80952380952381
E00071518,261,52,19,33,209,24,185,19.923371647509576,7.2796934865900385,12.643678160919542,80.07662835249042,9.195402298850574,70.88122605363985
E00071519,304,42,9,33,262,38,224,13.815789473684212,2.9605263157894735,10.855263157894738,86.18421052631578,12.5,73.68421052631578
E00071520,324,82,48,34,242,22,220,25.308641975308642,14.814814814814813,10.493827160493826,74.69135802469135,6.790123456790123,67.90123456790124
E00071521,325,80,41,39,245,20,225,24.615384615384617,12.615384615384615,12,75.38461538461539,6.153846153846154,69.23076923076923
E00071522,308,61,22,39,247,21,226,19.805194805194805,7.142857142857142,12.662337662337661,80.1948051948052,6.8181818181818175,73.37662337662337
E00071523,320,78,32,46,242,14,228,24.375,10,14.374999999999998,75.625,4.375,71.25
E00071524,391,96,50,46,295,15,280,24.55242966751918,12.787723785166241,11.76470588235294,75.44757033248082,3.8363171355498724,71.61125319693095
E00071526,312,60,22,38,252,18,234,19.230769230769234,7.051282051282051,12.179487179487179,80.76923076923077,5.769230769230769,75
E00071527,371,132,68,64,239,11,228,35.57951482479784,18.328840970350406,17.25067385444744,64.42048517520216,2.964959568733154,61.45552560646901
E00071528,322,98,52,46,224,12,212,30.434782608695656,16.149068322981368,14.285714285714285,69.56521739130434,3.7267080745341614,65.83850931677019
E00071529,313,89,42,47,224,11,213,28.434504792332266,13.418530351437699,15.015974440894569,71.56549520766772,3.5143769968051117,68.05111821086261
E00071530,393,99,58,41,294,18,276,25.190839694656486,14.75826972010178,10.432569974554708,74.80916030534351,4.580152671755725,70.22900763358778
E00071531,290,75,37,38,215,20,195,25.862068965517242,12.758620689655173,13.10344827586207,74.13793103448276,6.896551724137931,67.24137931034483
E00071532,309,55,29,26,254,19,235,17.79935275080906,9.385113268608414,8.414239482200648,82.20064724919094,6.148867313915858,76.05177993527508
E00071533,283,75,35,40,208,24,184,26.501766784452297,12.36749116607774,14.13427561837456,73.4982332155477,8.480565371024735,65.01766784452296
E00071534,286,91,45,46,195,9,186,31.818181818181817,15.734265734265735,16.083916083916083,68.18181818181817,3.146853146853147,65.03496503496503
E00071535,256,44,17,27,212,18,194,17.1875,6.640625,10.546875,82.8125,7.03125,75.78125
E00071536,291,55,22,33,236,16,220,18.900343642611684,7.560137457044673,11.34020618556701,81.09965635738831,5.498281786941581,75.60137457044674
E00071537,351,89,37,52,262,29,233,25.356125356125357,10.541310541310542,14.814814814814813,74.64387464387464,8.262108262108262,66.38176638176638
E00071538,396,96,59,37,300,22,278,24.242424242424242,14.898989898989898,9.343434343434344,75.75757575757575,5.555555555555555,70.2020202020202
E00071539,301,39,13,26,262,39,223,12.956810631229235,4.318936877076411,8.637873754152823,87.04318936877077,12.956810631229235,74.08637873754152
E00071540,322,29,8,21,293,24,269,9.006211180124224,2.484472049689441,6.521739130434782,90.99378881987577,7.453416149068323,83.54037267080744
E00071541,340,60,28,32,280,17,263,17.647058823529413,8.235294117647058,9.411764705882353,82.35294117647058,5,77.3529411764706
E00071542,275,29,5,24,246,23,223,10.545454545454545,1.8181818181818181,8.727272727272728,89.45454545454545,8.363636363636363,81.0909090909091
E00071543,340,44,15,29,296,26,270,12.941176470588237,4.411764705882353,8.529411764705882,87.05882352941177,7.647058823529412,79.41176470588235
E00071544,337,79,27,52,258,11,247,23.44213649851632,8.011869436201781,15.43026706231454,76.55786350148368,3.2640949554896146,73.29376854599407
E00071545,312,54,17,37,258,16,242,17.307692307692307,5.448717948717949,11.858974358974358,82.6923076923077,5.128205128205128,77.56410256410257
E00071547,239,61,32,29,178,20,158,25.523012552301257,13.389121338912133,12.133891213389122,74.47698744769873,8.368200836820083,66.10878661087865
E00071548,343,68,34,34,275,19,256,19.825072886297377,9.912536443148689,9.912536443148689,80.17492711370262,5.539358600583091,74.63556851311954
E00071549,270,55,18,37,215,24,191,20.37037037037037,6.666666666666667,13.703703703703704,79.62962962962963,8.88888888888889,70.74074074074073
E00071550,302,56,24,32,246,30,216,18.543046357615893,7.9470198675496695,10.596026490066226,81.45695364238411,9.933774834437086,71.52317880794702
E00071551,261,55,21,34,206,19,187,21.0727969348659,8.045977011494253,13.026819923371647,78.9272030651341,7.2796934865900385,71.64750957854406
E00071552,384,63,31,32,321,25,296,16.40625,8.072916666666668,8.333333333333332,83.59375,6.510416666666667,77.08333333333334
E00071553,532,46,15,31,486,37,449,8.646616541353383,2.819548872180451,5.827067669172932,91.35338345864662,6.954887218045112,84.3984962406015
E00071554,365,49,20,29,316,14,302,13.424657534246576,5.47945205479452,7.9452054794520555,86.57534246575342,3.8356164383561646,82.73972602739727
E00071555,298,56,22,34,242,23,219,18.79194630872483,7.38255033557047,11.409395973154362,81.20805369127517,7.718120805369128,73.48993288590604
E00071557,314,28,8,20,286,38,248,8.9171974522293,2.547770700636943,6.369426751592357,91.0828025477707,12.101910828025478,78.98089171974523
E00071558,294,58,22,36,236,19,217,19.727891156462583,7.482993197278912,12.244897959183673,80.27210884353741,6.462585034013606,73.80952380952381
E00071559,284,66,19,47,218,23,195,23.239436619718308,6.690140845070422,16.549295774647888,76.76056338028168,8.098591549295776,68.66197183098592
E00071560,324,60,25,35,264,24,240,18.51851851851852,7.716049382716049,10.802469135802468,81.48148148148148,7.4074074074074066,74.07407407407408
E00071561,254,68,29,39,186,18,168,26.77165354330709,11.41732283464567,15.354330708661418,73.22834645669292,7.086614173228346,66.14173228346458
E00071562,294,48,18,30,246,24,222,16.3265306122449,6.122448979591836,10.204081632653061,83.6734693877551,8.16326530612245,75.51020408163265
E00071563,450,62,21,41,388,47,341,13.777777777777779,4.666666666666667,9.11111111111111,86.22222222222223,10.444444444444445,75.77777777777777
E00071564,275,60,21,39,215,37,178,21.818181818181817,7.636363636363637,14.181818181818182,78.18181818181819,13.454545454545455,64.72727272727272
E00071565,263,64,27,37,199,24,175,24.334600760456272,10.26615969581749,14.068441064638785,75.66539923954373,9.125475285171103,66.53992395437263
E00071566,423,80,41,39,343,34,309,18.912529550827422,9.692671394799055,9.219858156028367,81.08747044917257,8.037825059101655,73.04964539007092
E00071567,389,66,23,43,323,38,285,16.966580976863753,5.912596401028278,11.053984575835475,83.03341902313625,9.768637532133676,73.26478149100257
E00071568,329,90,34,56,239,27,212,27.35562310030395,10.33434650455927,17.02127659574468,72.64437689969606,8.206686930091186,64.43768996960486
E00071569,293,49,19,30,244,32,212,16.723549488054605,6.484641638225256,10.238907849829351,83.27645051194538,10.921501706484642,72.35494880546075
E00071570,486,75,27,48,411,37,374,15.432098765432098,5.555555555555555,9.876543209876543,84.5679012345679,7.613168724279835,76.95473251028807
E00071571,511,108,54,54,403,48,355,21.135029354207436,10.567514677103718,10.567514677103718,78.86497064579257,9.393346379647749,69.47162426614481
E00071572,266,87,38,49,179,22,157,32.70676691729324,14.285714285714285,18.421052631578945,67.29323308270678,8.270676691729323,59.02255639097744
E00071573,287,45,16,29,242,22,220,15.6794425087108,5.574912891986063,10.104529616724738,84.3205574912892,7.665505226480835,76.65505226480836
E00071574,332,48,8,40,284,25,259,14.457831325301203,2.4096385542168677,12.048192771084338,85.54216867469879,7.530120481927711,78.01204819277109
E00071575,129,23,9,14,106,11,95,17.829457364341085,6.976744186046512,10.852713178294573,82.17054263565892,8.527131782945736,73.64341085271317
E00071576,474,80,27,53,394,41,353,16.877637130801688,5.69620253164557,11.181434599156118,83.12236286919831,8.649789029535865,74.47257383966245
E00071577,294,49,20,29,245,15,230,16.666666666666664,6.802721088435375,9.863945578231291,83.33333333333334,5.1020408163265305,78.2312925170068
E00071578,305,68,28,40,237,28,209,22.295081967213115,9.180327868852459,13.114754098360656,77.70491803278688,9.180327868852459,68.52459016393443
E00071579,583,85,31,54,498,54,444,14.57975986277873,5.317324185248713,9.262435677530018,85.42024013722127,9.262435677530018,76.15780445969125
E00071580,275,54,21,33,221,21,200,19.636363636363637,7.636363636363637,12,80.36363636363636,7.636363636363637,72.72727272727273
E00071581,256,64,38,26,192,19,173,25,14.84375,10.15625,75,7.421875,67.578125
E00071582,488,62,21,41,426,34,392,12.704918032786885,4.30327868852459,8.401639344262295,87.29508196721312,6.967213114754098,80.32786885245902
E00071583,335,101,52,49,234,31,203,30.149253731343283,15.522388059701491,14.626865671641792,69.85074626865672,9.253731343283581,60.59701492537314
E00071584,263,50,18,32,213,14,199,19.011406844106464,6.844106463878327,12.167300380228136,80.98859315589354,5.323193916349809,75.66539923954373
E00071586,227,58,19,39,169,23,146,25.55066079295154,8.370044052863436,17.180616740088105,74.44933920704845,10.13215859030837,64.31718061674009
E00071587,231,49,18,31,182,18,164,21.21212121212121,7.792207792207792,13.41991341991342,78.78787878787878,7.792207792207792,70.995670995671
E00071588,362,74,24,50,288,31,257,20.441988950276244,6.629834254143646,13.812154696132598,79.55801104972376,8.56353591160221,70.99447513812154
E00071590,258,57,25,32,201,14,187,22.093023255813954,9.689922480620156,12.4031007751938,77.90697674418605,5.426356589147287,72.48062015503875
E00071591,239,74,33,41,165,17,148,30.962343096234306,13.807531380753138,17.154811715481173,69.0376569037657,7.112970711297072,61.92468619246861
E00071592,292,68,31,37,224,19,205,23.28767123287671,10.616438356164384,12.67123287671233,76.71232876712328,6.506849315068493,70.2054794520548
E00071593,288,49,15,34,239,21,218,17.01388888888889,5.208333333333334,11.805555555555555,82.98611111111111,7.291666666666667,75.69444444444444
E00071594,243,54,23,31,189,21,168,22.22222222222222,9.465020576131687,12.757201646090536,77.77777777777779,8.641975308641975,69.1358024691358
E00071595,341,92,46,46,249,21,228,26.97947214076246,13.48973607038123,13.48973607038123,73.02052785923753,6.158357771260997,66.86217008797654
E00071596,265,57,19,38,208,14,194,21.50943396226415,7.169811320754717,14.339622641509434,78.49056603773586,5.283018867924529,73.20754716981132
E00071597,252,37,16,21,215,22,193,14.682539682539684,6.349206349206349,8.333333333333332,85.31746031746032,8.73015873015873,76.5873015873016
E00071598,256,50,20,30,206,17,189,19.53125,7.8125,11.71875,80.46875,6.640625,73.828125
E00071599,267,52,16,36,215,16,199,19.475655430711612,5.992509363295881,13.48314606741573,80.52434456928839,5.992509363295881,74.53183520599251
E00071600,330,61,24,37,269,23,246,18.484848484848484,7.2727272727272725,11.212121212121213,81.51515151515152,6.969696969696971,74.54545454545455
E00071601,255,55,26,29,200,14,186,21.568627450980394,10.196078431372548,11.372549019607844,78.43137254901961,5.490196078431373,72.94117647058823
E00071602,286,110,60,50,176,15,161,38.46153846153847,20.97902097902098,17.482517482517483,61.53846153846154,5.244755244755245,56.29370629370629
E00071604,294,112,78,34,182,26,156,38.095238095238095,26.53061224489796,11.564625850340136,61.904761904761905,8.843537414965986,53.06122448979592
E00071606,286,45,17,28,241,14,227,15.734265734265735,5.944055944055944,9.79020979020979,84.26573426573427,4.895104895104895,79.37062937062937
E00071607,521,38,9,29,483,49,434,7.293666026871401,1.727447216890595,5.566218809980806,92.7063339731286,9.404990403071018,83.30134357005758
E00071608,310,38,15,23,272,23,249,12.258064516129032,4.838709677419355,7.419354838709677,87.74193548387098,7.419354838709677,80.3225806451613
E00071609,337,50,17,33,287,25,262,14.836795252225517,5.044510385756676,9.792284866468842,85.16320474777447,7.418397626112759,77.74480712166172
E00071611,338,47,12,35,291,15,276,13.905325443786982,3.5502958579881656,10.355029585798817,86.09467455621301,4.437869822485207,81.65680473372781
E00071612,279,46,17,29,233,8,225,16.48745519713262,6.093189964157706,10.39426523297491,83.51254480286738,2.867383512544803,80.64516129032258
E00071613,338,31,9,22,307,22,285,9.171597633136095,2.6627218934911245,6.508875739644971,90.8284023668639,6.508875739644971,84.31952662721893
E00071614,609,67,27,40,542,41,501,11.001642036124796,4.433497536945813,6.568144499178982,88.99835796387521,6.732348111658457,82.26600985221675
E00071615,265,50,16,34,215,22,193,18.867924528301888,6.037735849056604,12.830188679245284,81.13207547169812,8.30188679245283,72.83018867924528
E00071616,462,73,24,49,389,22,367,15.800865800865802,5.194805194805195,10.606060606060606,84.19913419913419,4.761904761904762,79.43722943722943
E00071617,319,47,18,29,272,30,242,14.733542319749215,5.6426332288401255,9.090909090909092,85.26645768025078,9.404388714733543,75.86206896551724
E00071618,613,45,12,33,568,44,524,7.3409461663947795,1.957585644371941,5.383360522022838,92.65905383360521,7.177814029363784,85.48123980424144
E00071620,346,61,23,38,285,27,258,17.63005780346821,6.6473988439306355,10.982658959537572,82.36994219653178,7.803468208092486,74.56647398843931
E00071621,241,37,17,20,204,23,181,15.352697095435685,7.053941908713693,8.29875518672199,84.64730290456431,9.54356846473029,75.10373443983403
E00071622,278,71,31,40,207,20,187,25.539568345323744,11.151079136690647,14.388489208633093,74.46043165467626,7.1942446043165464,67.26618705035972
E00071623,282,81,44,37,201,15,186,28.723404255319153,15.602836879432624,13.120567375886525,71.27659574468085,5.319148936170213,65.95744680851064
E00071624,266,93,35,58,173,11,162,34.962406015037594,13.157894736842104,21.804511278195488,65.0375939849624,4.135338345864661,60.902255639097746
E00071625,294,50,22,28,244,33,211,17.006802721088434,7.482993197278912,9.523809523809524,82.99319727891157,11.224489795918368,71.7687074829932
E00071626,243,64,26,38,179,15,164,26.337448559670783,10.699588477366255,15.637860082304528,73.66255144032921,6.172839506172839,67.48971193415639
E00071627,260,78,49,29,182,17,165,30,18.846153846153847,11.153846153846155,70,6.538461538461539,63.46153846153846
E00071628,306,80,39,41,226,14,212,26.143790849673206,12.745098039215685,13.398692810457517,73.8562091503268,4.57516339869281,69.28104575163398
E00071629,206,65,38,27,141,12,129,31.55339805825243,18.446601941747574,13.106796116504855,68.44660194174757,5.825242718446602,62.62135922330098
E00071630,272,60,23,37,212,13,199,22.058823529411764,8.455882352941178,13.602941176470587,77.94117647058823,4.779411764705882,73.16176470588235
E00071631,278,64,28,36,214,13,201,23.021582733812952,10.071942446043165,12.949640287769784,76.97841726618705,4.676258992805756,72.3021582733813
E00071632,295,46,24,22,249,33,216,15.593220338983052,8.135593220338983,7.457627118644068,84.40677966101696,11.186440677966102,73.22033898305085
E00071633,304,25,7,18,279,37,242,8.223684210526317,2.302631578947368,5.921052631578947,91.77631578947368,12.171052631578947,79.60526315789474
E00071634,522,62,14,48,460,53,407,11.877394636015326,2.681992337164751,9.195402298850574,88.12260536398468,10.153256704980842,77.96934865900383
E00071635,303,77,34,43,226,37,189,25.412541254125415,11.221122112211221,14.19141914191419,74.58745874587459,12.211221122112212,62.37623762376238
E00071636,303,37,13,24,266,25,241,12.211221122112212,4.29042904290429,7.920792079207921,87.78877887788778,8.25082508250825,79.53795379537954
E00071637,311,64,31,33,247,25,222,20.578778135048232,9.967845659163988,10.610932475884244,79.42122186495176,8.038585209003216,71.38263665594855
E00071638,290,86,35,51,204,14,190,29.655172413793103,12.068965517241379,17.586206896551722,70.34482758620689,4.827586206896552,65.51724137931035
E00071639,249,65,37,28,184,20,164,26.104417670682732,14.859437751004014,11.244979919678714,73.89558232931726,8.032128514056225,65.86345381526104
E00071640,246,42,21,21,204,27,177,17.073170731707318,8.536585365853659,8.536585365853659,82.92682926829268,10.975609756097562,71.95121951219512
E00071641,269,31,14,17,238,18,220,11.524163568773234,5.204460966542751,6.319702602230483,88.47583643122677,6.691449814126393,81.78438661710037
E00071642,263,46,23,23,217,22,195,17.490494296577946,8.745247148288973,8.745247148288973,82.50950570342205,8.365019011406844,74.1444866920152
E00071643,264,60,22,38,204,26,178,22.727272727272727,8.333333333333332,14.393939393939394,77.27272727272727,9.848484848484848,67.42424242424242
E00071644,331,43,11,32,288,24,264,12.990936555891238,3.3232628398791544,9.667673716012084,87.00906344410876,7.250755287009064,79.7583081570997
E00071645,323,50,23,27,273,29,244,15.479876160990713,7.120743034055728,8.359133126934983,84.52012383900929,8.978328173374612,75.54179566563467
E00071646,328,42,10,32,286,37,249,12.804878048780488,3.048780487804878,9.75609756097561,87.1951219512195,11.28048780487805,75.91463414634147
E00071647,337,54,20,34,283,27,256,16.023738872403563,5.934718100890208,10.089020771513352,83.97626112759644,8.011869436201781,75.96439169139467
E00071648,273,53,25,28,220,23,197,19.413919413919416,9.157509157509157,10.256410256410255,80.58608058608058,8.424908424908425,72.16117216117216
E00071649,288,51,27,24,237,22,215,17.708333333333336,9.375,8.333333333333332,82.29166666666666,7.638888888888889,74.65277777777779
E00071650,308,38,12,26,270,19,251,12.337662337662337,3.896103896103896,8.441558441558442,87.66233766233766,6.1688311688311686,81.4935064935065
E00071651,256,40,14,26,216,11,205,15.625,5.46875,10.15625,84.375,4.296875,80.078125
E00071652,358,60,17,43,298,18,280,16.75977653631285,4.748603351955307,12.011173184357542,83.24022346368714,5.027932960893855,78.2122905027933
E00071653,299,53,17,36,246,16,230,17.725752508361204,5.68561872909699,12.040133779264215,82.2742474916388,5.351170568561873,76.92307692307693
E00071654,339,75,37,38,264,16,248,22.123893805309734,10.914454277286136,11.209439528023598,77.87610619469027,4.71976401179941,73.15634218289085
E00071655,333,70,32,38,263,22,241,21.02102102102102,9.60960960960961,11.411411411411411,78.97897897897897,6.606606606606606,72.37237237237237
E00071656,388,94,35,59,294,20,274,24.22680412371134,9.02061855670103,15.206185567010309,75.77319587628865,5.154639175257731,70.61855670103093
E00071657,406,83,33,50,323,24,299,20.44334975369458,8.12807881773399,12.31527093596059,79.55665024630541,5.911330049261084,73.64532019704434
E00071658,265,54,24,30,211,15,196,20.37735849056604,9.056603773584905,11.320754716981133,79.62264150943396,5.660377358490567,73.9622641509434
E00071659,286,63,32,31,223,24,199,22.02797202797203,11.188811188811188,10.839160839160838,77.97202797202797,8.391608391608392,69.58041958041959
E00071660,279,40,13,27,239,17,222,14.336917562724013,4.659498207885305,9.67741935483871,85.66308243727599,6.093189964157706,79.56989247311827
E00071661,298,65,24,41,233,10,223,21.812080536912752,8.053691275167784,13.758389261744966,78.18791946308725,3.3557046979865772,74.83221476510067
E00071662,276,31,11,20,245,9,236,11.231884057971014,3.985507246376811,7.246376811594203,88.76811594202898,3.260869565217391,85.5072463768116
E00071663,295,62,27,35,233,13,220,21.01694915254237,9.152542372881356,11.864406779661017,78.98305084745762,4.406779661016949,74.57627118644068
E00071664,316,63,37,26,253,20,233,19.936708860759495,11.708860759493671,8.227848101265822,80.0632911392405,6.329113924050633,73.73417721518987
E00071665,305,38,16,22,267,14,253,12.459016393442624,5.245901639344262,7.213114754098362,87.54098360655738,4.590163934426229,82.95081967213115
E00071666,490,84,39,45,406,27,379,17.142857142857142,7.959183673469387,9.183673469387756,82.85714285714286,5.510204081632653,77.3469387755102
E00071667,279,60,37,23,219,19,200,21.50537634408602,13.261648745519713,8.24372759856631,78.49462365591397,6.810035842293908,71.68458781362007
E00071668,355,63,31,32,292,16,276,17.74647887323944,8.732394366197182,9.014084507042254,82.25352112676056,4.507042253521127,77.74647887323944
E00071669,342,75,35,40,267,14,253,21.929824561403507,10.23391812865497,11.695906432748536,78.0701754385965,4.093567251461988,73.9766081871345
E00071670,306,89,48,41,217,16,201,29.08496732026144,15.686274509803921,13.398692810457517,70.91503267973856,5.228758169934641,65.68627450980392
E00071671,332,65,34,31,267,19,248,19.57831325301205,10.240963855421686,9.33734939759036,80.42168674698796,5.72289156626506,74.69879518072288
E00071672,335,70,32,38,265,25,240,20.8955223880597,9.55223880597015,11.343283582089553,79.1044776119403,7.462686567164178,71.64179104477611
E00071673,256,70,32,38,186,13,173,27.34375,12.5,14.84375,72.65625,5.078125,67.578125
E00071674,270,86,41,45,184,12,172,31.851851851851855,15.185185185185185,16.666666666666664,68.14814814814815,4.444444444444445,63.70370370370371
E00071675,420,56,23,33,364,24,340,13.333333333333334,5.476190476190476,7.857142857142857,86.66666666666667,5.714285714285714,80.95238095238095
E00071676,386,95,49,46,291,16,275,24.61139896373057,12.694300518134716,11.917098445595855,75.38860103626943,4.145077720207254,71.24352331606218
E00071677,315,70,30,40,245,10,235,22.22222222222222,9.523809523809524,12.698412698412698,77.77777777777779,3.1746031746031744,74.60317460317461
E00071678,345,51,21,30,294,28,266,14.782608695652174,6.086956521739131,8.695652173913043,85.21739130434783,8.115942028985506,77.10144927536233
E00071680,534,112,50,62,422,15,407,20.973782771535582,9.363295880149813,11.610486891385769,79.02621722846442,2.8089887640449436,76.21722846441948
E00071681,351,74,36,38,277,24,253,21.082621082621085,10.256410256410255,10.826210826210826,78.91737891737893,6.837606837606838,72.07977207977207
E00071682,428,108,39,69,320,21,299,25.233644859813083,9.11214953271028,16.121495327102803,74.76635514018692,4.906542056074766,69.85981308411215
E00071684,377,100,48,52,277,17,260,26.525198938992045,12.73209549071618,13.793103448275861,73.47480106100795,4.509283819628647,68.96551724137932
E00071685,302,43,19,24,259,13,246,14.23841059602649,6.291390728476822,7.9470198675496695,85.76158940397352,4.304635761589404,81.45695364238411
E00071686,338,85,39,46,253,12,241,25.14792899408284,11.538461538461538,13.609467455621301,74.85207100591717,3.5502958579881656,71.30177514792899
E00071687,330,64,30,34,266,17,249,19.393939393939394,9.090909090909092,10.303030303030303,80.60606060606061,5.151515151515151,75.45454545454545
E00071688,253,63,30,33,190,13,177,24.90118577075099,11.857707509881422,13.043478260869565,75.09881422924902,5.138339920948617,69.96047430830039
E00071689,364,95,43,52,269,9,260,26.098901098901102,11.813186813186812,14.285714285714285,73.9010989010989,2.4725274725274726,71.42857142857143
E00071690,257,80,35,45,177,17,160,31.1284046692607,13.618677042801556,17.509727626459142,68.8715953307393,6.614785992217899,62.2568093385214
E00071691,372,111,49,62,261,16,245,29.838709677419356,13.172043010752688,16.666666666666664,70.16129032258065,4.301075268817205,65.86021505376344
E00071692,503,87,41,46,416,32,384,17.296222664015904,8.151093439363818,9.145129224652088,82.7037773359841,6.36182902584493,76.34194831013916
E00071693,320,81,31,50,239,14,225,25.3125,9.6875,15.625,74.6875,4.375,70.3125
E00071694,326,85,45,40,241,26,215,26.07361963190184,13.803680981595093,12.269938650306749,73.92638036809815,7.975460122699387,65.95092024539878
E00071695,375,102,46,56,273,17,256,27.200000000000003,12.266666666666666,14.933333333333335,72.8,4.533333333333333,68.26666666666667
E00071697,245,58,31,27,187,14,173,23.6734693877551,12.653061224489795,11.020408163265307,76.32653061224491,5.714285714285714,70.61224489795919
E00071698,315,70,38,32,245,13,232,22.22222222222222,12.063492063492063,10.158730158730158,77.77777777777779,4.1269841269841265,73.65079365079366
E00071699,371,65,20,45,306,26,280,17.52021563342318,5.3908355795148255,12.129380053908356,82.47978436657682,7.008086253369273,75.47169811320755
E00071701,283,66,23,43,217,26,191,23.32155477031802,8.12720848056537,15.19434628975265,76.67844522968198,9.187279151943462,67.49116607773851
E00071702,272,57,28,29,215,19,196,20.955882352941178,10.294117647058822,10.661764705882353,79.04411764705883,6.985294117647059,72.05882352941177
E00071703,343,71,21,50,272,23,249,20.699708454810494,6.122448979591836,14.577259475218659,79.30029154518951,6.705539358600583,72.59475218658892
E00071704,271,63,23,40,208,13,195,23.247232472324722,8.487084870848708,14.760147601476014,76.75276752767527,4.797047970479705,71.95571955719558
E00071705,524,60,26,34,464,50,414,11.450381679389313,4.961832061068702,6.488549618320611,88.54961832061069,9.541984732824428,79.00763358778626
E00071706,289,46,21,25,243,15,228,15.916955017301039,7.26643598615917,8.650519031141869,84.08304498269896,5.190311418685121,78.89273356401384
E00071707,309,48,19,29,261,29,232,15.53398058252427,6.148867313915858,9.385113268608414,84.46601941747572,9.385113268608414,75.08090614886731
E00071709,310,50,18,32,260,17,243,16.129032258064516,5.806451612903226,10.32258064516129,83.87096774193549,5.483870967741936,78.38709677419354
E00071710,320,35,12,23,285,24,261,10.9375,3.75,7.187499999999999,89.0625,7.5,81.5625
E00071711,423,65,23,42,358,34,324,15.36643026004728,5.4373522458628845,9.929078014184398,84.63356973995272,8.037825059101655,76.59574468085107
E00071712,465,48,24,24,417,35,382,10.32258064516129,5.161290322580645,5.161290322580645,89.6774193548387,7.526881720430108,82.15053763440861
E00071713,308,60,27,33,248,24,224,19.480519480519483,8.766233766233766,10.714285714285714,80.51948051948052,7.792207792207792,72.72727272727273
E00071714,356,81,28,53,275,24,251,22.752808988764045,7.865168539325842,14.887640449438203,77.24719101123596,6.741573033707865,70.50561797752809
E00071715,237,66,29,37,171,21,150,27.848101265822784,12.236286919831224,15.611814345991561,72.15189873417721,8.860759493670885,63.29113924050633
E00071716,256,66,32,34,190,9,181,25.78125,12.5,13.28125,74.21875,3.515625,70.703125
E00071717,434,98,46,52,336,32,304,22.58064516129032,10.599078341013826,11.981566820276496,77.41935483870968,7.373271889400922,70.04608294930875
E00071718,248,63,27,36,185,23,162,25.403225806451612,10.887096774193548,14.516129032258066,74.59677419354838,9.274193548387096,65.32258064516128
E00071719,355,60,33,27,295,20,275,16.901408450704224,9.295774647887324,7.605633802816901,83.09859154929578,5.633802816901409,77.46478873239437
E00071720,366,60,23,37,306,22,284,16.39344262295082,6.284153005464481,10.10928961748634,83.60655737704919,6.0109289617486334,77.59562841530054
E00071721,206,59,23,36,147,13,134,28.640776699029125,11.165048543689322,17.475728155339805,71.35922330097088,6.310679611650485,65.0485436893204
E00071722,284,54,25,29,230,15,215,19.014084507042252,8.80281690140845,10.211267605633804,80.98591549295774,5.28169014084507,75.70422535211267
E00071723,291,43,19,24,248,18,230,14.776632302405499,6.529209621993128,8.24742268041237,85.2233676975945,6.185567010309279,79.03780068728523
E00071724,238,80,45,35,158,16,142,33.61344537815126,18.907563025210084,14.705882352941178,66.38655462184873,6.722689075630252,59.66386554621849
E00071725,310,63,26,37,247,20,227,20.32258064516129,8.38709677419355,11.935483870967742,79.6774193548387,6.451612903225806,73.22580645161291
E00071726,286,52,24,28,234,12,222,18.181818181818183,8.391608391608392,9.79020979020979,81.81818181818183,4.195804195804196,77.62237762237763
E00071727,369,81,38,43,288,25,263,21.951219512195124,10.29810298102981,11.653116531165312,78.04878048780488,6.775067750677506,71.27371273712737
E00071728,270,58,25,33,212,15,197,21.48148148148148,9.25925925925926,12.222222222222221,78.51851851851852,5.555555555555555,72.96296296296296
E00071729,297,88,47,41,209,19,190,29.629629629629626,15.824915824915825,13.804713804713806,70.37037037037037,6.397306397306397,63.97306397306397
E00071730,308,55,20,35,253,26,227,17.857142857142858,6.493506493506493,11.363636363636363,82.14285714285714,8.441558441558442,73.7012987012987
E00071731,366,80,33,47,286,23,263,21.85792349726776,9.01639344262295,12.841530054644808,78.14207650273224,6.284153005464481,71.85792349726776
E00071732,446,79,37,42,367,24,343,17.713004484304935,8.295964125560538,9.417040358744394,82.28699551569507,5.381165919282512,76.90582959641256
E00071733,314,43,18,25,271,15,256,13.694267515923567,5.7324840764331215,7.961783439490445,86.30573248407643,4.777070063694268,81.52866242038218
E00071734,287,74,34,40,213,15,198,25.78397212543554,11.846689895470384,13.937282229965156,74.21602787456446,5.2264808362369335,68.98954703832753
E00071735,267,56,27,29,211,15,196,20.973782771535582,10.112359550561797,10.861423220973784,79.02621722846442,5.617977528089887,73.40823970037454
E00071736,322,58,22,36,264,29,235,18.012422360248447,6.832298136645963,11.180124223602485,81.98757763975155,9.006211180124224,72.98136645962732
E00071737,275,56,21,35,219,18,201,20.363636363636363,7.636363636363637,12.727272727272727,79.63636363636364,6.545454545454546,73.0909090909091
E00173097,509,87,40,47,422,25,397,17.092337917485263,7.858546168958743,9.233791748526523,82.90766208251473,4.911591355599214,77.99607072691552
E00173099,345,82,35,47,263,16,247,23.768115942028984,10.144927536231885,13.623188405797102,76.23188405797102,4.63768115942029,71.59420289855073
E00173100,616,68,29,39,548,33,515,11.03896103896104,4.707792207792208,6.331168831168831,88.96103896103897,5.357142857142857,83.6038961038961
E00173102,353,57,27,30,296,23,273,16.147308781869686,7.64872521246459,8.498583569405099,83.85269121813032,6.515580736543909,77.33711048158641
E00173105,387,40,15,25,347,13,334,10.335917312661499,3.875968992248062,6.459948320413436,89.66408268733849,3.359173126614987,86.30490956072352
E00173111,229,48,14,34,181,16,165,20.96069868995633,6.11353711790393,14.847161572052403,79.03930131004367,6.986899563318777,72.0524017467249
E00173113,344,63,27,36,281,26,255,18.313953488372093,7.848837209302325,10.465116279069768,81.68604651162791,7.55813953488372,74.12790697674419
E00173114,201,47,24,23,154,14,140,23.383084577114428,11.940298507462686,11.442786069651742,76.61691542288557,6.965174129353234,69.65174129353234
E00173116,524,137,68,69,387,16,371,26.14503816793893,12.977099236641221,13.16793893129771,73.85496183206108,3.0534351145038165,70.80152671755725
E00173117,238,75,39,36,163,15,148,31.512605042016805,16.386554621848738,15.126050420168067,68.4873949579832,6.302521008403361,62.18487394957983
E00173119,426,111,63,48,315,27,288,26.056338028169012,14.788732394366196,11.267605633802818,73.94366197183099,6.338028169014084,67.6056338028169
E00173120,290,54,19,35,236,20,216,18.620689655172416,6.551724137931035,12.068965517241379,81.37931034482759,6.896551724137931,74.48275862068967
E00173122,344,51,21,30,293,18,275,14.825581395348838,6.104651162790697,8.720930232558139,85.17441860465115,5.232558139534884,79.94186046511628
E00173124,365,61,32,29,304,29,275,16.71232876712329,8.767123287671232,7.9452054794520555,83.28767123287672,7.9452054794520555,75.34246575342466
E00173127,300,57,34,23,243,28,215,19,11.333333333333332,7.666666666666666,81,9.333333333333334,71.66666666666667
E00173128,188,61,31,30,127,12,115,32.4468085106383,16.48936170212766,15.957446808510639,67.5531914893617,6.382978723404255,61.170212765957444
E00173132,315,65,30,35,250,26,224,20.634920634920633,9.523809523809524,11.11111111111111,79.36507936507937,8.253968253968253,71.11111111111111
E00173133,378,43,17,26,335,33,302,11.375661375661375,4.497354497354497,6.878306878306878,88.62433862433863,8.73015873015873,79.8941798941799
E00173134,159,27,11,16,132,9,123,16.9811320754717,6.918238993710692,10.062893081761008,83.01886792452831,5.660377358490567,77.35849056603774
E00173135,806,105,13,92,701,71,630,13.027295285359802,1.6129032258064515,11.41439205955335,86.9727047146402,8.808933002481389,78.16377171215882
E00173657,381,37,9,28,344,28,316,9.711286089238845,2.3622047244094486,7.349081364829396,90.28871391076116,7.349081364829396,82.93963254593176
E00187162,583,55,11,44,528,31,497,9.433962264150944,1.8867924528301887,7.547169811320755,90.56603773584906,5.317324185248713,85.24871355060034
E00187163,505,53,16,37,452,29,423,10.495049504950495,3.1683168316831685,7.326732673267326,89.50495049504951,5.742574257425743,83.76237623762376
E00187164,241,40,16,24,201,10,191,16.59751037344398,6.639004149377594,9.95850622406639,83.40248962655602,4.149377593360995,79.25311203319502
E00187165,289,19,1,18,270,24,246,6.5743944636678195,0.34602076124567477,6.228373702422145,93.42560553633218,8.304498269896193,85.12110726643598
E00187168,392,64,24,40,328,32,296,16.3265306122449,6.122448979591836,10.204081632653061,83.6734693877551,8.16326530612245,75.51020408163265
E00187171,287,52,20,32,235,17,218,18.118466898954704,6.968641114982578,11.149825783972126,81.8815331010453,5.923344947735192,75.9581881533101
E00187173,351,26,12,14,325,26,299,7.4074074074074066,3.418803418803419,3.9886039886039883,92.5925925925926,7.4074074074074066,85.18518518518519
E00187175,383,61,20,41,322,20,302,15.926892950391643,5.221932114882506,10.704960835509137,84.07310704960835,5.221932114882506,78.85117493472585
E00187176,383,63,22,41,320,37,283,16.449086161879894,5.7441253263707575,10.704960835509137,83.5509138381201,9.660574412532636,73.89033942558747
E00187177,305,30,12,18,275,26,249,9.836065573770492,3.934426229508197,5.901639344262295,90.1639344262295,8.524590163934425,81.63934426229508
E00187178,150,25,11,14,125,10,115,16.666666666666664,7.333333333333333,9.333333333333334,83.33333333333334,6.666666666666667,76.66666666666667
E00187180,359,25,4,21,334,21,313,6.963788300835655,1.1142061281337048,5.8495821727019495,93.03621169916435,5.8495821727019495,87.1866295264624
E00187182,458,53,20,33,405,28,377,11.572052401746726,4.366812227074235,7.20524017467249,88.42794759825327,6.11353711790393,82.31441048034934
E00187183,512,78,33,45,434,38,396,15.234375,6.4453125,8.7890625,84.765625,7.421875,77.34375
E00187185,511,71,29,42,440,35,405,13.894324853228962,5.6751467710371815,8.21917808219178,86.10567514677103,6.8493150684931505,79.2563600782779
E00187186,185,29,13,16,156,10,146,15.675675675675677,7.027027027027027,8.64864864864865,84.32432432432432,5.405405405405405,78.91891891891892
E00187188,139,62,38,24,77,7,70,44.60431654676259,27.33812949640288,17.26618705035971,55.39568345323741,5.0359712230215825,50.35971223021583
E00187190,520,48,16,32,472,28,444,9.230769230769232,3.076923076923077,6.153846153846154,90.76923076923077,5.384615384615385,85.38461538461539
E00187194,127,43,21,22,84,10,74,33.85826771653544,16.535433070866144,17.322834645669293,66.14173228346458,7.874015748031496,58.26771653543307
E00187197,498,79,28,51,419,31,388,15.863453815261044,5.622489959839357,10.240963855421686,84.13654618473896,6.2248995983935735,77.91164658634538
E00187198,229,39,22,17,190,9,181,17.03056768558952,9.606986899563319,7.423580786026202,82.96943231441048,3.9301310043668125,79.03930131004367
E00187202,317,63,26,37,254,14,240,19.873817034700316,8.201892744479496,11.67192429022082,80.12618296529969,4.416403785488959,75.70977917981072
E00187203,420,60,21,39,360,19,341,14.285714285714285,5,9.285714285714286,85.71428571428571,4.523809523809524,81.19047619047619
E00187204,231,8,0,8,223,16,207,3.463203463203463,0,3.463203463203463,96.53679653679653,6.926406926406926,89.6103896103896
E00187208,537,39,9,30,498,22,476,7.262569832402235,1.675977653631285,5.58659217877095,92.73743016759776,4.0968342644320295,88.64059590316573
E00187210,174,33,14,19,141,7,134,18.96551724137931,8.045977011494253,10.919540229885058,81.03448275862068,4.022988505747127,77.01149425287356
E00187211,349,40,11,29,309,15,294,11.461318051575931,3.151862464183381,8.30945558739255,88.53868194842407,4.297994269340974,84.2406876790831
E00187214,188,93,59,34,95,6,89,49.46808510638298,31.382978723404253,18.085106382978726,50.53191489361703,3.1914893617021276,47.340425531914896
E00187215,321,30,6,24,291,16,275,9.345794392523365,1.8691588785046727,7.476635514018691,90.65420560747664,4.984423676012461,85.66978193146417
E00187217,150,32,13,19,118,9,109,21.333333333333336,8.666666666666668,12.666666666666668,78.66666666666666,6,72.66666666666667
E00187219,467,102,52,50,365,22,343,21.841541755888652,11.134903640256958,10.706638115631693,78.15845824411134,4.710920770877944,73.44753747323341
E00187220,125,38,19,19,87,8,79,30.4,15.2,15.2,69.6,6.4,63.2
E00187222,508,86,39,47,422,30,392,16.92913385826772,7.677165354330709,9.251968503937007,83.07086614173228,5.905511811023622,77.16535433070865
E00187223,307,47,14,33,260,30,230,15.309446254071663,4.5602605863192185,10.749185667752444,84.69055374592834,9.77198697068404,74.9185667752443
E00187228,240,60,30,30,180,7,173,25,12.5,12.5,75,2.9166666666666665,72.08333333333333
E00187233,287,36,12,24,251,21,230,12.543554006968641,4.181184668989547,8.362369337979095,87.45644599303137,7.317073170731707,80.13937282229965
E00187234,247,37,13,24,210,13,197,14.979757085020243,5.263157894736842,9.7165991902834,85.02024291497976,5.263157894736842,79.75708502024291
E00187235,314,80,45,35,234,25,209,25.477707006369428,14.331210191082802,11.146496815286625,74.52229299363057,7.961783439490445,66.56050955414013
E00187236,408,45,15,30,363,29,334,11.029411764705882,3.6764705882352944,7.352941176470589,88.97058823529412,7.107843137254902,81.86274509803921
E00187239,576,81,37,44,495,36,459,14.0625,6.423611111111111,7.638888888888889,85.9375,6.25,79.6875
E00187242,372,36,13,23,336,34,302,9.67741935483871,3.494623655913978,6.182795698924731,90.32258064516128,9.13978494623656,81.18279569892472
E00187244,319,84,53,31,235,16,219,26.332288401253916,16.614420062695924,9.717868338557993,73.66771159874608,5.015673981191222,68.65203761755487
E00187246,255,72,27,45,183,13,170,28.235294117647058,10.588235294117647,17.647058823529413,71.76470588235294,5.098039215686274,66.66666666666666
E00187247,121,20,6,14,101,6,95,16.528925619834713,4.958677685950414,11.570247933884298,83.47107438016529,4.958677685950414,78.51239669421489
E00187248,152,24,14,10,128,0,128,15.789473684210526,9.210526315789473,6.578947368421052,84.21052631578947,0,84.21052631578947
E00187249,168,14,4,10,154,11,143,8.333333333333332,2.380952380952381,5.952380952380952,91.66666666666666,6.547619047619048,85.11904761904762
E00187252,127,22,10,12,105,8,97,17.322834645669293,7.874015748031496,9.448818897637794,82.67716535433071,6.299212598425196,76.37795275590551
E00187254,595,74,24,50,521,47,474,12.436974789915967,4.033613445378151,8.403361344537815,87.56302521008404,7.899159663865546,79.66386554621849
E00187255,133,25,8,17,108,7,101,18.796992481203006,6.015037593984962,12.781954887218044,81.203007518797,5.263157894736842,75.93984962406014
E00187257,467,80,28,52,387,28,359,17.130620985010705,5.995717344753747,11.134903640256958,82.86937901498929,5.995717344753747,76.87366167023555
E00187258,339,43,17,26,296,19,277,12.684365781710916,5.014749262536873,7.669616519174041,87.31563421828909,5.604719764011799,81.71091445427729
E00187259,290,45,20,25,245,10,235,15.517241379310345,6.896551724137931,8.620689655172415,84.48275862068965,3.4482758620689653,81.03448275862068
E00187260,328,48,19,29,280,26,254,14.634146341463413,5.7926829268292686,8.841463414634147,85.36585365853658,7.926829268292683,77.4390243902439
E00187262,344,93,61,32,251,31,220,27.03488372093023,17.732558139534884,9.30232558139535,72.96511627906976,9.011627906976743,63.95348837209303
E00187263,567,64,31,33,503,20,483,11.28747795414462,5.467372134038801,5.82010582010582,88.71252204585538,3.527336860670194,85.18518518518519
E00187264,345,77,30,47,268,29,239,22.318840579710145,8.695652173913043,13.623188405797102,77.68115942028986,8.405797101449275,69.27536231884058
E00187265,168,28,14,14,140,8,132,16.666666666666664,8.333333333333332,8.333333333333332,83.33333333333334,4.761904761904762,78.57142857142857
E00187266,331,35,9,26,296,20,276,10.574018126888216,2.719033232628399,7.854984894259818,89.42598187311178,6.042296072507553,83.38368580060424
E00187267,594,71,24,47,523,44,479,11.952861952861953,4.040404040404041,7.912457912457913,88.04713804713805,7.4074074074074066,80.63973063973064
E00187268,522,62,25,37,460,37,423,11.877394636015326,4.789272030651341,7.088122605363985,88.12260536398468,7.088122605363985,81.03448275862068
E00187272,619,81,21,60,538,57,481,13.08562197092084,3.392568659127625,9.693053311793214,86.91437802907916,9.208400646203554,77.7059773828756
E00187273,195,31,15,16,164,13,151,15.897435897435896,7.6923076923076925,8.205128205128204,84.1025641025641,6.666666666666667,77.435897435897445
E00187276,164,15,7,8,149,5,144,9.146341463414634,4.2682926829268295,4.878048780487805,90.85365853658537,3.048780487804878,87.8048780487805
E00187277,255,34,8,26,221,19,202,13.333333333333334,3.1372549019607843,10.196078431372548,86.66666666666667,7.450980392156863,79.2156862745098
E00187278,379,80,35,45,299,16,283,21.108179419525065,9.234828496042216,11.87335092348285,78.89182058047494,4.221635883905013,74.67018469656992
E00187280,165,32,17,15,133,14,119,19.393939393939394,10.303030303030303,9.090909090909092,80.60606060606061,8.484848484848486,72.12121212121212
E00187287,583,78,40,38,505,25,480,13.379073756432247,6.86106346483705,6.518010291595197,86.62092624356775,4.288164665523156,82.3327615780446
E00187290,267,22,4,18,245,15,230,8.239700374531834,1.4981273408239701,6.741573033707865,91.76029962546816,5.617977528089887,86.14232209737828
E00187293,439,62,23,39,377,30,347,14.123006833712983,5.239179954441914,8.88382687927107,85.87699316628702,6.83371298405467,79.04328018223235
E00187295,193,31,11,20,162,14,148,16.06217616580311,5.699481865284974,10.362694300518134,83.93782383419689,7.253886010362693,76.68393782383419
E00187300,326,38,11,27,288,21,267,11.65644171779141,3.374233128834356,8.282208588957054,88.34355828220859,6.441717791411043,81.90184049079755
E00187301,488,70,23,47,418,36,382,14.344262295081966,4.713114754098361,9.631147540983607,85.65573770491804,7.377049180327869,78.27868852459017
E00187302,114,26,12,14,88,4,84,22.807017543859647,10.526315789473683,12.280701754385964,77.19298245614034,3.508771929824561,73.68421052631578
E00187304,430,51,15,36,379,33,346,11.86046511627907,3.488372093023256,8.372093023255815,88.13953488372093,7.674418604651163,80.46511627906978
E00187305,255,33,9,24,222,12,210,12.941176470588237,3.5294117647058822,9.411764705882353,87.05882352941177,4.705882352941177,82.35294117647058
E00187307,588,70,25,45,518,39,479,11.904761904761903,4.2517006802721085,7.653061224489796,88.09523809523809,6.63265306122449,81.4625850340136
E00187308,226,45,21,24,181,10,171,19.911504424778762,9.29203539823009,10.619469026548673,80.08849557522124,4.424778761061947,75.66371681415929
E00187311,224,19,4,15,205,18,187,8.482142857142858,1.7857142857142856,6.696428571428571,91.51785714285714,8.035714285714286,83.48214285714286
E00187312,164,60,43,17,104,10,94,36.58536585365854,26.21951219512195,10.365853658536585,63.41463414634146,6.097560975609756,57.3170731707317
E00187313,105,52,36,16,53,7,46,49.523809523809526,34.285714285714285,15.238095238095239,50.476190476190474,6.666666666666667,43.80952380952381
E00187316,123,11,1,10,112,7,105,8.94308943089431,0.8130081300813009,8.130081300813007,91.05691056910568,5.691056910569105,85.36585365853658
E00187318,168,28,14,14,140,11,129,16.666666666666664,8.333333333333332,8.333333333333332,83.33333333333334,6.547619047619048,76.78571428571429
E00187321,155,37,11,26,118,8,110,23.870967741935484,7.096774193548387,16.7741935483871,76.12903225806451,5.161290322580645,70.96774193548387
E00187322,467,44,17,27,423,21,402,9.421841541755889,3.640256959314775,5.781584582441114,90.5781584582441,4.496788008565311,86.0813704496788
E00187324,154,20,6,14,134,10,124,12.987012987012985,3.896103896103896,9.090909090909092,87.01298701298701,6.493506493506493,80.51948051948052
E00187331,122,16,5,11,106,8,98,13.114754098360656,4.098360655737705,9.01639344262295,86.88524590163934,6.557377049180328,80.32786885245902
E00187332,526,65,22,43,461,26,435,12.357414448669202,4.182509505703422,8.17490494296578,87.6425855513308,4.942965779467681,82.69961977186313
E00187333,268,48,19,29,220,20,200,17.91044776119403,7.08955223880597,10.820895522388058,82.08955223880598,7.462686567164178,74.6268656716418
