OA,ts0590001,ts0590002,ts0590003,ts0590004,ts0590005,ts0590006,ts0590007,ts0590002_PCT,ts0590003_PCT,ts0590004_PCT,ts0590005_PCT,ts0590006_PCT,ts0590007_PCT
E00075894,149,41,15,26,108,94,14,27.516778523489933,10.06711409395973,17.449664429530202,72.48322147651007,63.08724832214765,9.395973154362416
E00075895,167,53,12,41,114,95,19,31.736526946107784,7.18562874251497,24.550898203592812,68.26347305389223,56.886227544910184,11.377245508982035
E00075896,90,39,14,25,51,42,9,43.333333333333336,15.555555555555555,27.77777777777778,56.666666666666664,46.666666666666664,10
E00075897,295,55,16,39,240,188,52,18.64406779661017,5.423728813559322,13.220338983050848,81.35593220338984,63.72881355932203,17.627118644067796
E00075898,70,27,7,20,43,36,7,38.57142857142858,10,28.57142857142857,61.42857142857143,51.42857142857142,10
E00075899,177,70,19,51,107,98,9,39.548022598870055,10.734463276836157,28.8135593220339,60.451977401129945,55.367231638418076,5.084745762711865
E00075900,182,37,5,32,145,124,21,20.32967032967033,2.7472527472527473,17.582417582417584,79.67032967032966,68.13186813186813,11.538461538461538
E00075901,129,26,9,17,103,98,5,20.155038759689923,6.976744186046512,13.178294573643413,79.84496124031007,75.96899224806202,3.875968992248062
E00075902,114,35,8,27,79,69,10,30.701754385964914,7.017543859649122,23.684210526315788,69.2982456140351,60.526315789473685,8.771929824561402
E00075903,89,23,7,16,66,60,6,25.842696629213485,7.865168539325842,17.97752808988764,74.15730337078652,67.41573033707866,6.741573033707865
E00075904,125,44,14,30,81,71,10,35.199999999999996,11.200000000000001,24,64.8,56.8,8
E00075905,127,43,10,33,84,75,9,33.85826771653544,7.874015748031496,25.984251968503933,66.14173228346458,59.055118110236215,7.086614173228346
E00075906,106,52,14,38,54,47,7,49.056603773584904,13.20754716981132,35.84905660377358,50.943396226415096,44.339622641509436,6.60377358490566
E00075907,139,39,16,23,100,86,14,28.05755395683453,11.510791366906476,16.546762589928058,71.94244604316546,61.87050359712231,10.071942446043165
E00075908,109,32,9,23,77,76,1,29.357798165137616,8.256880733944955,21.100917431192663,70.64220183486239,69.72477064220183,0.9174311926605505
E00075910,173,53,12,41,120,95,25,30.63583815028902,6.9364161849710975,23.699421965317917,69.36416184971098,54.91329479768786,14.450867052023122
E00075911,90,32,5,27,58,48,10,35.55555555555556,5.555555555555555,30,64.44444444444444,53.333333333333336,11.11111111111111
E00075912,109,34,9,25,75,65,10,31.19266055045872,8.256880733944955,22.93577981651376,68.80733944954129,59.63302752293578,9.174311926605505
E00075913,125,32,8,24,93,80,13,25.6,6.4,19.2,74.4,64,10.4
E00075914,140,38,13,25,102,83,19,27.142857142857142,9.285714285714286,17.857142857142858,72.85714285714285,59.285714285714285,13.571428571428571
E00075915,151,46,16,30,105,94,11,30.4635761589404,10.596026490066226,19.867549668874172,69.5364238410596,62.251655629139066,7.28476821192053
E00075916,130,42,13,29,88,81,7,32.30769230769231,10,22.30769230769231,67.6923076923077,62.30769230769231,5.384615384615385
E00075917,170,56,18,38,114,95,19,32.94117647058823,10.588235294117647,22.35294117647059,67.05882352941175,55.88235294117647,11.176470588235295
E00075918,112,38,18,20,74,62,12,33.92857142857143,16.071428571428573,17.857142857142858,66.07142857142857,55.35714285714286,10.714285714285714
E00075919,103,33,9,24,70,63,7,32.038834951456316,8.737864077669903,23.300970873786408,67.96116504854369,61.165048543689316,6.796116504854369
E00075920,111,41,4,37,70,60,10,36.93693693693694,3.6036036036036037,33.33333333333333,63.06306306306306,54.054054054054056,9.00900900900901
E00075921,150,33,10,23,117,96,21,22,6.666666666666667,15.333333333333332,78,64,14.000000000000002
E00075922,113,28,7,21,85,73,12,24.778761061946902,6.1946902654867255,18.58407079646018,75.22123893805309,64.60176991150442,10.619469026548673
E00075923,106,33,7,26,73,58,15,31.132075471698112,6.60377358490566,24.528301886792452,68.86792452830188,54.71698113207547,14.150943396226415
E00075924,179,56,23,33,123,103,20,31.28491620111732,12.849162011173185,18.435754189944134,68.71508379888269,57.54189944134078,11.1731843575419
E00075925,124,38,7,31,86,72,14,30.64516129032258,5.64516129032258,25,69.35483870967742,58.06451612903226,11.29032258064516
E00075926,136,47,10,37,89,75,14,34.55882352941176,7.352941176470589,27.205882352941174,65.44117647058823,55.14705882352941,10.294117647058822
E00075927,140,56,21,35,84,72,12,40,15,25,60,51.42857142857142,8.571428571428571
E00075928,95,35,4,31,60,53,7,36.84210526315789,4.2105263157894735,32.631578947368425,63.1578947368421,55.78947368421052,7.368421052631578
E00075929,126,42,13,29,84,78,6,33.33333333333333,10.317460317460316,23.015873015873016,66.66666666666666,61.904761904761905,4.761904761904762
E00075930,89,22,7,15,67,54,13,24.719101123595504,7.865168539325842,16.853932584269664,75.28089887640449,60.67415730337079,14.606741573033707
E00075931,116,41,10,31,75,66,9,35.3448275862069,8.620689655172415,26.72413793103448,64.65517241379311,56.896551724137936,7.758620689655173
E00075932,88,32,8,24,56,50,6,36.36363636363637,9.090909090909092,27.27272727272727,63.63636363636363,56.81818181818182,6.8181818181818175
E00075933,133,43,16,27,90,81,9,32.33082706766917,12.030075187969924,20.30075187969925,67.66917293233082,60.902255639097746,6.7669172932330826
E00075934,205,64,14,50,141,126,15,31.21951219512195,6.829268292682928,24.390243902439025,68.78048780487805,61.46341463414634,7.317073170731707
E00075935,161,61,12,49,100,83,17,37.88819875776397,7.453416149068323,30.434782608695656,62.11180124223602,51.5527950310559,10.559006211180124
E00075936,126,31,10,21,95,74,21,24.6031746031746,7.936507936507936,16.666666666666664,75.39682539682539,58.730158730158735,16.666666666666664
E00075937,227,65,21,44,162,146,16,28.634361233480178,9.251101321585903,19.383259911894275,71.36563876651982,64.31718061674009,7.048458149779736
E00075938,160,54,15,39,106,91,15,33.75,9.375,24.375,66.25,56.875,9.375
E00075939,158,54,27,27,104,82,22,34.177215189873415,17.088607594936708,17.088607594936708,65.82278481012658,51.89873417721519,13.924050632911392
E00075940,90,28,7,21,62,56,6,31.11111111111111,7.777777777777778,23.333333333333332,68.88888888888889,62.22222222222222,6.666666666666667
E00075941,152,40,13,27,112,99,13,26.31578947368421,8.552631578947368,17.763157894736842,73.68421052631578,65.13157894736842,8.552631578947368
E00075942,152,56,21,35,96,72,24,36.84210526315789,13.815789473684212,23.026315789473685,63.1578947368421,47.368421052631575,15.789473684210526
E00075943,158,63,27,36,95,72,23,39.87341772151899,17.088607594936708,22.78481012658228,60.12658227848101,45.56962025316456,14.556962025316455
E00075944,180,53,13,40,127,115,12,29.444444444444446,7.222222222222221,22.22222222222222,70.55555555555556,63.888888888888886,6.666666666666667
E00075945,148,54,21,33,94,78,16,36.486486486486484,14.18918918918919,22.2972972972973,63.51351351351351,52.702702702702695,10.81081081081081
E00075946,143,58,20,38,85,68,17,40.55944055944056,13.986013986013987,26.573426573426573,59.44055944055944,47.55244755244755,11.888111888111888
E00075947,135,42,20,22,93,74,19,31.11111111111111,14.814814814814813,16.296296296296298,68.88888888888889,54.81481481481482,14.074074074074074
E00075948,175,48,24,24,127,108,19,27.42857142857143,13.714285714285715,13.714285714285715,72.57142857142857,61.71428571428571,10.857142857142858
E00075949,167,54,26,28,113,96,17,32.33532934131736,15.568862275449103,16.766467065868262,67.66467065868264,57.48502994011976,10.179640718562874
E00075950,163,42,15,27,121,103,18,25.766871165644172,9.202453987730062,16.56441717791411,74.23312883435584,63.190184049079754,11.042944785276074
E00075951,162,53,17,36,109,94,15,32.71604938271605,10.493827160493826,22.22222222222222,67.28395061728395,58.0246913580247,9.25925925925926
E00075952,220,80,36,44,140,123,17,36.36363636363637,16.363636363636363,20,63.63636363636363,55.90909090909091,7.727272727272727
E00075953,181,53,19,34,128,120,8,29.2817679558011,10.497237569060774,18.784530386740332,70.71823204419888,66.29834254143645,4.41988950276243
E00075954,151,53,24,29,98,80,18,35.099337748344375,15.894039735099339,19.205298013245034,64.90066225165563,52.980132450331126,11.920529801324504
E00075955,181,59,27,32,122,104,18,32.59668508287293,14.917127071823206,17.67955801104972,67.40331491712708,57.4585635359116,9.94475138121547
E00075956,158,49,17,32,109,97,12,31.0126582278481,10.759493670886076,20.253164556962027,68.9873417721519,61.39240506329114,7.59493670886076
E00075957,144,50,15,35,94,78,16,34.72222222222222,10.416666666666668,24.305555555555554,65.27777777777779,54.166666666666664,11.11111111111111
E00075958,177,41,14,27,136,124,12,23.163841807909606,7.909604519774012,15.254237288135593,76.8361581920904,70.05649717514125,6.779661016949152
E00075959,170,38,13,25,132,104,28,22.35294117647059,7.647058823529412,14.705882352941178,77.64705882352942,61.1764705882353,16.470588235294116
E00075960,120,47,15,32,73,65,8,39.166666666666664,12.5,26.666666666666668,60.83333333333333,54.166666666666664,6.666666666666667
E00075961,125,35,12,23,90,76,14,28.000000000000004,9.6,18.4,72,60.8,11.200000000000001
E00075962,169,58,16,42,111,86,25,34.319526627218934,9.467455621301776,24.85207100591716,65.68047337278107,50.887573964497044,14.792899408284024
E00075963,147,42,16,26,105,95,10,28.57142857142857,10.884353741496598,17.687074829931973,71.42857142857143,64.62585034013605,6.802721088435375
E00075964,164,42,10,32,122,106,16,25.609756097560975,6.097560975609756,19.51219512195122,74.39024390243902,64.63414634146342,9.75609756097561
E00075965,163,63,16,47,100,88,12,38.65030674846626,9.815950920245399,28.834355828220858,61.34969325153374,53.987730061349694,7.361963190184049
E00075966,171,65,18,47,106,93,13,38.01169590643275,10.526315789473683,27.485380116959064,61.98830409356725,54.385964912280706,7.602339181286549
E00075967,186,63,19,44,123,106,17,33.87096774193548,10.21505376344086,23.655913978494624,66.12903225806451,56.98924731182796,9.13978494623656
E00075968,144,45,13,32,99,88,11,31.25,9.027777777777777,22.22222222222222,68.75,61.111111111111114,7.638888888888889
E00075969,154,64,20,44,90,79,11,41.55844155844156,12.987012987012985,28.57142857142857,58.44155844155844,51.298701298701296,7.142857142857142
E00075970,123,37,9,28,86,76,10,30.081300813008134,7.317073170731707,22.76422764227642,69.91869918699187,61.78861788617886,8.130081300813007
E00075971,228,63,20,43,165,126,39,27.631578947368425,8.771929824561402,18.859649122807017,72.36842105263158,55.26315789473685,17.105263157894736
E00075972,158,41,11,30,117,100,17,25.949367088607595,6.962025316455696,18.9873417721519,74.0506329113924,63.29113924050633,10.759493670886076
E00075973,80,30,7,23,50,43,7,37.5,8.75,28.749999999999996,62.5,53.75,8.75
E00075974,96,41,10,31,55,46,9,42.70833333333333,10.416666666666668,32.29166666666667,57.291666666666664,47.91666666666667,9.375
E00075975,149,42,16,26,107,93,14,28.187919463087248,10.738255033557047,17.449664429530202,71.81208053691275,62.41610738255034,9.395973154362416
E00075976,103,41,13,28,62,53,9,39.80582524271845,12.62135922330097,27.184466019417474,60.19417475728155,51.45631067961165,8.737864077669903
E00075977,112,41,8,33,71,62,9,36.607142857142854,7.142857142857142,29.464285714285715,63.39285714285714,55.35714285714286,8.035714285714286
E00075978,98,34,16,18,64,52,12,34.69387755102041,16.3265306122449,18.367346938775512,65.3061224489796,53.06122448979592,12.244897959183673
E00075979,115,28,5,23,87,83,4,24.347826086956523,4.3478260869565215,20,75.65217391304347,72.17391304347827,3.4782608695652173
E00075980,88,31,7,24,57,53,4,35.22727272727273,7.954545454545454,27.27272727272727,64.77272727272727,60.22727272727273,4.545454545454546
E00075982,154,41,10,31,113,97,16,26.623376623376622,6.493506493506493,20.12987012987013,73.37662337662337,62.98701298701299,10.38961038961039
E00075983,39,11,0,11,28,26,2,28.205128205128204,0,28.205128205128204,71.7948717948718,66.66666666666666,5.128205128205128
E00075984,95,31,8,23,64,57,7,32.631578947368425,8.421052631578947,24.210526315789473,67.36842105263158,60,7.368421052631578
E00075985,220,76,17,59,144,120,24,34.54545454545455,7.727272727272727,26.81818181818182,65.45454545454545,54.54545454545454,10.909090909090908
E00075987,144,27,13,14,117,105,12,18.75,9.027777777777777,9.722222222222223,81.25,72.91666666666666,8.333333333333332
E00075988,104,24,2,22,80,67,13,23.076923076923077,1.9230769230769231,21.153846153846153,76.92307692307693,64.42307692307693,12.5
E00075989,76,31,7,24,45,40,5,40.78947368421053,9.210526315789473,31.57894736842105,59.210526315789465,52.63157894736842,6.578947368421052
E00075991,117,44,8,36,73,66,7,37.60683760683761,6.837606837606838,30.76923076923077,62.39316239316239,56.41025641025641,5.982905982905983
E00075994,121,44,15,29,77,67,10,36.36363636363637,12.396694214876034,23.96694214876033,63.63636363636363,55.371900826446286,8.264462809917356
E00075995,142,58,17,41,84,67,17,40.845070422535215,11.971830985915492,28.87323943661972,59.154929577464785,47.183098591549296,11.971830985915492
E00075996,137,36,9,27,101,87,14,26.277372262773724,6.569343065693431,19.708029197080293,73.72262773722628,63.503649635036496,10.218978102189782
E00075997,122,25,5,20,97,89,8,20.491803278688526,4.098360655737705,16.39344262295082,79.50819672131148,72.95081967213115,6.557377049180328
E00075998,94,26,8,18,68,64,4,27.659574468085108,8.51063829787234,19.148936170212767,72.3404255319149,68.08510638297872,4.25531914893617
E00075999,143,56,20,36,87,75,12,39.16083916083916,13.986013986013987,25.174825174825177,60.83916083916085,52.44755244755245,8.391608391608392
E00076000,124,31,9,22,93,83,10,25,7.258064516129033,17.741935483870968,75,66.93548387096774,8.064516129032258
E00076001,111,48,20,28,63,58,5,43.24324324324324,18.01801801801802,25.225225225225223,56.75675675675676,52.25225225225225,4.504504504504505
E00076002,137,41,14,27,96,80,16,29.927007299270077,10.218978102189782,19.708029197080293,70.07299270072993,58.3941605839416,11.678832116788321
E00076003,130,48,19,29,82,70,12,36.92307692307693,14.615384615384617,22.30769230769231,63.07692307692307,53.84615384615385,9.230769230769232
E00076004,134,43,12,31,91,77,14,32.08955223880597,8.955223880597014,23.134328358208954,67.91044776119402,57.46268656716418,10.44776119402985
E00076005,138,35,11,24,103,96,7,25.36231884057971,7.971014492753622,17.391304347826086,74.63768115942028,69.56521739130434,5.072463768115942
E00076006,145,39,12,27,106,99,7,26.89655172413793,8.275862068965518,18.620689655172416,73.10344827586206,68.27586206896552,4.827586206896552
E00076007,154,38,9,29,116,106,10,24.675324675324674,5.844155844155844,18.83116883116883,75.32467532467533,68.83116883116884,6.493506493506493
E00076008,145,41,7,34,104,90,14,28.27586206896552,4.827586206896552,23.448275862068964,71.72413793103448,62.06896551724138,9.655172413793103
E00076009,162,41,10,31,121,98,23,25.308641975308642,6.172839506172839,19.1358024691358,74.69135802469135,60.49382716049383,14.19753086419753
E00076010,123,34,10,24,89,80,9,27.64227642276423,8.130081300813007,19.51219512195122,72.35772357723577,65.04065040650406,7.317073170731707
E00076011,150,44,10,34,106,98,8,29.333333333333332,6.666666666666667,22.666666666666664,70.66666666666667,65.33333333333333,5.333333333333334
E00076012,136,45,18,27,91,80,11,33.088235294117645,13.23529411764706,19.852941176470587,66.91176470588235,58.82352941176471,8.088235294117647
E00076013,324,76,26,50,248,166,82,23.456790123456788,8.024691358024691,15.432098765432098,76.5432098765432,51.23456790123457,25.308641975308642
E00076014,117,28,10,18,89,73,16,23.931623931623932,8.547008547008547,15.384615384615385,76.06837606837607,62.39316239316239,13.675213675213676
E00076015,153,37,13,24,116,105,11,24.183006535947712,8.49673202614379,15.686274509803921,75.81699346405229,68.62745098039215,7.18954248366013
E00076016,98,46,12,34,52,47,5,46.93877551020408,12.244897959183673,34.69387755102041,53.06122448979592,47.95918367346938,5.1020408163265305
E00076017,147,46,20,26,101,83,18,31.292517006802722,13.60544217687075,17.687074829931973,68.70748299319727,56.4625850340136,12.244897959183673
E00076018,100,29,9,20,71,63,8,28.999999999999996,9,20,71,63,8
E00076019,137,46,14,32,91,79,12,33.57664233576642,10.218978102189782,23.357664233576642,66.42335766423358,57.66423357664233,8.75912408759124
E00076020,103,25,11,14,78,67,11,24.271844660194176,10.679611650485436,13.592233009708737,75.72815533980582,65.0485436893204,10.679611650485436
E00076021,160,47,22,25,113,94,19,29.375,13.750000000000002,15.625,70.625,58.75,11.875
E00076022,106,37,12,25,69,63,6,34.90566037735849,11.320754716981133,23.58490566037736,65.09433962264151,59.43396226415094,5.660377358490567
E00076023,100,37,6,31,63,58,5,37,6,31,63,57.99999999999999,5
E00076024,209,59,21,38,150,133,17,28.22966507177033,10.047846889952153,18.181818181818183,71.77033492822966,63.63636363636363,8.133971291866029
E00076025,115,24,6,18,91,81,10,20.869565217391305,5.217391304347826,15.65217391304348,79.13043478260869,70.43478260869566,8.695652173913043
E00076026,89,34,12,22,55,48,7,38.20224719101123,13.48314606741573,24.719101123595504,61.79775280898876,53.93258426966292,7.865168539325842
E00076027,121,49,23,26,72,68,4,40.49586776859504,19.00826446280992,21.487603305785125,59.50413223140496,56.19834710743802,3.3057851239669422
E00076028,162,77,39,38,85,78,7,47.53086419753087,24.074074074074073,23.456790123456788,52.46913580246913,48.148148148148145,4.320987654320987
E00076029,158,62,35,27,96,83,13,39.24050632911392,22.151898734177212,17.088607594936708,60.75949367088608,52.53164556962025,8.227848101265822
E00076030,210,68,15,53,142,119,23,32.38095238095238,7.142857142857142,25.238095238095237,67.61904761904762,56.666666666666664,10.952380952380953
E00076031,162,65,21,44,97,84,13,40.123456790123456,12.962962962962962,27.160493827160494,59.876543209876544,51.85185185185185,8.024691358024691
E00076032,117,38,15,23,79,71,8,32.47863247863248,12.82051282051282,19.65811965811966,67.52136752136752,60.68376068376068,6.837606837606838
E00076033,191,83,52,31,108,96,12,43.455497382198956,27.225130890052355,16.230366492146597,56.54450261780105,50.26178010471204,6.282722513089005
E00076034,178,81,57,24,97,90,7,45.50561797752809,32.02247191011236,13.48314606741573,54.49438202247191,50.56179775280899,3.932584269662921
E00076035,153,67,36,31,86,77,9,43.790849673202615,23.52941176470588,20.26143790849673,56.209150326797385,50.326797385620914,5.88235294117647
E00076036,132,63,32,31,69,56,13,47.72727272727273,24.242424242424242,23.484848484848484,52.27272727272727,42.42424242424242,9.848484848484848
E00076037,95,40,18,22,55,49,6,42.10526315789473,18.947368421052634,23.157894736842106,57.89473684210527,51.578947368421055,6.315789473684211
E00076038,161,73,39,34,88,73,15,45.3416149068323,24.22360248447205,21.11801242236025,54.6583850931677,45.3416149068323,9.316770186335404
E00076039,131,39,22,17,92,78,14,29.770992366412212,16.793893129770993,12.977099236641221,70.22900763358778,59.541984732824424,10.687022900763358
E00076040,139,53,28,25,86,81,5,38.1294964028777,20.14388489208633,17.985611510791365,61.87050359712231,58.27338129496403,3.5971223021582732
E00076041,135,67,41,26,68,61,7,49.629629629629626,30.37037037037037,19.25925925925926,50.37037037037037,45.18518518518518,5.185185185185185
E00076042,162,62,39,23,100,88,12,38.2716049382716,24.074074074074073,14.19753086419753,61.72839506172839,54.32098765432099,7.4074074074074066
E00076043,59,29,7,22,30,28,2,49.152542372881356,11.864406779661017,37.28813559322034,50.847457627118644,47.45762711864407,3.389830508474576
E00076045,181,57,25,32,124,105,19,31.491712707182316,13.812154696132598,17.67955801104972,68.50828729281768,58.011049723756905,10.497237569060774
E00076047,112,49,29,20,63,57,6,43.75,25.892857142857146,17.857142857142858,56.25,50.89285714285714,5.357142857142857
E00076048,101,46,18,28,55,50,5,45.54455445544555,17.82178217821782,27.722772277227726,54.45544554455446,49.504950495049506,4.9504950495049505
E00076050,147,42,23,19,105,91,14,28.57142857142857,15.646258503401361,12.925170068027212,71.42857142857143,61.904761904761905,9.523809523809524
E00076051,177,69,31,38,108,93,15,38.983050847457626,17.51412429378531,21.468926553672315,61.016949152542374,52.54237288135594,8.47457627118644
E00076052,148,52,23,29,96,94,2,35.13513513513514,15.54054054054054,19.594594594594593,64.86486486486487,63.51351351351351,1.3513513513513513
E00076053,160,43,18,25,117,101,16,26.875,11.25,15.625,73.125,63.125,10
E00076054,184,67,13,54,117,98,19,36.41304347826087,7.065217391304348,29.347826086956523,63.58695652173913,53.2608695652174,10.326086956521738
E00076055,255,68,12,56,187,164,23,26.666666666666668,4.705882352941177,21.96078431372549,73.33333333333333,64.31372549019608,9.019607843137255
E00076056,124,37,6,31,87,77,10,29.838709677419356,4.838709677419355,25,70.16129032258065,62.096774193548384,8.064516129032258
E00076057,56,27,8,19,29,24,5,48.214285714285715,14.285714285714285,33.92857142857143,51.78571428571429,42.857142857142854,8.928571428571429
E00076058,142,41,17,24,101,91,10,28.87323943661972,11.971830985915492,16.901408450704224,71.12676056338029,64.08450704225352,7.042253521126761
E00076059,147,37,14,23,110,93,17,25.170068027210885,9.523809523809524,15.646258503401361,74.82993197278913,63.26530612244898,11.564625850340136
E00076060,163,56,12,44,107,94,13,34.355828220858896,7.361963190184049,26.993865030674847,65.6441717791411,57.668711656441715,7.975460122699387
E00076061,125,48,17,31,77,67,10,38.4,13.600000000000001,24.8,61.6,53.6,8
E00076062,152,40,13,27,112,103,9,26.31578947368421,8.552631578947368,17.763157894736842,73.68421052631578,67.76315789473685,5.921052631578947
E00076063,103,24,4,20,79,70,9,23.300970873786408,3.8834951456310676,19.41747572815534,76.69902912621359,67.96116504854369,8.737864077669903
E00076064,164,53,16,37,111,99,12,32.31707317073171,9.75609756097561,22.5609756097561,67.6829268292683,60.36585365853659,7.317073170731707
E00076065,95,39,10,29,56,46,10,41.05263157894737,10.526315789473683,30.526315789473685,58.94736842105262,48.421052631578945,10.526315789473683
E00076066,113,36,11,25,77,66,11,31.858407079646017,9.734513274336283,22.123893805309734,68.14159292035397,58.4070796460177,9.734513274336283
E00076067,167,51,17,34,116,109,7,30.538922155688624,10.179640718562874,20.359281437125748,69.46107784431138,65.26946107784431,4.191616766467066
E00076068,185,62,30,32,123,109,14,33.513513513513516,16.216216216216218,17.2972972972973,66.48648648648648,58.91891891891892,7.567567567567568
E00076069,121,27,6,21,94,78,16,22.31404958677686,4.958677685950414,17.355371900826448,77.68595041322314,64.46280991735537,13.223140495867769
E00076070,139,47,15,32,92,85,7,33.81294964028777,10.79136690647482,23.021582733812952,66.18705035971223,61.15107913669065,5.0359712230215825
E00076071,147,40,11,29,107,93,14,27.2108843537415,7.482993197278912,19.727891156462583,72.78911564625851,63.26530612244898,9.523809523809524
E00076072,128,35,9,26,93,83,10,27.34375,7.03125,20.3125,72.65625,64.84375,7.8125
E00076073,159,47,14,33,112,98,14,29.559748427672954,8.80503144654088,20.754716981132077,70.44025157232704,61.63522012578616,8.80503144654088
E00076074,162,50,10,40,112,100,12,30.864197530864196,6.172839506172839,24.691358024691358,69.1358024691358,61.72839506172839,7.4074074074074066
E00076075,162,69,30,39,93,81,12,42.592592592592595,18.51851851851852,24.074074074074073,57.407407407407405,50,7.4074074074074066
E00076076,152,61,33,28,91,82,9,40.131578947368425,21.710526315789476,18.421052631578945,59.86842105263158,53.94736842105263,5.921052631578947
E00076077,144,53,25,28,91,84,7,36.80555555555556,17.36111111111111,19.444444444444446,63.19444444444444,58.333333333333336,4.861111111111112
E00076078,163,54,24,30,109,97,12,33.12883435582822,14.723926380368098,18.404907975460123,66.87116564417178,59.50920245398773,7.361963190184049
E00076079,124,42,15,27,82,74,8,33.87096774193548,12.096774193548388,21.774193548387096,66.12903225806451,59.67741935483871,6.451612903225806
E00076080,103,49,15,34,54,48,6,47.57281553398058,14.563106796116504,33.00970873786408,52.42718446601942,46.601941747572816,5.825242718446602
E00076081,168,68,29,39,100,87,13,40.476190476190474,17.261904761904763,23.214285714285715,59.523809523809526,51.78571428571429,7.738095238095238
E00076082,165,43,12,31,122,106,16,26.060606060606062,7.2727272727272725,18.787878787878785,73.93939393939394,64.24242424242425,9.696969696969697
E00076083,151,45,15,30,106,89,17,29.80132450331126,9.933774834437086,19.867549668874172,70.19867549668875,58.94039735099338,11.258278145695364
E00076084,126,43,16,27,83,74,9,34.12698412698413,12.698412698412698,21.428571428571427,65.87301587301587,58.730158730158735,7.142857142857142
E00076085,114,32,9,23,82,76,6,28.07017543859649,7.894736842105263,20.175438596491226,71.9298245614035,66.66666666666666,5.263157894736842
E00076086,115,48,12,36,67,57,10,41.73913043478261,10.434782608695652,31.30434782608696,58.26086956521739,49.56521739130435,8.695652173913043
E00076087,115,35,13,22,80,69,11,30.434782608695656,11.304347826086957,19.130434782608695,69.56521739130434,60,9.565217391304348
E00076088,141,49,16,33,92,84,8,34.751773049645394,11.347517730496454,23.404255319148938,65.24822695035462,59.57446808510638,5.673758865248227
E00076089,214,56,8,48,158,142,16,26.168224299065418,3.7383177570093453,22.429906542056074,73.83177570093457,66.35514018691589,7.476635514018691
E00076090,107,30,5,25,77,71,6,28.037383177570092,4.672897196261682,23.364485981308412,71.96261682242991,66.35514018691589,5.607476635514018
E00076091,122,38,11,27,84,71,13,31.147540983606557,9.01639344262295,22.131147540983605,68.85245901639344,58.19672131147541,10.655737704918032
E00076092,93,30,9,21,63,55,8,32.25806451612903,9.67741935483871,22.58064516129032,67.74193548387096,59.13978494623656,8.60215053763441
E00076093,157,43,6,37,114,104,10,27.388535031847134,3.821656050955414,23.56687898089172,72.61146496815286,66.2420382165605,6.369426751592357
E00076094,140,38,10,28,102,89,13,27.142857142857142,7.142857142857142,20,72.85714285714285,63.57142857142857,9.285714285714286
E00076095,119,40,12,28,79,65,14,33.61344537815126,10.084033613445378,23.52941176470588,66.38655462184873,54.621848739495796,11.76470588235294
E00076096,139,42,13,29,97,85,12,30.215827338129497,9.352517985611511,20.863309352517987,69.7841726618705,61.15107913669065,8.633093525179856
E00076097,146,47,12,35,99,87,12,32.19178082191781,8.21917808219178,23.972602739726025,67.8082191780822,59.589041095890416,8.21917808219178
E00076099,174,43,6,37,131,110,21,24.71264367816092,3.4482758620689653,21.26436781609195,75.28735632183908,63.2183908045977,12.068965517241379
E00076100,161,48,11,37,113,100,13,29.81366459627329,6.832298136645963,22.981366459627328,70.1863354037267,62.11180124223602,8.074534161490684
E00076101,103,29,7,22,74,67,7,28.155339805825243,6.796116504854369,21.35922330097087,71.84466019417476,65.0485436893204,6.796116504854369
E00076102,83,29,12,17,54,43,11,34.93975903614458,14.457831325301203,20.481927710843372,65.06024096385542,51.80722891566265,13.253012048192772
E00076103,140,40,8,32,100,85,15,28.57142857142857,5.714285714285714,22.857142857142858,71.42857142857143,60.71428571428571,10.714285714285714
E00076104,121,30,6,24,91,85,6,24.793388429752067,4.958677685950414,19.834710743801654,75.20661157024794,70.24793388429752,4.958677685950414
E00076105,145,41,10,31,104,94,10,28.27586206896552,6.896551724137931,21.379310344827587,71.72413793103448,64.82758620689654,6.896551724137931
E00076106,98,37,16,21,61,56,5,37.755102040816325,16.3265306122449,21.428571428571427,62.244897959183675,57.14285714285714,5.1020408163265305
E00076107,106,30,9,21,76,67,9,28.30188679245283,8.49056603773585,19.81132075471698,71.69811320754717,63.20754716981132,8.49056603773585
E00076108,94,28,7,21,66,52,14,29.78723404255319,7.446808510638298,22.340425531914892,70.2127659574468,55.319148936170215,14.893617021276595
E00076109,100,26,4,22,74,67,7,26,4,22,74,67,7.000000000000001
E00076110,153,58,20,38,95,86,9,37.908496732026144,13.071895424836603,24.836601307189543,62.091503267973856,56.209150326797385,5.88235294117647
E00076111,108,36,9,27,72,58,14,33.33333333333333,8.333333333333332,25,66.66666666666666,53.70370370370371,12.962962962962962
E00076112,151,47,9,38,104,94,10,31.125827814569533,5.960264900662252,25.165562913907287,68.87417218543047,62.251655629139066,6.622516556291391
E00076113,141,45,13,32,96,87,9,31.914893617021278,9.219858156028367,22.69503546099291,68.08510638297872,61.702127659574465,6.382978723404255
E00076114,134,44,17,27,90,81,9,32.83582089552239,12.686567164179104,20.149253731343283,67.16417910447761,60.447761194029844,6.7164179104477615
E00076115,122,40,10,30,82,78,4,32.78688524590164,8.19672131147541,24.59016393442623,67.21311475409836,63.934426229508205,3.278688524590164
E00076116,128,52,15,37,76,68,8,40.625,11.71875,28.90625,59.375,53.125,6.25
E00076117,91,24,9,15,67,60,7,26.373626373626376,9.89010989010989,16.483516483516482,73.62637362637363,65.93406593406593,7.6923076923076925
E00076118,132,38,16,22,94,80,14,28.78787878787879,12.121212121212121,16.666666666666664,71.21212121212122,60.60606060606061,10.606060606060606
E00076119,135,50,15,35,85,74,11,37.03703703703704,11.11111111111111,25.925925925925924,62.96296296296296,54.81481481481482,8.148148148148149
E00076120,148,40,6,34,108,92,16,27.027027027027028,4.054054054054054,22.972972972972975,72.97297297297297,62.16216216216216,10.81081081081081
E00076122,119,38,13,25,81,75,6,31.932773109243694,10.92436974789916,21.008403361344538,68.0672268907563,63.02521008403361,5.042016806722689
E00076123,110,32,9,23,78,72,6,29.09090909090909,8.181818181818182,20.909090909090907,70.9090909090909,65.45454545454545,5.454545454545454
E00076124,181,53,19,34,128,97,31,29.2817679558011,10.497237569060774,18.784530386740332,70.71823204419888,53.591160220994475,17.12707182320442
E00076125,124,39,12,27,85,72,13,31.451612903225808,9.67741935483871,21.774193548387096,68.54838709677419,58.06451612903226,10.483870967741936
E00076126,124,46,13,33,78,65,13,37.096774193548384,10.483870967741936,26.61290322580645,62.903225806451616,52.41935483870967,10.483870967741936
E00076127,109,36,10,26,73,63,10,33.02752293577982,9.174311926605505,23.853211009174313,66.97247706422019,57.798165137614674,9.174311926605505
E00076128,184,58,19,39,126,105,21,31.521739130434785,10.326086956521738,21.195652173913043,68.47826086956522,57.065217391304344,11.41304347826087
E00076129,136,41,9,32,95,79,16,30.14705882352941,6.61764705882353,23.52941176470588,69.85294117647058,58.08823529411765,11.76470588235294
E00076130,94,29,10,19,65,55,10,30.851063829787233,10.638297872340425,20.212765957446805,69.14893617021278,58.51063829787234,10.638297872340425
E00076131,117,36,12,24,81,68,13,30.76923076923077,10.256410256410255,20.51282051282051,69.23076923076923,58.119658119658126,11.11111111111111
E00076132,243,71,21,50,172,150,22,29.218106995884774,8.641975308641975,20.5761316872428,70.78189300411523,61.72839506172839,9.053497942386832
E00076133,80,28,15,13,52,47,5,35,18.75,16.25,65,58.75,6.25
E00076134,73,27,8,19,46,40,6,36.986301369863014,10.95890410958904,26.027397260273972,63.013698630136986,54.794520547945204,8.21917808219178
E00076135,209,60,20,40,149,135,14,28.708133971291865,9.569377990430622,19.138755980861244,71.29186602870813,64.5933014354067,6.698564593301436
E00076136,144,48,13,35,96,80,16,33.33333333333333,9.027777777777777,24.305555555555554,66.66666666666666,55.55555555555556,11.11111111111111
E00076137,28,13,6,7,15,15,0,46.42857142857143,21.428571428571427,25,53.57142857142857,53.57142857142857,0
E00076138,201,47,9,38,154,112,42,23.383084577114428,4.477611940298507,18.90547263681592,76.61691542288557,55.72139303482587,20.8955223880597
E00076139,132,53,13,40,79,72,7,40.15151515151515,9.848484848484848,30.303030303030305,59.84848484848485,54.54545454545454,5.303030303030303
E00076140,158,54,21,33,104,92,12,34.177215189873415,13.291139240506327,20.88607594936709,65.82278481012658,58.22784810126582,7.59493670886076
E00076141,91,31,10,21,60,56,4,34.065934065934066,10.989010989010989,23.076923076923077,65.93406593406593,61.53846153846154,4.395604395604396
E00076142,134,34,5,29,100,85,15,25.37313432835821,3.731343283582089,21.641791044776117,74.6268656716418,63.43283582089553,11.194029850746269
E00076143,126,46,17,29,80,73,7,36.507936507936506,13.492063492063492,23.015873015873016,63.49206349206349,57.936507936507944,5.555555555555555
E00076144,127,42,7,35,85,75,10,33.07086614173229,5.511811023622047,27.559055118110237,66.92913385826772,59.055118110236215,7.874015748031496
E00076145,131,50,17,33,81,72,9,38.16793893129771,12.977099236641221,25.190839694656486,61.832061068702295,54.961832061068705,6.870229007633588
E00076146,145,39,15,24,106,97,9,26.89655172413793,10.344827586206897,16.551724137931036,73.10344827586206,66.89655172413794,6.206896551724138
E00076147,111,40,6,34,71,65,6,36.03603603603604,5.405405405405405,30.630630630630627,63.96396396396396,58.55855855855856,5.405405405405405
E00076148,132,36,13,23,96,86,10,27.27272727272727,9.848484848484848,17.424242424242426,72.72727272727273,65.15151515151516,7.575757575757576
E00076149,130,31,9,22,99,88,11,23.846153846153847,6.923076923076923,16.923076923076923,76.15384615384615,67.6923076923077,8.461538461538462
E00076150,147,45,13,32,102,86,16,30.612244897959183,8.843537414965986,21.768707482993197,69.38775510204081,58.50340136054422,10.884353741496598
E00076151,119,46,10,36,73,66,7,38.655462184873954,8.403361344537815,30.252100840336134,61.34453781512605,55.46218487394958,5.88235294117647
E00076152,120,45,14,31,75,72,3,37.5,11.666666666666666,25.833333333333336,62.5,60,2.5
E00076153,131,43,16,27,88,82,6,32.82442748091603,12.213740458015266,20.610687022900763,67.17557251908397,62.59541984732825,4.580152671755725
E00076154,174,59,13,46,115,100,15,33.90804597701149,7.471264367816093,26.436781609195403,66.0919540229885,57.47126436781609,8.620689655172415
E00076155,78,26,6,20,52,47,5,33.33333333333333,7.6923076923076925,25.64102564102564,66.66666666666666,60.256410256410255,6.41025641025641
E00076156,162,49,17,32,113,96,17,30.246913580246915,10.493827160493826,19.753086419753085,69.75308641975309,59.25925925925925,10.493827160493826
E00076157,301,87,19,68,214,188,26,28.903654485049834,6.312292358803987,22.591362126245848,71.09634551495017,62.45847176079734,8.637873754152823
E00076158,146,48,14,34,98,82,16,32.87671232876712,9.58904109589041,23.28767123287671,67.12328767123287,56.16438356164384,10.95890410958904
E00076159,148,32,6,26,116,104,12,21.62162162162162,4.054054054054054,17.56756756756757,78.37837837837837,70.27027027027027,8.108108108108109
E00076160,122,41,14,27,81,69,12,33.60655737704918,11.475409836065573,22.131147540983605,66.39344262295081,56.557377049180324,9.836065573770492
E00076161,118,47,16,31,71,60,11,39.83050847457627,13.559322033898304,26.27118644067797,60.16949152542372,50.847457627118644,9.322033898305085
E00076162,127,37,7,30,90,75,15,29.133858267716533,5.511811023622047,23.62204724409449,70.86614173228347,59.055118110236215,11.811023622047244
E00076163,179,56,19,37,123,109,14,31.28491620111732,10.614525139664805,20.670391061452513,68.71508379888269,60.893854748603346,7.82122905027933
E00076164,192,49,15,34,143,128,15,25.520833333333332,7.8125,17.708333333333336,74.47916666666666,66.66666666666666,7.8125
E00076165,168,50,12,38,118,100,18,29.761904761904763,7.142857142857142,22.61904761904762,70.23809523809523,59.523809523809526,10.714285714285714
E00076167,129,38,9,29,91,82,9,29.457364341085274,6.976744186046512,22.48062015503876,70.54263565891473,63.565891472868216,6.976744186046512
E00076168,122,34,8,26,88,75,13,27.86885245901639,6.557377049180328,21.311475409836063,72.1311475409836,61.47540983606557,10.655737704918032
E00076169,258,73,21,52,185,163,22,28.294573643410853,8.13953488372093,20.155038759689923,71.70542635658916,63.17829457364341,8.527131782945736
E00076170,186,52,7,45,134,109,25,27.956989247311824,3.763440860215054,24.193548387096776,72.04301075268818,58.602150537634415,13.440860215053762
E00076171,158,44,12,32,114,98,16,27.848101265822784,7.59493670886076,20.253164556962027,72.15189873417721,62.0253164556962,10.126582278481013
E00076172,160,44,15,29,116,98,18,27.500000000000004,9.375,18.125,72.5,61.25000000000001,11.25
E00076173,80,27,6,21,53,48,5,33.75,7.5,26.25,66.25,60,6.25
E00076174,117,37,11,26,80,68,12,31.62393162393162,9.401709401709402,22.22222222222222,68.37606837606837,58.119658119658126,10.256410256410255
E00076175,176,54,12,42,122,102,20,30.681818181818183,6.8181818181818175,23.863636363636363,69.31818181818183,57.95454545454546,11.363636363636363
E00076176,133,49,17,32,84,76,8,36.84210526315789,12.781954887218044,24.06015037593985,63.1578947368421,57.14285714285714,6.015037593984962
E00076177,90,43,16,27,47,38,9,47.77777777777778,17.77777777777778,30,52.22222222222223,42.22222222222222,10
E00076178,60,24,5,19,36,30,6,40,8.333333333333332,31.666666666666664,60,50,10
E00076179,190,46,11,35,144,116,28,24.210526315789473,5.7894736842105265,18.421052631578945,75.78947368421053,61.05263157894737,14.736842105263156
E00076180,160,35,8,27,125,106,19,21.875,5,16.875,78.125,66.25,11.875
E00076181,100,28,10,18,72,66,6,28.000000000000004,10,18,72,66,6
E00076182,76,25,9,16,51,49,2,32.89473684210527,11.842105263157894,21.052631578947366,67.10526315789474,64.47368421052632,2.631578947368421
E00076183,53,14,7,7,39,34,5,26.41509433962264,13.20754716981132,13.20754716981132,73.58490566037736,64.15094339622641,9.433962264150944
E00076184,109,29,9,20,80,68,12,26.605504587155966,8.256880733944955,18.34862385321101,73.39449541284404,62.38532110091744,11.009174311926607
E00076185,133,34,6,28,99,85,14,25.563909774436087,4.511278195488721,21.052631578947366,74.43609022556392,63.90977443609023,10.526315789473683
E00076186,165,56,13,43,109,101,8,33.939393939393945,7.878787878787878,26.060606060606062,66.06060606060606,61.212121212121204,4.848484848484849
E00076187,138,48,17,31,90,76,14,34.78260869565217,12.318840579710146,22.463768115942027,65.21739130434783,55.072463768115945,10.144927536231885
E00076188,93,37,14,23,56,51,5,39.784946236559136,15.053763440860216,24.731182795698924,60.215053763440864,54.83870967741935,5.376344086021505
E00076189,150,45,6,39,105,86,19,30,4,26,70,57.333333333333336,12.666666666666668
E00076190,154,48,11,37,106,90,16,31.16883116883117,7.142857142857142,24.025974025974026,68.83116883116884,58.44155844155844,10.38961038961039
E00076191,93,29,10,19,64,58,6,31.182795698924732,10.75268817204301,20.43010752688172,68.81720430107528,62.365591397849464,6.451612903225806
E00076192,111,39,7,32,72,61,11,35.13513513513514,6.306306306306306,28.82882882882883,64.86486486486487,54.95495495495496,9.90990990990991
E00076193,135,45,15,30,90,77,13,33.33333333333333,11.11111111111111,22.22222222222222,66.66666666666666,57.03703703703704,9.62962962962963
E00076194,140,39,13,26,101,87,14,27.857142857142858,9.285714285714286,18.571428571428573,72.14285714285714,62.142857142857146,10
E00076195,99,25,11,14,74,64,10,25.252525252525253,11.11111111111111,14.14141414141414,74.74747474747475,64.64646464646465,10.1010101010101
E00076196,106,33,3,30,73,65,8,31.132075471698112,2.8301886792452833,28.30188679245283,68.86792452830188,61.32075471698113,7.547169811320755
E00076197,118,37,12,25,81,72,9,31.35593220338983,10.16949152542373,21.1864406779661,68.64406779661016,61.016949152542374,7.627118644067797
E00076198,115,48,7,41,67,61,6,41.73913043478261,6.086956521739131,35.65217391304348,58.26086956521739,53.04347826086957,5.217391304347826
E00076199,146,40,9,31,106,94,12,27.397260273972602,6.164383561643835,21.232876712328768,72.6027397260274,64.38356164383562,8.21917808219178
E00076200,132,48,14,34,84,74,10,36.36363636363637,10.606060606060606,25.757575757575758,63.63636363636363,56.060606060606055,7.575757575757576
E00076201,147,40,13,27,107,93,14,27.2108843537415,8.843537414965986,18.367346938775512,72.78911564625851,63.26530612244898,9.523809523809524
E00076202,169,53,14,39,116,100,16,31.360946745562128,8.284023668639055,23.076923076923077,68.63905325443787,59.171597633136095,9.467455621301776
E00076203,152,53,16,37,99,90,9,34.868421052631575,10.526315789473683,24.342105263157894,65.13157894736842,59.210526315789465,5.921052631578947
E00076204,123,38,10,28,85,78,7,30.89430894308943,8.130081300813007,22.76422764227642,69.10569105691057,63.41463414634146,5.691056910569105
E00076205,145,52,7,45,93,85,8,35.86206896551724,4.827586206896552,31.03448275862069,64.13793103448275,58.620689655172406,5.517241379310345
E00076206,124,45,16,29,79,69,10,36.29032258064516,12.903225806451612,23.387096774193548,63.70967741935484,55.64516129032258,8.064516129032258
E00076207,119,48,10,38,71,63,8,40.33613445378151,8.403361344537815,31.932773109243694,59.66386554621849,52.94117647058824,6.722689075630252
E00076208,173,61,25,36,112,102,10,35.26011560693642,14.450867052023122,20.809248554913296,64.73988439306359,58.95953757225434,5.780346820809249
E00076209,124,34,13,21,90,80,10,27.419354838709676,10.483870967741936,16.93548387096774,72.58064516129032,64.51612903225806,8.064516129032258
E00076210,123,41,7,34,82,66,16,33.33333333333333,5.691056910569105,27.64227642276423,66.66666666666666,53.65853658536586,13.008130081300814
E00076211,169,49,14,35,120,108,12,28.994082840236686,8.284023668639055,20.710059171597635,71.00591715976331,63.905325443786985,7.100591715976331
E00076212,101,30,5,25,71,66,5,29.7029702970297,4.9504950495049505,24.752475247524753,70.29702970297029,65.34653465346535,4.9504950495049505
E00076213,155,47,9,38,108,96,12,30.32258064516129,5.806451612903226,24.516129032258064,69.6774193548387,61.935483870967744,7.741935483870968
E00076214,121,33,3,30,88,82,6,27.27272727272727,2.479338842975207,24.793388429752067,72.72727272727273,67.76859504132231,4.958677685950414
E00076215,123,30,13,17,93,81,12,24.390243902439025,10.569105691056912,13.821138211382115,75.60975609756098,65.85365853658537,9.75609756097561
E00076216,114,35,7,28,79,74,5,30.701754385964914,6.140350877192982,24.561403508771928,69.2982456140351,64.91228070175438,4.385964912280701
E00076217,112,42,17,25,70,63,7,37.5,15.178571428571427,22.321428571428573,62.5,56.25,6.25
E00076218,104,36,5,31,68,56,12,34.61538461538461,4.807692307692308,29.807692307692307,65.38461538461539,53.84615384615385,11.538461538461538
E00076219,120,37,11,26,83,73,10,30.833333333333336,9.166666666666666,21.666666666666668,69.16666666666667,60.83333333333333,8.333333333333332
E00076220,111,33,7,26,78,72,6,29.72972972972973,6.306306306306306,23.423423423423422,70.27027027027027,64.86486486486487,5.405405405405405
E00076221,140,49,16,33,91,84,7,35,11.428571428571429,23.57142857142857,65,60,5
E00076222,124,47,12,35,77,72,5,37.903225806451616,9.67741935483871,28.225806451612907,62.096774193548384,58.06451612903226,4.032258064516129
E00076223,119,43,13,30,76,67,9,36.134453781512605,10.92436974789916,25.210084033613445,63.86554621848739,56.30252100840336,7.563025210084033
E00076224,126,43,14,29,83,72,11,34.12698412698413,11.11111111111111,23.015873015873016,65.87301587301587,57.14285714285714,8.73015873015873
E00076225,129,29,8,21,100,95,5,22.48062015503876,6.2015503875969,16.27906976744186,77.51937984496125,73.64341085271317,3.875968992248062
E00076226,100,29,8,21,71,65,6,28.999999999999996,8,21,71,65,6
E00076227,135,55,21,34,80,72,8,40.74074074074074,15.555555555555555,25.185185185185183,59.25925925925925,53.333333333333336,5.9259259259259265
E00076228,112,34,8,26,78,78,0,30.357142857142854,7.142857142857142,23.214285714285715,69.64285714285714,69.64285714285714,0
E00076229,104,31,6,25,73,59,14,29.807692307692307,5.769230769230769,24.03846153846154,70.1923076923077,56.730769230769226,13.461538461538462
E00076230,123,38,13,25,85,70,15,30.89430894308943,10.569105691056912,20.32520325203252,69.10569105691057,56.91056910569105,12.195121951219512
E00076231,199,50,16,34,149,116,33,25.125628140703515,8.040201005025125,17.08542713567839,74.87437185929649,58.291457286432156,16.582914572864322
E00076233,124,40,13,27,84,80,4,32.25806451612903,10.483870967741936,21.774193548387096,67.74193548387096,64.51612903225806,3.225806451612903
E00076234,99,42,13,29,57,50,7,42.42424242424242,13.131313131313133,29.292929292929294,57.57575757575758,50.505050505050505,7.07070707070707
E00076235,148,45,9,36,103,89,14,30.405405405405407,6.081081081081082,24.324324324324326,69.5945945945946,60.13513513513513,9.45945945945946
E00076236,121,42,13,29,79,66,13,34.710743801652896,10.743801652892563,23.96694214876033,65.28925619834712,54.54545454545454,10.743801652892563
E00076237,103,38,11,27,65,59,6,36.89320388349515,10.679611650485436,26.21359223300971,63.10679611650486,57.28155339805825,5.825242718446602
E00076238,118,37,10,27,81,72,9,31.35593220338983,8.47457627118644,22.88135593220339,68.64406779661016,61.016949152542374,7.627118644067797
E00076239,125,41,15,26,84,79,5,32.800000000000004,12,20.8,67.2,63.2,4
E00076240,128,46,14,32,82,72,10,35.9375,10.9375,25,64.0625,56.25,7.8125
E00076241,140,46,9,37,94,83,11,32.857142857142854,6.428571428571428,26.42857142857143,67.14285714285714,59.285714285714285,7.857142857142857
E00076243,127,45,14,31,82,69,13,35.43307086614173,11.023622047244094,24.409448818897637,64.56692913385827,54.330708661417326,10.236220472440944
E00076246,146,56,17,39,90,77,13,38.35616438356164,11.643835616438356,26.71232876712329,61.64383561643836,52.73972602739726,8.904109589041095
E00076248,158,41,10,31,117,105,12,25.949367088607595,6.329113924050633,19.62025316455696,74.0506329113924,66.45569620253164,7.59493670886076
E00076249,130,57,18,39,73,69,4,43.84615384615385,13.846153846153847,30,56.15384615384615,53.07692307692308,3.076923076923077
E00076250,102,30,9,21,72,67,5,29.411764705882355,8.823529411764707,20.588235294117645,70.58823529411765,65.68627450980392,4.901960784313726
E00076251,198,74,13,61,124,105,19,37.37373737373738,6.565656565656567,30.808080808080806,62.62626262626263,53.03030303030303,9.595959595959595
E00076252,130,42,13,29,88,72,16,32.30769230769231,10,22.30769230769231,67.6923076923077,55.38461538461539,12.307692307692308
E00076253,111,44,9,35,67,59,8,39.63963963963964,8.108108108108109,31.53153153153153,60.36036036036037,53.153153153153156,7.207207207207207
E00076254,109,41,11,30,68,63,5,37.61467889908257,10.091743119266056,27.522935779816514,62.38532110091744,57.798165137614674,4.587155963302752
E00076255,88,31,10,21,57,53,4,35.22727272727273,11.363636363636363,23.863636363636363,64.77272727272727,60.22727272727273,4.545454545454546
E00076256,184,53,11,42,131,116,15,28.804347826086957,5.978260869565218,22.82608695652174,71.19565217391305,63.04347826086957,8.152173913043478
E00076257,114,30,9,21,84,74,10,26.31578947368421,7.894736842105263,18.421052631578945,73.68421052631578,64.91228070175438,8.771929824561402
E00076258,80,29,9,20,51,45,6,36.25,11.25,25,63.74999999999999,56.25,7.5
E00076260,123,40,9,31,83,74,9,32.52032520325203,7.317073170731707,25.203252032520325,67.47967479674797,60.16260162601627,7.317073170731707
E00076261,100,39,8,31,61,58,3,39,8,31,61,57.99999999999999,3
E00076262,128,51,11,40,77,70,7,39.84375,8.59375,31.25,60.15625,54.6875,5.46875
E00076263,111,27,5,22,84,80,4,24.324324324324326,4.504504504504505,19.81981981981982,75.67567567567568,72.07207207207207,3.6036036036036037
E00076264,130,51,7,44,79,73,6,39.23076923076923,5.384615384615385,33.84615384615385,60.76923076923077,56.15384615384615,4.615384615384616
E00076265,83,25,7,18,58,52,6,30.120481927710845,8.433734939759036,21.686746987951807,69.87951807228916,62.65060240963856,7.228915662650602
E00076266,110,31,9,22,79,66,13,28.18181818181818,8.181818181818182,20,71.81818181818181,60,11.818181818181818
E00076267,128,39,13,26,89,78,11,30.46875,10.15625,20.3125,69.53125,60.9375,8.59375
E00076268,75,29,8,21,46,39,7,38.666666666666664,10.666666666666668,28.000000000000004,61.33333333333333,52,9.333333333333334
E00076269,135,40,10,30,95,84,11,29.629629629629626,7.4074074074074066,22.22222222222222,70.37037037037037,62.22222222222222,8.148148148148149
E00076270,169,52,18,34,117,102,15,30.76923076923077,10.650887573964498,20.118343195266274,69.23076923076923,60.35502958579882,8.875739644970414
E00076271,167,41,10,31,126,110,16,24.550898203592812,5.9880239520958085,18.562874251497004,75.44910179640718,65.86826347305389,9.580838323353294
E00076272,105,28,7,21,77,68,9,26.666666666666668,6.666666666666667,20,73.33333333333333,64.76190476190476,8.571428571428571
E00076273,132,33,15,18,99,82,17,25,11.363636363636363,13.636363636363635,75,62.121212121212125,12.878787878787879
E00076274,167,60,19,41,107,87,20,35.92814371257485,11.377245508982035,24.550898203592812,64.07185628742515,52.09580838323353,11.976047904191617
E00076275,144,46,10,36,98,78,20,31.944444444444443,6.944444444444445,25,68.05555555555556,54.166666666666664,13.88888888888889
E00076276,168,52,14,38,116,101,15,30.952380952380953,8.333333333333332,22.61904761904762,69.04761904761905,60.11904761904761,8.928571428571429
E00076277,162,37,13,24,125,110,15,22.839506172839506,8.024691358024691,14.814814814814813,77.1604938271605,67.90123456790124,9.25925925925926
E00076278,142,42,11,31,100,86,14,29.577464788732392,7.746478873239436,21.830985915492956,70.4225352112676,60.56338028169014,9.859154929577464
E00076279,192,56,13,43,136,127,9,29.166666666666668,6.770833333333333,22.395833333333336,70.83333333333334,66.14583333333334,4.6875
E00076280,85,29,6,23,56,51,5,34.11764705882353,7.0588235294117645,27.058823529411764,65.88235294117646,60,5.88235294117647
E00076281,180,39,8,31,141,122,19,21.666666666666668,4.444444444444445,17.22222222222222,78.33333333333333,67.77777777777779,10.555555555555555
E00076282,136,39,15,24,97,78,19,28.676470588235293,11.029411764705882,17.647058823529413,71.32352941176471,57.35294117647059,13.970588235294118
E00076283,142,45,12,33,97,77,20,31.690140845070424,8.450704225352112,23.239436619718308,68.30985915492957,54.22535211267606,14.084507042253522
E00076284,150,40,14,26,110,92,18,26.666666666666668,9.333333333333334,17.333333333333336,73.33333333333333,61.33333333333333,12
E00076285,167,53,22,31,114,96,18,31.736526946107784,13.17365269461078,18.562874251497004,68.26347305389223,57.48502994011976,10.778443113772456
E00076286,156,43,15,28,113,103,10,27.564102564102566,9.615384615384617,17.94871794871795,72.43589743589743,66.02564102564102,6.41025641025641
E00076287,161,54,19,35,107,93,14,33.54037267080746,11.801242236024844,21.73913043478261,66.45962732919256,57.7639751552795,8.695652173913043
E00076288,155,51,11,40,104,92,12,32.903225806451616,7.096774193548387,25.806451612903224,67.0967741935484,59.354838709677416,7.741935483870968
E00076289,163,42,12,30,121,103,18,25.766871165644172,7.361963190184049,18.404907975460123,74.23312883435584,63.190184049079754,11.042944785276074
E00076290,138,38,9,29,100,85,15,27.536231884057973,6.521739130434782,21.014492753623188,72.46376811594203,61.59420289855072,10.869565217391305
E00076291,184,51,18,33,133,104,29,27.717391304347828,9.782608695652174,17.934782608695652,72.28260869565217,56.52173913043478,15.760869565217392
E00076292,143,45,18,27,98,78,20,31.46853146853147,12.587412587412588,18.88111888111888,68.53146853146853,54.54545454545454,13.986013986013987
E00076293,169,45,17,28,124,106,18,26.627218934911244,10.059171597633137,16.56804733727811,73.37278106508876,62.721893491124256,10.650887573964498
E00076294,109,35,11,24,74,64,10,32.11009174311927,10.091743119266056,22.018348623853214,67.88990825688074,58.71559633027523,9.174311926605505
E00076295,226,66,28,38,160,136,24,29.20353982300885,12.389380530973451,16.8141592920354,70.79646017699115,60.17699115044248,10.619469026548673
E00076296,152,53,16,37,99,87,12,34.868421052631575,10.526315789473683,24.342105263157894,65.13157894736842,57.23684210526315,7.894736842105263
E00076297,194,72,22,50,122,103,19,37.11340206185567,11.34020618556701,25.773195876288657,62.88659793814433,53.09278350515464,9.793814432989691
E00076298,164,39,10,29,125,109,16,23.78048780487805,6.097560975609756,17.682926829268293,76.21951219512195,66.46341463414635,9.75609756097561
E00076299,193,49,14,35,144,130,14,25.38860103626943,7.253886010362693,18.134715025906736,74.61139896373057,67.35751295336787,7.253886010362693
E00076300,177,66,27,39,111,99,12,37.28813559322034,15.254237288135593,22.033898305084744,62.71186440677966,55.932203389830505,6.779661016949152
E00076301,136,42,14,28,94,80,14,30.88235294117647,10.294117647058822,20.588235294117645,69.11764705882352,58.82352941176471,10.294117647058822
E00076302,120,35,12,23,85,74,11,29.166666666666668,10,19.166666666666668,70.83333333333334,61.66666666666667,9.166666666666666
E00076303,139,43,12,31,96,76,20,30.935251798561154,8.633093525179856,22.302158273381295,69.06474820143885,54.67625899280576,14.388489208633093
E00076304,155,50,17,33,105,92,13,32.25806451612903,10.967741935483872,21.29032258064516,67.74193548387096,59.354838709677416,8.38709677419355
E00076305,173,54,27,27,119,96,23,31.213872832369944,15.606936416184972,15.606936416184972,68.78612716763006,55.49132947976878,13.294797687861271
E00076306,158,53,11,42,105,88,17,33.54430379746836,6.962025316455696,26.582278481012654,66.45569620253164,55.69620253164557,10.759493670886076
E00076307,137,45,18,27,92,74,18,32.846715328467155,13.138686131386862,19.708029197080293,67.15328467153284,54.01459854014598,13.138686131386862
E00076308,171,55,15,40,116,107,9,32.16374269005848,8.771929824561402,23.391812865497073,67.83625730994152,62.57309941520468,5.263157894736842
E00076309,226,63,23,40,163,145,18,27.876106194690266,10.176991150442479,17.699115044247787,72.12389380530973,64.15929203539822,7.964601769911504
E00076310,138,48,17,31,90,78,12,34.78260869565217,12.318840579710146,22.463768115942027,65.21739130434783,56.52173913043478,8.695652173913043
E00076311,185,62,23,39,123,97,26,33.513513513513516,12.432432432432433,21.08108108108108,66.48648648648648,52.43243243243243,14.054054054054054
E00076312,152,45,19,26,107,98,9,29.605263157894733,12.5,17.105263157894736,70.39473684210526,64.47368421052632,5.921052631578947
E00076313,182,51,19,32,131,111,20,28.021978021978022,10.43956043956044,17.582417582417584,71.97802197802197,60.98901098901099,10.989010989010989
E00076314,195,67,26,41,128,115,13,34.35897435897436,13.333333333333334,21.025641025641026,65.64102564102564,58.97435897435898,6.666666666666667
E00076315,132,40,8,32,92,78,14,30.303030303030305,6.0606060606060606,24.242424242424242,69.6969696969697,59.09090909090909,10.606060606060606
E00076316,127,36,9,27,91,82,9,28.346456692913385,7.086614173228346,21.25984251968504,71.65354330708661,64.56692913385827,7.086614173228346
E00076317,144,46,11,35,98,79,19,31.944444444444443,7.638888888888889,24.305555555555554,68.05555555555556,54.861111111111114,13.194444444444445
E00076318,185,49,16,33,136,122,14,26.486486486486488,8.64864864864865,17.83783783783784,73.51351351351352,65.94594594594595,7.567567567567568
E00076319,211,68,21,47,143,131,12,32.22748815165877,9.95260663507109,22.274881516587676,67.77251184834124,62.08530805687204,5.687203791469194
E00076320,155,48,14,34,107,91,16,30.967741935483872,9.032258064516128,21.935483870967744,69.03225806451613,58.70967741935483,10.32258064516129
E00076321,146,44,12,32,102,94,8,30.136986301369863,8.21917808219178,21.91780821917808,69.86301369863014,64.38356164383562,5.47945205479452
E00076322,374,96,22,74,278,248,30,25.668449197860966,5.88235294117647,19.786096256684495,74.33155080213903,66.31016042780749,8.0213903743315509
E00076323,161,50,14,36,111,93,18,31.05590062111801,8.695652173913043,22.36024844720497,68.94409937888199,57.7639751552795,11.180124223602485
E00076324,235,55,15,40,180,163,17,23.404255319148938,6.382978723404255,17.02127659574468,76.59574468085107,69.36170212765957,7.234042553191489
E00076325,173,55,16,39,118,90,28,31.79190751445087,9.248554913294797,22.54335260115607,68.20809248554913,52.02312138728323,16.184971098265898
E00076326,310,85,19,66,225,197,28,27.419354838709676,6.129032258064516,21.29032258064516,72.58064516129032,63.54838709677419,9.032258064516128
E00076327,129,54,23,31,75,67,8,41.86046511627907,17.829457364341085,24.031007751937985,58.139534883720934,51.93798449612403,6.2015503875969
E00076328,161,57,13,44,104,93,11,35.40372670807454,8.074534161490684,27.32919254658385,64.59627329192547,57.7639751552795,6.832298136645963
E00076329,166,47,12,35,119,97,22,28.313253012048197,7.228915662650602,21.084337349397593,71.6867469879518,58.43373493975904,13.253012048192772
E00076330,126,38,8,30,88,76,12,30.158730158730158,6.349206349206349,23.809523809523807,69.84126984126983,60.317460317460316,9.523809523809524
E00076331,135,37,15,22,98,83,15,27.40740740740741,11.11111111111111,16.296296296296298,72.5925925925926,61.48148148148148,11.11111111111111
E00076332,181,53,15,38,128,96,32,29.2817679558011,8.287292817679557,20.994475138121548,70.71823204419888,53.03867403314917,17.67955801104972
E00076333,142,40,12,28,102,79,23,28.169014084507044,8.450704225352112,19.718309859154928,71.83098591549296,55.633802816901415,16.19718309859155
E00076334,123,42,12,30,81,71,10,34.146341463414636,9.75609756097561,24.390243902439025,65.85365853658537,57.72357723577236,8.130081300813007
E00076335,183,58,12,46,125,104,21,31.693989071038253,6.557377049180328,25.136612021857925,68.30601092896174,56.830601092896174,11.475409836065573
E00076336,159,51,14,37,108,90,18,32.075471698113205,8.80503144654088,23.270440251572328,67.9245283018868,56.60377358490566,11.320754716981133
E00076337,116,28,6,22,88,80,8,24.137931034482758,5.172413793103448,18.96551724137931,75.86206896551724,68.96551724137932,6.896551724137931
E00076338,120,32,14,18,88,79,9,26.666666666666668,11.666666666666666,15,73.33333333333333,65.83333333333333,7.5
E00076339,138,51,18,33,87,71,16,36.95652173913043,13.043478260869565,23.91304347826087,63.04347826086957,51.449275362318836,11.594202898550725
E00076340,148,41,10,31,107,95,12,27.7027027027027,6.756756756756757,20.945945945945947,72.2972972972973,64.1891891891892,8.108108108108109
E00076341,80,28,15,13,52,49,3,35,18.75,16.25,65,61.25000000000001,3.75
E00076344,115,29,5,24,86,71,15,25.217391304347824,4.3478260869565215,20.869565217391305,74.78260869565217,61.73913043478261,13.043478260869565
E00076345,180,46,12,34,134,110,24,25.555555555555554,6.666666666666667,18.88888888888889,74.44444444444444,61.111111111111114,13.333333333333334
E00076346,177,48,15,33,129,105,24,27.11864406779661,8.47457627118644,18.64406779661017,72.88135593220339,59.32203389830508,13.559322033898304
E00076347,123,40,13,27,83,75,8,32.52032520325203,10.569105691056912,21.951219512195124,67.47967479674797,60.97560975609756,6.504065040650407
E00076348,170,55,11,44,115,104,11,32.35294117647059,6.470588235294119,25.882352941176475,67.64705882352942,61.1764705882353,6.470588235294119
E00076349,145,39,5,34,106,94,12,26.89655172413793,3.4482758620689653,23.448275862068964,73.10344827586206,64.82758620689654,8.275862068965518
E00076350,179,58,18,40,121,104,17,32.402234636871505,10.05586592178771,22.3463687150838,67.59776536312849,58.10055865921788,9.497206703910614
E00076351,114,45,9,36,69,54,15,39.473684210526315,7.894736842105263,31.57894736842105,60.526315789473685,47.368421052631575,13.157894736842104
E00076352,116,37,13,24,79,66,13,31.896551724137932,11.206896551724139,20.689655172413794,68.10344827586206,56.896551724137936,11.206896551724139
E00076353,140,47,13,34,93,78,15,33.57142857142857,9.285714285714286,24.285714285714285,66.42857142857143,55.714285714285715,10.714285714285714
E00076354,148,46,19,27,102,86,16,31.08108108108108,12.837837837837837,18.243243243243242,68.91891891891892,58.108108108108105,10.81081081081081
E00076355,38,14,3,11,24,17,7,36.84210526315789,7.894736842105263,28.947368421052634,63.1578947368421,44.73684210526316,18.421052631578945
E00076356,139,39,11,28,100,88,12,28.05755395683453,7.913669064748201,20.14388489208633,71.94244604316546,63.30935251798561,8.633093525179856
E00076357,163,41,10,31,122,108,14,25.153374233128833,6.134969325153374,19.018404907975462,74.84662576687117,66.25766871165644,8.588957055214724
E00076358,140,43,17,26,97,87,10,30.714285714285715,12.142857142857142,18.571428571428573,69.28571428571428,62.142857142857146,7.142857142857142
E00076359,120,36,11,25,84,63,21,30,9.166666666666666,20.833333333333336,70,52.5,17.5
E00076360,153,47,8,39,106,94,12,30.718954248366014,5.228758169934641,25.49019607843137,69.28104575163398,61.43790849673203,7.8431372549019605
E00076361,147,36,12,24,111,103,8,24.489795918367346,8.16326530612245,16.3265306122449,75.51020408163265,70.06802721088435,5.442176870748299
E00076362,88,26,5,21,62,58,4,29.545454545454547,5.681818181818182,23.863636363636363,70.45454545454545,65.9090909090909,4.545454545454546
E00076363,62,18,4,14,44,42,2,29.03225806451613,6.451612903225806,22.58064516129032,70.96774193548387,67.74193548387096,3.225806451612903
E00076364,92,39,12,27,53,48,5,42.391304347826086,13.043478260869565,29.347826086956523,57.608695652173914,52.17391304347826,5.434782608695652
E00076365,97,26,7,19,71,60,11,26.804123711340207,7.216494845360824,19.587628865979383,73.19587628865979,61.855670103092784,11.34020618556701
E00076366,60,24,5,19,36,30,6,40,8.333333333333332,31.666666666666664,60,50,10
E00076367,143,41,9,32,102,94,8,28.671328671328673,6.293706293706294,22.377622377622377,71.32867132867133,65.73426573426573,5.594405594405594
E00076368,95,25,6,19,70,54,16,26.31578947368421,6.315789473684211,20,73.68421052631578,56.84210526315789,16.842105263157894
E00076369,214,70,29,41,144,124,20,32.71028037383177,13.551401869158877,19.158878504672895,67.28971962616822,57.943925233644855,9.345794392523365
E00076370,156,40,12,28,116,103,13,25.64102564102564,7.6923076923076925,17.94871794871795,74.35897435897436,66.02564102564102,8.333333333333332
E00076371,118,35,9,26,83,68,15,29.66101694915254,7.627118644067797,22.033898305084744,70.33898305084746,57.6271186440678,12.711864406779661
E00076372,162,48,13,35,114,103,11,29.629629629629626,8.024691358024691,21.604938271604937,70.37037037037037,63.580246913580254,6.790123456790123
E00076373,168,57,15,42,111,91,20,33.92857142857143,8.928571428571429,25,66.07142857142857,54.166666666666664,11.904761904761903
E00076374,171,64,16,48,107,95,12,37.42690058479532,9.35672514619883,28.07017543859649,62.57309941520468,55.55555555555556,7.017543859649122
E00076375,163,56,21,35,107,90,17,34.355828220858896,12.883435582822086,21.472392638036812,65.6441717791411,55.21472392638037,10.429447852760736
E00076376,131,35,7,28,96,79,17,26.717557251908396,5.343511450381679,21.374045801526716,73.2824427480916,60.30534351145038,12.977099236641221
E00076377,194,72,25,47,122,108,14,37.11340206185567,12.886597938144329,24.22680412371134,62.88659793814433,55.670103092783506,7.216494845360824
E00076378,138,41,11,30,97,88,9,29.71014492753623,7.971014492753622,21.73913043478261,70.28985507246377,63.76811594202898,6.521739130434782
E00076379,199,58,13,45,141,123,18,29.145728643216078,6.532663316582915,22.613065326633166,70.85427135678391,61.80904522613066,9.045226130653267
E00076380,203,57,17,40,146,130,16,28.078817733990146,8.374384236453201,19.704433497536947,71.92118226600985,64.03940886699507,7.8817733990147785
E00076381,72,18,10,8,54,48,6,25,13.88888888888889,11.11111111111111,75,66.66666666666666,8.333333333333332
E00076382,169,54,11,43,115,100,15,31.952662721893493,6.508875739644971,25.443786982248522,68.04733727810651,59.171597633136095,8.875739644970414
E00076383,172,49,16,33,123,100,23,28.488372093023255,9.30232558139535,19.186046511627907,71.51162790697676,58.139534883720934,13.372093023255813
E00076384,122,38,10,28,84,77,7,31.147540983606557,8.19672131147541,22.950819672131146,68.85245901639344,63.114754098360656,5.737704918032787
E00076385,138,51,25,26,87,67,20,36.95652173913043,18.115942028985508,18.84057971014493,63.04347826086957,48.55072463768116,14.492753623188406
E00076386,189,62,15,47,127,115,12,32.804232804232804,7.936507936507936,24.867724867724867,67.1957671957672,60.84656084656085,6.349206349206349
E00076387,130,52,13,39,78,63,15,40,10,30,60,48.46153846153846,11.538461538461538
E00076388,171,59,22,37,112,101,11,34.50292397660819,12.865497076023392,21.637426900584796,65.49707602339181,59.06432748538012,6.432748538011696
E00076389,127,40,11,29,87,76,11,31.496062992125985,8.661417322834646,22.83464566929134,68.50393700787401,59.84251968503938,8.661417322834646
E00076390,157,45,9,36,112,97,15,28.662420382165603,5.7324840764331215,22.929936305732486,71.3375796178344,61.78343949044586,9.554140127388536
E00076391,125,42,10,32,83,70,13,33.6,8,25.6,66.4,56.00000000000001,10.4
E00076392,150,52,18,34,98,85,13,34.66666666666667,12,22.666666666666664,65.33333333333333,56.666666666666664,8.666666666666668
E00076393,136,49,15,34,87,76,11,36.029411764705884,11.029411764705882,25,63.970588235294116,55.88235294117647,8.088235294117647
E00076394,189,51,19,32,138,116,22,26.984126984126984,10.052910052910052,16.93121693121693,73.01587301587301,61.37566137566137,11.64021164021164
E00076395,119,47,10,37,72,63,9,39.49579831932773,8.403361344537815,31.092436974789916,60.50420168067227,52.94117647058824,7.563025210084033
E00076396,135,53,11,42,82,68,14,39.25925925925926,8.148148148148149,31.11111111111111,60.74074074074074,50.37037037037037,10.37037037037037
E00076397,150,51,12,39,99,83,16,34,8,26,66,55.333333333333336,10.666666666666668
E00076398,201,59,10,49,142,123,19,29.35323383084577,4.975124378109453,24.378109452736318,70.64676616915423,61.19402985074627,9.45273631840796
E00076399,138,42,12,30,96,82,14,30.434782608695656,8.695652173913043,21.73913043478261,69.56521739130434,59.42028985507246,10.144927536231885
E00076400,167,54,18,36,113,95,18,32.33532934131736,10.778443113772456,21.55688622754491,67.66467065868264,56.886227544910184,10.778443113772456
E00076401,116,38,9,29,78,70,8,32.758620689655174,7.758620689655173,25,67.24137931034483,60.3448275862069,6.896551724137931
E00076402,131,43,10,33,88,77,11,32.82442748091603,7.633587786259542,25.190839694656486,67.17557251908397,58.778625954198475,8.396946564885496
E00076403,131,40,13,27,91,77,14,30.53435114503817,9.923664122137405,20.610687022900763,69.46564885496184,58.778625954198475,10.687022900763358
E00076404,128,39,11,28,89,76,13,30.46875,8.59375,21.875,69.53125,59.375,10.15625
E00076405,161,51,17,34,110,96,14,31.67701863354037,10.559006211180124,21.11801242236025,68.32298136645963,59.62732919254658,8.695652173913043
E00076406,110,34,9,25,76,69,7,30.909090909090907,8.181818181818182,22.727272727272727,69.0909090909091,62.727272727272734,6.363636363636363
E00076407,141,46,16,30,95,80,15,32.62411347517731,11.347517730496454,21.27659574468085,67.37588652482269,56.73758865248227,10.638297872340425
E00076408,116,34,11,23,82,68,14,29.310344827586203,9.482758620689655,19.82758620689655,70.6896551724138,58.620689655172406,12.068965517241379
E00076409,167,52,11,41,115,101,14,31.137724550898206,6.58682634730539,24.550898203592812,68.8622754491018,60.47904191616767,8.383233532934131
E00076410,155,58,16,42,97,82,15,37.41935483870968,10.32258064516129,27.09677419354839,62.58064516129033,52.903225806451616,9.67741935483871
E00076411,91,29,7,22,62,52,10,31.868131868131865,7.6923076923076925,24.175824175824175,68.13186813186813,57.14285714285714,10.989010989010989
E00076412,125,36,13,23,89,73,16,28.799999999999997,10.4,18.4,71.2,58.4,12.8
E00076413,106,34,11,23,72,70,2,32.075471698113205,10.377358490566039,21.69811320754717,67.9245283018868,66.0377358490566,1.8867924528301887
E00076414,114,47,15,32,67,59,8,41.228070175438596,13.157894736842104,28.07017543859649,58.77192982456141,51.75438596491229,7.017543859649122
E00076415,153,53,11,42,100,89,11,34.64052287581699,7.18954248366013,27.450980392156865,65.359477124183,58.16993464052288,7.18954248366013
E00076416,112,30,9,21,82,68,14,26.785714285714285,8.035714285714286,18.75,73.21428571428571,60.71428571428571,12.5
E00076418,48,17,6,11,31,23,8,35.41666666666667,12.5,22.916666666666664,64.58333333333334,47.91666666666667,16.666666666666664
E00076420,115,33,6,27,82,67,15,28.695652173913043,5.217391304347826,23.47826086956522,71.30434782608695,58.26086956521739,13.043478260869565
E00076421,116,49,11,38,67,51,16,42.241379310344826,9.482758620689655,32.758620689655174,57.758620689655174,43.96551724137931,13.793103448275861
E00076422,105,38,8,30,67,58,9,36.19047619047619,7.6190476190476195,28.57142857142857,63.8095238095238,55.23809523809524,8.571428571428571
E00076423,129,38,8,30,91,76,15,29.457364341085274,6.2015503875969,23.25581395348837,70.54263565891473,58.91472868217055,11.627906976744185
E00076424,97,38,13,25,59,52,7,39.175257731958766,13.402061855670103,25.773195876288657,60.824742268041234,53.608247422680414,7.216494845360824
E00076425,133,45,14,31,88,73,15,33.83458646616541,10.526315789473683,23.308270676691727,66.16541353383458,54.88721804511278,11.278195488721805
E00076426,104,32,13,19,72,59,13,30.76923076923077,12.5,18.269230769230766,69.23076923076923,56.730769230769226,12.5
E00076427,141,53,10,43,88,72,16,37.5886524822695,7.092198581560284,30.49645390070922,62.4113475177305,51.06382978723404,11.347517730496454
E00076428,117,35,13,22,82,62,20,29.914529914529915,11.11111111111111,18.803418803418804,70.08547008547008,52.991452991452995,17.094017094017094
E00076429,100,29,10,19,71,61,10,28.999999999999996,10,19,71,61,10
E00076430,123,32,7,25,91,77,14,26.01626016260163,5.691056910569105,20.32520325203252,73.98373983739837,62.601626016260155,11.38211382113821
E00076431,127,42,10,32,85,72,13,33.07086614173229,7.874015748031496,25.196850393700785,66.92913385826772,56.69291338582677,10.236220472440944
E00076432,94,32,9,23,62,37,25,34.04255319148936,9.574468085106384,24.46808510638298,65.95744680851064,39.361702127659576,26.595744680851062
E00076433,156,45,8,37,111,96,15,28.846153846153843,5.128205128205128,23.717948717948715,71.15384615384616,61.53846153846154,9.615384615384617
E00076434,145,45,14,31,100,81,19,31.03448275862069,9.655172413793103,21.379310344827587,68.96551724137932,55.86206896551724,13.10344827586207
E00076435,42,23,9,14,19,14,5,54.761904761904766,21.428571428571427,33.33333333333333,45.23809523809524,33.33333333333333,11.904761904761903
E00076436,131,38,16,22,93,82,11,29.00763358778626,12.213740458015266,16.793893129770993,70.99236641221374,62.59541984732825,8.396946564885496
E00076437,141,47,18,29,94,77,17,33.33333333333333,12.76595744680851,20.56737588652482,66.66666666666666,54.60992907801418,12.056737588652481
E00076438,178,52,16,36,126,95,31,29.213483146067414,8.98876404494382,20.224719101123593,70.78651685393258,53.37078651685393,17.415730337078653
E00076439,136,39,15,24,97,86,11,28.676470588235293,11.029411764705882,17.647058823529413,71.32352941176471,63.23529411764706,8.088235294117647
E00076440,125,36,8,28,89,74,15,28.799999999999997,6.4,22.400000000000002,71.2,59.199999999999996,12
E00076441,116,38,8,30,78,65,13,32.758620689655174,6.896551724137931,25.862068965517242,67.24137931034483,56.03448275862068,11.206896551724139
E00076442,165,53,18,35,112,105,7,32.121212121212125,10.909090909090908,21.21212121212121,67.87878787878789,63.63636363636363,4.242424242424243
E00076443,156,58,21,37,98,73,25,37.17948717948718,13.461538461538462,23.717948717948715,62.82051282051282,46.794871794871796,16.025641025641026
E00076444,138,50,13,37,88,82,6,36.231884057971016,9.420289855072465,26.811594202898554,63.76811594202898,59.42028985507246,4.3478260869565215
E00076445,148,46,12,34,102,86,16,31.08108108108108,8.108108108108109,22.972972972972975,68.91891891891892,58.108108108108105,10.81081081081081
E00076446,130,43,15,28,87,76,11,33.07692307692307,11.538461538461538,21.53846153846154,66.92307692307692,58.46153846153847,8.461538461538462
E00076447,170,51,11,40,119,95,24,30,6.470588235294119,23.52941176470588,70,55.88235294117647,14.117647058823529
E00076448,130,34,6,28,96,83,13,26.153846153846157,4.615384615384616,21.53846153846154,73.84615384615385,63.84615384615384,10
E00076449,218,66,22,44,152,130,22,30.275229357798167,10.091743119266056,20.18348623853211,69.72477064220183,59.63302752293578,10.091743119266056
E00076451,196,60,11,49,136,93,43,30.612244897959183,5.612244897959184,25,69.38775510204081,47.44897959183674,21.93877551020408
E00076452,126,42,12,30,84,75,9,33.33333333333333,9.523809523809524,23.809523809523807,66.66666666666666,59.523809523809526,7.142857142857142
E00076453,148,43,13,30,105,91,14,29.054054054054053,8.783783783783784,20.27027027027027,70.94594594594594,61.48648648648649,9.45945945945946
E00076454,202,64,20,44,138,115,23,31.683168316831683,9.900990099009901,21.782178217821784,68.31683168316832,56.930693069306926,11.386138613861387
E00076455,123,35,12,23,88,78,10,28.455284552845526,9.75609756097561,18.69918699186992,71.54471544715447,63.41463414634146,8.130081300813007
E00076456,143,36,11,25,107,94,13,25.174825174825177,7.6923076923076925,17.482517482517483,74.82517482517483,65.73426573426573,9.090909090909092
E00076459,158,50,12,38,108,86,22,31.645569620253166,7.59493670886076,24.050632911392405,68.35443037974683,54.43037974683544,13.924050632911392
E00076460,150,41,10,31,109,92,17,27.333333333333332,6.666666666666667,20.666666666666668,72.66666666666667,61.33333333333333,11.333333333333332
E00076461,133,52,17,35,81,76,5,39.097744360902254,12.781954887218044,26.31578947368421,60.902255639097746,57.14285714285714,3.7593984962406015
E00076462,181,58,16,42,123,97,26,32.04419889502763,8.83977900552486,23.204419889502763,67.95580110497238,53.591160220994475,14.3646408839779
E00076463,139,49,14,35,90,76,14,35.25179856115108,10.071942446043165,25.179856115107913,64.74820143884892,54.67625899280576,10.071942446043165
E00076464,122,42,12,30,80,68,12,34.42622950819672,9.836065573770492,24.59016393442623,65.57377049180327,55.73770491803278,9.836065573770492
E00076465,181,61,24,37,120,105,15,33.70165745856354,13.259668508287293,20.441988950276244,66.29834254143645,58.011049723756905,8.287292817679557
E00076466,143,42,16,26,101,80,21,29.37062937062937,11.188811188811188,18.181818181818183,70.62937062937063,55.94405594405595,14.685314685314685
E00076467,143,45,15,30,98,81,17,31.46853146853147,10.48951048951049,20.97902097902098,68.53146853146853,56.64335664335665,11.888111888111888
E00076468,230,77,17,60,153,122,31,33.47826086956522,7.391304347826087,26.08695652173913,66.52173913043478,53.04347826086957,13.478260869565217
E00076469,159,48,17,31,111,95,16,30.18867924528302,10.69182389937107,19.49685534591195,69.81132075471697,59.74842767295597,10.062893081761008
E00076470,161,53,18,35,108,87,21,32.91925465838509,11.180124223602485,21.73913043478261,67.08074534161491,54.037267080745345,13.043478260869565
E00076471,128,44,12,32,84,73,11,34.375,9.375,25,65.625,57.03125,8.59375
E00076472,209,71,29,42,138,118,20,33.97129186602871,13.875598086124402,20.095693779904305,66.02870813397129,56.45933014354066,9.569377990430622
E00076473,144,54,13,41,90,81,9,37.5,9.027777777777777,28.47222222222222,62.5,56.25,6.25
E00076474,173,62,20,42,111,95,16,35.83815028901734,11.560693641618498,24.277456647398843,64.16184971098265,54.91329479768786,9.248554913294797
E00076475,162,52,16,36,110,97,13,32.098765432098766,9.876543209876543,22.22222222222222,67.90123456790124,59.876543209876544,8.024691358024691
E00076476,120,43,15,28,77,58,19,35.833333333333336,12.5,23.333333333333332,64.16666666666667,48.333333333333336,15.833333333333332
E00076477,74,28,11,17,46,37,9,37.83783783783784,14.864864864864865,22.972972972972975,62.16216216216216,50,12.162162162162163
E00076478,138,47,10,37,91,73,18,34.05797101449276,7.246376811594203,26.811594202898554,65.94202898550725,52.89855072463768,13.043478260869565
E00076479,121,46,14,32,75,59,16,38.01652892561984,11.570247933884298,26.446280991735538,61.98347107438017,48.760330578512395,13.223140495867769
E00076480,110,41,16,25,69,53,16,37.27272727272727,14.545454545454545,22.727272727272727,62.727272727272734,48.18181818181818,14.545454545454545
E00076481,198,52,16,36,146,127,19,26.262626262626267,8.080808080808081,18.181818181818183,73.73737373737373,64.14141414141415,9.595959595959595
E00076482,101,26,7,19,75,62,13,25.742574257425744,6.9306930693069315,18.81188118811881,74.25742574257426,61.386138613861384,12.871287128712872
E00076483,122,41,9,32,81,65,16,33.60655737704918,7.377049180327869,26.229508196721312,66.39344262295081,53.278688524590166,13.114754098360656
E00076484,130,38,7,31,92,76,16,29.230769230769234,5.384615384615385,23.846153846153847,70.76923076923077,58.46153846153847,12.307692307692308
E00076485,80,21,6,15,59,57,2,26.25,7.5,18.75,73.75,71.25,2.5
E00076486,141,42,14,28,99,83,16,29.78723404255319,9.929078014184398,19.858156028368796,70.2127659574468,58.86524822695035,11.347517730496454
E00076487,117,43,20,23,74,63,11,36.75213675213676,17.094017094017094,19.65811965811966,63.24786324786324,53.84615384615385,9.401709401709402
E00076488,220,83,17,66,137,111,26,37.72727272727273,7.727272727272727,30,62.272727272727266,50.45454545454545,11.818181818181818
E00076489,132,45,12,33,87,76,11,34.090909090909086,9.090909090909092,25,65.9090909090909,57.57575757575758,8.333333333333332
E00076490,156,58,12,46,98,85,13,37.17948717948718,7.6923076923076925,29.48717948717949,62.82051282051282,54.48717948717948,8.333333333333332
E00076491,155,43,13,30,112,94,18,27.741935483870968,8.38709677419355,19.35483870967742,72.25806451612902,60.64516129032258,11.612903225806452
E00076492,145,39,8,31,106,87,19,26.89655172413793,5.517241379310345,21.379310344827587,73.10344827586206,60,13.10344827586207
E00076493,86,29,6,23,57,53,4,33.72093023255814,6.976744186046512,26.744186046511626,66.27906976744185,61.627906976744185,4.651162790697675
E00076494,109,34,11,23,75,70,5,31.19266055045872,10.091743119266056,21.100917431192663,68.80733944954129,64.22018348623854,4.587155963302752
E00076495,117,39,12,27,78,65,13,33.33333333333333,10.256410256410255,23.076923076923077,66.66666666666666,55.55555555555556,11.11111111111111
E00076496,102,34,11,23,68,64,4,33.33333333333333,10.784313725490197,22.54901960784314,66.66666666666666,62.745098039215684,3.9215686274509802
E00076497,106,36,9,27,70,63,7,33.9622641509434,8.49056603773585,25.471698113207548,66.0377358490566,59.43396226415094,6.60377358490566
E00076498,137,47,10,37,90,80,10,34.306569343065696,7.2992700729927,27.00729927007299,65.69343065693431,58.3941605839416,7.2992700729927
E00076499,103,27,8,19,76,64,12,26.21359223300971,7.766990291262135,18.446601941747574,73.7864077669903,62.13592233009708,11.650485436893204
E00076500,152,47,16,31,105,94,11,30.92105263157895,10.526315789473683,20.394736842105264,69.07894736842105,61.8421052631579,7.236842105263158
E00076501,107,29,8,21,78,66,12,27.102803738317753,7.476635514018691,19.626168224299064,72.89719626168224,61.6822429906542,11.214953271028037
E00076502,146,46,9,37,100,92,8,31.506849315068493,6.164383561643835,25.34246575342466,68.4931506849315,63.013698630136986,5.47945205479452
E00076503,92,25,12,13,67,58,9,27.173913043478258,13.043478260869565,14.130434782608695,72.82608695652173,63.04347826086957,9.782608695652174
E00076504,110,48,19,29,62,58,4,43.63636363636363,17.272727272727273,26.36363636363636,56.36363636363636,52.72727272727272,3.6363636363636362
E00076505,102,33,11,22,69,52,17,32.35294117647059,10.784313725490197,21.568627450980394,67.64705882352942,50.98039215686274,16.666666666666664
E00076506,83,29,10,19,54,49,5,34.93975903614458,12.048192771084338,22.89156626506024,65.06024096385542,59.036144578313255,6.024096385542169
E00076507,146,42,15,27,104,95,9,28.767123287671232,10.273972602739725,18.493150684931507,71.23287671232876,65.06849315068493,6.164383561643835
E00076508,117,35,10,25,82,71,11,29.914529914529915,8.547008547008547,21.367521367521366,70.08547008547008,60.68376068376068,9.401709401709402
E00076509,89,34,6,28,55,46,9,38.20224719101123,6.741573033707865,31.46067415730337,61.79775280898876,51.68539325842697,10.112359550561797
E00076510,119,43,9,34,76,62,14,36.134453781512605,7.563025210084033,28.57142857142857,63.86554621848739,52.10084033613446,11.76470588235294
E00076511,108,41,5,36,67,60,7,37.96296296296296,4.62962962962963,33.33333333333333,62.03703703703704,55.55555555555556,6.481481481481481
E00076512,127,38,15,23,89,75,14,29.92125984251969,11.811023622047244,18.11023622047244,70.07874015748031,59.055118110236215,11.023622047244094
E00076513,143,38,7,31,105,93,12,26.573426573426573,4.895104895104895,21.678321678321677,73.42657342657343,65.03496503496503,8.391608391608392
E00076514,148,36,13,23,112,103,9,24.324324324324326,8.783783783783784,15.54054054054054,75.67567567567568,69.5945945945946,6.081081081081082
E00076515,125,38,16,22,87,80,7,30.4,12.8,17.599999999999998,69.6,64,5.6000000000000005
E00076516,92,27,5,22,65,59,6,29.347826086956523,5.434782608695652,23.91304347826087,70.65217391304348,64.13043478260869,6.521739130434782
E00076517,163,41,12,29,122,101,21,25.153374233128833,7.361963190184049,17.791411042944784,74.84662576687117,61.963190184049076,12.883435582822086
E00076518,189,64,14,50,125,102,23,33.86243386243386,7.4074074074074066,26.455026455026452,66.13756613756614,53.96825396825397,12.16931216931217
E00076519,128,39,8,31,89,80,9,30.46875,6.25,24.21875,69.53125,62.5,7.03125
E00076520,265,95,32,63,170,160,10,35.84905660377358,12.075471698113208,23.77358490566038,64.15094339622641,60.37735849056604,3.7735849056603774
E00076521,177,50,11,39,127,111,16,28.24858757062147,6.214689265536723,22.033898305084744,71.75141242937853,62.71186440677966,9.03954802259887
E00076522,147,44,22,22,103,87,16,29.931972789115648,14.965986394557824,14.965986394557824,70.06802721088435,59.183673469387756,10.884353741496598
E00076526,157,57,12,45,100,95,5,36.30573248407643,7.643312101910828,28.662420382165603,63.69426751592356,60.509554140127385,3.1847133757961785
E00076527,127,41,14,27,86,77,9,32.28346456692913,11.023622047244094,21.25984251968504,67.71653543307087,60.629921259842526,7.086614173228346
E00076528,149,45,15,30,104,90,14,30.201342281879196,10.06711409395973,20.13422818791946,69.79865771812081,60.40268456375839,9.395973154362416
E00076529,126,37,8,29,89,79,10,29.365079365079367,6.349206349206349,23.015873015873016,70.63492063492063,62.698412698412696,7.936507936507936
E00076530,137,48,12,36,89,82,7,35.03649635036496,8.75912408759124,26.277372262773724,64.96350364963503,59.854014598540154,5.109489051094891
E00076531,127,41,5,36,86,76,10,32.28346456692913,3.937007874015748,28.346456692913385,67.71653543307087,59.84251968503938,7.874015748031496
E00076532,125,37,16,21,88,67,21,29.599999999999998,12.8,16.8,70.39999999999999,53.6,16.8
E00076534,129,36,17,19,93,75,18,27.906976744186046,13.178294573643413,14.728682170542637,72.09302325581395,58.139534883720934,13.953488372093023
E00076535,124,47,16,31,77,68,9,37.903225806451616,12.903225806451612,25,62.096774193548384,54.83870967741935,7.258064516129033
E00076536,63,21,7,14,42,38,4,33.33333333333333,11.11111111111111,22.22222222222222,66.66666666666666,60.317460317460316,6.349206349206349
E00076537,89,40,23,17,49,40,9,44.9438202247191,25.842696629213485,19.101123595505616,55.0561797752809,44.9438202247191,10.112359550561797
E00076538,94,25,9,16,69,56,13,26.595744680851062,9.574468085106384,17.02127659574468,73.40425531914893,59.57446808510638,13.829787234042554
E00076539,138,29,5,24,109,89,20,21.014492753623188,3.6231884057971016,17.391304347826086,78.98550724637681,64.4927536231884,14.492753623188406
E00076540,117,46,22,24,71,59,12,39.31623931623932,18.803418803418804,20.51282051282051,60.68376068376068,50.427350427350426,10.256410256410255
E00076541,114,41,17,24,73,66,7,35.96491228070175,14.912280701754385,21.052631578947366,64.03508771929825,57.89473684210527,6.140350877192982
E00076542,131,43,20,23,88,84,4,32.82442748091603,15.267175572519085,17.557251908396946,67.17557251908397,64.12213740458014,3.0534351145038165
E00076543,125,47,18,29,78,70,8,37.6,14.399999999999999,23.200000000000003,62.4,56.00000000000001,6.4
E00076544,132,42,18,24,90,84,6,31.818181818181817,13.636363636363635,18.181818181818183,68.18181818181817,63.63636363636363,4.545454545454546
E00076545,178,45,19,26,133,110,23,25.280898876404496,10.674157303370785,14.606741573033707,74.71910112359551,61.79775280898876,12.921348314606742
E00076546,67,30,12,18,37,32,5,44.776119402985074,17.91044776119403,26.865671641791046,55.223880597014926,47.76119402985074,7.462686567164178
E00076547,136,38,15,23,98,79,19,27.941176470588236,11.029411764705882,16.911764705882355,72.05882352941177,58.08823529411765,13.970588235294118
E00076548,93,41,21,20,52,47,5,44.086021505376344,22.58064516129032,21.50537634408602,55.91397849462365,50.53763440860215,5.376344086021505
E00076549,113,32,8,24,81,71,10,28.31858407079646,7.079646017699115,21.238938053097346,71.68141592920354,62.83185840707964,8.849557522123893
E00076550,112,48,18,30,64,55,9,42.857142857142854,16.071428571428573,26.785714285714285,57.14285714285714,49.107142857142854,8.035714285714286
E00076551,93,28,8,20,65,57,8,30.107526881720432,8.60215053763441,21.50537634408602,69.89247311827957,61.29032258064516,8.60215053763441
E00076552,126,54,12,42,72,61,11,42.857142857142854,9.523809523809524,33.33333333333333,57.14285714285714,48.41269841269841,8.73015873015873
E00076553,126,39,18,21,87,78,9,30.952380952380953,14.285714285714285,16.666666666666664,69.04761904761905,61.904761904761905,7.142857142857142
E00076554,126,43,15,28,83,70,13,34.12698412698413,11.904761904761903,22.22222222222222,65.87301587301587,55.55555555555556,10.317460317460316
E00076556,122,49,15,34,73,70,3,40.16393442622951,12.295081967213115,27.86885245901639,59.83606557377049,57.377049180327866,2.459016393442623
E00076557,61,18,9,9,43,32,11,29.508196721311474,14.754098360655737,14.754098360655737,70.49180327868852,52.459016393442624,18.0327868852459
E00076558,94,37,11,26,57,50,7,39.361702127659576,11.702127659574469,27.659574468085108,60.63829787234043,53.191489361702125,7.446808510638298
E00076559,133,81,53,28,52,43,9,60.902255639097746,39.849624060150376,21.052631578947366,39.097744360902254,32.33082706766917,6.7669172932330826
E00076560,109,43,9,34,66,58,8,39.44954128440367,8.256880733944955,31.19266055045872,60.550458715596335,53.21100917431193,7.339449541284404
E00076561,122,42,13,29,80,76,4,34.42622950819672,10.655737704918032,23.770491803278688,65.57377049180327,62.295081967213115,3.278688524590164
E00076563,72,30,4,26,42,34,8,41.66666666666667,5.555555555555555,36.11111111111111,58.333333333333336,47.22222222222222,11.11111111111111
E00076564,138,53,14,39,85,75,10,38.405797101449274,10.144927536231885,28.26086956521739,61.59420289855072,54.347826086956516,7.246376811594203
E00076565,119,41,20,21,78,68,10,34.45378151260504,16.80672268907563,17.647058823529413,65.54621848739495,57.14285714285714,8.403361344537815
E00076566,108,47,13,34,61,52,9,43.51851851851852,12.037037037037036,31.48148148148148,56.481481481481474,48.148148148148145,8.333333333333332
E00076567,96,36,12,24,60,55,5,37.5,12.5,25,62.5,57.291666666666664,5.208333333333334
E00076568,131,33,11,22,98,85,13,25.190839694656486,8.396946564885496,16.793893129770993,74.80916030534351,64.8854961832061,9.923664122137405
E00076569,119,53,17,36,66,60,6,44.537815126050425,14.285714285714285,30.252100840336134,55.46218487394958,50.42016806722689,5.042016806722689
E00076571,49,14,2,12,35,31,4,28.57142857142857,4.081632653061225,24.489795918367346,71.42857142857143,63.26530612244898,8.16326530612245
E00076572,215,70,23,47,145,124,21,32.55813953488372,10.69767441860465,21.86046511627907,67.44186046511628,57.674418604651166,9.767441860465116
E00076573,176,43,18,25,133,108,25,24.431818181818183,10.227272727272728,14.204545454545455,75.56818181818183,61.36363636363637,14.204545454545455
E00076574,134,34,10,24,100,79,21,25.37313432835821,7.462686567164178,17.91044776119403,74.6268656716418,58.95522388059702,15.671641791044777
E00076577,83,29,8,21,54,44,10,34.93975903614458,9.63855421686747,25.301204819277107,65.06024096385542,53.01204819277109,12.048192771084338
E00076579,163,58,25,33,105,90,15,35.58282208588957,15.337423312883436,20.245398773006134,64.41717791411043,55.21472392638037,9.202453987730062
E00076580,182,41,12,29,141,121,20,22.52747252747253,6.593406593406594,15.934065934065933,77.47252747252747,66.48351648351648,10.989010989010989
E00076581,113,42,11,31,71,62,9,37.16814159292036,9.734513274336283,27.43362831858407,62.83185840707964,54.86725663716814,7.964601769911504
E00076582,107,32,13,19,75,65,10,29.906542056074763,12.149532710280374,17.75700934579439,70.09345794392523,60.747663551401864,9.345794392523365
E00076583,238,36,11,25,202,160,42,15.126050420168067,4.621848739495799,10.504201680672269,84.87394957983193,67.22689075630252,17.647058823529413
E00076584,110,31,8,23,79,63,16,28.18181818181818,7.2727272727272725,20.909090909090907,71.81818181818181,57.27272727272727,14.545454545454545
E00076585,96,28,11,17,68,58,10,29.166666666666668,11.458333333333332,17.708333333333336,70.83333333333334,60.416666666666664,10.416666666666668
E00076588,148,46,15,31,102,86,16,31.08108108108108,10.135135135135135,20.945945945945947,68.91891891891892,58.108108108108105,10.81081081081081
E00076589,171,59,16,43,112,104,8,34.50292397660819,9.35672514619883,25.146198830409354,65.49707602339181,60.81871345029239,4.678362573099415
E00076590,119,38,10,28,81,70,11,31.932773109243694,8.403361344537815,23.52941176470588,68.0672268907563,58.82352941176471,9.243697478991598
E00076591,162,53,13,40,109,102,7,32.71604938271605,8.024691358024691,24.691358024691358,67.28395061728395,62.96296296296296,4.320987654320987
E00076592,120,35,10,25,85,73,12,29.166666666666668,8.333333333333332,20.833333333333336,70.83333333333334,60.83333333333333,10
E00076593,113,32,8,24,81,67,14,28.31858407079646,7.079646017699115,21.238938053097346,71.68141592920354,59.29203539823009,12.389380530973451
E00076594,136,43,8,35,93,80,13,31.61764705882353,5.88235294117647,25.735294117647058,68.38235294117648,58.82352941176471,9.558823529411764
E00076595,112,43,5,38,69,62,7,38.392857142857146,4.464285714285714,33.92857142857143,61.60714285714286,55.35714285714286,6.25
E00076596,110,36,6,30,74,65,9,32.72727272727273,5.454545454545454,27.27272727272727,67.27272727272727,59.09090909090909,8.181818181818182
E00076597,113,33,11,22,80,69,11,29.20353982300885,9.734513274336283,19.469026548672566,70.79646017699115,61.06194690265486,9.734513274336283
E00076598,95,34,15,19,61,53,8,35.78947368421053,15.789473684210526,20,64.21052631578948,55.78947368421052,8.421052631578947
E00076599,109,37,11,26,72,63,9,33.94495412844037,10.091743119266056,23.853211009174313,66.05504587155964,57.798165137614674,8.256880733944955
E00076600,133,42,14,28,91,80,11,31.57894736842105,10.526315789473683,21.052631578947366,68.42105263157895,60.150375939849624,8.270676691729323
E00076601,123,43,11,32,80,69,11,34.959349593495936,8.94308943089431,26.01626016260163,65.04065040650406,56.09756097560976,8.94308943089431
E00076602,131,46,12,34,85,80,5,35.11450381679389,9.16030534351145,25.954198473282442,64.8854961832061,61.06870229007634,3.816793893129771
E00076603,235,71,15,56,164,144,20,30.21276595744681,6.382978723404255,23.829787234042556,69.7872340425532,61.27659574468085,8.51063829787234
E00076604,234,73,21,52,161,141,20,31.196581196581196,8.974358974358974,22.22222222222222,68.80341880341881,60.256410256410255,8.547008547008547
E00076605,121,37,8,29,84,72,12,30.57851239669421,6.6115702479338845,23.96694214876033,69.42148760330579,59.50413223140496,9.917355371900827
E00076606,114,29,8,21,85,76,9,25.438596491228072,7.017543859649122,18.421052631578945,74.56140350877193,66.66666666666666,7.894736842105263
E00076607,120,37,15,22,83,76,7,30.833333333333336,12.5,18.333333333333332,69.16666666666667,63.33333333333333,5.833333333333333
E00076608,128,39,14,25,89,86,3,30.46875,10.9375,19.53125,69.53125,67.1875,2.34375
E00076609,96,33,5,28,63,58,5,34.375,5.208333333333334,29.166666666666668,65.625,60.416666666666664,5.208333333333334
E00076610,121,42,11,31,79,70,9,34.710743801652896,9.090909090909092,25.6198347107438,65.28925619834712,57.85123966942148,7.43801652892562
E00076611,129,33,8,25,96,90,6,25.581395348837212,6.2015503875969,19.379844961240313,74.4186046511628,69.76744186046511,4.651162790697675
E00076612,140,40,9,31,100,87,13,28.57142857142857,6.428571428571428,22.142857142857142,71.42857142857143,62.142857142857146,9.285714285714286
E00076613,217,66,12,54,151,128,23,30.414746543778804,5.529953917050691,24.88479262672811,69.5852534562212,58.986175115207374,10.599078341013826
E00076614,130,28,6,22,102,80,22,21.53846153846154,4.615384615384616,16.923076923076923,78.46153846153847,61.53846153846154,16.923076923076923
E00076615,174,44,8,36,130,89,41,25.287356321839084,4.597701149425287,20.689655172413794,74.71264367816092,51.14942528735632,23.563218390804597
E00076616,54,27,6,21,27,26,1,50,11.11111111111111,38.88888888888889,50,48.148148148148145,1.8518518518518516
E00076617,182,56,16,40,126,100,26,30.76923076923077,8.791208791208792,21.978021978021978,69.23076923076923,54.94505494505495,14.285714285714285
E00076618,201,63,20,43,138,125,13,31.343283582089555,9.950248756218906,21.393034825870647,68.65671641791045,62.189054726368155,6.467661691542288
E00076619,137,48,17,31,89,78,11,35.03649635036496,12.408759124087592,22.62773722627737,64.96350364963503,56.934306569343065,8.02919708029197
E00076620,136,41,12,29,95,88,7,30.14705882352941,8.823529411764707,21.323529411764707,69.85294117647058,64.70588235294117,5.147058823529411
E00076621,242,75,27,48,167,140,27,30.991735537190085,11.15702479338843,19.834710743801654,69.00826446280992,57.85123966942148,11.15702479338843
E00076622,99,42,10,32,57,52,5,42.42424242424242,10.1010101010101,32.323232323232325,57.57575757575758,52.52525252525253,5.05050505050505
E00076623,148,41,13,28,107,94,13,27.7027027027027,8.783783783783784,18.91891891891892,72.2972972972973,63.51351351351351,8.783783783783784
E00076624,117,42,14,28,75,66,9,35.8974358974359,11.965811965811966,23.931623931623932,64.1025641025641,56.41025641025641,7.6923076923076925
E00076625,121,41,8,33,80,70,10,33.88429752066116,6.6115702479338845,27.27272727272727,66.11570247933885,57.85123966942148,8.264462809917356
E00076626,116,29,4,25,87,73,14,25,3.4482758620689653,21.551724137931032,75,62.93103448275862,12.068965517241379
E00076627,162,38,9,29,124,109,15,23.456790123456788,5.555555555555555,17.901234567901234,76.5432098765432,67.28395061728395,9.25925925925926
E00076628,131,37,7,30,94,79,15,28.24427480916031,5.343511450381679,22.900763358778626,71.7557251908397,60.30534351145038,11.450381679389313
E00076629,132,50,12,38,82,67,15,37.878787878787875,9.090909090909092,28.78787878787879,62.121212121212125,50.75757575757576,11.363636363636363
E00076630,131,44,10,34,87,77,10,33.587786259541986,7.633587786259542,25.954198473282442,66.41221374045801,58.778625954198475,7.633587786259542
E00076631,147,47,14,33,100,73,27,31.97278911564626,9.523809523809524,22.448979591836736,68.02721088435374,49.65986394557823,18.367346938775512
E00076632,231,72,22,50,159,138,21,31.16883116883117,9.523809523809524,21.645021645021643,68.83116883116884,59.74025974025974,9.090909090909092
E00076633,246,59,19,40,187,170,17,23.983739837398375,7.723577235772358,16.260162601626014,76.01626016260163,69.10569105691057,6.910569105691057
E00076634,128,46,14,32,82,76,6,35.9375,10.9375,25,64.0625,59.375,4.6875
E00076635,180,47,14,33,133,118,15,26.111111111111114,7.777777777777778,18.333333333333332,73.88888888888889,65.55555555555556,8.333333333333332
E00076636,164,47,18,29,117,95,22,28.65853658536585,10.975609756097562,17.682926829268293,71.34146341463415,57.92682926829268,13.414634146341465
E00076637,151,37,7,30,114,104,10,24.503311258278146,4.635761589403973,19.867549668874172,75.49668874172185,68.87417218543047,6.622516556291391
E00076638,147,41,8,33,106,91,15,27.89115646258503,5.442176870748299,22.448979591836736,72.10884353741497,61.904761904761905,10.204081632653061
E00076639,133,50,16,34,83,79,4,37.59398496240601,12.030075187969924,25.563909774436087,62.40601503759399,59.3984962406015,3.007518796992481
E00076640,155,37,14,23,118,94,24,23.870967741935484,9.032258064516128,14.838709677419354,76.12903225806451,60.64516129032258,15.483870967741936
E00076641,171,54,14,40,117,105,12,31.57894736842105,8.187134502923977,23.391812865497073,68.42105263157895,61.40350877192983,7.017543859649122
E00076642,180,44,11,33,136,125,11,24.444444444444443,6.111111111111111,18.333333333333332,75.55555555555556,69.44444444444444,6.111111111111111
E00076643,162,46,11,35,116,105,11,28.39506172839506,6.790123456790123,21.604938271604937,71.60493827160494,64.81481481481481,6.790123456790123
E00076644,147,42,11,31,105,95,10,28.57142857142857,7.482993197278912,21.08843537414966,71.42857142857143,64.62585034013605,6.802721088435375
E00076645,192,50,15,35,142,117,25,26.041666666666668,7.8125,18.229166666666664,73.95833333333334,60.9375,13.020833333333334
E00076646,151,44,13,31,107,92,15,29.13907284768212,8.609271523178808,20.52980132450331,70.86092715231787,60.9271523178808,9.933774834437086
E00076647,161,43,11,32,118,103,15,26.70807453416149,6.832298136645963,19.875776397515526,73.29192546583852,63.975155279503106,9.316770186335404
E00076648,122,31,6,25,91,74,17,25.40983606557377,4.918032786885246,20.491803278688526,74.59016393442623,60.65573770491803,13.934426229508196
E00076649,138,32,8,24,106,93,13,23.18840579710145,5.797101449275362,17.391304347826086,76.81159420289855,67.3913043478261,9.420289855072465
E00076650,114,29,9,20,85,73,12,25.438596491228072,7.894736842105263,17.543859649122805,74.56140350877193,64.03508771929825,10.526315789473683
E00076651,203,47,11,36,156,137,19,23.15270935960591,5.41871921182266,17.733990147783253,76.84729064039408,67.48768472906403,9.35960591133005
E00076652,122,44,18,26,78,66,12,36.0655737704918,14.754098360655737,21.311475409836063,63.934426229508205,54.09836065573771,9.836065573770492
E00076653,123,36,7,29,87,65,22,29.268292682926827,5.691056910569105,23.577235772357724,70.73170731707317,52.84552845528455,17.88617886178862
E00076654,112,36,8,28,76,60,16,32.142857142857146,7.142857142857142,25,67.85714285714286,53.57142857142857,14.285714285714285
E00076655,130,35,13,22,95,82,13,26.923076923076923,10,16.923076923076923,73.07692307692307,63.07692307692307,10
E00076656,108,24,10,14,84,71,13,22.22222222222222,9.25925925925926,12.962962962962962,77.77777777777779,65.74074074074075,12.037037037037036
E00076657,118,37,14,23,81,63,18,31.35593220338983,11.864406779661017,19.491525423728813,68.64406779661016,53.38983050847458,15.254237288135593
E00076658,95,39,9,30,56,48,8,41.05263157894737,9.473684210526317,31.57894736842105,58.94736842105262,50.526315789473685,8.421052631578947
E00076659,97,32,12,20,65,53,12,32.98969072164948,12.371134020618557,20.618556701030926,67.0103092783505,54.63917525773196,12.371134020618557
E00076660,122,38,18,20,84,78,6,31.147540983606557,14.754098360655737,16.39344262295082,68.85245901639344,63.934426229508205,4.918032786885246
E00076661,137,43,24,19,94,80,14,31.386861313868614,17.51824817518248,13.86861313868613,68.61313868613139,58.3941605839416,10.218978102189782
E00076663,159,46,16,30,113,97,16,28.930817610062892,10.062893081761008,18.867924528301888,71.0691823899371,61.0062893081761,10.062893081761008
E00076664,177,51,16,35,126,102,24,28.8135593220339,9.03954802259887,19.774011299435028,71.1864406779661,57.6271186440678,13.559322033898304
E00076665,156,39,12,27,117,98,19,25,7.6923076923076925,17.307692307692307,75,62.82051282051282,12.179487179487179
E00076666,145,38,14,24,107,91,16,26.20689655172414,9.655172413793103,16.551724137931036,73.79310344827587,62.758620689655174,11.03448275862069
E00076667,117,32,13,19,85,68,17,27.350427350427353,11.11111111111111,16.23931623931624,72.64957264957265,58.119658119658126,14.529914529914532
E00076668,165,48,11,37,117,101,16,29.09090909090909,6.666666666666667,22.424242424242426,70.9090909090909,61.212121212121204,9.696969696969697
E00076669,201,65,27,38,136,114,22,32.33830845771145,13.432835820895523,18.90547263681592,67.66169154228857,56.71641791044776,10.945273631840797
E00076670,138,44,21,23,94,80,14,31.88405797101449,15.217391304347828,16.666666666666664,68.11594202898551,57.971014492753625,10.144927536231885
E00076671,134,35,14,21,99,83,16,26.119402985074625,10.44776119402985,15.671641791044777,73.88059701492537,61.940298507462686,11.940298507462686
E00076672,203,64,26,38,139,127,12,31.527093596059114,12.807881773399016,18.7192118226601,68.4729064039409,62.5615763546798,5.911330049261084
E00076673,99,26,8,18,73,64,9,26.262626262626267,8.080808080808081,18.181818181818183,73.73737373737373,64.64646464646465,9.090909090909092
E00076674,222,59,23,36,163,145,18,26.576576576576578,10.36036036036036,16.216216216216218,73.42342342342343,65.31531531531532,8.108108108108109
E00076675,173,53,22,31,120,103,17,30.63583815028902,12.716763005780345,17.91907514450867,69.36416184971098,59.53757225433526,9.826589595375722
E00076676,157,47,16,31,110,95,15,29.936305732484076,10.191082802547772,19.745222929936308,70.06369426751591,60.509554140127385,9.554140127388536
E00076677,138,33,10,23,105,93,12,23.91304347826087,7.246376811594203,16.666666666666664,76.08695652173914,67.3913043478261,8.695652173913043
E00076678,144,32,13,19,112,102,10,22.22222222222222,9.027777777777777,13.194444444444445,77.77777777777779,70.83333333333334,6.944444444444445
E00076679,142,46,14,32,96,85,11,32.3943661971831,9.859154929577464,22.535211267605636,67.6056338028169,59.859154929577464,7.746478873239436
E00076680,179,48,14,34,131,110,21,26.81564245810056,7.82122905027933,18.994413407821227,73.18435754189943,61.452513966480446,11.731843575418994
E00076681,133,50,10,40,83,72,11,37.59398496240601,7.518796992481203,30.075187969924812,62.40601503759399,54.13533834586466,8.270676691729323
E00076682,176,51,11,40,125,109,16,28.97727272727273,6.25,22.727272727272727,71.02272727272727,61.93181818181818,9.090909090909092
E00076683,154,51,17,34,103,91,12,33.116883116883116,11.03896103896104,22.07792207792208,66.88311688311688,59.09090909090909,7.792207792207792
E00076684,181,53,14,39,128,112,16,29.2817679558011,7.734806629834254,21.54696132596685,70.71823204419888,61.87845303867403,8.83977900552486
E00076685,150,45,19,26,105,86,19,30,12.666666666666668,17.333333333333336,70,57.333333333333336,12.666666666666668
E00076686,146,48,14,34,98,83,15,32.87671232876712,9.58904109589041,23.28767123287671,67.12328767123287,56.849315068493155,10.273972602739725
E00076687,144,43,11,32,101,86,15,29.86111111111111,7.638888888888889,22.22222222222222,70.13888888888889,59.72222222222222,10.416666666666668
E00076688,143,44,15,29,99,86,13,30.76923076923077,10.48951048951049,20.27972027972028,69.23076923076923,60.13986013986013,9.090909090909092
E00076689,175,69,25,44,106,95,11,39.42857142857143,14.285714285714285,25.142857142857146,60.57142857142858,54.285714285714285,6.2857142857142865
E00076690,169,73,30,43,96,87,9,43.19526627218935,17.75147928994083,25.443786982248522,56.80473372781065,51.4792899408284,5.325443786982249
E00076691,178,61,24,37,117,103,14,34.26966292134831,13.48314606741573,20.786516853932586,65.73033707865169,57.865168539325836,7.865168539325842
E00076692,149,47,8,39,102,86,16,31.543624161073826,5.369127516778524,26.174496644295303,68.45637583892618,57.71812080536913,10.738255033557047
E00076693,161,43,13,30,118,109,9,26.70807453416149,8.074534161490684,18.633540372670808,73.29192546583852,67.70186335403726,5.590062111801243
E00076694,132,33,12,21,99,91,8,25,9.090909090909092,15.909090909090908,75,68.93939393939394,6.0606060606060606
E00076695,124,35,11,24,89,73,16,28.225806451612907,8.870967741935484,19.35483870967742,71.7741935483871,58.87096774193549,12.903225806451612
E00076696,223,63,12,51,160,144,16,28.251121076233183,5.381165919282512,22.869955156950674,71.74887892376681,64.57399103139014,7.174887892376682
E00076697,182,45,13,32,137,121,16,24.725274725274726,7.142857142857142,17.582417582417584,75.27472527472527,66.48351648351648,8.791208791208792
E00076698,288,86,34,52,202,164,38,29.86111111111111,11.805555555555555,18.055555555555554,70.13888888888889,56.94444444444444,13.194444444444445
E00076699,206,60,21,39,146,129,17,29.126213592233007,10.194174757281553,18.932038834951456,70.87378640776699,62.62135922330098,8.25242718446602
E00076700,146,43,12,31,103,91,12,29.45205479452055,8.21917808219178,21.232876712328768,70.54794520547945,62.328767123287676,8.21917808219178
E00076701,68,21,10,11,47,47,0,30.88235294117647,14.705882352941178,16.176470588235293,69.11764705882352,69.11764705882352,0
E00076702,202,69,22,47,133,119,14,34.15841584158416,10.891089108910892,23.26732673267327,65.84158415841584,58.91089108910891,6.9306930693069315
E00076703,136,41,13,28,95,78,17,30.14705882352941,9.558823529411764,20.588235294117645,69.85294117647058,57.35294117647059,12.5
E00076704,152,47,17,30,105,94,11,30.92105263157895,11.18421052631579,19.736842105263158,69.07894736842105,61.8421052631579,7.236842105263158
E00076705,89,43,10,33,46,39,7,48.31460674157304,11.235955056179774,37.07865168539326,51.68539325842697,43.82022471910113,7.865168539325842
E00076706,163,40,12,28,123,106,17,24.539877300613497,7.361963190184049,17.177914110429448,75.4601226993865,65.03067484662577,10.429447852760736
E00076707,144,40,8,32,104,93,11,27.77777777777778,5.555555555555555,22.22222222222222,72.22222222222221,64.58333333333334,7.638888888888889
E00076708,74,33,8,25,41,41,0,44.5945945945946,10.81081081081081,33.78378378378378,55.4054054054054,55.4054054054054,0
E00076709,155,47,13,34,108,95,13,30.32258064516129,8.38709677419355,21.935483870967744,69.6774193548387,61.29032258064516,8.38709677419355
E00076710,171,43,13,30,128,116,12,25.146198830409354,7.602339181286549,17.543859649122805,74.85380116959064,67.83625730994152,7.017543859649122
E00076711,120,41,12,29,79,70,9,34.166666666666664,10,24.166666666666668,65.83333333333333,58.333333333333336,7.5
E00076712,80,31,6,25,49,34,15,38.75,7.5,31.25,61.25000000000001,42.5,18.75
E00076713,122,36,9,27,86,71,15,29.508196721311474,7.377049180327869,22.131147540983605,70.49180327868852,58.19672131147541,12.295081967213115
E00076714,174,44,10,34,130,110,20,25.287356321839084,5.747126436781609,19.54022988505747,74.71264367816092,63.2183908045977,11.494252873563218
E00076715,143,39,16,23,104,92,12,27.27272727272727,11.188811188811188,16.083916083916083,72.72727272727273,64.33566433566433,8.391608391608392
E00076716,123,33,15,18,90,82,8,26.82926829268293,12.195121951219512,14.634146341463413,73.17073170731707,66.66666666666666,6.504065040650407
E00172039,137,38,10,28,99,86,13,27.73722627737226,7.2992700729927,20.437956204379564,72.26277372262774,62.77372262773723,9.48905109489051
E00172041,56,15,3,12,41,36,5,26.785714285714285,5.357142857142857,21.428571428571427,73.21428571428571,64.28571428571429,8.928571428571429
E00172042,135,50,11,39,85,75,10,37.03703703703704,8.148148148148149,28.888888888888886,62.96296296296296,55.55555555555556,7.4074074074074066
E00172043,180,36,11,25,144,122,22,20,6.111111111111111,13.88888888888889,80,67.77777777777779,12.222222222222221
E00172044,129,30,10,20,99,84,15,23.25581395348837,7.751937984496124,15.503875968992247,76.74418604651163,65.11627906976744,11.627906976744185
E00172045,216,60,11,49,156,136,20,27.77777777777778,5.092592592592593,22.685185185185187,72.22222222222221,62.96296296296296,9.25925925925926
E00172046,189,53,15,38,136,118,18,28.04232804232804,7.936507936507936,20.105820105820104,71.95767195767195,62.43386243386243,9.523809523809524
E00172047,129,44,14,30,85,73,12,34.10852713178294,10.852713178294573,23.25581395348837,65.89147286821705,56.58914728682171,9.30232558139535
E00172048,198,52,11,41,146,129,17,26.262626262626267,5.555555555555555,20.707070707070706,73.73737373737373,65.15151515151516,8.585858585858585
E00172050,184,158,128,30,26,23,3,85.86956521739131,69.56521739130434,16.304347826086957,14.130434782608695,12.5,1.6304347826086956
E00172052,124,22,7,15,102,93,9,17.741935483870968,5.64516129032258,12.096774193548388,82.25806451612904,75,7.258064516129033
E00172053,212,51,22,29,161,133,28,24.056603773584907,10.377358490566039,13.679245283018867,75.94339622641509,62.735849056603776,13.20754716981132
E00172054,98,27,19,8,71,60,11,27.55102040816326,19.387755102040817,8.16326530612245,72.44897959183673,61.224489795918366,11.224489795918368
E00172055,153,40,15,25,113,102,11,26.143790849673206,9.803921568627452,16.33986928104575,73.8562091503268,66.66666666666666,7.18954248366013
E00172056,106,37,16,21,69,62,7,34.90566037735849,15.09433962264151,19.81132075471698,65.09433962264151,58.490566037735846,6.60377358490566
E00172057,162,57,22,35,105,84,21,35.18518518518518,13.580246913580247,21.604938271604937,64.81481481481481,51.85185185185185,12.962962962962962
E00172058,100,62,47,15,38,29,9,62,47,15,38,28.999999999999996,9
E00172059,74,35,17,18,39,35,4,47.2972972972973,22.972972972972975,24.324324324324326,52.702702702702695,47.2972972972973,5.405405405405405
E00172060,262,87,27,60,175,157,18,33.20610687022901,10.305343511450381,22.900763358778626,66.79389312977099,59.92366412213741,6.870229007633588
E00172061,147,45,16,29,102,87,15,30.612244897959183,10.884353741496598,19.727891156462583,69.38775510204081,59.183673469387756,10.204081632653061
E00172062,107,23,5,18,84,66,18,21.49532710280374,4.672897196261682,16.822429906542055,78.50467289719626,61.6822429906542,16.822429906542055
E00172063,135,37,15,22,98,73,25,27.40740740740741,11.11111111111111,16.296296296296298,72.5925925925926,54.074074074074076,18.51851851851852
E00172064,66,13,6,7,53,46,7,19.696969696969695,9.090909090909092,10.606060606060606,80.3030303030303,69.6969696969697,10.606060606060606
E00172065,64,41,26,15,23,23,0,64.0625,40.625,23.4375,35.9375,35.9375,0
E00172068,183,58,20,38,125,97,28,31.693989071038253,10.92896174863388,20.76502732240437,68.30601092896174,53.00546448087432,15.300546448087433
E00172069,130,27,9,18,103,95,8,20.76923076923077,6.923076923076923,13.846153846153847,79.23076923076923,73.07692307692307,6.153846153846154
E00172070,183,68,17,51,115,101,14,37.15846994535519,9.289617486338798,27.86885245901639,62.841530054644814,55.19125683060109,7.650273224043716
E00172071,75,27,11,16,48,40,8,36,14.666666666666666,21.333333333333336,64,53.333333333333336,10.666666666666668
E00172073,74,16,2,14,58,51,7,21.62162162162162,2.7027027027027026,18.91891891891892,78.37837837837837,68.91891891891892,9.45945945945946
E00172075,126,39,10,29,87,73,14,30.952380952380953,7.936507936507936,23.015873015873016,69.04761904761905,57.936507936507944,11.11111111111111
E00172076,140,45,12,33,95,83,12,32.142857142857146,8.571428571428571,23.57142857142857,67.85714285714286,59.285714285714285,8.571428571428571
E00172077,129,22,12,10,107,85,22,17.05426356589147,9.30232558139535,7.751937984496124,82.94573643410853,65.89147286821705,17.05426356589147
E00172078,163,49,23,26,114,97,17,30.061349693251532,14.11042944785276,15.950920245398773,69.93865030674846,59.50920245398773,10.429447852760736
E00172079,165,79,51,28,86,76,10,47.878787878787875,30.909090909090907,16.969696969696972,52.121212121212125,46.06060606060606,6.0606060606060606
E00172083,162,48,12,36,114,109,5,29.629629629629626,7.4074074074074066,22.22222222222222,70.37037037037037,67.28395061728395,3.0864197530864197
E00172084,119,39,10,29,80,69,11,32.773109243697476,8.403361344537815,24.369747899159663,67.22689075630252,57.98319327731093,9.243697478991598
E00172085,110,30,7,23,80,70,10,27.27272727272727,6.363636363636363,20.909090909090907,72.72727272727273,63.63636363636363,9.090909090909092
E00172086,169,50,18,32,119,101,18,29.585798816568047,10.650887573964498,18.93491124260355,70.41420118343196,59.76331360946746,10.650887573964498
E00181096,98,31,18,13,67,65,2,31.63265306122449,18.367346938775512,13.26530612244898,68.36734693877551,66.3265306122449,2.0408163265306123
E00181097,91,37,15,22,54,46,8,40.65934065934066,16.483516483516482,24.175824175824175,59.34065934065934,50.54945054945055,8.791208791208792
E00181098,62,22,7,15,40,35,5,35.483870967741936,11.29032258064516,24.193548387096776,64.51612903225806,56.451612903225815,8.064516129032258
E00181099,102,34,10,24,68,60,8,33.33333333333333,9.803921568627452,23.52941176470588,66.66666666666666,58.82352941176471,7.8431372549019605
E00181100,248,122,59,63,126,104,22,49.193548387096776,23.790322580645164,25.403225806451612,50.806451612903224,41.935483870967744,8.870967741935484
E00181102,124,69,44,25,55,47,8,55.64516129032258,35.483870967741936,20.161290322580644,44.354838709677416,37.903225806451616,6.451612903225806
E00181103,113,30,5,25,83,68,15,26.548672566371685,4.424778761061947,22.123893805309734,73.45132743362832,60.17699115044248,13.274336283185843
E00181105,87,22,6,16,65,56,9,25.287356321839084,6.896551724137931,18.39080459770115,74.71264367816092,64.36781609195403,10.344827586206897
E00181110,79,17,4,13,62,55,7,21.518987341772153,5.063291139240507,16.455696202531644,78.48101265822784,69.62025316455697,8.860759493670885
E00181114,200,53,13,40,147,114,33,26.5,6.5,20,73.5,56.99999999999999,16.5
E00181115,129,36,15,21,93,73,20,27.906976744186046,11.627906976744185,16.27906976744186,72.09302325581395,56.58914728682171,15.503875968992247
E00181118,63,33,21,12,30,27,3,52.38095238095239,33.33333333333333,19.047619047619047,47.61904761904761,42.857142857142854,4.761904761904762
E00181129,157,49,14,35,108,92,16,31.210191082802545,8.9171974522293,22.29299363057325,68.78980891719745,58.59872611464968,10.191082802547772
E00181130,197,44,17,27,153,124,29,22.33502538071066,8.629441624365482,13.705583756345177,77.66497461928934,62.944162436548226,14.720812182741117
E00181133,125,31,11,20,94,82,12,24.8,8.799999999999999,16,75.2,65.60000000000001,9.6
E00181139,146,27,5,22,119,107,12,18.493150684931507,3.4246575342465753,15.068493150684931,81.5068493150685,73.28767123287672,8.21917808219178
E00181140,153,40,17,23,113,89,24,26.143790849673206,11.11111111111111,15.032679738562091,73.8562091503268,58.16993464052288,15.686274509803921
E00181141,132,37,14,23,95,81,14,28.030303030303028,10.606060606060606,17.424242424242426,71.96969696969697,61.36363636363637,10.606060606060606
E00181142,107,39,16,23,68,56,12,36.44859813084112,14.953271028037381,21.49532710280374,63.55140186915887,52.336448598130836,11.214953271028037
E00181143,178,43,15,28,135,120,15,24.15730337078652,8.426966292134832,15.730337078651685,75.84269662921348,67.41573033707866,8.426966292134832
E00181144,62,28,6,22,34,30,4,45.16129032258064,9.67741935483871,35.483870967741936,54.83870967741935,48.38709677419355,6.451612903225806
E00181147,91,79,61,18,12,12,0,86.81318681318682,67.03296703296702,19.78021978021978,13.186813186813188,13.186813186813188,0
E00181151,141,28,4,24,113,100,13,19.858156028368796,2.8368794326241136,17.02127659574468,80.1418439716312,70.92198581560284,9.219858156028367
E00181152,82,17,6,11,65,54,11,20.73170731707317,7.317073170731707,13.414634146341465,79.26829268292683,65.85365853658537,13.414634146341465
E00181157,182,53,18,35,129,109,20,29.120879120879124,9.89010989010989,19.230769230769234,70.87912087912088,59.89010989010989,10.989010989010989
E00181158,217,58,14,44,159,138,21,26.72811059907834,6.451612903225806,20.276497695852534,73.27188940092167,63.594470046082954,9.67741935483871
E00181159,184,47,13,34,137,117,20,25.543478260869566,7.065217391304348,18.478260869565215,74.45652173913044,63.58695652173913,10.869565217391305
E00181161,101,33,8,25,68,61,7,32.67326732673268,7.920792079207921,24.752475247524753,67.32673267326733,60.396039603960396,6.9306930693069315
E00181165,314,83,21,62,231,187,44,26.43312101910828,6.687898089171974,19.745222929936308,73.56687898089172,59.554140127388536,14.012738853503185
E00181166,361,76,18,58,285,234,51,21.052631578947366,4.986149584487535,16.06648199445983,78.94736842105263,64.81994459833795,14.127423822714682
E00181168,341,84,21,63,257,225,32,24.633431085043988,6.158357771260997,18.475073313782993,75.366568914956,65.98240469208211,9.3841642228739
E00181175,84,32,10,22,52,47,5,38.095238095238095,11.904761904761903,26.190476190476193,61.904761904761905,55.952380952380956,5.952380952380952
E00181176,219,54,9,45,165,143,22,24.65753424657534,4.10958904109589,20.54794520547945,75.34246575342466,65.29680365296804,10.045662100456621
E00181179,147,48,8,40,99,92,7,32.6530612244898,5.442176870748299,27.2108843537415,67.3469387755102,62.585034013605444,4.761904761904762
E00181180,111,65,32,33,46,43,3,58.55855855855856,28.82882882882883,29.72972972972973,41.44144144144144,38.73873873873874,2.7027027027027026
E00181181,46,18,9,9,28,24,4,39.130434782608695,19.565217391304348,19.565217391304348,60.86956521739131,52.17391304347826,8.695652173913043
E00181183,85,49,25,24,36,33,3,57.647058823529406,29.411764705882355,28.235294117647058,42.35294117647059,38.82352941176471,3.5294117647058822
E00181186,93,41,17,24,52,40,12,44.086021505376344,18.27956989247312,25.806451612903224,55.91397849462365,43.01075268817204,12.903225806451612
E00181189,134,47,15,32,87,74,13,35.07462686567165,11.194029850746269,23.88059701492537,64.92537313432835,55.223880597014926,9.701492537313433
E00181190,111,29,10,19,82,73,9,26.126126126126124,9.00900900900901,17.117117117117118,73.87387387387388,65.76576576576578,8.108108108108109
E00181193,132,34,10,24,98,80,18,25.757575757575758,7.575757575757576,18.181818181818183,74.24242424242425,60.60606060606061,13.636363636363635
E00181195,340,90,25,65,250,210,40,26.47058823529412,7.352941176470589,19.11764705882353,73.52941176470588,61.76470588235294,11.76470588235294
E00181196,108,22,4,18,86,76,10,20.37037037037037,3.7037037037037033,16.666666666666664,79.62962962962963,70.37037037037037,9.25925925925926
