OA,ts0590001,ts0590002,ts0590003,ts0590004,ts0590005,ts0590006,ts0590007,ts0590002_PCT,ts0590003_PCT,ts0590004_PCT,ts0590005_PCT,ts0590006_PCT,ts0590007_PCT
E00148132,129,47,20,27,82,69,13,36.434108527131784,15.503875968992247,20.930232558139537,63.565891472868216,53.48837209302325,10.077519379844961
E00148133,91,30,10,20,61,51,10,32.967032967032964,10.989010989010989,21.978021978021978,67.03296703296702,56.043956043956044,10.989010989010989
E00148134,160,58,20,38,102,82,20,36.25,12.5,23.75,63.74999999999999,51.24999999999999,12.5
E00148135,156,56,14,42,100,84,16,35.8974358974359,8.974358974358974,26.923076923076923,64.1025641025641,53.84615384615385,10.256410256410255
E00148136,118,41,22,19,77,56,21,34.74576271186441,18.64406779661017,16.101694915254235,65.2542372881356,47.45762711864407,17.796610169491526
E00148137,143,44,16,28,99,86,13,30.76923076923077,11.188811188811188,19.58041958041958,69.23076923076923,60.13986013986013,9.090909090909092
E00148138,152,54,19,35,98,74,24,35.526315789473685,12.5,23.026315789473685,64.47368421052632,48.68421052631579,15.789473684210526
E00148139,280,89,32,57,191,137,54,31.785714285714285,11.428571428571429,20.357142857142858,68.21428571428572,48.92857142857142,19.28571428571429
E00148140,185,64,26,38,121,96,25,34.5945945945946,14.054054054054054,20.54054054054054,65.4054054054054,51.891891891891895,13.513513513513514
E00148141,161,56,24,32,105,85,20,34.78260869565217,14.906832298136646,19.875776397515526,65.21739130434783,52.79503105590062,12.422360248447205
E00148142,142,51,28,23,91,72,19,35.91549295774648,19.718309859154928,16.19718309859155,64.08450704225352,50.70422535211267,13.380281690140844
E00148143,151,57,23,34,94,76,18,37.74834437086093,15.2317880794702,22.516556291390728,62.251655629139066,50.331125827814574,11.920529801324504
E00148144,158,61,29,32,97,65,32,38.607594936708864,18.354430379746837,20.253164556962027,61.39240506329114,41.139240506329116,20.253164556962027
E00148145,134,54,16,38,80,61,19,40.298507462686565,11.940298507462686,28.35820895522388,59.70149253731343,45.52238805970149,14.17910447761194
E00148146,147,42,15,27,105,85,20,28.57142857142857,10.204081632653061,18.367346938775512,71.42857142857143,57.82312925170068,13.60544217687075
E00148147,108,32,11,21,76,61,15,29.629629629629626,10.185185185185185,19.444444444444446,70.37037037037037,56.481481481481474,13.88888888888889
E00148148,128,44,16,28,84,71,13,34.375,12.5,21.875,65.625,55.46875,10.15625
E00148149,108,40,9,31,68,49,19,37.03703703703704,8.333333333333332,28.703703703703702,62.96296296296296,45.370370370370374,17.59259259259259
E00148150,124,43,18,25,81,65,16,34.67741935483871,14.516129032258066,20.161290322580644,65.32258064516128,52.41935483870967,12.903225806451612
E00148151,174,63,25,38,111,87,24,36.206896551724135,14.367816091954023,21.839080459770116,63.793103448275865,50,13.793103448275861
E00148152,183,71,23,48,112,80,32,38.79781420765027,12.568306010928962,26.229508196721312,61.20218579234973,43.71584699453552,17.48633879781421
E00148153,141,47,16,31,94,78,16,33.33333333333333,11.347517730496454,21.98581560283688,66.66666666666666,55.319148936170215,11.347517730496454
E00148154,218,61,22,39,157,118,39,27.981651376146786,10.091743119266056,17.889908256880734,72.01834862385321,54.12844036697248,17.889908256880734
E00148155,162,55,23,32,107,84,23,33.95061728395062,14.19753086419753,19.753086419753085,66.0493827160494,51.85185185185185,14.19753086419753
E00148156,163,54,26,28,109,82,27,33.12883435582822,15.950920245398773,17.177914110429448,66.87116564417178,50.306748466257666,16.56441717791411
E00148157,164,59,17,42,105,81,24,35.97560975609756,10.365853658536585,25.609756097560975,64.02439024390245,49.390243902439025,14.634146341463413
E00148158,122,48,23,25,74,63,11,39.34426229508197,18.852459016393443,20.491803278688526,60.65573770491803,51.63934426229508,9.01639344262295
E00148159,154,50,17,33,104,90,14,32.467532467532465,11.03896103896104,21.428571428571427,67.53246753246754,58.44155844155844,9.090909090909092
E00148160,157,49,15,34,108,97,11,31.210191082802545,9.554140127388536,21.656050955414013,68.78980891719745,61.78343949044586,7.006369426751593
E00148161,128,31,8,23,97,86,11,24.21875,6.25,17.96875,75.78125,67.1875,8.59375
E00148162,159,44,16,28,115,97,18,27.67295597484277,10.062893081761008,17.61006289308176,72.32704402515722,61.0062893081761,11.320754716981133
E00148163,145,41,7,34,104,79,25,28.27586206896552,4.827586206896552,23.448275862068964,71.72413793103448,54.48275862068965,17.24137931034483
E00148164,175,50,17,33,125,103,22,28.57142857142857,9.714285714285714,18.857142857142858,71.42857142857143,58.857142857142854,12.571428571428573
E00148165,180,50,18,32,130,121,9,27.77777777777778,10,17.77777777777778,72.22222222222221,67.22222222222223,5
E00148166,140,31,5,26,109,92,17,22.142857142857142,3.571428571428571,18.571428571428573,77.85714285714286,65.71428571428571,12.142857142857142
E00148167,144,41,13,28,103,90,13,28.47222222222222,9.027777777777777,19.444444444444446,71.52777777777779,62.5,9.027777777777777
E00148168,135,25,4,21,110,93,17,18.51851851851852,2.9629629629629632,15.555555555555555,81.48148148148148,68.88888888888889,12.592592592592592
E00148169,174,44,17,27,130,110,20,25.287356321839084,9.770114942528735,15.517241379310345,74.71264367816092,63.2183908045977,11.494252873563218
E00148170,141,43,14,29,98,85,13,30.49645390070922,9.929078014184398,20.56737588652482,69.50354609929079,60.28368794326241,9.219858156028367
E00148171,193,57,19,38,136,121,15,29.533678756476682,9.844559585492227,19.689119170984455,70.46632124352331,62.69430051813472,7.772020725388601
E00148172,166,40,10,30,126,98,28,24.096385542168676,6.024096385542169,18.072289156626507,75.90361445783132,59.036144578313255,16.867469879518072
E00148173,59,20,6,14,39,33,6,33.89830508474576,10.16949152542373,23.728813559322035,66.10169491525424,55.932203389830505,10.16949152542373
E00148174,110,30,10,20,80,68,12,27.27272727272727,9.090909090909092,18.181818181818183,72.72727272727273,61.81818181818181,10.909090909090908
E00148175,108,37,8,29,71,62,9,34.25925925925926,7.4074074074074066,26.851851851851855,65.74074074074075,57.407407407407405,8.333333333333332
E00148176,122,30,12,18,92,84,8,24.59016393442623,9.836065573770492,14.754098360655737,75.40983606557377,68.85245901639344,6.557377049180328
E00148177,123,37,6,31,86,66,20,30.081300813008134,4.878048780487805,25.203252032520325,69.91869918699187,53.65853658536586,16.260162601626014
E00148178,116,33,11,22,83,72,11,28.448275862068968,9.482758620689655,18.96551724137931,71.55172413793103,62.06896551724138,9.482758620689655
E00148179,135,33,16,17,102,92,10,24.444444444444443,11.851851851851853,12.592592592592592,75.55555555555556,68.14814814814815,7.4074074074074066
E00148180,56,21,8,13,35,30,5,37.5,14.285714285714285,23.214285714285715,62.5,53.57142857142857,8.928571428571429
E00148182,208,50,11,39,158,139,19,24.03846153846154,5.288461538461538,18.75,75.96153846153845,66.82692307692307,9.134615384615383
E00148183,206,60,27,33,146,126,20,29.126213592233007,13.106796116504855,16.019417475728158,70.87378640776699,61.165048543689316,9.70873786407767
E00148184,181,50,22,28,131,106,25,27.624309392265197,12.154696132596685,15.469613259668508,72.37569060773481,58.5635359116022,13.812154696132598
E00148185,168,39,13,26,129,109,20,23.214285714285715,7.738095238095238,15.476190476190476,76.78571428571429,64.88095238095238,11.904761904761903
E00148186,161,32,8,24,129,109,20,19.875776397515526,4.968944099378882,14.906832298136646,80.12422360248446,67.70186335403726,12.422360248447205
E00148187,203,52,15,37,151,125,26,25.615763546798032,7.389162561576355,18.226600985221676,74.38423645320196,61.57635467980296,12.807881773399016
E00148188,232,59,18,41,173,147,26,25.43103448275862,7.758620689655173,17.67241379310345,74.56896551724138,63.36206896551724,11.206896551724139
E00148189,138,32,12,20,106,93,13,23.18840579710145,8.695652173913043,14.492753623188406,76.81159420289855,67.3913043478261,9.420289855072465
E00148190,166,51,11,40,115,98,17,30.72289156626506,6.626506024096386,24.096385542168676,69.27710843373494,59.036144578313255,10.240963855421686
E00148192,166,51,21,30,115,102,13,30.72289156626506,12.650602409638553,18.072289156626507,69.27710843373494,61.44578313253012,7.83132530120482
E00148193,177,52,11,41,125,111,14,29.37853107344633,6.214689265536723,23.163841807909606,70.62146892655367,62.71186440677966,7.909604519774012
E00148194,234,52,16,36,182,159,23,22.22222222222222,6.837606837606838,15.384615384615385,77.77777777777779,67.94871794871796,9.82905982905983
E00148195,163,34,10,24,129,110,19,20.858895705521473,6.134969325153374,14.723926380368098,79.14110429447852,67.48466257668711,11.65644171779141
E00148196,151,30,13,17,121,107,14,19.867549668874172,8.609271523178808,11.258278145695364,80.13245033112582,70.86092715231787,9.271523178807946
E00148197,140,38,10,28,102,86,16,27.142857142857142,7.142857142857142,20,72.85714285714285,61.42857142857143,11.428571428571429
E00148198,136,46,13,33,90,84,6,33.82352941176471,9.558823529411764,24.264705882352942,66.17647058823529,61.76470588235294,4.411764705882353
E00148199,144,50,8,42,94,82,12,34.72222222222222,5.555555555555555,29.166666666666668,65.27777777777779,56.94444444444444,8.333333333333332
E00148200,134,39,12,27,95,82,13,29.1044776119403,8.955223880597014,20.149253731343283,70.8955223880597,61.19402985074627,9.701492537313433
E00148201,148,47,15,32,101,87,14,31.756756756756754,10.135135135135135,21.62162162162162,68.24324324324324,58.78378378378378,9.45945945945946
E00148202,139,32,9,23,107,93,14,23.021582733812952,6.474820143884892,16.546762589928058,76.97841726618705,66.90647482014388,10.071942446043165
E00148203,152,27,6,21,125,105,20,17.763157894736842,3.9473684210526314,13.815789473684212,82.23684210526315,69.07894736842105,13.157894736842104
E00148204,93,24,4,20,69,57,12,25.806451612903224,4.301075268817205,21.50537634408602,74.19354838709677,61.29032258064516,12.903225806451612
E00148205,123,34,1,33,89,80,9,27.64227642276423,0.8130081300813009,26.82926829268293,72.35772357723577,65.04065040650406,7.317073170731707
E00148207,197,53,17,36,144,119,25,26.903553299492383,8.629441624365482,18.274111675126903,73.09644670050761,60.40609137055838,12.690355329949238
E00148208,133,29,12,17,104,72,32,21.804511278195488,9.022556390977442,12.781954887218044,78.19548872180451,54.13533834586466,24.06015037593985
E00148209,186,45,10,35,141,112,29,24.193548387096776,5.376344086021505,18.817204301075268,75.80645161290323,60.215053763440864,15.591397849462366
E00148210,144,38,13,25,106,88,18,26.38888888888889,9.027777777777777,17.36111111111111,73.61111111111111,61.111111111111114,12.5
E00148211,157,45,15,30,112,100,12,28.662420382165603,9.554140127388536,19.10828025477707,71.3375796178344,63.69426751592356,7.643312101910828
E00148212,119,43,10,33,76,64,12,36.134453781512605,8.403361344537815,27.73109243697479,63.86554621848739,53.78151260504202,10.084033613445378
E00148213,155,43,11,32,112,104,8,27.741935483870968,7.096774193548387,20.64516129032258,72.25806451612902,67.0967741935484,5.161290322580645
E00148214,159,59,19,40,100,85,15,37.10691823899371,11.949685534591195,25.157232704402517,62.893081761006286,53.459119496855344,9.433962264150944
E00148215,163,41,13,28,122,109,13,25.153374233128833,7.975460122699387,17.177914110429448,74.84662576687117,66.87116564417178,7.975460122699387
E00148216,131,51,17,34,80,75,5,38.93129770992366,12.977099236641221,25.954198473282442,61.06870229007634,57.25190839694656,3.816793893129771
E00148217,183,68,20,48,115,102,13,37.15846994535519,10.92896174863388,26.229508196721312,62.841530054644814,55.73770491803278,7.103825136612022
E00148218,128,45,14,31,83,78,5,35.15625,10.9375,24.21875,64.84375,60.9375,3.90625
E00148219,157,46,21,25,111,93,18,29.29936305732484,13.375796178343949,15.92356687898089,70.70063694267516,59.23566878980891,11.464968152866243
E00148220,319,75,23,52,244,211,33,23.510971786833856,7.210031347962382,16.30094043887147,76.48902821316614,66.14420062695925,10.344827586206897
E00148221,274,81,22,59,193,170,23,29.56204379562044,8.02919708029197,21.532846715328464,70.43795620437956,62.04379562043796,8.394160583941606
E00148222,217,50,12,38,167,150,17,23.04147465437788,5.529953917050691,17.51152073732719,76.95852534562212,69.12442396313364,7.834101382488479
E00148223,160,40,14,26,120,102,18,25,8.75,16.25,75,63.74999999999999,11.25
E00148224,151,41,10,31,110,98,12,27.1523178807947,6.622516556291391,20.52980132450331,72.84768211920529,64.90066225165563,7.9470198675496695
E00148225,56,21,5,16,35,30,5,37.5,8.928571428571429,28.57142857142857,62.5,53.57142857142857,8.928571428571429
E00148226,140,38,12,26,102,90,12,27.142857142857142,8.571428571428571,18.571428571428573,72.85714285714285,64.28571428571429,8.571428571428571
E00148227,95,35,14,21,60,54,6,36.84210526315789,14.736842105263156,22.105263157894736,63.1578947368421,56.84210526315789,6.315789473684211
E00148228,129,21,6,15,108,100,8,16.27906976744186,4.651162790697675,11.627906976744185,83.72093023255815,77.51937984496125,6.2015503875969
E00148229,208,66,22,44,142,122,20,31.73076923076923,10.576923076923077,21.153846153846153,68.26923076923077,58.65384615384615,9.615384615384617
E00148230,91,23,3,20,68,63,5,25.274725274725274,3.296703296703297,21.978021978021978,74.72527472527473,69.23076923076923,5.4945054945054945
E00148231,170,49,16,33,121,108,13,28.823529411764703,9.411764705882353,19.411764705882355,71.17647058823529,63.52941176470588,7.647058823529412
E00148232,144,51,20,31,93,86,7,35.41666666666667,13.88888888888889,21.52777777777778,64.58333333333334,59.72222222222222,4.861111111111112
E00148233,62,18,8,10,44,40,4,29.03225806451613,12.903225806451612,16.129032258064516,70.96774193548387,64.51612903225806,6.451612903225806
E00148234,120,39,12,27,81,66,15,32.5,10,22.5,67.5,55.00000000000001,12.5
E00148235,145,48,15,33,97,79,18,33.10344827586207,10.344827586206897,22.758620689655174,66.89655172413794,54.48275862068965,12.413793103448276
E00148236,204,56,18,38,148,119,29,27.450980392156865,8.823529411764707,18.627450980392158,72.54901960784314,58.333333333333336,14.215686274509803
E00148238,108,31,8,23,77,69,8,28.703703703703702,7.4074074074074066,21.296296296296298,71.29629629629629,63.888888888888886,7.4074074074074066
E00148239,110,42,21,21,68,54,14,38.18181818181819,19.090909090909093,19.090909090909093,61.81818181818181,49.09090909090909,12.727272727272727
E00148240,105,22,9,13,83,75,8,20.952380952380953,8.571428571428571,12.380952380952381,79.04761904761905,71.42857142857143,7.6190476190476195
E00148241,111,35,8,27,76,65,11,31.53153153153153,7.207207207207207,24.324324324324326,68.46846846846847,58.55855855855856,9.90990990990991
E00148242,112,30,7,23,82,66,16,26.785714285714285,6.25,20.535714285714285,73.21428571428571,58.92857142857143,14.285714285714285
E00148243,167,37,16,21,130,113,17,22.15568862275449,9.580838323353294,12.574850299401197,77.84431137724552,67.66467065868264,10.179640718562874
E00148244,169,56,20,36,113,97,16,33.13609467455622,11.834319526627219,21.301775147928996,66.86390532544378,57.396449704142015,9.467455621301776
E00148245,156,56,16,40,100,81,19,35.8974358974359,10.256410256410255,25.64102564102564,64.1025641025641,51.92307692307693,12.179487179487179
E00148246,111,42,14,28,69,64,5,37.83783783783784,12.612612612612612,25.225225225225223,62.16216216216216,57.65765765765766,4.504504504504505
E00148247,120,40,18,22,80,68,12,33.33333333333333,15,18.333333333333332,66.66666666666666,56.666666666666664,10
E00148248,160,62,19,43,98,84,14,38.75,11.875,26.875,61.25000000000001,52.5,8.75
E00148249,123,50,16,34,73,62,11,40.65040650406504,13.008130081300814,27.64227642276423,59.34959349593496,50.40650406504065,8.94308943089431
E00148250,105,34,12,22,71,62,9,32.38095238095238,11.428571428571429,20.952380952380953,67.61904761904762,59.04761904761905,8.571428571428571
E00148251,166,64,15,49,102,92,10,38.55421686746988,9.036144578313253,29.518072289156628,61.44578313253012,55.42168674698795,6.024096385542169
E00148252,131,42,11,31,89,74,15,32.06106870229007,8.396946564885496,23.66412213740458,67.93893129770993,56.48854961832062,11.450381679389313
E00148253,164,39,11,28,125,107,18,23.78048780487805,6.707317073170732,17.073170731707318,76.21951219512195,65.2439024390244,10.975609756097562
E00148254,143,46,13,33,97,84,13,32.16783216783217,9.090909090909092,23.076923076923077,67.83216783216784,58.74125874125874,9.090909090909092
E00148255,158,45,15,30,113,101,12,28.48101265822785,9.49367088607595,18.9873417721519,71.51898734177216,63.92405063291139,7.59493670886076
E00148256,131,31,10,21,100,97,3,23.66412213740458,7.633587786259542,16.030534351145036,76.33587786259542,74.04580152671755,2.2900763358778624
E00148257,158,48,14,34,110,95,15,30.37974683544304,8.860759493670885,21.518987341772153,69.62025316455697,60.12658227848101,9.49367088607595
E00148258,128,44,16,28,84,77,7,34.375,12.5,21.875,65.625,60.15625,5.46875
E00148259,134,40,10,30,94,85,9,29.850746268656714,7.462686567164178,22.388059701492537,70.1492537313433,63.43283582089553,6.7164179104477615
E00148260,94,31,7,24,63,56,7,32.97872340425532,7.446808510638298,25.53191489361702,67.02127659574468,59.57446808510638,7.446808510638298
E00148262,112,45,14,31,67,56,11,40.17857142857143,12.5,27.67857142857143,59.82142857142857,50,9.821428571428571
E00148263,147,51,19,32,96,79,17,34.69387755102041,12.925170068027212,21.768707482993197,65.3061224489796,53.74149659863946,11.564625850340136
E00148265,148,29,8,21,119,91,28,19.594594594594593,5.405405405405405,14.18918918918919,80.4054054054054,61.48648648648649,18.91891891891892
E00148266,150,34,9,25,116,96,20,22.666666666666664,6,16.666666666666664,77.33333333333333,64,13.333333333333334
E00148267,156,44,9,35,112,97,15,28.205128205128204,5.769230769230769,22.435897435897438,71.7948717948718,62.17948717948718,9.615384615384617
E00148269,190,38,12,26,152,126,26,20,6.315789473684211,13.684210526315791,80,66.3157894736842,13.684210526315791
E00148270,158,64,31,33,94,79,15,40.50632911392405,19.62025316455696,20.88607594936709,59.49367088607595,50,9.49367088607595
E00148272,192,54,14,40,138,117,21,28.125,7.291666666666667,20.833333333333336,71.875,60.9375,10.9375
E00148273,98,25,9,16,73,65,8,25.510204081632654,9.183673469387756,16.3265306122449,74.48979591836735,66.3265306122449,8.16326530612245
E00148274,64,26,9,17,38,33,5,40.625,14.0625,26.5625,59.375,51.5625,7.8125
E00148275,267,70,19,51,197,160,37,26.217228464419474,7.116104868913857,19.101123595505616,73.78277153558052,59.925093632958806,13.857677902621724
E00148276,63,19,6,13,44,40,4,30.158730158730158,9.523809523809524,20.634920634920633,69.84126984126983,63.49206349206349,6.349206349206349
E00148277,179,56,15,41,123,104,19,31.28491620111732,8.379888268156424,22.905027932960895,68.71508379888269,58.10055865921788,10.614525139664805
E00148278,103,40,21,19,63,51,12,38.83495145631068,20.388349514563107,18.446601941747574,61.165048543689316,49.51456310679612,11.650485436893204
E00148279,120,34,9,25,86,78,8,28.333333333333332,7.5,20.833333333333336,71.66666666666667,65,6.666666666666667
E00148280,66,29,13,16,37,30,7,43.93939393939394,19.696969696969695,24.242424242424242,56.060606060606055,45.45454545454545,10.606060606060606
E00148281,111,43,17,26,68,54,14,38.73873873873874,15.315315315315313,23.423423423423422,61.261261261261254,48.64864864864865,12.612612612612612
E00148282,187,60,18,42,127,101,26,32.085561497326204,9.62566844919786,22.459893048128343,67.9144385026738,54.01069518716578,13.903743315508022
E00148283,142,36,14,22,106,82,24,25.352112676056336,9.859154929577464,15.492957746478872,74.64788732394366,57.74647887323944,16.901408450704224
E00148284,117,40,17,23,77,60,17,34.18803418803419,14.529914529914532,19.65811965811966,65.8119658119658,51.28205128205128,14.529914529914532
E00148285,115,34,10,24,81,65,16,29.565217391304348,8.695652173913043,20.869565217391305,70.43478260869566,56.52173913043478,13.91304347826087
E00148286,66,21,11,10,45,38,7,31.818181818181817,16.666666666666664,15.151515151515152,68.18181818181817,57.57575757575758,10.606060606060606
E00148287,162,51,17,34,111,88,23,31.48148148148148,10.493827160493826,20.98765432098765,68.51851851851852,54.32098765432099,14.19753086419753
E00148288,113,38,13,25,75,61,14,33.6283185840708,11.504424778761061,22.123893805309734,66.3716814159292,53.98230088495575,12.389380530973451
E00148289,85,35,8,27,50,47,3,41.17647058823529,9.411764705882353,31.76470588235294,58.82352941176471,55.294117647058826,3.5294117647058822
E00148290,111,46,16,30,65,53,12,41.44144144144144,14.414414414414415,27.027027027027028,58.55855855855856,47.74774774774775,10.81081081081081
E00148291,115,32,14,18,83,71,12,27.82608695652174,12.173913043478262,15.65217391304348,72.17391304347827,61.73913043478261,10.434782608695652
E00148292,95,35,10,25,60,51,9,36.84210526315789,10.526315789473683,26.31578947368421,63.1578947368421,53.68421052631579,9.473684210526317
E00148293,107,37,10,27,70,59,11,34.57943925233645,9.345794392523365,25.233644859813083,65.42056074766354,55.140186915887845,10.2803738317757
E00148294,132,38,8,30,94,85,9,28.78787878787879,6.0606060606060606,22.727272727272727,71.21212121212122,64.39393939393939,6.8181818181818175
E00148295,83,27,8,19,56,50,6,32.53012048192771,9.63855421686747,22.89156626506024,67.46987951807229,60.24096385542169,7.228915662650602
E00148296,128,50,17,33,78,61,17,39.0625,13.28125,25.78125,60.9375,47.65625,13.28125
E00148297,106,34,15,19,72,63,9,32.075471698113205,14.150943396226415,17.92452830188679,67.9245283018868,59.43396226415094,8.49056603773585
E00148298,88,35,12,23,53,48,5,39.77272727272727,13.636363636363635,26.136363636363637,60.22727272727273,54.54545454545454,5.681818181818182
E00148299,95,28,12,16,67,56,11,29.47368421052631,12.631578947368421,16.842105263157894,70.52631578947368,58.94736842105262,11.578947368421053
E00148300,149,50,21,29,99,83,16,33.557046979865774,14.093959731543624,19.463087248322147,66.44295302013423,55.70469798657718,10.738255033557047
E00148301,129,39,8,31,90,78,12,30.23255813953488,6.2015503875969,24.031007751937985,69.76744186046511,60.46511627906976,9.30232558139535
E00148302,72,22,6,16,50,42,8,30.555555555555557,8.333333333333332,22.22222222222222,69.44444444444444,58.333333333333336,11.11111111111111
E00148303,224,73,16,57,151,123,28,32.589285714285715,7.142857142857142,25.44642857142857,67.41071428571429,54.91071428571429,12.5
E00148304,126,45,15,30,81,70,11,35.714285714285715,11.904761904761903,23.809523809523807,64.28571428571429,55.55555555555556,8.73015873015873
E00148305,146,37,12,25,109,89,20,25.34246575342466,8.21917808219178,17.123287671232877,74.65753424657534,60.95890410958904,13.698630136986301
E00148306,179,63,19,44,116,106,10,35.19553072625698,10.614525139664805,24.581005586592177,64.80446927374301,59.217877094972074,5.58659217877095
E00148307,62,22,6,16,40,34,6,35.483870967741936,9.67741935483871,25.806451612903224,64.51612903225806,54.83870967741935,9.67741935483871
E00148308,92,29,6,23,63,50,13,31.521739130434785,6.521739130434782,25,68.47826086956522,54.347826086956516,14.130434782608695
E00148309,142,45,18,27,97,85,12,31.690140845070424,12.676056338028168,19.014084507042252,68.30985915492957,59.859154929577464,8.450704225352112
E00148310,120,36,6,30,84,67,17,30,5,25,70,55.833333333333336,14.166666666666666
E00148311,100,35,10,25,65,55,10,35,10,25,65,55.00000000000001,10
E00148312,45,16,5,11,29,26,3,35.55555555555556,11.11111111111111,24.444444444444443,64.44444444444444,57.77777777777777,6.666666666666667
E00148313,164,51,16,35,113,99,14,31.097560975609756,9.75609756097561,21.341463414634145,68.90243902439023,60.36585365853659,8.536585365853659
E00148314,182,62,16,46,120,104,16,34.065934065934066,8.791208791208792,25.274725274725274,65.93406593406593,57.14285714285714,8.791208791208792
E00148315,108,32,12,20,76,63,13,29.629629629629626,11.11111111111111,18.51851851851852,70.37037037037037,58.333333333333336,12.037037037037036
E00148316,149,51,20,31,98,86,12,34.22818791946309,13.422818791946309,20.80536912751678,65.77181208053692,57.71812080536913,8.053691275167784
E00148317,127,52,16,36,75,64,11,40.94488188976378,12.598425196850393,28.346456692913385,59.055118110236215,50.39370078740157,8.661417322834646
E00148318,83,26,9,17,57,48,9,31.32530120481928,10.843373493975903,20.481927710843372,68.67469879518072,57.831325301204814,10.843373493975903
E00148319,121,41,14,27,80,62,18,33.88429752066116,11.570247933884298,22.31404958677686,66.11570247933885,51.2396694214876,14.87603305785124
E00148320,47,24,9,15,23,18,5,51.06382978723404,19.148936170212767,31.914893617021278,48.93617021276596,38.297872340425535,10.638297872340425
E00148321,166,44,18,26,122,102,20,26.506024096385545,10.843373493975903,15.66265060240964,73.49397590361446,61.44578313253012,12.048192771084338
E00148322,117,35,19,16,82,59,23,29.914529914529915,16.23931623931624,13.675213675213676,70.08547008547008,50.427350427350426,19.65811965811966
E00148323,115,39,17,22,76,55,21,33.91304347826087,14.782608695652174,19.130434782608695,66.08695652173913,47.82608695652174,18.26086956521739
E00148324,144,37,11,26,107,78,29,25.694444444444443,7.638888888888889,18.055555555555554,74.30555555555556,54.166666666666664,20.13888888888889
E00148325,96,28,15,13,68,41,27,29.166666666666668,15.625,13.541666666666666,70.83333333333334,42.70833333333333,28.125
E00148326,135,37,14,23,98,81,17,27.40740740740741,10.37037037037037,17.037037037037038,72.5925925925926,60,12.592592592592592
E00148327,125,38,11,27,87,70,17,30.4,8.799999999999999,21.6,69.6,56.00000000000001,13.600000000000001
E00148328,158,57,21,36,101,80,21,36.075949367088604,13.291139240506327,22.78481012658228,63.92405063291139,50.63291139240506,13.291139240506327
E00148329,109,30,6,24,79,62,17,27.522935779816514,5.5045871559633035,22.018348623853214,72.47706422018348,56.88073394495413,15.59633027522936
E00148330,140,69,16,53,71,66,5,49.28571428571429,11.428571428571429,37.857142857142854,50.71428571428571,47.14285714285714,3.571428571428571
E00148331,120,41,24,17,79,55,24,34.166666666666664,20,14.166666666666666,65.83333333333333,45.83333333333333,20
E00148332,148,46,16,30,102,73,29,31.08108108108108,10.81081081081081,20.27027027027027,68.91891891891892,49.32432432432432,19.594594594594593
E00148333,99,32,15,17,67,51,16,32.323232323232325,15.151515151515152,17.17171717171717,67.67676767676768,51.515151515151516,16.161616161616163
E00148334,106,31,10,21,75,64,11,29.245283018867923,9.433962264150944,19.81132075471698,70.75471698113208,60.37735849056604,10.377358490566039
E00148335,89,38,24,14,51,40,11,42.69662921348314,26.96629213483146,15.730337078651685,57.30337078651685,44.9438202247191,12.359550561797752
E00148336,201,63,20,43,138,106,32,31.343283582089555,9.950248756218906,21.393034825870647,68.65671641791045,52.736318407960205,15.92039800995025
E00148337,122,43,10,33,79,66,13,35.24590163934426,8.19672131147541,27.049180327868854,64.75409836065575,54.09836065573771,10.655737704918032
E00148338,98,41,11,30,57,45,12,41.83673469387755,11.224489795918368,30.612244897959183,58.16326530612245,45.91836734693878,12.244897959183673
E00148339,131,41,14,27,90,73,17,31.297709923664126,10.687022900763358,20.610687022900763,68.70229007633588,55.72519083969466,12.977099236641221
E00148340,70,22,7,15,48,36,12,31.428571428571427,10,21.428571428571427,68.57142857142857,51.42857142857142,17.142857142857142
E00148341,72,24,15,9,48,33,15,33.33333333333333,20.833333333333336,12.5,66.66666666666666,45.83333333333333,20.833333333333336
E00148342,83,22,4,18,61,46,15,26.506024096385545,4.819277108433735,21.686746987951807,73.49397590361446,55.42168674698795,18.072289156626507
E00148343,177,59,17,42,118,85,33,33.33333333333333,9.6045197740113,23.728813559322035,66.66666666666666,48.0225988700565,18.64406779661017
E00148344,149,52,18,34,97,73,24,34.899328859060404,12.080536912751679,22.818791946308725,65.1006711409396,48.99328859060403,16.10738255033557
E00148345,167,71,26,45,96,74,22,42.51497005988024,15.568862275449103,26.94610778443114,57.48502994011976,44.31137724550898,13.17365269461078
E00148346,195,59,28,31,136,92,44,30.256410256410255,14.358974358974358,15.897435897435896,69.74358974358974,47.179487179487175,22.564102564102566
E00148347,78,29,16,13,49,41,8,37.17948717948718,20.51282051282051,16.666666666666664,62.82051282051282,52.56410256410257,10.256410256410255
E00148348,87,31,13,18,56,45,11,35.63218390804598,14.942528735632186,20.689655172413794,64.36781609195403,51.724137931034484,12.643678160919542
E00148349,304,109,46,63,195,152,43,35.85526315789473,15.131578947368421,20.723684210526315,64.14473684210526,50,14.144736842105262
E00148350,193,57,12,45,136,105,31,29.533678756476682,6.217616580310881,23.316062176165804,70.46632124352331,54.40414507772021,16.06217616580311
E00148351,155,47,20,27,108,91,17,30.32258064516129,12.903225806451612,17.419354838709676,69.6774193548387,58.70967741935483,10.967741935483872
E00148352,151,61,20,41,90,73,17,40.397350993377486,13.245033112582782,27.1523178807947,59.60264900662252,48.34437086092716,11.258278145695364
E00148354,170,62,29,33,108,85,23,36.470588235294116,17.058823529411764,19.411764705882355,63.52941176470588,50,13.529411764705882
E00148355,164,75,26,49,89,70,19,45.73170731707317,15.853658536585366,29.878048780487802,54.268292682926834,42.68292682926829,11.585365853658537
E00148356,132,41,15,26,91,77,14,31.060606060606062,11.363636363636363,19.696969696969695,68.93939393939394,58.333333333333336,10.606060606060606
E00148357,165,63,19,44,102,90,12,38.18181818181819,11.515151515151516,26.666666666666668,61.81818181818181,54.54545454545454,7.2727272727272725
E00148358,134,42,18,24,92,75,17,31.343283582089555,13.432835820895523,17.91044776119403,68.65671641791045,55.970149253731336,12.686567164179104
E00148359,121,41,13,28,80,73,7,33.88429752066116,10.743801652892563,23.140495867768596,66.11570247933885,60.33057851239669,5.785123966942149
E00148360,138,48,18,30,90,84,6,34.78260869565217,13.043478260869565,21.73913043478261,65.21739130434783,60.86956521739131,4.3478260869565215
E00148361,197,62,27,35,135,119,16,31.472081218274113,13.705583756345177,17.766497461928935,68.52791878172589,60.40609137055838,8.121827411167512
E00148362,94,31,13,18,63,50,13,32.97872340425532,13.829787234042554,19.148936170212767,67.02127659574468,53.191489361702125,13.829787234042554
E00148363,124,43,13,30,81,66,15,34.67741935483871,10.483870967741936,24.193548387096776,65.32258064516128,53.2258064516129,12.096774193548388
E00148364,102,30,12,18,72,63,9,29.411764705882355,11.76470588235294,17.647058823529413,70.58823529411765,61.76470588235294,8.823529411764707
E00148365,83,32,17,15,51,45,6,38.55421686746988,20.481927710843372,18.072289156626507,61.44578313253012,54.21686746987952,7.228915662650602
E00148366,157,58,24,34,99,78,21,36.94267515923567,15.286624203821656,21.656050955414013,63.05732484076433,49.681528662420384,13.375796178343949
E00148367,158,61,22,39,97,80,17,38.607594936708864,13.924050632911392,24.68354430379747,61.39240506329114,50.63291139240506,10.759493670886076
E00148368,198,79,33,46,119,106,13,39.8989898989899,16.666666666666664,23.232323232323232,60.1010101010101,53.535353535353536,6.565656565656567
E00148369,116,40,15,25,76,63,13,34.48275862068966,12.931034482758621,21.551724137931032,65.51724137931035,54.310344827586206,11.206896551724139
E00148370,134,51,24,27,83,51,32,38.059701492537314,17.91044776119403,20.149253731343283,61.940298507462686,38.059701492537314,23.88059701492537
E00148371,163,54,11,43,109,86,23,33.12883435582822,6.748466257668712,26.380368098159508,66.87116564417178,52.760736196319016,14.11042944785276
E00148372,96,32,14,18,64,50,14,33.33333333333333,14.583333333333334,18.75,66.66666666666666,52.083333333333336,14.583333333333334
E00148373,207,76,31,45,131,104,27,36.71497584541063,14.975845410628018,21.73913043478261,63.28502415458937,50.24154589371981,13.043478260869565
E00148374,210,86,36,50,124,95,29,40.95238095238095,17.142857142857142,23.809523809523807,59.04761904761905,45.23809523809524,13.80952380952381
E00148375,246,79,24,55,167,155,12,32.113821138211385,9.75609756097561,22.35772357723577,67.88617886178862,63.00813008130082,4.878048780487805
E00148376,79,29,12,17,50,37,13,36.708860759493675,15.18987341772152,21.518987341772153,63.29113924050633,46.835443037974684,16.455696202531644
E00148377,81,34,14,20,47,38,9,41.9753086419753,17.28395061728395,24.691358024691358,58.0246913580247,46.913580246913575,11.11111111111111
E00148378,130,44,11,33,86,76,10,33.84615384615385,8.461538461538462,25.384615384615383,66.15384615384615,58.46153846153847,7.6923076923076925
E00148379,150,37,10,27,113,97,16,24.666666666666668,6.666666666666667,18,75.33333333333333,64.66666666666666,10.666666666666668
E00148380,156,53,17,36,103,85,18,33.97435897435898,10.897435897435898,23.076923076923077,66.02564102564102,54.48717948717948,11.538461538461538
E00148381,258,79,18,61,179,160,19,30.620155038759687,6.976744186046512,23.643410852713178,69.37984496124031,62.01550387596899,7.3643410852713185
E00148382,122,39,16,23,83,61,22,31.967213114754102,13.114754098360656,18.852459016393443,68.0327868852459,50,18.0327868852459
E00148383,67,28,9,19,39,39,0,41.7910447761194,13.432835820895523,28.35820895522388,58.2089552238806,58.2089552238806,0
E00148384,248,83,27,56,165,137,28,33.46774193548387,10.887096774193548,22.58064516129032,66.53225806451613,55.24193548387096,11.29032258064516
E00148385,154,56,20,36,98,81,17,36.36363636363637,12.987012987012985,23.376623376623375,63.63636363636363,52.5974025974026,11.03896103896104
E00148386,79,18,10,8,61,51,10,22.78481012658228,12.658227848101266,10.126582278481013,77.21518987341773,64.55696202531645,12.658227848101266
E00148387,105,41,13,28,64,51,13,39.04761904761905,12.380952380952381,26.666666666666668,60.952380952380956,48.57142857142857,12.380952380952381
E00148388,100,33,9,24,67,53,14,33,9,24,67,53,14.000000000000002
E00148389,125,45,14,31,80,61,19,36,11.200000000000001,24.8,64,48.8,15.2
E00148390,114,41,15,26,73,64,9,35.96491228070175,13.157894736842104,22.807017543859647,64.03508771929825,56.14035087719298,7.894736842105263
E00148391,140,46,8,38,94,76,18,32.857142857142854,5.714285714285714,27.142857142857142,67.14285714285714,54.285714285714285,12.857142857142856
E00148392,185,73,20,53,112,89,23,39.45945945945946,10.81081081081081,28.64864864864865,60.54054054054055,48.10810810810811,12.432432432432433
E00148394,131,40,15,25,91,82,9,30.53435114503817,11.450381679389313,19.083969465648856,69.46564885496184,62.59541984732825,6.870229007633588
E00148395,68,32,18,14,36,31,5,47.05882352941176,26.47058823529412,20.588235294117645,52.94117647058824,45.588235294117645,7.352941176470589
E00148396,190,61,17,44,129,108,21,32.10526315789474,8.947368421052632,23.157894736842106,67.89473684210526,56.84210526315789,11.052631578947368
E00148397,114,37,12,25,77,57,20,32.45614035087719,10.526315789473683,21.929824561403507,67.54385964912281,50,17.543859649122805
E00148398,244,76,26,50,168,125,43,31.147540983606557,10.655737704918032,20.491803278688526,68.85245901639344,51.229508196721305,17.62295081967213
E00148399,139,42,18,24,97,76,21,30.215827338129497,12.949640287769784,17.26618705035971,69.7841726618705,54.67625899280576,15.107913669064748
E00148400,109,37,16,21,72,57,15,33.94495412844037,14.678899082568808,19.26605504587156,66.05504587155964,52.293577981651374,13.761467889908257
E00148401,123,44,17,27,79,60,19,35.77235772357724,13.821138211382115,21.951219512195124,64.22764227642277,48.78048780487805,15.447154471544716
E00148402,79,26,7,19,53,38,15,32.91139240506329,8.860759493670885,24.050632911392405,67.08860759493672,48.10126582278481,18.9873417721519
E00148403,135,42,22,20,93,73,20,31.11111111111111,16.296296296296298,14.814814814814813,68.88888888888889,54.074074074074076,14.814814814814813
E00148404,94,29,10,19,65,55,10,30.851063829787233,10.638297872340425,20.212765957446805,69.14893617021278,58.51063829787234,10.638297872340425
E00148405,92,26,11,15,66,51,15,28.26086956521739,11.956521739130435,16.304347826086957,71.73913043478261,55.434782608695656,16.304347826086957
E00148406,141,43,14,29,98,71,27,30.49645390070922,9.929078014184398,20.56737588652482,69.50354609929079,50.35460992907801,19.148936170212767
E00148407,130,43,11,32,87,73,14,33.07692307692307,8.461538461538462,24.615384615384617,66.92307692307692,56.15384615384615,10.76923076923077
E00148408,130,52,23,29,78,61,17,40,17.692307692307693,22.30769230769231,60,46.92307692307692,13.076923076923078
E00148409,94,29,8,21,65,53,12,30.851063829787233,8.51063829787234,22.340425531914892,69.14893617021278,56.38297872340425,12.76595744680851
E00148411,249,80,30,50,169,135,34,32.1285140562249,12.048192771084338,20.080321285140563,67.8714859437751,54.21686746987952,13.654618473895583
E00148412,146,47,15,32,99,73,26,32.19178082191781,10.273972602739725,21.91780821917808,67.8082191780822,50,17.80821917808219
E00148413,187,67,19,48,120,90,30,35.82887700534759,10.16042780748663,25.668449197860966,64.171122994652407,48.1283422459893,16.042780748663102
E00148414,142,44,12,32,98,79,19,30.985915492957744,8.450704225352112,22.535211267605636,69.01408450704226,55.633802816901415,13.380281690140844
E00148415,175,61,25,36,114,87,27,34.85714285714286,14.285714285714285,20.57142857142857,65.14285714285715,49.714285714285715,15.428571428571427
E00148416,192,65,19,46,127,97,30,33.85416666666667,9.895833333333332,23.958333333333336,66.14583333333334,50.520833333333336,15.625
E00148417,121,49,16,33,72,63,9,40.49586776859504,13.223140495867769,27.27272727272727,59.50413223140496,52.066115702479344,7.43801652892562
E00148418,63,22,5,17,41,26,15,34.92063492063492,7.936507936507936,26.984126984126984,65.07936507936508,41.269841269841265,23.809523809523807
E00148419,198,67,30,37,131,116,15,33.83838383838384,15.151515151515152,18.68686868686869,66.16161616161617,58.58585858585859,7.575757575757576
E00148420,126,37,12,25,89,79,10,29.365079365079367,9.523809523809524,19.841269841269842,70.63492063492063,62.698412698412696,7.936507936507936
E00148421,76,26,10,16,50,45,5,34.21052631578947,13.157894736842104,21.052631578947366,65.78947368421053,59.210526315789465,6.578947368421052
E00148422,183,65,17,48,118,100,18,35.51912568306011,9.289617486338798,26.229508196721312,64.48087431693989,54.644808743169406,9.836065573770492
E00148423,116,31,9,22,85,61,24,26.72413793103448,7.758620689655173,18.96551724137931,73.27586206896551,52.58620689655172,20.689655172413794
E00148424,141,55,24,31,86,57,29,39.00709219858156,17.02127659574468,21.98581560283688,60.99290780141844,40.42553191489361,20.56737588652482
E00148425,140,50,23,27,90,75,15,35.714285714285715,16.428571428571427,19.28571428571429,64.28571428571429,53.57142857142857,10.714285714285714
E00148426,128,49,16,33,79,67,12,38.28125,12.5,25.78125,61.71875,52.34375,9.375
E00148427,151,53,16,37,98,75,23,35.099337748344375,10.596026490066226,24.503311258278146,64.90066225165563,49.668874172185426,15.2317880794702
E00148428,112,35,11,24,77,66,11,31.25,9.821428571428571,21.428571428571427,68.75,58.92857142857143,9.821428571428571
E00148429,220,63,23,40,157,117,40,28.636363636363637,10.454545454545453,18.181818181818183,71.36363636363636,53.18181818181819,18.181818181818183
E00148431,163,64,30,34,99,77,22,39.263803680981596,18.404907975460123,20.858895705521473,60.73619631901841,47.239263803680984,13.496932515337424
E00148432,143,45,14,31,98,74,24,31.46853146853147,9.79020979020979,21.678321678321677,68.53146853146853,51.74825174825175,16.783216783216783
E00148433,145,43,9,34,102,82,20,29.655172413793103,6.206896551724138,23.448275862068964,70.34482758620689,56.55172413793104,13.793103448275861
E00148434,166,61,22,39,105,74,31,36.74698795180723,13.253012048192772,23.49397590361446,63.25301204819277,44.57831325301205,18.67469879518072
E00148435,129,49,17,32,80,71,9,37.98449612403101,13.178294573643413,24.8062015503876,62.01550387596899,55.03875968992248,6.976744186046512
E00148436,166,50,15,35,116,95,21,30.120481927710845,9.036144578313253,21.084337349397593,69.87951807228916,57.22891566265061,12.650602409638553
E00148437,113,33,10,23,80,67,13,29.20353982300885,8.849557522123893,20.353982300884958,70.79646017699115,59.29203539823009,11.504424778761061
E00148438,123,37,10,27,86,65,21,30.081300813008134,8.130081300813007,21.951219512195124,69.91869918699187,52.84552845528455,17.073170731707318
E00148439,132,28,9,19,104,81,23,21.21212121212121,6.8181818181818175,14.393939393939394,78.78787878787878,61.36363636363637,17.424242424242426
E00148440,105,32,14,18,73,60,13,30.476190476190478,13.333333333333334,17.142857142857142,69.52380952380952,57.14285714285714,12.380952380952381
E00148441,119,40,17,23,79,68,11,33.61344537815126,14.285714285714285,19.327731092436977,66.38655462184873,57.14285714285714,9.243697478991598
E00148442,150,54,10,44,96,84,12,36,6.666666666666667,29.333333333333332,64,56.00000000000001,8
E00148443,135,44,14,30,91,75,16,32.592592592592595,10.37037037037037,22.22222222222222,67.4074074074074,55.55555555555556,11.851851851851853
E00148444,114,27,5,22,87,73,14,23.684210526315788,4.385964912280701,19.298245614035086,76.31578947368422,64.03508771929825,12.280701754385964
E00148446,196,63,19,44,133,108,25,32.142857142857146,9.693877551020408,22.448979591836736,67.85714285714286,55.10204081632652,12.755102040816327
E00148447,177,52,24,28,125,89,36,29.37853107344633,13.559322033898304,15.819209039548024,70.62146892655367,50.282485875706215,20.33898305084746
E00148449,89,28,11,17,61,48,13,31.46067415730337,12.359550561797752,19.101123595505616,68.53932584269663,53.93258426966292,14.606741573033707
E00148450,332,100,25,75,232,184,48,30.120481927710845,7.530120481927711,22.590361445783135,69.87951807228916,55.42168674698795,14.457831325301203
E00148451,132,34,7,27,98,80,18,25.757575757575758,5.303030303030303,20.454545454545457,74.24242424242425,60.60606060606061,13.636363636363635
E00148452,164,45,8,37,119,100,19,27.439024390243905,4.878048780487805,22.5609756097561,72.5609756097561,60.97560975609756,11.585365853658537
E00148453,140,35,13,22,105,89,16,25,9.285714285714286,15.714285714285714,75,63.57142857142857,11.428571428571429
E00148454,117,41,12,29,76,61,15,35.04273504273504,10.256410256410255,24.786324786324787,64.95726495726495,52.13675213675214,12.82051282051282
E00148455,120,39,9,30,81,66,15,32.5,7.5,25,67.5,55.00000000000001,12.5
E00148456,133,41,13,28,92,77,15,30.82706766917293,9.774436090225564,21.052631578947366,69.17293233082707,57.89473684210527,11.278195488721805
E00148457,242,77,35,42,165,132,33,31.818181818181817,14.46280991735537,17.355371900826448,68.18181818181817,54.54545454545454,13.636363636363635
E00148458,93,28,9,19,65,53,12,30.107526881720432,9.67741935483871,20.43010752688172,69.89247311827957,56.98924731182796,12.903225806451612
E00148459,161,50,21,29,111,96,15,31.05590062111801,13.043478260869565,18.012422360248447,68.94409937888199,59.62732919254658,9.316770186335404
E00148461,99,35,9,26,64,50,14,35.35353535353536,9.090909090909092,26.262626262626267,64.64646464646465,50.505050505050505,14.14141414141414
E00148462,231,69,28,41,162,126,36,29.87012987012987,12.121212121212121,17.74891774891775,70.12987012987013,54.54545454545454,15.584415584415584
E00148463,108,37,16,21,71,49,22,34.25925925925926,14.814814814814813,19.444444444444446,65.74074074074075,45.370370370370374,20.37037037037037
E00148464,120,39,12,27,81,66,15,32.5,10,22.5,67.5,55.00000000000001,12.5
E00148465,201,69,34,35,132,96,36,34.32835820895522,16.91542288557214,17.412935323383085,65.67164179104478,47.76119402985074,17.91044776119403
E00148466,185,66,35,31,119,78,41,35.67567567567568,18.91891891891892,16.756756756756758,64.32432432432432,42.16216216216216,22.162162162162165
E00148467,153,55,21,34,98,69,29,35.947712418300654,13.725490196078432,22.22222222222222,64.05228758169935,45.09803921568628,18.954248366013072
E00148468,165,58,27,31,107,89,18,35.15151515151515,16.363636363636363,18.787878787878785,64.84848484848484,53.939393939393945,10.909090909090908
E00148469,175,58,28,30,117,84,33,33.14285714285714,16,17.142857142857142,66.85714285714286,48,18.857142857142858
E00148470,220,69,31,38,151,102,49,31.363636363636367,14.09090909090909,17.272727272727273,68.63636363636364,46.36363636363636,22.272727272727273
E00148471,164,51,21,30,113,79,34,31.097560975609756,12.804878048780488,18.29268292682927,68.90243902439023,48.170731707317074,20.73170731707317
E00148472,108,39,22,17,69,52,17,36.11111111111111,20.37037037037037,15.74074074074074,63.888888888888886,48.148148148148145,15.74074074074074
E00148473,110,47,21,26,63,48,15,42.72727272727273,19.090909090909093,23.636363636363637,57.27272727272727,43.63636363636363,13.636363636363635
E00148474,152,61,27,34,91,69,22,40.131578947368425,17.763157894736842,22.36842105263158,59.86842105263158,45.39473684210527,14.473684210526317
E00148475,192,86,41,45,106,65,41,44.79166666666667,21.354166666666664,23.4375,55.208333333333336,33.85416666666667,21.354166666666664
E00148476,112,50,26,24,62,45,17,44.642857142857146,23.214285714285715,21.428571428571427,55.35714285714286,40.17857142857143,15.178571428571427
E00148477,94,37,18,19,57,45,12,39.361702127659576,19.148936170212767,20.212765957446805,60.63829787234043,47.87234042553192,12.76595744680851
E00148478,172,55,25,30,117,77,40,31.976744186046513,14.534883720930234,17.441860465116278,68.02325581395348,44.76744186046512,23.25581395348837
E00148479,219,67,24,43,152,118,34,30.59360730593607,10.95890410958904,19.63470319634703,69.40639269406392,53.88127853881278,15.52511415525114
E00148480,111,34,12,22,77,58,19,30.630630630630627,10.81081081081081,19.81981981981982,69.36936936936937,52.25225225225225,17.117117117117118
E00148481,119,42,18,24,77,56,21,35.294117647058826,15.126050420168067,20.168067226890756,64.70588235294117,47.05882352941176,17.647058823529413
E00148482,150,55,19,36,95,73,22,36.666666666666664,12.666666666666668,24,63.33333333333333,48.66666666666667,14.666666666666666
E00148483,136,46,24,22,90,78,12,33.82352941176471,17.647058823529413,16.176470588235293,66.17647058823529,57.35294117647059,8.823529411764707
E00148484,117,39,16,23,78,66,12,33.33333333333333,13.675213675213676,19.65811965811966,66.66666666666666,56.41025641025641,10.256410256410255
E00148485,198,67,25,42,131,101,30,33.83838383838384,12.626262626262626,21.21212121212121,66.16161616161617,51.010101010101,15.151515151515152
E00148486,159,54,20,34,105,83,22,33.9622641509434,12.578616352201259,21.38364779874214,66.0377358490566,52.20125786163522,13.836477987421384
E00148487,138,40,13,27,98,87,11,28.985507246376812,9.420289855072465,19.565217391304348,71.01449275362319,63.04347826086957,7.971014492753622
E00148488,132,45,9,36,87,75,12,34.090909090909086,6.8181818181818175,27.27272727272727,65.9090909090909,56.81818181818182,9.090909090909092
E00148489,132,34,15,19,98,86,12,25.757575757575758,11.363636363636363,14.393939393939394,74.24242424242425,65.15151515151516,9.090909090909092
E00148490,103,28,9,19,75,71,4,27.184466019417474,8.737864077669903,18.446601941747574,72.81553398058253,68.93203883495146,3.8834951456310676
E00148491,110,30,10,20,80,71,9,27.27272727272727,9.090909090909092,18.181818181818183,72.72727272727273,64.54545454545455,8.181818181818182
E00148492,210,58,19,39,152,107,45,27.61904761904762,9.047619047619047,18.571428571428573,72.38095238095238,50.95238095238095,21.428571428571427
E00148493,111,29,10,19,82,69,13,26.126126126126124,9.00900900900901,17.117117117117118,73.87387387387388,62.16216216216216,11.711711711711711
E00165959,159,46,10,36,113,100,13,28.930817610062892,6.289308176100629,22.641509433962266,71.0691823899371,62.893081761006286,8.176100628930817
E00165964,160,38,11,27,122,100,22,23.75,6.875000000000001,16.875,76.25,62.5,13.750000000000002
E00165969,126,35,12,23,91,59,32,27.77777777777778,9.523809523809524,18.253968253968253,72.22222222222221,46.82539682539682,25.396825396825395
E00165971,148,33,13,20,115,97,18,22.2972972972973,8.783783783783784,13.513513513513514,77.7027027027027,65.54054054054053,12.162162162162163
E00165972,170,44,15,29,126,94,32,25.882352941176475,8.823529411764707,17.058823529411764,74.11764705882354,55.294117647058826,18.823529411764707
E00165974,177,45,13,32,132,112,20,25.423728813559322,7.344632768361582,18.07909604519774,74.57627118644068,63.2768361581921,11.299435028248588
E00165975,230,44,14,30,186,164,22,19.130434782608695,6.086956521739131,13.043478260869565,80.8695652173913,71.30434782608695,9.565217391304348
E00165977,263,47,21,26,216,163,53,17.870722433460077,7.984790874524715,9.885931558935361,82.12927756653993,61.97718631178707,20.15209125475285
E00165979,163,46,11,35,117,101,16,28.22085889570552,6.748466257668712,21.472392638036812,71.77914110429448,61.963190184049076,9.815950920245399
E00165980,166,33,8,25,133,113,20,19.879518072289155,4.819277108433735,15.060240963855422,80.12048192771084,68.07228915662651,12.048192771084338
E00165982,216,61,16,45,155,126,29,28.240740740740737,7.4074074074074066,20.833333333333336,71.75925925925925,58.333333333333336,13.425925925925927
E00165984,165,41,9,32,124,104,20,24.848484848484848,5.454545454545454,19.393939393939394,75.15151515151514,63.030303030303024,12.121212121212121
E00165986,170,58,19,39,112,96,16,34.11764705882353,11.176470588235295,22.941176470588236,65.88235294117646,56.470588235294116,9.411764705882353
E00165987,159,49,14,35,110,94,16,30.81761006289308,8.80503144654088,22.0125786163522,69.18238993710692,59.11949685534591,10.062893081761008
E00165988,161,58,21,37,103,68,35,36.024844720496894,13.043478260869565,22.981366459627328,63.975155279503106,42.2360248447205,21.73913043478261
E00165991,157,53,15,38,104,95,9,33.75796178343949,9.554140127388536,24.203821656050955,66.2420382165605,60.509554140127385,5.7324840764331215
E00165992,164,49,14,35,115,96,19,29.878048780487802,8.536585365853659,21.341463414634145,70.1219512195122,58.536585365853654,11.585365853658537
E00165993,299,108,41,67,191,163,28,36.12040133779264,13.712374581939798,22.40802675585284,63.87959866220736,54.515050167224075,9.364548494983277
E00165995,175,50,16,34,125,105,20,28.57142857142857,9.142857142857142,19.428571428571427,71.42857142857143,60,11.428571428571429
E00186528,235,62,20,42,173,136,37,26.382978723404253,8.51063829787234,17.872340425531917,73.61702127659574,57.87234042553191,15.74468085106383
E00186534,339,77,24,53,262,212,50,22.71386430678466,7.079646017699115,15.634218289085547,77.28613569321534,62.53687315634219,14.749262536873156
E00186538,105,22,8,14,83,67,16,20.952380952380953,7.6190476190476195,13.333333333333334,79.04761904761905,63.8095238095238,15.238095238095239
E00186543,288,101,43,58,187,157,30,35.06944444444444,14.930555555555555,20.13888888888889,64.93055555555556,54.513888888888886,10.416666666666668
E00186544,193,60,26,34,133,123,10,31.088082901554404,13.471502590673575,17.616580310880828,68.9119170984456,63.730569948186535,5.181347150259067
E00186545,65,25,10,15,40,28,12,38.46153846153847,15.384615384615385,23.076923076923077,61.53846153846154,43.07692307692308,18.461538461538463
E00186547,80,14,6,8,66,53,13,17.5,7.5,10,82.5,66.25,16.25
E00186548,306,71,17,54,235,197,38,23.202614379084967,5.555555555555555,17.647058823529413,76.79738562091504,64.37908496732027,12.418300653594772
E00186549,294,47,12,35,247,201,46,15.98639455782313,4.081632653061225,11.904761904761903,84.01360544217688,68.36734693877551,15.646258503401361
E00186550,279,66,20,46,213,174,39,23.655913978494624,7.168458781362006,16.48745519713262,76.34408602150538,62.365591397849464,13.978494623655912
E00186551,108,15,4,11,93,73,20,13.88888888888889,3.7037037037037033,10.185185185185185,86.11111111111111,67.5925925925926,18.51851851851852
E00186556,236,77,29,48,159,117,42,32.6271186440678,12.288135593220339,20.33898305084746,67.37288135593221,49.57627118644068,17.796610169491526
E00186557,80,14,4,10,66,56,10,17.5,5,12.5,82.5,70,12.5
E00186558,157,49,15,34,108,84,24,31.210191082802545,9.554140127388536,21.656050955414013,68.78980891719745,53.503184713375795,15.286624203821656
E00186562,62,26,11,15,36,32,4,41.935483870967744,17.741935483870968,24.193548387096776,58.06451612903226,51.61290322580645,6.451612903225806
E00186565,342,72,21,51,270,224,46,21.052631578947366,6.140350877192982,14.912280701754385,78.94736842105263,65.49707602339181,13.450292397660817
E00186566,59,15,7,8,44,33,11,25.423728813559322,11.864406779661017,13.559322033898304,74.57627118644068,55.932203389830505,18.64406779661017
E00186567,165,34,8,26,131,109,22,20.606060606060606,4.848484848484849,15.757575757575756,79.39393939393939,66.06060606060606,13.333333333333334
E00186569,160,45,12,33,115,88,27,28.125,7.5,20.625,71.875,55.00000000000001,16.875
E00186572,61,19,3,16,42,36,6,31.147540983606557,4.918032786885246,26.229508196721312,68.85245901639344,59.01639344262295,9.836065573770492
E00186578,138,53,20,33,85,76,9,38.405797101449274,14.492753623188406,23.91304347826087,61.59420289855072,55.072463768115945,6.521739130434782
E00186580,52,21,7,14,31,23,8,40.38461538461539,13.461538461538462,26.923076923076923,59.61538461538461,44.230769230769226,15.384615384615385
E00186583,165,50,15,35,115,97,18,30.303030303030305,9.090909090909092,21.21212121212121,69.6969696969697,58.78787878787879,10.909090909090908
E00186588,108,40,9,31,68,57,11,37.03703703703704,8.333333333333332,28.703703703703702,62.96296296296296,52.77777777777778,10.185185185185185
E00186589,105,44,12,32,61,49,12,41.904761904761905,11.428571428571429,30.476190476190478,58.0952380952381,46.666666666666664,11.428571428571429
E00186598,139,29,12,17,110,97,13,20.863309352517987,8.633093525179856,12.23021582733813,79.13669064748201,69.7841726618705,9.352517985611511
E00186601,75,16,7,9,59,49,10,21.333333333333336,9.333333333333334,12,78.66666666666666,65.33333333333333,13.333333333333334
E00186610,330,76,26,50,254,214,40,23.03030303030303,7.878787878787878,15.151515151515152,76.96969696969697,64.84848484848484,12.121212121212121
E00186612,68,21,8,13,47,34,13,30.88235294117647,11.76470588235294,19.11764705882353,69.11764705882352,50,19.11764705882353
E00186613,148,38,12,26,110,91,19,25.675675675675674,8.108108108108109,17.56756756756757,74.32432432432432,61.48648648648649,12.837837837837837
E00186614,55,15,6,9,40,31,9,27.27272727272727,10.909090909090908,16.363636363636363,72.72727272727273,56.36363636363636,16.363636363636363
E00186616,88,23,0,23,65,55,10,26.136363636363637,0,26.136363636363637,73.86363636363636,62.5,11.363636363636363
E00186627,353,70,25,45,283,234,49,19.8300283286119,7.0821529745042495,12.747875354107649,80.16997167138811,66.28895184135978,13.881019830028329
E00186634,77,18,6,12,59,51,8,23.376623376623375,7.792207792207792,15.584415584415584,76.62337662337663,66.23376623376623,10.38961038961039
E00186637,97,31,11,20,66,54,12,31.958762886597935,11.34020618556701,20.618556701030926,68.04123711340206,55.670103092783506,12.371134020618557
E00186639,152,36,7,29,116,100,16,23.684210526315788,4.605263157894736,19.078947368421055,76.31578947368422,65.78947368421053,10.526315789473683
E00186645,102,21,7,14,81,65,16,20.588235294117645,6.862745098039216,13.725490196078432,79.41176470588235,63.725490196078425,15.686274509803921
E00186646,293,62,23,39,231,191,40,21.160409556313994,7.849829351535837,13.310580204778159,78.839590443686,65.18771331058021,13.651877133105803
E00186654,305,90,35,55,215,176,39,29.508196721311474,11.475409836065573,18.0327868852459,70.49180327868852,57.70491803278689,12.786885245901638
