OA,ts0380001,ts0380002,ts0380003,ts0380004,ts0380005,ts0380006,ts0380007,ts0380002_PCT,ts0380003_PCT,ts0380004_PCT,ts0380005_PCT,ts0380006_PCT,ts0380007_PCT
E00154540,375,31,7,24,344,30,314,8.266666666666666,1.866666666666667,6.4,91.73333333333333,8,83.73333333333333
E00154541,379,55,18,37,324,29,295,14.511873350923482,4.749340369393139,9.762532981530343,85.4881266490765,7.651715039577836,77.83641160949868
E00154542,412,24,7,17,388,28,360,5.825242718446602,1.6990291262135921,4.12621359223301,94.1747572815534,6.796116504854369,87.37864077669903
E00154543,348,54,26,28,294,21,273,15.517241379310345,7.471264367816093,8.045977011494253,84.48275862068965,6.0344827586206895,78.44827586206897
E00154544,365,26,5,21,339,25,314,7.123287671232877,1.36986301369863,5.7534246575342465,92.87671232876711,6.8493150684931505,86.02739726027397
E00154545,331,31,9,22,300,21,279,9.365558912386707,2.719033232628399,6.646525679758309,90.6344410876133,6.3444108761329305,84.29003021148036
E00154546,325,27,9,18,298,24,274,8.307692307692308,2.769230769230769,5.538461538461538,91.6923076923077,7.384615384615385,84.3076923076923
E00154547,266,44,19,25,222,29,193,16.541353383458645,7.142857142857142,9.398496240601503,83.45864661654136,10.902255639097744,72.55639097744361
E00154548,360,49,16,33,311,20,291,13.61111111111111,4.444444444444445,9.166666666666666,86.38888888888889,5.555555555555555,80.83333333333333
E00154549,324,45,23,22,279,30,249,13.88888888888889,7.098765432098765,6.790123456790123,86.11111111111111,9.25925925925926,76.85185185185185
E00154550,366,99,71,28,267,23,244,27.049180327868854,19.398907103825135,7.650273224043716,72.95081967213115,6.284153005464481,66.66666666666666
E00154551,373,26,8,18,347,28,319,6.970509383378016,2.1447721179624666,4.825737265415549,93.02949061662198,7.506702412868632,85.52278820375335
E00154552,378,25,7,18,353,32,321,6.613756613756613,1.8518518518518516,4.761904761904762,93.38624338624338,8.465608465608465,84.92063492063492
E00154553,372,33,13,20,339,33,306,8.870967741935484,3.494623655913978,5.376344086021505,91.12903225806451,8.870967741935484,82.25806451612904
E00154554,367,34,9,25,333,30,303,9.264305177111716,2.452316076294278,6.811989100817439,90.73569482288828,8.174386920980927,82.56130790190736
E00154555,323,47,15,32,276,13,263,14.551083591331269,4.643962848297214,9.907120743034056,85.44891640866872,4.024767801857585,81.42414860681114
E00154556,352,43,10,33,309,29,280,12.215909090909092,2.840909090909091,9.375,87.7840909090909,8.238636363636363,79.54545454545455
E00154557,366,28,7,21,338,39,299,7.650273224043716,1.912568306010929,5.737704918032787,92.34972677595628,10.655737704918032,81.69398907103826
E00154558,306,33,12,21,273,25,248,10.784313725490197,3.9215686274509802,6.862745098039216,89.2156862745098,8.169934640522875,81.04575163398692
E00154559,212,51,24,27,161,11,150,24.056603773584907,11.320754716981133,12.735849056603774,75.94339622641509,5.188679245283019,70.75471698113208
E00154560,360,51,26,25,309,22,287,14.166666666666666,7.222222222222221,6.944444444444445,85.83333333333333,6.111111111111111,79.72222222222223
E00154561,271,39,15,24,232,18,214,14.391143911439114,5.535055350553505,8.856088560885608,85.60885608856088,6.642066420664207,78.96678966789668
E00154563,302,42,16,26,260,16,244,13.90728476821192,5.298013245033113,8.609271523178808,86.09271523178808,5.298013245033113,80.79470198675497
E00154564,298,41,17,24,257,17,240,13.758389261744966,5.704697986577181,8.053691275167784,86.24161073825503,5.704697986577181,80.53691275167785
E00154565,313,40,13,27,273,22,251,12.779552715654951,4.15335463258786,8.626198083067091,87.22044728434504,7.0287539936102235,80.19169329073482
E00154566,255,22,7,15,233,13,220,8.627450980392156,2.7450980392156863,5.88235294117647,91.37254901960785,5.098039215686274,86.27450980392157
E00154567,158,73,39,34,85,14,71,46.20253164556962,24.68354430379747,21.518987341772153,53.79746835443038,8.860759493670885,44.936708860759495
E00154568,274,47,19,28,227,15,212,17.153284671532848,6.934306569343065,10.218978102189782,82.84671532846716,5.474452554744526,77.37226277372264
E00154569,321,67,51,16,254,19,235,20.87227414330218,15.887850467289718,4.984423676012461,79.12772585669782,5.919003115264798,73.20872274143302
E00154570,342,30,9,21,312,18,294,8.771929824561402,2.631578947368421,6.140350877192982,91.22807017543859,5.263157894736842,85.96491228070175
E00154571,276,36,16,20,240,14,226,13.043478260869565,5.797101449275362,7.246376811594203,86.95652173913044,5.072463768115942,81.88405797101449
E00154572,314,37,8,29,277,18,259,11.78343949044586,2.547770700636943,9.235668789808917,88.21656050955414,5.7324840764331215,82.48407643312102
E00154573,486,33,7,26,453,28,425,6.790123456790123,1.440329218106996,5.349794238683128,93.20987654320987,5.761316872427984,87.44855967078189
E00154574,287,37,16,21,250,8,242,12.89198606271777,5.574912891986063,7.317073170731707,87.10801393728222,2.7874564459930316,84.3205574912892
E00154575,406,66,22,44,340,27,313,16.25615763546798,5.41871921182266,10.83743842364532,83.74384236453201,6.65024630541872,77.0935960591133
E00154576,331,46,18,28,285,14,271,13.897280966767372,5.438066465256798,8.459214501510575,86.10271903323263,4.229607250755287,81.87311178247734
E00154577,291,45,20,25,246,18,228,15.463917525773196,6.872852233676976,8.59106529209622,84.5360824742268,6.185567010309279,78.35051546391753
E00154578,325,43,16,27,282,19,263,13.230769230769232,4.923076923076923,8.307692307692308,86.76923076923076,5.846153846153846,80.92307692307692
E00154579,313,41,13,28,272,24,248,13.099041533546327,4.15335463258786,8.945686900958465,86.90095846645367,7.667731629392971,79.2332268370607
E00154580,365,32,7,25,333,29,304,8.767123287671232,1.9178082191780823,6.8493150684931505,91.23287671232877,7.9452054794520555,83.28767123287672
E00154581,300,31,10,21,269,16,253,10.333333333333334,3.3333333333333335,7.000000000000001,89.66666666666666,5.333333333333334,84.33333333333334
E00154582,358,21,7,14,337,23,314,5.865921787709497,1.9553072625698324,3.910614525139665,94.1340782122905,6.424581005586592,87.70949720670392
E00154583,471,22,6,16,449,24,425,4.670912951167728,1.2738853503184715,3.397027600849257,95.32908704883228,5.095541401273886,90.23354564755839
E00154584,386,25,7,18,361,16,345,6.476683937823833,1.8134715025906734,4.66321243523316,93.52331606217616,4.145077720207254,89.37823834196891
E00154585,457,106,40,66,351,40,311,23.194748358862142,8.752735229759299,14.442013129102845,76.80525164113786,8.752735229759299,68.05251641137856
E00154586,316,51,18,33,265,17,248,16.139240506329113,5.69620253164557,10.443037974683545,83.86075949367088,5.379746835443038,78.48101265822784
E00154587,408,26,9,17,382,19,363,6.372549019607843,2.2058823529411766,4.166666666666666,93.62745098039215,4.6568627450980395,88.97058823529412
E00154588,370,28,0,28,342,24,318,7.567567567567568,0,7.567567567567568,92.43243243243244,6.486486486486487,85.94594594594595
E00154589,311,33,14,19,278,21,257,10.610932475884244,4.501607717041801,6.109324758842444,89.38906752411575,6.752411575562702,82.63665594855306
E00154590,226,61,27,34,165,21,144,26.991150442477874,11.946902654867257,15.04424778761062,73.00884955752213,9.29203539823009,63.716814159292035
E00154591,388,33,8,25,355,24,331,8.505154639175258,2.0618556701030926,6.443298969072164,91.49484536082474,6.185567010309279,85.30927835051546
E00154592,310,51,19,32,259,22,237,16.451612903225808,6.129032258064516,10.32258064516129,83.54838709677419,7.096774193548387,76.45161290322581
E00154593,383,57,24,33,326,28,298,14.882506527415144,6.266318537859007,8.616187989556137,85.11749347258485,7.310704960835509,77.80678851174935
E00154594,544,38,10,28,506,19,487,6.985294117647059,1.8382352941176472,5.147058823529411,93.01470588235294,3.4926470588235294,89.52205882352942
E00154595,457,34,10,24,423,32,391,7.439824945295405,2.1881838074398248,5.25164113785558,92.5601750547046,7.00218818380744,85.55798687089715
E00154596,428,50,13,37,378,19,359,11.682242990654206,3.0373831775700935,8.644859813084112,88.3177570093458,4.439252336448598,83.8785046728972
E00154597,281,42,9,33,239,23,216,14.94661921708185,3.202846975088968,11.743772241992882,85.05338078291815,8.185053380782918,76.86832740213522
E00154598,372,67,33,34,305,23,282,18.010752688172044,8.870967741935484,9.13978494623656,81.98924731182797,6.182795698924731,75.80645161290323
E00154599,370,38,16,22,332,15,317,10.27027027027027,4.324324324324325,5.9459459459459465,89.72972972972974,4.054054054054054,85.67567567567568
E00154600,326,31,10,21,295,17,278,9.509202453987731,3.067484662576687,6.441717791411043,90.49079754601227,5.214723926380368,85.2760736196319
E00154601,351,49,17,32,302,30,272,13.96011396011396,4.843304843304843,9.116809116809117,86.03988603988604,8.547008547008547,77.49287749287748
E00154602,318,51,17,34,267,20,247,16.037735849056602,5.345911949685535,10.69182389937107,83.9622641509434,6.289308176100629,77.67295597484278
E00154603,526,61,22,39,465,44,421,11.596958174904943,4.182509505703422,7.41444866920152,88.40304182509506,8.365019011406844,80.03802281368822
E00154604,329,71,26,45,258,15,243,21.580547112462007,7.90273556231003,13.677811550151976,78.419452887538,4.5592705167173255,73.86018237082067
E00154605,331,30,11,19,301,18,283,9.06344410876133,3.3232628398791544,5.740181268882175,90.93655589123867,5.438066465256798,85.49848942598187
E00154606,286,29,4,25,257,19,238,10.13986013986014,1.3986013986013985,8.741258741258742,89.86013986013987,6.643356643356643,83.21678321678321
E00154607,270,20,4,16,250,19,231,7.4074074074074066,1.4814814814814816,5.9259259259259265,92.5925925925926,7.037037037037037,85.55555555555556
E00154608,341,19,6,13,322,20,302,5.571847507331378,1.7595307917888565,3.812316715542522,94.42815249266863,5.865102639296188,88.56304985337243
E00154609,323,29,11,18,294,21,273,8.978328173374612,3.4055727554179565,5.572755417956656,91.02167182662538,6.5015479876160995,84.52012383900929
E00154610,331,91,39,52,240,24,216,27.492447129909365,11.782477341389729,15.709969788519636,72.50755287009063,7.250755287009064,65.25679758308158
E00154611,318,27,9,18,291,26,265,8.49056603773585,2.8301886792452833,5.660377358490567,91.50943396226415,8.176100628930817,83.33333333333334
E00154612,346,20,5,15,326,20,306,5.780346820809249,1.4450867052023122,4.335260115606936,94.21965317919076,5.780346820809249,88.4393063583815
E00154613,408,36,9,27,372,36,336,8.823529411764707,2.2058823529411766,6.61764705882353,91.17647058823529,8.823529411764707,82.35294117647058
E00154614,384,53,31,22,331,20,311,13.802083333333334,8.072916666666668,5.729166666666666,86.19791666666666,5.208333333333334,80.98958333333334
E00154615,276,44,14,30,232,14,218,15.942028985507244,5.072463768115942,10.869565217391305,84.05797101449275,5.072463768115942,78.98550724637681
E00154616,483,100,47,53,383,30,353,20.70393374741201,9.730848861283643,10.973084886128365,79.29606625258799,6.211180124223603,73.08488612836439
E00154617,321,19,4,15,302,28,274,5.919003115264798,1.2461059190031152,4.672897196261682,94.0809968847352,8.722741433021806,85.35825545171339
E00154618,315,38,13,25,277,22,255,12.063492063492063,4.1269841269841265,7.936507936507936,87.93650793650794,6.984126984126984,80.95238095238095
E00154619,361,77,29,48,284,19,265,21.329639889196674,8.033240997229916,13.29639889196676,78.67036011080333,5.263157894736842,73.40720221606648
E00154620,352,46,17,29,306,20,286,13.068181818181818,4.829545454545454,8.238636363636363,86.93181818181817,5.681818181818182,81.25
E00154621,336,56,11,45,280,25,255,16.666666666666664,3.273809523809524,13.392857142857142,83.33333333333334,7.440476190476191,75.89285714285714
E00154622,268,11,0,11,257,21,236,4.104477611940299,0,4.104477611940299,95.8955223880597,7.835820895522389,88.05970149253731
E00154623,335,48,19,29,287,19,268,14.328358208955224,5.6716417910447765,8.656716417910449,85.67164179104478,5.6716417910447765,80
E00154624,338,28,17,11,310,24,286,8.284023668639055,5.029585798816568,3.2544378698224854,91.71597633136095,7.100591715976331,84.61538461538461
E00154625,304,24,11,13,280,25,255,7.894736842105263,3.618421052631579,4.276315789473684,92.10526315789474,8.223684210526317,83.88157894736842
E00154626,394,44,15,29,350,19,331,11.16751269035533,3.807106598984772,7.3604060913705585,88.83248730964468,4.822335025380711,84.01015228426397
E00154627,350,46,14,32,304,27,277,13.142857142857142,4,9.142857142857142,86.85714285714286,7.7142857142857135,79.14285714285715
E00154628,299,40,13,27,259,17,242,13.377926421404682,4.3478260869565215,9.03010033444816,86.62207357859532,5.68561872909699,80.93645484949833
E00154629,350,66,32,34,284,15,269,18.857142857142858,9.142857142857142,9.714285714285714,81.14285714285714,4.285714285714286,76.85714285714286
E00154630,450,61,18,43,389,24,365,13.555555555555557,4,9.555555555555555,86.44444444444444,5.333333333333334,81.11111111111111
E00154631,366,53,21,32,313,26,287,14.48087431693989,5.737704918032787,8.743169398907105,85.51912568306011,7.103825136612022,78.41530054644808
E00154633,342,27,4,23,315,27,288,7.894736842105263,1.1695906432748537,6.725146198830409,92.10526315789474,7.894736842105263,84.21052631578947
E00154634,263,139,69,70,124,14,110,52.851711026615966,26.23574144486692,26.61596958174905,47.14828897338403,5.323193916349809,41.825095057034225
E00154635,346,33,9,24,313,28,285,9.53757225433526,2.601156069364162,6.9364161849710975,90.46242774566474,8.092485549132949,82.36994219653178
E00154636,288,41,14,27,247,18,229,14.23611111111111,4.861111111111112,9.375,85.76388888888889,6.25,79.51388888888889
E00154637,395,17,3,14,378,15,363,4.30379746835443,0.7594936708860759,3.5443037974683547,95.69620253164557,3.79746835443038,91.89873417721519
E00154638,373,37,12,25,336,15,321,9.919571045576408,3.2171581769436997,6.702412868632708,90.0804289544236,4.021447721179625,86.05898123324397
E00154639,264,47,12,35,217,14,203,17.803030303030305,4.545454545454546,13.257575757575758,82.1969696969697,5.303030303030303,76.89393939393939
E00154640,264,29,14,15,235,25,210,10.984848484848484,5.303030303030303,5.681818181818182,89.01515151515152,9.469696969696969,79.54545454545455
E00154641,363,28,9,19,335,36,299,7.7134986225895315,2.479338842975207,5.234159779614325,92.28650137741047,9.917355371900827,82.36914600550963
E00154642,276,44,10,34,232,26,206,15.942028985507244,3.6231884057971016,12.318840579710146,84.05797101449275,9.420289855072465,74.63768115942028
E00154643,335,54,23,31,281,23,258,16.119402985074625,6.865671641791045,9.253731343283581,83.88059701492537,6.865671641791045,77.01492537313432
E00154644,290,32,7,25,258,13,245,11.03448275862069,2.413793103448276,8.620689655172415,88.96551724137932,4.482758620689655,84.48275862068965
E00154645,416,42,13,29,374,31,343,10.096153846153847,3.125,6.971153846153847,89.90384615384616,7.451923076923077,82.45192307692307
E00154646,301,33,15,18,268,20,248,10.96345514950166,4.983388704318937,5.980066445182724,89.03654485049833,6.64451827242525,82.39202657807309
E00154647,379,22,8,14,357,13,344,5.804749340369393,2.1108179419525066,3.6939313984168867,94.1952506596306,3.430079155672823,90.76517150395779
E00154648,364,52,23,29,312,35,277,14.285714285714285,6.318681318681318,7.967032967032966,85.71428571428571,9.615384615384617,76.0989010989011
E00154649,329,41,14,27,288,18,270,12.462006079027356,4.25531914893617,8.206686930091186,87.53799392097264,5.47112462006079,82.06686930091185
E00154650,347,31,9,22,316,25,291,8.93371757925072,2.5936599423631126,6.340057636887608,91.06628242074927,7.204610951008646,83.86167146974063
E00154651,360,50,21,29,310,22,288,13.88888888888889,5.833333333333333,8.055555555555555,86.11111111111111,6.111111111111111,80
E00154652,390,41,15,26,349,38,311,10.512820512820513,3.8461538461538463,6.666666666666667,89.48717948717949,9.7435897435897445,79.74358974358975
E00154653,365,30,10,20,335,24,311,8.21917808219178,2.73972602739726,5.47945205479452,91.78082191780823,6.575342465753424,85.2054794520548
E00154654,149,60,22,38,89,10,79,40.26845637583892,14.76510067114094,25.503355704697988,59.73154362416108,6.7114093959731544,53.02013422818792
E00154655,395,31,7,24,364,23,341,7.848101265822785,1.7721518987341773,6.075949367088607,92.15189873417722,5.822784810126582,86.32911392405063
E00154656,436,34,8,26,402,44,358,7.79816513761468,1.834862385321101,5.963302752293578,92.20183486238533,10.091743119266056,82.11009174311926
E00154657,418,36,8,28,382,31,351,8.61244019138756,1.9138755980861244,6.698564593301436,91.38755980861244,7.4162679425837315,83.97129186602871
E00154658,269,49,17,32,220,16,204,18.21561338289963,6.319702602230483,11.895910780669144,81.78438661710037,5.947955390334572,75.8364312267658
E00154659,392,48,17,31,344,30,314,12.244897959183673,4.336734693877551,7.908163265306123,87.75510204081633,7.653061224489796,80.10204081632652
E00154660,363,27,12,15,336,25,311,7.43801652892562,3.3057851239669422,4.132231404958678,92.56198347107438,6.887052341597796,85.67493112947659
E00154661,462,31,7,24,431,37,394,6.70995670995671,1.5151515151515151,5.194805194805195,93.29004329004329,8.008658008658008,85.28138528138528
E00154662,351,24,10,14,327,24,303,6.837606837606838,2.849002849002849,3.9886039886039883,93.16239316239316,6.837606837606838,86.32478632478633
E00154663,406,60,26,34,346,33,313,14.77832512315271,6.403940886699508,8.374384236453201,85.22167487684729,8.12807881773399,77.0935960591133
E00154664,415,26,7,19,389,25,364,6.265060240963856,1.6867469879518073,4.578313253012048,93.73493975903614,6.024096385542169,87.71084337349397
E00154667,329,59,25,34,270,38,232,17.933130699088146,7.598784194528875,10.33434650455927,82.06686930091185,11.55015197568389,70.51671732522796
E00154668,358,31,8,23,327,21,306,8.659217877094973,2.2346368715083798,6.424581005586592,91.34078212290503,5.865921787709497,85.47486033519553
E00154669,317,82,54,28,235,20,215,25.86750788643533,17.034700315457414,8.832807570977918,74.13249211356468,6.309148264984227,67.82334384858044
E00154670,303,58,28,30,245,14,231,19.141914191419144,9.24092409240924,9.900990099009901,80.85808580858085,4.62046204620462,76.23762376237624
E00154671,336,35,12,23,301,17,284,10.416666666666668,3.571428571428571,6.845238095238096,89.58333333333334,5.059523809523809,84.52380952380952
E00154672,398,46,14,32,352,28,324,11.557788944723619,3.5175879396984926,8.040201005025125,88.44221105527639,7.035175879396985,81.4070351758794
E00154673,329,31,8,23,298,16,282,9.422492401215806,2.43161094224924,6.990881458966565,90.5775075987842,4.86322188449848,85.71428571428571
E00154674,312,43,12,31,269,14,255,13.782051282051283,3.8461538461538463,9.935897435897436,86.21794871794873,4.487179487179487,81.73076923076923
E00154675,333,53,19,34,280,20,260,15.915915915915916,5.7057057057057055,10.21021021021021,84.08408408408408,6.006006006006006,78.07807807807808
E00154676,339,29,6,23,310,28,282,8.55457227138643,1.7699115044247788,6.784660766961652,91.44542772861357,8.259587020648967,83.1858407079646
E00154677,322,36,11,25,286,19,267,11.180124223602485,3.4161490683229814,7.763975155279502,88.81987577639751,5.900621118012422,82.91925465838509
E00154678,192,39,13,26,153,16,137,20.3125,6.770833333333333,13.541666666666666,79.6875,8.333333333333332,71.35416666666666
E00154679,388,30,9,21,358,35,323,7.731958762886598,2.3195876288659796,5.412371134020619,92.26804123711341,9.02061855670103,83.24742268041237
E00154680,342,22,5,17,320,33,287,6.432748538011696,1.461988304093567,4.970760233918129,93.56725146198829,9.649122807017543,83.91812865497076
E00154681,594,30,8,22,564,38,526,5.05050505050505,1.3468013468013467,3.7037037037037033,94.94949494949495,6.397306397306397,88.55218855218855
E00154682,306,38,16,22,268,21,247,12.418300653594772,5.228758169934641,7.18954248366013,87.58169934640523,6.862745098039216,80.71895424836602
E00154683,321,33,10,23,288,26,262,10.2803738317757,3.115264797507788,7.165109034267912,89.7196261682243,8.09968847352025,81.61993769470405
E00154684,348,37,9,28,311,29,282,10.632183908045976,2.586206896551724,8.045977011494253,89.36781609195403,8.333333333333332,81.03448275862068
E00154685,327,30,13,17,297,35,262,9.174311926605505,3.9755351681957185,5.198776758409786,90.82568807339449,10.703363914373089,80.1223241590214
E00154686,328,34,14,20,294,30,264,10.365853658536585,4.2682926829268295,6.097560975609756,89.63414634146342,9.146341463414634,80.48780487804879
E00154687,407,53,16,37,354,22,332,13.022113022113022,3.9312039312039313,9.090909090909092,86.97788697788698,5.405405405405405,81.57248157248156
E00154688,344,44,12,32,300,32,268,12.790697674418606,3.488372093023256,9.30232558139535,87.20930232558139,9.30232558139535,77.90697674418605
E00154689,319,37,19,18,282,18,264,11.598746081504702,5.956112852664576,5.6426332288401255,88.40125391849529,5.6426332288401255,82.75862068965517
E00154690,329,22,4,18,307,18,289,6.68693009118541,1.21580547112462,5.47112462006079,93.3130699088146,5.47112462006079,87.84194528875379
E00154691,304,30,8,22,274,24,250,9.868421052631579,2.631578947368421,7.236842105263158,90.13157894736842,7.894736842105263,82.23684210526315
E00154692,537,63,22,41,474,38,436,11.731843575418994,4.0968342644320295,7.635009310986965,88.26815642458101,7.076350093109869,81.19180633147114
E00154693,317,23,0,23,294,21,273,7.255520504731862,0,7.255520504731862,92.74447949526814,6.624605678233439,86.1198738170347
E00154694,334,37,11,26,297,26,271,11.077844311377245,3.293413173652695,7.784431137724551,88.92215568862275,7.784431137724551,81.1377245508982
E00154695,450,33,11,22,417,19,398,7.333333333333333,2.4444444444444446,4.888888888888889,92.66666666666666,4.222222222222222,88.44444444444444
E00154696,280,25,10,15,255,26,229,8.928571428571429,3.571428571428571,5.357142857142857,91.07142857142857,9.285714285714286,81.78571428571428
E00154697,277,35,10,25,242,23,219,12.63537906137184,3.6101083032490973,9.025270758122744,87.36462093862815,8.303249097472925,79.06137184115524
E00154698,316,25,7,18,291,18,273,7.9113924050632916,2.2151898734177213,5.69620253164557,92.08860759493672,5.69620253164557,86.39240506329115
E00154699,427,50,27,23,377,27,350,11.7096018735363,6.323185011709602,5.386416861826698,88.2903981264637,6.323185011709602,81.9672131147541
E00154700,282,20,2,18,262,19,243,7.092198581560284,0.7092198581560284,6.382978723404255,92.90780141843972,6.73758865248227,86.17021276595744
E00154701,254,35,11,24,219,20,199,13.779527559055119,4.330708661417323,9.448818897637794,86.22047244094489,7.874015748031496,78.34645669291339
E00154702,314,25,8,17,289,22,267,7.961783439490445,2.547770700636943,5.414012738853503,92.03821656050955,7.006369426751593,85.03184713375796
E00154703,253,28,6,22,225,24,201,11.067193675889328,2.371541501976284,8.695652173913043,88.93280632411067,9.486166007905137,79.44664031620553
E00154704,385,40,12,28,345,20,325,10.38961038961039,3.116883116883117,7.2727272727272725,89.6103896103896,5.194805194805195,84.4155844155844
E00154705,249,38,12,26,211,33,178,15.261044176706829,4.819277108433735,10.441767068273093,84.73895582329317,13.253012048192772,71.4859437751004
E00154706,264,32,11,21,232,14,218,12.121212121212121,4.166666666666666,7.954545454545454,87.87878787878788,5.303030303030303,82.57575757575758
E00154707,376,70,26,44,306,24,282,18.617021276595743,6.914893617021277,11.702127659574469,81.38297872340425,6.382978723404255,75
E00154708,351,68,29,39,283,30,253,19.37321937321937,8.262108262108262,11.11111111111111,80.62678062678063,8.547008547008547,72.07977207977207
E00154709,311,30,7,23,281,21,260,9.646302250803858,2.2508038585209005,7.395498392282958,90.35369774919614,6.752411575562702,83.60128617363344
E00154710,345,40,15,25,305,18,287,11.594202898550725,4.3478260869565215,7.246376811594203,88.40579710144928,5.217391304347826,83.18840579710145
E00154711,247,44,15,29,203,13,190,17.813765182186234,6.0728744939271255,11.740890688259109,82.18623481781377,5.263157894736842,76.92307692307693
E00154712,292,40,16,24,252,28,224,13.698630136986301,5.47945205479452,8.21917808219178,86.3013698630137,9.58904109589041,76.71232876712328
E00154713,393,78,38,40,315,14,301,19.84732824427481,9.669211195928753,10.178117048346055,80.1526717557252,3.5623409669211195,76.59033078880407
E00154714,269,39,15,24,230,20,210,14.49814126394052,5.5762081784386615,8.921933085501859,85.50185873605948,7.434944237918216,78.06691449814126
E00154715,244,32,11,21,212,25,187,13.114754098360656,4.508196721311475,8.60655737704918,86.88524590163934,10.245901639344263,76.63934426229508
E00154716,382,50,11,39,332,31,301,13.089005235602095,2.8795811518324608,10.209424083769633,86.91099476439791,8.115183246073299,78.79581151832461
E00154717,299,41,15,26,258,32,226,13.712374581939798,5.016722408026756,8.695652173913043,86.2876254180602,10.702341137123746,75.58528428093646
E00154718,350,45,15,30,305,25,280,12.857142857142856,4.285714285714286,8.571428571428571,87.14285714285714,7.142857142857142,80
E00154719,282,30,15,15,252,16,236,10.638297872340425,5.319148936170213,5.319148936170213,89.36170212765957,5.673758865248227,83.68794326241135
E00154720,402,33,8,25,369,29,340,8.208955223880597,1.9900497512437811,6.218905472636816,91.7910447761194,7.213930348258707,84.5771144278607
E00154721,341,32,11,21,309,34,275,9.3841642228739,3.225806451612903,6.158357771260997,90.6158357771261,9.970674486803519,80.64516129032258
E00154722,292,30,10,20,262,16,246,10.273972602739725,3.4246575342465753,6.8493150684931505,89.72602739726028,5.47945205479452,84.24657534246576
E00154723,262,31,9,22,231,24,207,11.83206106870229,3.435114503816794,8.396946564885496,88.16793893129771,9.16030534351145,79.00763358778626
E00154724,373,35,8,27,338,25,313,9.383378016085791,2.1447721179624666,7.238605898123325,90.61662198391421,6.702412868632708,83.91420911528151
E00154725,284,36,11,25,248,20,228,12.676056338028168,3.873239436619718,8.80281690140845,87.32394366197182,7.042253521126761,80.28169014084507
E00154726,260,40,20,20,220,16,204,15.384615384615385,7.6923076923076925,7.6923076923076925,84.61538461538461,6.153846153846154,78.46153846153847
E00154727,311,45,14,31,266,20,246,14.469453376205788,4.501607717041801,9.967845659163988,85.53054662379421,6.430868167202572,79.09967845659163
E00154728,290,30,8,22,260,15,245,10.344827586206897,2.7586206896551726,7.586206896551724,89.65517241379311,5.172413793103448,84.48275862068965
E00154729,258,32,15,17,226,18,208,12.4031007751938,5.813953488372093,6.5891472868217065,87.59689922480621,6.976744186046512,80.62015503875969
E00154730,291,46,21,25,245,14,231,15.807560137457044,7.216494845360824,8.59106529209622,84.19243986254295,4.810996563573884,79.38144329896907
E00154731,372,49,22,27,323,25,298,13.172043010752688,5.913978494623656,7.258064516129033,86.82795698924731,6.720430107526881,80.10752688172043
E00154732,360,57,24,33,303,26,277,15.833333333333332,6.666666666666667,9.166666666666666,84.16666666666667,7.222222222222221,76.94444444444444
E00154733,359,58,24,34,301,12,289,16.15598885793872,6.685236768802229,9.47075208913649,83.84401114206128,3.3426183844011144,80.50139275766016
E00154734,504,78,37,41,426,26,400,15.476190476190476,7.341269841269842,8.134920634920634,84.52380952380952,5.158730158730158,79.36507936507937
E00154735,357,39,13,26,318,20,298,10.92436974789916,3.6414565826330536,7.282913165266107,89.07563025210085,5.602240896358544,83.4733893557423
E00154736,382,61,26,35,321,30,291,15.968586387434556,6.806282722513089,9.162303664921465,84.03141361256544,7.853403141361256,76.17801047120419
E00154737,413,41,18,23,372,28,344,9.927360774818402,4.358353510895883,5.569007263922518,90.07263922518159,6.779661016949152,83.29297820823246
E00154738,386,40,15,25,346,28,318,10.362694300518134,3.8860103626943006,6.476683937823833,89.63730569948186,7.253886010362693,82.38341968911918
E00154739,295,88,53,35,207,31,176,29.830508474576273,17.966101694915253,11.864406779661017,70.16949152542374,10.508474576271185,59.66101694915255
E00154740,341,74,30,44,267,19,248,21.700879765395893,8.797653958944283,12.903225806451612,78.2991202346041,5.571847507331378,72.72727272727273
E00154741,211,41,13,28,170,9,161,19.431279620853083,6.161137440758294,13.270142180094787,80.56872037914692,4.265402843601896,76.30331753554502
E00154742,196,59,26,33,137,3,134,30.102040816326532,13.26530612244898,16.83673469387755,69.89795918367348,1.530612244897959,68.36734693877551
E00154743,310,47,11,36,263,23,240,15.161290322580644,3.5483870967741935,11.612903225806452,84.83870967741936,7.419354838709677,77.41935483870968
E00154744,343,67,20,47,276,14,262,19.533527696793,5.830903790087463,13.702623906705538,80.466472303207,4.081632653061225,76.38483965014578
E00154745,326,36,8,28,290,33,257,11.042944785276074,2.4539877300613497,8.588957055214724,88.95705521472392,10.122699386503067,78.83435582822086
E00154746,347,40,9,31,307,25,282,11.527377521613833,2.5936599423631126,8.93371757925072,88.47262247838617,7.204610951008646,81.26801152737752
E00154747,267,42,14,28,225,19,206,15.730337078651685,5.2434456928838955,10.486891385767791,84.26966292134831,7.116104868913857,77.15355805243446
E00154748,301,61,23,38,240,17,223,20.26578073089701,7.641196013289036,12.624584717607974,79.734219269103,5.647840531561462,74.08637873754152
E00154749,332,35,11,24,297,12,285,10.542168674698797,3.313253012048193,7.228915662650602,89.45783132530121,3.614457831325301,85.8433734939759
E00154750,308,36,12,24,272,16,256,11.688311688311687,3.896103896103896,7.792207792207792,88.31168831168831,5.194805194805195,83.11688311688312
E00154751,342,35,15,20,307,22,285,10.23391812865497,4.385964912280701,5.847953216374268,89.76608187134502,6.432748538011696,83.33333333333334
E00154752,336,43,14,29,293,31,262,12.797619047619047,4.166666666666666,8.630952380952381,87.20238095238095,9.226190476190476,77.97619047619048
E00154753,266,53,20,33,213,19,194,19.924812030075188,7.518796992481203,12.406015037593985,80.07518796992481,7.142857142857142,72.93233082706767
E00154754,332,25,7,18,307,27,280,7.530120481927711,2.108433734939759,5.421686746987952,92.46987951807229,8.132530120481928,84.33734939759037
E00154755,248,29,9,20,219,19,200,11.693548387096774,3.6290322580645165,8.064516129032258,88.30645161290323,7.661290322580645,80.64516129032258
E00154757,417,52,32,20,365,34,331,12.470023980815348,7.673860911270983,4.796163069544365,87.52997601918466,8.15347721822542,79.37649880095923
E00154759,387,26,11,15,361,29,332,6.718346253229974,2.842377260981912,3.875968992248062,93.28165374677002,7.493540051679587,85.78811369509044
E00154760,435,34,15,19,401,39,362,7.816091954022989,3.4482758620689653,4.3678160919540225,92.18390804597702,8.96551724137931,83.2183908045977
E00154761,304,30,10,20,274,22,252,9.868421052631579,3.289473684210526,6.578947368421052,90.13157894736842,7.236842105263158,82.89473684210526
E00154762,287,25,12,13,262,25,237,8.710801393728223,4.181184668989547,4.529616724738676,91.28919860627178,8.710801393728223,82.57839721254355
E00154763,451,34,11,23,417,26,391,7.5388026607538805,2.4390243902439024,5.099778270509978,92.46119733924611,5.764966740576496,86.69623059866962
E00154764,324,37,9,28,287,21,266,11.419753086419753,2.7777777777777777,8.641975308641975,88.58024691358025,6.481481481481481,82.09876543209876
E00154765,273,45,23,22,228,19,209,16.483516483516482,8.424908424908425,8.058608058608058,83.51648351648352,6.95970695970696,76.55677655677655
E00154766,317,40,11,29,277,25,252,12.618296529968454,3.4700315457413247,9.14826498422713,87.38170347003155,7.886435331230284,79.49526813880126
E00154767,325,24,5,19,301,24,277,7.384615384615385,1.5384615384615385,5.846153846153846,92.61538461538461,7.384615384615385,85.23076923076923
E00154768,354,29,10,19,325,21,304,8.192090395480225,2.824858757062147,5.367231638418079,91.80790960451978,5.932203389830509,85.87570621468926
E00154769,338,27,10,17,311,20,291,7.988165680473373,2.9585798816568047,5.029585798816568,92.01183431952663,5.9171597633136095,86.09467455621301
E00154770,377,24,9,15,353,18,335,6.36604774535809,2.3872679045092835,3.978779840848806,93.63395225464191,4.774535809018567,88.85941644562334
E00154771,422,23,9,14,399,29,370,5.450236966824645,2.132701421800948,3.3175355450236967,94.54976303317537,6.872037914691943,87.67772511848341
E00154772,354,28,4,24,326,27,299,7.909604519774012,1.1299435028248588,6.779661016949152,92.09039548022598,7.627118644067797,84.4632768361582
E00154773,340,31,11,20,309,24,285,9.117647058823529,3.2352941176470593,5.88235294117647,90.88235294117646,7.0588235294117645,83.82352941176471
E00154774,363,46,24,22,317,21,296,12.672176308539946,6.6115702479338845,6.0606060606060606,87.32782369146005,5.785123966942149,81.5426997245179
E00154775,274,78,40,38,196,18,178,28.467153284671532,14.5985401459854,13.86861313868613,71.53284671532847,6.569343065693431,64.96350364963503
E00154776,436,24,6,18,412,20,392,5.5045871559633035,1.3761467889908259,4.128440366972478,94.4954128440367,4.587155963302752,89.90825688073394
E00154777,407,21,10,11,386,24,362,5.159705159705159,2.457002457002457,2.7027027027027026,94.84029484029483,5.896805896805897,88.94348894348894
E00154778,334,16,5,11,318,23,295,4.790419161676647,1.4970059880239521,3.293413173652695,95.20958083832335,6.88622754491018,88.32335329341318
E00154779,378,36,9,27,342,24,318,9.523809523809524,2.380952380952381,7.142857142857142,90.47619047619048,6.349206349206349,84.12698412698413
E00154780,324,21,11,10,303,20,283,6.481481481481481,3.3950617283950617,3.0864197530864197,93.51851851851852,6.172839506172839,87.34567901234568
E00154781,362,32,10,22,330,19,311,8.83977900552486,2.7624309392265194,6.077348066298343,91.16022099447514,5.248618784530387,85.91160220994475
E00154782,319,41,18,23,278,27,251,12.852664576802509,5.6426332288401255,7.210031347962382,87.14733542319749,8.463949843260188,78.68338557993731
E00154783,306,54,16,38,252,18,234,17.647058823529413,5.228758169934641,12.418300653594772,82.35294117647058,5.88235294117647,76.47058823529412
E00154784,325,28,6,22,297,27,270,8.615384615384615,1.8461538461538463,6.769230769230769,91.38461538461539,8.307692307692308,83.07692307692308
E00154785,429,44,12,32,385,21,364,10.256410256410255,2.797202797202797,7.459207459207459,89.74358974358975,4.895104895104895,84.84848484848484
E00154786,370,37,9,28,333,28,305,10,2.4324324324324325,7.567567567567568,90,7.567567567567568,82.43243243243244
E00154787,376,33,16,17,343,21,322,8.77659574468085,4.25531914893617,4.521276595744681,91.22340425531915,5.585106382978723,85.63829787234043
E00154788,321,28,6,22,293,16,277,8.722741433021806,1.8691588785046727,6.853582554517133,91.27725856697819,4.984423676012461,86.29283489096574
E00154789,407,26,9,17,381,22,359,6.388206388206388,2.211302211302211,4.176904176904177,93.61179361179362,5.405405405405405,88.20638820638821
E00154790,335,28,13,15,307,26,281,8.358208955223882,3.880597014925373,4.477611940298507,91.64179104477613,7.761194029850746,83.88059701492537
E00154791,341,29,10,19,312,19,293,8.504398826979472,2.932551319648094,5.571847507331378,91.49560117302052,5.571847507331378,85.92375366568915
E00154792,370,35,12,23,335,24,311,9.45945945945946,3.2432432432432434,6.216216216216217,90.54054054054053,6.486486486486487,84.05405405405405
E00154793,457,68,16,52,389,29,360,14.87964989059081,3.50109409190372,11.37855579868709,85.12035010940919,6.3457330415754925,78.7746170678337
E00154794,365,28,10,18,337,16,321,7.671232876712329,2.73972602739726,4.931506849315069,92.32876712328768,4.383561643835616,87.94520547945206
E00154795,301,43,24,19,258,22,236,14.285714285714285,7.973421926910299,6.312292358803987,85.71428571428571,7.308970099667775,78.40531561461795
E00154796,382,33,9,24,349,30,319,8.638743455497382,2.356020942408377,6.282722513089005,91.36125654450262,7.853403141361256,83.50785340314137
E00154797,346,23,8,15,323,13,310,6.6473988439306355,2.312138728323699,4.335260115606936,93.35260115606935,3.7572254335260116,89.59537572254335
E00154798,238,27,11,16,211,11,200,11.344537815126051,4.621848739495799,6.722689075630252,88.65546218487394,4.621848739495799,84.03361344537815
E00154799,273,20,9,11,253,12,241,7.326007326007327,3.296703296703297,4.029304029304029,92.67399267399267,4.395604395604396,88.27838827838828
E00154800,331,22,6,16,309,23,286,6.646525679758309,1.812688821752266,4.833836858006042,93.35347432024169,6.948640483383686,86.404833836858
E00154801,484,152,100,52,332,20,312,31.40495867768595,20.66115702479339,10.743801652892563,68.59504132231406,4.132231404958678,64.46280991735537
E00154802,385,48,30,18,337,27,310,12.467532467532468,7.792207792207792,4.675324675324675,87.53246753246754,7.012987012987012,80.51948051948052
E00154803,303,18,3,15,285,18,267,5.9405940594059405,0.9900990099009901,4.9504950495049505,94.05940594059405,5.9405940594059405,88.11881188118812
E00154804,352,20,7,13,332,25,307,5.681818181818182,1.9886363636363635,3.6931818181818183,94.31818181818183,7.1022727272727275,87.2159090909091
E00154805,325,32,7,25,293,29,264,9.846153846153847,2.1538461538461537,7.6923076923076925,90.15384615384615,8.923076923076923,81.23076923076923
E00154806,301,30,14,16,271,24,247,9.966777408637874,4.651162790697675,5.3156146179401995,90.03322259136213,7.973421926910299,82.05980066445183
E00154807,358,23,5,18,335,28,307,6.424581005586592,1.3966480446927374,5.027932960893855,93.57541899441341,7.82122905027933,85.75418994413407
E00154808,341,30,6,24,311,36,275,8.797653958944283,1.7595307917888565,7.038123167155426,91.20234604105572,10.557184750733137,80.64516129032258
E00154809,327,26,8,18,301,23,278,7.951070336391437,2.4464831804281344,5.5045871559633035,92.04892966360856,7.033639143730887,85.01529051987767
E00154810,515,82,56,26,433,35,398,15.922330097087379,10.87378640776699,5.048543689320388,84.07766990291262,6.796116504854369,77.28155339805825
E00154811,342,26,8,18,316,22,294,7.602339181286549,2.3391812865497075,5.263157894736842,92.39766081871345,6.432748538011696,85.96491228070175
E00154812,300,27,11,16,273,20,253,9,3.6666666666666665,5.333333333333334,91,6.666666666666667,84.33333333333334
E00154813,420,69,34,35,351,34,317,16.428571428571427,8.095238095238095,8.333333333333332,83.57142857142857,8.095238095238095,75.47619047619048
E00154814,284,69,47,22,215,21,194,24.295774647887324,16.549295774647888,7.746478873239436,75.70422535211267,7.394366197183098,68.30985915492957
E00154815,448,32,8,24,416,23,393,7.142857142857142,1.7857142857142856,5.357142857142857,92.85714285714286,5.133928571428571,87.72321428571429
E00154816,374,24,1,23,350,35,315,6.417112299465241,0.267379679144385,6.149732620320856,93.58288770053476,9.358288770053475,84.22459893048129
E00154817,243,50,18,32,193,15,178,20.5761316872428,7.4074074074074066,13.168724279835391,79.42386831275721,6.172839506172839,73.25102880658436
E00154818,354,43,14,29,311,26,285,12.146892655367232,3.954802259887006,8.192090395480225,87.85310734463276,7.344632768361582,80.50847457627118
E00154819,338,40,14,26,298,31,267,11.834319526627219,4.142011834319527,7.6923076923076925,88.16568047337277,9.171597633136095,78.99408284023669
E00154820,368,40,15,25,328,22,306,10.869565217391305,4.076086956521739,6.7934782608695645,89.13043478260869,5.978260869565218,83.15217391304348
E00154821,286,33,14,19,253,26,227,11.538461538461538,4.895104895104895,6.643356643356643,88.46153846153845,9.090909090909092,79.37062937062937
E00154822,247,20,9,11,227,12,215,8.097165991902834,3.643724696356275,4.4534412955465585,91.90283400809717,4.8582995951417,87.04453441295547
E00154823,363,34,16,18,329,33,296,9.366391184573002,4.40771349862259,4.958677685950414,90.633608815427,9.090909090909092,81.5426997245179
E00154824,407,41,16,25,366,23,343,10.073710073710075,3.9312039312039313,6.142506142506143,89.92628992628993,5.651105651105651,84.27518427518427
E00154825,364,26,8,18,338,22,316,7.142857142857142,2.197802197802198,4.945054945054945,92.85714285714286,6.043956043956044,86.81318681318682
E00154826,289,29,10,19,260,22,238,10.034602076124568,3.4602076124567476,6.5743944636678195,89.96539792387543,7.612456747404845,82.35294117647058
E00154827,418,88,27,61,330,21,309,21.052631578947366,6.4593301435406705,14.5933014354067,78.94736842105263,5.023923444976076,73.92344497607655
E00154828,358,35,9,26,323,16,307,9.776536312849162,2.5139664804469275,7.262569832402235,90.22346368715084,4.4692737430167595,85.75418994413407
E00154829,341,45,18,27,296,14,282,13.196480938416421,5.278592375366569,7.9178885630498534,86.80351906158357,4.105571847507331,82.69794721407625
E00154830,381,37,12,25,344,30,314,9.711286089238845,3.149606299212598,6.561679790026247,90.28871391076116,7.874015748031496,82.41469816272966
E00154831,346,33,6,27,313,35,278,9.53757225433526,1.7341040462427744,7.803468208092486,90.46242774566474,10.115606936416185,80.34682080924856
E00154832,364,28,3,25,336,24,312,7.6923076923076925,0.8241758241758242,6.868131868131869,92.3076923076923,6.593406593406594,85.71428571428571
E00154833,519,63,23,40,456,34,422,12.138728323699421,4.431599229287091,7.7071290944123305,87.861271676300575,6.551059730250482,81.31021194605009
E00154834,356,37,4,33,319,40,279,10.393258426966293,1.1235955056179776,9.269662921348315,89.60674157303372,11.235955056179774,78.37078651685393
E00154835,362,68,41,27,294,29,265,18.784530386740332,11.32596685082873,7.458563535911603,81.21546961325967,8.011049723756907,73.20441988950276
E00154836,366,60,27,33,306,30,276,16.39344262295082,7.377049180327869,9.01639344262295,83.60655737704919,8.19672131147541,75.40983606557377
E00154837,525,74,37,37,451,32,419,14.095238095238095,7.0476190476190474,7.0476190476190474,85.90476190476191,6.095238095238095,79.80952380952381
E00154838,382,41,11,30,341,32,309,10.732984293193718,2.8795811518324608,7.853403141361256,89.26701570680629,8.37696335078534,80.89005235602095
E00154839,242,33,11,22,209,17,192,13.636363636363635,4.545454545454546,9.090909090909092,86.36363636363636,7.024793388429752,79.33884297520662
E00154840,371,28,18,10,343,22,321,7.547169811320755,4.8517520215633425,2.6954177897574128,92.45283018867924,5.929919137466308,86.52291105121293
E00154841,349,43,12,31,306,32,274,12.320916905444127,3.4383954154727796,8.882521489971348,87.67908309455588,9.169054441260744,78.51002865329512
E00154842,304,47,16,31,257,30,227,15.460526315789474,5.263157894736842,10.197368421052632,84.53947368421053,9.868421052631579,74.67105263157895
E00154843,347,37,12,25,310,21,289,10.662824207492795,3.45821325648415,7.204610951008646,89.33717579250721,6.051873198847262,83.28530259365994
E00154844,272,28,6,22,244,23,221,10.294117647058822,2.2058823529411766,8.088235294117647,89.70588235294117,8.455882352941178,81.25
E00154845,321,30,13,17,291,24,267,9.345794392523365,4.049844236760125,5.29595015576324,90.65420560747664,7.476635514018691,83.17757009345794
E00154846,272,22,9,13,250,27,223,8.088235294117647,3.308823529411765,4.779411764705882,91.91176470588235,9.926470588235293,81.98529411764706
E00154847,266,43,15,28,223,17,206,16.165413533834585,5.639097744360902,10.526315789473683,83.83458646616542,6.390977443609022,77.44360902255639
E00154849,259,31,6,25,228,25,203,11.96911196911197,2.3166023166023164,9.652509652509652,88.03088803088804,9.652509652509652,78.37837837837837
E00154850,221,28,7,21,193,12,181,12.669683257918551,3.167420814479638,9.502262443438914,87.33031674208145,5.429864253393665,81.90045248868778
E00154851,435,62,18,44,373,28,345,14.25287356321839,4.137931034482759,10.114942528735632,85.74712643678161,6.436781609195402,79.3103448275862
E00154852,376,50,18,32,326,22,304,13.297872340425531,4.787234042553192,8.51063829787234,86.70212765957447,5.851063829787234,80.85106382978722
E00154853,405,77,33,44,328,26,302,19.012345679012345,8.148148148148149,10.864197530864198,80.98765432098766,6.419753086419753,74.5679012345679
E00154854,506,62,14,48,444,33,411,12.25296442687747,2.766798418972332,9.486166007905137,87.74703557312253,6.521739130434782,81.22529644268775
E00154856,363,46,16,30,317,28,289,12.672176308539946,4.40771349862259,8.264462809917356,87.32782369146005,7.7134986225895315,79.61432506887053
E00154857,373,45,17,28,328,30,298,12.064343163538874,4.557640750670242,7.506702412868632,87.93565683646113,8.04289544235925,79.89276139410187
E00154858,374,21,5,16,353,28,325,5.614973262032086,1.3368983957219251,4.27807486631016,94.38502673796792,7.4866310160427805,86.89839572192514
E00154859,238,30,8,22,208,24,184,12.605042016806722,3.361344537815126,9.243697478991598,87.39495798319328,10.084033613445378,77.31092436974791
E00154860,260,46,19,27,214,19,195,17.692307692307693,7.307692307692308,10.384615384615385,82.3076923076923,7.307692307692308,75
E00154861,314,30,6,24,284,23,261,9.554140127388536,1.910828025477707,7.643312101910828,90.44585987261146,7.32484076433121,83.12101910828027
E00154862,273,24,8,16,249,20,229,8.791208791208792,2.93040293040293,5.86080586080586,91.20879120879121,7.326007326007327,83.88278388278388
E00154863,346,56,27,29,290,15,275,16.184971098265898,7.803468208092486,8.38150289017341,83.8150289017341,4.335260115606936,79.47976878612717
E00154864,326,47,15,32,279,20,259,14.417177914110429,4.601226993865031,9.815950920245399,85.58282208588957,6.134969325153374,79.4478527607362
E00154865,310,43,14,29,267,24,243,13.870967741935484,4.516129032258064,9.35483870967742,86.12903225806451,7.741935483870968,78.38709677419354
E00154866,292,72,27,45,220,12,208,24.65753424657534,9.246575342465754,15.41095890410959,75.34246575342466,4.10958904109589,71.23287671232876
E00154867,323,46,18,28,277,19,258,14.241486068111456,5.572755417956656,8.6687306501548,85.75851393188854,5.88235294117647,79.87616099071208
E00154868,355,48,11,37,307,24,283,13.521126760563378,3.0985915492957745,10.422535211267606,86.47887323943661,6.760563380281689,79.71830985915493
E00154869,297,48,24,24,249,16,233,16.161616161616163,8.080808080808081,8.080808080808081,83.83838383838383,5.387205387205387,78.45117845117845
E00154870,289,43,16,27,246,23,223,14.878892733564014,5.536332179930796,9.342560553633218,85.12110726643598,7.958477508650519,77.16262975778547
E00154871,268,45,16,29,223,17,206,16.791044776119403,5.970149253731343,10.820895522388058,83.2089552238806,6.343283582089552,76.86567164179104
E00154872,295,50,24,26,245,12,233,16.94915254237288,8.135593220338983,8.813559322033898,83.05084745762711,4.067796610169491,78.98305084745762
E00154873,218,17,4,13,201,18,183,7.79816513761468,1.834862385321101,5.963302752293578,92.20183486238533,8.256880733944955,83.94495412844036
E00154874,442,84,41,43,358,27,331,19.004524886877828,9.276018099547512,9.728506787330318,80.99547511312217,6.108597285067873,74.8868778280543
E00154875,326,33,13,20,293,25,268,10.122699386503067,3.9877300613496933,6.134969325153374,89.87730061349694,7.668711656441718,82.20858895705521
E00154876,381,63,26,37,318,39,279,16.535433070866144,6.824146981627297,9.711286089238845,83.46456692913385,10.236220472440944,73.22834645669292
E00154877,354,63,25,38,291,20,271,17.796610169491526,7.062146892655368,10.734463276836157,82.20338983050848,5.649717514124294,76.55367231638418
E00154878,321,56,29,27,265,24,241,17.445482866043612,9.034267912772584,8.411214953271028,82.55451713395638,7.476635514018691,75.0778816199377
E00154879,340,41,14,27,299,23,276,12.058823529411764,4.117647058823529,7.941176470588235,87.94117647058823,6.764705882352941,81.17647058823529
E00154880,278,52,15,37,226,23,203,18.705035971223023,5.39568345323741,13.309352517985612,81.29496402877699,8.273381294964029,73.02158273381295
E00154881,401,36,15,21,365,27,338,8.977556109725686,3.7406483790523692,5.236907730673317,91.02244389027432,6.733167082294264,84.28927680798004
E00154882,362,31,7,24,331,23,308,8.56353591160221,1.9337016574585635,6.629834254143646,91.4364640883978,6.353591160220995,85.0828729281768
E00154883,312,39,15,24,273,28,245,12.5,4.807692307692308,7.6923076923076925,87.5,8.974358974358974,78.52564102564102
E00154884,300,57,34,23,243,22,221,19,11.333333333333332,7.666666666666666,81,7.333333333333333,73.66666666666667
E00154885,403,39,20,19,364,29,335,9.67741935483871,4.962779156327544,4.714640198511166,90.32258064516128,7.196029776674938,83.12655086848635
E00154886,290,38,8,30,252,22,230,13.10344827586207,2.7586206896551726,10.344827586206897,86.89655172413792,7.586206896551724,79.3103448275862
E00154887,309,22,4,18,287,36,251,7.119741100323624,1.2944983818770228,5.825242718446602,92.88025889967638,11.650485436893204,81.22977346278317
E00154888,228,32,12,20,196,27,169,14.035087719298245,5.263157894736842,8.771929824561402,85.96491228070175,11.842105263157894,74.12280701754386
E00154889,328,32,6,26,296,27,269,9.75609756097561,1.8292682926829267,7.926829268292683,90.2439024390244,8.231707317073171,82.01219512195121
E00154890,339,30,7,23,309,20,289,8.849557522123893,2.0648967551622417,6.784660766961652,91.1504424778761,5.899705014749262,85.25073746312685
E00154891,300,52,31,21,248,23,225,17.333333333333336,10.333333333333334,7.000000000000001,82.66666666666667,7.666666666666666,75
E00154892,389,29,12,17,360,25,335,7.455012853470437,3.0848329048843186,4.370179948586118,92.54498714652956,6.426735218508997,86.11825192802056
E00154893,280,37,11,26,243,29,214,13.214285714285715,3.9285714285714284,9.285714285714286,86.78571428571429,10.357142857142858,76.42857142857142
E00154894,300,22,3,19,278,17,261,7.333333333333333,1,6.333333333333334,92.66666666666666,5.666666666666666,87
E00154895,348,36,10,26,312,25,287,10.344827586206897,2.8735632183908044,7.471264367816093,89.65517241379311,7.183908045977011,82.47126436781609
E00154896,283,40,25,15,243,20,223,14.13427561837456,8.8339222614841,5.30035335689046,85.86572438162544,7.06713780918728,78.79858657243817
E00154897,347,41,6,35,306,18,288,11.815561959654179,1.729106628242075,10.086455331412104,88.18443804034582,5.187319884726225,82.9971181556196
E00154898,305,39,9,30,266,21,245,12.786885245901638,2.9508196721311477,9.836065573770492,87.21311475409837,6.885245901639345,80.32786885245902
E00154899,347,33,5,28,314,22,292,9.510086455331413,1.440922190201729,8.069164265129682,90.48991354466858,6.340057636887608,84.14985590778097
E00154900,378,33,10,23,345,33,312,8.73015873015873,2.6455026455026456,6.084656084656085,91.26984126984127,8.73015873015873,82.53968253968253
E00154901,323,30,7,23,293,27,266,9.287925696594428,2.1671826625387,7.120743034055728,90.71207430340557,8.359133126934983,82.35294117647058
E00154902,322,33,13,20,289,27,262,10.248447204968944,4.037267080745342,6.211180124223603,89.75155279503106,8.385093167701864,81.36645962732919
E00154903,396,34,14,20,362,23,339,8.585858585858585,3.535353535353535,5.05050505050505,91.41414141414141,5.808080808080808,85.60606060606061
E00154904,425,28,9,19,397,40,357,6.588235294117648,2.1176470588235294,4.470588235294118,93.41176470588235,9.411764705882353,84
E00154905,378,31,14,17,347,27,320,8.201058201058201,3.7037037037037033,4.497354497354497,91.7989417989418,7.142857142857142,84.65608465608466
E00154906,358,26,10,16,332,26,306,7.262569832402235,2.793296089385475,4.4692737430167595,92.73743016759776,7.262569832402235,85.47486033519553
E00154907,357,38,18,20,319,19,300,10.644257703081232,5.042016806722689,5.602240896358544,89.35574229691878,5.322128851540616,84.03361344537815
E00154908,275,34,6,28,241,27,214,12.363636363636363,2.181818181818182,10.181818181818182,87.63636363636364,9.818181818181818,77.81818181818181
E00154909,320,26,5,21,294,21,273,8.125,1.5625,6.5625,91.875,6.5625,85.3125
E00154910,348,33,10,23,315,22,293,9.482758620689655,2.8735632183908044,6.609195402298851,90.51724137931035,6.321839080459771,84.19540229885058
E00154911,335,23,7,16,312,22,290,6.865671641791045,2.0895522388059704,4.776119402985075,93.13432835820895,6.567164179104477,86.56716417910447
E00154912,320,34,13,21,286,29,257,10.625,4.0625,6.5625,89.375,9.0625,80.3125
E00154913,323,25,6,19,298,32,266,7.739938080495357,1.8575851393188854,5.88235294117647,92.26006191950464,9.907120743034056,82.35294117647058
E00154914,323,46,16,30,277,16,261,14.241486068111456,4.953560371517028,9.287925696594428,85.75851393188854,4.953560371517028,80.80495356037152
E00154915,260,40,9,31,220,18,202,15.384615384615385,3.4615384615384617,11.923076923076923,84.61538461538461,6.923076923076923,77.6923076923077
E00154916,448,30,7,23,418,32,386,6.696428571428571,1.5625,5.133928571428571,93.30357142857143,7.142857142857142,86.16071428571429
E00154917,195,47,19,28,148,13,135,24.102564102564102,9.7435897435897445,14.358974358974358,75.8974358974359,6.666666666666667,69.23076923076923
E00154918,237,46,20,26,191,15,176,19.40928270042194,8.438818565400844,10.970464135021098,80.59071729957806,6.329113924050633,74.26160337552743
E00154919,278,31,4,27,247,27,220,11.151079136690647,1.4388489208633095,9.712230215827338,88.84892086330936,9.712230215827338,79.13669064748201
E00154920,284,38,14,24,246,20,226,13.380281690140844,4.929577464788732,8.450704225352112,86.61971830985915,7.042253521126761,79.5774647887324
E00154921,281,41,16,25,240,21,219,14.590747330960854,5.6939501779359425,8.896797153024911,85.40925266903915,7.473309608540925,77.93594306049823
E00154922,394,60,24,36,334,21,313,15.228426395939088,6.091370558375635,9.137055837563452,84.77157360406092,5.32994923857868,79.44162436548223
E00154923,297,24,8,16,273,24,249,8.080808080808081,2.6936026936026933,5.387205387205387,91.91919191919192,8.080808080808081,83.83838383838383
E00154924,346,25,8,17,321,20,301,7.225433526011561,2.312138728323699,4.913294797687861,92.77456647398844,5.780346820809249,86.9942196531792
E00154925,390,71,50,21,319,28,291,18.205128205128204,12.82051282051282,5.384615384615385,81.7948717948718,7.179487179487179,74.61538461538461
E00154926,366,27,6,21,339,37,302,7.377049180327869,1.639344262295082,5.737704918032787,92.62295081967213,10.10928961748634,82.5136612021858
E00154927,260,47,16,31,213,17,196,18.076923076923077,6.153846153846154,11.923076923076923,81.92307692307692,6.538461538461539,75.38461538461539
E00154928,304,22,11,11,282,26,256,7.236842105263158,3.618421052631579,3.618421052631579,92.76315789473685,8.552631578947368,84.21052631578947
E00154929,393,19,5,14,374,20,354,4.8346055979643765,1.2722646310432568,3.5623409669211195,95.16539440203562,5.089058524173027,90.07633587786259
E00154930,328,35,11,24,293,19,274,10.670731707317072,3.353658536585366,7.317073170731707,89.32926829268293,5.7926829268292686,83.53658536585365
E00154931,308,14,0,14,294,32,262,4.545454545454546,0,4.545454545454546,95.45454545454545,10.38961038961039,85.06493506493507
E00154932,284,41,17,24,243,15,228,14.43661971830986,5.985915492957746,8.450704225352112,85.56338028169014,5.28169014084507,80.28169014084507
E00154933,275,31,13,18,244,15,229,11.272727272727273,4.7272727272727275,6.545454545454546,88.72727272727273,5.454545454545454,83.27272727272728
E00154934,373,44,13,31,329,20,309,11.796246648793565,3.485254691689008,8.310991957104557,88.20375335120644,5.361930294906166,82.84182305630027
E00154935,384,49,12,37,335,19,316,12.760416666666666,3.125,9.635416666666668,87.23958333333334,4.947916666666666,82.29166666666666
E00154936,323,22,8,14,301,20,281,6.811145510835913,2.476780185758514,4.3343653250774,93.18885448916409,6.191950464396285,86.9969040247678
E00154937,268,14,2,12,254,16,238,5.223880597014925,0.7462686567164178,4.477611940298507,94.77611940298507,5.970149253731343,88.80597014925374
E00154938,351,28,7,21,323,32,291,7.977207977207977,1.9943019943019942,5.982905982905983,92.02279202279202,9.116809116809117,82.90598290598291
E00154939,336,40,16,24,296,22,274,11.904761904761903,4.761904761904762,7.142857142857142,88.09523809523809,6.547619047619048,81.54761904761905
E00154940,400,31,13,18,369,35,334,7.75,3.25,4.5,92.25,8.75,83.5
E00154941,390,49,18,31,341,18,323,12.564102564102564,4.615384615384616,7.948717948717948,87.43589743589743,4.615384615384616,82.82051282051283
E00154942,234,28,6,22,206,25,181,11.965811965811966,2.564102564102564,9.401709401709402,88.03418803418803,10.683760683760683,77.35042735042735
E00154943,282,27,10,17,255,14,241,9.574468085106384,3.546099290780142,6.028368794326241,90.42553191489363,4.964539007092199,85.46099290780141
E00170427,325,66,28,38,259,33,226,20.307692307692307,8.615384615384615,11.692307692307692,79.6923076923077,10.153846153846153,69.53846153846153
E00170431,352,53,19,34,299,29,270,15.056818181818182,5.3977272727272725,9.659090909090908,84.94318181818183,8.238636363636363,76.70454545454545
E00170432,395,27,6,21,368,19,349,6.8354430379746836,1.5189873417721518,5.3164556962025316,93.16455696202532,4.810126582278481,88.35443037974684
E00180559,381,90,36,54,291,26,265,23.62204724409449,9.448818897637794,14.173228346456693,76.37795275590551,6.824146981627297,69.5538057742782
E00180566,239,30,11,19,209,13,196,12.552301255230125,4.602510460251046,7.949790794979079,87.44769874476988,5.439330543933055,82.00836820083683
E00180605,373,48,19,29,325,24,301,12.868632707774799,5.093833780160858,7.774798927613941,87.1313672922252,6.434316353887399,80.6970509383378
E00180609,116,18,9,9,98,4,94,15.517241379310345,7.758620689655173,7.758620689655173,84.48275862068965,3.4482758620689653,81.03448275862068
E00180616,165,15,8,7,150,11,139,9.090909090909092,4.848484848484849,4.242424242424243,90.9090909090909,6.666666666666667,84.24242424242424
E00180619,379,39,16,23,340,27,313,10.29023746701847,4.221635883905013,6.068601583113456,89.70976253298153,7.12401055408971,82.58575197889182
E00180620,311,45,11,34,266,22,244,14.469453376205788,3.536977491961415,10.932475884244374,85.53054662379421,7.07395498392283,78.45659163987139
E00180625,204,16,7,9,188,15,173,7.8431372549019605,3.431372549019608,4.411764705882353,92.15686274509804,7.352941176470589,84.80392156862744
E00180631,244,24,4,20,220,17,203,9.836065573770492,1.639344262295082,8.19672131147541,90.1639344262295,6.967213114754098,83.19672131147541
E00180636,311,29,9,20,282,19,263,9.32475884244373,2.8938906752411575,6.430868167202572,90.67524115755627,6.109324758842444,84.56591639871382
E00180650,108,13,4,9,95,10,85,12.037037037037036,3.7037037037037033,8.333333333333332,87.96296296296296,9.25925925925926,78.70370370370371
E00180651,621,101,37,64,520,40,480,16.264090177133657,5.958132045088567,10.305958132045088,83.73590982286635,6.44122383252818,77.29468599033817
