OA,ts0380001,ts0380002,ts0380003,ts0380004,ts0380005,ts0380006,ts0380007,ts0380002_PCT,ts0380003_PCT,ts0380004_PCT,ts0380005_PCT,ts0380006_PCT,ts0380007_PCT
E00158950,240,73,29,44,167,8,159,30.416666666666664,12.083333333333334,18.333333333333332,69.58333333333333,3.3333333333333335,66.25
E00158951,313,50,9,41,263,23,240,15.974440894568689,2.8753993610223643,13.099041533546327,84.02555910543131,7.348242811501597,76.6773162939297
E00158952,257,64,15,49,193,21,172,24.90272373540856,5.836575875486381,19.06614785992218,75.09727626459144,8.171206225680933,66.9260700389105
E00158953,284,58,17,41,226,29,197,20.422535211267608,5.985915492957746,14.43661971830986,79.5774647887324,10.211267605633804,69.36619718309859
E00158954,261,57,28,29,204,13,191,21.839080459770116,10.727969348659004,11.11111111111111,78.16091954022988,4.980842911877394,73.18007662835248
E00158955,275,66,38,28,209,13,196,24,13.818181818181818,10.181818181818182,76,4.7272727272727275,71.27272727272728
E00158956,269,28,5,23,241,26,215,10.408921933085502,1.858736059479554,8.550185873605948,89.59107806691449,9.66542750929368,79.92565055762083
E00158957,375,60,18,42,315,33,282,16,4.8,11.200000000000001,84,8.799999999999999,75.2
E00158958,274,41,14,27,233,20,213,14.963503649635038,5.109489051094891,9.854014598540147,85.03649635036497,7.2992700729927,77.73722627737226
E00158959,373,106,52,54,267,26,241,28.418230563002684,13.941018766756033,14.47721179624665,71.58176943699732,6.970509383378016,64.6112600536193
E00158960,181,63,34,29,118,13,105,34.806629834254146,18.784530386740332,16.022099447513813,65.19337016574586,7.18232044198895,58.011049723756905
E00158961,239,45,14,31,194,18,176,18.828451882845187,5.857740585774058,12.97071129707113,81.17154811715481,7.531380753138076,73.64016736401673
E00158962,231,29,8,21,202,33,169,12.554112554112553,3.463203463203463,9.090909090909092,87.44588744588745,14.285714285714285,73.16017316017316
E00158963,303,54,17,37,249,22,227,17.82178217821782,5.6105610561056105,12.211221122112212,82.17821782178217,7.2607260726072615,74.91749174917491
E00158964,315,49,24,25,266,30,236,15.555555555555555,7.6190476190476195,7.936507936507936,84.44444444444444,9.523809523809524,74.92063492063492
E00158965,317,47,11,36,270,24,246,14.826498422712934,3.4700315457413247,11.35646687697161,85.17350157728707,7.570977917981073,77.60252365930599
E00158966,336,74,27,47,262,24,238,22.023809523809522,8.035714285714286,13.988095238095239,77.97619047619048,7.142857142857142,70.83333333333334
E00158967,243,39,21,18,204,17,187,16.049382716049383,8.641975308641975,7.4074074074074066,83.9506172839506,6.995884773662551,76.95473251028807
E00158968,261,75,34,41,186,16,170,28.735632183908045,13.026819923371647,15.708812260536398,71.26436781609196,6.130268199233716,65.13409961685824
E00158969,315,52,18,34,263,19,244,16.507936507936506,5.714285714285714,10.793650793650794,83.4920634920635,6.031746031746032,77.46031746031747
E00158970,210,26,7,19,184,13,171,12.380952380952381,3.3333333333333335,9.047619047619047,87.61904761904762,6.190476190476191,81.42857142857143
E00158971,378,58,15,43,320,35,285,15.343915343915343,3.968253968253968,11.375661375661375,84.65608465608466,9.25925925925926,75.39682539682539
E00158972,245,23,7,16,222,18,204,9.387755102040817,2.857142857142857,6.530612244897959,90.61224489795919,7.346938775510205,83.26530612244898
E00158973,320,52,22,30,268,36,232,16.25,6.875000000000001,9.375,83.75,11.25,72.5
E00158974,226,16,4,12,210,14,196,7.079646017699115,1.7699115044247788,5.3097345132743365,92.92035398230088,6.1946902654867255,86.72566371681415
E00158975,105,32,16,16,73,6,67,30.476190476190478,15.238095238095239,15.238095238095239,69.52380952380952,5.714285714285714,63.8095238095238
E00158976,127,30,13,17,97,10,87,23.62204724409449,10.236220472440944,13.385826771653544,76.37795275590551,7.874015748031496,68.50393700787401
E00158977,241,47,16,31,194,18,176,19.502074688796682,6.639004149377594,12.863070539419086,80.49792531120332,7.468879668049793,73.02904564315352
E00158978,219,30,11,19,189,18,171,13.698630136986301,5.0228310502283104,8.67579908675799,86.3013698630137,8.21917808219178,78.08219178082192
E00158979,372,59,19,40,313,39,274,15.86021505376344,5.10752688172043,10.75268817204301,84.13978494623656,10.483870967741936,73.65591397849462
E00158980,220,33,12,21,187,14,173,15,5.454545454545454,9.545454545454547,85,6.363636363636363,78.63636363636364
E00158981,370,93,57,36,277,34,243,25.135135135135133,15.405405405405407,9.72972972972973,74.86486486486487,9.18918918918919,65.67567567567568
E00158982,145,41,18,23,104,9,95,28.27586206896552,12.413793103448276,15.862068965517242,71.72413793103448,6.206896551724138,65.51724137931035
E00158984,254,25,5,20,229,21,208,9.84251968503937,1.968503937007874,7.874015748031496,90.15748031496062,8.267716535433072,81.88976377952756
E00158985,236,35,8,27,201,23,178,14.83050847457627,3.389830508474576,11.440677966101696,85.16949152542372,9.745762711864407,75.42372881355932
E00158986,361,46,14,32,315,44,271,12.742382271468145,3.8781163434903045,8.86426592797784,87.25761772853186,12.18836565096953,75.06925207756233
E00158987,334,70,31,39,264,17,247,20.958083832335326,9.281437125748502,11.676646706586826,79.04191616766467,5.089820359281437,73.95209580838323
E00158988,518,61,22,39,457,40,417,11.776061776061777,4.247104247104247,7.5289575289575295,88.22393822393822,7.722007722007722,80.5019305019305
E00158989,297,45,18,27,252,27,225,15.151515151515152,6.0606060606060606,9.090909090909092,84.84848484848484,9.090909090909092,75.75757575757575
E00158990,354,87,28,59,267,16,251,24.576271186440678,7.909604519774012,16.666666666666664,75.42372881355932,4.519774011299435,70.90395480225989
E00158991,414,57,20,37,357,36,321,13.768115942028986,4.830917874396135,8.937198067632849,86.23188405797102,8.695652173913043,77.53623188405797
E00158992,417,50,17,33,367,41,326,11.990407673860911,4.07673860911271,7.913669064748201,88.00959232613909,9.832134292565947,78.17745803357315
E00158994,304,49,17,32,255,31,224,16.11842105263158,5.592105263157895,10.526315789473683,83.88157894736842,10.197368421052632,73.68421052631578
E00158995,370,62,29,33,308,28,280,16.756756756756758,7.837837837837839,8.91891891891892,83.24324324324324,7.567567567567568,75.67567567567568
E00158996,265,36,11,25,229,20,209,13.584905660377359,4.150943396226415,9.433962264150944,86.41509433962264,7.547169811320755,78.8679245283019
E00158997,257,47,23,24,210,23,187,18.28793774319066,8.949416342412452,9.33852140077821,81.71206225680933,8.949416342412452,72.76264591439688
E00158998,563,83,24,59,480,33,447,14.742451154529308,4.262877442273535,10.479573712255773,85.2575488454707,5.86145648312611,79.39609236234459
E00158999,273,40,17,23,233,21,212,14.652014652014653,6.227106227106227,8.424908424908425,85.34798534798534,7.6923076923076925,77.65567765567766
E00159001,284,65,31,34,219,17,202,22.887323943661972,10.915492957746478,11.971830985915492,77.11267605633803,5.985915492957746,71.12676056338029
E00159002,280,39,12,27,241,15,226,13.928571428571429,4.285714285714286,9.642857142857144,86.07142857142858,5.357142857142857,80.71428571428572
E00159003,402,84,45,39,318,30,288,20.8955223880597,11.194029850746269,9.701492537313433,79.1044776119403,7.462686567164178,71.64179104477611
E00159004,287,80,39,41,207,29,178,27.874564459930312,13.588850174216027,14.285714285714285,72.12543554006969,10.104529616724738,62.02090592334495
E00159005,562,107,46,61,455,31,424,19.03914590747331,8.185053380782918,10.85409252669039,80.96085409252669,5.5160142348754455,75.44483985765125
E00159006,216,42,18,24,174,16,158,19.444444444444446,8.333333333333332,11.11111111111111,80.55555555555556,7.4074074074074066,73.14814814814815
E00159007,156,16,6,10,140,12,128,10.256410256410255,3.8461538461538463,6.41025641025641,89.74358974358975,7.6923076923076925,82.05128205128204
E00159008,130,21,3,18,109,7,102,16.153846153846153,2.307692307692308,13.846153846153847,83.84615384615385,5.384615384615385,78.46153846153847
E00159010,298,65,21,44,233,22,211,21.812080536912752,7.046979865771812,14.76510067114094,78.18791946308725,7.38255033557047,70.80536912751678
E00159012,303,40,10,30,263,22,241,13.2013201320132,3.3003300330033,9.900990099009901,86.79867986798679,7.2607260726072615,79.53795379537954
E00159013,218,38,11,27,180,24,156,17.431192660550458,5.045871559633028,12.385321100917432,82.56880733944955,11.009174311926607,71.55963302752293
E00159014,171,19,5,14,152,8,144,11.11111111111111,2.923976608187134,8.187134502923977,88.88888888888889,4.678362573099415,84.21052631578947
E00159015,241,30,10,20,211,26,185,12.448132780082988,4.149377593360995,8.29875518672199,87.55186721991701,10.78838174273859,76.76348547717843
E00159016,423,57,15,42,366,36,330,13.47517730496454,3.546099290780142,9.929078014184398,86.52482269503547,8.51063829787234,78.01418439716312
E00159017,274,59,31,28,215,20,195,21.532846715328464,11.313868613138686,10.218978102189782,78.46715328467153,7.2992700729927,71.16788321167883
E00159018,287,40,11,29,247,25,222,13.937282229965156,3.8327526132404177,10.104529616724738,86.06271777003485,8.710801393728223,77.35191637630662
E00159020,241,46,15,31,195,28,167,19.08713692946058,6.224066390041494,12.863070539419086,80.91286307053942,11.618257261410788,69.29460580912863
E00159021,309,42,12,30,267,39,228,13.592233009708737,3.8834951456310676,9.70873786407767,86.40776699029125,12.62135922330097,73.7864077669903
E00159022,228,32,8,24,196,11,185,14.035087719298245,3.508771929824561,10.526315789473683,85.96491228070175,4.824561403508771,81.14035087719299
E00159023,334,43,12,31,291,31,260,12.874251497005988,3.592814371257485,9.281437125748502,87.12574850299401,9.281437125748502,77.84431137724552
E00159024,365,103,49,54,262,22,240,28.21917808219178,13.424657534246576,14.794520547945206,71.78082191780823,6.027397260273973,65.75342465753424
E00159025,320,35,5,30,285,24,261,10.9375,1.5625,9.375,89.0625,7.5,81.5625
E00159026,258,33,10,23,225,35,190,12.790697674418606,3.875968992248062,8.914728682170542,87.20930232558139,13.565891472868216,73.64341085271317
E00159027,323,46,19,27,277,25,252,14.241486068111456,5.88235294117647,8.359133126934983,85.75851393188854,7.739938080495357,78.0185758513932
E00159028,312,34,7,27,278,22,256,10.897435897435898,2.2435897435897436,8.653846153846153,89.1025641025641,7.051282051282051,82.05128205128204
E00159029,418,50,17,33,368,42,326,11.961722488038278,4.0669856459330145,7.894736842105263,88.03827751196172,10.047846889952153,77.99043062200957
E00159030,171,14,2,12,157,14,143,8.187134502923977,1.1695906432748537,7.017543859649122,91.81286549707602,8.187134502923977,83.62573099415205
E00159031,124,12,5,7,112,8,104,9.67741935483871,4.032258064516129,5.64516129032258,90.32258064516128,6.451612903225806,83.87096774193549
E00159032,306,45,14,31,261,34,227,14.705882352941178,4.57516339869281,10.130718954248366,85.29411764705883,11.11111111111111,74.18300653594771
E00159033,251,34,10,24,217,21,196,13.545816733067728,3.9840637450199203,9.56175298804781,86.45418326693228,8.366533864541832,78.08764940239044
E00159034,153,12,1,11,141,14,127,7.8431372549019605,0.6535947712418301,7.18954248366013,92.15686274509804,9.15032679738562,83.00653594771242
E00159035,547,78,28,50,469,49,420,14.259597806215721,5.118829981718465,9.140767824497258,85.74040219378428,8.957952468007313,76.78244972577697
E00159036,258,32,8,24,226,26,200,12.4031007751938,3.10077519379845,9.30232558139535,87.59689922480621,10.077519379844961,77.51937984496125
E00159037,259,44,14,30,215,17,198,16.988416988416986,5.405405405405405,11.583011583011583,83.01158301158301,6.563706563706563,76.44787644787645
E00159038,344,57,19,38,287,32,255,16.569767441860463,5.523255813953488,11.046511627906977,83.43023255813954,9.30232558139535,74.12790697674419
E00159039,373,37,11,26,336,37,299,9.919571045576408,2.949061662198391,6.970509383378016,90.0804289544236,9.919571045576408,80.16085790884718
E00159040,219,21,6,15,198,25,173,9.58904109589041,2.73972602739726,6.8493150684931505,90.41095890410958,11.415525114155251,78.99543378995433
E00159041,268,34,9,25,234,25,209,12.686567164179104,3.3582089552238807,9.328358208955224,87.31343283582089,9.328358208955224,77.98507462686567
E00159042,297,33,10,23,264,27,237,11.11111111111111,3.3670033670033668,7.744107744107744,88.88888888888889,9.090909090909092,79.7979797979798
E00159043,294,65,24,41,229,23,206,22.108843537414966,8.16326530612245,13.945578231292515,77.89115646258503,7.8231292517006805,70.06802721088435
E00159044,258,29,10,19,229,18,211,11.24031007751938,3.875968992248062,7.3643410852713185,88.75968992248062,6.976744186046512,81.78294573643412
E00159045,269,34,8,26,235,25,210,12.639405204460965,2.973977695167286,9.66542750929368,87.36059479553904,9.293680297397769,78.06691449814126
E00159046,183,18,7,11,165,5,160,9.836065573770492,3.825136612021858,6.0109289617486334,90.1639344262295,2.73224043715847,87.43169398907104
E00159047,294,35,12,23,259,20,239,11.904761904761903,4.081632653061225,7.8231292517006805,88.09523809523809,6.802721088435375,81.29251700680273
E00159048,333,39,11,28,294,37,257,11.711711711711711,3.303303303303303,8.408408408408409,88.28828828828829,11.11111111111111,77.17717717717719
E00159049,176,14,9,5,162,20,142,7.954545454545454,5.113636363636364,2.840909090909091,92.04545454545455,11.363636363636363,80.68181818181817
E00159050,381,61,18,43,320,37,283,16.010498687664043,4.724409448818897,11.286089238845145,83.98950131233596,9.711286089238845,74.2782152230971
E00159051,361,65,21,44,296,29,267,18.005540166204987,5.8171745152354575,12.18836565096953,81.99445983379502,8.033240997229916,73.9612188365651
E00159052,267,22,11,11,245,22,223,8.239700374531834,4.119850187265917,4.119850187265917,91.76029962546816,8.239700374531834,83.52059925093633
E00159053,466,53,14,39,413,40,373,11.373390557939913,3.004291845493562,8.369098712446352,88.62660944206009,8.583690987124463,80.04291845493562
E00159054,513,95,41,54,418,28,390,18.51851851851852,7.992202729044834,10.526315789473683,81.48148148148148,5.458089668615984,76.0233918128655
E00159055,239,42,9,33,197,19,178,17.573221757322173,3.765690376569038,13.807531380753138,82.42677824267783,7.949790794979079,74.47698744769873
E00159056,302,49,16,33,253,23,230,16.225165562913908,5.298013245033113,10.927152317880795,83.77483443708608,7.6158940397351,76.15894039735099
E00159057,134,15,3,12,119,11,108,11.194029850746269,2.2388059701492535,8.955223880597014,88.80597014925374,8.208955223880597,80.59701492537313
E00159058,304,61,19,42,243,25,218,20.065789473684212,6.25,13.815789473684212,79.93421052631578,8.223684210526317,71.71052631578947
E00159059,338,55,22,33,283,26,257,16.272189349112427,6.508875739644971,9.763313609467456,83.72781065088756,7.6923076923076925,76.03550295857988
E00159060,259,53,20,33,206,27,179,20.463320463320464,7.722007722007722,12.741312741312742,79.53667953667953,10.424710424710424,69.1119691119691
E00159062,308,38,9,29,270,24,246,12.337662337662337,2.922077922077922,9.415584415584416,87.66233766233766,7.792207792207792,79.87012987012987
E00159063,309,57,18,39,252,34,218,18.446601941747574,5.825242718446602,12.62135922330097,81.55339805825243,11.003236245954692,70.55016181229773
E00159064,274,42,5,37,232,24,208,15.328467153284672,1.824817518248175,13.503649635036496,84.67153284671532,8.75912408759124,75.91240875912408
E00159065,426,58,17,41,368,27,341,13.615023474178404,3.9906103286384975,9.624413145539906,86.3849765258216,6.338028169014084,80.04694835680752
E00159066,230,30,10,20,200,9,191,13.043478260869565,4.3478260869565215,8.695652173913043,86.95652173913044,3.91304347826087,83.04347826086956
E00159067,216,42,14,28,174,22,152,19.444444444444446,6.481481481481481,12.962962962962962,80.55555555555556,10.185185185185185,70.37037037037037
E00159068,278,41,17,24,237,20,217,14.748201438848922,6.115107913669065,8.633093525179856,85.25179856115108,7.1942446043165464,78.05755395683454
E00159069,298,73,33,40,225,14,211,24.496644295302016,11.073825503355705,13.422818791946309,75.50335570469798,4.697986577181208,70.80536912751678
E00159070,271,42,17,25,229,27,202,15.498154981549817,6.273062730627306,9.22509225092251,84.50184501845018,9.96309963099631,74.53874538745387
E00159071,380,79,33,46,301,17,284,20.789473684210527,8.68421052631579,12.105263157894736,79.21052631578948,4.473684210526316,74.73684210526315
E00159072,232,35,8,27,197,20,177,15.086206896551724,3.4482758620689653,11.637931034482758,84.91379310344827,8.620689655172415,76.29310344827587
E00159073,207,63,29,34,144,17,127,30.434782608695656,14.009661835748794,16.425120772946862,69.56521739130434,8.212560386473431,61.35265700483091
E00159074,191,39,15,24,152,18,134,20.418848167539267,7.853403141361256,12.56544502617801,79.58115183246073,9.424083769633508,70.15706806282722
E00159075,305,49,18,31,256,27,229,16.065573770491802,5.901639344262295,10.163934426229508,83.93442622950819,8.852459016393443,75.08196721311475
E00159076,335,51,13,38,284,43,241,15.223880597014924,3.880597014925373,11.343283582089553,84.77611940298507,12.835820895522387,71.94029850746269
E00159077,285,44,16,28,241,27,214,15.43859649122807,5.614035087719298,9.824561403508772,84.56140350877193,9.473684210526317,75.08771929824562
E00159078,329,49,20,29,280,22,258,14.893617021276595,6.079027355623101,8.814589665653495,85.1063829787234,6.68693009118541,78.419452887538
E00159079,201,68,30,38,133,15,118,33.83084577114428,14.925373134328357,18.90547263681592,66.16915422885572,7.462686567164178,58.70646766169154
E00159080,387,51,15,36,336,19,317,13.178294573643413,3.875968992248062,9.30232558139535,86.82170542635659,4.909560723514212,81.91214470284238
E00159081,221,74,28,46,147,18,129,33.4841628959276,12.669683257918551,20.81447963800905,66.51583710407239,8.144796380090497,58.371040723981906
E00159082,304,50,17,33,254,19,235,16.447368421052634,5.592105263157895,10.855263157894738,83.55263157894737,6.25,77.30263157894737
E00159083,169,16,3,13,153,24,129,9.467455621301776,1.7751479289940828,7.6923076923076925,90.53254437869822,14.201183431952662,76.33136094674556
E00159084,110,19,7,12,91,8,83,17.272727272727273,6.363636363636363,10.909090909090908,82.72727272727273,7.2727272727272725,75.45454545454545
E00159085,530,88,27,61,442,47,395,16.60377358490566,5.09433962264151,11.50943396226415,83.39622641509435,8.867924528301886,74.52830188679245
E00159086,383,70,32,38,313,34,279,18.27676240208877,8.355091383812011,9.921671018276761,81.72323759791122,8.87728459530026,72.84595300261097
E00159087,359,85,44,41,274,28,246,23.676880222841227,12.256267409470752,11.420612813370473,76.32311977715878,7.7994428969359335,68.52367688022284
E00159088,364,56,18,38,308,37,271,15.384615384615385,4.945054945054945,10.43956043956044,84.61538461538461,10.164835164835164,74.45054945054946
E00159089,427,76,29,47,351,36,315,17.798594847775178,6.791569086651054,11.00702576112412,82.20140515222482,8.430913348946136,73.77049180327869
E00159090,290,34,12,22,256,37,219,11.724137931034482,4.137931034482759,7.586206896551724,88.27586206896552,12.758620689655173,75.51724137931033
E00159091,231,44,14,30,187,14,173,19.047619047619047,6.0606060606060606,12.987012987012985,80.95238095238095,6.0606060606060606,74.89177489177489
E00159092,545,75,24,51,470,45,425,13.761467889908257,4.4036697247706424,9.357798165137615,86.23853211009175,8.256880733944955,77.98165137614679
E00159093,429,74,27,47,355,40,315,17.24941724941725,6.293706293706294,10.955710955710956,82.75058275058275,9.324009324009324,73.42657342657343
E00159094,383,81,38,43,302,27,275,21.148825065274153,9.921671018276761,11.22715404699739,78.85117493472585,7.049608355091384,71.80156657963447
E00159095,265,38,18,20,227,27,200,14.339622641509434,6.7924528301886795,7.547169811320755,85.66037735849056,10.18867924528302,75.47169811320755
E00159096,346,47,19,28,299,42,257,13.583815028901732,5.491329479768786,8.092485549132949,86.41618497109826,12.138728323699421,74.27745664739885
E00159097,379,108,65,43,271,30,241,28.49604221635884,17.150395778364118,11.345646437994723,71.50395778364116,7.9155672823219,63.58839050131926
E00159098,371,50,10,40,321,28,293,13.477088948787062,2.6954177897574128,10.781671159029651,86.52291105121293,7.547169811320755,78.97574123989219
E00159099,185,38,20,18,147,11,136,20.54054054054054,10.81081081081081,9.72972972972973,79.45945945945945,5.9459459459459465,73.51351351351352
E00159100,106,17,2,15,89,7,82,16.037735849056602,1.8867924528301887,14.150943396226415,83.9622641509434,6.60377358490566,77.35849056603774
E00159101,290,52,14,38,238,32,206,17.93103448275862,4.827586206896552,13.10344827586207,82.06896551724138,11.03448275862069,71.03448275862068
E00159102,540,76,23,53,464,42,422,14.074074074074074,4.2592592592592595,9.814814814814815,85.92592592592592,7.777777777777778,78.14814814814814
E00159103,264,38,10,28,226,18,208,14.393939393939394,3.787878787878788,10.606060606060606,85.60606060606061,6.8181818181818175,78.78787878787878
E00159104,261,43,15,28,218,23,195,16.47509578544061,5.747126436781609,10.727969348659004,83.5249042145594,8.812260536398467,74.71264367816092
E00159105,213,33,14,19,180,12,168,15.492957746478872,6.572769953051644,8.92018779342723,84.50704225352112,5.633802816901409,78.87323943661971
E00159107,358,59,26,33,299,30,269,16.480446927374302,7.262569832402235,9.217877094972067,83.5195530726257,8.379888268156424,75.13966480446928
E00159109,319,47,15,32,272,40,232,14.733542319749215,4.702194357366771,10.031347962382444,85.26645768025078,12.539184952978054,72.72727272727273
E00159110,331,51,22,29,280,30,250,15.407854984894259,6.646525679758309,8.761329305135952,84.59214501510573,9.06344410876133,75.52870090634441
E00159111,221,48,18,30,173,10,163,21.71945701357466,8.144796380090497,13.574660633484163,78.28054298642535,4.524886877828054,73.7556561085973
E00159112,170,22,9,13,148,17,131,12.941176470588237,5.294117647058823,7.647058823529412,87.05882352941177,10,77.05882352941177
E00159113,298,49,15,34,249,14,235,16.44295302013423,5.033557046979865,11.409395973154362,83.55704697986577,4.697986577181208,78.85906040268456
E00159114,248,48,14,34,200,33,167,19.35483870967742,5.64516129032258,13.709677419354838,80.64516129032258,13.306451612903224,67.33870967741935
E00159115,239,30,10,20,209,16,193,12.552301255230125,4.184100418410042,8.368200836820083,87.44769874476988,6.694560669456067,80.75313807531381
E00159116,367,37,11,26,330,31,299,10.08174386920981,2.997275204359673,7.084468664850137,89.91825613079018,8.446866485013624,81.47138964577657
E00159118,278,45,21,24,233,21,212,16.18705035971223,7.553956834532374,8.633093525179856,83.81294964028777,7.553956834532374,76.2589928057554
E00159119,415,57,13,44,358,36,322,13.734939759036143,3.132530120481928,10.602409638554217,86.26506024096385,8.674698795180722,77.59036144578313
E00159120,383,66,26,40,317,16,301,17.232375979112273,6.7885117493472595,10.443864229765012,82.76762402088774,4.177545691906006,78.59007832898173
E00159125,245,34,12,22,211,13,198,13.877551020408163,4.8979591836734695,8.979591836734693,86.12244897959184,5.3061224489795915,80.81632653061224
E00159126,275,43,18,25,232,26,206,15.636363636363637,6.545454545454546,9.090909090909092,84.36363636363636,9.454545454545455,74.90909090909092
E00159128,265,47,22,25,218,18,200,17.735849056603772,8.30188679245283,9.433962264150944,82.26415094339623,6.7924528301886795,75.47169811320755
E00159129,550,74,29,45,476,44,432,13.454545454545455,5.2727272727272725,8.181818181818182,86.54545454545455,8,78.54545454545455
E00159131,171,16,6,10,155,11,144,9.35672514619883,3.508771929824561,5.847953216374268,90.64327485380117,6.432748538011696,84.21052631578947
E00159133,293,38,15,23,255,24,231,12.969283276450511,5.1194539249146755,7.849829351535837,87.03071672354949,8.19112627986348,78.839590443686
E00159134,288,49,27,22,239,28,211,17.01388888888889,9.375,7.638888888888889,82.98611111111111,9.722222222222223,73.26388888888889
E00159135,236,37,15,22,199,26,173,15.677966101694915,6.3559322033898304,9.322033898305085,84.32203389830508,11.016949152542372,73.30508474576271
E00159136,402,44,14,30,358,45,313,10.945273631840797,3.482587064676617,7.462686567164178,89.05472636815921,11.194029850746269,77.86069651741293
E00159137,200,44,20,24,156,12,144,22,10,12,78,6,72
E00159139,286,53,19,34,233,17,216,18.53146853146853,6.643356643356643,11.888111888111888,81.46853146853147,5.944055944055944,75.52447552447552
E00159140,228,38,18,20,190,20,170,16.666666666666664,7.894736842105263,8.771929824561402,83.33333333333334,8.771929824561402,74.56140350877193
E00159141,272,51,16,35,221,22,199,18.75,5.88235294117647,12.867647058823529,81.25,8.088235294117647,73.16176470588235
E00159142,385,63,26,37,322,32,290,16.363636363636363,6.753246753246753,9.61038961038961,83.63636363636363,8.311688311688311,75.32467532467533
E00159143,283,53,13,40,230,19,211,18.727915194346288,4.593639575971731,14.13427561837456,81.2720848056537,6.713780918727916,74.55830388692578
E00159144,578,121,43,78,457,45,412,20.93425605536332,7.439446366782007,13.494809688581316,79.06574394463668,7.7854671280276815,71.280276816609
E00159145,334,72,24,48,262,25,237,21.55688622754491,7.18562874251497,14.37125748502994,78.44311377245509,7.48502994011976,70.95808383233533
E00159146,206,55,20,35,151,13,138,26.699029126213592,9.70873786407767,16.990291262135923,73.30097087378641,6.310679611650485,66.99029126213593
E00159147,193,33,13,20,160,10,150,17.098445595854923,6.7357512953367875,10.362694300518134,82.90155440414507,5.181347150259067,77.720207253886
E00159148,493,123,72,51,370,44,326,24.94929006085193,14.60446247464503,10.344827586206897,75.05070993914808,8.924949290060852,66.12576064908721
E00159149,327,80,33,47,247,33,214,24.464831804281346,10.091743119266056,14.37308868501529,75.53516819571865,10.091743119266056,65.4434250764526
E00159150,250,56,18,38,194,17,177,22.400000000000002,7.199999999999999,15.2,77.60000000000001,6.800000000000001,70.8
E00159151,247,56,20,36,191,26,165,22.672064777327936,8.097165991902834,14.5748987854251,77.32793522267207,10.526315789473683,66.80161943319838
E00159152,442,70,30,40,372,36,336,15.837104072398189,6.787330316742081,9.049773755656108,84.16289592760181,8.144796380090497,76.01809954751131
E00159153,226,55,19,36,171,19,152,24.336283185840706,8.4070796460177,15.929203539823009,75.66371681415929,8.4070796460177,67.2566371681416
E00159155,195,18,0,18,177,11,166,9.230769230769232,0,9.230769230769232,90.76923076923077,5.641025641025641,85.12820512820512
E00159156,163,20,11,9,143,12,131,12.269938650306749,6.748466257668712,5.521472392638037,87.73006134969326,7.361963190184049,80.3680981595092
E00159157,318,38,10,28,280,23,257,11.949685534591195,3.1446540880503147,8.80503144654088,88.0503144654088,7.232704402515723,80.81761006289308
E00159158,324,39,12,27,285,32,253,12.037037037037036,3.7037037037037033,8.333333333333332,87.96296296296296,9.876543209876543,78.08641975308642
E00159159,389,60,25,35,329,31,298,15.424164524421593,6.426735218508997,8.997429305912597,84.57583547557842,7.969151670951156,76.60668380462725
E00159160,334,40,18,22,294,33,261,11.976047904191617,5.389221556886228,6.58682634730539,88.02395209580838,9.880239520958083,78.1437125748503
E00159161,231,29,8,21,202,16,186,12.554112554112553,3.463203463203463,9.090909090909092,87.44588744588745,6.926406926406926,80.51948051948052
E00159162,333,60,20,40,273,30,243,18.01801801801802,6.006006006006006,12.012012012012011,81.98198198198197,9.00900900900901,72.97297297297297
E00159163,231,22,2,20,209,27,182,9.523809523809524,0.8658008658008658,8.658008658008658,90.47619047619048,11.688311688311687,78.78787878787878
E00159164,301,33,9,24,268,32,236,10.96345514950166,2.990033222591362,7.973421926910299,89.03654485049833,10.631229235880399,78.40531561461795
E00159166,456,68,24,44,388,48,340,14.912280701754385,5.263157894736842,9.649122807017543,85.08771929824562,10.526315789473683,74.56140350877193
E00159167,281,88,41,47,193,26,167,31.316725978647685,14.590747330960854,16.72597864768683,68.68327402135232,9.252669039145907,59.430604982206404
E00159168,211,49,17,32,162,27,135,23.22274881516588,8.056872037914692,15.165876777251185,76.77725118483413,12.796208530805686,63.98104265402843
E00159169,225,31,9,22,194,26,168,13.777777777777779,4,9.777777777777779,86.22222222222223,11.555555555555555,74.66666666666667
E00159170,291,56,22,34,235,31,204,19.243986254295535,7.560137457044673,11.683848797250858,80.75601374570446,10.652920962199312,70.10309278350515
E00159172,253,37,13,24,216,37,179,14.624505928853754,5.138339920948617,9.486166007905137,85.37549407114624,14.624505928853754,70.7509881422925
E00159173,386,47,9,38,339,35,304,12.176165803108809,2.33160621761658,9.844559585492227,87.8238341968912,9.067357512953368,78.75647668393782
E00159174,282,40,10,30,242,28,214,14.184397163120568,3.546099290780142,10.638297872340425,85.81560283687944,9.929078014184398,75.88652482269504
E00159176,368,61,26,35,307,43,264,16.57608695652174,7.065217391304348,9.510869565217392,83.42391304347827,11.684782608695652,71.73913043478261
E00159177,291,38,6,32,253,26,227,13.058419243986256,2.0618556701030926,10.996563573883162,86.94158075601375,8.934707903780069,78.00687285223368
E00159178,516,85,34,51,431,41,390,16.472868217054263,6.5891472868217065,9.883720930232558,83.52713178294574,7.945736434108527,75.5813953488372
E00159179,251,35,6,29,216,17,199,13.94422310756972,2.3904382470119523,11.553784860557768,86.05577689243027,6.772908366533864,79.2828685258964
E00159180,320,64,21,43,256,32,224,20,6.5625,13.4375,80,10,70
E00159181,253,35,12,23,218,25,193,13.83399209486166,4.743083003952568,9.090909090909092,86.16600790513834,9.881422924901186,76.28458498023716
E00159182,355,53,21,32,302,27,275,14.929577464788732,5.915492957746479,9.014084507042254,85.07042253521126,7.605633802816901,77.46478873239437
E00159183,260,39,9,30,221,19,202,15,3.4615384615384617,11.538461538461538,85,7.307692307692308,77.6923076923077
E00159184,397,61,16,45,336,30,306,15.365239294710328,4.030226700251889,11.335012594458437,84.63476070528966,7.5566750629722925,77.07808564231739
E00159185,354,55,17,38,299,29,270,15.53672316384181,4.80225988700565,10.734463276836157,84.4632768361582,8.192090395480225,76.27118644067797
E00159186,331,26,6,20,305,42,263,7.854984894259818,1.812688821752266,6.042296072507553,92.14501510574019,12.688821752265861,79.45619335347432
E00159187,398,55,13,42,343,40,303,13.819095477386934,3.2663316582914574,10.552763819095476,86.18090452261306,10.050251256281408,76.13065326633166
E00159188,333,32,11,21,301,30,271,9.60960960960961,3.303303303303303,6.306306306306306,90.39039039039038,9.00900900900901,81.38138138138137
E00159189,353,59,25,34,294,33,261,16.71388101983003,7.0821529745042495,9.631728045325778,83.28611898016997,9.34844192634561,73.93767705382436
E00159190,327,43,14,29,284,34,250,13.149847094801222,4.281345565749235,8.868501529051988,86.85015290519877,10.397553516819572,76.45259938837921
E00159191,493,67,27,40,426,43,383,13.590263691683571,5.476673427991886,8.113590263691684,86.40973630831643,8.72210953346856,77.68762677484787
E00159192,334,51,14,37,283,36,247,15.269461077844312,4.191616766467066,11.077844311377245,84.73053892215569,10.778443113772456,73.95209580838323
E00159193,173,45,19,26,128,19,109,26.011560693641616,10.982658959537572,15.028901734104046,73.98843930635837,10.982658959537572,63.005780346820806
E00159194,361,70,34,36,291,38,253,19.390581717451525,9.418282548476455,9.97229916897507,80.60941828254848,10.526315789473683,70.08310249307479
E00159195,387,74,34,40,313,34,279,19.12144702842377,8.785529715762273,10.335917312661499,80.87855297157623,8.785529715762273,72.09302325581395
E00159196,298,41,10,31,257,24,233,13.758389261744966,3.3557046979865772,10.40268456375839,86.24161073825503,8.053691275167784,78.18791946308725
E00159197,299,55,22,33,244,23,221,18.394648829431436,7.357859531772576,11.036789297658862,81.60535117056857,7.6923076923076925,73.91304347826086
E00159198,344,38,16,22,306,40,266,11.046511627906977,4.651162790697675,6.395348837209303,88.95348837209302,11.627906976744185,77.32558139534885
E00159199,289,45,26,19,244,28,216,15.570934256055363,8.996539792387544,6.5743944636678195,84.42906574394463,9.688581314878892,74.74048442906575
E00159200,373,61,19,42,312,42,270,16.353887399463808,5.093833780160858,11.26005361930295,83.6461126005362,11.26005361930295,72.38605898123325
E00159201,388,58,19,39,330,49,281,14.948453608247423,4.896907216494846,10.051546391752577,85.05154639175258,12.628865979381443,72.42268041237114
E00159202,278,46,21,25,232,19,213,16.546762589928058,7.553956834532374,8.992805755395683,83.45323741007195,6.83453237410072,76.61870503597122
E00159204,324,40,15,25,284,33,251,12.345679012345679,4.62962962962963,7.716049382716049,87.65432098765432,10.185185185185185,77.46913580246914
E00159205,458,71,21,50,387,47,340,15.502183406113538,4.585152838427948,10.91703056768559,84.49781659388647,10.262008733624455,74.235807860262
E00159206,295,40,16,24,255,38,217,13.559322033898304,5.423728813559322,8.135593220338983,86.4406779661017,12.88135593220339,73.5593220338983
E00159207,330,48,11,37,282,27,255,14.545454545454545,3.3333333333333335,11.212121212121213,85.45454545454545,8.181818181818182,77.27272727272727
E00159208,404,54,22,32,350,31,319,13.366336633663368,5.445544554455446,7.920792079207921,86.63366336633663,7.673267326732673,78.96039603960396
E00159210,316,47,25,22,269,28,241,14.873417721518987,7.9113924050632916,6.962025316455696,85.12658227848101,8.860759493670885,76.26582278481013
E00159211,302,53,14,39,249,32,217,17.549668874172188,4.635761589403973,12.91390728476821,82.45033112582782,10.596026490066226,71.8543046357616
E00159212,225,33,13,20,192,16,176,14.666666666666666,5.777777777777778,8.88888888888889,85.33333333333334,7.111111111111111,78.22222222222223
E00159213,340,36,9,27,304,33,271,10.588235294117647,2.6470588235294117,7.941176470588235,89.41176470588236,9.705882352941178,79.70588235294119
E00159214,343,53,21,32,290,20,270,15.451895043731778,6.122448979591836,9.329446064139942,84.54810495626822,5.830903790087463,78.71720116618076
E00159215,259,45,17,28,214,23,191,17.374517374517374,6.563706563706563,10.81081081081081,82.62548262548263,8.880308880308881,73.74517374517374
E00159216,284,64,21,43,220,36,184,22.535211267605636,7.394366197183098,15.140845070422534,77.46478873239437,12.676056338028168,64.7887323943662
E00159218,412,49,25,24,363,37,326,11.893203883495145,6.067961165048544,5.825242718446602,88.10679611650485,8.980582524271846,79.12621359223301
E00159219,233,33,13,20,200,22,178,14.163090128755366,5.579399141630901,8.583690987124463,85.83690987124464,9.44206008583691,76.39484978540773
E00159220,265,34,10,24,231,29,202,12.830188679245284,3.7735849056603774,9.056603773584905,87.16981132075472,10.943396226415095,76.22641509433963
E00159221,314,79,36,43,235,18,217,25.159235668789808,11.464968152866243,13.694267515923567,74.84076433121018,5.7324840764331215,69.10828025477707
E00159222,235,33,6,27,202,17,185,14.042553191489363,2.553191489361702,11.48936170212766,85.95744680851064,7.234042553191489,78.72340425531915
E00159223,265,51,22,29,214,23,191,19.245283018867926,8.30188679245283,10.943396226415095,80.75471698113208,8.679245283018867,72.0754716981132
E00159225,152,18,4,14,134,8,126,11.842105263157894,2.631578947368421,9.210526315789473,88.1578947368421,5.263157894736842,82.89473684210526
E00159227,245,41,11,30,204,25,179,16.73469387755102,4.489795918367347,12.244897959183673,83.26530612244898,10.204081632653061,73.06122448979592
E00159228,257,38,13,25,219,15,204,14.785992217898833,5.058365758754864,9.72762645914397,85.21400778210116,5.836575875486381,79.37743190661479
E00159229,334,68,27,41,266,22,244,20.359281437125748,8.08383233532934,12.275449101796406,79.64071856287424,6.58682634730539,73.05389221556887
E00159230,295,32,11,21,263,29,234,10.847457627118644,3.728813559322034,7.118644067796611,89.15254237288136,9.830508474576272,79.3220338983051
E00159231,335,52,18,34,283,24,259,15.522388059701491,5.3731343283582085,10.149253731343283,84.4776119402985,7.164179104477612,77.31343283582089
E00159232,281,39,10,29,242,29,213,13.87900355871886,3.558718861209965,10.320284697508896,86.12099644128114,10.320284697508896,75.80071174377224
E00159233,406,79,33,46,327,27,300,19.458128078817737,8.12807881773399,11.330049261083744,80.54187192118226,6.65024630541872,73.89162561576354
E00159234,384,72,25,47,312,20,292,18.75,6.510416666666667,12.239583333333332,81.25,5.208333333333334,76.04166666666666
E00159235,195,64,34,30,131,18,113,32.82051282051282,17.435897435897434,15.384615384615385,67.17948717948717,9.230769230769232,57.948717948717956
E00159236,409,80,34,46,329,32,297,19.559902200489,8.312958435207824,11.246943765281173,80.440097799511,7.823960880195599,72.6161369193154
E00159237,243,36,14,22,207,21,186,14.814814814814813,5.761316872427984,9.053497942386832,85.18518518518519,8.641975308641975,76.5432098765432
E00159238,326,49,16,33,277,32,245,15.030674846625766,4.9079754601226995,10.122699386503067,84.96932515337423,9.815950920245399,75.15337423312883
E00159239,378,67,29,38,311,40,271,17.724867724867725,7.671957671957672,10.052910052910052,82.27513227513228,10.582010582010582,71.6931216931217
E00159240,283,38,19,19,245,26,219,13.427561837455832,6.713780918727916,6.713780918727916,86.57243816254417,9.187279151943462,77.3851590106007
E00159241,255,31,14,17,224,23,201,12.156862745098039,5.490196078431373,6.666666666666667,87.84313725490196,9.019607843137255,78.82352941176471
E00159242,168,39,19,20,129,9,120,23.214285714285715,11.30952380952381,11.904761904761903,76.78571428571429,5.357142857142857,71.42857142857143
E00159243,253,38,12,26,215,22,193,15.019762845849801,4.743083003952568,10.276679841897234,84.98023715415019,8.695652173913043,76.28458498023716
E00159244,251,47,14,33,204,27,177,18.725099601593627,5.577689243027888,13.147410358565736,81.27490039840637,10.756972111553784,70.5179282868526
E00159245,282,38,9,29,244,23,221,13.47517730496454,3.1914893617021276,10.28368794326241,86.52482269503547,8.156028368794328,78.36879432624113
E00159246,425,58,18,40,367,38,329,13.647058823529413,4.235294117647059,9.411764705882353,86.3529411764706,8.941176470588236,77.41176470588236
E00159247,285,33,15,18,252,21,231,11.578947368421053,5.263157894736842,6.315789473684211,88.42105263157895,7.368421052631578,81.05263157894737
E00159248,223,35,12,23,188,20,168,15.695067264573993,5.381165919282512,10.31390134529148,84.30493273542601,8.968609865470851,75.33632286995515
E00159249,303,56,28,28,247,28,219,18.48184818481848,9.24092409240924,9.24092409240924,81.51815181518151,9.24092409240924,72.27722772277228
E00159250,331,62,20,42,269,31,238,18.731117824773413,6.042296072507553,12.688821752265861,81.2688821752266,9.365558912386707,71.90332326283988
E00159252,332,149,79,70,183,18,165,44.87951807228915,23.795180722891565,21.084337349397593,55.12048192771084,5.421686746987952,49.6987951807229
E00159253,368,99,60,39,269,24,245,26.902173913043477,16.304347826086957,10.597826086956522,73.09782608695652,6.521739130434782,66.57608695652173
E00159254,243,70,31,39,173,22,151,28.80658436213992,12.757201646090536,16.049382716049383,71.19341563786008,9.053497942386832,62.139917695473244
E00159255,157,42,14,28,115,16,99,26.751592356687897,8.9171974522293,17.8343949044586,73.24840764331209,10.191082802547772,63.05732484076433
E00159256,256,35,14,21,221,21,200,13.671875,5.46875,8.203125,86.328125,8.203125,78.125
E00159257,388,33,12,21,355,40,315,8.505154639175258,3.0927835051546393,5.412371134020619,91.49484536082474,10.309278350515463,81.18556701030928
E00159258,207,33,13,20,174,24,150,15.942028985507244,6.280193236714976,9.66183574879227,84.05797101449275,11.594202898550725,72.46376811594203
E00159259,225,39,8,31,186,21,165,17.333333333333336,3.5555555555555554,13.777777777777779,82.66666666666667,9.333333333333334,73.33333333333333
E00159260,322,44,17,27,278,42,236,13.664596273291925,5.279503105590062,8.385093167701864,86.33540372670807,13.043478260869565,73.29192546583852
E00159261,256,53,21,32,203,19,184,20.703125,8.203125,12.5,79.296875,7.421875,71.875
E00159262,261,49,18,31,212,23,189,18.773946360153257,6.896551724137931,11.877394636015326,81.22605363984674,8.812260536398467,72.41379310344827
E00159263,258,37,12,25,221,27,194,14.34108527131783,4.651162790697675,9.689922480620156,85.65891472868216,10.465116279069768,75.1937984496124
E00159264,280,39,9,30,241,26,215,13.928571428571429,3.214285714285714,10.714285714285714,86.07142857142858,9.285714285714286,76.78571428571429
E00159265,271,46,12,34,225,28,197,16.974169741697416,4.428044280442804,12.546125461254611,83.02583025830258,10.33210332103321,72.69372693726937
E00159266,431,106,58,48,325,25,300,24.593967517401392,13.45707656612529,11.1368909512761,75.4060324825986,5.800464037122969,69.60556844547564
E00159267,229,63,27,36,166,22,144,27.510917030567683,11.790393013100436,15.72052401746725,72.48908296943232,9.606986899563319,62.882096069869
E00159268,301,52,15,37,249,22,227,17.275747508305646,4.983388704318937,12.29235880398671,82.72425249169434,7.308970099667775,75.41528239202658
E00159269,391,65,23,42,326,29,297,16.624040920716112,5.88235294117647,10.741687979539643,83.37595907928389,7.41687979539642,75.95907928388746
E00159270,237,60,29,31,177,10,167,25.31645569620253,12.236286919831224,13.080168776371309,74.68354430379746,4.219409282700422,70.46413502109705
E00159271,251,54,27,27,197,24,173,21.51394422310757,10.756972111553784,10.756972111553784,78.48605577689243,9.56175298804781,68.92430278884463
E00159272,290,46,15,31,244,18,226,15.862068965517242,5.172413793103448,10.689655172413794,84.13793103448276,6.206896551724138,77.93103448275862
E00159273,257,46,15,31,211,31,180,17.898832684824903,5.836575875486381,12.062256809338521,82.10116731517509,12.062256809338521,70.03891050583657
E00159274,306,53,22,31,253,20,233,17.320261437908496,7.18954248366013,10.130718954248366,82.6797385620915,6.535947712418301,76.1437908496732
E00159275,289,51,20,31,238,20,218,17.647058823529413,6.920415224913495,10.726643598615917,82.35294117647058,6.920415224913495,75.4325259515571
E00159276,296,70,40,30,226,23,203,23.64864864864865,13.513513513513514,10.135135135135135,76.35135135135135,7.77027027027027,68.58108108108108
E00159277,279,40,16,24,239,29,210,14.336917562724013,5.734767025089606,8.60215053763441,85.66308243727599,10.39426523297491,75.26881720430107
E00159278,284,45,19,26,239,22,217,15.845070422535212,6.690140845070422,9.15492957746479,84.15492957746478,7.746478873239436,76.40845070422534
E00159279,386,42,14,28,344,31,313,10.880829015544041,3.6269430051813467,7.253886010362693,89.11917098445595,8.031088082901555,81.0880829015544
E00159280,257,59,26,33,198,21,177,22.957198443579767,10.116731517509727,12.840466926070038,77.04280155642024,8.171206225680933,68.8715953307393
E00159281,317,38,9,29,279,26,253,11.987381703470032,2.8391167192429023,9.14826498422713,88.01261829652996,8.201892744479496,79.81072555205047
E00159282,291,56,18,38,235,24,211,19.243986254295535,6.185567010309279,13.058419243986256,80.75601374570446,8.24742268041237,72.5085910652921
E00159283,258,107,77,30,151,19,132,41.47286821705426,29.844961240310074,11.627906976744185,58.52713178294574,7.3643410852713185,51.162790697674424
E00159284,333,62,17,45,271,29,242,18.61861861861862,5.105105105105105,13.513513513513514,81.38138138138137,8.708708708708707,72.67267267267268
E00159285,305,46,12,34,259,36,223,15.081967213114755,3.934426229508197,11.147540983606557,84.91803278688525,11.80327868852459,73.11475409836066
E00159286,282,42,14,28,240,20,220,14.893617021276595,4.964539007092199,9.929078014184398,85.1063829787234,7.092198581560284,78.01418439716312
E00159287,328,48,14,34,280,31,249,14.634146341463413,4.2682926829268295,10.365853658536585,85.36585365853658,9.451219512195122,75.91463414634147
E00159288,321,67,22,45,254,31,223,20.87227414330218,6.853582554517133,14.018691588785046,79.12772585669782,9.657320872274143,69.47040498442367
E00159289,301,69,32,37,232,27,205,22.92358803986711,10.631229235880399,12.29235880398671,77.0764119601329,8.970099667774086,68.10631229235881
E00159290,301,51,14,37,250,17,233,16.943521594684384,4.651162790697675,12.29235880398671,83.05647840531562,5.647840531561462,77.40863787375415
E00159291,302,77,34,43,225,18,207,25.496688741721858,11.258278145695364,14.23841059602649,74.50331125827815,5.960264900662252,68.54304635761589
E00159292,275,52,20,32,223,18,205,18.90909090909091,7.2727272727272725,11.636363636363637,81.0909090909091,6.545454545454546,74.54545454545455
E00159293,368,78,35,43,290,31,259,21.195652173913043,9.510869565217392,11.684782608695652,78.80434782608695,8.423913043478262,70.38043478260869
E00159294,266,50,25,25,216,21,195,18.796992481203006,9.398496240601503,9.398496240601503,81.203007518797,7.894736842105263,73.30827067669173
E00159295,369,46,13,33,323,31,292,12.466124661246612,3.523035230352303,8.94308943089431,87.53387533875339,8.401084010840108,79.13279132791328
E00159296,344,65,22,43,279,30,249,18.8953488372093,6.395348837209303,12.5,81.1046511627907,8.720930232558139,72.38372093023256
E00159297,377,57,19,38,320,35,285,15.119363395225463,5.039787798408488,10.079575596816976,84.88063660477454,9.283819628647215,75.59681697612733
E00159298,317,36,17,19,281,15,266,11.35646687697161,5.3627760252365935,5.993690851735016,88.64353312302839,4.73186119873817,83.91167192429022
E00159299,330,32,12,20,298,16,282,9.696969696969697,3.6363636363636362,6.0606060606060606,90.30303030303031,4.848484848484849,85.45454545454545
E00159300,304,41,13,28,263,18,245,13.486842105263158,4.276315789473684,9.210526315789473,86.51315789473685,5.921052631578947,80.5921052631579
E00159301,341,31,9,22,310,27,283,9.090909090909092,2.6392961876832843,6.451612903225806,90.9090909090909,7.9178885630498534,82.99120234604106
E00159302,282,46,23,23,236,21,215,16.312056737588655,8.156028368794328,8.156028368794328,83.68794326241135,7.446808510638298,76.24113475177306
E00159303,226,35,15,20,191,10,181,15.486725663716813,6.637168141592921,8.849557522123893,84.51327433628319,4.424778761061947,80.08849557522124
E00159304,334,42,11,31,292,27,265,12.574850299401197,3.293413173652695,9.281437125748502,87.42514970059881,8.08383233532934,79.34131736526946
E00159305,337,27,6,21,310,37,273,8.011869436201781,1.7804154302670623,6.231454005934718,91.98813056379822,10.979228486646884,81.00890207715133
E00159306,357,62,35,27,295,37,258,17.366946778711483,9.803921568627452,7.563025210084033,82.6330532212885,10.364145658263306,72.26890756302521
E00159307,225,32,8,24,193,17,176,14.222222222222221,3.5555555555555554,10.666666666666668,85.77777777777777,7.555555555555555,78.22222222222223
E00159308,260,43,20,23,217,20,197,16.538461538461537,7.6923076923076925,8.846153846153847,83.46153846153847,7.6923076923076925,75.76923076923077
E00159309,239,39,18,21,200,17,183,16.317991631799163,7.531380753138076,8.786610878661087,83.68200836820083,7.112970711297072,76.56903765690377
E00159310,270,37,12,25,233,23,210,13.703703703703704,4.444444444444445,9.25925925925926,86.29629629629629,8.518518518518519,77.77777777777779
E00159311,338,57,25,32,281,28,253,16.86390532544379,7.396449704142012,9.467455621301776,83.13609467455622,8.284023668639055,74.85207100591717
E00159312,501,112,29,83,389,34,355,22.355289421157686,5.788423153692615,16.56686626746507,77.64471057884231,6.786427145708583,70.85828343313374
E00159313,393,37,13,24,356,23,333,9.414758269720101,3.307888040712468,6.106870229007633,90.5852417302799,5.852417302798982,84.7328244274809
E00159314,219,27,11,16,192,13,179,12.32876712328767,5.0228310502283104,7.30593607305936,87.67123287671232,5.93607305936073,81.7351598173516
E00159315,175,15,1,14,160,18,142,8.571428571428571,0.5714285714285714,8,91.42857142857143,10.285714285714285,81.14285714285714
E00159316,231,29,9,20,202,29,173,12.554112554112553,3.896103896103896,8.658008658008658,87.44588744588745,12.554112554112553,74.89177489177489
E00159317,387,41,13,28,346,28,318,10.594315245478036,3.359173126614987,7.235142118863049,89.40568475452196,7.235142118863049,82.17054263565892
E00159318,162,26,1,25,136,13,123,16.049382716049383,0.6172839506172839,15.432098765432098,83.9506172839506,8.024691358024691,75.92592592592592
E00159319,311,28,10,18,283,31,252,9.003215434083602,3.215434083601286,5.787781350482315,90.9967845659164,9.967845659163988,81.02893890675242
E00159320,346,64,21,43,282,39,243,18.497109826589593,6.069364161849711,12.427745664739884,81.5028901734104,11.271676300578035,70.23121387283237
E00159321,280,58,23,35,222,33,189,20.714285714285715,8.214285714285714,12.5,79.28571428571428,11.785714285714285,67.5
E00159322,304,40,11,29,264,26,238,13.157894736842104,3.618421052631579,9.539473684210527,86.8421052631579,8.552631578947368,78.28947368421053
E00159323,251,41,11,30,210,20,190,16.334661354581673,4.382470119521913,11.952191235059761,83.66533864541833,7.968127490039841,75.69721115537848
E00159324,151,22,6,16,129,9,120,14.56953642384106,3.9735099337748347,10.596026490066226,85.43046357615894,5.960264900662252,79.47019867549669
E00159325,451,89,23,66,362,39,323,19.733924611973393,5.099778270509978,14.634146341463413,80.26607538802661,8.647450110864744,71.61862527716187
E00159326,141,19,4,15,122,11,111,13.47517730496454,2.8368794326241136,10.638297872340425,86.52482269503547,7.801418439716312,78.72340425531915
E00159327,464,66,20,46,398,38,360,14.224137931034484,4.310344827586207,9.913793103448276,85.77586206896551,8.189655172413794,77.58620689655173
E00159328,419,60,20,40,359,36,323,14.319809069212411,4.77326968973747,9.54653937947494,85.68019093078759,8.591885441527445,77.08830548926015
E00159329,482,77,27,50,405,38,367,15.975103734439832,5.601659751037345,10.37344398340249,84.02489626556017,7.883817427385892,76.14107883817427
E00159330,329,63,30,33,266,34,232,19.148936170212767,9.118541033434651,10.030395136778116,80.85106382978722,10.33434650455927,70.51671732522796
E00159331,173,20,8,12,153,12,141,11.560693641618498,4.624277456647398,6.9364161849710975,88.4393063583815,6.9364161849710975,81.5028901734104
E00159332,341,58,19,39,283,20,263,17.008797653958943,5.571847507331378,11.436950146627565,82.99120234604106,5.865102639296188,77.12609970674487
E00159333,446,55,10,45,391,52,339,12.331838565022421,2.242152466367713,10.089686098654708,87.66816143497758,11.659192825112108,76.00896860986546
E00159334,266,52,27,25,214,18,196,19.548872180451127,10.150375939849624,9.398496240601503,80.45112781954887,6.7669172932330826,73.68421052631578
E00159336,268,36,13,23,232,31,201,13.432835820895523,4.850746268656716,8.582089552238806,86.56716417910447,11.567164179104477,75
E00159337,285,41,16,25,244,26,218,14.385964912280702,5.614035087719298,8.771929824561402,85.6140350877193,9.12280701754386,76.49122807017544
E00159338,347,37,8,29,310,35,275,10.662824207492795,2.3054755043227666,8.357348703170029,89.33717579250721,10.086455331412104,79.2507204610951
E00159339,246,61,24,37,185,28,157,24.796747967479675,9.75609756097561,15.040650406504067,75.20325203252033,11.38211382113821,63.82113821138211
E00159340,241,46,9,37,195,31,164,19.08713692946058,3.7344398340248963,15.352697095435685,80.91286307053942,12.863070539419086,68.04979253112033
E00159341,251,46,18,28,205,20,185,18.326693227091635,7.171314741035857,11.155378486055776,81.67330677290838,7.968127490039841,73.70517928286853
E00159342,349,33,11,22,316,33,283,9.455587392550143,3.151862464183381,6.303724928366762,90.54441260744986,9.455587392550143,81.08882521489971
E00159343,296,72,32,40,224,27,197,24.324324324324326,10.81081081081081,13.513513513513514,75.67567567567568,9.121621621621621,66.55405405405406
E00159344,200,52,23,29,148,14,134,26,11.5,14.499999999999998,74,7.000000000000001,67
E00159345,320,76,28,48,244,28,216,23.75,8.75,15,76.25,8.75,67.5
E00159346,254,37,7,30,217,16,201,14.566929133858267,2.7559055118110236,11.811023622047244,85.43307086614173,6.299212598425196,79.13385826771653
E00159347,319,47,17,30,272,38,234,14.733542319749215,5.329153605015674,9.404388714733543,85.26645768025078,11.912225705329153,73.35423197492163
E00159348,238,36,10,26,202,28,174,15.126050420168067,4.201680672268908,10.92436974789916,84.87394957983193,11.76470588235294,73.10924369747899
E00159349,263,41,15,26,222,27,195,15.5893536121673,5.7034220532319395,9.885931558935361,84.4106463878327,10.26615969581749,74.1444866920152
E00159350,280,76,31,45,204,21,183,27.142857142857142,11.071428571428571,16.071428571428573,72.85714285714285,7.5,65.35714285714286
E00159351,283,61,24,37,222,19,203,21.554770318021202,8.480565371024735,13.074204946996467,78.4452296819788,6.713780918727916,71.73144876325088
E00159352,290,49,19,30,241,28,213,16.896551724137932,6.551724137931035,10.344827586206897,83.10344827586206,9.655172413793103,73.44827586206897
E00159353,261,37,11,26,224,24,200,14.17624521072797,4.21455938697318,9.961685823754788,85.82375478927203,9.195402298850574,76.62835249042146
E00172277,306,38,13,25,268,25,243,12.418300653594772,4.248366013071895,8.169934640522875,87.58169934640523,8.169934640522875,79.41176470588235
E00172278,111,11,2,9,100,15,85,9.90990990990991,1.8018018018018018,8.108108108108109,90.09009009009009,13.513513513513514,76.57657657657657
E00172279,260,33,8,25,227,15,212,12.692307692307692,3.076923076923077,9.615384615384617,87.3076923076923,5.769230769230769,81.53846153846153
E00172280,289,49,22,27,240,25,215,16.955017301038062,7.612456747404845,9.342560553633218,83.04498269896193,8.650519031141869,74.39446366782006
E00172281,230,20,3,17,210,15,195,8.695652173913043,1.3043478260869565,7.391304347826087,91.30434782608695,6.521739130434782,84.78260869565217
E00172282,317,36,9,27,281,26,255,11.35646687697161,2.8391167192429023,8.517350157728707,88.64353312302839,8.201892744479496,80.4416403785489
E00172283,435,41,12,29,394,33,361,9.425287356321839,2.7586206896551726,6.666666666666667,90.57471264367815,7.586206896551724,82.98850574712644
E00172284,282,32,11,21,250,26,224,11.347517730496454,3.900709219858156,7.446808510638298,88.65248226950354,9.219858156028367,79.43262411347519
E00172285,326,26,8,18,300,29,271,7.975460122699387,2.4539877300613497,5.521472392638037,92.02453987730061,8.895705521472392,83.12883435582822
E00172286,275,44,10,34,231,15,216,16,3.6363636363636362,12.363636363636363,84,5.454545454545454,78.54545454545455
E00172287,186,12,3,9,174,17,157,6.451612903225806,1.6129032258064515,4.838709677419355,93.54838709677419,9.13978494623656,84.40860215053763
E00172288,373,36,8,28,337,26,311,9.651474530831099,2.1447721179624666,7.506702412868632,90.3485254691689,6.970509383378016,83.37801608579089
E00172291,546,59,19,40,487,29,458,10.805860805860807,3.47985347985348,7.326007326007327,89.1941391941392,5.311355311355311,83.88278388278388
E00172292,444,57,22,35,387,36,351,12.837837837837837,4.954954954954955,7.882882882882883,87.16216216216216,8.108108108108109,79.05405405405406
E00172293,291,57,24,33,234,27,207,19.587628865979383,8.24742268041237,11.34020618556701,80.41237113402062,9.278350515463918,71.1340206185567
E00172294,407,63,24,39,344,34,310,15.47911547911548,5.896805896805897,9.582309582309582,84.52088452088452,8.353808353808354,76.16707616707616
E00172295,227,27,4,23,200,16,184,11.894273127753303,1.762114537444934,10.13215859030837,88.10572687224669,7.048458149779736,81.05726872246696
E00172296,533,70,19,51,463,29,434,13.133208255159476,3.564727954971857,9.568480300187618,86.86679174484053,5.440900562851782,81.42589118198875
E00172297,216,19,7,12,197,14,183,8.796296296296296,3.2407407407407405,5.555555555555555,91.20370370370371,6.481481481481481,84.72222222222221
E00172298,257,35,10,25,222,19,203,13.618677042801556,3.8910505836575875,9.72762645914397,86.38132295719845,7.392996108949417,78.98832684824903
E00172299,149,22,5,17,127,19,108,14.76510067114094,3.3557046979865772,11.409395973154362,85.23489932885906,12.751677852348994,72.48322147651007
E00172300,393,56,18,38,337,33,304,14.249363867684478,4.580152671755725,9.669211195928753,85.75063613231552,8.396946564885496,77.35368956743002
E00172301,487,65,19,46,422,38,384,13.347022587268995,3.9014373716632447,9.44558521560575,86.652977412731,7.802874743326489,78.85010266940452
E00186844,330,36,6,30,294,32,262,10.909090909090908,1.8181818181818181,9.090909090909092,89.0909090909091,9.696969696969697,79.39393939393939
E00186863,235,32,6,26,203,14,189,13.617021276595745,2.553191489361702,11.063829787234042,86.38297872340426,5.957446808510639,80.42553191489363
E00186871,156,14,5,9,142,10,132,8.974358974358974,3.205128205128205,5.769230769230769,91.02564102564102,6.41025641025641,84.61538461538461
E00186872,423,123,67,56,300,27,273,29.078014184397162,15.839243498817968,13.238770685579196,70.92198581560284,6.382978723404255,64.53900709219859
E00186873,408,54,19,35,354,27,327,13.23529411764706,4.6568627450980395,8.57843137254902,86.76470588235294,6.61764705882353,80.14705882352942
E00186876,309,49,18,31,260,35,225,15.857605177993527,5.825242718446602,10.032362459546926,84.14239482200647,11.326860841423949,72.81553398058253
E00186879,131,10,2,8,121,11,110,7.633587786259542,1.5267175572519083,6.106870229007633,92.36641221374046,8.396946564885496,83.96946564885496
E00186882,314,31,9,22,283,27,256,9.872611464968154,2.8662420382165608,7.006369426751593,90.12738853503186,8.598726114649681,81.52866242038218
E00186887,409,48,15,33,361,30,331,11.7359413202934,3.6674816625916873,8.06845965770171,88.26405867970661,7.334963325183375,80.92909535452323
E00186891,323,62,25,37,261,24,237,19.195046439628484,7.739938080495357,11.455108359133128,80.80495356037152,7.430340557275541,73.37461300309597
E00186892,292,78,47,31,214,21,193,26.71232876712329,16.095890410958905,10.616438356164384,73.28767123287672,7.191780821917808,66.0958904109589
E00186894,408,55,16,39,353,29,324,13.480392156862745,3.9215686274509802,9.558823529411764,86.51960784313727,7.107843137254902,79.41176470588235
E00186898,384,39,7,32,345,25,320,10.15625,1.8229166666666667,8.333333333333332,89.84375,6.510416666666667,83.33333333333334
E00186903,364,40,11,29,324,35,289,10.989010989010989,3.021978021978022,7.967032967032966,89.01098901098901,9.615384615384617,79.3956043956044
E00186914,357,47,7,40,310,28,282,13.165266106442578,1.9607843137254901,11.204481792717088,86.83473389355743,7.8431372549019605,78.99159663865547
E00186917,475,67,24,43,408,42,366,14.105263157894738,5.052631578947368,9.05263157894737,85.89473684210527,8.842105263157894,77.05263157894737
E00186919,312,39,12,27,273,23,250,12.5,3.8461538461538463,8.653846153846153,87.5,7.371794871794872,80.12820512820514
E00186929,308,26,7,19,282,27,255,8.441558441558442,2.272727272727273,6.1688311688311686,91.55844155844156,8.766233766233766,82.79220779220779
E00186931,419,76,27,49,343,23,320,18.138424821002385,6.443914081145586,11.694510739856803,81.86157517899761,5.4892601431980905,76.37231503579952
E00186932,610,63,19,44,547,39,508,10.327868852459018,3.114754098360656,7.213114754098362,89.67213114754098,6.393442622950819,83.27868852459017
E00186934,175,21,6,15,154,15,139,12,3.428571428571429,8.571428571428571,88,8.571428571428571,79.42857142857143
E00186937,508,65,25,40,443,47,396,12.795275590551181,4.921259842519685,7.874015748031496,87.20472440944881,9.251968503937007,77.95275590551181
E00186939,363,30,6,24,333,29,304,8.264462809917356,1.6528925619834711,6.6115702479338845,91.73553719008265,7.988980716253444,83.7465564738292
E00186941,387,36,11,25,351,31,320,9.30232558139535,2.842377260981912,6.459948320413436,90.69767441860465,8.010335917312661,82.68733850129199
E00186942,229,53,28,25,176,15,161,23.144104803493452,12.22707423580786,10.91703056768559,76.85589519650655,6.550218340611353,70.3056768558952
E00186953,214,28,6,22,186,17,169,13.084112149532709,2.803738317757009,10.2803738317757,86.91588785046729,7.943925233644859,78.97196261682244
E00186961,235,45,19,26,190,23,167,19.148936170212767,8.085106382978724,11.063829787234042,80.85106382978722,9.787234042553191,71.06382978723404
E00186968,205,18,5,13,187,10,177,8.780487804878048,2.4390243902439024,6.341463414634147,91.21951219512195,4.878048780487805,86.34146341463415
E00186969,241,41,18,23,200,28,172,17.012448132780083,7.468879668049793,9.54356846473029,82.98755186721992,11.618257261410788,71.36929460580913
E00186970,505,70,26,44,435,41,394,13.861386138613863,5.148514851485149,8.712871287128712,86.13861386138613,8.118811881188119,78.01980198019803
E00186971,528,62,26,36,466,37,429,11.742424242424242,4.924242424242424,6.8181818181818175,88.25757575757575,7.007575757575757,81.25
E00186973,574,58,20,38,516,40,476,10.104529616724738,3.484320557491289,6.620209059233449,89.89547038327527,6.968641114982578,82.92682926829268
E00186974,116,12,3,9,104,4,100,10.344827586206897,2.586206896551724,7.758620689655173,89.65517241379311,3.4482758620689653,86.20689655172413
E00186979,137,27,11,16,110,13,97,19.708029197080293,8.02919708029197,11.678832116788321,80.2919708029197,9.48905109489051,70.8029197080292
E00186983,269,42,19,23,227,18,209,15.613382899628252,7.063197026022305,8.550185873605948,84.38661710037175,6.691449814126393,77.69516728624535
E00186985,361,23,10,13,338,18,320,6.3711911357340725,2.7700831024930745,3.6011080332409975,93.62880886426593,4.986149584487535,88.64265927977839
E00186988,140,9,3,6,131,10,121,6.428571428571428,2.142857142857143,4.285714285714286,93.57142857142857,7.142857142857142,86.42857142857143
E00186991,323,37,8,29,286,22,264,11.455108359133128,2.476780185758514,8.978328173374612,88.54489164086688,6.811145510835913,81.73374613003097
E00186992,297,47,15,32,250,20,230,15.824915824915825,5.05050505050505,10.774410774410773,84.17508417508418,6.7340067340067336,77.44107744107744
E00186995,149,51,29,22,98,7,91,34.22818791946309,19.463087248322147,14.76510067114094,65.77181208053692,4.697986577181208,61.07382550335571
E00187000,240,22,9,13,218,23,195,9.166666666666666,3.75,5.416666666666667,90.83333333333333,9.583333333333334,81.25
E00187004,127,15,7,8,112,5,107,11.811023622047244,5.511811023622047,6.299212598425196,88.18897637795276,3.937007874015748,84.25196850393701
E00187005,296,42,17,25,254,24,230,14.18918918918919,5.743243243243244,8.445945945945946,85.8108108108108,8.108108108108109,77.7027027027027
E00187010,464,132,61,71,332,40,292,28.448275862068968,13.14655172413793,15.301724137931034,71.55172413793103,8.620689655172415,62.93103448275862
E00187016,378,40,18,22,338,19,319,10.582010582010582,4.761904761904762,5.82010582010582,89.41798941798942,5.026455026455026,84.39153439153439
E00187019,338,67,41,26,271,26,245,19.82248520710059,12.1301775147929,7.6923076923076925,80.1775147928994,7.6923076923076925,72.48520710059172
