OA,ts0590001,ts0590002,ts0590003,ts0590004,ts0590005,ts0590006,ts0590007,ts0590002_PCT,ts0590003_PCT,ts0590004_PCT,ts0590005_PCT,ts0590006_PCT,ts0590007_PCT
E00037085,101,31,7,24,70,53,17,30.693069306930692,6.9306930693069315,23.762376237623762,69.3069306930693,52.475247524752476,16.831683168316832
E00037086,118,40,16,24,78,64,14,33.89830508474576,13.559322033898304,20.33898305084746,66.10169491525424,54.23728813559322,11.864406779661017
E00037087,190,45,16,29,145,124,21,23.684210526315788,8.421052631578947,15.263157894736842,76.31578947368422,65.26315789473685,11.052631578947368
E00037088,122,47,13,34,75,73,2,38.52459016393443,10.655737704918032,27.86885245901639,61.47540983606557,59.83606557377049,1.639344262295082
E00037089,111,46,16,30,65,53,12,41.44144144144144,14.414414414414415,27.027027027027028,58.55855855855856,47.74774774774775,10.81081081081081
E00037090,135,33,8,25,102,98,4,24.444444444444443,5.9259259259259265,18.51851851851852,75.55555555555556,72.5925925925926,2.9629629629629632
E00037091,84,27,3,24,57,48,9,32.142857142857146,3.571428571428571,28.57142857142857,67.85714285714286,57.14285714285714,10.714285714285714
E00037092,111,33,5,28,78,64,14,29.72972972972973,4.504504504504505,25.225225225225223,70.27027027027027,57.65765765765766,12.612612612612612
E00037093,155,38,10,28,117,98,19,24.516129032258064,6.451612903225806,18.064516129032256,75.48387096774194,63.2258064516129,12.258064516129032
E00037094,217,65,18,47,152,124,28,29.953917050691242,8.294930875576037,21.658986175115206,70.04608294930875,57.14285714285714,12.903225806451612
E00037096,94,25,10,15,69,60,9,26.595744680851062,10.638297872340425,15.957446808510639,73.40425531914893,63.829787234042556,9.574468085106384
E00037097,110,31,6,25,79,69,10,28.18181818181818,5.454545454545454,22.727272727272727,71.81818181818181,62.727272727272734,9.090909090909092
E00037098,111,27,5,22,84,73,11,24.324324324324326,4.504504504504505,19.81981981981982,75.67567567567568,65.76576576576578,9.90990990990991
E00037099,253,68,17,51,185,171,14,26.877470355731226,6.719367588932807,20.158102766798418,73.12252964426878,67.58893280632411,5.533596837944664
E00037100,105,24,5,19,81,71,10,22.857142857142858,4.761904761904762,18.095238095238095,77.14285714285715,67.61904761904762,9.523809523809524
E00037101,128,42,13,29,86,74,12,32.8125,10.15625,22.65625,67.1875,57.8125,9.375
E00037102,215,63,15,48,152,125,27,29.30232558139535,6.976744186046512,22.325581395348838,70.69767441860465,58.139534883720934,12.558139534883722
E00037103,148,47,18,29,101,91,10,31.756756756756754,12.162162162162163,19.594594594594593,68.24324324324324,61.48648648648649,6.756756756756757
E00037104,139,45,11,34,94,79,15,32.37410071942446,7.913669064748201,24.46043165467626,67.62589928057554,56.83453237410072,10.79136690647482
E00037105,123,35,5,30,88,81,7,28.455284552845526,4.0650406504065035,24.390243902439025,71.54471544715447,65.85365853658537,5.691056910569105
E00037106,197,56,14,42,141,130,11,28.426395939086298,7.1065989847715745,21.31979695431472,71.57360406091371,65.98984771573603,5.583756345177665
E00037107,145,47,10,37,98,86,12,32.41379310344827,6.896551724137931,25.517241379310345,67.58620689655173,59.310344827586206,8.275862068965518
E00037108,153,47,9,38,106,87,19,30.718954248366014,5.88235294117647,24.836601307189543,69.28104575163398,56.86274509803921,12.418300653594772
E00037109,109,39,12,27,70,64,6,35.77981651376147,11.009174311926607,24.770642201834864,64.22018348623854,58.71559633027523,5.5045871559633035
E00037110,198,58,15,43,140,129,11,29.292929292929294,7.575757575757576,21.71717171717172,70.70707070707071,65.15151515151516,5.555555555555555
E00037111,130,49,13,36,81,68,13,37.69230769230769,10,27.692307692307693,62.30769230769231,52.307692307692314,10
E00037112,85,32,7,25,53,46,7,37.64705882352941,8.235294117647058,29.411764705882355,62.35294117647059,54.11764705882353,8.235294117647058
E00037113,84,33,9,24,51,48,3,39.285714285714285,10.714285714285714,28.57142857142857,60.71428571428571,57.14285714285714,3.571428571428571
E00037114,192,46,13,33,146,123,23,23.958333333333336,6.770833333333333,17.1875,76.04166666666666,64.0625,11.979166666666668
E00037115,108,36,11,25,72,61,11,33.33333333333333,10.185185185185185,23.14814814814815,66.66666666666666,56.481481481481474,10.185185185185185
E00037116,113,36,13,23,77,71,6,31.858407079646017,11.504424778761061,20.353982300884958,68.14159292035397,62.83185840707964,5.3097345132743365
E00037117,114,33,11,22,81,74,7,28.947368421052634,9.649122807017543,19.298245614035086,71.05263157894737,64.91228070175438,6.140350877192982
E00037118,136,37,10,27,99,78,21,27.205882352941174,7.352941176470589,19.852941176470587,72.79411764705883,57.35294117647059,15.441176470588236
E00037119,153,58,21,37,95,83,12,37.908496732026144,13.725490196078432,24.183006535947712,62.091503267973856,54.248366013071895,7.8431372549019605
E00037120,151,45,17,28,106,93,13,29.80132450331126,11.258278145695364,18.543046357615893,70.19867549668875,61.58940397350994,8.609271523178808
E00037121,87,25,4,21,62,56,6,28.735632183908045,4.597701149425287,24.137931034482758,71.26436781609196,64.36781609195403,6.896551724137931
E00037122,117,36,11,25,81,72,9,30.76923076923077,9.401709401709402,21.367521367521366,69.23076923076923,61.53846153846154,7.6923076923076925
E00037123,110,34,11,23,76,71,5,30.909090909090907,10,20.909090909090907,69.0909090909091,64.54545454545455,4.545454545454546
E00037124,90,26,10,16,64,54,10,28.888888888888886,11.11111111111111,17.77777777777778,71.11111111111111,60,11.11111111111111
E00037125,99,32,11,21,67,57,10,32.323232323232325,11.11111111111111,21.21212121212121,67.67676767676768,57.57575757575758,10.1010101010101
E00037126,156,38,16,22,118,103,15,24.358974358974358,10.256410256410255,14.102564102564102,75.64102564102564,66.02564102564102,9.615384615384617
E00037127,118,37,6,31,81,76,5,31.35593220338983,5.084745762711865,26.27118644067797,68.64406779661016,64.40677966101694,4.23728813559322
E00037128,128,34,12,22,94,83,11,26.5625,9.375,17.1875,73.4375,64.84375,8.59375
E00037129,116,42,11,31,74,62,12,36.206896551724135,9.482758620689655,26.72413793103448,63.793103448275865,53.44827586206896,10.344827586206897
E00037130,101,21,8,13,80,65,15,20.792079207920793,7.920792079207921,12.871287128712872,79.20792079207921,64.35643564356435,14.85148514851485
E00037131,89,31,8,23,58,50,8,34.831460674157306,8.98876404494382,25.842696629213485,65.1685393258427,56.17977528089888,8.98876404494382
E00037132,118,35,11,24,83,68,15,29.66101694915254,9.322033898305085,20.33898305084746,70.33898305084746,57.6271186440678,12.711864406779661
E00037133,126,40,10,30,86,66,20,31.746031746031743,7.936507936507936,23.809523809523807,68.25396825396825,52.38095238095239,15.873015873015872
E00037134,161,46,16,30,115,104,11,28.57142857142857,9.937888198757763,18.633540372670808,71.42857142857143,64.59627329192547,6.832298136645963
E00037135,97,31,6,25,66,59,7,31.958762886597935,6.185567010309279,25.773195876288657,68.04123711340206,60.824742268041234,7.216494845360824
E00037136,178,67,24,43,111,87,24,37.640449438202246,13.48314606741573,24.15730337078652,62.35955056179775,48.87640449438202,13.48314606741573
E00037137,79,23,3,20,56,51,5,29.11392405063291,3.79746835443038,25.31645569620253,70.88607594936708,64.55696202531645,6.329113924050633
E00037138,114,30,8,22,84,75,9,26.31578947368421,7.017543859649122,19.298245614035086,73.68421052631578,65.78947368421053,7.894736842105263
E00037139,54,16,6,10,38,32,6,29.629629629629626,11.11111111111111,18.51851851851852,70.37037037037037,59.25925925925925,11.11111111111111
E00037140,125,39,6,33,86,75,11,31.2,4.8,26.400000000000002,68.8,60,8.799999999999999
E00037141,194,65,22,43,129,117,12,33.50515463917525,11.34020618556701,22.164948453608247,66.49484536082474,60.30927835051546,6.185567010309279
E00037142,294,90,29,61,204,173,31,30.612244897959183,9.863945578231291,20.74829931972789,69.38775510204081,58.843537414965986,10.54421768707483
E00037143,211,63,21,42,148,121,27,29.85781990521327,9.95260663507109,19.90521327014218,70.14218009478674,57.345971563981045,12.796208530805686
E00037145,128,33,3,30,95,80,15,25.78125,2.34375,23.4375,74.21875,62.5,11.71875
E00037146,50,14,6,8,36,32,4,28.000000000000004,12,16,72,64,8
E00037147,262,63,21,42,199,171,28,24.045801526717558,8.015267175572518,16.030534351145036,75.95419847328245,65.2671755725191,10.687022900763358
E00037149,134,37,13,24,97,85,12,27.611940298507463,9.701492537313433,17.91044776119403,72.38805970149254,63.43283582089553,8.955223880597014
E00037150,261,66,16,50,195,175,20,25.287356321839084,6.130268199233716,19.157088122605366,74.71264367816092,67.04980842911877,7.662835249042145
E00037151,104,34,10,24,70,62,8,32.69230769230769,9.615384615384617,23.076923076923077,67.3076923076923,59.61538461538461,7.6923076923076925
E00037152,121,31,12,19,90,73,17,25.6198347107438,9.917355371900827,15.702479338842975,74.3801652892562,60.33057851239669,14.049586776859504
E00037153,137,49,17,32,88,78,10,35.76642335766424,12.408759124087592,23.357664233576642,64.23357664233576,56.934306569343065,7.2992700729927
E00037154,145,36,11,25,109,96,13,24.82758620689655,7.586206896551724,17.24137931034483,75.17241379310344,66.20689655172414,8.96551724137931
E00037155,83,27,6,21,56,49,7,32.53012048192771,7.228915662650602,25.301204819277107,67.46987951807229,59.036144578313255,8.433734939759036
E00037156,207,59,16,43,148,123,25,28.502415458937197,7.729468599033816,20.77294685990338,71.49758454106279,59.42028985507246,12.077294685990339
E00037157,196,47,16,31,149,140,9,23.97959183673469,8.16326530612245,15.816326530612246,76.0204081632653,71.42857142857143,4.591836734693878
E00037158,78,18,5,13,60,52,8,23.076923076923077,6.41025641025641,16.666666666666664,76.92307692307693,66.66666666666666,10.256410256410255
E00037159,221,60,19,41,161,139,22,27.149321266968325,8.597285067873303,18.552036199095024,72.85067873303167,62.89592760180995,9.95475113122172
E00037160,319,96,22,74,223,186,37,30.094043887147336,6.896551724137931,23.197492163009404,69.90595611285266,58.307210031347964,11.598746081504702
E00037161,77,23,5,18,54,50,4,29.87012987012987,6.493506493506493,23.376623376623375,70.12987012987013,64.93506493506493,5.194805194805195
E00037162,187,49,18,31,138,110,28,26.203208556149733,9.62566844919786,16.577540106951872,73.79679144385027,58.82352941176471,14.973262032085561
E00037163,153,51,16,35,102,92,10,33.33333333333333,10.457516339869281,22.875816993464053,66.66666666666666,60.130718954248366,6.535947712418301
E00037164,118,31,8,23,87,72,15,26.27118644067797,6.779661016949152,19.491525423728813,73.72881355932203,61.016949152542374,12.711864406779661
E00037165,260,63,15,48,197,171,26,24.23076923076923,5.769230769230769,18.461538461538463,75.76923076923077,65.76923076923077,10
E00037166,180,49,10,39,131,112,19,27.22222222222222,5.555555555555555,21.666666666666668,72.77777777777777,62.22222222222222,10.555555555555555
E00037167,141,42,11,31,99,93,6,29.78723404255319,7.801418439716312,21.98581560283688,70.2127659574468,65.95744680851064,4.25531914893617
E00037168,111,33,12,21,78,72,6,29.72972972972973,10.81081081081081,18.91891891891892,70.27027027027027,64.86486486486487,5.405405405405405
E00037169,133,21,5,16,112,101,11,15.789473684210526,3.7593984962406015,12.030075187969924,84.21052631578947,75.93984962406014,8.270676691729323
E00037170,91,25,9,16,66,59,7,27.472527472527474,9.89010989010989,17.582417582417584,72.52747252747253,64.83516483516483,7.6923076923076925
E00037171,116,28,10,18,88,76,12,24.137931034482758,8.620689655172415,15.517241379310345,75.86206896551724,65.51724137931035,10.344827586206897
E00037172,140,40,13,27,100,88,12,28.57142857142857,9.285714285714286,19.28571428571429,71.42857142857143,62.857142857142854,8.571428571428571
E00037173,136,42,8,34,94,79,15,30.88235294117647,5.88235294117647,25,69.11764705882352,58.08823529411765,11.029411764705882
E00037174,159,34,9,25,125,114,11,21.38364779874214,5.660377358490567,15.723270440251572,78.61635220125787,71.69811320754717,6.918238993710692
E00037175,136,34,7,27,102,93,9,25,5.147058823529411,19.852941176470587,75,68.38235294117648,6.61764705882353
E00037176,164,40,10,30,124,114,10,24.390243902439025,6.097560975609756,18.29268292682927,75.60975609756098,69.51219512195121,6.097560975609756
E00037177,160,26,7,19,134,121,13,16.25,4.375,11.875,83.75,75.625,8.125
E00037178,158,48,10,38,110,89,21,30.37974683544304,6.329113924050633,24.050632911392405,69.62025316455697,56.32911392405063,13.291139240506327
E00037179,131,35,4,31,96,83,13,26.717557251908396,3.0534351145038165,23.66412213740458,73.2824427480916,63.358778625954194,9.923664122137405
E00037181,69,21,5,16,48,34,14,30.434782608695656,7.246376811594203,23.18840579710145,69.56521739130434,49.275362318840585,20.28985507246377
E00037182,141,29,10,19,112,99,13,20.56737588652482,7.092198581560284,13.47517730496454,79.43262411347519,70.2127659574468,9.219858156028367
E00037183,172,41,6,35,131,115,16,23.837209302325583,3.488372093023256,20.348837209302324,76.16279069767442,66.86046511627907,9.30232558139535
E00037184,170,40,9,31,130,119,11,23.52941176470588,5.294117647058823,18.235294117647058,76.47058823529412,70,6.470588235294119
E00037186,120,29,9,20,91,81,10,24.166666666666668,7.5,16.666666666666664,75.83333333333333,67.5,8.333333333333332
E00037187,108,29,6,23,79,72,7,26.851851851851855,5.555555555555555,21.296296296296298,73.14814814814815,66.66666666666666,6.481481481481481
E00037188,32,9,0,9,23,22,1,28.125,0,28.125,71.875,68.75,3.125
E00037189,146,45,13,32,101,91,10,30.82191780821918,8.904109589041095,21.91780821917808,69.17808219178082,62.328767123287676,6.8493150684931505
E00037190,21,5,0,5,16,15,1,23.809523809523807,0,23.809523809523807,76.19047619047619,71.42857142857143,4.761904761904762
E00037191,88,16,4,12,72,65,7,18.181818181818183,4.545454545454546,13.636363636363635,81.81818181818183,73.86363636363636,7.954545454545454
E00037192,189,50,11,39,139,126,13,26.455026455026452,5.82010582010582,20.634920634920633,73.54497354497354,66.66666666666666,6.878306878306878
E00037193,167,40,13,27,127,111,16,23.952095808383234,7.784431137724551,16.16766467065868,76.04790419161677,66.46706586826348,9.580838323353294
E00037194,168,42,10,32,126,117,9,25,5.952380952380952,19.047619047619047,75,69.64285714285714,5.357142857142857
E00037195,199,58,14,44,141,121,20,29.145728643216078,7.035175879396985,22.110552763819097,70.85427135678391,60.80402010050251,10.050251256281408
E00037196,145,45,13,32,100,91,9,31.03448275862069,8.96551724137931,22.06896551724138,68.96551724137932,62.758620689655174,6.206896551724138
E00037197,77,20,4,16,57,48,9,25.97402597402597,5.194805194805195,20.77922077922078,74.02597402597402,62.33766233766234,11.688311688311687
E00037198,107,21,3,18,86,77,9,19.626168224299064,2.803738317757009,16.822429906542055,80.37383177570094,71.96261682242991,8.411214953271028
E00037199,131,28,6,22,103,94,9,21.374045801526716,4.580152671755725,16.793893129770993,78.62595419847328,71.7557251908397,6.870229007633588
E00037200,117,32,10,22,85,70,15,27.350427350427353,8.547008547008547,18.803418803418804,72.64957264957265,59.82905982905983,12.82051282051282
E00037201,124,34,14,20,90,77,13,27.419354838709676,11.29032258064516,16.129032258064516,72.58064516129032,62.096774193548384,10.483870967741936
E00037202,152,44,17,27,108,98,10,28.947368421052634,11.18421052631579,17.763157894736842,71.05263157894737,64.47368421052632,6.578947368421052
E00037203,124,28,8,20,96,89,7,22.58064516129032,6.451612903225806,16.129032258064516,77.41935483870968,71.7741935483871,5.64516129032258
E00037204,109,38,9,29,71,64,7,34.862385321100916,8.256880733944955,26.605504587155966,65.13761467889908,58.71559633027523,6.422018348623854
E00037205,147,52,16,36,95,82,13,35.374149659863946,10.884353741496598,24.489795918367346,64.62585034013605,55.78231292517006,8.843537414965986
E00037206,159,46,12,34,113,96,17,28.930817610062892,7.547169811320755,21.38364779874214,71.0691823899371,60.37735849056604,10.69182389937107
E00037207,153,37,10,27,116,106,10,24.183006535947712,6.535947712418301,17.647058823529413,75.81699346405229,69.28104575163398,6.535947712418301
E00037208,223,58,16,42,165,141,24,26.00896860986547,7.174887892376682,18.83408071748879,73.99103139013454,63.22869955156951,10.762331838565023
E00037209,18,6,2,4,12,11,1,33.33333333333333,11.11111111111111,22.22222222222222,66.66666666666666,61.111111111111114,5.555555555555555
E00037210,123,39,13,26,84,74,10,31.70731707317073,10.569105691056912,21.138211382113823,68.29268292682927,60.16260162601627,8.130081300813007
E00037211,133,34,11,23,99,86,13,25.563909774436087,8.270676691729323,17.293233082706767,74.43609022556392,64.66165413533834,9.774436090225564
E00037212,111,24,5,19,87,77,10,21.62162162162162,4.504504504504505,17.117117117117118,78.37837837837837,69.36936936936937,9.00900900900901
E00037213,101,23,5,18,78,68,10,22.772277227722775,4.9504950495049505,17.82178217821782,77.22772277227723,67.32673267326733,9.900990099009901
E00037215,98,39,14,25,59,52,7,39.795918367346935,14.285714285714285,25.510204081632654,60.204081632653065,53.06122448979592,7.142857142857142
E00037216,89,27,8,19,62,53,9,30.337078651685395,8.98876404494382,21.34831460674157,69.66292134831461,59.55056179775281,10.112359550561797
E00037217,136,36,12,24,100,82,18,26.47058823529412,8.823529411764707,17.647058823529413,73.52941176470588,60.29411764705882,13.23529411764706
E00037218,154,60,11,49,94,82,12,38.961038961038966,7.142857142857142,31.818181818181817,61.038961038961034,53.246753246753244,7.792207792207792
E00037219,158,48,16,32,110,98,12,30.37974683544304,10.126582278481013,20.253164556962027,69.62025316455697,62.0253164556962,7.59493670886076
E00037220,156,46,18,28,110,91,19,29.48717948717949,11.538461538461538,17.94871794871795,70.51282051282051,58.333333333333336,12.179487179487179
E00037221,217,56,9,47,161,132,29,25.806451612903224,4.147465437788019,21.658986175115206,74.19354838709677,60.82949308755761,13.36405529953917
E00037222,205,64,15,49,141,117,24,31.21951219512195,7.317073170731707,23.902439024390244,68.78048780487805,57.073170731707314,11.707317073170733
E00037223,268,71,21,50,197,169,28,26.492537313432834,7.835820895522389,18.65671641791045,73.50746268656717,63.059701492537314,10.44776119402985
E00037224,153,50,10,40,103,84,19,32.6797385620915,6.535947712418301,26.143790849673206,67.3202614379085,54.90196078431373,12.418300653594772
E00037225,347,78,13,65,269,224,45,22.478386167146976,3.7463976945244957,18.73198847262248,77.52161383285303,64.55331412103746,12.968299711815561
E00037226,137,49,20,29,88,77,11,35.76642335766424,14.5985401459854,21.16788321167883,64.23357664233576,56.20437956204379,8.02919708029197
E00037227,184,42,11,31,142,127,15,22.82608695652174,5.978260869565218,16.847826086956523,77.17391304347827,69.02173913043478,8.152173913043478
E00037228,127,41,11,30,86,72,14,32.28346456692913,8.661417322834646,23.62204724409449,67.71653543307087,56.69291338582677,11.023622047244094
E00037229,110,37,12,25,73,67,6,33.63636363636363,10.909090909090908,22.727272727272727,66.36363636363637,60.909090909090914,5.454545454545454
E00037230,137,50,7,43,87,78,9,36.496350364963504,5.109489051094891,31.386861313868614,63.503649635036496,56.934306569343065,6.569343065693431
E00037231,69,17,3,14,52,48,4,24.637681159420293,4.3478260869565215,20.28985507246377,75.36231884057972,69.56521739130434,5.797101449275362
E00037232,117,43,14,29,74,60,14,36.75213675213676,11.965811965811966,24.786324786324787,63.24786324786324,51.28205128205128,11.965811965811966
E00037233,162,58,16,42,104,94,10,35.80246913580247,9.876543209876543,25.925925925925924,64.19753086419753,58.0246913580247,6.172839506172839
E00037234,152,40,14,26,112,102,10,26.31578947368421,9.210526315789473,17.105263157894736,73.68421052631578,67.10526315789474,6.578947368421052
E00037235,165,43,12,31,122,108,14,26.060606060606062,7.2727272727272725,18.787878787878785,73.93939393939394,65.45454545454545,8.484848484848486
E00037236,150,49,11,38,101,84,17,32.666666666666664,7.333333333333333,25.333333333333336,67.33333333333333,56.00000000000001,11.333333333333332
E00037237,162,44,11,33,118,100,18,27.160493827160494,6.790123456790123,20.37037037037037,72.8395061728395,61.72839506172839,11.11111111111111
E00037238,94,33,6,27,61,51,10,35.1063829787234,6.382978723404255,28.723404255319153,64.8936170212766,54.25531914893617,10.638297872340425
E00037239,177,53,13,40,124,103,21,29.943502824858758,7.344632768361582,22.598870056497177,70.05649717514125,58.19209039548022,11.864406779661017
E00037240,100,33,8,25,67,58,9,33,8,25,67,57.99999999999999,9
E00037241,98,31,12,19,67,59,8,31.63265306122449,12.244897959183673,19.387755102040817,68.36734693877551,60.204081632653065,8.16326530612245
E00037242,104,27,9,18,77,69,8,25.961538461538463,8.653846153846153,17.307692307692307,74.03846153846155,66.34615384615384,7.6923076923076925
E00037243,183,51,9,42,132,117,15,27.86885245901639,4.918032786885246,22.950819672131146,72.1311475409836,63.934426229508205,8.19672131147541
E00037244,84,27,8,19,57,46,11,32.142857142857146,9.523809523809524,22.61904761904762,67.85714285714286,54.761904761904766,13.095238095238097
E00037245,85,23,4,19,62,53,9,27.058823529411764,4.705882352941177,22.35294117647059,72.94117647058823,62.35294117647059,10.588235294117647
E00037246,100,28,6,22,72,63,9,28.000000000000004,6,22,72,63,9
E00037247,177,49,19,30,128,115,13,27.683615819209038,10.734463276836157,16.94915254237288,72.31638418079096,64.97175141242938,7.344632768361582
E00037248,104,31,6,25,73,66,7,29.807692307692307,5.769230769230769,24.03846153846154,70.1923076923077,63.46153846153846,6.730769230769231
E00037249,126,29,9,20,97,86,11,23.015873015873016,7.142857142857142,15.873015873015872,76.98412698412699,68.25396825396825,8.73015873015873
E00037250,137,27,5,22,110,96,14,19.708029197080293,3.64963503649635,16.05839416058394,80.2919708029197,70.07299270072993,10.218978102189782
E00037251,149,40,9,31,109,101,8,26.845637583892618,6.0402684563758395,20.80536912751678,73.15436241610739,67.78523489932886,5.369127516778524
E00037252,119,31,8,23,88,72,16,26.05042016806723,6.722689075630252,19.327731092436977,73.94957983193278,60.50420168067227,13.445378151260504
E00037253,129,39,9,30,90,76,14,30.23255813953488,6.976744186046512,23.25581395348837,69.76744186046511,58.91472868217055,10.852713178294573
E00037254,132,20,6,14,112,96,16,15.151515151515152,4.545454545454546,10.606060606060606,84.84848484848484,72.72727272727273,12.121212121212121
E00037255,182,59,16,43,123,110,13,32.417582417582416,8.791208791208792,23.626373626373624,67.58241758241759,60.43956043956044,7.142857142857142
E00037256,124,43,13,30,81,69,12,34.67741935483871,10.483870967741936,24.193548387096776,65.32258064516128,55.64516129032258,9.67741935483871
E00037257,171,50,20,30,121,104,17,29.239766081871345,11.695906432748536,17.543859649122805,70.76023391812866,60.81871345029239,9.941520467836257
E00037258,126,47,10,37,79,70,9,37.301587301587304,7.936507936507936,29.365079365079367,62.698412698412696,55.55555555555556,7.142857142857142
E00037259,114,26,5,21,88,75,13,22.807017543859647,4.385964912280701,18.421052631578945,77.19298245614034,65.78947368421053,11.403508771929824
E00037260,81,27,8,19,54,46,8,33.33333333333333,9.876543209876543,23.456790123456788,66.66666666666666,56.79012345679012,9.876543209876543
E00037261,109,30,12,18,79,64,15,27.522935779816514,11.009174311926607,16.51376146788991,72.47706422018348,58.71559633027523,13.761467889908257
E00037262,121,38,8,30,83,69,14,31.40495867768595,6.6115702479338845,24.793388429752067,68.59504132231406,57.02479338842975,11.570247933884298
E00037263,152,48,10,38,104,86,18,31.57894736842105,6.578947368421052,25,68.42105263157895,56.57894736842105,11.842105263157894
E00037264,83,28,9,19,55,37,18,33.734939759036145,10.843373493975903,22.89156626506024,66.26506024096386,44.57831325301205,21.686746987951807
E00037265,108,40,10,30,68,57,11,37.03703703703704,9.25925925925926,27.77777777777778,62.96296296296296,52.77777777777778,10.185185185185185
E00037266,195,56,16,40,139,116,23,28.717948717948715,8.205128205128204,20.51282051282051,71.28205128205128,59.48717948717949,11.794871794871794
E00037267,109,27,8,19,82,72,10,24.770642201834864,7.339449541284404,17.431192660550458,75.22935779816514,66.05504587155964,9.174311926605505
E00037268,105,25,4,21,80,73,7,23.809523809523807,3.8095238095238098,20,76.19047619047619,69.52380952380952,6.666666666666667
E00037269,89,23,4,19,66,53,13,25.842696629213485,4.49438202247191,21.34831460674157,74.15730337078652,59.55056179775281,14.606741573033707
E00037270,140,40,18,22,100,81,19,28.57142857142857,12.857142857142856,15.714285714285714,71.42857142857143,57.85714285714286,13.571428571428571
E00037271,204,60,19,41,144,124,20,29.411764705882355,9.313725490196079,20.098039215686274,70.58823529411765,60.78431372549019,9.803921568627452
E00037272,117,32,11,21,85,71,14,27.350427350427353,9.401709401709402,17.94871794871795,72.64957264957265,60.68376068376068,11.965811965811966
E00037273,137,45,11,34,92,72,20,32.846715328467155,8.02919708029197,24.817518248175183,67.15328467153284,52.55474452554745,14.5985401459854
E00037274,110,35,9,26,75,66,9,31.818181818181817,8.181818181818182,23.636363636363637,68.18181818181817,60,8.181818181818182
E00037275,82,26,13,13,56,47,9,31.70731707317073,15.853658536585366,15.853658536585366,68.29268292682927,57.3170731707317,10.975609756097562
E00037276,172,49,13,36,123,109,14,28.488372093023255,7.55813953488372,20.930232558139537,71.51162790697676,63.372093023255815,8.13953488372093
E00037277,124,40,14,26,84,69,15,32.25806451612903,11.29032258064516,20.967741935483872,67.74193548387096,55.64516129032258,12.096774193548388
E00037278,145,36,12,24,109,87,22,24.82758620689655,8.275862068965518,16.551724137931036,75.17241379310344,60,15.172413793103448
E00037279,174,34,8,26,140,120,20,19.54022988505747,4.597701149425287,14.942528735632186,80.45977011494253,68.96551724137932,11.494252873563218
E00037280,188,47,14,33,141,124,17,25,7.446808510638298,17.5531914893617,75,65.95744680851064,9.042553191489363
E00037281,102,28,9,19,74,63,11,27.450980392156865,8.823529411764707,18.627450980392158,72.54901960784314,61.76470588235294,10.784313725490197
E00037282,120,34,9,25,86,74,12,28.333333333333332,7.5,20.833333333333336,71.66666666666667,61.66666666666667,10
E00037283,80,28,10,18,52,50,2,35,12.5,22.5,65,62.5,2.5
E00037284,136,37,9,28,99,83,16,27.205882352941174,6.61764705882353,20.588235294117645,72.79411764705883,61.029411764705884,11.76470588235294
E00037285,118,35,11,24,83,70,13,29.66101694915254,9.322033898305085,20.33898305084746,70.33898305084746,59.32203389830508,11.016949152542372
E00037286,130,46,14,32,84,74,10,35.38461538461539,10.76923076923077,24.615384615384617,64.61538461538461,56.92307692307692,7.6923076923076925
E00037287,162,41,11,30,121,99,22,25.308641975308642,6.790123456790123,18.51851851851852,74.69135802469135,61.111111111111114,13.580246913580247
E00037288,149,52,20,32,97,83,14,34.899328859060404,13.422818791946309,21.476510067114095,65.1006711409396,55.70469798657718,9.395973154362416
E00037289,140,35,8,27,105,92,13,25,5.714285714285714,19.28571428571429,75,65.71428571428571,9.285714285714286
E00037290,146,40,11,29,106,91,15,27.397260273972602,7.534246575342466,19.863013698630137,72.6027397260274,62.328767123287676,10.273972602739725
E00037291,127,48,16,32,79,68,11,37.79527559055118,12.598425196850393,25.196850393700785,62.20472440944882,53.54330708661418,8.661417322834646
E00037292,120,36,12,24,84,77,7,30,10,20,70,64.16666666666667,5.833333333333333
E00037293,107,32,10,22,75,65,10,29.906542056074763,9.345794392523365,20.5607476635514,70.09345794392523,60.747663551401864,9.345794392523365
E00037294,117,30,11,19,87,76,11,25.64102564102564,9.401709401709402,16.23931623931624,74.35897435897436,64.95726495726495,9.401709401709402
E00037295,182,39,10,29,143,122,21,21.428571428571427,5.4945054945054945,15.934065934065933,78.57142857142857,67.03296703296702,11.538461538461538
E00037296,67,18,4,14,49,45,4,26.865671641791046,5.970149253731343,20.8955223880597,73.13432835820896,67.16417910447761,5.970149253731343
E00037297,119,21,7,14,98,87,11,17.647058823529413,5.88235294117647,11.76470588235294,82.35294117647058,73.10924369747899,9.243697478991598
E00037298,113,28,11,17,85,81,4,24.778761061946902,9.734513274336283,15.04424778761062,75.22123893805309,71.68141592920354,3.5398230088495577
E00037299,155,48,14,34,107,92,15,30.967741935483872,9.032258064516128,21.935483870967744,69.03225806451613,59.354838709677416,9.67741935483871
E00037300,88,31,10,21,57,48,9,35.22727272727273,11.363636363636363,23.863636363636363,64.77272727272727,54.54545454545454,10.227272727272728
E00037301,174,47,12,35,127,115,12,27.011494252873565,6.896551724137931,20.114942528735632,72.98850574712644,66.0919540229885,6.896551724137931
E00037302,142,29,8,21,113,99,14,20.422535211267608,5.633802816901409,14.788732394366196,79.5774647887324,69.71830985915493,9.859154929577464
E00037303,109,29,6,23,80,69,11,26.605504587155966,5.5045871559633035,21.100917431192663,73.39449541284404,63.30275229357798,10.091743119266056
E00037304,94,30,8,22,64,56,8,31.914893617021278,8.51063829787234,23.404255319148938,68.08510638297872,59.57446808510638,8.51063829787234
E00037305,186,48,9,39,138,118,20,25.806451612903224,4.838709677419355,20.967741935483872,74.19354838709677,63.44086021505376,10.75268817204301
E00037306,136,39,13,26,97,80,17,28.676470588235293,9.558823529411764,19.11764705882353,71.32352941176471,58.82352941176471,12.5
E00037307,124,36,8,28,88,83,5,29.03225806451613,6.451612903225806,22.58064516129032,70.96774193548387,66.93548387096774,4.032258064516129
E00037309,167,49,15,34,118,96,22,29.34131736526946,8.982035928143713,20.359281437125748,70.65868263473054,57.48502994011976,13.17365269461078
E00037310,128,40,9,31,88,78,10,31.25,7.03125,24.21875,68.75,60.9375,7.8125
E00037311,123,38,14,24,85,65,20,30.89430894308943,11.38211382113821,19.51219512195122,69.10569105691057,52.84552845528455,16.260162601626014
E00037312,176,59,21,38,117,99,18,33.52272727272727,11.931818181818182,21.59090909090909,66.47727272727273,56.25,10.227272727272728
E00037313,175,43,10,33,132,113,19,24.571428571428573,5.714285714285714,18.857142857142858,75.42857142857143,64.57142857142857,10.857142857142858
E00037314,119,38,14,24,81,72,9,31.932773109243694,11.76470588235294,20.168067226890756,68.0672268907563,60.50420168067227,7.563025210084033
E00037315,103,30,8,22,73,62,11,29.126213592233007,7.766990291262135,21.35922330097087,70.87378640776699,60.19417475728155,10.679611650485436
E00037316,138,45,12,33,93,81,12,32.608695652173914,8.695652173913043,23.91304347826087,67.3913043478261,58.69565217391305,8.695652173913043
E00037317,123,32,9,23,91,73,18,26.01626016260163,7.317073170731707,18.69918699186992,73.98373983739837,59.34959349593496,14.634146341463413
E00037318,146,42,11,31,104,90,14,28.767123287671232,7.534246575342466,21.232876712328768,71.23287671232876,61.64383561643836,9.58904109589041
E00037320,82,31,11,20,51,46,5,37.80487804878049,13.414634146341465,24.390243902439025,62.19512195121951,56.09756097560976,6.097560975609756
E00037321,125,31,10,21,94,80,14,24.8,8,16.8,75.2,64,11.200000000000001
E00037322,127,41,8,33,86,74,12,32.28346456692913,6.299212598425196,25.984251968503933,67.71653543307087,58.26771653543307,9.448818897637794
E00037323,112,36,9,27,76,62,14,32.142857142857146,8.035714285714286,24.107142857142858,67.85714285714286,55.35714285714286,12.5
E00037324,80,23,8,15,57,50,7,28.749999999999996,10,18.75,71.25,62.5,8.75
E00037327,113,34,8,26,79,65,14,30.08849557522124,7.079646017699115,23.008849557522122,69.91150442477876,57.52212389380531,12.389380530973451
E00037328,192,62,17,45,130,121,9,32.29166666666667,8.854166666666668,23.4375,67.70833333333334,63.020833333333336,4.6875
E00037329,105,35,14,21,70,64,6,33.33333333333333,13.333333333333334,20,66.66666666666666,60.952380952380956,5.714285714285714
E00037330,84,23,7,16,61,57,4,27.380952380952383,8.333333333333332,19.047619047619047,72.61904761904762,67.85714285714286,4.761904761904762
E00037331,99,32,8,24,67,58,9,32.323232323232325,8.080808080808081,24.242424242424242,67.67676767676768,58.58585858585859,9.090909090909092
E00037332,97,28,9,19,69,66,3,28.865979381443296,9.278350515463918,19.587628865979383,71.1340206185567,68.04123711340206,3.0927835051546393
E00037333,103,23,11,12,80,71,9,22.330097087378643,10.679611650485436,11.650485436893204,77.66990291262135,68.93203883495146,8.737864077669903
E00037334,91,29,5,24,62,57,5,31.868131868131865,5.4945054945054945,26.373626373626376,68.13186813186813,62.637362637362635,5.4945054945054945
E00037336,162,42,19,23,120,101,19,25.925925925925924,11.728395061728394,14.19753086419753,74.07407407407408,62.34567901234568,11.728395061728394
E00037337,116,40,8,32,76,63,13,34.48275862068966,6.896551724137931,27.586206896551722,65.51724137931035,54.310344827586206,11.206896551724139
E00037338,128,30,9,21,98,92,6,23.4375,7.03125,16.40625,76.5625,71.875,4.6875
E00037339,142,32,6,26,110,96,14,22.535211267605636,4.225352112676056,18.30985915492958,77.46478873239437,67.6056338028169,9.859154929577464
E00037340,141,52,16,36,89,80,9,36.87943262411347,11.347517730496454,25.53191489361702,63.12056737588653,56.73758865248227,6.382978723404255
E00037341,126,35,13,22,91,77,14,27.77777777777778,10.317460317460316,17.46031746031746,72.22222222222221,61.111111111111114,11.11111111111111
E00037342,45,12,3,9,33,27,6,26.666666666666668,6.666666666666667,20,73.33333333333333,60,13.333333333333334
E00037343,134,49,9,40,85,74,11,36.56716417910448,6.7164179104477615,29.850746268656714,63.43283582089553,55.223880597014926,8.208955223880597
E00037344,125,31,5,26,94,79,15,24.8,4,20.8,75.2,63.2,12
E00037345,153,36,7,29,117,102,15,23.52941176470588,4.57516339869281,18.954248366013072,76.47058823529412,66.66666666666666,9.803921568627452
E00037346,173,41,10,31,132,108,24,23.699421965317917,5.780346820809249,17.91907514450867,76.30057803468208,62.42774566473989,13.872832369942195
E00037348,141,38,9,29,103,94,9,26.95035460992908,6.382978723404255,20.56737588652482,73.04964539007092,66.66666666666666,6.382978723404255
E00037349,228,69,15,54,159,132,27,30.263157894736842,6.578947368421052,23.684210526315788,69.73684210526315,57.89473684210527,11.842105263157894
E00037351,104,27,8,19,77,65,12,25.961538461538463,7.6923076923076925,18.269230769230766,74.03846153846155,62.5,11.538461538461538
E00037352,130,40,7,33,90,75,15,30.76923076923077,5.384615384615385,25.384615384615383,69.23076923076923,57.692307692307686,11.538461538461538
E00037353,106,28,10,18,78,65,13,26.41509433962264,9.433962264150944,16.9811320754717,73.58490566037736,61.32075471698113,12.264150943396226
E00037354,85,34,11,23,51,42,9,40,12.941176470588237,27.058823529411764,60,49.411764705882355,10.588235294117647
E00037355,129,46,13,33,83,70,13,35.65891472868217,10.077519379844961,25.581395348837212,64.34108527131784,54.263565891472865,10.077519379844961
E00037356,125,31,10,21,94,85,9,24.8,8,16.8,75.2,68,7.199999999999999
E00037357,97,25,8,17,72,62,10,25.773195876288657,8.24742268041237,17.525773195876287,74.22680412371135,63.91752577319587,10.309278350515463
E00037358,154,47,11,36,107,91,16,30.519480519480517,7.142857142857142,23.376623376623375,69.48051948051948,59.09090909090909,10.38961038961039
E00037359,62,19,8,11,43,33,10,30.64516129032258,12.903225806451612,17.741935483870968,69.35483870967742,53.2258064516129,16.129032258064516
E00037360,66,20,5,15,46,41,5,30.303030303030305,7.575757575757576,22.727272727272727,69.6969696969697,62.121212121212125,7.575757575757576
E00037362,99,31,13,18,68,55,13,31.313131313131315,13.131313131313133,18.181818181818183,68.68686868686868,55.55555555555556,13.131313131313133
E00037363,42,16,9,7,26,21,5,38.095238095238095,21.428571428571427,16.666666666666664,61.904761904761905,50,11.904761904761903
E00037364,112,32,9,23,80,71,9,28.57142857142857,8.035714285714286,20.535714285714285,71.42857142857143,63.39285714285714,8.035714285714286
E00037365,155,51,18,33,104,92,12,32.903225806451616,11.612903225806452,21.29032258064516,67.0967741935484,59.354838709677416,7.741935483870968
E00037366,78,29,8,21,49,45,4,37.17948717948718,10.256410256410255,26.923076923076923,62.82051282051282,57.692307692307686,5.128205128205128
E00037367,99,22,5,17,77,63,14,22.22222222222222,5.05050505050505,17.17171717171717,77.77777777777779,63.63636363636363,14.14141414141414
E00037368,106,35,12,23,71,61,10,33.0188679245283,11.320754716981133,21.69811320754717,66.98113207547169,57.54716981132076,9.433962264150944
E00037369,263,83,24,59,180,160,20,31.55893536121673,9.125475285171103,22.433460076045627,68.44106463878326,60.836501901140686,7.604562737642586
E00037370,133,35,9,26,98,83,15,26.31578947368421,6.7669172932330826,19.548872180451127,73.68421052631578,62.40601503759399,11.278195488721805
E00037371,144,39,13,26,105,89,16,27.083333333333332,9.027777777777777,18.055555555555554,72.91666666666666,61.80555555555556,11.11111111111111
E00037372,161,51,17,34,110,93,17,31.67701863354037,10.559006211180124,21.11801242236025,68.32298136645963,57.7639751552795,10.559006211180124
E00037373,133,33,8,25,100,89,11,24.81203007518797,6.015037593984962,18.796992481203006,75.18796992481202,66.9172932330827,8.270676691729323
E00037374,134,33,8,25,101,94,7,24.62686567164179,5.970149253731343,18.65671641791045,75.3731343283582,70.1492537313433,5.223880597014925
E00037375,33,11,8,3,22,21,1,33.33333333333333,24.242424242424242,9.090909090909092,66.66666666666666,63.63636363636363,3.0303030303030303
E00037376,83,17,2,15,66,59,7,20.481927710843372,2.4096385542168677,18.072289156626507,79.51807228915662,71.08433734939759,8.433734939759036
E00037377,122,38,11,27,84,78,6,31.147540983606557,9.01639344262295,22.131147540983605,68.85245901639344,63.934426229508205,4.918032786885246
E00037378,126,39,5,34,87,79,8,30.952380952380953,3.968253968253968,26.984126984126984,69.04761904761905,62.698412698412696,6.349206349206349
E00037379,115,41,13,28,74,70,4,35.65217391304348,11.304347826086957,24.347826086956523,64.34782608695652,60.86956521739131,3.4782608695652173
E00037380,96,28,8,20,68,63,5,29.166666666666668,8.333333333333332,20.833333333333336,70.83333333333334,65.625,5.208333333333334
E00037381,99,37,13,24,62,55,7,37.37373737373738,13.131313131313133,24.242424242424242,62.62626262626263,55.55555555555556,7.07070707070707
E00037383,131,39,12,27,92,81,11,29.770992366412212,9.16030534351145,20.610687022900763,70.22900763358778,61.832061068702295,8.396946564885496
E00037385,118,32,4,28,86,71,15,27.11864406779661,3.389830508474576,23.728813559322035,72.88135593220339,60.16949152542372,12.711864406779661
E00037386,143,53,17,36,90,77,13,37.06293706293706,11.888111888111888,25.174825174825177,62.93706293706294,53.84615384615385,9.090909090909092
E00037387,106,30,9,21,76,69,7,28.30188679245283,8.49056603773585,19.81132075471698,71.69811320754717,65.09433962264151,6.60377358490566
E00037388,102,29,3,26,73,64,9,28.431372549019606,2.941176470588235,25.49019607843137,71.56862745098039,62.745098039215684,8.823529411764707
E00037389,117,39,14,25,78,73,5,33.33333333333333,11.965811965811966,21.367521367521366,66.66666666666666,62.39316239316239,4.273504273504273
E00037390,205,59,22,37,146,136,10,28.780487804878046,10.731707317073171,18.048780487804876,71.21951219512195,66.34146341463415,4.878048780487805
E00037391,55,19,6,13,36,27,9,34.54545454545455,10.909090909090908,23.636363636363637,65.45454545454545,49.09090909090909,16.363636363636363
E00037392,97,37,11,26,60,56,4,38.144329896907216,11.34020618556701,26.804123711340207,61.855670103092784,57.73195876288659,4.123711340206185
E00037393,118,42,8,34,76,55,21,35.59322033898305,6.779661016949152,28.8135593220339,64.40677966101694,46.61016949152542,17.796610169491526
E00037394,131,36,8,28,95,89,6,27.480916030534353,6.106870229007633,21.374045801526716,72.51908396946564,67.93893129770993,4.580152671755725
E00037395,196,66,28,38,130,117,13,33.6734693877551,14.285714285714285,19.387755102040817,66.3265306122449,59.693877551020414,6.63265306122449
E00037396,72,27,8,19,45,36,9,37.5,11.11111111111111,26.38888888888889,62.5,50,12.5
E00037397,193,55,16,39,138,118,20,28.497409326424872,8.290155440414509,20.207253886010363,71.50259067357513,61.13989637305699,10.362694300518134
E00037398,126,38,14,24,88,75,13,30.158730158730158,11.11111111111111,19.047619047619047,69.84126984126983,59.523809523809526,10.317460317460316
E00037399,212,61,27,34,151,126,25,28.77358490566038,12.735849056603774,16.037735849056602,71.22641509433963,59.43396226415094,11.79245283018868
E00037400,149,41,18,23,108,90,18,27.516778523489933,12.080536912751679,15.436241610738255,72.48322147651007,60.40268456375839,12.080536912751679
E00037401,215,62,24,38,153,136,17,28.837209302325583,11.162790697674419,17.674418604651162,71.16279069767441,63.25581395348837,7.906976744186046
E00037402,169,45,5,40,124,108,16,26.627218934911244,2.9585798816568047,23.668639053254438,73.37278106508876,63.905325443786985,9.467455621301776
E00037403,89,29,10,19,60,45,15,32.58426966292135,11.235955056179774,21.34831460674157,67.41573033707866,50.56179775280899,16.853932584269664
E00037404,167,41,16,25,126,106,20,24.550898203592812,9.580838323353294,14.97005988023952,75.44910179640718,63.47305389221557,11.976047904191617
E00037405,150,52,11,41,98,86,12,34.66666666666667,7.333333333333333,27.333333333333332,65.33333333333333,57.333333333333336,8
E00037406,133,45,12,33,88,80,8,33.83458646616541,9.022556390977442,24.81203007518797,66.16541353383458,60.150375939849624,6.015037593984962
E00037407,58,15,3,12,43,41,2,25.862068965517242,5.172413793103448,20.689655172413794,74.13793103448276,70.6896551724138,3.4482758620689653
E00037408,101,34,16,18,67,60,7,33.663366336633665,15.841584158415841,17.82178217821782,66.33663366336634,59.4059405940594,6.9306930693069315
E00037409,87,24,13,11,63,54,9,27.586206896551722,14.942528735632186,12.643678160919542,72.41379310344827,62.06896551724138,10.344827586206897
E00037410,165,53,14,39,112,96,16,32.121212121212125,8.484848484848486,23.636363636363637,67.87878787878789,58.18181818181818,9.696969696969697
E00037411,105,32,7,25,73,64,9,30.476190476190478,6.666666666666667,23.809523809523807,69.52380952380952,60.952380952380956,8.571428571428571
E00037412,107,30,8,22,77,61,16,28.037383177570092,7.476635514018691,20.5607476635514,71.96261682242991,57.009345794392516,14.953271028037381
E00037413,127,36,14,22,91,79,12,28.346456692913385,11.023622047244094,17.322834645669293,71.65354330708661,62.20472440944882,9.448818897637794
E00037414,95,28,7,21,67,55,12,29.47368421052631,7.368421052631578,22.105263157894736,70.52631578947368,57.89473684210527,12.631578947368421
E00037416,246,58,17,41,188,163,25,23.577235772357724,6.910569105691057,16.666666666666664,76.42276422764228,66.26016260162602,10.16260162601626
E00037417,137,36,7,29,101,83,18,26.277372262773724,5.109489051094891,21.16788321167883,73.72262773722628,60.58394160583942,13.138686131386862
E00037418,175,46,15,31,129,108,21,26.285714285714285,8.571428571428571,17.71428571428571,73.71428571428571,61.71428571428571,12
E00037419,213,49,11,38,164,148,16,23.004694835680752,5.164319248826291,17.84037558685446,76.99530516431925,69.48356807511738,7.511737089201878
E00037420,143,34,12,22,109,87,22,23.776223776223777,8.391608391608392,15.384615384615385,76.22377622377621,60.83916083916085,15.384615384615385
E00037421,80,17,5,12,63,53,10,21.25,6.25,15,78.75,66.25,12.5
E00037422,139,42,14,28,97,79,18,30.215827338129497,10.071942446043165,20.14388489208633,69.7841726618705,56.83453237410072,12.949640287769784
E00037423,107,30,9,21,77,63,14,28.037383177570092,8.411214953271028,19.626168224299064,71.96261682242991,58.87850467289719,13.084112149532709
E00037424,97,22,6,16,75,65,10,22.68041237113402,6.185567010309279,16.49484536082474,77.31958762886599,67.0103092783505,10.309278350515463
E00037425,158,48,16,32,110,97,13,30.37974683544304,10.126582278481013,20.253164556962027,69.62025316455697,61.39240506329114,8.227848101265822
E00037426,159,40,13,27,119,104,15,25.157232704402517,8.176100628930817,16.9811320754717,74.84276729559748,65.40880503144653,9.433962264150944
E00037427,214,47,10,37,167,144,23,21.962616822429908,4.672897196261682,17.289719626168225,78.03738317757009,67.28971962616822,10.74766355140187
E00037428,105,33,8,25,72,64,8,31.428571428571427,7.6190476190476195,23.809523809523807,68.57142857142857,60.952380952380956,7.6190476190476195
E00037429,140,40,11,29,100,88,12,28.57142857142857,7.857142857142857,20.714285714285715,71.42857142857143,62.857142857142854,8.571428571428571
E00037430,141,42,13,29,99,84,15,29.78723404255319,9.219858156028367,20.56737588652482,70.2127659574468,59.57446808510638,10.638297872340425
E00037431,118,38,14,24,80,63,17,32.20338983050847,11.864406779661017,20.33898305084746,67.79661016949152,53.38983050847458,14.40677966101695
E00037432,274,69,18,51,205,189,16,25.18248175182482,6.569343065693431,18.613138686131386,74.81751824817519,68.97810218978103,5.839416058394161
E00037433,108,37,11,26,71,62,9,34.25925925925926,10.185185185185185,24.074074074074073,65.74074074074075,57.407407407407405,8.333333333333332
E00037434,78,33,9,24,45,31,14,42.30769230769231,11.538461538461538,30.76923076923077,57.692307692307686,39.743589743589745,17.94871794871795
E00037435,154,57,15,42,97,87,10,37.01298701298701,9.740259740259742,27.27272727272727,62.98701298701299,56.493506493506494,6.493506493506493
E00037436,194,67,23,44,127,108,19,34.5360824742268,11.855670103092782,22.68041237113402,65.4639175257732,55.670103092783506,9.793814432989691
E00037437,172,52,12,40,120,106,14,30.23255813953488,6.976744186046512,23.25581395348837,69.76744186046511,61.627906976744185,8.13953488372093
E00037438,145,39,13,26,106,94,12,26.89655172413793,8.96551724137931,17.93103448275862,73.10344827586206,64.82758620689654,8.275862068965518
E00037439,309,77,21,56,232,196,36,24.919093851132686,6.796116504854369,18.12297734627832,75.08090614886731,63.43042071197411,11.650485436893204
E00037440,181,52,14,38,129,113,16,28.7292817679558,7.734806629834254,20.994475138121548,71.27071823204419,62.430939226519335,8.83977900552486
E00037441,133,40,17,23,93,84,9,30.075187969924812,12.781954887218044,17.293233082706767,69.92481203007519,63.1578947368421,6.7669172932330826
E00037442,109,35,9,26,74,69,5,32.11009174311927,8.256880733944955,23.853211009174313,67.88990825688074,63.30275229357798,4.587155963302752
E00037443,133,43,9,34,90,77,13,32.33082706766917,6.7669172932330826,25.563909774436087,67.66917293233082,57.89473684210527,9.774436090225564
E00037444,125,39,11,28,86,78,8,31.2,8.799999999999999,22.400000000000002,68.8,62.4,6.4
E00037445,111,34,11,23,77,66,11,30.630630630630627,9.90990990990991,20.72072072072072,69.36936936936937,59.45945945945946,9.90990990990991
E00037446,151,46,10,36,105,92,13,30.4635761589404,6.622516556291391,23.841059602649008,69.5364238410596,60.9271523178808,8.609271523178808
E00037447,156,50,21,29,106,93,13,32.05128205128205,13.461538461538462,18.58974358974359,67.94871794871796,59.61538461538461,8.333333333333332
E00037448,109,26,4,22,83,68,15,23.853211009174313,3.669724770642202,20.18348623853211,76.14678899082568,62.38532110091744,13.761467889908257
E00037449,175,58,19,39,117,100,17,33.14285714285714,10.857142857142858,22.285714285714285,66.85714285714286,57.14285714285714,9.714285714285714
E00037450,159,35,14,21,124,109,15,22.0125786163522,8.80503144654088,13.20754716981132,77.9874213836478,68.55345911949685,9.433962264150944
E00037451,268,59,16,43,209,184,25,22.01492537313433,5.970149253731343,16.044776119402986,77.98507462686567,68.65671641791045,9.328358208955224
E00037452,137,38,13,25,99,86,13,27.73722627737226,9.48905109489051,18.248175182481752,72.26277372262774,62.77372262773723,9.48905109489051
E00037453,258,73,25,48,185,153,32,28.294573643410853,9.689922480620156,18.6046511627907,71.70542635658916,59.30232558139535,12.4031007751938
E00037454,159,46,11,35,113,98,15,28.930817610062892,6.918238993710692,22.0125786163522,71.0691823899371,61.63522012578616,9.433962264150944
E00037455,141,48,11,37,93,80,13,34.04255319148936,7.801418439716312,26.24113475177305,65.95744680851064,56.73758865248227,9.219858156028367
E00037456,192,68,20,48,124,102,22,35.41666666666667,10.416666666666668,25,64.58333333333334,53.125,11.458333333333332
E00037457,142,35,10,25,107,90,17,24.647887323943664,7.042253521126761,17.6056338028169,75.35211267605634,63.38028169014085,11.971830985915492
E00037458,133,39,12,27,94,81,13,29.32330827067669,9.022556390977442,20.30075187969925,70.67669172932331,60.902255639097746,9.774436090225564
E00037459,158,41,11,30,117,100,17,25.949367088607595,6.962025316455696,18.9873417721519,74.0506329113924,63.29113924050633,10.759493670886076
E00037460,78,18,8,10,60,57,3,23.076923076923077,10.256410256410255,12.82051282051282,76.92307692307693,73.07692307692307,3.8461538461538463
E00037461,210,66,23,43,144,121,23,31.428571428571427,10.952380952380953,20.476190476190474,68.57142857142857,57.61904761904761,10.952380952380953
E00037462,116,26,6,20,90,82,8,22.413793103448278,5.172413793103448,17.24137931034483,77.58620689655173,70.6896551724138,6.896551724137931
E00037463,177,58,16,42,119,101,18,32.7683615819209,9.03954802259887,23.728813559322035,67.2316384180791,57.06214689265536,10.16949152542373
E00037464,114,42,9,33,72,60,12,36.84210526315789,7.894736842105263,28.947368421052634,63.1578947368421,52.63157894736842,10.526315789473683
E00037465,159,40,12,28,119,104,15,25.157232704402517,7.547169811320755,17.61006289308176,74.84276729559748,65.40880503144653,9.433962264150944
E00037466,127,30,8,22,97,86,11,23.62204724409449,6.299212598425196,17.322834645669293,76.37795275590551,67.71653543307087,8.661417322834646
E00037467,129,40,14,26,89,82,7,31.007751937984494,10.852713178294573,20.155038759689923,68.9922480620155,63.565891472868216,5.426356589147287
E00037468,141,43,10,33,98,91,7,30.49645390070922,7.092198581560284,23.404255319148938,69.50354609929079,64.53900709219859,4.964539007092199
E00037469,57,13,1,12,44,38,6,22.807017543859647,1.7543859649122806,21.052631578947366,77.19298245614034,66.66666666666666,10.526315789473683
E00037470,109,42,13,29,67,59,8,38.53211009174312,11.926605504587156,26.605504587155966,61.46788990825688,54.12844036697248,7.339449541284404
E00037471,92,29,11,18,63,59,4,31.521739130434785,11.956521739130435,19.565217391304348,68.47826086956522,64.13043478260869,4.3478260869565215
E00037472,136,37,14,23,99,78,21,27.205882352941174,10.294117647058822,16.911764705882355,72.79411764705883,57.35294117647059,15.441176470588236
E00037473,143,43,11,32,100,82,18,30.069930069930066,7.6923076923076925,22.377622377622377,69.93006993006993,57.34265734265735,12.587412587412588
E00037474,143,39,10,29,104,93,11,27.27272727272727,6.993006993006993,20.27972027972028,72.72727272727273,65.03496503496503,7.6923076923076925
E00037475,118,51,14,37,67,62,5,43.22033898305085,11.864406779661017,31.35593220338983,56.779661016949156,52.54237288135594,4.23728813559322
E00037476,220,68,21,47,152,131,21,30.909090909090907,9.545454545454547,21.363636363636363,69.0909090909091,59.54545454545455,9.545454545454547
E00037477,119,49,19,30,70,62,8,41.17647058823529,15.966386554621847,25.210084033613445,58.82352941176471,52.10084033613446,6.722689075630252
E00037478,118,37,17,20,81,68,13,31.35593220338983,14.40677966101695,16.94915254237288,68.64406779661016,57.6271186440678,11.016949152542372
E00037479,115,42,10,32,73,61,12,36.52173913043478,8.695652173913043,27.82608695652174,63.47826086956522,53.04347826086957,10.434782608695652
E00037480,93,32,6,26,61,51,10,34.40860215053764,6.451612903225806,27.956989247311824,65.59139784946237,54.83870967741935,10.75268817204301
E00037481,83,30,14,16,53,49,4,36.144578313253014,16.867469879518072,19.27710843373494,63.85542168674698,59.036144578313255,4.819277108433735
E00037482,383,114,35,79,269,219,50,29.765013054830288,9.138381201044385,20.626631853785902,70.23498694516971,57.180156657963444,13.054830287206268
E00037483,163,30,10,20,133,117,16,18.404907975460123,6.134969325153374,12.269938650306749,81.59509202453987,71.77914110429448,9.815950920245399
E00037484,156,40,14,26,116,105,11,25.64102564102564,8.974358974358974,16.666666666666664,74.35897435897436,67.3076923076923,7.051282051282051
E00037485,177,56,12,44,121,103,18,31.63841807909605,6.779661016949152,24.858757062146893,68.36158192090396,58.19209039548022,10.16949152542373
E00037486,96,28,8,20,68,57,11,29.166666666666668,8.333333333333332,20.833333333333336,70.83333333333334,59.375,11.458333333333332
E00037487,169,54,19,35,115,94,21,31.952662721893493,11.242603550295858,20.710059171597635,68.04733727810651,55.62130177514793,12.42603550295858
E00037488,138,53,15,38,85,74,11,38.405797101449274,10.869565217391305,27.536231884057973,61.59420289855072,53.62318840579711,7.971014492753622
E00037489,168,38,8,30,130,110,20,22.61904761904762,4.761904761904762,17.857142857142858,77.38095238095238,65.47619047619048,11.904761904761903
E00037490,141,40,9,31,101,84,17,28.368794326241137,6.382978723404255,21.98581560283688,71.63120567375887,59.57446808510638,12.056737588652481
E00037491,150,49,12,37,101,88,13,32.666666666666664,8,24.666666666666668,67.33333333333333,58.666666666666664,8.666666666666668
E00037492,179,52,20,32,127,104,23,29.05027932960894,11.1731843575419,17.877094972067038,70.94972067039106,58.10055865921788,12.849162011173185
E00037493,78,17,3,14,61,53,8,21.794871794871796,3.8461538461538463,17.94871794871795,78.2051282051282,67.94871794871796,10.256410256410255
E00037494,203,54,11,43,149,129,20,26.60098522167488,5.41871921182266,21.182266009852217,73.39901477832512,63.54679802955665,9.852216748768473
E00037495,137,34,12,22,103,90,13,24.817518248175183,8.75912408759124,16.05839416058394,75.18248175182481,65.69343065693431,9.48905109489051
E00037496,67,23,6,17,44,36,8,34.32835820895522,8.955223880597014,25.37313432835821,65.67164179104478,53.73134328358209,11.940298507462686
E00037497,153,37,7,30,116,103,13,24.183006535947712,4.57516339869281,19.607843137254903,75.81699346405229,67.3202614379085,8.49673202614379
E00037498,101,32,12,20,69,63,6,31.683168316831683,11.881188118811881,19.801980198019802,68.31683168316832,62.37623762376238,5.9405940594059405
E00037499,174,50,15,35,124,110,14,28.735632183908045,8.620689655172415,20.114942528735632,71.26436781609196,63.2183908045977,8.045977011494253
E00037500,129,41,11,30,88,71,17,31.782945736434108,8.527131782945736,23.25581395348837,68.21705426356588,55.03875968992248,13.178294573643413
E00037501,131,27,4,23,104,87,17,20.610687022900763,3.0534351145038165,17.557251908396946,79.38931297709924,66.41221374045801,12.977099236641221
E00037502,134,46,16,30,88,78,10,34.32835820895522,11.940298507462686,22.388059701492537,65.67164179104478,58.2089552238806,7.462686567164178
E00037503,124,34,10,24,90,72,18,27.419354838709676,8.064516129032258,19.35483870967742,72.58064516129032,58.06451612903226,14.516129032258066
E00037505,117,37,7,30,80,66,14,31.62393162393162,5.982905982905983,25.64102564102564,68.37606837606837,56.41025641025641,11.965811965811966
E00037507,103,34,4,30,69,59,10,33.00970873786408,3.8834951456310676,29.126213592233007,66.99029126213593,57.28155339805825,9.70873786407767
E00037508,194,57,21,36,137,115,22,29.381443298969074,10.824742268041238,18.556701030927837,70.61855670103093,59.27835051546392,11.34020618556701
E00037509,124,39,12,27,85,78,7,31.451612903225808,9.67741935483871,21.774193548387096,68.54838709677419,62.903225806451616,5.64516129032258
E00037510,132,34,6,28,98,86,12,25.757575757575758,4.545454545454546,21.21212121212121,74.24242424242425,65.15151515151516,9.090909090909092
E00037511,91,27,8,19,64,55,9,29.67032967032967,8.791208791208792,20.87912087912088,70.32967032967034,60.43956043956044,9.89010989010989
E00037512,87,25,8,17,62,55,7,28.735632183908045,9.195402298850574,19.54022988505747,71.26436781609196,63.2183908045977,8.045977011494253
E00037513,91,32,14,18,59,54,5,35.16483516483517,15.384615384615385,19.78021978021978,64.83516483516483,59.34065934065934,5.4945054945054945
E00037514,106,35,7,28,71,65,6,33.0188679245283,6.60377358490566,26.41509433962264,66.98113207547169,61.32075471698113,5.660377358490567
E00037515,237,64,19,45,173,145,28,27.004219409282697,8.016877637130802,18.9873417721519,72.9957805907173,61.18143459915611,11.814345991561181
E00037517,151,52,15,37,99,83,16,34.437086092715234,9.933774834437086,24.503311258278146,65.56291390728477,54.966887417218544,10.596026490066226
E00037518,99,34,14,20,65,59,6,34.34343434343434,14.14141414141414,20.2020202020202,65.65656565656566,59.59595959595959,6.0606060606060606
E00037519,117,40,10,30,77,71,6,34.18803418803419,8.547008547008547,25.64102564102564,65.8119658119658,60.68376068376068,5.128205128205128
E00037520,84,23,5,18,61,53,8,27.380952380952383,5.952380952380952,21.428571428571427,72.61904761904762,63.095238095238095,9.523809523809524
E00037521,75,22,6,16,53,47,6,29.333333333333332,8,21.333333333333336,70.66666666666667,62.66666666666667,8
E00037522,100,35,10,25,65,62,3,35,10,25,65,62,3
E00037523,130,39,11,28,91,74,17,30,8.461538461538462,21.53846153846154,70,56.92307692307692,13.076923076923078
E00037525,70,22,10,12,48,41,7,31.428571428571427,14.285714285714285,17.142857142857142,68.57142857142857,58.57142857142858,10
E00037526,93,34,12,22,59,53,6,36.55913978494624,12.903225806451612,23.655913978494624,63.44086021505376,56.98924731182796,6.451612903225806
E00037527,74,30,9,21,44,36,8,40.54054054054054,12.162162162162163,28.37837837837838,59.45945945945946,48.64864864864865,10.81081081081081
E00037528,91,37,11,26,54,50,4,40.65934065934066,12.087912087912088,28.57142857142857,59.34065934065934,54.94505494505495,4.395604395604396
E00037529,198,48,8,40,150,128,22,24.242424242424242,4.040404040404041,20.2020202020202,75.75757575757575,64.64646464646465,11.11111111111111
E00037530,95,26,4,22,69,61,8,27.368421052631582,4.2105263157894735,23.157894736842106,72.63157894736842,64.21052631578948,8.421052631578947
E00037531,138,44,11,33,94,82,12,31.88405797101449,7.971014492753622,23.91304347826087,68.11594202898551,59.42028985507246,8.695652173913043
E00037532,63,13,3,10,50,43,7,20.634920634920633,4.761904761904762,15.873015873015872,79.36507936507937,68.25396825396825,11.11111111111111
E00037533,141,45,6,39,96,82,14,31.914893617021278,4.25531914893617,27.659574468085108,68.08510638297872,58.156028368794324,9.929078014184398
E00037534,97,25,10,15,72,60,12,25.773195876288657,10.309278350515463,15.463917525773196,74.22680412371135,61.855670103092784,12.371134020618557
E00037535,154,48,16,32,106,91,15,31.16883116883117,10.38961038961039,20.77922077922078,68.83116883116884,59.09090909090909,9.740259740259742
E00037536,248,78,21,57,170,140,30,31.451612903225808,8.46774193548387,22.983870967741936,68.54838709677419,56.451612903225815,12.096774193548388
E00037537,89,27,8,19,62,52,10,30.337078651685395,8.98876404494382,21.34831460674157,69.66292134831461,58.42696629213483,11.235955056179774
E00037538,145,42,11,31,103,90,13,28.965517241379313,7.586206896551724,21.379310344827587,71.03448275862068,62.06896551724138,8.96551724137931
E00037539,88,36,6,30,52,46,6,40.909090909090914,6.8181818181818175,34.090909090909086,59.09090909090909,52.27272727272727,6.8181818181818175
E00037540,212,63,8,55,149,113,36,29.71698113207547,3.7735849056603774,25.943396226415093,70.28301886792453,53.301886792452834,16.9811320754717
E00037541,211,47,9,38,164,141,23,22.274881516587676,4.265402843601896,18.009478672985782,77.72511848341233,66.82464454976304,10.90047393364929
E00037542,158,44,16,28,114,90,24,27.848101265822784,10.126582278481013,17.72151898734177,72.15189873417721,56.9620253164557,15.18987341772152
E00037543,258,72,19,53,186,162,24,27.906976744186046,7.3643410852713185,20.54263565891473,72.09302325581395,62.7906976744186,9.30232558139535
E00037544,135,28,9,19,107,94,13,20.74074074074074,6.666666666666667,14.074074074074074,79.25925925925927,69.62962962962963,9.62962962962963
E00037545,142,38,7,31,104,96,8,26.76056338028169,4.929577464788732,21.830985915492956,73.23943661971832,67.6056338028169,5.633802816901409
E00037546,80,28,12,16,52,47,5,35,15,20,65,58.75,6.25
E00037547,129,48,12,36,81,66,15,37.2093023255814,9.30232558139535,27.906976744186046,62.7906976744186,51.162790697674424,11.627906976744185
E00037548,151,48,11,37,103,88,15,31.788079470198678,7.28476821192053,24.503311258278146,68.21192052980133,58.27814569536424,9.933774834437086
E00037549,110,33,4,29,77,66,11,30,3.6363636363636362,26.36363636363636,70,60,10
E00037550,133,41,19,22,92,83,9,30.82706766917293,14.285714285714285,16.541353383458645,69.17293233082707,62.40601503759399,6.7669172932330826
E00037551,146,46,14,32,100,90,10,31.506849315068493,9.58904109589041,21.91780821917808,68.4931506849315,61.64383561643836,6.8493150684931505
E00037553,163,55,18,37,108,98,10,33.74233128834356,11.042944785276074,22.699386503067483,66.25766871165644,60.122699386503065,6.134969325153374
E00037554,131,47,16,31,84,78,6,35.87786259541985,12.213740458015266,23.66412213740458,64.12213740458014,59.541984732824424,4.580152671755725
E00037555,137,38,16,22,99,84,15,27.73722627737226,11.678832116788321,16.05839416058394,72.26277372262774,61.31386861313869,10.948905109489052
E00037556,123,39,6,33,84,78,6,31.70731707317073,4.878048780487805,26.82926829268293,68.29268292682927,63.41463414634146,4.878048780487805
E00037557,135,39,15,24,96,84,12,28.888888888888886,11.11111111111111,17.77777777777778,71.11111111111111,62.22222222222222,8.88888888888889
E00037558,150,40,11,29,110,98,12,26.666666666666668,7.333333333333333,19.333333333333332,73.33333333333333,65.33333333333333,8
E00037559,161,46,15,31,115,103,12,28.57142857142857,9.316770186335404,19.25465838509317,71.42857142857143,63.975155279503106,7.453416149068323
E00037560,104,37,15,22,67,56,11,35.57692307692308,14.423076923076922,21.153846153846153,64.42307692307693,53.84615384615385,10.576923076923077
E00037561,168,45,11,34,123,100,23,26.785714285714285,6.547619047619048,20.238095238095237,73.21428571428571,59.523809523809526,13.690476190476192
E00037562,126,32,7,25,94,84,10,25.396825396825395,5.555555555555555,19.841269841269842,74.60317460317461,66.66666666666666,7.936507936507936
E00037563,159,43,16,27,116,96,20,27.044025157232703,10.062893081761008,16.9811320754717,72.95597484276729,60.37735849056604,12.578616352201259
E00037564,172,44,13,31,128,115,13,25.581395348837212,7.55813953488372,18.023255813953487,74.4186046511628,66.86046511627907,7.55813953488372
E00037565,123,38,10,28,85,68,17,30.89430894308943,8.130081300813007,22.76422764227642,69.10569105691057,55.28455284552846,13.821138211382115
E00037566,92,29,6,23,63,58,5,31.521739130434785,6.521739130434782,25,68.47826086956522,63.04347826086957,5.434782608695652
E00037567,85,31,11,20,54,48,6,36.470588235294116,12.941176470588237,23.52941176470588,63.52941176470588,56.470588235294116,7.0588235294117645
E00037568,81,30,9,21,51,45,6,37.03703703703704,11.11111111111111,25.925925925925924,62.96296296296296,55.55555555555556,7.4074074074074066
E00037569,95,32,15,17,63,49,14,33.68421052631579,15.789473684210526,17.894736842105264,66.3157894736842,51.578947368421055,14.736842105263156
E00037570,138,38,6,32,100,85,15,27.536231884057973,4.3478260869565215,23.18840579710145,72.46376811594203,61.59420289855072,10.869565217391305
E00037571,190,51,16,35,139,123,16,26.842105263157894,8.421052631578947,18.421052631578945,73.15789473684211,64.73684210526316,8.421052631578947
E00037572,134,41,9,32,93,85,8,30.597014925373134,6.7164179104477615,23.88059701492537,69.40298507462687,63.43283582089553,5.970149253731343
E00037573,141,46,11,35,95,85,10,32.62411347517731,7.801418439716312,24.822695035460992,67.37588652482269,60.28368794326241,7.092198581560284
E00037574,100,33,8,25,67,58,9,33,8,25,67,57.99999999999999,9
E00037575,77,28,10,18,49,49,0,36.36363636363637,12.987012987012985,23.376623376623375,63.63636363636363,63.63636363636363,0
E00037576,116,33,5,28,83,71,12,28.448275862068968,4.310344827586207,24.137931034482758,71.55172413793103,61.206896551724135,10.344827586206897
E00037577,118,41,17,24,77,69,8,34.74576271186441,14.40677966101695,20.33898305084746,65.2542372881356,58.47457627118644,6.779661016949152
E00037578,174,55,16,39,119,109,10,31.60919540229885,9.195402298850574,22.413793103448278,68.39080459770115,62.643678160919535,5.747126436781609
E00037579,84,31,1,30,53,48,5,36.904761904761905,1.1904761904761905,35.714285714285715,63.095238095238095,57.14285714285714,5.952380952380952
E00037580,119,32,7,25,87,81,6,26.89075630252101,5.88235294117647,21.008403361344538,73.10924369747899,68.0672268907563,5.042016806722689
E00037581,128,40,8,32,88,82,6,31.25,6.25,25,68.75,64.0625,4.6875
E00037582,144,42,10,32,102,98,4,29.166666666666668,6.944444444444445,22.22222222222222,70.83333333333334,68.05555555555556,2.7777777777777777
E00037583,151,39,15,24,112,99,13,25.82781456953642,9.933774834437086,15.894039735099339,74.17218543046357,65.56291390728477,8.609271523178808
E00037584,156,39,11,28,117,110,7,25,7.051282051282051,17.94871794871795,75,70.51282051282051,4.487179487179487
E00037585,135,34,8,26,101,93,8,25.185185185185183,5.9259259259259265,19.25925925925926,74.81481481481481,68.88888888888889,5.9259259259259265
E00037586,189,56,17,39,133,125,8,29.629629629629626,8.994708994708994,20.634920634920633,70.37037037037037,66.13756613756614,4.232804232804233
E00037587,266,73,21,52,193,164,29,27.44360902255639,7.894736842105263,19.548872180451127,72.55639097744361,61.65413533834586,10.902255639097744
E00037588,130,41,6,35,89,67,22,31.538461538461537,4.615384615384616,26.923076923076923,68.46153846153847,51.53846153846153,16.923076923076923
E00037589,155,47,12,35,108,97,11,30.32258064516129,7.741935483870968,22.58064516129032,69.6774193548387,62.58064516129033,7.096774193548387
E00037590,64,22,6,16,42,40,2,34.375,9.375,25,65.625,62.5,3.125
E00037592,159,52,13,39,107,96,11,32.70440251572327,8.176100628930817,24.528301886792452,67.29559748427673,60.37735849056604,6.918238993710692
E00037593,112,32,9,23,80,75,5,28.57142857142857,8.035714285714286,20.535714285714285,71.42857142857143,66.96428571428571,4.464285714285714
E00037594,185,58,24,34,127,104,23,31.351351351351354,12.972972972972974,18.37837837837838,68.64864864864865,56.21621621621622,12.432432432432433
E00037595,88,25,12,13,63,46,17,28.40909090909091,13.636363636363635,14.772727272727273,71.5909090909091,52.27272727272727,19.318181818181817
E00037596,128,39,14,25,89,66,23,30.46875,10.9375,19.53125,69.53125,51.5625,17.96875
E00037597,118,32,12,20,86,58,28,27.11864406779661,10.16949152542373,16.94915254237288,72.88135593220339,49.152542372881356,23.728813559322035
E00037598,64,21,10,11,43,37,6,32.8125,15.625,17.1875,67.1875,57.8125,9.375
E00037599,175,60,16,44,115,78,37,34.285714285714285,9.142857142857142,25.142857142857146,65.71428571428571,44.57142857142857,21.142857142857142
E00037600,274,84,37,47,190,148,42,30.656934306569344,13.503649635036496,17.153284671532848,69.34306569343066,54.01459854014598,15.328467153284672
E00037601,92,34,11,23,58,50,8,36.95652173913043,11.956521739130435,25,63.04347826086957,54.347826086956516,8.695652173913043
E00037602,192,70,25,45,122,91,31,36.45833333333333,13.020833333333334,23.4375,63.541666666666664,47.39583333333333,16.145833333333336
E00037603,109,42,13,29,67,59,8,38.53211009174312,11.926605504587156,26.605504587155966,61.46788990825688,54.12844036697248,7.339449541284404
E00037604,150,51,16,35,99,77,22,34,10.666666666666668,23.333333333333332,66,51.33333333333333,14.666666666666666
E00037605,141,34,19,15,107,93,14,24.113475177304963,13.47517730496454,10.638297872340425,75.88652482269504,65.95744680851064,9.929078014184398
E00037606,238,73,21,52,165,135,30,30.672268907563026,8.823529411764707,21.84873949579832,69.32773109243698,56.72268907563025,12.605042016806722
E00037607,112,33,11,22,79,65,14,29.464285714285715,9.821428571428571,19.642857142857142,70.53571428571429,58.03571428571429,12.5
E00037608,129,46,20,26,83,69,14,35.65891472868217,15.503875968992247,20.155038759689923,64.34108527131784,53.48837209302325,10.852713178294573
E00037609,54,16,7,9,38,37,1,29.629629629629626,12.962962962962962,16.666666666666664,70.37037037037037,68.51851851851852,1.8518518518518516
E00037610,113,28,13,15,85,74,11,24.778761061946902,11.504424778761061,13.274336283185843,75.22123893805309,65.48672566371681,9.734513274336283
E00037611,173,53,17,36,120,106,14,30.63583815028902,9.826589595375722,20.809248554913296,69.36416184971098,61.27167630057804,8.092485549132949
E00037612,154,40,14,26,114,94,20,25.97402597402597,9.090909090909092,16.883116883116884,74.02597402597402,61.038961038961034,12.987012987012985
E00037613,170,60,30,30,110,77,33,35.294117647058826,17.647058823529413,17.647058823529413,64.70588235294117,45.294117647058826,19.411764705882355
E00037614,143,51,16,35,92,76,16,35.66433566433567,11.188811188811188,24.475524475524477,64.33566433566433,53.14685314685315,11.188811188811188
E00037615,297,78,22,56,219,172,47,26.262626262626267,7.4074074074074066,18.855218855218855,73.73737373737373,57.91245791245792,15.824915824915825
E00037616,107,27,5,22,80,70,10,25.233644859813083,4.672897196261682,20.5607476635514,74.76635514018692,65.42056074766354,9.345794392523365
E00037617,113,34,9,25,79,66,13,30.08849557522124,7.964601769911504,22.123893805309734,69.91150442477876,58.4070796460177,11.504424778761061
E00037618,111,24,5,19,87,69,18,21.62162162162162,4.504504504504505,17.117117117117118,78.37837837837837,62.16216216216216,16.216216216216218
E00037619,191,60,18,42,131,103,28,31.413612565445025,9.424083769633508,21.98952879581152,68.58638743455498,53.92670157068062,14.659685863874344
E00037620,179,54,14,40,125,110,15,30.16759776536313,7.82122905027933,22.3463687150838,69.83240223463687,61.452513966480446,8.379888268156424
E00037621,152,46,20,26,106,86,20,30.263157894736842,13.157894736842104,17.105263157894736,69.73684210526315,56.57894736842105,13.157894736842104
E00037622,232,60,16,44,172,127,45,25.862068965517242,6.896551724137931,18.96551724137931,74.13793103448276,54.741379310344826,19.396551724137932
E00037623,119,48,18,30,71,60,11,40.33613445378151,15.126050420168067,25.210084033613445,59.66386554621849,50.42016806722689,9.243697478991598
E00037624,74,20,5,15,54,44,10,27.027027027027028,6.756756756756757,20.27027027027027,72.97297297297297,59.45945945945946,13.513513513513514
E00037625,148,50,21,29,98,72,26,33.78378378378378,14.18918918918919,19.594594594594593,66.21621621621621,48.64864864864865,17.56756756756757
E00037626,188,47,16,31,141,94,47,25,8.51063829787234,16.48936170212766,75,50,25
E00037627,165,57,25,32,108,83,25,34.54545454545455,15.151515151515152,19.393939393939394,65.45454545454545,50.303030303030305,15.151515151515152
E00037628,200,48,18,30,152,108,44,24,9,15,76,54,22
E00037629,150,40,14,26,110,85,25,26.666666666666668,9.333333333333334,17.333333333333336,73.33333333333333,56.666666666666664,16.666666666666664
E00037631,139,40,15,25,99,54,45,28.776978417266186,10.79136690647482,17.985611510791365,71.22302158273382,38.84892086330935,32.37410071942446
E00037632,145,46,13,33,99,84,15,31.724137931034484,8.96551724137931,22.758620689655174,68.27586206896552,57.931034482758626,10.344827586206897
E00037634,159,57,16,41,102,88,14,35.84905660377358,10.062893081761008,25.78616352201258,64.15094339622641,55.34591194968554,8.80503144654088
E00037636,59,13,0,13,46,40,6,22.033898305084744,0,22.033898305084744,77.96610169491525,67.79661016949152,10.16949152542373
E00037637,151,42,9,33,109,87,22,27.81456953642384,5.960264900662252,21.85430463576159,72.18543046357617,57.615894039735096,14.56953642384106
E00037638,106,26,8,18,80,69,11,24.528301886792452,7.547169811320755,16.9811320754717,75.47169811320755,65.09433962264151,10.377358490566039
E00037639,104,36,11,25,68,61,7,34.61538461538461,10.576923076923077,24.03846153846154,65.38461538461539,58.65384615384615,6.730769230769231
E00037640,229,64,15,49,165,145,20,27.947598253275107,6.550218340611353,21.397379912663755,72.0524017467249,63.31877729257642,8.73362445414847
E00037641,213,75,30,45,138,110,28,35.2112676056338,14.084507042253522,21.12676056338028,64.7887323943662,51.64319248826291,13.145539906103288
E00037642,136,37,10,27,99,82,17,27.205882352941174,7.352941176470589,19.852941176470587,72.79411764705883,60.29411764705882,12.5
E00037643,222,55,19,36,167,123,44,24.774774774774773,8.558558558558559,16.216216216216218,75.22522522522522,55.4054054054054,19.81981981981982
E00037644,79,26,5,21,53,45,8,32.91139240506329,6.329113924050633,26.582278481012654,67.08860759493672,56.9620253164557,10.126582278481013
E00037645,116,45,13,32,71,57,14,38.793103448275865,11.206896551724139,27.586206896551722,61.206896551724135,49.137931034482754,12.068965517241379
E00037646,198,58,20,38,140,111,29,29.292929292929294,10.1010101010101,19.19191919191919,70.70707070707071,56.060606060606055,14.646464646464647
E00037647,168,55,15,40,113,93,20,32.73809523809524,8.928571428571429,23.809523809523807,67.26190476190477,55.35714285714286,11.904761904761903
E00037648,165,43,20,23,122,103,19,26.060606060606062,12.121212121212121,13.939393939393941,73.93939393939394,62.42424242424243,11.515151515151516
E00037649,117,33,11,22,84,74,10,28.205128205128204,9.401709401709402,18.803418803418804,71.7948717948718,63.24786324786324,8.547008547008547
E00037650,148,43,17,26,105,91,14,29.054054054054053,11.486486486486488,17.56756756756757,70.94594594594594,61.48648648648649,9.45945945945946
E00037651,245,72,19,53,173,128,45,29.38775510204082,7.755102040816326,21.63265306122449,70.61224489795919,52.244897959183675,18.367346938775512
E00037652,168,52,17,35,116,92,24,30.952380952380953,10.119047619047619,20.833333333333336,69.04761904761905,54.761904761904766,14.285714285714285
E00037653,123,49,19,30,74,59,15,39.83739837398374,15.447154471544716,24.390243902439025,60.16260162601627,47.96747967479675,12.195121951219512
E00037654,107,34,12,22,73,61,12,31.775700934579437,11.214953271028037,20.5607476635514,68.22429906542055,57.009345794392516,11.214953271028037
E00037655,134,37,11,26,97,85,12,27.611940298507463,8.208955223880597,19.402985074626866,72.38805970149254,63.43283582089553,8.955223880597014
E00037656,156,47,15,32,109,89,20,30.128205128205128,9.615384615384617,20.51282051282051,69.87179487179486,57.05128205128205,12.82051282051282
E00037657,175,53,20,33,122,102,20,30.28571428571429,11.428571428571429,18.857142857142858,69.71428571428572,58.285714285714285,11.428571428571429
E00037658,107,33,9,24,74,63,11,30.8411214953271,8.411214953271028,22.429906542056074,69.1588785046729,58.87850467289719,10.2803738317757
E00037659,99,36,11,25,63,55,8,36.36363636363637,11.11111111111111,25.252525252525253,63.63636363636363,55.55555555555556,8.080808080808081
E00037660,110,29,12,17,81,72,9,26.36363636363636,10.909090909090908,15.454545454545453,73.63636363636363,65.45454545454545,8.181818181818182
E00037661,157,45,14,31,112,93,19,28.662420382165603,8.9171974522293,19.745222929936308,71.3375796178344,59.23566878980891,12.101910828025478
E00037662,174,49,16,33,125,102,23,28.160919540229884,9.195402298850574,18.96551724137931,71.83908045977012,58.620689655172406,13.218390804597702
E00037663,48,17,5,12,31,27,4,35.41666666666667,10.416666666666668,25,64.58333333333334,56.25,8.333333333333332
E00037664,133,34,8,26,99,87,12,25.563909774436087,6.015037593984962,19.548872180451127,74.43609022556392,65.41353383458647,9.022556390977442
E00037665,89,36,15,21,53,43,10,40.44943820224719,16.853932584269664,23.595505617977526,59.55056179775281,48.31460674157304,11.235955056179774
E00037666,121,31,10,21,90,68,22,25.6198347107438,8.264462809917356,17.355371900826448,74.3801652892562,56.19834710743802,18.181818181818183
E00037667,147,41,17,24,106,86,20,27.89115646258503,11.564625850340136,16.3265306122449,72.10884353741497,58.50340136054422,13.60544217687075
E00037668,248,56,14,42,192,168,24,22.58064516129032,5.64516129032258,16.93548387096774,77.41935483870968,67.74193548387096,9.67741935483871
E00037669,123,28,8,20,95,86,9,22.76422764227642,6.504065040650407,16.260162601626014,77.23577235772358,69.91869918699187,7.317073170731707
E00037670,113,25,7,18,88,73,15,22.123893805309734,6.1946902654867255,15.929203539823009,77.87610619469027,64.60176991150442,13.274336283185843
E00037671,67,27,7,20,40,35,5,40.298507462686565,10.44776119402985,29.850746268656714,59.70149253731343,52.23880597014925,7.462686567164178
E00037672,134,26,8,18,108,94,14,19.402985074626866,5.970149253731343,13.432835820895523,80.59701492537313,70.1492537313433,10.44776119402985
E00037674,129,35,8,27,94,87,7,27.131782945736433,6.2015503875969,20.930232558139537,72.86821705426357,67.44186046511628,5.426356589147287
E00037675,158,46,11,35,112,100,12,29.11392405063291,6.962025316455696,22.151898734177212,70.88607594936708,63.29113924050633,7.59493670886076
E00037676,125,38,8,30,87,72,15,30.4,6.4,24,69.6,57.599999999999994,12
E00037677,193,51,16,35,142,120,22,26.42487046632124,8.290155440414509,18.134715025906736,73.57512953367875,62.17616580310881,11.398963730569948
E00037678,145,58,19,39,87,76,11,40,13.10344827586207,26.89655172413793,60,52.41379310344828,7.586206896551724
E00037679,174,38,10,28,136,114,22,21.839080459770116,5.747126436781609,16.091954022988507,78.16091954022988,65.51724137931035,12.643678160919542
E00037680,110,39,13,26,71,60,11,35.45454545454545,11.818181818181818,23.636363636363637,64.54545454545455,54.54545454545454,10
E00037681,154,49,14,35,105,92,13,31.818181818181817,9.090909090909092,22.727272727272727,68.18181818181817,59.74025974025974,8.441558441558442
E00037682,129,29,6,23,100,84,16,22.48062015503876,4.651162790697675,17.829457364341085,77.51937984496125,65.11627906976744,12.4031007751938
E00037683,209,68,19,49,141,110,31,32.535885167464116,9.090909090909092,23.444976076555022,67.46411483253588,52.63157894736842,14.832535885167463
E00037684,137,41,9,32,96,79,17,29.927007299270077,6.569343065693431,23.357664233576642,70.07299270072993,57.66423357664233,12.408759124087592
E00037685,167,48,14,34,119,100,19,28.74251497005988,8.383233532934131,20.359281437125748,71.25748502994011,59.88023952095808,11.377245508982035
E00037686,171,54,14,40,117,99,18,31.57894736842105,8.187134502923977,23.391812865497073,68.42105263157895,57.89473684210527,10.526315789473683
E00037687,137,49,12,37,88,75,13,35.76642335766424,8.75912408759124,27.00729927007299,64.23357664233576,54.74452554744526,9.48905109489051
E00037688,129,39,10,29,90,83,7,30.23255813953488,7.751937984496124,22.48062015503876,69.76744186046511,64.34108527131784,5.426356589147287
E00037689,151,55,10,45,96,88,8,36.423841059602644,6.622516556291391,29.80132450331126,63.576158940397356,58.27814569536424,5.298013245033113
E00037690,92,23,5,18,69,62,7,25,5.434782608695652,19.565217391304348,75,67.3913043478261,7.608695652173914
E00037691,125,38,7,31,87,78,9,30.4,5.6000000000000005,24.8,69.6,62.4,7.199999999999999
E00037692,173,53,19,34,120,94,26,30.63583815028902,10.982658959537572,19.653179190751445,69.36416184971098,54.33526011560693,15.028901734104046
E00037693,97,37,14,23,60,47,13,38.144329896907216,14.432989690721648,23.711340206185564,61.855670103092784,48.45360824742268,13.402061855670103
E00037694,151,36,6,30,115,96,19,23.841059602649008,3.9735099337748347,19.867549668874172,76.15894039735099,63.576158940397356,12.582781456953644
E00037695,95,29,10,19,66,51,15,30.526315789473685,10.526315789473683,20,69.47368421052632,53.68421052631579,15.789473684210526
E00037696,203,50,12,38,153,133,20,24.63054187192118,5.911330049261084,18.7192118226601,75.36945812807882,65.51724137931035,9.852216748768473
E00037697,102,26,7,19,76,65,11,25.49019607843137,6.862745098039216,18.627450980392158,74.50980392156863,63.725490196078425,10.784313725490197
E00037698,78,28,6,22,50,46,4,35.8974358974359,7.6923076923076925,28.205128205128204,64.1025641025641,58.97435897435898,5.128205128205128
E00037699,129,35,12,23,94,75,19,27.131782945736433,9.30232558139535,17.829457364341085,72.86821705426357,58.139534883720934,14.728682170542637
E00037700,119,28,7,21,91,82,9,23.52941176470588,5.88235294117647,17.647058823529413,76.47058823529412,68.90756302521008,7.563025210084033
E00037701,235,54,11,43,181,151,30,22.97872340425532,4.680851063829787,18.29787234042553,77.02127659574468,64.25531914893618,12.76595744680851
E00037702,212,49,18,31,163,141,22,23.11320754716981,8.49056603773585,14.622641509433961,76.88679245283019,66.50943396226415,10.377358490566039
E00037703,93,30,10,20,63,53,10,32.25806451612903,10.75268817204301,21.50537634408602,67.74193548387096,56.98924731182796,10.75268817204301
E00037704,132,42,9,33,90,79,11,31.818181818181817,6.8181818181818175,25,68.18181818181817,59.84848484848485,8.333333333333332
E00037705,115,29,8,21,86,73,13,25.217391304347824,6.956521739130435,18.26086956521739,74.78260869565217,63.47826086956522,11.304347826086957
E00037706,108,42,15,27,66,57,9,38.88888888888889,13.88888888888889,25,61.111111111111114,52.77777777777778,8.333333333333332
E00037707,108,33,13,20,75,63,12,30.555555555555557,12.037037037037036,18.51851851851852,69.44444444444444,58.333333333333336,11.11111111111111
E00037708,160,44,14,30,116,109,7,27.500000000000004,8.75,18.75,72.5,68.125,4.375
E00037709,140,44,11,33,96,82,14,31.428571428571427,7.857142857142857,23.57142857142857,68.57142857142857,58.57142857142858,10
E00037710,100,26,10,16,74,59,15,26,10,16,74,59,15
E00037711,215,59,18,41,156,132,24,27.44186046511628,8.372093023255815,19.069767441860467,72.55813953488372,61.395348837209305,11.162790697674419
E00037712,100,31,10,21,69,62,7,31,10,21,69,62,7.000000000000001
E00037713,139,37,10,27,102,92,10,26.618705035971225,7.1942446043165464,19.424460431654676,73.38129496402878,66.18705035971223,7.1942446043165464
E00037715,206,72,29,43,134,113,21,34.95145631067961,14.077669902912621,20.87378640776699,65.0485436893204,54.85436893203883,10.194174757281553
E00037716,142,38,10,28,104,93,11,26.76056338028169,7.042253521126761,19.718309859154928,73.23943661971832,65.49295774647888,7.746478873239436
E00037717,74,23,5,18,51,47,4,31.08108108108108,6.756756756756757,24.324324324324326,68.91891891891892,63.51351351351351,5.405405405405405
E00037718,119,39,12,27,80,67,13,32.773109243697476,10.084033613445378,22.689075630252102,67.22689075630252,56.30252100840336,10.92436974789916
E00037719,135,41,16,25,94,84,10,30.37037037037037,11.851851851851853,18.51851851851852,69.62962962962963,62.22222222222222,7.4074074074074066
E00037720,129,38,14,24,91,81,10,29.457364341085274,10.852713178294573,18.6046511627907,70.54263565891473,62.7906976744186,7.751937984496124
E00037721,140,32,8,24,108,99,9,22.857142857142858,5.714285714285714,17.142857142857142,77.14285714285715,70.71428571428572,6.428571428571428
E00037722,144,50,17,33,94,85,9,34.72222222222222,11.805555555555555,22.916666666666664,65.27777777777779,59.02777777777778,6.25
E00037723,68,22,11,11,46,39,7,32.35294117647059,16.176470588235293,16.176470588235293,67.64705882352942,57.35294117647059,10.294117647058822
E00037724,78,21,8,13,57,54,3,26.923076923076923,10.256410256410255,16.666666666666664,73.07692307692307,69.23076923076923,3.8461538461538463
E00037725,112,33,9,24,79,72,7,29.464285714285715,8.035714285714286,21.428571428571427,70.53571428571429,64.28571428571429,6.25
E00037726,181,50,7,43,131,112,19,27.624309392265197,3.867403314917127,23.756906077348066,72.37569060773481,61.87845303867403,10.497237569060774
E00037727,161,51,9,42,110,103,7,31.67701863354037,5.590062111801243,26.08695652173913,68.32298136645963,63.975155279503106,4.3478260869565215
E00037728,167,42,12,30,125,110,15,25.149700598802394,7.18562874251497,17.964071856287426,74.8502994011976,65.86826347305389,8.982035928143713
E00037729,94,36,14,22,58,45,13,38.297872340425535,14.893617021276595,23.404255319148938,61.702127659574465,47.87234042553192,13.829787234042554
E00037730,126,41,10,31,85,76,9,32.53968253968254,7.936507936507936,24.6031746031746,67.46031746031747,60.317460317460316,7.142857142857142
E00037731,202,69,21,48,133,117,16,34.15841584158416,10.396039603960396,23.762376237623762,65.84158415841584,57.920792079207914,7.920792079207921
E00037732,155,35,5,30,120,111,9,22.58064516129032,3.225806451612903,19.35483870967742,77.41935483870968,71.61290322580646,5.806451612903226
E00037733,130,30,6,24,100,91,9,23.076923076923077,4.615384615384616,18.461538461538463,76.92307692307693,70,6.923076923076923
E00037735,98,33,12,21,65,52,13,33.6734693877551,12.244897959183673,21.428571428571427,66.3265306122449,53.06122448979592,13.26530612244898
E00037737,204,39,15,24,165,140,25,19.11764705882353,7.352941176470589,11.76470588235294,80.88235294117648,68.62745098039215,12.254901960784313
E00037738,133,32,6,26,101,96,5,24.06015037593985,4.511278195488721,19.548872180451127,75.93984962406014,72.18045112781954,3.7593984962406015
E00037739,113,31,10,21,82,75,7,27.43362831858407,8.849557522123893,18.58407079646018,72.56637168141593,66.3716814159292,6.1946902654867255
E00037740,157,40,9,31,117,107,10,25.477707006369428,5.7324840764331215,19.745222929936308,74.52229299363057,68.15286624203821,6.369426751592357
E00037742,194,53,11,42,141,127,14,27.31958762886598,5.670103092783505,21.649484536082475,72.68041237113401,65.4639175257732,7.216494845360824
E00037743,96,24,10,14,72,67,5,25,10.416666666666668,14.583333333333334,75,69.79166666666666,5.208333333333334
E00037744,122,38,8,30,84,69,15,31.147540983606557,6.557377049180328,24.59016393442623,68.85245901639344,56.557377049180324,12.295081967213115
E00037745,149,48,15,33,101,90,11,32.21476510067114,10.06711409395973,22.14765100671141,67.78523489932886,60.40268456375839,7.38255033557047
E00037746,179,54,15,39,125,110,15,30.16759776536313,8.379888268156424,21.787709497206702,69.83240223463687,61.452513966480446,8.379888268156424
E00037747,203,67,20,47,136,114,22,33.004926108374384,9.852216748768473,23.15270935960591,66.99507389162561,56.15763546798029,10.83743842364532
E00037748,151,51,17,34,100,89,11,33.77483443708609,11.258278145695364,22.516556291390728,66.22516556291392,58.94039735099338,7.28476821192053
E00037749,142,38,9,29,104,92,12,26.76056338028169,6.338028169014084,20.422535211267608,73.23943661971832,64.7887323943662,8.450704225352112
E00037750,186,36,7,29,150,120,30,19.35483870967742,3.763440860215054,15.591397849462366,80.64516129032258,64.51612903225806,16.129032258064516
E00037751,70,25,8,17,45,40,5,35.714285714285715,11.428571428571429,24.285714285714285,64.28571428571429,57.14285714285714,7.142857142857142
E00037752,129,44,10,34,85,76,9,34.10852713178294,7.751937984496124,26.356589147286826,65.89147286821705,58.91472868217055,6.976744186046512
E00037753,140,30,11,19,110,97,13,21.428571428571427,7.857142857142857,13.571428571428571,78.57142857142857,69.28571428571428,9.285714285714286
E00037754,140,35,15,20,105,95,10,25,10.714285714285714,14.285714285714285,75,67.85714285714286,7.142857142857142
E00037755,108,28,8,20,80,67,13,25.925925925925924,7.4074074074074066,18.51851851851852,74.07407407407408,62.03703703703704,12.037037037037036
E00037756,197,60,12,48,137,120,17,30.456852791878177,6.091370558375635,24.36548223350254,69.54314720812182,60.913705583756354,8.629441624365482
E00037757,133,35,4,31,98,87,11,26.31578947368421,3.007518796992481,23.308270676691727,73.68421052631578,65.41353383458647,8.270676691729323
E00037758,142,30,3,27,112,93,19,21.12676056338028,2.112676056338028,19.014084507042252,78.87323943661971,65.49295774647888,13.380281690140844
E00037759,188,66,24,42,122,113,9,35.1063829787234,12.76595744680851,22.340425531914892,64.8936170212766,60.1063829787234,4.787234042553192
E00037760,169,45,9,36,124,109,15,26.627218934911244,5.325443786982249,21.301775147928996,73.37278106508876,64.49704142011834,8.875739644970414
E00037761,180,47,11,36,133,118,15,26.111111111111114,6.111111111111111,20,73.88888888888889,65.55555555555556,8.333333333333332
E00037762,121,36,10,26,85,75,10,29.75206611570248,8.264462809917356,21.487603305785125,70.24793388429752,61.98347107438017,8.264462809917356
E00037763,191,51,14,37,140,114,26,26.701570680628272,7.329842931937172,19.3717277486911,73.29842931937172,59.68586387434554,13.612565445026178
E00037764,115,26,11,15,89,77,12,22.608695652173914,9.565217391304348,13.043478260869565,77.39130434782608,66.95652173913044,10.434782608695652
E00037765,246,62,19,43,184,167,17,25.203252032520325,7.723577235772358,17.479674796747968,74.79674796747967,67.88617886178862,6.910569105691057
E00037766,141,41,15,26,100,90,10,29.078014184397162,10.638297872340425,18.439716312056735,70.92198581560284,63.829787234042556,7.092198581560284
E00037767,84,29,10,19,55,49,6,34.523809523809526,11.904761904761903,22.61904761904762,65.47619047619048,58.333333333333336,7.142857142857142
E00037768,123,33,14,19,90,78,12,26.82926829268293,11.38211382113821,15.447154471544716,73.17073170731707,63.41463414634146,9.75609756097561
E00037769,152,43,14,29,109,98,11,28.289473684210524,9.210526315789473,19.078947368421055,71.71052631578947,64.47368421052632,7.236842105263158
E00037770,134,39,11,28,95,83,12,29.1044776119403,8.208955223880597,20.8955223880597,70.8955223880597,61.940298507462686,8.955223880597014
E00037771,116,38,5,33,78,71,7,32.758620689655174,4.310344827586207,28.448275862068968,67.24137931034483,61.206896551724135,6.0344827586206895
E00037772,113,25,6,19,88,78,10,22.123893805309734,5.3097345132743365,16.8141592920354,77.87610619469027,69.02654867256636,8.849557522123893
E00037773,153,46,8,38,107,103,4,30.065359477124183,5.228758169934641,24.836601307189543,69.93464052287581,67.3202614379085,2.6143790849673203
E00037774,146,46,17,29,100,85,15,31.506849315068493,11.643835616438356,19.863013698630137,68.4931506849315,58.21917808219178,10.273972602739725
E00037775,266,79,21,58,187,152,35,29.69924812030075,7.894736842105263,21.804511278195488,70.30075187969925,57.14285714285714,13.157894736842104
E00037777,135,34,10,24,101,85,16,25.185185185185183,7.4074074074074066,17.77777777777778,74.81481481481481,62.96296296296296,11.851851851851853
E00037778,147,38,11,27,109,95,14,25.850340136054424,7.482993197278912,18.367346938775512,74.14965986394559,64.62585034013605,9.523809523809524
E00037779,162,46,9,37,116,97,19,28.39506172839506,5.555555555555555,22.839506172839506,71.60493827160494,59.876543209876544,11.728395061728394
E00037780,165,61,17,44,104,93,11,36.96969696969697,10.303030303030303,26.666666666666668,63.030303030303024,56.36363636363636,6.666666666666667
E00037781,163,49,16,33,114,96,18,30.061349693251532,9.815950920245399,20.245398773006134,69.93865030674846,58.895705521472394,11.042944785276074
E00037782,135,38,7,31,97,83,14,28.14814814814815,5.185185185185185,22.962962962962962,71.85185185185186,61.48148148148148,10.37037037037037
E00037783,192,56,13,43,136,119,17,29.166666666666668,6.770833333333333,22.395833333333336,70.83333333333334,61.979166666666664,8.854166666666668
E00037784,129,56,12,44,73,61,12,43.41085271317829,9.30232558139535,34.10852713178294,56.58914728682171,47.286821705426355,9.30232558139535
E00037785,147,53,9,44,94,83,11,36.054421768707485,6.122448979591836,29.931972789115648,63.94557823129252,56.4625850340136,7.482993197278912
E00037786,221,52,14,38,169,154,15,23.52941176470588,6.334841628959276,17.194570135746606,76.47058823529412,69.68325791855203,6.787330316742081
E00037788,100,32,7,25,68,59,9,32,7.000000000000001,25,68,59,9
E00037789,186,66,20,46,120,104,16,35.483870967741936,10.75268817204301,24.731182795698924,64.51612903225806,55.91397849462365,8.60215053763441
E00037790,143,49,15,34,94,87,7,34.26573426573427,10.48951048951049,23.776223776223777,65.73426573426573,60.83916083916085,4.895104895104895
E00037791,189,58,13,45,131,108,23,30.687830687830687,6.878306878306878,23.809523809523807,69.31216931216932,57.14285714285714,12.16931216931217
E00037792,114,34,10,24,80,67,13,29.82456140350877,8.771929824561402,21.052631578947366,70.17543859649122,58.77192982456141,11.403508771929824
E00037793,167,49,13,36,118,101,17,29.34131736526946,7.784431137724551,21.55688622754491,70.65868263473054,60.47904191616767,10.179640718562874
E00037794,217,54,13,41,163,149,14,24.88479262672811,5.990783410138248,18.89400921658986,75.11520737327189,68.66359447004609,6.451612903225806
E00037796,140,46,14,32,94,79,15,32.857142857142854,10,22.857142857142858,67.14285714285714,56.42857142857143,10.714285714285714
E00037797,171,54,16,38,117,102,15,31.57894736842105,9.35672514619883,22.22222222222222,68.42105263157895,59.64912280701754,8.771929824561402
E00037798,88,35,10,25,53,45,8,39.77272727272727,11.363636363636363,28.40909090909091,60.22727272727273,51.13636363636363,9.090909090909092
E00037799,185,57,15,42,128,99,29,30.810810810810814,8.108108108108109,22.702702702702705,69.1891891891892,53.51351351351351,15.675675675675677
E00037800,138,51,16,35,87,78,9,36.95652173913043,11.594202898550725,25.36231884057971,63.04347826086957,56.52173913043478,6.521739130434782
E00037801,58,15,6,9,43,33,10,25.862068965517242,10.344827586206897,15.517241379310345,74.13793103448276,56.896551724137936,17.24137931034483
E00037802,196,64,15,49,132,112,20,32.6530612244898,7.653061224489796,25,67.3469387755102,57.14285714285714,10.204081632653061
E00037803,107,40,8,32,67,58,9,37.38317757009346,7.476635514018691,29.906542056074763,62.616822429906534,54.20560747663551,8.411214953271028
E00037804,134,37,16,21,97,82,15,27.611940298507463,11.940298507462686,15.671641791044777,72.38805970149254,61.19402985074627,11.194029850746269
E00037805,110,35,14,21,75,60,15,31.818181818181817,12.727272727272727,19.090909090909093,68.18181818181817,54.54545454545454,13.636363636363635
E00037806,103,41,17,24,62,50,12,39.80582524271845,16.50485436893204,23.300970873786408,60.19417475728155,48.54368932038835,11.650485436893204
E00037807,169,51,16,35,118,100,18,30.17751479289941,9.467455621301776,20.710059171597635,69.8224852071006,59.171597633136095,10.650887573964498
E00037808,128,46,13,33,82,72,10,35.9375,10.15625,25.78125,64.0625,56.25,7.8125
E00037809,109,37,10,27,72,61,11,33.94495412844037,9.174311926605505,24.770642201834864,66.05504587155964,55.96330275229357,10.091743119266056
E00037810,81,17,4,13,64,54,10,20.98765432098765,4.938271604938271,16.049382716049383,79.01234567901234,66.66666666666666,12.345679012345679
E00037811,96,34,9,25,62,53,9,35.41666666666667,9.375,26.041666666666668,64.58333333333334,55.208333333333336,9.375
E00037812,116,31,6,25,85,77,8,26.72413793103448,5.172413793103448,21.551724137931032,73.27586206896551,66.37931034482759,6.896551724137931
E00037813,115,35,8,27,80,74,6,30.434782608695656,6.956521739130435,23.47826086956522,69.56521739130434,64.34782608695652,5.217391304347826
E00037814,83,28,6,22,55,50,5,33.734939759036145,7.228915662650602,26.506024096385545,66.26506024096386,60.24096385542169,6.024096385542169
E00037815,98,39,14,25,59,48,11,39.795918367346935,14.285714285714285,25.510204081632654,60.204081632653065,48.97959183673469,11.224489795918368
E00037816,160,54,22,32,106,85,21,33.75,13.750000000000002,20,66.25,53.125,13.125
E00037817,122,27,8,19,95,79,16,22.131147540983605,6.557377049180328,15.573770491803279,77.8688524590164,64.75409836065575,13.114754098360656
E00037818,155,43,15,28,112,97,15,27.741935483870968,9.67741935483871,18.064516129032256,72.25806451612902,62.58064516129033,9.67741935483871
E00037819,103,32,9,23,71,57,14,31.06796116504854,8.737864077669903,22.330097087378643,68.93203883495146,55.33980582524271,13.592233009708737
E00037820,122,43,15,28,79,71,8,35.24590163934426,12.295081967213115,22.950819672131146,64.75409836065575,58.19672131147541,6.557377049180328
E00037821,45,10,3,7,35,33,2,22.22222222222222,6.666666666666667,15.555555555555555,77.77777777777779,73.33333333333333,4.444444444444445
E00037822,99,30,7,23,69,58,11,30.303030303030305,7.07070707070707,23.232323232323232,69.6969696969697,58.58585858585859,11.11111111111111
E00037823,130,32,7,25,98,88,10,24.615384615384617,5.384615384615385,19.230769230769234,75.38461538461539,67.6923076923077,7.6923076923076925
E00037824,119,46,11,35,73,61,12,38.655462184873954,9.243697478991598,29.411764705882355,61.34453781512605,51.26050420168067,10.084033613445378
E00037825,111,31,11,20,80,70,10,27.927927927927925,9.90990990990991,18.01801801801802,72.07207207207207,63.06306306306306,9.00900900900901
E00037826,72,30,12,18,42,36,6,41.66666666666667,16.666666666666664,25,58.333333333333336,50,8.333333333333332
E00037827,116,38,12,26,78,67,11,32.758620689655174,10.344827586206897,22.413793103448278,67.24137931034483,57.758620689655174,9.482758620689655
E00037828,110,44,14,30,66,57,9,40,12.727272727272727,27.27272727272727,60,51.81818181818182,8.181818181818182
E00168689,286,73,19,54,213,188,25,25.524475524475527,6.643356643356643,18.88111888111888,74.47552447552448,65.73426573426573,8.741258741258742
E00168690,318,77,17,60,241,208,33,24.21383647798742,5.345911949685535,18.867924528301888,75.78616352201259,65.40880503144653,10.377358490566039
E00168691,219,43,13,30,176,146,30,19.63470319634703,5.93607305936073,13.698630136986301,80.36529680365297,66.66666666666666,13.698630136986301
E00168692,168,41,8,33,127,113,14,24.404761904761905,4.761904761904762,19.642857142857142,75.59523809523809,67.26190476190477,8.333333333333332
E00168693,298,73,22,51,225,187,38,24.496644295302016,7.38255033557047,17.114093959731544,75.50335570469798,62.751677852349,12.751677852348994
E00168694,52,10,2,8,42,40,2,19.230769230769234,3.8461538461538463,15.384615384615385,80.76923076923077,76.92307692307693,3.8461538461538463
E00168695,174,38,7,31,136,116,20,21.839080459770116,4.022988505747127,17.81609195402299,78.16091954022988,66.66666666666666,11.494252873563218
E00168696,70,23,5,18,47,47,0,32.857142857142854,7.142857142857142,25.71428571428571,67.14285714285714,67.14285714285714,0
E00168697,104,25,10,15,79,72,7,24.03846153846154,9.615384615384617,14.423076923076922,75.96153846153845,69.23076923076923,6.730769230769231
E00168698,131,38,16,22,93,79,14,29.00763358778626,12.213740458015266,16.793893129770993,70.99236641221374,60.30534351145038,10.687022900763358
E00168699,112,29,10,19,83,75,8,25.892857142857146,8.928571428571429,16.964285714285715,74.10714285714286,66.96428571428571,7.142857142857142
E00168700,200,41,5,36,159,131,28,20.5,2.5,18,79.5,65.5,14.000000000000002
E00168701,123,31,9,22,92,78,14,25.203252032520325,7.317073170731707,17.88617886178862,74.79674796747967,63.41463414634146,11.38211382113821
E00168702,222,56,14,42,166,138,28,25.225225225225223,6.306306306306306,18.91891891891892,74.77477477477478,62.16216216216216,12.612612612612612
E00168703,51,12,1,11,39,33,6,23.52941176470588,1.9607843137254901,21.568627450980394,76.47058823529412,64.70588235294117,11.76470588235294
E00168704,188,51,10,41,137,114,23,27.127659574468083,5.319148936170213,21.808510638297875,72.87234042553192,60.63829787234043,12.23404255319149
E00168705,164,38,12,26,126,102,24,23.170731707317074,7.317073170731707,15.853658536585366,76.82926829268293,62.19512195121951,14.634146341463413
E00168706,168,48,9,39,120,104,16,28.57142857142857,5.357142857142857,23.214285714285715,71.42857142857143,61.904761904761905,9.523809523809524
E00168707,356,91,34,57,265,217,48,25.56179775280899,9.550561797752808,16.01123595505618,74.43820224719101,60.95505617977528,13.48314606741573
E00168708,136,40,10,30,96,80,16,29.411764705882355,7.352941176470589,22.058823529411764,70.58823529411765,58.82352941176471,11.76470588235294
E00168709,185,50,10,40,135,113,22,27.027027027027028,5.405405405405405,21.62162162162162,72.97297297297297,61.08108108108108,11.891891891891893
E00168710,190,38,12,26,152,134,18,20,6.315789473684211,13.684210526315791,80,70.52631578947368,9.473684210526317
E00168711,171,42,13,29,129,105,24,24.561403508771928,7.602339181286549,16.95906432748538,75.43859649122807,61.40350877192983,14.035087719298245
E00168712,196,51,16,35,145,120,25,26.02040816326531,8.16326530612245,17.857142857142858,73.9795918367347,61.224489795918366,12.755102040816327
E00168713,158,44,13,31,114,95,19,27.848101265822784,8.227848101265822,19.62025316455696,72.15189873417721,60.12658227848101,12.025316455696203
E00168714,177,42,14,28,135,117,18,23.728813559322035,7.909604519774012,15.819209039548024,76.27118644067797,66.10169491525424,10.16949152542373
E00168715,162,57,9,48,105,91,14,35.18518518518518,5.555555555555555,29.629629629629626,64.81481481481481,56.17283950617284,8.641975308641975
E00168716,112,43,13,30,69,60,9,38.392857142857146,11.607142857142858,26.785714285714285,61.60714285714286,53.57142857142857,8.035714285714286
E00168717,325,80,16,64,245,205,40,24.615384615384617,4.923076923076923,19.692307692307693,75.38461538461539,63.07692307692307,12.307692307692308
E00168718,155,52,14,38,103,87,16,33.5483870967742,9.032258064516128,24.516129032258064,66.45161290322581,56.12903225806451,10.32258064516129
E00168719,190,26,8,18,164,149,15,13.684210526315791,4.2105263157894735,9.473684210526317,86.31578947368422,78.42105263157895,7.894736842105263
E00168720,117,33,10,23,84,71,13,28.205128205128204,8.547008547008547,19.65811965811966,71.7948717948718,60.68376068376068,11.11111111111111
E00179982,143,36,7,29,107,91,16,25.174825174825177,4.895104895104895,20.27972027972028,74.82517482517483,63.63636363636363,11.188811188811188
E00179983,100,22,4,18,78,67,11,22,4,18,78,67,11
E00179984,83,20,7,13,63,57,6,24.096385542168676,8.433734939759036,15.66265060240964,75.90361445783132,68.67469879518072,7.228915662650602
E00179986,52,24,8,16,28,22,6,46.15384615384615,15.384615384615385,30.76923076923077,53.84615384615385,42.30769230769231,11.538461538461538
E00179988,125,27,8,19,98,78,20,21.6,6.4,15.2,78.4,62.4,16
E00179989,311,63,16,47,248,210,38,20.257234726688104,5.144694533762058,15.112540192926044,79.7427652733119,67.52411575562701,12.218649517684888
E00179990,166,46,14,32,120,99,21,27.710843373493976,8.433734939759036,19.27710843373494,72.28915662650603,59.63855421686747,12.650602409638553
E00179998,122,33,18,15,89,77,12,27.049180327868854,14.754098360655737,12.295081967213115,72.95081967213115,63.114754098360656,9.836065573770492
E00180000,125,25,5,20,100,85,15,20,4,16,80,68,12
E00180004,103,19,4,15,84,79,5,18.446601941747574,3.8834951456310676,14.563106796116504,81.55339805825243,76.69902912621359,4.854368932038835
E00180013,311,59,15,44,252,226,26,18.971061093247588,4.823151125401929,14.14790996784566,81.02893890675242,72.66881028938906,8.360128617363344
E00180016,52,18,6,12,34,29,5,34.61538461538461,11.538461538461538,23.076923076923077,65.38461538461539,55.769230769230774,9.615384615384617
E00180020,141,38,12,26,103,89,14,26.95035460992908,8.51063829787234,18.439716312056735,73.04964539007092,63.12056737588653,9.929078014184398
E00180024,156,33,5,28,123,115,8,21.153846153846153,3.205128205128205,17.94871794871795,78.84615384615384,73.71794871794873,5.128205128205128
E00180025,216,45,7,38,171,154,17,20.833333333333336,3.2407407407407405,17.59259259259259,79.16666666666666,71.29629629629629,7.87037037037037
E00180029,181,43,12,31,138,129,9,23.756906077348066,6.629834254143646,17.12707182320442,76.24309392265194,71.27071823204419,4.972375690607735
E00180031,179,39,10,29,140,120,20,21.787709497206702,5.58659217877095,16.201117318435752,78.2122905027933,67.0391061452514,11.1731843575419
E00180032,118,19,7,12,99,78,21,16.101694915254235,5.932203389830509,10.16949152542373,83.89830508474576,66.10169491525424,17.796610169491526
E00180037,282,70,14,56,212,176,36,24.822695035460992,4.964539007092199,19.858156028368796,75.177304964539,62.4113475177305,12.76595744680851
E00180038,47,16,4,12,31,26,5,34.04255319148936,8.51063829787234,25.53191489361702,65.95744680851064,55.319148936170215,10.638297872340425
E00180044,130,18,3,15,112,96,16,13.846153846153847,2.307692307692308,11.538461538461538,86.15384615384616,73.84615384615385,12.307692307692308
E00180049,203,44,8,36,159,135,24,21.67487684729064,3.9408866995073892,17.733990147783253,78.32512315270937,66.50246305418719,11.822660098522167
E00180052,67,12,0,12,55,51,4,17.91044776119403,0,17.91044776119403,82.08955223880598,76.11940298507463,5.970149253731343
E00180053,58,18,4,14,40,35,5,31.03448275862069,6.896551724137931,24.137931034482758,68.96551724137932,60.3448275862069,8.620689655172415
E00180056,188,23,4,19,165,133,32,12.23404255319149,2.127659574468085,10.106382978723403,87.7659574468085,70.74468085106383,17.02127659574468
E00180059,254,49,20,29,205,174,31,19.291338582677163,7.874015748031496,11.41732283464567,80.70866141732283,68.50393700787401,12.204724409448819
E00180064,50,13,0,13,37,33,4,26,0,26,74,66,8
E00180066,134,31,7,24,103,89,14,23.134328358208954,5.223880597014925,17.91044776119403,76.86567164179104,66.4179104477612,10.44776119402985
E00180067,149,54,13,41,95,78,17,36.241610738255034,8.724832214765101,27.516778523489933,63.758389261744966,52.348993288590606,11.409395973154362
E00180074,252,70,29,41,182,135,47,27.77777777777778,11.507936507936508,16.26984126984127,72.22222222222221,53.57142857142857,18.650793650793652
E00180081,185,49,6,43,136,120,16,26.486486486486488,3.2432432432432434,23.243243243243246,73.51351351351352,64.86486486486487,8.64864864864865
E00180085,355,79,21,58,276,244,32,22.253521126760564,5.915492957746479,16.338028169014084,77.74647887323944,68.73239436619718,9.014084507042254
E00180087,121,34,10,24,87,74,13,28.09917355371901,8.264462809917356,19.834710743801654,71.900826446281,61.15702479338842,10.743801652892563
E00180091,93,27,7,20,66,57,9,29.03225806451613,7.526881720430108,21.50537634408602,70.96774193548387,61.29032258064516,9.67741935483871
E00180092,173,46,15,31,127,111,16,26.589595375722542,8.670520231213873,17.91907514450867,73.41040462427746,64.16184971098265,9.248554913294797
E00180095,46,15,7,8,31,21,10,32.608695652173914,15.217391304347828,17.391304347826086,67.3913043478261,45.65217391304348,21.73913043478261
E00180096,125,34,14,20,91,78,13,27.200000000000003,11.200000000000001,16,72.8,62.4,10.4
E00180099,355,86,23,63,269,234,35,24.225352112676056,6.478873239436619,17.74647887323944,75.77464788732394,65.91549295774648,9.859154929577464
E00180107,274,67,8,59,207,181,26,24.45255474452555,2.9197080291970803,21.532846715328464,75.54744525547446,66.05839416058394,9.48905109489051
E00180108,61,21,6,15,40,40,0,34.42622950819672,9.836065573770492,24.59016393442623,65.57377049180327,65.57377049180327,0
E00180109,74,22,2,20,52,48,4,29.72972972972973,2.7027027027027026,27.027027027027028,70.27027027027027,64.86486486486487,5.405405405405405
E00180112,266,64,13,51,202,173,29,24.06015037593985,4.887218045112782,19.172932330827066,75.93984962406014,65.0375939849624,10.902255639097744
E00180113,265,52,12,40,213,179,34,19.622641509433965,4.528301886792453,15.09433962264151,80.37735849056604,67.54716981132076,12.830188679245284
E00180114,141,25,5,20,116,99,17,17.73049645390071,3.546099290780142,14.184397163120568,82.26950354609929,70.2127659574468,12.056737588652481
E00180119,153,45,15,30,108,96,12,29.411764705882355,9.803921568627452,19.607843137254903,70.58823529411765,62.745098039215684,7.8431372549019605
E00180125,202,55,21,34,147,123,24,27.22772277227723,10.396039603960396,16.831683168316832,72.77227722772277,60.89108910891089,11.881188118811881
E00180126,248,67,19,48,181,167,14,27.016129032258064,7.661290322580645,19.35483870967742,72.98387096774194,67.33870967741935,5.64516129032258
E00180134,211,47,9,38,164,142,22,22.274881516587676,4.265402843601896,18.009478672985782,77.72511848341233,67.29857819905213,10.42654028436019
E00180135,225,46,11,35,179,146,33,20.444444444444446,4.888888888888889,15.555555555555555,79.55555555555556,64.88888888888889,14.666666666666666
E00180136,150,33,10,23,117,102,15,22,6.666666666666667,15.333333333333332,78,68,10
E00180140,179,47,7,40,132,108,24,26.256983240223462,3.910614525139665,22.3463687150838,73.74301675977654,60.33519553072626,13.40782122905028
