OA,ts0380001,ts0380002,ts0380003,ts0380004,ts0380005,ts0380006,ts0380007,ts0380002_PCT,ts0380003_PCT,ts0380004_PCT,ts0380005_PCT,ts0380006_PCT,ts0380007_PCT
E00037085,239,45,15,30,194,24,170,18.828451882845187,6.2761506276150625,12.552301255230125,81.17154811715481,10.0418410041841,71.1297071129707
E00037086,295,73,37,36,222,22,200,24.74576271186441,12.54237288135593,12.203389830508476,75.2542372881356,7.457627118644068,67.79661016949152
E00037087,384,67,22,45,317,26,291,17.447916666666664,5.729166666666666,11.71875,82.55208333333334,6.770833333333333,75.78125
E00037088,381,104,67,37,277,20,257,27.296587926509186,17.585301837270343,9.711286089238845,72.70341207349081,5.2493438320209975,67.45406824146981
E00037089,322,70,38,32,252,24,228,21.73913043478261,11.801242236024844,9.937888198757763,78.26086956521739,7.453416149068323,70.80745341614907
E00037090,282,73,34,39,209,14,195,25.886524822695034,12.056737588652481,13.829787234042554,74.11347517730496,4.964539007092199,69.14893617021278
E00037091,229,74,41,33,155,12,143,32.314410480349345,17.903930131004365,14.41048034934498,67.68558951965066,5.240174672489083,62.44541484716157
E00037092,272,75,32,43,197,17,180,27.573529411764707,11.76470588235294,15.808823529411764,72.42647058823529,6.25,66.17647058823529
E00037093,302,83,38,45,219,19,200,27.483443708609272,12.582781456953644,14.90066225165563,72.51655629139073,6.291390728476822,66.22516556291392
E00037094,418,85,44,41,333,25,308,20.334928229665074,10.526315789473683,9.808612440191387,79.66507177033493,5.980861244019139,73.68421052631578
E00037096,266,51,20,31,215,20,195,19.172932330827066,7.518796992481203,11.654135338345863,80.82706766917293,7.518796992481203,73.30827067669173
E00037097,228,56,22,34,172,12,160,24.561403508771928,9.649122807017543,14.912280701754385,75.43859649122807,5.263157894736842,70.17543859649122
E00037098,234,50,23,27,184,18,166,21.367521367521366,9.82905982905983,11.538461538461538,78.63247863247864,7.6923076923076925,70.94017094017094
E00037099,461,65,29,36,396,39,357,14.099783080260304,6.29067245119306,7.809110629067245,85.90021691973969,8.459869848156181,77.44034707158352
E00037100,223,48,30,18,175,19,156,21.524663677130047,13.452914798206278,8.071748878923767,78.47533632286996,8.520179372197308,69.95515695067265
E00037101,335,104,66,38,231,13,218,31.044776119402982,19.701492537313435,11.343283582089553,68.95522388059702,3.880597014925373,65.07462686567163
E00037102,451,109,59,50,342,25,317,24.168514412416854,13.082039911308204,11.086474501108649,75.83148558758315,5.543237250554324,70.28824833702882
E00037103,286,52,20,32,234,11,223,18.181818181818183,6.993006993006993,11.188811188811188,81.81818181818183,3.8461538461538463,77.97202797202797
E00037104,269,43,16,27,226,11,215,15.985130111524162,5.947955390334572,10.037174721189592,84.01486988847584,4.089219330855019,79.92565055762083
E00037105,372,101,61,40,271,24,247,27.1505376344086,16.397849462365592,10.75268817204301,72.84946236559139,6.451612903225806,66.39784946236558
E00037106,487,86,46,40,401,16,385,17.659137577002053,9.44558521560575,8.213552361396303,82.34086242299796,3.285420944558522,79.05544147843942
E00037107,295,59,29,30,236,24,212,20,9.830508474576272,10.16949152542373,80,8.135593220338983,71.86440677966101
E00037108,344,69,30,39,275,43,232,20.058139534883722,8.720930232558139,11.337209302325581,79.94186046511628,12.5,67.44186046511628
E00037109,329,116,70,46,213,8,205,35.25835866261398,21.27659574468085,13.98176291793313,64.74164133738601,2.43161094224924,62.31003039513677
E00037110,478,97,53,44,381,24,357,20.292887029288703,11.08786610878661,9.205020920502092,79.70711297071131,5.02092050209205,74.68619246861925
E00037111,257,57,24,33,200,22,178,22.17898832684825,9.33852140077821,12.840466926070038,77.82101167315176,8.560311284046692,69.26070038910505
E00037112,308,80,42,38,228,19,209,25.97402597402597,13.636363636363635,12.337662337662337,74.02597402597402,6.1688311688311686,67.85714285714286
E00037113,326,129,64,65,197,13,184,39.57055214723926,19.631901840490798,19.938650306748464,60.42944785276073,3.9877300613496933,56.44171779141104
E00037114,360,77,41,36,283,28,255,21.38888888888889,11.38888888888889,10,78.61111111111111,7.777777777777778,70.83333333333334
E00037115,299,96,49,47,203,22,181,32.10702341137124,16.387959866220736,15.719063545150503,67.89297658862876,7.357859531772576,60.535117056856194
E00037116,297,94,46,48,203,18,185,31.64983164983165,15.488215488215488,16.161616161616163,68.35016835016835,6.0606060606060606,62.2895622895623
E00037117,264,66,40,26,198,16,182,25,15.151515151515152,9.848484848484848,75,6.0606060606060606,68.93939393939394
E00037118,307,69,28,41,238,19,219,22.475570032573287,9.120521172638437,13.355048859934854,77.52442996742671,6.188925081433225,71.33550488599349
E00037119,302,81,42,39,221,27,194,26.82119205298013,13.90728476821192,12.91390728476821,73.17880794701986,8.940397350993377,64.23841059602648
E00037120,288,54,34,20,234,13,221,18.75,11.805555555555555,6.944444444444445,81.25,4.513888888888888,76.73611111111111
E00037121,228,71,41,30,157,7,150,31.140350877192986,17.982456140350877,13.157894736842104,68.85964912280701,3.070175438596491,65.78947368421053
E00037122,268,66,32,34,202,23,179,24.62686567164179,11.940298507462686,12.686567164179104,75.3731343283582,8.582089552238806,66.7910447761194
E00037123,317,67,30,37,250,16,234,21.13564668769716,9.46372239747634,11.67192429022082,78.86435331230284,5.047318611987381,73.81703470031546
E00037124,292,81,45,36,211,14,197,27.73972602739726,15.41095890410959,12.32876712328767,72.26027397260275,4.794520547945205,67.46575342465754
E00037125,286,94,52,42,192,19,173,32.86713286713287,18.181818181818183,14.685314685314685,67.13286713286713,6.643356643356643,60.48951048951049
E00037126,394,111,59,52,283,19,264,28.17258883248731,14.974619289340103,13.19796954314721,71.8274111675127,4.822335025380711,67.00507614213198
E00037127,345,84,42,42,261,16,245,24.347826086956523,12.173913043478262,12.173913043478262,75.65217391304347,4.63768115942029,71.01449275362319
E00037128,378,104,59,45,274,16,258,27.513227513227513,15.608465608465607,11.904761904761903,72.4867724867725,4.232804232804233,68.25396825396825
E00037129,298,64,33,31,234,12,222,21.476510067114095,11.073825503355705,10.40268456375839,78.52348993288591,4.026845637583892,74.49664429530202
E00037130,233,63,34,29,170,12,158,27.038626609442062,14.592274678111588,12.446351931330472,72.96137339055794,5.150214592274678,67.81115879828327
E00037131,294,90,50,40,204,13,191,30.612244897959183,17.006802721088434,13.60544217687075,69.38775510204081,4.421768707482993,64.96598639455783
E00037132,249,65,23,42,184,21,163,26.104417670682732,9.236947791164658,16.867469879518072,73.89558232931726,8.433734939759036,65.46184738955823
E00037133,326,69,29,40,257,8,249,21.165644171779142,8.895705521472392,12.269938650306749,78.83435582822086,2.4539877300613497,76.38036809815951
E00037134,350,71,39,32,279,21,258,20.285714285714285,11.142857142857142,9.142857142857142,79.71428571428572,6,73.71428571428571
E00037135,273,96,52,44,177,12,165,35.16483516483517,19.047619047619047,16.117216117216117,64.83516483516483,4.395604395604396,60.43956043956044
E00037136,517,128,70,58,389,27,362,24.758220502901356,13.539651837524177,11.218568665377177,75.24177949709865,5.222437137330754,70.01934235976789
E00037137,218,73,45,28,145,7,138,33.48623853211009,20.642201834862387,12.844036697247708,66.5137614678899,3.211009174311927,63.30275229357798
E00037138,256,46,24,22,210,22,188,17.96875,9.375,8.59375,82.03125,8.59375,73.4375
E00037139,235,101,63,38,134,16,118,42.97872340425532,26.80851063829787,16.170212765957448,57.02127659574469,6.808510638297872,50.212765957446805
E00037140,302,85,53,32,217,19,198,28.14569536423841,17.549668874172188,10.596026490066226,71.8543046357616,6.291390728476822,65.56291390728477
E00037141,374,61,29,32,313,45,268,16.31016042780749,7.754010695187167,8.55614973262032,83.68983957219251,12.032085561497325,71.65775401069519
E00037142,551,87,39,48,464,35,429,15.789473684210526,7.078039927404718,8.711433756805807,84.21052631578947,6.352087114337568,77.8584392014519
E00037143,455,114,50,64,341,22,319,25.054945054945055,10.989010989010989,14.065934065934066,74.94505494505495,4.835164835164836,70.1098901098901
E00037145,283,73,43,30,210,15,195,25.795053003533567,15.19434628975265,10.60070671378092,74.20494699646643,5.30035335689046,68.90459363957598
E00037146,226,101,64,37,125,12,113,44.690265486725664,28.31858407079646,16.371681415929203,55.309734513274336,5.3097345132743365,50
E00037147,590,140,69,71,450,23,427,23.728813559322035,11.694915254237289,12.033898305084746,76.27118644067797,3.898305084745763,72.37288135593221
E00037149,301,68,40,28,233,17,216,22.591362126245848,13.2890365448505,9.30232558139535,77.40863787375415,5.647840531561462,71.76079734219269
E00037150,568,108,49,59,460,33,427,19.014084507042252,8.626760563380282,10.387323943661972,80.98591549295774,5.809859154929577,75.17605633802818
E00037151,284,79,42,37,205,16,189,27.816901408450708,14.788732394366196,13.028169014084506,72.1830985915493,5.633802816901409,66.54929577464789
E00037152,338,75,41,34,263,11,252,22.189349112426036,12.1301775147929,10.059171597633137,77.81065088757396,3.2544378698224854,74.55621301775149
E00037153,277,65,30,35,212,21,191,23.465703971119133,10.830324909747292,12.63537906137184,76.53429602888086,7.581227436823104,68.95306859205776
E00037154,324,66,37,29,258,22,236,20.37037037037037,11.419753086419753,8.950617283950617,79.62962962962963,6.790123456790123,72.8395061728395
E00037155,247,96,59,37,151,17,134,38.8663967611336,23.88663967611336,14.979757085020243,61.1336032388664,6.882591093117409,54.25101214574899
E00037156,487,97,59,38,390,32,358,19.917864476386036,12.114989733059549,7.802874743326489,80.08213552361396,6.570841889117044,73.51129363449692
E00037157,480,114,66,48,366,36,330,23.75,13.750000000000002,10,76.25,7.5,68.75
E00037158,235,89,56,33,146,11,135,37.87234042553192,23.829787234042556,14.042553191489363,62.12765957446808,4.680851063829787,57.446808510638306
E00037159,444,74,42,32,370,26,344,16.666666666666664,9.45945945945946,7.207207207207207,83.33333333333334,5.8558558558558556,77.47747747747748
E00037160,616,101,50,51,515,15,500,16.3961038961039,8.116883116883116,8.279220779220779,83.6038961038961,2.4350649350649354,81.16883116883116
E00037161,281,126,90,36,155,15,140,44.83985765124555,32.028469750889684,12.811387900355871,55.16014234875445,5.338078291814947,49.8220640569395
E00037162,343,53,29,24,290,20,270,15.451895043731778,8.454810495626822,6.997084548104956,84.54810495626822,5.830903790087463,78.71720116618076
E00037163,351,88,41,47,263,22,241,25.071225071225072,11.68091168091168,13.390313390313391,74.92877492877493,6.267806267806268,68.66096866096866
E00037164,271,69,41,28,202,21,181,25.461254612546124,15.129151291512915,10.33210332103321,74.53874538745387,7.7490774907749085,66.78966789667896
E00037165,535,108,52,56,427,36,391,20.186915887850468,9.719626168224298,10.46728971962617,79.81308411214954,6.728971962616822,73.08411214953271
E00037166,377,89,43,46,288,25,263,23.607427055702917,11.405835543766578,12.20159151193634,76.39257294429707,6.631299734748011,69.76127320954907
E00037167,332,106,59,47,226,20,206,31.92771084337349,17.771084337349397,14.156626506024098,68.07228915662651,6.024096385542169,62.048192771084345
E00037168,288,74,31,43,214,15,199,25.694444444444443,10.76388888888889,14.930555555555555,74.30555555555556,5.208333333333334,69.09722222222221
E00037169,239,42,17,25,197,16,181,17.573221757322173,7.112970711297072,10.460251046025103,82.42677824267783,6.694560669456067,75.73221757322176
E00037170,207,35,17,18,172,13,159,16.908212560386474,8.212560386473431,8.695652173913043,83.09178743961353,6.280193236714976,76.81159420289855
E00037171,233,44,16,28,189,18,171,18.88412017167382,6.866952789699571,12.017167381974248,81.11587982832617,7.725321888412018,73.39055793991416
E00037172,248,37,13,24,211,21,190,14.919354838709678,5.241935483870968,9.67741935483871,85.08064516129032,8.46774193548387,76.61290322580645
E00037173,266,60,29,31,206,16,190,22.55639097744361,10.902255639097744,11.654135338345863,77.44360902255639,6.015037593984962,71.42857142857143
E00037174,289,59,25,34,230,13,217,20.415224913494807,8.650519031141869,11.76470588235294,79.58477508650519,4.498269896193772,75.08650519031141
E00037175,272,59,26,33,213,14,199,21.691176470588236,9.558823529411764,12.132352941176471,78.30882352941177,5.147058823529411,73.16176470588235
E00037176,288,44,20,24,244,23,221,15.277777777777779,6.944444444444445,8.333333333333332,84.72222222222221,7.986111111111111,76.73611111111111
E00037177,304,45,22,23,259,23,236,14.802631578947366,7.236842105263158,7.565789473684211,85.19736842105263,7.565789473684211,77.63157894736842
E00037178,353,79,46,33,274,21,253,22.379603399433428,13.031161473087819,9.34844192634561,77.62039660056658,5.94900849858357,71.671388101983
E00037179,265,85,52,33,180,13,167,32.075471698113205,19.622641509433965,12.452830188679245,67.9245283018868,4.905660377358491,63.0188679245283
E00037181,224,85,45,40,139,12,127,37.94642857142857,20.089285714285715,17.857142857142858,62.05357142857143,5.357142857142857,56.69642857142857
E00037182,271,57,23,34,214,20,194,21.033210332103323,8.487084870848708,12.546125461254611,78.96678966789668,7.380073800738007,71.58671586715867
E00037183,318,50,23,27,268,11,257,15.723270440251572,7.232704402515723,8.49056603773585,84.27672955974843,3.459119496855346,80.81761006289308
E00037184,312,48,22,26,264,12,252,15.384615384615385,7.051282051282051,8.333333333333332,84.61538461538461,3.8461538461538463,80.76923076923077
E00037186,249,53,15,38,196,11,185,21.285140562248998,6.024096385542169,15.261044176706829,78.714859437751,4.417670682730924,74.29718875502009
E00037187,288,88,59,29,200,10,190,30.555555555555557,20.48611111111111,10.069444444444445,69.44444444444444,3.4722222222222223,65.97222222222221
E00037188,169,85,49,36,84,11,73,50.29585798816568,28.994082840236686,21.301775147928996,49.70414201183432,6.508875739644971,43.19526627218935
E00037189,327,72,35,37,255,19,236,22.018348623853214,10.703363914373089,11.314984709480122,77.98165137614679,5.81039755351682,72.17125382262996
E00037190,135,60,35,25,75,7,68,44.44444444444444,25.925925925925924,18.51851851851852,55.55555555555556,5.185185185185185,50.37037037037037
E00037191,187,47,29,18,140,6,134,25.13368983957219,15.508021390374333,9.62566844919786,74.8663101604278,3.2085561497326207,71.65775401069519
E00037192,332,55,18,37,277,13,264,16.566265060240966,5.421686746987952,11.144578313253012,83.43373493975903,3.91566265060241,79.51807228915662
E00037193,328,68,25,43,260,15,245,20.73170731707317,7.621951219512195,13.109756097560975,79.26829268292683,4.573170731707317,74.6951219512195
E00037194,310,55,24,31,255,18,237,17.741935483870968,7.741935483870968,10,82.25806451612904,5.806451612903226,76.45161290322581
E00037195,332,52,26,26,280,26,254,15.66265060240964,7.83132530120482,7.83132530120482,84.33734939759037,7.83132530120482,76.50602409638554
E00037196,363,80,40,40,283,20,263,22.03856749311295,11.019283746556475,11.019283746556475,77.96143250688705,5.5096418732782375,72.45179063360881
E00037197,188,54,28,26,134,9,125,28.723404255319153,14.893617021276595,13.829787234042554,71.27659574468085,4.787234042553192,66.48936170212765
E00037198,238,59,23,36,179,14,165,24.789915966386555,9.663865546218489,15.126050420168067,75.21008403361344,5.88235294117647,69.32773109243698
E00037199,232,35,11,24,197,14,183,15.086206896551724,4.741379310344827,10.344827586206897,84.91379310344827,6.0344827586206895,78.87931034482759
E00037200,266,40,17,23,226,16,210,15.037593984962406,6.390977443609022,8.646616541353383,84.9624060150376,6.015037593984962,78.94736842105263
E00037201,267,44,15,29,223,16,207,16.479400749063668,5.617977528089887,10.861423220973784,83.52059925093633,5.992509363295881,77.52808988764045
E00037202,284,53,21,32,231,32,199,18.661971830985916,7.394366197183098,11.267605633802818,81.33802816901408,11.267605633802818,70.07042253521126
E00037203,238,45,18,27,193,10,183,18.907563025210084,7.563025210084033,11.344537815126051,81.09243697478992,4.201680672268908,76.89075630252101
E00037204,268,66,44,22,202,9,193,24.62686567164179,16.417910447761194,8.208955223880597,75.3731343283582,3.3582089552238807,72.01492537313433
E00037205,297,41,14,27,256,14,242,13.804713804713806,4.713804713804714,9.090909090909092,86.19528619528619,4.713804713804714,81.48148148148148
E00037206,339,92,50,42,247,25,222,27.13864306784661,14.749262536873156,12.389380530973451,72.86135693215338,7.374631268436578,65.48672566371681
E00037207,335,74,37,37,261,22,239,22.08955223880597,11.044776119402986,11.044776119402986,77.91044776119404,6.567164179104477,71.34328358208955
E00037208,431,67,26,41,364,18,346,15.54524361948956,6.0324825986078885,9.51276102088167,84.45475638051045,4.176334106728538,80.2784222737819
E00037209,174,115,76,39,59,9,50,66.0919540229885,43.67816091954023,22.413793103448278,33.90804597701149,5.172413793103448,28.735632183908045
E00037210,255,56,33,23,199,21,178,21.96078431372549,12.941176470588237,9.019607843137255,78.03921568627452,8.235294117647058,69.80392156862744
E00037211,307,82,59,23,225,13,212,26.710097719869708,19.218241042345277,7.491856677524431,73.28990228013029,4.234527687296417,69.05537459283387
E00037212,281,69,39,30,212,17,195,24.555160142348754,13.87900355871886,10.676156583629894,75.44483985765125,6.049822064056939,69.3950177935943
E00037213,257,69,32,37,188,10,178,26.848249027237355,12.45136186770428,14.396887159533073,73.15175097276264,3.8910505836575875,69.26070038910505
E00037215,252,72,30,42,180,14,166,28.57142857142857,11.904761904761903,16.666666666666664,71.42857142857143,5.555555555555555,65.87301587301587
E00037216,228,61,26,35,167,13,154,26.75438596491228,11.403508771929824,15.350877192982457,73.24561403508771,5.701754385964912,67.54385964912281
E00037217,315,74,31,43,241,20,221,23.49206349206349,9.841269841269842,13.65079365079365,76.5079365079365,6.349206349206349,70.15873015873015
E00037218,357,81,35,46,276,19,257,22.689075630252102,9.803921568627452,12.885154061624648,77.31092436974791,5.322128851540616,71.98879551820728
E00037219,332,64,34,30,268,20,248,19.27710843373494,10.240963855421686,9.036144578313253,80.72289156626506,6.024096385542169,74.69879518072288
E00037220,304,44,20,24,260,22,238,14.473684210526317,6.578947368421052,7.894736842105263,85.52631578947368,7.236842105263158,78.28947368421053
E00037221,437,80,44,36,357,25,332,18.306636155606405,10.068649885583524,8.237986270022883,81.6933638443936,5.720823798627003,75.97254004576659
E00037222,324,44,16,28,280,25,255,13.580246913580247,4.938271604938271,8.641975308641975,86.41975308641975,7.716049382716049,78.70370370370371
E00037223,527,121,61,60,406,36,370,22.960151802656547,11.57495256166983,11.385199240986717,77.03984819734345,6.83111954459203,70.20872865275142
E00037224,346,77,39,38,269,20,249,22.254335260115607,11.271676300578035,10.982658959537572,77.74566473988439,5.780346820809249,71.96531791907515
E00037225,597,72,37,35,525,37,488,12.060301507537687,6.197654941373535,5.8626465661641545,87.93969849246231,6.197654941373535,81.74204355108877
E00037226,352,89,41,48,263,16,247,25.28409090909091,11.647727272727272,13.636363636363635,74.7159090909091,4.545454545454546,70.17045454545455
E00037227,303,37,15,22,266,22,244,12.211221122112212,4.9504950495049505,7.2607260726072615,87.78877887788778,7.2607260726072615,80.52805280528052
E00037228,328,89,44,45,239,17,222,27.134146341463417,13.414634146341465,13.719512195121952,72.86585365853658,5.182926829268292,67.6829268292683
E00037229,282,89,45,44,193,13,180,31.560283687943265,15.957446808510639,15.602836879432624,68.43971631205675,4.609929078014184,63.829787234042556
E00037230,397,104,50,54,293,21,272,26.19647355163728,12.594458438287154,13.602015113350127,73.80352644836272,5.289672544080604,68.51385390428212
E00037231,215,75,43,32,140,14,126,34.883720930232556,20,14.883720930232558,65.11627906976744,6.511627906976744,58.6046511627907
E00037232,262,52,27,25,210,8,202,19.84732824427481,10.305343511450381,9.541984732824428,80.1526717557252,3.0534351145038165,77.09923664122137
E00037233,356,92,50,42,264,24,240,25.842696629213485,14.04494382022472,11.797752808988763,74.15730337078652,6.741573033707865,67.41573033707866
E00037234,325,58,24,34,267,19,248,17.846153846153847,7.384615384615385,10.461538461538462,82.15384615384616,5.846153846153846,76.3076923076923
E00037235,374,88,37,51,286,19,267,23.52941176470588,9.893048128342247,13.636363636363635,76.47058823529412,5.080213903743315,71.3903743315508
E00037236,321,68,32,36,253,22,231,21.18380062305296,9.968847352024921,11.214953271028037,78.81619937694704,6.853582554517133,71.96261682242991
E00037237,328,65,31,34,263,27,236,19.817073170731707,9.451219512195122,10.365853658536585,80.1829268292683,8.231707317073171,71.95121951219512
E00037238,249,62,33,29,187,11,176,24.899598393574294,13.253012048192772,11.646586345381527,75.1004016064257,4.417670682730924,70.68273092369478
E00037239,384,88,44,44,296,24,272,22.916666666666664,11.458333333333332,11.458333333333332,77.08333333333334,6.25,70.83333333333334
E00037240,269,56,23,33,213,19,194,20.817843866171003,8.550185873605948,12.267657992565056,79.182156133829,7.063197026022305,72.11895910780669
E00037241,303,90,37,53,213,21,192,29.7029702970297,12.211221122112212,17.491749174917494,70.29702970297029,6.9306930693069315,63.366336633663366
E00037242,273,78,33,45,195,16,179,28.57142857142857,12.087912087912088,16.483516483516482,71.42857142857143,5.86080586080586,65.56776556776556
E00037243,322,55,22,33,267,20,247,17.080745341614907,6.832298136645963,10.248447204968944,82.91925465838509,6.211180124223603,76.70807453416148
E00037244,286,83,50,33,203,13,190,29.02097902097902,17.482517482517483,11.538461538461538,70.97902097902097,4.545454545454546,66.43356643356644
E00037245,240,70,41,29,170,10,160,29.166666666666668,17.083333333333332,12.083333333333334,70.83333333333334,4.166666666666666,66.66666666666666
E00037246,271,69,31,38,202,20,182,25.461254612546124,11.439114391143912,14.022140221402212,74.53874538745387,7.380073800738007,67.15867158671587
E00037247,367,70,29,41,297,25,272,19.07356948228883,7.901907356948229,11.1716621253406,80.92643051771117,6.811989100817439,74.11444141689373
E00037248,269,88,47,41,181,11,170,32.71375464684015,17.472118959107807,15.241635687732341,67.28624535315984,4.089219330855019,63.19702602230484
E00037249,245,51,28,23,194,19,175,20.816326530612244,11.428571428571429,9.387755102040817,79.18367346938776,7.755102040816326,71.42857142857143
E00037250,292,62,27,35,230,19,211,21.232876712328768,9.246575342465754,11.986301369863012,78.76712328767124,6.506849315068493,72.26027397260275
E00037251,366,89,42,47,277,21,256,24.316939890710383,11.475409836065573,12.841530054644808,75.68306010928961,5.737704918032787,69.94535519125684
E00037252,295,71,39,32,224,16,208,24.06779661016949,13.220338983050848,10.847457627118644,75.9322033898305,5.423728813559322,70.50847457627118
E00037253,305,82,41,41,223,20,203,26.885245901639344,13.442622950819672,13.442622950819672,73.11475409836066,6.557377049180328,66.55737704918033
E00037254,310,72,38,34,238,16,222,23.225806451612904,12.258064516129032,10.967741935483872,76.77419354838709,5.161290322580645,71.61290322580646
E00037255,408,76,34,42,332,21,311,18.627450980392158,8.333333333333332,10.294117647058822,81.37254901960785,5.147058823529411,76.22549019607843
E00037256,268,64,29,35,204,17,187,23.88059701492537,10.820895522388058,13.059701492537313,76.11940298507463,6.343283582089552,69.77611940298507
E00037257,388,87,45,42,301,20,281,22.422680412371136,11.597938144329897,10.824742268041238,77.57731958762886,5.154639175257731,72.42268041237114
E00037258,387,93,44,49,294,31,263,24.031007751937985,11.369509043927648,12.661498708010335,75.96899224806202,8.010335917312661,67.95865633074936
E00037259,253,57,28,29,196,24,172,22.529644268774703,11.067193675889328,11.462450592885375,77.4703557312253,9.486166007905137,67.98418972332016
E00037260,269,51,24,27,218,19,199,18.95910780669145,8.921933085501859,10.037174721189592,81.04089219330855,7.063197026022305,73.97769516728626
E00037261,274,65,36,29,209,9,200,23.722627737226276,13.138686131386862,10.583941605839415,76.27737226277372,3.2846715328467155,72.99270072992701
E00037262,329,86,41,45,243,16,227,26.13981762917933,12.462006079027356,13.677811550151976,73.86018237082067,4.86322188449848,68.9969604863222
E00037263,339,114,77,37,225,21,204,33.6283185840708,22.71386430678466,10.914454277286136,66.3716814159292,6.1946902654867255,60.17699115044248
E00037264,191,36,20,16,155,17,138,18.848167539267017,10.471204188481675,8.37696335078534,81.15183246073299,8.900523560209423,72.25130890052355
E00037265,241,70,29,41,171,20,151,29.045643153526974,12.033195020746888,17.012448132780083,70.95435684647303,8.29875518672199,62.655601659751035
E00037266,429,119,64,55,310,23,287,27.73892773892774,14.918414918414918,12.82051282051282,72.26107226107226,5.361305361305361,66.8997668997669
E00037267,249,79,38,41,170,15,155,31.72690763052209,15.261044176706829,16.46586345381526,68.27309236947792,6.024096385542169,62.24899598393574
E00037268,270,90,42,48,180,13,167,33.33333333333333,15.555555555555555,17.77777777777778,66.66666666666666,4.814814814814815,61.85185185185185
E00037269,275,89,55,34,186,10,176,32.36363636363636,20,12.363636363636363,67.63636363636364,3.6363636363636362,64
E00037270,298,66,26,40,232,21,211,22.14765100671141,8.724832214765101,13.422818791946309,77.85234899328859,7.046979865771812,70.80536912751678
E00037271,463,109,54,55,354,27,327,23.542116630669547,11.663066954643629,11.879049676025918,76.45788336933045,5.831533477321814,70.62634989200865
E00037272,264,60,26,34,204,21,183,22.727272727272727,9.848484848484848,12.878787878787879,77.27272727272727,7.954545454545454,69.31818181818183
E00037273,287,90,52,38,197,11,186,31.3588850174216,18.118466898954704,13.240418118466899,68.6411149825784,3.8327526132404177,64.80836236933798
E00037274,243,58,29,29,185,22,163,23.868312757201647,11.934156378600823,11.934156378600823,76.13168724279835,9.053497942386832,67.07818930041152
E00037275,166,35,15,20,131,11,120,21.084337349397593,9.036144578313253,12.048192771084338,78.91566265060241,6.626506024096386,72.28915662650603
E00037276,326,46,11,35,280,37,243,14.11042944785276,3.374233128834356,10.736196319018406,85.88957055214725,11.349693251533742,74.5398773006135
E00037277,256,60,20,40,196,22,174,23.4375,7.8125,15.625,76.5625,8.59375,67.96875
E00037278,295,56,30,26,239,27,212,18.983050847457626,10.16949152542373,8.813559322033898,81.01694915254237,9.152542372881356,71.86440677966101
E00037279,318,71,30,41,247,24,223,22.32704402515723,9.433962264150944,12.89308176100629,77.67295597484278,7.547169811320755,70.12578616352201
E00037280,346,57,23,34,289,31,258,16.473988439306357,6.6473988439306355,9.826589595375722,83.52601156069365,8.959537572254336,74.56647398843931
E00037281,251,58,27,31,193,22,171,23.107569721115535,10.756972111553784,12.350597609561753,76.89243027888446,8.764940239043826,68.12749003984064
E00037282,282,54,24,30,228,25,203,19.148936170212767,8.51063829787234,10.638297872340425,80.85106382978722,8.865248226950355,71.98581560283688
E00037283,238,77,34,43,161,15,146,32.35294117647059,14.285714285714285,18.067226890756302,67.64705882352942,6.302521008403361,61.34453781512605
E00037284,279,50,18,32,229,20,209,17.921146953405017,6.451612903225806,11.469534050179211,82.07885304659499,7.168458781362006,74.91039426523297
E00037285,316,102,43,59,214,24,190,32.278481012658226,13.60759493670886,18.670886075949365,67.72151898734177,7.59493670886076,60.12658227848101
E00037286,286,61,24,37,225,23,202,21.328671328671327,8.391608391608392,12.937062937062937,78.67132867132867,8.041958041958042,70.62937062937063
E00037287,364,80,40,40,284,22,262,21.978021978021978,10.989010989010989,10.989010989010989,78.02197802197803,6.043956043956044,71.97802197802197
E00037288,275,54,23,31,221,21,200,19.636363636363637,8.363636363636363,11.272727272727273,80.36363636363636,7.636363636363637,72.72727272727273
E00037289,242,47,21,26,195,25,170,19.421487603305785,8.677685950413224,10.743801652892563,80.57851239669421,10.330578512396695,70.24793388429752
E00037290,307,56,27,29,251,27,224,18.241042345276874,8.794788273615636,9.446254071661238,81.75895765472313,8.794788273615636,72.9641693811075
E00037291,263,43,22,21,220,26,194,16.34980988593156,8.365019011406844,7.984790874524715,83.65019011406845,9.885931558935361,73.76425855513308
E00037292,246,64,33,31,182,10,172,26.01626016260163,13.414634146341465,12.601626016260163,73.98373983739837,4.0650406504065035,69.91869918699187
E00037293,244,55,29,26,189,17,172,22.540983606557376,11.885245901639344,10.655737704918032,77.45901639344262,6.967213114754098,70.49180327868852
E00037294,267,61,29,32,206,12,194,22.846441947565545,10.861423220973784,11.985018726591761,77.15355805243446,4.49438202247191,72.65917602996255
E00037295,332,30,6,24,302,22,280,9.036144578313253,1.8072289156626504,7.228915662650602,90.96385542168674,6.626506024096386,84.33734939759037
E00037296,210,81,50,31,129,17,112,38.57142857142858,23.809523809523807,14.761904761904763,61.42857142857143,8.095238095238095,53.333333333333336
E00037297,243,59,33,26,184,20,164,24.279835390946502,13.580246913580247,10.699588477366255,75.7201646090535,8.23045267489712,67.48971193415639
E00037298,280,65,26,39,215,25,190,23.214285714285715,9.285714285714286,13.928571428571429,76.78571428571429,8.928571428571429,67.85714285714286
E00037299,292,68,25,43,224,23,201,23.28767123287671,8.561643835616438,14.726027397260275,76.71232876712328,7.876712328767123,68.83561643835617
E00037300,283,91,53,38,192,25,167,32.15547703180212,18.727915194346288,13.427561837455832,67.84452296819788,8.8339222614841,59.01060070671378
E00037301,380,70,45,25,310,18,292,18.421052631578945,11.842105263157894,6.578947368421052,81.57894736842105,4.736842105263158,76.84210526315789
E00037302,283,49,21,28,234,24,210,17.314487632508836,7.420494699646643,9.89399293286219,82.68551236749117,8.480565371024735,74.20494699646643
E00037303,208,35,8,27,173,20,153,16.826923076923077,3.8461538461538463,12.980769230769232,83.17307692307693,9.615384615384617,73.5576923076923
E00037304,213,64,31,33,149,16,133,30.046948356807512,14.553990610328638,15.492957746478872,69.95305164319248,7.511737089201878,62.441314553990615
E00037305,304,34,16,18,270,21,249,11.18421052631579,5.263157894736842,5.921052631578947,88.81578947368422,6.907894736842106,81.9078947368421
E00037306,265,41,23,18,224,27,197,15.471698113207546,8.679245283018867,6.7924528301886795,84.52830188679246,10.18867924528302,74.33962264150942
E00037307,242,62,35,27,180,11,169,25.6198347107438,14.46280991735537,11.15702479338843,74.3801652892562,4.545454545454546,69.83471074380165
E00037309,308,60,27,33,248,25,223,19.480519480519483,8.766233766233766,10.714285714285714,80.51948051948052,8.116883116883116,72.40259740259741
E00037310,302,77,40,37,225,16,209,25.496688741721858,13.245033112582782,12.251655629139073,74.50331125827815,5.298013245033113,69.20529801324503
E00037311,291,70,33,37,221,22,199,24.054982817869416,11.34020618556701,12.714776632302405,75.94501718213058,7.560137457044673,68.38487972508591
E00037312,319,54,16,38,265,28,237,16.927899686520377,5.015673981191222,11.912225705329153,83.07210031347962,8.77742946708464,74.29467084639498
E00037313,337,51,17,34,286,25,261,15.133531157270031,5.044510385756676,10.089020771513352,84.86646884272997,7.418397626112759,77.44807121661721
E00037314,296,83,37,46,213,24,189,28.040540540540544,12.5,15.54054054054054,71.95945945945947,8.108108108108109,63.85135135135135
E00037315,287,91,42,49,196,23,173,31.70731707317073,14.634146341463413,17.073170731707318,68.29268292682927,8.013937282229964,60.278745644599304
E00037316,317,76,38,38,241,27,214,23.974763406940063,11.987381703470032,11.987381703470032,76.02523659305994,8.517350157728707,67.50788643533123
E00037317,294,42,13,29,252,25,227,14.285714285714285,4.421768707482993,9.863945578231291,85.71428571428571,8.503401360544217,77.21088435374149
E00037318,276,53,24,29,223,22,201,19.202898550724637,8.695652173913043,10.507246376811594,80.79710144927536,7.971014492753622,72.82608695652173
E00037320,233,84,52,32,149,13,136,36.05150214592275,22.317596566523605,13.733905579399142,63.94849785407726,5.579399141630901,58.36909871244635
E00037321,330,66,34,32,264,24,240,20,10.303030303030303,9.696969696969697,80,7.2727272727272725,72.72727272727273
E00037322,291,70,38,32,221,14,207,24.054982817869416,13.058419243986256,10.996563573883162,75.94501718213058,4.810996563573884,71.1340206185567
E00037323,279,79,33,46,200,19,181,28.31541218637993,11.827956989247312,16.48745519713262,71.68458781362007,6.810035842293908,64.87455197132617
E00037324,229,66,32,34,163,13,150,28.82096069868996,13.973799126637553,14.847161572052403,71.17903930131004,5.676855895196507,65.50218340611353
E00037327,311,79,37,42,232,13,219,25.401929260450164,11.89710610932476,13.504823151125404,74.59807073954984,4.180064308681672,70.41800643086816
E00037328,444,99,50,49,345,35,310,22.2972972972973,11.26126126126126,11.036036036036036,77.7027027027027,7.882882882882883,69.81981981981981
E00037329,222,53,23,30,169,14,155,23.873873873873876,10.36036036036036,13.513513513513514,76.12612612612612,6.306306306306306,69.81981981981981
E00037330,262,54,28,26,208,14,194,20.610687022900763,10.687022900763358,9.923664122137405,79.38931297709924,5.343511450381679,74.04580152671755
E00037331,264,79,48,31,185,17,168,29.924242424242426,18.181818181818183,11.742424242424242,70.07575757575758,6.4393939393939394,63.63636363636363
E00037332,312,81,40,41,231,18,213,25.961538461538463,12.82051282051282,13.141025641025642,74.03846153846155,5.769230769230769,68.26923076923077
E00037333,272,85,41,44,187,20,167,31.25,15.073529411764705,16.176470588235293,68.75,7.352941176470589,61.39705882352941
E00037334,258,51,27,24,207,9,198,19.767441860465116,10.465116279069768,9.30232558139535,80.23255813953489,3.488372093023256,76.74418604651163
E00037336,314,76,30,46,238,27,211,24.203821656050955,9.554140127388536,14.64968152866242,75.79617834394905,8.598726114649681,67.19745222929936
E00037337,319,106,54,52,213,15,198,33.22884012539185,16.927899686520377,16.30094043887147,66.77115987460816,4.702194357366771,62.06896551724138
E00037338,324,87,46,41,237,15,222,26.851851851851855,14.19753086419753,12.654320987654321,73.14814814814815,4.62962962962963,68.51851851851852
E00037339,320,89,55,34,231,24,207,27.8125,17.1875,10.625,72.1875,7.5,64.6875
E00037340,331,85,38,47,246,16,230,25.6797583081571,11.48036253776435,14.19939577039275,74.32024169184291,4.833836858006042,69.48640483383686
E00037341,278,64,29,35,214,12,202,23.021582733812952,10.431654676258994,12.589928057553957,76.97841726618705,4.316546762589928,72.66187050359713
E00037342,151,66,37,29,85,11,74,43.70860927152318,24.503311258278146,19.205298013245034,56.29139072847682,7.28476821192053,49.00662251655629
E00037343,297,77,38,39,220,19,201,25.925925925925924,12.794612794612794,13.131313131313133,74.07407407407408,6.397306397306397,67.67676767676768
E00037344,323,94,50,44,229,23,206,29.102167182662537,15.479876160990713,13.622291021671826,70.89783281733746,7.120743034055728,63.77708978328174
E00037345,308,71,30,41,237,24,213,23.051948051948052,9.740259740259742,13.311688311688311,76.94805194805194,7.792207792207792,69.15584415584416
E00037346,364,96,45,51,268,28,240,26.373626373626376,12.362637362637363,14.010989010989011,73.62637362637363,7.6923076923076925,65.93406593406593
E00037348,279,65,33,32,214,15,199,23.297491039426525,11.827956989247312,11.469534050179211,76.70250896057348,5.376344086021505,71.32616487455196
E00037349,450,85,42,43,365,28,337,18.88888888888889,9.333333333333334,9.555555555555555,81.11111111111111,6.222222222222222,74.8888888888889
E00037351,304,86,40,46,218,13,205,28.289473684210524,13.157894736842104,15.131578947368421,71.71052631578947,4.276315789473684,67.43421052631578
E00037352,296,55,25,30,241,25,216,18.58108108108108,8.445945945945946,10.135135135135135,81.41891891891892,8.445945945945946,72.97297297297297
E00037353,275,60,30,30,215,14,201,21.818181818181817,10.909090909090908,10.909090909090908,78.18181818181819,5.090909090909091,73.0909090909091
E00037354,209,63,27,36,146,16,130,30.14354066985646,12.918660287081341,17.22488038277512,69.85645933014354,7.655502392344498,62.20095693779905
E00037355,289,64,32,32,225,14,211,22.145328719723185,11.072664359861593,11.072664359861593,77.85467128027682,4.844290657439446,73.01038062283737
E00037356,256,43,21,22,213,18,195,16.796875,8.203125,8.59375,83.203125,7.03125,76.171875
E00037357,288,92,44,48,196,10,186,31.944444444444443,15.277777777777779,16.666666666666664,68.05555555555556,3.4722222222222223,64.58333333333334
E00037358,270,54,26,28,216,22,194,20,9.62962962962963,10.37037037037037,80,8.148148148148149,71.85185185185186
E00037359,195,67,35,32,128,6,122,34.35897435897436,17.94871794871795,16.41025641025641,65.64102564102564,3.076923076923077,62.56410256410256
E00037360,236,88,38,50,148,15,133,37.28813559322034,16.101694915254235,21.1864406779661,62.71186440677966,6.3559322033898304,56.355932203389834
E00037362,334,130,56,74,204,23,181,38.92215568862276,16.766467065868262,22.15568862275449,61.07784431137725,6.88622754491018,54.191616766467064
E00037363,188,75,51,24,113,11,102,39.8936170212766,27.127659574468083,12.76595744680851,60.1063829787234,5.851063829787234,54.25531914893617
E00037364,317,100,49,51,217,6,211,31.545741324921135,15.457413249211358,16.08832807570978,68.45425867507886,1.8927444794952681,66.5615141955836
E00037365,385,89,38,51,296,21,275,23.116883116883116,9.87012987012987,13.246753246753245,76.88311688311688,5.454545454545454,71.42857142857143
E00037366,203,56,36,20,147,6,141,27.586206896551722,17.733990147783253,9.852216748768473,72.41379310344827,2.955665024630542,69.45812807881774
E00037367,229,72,34,38,157,12,145,31.4410480349345,14.847161572052403,16.593886462882097,68.5589519650655,5.240174672489083,63.31877729257642
E00037368,269,68,37,31,201,19,182,25.27881040892193,13.754646840148698,11.524163568773234,74.72118959107806,7.063197026022305,67.65799256505576
E00037369,504,99,39,60,405,37,368,19.642857142857142,7.738095238095238,11.904761904761903,80.35714285714286,7.341269841269842,73.01587301587301
E00037370,294,76,40,36,218,25,193,25.850340136054424,13.60544217687075,12.244897959183673,74.14965986394559,8.503401360544217,65.64625850340136
E00037371,300,80,47,33,220,17,203,26.666666666666668,15.666666666666668,11,73.33333333333333,5.666666666666666,67.66666666666666
E00037372,332,72,34,38,260,15,245,21.686746987951807,10.240963855421686,11.44578313253012,78.3132530120482,4.518072289156627,73.79518072289156
E00037373,294,94,47,47,200,15,185,31.97278911564626,15.98639455782313,15.98639455782313,68.02721088435374,5.1020408163265305,62.925170068027214
E00037374,286,78,34,44,208,20,188,27.27272727272727,11.888111888111888,15.384615384615385,72.72727272727273,6.993006993006993,65.73426573426573
E00037375,118,35,16,19,83,3,80,29.66101694915254,13.559322033898304,16.101694915254235,70.33898305084746,2.5423728813559325,67.79661016949152
E00037376,243,67,30,37,176,13,163,27.572016460905353,12.345679012345679,15.22633744855967,72.42798353909465,5.349794238683128,67.07818930041152
E00037377,295,62,25,37,233,18,215,21.01694915254237,8.47457627118644,12.54237288135593,78.98305084745762,6.101694915254238,72.88135593220339
E00037378,329,86,50,36,243,11,232,26.13981762917933,15.19756838905775,10.94224924012158,73.86018237082067,3.343465045592705,70.51671732522796
E00037379,343,66,28,38,277,13,264,19.24198250728863,8.16326530612245,11.078717201166182,80.75801749271136,3.7900874635568513,76.96793002915452
E00037380,340,80,47,33,260,16,244,23.52941176470588,13.823529411764707,9.705882352941178,76.47058823529412,4.705882352941177,71.76470588235294
E00037381,280,77,39,38,203,13,190,27.500000000000004,13.928571428571429,13.571428571428571,72.5,4.642857142857143,67.85714285714286
E00037383,318,82,47,35,236,17,219,25.78616352201258,14.779874213836477,11.0062893081761,74.21383647798741,5.345911949685535,68.86792452830188
E00037385,343,87,44,43,256,20,236,25.364431486880466,12.82798833819242,12.536443148688047,74.63556851311954,5.830903790087463,68.80466472303208
E00037386,302,58,33,25,244,28,216,19.205298013245034,10.927152317880795,8.27814569536424,80.79470198675497,9.271523178807946,71.52317880794702
E00037387,282,90,48,42,192,11,181,31.914893617021278,17.02127659574468,14.893617021276595,68.08510638297872,3.900709219858156,64.18439716312056
E00037388,225,59,24,35,166,20,146,26.222222222222225,10.666666666666668,15.555555555555555,73.77777777777777,8.88888888888889,64.88888888888889
E00037389,279,83,44,39,196,19,177,29.749103942652326,15.770609318996415,13.978494623655912,70.25089605734766,6.810035842293908,63.44086021505376
E00037390,464,108,60,48,356,19,337,23.275862068965516,12.931034482758621,10.344827586206897,76.72413793103449,4.094827586206897,72.62931034482759
E00037391,239,100,54,46,139,5,134,41.84100418410041,22.594142259414227,19.246861924686193,58.15899581589959,2.092050209205021,56.06694560669456
E00037392,294,102,56,46,192,12,180,34.69387755102041,19.047619047619047,15.646258503401361,65.3061224489796,4.081632653061225,61.224489795918366
E00037393,342,94,52,42,248,17,231,27.485380116959064,15.204678362573098,12.280701754385964,72.51461988304094,4.970760233918129,67.54385964912281
E00037394,330,95,48,47,235,23,212,28.78787878787879,14.545454545454545,14.242424242424242,71.21212121212122,6.969696969696971,64.24242424242425
E00037395,351,44,13,31,307,28,279,12.535612535612536,3.7037037037037033,8.831908831908832,87.46438746438746,7.977207977207977,79.48717948717949
E00037396,222,69,29,40,153,17,136,31.08108108108108,13.063063063063062,18.01801801801802,68.91891891891892,7.657657657657657,61.261261261261254
E00037397,336,40,10,30,296,33,263,11.904761904761903,2.976190476190476,8.928571428571429,88.09523809523809,9.821428571428571,78.27380952380952
E00037398,272,51,26,25,221,16,205,18.75,9.558823529411764,9.191176470588236,81.25,5.88235294117647,75.36764705882352
E00037399,374,38,12,26,336,29,307,10.16042780748663,3.2085561497326207,6.951871657754011,89.83957219251337,7.754010695187167,82.0855614973262
E00037400,295,34,14,20,261,35,226,11.525423728813559,4.745762711864407,6.779661016949152,88.47457627118645,11.864406779661017,76.61016949152543
E00037401,379,88,37,51,291,33,258,23.218997361477573,9.762532981530343,13.456464379947231,76.78100263852242,8.70712401055409,68.07387862796834
E00037402,348,77,30,47,271,21,250,22.126436781609197,8.620689655172415,13.505747126436782,77.87356321839081,6.0344827586206895,71.83908045977012
E00037403,253,49,28,21,204,30,174,19.367588932806324,11.067193675889328,8.300395256916996,80.63241106719367,11.857707509881422,68.77470355731225
E00037404,292,45,13,32,247,27,220,15.41095890410959,4.4520547945205475,10.95890410958904,84.58904109589042,9.246575342465754,75.34246575342466
E00037405,387,135,91,44,252,17,235,34.883720930232556,23.51421188630491,11.369509043927648,65.11627906976744,4.3927648578811365,60.72351421188631
E00037406,310,101,57,44,209,10,199,32.58064516129032,18.387096774193548,14.193548387096774,67.41935483870968,3.225806451612903,64.19354838709678
E00037407,183,86,51,35,97,15,82,46.994535519125684,27.86885245901639,19.12568306010929,53.00546448087432,8.19672131147541,44.80874316939891
E00037408,269,84,45,39,185,19,166,31.226765799256505,16.728624535315987,14.49814126394052,68.77323420074349,7.063197026022305,61.71003717472119
E00037409,237,66,33,33,171,14,157,27.848101265822784,13.924050632911392,13.924050632911392,72.15189873417721,5.9071729957805905,66.24472573839662
E00037410,307,63,27,36,244,22,222,20.521172638436482,8.794788273615636,11.726384364820847,79.47882736156352,7.166123778501629,72.31270358306189
E00037411,233,37,13,24,196,16,180,15.879828326180256,5.579399141630901,10.300429184549357,84.12017167381974,6.866952789699571,77.25321888412017
E00037412,242,70,30,40,172,20,152,28.92561983471074,12.396694214876034,16.528925619834713,71.07438016528926,8.264462809917356,62.8099173553719
E00037413,286,61,31,30,225,20,205,21.328671328671327,10.839160839160838,10.48951048951049,78.67132867132867,6.993006993006993,71.67832167832168
E00037414,263,79,36,43,184,19,165,30.038022813688215,13.688212927756654,16.34980988593156,69.96197718631178,7.224334600760455,62.737642585551335
E00037416,447,56,27,29,391,30,361,12.527964205816556,6.0402684563758395,6.487695749440715,87.47203579418344,6.7114093959731544,80.76062639821029
E00037417,268,51,17,34,217,21,196,19.029850746268657,6.343283582089552,12.686567164179104,80.97014925373134,7.835820895522389,73.13432835820896
E00037418,305,44,16,28,261,32,229,14.426229508196723,5.245901639344262,9.180327868852459,85.57377049180329,10.491803278688524,75.08196721311475
E00037419,431,66,31,35,365,32,333,15.31322505800464,7.192575406032482,8.120649651972158,84.68677494199535,7.424593967517401,77.26218097447796
E00037420,306,63,27,36,243,12,231,20.588235294117645,8.823529411764707,11.76470588235294,79.41176470588235,3.9215686274509802,75.49019607843137
E00037421,244,83,45,38,161,4,157,34.01639344262295,18.442622950819672,15.573770491803279,65.98360655737704,1.639344262295082,64.34426229508196
E00037422,302,72,32,40,230,8,222,23.841059602649008,10.596026490066226,13.245033112582782,76.15894039735099,2.6490066225165565,73.50993377483444
E00037423,264,46,18,28,218,14,204,17.424242424242426,6.8181818181818175,10.606060606060606,82.57575757575758,5.303030303030303,77.27272727272727
E00037424,242,60,28,32,182,14,168,24.793388429752067,11.570247933884298,13.223140495867769,75.20661157024794,5.785123966942149,69.42148760330579
E00037425,281,28,9,19,253,20,233,9.9644128113879,3.202846975088968,6.761565836298933,90.0355871886121,7.11743772241993,82.91814946619218
E00037426,340,59,26,33,281,22,259,17.352941176470587,7.647058823529412,9.705882352941178,82.6470588235294,6.470588235294119,76.17647058823529
E00037427,395,55,18,37,340,33,307,13.924050632911392,4.556962025316456,9.367088607594937,86.07594936708861,8.354430379746836,77.72151898734178
E00037428,260,48,19,29,212,22,190,18.461538461538463,7.307692307692308,11.153846153846155,81.53846153846153,8.461538461538462,73.07692307692307
E00037429,275,65,34,31,210,20,190,23.636363636363637,12.363636363636363,11.272727272727273,76.36363636363637,7.2727272727272725,69.0909090909091
E00037430,314,72,26,46,242,18,224,22.929936305732486,8.280254777070063,14.64968152866242,77.07006369426752,5.7324840764331215,71.3375796178344
E00037431,305,49,24,25,256,26,230,16.065573770491802,7.868852459016394,8.19672131147541,83.93442622950819,8.524590163934425,75.40983606557377
E00037432,477,84,33,51,393,29,364,17.61006289308176,6.918238993710692,10.69182389937107,82.38993710691824,6.079664570230608,76.31027253668763
E00037433,262,79,46,33,183,12,171,30.15267175572519,17.557251908396946,12.595419847328243,69.8473282442748,4.580152671755725,65.2671755725191
E00037434,211,55,27,28,156,17,139,26.066350710900476,12.796208530805686,13.270142180094787,73.93364928909952,8.056872037914692,65.87677725118483
E00037435,329,67,34,33,262,21,241,20.364741641337385,10.33434650455927,10.030395136778116,79.63525835866263,6.382978723404255,73.25227963525836
E00037436,353,36,13,23,317,30,287,10.198300283286118,3.6827195467422094,6.515580736543909,89.80169971671388,8.498583569405099,81.30311614730878
E00037437,301,71,22,49,230,24,206,23.588039867109632,7.308970099667775,16.27906976744186,76.41196013289037,7.973421926910299,68.43853820598007
E00037438,286,49,21,28,237,22,215,17.132867132867133,7.3426573426573425,9.79020979020979,82.86713286713287,7.6923076923076925,75.17482517482517
E00037439,601,73,19,54,528,51,477,12.146422628951747,3.1613976705490847,8.985024958402663,87.85357737104825,8.48585690515807,79.36772046589017
E00037440,395,107,57,50,288,27,261,27.088607594936708,14.430379746835442,12.658227848101266,72.9113924050633,6.8354430379746836,66.07594936708861
E00037441,302,73,35,38,229,24,205,24.17218543046358,11.589403973509933,12.582781456953644,75.82781456953643,7.9470198675496695,67.88079470198676
E00037442,303,77,28,49,226,14,212,25.412541254125415,9.24092409240924,16.17161716171617,74.58745874587459,4.62046204620462,69.96699669966998
E00037443,344,92,52,40,252,31,221,26.744186046511626,15.11627906976744,11.627906976744185,73.25581395348837,9.011627906976743,64.24418604651163
E00037444,280,58,20,38,222,17,205,20.714285714285715,7.142857142857142,13.571428571428571,79.28571428571428,6.071428571428571,73.21428571428571
E00037445,272,69,33,36,203,23,180,25.36764705882353,12.132352941176471,13.23529411764706,74.63235294117648,8.455882352941178,66.17647058823529
E00037446,332,95,47,48,237,25,212,28.614457831325304,14.156626506024098,14.457831325301203,71.3855421686747,7.530120481927711,63.85542168674698
E00037447,302,62,32,30,240,31,209,20.52980132450331,10.596026490066226,9.933774834437086,79.47019867549669,10.264900662251655,69.20529801324503
E00037448,276,88,50,38,188,24,164,31.88405797101449,18.115942028985508,13.768115942028986,68.11594202898551,8.695652173913043,59.42028985507246
E00037449,405,99,49,50,306,35,271,24.444444444444443,12.098765432098766,12.345679012345679,75.55555555555556,8.641975308641975,66.91358024691358
E00037450,351,100,54,46,251,28,223,28.49002849002849,15.384615384615385,13.105413105413104,71.50997150997152,7.977207977207977,63.53276353276354
E00037451,478,87,35,52,391,36,355,18.200836820083683,7.322175732217573,10.87866108786611,81.79916317991632,7.531380753138076,74.26778242677824
E00037452,304,78,34,44,226,20,206,25.657894736842106,11.18421052631579,14.473684210526317,74.3421052631579,6.578947368421052,67.76315789473685
E00037453,450,60,16,44,390,35,355,13.333333333333334,3.5555555555555554,9.777777777777779,86.66666666666667,7.777777777777778,78.88888888888889
E00037454,307,63,30,33,244,36,208,20.521172638436482,9.77198697068404,10.749185667752444,79.47882736156352,11.726384364820847,67.75244299674267
E00037455,299,59,25,34,240,20,220,19.732441471571907,8.361204013377927,11.37123745819398,80.2675585284281,6.688963210702341,73.57859531772574
E00037456,386,90,32,58,296,35,261,23.316062176165804,8.290155440414509,15.025906735751295,76.68393782383419,9.067357512953368,67.61658031088082
E00037457,326,75,26,49,251,24,227,23.006134969325153,7.975460122699387,15.030674846625766,76.99386503067484,7.361963190184049,69.6319018404908
E00037458,297,90,45,45,207,27,180,30.303030303030305,15.151515151515152,15.151515151515152,69.6969696969697,9.090909090909092,60.60606060606061
E00037459,310,84,41,43,226,10,216,27.09677419354839,13.225806451612904,13.870967741935484,72.90322580645162,3.225806451612903,69.6774193548387
E00037460,214,54,24,30,160,24,136,25.233644859813083,11.214953271028037,14.018691588785046,74.76635514018692,11.214953271028037,63.55140186915887
E00037461,412,90,44,46,322,33,289,21.844660194174757,10.679611650485436,11.165048543689322,78.15533980582524,8.009708737864079,70.14563106796116
E00037462,287,93,46,47,194,17,177,32.40418118466899,16.02787456445993,16.376306620209057,67.59581881533101,5.923344947735192,61.672473867595826
E00037463,308,71,25,46,237,23,214,23.051948051948052,8.116883116883116,14.935064935064934,76.94805194805194,7.467532467532467,69.48051948051948
E00037464,283,70,37,33,213,27,186,24.73498233215548,13.074204946996467,11.66077738515901,75.26501766784452,9.540636042402827,65.7243816254417
E00037465,285,52,22,30,233,27,206,18.24561403508772,7.719298245614035,10.526315789473683,81.75438596491227,9.473684210526317,72.28070175438597
E00037466,282,55,20,35,227,18,209,19.50354609929078,7.092198581560284,12.411347517730496,80.49645390070921,6.382978723404255,74.11347517730496
E00037467,276,64,36,28,212,20,192,23.18840579710145,13.043478260869565,10.144927536231885,76.81159420289855,7.246376811594203,69.56521739130434
E00037468,346,95,51,44,251,19,232,27.45664739884393,14.739884393063585,12.716763005780345,72.54335260115607,5.491329479768786,67.05202312138728
E00037469,230,94,51,43,136,10,126,40.869565217391305,22.17391304347826,18.695652173913043,59.130434782608695,4.3478260869565215,54.78260869565217
E00037470,269,61,27,34,208,26,182,22.676579925650557,10.037174721189592,12.639405204460965,77.32342007434944,9.66542750929368,67.65799256505576
E00037471,260,83,43,40,177,15,162,31.92307692307692,16.538461538461537,15.384615384615385,68.07692307692308,5.769230769230769,62.30769230769231
E00037472,284,50,14,36,234,25,209,17.6056338028169,4.929577464788732,12.676056338028168,82.3943661971831,8.80281690140845,73.59154929577466
E00037473,285,54,19,35,231,16,215,18.947368421052634,6.666666666666667,12.280701754385964,81.05263157894737,5.614035087719298,75.43859649122807
E00037474,279,49,23,26,230,19,211,17.562724014336915,8.24372759856631,9.31899641577061,82.43727598566308,6.810035842293908,75.62724014336918
E00037475,337,86,46,40,251,13,238,25.519287833827892,13.649851632047477,11.869436201780417,74.4807121661721,3.857566765578635,70.62314540059347
E00037476,423,55,19,36,368,28,340,13.002364066193852,4.491725768321513,8.51063829787234,86.99763593380615,6.619385342789598,80.37825059101655
E00037477,272,68,37,31,204,15,189,25,13.602941176470587,11.397058823529411,75,5.514705882352941,69.48529411764706
E00037478,265,54,30,24,211,18,193,20.37735849056604,11.320754716981133,9.056603773584905,79.62264150943396,6.7924528301886795,72.83018867924528
E00037479,252,61,38,23,191,15,176,24.206349206349206,15.079365079365079,9.126984126984127,75.79365079365078,5.952380952380952,69.84126984126983
E00037480,248,46,17,29,202,29,173,18.548387096774192,6.854838709677419,11.693548387096774,81.45161290322581,11.693548387096774,69.75806451612904
E00037481,255,63,42,21,192,21,171,24.705882352941178,16.470588235294116,8.235294117647058,75.29411764705883,8.235294117647058,67.05882352941175
E00037482,609,78,26,52,531,62,469,12.807881773399016,4.269293924466338,8.538587848932677,87.192118226601,10.180623973727423,77.01149425287356
E00037483,273,57,22,35,216,18,198,20.87912087912088,8.058608058608058,12.82051282051282,79.12087912087912,6.593406593406594,72.52747252747253
E00037484,361,91,41,50,270,23,247,25.20775623268698,11.357340720221606,13.850415512465375,74.79224376731301,6.3711911357340725,68.42105263157895
E00037485,312,54,24,30,258,27,231,17.307692307692307,7.6923076923076925,9.615384615384617,82.6923076923077,8.653846153846153,74.03846153846155
E00037486,229,66,31,35,163,17,146,28.82096069868996,13.537117903930133,15.283842794759824,71.17903930131004,7.423580786026202,63.75545851528385
E00037487,369,97,54,43,272,21,251,26.287262872628723,14.634146341463413,11.653116531165312,73.71273712737127,5.691056910569105,68.02168021680217
E00037488,389,103,48,55,286,12,274,26.47814910025707,12.339331619537274,14.138817480719796,73.52185089974293,3.0848329048843186,70.4370179948586
E00037489,306,50,20,30,256,23,233,16.33986928104575,6.535947712418301,9.803921568627452,83.66013071895425,7.516339869281046,76.1437908496732
E00037490,283,72,34,38,211,23,188,25.4416961130742,12.014134275618375,13.427561837455832,74.55830388692578,8.12720848056537,66.43109540636041
E00037491,309,62,25,37,247,23,224,20.06472491909385,8.090614886731391,11.974110032362459,79.93527508090615,7.443365695792881,72.49190938511327
E00037492,396,92,48,44,304,25,279,23.232323232323232,12.121212121212121,11.11111111111111,76.76767676767676,6.313131313131313,70.45454545454545
E00037493,259,116,71,45,143,27,116,44.78764478764479,27.413127413127413,17.374517374517374,55.21235521235521,10.424710424710424,44.78764478764479
E00037494,397,85,33,52,312,26,286,21.41057934508816,8.312342569269521,13.09823677581864,78.58942065491183,6.54911838790932,72.04030226700252
E00037495,270,70,30,40,200,14,186,25.925925925925924,11.11111111111111,14.814814814814813,74.07407407407408,5.185185185185185,68.88888888888889
E00037496,227,95,59,36,132,13,119,41.85022026431718,25.991189427312776,15.859030837004406,58.14977973568281,5.726872246696035,52.42290748898678
E00037497,309,76,33,43,233,38,195,24.59546925566343,10.679611650485436,13.915857605177994,75.40453074433657,12.297734627831716,63.10679611650486
E00037498,237,59,35,24,178,13,165,24.894514767932492,14.767932489451477,10.126582278481013,75.10548523206751,5.485232067510549,69.62025316455697
E00037499,349,62,25,37,287,31,256,17.765042979942695,7.163323782234957,10.601719197707736,82.23495702005731,8.882521489971348,73.35243553008596
E00037500,279,56,26,30,223,18,205,20.07168458781362,9.31899641577061,10.75268817204301,79.92831541218638,6.451612903225806,73.47670250896059
E00037501,332,65,32,33,267,31,236,19.57831325301205,9.63855421686747,9.939759036144578,80.42168674698796,9.33734939759036,71.08433734939759
E00037502,280,57,26,31,223,19,204,20.357142857142858,9.285714285714286,11.071428571428571,79.64285714285714,6.785714285714286,72.85714285714285
E00037503,270,66,24,42,204,9,195,24.444444444444443,8.88888888888889,15.555555555555555,75.55555555555556,3.3333333333333335,72.22222222222221
E00037505,345,119,77,42,226,19,207,34.492753623188406,22.318840579710145,12.173913043478262,65.5072463768116,5.507246376811594,60
E00037507,309,87,56,31,222,20,202,28.155339805825243,18.12297734627832,10.032362459546926,71.84466019417476,6.472491909385113,65.37216828478964
E00037508,419,101,51,50,318,21,297,24.105011933174225,12.17183770883055,11.933174224343675,75.89498806682577,5.011933174224343,70.88305489260142
E00037509,225,53,24,29,172,16,156,23.555555555555554,10.666666666666668,12.88888888888889,76.44444444444444,7.111111111111111,69.33333333333334
E00037510,277,56,27,29,221,17,204,20.216606498194945,9.747292418772563,10.469314079422382,79.78339350180505,6.137184115523466,73.6462093862816
E00037511,255,61,28,33,194,22,172,23.92156862745098,10.980392156862745,12.941176470588237,76.07843137254902,8.627450980392156,67.45098039215686
E00037512,243,80,55,25,163,9,154,32.92181069958848,22.633744855967077,10.2880658436214,67.07818930041152,3.7037037037037033,63.37448559670782
E00037513,221,62,36,26,159,13,146,28.054298642533936,16.289592760180994,11.76470588235294,71.94570135746606,5.88235294117647,66.06334841628959
E00037514,386,83,42,41,303,19,284,21.502590673575128,10.880829015544041,10.621761658031089,78.49740932642487,4.922279792746114,73.57512953367875
E00037515,519,82,45,37,437,24,413,15.79961464354528,8.670520231213873,7.129094412331407,84.20038535645472,4.624277456647398,79.57610789980733
E00037517,308,70,27,43,238,21,217,22.727272727272727,8.766233766233766,13.96103896103896,77.27272727272727,6.8181818181818175,70.45454545454545
E00037518,295,88,53,35,207,12,195,29.830508474576273,17.966101694915253,11.864406779661017,70.16949152542374,4.067796610169491,66.10169491525424
E00037519,409,117,71,46,292,15,277,28.606356968215156,17.359413202933986,11.246943765281173,71.39364303178483,3.6674816625916873,67.72616136919315
E00037520,228,68,38,30,160,13,147,29.82456140350877,16.666666666666664,13.157894736842104,70.17543859649122,5.701754385964912,64.47368421052632
E00037521,221,72,40,32,149,9,140,32.57918552036199,18.099547511312217,14.479638009049776,67.42081447963801,4.072398190045249,63.348416289592755
E00037522,246,65,35,30,181,13,168,26.422764227642276,14.227642276422763,12.195121951219512,73.57723577235772,5.284552845528456,68.29268292682927
E00037523,276,66,33,33,210,14,196,23.91304347826087,11.956521739130435,11.956521739130435,76.08695652173914,5.072463768115942,71.01449275362319
E00037525,226,62,31,31,164,16,148,27.43362831858407,13.716814159292035,13.716814159292035,72.56637168141593,7.079646017699115,65.48672566371681
E00037526,270,45,22,23,225,16,209,16.666666666666664,8.148148148148149,8.518518518518519,83.33333333333334,5.9259259259259265,77.4074074074074
E00037527,247,65,31,34,182,20,162,26.31578947368421,12.550607287449392,13.765182186234817,73.68421052631578,8.097165991902834,65.58704453441295
E00037528,299,98,60,38,201,9,192,32.77591973244147,20.066889632107024,12.709030100334449,67.22408026755853,3.0100334448160537,64.21404682274247
E00037529,432,69,29,40,363,21,342,15.972222222222221,6.712962962962964,9.25925925925926,84.02777777777779,4.861111111111112,79.16666666666666
E00037530,272,77,40,37,195,12,183,28.308823529411764,14.705882352941178,13.602941176470587,71.69117647058823,4.411764705882353,67.27941176470588
E00037531,358,121,57,64,237,19,218,33.798882681564244,15.921787709497206,17.877094972067038,66.20111731843575,5.307262569832402,60.893854748603346
E00037532,188,81,43,38,107,8,99,43.08510638297872,22.872340425531913,20.212765957446805,56.91489361702128,4.25531914893617,52.659574468085104
E00037533,322,83,44,39,239,19,220,25.77639751552795,13.664596273291925,12.111801242236025,74.22360248447205,5.900621118012422,68.32298136645963
E00037534,254,82,45,37,172,12,160,32.28346456692913,17.716535433070867,14.566929133858267,67.71653543307087,4.724409448818897,62.99212598425197
E00037535,361,84,42,42,277,25,252,23.26869806094183,11.634349030470915,11.634349030470915,76.73130193905817,6.9252077562326875,69.80609418282549
E00037536,474,79,32,47,395,30,365,16.666666666666664,6.751054852320674,9.915611814345992,83.33333333333334,6.329113924050633,77.0042194092827
E00037537,219,65,30,35,154,13,141,29.68036529680365,13.698630136986301,15.981735159817351,70.31963470319634,5.93607305936073,64.38356164383562
E00037538,278,44,13,31,234,26,208,15.827338129496402,4.676258992805756,11.151079136690647,84.17266187050359,9.352517985611511,74.82014388489209
E00037539,252,89,50,39,163,12,151,35.317460317460316,19.841269841269842,15.476190476190476,64.68253968253968,4.761904761904762,59.92063492063492
E00037540,446,66,30,36,380,31,349,14.798206278026907,6.726457399103139,8.071748878923767,85.20179372197309,6.950672645739911,78.25112107623319
E00037541,397,68,26,42,329,35,294,17.12846347607053,6.54911838790932,10.579345088161208,82.87153652392946,8.816120906801007,74.05541561712846
E00037542,308,64,25,39,244,22,222,20.77922077922078,8.116883116883116,12.662337662337661,79.22077922077922,7.142857142857142,72.07792207792207
E00037543,489,81,41,40,408,21,387,16.56441717791411,8.384458077709612,8.1799591002045,83.43558282208589,4.294478527607362,79.14110429447852
E00037544,302,68,29,39,234,23,211,22.516556291390728,9.602649006622517,12.91390728476821,77.48344370860927,7.6158940397351,69.86754966887418
E00037545,321,61,20,41,260,20,240,19.003115264797508,6.230529595015576,12.77258566978193,80.99688473520249,6.230529595015576,74.76635514018692
E00037546,232,87,58,29,145,8,137,37.5,25,12.5,62.5,3.4482758620689653,59.05172413793104
E00037547,291,66,27,39,225,16,209,22.68041237113402,9.278350515463918,13.402061855670103,77.31958762886599,5.498281786941581,71.8213058419244
E00037548,292,42,12,30,250,27,223,14.383561643835616,4.10958904109589,10.273972602739725,85.61643835616438,9.246575342465754,76.36986301369863
E00037549,266,94,41,53,172,18,154,35.338345864661655,15.413533834586465,19.924812030075188,64.66165413533834,6.7669172932330826,57.89473684210527
E00037550,333,99,38,61,234,21,213,29.72972972972973,11.411411411411411,18.31831831831832,70.27027027027027,6.306306306306306,63.96396396396396
E00037551,302,54,24,30,248,24,224,17.880794701986755,7.9470198675496695,9.933774834437086,82.11920529801324,7.9470198675496695,74.17218543046357
E00037553,320,46,22,24,274,23,251,14.374999999999998,6.875000000000001,7.5,85.625,7.187499999999999,78.4375
E00037554,249,44,20,24,205,26,179,17.670682730923694,8.032128514056225,9.63855421686747,82.32931726907631,10.441767068273093,71.8875502008032
E00037555,281,63,26,37,218,20,198,22.419928825622776,9.252669039145907,13.167259786476867,77.58007117437722,7.11743772241993,70.46263345195729
E00037556,246,46,23,23,200,16,184,18.69918699186992,9.34959349593496,9.34959349593496,81.30081300813008,6.504065040650407,74.79674796747967
E00037557,253,55,24,31,198,25,173,21.73913043478261,9.486166007905137,12.25296442687747,78.26086956521739,9.881422924901186,68.37944664031622
E00037558,276,52,25,27,224,21,203,18.84057971014493,9.057971014492754,9.782608695652174,81.15942028985508,7.608695652173914,73.55072463768117
E00037559,346,69,37,32,277,27,250,19.942196531791907,10.69364161849711,9.248554913294797,80.05780346820809,7.803468208092486,72.25433526011561
E00037560,305,89,50,39,216,15,201,29.18032786885246,16.39344262295082,12.786885245901638,70.81967213114754,4.918032786885246,65.90163934426229
E00037561,364,96,45,51,268,20,248,26.373626373626376,12.362637362637363,14.010989010989011,73.62637362637363,5.4945054945054945,68.13186813186813
E00037562,241,58,22,36,183,14,169,24.066390041493776,9.12863070539419,14.937759336099585,75.93360995850622,5.809128630705394,70.12448132780082
E00037563,269,30,12,18,239,24,215,11.152416356877323,4.4609665427509295,6.691449814126393,88.84758364312268,8.921933085501859,79.92565055762083
E00037564,367,72,39,33,295,24,271,19.618528610354225,10.626702997275205,8.991825613079019,80.38147138964578,6.539509536784741,73.84196185286103
E00037565,330,86,39,47,244,18,226,26.060606060606062,11.818181818181818,14.242424242424242,73.93939393939394,5.454545454545454,68.48484848484848
E00037566,268,81,40,41,187,22,165,30.223880597014922,14.925373134328357,15.298507462686567,69.77611940298507,8.208955223880597,61.56716417910447
E00037567,243,68,43,25,175,11,164,27.983539094650205,17.695473251028808,10.2880658436214,72.0164609053498,4.526748971193416,67.48971193415639
E00037568,277,64,32,32,213,20,193,23.104693140794225,11.552346570397113,11.552346570397113,76.89530685920577,7.2202166064981945,69.67509025270758
E00037569,281,85,45,40,196,20,176,30.2491103202847,16.014234875444842,14.23487544483986,69.7508896797153,7.11743772241993,62.63345195729537
E00037570,306,62,31,31,244,18,226,20.26143790849673,10.130718954248366,10.130718954248366,79.73856209150327,5.88235294117647,73.8562091503268
E00037571,475,93,44,49,382,25,357,19.57894736842105,9.263157894736842,10.31578947368421,80.42105263157895,5.263157894736842,75.1578947368421
E00037572,315,72,35,37,243,16,227,22.857142857142858,11.11111111111111,11.746031746031745,77.14285714285715,5.079365079365079,72.06349206349206
E00037573,282,64,31,33,218,16,202,22.69503546099291,10.99290780141844,11.702127659574469,77.30496453900709,5.673758865248227,71.63120567375887
E00037574,305,84,42,42,221,10,211,27.54098360655738,13.77049180327869,13.77049180327869,72.45901639344262,3.278688524590164,69.18032786885246
E00037575,242,83,48,35,159,13,146,34.29752066115703,19.834710743801654,14.46280991735537,65.70247933884298,5.371900826446281,60.33057851239669
E00037576,286,78,39,39,208,10,198,27.27272727272727,13.636363636363635,13.636363636363635,72.72727272727273,3.4965034965034967,69.23076923076923
E00037577,304,78,41,37,226,17,209,25.657894736842106,13.486842105263158,12.171052631578947,74.3421052631579,5.592105263157895,68.75
E00037578,382,82,48,34,300,19,281,21.465968586387437,12.56544502617801,8.900523560209423,78.53403141361257,4.973821989528796,73.56020942408377
E00037579,248,87,47,40,161,6,155,35.08064516129033,18.951612903225808,16.129032258064516,64.91935483870968,2.4193548387096775,62.5
E00037580,216,40,15,25,176,17,159,18.51851851851852,6.944444444444445,11.574074074074074,81.48148148148148,7.87037037037037,73.61111111111111
E00037581,276,46,21,25,230,16,214,16.666666666666664,7.608695652173914,9.057971014492754,83.33333333333334,5.797101449275362,77.53623188405797
E00037582,260,43,16,27,217,12,205,16.538461538461537,6.153846153846154,10.384615384615385,83.46153846153847,4.615384615384616,78.84615384615384
E00037583,304,44,22,22,260,8,252,14.473684210526317,7.236842105263158,7.236842105263158,85.52631578947368,2.631578947368421,82.89473684210526
E00037584,290,51,22,29,239,36,203,17.586206896551722,7.586206896551724,10,82.41379310344827,12.413793103448276,70
E00037585,270,42,19,23,228,18,210,15.555555555555555,7.037037037037037,8.518518518518519,84.44444444444444,6.666666666666667,77.77777777777779
E00037586,375,60,30,30,315,24,291,16,8,8,84,6.4,77.60000000000001
E00037587,500,88,42,46,412,33,379,17.599999999999998,8.4,9.2,82.39999999999999,6.6000000000000005,75.8
E00037588,309,79,49,30,230,14,216,25.5663430420712,15.857605177993527,9.70873786407767,74.4336569579288,4.53074433656958,69.90291262135922
E00037589,303,58,29,29,245,21,224,19.141914191419144,9.570957095709572,9.570957095709572,80.85808580858085,6.9306930693069315,73.92739273927393
E00037590,216,85,47,38,131,15,116,39.351851851851855,21.75925925925926,17.59259259259259,60.64814814814815,6.944444444444445,53.70370370370371
E00037592,364,90,42,48,274,15,259,24.725274725274726,11.538461538461538,13.186813186813188,75.27472527472527,4.1208791208791204,71.15384615384616
E00037593,276,70,34,36,206,23,183,25.36231884057971,12.318840579710146,13.043478260869565,74.63768115942028,8.333333333333332,66.30434782608695
E00037594,384,56,17,39,328,43,285,14.583333333333334,4.427083333333334,10.15625,85.41666666666666,11.197916666666668,74.21875
E00037595,227,48,25,23,179,13,166,21.145374449339208,11.013215859030836,10.13215859030837,78.8546255506608,5.726872246696035,73.12775330396477
E00037596,294,41,17,24,253,20,233,13.945578231292515,5.782312925170068,8.16326530612245,86.05442176870748,6.802721088435375,79.25170068027211
E00037597,254,47,20,27,207,18,189,18.503937007874015,7.874015748031496,10.62992125984252,81.49606299212599,7.086614173228346,74.40944881889764
E00037598,128,22,6,16,106,14,92,17.1875,4.6875,12.5,82.8125,10.9375,71.875
E00037599,348,47,13,34,301,18,283,13.505747126436782,3.7356321839080464,9.770114942528735,86.49425287356321,5.172413793103448,81.32183908045977
E00037600,547,66,29,37,481,34,447,12.065813528336381,5.301645338208409,6.764168190127971,87.93418647166362,6.2157221206581355,81.71846435100548
E00037601,272,90,51,39,182,20,162,33.088235294117645,18.75,14.338235294117647,66.91176470588235,7.352941176470589,59.55882352941176
E00037602,376,65,22,43,311,44,267,17.287234042553195,5.851063829787234,11.436170212765957,82.7127659574468,11.702127659574469,71.01063829787235
E00037603,258,80,34,46,178,14,164,31.007751937984494,13.178294573643413,17.829457364341085,68.9922480620155,5.426356589147287,63.565891472868216
E00037604,302,38,14,24,264,36,228,12.582781456953644,4.635761589403973,7.9470198675496695,87.41721854304636,11.920529801324504,75.49668874172185
E00037605,292,58,24,34,234,30,204,19.863013698630137,8.21917808219178,11.643835616438356,80.13698630136986,10.273972602739725,69.86301369863014
E00037606,472,70,31,39,402,34,368,14.83050847457627,6.567796610169492,8.26271186440678,85.16949152542372,7.203389830508475,77.96610169491525
E00037607,227,47,13,34,180,20,160,20.704845814977972,5.726872246696035,14.977973568281937,79.29515418502203,8.81057268722467,70.48458149779736
E00037608,276,45,18,27,231,19,212,16.304347826086957,6.521739130434782,9.782608695652174,83.69565217391305,6.884057971014493,76.81159420289855
E00037609,218,78,29,49,140,15,125,35.77981651376147,13.302752293577983,22.477064220183486,64.22018348623854,6.8807339449541285,57.3394495412844
E00037610,301,58,25,33,243,25,218,19.269102990033225,8.305647840531561,10.96345514950166,80.73089700996677,8.305647840531561,72.42524916943522
E00037611,327,47,18,29,280,33,247,14.37308868501529,5.5045871559633035,8.868501529051988,85.62691131498471,10.091743119266056,75.53516819571865
E00037612,285,24,5,19,261,26,235,8.421052631578947,1.7543859649122806,6.666666666666667,91.57894736842105,9.12280701754386,82.45614035087719
E00037613,352,75,23,52,277,33,244,21.306818181818183,6.534090909090909,14.772727272727273,78.69318181818183,9.375,69.31818181818183
E00037614,291,40,20,20,251,18,233,13.745704467353953,6.872852233676976,6.872852233676976,86.25429553264605,6.185567010309279,80.06872852233677
E00037615,507,64,22,42,443,39,404,12.6232741617357,4.339250493096647,8.284023668639055,87.3767258382643,7.6923076923076925,79.6844181459566
E00037616,216,47,26,21,169,23,146,21.75925925925926,12.037037037037036,9.722222222222223,78.24074074074075,10.648148148148149,67.5925925925926
E00037617,268,74,31,43,194,18,176,27.611940298507463,11.567164179104477,16.044776119402986,72.38805970149254,6.7164179104477615,65.67164179104478
E00037618,237,44,20,24,193,22,171,18.565400843881857,8.438818565400844,10.126582278481013,81.43459915611815,9.282700421940929,72.15189873417721
E00037619,408,54,24,30,354,35,319,13.23529411764706,5.88235294117647,7.352941176470589,86.76470588235294,8.57843137254902,78.18627450980392
E00037620,438,94,40,54,344,32,312,21.461187214611872,9.1324200913242,12.32876712328767,78.53881278538812,7.30593607305936,71.23287671232876
E00037621,339,52,19,33,287,40,247,15.339233038348082,5.604719764011799,9.734513274336283,84.66076696165192,11.799410029498524,72.86135693215338
E00037622,453,57,22,35,396,38,358,12.582781456953644,4.856512141280353,7.72626931567329,87.41721854304636,8.388520971302428,79.02869757174393
E00037623,260,54,34,20,206,19,187,20.76923076923077,13.076923076923078,7.6923076923076925,79.23076923076923,7.307692307692308,71.92307692307692
E00037624,203,37,13,24,166,11,155,18.226600985221676,6.403940886699508,11.822660098522167,81.77339901477832,5.41871921182266,76.35467980295566
E00037625,296,44,18,26,252,22,230,14.864864864864865,6.081081081081082,8.783783783783784,85.13513513513513,7.4324324324324325,77.7027027027027
E00037626,377,69,33,36,308,25,283,18.30238726790451,8.753315649867375,9.549071618037134,81.6976127320955,6.631299734748011,75.06631299734748
E00037627,308,46,14,32,262,28,234,14.935064935064934,4.545454545454546,10.38961038961039,85.06493506493507,9.090909090909092,75.97402597402598
E00037628,395,73,22,51,322,30,292,18.48101265822785,5.5696202531645564,12.91139240506329,81.51898734177216,7.59493670886076,73.9240506329114
E00037629,270,42,15,27,228,26,202,15.555555555555555,5.555555555555555,10,84.44444444444444,9.62962962962963,74.81481481481481
E00037631,238,34,12,22,204,21,183,14.285714285714285,5.042016806722689,9.243697478991598,85.71428571428571,8.823529411764707,76.89075630252101
E00037632,293,48,21,27,245,12,233,16.38225255972696,7.167235494880546,9.215017064846416,83.61774744027304,4.09556313993174,79.5221843003413
E00037634,325,50,20,30,275,30,245,15.384615384615385,6.153846153846154,9.230769230769232,84.61538461538461,9.230769230769232,75.38461538461539
E00037636,205,70,41,29,135,15,120,34.146341463414636,20,14.146341463414632,65.85365853658537,7.317073170731707,58.536585365853654
E00037637,346,79,32,47,267,29,238,22.832369942196532,9.248554913294797,13.583815028901732,77.16763005780348,8.38150289017341,68.78612716763006
E00037638,278,81,45,36,197,14,183,29.136690647482016,16.18705035971223,12.949640287769784,70.86330935251799,5.0359712230215825,65.82733812949641
E00037639,226,59,24,35,167,15,152,26.10619469026549,10.619469026548673,15.486725663716813,73.89380530973452,6.637168141592921,67.2566371681416
E00037640,506,81,38,43,425,38,387,16.007905138339922,7.5098814229249005,8.49802371541502,83.99209486166008,7.5098814229249005,76.48221343873519
E00037641,419,63,20,43,356,32,324,15.035799522673033,4.77326968973747,10.26252983293556,84.96420047732697,7.637231503579953,77.32696897374701
E00037642,281,45,12,33,236,22,214,16.014234875444842,4.270462633451958,11.743772241992882,83.98576512455516,7.829181494661921,76.15658362989323
E00037643,422,40,22,18,382,33,349,9.47867298578199,5.213270142180095,4.265402843601896,90.52132701421802,7.819905213270142,82.70142180094787
E00037644,224,70,38,32,154,17,137,31.25,16.964285714285715,14.285714285714285,68.75,7.5892857142857135,61.16071428571429
E00037645,253,54,20,34,199,19,180,21.34387351778656,7.905138339920949,13.438735177865613,78.65612648221344,7.5098814229249005,71.14624505928853
E00037646,348,43,15,28,305,28,277,12.35632183908046,4.310344827586207,8.045977011494253,87.643678160919535,8.045977011494253,79.59770114942529
E00037647,360,57,21,36,303,25,278,15.833333333333332,5.833333333333333,10,84.16666666666667,6.944444444444445,77.22222222222223
E00037648,286,35,9,26,251,20,231,12.237762237762238,3.146853146853147,9.090909090909092,87.76223776223776,6.993006993006993,80.76923076923077
E00037649,286,45,15,30,241,29,212,15.734265734265735,5.244755244755245,10.48951048951049,84.26573426573427,10.13986013986014,74.12587412587412
E00037650,353,55,29,26,298,20,278,15.58073654390935,8.21529745042493,7.365439093484419,84.41926345609065,5.6657223796034,78.75354107648725
E00037651,495,50,21,29,445,43,402,10.1010101010101,4.242424242424243,5.858585858585859,89.8989898989899,8.686868686868687,81.21212121212122
E00037652,325,43,12,31,282,28,254,13.230769230769232,3.6923076923076925,9.538461538461538,86.76923076923076,8.615384615384615,78.15384615384615
E00037653,291,62,21,41,229,33,196,21.305841924398624,7.216494845360824,14.0893470790378,78.69415807560138,11.34020618556701,67.35395189003437
E00037654,290,71,38,33,219,25,194,24.482758620689655,13.10344827586207,11.379310344827587,75.51724137931033,8.620689655172415,66.89655172413794
E00037655,285,44,19,25,241,21,220,15.43859649122807,6.666666666666667,8.771929824561402,84.56140350877193,7.368421052631578,77.19298245614034
E00037656,307,42,14,28,265,37,228,13.680781758957655,4.5602605863192185,9.120521172638437,86.31921824104235,12.052117263843648,74.2671009771987
E00037657,371,56,17,39,315,30,285,15.09433962264151,4.5822102425876015,10.512129380053908,84.90566037735849,8.086253369272237,76.81940700808624
E00037658,247,40,14,26,207,29,178,16.194331983805668,5.668016194331984,10.526315789473683,83.80566801619433,11.740890688259109,72.06477732793523
E00037659,218,60,27,33,158,12,146,27.522935779816514,12.385321100917432,15.137614678899084,72.47706422018348,5.5045871559633035,66.97247706422019
E00037660,215,37,16,21,178,19,159,17.209302325581397,7.441860465116279,9.767441860465116,82.7906976744186,8.837209302325581,73.95348837209302
E00037661,317,50,13,37,267,34,233,15.772870662460567,4.100946372239748,11.67192429022082,84.22712933753942,10.725552050473187,73.50157728706624
E00037662,285,44,15,29,241,25,216,15.43859649122807,5.263157894736842,10.175438596491228,84.56140350877193,8.771929824561402,75.78947368421053
E00037663,162,66,32,34,96,16,80,40.74074074074074,19.753086419753085,20.98765432098765,59.25925925925925,9.876543209876543,49.382716049382715
E00037664,240,42,13,29,198,24,174,17.5,5.416666666666667,12.083333333333334,82.5,10,72.5
E00037665,215,46,14,32,169,22,147,21.3953488372093,6.511627906976744,14.883720930232558,78.6046511627907,10.232558139534884,68.37209302325581
E00037666,316,80,38,42,236,25,211,25.31645569620253,12.025316455696203,13.291139240506327,74.68354430379746,7.9113924050632916,66.77215189873418
E00037667,286,44,18,26,242,21,221,15.384615384615385,6.293706293706294,9.090909090909092,84.61538461538461,7.3426573426573425,77.27272727272727
E00037668,488,59,20,39,429,46,383,12.09016393442623,4.098360655737705,7.991803278688526,87.90983606557377,9.426229508196721,78.48360655737704
E00037669,230,42,14,28,188,23,165,18.26086956521739,6.086956521739131,12.173913043478262,81.73913043478261,10,71.73913043478261
E00037670,251,40,13,27,211,19,192,15.936254980079681,5.179282868525896,10.756972111553784,84.06374501992032,7.569721115537849,76.49402390438247
E00037671,297,127,68,59,170,21,149,42.76094276094276,22.895622895622896,19.865319865319865,57.23905723905723,7.07070707070707,50.16835016835017
E00037672,281,60,22,38,221,16,205,21.352313167259787,7.829181494661921,13.523131672597867,78.64768683274022,5.6939501779359425,72.95373665480427
E00037674,286,46,23,23,240,19,221,16.083916083916083,8.041958041958042,8.041958041958042,83.91608391608392,6.643356643356643,77.27272727272727
E00037675,366,100,43,57,266,16,250,27.322404371584703,11.748633879781421,15.573770491803279,72.6775956284153,4.371584699453552,68.30601092896174
E00037676,307,62,23,39,245,22,223,20.195439739413683,7.491856677524431,12.703583061889251,79.80456026058633,7.166123778501629,72.63843648208469
E00037677,460,104,39,65,356,22,334,22.608695652173914,8.478260869565217,14.130434782608695,77.39130434782608,4.782608695652174,72.60869565217392
E00037678,308,73,32,41,235,20,215,23.7012987012987,10.38961038961039,13.311688311688311,76.2987012987013,6.493506493506493,69.8051948051948
E00037679,356,65,27,38,291,28,263,18.258426966292134,7.584269662921349,10.674157303370785,81.74157303370787,7.865168539325842,73.87640449438202
E00037680,346,119,70,49,227,20,207,34.39306358381503,20.23121387283237,14.16184971098266,65.60693641618496,5.780346820809249,59.82658959537572
E00037681,337,79,30,49,258,18,240,23.44213649851632,8.902077151335313,14.540059347181009,76.55786350148368,5.341246290801187,71.2166172106825
E00037682,277,79,34,45,198,16,182,28.51985559566787,12.274368231046932,16.24548736462094,71.48014440433214,5.776173285198556,65.70397111913357
E00037683,431,78,36,42,353,17,336,18.097447795823665,8.352668213457076,9.744779582366588,81.90255220417633,3.944315545243619,77.9582366589327
E00037684,291,82,39,43,209,17,192,28.1786941580756,13.402061855670103,14.776632302405499,71.8213058419244,5.841924398625429,65.97938144329896
E00037685,316,72,27,45,244,27,217,22.78481012658228,8.544303797468354,14.240506329113925,77.21518987341773,8.544303797468354,68.67088607594937
E00037686,366,81,39,42,285,27,258,22.131147540983605,10.655737704918032,11.475409836065573,77.8688524590164,7.377049180327869,70.49180327868852
E00037687,329,75,40,35,254,19,235,22.796352583586625,12.158054711246201,10.638297872340425,77.20364741641338,5.775075987841945,71.42857142857143
E00037688,368,127,70,57,241,15,226,34.51086956521739,19.021739130434785,15.489130434782608,65.48913043478261,4.076086956521739,61.41304347826087
E00037689,332,73,40,33,259,27,232,21.987951807228914,12.048192771084338,9.939759036144578,78.01204819277109,8.132530120481928,69.87951807228916
E00037690,269,88,55,33,181,20,161,32.71375464684015,20.44609665427509,12.267657992565056,67.28624535315984,7.434944237918216,59.85130111524164
E00037691,349,96,51,45,253,20,233,27.507163323782237,14.613180515759314,12.893982808022923,72.49283667621776,5.730659025787966,66.7621776504298
E00037692,309,57,28,29,252,19,233,18.446601941747574,9.06148867313916,9.385113268608414,81.55339805825243,6.148867313915858,75.40453074433657
E00037693,346,101,55,46,245,20,225,29.190751445086704,15.895953757225435,13.294797687861271,70.8092485549133,5.780346820809249,65.02890173410405
E00037694,320,58,18,40,262,23,239,18.125,5.625,12.5,81.875,7.187499999999999,74.6875
E00037695,259,70,46,24,189,20,169,27.027027027027028,17.760617760617762,9.266409266409266,72.97297297297297,7.722007722007722,65.25096525096525
E00037696,339,42,7,35,297,25,272,12.389380530973451,2.0648967551622417,10.32448377581121,87.61061946902655,7.374631268436578,80.23598820058997
E00037697,280,72,45,27,208,16,192,25.71428571428571,16.071428571428573,9.642857142857144,74.28571428571429,5.714285714285714,68.57142857142857
E00037698,212,75,45,30,137,10,127,35.37735849056604,21.22641509433962,14.150943396226415,64.62264150943396,4.716981132075472,59.905660377358494
E00037699,270,61,29,32,209,23,186,22.59259259259259,10.74074074074074,11.851851851851853,77.4074074074074,8.518518518518519,68.88888888888889
E00037700,299,79,38,41,220,20,200,26.421404682274247,12.709030100334449,13.712374581939798,73.57859531772574,6.688963210702341,66.88963210702342
E00037701,465,104,41,63,361,28,333,22.365591397849464,8.817204301075268,13.548387096774196,77.63440860215054,6.021505376344086,71.61290322580646
E00037702,348,39,14,25,309,36,273,11.206896551724139,4.022988505747127,7.183908045977011,88.79310344827587,10.344827586206897,78.44827586206897
E00037703,268,51,24,27,217,16,201,19.029850746268657,8.955223880597014,10.074626865671641,80.97014925373134,5.970149253731343,75
E00037704,288,70,43,27,218,12,206,24.305555555555554,14.930555555555555,9.375,75.69444444444444,4.166666666666666,71.52777777777779
E00037705,260,72,35,37,188,14,174,27.692307692307693,13.461538461538462,14.23076923076923,72.3076923076923,5.384615384615385,66.92307692307692
E00037706,259,37,17,20,222,29,193,14.285714285714285,6.563706563706563,7.722007722007722,85.71428571428571,11.196911196911197,74.5173745173745
E00037707,242,50,19,31,192,16,176,20.66115702479339,7.851239669421488,12.8099173553719,79.33884297520662,6.6115702479338845,72.72727272727273
E00037708,306,51,21,30,255,1,254,16.666666666666664,6.862745098039216,9.803921568627452,83.33333333333334,0.32679738562091504,83.00653594771242
E00037709,239,43,16,27,196,16,180,17.99163179916318,6.694560669456067,11.297071129707113,82.00836820083683,6.694560669456067,75.31380753138075
E00037710,245,49,22,27,196,11,185,20,8.979591836734693,11.020408163265307,80,4.489795918367347,75.51020408163265
E00037711,488,86,50,36,402,39,363,17.62295081967213,10.245901639344263,7.377049180327869,82.37704918032787,7.991803278688526,74.38524590163934
E00037712,232,55,25,30,177,14,163,23.70689655172414,10.775862068965516,12.931034482758621,76.29310344827587,6.0344827586206895,70.25862068965517
E00037713,247,32,10,22,215,13,202,12.955465587044534,4.048582995951417,8.906882591093117,87.04453441295547,5.263157894736842,81.78137651821862
E00037715,409,63,27,36,346,26,320,15.403422982885084,6.601466992665037,8.80195599022005,84.59657701711491,6.356968215158925,78.239608801956
E00037716,265,52,20,32,213,7,206,19.622641509433965,7.547169811320755,12.075471698113208,80.37735849056604,2.6415094339622645,77.73584905660378
E00037717,225,70,36,34,155,17,138,31.11111111111111,16,15.11111111111111,68.88888888888889,7.555555555555555,61.33333333333333
E00037718,264,53,25,28,211,15,196,20.075757575757574,9.469696969696969,10.606060606060606,79.92424242424242,5.681818181818182,74.24242424242425
E00037719,281,61,25,36,220,16,204,21.70818505338078,8.896797153024911,12.811387900355871,78.29181494661923,5.6939501779359425,72.59786476868328
E00037720,277,67,41,26,210,25,185,24.187725631768952,14.801444043321299,9.386281588447654,75.81227436823104,9.025270758122744,66.78700361010831
E00037721,264,41,19,22,223,13,210,15.530303030303031,7.196969696969697,8.333333333333332,84.46969696969697,4.924242424242424,79.54545454545455
E00037722,277,44,16,28,233,13,220,15.884476534296029,5.776173285198556,10.108303249097473,84.11552346570397,4.693140794223827,79.42238267148014
E00037723,257,53,30,23,204,16,188,20.622568093385212,11.673151750972762,8.949416342412452,79.37743190661479,6.22568093385214,73.15175097276264
E00037724,241,76,42,34,165,15,150,31.535269709543567,17.42738589211618,14.107883817427386,68.46473029045643,6.224066390041494,62.24066390041494
E00037725,222,48,20,28,174,17,157,21.62162162162162,9.00900900900901,12.612612612612612,78.37837837837837,7.657657657657657,70.72072072072072
E00037726,313,45,14,31,268,23,245,14.376996805111823,4.472843450479233,9.904153354632587,85.62300319488818,7.348242811501597,78.27476038338658
E00037727,314,71,36,35,243,19,224,22.611464968152866,11.464968152866243,11.146496815286625,77.38853503184714,6.050955414012739,71.3375796178344
E00037728,322,49,21,28,273,26,247,15.217391304347828,6.521739130434782,8.695652173913043,84.78260869565217,8.074534161490684,76.70807453416148
E00037729,266,50,16,34,216,13,203,18.796992481203006,6.015037593984962,12.781954887218044,81.203007518797,4.887218045112782,76.31578947368422
E00037730,244,63,32,31,181,23,158,25.81967213114754,13.114754098360656,12.704918032786885,74.18032786885246,9.426229508196721,64.75409836065575
E00037731,331,50,20,30,281,25,256,15.105740181268882,6.042296072507553,9.06344410876133,84.89425981873111,7.552870090634441,77.34138972809667
E00037732,275,47,15,32,228,17,211,17.09090909090909,5.454545454545454,11.636363636363637,82.9090909090909,6.181818181818182,76.72727272727272
E00037733,302,65,31,34,237,21,216,21.52317880794702,10.264900662251655,11.258278145695364,78.47682119205298,6.95364238410596,71.52317880794702
E00037735,286,66,33,33,220,25,195,23.076923076923077,11.538461538461538,11.538461538461538,76.92307692307693,8.741258741258742,68.18181818181817
E00037737,356,66,22,44,290,13,277,18.53932584269663,6.179775280898876,12.359550561797752,81.46067415730337,3.651685393258427,77.80898876404494
E00037738,280,63,15,48,217,11,206,22.5,5.357142857142857,17.142857142857142,77.5,3.9285714285714284,73.57142857142858
E00037739,348,118,71,47,230,24,206,33.90804597701149,20.402298850574713,13.505747126436782,66.0919540229885,6.896551724137931,59.195402298850574
E00037740,323,72,30,42,251,27,224,22.291021671826623,9.287925696594428,13.003095975232199,77.70897832817337,8.359133126934983,69.3498452012384
E00037742,423,93,33,60,330,31,299,21.98581560283688,7.801418439716312,14.184397163120568,78.01418439716312,7.328605200945626,70.6855791962175
E00037743,255,78,40,38,177,13,164,30.58823529411765,15.686274509803921,14.901960784313726,69.41176470588235,5.098039215686274,64.31372549019608
E00037744,269,75,38,37,194,17,177,27.881040892193308,14.12639405204461,13.754646840148698,72.11895910780669,6.319702602230483,65.79925650557621
E00037745,423,127,68,59,296,22,274,30.023640661938533,16.07565011820331,13.947990543735225,69.97635933806147,5.200945626477541,64.77541371158392
E00037746,333,76,37,39,257,32,225,22.822822822822822,11.11111111111111,11.711711711711711,77.17717717717719,9.60960960960961,67.56756756756756
E00037747,395,57,27,30,338,17,321,14.430379746835442,6.8354430379746836,7.59493670886076,85.56962025316456,4.30379746835443,81.26582278481013
E00037748,305,64,41,23,241,29,212,20.983606557377048,13.442622950819672,7.540983606557377,79.01639344262294,9.508196721311474,69.50819672131148
E00037749,354,101,47,54,253,27,226,28.53107344632768,13.27683615819209,15.254237288135593,71.46892655367232,7.627118644067797,63.84180790960452
E00037750,361,73,33,40,288,32,256,20.221606648199447,9.141274238227147,11.080332409972298,79.77839335180056,8.86426592797784,70.91412742382272
E00037751,251,92,61,31,159,13,146,36.65338645418327,24.302788844621514,12.350597609561753,63.34661354581673,5.179282868525896,58.16733067729084
E00037752,258,55,21,34,203,21,182,21.31782945736434,8.13953488372093,13.178294573643413,78.68217054263566,8.13953488372093,70.54263565891473
E00037753,245,47,20,27,198,14,184,19.183673469387756,8.16326530612245,11.020408163265307,80.81632653061224,5.714285714285714,75.10204081632654
E00037754,294,70,35,35,224,23,201,23.809523809523807,11.904761904761903,11.904761904761903,76.19047619047619,7.8231292517006805,68.36734693877551
E00037755,262,59,28,31,203,16,187,22.519083969465647,10.687022900763358,11.83206106870229,77.48091603053436,6.106870229007633,71.37404580152672
E00037756,441,106,48,58,335,34,301,24.03628117913832,10.884353741496598,13.151927437641723,75.96371882086169,7.709750566893423,68.25396825396825
E00037757,287,65,32,33,222,27,195,22.64808362369338,11.149825783972126,11.498257839721255,77.35191637630662,9.40766550522648,67.94425087108013
E00037758,338,116,72,44,222,16,206,34.319526627218934,21.301775147928996,13.017751479289942,65.68047337278107,4.733727810650888,60.946745562130175
E00037759,446,119,58,61,327,28,299,26.681614349775785,13.004484304932735,13.67713004484305,73.31838565022422,6.278026905829597,67.04035874439462
E00037760,358,95,43,52,263,19,244,26.536312849162012,12.011173184357542,14.52513966480447,73.46368715083798,5.307262569832402,68.15642458100558
E00037761,383,82,35,47,301,29,272,21.409921671018274,9.138381201044385,12.27154046997389,78.59007832898173,7.5718015665796345,71.01827676240208
E00037762,266,59,23,36,207,18,189,22.18045112781955,8.646616541353383,13.533834586466165,77.81954887218046,6.7669172932330826,71.05263157894737
E00037763,349,69,29,40,280,25,255,19.770773638968482,8.30945558739255,11.461318051575931,80.22922636103151,7.163323782234957,73.06590257879655
E00037764,248,75,38,37,173,11,162,30.241935483870968,15.32258064516129,14.919354838709678,69.75806451612904,4.435483870967742,65.32258064516128
E00037765,419,58,19,39,361,41,320,13.842482100238662,4.534606205250596,9.307875894988067,86.15751789976133,9.785202863961814,76.37231503579952
E00037766,283,51,23,28,232,27,205,18.021201413427562,8.12720848056537,9.89399293286219,81.97879858657244,9.540636042402827,72.43816254416961
E00037767,272,84,44,40,188,16,172,30.88235294117647,16.176470588235293,14.705882352941178,69.11764705882352,5.88235294117647,63.23529411764706
E00037768,284,63,27,36,221,9,212,22.183098591549296,9.507042253521126,12.676056338028168,77.8169014084507,3.169014084507042,74.64788732394366
E00037769,302,67,31,36,235,25,210,22.185430463576157,10.264900662251655,11.920529801324504,77.81456953642383,8.27814569536424,69.5364238410596
E00037770,357,84,44,40,273,26,247,23.52941176470588,12.324929971988796,11.204481792717088,76.47058823529412,7.282913165266107,69.187675070028
E00037771,292,97,49,48,195,12,183,33.21917808219178,16.78082191780822,16.43835616438356,66.78082191780823,4.10958904109589,62.671232876712324
E00037772,196,48,18,30,148,14,134,24.489795918367346,9.183673469387756,15.306122448979592,75.51020408163265,7.142857142857142,68.36734693877551
E00037773,308,64,33,31,244,22,222,20.77922077922078,10.714285714285714,10.064935064935066,79.22077922077922,7.142857142857142,72.07792207792207
E00037774,257,45,15,30,212,18,194,17.509727626459142,5.836575875486381,11.673151750972762,82.49027237354085,7.003891050583658,75.4863813229572
E00037775,540,91,47,44,449,36,413,16.85185185185185,8.703703703703704,8.148148148148149,83.14814814814815,6.666666666666667,76.48148148148148
E00037777,252,47,18,29,205,17,188,18.650793650793652,7.142857142857142,11.507936507936508,81.34920634920636,6.746031746031746,74.60317460317461
E00037778,345,68,33,35,277,24,253,19.710144927536234,9.565217391304348,10.144927536231885,80.28985507246377,6.956521739130435,73.33333333333333
E00037779,328,47,17,30,281,30,251,14.329268292682926,5.182926829268292,9.146341463414634,85.67073170731707,9.146341463414634,76.52439024390245
E00037780,357,77,31,46,280,35,245,21.568627450980394,8.683473389355742,12.885154061624648,78.43137254901961,9.803921568627452,68.62745098039215
E00037781,335,66,22,44,269,24,245,19.701492537313435,6.567164179104477,13.134328358208954,80.29850746268656,7.164179104477612,73.13432835820896
E00037782,330,62,26,36,268,20,248,18.787878787878785,7.878787878787878,10.909090909090908,81.21212121212122,6.0606060606060606,75.15151515151514
E00037783,361,90,27,63,271,23,248,24.930747922437675,7.479224376731302,17.451523545706372,75.06925207756233,6.3711911357340725,68.69806094182826
E00037784,306,83,41,42,223,20,203,27.124183006535947,13.398692810457517,13.725490196078432,72.87581699346404,6.535947712418301,66.33986928104575
E00037785,295,76,20,56,219,18,201,25.76271186440678,6.779661016949152,18.983050847457626,74.23728813559322,6.101694915254238,68.13559322033899
E00037786,398,57,24,33,341,40,301,14.321608040201006,6.030150753768844,8.291457286432161,85.678391959799,10.050251256281408,75.62814070351759
E00037788,271,84,48,36,187,29,158,30.996309963099634,17.712177121771216,13.284132841328415,69.00369003690037,10.70110701107011,58.30258302583026
E00037789,473,119,62,57,354,33,321,25.158562367864697,13.107822410147993,12.050739957716702,74.84143763213531,6.976744186046512,67.8646934460888
E00037790,334,99,56,43,235,20,215,29.640718562874252,16.766467065868262,12.874251497005988,70.35928143712576,5.9880239520958085,64.37125748502994
E00037791,363,66,25,41,297,38,259,18.181818181818183,6.887052341597796,11.294765840220386,81.81818181818183,10.46831955922865,71.34986225895317
E00037792,333,95,54,41,238,27,211,28.52852852852853,16.216216216216218,12.312312312312311,71.47147147147147,8.108108108108109,63.36336336336337
E00037793,427,105,63,42,322,24,298,24.59016393442623,14.754098360655737,9.836065573770492,75.40983606557377,5.620608899297424,69.78922716627635
E00037794,455,102,50,52,353,23,330,22.41758241758242,10.989010989010989,11.428571428571429,77.58241758241759,5.054945054945055,72.52747252747253
E00037796,324,94,57,37,230,28,202,29.01234567901235,17.59259259259259,11.419753086419753,70.98765432098766,8.641975308641975,62.34567901234568
E00037797,343,65,29,36,278,32,246,18.950437317784257,8.454810495626822,10.495626822157435,81.04956268221575,9.329446064139942,71.7201166180758
E00037798,250,73,43,30,177,22,155,29.2,17.2,12,70.8,8.799999999999999,62
E00037799,396,78,39,39,318,25,293,19.696969696969695,9.848484848484848,9.848484848484848,80.3030303030303,6.313131313131313,73.98989898989899
E00037800,345,83,33,50,262,17,245,24.057971014492754,9.565217391304348,14.492753623188406,75.94202898550725,4.9275362318840585,71.01449275362319
E00037801,169,63,44,19,106,5,101,37.278106508875744,26.035502958579883,11.242603550295858,62.721893491124256,2.9585798816568047,59.76331360946746
E00037802,459,87,34,53,372,33,339,18.954248366013072,7.4074074074074066,11.546840958605664,81.04575163398692,7.18954248366013,73.8562091503268
E00037803,316,84,38,46,232,13,219,26.582278481012654,12.025316455696203,14.556962025316455,73.41772151898735,4.113924050632911,69.30379746835443
E00037804,256,59,23,36,197,18,179,23.046875,8.984375,14.0625,76.953125,7.03125,69.921875
E00037805,263,50,24,26,213,20,193,19.011406844106464,9.125475285171103,9.885931558935361,80.98859315589354,7.604562737642586,73.38403041825094
E00037806,302,94,52,42,208,12,196,31.125827814569533,17.218543046357617,13.90728476821192,68.87417218543047,3.9735099337748347,64.90066225165563
E00037807,340,81,39,42,259,19,240,23.823529411764703,11.470588235294118,12.352941176470589,76.17647058823529,5.588235294117648,70.58823529411765
E00037808,269,43,19,24,226,17,209,15.985130111524162,7.063197026022305,8.921933085501859,84.01486988847584,6.319702602230483,77.69516728624535
E00037809,304,121,72,49,183,17,166,39.80263157894737,23.684210526315788,16.11842105263158,60.19736842105263,5.592105263157895,54.60526315789473
E00037810,259,60,27,33,199,27,172,23.166023166023166,10.424710424710424,12.741312741312742,76.83397683397683,10.424710424710424,66.40926640926641
E00037811,305,103,56,47,202,11,191,33.77049180327869,18.360655737704917,15.40983606557377,66.22950819672131,3.606557377049181,62.62295081967213
E00037812,261,71,40,31,190,19,171,27.203065134099617,15.32567049808429,11.877394636015326,72.79693486590038,7.2796934865900385,65.51724137931035
E00037813,242,54,23,31,188,17,171,22.31404958677686,9.50413223140496,12.8099173553719,77.68595041322314,7.024793388429752,70.66115702479338
E00037814,271,121,65,56,150,15,135,44.64944649446495,23.985239852398525,20.66420664206642,55.35055350553506,5.535055350553505,49.815498154981555
E00037815,309,86,43,43,223,25,198,27.831715210355988,13.915857605177994,13.915857605177994,72.168284789644,8.090614886731391,64.07766990291263
E00037816,274,54,17,37,220,21,199,19.708029197080293,6.204379562043796,13.503649635036496,80.2919708029197,7.664233576642336,72.62773722627736
E00037817,273,58,25,33,215,11,204,21.245421245421245,9.157509157509157,12.087912087912088,78.75457875457876,4.029304029304029,74.72527472527473
E00037818,282,46,22,24,236,17,219,16.312056737588655,7.801418439716312,8.51063829787234,83.68794326241135,6.028368794326241,77.6595744680851
E00037819,241,70,36,34,171,12,159,29.045643153526974,14.937759336099585,14.107883817427386,70.95435684647303,4.979253112033195,65.97510373443983
E00037820,249,60,35,25,189,14,175,24.096385542168676,14.056224899598394,10.040160642570282,75.90361445783132,5.622489959839357,70.28112449799197
E00037821,154,66,38,28,88,6,82,42.857142857142854,24.675324675324674,18.181818181818183,57.14285714285714,3.896103896103896,53.246753246753244
E00037822,269,53,20,33,216,32,184,19.702602230483272,7.434944237918216,12.267657992565056,80.29739776951673,11.895910780669144,68.40148698884758
E00037823,373,130,91,39,243,29,214,34.852546916890084,24.396782841823057,10.455764075067025,65.14745308310992,7.774798927613941,57.37265415549599
E00037824,276,65,32,33,211,24,187,23.55072463768116,11.594202898550725,11.956521739130435,76.44927536231883,8.695652173913043,67.7536231884058
E00037825,285,77,31,46,208,15,193,27.017543859649123,10.87719298245614,16.140350877192983,72.98245614035088,5.263157894736842,67.71929824561404
E00037826,207,68,33,35,139,17,122,32.850241545893724,15.942028985507244,16.908212560386474,67.14975845410628,8.212560386473431,58.93719806763285
E00037827,267,84,36,48,183,12,171,31.46067415730337,13.48314606741573,17.97752808988764,68.53932584269663,4.49438202247191,64.04494382022472
E00037828,294,75,47,28,219,11,208,25.510204081632654,15.98639455782313,9.523809523809524,74.48979591836735,3.741496598639456,70.74829931972789
E00168689,492,86,42,44,406,25,381,17.479674796747968,8.536585365853659,8.94308943089431,82.52032520325203,5.08130081300813,77.4390243902439
E00168690,560,55,23,32,505,27,478,9.821428571428571,4.107142857142857,5.714285714285714,90.17857142857143,4.821428571428572,85.35714285714285
E00168691,352,61,22,39,291,20,271,17.329545454545457,6.25,11.079545454545455,82.67045454545455,5.681818181818182,76.98863636363636
E00168692,302,37,10,27,265,20,245,12.251655629139073,3.3112582781456954,8.940397350993377,87.74834437086093,6.622516556291391,81.12582781456953
E00168693,520,48,18,30,472,51,421,9.230769230769232,3.4615384615384617,5.769230769230769,90.76923076923077,9.807692307692308,80.96153846153847
E00168694,145,40,19,21,105,9,96,27.586206896551722,13.10344827586207,14.482758620689657,72.41379310344827,6.206896551724138,66.20689655172414
E00168695,335,44,14,30,291,14,277,13.134328358208954,4.179104477611941,8.955223880597014,86.86567164179104,4.179104477611941,82.68656716417911
E00168696,185,37,18,19,148,9,139,20,9.72972972972973,10.27027027027027,80,4.864864864864865,75.13513513513513
E00168697,158,23,12,11,135,12,123,14.556962025316455,7.59493670886076,6.962025316455696,85.44303797468355,7.59493670886076,77.84810126582279
E00168698,256,42,8,34,214,21,193,16.40625,3.125,13.28125,83.59375,8.203125,75.390625
E00168699,272,54,27,27,218,13,205,19.852941176470587,9.926470588235293,9.926470588235293,80.14705882352942,4.779411764705882,75.36764705882352
E00168700,303,35,12,23,268,18,250,11.55115511551155,3.9603960396039604,7.590759075907591,88.44884488448845,5.9405940594059405,82.50825082508251
E00168701,204,43,25,18,161,11,150,21.07843137254902,12.254901960784313,8.823529411764707,78.92156862745098,5.392156862745098,73.52941176470588
E00168702,369,54,25,29,315,25,290,14.634146341463413,6.775067750677506,7.8590785907859075,85.36585365853658,6.775067750677506,78.59078590785907
E00168703,157,52,30,22,105,11,94,33.12101910828025,19.10828025477707,14.012738853503185,66.87898089171973,7.006369426751593,59.87261146496815
E00168704,330,51,18,33,279,19,260,15.454545454545453,5.454545454545454,10,84.54545454545455,5.757575757575758,78.78787878787878
E00168705,309,38,18,20,271,17,254,12.297734627831716,5.825242718446602,6.472491909385113,87.70226537216828,5.501618122977346,82.20064724919094
E00168706,315,41,24,17,274,22,252,13.015873015873018,7.6190476190476195,5.396825396825397,86.98412698412699,6.984126984126984,80
E00168707,617,77,35,42,540,47,493,12.479740680713128,5.6726094003241485,6.807131280388978,87.52025931928688,7.6175040518638575,79.902755267423
E00168708,367,88,48,40,279,13,266,23.978201634877383,13.079019073569482,10.899182561307901,76.02179836512262,3.5422343324250685,72.47956403269755
E00168709,342,49,21,28,293,25,268,14.327485380116958,6.140350877192982,8.187134502923977,85.67251461988305,7.309941520467836,78.3625730994152
E00168710,309,38,13,25,271,21,250,12.297734627831716,4.207119741100324,8.090614886731391,87.70226537216828,6.796116504854369,80.90614886731392
E00168711,299,34,10,24,265,12,253,11.37123745819398,3.3444816053511706,8.02675585284281,88.62876254180601,4.013377926421405,84.61538461538461
E00168712,359,27,14,13,332,27,305,7.520891364902507,3.8997214484679668,3.6211699164345403,92.47910863509749,7.520891364902507,84.958217270195
E00168713,283,37,17,20,246,20,226,13.074204946996467,6.007067137809187,7.06713780918728,86.92579505300353,7.06713780918728,79.85865724381625
E00168714,267,24,12,12,243,19,224,8.98876404494382,4.49438202247191,4.49438202247191,91.01123595505618,7.116104868913857,83.89513108614233
E00168715,283,36,16,20,247,18,229,12.7208480565371,5.6537102473498235,7.06713780918728,87.27915194346289,6.36042402826855,80.91872791519434
E00168716,221,49,18,31,172,14,158,22.171945701357465,8.144796380090497,14.027149321266968,77.82805429864254,6.334841628959276,71.49321266968326
E00168717,600,55,20,35,545,59,486,9.166666666666666,3.3333333333333335,5.833333333333333,90.83333333333333,9.833333333333332,81
E00168718,266,42,13,29,224,23,201,15.789473684210526,4.887218045112782,10.902255639097744,84.21052631578947,8.646616541353383,75.56390977443608
E00168719,269,20,6,14,249,21,228,7.434944237918216,2.2304832713754648,5.204460966542751,92.56505576208178,7.806691449814126,84.75836431226766
E00168720,235,46,21,25,189,20,169,19.574468085106382,8.936170212765958,10.638297872340425,80.42553191489363,8.51063829787234,71.91489361702128
E00179982,252,38,12,26,214,29,185,15.079365079365079,4.761904761904762,10.317460317460316,84.92063492063492,11.507936507936508,73.4126984126984
E00179983,180,23,9,14,157,8,149,12.777777777777777,5,7.777777777777778,87.22222222222223,4.444444444444445,82.77777777777777
E00179984,256,87,55,32,169,17,152,33.984375,21.484375,12.5,66.015625,6.640625,59.375
E00179986,182,62,27,35,120,15,105,34.065934065934066,14.835164835164836,19.230769230769234,65.93406593406593,8.241758241758241,57.692307692307686
E00179988,269,52,27,25,217,15,202,19.33085501858736,10.037174721189592,9.293680297397769,80.66914498141264,5.5762081784386615,75.09293680297398
E00179989,510,85,43,42,425,38,387,16.666666666666664,8.431372549019608,8.235294117647058,83.33333333333334,7.450980392156863,75.88235294117646
E00179990,410,100,73,27,310,19,291,24.390243902439025,17.804878048780488,6.585365853658537,75.60975609756098,4.634146341463414,70.97560975609755
E00179998,227,44,18,26,183,8,175,19.383259911894275,7.929515418502203,11.45374449339207,80.61674008810573,3.524229074889868,77.09251101321586
E00180000,256,52,21,31,204,16,188,20.3125,8.203125,12.109375,79.6875,6.25,73.4375
E00180004,166,26,9,17,140,16,124,15.66265060240964,5.421686746987952,10.240963855421686,84.33734939759037,9.63855421686747,74.69879518072288
E00180013,478,42,15,27,436,31,405,8.786610878661087,3.1380753138075312,5.648535564853557,91.21338912133892,6.485355648535565,84.72803347280335
E00180016,155,65,31,34,90,11,79,41.935483870967744,20,21.935483870967744,58.06451612903226,7.096774193548387,50.967741935483865
E00180020,235,21,8,13,214,13,201,8.936170212765958,3.404255319148936,5.531914893617021,91.06382978723404,5.531914893617021,85.53191489361703
E00180024,251,29,9,20,222,9,213,11.553784860557768,3.5856573705179287,7.968127490039841,88.44621513944223,3.5856573705179287,84.86055776892431
E00180025,398,64,32,32,334,19,315,16.08040201005025,8.040201005025125,8.040201005025125,83.91959798994975,4.773869346733668,79.14572864321609
E00180029,312,38,14,24,274,25,249,12.179487179487179,4.487179487179487,7.6923076923076925,87.82051282051282,8.012820512820513,79.8076923076923
E00180031,317,54,20,34,263,26,237,17.034700315457414,6.309148264984227,10.725552050473187,82.96529968454259,8.201892744479496,74.76340694006309
E00180032,201,12,3,9,189,18,171,5.970149253731343,1.4925373134328357,4.477611940298507,94.02985074626866,8.955223880597014,85.07462686567165
E00180037,501,60,23,37,441,30,411,11.976047904191617,4.590818363273453,7.385229540918163,88.02395209580838,5.9880239520958085,82.03592814371258
E00180038,120,22,12,10,98,8,90,18.333333333333332,10,8.333333333333332,81.66666666666667,6.666666666666667,75
E00180044,220,39,12,27,181,11,170,17.727272727272727,5.454545454545454,12.272727272727273,82.27272727272728,5,77.27272727272727
E00180049,311,30,7,23,281,17,264,9.646302250803858,2.2508038585209005,7.395498392282958,90.35369774919614,5.466237942122187,84.88745980707395
E00180052,119,19,10,9,100,9,91,15.966386554621847,8.403361344537815,7.563025210084033,84.03361344537815,7.563025210084033,76.47058823529412
E00180053,154,41,25,16,113,11,102,26.623376623376622,16.233766233766232,10.38961038961039,73.37662337662337,7.142857142857142,66.23376623376623
E00180056,262,35,9,26,227,20,207,13.358778625954198,3.435114503816794,9.923664122137405,86.64122137404581,7.633587786259542,79.00763358778626
E00180059,405,31,6,25,374,25,349,7.654320987654321,1.4814814814814816,6.172839506172839,92.34567901234568,6.172839506172839,86.17283950617283
E00180064,172,50,23,27,122,9,113,29.069767441860467,13.372093023255813,15.69767441860465,70.93023255813954,5.232558139534884,65.69767441860465
E00180066,187,7,1,6,180,9,171,3.7433155080213902,0.53475935828877,3.2085561497326207,96.2566844919786,4.81283422459893,91.44385026737967
E00180067,316,55,34,21,261,13,248,17.405063291139243,10.759493670886076,6.6455696202531636,82.59493670886076,4.113924050632911,78.48101265822784
E00180074,530,92,36,56,438,30,408,17.358490566037734,6.7924528301886795,10.566037735849058,82.64150943396227,5.660377358490567,76.9811320754717
E00180081,484,149,94,55,335,22,313,30.785123966942145,19.421487603305785,11.363636363636363,69.21487603305785,4.545454545454546,64.6694214876033
E00180085,576,70,24,46,506,49,457,12.152777777777777,4.166666666666666,7.986111111111111,87.84722222222221,8.506944444444445,79.34027777777779
E00180087,230,27,10,17,203,10,193,11.73913043478261,4.3478260869565215,7.391304347826087,88.26086956521739,4.3478260869565215,83.91304347826087
E00180091,232,50,22,28,182,18,164,21.551724137931032,9.482758620689655,12.068965517241379,78.44827586206897,7.758620689655173,70.6896551724138
E00180092,377,108,57,51,269,28,241,28.647214854111407,15.119363395225463,13.527851458885943,71.3527851458886,7.427055702917771,63.92572944297083
E00180095,102,30,14,16,72,6,66,29.411764705882355,13.725490196078432,15.686274509803921,70.58823529411765,5.88235294117647,64.70588235294117
E00180096,243,39,14,25,204,13,191,16.049382716049383,5.761316872427984,10.2880658436214,83.9506172839506,5.349794238683128,78.60082304526749
E00180099,582,55,23,32,527,48,479,9.450171821305842,3.951890034364261,5.498281786941581,90.54982817869416,8.24742268041237,82.30240549828179
E00180107,491,60,21,39,431,29,402,12.219959266802444,4.276985743380855,7.942973523421588,87.78004073319755,5.906313645621181,81.87372708757637
E00180108,175,64,25,39,111,12,99,36.57142857142857,14.285714285714285,22.285714285714285,63.42857142857142,6.857142857142858,56.57142857142857
E00180109,172,41,17,24,131,8,123,23.837209302325583,9.883720930232558,13.953488372093023,76.16279069767442,4.651162790697675,71.51162790697676
E00180112,466,56,18,38,410,34,376,12.017167381974248,3.862660944206009,8.15450643776824,87.98283261802575,7.296137339055794,80.68669527896995
E00180113,448,42,25,17,406,29,377,9.375,5.580357142857143,3.7946428571428568,90.625,6.4732142857142865,84.15178571428571
E00180114,256,36,19,17,220,10,210,14.0625,7.421875,6.640625,85.9375,3.90625,82.03125
E00180119,331,83,45,38,248,13,235,25.075528700906347,13.595166163141995,11.48036253776435,74.92447129909365,3.927492447129909,70.99697885196375
E00180125,360,61,27,34,299,16,283,16.944444444444446,7.5,9.444444444444445,83.05555555555556,4.444444444444445,78.61111111111111
E00180126,503,109,39,70,394,41,353,21.669980119284293,7.75347912524851,13.916500994035786,78.33001988071571,8.151093439363818,70.17892644135189
E00180134,334,29,10,19,305,36,269,8.682634730538922,2.9940119760479043,5.688622754491018,91.31736526946108,10.778443113772456,80.53892215568862
E00180135,410,28,7,21,382,24,358,6.829268292682928,1.707317073170732,5.121951219512195,93.17073170731707,5.853658536585367,87.3170731707317
E00180136,248,20,4,16,228,22,206,8.064516129032258,1.6129032258064515,6.451612903225806,91.93548387096774,8.870967741935484,83.06451612903226
E00180140,355,53,25,28,302,32,270,14.929577464788732,7.042253521126761,7.887323943661972,85.07042253521126,9.014084507042254,76.05633802816901
