OA,ts0590001,ts0590002,ts0590003,ts0590004,ts0590005,ts0590006,ts0590007,ts0590002_PCT,ts0590003_PCT,ts0590004_PCT,ts0590005_PCT,ts0590006_PCT,ts0590007_PCT
E00100629,177,85,40,45,92,69,23,48.0225988700565,22.598870056497177,25.423728813559322,51.9774011299435,38.983050847457626,12.994350282485875
E00100630,168,59,26,33,109,84,25,35.11904761904761,15.476190476190476,19.642857142857142,64.88095238095238,50,14.880952380952381
E00100631,150,58,18,40,92,82,10,38.666666666666664,12,26.666666666666668,61.33333333333333,54.666666666666664,6.666666666666667
E00100632,148,64,14,50,84,71,13,43.24324324324324,9.45945945945946,33.78378378378378,56.75675675675676,47.97297297297297,8.783783783783784
E00100633,45,21,11,10,24,21,3,46.666666666666664,24.444444444444443,22.22222222222222,53.333333333333336,46.666666666666664,6.666666666666667
E00100635,133,46,13,33,87,60,27,34.58646616541353,9.774436090225564,24.81203007518797,65.41353383458647,45.11278195488722,20.30075187969925
E00100636,102,36,12,24,66,51,15,35.294117647058826,11.76470588235294,23.52941176470588,64.70588235294117,50,14.705882352941178
E00100637,81,40,9,31,41,32,9,49.382716049382715,11.11111111111111,38.2716049382716,50.617283950617285,39.50617283950617,11.11111111111111
E00100638,171,57,17,40,114,92,22,33.33333333333333,9.941520467836257,23.391812865497073,66.66666666666666,53.80116959064327,12.865497076023392
E00100639,158,59,24,35,99,76,23,37.34177215189873,15.18987341772152,22.151898734177212,62.65822784810127,48.10126582278481,14.556962025316455
E00100640,121,43,19,24,78,68,10,35.53719008264463,15.702479338842975,19.834710743801654,64.46280991735537,56.19834710743802,8.264462809917356
E00100642,145,48,16,32,97,81,16,33.10344827586207,11.03448275862069,22.06896551724138,66.89655172413794,55.86206896551724,11.03448275862069
E00100643,125,41,13,28,84,67,17,32.800000000000004,10.4,22.400000000000002,67.2,53.6,13.600000000000001
E00100644,133,59,19,40,74,65,9,44.3609022556391,14.285714285714285,30.075187969924812,55.639097744360896,48.87218045112782,6.7669172932330826
E00100645,183,56,14,42,127,106,21,30.601092896174865,7.650273224043716,22.950819672131146,69.39890710382514,57.92349726775956,11.475409836065573
E00100646,82,22,7,15,60,49,11,26.82926829268293,8.536585365853659,18.29268292682927,73.17073170731707,59.756097560975604,13.414634146341465
E00100647,140,58,22,36,82,68,14,41.42857142857143,15.714285714285714,25.71428571428571,58.57142857142858,48.57142857142857,10
E00100648,151,50,19,31,101,80,21,33.11258278145696,12.582781456953644,20.52980132450331,66.88741721854305,52.980132450331126,13.90728476821192
E00100649,127,53,13,40,74,57,17,41.732283464566926,10.236220472440944,31.496062992125985,58.26771653543307,44.881889763779526,13.385826771653544
E00100650,258,99,29,70,159,136,23,38.372093023255815,11.24031007751938,27.131782945736433,61.627906976744185,52.71317829457365,8.914728682170542
E00100651,45,15,7,8,30,18,12,33.33333333333333,15.555555555555555,17.77777777777778,66.66666666666666,40,26.666666666666668
E00100652,128,44,15,29,84,72,12,34.375,11.71875,22.65625,65.625,56.25,9.375
E00100653,157,49,16,33,108,86,22,31.210191082802545,10.191082802547772,21.019108280254777,68.78980891719745,54.77707006369427,14.012738853503185
E00100654,88,42,21,21,46,32,14,47.72727272727273,23.863636363636363,23.863636363636363,52.27272727272727,36.36363636363637,15.909090909090908
E00100655,114,37,20,17,77,62,15,32.45614035087719,17.543859649122805,14.912280701754385,67.54385964912281,54.385964912280706,13.157894736842104
E00100656,79,31,14,17,48,32,16,39.24050632911392,17.72151898734177,21.518987341772153,60.75949367088608,40.50632911392405,20.253164556962027
E00100657,100,46,15,31,54,41,13,46,15,31,54,41,13
E00100658,143,59,26,33,84,53,31,41.25874125874126,18.181818181818183,23.076923076923077,58.74125874125874,37.06293706293706,21.678321678321677
E00100659,112,39,20,19,73,54,19,34.82142857142857,17.857142857142858,16.964285714285715,65.17857142857143,48.214285714285715,16.964285714285715
E00100660,142,62,20,42,80,68,12,43.66197183098591,14.084507042253522,29.577464788732392,56.33802816901409,47.88732394366197,8.450704225352112
E00100661,135,49,15,34,86,74,12,36.2962962962963,11.11111111111111,25.185185185185183,63.70370370370371,54.81481481481482,8.88888888888889
E00100662,204,76,17,59,128,107,21,37.254901960784316,8.333333333333332,28.921568627450984,62.745098039215684,52.450980392156865,10.294117647058822
E00100664,212,72,21,51,140,105,35,33.9622641509434,9.90566037735849,24.056603773584907,66.0377358490566,49.528301886792455,16.50943396226415
E00100667,154,43,15,28,111,80,31,27.92207792207792,9.740259740259742,18.181818181818183,72.07792207792207,51.94805194805194,20.12987012987013
E00100668,131,48,18,30,83,73,10,36.6412213740458,13.740458015267176,22.900763358778626,63.358778625954194,55.72519083969466,7.633587786259542
E00100669,172,58,17,41,114,100,14,33.72093023255814,9.883720930232558,23.837209302325583,66.27906976744185,58.139534883720934,8.13953488372093
E00100670,173,59,23,36,114,85,29,34.104046242774565,13.294797687861271,20.809248554913296,65.89595375722543,49.13294797687861,16.76300578034682
E00100671,223,69,28,41,154,101,53,30.94170403587444,12.556053811659194,18.385650224215247,69.05829596412556,45.2914798206278,23.766816143497756
E00100672,180,70,19,51,110,87,23,38.88888888888889,10.555555555555555,28.333333333333332,61.111111111111114,48.333333333333336,12.777777777777777
E00100673,182,65,24,41,117,87,30,35.714285714285715,13.186813186813188,22.52747252747253,64.28571428571429,47.8021978021978,16.483516483516482
E00100674,133,46,16,30,87,66,21,34.58646616541353,12.030075187969924,22.55639097744361,65.41353383458647,49.62406015037594,15.789473684210526
E00100676,112,45,23,22,67,57,10,40.17857142857143,20.535714285714285,19.642857142857142,59.82142857142857,50.89285714285714,8.928571428571429
E00100677,79,30,13,17,49,44,5,37.9746835443038,16.455696202531644,21.518987341772153,62.0253164556962,55.69620253164557,6.329113924050633
E00100678,62,28,13,15,34,31,3,45.16129032258064,20.967741935483872,24.193548387096776,54.83870967741935,50,4.838709677419355
E00100679,91,37,20,17,54,43,11,40.65934065934066,21.978021978021978,18.681318681318682,59.34065934065934,47.25274725274725,12.087912087912088
E00100680,96,51,19,32,45,41,4,53.125,19.791666666666664,33.33333333333333,46.875,42.70833333333333,4.166666666666666
E00100681,65,30,16,14,35,27,8,46.15384615384615,24.615384615384617,21.53846153846154,53.84615384615385,41.53846153846154,12.307692307692308
E00100682,50,11,5,6,39,29,10,22,10,12,78,57.99999999999999,20
E00100683,63,30,19,11,33,21,12,47.61904761904761,30.158730158730158,17.46031746031746,52.38095238095239,33.33333333333333,19.047619047619047
E00100684,82,37,12,25,45,36,9,45.1219512195122,14.634146341463413,30.48780487804878,54.87804878048781,43.90243902439025,10.975609756097562
E00100685,54,17,5,12,37,28,9,31.48148148148148,9.25925925925926,22.22222222222222,68.51851851851852,51.85185185185185,16.666666666666664
E00100686,90,40,14,26,50,41,9,44.44444444444444,15.555555555555555,28.888888888888886,55.55555555555556,45.55555555555556,10
E00100687,112,62,19,43,50,43,7,55.35714285714286,16.964285714285715,38.392857142857146,44.642857142857146,38.392857142857146,6.25
E00100688,176,60,19,41,116,105,11,34.090909090909086,10.795454545454545,23.295454545454543,65.9090909090909,59.65909090909091,6.25
E00100689,96,37,7,30,59,52,7,38.54166666666667,7.291666666666667,31.25,61.458333333333336,54.166666666666664,7.291666666666667
E00100690,96,34,9,25,62,48,14,35.41666666666667,9.375,26.041666666666668,64.58333333333334,50,14.583333333333334
E00100691,138,51,14,37,87,76,11,36.95652173913043,10.144927536231885,26.811594202898554,63.04347826086957,55.072463768115945,7.971014492753622
E00100692,87,44,22,22,43,33,10,50.57471264367817,25.287356321839084,25.287356321839084,49.42528735632184,37.93103448275862,11.494252873563218
E00100693,45,23,9,14,22,19,3,51.11111111111111,20,31.11111111111111,48.888888888888886,42.22222222222222,6.666666666666667
E00100694,201,78,16,62,123,102,21,38.80597014925373,7.960199004975125,30.845771144278604,61.19402985074627,50.74626865671642,10.44776119402985
E00100695,106,46,18,28,60,47,13,43.39622641509434,16.9811320754717,26.41509433962264,56.60377358490566,44.339622641509436,12.264150943396226
E00100696,87,28,8,20,59,51,8,32.18390804597701,9.195402298850574,22.988505747126435,67.81609195402298,58.620689655172406,9.195402298850574
E00100697,99,43,20,23,56,45,11,43.43434343434344,20.2020202020202,23.232323232323232,56.56565656565656,45.45454545454545,11.11111111111111
E00100698,77,26,11,15,51,33,18,33.76623376623377,14.285714285714285,19.480519480519483,66.23376623376623,42.857142857142854,23.376623376623375
E00100699,202,73,32,41,129,97,32,36.13861386138614,15.841584158415841,20.2970297029703,63.86138613861386,48.01980198019802,15.841584158415841
E00100700,237,83,26,57,154,118,36,35.0210970464135,10.970464135021098,24.050632911392405,64.9789029535865,49.789029535864984,15.18987341772152
E00100701,131,55,21,34,76,56,20,41.98473282442748,16.030534351145036,25.954198473282442,58.01526717557252,42.74809160305343,15.267175572519085
E00100702,189,80,24,56,109,81,28,42.32804232804233,12.698412698412698,29.629629629629626,57.67195767195767,42.857142857142854,14.814814814814813
E00100703,181,54,26,28,127,94,33,29.83425414364641,14.3646408839779,15.469613259668508,70.1657458563536,51.93370165745856,18.23204419889503
E00100704,52,28,8,20,24,21,3,53.84615384615385,15.384615384615385,38.46153846153847,46.15384615384615,40.38461538461539,5.769230769230769
E00100705,55,16,7,9,39,32,7,29.09090909090909,12.727272727272727,16.363636363636363,70.9090909090909,58.18181818181818,12.727272727272727
E00100706,256,63,21,42,193,157,36,24.609375,8.203125,16.40625,75.390625,61.328125,14.0625
E00100707,82,40,17,23,42,36,6,48.78048780487805,20.73170731707317,28.04878048780488,51.21951219512195,43.90243902439025,7.317073170731707
E00100708,74,33,18,15,41,36,5,44.5945945945946,24.324324324324326,20.27027027027027,55.4054054054054,48.64864864864865,6.756756756756757
E00100709,159,66,22,44,93,72,21,41.509433962264154,13.836477987421384,27.67295597484277,58.490566037735846,45.28301886792453,13.20754716981132
E00100710,113,42,13,29,71,70,1,37.16814159292036,11.504424778761061,25.663716814159294,62.83185840707964,61.94690265486725,0.8849557522123894
E00100711,220,74,27,47,146,95,51,33.63636363636363,12.272727272727273,21.363636363636363,66.36363636363637,43.18181818181818,23.18181818181818
E00100712,109,54,17,37,55,49,6,49.54128440366973,15.59633027522936,33.94495412844037,50.45871559633027,44.95412844036697,5.5045871559633035
E00100713,147,49,21,28,98,89,9,33.33333333333333,14.285714285714285,19.047619047619047,66.66666666666666,60.544217687074834,6.122448979591836
E00100714,99,49,18,31,50,36,14,49.494949494949495,18.181818181818183,31.313131313131315,50.505050505050505,36.36363636363637,14.14141414141414
E00100715,126,44,17,27,82,64,18,34.92063492063492,13.492063492063492,21.428571428571427,65.07936507936508,50.79365079365079,14.285714285714285
E00100716,67,31,17,14,36,31,5,46.26865671641791,25.37313432835821,20.8955223880597,53.73134328358209,46.26865671641791,7.462686567164178
E00100717,107,42,15,27,65,51,14,39.25233644859813,14.018691588785046,25.233644859813083,60.747663551401864,47.66355140186916,13.084112149532709
E00100718,134,60,29,31,74,45,29,44.776119402985074,21.641791044776117,23.134328358208954,55.223880597014926,33.582089552238806,21.641791044776117
E00100719,50,18,8,10,32,23,9,36,16,20,64,46,18
E00100720,209,70,31,39,139,102,37,33.49282296650718,14.832535885167463,18.660287081339714,66.50717703349282,48.803827751196174,17.703349282296653
E00100721,121,42,15,27,79,62,17,34.710743801652896,12.396694214876034,22.31404958677686,65.28925619834712,51.2396694214876,14.049586776859504
E00100722,183,71,32,39,112,80,32,38.79781420765027,17.48633879781421,21.311475409836063,61.20218579234973,43.71584699453552,17.48633879781421
E00100723,102,36,12,24,66,45,21,35.294117647058826,11.76470588235294,23.52941176470588,64.70588235294117,44.11764705882353,20.588235294117645
E00100724,148,44,17,27,104,82,22,29.72972972972973,11.486486486486488,18.243243243243242,70.27027027027027,55.4054054054054,14.864864864864865
E00100725,161,51,24,27,110,77,33,31.67701863354037,14.906832298136646,16.77018633540373,68.32298136645963,47.82608695652174,20.496894409937887
E00100726,165,62,13,49,103,86,17,37.57575757575757,7.878787878787878,29.6969696969697,62.42424242424243,52.121212121212125,10.303030303030303
E00100727,116,45,13,32,71,61,10,38.793103448275865,11.206896551724139,27.586206896551722,61.206896551724135,52.58620689655172,8.620689655172415
E00100728,146,69,20,49,77,61,16,47.26027397260274,13.698630136986301,33.56164383561644,52.73972602739726,41.78082191780822,10.95890410958904
E00100729,105,35,8,27,70,59,11,33.33333333333333,7.6190476190476195,25.71428571428571,66.66666666666666,56.19047619047619,10.476190476190476
E00100730,82,27,9,18,55,43,12,32.926829268292686,10.975609756097562,21.951219512195124,67.07317073170732,52.4390243902439,14.634146341463413
E00100731,197,75,25,50,122,93,29,38.07106598984771,12.690355329949238,25.380710659898476,61.92893401015228,47.20812182741117,14.720812182741117
E00100732,278,86,39,47,192,152,40,30.935251798561154,14.028776978417264,16.906474820143885,69.06474820143885,54.67625899280576,14.388489208633093
E00100733,152,45,13,32,107,93,14,29.605263157894733,8.552631578947368,21.052631578947366,70.39473684210526,61.18421052631579,9.210526315789473
E00100734,158,55,18,37,103,92,11,34.810126582278485,11.39240506329114,23.417721518987342,65.18987341772153,58.22784810126582,6.962025316455696
E00100735,130,50,19,31,80,54,26,38.46153846153847,14.615384615384617,23.846153846153847,61.53846153846154,41.53846153846154,20
E00100736,130,36,11,25,94,75,19,27.692307692307693,8.461538461538462,19.230769230769234,72.3076923076923,57.692307692307686,14.615384615384617
E00100737,140,51,22,29,89,76,13,36.42857142857142,15.714285714285714,20.714285714285715,63.57142857142857,54.285714285714285,9.285714285714286
E00100738,78,33,7,26,45,41,4,42.30769230769231,8.974358974358974,33.33333333333333,57.692307692307686,52.56410256410257,5.128205128205128
E00100739,158,57,29,28,101,86,15,36.075949367088604,18.354430379746837,17.72151898734177,63.92405063291139,54.43037974683544,9.49367088607595
E00100740,139,48,21,27,91,74,17,34.53237410071942,15.107913669064748,19.424460431654676,65.46762589928058,53.23741007194245,12.23021582733813
E00100741,98,40,10,30,58,48,10,40.816326530612244,10.204081632653061,30.612244897959183,59.183673469387756,48.97959183673469,10.204081632653061
E00100742,167,66,18,48,101,88,13,39.52095808383233,10.778443113772456,28.74251497005988,60.47904191616767,52.69461077844312,7.784431137724551
E00100743,176,54,12,42,122,96,26,30.681818181818183,6.8181818181818175,23.863636363636363,69.31818181818183,54.54545454545454,14.772727272727273
E00100745,162,64,22,42,98,88,10,39.50617283950617,13.580246913580247,25.925925925925924,60.49382716049383,54.32098765432099,6.172839506172839
E00100746,130,45,14,31,85,77,8,34.61538461538461,10.76923076923077,23.846153846153847,65.38461538461539,59.23076923076923,6.153846153846154
E00100747,165,53,11,42,112,98,14,32.121212121212125,6.666666666666667,25.454545454545453,67.87878787878789,59.3939393939394,8.484848484848486
E00100748,72,30,12,18,42,37,5,41.66666666666667,16.666666666666664,25,58.333333333333336,51.388888888888886,6.944444444444445
E00100749,102,32,12,20,70,59,11,31.372549019607842,11.76470588235294,19.607843137254903,68.62745098039215,57.84313725490197,10.784313725490197
E00100750,99,41,16,25,58,50,8,41.41414141414141,16.161616161616163,25.252525252525253,58.58585858585859,50.505050505050505,8.080808080808081
E00100751,180,46,14,32,134,111,23,25.555555555555554,7.777777777777778,17.77777777777778,74.44444444444444,61.66666666666667,12.777777777777777
E00100752,154,55,21,34,99,81,18,35.714285714285715,13.636363636363635,22.07792207792208,64.28571428571429,52.5974025974026,11.688311688311687
E00100753,97,34,10,24,63,59,4,35.051546391752574,10.309278350515463,24.742268041237114,64.94845360824742,60.824742268041234,4.123711340206185
E00100754,119,41,12,29,78,64,14,34.45378151260504,10.084033613445378,24.369747899159663,65.54621848739495,53.78151260504202,11.76470588235294
E00100755,145,51,15,36,94,81,13,35.172413793103445,10.344827586206897,24.82758620689655,64.82758620689654,55.86206896551724,8.96551724137931
E00100756,141,55,16,39,86,73,13,39.00709219858156,11.347517730496454,27.659574468085108,60.99290780141844,51.77304964539007,9.219858156028367
E00100757,146,45,14,31,101,85,16,30.82191780821918,9.58904109589041,21.232876712328768,69.17808219178082,58.21917808219178,10.95890410958904
E00100758,190,65,16,49,125,109,16,34.21052631578947,8.421052631578947,25.789473684210527,65.78947368421053,57.36842105263158,8.421052631578947
E00100759,61,27,6,21,34,27,7,44.26229508196721,9.836065573770492,34.42622950819672,55.73770491803278,44.26229508196721,11.475409836065573
E00100760,114,28,9,19,86,73,13,24.561403508771928,7.894736842105263,16.666666666666664,75.43859649122807,64.03508771929825,11.403508771929824
E00100761,121,39,15,24,82,71,11,32.231404958677686,12.396694214876034,19.834710743801654,67.76859504132231,58.67768595041323,9.090909090909092
E00100762,169,59,20,39,110,94,16,34.9112426035503,11.834319526627219,23.076923076923077,65.08875739644971,55.62130177514793,9.467455621301776
E00100763,103,32,9,23,71,62,9,31.06796116504854,8.737864077669903,22.330097087378643,68.93203883495146,60.19417475728155,8.737864077669903
E00100764,91,39,9,30,52,42,10,42.857142857142854,9.89010989010989,32.967032967032964,57.14285714285714,46.15384615384615,10.989010989010989
E00100765,138,54,15,39,84,71,13,39.130434782608695,10.869565217391305,28.26086956521739,60.86956521739131,51.449275362318836,9.420289855072465
E00100766,143,59,16,43,84,71,13,41.25874125874126,11.188811188811188,30.069930069930066,58.74125874125874,49.65034965034965,9.090909090909092
E00100767,77,33,7,26,44,34,10,42.857142857142854,9.090909090909092,33.76623376623377,57.14285714285714,44.15584415584416,12.987012987012985
E00100768,135,52,16,36,83,71,12,38.51851851851852,11.851851851851853,26.666666666666668,61.48148148148148,52.59259259259259,8.88888888888889
E00100769,156,62,22,40,94,81,13,39.743589743589745,14.102564102564102,25.64102564102564,60.256410256410255,51.92307692307693,8.333333333333332
E00100770,154,55,16,39,99,80,19,35.714285714285715,10.38961038961039,25.324675324675322,64.28571428571429,51.94805194805194,12.337662337662337
E00100771,137,50,17,33,87,75,12,36.496350364963504,12.408759124087592,24.087591240875913,63.503649635036496,54.74452554744526,8.75912408759124
E00100772,247,95,26,69,152,130,22,38.46153846153847,10.526315789473683,27.93522267206478,61.53846153846154,52.63157894736842,8.906882591093117
E00100773,140,49,20,29,91,73,18,35,14.285714285714285,20.714285714285715,65,52.142857142857146,12.857142857142856
E00100774,141,34,10,24,107,97,10,24.113475177304963,7.092198581560284,17.02127659574468,75.88652482269504,68.79432624113475,7.092198581560284
E00100775,215,77,31,46,138,113,25,35.81395348837209,14.418604651162791,21.3953488372093,64.18604651162791,52.55813953488372,11.627906976744185
E00100776,67,21,6,15,46,39,7,31.343283582089555,8.955223880597014,22.388059701492537,68.65671641791045,58.2089552238806,10.44776119402985
E00100777,141,44,15,29,97,93,4,31.20567375886525,10.638297872340425,20.56737588652482,68.79432624113475,65.95744680851064,2.8368794326241136
E00100778,100,30,8,22,70,58,12,30,8,22,70,57.99999999999999,12
E00100779,190,77,30,47,113,90,23,40.526315789473685,15.789473684210526,24.736842105263158,59.473684210526315,47.368421052631575,12.105263157894736
E00100780,161,63,23,40,98,85,13,39.130434782608695,14.285714285714285,24.84472049689441,60.86956521739131,52.79503105590062,8.074534161490684
E00100781,133,61,20,41,72,59,13,45.86466165413533,15.037593984962406,30.82706766917293,54.13533834586466,44.3609022556391,9.774436090225564
E00100782,85,23,9,14,62,53,9,27.058823529411764,10.588235294117647,16.470588235294116,72.94117647058823,62.35294117647059,10.588235294117647
E00100783,185,56,15,41,129,107,22,30.270270270270274,8.108108108108109,22.162162162162165,69.72972972972973,57.83783783783784,11.891891891891893
E00100784,98,29,13,16,69,55,14,29.591836734693878,13.26530612244898,16.3265306122449,70.40816326530613,56.12244897959183,14.285714285714285
E00100785,133,56,24,32,77,61,16,42.10526315789473,18.045112781954884,24.06015037593985,57.89473684210527,45.86466165413533,12.030075187969924
E00100786,55,15,8,7,40,35,5,27.27272727272727,14.545454545454545,12.727272727272727,72.72727272727273,63.63636363636363,9.090909090909092
E00100788,74,30,9,21,44,38,6,40.54054054054054,12.162162162162163,28.37837837837838,59.45945945945946,51.35135135135135,8.108108108108109
E00100789,78,29,14,15,49,42,7,37.17948717948718,17.94871794871795,19.230769230769234,62.82051282051282,53.84615384615385,8.974358974358974
E00100790,104,33,15,18,71,56,15,31.73076923076923,14.423076923076922,17.307692307692307,68.26923076923077,53.84615384615385,14.423076923076922
E00100791,105,51,13,38,54,46,8,48.57142857142857,12.380952380952381,36.19047619047619,51.42857142857142,43.80952380952381,7.6190476190476195
E00100792,126,50,14,36,76,65,11,39.682539682539684,11.11111111111111,28.57142857142857,60.317460317460316,51.587301587301596,8.73015873015873
E00100793,165,64,15,49,101,91,10,38.78787878787879,9.090909090909092,29.6969696969697,61.212121212121204,55.15151515151515,6.0606060606060606
E00100794,168,60,18,42,108,89,19,35.714285714285715,10.714285714285714,25,64.28571428571429,52.976190476190474,11.30952380952381
E00100795,85,33,7,26,52,43,9,38.82352941176471,8.235294117647058,30.58823529411765,61.1764705882353,50.588235294117645,10.588235294117647
E00100796,151,57,22,35,94,81,13,37.74834437086093,14.56953642384106,23.178807947019866,62.251655629139066,53.64238410596026,8.609271523178808
E00100797,107,47,10,37,60,48,12,43.925233644859816,9.345794392523365,34.57943925233645,56.074766355140184,44.85981308411215,11.214953271028037
E00100798,113,41,6,35,72,56,16,36.283185840707965,5.3097345132743365,30.973451327433626,63.716814159292035,49.557522123893804,14.15929203539823
E00100799,168,57,23,34,111,85,26,33.92857142857143,13.690476190476192,20.238095238095237,66.07142857142857,50.595238095238095,15.476190476190476
E00100800,86,34,11,23,52,40,12,39.53488372093023,12.790697674418606,26.744186046511626,60.46511627906976,46.51162790697674,13.953488372093023
E00100801,90,40,13,27,50,38,12,44.44444444444444,14.444444444444443,30,55.55555555555556,42.22222222222222,13.333333333333334
E00100802,127,45,23,22,82,66,16,35.43307086614173,18.11023622047244,17.322834645669293,64.56692913385827,51.96850393700787,12.598425196850393
E00100803,121,40,19,21,81,70,11,33.057851239669425,15.702479338842975,17.355371900826448,66.94214876033058,57.85123966942148,9.090909090909092
E00100804,196,68,19,49,128,110,18,34.69387755102041,9.693877551020408,25,65.3061224489796,56.12244897959183,9.183673469387756
E00100805,97,29,10,19,68,52,16,29.896907216494846,10.309278350515463,19.587628865979383,70.10309278350515,53.608247422680414,16.49484536082474
E00100806,128,45,18,27,83,70,13,35.15625,14.0625,21.09375,64.84375,54.6875,10.15625
E00100807,135,42,14,28,93,82,11,31.11111111111111,10.37037037037037,20.74074074074074,68.88888888888889,60.74074074074074,8.148148148148149
E00100808,177,54,13,41,123,103,20,30.508474576271187,7.344632768361582,23.163841807909606,69.49152542372882,58.19209039548022,11.299435028248588
E00100809,181,63,22,41,118,92,26,34.806629834254146,12.154696132596685,22.65193370165746,65.19337016574586,50.82872928176796,14.3646408839779
E00100810,132,37,17,20,95,76,19,28.030303030303028,12.878787878787879,15.151515151515152,71.96969696969697,57.57575757575758,14.393939393939394
E00100811,133,44,14,30,89,75,14,33.08270676691729,10.526315789473683,22.55639097744361,66.9172932330827,56.390977443609025,10.526315789473683
E00100812,52,27,5,22,25,19,6,51.92307692307693,9.615384615384617,42.30769230769231,48.07692307692308,36.53846153846153,11.538461538461538
E00100813,175,59,12,47,116,94,22,33.714285714285715,6.857142857142858,26.857142857142858,66.28571428571428,53.714285714285715,12.571428571428573
E00100814,193,81,27,54,112,97,15,41.968911917098445,13.989637305699482,27.979274611398964,58.03108808290155,50.259067357512954,7.772020725388601
E00100815,172,62,28,34,110,92,18,36.04651162790697,16.27906976744186,19.767441860465116,63.95348837209303,53.48837209302325,10.465116279069768
E00100816,155,58,12,46,97,77,20,37.41935483870968,7.741935483870968,29.677419354838708,62.58064516129033,49.67741935483871,12.903225806451612
E00100817,178,50,19,31,128,104,24,28.08988764044944,10.674157303370785,17.415730337078653,71.91011235955057,58.42696629213483,13.48314606741573
E00100818,151,61,21,40,90,77,13,40.397350993377486,13.90728476821192,26.490066225165563,59.60264900662252,50.993377483443716,8.609271523178808
E00100819,183,50,14,36,133,108,25,27.322404371584703,7.650273224043716,19.672131147540984,72.6775956284153,59.01639344262295,13.661202185792352
E00100820,171,51,18,33,120,106,14,29.82456140350877,10.526315789473683,19.298245614035086,70.17543859649122,61.98830409356725,8.187134502923977
E00100821,116,41,17,24,75,62,13,35.3448275862069,14.655172413793101,20.689655172413794,64.65517241379311,53.44827586206896,11.206896551724139
E00100822,168,55,20,35,113,102,11,32.73809523809524,11.904761904761903,20.833333333333336,67.26190476190477,60.71428571428571,6.547619047619048
E00100823,114,36,12,24,78,68,10,31.57894736842105,10.526315789473683,21.052631578947366,68.42105263157895,59.64912280701754,8.771929824561402
E00100824,172,51,13,38,121,107,14,29.651162790697676,7.55813953488372,22.093023255813954,70.34883720930233,62.2093023255814,8.13953488372093
E00100825,123,40,17,23,83,72,11,32.52032520325203,13.821138211382115,18.69918699186992,67.47967479674797,58.536585365853654,8.94308943089431
E00100826,137,52,17,35,85,71,14,37.95620437956204,12.408759124087592,25.547445255474454,62.04379562043796,51.82481751824818,10.218978102189782
E00100827,220,81,26,55,139,119,20,36.81818181818181,11.818181818181818,25,63.18181818181819,54.090909090909086,9.090909090909092
E00100828,154,50,15,35,104,85,19,32.467532467532465,9.740259740259742,22.727272727272727,67.53246753246754,55.1948051948052,12.337662337662337
E00100829,150,58,13,45,92,81,11,38.666666666666664,8.666666666666668,30,61.33333333333333,54,7.333333333333333
E00100830,179,61,20,41,118,99,19,34.07821229050279,11.1731843575419,22.905027932960895,65.92178770949721,55.3072625698324,10.614525139664805
E00100831,160,55,17,38,105,90,15,34.375,10.625,23.75,65.625,56.25,9.375
E00100832,107,32,12,20,75,68,7,29.906542056074763,11.214953271028037,18.69158878504673,70.09345794392523,63.55140186915887,6.5420560747663545
E00100833,56,21,5,16,35,28,7,37.5,8.928571428571429,28.57142857142857,62.5,50,12.5
E00100834,153,60,21,39,93,80,13,39.21568627450981,13.725490196078432,25.49019607843137,60.78431372549019,52.28758169934641,8.49673202614379
E00100835,106,37,11,26,69,59,10,34.90566037735849,10.377358490566039,24.528301886792452,65.09433962264151,55.660377358490564,9.433962264150944
E00100836,173,55,15,40,118,101,17,31.79190751445087,8.670520231213873,23.121387283236995,68.20809248554913,58.38150289017341,9.826589595375722
E00100837,172,59,22,37,113,97,16,34.30232558139535,12.790697674418606,21.511627906976745,65.69767441860465,56.395348837209305,9.30232558139535
E00100838,104,35,9,26,69,59,10,33.65384615384615,8.653846153846153,25,66.34615384615384,56.730769230769226,9.615384615384617
E00100839,117,57,13,44,60,49,11,48.717948717948715,11.11111111111111,37.60683760683761,51.28205128205128,41.88034188034188,9.401709401709402
E00100840,191,63,21,42,128,111,17,32.98429319371728,10.99476439790576,21.98952879581152,67.01570680628272,58.1151832460733,8.900523560209423
E00100841,150,62,15,47,88,84,4,41.333333333333336,10,31.333333333333336,58.666666666666664,56.00000000000001,2.666666666666667
E00100842,139,44,20,24,95,82,13,31.654676258992804,14.388489208633093,17.26618705035971,68.34532374100719,58.992805755395686,9.352517985611511
E00100843,145,47,12,35,98,85,13,32.41379310344827,8.275862068965518,24.137931034482758,67.58620689655173,58.620689655172406,8.96551724137931
E00100844,195,71,23,48,124,99,25,36.41025641025641,11.794871794871794,24.615384615384617,63.589743589743584,50.76923076923077,12.82051282051282
E00100845,164,73,36,37,91,81,10,44.51219512195122,21.951219512195124,22.5609756097561,55.487804878048784,49.390243902439025,6.097560975609756
E00100846,132,45,16,29,87,69,18,34.090909090909086,12.121212121212121,21.96969696969697,65.9090909090909,52.27272727272727,13.636363636363635
E00100847,101,45,21,24,56,46,10,44.554455445544555,20.792079207920793,23.762376237623762,55.44554455445545,45.54455445544555,9.900990099009901
E00100848,146,41,13,28,105,91,14,28.08219178082192,8.904109589041095,19.17808219178082,71.91780821917808,62.328767123287676,9.58904109589041
E00100849,180,55,12,43,125,97,28,30.555555555555557,6.666666666666667,23.88888888888889,69.44444444444444,53.888888888888886,15.555555555555555
E00100850,118,43,20,23,75,53,22,36.440677966101696,16.94915254237288,19.491525423728813,63.559322033898304,44.91525423728814,18.64406779661017
E00100851,159,56,23,33,103,86,17,35.22012578616352,14.465408805031446,20.754716981132077,64.77987421383648,54.088050314465406,10.69182389937107
E00100852,167,56,21,35,111,88,23,33.532934131736525,12.574850299401197,20.958083832335326,66.46706586826348,52.69461077844312,13.77245508982036
E00100853,177,62,19,43,115,98,17,35.02824858757062,10.734463276836157,24.293785310734464,64.97175141242938,55.367231638418076,9.6045197740113
E00100854,191,72,25,47,119,93,26,37.696335078534034,13.089005235602095,24.60732984293194,62.30366492146597,48.69109947643979,13.612565445026178
E00100855,116,36,14,22,80,63,17,31.03448275862069,12.068965517241379,18.96551724137931,68.96551724137932,54.310344827586206,14.655172413793101
E00100856,170,46,12,34,124,112,12,27.058823529411764,7.0588235294117645,20,72.94117647058823,65.88235294117646,7.0588235294117645
E00100857,274,81,36,45,193,157,36,29.56204379562044,13.138686131386862,16.423357664233578,70.43795620437956,57.299270072992705,13.138686131386862
E00100858,102,34,14,20,68,55,13,33.33333333333333,13.725490196078432,19.607843137254903,66.66666666666666,53.92156862745098,12.745098039215685
E00100859,118,36,13,23,82,68,14,30.508474576271187,11.016949152542372,19.491525423728813,69.49152542372882,57.6271186440678,11.864406779661017
E00100860,125,39,10,29,86,78,8,31.2,8,23.200000000000003,68.8,62.4,6.4
E00100861,113,42,18,24,71,51,20,37.16814159292036,15.929203539823009,21.238938053097346,62.83185840707964,45.13274336283185,17.699115044247787
E00100862,90,45,19,26,45,36,9,50,21.11111111111111,28.888888888888886,50,40,10
E00100863,128,47,17,30,81,74,7,36.71875,13.28125,23.4375,63.28125,57.8125,5.46875
E00100864,78,24,5,19,54,49,5,30.76923076923077,6.41025641025641,24.358974358974358,69.23076923076923,62.82051282051282,6.41025641025641
E00100865,125,48,14,34,77,64,13,38.4,11.200000000000001,27.200000000000003,61.6,51.2,10.4
E00100866,134,44,10,34,90,79,11,32.83582089552239,7.462686567164178,25.37313432835821,67.16417910447761,58.95522388059702,8.208955223880597
E00100867,175,64,16,48,111,93,18,36.57142857142857,9.142857142857142,27.42857142857143,63.42857142857142,53.142857142857146,10.285714285714285
E00100868,155,61,20,41,94,73,21,39.35483870967742,12.903225806451612,26.451612903225808,60.64516129032258,47.096774193548384,13.548387096774196
E00100869,113,45,15,30,68,61,7,39.823008849557525,13.274336283185843,26.548672566371685,60.17699115044248,53.98230088495575,6.1946902654867255
E00100870,172,58,19,39,114,93,21,33.72093023255814,11.046511627906977,22.674418604651162,66.27906976744185,54.06976744186046,12.209302325581394
E00100871,147,43,9,34,104,94,10,29.25170068027211,6.122448979591836,23.12925170068027,70.74829931972789,63.94557823129252,6.802721088435375
E00100872,131,31,4,27,100,82,18,23.66412213740458,3.0534351145038165,20.610687022900763,76.33587786259542,62.59541984732825,13.740458015267176
E00100873,180,60,25,35,120,106,14,33.33333333333333,13.88888888888889,19.444444444444446,66.66666666666666,58.88888888888889,7.777777777777778
E00100874,179,66,18,48,113,91,22,36.87150837988827,10.05586592178771,26.81564245810056,63.128491620111724,50.83798882681564,12.290502793296088
E00100875,155,58,25,33,97,85,12,37.41935483870968,16.129032258064516,21.29032258064516,62.58064516129033,54.83870967741935,7.741935483870968
E00100876,174,56,19,37,118,98,20,32.18390804597701,10.919540229885058,21.26436781609195,67.81609195402298,56.32183908045977,11.494252873563218
E00100877,143,39,6,33,104,86,18,27.27272727272727,4.195804195804196,23.076923076923077,72.72727272727273,60.13986013986013,12.587412587412588
E00100878,70,34,13,21,36,33,3,48.57142857142857,18.571428571428573,30,51.42857142857142,47.14285714285714,4.285714285714286
E00100879,84,31,9,22,53,45,8,36.904761904761905,10.714285714285714,26.190476190476193,63.095238095238095,53.57142857142857,9.523809523809524
E00100880,159,55,16,39,104,86,18,34.59119496855346,10.062893081761008,24.528301886792452,65.40880503144653,54.088050314465406,11.320754716981133
E00100881,110,36,10,26,74,64,10,32.72727272727273,9.090909090909092,23.636363636363637,67.27272727272727,58.18181818181818,9.090909090909092
E00100882,105,37,10,27,68,53,15,35.23809523809524,9.523809523809524,25.71428571428571,64.76190476190476,50.476190476190474,14.285714285714285
E00100883,55,24,5,19,31,25,6,43.63636363636363,9.090909090909092,34.54545454545455,56.36363636363636,45.45454545454545,10.909090909090908
E00100884,154,42,17,25,112,95,17,27.27272727272727,11.03896103896104,16.233766233766232,72.72727272727273,61.68831168831169,11.03896103896104
E00100885,130,37,8,29,93,78,15,28.46153846153846,6.153846153846154,22.30769230769231,71.53846153846153,60,11.538461538461538
E00100886,161,58,19,39,103,85,18,36.024844720496894,11.801242236024844,24.22360248447205,63.975155279503106,52.79503105590062,11.180124223602485
E00100887,208,70,25,45,138,119,19,33.65384615384615,12.01923076923077,21.634615384615387,66.34615384615384,57.21153846153846,9.134615384615383
E00100888,100,43,17,26,57,43,14,43,17,26,56.99999999999999,43,14.000000000000002
E00100889,140,59,23,36,81,69,12,42.142857142857146,16.428571428571427,25.71428571428571,57.85714285714286,49.28571428571429,8.571428571428571
E00100890,48,18,4,14,30,23,7,37.5,8.333333333333332,29.166666666666668,62.5,47.91666666666667,14.583333333333334
E00100891,150,57,20,37,93,83,10,38,13.333333333333334,24.666666666666668,62,55.333333333333336,6.666666666666667
E00100892,104,33,13,20,71,64,7,31.73076923076923,12.5,19.230769230769234,68.26923076923077,61.53846153846154,6.730769230769231
E00100893,115,41,20,21,74,66,8,35.65217391304348,17.391304347826086,18.26086956521739,64.34782608695652,57.391304347826086,6.956521739130435
E00100894,161,45,21,24,116,99,17,27.95031055900621,13.043478260869565,14.906832298136646,72.04968944099379,61.49068322981367,10.559006211180124
E00100895,151,52,23,29,99,83,16,34.437086092715234,15.2317880794702,19.205298013245034,65.56291390728477,54.966887417218544,10.596026490066226
E00100896,182,55,18,37,127,112,15,30.21978021978022,9.89010989010989,20.32967032967033,69.78021978021978,61.53846153846154,8.241758241758241
E00100897,96,39,16,23,57,42,15,40.625,16.666666666666664,23.958333333333336,59.375,43.75,15.625
E00100898,175,64,30,34,111,71,40,36.57142857142857,17.142857142857142,19.428571428571427,63.42857142857142,40.57142857142857,22.857142857142858
E00100899,85,38,16,22,47,36,11,44.70588235294118,18.823529411764707,25.882352941176475,55.294117647058826,42.35294117647059,12.941176470588237
E00100900,119,45,22,23,74,54,20,37.81512605042017,18.487394957983195,19.327731092436977,62.18487394957983,45.378151260504204,16.80672268907563
E00100901,138,52,19,33,86,67,19,37.68115942028986,13.768115942028986,23.91304347826087,62.31884057971014,48.55072463768116,13.768115942028986
E00100902,136,61,23,38,75,52,23,44.85294117647059,16.911764705882355,27.941176470588236,55.14705882352941,38.23529411764706,16.911764705882355
E00100903,85,29,7,22,56,46,10,34.11764705882353,8.235294117647058,25.882352941176475,65.88235294117646,54.11764705882353,11.76470588235294
E00100904,149,58,27,31,91,71,20,38.92617449664429,18.120805369127517,20.80536912751678,61.07382550335571,47.651006711409394,13.422818791946309
E00100905,135,62,29,33,73,50,23,45.925925925925924,21.48148148148148,24.444444444444443,54.074074074074076,37.03703703703704,17.037037037037038
E00100906,175,53,23,30,122,112,10,30.28571428571429,13.142857142857142,17.142857142857142,69.71428571428572,64,5.714285714285714
E00100907,152,62,22,40,90,66,24,40.78947368421053,14.473684210526317,26.31578947368421,59.210526315789465,43.42105263157895,15.789473684210526
E00100908,114,44,16,28,70,54,16,38.59649122807017,14.035087719298245,24.561403508771928,61.40350877192983,47.368421052631575,14.035087719298245
E00100909,172,68,31,37,104,89,15,39.53488372093023,18.023255813953487,21.511627906976745,60.46511627906976,51.74418604651163,8.720930232558139
E00100910,63,28,6,22,35,29,6,44.44444444444444,9.523809523809524,34.92063492063492,55.55555555555556,46.03174603174603,9.523809523809524
E00100911,156,57,19,38,99,81,18,36.53846153846153,12.179487179487179,24.358974358974358,63.46153846153846,51.92307692307693,11.538461538461538
E00100912,158,57,18,39,101,86,15,36.075949367088604,11.39240506329114,24.68354430379747,63.92405063291139,54.43037974683544,9.49367088607595
E00100913,102,43,19,24,59,44,15,42.15686274509804,18.627450980392158,23.52941176470588,57.84313725490197,43.13725490196079,14.705882352941178
E00100914,225,83,29,54,142,95,47,36.888888888888886,12.88888888888889,24,63.11111111111111,42.22222222222222,20.88888888888889
E00100915,112,35,14,21,77,54,23,31.25,12.5,18.75,68.75,48.214285714285715,20.535714285714285
E00100916,160,42,17,25,118,68,50,26.25,10.625,15.625,73.75,42.5,31.25
E00100917,159,64,29,35,95,69,26,40.25157232704403,18.238993710691823,22.0125786163522,59.74842767295597,43.39622641509434,16.352201257861633
E00100918,222,79,36,43,143,89,54,35.585585585585584,16.216216216216218,19.36936936936937,64.41441441441441,40.090090090090094,24.324324324324326
E00100919,177,58,19,39,119,80,39,32.7683615819209,10.734463276836157,22.033898305084744,67.2316384180791,45.19774011299435,22.033898305084744
E00100920,167,63,28,35,104,73,31,37.72455089820359,16.766467065868262,20.958083832335326,62.27544910179641,43.712574850299404,18.562874251497004
E00100921,111,40,13,27,71,52,19,36.03603603603604,11.711711711711711,24.324324324324326,63.96396396396396,46.846846846846844,17.117117117117118
E00100922,142,52,24,28,90,69,21,36.61971830985916,16.901408450704224,19.718309859154928,63.38028169014085,48.59154929577465,14.788732394366196
E00100923,119,42,21,21,77,56,21,35.294117647058826,17.647058823529413,17.647058823529413,64.70588235294117,47.05882352941176,17.647058823529413
E00100924,111,41,13,28,70,61,9,36.93693693693694,11.711711711711711,25.225225225225223,63.06306306306306,54.95495495495496,8.108108108108109
E00100925,217,87,29,58,130,93,37,40.09216589861751,13.36405529953917,26.72811059907834,59.907834101382484,42.857142857142854,17.050691244239633
E00100926,229,79,35,44,150,119,31,34.49781659388647,15.283842794759824,19.213973799126638,65.50218340611353,51.96506550218341,13.537117903930133
E00100927,138,62,26,36,76,56,20,44.927536231884055,18.84057971014493,26.08695652173913,55.072463768115945,40.57971014492754,14.492753623188406
E00100928,134,56,21,35,78,71,7,41.7910447761194,15.671641791044777,26.119402985074625,58.2089552238806,52.98507462686567,5.223880597014925
E00100929,136,60,21,39,76,62,14,44.11764705882353,15.441176470588236,28.676470588235293,55.88235294117647,45.588235294117645,10.294117647058822
E00100930,96,31,14,17,65,39,26,32.29166666666667,14.583333333333334,17.708333333333336,67.70833333333334,40.625,27.083333333333332
E00100931,182,70,36,34,112,86,26,38.46153846153847,19.78021978021978,18.681318681318682,61.53846153846154,47.25274725274725,14.285714285714285
E00100932,178,62,22,40,116,87,29,34.831460674157306,12.359550561797752,22.47191011235955,65.1685393258427,48.87640449438202,16.292134831460675
E00100933,224,78,32,46,146,118,28,34.82142857142857,14.285714285714285,20.535714285714285,65.17857142857143,52.67857142857143,12.5
E00100935,157,57,18,39,100,85,15,36.30573248407643,11.464968152866243,24.840764331210192,63.69426751592356,54.14012738853503,9.554140127388536
E00100936,154,53,23,30,101,85,16,34.41558441558442,14.935064935064934,19.480519480519483,65.5844155844156,55.1948051948052,10.38961038961039
E00100937,151,51,15,36,100,86,14,33.77483443708609,9.933774834437086,23.841059602649008,66.22516556291392,56.95364238410596,9.271523178807946
E00100938,143,54,20,34,89,75,14,37.76223776223776,13.986013986013987,23.776223776223777,62.23776223776224,52.44755244755245,9.79020979020979
E00100939,148,44,15,29,104,90,14,29.72972972972973,10.135135135135135,19.594594594594593,70.27027027027027,60.810810810810814,9.45945945945946
E00100940,137,46,15,31,91,73,18,33.57664233576642,10.948905109489052,22.62773722627737,66.42335766423358,53.284671532846716,13.138686131386862
E00100941,158,43,11,32,115,92,23,27.21518987341772,6.962025316455696,20.253164556962027,72.78481012658227,58.22784810126582,14.556962025316455
E00100942,151,48,17,31,103,89,14,31.788079470198678,11.258278145695364,20.52980132450331,68.21192052980133,58.94039735099338,9.271523178807946
E00100943,125,49,13,36,76,63,13,39.2,10.4,28.799999999999997,60.8,50.4,10.4
E00100944,115,45,15,30,70,54,16,39.130434782608695,13.043478260869565,26.08695652173913,60.86956521739131,46.95652173913044,13.91304347826087
E00100945,85,43,15,28,42,36,6,50.588235294117645,17.647058823529413,32.94117647058823,49.411764705882355,42.35294117647059,7.0588235294117645
E00100947,277,87,27,60,190,169,21,31.40794223826715,9.747292418772563,21.660649819494584,68.59205776173285,61.01083032490975,7.581227436823104
E00100948,88,35,17,18,53,42,11,39.77272727272727,19.318181818181817,20.454545454545457,60.22727272727273,47.72727272727273,12.5
E00100949,141,44,24,20,97,65,32,31.20567375886525,17.02127659574468,14.184397163120568,68.79432624113475,46.09929078014184,22.69503546099291
E00100950,136,44,20,24,92,65,27,32.35294117647059,14.705882352941178,17.647058823529413,67.64705882352942,47.794117647058826,19.852941176470587
E00100951,149,59,29,30,90,70,20,39.59731543624161,19.463087248322147,20.13422818791946,60.40268456375839,46.97986577181208,13.422818791946309
E00100952,156,56,25,31,100,75,25,35.8974358974359,16.025641025641026,19.871794871794872,64.1025641025641,48.07692307692308,16.025641025641026
E00100953,143,42,12,30,101,83,18,29.37062937062937,8.391608391608392,20.97902097902098,70.62937062937063,58.04195804195804,12.587412587412588
E00100954,155,66,25,41,89,67,22,42.58064516129032,16.129032258064516,26.451612903225808,57.41935483870968,43.225806451612904,14.193548387096774
E00100955,113,46,18,28,67,54,13,40.707964601769916,15.929203539823009,24.778761061946902,59.29203539823009,47.78761061946903,11.504424778761061
E00100956,186,71,21,50,115,90,25,38.17204301075269,11.29032258064516,26.881720430107524,61.82795698924731,48.38709677419355,13.440860215053762
E00100957,125,40,19,21,85,66,19,32,15.2,16.8,68,52.800000000000004,15.2
E00100958,92,37,15,22,55,49,6,40.21739130434783,16.304347826086957,23.91304347826087,59.78260869565217,53.2608695652174,6.521739130434782
E00100959,77,29,7,22,48,41,7,37.66233766233766,9.090909090909092,28.57142857142857,62.33766233766234,53.246753246753244,9.090909090909092
E00100960,142,49,12,37,93,77,16,34.50704225352113,8.450704225352112,26.056338028169012,65.49295774647888,54.22535211267606,11.267605633802818
E00100961,93,40,15,25,53,45,8,43.01075268817204,16.129032258064516,26.881720430107524,56.98924731182796,48.38709677419355,8.60215053763441
E00100962,121,40,11,29,81,72,9,33.057851239669425,9.090909090909092,23.96694214876033,66.94214876033058,59.50413223140496,7.43801652892562
E00100963,66,32,10,22,34,27,7,48.484848484848484,15.151515151515152,33.33333333333333,51.515151515151516,40.909090909090914,10.606060606060606
E00100964,102,35,14,21,67,58,9,34.31372549019608,13.725490196078432,20.588235294117645,65.68627450980392,56.86274509803921,8.823529411764707
E00100966,77,22,3,19,55,44,11,28.57142857142857,3.896103896103896,24.675324675324674,71.42857142857143,57.14285714285714,14.285714285714285
E00100967,118,47,14,33,71,63,8,39.83050847457627,11.864406779661017,27.966101694915253,60.16949152542372,53.38983050847458,6.779661016949152
E00100968,73,30,13,17,43,41,2,41.0958904109589,17.80821917808219,23.28767123287671,58.9041095890411,56.16438356164384,2.73972602739726
E00100969,70,30,11,19,40,36,4,42.857142857142854,15.714285714285714,27.142857142857142,57.14285714285714,51.42857142857142,5.714285714285714
E00100970,70,25,11,14,45,35,10,35.714285714285715,15.714285714285714,20,64.28571428571429,50,14.285714285714285
E00100971,134,52,26,26,82,73,9,38.80597014925373,19.402985074626866,19.402985074626866,61.19402985074627,54.47761194029851,6.7164179104477615
E00100972,88,27,6,21,61,52,9,30.681818181818183,6.8181818181818175,23.863636363636363,69.31818181818183,59.09090909090909,10.227272727272728
E00100973,120,39,15,24,81,65,16,32.5,12.5,20,67.5,54.166666666666664,13.333333333333334
E00100974,83,38,16,22,45,36,9,45.78313253012048,19.27710843373494,26.506024096385545,54.21686746987952,43.373493975903614,10.843373493975903
E00100975,79,43,12,31,36,24,12,54.43037974683544,15.18987341772152,39.24050632911392,45.56962025316456,30.37974683544304,15.18987341772152
E00100976,82,37,10,27,45,38,7,45.1219512195122,12.195121951219512,32.926829268292686,54.87804878048781,46.34146341463415,8.536585365853659
E00100977,125,45,19,26,80,71,9,36,15.2,20.8,64,56.8,7.199999999999999
E00100978,84,27,3,24,57,46,11,32.142857142857146,3.571428571428571,28.57142857142857,67.85714285714286,54.761904761904766,13.095238095238097
E00100979,76,32,12,20,44,40,4,42.10526315789473,15.789473684210526,26.31578947368421,57.89473684210527,52.63157894736842,5.263157894736842
E00100980,153,51,9,42,102,86,16,33.33333333333333,5.88235294117647,27.450980392156865,66.66666666666666,56.209150326797385,10.457516339869281
E00100981,90,33,12,21,57,39,18,36.666666666666664,13.333333333333334,23.333333333333332,63.33333333333333,43.333333333333336,20
E00100982,91,42,22,20,49,37,12,46.15384615384615,24.175824175824175,21.978021978021978,53.84615384615385,40.65934065934066,13.186813186813188
E00100983,79,35,16,19,44,36,8,44.303797468354425,20.253164556962027,24.050632911392405,55.69620253164557,45.56962025316456,10.126582278481013
E00100984,132,59,20,39,73,58,15,44.696969696969695,15.151515151515152,29.545454545454547,55.3030303030303,43.93939393939394,11.363636363636363
E00100985,110,45,13,32,65,49,16,40.909090909090914,11.818181818181818,29.09090909090909,59.09090909090909,44.54545454545455,14.545454545454545
E00100986,60,39,19,20,21,16,5,65,31.666666666666664,33.33333333333333,35,26.666666666666668,8.333333333333332
E00100987,205,65,30,35,140,95,45,31.70731707317073,14.634146341463413,17.073170731707318,68.29268292682927,46.34146341463415,21.951219512195124
E00100988,135,51,14,37,84,75,9,37.77777777777778,10.37037037037037,27.40740740740741,62.22222222222222,55.55555555555556,6.666666666666667
E00100989,152,55,18,37,97,76,21,36.18421052631579,11.842105263157894,24.342105263157894,63.81578947368421,50,13.815789473684212
E00100990,79,32,15,17,47,34,13,40.50632911392405,18.9873417721519,21.518987341772153,59.49367088607595,43.037974683544306,16.455696202531644
E00100992,69,29,6,23,40,29,11,42.028985507246375,8.695652173913043,33.33333333333333,57.971014492753625,42.028985507246375,15.942028985507244
E00100993,91,45,20,25,46,39,7,49.45054945054945,21.978021978021978,27.472527472527474,50.54945054945055,42.857142857142854,7.6923076923076925
E00100994,80,35,11,24,45,37,8,43.75,13.750000000000002,30,56.25,46.25,10
E00100995,141,57,17,40,84,77,7,40.42553191489361,12.056737588652481,28.368794326241137,59.57446808510638,54.60992907801418,4.964539007092199
E00100996,113,50,24,26,63,53,10,44.24778761061947,21.238938053097346,23.008849557522122,55.75221238938053,46.902654867256636,8.849557522123893
E00100997,115,51,22,29,64,56,8,44.34782608695652,19.130434782608695,25.217391304347824,55.65217391304348,48.69565217391305,6.956521739130435
E00100998,94,29,9,20,65,54,11,30.851063829787233,9.574468085106384,21.27659574468085,69.14893617021278,57.446808510638306,11.702127659574469
E00100999,116,49,13,36,67,55,12,42.241379310344826,11.206896551724139,31.03448275862069,57.758620689655174,47.41379310344828,10.344827586206897
E00101000,109,60,24,36,49,41,8,55.04587155963303,22.018348623853214,33.02752293577982,44.95412844036697,37.61467889908257,7.339449541284404
E00101001,99,37,15,22,62,55,7,37.37373737373738,15.151515151515152,22.22222222222222,62.62626262626263,55.55555555555556,7.07070707070707
E00101002,49,25,16,9,24,21,3,51.02040816326531,32.6530612244898,18.367346938775512,48.97959183673469,42.857142857142854,6.122448979591836
E00101003,116,45,15,30,71,58,13,38.793103448275865,12.931034482758621,25.862068965517242,61.206896551724135,50,11.206896551724139
E00101004,108,44,17,27,64,46,18,40.74074074074074,15.74074074074074,25,59.25925925925925,42.592592592592595,16.666666666666664
E00101005,249,86,27,59,163,140,23,34.53815261044177,10.843373493975903,23.694779116465863,65.46184738955823,56.22489959839358,9.236947791164658
E00101006,125,48,18,30,77,68,9,38.4,14.399999999999999,24,61.6,54.400000000000006,7.199999999999999
E00101007,144,54,16,38,90,74,16,37.5,11.11111111111111,26.38888888888889,62.5,51.388888888888886,11.11111111111111
E00101008,92,37,17,20,55,45,10,40.21739130434783,18.478260869565215,21.73913043478261,59.78260869565217,48.91304347826087,10.869565217391305
E00101009,134,46,11,35,88,75,13,34.32835820895522,8.208955223880597,26.119402985074625,65.67164179104478,55.970149253731336,9.701492537313433
E00101010,132,53,17,36,79,68,11,40.15151515151515,12.878787878787879,27.27272727272727,59.84848484848485,51.515151515151516,8.333333333333332
E00101011,75,30,17,13,45,34,11,40,22.666666666666664,17.333333333333336,60,45.33333333333333,14.666666666666666
E00101012,70,22,9,13,48,38,10,31.428571428571427,12.857142857142856,18.571428571428573,68.57142857142857,54.285714285714285,14.285714285714285
E00101013,141,42,20,22,99,83,16,29.78723404255319,14.184397163120568,15.602836879432624,70.2127659574468,58.86524822695035,11.347517730496454
E00101014,55,24,7,17,31,27,4,43.63636363636363,12.727272727272727,30.909090909090907,56.36363636363636,49.09090909090909,7.2727272727272725
E00101015,123,40,11,29,83,69,14,32.52032520325203,8.94308943089431,23.577235772357724,67.47967479674797,56.09756097560976,11.38211382113821
E00101016,73,29,17,12,44,38,6,39.726027397260275,23.28767123287671,16.43835616438356,60.273972602739725,52.054794520547944,8.21917808219178
E00101017,60,17,6,11,43,36,7,28.333333333333332,10,18.333333333333332,71.66666666666667,60,11.666666666666666
E00101018,43,19,11,8,24,20,4,44.18604651162791,25.581395348837212,18.6046511627907,55.81395348837209,46.51162790697674,9.30232558139535
E00101019,69,33,10,23,36,27,9,47.82608695652174,14.492753623188406,33.33333333333333,52.17391304347826,39.130434782608695,13.043478260869565
E00101020,83,26,4,22,57,49,8,31.32530120481928,4.819277108433735,26.506024096385545,68.67469879518072,59.036144578313255,9.63855421686747
E00101021,108,43,21,22,65,48,17,39.81481481481482,19.444444444444446,20.37037037037037,60.18518518518518,44.44444444444444,15.74074074074074
E00101022,126,53,13,40,73,64,9,42.06349206349206,10.317460317460316,31.746031746031743,57.936507936507944,50.79365079365079,7.142857142857142
E00101023,167,62,24,38,105,86,19,37.12574850299401,14.37125748502994,22.75449101796407,62.874251497005986,51.49700598802395,11.377245508982035
E00101024,100,47,14,33,53,49,4,47,14.000000000000002,33,53,49,4
E00101025,25,10,5,5,15,15,0,40,20,20,60,60,0
E00101026,61,26,15,11,35,23,12,42.62295081967213,24.59016393442623,18.0327868852459,57.377049180327866,37.704918032786885,19.672131147540984
E00101027,64,25,10,15,39,30,9,39.0625,15.625,23.4375,60.9375,46.875,14.0625
E00101028,83,39,14,25,44,37,7,46.98795180722892,16.867469879518072,30.120481927710845,53.01204819277109,44.57831325301205,8.433734939759036
E00101029,40,22,14,8,18,9,9,55.00000000000001,35,20,45,22.5,22.5
E00101030,109,37,18,19,72,62,10,33.94495412844037,16.51376146788991,17.431192660550458,66.05504587155964,56.88073394495413,9.174311926605505
E00101031,154,54,15,39,100,66,34,35.064935064935064,9.740259740259742,25.324675324675322,64.93506493506493,42.857142857142854,22.07792207792208
E00101032,203,64,28,36,139,101,38,31.527093596059114,13.793103448275861,17.733990147783253,68.4729064039409,49.75369458128079,18.7192118226601
E00101033,159,55,26,29,104,62,42,34.59119496855346,16.352201257861633,18.238993710691823,65.40880503144653,38.9937106918239,26.41509433962264
E00101034,197,68,25,43,129,100,29,34.51776649746193,12.690355329949238,21.82741116751269,65.48223350253807,50.76142131979695,14.720812182741117
E00101035,174,59,21,38,115,86,29,33.90804597701149,12.068965517241379,21.839080459770116,66.0919540229885,49.42528735632184,16.666666666666664
E00101036,158,54,18,36,104,71,33,34.177215189873415,11.39240506329114,22.78481012658228,65.82278481012658,44.936708860759495,20.88607594936709
E00101037,150,49,13,36,101,80,21,32.666666666666664,8.666666666666668,24,67.33333333333333,53.333333333333336,14.000000000000002
E00101038,107,32,9,23,75,59,16,29.906542056074763,8.411214953271028,21.49532710280374,70.09345794392523,55.140186915887845,14.953271028037381
E00101039,112,55,23,32,57,43,14,49.107142857142854,20.535714285714285,28.57142857142857,50.89285714285714,38.392857142857146,12.5
E00101040,124,58,29,29,66,50,16,46.774193548387096,23.387096774193548,23.387096774193548,53.2258064516129,40.32258064516129,12.903225806451612
E00101041,137,73,29,44,64,52,12,53.284671532846716,21.16788321167883,32.11678832116788,46.715328467153284,37.95620437956204,8.75912408759124
E00101042,152,63,26,37,89,69,20,41.44736842105263,17.105263157894736,24.342105263157894,58.55263157894737,45.39473684210527,13.157894736842104
E00101043,151,68,25,43,83,65,18,45.033112582781456,16.55629139072848,28.47682119205298,54.966887417218544,43.04635761589404,11.920529801324504
E00101044,144,57,26,31,87,63,24,39.58333333333333,18.055555555555554,21.52777777777778,60.416666666666664,43.75,16.666666666666664
E00101045,138,56,27,29,82,63,19,40.57971014492754,19.565217391304348,21.014492753623188,59.42028985507246,45.65217391304348,13.768115942028986
E00101046,154,51,25,26,103,71,32,33.116883116883116,16.233766233766232,16.883116883116884,66.88311688311688,46.103896103896105,20.77922077922078
E00101048,130,44,21,23,86,70,16,33.84615384615385,16.153846153846153,17.692307692307693,66.15384615384615,53.84615384615385,12.307692307692308
E00101050,217,78,29,49,139,104,35,35.944700460829495,13.36405529953917,22.58064516129032,64.0552995391705,47.926267281105986,16.129032258064516
E00101051,163,60,17,43,103,86,17,36.809815950920246,10.429447852760736,26.380368098159508,63.190184049079754,52.760736196319016,10.429447852760736
E00101052,129,42,14,28,87,73,14,32.55813953488372,10.852713178294573,21.705426356589147,67.44186046511628,56.58914728682171,10.852713178294573
E00101053,187,70,26,44,117,91,26,37.4331550802139,13.903743315508022,23.52941176470588,62.56684491978609,48.663101604278076,13.903743315508022
E00101054,154,58,26,32,96,84,12,37.66233766233766,16.883116883116884,20.77922077922078,62.33766233766234,54.54545454545454,7.792207792207792
E00101055,101,37,12,25,64,48,16,36.633663366336634,11.881188118811881,24.752475247524753,63.366336633663366,47.524752475247524,15.841584158415841
E00101056,109,42,17,25,67,54,13,38.53211009174312,15.59633027522936,22.93577981651376,61.46788990825688,49.54128440366973,11.926605504587156
E00101057,137,45,17,28,92,73,19,32.846715328467155,12.408759124087592,20.437956204379564,67.15328467153284,53.284671532846716,13.86861313868613
E00101058,243,73,29,44,170,124,46,30.04115226337449,11.934156378600823,18.106995884773664,69.95884773662551,51.028806584362144,18.930041152263374
E00101059,167,63,25,38,104,77,27,37.72455089820359,14.97005988023952,22.75449101796407,62.27544910179641,46.10778443113773,16.16766467065868
E00101060,161,48,19,29,113,96,17,29.81366459627329,11.801242236024844,18.012422360248447,70.1863354037267,59.62732919254658,10.559006211180124
E00101061,198,78,24,54,120,97,23,39.39393939393939,12.121212121212121,27.27272727272727,60.60606060606061,48.98989898989899,11.616161616161616
E00101062,213,63,21,42,150,126,24,29.577464788732392,9.859154929577464,19.718309859154928,70.4225352112676,59.154929577464785,11.267605633802818
E00101063,112,38,12,26,74,56,18,33.92857142857143,10.714285714285714,23.214285714285715,66.07142857142857,50,16.071428571428573
E00101064,131,52,22,30,79,57,22,39.69465648854962,16.793893129770993,22.900763358778626,60.30534351145038,43.51145038167939,16.793893129770993
E00101065,85,30,5,25,55,45,10,35.294117647058826,5.88235294117647,29.411764705882355,64.70588235294117,52.94117647058824,11.76470588235294
E00101067,150,51,22,29,99,73,26,34,14.666666666666666,19.333333333333332,66,48.66666666666667,17.333333333333336
E00101068,128,40,15,25,88,65,23,31.25,11.71875,19.53125,68.75,50.78125,17.96875
E00101069,143,62,22,40,81,53,28,43.35664335664335,15.384615384615385,27.972027972027973,56.64335664335665,37.06293706293706,19.58041958041958
E00101070,101,37,20,17,64,50,14,36.633663366336634,19.801980198019802,16.831683168316832,63.366336633663366,49.504950495049506,13.861386138613863
E00101071,115,37,11,26,78,56,22,32.17391304347826,9.565217391304348,22.608695652173914,67.82608695652173,48.69565217391305,19.130434782608695
E00101072,151,52,23,29,99,58,41,34.437086092715234,15.2317880794702,19.205298013245034,65.56291390728477,38.41059602649007,27.1523178807947
E00101073,92,39,19,20,53,39,14,42.391304347826086,20.652173913043477,21.73913043478261,57.608695652173914,42.391304347826086,15.217391304347828
E00101074,122,33,12,21,89,59,30,27.049180327868854,9.836065573770492,17.21311475409836,72.95081967213115,48.36065573770492,24.59016393442623
E00101075,154,46,14,32,108,62,46,29.87012987012987,9.090909090909092,20.77922077922078,70.12987012987013,40.25974025974026,29.87012987012987
E00165903,144,46,10,36,98,74,24,31.944444444444443,6.944444444444445,25,68.05555555555556,51.388888888888886,16.666666666666664
E00165904,146,53,21,32,93,77,16,36.3013698630137,14.383561643835616,21.91780821917808,63.6986301369863,52.73972602739726,10.95890410958904
E00165905,61,26,16,10,35,27,8,42.62295081967213,26.229508196721312,16.39344262295082,57.377049180327866,44.26229508196721,13.114754098360656
E00165906,652,222,152,70,430,336,94,34.04907975460122,23.31288343558282,10.736196319018406,65.95092024539878,51.533742331288344,14.417177914110429
E00180142,295,109,32,77,186,136,50,36.94915254237288,10.847457627118644,26.101694915254235,63.05084745762712,46.101694915254235,16.94915254237288
E00180145,118,46,17,29,72,62,10,38.983050847457626,14.40677966101695,24.576271186440678,61.016949152542374,52.54237288135594,8.47457627118644
E00180148,189,44,18,26,145,118,27,23.28042328042328,9.523809523809524,13.756613756613756,76.71957671957672,62.43386243386243,14.285714285714285
E00180149,198,49,15,34,149,124,25,24.747474747474747,7.575757575757576,17.17171717171717,75.25252525252525,62.62626262626263,12.626262626262626
E00180150,182,71,21,50,111,91,20,39.010989010989015,11.538461538461538,27.472527472527474,60.98901098901099,50,10.989010989010989
E00180151,231,46,13,33,185,161,24,19.913419913419915,5.627705627705628,14.285714285714285,80.08658008658008,69.6969696969697,10.38961038961039
E00180157,258,64,22,42,194,156,38,24.8062015503876,8.527131782945736,16.27906976744186,75.1937984496124,60.46511627906976,14.728682170542637
E00180162,202,79,33,46,123,111,12,39.10891089108911,16.33663366336634,22.772277227722775,60.89108910891089,54.95049504950495,5.9405940594059405
E00180164,98,28,5,23,70,63,7,28.57142857142857,5.1020408163265305,23.46938775510204,71.42857142857143,64.28571428571429,7.142857142857142
E00180165,255,79,23,56,176,158,18,30.980392156862745,9.019607843137255,21.96078431372549,69.01960784313725,61.96078431372549,7.0588235294117645
E00180169,81,18,6,12,63,51,12,22.22222222222222,7.4074074074074066,14.814814814814813,77.77777777777779,62.96296296296296,14.814814814814813
E00180171,190,41,7,34,149,136,13,21.578947368421055,3.684210526315789,17.894736842105264,78.42105263157895,71.57894736842105,6.842105263157896
E00180174,124,42,11,31,82,65,17,33.87096774193548,8.870967741935484,25,66.12903225806451,52.41935483870967,13.709677419354838
E00180177,334,56,18,38,278,250,28,16.766467065868262,5.389221556886228,11.377245508982035,83.23353293413174,74.8502994011976,8.383233532934131
E00180178,94,22,6,16,72,63,9,23.404255319148938,6.382978723404255,17.02127659574468,76.59574468085107,67.02127659574468,9.574468085106384
E00180179,62,17,5,12,45,37,8,27.419354838709676,8.064516129032258,19.35483870967742,72.58064516129032,59.67741935483871,12.903225806451612
E00180190,80,29,10,19,51,38,13,36.25,12.5,23.75,63.74999999999999,47.5,16.25
E00180191,235,88,40,48,147,130,17,37.4468085106383,17.02127659574468,20.425531914893615,62.5531914893617,55.319148936170215,7.234042553191489
E00180195,116,35,8,27,81,72,9,30.17241379310345,6.896551724137931,23.275862068965516,69.82758620689656,62.06896551724138,7.758620689655173
E00180196,147,41,9,32,106,90,16,27.89115646258503,6.122448979591836,21.768707482993197,72.10884353741497,61.224489795918366,10.884353741496598
E00180197,284,74,19,55,210,176,34,26.056338028169012,6.690140845070422,19.366197183098592,73.94366197183099,61.97183098591549,11.971830985915492
E00180203,129,40,17,23,89,76,13,31.007751937984494,13.178294573643413,17.829457364341085,68.9922480620155,58.91472868217055,10.077519379844961
E00180205,264,68,14,54,196,164,32,25.757575757575758,5.303030303030303,20.454545454545457,74.24242424242425,62.121212121212125,12.121212121212121
E00180207,67,23,8,15,44,39,5,34.32835820895522,11.940298507462686,22.388059701492537,65.67164179104478,58.2089552238806,7.462686567164178
E00180212,325,74,18,56,251,222,29,22.76923076923077,5.538461538461538,17.23076923076923,77.23076923076924,68.3076923076923,8.923076923076923
E00180213,278,53,11,42,225,195,30,19.06474820143885,3.9568345323741005,15.107913669064748,80.93525179856115,70.14388489208633,10.79136690647482
E00180224,56,24,11,13,32,22,10,42.857142857142854,19.642857142857142,23.214285714285715,57.14285714285714,39.285714285714285,17.857142857142858
E00180227,164,56,20,36,108,99,9,34.146341463414636,12.195121951219512,21.951219512195124,65.85365853658537,60.36585365853659,5.487804878048781
E00180230,292,106,50,56,186,161,25,36.3013698630137,17.123287671232877,19.17808219178082,63.6986301369863,55.13698630136986,8.561643835616438
E00180235,55,20,9,11,35,26,9,36.36363636363637,16.363636363636363,20,63.63636363636363,47.27272727272727,16.363636363636363
E00180239,109,35,9,26,74,63,11,32.11009174311927,8.256880733944955,23.853211009174313,67.88990825688074,57.798165137614674,10.091743119266056
E00180240,189,49,13,36,140,132,8,25.925925925925924,6.878306878306878,19.047619047619047,74.07407407407408,69.84126984126983,4.232804232804233
E00180242,33,12,5,7,21,17,4,36.36363636363637,15.151515151515152,21.21212121212121,63.63636363636363,51.515151515151516,12.121212121212121
E00180246,19,7,3,4,12,9,3,36.84210526315789,15.789473684210526,21.052631578947366,63.1578947368421,47.368421052631575,15.789473684210526
E00180248,315,78,12,66,237,199,38,24.761904761904763,3.8095238095238098,20.952380952380953,75.23809523809524,63.17460317460317,12.063492063492063
E00180250,45,17,11,6,28,25,3,37.77777777777778,24.444444444444443,13.333333333333334,62.22222222222222,55.55555555555556,6.666666666666667
E00180252,52,18,8,10,34,28,6,34.61538461538461,15.384615384615385,19.230769230769234,65.38461538461539,53.84615384615385,11.538461538461538
E00180253,93,31,9,22,62,56,6,33.33333333333333,9.67741935483871,23.655913978494624,66.66666666666666,60.215053763440864,6.451612903225806
E00180256,189,60,20,40,129,101,28,31.746031746031743,10.582010582010582,21.164021164021165,68.25396825396825,53.43915343915344,14.814814814814813
E00180259,187,64,21,43,123,96,27,34.22459893048128,11.229946524064172,22.994652406417114,65.77540106951871,51.33689839572193,14.43850267379679
E00180260,103,25,6,19,78,71,7,24.271844660194176,5.825242718446602,18.446601941747574,75.72815533980582,68.93203883495146,6.796116504854369
E00180261,213,44,15,29,169,142,27,20.657276995305164,7.042253521126761,13.615023474178404,79.34272300469483,66.66666666666666,12.676056338028168
E00180262,213,49,10,39,164,135,29,23.004694835680752,4.694835680751173,18.30985915492958,76.99530516431925,63.38028169014085,13.615023474178404
E00180264,236,50,12,38,186,171,15,21.1864406779661,5.084745762711865,16.101694915254235,78.8135593220339,72.45762711864407,6.3559322033898304
E00180268,161,40,11,29,121,103,18,24.84472049689441,6.832298136645963,18.012422360248447,75.15527950310559,63.975155279503106,11.180124223602485
E00180274,45,20,7,13,25,18,7,44.44444444444444,15.555555555555555,28.888888888888886,55.55555555555556,40,15.555555555555555
E00180278,106,39,14,25,67,53,14,36.79245283018868,13.20754716981132,23.58490566037736,63.20754716981132,50,13.20754716981132
E00180279,360,80,21,59,280,255,25,22.22222222222222,5.833333333333333,16.38888888888889,77.77777777777779,70.83333333333334,6.944444444444445
E00180289,252,65,15,50,187,159,28,25.793650793650798,5.952380952380952,19.841269841269842,74.20634920634922,63.095238095238095,11.11111111111111
E00180290,144,40,15,25,104,90,14,27.77777777777778,10.416666666666668,17.36111111111111,72.22222222222221,62.5,9.722222222222223
E00180292,172,55,17,38,117,94,23,31.976744186046513,9.883720930232558,22.093023255813954,68.02325581395348,54.65116279069767,13.372093023255813
