OA,ts0590001,ts0590002,ts0590003,ts0590004,ts0590005,ts0590006,ts0590007,ts0590002_PCT,ts0590003_PCT,ts0590004_PCT,ts0590005_PCT,ts0590006_PCT,ts0590007_PCT
E00161203,278,76,22,54,202,166,36,27.33812949640288,7.913669064748201,19.424460431654676,72.66187050359713,59.71223021582733,12.949640287769784
E00161204,172,49,20,29,123,98,25,28.488372093023255,11.627906976744185,16.86046511627907,71.51162790697676,56.97674418604651,14.534883720930234
E00161205,189,60,22,38,129,111,18,31.746031746031743,11.64021164021164,20.105820105820104,68.25396825396825,58.730158730158735,9.523809523809524
E00161207,255,92,43,49,163,138,25,36.07843137254902,16.862745098039216,19.215686274509807,63.921568627450974,54.11764705882353,9.803921568627452
E00161208,144,51,16,35,93,85,8,35.41666666666667,11.11111111111111,24.305555555555554,64.58333333333334,59.02777777777778,5.555555555555555
E00161209,160,60,24,36,100,89,11,37.5,15,22.5,62.5,55.625,6.875000000000001
E00161211,176,52,30,22,124,80,44,29.545454545454547,17.045454545454543,12.5,70.45454545454545,45.45454545454545,25
E00161214,156,40,19,21,116,95,21,25.64102564102564,12.179487179487179,13.461538461538462,74.35897435897436,60.89743589743589,13.461538461538462
E00161215,303,88,35,53,215,178,37,29.042904290429046,11.55115511551155,17.491749174917494,70.95709570957096,58.745874587458744,12.211221122112212
E00161217,221,75,30,45,146,103,43,33.93665158371041,13.574660633484163,20.361990950226243,66.06334841628959,46.60633484162896,19.457013574660635
E00161219,156,49,13,36,107,89,18,31.41025641025641,8.333333333333332,23.076923076923077,68.58974358974359,57.05128205128205,11.538461538461538
E00161220,154,48,12,36,106,88,18,31.16883116883117,7.792207792207792,23.376623376623375,68.83116883116884,57.14285714285714,11.688311688311687
E00161221,162,44,16,28,118,96,22,27.160493827160494,9.876543209876543,17.28395061728395,72.8395061728395,59.25925925925925,13.580246913580247
E00161222,136,30,13,17,106,84,22,22.058823529411764,9.558823529411764,12.5,77.94117647058823,61.76470588235294,16.176470588235293
E00161223,153,53,24,29,100,82,18,34.64052287581699,15.686274509803921,18.954248366013072,65.359477124183,53.59477124183007,11.76470588235294
E00161224,148,64,30,34,84,56,28,43.24324324324324,20.27027027027027,22.972972972972975,56.75675675675676,37.83783783783784,18.91891891891892
E00161225,157,47,18,29,110,74,36,29.936305732484076,11.464968152866243,18.471337579617835,70.06369426751591,47.13375796178344,22.929936305732486
E00161226,199,69,34,35,130,83,47,34.67336683417086,17.08542713567839,17.587939698492463,65.32663316582915,41.70854271356784,23.618090452261306
E00161228,138,51,26,25,87,64,23,36.95652173913043,18.84057971014493,18.115942028985508,63.04347826086957,46.3768115942029,16.666666666666664
E00161229,87,34,14,20,53,42,11,39.08045977011494,16.091954022988507,22.988505747126435,60.91954022988506,48.275862068965516,12.643678160919542
E00161230,87,38,15,23,49,39,10,43.67816091954023,17.24137931034483,26.436781609195403,56.32183908045977,44.827586206896555,11.494252873563218
E00161231,108,32,16,16,76,57,19,29.629629629629626,14.814814814814813,14.814814814814813,70.37037037037037,52.77777777777778,17.59259259259259
E00161232,90,42,19,23,48,42,6,46.666666666666664,21.11111111111111,25.555555555555554,53.333333333333336,46.666666666666664,6.666666666666667
E00161233,137,52,20,32,85,71,14,37.95620437956204,14.5985401459854,23.357664233576642,62.04379562043796,51.82481751824818,10.218978102189782
E00161234,199,68,24,44,131,113,18,34.17085427135678,12.060301507537687,22.110552763819097,65.82914572864321,56.78391959798995,9.045226130653267
E00161235,202,73,33,40,129,108,21,36.13861386138614,16.33663366336634,19.801980198019802,63.86138613861386,53.46534653465347,10.396039603960396
E00161236,157,58,20,38,99,84,15,36.94267515923567,12.738853503184714,24.203821656050955,63.05732484076433,53.503184713375795,9.554140127388536
E00161237,192,67,27,40,125,100,25,34.89583333333333,14.0625,20.833333333333336,65.10416666666666,52.083333333333336,13.020833333333334
E00161238,139,27,8,19,112,90,22,19.424460431654676,5.755395683453238,13.66906474820144,80.57553956834532,64.74820143884892,15.827338129496402
E00161239,102,32,9,23,70,62,8,31.372549019607842,8.823529411764707,22.54901960784314,68.62745098039215,60.78431372549019,7.8431372549019605
E00161240,126,45,16,29,81,62,19,35.714285714285715,12.698412698412698,23.015873015873016,64.28571428571429,49.2063492063492,15.079365079365079
E00161241,184,60,30,30,124,95,29,32.608695652173914,16.304347826086957,16.304347826086957,67.3913043478261,51.63043478260869,15.760869565217392
E00161242,143,57,25,32,86,69,17,39.86013986013986,17.482517482517483,22.377622377622377,60.13986013986013,48.25174825174825,11.888111888111888
E00161243,144,45,18,27,99,67,32,31.25,12.5,18.75,68.75,46.52777777777778,22.22222222222222
E00161244,139,39,10,29,100,82,18,28.05755395683453,7.1942446043165464,20.863309352517987,71.94244604316546,58.992805755395686,12.949640287769784
E00161245,112,33,15,18,79,60,19,29.464285714285715,13.392857142857142,16.071428571428573,70.53571428571429,53.57142857142857,16.964285714285715
E00161248,189,62,20,42,127,112,15,32.804232804232804,10.582010582010582,22.22222222222222,67.1957671957672,59.25925925925925,7.936507936507936
E00161249,170,46,24,22,124,107,17,27.058823529411764,14.117647058823529,12.941176470588237,72.94117647058823,62.94117647058823,10
E00161250,149,49,20,29,100,81,19,32.88590604026846,13.422818791946309,19.463087248322147,67.11409395973155,54.36241610738255,12.751677852348994
E00161251,169,42,12,30,127,113,14,24.85207100591716,7.100591715976331,17.75147928994083,75.14792899408283,66.86390532544378,8.284023668639055
E00161252,175,69,26,43,106,92,14,39.42857142857143,14.857142857142858,24.571428571428573,60.57142857142858,52.57142857142857,8
E00161253,168,59,21,38,109,90,19,35.11904761904761,12.5,22.61904761904762,64.88095238095238,53.57142857142857,11.30952380952381
E00161254,150,35,12,23,115,97,18,23.333333333333332,8,15.333333333333332,76.66666666666667,64.66666666666666,12
E00161255,161,40,16,24,121,105,16,24.84472049689441,9.937888198757763,14.906832298136646,75.15527950310559,65.21739130434783,9.937888198757763
E00161256,154,55,13,42,99,76,23,35.714285714285715,8.441558441558442,27.27272727272727,64.28571428571429,49.35064935064935,14.935064935064934
E00161257,160,63,27,36,97,88,9,39.375,16.875,22.5,60.62499999999999,55.00000000000001,5.625
E00161258,187,49,19,30,138,106,32,26.203208556149733,10.16042780748663,16.042780748663102,73.79679144385027,56.68449197860963,17.11229946524064
E00161259,187,55,23,32,132,102,30,29.411764705882355,12.299465240641712,17.11229946524064,70.58823529411765,54.54545454545454,16.042780748663102
E00161260,270,96,48,48,174,141,33,35.55555555555556,17.77777777777778,17.77777777777778,64.44444444444444,52.22222222222223,12.222222222222221
E00161261,173,54,25,29,119,93,26,31.213872832369944,14.450867052023122,16.76300578034682,68.78612716763006,53.75722543352601,15.028901734104046
E00161262,174,57,21,36,117,88,29,32.758620689655174,12.068965517241379,20.689655172413794,67.24137931034483,50.57471264367817,16.666666666666664
E00161263,169,70,28,42,99,78,21,41.42011834319527,16.56804733727811,24.85207100591716,58.57988165680473,46.15384615384615,12.42603550295858
E00161264,272,97,39,58,175,157,18,35.661764705882355,14.338235294117647,21.323529411764707,64.33823529411765,57.720588235294116,6.61764705882353
E00161265,224,78,47,31,146,107,39,34.82142857142857,20.982142857142858,13.839285714285715,65.17857142857143,47.767857142857146,17.410714285714285
E00161266,218,80,27,53,138,111,27,36.69724770642202,12.385321100917432,24.31192660550459,63.30275229357798,50.917431192660544,12.385321100917432
E00161268,148,51,19,32,97,79,18,34.45945945945946,12.837837837837837,21.62162162162162,65.54054054054053,53.37837837837838,12.162162162162163
E00161269,105,37,22,15,68,39,29,35.23809523809524,20.952380952380953,14.285714285714285,64.76190476190476,37.142857142857146,27.61904761904762
E00161270,133,62,37,25,71,57,14,46.616541353383454,27.819548872180448,18.796992481203006,53.383458646616546,42.857142857142854,10.526315789473683
E00161271,78,22,12,10,56,43,13,28.205128205128204,15.384615384615385,12.82051282051282,71.7948717948718,55.12820512820513,16.666666666666664
E00161272,170,62,33,29,108,86,22,36.470588235294116,19.411764705882355,17.058823529411764,63.52941176470588,50.588235294117645,12.941176470588237
E00161273,129,58,28,30,71,55,16,44.96124031007752,21.705426356589147,23.25581395348837,55.03875968992248,42.63565891472868,12.4031007751938
E00161274,114,45,17,28,69,52,17,39.473684210526315,14.912280701754385,24.561403508771928,60.526315789473685,45.614035087719294,14.912280701754385
E00161275,84,21,10,11,63,49,14,25,11.904761904761903,13.095238095238097,75,58.333333333333336,16.666666666666664
E00161276,100,36,21,15,64,51,13,36,21,15,64,51,13
E00161277,87,32,17,15,55,42,13,36.7816091954023,19.54022988505747,17.24137931034483,63.2183908045977,48.275862068965516,14.942528735632186
E00161278,75,33,18,15,42,26,16,44,24,20,56.00000000000001,34.66666666666667,21.333333333333336
E00161279,40,14,11,3,26,25,1,35,27.500000000000004,7.5,65,62.5,2.5
E00161280,119,42,15,27,77,56,21,35.294117647058826,12.605042016806722,22.689075630252102,64.70588235294117,47.05882352941176,17.647058823529413
E00161281,119,45,18,27,74,63,11,37.81512605042017,15.126050420168067,22.689075630252102,62.18487394957983,52.94117647058824,9.243697478991598
E00161282,120,40,18,22,80,55,25,33.33333333333333,15,18.333333333333332,66.66666666666666,45.83333333333333,20.833333333333336
E00161283,109,42,22,20,67,45,22,38.53211009174312,20.18348623853211,18.34862385321101,61.46788990825688,41.284403669724774,20.18348623853211
E00161284,135,52,24,28,83,64,19,38.51851851851852,17.77777777777778,20.74074074074074,61.48148148148148,47.40740740740741,14.074074074074074
E00161285,130,42,19,23,88,68,20,32.30769230769231,14.615384615384617,17.692307692307693,67.6923076923077,52.307692307692314,15.384615384615385
E00161286,157,56,29,27,101,81,20,35.6687898089172,18.471337579617835,17.197452229299362,64.3312101910828,51.59235668789809,12.738853503184714
E00161287,163,52,19,33,111,88,23,31.901840490797547,11.65644171779141,20.245398773006134,68.09815950920245,53.987730061349694,14.11042944785276
E00161288,106,35,17,18,71,57,14,33.0188679245283,16.037735849056602,16.9811320754717,66.98113207547169,53.77358490566038,13.20754716981132
E00161289,258,81,31,50,177,118,59,31.3953488372093,12.015503875968992,19.379844961240313,68.6046511627907,45.73643410852713,22.868217054263564
E00161290,214,64,24,40,150,127,23,29.906542056074763,11.214953271028037,18.69158878504673,70.09345794392523,59.345794392523366,10.74766355140187
E00161291,135,49,19,30,86,73,13,36.2962962962963,14.074074074074074,22.22222222222222,63.70370370370371,54.074074074074076,9.62962962962963
E00161292,99,38,10,28,61,52,9,38.38383838383838,10.1010101010101,28.28282828282828,61.61616161616161,52.52525252525253,9.090909090909092
E00161293,152,61,30,31,91,67,24,40.131578947368425,19.736842105263158,20.394736842105264,59.86842105263158,44.07894736842105,15.789473684210526
E00161294,124,50,26,24,74,56,18,40.32258064516129,20.967741935483872,19.35483870967742,59.67741935483871,45.16129032258064,14.516129032258066
E00161295,97,34,10,24,63,48,15,35.051546391752574,10.309278350515463,24.742268041237114,64.94845360824742,49.48453608247423,15.463917525773196
E00161296,148,38,10,28,110,88,22,25.675675675675674,6.756756756756757,18.91891891891892,74.32432432432432,59.45945945945946,14.864864864864865
E00161297,98,45,23,22,53,38,15,45.91836734693878,23.46938775510204,22.448979591836736,54.08163265306123,38.775510204081634,15.306122448979592
E00161298,143,43,17,26,100,87,13,30.069930069930066,11.888111888111888,18.181818181818183,69.93006993006993,60.83916083916085,9.090909090909092
E00161299,143,49,22,27,94,71,23,34.26573426573427,15.384615384615385,18.88111888111888,65.73426573426573,49.65034965034965,16.083916083916083
E00161300,95,34,14,20,61,49,12,35.78947368421053,14.736842105263156,21.052631578947366,64.21052631578948,51.578947368421055,12.631578947368421
E00161301,168,64,38,26,104,78,26,38.095238095238095,22.61904761904762,15.476190476190476,61.904761904761905,46.42857142857143,15.476190476190476
E00161302,83,29,17,12,54,48,6,34.93975903614458,20.481927710843372,14.457831325301203,65.06024096385542,57.831325301204814,7.228915662650602
E00161303,109,34,13,21,75,69,6,31.19266055045872,11.926605504587156,19.26605504587156,68.80733944954129,63.30275229357798,5.5045871559633035
E00161304,139,64,29,35,75,57,18,46.043165467625904,20.863309352517987,25.179856115107913,53.956834532374096,41.007194244604314,12.949640287769784
E00161305,101,41,13,28,60,54,6,40.5940594059406,12.871287128712872,27.722772277227726,59.4059405940594,53.46534653465347,5.9405940594059405
E00161306,214,61,26,35,153,134,19,28.504672897196258,12.149532710280374,16.355140186915886,71.49532710280374,62.616822429906534,8.878504672897195
E00161307,149,54,25,29,95,81,14,36.241610738255034,16.778523489932887,19.463087248322147,63.758389261744966,54.36241610738255,9.395973154362416
E00161309,110,41,15,26,69,57,12,37.27272727272727,13.636363636363635,23.636363636363637,62.727272727272734,51.81818181818182,10.909090909090908
E00161310,122,46,18,28,76,57,19,37.704918032786885,14.754098360655737,22.950819672131146,62.295081967213115,46.72131147540984,15.573770491803279
E00161311,118,40,12,28,78,70,8,33.89830508474576,10.16949152542373,23.728813559322035,66.10169491525424,59.32203389830508,6.779661016949152
E00161312,184,53,27,26,131,100,31,28.804347826086957,14.673913043478262,14.130434782608695,71.19565217391305,54.347826086956516,16.847826086956523
E00161313,116,36,18,18,80,55,25,31.03448275862069,15.517241379310345,15.517241379310345,68.96551724137932,47.41379310344828,21.551724137931032
E00161314,227,81,35,46,146,123,23,35.68281938325991,15.418502202643172,20.26431718061674,64.31718061674009,54.18502202643172,10.13215859030837
E00161315,126,41,15,26,85,58,27,32.53968253968254,11.904761904761903,20.634920634920633,67.46031746031747,46.03174603174603,21.428571428571427
E00161316,108,31,12,19,77,63,14,28.703703703703702,11.11111111111111,17.59259259259259,71.29629629629629,58.333333333333336,12.962962962962962
E00161317,205,66,33,33,139,114,25,32.19512195121951,16.097560975609756,16.097560975609756,67.8048780487805,55.60975609756098,12.195121951219512
E00161319,202,68,33,35,134,98,36,33.663366336633665,16.33663366336634,17.326732673267326,66.33663366336634,48.51485148514851,17.82178217821782
E00161320,207,76,36,40,131,100,31,36.71497584541063,17.391304347826086,19.32367149758454,63.28502415458937,48.309178743961354,14.975845410628018
E00161321,186,69,23,46,117,99,18,37.096774193548384,12.365591397849462,24.731182795698924,62.903225806451616,53.2258064516129,9.67741935483871
E00161322,129,44,20,24,85,71,14,34.10852713178294,15.503875968992247,18.6046511627907,65.89147286821705,55.03875968992248,10.852713178294573
E00161323,180,58,21,37,122,87,35,32.22222222222222,11.666666666666666,20.555555555555554,67.77777777777779,48.333333333333336,19.444444444444446
E00161324,203,75,36,39,128,101,27,36.94581280788177,17.733990147783253,19.21182266009852,63.05418719211823,49.75369458128079,13.30049261083744
E00161325,114,51,21,30,63,51,12,44.73684210526316,18.421052631578945,26.31578947368421,55.26315789473685,44.73684210526316,10.526315789473683
E00161326,170,52,20,32,118,100,18,30.58823529411765,11.76470588235294,18.823529411764707,69.41176470588235,58.82352941176471,10.588235294117647
E00161327,136,38,15,23,98,85,13,27.941176470588236,11.029411764705882,16.911764705882355,72.05882352941177,62.5,9.558823529411764
E00161328,134,53,22,31,81,71,10,39.55223880597015,16.417910447761194,23.134328358208954,60.447761194029844,52.98507462686567,7.462686567164178
E00161330,208,69,26,43,139,121,18,33.17307692307692,12.5,20.673076923076923,66.82692307692307,58.17307692307693,8.653846153846153
E00161331,169,52,17,35,117,104,13,30.76923076923077,10.059171597633137,20.710059171597635,69.23076923076923,61.53846153846154,7.6923076923076925
E00161332,114,46,18,28,68,52,16,40.35087719298245,15.789473684210526,24.561403508771928,59.64912280701754,45.614035087719294,14.035087719298245
E00161333,98,32,15,17,66,52,14,32.6530612244898,15.306122448979592,17.346938775510203,67.3469387755102,53.06122448979592,14.285714285714285
E00161334,141,42,19,23,99,92,7,29.78723404255319,13.47517730496454,16.312056737588655,70.2127659574468,65.24822695035462,4.964539007092199
E00161335,129,36,15,21,93,81,12,27.906976744186046,11.627906976744185,16.27906976744186,72.09302325581395,62.7906976744186,9.30232558139535
E00161336,160,39,21,18,121,103,18,24.375,13.125,11.25,75.625,64.375,11.25
E00161338,179,44,17,27,135,117,18,24.581005586592177,9.497206703910614,15.083798882681565,75.41899441340783,65.36312849162012,10.05586592178771
E00161339,216,64,24,40,152,122,30,29.629629629629626,11.11111111111111,18.51851851851852,70.37037037037037,56.481481481481474,13.88888888888889
E00161340,130,41,8,33,89,77,12,31.538461538461537,6.153846153846154,25.384615384615383,68.46153846153847,59.23076923076923,9.230769230769232
E00161341,132,41,15,26,91,77,14,31.060606060606062,11.363636363636363,19.696969696969695,68.93939393939394,58.333333333333336,10.606060606060606
E00161342,169,37,22,15,132,109,23,21.893491124260358,13.017751479289942,8.875739644970414,78.10650887573965,64.49704142011834,13.609467455621301
E00161343,189,54,23,31,135,112,23,28.57142857142857,12.16931216931217,16.402116402116402,71.42857142857143,59.25925925925925,12.16931216931217
E00161344,145,29,13,16,116,97,19,20,8.96551724137931,11.03448275862069,80,66.89655172413794,13.10344827586207
E00161345,199,52,25,27,147,132,15,26.13065326633166,12.562814070351758,13.5678391959799,73.86934673366834,66.33165829145729,7.537688442211055
E00161346,138,37,11,26,101,87,14,26.811594202898554,7.971014492753622,18.84057971014493,73.18840579710145,63.04347826086957,10.144927536231885
E00161347,121,45,17,28,76,59,17,37.1900826446281,14.049586776859504,23.140495867768596,62.8099173553719,48.760330578512395,14.049586776859504
E00161349,108,34,19,15,74,57,17,31.48148148148148,17.59259259259259,13.88888888888889,68.51851851851852,52.77777777777778,15.74074074074074
E00161350,109,43,16,27,66,50,16,39.44954128440367,14.678899082568808,24.770642201834864,60.550458715596335,45.87155963302752,14.678899082568808
E00161351,121,43,16,27,78,66,12,35.53719008264463,13.223140495867769,22.31404958677686,64.46280991735537,54.54545454545454,9.917355371900827
E00161352,158,56,22,34,102,76,26,35.44303797468354,13.924050632911392,21.518987341772153,64.55696202531645,48.10126582278481,16.455696202531644
E00161354,162,60,24,36,102,82,20,37.03703703703704,14.814814814814813,22.22222222222222,62.96296296296296,50.617283950617285,12.345679012345679
E00161355,125,44,23,21,81,65,16,35.199999999999996,18.4,16.8,64.8,52,12.8
E00161357,83,22,5,17,61,51,10,26.506024096385545,6.024096385542169,20.481927710843372,73.49397590361446,61.44578313253012,12.048192771084338
E00161358,181,53,20,33,128,96,32,29.2817679558011,11.049723756906078,18.23204419889503,70.71823204419888,53.03867403314917,17.67955801104972
E00161359,165,60,29,31,105,78,27,36.36363636363637,17.575757575757574,18.787878787878785,63.63636363636363,47.27272727272727,16.363636363636363
E00161360,191,60,20,40,131,119,12,31.413612565445025,10.471204188481675,20.94240837696335,68.58638743455498,62.30366492146597,6.282722513089005
E00161361,113,37,11,26,76,65,11,32.743362831858406,9.734513274336283,23.008849557522122,67.2566371681416,57.52212389380531,9.734513274336283
E00161363,196,69,21,48,127,105,22,35.204081632653065,10.714285714285714,24.489795918367346,64.79591836734694,53.57142857142857,11.224489795918368
E00161364,221,72,31,41,149,121,28,32.57918552036199,14.027149321266968,18.552036199095024,67.42081447963801,54.75113122171946,12.669683257918551
E00161365,95,31,12,19,64,47,17,32.631578947368425,12.631578947368421,20,67.36842105263158,49.473684210526315,17.894736842105264
E00161366,119,34,10,24,85,74,11,28.57142857142857,8.403361344537815,20.168067226890756,71.42857142857143,62.18487394957983,9.243697478991598
E00161367,103,34,18,16,69,54,15,33.00970873786408,17.475728155339805,15.53398058252427,66.99029126213593,52.42718446601942,14.563106796116504
E00161368,150,51,18,33,99,77,22,34,12,22,66,51.33333333333333,14.666666666666666
E00161369,118,49,26,23,69,61,8,41.52542372881356,22.033898305084744,19.491525423728813,58.47457627118644,51.69491525423729,6.779661016949152
E00161370,49,23,13,10,26,17,9,46.93877551020408,26.53061224489796,20.408163265306122,53.06122448979592,34.69387755102041,18.367346938775512
E00161371,64,18,9,9,46,39,7,28.125,14.0625,14.0625,71.875,60.9375,10.9375
E00161373,108,37,15,22,71,58,13,34.25925925925926,13.88888888888889,20.37037037037037,65.74074074074075,53.70370370370371,12.037037037037036
E00161374,127,53,29,24,74,53,21,41.732283464566926,22.83464566929134,18.89763779527559,58.26771653543307,41.732283464566926,16.535433070866144
E00161375,108,34,15,19,74,53,21,31.48148148148148,13.88888888888889,17.59259259259259,68.51851851851852,49.074074074074076,19.444444444444446
E00161376,165,47,17,30,118,103,15,28.484848484848484,10.303030303030303,18.181818181818183,71.51515151515152,62.42424242424243,9.090909090909092
E00161377,218,77,32,45,141,114,27,35.321100917431195,14.678899082568808,20.642201834862387,64.6788990825688,52.293577981651374,12.385321100917432
E00161378,273,63,20,43,210,182,28,23.076923076923077,7.326007326007327,15.75091575091575,76.92307692307693,66.66666666666666,10.256410256410255
E00161379,157,51,23,28,106,81,25,32.48407643312102,14.64968152866242,17.8343949044586,67.51592356687898,51.59235668789809,15.92356687898089
E00161380,131,33,12,21,98,84,14,25.190839694656486,9.16030534351145,16.030534351145036,74.80916030534351,64.12213740458014,10.687022900763358
E00161381,195,56,28,28,139,119,20,28.717948717948715,14.358974358974358,14.358974358974358,71.28205128205128,61.02564102564103,10.256410256410255
E00161382,134,40,19,21,94,86,8,29.850746268656714,14.17910447761194,15.671641791044777,70.1492537313433,64.17910447761194,5.970149253731343
E00161383,161,64,28,36,97,81,16,39.75155279503105,17.391304347826086,22.36024844720497,60.24844720496895,50.31055900621118,9.937888198757763
E00161384,143,37,10,27,106,91,15,25.874125874125873,6.993006993006993,18.88111888111888,74.12587412587412,63.63636363636363,10.48951048951049
E00161385,117,37,10,27,80,68,12,31.62393162393162,8.547008547008547,23.076923076923077,68.37606837606837,58.119658119658126,10.256410256410255
E00161386,188,65,16,49,123,105,18,34.57446808510639,8.51063829787234,26.063829787234045,65.42553191489363,55.85106382978723,9.574468085106384
E00161387,153,47,20,27,106,94,12,30.718954248366014,13.071895424836603,17.647058823529413,69.28104575163398,61.43790849673203,7.8431372549019605
E00161388,281,78,33,45,203,176,27,27.75800711743772,11.743772241992882,16.014234875444842,72.24199288256227,62.63345195729537,9.608540925266903
E00161389,292,100,40,60,192,163,29,34.24657534246575,13.698630136986301,20.54794520547945,65.75342465753424,55.821917808219176,9.931506849315069
E00161390,170,57,24,33,113,100,13,33.52941176470588,14.117647058823529,19.411764705882355,66.47058823529412,58.82352941176471,7.647058823529412
E00161391,168,48,21,27,120,105,15,28.57142857142857,12.5,16.071428571428573,71.42857142857143,62.5,8.928571428571429
E00161392,198,59,22,37,139,119,20,29.797979797979796,11.11111111111111,18.68686868686869,70.2020202020202,60.1010101010101,10.1010101010101
E00161393,149,52,25,27,97,72,25,34.899328859060404,16.778523489932887,18.120805369127517,65.1006711409396,48.322147651006716,16.778523489932887
E00161394,133,56,24,32,77,58,19,42.10526315789473,18.045112781954884,24.06015037593985,57.89473684210527,43.609022556390975,14.285714285714285
E00161395,146,38,14,24,108,91,17,26.027397260273972,9.58904109589041,16.43835616438356,73.97260273972603,62.328767123287676,11.643835616438356
E00161396,118,23,7,16,95,76,19,19.491525423728813,5.932203389830509,13.559322033898304,80.50847457627118,64.40677966101694,16.101694915254235
E00161398,164,48,19,29,116,101,15,29.268292682926827,11.585365853658537,17.682926829268293,70.73170731707317,61.58536585365854,9.146341463414634
E00161399,144,44,16,28,100,82,18,30.555555555555557,11.11111111111111,19.444444444444446,69.44444444444444,56.94444444444444,12.5
E00161400,205,69,27,42,136,118,18,33.65853658536586,13.170731707317074,20.48780487804878,66.34146341463415,57.56097560975609,8.780487804878048
E00161401,106,28,11,17,78,65,13,26.41509433962264,10.377358490566039,16.037735849056602,73.58490566037736,61.32075471698113,12.264150943396226
E00161402,160,50,20,30,110,92,18,31.25,12.5,18.75,68.75,57.49999999999999,11.25
E00161403,119,36,12,24,83,68,15,30.252100840336134,10.084033613445378,20.168067226890756,69.74789915966386,57.14285714285714,12.605042016806722
E00161404,172,66,31,35,106,91,15,38.372093023255815,18.023255813953487,20.348837209302324,61.627906976744185,52.90697674418605,8.720930232558139
E00161405,188,59,20,39,129,105,24,31.382978723404253,10.638297872340425,20.74468085106383,68.61702127659575,55.85106382978723,12.76595744680851
E00161406,154,58,31,27,96,82,14,37.66233766233766,20.12987012987013,17.532467532467532,62.33766233766234,53.246753246753244,9.090909090909092
E00161409,160,44,14,30,116,99,17,27.500000000000004,8.75,18.75,72.5,61.875,10.625
E00161410,114,32,9,23,82,75,7,28.07017543859649,7.894736842105263,20.175438596491226,71.9298245614035,65.78947368421053,6.140350877192982
E00161411,75,22,7,15,53,46,7,29.333333333333332,9.333333333333334,20,70.66666666666667,61.33333333333333,9.333333333333334
E00161412,174,51,14,37,123,103,20,29.310344827586203,8.045977011494253,21.26436781609195,70.6896551724138,59.195402298850574,11.494252873563218
E00161413,153,43,14,29,110,94,16,28.104575163398692,9.15032679738562,18.954248366013072,71.89542483660131,61.43790849673203,10.457516339869281
E00161414,202,50,18,32,152,131,21,24.752475247524753,8.91089108910891,15.841584158415841,75.24752475247524,64.85148514851485,10.396039603960396
E00161415,201,66,26,40,135,102,33,32.83582089552239,12.935323383084576,19.900497512437813,67.16417910447761,50.74626865671642,16.417910447761194
E00161416,139,34,14,20,105,87,18,24.46043165467626,10.071942446043165,14.388489208633093,75.53956834532374,62.589928057553955,12.949640287769784
E00161417,203,61,19,42,142,118,24,30.049261083743843,9.35960591133005,20.689655172413794,69.95073891625616,58.128078817733986,11.822660098522167
E00161418,123,49,22,27,74,54,20,39.83739837398374,17.88617886178862,21.951219512195124,60.16260162601627,43.90243902439025,16.260162601626014
E00161419,131,40,20,20,91,74,17,30.53435114503817,15.267175572519085,15.267175572519085,69.46564885496184,56.48854961832062,12.977099236641221
E00161420,134,28,11,17,106,84,22,20.8955223880597,8.208955223880597,12.686567164179104,79.1044776119403,62.68656716417911,16.417910447761194
E00161422,219,63,20,43,156,130,26,28.767123287671232,9.1324200913242,19.63470319634703,71.23287671232876,59.3607305936073,11.87214611872146
E00161423,170,61,16,45,109,91,18,35.88235294117647,9.411764705882353,26.47058823529412,64.11764705882354,53.529411764705884,10.588235294117647
E00161424,185,54,21,33,131,115,16,29.18918918918919,11.351351351351353,17.83783783783784,70.8108108108108,62.16216216216216,8.64864864864865
E00161425,107,25,11,14,82,67,15,23.364485981308412,10.2803738317757,13.084112149532709,76.63551401869158,62.616822429906534,14.018691588785046
E00161426,229,68,28,40,161,135,26,29.694323144104807,12.22707423580786,17.46724890829694,70.3056768558952,58.951965065502186,11.353711790393014
E00161427,131,32,16,16,99,82,17,24.427480916030532,12.213740458015266,12.213740458015266,75.57251908396947,62.59541984732825,12.977099236641221
E00161429,161,40,9,31,121,101,20,24.84472049689441,5.590062111801243,19.25465838509317,75.15527950310559,62.732919254658384,12.422360248447205
E00161430,144,35,7,28,109,95,14,24.305555555555554,4.861111111111112,19.444444444444446,75.69444444444444,65.97222222222221,9.722222222222223
E00161431,193,48,22,26,145,119,26,24.870466321243523,11.398963730569948,13.471502590673575,75.12953367875647,61.6580310880829,13.471502590673575
E00161432,138,61,22,39,77,64,13,44.20289855072464,15.942028985507244,28.26086956521739,55.79710144927537,46.3768115942029,9.420289855072465
E00161433,129,34,8,26,95,84,11,26.356589147286826,6.2015503875969,20.155038759689923,73.64341085271317,65.11627906976744,8.527131782945736
E00161434,154,53,17,36,101,87,14,34.41558441558442,11.03896103896104,23.376623376623375,65.5844155844156,56.493506493506494,9.090909090909092
E00161435,195,51,18,33,144,122,22,26.153846153846157,9.230769230769232,16.923076923076923,73.84615384615385,62.56410256410256,11.282051282051283
E00161436,143,38,19,19,105,81,24,26.573426573426573,13.286713286713287,13.286713286713287,73.42657342657343,56.64335664335665,16.783216783216783
E00161437,185,56,20,36,129,105,24,30.270270270270274,10.81081081081081,19.45945945945946,69.72972972972973,56.75675675675676,12.972972972972974
E00161439,203,63,30,33,140,118,22,31.03448275862069,14.77832512315271,16.25615763546798,68.96551724137932,58.128078817733986,10.83743842364532
E00161440,186,58,21,37,128,100,28,31.182795698924732,11.29032258064516,19.892473118279568,68.81720430107528,53.76344086021505,15.053763440860216
E00161441,211,75,30,45,136,101,35,35.54502369668246,14.218009478672986,21.32701421800948,64.45497630331754,47.867298578199055,16.587677725118482
E00161442,192,59,18,41,133,109,24,30.729166666666668,9.375,21.354166666666664,69.27083333333334,56.770833333333336,12.5
E00161443,194,56,19,37,138,100,38,28.865979381443296,9.793814432989691,19.072164948453608,71.1340206185567,51.546391752577314,19.587628865979383
E00161444,203,58,19,39,145,123,22,28.57142857142857,9.35960591133005,19.21182266009852,71.42857142857143,60.591133004926114,10.83743842364532
E00161445,158,64,28,36,94,61,33,40.50632911392405,17.72151898734177,22.78481012658228,59.49367088607595,38.607594936708864,20.88607594936709
E00161446,221,59,25,34,162,113,49,26.69683257918552,11.312217194570136,15.384615384615385,73.303167420814475,51.13122171945701,22.171945701357465
E00161447,173,61,28,33,112,96,16,35.26011560693642,16.184971098265898,19.07514450867052,64.73988439306359,55.49132947976878,9.248554913294797
E00161448,119,42,20,22,77,65,12,35.294117647058826,16.80672268907563,18.487394957983195,64.70588235294117,54.621848739495796,10.084033613445378
E00161449,145,55,17,38,90,77,13,37.93103448275862,11.724137931034482,26.20689655172414,62.06896551724138,53.103448275862064,8.96551724137931
E00161450,127,53,18,35,74,60,14,41.732283464566926,14.173228346456693,27.559055118110237,58.26771653543307,47.24409448818898,11.023622047244094
E00161451,217,73,31,42,144,105,39,33.6405529953917,14.285714285714285,19.35483870967742,66.3594470046083,48.38709677419355,17.972350230414747
E00161452,228,71,29,42,157,125,32,31.140350877192986,12.719298245614036,18.421052631578945,68.85964912280701,54.824561403508774,14.035087719298245
E00161453,170,71,40,31,99,65,34,41.76470588235294,23.52941176470588,18.235294117647058,58.235294117647065,38.23529411764706,20
E00161454,227,83,40,43,144,114,30,36.56387665198238,17.62114537444934,18.94273127753304,63.436123348017624,50.22026431718062,13.215859030837004
E00161455,106,41,16,25,65,53,12,38.67924528301887,15.09433962264151,23.58490566037736,61.32075471698113,50,11.320754716981133
E00161456,187,55,24,31,132,100,32,29.411764705882355,12.834224598930483,16.577540106951872,70.58823529411765,53.475935828877006,17.11229946524064
E00161457,171,53,16,37,118,90,28,30.994152046783626,9.35672514619883,21.637426900584796,69.00584795321637,52.63157894736842,16.374269005847953
E00161458,192,70,25,45,122,84,38,36.45833333333333,13.020833333333334,23.4375,63.541666666666664,43.75,19.791666666666664
E00161459,109,36,15,21,73,58,15,33.02752293577982,13.761467889908257,19.26605504587156,66.97247706422019,53.21100917431193,13.761467889908257
E00161460,111,52,29,23,59,48,11,46.846846846846844,26.126126126126124,20.72072072072072,53.153153153153156,43.24324324324324,9.90990990990991
E00161461,153,55,26,29,98,77,21,35.947712418300654,16.99346405228758,18.954248366013072,64.05228758169935,50.326797385620914,13.725490196078432
E00161462,151,52,23,29,99,73,26,34.437086092715234,15.2317880794702,19.205298013245034,65.56291390728477,48.34437086092716,17.218543046357617
E00161463,114,48,17,31,66,54,12,42.10526315789473,14.912280701754385,27.192982456140353,57.89473684210527,47.368421052631575,10.526315789473683
E00161464,121,31,13,18,90,80,10,25.6198347107438,10.743801652892563,14.87603305785124,74.3801652892562,66.11570247933885,8.264462809917356
E00161465,109,34,10,24,75,60,15,31.19266055045872,9.174311926605505,22.018348623853214,68.80733944954129,55.04587155963303,13.761467889908257
E00161466,125,36,12,24,89,69,20,28.799999999999997,9.6,19.2,71.2,55.2,16
E00161467,133,41,20,21,92,75,17,30.82706766917293,15.037593984962406,15.789473684210526,69.17293233082707,56.390977443609025,12.781954887218044
E00161468,160,67,33,34,93,66,27,41.875,20.625,21.25,58.12500000000001,41.25,16.875
E00161469,154,38,15,23,116,94,22,24.675324675324674,9.740259740259742,14.935064935064934,75.32467532467533,61.038961038961034,14.285714285714285
E00161470,126,53,25,28,73,52,21,42.06349206349206,19.841269841269842,22.22222222222222,57.936507936507944,41.269841269841265,16.666666666666664
E00161471,215,76,42,34,139,102,37,35.348837209302324,19.53488372093023,15.813953488372093,64.65116279069767,47.44186046511628,17.209302325581397
E00161473,116,34,16,18,82,62,20,29.310344827586203,13.793103448275861,15.517241379310345,70.6896551724138,53.44827586206896,17.24137931034483
E00161474,199,53,18,35,146,124,22,26.633165829145728,9.045226130653267,17.587939698492463,73.36683417085426,62.311557788944725,11.055276381909549
E00161475,149,45,18,27,104,91,13,30.201342281879196,12.080536912751679,18.120805369127517,69.79865771812081,61.07382550335571,8.724832214765101
E00161476,167,54,17,37,113,87,26,32.33532934131736,10.179640718562874,22.15568862275449,67.66467065868264,52.09580838323353,15.568862275449103
E00161477,144,47,17,30,97,83,14,32.63888888888889,11.805555555555555,20.833333333333336,67.36111111111111,57.638888888888886,9.722222222222223
E00161478,137,44,21,23,93,83,10,32.11678832116788,15.328467153284672,16.78832116788321,67.88321167883211,60.58394160583942,7.2992700729927
E00161479,123,44,15,29,79,62,17,35.77235772357724,12.195121951219512,23.577235772357724,64.22764227642277,50.40650406504065,13.821138211382115
E00161480,216,51,14,37,165,142,23,23.61111111111111,6.481481481481481,17.12962962962963,76.38888888888889,65.74074074074075,10.648148148148149
E00161481,123,37,18,19,86,68,18,30.081300813008134,14.634146341463413,15.447154471544716,69.91869918699187,55.28455284552846,14.634146341463413
E00161482,155,56,25,31,99,85,14,36.12903225806451,16.129032258064516,20,63.87096774193548,54.83870967741935,9.032258064516128
E00161483,115,36,12,24,79,71,8,31.30434782608696,10.434782608695652,20.869565217391305,68.69565217391305,61.73913043478261,6.956521739130435
E00161484,129,42,14,28,87,81,6,32.55813953488372,10.852713178294573,21.705426356589147,67.44186046511628,62.7906976744186,4.651162790697675
E00161485,144,49,20,29,95,82,13,34.02777777777778,13.88888888888889,20.13888888888889,65.97222222222221,56.94444444444444,9.027777777777777
E00161486,147,39,14,25,108,93,15,26.53061224489796,9.523809523809524,17.006802721088434,73.46938775510205,63.26530612244898,10.204081632653061
E00161487,145,40,12,28,105,93,12,27.586206896551722,8.275862068965518,19.310344827586206,72.41379310344827,64.13793103448275,8.275862068965518
E00161488,149,45,13,32,104,90,14,30.201342281879196,8.724832214765101,21.476510067114095,69.79865771812081,60.40268456375839,9.395973154362416
E00161489,159,46,16,30,113,97,16,28.930817610062892,10.062893081761008,18.867924528301888,71.0691823899371,61.0062893081761,10.062893081761008
E00161490,96,26,8,18,70,63,7,27.083333333333332,8.333333333333332,18.75,72.91666666666666,65.625,7.291666666666667
E00161491,140,37,9,28,103,90,13,26.42857142857143,6.428571428571428,20,73.57142857142858,64.28571428571429,9.285714285714286
E00161492,156,55,20,35,101,92,9,35.256410256410255,12.82051282051282,22.435897435897438,64.74358974358975,58.97435897435898,5.769230769230769
E00161493,105,20,9,11,85,73,12,19.047619047619047,8.571428571428571,10.476190476190476,80.95238095238095,69.52380952380952,11.428571428571429
E00161494,147,52,20,32,95,80,15,35.374149659863946,13.60544217687075,21.768707482993197,64.62585034013605,54.421768707483,10.204081632653061
E00161495,134,30,10,20,104,84,20,22.388059701492537,7.462686567164178,14.925373134328357,77.61194029850746,62.68656716417911,14.925373134328357
E00161496,147,33,14,19,114,99,15,22.448979591836736,9.523809523809524,12.925170068027212,77.55102040816327,67.3469387755102,10.204081632653061
E00161497,222,76,28,48,146,129,17,34.234234234234236,12.612612612612612,21.62162162162162,65.76576576576578,58.108108108108105,7.657657657657657
E00161498,183,61,25,36,122,107,15,33.33333333333333,13.661202185792352,19.672131147540984,66.66666666666666,58.46994535519126,8.19672131147541
E00161499,155,59,30,29,96,79,17,38.064516129032256,19.35483870967742,18.70967741935484,61.935483870967744,50.967741935483865,10.967741935483872
E00161501,158,37,11,26,121,103,18,23.417721518987342,6.962025316455696,16.455696202531644,76.58227848101265,65.18987341772153,11.39240506329114
E00161502,90,32,8,24,58,50,8,35.55555555555556,8.88888888888889,26.666666666666668,64.44444444444444,55.55555555555556,8.88888888888889
E00161503,133,31,16,15,102,85,17,23.308270676691727,12.030075187969924,11.278195488721805,76.69172932330827,63.90977443609023,12.781954887218044
E00161504,238,46,18,28,192,165,27,19.327731092436977,7.563025210084033,11.76470588235294,80.67226890756302,69.32773109243698,11.344537815126051
E00161505,119,26,9,17,93,81,12,21.84873949579832,7.563025210084033,14.285714285714285,78.15126050420169,68.0672268907563,10.084033613445378
E00161506,128,41,20,21,87,72,15,32.03125,15.625,16.40625,67.96875,56.25,11.71875
E00161507,56,21,8,13,35,29,6,37.5,14.285714285714285,23.214285714285715,62.5,51.78571428571429,10.714285714285714
E00161508,145,52,15,37,93,85,8,35.86206896551724,10.344827586206897,25.517241379310345,64.13793103448275,58.620689655172406,5.517241379310345
E00161509,128,39,8,31,89,76,13,30.46875,6.25,24.21875,69.53125,59.375,10.15625
E00161510,192,49,18,31,143,123,20,25.520833333333332,9.375,16.145833333333336,74.47916666666666,64.0625,10.416666666666668
E00161511,139,28,9,19,111,88,23,20.14388489208633,6.474820143884892,13.66906474820144,79.85611510791367,63.30935251798561,16.546762589928058
E00161512,154,53,16,37,101,85,16,34.41558441558442,10.38961038961039,24.025974025974026,65.5844155844156,55.1948051948052,10.38961038961039
E00161513,190,55,23,32,135,118,17,28.947368421052634,12.105263157894736,16.842105263157894,71.05263157894737,62.10526315789474,8.947368421052632
E00161514,180,43,14,29,137,116,21,23.88888888888889,7.777777777777778,16.11111111111111,76.11111111111111,64.44444444444444,11.666666666666666
E00161515,187,65,20,45,122,101,21,34.75935828877005,10.695187165775401,24.06417112299465,65.24064171122996,54.01069518716578,11.229946524064172
E00161516,149,47,25,22,102,93,9,31.543624161073826,16.778523489932887,14.76510067114094,68.45637583892618,62.41610738255034,6.0402684563758395
E00161517,188,39,13,26,149,134,15,20.74468085106383,6.914893617021277,13.829787234042554,79.25531914893617,71.27659574468085,7.9787234042553195
E00161518,139,49,20,29,90,78,12,35.25179856115108,14.388489208633093,20.863309352517987,64.74820143884892,56.11510791366906,8.633093525179856
E00161519,73,20,8,12,53,47,6,27.397260273972602,10.95890410958904,16.43835616438356,72.6027397260274,64.38356164383562,8.21917808219178
E00161520,88,33,10,23,55,45,10,37.5,11.363636363636363,26.136363636363637,62.5,51.13636363636363,11.363636363636363
E00161521,219,56,19,37,163,132,31,25.570776255707763,8.67579908675799,16.894977168949772,74.42922374429224,60.273972602739725,14.15525114155251
E00161522,231,71,18,53,160,122,38,30.735930735930733,7.792207792207792,22.943722943722943,69.26406926406926,52.81385281385281,16.450216450216452
E00161523,175,64,24,40,111,84,27,36.57142857142857,13.714285714285715,22.857142857142858,63.42857142857142,48,15.428571428571427
E00161524,179,62,24,38,117,86,31,34.63687150837989,13.40782122905028,21.22905027932961,65.36312849162012,48.04469273743017,17.318435754189945
E00161525,165,61,23,38,104,83,21,36.96969696969697,13.939393939393941,23.03030303030303,63.030303030303024,50.303030303030305,12.727272727272727
E00161526,164,54,27,27,110,74,36,32.926829268292686,16.463414634146343,16.463414634146343,67.07317073170732,45.1219512195122,21.951219512195124
E00161527,129,51,26,25,78,60,18,39.53488372093023,20.155038759689923,19.379844961240313,60.46511627906976,46.51162790697674,13.953488372093023
E00161528,141,47,27,20,94,79,15,33.33333333333333,19.148936170212767,14.184397163120568,66.66666666666666,56.02836879432624,10.638297872340425
E00161529,189,70,37,33,119,86,33,37.03703703703704,19.576719576719576,17.46031746031746,62.96296296296296,45.5026455026455,17.46031746031746
E00161532,150,65,38,27,85,54,31,43.333333333333336,25.333333333333336,18,56.666666666666664,36,20.666666666666668
E00161534,179,60,23,37,119,94,25,33.5195530726257,12.849162011173185,20.670391061452513,66.4804469273743,52.513966480446925,13.966480446927374
E00161535,169,59,23,36,110,89,21,34.9112426035503,13.609467455621301,21.301775147928996,65.08875739644971,52.662721893491124,12.42603550295858
E00161536,191,65,30,35,126,97,29,34.031413612565444,15.706806282722512,18.32460732984293,65.96858638743456,50.78534031413613,15.18324607329843
E00161537,185,58,28,30,127,97,30,31.351351351351354,15.135135135135137,16.216216216216218,68.64864864864865,52.43243243243243,16.216216216216218
E00161539,175,59,24,35,116,96,20,33.714285714285715,13.714285714285715,20,66.28571428571428,54.85714285714286,11.428571428571429
E00161540,217,72,26,46,145,119,26,33.17972350230415,11.981566820276496,21.19815668202765,66.82027649769586,54.83870967741935,11.981566820276496
E00161542,174,59,25,34,115,99,16,33.90804597701149,14.367816091954023,19.54022988505747,66.0919540229885,56.896551724137936,9.195402298850574
E00161543,254,78,25,53,176,144,32,30.708661417322837,9.84251968503937,20.866141732283463,69.29133858267717,56.69291338582677,12.598425196850393
E00161544,167,52,16,36,115,89,26,31.137724550898206,9.580838323353294,21.55688622754491,68.8622754491018,53.293413173652695,15.568862275449103
E00161545,119,41,17,24,78,64,14,34.45378151260504,14.285714285714285,20.168067226890756,65.54621848739495,53.78151260504202,11.76470588235294
E00161546,143,54,21,33,89,75,14,37.76223776223776,14.685314685314685,23.076923076923077,62.23776223776224,52.44755244755245,9.79020979020979
E00161547,198,64,19,45,134,117,17,32.323232323232325,9.595959595959595,22.727272727272727,67.67676767676768,59.09090909090909,8.585858585858585
E00161548,103,23,5,18,80,72,8,22.330097087378643,4.854368932038835,17.475728155339805,77.66990291262135,69.90291262135922,7.766990291262135
E00161550,188,65,31,34,123,106,17,34.57446808510639,16.48936170212766,18.085106382978726,65.42553191489363,56.38297872340425,9.042553191489363
E00161551,157,62,29,33,95,75,20,39.490445859872615,18.471337579617835,21.019108280254777,60.509554140127385,47.77070063694268,12.738853503184714
E00161553,255,98,47,51,157,125,32,38.43137254901961,18.43137254901961,20,61.568627450980394,49.01960784313725,12.549019607843137
E00161554,186,78,45,33,108,94,14,41.935483870967744,24.193548387096776,17.741935483870968,58.06451612903226,50.53763440860215,7.526881720430108
E00161555,201,69,27,42,132,111,21,34.32835820895522,13.432835820895523,20.8955223880597,65.67164179104478,55.223880597014926,10.44776119402985
E00161556,160,53,23,30,107,87,20,33.125,14.374999999999998,18.75,66.875,54.37499999999999,12.5
E00161557,168,49,16,33,119,99,20,29.166666666666668,9.523809523809524,19.642857142857142,70.83333333333334,58.92857142857143,11.904761904761903
E00161558,168,50,15,35,118,98,20,29.761904761904763,8.928571428571429,20.833333333333336,70.23809523809523,58.333333333333336,11.904761904761903
E00161559,194,48,18,30,146,130,16,24.742268041237114,9.278350515463918,15.463917525773196,75.25773195876289,67.0103092783505,8.24742268041237
E00161560,176,60,19,41,116,99,17,34.090909090909086,10.795454545454545,23.295454545454543,65.9090909090909,56.25,9.659090909090908
E00161561,144,33,16,17,111,93,18,22.916666666666664,11.11111111111111,11.805555555555555,77.08333333333334,64.58333333333334,12.5
E00161562,178,67,32,35,111,98,13,37.640449438202246,17.97752808988764,19.662921348314608,62.35955056179775,55.0561797752809,7.303370786516854
E00161563,225,80,30,50,145,116,29,35.55555555555556,13.333333333333334,22.22222222222222,64.44444444444444,51.55555555555556,12.88888888888889
E00161564,205,55,22,33,150,128,22,26.82926829268293,10.731707317073171,16.097560975609756,73.17073170731707,62.4390243902439,10.731707317073171
E00161565,299,75,31,44,224,189,35,25.08361204013378,10.367892976588628,14.715719063545151,74.91638795986621,63.21070234113713,11.705685618729097
E00161566,156,63,27,36,93,61,32,40.38461538461539,17.307692307692307,23.076923076923077,59.61538461538461,39.1025641025641,20.51282051282051
E00161567,154,64,25,39,90,74,16,41.55844155844156,16.233766233766232,25.324675324675322,58.44155844155844,48.05194805194805,10.38961038961039
E00161568,114,48,16,32,66,58,8,42.10526315789473,14.035087719298245,28.07017543859649,57.89473684210527,50.877192982456144,7.017543859649122
E00161569,117,54,24,30,63,49,14,46.15384615384615,20.51282051282051,25.64102564102564,53.84615384615385,41.88034188034188,11.965811965811966
E00161570,151,52,20,32,99,80,19,34.437086092715234,13.245033112582782,21.192052980132452,65.56291390728477,52.980132450331126,12.582781456953644
E00161571,127,57,19,38,70,66,4,44.881889763779526,14.960629921259844,29.92125984251969,55.118110236220474,51.96850393700787,3.149606299212598
E00161572,59,16,8,8,43,38,5,27.11864406779661,13.559322033898304,13.559322033898304,72.88135593220339,64.40677966101694,8.47457627118644
E00161573,128,67,34,33,61,49,12,52.34375,26.5625,25.78125,47.65625,38.28125,9.375
E00161574,110,43,21,22,67,57,10,39.09090909090909,19.090909090909093,20,60.909090909090914,51.81818181818182,9.090909090909092
E00161575,108,40,20,20,68,62,6,37.03703703703704,18.51851851851852,18.51851851851852,62.96296296296296,57.407407407407405,5.555555555555555
E00161576,215,75,30,45,140,104,36,34.883720930232556,13.953488372093023,20.930232558139537,65.11627906976744,48.372093023255815,16.74418604651163
E00161577,102,33,9,24,69,53,16,32.35294117647059,8.823529411764707,23.52941176470588,67.64705882352942,51.9607843137255,15.686274509803921
E00161578,115,47,17,30,68,63,5,40.869565217391305,14.782608695652174,26.08695652173913,59.130434782608695,54.78260869565217,4.3478260869565215
E00161579,106,33,13,20,73,59,14,31.132075471698112,12.264150943396226,18.867924528301888,68.86792452830188,55.660377358490564,13.20754716981132
E00161580,165,64,23,41,101,85,16,38.78787878787879,13.939393939393941,24.848484848484848,61.212121212121204,51.515151515151516,9.696969696969697
E00161581,170,64,20,44,106,78,28,37.64705882352941,11.76470588235294,25.882352941176475,62.35294117647059,45.88235294117647,16.470588235294116
E00161582,146,59,22,37,87,64,23,40.41095890410959,15.068493150684931,25.34246575342466,59.589041095890416,43.83561643835616,15.753424657534246
E00161583,109,46,25,21,63,55,8,42.201834862385326,22.93577981651376,19.26605504587156,57.798165137614674,50.45871559633027,7.339449541284404
E00161584,142,55,22,33,87,75,12,38.732394366197184,15.492957746478872,23.239436619718308,61.267605633802816,52.816901408450704,8.450704225352112
E00161585,134,65,26,39,69,54,15,48.507462686567166,19.402985074626866,29.1044776119403,51.49253731343284,40.298507462686565,11.194029850746269
E00161586,112,41,13,28,71,57,14,36.607142857142854,11.607142857142858,25,63.39285714285714,50.89285714285714,12.5
E00161587,100,29,15,14,71,61,10,28.999999999999996,15,14.000000000000002,71,61,10
E00161588,164,43,18,25,121,109,12,26.21951219512195,10.975609756097562,15.24390243902439,73.78048780487805,66.46341463414635,7.317073170731707
E00161589,181,55,16,39,126,108,18,30.386740331491712,8.83977900552486,21.54696132596685,69.61325966850829,59.66850828729282,9.94475138121547
E00161590,198,61,19,42,137,120,17,30.808080808080806,9.595959595959595,21.21212121212121,69.1919191919192,60.60606060606061,8.585858585858585
E00161591,134,44,20,24,90,78,12,32.83582089552239,14.925373134328357,17.91044776119403,67.16417910447761,58.2089552238806,8.955223880597014
E00161592,133,35,12,23,98,81,17,26.31578947368421,9.022556390977442,17.293233082706767,73.68421052631578,60.902255639097746,12.781954887218044
E00161593,111,43,14,29,68,58,10,38.73873873873874,12.612612612612612,26.126126126126124,61.261261261261254,52.25225225225225,9.00900900900901
E00161594,136,52,22,30,84,57,27,38.23529411764706,16.176470588235293,22.058823529411764,61.76470588235294,41.911764705882355,19.852941176470587
E00161595,128,51,18,33,77,58,19,39.84375,14.0625,25.78125,60.15625,45.3125,14.84375
E00161596,120,26,8,18,94,77,17,21.666666666666668,6.666666666666667,15,78.33333333333333,64.16666666666667,14.166666666666666
E00161597,131,51,20,31,80,56,24,38.93129770992366,15.267175572519085,23.66412213740458,61.06870229007634,42.74809160305343,18.3206106870229
E00161598,136,44,16,28,92,79,13,32.35294117647059,11.76470588235294,20.588235294117645,67.64705882352942,58.08823529411765,9.558823529411764
E00161600,161,59,18,41,102,84,18,36.64596273291926,11.180124223602485,25.465838509316768,63.35403726708074,52.17391304347826,11.180124223602485
E00161601,167,56,28,28,111,86,25,33.532934131736525,16.766467065868262,16.766467065868262,66.46706586826348,51.49700598802395,14.97005988023952
E00161602,86,19,10,9,67,46,21,22.093023255813954,11.627906976744185,10.465116279069768,77.90697674418605,53.48837209302325,24.418604651162788
E00161603,156,53,24,29,103,91,12,33.97435897435898,15.384615384615385,18.58974358974359,66.02564102564102,58.333333333333336,7.6923076923076925
E00161604,113,51,16,35,62,56,6,45.13274336283185,14.15929203539823,30.973451327433626,54.86725663716814,49.557522123893804,5.3097345132743365
E00161605,202,70,32,38,132,108,24,34.65346534653465,15.841584158415841,18.81188118811881,65.34653465346535,53.46534653465347,11.881188118811881
E00161606,137,49,23,26,88,77,11,35.76642335766424,16.78832116788321,18.97810218978102,64.23357664233576,56.20437956204379,8.02919708029197
E00167707,169,54,22,32,115,97,18,31.952662721893493,13.017751479289942,18.93491124260355,68.04733727810651,57.396449704142015,10.650887573964498
E00167708,196,49,18,31,147,127,20,25,9.183673469387756,15.816326530612246,75,64.79591836734694,10.204081632653061
E00167711,120,38,13,25,82,77,5,31.666666666666664,10.833333333333334,20.833333333333336,68.33333333333333,64.16666666666667,4.166666666666666
E00167713,116,36,11,25,80,61,19,31.03448275862069,9.482758620689655,21.551724137931032,68.96551724137932,52.58620689655172,16.379310344827587
E00167714,182,44,17,27,138,119,19,24.175824175824175,9.340659340659341,14.835164835164836,75.82417582417582,65.38461538461539,10.43956043956044
E00167715,69,13,4,9,56,50,6,18.84057971014493,5.797101449275362,13.043478260869565,81.15942028985508,72.46376811594203,8.695652173913043
E00167716,105,25,8,17,80,63,17,23.809523809523807,7.6190476190476195,16.19047619047619,76.19047619047619,60,16.19047619047619
E00167717,150,58,22,36,92,73,19,38.666666666666664,14.666666666666666,24,61.33333333333333,48.66666666666667,12.666666666666668
E00167718,98,27,5,22,71,65,6,27.55102040816326,5.1020408163265305,22.448979591836736,72.44897959183673,66.3265306122449,6.122448979591836
E00167719,183,65,28,37,118,95,23,35.51912568306011,15.300546448087433,20.21857923497268,64.48087431693989,51.91256830601093,12.568306010928962
E00167720,101,27,11,16,74,67,7,26.732673267326735,10.891089108910892,15.841584158415841,73.26732673267327,66.33663366336634,6.9306930693069315
E00167721,135,37,12,25,98,82,16,27.40740740740741,8.88888888888889,18.51851851851852,72.5925925925926,60.74074074074074,11.851851851851853
E00167722,143,52,19,33,91,73,18,36.36363636363637,13.286713286713287,23.076923076923077,63.63636363636363,51.048951048951054,12.587412587412588
E00167723,118,34,12,22,84,67,17,28.8135593220339,10.16949152542373,18.64406779661017,71.1864406779661,56.779661016949156,14.40677966101695
E00167724,112,32,16,16,80,69,11,28.57142857142857,14.285714285714285,14.285714285714285,71.42857142857143,61.60714285714286,9.821428571428571
E00167726,148,58,27,31,90,76,14,39.189189189189186,18.243243243243242,20.945945945945947,60.810810810810814,51.35135135135135,9.45945945945946
E00167727,105,26,6,20,79,67,12,24.761904761904763,5.714285714285714,19.047619047619047,75.23809523809524,63.8095238095238,11.428571428571429
E00188555,252,82,33,49,170,145,25,32.53968253968254,13.095238095238097,19.444444444444446,67.46031746031747,57.53968253968254,9.920634920634921
E00188556,233,86,33,53,147,94,53,36.9098712446352,14.163090128755366,22.746781115879827,63.0901287553648,40.343347639484975,22.746781115879827
E00188563,162,48,16,32,114,98,16,29.629629629629626,9.876543209876543,19.753086419753085,70.37037037037037,60.49382716049383,9.876543209876543
E00188567,117,31,11,20,86,72,14,26.495726495726498,9.401709401709402,17.094017094017094,73.50427350427351,61.53846153846154,11.965811965811966
E00188568,86,24,10,14,62,49,13,27.906976744186046,11.627906976744185,16.27906976744186,72.09302325581395,56.97674418604651,15.11627906976744
E00188569,174,47,17,30,127,108,19,27.011494252873565,9.770114942528735,17.24137931034483,72.98850574712644,62.06896551724138,10.919540229885058
E00188571,134,42,27,15,92,66,26,31.343283582089555,20.149253731343283,11.194029850746269,68.65671641791045,49.25373134328358,19.402985074626866
E00188572,135,51,12,39,84,66,18,37.77777777777778,8.88888888888889,28.888888888888886,62.22222222222222,48.888888888888886,13.333333333333334
E00188574,144,40,22,18,104,82,22,27.77777777777778,15.277777777777779,12.5,72.22222222222221,56.94444444444444,15.277777777777779
E00188575,135,33,11,22,102,88,14,24.444444444444443,8.148148148148149,16.296296296296298,75.55555555555556,65.18518518518519,10.37037037037037
E00188577,171,75,34,41,96,69,27,43.859649122807014,19.883040935672515,23.976608187134502,56.14035087719298,40.35087719298245,15.789473684210526
E00188582,164,63,20,43,101,84,17,38.41463414634146,12.195121951219512,26.21951219512195,61.58536585365854,51.21951219512195,10.365853658536585
E00188585,207,48,24,24,159,125,34,23.18840579710145,11.594202898550725,11.594202898550725,76.81159420289855,60.38647342995169,16.425120772946862
E00188587,161,33,18,15,128,111,17,20.496894409937887,11.180124223602485,9.316770186335404,79.5031055900621,68.94409937888199,10.559006211180124
E00188588,198,58,24,34,140,113,27,29.292929292929294,12.121212121212121,17.17171717171717,70.70707070707071,57.07070707070707,13.636363636363635
E00188593,201,37,13,24,164,139,25,18.407960199004975,6.467661691542288,11.940298507462686,81.59203980099502,69.15422885572139,12.437810945273633
E00188595,145,38,12,26,107,93,14,26.20689655172414,8.275862068965518,17.93103448275862,73.79310344827587,64.13793103448275,9.655172413793103
E00188597,26,13,7,6,13,10,3,50,26.923076923076923,23.076923076923077,50,38.46153846153847,11.538461538461538
E00188603,159,50,21,29,109,88,21,31.446540880503143,13.20754716981132,18.238993710691823,68.55345911949685,55.34591194968554,13.20754716981132
E00188606,172,44,17,27,128,107,21,25.581395348837212,9.883720930232558,15.69767441860465,74.4186046511628,62.2093023255814,12.209302325581394
E00188607,204,41,14,27,163,140,23,20.098039215686274,6.862745098039216,13.23529411764706,79.90196078431373,68.62745098039215,11.27450980392157
E00188611,156,40,9,31,116,92,24,25.64102564102564,5.769230769230769,19.871794871794872,74.35897435897436,58.97435897435898,15.384615384615385
E00188612,152,45,17,28,107,88,19,29.605263157894733,11.18421052631579,18.421052631578945,70.39473684210526,57.89473684210527,12.5
E00188617,149,64,32,32,85,67,18,42.95302013422819,21.476510067114095,21.476510067114095,57.04697986577181,44.966442953020135,12.080536912751679
E00188618,182,42,11,31,140,115,25,23.076923076923077,6.043956043956044,17.032967032967033,76.92307692307693,63.18681318681318,13.736263736263737
E00188620,111,26,10,16,85,73,12,23.423423423423422,9.00900900900901,14.414414414414415,76.57657657657657,65.76576576576578,10.81081081081081
E00188622,43,10,4,6,33,26,7,23.25581395348837,9.30232558139535,13.953488372093023,76.74418604651163,60.46511627906976,16.27906976744186
E00188623,182,38,13,25,144,126,18,20.87912087912088,7.142857142857142,13.736263736263737,79.12087912087912,69.23076923076923,9.89010989010989
E00188625,123,15,6,9,108,98,10,12.195121951219512,4.878048780487805,7.317073170731707,87.8048780487805,79.67479674796748,8.130081300813007
E00188629,188,54,16,38,134,107,27,28.723404255319153,8.51063829787234,20.212765957446805,71.27659574468085,56.91489361702128,14.361702127659576
E00188630,229,58,18,40,171,142,29,25.327510917030565,7.860262008733625,17.46724890829694,74.67248908296943,62.00873362445415,12.663755458515283
E00188631,124,30,14,16,94,60,34,24.193548387096776,11.29032258064516,12.903225806451612,75.80645161290323,48.38709677419355,27.419354838709676
E00188633,204,64,25,39,140,123,17,31.372549019607842,12.254901960784313,19.11764705882353,68.62745098039215,60.29411764705882,8.333333333333332
E00188638,148,30,10,20,118,98,20,20.27027027027027,6.756756756756757,13.513513513513514,79.72972972972973,66.21621621621621,13.513513513513514
E00188639,263,68,20,48,195,168,27,25.85551330798479,7.604562737642586,18.250950570342205,74.1444866920152,63.87832699619772,10.26615969581749
E00188640,75,15,4,11,60,45,15,20,5.333333333333334,14.666666666666666,80,60,20
E00188641,178,50,16,34,128,89,39,28.08988764044944,8.98876404494382,19.101123595505616,71.91011235955057,50,21.910112359550563
E00188643,162,52,18,34,110,91,19,32.098765432098766,11.11111111111111,20.98765432098765,67.90123456790124,56.17283950617284,11.728395061728394
E00188648,184,55,19,36,129,96,33,29.891304347826086,10.326086956521738,19.565217391304348,70.1086956521739,52.17391304347826,17.934782608695652
E00188651,178,47,18,29,131,112,19,26.40449438202247,10.112359550561797,16.292134831460675,73.59550561797754,62.92134831460674,10.674157303370785
E00188655,129,46,17,29,83,73,10,35.65891472868217,13.178294573643413,22.48062015503876,64.34108527131784,56.58914728682171,7.751937984496124
E00188656,133,44,20,24,89,73,16,33.08270676691729,15.037593984962406,18.045112781954884,66.9172932330827,54.88721804511278,12.030075187969924
E00188658,163,45,15,30,118,103,15,27.607361963190186,9.202453987730062,18.404907975460123,72.39263803680981,63.190184049079754,9.202453987730062
E00188661,150,58,23,35,92,75,17,38.666666666666664,15.333333333333332,23.333333333333332,61.33333333333333,50,11.333333333333332
E00188662,172,56,16,40,116,96,20,32.55813953488372,9.30232558139535,23.25581395348837,67.44186046511628,55.81395348837209,11.627906976744185
E00188668,200,52,26,26,148,128,20,26,13,13,74,64,10
E00188670,199,37,14,23,162,135,27,18.592964824120603,7.035175879396985,11.557788944723619,81.4070351758794,67.8391959798995,13.5678391959799
E00188671,181,59,24,35,122,103,19,32.59668508287293,13.259668508287293,19.337016574585636,67.40331491712708,56.9060773480663,10.497237569060774
E00188674,207,55,23,32,152,129,23,26.570048309178745,11.11111111111111,15.458937198067632,73.42995169082126,62.31884057971014,11.11111111111111
E00188675,165,29,14,15,136,120,16,17.575757575757574,8.484848484848486,9.090909090909092,82.42424242424242,72.72727272727273,9.696969696969697
E00188678,175,39,18,21,136,104,32,22.285714285714285,10.285714285714285,12,77.71428571428571,59.42857142857143,18.285714285714285
E00188679,233,61,24,37,172,143,29,26.180257510729614,10.300429184549357,15.879828326180256,73.8197424892704,61.37339055793991,12.446351931330472
E00188680,184,74,38,36,110,70,40,40.21739130434783,20.652173913043477,19.565217391304348,59.78260869565217,38.04347826086957,21.73913043478261
E00188685,92,35,12,23,57,48,9,38.04347826086957,13.043478260869565,25,61.95652173913043,52.17391304347826,9.782608695652174
E00188686,183,51,24,27,132,112,20,27.86885245901639,13.114754098360656,14.754098360655737,72.1311475409836,61.20218579234973,10.92896174863388
E00188687,193,52,17,35,141,118,23,26.94300518134715,8.808290155440414,18.134715025906736,73.05699481865285,61.13989637305699,11.917098445595855
E00188693,85,26,6,20,59,38,21,30.58823529411765,7.0588235294117645,23.52941176470588,69.41176470588235,44.70588235294118,24.705882352941178
E00188694,180,42,19,23,138,121,17,23.333333333333332,10.555555555555555,12.777777777777777,76.66666666666667,67.22222222222223,9.444444444444445
E00188695,169,50,27,23,119,108,11,29.585798816568047,15.976331360946746,13.609467455621301,70.41420118343196,63.905325443786985,6.508875739644971
E00188699,223,42,16,26,181,159,22,18.83408071748879,7.174887892376682,11.659192825112108,81.16591928251121,71.30044843049326,9.865470852017937
E00188702,107,27,8,19,80,73,7,25.233644859813083,7.476635514018691,17.75700934579439,74.76635514018692,68.22429906542055,6.5420560747663545
E00188705,184,28,6,22,156,133,23,15.217391304347828,3.260869565217391,11.956521739130435,84.78260869565217,72.28260869565217,12.5
E00188709,161,40,14,26,121,100,21,24.84472049689441,8.695652173913043,16.149068322981368,75.15527950310559,62.11180124223602,13.043478260869565
E00188711,191,50,18,32,141,118,23,26.17801047120419,9.424083769633508,16.75392670157068,73.82198952879581,61.78010471204188,12.041884816753926
E00188718,125,34,10,24,91,81,10,27.200000000000003,8,19.2,72.8,64.8,8
E00188721,163,41,11,30,122,100,22,25.153374233128833,6.748466257668712,18.404907975460123,74.84662576687117,61.34969325153374,13.496932515337424
E00188722,117,37,10,27,80,68,12,31.62393162393162,8.547008547008547,23.076923076923077,68.37606837606837,58.119658119658126,10.256410256410255
E00188724,245,72,24,48,173,139,34,29.38775510204082,9.795918367346939,19.591836734693878,70.61224489795919,56.734693877551024,13.877551020408163
E00188729,166,41,18,23,125,107,18,24.69879518072289,10.843373493975903,13.855421686746988,75.30120481927712,64.45783132530121,10.843373493975903
E00188730,143,27,8,19,116,61,55,18.88111888111888,5.594405594405594,13.286713286713287,81.11888111888112,42.65734265734265,38.46153846153847
E00188732,179,41,25,16,138,126,12,22.905027932960895,13.966480446927374,8.938547486033519,77.09497206703911,70.39106145251397,6.70391061452514
E00188735,160,45,25,20,115,81,34,28.125,15.625,12.5,71.875,50.625,21.25
E00188736,193,34,15,19,159,138,21,17.616580310880828,7.772020725388601,9.844559585492227,82.38341968911918,71.50259067357513,10.880829015544041
E00188740,129,47,26,21,82,59,23,36.434108527131784,20.155038759689923,16.27906976744186,63.565891472868216,45.73643410852713,17.829457364341085
E00188742,190,52,15,37,138,102,36,27.368421052631582,7.894736842105263,19.473684210526315,72.63157894736842,53.68421052631579,18.947368421052634
E00188745,169,54,22,32,115,94,21,31.952662721893493,13.017751479289942,18.93491124260355,68.04733727810651,55.62130177514793,12.42603550295858
E00188746,207,60,23,37,147,127,20,28.985507246376812,11.11111111111111,17.874396135265698,71.01449275362319,61.35265700483091,9.66183574879227
E00188749,186,44,12,32,142,118,24,23.655913978494624,6.451612903225806,17.20430107526882,76.34408602150538,63.44086021505376,12.903225806451612
