OA,ts0380001,ts0380002,ts0380003,ts0380004,ts0380005,ts0380006,ts0380007,ts0380002_PCT,ts0380003_PCT,ts0380004_PCT,ts0380005_PCT,ts0380006_PCT,ts0380007_PCT
E00062043,396,93,43,50,303,31,272,23.484848484848484,10.85858585858586,12.626262626262626,76.51515151515152,7.828282828282829,68.68686868686868
E00062044,243,57,28,29,186,12,174,23.456790123456788,11.522633744855968,11.934156378600823,76.5432098765432,4.938271604938271,71.60493827160494
E00062045,255,56,24,32,199,23,176,21.96078431372549,9.411764705882353,12.549019607843137,78.03921568627452,9.019607843137255,69.01960784313725
E00062046,160,46,26,20,114,15,99,28.749999999999996,16.25,12.5,71.25,9.375,61.875
E00062047,305,102,56,46,203,15,188,33.442622950819676,18.360655737704917,15.081967213114755,66.55737704918033,4.918032786885246,61.63934426229508
E00062048,177,57,28,29,120,16,104,32.20338983050847,15.819209039548024,16.38418079096045,67.79661016949152,9.03954802259887,58.75706214689266
E00062049,269,36,13,23,233,20,213,13.382899628252787,4.83271375464684,8.550185873605948,86.61710037174721,7.434944237918216,79.182156133829
E00062050,265,102,66,36,163,11,152,38.49056603773585,24.90566037735849,13.584905660377359,61.50943396226415,4.150943396226415,57.35849056603774
E00062051,285,39,21,18,246,27,219,13.684210526315791,7.368421052631578,6.315789473684211,86.31578947368422,9.473684210526317,76.84210526315789
E00062052,369,137,94,43,232,18,214,37.12737127371274,25.474254742547426,11.653116531165312,62.87262872628726,4.878048780487805,57.994579945799465
E00062053,216,37,13,24,179,15,164,17.12962962962963,6.018518518518518,11.11111111111111,82.87037037037037,6.944444444444445,75.92592592592592
E00062054,222,58,22,36,164,18,146,26.126126126126124,9.90990990990991,16.216216216216218,73.87387387387388,8.108108108108109,65.76576576576578
E00062055,211,51,23,28,160,5,155,24.170616113744074,10.90047393364929,13.270142180094787,75.82938388625593,2.3696682464454977,73.45971563981043
E00062056,194,81,46,35,113,15,98,41.75257731958763,23.711340206185564,18.04123711340206,58.24742268041238,7.731958762886598,50.51546391752577
E00062057,218,49,18,31,169,13,156,22.477064220183486,8.256880733944955,14.220183486238533,77.52293577981652,5.963302752293578,71.55963302752293
E00062058,281,94,43,51,187,21,166,33.45195729537366,15.302491103202847,18.14946619217082,66.54804270462633,7.473309608540925,59.07473309608541
E00062059,149,68,42,26,81,9,72,45.63758389261745,28.187919463087248,17.449664429530202,54.36241610738255,6.0402684563758395,48.322147651006716
E00062060,549,104,45,59,445,37,408,18.94353369763206,8.19672131147541,10.746812386156648,81.05646630236795,6.739526411657559,74.31693989071039
E00062061,307,86,35,51,221,20,201,28.013029315960914,11.400651465798045,16.612377850162865,71.9869706840391,6.514657980456026,65.47231270358306
E00062062,286,54,23,31,232,16,216,18.88111888111888,8.041958041958042,10.839160839160838,81.11888111888112,5.594405594405594,75.52447552447552
E00062064,253,45,21,24,208,18,190,17.786561264822133,8.300395256916996,9.486166007905137,82.21343873517787,7.114624505928854,75.09881422924902
E00062065,294,64,24,40,230,14,216,21.768707482993197,8.16326530612245,13.60544217687075,78.2312925170068,4.761904761904762,73.46938775510205
E00062066,220,74,33,41,146,17,129,33.63636363636363,15,18.636363636363637,66.36363636363637,7.727272727272727,58.63636363636363
E00062067,252,74,36,38,178,9,169,29.365079365079367,14.285714285714285,15.079365079365079,70.63492063492063,3.571428571428571,67.06349206349206
E00062068,264,81,34,47,183,9,174,30.681818181818183,12.878787878787879,17.803030303030305,69.31818181818183,3.4090909090909087,65.9090909090909
E00062069,305,71,39,32,234,21,213,23.278688524590162,12.786885245901638,10.491803278688524,76.72131147540983,6.885245901639345,69.83606557377048
E00062070,316,72,33,39,244,21,223,22.78481012658228,10.443037974683545,12.341772151898734,77.21518987341773,6.6455696202531636,70.56962025316456
E00062071,246,56,24,32,190,20,170,22.76422764227642,9.75609756097561,13.008130081300814,77.23577235772358,8.130081300813007,69.10569105691057
E00062072,451,72,29,43,379,18,361,15.96452328159645,6.430155210643015,9.534368070953436,84.03547671840354,3.9911308203991127,80.04434589800444
E00062073,330,35,15,20,295,33,262,10.606060606060606,4.545454545454546,6.0606060606060606,89.39393939393939,10,79.39393939393939
E00062074,463,91,42,49,372,35,337,19.654427645788335,9.071274298056156,10.583153347732182,80.34557235421165,7.559395248380129,72.78617710583153
E00062075,269,63,20,43,206,23,183,23.42007434944238,7.434944237918216,15.985130111524162,76.57992565055763,8.550185873605948,68.02973977695167
E00062076,494,85,31,54,409,32,377,17.20647773279352,6.275303643724696,10.931174089068826,82.79352226720647,6.477732793522267,76.31578947368422
E00062077,367,83,43,40,284,20,264,22.615803814713896,11.716621253405995,10.899182561307901,77.3841961852861,5.449591280653951,71.93460490463215
E00062078,267,78,39,39,189,17,172,29.213483146067414,14.606741573033707,14.606741573033707,70.78651685393258,6.367041198501873,64.41947565543072
E00062079,292,63,32,31,229,21,208,21.575342465753426,10.95890410958904,10.616438356164384,78.42465753424658,7.191780821917808,71.23287671232876
E00062080,265,53,20,33,212,25,187,20,7.547169811320755,12.452830188679245,80,9.433962264150944,70.56603773584905
E00062081,381,63,23,40,318,29,289,16.535433070866144,6.036745406824147,10.498687664041995,83.46456692913385,7.611548556430446,75.8530183727034
E00062082,287,40,19,21,247,19,228,13.937282229965156,6.620209059233449,7.317073170731707,86.06271777003485,6.620209059233449,79.44250871080139
E00062083,302,79,40,39,223,22,201,26.158940397350992,13.245033112582782,12.91390728476821,73.84105960264901,7.28476821192053,66.55629139072848
E00062084,261,72,35,37,189,16,173,27.586206896551722,13.409961685823754,14.17624521072797,72.41379310344827,6.130268199233716,66.28352490421456
E00062085,282,52,15,37,230,26,204,18.439716312056735,5.319148936170213,13.120567375886525,81.56028368794325,9.219858156028367,72.3404255319149
E00062086,272,47,12,35,225,31,194,17.27941176470588,4.411764705882353,12.867647058823529,82.72058823529412,11.397058823529411,71.32352941176471
E00062087,337,47,17,30,290,32,258,13.94658753709199,5.044510385756676,8.902077151335313,86.05341246290801,9.495548961424333,76.55786350148368
E00062088,251,64,29,35,187,15,172,25.49800796812749,11.553784860557768,13.94422310756972,74.5019920318725,5.9760956175298805,68.52589641434263
E00062089,267,63,32,31,204,15,189,23.595505617977526,11.985018726591761,11.610486891385769,76.40449438202246,5.617977528089887,70.78651685393258
E00062090,307,55,28,27,252,26,226,17.91530944625407,9.120521172638437,8.794788273615636,82.08469055374593,8.469055374592834,73.61563517915309
E00062091,287,72,38,34,215,21,194,25.087108013937282,13.240418118466899,11.846689895470384,74.91289198606272,7.317073170731707,67.59581881533101
E00062092,243,69,44,25,174,7,167,28.39506172839506,18.106995884773664,10.2880658436214,71.60493827160494,2.880658436213992,68.72427983539094
E00062093,263,52,27,25,211,18,193,19.771863117870723,10.26615969581749,9.505703422053232,80.22813688212928,6.844106463878327,73.38403041825094
E00062094,313,72,31,41,241,35,206,23.003194888178914,9.904153354632587,13.099041533546327,76.99680511182109,11.182108626198083,65.814696485623
E00062095,324,63,27,36,261,19,242,19.444444444444446,8.333333333333332,11.11111111111111,80.55555555555556,5.864197530864197,74.69135802469135
E00062096,339,103,52,51,236,16,220,30.383480825958703,15.339233038348082,15.04424778761062,69.6165191740413,4.71976401179941,64.89675516224189
E00062097,337,77,40,37,260,20,240,22.8486646884273,11.869436201780417,10.979228486646884,77.1513353115727,5.934718100890208,71.2166172106825
E00062098,132,67,33,34,65,5,60,50.75757575757576,25,25.757575757575758,49.24242424242424,3.787878787878788,45.45454545454545
E00062099,256,77,32,45,179,9,170,30.078125,12.5,17.578125,69.921875,3.515625,66.40625
E00062100,344,74,36,38,270,21,249,21.511627906976745,10.465116279069768,11.046511627906977,78.48837209302324,6.104651162790697,72.38372093023256
E00062101,229,66,34,32,163,17,146,28.82096069868996,14.847161572052403,13.973799126637553,71.17903930131004,7.423580786026202,63.75545851528385
E00062102,274,65,30,35,209,7,202,23.722627737226276,10.948905109489052,12.773722627737227,76.27737226277372,2.5547445255474455,73.72262773722628
E00062103,407,118,66,52,289,31,258,28.992628992628994,16.216216216216218,12.776412776412776,71.007371007371,7.616707616707617,63.39066339066339
E00062104,332,30,13,17,302,24,278,9.036144578313253,3.91566265060241,5.120481927710843,90.96385542168674,7.228915662650602,83.73493975903614
E00062105,317,63,20,43,254,21,233,19.873817034700316,6.309148264984227,13.564668769716087,80.12618296529969,6.624605678233439,73.50157728706624
E00062106,375,68,32,36,307,46,261,18.133333333333333,8.533333333333333,9.6,81.86666666666666,12.266666666666666,69.6
E00062107,341,53,25,28,288,28,260,15.542521994134898,7.331378299120235,8.211143695014663,84.4574780058651,8.211143695014663,76.24633431085044
E00062108,590,71,15,56,519,41,478,12.033898305084746,2.5423728813559325,9.491525423728813,87.96610169491525,6.9491525423728815,81.01694915254237
E00062109,299,37,9,28,262,41,221,12.37458193979933,3.0100334448160537,9.364548494983277,87.62541806020067,13.712374581939798,73.91304347826086
E00062110,291,36,8,28,255,29,226,12.371134020618557,2.7491408934707904,9.621993127147768,87.62886597938144,9.965635738831615,77.66323024054984
E00062111,416,37,10,27,379,39,340,8.89423076923077,2.403846153846154,6.490384615384616,91.10576923076923,9.375,81.73076923076923
E00062112,355,44,22,22,311,32,279,12.394366197183098,6.197183098591549,6.197183098591549,87.60563380281691,9.014084507042254,78.59154929577464
E00062113,355,46,13,33,309,38,271,12.957746478873238,3.6619718309859155,9.295774647887324,87.04225352112675,10.704225352112676,76.33802816901408
E00062114,209,53,20,33,156,23,133,25.358851674641148,9.569377990430622,15.789473684210526,74.64114832535886,11.004784688995215,63.63636363636363
E00062115,302,42,19,23,260,17,243,13.90728476821192,6.291390728476822,7.6158940397351,86.09271523178808,5.629139072847682,80.4635761589404
E00062116,244,51,20,31,193,17,176,20.901639344262296,8.19672131147541,12.704918032786885,79.09836065573771,6.967213114754098,72.1311475409836
E00062117,270,78,42,36,192,19,173,28.888888888888886,15.555555555555555,13.333333333333334,71.11111111111111,7.037037037037037,64.07407407407408
E00062119,269,44,12,32,225,20,205,16.356877323420075,4.4609665427509295,11.895910780669144,83.64312267657994,7.434944237918216,76.2081784386617
E00062120,244,51,18,33,193,13,180,20.901639344262296,7.377049180327869,13.524590163934427,79.09836065573771,5.327868852459016,73.77049180327869
E00062121,308,36,12,24,272,27,245,11.688311688311687,3.896103896103896,7.792207792207792,88.31168831168831,8.766233766233766,79.54545454545455
E00062122,308,64,25,39,244,24,220,20.77922077922078,8.116883116883116,12.662337662337661,79.22077922077922,7.792207792207792,71.42857142857143
E00062123,295,57,30,27,238,20,218,19.322033898305087,10.16949152542373,9.152542372881356,80.67796610169492,6.779661016949152,73.89830508474576
E00062124,302,48,19,29,254,22,232,15.894039735099339,6.291390728476822,9.602649006622517,84.10596026490066,7.28476821192053,76.82119205298014
E00062125,280,137,100,37,143,9,134,48.92857142857142,35.714285714285715,13.214285714285715,51.07142857142857,3.214285714285714,47.85714285714286
E00062126,260,45,19,26,215,18,197,17.307692307692307,7.307692307692308,10,82.6923076923077,6.923076923076923,75.76923076923077
E00062127,228,66,36,30,162,7,155,28.947368421052634,15.789473684210526,13.157894736842104,71.05263157894737,3.070175438596491,67.98245614035088
E00062128,294,46,13,33,248,21,227,15.646258503401361,4.421768707482993,11.224489795918368,84.35374149659864,7.142857142857142,77.21088435374149
E00062129,228,44,11,33,184,23,161,19.298245614035086,4.824561403508771,14.473684210526317,80.7017543859649,10.087719298245613,70.6140350877193
E00062131,277,67,28,39,210,15,195,24.187725631768952,10.108303249097473,14.079422382671481,75.81227436823104,5.415162454873646,70.3971119133574
E00062132,290,66,31,35,224,16,208,22.758620689655174,10.689655172413794,12.068965517241379,77.24137931034483,5.517241379310345,71.72413793103448
E00062133,425,41,16,25,384,38,346,9.647058823529411,3.7647058823529407,5.88235294117647,90.3529411764706,8.941176470588236,81.41176470588235
E00062134,409,53,20,33,356,29,327,12.95843520782396,4.88997555012225,8.06845965770171,87.04156479217605,7.090464547677261,79.95110024449878
E00062136,235,39,17,22,196,21,175,16.595744680851062,7.234042553191489,9.361702127659575,83.40425531914893,8.936170212765958,74.46808510638297
E00062138,279,53,16,37,226,23,203,18.996415770609318,5.734767025089606,13.261648745519713,81.00358422939068,8.24372759856631,72.75985663082437
E00062139,288,38,16,22,250,17,233,13.194444444444445,5.555555555555555,7.638888888888889,86.80555555555556,5.902777777777778,80.90277777777779
E00062140,296,48,19,29,248,27,221,16.216216216216218,6.418918918918918,9.797297297297296,83.78378378378379,9.121621621621621,74.66216216216216
E00062141,579,95,37,58,484,41,443,16.407599309153714,6.390328151986183,10.01727115716753,83.59240069084629,7.081174438687392,76.51122625215889
E00062142,477,88,29,59,389,27,362,18.448637316561843,6.079664570230608,12.368972746331238,81.55136268343816,5.660377358490567,75.8909853249476
E00062143,313,59,21,38,254,19,235,18.849840255591054,6.7092651757188495,12.140575079872203,81.15015974440894,6.070287539936102,75.07987220447284
E00062144,263,60,28,32,203,24,179,22.813688212927758,10.646387832699618,12.167300380228136,77.18631178707224,9.125475285171103,68.06083650190115
E00062145,283,53,21,32,230,20,210,18.727915194346288,7.420494699646643,11.307420494699647,81.2720848056537,7.06713780918728,74.20494699646643
E00062146,326,65,33,32,261,22,239,19.938650306748464,10.122699386503067,9.815950920245399,80.06134969325154,6.748466257668712,73.31288343558282
E00062147,349,58,30,28,291,35,256,16.6189111747851,8.595988538681947,8.022922636103152,83.3810888252149,10.028653295128938,73.35243553008596
E00062148,281,52,21,31,229,27,202,18.505338078291814,7.473309608540925,11.032028469750891,81.49466192170819,9.608540925266903,71.88612099644128
E00062149,234,38,22,16,196,21,175,16.23931623931624,9.401709401709402,6.837606837606838,83.76068376068376,8.974358974358974,74.78632478632478
E00062150,241,29,8,21,212,15,197,12.033195020746888,3.319502074688797,8.71369294605809,87.96680497925311,6.224066390041494,81.74273858921161
E00062151,308,29,9,20,279,20,259,9.415584415584416,2.922077922077922,6.493506493506493,90.5844155844156,6.493506493506493,84.0909090909091
E00062152,281,55,27,28,226,21,205,19.572953736654807,9.608540925266903,9.9644128113879,80.42704626334519,7.473309608540925,72.95373665480427
E00062153,244,43,19,24,201,18,183,17.62295081967213,7.786885245901639,9.836065573770492,82.37704918032787,7.377049180327869,75
E00062154,434,52,21,31,382,31,351,11.981566820276496,4.838709677419355,7.142857142857142,88.0184331797235,7.142857142857142,80.87557603686636
E00062155,293,44,20,24,249,21,228,15.017064846416384,6.825938566552901,8.19112627986348,84.98293515358361,7.167235494880546,77.81569965870307
E00062156,460,53,23,30,407,30,377,11.521739130434783,5,6.521739130434782,88.47826086956522,6.521739130434782,81.95652173913044
E00062157,348,66,34,32,282,39,243,18.96551724137931,9.770114942528735,9.195402298850574,81.03448275862068,11.206896551724139,69.82758620689656
E00062158,246,44,19,25,202,17,185,17.88617886178862,7.723577235772358,10.16260162601626,82.11382113821138,6.910569105691057,75.20325203252033
E00062159,189,67,24,43,122,14,108,35.44973544973545,12.698412698412698,22.75132275132275,64.55026455026454,7.4074074074074066,57.14285714285714
E00062160,308,50,13,37,258,28,230,16.233766233766232,4.220779220779221,12.012987012987013,83.76623376623377,9.090909090909092,74.67532467532467
E00062161,260,89,44,45,171,13,158,34.23076923076923,16.923076923076923,17.307692307692307,65.76923076923077,5,60.76923076923077
E00062162,282,71,33,38,211,12,199,25.177304964539005,11.702127659574469,13.47517730496454,74.822695035461,4.25531914893617,70.56737588652481
E00062163,259,60,24,36,199,9,190,23.166023166023166,9.266409266409266,13.8996138996139,76.83397683397683,3.474903474903475,73.35907335907336
E00062164,340,78,39,39,262,21,241,22.941176470588236,11.470588235294118,11.470588235294118,77.05882352941177,6.176470588235294,70.88235294117648
E00062165,504,109,56,53,395,28,367,21.626984126984127,11.11111111111111,10.515873015873016,78.37301587301587,5.555555555555555,72.81746031746032
E00062166,293,81,39,42,212,13,199,27.64505119453925,13.310580204778159,14.334470989761092,72.35494880546075,4.436860068259386,67.91808873720136
E00062167,255,42,18,24,213,14,199,16.470588235294116,7.0588235294117645,9.411764705882353,83.52941176470588,5.490196078431373,78.03921568627452
E00062168,316,50,25,25,266,31,235,15.822784810126583,7.9113924050632916,7.9113924050632916,84.17721518987342,9.81012658227848,74.36708860759494
E00062169,297,69,36,33,228,14,214,23.232323232323232,12.121212121212121,11.11111111111111,76.76767676767676,4.713804713804714,72.05387205387206
E00062170,247,51,13,38,196,29,167,20.647773279352226,5.263157894736842,15.384615384615385,79.35222672064778,11.740890688259109,67.61133603238866
E00062171,236,76,39,37,160,26,134,32.20338983050847,16.52542372881356,15.677966101694915,67.79661016949152,11.016949152542372,56.779661016949156
E00062172,262,49,23,26,213,28,185,18.702290076335878,8.778625954198473,9.923664122137405,81.29770992366412,10.687022900763358,70.61068702290076
E00062173,293,66,28,38,227,21,206,22.525597269624573,9.556313993174061,12.969283276450511,77.47440273037543,7.167235494880546,70.30716723549489
E00062174,242,48,18,30,194,23,171,19.834710743801654,7.43801652892562,12.396694214876034,80.16528925619835,9.50413223140496,70.66115702479338
E00062175,279,59,20,39,220,27,193,21.14695340501792,7.168458781362006,13.978494623655912,78.85304659498208,9.67741935483871,69.17562724014337
E00062176,225,55,18,37,170,17,153,24.444444444444443,8,16.444444444444446,75.55555555555556,7.555555555555555,68
E00062177,276,69,34,35,207,17,190,25,12.318840579710146,12.681159420289855,75,6.159420289855073,68.84057971014492
E00062178,301,51,20,31,250,25,225,16.943521594684384,6.64451827242525,10.299003322259136,83.05647840531562,8.305647840531561,74.75083056478405
E00062179,253,64,31,33,189,20,169,25.296442687747035,12.25296442687747,13.043478260869565,74.70355731225297,7.905138339920949,66.79841897233202
E00062180,270,39,10,29,231,18,213,14.444444444444443,3.7037037037037033,10.74074074074074,85.55555555555556,6.666666666666667,78.88888888888889
E00062181,303,52,19,33,251,16,235,17.16171617161716,6.270627062706271,10.891089108910892,82.83828382838284,5.2805280528052805,77.55775577557755
E00062182,275,58,28,30,217,25,192,21.09090909090909,10.181818181818182,10.909090909090908,78.9090909090909,9.090909090909092,69.81818181818183
E00062183,302,47,9,38,255,19,236,15.562913907284766,2.980132450331126,12.582781456953644,84.43708609271523,6.291390728476822,78.1456953642384
E00062184,279,38,12,26,241,26,215,13.620071684587815,4.301075268817205,9.31899641577061,86.37992831541219,9.31899641577061,77.06093189964157
E00062185,260,41,13,28,219,10,209,15.769230769230768,5,10.76923076923077,84.23076923076923,3.8461538461538463,80.38461538461539
E00062186,277,61,19,42,216,26,190,22.021660649819495,6.859205776173286,15.162454873646208,77.9783393501805,9.386281588447654,68.59205776173285
E00062187,255,58,29,29,197,14,183,22.745098039215687,11.372549019607844,11.372549019607844,77.25490196078432,5.490196078431373,71.76470588235294
E00062188,297,143,106,37,154,11,143,48.148148148148145,35.69023569023569,12.457912457912458,51.85185185185185,3.7037037037037033,48.148148148148145
E00062189,288,100,60,40,188,11,177,34.72222222222222,20.833333333333336,13.88888888888889,65.27777777777779,3.8194444444444446,61.458333333333336
E00062190,316,77,40,37,239,25,214,24.367088607594937,12.658227848101266,11.708860759493671,75.63291139240506,7.9113924050632916,67.72151898734177
E00062191,208,66,27,39,142,13,129,31.73076923076923,12.980769230769232,18.75,68.26923076923077,6.25,62.019230769230774
E00062192,486,96,42,54,390,31,359,19.753086419753085,8.641975308641975,11.11111111111111,80.24691358024691,6.378600823045268,73.86831275720165
E00062193,275,78,29,49,197,16,181,28.363636363636363,10.545454545454545,17.81818181818182,71.63636363636363,5.818181818181818,65.81818181818181
E00062194,268,38,11,27,230,30,200,14.17910447761194,4.104477611940299,10.074626865671641,85.82089552238806,11.194029850746269,74.6268656716418
E00062195,397,108,60,48,289,21,268,27.204030226700255,15.113350125944585,12.090680100755668,72.79596977329975,5.289672544080604,67.50629722921914
E00062196,283,30,11,19,253,25,228,10.60070671378092,3.8869257950530036,6.713780918727916,89.39929328621908,8.8339222614841,80.56537102473497
E00062197,348,60,27,33,288,40,248,17.24137931034483,7.758620689655173,9.482758620689655,82.75862068965517,11.494252873563218,71.26436781609196
E00062198,241,46,20,26,195,28,167,19.08713692946058,8.29875518672199,10.78838174273859,80.91286307053942,11.618257261410788,69.29460580912863
E00062199,263,79,34,45,184,16,168,30.038022813688215,12.927756653992395,17.110266159695815,69.96197718631178,6.083650190114068,63.87832699619772
E00062200,226,50,23,27,176,26,150,22.123893805309734,10.176991150442479,11.946902654867257,77.87610619469027,11.504424778761061,66.3716814159292
E00062202,247,40,20,20,207,27,180,16.194331983805668,8.097165991902834,8.097165991902834,83.80566801619433,10.931174089068826,72.8744939271255
E00062203,348,68,37,31,280,35,245,19.54022988505747,10.632183908045976,8.908045977011495,80.45977011494253,10.057471264367816,70.40229885057471
E00062204,278,42,19,23,236,19,217,15.107913669064748,6.83453237410072,8.273381294964029,84.89208633093526,6.83453237410072,78.05755395683454
E00062205,398,69,24,45,329,18,311,17.33668341708543,6.030150753768844,11.306532663316583,82.66331658291458,4.522613065326634,78.14070351758794
E00062206,276,34,16,18,242,27,215,12.318840579710146,5.797101449275362,6.521739130434782,87.68115942028986,9.782608695652174,77.89855072463769
E00062207,277,44,14,30,233,23,210,15.884476534296029,5.054151624548736,10.830324909747292,84.11552346570397,8.303249097472925,75.81227436823104
E00062208,478,63,19,44,415,34,381,13.179916317991633,3.9748953974895396,9.205020920502092,86.82008368200836,7.112970711297072,79.70711297071131
E00062209,204,29,8,21,175,20,155,14.215686274509803,3.9215686274509802,10.294117647058822,85.7843137254902,9.803921568627452,75.98039215686273
E00062210,120,25,15,10,95,14,81,20.833333333333336,12.5,8.333333333333332,79.16666666666666,11.666666666666666,67.5
E00062211,156,20,9,11,136,10,126,12.82051282051282,5.769230769230769,7.051282051282051,87.17948717948718,6.41025641025641,80.76923076923077
E00062212,249,32,14,18,217,17,200,12.851405622489958,5.622489959839357,7.228915662650602,87.14859437751004,6.827309236947792,80.32128514056225
E00062213,212,66,25,41,146,23,123,31.132075471698112,11.79245283018868,19.339622641509436,68.86792452830188,10.849056603773585,58.01886792452831
E00062214,285,46,20,26,239,24,215,16.140350877192983,7.017543859649122,9.12280701754386,83.85964912280703,8.421052631578947,75.43859649122807
E00062215,308,95,47,48,213,39,174,30.844155844155846,15.259740259740258,15.584415584415584,69.15584415584416,12.662337662337661,56.493506493506494
E00062216,296,48,16,32,248,19,229,16.216216216216218,5.405405405405405,10.81081081081081,83.78378378378379,6.418918918918918,77.36486486486487
E00062217,297,51,12,39,246,25,221,17.17171717171717,4.040404040404041,13.131313131313133,82.82828282828282,8.417508417508419,74.41077441077442
E00062218,201,61,31,30,140,13,127,30.34825870646766,15.422885572139302,14.925373134328357,69.65174129353234,6.467661691542288,63.18407960199005
E00062219,305,40,14,26,265,22,243,13.114754098360656,4.590163934426229,8.524590163934425,86.88524590163934,7.213114754098362,79.67213114754098
E00062220,262,53,16,37,209,30,179,20.229007633587788,6.106870229007633,14.122137404580155,79.77099236641222,11.450381679389313,68.32061068702289
E00062221,367,33,12,21,334,42,292,8.991825613079019,3.2697547683923704,5.722070844686648,91.00817438692098,11.444141689373296,79.56403269754769
E00062222,290,44,28,16,246,33,213,15.172413793103448,9.655172413793103,5.517241379310345,84.82758620689656,11.379310344827587,73.44827586206897
E00062223,342,45,18,27,297,23,274,13.157894736842104,5.263157894736842,7.894736842105263,86.8421052631579,6.725146198830409,80.11695906432749
E00062224,270,43,12,31,227,29,198,15.925925925925927,4.444444444444445,11.481481481481481,84.07407407407408,10.74074074074074,73.33333333333333
E00062225,377,56,18,38,321,21,300,14.854111405835543,4.774535809018567,10.079575596816976,85.14588859416446,5.570291777188329,79.57559681697613
E00062227,296,47,20,27,249,19,230,15.878378378378377,6.756756756756757,9.121621621621621,84.12162162162163,6.418918918918918,77.7027027027027
E00062228,275,52,18,34,223,22,201,18.90909090909091,6.545454545454546,12.363636363636363,81.0909090909091,8,73.0909090909091
E00062229,451,55,17,38,396,36,360,12.195121951219512,3.7694013303769403,8.425720620842572,87.8048780487805,7.982261640798225,79.82261640798227
E00062230,319,48,22,26,271,17,254,15.047021943573668,6.896551724137931,8.150470219435736,84.95297805642633,5.329153605015674,79.62382445141067
E00062231,286,41,7,34,245,20,225,14.335664335664337,2.4475524475524475,11.888111888111888,85.66433566433567,6.993006993006993,78.67132867132867
E00062232,229,51,20,31,178,18,160,22.270742358078603,8.73362445414847,13.537117903930133,77.72925764192141,7.860262008733625,69.86899563318777
E00062233,267,55,27,28,212,17,195,20.59925093632959,10.112359550561797,10.486891385767791,79.40074906367042,6.367041198501873,73.03370786516854
E00062234,187,37,15,22,150,18,132,19.786096256684495,8.0213903743315509,11.76470588235294,80.21390374331551,9.62566844919786,70.58823529411765
E00062235,259,43,17,26,216,23,193,16.602316602316602,6.563706563706563,10.038610038610038,83.3976833976834,8.880308880308881,74.5173745173745
E00062236,399,60,25,35,339,42,297,15.037593984962406,6.265664160401002,8.771929824561402,84.9624060150376,10.526315789473683,74.43609022556392
E00062237,522,151,84,67,371,38,333,28.9272030651341,16.091954022988507,12.835249042145595,71.0727969348659,7.2796934865900385,63.793103448275865
E00062238,250,72,37,35,178,13,165,28.799999999999997,14.799999999999999,14.000000000000002,71.2,5.2,66
E00062239,256,77,40,37,179,14,165,30.078125,15.625,14.453125,69.921875,5.46875,64.453125
E00062240,216,36,14,22,180,19,161,16.666666666666664,6.481481481481481,10.185185185185185,83.33333333333334,8.796296296296296,74.53703703703704
E00062241,333,67,29,38,266,17,249,20.12012012012012,8.708708708708707,11.411411411411411,79.87987987987988,5.105105105105105,74.77477477477478
E00062242,307,66,33,33,241,18,223,21.49837133550489,10.749185667752444,10.749185667752444,78.50162866449512,5.863192182410423,72.63843648208469
E00062243,343,64,32,32,279,28,251,18.658892128279884,9.329446064139942,9.329446064139942,81.34110787172013,8.16326530612245,73.17784256559767
E00062244,342,81,35,46,261,17,244,23.684210526315788,10.23391812865497,13.450292397660817,76.31578947368422,4.970760233918129,71.34502923976608
E00062245,190,32,7,25,158,17,141,16.842105263157894,3.684210526315789,13.157894736842104,83.15789473684211,8.947368421052632,74.21052631578947
E00062246,167,55,25,30,112,9,103,32.93413173652694,14.97005988023952,17.964071856287426,67.06586826347305,5.389221556886228,61.67664670658682
E00062247,286,72,33,39,214,11,203,25.174825174825177,11.538461538461538,13.636363636363635,74.82517482517483,3.8461538461538463,70.97902097902097
E00062250,316,47,16,31,269,23,246,14.873417721518987,5.063291139240507,9.81012658227848,85.12658227848101,7.2784810126582276,77.84810126582279
E00062251,202,55,30,25,147,15,132,27.22772277227723,14.85148514851485,12.376237623762377,72.77227722772277,7.425742574257425,65.34653465346535
E00062252,272,57,28,29,215,17,198,20.955882352941178,10.294117647058822,10.661764705882353,79.04411764705883,6.25,72.79411764705883
E00062253,290,78,42,36,212,24,188,26.89655172413793,14.482758620689657,12.413793103448276,73.10344827586206,8.275862068965518,64.82758620689654
E00062255,303,52,20,32,251,23,228,17.16171617161716,6.6006600660066,10.561056105610561,82.83828382838284,7.590759075907591,75.24752475247524
E00062256,281,45,20,25,236,17,219,16.014234875444842,7.11743772241993,8.896797153024911,83.98576512455516,6.049822064056939,77.93594306049823
E00062257,221,48,20,28,173,20,153,21.71945701357466,9.049773755656108,12.669683257918551,78.28054298642535,9.049773755656108,69.23076923076923
E00062258,267,40,15,25,227,23,204,14.981273408239701,5.617977528089887,9.363295880149813,85.0187265917603,8.614232209737828,76.40449438202246
E00062260,375,60,28,32,315,20,295,16,7.466666666666668,8.533333333333333,84,5.333333333333334,78.66666666666666
E00062261,300,36,8,28,264,20,244,12,2.666666666666667,9.333333333333334,88,6.666666666666667,81.33333333333333
E00062262,527,77,34,43,450,32,418,14.61100569259962,6.451612903225806,8.159392789373813,85.38899430740038,6.072106261859583,79.31688804554081
E00062263,301,60,34,26,241,19,222,19.93355481727575,11.295681063122924,8.637873754152823,80.06644518272425,6.312292358803987,73.75415282392026
E00062265,283,44,14,30,239,30,209,15.547703180212014,4.946996466431095,10.60070671378092,84.45229681978799,10.60070671378092,73.85159010600707
E00062266,261,48,12,36,213,23,190,18.39080459770115,4.597701149425287,13.793103448275861,81.60919540229885,8.812260536398467,72.79693486590038
E00062268,307,40,16,24,267,25,242,13.029315960912053,5.211726384364821,7.81758957654723,86.97068403908796,8.143322475570033,78.82736156351791
E00062269,305,37,7,30,268,34,234,12.131147540983607,2.2950819672131146,9.836065573770492,87.8688524590164,11.147540983606557,76.72131147540983
E00062270,356,60,19,41,296,38,258,16.853932584269664,5.337078651685393,11.51685393258427,83.14606741573034,10.674157303370785,72.47191011235955
E00062272,303,59,27,32,244,32,212,19.471947194719473,8.91089108910891,10.561056105610561,80.52805280528052,10.561056105610561,69.96699669966998
E00062273,334,50,26,24,284,20,264,14.97005988023952,7.784431137724551,7.18562874251497,85.02994011976048,5.9880239520958085,79.04191616766467
E00062274,266,46,14,32,220,24,196,17.293233082706767,5.263157894736842,12.030075187969924,82.70676691729322,9.022556390977442,73.68421052631578
E00062275,339,58,23,35,281,33,248,17.10914454277286,6.784660766961652,10.32448377581121,82.89085545722715,9.734513274336283,73.15634218289085
E00062276,235,51,24,27,184,19,165,21.70212765957447,10.212765957446807,11.48936170212766,78.29787234042553,8.085106382978724,70.2127659574468
E00062277,291,43,18,25,248,30,218,14.776632302405499,6.185567010309279,8.59106529209622,85.2233676975945,10.309278350515463,74.91408934707904
E00062278,357,70,20,50,287,32,255,19.607843137254903,5.602240896358544,14.005602240896359,80.3921568627451,8.96358543417367,71.42857142857143
E00062279,298,37,13,24,261,42,219,12.416107382550337,4.3624161073825505,8.053691275167784,87.58389261744966,14.093959731543624,73.48993288590604
E00062280,280,42,20,22,238,25,213,15,7.142857142857142,7.857142857142857,85,8.928571428571429,76.07142857142857
E00062281,244,57,23,34,187,25,162,23.36065573770492,9.426229508196721,13.934426229508196,76.63934426229508,10.245901639344263,66.39344262295081
E00062282,309,51,17,34,258,30,228,16.50485436893204,5.501618122977346,11.003236245954692,83.49514563106796,9.70873786407767,73.7864077669903
E00062283,280,33,13,20,247,26,221,11.785714285714285,4.642857142857143,7.142857142857142,88.21428571428571,9.285714285714286,78.92857142857143
E00062284,276,45,14,31,231,18,213,16.304347826086957,5.072463768115942,11.231884057971014,83.69565217391305,6.521739130434782,77.17391304347827
E00062285,311,50,21,29,261,28,233,16.077170418006432,6.752411575562702,9.32475884244373,83.92282958199357,9.003215434083602,74.91961414790997
E00062286,225,29,8,21,196,17,179,12.88888888888889,3.5555555555555554,9.333333333333334,87.1111111111111,7.555555555555555,79.55555555555556
E00062287,264,67,20,47,197,26,171,25.37878787878788,7.575757575757576,17.803030303030305,74.62121212121212,9.848484848484848,64.77272727272727
E00062288,245,116,71,45,129,11,118,47.3469387755102,28.97959183673469,18.367346938775512,52.6530612244898,4.489795918367347,48.16326530612245
E00062289,315,73,39,34,242,21,221,23.174603174603174,12.380952380952381,10.793650793650794,76.82539682539684,6.666666666666667,70.15873015873015
E00062290,230,64,23,41,166,17,149,27.82608695652174,10,17.82608695652174,72.17391304347827,7.391304347826087,64.78260869565217
E00062291,277,32,7,25,245,29,216,11.552346570397113,2.527075812274368,9.025270758122744,88.4476534296029,10.469314079422382,77.9783393501805
E00062292,298,37,17,20,261,20,241,12.416107382550337,5.704697986577181,6.7114093959731544,87.58389261744966,6.7114093959731544,80.87248322147651
E00062293,205,40,20,20,165,10,155,19.51219512195122,9.75609756097561,9.75609756097561,80.48780487804879,4.878048780487805,75.60975609756098
E00062294,287,52,22,30,235,17,218,18.118466898954704,7.665505226480835,10.452961672473867,81.8815331010453,5.923344947735192,75.9581881533101
E00062295,199,34,16,18,165,14,151,17.08542713567839,8.040201005025125,9.045226130653267,82.91457286432161,7.035175879396985,75.87939698492463
E00062296,229,59,14,45,170,20,150,25.76419213973799,6.11353711790393,19.65065502183406,74.235807860262,8.73362445414847,65.50218340611353
E00062297,283,77,28,49,206,15,191,27.208480565371023,9.89399293286219,17.314487632508836,72.79151943462897,5.30035335689046,67.49116607773851
E00062298,254,66,37,29,188,11,177,25.984251968503933,14.566929133858267,11.41732283464567,74.01574803149606,4.330708661417323,69.68503937007874
E00062299,310,92,58,34,218,19,199,29.677419354838708,18.70967741935484,10.967741935483872,70.3225806451613,6.129032258064516,64.19354838709678
E00062300,208,67,30,37,141,20,121,32.21153846153847,14.423076923076922,17.78846153846154,67.78846153846155,9.615384615384617,58.17307692307693
E00062301,264,47,23,24,217,17,200,17.803030303030305,8.712121212121213,9.090909090909092,82.1969696969697,6.4393939393939394,75.75757575757575
E00062302,253,62,29,33,191,17,174,24.50592885375494,11.462450592885375,13.043478260869565,75.49407114624506,6.719367588932807,68.77470355731225
E00062303,152,70,38,32,82,10,72,46.05263157894737,25,21.052631578947366,53.94736842105263,6.578947368421052,47.368421052631575
E00062304,201,66,42,24,135,13,122,32.83582089552239,20.8955223880597,11.940298507462686,67.16417910447761,6.467661691542288,60.69651741293532
E00062305,156,82,43,39,74,6,68,52.56410256410257,27.564102564102566,25,47.43589743589743,3.8461538461538463,43.58974358974359
E00062306,242,64,32,32,178,20,158,26.446280991735538,13.223140495867769,13.223140495867769,73.55371900826447,8.264462809917356,65.28925619834712
E00062307,274,58,20,38,216,21,195,21.16788321167883,7.2992700729927,13.86861313868613,78.83211678832117,7.664233576642336,71.16788321167883
E00062308,254,33,9,24,221,28,193,12.992125984251967,3.543307086614173,9.448818897637794,87.00787401574803,11.023622047244094,75.98425196850394
E00062309,298,56,26,30,242,19,223,18.79194630872483,8.724832214765101,10.06711409395973,81.20805369127517,6.375838926174497,74.83221476510067
E00062310,302,44,20,24,258,25,233,14.56953642384106,6.622516556291391,7.9470198675496695,85.43046357615894,8.27814569536424,77.15231788079471
E00062311,317,62,34,28,255,14,241,19.558359621451103,10.725552050473187,8.832807570977918,80.4416403785489,4.416403785488959,76.02523659305994
E00062312,262,75,38,37,187,12,175,28.62595419847328,14.50381679389313,14.122137404580155,71.37404580152672,4.580152671755725,66.79389312977099
E00062313,241,52,22,30,189,17,172,21.57676348547718,9.12863070539419,12.448132780082988,78.42323651452283,7.053941908713693,71.36929460580913
E00062314,264,41,17,24,223,18,205,15.530303030303031,6.4393939393939394,9.090909090909092,84.46969696969697,6.8181818181818175,77.65151515151516
E00062315,338,77,28,49,261,12,249,22.781065088757398,8.284023668639055,14.497041420118343,77.2189349112426,3.5502958579881656,73.66863905325444
E00062316,204,47,13,34,157,14,143,23.03921568627451,6.372549019607843,16.666666666666664,76.9607843137255,6.862745098039216,70.09803921568627
E00062317,212,52,15,37,160,14,146,24.528301886792452,7.0754716981132075,17.452830188679243,75.47169811320755,6.60377358490566,68.86792452830188
E00062318,242,39,15,24,203,15,188,16.115702479338843,6.198347107438017,9.917355371900827,83.88429752066115,6.198347107438017,77.68595041322314
E00062319,159,25,7,18,134,8,126,15.723270440251572,4.40251572327044,11.320754716981133,84.27672955974843,5.031446540880504,79.24528301886792
E00062320,263,86,35,51,177,17,160,32.69961977186312,13.307984790874524,19.39163498098859,67.30038022813687,6.4638783269961975,60.836501901140686
E00062321,314,66,27,39,248,23,225,21.019108280254777,8.598726114649681,12.420382165605096,78.98089171974523,7.32484076433121,71.656050955414
E00062322,392,51,23,28,341,28,313,13.010204081632654,5.86734693877551,7.142857142857142,86.98979591836735,7.142857142857142,79.8469387755102
E00062323,292,57,23,34,235,16,219,19.52054794520548,7.876712328767123,11.643835616438356,80.47945205479452,5.47945205479452,75
E00062324,294,60,21,39,234,23,211,20.408163265306122,7.142857142857142,13.26530612244898,79.59183673469387,7.8231292517006805,71.7687074829932
E00062325,247,54,22,32,193,26,167,21.86234817813765,8.906882591093117,12.955465587044534,78.13765182186235,10.526315789473683,67.61133603238866
E00062326,229,50,16,34,179,12,167,21.83406113537118,6.986899563318777,14.847161572052403,78.16593886462883,5.240174672489083,72.92576419213974
E00062327,487,109,53,56,378,25,353,22.381930184804926,10.882956878850102,11.498973305954825,77.61806981519507,5.133470225872689,72.48459958932239
E00062328,423,77,27,50,346,38,308,18.203309692671397,6.382978723404255,11.82033096926714,81.7966903073286,8.983451536643026,72.81323877068559
E00062329,183,48,25,23,135,13,122,26.229508196721312,13.661202185792352,12.568306010928962,73.77049180327869,7.103825136612022,66.66666666666666
E00062330,272,47,19,28,225,15,210,17.27941176470588,6.985294117647059,10.294117647058822,82.72058823529412,5.514705882352941,77.20588235294117
E00062331,328,53,19,34,275,29,246,16.158536585365855,5.7926829268292686,10.365853658536585,83.84146341463415,8.841463414634147,75
E00062332,326,56,26,30,270,29,241,17.177914110429448,7.975460122699387,9.202453987730062,82.82208588957054,8.895705521472392,73.92638036809815
E00062333,198,50,33,17,148,10,138,25.252525252525253,16.666666666666664,8.585858585858585,74.74747474747475,5.05050505050505,69.6969696969697
E00062334,229,89,54,35,140,4,136,38.864628820960704,23.580786026200872,15.283842794759824,61.135371179039296,1.7467248908296942,59.388646288209614
E00062335,276,68,31,37,208,21,187,24.637681159420293,11.231884057971014,13.405797101449277,75.36231884057972,7.608695652173914,67.7536231884058
E00062336,358,73,43,30,285,13,272,20.391061452513966,12.011173184357542,8.379888268156424,79.60893854748603,3.6312849162011176,75.97765363128491
E00062337,339,64,32,32,275,23,252,18.87905604719764,9.43952802359882,9.43952802359882,81.12094395280236,6.784660766961652,74.33628318584071
E00062338,374,82,36,46,292,19,273,21.92513368983957,9.62566844919786,12.299465240641712,78.07486631016043,5.080213903743315,72.99465240641712
E00062339,396,75,27,48,321,29,292,18.939393939393938,6.8181818181818175,12.121212121212121,81.06060606060606,7.3232323232323235,73.73737373737373
E00062340,254,48,20,28,206,19,187,18.89763779527559,7.874015748031496,11.023622047244094,81.10236220472441,7.480314960629922,73.62204724409449
E00062341,308,45,18,27,263,22,241,14.61038961038961,5.844155844155844,8.766233766233766,85.3896103896104,7.142857142857142,78.24675324675324
E00062342,258,54,23,31,204,15,189,20.930232558139537,8.914728682170542,12.015503875968992,79.06976744186046,5.813953488372093,73.25581395348837
E00062343,256,46,19,27,210,20,190,17.96875,7.421875,10.546875,82.03125,7.8125,74.21875
E00062344,256,54,14,40,202,16,186,21.09375,5.46875,15.625,78.90625,6.25,72.65625
E00062345,281,83,33,50,198,19,179,29.537366548042705,11.743772241992882,17.793594306049823,70.46263345195729,6.761565836298933,63.70106761565836
E00062346,316,71,27,44,245,31,214,22.468354430379748,8.544303797468354,13.924050632911392,77.53164556962025,9.81012658227848,67.72151898734177
E00062347,303,62,17,45,241,35,206,20.462046204620464,5.6105610561056105,14.85148514851485,79.53795379537954,11.55115511551155,67.98679867986799
E00062348,363,36,13,23,327,28,299,9.917355371900827,3.581267217630854,6.336088154269973,90.08264462809917,7.7134986225895315,82.36914600550963
E00062349,316,52,17,35,264,29,235,16.455696202531644,5.379746835443038,11.075949367088606,83.54430379746836,9.177215189873419,74.36708860759494
E00062350,347,53,24,29,294,28,266,15.273775216138327,6.9164265129683,8.357348703170029,84.72622478386167,8.069164265129682,76.657060518732
E00062351,264,36,14,22,228,21,207,13.636363636363635,5.303030303030303,8.333333333333332,86.36363636363636,7.954545454545454,78.4090909090909
E00062352,306,44,12,32,262,30,232,14.37908496732026,3.9215686274509802,10.457516339869281,85.62091503267973,9.803921568627452,75.81699346405229
E00062353,306,48,22,26,258,26,232,15.686274509803921,7.18954248366013,8.49673202614379,84.31372549019608,8.49673202614379,75.81699346405229
E00062354,308,49,15,34,259,23,236,15.909090909090908,4.870129870129871,11.03896103896104,84.0909090909091,7.467532467532467,76.62337662337663
E00062355,312,42,15,27,270,21,249,13.461538461538462,4.807692307692308,8.653846153846153,86.53846153846155,6.730769230769231,79.8076923076923
E00062356,337,49,18,31,288,28,260,14.540059347181009,5.341246290801187,9.198813056379821,85.45994065281899,8.30860534124629,77.1513353115727
E00062357,160,48,21,27,112,9,103,30,13.125,16.875,70,5.625,64.375
E00062358,365,88,30,58,277,20,257,24.10958904109589,8.21917808219178,15.890410958904111,75.89041095890411,5.47945205479452,70.41095890410959
E00062359,246,53,21,32,193,15,178,21.544715447154474,8.536585365853659,13.008130081300814,78.45528455284553,6.097560975609756,72.35772357723577
E00062360,260,42,17,25,218,19,199,16.153846153846153,6.538461538461539,9.615384615384617,83.84615384615385,7.307692307692308,76.53846153846153
E00062361,196,32,15,17,164,19,145,16.3265306122449,7.653061224489796,8.673469387755102,83.6734693877551,9.693877551020408,73.9795918367347
E00062362,238,46,10,36,192,16,176,19.327731092436977,4.201680672268908,15.126050420168067,80.67226890756302,6.722689075630252,73.94957983193278
E00062363,209,49,24,25,160,13,147,23.444976076555022,11.483253588516746,11.961722488038278,76.55502392344498,6.220095693779904,70.33492822966507
E00062364,213,44,18,26,169,15,154,20.657276995305164,8.450704225352112,12.206572769953052,79.34272300469483,7.042253521126761,72.30046948356808
E00062365,265,58,15,43,207,24,183,21.88679245283019,5.660377358490567,16.22641509433962,78.11320754716982,9.056603773584905,69.0566037735849
E00062366,176,58,26,32,118,12,106,32.95454545454545,14.772727272727273,18.181818181818183,67.04545454545455,6.8181818181818175,60.22727272727273
E00062367,245,29,8,21,216,18,198,11.83673469387755,3.2653061224489797,8.571428571428571,88.16326530612245,7.346938775510205,80.81632653061224
E00062368,247,39,18,21,208,18,190,15.789473684210526,7.28744939271255,8.502024291497975,84.21052631578947,7.28744939271255,76.92307692307693
E00062369,280,46,21,25,234,23,211,16.428571428571427,7.5,8.928571428571429,83.57142857142857,8.214285714285714,75.35714285714286
E00062370,252,39,15,24,213,15,198,15.476190476190476,5.952380952380952,9.523809523809524,84.52380952380952,5.952380952380952,78.57142857142857
E00062371,213,34,5,29,179,19,160,15.96244131455399,2.3474178403755865,13.615023474178404,84.03755868544602,8.92018779342723,75.11737089201877
E00062372,252,60,22,38,192,17,175,23.809523809523807,8.73015873015873,15.079365079365079,76.19047619047619,6.746031746031746,69.44444444444444
E00062373,265,34,15,19,231,30,201,12.830188679245284,5.660377358490567,7.169811320754717,87.16981132075472,11.320754716981133,75.84905660377359
E00062374,205,33,16,17,172,19,153,16.097560975609756,7.804878048780488,8.292682926829269,83.90243902439025,9.268292682926829,74.63414634146342
E00062375,213,51,19,32,162,18,144,23.943661971830984,8.92018779342723,15.023474178403756,76.05633802816901,8.450704225352112,67.6056338028169
E00062376,209,32,13,19,177,23,154,15.311004784688995,6.220095693779904,9.090909090909092,84.688995215311,11.004784688995215,73.68421052631578
E00062377,140,38,14,24,102,9,93,27.142857142857142,10,17.142857142857142,72.85714285714285,6.428571428571428,66.42857142857143
E00062378,293,68,29,39,225,29,196,23.208191126279864,9.897610921501707,13.310580204778159,76.79180887372013,9.897610921501707,66.89419795221842
E00062379,380,57,13,44,323,23,300,15,3.421052631578948,11.578947368421053,85,6.052631578947368,78.94736842105263
E00062380,148,16,7,9,132,13,119,10.81081081081081,4.72972972972973,6.081081081081082,89.1891891891892,8.783783783783784,80.4054054054054
E00062381,115,22,8,14,93,6,87,19.130434782608695,6.956521739130435,12.173913043478262,80.8695652173913,5.217391304347826,75.65217391304347
E00062382,217,34,6,28,183,16,167,15.668202764976957,2.7649769585253456,12.903225806451612,84.33179723502305,7.373271889400922,76.95852534562212
E00062383,208,28,11,17,180,22,158,13.461538461538462,5.288461538461538,8.173076923076923,86.53846153846155,10.576923076923077,75.96153846153845
E00062384,343,53,20,33,290,27,263,15.451895043731778,5.830903790087463,9.620991253644315,84.54810495626822,7.871720116618077,76.67638483965014
E00062385,334,72,31,41,262,20,242,21.55688622754491,9.281437125748502,12.275449101796406,78.44311377245509,5.9880239520958085,72.45508982035929
E00062386,239,52,22,30,187,20,167,21.75732217573222,9.205020920502092,12.552301255230125,78.24267782426779,8.368200836820083,69.8744769874477
E00174191,265,32,9,23,233,22,211,12.075471698113208,3.3962264150943398,8.679245283018867,87.9245283018868,8.30188679245283,79.62264150943396
E00174194,129,24,9,15,105,8,97,18.6046511627907,6.976744186046512,11.627906976744185,81.3953488372093,6.2015503875969,75.1937984496124
E00174195,307,47,22,25,260,30,230,15.309446254071663,7.166123778501629,8.143322475570033,84.69055374592834,9.77198697068404,74.9185667752443
E00174196,341,40,10,30,301,20,281,11.730205278592376,2.932551319648094,8.797653958944283,88.26979472140762,5.865102639296188,82.40469208211144
E00174197,222,34,15,19,188,16,172,15.315315315315313,6.756756756756757,8.558558558558559,84.68468468468468,7.207207207207207,77.47747747747748
E00174198,284,58,25,33,226,17,209,20.422535211267608,8.80281690140845,11.619718309859154,79.5774647887324,5.985915492957746,73.59154929577466
E00174199,277,28,7,21,249,20,229,10.108303249097473,2.527075812274368,7.581227436823104,89.89169675090253,7.2202166064981945,82.67148014440433
E00174200,229,27,5,22,202,11,191,11.790393013100436,2.1834061135371177,9.606986899563319,88.20960698689956,4.8034934497816595,83.4061135371179
E00174201,334,29,11,18,305,35,270,8.682634730538922,3.293413173652695,5.389221556886228,91.31736526946108,10.479041916167663,80.83832335329342
E00174202,612,58,25,33,554,46,508,9.477124183006536,4.084967320261438,5.392156862745098,90.52287581699346,7.516339869281046,83.00653594771242
E00174203,358,56,26,30,302,34,268,15.64245810055866,7.262569832402235,8.379888268156424,84.35754189944134,9.497206703910614,74.86033519553072
E00174204,514,56,18,38,458,38,420,10.894941634241246,3.501945525291829,7.392996108949417,89.10505836575877,7.392996108949417,81.71206225680933
E00174205,364,46,16,30,318,30,288,12.637362637362637,4.395604395604396,8.241758241758241,87.36263736263736,8.241758241758241,79.12087912087912
E00174206,328,37,15,22,291,21,270,11.28048780487805,4.573170731707317,6.707317073170732,88.71951219512195,6.402439024390244,82.3170731707317
E00174207,306,33,12,21,273,23,250,10.784313725490197,3.9215686274509802,6.862745098039216,89.2156862745098,7.516339869281046,81.69934640522875
E00174208,285,46,16,30,239,20,219,16.140350877192983,5.614035087719298,10.526315789473683,83.85964912280703,7.017543859649122,76.84210526315789
E00174209,360,51,21,30,309,22,287,14.166666666666666,5.833333333333333,8.333333333333332,85.83333333333333,6.111111111111111,79.72222222222223
E00174210,222,42,23,19,180,18,162,18.91891891891892,10.36036036036036,8.558558558558559,81.08108108108108,8.108108108108109,72.97297297297297
E00174211,285,48,18,30,237,15,222,16.842105263157894,6.315789473684211,10.526315789473683,83.15789473684211,5.263157894736842,77.89473684210526
E00174212,233,35,13,22,198,22,176,15.021459227467812,5.579399141630901,9.44206008583691,84.97854077253218,9.44206008583691,75.53648068669528
E00188172,325,58,29,29,267,26,241,17.846153846153847,8.923076923076923,8.923076923076923,82.15384615384616,8,74.15384615384616
E00188174,365,20,2,18,345,34,311,5.47945205479452,0.547945205479452,4.931506849315069,94.52054794520548,9.315068493150685,85.2054794520548
E00188177,316,65,31,34,251,15,236,20.569620253164558,9.81012658227848,10.759493670886076,79.43037974683544,4.746835443037975,74.68354430379746
E00188181,190,39,15,24,151,14,137,20.526315789473685,7.894736842105263,12.631578947368421,79.47368421052632,7.368421052631578,72.10526315789474
E00188184,315,75,35,40,240,25,215,23.809523809523807,11.11111111111111,12.698412698412698,76.19047619047619,7.936507936507936,68.25396825396825
E00188186,128,22,11,11,106,13,93,17.1875,8.59375,8.59375,82.8125,10.15625,72.65625
E00188188,317,39,14,25,278,21,257,12.302839116719243,4.416403785488959,7.886435331230284,87.69716088328076,6.624605678233439,81.07255520504731
E00188192,293,34,11,23,259,19,240,11.604095563139932,3.754266211604096,7.849829351535837,88.39590443686008,6.484641638225256,81.91126279863481
E00188207,252,96,67,29,156,26,130,38.095238095238095,26.58730158730159,11.507936507936508,61.904761904761905,10.317460317460316,51.587301587301596
E00188216,371,109,49,60,262,23,239,29.380053908355798,13.20754716981132,16.172506738544474,70.61994609164421,6.199460916442049,64.42048517520216
E00188217,400,42,13,29,358,36,322,10.5,3.25,7.249999999999999,89.5,9,80.5
E00188228,438,82,41,41,356,35,321,18.72146118721461,9.360730593607306,9.360730593607306,81.27853881278538,7.9908675799086755,73.28767123287672
E00188242,264,51,24,27,213,21,192,19.318181818181817,9.090909090909092,10.227272727272728,80.68181818181817,7.954545454545454,72.72727272727273
E00188244,342,56,26,30,286,24,262,16.374269005847953,7.602339181286549,8.771929824561402,83.62573099415205,7.017543859649122,76.60818713450293
E00188284,268,28,8,20,240,13,227,10.44776119402985,2.9850746268656714,7.462686567164178,89.55223880597015,4.850746268656716,84.70149253731343
E00188290,239,59,29,30,180,8,172,24.686192468619247,12.133891213389122,12.552301255230125,75.31380753138075,3.3472803347280333,71.96652719665272
E00188297,275,39,19,20,236,13,223,14.181818181818182,6.909090909090909,7.2727272727272725,85.81818181818181,4.7272727272727275,81.0909090909091
E00188298,306,75,37,38,231,15,216,24.509803921568626,12.091503267973856,12.418300653594772,75.49019607843137,4.901960784313726,70.58823529411765
E00188308,293,99,45,54,194,24,170,33.78839590443686,15.358361774744028,18.43003412969283,66.21160409556313,8.19112627986348,58.02047781569966
E00188310,397,52,16,36,345,21,324,13.09823677581864,4.030226700251889,9.06801007556675,86.90176322418137,5.289672544080604,81.61209068010076
E00188315,321,20,5,15,301,19,282,6.230529595015576,1.557632398753894,4.672897196261682,93.76947040498442,5.919003115264798,87.85046728971963
E00188322,269,32,13,19,237,15,222,11.895910780669144,4.83271375464684,7.063197026022305,88.10408921933085,5.5762081784386615,82.5278810408922
