OA,ts0380001,ts0380002,ts0380003,ts0380004,ts0380005,ts0380006,ts0380007,ts0380002_PCT,ts0380003_PCT,ts0380004_PCT,ts0380005_PCT,ts0380006_PCT,ts0380007_PCT
E00005966,409,87,49,38,322,26,296,21.271393643031786,11.98044009779951,9.290953545232274,78.72860635696821,6.356968215158925,72.37163814180929
E00005967,244,55,28,27,189,12,177,22.540983606557376,11.475409836065573,11.065573770491802,77.45901639344262,4.918032786885246,72.54098360655738
E00005969,358,62,36,26,296,8,288,17.318435754189945,10.05586592178771,7.262569832402235,82.68156424581005,2.2346368715083798,80.44692737430168
E00005970,374,58,20,38,316,21,295,15.508021390374333,5.347593582887701,10.16042780748663,84.49197860962568,5.614973262032086,78.87700534759358
E00005971,240,53,20,33,187,8,179,22.083333333333332,8.333333333333332,13.750000000000002,77.91666666666667,3.3333333333333335,74.58333333333333
E00005972,385,43,16,27,342,11,331,11.168831168831169,4.1558441558441555,7.012987012987012,88.83116883116882,2.857142857142857,85.97402597402596
E00005973,376,32,18,14,344,14,330,8.51063829787234,4.787234042553192,3.723404255319149,91.48936170212765,3.723404255319149,87.7659574468085
E00005974,376,36,12,24,340,17,323,9.574468085106384,3.1914893617021276,6.382978723404255,90.42553191489363,4.521276595744681,85.90425531914893
E00005975,325,29,11,18,296,15,281,8.923076923076923,3.3846153846153846,5.538461538461538,91.07692307692308,4.615384615384616,86.46153846153845
E00005976,346,32,10,22,314,12,302,9.248554913294797,2.8901734104046244,6.358381502890173,90.7514450867052,3.4682080924855487,87.28323699421965
E00005977,341,33,20,13,308,13,295,9.67741935483871,5.865102639296188,3.812316715542522,90.32258064516128,3.812316715542522,86.51026392961877
E00005978,321,61,28,33,260,13,247,19.003115264797508,8.722741433021806,10.2803738317757,80.99688473520249,4.049844236760125,76.94704049844236
E00005979,349,43,20,23,306,11,295,12.320916905444127,5.730659025787966,6.59025787965616,87.67908309455588,3.151862464183381,84.5272206303725
E00005980,357,53,26,27,304,18,286,14.84593837535014,7.282913165266107,7.563025210084033,85.15406162464986,5.042016806722689,80.11204481792717
E00005981,249,43,23,20,206,10,196,17.269076305220885,9.236947791164658,8.032128514056225,82.73092369477911,4.016064257028113,78.714859437751
E00005982,368,68,37,31,300,24,276,18.478260869565215,10.054347826086957,8.423913043478262,81.52173913043478,6.521739130434782,75
E00005983,434,61,14,47,373,24,349,14.055299539170507,3.225806451612903,10.829493087557603,85.9447004608295,5.529953917050691,80.4147465437788
E00005984,417,40,14,26,377,30,347,9.59232613908873,3.357314148681055,6.235011990407674,90.40767386091127,7.1942446043165464,83.21342925659472
E00005985,321,31,12,19,290,15,275,9.657320872274143,3.7383177570093453,5.919003115264798,90.34267912772586,4.672897196261682,85.66978193146417
E00005986,339,25,7,18,314,16,298,7.374631268436578,2.0648967551622417,5.3097345132743365,92.62536873156341,4.71976401179941,87.90560471976401
E00005987,309,43,21,22,266,11,255,13.915857605177994,6.796116504854369,7.119741100323624,86.08414239482201,3.559870550161812,82.52427184466019
E00005988,304,37,18,19,267,20,247,12.171052631578947,5.921052631578947,6.25,87.82894736842105,6.578947368421052,81.25
E00005989,412,46,24,22,366,15,351,11.165048543689322,5.825242718446602,5.339805825242718,88.83495145631069,3.640776699029126,85.19417475728154
E00005990,391,38,14,24,353,27,326,9.718670076726342,3.580562659846547,6.138107416879795,90.28132992327366,6.905370843989769,83.37595907928389
E00005991,307,47,17,30,260,14,246,15.309446254071663,5.537459283387622,9.77198697068404,84.69055374592834,4.5602605863192185,80.13029315960912
E00005992,342,49,25,24,293,26,267,14.327485380116958,7.309941520467836,7.017543859649122,85.67251461988305,7.602339181286549,78.0701754385965
E00005993,411,35,11,24,376,33,343,8.51581508515815,2.67639902676399,5.839416058394161,91.48418491484185,8.02919708029197,83.45498783454988
E00005994,342,38,11,27,304,19,285,11.11111111111111,3.216374269005848,7.894736842105263,88.88888888888889,5.555555555555555,83.33333333333334
E00005995,258,35,16,19,223,19,204,13.565891472868216,6.2015503875969,7.3643410852713185,86.43410852713178,7.3643410852713185,79.06976744186046
E00005996,418,62,32,30,356,14,342,14.832535885167463,7.655502392344498,7.177033492822966,85.16746411483254,3.349282296650718,81.81818181818183
E00005997,372,39,15,24,333,24,309,10.483870967741936,4.032258064516129,6.451612903225806,89.51612903225806,6.451612903225806,83.06451612903226
E00005998,260,37,14,23,223,21,202,14.23076923076923,5.384615384615385,8.846153846153847,85.76923076923076,8.076923076923077,77.6923076923077
E00005999,299,37,9,28,262,16,246,12.37458193979933,3.0100334448160537,9.364548494983277,87.62541806020067,5.351170568561873,82.2742474916388
E00006000,287,28,16,12,259,16,243,9.75609756097561,5.574912891986063,4.181184668989547,90.2439024390244,5.574912891986063,84.66898954703834
E00006001,404,53,16,37,351,24,327,13.118811881188119,3.9603960396039604,9.158415841584159,86.88118811881188,5.9405940594059405,80.94059405940595
E00006002,386,62,38,24,324,13,311,16.06217616580311,9.844559585492227,6.217616580310881,83.93782383419689,3.3678756476683938,80.56994818652849
E00006003,355,48,24,24,307,19,288,13.521126760563378,6.760563380281689,6.760563380281689,86.47887323943661,5.352112676056338,81.12676056338029
E00006004,532,63,22,41,469,25,444,11.842105263157894,4.135338345864661,7.7067669172932325,88.1578947368421,4.6992481203007515,83.45864661654136
E00006005,323,36,15,21,287,21,266,11.145510835913312,4.643962848297214,6.5015479876160995,88.85448916408669,6.5015479876160995,82.35294117647058
E00006006,333,42,22,20,291,11,280,12.612612612612612,6.606606606606606,6.006006006006006,87.38738738738738,3.303303303303303,84.08408408408408
E00006007,290,40,15,25,250,23,227,13.793103448275861,5.172413793103448,8.620689655172415,86.20689655172413,7.931034482758621,78.27586206896552
E00006008,267,54,26,28,213,14,199,20.224719101123593,9.737827715355806,10.486891385767791,79.7752808988764,5.2434456928838955,74.53183520599251
E00006009,259,32,10,22,227,14,213,12.355212355212355,3.861003861003861,8.494208494208493,87.64478764478764,5.405405405405405,82.23938223938224
E00006010,283,45,17,28,238,17,221,15.901060070671377,6.007067137809187,9.89399293286219,84.09893992932862,6.007067137809187,78.09187279151944
E00006011,388,31,12,19,357,18,339,7.989690721649484,3.0927835051546393,4.896907216494846,92.0103092783505,4.639175257731959,87.37113402061856
E00006012,488,106,50,56,382,21,361,21.721311475409834,10.245901639344263,11.475409836065573,78.27868852459017,4.30327868852459,73.97540983606558
E00006013,360,36,11,25,324,23,301,10,3.0555555555555554,6.944444444444445,90,6.388888888888888,83.61111111111111
E00006014,297,52,30,22,245,17,228,17.50841750841751,10.1010101010101,7.4074074074074066,82.49158249158249,5.723905723905724,76.76767676767676
E00006015,351,53,14,39,298,15,283,15.0997150997151,3.9886039886039883,11.11111111111111,84.9002849002849,4.273504273504273,80.62678062678063
E00006016,229,46,21,25,183,9,174,20.087336244541483,9.170305676855897,10.91703056768559,79.91266375545851,3.9301310043668125,75.9825327510917
E00006017,363,46,12,34,317,30,287,12.672176308539946,3.3057851239669422,9.366391184573002,87.32782369146005,8.264462809917356,79.06336088154269
E00006018,167,16,4,12,151,5,146,9.580838323353294,2.3952095808383236,7.18562874251497,90.41916167664671,2.9940119760479043,87.42514970059881
E00006019,408,43,17,26,365,23,342,10.53921568627451,4.166666666666666,6.372549019607843,89.4607843137255,5.637254901960785,83.82352941176471
E00006020,298,32,11,21,266,16,250,10.738255033557047,3.691275167785235,7.046979865771812,89.26174496644296,5.369127516778524,83.89261744966443
E00006021,444,124,84,40,320,33,287,27.927927927927925,18.91891891891892,9.00900900900901,72.07207207207207,7.4324324324324325,64.63963963963964
E00006022,314,37,14,23,277,9,268,11.78343949044586,4.45859872611465,7.32484076433121,88.21656050955414,2.8662420382165608,85.35031847133759
E00006023,333,32,14,18,301,20,281,9.60960960960961,4.2042042042042045,5.405405405405405,90.39039039039038,6.006006006006006,84.38438438438438
E00006024,322,29,10,19,293,19,274,9.006211180124224,3.1055900621118013,5.900621118012422,90.99378881987577,5.900621118012422,85.09316770186336
E00006025,216,24,11,13,192,16,176,11.11111111111111,5.092592592592593,6.018518518518518,88.88888888888889,7.4074074074074066,81.48148148148148
E00006026,262,37,16,21,225,14,211,14.122137404580155,6.106870229007633,8.015267175572518,85.87786259541986,5.343511450381679,80.53435114503816
E00006027,373,43,22,21,330,21,309,11.528150134048257,5.898123324396782,5.630026809651475,88.47184986595174,5.630026809651475,82.84182305630027
E00006028,320,53,22,31,267,16,251,16.5625,6.875000000000001,9.6875,83.4375,5,78.4375
E00006029,351,43,21,22,308,10,298,12.250712250712251,5.982905982905983,6.267806267806268,87.74928774928775,2.849002849002849,84.9002849002849
E00006030,288,30,9,21,258,9,249,10.416666666666668,3.125,7.291666666666667,89.58333333333334,3.125,86.45833333333334
E00006031,367,46,23,23,321,13,308,12.534059945504087,6.267029972752043,6.267029972752043,87.46594005449592,3.5422343324250685,83.92370572207084
E00006032,357,38,11,27,319,10,309,10.644257703081232,3.081232492997199,7.563025210084033,89.35574229691878,2.801120448179272,86.5546218487395
E00006033,287,34,6,28,253,24,229,11.846689895470384,2.0905923344947737,9.75609756097561,88.15331010452961,8.362369337979095,79.79094076655052
E00006034,299,35,14,21,264,22,242,11.705685618729097,4.682274247491638,7.023411371237458,88.2943143812709,7.357859531772576,80.93645484949833
E00006035,305,49,25,24,256,23,233,16.065573770491802,8.19672131147541,7.868852459016394,83.93442622950819,7.540983606557377,76.39344262295083
E00006036,257,20,6,14,237,15,222,7.782101167315175,2.3346303501945527,5.447470817120623,92.21789883268482,5.836575875486381,86.38132295719845
E00006037,330,27,13,14,303,24,279,8.181818181818182,3.939393939393939,4.242424242424243,91.81818181818183,7.2727272727272725,84.54545454545455
E00006038,396,56,30,26,340,14,326,14.14141414141414,7.575757575757576,6.565656565656567,85.85858585858585,3.535353535353535,82.32323232323232
E00006039,363,38,13,25,325,23,302,10.46831955922865,3.581267217630854,6.887052341597796,89.53168044077135,6.336088154269973,83.19559228650138
E00006040,422,44,12,32,378,37,341,10.42654028436019,2.843601895734597,7.5829383886255926,89.57345971563981,8.767772511848342,80.80568720379146
E00006041,288,47,12,35,241,19,222,16.319444444444446,4.166666666666666,12.152777777777777,83.68055555555556,6.597222222222222,77.08333333333334
E00006042,329,40,18,22,289,19,270,12.158054711246201,5.47112462006079,6.68693009118541,87.84194528875379,5.775075987841945,82.06686930091185
E00006043,211,41,14,27,170,9,161,19.431279620853083,6.6350710900473935,12.796208530805686,80.56872037914692,4.265402843601896,76.30331753554502
E00006044,339,30,9,21,309,26,283,8.849557522123893,2.6548672566371683,6.1946902654867255,91.1504424778761,7.669616519174041,83.48082595870207
E00006045,354,30,12,18,324,21,303,8.47457627118644,3.389830508474576,5.084745762711865,91.52542372881356,5.932203389830509,85.59322033898306
E00006046,455,83,33,50,372,20,352,18.24175824175824,7.252747252747254,10.989010989010989,81.75824175824175,4.395604395604396,77.36263736263737
E00006047,352,32,2,30,320,26,294,9.090909090909092,0.5681818181818182,8.522727272727272,90.9090909090909,7.386363636363637,83.52272727272727
E00006048,342,67,33,34,275,14,261,19.5906432748538,9.649122807017543,9.941520467836257,80.4093567251462,4.093567251461988,76.31578947368422
E00006049,342,35,12,23,307,22,285,10.23391812865497,3.508771929824561,6.725146198830409,89.76608187134502,6.432748538011696,83.33333333333334
E00006050,307,19,6,13,288,22,266,6.188925081433225,1.9543973941368076,4.234527687296417,93.81107491856677,7.166123778501629,86.64495114006515
E00006051,326,63,35,28,263,11,252,19.32515337423313,10.736196319018406,8.588957055214724,80.67484662576688,3.374233128834356,77.30061349693251
E00006052,224,30,13,17,194,13,181,13.392857142857142,5.803571428571429,7.5892857142857135,86.60714285714286,5.803571428571429,80.80357142857143
E00006053,347,38,18,20,309,20,289,10.951008645533141,5.187319884726225,5.763688760806916,89.04899135446685,5.763688760806916,83.28530259365994
E00006054,359,70,36,34,289,22,267,19.498607242339833,10.027855153203342,9.47075208913649,80.50139275766016,6.128133704735376,74.3732590529248
E00006055,375,41,18,23,334,25,309,10.933333333333334,4.8,6.133333333333333,89.06666666666668,6.666666666666667,82.39999999999999
E00006056,265,42,14,28,223,17,206,15.849056603773585,5.283018867924529,10.566037735849058,84.15094339622642,6.415094339622642,77.73584905660378
E00006057,335,41,25,16,294,14,280,12.238805970149254,7.462686567164178,4.776119402985075,87.76119402985074,4.179104477611941,83.5820895522388
E00006058,469,61,20,41,408,13,395,13.00639658848614,4.264392324093817,8.742004264392325,86.99360341151386,2.771855010660981,84.22174840085287
E00006059,391,47,17,30,344,16,328,12.020460358056265,4.3478260869565215,7.672634271099745,87.97953964194375,4.092071611253197,83.88746803069054
E00006060,331,34,20,14,297,14,283,10.27190332326284,6.042296072507553,4.229607250755287,89.72809667673715,4.229607250755287,85.49848942598187
E00006061,393,43,26,17,350,11,339,10.941475826972011,6.615776081424936,4.325699745547073,89.05852417302799,2.7989821882951653,86.25954198473282
E00006062,415,44,19,25,371,15,356,10.602409638554217,4.578313253012048,6.024096385542169,89.39759036144578,3.614457831325301,85.78313253012048
E00006063,464,67,40,27,397,15,382,14.439655172413794,8.620689655172415,5.818965517241379,85.5603448275862,3.2327586206896552,82.32758620689656
E00006064,381,64,43,21,317,12,305,16.79790026246719,11.286089238845145,5.511811023622047,83.2020997375328,3.149606299212598,80.0524934383202
E00006065,332,56,29,27,276,9,267,16.867469879518072,8.734939759036145,8.132530120481928,83.13253012048193,2.710843373493976,80.42168674698796
E00006066,354,45,18,27,309,6,303,12.711864406779661,5.084745762711865,7.627118644067797,87.28813559322035,1.694915254237288,85.59322033898306
E00006067,460,56,34,22,404,15,389,12.173913043478262,7.391304347826087,4.782608695652174,87.82608695652175,3.260869565217391,84.56521739130434
E00006068,363,112,51,61,251,9,242,30.853994490358126,14.049586776859504,16.804407713498623,69.14600550964187,2.479338842975207,66.66666666666666
E00006069,590,77,37,40,513,27,486,13.050847457627118,6.271186440677965,6.779661016949152,86.94915254237287,4.576271186440678,82.37288135593221
E00006071,353,67,35,32,286,13,273,18.980169971671387,9.91501416430595,9.06515580736544,81.01983002832861,3.6827195467422094,77.33711048158641
E00006072,359,51,26,25,308,15,293,14.206128133704734,7.242339832869081,6.963788300835655,85.79387186629526,4.178272980501393,81.61559888579387
E00006073,432,62,30,32,370,10,360,14.351851851851851,6.944444444444445,7.4074074074074066,85.64814814814815,2.314814814814815,83.33333333333334
E00006074,181,41,26,15,140,5,135,22.65193370165746,14.3646408839779,8.287292817679557,77.34806629834254,2.7624309392265194,74.58563535911603
E00006075,505,59,26,33,446,9,437,11.683168316831685,5.148514851485149,6.534653465346535,88.31683168316832,1.782178217821782,86.53465346534654
E00006076,410,53,20,33,357,13,344,12.926829268292684,4.878048780487805,8.048780487804878,87.07317073170732,3.1707317073170733,83.90243902439025
E00006077,488,73,35,38,415,18,397,14.959016393442623,7.172131147540983,7.786885245901639,85.04098360655738,3.6885245901639343,81.35245901639344
E00006078,443,61,32,29,382,12,370,13.769751693002258,7.223476297968396,6.5462753950338595,86.23024830699775,2.708803611738149,83.52144469525959
E00006079,432,53,26,27,379,6,373,12.268518518518519,6.018518518518518,6.25,87.73148148148148,1.3888888888888888,86.3425925925926
E00006080,411,61,37,24,350,12,338,14.841849148418493,9.002433090024331,5.839416058394161,85.15815085158151,2.9197080291970803,82.23844282238443
E00006081,580,100,56,44,480,15,465,17.24137931034483,9.655172413793103,7.586206896551724,82.75862068965517,2.586206896551724,80.17241379310344
E00006082,490,73,33,40,417,16,401,14.897959183673471,6.73469387755102,8.16326530612245,85.10204081632654,3.2653061224489797,81.83673469387756
E00006083,504,57,26,31,447,21,426,11.30952380952381,5.158730158730158,6.15079365079365,88.69047619047619,4.166666666666666,84.52380952380952
E00006084,481,76,37,39,405,21,384,15.800415800415802,7.6923076923076925,8.108108108108109,84.1995841995842,4.365904365904366,79.83367983367984
E00006085,395,43,18,25,352,14,338,10.886075949367088,4.556962025316456,6.329113924050633,89.1139240506329,3.5443037974683547,85.56962025316456
E00006086,499,62,31,31,437,11,426,12.424849699398797,6.212424849699398,6.212424849699398,87.5751503006012,2.2044088176352705,85.37074148296593
E00006087,474,69,36,33,405,18,387,14.556962025316455,7.59493670886076,6.962025316455696,85.44303797468355,3.79746835443038,81.64556962025317
E00006088,527,111,80,31,416,13,403,21.062618595825427,15.180265654648956,5.88235294117647,78.93738140417457,2.4667931688804554,76.47058823529412
E00006089,468,74,50,24,394,8,386,15.81196581196581,10.683760683760683,5.128205128205128,84.1880341880342,1.7094017094017095,82.47863247863248
E00006090,402,33,13,20,369,13,356,8.208955223880597,3.233830845771144,4.975124378109453,91.7910447761194,3.233830845771144,88.55721393034825
E00006091,314,31,16,15,283,20,263,9.872611464968154,5.095541401273886,4.777070063694268,90.12738853503186,6.369426751592357,83.7579617834395
E00006092,411,56,35,21,355,28,327,13.62530413625304,8.51581508515815,5.109489051094891,86.37469586374696,6.81265206812652,79.56204379562044
E00006093,297,44,27,17,253,17,236,14.814814814814813,9.090909090909092,5.723905723905724,85.18518518518519,5.723905723905724,79.46127946127946
E00006094,358,55,26,29,303,15,288,15.363128491620111,7.262569832402235,8.100558659217876,84.63687150837988,4.189944134078212,80.44692737430168
E00006095,288,28,10,18,260,19,241,9.722222222222223,3.4722222222222223,6.25,90.27777777777779,6.597222222222222,83.68055555555556
E00006096,239,22,8,14,217,20,197,9.205020920502092,3.3472803347280333,5.857740585774058,90.7949790794979,8.368200836820083,82.42677824267783
E00006097,340,34,9,25,306,17,289,10,2.6470588235294117,7.352941176470589,90,5,85
E00006098,245,32,11,21,213,18,195,13.061224489795919,4.489795918367347,8.571428571428571,86.93877551020408,7.346938775510205,79.59183673469387
E00006099,290,45,21,24,245,17,228,15.517241379310345,7.241379310344828,8.275862068965518,84.48275862068965,5.862068965517241,78.62068965517241
E00006100,222,41,16,25,181,10,171,18.46846846846847,7.207207207207207,11.26126126126126,81.53153153153153,4.504504504504505,77.02702702702703
E00006101,220,23,6,17,197,14,183,10.454545454545453,2.727272727272727,7.727272727272727,89.54545454545455,6.363636363636363,83.18181818181817
E00006102,326,39,9,30,287,27,260,11.96319018404908,2.7607361963190185,9.202453987730062,88.03680981595092,8.282208588957054,79.75460122699386
E00006103,256,24,13,11,232,13,219,9.375,5.078125,4.296875,90.625,5.078125,85.546875
E00006104,304,42,14,28,262,21,241,13.815789473684212,4.605263157894736,9.210526315789473,86.18421052631578,6.907894736842106,79.27631578947368
E00006105,309,47,24,23,262,10,252,15.210355987055015,7.766990291262135,7.443365695792881,84.78964401294499,3.2362459546925564,81.55339805825243
E00006106,257,18,6,12,239,22,217,7.003891050583658,2.3346303501945527,4.669260700389105,92.99610894941634,8.560311284046692,84.43579766536965
E00006107,298,38,16,22,260,24,236,12.751677852348994,5.369127516778524,7.38255033557047,87.24832214765101,8.053691275167784,79.19463087248322
E00006108,295,43,14,29,252,33,219,14.576271186440678,4.745762711864407,9.830508474576272,85.42372881355932,11.186440677966102,74.23728813559322
E00006109,308,38,11,27,270,42,228,12.337662337662337,3.571428571428571,8.766233766233766,87.66233766233766,13.636363636363635,74.02597402597402
E00006110,311,26,10,16,285,21,264,8.360128617363344,3.215434083601286,5.144694533762058,91.63987138263666,6.752411575562702,84.88745980707395
E00006111,328,32,12,20,296,26,270,9.75609756097561,3.6585365853658534,6.097560975609756,90.2439024390244,7.926829268292683,82.3170731707317
E00006112,305,19,6,13,286,16,270,6.229508196721312,1.9672131147540985,4.2622950819672125,93.77049180327869,5.245901639344262,88.52459016393442
E00006113,321,29,4,25,292,17,275,9.034267912772584,1.2461059190031152,7.78816199376947,90.96573208722741,5.29595015576324,85.66978193146417
E00006114,282,31,9,22,251,12,239,10.99290780141844,3.1914893617021276,7.801418439716312,89.00709219858156,4.25531914893617,84.75177304964538
E00006115,425,38,12,26,387,30,357,8.941176470588236,2.823529411764706,6.11764705882353,91.05882352941177,7.0588235294117645,84
E00006116,285,29,18,11,256,21,235,10.175438596491228,6.315789473684211,3.8596491228070176,89.82456140350877,7.368421052631578,82.45614035087719
E00006118,282,26,5,21,256,23,233,9.219858156028367,1.773049645390071,7.446808510638298,90.78014184397163,8.156028368794328,82.62411347517731
E00006119,344,38,11,27,306,17,289,11.046511627906977,3.1976744186046515,7.848837209302325,88.95348837209302,4.941860465116279,84.01162790697676
E00006120,236,19,4,15,217,17,200,8.050847457627118,1.694915254237288,6.3559322033898304,91.94915254237289,7.203389830508475,84.7457627118644
E00006121,166,23,11,12,143,6,137,13.855421686746988,6.626506024096386,7.228915662650602,86.14457831325302,3.614457831325301,82.53012048192771
E00006122,281,34,8,26,247,16,231,12.099644128113878,2.8469750889679712,9.252669039145907,87.90035587188612,5.6939501779359425,82.20640569395017
E00006123,276,37,17,20,239,23,216,13.405797101449277,6.159420289855073,7.246376811594203,86.59420289855072,8.333333333333332,78.26086956521739
E00006124,324,41,16,25,283,17,266,12.654320987654321,4.938271604938271,7.716049382716049,87.34567901234568,5.246913580246913,82.09876543209876
E00006125,327,37,20,17,290,18,272,11.314984709480122,6.116207951070336,5.198776758409786,88.68501529051987,5.5045871559633035,83.18042813455658
E00006127,316,41,14,27,275,20,255,12.974683544303797,4.430379746835443,8.544303797468354,87.0253164556962,6.329113924050633,80.69620253164557
E00006128,200,19,10,9,181,14,167,9.5,5,4.5,90.5,7.000000000000001,83.5
E00006130,470,57,27,30,413,26,387,12.127659574468085,5.74468085106383,6.382978723404255,87.87234042553192,5.531914893617021,82.34042553191489
E00006131,281,40,18,22,241,20,221,14.23487544483986,6.405693950177936,7.829181494661921,85.76512455516014,7.11743772241993,78.64768683274022
E00006132,196,47,29,18,149,13,136,23.97959183673469,14.795918367346939,9.183673469387756,76.0204081632653,6.63265306122449,69.38775510204081
E00006133,277,24,11,13,253,16,237,8.664259927797833,3.9711191335740073,4.693140794223827,91.33574007220217,5.776173285198556,85.5595667870036
E00006134,294,31,12,19,263,14,249,10.54421768707483,4.081632653061225,6.462585034013606,89.45578231292517,4.761904761904762,84.6938775510204
E00006135,337,33,16,17,304,22,282,9.792284866468842,4.747774480712167,5.044510385756676,90.20771513353115,6.528189910979229,83.67952522255193
E00006136,353,52,21,31,301,17,284,14.730878186968837,5.94900849858357,8.78186968838527,85.26912181303116,4.815864022662889,80.45325779036827
E00006137,265,29,13,16,236,26,210,10.943396226415095,4.905660377358491,6.037735849056604,89.05660377358491,9.811320754716983,79.24528301886792
E00006138,329,27,8,19,302,29,273,8.206686930091186,2.43161094224924,5.775075987841945,91.7933130699088,8.814589665653495,82.97872340425532
E00006139,322,48,22,26,274,27,247,14.906832298136646,6.832298136645963,8.074534161490684,85.09316770186336,8.385093167701864,76.70807453416148
E00006140,276,51,20,31,225,13,212,18.478260869565215,7.246376811594203,11.231884057971014,81.52173913043478,4.710144927536232,76.81159420289855
E00006141,341,64,26,38,277,14,263,18.7683284457478,7.624633431085044,11.143695014662756,81.23167155425219,4.105571847507331,77.12609970674487
E00006142,319,53,26,27,266,21,245,16.614420062695924,8.150470219435736,8.463949843260188,83.38557993730407,6.583072100313479,76.8025078369906
E00006143,251,35,7,28,216,21,195,13.94422310756972,2.788844621513944,11.155378486055776,86.05577689243027,8.366533864541832,77.68924302788844
E00006144,272,38,12,26,234,14,220,13.970588235294118,4.411764705882353,9.558823529411764,86.02941176470588,5.147058823529411,80.88235294117648
E00006145,371,59,29,30,312,20,292,15.902964959568733,7.816711590296496,8.086253369272237,84.09703504043127,5.3908355795148255,78.70619946091644
E00006146,310,42,14,28,268,16,252,13.548387096774196,4.516129032258064,9.032258064516128,86.45161290322581,5.161290322580645,81.29032258064515
E00006147,273,43,21,22,230,18,212,15.75091575091575,7.6923076923076925,8.058608058608058,84.24908424908425,6.593406593406594,77.65567765567766
E00006148,292,48,22,26,244,13,231,16.43835616438356,7.534246575342466,8.904109589041095,83.56164383561644,4.4520547945205475,79.1095890410959
E00006149,459,38,7,31,421,38,383,8.278867102396514,1.5250544662309369,6.753812636165578,91.72113289760348,8.278867102396514,83.44226579520696
E00006150,351,43,11,32,308,33,275,12.250712250712251,3.133903133903134,9.116809116809117,87.74928774928775,9.401709401709402,78.34757834757835
E00006151,310,36,17,19,274,15,259,11.612903225806452,5.483870967741936,6.129032258064516,88.38709677419355,4.838709677419355,83.54838709677419
E00006153,270,20,1,19,250,23,227,7.4074074074074066,0.3703703703703704,7.037037037037037,92.5925925925926,8.518518518518519,84.07407407407408
E00006154,267,31,10,21,236,23,213,11.610486891385769,3.7453183520599254,7.865168539325842,88.38951310861424,8.614232209737828,79.7752808988764
E00006155,373,39,17,22,334,14,320,10.455764075067025,4.557640750670242,5.898123324396782,89.54423592493298,3.753351206434316,85.79088471849866
E00006156,258,37,19,18,221,6,215,14.34108527131783,7.3643410852713185,6.976744186046512,85.65891472868216,2.3255813953488373,83.33333333333334
E00006157,424,60,22,38,364,26,338,14.150943396226415,5.188679245283019,8.962264150943396,85.84905660377359,6.132075471698113,79.71698113207547
E00006158,285,42,19,23,243,19,224,14.736842105263156,6.666666666666667,8.070175438596491,85.26315789473684,6.666666666666667,78.59649122807018
E00006159,250,21,8,13,229,21,208,8.4,3.2,5.2,91.60000000000001,8.4,83.2
E00006160,313,40,16,24,273,14,259,12.779552715654951,5.111821086261981,7.667731629392971,87.22044728434504,4.472843450479233,82.74760383386581
E00006161,316,60,32,28,256,12,244,18.9873417721519,10.126582278481013,8.860759493670885,81.0126582278481,3.79746835443038,77.21518987341773
E00006162,289,41,16,25,248,20,228,14.186851211072666,5.536332179930796,8.650519031141869,85.81314878892734,6.920415224913495,78.89273356401384
E00006163,343,39,13,26,304,15,289,11.370262390670554,3.7900874635568513,7.580174927113703,88.62973760932945,4.373177842565598,84.25655976676384
E00006164,291,38,16,22,253,16,237,13.058419243986256,5.498281786941581,7.560137457044673,86.94158075601375,5.498281786941581,81.44329896907216
E00006165,281,28,10,18,253,12,241,9.9644128113879,3.558718861209965,6.405693950177936,90.0355871886121,4.270462633451958,85.76512455516014
E00006166,469,69,39,30,400,16,384,14.712153518123666,8.315565031982942,6.396588486140725,85.28784648187633,3.411513859275053,81.87633262260128
E00006167,281,42,20,22,239,14,225,14.94661921708185,7.11743772241993,7.829181494661921,85.05338078291815,4.98220640569395,80.0711743772242
E00006168,201,26,10,16,175,12,163,12.935323383084576,4.975124378109453,7.960199004975125,87.06467661691542,5.970149253731343,81.09452736318407
E00006169,194,28,13,15,166,13,153,14.432989690721648,6.701030927835052,7.731958762886598,85.56701030927834,6.701030927835052,78.8659793814433
E00006170,284,29,10,19,255,14,241,10.211267605633804,3.5211267605633805,6.690140845070422,89.7887323943662,4.929577464788732,84.85915492957746
E00006171,330,41,19,22,289,22,267,12.424242424242424,5.757575757575758,6.666666666666667,87.57575757575758,6.666666666666667,80.9090909090909
E00006172,295,37,15,22,258,22,236,12.54237288135593,5.084745762711865,7.457627118644068,87.45762711864407,7.457627118644068,80
E00006173,207,31,13,18,176,19,157,14.975845410628018,6.280193236714976,8.695652173913043,85.02415458937197,9.178743961352657,75.84541062801932
E00006174,199,48,20,28,151,14,137,24.120603015075375,10.050251256281408,14.07035175879397,75.87939698492463,7.035175879396985,68.84422110552764
E00006175,299,30,7,23,269,27,242,10.033444816053512,2.341137123745819,7.6923076923076925,89.96655518394648,9.03010033444816,80.93645484949833
E00006176,365,107,81,26,258,21,237,29.315068493150687,22.19178082191781,7.123287671232877,70.68493150684931,5.7534246575342465,64.93150684931507
E00006177,258,24,6,18,234,24,210,9.30232558139535,2.3255813953488373,6.976744186046512,90.69767441860465,9.30232558139535,81.3953488372093
E00006178,324,34,13,21,290,17,273,10.493827160493826,4.012345679012346,6.481481481481481,89.50617283950618,5.246913580246913,84.25925925925925
E00006179,267,29,7,22,238,17,221,10.861423220973784,2.6217228464419478,8.239700374531834,89.13857677902621,6.367041198501873,82.77153558052434
E00006180,304,34,11,23,270,20,250,11.18421052631579,3.618421052631579,7.565789473684211,88.81578947368422,6.578947368421052,82.23684210526315
E00006181,610,78,36,42,532,36,496,12.786885245901638,5.901639344262295,6.885245901639345,87.21311475409837,5.901639344262295,81.31147540983606
E00006182,278,39,17,22,239,6,233,14.028776978417264,6.115107913669065,7.913669064748201,85.97122302158273,2.158273381294964,83.81294964028777
E00006183,319,40,17,23,279,16,263,12.539184952978054,5.329153605015674,7.210031347962382,87.46081504702194,5.015673981191222,82.44514106583071
E00006185,361,54,23,31,307,13,294,14.958448753462603,6.3711911357340725,8.587257617728532,85.0415512465374,3.6011080332409975,81.4404432132964
E00006186,350,52,25,27,298,12,286,14.857142857142858,7.142857142857142,7.7142857142857135,85.14285714285714,3.428571428571429,81.71428571428572
E00006187,329,30,8,22,299,14,285,9.118541033434651,2.43161094224924,6.68693009118541,90.88145896656535,4.25531914893617,86.62613981762918
E00006188,276,22,10,12,254,11,243,7.971014492753622,3.6231884057971016,4.3478260869565215,92.02898550724638,3.985507246376811,88.04347826086956
E00006190,364,39,12,27,325,13,312,10.714285714285714,3.296703296703297,7.417582417582418,89.28571428571429,3.571428571428571,85.71428571428571
E00006191,403,60,24,36,343,15,328,14.888337468982629,5.955334987593052,8.933002481389577,85.11166253101737,3.722084367245657,81.38957816377172
E00006192,490,54,26,28,436,18,418,11.020408163265307,5.3061224489795915,5.714285714285714,88.9795918367347,3.6734693877551026,85.3061224489796
E00006194,368,59,34,25,309,18,291,16.032608695652172,9.239130434782608,6.7934782608695645,83.96739130434783,4.891304347826087,79.07608695652173
E00006195,286,47,27,20,239,13,226,16.433566433566433,9.44055944055944,6.993006993006993,83.56643356643356,4.545454545454546,79.02097902097903
E00006197,448,50,23,27,398,30,368,11.160714285714286,5.133928571428571,6.026785714285714,88.83928571428571,6.696428571428571,82.14285714285714
E00006198,529,63,25,38,466,18,448,11.909262759924385,4.725897920604915,7.183364839319471,88.09073724007561,3.402646502835539,84.68809073724007
E00006199,424,36,14,22,388,14,374,8.49056603773585,3.30188679245283,5.188679245283019,91.50943396226415,3.30188679245283,88.20754716981132
E00006200,263,38,19,19,225,13,212,14.44866920152091,7.224334600760455,7.224334600760455,85.55133079847909,4.942965779467681,80.6083650190114
E00006201,363,70,37,33,293,17,276,19.28374655647383,10.192837465564738,9.090909090909092,80.71625344352617,4.683195592286501,76.03305785123968
E00006202,340,43,12,31,297,22,275,12.647058823529411,3.5294117647058822,9.117647058823529,87.3529411764706,6.470588235294119,80.88235294117648
E00006203,382,46,18,28,336,14,322,12.041884816753926,4.712041884816754,7.329842931937172,87.95811518324608,3.664921465968586,84.29319371727748
E00006204,544,83,28,55,461,21,440,15.257352941176471,5.147058823529411,10.11029411764706,84.74264705882352,3.860294117647059,80.88235294117648
E00006205,467,46,19,27,421,13,408,9.850107066381156,4.068522483940043,5.781584582441114,90.14989293361884,2.7837259100642395,87.36616702355461
E00006206,454,43,9,34,411,20,391,9.47136563876652,1.9823788546255507,7.488986784140969,90.52863436123349,4.405286343612335,86.12334801762115
E00006207,461,65,23,42,396,23,373,14.099783080260304,4.989154013015185,9.11062906724512,85.90021691973969,4.989154013015185,80.91106290672451
E00006208,365,60,24,36,305,24,281,16.43835616438356,6.575342465753424,9.863013698630137,83.56164383561644,6.575342465753424,76.98630136986301
E00006209,458,52,27,25,406,11,395,11.353711790393014,5.895196506550218,5.458515283842795,88.64628820960698,2.4017467248908297,86.24454148471615
E00006210,370,39,13,26,331,14,317,10.54054054054054,3.5135135135135136,7.027027027027027,89.45945945945945,3.783783783783784,85.67567567567568
E00006211,467,61,29,32,406,24,382,13.062098501070663,6.209850107066381,6.852248394004283,86.93790149892934,5.139186295503212,81.79871520342613
E00006212,447,59,30,29,388,15,373,13.19910514541387,6.7114093959731544,6.487695749440715,86.80089485458613,3.3557046979865772,83.44519015659955
E00006213,248,36,11,25,212,5,207,14.516129032258066,4.435483870967742,10.080645161290322,85.48387096774194,2.0161290322580645,83.46774193548387
E00006214,350,52,26,26,298,17,281,14.857142857142858,7.428571428571429,7.428571428571429,85.14285714285714,4.857142857142857,80.28571428571428
E00006216,542,74,33,41,468,22,446,13.653136531365314,6.088560885608856,7.564575645756458,86.34686346863468,4.059040590405904,82.28782287822878
E00006217,354,50,29,21,304,14,290,14.124293785310735,8.192090395480225,5.932203389830509,85.87570621468926,3.954802259887006,81.92090395480226
E00006218,269,37,18,19,232,16,216,13.754646840148698,6.691449814126393,7.063197026022305,86.2453531598513,5.947955390334572,80.29739776951673
E00006219,338,35,14,21,303,15,288,10.355029585798817,4.142011834319527,6.21301775147929,89.64497041420118,4.437869822485207,85.20710059171599
E00006220,389,36,9,27,353,16,337,9.254498714652955,2.313624678663239,6.940874035989718,90.74550128534705,4.113110539845758,86.63239074550128
E00006221,467,69,36,33,398,17,381,14.775160599571734,7.708779443254818,7.066381156316917,85.22483940042827,3.640256959314775,81.5845824411135
E00006224,374,25,10,15,349,24,325,6.684491978609626,2.6737967914438503,4.0106951871657754,93.31550802139037,6.417112299465241,86.89839572192514
E00006225,446,69,41,28,377,11,366,15.47085201793722,9.192825112107624,6.278026905829597,84.52914798206278,2.4663677130044843,82.0627802690583
E00006226,401,43,11,32,358,29,329,10.723192019950124,2.7431421446384037,7.98004987531172,89.27680798004988,7.231920199501247,82.04488778054862
E00006227,303,33,13,20,270,16,254,10.891089108910892,4.29042904290429,6.6006600660066,89.10891089108911,5.2805280528052805,83.82838283828383
E00006228,455,59,24,35,396,33,363,12.967032967032969,5.274725274725275,7.6923076923076925,87.03296703296704,7.252747252747254,79.78021978021978
E00006229,414,29,11,18,385,41,344,7.004830917874397,2.657004830917874,4.3478260869565215,92.9951690821256,9.903381642512077,83.09178743961353
E00006230,454,71,29,42,383,28,355,15.638766519823788,6.387665198237885,9.251101321585903,84.36123348017621,6.167400881057269,78.19383259911893
E00006231,429,100,52,48,329,12,317,23.310023310023308,12.121212121212121,11.188811188811188,76.68997668997669,2.797202797202797,73.89277389277389
E00006232,294,84,45,39,210,12,198,28.57142857142857,15.306122448979592,13.26530612244898,71.42857142857143,4.081632653061225,67.3469387755102
E00006233,215,26,8,18,189,14,175,12.093023255813954,3.7209302325581395,8.372093023255815,87.90697674418605,6.511627906976744,81.3953488372093
E00006234,326,43,24,19,283,13,270,13.190184049079754,7.361963190184049,5.828220858895705,86.80981595092024,3.9877300613496933,82.82208588957054
E00006235,305,43,15,28,262,15,247,14.098360655737704,4.918032786885246,9.180327868852459,85.90163934426229,4.918032786885246,80.98360655737706
E00006236,111,26,16,10,85,5,80,23.423423423423422,14.414414414414415,9.00900900900901,76.57657657657657,4.504504504504505,72.07207207207207
E00006237,282,17,1,16,265,11,254,6.028368794326241,0.3546099290780142,5.673758865248227,93.97163120567376,3.900709219858156,90.0709219858156
E00006238,245,35,17,18,210,9,201,14.285714285714285,6.938775510204081,7.346938775510205,85.71428571428571,3.6734693877551026,82.0408163265306
E00006239,509,88,47,41,421,17,404,17.288801571709232,9.233791748526523,8.055009823182711,82.71119842829077,3.3398821218074657,79.3713163064833
E00006240,232,44,21,23,188,9,179,18.96551724137931,9.051724137931034,9.913793103448276,81.03448275862068,3.8793103448275863,77.15517241379311
E00006241,397,77,43,34,320,13,307,19.395465994962215,10.831234256926953,8.564231738035264,80.60453400503779,3.27455919395466,77.32997481108312
E00006242,342,41,15,26,301,12,289,11.988304093567251,4.385964912280701,7.602339181286549,88.01169590643275,3.508771929824561,84.50292397660819
E00006243,344,41,18,23,303,39,264,11.918604651162791,5.232558139534884,6.686046511627906,88.0813953488372,11.337209302325581,76.74418604651163
E00006244,377,46,14,32,331,22,309,12.20159151193634,3.7135278514588856,8.488063660477453,87.79840848806366,5.835543766578249,81.9628647214854
E00006245,331,41,5,36,290,28,262,12.386706948640484,1.5105740181268883,10.876132930513595,87.61329305135952,8.459214501510575,79.15407854984893
E00006246,368,58,24,34,310,24,286,15.760869565217392,6.521739130434782,9.239130434782608,84.23913043478261,6.521739130434782,77.71739130434783
E00006247,338,63,26,37,275,18,257,18.639053254437872,7.6923076923076925,10.946745562130179,81.36094674556213,5.325443786982249,76.03550295857988
E00006248,295,49,24,25,246,14,232,16.610169491525422,8.135593220338983,8.47457627118644,83.38983050847457,4.745762711864407,78.64406779661017
E00006249,582,62,31,31,520,24,496,10.652920962199312,5.326460481099656,5.326460481099656,89.3470790378007,4.123711340206185,85.2233676975945
E00006251,360,45,17,28,315,24,291,12.5,4.722222222222222,7.777777777777778,87.5,6.666666666666667,80.83333333333333
E00006252,364,40,14,26,324,8,316,10.989010989010989,3.8461538461538463,7.142857142857142,89.01098901098901,2.197802197802198,86.81318681318682
E00006253,337,32,11,21,305,23,282,9.495548961424333,3.2640949554896146,6.231454005934718,90.50445103857567,6.824925816023739,83.67952522255193
E00006254,270,31,6,25,239,13,226,11.481481481481481,2.2222222222222223,9.25925925925926,88.51851851851852,4.814814814814815,83.7037037037037
E00006255,330,30,10,20,300,21,279,9.090909090909092,3.0303030303030303,6.0606060606060606,90.9090909090909,6.363636363636363,84.54545454545455
E00006256,382,29,10,19,353,19,334,7.591623036649215,2.6178010471204187,4.973821989528796,92.40837696335078,4.973821989528796,87.43455497382199
E00006257,377,31,10,21,346,20,326,8.222811671087534,2.6525198938992043,5.570291777188329,91.77718832891246,5.305039787798409,86.47214854111405
E00006258,345,25,9,16,320,19,301,7.246376811594203,2.608695652173913,4.63768115942029,92.7536231884058,5.507246376811594,87.2463768115942
E00006259,338,40,17,23,298,24,274,11.834319526627219,5.029585798816568,6.8047337278106506,88.16568047337277,7.100591715976331,81.06508875739645
E00006260,362,35,15,20,327,22,305,9.668508287292818,4.143646408839778,5.524861878453039,90.33149171270718,6.077348066298343,84.25414364640883
E00006262,310,27,11,16,283,12,271,8.709677419354838,3.5483870967741935,5.161290322580645,91.29032258064517,3.870967741935484,87.41935483870968
E00006263,321,34,7,27,287,26,261,10.59190031152648,2.1806853582554515,8.411214953271028,89.40809968847351,8.09968847352025,81.30841121495327
E00006264,320,44,16,28,276,8,268,13.750000000000002,5,8.75,86.25,2.5,83.75
E00006265,313,71,46,25,242,23,219,22.683706070287542,14.696485623003195,7.987220447284344,77.31629392971246,7.348242811501597,69.96805111821087
E00006266,303,52,18,34,251,14,237,17.16171617161716,5.9405940594059405,11.221122112211221,82.83828382838284,4.62046204620462,78.21782178217822
E00006267,280,44,19,25,236,15,221,15.714285714285714,6.785714285714286,8.928571428571429,84.28571428571429,5.357142857142857,78.92857142857143
E00006268,379,39,13,26,340,15,325,10.29023746701847,3.430079155672823,6.860158311345646,89.70976253298153,3.95778364116095,85.75197889182058
E00006269,364,53,28,25,311,21,290,14.560439560439562,7.6923076923076925,6.868131868131869,85.43956043956044,5.769230769230769,79.67032967032966
E00006270,442,161,123,38,281,21,260,36.425339366515836,27.828054298642535,8.597285067873303,63.57466063348416,4.751131221719457,58.82352941176471
E00006271,335,51,20,31,284,11,273,15.223880597014924,5.970149253731343,9.253731343283581,84.77611940298507,3.2835820895522385,81.49253731343283
E00006272,362,72,29,43,290,13,277,19.88950276243094,8.011049723756907,11.878453038674033,80.11049723756905,3.591160220994475,76.51933701657458
E00006273,378,56,28,28,322,14,308,14.814814814814813,7.4074074074074066,7.4074074074074066,85.18518518518519,3.7037037037037033,81.48148148148148
E00006274,349,33,15,18,316,14,302,9.455587392550143,4.297994269340974,5.157593123209169,90.54441260744986,4.011461318051576,86.53295128939828
E00006275,375,42,21,21,333,13,320,11.200000000000001,5.6000000000000005,5.6000000000000005,88.8,3.4666666666666663,85.33333333333334
E00006276,333,38,20,18,295,18,277,11.411411411411411,6.006006006006006,5.405405405405405,88.58858858858859,5.405405405405405,83.18318318318319
E00006277,383,54,27,27,329,17,312,14.099216710182768,7.049608355091384,7.049608355091384,85.90078328981723,4.43864229765013,81.4621409921671
E00006278,382,73,39,34,309,13,296,19.10994764397906,10.209424083769633,8.900523560209423,80.89005235602095,3.4031413612565444,77.4869109947644
E00006279,378,36,15,21,342,14,328,9.523809523809524,3.968253968253968,5.555555555555555,90.47619047619048,3.7037037037037033,86.77248677248677
E00006280,426,106,66,40,320,14,306,24.88262910798122,15.492957746478872,9.389671361502346,75.11737089201877,3.286384976525822,71.83098591549296
E00006281,565,82,36,46,483,20,463,14.513274336283185,6.371681415929204,8.141592920353983,85.48672566371681,3.5398230088495577,81.94690265486726
E00006282,372,67,28,39,305,16,289,18.010752688172044,7.526881720430108,10.483870967741936,81.98924731182797,4.301075268817205,77.68817204301075
E00006283,277,50,25,25,227,10,217,18.050541516245488,9.025270758122744,9.025270758122744,81.94945848375451,3.6101083032490973,78.33935018050542
E00006284,388,59,26,33,329,14,315,15.206185567010309,6.701030927835052,8.505154639175258,84.79381443298969,3.608247422680412,81.18556701030928
E00006285,381,36,18,18,345,17,328,9.448818897637794,4.724409448818897,4.724409448818897,90.5511811023622,4.4619422572178475,86.08923884514435
E00006286,439,68,33,35,371,21,350,15.489749430523919,7.517084282460136,7.972665148063782,84.51025056947609,4.783599088838269,79.72665148063781
E00006287,374,61,29,32,313,21,292,16.31016042780749,7.754010695187167,8.55614973262032,83.68983957219251,5.614973262032086,78.07486631016043
E00006288,310,41,21,20,269,9,260,13.225806451612904,6.774193548387098,6.451612903225806,86.7741935483871,2.903225806451613,83.87096774193549
E00006289,440,76,35,41,364,24,340,17.272727272727273,7.954545454545454,9.318181818181818,82.72727272727273,5.454545454545454,77.27272727272727
E00006290,393,33,11,22,360,22,338,8.396946564885496,2.7989821882951653,5.597964376590331,91.6030534351145,5.597964376590331,86.00508905852418
E00006291,351,52,20,32,299,16,283,14.814814814814813,5.698005698005698,9.116809116809117,85.18518518518519,4.5584045584045585,80.62678062678063
E00006292,504,62,28,34,442,25,417,12.3015873015873,5.555555555555555,6.746031746031746,87.6984126984127,4.9603174603174605,82.73809523809523
E00006293,372,49,15,34,323,14,309,13.172043010752688,4.032258064516129,9.13978494623656,86.82795698924731,3.763440860215054,83.06451612903226
E00006295,485,44,18,26,441,14,427,9.072164948453608,3.711340206185567,5.360824742268041,90.9278350515464,2.88659793814433,88.04123711340206
E00006296,301,27,13,14,274,11,263,8.970099667774086,4.318936877076411,4.651162790697675,91.0299003322259,3.6544850498338874,87.37541528239203
E00006298,423,54,22,32,369,20,349,12.76595744680851,5.200945626477541,7.5650118203309695,87.2340425531915,4.7281323877068555,82.50591016548464
E00006299,464,53,24,29,411,16,395,11.422413793103448,5.172413793103448,6.25,88.57758620689656,3.4482758620689653,85.12931034482759
E00006300,418,60,32,28,358,21,337,14.354066985645932,7.655502392344498,6.698564593301436,85.64593301435407,5.023923444976076,80.622009569378
E00006301,419,66,31,35,353,16,337,15.75178997613365,7.398568019093078,8.353221957040573,84.24821002386635,3.8186157517899764,80.42959427207637
E00006302,363,36,17,19,327,11,316,9.917355371900827,4.683195592286501,5.234159779614325,90.08264462809917,3.0303030303030303,87.05234159779614
E00006303,418,56,28,28,362,9,353,13.397129186602871,6.698564593301436,6.698564593301436,86.60287081339713,2.15311004784689,84.44976076555024
E00006304,489,41,14,27,448,22,426,8.384458077709612,2.8629856850715747,5.521472392638037,91.61554192229039,4.4989775051124745,87.11656441717791
E00006305,399,55,24,31,344,14,330,13.784461152882205,6.015037593984962,7.769423558897243,86.21553884711778,3.508771929824561,82.70676691729322
E00006307,325,41,23,18,284,12,272,12.615384615384615,7.076923076923077,5.538461538461538,87.38461538461539,3.6923076923076925,83.6923076923077
E00006308,385,39,19,20,346,15,331,10.129870129870131,4.935064935064935,5.194805194805195,89.87012987012987,3.896103896103896,85.97402597402596
E00006309,357,45,21,24,312,14,298,12.605042016806722,5.88235294117647,6.722689075630252,87.39495798319328,3.9215686274509802,83.4733893557423
E00006310,361,60,32,28,301,24,277,16.62049861495845,8.86426592797784,7.756232686980609,83.37950138504155,6.64819944598338,76.73130193905817
E00006311,365,53,28,25,312,13,299,14.520547945205479,7.671232876712329,6.8493150684931505,85.47945205479452,3.5616438356164384,81.91780821917808
E00006312,319,38,11,27,281,9,272,11.912225705329153,3.4482758620689653,8.463949843260188,88.08777429467085,2.8213166144200628,85.26645768025078
E00006313,279,76,41,35,203,13,190,27.24014336917563,14.695340501792115,12.544802867383511,72.75985663082437,4.659498207885305,68.10035842293907
E00006314,573,55,24,31,518,22,496,9.598603839441536,4.18848167539267,5.4101221640488655,90.40139616055846,3.8394415357766145,86.56195462478185
E00006315,379,34,14,20,345,11,334,8.970976253298153,3.6939313984168867,5.277044854881266,91.02902374670184,2.9023746701846966,88.12664907651715
E00006316,331,32,13,19,299,16,283,9.667673716012084,3.927492447129909,5.740181268882175,90.33232628398792,4.833836858006042,85.49848942598187
E00006317,377,38,15,23,339,21,318,10.079575596816976,3.978779840848806,6.10079575596817,89.92042440318302,5.570291777188329,84.3501326259947
E00006318,345,48,17,31,297,22,275,13.91304347826087,4.9275362318840585,8.985507246376812,86.08695652173914,6.3768115942028984,79.71014492753623
E00006319,437,60,23,37,377,11,366,13.729977116704806,5.263157894736842,8.466819221967963,86.2700228832952,2.517162471395881,83.7528604118993
E00006320,342,20,7,13,322,29,293,5.847953216374268,2.046783625730994,3.8011695906432745,94.15204678362574,8.47953216374269,85.67251461988305
E00006321,307,37,15,22,270,16,254,12.052117263843648,4.88599348534202,7.166123778501629,87.94788273615634,5.211726384364821,82.73615635179154
E00006322,386,34,16,18,352,15,337,8.808290155440414,4.145077720207254,4.66321243523316,91.19170984455958,3.8860103626943006,87.30569948186529
E00006323,456,67,37,30,389,13,376,14.692982456140353,8.114035087719298,6.578947368421052,85.30701754385966,2.850877192982456,82.45614035087719
E00006324,325,36,12,24,289,15,274,11.076923076923077,3.6923076923076925,7.384615384615385,88.92307692307693,4.615384615384616,84.3076923076923
E00006325,538,85,49,36,453,24,429,15.79925650557621,9.107806691449815,6.691449814126393,84.20074349442379,4.4609665427509295,79.73977695167285
E00006326,416,42,15,27,374,12,362,10.096153846153847,3.6057692307692304,6.490384615384616,89.90384615384616,2.8846153846153846,87.01923076923077
E00006327,362,40,21,19,322,15,307,11.049723756906078,5.801104972375691,5.248618784530387,88.95027624309392,4.143646408839778,84.80662983425414
E00006328,355,35,21,14,320,14,306,9.859154929577464,5.915492957746479,3.943661971830986,90.14084507042254,3.943661971830986,86.19718309859155
E00006329,297,48,23,25,249,9,240,16.161616161616163,7.744107744107744,8.417508417508419,83.83838383838383,3.0303030303030303,80.8080808080808
E00006330,414,45,19,26,369,15,354,10.869565217391305,4.5893719806763285,6.280193236714976,89.13043478260869,3.6231884057971016,85.5072463768116
E00006331,324,63,31,32,261,9,252,19.444444444444446,9.5679012345679,9.876543209876543,80.55555555555556,2.7777777777777777,77.77777777777779
E00006332,288,62,28,34,226,8,218,21.52777777777778,9.722222222222223,11.805555555555555,78.47222222222221,2.7777777777777777,75.69444444444444
E00006333,514,56,28,28,458,15,443,10.894941634241246,5.447470817120623,5.447470817120623,89.10505836575877,2.9182879377431905,86.18677042801556
E00006334,438,36,14,22,402,22,380,8.21917808219178,3.1963470319634704,5.0228310502283104,91.78082191780823,5.0228310502283104,86.7579908675799
E00006335,371,37,17,20,334,15,319,9.973045822102426,4.5822102425876015,5.3908355795148255,90.02695417789758,4.0431266846361185,85.98382749326146
E00006336,467,47,22,25,420,14,406,10.06423982869379,4.710920770877944,5.353319057815846,89.93576017130621,2.9978586723768736,86.93790149892934
E00006337,311,31,13,18,280,6,274,9.967845659163988,4.180064308681672,5.787781350482315,90.03215434083602,1.929260450160772,88.10289389067523
E00006338,401,43,18,25,358,22,336,10.723192019950124,4.488778054862843,6.234413965087282,89.27680798004988,5.486284289276807,83.79052369077307
E00006339,414,48,18,30,366,16,350,11.594202898550725,4.3478260869565215,7.246376811594203,88.40579710144928,3.864734299516908,84.54106280193237
E00006340,336,45,20,25,291,20,271,13.392857142857142,5.952380952380952,7.440476190476191,86.60714285714286,5.952380952380952,80.65476190476191
E00006341,362,36,19,17,326,17,309,9.94475138121547,5.248618784530387,4.696132596685083,90.05524861878453,4.696132596685083,85.35911602209944
E00006342,476,81,49,32,395,10,385,17.016806722689076,10.294117647058822,6.722689075630252,82.98319327731093,2.100840336134454,80.88235294117648
E00006343,392,29,8,21,363,26,337,7.3979591836734695,2.0408163265306123,5.357142857142857,92.60204081632652,6.63265306122449,85.96938775510205
E00006344,386,45,21,24,341,23,318,11.658031088082902,5.4404145077720205,6.217616580310881,88.3419689119171,5.958549222797927,82.38341968911918
E00006345,320,45,11,34,275,8,267,14.0625,3.4375000000000004,10.625,85.9375,2.5,83.4375
E00006346,409,40,16,24,369,20,349,9.7799511002445,3.9119804400977993,5.8679706601467,90.2200488997555,4.88997555012225,85.33007334963325
E00006347,365,44,16,28,321,25,296,12.054794520547945,4.383561643835616,7.671232876712329,87.94520547945206,6.8493150684931505,81.0958904109589
E00006348,572,59,27,32,513,31,482,10.314685314685315,4.72027972027972,5.594405594405594,89.6853146853147,5.419580419580419,84.26573426573427
E00006349,416,37,13,24,379,24,355,8.89423076923077,3.125,5.769230769230769,91.10576923076923,5.769230769230769,85.33653846153845
E00006350,414,41,18,23,373,18,355,9.903381642512077,4.3478260869565215,5.555555555555555,90.09661835748793,4.3478260869565215,85.74879227053141
E00006351,330,31,10,21,299,20,279,9.393939393939393,3.0303030303030303,6.363636363636363,90.6060606060606,6.0606060606060606,84.54545454545455
E00006352,244,29,9,20,215,19,196,11.885245901639344,3.6885245901639343,8.19672131147541,88.11475409836066,7.786885245901639,80.32786885245902
E00006353,325,45,18,27,280,13,267,13.846153846153847,5.538461538461538,8.307692307692308,86.15384615384616,4,82.15384615384616
E00006354,281,36,17,19,245,23,222,12.811387900355871,6.049822064056939,6.761565836298933,87.18861209964413,8.185053380782918,79.00355871886121
E00006355,345,37,18,19,308,16,292,10.72463768115942,5.217391304347826,5.507246376811594,89.27536231884058,4.63768115942029,84.63768115942028
E00006356,282,29,12,17,253,13,240,10.28368794326241,4.25531914893617,6.028368794326241,89.71631205673759,4.609929078014184,85.1063829787234
E00006357,381,44,14,30,337,32,305,11.548556430446194,3.674540682414698,7.874015748031496,88.4514435695538,8.398950131233596,80.0524934383202
E00006358,337,37,19,18,300,21,279,10.979228486646884,5.637982195845697,5.341246290801187,89.02077151335311,6.231454005934718,82.7893175074184
E00006359,210,27,8,19,183,22,161,12.857142857142856,3.8095238095238098,9.047619047619047,87.14285714285714,10.476190476190476,76.66666666666667
E00006360,296,49,19,30,247,21,226,16.554054054054053,6.418918918918918,10.135135135135135,83.44594594594594,7.094594594594595,76.35135135135135
E00006361,237,27,12,15,210,17,193,11.39240506329114,5.063291139240507,6.329113924050633,88.60759493670885,7.172995780590717,81.43459915611815
E00006362,329,20,6,14,309,13,296,6.079027355623101,1.82370820668693,4.25531914893617,93.9209726443769,3.951367781155015,89.96960486322189
E00006363,264,30,8,22,234,18,216,11.363636363636363,3.0303030303030303,8.333333333333332,88.63636363636364,6.8181818181818175,81.81818181818183
E00006364,404,46,16,30,358,25,333,11.386138613861387,3.9603960396039604,7.425742574257425,88.61386138613861,6.188118811881188,82.42574257425743
E00006365,292,25,6,19,267,8,259,8.561643835616438,2.054794520547945,6.506849315068493,91.43835616438356,2.73972602739726,88.6986301369863
E00006366,303,62,32,30,241,16,225,20.462046204620464,10.561056105610561,9.900990099009901,79.53795379537954,5.2805280528052805,74.25742574257426
E00006367,309,41,16,25,268,31,237,13.268608414239482,5.177993527508091,8.090614886731391,86.73139158576052,10.032362459546926,76.69902912621359
E00006368,367,45,21,24,322,21,301,12.26158038147139,5.722070844686648,6.539509536784741,87.73841961852861,5.722070844686648,82.01634877384197
E00006369,292,33,18,15,259,16,243,11.301369863013697,6.164383561643835,5.136986301369863,88.6986301369863,5.47945205479452,83.21917808219177
E00006370,416,48,19,29,368,22,346,11.538461538461538,4.567307692307692,6.971153846153847,88.46153846153845,5.288461538461538,83.17307692307693
E00006371,257,23,15,8,234,6,228,8.949416342412452,5.836575875486381,3.11284046692607,91.05058365758755,2.3346303501945527,88.715953307393
E00006372,392,37,15,22,355,18,337,9.438775510204081,3.826530612244898,5.612244897959184,90.56122448979592,4.591836734693878,85.96938775510205
E00006373,312,42,18,24,270,12,258,13.461538461538462,5.769230769230769,7.6923076923076925,86.53846153846155,3.8461538461538463,82.6923076923077
E00006374,474,57,25,32,417,12,405,12.025316455696203,5.274261603375527,6.751054852320674,87.9746835443038,2.5316455696202533,85.44303797468355
E00006375,492,52,22,30,440,14,426,10.569105691056912,4.471544715447155,6.097560975609756,89.43089430894308,2.8455284552845526,86.58536585365853
E00006376,405,42,23,19,363,14,349,10.37037037037037,5.679012345679013,4.691358024691358,89.62962962962962,3.45679012345679,86.17283950617283
E00006377,299,41,14,27,258,16,242,13.712374581939798,4.682274247491638,9.03010033444816,86.2876254180602,5.351170568561873,80.93645484949833
E00006378,304,33,15,18,271,21,250,10.855263157894738,4.934210526315789,5.921052631578947,89.14473684210526,6.907894736842106,82.23684210526315
E00006379,482,44,14,30,438,24,414,9.12863070539419,2.904564315352697,6.224066390041494,90.87136929460581,4.979253112033195,85.89211618257261
E00006380,276,34,9,25,242,15,227,12.318840579710146,3.260869565217391,9.057971014492754,87.68115942028986,5.434782608695652,82.2463768115942
E00006381,344,23,4,19,321,32,289,6.686046511627906,1.1627906976744187,5.523255813953488,93.31395348837209,9.30232558139535,84.01162790697676
E00006382,288,36,15,21,252,12,240,12.5,5.208333333333334,7.291666666666667,87.5,4.166666666666666,83.33333333333334
E00006383,337,35,17,18,302,12,290,10.385756676557865,5.044510385756676,5.341246290801187,89.61424332344214,3.5608308605341246,86.05341246290801
E00006384,317,21,5,16,296,27,269,6.624605678233439,1.5772870662460567,5.047318611987381,93.37539432176656,8.517350157728707,84.85804416403786
E00006385,362,39,12,27,323,11,312,10.773480662983426,3.314917127071823,7.458563535911603,89.22651933701657,3.0386740331491713,86.1878453038674
E00006386,265,36,12,24,229,9,220,13.584905660377359,4.528301886792453,9.056603773584905,86.41509433962264,3.3962264150943398,83.01886792452831
E00006387,388,33,17,16,355,18,337,8.505154639175258,4.381443298969072,4.123711340206185,91.49484536082474,4.639175257731959,86.85567010309279
E00006388,323,31,10,21,292,25,267,9.597523219814242,3.0959752321981426,6.5015479876160995,90.40247678018576,7.739938080495357,82.6625386996904
E00006389,346,44,15,29,302,13,289,12.716763005780345,4.335260115606936,8.38150289017341,87.28323699421965,3.7572254335260116,83.52601156069365
E00006390,254,38,20,18,216,9,207,14.960629921259844,7.874015748031496,7.086614173228346,85.03937007874016,3.543307086614173,81.49606299212599
E00006391,322,30,8,22,292,26,266,9.316770186335404,2.484472049689441,6.832298136645963,90.6832298136646,8.074534161490684,82.6086956521739
E00006392,307,46,25,21,261,11,250,14.983713355048861,8.143322475570033,6.840390879478828,85.01628664495115,3.5830618892508146,81.43322475570032
E00006393,284,21,5,16,263,10,253,7.394366197183098,1.7605633802816902,5.633802816901409,92.6056338028169,3.5211267605633805,89.08450704225352
E00006394,344,74,54,20,270,16,254,21.511627906976745,15.69767441860465,5.813953488372093,78.48837209302324,4.651162790697675,73.83720930232558
E00006395,314,24,7,17,290,14,276,7.643312101910828,2.229299363057325,5.414012738853503,92.35668789808918,4.45859872611465,87.89808917197452
E00006396,341,40,14,26,301,12,289,11.730205278592376,4.105571847507331,7.624633431085044,88.26979472140762,3.519061583577713,84.75073313782991
E00006397,422,49,21,28,373,24,349,11.61137440758294,4.976303317535545,6.6350710900473935,88.38862559241706,5.687203791469194,82.70142180094787
E00006398,453,21,4,17,432,17,415,4.635761589403973,0.8830022075055187,3.7527593818984544,95.36423841059603,3.7527593818984544,91.61147902869757
E00006399,248,19,10,9,229,13,216,7.661290322580645,4.032258064516129,3.6290322580645165,92.33870967741935,5.241935483870968,87.09677419354838
E00006400,337,43,17,26,294,18,276,12.759643916913946,5.044510385756676,7.71513353115727,87.24035608308606,5.341246290801187,81.89910979228486
E00006401,320,61,33,28,259,12,247,19.0625,10.3125,8.75,80.9375,3.75,77.1875
E00006402,315,49,29,20,266,7,259,15.555555555555555,9.206349206349207,6.349206349206349,84.44444444444444,2.2222222222222223,82.22222222222221
E00006403,383,58,26,32,325,22,303,15.143603133159269,6.7885117493472595,8.355091383812011,84.85639686684074,5.7441253263707575,79.11227154046998
E00006404,329,39,8,31,290,19,271,11.854103343465045,2.43161094224924,9.422492401215806,88.14589665653494,5.775075987841945,82.37082066869301
E00006405,406,46,25,21,360,16,344,11.330049261083744,6.157635467980295,5.172413793103448,88.66995073891626,3.9408866995073892,84.72906403940887
E00006406,266,36,20,16,230,16,214,13.533834586466165,7.518796992481203,6.015037593984962,86.46616541353383,6.015037593984962,80.45112781954887
E00006407,453,57,26,31,396,14,382,12.582781456953644,5.739514348785872,6.843267108167771,87.41721854304636,3.090507726269316,84.32671081677704
E00006408,373,39,20,19,334,12,322,10.455764075067025,5.361930294906166,5.093833780160858,89.54423592493298,3.2171581769436997,86.32707774798928
E00006409,352,50,28,22,302,15,287,14.204545454545455,7.954545454545454,6.25,85.79545454545455,4.261363636363636,81.5340909090909
E00006410,390,47,20,27,343,25,318,12.051282051282051,5.128205128205128,6.923076923076923,87.94871794871794,6.41025641025641,81.53846153846153
E00006411,368,28,9,19,340,13,327,7.608695652173914,2.4456521739130435,5.163043478260869,92.3913043478261,3.532608695652174,88.8586956521739
E00006412,328,28,12,16,300,25,275,8.536585365853659,3.6585365853658534,4.878048780487805,91.46341463414635,7.621951219512195,83.84146341463415
E00006413,361,43,9,34,318,25,293,11.911357340720222,2.4930747922437675,9.418282548476455,88.08864265927978,6.9252077562326875,81.16343490304709
E00006414,265,29,12,17,236,15,221,10.943396226415095,4.528301886792453,6.415094339622642,89.05660377358491,5.660377358490567,83.39622641509435
E00006415,357,37,6,31,320,26,294,10.364145658263306,1.680672268907563,8.683473389355742,89.6358543417367,7.282913165266107,82.35294117647058
E00006416,390,60,34,26,330,21,309,15.384615384615385,8.717948717948717,6.666666666666667,84.61538461538461,5.384615384615385,79.23076923076923
E00006417,326,32,6,26,294,22,272,9.815950920245399,1.8404907975460123,7.975460122699387,90.1840490797546,6.748466257668712,83.43558282208589
E00006418,369,68,32,36,301,24,277,18.428184281842817,8.672086720867208,9.75609756097561,81.57181571815718,6.504065040650407,75.06775067750678
E00006419,459,48,20,28,411,24,387,10.457516339869281,4.357298474945534,6.1002178649237475,89.54248366013073,5.228758169934641,84.31372549019608
E00006420,363,41,11,30,322,23,299,11.294765840220386,3.0303030303030303,8.264462809917356,88.70523415977961,6.336088154269973,82.36914600550963
E00006421,474,52,25,27,422,34,388,10.970464135021098,5.274261603375527,5.69620253164557,89.0295358649789,7.172995780590717,81.85654008438819
E00006422,376,43,15,28,333,28,305,11.436170212765957,3.9893617021276597,7.446808510638298,88.56382978723404,7.446808510638298,81.11702127659575
E00006423,373,55,21,34,318,20,298,14.745308310991955,5.630026809651475,9.115281501340483,85.25469168900804,5.361930294906166,79.89276139410187
E00006424,380,51,16,35,329,28,301,13.421052631578947,4.2105263157894735,9.210526315789473,86.57894736842105,7.368421052631578,79.21052631578948
E00006425,369,49,18,31,320,12,308,13.279132791327914,4.878048780487805,8.401084010840108,86.72086720867209,3.2520325203252036,83.46883468834689
E00006426,382,48,20,28,334,15,319,12.56544502617801,5.2356020942408374,7.329842931937172,87.43455497382199,3.926701570680628,83.50785340314137
E00006427,379,40,12,28,339,18,321,10.554089709762533,3.16622691292876,7.387862796833773,89.44591029023746,4.749340369393139,84.69656992084433
E00006428,281,58,32,26,223,16,207,20.640569395017792,11.387900355871885,9.252669039145907,79.35943060498221,5.6939501779359425,73.66548042704626
E00006429,351,58,23,35,293,16,277,16.524216524216524,6.552706552706552,9.971509971509972,83.47578347578347,4.5584045584045585,78.91737891737893
E00006430,247,46,23,23,201,12,189,18.62348178137652,9.31174089068826,9.31174089068826,81.37651821862349,4.8582995951417,76.51821862348179
E00006431,306,47,25,22,259,13,246,15.359477124183007,8.169934640522875,7.18954248366013,84.640522875817,4.248366013071895,80.3921568627451
E00006432,308,61,37,24,247,14,233,19.805194805194805,12.012987012987013,7.792207792207792,80.1948051948052,4.545454545454546,75.64935064935064
E00006433,392,44,19,25,348,13,335,11.224489795918368,4.846938775510204,6.377551020408164,88.77551020408163,3.316326530612245,85.45918367346938
E00006434,366,44,17,27,322,24,298,12.021857923497267,4.644808743169399,7.377049180327869,87.97814207650273,6.557377049180328,81.4207650273224
E00006435,275,70,40,30,205,12,193,25.454545454545453,14.545454545454545,10.909090909090908,74.54545454545455,4.363636363636364,70.18181818181817
E00006436,303,60,23,37,243,16,227,19.801980198019802,7.590759075907591,12.211221122112212,80.19801980198021,5.2805280528052805,74.91749174917491
E00006437,259,75,19,56,184,7,177,28.957528957528954,7.335907335907336,21.62162162162162,71.04247104247105,2.7027027027027026,68.33976833976834
E00006438,336,59,26,33,277,16,261,17.559523809523807,7.738095238095238,9.821428571428571,82.44047619047619,4.761904761904762,77.67857142857143
E00006439,336,38,17,21,298,13,285,11.30952380952381,5.059523809523809,6.25,88.69047619047619,3.869047619047619,84.82142857142857
E00006440,403,64,32,32,339,23,316,15.88089330024814,7.94044665012407,7.94044665012407,84.11910669975185,5.707196029776675,78.41191066997519
E00006441,285,40,23,17,245,11,234,14.035087719298245,8.070175438596491,5.964912280701754,85.96491228070175,3.8596491228070176,82.10526315789474
E00006442,348,45,19,26,303,16,287,12.931034482758621,5.459770114942529,7.471264367816093,87.06896551724138,4.597701149425287,82.47126436781609
E00006443,412,49,24,25,363,6,357,11.893203883495145,5.825242718446602,6.067961165048544,88.10679611650485,1.4563106796116505,86.6504854368932
E00006444,559,64,25,39,495,16,479,11.449016100178891,4.47227191413238,6.976744186046512,88.5509838998211,2.862254025044723,85.68872987477639
E00006445,492,49,25,24,443,10,433,9.959349593495935,5.08130081300813,4.878048780487805,90.04065040650406,2.0325203252032518,88.00813008130082
E00006446,424,56,23,33,368,20,348,13.20754716981132,5.4245283018867925,7.783018867924528,86.79245283018868,4.716981132075472,82.0754716981132
E00006447,425,40,16,24,385,15,370,9.411764705882353,3.7647058823529407,5.647058823529412,90.58823529411765,3.5294117647058822,87.05882352941177
E00006448,488,43,19,24,445,18,427,8.811475409836065,3.8934426229508197,4.918032786885246,91.18852459016394,3.6885245901639343,87.5
E00006449,550,50,30,20,500,15,485,9.090909090909092,5.454545454545454,3.6363636363636362,90.9090909090909,2.727272727272727,88.18181818181819
E00006450,576,84,48,36,492,17,475,14.583333333333334,8.333333333333332,6.25,85.41666666666666,2.951388888888889,82.46527777777779
E00006451,399,50,18,32,349,18,331,12.531328320802004,4.511278195488721,8.020050125313283,87.468671679198,4.511278195488721,82.95739348370927
E00006452,457,53,25,28,404,13,391,11.597374179431071,5.470459518599562,6.12691466083151,88.40262582056893,2.8446389496717726,85.55798687089715
E00006453,488,50,19,31,438,23,415,10.245901639344263,3.8934426229508197,6.352459016393443,89.75409836065575,4.713114754098361,85.04098360655738
E00006454,444,53,25,28,391,11,380,11.936936936936938,5.63063063063063,6.306306306306306,88.06306306306307,2.4774774774774775,85.58558558558559
E00006455,527,67,30,37,460,21,439,12.7134724857685,5.692599620493358,7.020872865275142,87.28652751423151,3.984819734345351,83.30170777988614
E00006456,477,54,28,26,423,11,412,11.320754716981133,5.870020964360587,5.450733752620545,88.67924528301887,2.3060796645702304,86.37316561844864
E00006457,550,68,29,39,482,16,466,12.363636363636363,5.2727272727272725,7.090909090909091,87.63636363636364,2.909090909090909,84.72727272727273
E00006458,437,69,42,27,368,13,355,15.789473684210526,9.610983981693364,6.178489702517163,84.21052631578947,2.9748283752860414,81.23569794050344
E00006459,387,45,13,32,342,17,325,11.627906976744185,3.359173126614987,8.2687338501292,88.37209302325581,4.3927648578811365,83.97932816537468
E00006460,493,74,39,35,419,19,400,15.010141987829615,7.910750507099391,7.099391480730223,84.98985801217039,3.8539553752535496,81.13590263691684
E00006462,457,78,35,43,379,14,365,17.067833698030636,7.658643326039387,9.409190371991247,82.93216630196937,3.063457330415755,79.86870897155362
E00006464,422,45,22,23,377,9,368,10.66350710900474,5.213270142180095,5.450236966824645,89.33649289099526,2.132701421800948,87.20379146919431
E00006465,394,48,22,26,346,13,333,12.18274111675127,5.583756345177665,6.598984771573605,87.81725888324873,3.2994923857868024,84.51776649746193
E00006466,425,41,21,20,384,11,373,9.647058823529411,4.941176470588235,4.705882352941177,90.3529411764706,2.588235294117647,87.76470588235294
E00006467,384,51,20,31,333,18,315,13.28125,5.208333333333334,8.072916666666668,86.71875,4.6875,82.03125
E00006468,387,48,16,32,339,18,321,12.4031007751938,4.1343669250646,8.2687338501292,87.59689922480621,4.651162790697675,82.94573643410853
E00006469,449,56,27,29,393,14,379,12.47216035634744,6.013363028953229,6.45879732739421,87.52783964365256,3.11804008908686,84.4097995545657
E00006470,405,47,20,27,358,26,332,11.604938271604938,4.938271604938271,6.666666666666667,88.39506172839506,6.419753086419753,81.9753086419753
E00006471,499,44,27,17,455,14,441,8.817635270541082,5.410821643286573,3.406813627254509,91.18236472945893,2.80561122244489,88.37675350701403
E00006472,452,41,14,27,411,9,402,9.070796460176991,3.0973451327433628,5.9734513274336285,90.929203539823,1.991150442477876,88.93805309734513
E00006473,422,55,23,32,367,19,348,13.033175355450238,5.450236966824645,7.5829383886255926,86.96682464454977,4.502369668246446,82.46445497630332
E00006474,317,42,18,24,275,26,249,13.249211356466878,5.678233438485805,7.570977917981073,86.75078864353313,8.201892744479496,78.54889589905363
E00006475,296,21,4,17,275,20,255,7.094594594594595,1.3513513513513513,5.743243243243244,92.9054054054054,6.756756756756757,86.14864864864865
E00006476,368,46,19,27,322,16,306,12.5,5.163043478260869,7.336956521739131,87.5,4.3478260869565215,83.15217391304348
E00006477,437,44,10,34,393,37,356,10.068649885583524,2.2883295194508007,7.780320366132723,89.93135011441647,8.466819221967963,81.46453089244852
E00006478,441,34,6,28,407,15,392,7.709750566893423,1.3605442176870748,6.349206349206349,92.29024943310658,3.4013605442176873,88.88888888888889
E00006479,385,49,31,18,336,27,309,12.727272727272727,8.051948051948052,4.675324675324675,87.27272727272727,7.012987012987012,80.25974025974027
E00006480,338,52,20,32,286,27,259,15.384615384615385,5.9171597633136095,9.467455621301776,84.61538461538461,7.988165680473373,76.62721893491124
E00006481,341,23,11,12,318,26,292,6.744868035190615,3.225806451612903,3.519061583577713,93.25513196480938,7.624633431085044,85.63049853372434
E00006482,340,40,21,19,300,23,277,11.76470588235294,6.176470588235294,5.588235294117648,88.23529411764706,6.764705882352941,81.47058823529412
E00006483,307,40,16,24,267,19,248,13.029315960912053,5.211726384364821,7.81758957654723,86.97068403908796,6.188925081433225,80.78175895765473
E00006484,299,27,9,18,272,18,254,9.03010033444816,3.0100334448160537,6.0200668896321075,90.96989966555184,6.0200668896321075,84.94983277591973
E00006485,199,28,10,18,171,12,159,14.07035175879397,5.025125628140704,9.045226130653267,85.92964824120602,6.030150753768844,79.89949748743719
E00006486,313,26,6,20,287,28,259,8.30670926517572,1.9169329073482428,6.3897763578274756,91.69329073482429,8.945686900958465,82.74760383386581
E00006487,399,55,20,35,344,21,323,13.784461152882205,5.012531328320802,8.771929824561402,86.21553884711778,5.263157894736842,80.95238095238095
E00006488,291,17,9,8,274,17,257,5.841924398625429,3.0927835051546393,2.7491408934707904,94.15807560137456,5.841924398625429,88.31615120274914
E00006489,409,51,15,36,358,33,325,12.469437652811736,3.6674816625916873,8.80195599022005,87.53056234718827,8.06845965770171,79.46210268948656
E00006491,225,30,14,16,195,17,178,13.333333333333334,6.222222222222222,7.111111111111111,86.66666666666667,7.555555555555555,79.11111111111111
E00006492,267,52,28,24,215,12,203,19.475655430711612,10.486891385767791,8.98876404494382,80.52434456928839,4.49438202247191,76.02996254681648
E00006493,184,18,7,11,166,9,157,9.782608695652174,3.804347826086957,5.978260869565218,90.21739130434783,4.891304347826087,85.32608695652173
E00006494,299,34,12,22,265,22,243,11.37123745819398,4.013377926421405,7.357859531772576,88.62876254180601,7.357859531772576,81.27090301003345
E00006496,304,29,9,20,275,20,255,9.539473684210527,2.9605263157894735,6.578947368421052,90.46052631578947,6.578947368421052,83.88157894736842
E00006497,274,35,16,19,239,26,213,12.773722627737227,5.839416058394161,6.934306569343065,87.22627737226277,9.48905109489051,77.73722627737226
E00006498,444,54,17,37,390,24,366,12.162162162162163,3.8288288288288284,8.333333333333332,87.83783783783784,5.405405405405405,82.43243243243244
E00006499,312,39,13,26,273,29,244,12.5,4.166666666666666,8.333333333333332,87.5,9.294871794871796,78.2051282051282
E00006500,311,29,14,15,282,12,270,9.32475884244373,4.501607717041801,4.823151125401929,90.67524115755627,3.858520900321544,86.81672025723472
E00006501,286,40,12,28,246,19,227,13.986013986013987,4.195804195804196,9.79020979020979,86.01398601398601,6.643356643356643,79.37062937062937
E00006502,288,24,5,19,264,19,245,8.333333333333332,1.7361111111111112,6.597222222222222,91.66666666666666,6.597222222222222,85.06944444444444
E00006503,283,42,19,23,241,24,217,14.840989399293287,6.713780918727916,8.12720848056537,85.15901060070671,8.480565371024735,76.67844522968198
E00006504,367,38,19,19,329,26,303,10.354223433242508,5.177111716621254,5.177111716621254,89.64577656675749,7.084468664850137,82.56130790190736
E00006505,255,32,13,19,223,13,210,12.549019607843137,5.098039215686274,7.450980392156863,87.45098039215686,5.098039215686274,82.35294117647058
E00006506,354,21,7,14,333,13,320,5.932203389830509,1.977401129943503,3.954802259887006,94.0677966101695,3.672316384180791,90.3954802259887
E00006507,387,53,15,38,334,19,315,13.695090439276486,3.875968992248062,9.819121447028424,86.30490956072352,4.909560723514212,81.3953488372093
E00006508,301,31,8,23,270,16,254,10.299003322259136,2.6578073089700998,7.641196013289036,89.70099667774086,5.3156146179401995,84.38538205980066
E00006509,228,34,13,21,194,13,181,14.912280701754385,5.701754385964912,9.210526315789473,85.08771929824562,5.701754385964912,79.3859649122807
E00006510,308,37,17,20,271,26,245,12.012987012987013,5.51948051948052,6.493506493506493,87.98701298701299,8.441558441558442,79.54545454545455
E00006511,407,31,8,23,376,36,340,7.616707616707617,1.9656019656019657,5.651105651105651,92.38329238329239,8.845208845208845,83.53808353808354
E00006512,276,18,6,12,258,25,233,6.521739130434782,2.1739130434782608,4.3478260869565215,93.47826086956522,9.057971014492754,84.42028985507247
E00006513,258,33,12,21,225,17,208,12.790697674418606,4.651162790697675,8.13953488372093,87.20930232558139,6.5891472868217065,80.62015503875969
E00006514,347,41,16,25,306,22,284,11.815561959654179,4.610951008645533,7.204610951008646,88.18443804034582,6.340057636887608,81.84438040345822
E00006515,358,30,14,16,328,24,304,8.379888268156424,3.910614525139665,4.4692737430167595,91.62011173184358,6.70391061452514,84.91620111731844
E00006516,276,16,9,7,260,25,235,5.797101449275362,3.260869565217391,2.536231884057971,94.20289855072464,9.057971014492754,85.14492753623189
E00006517,463,36,9,27,427,16,411,7.775377969762419,1.9438444924406046,5.831533477321814,92.22462203023758,3.455723542116631,88.76889848812095
E00006518,379,60,30,30,319,6,313,15.8311345646438,7.9155672823219,7.9155672823219,84.1688654353562,1.58311345646438,82.58575197889182
E00006519,370,38,16,22,332,11,321,10.27027027027027,4.324324324324325,5.9459459459459465,89.72972972972974,2.9729729729729732,86.75675675675676
E00006521,348,25,12,13,323,11,312,7.183908045977011,3.4482758620689653,3.7356321839080464,92.81609195402298,3.1609195402298855,89.65517241379311
E00006522,321,32,16,16,289,13,276,9.968847352024921,4.984423676012461,4.984423676012461,90.03115264797508,4.049844236760125,85.98130841121495
E00006523,412,38,17,21,374,14,360,9.223300970873787,4.12621359223301,5.097087378640777,90.77669902912622,3.3980582524271843,87.37864077669903
E00006524,387,39,17,22,348,28,320,10.077519379844961,4.3927648578811365,5.684754521963824,89.92248062015504,7.235142118863049,82.68733850129199
E00006525,400,51,19,32,349,7,342,12.75,4.75,8,87.25,1.7500000000000002,85.5
E00006526,417,38,11,27,379,15,364,9.112709832134293,2.6378896882494005,6.474820143884892,90.88729016786571,3.5971223021582732,87.29016786570743
E00006527,470,46,22,24,424,11,413,9.787234042553191,4.680851063829787,5.106382978723404,90.2127659574468,2.3404255319148937,87.87234042553192
E00006528,375,36,18,18,339,11,328,9.6,4.8,4.8,90.4,2.933333333333333,87.46666666666667
E00006529,383,40,22,18,343,12,331,10.443864229765012,5.7441253263707575,4.699738903394255,89.55613577023499,3.1331592689295036,86.42297650130548
E00006530,345,33,13,20,312,15,297,9.565217391304348,3.768115942028986,5.797101449275362,90.43478260869566,4.3478260869565215,86.08695652173914
E00006531,308,29,12,17,279,14,265,9.415584415584416,3.896103896103896,5.51948051948052,90.5844155844156,4.545454545454546,86.03896103896103
E00006532,327,51,19,32,276,12,264,15.59633027522936,5.81039755351682,9.785932721712538,84.40366972477065,3.669724770642202,80.73394495412845
E00006533,344,20,7,13,324,14,310,5.813953488372093,2.0348837209302326,3.77906976744186,94.18604651162791,4.069767441860465,90.11627906976744
E00006534,535,72,24,48,463,25,438,13.457943925233645,4.485981308411215,8.97196261682243,86.54205607476636,4.672897196261682,81.86915887850468
E00006535,356,31,18,13,325,10,315,8.707865168539326,5.056179775280898,3.651685393258427,91.29213483146067,2.8089887640449436,88.48314606741573
E00006536,333,51,19,32,282,16,266,15.315315315315313,5.7057057057057055,9.60960960960961,84.68468468468468,4.804804804804805,79.87987987987988
E00006537,394,60,33,27,334,13,321,15.228426395939088,8.375634517766498,6.852791878172589,84.77157360406092,3.2994923857868024,81.47208121827411
E00006538,371,32,12,20,339,23,316,8.62533692722372,3.234501347708895,5.3908355795148255,91.37466307277629,6.199460916442049,85.17520215633422
E00006539,375,45,12,33,330,21,309,12,3.2,8.799999999999999,88,5.6000000000000005,82.39999999999999
E00006540,469,34,15,19,435,18,417,7.249466950959488,3.1982942430703627,4.051172707889126,92.75053304904051,3.8379530916844353,88.91257995735607
E00006541,398,39,17,22,359,12,347,9.798994974874372,4.271356783919598,5.527638190954774,90.20100502512562,3.015075376884422,87.1859296482412
E00006542,331,25,8,17,306,20,286,7.552870090634441,2.416918429003021,5.13595166163142,92.44712990936556,6.042296072507553,86.404833836858
E00006543,388,40,15,25,348,20,328,10.309278350515463,3.865979381443299,6.443298969072164,89.69072164948454,5.154639175257731,84.5360824742268
E00006544,364,39,15,24,325,7,318,10.714285714285714,4.1208791208791204,6.593406593406594,89.28571428571429,1.9230769230769231,87.36263736263736
E00006545,529,35,20,15,494,24,470,6.61625708884688,3.780718336483932,2.835538752362949,93.38374291115312,4.536862003780719,88.84688090737241
E00006546,504,49,16,33,455,16,439,9.722222222222223,3.1746031746031744,6.547619047619048,90.27777777777779,3.1746031746031744,87.10317460317461
E00006547,404,34,17,17,370,19,351,8.415841584158416,4.207920792079208,4.207920792079208,91.58415841584159,4.702970297029703,86.88118811881188
E00006548,383,38,22,16,345,13,332,9.921671018276761,5.7441253263707575,4.177545691906006,90.07832898172323,3.3942558746736298,86.68407310704961
E00006549,331,39,15,24,292,8,284,11.782477341389729,4.531722054380665,7.250755287009064,88.21752265861026,2.416918429003021,85.80060422960725
E00006550,433,52,20,32,381,10,371,12.009237875288683,4.618937644341801,7.390300230946882,87.99076212471132,2.3094688221709005,85.68129330254041
E00006551,447,60,39,21,387,12,375,13.422818791946309,8.724832214765101,4.697986577181208,86.57718120805369,2.684563758389262,83.89261744966443
E00006552,471,52,20,32,419,17,402,11.040339702760086,4.246284501061571,6.794055201698514,88.95966029723992,3.6093418259023355,85.35031847133759
E00006553,432,44,21,23,388,17,371,10.185185185185185,4.861111111111112,5.324074074074074,89.81481481481481,3.935185185185185,85.87962962962963
E00006554,417,90,56,34,327,21,306,21.58273381294964,13.42925659472422,8.15347721822542,78.41726618705036,5.0359712230215825,73.38129496402878
E00006555,430,35,13,22,395,15,380,8.13953488372093,3.0232558139534884,5.116279069767442,91.86046511627907,3.488372093023256,88.37209302325581
E00006556,444,46,16,30,398,19,379,10.36036036036036,3.6036036036036037,6.756756756756757,89.63963963963964,4.2792792792792795,85.36036036036036
E00006557,415,42,12,30,373,17,356,10.120481927710843,2.891566265060241,7.228915662650602,89.87951807228916,4.096385542168675,85.78313253012048
E00006558,347,37,10,27,310,21,289,10.662824207492795,2.881844380403458,7.780979827089338,89.33717579250721,6.051873198847262,83.28530259365994
E00006559,325,43,16,27,282,15,267,13.230769230769232,4.923076923076923,8.307692307692308,86.76923076923076,4.615384615384616,82.15384615384616
E00006560,396,37,12,25,359,14,345,9.343434343434344,3.0303030303030303,6.313131313131313,90.65656565656566,3.535353535353535,87.12121212121212
E00006561,325,37,18,19,288,15,273,11.384615384615385,5.538461538461538,5.846153846153846,88.61538461538461,4.615384615384616,84
E00006562,398,57,29,28,341,8,333,14.321608040201006,7.2864321608040195,7.035175879396985,85.678391959799,2.0100502512562812,83.66834170854271
E00006563,394,38,14,24,356,16,340,9.644670050761421,3.5532994923857872,6.091370558375635,90.35532994923858,4.060913705583756,86.29441624365482
E00006564,332,44,17,27,288,22,266,13.253012048192772,5.120481927710843,8.132530120481928,86.74698795180723,6.626506024096386,80.12048192771084
E00006565,507,85,36,49,422,25,397,16.765285996055226,7.100591715976331,9.664694280078894,83.23471400394477,4.930966469428008,78.30374753451676
E00006566,338,55,18,37,283,10,273,16.272189349112427,5.325443786982249,10.946745562130179,83.72781065088756,2.9585798816568047,80.76923076923077
E00006567,350,48,29,19,302,9,293,13.714285714285715,8.285714285714285,5.428571428571429,86.28571428571429,2.571428571428571,83.71428571428572
E00006568,331,32,13,19,299,18,281,9.667673716012084,3.927492447129909,5.740181268882175,90.33232628398792,5.438066465256798,84.89425981873111
E00006569,394,45,21,24,349,10,339,11.421319796954315,5.32994923857868,6.091370558375635,88.57868020304569,2.5380710659898478,86.04060913705584
E00006570,443,52,24,28,391,12,379,11.738148984198645,5.417607223476298,6.320541760722348,88.26185101580135,2.708803611738149,85.55304740406321
E00006571,349,39,26,13,310,13,297,11.174785100286533,7.4498567335243555,3.7249283667621778,88.82521489971347,3.7249283667621778,85.10028653295129
E00006572,399,49,21,28,350,22,328,12.280701754385964,5.263157894736842,7.017543859649122,87.71929824561403,5.513784461152882,82.20551378446115
E00006573,354,49,19,30,305,18,287,13.841807909604519,5.367231638418079,8.47457627118644,86.15819209039547,5.084745762711865,81.07344632768361
E00006574,363,33,15,18,330,13,317,9.090909090909092,4.132231404958678,4.958677685950414,90.9090909090909,3.581267217630854,87.32782369146005
E00006575,305,42,28,14,263,12,251,13.77049180327869,9.180327868852459,4.590163934426229,86.22950819672131,3.934426229508197,82.29508196721311
E00006576,398,43,20,23,355,19,336,10.804020100502512,5.025125628140704,5.778894472361809,89.19597989949749,4.773869346733668,84.42211055276381
E00006577,592,64,30,34,528,24,504,10.81081081081081,5.0675675675675675,5.743243243243244,89.1891891891892,4.054054054054054,85.13513513513513
E00006578,356,39,15,24,317,9,308,10.955056179775282,4.213483146067416,6.741573033707865,89.04494382022472,2.528089887640449,86.51685393258427
E00006579,302,38,20,18,264,13,251,12.582781456953644,6.622516556291391,5.960264900662252,87.41721854304636,4.304635761589404,83.11258278145695
E00006580,439,80,42,38,359,23,336,18.223234624145785,9.567198177676538,8.656036446469248,81.77676537585421,5.239179954441914,76.5375854214123
E00006581,370,48,25,23,322,12,310,12.972972972972974,6.756756756756757,6.216216216216217,87.02702702702703,3.2432432432432434,83.78378378378379
E00006582,484,45,13,32,439,14,425,9.297520661157025,2.6859504132231407,6.6115702479338845,90.70247933884298,2.8925619834710745,87.80991735537191
E00006583,586,100,41,59,486,26,460,17.064846416382252,6.996587030716723,10.06825938566553,82.93515358361775,4.436860068259386,78.49829351535837
E00006585,352,45,23,22,307,9,298,12.784090909090908,6.534090909090909,6.25,87.2159090909091,2.556818181818182,84.6590909090909
E00006586,298,30,9,21,268,10,258,10.06711409395973,3.0201342281879198,7.046979865771812,89.93288590604027,3.3557046979865772,86.57718120805369
E00006587,397,47,20,27,350,21,329,11.838790931989925,5.037783375314862,6.801007556675064,88.16120906801007,5.289672544080604,82.87153652392946
E00006588,496,77,45,32,419,19,400,15.524193548387096,9.07258064516129,6.451612903225806,84.4758064516129,3.8306451612903225,80.64516129032258
E00006589,313,41,16,25,272,12,260,13.099041533546327,5.111821086261981,7.987220447284344,86.90095846645367,3.8338658146964857,83.06709265175719
E00006590,425,59,24,35,366,23,343,13.882352941176471,5.647058823529412,8.235294117647058,86.11764705882354,5.411764705882352,80.70588235294117
E00006591,398,44,25,19,354,15,339,11.055276381909549,6.281407035175879,4.773869346733668,88.94472361809045,3.7688442211055273,85.17587939698493
E00006592,400,46,20,26,354,14,340,11.5,5,6.5,88.5,3.5000000000000004,85
E00006593,329,62,29,33,267,15,252,18.84498480243161,8.814589665653495,10.030395136778116,81.15501519756839,4.5592705167173255,76.59574468085107
E00006594,436,62,46,16,374,17,357,14.220183486238533,10.550458715596331,3.669724770642202,85.77981651376146,3.89908256880734,81.88073394495413
E00006595,435,64,29,35,371,16,355,14.71264367816092,6.666666666666667,8.045977011494253,85.28735632183908,3.67816091954023,81.60919540229885
E00006596,426,57,27,30,369,14,355,13.380281690140844,6.338028169014084,7.042253521126761,86.61971830985915,3.286384976525822,83.33333333333334
E00006597,431,76,30,46,355,19,336,17.633410672853827,6.960556844547564,10.672853828306264,82.36658932714617,4.408352668213457,77.9582366589327
E00006598,334,51,20,31,283,8,275,15.269461077844312,5.9880239520958085,9.281437125748502,84.73053892215569,2.3952095808383236,82.33532934131736
E00006599,371,50,23,27,321,9,312,13.477088948787062,6.199460916442049,7.277628032345014,86.52291105121293,2.4258760107816713,84.09703504043127
E00006600,515,43,16,27,472,15,457,8.349514563106796,3.1067961165048543,5.242718446601942,91.6504854368932,2.912621359223301,88.7378640776699
E00006601,393,45,18,27,348,14,334,11.450381679389313,4.580152671755725,6.870229007633588,88.54961832061069,3.5623409669211195,84.98727735368958
E00006602,405,59,35,24,346,16,330,14.5679012345679,8.641975308641975,5.9259259259259265,85.4320987654321,3.950617283950617,81.48148148148148
E00006603,334,34,21,13,300,14,286,10.179640718562874,6.287425149700598,3.8922155688622757,89.82035928143712,4.191616766467066,85.62874251497006
E00006604,334,55,26,29,279,13,266,16.46706586826347,7.784431137724551,8.682634730538922,83.53293413173652,3.8922155688622757,79.64071856287424
E00006605,337,40,18,22,297,9,288,11.869436201780417,5.341246290801187,6.528189910979229,88.13056379821958,2.6706231454005933,85.45994065281899
E00006606,329,52,20,32,277,12,265,15.80547112462006,6.079027355623101,9.72644376899696,84.19452887537993,3.64741641337386,80.54711246200608
E00006607,350,42,19,23,308,16,292,12,5.428571428571429,6.571428571428571,88,4.571428571428571,83.42857142857143
E00006608,303,36,9,27,267,12,255,11.881188118811881,2.9702970297029703,8.91089108910891,88.11881188118812,3.9603960396039604,84.15841584158416
E00006609,362,40,20,20,322,11,311,11.049723756906078,5.524861878453039,5.524861878453039,88.95027624309392,3.0386740331491713,85.91160220994475
E00006610,421,58,29,29,363,17,346,13.77672209026128,6.88836104513064,6.88836104513064,86.22327790973871,4.038004750593824,82.18527315914488
E00006611,431,47,15,32,384,15,369,10.904872389791183,3.480278422273782,7.424593967517401,89.0951276102088,3.480278422273782,85.61484918793504
E00006612,387,39,18,21,348,17,331,10.077519379844961,4.651162790697675,5.426356589147287,89.92248062015504,4.3927648578811365,85.52971576227391
E00006613,310,44,18,26,266,10,256,14.193548387096774,5.806451612903226,8.38709677419355,85.80645161290322,3.225806451612903,82.58064516129032
E00006614,330,45,24,21,285,18,267,13.636363636363635,7.2727272727272725,6.363636363636363,86.36363636363636,5.454545454545454,80.9090909090909
E00006615,308,40,20,20,268,8,260,12.987012987012985,6.493506493506493,6.493506493506493,87.01298701298701,2.5974025974025974,84.4155844155844
E00006616,302,68,26,42,234,14,220,22.516556291390728,8.609271523178808,13.90728476821192,77.48344370860927,4.635761589403973,72.84768211920529
E00006617,342,53,25,28,289,11,278,15.497076023391813,7.309941520467836,8.187134502923977,84.50292397660819,3.216374269005848,81.28654970760235
E00006618,467,81,46,35,386,18,368,17.34475374732334,9.850107066381156,7.494646680942184,82.65524625267666,3.854389721627409,78.80085653104925
E00006619,359,45,16,29,314,14,300,12.534818941504177,4.456824512534819,8.07799442896936,87.46518105849582,3.8997214484679668,83.56545961002786
E00006620,355,37,16,21,318,14,304,10.422535211267606,4.507042253521127,5.915492957746479,89.5774647887324,3.943661971830986,85.63380281690141
E00006621,399,52,21,31,347,13,334,13.032581453634084,5.263157894736842,7.769423558897243,86.96741854636592,3.258145363408521,83.70927318295739
E00006622,412,57,24,33,355,12,343,13.834951456310678,5.825242718446602,8.009708737864079,86.16504854368931,2.912621359223301,83.25242718446601
E00006623,356,54,32,22,302,12,290,15.168539325842698,8.98876404494382,6.179775280898876,84.8314606741573,3.3707865168539324,81.46067415730337
E00006624,377,64,40,24,313,20,293,16.976127320954905,10.610079575596817,6.36604774535809,83.0238726790451,5.305039787798409,77.71883289124668
E00006625,434,43,20,23,391,11,380,9.90783410138249,4.6082949308755765,5.299539170506913,90.09216589861751,2.5345622119815667,87.55760368663594
E00006626,431,48,20,28,383,28,355,11.1368909512761,4.640371229698376,6.496519721577726,88.8631090487239,6.496519721577726,82.36658932714617
E00006627,393,37,15,22,356,13,343,9.414758269720101,3.816793893129771,5.597964376590331,90.5852417302799,3.307888040712468,87.27735368956743
E00006628,277,24,9,15,253,10,243,8.664259927797833,3.2490974729241873,5.415162454873646,91.33574007220217,3.6101083032490973,87.72563176895306
E00006629,423,52,29,23,371,15,356,12.293144208037825,6.8557919621749415,5.4373522458628845,87.70685579196218,3.546099290780142,84.16075650118204
E00006630,412,45,15,30,367,14,353,10.922330097087379,3.640776699029126,7.281553398058252,89.07766990291263,3.3980582524271843,85.67961165048543
E00006631,350,46,22,24,304,9,295,13.142857142857142,6.2857142857142865,6.857142857142858,86.85714285714286,2.571428571428571,84.28571428571429
E00006632,381,51,25,26,330,9,321,13.385826771653544,6.561679790026247,6.824146981627297,86.61417322834646,2.3622047244094486,84.25196850393701
E00006633,378,52,20,32,326,9,317,13.756613756613756,5.291005291005291,8.465608465608465,86.24338624338624,2.380952380952381,83.86243386243386
E00006634,516,78,35,43,438,24,414,15.11627906976744,6.782945736434108,8.333333333333332,84.88372093023256,4.651162790697675,80.23255813953489
E00006635,342,48,21,27,294,17,277,14.035087719298245,6.140350877192982,7.894736842105263,85.96491228070175,4.970760233918129,80.99415204678363
E00006636,410,31,13,18,379,11,368,7.560975609756097,3.1707317073170733,4.390243902439024,92.4390243902439,2.682926829268293,89.75609756097562
E00006637,405,64,26,38,341,15,326,15.802469135802468,6.419753086419753,9.382716049382717,84.19753086419753,3.7037037037037033,80.49382716049382
E00006638,405,56,22,34,349,20,329,13.82716049382716,5.432098765432099,8.395061728395062,86.17283950617283,4.938271604938271,81.23456790123457
E00006639,371,41,20,21,330,15,315,11.05121293800539,5.3908355795148255,5.660377358490567,88.94878706199461,4.0431266846361185,84.90566037735849
E00006640,264,48,24,24,216,14,202,18.181818181818183,9.090909090909092,9.090909090909092,81.81818181818183,5.303030303030303,76.51515151515152
E00006643,407,37,16,21,370,11,359,9.090909090909092,3.9312039312039313,5.159705159705159,90.9090909090909,2.7027027027027026,88.20638820638821
E00006644,516,82,46,36,434,21,413,15.891472868217054,8.914728682170542,6.976744186046512,84.10852713178295,4.069767441860465,80.03875968992247
E00006646,576,105,68,37,471,11,460,18.229166666666664,11.805555555555555,6.423611111111111,81.77083333333334,1.9097222222222223,79.86111111111111
E00006647,445,98,65,33,347,7,340,22.02247191011236,14.606741573033707,7.415730337078652,77.97752808988764,1.5730337078651686,76.40449438202246
E00006648,433,46,21,25,387,21,366,10.623556581986143,4.849884526558892,5.773672055427252,89.37644341801386,4.849884526558892,84.52655889145497
E00006650,523,48,27,21,475,20,455,9.177820267686425,5.162523900573614,4.015296367112811,90.82217973231359,3.824091778202677,86.9980879541109
E00006651,520,86,54,32,434,16,418,16.538461538461537,10.384615384615385,6.153846153846154,83.46153846153847,3.076923076923077,80.38461538461539
E00006652,515,71,29,42,444,19,425,13.78640776699029,5.631067961165048,8.155339805825243,86.2135922330097,3.6893203883495143,82.52427184466019
E00006653,328,41,23,18,287,13,274,12.5,7.01219512195122,5.487804878048781,87.5,3.9634146341463414,83.53658536585365
E00006654,505,59,30,29,446,26,420,11.683168316831685,5.9405940594059405,5.742574257425743,88.31683168316832,5.148514851485149,83.16831683168317
E00006655,487,64,37,27,423,18,405,13.141683778234087,7.597535934291582,5.544147843942506,86.85831622176592,3.696098562628337,83.16221765913757
E00006656,333,37,17,20,296,10,286,11.11111111111111,5.105105105105105,6.006006006006006,88.88888888888889,3.003003003003003,85.88588588588588
E00006657,521,67,25,42,454,20,434,12.859884836852206,4.798464491362764,8.061420345489443,87.1401151631478,3.8387715930902107,83.30134357005758
E00006658,497,55,20,35,442,22,420,11.066398390342053,4.0241448692152915,7.042253521126761,88.93360160965796,4.426559356136821,84.50704225352112
E00006659,375,52,29,23,323,29,294,13.866666666666665,7.733333333333333,6.133333333333333,86.13333333333333,7.733333333333333,78.4
E00006660,409,55,30,25,354,17,337,13.447432762836186,7.334963325183375,6.112469437652812,86.55256723716381,4.156479217603912,82.3960880195599
E00006661,422,52,28,24,370,13,357,12.322274881516588,6.6350710900473935,5.687203791469194,87.67772511848341,3.080568720379147,84.59715639810426
E00006662,340,88,42,46,252,11,241,25.882352941176475,12.352941176470589,13.529411764705882,74.11764705882354,3.2352941176470593,70.88235294117648
E00006663,433,54,23,31,379,18,361,12.471131639722865,5.311778290993072,7.159353348729793,87.52886836027713,4.157043879907621,83.37182448036951
E00006664,500,67,34,33,433,7,426,13.4,6.800000000000001,6.6000000000000005,86.6,1.4000000000000001,85.2
E00006665,388,57,29,28,331,13,318,14.690721649484537,7.474226804123711,7.216494845360824,85.30927835051546,3.350515463917526,81.95876288659794
E00006666,446,65,34,31,381,26,355,14.573991031390134,7.623318385650224,6.950672645739911,85.42600896860986,5.829596412556054,79.5964125560538
E00006667,341,55,18,37,286,11,275,16.129032258064516,5.278592375366569,10.850439882697946,83.87096774193549,3.225806451612903,80.64516129032258
E00006668,535,55,22,33,480,17,463,10.2803738317757,4.112149532710281,6.16822429906542,89.7196261682243,3.177570093457944,86.54205607476636
E00006669,291,39,16,23,252,19,233,13.402061855670103,5.498281786941581,7.903780068728522,86.5979381443299,6.529209621993128,80.06872852233677
E00006670,569,138,58,80,431,65,366,24.253075571177504,10.193321616871705,14.059753954305801,75.7469244288225,11.423550087873462,64.32337434094903
E00006671,310,56,30,26,254,10,244,18.064516129032256,9.67741935483871,8.38709677419355,81.93548387096774,3.225806451612903,78.70967741935485
E00006672,395,48,20,28,347,19,328,12.151898734177214,5.063291139240507,7.088607594936709,87.84810126582279,4.810126582278481,83.0379746835443
E00006673,400,45,18,27,355,22,333,11.25,4.5,6.75,88.75,5.5,83.25
E00006674,353,43,18,25,310,18,292,12.181303116147308,5.099150141643059,7.0821529745042495,87.81869688385268,5.099150141643059,82.71954674220963
E00006675,404,42,21,21,362,18,344,10.396039603960396,5.198019801980198,5.198019801980198,89.60396039603961,4.455445544554455,85.14851485148515
E00006676,499,52,23,29,447,23,424,10.420841683366733,4.609218436873747,5.811623246492986,89.57915831663327,4.609218436873747,84.96993987975952
E00006677,383,45,17,28,338,14,324,11.74934725848564,4.43864229765013,7.310704960835509,88.25065274151436,3.6553524804177546,84.59530026109661
E00006678,432,37,19,18,395,16,379,8.564814814814815,4.398148148148148,4.166666666666666,91.43518518518519,3.7037037037037033,87.73148148148148
E00006679,344,75,34,41,269,13,256,21.802325581395348,9.883720930232558,11.918604651162791,78.19767441860465,3.77906976744186,74.4186046511628
E00006680,284,32,13,19,252,12,240,11.267605633802818,4.577464788732395,6.690140845070422,88.73239436619718,4.225352112676056,84.50704225352112
E00006681,519,47,24,23,472,13,459,9.05587668593449,4.624277456647398,4.431599229287091,90.94412331406551,2.5048169556840074,88.4393063583815
E00006682,368,59,33,26,309,13,296,16.032608695652172,8.967391304347826,7.065217391304348,83.96739130434783,3.532608695652174,80.43478260869566
E00006683,356,40,17,23,316,12,304,11.235955056179774,4.775280898876404,6.460674157303371,88.76404494382022,3.3707865168539324,85.39325842696628
E00006684,519,68,27,41,451,24,427,13.102119460500964,5.202312138728324,7.89980732177264,86.89788053949904,4.624277456647398,82.27360308285164
E00006685,229,23,9,14,206,6,200,10.043668122270741,3.9301310043668125,6.11353711790393,89.95633187772926,2.6200873362445414,87.33624454148472
E00006686,308,75,40,35,233,11,222,24.350649350649352,12.987012987012985,11.363636363636363,75.64935064935064,3.571428571428571,72.07792207792207
E00006687,338,33,14,19,305,7,298,9.763313609467456,4.142011834319527,5.621301775147929,90.23668639053254,2.0710059171597637,88.16568047337277
E00006688,398,36,17,19,362,21,341,9.045226130653267,4.271356783919598,4.773869346733668,90.95477386934674,5.276381909547738,85.678391959799
E00006689,409,46,23,23,363,19,344,11.246943765281173,5.623471882640587,5.623471882640587,88.75305623471883,4.645476772616137,84.10757946210269
E00006690,422,39,13,26,383,12,371,9.24170616113744,3.080568720379147,6.161137440758294,90.75829383886256,2.843601895734597,87.91469194312796
E00006691,465,46,25,21,419,10,409,9.89247311827957,5.376344086021505,4.516129032258064,90.10752688172043,2.1505376344086025,87.95698924731182
E00006692,304,43,22,21,261,10,251,14.144736842105262,7.236842105263158,6.907894736842106,85.85526315789474,3.289473684210526,82.56578947368422
E00006693,315,35,16,19,280,10,270,11.11111111111111,5.079365079365079,6.031746031746032,88.88888888888889,3.1746031746031744,85.71428571428571
E00006694,312,43,18,25,269,11,258,13.782051282051283,5.769230769230769,8.012820512820513,86.21794871794873,3.5256410256410255,82.6923076923077
E00006695,456,43,20,23,413,26,387,9.429824561403509,4.385964912280701,5.0438596491228065,90.5701754385965,5.701754385964912,84.86842105263158
E00006696,362,46,24,22,316,14,302,12.70718232044199,6.629834254143646,6.077348066298343,87.29281767955801,3.867403314917127,83.42541436464089
E00006697,282,26,9,17,256,2,254,9.219858156028367,3.1914893617021276,6.028368794326241,90.78014184397163,0.7092198581560284,90.0709219858156
E00006698,421,53,24,29,368,21,347,12.589073634204276,5.7007125890736345,6.88836104513064,87.41092636579573,4.98812351543943,82.42280285035629
E00006699,562,61,28,33,501,21,480,10.85409252669039,4.98220640569395,5.871886120996441,89.1459074733096,3.7366548042704624,85.40925266903915
E00006701,438,57,32,25,381,16,365,13.013698630136986,7.30593607305936,5.707762557077626,86.98630136986301,3.65296803652968,83.33333333333334
E00006702,375,48,23,25,327,21,306,12.8,6.133333333333333,6.666666666666667,87.2,5.6000000000000005,81.6
E00006703,437,44,23,21,393,20,373,10.068649885583524,5.263157894736842,4.805491990846682,89.93135011441647,4.576659038901601,85.35469107551488
E00006704,450,58,24,34,392,14,378,12.88888888888889,5.333333333333334,7.555555555555555,87.1111111111111,3.111111111111111,84
E00006705,343,41,21,20,302,22,280,11.9533527696793,6.122448979591836,5.830903790087463,88.0466472303207,6.41399416909621,81.63265306122449
E00006706,383,40,19,21,343,13,330,10.443864229765012,4.960835509138381,5.483028720626632,89.55613577023499,3.3942558746736298,86.16187989556136
E00006707,404,43,19,24,361,8,353,10.643564356435643,4.702970297029703,5.9405940594059405,89.35643564356435,1.9801980198019802,87.37623762376238
E00006708,458,57,22,35,401,15,386,12.445414847161572,4.8034934497816595,7.641921397379912,87.55458515283843,3.2751091703056767,84.27947598253274
E00006709,390,48,21,27,342,11,331,12.307692307692308,5.384615384615385,6.923076923076923,87.6923076923077,2.8205128205128207,84.87179487179488
E00006710,412,53,24,29,359,10,349,12.864077669902912,5.825242718446602,7.038834951456311,87.13592233009709,2.4271844660194173,84.70873786407766
E00006711,437,36,14,22,401,16,385,8.237986270022883,3.203661327231121,5.034324942791762,91.76201372997713,3.6613272311212817,88.10068649885584
E00006712,473,45,20,25,428,14,414,9.513742071881607,4.2283298097251585,5.2854122621564485,90.48625792811839,2.9598308668076108,87.52642706131078
E00006713,274,41,18,23,233,18,215,14.963503649635038,6.569343065693431,8.394160583941606,85.03649635036497,6.569343065693431,78.46715328467153
E00006714,158,13,3,10,145,6,139,8.227848101265822,1.89873417721519,6.329113924050633,91.77215189873418,3.79746835443038,87.9746835443038
E00006715,298,36,15,21,262,9,253,12.080536912751679,5.033557046979865,7.046979865771812,87.91946308724832,3.0201342281879198,84.8993288590604
E00006716,316,40,20,20,276,23,253,12.658227848101266,6.329113924050633,6.329113924050633,87.34177215189874,7.2784810126582276,80.0632911392405
E00006717,354,52,22,30,302,22,280,14.689265536723164,6.214689265536723,8.47457627118644,85.31073446327684,6.214689265536723,79.09604519774011
E00006718,305,43,15,28,262,14,248,14.098360655737704,4.918032786885246,9.180327868852459,85.90163934426229,4.590163934426229,81.31147540983606
E00006719,306,39,14,25,267,29,238,12.745098039215685,4.57516339869281,8.169934640522875,87.25490196078431,9.477124183006536,77.77777777777779
E00006720,333,49,18,31,284,14,270,14.714714714714713,5.405405405405405,9.30930930930931,85.28528528528528,4.2042042042042045,81.08108108108108
E00006721,485,56,34,22,429,28,401,11.54639175257732,7.010309278350515,4.536082474226804,88.45360824742268,5.77319587628866,82.68041237113401
E00006722,356,63,28,35,293,10,283,17.696629213483146,7.865168539325842,9.831460674157304,82.30337078651685,2.8089887640449436,79.49438202247191
E00006723,228,38,20,18,190,12,178,16.666666666666664,8.771929824561402,7.894736842105263,83.33333333333334,5.263157894736842,78.0701754385965
E00006724,331,59,39,20,272,16,256,17.82477341389728,11.782477341389729,6.042296072507553,82.17522658610272,4.833836858006042,77.34138972809667
E00006725,315,43,27,16,272,20,252,13.65079365079365,8.571428571428571,5.079365079365079,86.34920634920636,6.349206349206349,80
E00006726,337,37,14,23,300,19,281,10.979228486646884,4.154302670623145,6.824925816023739,89.02077151335311,5.637982195845697,83.38278931750742
E00006727,227,32,9,23,195,18,177,14.096916299559473,3.9647577092511015,10.13215859030837,85.90308370044053,7.929515418502203,77.97356828193833
E00006728,156,32,19,13,124,5,119,20.51282051282051,12.179487179487179,8.333333333333332,79.48717948717949,3.205128205128205,76.28205128205127
E00006731,200,33,15,18,167,9,158,16.5,7.5,9,83.5,4.5,79
E00006735,374,34,12,22,340,15,325,9.090909090909092,3.2085561497326207,5.88235294117647,90.9090909090909,4.0106951871657754,86.89839572192514
E00006737,486,56,25,31,430,22,408,11.522633744855968,5.1440329218107,6.378600823045268,88.47736625514403,4.526748971193416,83.9506172839506
E00006738,286,31,10,21,255,20,235,10.839160839160838,3.4965034965034967,7.3426573426573425,89.16083916083916,6.993006993006993,82.16783216783216
E00006739,321,35,16,19,286,19,267,10.903426791277258,4.984423676012461,5.919003115264798,89.09657320872275,5.919003115264798,83.17757009345794
E00006740,306,40,23,17,266,16,250,13.071895424836603,7.516339869281046,5.555555555555555,86.9281045751634,5.228758169934641,81.69934640522875
E00006741,240,39,20,19,201,19,182,16.25,8.333333333333332,7.916666666666666,83.75,7.916666666666666,75.83333333333333
E00006742,286,27,14,13,259,15,244,9.44055944055944,4.895104895104895,4.545454545454546,90.55944055944056,5.244755244755245,85.3146853146853
E00006743,453,45,9,36,408,22,386,9.933774834437086,1.9867549668874174,7.9470198675496695,90.06622516556291,4.856512141280353,85.20971302428256
E00006744,341,31,10,21,310,20,290,9.090909090909092,2.932551319648094,6.158357771260997,90.9090909090909,5.865102639296188,85.04398826979472
E00006745,439,28,9,19,411,35,376,6.378132118451026,2.050113895216401,4.328018223234624,93.62186788154897,7.972665148063782,85.6492027334852
E00006746,306,42,23,19,264,17,247,13.725490196078432,7.516339869281046,6.209150326797386,86.27450980392157,5.555555555555555,80.71895424836602
E00006747,498,51,14,37,447,28,419,10.240963855421686,2.8112449799196786,7.429718875502007,89.7590361445783,5.622489959839357,84.13654618473896
E00006748,522,64,25,39,458,21,437,12.260536398467432,4.789272030651341,7.471264367816093,87.73946360153256,4.022988505747127,83.71647509578544
E00006749,323,41,13,28,282,12,270,12.693498452012383,4.024767801857585,8.6687306501548,87.30650154798761,3.7151702786377707,83.59133126934985
E00006750,405,46,15,31,359,18,341,11.358024691358025,3.7037037037037033,7.654320987654321,88.64197530864197,4.444444444444445,84.19753086419753
E00006751,341,103,64,39,238,20,218,30.205278592375368,18.7683284457478,11.436950146627565,69.79472140762464,5.865102639296188,63.929618768328446
E00006752,369,40,10,30,329,17,312,10.840108401084011,2.710027100271003,8.130081300813007,89.15989159891599,4.607046070460704,84.5528455284553
E00006753,530,146,114,32,384,25,359,27.547169811320753,21.50943396226415,6.037735849056604,72.45283018867924,4.716981132075472,67.73584905660377
E00006754,140,23,13,10,117,8,109,16.428571428571427,9.285714285714286,7.142857142857142,83.57142857142857,5.714285714285714,77.85714285714286
E00006755,205,48,29,19,157,10,147,23.414634146341466,14.146341463414632,9.268292682926829,76.58536585365854,4.878048780487805,71.70731707317073
E00006756,389,52,25,27,337,25,312,13.367609254498714,6.426735218508997,6.940874035989718,86.63239074550128,6.426735218508997,80.20565552699229
E00006757,286,30,14,16,256,8,248,10.48951048951049,4.895104895104895,5.594405594405594,89.5104895104895,2.797202797202797,86.7132867132867
E00006759,338,40,19,21,298,10,288,11.834319526627219,5.621301775147929,6.21301775147929,88.16568047337277,2.9585798816568047,85.20710059171599
E00006761,461,71,38,33,390,13,377,15.40130151843818,8.24295010845987,7.158351409978309,84.59869848156181,2.8199566160520604,81.77874186550976
E00006762,388,59,29,30,329,7,322,15.206185567010309,7.474226804123711,7.731958762886598,84.79381443298969,1.804123711340206,82.9896907216495
E00006763,529,73,34,39,456,8,448,13.799621928166353,6.427221172022684,7.372400756143667,86.20037807183365,1.5122873345935728,84.68809073724007
E00006764,487,50,19,31,437,24,413,10.266940451745379,3.9014373716632447,6.365503080082135,89.73305954825463,4.9281314168377826,84.80492813141683
E00006766,438,54,22,32,384,24,360,12.32876712328767,5.0228310502283104,7.30593607305936,87.67123287671232,5.47945205479452,82.1917808219178
E00006767,510,59,27,32,451,13,438,11.568627450980392,5.294117647058823,6.2745098039215685,88.4313725490196,2.549019607843137,85.88235294117646
E00006768,600,81,48,33,519,8,511,13.5,8,5.5,86.5,1.3333333333333335,85.16666666666667
E00006769,508,59,25,34,449,12,437,11.614173228346457,4.921259842519685,6.692913385826772,88.38582677165354,2.3622047244094486,86.0236220472441
E00006771,331,68,43,25,263,15,248,20.54380664652568,12.990936555891238,7.552870090634441,79.45619335347432,4.531722054380665,74.92447129909365
E00006772,524,54,22,32,470,11,459,10.305343511450381,4.198473282442748,6.106870229007633,89.69465648854961,2.099236641221374,87.59541984732824
E00006773,480,46,16,30,434,19,415,9.583333333333334,3.3333333333333335,6.25,90.41666666666667,3.958333333333333,86.45833333333334
E00006774,593,65,33,32,528,15,513,10.961214165261383,5.564924114671164,5.396290050590219,89.03878583473862,2.5295109612141653,86.50927487352446
E00006776,471,43,20,23,428,13,415,9.129511677282377,4.246284501061571,4.8832271762208075,90.87048832271762,2.7600849256900215,88.1104033970276
E00006777,518,57,26,31,461,24,437,11.003861003861005,5.019305019305019,5.984555984555985,88.996138996139,4.633204633204633,84.36293436293437
E00006778,509,58,30,28,451,8,443,11.394891944990176,5.893909626719057,5.50098231827112,88.60510805500982,1.5717092337917484,87.03339882121807
E00006782,485,46,20,26,439,13,426,9.484536082474227,4.123711340206185,5.360824742268041,90.51546391752578,2.6804123711340204,87.83505154639175
E00006783,474,56,29,27,418,5,413,11.814345991561181,6.118143459915612,5.69620253164557,88.18565400843882,1.0548523206751055,87.13080168776372
E00006784,588,53,32,21,535,11,524,9.013605442176871,5.442176870748299,3.571428571428571,90.98639455782312,1.870748299319728,89.1156462585034
E00006785,607,66,36,30,541,8,533,10.873146622734762,5.930807248764415,4.942339373970346,89.12685337726523,1.3179571663920924,87.80889621087314
E00006786,592,81,36,45,511,14,497,13.682432432432432,6.081081081081082,7.601351351351352,86.31756756756756,2.364864864864865,83.9527027027027
E00006787,452,49,16,33,403,15,388,10.84070796460177,3.5398230088495577,7.300884955752212,89.15929203539822,3.3185840707964607,85.84070796460178
E00006790,559,66,42,24,493,19,474,11.806797853309481,7.5134168157423975,4.293381037567084,88.19320214669052,3.3989266547406083,84.79427549194992
E00006791,535,63,32,31,472,24,448,11.775700934579438,5.981308411214954,5.794392523364486,88.22429906542057,4.485981308411215,83.73831775700936
E00006793,404,49,24,25,355,14,341,12.128712871287128,5.9405940594059405,6.188118811881188,87.87128712871286,3.4653465346534658,84.4059405940594
E00006794,496,58,19,39,438,21,417,11.693548387096774,3.8306451612903225,7.862903225806452,88.30645161290323,4.233870967741935,84.07258064516128
E00006795,611,63,29,34,548,13,535,10.310965630114566,4.746317512274959,5.5646481178396074,89.68903436988543,2.127659574468085,87.56137479541735
E00006796,570,48,28,20,522,9,513,8.421052631578947,4.912280701754386,3.508771929824561,91.57894736842105,1.5789473684210527,90
E00006797,471,65,29,36,406,10,396,13.800424628450106,6.1571125265392785,7.643312101910828,86.1995753715499,2.1231422505307855,84.07643312101911
E00006800,453,43,16,27,410,10,400,9.492273730684326,3.532008830022075,5.960264900662252,90.50772626931567,2.207505518763797,88.30022075055187
E00006801,517,37,20,17,480,14,466,7.156673114119923,3.8684719535783367,3.2882011605415857,92.84332688588007,2.7079303675048356,90.13539651837525
E00006802,514,38,12,26,476,6,470,7.392996108949417,2.3346303501945527,5.058365758754864,92.60700389105058,1.1673151750972763,91.43968871595331
E00006804,588,62,37,25,526,7,519,10.54421768707483,6.292517006802721,4.2517006802721085,89.45578231292517,1.1904761904761905,88.26530612244898
E00006806,451,52,27,25,399,17,382,11.529933481152993,5.986696230598669,5.543237250554324,88.470066518847,3.7694013303769403,84.70066518847007
E00006807,603,47,19,28,556,15,541,7.79436152570481,3.150912106135987,4.643449419568822,92.2056384742952,2.4875621890547266,89.71807628524047
E00006809,470,52,24,28,418,14,404,11.063829787234042,5.106382978723404,5.957446808510639,88.93617021276596,2.9787234042553195,85.95744680851064
E00006810,590,63,26,37,527,14,513,10.677966101694915,4.406779661016949,6.271186440677965,89.32203389830508,2.3728813559322033,86.94915254237287
E00006811,418,57,28,29,361,9,352,13.636363636363635,6.698564593301436,6.937799043062201,86.36363636363636,2.15311004784689,84.21052631578947
E00006812,581,49,27,22,532,21,511,8.433734939759036,4.647160068846816,3.7865748709122204,91.56626506024097,3.614457831325301,87.95180722891565
E00006813,499,56,26,30,443,11,432,11.22244488977956,5.210420841683367,6.012024048096192,88.77755511022045,2.2044088176352705,86.57314629258516
E00006814,545,57,29,28,488,17,471,10.458715596330276,5.321100917431193,5.137614678899083,89.54128440366974,3.1192660550458715,86.42201834862385
E00006815,245,52,31,21,193,11,182,21.224489795918366,12.653061224489795,8.571428571428571,78.77551020408163,4.489795918367347,74.28571428571429
E00006817,461,29,12,17,432,11,421,6.29067245119306,2.6030368763557483,3.68763557483731,93.70932754880694,2.386117136659436,91.3232104121475
E00006818,434,57,30,27,377,10,367,13.13364055299539,6.912442396313365,6.221198156682028,86.8663594470046,2.3041474654377883,84.56221198156682
E00006819,450,48,26,22,402,12,390,10.666666666666668,5.777777777777778,4.888888888888889,89.33333333333333,2.666666666666667,86.66666666666667
E00006820,284,21,4,17,263,19,244,7.394366197183098,1.4084507042253522,5.985915492957746,92.6056338028169,6.690140845070422,85.91549295774648
E00006821,253,36,10,26,217,23,194,14.229249011857709,3.9525691699604746,10.276679841897234,85.7707509881423,9.090909090909092,76.6798418972332
E00006822,237,32,14,18,205,17,188,13.502109704641349,5.9071729957805905,7.59493670886076,86.49789029535864,7.172995780590717,79.32489451476793
E00006823,358,32,14,18,326,14,312,8.938547486033519,3.910614525139665,5.027932960893855,91.06145251396647,3.910614525139665,87.15083798882681
E00006824,321,29,17,12,292,17,275,9.034267912772584,5.29595015576324,3.7383177570093453,90.96573208722741,5.29595015576324,85.66978193146417
E00006825,363,40,13,27,323,19,304,11.019283746556475,3.581267217630854,7.43801652892562,88.98071625344353,5.234159779614325,83.7465564738292
E00006826,365,46,23,23,319,19,300,12.602739726027398,6.301369863013699,6.301369863013699,87.3972602739726,5.205479452054795,82.1917808219178
E00006827,312,30,7,23,282,13,269,9.615384615384617,2.2435897435897436,7.371794871794872,90.38461538461539,4.166666666666666,86.21794871794873
E00006828,401,33,9,24,368,22,346,8.229426433915211,2.2443890274314215,5.985037406483791,91.77057356608479,5.486284289276807,86.28428927680798
E00006829,254,9,0,9,245,15,230,3.543307086614173,0,3.543307086614173,96.45669291338582,5.905511811023622,90.5511811023622
E00006830,236,38,21,17,198,17,181,16.101694915254235,8.898305084745763,7.203389830508475,83.89830508474576,7.203389830508475,76.69491525423729
E00006831,268,20,7,13,248,22,226,7.462686567164178,2.6119402985074625,4.850746268656716,92.53731343283582,8.208955223880597,84.32835820895522
E00006832,346,40,21,19,306,28,278,11.560693641618498,6.069364161849711,5.491329479768786,88.4393063583815,8.092485549132949,80.34682080924856
E00006833,282,26,12,14,256,18,238,9.219858156028367,4.25531914893617,4.964539007092199,90.78014184397163,6.382978723404255,84.39716312056737
E00006834,329,37,8,29,292,27,265,11.246200607902736,2.43161094224924,8.814589665653495,88.75379939209726,8.206686930091186,80.54711246200608
E00006835,294,18,0,18,276,22,254,6.122448979591836,0,6.122448979591836,93.87755102040816,7.482993197278912,86.39455782312925
E00006836,293,24,8,16,269,23,246,8.19112627986348,2.7303754266211606,5.460750853242321,91.80887372013652,7.849829351535837,83.95904436860067
E00006837,267,25,9,16,242,17,225,9.363295880149813,3.3707865168539324,5.992509363295881,90.63670411985018,6.367041198501873,84.26966292134831
E00006838,257,21,9,12,236,31,205,8.171206225680933,3.501945525291829,4.669260700389105,91.82879377431907,12.062256809338521,79.76653696498055
E00006839,305,23,6,17,282,19,263,7.540983606557377,1.9672131147540985,5.573770491803279,92.45901639344262,6.229508196721312,86.22950819672131
E00006840,283,26,10,16,257,24,233,9.187279151943462,3.53356890459364,5.6537102473498235,90.81272084805654,8.480565371024735,82.3321554770318
E00006841,285,21,10,11,264,24,240,7.368421052631578,3.508771929824561,3.8596491228070176,92.63157894736842,8.421052631578947,84.21052631578947
E00006842,327,38,13,25,289,24,265,11.62079510703364,3.9755351681957185,7.64525993883792,88.37920489296636,7.339449541284404,81.03975535168195
E00006843,264,18,6,12,246,25,221,6.8181818181818175,2.272727272727273,4.545454545454546,93.18181818181817,9.469696969696969,83.71212121212122
E00006844,249,27,8,19,222,24,198,10.843373493975903,3.2128514056224895,7.630522088353414,89.1566265060241,9.63855421686747,79.51807228915662
E00006845,340,26,4,22,314,33,281,7.647058823529412,1.1764705882352942,6.470588235294119,92.3529411764706,9.705882352941178,82.6470588235294
E00006846,302,29,7,22,273,30,243,9.602649006622517,2.3178807947019866,7.28476821192053,90.39735099337747,9.933774834437086,80.4635761589404
E00006847,310,22,5,17,288,20,268,7.096774193548387,1.6129032258064515,5.483870967741936,92.90322580645162,6.451612903225806,86.45161290322581
E00006848,314,29,9,20,285,18,267,9.235668789808917,2.8662420382165608,6.369426751592357,90.76433121019109,5.7324840764331215,85.03184713375796
E00006849,320,35,11,24,285,19,266,10.9375,3.4375000000000004,7.5,89.0625,5.9375,83.125
E00006850,172,16,3,13,156,18,138,9.30232558139535,1.744186046511628,7.55813953488372,90.69767441860465,10.465116279069768,80.23255813953489
E00006851,232,29,12,17,203,19,184,12.5,5.172413793103448,7.327586206896551,87.5,8.189655172413794,79.3103448275862
E00006852,255,24,7,17,231,14,217,9.411764705882353,2.7450980392156863,6.666666666666667,90.58823529411765,5.490196078431373,85.09803921568627
E00006853,302,22,6,16,280,20,260,7.28476821192053,1.9867549668874174,5.298013245033113,92.71523178807946,6.622516556291391,86.09271523178808
E00006854,281,41,19,22,240,12,228,14.590747330960854,6.761565836298933,7.829181494661921,85.40925266903915,4.270462633451958,81.13879003558719
E00006855,454,33,10,23,421,32,389,7.268722466960352,2.2026431718061676,5.066079295154185,92.73127753303964,7.048458149779736,85.68281938325991
E00006856,315,17,6,11,298,21,277,5.396825396825397,1.9047619047619049,3.492063492063492,94.6031746031746,6.666666666666667,87.93650793650794
E00006857,533,49,17,32,484,34,450,9.193245778611631,3.189493433395872,6.0037523452157595,90.80675422138836,6.378986866791744,84.42776735459663
E00006858,402,39,8,31,363,21,342,9.701492537313433,1.9900497512437811,7.711442786069651,90.29850746268657,5.223880597014925,85.07462686567165
E00006860,439,33,15,18,406,23,383,7.517084282460136,3.416856492027335,4.100227790432802,92.48291571753985,5.239179954441914,87.24373576309794
E00006861,411,39,16,23,372,17,355,9.48905109489051,3.8929440389294405,5.59610705596107,90.51094890510949,4.13625304136253,86.37469586374696
E00006862,332,27,7,20,305,20,285,8.132530120481928,2.108433734939759,6.024096385542169,91.86746987951807,6.024096385542169,85.8433734939759
E00006863,378,28,8,20,350,25,325,7.4074074074074066,2.1164021164021163,5.291005291005291,92.5925925925926,6.613756613756613,85.97883597883597
E00006864,163,17,11,6,146,10,136,10.429447852760736,6.748466257668712,3.6809815950920246,89.57055214723927,6.134969325153374,83.43558282208589
E00006865,315,49,22,27,266,18,248,15.555555555555555,6.984126984126984,8.571428571428571,84.44444444444444,5.714285714285714,78.73015873015873
E00006866,281,21,6,15,260,23,237,7.473309608540925,2.135231316725979,5.338078291814947,92.52669039145907,8.185053380782918,84.34163701067615
E00006867,326,31,13,18,295,24,271,9.509202453987731,3.9877300613496933,5.521472392638037,90.49079754601227,7.361963190184049,83.12883435582822
E00006868,345,63,39,24,282,30,252,18.26086956521739,11.304347826086957,6.956521739130435,81.73913043478261,8.695652173913043,73.04347826086956
E00006869,346,50,16,34,296,23,273,14.450867052023122,4.624277456647398,9.826589595375722,85.54913294797689,6.6473988439306355,78.90173410404624
E00006870,269,32,10,22,237,26,211,11.895910780669144,3.717472118959108,8.178438661710038,88.10408921933085,9.66542750929368,78.43866171003717
E00006871,340,43,13,30,297,22,275,12.647058823529411,3.823529411764706,8.823529411764707,87.3529411764706,6.470588235294119,80.88235294117648
E00006872,365,28,11,17,337,23,314,7.671232876712329,3.0136986301369864,4.657534246575342,92.32876712328768,6.301369863013699,86.02739726027397
E00006873,185,37,16,21,148,17,131,20,8.64864864864865,11.351351351351353,80,9.18918918918919,70.8108108108108
E00006874,304,28,14,14,276,28,248,9.210526315789473,4.605263157894736,4.605263157894736,90.78947368421053,9.210526315789473,81.57894736842105
E00006875,358,23,6,17,335,20,315,6.424581005586592,1.675977653631285,4.748603351955307,93.57541899441341,5.58659217877095,87.98882681564247
E00006876,281,31,8,23,250,18,232,11.032028469750891,2.8469750889679712,8.185053380782918,88.96797153024912,6.405693950177936,82.56227758007117
E00006877,387,37,14,23,350,20,330,9.560723514211885,3.6175710594315245,5.943152454780361,90.43927648578811,5.167958656330749,85.27131782945736
E00006878,281,41,16,25,240,18,222,14.590747330960854,5.6939501779359425,8.896797153024911,85.40925266903915,6.405693950177936,79.00355871886121
E00006879,317,27,7,20,290,23,267,8.517350157728707,2.2082018927444795,6.309148264984227,91.48264984227129,7.255520504731862,84.22712933753942
E00006880,324,33,7,26,291,20,271,10.185185185185185,2.1604938271604937,8.024691358024691,89.81481481481481,6.172839506172839,83.64197530864197
E00006881,392,38,18,20,354,22,332,9.693877551020408,4.591836734693878,5.1020408163265305,90.3061224489796,5.612244897959184,84.6938775510204
E00006882,322,31,8,23,291,23,268,9.627329192546584,2.484472049689441,7.142857142857142,90.37267080745342,7.142857142857142,83.22981366459628
E00006883,354,30,7,23,324,23,301,8.47457627118644,1.977401129943503,6.497175141242938,91.52542372881356,6.497175141242938,85.02824858757062
E00006884,360,29,12,17,331,25,306,8.055555555555555,3.3333333333333335,4.722222222222222,91.94444444444444,6.944444444444445,85
E00006885,313,46,15,31,267,22,245,14.696485623003195,4.792332268370607,9.904153354632587,85.3035143769968,7.0287539936102235,78.27476038338658
E00006886,322,38,7,31,284,20,264,11.801242236024844,2.1739130434782608,9.627329192546584,88.19875776397515,6.211180124223603,81.98757763975155
E00006887,334,30,7,23,304,26,278,8.982035928143713,2.095808383233533,6.88622754491018,91.01796407185628,7.784431137724551,83.23353293413174
E00006888,280,30,6,24,250,16,234,10.714285714285714,2.142857142857143,8.571428571428571,89.28571428571429,5.714285714285714,83.57142857142857
E00006889,299,53,28,25,246,12,234,17.725752508361204,9.364548494983277,8.361204013377927,82.2742474916388,4.013377926421405,78.26086956521739
E00006890,297,47,14,33,250,17,233,15.824915824915825,4.713804713804714,11.11111111111111,84.17508417508418,5.723905723905724,78.45117845117845
E00006891,240,47,20,27,193,18,175,19.583333333333332,8.333333333333332,11.25,80.41666666666667,7.5,72.91666666666666
E00006893,255,15,4,11,240,25,215,5.88235294117647,1.5686274509803921,4.313725490196078,94.11764705882352,9.803921568627452,84.31372549019608
E00006894,447,58,26,32,389,28,361,12.97539149888143,5.8165548098434,7.158836689038031,87.02460850111858,6.263982102908278,80.76062639821029
E00006895,216,18,5,13,198,18,180,8.333333333333332,2.314814814814815,6.018518518518518,91.66666666666666,8.333333333333332,83.33333333333334
E00006896,366,31,10,21,335,23,312,8.469945355191257,2.73224043715847,5.737704918032787,91.53005464480874,6.284153005464481,85.24590163934425
E00006897,482,36,10,26,446,23,423,7.468879668049793,2.0746887966804977,5.394190871369295,92.5311203319502,4.771784232365145,87.75933609958506
E00006898,238,28,5,23,210,15,195,11.76470588235294,2.100840336134454,9.663865546218489,88.23529411764706,6.302521008403361,81.9327731092437
E00006899,273,61,26,35,212,11,201,22.344322344322347,9.523809523809524,12.82051282051282,77.65567765567766,4.029304029304029,73.62637362637363
E00006901,393,48,25,23,345,14,331,12.213740458015266,6.361323155216285,5.852417302798982,87.78625954198473,3.5623409669211195,84.22391857506362
E00006903,364,40,12,28,324,26,298,10.989010989010989,3.296703296703297,7.6923076923076925,89.01098901098901,7.142857142857142,81.86813186813187
E00006904,313,40,14,26,273,16,257,12.779552715654951,4.472843450479233,8.30670926517572,87.22044728434504,5.111821086261981,82.10862619808307
E00006905,203,28,13,15,175,13,162,13.793103448275861,6.403940886699508,7.389162561576355,86.20689655172413,6.403940886699508,79.80295566502463
E00006906,329,47,21,26,282,25,257,14.285714285714285,6.382978723404255,7.90273556231003,85.71428571428571,7.598784194528875,78.11550151975683
E00006907,333,26,9,17,307,20,287,7.807807807807808,2.7027027027027026,5.105105105105105,92.1921921921922,6.006006006006006,86.18618618618619
E00006908,330,37,11,26,293,22,271,11.212121212121213,3.3333333333333335,7.878787878787878,88.7878787878788,6.666666666666667,82.12121212121211
E00006909,304,22,5,17,282,20,262,7.236842105263158,1.644736842105263,5.592105263157895,92.76315789473685,6.578947368421052,86.18421052631578
E00165797,245,19,12,7,226,16,210,7.755102040816326,4.8979591836734695,2.857142857142857,92.24489795918367,6.530612244897959,85.71428571428571
E00166844,440,62,19,43,378,11,367,14.09090909090909,4.318181818181818,9.772727272727273,85.9090909090909,2.5,83.4090909090909
E00166845,262,29,18,11,233,14,219,11.068702290076336,6.870229007633588,4.198473282442748,88.93129770992367,5.343511450381679,83.58778625954199
E00166847,476,51,24,27,425,12,413,10.714285714285714,5.042016806722689,5.6722689075630255,89.28571428571429,2.5210084033613445,86.76470588235294
E00166848,562,35,19,16,527,19,508,6.227758007117438,3.3807829181494666,2.8469750889679712,93.77224199288257,3.3807829181494666,90.39145907473309
E00166850,321,47,20,27,274,17,257,14.641744548286603,6.230529595015576,8.411214953271028,85.35825545171339,5.29595015576324,80.06230529595015
E00166851,505,62,18,44,443,42,401,12.277227722772277,3.564356435643564,8.712871287128712,87.72277227722772,8.316831683168317,79.40594059405942
E00166852,265,25,14,11,240,10,230,9.433962264150944,5.283018867924529,4.150943396226415,90.56603773584906,3.7735849056603774,86.79245283018868
E00166853,166,36,19,17,130,9,121,21.686746987951807,11.44578313253012,10.240963855421686,78.3132530120482,5.421686746987952,72.89156626506023
E00166855,261,22,11,11,239,17,222,8.42911877394636,4.21455938697318,4.21455938697318,91.57088122605363,6.513409961685824,85.0574712643678
E00166857,512,54,25,29,458,19,439,10.546875,4.8828125,5.6640625,89.453125,3.7109375,85.7421875
E00166858,230,33,13,20,197,3,194,14.347826086956522,5.6521739130434785,8.695652173913043,85.65217391304348,1.3043478260869565,84.34782608695653
E00166859,222,25,13,12,197,14,183,11.26126126126126,5.8558558558558556,5.405405405405405,88.73873873873875,6.306306306306306,82.43243243243244
E00166860,305,80,61,19,225,12,213,26.229508196721312,20,6.229508196721312,73.77049180327869,3.934426229508197,69.83606557377048
E00166861,345,39,13,26,306,10,296,11.304347826086957,3.768115942028986,7.536231884057972,88.69565217391305,2.898550724637681,85.79710144927536
E00166862,474,53,32,21,421,22,399,11.181434599156118,6.751054852320674,4.430379746835443,88.81856540084388,4.641350210970464,84.17721518987342
E00166863,281,28,13,15,253,13,240,9.9644128113879,4.6263345195729535,5.338078291814947,90.0355871886121,4.6263345195729535,85.40925266903915
E00166865,557,107,52,55,450,22,428,19.210053859964095,9.33572710951526,9.874326750448834,80.78994614003591,3.949730700179533,76.84021543985638
E00166866,145,9,5,4,136,7,129,6.206896551724138,3.4482758620689653,2.7586206896551726,93.79310344827586,4.827586206896552,88.96551724137932
E00166867,137,28,8,20,109,10,99,20.437956204379564,5.839416058394161,14.5985401459854,79.56204379562044,7.2992700729927,72.26277372262774
E00166869,525,57,17,40,468,26,442,10.857142857142858,3.2380952380952377,7.6190476190476195,89.14285714285714,4.9523809523809526,84.19047619047619
E00179074,315,29,13,16,286,20,266,9.206349206349207,4.1269841269841265,5.079365079365079,90.7936507936508,6.349206349206349,84.44444444444444
E00179075,559,44,22,22,515,13,502,7.8711985688729875,3.9355992844364938,3.9355992844364938,92.12880143112702,2.3255813953488373,89.80322003577818
E00179079,503,109,54,55,394,8,386,21.669980119284293,10.73558648111332,10.934393638170974,78.33001988071571,1.5904572564612325,76.73956262425448
E00179081,475,88,46,42,387,18,369,18.526315789473685,9.68421052631579,8.842105263157894,81.47368421052632,3.7894736842105265,77.6842105263158
E00179085,432,54,16,38,378,18,360,12.5,3.7037037037037033,8.796296296296296,87.5,4.166666666666666,83.33333333333334
E00179087,428,38,15,23,390,19,371,8.878504672897195,3.5046728971962615,5.373831775700935,91.1214953271028,4.439252336448598,86.6822429906542
E00179097,414,50,32,18,364,16,348,12.077294685990339,7.729468599033816,4.3478260869565215,87.92270531400966,3.864734299516908,84.05797101449275
E00179099,283,41,32,9,242,15,227,14.487632508833922,11.307420494699647,3.180212014134275,85.51236749116607,5.30035335689046,80.21201413427562
E00179100,595,29,13,16,566,29,537,4.873949579831933,2.1848739495798317,2.689075630252101,95.12605042016806,4.873949579831933,90.25210084033614
E00179102,471,51,24,27,420,24,396,10.828025477707007,5.095541401273886,5.7324840764331215,89.171974522293,5.095541401273886,84.07643312101911
E00179106,454,67,34,33,387,23,364,14.757709251101323,7.488986784140969,7.268722466960352,85.24229074889867,5.066079295154185,80.1762114537445
E00179107,397,54,26,28,343,13,330,13.602015113350127,6.54911838790932,7.052896725440807,86.39798488664987,3.27455919395466,83.12342569269522
E00179109,961,74,21,53,887,50,837,7.700312174817898,2.18522372528616,5.515088449531738,92.2996878251821,5.202913631633715,87.09677419354838
E00179113,458,55,29,26,403,10,393,12.008733624454148,6.331877729257641,5.676855895196507,87.99126637554585,2.1834061135371177,85.80786026200873
E00179114,375,44,23,21,331,20,311,11.733333333333333,6.133333333333333,5.6000000000000005,88.26666666666667,5.333333333333334,82.93333333333334
E00179116,111,17,13,4,94,7,87,15.315315315315313,11.711711711711711,3.6036036036036037,84.68468468468468,6.306306306306306,78.37837837837837
E00179117,623,50,16,34,573,27,546,8.025682182985554,2.568218298555377,5.457463884430177,91.97431781701445,4.333868378812198,87.64044943820225
E00179120,422,40,12,28,382,12,370,9.47867298578199,2.843601895734597,6.6350710900473935,90.52132701421802,2.843601895734597,87.67772511848341
E00179124,621,51,24,27,570,17,553,8.212560386473431,3.864734299516908,4.3478260869565215,91.78743961352657,2.737520128824477,89.04991948470209
E00179125,244,31,21,10,213,3,210,12.704918032786885,8.60655737704918,4.098360655737705,87.29508196721312,1.2295081967213115,86.0655737704918
E00179129,244,53,29,24,191,9,182,21.721311475409834,11.885245901639344,9.836065573770492,78.27868852459017,3.6885245901639343,74.59016393442623
E00179131,215,17,6,11,198,4,194,7.906976744186046,2.7906976744186047,5.116279069767442,92.09302325581396,1.8604651162790697,90.23255813953487
E00179134,432,36,20,16,396,13,383,8.333333333333332,4.62962962962963,3.7037037037037033,91.66666666666666,3.009259259259259,88.6574074074074
E00179136,291,28,10,18,263,32,231,9.621993127147768,3.436426116838488,6.185567010309279,90.37800687285224,10.996563573883162,79.38144329896907
E00179138,178,20,11,9,158,10,148,11.235955056179774,6.179775280898876,5.056179775280898,88.76404494382022,5.617977528089887,83.14606741573034
E00179139,535,48,24,24,487,10,477,8.97196261682243,4.485981308411215,4.485981308411215,91.02803738317758,1.8691588785046727,89.1588785046729
E00179145,340,24,7,17,316,11,305,7.0588235294117645,2.0588235294117645,5,92.94117647058823,3.2352941176470593,89.70588235294117
E00179146,496,81,43,38,415,24,391,16.33064516129032,8.669354838709678,7.661290322580645,83.66935483870968,4.838709677419355,78.83064516129032
E00179147,240,17,10,7,223,10,213,7.083333333333333,4.166666666666666,2.9166666666666665,92.91666666666667,4.166666666666666,88.75
E00179149,257,26,12,14,231,10,221,10.116731517509727,4.669260700389105,5.447470817120623,89.88326848249028,3.8910505836575875,85.99221789883269
E00179150,549,34,17,17,515,13,502,6.193078324225866,3.096539162112933,3.096539162112933,93.80692167577413,2.3679417122040074,91.43897996357013
E00179151,191,5,3,2,186,13,173,2.6178010471204187,1.5706806282722512,1.0471204188481675,97.38219895287958,6.806282722513089,90.57591623036649
E00179153,529,46,22,24,483,17,466,8.695652173913043,4.158790170132325,4.536862003780719,91.30434782608695,3.213610586011342,88.09073724007561
E00179154,291,16,2,14,275,16,259,5.498281786941581,0.6872852233676976,4.810996563573884,94.50171821305841,5.498281786941581,89.00343642611683
E00179156,427,33,16,17,394,15,379,7.728337236533958,3.747072599531616,3.9812646370023423,92.27166276346604,3.51288056206089,88.75878220140515
E00179160,140,10,5,5,130,6,124,7.142857142857142,3.571428571428571,3.571428571428571,92.85714285714286,4.285714285714286,88.57142857142857
E00179164,216,20,11,9,196,6,190,9.25925925925926,5.092592592592593,4.166666666666666,90.74074074074075,2.7777777777777777,87.96296296296296
E00179166,436,36,14,22,400,16,384,8.256880733944955,3.211009174311927,5.045871559633028,91.74311926605505,3.669724770642202,88.07339449541286
E00179167,172,15,11,4,157,6,151,8.720930232558139,6.395348837209303,2.3255813953488373,91.27906976744185,3.488372093023256,87.79069767441861
E00179169,119,17,12,5,102,7,95,14.285714285714285,10.084033613445378,4.201680672268908,85.71428571428571,5.88235294117647,79.83193277310924
E00179172,419,56,32,24,363,13,350,13.365155131264917,7.637231503579953,5.727923627684964,86.63484486873509,3.1026252983293556,83.53221957040573
E00179173,575,56,22,34,519,13,506,9.73913043478261,3.826086956521739,5.913043478260869,90.26086956521739,2.2608695652173916,88
E00179174,185,14,6,8,171,3,168,7.567567567567568,3.2432432432432434,4.324324324324325,92.43243243243244,1.6216216216216217,90.81081081081082
E00179176,213,28,17,11,185,15,170,13.145539906103288,7.981220657276995,5.164319248826291,86.85446009389672,7.042253521126761,79.81220657276995
E00179177,415,33,12,21,382,22,360,7.951807228915662,2.891566265060241,5.0602409638554215,92.04819277108433,5.301204819277109,86.74698795180723
E00179178,337,22,3,19,315,13,302,6.528189910979229,0.8902077151335311,5.637982195845697,93.47181008902076,3.857566765578635,89.61424332344214
E00179180,314,48,22,26,266,7,259,15.286624203821656,7.006369426751593,8.280254777070063,84.71337579617835,2.229299363057325,82.48407643312102
E00179181,361,44,21,23,317,17,300,12.18836565096953,5.8171745152354575,6.3711911357340725,87.81163434903047,4.7091412742382275,83.10249307479224
E00179182,210,25,11,14,185,15,170,11.904761904761903,5.238095238095238,6.666666666666667,88.09523809523809,7.142857142857142,80.95238095238095
E00179192,511,92,47,45,419,18,401,18.003913894324853,9.197651663405088,8.806262230919765,81.99608610567515,3.522504892367906,78.47358121330724
E00179193,401,32,10,22,369,11,358,7.98004987531172,2.493765586034913,5.486284289276807,92.01995012468828,2.7431421446384037,89.27680798004988
E00179195,702,66,11,55,636,30,606,9.401709401709402,1.566951566951567,7.834757834757834,90.5982905982906,4.273504273504273,86.32478632478633
E00179196,303,23,9,14,280,16,264,7.590759075907591,2.9702970297029703,4.62046204620462,92.4092409240924,5.2805280528052805,87.12871287128714
E00179197,512,47,18,29,465,21,444,9.1796875,3.515625,5.6640625,90.8203125,4.1015625,86.71875
E00179198,234,11,4,7,223,5,218,4.700854700854701,1.7094017094017095,2.9914529914529915,95.2991452991453,2.1367521367521367,93.16239316239316
E00179201,184,5,2,3,179,5,174,2.717391304347826,1.0869565217391304,1.6304347826086956,97.28260869565217,2.717391304347826,94.56521739130434
E00179203,881,116,19,97,765,48,717,13.166855845629966,2.1566401816118046,11.01021566401816,86.83314415437003,5.448354143019296,81.38479001135074
E00179204,324,46,18,28,278,15,263,14.19753086419753,5.555555555555555,8.641975308641975,85.80246913580247,4.62962962962963,81.17283950617285
E00179205,354,45,22,23,309,8,301,12.711864406779661,6.214689265536723,6.497175141242938,87.28813559322035,2.2598870056497176,85.02824858757062
E00179206,422,58,30,28,364,11,353,13.744075829383887,7.109004739336493,6.6350710900473935,86.25592417061611,2.6066350710900474,83.64928909952607
E00179207,166,16,6,10,150,0,150,9.63855421686747,3.614457831325301,6.024096385542169,90.36144578313254,0,90.36144578313254
E00179208,233,15,6,9,218,10,208,6.437768240343347,2.575107296137339,3.862660944206009,93.56223175965665,4.291845493562231,89.27038626609442
E00179212,345,39,24,15,306,6,300,11.304347826086957,6.956521739130435,4.3478260869565215,88.69565217391305,1.7391304347826086,86.95652173913044
E00179214,218,23,8,15,195,13,182,10.550458715596331,3.669724770642202,6.8807339449541285,89.44954128440367,5.963302752293578,83.4862385321101
E00179215,336,26,5,21,310,18,292,7.738095238095238,1.488095238095238,6.25,92.26190476190477,5.357142857142857,86.90476190476191
E00179218,422,64,28,36,358,12,346,15.165876777251185,6.6350710900473935,8.530805687203792,84.83412322274881,2.843601895734597,81.99052132701422
E00179219,525,18,6,12,507,21,486,3.428571428571429,1.1428571428571428,2.2857142857142856,96.57142857142857,4,92.57142857142857
E00179220,399,46,20,26,353,14,339,11.528822055137844,5.012531328320802,6.516290726817042,88.47117794486216,3.508771929824561,84.9624060150376
E00179222,134,9,2,7,125,9,116,6.7164179104477615,1.4925373134328357,5.223880597014925,93.28358208955224,6.7164179104477615,86.56716417910447
E00179223,249,13,5,8,236,13,223,5.220883534136546,2.0080321285140563,3.2128514056224895,94.77911646586345,5.220883534136546,89.5582329317269
E00179224,515,38,11,27,477,18,459,7.3786407766990285,2.1359223300970873,5.242718446601942,92.62135922330097,3.4951456310679614,89.126213592233
E00179226,103,11,3,8,92,3,89,10.679611650485436,2.912621359223301,7.766990291262135,89.32038834951457,2.912621359223301,86.40776699029125
E00179227,450,53,24,29,397,10,387,11.777777777777777,5.333333333333334,6.444444444444445,88.22222222222223,2.2222222222222223,86
E00179229,618,32,10,22,586,14,572,5.177993527508091,1.6181229773462782,3.559870550161812,94.8220064724919,2.26537216828479,92.55663430420712
E00179230,431,31,10,21,400,23,377,7.192575406032482,2.320185614849188,4.872389791183294,92.80742459396751,5.336426914153132,87.47099767981439
E00179232,144,9,0,9,135,9,126,6.25,0,6.25,93.75,6.25,87.5
E00179233,192,10,4,6,182,7,175,5.208333333333334,2.083333333333333,3.125,94.79166666666666,3.6458333333333335,91.14583333333334
E00179236,365,35,21,14,330,13,317,9.58904109589041,5.7534246575342465,3.8356164383561646,90.41095890410958,3.5616438356164384,86.84931506849315
E00179238,132,18,7,11,114,5,109,13.636363636363635,5.303030303030303,8.333333333333332,86.36363636363636,3.787878787878788,82.57575757575758
E00179241,143,7,0,7,136,7,129,4.895104895104895,0,4.895104895104895,95.1048951048951,4.895104895104895,90.20979020979021
E00179246,307,32,11,21,275,3,272,10.423452768729643,3.5830618892508146,6.840390879478828,89.57654723127035,0.9771986970684038,88.59934853420195
E00179248,380,48,24,24,332,7,325,12.631578947368421,6.315789473684211,6.315789473684211,87.36842105263159,1.8421052631578945,85.52631578947368
E00179250,669,59,16,43,610,40,570,8.819133034379671,2.391629297458894,6.427503736920777,91.18086696562034,5.9790732436472345,85.20179372197309
E00179253,462,48,26,22,414,9,405,10.38961038961039,5.627705627705628,4.761904761904762,89.6103896103896,1.948051948051948,87.66233766233766
E00179254,354,49,13,36,305,0,305,13.841807909604519,3.672316384180791,10.16949152542373,86.15819209039547,0,86.15819209039547
E00179257,211,19,6,13,192,13,179,9.004739336492891,2.843601895734597,6.161137440758294,90.99526066350711,6.161137440758294,84.83412322274881
E00179259,248,36,13,23,212,4,208,14.516129032258066,5.241935483870968,9.274193548387096,85.48387096774194,1.6129032258064515,83.87096774193549
E00179260,282,22,7,15,260,5,255,7.801418439716312,2.4822695035460995,5.319148936170213,92.19858156028369,1.773049645390071,90.42553191489363
E00179261,194,19,4,15,175,7,168,9.793814432989691,2.0618556701030926,7.731958762886598,90.20618556701031,3.608247422680412,86.5979381443299
E00179276,490,43,24,19,447,5,442,8.775510204081632,4.8979591836734695,3.877551020408163,91.22448979591836,1.0204081632653061,90.20408163265307
E00179277,216,27,12,15,189,5,184,12.5,5.555555555555555,6.944444444444445,87.5,2.314814814814815,85.18518518518519
E00179278,321,35,14,21,286,4,282,10.903426791277258,4.361370716510903,6.5420560747663545,89.09657320872275,1.2461059190031152,87.85046728971963
E00179279,419,39,18,21,380,7,373,9.307875894988067,4.295942720763723,5.011933174224343,90.69212410501193,1.6706443914081146,89.02147971360382
E00179280,444,48,19,29,396,15,381,10.81081081081081,4.2792792792792795,6.531531531531531,89.1891891891892,3.3783783783783785,85.8108108108108
E00179281,405,36,24,12,369,6,363,8.88888888888889,5.9259259259259265,2.9629629629629632,91.11111111111111,1.4814814814814816,89.62962962962962
