OA,ts0590001,ts0590002,ts0590003,ts0590004,ts0590005,ts0590006,ts0590007,ts0590002_PCT,ts0590003_PCT,ts0590004_PCT,ts0590005_PCT,ts0590006_PCT,ts0590007_PCT
W00008044,151,42,19,23,109,77,32,27.81456953642384,12.582781456953644,15.2317880794702,72.18543046357617,50.993377483443716,21.192052980132452
W00008045,169,42,18,24,127,115,12,24.85207100591716,10.650887573964498,14.201183431952662,75.14792899408283,68.04733727810651,7.100591715976331
W00008046,162,44,15,29,118,84,34,27.160493827160494,9.25925925925926,17.901234567901234,72.8395061728395,51.85185185185185,20.98765432098765
W00008047,177,57,20,37,120,95,25,32.20338983050847,11.299435028248588,20.903954802259886,67.79661016949152,53.672316384180796,14.124293785310735
W00008049,182,62,22,40,120,100,20,34.065934065934066,12.087912087912088,21.978021978021978,65.93406593406593,54.94505494505495,10.989010989010989
W00008050,51,13,3,10,38,31,7,25.49019607843137,5.88235294117647,19.607843137254903,74.50980392156863,60.78431372549019,13.725490196078432
W00008051,139,34,13,21,105,92,13,24.46043165467626,9.352517985611511,15.107913669064748,75.53956834532374,66.18705035971223,9.352517985611511
W00008052,135,54,21,33,81,67,14,40,15.555555555555555,24.444444444444443,60,49.629629629629626,10.37037037037037
W00008053,138,35,12,23,103,85,18,25.36231884057971,8.695652173913043,16.666666666666664,74.63768115942028,61.59420289855072,13.043478260869565
W00008055,120,38,10,28,82,69,13,31.666666666666664,8.333333333333332,23.333333333333332,68.33333333333333,57.49999999999999,10.833333333333334
W00008056,76,28,7,21,48,42,6,36.84210526315789,9.210526315789473,27.631578947368425,63.1578947368421,55.26315789473685,7.894736842105263
W00008057,137,54,20,34,83,67,16,39.416058394160586,14.5985401459854,24.817518248175183,60.58394160583942,48.9051094890511,11.678832116788321
W00008058,95,40,15,25,55,45,10,42.10526315789473,15.789473684210526,26.31578947368421,57.89473684210527,47.368421052631575,10.526315789473683
W00008059,149,60,16,44,89,72,17,40.26845637583892,10.738255033557047,29.53020134228188,59.73154362416108,48.322147651006716,11.409395973154362
W00008060,100,40,18,22,60,45,15,40,18,22,60,45,15
W00008061,96,32,10,22,64,55,9,33.33333333333333,10.416666666666668,22.916666666666664,66.66666666666666,57.291666666666664,9.375
W00008062,149,48,17,31,101,82,19,32.21476510067114,11.409395973154362,20.80536912751678,67.78523489932886,55.033557046979865,12.751677852348994
W00008063,114,47,11,36,67,60,7,41.228070175438596,9.649122807017543,31.57894736842105,58.77192982456141,52.63157894736842,6.140350877192982
W00008064,128,37,10,27,91,72,19,28.90625,7.8125,21.09375,71.09375,56.25,14.84375
W00008065,111,40,9,31,71,58,13,36.03603603603604,8.108108108108109,27.927927927927925,63.96396396396396,52.25225225225225,11.711711711711711
W00008066,124,33,10,23,91,83,8,26.61290322580645,8.064516129032258,18.548387096774192,73.38709677419355,66.93548387096774,6.451612903225806
W00008067,132,49,13,36,83,69,14,37.121212121212125,9.848484848484848,27.27272727272727,62.878787878787875,52.27272727272727,10.606060606060606
W00008068,33,15,4,11,18,15,3,45.45454545454545,12.121212121212121,33.33333333333333,54.54545454545454,45.45454545454545,9.090909090909092
W00008069,96,34,16,18,62,50,12,35.41666666666667,16.666666666666664,18.75,64.58333333333334,52.083333333333336,12.5
W00008070,142,50,17,33,92,77,15,35.2112676056338,11.971830985915492,23.239436619718308,64.7887323943662,54.22535211267606,10.56338028169014
W00008071,99,32,7,25,67,61,6,32.323232323232325,7.07070707070707,25.252525252525253,67.67676767676768,61.61616161616161,6.0606060606060606
W00008072,130,35,9,26,95,78,17,26.923076923076923,6.923076923076923,20,73.07692307692307,60,13.076923076923078
W00008073,101,44,19,25,57,47,10,43.56435643564357,18.81188118811881,24.752475247524753,56.43564356435643,46.53465346534654,9.900990099009901
W00008074,96,36,10,26,60,51,9,37.5,10.416666666666668,27.083333333333332,62.5,53.125,9.375
W00008075,152,47,21,26,105,59,46,30.92105263157895,13.815789473684212,17.105263157894736,69.07894736842105,38.81578947368421,30.263157894736842
W00008076,166,56,19,37,110,90,20,33.734939759036145,11.44578313253012,22.289156626506024,66.26506024096386,54.21686746987952,12.048192771084338
W00008077,150,39,11,28,111,81,30,26,7.333333333333333,18.666666666666668,74,54,20
W00008078,149,44,16,28,105,77,28,29.53020134228188,10.738255033557047,18.79194630872483,70.46979865771812,51.67785234899329,18.79194630872483
W00008079,185,72,26,46,113,82,31,38.91891891891892,14.054054054054054,24.864864864864867,61.08108108108108,44.32432432432433,16.756756756756758
W00008080,256,66,25,41,190,125,65,25.78125,9.765625,16.015625,74.21875,48.828125,25.390625
W00008081,143,37,8,29,106,86,20,25.874125874125873,5.594405594405594,20.27972027972028,74.12587412587412,60.13986013986013,13.986013986013987
W00008082,163,46,20,26,117,93,24,28.22085889570552,12.269938650306749,15.950920245398773,71.77914110429448,57.05521472392638,14.723926380368098
W00008083,170,57,17,40,113,75,38,33.52941176470588,10,23.52941176470588,66.47058823529412,44.11764705882353,22.35294117647059
W00008084,179,54,17,37,125,90,35,30.16759776536313,9.497206703910614,20.670391061452513,69.83240223463687,50.27932960893855,19.553072625698324
W00008085,100,28,10,18,72,61,11,28.000000000000004,10,18,72,61,11
W00008086,146,47,12,35,99,84,15,32.19178082191781,8.21917808219178,23.972602739726025,67.8082191780822,57.534246575342465,10.273972602739725
W00008087,134,39,12,27,95,80,15,29.1044776119403,8.955223880597014,20.149253731343283,70.8955223880597,59.70149253731343,11.194029850746269
W00008088,101,51,10,41,50,44,6,50.495049504950494,9.900990099009901,40.5940594059406,49.504950495049506,43.56435643564357,5.9405940594059405
W00008089,129,42,6,36,87,76,11,32.55813953488372,4.651162790697675,27.906976744186046,67.44186046511628,58.91472868217055,8.527131782945736
W00008090,148,49,28,21,99,78,21,33.108108108108105,18.91891891891892,14.18918918918919,66.8918918918919,52.702702702702695,14.18918918918919
W00008091,121,49,22,27,72,62,10,40.49586776859504,18.181818181818183,22.31404958677686,59.50413223140496,51.2396694214876,8.264462809917356
W00008092,124,35,21,14,89,63,26,28.225806451612907,16.93548387096774,11.29032258064516,71.7741935483871,50.806451612903224,20.967741935483872
W00008093,108,38,18,20,70,54,16,35.18518518518518,16.666666666666664,18.51851851851852,64.81481481481481,50,14.814814814814813
W00008094,123,45,12,33,78,67,11,36.58536585365854,9.75609756097561,26.82926829268293,63.41463414634146,54.47154471544715,8.94308943089431
W00008096,177,48,27,21,129,96,33,27.11864406779661,15.254237288135593,11.864406779661017,72.88135593220339,54.23728813559322,18.64406779661017
W00008097,84,30,12,18,54,37,17,35.714285714285715,14.285714285714285,21.428571428571427,64.28571428571429,44.047619047619044,20.238095238095237
W00008099,123,34,14,20,89,69,20,27.64227642276423,11.38211382113821,16.260162601626014,72.35772357723577,56.09756097560976,16.260162601626014
W00008100,145,40,14,26,105,94,11,27.586206896551722,9.655172413793103,17.93103448275862,72.41379310344827,64.82758620689654,7.586206896551724
W00008101,113,31,13,18,82,57,25,27.43362831858407,11.504424778761061,15.929203539823009,72.56637168141593,50.442477876106196,22.123893805309734
W00008102,133,43,9,34,90,75,15,32.33082706766917,6.7669172932330826,25.563909774436087,67.66917293233082,56.390977443609025,11.278195488721805
W00008103,131,47,13,34,84,70,14,35.87786259541985,9.923664122137405,25.954198473282442,64.12213740458014,53.43511450381679,10.687022900763358
W00008104,125,44,18,26,81,64,17,35.199999999999996,14.399999999999999,20.8,64.8,51.2,13.600000000000001
W00008105,169,42,15,27,127,112,15,24.85207100591716,8.875739644970414,15.976331360946746,75.14792899408283,66.27218934911244,8.875739644970414
W00008106,144,47,25,22,97,81,16,32.63888888888889,17.36111111111111,15.277777777777779,67.36111111111111,56.25,11.11111111111111
W00008107,105,28,8,20,77,65,12,26.666666666666668,7.6190476190476195,19.047619047619047,73.33333333333333,61.904761904761905,11.428571428571429
W00008108,159,42,12,30,117,91,26,26.41509433962264,7.547169811320755,18.867924528301888,73.58490566037736,57.23270440251572,16.352201257861633
W00008109,145,50,22,28,95,71,24,34.48275862068966,15.172413793103448,19.310344827586206,65.51724137931035,48.96551724137931,16.551724137931036
W00008110,139,42,23,19,97,68,29,30.215827338129497,16.546762589928058,13.66906474820144,69.7841726618705,48.92086330935252,20.863309352517987
W00008111,131,35,9,26,96,83,13,26.717557251908396,6.870229007633588,19.84732824427481,73.2824427480916,63.358778625954194,9.923664122137405
W00008112,202,53,20,33,149,118,31,26.237623762376238,9.900990099009901,16.33663366336634,73.76237623762376,58.415841584158414,15.346534653465346
W00008113,140,48,6,42,92,81,11,34.285714285714285,4.285714285714286,30,65.71428571428571,57.85714285714286,7.857142857142857
W00008114,132,37,9,28,95,78,17,28.030303030303028,6.8181818181818175,21.21212121212121,71.96969696969697,59.09090909090909,12.878787878787879
W00008115,150,36,13,23,114,99,15,24,8.666666666666668,15.333333333333332,76,66,10
W00008116,126,31,9,22,95,82,13,24.6031746031746,7.142857142857142,17.46031746031746,75.39682539682539,65.07936507936508,10.317460317460316
W00008117,114,30,15,15,84,78,6,26.31578947368421,13.157894736842104,13.157894736842104,73.68421052631578,68.42105263157895,5.263157894736842
W00008118,129,39,14,25,90,83,7,30.23255813953488,10.852713178294573,19.379844961240313,69.76744186046511,64.34108527131784,5.426356589147287
W00008119,143,56,18,38,87,71,16,39.16083916083916,12.587412587412588,26.573426573426573,60.83916083916085,49.65034965034965,11.188811188811188
W00008120,105,40,11,29,65,55,10,38.095238095238095,10.476190476190476,27.61904761904762,61.904761904761905,52.38095238095239,9.523809523809524
W00008121,111,34,12,22,77,63,14,30.630630630630627,10.81081081081081,19.81981981981982,69.36936936936937,56.75675675675676,12.612612612612612
W00008122,143,51,14,37,92,74,18,35.66433566433567,9.79020979020979,25.874125874125873,64.33566433566433,51.74825174825175,12.587412587412588
W00008123,117,35,8,27,82,74,8,29.914529914529915,6.837606837606838,23.076923076923077,70.08547008547008,63.24786324786324,6.837606837606838
W00008124,110,37,14,23,73,58,15,33.63636363636363,12.727272727272727,20.909090909090907,66.36363636363637,52.72727272727272,13.636363636363635
W00008125,94,33,13,20,61,58,3,35.1063829787234,13.829787234042554,21.27659574468085,64.8936170212766,61.702127659574465,3.1914893617021276
W00008126,87,29,12,17,58,46,12,33.33333333333333,13.793103448275861,19.54022988505747,66.66666666666666,52.87356321839081,13.793103448275861
W00008127,73,24,5,19,49,39,10,32.87671232876712,6.8493150684931505,26.027397260273972,67.12328767123287,53.42465753424658,13.698630136986301
W00008128,134,48,14,34,86,77,9,35.82089552238806,10.44776119402985,25.37313432835821,64.17910447761194,57.46268656716418,6.7164179104477615
W00008129,144,38,13,25,106,90,16,26.38888888888889,9.027777777777777,17.36111111111111,73.61111111111111,62.5,11.11111111111111
W00008130,126,31,10,21,95,84,11,24.6031746031746,7.936507936507936,16.666666666666664,75.39682539682539,66.66666666666666,8.73015873015873
W00008131,100,32,14,18,68,60,8,32,14.000000000000002,18,68,60,8
W00008132,178,51,15,36,127,106,21,28.651685393258425,8.426966292134832,20.224719101123593,71.34831460674157,59.55056179775281,11.797752808988763
W00008133,256,83,33,50,173,122,51,32.421875,12.890625,19.53125,67.578125,47.65625,19.921875
W00008134,232,74,37,37,158,121,37,31.896551724137932,15.948275862068966,15.948275862068966,68.10344827586206,52.1551724137931,15.948275862068966
W00008135,160,50,21,29,110,82,28,31.25,13.125,18.125,68.75,51.24999999999999,17.5
W00008136,123,37,19,18,86,72,14,30.081300813008134,15.447154471544716,14.634146341463413,69.91869918699187,58.536585365853654,11.38211382113821
W00008137,182,47,7,40,135,120,15,25.82417582417583,3.8461538461538463,21.978021978021978,74.17582417582418,65.93406593406593,8.241758241758241
W00008138,162,66,19,47,96,72,24,40.74074074074074,11.728395061728394,29.01234567901235,59.25925925925925,44.44444444444444,14.814814814814813
W00008139,119,34,13,21,85,64,21,28.57142857142857,10.92436974789916,17.647058823529413,71.42857142857143,53.78151260504202,17.647058823529413
W00008140,94,26,8,18,68,58,10,27.659574468085108,8.51063829787234,19.148936170212767,72.3404255319149,61.702127659574465,10.638297872340425
W00008141,122,41,13,28,81,64,17,33.60655737704918,10.655737704918032,22.950819672131146,66.39344262295081,52.459016393442624,13.934426229508196
W00008142,192,52,15,37,140,119,21,27.083333333333332,7.8125,19.270833333333336,72.91666666666666,61.979166666666664,10.9375
W00008143,118,41,12,29,77,72,5,34.74576271186441,10.16949152542373,24.576271186440678,65.2542372881356,61.016949152542374,4.23728813559322
W00008144,155,53,17,36,102,89,13,34.193548387096776,10.967741935483872,23.225806451612904,65.80645161290323,57.41935483870968,8.38709677419355
W00008145,158,53,16,37,105,95,10,33.54430379746836,10.126582278481013,23.417721518987342,66.45569620253164,60.12658227848101,6.329113924050633
W00008146,89,29,9,20,60,53,7,32.58426966292135,10.112359550561797,22.47191011235955,67.41573033707866,59.55056179775281,7.865168539325842
W00008147,164,47,16,31,117,100,17,28.65853658536585,9.75609756097561,18.902439024390244,71.34146341463415,60.97560975609756,10.365853658536585
W00008148,180,52,13,39,128,104,24,28.888888888888886,7.222222222222221,21.666666666666668,71.11111111111111,57.77777777777777,13.333333333333334
W00008149,72,23,5,18,49,44,5,31.944444444444443,6.944444444444445,25,68.05555555555556,61.111111111111114,6.944444444444445
W00008150,218,58,19,39,160,136,24,26.605504587155966,8.715596330275229,17.889908256880734,73.39449541284404,62.38532110091744,11.009174311926607
W00008151,107,40,14,26,67,53,14,37.38317757009346,13.084112149532709,24.299065420560748,62.616822429906534,49.532710280373834,13.084112149532709
W00008152,92,33,10,23,59,47,12,35.869565217391305,10.869565217391305,25,64.13043478260869,51.08695652173913,13.043478260869565
W00008153,72,28,11,17,44,34,10,38.88888888888889,15.277777777777779,23.61111111111111,61.111111111111114,47.22222222222222,13.88888888888889
W00008154,117,43,12,31,74,60,14,36.75213675213676,10.256410256410255,26.495726495726498,63.24786324786324,51.28205128205128,11.965811965811966
W00008157,253,76,29,47,177,122,55,30.039525691699602,11.462450592885375,18.57707509881423,69.96047430830039,48.22134387351779,21.73913043478261
W00008159,238,64,16,48,174,123,51,26.89075630252101,6.722689075630252,20.168067226890756,73.10924369747899,51.68067226890757,21.428571428571427
W00008160,230,97,41,56,133,84,49,42.173913043478265,17.82608695652174,24.347826086956523,57.826086956521735,36.52173913043478,21.304347826086957
W00008161,139,40,14,26,99,72,27,28.776978417266186,10.071942446043165,18.705035971223023,71.22302158273382,51.798561151079134,19.424460431654676
W00008162,151,47,15,32,104,71,33,31.125827814569533,9.933774834437086,21.192052980132452,68.87417218543047,47.019867549668874,21.85430463576159
W00008163,126,47,21,26,79,59,20,37.301587301587304,16.666666666666664,20.634920634920633,62.698412698412696,46.82539682539682,15.873015873015872
W00008164,142,36,9,27,106,77,29,25.352112676056336,6.338028169014084,19.014084507042252,74.64788732394366,54.22535211267606,20.422535211267608
W00008165,195,52,16,36,143,105,38,26.666666666666668,8.205128205128204,18.461538461538463,73.33333333333333,53.84615384615385,19.48717948717949
W00008166,145,41,10,31,104,75,29,28.27586206896552,6.896551724137931,21.379310344827587,71.72413793103448,51.724137931034484,20
W00008167,134,46,18,28,88,62,26,34.32835820895522,13.432835820895523,20.8955223880597,65.67164179104478,46.26865671641791,19.402985074626866
W00008168,177,67,25,42,110,77,33,37.85310734463277,14.124293785310735,23.728813559322035,62.14689265536724,43.50282485875706,18.64406779661017
W00008169,169,52,19,33,117,79,38,30.76923076923077,11.242603550295858,19.526627218934912,69.23076923076923,46.74556213017752,22.485207100591715
W00008170,162,56,18,38,106,77,29,34.5679012345679,11.11111111111111,23.456790123456788,65.4320987654321,47.53086419753087,17.901234567901234
W00008171,185,54,21,33,131,88,43,29.18918918918919,11.351351351351353,17.83783783783784,70.8108108108108,47.56756756756757,23.243243243243246
W00008172,211,71,24,47,140,90,50,33.649289099526065,11.374407582938389,22.274881516587676,66.35071090047393,42.65402843601896,23.696682464454977
W00008173,134,45,17,28,89,79,10,33.582089552238806,12.686567164179104,20.8955223880597,66.4179104477612,58.95522388059702,7.462686567164178
W00008174,116,35,18,17,81,63,18,30.17241379310345,15.517241379310345,14.655172413793101,69.82758620689656,54.310344827586206,15.517241379310345
W00008175,102,38,11,27,64,56,8,37.254901960784316,10.784313725490197,26.47058823529412,62.745098039215684,54.90196078431373,7.8431372549019605
W00008176,84,21,5,16,63,57,6,25,5.952380952380952,19.047619047619047,75,67.85714285714286,7.142857142857142
W00008177,117,36,13,23,81,65,16,30.76923076923077,11.11111111111111,19.65811965811966,69.23076923076923,55.55555555555556,13.675213675213676
W00008178,233,70,25,45,163,112,51,30.042918454935624,10.72961373390558,19.313304721030043,69.95708154506438,48.068669527896994,21.888412017167383
W00008179,133,48,24,24,85,67,18,36.09022556390977,18.045112781954884,18.045112781954884,63.90977443609023,50.37593984962406,13.533834586466165
W00008180,219,57,17,40,162,140,22,26.027397260273972,7.76255707762557,18.2648401826484,73.97260273972603,63.926940639269404,10.045662100456621
W00008181,127,49,19,30,78,65,13,38.582677165354326,14.960629921259844,23.62204724409449,61.417322834645674,51.181102362204726,10.236220472440944
W00008182,224,66,16,50,158,133,25,29.464285714285715,7.142857142857142,22.321428571428573,70.53571428571429,59.375,11.160714285714286
W00008183,146,54,19,35,92,78,14,36.986301369863014,13.013698630136986,23.972602739726025,63.013698630136986,53.42465753424658,9.58904109589041
W00008184,108,38,12,26,70,58,12,35.18518518518518,11.11111111111111,24.074074074074073,64.81481481481481,53.70370370370371,11.11111111111111
W00008185,127,32,14,18,95,79,16,25.196850393700785,11.023622047244094,14.173228346456693,74.80314960629921,62.20472440944882,12.598425196850393
W00008186,132,36,9,27,96,82,14,27.27272727272727,6.8181818181818175,20.454545454545457,72.72727272727273,62.121212121212125,10.606060606060606
W00008187,172,38,16,22,134,111,23,22.093023255813954,9.30232558139535,12.790697674418606,77.90697674418605,64.53488372093024,13.372093023255813
W00008188,114,35,15,20,79,57,22,30.701754385964914,13.157894736842104,17.543859649122805,69.2982456140351,50,19.298245614035086
W00008189,115,31,10,21,84,70,14,26.956521739130434,8.695652173913043,18.26086956521739,73.04347826086956,60.86956521739131,12.173913043478262
W00008190,253,67,17,50,186,150,36,26.48221343873518,6.719367588932807,19.76284584980237,73.51778656126481,59.28853754940712,14.229249011857709
W00008191,131,36,11,25,95,79,16,27.480916030534353,8.396946564885496,19.083969465648856,72.51908396946564,60.30534351145038,12.213740458015266
W00008192,144,37,12,25,107,94,13,25.694444444444443,8.333333333333332,17.36111111111111,74.30555555555556,65.27777777777779,9.027777777777777
W00008193,166,31,10,21,135,113,22,18.67469879518072,6.024096385542169,12.650602409638553,81.32530120481928,68.07228915662651,13.253012048192772
W00008194,173,53,17,36,120,103,17,30.63583815028902,9.826589595375722,20.809248554913296,69.36416184971098,59.53757225433526,9.826589595375722
W00008195,71,30,14,16,41,34,7,42.25352112676056,19.718309859154928,22.535211267605636,57.74647887323944,47.88732394366197,9.859154929577464
W00008196,166,48,22,26,118,100,18,28.915662650602407,13.253012048192772,15.66265060240964,71.08433734939759,60.24096385542169,10.843373493975903
W00008197,125,36,14,22,89,75,14,28.799999999999997,11.200000000000001,17.599999999999998,71.2,60,11.200000000000001
W00008198,121,34,14,20,87,80,7,28.09917355371901,11.570247933884298,16.528925619834713,71.900826446281,66.11570247933885,5.785123966942149
W00008199,156,37,10,27,119,109,10,23.717948717948715,6.41025641025641,17.307692307692307,76.28205128205127,69.87179487179486,6.41025641025641
W00008200,120,39,16,23,81,56,25,32.5,13.333333333333334,19.166666666666668,67.5,46.666666666666664,20.833333333333336
W00008201,155,51,25,26,104,68,36,32.903225806451616,16.129032258064516,16.7741935483871,67.0967741935484,43.87096774193549,23.225806451612904
W00008202,179,59,25,34,120,95,25,32.960893854748605,13.966480446927374,18.994413407821227,67.0391061452514,53.072625698324025,13.966480446927374
W00008203,124,34,13,21,90,66,24,27.419354838709676,10.483870967741936,16.93548387096774,72.58064516129032,53.2258064516129,19.35483870967742
W00008204,133,34,10,24,99,93,6,25.563909774436087,7.518796992481203,18.045112781954884,74.43609022556392,69.92481203007519,4.511278195488721
W00008205,56,28,14,14,28,28,0,50,25,25,50,50,0
W00008206,108,35,14,21,73,62,11,32.407407407407405,12.962962962962962,19.444444444444446,67.5925925925926,57.407407407407405,10.185185185185185
W00008207,136,43,10,33,93,81,12,31.61764705882353,7.352941176470589,24.264705882352942,68.38235294117648,59.55882352941176,8.823529411764707
W00008208,137,42,9,33,95,81,14,30.656934306569344,6.569343065693431,24.087591240875913,69.34306569343066,59.12408759124088,10.218978102189782
W00008209,83,26,8,18,57,54,3,31.32530120481928,9.63855421686747,21.686746987951807,68.67469879518072,65.06024096385542,3.614457831325301
W00008210,108,36,9,27,72,64,8,33.33333333333333,8.333333333333332,25,66.66666666666666,59.25925925925925,7.4074074074074066
W00008211,86,22,9,13,64,57,7,25.581395348837212,10.465116279069768,15.11627906976744,74.4186046511628,66.27906976744185,8.13953488372093
W00008212,126,44,14,30,82,71,11,34.92063492063492,11.11111111111111,23.809523809523807,65.07936507936508,56.34920634920635,8.73015873015873
W00008213,137,50,15,35,87,78,9,36.496350364963504,10.948905109489052,25.547445255474454,63.503649635036496,56.934306569343065,6.569343065693431
W00008214,217,59,27,32,158,123,35,27.188940092165897,12.442396313364055,14.746543778801843,72.81105990783409,56.68202764976959,16.129032258064516
W00008215,149,37,13,24,112,94,18,24.832214765100673,8.724832214765101,16.10738255033557,75.16778523489933,63.08724832214765,12.080536912751679
W00008216,173,44,10,34,129,112,17,25.43352601156069,5.780346820809249,19.653179190751445,74.56647398843931,64.73988439306359,9.826589595375722
W00008217,97,38,15,23,59,52,7,39.175257731958766,15.463917525773196,23.711340206185564,60.824742268041234,53.608247422680414,7.216494845360824
W00008219,110,28,13,15,82,58,24,25.454545454545453,11.818181818181818,13.636363636363635,74.54545454545455,52.72727272727272,21.818181818181817
W00008220,85,28,9,19,57,52,5,32.94117647058823,10.588235294117647,22.35294117647059,67.05882352941175,61.1764705882353,5.88235294117647
W00008222,223,67,19,48,156,136,20,30.04484304932735,8.520179372197308,21.524663677130047,69.95515695067265,60.98654708520179,8.968609865470851
W00008223,145,46,17,29,99,87,12,31.724137931034484,11.724137931034482,20,68.27586206896552,60,8.275862068965518
W00008224,118,41,19,22,77,66,11,34.74576271186441,16.101694915254235,18.64406779661017,65.2542372881356,55.932203389830505,9.322033898305085
W00008225,110,37,15,22,73,58,15,33.63636363636363,13.636363636363635,20,66.36363636363637,52.72727272727272,13.636363636363635
W00008226,121,39,11,28,82,68,14,32.231404958677686,9.090909090909092,23.140495867768596,67.76859504132231,56.19834710743802,11.570247933884298
W00008227,79,20,10,10,59,50,9,25.31645569620253,12.658227848101266,12.658227848101266,74.68354430379746,63.29113924050633,11.39240506329114
W00008228,135,39,14,25,96,80,16,28.888888888888886,10.37037037037037,18.51851851851852,71.11111111111111,59.25925925925925,11.851851851851853
W00008229,123,47,15,32,76,67,9,38.21138211382114,12.195121951219512,26.01626016260163,61.78861788617886,54.47154471544715,7.317073170731707
W00008230,98,31,6,25,67,59,8,31.63265306122449,6.122448979591836,25.510204081632654,68.36734693877551,60.204081632653065,8.16326530612245
W00008231,145,51,20,31,94,75,19,35.172413793103445,13.793103448275861,21.379310344827587,64.82758620689654,51.724137931034484,13.10344827586207
W00008232,195,66,29,37,129,92,37,33.84615384615385,14.871794871794872,18.974358974358974,66.15384615384615,47.179487179487175,18.974358974358974
W00008233,118,41,13,28,77,60,17,34.74576271186441,11.016949152542372,23.728813559322035,65.2542372881356,50.847457627118644,14.40677966101695
W00008234,183,62,28,34,121,85,36,33.87978142076503,15.300546448087433,18.579234972677597,66.12021857923497,46.44808743169399,19.672131147540984
W00008235,132,44,17,27,88,69,19,33.33333333333333,12.878787878787879,20.454545454545457,66.66666666666666,52.27272727272727,14.393939393939394
W00008236,176,62,27,35,114,105,9,35.22727272727273,15.340909090909092,19.886363636363637,64.77272727272727,59.65909090909091,5.113636363636364
W00008237,209,41,10,31,168,138,30,19.617224880382775,4.784688995215311,14.832535885167463,80.38277511961722,66.02870813397129,14.354066985645932
W00008238,171,55,19,36,116,101,15,32.16374269005848,11.11111111111111,21.052631578947366,67.83625730994152,59.06432748538012,8.771929824561402
W00008239,226,55,23,32,171,150,21,24.336283185840706,10.176991150442479,14.15929203539823,75.66371681415929,66.3716814159292,9.29203539823009
W00008240,174,39,8,31,135,122,13,22.413793103448278,4.597701149425287,17.81609195402299,77.58620689655173,70.11494252873564,7.471264367816093
W00008241,148,48,16,32,100,83,17,32.432432432432435,10.81081081081081,21.62162162162162,67.56756756756756,56.08108108108109,11.486486486486488
W00008242,173,57,18,39,116,83,33,32.947976878612714,10.404624277456648,22.54335260115607,67.05202312138728,47.97687861271676,19.07514450867052
W00008243,170,60,28,32,110,80,30,35.294117647058826,16.470588235294116,18.823529411764707,64.70588235294117,47.05882352941176,17.647058823529413
W00008244,118,34,8,26,84,56,28,28.8135593220339,6.779661016949152,22.033898305084744,71.1864406779661,47.45762711864407,23.728813559322035
W00008245,123,34,14,20,89,68,21,27.64227642276423,11.38211382113821,16.260162601626014,72.35772357723577,55.28455284552846,17.073170731707318
W00008246,161,40,13,27,121,105,16,24.84472049689441,8.074534161490684,16.77018633540373,75.15527950310559,65.21739130434783,9.937888198757763
W00008247,139,37,10,27,102,92,10,26.618705035971225,7.1942446043165464,19.424460431654676,73.38129496402878,66.18705035971223,7.1942446043165464
W00008248,132,42,19,23,90,81,9,31.818181818181817,14.393939393939394,17.424242424242426,68.18181818181817,61.36363636363637,6.8181818181818175
W00008249,144,46,12,34,98,93,5,31.944444444444443,8.333333333333332,23.61111111111111,68.05555555555556,64.58333333333334,3.4722222222222223
W00008250,145,45,12,33,100,81,19,31.03448275862069,8.275862068965518,22.758620689655174,68.96551724137932,55.86206896551724,13.10344827586207
W00008251,175,45,13,32,130,110,20,25.71428571428571,7.428571428571429,18.285714285714285,74.28571428571429,62.857142857142854,11.428571428571429
W00008252,150,38,14,24,112,95,17,25.333333333333336,9.333333333333334,16,74.66666666666667,63.33333333333333,11.333333333333332
W00008253,123,47,23,24,76,63,13,38.21138211382114,18.69918699186992,19.51219512195122,61.78861788617886,51.21951219512195,10.569105691056912
W00008254,160,44,20,24,116,103,13,27.500000000000004,12.5,15,72.5,64.375,8.125
W00008255,120,27,12,15,93,81,12,22.5,10,12.5,77.5,67.5,10
W00008256,138,38,9,29,100,85,15,27.536231884057973,6.521739130434782,21.014492753623188,72.46376811594203,61.59420289855072,10.869565217391305
W00008257,157,47,10,37,110,89,21,29.936305732484076,6.369426751592357,23.56687898089172,70.06369426751591,56.68789808917197,13.375796178343949
W00008258,133,45,15,30,88,79,9,33.83458646616541,11.278195488721805,22.55639097744361,66.16541353383458,59.3984962406015,6.7669172932330826
W00008260,137,37,17,20,100,87,13,27.00729927007299,12.408759124087592,14.5985401459854,72.99270072992701,63.503649635036496,9.48905109489051
W00008261,164,45,20,25,119,97,22,27.439024390243905,12.195121951219512,15.24390243902439,72.5609756097561,59.14634146341463,13.414634146341465
W00008262,141,32,9,23,109,98,11,22.69503546099291,6.382978723404255,16.312056737588655,77.30496453900709,69.50354609929079,7.801418439716312
W00008263,143,55,18,37,88,73,15,38.46153846153847,12.587412587412588,25.874125874125873,61.53846153846154,51.048951048951054,10.48951048951049
W00008264,145,36,12,24,109,92,17,24.82758620689655,8.275862068965518,16.551724137931036,75.17241379310344,63.44827586206897,11.724137931034482
W00008265,136,33,13,20,103,85,18,24.264705882352942,9.558823529411764,14.705882352941178,75.73529411764706,62.5,13.23529411764706
W00008266,67,20,6,14,47,37,10,29.850746268656714,8.955223880597014,20.8955223880597,70.1492537313433,55.223880597014926,14.925373134328357
W00008267,108,37,11,26,71,61,10,34.25925925925926,10.185185185185185,24.074074074074073,65.74074074074075,56.481481481481474,9.25925925925926
W00008268,131,37,16,21,94,84,10,28.24427480916031,12.213740458015266,16.030534351145036,71.7557251908397,64.12213740458014,7.633587786259542
W00008269,134,43,12,31,91,83,8,32.08955223880597,8.955223880597014,23.134328358208954,67.91044776119402,61.940298507462686,5.970149253731343
W00008270,138,41,14,27,97,84,13,29.71014492753623,10.144927536231885,19.565217391304348,70.28985507246377,60.86956521739131,9.420289855072465
W00008271,96,31,10,21,65,57,8,32.29166666666667,10.416666666666668,21.875,67.70833333333334,59.375,8.333333333333332
W00008272,124,33,9,24,91,80,11,26.61290322580645,7.258064516129033,19.35483870967742,73.38709677419355,64.51612903225806,8.870967741935484
W00008273,98,34,4,30,64,59,5,34.69387755102041,4.081632653061225,30.612244897959183,65.3061224489796,60.204081632653065,5.1020408163265305
W00008274,118,29,10,19,89,70,19,24.576271186440678,8.47457627118644,16.101694915254235,75.42372881355932,59.32203389830508,16.101694915254235
W00008275,137,38,14,24,99,85,14,27.73722627737226,10.218978102189782,17.51824817518248,72.26277372262774,62.04379562043796,10.218978102189782
W00008276,113,35,9,26,78,67,11,30.973451327433626,7.964601769911504,23.008849557522122,69.02654867256636,59.29203539823009,9.734513274336283
W00008277,123,36,14,22,87,77,10,29.268292682926827,11.38211382113821,17.88617886178862,70.73170731707317,62.601626016260155,8.130081300813007
W00008278,188,63,22,41,125,101,24,33.51063829787234,11.702127659574469,21.808510638297875,66.48936170212765,53.72340425531915,12.76595744680851
W00008279,149,42,16,26,107,80,27,28.187919463087248,10.738255033557047,17.449664429530202,71.81208053691275,53.691275167785236,18.120805369127517
W00008280,126,33,11,22,93,76,17,26.190476190476193,8.73015873015873,17.46031746031746,73.80952380952381,60.317460317460316,13.492063492063492
W00008281,179,47,19,28,132,99,33,26.256983240223462,10.614525139664805,15.64245810055866,73.74301675977654,55.3072625698324,18.435754189944134
W00008282,127,42,12,30,85,66,19,33.07086614173229,9.448818897637794,23.62204724409449,66.92913385826772,51.96850393700787,14.960629921259844
W00008283,223,82,29,53,141,104,37,36.771300448430495,13.004484304932735,23.766816143497756,63.22869955156951,46.63677130044843,16.591928251121075
W00008284,240,77,29,48,163,134,29,32.083333333333336,12.083333333333334,20,67.91666666666667,55.833333333333336,12.083333333333334
W00008285,311,81,22,59,230,198,32,26.04501607717042,7.07395498392283,18.971061093247588,73.95498392282958,63.665594855305464,10.289389067524116
W00008286,191,52,18,34,139,126,13,27.225130890052355,9.424083769633508,17.801047120418847,72.77486910994764,65.96858638743456,6.806282722513089
W00008287,211,60,23,37,151,132,19,28.436018957345972,10.90047393364929,17.535545023696685,71.56398104265402,62.55924170616114,9.004739336492891
W00008288,130,45,11,34,85,72,13,34.61538461538461,8.461538461538462,26.153846153846157,65.38461538461539,55.38461538461539,10
W00008289,136,48,12,36,88,79,9,35.294117647058826,8.823529411764707,26.47058823529412,64.70588235294117,58.08823529411765,6.61764705882353
W00008290,110,40,17,23,70,65,5,36.36363636363637,15.454545454545453,20.909090909090907,63.63636363636363,59.09090909090909,4.545454545454546
W00008291,170,36,15,21,134,116,18,21.176470588235293,8.823529411764707,12.352941176470589,78.82352941176471,68.23529411764706,10.588235294117647
W00008292,149,39,16,23,110,94,16,26.174496644295303,10.738255033557047,15.436241610738255,73.8255033557047,63.08724832214765,10.738255033557047
W00008293,150,37,21,16,113,96,17,24.666666666666668,14.000000000000002,10.666666666666668,75.33333333333333,64,11.333333333333332
W00008294,154,46,13,33,108,96,12,29.87012987012987,8.441558441558442,21.428571428571427,70.12987012987013,62.33766233766234,7.792207792207792
W00008295,137,21,5,16,116,105,11,15.328467153284672,3.64963503649635,11.678832116788321,84.67153284671532,76.64233576642336,8.02919708029197
W00008296,147,47,8,39,100,87,13,31.97278911564626,5.442176870748299,26.53061224489796,68.02721088435374,59.183673469387756,8.843537414965986
W00008297,143,41,16,25,102,81,21,28.671328671328673,11.188811188811188,17.482517482517483,71.32867132867133,56.64335664335665,14.685314685314685
W00008298,217,51,14,37,166,146,20,23.502304147465438,6.451612903225806,17.050691244239633,76.49769585253456,67.2811059907834,9.216589861751153
W00008299,207,71,23,48,136,97,39,34.29951690821256,11.11111111111111,23.18840579710145,65.70048309178745,46.85990338164252,18.84057971014493
W00008300,124,41,13,28,83,68,15,33.064516129032256,10.483870967741936,22.58064516129032,66.93548387096774,54.83870967741935,12.096774193548388
W00008301,149,49,18,31,100,84,16,32.88590604026846,12.080536912751679,20.80536912751678,67.11409395973155,56.375838926174495,10.738255033557047
W00008302,93,40,17,23,53,44,9,43.01075268817204,18.27956989247312,24.731182795698924,56.98924731182796,47.31182795698925,9.67741935483871
W00008303,140,59,29,30,81,64,17,42.142857142857146,20.714285714285715,21.428571428571427,57.85714285714286,45.714285714285715,12.142857142857142
W00008304,179,64,23,41,115,81,34,35.754189944134076,12.849162011173185,22.905027932960895,64.24581005586593,45.2513966480447,18.994413407821227
W00008305,152,52,16,36,100,73,27,34.21052631578947,10.526315789473683,23.684210526315788,65.78947368421053,48.026315789473685,17.763157894736842
W00008306,185,72,33,39,113,82,31,38.91891891891892,17.83783783783784,21.08108108108108,61.08108108108108,44.32432432432433,16.756756756756758
W00008307,94,34,10,24,60,51,9,36.17021276595745,10.638297872340425,25.53191489361702,63.829787234042556,54.25531914893617,9.574468085106384
W00008308,153,46,21,25,107,86,21,30.065359477124183,13.725490196078432,16.33986928104575,69.93464052287581,56.209150326797385,13.725490196078432
W00008309,151,55,23,32,96,80,16,36.423841059602644,15.2317880794702,21.192052980132452,63.576158940397356,52.980132450331126,10.596026490066226
W00008311,109,26,13,13,83,69,14,23.853211009174313,11.926605504587156,11.926605504587156,76.14678899082568,63.30275229357798,12.844036697247708
W00008313,97,32,9,23,65,49,16,32.98969072164948,9.278350515463918,23.711340206185564,67.0103092783505,50.51546391752577,16.49484536082474
W00008314,37,19,9,10,18,15,3,51.35135135135135,24.324324324324326,27.027027027027028,48.64864864864865,40.54054054054054,8.108108108108109
W00008315,130,46,11,35,84,75,9,35.38461538461539,8.461538461538462,26.923076923076923,64.61538461538461,57.692307692307686,6.923076923076923
W00008316,187,52,11,41,135,115,20,27.807486631016044,5.88235294117647,21.92513368983957,72.19251336898395,61.49732620320856,10.695187165775401
W00008317,116,37,10,27,79,63,16,31.896551724137932,8.620689655172415,23.275862068965516,68.10344827586206,54.310344827586206,13.793103448275861
W00008318,165,38,10,28,127,112,15,23.03030303030303,6.0606060606060606,16.969696969696972,76.96969696969697,67.87878787878789,9.090909090909092
W00008319,165,38,6,32,127,113,14,23.03030303030303,3.6363636363636362,19.393939393939394,76.96969696969697,68.48484848484848,8.484848484848486
W00008320,136,39,13,26,97,89,8,28.676470588235293,9.558823529411764,19.11764705882353,71.32352941176471,65.44117647058823,5.88235294117647
W00008321,108,39,9,30,69,58,11,36.11111111111111,8.333333333333332,27.77777777777778,63.888888888888886,53.70370370370371,10.185185185185185
W00008322,119,40,15,25,79,64,15,33.61344537815126,12.605042016806722,21.008403361344538,66.38655462184873,53.78151260504202,12.605042016806722
W00008323,100,41,9,32,59,53,6,41,9,32,59,53,6
W00008324,84,38,8,30,46,34,12,45.23809523809524,9.523809523809524,35.714285714285715,54.761904761904766,40.476190476190474,14.285714285714285
W00008325,94,36,10,26,58,43,15,38.297872340425535,10.638297872340425,27.659574468085108,61.702127659574465,45.744680851063826,15.957446808510639
W00008326,151,45,10,35,106,89,17,29.80132450331126,6.622516556291391,23.178807947019866,70.19867549668875,58.94039735099338,11.258278145695364
W00008327,106,29,10,19,77,65,12,27.358490566037734,9.433962264150944,17.92452830188679,72.64150943396226,61.32075471698113,11.320754716981133
W00009802,164,34,8,26,130,107,23,20.73170731707317,4.878048780487805,15.853658536585366,79.26829268292683,65.2439024390244,14.02439024390244
W00009803,191,54,18,36,137,115,22,28.272251308900525,9.424083769633508,18.848167539267017,71.72774869109948,60.20942408376963,11.518324607329843
W00009804,217,40,13,27,177,144,33,18.433179723502306,5.990783410138248,12.442396313364055,81.5668202764977,66.3594470046083,15.207373271889402
W00009805,103,34,3,31,69,62,7,33.00970873786408,2.912621359223301,30.097087378640776,66.99029126213593,60.19417475728155,6.796116504854369
W00009806,143,44,10,34,99,77,22,30.76923076923077,6.993006993006993,23.776223776223777,69.23076923076923,53.84615384615385,15.384615384615385
W00009807,201,57,15,42,144,124,20,28.35820895522388,7.462686567164178,20.8955223880597,71.64179104477611,61.69154228855721,9.950248756218906
W00009808,152,49,14,35,103,74,29,32.23684210526316,9.210526315789473,23.026315789473685,67.76315789473685,48.68421052631579,19.078947368421055
W00009809,48,21,11,10,27,23,4,43.75,22.916666666666664,20.833333333333336,56.25,47.91666666666667,8.333333333333332
W00009810,169,46,11,35,123,97,26,27.218934911242602,6.508875739644971,20.710059171597635,72.7810650887574,57.396449704142015,15.384615384615385
W00009811,73,21,10,11,52,41,11,28.767123287671232,13.698630136986301,15.068493150684931,71.23287671232876,56.16438356164384,15.068493150684931
W00009813,130,33,6,27,97,80,17,25.384615384615383,4.615384615384616,20.76923076923077,74.61538461538461,61.53846153846154,13.076923076923078
W00009814,56,14,4,10,42,36,6,25,7.142857142857142,17.857142857142858,75,64.28571428571429,10.714285714285714
W00009815,125,36,12,24,89,71,18,28.799999999999997,9.6,19.2,71.2,56.8,14.399999999999999
W00009816,118,32,15,17,86,68,18,27.11864406779661,12.711864406779661,14.40677966101695,72.88135593220339,57.6271186440678,15.254237288135593
W00009817,175,62,30,32,113,75,38,35.42857142857142,17.142857142857142,18.285714285714285,64.57142857142857,42.857142857142854,21.714285714285715
W00009818,112,37,21,16,75,63,12,33.035714285714285,18.75,14.285714285714285,66.96428571428571,56.25,10.714285714285714
W00009819,100,36,11,25,64,51,13,36,11,25,64,51,13
W00009820,71,17,6,11,54,40,14,23.943661971830984,8.450704225352112,15.492957746478872,76.05633802816901,56.33802816901409,19.718309859154928
W00010317,126,35,11,24,91,74,17,27.77777777777778,8.73015873015873,19.047619047619047,72.22222222222221,58.730158730158735,13.492063492063492
W00010319,176,52,17,35,124,105,19,29.545454545454547,9.659090909090908,19.886363636363637,70.45454545454545,59.65909090909091,10.795454545454545
W00010320,224,35,6,29,189,158,31,15.625,2.6785714285714284,12.946428571428573,84.375,70.53571428571429,13.839285714285715
W00010323,99,28,8,20,71,60,11,28.28282828282828,8.080808080808081,20.2020202020202,71.71717171717171,60.60606060606061,11.11111111111111
W00010324,287,68,25,43,219,184,35,23.693379790940767,8.710801393728223,14.982578397212542,76.30662020905923,64.11149825783971,12.195121951219512
W00010327,53,18,5,13,35,29,6,33.9622641509434,9.433962264150944,24.528301886792452,66.0377358490566,54.71698113207547,11.320754716981133
W00010328,134,27,9,18,107,93,14,20.149253731343283,6.7164179104477615,13.432835820895523,79.8507462686567,69.40298507462687,10.44776119402985
W00010335,77,32,11,21,45,40,5,41.55844155844156,14.285714285714285,27.27272727272727,58.44155844155844,51.94805194805194,6.493506493506493
W00010337,78,19,6,13,59,44,15,24.358974358974358,7.6923076923076925,16.666666666666664,75.64102564102564,56.41025641025641,19.230769230769234
W00010340,236,57,16,41,179,151,28,24.152542372881356,6.779661016949152,17.372881355932204,75.84745762711864,63.983050847457626,11.864406779661017
W00010344,90,37,10,27,53,40,13,41.11111111111111,11.11111111111111,30,58.88888888888889,44.44444444444444,14.444444444444443
W00010348,196,55,12,43,141,120,21,28.061224489795915,6.122448979591836,21.93877551020408,71.93877551020408,61.224489795918366,10.714285714285714
W00010349,158,33,8,25,125,103,22,20.88607594936709,5.063291139240507,15.822784810126583,79.11392405063292,65.18987341772153,13.924050632911392
W00010352,119,36,9,27,83,70,13,30.252100840336134,7.563025210084033,22.689075630252102,69.74789915966386,58.82352941176471,10.92436974789916
W00010353,152,45,14,31,107,80,27,29.605263157894733,9.210526315789473,20.394736842105264,70.39473684210526,52.63157894736842,17.763157894736842
