OA,ts0380001,ts0380002,ts0380003,ts0380004,ts0380005,ts0380006,ts0380007,ts0380002_PCT,ts0380003_PCT,ts0380004_PCT,ts0380005_PCT,ts0380006_PCT,ts0380007_PCT
E00156540,302,47,22,25,255,16,239,15.562913907284766,7.28476821192053,8.27814569536424,84.43708609271523,5.298013245033113,79.13907284768213
E00156541,417,47,20,27,370,22,348,11.270983213429256,4.796163069544365,6.474820143884892,88.72901678657075,5.275779376498801,83.45323741007195
E00156542,302,32,10,22,270,21,249,10.596026490066226,3.3112582781456954,7.28476821192053,89.40397350993378,6.95364238410596,82.45033112582782
E00156543,275,57,16,41,218,18,200,20.727272727272727,5.818181818181818,14.909090909090908,79.27272727272727,6.545454545454546,72.72727272727273
E00156544,291,38,18,20,253,15,238,13.058419243986256,6.185567010309279,6.872852233676976,86.94158075601375,5.154639175257731,81.78694158075601
E00156545,318,42,17,25,276,18,258,13.20754716981132,5.345911949685535,7.861635220125786,86.79245283018868,5.660377358490567,81.13207547169812
E00156546,331,52,16,36,279,16,263,15.709969788519636,4.833836858006042,10.876132930513595,84.29003021148036,4.833836858006042,79.45619335347432
E00156547,373,62,30,32,311,22,289,16.621983914209114,8.04289544235925,8.579088471849866,83.37801608579089,5.898123324396782,77.4798927613941
E00156548,305,44,12,32,261,28,233,14.426229508196723,3.934426229508197,10.491803278688524,85.57377049180329,9.180327868852459,76.39344262295083
E00156549,287,38,21,17,249,20,229,13.240418118466899,7.317073170731707,5.923344947735192,86.7595818815331,6.968641114982578,79.79094076655052
E00156550,295,33,10,23,262,23,239,11.186440677966102,3.389830508474576,7.796610169491526,88.8135593220339,7.796610169491526,81.01694915254237
E00156551,291,44,18,26,247,23,224,15.120274914089347,6.185567010309279,8.934707903780069,84.87972508591065,7.903780068728522,76.97594501718214
E00156552,265,58,35,23,207,8,199,21.88679245283019,13.20754716981132,8.679245283018867,78.11320754716982,3.018867924528302,75.09433962264151
E00156553,311,36,18,18,275,18,257,11.57556270096463,5.787781350482315,5.787781350482315,88.42443729903538,5.787781350482315,82.63665594855306
E00156554,326,36,15,21,290,17,273,11.042944785276074,4.601226993865031,6.441717791411043,88.95705521472392,5.214723926380368,83.74233128834356
E00156555,354,33,4,29,321,23,298,9.322033898305085,1.1299435028248588,8.192090395480225,90.67796610169492,6.497175141242938,84.18079096045197
E00156556,299,43,16,27,256,24,232,14.381270903010032,5.351170568561873,9.03010033444816,85.61872909698997,8.02675585284281,77.59197324414716
E00156557,298,29,7,22,269,15,254,9.731543624161073,2.348993288590604,7.38255033557047,90.26845637583892,5.033557046979865,85.23489932885906
E00156558,335,40,14,26,295,20,275,11.940298507462686,4.179104477611941,7.761194029850746,88.05970149253731,5.970149253731343,82.08955223880598
E00156559,405,52,14,38,353,23,330,12.839506172839506,3.45679012345679,9.382716049382717,87.1604938271605,5.679012345679013,81.48148148148148
E00156560,386,47,18,29,339,20,319,12.176165803108809,4.66321243523316,7.512953367875648,87.8238341968912,5.181347150259067,82.64248704663213
E00156561,279,41,16,25,238,17,221,14.695340501792115,5.734767025089606,8.960573476702509,85.30465949820788,6.093189964157706,79.21146953405018
E00156562,345,45,18,27,300,18,282,13.043478260869565,5.217391304347826,7.82608695652174,86.95652173913044,5.217391304347826,81.73913043478261
E00156563,289,33,13,20,256,17,239,11.418685121107266,4.498269896193772,6.920415224913495,88.58131487889274,5.88235294117647,82.69896193771626
E00156564,325,48,19,29,277,27,250,14.76923076923077,5.846153846153846,8.923076923076923,85.23076923076923,8.307692307692308,76.92307692307693
E00156565,354,61,25,36,293,19,274,17.231638418079097,7.062146892655368,10.16949152542373,82.7683615819209,5.367231638418079,77.40112994350282
E00156566,323,34,14,20,289,20,269,10.526315789473683,4.3343653250774,6.191950464396285,89.47368421052632,6.191950464396285,83.28173374613003
E00156567,370,31,15,16,339,28,311,8.378378378378379,4.054054054054054,4.324324324324325,91.62162162162161,7.567567567567568,84.05405405405405
E00156568,305,42,18,24,263,15,248,13.77049180327869,5.901639344262295,7.868852459016394,86.22950819672131,4.918032786885246,81.31147540983606
E00156569,376,48,18,30,328,23,305,12.76595744680851,4.787234042553192,7.9787234042553195,87.2340425531915,6.117021276595745,81.11702127659575
E00156570,258,53,34,19,205,14,191,20.54263565891473,13.178294573643413,7.3643410852713185,79.45736434108527,5.426356589147287,74.03100775193798
E00156571,307,36,14,22,271,17,254,11.726384364820847,4.5602605863192185,7.166123778501629,88.27361563517914,5.537459283387622,82.73615635179154
E00156572,347,42,19,23,305,22,283,12.103746397694524,5.475504322766571,6.628242074927954,87.89625360230548,6.340057636887608,81.55619596541787
E00156573,294,39,18,21,255,18,237,13.26530612244898,6.122448979591836,7.142857142857142,86.73469387755102,6.122448979591836,80.61224489795919
E00156574,258,56,25,31,202,18,184,21.705426356589147,9.689922480620156,12.015503875968992,78.29457364341084,6.976744186046512,71.31782945736434
E00156575,340,48,15,33,292,22,270,14.117647058823529,4.411764705882353,9.705882352941178,85.88235294117646,6.470588235294119,79.41176470588235
E00156576,390,54,15,39,336,30,306,13.846153846153847,3.8461538461538463,10,86.15384615384616,7.6923076923076925,78.46153846153847
E00156577,368,42,17,25,326,28,298,11.41304347826087,4.619565217391304,6.7934782608695645,88.58695652173914,7.608695652173914,80.97826086956522
E00156578,416,45,15,30,371,32,339,10.817307692307693,3.6057692307692304,7.211538461538461,89.1826923076923,7.6923076923076925,81.49038461538461
E00156579,386,53,15,38,333,21,312,13.730569948186528,3.8860103626943006,9.844559585492227,86.26943005181347,5.4404145077720205,80.82901554404145
E00156580,369,108,37,71,261,22,239,29.268292682926827,10.02710027100271,19.241192411924118,70.73170731707317,5.9620596205962055,64.76964769647697
E00156581,342,54,20,34,288,19,269,15.789473684210526,5.847953216374268,9.941520467836257,84.21052631578947,5.555555555555555,78.65497076023392
E00156582,309,51,14,37,258,28,230,16.50485436893204,4.53074433656958,11.974110032362459,83.49514563106796,9.06148867313916,74.4336569579288
E00156583,350,35,10,25,315,42,273,10,2.857142857142857,7.142857142857142,90,12,78
E00156584,388,40,16,24,348,34,314,10.309278350515463,4.123711340206185,6.185567010309279,89.69072164948454,8.762886597938143,80.9278350515464
E00156585,266,25,4,21,241,12,229,9.398496240601503,1.5037593984962405,7.894736842105263,90.6015037593985,4.511278195488721,86.09022556390977
E00156586,278,35,16,19,243,17,226,12.589928057553957,5.755395683453238,6.83453237410072,87.41007194244604,6.115107913669065,81.29496402877699
E00156587,331,37,19,18,294,36,258,11.178247734138973,5.740181268882175,5.438066465256798,88.82175226586104,10.876132930513595,77.94561933534743
E00156588,319,39,19,20,280,15,265,12.225705329153605,5.956112852664576,6.269592476489027,87.7742946708464,4.702194357366771,83.07210031347962
E00156590,342,37,14,23,305,14,291,10.818713450292398,4.093567251461988,6.725146198830409,89.18128654970761,4.093567251461988,85.08771929824562
E00156591,417,62,29,33,355,23,332,14.86810551558753,6.954436450839328,7.913669064748201,85.13189448441247,5.515587529976019,79.61630695443645
E00156592,482,70,35,35,412,22,390,14.522821576763487,7.261410788381744,7.261410788381744,85.47717842323651,4.564315352697095,80.91286307053942
E00156594,332,40,12,28,292,12,280,12.048192771084338,3.614457831325301,8.433734939759036,87.95180722891565,3.614457831325301,84.33734939759037
E00156595,537,76,29,47,461,18,443,14.152700186219738,5.400372439478584,8.752327746741155,85.84729981378027,3.35195530726257,82.49534450651768
E00156596,330,52,26,26,278,8,270,15.757575757575756,7.878787878787878,7.878787878787878,84.24242424242424,2.4242424242424243,81.81818181818183
E00156597,368,81,51,30,287,17,270,22.01086956521739,13.858695652173914,8.152173913043478,77.98913043478261,4.619565217391304,73.36956521739131
E00156598,390,83,33,50,307,20,287,21.28205128205128,8.461538461538462,12.82051282051282,78.71794871794872,5.128205128205128,73.58974358974359
E00156599,328,30,10,20,298,19,279,9.146341463414634,3.048780487804878,6.097560975609756,90.85365853658537,5.7926829268292686,85.0609756097561
E00156600,350,47,16,31,303,15,288,13.428571428571429,4.571428571428571,8.857142857142856,86.57142857142858,4.285714285714286,82.28571428571428
E00156601,352,37,9,28,315,28,287,10.511363636363637,2.556818181818182,7.954545454545454,89.48863636363636,7.954545454545454,81.5340909090909
E00156602,272,39,15,24,233,25,208,14.338235294117647,5.514705882352941,8.823529411764707,85.66176470588235,9.191176470588236,76.47058823529412
E00156603,406,47,20,27,359,19,340,11.576354679802956,4.926108374384237,6.65024630541872,88.42364532019704,4.679802955665025,83.74384236453201
E00156604,339,34,7,27,305,26,279,10.029498525073747,2.0648967551622417,7.964601769911504,89.97050147492625,7.669616519174041,82.30088495575221
E00156605,322,39,8,31,283,23,260,12.111801242236025,2.484472049689441,9.627329192546584,87.88819875776397,7.142857142857142,80.74534161490683
E00156606,300,58,18,40,242,20,222,19.333333333333332,6,13.333333333333334,80.66666666666666,6.666666666666667,74
E00156607,307,50,19,31,257,24,233,16.286644951140065,6.188925081433225,10.097719869706841,83.71335504885994,7.81758957654723,75.8957654723127
E00156608,325,45,18,27,280,26,254,13.846153846153847,5.538461538461538,8.307692307692308,86.15384615384616,8,78.15384615384615
E00156609,334,25,9,16,309,15,294,7.48502994011976,2.694610778443114,4.790419161676647,92.51497005988024,4.491017964071856,88.02395209580838
E00156610,321,44,25,19,277,19,258,13.707165109034266,7.78816199376947,5.919003115264798,86.29283489096574,5.919003115264798,80.37383177570094
E00156611,394,65,27,38,329,19,310,16.49746192893401,6.852791878172589,9.644670050761421,83.50253807106598,4.822335025380711,78.68020304568529
E00156612,422,62,20,42,360,22,338,14.691943127962084,4.739336492890995,9.95260663507109,85.30805687203792,5.213270142180095,80.09478672985783
E00156613,324,33,18,15,291,25,266,10.185185185185185,5.555555555555555,4.62962962962963,89.81481481481481,7.716049382716049,82.09876543209876
E00156614,323,31,6,25,292,22,270,9.597523219814242,1.8575851393188854,7.739938080495357,90.40247678018576,6.811145510835913,83.59133126934985
E00156615,319,34,18,16,285,20,265,10.658307210031348,5.6426332288401255,5.015673981191222,89.34169278996865,6.269592476489027,83.07210031347962
E00156616,292,48,18,30,244,28,216,16.43835616438356,6.164383561643835,10.273972602739725,83.56164383561644,9.58904109589041,73.97260273972603
E00156617,382,42,13,29,340,26,314,10.99476439790576,3.4031413612565444,7.591623036649215,89.00523560209425,6.806282722513089,82.19895287958116
E00156618,338,31,12,19,307,27,280,9.171597633136095,3.5502958579881656,5.621301775147929,90.8284023668639,7.988165680473373,82.84023668639054
E00156619,536,153,47,106,383,50,333,28.544776119402986,8.768656716417912,19.776119402985074,71.45522388059702,9.328358208955224,62.126865671641795
E00156620,309,32,7,25,277,30,247,10.355987055016183,2.26537216828479,8.090614886731391,89.64401294498381,9.70873786407767,79.93527508090615
E00156621,254,28,6,22,226,24,202,11.023622047244094,2.3622047244094486,8.661417322834646,88.9763779527559,9.448818897637794,79.52755905511812
E00156622,342,33,13,20,309,28,281,9.649122807017543,3.8011695906432745,5.847953216374268,90.35087719298247,8.187134502923977,82.16374269005848
E00156623,316,47,14,33,269,18,251,14.873417721518987,4.430379746835443,10.443037974683545,85.12658227848101,5.69620253164557,79.43037974683544
E00156624,265,27,10,17,238,17,221,10.18867924528302,3.7735849056603774,6.415094339622642,89.81132075471699,6.415094339622642,83.39622641509435
E00156625,330,40,16,24,290,20,270,12.121212121212121,4.848484848484849,7.2727272727272725,87.87878787878788,6.0606060606060606,81.81818181818183
E00156626,341,39,9,30,302,21,281,11.436950146627565,2.6392961876832843,8.797653958944283,88.56304985337243,6.158357771260997,82.40469208211144
E00156627,531,70,26,44,461,36,425,13.182674199623351,4.8964218455743875,8.286252354048965,86.81732580037664,6.779661016949152,80.0376647834275
E00156628,401,47,15,32,354,33,321,11.72069825436409,3.7406483790523692,7.98004987531172,88.2793017456359,8.229426433915211,80.0498753117207
E00156629,280,51,20,31,229,22,207,18.21428571428571,7.142857142857142,11.071428571428571,81.78571428571428,7.857142857142857,73.92857142857143
E00156630,414,84,42,42,330,22,308,20.28985507246377,10.144927536231885,10.144927536231885,79.71014492753623,5.314009661835748,74.39613526570048
E00156631,340,45,16,29,295,26,269,13.23529411764706,4.705882352941177,8.529411764705882,86.76470588235294,7.647058823529412,79.11764705882352
E00156632,460,58,19,39,402,16,386,12.608695652173912,4.130434782608695,8.478260869565217,87.39130434782608,3.4782608695652173,83.91304347826087
E00156633,315,49,16,33,266,16,250,15.555555555555555,5.079365079365079,10.476190476190476,84.44444444444444,5.079365079365079,79.36507936507937
E00156634,243,48,21,27,195,27,168,19.753086419753085,8.641975308641975,11.11111111111111,80.24691358024691,11.11111111111111,69.1358024691358
E00156635,220,56,25,31,164,17,147,25.454545454545453,11.363636363636363,14.09090909090909,74.54545454545455,7.727272727272727,66.81818181818183
E00156636,352,50,22,28,302,23,279,14.204545454545455,6.25,7.954545454545454,85.79545454545455,6.534090909090909,79.26136363636364
E00156637,411,55,25,30,356,26,330,13.381995133819952,6.082725060827251,7.2992700729927,86.61800486618006,6.326034063260341,80.2919708029197
E00156638,303,44,17,27,259,23,236,14.521452145214523,5.6105610561056105,8.91089108910891,85.47854785478548,7.590759075907591,77.88778877887789
E00156639,388,79,33,46,309,27,282,20.36082474226804,8.505154639175258,11.855670103092782,79.63917525773195,6.958762886597938,72.68041237113401
E00156640,243,59,27,32,184,14,170,24.279835390946502,11.11111111111111,13.168724279835391,75.7201646090535,5.761316872427984,69.95884773662551
E00156641,339,40,14,26,299,27,272,11.799410029498524,4.129793510324483,7.669616519174041,88.20058997050147,7.964601769911504,80.23598820058997
E00156642,307,49,30,19,258,20,238,15.960912052117262,9.77198697068404,6.188925081433225,84.03908794788273,6.514657980456026,77.52442996742671
E00156643,328,62,26,36,266,20,246,18.902439024390244,7.926829268292683,10.975609756097562,81.09756097560977,6.097560975609756,75
E00156644,317,56,27,29,261,17,244,17.665615141955836,8.517350157728707,9.14826498422713,82.33438485804416,5.3627760252365935,76.97160883280758
E00156645,349,56,25,31,293,28,265,16.045845272206304,7.163323782234957,8.882521489971348,83.95415472779369,8.022922636103152,75.93123209169055
E00156646,235,40,21,19,195,20,175,17.02127659574468,8.936170212765958,8.085106382978724,82.97872340425532,8.51063829787234,74.46808510638297
E00156647,365,29,4,25,336,26,310,7.9452054794520555,1.095890410958904,6.8493150684931505,92.05479452054794,7.123287671232877,84.93150684931507
E00156648,293,29,8,21,264,16,248,9.897610921501707,2.7303754266211606,7.167235494880546,90.10238907849829,5.460750853242321,84.64163822525597
E00156649,419,48,26,22,371,19,352,11.455847255369928,6.205250596658711,5.250596658711217,88.54415274463007,4.534606205250596,84.00954653937947
E00156650,271,34,16,18,237,23,214,12.546125461254611,5.904059040590406,6.642066420664207,87.4538745387454,8.487084870848708,78.96678966789668
E00156651,308,72,25,47,236,20,216,23.376623376623375,8.116883116883116,15.259740259740258,76.62337662337663,6.493506493506493,70.12987012987013
E00156652,354,34,5,29,320,21,299,9.6045197740113,1.4124293785310735,8.192090395480225,90.3954802259887,5.932203389830509,84.4632768361582
E00156653,414,104,68,36,310,26,284,25.120772946859905,16.425120772946862,8.695652173913043,74.8792270531401,6.280193236714976,68.59903381642512
E00156654,257,50,26,24,207,19,188,19.45525291828794,10.116731517509727,9.33852140077821,80.54474708171206,7.392996108949417,73.15175097276264
E00156655,303,45,20,25,258,31,227,14.85148514851485,6.6006600660066,8.25082508250825,85.14851485148515,10.231023102310232,74.91749174917491
E00156656,280,65,34,31,215,15,200,23.214285714285715,12.142857142857142,11.071428571428571,76.78571428571429,5.357142857142857,71.42857142857143
E00156657,293,33,12,21,260,32,228,11.262798634812286,4.09556313993174,7.167235494880546,88.73720136518772,10.921501706484642,77.81569965870307
E00156658,330,46,14,32,284,28,256,13.939393939393941,4.242424242424243,9.696969696969697,86.06060606060606,8.484848484848486,77.57575757575758
E00156659,253,35,13,22,218,20,198,13.83399209486166,5.138339920948617,8.695652173913043,86.16600790513834,7.905138339920949,78.26086956521739
E00156660,310,37,19,18,273,18,255,11.935483870967742,6.129032258064516,5.806451612903226,88.06451612903226,5.806451612903226,82.25806451612904
E00156661,341,39,14,25,302,29,273,11.436950146627565,4.105571847507331,7.331378299120235,88.56304985337243,8.504398826979472,80.05865102639295
E00156662,275,48,22,26,227,26,201,17.454545454545457,8,9.454545454545455,82.54545454545455,9.454545454545455,73.0909090909091
E00156663,323,59,15,44,264,21,243,18.26625386996904,4.643962848297214,13.622291021671826,81.73374613003097,6.5015479876160995,75.23219814241486
E00156664,312,46,18,28,266,20,246,14.743589743589745,5.769230769230769,8.974358974358974,85.25641025641025,6.41025641025641,78.84615384615384
E00156665,330,33,13,20,297,36,261,10,3.939393939393939,6.0606060606060606,90,10.909090909090908,79.0909090909091
E00156666,316,56,23,33,260,21,239,17.72151898734177,7.2784810126582276,10.443037974683545,82.27848101265823,6.6455696202531636,75.63291139240506
E00156667,300,50,30,20,250,20,230,16.666666666666664,10,6.666666666666667,83.33333333333334,6.666666666666667,76.66666666666667
E00156668,322,69,43,26,253,25,228,21.428571428571427,13.354037267080745,8.074534161490684,78.57142857142857,7.763975155279502,70.80745341614907
E00156669,315,39,17,22,276,29,247,12.380952380952381,5.396825396825397,6.984126984126984,87.61904761904762,9.206349206349207,78.41269841269842
E00156670,355,51,14,37,304,27,277,14.366197183098592,3.943661971830986,10.422535211267606,85.63380281690141,7.605633802816901,78.0281690140845
E00156672,355,51,25,26,304,15,289,14.366197183098592,7.042253521126761,7.323943661971831,85.63380281690141,4.225352112676056,81.40845070422536
E00156673,389,60,23,37,329,26,303,15.424164524421593,5.912596401028278,9.511568123393316,84.57583547557842,6.683804627249357,77.89203084832906
E00156674,233,29,13,16,204,18,186,12.446351931330472,5.579399141630901,6.866952789699571,87.55364806866953,7.725321888412018,79.82832618025752
E00156675,262,28,11,17,234,21,213,10.687022900763358,4.198473282442748,6.488549618320611,89.31297709923665,8.015267175572518,81.29770992366412
E00156676,435,50,20,30,385,38,347,11.494252873563218,4.597701149425287,6.896551724137931,88.50574712643679,8.735632183908045,79.77011494252874
E00156677,322,41,16,25,281,16,265,12.732919254658384,4.968944099378882,7.763975155279502,87.26708074534162,4.968944099378882,82.29813664596274
E00156678,306,64,34,30,242,28,214,20.915032679738562,11.11111111111111,9.803921568627452,79.08496732026144,9.15032679738562,69.93464052287581
E00156679,208,49,20,29,159,18,141,23.557692307692307,9.615384615384617,13.942307692307693,76.4423076923077,8.653846153846153,67.78846153846155
E00156680,342,43,13,30,299,29,270,12.573099415204677,3.8011695906432745,8.771929824561402,87.42690058479532,8.47953216374269,78.94736842105263
E00156681,224,34,8,26,190,16,174,15.178571428571427,3.571428571428571,11.607142857142858,84.82142857142857,7.142857142857142,77.67857142857143
E00156682,340,36,7,29,304,20,284,10.588235294117647,2.0588235294117645,8.529411764705882,89.41176470588236,5.88235294117647,83.52941176470588
E00156683,260,39,11,28,221,27,194,15,4.230769230769231,10.76923076923077,85,10.384615384615385,74.61538461538461
E00156684,307,31,13,18,276,19,257,10.097719869706841,4.234527687296417,5.863192182410423,89.90228013029315,6.188925081433225,83.71335504885994
E00156685,301,40,12,28,261,20,241,13.2890365448505,3.9867109634551494,9.30232558139535,86.71096345514951,6.64451827242525,80.06644518272425
E00156686,321,63,26,37,258,25,233,19.626168224299064,8.09968847352025,11.526479750778815,80.37383177570094,7.78816199376947,72.58566978193146
E00156687,269,29,11,18,240,24,216,10.780669144981413,4.089219330855019,6.691449814126393,89.21933085501858,8.921933085501859,80.29739776951673
E00156688,258,33,9,24,225,25,200,12.790697674418606,3.488372093023256,9.30232558139535,87.20930232558139,9.689922480620156,77.51937984496125
E00156689,299,37,19,18,262,20,242,12.37458193979933,6.354515050167224,6.0200668896321075,87.62541806020067,6.688963210702341,80.93645484949833
E00156690,360,45,15,30,315,23,292,12.5,4.166666666666666,8.333333333333332,87.5,6.388888888888888,81.11111111111111
E00156691,273,40,13,27,233,20,213,14.652014652014653,4.761904761904762,9.89010989010989,85.34798534798534,7.326007326007327,78.02197802197803
E00156692,340,50,11,39,290,18,272,14.705882352941178,3.2352941176470593,11.470588235294118,85.29411764705883,5.294117647058823,80
E00156693,284,39,12,27,245,20,225,13.732394366197184,4.225352112676056,9.507042253521126,86.26760563380282,7.042253521126761,79.22535211267606
E00156694,239,44,13,31,195,19,176,18.410041841004183,5.439330543933055,12.97071129707113,81.58995815899581,7.949790794979079,73.64016736401673
E00156695,318,33,18,15,285,15,270,10.377358490566039,5.660377358490567,4.716981132075472,89.62264150943396,4.716981132075472,84.90566037735849
E00156696,352,32,9,23,320,31,289,9.090909090909092,2.556818181818182,6.534090909090909,90.9090909090909,8.806818181818182,82.10227272727273
E00156697,347,40,19,21,307,22,285,11.527377521613833,5.475504322766571,6.051873198847262,88.47262247838617,6.340057636887608,82.13256484149855
E00156698,293,30,8,22,263,27,236,10.238907849829351,2.7303754266211606,7.508532423208192,89.76109215017065,9.215017064846416,80.54607508532423
E00156699,256,35,19,16,221,17,204,13.671875,7.421875,6.25,86.328125,6.640625,79.6875
E00156700,223,36,8,28,187,22,165,16.143497757847534,3.587443946188341,12.556053811659194,83.85650224215246,9.865470852017937,73.99103139013454
E00156701,392,44,13,31,348,28,320,11.224489795918368,3.316326530612245,7.908163265306123,88.77551020408163,7.142857142857142,81.63265306122449
E00156702,299,49,13,36,250,21,229,16.387959866220736,4.3478260869565215,12.040133779264215,83.61204013377926,7.023411371237458,76.58862876254182
E00156703,326,39,11,28,287,19,268,11.96319018404908,3.374233128834356,8.588957055214724,88.03680981595092,5.828220858895705,82.20858895705521
E00156704,282,52,21,31,230,28,202,18.439716312056735,7.446808510638298,10.99290780141844,81.56028368794325,9.929078014184398,71.63120567375887
E00156705,305,65,21,44,240,16,224,21.311475409836063,6.885245901639345,14.426229508196723,78.68852459016394,5.245901639344262,73.44262295081967
E00156706,533,81,28,53,452,25,427,15.196998123827393,5.253283302063791,9.943714821763603,84.80300187617262,4.690431519699812,80.1125703564728
E00156707,279,31,8,23,248,21,227,11.11111111111111,2.867383512544803,8.24372759856631,88.88888888888889,7.526881720430108,81.36200716845879
E00156708,217,52,20,32,165,13,152,23.963133640552993,9.216589861751153,14.746543778801843,76.036866359447,5.990783410138248,70.04608294930875
E00156709,317,40,17,23,277,21,256,12.618296529968454,5.3627760252365935,7.255520504731862,87.38170347003155,6.624605678233439,80.7570977917981
E00156710,251,35,9,26,216,23,193,13.94422310756972,3.5856573705179287,10.358565737051793,86.05577689243027,9.163346613545817,76.89243027888446
E00156711,319,47,11,36,272,20,252,14.733542319749215,3.4482758620689653,11.285266457680251,85.26645768025078,6.269592476489027,78.99686520376176
E00156712,279,39,8,31,240,20,220,13.978494623655912,2.867383512544803,11.11111111111111,86.02150537634408,7.168458781362006,78.85304659498208
E00156713,328,43,13,30,285,23,262,13.109756097560975,3.9634146341463414,9.146341463414634,86.89024390243902,7.01219512195122,79.8780487804878
E00156714,412,54,23,31,358,28,330,13.106796116504855,5.582524271844661,7.524271844660194,86.89320388349515,6.796116504854369,80.09708737864078
E00156715,307,37,15,22,270,22,248,12.052117263843648,4.88599348534202,7.166123778501629,87.94788273615634,7.166123778501629,80.78175895765473
E00156716,294,54,25,29,240,16,224,18.367346938775512,8.503401360544217,9.863945578231291,81.63265306122449,5.442176870748299,76.19047619047619
E00156717,284,40,15,25,244,16,228,14.084507042253522,5.28169014084507,8.80281690140845,85.91549295774648,5.633802816901409,80.28169014084507
E00156718,357,82,42,40,275,27,248,22.969187675070028,11.76470588235294,11.204481792717088,77.03081232492998,7.563025210084033,69.46778711484593
E00156719,260,28,9,19,232,18,214,10.76923076923077,3.4615384615384617,7.307692307692308,89.23076923076924,6.923076923076923,82.3076923076923
E00156720,265,43,6,37,222,36,186,16.22641509433962,2.2641509433962264,13.962264150943396,83.77358490566039,13.584905660377359,70.18867924528301
E00156721,213,47,15,32,166,16,150,22.065727699530516,7.042253521126761,15.023474178403756,77.93427230046949,7.511737089201878,70.4225352112676
E00156722,333,37,9,28,296,32,264,11.11111111111111,2.7027027027027026,8.408408408408409,88.88888888888889,9.60960960960961,79.27927927927928
E00156723,228,46,17,29,182,14,168,20.175438596491226,7.456140350877193,12.719298245614036,79.82456140350878,6.140350877192982,73.68421052631578
E00156724,303,38,13,25,265,18,247,12.541254125412541,4.29042904290429,8.25082508250825,87.45874587458746,5.9405940594059405,81.51815181518151
E00156725,333,62,24,38,271,32,239,18.61861861861862,7.207207207207207,11.411411411411411,81.38138138138137,9.60960960960961,71.77177177177178
E00156726,320,44,14,30,276,20,256,13.750000000000002,4.375,9.375,86.25,6.25,80
E00156727,244,45,20,25,199,15,184,18.442622950819672,8.19672131147541,10.245901639344263,81.55737704918032,6.147540983606557,75.40983606557377
E00156728,246,38,16,22,208,6,202,15.447154471544716,6.504065040650407,8.94308943089431,84.5528455284553,2.4390243902439024,82.11382113821138
E00156729,291,38,18,20,253,22,231,13.058419243986256,6.185567010309279,6.872852233676976,86.94158075601375,7.560137457044673,79.38144329896907
E00156730,375,44,19,25,331,31,300,11.733333333333333,5.066666666666666,6.666666666666667,88.26666666666667,8.266666666666666,80
E00156731,183,48,25,23,135,13,122,26.229508196721312,13.661202185792352,12.568306010928962,73.77049180327869,7.103825136612022,66.66666666666666
E00156732,263,31,16,15,232,17,215,11.787072243346007,6.083650190114068,5.7034220532319395,88.212927756654,6.4638783269961975,81.74904942965779
E00156733,216,23,2,21,193,18,175,10.648148148148149,0.9259259259259258,9.722222222222223,89.35185185185185,8.333333333333332,81.01851851851852
E00156734,248,24,7,17,224,15,209,9.67741935483871,2.82258064516129,6.854838709677419,90.32258064516128,6.048387096774194,84.2741935483871
E00156735,281,43,17,26,238,28,210,15.302491103202847,6.049822064056939,9.252669039145907,84.69750889679716,9.9644128113879,74.73309608540926
E00156736,256,35,10,25,221,17,204,13.671875,3.90625,9.765625,86.328125,6.640625,79.6875
E00156737,343,51,23,28,292,13,279,14.868804664723031,6.705539358600583,8.16326530612245,85.13119533527697,3.7900874635568513,81.34110787172013
E00156740,308,36,11,25,272,17,255,11.688311688311687,3.571428571428571,8.116883116883116,88.31168831168831,5.51948051948052,82.79220779220779
E00156741,488,57,17,40,431,28,403,11.68032786885246,3.483606557377049,8.19672131147541,88.31967213114754,5.737704918032787,82.58196721311475
E00156742,441,42,12,30,399,29,370,9.523809523809524,2.7210884353741496,6.802721088435375,90.47619047619048,6.575963718820861,83.90022675736961
E00156743,268,20,6,14,248,20,228,7.462686567164178,2.2388059701492535,5.223880597014925,92.53731343283582,7.462686567164178,85.07462686567165
E00156744,281,24,4,20,257,15,242,8.540925266903916,1.4234875444839856,7.11743772241993,91.45907473309609,5.338078291814947,86.12099644128114
E00156745,442,62,22,40,380,26,354,14.027149321266968,4.97737556561086,9.049773755656108,85.97285067873304,5.88235294117647,80.09049773755656
E00156746,203,46,24,22,157,13,144,22.660098522167488,11.822660098522167,10.83743842364532,77.33990147783251,6.403940886699508,70.93596059113301
E00156747,326,40,18,22,286,25,261,12.269938650306749,5.521472392638037,6.748466257668712,87.73006134969326,7.668711656441718,80.06134969325154
E00156748,334,33,13,20,301,9,292,9.880239520958083,3.8922155688622757,5.9880239520958085,90.11976047904191,2.694610778443114,87.42514970059881
E00156749,226,19,6,13,207,17,190,8.4070796460177,2.6548672566371683,5.752212389380531,91.5929203539823,7.52212389380531,84.070796460177
E00156750,305,63,28,35,242,17,225,20.655737704918035,9.180327868852459,11.475409836065573,79.34426229508198,5.573770491803279,73.77049180327869
E00156751,221,35,14,21,186,11,175,15.837104072398189,6.334841628959276,9.502262443438914,84.16289592760181,4.97737556561086,79.18552036199095
E00156752,209,24,6,18,185,15,170,11.483253588516746,2.8708133971291865,8.61244019138756,88.51674641148325,7.177033492822966,81.3397129186603
E00156753,319,53,24,29,266,21,245,16.614420062695924,7.523510971786834,9.090909090909092,83.38557993730407,6.583072100313479,76.8025078369906
E00156754,282,63,25,38,219,20,199,22.340425531914892,8.865248226950355,13.47517730496454,77.6595744680851,7.092198581560284,70.56737588652481
E00156755,384,61,28,33,323,32,291,15.885416666666666,7.291666666666667,8.59375,84.11458333333334,8.333333333333332,75.78125
E00156756,319,55,19,36,264,26,238,17.24137931034483,5.956112852664576,11.285266457680251,82.75862068965517,8.150470219435736,74.60815047021944
E00156757,297,36,13,23,261,26,235,12.121212121212121,4.377104377104377,7.744107744107744,87.87878787878788,8.754208754208754,79.12457912457911
E00156758,238,54,24,30,184,11,173,22.689075630252102,10.084033613445378,12.605042016806722,77.31092436974791,4.621848739495799,72.68907563025209
E00156759,302,44,13,31,258,25,233,14.56953642384106,4.304635761589404,10.264900662251655,85.43046357615894,8.27814569536424,77.15231788079471
E00156760,259,44,23,21,215,14,201,16.988416988416986,8.880308880308881,8.108108108108109,83.01158301158301,5.405405405405405,77.60617760617761
E00156761,322,57,38,19,265,21,244,17.70186335403727,11.801242236024844,5.900621118012422,82.29813664596274,6.521739130434782,75.77639751552795
E00156762,319,48,22,26,271,23,248,15.047021943573668,6.896551724137931,8.150470219435736,84.95297805642633,7.210031347962382,77.74294670846395
E00156763,165,67,34,33,98,10,88,40.60606060606061,20.606060606060606,20,59.3939393939394,6.0606060606060606,53.333333333333336
E00156764,317,41,21,20,276,20,256,12.933753943217665,6.624605678233439,6.309148264984227,87.06624605678233,6.309148264984227,80.7570977917981
E00156765,381,57,31,26,324,27,297,14.960629921259844,8.136482939632545,6.824146981627297,85.03937007874016,7.086614173228346,77.95275590551181
E00156766,312,66,29,37,246,22,224,21.153846153846153,9.294871794871796,11.858974358974358,78.84615384615384,7.051282051282051,71.7948717948718
E00156767,333,30,7,23,303,35,268,9.00900900900901,2.1021021021021022,6.906906906906906,90.990990990991,10.51051051051051,80.48048048048048
E00156768,323,40,16,24,283,23,260,12.38390092879257,4.953560371517028,7.430340557275541,87.61609907120743,7.120743034055728,80.4953560371517
E00156769,311,50,15,35,261,15,246,16.077170418006432,4.823151125401929,11.254019292604502,83.92282958199357,4.823151125401929,79.09967845659163
E00156770,397,72,36,36,325,15,310,18.1360201511335,9.06801007556675,9.06801007556675,81.86397984886649,3.7783375314861463,78.08564231738035
E00156771,282,31,8,23,251,30,221,10.99290780141844,2.8368794326241136,8.156028368794328,89.00709219858156,10.638297872340425,78.36879432624113
E00156772,351,51,20,31,300,21,279,14.529914529914532,5.698005698005698,8.831908831908832,85.47008547008546,5.982905982905983,79.48717948717949
E00156773,313,64,28,36,249,23,226,20.447284345047922,8.945686900958465,11.501597444089457,79.55271565495208,7.348242811501597,72.20447284345049
E00156774,290,50,19,31,240,18,222,17.24137931034483,6.551724137931035,10.689655172413794,82.75862068965517,6.206896551724138,76.55172413793103
E00156775,354,48,17,31,306,32,274,13.559322033898304,4.80225988700565,8.757062146892656,86.4406779661017,9.03954802259887,77.40112994350282
E00156776,245,42,14,28,203,12,191,17.142857142857142,5.714285714285714,11.428571428571429,82.85714285714286,4.8979591836734695,77.9591836734694
E00156777,324,52,25,27,272,18,254,16.049382716049383,7.716049382716049,8.333333333333332,83.9506172839506,5.555555555555555,78.39506172839506
E00156778,360,61,21,40,299,32,267,16.944444444444446,5.833333333333333,11.11111111111111,83.05555555555556,8.88888888888889,74.16666666666667
E00156779,328,45,15,30,283,11,272,13.719512195121952,4.573170731707317,9.146341463414634,86.28048780487805,3.353658536585366,82.92682926829268
E00156780,477,53,16,37,424,22,402,11.11111111111111,3.3542976939203357,7.756813417190776,88.88888888888889,4.612159329140461,84.27672955974843
E00156781,294,50,23,27,244,14,230,17.006802721088434,7.8231292517006805,9.183673469387756,82.99319727891157,4.761904761904762,78.2312925170068
E00156782,355,38,16,22,317,12,305,10.704225352112676,4.507042253521127,6.197183098591549,89.29577464788733,3.3802816901408446,85.91549295774648
E00156783,187,34,8,26,153,8,145,18.181818181818183,4.27807486631016,13.903743315508022,81.81818181818183,4.27807486631016,77.54010695187165
E00156784,121,30,15,15,91,6,85,24.793388429752067,12.396694214876034,12.396694214876034,75.20661157024794,4.958677685950414,70.24793388429752
E00156785,457,126,69,57,331,16,315,27.571115973741794,15.098468271334792,12.472647702407002,72.42888402625822,3.50109409190372,68.9277899343545
E00156786,163,38,15,23,125,9,116,23.31288343558282,9.202453987730062,14.11042944785276,76.68711656441718,5.521472392638037,71.16564417177914
E00156787,395,43,22,21,352,15,337,10.886075949367088,5.5696202531645564,5.3164556962025316,89.1139240506329,3.79746835443038,85.31645569620252
E00156788,470,68,39,29,402,15,387,14.468085106382977,8.297872340425531,6.170212765957447,85.53191489361703,3.1914893617021276,82.34042553191489
E00156789,309,35,15,20,274,22,252,11.326860841423949,4.854368932038835,6.472491909385113,88.67313915857605,7.119741100323624,81.55339805825243
E00156790,298,64,29,35,234,8,226,21.476510067114095,9.731543624161073,11.74496644295302,78.52348993288591,2.684563758389262,75.83892617449665
E00156791,388,65,21,44,323,18,305,16.752577319587626,5.412371134020619,11.34020618556701,83.24742268041237,4.639175257731959,78.6082474226804
E00156792,342,63,25,38,279,20,259,18.421052631578945,7.309941520467836,11.11111111111111,81.57894736842105,5.847953216374268,75.73099415204678
E00156793,343,44,17,27,299,24,275,12.82798833819242,4.956268221574344,7.871720116618077,87.17201166180757,6.997084548104956,80.17492711370262
E00156794,335,49,28,21,286,8,278,14.626865671641792,8.358208955223882,6.26865671641791,85.37313432835822,2.3880597014925375,82.98507462686567
E00156795,329,36,14,22,293,25,268,10.94224924012158,4.25531914893617,6.68693009118541,89.05775075987842,7.598784194528875,81.45896656534954
E00156796,402,47,21,26,355,24,331,11.691542288557214,5.223880597014925,6.467661691542288,88.30845771144278,5.970149253731343,82.33830845771143
E00156797,358,37,19,18,321,21,300,10.335195530726256,5.307262569832402,5.027932960893855,89.66480446927375,5.865921787709497,83.79888268156425
E00156798,376,56,18,38,320,18,302,14.893617021276595,4.787234042553192,10.106382978723403,85.1063829787234,4.787234042553192,80.31914893617021
E00156799,315,38,15,23,277,16,261,12.063492063492063,4.761904761904762,7.301587301587302,87.93650793650794,5.079365079365079,82.85714285714286
E00156800,293,37,16,21,256,10,246,12.627986348122866,5.460750853242321,7.167235494880546,87.37201365187714,3.4129692832764507,83.95904436860067
E00156801,337,43,15,28,294,16,278,12.759643916913946,4.451038575667656,8.30860534124629,87.24035608308606,4.747774480712167,82.49258160237389
E00156802,421,135,95,40,286,23,263,32.066508313539195,22.565320665083135,9.501187648456057,67.93349168646081,5.463182897862233,62.47030878859857
E00156803,363,35,14,21,328,20,308,9.641873278236915,3.8567493112947657,5.785123966942149,90.35812672176309,5.5096418732782375,84.84848484848484
E00156804,418,87,39,48,331,23,308,20.813397129186605,9.330143540669857,11.483253588516746,79.18660287081339,5.502392344497608,73.68421052631578
E00156805,387,40,15,25,347,22,325,10.335917312661499,3.875968992248062,6.459948320413436,89.66408268733849,5.684754521963824,83.97932816537468
E00156806,520,49,28,21,471,20,451,9.423076923076923,5.384615384615385,4.038461538461538,90.57692307692308,3.8461538461538463,86.73076923076923
E00156807,337,46,12,34,291,20,271,13.649851632047477,3.5608308605341246,10.089020771513352,86.35014836795251,5.934718100890208,80.41543026706232
E00156808,349,66,26,40,283,24,259,18.911174785100286,7.4498567335243555,11.461318051575931,81.08882521489971,6.876790830945559,74.21203438395415
E00156809,258,69,42,27,189,10,179,26.744186046511626,16.27906976744186,10.465116279069768,73.25581395348837,3.875968992248062,69.37984496124031
E00156810,426,31,12,19,395,30,365,7.276995305164319,2.8169014084507045,4.460093896713615,92.72300469483568,7.042253521126761,85.68075117370893
E00156811,329,40,11,29,289,25,264,12.158054711246201,3.343465045592705,8.814589665653495,87.84194528875379,7.598784194528875,80.24316109422493
E00156812,279,70,26,44,209,13,196,25.089605734767023,9.31899641577061,15.770609318996415,74.91039426523297,4.659498207885305,70.25089605734766
E00156813,235,26,6,20,209,16,193,11.063829787234042,2.553191489361702,8.51063829787234,88.93617021276596,6.808510638297872,82.12765957446808
E00156814,368,43,15,28,325,22,303,11.684782608695652,4.076086956521739,7.608695652173914,88.31521739130434,5.978260869565218,82.33695652173914
E00156815,348,56,16,40,292,16,276,16.091954022988507,4.597701149425287,11.494252873563218,83.9080459770115,4.597701149425287,79.3103448275862
E00156816,292,33,11,22,259,23,236,11.301369863013697,3.767123287671233,7.534246575342466,88.6986301369863,7.876712328767123,80.82191780821918
E00156817,293,32,14,18,261,23,238,10.921501706484642,4.778156996587031,6.143344709897611,89.07849829351537,7.849829351535837,81.22866894197952
E00156818,310,63,30,33,247,21,226,20.32258064516129,9.67741935483871,10.64516129032258,79.6774193548387,6.774193548387098,72.90322580645162
E00156819,324,35,14,21,289,21,268,10.802469135802468,4.320987654320987,6.481481481481481,89.19753086419753,6.481481481481481,82.71604938271605
E00156820,349,41,19,22,308,22,286,11.74785100286533,5.444126074498568,6.303724928366762,88.25214899713467,6.303724928366762,81.9484240687679
E00156821,310,57,29,28,253,15,238,18.387096774193548,9.35483870967742,9.032258064516128,81.61290322580645,4.838709677419355,76.77419354838709
E00156822,309,40,16,24,269,21,248,12.944983818770226,5.177993527508091,7.766990291262135,87.05501618122977,6.796116504854369,80.2588996763754
E00156823,293,46,15,31,247,19,228,15.699658703071673,5.1194539249146755,10.580204778156997,84.30034129692832,6.484641638225256,77.81569965870307
E00156824,369,50,24,26,319,21,298,13.550135501355012,6.504065040650407,7.046070460704606,86.44986449864498,5.691056910569105,80.75880758807588
E00156825,265,18,4,14,247,20,227,6.7924528301886795,1.509433962264151,5.283018867924529,93.20754716981132,7.547169811320755,85.66037735849056
E00156826,361,49,17,32,312,18,294,13.573407202216067,4.7091412742382275,8.86426592797784,86.42659279778393,4.986149584487535,81.4404432132964
E00156827,291,35,16,19,256,26,230,12.027491408934708,5.498281786941581,6.529209621993128,87.97250859106529,8.934707903780069,79.03780068728523
E00156828,496,73,33,40,423,48,375,14.717741935483872,6.653225806451612,8.064516129032258,85.28225806451613,9.67741935483871,75.60483870967742
E00156829,563,48,14,34,515,43,472,8.52575488454707,2.4866785079928952,6.039076376554174,91.47424511545293,7.63765541740675,83.83658969804618
E00156830,339,27,8,19,312,33,279,7.964601769911504,2.359882005899705,5.604719764011799,92.03539823008849,9.734513274336283,82.30088495575221
E00156831,241,31,12,19,210,17,193,12.863070539419086,4.979253112033195,7.883817427385892,87.13692946058092,7.053941908713693,80.08298755186722
E00156832,295,54,29,25,241,25,216,18.305084745762713,9.830508474576272,8.47457627118644,81.69491525423729,8.47457627118644,73.22033898305085
E00156833,258,33,9,24,225,9,216,12.790697674418606,3.488372093023256,9.30232558139535,87.20930232558139,3.488372093023256,83.72093023255815
E00156834,287,33,7,26,254,14,240,11.498257839721255,2.4390243902439024,9.059233449477352,88.50174216027874,4.878048780487805,83.62369337979094
E00156835,527,85,26,59,442,32,410,16.129032258064516,4.933586337760911,11.195445920303605,83.87096774193549,6.072106261859583,77.7988614800759
E00156836,370,35,14,21,335,26,309,9.45945945945946,3.783783783783784,5.675675675675676,90.54054054054053,7.027027027027027,83.51351351351352
E00156837,322,61,27,34,261,22,239,18.944099378881987,8.385093167701864,10.559006211180124,81.05590062111801,6.832298136645963,74.22360248447205
E00156838,497,46,13,33,451,37,414,9.25553319919517,2.61569416498994,6.639839034205232,90.74446680080483,7.44466800804829,83.29979879275655
E00156839,520,87,41,46,433,36,397,16.73076923076923,7.884615384615384,8.846153846153847,83.26923076923077,6.923076923076923,76.34615384615384
E00156840,361,49,12,37,312,30,282,13.573407202216067,3.32409972299169,10.249307479224377,86.42659279778393,8.310249307479225,78.1163434903047
E00156841,340,44,18,26,296,24,272,12.941176470588237,5.294117647058823,7.647058823529412,87.05882352941177,7.0588235294117645,80
E00156842,355,25,9,16,330,22,308,7.042253521126761,2.535211267605634,4.507042253521127,92.95774647887323,6.197183098591549,86.76056338028168
E00156843,332,41,13,28,291,23,268,12.349397590361445,3.91566265060241,8.433734939759036,87.65060240963855,6.927710843373494,80.72289156626506
E00156844,307,31,8,23,276,25,251,10.097719869706841,2.6058631921824107,7.491856677524431,89.90228013029315,8.143322475570033,81.75895765472313
E00156845,340,43,13,30,297,23,274,12.647058823529411,3.823529411764706,8.823529411764707,87.3529411764706,6.764705882352941,80.58823529411765
E00156846,352,41,11,30,311,38,273,11.647727272727272,3.125,8.522727272727272,88.35227272727273,10.795454545454545,77.55681818181817
E00156847,340,33,10,23,307,44,263,9.705882352941178,2.941176470588235,6.764705882352941,90.29411764705883,12.941176470588237,77.3529411764706
E00167801,308,28,7,21,280,12,268,9.090909090909092,2.272727272727273,6.8181818181818175,90.9090909090909,3.896103896103896,87.01298701298701
E00167802,482,57,18,39,425,32,393,11.825726141078837,3.7344398340248963,8.091286307053942,88.17427385892115,6.639004149377594,81.53526970954357
E00167803,295,18,4,14,277,13,264,6.101694915254238,1.3559322033898304,4.745762711864407,93.89830508474576,4.406779661016949,89.49152542372882
E00167804,285,31,13,18,254,12,242,10.87719298245614,4.56140350877193,6.315789473684211,89.12280701754386,4.2105263157894735,84.91228070175438
E00167805,387,103,62,41,284,24,260,26.614987080103358,16.020671834625322,10.594315245478036,73.38501291989664,6.2015503875969,67.18346253229974
E00167806,226,31,15,16,195,12,183,13.716814159292035,6.637168141592921,7.079646017699115,86.28318584070797,5.3097345132743365,80.97345132743364
E00180580,188,23,12,11,165,6,159,12.23404255319149,6.382978723404255,5.851063829787234,87.7659574468085,3.1914893617021276,84.57446808510637
E00180601,135,11,4,7,124,4,120,8.148148148148149,2.9629629629629632,5.185185185185185,91.85185185185185,2.9629629629629632,88.88888888888889
E00180602,210,24,6,18,186,23,163,11.428571428571429,2.857142857142857,8.571428571428571,88.57142857142857,10.952380952380953,77.61904761904762
E00180610,139,9,3,6,130,12,118,6.474820143884892,2.158273381294964,4.316546762589928,93.5251798561151,8.633093525179856,84.89208633093526
E00180612,260,24,2,22,236,13,223,9.230769230769232,0.7692307692307693,8.461538461538462,90.76923076923077,5,85.76923076923076
E00180618,243,11,1,10,232,20,212,4.526748971193416,0.411522633744856,4.11522633744856,95.47325102880659,8.23045267489712,87.24279835390946
E00180622,347,22,7,15,325,16,309,6.340057636887608,2.0172910662824206,4.322766570605188,93.65994236311239,4.610951008645533,89.04899135446685
E00180627,317,23,10,13,294,24,270,7.255520504731862,3.1545741324921135,4.100946372239748,92.74447949526814,7.570977917981073,85.17350157728707
E00180646,273,19,8,11,254,13,241,6.95970695970696,2.93040293040293,4.029304029304029,93.04029304029304,4.761904761904762,88.27838827838828
