OA,ts0590001,ts0590002,ts0590003,ts0590004,ts0590005,ts0590006,ts0590007,ts0590002_PCT,ts0590003_PCT,ts0590004_PCT,ts0590005_PCT,ts0590006_PCT,ts0590007_PCT
E00156540,138,30,11,19,108,97,11,21.73913043478261,7.971014492753622,13.768115942028986,78.26086956521739,70.28985507246377,7.971014492753622
E00156541,223,62,22,40,161,147,14,27.802690582959645,9.865470852017937,17.937219730941703,72.19730941704036,65.91928251121077,6.278026905829597
E00156542,165,49,24,25,116,108,8,29.6969696969697,14.545454545454545,15.151515151515152,70.3030303030303,65.45454545454545,4.848484848484849
E00156543,131,42,12,30,89,76,13,32.06106870229007,9.16030534351145,22.900763358778626,67.93893129770993,58.01526717557252,9.923664122137405
E00156544,151,48,20,28,103,88,15,31.788079470198678,13.245033112582782,18.543046357615893,68.21192052980133,58.27814569536424,9.933774834437086
E00156545,191,38,12,26,153,138,15,19.895287958115183,6.282722513089005,13.612565445026178,80.10471204188482,72.25130890052355,7.853403141361256
E00156546,164,46,12,34,118,105,13,28.04878048780488,7.317073170731707,20.73170731707317,71.95121951219512,64.02439024390245,7.926829268292683
E00156547,194,44,15,29,150,130,20,22.68041237113402,7.731958762886598,14.948453608247423,77.31958762886599,67.0103092783505,10.309278350515463
E00156548,149,42,16,26,107,89,18,28.187919463087248,10.738255033557047,17.449664429530202,71.81208053691275,59.73154362416108,12.080536912751679
E00156549,134,38,15,23,96,87,9,28.35820895522388,11.194029850746269,17.16417910447761,71.64179104477611,64.92537313432835,6.7164179104477615
E00156550,138,32,13,19,106,90,16,23.18840579710145,9.420289855072465,13.768115942028986,76.81159420289855,65.21739130434783,11.594202898550725
E00156551,141,40,15,25,101,90,11,28.368794326241137,10.638297872340425,17.73049645390071,71.63120567375887,63.829787234042556,7.801418439716312
E00156552,92,31,11,20,61,51,10,33.69565217391305,11.956521739130435,21.73913043478261,66.30434782608695,55.434782608695656,10.869565217391305
E00156553,166,50,19,31,116,100,16,30.120481927710845,11.44578313253012,18.67469879518072,69.87951807228916,60.24096385542169,9.63855421686747
E00156554,159,39,15,24,120,108,12,24.528301886792452,9.433962264150944,15.09433962264151,75.47169811320755,67.9245283018868,7.547169811320755
E00156555,188,52,12,40,136,116,20,27.659574468085108,6.382978723404255,21.27659574468085,72.3404255319149,61.702127659574465,10.638297872340425
E00156556,161,43,18,25,118,102,16,26.70807453416149,11.180124223602485,15.527950310559005,73.29192546583852,63.35403726708074,9.937888198757763
E00156557,163,41,17,24,122,110,12,25.153374233128833,10.429447852760736,14.723926380368098,74.84662576687117,67.48466257668711,7.361963190184049
E00156558,183,53,15,38,130,105,25,28.96174863387978,8.19672131147541,20.76502732240437,71.03825136612022,57.377049180327866,13.661202185792352
E00156559,210,60,19,41,150,121,29,28.57142857142857,9.047619047619047,19.523809523809526,71.42857142857143,57.61904761904761,13.80952380952381
E00156560,195,51,19,32,144,123,21,26.153846153846157,9.7435897435897445,16.41025641025641,73.84615384615385,63.07692307692307,10.76923076923077
E00156561,135,33,13,20,102,87,15,24.444444444444443,9.62962962962963,14.814814814814813,75.55555555555556,64.44444444444444,11.11111111111111
E00156562,179,51,22,29,128,113,15,28.49162011173184,12.290502793296088,16.201117318435752,71.50837988826815,63.128491620111724,8.379888268156424
E00156563,163,41,13,28,122,109,13,25.153374233128833,7.975460122699387,17.177914110429448,74.84662576687117,66.87116564417178,7.975460122699387
E00156564,174,51,22,29,123,106,17,29.310344827586203,12.643678160919542,16.666666666666664,70.6896551724138,60.91954022988506,9.770114942528735
E00156565,167,42,19,23,125,110,15,25.149700598802394,11.377245508982035,13.77245508982036,74.8502994011976,65.86826347305389,8.982035928143713
E00156566,158,44,13,31,114,102,12,27.848101265822784,8.227848101265822,19.62025316455696,72.15189873417721,64.55696202531645,7.59493670886076
E00156567,208,47,15,32,161,148,13,22.596153846153847,7.211538461538461,15.384615384615385,77.40384615384616,71.15384615384616,6.25
E00156568,151,50,15,35,101,83,18,33.11258278145696,9.933774834437086,23.178807947019866,66.88741721854305,54.966887417218544,11.920529801324504
E00156569,192,48,9,39,144,131,13,25,4.6875,20.3125,75,68.22916666666666,6.770833333333333
E00156570,110,27,5,22,83,73,10,24.545454545454547,4.545454545454546,20,75.45454545454545,66.36363636363637,9.090909090909092
E00156571,159,40,18,22,119,100,19,25.157232704402517,11.320754716981133,13.836477987421384,74.84276729559748,62.893081761006286,11.949685534591195
E00156572,186,42,12,30,144,126,18,22.58064516129032,6.451612903225806,16.129032258064516,77.41935483870968,67.74193548387096,9.67741935483871
E00156573,135,39,22,17,96,82,14,28.888888888888886,16.296296296296298,12.592592592592592,71.11111111111111,60.74074074074074,10.37037037037037
E00156574,103,32,9,23,71,61,10,31.06796116504854,8.737864077669903,22.330097087378643,68.93203883495146,59.22330097087378,9.70873786407767
E00156575,171,43,14,29,128,104,24,25.146198830409354,8.187134502923977,16.95906432748538,74.85380116959064,60.81871345029239,14.035087719298245
E00156576,177,58,22,36,119,99,20,32.7683615819209,12.429378531073446,20.33898305084746,67.2316384180791,55.932203389830505,11.299435028248588
E00156577,205,47,18,29,158,139,19,22.926829268292686,8.780487804878048,14.146341463414632,77.07317073170732,67.8048780487805,9.268292682926829
E00156578,227,50,20,30,177,156,21,22.026431718061673,8.81057268722467,13.215859030837004,77.97356828193833,68.72246696035242,9.251101321585903
E00156579,227,58,13,45,169,150,19,25.55066079295154,5.726872246696035,19.823788546255507,74.44933920704845,66.07929515418502,8.370044052863436
E00156580,138,36,15,21,102,88,14,26.08695652173913,10.869565217391305,15.217391304347828,73.91304347826086,63.76811594202898,10.144927536231885
E00156581,170,37,12,25,133,111,22,21.764705882352942,7.0588235294117645,14.705882352941178,78.23529411764706,65.29411764705883,12.941176470588237
E00156582,153,46,16,30,107,88,19,30.065359477124183,10.457516339869281,19.607843137254903,69.93464052287581,57.51633986928104,12.418300653594772
E00156583,177,48,15,33,129,110,19,27.11864406779661,8.47457627118644,18.64406779661017,72.88135593220339,62.14689265536724,10.734463276836157
E00156584,217,53,17,36,164,154,10,24.42396313364055,7.834101382488479,16.589861751152075,75.57603686635944,70.96774193548387,4.6082949308755765
E00156585,155,47,23,24,108,94,14,30.32258064516129,14.838709677419354,15.483870967741936,69.6774193548387,60.64516129032258,9.032258064516128
E00156586,126,33,18,15,93,81,12,26.190476190476193,14.285714285714285,11.904761904761903,73.80952380952381,64.28571428571429,9.523809523809524
E00156587,155,48,18,30,107,91,16,30.967741935483872,11.612903225806452,19.35483870967742,69.03225806451613,58.70967741935483,10.32258064516129
E00156588,157,41,14,27,116,95,21,26.11464968152866,8.9171974522293,17.197452229299362,73.88535031847134,60.509554140127385,13.375796178343949
E00156590,178,46,17,29,132,109,23,25.842696629213485,9.550561797752808,16.292134831460675,74.15730337078652,61.23595505617978,12.921348314606742
E00156591,179,45,16,29,134,119,15,25.139664804469277,8.938547486033519,16.201117318435752,74.86033519553072,66.4804469273743,8.379888268156424
E00156592,236,67,25,42,169,148,21,28.389830508474578,10.59322033898305,17.796610169491526,71.61016949152543,62.71186440677966,8.898305084745763
E00156594,199,41,14,27,158,146,12,20.603015075376884,7.035175879396985,13.5678391959799,79.39698492462311,73.36683417085426,6.030150753768844
E00156595,244,64,21,43,180,165,15,26.229508196721312,8.60655737704918,17.62295081967213,73.77049180327869,67.62295081967213,6.147540983606557
E00156596,152,43,9,34,109,99,10,28.289473684210524,5.921052631578947,22.36842105263158,71.71052631578947,65.13157894736842,6.578947368421052
E00156597,149,38,13,25,111,88,23,25.503355704697988,8.724832214765101,16.778523489932887,74.49664429530202,59.06040268456376,15.436241610738255
E00156598,160,50,15,35,110,89,21,31.25,9.375,21.875,68.75,55.625,13.125
E00156599,174,51,22,29,123,116,7,29.310344827586203,12.643678160919542,16.666666666666664,70.6896551724138,66.66666666666666,4.022988505747127
E00156600,190,45,14,31,145,126,19,23.684210526315788,7.368421052631578,16.315789473684212,76.31578947368422,66.3157894736842,10
E00156601,203,63,17,46,140,121,19,31.03448275862069,8.374384236453201,22.660098522167488,68.96551724137932,59.60591133004927,9.35960591133005
E00156602,131,31,11,20,100,82,18,23.66412213740458,8.396946564885496,15.267175572519085,76.33587786259542,62.59541984732825,13.740458015267176
E00156603,213,63,12,51,150,130,20,29.577464788732392,5.633802816901409,23.943661971830984,70.4225352112676,61.03286384976526,9.389671361502346
E00156604,157,36,15,21,121,109,12,22.929936305732486,9.554140127388536,13.375796178343949,77.07006369426752,69.42675159235668,7.643312101910828
E00156605,169,46,18,28,123,111,12,27.218934911242602,10.650887573964498,16.56804733727811,72.7810650887574,65.68047337278107,7.100591715976331
E00156606,158,26,4,22,132,112,20,16.455696202531644,2.5316455696202533,13.924050632911392,83.54430379746836,70.88607594936708,12.658227848101266
E00156607,159,48,18,30,111,99,12,30.18867924528302,11.320754716981133,18.867924528301888,69.81132075471697,62.264150943396224,7.547169811320755
E00156608,171,43,16,27,128,115,13,25.146198830409354,9.35672514619883,15.789473684210526,74.85380116959064,67.2514619883041,7.602339181286549
E00156609,182,56,21,35,126,114,12,30.76923076923077,11.538461538461538,19.230769230769234,69.23076923076923,62.637362637362635,6.593406593406594
E00156610,150,43,16,27,107,88,19,28.666666666666668,10.666666666666668,18,71.33333333333334,58.666666666666664,12.666666666666668
E00156611,184,56,16,40,128,109,19,30.434782608695656,8.695652173913043,21.73913043478261,69.56521739130434,59.2391304347826,10.326086956521738
E00156612,217,59,18,41,158,128,30,27.188940092165897,8.294930875576037,18.89400921658986,72.81105990783409,58.986175115207374,13.82488479262673
E00156613,167,39,16,23,128,106,22,23.353293413173652,9.580838323353294,13.77245508982036,76.64670658682635,63.47305389221557,13.17365269461078
E00156614,162,43,13,30,119,98,21,26.543209876543212,8.024691358024691,18.51851851851852,73.4567901234568,60.49382716049383,12.962962962962962
E00156615,167,36,9,27,131,114,17,21.55688622754491,5.389221556886228,16.16766467065868,78.44311377245509,68.26347305389223,10.179640718562874
E00156616,156,38,13,25,118,100,18,24.358974358974358,8.333333333333332,16.025641025641026,75.64102564102564,64.1025641025641,11.538461538461538
E00156617,220,57,12,45,163,138,25,25.90909090909091,5.454545454545454,20.454545454545457,74.0909090909091,62.727272727272734,11.363636363636363
E00156618,185,47,17,30,138,117,21,25.405405405405407,9.18918918918919,16.216216216216218,74.5945945945946,63.24324324324324,11.351351351351353
E00156619,205,58,19,39,147,131,16,28.292682926829265,9.268292682926829,19.024390243902438,71.70731707317073,63.90243902439025,7.804878048780488
E00156620,165,49,23,26,116,101,15,29.6969696969697,13.939393939393941,15.757575757575756,70.3030303030303,61.212121212121204,9.090909090909092
E00156621,137,34,11,23,103,83,20,24.817518248175183,8.02919708029197,16.78832116788321,75.18248175182481,60.58394160583942,14.5985401459854
E00156622,204,52,18,34,152,125,27,25.49019607843137,8.823529411764707,16.666666666666664,74.50980392156863,61.274509803921575,13.23529411764706
E00156623,185,52,16,36,133,120,13,28.10810810810811,8.64864864864865,19.45945945945946,71.89189189189189,64.86486486486487,7.027027027027027
E00156624,132,34,14,20,98,84,14,25.757575757575758,10.606060606060606,15.151515151515152,74.24242424242425,63.63636363636363,10.606060606060606
E00156625,175,34,11,23,141,123,18,19.428571428571427,6.2857142857142865,13.142857142857142,80.57142857142857,70.28571428571428,10.285714285714285
E00156626,162,45,15,30,117,101,16,27.77777777777778,9.25925925925926,18.51851851851852,72.22222222222221,62.34567901234568,9.876543209876543
E00156627,252,60,19,41,192,167,25,23.809523809523807,7.5396825396825395,16.26984126984127,76.19047619047619,66.26984126984127,9.920634920634921
E00156628,189,45,14,31,144,124,20,23.809523809523807,7.4074074074074066,16.402116402116402,76.19047619047619,65.60846560846561,10.582010582010582
E00156629,139,28,7,21,111,96,15,20.14388489208633,5.0359712230215825,15.107913669064748,79.85611510791367,69.06474820143885,10.79136690647482
E00156630,186,51,17,34,135,111,24,27.419354838709676,9.13978494623656,18.27956989247312,72.58064516129032,59.67741935483871,12.903225806451612
E00156631,172,35,13,22,137,126,11,20.348837209302324,7.55813953488372,12.790697674418606,79.65116279069767,73.25581395348837,6.395348837209303
E00156632,266,63,25,38,203,159,44,23.684210526315788,9.398496240601503,14.285714285714285,76.31578947368422,59.77443609022557,16.541353383458645
E00156633,161,32,12,20,129,110,19,19.875776397515526,7.453416149068323,12.422360248447205,80.12422360248446,68.32298136645963,11.801242236024844
E00156634,107,32,15,17,75,67,8,29.906542056074763,14.018691588785046,15.887850467289718,70.09345794392523,62.616822429906534,7.476635514018691
E00156635,73,31,11,20,42,37,5,42.465753424657535,15.068493150684931,27.397260273972602,57.534246575342465,50.68493150684932,6.8493150684931505
E00156636,155,58,18,40,97,79,18,37.41935483870968,11.612903225806452,25.806451612903224,62.58064516129033,50.967741935483865,11.612903225806452
E00156637,186,64,23,41,122,100,22,34.40860215053764,12.365591397849462,22.043010752688172,65.59139784946237,53.76344086021505,11.827956989247312
E00156638,129,46,24,22,83,63,20,35.65891472868217,18.6046511627907,17.05426356589147,64.34108527131784,48.837209302325576,15.503875968992247
E00156639,175,52,24,28,123,99,24,29.714285714285715,13.714285714285715,16,70.28571428571428,56.57142857142857,13.714285714285715
E00156640,96,26,7,19,70,57,13,27.083333333333332,7.291666666666667,19.791666666666664,72.91666666666666,59.375,13.541666666666666
E00156641,187,37,7,30,150,128,22,19.786096256684495,3.7433155080213902,16.042780748663102,80.21390374331551,68.44919786096256,11.76470588235294
E00156642,138,39,16,23,99,76,23,28.26086956521739,11.594202898550725,16.666666666666664,71.73913043478261,55.072463768115945,16.666666666666664
E00156643,175,54,21,33,121,107,14,30.857142857142854,12,18.857142857142858,69.14285714285714,61.142857142857146,8
E00156644,154,43,19,24,111,96,15,27.92207792207792,12.337662337662337,15.584415584415584,72.07792207792207,62.33766233766234,9.740259740259742
E00156645,171,42,19,23,129,104,25,24.561403508771928,11.11111111111111,13.450292397660817,75.43859649122807,60.81871345029239,14.619883040935672
E00156646,115,29,10,19,86,73,13,25.217391304347824,8.695652173913043,16.52173913043478,74.78260869565217,63.47826086956522,11.304347826086957
E00156647,192,70,24,46,122,104,18,36.45833333333333,12.5,23.958333333333336,63.541666666666664,54.166666666666664,9.375
E00156648,149,44,16,28,105,87,18,29.53020134228188,10.738255033557047,18.79194630872483,70.46979865771812,58.38926174496645,12.080536912751679
E00156649,213,49,21,28,164,139,25,23.004694835680752,9.859154929577464,13.145539906103288,76.99530516431925,65.25821596244131,11.737089201877934
E00156650,154,35,12,23,119,103,16,22.727272727272727,7.792207792207792,14.935064935064934,77.27272727272727,66.88311688311688,10.38961038961039
E00156651,148,52,17,35,96,76,20,35.13513513513514,11.486486486486488,23.64864864864865,64.86486486486487,51.35135135135135,13.513513513513514
E00156652,187,47,24,23,140,113,27,25.13368983957219,12.834224598930483,12.299465240641712,74.8663101604278,60.42780748663101,14.43850267379679
E00156653,169,60,21,39,109,86,23,35.50295857988166,12.42603550295858,23.076923076923077,64.49704142011834,50.887573964497044,13.609467455621301
E00156654,125,32,16,16,93,72,21,25.6,12.8,12.8,74.4,57.599999999999994,16.8
E00156655,146,39,20,19,107,83,24,26.71232876712329,13.698630136986301,13.013698630136986,73.28767123287672,56.849315068493155,16.43835616438356
E00156656,146,45,8,37,101,89,12,30.82191780821918,5.47945205479452,25.34246575342466,69.17808219178082,60.95890410958904,8.21917808219178
E00156657,113,29,6,23,84,74,10,25.663716814159294,5.3097345132743365,20.353982300884958,74.33628318584071,65.48672566371681,8.849557522123893
E00156658,170,47,14,33,123,102,21,27.647058823529413,8.235294117647058,19.411764705882355,72.35294117647058,60,12.352941176470589
E00156659,126,43,14,29,83,69,14,34.12698412698413,11.11111111111111,23.015873015873016,65.87301587301587,54.761904761904766,11.11111111111111
E00156660,153,45,14,31,108,86,22,29.411764705882355,9.15032679738562,20.26143790849673,70.58823529411765,56.209150326797385,14.37908496732026
E00156661,166,41,19,22,125,101,24,24.69879518072289,11.44578313253012,13.253012048192772,75.30120481927712,60.8433734939759,14.457831325301203
E00156662,141,45,12,33,96,81,15,31.914893617021278,8.51063829787234,23.404255319148938,68.08510638297872,57.446808510638306,10.638297872340425
E00156663,179,64,30,34,115,100,15,35.754189944134076,16.75977653631285,18.994413407821227,64.24581005586593,55.865921787709496,8.379888268156424
E00156664,132,40,15,25,92,73,19,30.303030303030305,11.363636363636363,18.939393939393938,69.6969696969697,55.3030303030303,14.393939393939394
E00156665,181,49,18,31,132,112,20,27.071823204419886,9.94475138121547,17.12707182320442,72.92817679558011,61.87845303867403,11.049723756906078
E00156666,156,48,15,33,108,90,18,30.76923076923077,9.615384615384617,21.153846153846153,69.23076923076923,57.692307692307686,11.538461538461538
E00156667,139,29,9,20,110,87,23,20.863309352517987,6.474820143884892,14.388489208633093,79.13669064748201,62.589928057553955,16.546762589928058
E00156668,139,40,18,22,99,71,28,28.776978417266186,12.949640287769784,15.827338129496402,71.22302158273382,51.07913669064749,20.14388489208633
E00156669,185,42,12,30,143,125,18,22.702702702702705,6.486486486486487,16.216216216216218,77.29729729729729,67.56756756756756,9.72972972972973
E00156670,200,44,17,27,156,138,18,22,8.5,13.5,78,69,9
E00156672,177,49,13,36,128,111,17,27.683615819209038,7.344632768361582,20.33898305084746,72.31638418079096,62.71186440677966,9.6045197740113
E00156673,190,46,14,32,144,122,22,24.210526315789473,7.368421052631578,16.842105263157894,75.78947368421053,64.21052631578948,11.578947368421053
E00156674,106,35,21,14,71,54,17,33.0188679245283,19.81132075471698,13.20754716981132,66.98113207547169,50.943396226415096,16.037735849056602
E00156675,135,27,10,17,108,89,19,20,7.4074074074074066,12.592592592592592,80,65.92592592592592,14.074074074074074
E00156676,225,57,24,33,168,145,23,25.333333333333336,10.666666666666668,14.666666666666666,74.66666666666667,64.44444444444444,10.222222222222223
E00156677,163,46,10,36,117,95,22,28.22085889570552,6.134969325153374,22.085889570552148,71.77914110429448,58.282208588957054,13.496932515337424
E00156678,136,45,19,26,91,70,21,33.088235294117645,13.970588235294118,19.11764705882353,66.91176470588235,51.470588235294116,15.441176470588236
E00156679,92,27,11,16,65,60,5,29.347826086956523,11.956521739130435,17.391304347826086,70.65217391304348,65.21739130434783,5.434782608695652
E00156680,172,45,17,28,127,108,19,26.16279069767442,9.883720930232558,16.27906976744186,73.83720930232558,62.7906976744186,11.046511627906977
E00156681,129,31,12,19,98,84,14,24.031007751937985,9.30232558139535,14.728682170542637,75.96899224806202,65.11627906976744,10.852713178294573
E00156682,173,45,18,27,128,110,18,26.011560693641616,10.404624277456648,15.606936416184972,73.98843930635837,63.58381502890174,10.404624277456648
E00156683,137,42,13,29,95,78,17,30.656934306569344,9.48905109489051,21.16788321167883,69.34306569343066,56.934306569343065,12.408759124087592
E00156684,129,36,11,25,93,76,17,27.906976744186046,8.527131782945736,19.379844961240313,72.09302325581395,58.91472868217055,13.178294573643413
E00156685,146,32,10,22,114,94,20,21.91780821917808,6.8493150684931505,15.068493150684931,78.08219178082192,64.38356164383562,13.698630136986301
E00156686,157,46,14,32,111,100,11,29.29936305732484,8.9171974522293,20.382165605095544,70.70063694267516,63.69426751592356,7.006369426751593
E00156687,127,33,14,19,94,80,14,25.984251968503933,11.023622047244094,14.960629921259844,74.01574803149606,62.99212598425197,11.023622047244094
E00156688,110,35,12,23,75,54,21,31.818181818181817,10.909090909090908,20.909090909090907,68.18181818181817,49.09090909090909,19.090909090909093
E00156689,142,37,17,20,105,82,23,26.056338028169012,11.971830985915492,14.084507042253522,73.94366197183099,57.74647887323944,16.19718309859155
E00156690,202,49,15,34,153,125,28,24.257425742574256,7.425742574257425,16.831683168316832,75.74257425742574,61.88118811881188,13.861386138613863
E00156691,141,33,10,23,108,95,13,23.404255319148938,7.092198581560284,16.312056737588655,76.59574468085107,67.37588652482269,9.219858156028367
E00156692,177,55,20,35,122,99,23,31.07344632768362,11.299435028248588,19.774011299435028,68.92655367231639,55.932203389830505,12.994350282485875
E00156693,154,39,7,32,115,102,13,25.324675324675322,4.545454545454546,20.77922077922078,74.67532467532467,66.23376623376623,8.441558441558442
E00156694,130,33,16,17,97,77,20,25.384615384615383,12.307692307692308,13.076923076923078,74.61538461538461,59.23076923076923,15.384615384615385
E00156695,139,37,19,18,102,86,16,26.618705035971225,13.66906474820144,12.949640287769784,73.38129496402878,61.87050359712231,11.510791366906476
E00156696,189,58,23,35,131,108,23,30.687830687830687,12.16931216931217,18.51851851851852,69.31216931216932,57.14285714285714,12.16931216931217
E00156697,181,55,17,38,126,97,29,30.386740331491712,9.392265193370166,20.994475138121548,69.61325966850829,53.591160220994475,16.022099447513813
E00156698,136,42,16,26,94,77,17,30.88235294117647,11.76470588235294,19.11764705882353,69.11764705882352,56.61764705882353,12.5
E00156699,109,27,16,11,82,76,6,24.770642201834864,14.678899082568808,10.091743119266056,75.22935779816514,69.72477064220183,5.5045871559633035
E00156700,135,31,5,26,104,84,20,22.962962962962962,3.7037037037037033,19.25925925925926,77.03703703703704,62.22222222222222,14.814814814814813
E00156701,224,53,16,37,171,150,21,23.660714285714285,7.142857142857142,16.517857142857142,76.33928571428571,66.96428571428571,9.375
E00156702,143,64,24,40,79,65,14,44.75524475524475,16.783216783216783,27.972027972027973,55.24475524475524,45.45454545454545,9.79020979020979
E00156703,171,54,19,35,117,83,34,31.57894736842105,11.11111111111111,20.46783625730994,68.42105263157895,48.53801169590643,19.883040935672515
E00156704,98,31,11,20,67,56,11,31.63265306122449,11.224489795918368,20.408163265306122,68.36734693877551,57.14285714285714,11.224489795918368
E00156705,132,35,15,20,97,87,10,26.515151515151516,11.363636363636363,15.151515151515152,73.48484848484848,65.9090909090909,7.575757575757576
E00156706,267,72,17,55,195,166,29,26.96629213483146,6.367041198501873,20.59925093632959,73.03370786516854,62.172284644194754,10.861423220973784
E00156707,182,33,14,19,149,122,27,18.13186813186813,7.6923076923076925,10.43956043956044,81.86813186813187,67.03296703296702,14.835164835164836
E00156708,79,26,12,14,53,38,15,32.91139240506329,15.18987341772152,17.72151898734177,67.08860759493672,48.10126582278481,18.9873417721519
E00156709,166,47,15,32,119,101,18,28.313253012048197,9.036144578313253,19.27710843373494,71.6867469879518,60.8433734939759,10.843373493975903
E00156710,110,40,19,21,70,55,15,36.36363636363637,17.272727272727273,19.090909090909093,63.63636363636363,50,13.636363636363635
E00156711,155,32,7,25,123,98,25,20.64516129032258,4.516129032258064,16.129032258064516,79.35483870967742,63.2258064516129,16.129032258064516
E00156712,130,32,9,23,98,84,14,24.615384615384617,6.923076923076923,17.692307692307693,75.38461538461539,64.61538461538461,10.76923076923077
E00156713,137,38,15,23,99,74,25,27.73722627737226,10.948905109489052,16.78832116788321,72.26277372262774,54.01459854014598,18.248175182481752
E00156714,194,58,28,30,136,113,23,29.896907216494846,14.432989690721648,15.463917525773196,70.10309278350515,58.24742268041238,11.855670103092782
E00156715,141,47,17,30,94,69,25,33.33333333333333,12.056737588652481,21.27659574468085,66.66666666666666,48.93617021276596,17.73049645390071
E00156716,115,37,14,23,78,59,19,32.17391304347826,12.173913043478262,20,67.82608695652173,51.30434782608696,16.52173913043478
E00156717,134,35,11,24,99,78,21,26.119402985074625,8.208955223880597,17.91044776119403,73.88059701492537,58.2089552238806,15.671641791044777
E00156718,139,36,18,18,103,82,21,25.899280575539567,12.949640287769784,12.949640287769784,74.10071942446042,58.992805755395686,15.107913669064748
E00156719,135,48,18,30,87,68,19,35.55555555555556,13.333333333333334,22.22222222222222,64.44444444444444,50.37037037037037,14.074074074074074
E00156720,121,36,13,23,85,63,22,29.75206611570248,10.743801652892563,19.00826446280992,70.24793388429752,52.066115702479344,18.181818181818183
E00156721,97,22,8,14,75,66,9,22.68041237113402,8.24742268041237,14.432989690721648,77.31958762886599,68.04123711340206,9.278350515463918
E00156722,154,45,16,29,109,93,16,29.22077922077922,10.38961038961039,18.83116883116883,70.77922077922078,60.3896103896104,10.38961038961039
E00156723,92,34,19,15,58,37,21,36.95652173913043,20.652173913043477,16.304347826086957,63.04347826086957,40.21739130434783,22.82608695652174
E00156724,156,59,25,34,97,78,19,37.82051282051282,16.025641025641026,21.794871794871796,62.17948717948718,50,12.179487179487179
E00156725,208,45,19,26,163,128,35,21.634615384615387,9.134615384615383,12.5,78.36538461538461,61.53846153846154,16.826923076923077
E00156726,164,55,24,31,109,91,18,33.53658536585366,14.634146341463413,18.902439024390244,66.46341463414635,55.487804878048784,10.975609756097562
E00156727,116,30,18,12,86,65,21,25.862068965517242,15.517241379310345,10.344827586206897,74.13793103448276,56.03448275862068,18.103448275862068
E00156728,129,36,12,24,93,84,9,27.906976744186046,9.30232558139535,18.6046511627907,72.09302325581395,65.11627906976744,6.976744186046512
E00156729,150,37,12,25,113,92,21,24.666666666666668,8,16.666666666666664,75.33333333333333,61.33333333333333,14.000000000000002
E00156730,207,45,18,27,162,133,29,21.73913043478261,8.695652173913043,13.043478260869565,78.26086956521739,64.25120772946859,14.009661835748794
E00156731,74,25,12,13,49,45,4,33.78378378378378,16.216216216216218,17.56756756756757,66.21621621621621,60.810810810810814,5.405405405405405
E00156732,153,32,21,11,121,112,9,20.915032679738562,13.725490196078432,7.18954248366013,79.08496732026144,73.20261437908496,5.88235294117647
E00156733,110,26,10,16,84,69,15,23.636363636363637,9.090909090909092,14.545454545454545,76.36363636363637,62.727272727272734,13.636363636363635
E00156734,132,29,10,19,103,89,14,21.96969696969697,7.575757575757576,14.393939393939394,78.03030303030303,67.42424242424242,10.606060606060606
E00156735,136,38,10,28,98,87,11,27.941176470588236,7.352941176470589,20.588235294117645,72.05882352941177,63.970588235294116,8.088235294117647
E00156736,131,25,8,17,106,91,15,19.083969465648856,6.106870229007633,12.977099236641221,80.91603053435115,69.46564885496184,11.450381679389313
E00156737,154,54,22,32,100,86,14,35.064935064935064,14.285714285714285,20.77922077922078,64.93506493506493,55.84415584415584,9.090909090909092
E00156740,155,39,15,24,116,89,27,25.161290322580644,9.67741935483871,15.483870967741936,74.83870967741936,57.41935483870968,17.419354838709676
E00156741,273,52,24,28,221,195,26,19.047619047619047,8.791208791208792,10.256410256410255,80.95238095238095,71.42857142857143,9.523809523809524
E00156742,253,55,22,33,198,174,24,21.73913043478261,8.695652173913043,13.043478260869565,78.26086956521739,68.77470355731225,9.486166007905137
E00156743,146,23,7,16,123,112,11,15.753424657534246,4.794520547945205,10.95890410958904,84.24657534246576,76.71232876712328,7.534246575342466
E00156744,185,37,13,24,148,129,19,20,7.027027027027027,12.972972972972974,80,69.72972972972973,10.27027027027027
E00156745,238,63,22,41,175,153,22,26.47058823529412,9.243697478991598,17.22689075630252,73.52941176470588,64.28571428571429,9.243697478991598
E00156746,102,17,10,7,85,70,15,16.666666666666664,9.803921568627452,6.862745098039216,83.33333333333334,68.62745098039215,14.705882352941178
E00156747,159,54,26,28,105,90,15,33.9622641509434,16.352201257861633,17.61006289308176,66.0377358490566,56.60377358490566,9.433962264150944
E00156748,208,38,15,23,170,144,26,18.269230769230766,7.211538461538461,11.057692307692307,81.73076923076923,69.23076923076923,12.5
E00156749,141,16,9,7,125,113,12,11.347517730496454,6.382978723404255,4.964539007092199,88.65248226950354,80.1418439716312,8.51063829787234
E00156750,146,35,15,20,111,94,17,23.972602739726025,10.273972602739725,13.698630136986301,76.02739726027397,64.38356164383562,11.643835616438356
E00156751,127,28,10,18,99,87,12,22.04724409448819,7.874015748031496,14.173228346456693,77.95275590551181,68.50393700787401,9.448818897637794
E00156752,108,23,14,9,85,74,11,21.296296296296298,12.962962962962962,8.333333333333332,78.70370370370371,68.51851851851852,10.185185185185185
E00156753,172,50,21,29,122,105,17,29.069767441860467,12.209302325581394,16.86046511627907,70.93023255813954,61.04651162790697,9.883720930232558
E00156754,111,30,9,21,81,72,9,27.027027027027028,8.108108108108109,18.91891891891892,72.97297297297297,64.86486486486487,8.108108108108109
E00156755,181,58,22,36,123,105,18,32.04419889502763,12.154696132596685,19.88950276243094,67.95580110497238,58.011049723756905,9.94475138121547
E00156756,144,36,13,23,108,89,19,25,9.027777777777777,15.972222222222221,75,61.80555555555556,13.194444444444445
E00156757,171,37,18,19,134,113,21,21.637426900584796,10.526315789473683,11.11111111111111,78.3625730994152,66.08187134502924,12.280701754385964
E00156758,116,31,13,18,85,75,10,26.72413793103448,11.206896551724139,15.517241379310345,73.27586206896551,64.65517241379311,8.620689655172415
E00156759,155,38,12,26,117,104,13,24.516129032258064,7.741935483870968,16.7741935483871,75.48387096774194,67.0967741935484,8.38709677419355
E00156760,135,32,14,18,103,91,12,23.703703703703706,10.37037037037037,13.333333333333334,76.29629629629629,67.4074074074074,8.88888888888889
E00156761,139,38,17,21,101,88,13,27.33812949640288,12.23021582733813,15.107913669064748,72.66187050359713,63.30935251798561,9.352517985611511
E00156762,164,41,18,23,123,110,13,25,10.975609756097562,14.02439024390244,75,67.07317073170732,7.926829268292683
E00156763,51,21,10,11,30,28,2,41.17647058823529,19.607843137254903,21.568627450980394,58.82352941176471,54.90196078431373,3.9215686274509802
E00156764,154,41,20,21,113,99,14,26.623376623376622,12.987012987012985,13.636363636363635,73.37662337662337,64.28571428571429,9.090909090909092
E00156765,204,53,14,39,151,133,18,25.98039215686275,6.862745098039216,19.11764705882353,74.01960784313727,65.19607843137256,8.823529411764707
E00156766,133,38,16,22,95,88,7,28.57142857142857,12.030075187969924,16.541353383458645,71.42857142857143,66.16541353383458,5.263157894736842
E00156767,185,45,20,25,140,123,17,24.324324324324326,10.81081081081081,13.513513513513514,75.67567567567568,66.48648648648648,9.18918918918919
E00156768,145,40,17,23,105,87,18,27.586206896551722,11.724137931034482,15.862068965517242,72.41379310344827,60,12.413793103448276
E00156769,172,44,19,25,128,112,16,25.581395348837212,11.046511627906977,14.534883720930234,74.4186046511628,65.11627906976744,9.30232558139535
E00156770,179,49,17,32,130,108,22,27.37430167597765,9.497206703910614,17.877094972067038,72.62569832402235,60.33519553072626,12.290502793296088
E00156771,157,40,14,26,117,98,19,25.477707006369428,8.9171974522293,16.560509554140125,74.52229299363057,62.42038216560509,12.101910828025478
E00156772,171,54,21,33,117,99,18,31.57894736842105,12.280701754385964,19.298245614035086,68.42105263157895,57.89473684210527,10.526315789473683
E00156773,149,47,18,29,102,85,17,31.543624161073826,12.080536912751679,19.463087248322147,68.45637583892618,57.04697986577181,11.409395973154362
E00156774,135,34,5,29,101,89,12,25.185185185185183,3.7037037037037033,21.48148148148148,74.81481481481481,65.92592592592592,8.88888888888889
E00156775,188,62,23,39,126,112,14,32.97872340425532,12.23404255319149,20.74468085106383,67.02127659574468,59.57446808510638,7.446808510638298
E00156776,131,36,13,23,95,73,22,27.480916030534353,9.923664122137405,17.557251908396946,72.51908396946564,55.72519083969466,16.793893129770993
E00156777,151,46,19,27,105,95,10,30.4635761589404,12.582781456953644,17.880794701986755,69.5364238410596,62.913907284768214,6.622516556291391
E00156778,155,50,14,36,105,95,10,32.25806451612903,9.032258064516128,23.225806451612904,67.74193548387096,61.29032258064516,6.451612903225806
E00156779,185,55,25,30,130,115,15,29.72972972972973,13.513513513513514,16.216216216216218,70.27027027027027,62.16216216216216,8.108108108108109
E00156780,212,67,23,44,145,119,26,31.60377358490566,10.849056603773585,20.754716981132077,68.39622641509435,56.132075471698116,12.264150943396226
E00156781,134,31,10,21,103,84,19,23.134328358208954,7.462686567164178,15.671641791044777,76.86567164179104,62.68656716417911,14.17910447761194
E00156782,196,45,23,22,151,131,20,22.95918367346939,11.73469387755102,11.224489795918368,77.04081632653062,66.83673469387756,10.204081632653061
E00156783,99,23,6,17,76,70,6,23.232323232323232,6.0606060606060606,17.17171717171717,76.76767676767676,70.70707070707071,6.0606060606060606
E00156784,66,14,5,9,52,49,3,21.21212121212121,7.575757575757576,13.636363636363635,78.78787878787878,74.24242424242425,4.545454545454546
E00156785,181,52,15,37,129,110,19,28.7292817679558,8.287292817679557,20.441988950276244,71.27071823204419,60.773480662983424,10.497237569060774
E00156786,93,23,7,16,70,53,17,24.731182795698924,7.526881720430108,17.20430107526882,75.26881720430107,56.98924731182796,18.27956989247312
E00156787,199,44,18,26,155,131,24,22.110552763819097,9.045226130653267,13.06532663316583,77.88944723618091,65.82914572864321,12.060301507537687
E00156788,217,79,29,50,138,126,12,36.405529953917046,13.36405529953917,23.04147465437788,63.594470046082954,58.06451612903226,5.529953917050691
E00156789,154,46,10,36,108,98,10,29.87012987012987,6.493506493506493,23.376623376623375,70.12987012987013,63.63636363636363,6.493506493506493
E00156790,120,29,9,20,91,83,8,24.166666666666668,7.5,16.666666666666664,75.83333333333333,69.16666666666667,6.666666666666667
E00156791,181,54,18,36,127,114,13,29.83425414364641,9.94475138121547,19.88950276243094,70.1657458563536,62.98342541436463,7.18232044198895
E00156792,165,33,9,24,132,114,18,20,5.454545454545454,14.545454545454545,80,69.0909090909091,10.909090909090908
E00156793,155,51,18,33,104,84,20,32.903225806451616,11.612903225806452,21.29032258064516,67.0967741935484,54.19354838709678,12.903225806451612
E00156794,142,34,9,25,108,96,12,23.943661971830984,6.338028169014084,17.6056338028169,76.05633802816901,67.6056338028169,8.450704225352112
E00156795,188,45,22,23,143,122,21,23.93617021276596,11.702127659574469,12.23404255319149,76.06382978723404,64.8936170212766,11.170212765957446
E00156796,200,51,13,38,149,120,29,25.5,6.5,19,74.5,60,14.499999999999998
E00156797,197,43,14,29,154,136,18,21.82741116751269,7.1065989847715745,14.720812182741117,78.1725888324873,69.03553299492386,9.137055837563452
E00156798,196,47,14,33,149,126,23,23.97959183673469,7.142857142857142,16.83673469387755,76.0204081632653,64.28571428571429,11.73469387755102
E00156799,140,44,18,26,96,78,18,31.428571428571427,12.857142857142856,18.571428571428573,68.57142857142857,55.714285714285715,12.857142857142856
E00156800,151,40,15,25,111,85,26,26.490066225165563,9.933774834437086,16.55629139072848,73.50993377483444,56.29139072847682,17.218543046357617
E00156801,169,42,15,27,127,106,21,24.85207100591716,8.875739644970414,15.976331360946746,75.14792899408283,62.721893491124256,12.42603550295858
E00156802,118,44,18,26,74,64,10,37.28813559322034,15.254237288135593,22.033898305084744,62.71186440677966,54.23728813559322,8.47457627118644
E00156803,190,51,18,33,139,121,18,26.842105263157894,9.473684210526317,17.36842105263158,73.15789473684211,63.68421052631579,9.473684210526317
E00156804,177,57,16,41,120,93,27,32.20338983050847,9.03954802259887,23.163841807909606,67.79661016949152,52.54237288135594,15.254237288135593
E00156805,224,46,15,31,178,164,14,20.535714285714285,6.696428571428571,13.839285714285715,79.46428571428571,73.21428571428571,6.25
E00156806,272,69,25,44,203,167,36,25.36764705882353,9.191176470588236,16.176470588235293,74.63235294117648,61.39705882352941,13.23529411764706
E00156807,184,59,21,38,125,113,12,32.065217391304344,11.41304347826087,20.652173913043477,67.93478260869566,61.41304347826087,6.521739130434782
E00156808,159,59,20,39,100,93,7,37.10691823899371,12.578616352201259,24.528301886792452,62.893081761006286,58.490566037735846,4.40251572327044
E00156809,89,25,8,17,64,50,14,28.08988764044944,8.98876404494382,19.101123595505616,71.91011235955057,56.17977528089888,15.730337078651685
E00156810,222,67,28,39,155,133,22,30.180180180180184,12.612612612612612,17.56756756756757,69.81981981981981,59.909909909909906,9.90990990990991
E00156811,174,47,18,29,127,101,26,27.011494252873565,10.344827586206897,16.666666666666664,72.98850574712644,58.04597701149425,14.942528735632186
E00156812,112,27,13,14,85,73,12,24.107142857142858,11.607142857142858,12.5,75.89285714285714,65.17857142857143,10.714285714285714
E00156813,134,34,15,19,100,83,17,25.37313432835821,11.194029850746269,14.17910447761194,74.6268656716418,61.940298507462686,12.686567164179104
E00156814,187,42,12,30,145,127,18,22.459893048128343,6.417112299465241,16.042780748663102,77.54010695187165,67.9144385026738,9.62566844919786
E00156815,170,45,14,31,125,114,11,26.47058823529412,8.235294117647058,18.235294117647058,73.52941176470588,67.05882352941175,6.470588235294119
E00156816,156,51,18,33,105,89,16,32.69230769230769,11.538461538461538,21.153846153846153,67.3076923076923,57.05128205128205,10.256410256410255
E00156817,153,49,23,26,104,87,17,32.02614379084967,15.032679738562091,16.99346405228758,67.97385620915033,56.86274509803921,11.11111111111111
E00156818,141,41,14,27,100,77,23,29.078014184397162,9.929078014184398,19.148936170212767,70.92198581560284,54.60992907801418,16.312056737588655
E00156819,183,43,14,29,140,117,23,23.497267759562842,7.650273224043716,15.846994535519126,76.50273224043715,63.934426229508205,12.568306010928962
E00156820,174,47,17,30,127,110,17,27.011494252873565,9.770114942528735,17.24137931034483,72.98850574712644,63.2183908045977,9.770114942528735
E00156821,138,38,14,24,100,84,16,27.536231884057973,10.144927536231885,17.391304347826086,72.46376811594203,60.86956521739131,11.594202898550725
E00156822,143,36,12,24,107,92,15,25.174825174825177,8.391608391608392,16.783216783216783,74.82517482517483,64.33566433566433,10.48951048951049
E00156823,150,36,14,22,114,104,10,24,9.333333333333334,14.666666666666666,76,69.33333333333334,6.666666666666667
E00156824,196,51,18,33,145,121,24,26.02040816326531,9.183673469387756,16.83673469387755,73.9795918367347,61.73469387755102,12.244897959183673
E00156825,161,42,16,26,119,101,18,26.08695652173913,9.937888198757763,16.149068322981368,73.91304347826086,62.732919254658384,11.180124223602485
E00156826,203,40,11,29,163,135,28,19.704433497536947,5.41871921182266,14.285714285714285,80.29556650246306,66.50246305418719,13.793103448275861
E00156827,138,49,18,31,89,71,18,35.507246376811594,13.043478260869565,22.463768115942027,64.4927536231884,51.449275362318836,13.043478260869565
E00156828,222,62,24,38,160,123,37,27.927927927927925,10.81081081081081,17.117117117117118,72.07207207207207,55.4054054054054,16.666666666666664
E00156829,311,75,24,51,236,193,43,24.115755627009648,7.717041800643088,16.39871382636656,75.88424437299035,62.057877813504824,13.826366559485532
E00156830,172,50,22,28,122,91,31,29.069767441860467,12.790697674418606,16.27906976744186,70.93023255813954,52.90697674418605,18.023255813953487
E00156831,102,34,15,19,68,47,21,33.33333333333333,14.705882352941178,18.627450980392158,66.66666666666666,46.07843137254902,20.588235294117645
E00156832,99,32,11,21,67,48,19,32.323232323232325,11.11111111111111,21.21212121212121,67.67676767676768,48.484848484848484,19.19191919191919
E00156833,140,28,5,23,112,90,22,20,3.571428571428571,16.428571428571427,80,64.28571428571429,15.714285714285714
E00156834,153,48,13,35,105,85,20,31.372549019607842,8.49673202614379,22.875816993464053,68.62745098039215,55.55555555555556,13.071895424836603
E00156835,260,69,17,52,191,160,31,26.53846153846154,6.538461538461539,20,73.46153846153847,61.53846153846154,11.923076923076923
E00156836,196,51,17,34,145,123,22,26.02040816326531,8.673469387755102,17.346938775510203,73.9795918367347,62.755102040816325,11.224489795918368
E00156837,148,54,20,34,94,82,12,36.486486486486484,13.513513513513514,22.972972972972975,63.51351351351351,55.4054054054054,8.108108108108109
E00156838,257,70,33,37,187,134,53,27.237354085603112,12.840466926070038,14.396887159533073,72.76264591439688,52.14007782101168,20.622568093385212
E00156839,286,75,26,49,211,178,33,26.223776223776223,9.090909090909092,17.132867132867133,73.77622377622379,62.23776223776224,11.538461538461538
E00156840,170,52,23,29,118,94,24,30.58823529411765,13.529411764705882,17.058823529411764,69.41176470588235,55.294117647058826,14.117647058823529
E00156841,194,49,22,27,145,115,30,25.257731958762886,11.34020618556701,13.917525773195877,74.74226804123711,59.27835051546392,15.463917525773196
E00156842,180,46,17,29,134,117,17,25.555555555555554,9.444444444444445,16.11111111111111,74.44444444444444,65,9.444444444444445
E00156843,187,53,19,34,134,110,24,28.342245989304814,10.16042780748663,18.181818181818183,71.65775401069519,58.82352941176471,12.834224598930483
E00156844,129,47,13,34,82,66,16,36.434108527131784,10.077519379844961,26.356589147286826,63.565891472868216,51.162790697674424,12.4031007751938
E00156845,158,54,22,32,104,81,23,34.177215189873415,13.924050632911392,20.253164556962027,65.82278481012658,51.26582278481012,14.556962025316455
E00156846,159,40,19,21,119,96,23,25.157232704402517,11.949685534591195,13.20754716981132,74.84276729559748,60.37735849056604,14.465408805031446
E00156847,168,57,30,27,111,94,17,33.92857142857143,17.857142857142858,16.071428571428573,66.07142857142857,55.952380952380956,10.119047619047619
E00167801,184,35,11,24,149,127,22,19.021739130434785,5.978260869565218,13.043478260869565,80.97826086956522,69.02173913043478,11.956521739130435
E00167802,284,61,18,43,223,202,21,21.47887323943662,6.338028169014084,15.140845070422534,78.52112676056338,71.12676056338029,7.394366197183098
E00167803,173,56,24,32,117,106,11,32.369942196531795,13.872832369942195,18.497109826589593,67.63005780346822,61.27167630057804,6.358381502890173
E00167804,152,36,14,22,116,97,19,23.684210526315788,9.210526315789473,14.473684210526317,76.31578947368422,63.81578947368421,12.5
E00167805,184,42,19,23,142,124,18,22.82608695652174,10.326086956521738,12.5,77.17391304347827,67.3913043478261,9.782608695652174
E00167806,122,31,10,21,91,77,14,25.40983606557377,8.19672131147541,17.21311475409836,74.59016393442623,63.114754098360656,11.475409836065573
E00180580,108,20,9,11,88,76,12,18.51851851851852,8.333333333333332,10.185185185185185,81.48148148148148,70.37037037037037,11.11111111111111
E00180601,83,6,5,1,77,62,15,7.228915662650602,6.024096385542169,1.2048192771084338,92.7710843373494,74.69879518072288,18.072289156626507
E00180602,120,15,8,7,105,86,19,12.5,6.666666666666667,5.833333333333333,87.5,71.66666666666667,15.833333333333332
E00180610,101,18,11,7,83,76,7,17.82178217821782,10.891089108910892,6.9306930693069315,82.17821782178217,75.24752475247524,6.9306930693069315
E00180612,169,31,14,17,138,119,19,18.34319526627219,8.284023668639055,10.059171597633137,81.65680473372781,70.41420118343196,11.242603550295858
E00180618,155,29,10,19,126,107,19,18.70967741935484,6.451612903225806,12.258064516129032,81.29032258064515,69.03225806451613,12.258064516129032
E00180622,209,37,16,21,172,144,28,17.703349282296653,7.655502392344498,10.047846889952153,82.29665071770334,68.89952153110048,13.397129186602871
E00180627,221,38,9,29,183,155,28,17.194570135746606,4.072398190045249,13.122171945701359,82.80542986425338,70.13574660633483,12.669683257918551
E00180646,157,35,8,27,122,104,18,22.29299363057325,5.095541401273886,17.197452229299362,77.70700636942675,66.2420382165605,11.464968152866243
