OA,ts0380001,ts0380002,ts0380003,ts0380004,ts0380005,ts0380006,ts0380007,ts0380002_PCT,ts0380003_PCT,ts0380004_PCT,ts0380005_PCT,ts0380006_PCT,ts0380007_PCT
E00132632,355,55,12,43,300,26,274,15.492957746478872,3.3802816901408446,12.112676056338028,84.50704225352112,7.323943661971831,77.1830985915493
E00132633,422,40,12,28,382,30,352,9.47867298578199,2.843601895734597,6.6350710900473935,90.52132701421802,7.109004739336493,83.41232227488152
E00132634,274,38,11,27,236,25,211,13.86861313868613,4.014598540145985,9.854014598540147,86.13138686131386,9.124087591240876,77.00729927007299
E00132636,300,46,13,33,254,17,237,15.333333333333332,4.333333333333334,11,84.66666666666667,5.666666666666666,79
E00132637,211,34,8,26,177,14,163,16.113744075829384,3.7914691943127963,12.322274881516588,83.88625592417061,6.6350710900473935,77.25118483412322
E00132638,346,107,66,41,239,21,218,30.924855491329478,19.07514450867052,11.849710982658959,69.07514450867052,6.069364161849711,63.005780346820806
E00132639,408,58,19,39,350,27,323,14.215686274509803,4.6568627450980395,9.558823529411764,85.7843137254902,6.61764705882353,79.16666666666666
E00132641,316,72,36,36,244,20,224,22.78481012658228,11.39240506329114,11.39240506329114,77.21518987341773,6.329113924050633,70.88607594936708
E00132642,318,40,10,30,278,29,249,12.578616352201259,3.1446540880503147,9.433962264150944,87.42138364779875,9.119496855345911,78.30188679245283
E00132643,412,87,25,62,325,31,294,21.11650485436893,6.067961165048544,15.048543689320388,78.88349514563106,7.524271844660194,71.35922330097088
E00132644,316,76,31,45,240,21,219,24.050632911392405,9.81012658227848,14.240506329113925,75.9493670886076,6.6455696202531636,69.30379746835443
E00132645,377,57,14,43,320,25,295,15.119363395225463,3.7135278514588856,11.405835543766578,84.88063660477454,6.631299734748011,78.24933687002653
E00132646,332,52,20,32,280,20,260,15.66265060240964,6.024096385542169,9.63855421686747,84.33734939759037,6.024096385542169,78.3132530120482
E00132647,307,72,35,37,235,25,210,23.452768729641694,11.400651465798045,12.052117263843648,76.54723127035831,8.143322475570033,68.40390879478826
E00132648,332,76,32,44,256,27,229,22.89156626506024,9.63855421686747,13.253012048192772,77.10843373493977,8.132530120481928,68.97590361445783
E00132649,341,70,26,44,271,28,243,20.527859237536656,7.624633431085044,12.903225806451612,79.47214076246334,8.211143695014663,71.26099706744868
E00132650,421,124,48,76,297,23,274,29.453681710213775,11.401425178147269,18.052256532066508,70.54631828978623,5.463182897862233,65.08313539192399
E00132651,351,72,29,43,279,17,262,20.51282051282051,8.262108262108262,12.250712250712251,79.48717948717949,4.843304843304843,74.64387464387464
E00132652,238,61,27,34,177,21,156,25.630252100840334,11.344537815126051,14.285714285714285,74.36974789915966,8.823529411764707,65.54621848739495
E00132653,292,92,56,36,200,17,183,31.506849315068493,19.17808219178082,12.32876712328767,68.4931506849315,5.821917808219178,62.671232876712324
E00132654,339,103,51,52,236,14,222,30.383480825958703,15.04424778761062,15.339233038348082,69.6165191740413,4.129793510324483,65.48672566371681
E00132655,266,71,41,30,195,20,175,26.691729323308273,15.413533834586465,11.278195488721805,73.30827067669173,7.518796992481203,65.78947368421053
E00132656,242,59,23,36,183,18,165,24.380165289256198,9.50413223140496,14.87603305785124,75.6198347107438,7.43801652892562,68.18181818181817
E00132657,465,114,48,66,351,22,329,24.516129032258064,10.32258064516129,14.193548387096774,75.48387096774194,4.731182795698925,70.75268817204301
E00132658,275,73,38,35,202,16,186,26.545454545454543,13.818181818181818,12.727272727272727,73.45454545454545,5.818181818181818,67.63636363636364
E00132660,388,132,66,66,256,19,237,34.02061855670103,17.010309278350515,17.010309278350515,65.97938144329896,4.896907216494846,61.08247422680413
E00132662,241,42,10,32,199,25,174,17.42738589211618,4.149377593360995,13.278008298755188,82.57261410788381,10.37344398340249,72.19917012448133
E00132663,337,70,24,46,267,25,242,20.77151335311573,7.121661721068249,13.649851632047477,79.22848664688428,7.418397626112759,71.81008902077151
E00132664,288,66,20,46,222,24,198,22.916666666666664,6.944444444444445,15.972222222222221,77.08333333333334,8.333333333333332,68.75
E00132665,215,53,26,27,162,17,145,24.651162790697676,12.093023255813954,12.558139534883722,75.34883720930232,7.906976744186046,67.44186046511628
E00132666,288,69,39,30,219,20,199,23.958333333333336,13.541666666666666,10.416666666666668,76.04166666666666,6.944444444444445,69.09722222222221
E00132667,388,87,33,54,301,25,276,22.422680412371136,8.505154639175258,13.917525773195877,77.57731958762886,6.443298969072164,71.1340206185567
E00132668,299,77,37,40,222,23,199,25.75250836120401,12.37458193979933,13.377926421404682,74.24749163879598,7.6923076923076925,66.5551839464883
E00132669,270,68,28,40,202,11,191,25.185185185185183,10.37037037037037,14.814814814814813,74.81481481481481,4.074074074074074,70.74074074074073
E00132670,217,73,30,43,144,15,129,33.6405529953917,13.82488479262673,19.81566820276498,66.3594470046083,6.912442396313365,59.44700460829493
E00132671,298,72,38,34,226,17,209,24.161073825503358,12.751677852348994,11.409395973154362,75.83892617449665,5.704697986577181,70.13422818791946
E00132672,306,110,39,71,196,19,177,35.947712418300654,12.745098039215685,23.202614379084967,64.05228758169935,6.209150326797386,57.84313725490197
E00132673,372,57,21,36,315,20,295,15.32258064516129,5.64516129032258,9.67741935483871,84.67741935483872,5.376344086021505,79.3010752688172
E00132674,263,33,8,25,230,23,207,12.547528517110266,3.041825095057034,9.505703422053232,87.45247148288973,8.745247148288973,78.70722433460075
E00132675,287,57,24,33,230,25,205,19.860627177700348,8.362369337979095,11.498257839721255,80.13937282229965,8.710801393728223,71.42857142857143
E00132676,245,59,26,33,186,15,171,24.081632653061224,10.612244897959183,13.46938775510204,75.91836734693878,6.122448979591836,69.79591836734694
E00132677,323,50,17,33,273,22,251,15.479876160990713,5.263157894736842,10.21671826625387,84.52012383900929,6.811145510835913,77.70897832817337
E00132678,288,55,18,37,233,26,207,19.09722222222222,6.25,12.847222222222221,80.90277777777779,9.027777777777777,71.875
E00132679,261,50,26,24,211,20,191,19.157088122605366,9.961685823754788,9.195402298850574,80.84291187739464,7.662835249042145,73.18007662835248
E00132680,290,84,36,48,206,23,183,28.965517241379313,12.413793103448276,16.551724137931036,71.03448275862068,7.931034482758621,63.10344827586207
E00132681,368,58,16,42,310,25,285,15.760869565217392,4.3478260869565215,11.41304347826087,84.23913043478261,6.7934782608695645,77.44565217391305
E00132682,189,50,23,27,139,16,123,26.455026455026452,12.16931216931217,14.285714285714285,73.54497354497354,8.465608465608465,65.07936507936508
E00132685,334,55,31,24,279,14,265,16.46706586826347,9.281437125748502,7.18562874251497,83.53293413173652,4.191616766467066,79.34131736526946
E00132686,375,65,19,46,310,19,291,17.333333333333336,5.066666666666666,12.266666666666666,82.66666666666667,5.066666666666666,77.60000000000001
E00132687,395,65,16,49,330,31,299,16.455696202531644,4.050632911392405,12.405063291139239,83.54430379746836,7.848101265822785,75.69620253164557
E00132688,297,90,41,49,207,25,182,30.303030303030305,13.804713804713806,16.4983164983165,69.6969696969697,8.417508417508419,61.27946127946128
E00132689,224,46,16,30,178,22,156,20.535714285714285,7.142857142857142,13.392857142857142,79.46428571428571,9.821428571428571,69.64285714285714
E00132690,280,49,18,31,231,23,208,17.5,6.428571428571428,11.071428571428571,82.5,8.214285714285714,74.28571428571429
E00132691,379,73,26,47,306,31,275,19.261213720316622,6.860158311345646,12.401055408970976,80.73878627968337,8.179419525065963,72.55936675461741
E00132692,253,52,20,32,201,20,181,20.55335968379447,7.905138339920949,12.648221343873518,79.44664031620553,7.905138339920949,71.54150197628458
E00132693,255,54,17,37,201,15,186,21.176470588235293,6.666666666666667,14.50980392156863,78.82352941176471,5.88235294117647,72.94117647058823
E00132694,320,54,18,36,266,26,240,16.875,5.625,11.25,83.125,8.125,75
E00132696,269,46,22,24,223,23,200,17.100371747211895,8.178438661710038,8.921933085501859,82.8996282527881,8.550185873605948,74.34944237918215
E00132697,327,77,23,54,250,31,219,23.547400611620795,7.033639143730887,16.51376146788991,76.45259938837921,9.480122324159021,66.97247706422019
E00132698,280,42,18,24,238,22,216,15,6.428571428571428,8.571428571428571,85,7.857142857142857,77.14285714285715
E00132699,392,67,22,45,325,27,298,17.091836734693878,5.612244897959184,11.479591836734695,82.90816326530613,6.887755102040815,76.0204081632653
E00132700,327,62,28,34,265,15,250,18.960244648318042,8.56269113149847,10.397553516819572,81.03975535168195,4.587155963302752,76.45259938837921
E00132701,264,79,39,40,185,16,169,29.924242424242426,14.772727272727273,15.151515151515152,70.07575757575758,6.0606060606060606,64.01515151515152
E00132702,332,73,33,40,259,25,234,21.987951807228914,9.939759036144578,12.048192771084338,78.01204819277109,7.530120481927711,70.48192771084338
E00132703,360,49,15,34,311,32,279,13.61111111111111,4.166666666666666,9.444444444444445,86.38888888888889,8.88888888888889,77.5
E00132704,358,98,42,56,260,33,227,27.37430167597765,11.731843575418994,15.64245810055866,72.62569832402235,9.217877094972067,63.40782122905028
E00132707,315,61,26,35,254,28,226,19.365079365079367,8.253968253968253,11.11111111111111,80.63492063492063,8.88888888888889,71.74603174603175
E00132708,218,68,38,30,150,14,136,31.19266055045872,17.431192660550458,13.761467889908257,68.80733944954129,6.422018348623854,62.38532110091744
E00132709,532,57,21,36,475,47,428,10.714285714285714,3.9473684210526314,6.7669172932330826,89.28571428571429,8.834586466165414,80.45112781954887
E00132710,320,57,25,32,263,30,233,17.8125,7.8125,10,82.1875,9.375,72.8125
E00132711,254,49,20,29,205,18,187,19.291338582677163,7.874015748031496,11.41732283464567,80.70866141732283,7.086614173228346,73.62204724409449
E00132712,276,49,20,29,227,25,202,17.753623188405797,7.246376811594203,10.507246376811594,82.2463768115942,9.057971014492754,73.18840579710145
E00132713,259,38,12,26,221,23,198,14.671814671814673,4.633204633204633,10.038610038610038,85.32818532818533,8.880308880308881,76.44787644787645
E00132714,485,79,34,45,406,38,368,16.288659793814432,7.010309278350515,9.278350515463918,83.71134020618557,7.835051546391752,75.87628865979381
E00132715,328,81,32,49,247,24,223,24.695121951219512,9.75609756097561,14.939024390243901,75.3048780487805,7.317073170731707,67.98780487804879
E00132716,276,27,9,18,249,17,232,9.782608695652174,3.260869565217391,6.521739130434782,90.21739130434783,6.159420289855073,84.05797101449275
E00132717,237,35,15,20,202,18,184,14.767932489451477,6.329113924050633,8.438818565400844,85.23206751054853,7.59493670886076,77.63713080168776
E00132718,480,84,26,58,396,40,356,17.5,5.416666666666667,12.083333333333334,82.5,8.333333333333332,74.16666666666667
E00132719,224,50,17,33,174,15,159,22.321428571428573,7.5892857142857135,14.732142857142858,77.67857142857143,6.696428571428571,70.98214285714286
E00132720,312,71,16,55,241,33,208,22.756410256410255,5.128205128205128,17.628205128205128,77.24358974358975,10.576923076923077,66.66666666666666
E00132721,258,62,16,46,196,22,174,24.031007751937985,6.2015503875969,17.829457364341085,75.96899224806202,8.527131782945736,67.44186046511628
E00132722,261,46,20,26,215,20,195,17.624521072796934,7.662835249042145,9.961685823754788,82.37547892720306,7.662835249042145,74.71264367816092
E00132723,238,50,23,27,188,20,168,21.008403361344538,9.663865546218489,11.344537815126051,78.99159663865547,8.403361344537815,70.58823529411765
E00132724,311,62,19,43,249,23,226,19.935691318327976,6.109324758842444,13.826366559485532,80.06430868167203,7.395498392282958,72.66881028938906
E00132725,216,71,37,34,145,13,132,32.870370370370374,17.12962962962963,15.74074074074074,67.12962962962963,6.018518518518518,61.111111111111114
E00132726,243,32,5,27,211,14,197,13.168724279835391,2.05761316872428,11.11111111111111,86.83127572016461,5.761316872427984,81.06995884773663
E00132727,332,81,41,40,251,20,231,24.397590361445783,12.349397590361445,12.048192771084338,75.6024096385542,6.024096385542169,69.57831325301204
E00132728,296,63,37,26,233,29,204,21.283783783783782,12.5,8.783783783783784,78.71621621621621,9.797297297297296,68.91891891891892
E00132729,430,60,23,37,370,34,336,13.953488372093023,5.348837209302325,8.604651162790699,86.04651162790698,7.906976744186046,78.13953488372093
E00132730,317,57,22,35,260,27,233,17.981072555205046,6.940063091482649,11.041009463722396,82.01892744479495,8.517350157728707,73.50157728706624
E00132731,288,77,45,32,211,13,198,26.73611111111111,15.625,11.11111111111111,73.26388888888889,4.513888888888888,68.75
E00132732,394,76,37,39,318,45,273,19.289340101522843,9.390862944162437,9.898477157360407,80.71065989847716,11.421319796954315,69.28934010152284
E00132733,311,44,13,31,267,27,240,14.14790996784566,4.180064308681672,9.967845659163988,85.85209003215434,8.681672025723474,77.17041800643086
E00132734,260,40,14,26,220,27,193,15.384615384615385,5.384615384615385,10,84.61538461538461,10.384615384615385,74.23076923076923
E00132735,457,83,25,58,374,37,337,18.161925601750546,5.470459518599562,12.691466083150985,81.83807439824945,8.096280087527353,73.7417943107221
E00132736,248,36,12,24,212,21,191,14.516129032258066,4.838709677419355,9.67741935483871,85.48387096774194,8.46774193548387,77.01612903225806
E00132737,273,53,14,39,220,22,198,19.413919413919416,5.128205128205128,14.285714285714285,80.58608058608058,8.058608058608058,72.52747252747253
E00132739,227,49,15,34,178,24,154,21.58590308370044,6.607929515418502,14.977973568281937,78.41409691629956,10.572687224669604,67.84140969162996
E00132740,360,50,8,42,310,39,271,13.88888888888889,2.2222222222222223,11.666666666666666,86.11111111111111,10.833333333333334,75.27777777777777
E00132741,283,41,8,33,242,24,218,14.487632508833922,2.8268551236749118,11.66077738515901,85.51236749116607,8.480565371024735,77.03180212014135
E00132742,326,49,6,43,277,39,238,15.030674846625766,1.8404907975460123,13.190184049079754,84.96932515337423,11.96319018404908,73.00613496932516
E00132743,443,91,23,68,352,34,318,20.54176072234763,5.191873589164786,15.349887133182843,79.45823927765237,7.674943566591422,71.78329571106094
E00132744,358,57,10,47,301,42,259,15.921787709497206,2.793296089385475,13.128491620111731,84.07821229050279,11.731843575418994,72.3463687150838
E00132745,305,68,25,43,237,30,207,22.295081967213115,8.19672131147541,14.098360655737704,77.70491803278688,9.836065573770492,67.8688524590164
E00132747,463,73,19,54,390,44,346,15.766738660907128,4.103671706263499,11.663066954643629,84.23326133909286,9.503239740820735,74.73002159827213
E00132748,297,57,20,37,240,28,212,19.19191919191919,6.7340067340067336,12.457912457912458,80.8080808080808,9.427609427609427,71.38047138047138
E00132749,320,77,22,55,243,28,215,24.0625,6.875000000000001,17.1875,75.9375,8.75,67.1875
E00132750,360,72,17,55,288,26,262,20,4.722222222222222,15.277777777777779,80,7.222222222222221,72.77777777777777
E00132751,463,109,29,80,354,47,307,23.542116630669547,6.263498920086392,17.278617710583152,76.45788336933045,10.151187904967603,66.30669546436285
E00132753,604,99,19,80,505,56,449,16.39072847682119,3.145695364238411,13.245033112582782,83.6092715231788,9.271523178807946,74.33774834437085
E00132754,391,113,47,66,278,30,248,28.9002557544757,12.020460358056265,16.879795396419436,71.0997442455243,7.672634271099745,63.42710997442455
E00132755,162,71,44,27,91,10,81,43.82716049382716,27.160493827160494,16.666666666666664,56.17283950617284,6.172839506172839,50
E00132756,396,99,33,66,297,31,266,25,8.333333333333332,16.666666666666664,75,7.828282828282829,67.17171717171718
E00132757,324,47,8,39,277,33,244,14.506172839506174,2.4691358024691357,12.037037037037036,85.49382716049382,10.185185185185185,75.30864197530865
E00132759,595,116,42,74,479,60,419,19.495798319327733,7.0588235294117645,12.436974789915967,80.50420168067227,10.084033613445378,70.4201680672269
E00132760,272,58,13,45,214,19,195,21.323529411764707,4.779411764705882,16.544117647058822,78.67647058823529,6.985294117647059,71.69117647058823
E00132761,582,141,70,71,441,53,388,24.22680412371134,12.027491408934708,12.199312714776632,75.77319587628865,9.106529209621993,66.66666666666666
E00132762,457,98,38,60,359,48,311,21.444201312910284,8.315098468271334,13.129102844638949,78.55579868708972,10.50328227571116,68.05251641137856
E00132763,254,59,33,26,195,19,176,23.228346456692915,12.992125984251967,10.236220472440944,76.77165354330708,7.480314960629922,69.29133858267717
E00132764,200,76,30,46,124,19,105,38,15,23,62,9.5,52.5
E00132765,242,74,35,39,168,13,155,30.57851239669421,14.46280991735537,16.115702479338843,69.42148760330579,5.371900826446281,64.0495867768595
E00132766,214,57,27,30,157,13,144,26.635514018691588,12.616822429906541,14.018691588785046,73.36448598130842,6.074766355140187,67.28971962616822
E00132767,291,65,23,42,226,14,212,22.336769759450174,7.903780068728522,14.432989690721648,77.66323024054984,4.810996563573884,72.85223367697594
E00132768,194,73,35,38,121,18,103,37.628865979381445,18.04123711340206,19.587628865979383,62.371134020618555,9.278350515463918,53.09278350515464
E00132769,289,75,31,44,214,21,193,25.951557093425603,10.726643598615917,15.22491349480969,74.0484429065744,7.26643598615917,66.78200692041523
E00132770,297,87,42,45,210,15,195,29.292929292929294,14.14141414141414,15.151515151515152,70.70707070707071,5.05050505050505,65.65656565656566
E00132771,285,53,21,32,232,16,216,18.596491228070175,7.368421052631578,11.228070175438596,81.40350877192982,5.614035087719298,75.78947368421053
E00132772,248,66,29,37,182,16,166,26.61290322580645,11.693548387096774,14.919354838709678,73.38709677419355,6.451612903225806,66.93548387096774
E00132773,368,96,49,47,272,27,245,26.08695652173913,13.31521739130435,12.771739130434783,73.91304347826086,7.336956521739131,66.57608695652173
E00132774,374,62,18,44,312,29,283,16.577540106951872,4.81283422459893,11.76470588235294,83.42245989304813,7.754010695187167,75.66844919786097
E00132775,386,99,42,57,287,37,250,25.647668393782386,10.880829015544041,14.766839378238341,74.35233160621762,9.585492227979273,64.76683937823834
E00132776,312,57,22,35,255,20,235,18.269230769230766,7.051282051282051,11.217948717948719,81.73076923076923,6.41025641025641,75.32051282051282
E00132777,288,49,26,23,239,25,214,17.01388888888889,9.027777777777777,7.986111111111111,82.98611111111111,8.680555555555555,74.30555555555556
E00132778,284,49,15,34,235,21,214,17.253521126760564,5.28169014084507,11.971830985915492,82.74647887323944,7.394366197183098,75.35211267605634
E00132779,231,43,13,30,188,17,171,18.614718614718615,5.627705627705628,12.987012987012985,81.38528138528139,7.35930735930736,74.02597402597402
E00132780,252,72,26,46,180,24,156,28.57142857142857,10.317460317460316,18.253968253968253,71.42857142857143,9.523809523809524,61.904761904761905
E00132781,227,42,17,25,185,38,147,18.502202643171806,7.488986784140969,11.013215859030836,81.4977973568282,16.740088105726873,64.75770925110133
E00132782,308,65,15,50,243,28,215,21.1038961038961,4.870129870129871,16.233766233766232,78.8961038961039,9.090909090909092,69.8051948051948
E00132783,238,69,27,42,169,20,149,28.991596638655466,11.344537815126051,17.647058823529413,71.00840336134453,8.403361344537815,62.60504201680672
E00132784,199,42,12,30,157,17,140,21.105527638190953,6.030150753768844,15.07537688442211,78.89447236180904,8.542713567839195,70.35175879396985
E00132785,224,55,16,39,169,20,149,24.553571428571427,7.142857142857142,17.410714285714285,75.44642857142857,8.928571428571429,66.51785714285714
E00132786,212,36,13,23,176,28,148,16.9811320754717,6.132075471698113,10.849056603773585,83.01886792452831,13.20754716981132,69.81132075471697
E00132787,288,41,15,26,247,25,222,14.23611111111111,5.208333333333334,9.027777777777777,85.76388888888889,8.680555555555555,77.08333333333334
E00132788,306,50,21,29,256,29,227,16.33986928104575,6.862745098039216,9.477124183006536,83.66013071895425,9.477124183006536,74.18300653594771
E00132790,412,95,55,40,317,23,294,23.058252427184467,13.349514563106796,9.70873786407767,76.94174757281553,5.582524271844661,71.35922330097088
E00132791,438,122,57,65,316,25,291,27.85388127853881,13.013698630136986,14.840182648401825,72.14611872146118,5.707762557077626,66.43835616438356
E00132793,345,87,38,49,258,29,229,25.217391304347824,11.014492753623188,14.202898550724639,74.78260869565217,8.405797101449275,66.3768115942029
E00132794,352,137,74,63,215,16,199,38.92045454545455,21.022727272727273,17.897727272727273,61.07954545454546,4.545454545454546,56.53409090909091
E00132796,331,71,26,45,260,23,237,21.45015105740181,7.854984894259818,13.595166163141995,78.54984894259819,6.948640483383686,71.6012084592145
E00132797,411,94,33,61,317,22,295,22.871046228710462,8.02919708029197,14.841849148418493,77.12895377128953,5.35279805352798,71.77615571776155
E00132798,321,58,26,32,263,24,239,18.06853582554517,8.09968847352025,9.968847352024921,81.93146417445483,7.476635514018691,74.45482866043614
E00132799,383,105,51,54,278,14,264,27.415143603133156,13.315926892950392,14.099216710182768,72.58485639686684,3.6553524804177546,68.9295039164491
E00132800,328,87,52,35,241,13,228,26.52439024390244,15.853658536585366,10.670731707317072,73.47560975609755,3.9634146341463414,69.51219512195121
E00132801,340,39,11,28,301,23,278,11.470588235294118,3.2352941176470593,8.235294117647058,88.52941176470588,6.764705882352941,81.76470588235294
E00132802,273,57,22,35,216,20,196,20.87912087912088,8.058608058608058,12.82051282051282,79.12087912087912,7.326007326007327,71.7948717948718
E00132803,194,36,19,17,158,16,142,18.556701030927837,9.793814432989691,8.762886597938143,81.44329896907216,8.24742268041237,73.19587628865979
E00132804,370,75,32,43,295,30,265,20.27027027027027,8.64864864864865,11.621621621621623,79.72972972972973,8.108108108108109,71.62162162162163
E00132805,263,69,38,31,194,21,173,26.23574144486692,14.44866920152091,11.787072243346007,73.76425855513308,7.984790874524715,65.77946768060836
E00132806,216,72,28,44,144,16,128,33.33333333333333,12.962962962962962,20.37037037037037,66.66666666666666,7.4074074074074066,59.25925925925925
E00132807,257,40,15,25,217,25,192,15.56420233463035,5.836575875486381,9.72762645914397,84.43579766536965,9.72762645914397,74.70817120622569
E00132808,369,119,66,53,250,24,226,32.24932249322493,17.88617886178862,14.363143631436316,67.75067750677508,6.504065040650407,61.24661246612466
E00132809,341,48,17,31,293,27,266,14.076246334310852,4.9853372434017595,9.090909090909092,85.92375366568915,7.9178885630498534,78.00586510263929
E00132810,350,83,39,44,267,20,247,23.714285714285715,11.142857142857142,12.571428571428573,76.28571428571429,5.714285714285714,70.57142857142857
E00132811,270,53,17,36,217,27,190,19.62962962962963,6.296296296296296,13.333333333333334,80.37037037037037,10,70.37037037037037
E00132812,298,59,25,34,239,28,211,19.798657718120804,8.389261744966444,11.409395973154362,80.20134228187919,9.395973154362416,70.80536912751678
E00132813,316,70,35,35,246,18,228,22.151898734177212,11.075949367088606,11.075949367088606,77.84810126582279,5.69620253164557,72.15189873417721
E00132814,220,42,16,26,178,19,159,19.090909090909093,7.2727272727272725,11.818181818181818,80.9090909090909,8.636363636363637,72.27272727272728
E00132815,234,51,14,37,183,19,164,21.794871794871796,5.982905982905983,15.81196581196581,78.2051282051282,8.11965811965812,70.08547008547008
E00132816,272,51,16,35,221,17,204,18.75,5.88235294117647,12.867647058823529,81.25,6.25,75
E00132817,258,50,19,31,208,24,184,19.379844961240313,7.3643410852713185,12.015503875968992,80.62015503875969,9.30232558139535,71.31782945736434
E00132818,244,42,15,27,202,24,178,17.21311475409836,6.147540983606557,11.065573770491802,82.78688524590164,9.836065573770492,72.95081967213115
E00132819,354,43,8,35,311,28,283,12.146892655367232,2.2598870056497176,9.887005649717514,87.85310734463276,7.909604519774012,79.94350282485875
E00132820,287,47,19,28,240,20,220,16.376306620209057,6.620209059233449,9.75609756097561,83.62369337979094,6.968641114982578,76.65505226480836
E00132821,230,72,27,45,158,23,135,31.30434782608696,11.73913043478261,19.565217391304348,68.69565217391305,10,58.69565217391305
E00132822,268,60,26,34,208,14,194,22.388059701492537,9.701492537313433,12.686567164179104,77.61194029850746,5.223880597014925,72.38805970149254
E00132823,274,55,18,37,219,35,184,20.072992700729927,6.569343065693431,13.503649635036496,79.92700729927007,12.773722627737227,67.15328467153284
E00132824,259,70,29,41,189,20,169,27.027027027027028,11.196911196911197,15.83011583011583,72.97297297297297,7.722007722007722,65.25096525096525
E00132825,263,44,12,32,219,22,197,16.730038022813687,4.562737642585551,12.167300380228136,83.26996197718631,8.365019011406844,74.90494296577947
E00132826,273,119,73,46,154,11,143,43.58974358974359,26.73992673992674,16.84981684981685,56.41025641025641,4.029304029304029,52.38095238095239
E00132827,300,52,22,30,248,21,227,17.333333333333336,7.333333333333333,10,82.66666666666667,7.000000000000001,75.66666666666667
E00132828,262,82,37,45,180,27,153,31.297709923664126,14.122137404580155,17.17557251908397,68.70229007633588,10.305343511450381,58.396946564885496
E00132829,339,78,44,34,261,24,237,23.008849557522122,12.979351032448378,10.029498525073747,76.99115044247787,7.079646017699115,69.91150442477876
E00132830,295,41,16,25,254,27,227,13.898305084745763,5.423728813559322,8.47457627118644,86.10169491525423,9.152542372881356,76.94915254237287
E00132831,285,63,25,38,222,28,194,22.105263157894736,8.771929824561402,13.333333333333334,77.89473684210526,9.824561403508772,68.0701754385965
E00132832,225,39,11,28,186,18,168,17.333333333333336,4.888888888888889,12.444444444444445,82.66666666666667,8,74.66666666666667
E00132833,230,48,23,25,182,23,159,20.869565217391305,10,10.869565217391305,79.13043478260869,10,69.1304347826087
E00132834,389,79,39,40,310,22,288,20.308483290488432,10.025706940874036,10.282776349614396,79.69151670951156,5.655526992287918,74.03598971722364
E00132835,265,54,24,30,211,19,192,20.37735849056604,9.056603773584905,11.320754716981133,79.62264150943396,7.169811320754717,72.45283018867924
E00132836,290,63,27,36,227,17,210,21.72413793103448,9.310344827586208,12.413793103448276,78.27586206896552,5.862068965517241,72.41379310344827
E00132837,298,54,17,37,244,31,213,18.120805369127517,5.704697986577181,12.416107382550337,81.87919463087249,10.40268456375839,71.47651006711409
E00132838,292,49,13,36,243,29,214,16.78082191780822,4.4520547945205475,12.32876712328767,83.21917808219177,9.931506849315069,73.28767123287672
E00132839,289,74,31,43,215,30,185,25.60553633217993,10.726643598615917,14.878892733564014,74.39446366782006,10.380622837370241,64.01384083044984
E00132840,329,56,22,34,273,29,244,17.02127659574468,6.68693009118541,10.33434650455927,82.97872340425532,8.814589665653495,74.16413373860182
E00132841,268,59,20,39,209,21,188,22.01492537313433,7.462686567164178,14.55223880597015,77.98507462686567,7.835820895522389,70.1492537313433
E00132842,305,50,21,29,255,27,228,16.39344262295082,6.885245901639345,9.508196721311474,83.60655737704919,8.852459016393443,74.75409836065575
E00132843,339,81,32,49,258,18,240,23.893805309734514,9.43952802359882,14.454277286135694,76.10619469026548,5.3097345132743365,70.79646017699115
E00132844,336,85,32,53,251,20,231,25.297619047619047,9.523809523809524,15.773809523809524,74.70238095238095,5.952380952380952,68.75
E00132845,289,65,24,41,224,19,205,22.491349480968857,8.304498269896193,14.186851211072666,77.50865051903114,6.5743944636678195,70.93425605536332
E00132846,283,71,22,49,212,21,191,25.08833922261484,7.773851590106007,17.314487632508836,74.91166077738515,7.420494699646643,67.49116607773851
E00132847,442,127,64,63,315,20,295,28.733031674208142,14.479638009049776,14.25339366515837,71.26696832579185,4.524886877828054,66.7420814479638
E00132848,364,66,26,40,298,29,269,18.13186813186813,7.142857142857142,10.989010989010989,81.86813186813187,7.967032967032966,73.9010989010989
E00132849,339,93,46,47,246,19,227,27.43362831858407,13.569321533923304,13.864306784660767,72.56637168141593,5.604719764011799,66.96165191740413
E00132850,228,78,35,43,150,13,137,34.21052631578947,15.350877192982457,18.859649122807017,65.78947368421053,5.701754385964912,60.08771929824561
E00132851,421,90,39,51,331,36,295,21.377672209026127,9.263657957244655,12.114014251781473,78.62232779097387,8.551068883610451,70.07125890736341
E00132852,334,84,47,37,250,15,235,25.149700598802394,14.071856287425149,11.077844311377245,74.8502994011976,4.491017964071856,70.35928143712576
E00132853,474,112,57,55,362,37,325,23.628691983122362,12.025316455696203,11.60337552742616,76.37130801687763,7.805907172995781,68.56540084388185
E00132854,374,85,42,43,289,27,262,22.727272727272727,11.229946524064172,11.497326203208557,77.27272727272727,7.219251336898395,70.05347593582889
E00132855,172,57,27,30,115,16,99,33.13953488372093,15.69767441860465,17.441860465116278,66.86046511627907,9.30232558139535,57.55813953488372
E00132856,269,85,46,39,184,21,163,31.59851301115242,17.100371747211895,14.49814126394052,68.40148698884758,7.806691449814126,60.594795539033456
E00132857,205,52,27,25,153,15,138,25.365853658536587,13.170731707317074,12.195121951219512,74.63414634146342,7.317073170731707,67.31707317073172
E00132858,301,106,60,46,195,17,178,35.21594684385382,19.93355481727575,15.282392026578073,64.78405315614619,5.647840531561462,59.136212624584715
E00132859,322,76,35,41,246,25,221,23.60248447204969,10.869565217391305,12.732919254658384,76.3975155279503,7.763975155279502,68.63354037267081
E00132861,354,72,21,51,282,38,244,20.33898305084746,5.932203389830509,14.40677966101695,79.66101694915254,10.734463276836157,68.92655367231639
E00132862,271,43,17,26,228,24,204,15.867158671586715,6.273062730627306,9.59409594095941,84.13284132841329,8.856088560885608,75.27675276752768
E00132863,301,73,38,35,228,25,203,24.25249169435216,12.624584717607974,11.627906976744185,75.74750830564784,8.305647840531561,67.44186046511628
E00132864,294,60,16,44,234,25,209,20.408163265306122,5.442176870748299,14.965986394557824,79.59183673469387,8.503401360544217,71.08843537414967
E00132865,269,50,24,26,219,26,193,18.587360594795538,8.921933085501859,9.66542750929368,81.41263940520446,9.66542750929368,71.74721189591078
E00132866,222,34,11,23,188,22,166,15.315315315315313,4.954954954954955,10.36036036036036,84.68468468468468,9.90990990990991,74.77477477477478
E00132867,331,50,16,34,281,30,251,15.105740181268882,4.833836858006042,10.27190332326284,84.89425981873111,9.06344410876133,75.83081570996978
E00132868,411,71,17,54,340,41,299,17.27493917274939,4.13625304136253,13.138686131386862,82.7250608272506,9.975669099756692,72.74939172749392
E00132869,313,66,28,38,247,22,225,21.08626198083067,8.945686900958465,12.140575079872203,78.91373801916933,7.0287539936102235,71.8849840255591
E00132870,391,71,28,43,320,25,295,18.15856777493606,7.161125319693094,10.997442455242968,81.84143222506394,6.3938618925831205,75.44757033248082
E00132871,360,57,22,35,303,29,274,15.833333333333332,6.111111111111111,9.722222222222223,84.16666666666667,8.055555555555555,76.11111111111111
E00132872,603,113,38,75,490,33,457,18.739635157545607,6.301824212271974,12.437810945273633,81.2603648424544,5.472636815920398,75.787728026534
E00132873,242,93,31,62,149,14,135,38.429752066115704,12.8099173553719,25.6198347107438,61.57024793388429,5.785123966942149,55.78512396694215
E00132874,335,92,58,34,243,13,230,27.46268656716418,17.313432835820898,10.149253731343283,72.53731343283583,3.880597014925373,68.65671641791045
E00132875,335,45,18,27,290,29,261,13.432835820895523,5.3731343283582085,8.059701492537313,86.56716417910447,8.656716417910449,77.91044776119404
E00132876,256,53,20,33,203,25,178,20.703125,7.8125,12.890625,79.296875,9.765625,69.53125
E00132877,148,52,30,22,96,4,92,35.13513513513514,20.27027027027027,14.864864864864865,64.86486486486487,2.7027027027027026,62.16216216216216
E00132878,251,51,17,34,200,29,171,20.318725099601593,6.772908366533864,13.545816733067728,79.6812749003984,11.553784860557768,68.12749003984064
E00132879,285,60,31,29,225,27,198,21.052631578947366,10.87719298245614,10.175438596491228,78.94736842105263,9.473684210526317,69.47368421052632
E00132880,234,57,21,36,177,17,160,24.358974358974358,8.974358974358974,15.384615384615385,75.64102564102564,7.264957264957266,68.37606837606837
E00132881,305,54,16,38,251,22,229,17.704918032786885,5.245901639344262,12.459016393442624,82.29508196721311,7.213114754098362,75.08196721311475
E00132882,388,67,22,45,321,31,290,17.2680412371134,5.670103092783505,11.597938144329897,82.73195876288659,7.989690721649484,74.74226804123711
E00132883,234,79,42,37,155,10,145,33.76068376068376,17.94871794871795,15.81196581196581,66.23931623931624,4.273504273504273,61.965811965811966
E00132884,266,54,19,35,212,25,187,20.30075187969925,7.142857142857142,13.157894736842104,79.69924812030075,9.398496240601503,70.30075187969925
E00132885,240,48,21,27,192,22,170,20,8.75,11.25,80,9.166666666666666,70.83333333333334
E00132886,217,77,34,43,140,12,128,35.483870967741936,15.668202764976957,19.81566820276498,64.51612903225806,5.529953917050691,58.986175115207374
E00132887,543,98,41,57,445,41,404,18.047882136279927,7.550644567219153,10.497237569060774,81.95211786372008,7.550644567219153,74.40147329650092
E00132888,356,84,37,47,272,16,256,23.595505617977526,10.393258426966293,13.202247191011235,76.40449438202246,4.49438202247191,71.91011235955057
E00132889,260,71,38,33,189,14,175,27.307692307692307,14.615384615384617,12.692307692307692,72.6923076923077,5.384615384615385,67.3076923076923
E00132890,342,71,41,30,271,17,254,20.760233918128655,11.988304093567251,8.771929824561402,79.23976608187134,4.970760233918129,74.26900584795322
E00132891,265,69,29,40,196,10,186,26.037735849056602,10.943396226415095,15.09433962264151,73.9622641509434,3.7735849056603774,70.18867924528301
E00132892,339,71,33,38,268,31,237,20.943952802359885,9.734513274336283,11.209439528023598,79.05604719764013,9.144542772861357,69.91150442477876
E00132893,299,75,45,30,224,25,199,25.08361204013378,15.050167224080269,10.033444816053512,74.91638795986621,8.361204013377927,66.5551839464883
E00132894,240,51,22,29,189,20,169,21.25,9.166666666666666,12.083333333333334,78.75,8.333333333333332,70.41666666666667
E00132895,292,45,7,38,247,24,223,15.41095890410959,2.3972602739726026,13.013698630136986,84.58904109589042,8.21917808219178,76.36986301369863
E00132896,225,76,50,26,149,14,135,33.77777777777778,22.22222222222222,11.555555555555555,66.22222222222223,6.222222222222222,60
E00132897,419,60,17,43,359,41,318,14.319809069212411,4.05727923627685,10.26252983293556,85.68019093078759,9.785202863961814,75.89498806682577
E00132898,247,48,24,24,199,17,182,19.4331983805668,9.7165991902834,9.7165991902834,80.5668016194332,6.882591093117409,73.68421052631578
E00132899,271,52,17,35,219,19,200,19.18819188191882,6.273062730627306,12.915129151291513,80.81180811808119,7.011070110701106,73.80073800738008
E00132900,267,50,23,27,217,18,199,18.726591760299627,8.614232209737828,10.112359550561797,81.27340823970037,6.741573033707865,74.53183520599251
E00132901,310,46,19,27,264,22,242,14.838709677419354,6.129032258064516,8.709677419354838,85.16129032258064,7.096774193548387,78.06451612903226
E00132902,345,81,33,48,264,31,233,23.47826086956522,9.565217391304348,13.91304347826087,76.52173913043478,8.985507246376812,67.53623188405797
E00132903,276,81,36,45,195,16,179,29.347826086956523,13.043478260869565,16.304347826086957,70.65217391304348,5.797101449275362,64.85507246376811
E00132904,315,51,19,32,264,16,248,16.19047619047619,6.031746031746032,10.158730158730158,83.80952380952381,5.079365079365079,78.73015873015873
E00132905,232,62,24,38,170,13,157,26.72413793103448,10.344827586206897,16.379310344827587,73.27586206896551,5.603448275862069,67.67241379310344
E00132906,323,47,15,32,276,22,254,14.551083591331269,4.643962848297214,9.907120743034056,85.44891640866872,6.811145510835913,78.63777089783281
E00132907,242,65,29,36,177,11,166,26.859504132231404,11.983471074380166,14.87603305785124,73.14049586776859,4.545454545454546,68.59504132231406
E00132908,456,84,35,49,372,30,342,18.421052631578945,7.675438596491229,10.74561403508772,81.57894736842105,6.578947368421052,75
E00132909,355,58,22,36,297,22,275,16.338028169014084,6.197183098591549,10.140845070422536,83.66197183098592,6.197183098591549,77.46478873239437
E00132910,410,42,17,25,368,23,345,10.24390243902439,4.146341463414634,6.097560975609756,89.75609756097562,5.609756097560976,84.14634146341463
E00132911,373,38,11,27,335,14,321,10.187667560321715,2.949061662198391,7.238605898123325,89.81233243967829,3.753351206434316,86.05898123324397
E00132912,404,64,19,45,340,41,299,15.841584158415841,4.702970297029703,11.138613861386139,84.15841584158416,10.14851485148515,74.00990099009901
E00132913,306,48,19,29,258,20,238,15.686274509803921,6.209150326797386,9.477124183006536,84.31372549019608,6.535947712418301,77.77777777777779
E00132914,314,44,12,32,270,9,261,14.012738853503185,3.821656050955414,10.191082802547772,85.98726114649682,2.8662420382165608,83.12101910828027
E00132915,411,56,25,31,355,27,328,13.62530413625304,6.082725060827251,7.542579075425791,86.37469586374696,6.569343065693431,79.80535279805353
E00132916,323,101,52,49,222,15,207,31.269349845201237,16.09907120743034,15.170278637770899,68.73065015479877,4.643962848297214,64.08668730650155
E00132917,346,61,25,36,285,13,272,17.63005780346821,7.225433526011561,10.404624277456648,82.36994219653178,3.7572254335260116,78.61271676300578
E00132918,332,36,5,31,296,16,280,10.843373493975903,1.5060240963855422,9.33734939759036,89.1566265060241,4.819277108433735,84.33734939759037
E00132919,309,48,25,23,261,22,239,15.53398058252427,8.090614886731391,7.443365695792881,84.46601941747572,7.119741100323624,77.34627831715211
E00132920,332,49,14,35,283,19,264,14.759036144578314,4.216867469879518,10.542168674698797,85.2409638554217,5.72289156626506,79.51807228915662
E00132921,258,44,18,26,214,15,199,17.05426356589147,6.976744186046512,10.077519379844961,82.94573643410853,5.813953488372093,77.13178294573643
E00132922,361,93,47,46,268,18,250,25.761772853185594,13.019390581717452,12.742382271468145,74.23822714681441,4.986149584487535,69.25207756232687
E00132923,356,82,35,47,274,24,250,23.03370786516854,9.831460674157304,13.202247191011235,76.96629213483146,6.741573033707865,70.2247191011236
E00132924,263,61,15,46,202,12,190,23.193916349809886,5.7034220532319395,17.490494296577946,76.80608365019012,4.562737642585551,72.24334600760456
E00173629,477,83,25,58,394,42,352,17.40041928721174,5.2410901467505235,12.159329140461216,82.59958071278825,8.80503144654088,73.79454926624737
E00173630,299,44,12,32,255,28,227,14.715719063545151,4.013377926421405,10.702341137123746,85.28428093645485,9.364548494983277,75.91973244147158
E00173631,332,42,16,26,290,16,274,12.650602409638553,4.819277108433735,7.83132530120482,87.34939759036145,4.819277108433735,82.53012048192771
E00173633,182,21,3,18,161,5,156,11.538461538461538,1.6483516483516485,9.89010989010989,88.46153846153845,2.7472527472527473,85.71428571428571
E00173635,468,69,23,46,399,34,365,14.743589743589745,4.914529914529915,9.82905982905983,85.25641025641025,7.264957264957266,77.99145299145299
E00173636,251,72,36,36,179,20,159,28.68525896414343,14.342629482071715,14.342629482071715,71.31474103585657,7.968127490039841,63.34661354581673
E00173637,123,29,8,21,94,8,86,23.577235772357724,6.504065040650407,17.073170731707318,76.42276422764228,6.504065040650407,69.91869918699187
E00173638,227,93,54,39,134,15,119,40.969162995594715,23.788546255506606,17.180616740088105,59.03083700440529,6.607929515418502,52.42290748898678
E00173639,472,89,36,53,383,22,361,18.85593220338983,7.627118644067797,11.228813559322035,81.14406779661016,4.661016949152542,76.48305084745762
E00173640,479,60,5,55,419,44,375,12.526096033402922,1.0438413361169103,11.482254697286013,87.47390396659708,9.18580375782881,78.28810020876827
E00173641,287,54,18,36,233,29,204,18.81533101045296,6.2717770034843205,12.543554006968641,81.18466898954703,10.104529616724738,71.0801393728223
E00173642,163,36,18,18,127,21,106,22.085889570552148,11.042944785276074,11.042944785276074,77.91411042944786,12.883435582822086,65.03067484662577
E00173643,332,38,11,27,294,24,270,11.44578313253012,3.313253012048193,8.132530120481928,88.55421686746988,7.228915662650602,81.32530120481928
E00173644,305,51,15,36,254,24,230,16.721311475409838,4.918032786885246,11.80327868852459,83.27868852459017,7.868852459016394,75.40983606557377
E00173645,333,37,15,22,296,22,274,11.11111111111111,4.504504504504505,6.606606606606606,88.88888888888889,6.606606606606606,82.28228228228228
E00173646,138,20,7,13,118,16,102,14.492753623188406,5.072463768115942,9.420289855072465,85.5072463768116,11.594202898550725,73.91304347826086
E00173648,354,67,33,34,287,33,254,18.926553672316384,9.322033898305085,9.6045197740113,81.07344632768361,9.322033898305085,71.75141242937853
E00173649,156,30,13,17,126,17,109,19.230769230769234,8.333333333333332,10.897435897435898,80.76923076923077,10.897435897435898,69.87179487179486
E00173651,393,37,11,26,356,23,333,9.414758269720101,2.7989821882951653,6.615776081424936,90.5852417302799,5.852417302798982,84.7328244274809
E00173652,134,32,10,22,102,11,91,23.88059701492537,7.462686567164178,16.417910447761194,76.11940298507463,8.208955223880597,67.91044776119402
E00173653,481,223,94,129,258,32,226,46.36174636174636,19.542619542619544,26.819126819126822,53.638253638253644,6.652806652806653,46.98544698544699
E00173654,502,53,10,43,449,44,405,10.557768924302788,1.9920318725099602,8.565737051792828,89.44223107569721,8.764940239043826,80.67729083665338
E00173655,464,96,40,56,368,36,332,20.689655172413794,8.620689655172415,12.068965517241379,79.3103448275862,7.758620689655173,71.55172413793103
E00185276,1264,247,57,190,1017,107,910,19.54113924050633,4.5094936708860756,15.031645569620252,80.45886075949366,8.4651898734177209,71.99367088607595
E00185283,411,71,19,52,340,31,309,17.27493917274939,4.622871046228711,12.652068126520682,82.7250608272506,7.542579075425791,75.18248175182481
E00185299,572,80,13,67,492,54,438,13.986013986013987,2.272727272727273,11.713286713286713,86.01398601398601,9.44055944055944,76.57342657342657
E00185314,317,64,24,40,253,29,224,20.189274447949526,7.570977917981073,12.618296529968454,79.81072555205047,9.14826498422713,70.66246056782335
E00185319,591,85,16,69,506,53,453,14.382402707275805,2.707275803722504,11.6751269035533,85.6175972927242,8.967851099830796,76.6497461928934
E00185322,427,64,22,42,363,38,325,14.988290398126464,5.152224824355972,9.836065573770492,85.01170960187353,8.899297423887589,76.11241217798595
E00185330,235,72,40,32,163,21,142,30.638297872340424,17.02127659574468,13.617021276595745,69.36170212765957,8.936170212765958,60.42553191489362
E00185331,393,64,8,56,329,37,292,16.28498727735369,2.035623409669211,14.249363867684478,83.7150127226463,9.414758269720101,74.30025445292621
E00185332,1368,230,42,188,1138,123,1015,16.812865497076025,3.070175438596491,13.742690058479532,83.18713450292398,8.991228070175438,74.19590643274854
E00185349,231,26,6,20,205,18,187,11.255411255411255,2.5974025974025974,8.658008658008658,88.74458874458875,7.792207792207792,80.95238095238095
E00185363,322,37,15,22,285,20,265,11.490683229813664,4.658385093167702,6.832298136645963,88.50931677018633,6.211180124223603,82.29813664596274
E00185371,243,44,20,24,199,21,178,18.106995884773664,8.23045267489712,9.876543209876543,81.89300411522635,8.641975308641975,73.25102880658436
E00185377,1193,188,33,155,1005,92,913,15.758591785414922,2.7661357921207044,12.992455993294216,84.24140821458508,7.711651299245599,76.52975691533948
E00185378,233,33,4,29,200,20,180,14.163090128755366,1.7167381974248928,12.446351931330472,85.83690987124464,8.583690987124463,77.25321888412017
E00185390,657,109,25,84,548,70,478,16.590563165905632,3.8051750380517504,12.785388127853881,83.40943683409436,10.6544901065449,72.75494672754947
E00185399,161,43,15,28,118,7,111,26.70807453416149,9.316770186335404,17.391304347826086,73.29192546583852,4.3478260869565215,68.94409937888199
E00185400,389,92,29,63,297,24,273,23.65038560411311,7.455012853470437,16.195372750642672,76.34961439588689,6.169665809768637,70.17994858611826
E00185420,373,49,17,32,324,19,305,13.136729222520108,4.557640750670242,8.579088471849866,86.8632707774799,5.093833780160858,81.76943699731903
E00185422,333,48,14,34,285,22,263,14.414414414414415,4.2042042042042045,10.21021021021021,85.58558558558559,6.606606606606606,78.97897897897897
E00185427,178,37,14,23,141,17,124,20.786516853932586,7.865168539325842,12.921348314606742,79.21348314606742,9.550561797752808,69.66292134831461
E00185428,314,32,9,23,282,22,260,10.191082802547772,2.8662420382165608,7.32484076433121,89.80891719745223,7.006369426751593,82.80254777070064
