OA,ts0380001,ts0380002,ts0380003,ts0380004,ts0380005,ts0380006,ts0380007,ts0380002_PCT,ts0380003_PCT,ts0380004_PCT,ts0380005_PCT,ts0380006_PCT,ts0380007_PCT
W00001832,280,52,28,24,228,19,209,18.571428571428573,10,8.571428571428571,81.42857142857143,6.785714285714286,74.64285714285714
W00001833,215,43,14,29,172,13,159,20,6.511627906976744,13.488372093023257,80,6.046511627906977,73.95348837209302
W00001834,234,65,33,32,169,8,161,27.77777777777778,14.102564102564102,13.675213675213676,72.22222222222221,3.418803418803419,68.80341880341881
W00001835,278,64,36,28,214,26,188,23.021582733812952,12.949640287769784,10.071942446043165,76.97841726618705,9.352517985611511,67.62589928057554
W00001836,325,75,27,48,250,16,234,23.076923076923077,8.307692307692308,14.76923076923077,76.92307692307693,4.923076923076923,72
W00001837,379,66,29,37,313,28,285,17.41424802110818,7.651715039577836,9.762532981530343,82.58575197889182,7.387862796833773,75.19788918205805
W00001838,240,51,26,25,189,21,168,21.25,10.833333333333334,10.416666666666668,78.75,8.75,70
W00001839,294,62,25,37,232,16,216,21.08843537414966,8.503401360544217,12.585034013605442,78.91156462585033,5.442176870748299,73.46938775510205
W00001840,321,68,31,37,253,18,235,21.18380062305296,9.657320872274143,11.526479750778815,78.81619937694704,5.607476635514018,73.20872274143302
W00001841,254,68,36,32,186,14,172,26.77165354330709,14.173228346456693,12.598425196850393,73.22834645669292,5.511811023622047,67.71653543307087
W00001842,266,61,38,23,205,16,189,22.932330827067666,14.285714285714285,8.646616541353383,77.06766917293233,6.015037593984962,71.05263157894737
W00001843,260,48,11,37,212,21,191,18.461538461538463,4.230769230769231,14.23076923076923,81.53846153846153,8.076923076923077,73.46153846153847
W00001844,262,65,23,42,197,15,182,24.80916030534351,8.778625954198473,16.030534351145036,75.19083969465649,5.7251908396946565,69.46564885496184
W00001845,219,50,19,31,169,19,150,22.831050228310502,8.67579908675799,14.15525114155251,77.1689497716895,8.67579908675799,68.4931506849315
W00001846,266,47,17,30,219,21,198,17.669172932330827,6.390977443609022,11.278195488721805,82.33082706766918,7.894736842105263,74.43609022556392
W00001847,250,45,17,28,205,18,187,18,6.800000000000001,11.200000000000001,82,7.199999999999999,74.8
W00001848,247,42,12,30,205,21,184,17.00404858299595,4.8582995951417,12.145748987854251,82.99595141700405,8.502024291497975,74.49392712550608
W00001849,252,59,28,31,193,20,173,23.41269841269841,11.11111111111111,12.3015873015873,76.5873015873016,7.936507936507936,68.65079365079364
W00001850,316,38,20,18,278,16,262,12.025316455696203,6.329113924050633,5.69620253164557,87.9746835443038,5.063291139240507,82.91139240506328
W00001851,195,58,38,20,137,6,131,29.743589743589745,19.48717948717949,10.256410256410255,70.25641025641025,3.076923076923077,67.17948717948717
W00001852,285,44,19,25,241,23,218,15.43859649122807,6.666666666666667,8.771929824561402,84.56140350877193,8.070175438596491,76.49122807017544
W00001853,319,52,23,29,267,24,243,16.30094043887147,7.210031347962382,9.090909090909092,83.69905956112854,7.523510971786834,76.17554858934169
W00001854,249,44,17,27,205,22,183,17.670682730923694,6.827309236947792,10.843373493975903,82.32931726907631,8.835341365461847,73.49397590361446
W00001855,247,63,20,43,184,29,155,25.506072874493928,8.097165991902834,17.408906882591094,74.49392712550608,11.740890688259109,62.75303643724697
W00001856,280,49,20,29,231,22,209,17.5,7.142857142857142,10.357142857142858,82.5,7.857142857142857,74.64285714285714
W00001857,290,43,14,29,247,20,227,14.827586206896552,4.827586206896552,10,85.17241379310346,6.896551724137931,78.27586206896552
W00001858,275,36,15,21,239,20,219,13.090909090909092,5.454545454545454,7.636363636363637,86.9090909090909,7.2727272727272725,79.63636363636364
W00001859,281,33,12,21,248,26,222,11.743772241992882,4.270462633451958,7.473309608540925,88.25622775800713,9.252669039145907,79.00355871886121
W00001860,348,54,22,32,294,25,269,15.517241379310345,6.321839080459771,9.195402298850574,84.48275862068965,7.183908045977011,77.29885057471265
W00001861,491,63,12,51,428,37,391,12.830957230142568,2.4439918533604885,10.386965376782078,87.16904276985743,7.535641547861507,79.63340122199592
W00001862,249,47,12,35,202,16,186,18.87550200803213,4.819277108433735,14.056224899598394,81.12449799196787,6.425702811244979,74.69879518072288
W00001863,277,62,24,38,215,16,199,22.382671480144403,8.664259927797833,13.718411552346572,77.6173285198556,5.776173285198556,71.84115523465704
W00001864,273,43,17,26,230,16,214,15.75091575091575,6.227106227106227,9.523809523809524,84.24908424908425,5.86080586080586,78.3882783882784
W00001866,424,77,34,43,347,27,320,18.160377358490564,8.018867924528301,10.141509433962264,81.83962264150944,6.367924528301887,75.47169811320755
W00001867,485,117,54,63,368,36,332,24.123711340206185,11.134020618556702,12.989690721649486,75.87628865979381,7.422680412371134,68.45360824742268
W00001868,245,55,29,26,190,17,173,22.448979591836736,11.83673469387755,10.612244897959183,77.55102040816327,6.938775510204081,70.61224489795919
W00001869,316,74,27,47,242,14,228,23.417721518987342,8.544303797468354,14.873417721518987,76.58227848101265,4.430379746835443,72.15189873417721
W00001870,349,47,19,28,302,19,283,13.46704871060172,5.444126074498568,8.022922636103152,86.53295128939828,5.444126074498568,81.08882521489971
W00001871,257,70,21,49,187,6,181,27.237354085603112,8.171206225680933,19.06614785992218,72.76264591439688,2.3346303501945527,70.42801556420234
W00001872,260,43,22,21,217,9,208,16.538461538461537,8.461538461538462,8.076923076923077,83.46153846153847,3.4615384615384617,80
W00001874,259,69,32,37,190,18,172,26.640926640926644,12.355212355212355,14.285714285714285,73.35907335907336,6.94980694980695,66.40926640926641
W00001875,321,65,37,28,256,17,239,20.24922118380062,11.526479750778815,8.722741433021806,79.75077881619937,5.29595015576324,74.45482866043614
W00001876,249,73,40,33,176,20,156,29.31726907630522,16.06425702811245,13.253012048192772,70.68273092369478,8.032128514056225,62.65060240963856
W00001881,218,30,12,18,188,12,176,13.761467889908257,5.5045871559633035,8.256880733944955,86.23853211009175,5.5045871559633035,80.73394495412845
W00001882,346,46,14,32,300,25,275,13.294797687861271,4.046242774566474,9.248554913294797,86.70520231213872,7.225433526011561,79.47976878612717
W00001883,264,55,12,43,209,16,193,20.833333333333336,4.545454545454546,16.28787878787879,79.16666666666666,6.0606060606060606,73.10606060606061
W00001884,261,38,13,25,223,9,214,14.559386973180077,4.980842911877394,9.578544061302683,85.44061302681992,3.4482758620689653,81.99233716475096
W00001885,264,44,18,26,220,15,205,16.666666666666664,6.8181818181818175,9.848484848484848,83.33333333333334,5.681818181818182,77.65151515151516
W00001886,244,66,30,36,178,13,165,27.049180327868854,12.295081967213115,14.754098360655737,72.95081967213115,5.327868852459016,67.62295081967213
W00001887,216,48,26,22,168,16,152,22.22222222222222,12.037037037037036,10.185185185185185,77.77777777777779,7.4074074074074066,70.37037037037037
W00001888,470,84,35,49,386,32,354,17.872340425531917,7.446808510638298,10.425531914893616,82.12765957446808,6.808510638297872,75.31914893617021
W00001889,271,48,22,26,223,16,207,17.712177121771216,8.118081180811808,9.59409594095941,82.28782287822878,5.904059040590406,76.38376383763837
W00001890,150,25,13,12,125,6,119,16.666666666666664,8.666666666666668,8,83.33333333333334,4,79.33333333333333
W00001891,190,45,22,23,145,9,136,23.684210526315788,11.578947368421053,12.105263157894736,76.31578947368422,4.736842105263158,71.57894736842105
W00001892,340,84,38,46,256,10,246,24.705882352941178,11.176470588235295,13.529411764705882,75.29411764705883,2.941176470588235,72.35294117647058
W00001893,365,123,82,41,242,17,225,33.6986301369863,22.465753424657535,11.232876712328768,66.3013698630137,4.657534246575342,61.64383561643836
W00001894,259,75,43,32,184,13,171,28.957528957528954,16.602316602316602,12.355212355212355,71.04247104247105,5.019305019305019,66.02316602316603
W00001895,417,99,47,52,318,26,292,23.741007194244602,11.270983213429256,12.470023980815348,76.2589928057554,6.235011990407674,70.02398081534771
W00001896,292,73,35,38,219,12,207,25,11.986301369863012,13.013698630136986,75,4.10958904109589,70.8904109589041
W00001897,277,72,46,26,205,11,194,25.992779783393498,16.60649819494585,9.386281588447654,74.0072202166065,3.9711191335740073,70.03610108303249
W00001898,313,62,35,27,251,12,239,19.808306709265175,11.182108626198083,8.626198083067091,80.19169329073482,3.8338658146964857,76.35782747603834
W00001899,235,82,45,37,153,14,139,34.8936170212766,19.148936170212767,15.74468085106383,65.1063829787234,5.957446808510639,59.148936170212764
W00001900,384,91,42,49,293,22,271,23.697916666666664,10.9375,12.760416666666666,76.30208333333334,5.729166666666666,70.57291666666666
W00001901,278,42,15,27,236,27,209,15.107913669064748,5.39568345323741,9.712230215827338,84.89208633093526,9.712230215827338,75.17985611510791
W00001902,281,60,35,25,221,24,197,21.352313167259787,12.455516014234876,8.896797153024911,78.64768683274022,8.540925266903916,70.1067615658363
W00001903,309,87,49,38,222,10,212,28.155339805825243,15.857605177993527,12.297734627831716,71.84466019417476,3.2362459546925564,68.6084142394822
W00001904,276,62,36,26,214,12,202,22.463768115942027,13.043478260869565,9.420289855072465,77.53623188405797,4.3478260869565215,73.18840579710145
W00001905,321,70,35,35,251,17,234,21.806853582554517,10.903426791277258,10.903426791277258,78.19314641744548,5.29595015576324,72.89719626168224
W00001906,334,84,34,50,250,18,232,25.149700598802394,10.179640718562874,14.97005988023952,74.8502994011976,5.389221556886228,69.46107784431138
W00001907,308,74,29,45,234,17,217,24.025974025974026,9.415584415584416,14.61038961038961,75.97402597402598,5.51948051948052,70.45454545454545
W00001908,340,84,41,43,256,9,247,24.705882352941178,12.058823529411764,12.647058823529411,75.29411764705883,2.6470588235294117,72.6470588235294
W00001909,496,86,40,46,410,34,376,17.338709677419356,8.064516129032258,9.274193548387096,82.66129032258065,6.854838709677419,75.80645161290323
W00001910,312,63,28,35,249,19,230,20.192307692307693,8.974358974358974,11.217948717948719,79.8076923076923,6.089743589743589,73.71794871794873
W00001911,280,71,24,47,209,16,193,25.357142857142854,8.571428571428571,16.785714285714285,74.64285714285714,5.714285714285714,68.92857142857143
W00001912,232,58,33,25,174,11,163,25,14.224137931034484,10.775862068965516,75,4.741379310344827,70.25862068965517
W00001913,302,71,43,28,231,12,219,23.509933774834437,14.23841059602649,9.271523178807946,76.49006622516556,3.9735099337748347,72.51655629139073
W00001914,327,61,24,37,266,21,245,18.654434250764528,7.339449541284404,11.314984709480122,81.34556574923548,6.422018348623854,74.92354740061162
W00001915,300,45,13,32,255,21,234,15,4.333333333333334,10.666666666666668,85,7.000000000000001,78
W00001916,206,35,10,25,171,15,156,16.990291262135923,4.854368932038835,12.135922330097088,83.00970873786407,7.281553398058252,75.72815533980582
W00001917,300,68,25,43,232,32,200,22.666666666666664,8.333333333333332,14.333333333333334,77.33333333333333,10.666666666666668,66.66666666666666
W00001918,301,80,40,40,221,27,194,26.578073089701,13.2890365448505,13.2890365448505,73.421926910299,8.970099667774086,64.45182724252491
W00001919,322,54,22,32,268,24,244,16.77018633540373,6.832298136645963,9.937888198757763,83.22981366459628,7.453416149068323,75.77639751552795
W00001920,217,46,22,24,171,14,157,21.19815668202765,10.138248847926267,11.059907834101383,78.80184331797236,6.451612903225806,72.35023041474655
W00001921,219,54,24,30,165,12,153,24.65753424657534,10.95890410958904,13.698630136986301,75.34246575342466,5.47945205479452,69.86301369863014
W00001922,203,39,20,19,164,21,143,19.21182266009852,9.852216748768473,9.35960591133005,80.78817733990148,10.344827586206897,70.44334975369459
W00001923,320,71,35,36,249,29,220,22.1875,10.9375,11.25,77.8125,9.0625,68.75
W00001924,291,59,27,32,232,7,225,20.274914089347078,9.278350515463918,10.996563573883162,79.72508591065292,2.405498281786942,77.31958762886599
W00001925,305,67,32,35,238,20,218,21.9672131147541,10.491803278688524,11.475409836065573,78.0327868852459,6.557377049180328,71.47540983606558
W00001926,232,53,25,28,179,18,161,22.844827586206897,10.775862068965516,12.068965517241379,77.15517241379311,7.758620689655173,69.39655172413794
W00001927,229,52,23,29,177,15,162,22.707423580786028,10.043668122270741,12.663755458515283,77.29257641921397,6.550218340611353,70.74235807860262
W00001928,310,74,32,42,236,17,219,23.870967741935484,10.32258064516129,13.548387096774196,76.12903225806451,5.483870967741936,70.64516129032258
W00001929,408,61,20,41,347,28,319,14.950980392156863,4.901960784313726,10.049019607843137,85.04901960784314,6.862745098039216,78.18627450980392
W00001930,323,45,18,27,278,30,248,13.93188854489164,5.572755417956656,8.359133126934983,86.06811145510835,9.287925696594428,76.78018575851394
W00001931,322,62,24,38,260,23,237,19.25465838509317,7.453416149068323,11.801242236024844,80.74534161490683,7.142857142857142,73.6024844720497
W00001932,344,71,32,39,273,28,245,20.63953488372093,9.30232558139535,11.337209302325581,79.36046511627907,8.13953488372093,71.22093023255815
W00001933,324,105,71,34,219,22,197,32.407407407407405,21.91358024691358,10.493827160493826,67.5925925925926,6.790123456790123,60.802469135802475
W00001934,377,74,23,51,303,17,286,19.628647214854112,6.10079575596817,13.527851458885943,80.37135278514589,4.509283819628647,75.86206896551724
W00001935,412,82,35,47,330,21,309,19.902912621359224,8.495145631067961,11.407766990291263,80.09708737864078,5.097087378640777,75
W00001936,193,74,42,32,119,14,105,38.34196891191709,21.761658031088082,16.580310880829018,61.6580310880829,7.253886010362693,54.40414507772021
W00001937,318,53,17,36,265,27,238,16.666666666666664,5.345911949685535,11.320754716981133,83.33333333333334,8.49056603773585,74.84276729559748
W00001938,326,62,29,33,264,28,236,19.018404907975462,8.895705521472392,10.122699386503067,80.98159509202453,8.588957055214724,72.39263803680981
W00001939,309,52,20,32,257,22,235,16.828478964401295,6.472491909385113,10.355987055016183,83.1715210355987,7.119741100323624,76.05177993527508
W00001940,360,53,23,30,307,25,282,14.722222222222223,6.388888888888888,8.333333333333332,85.27777777777777,6.944444444444445,78.33333333333333
W00001941,279,57,22,35,222,22,200,20.43010752688172,7.885304659498208,12.544802867383511,79.56989247311827,7.885304659498208,71.68458781362007
W00001942,326,66,27,39,260,25,235,20.245398773006134,8.282208588957054,11.96319018404908,79.75460122699386,7.668711656441718,72.08588957055214
W00001943,218,39,18,21,179,29,150,17.889908256880734,8.256880733944955,9.63302752293578,82.11009174311926,13.302752293577983,68.80733944954129
W00001944,259,55,22,33,204,20,184,21.235521235521233,8.494208494208493,12.741312741312742,78.76447876447877,7.722007722007722,71.04247104247105
W00001945,345,96,63,33,249,23,226,27.82608695652174,18.26086956521739,9.565217391304348,72.17391304347827,6.666666666666667,65.5072463768116
W00001946,247,64,26,38,183,24,159,25.910931174089068,10.526315789473683,15.384615384615385,74.08906882591093,9.7165991902834,64.37246963562752
W00001947,257,72,38,34,185,11,174,28.01556420233463,14.785992217898833,13.229571984435799,71.98443579766537,4.280155642023346,67.70428015564202
W00001948,320,63,34,29,257,19,238,19.6875,10.625,9.0625,80.3125,5.9375,74.375
W00001949,332,67,44,23,265,21,244,20.180722891566266,13.253012048192772,6.927710843373494,79.81927710843374,6.325301204819277,73.49397590361446
W00001950,324,75,28,47,249,17,232,23.14814814814815,8.641975308641975,14.506172839506174,76.85185185185185,5.246913580246913,71.60493827160494
W00001951,206,65,33,32,141,10,131,31.55339805825243,16.019417475728158,15.53398058252427,68.44660194174757,4.854368932038835,63.59223300970874
W00001952,382,59,22,37,323,23,300,15.44502617801047,5.7591623036649215,9.68586387434555,84.55497382198953,6.020942408376963,78.53403141361257
W00001953,382,47,11,36,335,29,306,12.30366492146597,2.8795811518324608,9.424083769633508,87.69633507853402,7.591623036649215,80.10471204188482
W00001954,286,86,38,48,200,17,183,30.069930069930066,13.286713286713287,16.783216783216783,69.93006993006993,5.944055944055944,63.98601398601399
W00001955,392,139,77,62,253,26,227,35.45918367346938,19.642857142857142,15.816326530612246,64.54081632653062,6.63265306122449,57.90816326530612
W00001956,284,48,18,30,236,15,221,16.901408450704224,6.338028169014084,10.56338028169014,83.09859154929578,5.28169014084507,77.8169014084507
W00001957,302,46,17,29,256,32,224,15.2317880794702,5.629139072847682,9.602649006622517,84.76821192052981,10.596026490066226,74.17218543046357
W00001958,255,53,26,27,202,20,182,20.784313725490197,10.196078431372548,10.588235294117647,79.2156862745098,7.8431372549019605,71.37254901960785
W00001959,117,21,10,11,96,8,88,17.94871794871795,8.547008547008547,9.401709401709402,82.05128205128204,6.837606837606838,75.21367521367522
W00001960,266,38,17,21,228,19,209,14.285714285714285,6.390977443609022,7.894736842105263,85.71428571428571,7.142857142857142,78.57142857142857
W00001961,225,50,25,25,175,12,163,22.22222222222222,11.11111111111111,11.11111111111111,77.77777777777779,5.333333333333334,72.44444444444444
W00001962,327,46,14,32,281,22,259,14.067278287461773,4.281345565749235,9.785932721712538,85.93272171253822,6.727828746177369,79.20489296636084
W00001963,370,68,31,37,302,24,278,18.37837837837838,8.378378378378379,10,81.62162162162161,6.486486486486487,75.13513513513513
W00001964,317,50,17,33,267,30,237,15.772870662460567,5.3627760252365935,10.410094637223976,84.22712933753942,9.46372239747634,74.76340694006309
W00001965,307,58,26,32,249,14,235,18.892508143322477,8.469055374592834,10.423452768729643,81.10749185667753,4.5602605863192185,76.54723127035831
W00001966,256,66,36,30,190,13,177,25.78125,14.0625,11.71875,74.21875,5.078125,69.140625
W00001967,318,66,36,30,252,12,240,20.754716981132077,11.320754716981133,9.433962264150944,79.24528301886792,3.7735849056603774,75.47169811320755
W00001968,285,50,21,29,235,29,206,17.543859649122805,7.368421052631578,10.175438596491228,82.45614035087719,10.175438596491228,72.28070175438597
W00001969,265,48,22,26,217,20,197,18.11320754716981,8.30188679245283,9.811320754716983,81.88679245283019,7.547169811320755,74.33962264150942
W00001970,280,56,27,29,224,30,194,20,9.642857142857144,10.357142857142858,80,10.714285714285714,69.28571428571428
W00001971,286,72,30,42,214,22,192,25.174825174825177,10.48951048951049,14.685314685314685,74.82517482517483,7.6923076923076925,67.13286713286713
W00001972,231,34,18,16,197,20,177,14.71861471861472,7.792207792207792,6.926406926406926,85.28138528138528,8.658008658008658,76.62337662337663
W00001973,300,35,11,24,265,19,246,11.666666666666666,3.6666666666666665,8,88.33333333333333,6.333333333333334,82
W00001974,333,40,14,26,293,22,271,12.012012012012011,4.2042042042042045,7.807807807807808,87.98798798798799,6.606606606606606,81.38138138138137
W00001975,262,36,11,25,226,20,206,13.740458015267176,4.198473282442748,9.541984732824428,86.25954198473282,7.633587786259542,78.62595419847328
W00001976,371,41,11,30,330,32,298,11.05121293800539,2.964959568733154,8.086253369272237,88.94878706199461,8.62533692722372,80.3234501347709
W00001977,254,63,28,35,191,13,178,24.803149606299215,11.023622047244094,13.779527559055119,75.19685039370079,5.118110236220472,70.07874015748031
W00001978,260,52,16,36,208,26,182,20,6.153846153846154,13.846153846153847,80,10,70
W00001979,250,36,17,19,214,12,202,14.399999999999999,6.800000000000001,7.6,85.6,4.8,80.80000000000001
W00001980,333,106,75,31,227,16,211,31.83183183183183,22.52252252252252,9.30930930930931,68.16816816816817,4.804804804804805,63.36336336336337
W00001981,262,50,24,26,212,15,197,19.083969465648856,9.16030534351145,9.923664122137405,80.91603053435115,5.7251908396946565,75.19083969465649
W00001982,282,36,16,20,246,20,226,12.76595744680851,5.673758865248227,7.092198581560284,87.2340425531915,7.092198581560284,80.1418439716312
W00001983,232,70,37,33,162,21,141,30.17241379310345,15.948275862068966,14.224137931034484,69.82758620689656,9.051724137931034,60.775862068965516
W00001984,286,60,31,29,226,26,200,20.97902097902098,10.839160839160838,10.13986013986014,79.02097902097903,9.090909090909092,69.93006993006993
W00001985,436,144,91,53,292,44,248,33.02752293577982,20.871559633027523,12.155963302752294,66.97247706422019,10.091743119266056,56.88073394495413
W00001986,405,113,56,57,292,29,263,27.901234567901234,13.82716049382716,14.074074074074074,72.09876543209876,7.160493827160494,64.93827160493827
W00001987,235,47,22,25,188,11,177,20,9.361702127659575,10.638297872340425,80,4.680851063829787,75.31914893617021
W00001988,259,39,13,26,220,18,202,15.057915057915059,5.019305019305019,10.038610038610038,84.94208494208493,6.94980694980695,77.99227799227799
W00001989,426,126,55,71,300,19,281,29.577464788732392,12.910798122065728,16.666666666666664,70.4225352112676,4.460093896713615,65.96244131455398
W00001990,257,48,19,29,209,16,193,18.67704280155642,7.392996108949417,11.284046692607005,81.32295719844358,6.22568093385214,75.09727626459144
W00001991,339,43,18,25,296,28,268,12.684365781710916,5.3097345132743365,7.374631268436578,87.31563421828909,8.259587020648967,79.05604719764013
W00001992,222,63,23,40,159,18,141,28.37837837837838,10.36036036036036,18.01801801801802,71.62162162162163,8.108108108108109,63.51351351351351
W00001993,291,85,50,35,206,22,184,29.20962199312715,17.18213058419244,12.027491408934708,70.79037800687286,7.560137457044673,63.230240549828174
W00001994,326,90,50,40,236,12,224,27.607361963190186,15.337423312883436,12.269938650306749,72.39263803680981,3.6809815950920246,68.71165644171779
W00001995,274,62,31,31,212,16,196,22.62773722627737,11.313868613138686,11.313868613138686,77.37226277372264,5.839416058394161,71.53284671532847
W00001996,225,63,31,32,162,16,146,28.000000000000004,13.777777777777779,14.222222222222221,72,7.111111111111111,64.88888888888889
W00001997,320,88,36,52,232,19,213,27.500000000000004,11.25,16.25,72.5,5.9375,66.5625
W00001998,311,56,24,32,255,23,232,18.006430868167204,7.717041800643088,10.289389067524116,81.9935691318328,7.395498392282958,74.59807073954984
W00001999,350,94,43,51,256,24,232,26.857142857142858,12.285714285714286,14.571428571428571,73.14285714285714,6.857142857142858,66.28571428571428
W00002000,244,81,40,41,163,15,148,33.19672131147541,16.39344262295082,16.80327868852459,66.80327868852459,6.147540983606557,60.65573770491803
W00002001,469,72,42,30,397,39,358,15.351812366737741,8.955223880597014,6.396588486140725,84.64818763326227,8.315565031982942,76.33262260127933
W00002002,236,47,19,28,189,16,173,19.915254237288135,8.050847457627118,11.864406779661017,80.08474576271186,6.779661016949152,73.30508474576271
W00002003,298,67,31,36,231,16,215,22.483221476510067,10.40268456375839,12.080536912751679,77.51677852348993,5.369127516778524,72.14765100671141
W00002004,265,52,26,26,213,17,196,19.622641509433965,9.811320754716983,9.811320754716983,80.37735849056604,6.415094339622642,73.9622641509434
W00002005,235,57,27,30,178,11,167,24.25531914893617,11.48936170212766,12.76595744680851,75.74468085106383,4.680851063829787,71.06382978723404
W00002006,289,35,8,27,254,20,234,12.110726643598616,2.768166089965398,9.342560553633218,87.88927335640139,6.920415224913495,80.96885813148789
W00002007,282,44,14,30,238,26,212,15.602836879432624,4.964539007092199,10.638297872340425,84.39716312056737,9.219858156028367,75.177304964539
W00002008,274,47,22,25,227,15,212,17.153284671532848,8.02919708029197,9.124087591240876,82.84671532846716,5.474452554744526,77.37226277372264
W00002009,238,57,28,29,181,10,171,23.949579831932773,11.76470588235294,12.184873949579831,76.05042016806722,4.201680672268908,71.84873949579831
W00002010,352,42,13,29,310,26,284,11.931818181818182,3.6931818181818183,8.238636363636363,88.06818181818183,7.386363636363637,80.68181818181817
W00002011,548,84,28,56,464,38,426,15.328467153284672,5.109489051094891,10.218978102189782,84.67153284671532,6.934306569343065,77.73722627737226
W00002014,420,84,46,38,336,23,313,20,10.952380952380953,9.047619047619047,80,5.476190476190476,74.52380952380952
W00002016,305,47,21,26,258,25,233,15.40983606557377,6.885245901639345,8.524590163934425,84.59016393442623,8.19672131147541,76.39344262295083
W00002017,225,60,30,30,165,7,158,26.666666666666668,13.333333333333334,13.333333333333334,73.33333333333333,3.111111111111111,70.22222222222221
W00002018,305,79,32,47,226,13,213,25.901639344262296,10.491803278688524,15.40983606557377,74.09836065573771,4.2622950819672125,69.83606557377048
W00002019,486,94,49,45,392,27,365,19.34156378600823,10.08230452674897,9.25925925925926,80.65843621399176,5.555555555555555,75.1028806584362
W00002020,394,55,22,33,339,28,311,13.959390862944163,5.583756345177665,8.375634517766498,86.04060913705584,7.1065989847715745,78.93401015228426
W00002021,297,73,46,27,224,12,212,24.579124579124578,15.488215488215488,9.090909090909092,75.42087542087542,4.040404040404041,71.38047138047138
W00002022,561,250,204,46,311,33,278,44.563279857397504,36.36363636363637,8.19964349376114,55.43672014260249,5.88235294117647,49.554367201426025
W00002023,302,77,46,31,225,24,201,25.496688741721858,15.2317880794702,10.264900662251655,74.50331125827815,7.9470198675496695,66.55629139072848
W00002024,286,52,29,23,234,19,215,18.181818181818183,10.13986013986014,8.041958041958042,81.81818181818183,6.643356643356643,75.17482517482517
W00002025,255,72,34,38,183,9,174,28.235294117647058,13.333333333333334,14.901960784313726,71.76470588235294,3.5294117647058822,68.23529411764706
W00002026,314,57,27,30,257,13,244,18.152866242038215,8.598726114649681,9.554140127388536,81.84713375796179,4.140127388535031,77.70700636942675
W00002027,221,72,40,32,149,21,128,32.57918552036199,18.099547511312217,14.479638009049776,67.42081447963801,9.502262443438914,57.9185520361991
W00002028,282,39,12,27,243,27,216,13.829787234042554,4.25531914893617,9.574468085106384,86.17021276595744,9.574468085106384,76.59574468085107
W00002029,281,39,13,26,242,19,223,13.87900355871886,4.6263345195729535,9.252669039145907,86.12099644128114,6.761565836298933,79.35943060498221
W00002030,346,45,22,23,301,25,276,13.005780346820808,6.358381502890173,6.6473988439306355,86.9942196531792,7.225433526011561,79.76878612716763
W00002031,250,73,42,31,177,17,160,29.2,16.8,12.4,70.8,6.800000000000001,64
W00002032,372,99,59,40,273,18,255,26.61290322580645,15.86021505376344,10.75268817204301,73.38709677419355,4.838709677419355,68.54838709677419
W00002033,233,64,37,27,169,16,153,27.467811158798284,15.879828326180256,11.587982832618025,72.53218884120172,6.866952789699571,65.66523605150213
W00002034,342,60,25,35,282,25,257,17.543859649122805,7.309941520467836,10.23391812865497,82.45614035087719,7.309941520467836,75.14619883040936
W00002035,311,77,34,43,234,14,220,24.758842443729904,10.932475884244374,13.826366559485532,75.2411575562701,4.501607717041801,70.7395498392283
W00002036,156,66,33,33,90,2,88,42.30769230769231,21.153846153846153,21.153846153846153,57.692307692307686,1.282051282051282,56.41025641025641
W00002037,207,92,43,49,115,9,106,44.44444444444444,20.77294685990338,23.67149758454106,55.55555555555556,4.3478260869565215,51.20772946859904
W00002038,198,48,22,26,150,10,140,24.242424242424242,11.11111111111111,13.131313131313133,75.75757575757575,5.05050505050505,70.70707070707071
W00002039,340,68,31,37,272,14,258,20,9.117647058823529,10.882352941176471,80,4.117647058823529,75.88235294117646
W00002040,347,80,48,32,267,27,240,23.054755043227665,13.8328530259366,9.221902017291066,76.94524495677233,7.780979827089338,69.164265129683
W00002041,362,55,25,30,307,23,284,15.193370165745856,6.906077348066299,8.287292817679557,84.80662983425414,6.353591160220995,78.45303867403315
W00002043,284,62,32,30,222,18,204,21.830985915492956,11.267605633802818,10.56338028169014,78.16901408450704,6.338028169014084,71.83098591549296
W00002044,251,46,16,30,205,23,182,18.326693227091635,6.374501992031872,11.952191235059761,81.67330677290838,9.163346613545817,72.50996015936255
W00002045,227,72,39,33,155,12,143,31.718061674008812,17.180616740088105,14.537444933920703,68.28193832599119,5.286343612334802,62.99559471365639
W00002046,321,46,13,33,275,27,248,14.330218068535824,4.049844236760125,10.2803738317757,85.66978193146417,8.411214953271028,77.25856697819314
W00002047,454,64,27,37,390,24,366,14.096916299559473,5.947136563876652,8.149779735682818,85.90308370044053,5.286343612334802,80.61674008810573
W00002049,395,55,16,39,340,18,322,13.924050632911392,4.050632911392405,9.873417721518987,86.07594936708861,4.556962025316456,81.51898734177216
W00002050,287,56,28,28,231,26,205,19.51219512195122,9.75609756097561,9.75609756097561,80.48780487804879,9.059233449477352,71.42857142857143
W00002051,293,70,34,36,223,22,201,23.890784982935152,11.604095563139932,12.286689419795222,76.10921501706484,7.508532423208192,68.60068259385666
W00002052,308,70,35,35,238,19,219,22.727272727272727,11.363636363636363,11.363636363636363,77.27272727272727,6.1688311688311686,71.1038961038961
W00002053,175,56,29,27,119,8,111,32,16.57142857142857,15.428571428571427,68,4.571428571428571,63.42857142857142
W00002054,260,34,10,24,226,21,205,13.076923076923078,3.8461538461538463,9.230769230769232,86.92307692307692,8.076923076923077,78.84615384615384
W00002055,315,52,25,27,263,16,247,16.507936507936506,7.936507936507936,8.571428571428571,83.4920634920635,5.079365079365079,78.41269841269842
W00002056,339,61,20,41,278,14,264,17.99410029498525,5.899705014749262,12.094395280235988,82.00589970501476,4.129793510324483,77.87610619469027
W00002057,312,89,44,45,223,8,215,28.525641025641026,14.102564102564102,14.423076923076922,71.47435897435898,2.564102564102564,68.91025641025641
W00002058,311,64,36,28,247,11,236,20.578778135048232,11.57556270096463,9.003215434083602,79.42122186495176,3.536977491961415,75.88424437299035
W00002059,276,49,24,25,227,24,203,17.753623188405797,8.695652173913043,9.057971014492754,82.2463768115942,8.695652173913043,73.55072463768117
W00002060,291,66,30,36,225,22,203,22.68041237113402,10.309278350515463,12.371134020618557,77.31958762886599,7.560137457044673,69.7594501718213
W00002061,293,42,16,26,251,15,236,14.334470989761092,5.460750853242321,8.873720136518772,85.6655290102389,5.1194539249146755,80.54607508532423
W00002062,276,75,45,30,201,14,187,27.173913043478258,16.304347826086957,10.869565217391305,72.82608695652173,5.072463768115942,67.7536231884058
W00002063,241,65,26,39,176,21,155,26.970954356846473,10.78838174273859,16.182572614107883,73.02904564315352,8.71369294605809,64.31535269709543
W00002064,273,42,19,23,231,17,214,15.384615384615385,6.95970695970696,8.424908424908425,84.61538461538461,6.227106227106227,78.3882783882784
W00002065,267,39,17,22,228,19,209,14.606741573033707,6.367041198501873,8.239700374531834,85.39325842696628,7.116104868913857,78.27715355805243
W00002066,318,49,21,28,269,22,247,15.40880503144654,6.60377358490566,8.80503144654088,84.59119496855347,6.918238993710692,77.67295597484278
W00002067,282,56,22,34,226,21,205,19.858156028368796,7.801418439716312,12.056737588652481,80.1418439716312,7.446808510638298,72.69503546099291
W00002068,282,58,25,33,224,21,203,20.56737588652482,8.865248226950355,11.702127659574469,79.43262411347519,7.446808510638298,71.98581560283688
W00002069,312,43,17,26,269,19,250,13.782051282051283,5.448717948717949,8.333333333333332,86.21794871794873,6.089743589743589,80.12820512820514
W00002070,313,45,18,27,268,26,242,14.376996805111823,5.7507987220447285,8.626198083067091,85.62300319488818,8.30670926517572,77.31629392971246
W00002071,214,55,31,24,159,6,153,25.70093457943925,14.485981308411214,11.214953271028037,74.29906542056075,2.803738317757009,71.49532710280374
W00002072,310,60,23,37,250,37,213,19.35483870967742,7.419354838709677,11.935483870967742,80.64516129032258,11.935483870967742,68.70967741935485
W00002073,309,55,23,32,254,18,236,17.79935275080906,7.443365695792881,10.355987055016183,82.20064724919094,5.825242718446602,76.37540453074433
W00002074,289,46,20,26,243,25,218,15.916955017301039,6.920415224913495,8.996539792387544,84.08304498269896,8.650519031141869,75.4325259515571
W00002075,247,36,14,22,211,23,188,14.5748987854251,5.668016194331984,8.906882591093117,85.4251012145749,9.31174089068826,76.11336032388664
W00002076,444,49,17,32,395,40,355,11.036036036036036,3.8288288288288284,7.207207207207207,88.96396396396396,9.00900900900901,79.95495495495496
W00002077,236,48,19,29,188,21,167,20.33898305084746,8.050847457627118,12.288135593220339,79.66101694915254,8.898305084745763,70.76271186440678
W00002078,327,72,33,39,255,24,231,22.018348623853214,10.091743119266056,11.926605504587156,77.98165137614679,7.339449541284404,70.64220183486239
W00002079,304,72,29,43,232,18,214,23.684210526315788,9.539473684210527,14.144736842105262,76.31578947368422,5.921052631578947,70.39473684210526
W00002080,270,85,41,44,185,17,168,31.48148148148148,15.185185185185185,16.296296296296298,68.51851851851852,6.296296296296296,62.22222222222222
W00002081,280,62,29,33,218,17,201,22.142857142857142,10.357142857142858,11.785714285714285,77.85714285714286,6.071428571428571,71.78571428571429
W00002082,305,65,30,35,240,17,223,21.311475409836063,9.836065573770492,11.475409836065573,78.68852459016394,5.573770491803279,73.11475409836066
W00002083,273,39,11,28,234,22,212,14.285714285714285,4.029304029304029,10.256410256410255,85.71428571428571,8.058608058608058,77.65567765567766
W00002084,309,74,35,39,235,11,224,23.948220064724918,11.326860841423949,12.62135922330097,76.05177993527508,3.559870550161812,72.49190938511327
W00002085,256,48,24,24,208,14,194,18.75,9.375,9.375,81.25,5.46875,75.78125
W00002086,123,30,12,18,93,11,82,24.390243902439025,9.75609756097561,14.634146341463413,75.60975609756098,8.94308943089431,66.66666666666666
W00002087,489,81,31,50,408,38,370,16.56441717791411,6.339468302658487,10.224948875255624,83.43558282208589,7.770961145194274,75.66462167689161
W00002088,154,46,18,28,108,12,96,29.87012987012987,11.688311688311687,18.181818181818183,70.12987012987013,7.792207792207792,62.33766233766234
W00002089,272,56,29,27,216,15,201,20.588235294117645,10.661764705882353,9.926470588235293,79.41176470588235,5.514705882352941,73.89705882352942
W00002090,256,45,15,30,211,14,197,17.578125,5.859375,11.71875,82.421875,5.46875,76.953125
W00002091,287,58,30,28,229,18,211,20.209059233449477,10.452961672473867,9.75609756097561,79.79094076655052,6.2717770034843205,73.5191637630662
W00002092,208,49,28,21,159,18,141,23.557692307692307,13.461538461538462,10.096153846153847,76.4423076923077,8.653846153846153,67.78846153846155
W00002093,256,60,30,30,196,13,183,23.4375,11.71875,11.71875,76.5625,5.078125,71.484375
W00002094,260,56,26,30,204,13,191,21.53846153846154,10,11.538461538461538,78.46153846153847,5,73.46153846153847
W00002095,317,62,28,34,255,19,236,19.558359621451103,8.832807570977918,10.725552050473187,80.4416403785489,5.993690851735016,74.44794952681389
W00002096,261,50,18,32,211,21,190,19.157088122605366,6.896551724137931,12.260536398467432,80.84291187739464,8.045977011494253,72.79693486590038
W00002097,244,64,27,37,180,10,170,26.229508196721312,11.065573770491802,15.163934426229508,73.77049180327869,4.098360655737705,69.67213114754098
W00002098,318,52,16,36,266,23,243,16.352201257861633,5.031446540880504,11.320754716981133,83.64779874213836,7.232704402515723,76.41509433962264
W00002099,279,54,25,29,225,22,203,19.35483870967742,8.960573476702509,10.39426523297491,80.64516129032258,7.885304659498208,72.75985663082437
W00002100,363,56,28,28,307,27,280,15.426997245179063,7.7134986225895315,7.7134986225895315,84.57300275482093,7.43801652892562,77.13498622589532
W00002101,253,47,17,30,206,19,187,18.57707509881423,6.719367588932807,11.857707509881422,81.42292490118577,7.5098814229249005,73.91304347826086
W00002102,269,51,21,30,218,26,192,18.95910780669145,7.806691449814126,11.152416356877323,81.04089219330855,9.66542750929368,71.37546468401487
W00002103,246,42,18,24,204,18,186,17.073170731707318,7.317073170731707,9.75609756097561,82.92682926829268,7.317073170731707,75.60975609756098
W00002104,241,65,36,29,176,12,164,26.970954356846473,14.937759336099585,12.033195020746888,73.02904564315352,4.979253112033195,68.04979253112033
W00002105,274,59,18,41,215,20,195,21.532846715328464,6.569343065693431,14.963503649635038,78.46715328467153,7.2992700729927,71.16788321167883
W00002106,298,37,11,26,261,27,234,12.416107382550337,3.691275167785235,8.724832214765101,87.58389261744966,9.060402684563758,78.52348993288591
W00002107,258,40,17,23,218,20,198,15.503875968992247,6.5891472868217065,8.914728682170542,84.49612403100775,7.751937984496124,76.74418604651163
W00002108,354,43,12,31,311,27,284,12.146892655367232,3.389830508474576,8.757062146892656,87.85310734463276,7.627118644067797,80.22598870056498
W00002109,322,46,21,25,276,33,243,14.285714285714285,6.521739130434782,7.763975155279502,85.71428571428571,10.248447204968944,75.46583850931677
W00002110,285,23,7,16,262,22,240,8.070175438596491,2.456140350877193,5.614035087719298,91.9298245614035,7.719298245614035,84.21052631578947
W00002111,340,37,13,24,303,21,282,10.882352941176471,3.823529411764706,7.0588235294117645,89.11764705882354,6.176470588235294,82.94117647058825
W00002112,271,49,15,34,222,24,198,18.081180811808117,5.535055350553505,12.546125461254611,81.91881918819189,8.856088560885608,73.06273062730627
W00002113,275,40,14,26,235,26,209,14.545454545454545,5.090909090909091,9.454545454545455,85.45454545454545,9.454545454545455,76
W00002114,304,40,17,23,264,20,244,13.157894736842104,5.592105263157895,7.565789473684211,86.8421052631579,6.578947368421052,80.26315789473685
W00002115,552,95,28,67,457,50,407,17.21014492753623,5.072463768115942,12.13768115942029,82.78985507246377,9.057971014492754,73.73188405797102
W00002116,138,17,5,12,121,19,102,12.318840579710146,3.6231884057971016,8.695652173913043,87.68115942028986,13.768115942028986,73.91304347826086
W00002117,106,16,5,11,90,11,79,15.09433962264151,4.716981132075472,10.377358490566039,84.90566037735849,10.377358490566039,74.52830188679245
W00002118,288,54,17,37,234,16,218,18.75,5.902777777777778,12.847222222222221,81.25,5.555555555555555,75.69444444444444
W00002119,296,54,19,35,242,26,216,18.243243243243242,6.418918918918918,11.824324324324325,81.75675675675676,8.783783783783784,72.97297297297297
W00002120,365,103,52,51,262,31,231,28.21917808219178,14.246575342465754,13.972602739726028,71.78082191780823,8.493150684931507,63.287671232876704
W00002121,310,55,27,28,255,16,239,17.741935483870968,8.709677419354838,9.032258064516128,82.25806451612904,5.161290322580645,77.09677419354838
W00002122,235,43,24,19,192,23,169,18.29787234042553,10.212765957446807,8.085106382978724,81.70212765957446,9.787234042553191,71.91489361702128
W00002123,610,87,44,43,523,30,493,14.262295081967213,7.213114754098362,7.049180327868852,85.73770491803279,4.918032786885246,80.81967213114754
W00002124,228,65,35,30,163,16,147,28.50877192982456,15.350877192982457,13.157894736842104,71.49122807017544,7.017543859649122,64.47368421052632
W00002125,323,68,35,33,255,22,233,21.052631578947366,10.8359133126935,10.21671826625387,78.94736842105263,6.811145510835913,72.13622291021672
W00002126,324,68,29,39,256,19,237,20.98765432098765,8.950617283950617,12.037037037037036,79.01234567901234,5.864197530864197,73.14814814814815
W00002127,330,57,33,24,273,15,258,17.272727272727273,10,7.2727272727272725,82.72727272727273,4.545454545454546,78.18181818181819
W00002128,204,60,26,34,144,20,124,29.411764705882355,12.745098039215685,16.666666666666664,70.58823529411765,9.803921568627452,60.78431372549019
W00002129,621,67,18,49,554,41,513,10.789049919484702,2.898550724637681,7.890499194847021,89.21095008051529,6.602254428341385,82.6086956521739
W00002130,484,64,23,41,420,25,395,13.223140495867769,4.75206611570248,8.47107438016529,86.77685950413223,5.1652892561983474,81.61157024793388
W00002131,265,51,13,38,214,16,198,19.245283018867926,4.905660377358491,14.339622641509434,80.75471698113208,6.037735849056604,74.71698113207546
W00002132,286,47,20,27,239,19,220,16.433566433566433,6.993006993006993,9.44055944055944,83.56643356643356,6.643356643356643,76.92307692307693
W00002133,185,60,33,27,125,12,113,32.432432432432435,17.83783783783784,14.594594594594595,67.56756756756756,6.486486486486487,61.08108108108108
W00002134,241,69,26,43,172,13,159,28.63070539419087,10.78838174273859,17.842323651452283,71.36929460580913,5.394190871369295,65.97510373443983
W00002135,291,55,22,33,236,23,213,18.900343642611684,7.560137457044673,11.34020618556701,81.09965635738831,7.903780068728522,73.19587628865979
W00002136,343,49,26,23,294,23,271,14.285714285714285,7.580174927113703,6.705539358600583,85.71428571428571,6.705539358600583,79.00874635568513
W00002137,239,37,13,24,202,25,177,15.481171548117153,5.439330543933055,10.0418410041841,84.51882845188284,10.460251046025103,74.05857740585773
W00002138,367,90,57,33,277,42,235,24.52316076294278,15.531335149863759,8.991825613079019,75.47683923705722,11.444141689373296,64.03269754768392
W00002139,426,53,16,37,373,21,352,12.44131455399061,3.755868544600939,8.685446009389672,87.55868544600939,4.929577464788732,82.62910798122066
W00002140,298,37,13,24,261,17,244,12.416107382550337,4.3624161073825505,8.053691275167784,87.58389261744966,5.704697986577181,81.87919463087249
W00002141,325,76,32,44,249,15,234,23.384615384615383,9.846153846153847,13.538461538461538,76.61538461538461,4.615384615384616,72
W00002142,336,51,17,34,285,23,262,15.178571428571427,5.059523809523809,10.119047619047619,84.82142857142857,6.845238095238096,77.97619047619048
W00002143,257,54,25,29,203,17,186,21.011673151750973,9.72762645914397,11.284046692607005,78.98832684824903,6.614785992217899,72.37354085603113
W00002144,335,53,23,30,282,21,261,15.82089552238806,6.865671641791045,8.955223880597014,84.17910447761194,6.26865671641791,77.91044776119404
W00002145,384,56,22,34,328,29,299,14.583333333333334,5.729166666666666,8.854166666666668,85.41666666666666,7.552083333333333,77.86458333333334
W00002146,158,44,17,27,114,7,107,27.848101265822784,10.759493670886076,17.088607594936708,72.15189873417721,4.430379746835443,67.72151898734177
W00002147,575,69,27,42,506,36,470,12,4.695652173913043,7.304347826086957,88,6.260869565217392,81.73913043478261
W00002148,220,41,21,20,179,17,162,18.636363636363637,9.545454545454547,9.090909090909092,81.36363636363636,7.727272727272727,73.63636363636363
W00002149,230,42,14,28,188,26,162,18.26086956521739,6.086956521739131,12.173913043478262,81.73913043478261,11.304347826086957,70.43478260869566
W00002150,277,43,18,25,234,17,217,15.523465703971121,6.4981949458483745,9.025270758122744,84.47653429602889,6.137184115523466,78.33935018050542
W00002151,361,42,15,27,319,29,290,11.634349030470915,4.1551246537396125,7.479224376731302,88.36565096952909,8.033240997229916,80.33240997229917
W00002152,179,52,31,21,127,13,114,29.05027932960894,17.318435754189945,11.731843575418994,70.94972067039106,7.262569832402235,63.687150837988824
W00002153,294,95,48,47,199,15,184,32.31292517006803,16.3265306122449,15.98639455782313,67.68707482993197,5.1020408163265305,62.585034013605444
W00002154,332,83,34,49,249,20,229,25,10.240963855421686,14.759036144578314,75,6.024096385542169,68.97590361445783
W00002155,375,107,74,33,268,29,239,28.53333333333333,19.733333333333334,8.799999999999999,71.46666666666667,7.733333333333333,63.733333333333334
W00002156,372,80,40,40,292,19,273,21.50537634408602,10.75268817204301,10.75268817204301,78.49462365591397,5.10752688172043,73.38709677419355
W00002157,354,71,29,42,283,19,264,20.056497175141246,8.192090395480225,11.864406779661017,79.94350282485875,5.367231638418079,74.57627118644068
W00002158,283,82,47,35,201,17,184,28.975265017667844,16.607773851590103,12.36749116607774,71.02473498233216,6.007067137809187,65.01766784452296
W00002159,281,64,23,41,217,16,201,22.77580071174377,8.185053380782918,14.590747330960854,77.22419928825623,5.6939501779359425,71.53024911032028
W00002160,299,80,38,42,219,19,200,26.755852842809364,12.709030100334449,14.046822742474916,73.24414715719062,6.354515050167224,66.88963210702342
W00002161,307,63,36,27,244,20,224,20.521172638436482,11.726384364820847,8.794788273615636,79.47882736156352,6.514657980456026,72.9641693811075
W00002162,321,93,57,36,228,22,206,28.971962616822427,17.75700934579439,11.214953271028037,71.02803738317756,6.853582554517133,64.17445482866043
W00002163,296,57,27,30,239,14,225,19.256756756756758,9.121621621621621,10.135135135135135,80.74324324324324,4.72972972972973,76.01351351351352
W00002164,285,72,34,38,213,20,193,25.263157894736842,11.929824561403509,13.333333333333334,74.73684210526315,7.017543859649122,67.71929824561404
W00002165,380,101,57,44,279,19,260,26.57894736842105,15,11.578947368421053,73.42105263157895,5,68.42105263157895
W00002166,298,71,35,36,227,17,210,23.825503355704697,11.74496644295302,12.080536912751679,76.1744966442953,5.704697986577181,70.46979865771812
W00002167,284,39,18,21,245,16,229,13.732394366197184,6.338028169014084,7.394366197183098,86.26760563380282,5.633802816901409,80.63380281690141
W00002168,357,87,42,45,270,9,261,24.369747899159663,11.76470588235294,12.605042016806722,75.63025210084034,2.5210084033613445,73.10924369747899
W00002169,325,60,33,27,265,26,239,18.461538461538463,10.153846153846153,8.307692307692308,81.53846153846153,8,73.53846153846155
W00002170,253,71,28,43,182,16,166,28.063241106719367,11.067193675889328,16.99604743083004,71.93675889328063,6.324110671936759,65.61264822134387
W00002171,293,60,23,37,233,19,214,20.477815699658702,7.849829351535837,12.627986348122866,79.5221843003413,6.484641638225256,73.03754266211604
W00002172,271,35,14,21,236,27,209,12.915129151291513,5.166051660516605,7.7490774907749085,87.08487084870849,9.96309963099631,77.12177121771218
W00002173,406,61,25,36,345,35,310,15.024630541871922,6.157635467980295,8.866995073891626,84.97536945812809,8.620689655172415,76.35467980295566
W00002174,412,59,27,32,353,26,327,14.320388349514563,6.553398058252427,7.766990291262135,85.67961165048543,6.310679611650485,79.36893203883496
W00002175,293,97,51,46,196,13,183,33.105802047781566,17.4061433447099,15.699658703071673,66.89419795221842,4.436860068259386,62.45733788395904
W00002176,295,70,40,30,225,12,213,23.728813559322035,13.559322033898304,10.16949152542373,76.27118644067797,4.067796610169491,72.20338983050848
W00002177,332,93,49,44,239,13,226,28.012048192771083,14.759036144578314,13.253012048192772,71.98795180722891,3.91566265060241,68.07228915662651
W00002178,303,85,47,38,218,14,204,28.052805280528055,15.51155115511551,12.541254125412541,71.94719471947195,4.62046204620462,67.32673267326733
W00002179,303,78,31,47,225,10,215,25.742574257425744,10.231023102310232,15.51155115511551,74.25742574257426,3.3003300330033,70.95709570957096
W00002180,364,103,56,47,261,17,244,28.296703296703296,15.384615384615385,12.912087912087914,71.7032967032967,4.670329670329671,67.03296703296702
W00002181,310,44,22,22,266,26,240,14.193548387096774,7.096774193548387,7.096774193548387,85.80645161290322,8.38709677419355,77.41935483870968
W00002182,476,89,40,49,387,40,347,18.69747899159664,8.403361344537815,10.294117647058822,81.30252100840336,8.403361344537815,72.89915966386555
W00002183,268,86,56,30,182,14,168,32.08955223880597,20.8955223880597,11.194029850746269,67.91044776119402,5.223880597014925,62.68656716417911
W00002184,280,71,34,37,209,23,186,25.357142857142854,12.142857142857142,13.214285714285715,74.64285714285714,8.214285714285714,66.42857142857143
W00002185,304,59,30,29,245,20,225,19.407894736842106,9.868421052631579,9.539473684210527,80.5921052631579,6.578947368421052,74.01315789473685
W00002186,362,83,38,45,279,22,257,22.92817679558011,10.497237569060774,12.430939226519337,77.07182320441989,6.077348066298343,70.99447513812154
W00002187,304,83,36,47,221,21,200,27.302631578947366,11.842105263157894,15.460526315789474,72.69736842105263,6.907894736842106,65.78947368421053
W00002188,240,59,24,35,181,18,163,24.583333333333332,10,14.583333333333334,75.41666666666667,7.5,67.91666666666667
W00002189,285,48,27,21,237,16,221,16.842105263157894,9.473684210526317,7.368421052631578,83.15789473684211,5.614035087719298,77.54385964912281
W00002190,309,56,22,34,253,21,232,18.12297734627832,7.119741100323624,11.003236245954692,81.87702265372168,6.796116504854369,75.08090614886731
W00002191,280,75,35,40,205,15,190,26.785714285714285,12.5,14.285714285714285,73.21428571428571,5.357142857142857,67.85714285714286
W00002192,221,59,28,31,162,20,142,26.69683257918552,12.669683257918551,14.027149321266968,73.303167420814475,9.049773755656108,64.25339366515837
W00002193,255,77,44,33,178,22,156,30.19607843137255,17.254901960784313,12.941176470588237,69.80392156862744,8.627450980392156,61.1764705882353
W00002194,237,49,26,23,188,15,173,20.675105485232066,10.970464135021098,9.70464135021097,79.32489451476793,6.329113924050633,72.9957805907173
W00002195,302,59,28,31,243,16,227,19.5364238410596,9.271523178807946,10.264900662251655,80.4635761589404,5.298013245033113,75.16556291390728
W00002196,280,69,33,36,211,16,195,24.642857142857146,11.785714285714285,12.857142857142856,75.35714285714286,5.714285714285714,69.64285714285714
W00002197,302,68,42,26,234,15,219,22.516556291390728,13.90728476821192,8.609271523178808,77.48344370860927,4.966887417218543,72.51655629139073
W00002198,379,97,53,44,282,13,269,25.593667546174142,13.984168865435356,11.609498680738787,74.40633245382587,3.430079155672823,70.97625329815304
W00002199,282,71,41,30,211,19,192,25.177304964539005,14.539007092198581,10.638297872340425,74.822695035461,6.73758865248227,68.08510638297872
W00002200,227,57,29,28,170,8,162,25.11013215859031,12.77533039647577,12.334801762114537,74.8898678414097,3.524229074889868,71.36563876651982
W00002201,325,77,41,36,248,21,227,23.692307692307693,12.615384615384615,11.076923076923077,76.3076923076923,6.461538461538462,69.84615384615384
W00002202,311,69,31,38,242,12,230,22.186495176848876,9.967845659163988,12.218649517684888,77.81350482315112,3.858520900321544,73.95498392282958
W00002203,434,96,46,50,338,18,320,22.119815668202765,10.599078341013826,11.52073732718894,77.88018433179722,4.147465437788019,73.73271889400922
W00002204,295,81,43,38,214,6,208,27.45762711864407,14.576271186440678,12.88135593220339,72.54237288135593,2.0338983050847457,70.50847457627118
W00002205,396,56,19,37,340,34,306,14.14141414141414,4.797979797979798,9.343434343434344,85.85858585858585,8.585858585858585,77.27272727272727
W00002206,261,54,23,31,207,15,192,20.689655172413794,8.812260536398467,11.877394636015326,79.3103448275862,5.747126436781609,73.5632183908046
W00002207,239,42,20,22,197,16,181,17.573221757322173,8.368200836820083,9.205020920502092,82.42677824267783,6.694560669456067,75.73221757322176
W00002208,226,28,7,21,198,16,182,12.389380530973451,3.0973451327433628,9.29203539823009,87.61061946902655,7.079646017699115,80.53097345132744
W00002209,264,41,19,22,223,12,211,15.530303030303031,7.196969696969697,8.333333333333332,84.46969696969697,4.545454545454546,79.92424242424242
W00002210,256,59,21,38,197,15,182,23.046875,8.203125,14.84375,76.953125,5.859375,71.09375
W00002211,291,41,16,25,250,23,227,14.0893470790378,5.498281786941581,8.59106529209622,85.91065292096219,7.903780068728522,78.00687285223368
W00002212,260,58,28,30,202,16,186,22.30769230769231,10.76923076923077,11.538461538461538,77.6923076923077,6.153846153846154,71.53846153846153
W00002213,203,58,22,36,145,11,134,28.57142857142857,10.83743842364532,17.733990147783253,71.42857142857143,5.41871921182266,66.00985221674877
W00002214,212,41,22,19,171,12,159,19.339622641509436,10.377358490566039,8.962264150943396,80.66037735849056,5.660377358490567,75
W00002215,300,53,17,36,247,38,209,17.666666666666668,5.666666666666666,12,82.33333333333334,12.666666666666668,69.66666666666667
W00002216,314,41,15,26,273,21,252,13.05732484076433,4.777070063694268,8.280254777070063,86.94267515923568,6.687898089171974,80.2547770700637
W00002217,331,36,12,24,295,25,270,10.876132930513595,3.625377643504532,7.250755287009064,89.12386706948641,7.552870090634441,81.57099697885197
W00002218,258,51,23,28,207,25,182,19.767441860465116,8.914728682170542,10.852713178294573,80.23255813953489,9.689922480620156,70.54263565891473
W00002219,229,47,15,32,182,17,165,20.52401746724891,6.550218340611353,13.973799126637553,79.47598253275109,7.423580786026202,72.0524017467249
W00002220,328,37,11,26,291,20,271,11.28048780487805,3.353658536585366,7.926829268292683,88.71951219512195,6.097560975609756,82.6219512195122
W00002221,253,32,10,22,221,28,193,12.648221343873518,3.9525691699604746,8.695652173913043,87.35177865612648,11.067193675889328,76.28458498023716
W00002222,308,59,24,35,249,17,232,19.155844155844157,7.792207792207792,11.363636363636363,80.84415584415584,5.51948051948052,75.32467532467533
W00002223,300,49,21,28,251,26,225,16.333333333333332,7.000000000000001,9.333333333333334,83.66666666666667,8.666666666666668,75
W00002224,305,44,14,30,261,31,230,14.426229508196723,4.590163934426229,9.836065573770492,85.57377049180329,10.163934426229508,75.40983606557377
W00002225,364,65,19,46,299,24,275,17.857142857142858,5.21978021978022,12.637362637362637,82.14285714285714,6.593406593406594,75.54945054945054
W00002226,324,57,26,31,267,20,247,17.59259259259259,8.024691358024691,9.5679012345679,82.4074074074074,6.172839506172839,76.23456790123457
W00002227,122,27,9,18,95,6,89,22.131147540983605,7.377049180327869,14.754098360655737,77.8688524590164,4.918032786885246,72.95081967213115
W00002228,410,52,21,31,358,25,333,12.682926829268293,5.121951219512195,7.560975609756097,87.3170731707317,6.097560975609756,81.21951219512195
W00002229,191,48,23,25,143,18,125,25.13089005235602,12.041884816753926,13.089005235602095,74.86910994764398,9.424083769633508,65.44502617801047
W00002231,260,65,32,33,195,9,186,25,12.307692307692308,12.692307692307692,75,3.4615384615384617,71.53846153846153
W00002232,246,55,32,23,191,11,180,22.35772357723577,13.008130081300814,9.34959349593496,77.64227642276423,4.471544715447155,73.17073170731707
W00002233,299,81,39,42,218,19,199,27.09030100334448,13.043478260869565,14.046822742474916,72.90969899665552,6.354515050167224,66.5551839464883
W00002234,225,49,20,29,176,23,153,21.777777777777775,8.88888888888889,12.88888888888889,78.22222222222223,10.222222222222223,68
W00002235,274,64,29,35,210,15,195,23.357664233576642,10.583941605839415,12.773722627737227,76.64233576642336,5.474452554744526,71.16788321167883
W00002236,347,102,43,59,245,16,229,29.394812680115272,12.39193083573487,17.002881844380404,70.60518731988472,4.610951008645533,65.99423631123919
W00002237,299,51,25,26,248,14,234,17.05685618729097,8.361204013377927,8.695652173913043,82.94314381270902,4.682274247491638,78.26086956521739
W00002238,383,57,20,37,326,21,305,14.882506527415144,5.221932114882506,9.660574412532636,85.11749347258485,5.483028720626632,79.63446475195822
W00002239,187,78,43,35,109,7,102,41.711229946524064,22.994652406417114,18.71657754010695,58.288770053475936,3.7433155080213902,54.54545454545454
W00002240,430,91,41,50,339,17,322,21.16279069767442,9.534883720930234,11.627906976744185,78.83720930232559,3.953488372093023,74.88372093023256
W00002241,414,78,32,46,336,17,319,18.84057971014493,7.729468599033816,11.11111111111111,81.15942028985508,4.1062801932367154,77.05314009661835
W00002242,230,52,25,27,178,14,164,22.608695652173914,10.869565217391305,11.73913043478261,77.39130434782608,6.086956521739131,71.30434782608695
W00002243,322,53,27,26,269,16,253,16.459627329192546,8.385093167701864,8.074534161490684,83.54037267080744,4.968944099378882,78.57142857142857
W00002244,301,62,23,39,239,6,233,20.59800664451827,7.641196013289036,12.956810631229235,79.40199335548172,1.9933554817275747,77.40863787375415
W00002245,221,49,24,25,172,10,162,22.171945701357465,10.85972850678733,11.312217194570136,77.82805429864254,4.524886877828054,73.303167420814475
W00002246,234,66,22,44,168,14,154,28.205128205128204,9.401709401709402,18.803418803418804,71.7948717948718,5.982905982905983,65.8119658119658
W00002247,259,54,24,30,205,22,183,20.84942084942085,9.266409266409266,11.583011583011583,79.15057915057915,8.494208494208493,70.65637065637065
W00002248,233,109,78,31,124,12,112,46.78111587982833,33.47639484978541,13.304721030042918,53.21888412017167,5.150214592274678,48.068669527896994
W00002249,299,34,19,15,265,27,238,11.37123745819398,6.354515050167224,5.016722408026756,88.62876254180601,9.03010033444816,79.59866220735786
W00002250,349,63,25,38,286,31,255,18.05157593123209,7.163323782234957,10.888252148997136,81.9484240687679,8.882521489971348,73.06590257879655
W00002251,245,26,12,14,219,21,198,10.612244897959183,4.8979591836734695,5.714285714285714,89.38775510204081,8.571428571428571,80.81632653061224
W00002253,347,63,26,37,284,21,263,18.155619596541786,7.492795389048991,10.662824207492795,81.84438040345822,6.051873198847262,75.79250720461094
W00002254,293,30,10,20,263,18,245,10.238907849829351,3.4129692832764507,6.825938566552901,89.76109215017065,6.143344709897611,83.61774744027304
W00002255,428,88,42,46,340,27,313,20.5607476635514,9.813084112149532,10.74766355140187,79.43925233644859,6.308411214953271,73.13084112149532
W00002256,377,103,62,41,274,24,250,27.320954907161806,16.445623342175068,10.875331564986737,72.67904509283821,6.36604774535809,66.3129973474801
W00002257,351,55,19,36,296,25,271,15.669515669515668,5.413105413105413,10.256410256410255,84.33048433048434,7.122507122507122,77.20797720797721
W00002258,297,98,39,59,199,13,186,32.996632996633,13.131313131313133,19.865319865319865,67.003367003367,4.377104377104377,62.62626262626263
W00002259,310,38,16,22,272,13,259,12.258064516129032,5.161290322580645,7.096774193548387,87.74193548387098,4.193548387096775,83.54838709677419
W00002260,329,57,17,40,272,17,255,17.325227963525837,5.167173252279635,12.158054711246201,82.67477203647417,5.167173252279635,77.50759878419453
W00002261,325,88,43,45,237,10,227,27.076923076923077,13.230769230769232,13.846153846153847,72.92307692307692,3.076923076923077,69.84615384615384
W00002262,294,73,37,36,221,8,213,24.829931972789115,12.585034013605442,12.244897959183673,75.17006802721087,2.7210884353741496,72.44897959183673
W00002263,350,77,42,35,273,13,260,22,12,10,78,3.7142857142857144,74.28571428571429
W00002264,272,75,43,32,197,9,188,27.573529411764707,15.808823529411764,11.76470588235294,72.42647058823529,3.308823529411765,69.11764705882352
W00002265,280,74,43,31,206,12,194,26.42857142857143,15.357142857142858,11.071428571428571,73.57142857142858,4.285714285714286,69.28571428571428
W00002266,266,78,36,42,188,12,176,29.32330827067669,13.533834586466165,15.789473684210526,70.67669172932331,4.511278195488721,66.16541353383458
W00002267,255,90,53,37,165,11,154,35.294117647058826,20.784313725490197,14.50980392156863,64.70588235294117,4.313725490196078,60.3921568627451
W00010024,396,26,7,19,370,18,352,6.565656565656567,1.7676767676767675,4.797979797979798,93.43434343434343,4.545454545454546,88.88888888888889
W00010025,199,15,3,12,184,10,174,7.537688442211055,1.507537688442211,6.030150753768844,92.46231155778895,5.025125628140704,87.43718592964824
W00010026,289,33,6,27,256,18,238,11.418685121107266,2.0761245674740483,9.342560553633218,88.58131487889274,6.228373702422145,82.35294117647058
W00010027,543,48,18,30,495,48,447,8.83977900552486,3.314917127071823,5.524861878453039,91.16022099447514,8.83977900552486,82.32044198895028
W00010028,223,58,28,30,165,12,153,26.00896860986547,12.556053811659194,13.452914798206278,73.99103139013454,5.381165919282512,68.60986547085201
W00010029,329,46,13,33,283,23,260,13.98176291793313,3.951367781155015,10.030395136778116,86.01823708206688,6.990881458966565,79.0273556231003
W00010030,211,21,5,16,190,7,183,9.95260663507109,2.3696682464454977,7.5829383886255926,90.04739336492891,3.3175355450236967,86.7298578199052
W00010031,267,54,28,26,213,12,201,20.224719101123593,10.486891385767791,9.737827715355806,79.7752808988764,4.49438202247191,75.28089887640449
W00010032,301,31,10,21,270,16,254,10.299003322259136,3.322259136212625,6.976744186046512,89.70099667774086,5.3156146179401995,84.38538205980066
W00010033,309,30,13,17,279,28,251,9.70873786407767,4.207119741100324,5.501618122977346,90.29126213592234,9.06148867313916,81.22977346278317
W00010034,342,42,11,31,300,27,273,12.280701754385964,3.216374269005848,9.064327485380117,87.71929824561403,7.894736842105263,79.82456140350878
W00010035,243,56,22,34,187,10,177,23.045267489711936,9.053497942386832,13.991769547325102,76.95473251028807,4.11522633744856,72.8395061728395
W00010036,525,42,13,29,483,43,440,8,2.4761904761904763,5.523809523809524,92,8.190476190476192,83.80952380952381
W00010037,335,48,20,28,287,17,270,14.328358208955224,5.970149253731343,8.358208955223882,85.67164179104478,5.074626865671641,80.59701492537313
W00010038,322,19,3,16,303,16,287,5.900621118012422,0.9316770186335404,4.968944099378882,94.09937888198758,4.968944099378882,89.13043478260869
W00010039,271,50,22,28,221,17,204,18.45018450184502,8.118081180811808,10.33210332103321,81.54981549815497,6.273062730627306,75.27675276752768
W00010040,530,71,32,39,459,44,415,13.39622641509434,6.037735849056604,7.3584905660377355,86.60377358490567,8.30188679245283,78.30188679245283
W00010042,429,77,32,45,352,29,323,17.94871794871795,7.459207459207459,10.48951048951049,82.05128205128204,6.75990675990676,75.29137529137529
W00010456,419,62,20,42,357,37,320,14.797136038186157,4.77326968973747,10.023866348448687,85.20286396181385,8.83054892601432,76.37231503579952
W00010468,1672,630,247,383,1042,147,895,37.67942583732057,14.772727272727273,22.9066985645933,62.32057416267942,8.791866028708133,53.52870813397129
W00010470,264,16,6,10,248,15,233,6.0606060606060606,2.272727272727273,3.787878787878788,93.93939393939394,5.681818181818182,88.25757575757575
W00010476,346,84,51,33,262,19,243,24.277456647398843,14.739884393063585,9.53757225433526,75.72254335260115,5.491329479768786,70.23121387283237
W00010494,144,23,14,9,121,3,118,15.972222222222221,9.722222222222223,6.25,84.02777777777779,2.083333333333333,81.94444444444444
