OA,ts0380001,ts0380002,ts0380003,ts0380004,ts0380005,ts0380006,ts0380007,ts0380002_PCT,ts0380003_PCT,ts0380004_PCT,ts0380005_PCT,ts0380006_PCT,ts0380007_PCT
E00148494,237,40,13,27,197,25,172,16.877637130801688,5.485232067510549,11.39240506329114,83.12236286919831,10.548523206751055,72.57383966244726
E00148495,293,39,16,23,254,24,230,13.310580204778159,5.460750853242321,7.849829351535837,86.68941979522185,8.19112627986348,78.49829351535837
E00148496,237,62,17,45,175,21,154,26.160337552742618,7.172995780590717,18.9873417721519,73.83966244725738,8.860759493670885,64.9789029535865
E00148497,306,58,24,34,248,39,209,18.954248366013072,7.8431372549019605,11.11111111111111,81.04575163398692,12.745098039215685,68.30065359477125
E00148498,362,55,21,34,307,38,269,15.193370165745856,5.801104972375691,9.392265193370166,84.80662983425414,10.497237569060774,74.30939226519338
E00148499,215,43,15,28,172,14,158,20,6.976744186046512,13.023255813953488,80,6.511627906976744,73.48837209302326
E00148500,245,36,10,26,209,20,189,14.69387755102041,4.081632653061225,10.612244897959183,85.3061224489796,8.16326530612245,77.14285714285715
E00148501,198,20,9,11,178,11,167,10.1010101010101,4.545454545454546,5.555555555555555,89.8989898989899,5.555555555555555,84.34343434343434
E00148502,301,72,33,39,229,21,208,23.920265780730897,10.96345514950166,12.956810631229235,76.0797342192691,6.976744186046512,69.10299003322258
E00148503,329,49,25,24,280,32,248,14.893617021276595,7.598784194528875,7.29483282674772,85.1063829787234,9.72644376899696,75.37993920972644
E00148504,345,82,36,46,263,23,240,23.768115942028984,10.434782608695652,13.333333333333334,76.23188405797102,6.666666666666667,69.56521739130434
E00148505,308,57,20,37,251,27,224,18.506493506493506,6.493506493506493,12.012987012987013,81.4935064935065,8.766233766233766,72.72727272727273
E00148506,380,78,26,52,302,27,275,20.526315789473685,6.842105263157896,13.684210526315791,79.47368421052632,7.105263157894736,72.36842105263158
E00148507,296,45,16,29,251,35,216,15.202702702702704,5.405405405405405,9.797297297297296,84.7972972972973,11.824324324324325,72.97297297297297
E00148508,309,63,23,40,246,27,219,20.388349514563107,7.443365695792881,12.944983818770226,79.6116504854369,8.737864077669903,70.87378640776699
E00148509,285,45,10,35,240,23,217,15.789473684210526,3.508771929824561,12.280701754385964,84.21052631578947,8.070175438596491,76.14035087719299
E00148510,130,26,7,19,104,16,88,20,5.384615384615385,14.615384615384617,80,12.307692307692308,67.6923076923077
E00148511,199,29,9,20,170,11,159,14.572864321608039,4.522613065326634,10.050251256281408,85.42713567839196,5.527638190954774,79.89949748743719
E00148512,373,84,15,69,289,30,259,22.5201072386059,4.021447721179625,18.498659517426276,77.4798927613941,8.04289544235925,69.43699731903486
E00148513,329,55,22,33,274,27,247,16.717325227963524,6.68693009118541,10.030395136778116,83.28267477203647,8.206686930091186,75.07598784194529
E00148514,462,132,71,61,330,28,302,28.57142857142857,15.367965367965366,13.203463203463203,71.42857142857143,6.0606060606060606,65.36796536796537
E00148515,355,83,22,61,272,31,241,23.380281690140844,6.197183098591549,17.183098591549296,76.61971830985915,8.732394366197182,67.88732394366197
E00148516,390,66,14,52,324,32,292,16.923076923076923,3.5897435897435894,13.333333333333334,83.07692307692308,8.205128205128204,74.87179487179488
E00148517,260,40,15,25,220,28,192,15.384615384615385,5.769230769230769,9.615384615384617,84.61538461538461,10.76923076923077,73.84615384615385
E00148518,267,41,14,27,226,18,208,15.355805243445692,5.2434456928838955,10.112359550561797,84.6441947565543,6.741573033707865,77.90262172284645
E00148519,313,45,15,30,268,29,239,14.376996805111823,4.792332268370607,9.584664536741213,85.62300319488818,9.26517571884984,76.35782747603834
E00148520,109,26,7,19,83,8,75,23.853211009174313,6.422018348623854,17.431192660550458,76.14678899082568,7.339449541284404,68.80733944954129
E00148521,236,44,13,31,192,17,175,18.64406779661017,5.508474576271186,13.135593220338984,81.35593220338984,7.203389830508475,74.15254237288136
E00148522,443,64,20,44,379,35,344,14.446952595936793,4.514672686230249,9.932279909706546,85.55304740406321,7.900677200902935,77.65237020316027
E00148523,225,51,17,34,174,16,158,22.666666666666664,7.555555555555555,15.11111111111111,77.33333333333333,7.111111111111111,70.22222222222221
E00148524,100,14,9,5,86,2,84,14.000000000000002,9,5,86,2,84
E00148525,286,23,4,19,263,18,245,8.041958041958042,1.3986013986013985,6.643356643356643,91.95804195804196,6.293706293706294,85.66433566433567
E00148526,286,44,16,28,242,21,221,15.384615384615385,5.594405594405594,9.79020979020979,84.61538461538461,7.3426573426573425,77.27272727272727
E00148527,231,21,9,12,210,18,192,9.090909090909092,3.896103896103896,5.194805194805195,90.9090909090909,7.792207792207792,83.11688311688312
E00148528,396,45,17,28,351,21,330,11.363636363636363,4.292929292929292,7.07070707070707,88.63636363636364,5.303030303030303,83.33333333333334
E00148529,306,55,26,29,251,21,230,17.973856209150327,8.49673202614379,9.477124183006536,82.02614379084967,6.862745098039216,75.16339869281046
E00148530,359,47,19,28,312,32,280,13.09192200557103,5.2924791086350975,7.7994428969359335,86.90807799442896,8.913649025069638,77.99442896935933
E00148531,244,60,29,31,184,16,168,24.59016393442623,11.885245901639344,12.704918032786885,75.40983606557377,6.557377049180328,68.85245901639344
E00148533,221,48,20,28,173,20,153,21.71945701357466,9.049773755656108,12.669683257918551,78.28054298642535,9.049773755656108,69.23076923076923
E00148534,387,38,6,32,349,25,324,9.819121447028424,1.550387596899225,8.2687338501292,90.18087855297158,6.459948320413436,83.72093023255815
E00148535,269,56,18,38,213,26,187,20.817843866171003,6.691449814126393,14.12639405204461,79.182156133829,9.66542750929368,69.51672862453532
E00148537,426,80,37,43,346,30,316,18.779342723004692,8.685446009389672,10.093896713615024,81.2206572769953,7.042253521126761,74.17840375586854
E00148538,237,44,12,32,193,23,170,18.565400843881857,5.063291139240507,13.502109704641349,81.43459915611815,9.70464135021097,71.72995780590718
E00148539,340,46,16,30,294,34,260,13.529411764705882,4.705882352941177,8.823529411764707,86.47058823529412,10,76.47058823529412
E00148540,261,27,5,22,234,19,215,10.344827586206897,1.9157088122605364,8.42911877394636,89.65517241379311,7.2796934865900385,82.37547892720306
E00148542,294,42,13,29,252,25,227,14.285714285714285,4.421768707482993,9.863945578231291,85.71428571428571,8.503401360544217,77.21088435374149
E00148543,350,102,51,51,248,21,227,29.142857142857142,14.571428571428571,14.571428571428571,70.85714285714285,6,64.85714285714286
E00148544,226,52,28,24,174,15,159,23.008849557522122,12.389380530973451,10.619469026548673,76.99115044247787,6.637168141592921,70.35398230088495
E00148545,210,46,14,32,164,21,143,21.904761904761905,6.666666666666667,15.238095238095239,78.0952380952381,10,68.0952380952381
E00148546,158,28,11,17,130,17,113,17.72151898734177,6.962025316455696,10.759493670886076,82.27848101265823,10.759493670886076,71.51898734177216
E00148548,355,40,12,28,315,34,281,11.267605633802818,3.3802816901408446,7.887323943661972,88.73239436619718,9.577464788732394,79.15492957746478
E00148550,426,78,23,55,348,37,311,18.30985915492958,5.39906103286385,12.910798122065728,81.69014084507043,8.685446009389672,73.00469483568075
E00148551,366,49,18,31,317,37,280,13.387978142076504,4.918032786885246,8.469945355191257,86.6120218579235,10.10928961748634,76.50273224043715
E00148552,325,69,15,54,256,35,221,21.23076923076923,4.615384615384616,16.615384615384617,78.76923076923077,10.76923076923077,68
E00148553,317,57,24,33,260,26,234,17.981072555205046,7.570977917981073,10.410094637223976,82.01892744479495,8.201892744479496,73.81703470031546
E00148554,325,49,15,34,276,29,247,15.076923076923077,4.615384615384616,10.461538461538462,84.92307692307692,8.923076923076923,76
E00148555,194,31,14,17,163,24,139,15.979381443298967,7.216494845360824,8.762886597938143,84.02061855670104,12.371134020618557,71.64948453608247
E00148556,116,20,3,17,96,13,83,17.24137931034483,2.586206896551724,14.655172413793101,82.75862068965517,11.206896551724139,71.55172413793103
E00148557,129,23,9,14,106,12,94,17.829457364341085,6.976744186046512,10.852713178294573,82.17054263565892,9.30232558139535,72.86821705426357
E00148558,320,62,32,30,258,31,227,19.375,10,9.375,80.625,9.6875,70.9375
E00148559,200,48,23,25,152,11,141,24,11.5,12.5,76,5.5,70.5
E00148560,284,54,22,32,230,29,201,19.014084507042252,7.746478873239436,11.267605633802818,80.98591549295774,10.211267605633804,70.77464788732394
E00148561,371,40,9,31,331,21,310,10.781671159029651,2.4258760107816713,8.355795148247978,89.21832884097036,5.660377358490567,83.55795148247978
E00148562,285,60,26,34,225,26,199,21.052631578947366,9.12280701754386,11.929824561403509,78.94736842105263,9.12280701754386,69.82456140350877
E00148563,239,33,15,18,206,22,184,13.807531380753138,6.2761506276150625,7.531380753138076,86.19246861924687,9.205020920502092,76.98744769874477
E00148564,171,28,13,15,143,17,126,16.374269005847953,7.602339181286549,8.771929824561402,83.62573099415205,9.941520467836257,73.68421052631578
E00148565,558,73,30,43,485,37,448,13.082437275985665,5.376344086021505,7.706093189964158,86.91756272401435,6.630824372759856,80.28673835125448
E00148566,238,43,20,23,195,24,171,18.067226890756302,8.403361344537815,9.663865546218489,81.9327731092437,10.084033613445378,71.84873949579831
E00148567,210,43,23,20,167,23,144,20.476190476190474,10.952380952380953,9.523809523809524,79.52380952380952,10.952380952380953,68.57142857142857
E00148568,200,36,9,27,164,25,139,18,4.5,13.5,82,12.5,69.5
E00148569,459,86,34,52,373,38,335,18.736383442265794,7.4074074074074066,11.328976034858387,81.26361655773421,8.278867102396514,72.98474945533769
E00148570,266,59,25,34,207,27,180,22.18045112781955,9.398496240601503,12.781954887218044,77.81954887218046,10.150375939849624,67.66917293233082
E00148571,250,38,12,26,212,22,190,15.2,4.8,10.4,84.8,8.799999999999999,76
E00148572,253,35,16,19,218,18,200,13.83399209486166,6.324110671936759,7.5098814229249005,86.16600790513834,7.114624505928854,79.05138339920948
E00148573,306,35,12,23,271,36,235,11.437908496732026,3.9215686274509802,7.516339869281046,88.56209150326796,11.76470588235294,76.79738562091504
E00148574,232,32,12,20,200,16,184,13.793103448275861,5.172413793103448,8.620689655172415,86.20689655172413,6.896551724137931,79.3103448275862
E00148575,272,64,27,37,208,32,176,23.52941176470588,9.926470588235293,13.602941176470587,76.47058823529412,11.76470588235294,64.70588235294117
E00148576,249,97,44,53,152,15,137,38.95582329317269,17.670682730923694,21.285140562248998,61.044176706827315,6.024096385542169,55.020080321285135
E00148577,267,59,20,39,208,20,188,22.09737827715356,7.490636704119851,14.606741573033707,77.90262172284645,7.490636704119851,70.4119850187266
E00148578,138,28,8,20,110,15,95,20.28985507246377,5.797101449275362,14.492753623188406,79.71014492753623,10.869565217391305,68.84057971014492
E00148579,335,59,18,41,276,29,247,17.611940298507463,5.3731343283582085,12.238805970149254,82.38805970149254,8.656716417910449,73.73134328358208
E00148580,278,76,31,45,202,20,182,27.33812949640288,11.151079136690647,16.18705035971223,72.66187050359713,7.1942446043165464,65.46762589928058
E00148581,336,72,29,43,264,22,242,21.428571428571427,8.630952380952381,12.797619047619047,78.57142857142857,6.547619047619048,72.02380952380952
E00148582,196,35,10,25,161,12,149,17.857142857142858,5.1020408163265305,12.755102040816327,82.14285714285714,6.122448979591836,76.0204081632653
E00148583,228,38,10,28,190,28,162,16.666666666666664,4.385964912280701,12.280701754385964,83.33333333333334,12.280701754385964,71.05263157894737
E00148584,322,46,10,36,276,27,249,14.285714285714285,3.1055900621118013,11.180124223602485,85.71428571428571,8.385093167701864,77.32919254658384
E00148585,359,68,29,39,291,33,258,18.94150417827298,8.07799442896936,10.86350974930362,81.05849582172702,9.192200557103064,71.86629526462396
E00148586,328,56,22,34,272,25,247,17.073170731707318,6.707317073170732,10.365853658536585,82.92682926829268,7.621951219512195,75.3048780487805
E00148587,173,14,4,10,159,15,144,8.092485549132949,2.312138728323699,5.780346820809249,91.90751445086705,8.670520231213873,83.23699421965318
E00148588,326,58,19,39,268,24,244,17.791411042944784,5.828220858895705,11.96319018404908,82.20858895705521,7.361963190184049,74.84662576687117
E00148589,110,16,8,8,94,2,92,14.545454545454545,7.2727272727272725,7.2727272727272725,85.45454545454545,1.8181818181818181,83.63636363636363
E00148590,345,69,27,42,276,25,251,20,7.82608695652174,12.173913043478262,80,7.246376811594203,72.7536231884058
E00148591,385,87,37,50,298,37,261,22.597402597402596,9.61038961038961,12.987012987012985,77.40259740259741,9.61038961038961,67.79220779220779
E00148592,261,55,29,26,206,15,191,21.0727969348659,11.11111111111111,9.961685823754788,78.9272030651341,5.747126436781609,73.18007662835248
E00148593,387,66,25,41,321,30,291,17.05426356589147,6.459948320413436,10.594315245478036,82.94573643410853,7.751937984496124,75.1937984496124
E00148595,372,62,31,31,310,35,275,16.666666666666664,8.333333333333332,8.333333333333332,83.33333333333334,9.408602150537634,73.9247311827957
E00148596,287,53,15,38,234,22,212,18.466898954703833,5.2264808362369335,13.240418118466899,81.53310104529616,7.665505226480835,73.86759581881533
E00148597,283,61,26,35,222,28,194,21.554770318021202,9.187279151943462,12.36749116607774,78.4452296819788,9.89399293286219,68.55123674911661
E00148598,379,76,29,47,303,35,268,20.052770448548813,7.651715039577836,12.401055408970976,79.94722955145119,9.234828496042216,70.71240105540898
E00148599,287,58,25,33,229,26,203,20.209059233449477,8.710801393728223,11.498257839721255,79.79094076655052,9.059233449477352,70.73170731707317
E00148600,269,72,25,47,197,19,178,26.765799256505574,9.293680297397769,17.472118959107807,73.23420074349443,7.063197026022305,66.17100371747212
E00148601,309,41,21,20,268,21,247,13.268608414239482,6.796116504854369,6.472491909385113,86.73139158576052,6.796116504854369,79.93527508090615
E00148602,351,72,26,46,279,39,240,20.51282051282051,7.4074074074074066,13.105413105413104,79.48717948717949,11.11111111111111,68.37606837606837
E00148603,357,108,60,48,249,21,228,30.252100840336134,16.80672268907563,13.445378151260504,69.74789915966386,5.88235294117647,63.86554621848739
E00148604,371,94,43,51,277,27,250,25.336927223719673,11.590296495956872,13.746630727762804,74.66307277628033,7.277628032345014,67.38544474393531
E00148605,303,41,12,29,262,27,235,13.531353135313532,3.9603960396039604,9.570957095709572,86.46864686468648,8.91089108910891,77.55775577557755
E00148606,546,104,34,70,442,33,409,19.047619047619047,6.227106227106227,12.82051282051282,80.95238095238095,6.043956043956044,74.9084249084249
E00148607,306,46,18,28,260,32,228,15.032679738562091,5.88235294117647,9.15032679738562,84.9673202614379,10.457516339869281,74.50980392156863
E00148608,344,52,11,41,292,25,267,15.11627906976744,3.1976744186046515,11.918604651162791,84.88372093023256,7.267441860465117,77.61627906976744
E00148609,270,32,11,21,238,21,217,11.851851851851853,4.074074074074074,7.777777777777778,88.14814814814815,7.777777777777778,80.37037037037037
E00148610,287,43,10,33,244,21,223,14.982578397212542,3.484320557491289,11.498257839721255,85.01742160278745,7.317073170731707,77.70034843205575
E00148611,278,44,12,32,234,15,219,15.827338129496402,4.316546762589928,11.510791366906476,84.17266187050359,5.39568345323741,78.77697841726618
E00148612,279,46,17,29,233,32,201,16.48745519713262,6.093189964157706,10.39426523297491,83.51254480286738,11.469534050179211,72.04301075268818
E00148613,339,57,15,42,282,25,257,16.8141592920354,4.424778761061947,12.389380530973451,83.1858407079646,7.374631268436578,75.81120943952803
E00148614,317,57,20,37,260,22,238,17.981072555205046,6.309148264984227,11.67192429022082,82.01892744479495,6.940063091482649,75.0788643533123
E00148615,512,87,36,51,425,44,381,16.9921875,7.03125,9.9609375,83.0078125,8.59375,74.4140625
E00148616,267,64,25,39,203,16,187,23.970037453183522,9.363295880149813,14.606741573033707,76.02996254681648,5.992509363295881,70.0374531835206
E00148617,374,78,31,47,296,26,270,20.855614973262032,8.288770053475936,12.566844919786096,79.14438502673798,6.951871657754011,72.19251336898395
E00148619,302,58,26,32,244,16,228,19.205298013245034,8.609271523178808,10.596026490066226,80.79470198675497,5.298013245033113,75.49668874172185
E00148620,237,58,35,23,179,22,157,24.47257383966245,14.767932489451477,9.70464135021097,75.52742616033755,9.282700421940929,66.24472573839662
E00148621,255,54,18,36,201,16,185,21.176470588235293,7.0588235294117645,14.117647058823529,78.82352941176471,6.2745098039215685,72.54901960784314
E00148622,286,59,23,36,227,14,213,20.62937062937063,8.041958041958042,12.587412587412588,79.37062937062937,4.895104895104895,74.47552447552448
E00148623,337,67,19,48,270,23,247,19.881305637982198,5.637982195845697,14.243323442136498,80.1186943620178,6.824925816023739,73.29376854599407
E00148624,427,51,23,28,376,43,333,11.943793911007026,5.386416861826698,6.557377049180328,88.05620608899297,10.070257611241217,77.98594847775175
E00148625,365,121,45,76,244,19,225,33.15068493150685,12.32876712328767,20.82191780821918,66.84931506849315,5.205479452054795,61.64383561643836
E00148626,268,88,33,55,180,11,169,32.83582089552239,12.313432835820896,20.522388059701495,67.16417910447761,4.104477611940299,63.059701492537314
E00148627,268,72,29,43,196,12,184,26.865671641791046,10.820895522388058,16.044776119402986,73.13432835820896,4.477611940298507,68.65671641791045
E00148628,395,104,56,48,291,32,259,26.329113924050635,14.177215189873419,12.151898734177214,73.67088607594937,8.10126582278481,65.56962025316456
E00148629,264,51,21,30,213,17,196,19.318181818181817,7.954545454545454,11.363636363636363,80.68181818181817,6.4393939393939394,74.24242424242425
E00148630,333,84,54,30,249,27,222,25.225225225225223,16.216216216216218,9.00900900900901,74.77477477477478,8.108108108108109,66.66666666666666
E00148631,282,74,43,31,208,17,191,26.24113475177305,15.24822695035461,10.99290780141844,73.75886524822694,6.028368794326241,67.73049645390071
E00148632,123,25,7,18,98,10,88,20.32520325203252,5.691056910569105,14.634146341463413,79.67479674796748,8.130081300813007,71.54471544715447
E00148633,323,61,25,36,262,30,232,18.885448916408667,7.739938080495357,11.145510835913312,81.11455108359134,9.287925696594428,71.8266253869969
E00148634,248,60,22,38,188,22,166,24.193548387096776,8.870967741935484,15.32258064516129,75.80645161290323,8.870967741935484,66.93548387096774
E00148635,245,45,15,30,200,18,182,18.367346938775512,6.122448979591836,12.244897959183673,81.63265306122449,7.346938775510205,74.28571428571429
E00148636,199,31,9,22,168,14,154,15.577889447236181,4.522613065326634,11.055276381909549,84.42211055276381,7.035175879396985,77.38693467336684
E00148637,236,37,11,26,199,23,176,15.677966101694915,4.661016949152542,11.016949152542372,84.32203389830508,9.745762711864407,74.57627118644068
E00148638,385,80,31,49,305,47,258,20.77922077922078,8.051948051948052,12.727272727272727,79.22077922077922,12.207792207792208,67.01298701298701
E00148639,280,35,9,26,245,31,214,12.5,3.214285714285714,9.285714285714286,87.5,11.071428571428571,76.42857142857142
E00148640,215,53,34,19,162,21,141,24.651162790697676,15.813953488372093,8.837209302325581,75.34883720930232,9.767441860465116,65.58139534883722
E00148641,296,46,15,31,250,20,230,15.54054054054054,5.0675675675675675,10.472972972972974,84.45945945945947,6.756756756756757,77.7027027027027
E00148642,303,49,15,34,254,16,238,16.17161716171617,4.9504950495049505,11.221122112211221,83.82838283828383,5.2805280528052805,78.54785478547855
E00148643,282,59,21,38,223,26,197,20.921985815602838,7.446808510638298,13.47517730496454,79.07801418439716,9.219858156028367,69.8581560283688
E00148644,249,55,28,27,194,20,174,22.08835341365462,11.244979919678714,10.843373493975903,77.91164658634538,8.032128514056225,69.87951807228916
E00148645,262,57,29,28,205,13,192,21.755725190839694,11.068702290076336,10.687022900763358,78.2442748091603,4.961832061068702,73.2824427480916
E00148646,232,28,13,15,204,20,184,12.068965517241379,5.603448275862069,6.4655172413793105,87.93103448275862,8.620689655172415,79.3103448275862
E00148647,326,89,46,43,237,25,212,27.300613496932513,14.11042944785276,13.190184049079754,72.69938650306749,7.668711656441718,65.03067484662577
E00148648,272,43,14,29,229,32,197,15.808823529411764,5.147058823529411,10.661764705882353,84.19117647058823,11.76470588235294,72.42647058823529
E00148649,361,53,21,32,308,25,283,14.681440443213297,5.8171745152354575,8.86426592797784,85.3185595567867,6.9252077562326875,78.39335180055402
E00148650,282,53,18,35,229,23,206,18.79432624113475,6.382978723404255,12.411347517730496,81.20567375886525,8.156028368794328,73.04964539007092
E00148651,417,70,24,46,347,41,306,16.786570743405278,5.755395683453238,11.031175059952037,83.21342925659472,9.832134292565947,73.38129496402878
E00148652,348,62,28,34,286,27,259,17.81609195402299,8.045977011494253,9.770114942528735,82.18390804597702,7.758620689655173,74.42528735632183
E00148653,447,71,26,45,376,47,329,15.883668903803134,5.8165548098434,10.06711409395973,84.11633109619687,10.51454138702461,73.60178970917227
E00148654,315,107,41,66,208,22,186,33.96825396825397,13.015873015873018,20.952380952380953,66.03174603174602,6.984126984126984,59.04761904761905
E00148655,327,53,13,40,274,21,253,16.207951070336392,3.9755351681957185,12.232415902140673,83.79204892966361,6.422018348623854,77.37003058103976
E00148656,217,55,27,28,162,12,150,25.34562211981567,12.442396313364055,12.903225806451612,74.65437788018433,5.529953917050691,69.12442396313364
E00148657,239,58,24,34,181,18,163,24.267782426778243,10.0418410041841,14.225941422594143,75.73221757322176,7.531380753138076,68.20083682008368
E00148658,257,62,21,41,195,11,184,24.124513618677042,8.171206225680933,15.953307392996107,75.87548638132296,4.280155642023346,71.59533073929961
E00148659,248,62,27,35,186,13,173,25,10.887096774193548,14.112903225806454,75,5.241935483870968,69.75806451612904
E00148660,160,72,36,36,88,9,79,45,22.5,22.5,55.00000000000001,5.625,49.375
E00148661,276,62,18,44,214,23,191,22.463768115942027,6.521739130434782,15.942028985507244,77.53623188405797,8.333333333333332,69.20289855072464
E00148662,329,82,34,48,247,16,231,24.924012158054712,10.33434650455927,14.58966565349544,75.07598784194529,4.86322188449848,70.2127659574468
E00148663,275,38,18,20,237,29,208,13.818181818181818,6.545454545454546,7.2727272727272725,86.18181818181819,10.545454545454545,75.63636363636364
E00148664,324,65,27,38,259,35,224,20.061728395061728,8.333333333333332,11.728395061728394,79.93827160493827,10.802469135802468,69.1358024691358
E00148665,268,52,23,29,216,30,186,19.402985074626866,8.582089552238806,10.820895522388058,80.59701492537313,11.194029850746269,69.40298507462687
E00148666,276,60,25,35,216,23,193,21.73913043478261,9.057971014492754,12.681159420289855,78.26086956521739,8.333333333333332,69.92753623188406
E00148667,318,68,27,41,250,30,220,21.38364779874214,8.49056603773585,12.89308176100629,78.61635220125787,9.433962264150944,69.18238993710692
E00148668,312,53,30,23,259,28,231,16.98717948717949,9.615384615384617,7.371794871794872,83.01282051282051,8.974358974358974,74.03846153846155
E00148669,259,48,19,29,211,22,189,18.53281853281853,7.335907335907336,11.196911196911197,81.46718146718148,8.494208494208493,72.97297297297297
E00148670,565,79,22,57,486,39,447,13.982300884955754,3.893805309734513,10.08849557522124,86.01769911504424,6.902654867256637,79.11504424778761
E00148671,281,52,21,31,229,20,209,18.505338078291814,7.473309608540925,11.032028469750891,81.49466192170819,7.11743772241993,74.37722419928826
E00148672,312,61,21,40,251,26,225,19.55128205128205,6.730769230769231,12.82051282051282,80.44871794871796,8.333333333333332,72.11538461538461
E00148673,286,82,25,57,204,31,173,28.671328671328673,8.741258741258742,19.93006993006993,71.32867132867133,10.839160839160838,60.48951048951049
E00148674,273,62,26,36,211,17,194,22.71062271062271,9.523809523809524,13.186813186813188,77.2893772893773,6.227106227106227,71.06227106227107
E00148675,509,64,20,44,445,44,401,12.573673870333987,3.9292730844793713,8.644400785854616,87.42632612966601,8.644400785854616,78.7819253438114
E00148676,275,63,26,37,212,21,191,22.90909090909091,9.454545454545455,13.454545454545455,77.0909090909091,7.636363636363637,69.45454545454545
E00148677,253,40,12,28,213,24,189,15.810276679841898,4.743083003952568,11.067193675889328,84.18972332015811,9.486166007905137,74.70355731225297
E00148678,340,41,11,30,299,39,260,12.058823529411764,3.2352941176470593,8.823529411764707,87.94117647058823,11.470588235294118,76.47058823529412
E00148679,254,51,15,36,203,23,180,20.078740157480315,5.905511811023622,14.173228346456693,79.92125984251969,9.05511811023622,70.86614173228347
E00148680,398,83,35,48,315,27,288,20.85427135678392,8.793969849246231,12.060301507537687,79.14572864321609,6.78391959798995,72.36180904522614
E00148681,270,70,25,45,200,28,172,25.925925925925924,9.25925925925926,16.666666666666664,74.07407407407408,10.37037037037037,63.70370370370371
E00148682,214,39,14,25,175,16,159,18.22429906542056,6.5420560747663545,11.682242990654206,81.77570093457945,7.476635514018691,74.29906542056075
E00148683,128,26,9,17,102,14,88,20.3125,7.03125,13.28125,79.6875,10.9375,68.75
E00148686,253,82,30,52,171,17,154,32.41106719367589,11.857707509881422,20.55335968379447,67.58893280632411,6.719367588932807,60.86956521739131
E00148687,279,57,24,33,222,23,199,20.43010752688172,8.60215053763441,11.827956989247312,79.56989247311827,8.24372759856631,71.32616487455196
E00148688,362,67,20,47,295,23,272,18.50828729281768,5.524861878453039,12.98342541436464,81.49171270718232,6.353591160220995,75.13812154696133
E00148689,239,39,12,27,200,15,185,16.317991631799163,5.02092050209205,11.297071129707113,83.68200836820083,6.2761506276150625,77.40585774058577
E00148690,210,45,8,37,165,24,141,21.428571428571427,3.8095238095238098,17.61904761904762,78.57142857142857,11.428571428571429,67.14285714285714
E00148691,271,53,13,40,218,30,188,19.557195571955717,4.797047970479705,14.760147601476014,80.44280442804428,11.07011070110701,69.37269372693727
E00148692,287,64,27,37,223,18,205,22.299651567944252,9.40766550522648,12.89198606271777,77.70034843205575,6.2717770034843205,71.42857142857143
E00148693,286,38,14,24,248,34,214,13.286713286713287,4.895104895104895,8.391608391608392,86.7132867132867,11.888111888111888,74.82517482517483
E00148694,325,70,31,39,255,24,231,21.53846153846154,9.538461538461538,12,78.46153846153847,7.384615384615385,71.07692307692308
E00148695,357,54,21,33,303,30,273,15.126050420168067,5.88235294117647,9.243697478991598,84.87394957983193,8.403361344537815,76.47058823529412
E00148696,305,51,11,40,254,36,218,16.721311475409838,3.606557377049181,13.114754098360656,83.27868852459017,11.80327868852459,71.47540983606558
E00148697,242,63,37,26,179,19,160,26.033057851239672,15.289256198347106,10.743801652892563,73.96694214876032,7.851239669421488,66.11570247933885
E00148698,410,78,30,48,332,26,306,19.024390243902438,7.317073170731707,11.707317073170733,80.97560975609757,6.341463414634147,74.63414634146342
E00148699,317,54,14,40,263,35,228,17.034700315457414,4.416403785488959,12.618296529968454,82.96529968454259,11.041009463722396,71.92429022082018
E00148700,321,48,7,41,273,42,231,14.953271028037381,2.1806853582554515,12.77258566978193,85.04672897196261,13.084112149532709,71.96261682242991
E00148701,241,50,17,33,191,18,173,20.74688796680498,7.053941908713693,13.692946058091287,79.25311203319502,7.468879668049793,71.78423236514523
E00148702,252,57,23,34,195,21,174,22.61904761904762,9.126984126984127,13.492063492063492,77.38095238095238,8.333333333333332,69.04761904761905
E00148703,302,59,27,32,243,33,210,19.5364238410596,8.940397350993377,10.596026490066226,80.4635761589404,10.927152317880795,69.5364238410596
E00148704,287,51,22,29,236,24,212,17.770034843205575,7.665505226480835,10.104529616724738,82.22996515679442,8.362369337979095,73.86759581881533
E00148705,296,61,21,40,235,19,216,20.60810810810811,7.094594594594595,13.513513513513514,79.3918918918919,6.418918918918918,72.97297297297297
E00148706,255,66,28,38,189,23,166,25.882352941176475,10.980392156862745,14.901960784313726,74.11764705882354,9.019607843137255,65.09803921568627
E00148707,296,87,36,51,209,20,189,29.39189189189189,12.162162162162163,17.22972972972973,70.6081081081081,6.756756756756757,63.85135135135135
E00148708,261,72,26,46,189,25,164,27.586206896551722,9.961685823754788,17.624521072796934,72.41379310344827,9.578544061302683,62.83524904214559
E00148709,325,52,17,35,273,15,258,16,5.230769230769231,10.76923076923077,84,4.615384615384616,79.38461538461539
E00148710,324,69,28,41,255,24,231,21.296296296296298,8.641975308641975,12.654320987654321,78.70370370370371,7.4074074074074066,71.29629629629629
E00148711,205,32,8,24,173,20,153,15.609756097560975,3.902439024390244,11.707317073170733,84.39024390243902,9.75609756097561,74.63414634146342
E00148712,352,65,25,40,287,25,262,18.46590909090909,7.1022727272727275,11.363636363636363,81.5340909090909,7.1022727272727275,74.43181818181817
E00148713,332,76,23,53,256,36,220,22.89156626506024,6.927710843373494,15.963855421686745,77.10843373493977,10.843373493975903,66.26506024096386
E00148714,201,53,24,29,148,19,129,26.368159203980102,11.940298507462686,14.427860696517413,73.6318407960199,9.45273631840796,64.17910447761194
E00148715,277,45,17,28,232,26,206,16.24548736462094,6.137184115523466,10.108303249097473,83.75451263537906,9.386281588447654,74.36823104693141
E00148716,288,37,8,29,251,10,241,12.847222222222221,2.7777777777777777,10.069444444444445,87.15277777777779,3.4722222222222223,83.68055555555556
E00148717,210,55,17,38,155,12,143,26.190476190476193,8.095238095238095,18.095238095238095,73.80952380952381,5.714285714285714,68.0952380952381
E00148718,280,46,8,38,234,19,215,16.428571428571427,2.857142857142857,13.571428571428571,83.57142857142857,6.785714285714286,76.78571428571429
E00148719,269,42,16,26,227,16,211,15.613382899628252,5.947955390334572,9.66542750929368,84.38661710037175,5.947955390334572,78.43866171003717
E00148723,282,46,16,30,236,18,218,16.312056737588655,5.673758865248227,10.638297872340425,83.68794326241135,6.382978723404255,77.30496453900709
E00148724,288,35,11,24,253,23,230,12.152777777777777,3.8194444444444446,8.333333333333332,87.84722222222221,7.986111111111111,79.86111111111111
E00148725,181,36,15,21,145,16,129,19.88950276243094,8.287292817679557,11.602209944751381,80.11049723756905,8.83977900552486,71.27071823204419
E00148726,151,25,9,16,126,14,112,16.55629139072848,5.960264900662252,10.596026490066226,83.44370860927152,9.271523178807946,74.17218543046357
E00148727,341,57,22,35,284,34,250,16.715542521994134,6.451612903225806,10.263929618768328,83.28445747800586,9.970674486803519,73.31378299120234
E00148728,241,40,10,30,201,30,171,16.59751037344398,4.149377593360995,12.448132780082988,83.40248962655602,12.448132780082988,70.95435684647303
E00148729,157,18,7,11,139,10,129,11.464968152866243,4.45859872611465,7.006369426751593,88.53503184713377,6.369426751592357,82.16560509554141
E00148730,210,53,23,30,157,16,141,25.238095238095237,10.952380952380953,14.285714285714285,74.76190476190476,7.6190476190476195,67.14285714285714
E00148731,351,54,8,46,297,31,266,15.384615384615385,2.2792022792022792,13.105413105413104,84.61538461538461,8.831908831908832,75.78347578347578
E00148732,237,40,17,23,197,20,177,16.877637130801688,7.172995780590717,9.70464135021097,83.12236286919831,8.438818565400844,74.68354430379746
E00148733,364,58,18,40,306,27,279,15.934065934065933,4.945054945054945,10.989010989010989,84.06593406593407,7.417582417582418,76.64835164835165
E00148734,118,24,12,12,94,11,83,20.33898305084746,10.16949152542373,10.16949152542373,79.66101694915254,9.322033898305085,70.33898305084746
E00148735,212,28,9,19,184,11,173,13.20754716981132,4.245283018867925,8.962264150943396,86.79245283018868,5.188679245283019,81.60377358490565
E00148736,156,10,3,7,146,9,137,6.41025641025641,1.9230769230769231,4.487179487179487,93.58974358974359,5.769230769230769,87.82051282051282
E00148737,278,45,18,27,233,14,219,16.18705035971223,6.474820143884892,9.712230215827338,83.81294964028777,5.0359712230215825,78.77697841726618
E00148738,244,28,12,16,216,18,198,11.475409836065573,4.918032786885246,6.557377049180328,88.52459016393442,7.377049180327869,81.14754098360656
E00148739,278,51,14,37,227,22,205,18.345323741007196,5.0359712230215825,13.309352517985612,81.65467625899281,7.913669064748201,73.7410071942446
E00148740,383,21,2,19,362,17,345,5.483028720626632,0.5221932114882507,4.960835509138381,94.51697127937337,4.43864229765013,90.07832898172323
E00148741,258,9,1,8,249,15,234,3.488372093023256,0.3875968992248062,3.10077519379845,96.51162790697676,5.813953488372093,90.69767441860465
E00148742,255,68,30,38,187,25,162,26.666666666666668,11.76470588235294,14.901960784313726,73.33333333333333,9.803921568627452,63.52941176470588
E00148743,342,43,7,36,299,35,264,12.573099415204677,2.046783625730994,10.526315789473683,87.42690058479532,10.23391812865497,77.19298245614034
E00148744,232,55,20,35,177,12,165,23.70689655172414,8.620689655172415,15.086206896551724,76.29310344827587,5.172413793103448,71.12068965517241
E00148745,310,56,18,38,254,18,236,18.064516129032256,5.806451612903226,12.258064516129032,81.93548387096774,5.806451612903226,76.12903225806451
E00148746,324,49,10,39,275,35,240,15.123456790123457,3.0864197530864197,12.037037037037036,84.87654320987654,10.802469135802468,74.07407407407408
E00148747,305,34,11,23,271,19,252,11.147540983606557,3.606557377049181,7.540983606557377,88.85245901639345,6.229508196721312,82.62295081967214
E00148748,194,67,36,31,127,16,111,34.5360824742268,18.556701030927837,15.979381443298967,65.4639175257732,8.24742268041237,57.21649484536082
E00148750,393,88,32,56,305,41,264,22.391857506361323,8.142493638676845,14.249363867684478,77.60814249363868,10.432569974554708,67.17557251908397
E00148751,508,124,48,76,384,42,342,24.409448818897637,9.448818897637794,14.960629921259844,75.59055118110236,8.267716535433072,67.32283464566929
E00148752,471,84,30,54,387,35,352,17.8343949044586,6.369426751592357,11.464968152866243,82.16560509554141,7.43099787685775,74.73460721868365
E00148753,291,39,14,25,252,14,238,13.402061855670103,4.810996563573884,8.59106529209622,86.5979381443299,4.810996563573884,81.78694158075601
E00148754,314,109,71,38,205,20,185,34.71337579617834,22.611464968152866,12.101910828025478,65.28662420382165,6.369426751592357,58.917197452229296
E00148755,318,57,18,39,261,28,233,17.92452830188679,5.660377358490567,12.264150943396226,82.0754716981132,8.80503144654088,73.27044025157232
E00148756,252,38,16,22,214,20,194,15.079365079365079,6.349206349206349,8.73015873015873,84.92063492063492,7.936507936507936,76.98412698412699
E00148757,253,49,16,33,204,20,184,19.367588932806324,6.324110671936759,13.043478260869565,80.63241106719367,7.905138339920949,72.72727272727273
E00148758,234,79,39,40,155,17,138,33.76068376068376,16.666666666666664,17.094017094017094,66.23931623931624,7.264957264957266,58.97435897435898
E00148759,342,74,35,39,268,25,243,21.637426900584796,10.23391812865497,11.403508771929824,78.3625730994152,7.309941520467836,71.05263157894737
E00148760,333,49,12,37,284,23,261,14.714714714714713,3.6036036036036037,11.11111111111111,85.28528528528528,6.906906906906906,78.37837837837837
E00148761,286,59,18,41,227,19,208,20.62937062937063,6.293706293706294,14.335664335664337,79.37062937062937,6.643356643356643,72.72727272727273
E00148762,314,64,22,42,250,37,213,20.382165605095544,7.006369426751593,13.375796178343949,79.61783439490446,11.78343949044586,67.83439490445859
E00148763,288,41,13,28,247,28,219,14.23611111111111,4.513888888888888,9.722222222222223,85.76388888888889,9.722222222222223,76.04166666666666
E00148764,296,65,26,39,231,38,193,21.95945945945946,8.783783783783784,13.175675675675674,78.04054054054053,12.837837837837837,65.2027027027027
E00148765,372,50,18,32,322,31,291,13.440860215053762,4.838709677419355,8.60215053763441,86.55913978494624,8.333333333333332,78.2258064516129
E00148766,283,62,26,36,221,34,187,21.908127208480565,9.187279151943462,12.7208480565371,78.09187279151944,12.014134275618375,66.07773851590106
E00148767,248,44,10,34,204,31,173,17.741935483870968,4.032258064516129,13.709677419354838,82.25806451612904,12.5,69.75806451612904
E00148768,389,63,27,36,326,44,282,16.195372750642672,6.940874035989718,9.254498714652955,83.80462724935732,11.311053984575835,72.49357326478149
E00148769,246,59,24,35,187,27,160,23.983739837398375,9.75609756097561,14.227642276422763,76.01626016260163,10.975609756097562,65.04065040650406
E00148770,315,54,15,39,261,31,230,17.142857142857142,4.761904761904762,12.380952380952381,82.85714285714286,9.841269841269842,73.01587301587301
E00148771,379,75,42,33,304,25,279,19.788918205804748,11.081794195250659,8.70712401055409,80.21108179419525,6.596306068601583,73.61477572559367
E00148772,387,66,24,42,321,30,291,17.05426356589147,6.2015503875969,10.852713178294573,82.94573643410853,7.751937984496124,75.1937984496124
E00148773,270,50,18,32,220,33,187,18.51851851851852,6.666666666666667,11.851851851851853,81.48148148148148,12.222222222222221,69.25925925925925
E00148774,330,52,17,35,278,46,232,15.757575757575756,5.151515151515151,10.606060606060606,84.24242424242424,13.939393939393941,70.3030303030303
E00148775,341,68,27,41,273,25,248,19.941348973607038,7.9178885630498534,12.023460410557185,80.05865102639295,7.331378299120235,72.72727272727273
E00148776,285,56,22,34,229,38,191,19.649122807017545,7.719298245614035,11.929824561403509,80.35087719298247,13.333333333333334,67.01754385964912
E00148777,240,84,43,41,156,16,140,35,17.916666666666668,17.083333333333332,65,6.666666666666667,58.333333333333336
E00148778,360,56,26,30,304,37,267,15.555555555555555,7.222222222222221,8.333333333333332,84.44444444444444,10.277777777777777,74.16666666666667
E00148779,475,64,21,43,411,39,372,13.473684210526315,4.421052631578947,9.05263157894737,86.52631578947368,8.210526315789474,78.3157894736842
E00148780,396,74,27,47,322,31,291,18.68686868686869,6.8181818181818175,11.868686868686869,81.31313131313132,7.828282828282829,73.48484848484848
E00148781,360,59,25,34,301,38,263,16.38888888888889,6.944444444444445,9.444444444444445,83.61111111111111,10.555555555555555,73.05555555555556
E00148782,387,67,25,42,320,25,295,17.31266149870801,6.459948320413436,10.852713178294573,82.68733850129199,6.459948320413436,76.22739018087856
E00148783,331,46,15,31,285,18,267,13.897280966767372,4.531722054380665,9.365558912386707,86.10271903323263,5.438066465256798,80.66465256797582
E00148784,306,64,23,41,242,18,224,20.915032679738562,7.516339869281046,13.398692810457517,79.08496732026144,5.88235294117647,73.20261437908496
E00148785,299,47,22,25,252,35,217,15.719063545150503,7.357859531772576,8.361204013377927,84.2809364548495,11.705685618729097,72.5752508361204
E00148786,291,60,20,40,231,22,209,20.618556701030926,6.872852233676976,13.745704467353953,79.38144329896907,7.560137457044673,71.8213058419244
E00148787,291,46,9,37,245,29,216,15.807560137457044,3.0927835051546393,12.714776632302405,84.19243986254295,9.965635738831615,74.22680412371135
E00148788,273,50,15,35,223,25,198,18.315018315018314,5.4945054945054945,12.82051282051282,81.68498168498168,9.157509157509157,72.52747252747253
E00148789,304,37,8,29,267,24,243,12.171052631578947,2.631578947368421,9.539473684210527,87.82894736842105,7.894736842105263,79.93421052631578
E00148790,366,60,9,51,306,41,265,16.39344262295082,2.459016393442623,13.934426229508196,83.60655737704919,11.202185792349727,72.40437158469946
E00148791,159,16,5,11,143,9,134,10.062893081761008,3.1446540880503147,6.918238993710692,89.937106918239,5.660377358490567,84.27672955974843
E00148792,401,59,16,43,342,49,293,14.713216957605985,3.99002493765586,10.723192019950124,85.286783042394,12.219451371571072,73.06733167082294
E00148793,249,34,12,22,215,28,187,13.654618473895583,4.819277108433735,8.835341365461847,86.34538152610442,11.244979919678714,75.1004016064257
E00148794,292,65,18,47,227,23,204,22.26027397260274,6.164383561643835,16.095890410958905,77.73972602739725,7.876712328767123,69.86301369863014
E00148795,285,90,62,28,195,25,170,31.57894736842105,21.75438596491228,9.824561403508772,68.42105263157895,8.771929824561402,59.64912280701754
E00148796,324,57,30,27,267,24,243,17.59259259259259,9.25925925925926,8.333333333333332,82.4074074074074,7.4074074074074066,75
E00148797,285,37,8,29,248,21,227,12.982456140350877,2.807017543859649,10.175438596491228,87.01754385964912,7.368421052631578,79.64912280701755
E00148798,355,67,19,48,288,47,241,18.87323943661972,5.352112676056338,13.521126760563378,81.12676056338029,13.239436619718308,67.88732394366197
E00148799,352,68,21,47,284,30,254,19.318181818181817,5.965909090909091,13.352272727272727,80.68181818181817,8.522727272727272,72.1590909090909
E00148800,307,61,18,43,246,35,211,19.86970684039088,5.863192182410423,14.006514657980457,80.13029315960912,11.400651465798045,68.72964169381108
E00148801,300,40,8,32,260,26,234,13.333333333333334,2.666666666666667,10.666666666666668,86.66666666666667,8.666666666666668,78
E00148802,409,46,15,31,363,38,325,11.246943765281173,3.6674816625916873,7.579462102689487,88.75305623471883,9.290953545232274,79.46210268948656
E00148803,504,113,54,59,391,34,357,22.42063492063492,10.714285714285714,11.706349206349206,77.57936507936508,6.746031746031746,70.83333333333334
E00148804,366,56,26,30,310,34,276,15.300546448087433,7.103825136612022,8.19672131147541,84.69945355191257,9.289617486338798,75.40983606557377
E00148805,311,56,17,39,255,20,235,18.006430868167204,5.466237942122187,12.540192926045016,81.9935691318328,6.430868167202572,75.56270096463022
E00148806,232,34,13,21,198,19,179,14.655172413793101,5.603448275862069,9.051724137931034,85.34482758620689,8.189655172413794,77.15517241379311
E00148807,271,50,16,34,221,25,196,18.45018450184502,5.904059040590406,12.546125461254611,81.54981549815497,9.22509225092251,72.32472324723247
E00148808,390,74,30,44,316,44,272,18.974358974358974,7.6923076923076925,11.282051282051283,81.02564102564102,11.282051282051283,69.74358974358974
E00148809,329,44,10,34,285,43,242,13.37386018237082,3.0395136778115504,10.33434650455927,86.62613981762918,13.069908814589665,73.55623100303951
E00148810,279,37,12,25,242,19,223,13.261648745519713,4.301075268817205,8.960573476702509,86.73835125448028,6.810035842293908,79.92831541218638
E00148811,301,60,24,36,241,26,215,19.93355481727575,7.973421926910299,11.960132890365449,80.06644518272425,8.637873754152823,71.42857142857143
E00148812,298,44,14,30,254,25,229,14.76510067114094,4.697986577181208,10.06711409395973,85.23489932885906,8.389261744966444,76.84563758389261
E00148813,286,42,23,19,244,21,223,14.685314685314685,8.041958041958042,6.643356643356643,85.3146853146853,7.3426573426573425,77.97202797202797
E00148814,268,40,12,28,228,31,197,14.925373134328357,4.477611940298507,10.44776119402985,85.07462686567165,11.567164179104477,73.50746268656717
E00148815,230,45,20,25,185,16,169,19.565217391304348,8.695652173913043,10.869565217391305,80.43478260869566,6.956521739130435,73.47826086956522
E00148816,386,84,38,46,302,27,275,21.761658031088082,9.844559585492227,11.917098445595855,78.23834196891191,6.994818652849741,71.24352331606218
E00148817,245,38,16,22,207,23,184,15.510204081632653,6.530612244897959,8.979591836734693,84.48979591836735,9.387755102040817,75.10204081632654
E00148818,313,35,8,27,278,41,237,11.182108626198083,2.5559105431309903,8.626198083067091,88.81789137380191,13.099041533546327,75.71884984025559
E00148819,333,52,19,33,281,31,250,15.615615615615615,5.7057057057057055,9.90990990990991,84.38438438438438,9.30930930930931,75.07507507507508
E00148820,290,88,41,47,202,23,179,30.344827586206897,14.13793103448276,16.206896551724135,69.6551724137931,7.931034482758621,61.724137931034484
E00148821,260,48,19,29,212,22,190,18.461538461538463,7.307692307692308,11.153846153846155,81.53846153846153,8.461538461538462,73.07692307692307
E00148822,397,67,26,41,330,43,287,16.876574307304786,6.54911838790932,10.327455919395465,83.12342569269522,10.831234256926953,72.29219143576826
E00148823,127,18,7,11,109,13,96,14.173228346456693,5.511811023622047,8.661417322834646,85.8267716535433,10.236220472440944,75.59055118110236
E00148824,238,36,16,20,202,20,182,15.126050420168067,6.722689075630252,8.403361344537815,84.87394957983193,8.403361344537815,76.47058823529412
E00148825,266,48,16,32,218,21,197,18.045112781954884,6.015037593984962,12.030075187969924,81.95488721804512,7.894736842105263,74.06015037593986
E00148826,243,48,15,33,195,22,173,19.753086419753085,6.172839506172839,13.580246913580247,80.24691358024691,9.053497942386832,71.19341563786008
E00148827,320,45,17,28,275,37,238,14.0625,5.3125,8.75,85.9375,11.5625,74.375
E00148828,271,77,36,41,194,16,178,28.413284132841326,13.284132841328415,15.129151291512915,71.58671586715867,5.904059040590406,65.68265682656826
E00148829,362,81,39,42,281,40,241,22.375690607734807,10.773480662983426,11.602209944751381,77.62430939226519,11.049723756906078,66.57458563535911
E00148830,549,99,31,68,450,47,403,18.0327868852459,5.646630236794172,12.386156648451731,81.9672131147541,8.561020036429873,73.40619307832422
E00148831,390,100,39,61,290,17,273,25.64102564102564,10,15.64102564102564,74.35897435897436,4.358974358974359,70
E00148832,419,70,18,52,349,36,313,16.706443914081145,4.295942720763723,12.410501193317423,83.29355608591885,8.591885441527445,74.7016706443914
E00148833,239,65,27,38,174,16,158,27.19665271966527,11.297071129707113,15.899581589958158,72.80334728033473,6.694560669456067,66.10878661087865
E00148834,275,85,43,42,190,23,167,30.909090909090907,15.636363636363637,15.272727272727273,69.0909090909091,8.363636363636363,60.72727272727273
E00148835,278,51,18,33,227,33,194,18.345323741007196,6.474820143884892,11.870503597122301,81.65467625899281,11.870503597122301,69.7841726618705
E00148836,312,59,21,38,253,19,234,18.91025641025641,6.730769230769231,12.179487179487179,81.08974358974359,6.089743589743589,75
E00148837,317,52,16,36,265,16,249,16.40378548895899,5.047318611987381,11.35646687697161,83.59621451104101,5.047318611987381,78.54889589905363
E00148838,353,75,28,47,278,34,244,21.246458923512748,7.932011331444759,13.314447592067987,78.75354107648725,9.631728045325778,69.12181303116147
E00148839,350,77,19,58,273,35,238,22,5.428571428571429,16.57142857142857,78,10,68
E00148840,330,64,17,47,266,33,233,19.393939393939394,5.151515151515151,14.242424242424242,80.60606060606061,10,70.60606060606061
E00148841,367,53,18,35,314,32,282,14.441416893732969,4.904632152588556,9.536784741144414,85.55858310626702,8.71934604904632,76.83923705722071
E00148842,266,64,28,36,202,23,179,24.06015037593985,10.526315789473683,13.533834586466165,75.93984962406014,8.646616541353383,67.29323308270678
E00148843,306,53,22,31,253,28,225,17.320261437908496,7.18954248366013,10.130718954248366,82.6797385620915,9.15032679738562,73.52941176470588
E00148844,452,73,33,40,379,38,341,16.150442477876105,7.300884955752212,8.849557522123893,83.8495575221239,8.4070796460177,75.4424778761062
E00148845,317,74,31,43,243,20,223,23.34384858044164,9.779179810725552,13.564668769716087,76.65615141955836,6.309148264984227,70.347003154574125
E00148846,125,15,3,12,110,6,104,12,2.4,9.6,88,4.8,83.2
E00148847,438,56,17,39,382,29,353,12.785388127853881,3.881278538812785,8.904109589041095,87.21461187214612,6.621004566210045,80.59360730593608
E00148848,453,54,22,32,399,38,361,11.920529801324504,4.856512141280353,7.06401766004415,88.0794701986755,8.388520971302428,79.69094922737307
E00148849,196,25,9,16,171,7,164,12.755102040816327,4.591836734693878,8.16326530612245,87.24489795918367,3.571428571428571,83.6734693877551
E00148850,315,41,14,27,274,34,240,13.015873015873018,4.444444444444445,8.571428571428571,86.98412698412699,10.793650793650794,76.19047619047619
E00148851,271,41,14,27,230,19,211,15.129151291512915,5.166051660516605,9.96309963099631,84.87084870848709,7.011070110701106,77.85977859778598
E00148852,125,14,4,10,111,17,94,11.200000000000001,3.2,8,88.8,13.600000000000001,75.2
E00148853,209,23,7,16,186,18,168,11.004784688995215,3.349282296650718,7.655502392344498,88.99521531100478,8.61244019138756,80.38277511961722
E00148854,172,27,8,19,145,23,122,15.69767441860465,4.651162790697675,11.046511627906977,84.30232558139535,13.372093023255813,70.93023255813954
E00148855,164,20,7,13,144,9,135,12.195121951219512,4.2682926829268295,7.926829268292683,87.8048780487805,5.487804878048781,82.3170731707317
E00148856,416,78,21,57,338,36,302,18.75,5.048076923076923,13.701923076923078,81.25,8.653846153846153,72.59615384615384
E00148857,448,73,27,46,375,39,336,16.294642857142858,6.026785714285714,10.267857142857142,83.70535714285714,8.705357142857142,75
E00148858,481,80,29,51,401,36,365,16.632016632016633,6.029106029106029,10.602910602910603,83.36798336798337,7.484407484407485,75.88357588357589
E00148859,353,51,18,33,302,29,273,14.44759206798867,5.099150141643059,9.34844192634561,85.55240793201133,8.21529745042493,77.33711048158641
E00148860,353,43,17,26,310,36,274,12.181303116147308,4.815864022662889,7.365439093484419,87.81869688385268,10.198300283286118,77.62039660056658
E00148861,268,34,8,26,234,26,208,12.686567164179104,2.9850746268656714,9.701492537313433,87.31343283582089,9.701492537313433,77.61194029850746
E00148862,233,48,20,28,185,26,159,20.600858369098713,8.583690987124463,12.017167381974248,79.39914163090128,11.158798283261802,68.24034334763948
E00148863,353,54,19,35,299,31,268,15.29745042492918,5.382436260623229,9.91501416430595,84.70254957507082,8.78186968838527,75.92067988668555
E00148864,389,69,23,46,320,36,284,17.737789203084834,5.912596401028278,11.825192802056556,82.26221079691517,9.254498714652955,73.00771208226222
E00148865,365,69,25,44,296,28,268,18.904109589041095,6.8493150684931505,12.054794520547945,81.0958904109589,7.671232876712329,73.42465753424658
E00148867,231,49,22,27,182,30,152,21.21212121212121,9.523809523809524,11.688311688311687,78.78787878787878,12.987012987012985,65.80086580086581
E00148868,268,48,24,24,220,18,202,17.91044776119403,8.955223880597014,8.955223880597014,82.08955223880598,6.7164179104477615,75.3731343283582
E00148869,286,60,16,44,226,32,194,20.97902097902098,5.594405594405594,15.384615384615385,79.02097902097903,11.188811188811188,67.83216783216784
E00148870,275,44,11,33,231,21,210,16,4,12,84,7.636363636363637,76.36363636363637
E00148871,271,61,28,33,210,24,186,22.509225092250922,10.33210332103321,12.177121771217712,77.49077490774908,8.856088560885608,68.63468634686348
E00148872,299,60,25,35,239,25,214,20.066889632107024,8.361204013377927,11.705685618729097,79.93311036789298,8.361204013377927,71.57190635451505
E00148873,285,80,37,43,205,26,179,28.07017543859649,12.982456140350877,15.087719298245613,71.9298245614035,9.12280701754386,62.807017543859644
E00148874,285,56,25,31,229,37,192,19.649122807017545,8.771929824561402,10.87719298245614,80.35087719298247,12.982456140350877,67.36842105263158
E00148875,389,79,32,47,310,31,279,20.308483290488432,8.226221079691516,12.082262210796916,79.69151670951156,7.969151670951156,71.72236503856041
E00148877,275,58,18,40,217,21,196,21.09090909090909,6.545454545454546,14.545454545454545,78.9090909090909,7.636363636363637,71.27272727272728
E00148878,289,61,24,37,228,25,203,21.10726643598616,8.304498269896193,12.802768166089965,78.89273356401384,8.650519031141869,70.24221453287197
E00148879,278,72,29,43,206,18,188,25.899280575539567,10.431654676258994,15.467625899280577,74.10071942446042,6.474820143884892,67.62589928057554
E00148880,339,104,50,54,235,26,209,30.678466076696164,14.749262536873156,15.929203539823009,69.32153392330383,7.669616519174041,61.6519174041298
E00148881,283,58,21,37,225,22,203,20.49469964664311,7.420494699646643,13.074204946996467,79.50530035335689,7.773851590106007,71.73144876325088
E00148882,356,61,25,36,295,21,274,17.134831460674157,7.02247191011236,10.112359550561797,82.86516853932584,5.8988764044943816,76.96629213483146
E00148883,287,55,20,35,232,23,209,19.16376306620209,6.968641114982578,12.195121951219512,80.8362369337979,8.013937282229964,72.82229965156795
E00148885,243,48,19,29,195,16,179,19.753086419753085,7.818930041152264,11.934156378600823,80.24691358024691,6.584362139917696,73.66255144032921
E00148886,431,78,34,44,353,34,319,18.097447795823665,7.888631090487238,10.208816705336426,81.90255220417633,7.888631090487238,74.0139211136891
E00148887,337,72,31,41,265,26,239,21.364985163204746,9.198813056379821,12.166172106824925,78.63501483679525,7.71513353115727,70.91988130563797
E00148888,294,44,14,30,250,26,224,14.965986394557824,4.761904761904762,10.204081632653061,85.03401360544217,8.843537414965986,76.19047619047619
E00148889,314,75,34,41,239,40,199,23.88535031847134,10.828025477707007,13.05732484076433,76.11464968152866,12.738853503184714,63.37579617834395
E00148890,327,91,45,46,236,16,220,27.82874617737003,13.761467889908257,14.067278287461773,72.17125382262996,4.892966360856269,67.2782874617737
E00148891,330,37,12,25,293,21,272,11.212121212121213,3.6363636363636362,7.575757575757576,88.7878787878788,6.363636363636363,82.42424242424242
E00148893,350,59,19,40,291,31,260,16.857142857142858,5.428571428571429,11.428571428571429,83.14285714285714,8.857142857142856,74.28571428571429
E00148894,392,74,31,43,318,35,283,18.877551020408163,7.908163265306123,10.96938775510204,81.12244897959184,8.928571428571429,72.1938775510204
E00148895,275,81,37,44,194,22,172,29.454545454545457,13.454545454545455,16,70.54545454545455,8,62.54545454545455
E00148896,297,45,19,26,252,23,229,15.151515151515152,6.397306397306397,8.754208754208754,84.84848484848484,7.744107744107744,77.10437710437711
E00148897,379,81,31,50,298,28,270,21.372031662269126,8.179419525065963,13.192612137203167,78.62796833773086,7.387862796833773,71.2401055408971
E00148898,224,41,13,28,183,22,161,18.303571428571427,5.803571428571429,12.5,81.69642857142857,9.821428571428571,71.875
E00148899,202,38,13,25,164,21,143,18.81188118811881,6.435643564356436,12.376237623762377,81.1881188118812,10.396039603960396,70.79207920792079
E00148900,288,48,12,36,240,24,216,16.666666666666664,4.166666666666666,12.5,83.33333333333334,8.333333333333332,75
E00148901,266,60,20,40,206,29,177,22.55639097744361,7.518796992481203,15.037593984962406,77.44360902255639,10.902255639097744,66.54135338345864
E00148902,336,65,24,41,271,39,232,19.345238095238095,7.142857142857142,12.202380952380953,80.65476190476191,11.607142857142858,69.04761904761905
E00148903,295,42,14,28,253,28,225,14.237288135593221,4.745762711864407,9.491525423728813,85.76271186440678,9.491525423728813,76.27118644067797
E00148904,249,37,9,28,212,18,194,14.859437751004014,3.614457831325301,11.244979919678714,85.14056224899599,7.228915662650602,77.91164658634538
E00148905,265,46,24,22,219,28,191,17.358490566037734,9.056603773584905,8.30188679245283,82.64150943396227,10.566037735849058,72.0754716981132
E00148906,225,66,27,39,159,21,138,29.333333333333332,12,17.333333333333336,70.66666666666667,9.333333333333334,61.33333333333333
E00148907,327,48,16,32,279,29,250,14.678899082568808,4.892966360856269,9.785932721712538,85.3211009174312,8.868501529051988,76.45259938837921
E00148908,270,48,13,35,222,16,206,17.77777777777778,4.814814814814815,12.962962962962962,82.22222222222221,5.9259259259259265,76.29629629629629
E00148909,170,26,6,20,144,12,132,15.294117647058824,3.5294117647058822,11.76470588235294,84.70588235294117,7.0588235294117645,77.64705882352942
E00148910,251,52,23,29,199,22,177,20.717131474103585,9.163346613545817,11.553784860557768,79.2828685258964,8.764940239043826,70.5179282868526
E00148911,372,75,31,44,297,22,275,20.161290322580644,8.333333333333332,11.827956989247312,79.83870967741935,5.913978494623656,73.9247311827957
E00148912,354,56,17,39,298,31,267,15.819209039548024,4.80225988700565,11.016949152542372,84.18079096045197,8.757062146892656,75.42372881355932
E00148913,270,73,26,47,197,24,173,27.037037037037038,9.62962962962963,17.40740740740741,72.96296296296296,8.88888888888889,64.07407407407408
E00148914,377,91,48,43,286,22,264,24.137931034482758,12.73209549071618,11.405835543766578,75.86206896551724,5.835543766578249,70.026525198939
E00148915,450,88,41,47,362,19,343,19.555555555555557,9.11111111111111,10.444444444444445,80.44444444444444,4.222222222222222,76.22222222222223
E00148916,275,49,15,34,226,14,212,17.81818181818182,5.454545454545454,12.363636363636363,82.18181818181817,5.090909090909091,77.0909090909091
E00148917,330,60,27,33,270,17,253,18.181818181818183,8.181818181818182,10,81.81818181818183,5.151515151515151,76.66666666666667
E00148918,333,56,20,36,277,24,253,16.816816816816818,6.006006006006006,10.81081081081081,83.18318318318319,7.207207207207207,75.97597597597597
E00148919,290,77,28,49,213,22,191,26.551724137931032,9.655172413793103,16.896551724137932,73.44827586206897,7.586206896551724,65.86206896551724
E00148920,344,97,57,40,247,20,227,28.197674418604652,16.569767441860463,11.627906976744185,71.80232558139535,5.813953488372093,65.98837209302324
E00148921,335,61,17,44,274,21,253,18.208955223880597,5.074626865671641,13.134328358208954,81.7910447761194,6.26865671641791,75.5223880597015
E00148922,286,35,11,24,251,19,232,12.237762237762238,3.8461538461538463,8.391608391608392,87.76223776223776,6.643356643356643,81.11888111888112
E00148923,271,39,14,25,232,23,209,14.391143911439114,5.166051660516605,9.22509225092251,85.60885608856088,8.487084870848708,77.12177121771218
E00148924,327,57,30,27,270,19,251,17.431192660550458,9.174311926605505,8.256880733944955,82.56880733944955,5.81039755351682,76.75840978593273
E00148925,235,38,18,20,197,18,179,16.170212765957448,7.659574468085106,8.51063829787234,83.82978723404256,7.659574468085106,76.17021276595744
E00148926,349,30,13,17,319,25,294,8.595988538681947,3.7249283667621778,4.871060171919771,91.40401146131805,7.163323782234957,84.2406876790831
E00148927,205,44,17,27,161,8,153,21.463414634146343,8.292682926829269,13.170731707317074,78.53658536585367,3.902439024390244,74.63414634146342
E00148930,515,89,44,45,426,30,396,17.281553398058254,8.54368932038835,8.737864077669903,82.71844660194175,5.825242718446602,76.89320388349515
E00148931,338,68,27,41,270,30,240,20.118343195266274,7.988165680473373,12.1301775147929,79.88165680473372,8.875739644970414,71.00591715976331
E00148932,260,81,38,43,179,20,159,31.153846153846153,14.615384615384617,16.538461538461537,68.84615384615384,7.6923076923076925,61.15384615384616
E00148933,343,56,24,32,287,23,264,16.3265306122449,6.997084548104956,9.329446064139942,83.6734693877551,6.705539358600583,76.96793002915452
E00148934,386,82,31,51,304,19,285,21.243523316062177,8.031088082901555,13.21243523316062,78.75647668393782,4.922279792746114,73.83419689119171
E00148935,286,69,26,43,217,17,200,24.125874125874127,9.090909090909092,15.034965034965033,75.87412587412588,5.944055944055944,69.93006993006993
E00148936,336,78,44,34,258,14,244,23.214285714285715,13.095238095238097,10.119047619047619,76.78571428571429,4.166666666666666,72.61904761904762
E00148937,235,73,37,36,162,22,140,31.06382978723404,15.74468085106383,15.319148936170212,68.93617021276596,9.361702127659575,59.57446808510638
E00148938,318,77,33,44,241,14,227,24.21383647798742,10.377358490566039,13.836477987421384,75.78616352201259,4.40251572327044,71.38364779874213
E00148939,334,84,37,47,250,23,227,25.149700598802394,11.077844311377245,14.071856287425149,74.8502994011976,6.88622754491018,67.96407185628742
E00148940,255,56,18,38,199,21,178,21.96078431372549,7.0588235294117645,14.901960784313726,78.03921568627452,8.235294117647058,69.80392156862744
E00148941,297,36,10,26,261,18,243,12.121212121212121,3.3670033670033668,8.754208754208754,87.87878787878788,6.0606060606060606,81.81818181818183
E00148942,339,53,18,35,286,27,259,15.634218289085547,5.3097345132743365,10.32448377581121,84.36578171091446,7.964601769911504,76.40117994100295
E00148943,354,79,42,37,275,19,256,22.316384180790962,11.864406779661017,10.451977401129943,77.68361581920904,5.367231638418079,72.31638418079096
E00148944,227,39,10,29,188,18,170,17.180616740088105,4.405286343612335,12.77533039647577,82.81938325991189,7.929515418502203,74.8898678414097
E00148945,317,72,19,53,245,19,226,22.71293375394322,5.993690851735016,16.7192429022082,77.28706624605678,5.993690851735016,71.29337539432177
E00148946,289,50,15,35,239,20,219,17.301038062283737,5.190311418685121,12.110726643598616,82.69896193771626,6.920415224913495,75.77854671280276
E00148947,251,43,14,29,208,24,184,17.131474103585656,5.577689243027888,11.553784860557768,82.86852589641434,9.56175298804781,73.30677290836654
E00148948,370,37,16,21,333,30,303,10,4.324324324324325,5.675675675675676,90,8.108108108108109,81.89189189189189
E00148949,301,72,30,42,229,24,205,23.920265780730897,9.966777408637874,13.953488372093023,76.0797342192691,7.973421926910299,68.10631229235881
E00148950,409,80,35,45,329,23,306,19.559902200489,8.557457212713937,11.00244498777506,80.440097799511,5.623471882640587,74.81662591687042
E00148952,379,103,44,59,276,22,254,27.176781002638524,11.609498680738787,15.567282321899736,72.82321899736148,5.804749340369393,67.01846965699208
E00148953,249,69,31,38,180,16,164,27.710843373493976,12.449799196787147,15.261044176706829,72.28915662650603,6.425702811244979,65.86345381526104
E00148954,364,64,30,34,300,16,284,17.582417582417584,8.241758241758241,9.340659340659341,82.41758241758241,4.395604395604396,78.02197802197803
E00148955,256,35,21,14,221,28,193,13.671875,8.203125,5.46875,86.328125,10.9375,75.390625
E00148956,476,106,53,53,370,25,345,22.268907563025213,11.134453781512606,11.134453781512606,77.73109243697479,5.2521008403361344,72.47899159663865
E00148957,349,66,22,44,283,19,264,18.911174785100286,6.303724928366762,12.607449856733524,81.08882521489971,5.444126074498568,75.64469914040114
E00148958,297,55,19,36,242,26,216,18.51851851851852,6.397306397306397,12.121212121212121,81.48148148148148,8.754208754208754,72.72727272727273
E00148959,238,39,7,32,199,21,178,16.386554621848738,2.941176470588235,13.445378151260504,83.61344537815127,8.823529411764707,74.78991596638656
E00148960,299,47,20,27,252,19,233,15.719063545150503,6.688963210702341,9.03010033444816,84.2809364548495,6.354515050167224,77.92642140468227
E00148961,257,40,11,29,217,19,198,15.56420233463035,4.280155642023346,11.284046692607005,84.43579766536965,7.392996108949417,77.04280155642024
E00148962,290,41,15,26,249,18,231,14.13793103448276,5.172413793103448,8.96551724137931,85.86206896551725,6.206896551724138,79.65517241379311
E00148963,497,81,35,46,416,29,387,16.297786720321934,7.042253521126761,9.25553319919517,83.70221327967808,5.8350100603621735,77.8672032193159
E00148964,477,75,30,45,402,35,367,15.723270440251572,6.289308176100629,9.433962264150944,84.27672955974843,7.337526205450734,76.93920335429769
E00148965,293,50,19,31,243,28,215,17.064846416382252,6.484641638225256,10.580204778156997,82.93515358361775,9.556313993174061,73.37883959044369
E00148967,371,48,16,32,323,36,287,12.93800539083558,4.31266846361186,8.62533692722372,87.06199460916442,9.703504043126685,77.35849056603774
E00148968,456,103,48,55,353,30,323,22.587719298245617,10.526315789473683,12.06140350877193,77.41228070175438,6.578947368421052,70.83333333333334
E00148969,348,76,27,49,272,22,250,21.839080459770116,7.758620689655173,14.080459770114942,78.16091954022988,6.321839080459771,71.83908045977012
E00148970,288,56,16,40,232,16,216,19.444444444444446,5.555555555555555,13.88888888888889,80.55555555555556,5.555555555555555,75
E00148973,321,51,15,36,270,30,240,15.887850467289718,4.672897196261682,11.214953271028037,84.11214953271028,9.345794392523365,74.76635514018692
E00148974,281,45,13,32,236,22,214,16.014234875444842,4.6263345195729535,11.387900355871885,83.98576512455516,7.829181494661921,76.15658362989323
E00148975,244,46,22,24,198,17,181,18.852459016393443,9.01639344262295,9.836065573770492,81.14754098360656,6.967213114754098,74.18032786885246
E00148976,278,40,15,25,238,27,211,14.388489208633093,5.39568345323741,8.992805755395683,85.61151079136691,9.712230215827338,75.89928057553958
E00148977,297,48,15,33,249,16,233,16.161616161616163,5.05050505050505,11.11111111111111,83.83838383838383,5.387205387205387,78.45117845117845
E00148978,274,59,19,40,215,37,178,21.532846715328464,6.934306569343065,14.5985401459854,78.46715328467153,13.503649635036496,64.96350364963503
E00148979,306,38,9,29,268,19,249,12.418300653594772,2.941176470588235,9.477124183006536,87.58169934640523,6.209150326797386,81.37254901960785
E00148980,330,56,25,31,274,30,244,16.969696969696972,7.575757575757576,9.393939393939393,83.03030303030303,9.090909090909092,73.93939393939394
E00148981,265,49,19,30,216,19,197,18.49056603773585,7.169811320754717,11.320754716981133,81.50943396226415,7.169811320754717,74.33962264150942
E00148982,286,70,22,48,216,25,191,24.475524475524477,7.6923076923076925,16.783216783216783,75.52447552447552,8.741258741258742,66.78321678321679
E00148983,343,41,17,24,302,28,274,11.9533527696793,4.956268221574344,6.997084548104956,88.0466472303207,8.16326530612245,79.88338192419825
E00148984,278,43,14,29,235,26,209,15.467625899280577,5.0359712230215825,10.431654676258994,84.53237410071942,9.352517985611511,75.17985611510791
E00148985,288,49,21,28,239,17,222,17.01388888888889,7.291666666666667,9.722222222222223,82.98611111111111,5.902777777777778,77.08333333333334
E00148986,287,58,28,30,229,16,213,20.209059233449477,9.75609756097561,10.452961672473867,79.79094076655052,5.574912891986063,74.21602787456446
E00148987,288,74,33,41,214,25,189,25.694444444444443,11.458333333333332,14.23611111111111,74.30555555555556,8.680555555555555,65.625
E00148988,246,62,37,25,184,20,164,25.203252032520325,15.040650406504067,10.16260162601626,74.79674796747967,8.130081300813007,66.66666666666666
E00148989,205,45,23,22,160,13,147,21.951219512195124,11.219512195121952,10.731707317073171,78.04878048780488,6.341463414634147,71.70731707317073
E00148990,326,65,20,45,261,18,243,19.938650306748464,6.134969325153374,13.803680981595093,80.06134969325154,5.521472392638037,74.5398773006135
E00148991,386,112,75,37,274,21,253,29.015544041450774,19.4300518134715,9.585492227979273,70.98445595854922,5.4404145077720205,65.5440414507772
E00148992,316,65,26,39,251,27,224,20.569620253164558,8.227848101265822,12.341772151898734,79.43037974683544,8.544303797468354,70.88607594936708
E00148993,383,88,22,66,295,41,254,22.97650130548303,5.7441253263707575,17.232375979112273,77.02349869451697,10.704960835509137,66.31853785900783
E00148994,228,57,26,31,171,11,160,25,11.403508771929824,13.596491228070176,75,4.824561403508771,70.17543859649122
E00148995,334,54,17,37,280,34,246,16.16766467065868,5.089820359281437,11.077844311377245,83.8323353293413,10.179640718562874,73.65269461077844
E00148996,315,51,20,31,264,32,232,16.19047619047619,6.349206349206349,9.841269841269842,83.80952380952381,10.158730158730158,73.65079365079366
E00148997,304,64,29,35,240,30,210,21.052631578947366,9.539473684210527,11.513157894736842,78.94736842105263,9.868421052631579,69.07894736842105
E00148998,323,62,23,39,261,11,250,19.195046439628484,7.120743034055728,12.074303405572756,80.80495356037152,3.4055727554179565,77.39938080495357
E00148999,339,89,42,47,250,13,237,26.253687315634217,12.389380530973451,13.864306784660767,73.74631268436578,3.8348082595870205,69.91150442477876
E00149000,288,56,21,35,232,19,213,19.444444444444446,7.291666666666667,12.152777777777777,80.55555555555556,6.597222222222222,73.95833333333334
E00149001,352,83,41,42,269,28,241,23.579545454545457,11.647727272727272,11.931818181818182,76.42045454545455,7.954545454545454,68.4659090909091
E00149002,285,73,35,38,212,17,195,25.6140350877193,12.280701754385964,13.333333333333334,74.3859649122807,5.964912280701754,68.42105263157895
E00149003,325,59,28,31,266,17,249,18.153846153846153,8.615384615384615,9.538461538461538,81.84615384615384,5.230769230769231,76.61538461538461
E00149004,281,65,24,41,216,17,199,23.131672597864767,8.540925266903916,14.590747330960854,76.86832740213522,6.049822064056939,70.8185053380783
E00149005,326,80,35,45,246,16,230,24.539877300613497,10.736196319018406,13.803680981595093,75.4601226993865,4.9079754601226995,70.5521472392638
E00149006,259,70,29,41,189,21,168,27.027027027027028,11.196911196911197,15.83011583011583,72.97297297297297,8.108108108108109,64.86486486486487
E00149007,281,60,29,31,221,16,205,21.352313167259787,10.320284697508896,11.032028469750891,78.64768683274022,5.6939501779359425,72.95373665480427
E00149008,295,35,14,21,260,22,238,11.864406779661017,4.745762711864407,7.118644067796611,88.13559322033898,7.457627118644068,80.67796610169492
E00149009,221,32,12,20,189,22,167,14.479638009049776,5.429864253393665,9.049773755656108,85.52036199095022,9.95475113122172,75.56561085972851
E00149010,226,41,16,25,185,20,165,18.141592920353983,7.079646017699115,11.061946902654867,81.85840707964603,8.849557522123893,73.00884955752213
E00149011,214,50,24,26,164,19,145,23.364485981308412,11.214953271028037,12.149532710280374,76.63551401869158,8.878504672897195,67.7570093457944
E00149012,262,62,21,41,200,23,177,23.66412213740458,8.015267175572518,15.648854961832063,76.33587786259542,8.778625954198473,67.55725190839695
E00149013,310,46,15,31,264,27,237,14.838709677419354,4.838709677419355,10,85.16129032258064,8.709677419354838,76.45161290322581
E00149014,340,54,16,38,286,42,244,15.88235294117647,4.705882352941177,11.176470588235295,84.11764705882354,12.352941176470589,71.76470588235294
E00149015,269,57,18,39,212,16,196,21.189591078066915,6.691449814126393,14.49814126394052,78.81040892193309,5.947955390334572,72.86245353159852
E00149016,266,56,19,37,210,16,194,21.052631578947366,7.142857142857142,13.909774436090224,78.94736842105263,6.015037593984962,72.93233082706767
E00149017,279,56,23,33,223,17,206,20.07168458781362,8.24372759856631,11.827956989247312,79.92831541218638,6.093189964157706,73.83512544802868
E00149018,316,50,12,38,266,24,242,15.822784810126583,3.79746835443038,12.025316455696203,84.17721518987342,7.59493670886076,76.58227848101265
E00149019,286,45,21,24,241,15,226,15.734265734265735,7.3426573426573425,8.391608391608392,84.26573426573427,5.244755244755245,79.02097902097903
E00149020,295,56,25,31,239,27,212,18.983050847457626,8.47457627118644,10.508474576271185,81.01694915254237,9.152542372881356,71.86440677966101
E00149021,253,63,26,37,190,18,172,24.90118577075099,10.276679841897234,14.624505928853754,75.09881422924902,7.114624505928854,67.98418972332016
E00149023,272,59,22,37,213,19,194,21.691176470588236,8.088235294117647,13.602941176470587,78.30882352941177,6.985294117647059,71.32352941176471
E00149024,253,50,18,32,203,17,186,19.76284584980237,7.114624505928854,12.648221343873518,80.23715415019763,6.719367588932807,73.51778656126481
E00149025,312,46,8,38,266,31,235,14.743589743589745,2.564102564102564,12.179487179487179,85.25641025641025,9.935897435897436,75.32051282051282
E00149027,263,35,8,27,228,29,199,13.307984790874524,3.041825095057034,10.26615969581749,86.69201520912547,11.02661596958175,75.66539923954373
E00149028,307,53,16,37,254,21,233,17.263843648208468,5.211726384364821,12.052117263843648,82.73615635179154,6.840390879478828,75.8957654723127
E00149029,327,58,23,35,269,25,244,17.737003058103976,7.033639143730887,10.703363914373089,82.26299694189603,7.64525993883792,74.61773700305811
E00149030,247,35,10,25,212,15,197,14.17004048582996,4.048582995951417,10.121457489878543,85.82995951417004,6.0728744939271255,79.75708502024291
E00149031,276,53,20,33,223,23,200,19.202898550724637,7.246376811594203,11.956521739130435,80.79710144927536,8.333333333333332,72.46376811594203
E00149032,303,80,32,48,223,27,196,26.4026402640264,10.561056105610561,15.841584158415841,73.5973597359736,8.91089108910891,64.68646864686468
E00149033,268,50,21,29,218,18,200,18.65671641791045,7.835820895522389,10.820895522388058,81.34328358208955,6.7164179104477615,74.6268656716418
E00165997,311,34,9,25,277,26,251,10.932475884244374,2.8938906752411575,8.038585209003216,89.06752411575563,8.360128617363344,80.70739549839229
E00165998,310,42,8,34,268,17,251,13.548387096774196,2.5806451612903225,10.967741935483872,86.45161290322581,5.483870967741936,80.96774193548387
E00165999,259,33,11,22,226,19,207,12.741312741312742,4.247104247104247,8.494208494208493,87.25868725868726,7.335907335907336,79.92277992277992
E00166000,268,66,30,36,202,14,188,24.62686567164179,11.194029850746269,13.432835820895523,75.3731343283582,5.223880597014925,70.1492537313433
E00166001,1001,34,7,27,967,33,934,3.3966033966033966,0.6993006993006993,2.697302697302697,96.6033966033966,3.296703296703297,93.3066933066933
E00166002,277,32,10,22,245,10,235,11.552346570397113,3.6101083032490973,7.9422382671480145,88.4476534296029,3.6101083032490973,84.83754512635379
E00166003,293,40,14,26,253,34,219,13.651877133105803,4.778156996587031,8.873720136518772,86.3481228668942,11.604095563139932,74.74402730375427
E00166004,304,36,10,26,268,17,251,11.842105263157894,3.289473684210526,8.552631578947368,88.1578947368421,5.592105263157895,82.56578947368422
E00166005,167,30,11,19,137,12,125,17.964071856287426,6.58682634730539,11.377245508982035,82.03592814371258,7.18562874251497,74.8502994011976
E00166006,342,31,7,24,311,20,291,9.064327485380117,2.046783625730994,7.017543859649122,90.93567251461988,5.847953216374268,85.08771929824562
E00166007,347,35,8,27,312,29,283,10.086455331412104,2.3054755043227666,7.780979827089338,89.9135446685879,8.357348703170029,81.55619596541787
E00166008,363,28,7,21,335,24,311,7.7134986225895315,1.9283746556473829,5.785123966942149,92.28650137741047,6.6115702479338845,85.67493112947659
E00166009,253,31,11,20,222,20,202,12.25296442687747,4.3478260869565215,7.905138339920949,87.74703557312253,7.905138339920949,79.84189723320159
E00166010,200,23,7,16,177,23,154,11.5,3.5000000000000004,8,88.5,11.5,77
E00166011,252,37,13,24,215,20,195,14.682539682539684,5.158730158730158,9.523809523809524,85.31746031746032,7.936507936507936,77.38095238095238
E00166012,237,36,8,28,201,27,174,15.18987341772152,3.375527426160337,11.814345991561181,84.81012658227847,11.39240506329114,73.41772151898735
E00166013,408,91,30,61,317,29,288,22.30392156862745,7.352941176470589,14.950980392156863,77.69607843137256,7.107843137254902,70.58823529411765
E00166014,384,54,21,33,330,30,300,14.0625,5.46875,8.59375,85.9375,7.8125,78.125
E00166015,210,38,15,23,172,20,152,18.095238095238095,7.142857142857142,10.952380952380953,81.9047619047619,9.523809523809524,72.38095238095238
E00166016,490,99,36,63,391,33,358,20.20408163265306,7.346938775510205,12.857142857142856,79.79591836734694,6.73469387755102,73.06122448979592
E00166017,220,24,8,16,196,27,169,10.909090909090908,3.6363636363636362,7.2727272727272725,89.0909090909091,12.272727272727273,76.81818181818181
E00166018,456,107,41,66,349,35,314,23.464912280701753,8.991228070175438,14.473684210526317,76.53508771929825,7.675438596491229,68.85964912280701
E00166020,206,37,14,23,169,17,152,17.96116504854369,6.796116504854369,11.165048543689322,82.03883495145631,8.25242718446602,73.7864077669903
E00186526,211,62,32,30,149,15,134,29.383886255924168,15.165876777251185,14.218009478672986,70.61611374407583,7.109004739336493,63.507109004739334
E00186529,463,62,23,39,401,40,361,13.390928725701945,4.967602591792657,8.423326133909287,86.60907127429806,8.639308855291576,77.96976241900649
E00186530,153,38,14,24,115,8,107,24.836601307189543,9.15032679738562,15.686274509803921,75.16339869281046,5.228758169934641,69.93464052287581
E00186532,144,29,5,24,115,11,104,20.13888888888889,3.4722222222222223,16.666666666666664,79.86111111111111,7.638888888888889,72.22222222222221
E00186537,400,37,13,24,363,21,342,9.25,3.25,6,90.75,5.25,85.5
E00186542,491,77,29,48,414,36,378,15.682281059063136,5.906313645621181,9.775967413441954,84.31771894093686,7.3319755600814664,76.9857433808554
E00186552,568,103,25,78,465,36,429,18.133802816901408,4.401408450704225,13.732394366197184,81.86619718309859,6.338028169014084,75.52816901408451
E00186553,116,40,16,24,76,6,70,34.48275862068966,13.793103448275861,20.689655172413794,65.51724137931035,5.172413793103448,60.3448275862069
E00186554,256,49,21,28,207,24,183,19.140625,8.203125,10.9375,80.859375,9.375,71.484375
E00186555,114,29,8,21,85,14,71,25.438596491228072,7.017543859649122,18.421052631578945,74.56140350877193,12.280701754385964,62.28070175438597
E00186559,145,12,1,11,133,10,123,8.275862068965518,0.6896551724137931,7.586206896551724,91.72413793103448,6.896551724137931,84.82758620689656
E00186560,484,50,19,31,434,16,418,10.330578512396695,3.925619834710744,6.40495867768595,89.6694214876033,3.3057851239669422,86.36363636363636
E00186564,347,83,24,59,264,34,230,23.919308357348704,6.9164265129683,17.002881844380404,76.0806916426513,9.798270893371757,66.28242074927954
E00186568,382,51,21,30,331,33,298,13.350785340314136,5.49738219895288,7.853403141361256,86.64921465968587,8.638743455497382,78.01047120418848
E00186571,320,53,22,31,267,21,246,16.5625,6.875000000000001,9.6875,83.4375,6.5625,76.875
E00186574,130,47,34,13,83,5,78,36.15384615384615,26.153846153846157,10,63.84615384615384,3.8461538461538463,60
E00186576,457,67,24,43,390,32,358,14.660831509846828,5.25164113785558,9.409190371991247,85.33916849015317,7.00218818380744,78.33698030634574
E00186577,379,36,18,18,343,33,310,9.498680738786279,4.749340369393139,4.749340369393139,90.50131926121372,8.70712401055409,81.79419525065963
E00186584,336,50,18,32,286,28,258,14.880952380952381,5.357142857142857,9.523809523809524,85.11904761904762,8.333333333333332,76.78571428571429
E00186585,333,36,8,28,297,22,275,10.81081081081081,2.4024024024024024,8.408408408408409,89.1891891891892,6.606606606606606,82.58258258258259
E00186591,313,52,27,25,261,15,246,16.61341853035144,8.626198083067091,7.987220447284344,83.38658146964856,4.792332268370607,78.59424920127796
E00186596,138,39,17,22,99,16,83,28.26086956521739,12.318840579710146,15.942028985507244,71.73913043478261,11.594202898550725,60.14492753623188
E00186606,279,26,5,21,253,20,233,9.31899641577061,1.7921146953405016,7.526881720430108,90.68100358422939,7.168458781362006,83.51254480286738
E00186609,357,27,5,22,330,32,298,7.563025210084033,1.400560224089636,6.162464985994398,92.43697478991596,8.96358543417367,83.4733893557423
E00186611,185,22,3,19,163,11,152,11.891891891891893,1.6216216216216217,10.27027027027027,88.10810810810811,5.9459459459459465,82.16216216216216
E00186615,267,26,6,20,241,14,227,9.737827715355806,2.247191011235955,7.490636704119851,90.2621722846442,5.2434456928838955,85.0187265917603
E00186625,158,17,6,11,141,9,132,10.759493670886076,3.79746835443038,6.962025316455696,89.24050632911393,5.69620253164557,83.54430379746836
E00186628,207,33,15,18,174,17,157,15.942028985507244,7.246376811594203,8.695652173913043,84.05797101449275,8.212560386473431,75.84541062801932
E00186630,268,50,25,25,218,13,205,18.65671641791045,9.328358208955224,9.328358208955224,81.34328358208955,4.850746268656716,76.49253731343283
E00186632,273,47,17,30,226,20,206,17.216117216117215,6.227106227106227,10.989010989010989,82.78388278388277,7.326007326007327,75.45787545787546
E00186633,511,41,10,31,470,28,442,8.023483365949119,1.9569471624266144,6.066536203522505,91.97651663405088,5.47945205479452,86.49706457925636
E00186638,331,44,11,33,287,25,262,13.293051359516618,3.3232628398791544,9.969788519637463,86.70694864048339,7.552870090634441,79.15407854984893
E00186640,266,54,32,22,212,19,193,20.30075187969925,12.030075187969924,8.270676691729323,79.69924812030075,7.142857142857142,72.55639097744361
E00186650,151,31,17,14,120,8,112,20.52980132450331,11.258278145695364,9.271523178807946,79.47019867549669,5.298013245033113,74.17218543046357
E00186656,548,51,8,43,497,39,458,9.306569343065693,1.4598540145985401,7.846715328467154,90.69343065693431,7.116788321167883,83.57664233576642
