OA,ts0590001,ts0590002,ts0590003,ts0590004,ts0590005,ts0590006,ts0590007,ts0590002_PCT,ts0590003_PCT,ts0590004_PCT,ts0590005_PCT,ts0590006_PCT,ts0590007_PCT
E00097747,62,23,10,13,39,29,10,37.096774193548384,16.129032258064516,20.967741935483872,62.903225806451616,46.774193548387096,16.129032258064516
E00097748,96,35,14,21,61,47,14,36.45833333333333,14.583333333333334,21.875,63.541666666666664,48.95833333333333,14.583333333333334
E00097749,112,46,16,30,66,56,10,41.07142857142857,14.285714285714285,26.785714285714285,58.92857142857143,50,8.928571428571429
E00097750,60,27,5,22,33,31,2,45,8.333333333333332,36.666666666666664,55.00000000000001,51.66666666666667,3.3333333333333335
E00097751,88,29,10,19,59,51,8,32.95454545454545,11.363636363636363,21.59090909090909,67.04545454545455,57.95454545454546,9.090909090909092
E00097752,84,29,11,18,55,44,11,34.523809523809526,13.095238095238097,21.428571428571427,65.47619047619048,52.38095238095239,13.095238095238097
E00097753,88,41,14,27,47,35,12,46.590909090909086,15.909090909090908,30.681818181818183,53.40909090909091,39.77272727272727,13.636363636363635
E00097754,115,39,15,24,76,63,13,33.91304347826087,13.043478260869565,20.869565217391305,66.08695652173913,54.78260869565217,11.304347826086957
E00097755,86,39,17,22,47,47,0,45.348837209302324,19.767441860465116,25.581395348837212,54.65116279069767,54.65116279069767,0
E00097756,112,43,26,17,69,54,15,38.392857142857146,23.214285714285715,15.178571428571427,61.60714285714286,48.214285714285715,13.392857142857142
E00097757,193,72,29,43,121,83,38,37.30569948186528,15.025906735751295,22.279792746113987,62.69430051813472,43.005181347150256,19.689119170984455
E00097758,108,49,22,27,59,50,9,45.370370370370374,20.37037037037037,25,54.629629629629626,46.2962962962963,8.333333333333332
E00097759,84,25,5,20,59,47,12,29.761904761904763,5.952380952380952,23.809523809523807,70.23809523809523,55.952380952380956,14.285714285714285
E00097760,163,43,19,24,120,89,31,26.380368098159508,11.65644171779141,14.723926380368098,73.61963190184049,54.601226993865026,19.018404907975462
E00097761,50,21,9,12,29,25,4,42,18,24,57.99999999999999,50,8
E00097762,129,51,22,29,78,67,11,39.53488372093023,17.05426356589147,22.48062015503876,60.46511627906976,51.93798449612403,8.527131782945736
E00097763,137,49,22,27,88,74,14,35.76642335766424,16.05839416058394,19.708029197080293,64.23357664233576,54.01459854014598,10.218978102189782
E00097764,179,44,15,29,135,109,26,24.581005586592177,8.379888268156424,16.201117318435752,75.41899441340783,60.893854748603346,14.52513966480447
E00097765,52,16,9,7,36,21,15,30.76923076923077,17.307692307692307,13.461538461538462,69.23076923076923,40.38461538461539,28.846153846153843
E00097766,159,40,16,24,119,102,17,25.157232704402517,10.062893081761008,15.09433962264151,74.84276729559748,64.15094339622641,10.69182389937107
E00097767,128,42,14,28,86,68,18,32.8125,10.9375,21.875,67.1875,53.125,14.0625
E00097768,161,58,22,36,103,78,25,36.024844720496894,13.664596273291925,22.36024844720497,63.975155279503106,48.4472049689441,15.527950310559005
E00097769,93,24,8,16,69,55,14,25.806451612903224,8.60215053763441,17.20430107526882,74.19354838709677,59.13978494623656,15.053763440860216
E00097770,121,46,17,29,75,70,5,38.01652892561984,14.049586776859504,23.96694214876033,61.98347107438017,57.85123966942148,4.132231404958678
E00097771,115,34,19,15,81,67,14,29.565217391304348,16.52173913043478,13.043478260869565,70.43478260869566,58.26086956521739,12.173913043478262
E00097772,95,29,8,21,66,58,8,30.526315789473685,8.421052631578947,22.105263157894736,69.47368421052632,61.05263157894737,8.421052631578947
E00097773,154,49,25,24,105,83,22,31.818181818181817,16.233766233766232,15.584415584415584,68.18181818181817,53.896103896103895,14.285714285714285
E00097774,98,37,13,24,61,50,11,37.755102040816325,13.26530612244898,24.489795918367346,62.244897959183675,51.02040816326531,11.224489795918368
E00097775,98,40,12,28,58,54,4,40.816326530612244,12.244897959183673,28.57142857142857,59.183673469387756,55.10204081632652,4.081632653061225
E00097776,66,19,6,13,47,40,7,28.78787878787879,9.090909090909092,19.696969696969695,71.21212121212122,60.60606060606061,10.606060606060606
E00097777,158,69,30,39,89,56,33,43.67088607594937,18.9873417721519,24.68354430379747,56.32911392405063,35.44303797468354,20.88607594936709
E00097778,114,39,13,26,75,57,18,34.21052631578947,11.403508771929824,22.807017543859647,65.78947368421053,50,15.789473684210526
E00097779,152,57,20,37,95,72,23,37.5,13.157894736842104,24.342105263157894,62.5,47.368421052631575,15.131578947368421
E00097780,66,26,12,14,40,29,11,39.39393939393939,18.181818181818183,21.21212121212121,60.60606060606061,43.93939393939394,16.666666666666664
E00097781,128,43,20,23,85,66,19,33.59375,15.625,17.96875,66.40625,51.5625,14.84375
E00097782,151,56,19,37,95,82,13,37.086092715231786,12.582781456953644,24.503311258278146,62.913907284768214,54.3046357615894,8.609271523178808
E00097783,104,29,12,17,75,63,12,27.884615384615387,11.538461538461538,16.346153846153847,72.11538461538461,60.57692307692307,11.538461538461538
E00097784,175,63,24,39,112,93,19,36,13.714285714285715,22.285714285714285,64,53.142857142857146,10.857142857142858
E00097785,153,54,18,36,99,79,20,35.294117647058826,11.76470588235294,23.52941176470588,64.70588235294117,51.633986928104584,13.071895424836603
E00097787,203,69,22,47,134,107,27,33.99014778325123,10.83743842364532,23.15270935960591,66.00985221674877,52.70935960591133,13.30049261083744
E00097789,119,44,15,29,75,62,13,36.97478991596639,12.605042016806722,24.369747899159663,63.02521008403361,52.10084033613446,10.92436974789916
E00097790,183,61,23,38,122,103,19,33.33333333333333,12.568306010928962,20.76502732240437,66.66666666666666,56.284153005464475,10.382513661202186
E00097791,111,38,16,22,73,49,24,34.234234234234236,14.414414414414415,19.81981981981982,65.76576576576578,44.14414414414414,21.62162162162162
E00097792,214,83,43,40,131,106,25,38.78504672897196,20.093457943925234,18.69158878504673,61.21495327102804,49.532710280373834,11.682242990654206
E00097793,70,26,10,16,44,30,14,37.142857142857146,14.285714285714285,22.857142857142858,62.857142857142854,42.857142857142854,20
E00097794,132,52,22,30,80,63,17,39.39393939393939,16.666666666666664,22.727272727272727,60.60606060606061,47.72727272727273,12.878787878787879
E00097796,123,48,22,26,75,55,20,39.02439024390244,17.88617886178862,21.138211382113823,60.97560975609756,44.71544715447154,16.260162601626014
E00097797,80,30,18,12,50,37,13,37.5,22.5,15,62.5,46.25,16.25
E00097798,132,38,20,18,94,66,28,28.78787878787879,15.151515151515152,13.636363636363635,71.21212121212122,50,21.21212121212121
E00097799,138,59,18,41,79,68,11,42.7536231884058,13.043478260869565,29.71014492753623,57.2463768115942,49.275362318840585,7.971014492753622
E00097800,65,24,9,15,41,34,7,36.92307692307693,13.846153846153847,23.076923076923077,63.07692307692307,52.307692307692314,10.76923076923077
E00097801,72,26,15,11,46,35,11,36.11111111111111,20.833333333333336,15.277777777777779,63.888888888888886,48.61111111111111,15.277777777777779
E00097803,131,25,10,15,106,86,20,19.083969465648856,7.633587786259542,11.450381679389313,80.91603053435115,65.64885496183206,15.267175572519085
E00097804,102,32,15,17,70,48,22,31.372549019607842,14.705882352941178,16.666666666666664,68.62745098039215,47.05882352941176,21.568627450980394
E00097805,64,17,6,11,47,36,11,26.5625,9.375,17.1875,73.4375,56.25,17.1875
E00097806,113,32,15,17,81,59,22,28.31858407079646,13.274336283185843,15.04424778761062,71.68141592920354,52.21238938053098,19.469026548672566
E00097807,116,35,13,22,81,55,26,30.17241379310345,11.206896551724139,18.96551724137931,69.82758620689656,47.41379310344828,22.413793103448278
E00097808,158,44,16,28,114,83,31,27.848101265822784,10.126582278481013,17.72151898734177,72.15189873417721,52.53164556962025,19.62025316455696
E00097809,224,70,20,50,154,113,41,31.25,8.928571428571429,22.321428571428573,68.75,50.44642857142857,18.303571428571427
E00097810,108,41,19,22,67,45,22,37.96296296296296,17.59259259259259,20.37037037037037,62.03703703703704,41.66666666666667,20.37037037037037
E00097811,92,29,9,20,63,38,25,31.521739130434785,9.782608695652174,21.73913043478261,68.47826086956522,41.30434782608695,27.173913043478258
E00097812,62,33,17,16,29,17,12,53.2258064516129,27.419354838709676,25.806451612903224,46.774193548387096,27.419354838709676,19.35483870967742
E00097813,222,74,18,56,148,108,40,33.33333333333333,8.108108108108109,25.225225225225223,66.66666666666666,48.64864864864865,18.01801801801802
E00097814,172,64,19,45,108,84,24,37.2093023255814,11.046511627906977,26.16279069767442,62.7906976744186,48.837209302325576,13.953488372093023
E00097815,167,56,18,38,111,94,17,33.532934131736525,10.778443113772456,22.75449101796407,66.46706586826348,56.287425149700596,10.179640718562874
E00097816,164,61,17,44,103,75,28,37.19512195121951,10.365853658536585,26.82926829268293,62.80487804878049,45.73170731707317,17.073170731707318
E00097817,155,55,26,29,100,81,19,35.483870967741936,16.7741935483871,18.70967741935484,64.51612903225806,52.25806451612903,12.258064516129032
E00097818,110,34,14,20,76,65,11,30.909090909090907,12.727272727272727,18.181818181818183,69.0909090909091,59.09090909090909,10
E00097819,80,28,6,22,52,41,11,35,7.5,27.500000000000004,65,51.24999999999999,13.750000000000002
E00097820,150,65,24,41,85,64,21,43.333333333333336,16,27.333333333333332,56.666666666666664,42.66666666666667,14.000000000000002
E00097821,92,26,7,19,66,51,15,28.26086956521739,7.608695652173914,20.652173913043477,71.73913043478261,55.434782608695656,16.304347826086957
E00097822,101,50,19,31,51,38,13,49.504950495049506,18.81188118811881,30.693069306930692,50.495049504950494,37.62376237623762,12.871287128712872
E00097823,69,31,13,18,38,30,8,44.927536231884055,18.84057971014493,26.08695652173913,55.072463768115945,43.47826086956522,11.594202898550725
E00097824,87,36,14,22,51,46,5,41.37931034482759,16.091954022988507,25.287356321839084,58.620689655172406,52.87356321839081,5.747126436781609
E00097825,76,28,10,18,48,38,10,36.84210526315789,13.157894736842104,23.684210526315788,63.1578947368421,50,13.157894736842104
E00097826,134,41,23,18,93,72,21,30.597014925373134,17.16417910447761,13.432835820895523,69.40298507462687,53.73134328358209,15.671641791044777
E00097827,51,19,8,11,32,25,7,37.254901960784316,15.686274509803921,21.568627450980394,62.745098039215684,49.01960784313725,13.725490196078432
E00097828,73,26,9,17,47,39,8,35.61643835616438,12.32876712328767,23.28767123287671,64.38356164383562,53.42465753424658,10.95890410958904
E00097829,98,41,19,22,57,44,13,41.83673469387755,19.387755102040817,22.448979591836736,58.16326530612245,44.89795918367347,13.26530612244898
E00097830,122,45,18,27,77,59,18,36.885245901639344,14.754098360655737,22.131147540983605,63.114754098360656,48.36065573770492,14.754098360655737
E00097831,91,33,16,17,58,51,7,36.26373626373626,17.582417582417584,18.681318681318682,63.73626373626373,56.043956043956044,7.6923076923076925
E00097832,162,52,13,39,110,94,16,32.098765432098766,8.024691358024691,24.074074074074073,67.90123456790124,58.0246913580247,9.876543209876543
E00097833,105,40,12,28,65,52,13,38.095238095238095,11.428571428571429,26.666666666666668,61.904761904761905,49.523809523809526,12.380952380952381
E00097834,151,35,17,18,116,77,39,23.178807947019866,11.258278145695364,11.920529801324504,76.82119205298014,50.993377483443716,25.82781456953642
E00097835,110,36,19,17,74,54,20,32.72727272727273,17.272727272727273,15.454545454545453,67.27272727272727,49.09090909090909,18.181818181818183
E00097836,60,25,8,17,35,28,7,41.66666666666667,13.333333333333334,28.333333333333332,58.333333333333336,46.666666666666664,11.666666666666666
E00097837,160,48,16,32,112,85,27,30,10,20,70,53.125,16.875
E00097838,122,55,26,29,67,55,12,45.08196721311475,21.311475409836063,23.770491803278688,54.91803278688525,45.08196721311475,9.836065573770492
E00097839,103,46,21,25,57,42,15,44.66019417475729,20.388349514563107,24.271844660194176,55.33980582524271,40.77669902912621,14.563106796116504
E00097840,150,67,30,37,83,75,8,44.666666666666664,20,24.666666666666668,55.333333333333336,50,5.333333333333334
E00097841,150,61,29,32,89,82,7,40.666666666666664,19.333333333333332,21.333333333333336,59.333333333333336,54.666666666666664,4.666666666666667
E00097842,179,56,28,28,123,111,12,31.28491620111732,15.64245810055866,15.64245810055866,68.71508379888269,62.01117318435754,6.70391061452514
E00097843,178,58,16,42,120,106,14,32.58426966292135,8.98876404494382,23.595505617977526,67.41573033707866,59.55056179775281,7.865168539325842
E00097844,141,42,13,29,99,76,23,29.78723404255319,9.219858156028367,20.56737588652482,70.2127659574468,53.90070921985816,16.312056737588655
E00097845,125,47,21,26,78,65,13,37.6,16.8,20.8,62.4,52,10.4
E00097846,134,50,18,32,84,73,11,37.3134328358209,13.432835820895523,23.88059701492537,62.68656716417911,54.47761194029851,8.208955223880597
E00097847,167,53,15,38,114,102,12,31.736526946107784,8.982035928143713,22.75449101796407,68.26347305389223,61.07784431137725,7.18562874251497
E00097848,145,49,17,32,96,83,13,33.793103448275865,11.724137931034482,22.06896551724138,66.20689655172414,57.24137931034483,8.96551724137931
E00097849,126,49,16,33,77,71,6,38.88888888888889,12.698412698412698,26.190476190476193,61.111111111111114,56.34920634920635,4.761904761904762
E00097850,163,53,13,40,110,98,12,32.515337423312886,7.975460122699387,24.539877300613497,67.48466257668711,60.122699386503065,7.361963190184049
E00097851,136,50,23,27,86,70,16,36.76470588235294,16.911764705882355,19.852941176470587,63.23529411764706,51.470588235294116,11.76470588235294
E00097853,179,72,30,42,107,93,14,40.22346368715084,16.75977653631285,23.463687150837988,59.77653631284916,51.955307262569825,7.82122905027933
E00097854,261,96,33,63,165,147,18,36.7816091954023,12.643678160919542,24.137931034482758,63.2183908045977,56.32183908045977,6.896551724137931
E00097855,203,79,29,50,124,102,22,38.91625615763547,14.285714285714285,24.63054187192118,61.083743842364534,50.24630541871922,10.83743842364532
E00097856,126,46,10,36,80,69,11,36.507936507936506,7.936507936507936,28.57142857142857,63.49206349206349,54.761904761904766,8.73015873015873
E00097857,119,33,10,23,86,74,12,27.73109243697479,8.403361344537815,19.327731092436977,72.26890756302521,62.18487394957983,10.084033613445378
E00097858,121,53,14,39,68,63,5,43.80165289256198,11.570247933884298,32.231404958677686,56.19834710743802,52.066115702479344,4.132231404958678
E00097859,213,56,16,40,157,137,20,26.291079812206576,7.511737089201878,18.779342723004692,73.70892018779342,64.31924882629107,9.389671361502346
E00097860,127,48,19,29,79,64,15,37.79527559055118,14.960629921259844,22.83464566929134,62.20472440944882,50.39370078740157,11.811023622047244
E00097861,162,72,31,41,90,71,19,44.44444444444444,19.1358024691358,25.308641975308642,55.55555555555556,43.82716049382716,11.728395061728394
E00097862,134,49,19,30,85,74,11,36.56716417910448,14.17910447761194,22.388059701492537,63.43283582089553,55.223880597014926,8.208955223880597
E00097863,110,38,12,26,72,65,7,34.54545454545455,10.909090909090908,23.636363636363637,65.45454545454545,59.09090909090909,6.363636363636363
E00097865,131,60,26,34,71,62,9,45.80152671755725,19.84732824427481,25.954198473282442,54.19847328244275,47.32824427480916,6.870229007633588
E00097866,101,50,21,29,51,44,7,49.504950495049506,20.792079207920793,28.71287128712871,50.495049504950494,43.56435643564357,6.9306930693069315
E00097867,153,47,18,29,106,93,13,30.718954248366014,11.76470588235294,18.954248366013072,69.28104575163398,60.78431372549019,8.49673202614379
E00097868,183,66,25,41,117,104,13,36.0655737704918,13.661202185792352,22.404371584699454,63.934426229508205,56.830601092896174,7.103825136612022
E00097869,184,57,25,32,127,101,26,30.978260869565215,13.586956521739129,17.391304347826086,69.02173913043478,54.891304347826086,14.130434782608695
E00097870,157,44,12,32,113,101,12,28.02547770700637,7.643312101910828,20.382165605095544,71.97452229299363,64.3312101910828,7.643312101910828
E00097871,87,24,9,15,63,55,8,27.586206896551722,10.344827586206897,17.24137931034483,72.41379310344827,63.2183908045977,9.195402298850574
E00097872,103,35,11,24,68,59,9,33.980582524271846,10.679611650485436,23.300970873786408,66.01941747572816,57.28155339805825,8.737864077669903
E00097873,134,53,21,32,81,72,9,39.55223880597015,15.671641791044777,23.88059701492537,60.447761194029844,53.73134328358209,6.7164179104477615
E00097874,131,45,19,26,86,77,9,34.35114503816794,14.50381679389313,19.84732824427481,65.64885496183206,58.778625954198475,6.870229007633588
E00097875,108,42,16,26,66,57,9,38.88888888888889,14.814814814814813,24.074074074074073,61.111111111111114,52.77777777777778,8.333333333333332
E00097876,217,75,23,52,142,128,14,34.56221198156682,10.599078341013826,23.963133640552993,65.43778801843318,58.986175115207374,6.451612903225806
E00097877,103,43,18,25,60,55,5,41.74757281553398,17.475728155339805,24.271844660194176,58.252427184466015,53.398058252427184,4.854368932038835
E00097878,167,68,31,37,99,82,17,40.718562874251496,18.562874251497004,22.15568862275449,59.281437125748504,49.101796407185624,10.179640718562874
E00097879,162,60,22,38,102,86,16,37.03703703703704,13.580246913580247,23.456790123456788,62.96296296296296,53.086419753086425,9.876543209876543
E00097880,154,49,18,31,105,91,14,31.818181818181817,11.688311688311687,20.12987012987013,68.18181818181817,59.09090909090909,9.090909090909092
E00097881,134,40,10,30,94,85,9,29.850746268656714,7.462686567164178,22.388059701492537,70.1492537313433,63.43283582089553,6.7164179104477615
E00097882,107,31,16,15,76,69,7,28.971962616822427,14.953271028037381,14.018691588785046,71.02803738317756,64.48598130841121,6.5420560747663545
E00097883,122,41,14,27,81,71,10,33.60655737704918,11.475409836065573,22.131147540983605,66.39344262295081,58.19672131147541,8.19672131147541
E00097884,116,41,13,28,75,66,9,35.3448275862069,11.206896551724139,24.137931034482758,64.65517241379311,56.896551724137936,7.758620689655173
E00097885,150,55,18,37,95,86,9,36.666666666666664,12,24.666666666666668,63.33333333333333,57.333333333333336,6
E00097886,166,66,16,50,100,93,7,39.75903614457831,9.63855421686747,30.120481927710845,60.24096385542169,56.024096385542165,4.216867469879518
E00097887,172,51,14,37,121,105,16,29.651162790697676,8.13953488372093,21.511627906976745,70.34883720930233,61.04651162790697,9.30232558139535
E00097888,140,57,15,42,83,78,5,40.714285714285715,10.714285714285714,30,59.285714285714285,55.714285714285715,3.571428571428571
E00097889,160,58,18,40,102,90,12,36.25,11.25,25,63.74999999999999,56.25,7.5
E00097890,101,31,10,21,70,64,6,30.693069306930692,9.900990099009901,20.792079207920793,69.3069306930693,63.366336633663366,5.9405940594059405
E00097891,151,53,13,40,98,85,13,35.099337748344375,8.609271523178808,26.490066225165563,64.90066225165563,56.29139072847682,8.609271523178808
E00097892,156,64,21,43,92,83,9,41.02564102564102,13.461538461538462,27.564102564102566,58.97435897435898,53.205128205128204,5.769230769230769
E00097893,154,56,22,34,98,85,13,36.36363636363637,14.285714285714285,22.07792207792208,63.63636363636363,55.1948051948052,8.441558441558442
E00097894,112,43,21,22,69,52,17,38.392857142857146,18.75,19.642857142857142,61.60714285714286,46.42857142857143,15.178571428571427
E00097895,156,56,24,32,100,84,16,35.8974358974359,15.384615384615385,20.51282051282051,64.1025641025641,53.84615384615385,10.256410256410255
E00097896,207,76,34,42,131,110,21,36.71497584541063,16.425120772946862,20.28985507246377,63.28502415458937,53.14009661835749,10.144927536231885
E00097897,172,53,20,33,119,106,13,30.813953488372093,11.627906976744185,19.186046511627907,69.18604651162791,61.627906976744185,7.55813953488372
E00097898,208,61,29,32,147,130,17,29.326923076923077,13.942307692307693,15.384615384615385,70.67307692307693,62.5,8.173076923076923
E00097899,125,45,14,31,80,66,14,36,11.200000000000001,24.8,64,52.800000000000004,11.200000000000001
E00097900,172,62,16,46,110,91,19,36.04651162790697,9.30232558139535,26.744186046511626,63.95348837209303,52.90697674418605,11.046511627906977
E00097901,153,48,16,32,105,87,18,31.372549019607842,10.457516339869281,20.915032679738562,68.62745098039215,56.86274509803921,11.76470588235294
E00097902,89,34,18,16,55,44,11,38.20224719101123,20.224719101123593,17.97752808988764,61.79775280898876,49.43820224719101,12.359550561797752
E00097903,139,45,19,26,94,80,14,32.37410071942446,13.66906474820144,18.705035971223023,67.62589928057554,57.55395683453237,10.071942446043165
E00097904,151,48,14,34,103,94,9,31.788079470198678,9.271523178807946,22.516556291390728,68.21192052980133,62.251655629139066,5.960264900662252
E00097906,201,68,22,46,133,112,21,33.83084577114428,10.945273631840797,22.885572139303484,66.16915422885572,55.72139303482587,10.44776119402985
E00097907,142,49,9,40,93,84,9,34.50704225352113,6.338028169014084,28.169014084507044,65.49295774647888,59.154929577464785,6.338028169014084
E00097909,161,68,24,44,93,84,9,42.2360248447205,14.906832298136646,27.32919254658385,57.7639751552795,52.17391304347826,5.590062111801243
E00097910,159,48,16,32,111,101,10,30.18867924528302,10.062893081761008,20.125786163522015,69.81132075471697,63.52201257861635,6.289308176100629
E00097911,103,34,11,23,69,53,16,33.00970873786408,10.679611650485436,22.330097087378643,66.99029126213593,51.45631067961165,15.53398058252427
E00097912,223,70,26,44,153,136,17,31.390134529147986,11.659192825112108,19.730941704035875,68.60986547085201,60.98654708520179,7.623318385650224
E00097913,136,45,16,29,91,82,9,33.088235294117645,11.76470588235294,21.323529411764707,66.91176470588235,60.29411764705882,6.61764705882353
E00097914,123,48,20,28,75,65,10,39.02439024390244,16.260162601626014,22.76422764227642,60.97560975609756,52.84552845528455,8.130081300813007
E00097915,223,71,22,49,152,136,16,31.838565022421523,9.865470852017937,21.973094170403588,68.16143497757847,60.98654708520179,7.174887892376682
E00097916,146,46,11,35,100,89,11,31.506849315068493,7.534246575342466,23.972602739726025,68.4931506849315,60.95890410958904,7.534246575342466
E00097917,150,47,19,28,103,92,11,31.333333333333336,12.666666666666668,18.666666666666668,68.66666666666667,61.33333333333333,7.333333333333333
E00097918,178,65,26,39,113,93,20,36.51685393258427,14.606741573033707,21.910112359550563,63.48314606741573,52.24719101123596,11.235955056179774
E00097919,116,40,16,24,76,68,8,34.48275862068966,13.793103448275861,20.689655172413794,65.51724137931035,58.620689655172406,6.896551724137931
E00097920,155,49,20,29,106,95,11,31.61290322580645,12.903225806451612,18.70967741935484,68.38709677419355,61.29032258064516,7.096774193548387
E00097921,143,49,21,28,94,83,11,34.26573426573427,14.685314685314685,19.58041958041958,65.73426573426573,58.04195804195804,7.6923076923076925
E00097922,107,47,15,32,60,50,10,43.925233644859816,14.018691588785046,29.906542056074763,56.074766355140184,46.728971962616825,9.345794392523365
E00097923,126,57,16,41,69,62,7,45.23809523809524,12.698412698412698,32.53968253968254,54.761904761904766,49.2063492063492,5.555555555555555
E00097924,94,45,16,29,49,44,5,47.87234042553192,17.02127659574468,30.851063829787233,52.12765957446809,46.808510638297875,5.319148936170213
E00097925,131,53,26,27,78,66,12,40.458015267175576,19.84732824427481,20.610687022900763,59.541984732824424,50.38167938931297,9.16030534351145
E00097926,141,45,18,27,96,85,11,31.914893617021278,12.76595744680851,19.148936170212767,68.08510638297872,60.28368794326241,7.801418439716312
E00097927,95,31,10,21,64,47,17,32.631578947368425,10.526315789473683,22.105263157894736,67.36842105263158,49.473684210526315,17.894736842105264
E00097928,167,44,15,29,123,99,24,26.34730538922156,8.982035928143713,17.365269461077844,73.65269461077844,59.281437125748504,14.37125748502994
E00097930,135,52,23,29,83,71,12,38.51851851851852,17.037037037037038,21.48148148148148,61.48148148148148,52.59259259259259,8.88888888888889
E00097931,199,84,31,53,115,103,12,42.211055276381906,15.577889447236181,26.633165829145728,57.78894472361809,51.75879396984925,6.030150753768844
E00097932,149,60,27,33,89,79,10,40.26845637583892,18.120805369127517,22.14765100671141,59.73154362416108,53.02013422818792,6.7114093959731544
E00097933,177,70,28,42,107,93,14,39.548022598870055,15.819209039548024,23.728813559322035,60.451977401129945,52.54237288135594,7.909604519774012
E00097934,157,55,18,37,102,77,25,35.03184713375796,11.464968152866243,23.56687898089172,64.96815286624204,49.044585987261144,15.92356687898089
E00097935,183,62,17,45,121,108,13,33.87978142076503,9.289617486338798,24.59016393442623,66.12021857923497,59.01639344262295,7.103825136612022
E00097936,167,66,18,48,101,90,11,39.52095808383233,10.778443113772456,28.74251497005988,60.47904191616767,53.89221556886228,6.58682634730539
E00097937,145,66,25,41,79,68,11,45.51724137931035,17.24137931034483,28.27586206896552,54.48275862068965,46.89655172413793,7.586206896551724
E00097938,155,66,27,39,89,80,9,42.58064516129032,17.419354838709676,25.161290322580644,57.41935483870968,51.61290322580645,5.806451612903226
E00097939,171,67,23,44,104,98,6,39.1812865497076,13.450292397660817,25.730994152046783,60.81871345029239,57.30994152046783,3.508771929824561
E00097940,94,29,15,14,65,43,22,30.851063829787233,15.957446808510639,14.893617021276595,69.14893617021278,45.744680851063826,23.404255319148938
E00097941,139,50,16,34,89,61,28,35.97122302158273,11.510791366906476,24.46043165467626,64.02877697841727,43.884892086330936,20.14388489208633
E00097942,133,45,24,21,88,65,23,33.83458646616541,18.045112781954884,15.789473684210526,66.16541353383458,48.87218045112782,17.293233082706767
E00097943,155,52,20,32,103,75,28,33.5483870967742,12.903225806451612,20.64516129032258,66.45161290322581,48.38709677419355,18.064516129032256
E00097944,238,92,37,55,146,107,39,38.655462184873954,15.546218487394958,23.10924369747899,61.34453781512605,44.957983193277315,16.386554621848738
E00097945,92,33,15,18,59,43,16,35.869565217391305,16.304347826086957,19.565217391304348,64.13043478260869,46.73913043478261,17.391304347826086
E00097946,87,37,18,19,50,45,5,42.5287356321839,20.689655172413794,21.839080459770116,57.47126436781609,51.724137931034484,5.747126436781609
E00097947,123,54,23,31,69,50,19,43.90243902439025,18.69918699186992,25.203252032520325,56.09756097560976,40.65040650406504,15.447154471544716
E00097948,156,80,47,33,76,64,12,51.28205128205128,30.128205128205128,21.153846153846153,48.717948717948715,41.02564102564102,7.6923076923076925
E00097949,90,40,14,26,50,37,13,44.44444444444444,15.555555555555555,28.888888888888886,55.55555555555556,41.11111111111111,14.444444444444443
E00097950,104,37,17,20,67,58,9,35.57692307692308,16.346153846153847,19.230769230769234,64.42307692307693,55.769230769230774,8.653846153846153
E00097951,138,52,31,21,86,59,27,37.68115942028986,22.463768115942027,15.217391304347828,62.31884057971014,42.7536231884058,19.565217391304348
E00097952,109,36,12,24,73,56,17,33.02752293577982,11.009174311926607,22.018348623853214,66.97247706422019,51.37614678899083,15.59633027522936
E00097953,115,50,24,26,65,52,13,43.47826086956522,20.869565217391305,22.608695652173914,56.52173913043478,45.21739130434783,11.304347826086957
E00097954,205,49,24,25,156,120,36,23.902439024390244,11.707317073170733,12.195121951219512,76.09756097560975,58.536585365853654,17.560975609756095
E00097955,115,41,24,17,74,48,26,35.65217391304348,20.869565217391305,14.782608695652174,64.34782608695652,41.73913043478261,22.608695652173914
E00097956,63,23,8,15,40,25,15,36.507936507936506,12.698412698412698,23.809523809523807,63.49206349206349,39.682539682539684,23.809523809523807
E00097957,205,75,32,43,130,118,12,36.58536585365854,15.609756097560975,20.975609756097562,63.41463414634146,57.56097560975609,5.853658536585367
E00097958,125,72,28,44,53,36,17,57.599999999999994,22.400000000000002,35.199999999999996,42.4,28.799999999999997,13.600000000000001
E00097959,77,20,10,10,57,40,17,25.97402597402597,12.987012987012985,12.987012987012985,74.02597402597402,51.94805194805194,22.07792207792208
E00097960,114,51,23,28,63,48,15,44.73684210526316,20.175438596491226,24.561403508771928,55.26315789473685,42.10526315789473,13.157894736842104
E00097961,171,54,31,23,117,88,29,31.57894736842105,18.128654970760234,13.450292397660817,68.42105263157895,51.461988304093566,16.95906432748538
E00097962,165,48,15,33,117,92,25,29.09090909090909,9.090909090909092,20,70.9090909090909,55.757575757575765,15.151515151515152
E00097963,126,44,23,21,82,69,13,34.92063492063492,18.253968253968253,16.666666666666664,65.07936507936508,54.761904761904766,10.317460317460316
E00097964,143,49,27,22,94,70,24,34.26573426573427,18.88111888111888,15.384615384615385,65.73426573426573,48.95104895104895,16.783216783216783
E00097965,147,42,15,27,105,64,41,28.57142857142857,10.204081632653061,18.367346938775512,71.42857142857143,43.53741496598639,27.89115646258503
E00097966,115,43,23,20,72,51,21,37.391304347826086,20,17.391304347826086,62.60869565217392,44.34782608695652,18.26086956521739
E00097967,127,45,18,27,82,55,27,35.43307086614173,14.173228346456693,21.25984251968504,64.56692913385827,43.30708661417323,21.25984251968504
E00097968,167,72,24,48,95,74,21,43.11377245508982,14.37125748502994,28.74251497005988,56.886227544910184,44.31137724550898,12.574850299401197
E00097969,144,44,20,24,100,79,21,30.555555555555557,13.88888888888889,16.666666666666664,69.44444444444444,54.861111111111114,14.583333333333334
E00097970,148,54,18,36,94,78,16,36.486486486486484,12.162162162162163,24.324324324324326,63.51351351351351,52.702702702702695,10.81081081081081
E00097971,138,39,14,25,99,75,24,28.26086956521739,10.144927536231885,18.115942028985508,71.73913043478261,54.347826086956516,17.391304347826086
E00097972,161,48,18,30,113,93,20,29.81366459627329,11.180124223602485,18.633540372670808,70.1863354037267,57.7639751552795,12.422360248447205
E00097973,120,40,11,29,80,63,17,33.33333333333333,9.166666666666666,24.166666666666668,66.66666666666666,52.5,14.166666666666666
E00097974,126,34,10,24,92,77,15,26.984126984126984,7.936507936507936,19.047619047619047,73.01587301587301,61.111111111111114,11.904761904761903
E00097975,101,47,19,28,54,47,7,46.53465346534654,18.81188118811881,27.722772277227726,53.46534653465347,46.53465346534654,6.9306930693069315
E00097976,175,54,18,36,121,102,19,30.857142857142854,10.285714285714285,20.57142857142857,69.14285714285714,58.285714285714285,10.857142857142858
E00097977,263,82,25,57,181,160,21,31.1787072243346,9.505703422053232,21.673003802281368,68.8212927756654,60.836501901140686,7.984790874524715
E00097978,103,38,16,22,65,56,9,36.89320388349515,15.53398058252427,21.35922330097087,63.10679611650486,54.36893203883495,8.737864077669903
E00097979,121,36,13,23,85,82,3,29.75206611570248,10.743801652892563,19.00826446280992,70.24793388429752,67.76859504132231,2.479338842975207
E00097980,165,52,15,37,113,95,18,31.515151515151512,9.090909090909092,22.424242424242426,68.48484848484848,57.57575757575758,10.909090909090908
E00097981,104,32,15,17,72,59,13,30.76923076923077,14.423076923076922,16.346153846153847,69.23076923076923,56.730769230769226,12.5
E00097982,149,45,18,27,104,84,20,30.201342281879196,12.080536912751679,18.120805369127517,69.79865771812081,56.375838926174495,13.422818791946309
E00097983,146,53,18,35,93,74,19,36.3013698630137,12.32876712328767,23.972602739726025,63.6986301369863,50.68493150684932,13.013698630136986
E00097984,100,40,17,23,60,47,13,40,17,23,60,47,13
E00097985,155,60,29,31,95,59,36,38.70967741935484,18.70967741935484,20,61.29032258064516,38.064516129032256,23.225806451612904
E00097986,149,64,31,33,85,67,18,42.95302013422819,20.80536912751678,22.14765100671141,57.04697986577181,44.966442953020135,12.080536912751679
E00097987,90,30,11,19,60,43,17,33.33333333333333,12.222222222222221,21.11111111111111,66.66666666666666,47.77777777777778,18.88888888888889
E00097988,131,47,19,28,84,51,33,35.87786259541985,14.50381679389313,21.374045801526716,64.12213740458014,38.93129770992366,25.190839694656486
E00097989,144,46,11,35,98,81,17,31.944444444444443,7.638888888888889,24.305555555555554,68.05555555555556,56.25,11.805555555555555
E00097990,112,44,20,24,68,57,11,39.285714285714285,17.857142857142858,21.428571428571427,60.71428571428571,50.89285714285714,9.821428571428571
E00097991,271,95,38,57,176,117,59,35.05535055350554,14.022140221402212,21.033210332103323,64.94464944649447,43.17343173431734,21.771217712177123
E00097992,161,64,29,35,97,74,23,39.75155279503105,18.012422360248447,21.73913043478261,60.24844720496895,45.962732919254655,14.285714285714285
E00097993,130,38,15,23,92,76,16,29.230769230769234,11.538461538461538,17.692307692307693,70.76923076923077,58.46153846153847,12.307692307692308
E00097994,147,58,27,31,89,71,18,39.455782312925166,18.367346938775512,21.08843537414966,60.544217687074834,48.29931972789115,12.244897959183673
E00097995,181,54,18,36,127,104,23,29.83425414364641,9.94475138121547,19.88950276243094,70.1657458563536,57.4585635359116,12.70718232044199
E00097996,182,64,20,44,118,97,21,35.16483516483517,10.989010989010989,24.175824175824175,64.83516483516483,53.2967032967033,11.538461538461538
E00097997,159,57,10,47,102,89,13,35.84905660377358,6.289308176100629,29.559748427672954,64.15094339622641,55.9748427672956,8.176100628930817
E00097998,112,39,10,29,73,63,10,34.82142857142857,8.928571428571429,25.892857142857146,65.17857142857143,56.25,8.928571428571429
E00097999,155,53,15,38,102,66,36,34.193548387096776,9.67741935483871,24.516129032258064,65.80645161290323,42.58064516129032,23.225806451612904
E00098000,106,38,20,18,68,50,18,35.84905660377358,18.867924528301888,16.9811320754717,64.15094339622641,47.16981132075472,16.9811320754717
E00098001,135,46,16,30,89,74,15,34.074074074074076,11.851851851851853,22.22222222222222,65.92592592592592,54.81481481481482,11.11111111111111
E00098002,48,20,12,8,28,16,12,41.66666666666667,25,16.666666666666664,58.333333333333336,33.33333333333333,25
E00098003,227,74,21,53,153,117,36,32.59911894273127,9.251101321585903,23.348017621145374,67.40088105726872,51.541850220264315,15.859030837004406
E00098004,137,49,10,39,88,71,17,35.76642335766424,7.2992700729927,28.467153284671532,64.23357664233576,51.82481751824818,12.408759124087592
E00098005,159,59,17,42,100,64,36,37.10691823899371,10.69182389937107,26.41509433962264,62.893081761006286,40.25157232704403,22.641509433962266
E00098006,125,40,14,26,85,68,17,32,11.200000000000001,20.8,68,54.400000000000006,13.600000000000001
E00098007,154,55,19,36,99,56,43,35.714285714285715,12.337662337662337,23.376623376623375,64.28571428571429,36.36363636363637,27.92207792207792
E00098008,119,33,14,19,86,47,39,27.73109243697479,11.76470588235294,15.966386554621847,72.26890756302521,39.49579831932773,32.773109243697476
E00098009,130,46,20,26,84,55,29,35.38461538461539,15.384615384615385,20,64.61538461538461,42.30769230769231,22.30769230769231
E00098010,167,62,24,38,105,84,21,37.12574850299401,14.37125748502994,22.75449101796407,62.874251497005986,50.29940119760479,12.574850299401197
E00098011,150,62,26,36,88,76,12,41.333333333333336,17.333333333333336,24,58.666666666666664,50.66666666666667,8
E00098012,120,43,15,28,77,45,32,35.833333333333336,12.5,23.333333333333332,64.16666666666667,37.5,26.666666666666668
E00098013,122,37,15,22,85,63,22,30.327868852459016,12.295081967213115,18.0327868852459,69.67213114754098,51.63934426229508,18.0327868852459
E00098014,107,41,16,25,66,62,4,38.31775700934579,14.953271028037381,23.364485981308412,61.6822429906542,57.943925233644855,3.7383177570093453
E00098015,131,52,25,27,79,47,32,39.69465648854962,19.083969465648856,20.610687022900763,60.30534351145038,35.87786259541985,24.427480916030532
E00098017,184,73,28,45,111,65,46,39.67391304347826,15.217391304347828,24.456521739130434,60.32608695652174,35.32608695652174,25
E00098018,98,34,14,20,64,44,20,34.69387755102041,14.285714285714285,20.408163265306122,65.3061224489796,44.89795918367347,20.408163265306122
E00098019,157,44,21,23,113,80,33,28.02547770700637,13.375796178343949,14.64968152866242,71.97452229299363,50.955414012738856,21.019108280254777
E00098020,141,52,23,29,89,77,12,36.87943262411347,16.312056737588655,20.56737588652482,63.12056737588653,54.60992907801418,8.51063829787234
E00098021,147,51,16,35,96,70,26,34.69387755102041,10.884353741496598,23.809523809523807,65.3061224489796,47.61904761904761,17.687074829931973
E00098022,122,48,22,26,74,63,11,39.34426229508197,18.0327868852459,21.311475409836063,60.65573770491803,51.63934426229508,9.01639344262295
E00098023,77,26,11,15,51,41,10,33.76623376623377,14.285714285714285,19.480519480519483,66.23376623376623,53.246753246753244,12.987012987012985
E00098024,132,54,20,34,78,58,20,40.909090909090914,15.151515151515152,25.757575757575758,59.09090909090909,43.93939393939394,15.151515151515152
E00098025,179,58,30,28,121,91,30,32.402234636871505,16.75977653631285,15.64245810055866,67.59776536312849,50.83798882681564,16.75977653631285
E00098026,87,29,14,15,58,42,16,33.33333333333333,16.091954022988507,17.24137931034483,66.66666666666666,48.275862068965516,18.39080459770115
E00098027,97,30,8,22,67,54,13,30.927835051546392,8.24742268041237,22.68041237113402,69.0721649484536,55.670103092783506,13.402061855670103
E00098028,204,82,35,47,122,106,16,40.19607843137255,17.15686274509804,23.03921568627451,59.80392156862745,51.9607843137255,7.8431372549019605
E00098029,192,65,26,39,127,96,31,33.85416666666667,13.541666666666666,20.3125,66.14583333333334,50,16.145833333333336
E00098030,98,44,17,27,54,45,9,44.89795918367347,17.346938775510203,27.55102040816326,55.10204081632652,45.91836734693878,9.183673469387756
E00098031,112,40,22,18,72,59,13,35.714285714285715,19.642857142857142,16.071428571428573,64.28571428571429,52.67857142857143,11.607142857142858
E00098032,79,28,16,12,51,39,12,35.44303797468354,20.253164556962027,15.18987341772152,64.55696202531645,49.36708860759494,15.18987341772152
E00098033,87,27,5,22,60,55,5,31.03448275862069,5.747126436781609,25.287356321839084,68.96551724137932,63.2183908045977,5.747126436781609
E00098034,248,84,21,63,164,145,19,33.87096774193548,8.46774193548387,25.403225806451612,66.12903225806451,58.46774193548387,7.661290322580645
E00098035,60,12,5,7,48,42,6,20,8.333333333333332,11.666666666666666,80,70,10
E00098036,139,45,12,33,94,82,12,32.37410071942446,8.633093525179856,23.741007194244602,67.62589928057554,58.992805755395686,8.633093525179856
E00098037,87,34,5,29,53,47,6,39.08045977011494,5.747126436781609,33.33333333333333,60.91954022988506,54.02298850574713,6.896551724137931
E00098038,121,44,16,28,77,69,8,36.36363636363637,13.223140495867769,23.140495867768596,63.63636363636363,57.02479338842975,6.6115702479338845
E00098039,138,44,16,28,94,84,10,31.88405797101449,11.594202898550725,20.28985507246377,68.11594202898551,60.86956521739131,7.246376811594203
E00098040,326,85,18,67,241,219,22,26.07361963190184,5.521472392638037,20.552147239263803,73.92638036809815,67.17791411042946,6.748466257668712
E00098041,119,44,10,34,75,72,3,36.97478991596639,8.403361344537815,28.57142857142857,63.02521008403361,60.50420168067227,2.5210084033613445
E00098042,129,42,10,32,87,76,11,32.55813953488372,7.751937984496124,24.8062015503876,67.44186046511628,58.91472868217055,8.527131782945736
E00098043,187,50,19,31,137,131,6,26.737967914438503,10.16042780748663,16.577540106951872,73.2620320855615,70.05347593582889,3.2085561497326207
E00098044,136,48,13,35,88,80,8,35.294117647058826,9.558823529411764,25.735294117647058,64.70588235294117,58.82352941176471,5.88235294117647
E00098045,134,45,10,35,89,84,5,33.582089552238806,7.462686567164178,26.119402985074625,66.4179104477612,62.68656716417911,3.731343283582089
E00098046,135,68,17,51,67,60,7,50.37037037037037,12.592592592592592,37.77777777777778,49.629629629629626,44.44444444444444,5.185185185185185
E00098047,134,41,14,27,93,79,14,30.597014925373134,10.44776119402985,20.149253731343283,69.40298507462687,58.95522388059702,10.44776119402985
E00098048,178,50,23,27,128,104,24,28.08988764044944,12.921348314606742,15.168539325842698,71.91011235955057,58.42696629213483,13.48314606741573
E00098049,133,38,16,22,95,82,13,28.57142857142857,12.030075187969924,16.541353383458645,71.42857142857143,61.65413533834586,9.774436090225564
E00098050,168,63,23,40,105,93,12,37.5,13.690476190476192,23.809523809523807,62.5,55.35714285714286,7.142857142857142
E00098051,119,38,13,25,81,62,19,31.932773109243694,10.92436974789916,21.008403361344538,68.0672268907563,52.10084033613446,15.966386554621847
E00098052,118,37,21,16,81,76,5,31.35593220338983,17.796610169491526,13.559322033898304,68.64406779661016,64.40677966101694,4.23728813559322
E00098053,124,42,15,27,82,71,11,33.87096774193548,12.096774193548388,21.774193548387096,66.12903225806451,57.25806451612904,8.870967741935484
E00098054,115,40,10,30,75,62,13,34.78260869565217,8.695652173913043,26.08695652173913,65.21739130434783,53.91304347826087,11.304347826086957
E00098055,103,34,8,26,69,64,5,33.00970873786408,7.766990291262135,25.24271844660194,66.99029126213593,62.13592233009708,4.854368932038835
E00098056,118,36,15,21,82,74,8,30.508474576271187,12.711864406779661,17.796610169491526,69.49152542372882,62.71186440677966,6.779661016949152
E00098057,171,50,14,36,121,107,14,29.239766081871345,8.187134502923977,21.052631578947366,70.76023391812866,62.57309941520468,8.187134502923977
E00098058,166,46,16,30,120,104,16,27.710843373493976,9.63855421686747,18.072289156626507,72.28915662650603,62.65060240963856,9.63855421686747
E00098059,124,33,13,20,91,79,12,26.61290322580645,10.483870967741936,16.129032258064516,73.38709677419355,63.70967741935484,9.67741935483871
E00098060,107,41,17,24,66,55,11,38.31775700934579,15.887850467289718,22.429906542056074,61.6822429906542,51.4018691588785,10.2803738317757
E00098061,166,45,14,31,121,94,27,27.10843373493976,8.433734939759036,18.67469879518072,72.89156626506023,56.62650602409639,16.265060240963855
E00098062,79,23,8,15,56,49,7,29.11392405063291,10.126582278481013,18.9873417721519,70.88607594936708,62.0253164556962,8.860759493670885
E00098063,160,45,15,30,115,94,21,28.125,9.375,18.75,71.875,58.75,13.125
E00098064,149,51,14,37,98,91,7,34.22818791946309,9.395973154362416,24.832214765100673,65.77181208053692,61.07382550335571,4.697986577181208
E00098065,160,45,17,28,115,98,17,28.125,10.625,17.5,71.875,61.25000000000001,10.625
E00098066,128,34,10,24,94,84,10,26.5625,7.8125,18.75,73.4375,65.625,7.8125
E00098067,118,39,13,26,79,66,13,33.05084745762712,11.016949152542372,22.033898305084744,66.94915254237289,55.932203389830505,11.016949152542372
E00098068,156,56,18,38,100,84,16,35.8974358974359,11.538461538461538,24.358974358974358,64.1025641025641,53.84615384615385,10.256410256410255
E00098069,107,37,17,20,70,62,8,34.57943925233645,15.887850467289718,18.69158878504673,65.42056074766354,57.943925233644855,7.476635514018691
E00098070,80,33,12,21,47,42,5,41.25,15,26.25,58.75,52.5,6.25
E00098071,88,32,10,22,56,45,11,36.36363636363637,11.363636363636363,25,63.63636363636363,51.13636363636363,12.5
E00098072,102,33,10,23,69,55,14,32.35294117647059,9.803921568627452,22.54901960784314,67.64705882352942,53.92156862745098,13.725490196078432
E00098073,194,59,16,43,135,118,17,30.412371134020617,8.24742268041237,22.164948453608247,69.58762886597938,60.824742268041234,8.762886597938143
E00098074,117,44,14,30,73,50,23,37.60683760683761,11.965811965811966,25.64102564102564,62.39316239316239,42.73504273504273,19.65811965811966
E00098075,158,47,21,26,111,78,33,29.746835443037973,13.291139240506327,16.455696202531644,70.25316455696202,49.36708860759494,20.88607594936709
E00098077,186,66,22,44,120,76,44,35.483870967741936,11.827956989247312,23.655913978494624,64.51612903225806,40.86021505376344,23.655913978494624
E00098078,195,69,25,44,126,100,26,35.38461538461539,12.82051282051282,22.564102564102566,64.61538461538461,51.28205128205128,13.333333333333334
E00098080,175,74,33,41,101,78,23,42.285714285714285,18.857142857142858,23.42857142857143,57.714285714285715,44.57142857142857,13.142857142857142
E00098081,98,25,10,15,73,52,21,25.510204081632654,10.204081632653061,15.306122448979592,74.48979591836735,53.06122448979592,21.428571428571427
E00098082,159,47,13,34,112,74,38,29.559748427672954,8.176100628930817,21.38364779874214,70.44025157232704,46.540880503144656,23.89937106918239
E00098083,98,30,15,15,68,55,13,30.612244897959183,15.306122448979592,15.306122448979592,69.38775510204081,56.12244897959183,13.26530612244898
E00098084,26,12,8,4,14,10,4,46.15384615384615,30.76923076923077,15.384615384615385,53.84615384615385,38.46153846153847,15.384615384615385
E00098085,123,42,17,25,81,61,20,34.146341463414636,13.821138211382115,20.32520325203252,65.85365853658537,49.59349593495935,16.260162601626014
E00098086,81,29,12,17,52,43,9,35.80246913580247,14.814814814814813,20.98765432098765,64.19753086419753,53.086419753086425,11.11111111111111
E00098087,139,49,24,25,90,71,19,35.25179856115108,17.26618705035971,17.985611510791365,64.74820143884892,51.07913669064749,13.66906474820144
E00098088,99,30,15,15,69,39,30,30.303030303030305,15.151515151515152,15.151515151515152,69.6969696969697,39.39393939393939,30.303030303030305
E00098089,108,30,10,20,78,66,12,27.77777777777778,9.25925925925926,18.51851851851852,72.22222222222221,61.111111111111114,11.11111111111111
E00098090,94,40,15,25,54,41,13,42.5531914893617,15.957446808510639,26.595744680851062,57.446808510638306,43.61702127659575,13.829787234042554
E00098091,110,43,14,29,67,50,17,39.09090909090909,12.727272727272727,26.36363636363636,60.909090909090914,45.45454545454545,15.454545454545453
E00098092,137,53,21,32,84,69,15,38.68613138686132,15.328467153284672,23.357664233576642,61.31386861313869,50.36496350364964,10.948905109489052
E00098093,114,52,23,29,62,54,8,45.614035087719294,20.175438596491226,25.438596491228072,54.385964912280706,47.368421052631575,7.017543859649122
E00098094,160,39,19,20,121,95,26,24.375,11.875,12.5,75.625,59.375,16.25
E00098095,149,53,28,25,96,73,23,35.57046979865772,18.79194630872483,16.778523489932887,64.42953020134227,48.99328859060403,15.436241610738255
E00098096,144,53,24,29,91,79,12,36.80555555555556,16.666666666666664,20.13888888888889,63.19444444444444,54.861111111111114,8.333333333333332
E00098097,124,44,22,22,80,63,17,35.483870967741936,17.741935483870968,17.741935483870968,64.51612903225806,50.806451612903224,13.709677419354838
E00098098,152,66,38,28,86,67,19,43.42105263157895,25,18.421052631578945,56.57894736842105,44.07894736842105,12.5
E00098099,184,50,23,27,134,109,25,27.173913043478258,12.5,14.673913043478262,72.82608695652173,59.2391304347826,13.586956521739129
E00098100,172,63,30,33,109,96,13,36.627906976744185,17.441860465116278,19.186046511627907,63.372093023255815,55.81395348837209,7.55813953488372
E00098101,125,52,29,23,73,55,18,41.6,23.200000000000003,18.4,58.4,44,14.399999999999999
E00098102,135,47,17,30,88,66,22,34.81481481481482,12.592592592592592,22.22222222222222,65.18518518518519,48.888888888888886,16.296296296296298
E00098103,151,40,23,17,111,86,25,26.490066225165563,15.2317880794702,11.258278145695364,73.50993377483444,56.95364238410596,16.55629139072848
E00098104,116,29,14,15,87,73,14,25,12.068965517241379,12.931034482758621,75,62.93103448275862,12.068965517241379
E00098105,128,34,10,24,94,84,10,26.5625,7.8125,18.75,73.4375,65.625,7.8125
E00098106,155,67,22,45,88,81,7,43.225806451612904,14.193548387096774,29.03225806451613,56.774193548387096,52.25806451612903,4.516129032258064
E00098107,157,53,24,29,104,97,7,33.75796178343949,15.286624203821656,18.471337579617835,66.2420382165605,61.78343949044586,4.45859872611465
E00098108,191,60,38,22,131,105,26,31.413612565445025,19.895287958115183,11.518324607329843,68.58638743455498,54.973821989528794,13.612565445026178
E00098109,122,37,13,24,85,71,14,30.327868852459016,10.655737704918032,19.672131147540984,69.67213114754098,58.19672131147541,11.475409836065573
E00098110,146,56,16,40,90,79,11,38.35616438356164,10.95890410958904,27.397260273972602,61.64383561643836,54.109589041095894,7.534246575342466
E00098111,133,47,19,28,86,72,14,35.338345864661655,14.285714285714285,21.052631578947366,64.66165413533834,54.13533834586466,10.526315789473683
E00168541,149,47,20,27,102,68,34,31.543624161073826,13.422818791946309,18.120805369127517,68.45637583892618,45.63758389261745,22.818791946308725
E00168542,126,45,16,29,81,73,8,35.714285714285715,12.698412698412698,23.015873015873016,64.28571428571429,57.936507936507944,6.349206349206349
E00168544,167,57,19,38,110,95,15,34.13173652694611,11.377245508982035,22.75449101796407,65.86826347305389,56.886227544910184,8.982035928143713
E00168545,138,34,13,21,104,93,11,24.637681159420293,9.420289855072465,15.217391304347828,75.36231884057972,67.3913043478261,7.971014492753622
E00168547,154,43,16,27,111,74,37,27.92207792207792,10.38961038961039,17.532467532467532,72.07792207792207,48.05194805194805,24.025974025974026
E00168548,25,11,3,8,14,12,2,44,12,32,56.00000000000001,48,8
E00168550,110,46,21,25,64,45,19,41.81818181818181,19.090909090909093,22.727272727272727,58.18181818181818,40.909090909090914,17.272727272727273
E00168552,111,35,12,23,76,69,7,31.53153153153153,10.81081081081081,20.72072072072072,68.46846846846847,62.16216216216216,6.306306306306306
E00168553,45,12,7,5,33,22,11,26.666666666666668,15.555555555555555,11.11111111111111,73.33333333333333,48.888888888888886,24.444444444444443
E00168554,94,43,13,30,51,43,8,45.744680851063826,13.829787234042554,31.914893617021278,54.25531914893617,45.744680851063826,8.51063829787234
E00168555,71,31,17,14,40,30,10,43.66197183098591,23.943661971830984,19.718309859154928,56.33802816901409,42.25352112676056,14.084507042253522
E00179287,216,64,17,47,152,122,30,29.629629629629626,7.87037037037037,21.75925925925926,70.37037037037037,56.481481481481474,13.88888888888889
E00179292,117,39,12,27,78,66,12,33.33333333333333,10.256410256410255,23.076923076923077,66.66666666666666,56.41025641025641,10.256410256410255
E00179295,161,59,18,41,102,87,15,36.64596273291926,11.180124223602485,25.465838509316768,63.35403726708074,54.037267080745345,9.316770186335404
E00179297,163,40,12,28,123,107,16,24.539877300613497,7.361963190184049,17.177914110429448,75.4601226993865,65.6441717791411,9.815950920245399
E00179309,195,58,20,38,137,121,16,29.743589743589745,10.256410256410255,19.48717948717949,70.25641025641025,62.05128205128205,8.205128205128204
E00179310,143,45,15,30,98,83,15,31.46853146853147,10.48951048951049,20.97902097902098,68.53146853146853,58.04195804195804,10.48951048951049
E00179316,179,37,9,28,142,127,15,20.670391061452513,5.027932960893855,15.64245810055866,79.3296089385475,70.94972067039106,8.379888268156424
