OA,ts0590001,ts0590002,ts0590003,ts0590004,ts0590005,ts0590006,ts0590007,ts0590002_PCT,ts0590003_PCT,ts0590004_PCT,ts0590005_PCT,ts0590006_PCT,ts0590007_PCT
E00023412,114,20,10,10,94,58,36,17.543859649122805,8.771929824561402,8.771929824561402,82.45614035087719,50.877192982456144,31.57894736842105
E00023413,191,29,12,17,162,99,63,15.18324607329843,6.282722513089005,8.900523560209423,84.81675392670157,51.832460732984295,32.98429319371728
E00023414,78,16,6,10,62,46,16,20.51282051282051,7.6923076923076925,12.82051282051282,79.48717948717949,58.97435897435898,20.51282051282051
E00023415,183,35,18,17,148,92,56,19.12568306010929,9.836065573770492,9.289617486338798,80.87431693989072,50.27322404371585,30.601092896174865
E00023416,203,28,11,17,175,107,68,13.793103448275861,5.41871921182266,8.374384236453201,86.20689655172413,52.70935960591133,33.497536945812804
E00023418,101,16,7,9,85,59,26,15.841584158415841,6.9306930693069315,8.91089108910891,84.15841584158416,58.415841584158414,25.742574257425744
E00023419,214,43,24,19,171,110,61,20.093457943925234,11.214953271028037,8.878504672897195,79.90654205607477,51.4018691588785,28.504672897196258
E00023421,163,14,7,7,149,102,47,8.588957055214724,4.294478527607362,4.294478527607362,91.41104294478528,62.57668711656442,28.834355828220858
E00023422,206,49,20,29,157,101,56,23.78640776699029,9.70873786407767,14.077669902912621,76.2135922330097,49.029126213592235,27.184466019417474
E00023423,164,26,10,16,138,79,59,15.853658536585366,6.097560975609756,9.75609756097561,84.14634146341463,48.170731707317074,35.97560975609756
E00023424,135,9,9,0,126,78,48,6.666666666666667,6.666666666666667,0,93.33333333333333,57.77777777777777,35.55555555555556
E00023425,64,20,7,13,44,30,14,31.25,10.9375,20.3125,68.75,46.875,21.875
E00023426,163,23,7,16,140,80,60,14.11042944785276,4.294478527607362,9.815950920245399,85.88957055214725,49.079754601226995,36.809815950920246
E00023427,98,23,13,10,75,46,29,23.46938775510204,13.26530612244898,10.204081632653061,76.53061224489795,46.93877551020408,29.591836734693878
E00023428,127,22,13,9,105,70,35,17.322834645669293,10.236220472440944,7.086614173228346,82.67716535433071,55.118110236220474,27.559055118110237
E00023429,182,47,17,30,135,99,36,25.82417582417583,9.340659340659341,16.483516483516482,74.17582417582418,54.395604395604394,19.78021978021978
E00023430,115,17,12,5,98,60,38,14.782608695652174,10.434782608695652,4.3478260869565215,85.21739130434783,52.17391304347826,33.04347826086956
E00023431,182,42,21,21,140,68,72,23.076923076923077,11.538461538461538,11.538461538461538,76.92307692307693,37.362637362637365,39.56043956043956
E00023432,98,22,9,13,76,44,32,22.448979591836736,9.183673469387756,13.26530612244898,77.55102040816327,44.89795918367347,32.6530612244898
E00023433,116,32,14,18,84,54,30,27.586206896551722,12.068965517241379,15.517241379310345,72.41379310344827,46.55172413793103,25.862068965517242
E00023434,145,48,20,28,97,86,11,33.10344827586207,13.793103448275861,19.310344827586206,66.89655172413794,59.310344827586206,7.586206896551724
E00023435,146,42,22,20,104,51,53,28.767123287671232,15.068493150684931,13.698630136986301,71.23287671232876,34.93150684931507,36.3013698630137
E00023436,122,31,14,17,91,57,34,25.40983606557377,11.475409836065573,13.934426229508196,74.59016393442623,46.72131147540984,27.86885245901639
E00023437,52,11,5,6,41,21,20,21.153846153846153,9.615384615384617,11.538461538461538,78.84615384615384,40.38461538461539,38.46153846153847
E00023438,132,24,9,15,108,58,50,18.181818181818183,6.8181818181818175,11.363636363636363,81.81818181818183,43.93939393939394,37.878787878787875
E00023439,269,47,16,31,222,157,65,17.472118959107807,5.947955390334572,11.524163568773234,82.5278810408922,58.36431226765799,24.1635687732342
E00023440,110,27,12,15,83,42,41,24.545454545454547,10.909090909090908,13.636363636363635,75.45454545454545,38.18181818181819,37.27272727272727
E00023441,136,30,10,20,106,61,45,22.058823529411764,7.352941176470589,14.705882352941178,77.94117647058823,44.85294117647059,33.088235294117645
E00023442,88,18,11,7,70,32,38,20.454545454545457,12.5,7.954545454545454,79.54545454545455,36.36363636363637,43.18181818181818
E00023443,91,32,17,15,59,50,9,35.16483516483517,18.681318681318682,16.483516483516482,64.83516483516483,54.94505494505495,9.89010989010989
E00023444,131,24,7,17,107,76,31,18.3206106870229,5.343511450381679,12.977099236641221,81.67938931297711,58.01526717557252,23.66412213740458
E00023445,99,29,22,7,70,31,39,29.292929292929294,22.22222222222222,7.07070707070707,70.70707070707071,31.313131313131315,39.39393939393939
E00023446,114,24,10,14,90,61,29,21.052631578947366,8.771929824561402,12.280701754385964,78.94736842105263,53.50877192982456,25.438596491228072
E00023447,178,26,9,17,152,89,63,14.606741573033707,5.056179775280898,9.550561797752808,85.39325842696628,50,35.39325842696629
E00023448,232,43,14,29,189,111,78,18.53448275862069,6.0344827586206895,12.5,81.46551724137932,47.8448275862069,33.62068965517241
E00023449,122,21,4,17,101,53,48,17.21311475409836,3.278688524590164,13.934426229508196,82.78688524590164,43.44262295081967,39.34426229508197
E00023450,180,70,39,31,110,87,23,38.88888888888889,21.666666666666668,17.22222222222222,61.111111111111114,48.333333333333336,12.777777777777777
E00023451,223,42,23,19,181,114,67,18.83408071748879,10.31390134529148,8.520179372197308,81.16591928251121,51.12107623318386,30.04484304932735
E00023452,224,39,20,19,185,142,43,17.410714285714285,8.928571428571429,8.482142857142858,82.58928571428571,63.39285714285714,19.196428571428573
E00023453,125,24,13,11,101,80,21,19.2,10.4,8.799999999999999,80.80000000000001,64,16.8
E00023454,133,30,13,17,103,80,23,22.55639097744361,9.774436090225564,12.781954887218044,77.44360902255639,60.150375939849624,17.293233082706767
E00023455,139,30,12,18,109,81,28,21.58273381294964,8.633093525179856,12.949640287769784,78.41726618705036,58.27338129496403,20.14388489208633
E00023456,122,31,14,17,91,63,28,25.40983606557377,11.475409836065573,13.934426229508196,74.59016393442623,51.63934426229508,22.950819672131146
E00023458,126,27,9,18,99,63,36,21.428571428571427,7.142857142857142,14.285714285714285,78.57142857142857,50,28.57142857142857
E00023459,129,26,11,15,103,65,38,20.155038759689923,8.527131782945736,11.627906976744185,79.84496124031007,50.3875968992248,29.457364341085274
E00023460,102,17,13,4,85,45,40,16.666666666666664,12.745098039215685,3.9215686274509802,83.33333333333334,44.11764705882353,39.21568627450981
E00023461,179,48,17,31,131,91,40,26.81564245810056,9.497206703910614,17.318435754189945,73.18435754189943,50.83798882681564,22.3463687150838
E00023462,142,22,10,12,120,62,58,15.492957746478872,7.042253521126761,8.450704225352112,84.50704225352112,43.66197183098591,40.845070422535215
E00023463,95,18,13,5,77,51,26,18.947368421052634,13.684210526315791,5.263157894736842,81.05263157894737,53.68421052631579,27.368421052631582
E00023464,121,22,4,18,99,62,37,18.181818181818183,3.3057851239669422,14.87603305785124,81.81818181818183,51.2396694214876,30.57851239669421
E00023465,123,36,23,13,87,44,43,29.268292682926827,18.69918699186992,10.569105691056912,70.73170731707317,35.77235772357724,34.959349593495936
E00023466,161,41,25,16,120,77,43,25.465838509316768,15.527950310559005,9.937888198757763,74.53416149068323,47.82608695652174,26.70807453416149
E00023467,135,41,13,28,94,64,30,30.37037037037037,9.62962962962963,20.74074074074074,69.62962962962963,47.40740740740741,22.22222222222222
E00023468,137,22,8,14,115,68,47,16.05839416058394,5.839416058394161,10.218978102189782,83.94160583941606,49.63503649635037,34.306569343065696
E00023469,184,18,11,7,166,126,40,9.782608695652174,5.978260869565218,3.804347826086957,90.21739130434783,68.47826086956522,21.73913043478261
E00023470,126,26,11,15,100,41,59,20.634920634920633,8.73015873015873,11.904761904761903,79.36507936507937,32.53968253968254,46.82539682539682
E00023471,113,26,11,15,87,63,24,23.008849557522122,9.734513274336283,13.274336283185843,76.99115044247787,55.75221238938053,21.238938053097346
E00023472,296,107,36,71,189,134,55,36.14864864864865,12.162162162162163,23.986486486486484,63.85135135135135,45.27027027027027,18.58108108108108
E00023473,145,30,11,19,115,77,38,20.689655172413794,7.586206896551724,13.10344827586207,79.3103448275862,53.103448275862064,26.20689655172414
E00023474,124,19,6,13,105,84,21,15.32258064516129,4.838709677419355,10.483870967741936,84.67741935483872,67.74193548387096,16.93548387096774
E00023475,117,30,20,10,87,42,45,25.64102564102564,17.094017094017094,8.547008547008547,74.35897435897436,35.8974358974359,38.46153846153847
E00023476,267,44,20,24,223,134,89,16.479400749063668,7.490636704119851,8.98876404494382,83.52059925093633,50.187265917603,33.33333333333333
E00023477,204,48,24,24,156,111,45,23.52941176470588,11.76470588235294,11.76470588235294,76.47058823529412,54.41176470588235,22.058823529411764
E00023478,211,47,16,31,164,95,69,22.274881516587676,7.5829383886255926,14.691943127962084,77.72511848341233,45.023696682464454,32.70142180094787
E00023479,232,31,13,18,201,110,91,13.36206896551724,5.603448275862069,7.758620689655173,86.63793103448276,47.41379310344828,39.224137931034484
E00023480,139,26,17,9,113,76,37,18.705035971223023,12.23021582733813,6.474820143884892,81.29496402877699,54.67625899280576,26.618705035971225
E00023481,97,19,8,11,78,50,28,19.587628865979383,8.24742268041237,11.34020618556701,80.41237113402062,51.546391752577314,28.865979381443296
E00023482,287,58,18,40,229,163,66,20.209059233449477,6.2717770034843205,13.937282229965156,79.79094076655052,56.79442508710801,22.99651567944251
E00023483,154,43,15,28,111,76,35,27.92207792207792,9.740259740259742,18.181818181818183,72.07792207792207,49.35064935064935,22.727272727272727
E00023484,143,21,8,13,122,79,43,14.685314685314685,5.594405594405594,9.090909090909092,85.3146853146853,55.24475524475524,30.069930069930066
E00023485,49,14,9,5,35,25,10,28.57142857142857,18.367346938775512,10.204081632653061,71.42857142857143,51.02040816326531,20.408163265306122
E00023486,114,21,10,11,93,54,39,18.421052631578945,8.771929824561402,9.649122807017543,81.57894736842105,47.368421052631575,34.21052631578947
E00023487,102,23,8,15,79,61,18,22.54901960784314,7.8431372549019605,14.705882352941178,77.45098039215686,59.80392156862745,17.647058823529413
E00023488,187,31,11,20,156,71,85,16.577540106951872,5.88235294117647,10.695187165775401,83.42245989304813,37.967914438502675,45.45454545454545
E00023489,237,30,13,17,207,113,94,12.658227848101266,5.485232067510549,7.172995780590717,87.34177215189874,47.67932489451477,39.66244725738397
E00023490,291,86,37,49,205,113,92,29.553264604810998,12.714776632302405,16.83848797250859,70.44673539518901,38.83161512027492,31.615120274914087
E00023491,125,27,14,13,98,66,32,21.6,11.200000000000001,10.4,78.4,52.800000000000004,25.6
E00023492,96,16,4,12,80,52,28,16.666666666666664,4.166666666666666,12.5,83.33333333333334,54.166666666666664,29.166666666666668
E00023493,146,43,20,23,103,68,35,29.45205479452055,13.698630136986301,15.753424657534246,70.54794520547945,46.57534246575342,23.972602739726025
E00023494,184,37,19,18,147,102,45,20.108695652173914,10.326086956521738,9.782608695652174,79.8913043478261,55.434782608695656,24.456521739130434
E00023495,141,27,14,13,114,67,47,19.148936170212767,9.929078014184398,9.219858156028367,80.85106382978722,47.5177304964539,33.33333333333333
E00023496,99,19,11,8,80,56,24,19.19191919191919,11.11111111111111,8.080808080808081,80.8080808080808,56.56565656565656,24.242424242424242
E00023497,100,22,10,12,78,47,31,22,10,12,78,47,31
E00023498,131,25,17,8,106,48,58,19.083969465648856,12.977099236641221,6.106870229007633,80.91603053435115,36.6412213740458,44.274809160305345
E00023499,92,20,8,12,72,50,22,21.73913043478261,8.695652173913043,13.043478260869565,78.26086956521739,54.347826086956516,23.91304347826087
E00023500,146,23,13,10,123,70,53,15.753424657534246,8.904109589041095,6.8493150684931505,84.24657534246576,47.94520547945205,36.3013698630137
E00023501,166,42,27,15,124,76,48,25.301204819277107,16.265060240963855,9.036144578313253,74.69879518072288,45.78313253012048,28.915662650602407
E00023502,154,31,18,13,123,58,65,20.12987012987013,11.688311688311687,8.441558441558442,79.87012987012987,37.66233766233766,42.2077922077922
E00023503,68,8,0,8,60,34,26,11.76470588235294,0,11.76470588235294,88.23529411764706,50,38.23529411764706
E00023504,93,20,2,18,73,34,39,21.50537634408602,2.1505376344086025,19.35483870967742,78.49462365591397,36.55913978494624,41.935483870967744
E00023505,109,28,14,14,81,49,32,25.688073394495415,12.844036697247708,12.844036697247708,74.31192660550458,44.95412844036697,29.357798165137616
E00023506,163,30,16,14,133,78,55,18.404907975460123,9.815950920245399,8.588957055214724,81.59509202453987,47.85276073619632,33.74233128834356
E00023507,97,24,9,15,73,57,16,24.742268041237114,9.278350515463918,15.463917525773196,75.25773195876289,58.76288659793815,16.49484536082474
E00023508,126,20,8,12,106,65,41,15.873015873015872,6.349206349206349,9.523809523809524,84.12698412698413,51.587301587301596,32.53968253968254
E00023509,172,32,21,11,140,92,48,18.6046511627907,12.209302325581394,6.395348837209303,81.3953488372093,53.48837209302325,27.906976744186046
E00023510,115,23,11,12,92,58,34,20,9.565217391304348,10.434782608695652,80,50.43478260869565,29.565217391304348
E00023511,104,12,7,5,92,57,35,11.538461538461538,6.730769230769231,4.807692307692308,88.46153846153845,54.807692307692314,33.65384615384615
E00023512,130,14,5,9,116,69,47,10.76923076923077,3.8461538461538463,6.923076923076923,89.23076923076924,53.07692307692308,36.15384615384615
E00023513,66,11,3,8,55,32,23,16.666666666666664,4.545454545454546,12.121212121212121,83.33333333333334,48.484848484848484,34.84848484848485
E00023514,125,23,6,17,102,50,52,18.4,4.8,13.600000000000001,81.6,40,41.6
E00023515,94,28,13,15,66,47,19,29.78723404255319,13.829787234042554,15.957446808510639,70.2127659574468,50,20.212765957446805
E00023516,101,21,6,15,80,55,25,20.792079207920793,5.9405940594059405,14.85148514851485,79.20792079207921,54.45544554455446,24.752475247524753
E00023517,181,45,18,27,136,90,46,24.861878453038674,9.94475138121547,14.917127071823206,75.13812154696133,49.72375690607735,25.41436464088398
E00023518,116,27,14,13,89,51,38,23.275862068965516,12.068965517241379,11.206896551724139,76.72413793103449,43.96551724137931,32.758620689655174
E00023519,153,38,14,24,115,75,40,24.836601307189543,9.15032679738562,15.686274509803921,75.16339869281046,49.01960784313725,26.143790849673206
E00023520,130,19,14,5,111,63,48,14.615384615384617,10.76923076923077,3.8461538461538463,85.38461538461539,48.46153846153846,36.92307692307693
E00023521,126,17,8,9,109,69,40,13.492063492063492,6.349206349206349,7.142857142857142,86.5079365079365,54.761904761904766,31.746031746031743
E00023522,164,42,12,30,122,81,41,25.609756097560975,7.317073170731707,18.29268292682927,74.39024390243902,49.390243902439025,25
E00023523,71,17,9,8,54,33,21,23.943661971830984,12.676056338028168,11.267605633802818,76.05633802816901,46.478873239436616,29.577464788732392
E00023524,74,12,5,7,62,35,27,16.216216216216218,6.756756756756757,9.45945945945946,83.78378378378379,47.2972972972973,36.486486486486484
E00023525,84,22,12,10,62,28,34,26.190476190476193,14.285714285714285,11.904761904761903,73.80952380952381,33.33333333333333,40.476190476190474
E00023526,135,38,16,22,97,43,54,28.14814814814815,11.851851851851853,16.296296296296298,71.85185185185186,31.851851851851855,40
E00023527,183,22,9,13,161,78,83,12.021857923497267,4.918032786885246,7.103825136612022,87.97814207650273,42.62295081967213,45.3551912568306
E00023528,94,14,10,4,80,48,32,14.893617021276595,10.638297872340425,4.25531914893617,85.1063829787234,51.06382978723404,34.04255319148936
E00023529,139,35,25,10,104,60,44,25.179856115107913,17.985611510791365,7.1942446043165464,74.82014388489209,43.16546762589928,31.654676258992804
E00023532,97,36,15,21,61,52,9,37.11340206185567,15.463917525773196,21.649484536082475,62.88659793814433,53.608247422680414,9.278350515463918
E00023533,83,22,12,10,61,46,15,26.506024096385545,14.457831325301203,12.048192771084338,73.49397590361446,55.42168674698795,18.072289156626507
E00023537,160,34,12,22,126,82,44,21.25,7.5,13.750000000000002,78.75,51.24999999999999,27.500000000000004
E00023538,149,59,20,39,90,72,18,39.59731543624161,13.422818791946309,26.174496644295303,60.40268456375839,48.322147651006716,12.080536912751679
E00023539,152,48,28,20,104,85,19,31.57894736842105,18.421052631578945,13.157894736842104,68.42105263157895,55.92105263157895,12.5
E00023540,162,42,18,24,120,98,22,25.925925925925924,11.11111111111111,14.814814814814813,74.07407407407408,60.49382716049383,13.580246913580247
E00023541,91,29,12,17,62,51,11,31.868131868131865,13.186813186813188,18.681318681318682,68.13186813186813,56.043956043956044,12.087912087912088
E00023542,100,25,13,12,75,48,27,25,13,12,75,48,27
E00023543,150,46,18,28,104,92,12,30.666666666666664,12,18.666666666666668,69.33333333333334,61.33333333333333,8
E00023544,109,40,21,19,69,60,9,36.69724770642202,19.26605504587156,17.431192660550458,63.30275229357798,55.04587155963303,8.256880733944955
E00023545,142,23,10,13,119,75,44,16.19718309859155,7.042253521126761,9.15492957746479,83.80281690140845,52.816901408450704,30.985915492957744
E00023546,110,29,12,17,81,63,18,26.36363636363636,10.909090909090908,15.454545454545453,73.63636363636363,57.27272727272727,16.363636363636363
E00023547,109,38,16,22,71,61,10,34.862385321100916,14.678899082568808,20.18348623853211,65.13761467889908,55.96330275229357,9.174311926605505
E00023548,150,51,18,33,99,84,15,34,12,22,66,56.00000000000001,10
E00023549,102,40,15,25,62,54,8,39.21568627450981,14.705882352941178,24.509803921568626,60.78431372549019,52.94117647058824,7.8431372549019605
E00023550,137,53,18,35,84,74,10,38.68613138686132,13.138686131386862,25.547445255474454,61.31386861313869,54.01459854014598,7.2992700729927
E00023551,104,33,15,18,71,62,9,31.73076923076923,14.423076923076922,17.307692307692307,68.26923076923077,59.61538461538461,8.653846153846153
E00023552,121,45,22,23,76,69,7,37.1900826446281,18.181818181818183,19.00826446280992,62.8099173553719,57.02479338842975,5.785123966942149
E00023554,106,46,21,25,60,52,8,43.39622641509434,19.81132075471698,23.58490566037736,56.60377358490566,49.056603773584904,7.547169811320755
E00023555,131,39,12,27,92,75,17,29.770992366412212,9.16030534351145,20.610687022900763,70.22900763358778,57.25190839694656,12.977099236641221
E00023556,88,36,13,23,52,43,9,40.909090909090914,14.772727272727273,26.136363636363637,59.09090909090909,48.86363636363637,10.227272727272728
E00023557,95,17,8,9,78,42,36,17.894736842105264,8.421052631578947,9.473684210526317,82.10526315789474,44.21052631578947,37.89473684210527
E00023558,87,21,7,14,66,48,18,24.137931034482758,8.045977011494253,16.091954022988507,75.86206896551724,55.172413793103445,20.689655172413794
E00023559,101,23,11,12,78,56,22,22.772277227722775,10.891089108910892,11.881188118811881,77.22772277227723,55.44554455445545,21.782178217821784
E00023560,84,20,11,9,64,36,28,23.809523809523807,13.095238095238097,10.714285714285714,76.19047619047619,42.857142857142854,33.33333333333333
E00023561,80,12,7,5,68,50,18,15,8.75,6.25,85,62.5,22.5
E00023562,62,17,7,10,45,35,10,27.419354838709676,11.29032258064516,16.129032258064516,72.58064516129032,56.451612903225815,16.129032258064516
E00023564,171,81,23,58,90,80,10,47.368421052631575,13.450292397660817,33.91812865497076,52.63157894736842,46.783625730994146,5.847953216374268
E00023565,192,61,25,36,131,111,20,31.770833333333332,13.020833333333334,18.75,68.22916666666666,57.8125,10.416666666666668
E00023566,207,60,22,38,147,120,27,28.985507246376812,10.628019323671497,18.357487922705314,71.01449275362319,57.971014492753625,13.043478260869565
E00023567,152,47,17,30,105,76,29,30.92105263157895,11.18421052631579,19.736842105263158,69.07894736842105,50,19.078947368421055
E00023569,87,44,13,31,43,32,11,50.57471264367817,14.942528735632186,35.63218390804598,49.42528735632184,36.7816091954023,12.643678160919542
E00023570,185,34,15,19,151,99,52,18.37837837837838,8.108108108108109,10.27027027027027,81.62162162162161,53.51351351351351,28.10810810810811
E00023571,136,49,22,27,87,72,15,36.029411764705884,16.176470588235293,19.852941176470587,63.970588235294116,52.94117647058824,11.029411764705882
E00023572,167,65,31,34,102,83,19,38.92215568862276,18.562874251497004,20.359281437125748,61.07784431137725,49.700598802395206,11.377245508982035
E00023573,103,36,10,26,67,52,15,34.95145631067961,9.70873786407767,25.24271844660194,65.0485436893204,50.48543689320388,14.563106796116504
E00023574,129,42,22,20,87,79,8,32.55813953488372,17.05426356589147,15.503875968992247,67.44186046511628,61.240310077519375,6.2015503875969
E00023575,185,66,41,25,119,99,20,35.67567567567568,22.162162162162165,13.513513513513514,64.32432432432432,53.51351351351351,10.81081081081081
E00023576,75,27,11,16,48,45,3,36,14.666666666666666,21.333333333333336,64,60,4
E00023577,243,56,32,24,187,119,68,23.045267489711936,13.168724279835391,9.876543209876543,76.95473251028807,48.971193415637856,27.983539094650205
E00023578,160,41,19,22,119,101,18,25.624999999999996,11.875,13.750000000000002,74.375,63.125,11.25
E00023579,161,86,36,50,75,59,16,53.41614906832298,22.36024844720497,31.05590062111801,46.58385093167702,36.64596273291926,9.937888198757763
E00023580,99,43,18,25,56,50,6,43.43434343434344,18.181818181818183,25.252525252525253,56.56565656565656,50.505050505050505,6.0606060606060606
E00023581,110,51,16,35,59,51,8,46.36363636363636,14.545454545454545,31.818181818181817,53.63636363636364,46.36363636363636,7.2727272727272725
E00023585,145,57,25,32,88,72,16,39.310344827586206,17.24137931034483,22.06896551724138,60.689655172413794,49.6551724137931,11.03448275862069
E00023586,207,61,21,40,146,107,39,29.468599033816425,10.144927536231885,19.32367149758454,70.53140096618358,51.690821256038646,18.84057971014493
E00023587,187,48,19,29,139,106,33,25.668449197860966,10.16042780748663,15.508021390374333,74.33155080213903,56.68449197860963,17.647058823529413
E00023588,224,55,22,33,169,141,28,24.553571428571427,9.821428571428571,14.732142857142858,75.44642857142857,62.94642857142857,12.5
E00023589,128,35,11,24,93,73,20,27.34375,8.59375,18.75,72.65625,57.03125,15.625
E00023590,185,45,13,32,140,102,38,24.324324324324326,7.027027027027027,17.2972972972973,75.67567567567568,55.13513513513514,20.54054054054054
E00023591,171,46,14,32,125,104,21,26.900584795321635,8.187134502923977,18.71345029239766,73.09941520467837,60.81871345029239,12.280701754385964
E00023592,200,48,23,25,152,128,24,24,11.5,12.5,76,64,12
E00023593,161,46,27,19,115,96,19,28.57142857142857,16.77018633540373,11.801242236024844,71.42857142857143,59.62732919254658,11.801242236024844
E00023595,271,99,43,56,172,146,26,36.53136531365313,15.867158671586715,20.66420664206642,63.46863468634686,53.874538745387454,9.59409594095941
E00023596,169,40,11,29,129,100,29,23.668639053254438,6.508875739644971,17.159763313609467,76.33136094674556,59.171597633136095,17.159763313609467
E00023597,119,40,21,19,79,61,18,33.61344537815126,17.647058823529413,15.966386554621847,66.38655462184873,51.26050420168067,15.126050420168067
E00023598,203,59,24,35,144,112,32,29.064039408866993,11.822660098522167,17.24137931034483,70.93596059113301,55.172413793103445,15.763546798029557
E00023599,104,25,13,12,79,61,18,24.03846153846154,12.5,11.538461538461538,75.96153846153845,58.65384615384615,17.307692307692307
E00023600,131,25,7,18,106,78,28,19.083969465648856,5.343511450381679,13.740458015267176,80.91603053435115,59.541984732824424,21.374045801526716
E00023601,206,69,21,48,137,107,30,33.49514563106796,10.194174757281553,23.300970873786408,66.50485436893204,51.94174757281553,14.563106796116504
E00023602,118,33,18,15,85,60,25,27.966101694915253,15.254237288135593,12.711864406779661,72.03389830508475,50.847457627118644,21.1864406779661
E00023603,252,43,14,29,209,181,28,17.063492063492063,5.555555555555555,11.507936507936508,82.93650793650794,71.82539682539682,11.11111111111111
E00023604,157,56,26,30,101,83,18,35.6687898089172,16.560509554140125,19.10828025477707,64.3312101910828,52.86624203821656,11.464968152866243
E00023605,146,36,16,20,110,81,29,24.65753424657534,10.95890410958904,13.698630136986301,75.34246575342466,55.47945205479452,19.863013698630137
E00023606,222,75,27,48,147,118,29,33.78378378378378,12.162162162162163,21.62162162162162,66.21621621621621,53.153153153153156,13.063063063063062
E00023608,142,20,10,10,122,93,29,14.084507042253522,7.042253521126761,7.042253521126761,85.91549295774648,65.49295774647888,20.422535211267608
E00023609,139,40,18,22,99,79,20,28.776978417266186,12.949640287769784,15.827338129496402,71.22302158273382,56.83453237410072,14.388489208633093
E00023610,99,42,16,26,57,51,6,42.42424242424242,16.161616161616163,26.262626262626267,57.57575757575758,51.515151515151516,6.0606060606060606
E00023611,106,29,13,16,77,56,21,27.358490566037734,12.264150943396226,15.09433962264151,72.64150943396226,52.83018867924528,19.81132075471698
E00023612,171,51,15,36,120,104,16,29.82456140350877,8.771929824561402,21.052631578947366,70.17543859649122,60.81871345029239,9.35672514619883
E00023613,140,25,4,21,115,85,30,17.857142857142858,2.857142857142857,15,82.14285714285714,60.71428571428571,21.428571428571427
E00023614,189,52,20,32,137,96,41,27.513227513227513,10.582010582010582,16.93121693121693,72.4867724867725,50.79365079365079,21.693121693121693
E00023615,162,31,13,18,131,111,20,19.1358024691358,8.024691358024691,11.11111111111111,80.8641975308642,68.51851851851852,12.345679012345679
E00023616,224,56,18,38,168,136,32,25,8.035714285714286,16.964285714285715,75,60.71428571428571,14.285714285714285
E00023617,300,74,39,35,226,165,61,24.666666666666668,13,11.666666666666666,75.33333333333333,55.00000000000001,20.333333333333332
E00023618,145,35,16,19,110,73,37,24.137931034482758,11.03448275862069,13.10344827586207,75.86206896551724,50.3448275862069,25.517241379310345
E00023620,140,34,20,14,106,80,26,24.285714285714285,14.285714285714285,10,75.71428571428571,57.14285714285714,18.571428571428573
E00023621,157,30,16,14,127,85,42,19.10828025477707,10.191082802547772,8.9171974522293,80.89171974522293,54.14012738853503,26.751592356687897
E00023622,131,21,10,11,110,66,44,16.030534351145036,7.633587786259542,8.396946564885496,83.96946564885496,50.38167938931297,33.587786259541986
E00023623,98,25,11,14,73,43,30,25.510204081632654,11.224489795918368,14.285714285714285,74.48979591836735,43.87755102040816,30.612244897959183
E00023624,108,20,15,5,88,45,43,18.51851851851852,13.88888888888889,4.62962962962963,81.48148148148148,41.66666666666667,39.81481481481482
E00023625,86,19,11,8,67,33,34,22.093023255813954,12.790697674418606,9.30232558139535,77.90697674418605,38.372093023255815,39.53488372093023
E00023626,135,32,17,15,103,61,42,23.703703703703706,12.592592592592592,11.11111111111111,76.29629629629629,45.18518518518518,31.11111111111111
E00023627,81,21,7,14,60,39,21,25.925925925925924,8.641975308641975,17.28395061728395,74.07407407407408,48.148148148148145,25.925925925925924
E00023628,146,23,8,15,123,85,38,15.753424657534246,5.47945205479452,10.273972602739725,84.24657534246576,58.21917808219178,26.027397260273972
E00023629,129,14,8,6,115,75,40,10.852713178294573,6.2015503875969,4.651162790697675,89.14728682170544,58.139534883720934,31.007751937984494
E00023630,136,17,4,13,119,85,34,12.5,2.941176470588235,9.558823529411764,87.5,62.5,25
E00023631,122,29,7,22,93,49,44,23.770491803278688,5.737704918032787,18.0327868852459,76.22950819672131,40.16393442622951,36.0655737704918
E00023632,98,17,10,7,81,44,37,17.346938775510203,10.204081632653061,7.142857142857142,82.6530612244898,44.89795918367347,37.755102040816325
E00023633,121,32,21,11,89,61,28,26.446280991735538,17.355371900826448,9.090909090909092,73.55371900826447,50.413223140495866,23.140495867768596
E00023634,128,35,20,15,93,55,38,27.34375,15.625,11.71875,72.65625,42.96875,29.6875
E00023635,171,40,20,20,131,74,57,23.391812865497073,11.695906432748536,11.695906432748536,76.60818713450293,43.27485380116959,33.33333333333333
E00023636,141,29,16,13,112,72,40,20.56737588652482,11.347517730496454,9.219858156028367,79.43262411347519,51.06382978723404,28.368794326241137
E00023637,131,34,19,15,97,51,46,25.954198473282442,14.50381679389313,11.450381679389313,74.04580152671755,38.93129770992366,35.11450381679389
E00023638,105,26,11,15,79,60,19,24.761904761904763,10.476190476190476,14.285714285714285,75.23809523809524,57.14285714285714,18.095238095238095
E00023639,80,16,4,12,64,35,29,20,5,15,80,43.75,36.25
E00023640,207,47,22,25,160,61,99,22.705314009661837,10.628019323671497,12.077294685990339,77.29468599033817,29.468599033816425,47.82608695652174
E00023641,114,25,15,10,89,56,33,21.929824561403507,13.157894736842104,8.771929824561402,78.0701754385965,49.122807017543856,28.947368421052634
E00023643,150,30,18,12,120,73,47,20,12,8,80,48.66666666666667,31.333333333333336
E00023644,58,16,10,6,42,31,11,27.586206896551722,17.24137931034483,10.344827586206897,72.41379310344827,53.44827586206896,18.96551724137931
E00023646,86,26,8,18,60,45,15,30.23255813953488,9.30232558139535,20.930232558139537,69.76744186046511,52.32558139534884,17.441860465116278
E00023647,113,42,22,20,71,49,22,37.16814159292036,19.469026548672566,17.699115044247787,62.83185840707964,43.36283185840708,19.469026548672566
E00023648,83,27,9,18,56,35,21,32.53012048192771,10.843373493975903,21.686746987951807,67.46987951807229,42.168674698795186,25.301204819277107
E00023649,90,26,12,14,64,52,12,28.888888888888886,13.333333333333334,15.555555555555555,71.11111111111111,57.77777777777777,13.333333333333334
E00023650,78,14,7,7,64,50,14,17.94871794871795,8.974358974358974,8.974358974358974,82.05128205128204,64.1025641025641,17.94871794871795
E00023651,120,24,11,13,96,66,30,20,9.166666666666666,10.833333333333334,80,55.00000000000001,25
E00023652,63,5,3,2,58,47,11,7.936507936507936,4.761904761904762,3.1746031746031744,92.06349206349206,74.60317460317461,17.46031746031746
E00023653,187,39,17,22,148,91,57,20.855614973262032,9.090909090909092,11.76470588235294,79.14438502673798,48.663101604278076,30.481283422459892
E00023655,126,18,9,9,108,70,38,14.285714285714285,7.142857142857142,7.142857142857142,85.71428571428571,55.55555555555556,30.158730158730158
E00023656,109,24,12,12,85,52,33,22.018348623853214,11.009174311926607,11.009174311926607,77.98165137614679,47.706422018348626,30.275229357798167
E00023658,55,12,3,9,43,22,21,21.818181818181817,5.454545454545454,16.363636363636363,78.18181818181819,40,38.18181818181819
E00023659,70,12,8,4,58,42,16,17.142857142857142,11.428571428571429,5.714285714285714,82.85714285714286,60,22.857142857142858
E00023660,54,17,8,9,37,17,20,31.48148148148148,14.814814814814813,16.666666666666664,68.51851851851852,31.48148148148148,37.03703703703704
E00023661,82,23,11,12,59,25,34,28.04878048780488,13.414634146341465,14.634146341463413,71.95121951219512,30.48780487804878,41.46341463414634
E00023662,74,23,9,14,51,24,27,31.08108108108108,12.162162162162163,18.91891891891892,68.91891891891892,32.432432432432435,36.486486486486484
E00023663,56,18,10,8,38,19,19,32.142857142857146,17.857142857142858,14.285714285714285,67.85714285714286,33.92857142857143,33.92857142857143
E00023664,192,63,24,39,129,56,73,32.8125,12.5,20.3125,67.1875,29.166666666666668,38.02083333333333
E00023665,85,11,4,7,74,41,33,12.941176470588237,4.705882352941177,8.235294117647058,87.05882352941177,48.23529411764706,38.82352941176471
E00023666,137,23,12,11,114,55,59,16.78832116788321,8.75912408759124,8.02919708029197,83.21167883211679,40.14598540145985,43.06569343065693
E00023668,64,16,10,6,48,28,20,25,15.625,9.375,75,43.75,31.25
E00023669,243,30,8,22,213,165,48,12.345679012345679,3.292181069958848,9.053497942386832,87.65432098765432,67.90123456790124,19.753086419753085
E00023670,96,23,15,8,73,44,29,23.958333333333336,15.625,8.333333333333332,76.04166666666666,45.83333333333333,30.208333333333332
E00023671,68,18,7,11,50,33,17,26.47058823529412,10.294117647058822,16.176470588235293,73.52941176470588,48.529411764705884,25
E00023672,97,39,14,25,58,34,24,40.20618556701031,14.432989690721648,25.773195876288657,59.79381443298969,35.051546391752574,24.742268041237114
E00023674,73,15,11,4,58,32,26,20.54794520547945,15.068493150684931,5.47945205479452,79.45205479452055,43.83561643835616,35.61643835616438
E00023675,71,20,11,9,51,26,25,28.169014084507044,15.492957746478872,12.676056338028168,71.83098591549296,36.61971830985916,35.2112676056338
E00023676,64,6,2,4,58,49,9,9.375,3.125,6.25,90.625,76.5625,14.0625
E00023678,58,13,5,8,45,33,12,22.413793103448278,8.620689655172415,13.793103448275861,77.58620689655173,56.896551724137936,20.689655172413794
E00023679,89,30,12,18,59,31,28,33.70786516853933,13.48314606741573,20.224719101123593,66.29213483146067,34.831460674157306,31.46067415730337
E00023680,67,18,7,11,49,29,20,26.865671641791046,10.44776119402985,16.417910447761194,73.13432835820896,43.28358208955223,29.850746268656714
E00023681,146,40,13,27,106,66,40,27.397260273972602,8.904109589041095,18.493150684931507,72.6027397260274,45.20547945205479,27.397260273972602
E00023682,105,19,11,8,86,71,15,18.095238095238095,10.476190476190476,7.6190476190476195,81.9047619047619,67.61904761904762,14.285714285714285
E00023685,86,11,4,7,75,45,30,12.790697674418606,4.651162790697675,8.13953488372093,87.20930232558139,52.32558139534884,34.883720930232556
E00023686,82,22,13,9,60,29,31,26.82926829268293,15.853658536585366,10.975609756097562,73.17073170731707,35.36585365853659,37.80487804878049
E00023688,57,23,10,13,34,17,17,40.35087719298245,17.543859649122805,22.807017543859647,59.64912280701754,29.82456140350877,29.82456140350877
E00023689,103,25,10,15,78,38,40,24.271844660194176,9.70873786407767,14.563106796116504,75.72815533980582,36.89320388349515,38.83495145631068
E00023690,66,22,9,13,44,26,18,33.33333333333333,13.636363636363635,19.696969696969695,66.66666666666666,39.39393939393939,27.27272727272727
E00023691,61,15,8,7,46,26,20,24.59016393442623,13.114754098360656,11.475409836065573,75.40983606557377,42.62295081967213,32.78688524590164
E00023692,119,21,7,14,98,58,40,17.647058823529413,5.88235294117647,11.76470588235294,82.35294117647058,48.739495798319325,33.61344537815126
E00023694,101,12,7,5,89,56,33,11.881188118811881,6.9306930693069315,4.9504950495049505,88.11881188118812,55.44554455445545,32.67326732673268
E00023695,160,35,16,19,125,86,39,21.875,10,11.875,78.125,53.75,24.375
E00023696,137,9,5,4,128,96,32,6.569343065693431,3.64963503649635,2.9197080291970803,93.43065693430657,70.07299270072993,23.357664233576642
E00023697,166,61,38,23,105,64,41,36.74698795180723,22.89156626506024,13.855421686746988,63.25301204819277,38.55421686746988,24.69879518072289
E00023698,117,14,6,8,103,71,32,11.965811965811966,5.128205128205128,6.837606837606838,88.03418803418803,60.68376068376068,27.350427350427353
E00023699,66,18,4,14,48,30,18,27.27272727272727,6.0606060606060606,21.21212121212121,72.72727272727273,45.45454545454545,27.27272727272727
E00023700,92,26,13,13,66,47,19,28.26086956521739,14.130434782608695,14.130434782608695,71.73913043478261,51.08695652173913,20.652173913043477
E00023701,118,19,10,9,99,66,33,16.101694915254235,8.47457627118644,7.627118644067797,83.89830508474576,55.932203389830505,27.966101694915253
E00023702,119,27,12,15,92,73,19,22.689075630252102,10.084033613445378,12.605042016806722,77.31092436974791,61.34453781512605,15.966386554621847
E00023703,128,19,12,7,109,76,33,14.84375,9.375,5.46875,85.15625,59.375,25.78125
E00023704,108,16,5,11,92,61,31,14.814814814814813,4.62962962962963,10.185185185185185,85.18518518518519,56.481481481481474,28.703703703703702
E00023705,74,18,7,11,56,35,21,24.324324324324326,9.45945945945946,14.864864864864865,75.67567567567568,47.2972972972973,28.37837837837838
E00023706,86,28,10,18,58,51,7,32.55813953488372,11.627906976744185,20.930232558139537,67.44186046511628,59.30232558139535,8.13953488372093
E00023707,83,25,5,20,58,49,9,30.120481927710845,6.024096385542169,24.096385542168676,69.87951807228916,59.036144578313255,10.843373493975903
E00023708,96,25,12,13,71,50,21,26.041666666666668,12.5,13.541666666666666,73.95833333333334,52.083333333333336,21.875
E00023709,128,55,34,21,73,64,9,42.96875,26.5625,16.40625,57.03125,50,7.03125
E00023710,69,21,9,12,48,39,9,30.434782608695656,13.043478260869565,17.391304347826086,69.56521739130434,56.52173913043478,13.043478260869565
E00023711,81,27,9,18,54,49,5,33.33333333333333,11.11111111111111,22.22222222222222,66.66666666666666,60.49382716049383,6.172839506172839
E00023712,121,18,11,7,103,61,42,14.87603305785124,9.090909090909092,5.785123966942149,85.12396694214877,50.413223140495866,34.710743801652896
E00023713,133,23,11,12,110,62,48,17.293233082706767,8.270676691729323,9.022556390977442,82.70676691729322,46.616541353383454,36.09022556390977
E00023714,135,30,13,17,105,71,34,22.22222222222222,9.62962962962963,12.592592592592592,77.77777777777779,52.59259259259259,25.185185185185183
E00023715,90,25,10,15,65,52,13,27.77777777777778,11.11111111111111,16.666666666666664,72.22222222222221,57.77777777777777,14.444444444444443
E00023717,128,23,12,11,105,82,23,17.96875,9.375,8.59375,82.03125,64.0625,17.96875
E00023718,119,22,12,10,97,59,38,18.487394957983195,10.084033613445378,8.403361344537815,81.5126050420168,49.57983193277311,31.932773109243694
E00023719,138,22,10,12,116,82,34,15.942028985507244,7.246376811594203,8.695652173913043,84.05797101449275,59.42028985507246,24.637681159420293
E00023720,148,41,22,19,107,76,31,27.7027027027027,14.864864864864865,12.837837837837837,72.2972972972973,51.35135135135135,20.945945945945947
E00023721,169,41,18,23,128,90,38,24.2603550295858,10.650887573964498,13.609467455621301,75.7396449704142,53.25443786982249,22.485207100591715
E00023723,131,19,5,14,112,74,38,14.50381679389313,3.816793893129771,10.687022900763358,85.49618320610686,56.48854961832062,29.00763358778626
E00023724,113,19,13,6,94,73,21,16.8141592920354,11.504424778761061,5.3097345132743365,83.1858407079646,64.60176991150442,18.58407079646018
E00023725,182,17,5,12,165,123,42,9.340659340659341,2.7472527472527473,6.593406593406594,90.65934065934066,67.58241758241759,23.076923076923077
E00023726,145,19,6,13,126,76,50,13.10344827586207,4.137931034482759,8.96551724137931,86.89655172413792,52.41379310344828,34.48275862068966
E00023727,104,22,11,11,82,46,36,21.153846153846153,10.576923076923077,10.576923076923077,78.84615384615384,44.230769230769226,34.61538461538461
E00023728,173,30,13,17,143,85,58,17.341040462427745,7.514450867052023,9.826589595375722,82.65895953757226,49.13294797687861,33.52601156069364
E00023729,132,21,10,11,111,68,43,15.909090909090908,7.575757575757576,8.333333333333332,84.0909090909091,51.515151515151516,32.57575757575758
E00023730,131,33,12,21,98,77,21,25.190839694656486,9.16030534351145,16.030534351145036,74.80916030534351,58.778625954198475,16.030534351145036
E00023731,172,22,14,8,150,110,40,12.790697674418606,8.13953488372093,4.651162790697675,87.20930232558139,63.95348837209303,23.25581395348837
E00023732,132,25,12,13,107,57,50,18.939393939393938,9.090909090909092,9.848484848484848,81.06060606060606,43.18181818181818,37.878787878787875
E00023733,165,27,13,14,138,82,56,16.363636363636363,7.878787878787878,8.484848484848486,83.63636363636363,49.696969696969695,33.939393939393945
E00023734,163,26,15,11,137,92,45,15.950920245398773,9.202453987730062,6.748466257668712,84.04907975460122,56.44171779141104,27.607361963190186
E00023737,105,20,11,9,85,59,26,19.047619047619047,10.476190476190476,8.571428571428571,80.95238095238095,56.19047619047619,24.761904761904763
E00023738,102,30,18,12,72,44,28,29.411764705882355,17.647058823529413,11.76470588235294,70.58823529411765,43.13725490196079,27.450980392156865
E00023739,132,34,18,16,98,65,33,25.757575757575758,13.636363636363635,12.121212121212121,74.24242424242425,49.24242424242424,25
E00023740,101,19,8,11,82,43,39,18.81188118811881,7.920792079207921,10.891089108910892,81.1881188118812,42.57425742574257,38.613861386138616
E00023741,100,18,11,7,82,51,31,18,11,7.000000000000001,82,51,31
E00023744,159,29,15,14,130,79,51,18.238993710691823,9.433962264150944,8.80503144654088,81.76100628930818,49.685534591194966,32.075471698113205
E00023745,109,21,11,10,88,42,46,19.26605504587156,10.091743119266056,9.174311926605505,80.73394495412845,38.53211009174312,42.201834862385326
E00023746,251,57,29,28,194,121,73,22.709163346613543,11.553784860557768,11.155378486055776,77.29083665338645,48.20717131474104,29.08366533864542
E00023747,148,29,8,21,119,70,49,19.594594594594593,5.405405405405405,14.18918918918919,80.4054054054054,47.2972972972973,33.108108108108105
E00023748,193,44,17,27,149,105,44,22.797927461139896,8.808290155440414,13.989637305699482,77.2020725388601,54.40414507772021,22.797927461139896
E00023749,263,35,19,16,228,142,86,13.307984790874524,7.224334600760455,6.083650190114068,86.69201520912547,53.99239543726235,32.69961977186312
E00023750,151,27,9,18,124,69,55,17.880794701986755,5.960264900662252,11.920529801324504,82.11920529801324,45.6953642384106,36.423841059602644
E00023751,84,15,4,11,69,40,29,17.857142857142858,4.761904761904762,13.095238095238097,82.14285714285714,47.61904761904761,34.523809523809526
E00023752,104,20,8,12,84,54,30,19.230769230769234,7.6923076923076925,11.538461538461538,80.76923076923077,51.92307692307693,28.846153846153843
E00023753,179,28,9,19,151,83,68,15.64245810055866,5.027932960893855,10.614525139664805,84.35754189944134,46.36871508379888,37.988826815642454
E00023754,150,48,13,35,102,92,10,32,8.666666666666668,23.333333333333332,68,61.33333333333333,6.666666666666667
E00023755,156,39,18,21,117,51,66,25,11.538461538461538,13.461538461538462,75,32.69230769230769,42.30769230769231
E00023756,98,52,16,36,46,41,5,53.06122448979592,16.3265306122449,36.734693877551024,46.93877551020408,41.83673469387755,5.1020408163265305
E00023757,70,24,7,17,46,34,12,34.285714285714285,10,24.285714285714285,65.71428571428571,48.57142857142857,17.142857142857142
E00023758,78,22,15,7,56,26,30,28.205128205128204,19.230769230769234,8.974358974358974,71.7948717948718,33.33333333333333,38.46153846153847
E00023759,74,20,7,13,54,29,25,27.027027027027028,9.45945945945946,17.56756756756757,72.97297297297297,39.189189189189186,33.78378378378378
E00023760,135,59,31,28,76,66,10,43.7037037037037,22.962962962962962,20.74074074074074,56.2962962962963,48.888888888888886,7.4074074074074066
E00023761,171,34,16,18,137,99,38,19.883040935672515,9.35672514619883,10.526315789473683,80.11695906432749,57.89473684210527,22.22222222222222
E00023762,186,92,32,60,94,76,18,49.46236559139785,17.20430107526882,32.25806451612903,50.53763440860215,40.86021505376344,9.67741935483871
E00023763,176,69,32,37,107,92,15,39.20454545454545,18.181818181818183,21.022727272727273,60.79545454545454,52.27272727272727,8.522727272727272
E00023764,249,102,73,29,147,117,30,40.963855421686745,29.31726907630522,11.646586345381527,59.036144578313255,46.98795180722892,12.048192771084338
E00023765,217,40,18,22,177,132,45,18.433179723502306,8.294930875576037,10.138248847926267,81.5668202764977,60.82949308755761,20.737327188940093
E00023766,137,16,10,6,121,65,56,11.678832116788321,7.2992700729927,4.37956204379562,88.32116788321169,47.44525547445255,40.87591240875913
E00023767,144,32,10,22,112,75,37,22.22222222222222,6.944444444444445,15.277777777777779,77.77777777777779,52.083333333333336,25.694444444444443
E00023768,74,17,5,12,57,35,22,22.972972972972975,6.756756756756757,16.216216216216218,77.02702702702703,47.2972972972973,29.72972972972973
E00023769,135,29,14,15,106,55,51,21.48148148148148,10.37037037037037,11.11111111111111,78.51851851851852,40.74074074074074,37.77777777777778
E00023770,62,10,1,9,52,29,23,16.129032258064516,1.6129032258064515,14.516129032258066,83.87096774193549,46.774193548387096,37.096774193548384
E00023771,67,13,4,9,54,29,25,19.402985074626866,5.970149253731343,13.432835820895523,80.59701492537313,43.28358208955223,37.3134328358209
E00023772,490,174,102,72,316,241,75,35.51020408163265,20.816326530612244,14.69387755102041,64.48979591836735,49.183673469387756,15.306122448979592
E00023773,90,27,12,15,63,39,24,30,13.333333333333334,16.666666666666664,70,43.333333333333336,26.666666666666668
E00023774,146,53,16,37,93,77,16,36.3013698630137,10.95890410958904,25.34246575342466,63.6986301369863,52.73972602739726,10.95890410958904
E00023775,95,14,8,6,81,55,26,14.736842105263156,8.421052631578947,6.315789473684211,85.26315789473684,57.89473684210527,27.368421052631582
E00023776,63,19,11,8,44,36,8,30.158730158730158,17.46031746031746,12.698412698412698,69.84126984126983,57.14285714285714,12.698412698412698
E00023777,206,35,13,22,171,122,49,16.990291262135923,6.310679611650485,10.679611650485436,83.00970873786407,59.22330097087378,23.78640776699029
E00023778,91,19,8,11,72,47,25,20.87912087912088,8.791208791208792,12.087912087912088,79.12087912087912,51.64835164835166,27.472527472527474
E00023779,200,26,12,14,174,117,57,13,6,7.000000000000001,87,58.5,28.499999999999996
E00023780,122,26,7,19,96,75,21,21.311475409836063,5.737704918032787,15.573770491803279,78.68852459016394,61.47540983606557,17.21311475409836
E00023781,177,30,16,14,147,93,54,16.94915254237288,9.03954802259887,7.909604519774012,83.05084745762711,52.54237288135594,30.508474576271187
E00023782,157,27,17,10,130,81,49,17.197452229299362,10.828025477707007,6.369426751592357,82.80254777070064,51.59235668789809,31.210191082802545
E00023783,143,20,8,12,123,72,51,13.986013986013987,5.594405594405594,8.391608391608392,86.01398601398601,50.349650349650354,35.66433566433567
E00023784,114,19,7,12,95,65,30,16.666666666666664,6.140350877192982,10.526315789473683,83.33333333333334,57.01754385964912,26.31578947368421
E00023785,136,21,8,13,115,83,32,15.441176470588236,5.88235294117647,9.558823529411764,84.55882352941177,61.029411764705884,23.52941176470588
E00023786,130,34,16,18,96,59,37,26.153846153846157,12.307692307692308,13.846153846153847,73.84615384615385,45.38461538461539,28.46153846153846
E00023787,123,25,9,16,98,80,18,20.32520325203252,7.317073170731707,13.008130081300814,79.67479674796748,65.04065040650406,14.634146341463413
E00023788,138,40,9,31,98,80,18,28.985507246376812,6.521739130434782,22.463768115942027,71.01449275362319,57.971014492753625,13.043478260869565
E00023789,131,53,13,40,78,66,12,40.458015267175576,9.923664122137405,30.53435114503817,59.541984732824424,50.38167938931297,9.16030534351145
E00023790,125,46,16,30,79,63,16,36.8,12.8,24,63.2,50.4,12.8
E00023791,284,68,20,48,216,173,43,23.943661971830984,7.042253521126761,16.901408450704224,76.05633802816901,60.91549295774647,15.140845070422534
E00023792,214,58,39,19,156,115,41,27.102803738317753,18.22429906542056,8.878504672897195,72.89719626168224,53.73831775700935,19.158878504672895
E00023793,171,48,18,30,123,82,41,28.07017543859649,10.526315789473683,17.543859649122805,71.9298245614035,47.953216374269005,23.976608187134502
E00023794,76,37,14,23,39,36,3,48.68421052631579,18.421052631578945,30.263157894736842,51.31578947368421,47.368421052631575,3.9473684210526314
E00023795,151,57,23,34,94,72,22,37.74834437086093,15.2317880794702,22.516556291390728,62.251655629139066,47.682119205298015,14.56953642384106
E00023796,162,25,13,12,137,92,45,15.432098765432098,8.024691358024691,7.4074074074074066,84.5679012345679,56.79012345679012,27.77777777777778
E00023797,154,55,33,22,99,76,23,35.714285714285715,21.428571428571427,14.285714285714285,64.28571428571429,49.35064935064935,14.935064935064934
E00023798,114,42,19,23,72,50,22,36.84210526315789,16.666666666666664,20.175438596491226,63.1578947368421,43.859649122807014,19.298245614035086
E00023799,125,31,10,21,94,57,37,24.8,8,16.8,75.2,45.6,29.599999999999998
E00023800,133,29,15,14,104,66,38,21.804511278195488,11.278195488721805,10.526315789473683,78.19548872180451,49.62406015037594,28.57142857142857
E00023801,167,65,27,38,102,76,26,38.92215568862276,16.16766467065868,22.75449101796407,61.07784431137725,45.50898203592814,15.568862275449103
E00023802,174,38,19,19,136,97,39,21.839080459770116,10.919540229885058,10.919540229885058,78.16091954022988,55.74712643678161,22.413793103448278
E00023803,183,27,12,15,156,113,43,14.754098360655737,6.557377049180328,8.19672131147541,85.24590163934425,61.74863387978142,23.497267759562842
E00023804,156,51,20,31,105,82,23,32.69230769230769,12.82051282051282,19.871794871794872,67.3076923076923,52.56410256410257,14.743589743589745
E00023805,149,30,15,15,119,78,41,20.13422818791946,10.06711409395973,10.06711409395973,79.86577181208054,52.348993288590606,27.516778523489933
E00023806,152,18,5,13,134,88,46,11.842105263157894,3.289473684210526,8.552631578947368,88.1578947368421,57.89473684210527,30.263157894736842
E00023807,120,16,7,9,104,61,43,13.333333333333334,5.833333333333333,7.5,86.66666666666667,50.83333333333333,35.833333333333336
E00023808,151,17,8,9,134,101,33,11.258278145695364,5.298013245033113,5.960264900662252,88.74172185430463,66.88741721854305,21.85430463576159
E00023809,221,43,31,12,178,95,83,19.457013574660635,14.027149321266968,5.429864253393665,80.54298642533936,42.98642533936652,37.55656108597285
E00023810,153,27,15,12,126,80,46,17.647058823529413,9.803921568627452,7.8431372549019605,82.35294117647058,52.28758169934641,30.065359477124183
E00023811,125,24,14,10,101,64,37,19.2,11.200000000000001,8,80.80000000000001,51.2,29.599999999999998
E00023812,52,6,4,2,46,21,25,11.538461538461538,7.6923076923076925,3.8461538461538463,88.46153846153845,40.38461538461539,48.07692307692308
E00023813,116,35,19,16,81,46,35,30.17241379310345,16.379310344827587,13.793103448275861,69.82758620689656,39.6551724137931,30.17241379310345
E00023814,238,84,53,31,154,133,21,35.294117647058826,22.268907563025213,13.025210084033615,64.70588235294117,55.88235294117647,8.823529411764707
E00023815,96,24,6,18,72,43,29,25,6.25,18.75,75,44.79166666666667,30.208333333333332
E00023816,46,15,6,9,31,21,10,32.608695652173914,13.043478260869565,19.565217391304348,67.3913043478261,45.65217391304348,21.73913043478261
E00023817,143,29,14,15,114,65,49,20.27972027972028,9.79020979020979,10.48951048951049,79.72027972027972,45.45454545454545,34.26573426573427
E00023818,279,107,61,46,172,90,82,38.35125448028674,21.863799283154123,16.48745519713262,61.648745519713266,32.25806451612903,29.39068100358423
E00023819,153,25,10,15,128,82,46,16.33986928104575,6.535947712418301,9.803921568627452,83.66013071895425,53.59477124183007,30.065359477124183
E00023820,78,21,8,13,57,30,27,26.923076923076923,10.256410256410255,16.666666666666664,73.07692307692307,38.46153846153847,34.61538461538461
E00023821,98,23,10,13,75,44,31,23.46938775510204,10.204081632653061,13.26530612244898,76.53061224489795,44.89795918367347,31.63265306122449
E00023822,117,20,10,10,97,57,40,17.094017094017094,8.547008547008547,8.547008547008547,82.90598290598291,48.717948717948715,34.18803418803419
E00023823,109,24,13,11,85,44,41,22.018348623853214,11.926605504587156,10.091743119266056,77.98165137614679,40.36697247706422,37.61467889908257
E00023824,135,37,14,23,98,66,32,27.40740740740741,10.37037037037037,17.037037037037038,72.5925925925926,48.888888888888886,23.703703703703706
E00023825,85,14,9,5,71,33,38,16.470588235294116,10.588235294117647,5.88235294117647,83.52941176470588,38.82352941176471,44.70588235294118
E00023826,114,19,10,9,95,42,53,16.666666666666664,8.771929824561402,7.894736842105263,83.33333333333334,36.84210526315789,46.49122807017544
E00023827,113,20,8,12,93,42,51,17.699115044247787,7.079646017699115,10.619469026548673,82.30088495575221,37.16814159292036,45.13274336283185
E00023828,135,20,12,8,115,59,56,14.814814814814813,8.88888888888889,5.9259259259259265,85.18518518518519,43.7037037037037,41.48148148148148
E00023829,70,15,9,6,55,26,29,21.428571428571427,12.857142857142856,8.571428571428571,78.57142857142857,37.142857142857146,41.42857142857143
E00023830,147,28,14,14,119,56,63,19.047619047619047,9.523809523809524,9.523809523809524,80.95238095238095,38.095238095238095,42.857142857142854
E00023831,91,16,6,10,75,37,38,17.582417582417584,6.593406593406594,10.989010989010989,82.41758241758241,40.65934065934066,41.75824175824176
E00023832,123,35,14,21,88,49,39,28.455284552845526,11.38211382113821,17.073170731707318,71.54471544715447,39.83739837398374,31.70731707317073
E00023833,110,37,19,18,73,42,31,33.63636363636363,17.272727272727273,16.363636363636363,66.36363636363637,38.18181818181819,28.18181818181818
E00023834,206,39,24,15,167,105,62,18.932038834951456,11.650485436893204,7.281553398058252,81.06796116504854,50.970873786407765,30.097087378640776
E00023835,95,13,4,9,82,52,30,13.684210526315791,4.2105263157894735,9.473684210526317,86.31578947368422,54.736842105263165,31.57894736842105
E00023836,167,20,9,11,147,67,80,11.976047904191617,5.389221556886228,6.58682634730539,88.02395209580838,40.119760479041915,47.90419161676647
E00023837,90,11,5,6,79,28,51,12.222222222222221,5.555555555555555,6.666666666666667,87.77777777777777,31.11111111111111,56.666666666666664
E00023838,178,31,12,19,147,79,68,17.415730337078653,6.741573033707865,10.674157303370785,82.58426966292134,44.38202247191011,38.20224719101123
E00023839,159,36,20,16,123,70,53,22.641509433962266,12.578616352201259,10.062893081761008,77.35849056603774,44.0251572327044,33.33333333333333
E00023840,80,16,6,10,64,33,31,20,7.5,12.5,80,41.25,38.75
E00023841,137,27,17,10,110,58,52,19.708029197080293,12.408759124087592,7.2992700729927,80.2919708029197,42.33576642335766,37.95620437956204
E00023842,141,8,2,6,133,53,80,5.673758865248227,1.4184397163120568,4.25531914893617,94.32624113475178,37.5886524822695,56.73758865248227
E00023843,135,32,27,5,103,49,54,23.703703703703706,20,3.7037037037037033,76.29629629629629,36.2962962962963,40
E00023844,94,24,6,18,70,34,36,25.53191489361702,6.382978723404255,19.148936170212767,74.46808510638297,36.17021276595745,38.297872340425535
E00023845,162,22,8,14,140,67,73,13.580246913580247,4.938271604938271,8.641975308641975,86.41975308641975,41.358024691358025,45.06172839506173
E00023846,116,20,8,12,96,66,30,17.24137931034483,6.896551724137931,10.344827586206897,82.75862068965517,56.896551724137936,25.862068965517242
E00023847,46,10,5,5,36,25,11,21.73913043478261,10.869565217391305,10.869565217391305,78.26086956521739,54.347826086956516,23.91304347826087
E00023848,133,33,15,18,100,53,47,24.81203007518797,11.278195488721805,13.533834586466165,75.18796992481202,39.849624060150376,35.338345864661655
E00023849,200,82,43,39,118,95,23,41,21.5,19.5,59,47.5,11.5
E00023851,152,48,16,32,104,85,19,31.57894736842105,10.526315789473683,21.052631578947366,68.42105263157895,55.92105263157895,12.5
E00023852,183,49,20,29,134,101,33,26.775956284153008,10.92896174863388,15.846994535519126,73.224043715847,55.19125683060109,18.0327868852459
E00023853,158,51,22,29,107,85,22,32.278481012658226,13.924050632911392,18.354430379746837,67.72151898734177,53.79746835443038,13.924050632911392
E00023854,196,57,22,35,139,112,27,29.081632653061224,11.224489795918368,17.857142857142858,70.91836734693877,57.14285714285714,13.77551020408163
E00023855,190,50,20,30,140,99,41,26.31578947368421,10.526315789473683,15.789473684210526,73.68421052631578,52.10526315789473,21.578947368421055
E00023856,193,46,14,32,147,114,33,23.83419689119171,7.253886010362693,16.580310880829018,76.16580310880829,59.067357512953365,17.098445595854923
E00023857,131,33,16,17,98,76,22,25.190839694656486,12.213740458015266,12.977099236641221,74.80916030534351,58.01526717557252,16.793893129770993
E00023858,163,36,19,17,127,105,22,22.085889570552148,11.65644171779141,10.429447852760736,77.91411042944786,64.41717791411043,13.496932515337424
E00023859,145,39,20,19,106,84,22,26.89655172413793,13.793103448275861,13.10344827586207,73.10344827586206,57.931034482758626,15.172413793103448
E00023860,97,25,12,13,72,55,17,25.773195876288657,12.371134020618557,13.402061855670103,74.22680412371135,56.70103092783505,17.525773195876287
E00023861,103,25,9,16,78,65,13,24.271844660194176,8.737864077669903,15.53398058252427,75.72815533980582,63.10679611650486,12.62135922330097
E00023862,195,58,27,31,137,113,24,29.743589743589745,13.846153846153847,15.897435897435896,70.25641025641025,57.948717948717956,12.307692307692308
E00023863,145,51,24,27,94,74,20,35.172413793103445,16.551724137931036,18.620689655172416,64.82758620689654,51.03448275862069,13.793103448275861
E00023864,170,50,18,32,120,95,25,29.411764705882355,10.588235294117647,18.823529411764707,70.58823529411765,55.88235294117647,14.705882352941178
E00023865,181,71,23,48,110,90,20,39.226519337016576,12.70718232044199,26.519337016574585,60.773480662983424,49.72375690607735,11.049723756906078
E00023866,90,43,16,27,47,41,6,47.77777777777778,17.77777777777778,30,52.22222222222223,45.55555555555556,6.666666666666667
E00023867,118,39,12,27,79,69,10,33.05084745762712,10.16949152542373,22.88135593220339,66.94915254237289,58.47457627118644,8.47457627118644
E00023869,216,41,19,22,175,136,39,18.98148148148148,8.796296296296296,10.185185185185185,81.01851851851852,62.96296296296296,18.055555555555554
E00023870,251,66,25,41,185,144,41,26.294820717131472,9.9601593625498,16.334661354581673,73.70517928286853,57.37051792828686,16.334661354581673
E00023871,183,45,17,28,138,112,26,24.59016393442623,9.289617486338798,15.300546448087433,75.40983606557377,61.20218579234973,14.207650273224044
E00023872,180,62,22,40,118,109,9,34.44444444444444,12.222222222222221,22.22222222222222,65.55555555555556,60.55555555555555,5
E00023873,158,38,16,22,120,100,20,24.050632911392405,10.126582278481013,13.924050632911392,75.9493670886076,63.29113924050633,12.658227848101266
E00023874,158,40,8,32,118,96,22,25.31645569620253,5.063291139240507,20.253164556962027,74.68354430379746,60.75949367088608,13.924050632911392
E00023875,142,37,8,29,105,82,23,26.056338028169012,5.633802816901409,20.422535211267608,73.94366197183099,57.74647887323944,16.19718309859155
E00023876,221,67,24,43,154,126,28,30.316742081447963,10.85972850678733,19.457013574660635,69.68325791855203,57.01357466063348,12.669683257918551
E00023878,208,101,22,79,107,94,13,48.55769230769231,10.576923076923077,37.980769230769226,51.442307692307686,45.19230769230769,6.25
E00023879,171,56,26,30,115,95,20,32.748538011695906,15.204678362573098,17.543859649122805,67.2514619883041,55.55555555555556,11.695906432748536
E00023880,115,36,24,12,79,64,15,31.30434782608696,20.869565217391305,10.434782608695652,68.69565217391305,55.65217391304348,13.043478260869565
E00023881,184,44,24,20,140,99,41,23.91304347826087,13.043478260869565,10.869565217391305,76.08695652173914,53.80434782608695,22.282608695652172
E00023883,111,44,17,27,67,49,18,39.63963963963964,15.315315315315313,24.324324324324326,60.36036036036037,44.14414414414414,16.216216216216218
E00023884,71,21,10,11,50,31,19,29.577464788732392,14.084507042253522,15.492957746478872,70.4225352112676,43.66197183098591,26.76056338028169
E00023885,105,26,11,15,79,56,23,24.761904761904763,10.476190476190476,14.285714285714285,75.23809523809524,53.333333333333336,21.904761904761905
E00023886,132,24,12,12,108,82,26,18.181818181818183,9.090909090909092,9.090909090909092,81.81818181818183,62.121212121212125,19.696969696969695
E00023887,98,20,8,12,78,47,31,20.408163265306122,8.16326530612245,12.244897959183673,79.59183673469387,47.95918367346938,31.63265306122449
E00023888,146,45,20,25,101,68,33,30.82191780821918,13.698630136986301,17.123287671232877,69.17808219178082,46.57534246575342,22.602739726027394
E00023889,141,32,13,19,109,67,42,22.69503546099291,9.219858156028367,13.47517730496454,77.30496453900709,47.5177304964539,29.78723404255319
E00023890,170,36,17,19,134,88,46,21.176470588235293,10,11.176470588235295,78.82352941176471,51.76470588235295,27.058823529411764
E00023891,108,29,14,15,79,49,30,26.851851851851855,12.962962962962962,13.88888888888889,73.14814814814815,45.370370370370374,27.77777777777778
E00023892,93,24,9,15,69,56,13,25.806451612903224,9.67741935483871,16.129032258064516,74.19354838709677,60.215053763440864,13.978494623655912
E00023893,225,54,21,33,171,103,68,24,9.333333333333334,14.666666666666666,76,45.77777777777778,30.22222222222222
E00023894,123,25,11,14,98,49,49,20.32520325203252,8.94308943089431,11.38211382113821,79.67479674796748,39.83739837398374,39.83739837398374
E00023895,103,24,8,16,79,42,37,23.300970873786408,7.766990291262135,15.53398058252427,76.69902912621359,40.77669902912621,35.92233009708738
E00023896,120,13,6,7,107,58,49,10.833333333333334,5,5.833333333333333,89.16666666666667,48.333333333333336,40.833333333333336
E00023897,120,26,14,12,94,57,37,21.666666666666668,11.666666666666666,10,78.33333333333333,47.5,30.833333333333336
E00023898,118,32,11,21,86,46,40,27.11864406779661,9.322033898305085,17.796610169491526,72.88135593220339,38.983050847457626,33.89830508474576
E00023899,86,26,15,11,60,36,24,30.23255813953488,17.441860465116278,12.790697674418606,69.76744186046511,41.86046511627907,27.906976744186046
E00023901,104,34,12,22,70,60,10,32.69230769230769,11.538461538461538,21.153846153846153,67.3076923076923,57.692307692307686,9.615384615384617
E00023902,73,22,11,11,51,34,17,30.136986301369863,15.068493150684931,15.068493150684931,69.86301369863014,46.57534246575342,23.28767123287671
E00023903,61,18,5,13,43,27,16,29.508196721311474,8.19672131147541,21.311475409836063,70.49180327868852,44.26229508196721,26.229508196721312
E00023904,72,10,4,6,62,46,16,13.88888888888889,5.555555555555555,8.333333333333332,86.11111111111111,63.888888888888886,22.22222222222222
E00023905,146,23,12,11,123,76,47,15.753424657534246,8.21917808219178,7.534246575342466,84.24657534246576,52.054794520547944,32.19178082191781
E00023906,93,27,10,17,66,53,13,29.03225806451613,10.75268817204301,18.27956989247312,70.96774193548387,56.98924731182796,13.978494623655912
E00023907,142,22,8,14,120,88,32,15.492957746478872,5.633802816901409,9.859154929577464,84.50704225352112,61.97183098591549,22.535211267605636
E00023908,78,23,12,11,55,43,12,29.48717948717949,15.384615384615385,14.102564102564102,70.51282051282051,55.12820512820513,15.384615384615385
E00023909,85,31,17,14,54,44,10,36.470588235294116,20,16.470588235294116,63.52941176470588,51.76470588235295,11.76470588235294
E00023910,116,24,14,10,92,57,35,20.689655172413794,12.068965517241379,8.620689655172415,79.3103448275862,49.137931034482754,30.17241379310345
E00023911,13,7,5,2,6,5,1,53.84615384615385,38.46153846153847,15.384615384615385,46.15384615384615,38.46153846153847,7.6923076923076925
E00023912,90,27,12,15,63,53,10,30,13.333333333333334,16.666666666666664,70,58.88888888888889,11.11111111111111
E00023913,236,64,39,25,172,93,79,27.11864406779661,16.52542372881356,10.59322033898305,72.88135593220339,39.40677966101695,33.47457627118644
E00023914,150,31,17,14,119,73,46,20.666666666666668,11.333333333333332,9.333333333333334,79.33333333333333,48.66666666666667,30.666666666666664
E00023916,83,13,8,5,70,43,27,15.66265060240964,9.63855421686747,6.024096385542169,84.33734939759037,51.80722891566265,32.53012048192771
E00023917,90,24,11,13,66,50,16,26.666666666666668,12.222222222222221,14.444444444444443,73.33333333333333,55.55555555555556,17.77777777777778
E00023918,120,23,9,14,97,58,39,19.166666666666668,7.5,11.666666666666666,80.83333333333333,48.333333333333336,32.5
E00023919,146,21,10,11,125,89,36,14.383561643835616,6.8493150684931505,7.534246575342466,85.61643835616438,60.95890410958904,24.65753424657534
E00023920,92,23,10,13,69,36,33,25,10.869565217391305,14.130434782608695,75,39.130434782608695,35.869565217391305
E00023921,112,20,9,11,92,49,43,17.857142857142858,8.035714285714286,9.821428571428571,82.14285714285714,43.75,38.392857142857146
E00023922,106,22,13,9,84,49,35,20.754716981132077,12.264150943396226,8.49056603773585,79.24528301886792,46.22641509433962,33.0188679245283
E00023923,74,13,7,6,61,40,21,17.56756756756757,9.45945945945946,8.108108108108109,82.43243243243244,54.054054054054056,28.37837837837838
E00023924,65,11,4,7,54,32,22,16.923076923076923,6.153846153846154,10.76923076923077,83.07692307692308,49.23076923076923,33.84615384615385
E00023925,86,30,9,21,56,32,24,34.883720930232556,10.465116279069768,24.418604651162788,65.11627906976744,37.2093023255814,27.906976744186046
E00023926,82,22,0,22,60,46,14,26.82926829268293,0,26.82926829268293,73.17073170731707,56.09756097560976,17.073170731707318
E00023927,265,54,19,35,211,142,69,20.37735849056604,7.169811320754717,13.20754716981132,79.62264150943396,53.58490566037736,26.037735849056602
E00023928,143,46,13,33,97,61,36,32.16783216783217,9.090909090909092,23.076923076923077,67.83216783216784,42.65734265734265,25.174825174825177
E00023929,195,27,12,15,168,122,46,13.846153846153847,6.153846153846154,7.6923076923076925,86.15384615384616,62.56410256410256,23.589743589743588
E00023931,134,25,9,16,109,64,45,18.65671641791045,6.7164179104477615,11.940298507462686,81.34328358208955,47.76119402985074,33.582089552238806
E00023932,130,25,12,13,105,64,41,19.230769230769234,9.230769230769232,10,80.76923076923077,49.23076923076923,31.538461538461537
E00023933,97,24,11,13,73,39,34,24.742268041237114,11.34020618556701,13.402061855670103,75.25773195876289,40.20618556701031,35.051546391752574
E00023934,144,27,11,16,117,56,61,18.75,7.638888888888889,11.11111111111111,81.25,38.88888888888889,42.36111111111111
E00023935,119,17,7,10,102,57,45,14.285714285714285,5.88235294117647,8.403361344537815,85.71428571428571,47.89915966386555,37.81512605042017
E00023936,138,39,22,17,99,56,43,28.26086956521739,15.942028985507244,12.318840579710146,71.73913043478261,40.57971014492754,31.15942028985507
E00023937,134,34,20,14,100,59,41,25.37313432835821,14.925373134328357,10.44776119402985,74.6268656716418,44.02985074626866,30.597014925373134
E00023938,342,61,31,30,281,130,151,17.83625730994152,9.064327485380117,8.771929824561402,82.16374269005848,38.01169590643275,44.15204678362573
E00023939,139,28,11,17,111,67,44,20.14388489208633,7.913669064748201,12.23021582733813,79.85611510791367,48.201438848920866,31.654676258992804
E00023941,140,19,8,11,121,74,47,13.571428571428571,5.714285714285714,7.857142857142857,86.42857142857143,52.85714285714286,33.57142857142857
E00023942,81,12,4,8,69,38,31,14.814814814814813,4.938271604938271,9.876543209876543,85.18518518518519,46.913580246913575,38.2716049382716
E00023943,158,22,8,14,136,74,62,13.924050632911392,5.063291139240507,8.860759493670885,86.07594936708861,46.835443037974684,39.24050632911392
E00023944,79,28,13,15,51,40,11,35.44303797468354,16.455696202531644,18.9873417721519,64.55696202531645,50.63291139240506,13.924050632911392
E00023945,177,29,9,20,148,75,73,16.38418079096045,5.084745762711865,11.299435028248588,83.61581920903954,42.3728813559322,41.24293785310734
E00023946,382,63,28,35,319,223,96,16.49214659685864,7.329842931937172,9.162303664921465,83.50785340314137,58.37696335078534,25.13089005235602
E00023947,122,27,9,18,95,63,32,22.131147540983605,7.377049180327869,14.754098360655737,77.8688524590164,51.63934426229508,26.229508196721312
E00023948,251,36,16,20,215,120,95,14.342629482071715,6.374501992031872,7.968127490039841,85.65737051792829,47.808764940239044,37.84860557768924
E00023949,92,26,11,15,66,54,12,28.26086956521739,11.956521739130435,16.304347826086957,71.73913043478261,58.69565217391305,13.043478260869565
E00023950,53,22,11,11,31,23,8,41.509433962264154,20.754716981132077,20.754716981132077,58.490566037735846,43.39622641509434,15.09433962264151
E00023951,84,24,11,13,60,50,10,28.57142857142857,13.095238095238097,15.476190476190476,71.42857142857143,59.523809523809526,11.904761904761903
E00023953,98,23,10,13,75,46,29,23.46938775510204,10.204081632653061,13.26530612244898,76.53061224489795,46.93877551020408,29.591836734693878
E00023954,137,35,7,28,102,71,31,25.547445255474454,5.109489051094891,20.437956204379564,74.45255474452554,51.82481751824818,22.62773722627737
E00023955,136,25,12,13,111,74,37,18.38235294117647,8.823529411764707,9.558823529411764,81.61764705882352,54.41176470588235,27.205882352941174
E00023956,119,52,24,28,67,48,19,43.69747899159664,20.168067226890756,23.52941176470588,56.30252100840336,40.33613445378151,15.966386554621847
E00023957,81,15,9,6,66,38,28,18.51851851851852,11.11111111111111,7.4074074074074066,81.48148148148148,46.913580246913575,34.5679012345679
E00023958,118,57,16,41,61,56,5,48.30508474576271,13.559322033898304,34.74576271186441,51.69491525423729,47.45762711864407,4.23728813559322
E00023959,90,30,12,18,60,52,8,33.33333333333333,13.333333333333334,20,66.66666666666666,57.77777777777777,8.88888888888889
E00023960,88,25,11,14,63,47,16,28.40909090909091,12.5,15.909090909090908,71.5909090909091,53.40909090909091,18.181818181818183
E00023963,90,10,6,4,80,45,35,11.11111111111111,6.666666666666667,4.444444444444445,88.88888888888889,50,38.88888888888889
E00023964,173,21,7,14,152,89,63,12.138728323699421,4.046242774566474,8.092485549132949,87.861271676300575,51.445086705202314,36.41618497109826
E00023965,111,45,16,29,66,35,31,40.54054054054054,14.414414414414415,26.126126126126124,59.45945945945946,31.53153153153153,27.927927927927925
E00023966,107,17,3,14,90,77,13,15.887850467289718,2.803738317757009,13.084112149532709,84.11214953271028,71.96261682242991,12.149532710280374
E00023967,117,18,8,10,99,61,38,15.384615384615385,6.837606837606838,8.547008547008547,84.61538461538461,52.13675213675214,32.47863247863248
E00023968,90,16,9,7,74,45,29,17.77777777777778,10,7.777777777777778,82.22222222222221,50,32.22222222222222
E00023969,86,16,10,6,70,41,29,18.6046511627907,11.627906976744185,6.976744186046512,81.3953488372093,47.674418604651166,33.72093023255814
E00023971,32,10,2,8,22,15,7,31.25,6.25,25,68.75,46.875,21.875
E00023972,144,32,12,20,112,63,49,22.22222222222222,8.333333333333332,13.88888888888889,77.77777777777779,43.75,34.02777777777778
E00023974,102,36,12,24,66,57,9,35.294117647058826,11.76470588235294,23.52941176470588,64.70588235294117,55.88235294117647,8.823529411764707
E00023975,139,27,10,17,112,69,43,19.424460431654676,7.1942446043165464,12.23021582733813,80.57553956834532,49.64028776978417,30.935251798561154
E00023977,80,8,2,6,72,40,32,10,2.5,7.5,90,50,40
E00023978,72,21,14,7,51,43,8,29.166666666666668,19.444444444444446,9.722222222222223,70.83333333333334,59.72222222222222,11.11111111111111
E00023979,85,15,6,9,70,57,13,17.647058823529413,7.0588235294117645,10.588235294117647,82.35294117647058,67.05882352941175,15.294117647058824
E00023980,41,10,4,6,31,26,5,24.390243902439025,9.75609756097561,14.634146341463413,75.60975609756098,63.41463414634146,12.195121951219512
E00023981,95,11,8,3,84,50,34,11.578947368421053,8.421052631578947,3.1578947368421053,88.42105263157895,52.63157894736842,35.78947368421053
E00023982,98,41,17,24,57,50,7,41.83673469387755,17.346938775510203,24.489795918367346,58.16326530612245,51.02040816326531,7.142857142857142
E00023985,90,32,9,23,58,37,21,35.55555555555556,10,25.555555555555554,64.44444444444444,41.11111111111111,23.333333333333332
E00023986,72,23,9,14,49,39,10,31.944444444444443,12.5,19.444444444444446,68.05555555555556,54.166666666666664,13.88888888888889
E00023987,64,21,8,13,43,36,7,32.8125,12.5,20.3125,67.1875,56.25,10.9375
E00023988,80,27,16,11,53,40,13,33.75,20,13.750000000000002,66.25,50,16.25
E00023989,79,34,15,19,45,36,9,43.037974683544306,18.9873417721519,24.050632911392405,56.9620253164557,45.56962025316456,11.39240506329114
E00023990,86,23,8,15,63,54,9,26.744186046511626,9.30232558139535,17.441860465116278,73.25581395348837,62.7906976744186,10.465116279069768
E00023991,104,13,2,11,91,54,37,12.5,1.9230769230769231,10.576923076923077,87.5,51.92307692307693,35.57692307692308
E00023992,85,17,4,13,68,45,23,20,4.705882352941177,15.294117647058824,80,52.94117647058824,27.058823529411764
E00023993,203,42,17,25,161,123,38,20.689655172413794,8.374384236453201,12.31527093596059,79.3103448275862,60.591133004926114,18.7192118226601
E00023994,67,14,7,7,53,45,8,20.8955223880597,10.44776119402985,10.44776119402985,79.1044776119403,67.16417910447761,11.940298507462686
E00023995,46,8,4,4,38,27,11,17.391304347826086,8.695652173913043,8.695652173913043,82.6086956521739,58.69565217391305,23.91304347826087
E00023996,129,21,9,12,108,62,46,16.27906976744186,6.976744186046512,9.30232558139535,83.72093023255815,48.06201550387597,35.65891472868217
E00023999,167,13,4,9,154,64,90,7.784431137724551,2.3952095808383236,5.389221556886228,92.21556886227546,38.32335329341318,53.89221556886228
E00024002,278,58,28,30,220,154,66,20.863309352517987,10.071942446043165,10.79136690647482,79.13669064748201,55.39568345323741,23.741007194244602
E00024004,157,24,7,17,133,101,32,15.286624203821656,4.45859872611465,10.828025477707007,84.71337579617835,64.3312101910828,20.382165605095544
E00024005,153,29,13,16,124,74,50,18.954248366013072,8.49673202614379,10.457516339869281,81.04575163398692,48.366013071895424,32.6797385620915
E00024006,157,28,13,15,129,94,35,17.8343949044586,8.280254777070063,9.554140127388536,82.16560509554141,59.87261146496815,22.29299363057325
E00024007,124,22,12,10,102,47,55,17.741935483870968,9.67741935483871,8.064516129032258,82.25806451612904,37.903225806451616,44.354838709677416
E00024008,71,26,12,14,45,33,12,36.61971830985916,16.901408450704224,19.718309859154928,63.38028169014085,46.478873239436616,16.901408450704224
E00024009,59,12,4,8,47,37,10,20.33898305084746,6.779661016949152,13.559322033898304,79.66101694915254,62.71186440677966,16.94915254237288
E00024010,122,47,21,26,75,58,17,38.52459016393443,17.21311475409836,21.311475409836063,61.47540983606557,47.540983606557376,13.934426229508196
E00024011,140,43,20,23,97,82,15,30.714285714285715,14.285714285714285,16.428571428571427,69.28571428571428,58.57142857142858,10.714285714285714
E00024012,115,32,14,18,83,64,19,27.82608695652174,12.173913043478262,15.65217391304348,72.17391304347827,55.65217391304348,16.52173913043478
E00024013,95,27,11,16,68,56,12,28.421052631578945,11.578947368421053,16.842105263157894,71.57894736842105,58.94736842105262,12.631578947368421
E00024014,83,27,7,20,56,41,15,32.53012048192771,8.433734939759036,24.096385542168676,67.46987951807229,49.39759036144578,18.072289156626507
E00024016,95,31,9,22,64,61,3,32.631578947368425,9.473684210526317,23.157894736842106,67.36842105263158,64.21052631578948,3.1578947368421053
E00024017,75,20,12,8,55,43,12,26.666666666666668,16,10.666666666666668,73.33333333333333,57.333333333333336,16
E00024018,77,25,11,14,52,38,14,32.467532467532465,14.285714285714285,18.181818181818183,67.53246753246754,49.35064935064935,18.181818181818183
E00024019,113,20,9,11,93,65,28,17.699115044247787,7.964601769911504,9.734513274336283,82.30088495575221,57.52212389380531,24.778761061946902
E00024020,127,29,9,20,98,77,21,22.83464566929134,7.086614173228346,15.748031496062993,77.16535433070865,60.629921259842526,16.535433070866144
E00024021,116,32,14,18,84,70,14,27.586206896551722,12.068965517241379,15.517241379310345,72.41379310344827,60.3448275862069,12.068965517241379
E00024022,147,30,15,15,117,74,43,20.408163265306122,10.204081632653061,10.204081632653061,79.59183673469387,50.34013605442177,29.25170068027211
E00024023,176,37,15,22,139,106,33,21.022727272727273,8.522727272727272,12.5,78.97727272727273,60.22727272727273,18.75
E00024024,258,70,34,36,188,142,46,27.131782945736433,13.178294573643413,13.953488372093023,72.86821705426357,55.03875968992248,17.829457364341085
E00024025,110,19,8,11,91,57,34,17.272727272727273,7.2727272727272725,10,82.72727272727273,51.81818181818182,30.909090909090907
E00024026,132,24,12,12,108,80,28,18.181818181818183,9.090909090909092,9.090909090909092,81.81818181818183,60.60606060606061,21.21212121212121
E00024028,120,25,10,15,95,67,28,20.833333333333336,8.333333333333332,12.5,79.16666666666666,55.833333333333336,23.333333333333332
E00024029,135,30,15,15,105,81,24,22.22222222222222,11.11111111111111,11.11111111111111,77.77777777777779,60,17.77777777777778
E00024030,210,78,17,61,132,105,27,37.142857142857146,8.095238095238095,29.04761904761905,62.857142857142854,50,12.857142857142856
E00024031,76,34,20,14,42,26,16,44.73684210526316,26.31578947368421,18.421052631578945,55.26315789473685,34.21052631578947,21.052631578947366
E00024032,123,17,7,10,106,44,62,13.821138211382115,5.691056910569105,8.130081300813007,86.1788617886179,35.77235772357724,50.40650406504065
E00024033,84,17,8,9,67,35,32,20.238095238095237,9.523809523809524,10.714285714285714,79.76190476190477,41.66666666666667,38.095238095238095
E00024034,90,17,11,6,73,51,22,18.88888888888889,12.222222222222221,6.666666666666667,81.11111111111111,56.666666666666664,24.444444444444443
E00024036,75,27,12,15,48,28,20,36,16,20,64,37.333333333333336,26.666666666666668
E00024037,91,10,6,4,81,54,27,10.989010989010989,6.593406593406594,4.395604395604396,89.01098901098901,59.34065934065934,29.67032967032967
E00024038,127,17,6,11,110,71,39,13.385826771653544,4.724409448818897,8.661417322834646,86.61417322834646,55.90551181102362,30.708661417322837
E00024039,130,28,12,16,102,65,37,21.53846153846154,9.230769230769232,12.307692307692308,78.46153846153847,50,28.46153846153846
E00024040,115,33,8,25,82,58,24,28.695652173913043,6.956521739130435,21.73913043478261,71.30434782608695,50.43478260869565,20.869565217391305
E00024041,104,24,12,12,80,56,24,23.076923076923077,11.538461538461538,11.538461538461538,76.92307692307693,53.84615384615385,23.076923076923077
E00024042,124,37,14,23,87,56,31,29.838709677419356,11.29032258064516,18.548387096774192,70.16129032258065,45.16129032258064,25
E00024043,136,19,7,12,117,85,32,13.970588235294118,5.147058823529411,8.823529411764707,86.02941176470588,62.5,23.52941176470588
E00024044,119,18,9,9,101,75,26,15.126050420168067,7.563025210084033,7.563025210084033,84.87394957983193,63.02521008403361,21.84873949579832
E00024045,119,16,5,11,103,63,40,13.445378151260504,4.201680672268908,9.243697478991598,86.5546218487395,52.94117647058824,33.61344537815126
E00024046,168,26,12,14,142,83,59,15.476190476190476,7.142857142857142,8.333333333333332,84.52380952380952,49.404761904761905,35.11904761904761
E00024047,140,32,6,26,108,80,28,22.857142857142858,4.285714285714286,18.571428571428573,77.14285714285715,57.14285714285714,20
E00024048,80,29,17,12,51,29,22,36.25,21.25,15,63.74999999999999,36.25,27.500000000000004
E00024050,64,6,0,6,58,30,28,9.375,0,9.375,90.625,46.875,43.75
E00024052,201,43,10,33,158,101,57,21.393034825870647,4.975124378109453,16.417910447761194,78.60696517412936,50.24875621890548,28.35820895522388
E00024053,158,36,20,16,122,63,59,22.78481012658228,12.658227848101266,10.126582278481013,77.21518987341773,39.87341772151899,37.34177215189873
E00024054,113,24,7,17,89,52,37,21.238938053097346,6.1946902654867255,15.04424778761062,78.76106194690266,46.017699115044245,32.743362831858406
E00024055,118,5,2,3,113,57,56,4.23728813559322,1.694915254237288,2.5423728813559325,95.76271186440678,48.30508474576271,47.45762711864407
E00024056,140,39,13,26,101,57,44,27.857142857142858,9.285714285714286,18.571428571428573,72.14285714285714,40.714285714285715,31.428571428571427
E00024057,154,28,14,14,126,74,52,18.181818181818183,9.090909090909092,9.090909090909092,81.81818181818183,48.05194805194805,33.76623376623377
E00024058,191,51,21,30,140,89,51,26.701570680628272,10.99476439790576,15.706806282722512,73.29842931937172,46.596858638743456,26.701570680628272
E00024059,87,16,11,5,71,40,31,18.39080459770115,12.643678160919542,5.747126436781609,81.60919540229885,45.97701149425287,35.63218390804598
E00024060,117,25,9,16,92,51,41,21.367521367521366,7.6923076923076925,13.675213675213676,78.63247863247864,43.58974358974359,35.04273504273504
E00024061,86,29,14,15,57,42,15,33.72093023255814,16.27906976744186,17.441860465116278,66.27906976744185,48.837209302325576,17.441860465116278
E00024062,107,15,7,8,92,61,31,14.018691588785046,6.5420560747663545,7.476635514018691,85.98130841121495,57.009345794392516,28.971962616822427
E00024063,121,13,6,7,108,58,50,10.743801652892563,4.958677685950414,5.785123966942149,89.25619834710744,47.93388429752066,41.32231404958678
E00024064,85,21,8,13,64,41,23,24.705882352941178,9.411764705882353,15.294117647058824,75.29411764705883,48.23529411764706,27.058823529411764
E00024065,113,11,5,6,102,66,36,9.734513274336283,4.424778761061947,5.3097345132743365,90.2654867256637,58.4070796460177,31.858407079646017
E00024066,80,13,8,5,67,41,26,16.25,10,6.25,83.75,51.24999999999999,32.5
E00024067,144,34,17,17,110,67,43,23.61111111111111,11.805555555555555,11.805555555555555,76.38888888888889,46.52777777777778,29.86111111111111
E00024068,113,20,12,8,93,52,41,17.699115044247787,10.619469026548673,7.079646017699115,82.30088495575221,46.017699115044245,36.283185840707965
E00024069,90,25,9,16,65,41,24,27.77777777777778,10,17.77777777777778,72.22222222222221,45.55555555555556,26.666666666666668
E00024070,150,47,9,38,103,93,10,31.333333333333336,6,25.333333333333336,68.66666666666667,62,6.666666666666667
E00024071,122,19,7,12,103,58,45,15.573770491803279,5.737704918032787,9.836065573770492,84.42622950819673,47.540983606557376,36.885245901639344
E00024072,159,56,18,38,103,84,19,35.22012578616352,11.320754716981133,23.89937106918239,64.77987421383648,52.83018867924528,11.949685534591195
E00024073,152,46,21,25,106,89,17,30.263157894736842,13.815789473684212,16.447368421052634,69.73684210526315,58.55263157894737,11.18421052631579
E00024074,132,43,12,31,89,66,23,32.57575757575758,9.090909090909092,23.484848484848484,67.42424242424242,50,17.424242424242426
E00024075,180,45,16,29,135,93,42,25,8.88888888888889,16.11111111111111,75,51.66666666666667,23.333333333333332
E00024076,131,57,20,37,74,68,6,43.51145038167939,15.267175572519085,28.24427480916031,56.48854961832062,51.908396946564885,4.580152671755725
E00024077,155,38,13,25,117,62,55,24.516129032258064,8.38709677419355,16.129032258064516,75.48387096774194,40,35.483870967741936
E00024078,102,43,11,32,59,53,6,42.15686274509804,10.784313725490197,31.372549019607842,57.84313725490197,51.9607843137255,5.88235294117647
E00024079,79,32,15,17,47,37,10,40.50632911392405,18.9873417721519,21.518987341772153,59.49367088607595,46.835443037974684,12.658227848101266
E00024080,118,57,22,35,61,53,8,48.30508474576271,18.64406779661017,29.66101694915254,51.69491525423729,44.91525423728814,6.779661016949152
E00024081,106,41,20,21,65,54,11,38.67924528301887,18.867924528301888,19.81132075471698,61.32075471698113,50.943396226415096,10.377358490566039
E00024083,139,36,18,18,103,65,38,25.899280575539567,12.949640287769784,12.949640287769784,74.10071942446042,46.76258992805755,27.33812949640288
E00024084,147,41,23,18,106,67,39,27.89115646258503,15.646258503401361,12.244897959183673,72.10884353741497,45.57823129251701,26.53061224489796
E00024085,255,102,13,89,153,112,41,40,5.098039215686274,34.90196078431372,60,43.92156862745098,16.07843137254902
E00024086,147,48,17,31,99,80,19,32.6530612244898,11.564625850340136,21.08843537414966,67.3469387755102,54.421768707483,12.925170068027212
E00024087,155,34,7,27,121,86,35,21.935483870967744,4.516129032258064,17.419354838709676,78.06451612903226,55.483870967741936,22.58064516129032
E00024088,159,30,18,12,129,95,34,18.867924528301888,11.320754716981133,7.547169811320755,81.13207547169812,59.74842767295597,21.38364779874214
E00024089,204,49,20,29,155,111,44,24.019607843137255,9.803921568627452,14.215686274509803,75.98039215686273,54.41176470588235,21.568627450980394
E00024090,85,19,8,11,66,46,20,22.35294117647059,9.411764705882353,12.941176470588237,77.64705882352942,54.11764705882353,23.52941176470588
E00024091,122,44,20,24,78,64,14,36.0655737704918,16.39344262295082,19.672131147540984,63.934426229508205,52.459016393442624,11.475409836065573
E00024093,164,38,15,23,126,85,41,23.170731707317074,9.146341463414634,14.02439024390244,76.82926829268293,51.829268292682926,25
E00024094,156,47,12,35,109,83,26,30.128205128205128,7.6923076923076925,22.435897435897438,69.87179487179486,53.205128205128204,16.666666666666664
E00024095,139,31,11,20,108,83,25,22.302158273381295,7.913669064748201,14.388489208633093,77.6978417266187,59.71223021582733,17.985611510791365
E00024096,136,36,19,17,100,75,25,26.47058823529412,13.970588235294118,12.5,73.52941176470588,55.14705882352941,18.38235294117647
E00024097,165,45,14,31,120,105,15,27.27272727272727,8.484848484848486,18.787878787878785,72.72727272727273,63.63636363636363,9.090909090909092
E00024098,135,46,24,22,89,65,24,34.074074074074076,17.77777777777778,16.296296296296298,65.92592592592592,48.148148148148145,17.77777777777778
E00024099,87,30,14,16,57,50,7,34.48275862068966,16.091954022988507,18.39080459770115,65.51724137931035,57.47126436781609,8.045977011494253
E00024100,144,48,14,34,96,82,14,33.33333333333333,9.722222222222223,23.61111111111111,66.66666666666666,56.94444444444444,9.722222222222223
E00024101,126,49,18,31,77,66,11,38.88888888888889,14.285714285714285,24.6031746031746,61.111111111111114,52.38095238095239,8.73015873015873
E00024103,147,51,12,39,96,85,11,34.69387755102041,8.16326530612245,26.53061224489796,65.3061224489796,57.82312925170068,7.482993197278912
E00024104,151,43,12,31,108,89,19,28.47682119205298,7.9470198675496695,20.52980132450331,71.52317880794702,58.94039735099338,12.582781456953644
E00024105,113,18,6,12,95,67,28,15.929203539823009,5.3097345132743365,10.619469026548673,84.070796460177,59.29203539823009,24.778761061946902
E00024106,75,41,9,32,34,26,8,54.666666666666664,12,42.66666666666667,45.33333333333333,34.66666666666667,10.666666666666668
E00024107,75,27,8,19,48,43,5,36,10.666666666666668,25.333333333333336,64,57.333333333333336,6.666666666666667
E00024108,202,55,26,29,147,112,35,27.22772277227723,12.871287128712872,14.356435643564355,72.77227722772277,55.44554455445545,17.326732673267326
E00024109,122,26,11,15,96,63,33,21.311475409836063,9.01639344262295,12.295081967213115,78.68852459016394,51.63934426229508,27.049180327868854
E00024112,101,18,8,10,83,44,39,17.82178217821782,7.920792079207921,9.900990099009901,82.17821782178217,43.56435643564357,38.613861386138616
E00024113,118,28,14,14,90,65,25,23.728813559322035,11.864406779661017,11.864406779661017,76.27118644067797,55.08474576271186,21.1864406779661
E00024115,62,10,4,6,52,24,28,16.129032258064516,6.451612903225806,9.67741935483871,83.87096774193549,38.70967741935484,45.16129032258064
E00024116,99,20,9,11,79,50,29,20.2020202020202,9.090909090909092,11.11111111111111,79.7979797979798,50.505050505050505,29.292929292929294
E00024117,87,29,15,14,58,38,20,33.33333333333333,17.24137931034483,16.091954022988507,66.66666666666666,43.67816091954023,22.988505747126435
E00024118,84,20,10,10,64,41,23,23.809523809523807,11.904761904761903,11.904761904761903,76.19047619047619,48.80952380952381,27.380952380952383
E00024121,199,44,25,19,155,121,34,22.110552763819097,12.562814070351758,9.547738693467336,77.88944723618091,60.80402010050251,17.08542713567839
E00024122,129,33,11,22,96,75,21,25.581395348837212,8.527131782945736,17.05426356589147,74.4186046511628,58.139534883720934,16.27906976744186
E00024123,79,22,6,16,57,46,11,27.848101265822784,7.59493670886076,20.253164556962027,72.15189873417721,58.22784810126582,13.924050632911392
E00024124,228,43,26,17,185,113,72,18.859649122807017,11.403508771929824,7.456140350877193,81.14035087719299,49.56140350877193,31.57894736842105
E00024125,107,16,4,12,91,57,34,14.953271028037381,3.7383177570093453,11.214953271028037,85.04672897196261,53.271028037383175,31.775700934579437
E00024126,98,19,7,12,79,47,32,19.387755102040817,7.142857142857142,12.244897959183673,80.61224489795919,47.95918367346938,32.6530612244898
E00024128,162,32,13,19,130,74,56,19.753086419753085,8.024691358024691,11.728395061728394,80.24691358024691,45.67901234567901,34.5679012345679
E00024129,123,21,9,12,102,57,45,17.073170731707318,7.317073170731707,9.75609756097561,82.92682926829268,46.34146341463415,36.58536585365854
E00024133,150,21,11,10,129,84,45,14.000000000000002,7.333333333333333,6.666666666666667,86,56.00000000000001,30
E00024134,156,26,15,11,130,94,36,16.666666666666664,9.615384615384617,7.051282051282051,83.33333333333334,60.256410256410255,23.076923076923077
E00024135,72,25,11,14,47,34,13,34.72222222222222,15.277777777777779,19.444444444444446,65.27777777777779,47.22222222222222,18.055555555555554
E00024136,184,32,12,20,152,109,43,17.391304347826086,6.521739130434782,10.869565217391305,82.6086956521739,59.2391304347826,23.369565217391305
E00024137,84,18,10,8,66,43,23,21.428571428571427,11.904761904761903,9.523809523809524,78.57142857142857,51.19047619047619,27.380952380952383
E00024138,141,21,11,10,120,69,51,14.893617021276595,7.801418439716312,7.092198581560284,85.1063829787234,48.93617021276596,36.17021276595745
E00024140,125,32,12,20,93,50,43,25.6,9.6,16,74.4,40,34.4
E00175180,117,54,26,28,63,46,17,46.15384615384615,22.22222222222222,23.931623931623932,53.84615384615385,39.31623931623932,14.529914529914532
E00175181,136,31,10,21,105,61,44,22.794117647058822,7.352941176470589,15.441176470588236,77.20588235294117,44.85294117647059,32.35294117647059
E00175182,53,11,6,5,42,29,13,20.754716981132077,11.320754716981133,9.433962264150944,79.24528301886792,54.71698113207547,24.528301886792452
E00175185,99,14,4,10,85,62,23,14.14141414141414,4.040404040404041,10.1010101010101,85.85858585858585,62.62626262626263,23.232323232323232
E00175186,105,21,12,9,84,64,20,20,11.428571428571429,8.571428571428571,80,60.952380952380956,19.047619047619047
E00175187,231,53,26,27,178,103,75,22.943722943722943,11.255411255411255,11.688311688311687,77.05627705627705,44.58874458874459,32.467532467532465
E00175188,97,14,10,4,83,35,48,14.432989690721648,10.309278350515463,4.123711340206185,85.56701030927834,36.08247422680412,49.48453608247423
E00175192,55,14,11,3,41,26,15,25.454545454545453,20,5.454545454545454,74.54545454545455,47.27272727272727,27.27272727272727
E00175193,136,27,14,13,109,66,43,19.852941176470587,10.294117647058822,9.558823529411764,80.14705882352942,48.529411764705884,31.61764705882353
E00175194,166,30,16,14,136,93,43,18.072289156626507,9.63855421686747,8.433734939759036,81.92771084337349,56.024096385542165,25.903614457831324
E00175196,71,12,6,6,59,40,19,16.901408450704224,8.450704225352112,8.450704225352112,83.09859154929578,56.33802816901409,26.76056338028169
E00175197,85,20,6,14,65,50,15,23.52941176470588,7.0588235294117645,16.470588235294116,76.47058823529412,58.82352941176471,17.647058823529413
E00175198,211,46,19,27,165,119,46,21.80094786729858,9.004739336492891,12.796208530805686,78.19905213270142,56.39810426540285,21.80094786729858
E00175199,147,20,9,11,127,76,51,13.60544217687075,6.122448979591836,7.482993197278912,86.39455782312925,51.70068027210885,34.69387755102041
E00175200,96,53,33,20,43,38,5,55.208333333333336,34.375,20.833333333333336,44.79166666666667,39.58333333333333,5.208333333333334
E00175201,129,28,18,10,101,79,22,21.705426356589147,13.953488372093023,7.751937984496124,78.29457364341084,61.240310077519375,17.05426356589147
E00175202,88,12,4,8,76,54,22,13.636363636363635,4.545454545454546,9.090909090909092,86.36363636363636,61.36363636363637,25
E00175203,74,17,7,10,57,38,19,22.972972972972975,9.45945945945946,13.513513513513514,77.02702702702703,51.35135135135135,25.675675675675674
E00175206,323,38,15,23,285,107,178,11.76470588235294,4.643962848297214,7.120743034055728,88.23529411764706,33.126934984520126,55.10835913312694
E00175207,102,27,12,15,75,45,30,26.47058823529412,11.76470588235294,14.705882352941178,73.52941176470588,44.11764705882353,29.411764705882355
E00175210,117,19,9,10,98,73,25,16.23931623931624,7.6923076923076925,8.547008547008547,83.76068376068376,62.39316239316239,21.367521367521366
E00175211,123,22,14,8,101,57,44,17.88617886178862,11.38211382113821,6.504065040650407,82.11382113821138,46.34146341463415,35.77235772357724
E00175215,56,15,6,9,41,31,10,26.785714285714285,10.714285714285714,16.071428571428573,73.21428571428571,55.35714285714286,17.857142857142858
E00175217,180,22,15,7,158,83,75,12.222222222222221,8.333333333333332,3.888888888888889,87.77777777777777,46.111111111111114,41.66666666666667
E00175218,128,29,11,18,99,76,23,22.65625,8.59375,14.0625,77.34375,59.375,17.96875
E00175219,73,19,10,9,54,36,18,26.027397260273972,13.698630136986301,12.32876712328767,73.97260273972603,49.31506849315068,24.65753424657534
E00175220,146,40,19,21,106,87,19,27.397260273972602,13.013698630136986,14.383561643835616,72.6027397260274,59.589041095890416,13.013698630136986
E00175221,83,50,15,35,33,30,3,60.24096385542169,18.072289156626507,42.168674698795186,39.75903614457831,36.144578313253014,3.614457831325301
E00175222,118,47,23,24,71,46,25,39.83050847457627,19.491525423728813,20.33898305084746,60.16949152542372,38.983050847457626,21.1864406779661
E00175226,84,17,4,13,67,32,35,20.238095238095237,4.761904761904762,15.476190476190476,79.76190476190477,38.095238095238095,41.66666666666667
E00175227,241,28,17,11,213,94,119,11.618257261410788,7.053941908713693,4.564315352697095,88.38174273858921,39.004149377593365,49.37759336099585
E00175228,79,13,4,9,66,39,27,16.455696202531644,5.063291139240507,11.39240506329114,83.54430379746836,49.36708860759494,34.177215189873415
E00175229,128,14,3,11,114,44,70,10.9375,2.34375,8.59375,89.0625,34.375,54.6875
E00175231,122,30,15,15,92,73,19,24.59016393442623,12.295081967213115,12.295081967213115,75.40983606557377,59.83606557377049,15.573770491803279
E00175232,131,69,27,42,62,54,8,52.67175572519084,20.610687022900763,32.06106870229007,47.32824427480916,41.221374045801525,6.106870229007633
E00175233,108,26,13,13,82,67,15,24.074074074074073,12.037037037037036,12.037037037037036,75.92592592592592,62.03703703703704,13.88888888888889
E00175234,105,34,11,23,71,64,7,32.38095238095238,10.476190476190476,21.904761904761905,67.61904761904762,60.952380952380956,6.666666666666667
E00175235,156,57,20,37,99,86,13,36.53846153846153,12.82051282051282,23.717948717948715,63.46153846153846,55.12820512820513,8.333333333333332
E00175236,71,15,7,8,56,42,14,21.12676056338028,9.859154929577464,11.267605633802818,78.87323943661971,59.154929577464785,19.718309859154928
E00175237,116,41,12,29,75,58,17,35.3448275862069,10.344827586206897,25,64.65517241379311,50,14.655172413793101
E00175238,168,36,13,23,132,98,34,21.428571428571427,7.738095238095238,13.690476190476192,78.57142857142857,58.333333333333336,20.238095238095237
E00175239,87,10,5,5,77,40,37,11.494252873563218,5.747126436781609,5.747126436781609,88.50574712643679,45.97701149425287,42.5287356321839
E00175240,90,9,7,2,81,51,30,10,7.777777777777778,2.2222222222222223,90,56.666666666666664,33.33333333333333
E00175241,99,12,3,9,87,50,37,12.121212121212121,3.0303030303030303,9.090909090909092,87.87878787878788,50.505050505050505,37.37373737373738
E00175242,89,13,4,9,76,46,30,14.606741573033707,4.49438202247191,10.112359550561797,85.39325842696628,51.68539325842697,33.70786516853933
E00175243,81,20,11,9,61,35,26,24.691358024691358,13.580246913580247,11.11111111111111,75.30864197530865,43.20987654320987,32.098765432098766
E00175244,130,35,18,17,95,65,30,26.923076923076923,13.846153846153847,13.076923076923078,73.07692307692307,50,23.076923076923077
E00175245,89,21,8,13,68,46,22,23.595505617977526,8.98876404494382,14.606741573033707,76.40449438202246,51.68539325842697,24.719101123595504
E00175246,137,18,11,7,119,69,50,13.138686131386862,8.02919708029197,5.109489051094891,86.86131386861314,50.36496350364964,36.496350364963504
E00175247,74,10,5,5,64,43,21,13.513513513513514,6.756756756756757,6.756756756756757,86.48648648648648,58.108108108108105,28.37837837837838
E00175251,122,26,9,17,96,72,24,21.311475409836063,7.377049180327869,13.934426229508196,78.68852459016394,59.01639344262295,19.672131147540984
E00175252,61,11,5,6,50,34,16,18.0327868852459,8.19672131147541,9.836065573770492,81.9672131147541,55.73770491803278,26.229508196721312
E00175253,175,43,28,15,132,60,72,24.571428571428573,16,8.571428571428571,75.42857142857143,34.285714285714285,41.14285714285714
E00175254,104,20,13,7,84,50,34,19.230769230769234,12.5,6.730769230769231,80.76923076923077,48.07692307692308,32.69230769230769
E00175255,112,19,11,8,93,51,42,16.964285714285715,9.821428571428571,7.142857142857142,83.03571428571429,45.535714285714285,37.5
E00175256,105,34,12,22,71,54,17,32.38095238095238,11.428571428571429,20.952380952380953,67.61904761904762,51.42857142857142,16.19047619047619
E00175257,226,48,16,32,178,108,70,21.238938053097346,7.079646017699115,14.15929203539823,78.76106194690266,47.78761061946903,30.973451327433626
E00175258,104,19,8,11,85,63,22,18.269230769230766,7.6923076923076925,10.576923076923077,81.73076923076923,60.57692307692307,21.153846153846153
E00175259,114,20,8,12,94,55,39,17.543859649122805,7.017543859649122,10.526315789473683,82.45614035087719,48.24561403508772,34.21052631578947
E00175260,107,40,10,30,67,58,9,37.38317757009346,9.345794392523365,28.037383177570092,62.616822429906534,54.20560747663551,8.411214953271028
E00175261,109,54,21,33,55,49,6,49.54128440366973,19.26605504587156,30.275229357798167,50.45871559633027,44.95412844036697,5.5045871559633035
E00175262,117,48,15,33,69,53,16,41.02564102564102,12.82051282051282,28.205128205128204,58.97435897435898,45.2991452991453,13.675213675213676
E00175263,94,50,17,33,44,40,4,53.191489361702125,18.085106382978726,35.1063829787234,46.808510638297875,42.5531914893617,4.25531914893617
E00175264,136,18,11,7,118,69,49,13.23529411764706,8.088235294117647,5.147058823529411,86.76470588235294,50.73529411764706,36.029411764705884
E00175265,127,42,14,28,85,73,12,33.07086614173229,11.023622047244094,22.04724409448819,66.92913385826772,57.48031496062992,9.448818897637794
E00175266,165,65,17,48,100,87,13,39.39393939393939,10.303030303030303,29.09090909090909,60.60606060606061,52.72727272727272,7.878787878787878
E00175268,104,44,13,31,60,50,10,42.30769230769231,12.5,29.807692307692307,57.692307692307686,48.07692307692308,9.615384615384617
E00175269,103,33,13,20,70,60,10,32.038834951456316,12.62135922330097,19.41747572815534,67.96116504854369,58.252427184466015,9.70873786407767
E00175270,123,49,17,32,74,68,6,39.83739837398374,13.821138211382115,26.01626016260163,60.16260162601627,55.28455284552846,4.878048780487805
E00175271,69,12,8,4,57,41,16,17.391304347826086,11.594202898550725,5.797101449275362,82.6086956521739,59.42028985507246,23.18840579710145
E00175272,122,58,25,33,64,56,8,47.540983606557376,20.491803278688526,27.049180327868854,52.459016393442624,45.90163934426229,6.557377049180328
E00175273,67,35,8,27,32,27,5,52.23880597014925,11.940298507462686,40.298507462686565,47.76119402985074,40.298507462686565,7.462686567164178
E00175274,125,47,13,34,78,66,12,37.6,10.4,27.200000000000003,62.4,52.800000000000004,9.6
E00175275,211,29,13,16,182,166,16,13.744075829383887,6.161137440758294,7.5829383886255926,86.25592417061611,78.67298578199052,7.5829383886255926
E00175276,91,31,14,17,60,44,16,34.065934065934066,15.384615384615385,18.681318681318682,65.93406593406593,48.35164835164835,17.582417582417584
E00175277,90,34,9,25,56,48,8,37.77777777777778,10,27.77777777777778,62.22222222222222,53.333333333333336,8.88888888888889
E00175278,58,18,11,7,40,34,6,31.03448275862069,18.96551724137931,12.068965517241379,68.96551724137932,58.620689655172406,10.344827586206897
E00175279,102,37,13,24,65,55,10,36.27450980392157,12.745098039215685,23.52941176470588,63.725490196078425,53.92156862745098,9.803921568627452
E00190378,66,14,4,10,52,38,14,21.21212121212121,6.0606060606060606,15.151515151515152,78.78787878787878,57.57575757575758,21.21212121212121
E00190379,144,31,15,16,113,61,52,21.52777777777778,10.416666666666668,11.11111111111111,78.47222222222221,42.36111111111111,36.11111111111111
E00190380,144,53,39,14,91,64,27,36.80555555555556,27.083333333333332,9.722222222222223,63.19444444444444,44.44444444444444,18.75
E00190381,123,34,8,26,89,49,40,27.64227642276423,6.504065040650407,21.138211382113823,72.35772357723577,39.83739837398374,32.52032520325203
E00190382,176,42,25,17,134,79,55,23.863636363636363,14.204545454545455,9.659090909090908,76.13636363636364,44.88636363636363,31.25
E00190383,84,19,12,7,65,40,25,22.61904761904762,14.285714285714285,8.333333333333332,77.38095238095238,47.61904761904761,29.761904761904763
E00190384,137,16,9,7,121,73,48,11.678832116788321,6.569343065693431,5.109489051094891,88.32116788321169,53.284671532846716,35.03649635036496
E00190385,135,23,14,9,112,60,52,17.037037037037038,10.37037037037037,6.666666666666667,82.96296296296296,44.44444444444444,38.51851851851852
E00190386,227,29,10,19,198,150,48,12.77533039647577,4.405286343612335,8.370044052863436,87.22466960352423,66.07929515418502,21.145374449339208
E00190387,193,24,16,8,169,97,72,12.435233160621761,8.290155440414509,4.145077720207254,87.56476683937824,50.259067357512954,37.30569948186528
E00190388,163,25,9,16,138,89,49,15.337423312883436,5.521472392638037,9.815950920245399,84.66257668711657,54.601226993865026,30.061349693251532
E00190389,123,30,14,16,93,46,47,24.390243902439025,11.38211382113821,13.008130081300814,75.60975609756098,37.39837398373984,38.21138211382114
E00190390,106,27,14,13,79,44,35,25.471698113207548,13.20754716981132,12.264150943396226,74.52830188679245,41.509433962264154,33.0188679245283
E00190391,123,32,19,13,91,54,37,26.01626016260163,15.447154471544716,10.569105691056912,73.98373983739837,43.90243902439025,30.081300813008134
E00190392,138,20,12,8,118,75,43,14.492753623188406,8.695652173913043,5.797101449275362,85.5072463768116,54.347826086956516,31.15942028985507
E00190393,161,47,19,28,114,71,43,29.19254658385093,11.801242236024844,17.391304347826086,70.80745341614907,44.099378881987576,26.70807453416149
E00190394,254,83,37,46,171,124,47,32.677165354330704,14.566929133858267,18.11023622047244,67.32283464566929,48.818897637795274,18.503937007874015
E00190395,162,71,32,39,91,73,18,43.82716049382716,19.753086419753085,24.074074074074073,56.17283950617284,45.06172839506173,11.11111111111111
E00190397,156,38,12,26,118,83,35,24.358974358974358,7.6923076923076925,16.666666666666664,75.64102564102564,53.205128205128204,22.435897435897438
E00190398,109,15,6,9,94,61,33,13.761467889908257,5.5045871559633035,8.256880733944955,86.23853211009175,55.96330275229357,30.275229357798167
E00190399,113,23,6,17,90,68,22,20.353982300884958,5.3097345132743365,15.04424778761062,79.64601769911505,60.17699115044248,19.469026548672566
E00190400,113,34,14,20,79,64,15,30.08849557522124,12.389380530973451,17.699115044247787,69.91150442477876,56.63716814159292,13.274336283185843
E00190401,248,31,15,16,217,159,58,12.5,6.048387096774194,6.451612903225806,87.5,64.11290322580645,23.387096774193548
E00190402,131,49,17,32,82,69,13,37.404580152671755,12.977099236641221,24.427480916030532,62.59541984732825,52.67175572519084,9.923664122137405
E00190408,89,32,17,15,57,37,20,35.95505617977528,19.101123595505616,16.853932584269664,64.04494382022472,41.57303370786517,22.47191011235955
E00190409,231,72,19,53,159,95,64,31.16883116883117,8.225108225108226,22.943722943722943,68.83116883116884,41.125541125541126,27.705627705627705
E00190411,166,66,18,48,100,88,12,39.75903614457831,10.843373493975903,28.915662650602407,60.24096385542169,53.01204819277109,7.228915662650602
E00190418,119,34,12,22,85,55,30,28.57142857142857,10.084033613445378,18.487394957983195,71.42857142857143,46.21848739495798,25.210084033613445
E00190420,98,15,5,10,83,50,33,15.306122448979592,5.1020408163265305,10.204081632653061,84.6938775510204,51.02040816326531,33.6734693877551
E00190423,105,33,14,19,72,47,25,31.428571428571427,13.333333333333334,18.095238095238095,68.57142857142857,44.761904761904766,23.809523809523807
E00190427,114,22,12,10,92,65,27,19.298245614035086,10.526315789473683,8.771929824561402,80.7017543859649,57.01754385964912,23.684210526315788
E00190434,117,24,7,17,93,61,32,20.51282051282051,5.982905982905983,14.529914529914532,79.48717948717949,52.13675213675214,27.350427350427353
E00190435,85,36,13,23,49,44,5,42.35294117647059,15.294117647058824,27.058823529411764,57.647058823529406,51.76470588235295,5.88235294117647
E00190438,228,101,43,58,127,108,19,44.29824561403509,18.859649122807017,25.438596491228072,55.70175438596491,47.368421052631575,8.333333333333332
E00190442,129,58,17,41,71,63,8,44.96124031007752,13.178294573643413,31.782945736434108,55.03875968992248,48.837209302325576,6.2015503875969
E00190446,85,11,5,6,74,42,32,12.941176470588237,5.88235294117647,7.0588235294117645,87.05882352941177,49.411764705882355,37.64705882352941
E00190450,89,17,6,11,72,52,20,19.101123595505616,6.741573033707865,12.359550561797752,80.89887640449437,58.42696629213483,22.47191011235955
E00190453,77,17,9,8,60,32,28,22.07792207792208,11.688311688311687,10.38961038961039,77.92207792207793,41.55844155844156,36.36363636363637
E00190454,119,11,3,8,108,56,52,9.243697478991598,2.5210084033613445,6.722689075630252,90.75630252100841,47.05882352941176,43.69747899159664
E00190455,119,29,10,19,90,44,46,24.369747899159663,8.403361344537815,15.966386554621847,75.63025210084034,36.97478991596639,38.655462184873954
E00190459,97,31,21,10,66,41,25,31.958762886597935,21.649484536082475,10.309278350515463,68.04123711340206,42.2680412371134,25.773195876288657
E00190460,160,37,15,22,123,96,27,23.125,9.375,13.750000000000002,76.875,60,16.875
E00190465,170,29,18,11,141,95,46,17.058823529411764,10.588235294117647,6.470588235294119,82.94117647058825,55.88235294117647,27.058823529411764
