OA,ts0590001,ts0590002,ts0590003,ts0590004,ts0590005,ts0590006,ts0590007,ts0590002_PCT,ts0590003_PCT,ts0590004_PCT,ts0590005_PCT,ts0590006_PCT,ts0590007_PCT
E00080504,111,27,10,17,84,73,11,24.324324324324326,9.00900900900901,15.315315315315313,75.67567567567568,65.76576576576578,9.90990990990991
E00080505,217,62,21,41,155,127,28,28.57142857142857,9.67741935483871,18.89400921658986,71.42857142857143,58.525345622119815,12.903225806451612
E00080506,207,51,13,38,156,140,16,24.637681159420293,6.280193236714976,18.357487922705314,75.36231884057972,67.6328502415459,7.729468599033816
E00080507,245,63,32,31,182,159,23,25.71428571428571,13.061224489795919,12.653061224489795,74.28571428571429,64.89795918367346,9.387755102040817
E00080508,141,46,18,28,95,71,24,32.62411347517731,12.76595744680851,19.858156028368796,67.37588652482269,50.35460992907801,17.02127659574468
E00080509,156,33,12,21,123,108,15,21.153846153846153,7.6923076923076925,13.461538461538462,78.84615384615384,69.23076923076923,9.615384615384617
E00080510,163,54,18,36,109,89,20,33.12883435582822,11.042944785276074,22.085889570552148,66.87116564417178,54.601226993865026,12.269938650306749
E00080511,166,41,9,32,125,104,21,24.69879518072289,5.421686746987952,19.27710843373494,75.30120481927712,62.65060240963856,12.650602409638553
E00080512,157,48,14,34,109,90,19,30.573248407643312,8.9171974522293,21.656050955414013,69.42675159235668,57.324840764331206,12.101910828025478
E00080513,143,32,10,22,111,93,18,22.377622377622377,6.993006993006993,15.384615384615385,77.62237762237763,65.03496503496503,12.587412587412588
E00080514,153,45,15,30,108,92,16,29.411764705882355,9.803921568627452,19.607843137254903,70.58823529411765,60.130718954248366,10.457516339869281
E00080515,156,37,7,30,119,98,21,23.717948717948715,4.487179487179487,19.230769230769234,76.28205128205127,62.82051282051282,13.461538461538462
E00080516,156,45,18,27,111,95,16,28.846153846153843,11.538461538461538,17.307692307692307,71.15384615384616,60.89743589743589,10.256410256410255
E00080517,153,39,16,23,114,98,16,25.49019607843137,10.457516339869281,15.032679738562091,74.50980392156863,64.05228758169935,10.457516339869281
E00080519,282,80,24,56,202,173,29,28.368794326241137,8.51063829787234,19.858156028368796,71.63120567375887,61.347517730496456,10.28368794326241
E00080521,222,56,22,34,166,140,26,25.225225225225223,9.90990990990991,15.315315315315313,74.77477477477478,63.06306306306306,11.711711711711711
E00080522,176,49,19,30,127,108,19,27.84090909090909,10.795454545454545,17.045454545454543,72.1590909090909,61.36363636363637,10.795454545454545
E00080523,155,34,13,21,121,104,17,21.935483870967744,8.38709677419355,13.548387096774196,78.06451612903226,67.0967741935484,10.967741935483872
E00080524,179,52,15,37,127,107,20,29.05027932960894,8.379888268156424,20.670391061452513,70.94972067039106,59.77653631284916,11.1731843575419
E00080525,113,35,9,26,78,66,12,30.973451327433626,7.964601769911504,23.008849557522122,69.02654867256636,58.4070796460177,10.619469026548673
E00080526,120,32,10,22,88,70,18,26.666666666666668,8.333333333333332,18.333333333333332,73.33333333333333,58.333333333333336,15
E00080527,153,29,8,21,124,107,17,18.954248366013072,5.228758169934641,13.725490196078432,81.04575163398692,69.93464052287581,11.11111111111111
E00080528,128,33,8,25,95,84,11,25.78125,6.25,19.53125,74.21875,65.625,8.59375
E00080529,129,42,17,25,87,73,14,32.55813953488372,13.178294573643413,19.379844961240313,67.44186046511628,56.58914728682171,10.852713178294573
E00080530,186,55,13,42,131,115,16,29.56989247311828,6.989247311827956,22.58064516129032,70.43010752688173,61.82795698924731,8.60215053763441
E00080531,171,38,13,25,133,120,13,22.22222222222222,7.602339181286549,14.619883040935672,77.77777777777779,70.17543859649122,7.602339181286549
E00080532,142,45,13,32,97,74,23,31.690140845070424,9.15492957746479,22.535211267605636,68.30985915492957,52.112676056338024,16.19718309859155
E00080534,197,61,25,36,136,121,15,30.96446700507614,12.690355329949238,18.274111675126903,69.03553299492386,61.42131979695431,7.614213197969544
E00080535,163,64,25,39,99,84,15,39.263803680981596,15.337423312883436,23.92638036809816,60.73619631901841,51.533742331288344,9.202453987730062
E00080536,119,32,13,19,87,78,9,26.89075630252101,10.92436974789916,15.966386554621847,73.10924369747899,65.54621848739495,7.563025210084033
E00080537,154,35,10,25,119,103,16,22.727272727272727,6.493506493506493,16.233766233766232,77.27272727272727,66.88311688311688,10.38961038961039
E00080538,145,59,20,39,86,76,10,40.689655172413794,13.793103448275861,26.89655172413793,59.310344827586206,52.41379310344828,6.896551724137931
E00080539,119,40,17,23,79,69,10,33.61344537815126,14.285714285714285,19.327731092436977,66.38655462184873,57.98319327731093,8.403361344537815
E00080540,114,27,11,16,87,77,10,23.684210526315788,9.649122807017543,14.035087719298245,76.31578947368422,67.54385964912281,8.771929824561402
E00080541,133,34,9,25,99,84,15,25.563909774436087,6.7669172932330826,18.796992481203006,74.43609022556392,63.1578947368421,11.278195488721805
E00080542,199,45,13,32,154,139,15,22.613065326633166,6.532663316582915,16.08040201005025,77.38693467336684,69.84924623115577,7.537688442211055
E00080543,124,28,9,19,96,77,19,22.58064516129032,7.258064516129033,15.32258064516129,77.41935483870968,62.096774193548384,15.32258064516129
E00080544,171,47,16,31,124,108,16,27.485380116959064,9.35672514619883,18.128654970760234,72.51461988304094,63.1578947368421,9.35672514619883
E00080545,182,47,10,37,135,121,14,25.82417582417583,5.4945054945054945,20.32967032967033,74.17582417582418,66.48351648351648,7.6923076923076925
E00080546,166,48,14,34,118,103,15,28.915662650602407,8.433734939759036,20.481927710843372,71.08433734939759,62.048192771084345,9.036144578313253
E00080547,147,39,16,23,108,89,19,26.53061224489796,10.884353741496598,15.646258503401361,73.46938775510205,60.544217687074834,12.925170068027212
E00080548,221,70,29,41,151,134,17,31.674208144796378,13.122171945701359,18.552036199095024,68.32579185520362,60.633484162895925,7.6923076923076925
E00080549,164,44,7,37,120,105,15,26.82926829268293,4.2682926829268295,22.5609756097561,73.17073170731707,64.02439024390245,9.146341463414634
E00080550,144,47,22,25,97,88,9,32.63888888888889,15.277777777777779,17.36111111111111,67.36111111111111,61.111111111111114,6.25
E00080551,167,51,19,32,116,97,19,30.538922155688624,11.377245508982035,19.16167664670659,69.46107784431138,58.08383233532935,11.377245508982035
E00080552,200,52,18,34,148,124,24,26,9,17,74,62,12
E00080553,213,58,15,43,155,135,20,27.230046948356808,7.042253521126761,20.187793427230048,72.76995305164318,63.38028169014085,9.389671361502346
E00080554,180,52,22,30,128,107,21,28.888888888888886,12.222222222222221,16.666666666666664,71.11111111111111,59.44444444444444,11.666666666666666
E00080555,152,49,16,33,103,95,8,32.23684210526316,10.526315789473683,21.710526315789476,67.76315789473685,62.5,5.263157894736842
E00080556,108,39,10,29,69,61,8,36.11111111111111,9.25925925925926,26.851851851851855,63.888888888888886,56.481481481481474,7.4074074074074066
E00080557,198,50,12,38,148,131,17,25.252525252525253,6.0606060606060606,19.19191919191919,74.74747474747475,66.16161616161617,8.585858585858585
E00080558,163,51,16,35,112,95,17,31.28834355828221,9.815950920245399,21.472392638036812,68.71165644171779,58.282208588957054,10.429447852760736
E00080559,138,44,15,29,94,83,11,31.88405797101449,10.869565217391305,21.014492753623188,68.11594202898551,60.14492753623188,7.971014492753622
E00080560,173,45,18,27,128,115,13,26.011560693641616,10.404624277456648,15.606936416184972,73.98843930635837,66.47398843930635,7.514450867052023
E00080561,172,44,10,34,128,115,13,25.581395348837212,5.813953488372093,19.767441860465116,74.4186046511628,66.86046511627907,7.55813953488372
E00080562,90,33,10,23,57,49,8,36.666666666666664,11.11111111111111,25.555555555555554,63.33333333333333,54.44444444444444,8.88888888888889
E00080563,145,35,4,31,110,92,18,24.137931034482758,2.7586206896551726,21.379310344827587,75.86206896551724,63.44827586206897,12.413793103448276
E00080564,173,50,11,39,123,108,15,28.901734104046245,6.358381502890173,22.54335260115607,71.09826589595376,62.42774566473989,8.670520231213873
E00080565,115,34,11,23,81,71,10,29.565217391304348,9.565217391304348,20,70.43478260869566,61.73913043478261,8.695652173913043
E00080566,154,41,11,30,113,101,12,26.623376623376622,7.142857142857142,19.480519480519483,73.37662337662337,65.5844155844156,7.792207792207792
E00080567,164,49,12,37,115,91,24,29.878048780487802,7.317073170731707,22.5609756097561,70.1219512195122,55.487804878048784,14.634146341463413
E00080568,129,33,8,25,96,84,12,25.581395348837212,6.2015503875969,19.379844961240313,74.4186046511628,65.11627906976744,9.30232558139535
E00080569,130,40,17,23,90,80,10,30.76923076923077,13.076923076923078,17.692307692307693,69.23076923076923,61.53846153846154,7.6923076923076925
E00080570,132,39,19,20,93,80,13,29.545454545454547,14.393939393939394,15.151515151515152,70.45454545454545,60.60606060606061,9.848484848484848
E00080571,93,29,7,22,64,52,12,31.182795698924732,7.526881720430108,23.655913978494624,68.81720430107528,55.91397849462365,12.903225806451612
E00080572,165,40,14,26,125,104,21,24.242424242424242,8.484848484848486,15.757575757575756,75.75757575757575,63.030303030303024,12.727272727272727
E00080573,154,48,20,28,106,90,16,31.16883116883117,12.987012987012985,18.181818181818183,68.83116883116884,58.44155844155844,10.38961038961039
E00080574,149,56,19,37,93,79,14,37.58389261744966,12.751677852348994,24.832214765100673,62.41610738255034,53.02013422818792,9.395973154362416
E00080575,161,51,17,34,110,97,13,31.67701863354037,10.559006211180124,21.11801242236025,68.32298136645963,60.24844720496895,8.074534161490684
E00080576,164,35,15,20,129,117,12,21.341463414634145,9.146341463414634,12.195121951219512,78.65853658536585,71.34146341463415,7.317073170731707
E00080577,166,52,14,38,114,104,10,31.32530120481928,8.433734939759036,22.89156626506024,68.67469879518072,62.65060240963856,6.024096385542169
E00080578,171,43,15,28,128,107,21,25.146198830409354,8.771929824561402,16.374269005847953,74.85380116959064,62.57309941520468,12.280701754385964
E00080579,188,57,16,41,131,114,17,30.319148936170215,8.51063829787234,21.808510638297875,69.68085106382979,60.63829787234043,9.042553191489363
E00080580,103,33,12,21,70,59,11,32.038834951456316,11.650485436893204,20.388349514563107,67.96116504854369,57.28155339805825,10.679611650485436
E00080581,175,49,12,37,126,104,22,28.000000000000004,6.857142857142858,21.142857142857142,72,59.42857142857143,12.571428571428573
E00080582,167,54,24,30,113,97,16,32.33532934131736,14.37125748502994,17.964071856287426,67.66467065868264,58.08383233532935,9.580838323353294
E00080583,171,63,25,38,108,88,20,36.84210526315789,14.619883040935672,22.22222222222222,63.1578947368421,51.461988304093566,11.695906432748536
E00080584,187,58,16,42,129,120,9,31.016042780748666,8.55614973262032,22.459893048128343,68.98395721925134,64.171122994652407,4.81283422459893
E00080585,150,47,14,33,103,86,17,31.333333333333336,9.333333333333334,22,68.66666666666667,57.333333333333336,11.333333333333332
E00080586,126,48,15,33,78,65,13,38.095238095238095,11.904761904761903,26.190476190476193,61.904761904761905,51.587301587301596,10.317460317460316
E00080587,181,30,14,16,151,130,21,16.574585635359114,7.734806629834254,8.83977900552486,83.42541436464089,71.8232044198895,11.602209944751381
E00080588,155,46,14,32,109,83,26,29.677419354838708,9.032258064516128,20.64516129032258,70.3225806451613,53.5483870967742,16.7741935483871
E00080589,95,46,8,38,49,41,8,48.421052631578945,8.421052631578947,40,51.578947368421055,43.15789473684211,8.421052631578947
E00080590,46,15,7,8,31,28,3,32.608695652173914,15.217391304347828,17.391304347826086,67.3913043478261,60.86956521739131,6.521739130434782
E00080591,149,39,15,24,110,88,22,26.174496644295303,10.06711409395973,16.10738255033557,73.8255033557047,59.06040268456376,14.76510067114094
E00080592,176,48,19,29,128,110,18,27.27272727272727,10.795454545454545,16.477272727272727,72.72727272727273,62.5,10.227272727272728
E00080594,162,39,17,22,123,95,28,24.074074074074073,10.493827160493826,13.580246913580247,75.92592592592592,58.64197530864198,17.28395061728395
E00080596,131,42,15,27,89,75,14,32.06106870229007,11.450381679389313,20.610687022900763,67.93893129770993,57.25190839694656,10.687022900763358
E00080598,178,32,11,21,146,126,20,17.97752808988764,6.179775280898876,11.797752808988763,82.02247191011236,70.78651685393258,11.235955056179774
E00080600,183,48,19,29,135,117,18,26.229508196721312,10.382513661202186,15.846994535519126,73.77049180327869,63.934426229508205,9.836065573770492
E00080601,101,28,10,18,73,61,12,27.722772277227726,9.900990099009901,17.82178217821782,72.27722772277228,60.396039603960396,11.881188118811881
E00080602,71,11,1,10,60,49,11,15.492957746478872,1.4084507042253522,14.084507042253522,84.50704225352112,69.01408450704226,15.492957746478872
E00080603,121,26,8,18,95,84,11,21.487603305785125,6.6115702479338845,14.87603305785124,78.51239669421489,69.42148760330579,9.090909090909092
E00080604,200,52,24,28,148,117,31,26,12,14.000000000000002,74,58.5,15.5
E00080605,168,37,12,25,131,109,22,22.023809523809522,7.142857142857142,14.880952380952381,77.97619047619048,64.88095238095238,13.095238095238097
E00080607,181,49,22,27,132,107,25,27.071823204419886,12.154696132596685,14.917127071823206,72.92817679558011,59.11602209944752,13.812154696132598
E00080608,238,60,19,41,178,148,30,25.210084033613445,7.9831932773109235,17.22689075630252,74.78991596638656,62.18487394957983,12.605042016806722
E00080609,103,20,6,14,83,67,16,19.41747572815534,5.825242718446602,13.592233009708737,80.58252427184466,65.0485436893204,15.53398058252427
E00080610,214,58,23,35,156,126,30,27.102803738317753,10.74766355140187,16.355140186915886,72.89719626168224,58.87850467289719,14.018691588785046
E00080611,159,51,25,26,108,91,17,32.075471698113205,15.723270440251572,16.352201257861633,67.9245283018868,57.23270440251572,10.69182389937107
E00080612,126,34,8,26,92,74,18,26.984126984126984,6.349206349206349,20.634920634920633,73.01587301587301,58.730158730158735,14.285714285714285
E00080613,157,42,15,27,115,96,19,26.751592356687897,9.554140127388536,17.197452229299362,73.24840764331209,61.146496815286625,12.101910828025478
E00080614,139,38,17,21,101,87,14,27.33812949640288,12.23021582733813,15.107913669064748,72.66187050359713,62.589928057553955,10.071942446043165
E00080615,162,50,20,30,112,106,6,30.864197530864196,12.345679012345679,18.51851851851852,69.1358024691358,65.4320987654321,3.7037037037037033
E00080616,143,37,7,30,106,89,17,25.874125874125873,4.895104895104895,20.97902097902098,74.12587412587412,62.23776223776224,11.888111888111888
E00080617,170,55,23,32,115,82,33,32.35294117647059,13.529411764705882,18.823529411764707,67.64705882352942,48.23529411764706,19.411764705882355
E00080618,149,40,17,23,109,85,24,26.845637583892618,11.409395973154362,15.436241610738255,73.15436241610739,57.04697986577181,16.10738255033557
E00080619,163,43,13,30,120,104,16,26.380368098159508,7.975460122699387,18.404907975460123,73.61963190184049,63.80368098159509,9.815950920245399
E00080620,133,46,17,29,87,77,10,34.58646616541353,12.781954887218044,21.804511278195488,65.41353383458647,57.89473684210527,7.518796992481203
E00080621,158,42,11,31,116,93,23,26.582278481012654,6.962025316455696,19.62025316455696,73.41772151898735,58.86075949367089,14.556962025316455
E00080622,144,48,17,31,96,75,21,33.33333333333333,11.805555555555555,21.52777777777778,66.66666666666666,52.083333333333336,14.583333333333334
E00080623,122,35,16,19,87,77,10,28.688524590163933,13.114754098360656,15.573770491803279,71.31147540983606,63.114754098360656,8.19672131147541
E00080624,151,34,8,26,117,96,21,22.516556291390728,5.298013245033113,17.218543046357617,77.48344370860927,63.576158940397356,13.90728476821192
E00080625,179,48,23,25,131,102,29,26.81564245810056,12.849162011173185,13.966480446927374,73.18435754189943,56.98324022346368,16.201117318435752
E00080626,177,64,27,37,113,90,23,36.15819209039548,15.254237288135593,20.903954802259886,63.84180790960452,50.847457627118644,12.994350282485875
E00080627,154,50,19,31,104,85,19,32.467532467532465,12.337662337662337,20.12987012987013,67.53246753246754,55.1948051948052,12.337662337662337
E00080628,141,41,17,24,100,73,27,29.078014184397162,12.056737588652481,17.02127659574468,70.92198581560284,51.77304964539007,19.148936170212767
E00080629,121,32,5,27,89,80,9,26.446280991735538,4.132231404958678,22.31404958677686,73.55371900826447,66.11570247933885,7.43801652892562
E00080630,143,38,13,25,105,87,18,26.573426573426573,9.090909090909092,17.482517482517483,73.42657342657343,60.83916083916085,12.587412587412588
E00080631,195,64,33,31,131,111,20,32.82051282051282,16.923076923076923,15.897435897435896,67.17948717948717,56.92307692307692,10.256410256410255
E00080632,222,66,19,47,156,124,32,29.72972972972973,8.558558558558559,21.17117117117117,70.27027027027027,55.85585585585585,14.414414414414415
E00080633,196,48,14,34,148,118,30,24.489795918367346,7.142857142857142,17.346938775510203,75.51020408163265,60.204081632653065,15.306122448979592
E00080634,114,36,14,22,78,59,19,31.57894736842105,12.280701754385964,19.298245614035086,68.42105263157895,51.75438596491229,16.666666666666664
E00080635,243,53,24,29,190,159,31,21.810699588477366,9.876543209876543,11.934156378600823,78.18930041152264,65.4320987654321,12.757201646090536
E00080637,135,28,8,20,107,93,14,20.74074074074074,5.9259259259259265,14.814814814814813,79.25925925925927,68.88888888888889,10.37037037037037
E00080638,156,43,15,28,113,97,16,27.564102564102566,9.615384615384617,17.94871794871795,72.43589743589743,62.17948717948718,10.256410256410255
E00080639,152,42,17,25,110,90,20,27.631578947368425,11.18421052631579,16.447368421052634,72.36842105263158,59.210526315789465,13.157894736842104
E00080640,168,54,30,24,114,96,18,32.142857142857146,17.857142857142858,14.285714285714285,67.85714285714286,57.14285714285714,10.714285714285714
E00080641,156,39,13,26,117,105,12,25,8.333333333333332,16.666666666666664,75,67.3076923076923,7.6923076923076925
E00080642,148,52,16,36,96,87,9,35.13513513513514,10.81081081081081,24.324324324324326,64.86486486486487,58.78378378378378,6.081081081081082
E00080643,173,50,17,33,123,104,19,28.901734104046245,9.826589595375722,19.07514450867052,71.09826589595376,60.115606936416185,10.982658959537572
E00080645,156,42,10,32,114,102,12,26.923076923076923,6.41025641025641,20.51282051282051,73.07692307692307,65.38461538461539,7.6923076923076925
E00080646,67,22,6,16,45,40,5,32.83582089552239,8.955223880597014,23.88059701492537,67.16417910447761,59.70149253731343,7.462686567164178
E00080647,147,36,14,22,111,93,18,24.489795918367346,9.523809523809524,14.965986394557824,75.51020408163265,63.26530612244898,12.244897959183673
E00080648,185,34,12,22,151,130,21,18.37837837837838,6.486486486486487,11.891891891891893,81.62162162162161,70.27027027027027,11.351351351351353
E00080649,98,29,11,18,69,53,16,29.591836734693878,11.224489795918368,18.367346938775512,70.40816326530613,54.08163265306123,16.3265306122449
E00080650,251,57,21,36,194,170,24,22.709163346613543,8.366533864541832,14.342629482071715,77.29083665338645,67.729083665338635,9.56175298804781
E00080651,269,65,22,43,204,174,30,24.1635687732342,8.178438661710038,15.985130111524162,75.8364312267658,64.68401486988847,11.152416356877323
E00080653,141,34,15,19,107,88,19,24.113475177304963,10.638297872340425,13.47517730496454,75.88652482269504,62.4113475177305,13.47517730496454
E00080654,119,26,7,19,93,76,17,21.84873949579832,5.88235294117647,15.966386554621847,78.15126050420169,63.86554621848739,14.285714285714285
E00080655,143,45,13,32,98,91,7,31.46853146853147,9.090909090909092,22.377622377622377,68.53146853146853,63.63636363636363,4.895104895104895
E00080656,147,48,17,31,99,76,23,32.6530612244898,11.564625850340136,21.08843537414966,67.3469387755102,51.70068027210885,15.646258503401361
E00080657,233,47,22,25,186,159,27,20.171673819742487,9.44206008583691,10.72961373390558,79.82832618025752,68.24034334763948,11.587982832618025
E00080658,182,42,19,23,140,117,23,23.076923076923077,10.43956043956044,12.637362637362637,76.92307692307693,64.28571428571429,12.637362637362637
E00080659,91,34,17,17,57,49,8,37.362637362637365,18.681318681318682,18.681318681318682,62.637362637362635,53.84615384615385,8.791208791208792
E00080660,243,40,15,25,203,174,29,16.46090534979424,6.172839506172839,10.2880658436214,83.53909465020575,71.60493827160494,11.934156378600823
E00080661,198,52,16,36,146,130,16,26.262626262626267,8.080808080808081,18.181818181818183,73.73737373737373,65.65656565656566,8.080808080808081
E00080662,139,47,11,36,92,83,9,33.81294964028777,7.913669064748201,25.899280575539567,66.18705035971223,59.71223021582733,6.474820143884892
E00080663,117,46,11,35,71,60,11,39.31623931623932,9.401709401709402,29.914529914529915,60.68376068376068,51.28205128205128,9.401709401709402
E00080665,144,45,16,29,99,82,17,31.25,11.11111111111111,20.13888888888889,68.75,56.94444444444444,11.805555555555555
E00080666,187,39,14,25,148,118,30,20.855614973262032,7.4866310160427805,13.368983957219251,79.14438502673798,63.101604278074866,16.042780748663102
E00080667,197,54,17,37,143,122,21,27.411167512690355,8.629441624365482,18.781725888324875,72.58883248730965,61.92893401015228,10.65989847715736
E00080668,116,17,5,12,99,85,14,14.655172413793101,4.310344827586207,10.344827586206897,85.34482758620689,73.27586206896551,12.068965517241379
E00080669,263,58,20,38,205,168,37,22.0532319391635,7.604562737642586,14.44866920152091,77.9467680608365,63.87832699619772,14.068441064638785
E00080670,132,37,12,25,95,74,21,28.030303030303028,9.090909090909092,18.939393939393938,71.96969696969697,56.060606060606055,15.909090909090908
E00080671,158,35,12,23,123,112,11,22.151898734177212,7.59493670886076,14.556962025316455,77.84810126582279,70.88607594936708,6.962025316455696
E00080672,138,20,7,13,118,99,19,14.492753623188406,5.072463768115942,9.420289855072465,85.5072463768116,71.73913043478261,13.768115942028986
E00080673,202,53,22,31,149,125,24,26.237623762376238,10.891089108910892,15.346534653465346,73.76237623762376,61.88118811881188,11.881188118811881
E00080674,294,70,23,47,224,180,44,23.809523809523807,7.8231292517006805,15.98639455782313,76.19047619047619,61.224489795918366,14.965986394557824
E00080675,177,48,14,34,129,110,19,27.11864406779661,7.909604519774012,19.2090395480226,72.88135593220339,62.14689265536724,10.734463276836157
E00080676,156,53,27,26,103,96,7,33.97435897435898,17.307692307692307,16.666666666666664,66.02564102564102,61.53846153846154,4.487179487179487
E00080677,171,43,9,34,128,107,21,25.146198830409354,5.263157894736842,19.883040935672515,74.85380116959064,62.57309941520468,12.280701754385964
E00080679,203,54,13,41,149,121,28,26.60098522167488,6.403940886699508,20.19704433497537,73.39901477832512,59.60591133004927,13.793103448275861
E00080680,181,39,11,28,142,122,20,21.54696132596685,6.077348066298343,15.469613259668508,78.45303867403315,67.40331491712708,11.049723756906078
E00080681,186,60,21,39,126,103,23,32.25806451612903,11.29032258064516,20.967741935483872,67.74193548387096,55.376344086021504,12.365591397849462
E00080682,106,29,15,14,77,70,7,27.358490566037734,14.150943396226415,13.20754716981132,72.64150943396226,66.0377358490566,6.60377358490566
E00080683,314,81,27,54,233,200,33,25.796178343949045,8.598726114649681,17.197452229299362,74.20382165605095,63.69426751592356,10.509554140127388
E00080684,134,41,16,25,93,78,15,30.597014925373134,11.940298507462686,18.65671641791045,69.40298507462687,58.2089552238806,11.194029850746269
E00080685,168,55,21,34,113,97,16,32.73809523809524,12.5,20.238095238095237,67.26190476190477,57.738095238095234,9.523809523809524
E00080686,107,37,11,26,70,57,13,34.57943925233645,10.2803738317757,24.299065420560748,65.42056074766354,53.271028037383175,12.149532710280374
E00080687,199,58,20,38,141,123,18,29.145728643216078,10.050251256281408,19.09547738693467,70.85427135678391,61.80904522613066,9.045226130653267
E00080688,158,39,7,32,119,102,17,24.68354430379747,4.430379746835443,20.253164556962027,75.31645569620254,64.55696202531645,10.759493670886076
E00080689,121,33,11,22,88,83,5,27.27272727272727,9.090909090909092,18.181818181818183,72.72727272727273,68.59504132231406,4.132231404958678
E00080690,148,33,14,19,115,102,13,22.2972972972973,9.45945945945946,12.837837837837837,77.7027027027027,68.91891891891892,8.783783783783784
E00080691,170,49,22,27,121,106,15,28.823529411764703,12.941176470588237,15.88235294117647,71.17647058823529,62.35294117647059,8.823529411764707
E00080692,131,43,16,27,88,74,14,32.82442748091603,12.213740458015266,20.610687022900763,67.17557251908397,56.48854961832062,10.687022900763358
E00080693,12,2,1,1,10,9,1,16.666666666666664,8.333333333333332,8.333333333333332,83.33333333333334,75,8.333333333333332
E00080694,84,20,7,13,64,53,11,23.809523809523807,8.333333333333332,15.476190476190476,76.19047619047619,63.095238095238095,13.095238095238097
E00080695,175,46,18,28,129,110,19,26.285714285714285,10.285714285714285,16,73.71428571428571,62.857142857142854,10.857142857142858
E00080696,198,46,18,28,152,108,44,23.232323232323232,9.090909090909092,14.14141414141414,76.76767676767676,54.54545454545454,22.22222222222222
E00080697,165,40,12,28,125,108,17,24.242424242424242,7.2727272727272725,16.969696969696972,75.75757575757575,65.45454545454545,10.303030303030303
E00080698,169,60,15,45,109,95,14,35.50295857988166,8.875739644970414,26.627218934911244,64.49704142011834,56.213017751479285,8.284023668639055
E00080699,140,39,11,28,101,82,19,27.857142857142858,7.857142857142857,20,72.14285714285714,58.57142857142858,13.571428571428571
E00080700,148,41,18,23,107,97,10,27.7027027027027,12.162162162162163,15.54054054054054,72.2972972972973,65.54054054054053,6.756756756756757
E00080701,196,57,15,42,139,115,24,29.081632653061224,7.653061224489796,21.428571428571427,70.91836734693877,58.673469387755105,12.244897959183673
E00080702,246,48,17,31,198,171,27,19.51219512195122,6.910569105691057,12.601626016260163,80.48780487804879,69.51219512195121,10.975609756097562
E00080703,183,45,20,25,138,98,40,24.59016393442623,10.92896174863388,13.661202185792352,75.40983606557377,53.551912568306015,21.85792349726776
E00080704,148,31,11,20,117,96,21,20.945945945945947,7.4324324324324325,13.513513513513514,79.05405405405406,64.86486486486487,14.18918918918919
E00080705,226,53,18,35,173,146,27,23.451327433628318,7.964601769911504,15.486725663716813,76.54867256637168,64.60176991150442,11.946902654867257
E00080706,156,48,20,28,108,88,20,30.76923076923077,12.82051282051282,17.94871794871795,69.23076923076923,56.41025641025641,12.82051282051282
E00080707,180,50,7,43,130,109,21,27.77777777777778,3.888888888888889,23.88888888888889,72.22222222222221,60.55555555555555,11.666666666666666
E00080708,186,49,23,26,137,120,17,26.344086021505376,12.365591397849462,13.978494623655912,73.65591397849462,64.51612903225806,9.13978494623656
E00080709,248,69,23,46,179,155,24,27.82258064516129,9.274193548387096,18.548387096774192,72.17741935483872,62.5,9.67741935483871
E00080710,144,42,7,35,102,87,15,29.166666666666668,4.861111111111112,24.305555555555554,70.83333333333334,60.416666666666664,10.416666666666668
E00080711,147,33,4,29,114,92,22,22.448979591836736,2.7210884353741496,19.727891156462583,77.55102040816327,62.585034013605444,14.965986394557824
E00080712,171,40,16,24,131,107,24,23.391812865497073,9.35672514619883,14.035087719298245,76.60818713450293,62.57309941520468,14.035087719298245
E00080713,170,45,14,31,125,101,24,26.47058823529412,8.235294117647058,18.235294117647058,73.52941176470588,59.411764705882355,14.117647058823529
E00080714,122,38,8,30,84,67,17,31.147540983606557,6.557377049180328,24.59016393442623,68.85245901639344,54.91803278688525,13.934426229508196
E00080715,124,38,10,28,86,76,10,30.64516129032258,8.064516129032258,22.58064516129032,69.35483870967742,61.29032258064516,8.064516129032258
E00080716,166,49,14,35,117,95,22,29.518072289156628,8.433734939759036,21.084337349397593,70.48192771084338,57.22891566265061,13.253012048192772
E00080717,149,40,14,26,109,98,11,26.845637583892618,9.395973154362416,17.449664429530202,73.15436241610739,65.77181208053692,7.38255033557047
E00080718,117,30,10,20,87,70,17,25.64102564102564,8.547008547008547,17.094017094017094,74.35897435897436,59.82905982905983,14.529914529914532
E00080719,176,60,17,43,116,105,11,34.090909090909086,9.659090909090908,24.431818181818183,65.9090909090909,59.65909090909091,6.25
E00080720,113,35,10,25,78,69,9,30.973451327433626,8.849557522123893,22.123893805309734,69.02654867256636,61.06194690265486,7.964601769911504
E00080721,149,42,17,25,107,89,18,28.187919463087248,11.409395973154362,16.778523489932887,71.81208053691275,59.73154362416108,12.080536912751679
E00080722,74,37,9,28,37,34,3,50,12.162162162162163,37.83783783783784,50,45.94594594594595,4.054054054054054
E00080723,143,34,12,22,109,99,10,23.776223776223777,8.391608391608392,15.384615384615385,76.22377622377621,69.23076923076923,6.993006993006993
E00080724,127,38,15,23,89,74,15,29.92125984251969,11.811023622047244,18.11023622047244,70.07874015748031,58.26771653543307,11.811023622047244
E00080725,158,55,24,31,103,82,21,34.810126582278485,15.18987341772152,19.62025316455696,65.18987341772153,51.89873417721519,13.291139240506327
E00080726,288,73,25,48,215,177,38,25.34722222222222,8.680555555555555,16.666666666666664,74.65277777777779,61.458333333333336,13.194444444444445
E00080727,203,49,20,29,154,128,26,24.137931034482758,9.852216748768473,14.285714285714285,75.86206896551724,63.05418719211823,12.807881773399016
E00080728,169,49,9,40,120,105,15,28.994082840236686,5.325443786982249,23.668639053254438,71.00591715976331,62.1301775147929,8.875739644970414
E00080729,180,47,13,34,133,109,24,26.111111111111114,7.222222222222221,18.88888888888889,73.88888888888889,60.55555555555555,13.333333333333334
E00080730,101,31,11,20,70,66,4,30.693069306930692,10.891089108910892,19.801980198019802,69.3069306930693,65.34653465346535,3.9603960396039604
E00080732,145,43,15,28,102,85,17,29.655172413793103,10.344827586206897,19.310344827586206,70.34482758620689,58.620689655172406,11.724137931034482
E00080733,171,45,11,34,126,116,10,26.31578947368421,6.432748538011696,19.883040935672515,73.68421052631578,67.83625730994152,5.847953216374268
E00080734,170,54,25,29,116,90,26,31.76470588235294,14.705882352941178,17.058823529411764,68.23529411764706,52.94117647058824,15.294117647058824
E00080735,177,39,18,21,138,108,30,22.033898305084744,10.16949152542373,11.864406779661017,77.96610169491525,61.016949152542374,16.94915254237288
E00080736,55,13,2,11,42,35,7,23.636363636363637,3.6363636363636362,20,76.36363636363637,63.63636363636363,12.727272727272727
E00080737,171,44,12,32,127,106,21,25.730994152046783,7.017543859649122,18.71345029239766,74.26900584795322,61.98830409356725,12.280701754385964
E00080738,146,42,13,29,104,78,26,28.767123287671232,8.904109589041095,19.863013698630137,71.23287671232876,53.42465753424658,17.80821917808219
E00080739,138,24,13,11,114,101,13,17.391304347826086,9.420289855072465,7.971014492753622,82.6086956521739,73.18840579710145,9.420289855072465
E00080740,124,34,12,22,90,71,19,27.419354838709676,9.67741935483871,17.741935483870968,72.58064516129032,57.25806451612904,15.32258064516129
E00080741,190,46,18,28,144,117,27,24.210526315789473,9.473684210526317,14.736842105263156,75.78947368421053,61.578947368421055,14.210526315789473
E00080742,222,70,24,46,152,117,35,31.53153153153153,10.81081081081081,20.72072072072072,68.46846846846847,52.702702702702695,15.765765765765765
E00080743,186,35,9,26,151,127,24,18.817204301075268,4.838709677419355,13.978494623655912,81.18279569892472,68.27956989247312,12.903225806451612
E00080744,161,39,12,27,122,105,17,24.22360248447205,7.453416149068323,16.77018633540373,75.77639751552795,65.21739130434783,10.559006211180124
E00080745,96,28,13,15,68,57,11,29.166666666666668,13.541666666666666,15.625,70.83333333333334,59.375,11.458333333333332
E00080746,190,71,30,41,119,98,21,37.368421052631575,15.789473684210526,21.578947368421055,62.63157894736842,51.578947368421055,11.052631578947368
E00080747,157,50,24,26,107,92,15,31.84713375796178,15.286624203821656,16.560509554140125,68.15286624203821,58.59872611464968,9.554140127388536
E00080748,179,49,15,34,130,111,19,27.37430167597765,8.379888268156424,18.994413407821227,72.62569832402235,62.01117318435754,10.614525139664805
E00080749,167,38,11,27,129,104,25,22.75449101796407,6.58682634730539,16.16766467065868,77.24550898203593,62.27544910179641,14.97005988023952
E00080750,173,46,14,32,127,103,24,26.589595375722542,8.092485549132949,18.497109826589593,73.41040462427746,59.53757225433526,13.872832369942195
E00080751,171,55,14,41,116,97,19,32.16374269005848,8.187134502923977,23.976608187134502,67.83625730994152,56.72514619883041,11.11111111111111
E00080752,176,39,14,25,137,119,18,22.15909090909091,7.954545454545454,14.204545454545455,77.8409090909091,67.61363636363636,10.227272727272728
E00080753,98,34,10,24,64,53,11,34.69387755102041,10.204081632653061,24.489795918367346,65.3061224489796,54.08163265306123,11.224489795918368
E00080754,139,44,18,26,95,85,10,31.654676258992804,12.949640287769784,18.705035971223023,68.34532374100719,61.15107913669065,7.1942446043165464
E00080755,142,40,19,21,102,84,18,28.169014084507044,13.380281690140844,14.788732394366196,71.83098591549296,59.154929577464785,12.676056338028168
E00080756,160,46,20,26,114,99,15,28.749999999999996,12.5,16.25,71.25,61.875,9.375
E00080758,162,43,17,26,119,101,18,26.543209876543212,10.493827160493826,16.049382716049383,73.4567901234568,62.34567901234568,11.11111111111111
E00080759,167,40,13,27,127,98,29,23.952095808383234,7.784431137724551,16.16766467065868,76.04790419161677,58.68263473053892,17.365269461077844
E00080761,165,41,12,29,124,107,17,24.848484848484848,7.2727272727272725,17.575757575757574,75.15151515151514,64.84848484848484,10.303030303030303
E00080762,172,49,12,37,123,107,16,28.488372093023255,6.976744186046512,21.511627906976745,71.51162790697676,62.2093023255814,9.30232558139535
E00080763,179,57,15,42,122,112,10,31.843575418994412,8.379888268156424,23.463687150837988,68.15642458100558,62.56983240223464,5.58659217877095
E00080764,134,32,14,18,102,95,7,23.88059701492537,10.44776119402985,13.432835820895523,76.11940298507463,70.8955223880597,5.223880597014925
E00080765,217,50,19,31,167,143,24,23.04147465437788,8.755760368663594,14.285714285714285,76.95852534562212,65.89861751152074,11.059907834101383
E00080766,196,55,19,36,141,126,15,28.061224489795915,9.693877551020408,18.367346938775512,71.93877551020408,64.28571428571429,7.653061224489796
E00080767,127,35,11,24,92,80,12,27.559055118110237,8.661417322834646,18.89763779527559,72.44094488188976,62.99212598425197,9.448818897637794
E00080768,126,38,9,29,88,79,9,30.158730158730158,7.142857142857142,23.015873015873016,69.84126984126983,62.698412698412696,7.142857142857142
E00080769,134,50,24,26,84,67,17,37.3134328358209,17.91044776119403,19.402985074626866,62.68656716417911,50,12.686567164179104
E00080770,214,64,25,39,150,128,22,29.906542056074763,11.682242990654206,18.22429906542056,70.09345794392523,59.813084112149525,10.2803738317757
E00080771,180,54,14,40,126,102,24,30,7.777777777777778,22.22222222222222,70,56.666666666666664,13.333333333333334
E00080772,123,30,6,24,93,81,12,24.390243902439025,4.878048780487805,19.51219512195122,75.60975609756098,65.85365853658537,9.75609756097561
E00080773,108,29,10,19,79,66,13,26.851851851851855,9.25925925925926,17.59259259259259,73.14814814814815,61.111111111111114,12.037037037037036
E00080774,125,40,12,28,85,75,10,32,9.6,22.400000000000002,68,60,8
E00080775,109,30,12,18,79,71,8,27.522935779816514,11.009174311926607,16.51376146788991,72.47706422018348,65.13761467889908,7.339449541284404
E00080776,161,45,15,30,116,96,20,27.95031055900621,9.316770186335404,18.633540372670808,72.04968944099379,59.62732919254658,12.422360248447205
E00080777,92,28,11,17,64,60,4,30.434782608695656,11.956521739130435,18.478260869565215,69.56521739130434,65.21739130434783,4.3478260869565215
E00080778,164,44,13,31,120,98,22,26.82926829268293,7.926829268292683,18.902439024390244,73.17073170731707,59.756097560975604,13.414634146341465
E00080779,138,29,9,20,109,99,10,21.014492753623188,6.521739130434782,14.492753623188406,78.98550724637681,71.73913043478261,7.246376811594203
E00080780,163,43,17,26,120,103,17,26.380368098159508,10.429447852760736,15.950920245398773,73.61963190184049,63.190184049079754,10.429447852760736
E00080781,168,53,19,34,115,99,16,31.547619047619047,11.30952380952381,20.238095238095237,68.45238095238095,58.92857142857143,9.523809523809524
E00080782,134,36,12,24,98,83,15,26.865671641791046,8.955223880597014,17.91044776119403,73.13432835820896,61.940298507462686,11.194029850746269
E00080783,146,39,15,24,107,95,12,26.71232876712329,10.273972602739725,16.43835616438356,73.28767123287672,65.06849315068493,8.21917808219178
E00080784,135,37,14,23,98,88,10,27.40740740740741,10.37037037037037,17.037037037037038,72.5925925925926,65.18518518518519,7.4074074074074066
E00080785,176,50,24,26,126,93,33,28.40909090909091,13.636363636363635,14.772727272727273,71.5909090909091,52.84090909090909,18.75
E00080786,209,53,17,36,156,130,26,25.358851674641148,8.133971291866029,17.22488038277512,74.64114832535886,62.20095693779905,12.440191387559809
E00080787,169,53,27,26,116,87,29,31.360946745562128,15.976331360946746,15.384615384615385,68.63905325443787,51.4792899408284,17.159763313609467
E00080788,100,31,12,19,69,55,14,31,12,19,69,55.00000000000001,14.000000000000002
E00080789,153,44,24,20,109,70,39,28.75816993464052,15.686274509803921,13.071895424836603,71.24183006535948,45.751633986928105,25.49019607843137
E00080791,254,65,27,38,189,153,36,25.590551181102363,10.62992125984252,14.960629921259844,74.40944881889764,60.23622047244095,14.173228346456693
E00080793,234,57,20,37,177,150,27,24.358974358974358,8.547008547008547,15.81196581196581,75.64102564102564,64.1025641025641,11.538461538461538
E00080794,183,47,22,25,136,112,24,25.683060109289617,12.021857923497267,13.661202185792352,74.31693989071039,61.20218579234973,13.114754098360656
E00080795,161,49,27,22,112,83,29,30.434782608695656,16.77018633540373,13.664596273291925,69.56521739130434,51.5527950310559,18.012422360248447
E00080796,175,49,13,36,126,90,36,28.000000000000004,7.428571428571429,20.57142857142857,72,51.42857142857142,20.57142857142857
E00080797,247,60,28,32,187,148,39,24.291497975708502,11.336032388663968,12.955465587044534,75.7085020242915,59.91902834008097,15.789473684210526
E00080798,150,46,17,29,104,90,14,30.666666666666664,11.333333333333332,19.333333333333332,69.33333333333334,60,9.333333333333334
E00080799,132,44,17,27,88,71,17,33.33333333333333,12.878787878787879,20.454545454545457,66.66666666666666,53.78787878787878,12.878787878787879
E00080800,148,48,17,31,100,83,17,32.432432432432435,11.486486486486488,20.945945945945947,67.56756756756756,56.08108108108109,11.486486486486488
E00080801,132,41,17,24,91,74,17,31.060606060606062,12.878787878787879,18.181818181818183,68.93939393939394,56.060606060606055,12.878787878787879
E00080802,206,51,20,31,155,137,18,24.75728155339806,9.70873786407767,15.048543689320388,75.24271844660194,66.50485436893204,8.737864077669903
E00080803,263,67,27,40,196,166,30,25.475285171102662,10.26615969581749,15.209125475285171,74.52471482889734,63.11787072243346,11.406844106463879
E00080805,252,54,17,37,198,172,26,21.428571428571427,6.746031746031746,14.682539682539684,78.57142857142857,68.25396825396825,10.317460317460316
E00080807,186,45,9,36,141,124,17,24.193548387096776,4.838709677419355,19.35483870967742,75.80645161290323,66.66666666666666,9.13978494623656
E00080809,221,45,17,28,176,158,18,20.361990950226243,7.6923076923076925,12.669683257918551,79.63800904977376,71.49321266968326,8.144796380090497
E00080810,280,75,28,47,205,174,31,26.785714285714285,10,16.785714285714285,73.21428571428571,62.142857142857146,11.071428571428571
E00080812,140,45,21,24,95,82,13,32.142857142857146,15,17.142857142857142,67.85714285714286,58.57142857142858,9.285714285714286
E00080813,159,41,18,23,118,91,27,25.78616352201258,11.320754716981133,14.465408805031446,74.21383647798741,57.23270440251572,16.9811320754717
E00080814,143,36,12,24,107,89,18,25.174825174825177,8.391608391608392,16.783216783216783,74.82517482517483,62.23776223776224,12.587412587412588
E00080815,130,36,13,23,94,80,14,27.692307692307693,10,17.692307692307693,72.3076923076923,61.53846153846154,10.76923076923077
E00080816,137,40,10,30,97,80,17,29.1970802919708,7.2992700729927,21.897810218978105,70.8029197080292,58.3941605839416,12.408759124087592
E00080817,165,46,18,28,119,100,19,27.878787878787882,10.909090909090908,16.969696969696972,72.12121212121212,60.60606060606061,11.515151515151516
E00080818,163,48,11,37,115,97,18,29.447852760736197,6.748466257668712,22.699386503067483,70.5521472392638,59.50920245398773,11.042944785276074
E00080819,158,47,17,30,111,96,15,29.746835443037973,10.759493670886076,18.9873417721519,70.25316455696202,60.75949367088608,9.49367088607595
E00080820,137,39,11,28,98,85,13,28.467153284671532,8.02919708029197,20.437956204379564,71.53284671532847,62.04379562043796,9.48905109489051
E00080821,106,27,6,21,79,63,16,25.471698113207548,5.660377358490567,19.81132075471698,74.52830188679245,59.43396226415094,15.09433962264151
E00080822,97,28,12,16,69,58,11,28.865979381443296,12.371134020618557,16.49484536082474,71.1340206185567,59.79381443298969,11.34020618556701
E00080823,77,25,7,18,52,38,14,32.467532467532465,9.090909090909092,23.376623376623375,67.53246753246754,49.35064935064935,18.181818181818183
E00080824,102,22,7,15,80,69,11,21.568627450980394,6.862745098039216,14.705882352941178,78.43137254901961,67.64705882352942,10.784313725490197
E00080825,174,54,17,37,120,103,17,31.03448275862069,9.770114942528735,21.26436781609195,68.96551724137932,59.195402298850574,9.770114942528735
E00080826,101,20,8,12,81,70,11,19.801980198019802,7.920792079207921,11.881188118811881,80.19801980198021,69.3069306930693,10.891089108910892
E00080827,127,31,12,19,96,87,9,24.409448818897637,9.448818897637794,14.960629921259844,75.59055118110236,68.50393700787401,7.086614173228346
E00080828,160,40,10,30,120,98,22,25,6.25,18.75,75,61.25000000000001,13.750000000000002
E00080829,139,39,14,25,100,81,19,28.05755395683453,10.071942446043165,17.985611510791365,71.94244604316546,58.27338129496403,13.66906474820144
E00080830,144,47,18,29,97,79,18,32.63888888888889,12.5,20.13888888888889,67.36111111111111,54.861111111111114,12.5
E00080831,81,32,10,22,49,41,8,39.50617283950617,12.345679012345679,27.160493827160494,60.49382716049383,50.617283950617285,9.876543209876543
E00080832,180,58,25,33,122,94,28,32.22222222222222,13.88888888888889,18.333333333333332,67.77777777777779,52.22222222222223,15.555555555555555
E00080833,161,46,18,28,115,108,7,28.57142857142857,11.180124223602485,17.391304347826086,71.42857142857143,67.08074534161491,4.3478260869565215
E00080834,117,42,19,23,75,62,13,35.8974358974359,16.23931623931624,19.65811965811966,64.1025641025641,52.991452991452995,11.11111111111111
E00080835,114,36,13,23,78,72,6,31.57894736842105,11.403508771929824,20.175438596491226,68.42105263157895,63.1578947368421,5.263157894736842
E00080836,53,21,8,13,32,26,6,39.62264150943396,15.09433962264151,24.528301886792452,60.37735849056604,49.056603773584904,11.320754716981133
E00080837,93,25,10,15,68,61,7,26.881720430107524,10.75268817204301,16.129032258064516,73.11827956989248,65.59139784946237,7.526881720430108
E00080838,156,41,18,23,115,92,23,26.282051282051285,11.538461538461538,14.743589743589745,73.71794871794873,58.97435897435898,14.743589743589745
E00080839,131,36,15,21,95,82,13,27.480916030534353,11.450381679389313,16.030534351145036,72.51908396946564,62.59541984732825,9.923664122137405
E00080840,139,39,12,27,100,81,19,28.05755395683453,8.633093525179856,19.424460431654676,71.94244604316546,58.27338129496403,13.66906474820144
E00080841,151,38,12,26,113,106,7,25.165562913907287,7.9470198675496695,17.218543046357617,74.83443708609272,70.19867549668875,4.635761589403973
E00080842,144,25,10,15,119,99,20,17.36111111111111,6.944444444444445,10.416666666666668,82.63888888888889,68.75,13.88888888888889
E00080843,186,49,20,29,137,117,20,26.344086021505376,10.75268817204301,15.591397849462366,73.65591397849462,62.903225806451616,10.75268817204301
E00080844,195,58,17,41,137,110,27,29.743589743589745,8.717948717948717,21.025641025641026,70.25641025641025,56.41025641025641,13.846153846153847
E00080845,156,38,15,23,118,109,9,24.358974358974358,9.615384615384617,14.743589743589745,75.64102564102564,69.87179487179486,5.769230769230769
E00080846,186,48,18,30,138,118,20,25.806451612903224,9.67741935483871,16.129032258064516,74.19354838709677,63.44086021505376,10.75268817204301
E00080847,262,78,25,53,184,157,27,29.770992366412212,9.541984732824428,20.229007633587788,70.22900763358778,59.92366412213741,10.305343511450381
E00080848,142,36,17,19,106,93,13,25.352112676056336,11.971830985915492,13.380281690140844,74.64788732394366,65.49295774647888,9.15492957746479
E00080849,162,38,10,28,124,114,10,23.456790123456788,6.172839506172839,17.28395061728395,76.5432098765432,70.37037037037037,6.172839506172839
E00080851,213,54,19,35,159,128,31,25.352112676056336,8.92018779342723,16.431924882629108,74.64788732394366,60.093896713615024,14.553990610328638
E00080852,188,68,27,41,120,101,19,36.17021276595745,14.361702127659576,21.808510638297875,63.829787234042556,53.72340425531915,10.106382978723403
E00080853,136,29,12,17,107,88,19,21.323529411764707,8.823529411764707,12.5,78.67647058823529,64.70588235294117,13.970588235294118
E00080854,157,44,15,29,113,97,16,28.02547770700637,9.554140127388536,18.471337579617835,71.97452229299363,61.78343949044586,10.191082802547772
E00080855,190,48,17,31,142,110,32,25.263157894736842,8.947368421052632,16.315789473684212,74.73684210526315,57.89473684210527,16.842105263157894
E00080856,167,44,13,31,123,95,28,26.34730538922156,7.784431137724551,18.562874251497004,73.65269461077844,56.886227544910184,16.766467065868262
E00080857,133,34,11,23,99,78,21,25.563909774436087,8.270676691729323,17.293233082706767,74.43609022556392,58.64661654135338,15.789473684210526
E00080858,134,42,16,26,92,78,14,31.343283582089555,11.940298507462686,19.402985074626866,68.65671641791045,58.2089552238806,10.44776119402985
E00080859,194,64,24,40,130,111,19,32.98969072164948,12.371134020618557,20.618556701030926,67.0103092783505,57.21649484536082,9.793814432989691
E00080860,103,28,10,18,75,60,15,27.184466019417474,9.70873786407767,17.475728155339805,72.81553398058253,58.252427184466015,14.563106796116504
E00080861,149,44,19,25,105,95,10,29.53020134228188,12.751677852348994,16.778523489932887,70.46979865771812,63.758389261744966,6.7114093959731544
E00080862,160,47,21,26,113,86,27,29.375,13.125,16.25,70.625,53.75,16.875
E00080863,131,38,11,27,93,71,22,29.00763358778626,8.396946564885496,20.610687022900763,70.99236641221374,54.19847328244275,16.793893129770993
E00080864,134,45,11,34,89,77,12,33.582089552238806,8.208955223880597,25.37313432835821,66.4179104477612,57.46268656716418,8.955223880597014
E00080865,207,59,27,32,148,117,31,28.502415458937197,13.043478260869565,15.458937198067632,71.49758454106279,56.52173913043478,14.975845410628018
E00080866,190,49,12,37,141,113,28,25.789473684210527,6.315789473684211,19.473684210526315,74.21052631578947,59.473684210526315,14.736842105263156
E00080867,175,56,12,44,119,104,15,32,6.857142857142858,25.142857142857146,68,59.42857142857143,8.571428571428571
E00080868,163,49,14,35,114,96,18,30.061349693251532,8.588957055214724,21.472392638036812,69.93865030674846,58.895705521472394,11.042944785276074
E00080869,157,41,7,34,116,98,18,26.11464968152866,4.45859872611465,21.656050955414013,73.88535031847134,62.42038216560509,11.464968152866243
E00080870,158,39,15,24,119,101,18,24.68354430379747,9.49367088607595,15.18987341772152,75.31645569620254,63.92405063291139,11.39240506329114
E00080871,175,48,19,29,127,105,22,27.42857142857143,10.857142857142858,16.57142857142857,72.57142857142857,60,12.571428571428573
E00080872,128,50,17,33,78,68,10,39.0625,13.28125,25.78125,60.9375,53.125,7.8125
E00080873,77,33,10,23,44,40,4,42.857142857142854,12.987012987012985,29.87012987012987,57.14285714285714,51.94805194805194,5.194805194805195
E00080874,85,24,10,14,61,52,9,28.235294117647058,11.76470588235294,16.470588235294116,71.76470588235294,61.1764705882353,10.588235294117647
E00080875,141,36,13,23,105,91,14,25.53191489361702,9.219858156028367,16.312056737588655,74.46808510638297,64.53900709219859,9.929078014184398
E00080876,171,52,19,33,119,100,19,30.409356725146196,11.11111111111111,19.298245614035086,69.5906432748538,58.47953216374269,11.11111111111111
E00080877,165,49,18,31,116,91,25,29.6969696969697,10.909090909090908,18.787878787878785,70.3030303030303,55.15151515151515,15.151515151515152
E00080878,174,52,18,34,122,106,16,29.88505747126437,10.344827586206897,19.54022988505747,70.11494252873564,60.91954022988506,9.195402298850574
E00080879,158,41,9,32,117,94,23,25.949367088607595,5.69620253164557,20.253164556962027,74.0506329113924,59.49367088607595,14.556962025316455
E00080880,148,46,22,24,102,87,15,31.08108108108108,14.864864864864865,16.216216216216218,68.91891891891892,58.78378378378378,10.135135135135135
E00080881,187,50,13,37,137,113,24,26.737967914438503,6.951871657754011,19.786096256684495,73.2620320855615,60.42780748663101,12.834224598930483
E00080882,174,39,11,28,135,125,10,22.413793103448278,6.321839080459771,16.091954022988507,77.58620689655173,71.83908045977012,5.747126436781609
E00080883,139,41,11,30,98,85,13,29.496402877697843,7.913669064748201,21.58273381294964,70.50359712230215,61.15107913669065,9.352517985611511
E00080884,164,52,18,34,112,89,23,31.70731707317073,10.975609756097562,20.73170731707317,68.29268292682927,54.268292682926834,14.02439024390244
E00080885,122,41,13,28,81,66,15,33.60655737704918,10.655737704918032,22.950819672131146,66.39344262295081,54.09836065573771,12.295081967213115
E00080886,160,46,17,29,114,95,19,28.749999999999996,10.625,18.125,71.25,59.375,11.875
E00080887,196,41,10,31,155,130,25,20.918367346938776,5.1020408163265305,15.816326530612246,79.08163265306123,66.3265306122449,12.755102040816327
E00080888,163,41,12,29,122,100,22,25.153374233128833,7.361963190184049,17.791411042944784,74.84662576687117,61.34969325153374,13.496932515337424
E00080889,149,41,16,25,108,90,18,27.516778523489933,10.738255033557047,16.778523489932887,72.48322147651007,60.40268456375839,12.080536912751679
E00080890,166,38,10,28,128,99,29,22.89156626506024,6.024096385542169,16.867469879518072,77.10843373493977,59.63855421686747,17.46987951807229
E00080891,150,39,22,17,111,97,14,26,14.666666666666666,11.333333333333332,74,64.66666666666666,9.333333333333334
E00080892,116,34,8,26,82,66,16,29.310344827586203,6.896551724137931,22.413793103448278,70.6896551724138,56.896551724137936,13.793103448275861
E00080893,111,35,14,21,76,68,8,31.53153153153153,12.612612612612612,18.91891891891892,68.46846846846847,61.261261261261254,7.207207207207207
E00080894,135,44,16,28,91,70,21,32.592592592592595,11.851851851851853,20.74074074074074,67.4074074074074,51.85185185185185,15.555555555555555
E00080895,180,41,13,28,139,118,21,22.77777777777778,7.222222222222221,15.555555555555555,77.22222222222223,65.55555555555556,11.666666666666666
E00080896,192,54,14,40,138,120,18,28.125,7.291666666666667,20.833333333333336,71.875,62.5,9.375
E00080897,171,42,18,24,129,106,23,24.561403508771928,10.526315789473683,14.035087719298245,75.43859649122807,61.98830409356725,13.450292397660817
E00080898,138,46,17,29,92,78,14,33.33333333333333,12.318840579710146,21.014492753623188,66.66666666666666,56.52173913043478,10.144927536231885
E00080899,171,54,16,38,117,102,15,31.57894736842105,9.35672514619883,22.22222222222222,68.42105263157895,59.64912280701754,8.771929824561402
E00080900,204,50,18,32,154,132,22,24.509803921568626,8.823529411764707,15.686274509803921,75.49019607843137,64.70588235294117,10.784313725490197
E00080901,171,54,23,31,117,92,25,31.57894736842105,13.450292397660817,18.128654970760234,68.42105263157895,53.80116959064327,14.619883040935672
E00080902,181,48,19,29,133,106,27,26.519337016574585,10.497237569060774,16.022099447513813,73.48066298342542,58.5635359116022,14.917127071823206
E00080903,129,29,8,21,100,86,14,22.48062015503876,6.2015503875969,16.27906976744186,77.51937984496125,66.66666666666666,10.852713178294573
E00080904,161,50,20,30,111,97,14,31.05590062111801,12.422360248447205,18.633540372670808,68.94409937888199,60.24844720496895,8.695652173913043
E00080905,146,45,14,31,101,82,19,30.82191780821918,9.58904109589041,21.232876712328768,69.17808219178082,56.16438356164384,13.013698630136986
E00080906,143,38,12,26,105,94,11,26.573426573426573,8.391608391608392,18.181818181818183,73.42657342657343,65.73426573426573,7.6923076923076925
E00080907,175,45,13,32,130,114,16,25.71428571428571,7.428571428571429,18.285714285714285,74.28571428571429,65.14285714285715,9.142857142857142
E00080908,175,46,15,31,129,107,22,26.285714285714285,8.571428571428571,17.71428571428571,73.71428571428571,61.142857142857146,12.571428571428573
E00080909,190,67,20,47,123,98,25,35.26315789473684,10.526315789473683,24.736842105263158,64.73684210526316,51.578947368421055,13.157894736842104
E00080910,169,41,14,27,128,110,18,24.2603550295858,8.284023668639055,15.976331360946746,75.7396449704142,65.08875739644971,10.650887573964498
E00080911,150,39,11,28,111,98,13,26,7.333333333333333,18.666666666666668,74,65.33333333333333,8.666666666666668
E00080912,132,35,8,27,97,87,10,26.515151515151516,6.0606060606060606,20.454545454545457,73.48484848484848,65.9090909090909,7.575757575757576
E00080914,147,55,12,43,92,74,18,37.41496598639456,8.16326530612245,29.25170068027211,62.585034013605444,50.34013605442177,12.244897959183673
E00080915,157,28,9,19,129,112,17,17.8343949044586,5.7324840764331215,12.101910828025478,82.16560509554141,71.3375796178344,10.828025477707007
E00080916,181,53,23,30,128,106,22,29.2817679558011,12.70718232044199,16.574585635359114,70.71823204419888,58.5635359116022,12.154696132596685
E00080917,142,39,14,25,103,90,13,27.464788732394368,9.859154929577464,17.6056338028169,72.53521126760563,63.38028169014085,9.15492957746479
E00080918,84,45,10,35,39,30,9,53.57142857142857,11.904761904761903,41.66666666666667,46.42857142857143,35.714285714285715,10.714285714285714
E00080919,135,29,8,21,106,90,16,21.48148148148148,5.9259259259259265,15.555555555555555,78.51851851851852,66.66666666666666,11.851851851851853
E00080920,150,53,16,37,97,77,20,35.333333333333336,10.666666666666668,24.666666666666668,64.66666666666666,51.33333333333333,13.333333333333334
E00080921,302,56,16,40,246,192,54,18.543046357615893,5.298013245033113,13.245033112582782,81.45695364238411,63.576158940397356,17.880794701986755
E00080922,115,31,8,23,84,69,15,26.956521739130434,6.956521739130435,20,73.04347826086956,60,13.043478260869565
E00080923,294,67,21,46,227,178,49,22.789115646258505,7.142857142857142,15.646258503401361,77.21088435374149,60.544217687074834,16.666666666666664
E00080924,144,31,9,22,113,95,18,21.52777777777778,6.25,15.277777777777779,78.47222222222221,65.97222222222221,12.5
E00080925,165,45,20,25,120,98,22,27.27272727272727,12.121212121212121,15.151515151515152,72.72727272727273,59.3939393939394,13.333333333333334
E00080926,138,38,14,24,100,85,15,27.536231884057973,10.144927536231885,17.391304347826086,72.46376811594203,61.59420289855072,10.869565217391305
E00080927,158,45,12,33,113,94,19,28.48101265822785,7.59493670886076,20.88607594936709,71.51898734177216,59.49367088607595,12.025316455696203
E00080928,156,34,12,22,122,103,19,21.794871794871796,7.6923076923076925,14.102564102564102,78.2051282051282,66.02564102564102,12.179487179487179
E00080929,196,77,25,52,119,101,18,39.285714285714285,12.755102040816327,26.53061224489796,60.71428571428571,51.53061224489795,9.183673469387756
E00080931,158,41,11,30,117,93,24,25.949367088607595,6.962025316455696,18.9873417721519,74.0506329113924,58.86075949367089,15.18987341772152
E00080932,172,47,12,35,125,110,15,27.325581395348834,6.976744186046512,20.348837209302324,72.67441860465115,63.95348837209303,8.720930232558139
E00080933,144,39,18,21,105,95,10,27.083333333333332,12.5,14.583333333333334,72.91666666666666,65.97222222222221,6.944444444444445
E00080934,172,59,20,39,113,88,25,34.30232558139535,11.627906976744185,22.674418604651162,65.69767441860465,51.162790697674424,14.534883720930234
E00080935,140,41,9,32,99,83,16,29.28571428571429,6.428571428571428,22.857142857142858,70.71428571428572,59.285714285714285,11.428571428571429
E00080936,150,28,7,21,122,111,11,18.666666666666668,4.666666666666667,14.000000000000002,81.33333333333333,74,7.333333333333333
E00080937,156,40,14,26,116,106,10,25.64102564102564,8.974358974358974,16.666666666666664,74.35897435897436,67.94871794871796,6.41025641025641
E00080938,181,48,19,29,133,115,18,26.519337016574585,10.497237569060774,16.022099447513813,73.48066298342542,63.53591160220995,9.94475138121547
E00080939,182,48,18,30,134,109,25,26.373626373626376,9.89010989010989,16.483516483516482,73.62637362637363,59.89010989010989,13.736263736263737
E00080940,137,32,8,24,105,96,9,23.357664233576642,5.839416058394161,17.51824817518248,76.64233576642336,70.07299270072993,6.569343065693431
E00080941,156,51,21,30,105,77,28,32.69230769230769,13.461538461538462,19.230769230769234,67.3076923076923,49.358974358974365,17.94871794871795
E00080942,111,25,8,17,86,70,16,22.52252252252252,7.207207207207207,15.315315315315313,77.47747747747748,63.06306306306306,14.414414414414415
E00080943,138,38,10,28,100,83,17,27.536231884057973,7.246376811594203,20.28985507246377,72.46376811594203,60.14492753623188,12.318840579710146
E00080944,195,64,23,41,131,104,27,32.82051282051282,11.794871794871794,21.025641025641026,67.17948717948717,53.333333333333336,13.846153846153847
E00080945,147,33,9,24,114,98,16,22.448979591836736,6.122448979591836,16.3265306122449,77.55102040816327,66.66666666666666,10.884353741496598
E00080947,180,46,16,30,134,123,11,25.555555555555554,8.88888888888889,16.666666666666664,74.44444444444444,68.33333333333333,6.111111111111111
E00080948,172,57,21,36,115,95,20,33.13953488372093,12.209302325581394,20.930232558139537,66.86046511627907,55.23255813953488,11.627906976744185
E00080949,244,58,21,37,186,163,23,23.770491803278688,8.60655737704918,15.163934426229508,76.22950819672131,66.80327868852459,9.426229508196721
E00080951,140,29,8,21,111,94,17,20.714285714285715,5.714285714285714,15,79.28571428571428,67.14285714285714,12.142857142857142
E00080952,169,35,11,24,134,112,22,20.710059171597635,6.508875739644971,14.201183431952662,79.28994082840237,66.27218934911244,13.017751479289942
E00080953,227,60,14,46,167,145,22,26.431718061674008,6.167400881057269,20.26431718061674,73.568281938326,63.87665198237885,9.691629955947137
E00080955,143,31,12,19,112,85,27,21.678321678321677,8.391608391608392,13.286713286713287,78.32167832167832,59.44055944055944,18.88111888111888
E00080957,189,40,11,29,149,131,18,21.164021164021165,5.82010582010582,15.343915343915343,78.83597883597884,69.31216931216932,9.523809523809524
E00080958,113,42,20,22,71,63,8,37.16814159292036,17.699115044247787,19.469026548672566,62.83185840707964,55.75221238938053,7.079646017699115
E00080959,200,50,16,34,150,124,26,25,8,17,75,62,13
E00080960,164,37,14,23,127,96,31,22.5609756097561,8.536585365853659,14.02439024390244,77.4390243902439,58.536585365853654,18.902439024390244
E00080961,76,32,10,22,44,38,6,42.10526315789473,13.157894736842104,28.947368421052634,57.89473684210527,50,7.894736842105263
E00080963,116,27,6,21,89,63,26,23.275862068965516,5.172413793103448,18.103448275862068,76.72413793103449,54.310344827586206,22.413793103448278
E00080964,162,39,13,26,123,110,13,24.074074074074073,8.024691358024691,16.049382716049383,75.92592592592592,67.90123456790124,8.024691358024691
E00080965,164,46,18,28,118,100,18,28.04878048780488,10.975609756097562,17.073170731707318,71.95121951219512,60.97560975609756,10.975609756097562
E00080966,270,66,30,36,204,169,35,24.444444444444443,11.11111111111111,13.333333333333334,75.55555555555556,62.59259259259259,12.962962962962962
E00080967,165,45,15,30,120,102,18,27.27272727272727,9.090909090909092,18.181818181818183,72.72727272727273,61.81818181818181,10.909090909090908
E00080968,269,73,24,49,196,158,38,27.137546468401485,8.921933085501859,18.21561338289963,72.86245353159852,58.7360594795539,14.12639405204461
E00080969,187,31,15,16,156,136,20,16.577540106951872,8.0213903743315509,8.55614973262032,83.42245989304813,72.72727272727273,10.695187165775401
E00080970,337,77,20,57,260,229,31,22.8486646884273,5.934718100890208,16.913946587537094,77.1513353115727,67.95252225519289,9.198813056379821
E00170279,104,25,6,19,79,69,10,24.03846153846154,5.769230769230769,18.269230769230766,75.96153846153845,66.34615384615384,9.615384615384617
E00170281,223,40,15,25,183,155,28,17.937219730941703,6.726457399103139,11.210762331838566,82.0627802690583,69.50672645739911,12.556053811659194
E00170282,145,28,16,12,117,90,27,19.310344827586206,11.03448275862069,8.275862068965518,80.6896551724138,62.06896551724138,18.620689655172416
E00170284,165,34,11,23,131,111,20,20.606060606060606,6.666666666666667,13.939393939393941,79.39393939393939,67.27272727272727,12.121212121212121
E00170285,188,42,20,22,146,124,22,22.340425531914892,10.638297872340425,11.702127659574469,77.6595744680851,65.95744680851064,11.702127659574469
E00170287,213,57,21,36,156,127,29,26.76056338028169,9.859154929577464,16.901408450704224,73.23943661971832,59.624413145539904,13.615023474178404
E00170289,197,42,12,30,155,135,20,21.31979695431472,6.091370558375635,15.228426395939088,78.68020304568529,68.52791878172589,10.152284263959391
E00170290,150,28,7,21,122,108,14,18.666666666666668,4.666666666666667,14.000000000000002,81.33333333333333,72,9.333333333333334
E00170292,163,34,9,25,129,99,30,20.858895705521473,5.521472392638037,15.337423312883436,79.14110429447852,60.73619631901841,18.404907975460123
E00170293,86,16,5,11,70,58,12,18.6046511627907,5.813953488372093,12.790697674418606,81.3953488372093,67.44186046511628,13.953488372093023
E00170295,193,66,26,40,127,109,18,34.196891191709845,13.471502590673575,20.72538860103627,65.80310880829016,56.476683937823836,9.32642487046632
E00170296,230,55,18,37,175,142,33,23.91304347826087,7.82608695652174,16.08695652173913,76.08695652173914,61.73913043478261,14.347826086956522
E00175280,189,56,19,37,133,110,23,29.629629629629626,10.052910052910052,19.576719576719576,70.37037037037037,58.201058201058196,12.16931216931217
E00175281,218,52,17,35,166,144,22,23.853211009174313,7.79816513761468,16.055045871559635,76.14678899082568,66.05504587155964,10.091743119266056
E00175282,230,56,26,30,174,142,32,24.347826086956523,11.304347826086957,13.043478260869565,75.65217391304347,61.73913043478261,13.91304347826087
E00175283,164,39,10,29,125,109,16,23.78048780487805,6.097560975609756,17.682926829268293,76.21951219512195,66.46341463414635,9.75609756097561
E00175284,177,48,22,26,129,113,16,27.11864406779661,12.429378531073446,14.689265536723164,72.88135593220339,63.84180790960452,9.03954802259887
E00175285,165,40,16,24,125,107,18,24.242424242424242,9.696969696969697,14.545454545454545,75.75757575757575,64.84848484848484,10.909090909090908
E00175286,212,53,22,31,159,122,37,25,10.377358490566039,14.622641509433961,75,57.54716981132076,17.452830188679243
E00175287,163,30,13,17,133,118,15,18.404907975460123,7.975460122699387,10.429447852760736,81.59509202453987,72.39263803680981,9.202453987730062
E00175288,207,45,15,30,162,131,31,21.73913043478261,7.246376811594203,14.492753623188406,78.26086956521739,63.28502415458937,14.975845410628018
E00175289,145,36,12,24,109,93,16,24.82758620689655,8.275862068965518,16.551724137931036,75.17241379310344,64.13793103448275,11.03448275862069
E00175290,197,47,19,28,150,128,22,23.85786802030457,9.644670050761421,14.213197969543149,76.14213197969542,64.9746192893401,11.16751269035533
E00175291,156,40,12,28,116,98,18,25.64102564102564,7.6923076923076925,17.94871794871795,74.35897435897436,62.82051282051282,11.538461538461538
E00175292,227,53,18,35,174,149,25,23.348017621145374,7.929515418502203,15.418502202643172,76.65198237885463,65.63876651982379,11.013215859030836
E00175293,232,69,25,44,163,143,20,29.74137931034483,10.775862068965516,18.96551724137931,70.25862068965517,61.63793103448276,8.620689655172415
E00175294,194,39,12,27,155,123,32,20.103092783505154,6.185567010309279,13.917525773195877,79.89690721649485,63.4020618556701,16.49484536082474
E00175296,229,50,10,40,179,150,29,21.83406113537118,4.366812227074235,17.46724890829694,78.16593886462883,65.50218340611353,12.663755458515283
E00175297,187,37,13,24,150,134,16,19.786096256684495,6.951871657754011,12.834224598930483,80.21390374331551,71.65775401069519,8.55614973262032
E00175298,165,49,22,27,116,87,29,29.6969696969697,13.333333333333334,16.363636363636363,70.3030303030303,52.72727272727272,17.575757575757574
E00175299,213,47,16,31,166,135,31,22.065727699530516,7.511737089201878,14.553990610328638,77.93427230046949,63.38028169014085,14.553990610328638
E00175300,208,54,14,40,154,132,22,25.961538461538463,6.730769230769231,19.230769230769234,74.03846153846155,63.46153846153846,10.576923076923077
E00175301,181,41,15,26,140,122,18,22.65193370165746,8.287292817679557,14.3646408839779,77.34806629834254,67.40331491712708,9.94475138121547
E00175302,171,33,10,23,138,115,23,19.298245614035086,5.847953216374268,13.450292397660817,80.7017543859649,67.2514619883041,13.450292397660817
E00175303,271,54,18,36,217,183,34,19.92619926199262,6.642066420664207,13.284132841328415,80.07380073800738,67.52767527675276,12.546125461254611
E00175304,85,25,11,14,60,45,15,29.411764705882355,12.941176470588237,16.470588235294116,70.58823529411765,52.94117647058824,17.647058823529413
E00175305,138,28,11,17,110,85,25,20.28985507246377,7.971014492753622,12.318840579710146,79.71014492753623,61.59420289855072,18.115942028985508
E00175306,120,31,13,18,89,74,15,25.833333333333336,10.833333333333334,15,74.16666666666667,61.66666666666667,12.5
E00175307,170,40,12,28,130,107,23,23.52941176470588,7.0588235294117645,16.470588235294116,76.47058823529412,62.94117647058823,13.529411764705882
E00175308,202,51,13,38,151,126,25,25.247524752475247,6.435643564356436,18.81188118811881,74.75247524752476,62.37623762376238,12.376237623762377
E00175309,150,31,7,24,119,105,14,20.666666666666668,4.666666666666667,16,79.33333333333333,70,9.333333333333334
E00175310,134,22,6,16,112,99,13,16.417910447761194,4.477611940298507,11.940298507462686,83.5820895522388,73.88059701492537,9.701492537313433
E00175311,161,36,12,24,125,112,13,22.36024844720497,7.453416149068323,14.906832298136646,77.63975155279503,69.56521739130434,8.074534161490684
E00175312,226,58,30,28,168,144,24,25.663716814159294,13.274336283185843,12.389380530973451,74.33628318584071,63.716814159292035,10.619469026548673
E00175313,191,44,10,34,147,119,28,23.036649214659686,5.2356020942408374,17.801047120418847,76.96335078534031,62.30366492146597,14.659685863874344
E00175314,41,15,6,9,26,20,6,36.58536585365854,14.634146341463413,21.951219512195124,63.41463414634146,48.78048780487805,14.634146341463413
E00182401,249,59,15,44,190,170,20,23.694779116465863,6.024096385542169,17.670682730923694,76.30522088353415,68.27309236947792,8.032128514056225
E00182410,271,65,18,47,206,175,31,23.985239852398525,6.642066420664207,17.343173431734318,76.01476014760148,64.57564575645756,11.439114391143912
E00182417,148,41,10,31,107,96,11,27.7027027027027,6.756756756756757,20.945945945945947,72.2972972972973,64.86486486486487,7.4324324324324325
E00182420,176,40,10,30,136,118,18,22.727272727272727,5.681818181818182,17.045454545454543,77.27272727272727,67.04545454545455,10.227272727272728
E00182421,297,83,30,53,214,171,43,27.946127946127948,10.1010101010101,17.845117845117844,72.05387205387206,57.57575757575758,14.47811447811448
E00182423,104,21,7,14,83,69,14,20.192307692307693,6.730769230769231,13.461538461538462,79.8076923076923,66.34615384615384,13.461538461538462
E00182426,236,57,13,44,179,152,27,24.152542372881356,5.508474576271186,18.64406779661017,75.84745762711864,64.40677966101694,11.440677966101696
E00182427,131,17,6,11,114,92,22,12.977099236641221,4.580152671755725,8.396946564885496,87.02290076335878,70.22900763358778,16.793893129770993
E00182430,193,64,23,41,129,106,23,33.160621761658035,11.917098445595855,21.243523316062177,66.83937823834198,54.92227979274611,11.917098445595855
E00182431,210,67,29,38,143,118,25,31.9047619047619,13.80952380952381,18.095238095238095,68.0952380952381,56.19047619047619,11.904761904761903
E00182434,157,46,21,25,111,92,19,29.29936305732484,13.375796178343949,15.92356687898089,70.70063694267516,58.59872611464968,12.101910828025478
E00182435,92,31,9,22,61,50,11,33.69565217391305,9.782608695652174,23.91304347826087,66.30434782608695,54.347826086956516,11.956521739130435
E00182437,95,10,1,9,85,76,9,10.526315789473683,1.0526315789473684,9.473684210526317,89.47368421052632,80,9.473684210526317
E00182438,142,20,5,15,122,106,16,14.084507042253522,3.5211267605633805,10.56338028169014,85.91549295774648,74.64788732394366,11.267605633802818
E00182440,160,35,12,23,125,103,22,21.875,7.5,14.374999999999998,78.125,64.375,13.750000000000002
E00182444,213,53,20,33,160,131,29,24.88262910798122,9.389671361502346,15.492957746478872,75.11737089201877,61.502347417840376,13.615023474178404
E00182445,191,50,16,34,141,119,22,26.17801047120419,8.37696335078534,17.801047120418847,73.82198952879581,62.30366492146597,11.518324607329843
E00182449,255,61,23,38,194,167,27,23.92156862745098,9.019607843137255,14.901960784313726,76.07843137254902,65.49019607843137,10.588235294117647
E00182450,172,41,9,32,131,113,18,23.837209302325583,5.232558139534884,18.6046511627907,76.16279069767442,65.69767441860465,10.465116279069768
E00182452,106,25,8,17,81,68,13,23.58490566037736,7.547169811320755,16.037735849056602,76.41509433962264,64.15094339622641,12.264150943396226
E00182454,138,43,19,24,95,80,15,31.15942028985507,13.768115942028986,17.391304347826086,68.84057971014492,57.971014492753625,10.869565217391305
E00182458,174,55,19,36,119,98,21,31.60919540229885,10.919540229885058,20.689655172413794,68.39080459770115,56.32183908045977,12.068965517241379
E00182459,129,30,10,20,99,83,16,23.25581395348837,7.751937984496124,15.503875968992247,76.74418604651163,64.34108527131784,12.4031007751938
E00182460,285,45,12,33,240,212,28,15.789473684210526,4.2105263157894735,11.578947368421053,84.21052631578947,74.3859649122807,9.824561403508772
E00182463,179,16,9,7,163,142,21,8.938547486033519,5.027932960893855,3.910614525139665,91.06145251396647,79.3296089385475,11.731843575418994
E00182469,290,63,24,39,227,197,30,21.72413793103448,8.275862068965518,13.448275862068964,78.27586206896552,67.93103448275862,10.344827586206897
E00182473,155,53,15,38,102,83,19,34.193548387096776,9.67741935483871,24.516129032258064,65.80645161290323,53.5483870967742,12.258064516129032
E00182474,82,19,3,16,63,52,11,23.170731707317074,3.6585365853658534,19.51219512195122,76.82926829268293,63.41463414634146,13.414634146341465
E00182480,129,26,8,18,103,92,11,20.155038759689923,6.2015503875969,13.953488372093023,79.84496124031007,71.31782945736434,8.527131782945736
E00182483,70,20,5,15,50,40,10,28.57142857142857,7.142857142857142,21.428571428571427,71.42857142857143,57.14285714285714,14.285714285714285
E00182485,222,54,16,38,168,140,28,24.324324324324326,7.207207207207207,17.117117117117118,75.67567567567568,63.06306306306306,12.612612612612612
E00182492,257,56,15,41,201,171,30,21.78988326848249,5.836575875486381,15.953307392996107,78.21011673151752,66.53696498054474,11.673151750972762
E00182493,192,64,26,38,128,111,17,33.33333333333333,13.541666666666666,19.791666666666664,66.66666666666666,57.8125,8.854166666666668
E00182496,117,31,5,26,86,73,13,26.495726495726498,4.273504273504273,22.22222222222222,73.50427350427351,62.39316239316239,11.11111111111111
E00182497,223,68,19,49,155,134,21,30.493273542600896,8.520179372197308,21.973094170403588,69.50672645739911,60.0896860986547,9.417040358744394
E00182498,155,36,11,25,119,105,14,23.225806451612904,7.096774193548387,16.129032258064516,76.77419354838709,67.74193548387096,9.032258064516128
E00182499,177,38,6,32,139,116,23,21.468926553672315,3.389830508474576,18.07909604519774,78.53107344632768,65.5367231638418,12.994350282485875
E00182500,81,30,15,15,51,35,16,37.03703703703704,18.51851851851852,18.51851851851852,62.96296296296296,43.20987654320987,19.753086419753085
E00182510,110,33,7,26,77,66,11,30,6.363636363636363,23.636363636363637,70,60,10
E00182512,231,47,14,33,184,153,31,20.346320346320347,6.0606060606060606,14.285714285714285,79.65367965367966,66.23376623376623,13.41991341991342
E00182515,187,46,13,33,141,115,26,24.598930481283425,6.951871657754011,17.647058823529413,75.40106951871658,61.49732620320856,13.903743315508022
E00182517,90,27,9,18,63,50,13,30,10,20,70,55.55555555555556,14.444444444444443
E00182519,196,36,13,23,160,143,17,18.367346938775512,6.63265306122449,11.73469387755102,81.63265306122449,72.95918367346938,8.673469387755102
E00182523,336,62,24,38,274,237,37,18.452380952380953,7.142857142857142,11.30952380952381,81.54761904761905,70.53571428571429,11.011904761904761
