OA,ts0590001,ts0590002,ts0590003,ts0590004,ts0590005,ts0590006,ts0590007,ts0590002_PCT,ts0590003_PCT,ts0590004_PCT,ts0590005_PCT,ts0590006_PCT,ts0590007_PCT
E00019685,254,65,30,35,189,150,39,25.590551181102363,11.811023622047244,13.779527559055119,74.40944881889764,59.055118110236215,15.354330708661418
E00019686,217,45,24,21,172,146,26,20.737327188940093,11.059907834101383,9.67741935483871,79.26267281105991,67.2811059907834,11.981566820276496
E00019687,171,53,15,38,118,84,34,30.994152046783626,8.771929824561402,22.22222222222222,69.00584795321637,49.122807017543856,19.883040935672515
E00019688,154,35,10,25,119,106,13,22.727272727272727,6.493506493506493,16.233766233766232,77.27272727272727,68.83116883116884,8.441558441558442
E00019689,251,49,18,31,202,165,37,19.52191235059761,7.171314741035857,12.350597609561753,80.47808764940238,65.73705179282868,14.741035856573706
E00019690,204,46,18,28,158,127,31,22.54901960784314,8.823529411764707,13.725490196078432,77.45098039215686,62.254901960784316,15.196078431372548
E00019691,256,73,31,42,183,141,42,28.515625,12.109375,16.40625,71.484375,55.078125,16.40625
E00019692,229,55,28,27,174,141,33,24.017467248908297,12.22707423580786,11.790393013100436,75.9825327510917,61.572052401746724,14.41048034934498
E00019694,329,87,33,54,242,199,43,26.443768996960486,10.030395136778116,16.41337386018237,73.55623100303951,60.48632218844985,13.069908814589665
E00019695,295,73,40,33,222,170,52,24.74576271186441,13.559322033898304,11.186440677966102,75.2542372881356,57.6271186440678,17.627118644067796
E00019696,157,39,18,21,118,94,24,24.840764331210192,11.464968152866243,13.375796178343949,75.15923566878982,59.87261146496815,15.286624203821656
E00019697,190,57,30,27,133,104,29,30,15.789473684210526,14.210526315789473,70,54.736842105263165,15.263157894736842
E00019698,236,58,24,34,178,139,39,24.576271186440678,10.16949152542373,14.40677966101695,75.42372881355932,58.89830508474576,16.52542372881356
E00019699,153,42,16,26,111,89,22,27.450980392156865,10.457516339869281,16.99346405228758,72.54901960784314,58.16993464052288,14.37908496732026
E00019700,234,51,24,27,183,136,47,21.794871794871796,10.256410256410255,11.538461538461538,78.2051282051282,58.119658119658126,20.085470085470085
E00019701,170,39,18,21,131,112,19,22.941176470588236,10.588235294117647,12.352941176470589,77.05882352941177,65.88235294117646,11.176470588235295
E00019702,227,48,19,29,179,138,41,21.145374449339208,8.370044052863436,12.77533039647577,78.8546255506608,60.792951541850215,18.06167400881057
E00019703,201,49,25,24,152,117,35,24.378109452736318,12.437810945273633,11.940298507462686,75.62189054726367,58.2089552238806,17.412935323383085
E00019704,197,65,28,37,132,115,17,32.99492385786802,14.213197969543149,18.781725888324875,67.00507614213198,58.37563451776649,8.629441624365482
E00019705,297,67,19,48,230,201,29,22.55892255892256,6.397306397306397,16.161616161616163,77.44107744107744,67.67676767676768,9.764309764309765
E00019706,257,86,32,54,171,145,26,33.46303501945525,12.45136186770428,21.011673151750973,66.53696498054474,56.42023346303502,10.116731517509727
E00019707,166,29,10,19,137,113,24,17.46987951807229,6.024096385542169,11.44578313253012,82.53012048192771,68.07228915662651,14.457831325301203
E00019709,163,48,10,38,115,106,9,29.447852760736197,6.134969325153374,23.31288343558282,70.5521472392638,65.03067484662577,5.521472392638037
E00019710,180,76,31,45,104,90,14,42.22222222222222,17.22222222222222,25,57.77777777777777,50,7.777777777777778
E00019711,132,34,15,19,98,82,16,25.757575757575758,11.363636363636363,14.393939393939394,74.24242424242425,62.121212121212125,12.121212121212121
E00019712,143,35,16,19,108,92,16,24.475524475524477,11.188811188811188,13.286713286713287,75.52447552447552,64.33566433566433,11.188811188811188
E00019713,143,72,40,32,71,64,7,50.349650349650354,27.972027972027973,22.377622377622377,49.65034965034965,44.75524475524475,4.895104895104895
E00019714,104,43,15,28,61,56,5,41.34615384615385,14.423076923076922,26.923076923076923,58.65384615384615,53.84615384615385,4.807692307692308
E00019716,271,84,31,53,187,146,41,30.996309963099634,11.439114391143912,19.557195571955717,69.00369003690037,53.874538745387454,15.129151291512915
E00019717,225,81,29,52,144,133,11,36,12.88888888888889,23.11111111111111,64,59.111111111111114,4.888888888888889
E00019718,124,34,20,14,90,82,8,27.419354838709676,16.129032258064516,11.29032258064516,72.58064516129032,66.12903225806451,6.451612903225806
E00019719,218,82,26,56,136,116,20,37.61467889908257,11.926605504587156,25.688073394495415,62.38532110091744,53.21100917431193,9.174311926605505
E00019720,152,50,18,32,102,94,8,32.89473684210527,11.842105263157894,21.052631578947366,67.10526315789474,61.8421052631579,5.263157894736842
E00019721,159,51,18,33,108,91,17,32.075471698113205,11.320754716981133,20.754716981132077,67.9245283018868,57.23270440251572,10.69182389937107
E00019722,166,43,15,28,123,101,22,25.903614457831324,9.036144578313253,16.867469879518072,74.09638554216868,60.8433734939759,13.253012048192772
E00019723,136,42,11,31,94,87,7,30.88235294117647,8.088235294117647,22.794117647058822,69.11764705882352,63.970588235294116,5.147058823529411
E00019724,116,38,24,14,78,66,12,32.758620689655174,20.689655172413794,12.068965517241379,67.24137931034483,56.896551724137936,10.344827586206897
E00019725,248,71,23,48,177,158,19,28.62903225806452,9.274193548387096,19.35483870967742,71.37096774193549,63.70967741935484,7.661290322580645
E00019726,135,50,13,37,85,74,11,37.03703703703704,9.62962962962963,27.40740740740741,62.96296296296296,54.81481481481482,8.148148148148149
E00019727,251,66,26,40,185,147,38,26.294820717131472,10.358565737051793,15.936254980079681,73.70517928286853,58.56573705179283,15.139442231075698
E00019728,150,56,26,30,94,83,11,37.333333333333336,17.333333333333336,20,62.66666666666667,55.333333333333336,7.333333333333333
E00019729,132,54,19,35,78,71,7,40.909090909090914,14.393939393939394,26.515151515151516,59.09090909090909,53.78787878787878,5.303030303030303
E00019730,90,30,14,16,60,55,5,33.33333333333333,15.555555555555555,17.77777777777778,66.66666666666666,61.111111111111114,5.555555555555555
E00019731,149,50,19,31,99,88,11,33.557046979865774,12.751677852348994,20.80536912751678,66.44295302013423,59.06040268456376,7.38255033557047
E00019732,177,60,10,50,117,108,9,33.89830508474576,5.649717514124294,28.24858757062147,66.10169491525424,61.016949152542374,5.084745762711865
E00019733,84,34,10,24,50,47,3,40.476190476190474,11.904761904761903,28.57142857142857,59.523809523809526,55.952380952380956,3.571428571428571
E00019734,282,80,20,60,202,178,24,28.368794326241137,7.092198581560284,21.27659574468085,71.63120567375887,63.12056737588653,8.51063829787234
E00019735,191,70,22,48,121,109,12,36.64921465968586,11.518324607329843,25.13089005235602,63.35078534031413,57.06806282722513,6.282722513089005
E00019736,274,47,17,30,227,193,34,17.153284671532848,6.204379562043796,10.948905109489052,82.84671532846716,70.43795620437956,12.408759124087592
E00019737,120,32,15,17,88,79,9,26.666666666666668,12.5,14.166666666666666,73.33333333333333,65.83333333333333,7.5
E00019739,173,56,22,34,117,99,18,32.369942196531795,12.716763005780345,19.653179190751445,67.63005780346822,57.22543352601156,10.404624277456648
E00019741,202,69,35,34,133,104,29,34.15841584158416,17.326732673267326,16.831683168316832,65.84158415841584,51.48514851485149,14.356435643564355
E00019742,123,31,8,23,92,76,16,25.203252032520325,6.504065040650407,18.69918699186992,74.79674796747967,61.78861788617886,13.008130081300814
E00019743,181,56,27,29,125,99,26,30.939226519337016,14.917127071823206,16.022099447513813,69.06077348066299,54.69613259668509,14.3646408839779
E00019744,230,70,28,42,160,143,17,30.434782608695656,12.173913043478262,18.26086956521739,69.56521739130434,62.17391304347826,7.391304347826087
E00019745,213,48,16,32,165,143,22,22.535211267605636,7.511737089201878,15.023474178403756,77.46478873239437,67.13615023474179,10.328638497652582
E00019746,83,31,14,17,52,50,2,37.34939759036144,16.867469879518072,20.481927710843372,62.65060240963856,60.24096385542169,2.4096385542168677
E00019747,141,56,29,27,85,71,14,39.71631205673759,20.56737588652482,19.148936170212767,60.28368794326241,50.35460992907801,9.929078014184398
E00019748,212,57,20,37,155,136,19,26.88679245283019,9.433962264150944,17.452830188679243,73.11320754716981,64.15094339622641,8.962264150943396
E00019749,166,62,18,44,104,92,12,37.34939759036144,10.843373493975903,26.506024096385545,62.65060240963856,55.42168674698795,7.228915662650602
E00019750,260,81,31,50,179,156,23,31.153846153846153,11.923076923076923,19.230769230769234,68.84615384615384,60,8.846153846153847
E00019751,153,60,32,28,93,80,13,39.21568627450981,20.915032679738562,18.30065359477124,60.78431372549019,52.28758169934641,8.49673202614379
E00019752,255,69,31,38,186,151,35,27.058823529411764,12.156862745098039,14.901960784313726,72.94117647058823,59.21568627450981,13.725490196078432
E00019753,131,33,16,17,98,76,22,25.190839694656486,12.213740458015266,12.977099236641221,74.80916030534351,58.01526717557252,16.793893129770993
E00019754,287,96,46,50,191,163,28,33.44947735191638,16.02787456445993,17.421602787456447,66.55052264808361,56.79442508710801,9.75609756097561
E00019755,107,26,10,16,81,70,11,24.299065420560748,9.345794392523365,14.953271028037381,75.70093457943925,65.42056074766354,10.2803738317757
E00019756,280,87,37,50,193,166,27,31.071428571428573,13.214285714285715,17.857142857142858,68.92857142857143,59.285714285714285,9.642857142857144
E00019757,166,62,27,35,104,96,8,37.34939759036144,16.265060240963855,21.084337349397593,62.65060240963856,57.831325301204814,4.819277108433735
E00019758,234,49,16,33,185,147,38,20.94017094017094,6.837606837606838,14.102564102564102,79.05982905982906,62.82051282051282,16.23931623931624
E00019759,220,94,46,48,126,112,14,42.72727272727273,20.909090909090907,21.818181818181817,57.27272727272727,50.90909090909091,6.363636363636363
E00019760,209,87,31,56,122,105,17,41.62679425837321,14.832535885167463,26.794258373205743,58.3732057416268,50.23923444976076,8.133971291866029
E00019761,153,50,13,37,103,93,10,32.6797385620915,8.49673202614379,24.183006535947712,67.3202614379085,60.78431372549019,6.535947712418301
E00019762,183,41,15,26,142,115,27,22.404371584699454,8.19672131147541,14.207650273224044,77.59562841530054,62.841530054644814,14.754098360655737
E00019763,243,77,34,43,166,143,23,31.68724279835391,13.991769547325102,17.695473251028808,68.3127572016461,58.8477366255144,9.465020576131687
E00019764,296,99,36,63,197,168,29,33.44594594594595,12.162162162162163,21.283783783783782,66.55405405405406,56.75675675675676,9.797297297297296
E00019765,159,56,21,35,103,92,11,35.22012578616352,13.20754716981132,22.0125786163522,64.77987421383648,57.861635220125784,6.918238993710692
E00019766,149,39,15,24,110,95,15,26.174496644295303,10.06711409395973,16.10738255033557,73.8255033557047,63.758389261744966,10.06711409395973
E00019767,138,51,24,27,87,79,8,36.95652173913043,17.391304347826086,19.565217391304348,63.04347826086957,57.2463768115942,5.797101449275362
E00019768,143,25,13,12,118,74,44,17.482517482517483,9.090909090909092,8.391608391608392,82.51748251748252,51.74825174825175,30.76923076923077
E00019769,157,31,15,16,126,105,21,19.745222929936308,9.554140127388536,10.191082802547772,80.2547770700637,66.87898089171973,13.375796178343949
E00019770,126,46,16,30,80,62,18,36.507936507936506,12.698412698412698,23.809523809523807,63.49206349206349,49.2063492063492,14.285714285714285
E00019772,159,46,20,26,113,90,23,28.930817610062892,12.578616352201259,16.352201257861633,71.0691823899371,56.60377358490566,14.465408805031446
E00019773,236,36,20,16,200,105,95,15.254237288135593,8.47457627118644,6.779661016949152,84.7457627118644,44.49152542372881,40.25423728813559
E00019774,272,44,17,27,228,135,93,16.176470588235293,6.25,9.926470588235293,83.82352941176471,49.63235294117647,34.19117647058824
E00019778,92,21,4,17,71,45,26,22.82608695652174,4.3478260869565215,18.478260869565215,77.17391304347827,48.91304347826087,28.26086956521739
E00019779,252,41,15,26,211,104,107,16.26984126984127,5.952380952380952,10.317460317460316,83.73015873015873,41.269841269841265,42.46031746031746
E00019780,118,36,12,24,82,56,26,30.508474576271187,10.16949152542373,20.33898305084746,69.49152542372882,47.45762711864407,22.033898305084744
E00019781,197,25,8,17,172,123,49,12.690355329949238,4.060913705583756,8.629441624365482,87.30964467005076,62.43654822335025,24.873096446700508
E00019782,107,35,11,24,72,57,15,32.71028037383177,10.2803738317757,22.429906542056074,67.28971962616822,53.271028037383175,14.018691588785046
E00019783,132,26,9,17,106,79,27,19.696969696969695,6.8181818181818175,12.878787878787879,80.3030303030303,59.84848484848485,20.454545454545457
E00019784,247,36,13,23,211,150,61,14.5748987854251,5.263157894736842,9.31174089068826,85.4251012145749,60.72874493927125,24.696356275303643
E00019785,119,32,13,19,87,70,17,26.89075630252101,10.92436974789916,15.966386554621847,73.10924369747899,58.82352941176471,14.285714285714285
E00019787,219,39,13,26,180,130,50,17.80821917808219,5.93607305936073,11.87214611872146,82.1917808219178,59.3607305936073,22.831050228310502
E00019788,170,47,14,33,123,88,35,27.647058823529413,8.235294117647058,19.411764705882355,72.35294117647058,51.76470588235295,20.588235294117645
E00019789,156,35,12,23,121,99,22,22.435897435897438,7.6923076923076925,14.743589743589745,77.56410256410257,63.46153846153846,14.102564102564102
E00019791,240,42,19,23,198,146,52,17.5,7.916666666666666,9.583333333333334,82.5,60.83333333333333,21.666666666666668
E00019793,171,27,13,14,144,110,34,15.789473684210526,7.602339181286549,8.187134502923977,84.21052631578947,64.32748538011695,19.883040935672515
E00019794,133,32,16,16,101,90,11,24.06015037593985,12.030075187969924,12.030075187969924,75.93984962406014,67.66917293233082,8.270676691729323
E00019796,108,32,14,18,76,62,14,29.629629629629626,12.962962962962962,16.666666666666664,70.37037037037037,57.407407407407405,12.962962962962962
E00019797,120,37,27,10,83,65,18,30.833333333333336,22.5,8.333333333333332,69.16666666666667,54.166666666666664,15
E00019800,118,26,12,14,92,71,21,22.033898305084744,10.16949152542373,11.864406779661017,77.96610169491525,60.16949152542372,17.796610169491526
E00019801,198,44,16,28,154,131,23,22.22222222222222,8.080808080808081,14.14141414141414,77.77777777777779,66.16161616161617,11.616161616161616
E00019802,149,45,19,26,104,84,20,30.201342281879196,12.751677852348994,17.449664429530202,69.79865771812081,56.375838926174495,13.422818791946309
E00019804,117,35,15,20,82,67,15,29.914529914529915,12.82051282051282,17.094017094017094,70.08547008547008,57.26495726495726,12.82051282051282
E00019805,154,39,21,18,115,84,31,25.324675324675322,13.636363636363635,11.688311688311687,74.67532467532467,54.54545454545454,20.12987012987013
E00019806,162,48,24,24,114,102,12,29.629629629629626,14.814814814814813,14.814814814814813,70.37037037037037,62.96296296296296,7.4074074074074066
E00019807,161,29,9,20,132,84,48,18.012422360248447,5.590062111801243,12.422360248447205,81.98757763975155,52.17391304347826,29.81366459627329
E00019810,165,24,10,14,141,97,44,14.545454545454545,6.0606060606060606,8.484848484848486,85.45454545454545,58.78787878787879,26.666666666666668
E00019811,157,37,15,22,120,91,29,23.56687898089172,9.554140127388536,14.012738853503185,76.43312101910828,57.961783439490446,18.471337579617835
E00019812,187,21,8,13,166,109,57,11.229946524064172,4.27807486631016,6.951871657754011,88.77005347593582,58.288770053475936,30.481283422459892
E00019813,217,56,24,32,161,126,35,25.806451612903224,11.059907834101383,14.746543778801843,74.19354838709677,58.06451612903226,16.129032258064516
E00019814,131,48,10,38,83,71,12,36.6412213740458,7.633587786259542,29.00763358778626,63.358778625954194,54.19847328244275,9.16030534351145
E00019815,92,30,11,19,62,55,7,32.608695652173914,11.956521739130435,20.652173913043477,67.3913043478261,59.78260869565217,7.608695652173914
E00019816,123,34,12,22,89,74,15,27.64227642276423,9.75609756097561,17.88617886178862,72.35772357723577,60.16260162601627,12.195121951219512
E00019817,224,77,24,53,147,134,13,34.375,10.714285714285714,23.660714285714285,65.625,59.82142857142857,5.803571428571429
E00019818,215,39,16,23,176,121,55,18.13953488372093,7.441860465116279,10.69767441860465,81.86046511627907,56.27906976744186,25.581395348837212
E00019819,146,47,23,24,99,84,15,32.19178082191781,15.753424657534246,16.43835616438356,67.8082191780822,57.534246575342465,10.273972602739725
E00019820,155,48,20,28,107,96,11,30.967741935483872,12.903225806451612,18.064516129032256,69.03225806451613,61.935483870967744,7.096774193548387
E00019822,274,66,27,39,208,169,39,24.087591240875913,9.854014598540147,14.233576642335766,75.91240875912408,61.67883211678832,14.233576642335766
E00019823,177,22,7,15,155,101,54,12.429378531073446,3.954802259887006,8.47457627118644,87.57062146892656,57.06214689265536,30.508474576271187
E00019824,236,82,27,55,154,127,27,34.74576271186441,11.440677966101696,23.30508474576271,65.2542372881356,53.813559322033896,11.440677966101696
E00019825,119,39,23,16,80,70,10,32.773109243697476,19.327731092436977,13.445378151260504,67.22689075630252,58.82352941176471,8.403361344537815
E00019826,174,50,26,24,124,101,23,28.735632183908045,14.942528735632186,13.793103448275861,71.26436781609196,58.04597701149425,13.218390804597702
E00019827,146,54,21,33,92,85,7,36.986301369863014,14.383561643835616,22.602739726027394,63.013698630136986,58.21917808219178,4.794520547945205
E00019828,213,63,28,35,150,129,21,29.577464788732392,13.145539906103288,16.431924882629108,70.4225352112676,60.56338028169014,9.859154929577464
E00019829,129,35,16,19,94,88,6,27.131782945736433,12.4031007751938,14.728682170542637,72.86821705426357,68.21705426356588,4.651162790697675
E00019830,160,43,18,25,117,96,21,26.875,11.25,15.625,73.125,60,13.125
E00019831,93,18,5,13,75,68,7,19.35483870967742,5.376344086021505,13.978494623655912,80.64516129032258,73.11827956989248,7.526881720430108
E00019833,138,50,20,30,88,76,12,36.231884057971016,14.492753623188406,21.73913043478261,63.76811594202898,55.072463768115945,8.695652173913043
E00019834,160,60,19,41,100,87,13,37.5,11.875,25.624999999999996,62.5,54.37499999999999,8.125
E00019836,240,80,32,48,160,145,15,33.33333333333333,13.333333333333334,20,66.66666666666666,60.416666666666664,6.25
E00019838,172,51,18,33,121,99,22,29.651162790697676,10.465116279069768,19.186046511627907,70.34883720930233,57.55813953488372,12.790697674418606
E00019841,199,69,28,41,130,114,16,34.67336683417086,14.07035175879397,20.603015075376884,65.32663316582915,57.286432160804026,8.040201005025125
E00019842,175,19,12,7,156,108,48,10.857142857142858,6.857142857142858,4,89.14285714285714,61.71428571428571,27.42857142857143
E00019843,308,33,17,16,275,188,87,10.714285714285714,5.51948051948052,5.194805194805195,89.28571428571429,61.038961038961034,28.246753246753247
E00019844,84,27,12,15,57,46,11,32.142857142857146,14.285714285714285,17.857142857142858,67.85714285714286,54.761904761904766,13.095238095238097
E00019845,127,33,6,27,94,82,12,25.984251968503933,4.724409448818897,21.25984251968504,74.01574803149606,64.56692913385827,9.448818897637794
E00019847,164,44,19,25,120,94,26,26.82926829268293,11.585365853658537,15.24390243902439,73.17073170731707,57.3170731707317,15.853658536585366
E00019848,84,24,11,13,60,50,10,28.57142857142857,13.095238095238097,15.476190476190476,71.42857142857143,59.523809523809526,11.904761904761903
E00019849,175,44,16,28,131,100,31,25.142857142857146,9.142857142857142,16,74.85714285714286,57.14285714285714,17.71428571428571
E00019850,207,49,20,29,158,107,51,23.67149758454106,9.66183574879227,14.009661835748794,76.32850241545893,51.690821256038646,24.637681159420293
E00019851,184,47,17,30,137,114,23,25.543478260869566,9.239130434782608,16.304347826086957,74.45652173913044,61.95652173913043,12.5
E00019852,143,30,6,24,113,99,14,20.97902097902098,4.195804195804196,16.783216783216783,79.02097902097903,69.23076923076923,9.79020979020979
E00019853,142,42,19,23,100,62,38,29.577464788732392,13.380281690140844,16.19718309859155,70.4225352112676,43.66197183098591,26.76056338028169
E00019854,186,45,21,24,141,97,44,24.193548387096776,11.29032258064516,12.903225806451612,75.80645161290323,52.1505376344086,23.655913978494624
E00019855,150,54,20,34,96,83,13,36,13.333333333333334,22.666666666666664,64,55.333333333333336,8.666666666666668
E00019856,147,39,14,25,108,83,25,26.53061224489796,9.523809523809524,17.006802721088434,73.46938775510205,56.4625850340136,17.006802721088434
E00019857,126,31,14,17,95,75,20,24.6031746031746,11.11111111111111,13.492063492063492,75.39682539682539,59.523809523809526,15.873015873015872
E00019858,175,52,29,23,123,94,29,29.714285714285715,16.57142857142857,13.142857142857142,70.28571428571428,53.714285714285715,16.57142857142857
E00019859,136,26,17,9,110,92,18,19.11764705882353,12.5,6.61764705882353,80.88235294117648,67.64705882352942,13.23529411764706
E00019860,181,41,13,28,140,118,22,22.65193370165746,7.18232044198895,15.469613259668508,77.34806629834254,65.19337016574586,12.154696132596685
E00019861,143,33,19,14,110,89,21,23.076923076923077,13.286713286713287,9.79020979020979,76.92307692307693,62.23776223776224,14.685314685314685
E00019862,186,51,20,31,135,111,24,27.419354838709676,10.75268817204301,16.666666666666664,72.58064516129032,59.67741935483871,12.903225806451612
E00019863,185,44,13,31,141,123,18,23.783783783783786,7.027027027027027,16.756756756756758,76.21621621621621,66.48648648648648,9.72972972972973
E00019864,153,46,21,25,107,95,12,30.065359477124183,13.725490196078432,16.33986928104575,69.93464052287581,62.091503267973856,7.8431372549019605
E00019865,215,63,16,47,152,128,24,29.30232558139535,7.441860465116279,21.86046511627907,70.69767441860465,59.53488372093023,11.162790697674419
E00019866,194,57,20,37,137,111,26,29.381443298969074,10.309278350515463,19.072164948453608,70.61855670103093,57.21649484536082,13.402061855670103
E00019867,282,81,36,45,201,169,32,28.723404255319153,12.76595744680851,15.957446808510639,71.27659574468085,59.9290780141844,11.347517730496454
E00019869,113,35,12,23,78,67,11,30.973451327433626,10.619469026548673,20.353982300884958,69.02654867256636,59.29203539823009,9.734513274336283
E00019870,193,73,23,50,120,107,13,37.82383419689119,11.917098445595855,25.906735751295333,62.17616580310881,55.44041450777202,6.7357512953367875
E00019871,142,33,11,22,109,82,27,23.239436619718308,7.746478873239436,15.492957746478872,76.76056338028168,57.74647887323944,19.014084507042252
E00019872,241,58,24,34,183,159,24,24.066390041493776,9.95850622406639,14.107883817427386,75.93360995850622,65.97510373443983,9.95850622406639
E00019873,109,26,17,9,83,52,31,23.853211009174313,15.59633027522936,8.256880733944955,76.14678899082568,47.706422018348626,28.440366972477065
E00019874,116,34,15,19,82,70,12,29.310344827586203,12.931034482758621,16.379310344827587,70.6896551724138,60.3448275862069,10.344827586206897
E00019875,135,37,15,22,98,74,24,27.40740740740741,11.11111111111111,16.296296296296298,72.5925925925926,54.81481481481482,17.77777777777778
E00019876,218,68,20,48,150,104,46,31.19266055045872,9.174311926605505,22.018348623853214,68.80733944954129,47.706422018348626,21.100917431192663
E00019877,152,39,20,19,113,64,49,25.657894736842106,13.157894736842104,12.5,74.3421052631579,42.10526315789473,32.23684210526316
E00019878,214,62,28,34,152,119,33,28.971962616822427,13.084112149532709,15.887850467289718,71.02803738317756,55.60747663551402,15.42056074766355
E00019879,152,41,21,20,111,75,36,26.973684210526315,13.815789473684212,13.157894736842104,73.02631578947368,49.34210526315789,23.684210526315788
E00019880,138,46,22,24,92,79,13,33.33333333333333,15.942028985507244,17.391304347826086,66.66666666666666,57.2463768115942,9.420289855072465
E00019881,87,25,5,20,62,51,11,28.735632183908045,5.747126436781609,22.988505747126435,71.26436781609196,58.620689655172406,12.643678160919542
E00019882,199,81,24,57,118,104,14,40.7035175879397,12.060301507537687,28.643216080402013,59.2964824120603,52.26130653266332,7.035175879396985
E00019883,95,40,17,23,55,55,0,42.10526315789473,17.894736842105264,24.210526315789473,57.89473684210527,57.89473684210527,0
E00019884,118,37,12,25,81,73,8,31.35593220338983,10.16949152542373,21.1864406779661,68.64406779661016,61.86440677966102,6.779661016949152
E00019885,119,36,13,23,83,66,17,30.252100840336134,10.92436974789916,19.327731092436977,69.74789915966386,55.46218487394958,14.285714285714285
E00019886,249,59,7,52,190,138,52,23.694779116465863,2.8112449799196786,20.883534136546185,76.30522088353415,55.42168674698795,20.883534136546185
E00019887,216,39,21,18,177,141,36,18.055555555555554,9.722222222222223,8.333333333333332,81.94444444444444,65.27777777777779,16.666666666666664
E00019888,180,42,22,20,138,110,28,23.333333333333332,12.222222222222221,11.11111111111111,76.66666666666667,61.111111111111114,15.555555555555555
E00019889,198,42,13,29,156,113,43,21.21212121212121,6.565656565656567,14.646464646464647,78.78787878787878,57.07070707070707,21.71717171717172
E00019890,210,43,17,26,167,137,30,20.476190476190474,8.095238095238095,12.380952380952381,79.52380952380952,65.23809523809524,14.285714285714285
E00019891,207,38,17,21,169,128,41,18.357487922705314,8.212560386473431,10.144927536231885,81.64251207729468,61.83574879227053,19.806763285024154
E00019892,215,47,19,28,168,126,42,21.86046511627907,8.837209302325581,13.023255813953488,78.13953488372093,58.6046511627907,19.53488372093023
E00019893,241,53,16,37,188,146,42,21.991701244813278,6.639004149377594,15.352697095435685,78.00829875518673,60.58091286307054,17.42738589211618
E00019894,227,56,14,42,171,126,45,24.669603524229075,6.167400881057269,18.502202643171806,75.33039647577093,55.50660792951542,19.823788546255507
E00019895,148,49,20,29,99,84,15,33.108108108108105,13.513513513513514,19.594594594594593,66.8918918918919,56.75675675675676,10.135135135135135
E00019896,202,56,20,36,146,112,34,27.722772277227726,9.900990099009901,17.82178217821782,72.27722772277228,55.44554455445545,16.831683168316832
E00019897,219,67,30,37,152,120,32,30.59360730593607,13.698630136986301,16.894977168949772,69.40639269406392,54.794520547945204,14.61187214611872
E00019898,235,35,10,25,200,163,37,14.893617021276595,4.25531914893617,10.638297872340425,85.1063829787234,69.36170212765957,15.74468085106383
E00019900,194,41,14,27,153,115,38,21.1340206185567,7.216494845360824,13.917525773195877,78.8659793814433,59.27835051546392,19.587628865979383
E00019901,246,29,9,20,217,168,49,11.788617886178862,3.6585365853658534,8.130081300813007,88.21138211382113,68.29268292682927,19.91869918699187
E00019902,249,59,22,37,190,151,39,23.694779116465863,8.835341365461847,14.859437751004014,76.30522088353415,60.6425702811245,15.66265060240964
E00019903,221,43,12,31,178,112,66,19.457013574660635,5.429864253393665,14.027149321266968,80.54298642533936,50.678733031674206,29.86425339366516
E00019904,182,31,9,22,151,115,36,17.032967032967033,4.945054945054945,12.087912087912088,82.96703296703298,63.18681318681318,19.78021978021978
E00019905,134,38,15,23,96,75,21,28.35820895522388,11.194029850746269,17.16417910447761,71.64179104477611,55.970149253731336,15.671641791044777
E00019906,169,39,19,20,130,110,20,23.076923076923077,11.242603550295858,11.834319526627219,76.92307692307693,65.08875739644971,11.834319526627219
E00019907,183,40,21,19,143,112,31,21.85792349726776,11.475409836065573,10.382513661202186,78.14207650273224,61.20218579234973,16.939890710382514
E00019908,206,36,15,21,170,134,36,17.475728155339805,7.281553398058252,10.194174757281553,82.52427184466019,65.0485436893204,17.475728155339805
E00019909,190,35,14,21,155,116,39,18.421052631578945,7.368421052631578,11.052631578947368,81.57894736842105,61.05263157894737,20.526315789473685
E00019910,184,39,12,27,145,107,38,21.195652173913043,6.521739130434782,14.673913043478262,78.80434782608695,58.152173913043484,20.652173913043477
E00019911,161,36,10,26,125,97,28,22.36024844720497,6.211180124223603,16.149068322981368,77.63975155279503,60.24844720496895,17.391304347826086
E00019912,245,36,16,20,209,165,44,14.69387755102041,6.530612244897959,8.16326530612245,85.3061224489796,67.3469387755102,17.959183673469386
E00019913,217,45,26,19,172,133,39,20.737327188940093,11.981566820276496,8.755760368663594,79.26267281105991,61.29032258064516,17.972350230414747
E00019914,198,40,19,21,158,124,34,20.2020202020202,9.595959595959595,10.606060606060606,79.7979797979798,62.62626262626263,17.17171717171717
E00019915,55,9,0,9,46,44,2,16.363636363636363,0,16.363636363636363,83.63636363636363,80,3.6363636363636362
E00019916,175,36,8,28,139,104,35,20.57142857142857,4.571428571428571,16,79.42857142857143,59.42857142857143,20
E00019917,219,42,15,27,177,132,45,19.17808219178082,6.8493150684931505,12.32876712328767,80.82191780821918,60.273972602739725,20.54794520547945
E00019918,205,39,14,25,166,129,37,19.024390243902438,6.829268292682928,12.195121951219512,80.97560975609757,62.926829268292686,18.048780487804876
E00019919,211,50,15,35,161,134,27,23.696682464454977,7.109004739336493,16.587677725118482,76.30331753554502,63.507109004739334,12.796208530805686
E00019920,202,40,14,26,162,126,36,19.801980198019802,6.9306930693069315,12.871287128712872,80.19801980198021,62.37623762376238,17.82178217821782
E00019921,138,32,11,21,106,87,19,23.18840579710145,7.971014492753622,15.217391304347828,76.81159420289855,63.04347826086957,13.768115942028986
E00019922,242,61,16,45,181,133,48,25.206611570247933,6.6115702479338845,18.59504132231405,74.79338842975206,54.958677685950406,19.834710743801654
E00019924,106,31,15,16,75,58,17,29.245283018867923,14.150943396226415,15.09433962264151,70.75471698113208,54.71698113207547,16.037735849056602
E00019926,163,49,19,30,114,96,18,30.061349693251532,11.65644171779141,18.404907975460123,69.93865030674846,58.895705521472394,11.042944785276074
E00019927,171,54,23,31,117,104,13,31.57894736842105,13.450292397660817,18.128654970760234,68.42105263157895,60.81871345029239,7.602339181286549
E00019928,144,59,25,34,85,70,15,40.97222222222222,17.36111111111111,23.61111111111111,59.02777777777778,48.61111111111111,10.416666666666668
E00019929,135,51,19,32,84,75,9,37.77777777777778,14.074074074074074,23.703703703703706,62.22222222222222,55.55555555555556,6.666666666666667
E00019930,167,68,21,47,99,90,9,40.718562874251496,12.574850299401197,28.143712574850298,59.281437125748504,53.89221556886228,5.389221556886228
E00019931,226,64,26,38,162,146,16,28.31858407079646,11.504424778761061,16.8141592920354,71.68141592920354,64.60176991150442,7.079646017699115
E00019933,185,66,23,43,119,99,20,35.67567567567568,12.432432432432433,23.243243243243246,64.32432432432432,53.51351351351351,10.81081081081081
E00019934,224,71,33,38,153,127,26,31.69642857142857,14.732142857142858,16.964285714285715,68.30357142857143,56.69642857142857,11.607142857142858
E00019935,300,63,22,41,237,197,40,21,7.333333333333333,13.666666666666666,79,65.66666666666666,13.333333333333334
E00019937,158,26,12,14,132,102,30,16.455696202531644,7.59493670886076,8.860759493670885,83.54430379746836,64.55696202531645,18.9873417721519
E00019938,262,40,17,23,222,169,53,15.267175572519085,6.488549618320611,8.778625954198473,84.7328244274809,64.50381679389314,20.229007633587788
E00019942,121,33,18,15,88,68,20,27.27272727272727,14.87603305785124,12.396694214876034,72.72727272727273,56.19834710743802,16.528925619834713
E00019943,148,32,18,14,116,92,24,21.62162162162162,12.162162162162163,9.45945945945946,78.37837837837837,62.16216216216216,16.216216216216218
E00019944,119,36,15,21,83,75,8,30.252100840336134,12.605042016806722,17.647058823529413,69.74789915966386,63.02521008403361,6.722689075630252
E00019945,169,41,14,27,128,99,29,24.2603550295858,8.284023668639055,15.976331360946746,75.7396449704142,58.57988165680473,17.159763313609467
E00019947,148,46,19,27,102,86,16,31.08108108108108,12.837837837837837,18.243243243243242,68.91891891891892,58.108108108108105,10.81081081081081
E00019948,177,36,10,26,141,110,31,20.33898305084746,5.649717514124294,14.689265536723164,79.66101694915254,62.14689265536724,17.51412429378531
E00019949,95,31,14,17,64,54,10,32.631578947368425,14.736842105263156,17.894736842105264,67.36842105263158,56.84210526315789,10.526315789473683
E00019950,194,78,30,48,116,104,12,40.20618556701031,15.463917525773196,24.742268041237114,59.79381443298969,53.608247422680414,6.185567010309279
E00019953,158,66,21,45,92,82,10,41.77215189873418,13.291139240506327,28.48101265822785,58.22784810126582,51.89873417721519,6.329113924050633
E00019955,106,45,10,35,61,55,6,42.45283018867924,9.433962264150944,33.0188679245283,57.54716981132076,51.886792452830186,5.660377358490567
E00019956,184,80,33,47,104,97,7,43.47826086956522,17.934782608695652,25.543478260869566,56.52173913043478,52.71739130434783,3.804347826086957
E00019957,205,71,30,41,134,115,19,34.63414634146341,14.634146341463413,20,65.3658536585366,56.09756097560976,9.268292682926829
E00019958,208,77,22,55,131,111,20,37.019230769230774,10.576923076923077,26.442307692307693,62.980769230769226,53.36538461538461,9.615384615384617
E00019959,197,49,31,18,148,129,19,24.873096446700508,15.736040609137056,9.137055837563452,75.1269035532995,65.48223350253807,9.644670050761421
E00019960,201,62,27,35,139,120,19,30.845771144278604,13.432835820895523,17.412935323383085,69.15422885572139,59.70149253731343,9.45273631840796
E00019961,164,65,27,38,99,81,18,39.63414634146341,16.463414634146343,23.170731707317074,60.36585365853659,49.390243902439025,10.975609756097562
E00019962,112,29,6,23,83,79,4,25.892857142857146,5.357142857142857,20.535714285714285,74.10714285714286,70.53571428571429,3.571428571428571
E00019963,237,116,65,51,121,82,39,48.9451476793249,27.42616033755274,21.518987341772153,51.0548523206751,34.59915611814346,16.455696202531644
E00019965,108,49,22,27,59,58,1,45.370370370370374,20.37037037037037,25,54.629629629629626,53.70370370370371,0.9259259259259258
E00019968,103,29,6,23,74,66,8,28.155339805825243,5.825242718446602,22.330097087378643,71.84466019417476,64.07766990291263,7.766990291262135
E00019971,120,19,7,12,101,86,15,15.833333333333332,5.833333333333333,10,84.16666666666667,71.66666666666667,12.5
E00019972,105,5,0,5,100,89,11,4.761904761904762,0,4.761904761904762,95.23809523809523,84.76190476190476,10.476190476190476
E00019973,99,50,27,23,49,43,6,50.505050505050505,27.27272727272727,23.232323232323232,49.494949494949495,43.43434343434344,6.0606060606060606
E00019974,182,33,14,19,149,127,22,18.13186813186813,7.6923076923076925,10.43956043956044,81.86813186813187,69.78021978021978,12.087912087912088
E00019975,111,16,6,10,95,83,12,14.414414414414415,5.405405405405405,9.00900900900901,85.58558558558559,74.77477477477478,10.81081081081081
E00019976,113,55,11,44,58,52,6,48.67256637168141,9.734513274336283,38.93805309734513,51.32743362831859,46.017699115044245,5.3097345132743365
E00019977,40,23,10,13,17,17,0,57.49999999999999,25,32.5,42.5,42.5,0
E00019978,189,42,17,25,147,117,30,22.22222222222222,8.994708994708994,13.227513227513226,77.77777777777779,61.904761904761905,15.873015873015872
E00019979,143,25,14,11,118,104,14,17.482517482517483,9.79020979020979,7.6923076923076925,82.51748251748252,72.72727272727273,9.79020979020979
E00019980,113,40,14,26,73,68,5,35.39823008849557,12.389380530973451,23.008849557522122,64.60176991150442,60.17699115044248,4.424778761061947
E00019981,100,35,14,21,65,61,4,35,14.000000000000002,21,65,61,4
E00019982,151,59,22,37,92,81,11,39.0728476821192,14.56953642384106,24.503311258278146,60.9271523178808,53.64238410596026,7.28476821192053
E00019983,203,64,37,27,139,122,17,31.527093596059114,18.226600985221676,13.30049261083744,68.4729064039409,60.09852216748769,8.374384236453201
E00019984,142,59,22,37,83,74,9,41.54929577464789,15.492957746478872,26.056338028169012,58.45070422535211,52.112676056338024,6.338028169014084
E00019985,201,48,13,35,153,129,24,23.88059701492537,6.467661691542288,17.412935323383085,76.11940298507463,64.17910447761194,11.940298507462686
E00019987,139,31,12,19,108,93,15,22.302158273381295,8.633093525179856,13.66906474820144,77.6978417266187,66.90647482014388,10.79136690647482
E00019988,147,55,18,37,92,81,11,37.41496598639456,12.244897959183673,25.170068027210885,62.585034013605444,55.10204081632652,7.482993197278912
E00019989,76,29,12,17,47,34,13,38.15789473684211,15.789473684210526,22.36842105263158,61.8421052631579,44.73684210526316,17.105263157894736
E00019990,115,43,18,25,72,68,4,37.391304347826086,15.65217391304348,21.73913043478261,62.60869565217392,59.130434782608695,3.4782608695652173
E00019992,188,64,13,51,124,113,11,34.04255319148936,6.914893617021277,27.127659574468083,65.95744680851064,60.1063829787234,5.851063829787234
E00019995,119,38,15,23,81,68,13,31.932773109243694,12.605042016806722,19.327731092436977,68.0672268907563,57.14285714285714,10.92436974789916
E00019997,212,56,33,23,156,124,32,26.41509433962264,15.566037735849056,10.849056603773585,73.58490566037736,58.490566037735846,15.09433962264151
E00019998,180,54,19,35,126,119,7,30,10.555555555555555,19.444444444444446,70,66.11111111111111,3.888888888888889
E00019999,66,34,17,17,32,28,4,51.515151515151516,25.757575757575758,25.757575757575758,48.484848484848484,42.42424242424242,6.0606060606060606
E00020000,110,65,30,35,45,39,6,59.09090909090909,27.27272727272727,31.818181818181817,40.909090909090914,35.45454545454545,5.454545454545454
E00020001,136,42,21,21,94,84,10,30.88235294117647,15.441176470588236,15.441176470588236,69.11764705882352,61.76470588235294,7.352941176470589
E00020002,250,80,23,57,170,144,26,32,9.2,22.8,68,57.599999999999994,10.4
E00020003,123,49,21,28,74,64,10,39.83739837398374,17.073170731707318,22.76422764227642,60.16260162601627,52.03252032520326,8.130081300813007
E00020004,134,45,15,30,89,78,11,33.582089552238806,11.194029850746269,22.388059701492537,66.4179104477612,58.2089552238806,8.208955223880597
E00020005,218,88,38,50,130,108,22,40.36697247706422,17.431192660550458,22.93577981651376,59.63302752293578,49.54128440366973,10.091743119266056
E00020006,189,45,26,19,144,114,30,23.809523809523807,13.756613756613756,10.052910052910052,76.19047619047619,60.317460317460316,15.873015873015872
E00020007,72,30,20,10,42,35,7,41.66666666666667,27.77777777777778,13.88888888888889,58.333333333333336,48.61111111111111,9.722222222222223
E00020008,146,41,26,15,105,73,32,28.08219178082192,17.80821917808219,10.273972602739725,71.91780821917808,50,21.91780821917808
E00020009,195,39,22,17,156,113,43,20,11.282051282051283,8.717948717948717,80,57.948717948717956,22.05128205128205
E00020010,250,20,9,11,230,145,85,8,3.5999999999999996,4.3999999999999995,92,57.99999999999999,34
E00020011,202,42,17,25,160,112,48,20.792079207920793,8.415841584158416,12.376237623762377,79.20792079207921,55.44554455445545,23.762376237623762
E00020013,238,51,19,32,187,155,32,21.428571428571427,7.9831932773109235,13.445378151260504,78.57142857142857,65.12605042016807,13.445378151260504
E00020014,344,39,22,17,305,203,102,11.337209302325581,6.395348837209303,4.941860465116279,88.66279069767442,59.01162790697675,29.651162790697676
E00020015,156,43,13,30,113,95,18,27.564102564102566,8.333333333333332,19.230769230769234,72.43589743589743,60.89743589743589,11.538461538461538
E00020016,183,64,24,40,119,103,16,34.97267759562842,13.114754098360656,21.85792349726776,65.02732240437157,56.284153005464475,8.743169398907105
E00020017,296,44,18,26,252,197,55,14.864864864864865,6.081081081081082,8.783783783783784,85.13513513513513,66.55405405405406,18.58108108108108
E00020018,164,38,10,28,126,96,30,23.170731707317074,6.097560975609756,17.073170731707318,76.82926829268293,58.536585365853654,18.29268292682927
E00020019,122,41,15,26,81,64,17,33.60655737704918,12.295081967213115,21.311475409836063,66.39344262295081,52.459016393442624,13.934426229508196
E00020020,288,55,23,32,233,184,49,19.09722222222222,7.986111111111111,11.11111111111111,80.90277777777779,63.888888888888886,17.01388888888889
E00020021,148,35,16,19,113,94,19,23.64864864864865,10.81081081081081,12.837837837837837,76.35135135135135,63.51351351351351,12.837837837837837
E00020022,95,18,7,11,77,64,13,18.947368421052634,7.368421052631578,11.578947368421053,81.05263157894737,67.36842105263158,13.684210526315791
E00020023,107,41,16,25,66,58,8,38.31775700934579,14.953271028037381,23.364485981308412,61.6822429906542,54.20560747663551,7.476635514018691
E00020024,112,47,27,20,65,50,15,41.964285714285715,24.107142857142858,17.857142857142858,58.03571428571429,44.642857142857146,13.392857142857142
E00020025,152,35,9,26,117,93,24,23.026315789473685,5.921052631578947,17.105263157894736,76.97368421052632,61.18421052631579,15.789473684210526
E00020026,130,35,9,26,95,81,14,26.923076923076923,6.923076923076923,20,73.07692307692307,62.30769230769231,10.76923076923077
E00020027,159,26,12,14,133,92,41,16.352201257861633,7.547169811320755,8.80503144654088,83.64779874213836,57.861635220125784,25.78616352201258
E00020028,261,55,21,34,206,162,44,21.0727969348659,8.045977011494253,13.026819923371647,78.9272030651341,62.06896551724138,16.85823754789272
E00020029,113,31,8,23,82,67,15,27.43362831858407,7.079646017699115,20.353982300884958,72.56637168141593,59.29203539823009,13.274336283185843
E00020030,105,34,17,17,71,60,11,32.38095238095238,16.19047619047619,16.19047619047619,67.61904761904762,57.14285714285714,10.476190476190476
E00020031,176,60,19,41,116,96,20,34.090909090909086,10.795454545454545,23.295454545454543,65.9090909090909,54.54545454545454,11.363636363636363
E00020032,110,27,8,19,83,71,12,24.545454545454547,7.2727272727272725,17.272727272727273,75.45454545454545,64.54545454545455,10.909090909090908
E00020034,124,34,17,17,90,78,12,27.419354838709676,13.709677419354838,13.709677419354838,72.58064516129032,62.903225806451616,9.67741935483871
E00020035,167,30,14,16,137,90,47,17.964071856287426,8.383233532934131,9.580838323353294,82.03592814371258,53.89221556886228,28.143712574850298
E00020036,125,24,10,14,101,86,15,19.2,8,11.200000000000001,80.80000000000001,68.8,12
E00020037,238,42,19,23,196,139,57,17.647058823529413,7.9831932773109235,9.663865546218489,82.35294117647058,58.40336134453782,23.949579831932773
E00020039,89,29,9,20,60,40,20,32.58426966292135,10.112359550561797,22.47191011235955,67.41573033707866,44.9438202247191,22.47191011235955
E00020040,178,41,18,23,137,106,31,23.03370786516854,10.112359550561797,12.921348314606742,76.96629213483146,59.55056179775281,17.415730337078653
E00020041,143,42,18,24,101,77,24,29.37062937062937,12.587412587412588,16.783216783216783,70.62937062937063,53.84615384615385,16.783216783216783
E00020043,149,38,13,25,111,83,28,25.503355704697988,8.724832214765101,16.778523489932887,74.49664429530202,55.70469798657718,18.79194630872483
E00020045,141,36,14,22,105,86,19,25.53191489361702,9.929078014184398,15.602836879432624,74.46808510638297,60.99290780141844,13.47517730496454
E00020046,169,45,13,32,124,107,17,26.627218934911244,7.6923076923076925,18.93491124260355,73.37278106508876,63.31360946745562,10.059171597633137
E00020047,141,42,16,26,99,78,21,29.78723404255319,11.347517730496454,18.439716312056735,70.2127659574468,55.319148936170215,14.893617021276595
E00020048,135,48,18,30,87,77,10,35.55555555555556,13.333333333333334,22.22222222222222,64.44444444444444,57.03703703703704,7.4074074074074066
E00020049,158,44,19,25,114,90,24,27.848101265822784,12.025316455696203,15.822784810126583,72.15189873417721,56.9620253164557,15.18987341772152
E00020050,128,39,9,30,89,76,13,30.46875,7.03125,23.4375,69.53125,59.375,10.15625
E00020052,319,60,18,42,259,208,51,18.808777429467085,5.6426332288401255,13.166144200626958,81.19122257053291,65.20376175548589,15.987460815047022
E00020053,122,45,21,24,77,66,11,36.885245901639344,17.21311475409836,19.672131147540984,63.114754098360656,54.09836065573771,9.01639344262295
E00020054,196,78,32,46,118,100,18,39.795918367346935,16.3265306122449,23.46938775510204,60.204081632653065,51.02040816326531,9.183673469387756
E00020055,209,54,18,36,155,124,31,25.837320574162682,8.61244019138756,17.22488038277512,74.16267942583733,59.33014354066985,14.832535885167463
E00020056,107,33,13,20,74,61,13,30.8411214953271,12.149532710280374,18.69158878504673,69.1588785046729,57.009345794392516,12.149532710280374
E00020057,135,44,18,26,91,79,12,32.592592592592595,13.333333333333334,19.25925925925926,67.4074074074074,58.51851851851851,8.88888888888889
E00020059,169,67,20,47,102,90,12,39.64497041420118,11.834319526627219,27.810650887573964,60.35502958579882,53.25443786982249,7.100591715976331
E00020060,370,57,33,24,313,254,59,15.405405405405407,8.91891891891892,6.486486486486487,84.5945945945946,68.64864864864865,15.945945945945947
E00020061,222,93,44,49,129,107,22,41.891891891891895,19.81981981981982,22.07207207207207,58.108108108108105,48.1981981981982,9.90990990990991
E00020062,211,65,23,42,146,123,23,30.80568720379147,10.90047393364929,19.90521327014218,69.19431279620854,58.29383886255924,10.90047393364929
E00020063,198,76,32,44,122,107,15,38.38383838383838,16.161616161616163,22.22222222222222,61.61616161616161,54.04040404040404,7.575757575757576
E00020064,236,88,27,61,148,130,18,37.28813559322034,11.440677966101696,25.847457627118644,62.71186440677966,55.08474576271186,7.627118644067797
E00020065,123,56,21,35,67,54,13,45.52845528455284,17.073170731707318,28.455284552845526,54.47154471544715,43.90243902439025,10.569105691056912
E00020066,163,62,16,46,101,86,15,38.036809815950924,9.815950920245399,28.22085889570552,61.963190184049076,52.760736196319016,9.202453987730062
E00020067,182,65,26,39,117,109,8,35.714285714285715,14.285714285714285,21.428571428571427,64.28571428571429,59.89010989010989,4.395604395604396
E00020068,166,61,23,38,105,89,16,36.74698795180723,13.855421686746988,22.89156626506024,63.25301204819277,53.6144578313253,9.63855421686747
E00020069,117,47,15,32,70,63,7,40.17094017094017,12.82051282051282,27.350427350427353,59.82905982905983,53.84615384615385,5.982905982905983
E00020070,170,66,21,45,104,85,19,38.82352941176471,12.352941176470589,26.47058823529412,61.1764705882353,50,11.176470588235295
E00020071,250,106,68,38,144,114,30,42.4,27.200000000000003,15.2,57.599999999999994,45.6,12
E00020072,144,47,13,34,97,82,15,32.63888888888889,9.027777777777777,23.61111111111111,67.36111111111111,56.94444444444444,10.416666666666668
E00020073,206,64,26,38,142,122,20,31.06796116504854,12.62135922330097,18.446601941747574,68.93203883495146,59.22330097087378,9.70873786407767
E00020074,156,68,26,42,88,77,11,43.58974358974359,16.666666666666664,26.923076923076923,56.41025641025641,49.358974358974365,7.051282051282051
E00020075,128,43,20,23,85,71,14,33.59375,15.625,17.96875,66.40625,55.46875,10.9375
E00020076,198,65,17,48,133,116,17,32.82828282828283,8.585858585858585,24.242424242424242,67.17171717171718,58.58585858585859,8.585858585858585
E00020077,165,63,26,37,102,93,9,38.18181818181819,15.757575757575756,22.424242424242426,61.81818181818181,56.36363636363636,5.454545454545454
E00020078,237,53,11,42,184,138,46,22.362869198312236,4.641350210970464,17.72151898734177,77.63713080168776,58.22784810126582,19.40928270042194
E00020079,88,30,9,21,58,49,9,34.090909090909086,10.227272727272728,23.863636363636363,65.9090909090909,55.68181818181818,10.227272727272728
E00020080,183,59,20,39,124,109,15,32.240437158469945,10.92896174863388,21.311475409836063,67.75956284153006,59.56284153005464,8.19672131147541
E00020081,198,69,19,50,129,111,18,34.84848484848485,9.595959595959595,25.252525252525253,65.15151515151516,56.060606060606055,9.090909090909092
E00020082,315,74,30,44,241,214,27,23.49206349206349,9.523809523809524,13.968253968253968,76.5079365079365,67.93650793650794,8.571428571428571
E00020083,102,38,10,28,64,56,8,37.254901960784316,9.803921568627452,27.450980392156865,62.745098039215684,54.90196078431373,7.8431372549019605
E00020084,355,74,33,41,281,206,75,20.845070422535212,9.295774647887324,11.549295774647888,79.15492957746478,58.028169014084504,21.12676056338028
E00020087,144,35,8,27,109,100,9,24.305555555555554,5.555555555555555,18.75,75.69444444444444,69.44444444444444,6.25
E00020088,132,46,15,31,86,75,11,34.84848484848485,11.363636363636363,23.484848484848484,65.15151515151516,56.81818181818182,8.333333333333332
E00020089,111,32,10,22,79,63,16,28.82882882882883,9.00900900900901,19.81981981981982,71.17117117117117,56.75675675675676,14.414414414414415
E00020090,158,20,6,14,138,119,19,12.658227848101266,3.79746835443038,8.860759493670885,87.34177215189874,75.31645569620254,12.025316455696203
E00020091,85,24,9,15,61,53,8,28.235294117647058,10.588235294117647,17.647058823529413,71.76470588235294,62.35294117647059,9.411764705882353
E00020092,117,32,13,19,85,72,13,27.350427350427353,11.11111111111111,16.23931623931624,72.64957264957265,61.53846153846154,11.11111111111111
E00020093,98,28,13,15,70,59,11,28.57142857142857,13.26530612244898,15.306122448979592,71.42857142857143,60.204081632653065,11.224489795918368
E00020094,107,28,12,16,79,69,10,26.168224299065418,11.214953271028037,14.953271028037381,73.83177570093457,64.48598130841121,9.345794392523365
E00020095,175,52,20,32,123,109,14,29.714285714285715,11.428571428571429,18.285714285714285,70.28571428571428,62.28571428571429,8
E00020096,64,23,11,12,41,36,5,35.9375,17.1875,18.75,64.0625,56.25,7.8125
E00020097,149,53,14,39,96,84,12,35.57046979865772,9.395973154362416,26.174496644295303,64.42953020134227,56.375838926174495,8.053691275167784
E00020098,226,55,21,34,171,151,20,24.336283185840706,9.29203539823009,15.04424778761062,75.66371681415929,66.8141592920354,8.849557522123893
E00020099,138,40,19,21,98,83,15,28.985507246376812,13.768115942028986,15.217391304347828,71.01449275362319,60.14492753623188,10.869565217391305
E00020100,175,52,18,34,123,113,10,29.714285714285715,10.285714285714285,19.428571428571427,70.28571428571428,64.57142857142857,5.714285714285714
E00020102,100,33,9,24,67,60,7,33,9,24,67,60,7.000000000000001
E00020103,50,12,2,10,38,27,11,24,4,20,76,54,22
E00020104,97,21,5,16,76,61,15,21.649484536082475,5.154639175257731,16.49484536082474,78.35051546391753,62.88659793814433,15.463917525773196
E00020105,101,24,8,16,77,61,16,23.762376237623762,7.920792079207921,15.841584158415841,76.23762376237624,60.396039603960396,15.841584158415841
E00020107,148,22,9,13,126,106,20,14.864864864864865,6.081081081081082,8.783783783783784,85.13513513513513,71.62162162162163,13.513513513513514
E00020108,111,28,12,16,83,67,16,25.225225225225223,10.81081081081081,14.414414414414415,74.77477477477478,60.36036036036037,14.414414414414415
E00020109,134,30,13,17,104,86,18,22.388059701492537,9.701492537313433,12.686567164179104,77.61194029850746,64.17910447761194,13.432835820895523
E00020110,136,28,15,13,108,94,14,20.588235294117645,11.029411764705882,9.558823529411764,79.41176470588235,69.11764705882352,10.294117647058822
E00020111,156,34,15,19,122,96,26,21.794871794871796,9.615384615384617,12.179487179487179,78.2051282051282,61.53846153846154,16.666666666666664
E00020112,162,26,14,12,136,93,43,16.049382716049383,8.641975308641975,7.4074074074074066,83.9506172839506,57.407407407407405,26.543209876543212
E00020113,272,54,27,27,218,170,48,19.852941176470587,9.926470588235293,9.926470588235293,80.14705882352942,62.5,17.647058823529413
E00020114,189,50,22,28,139,116,23,26.455026455026452,11.64021164021164,14.814814814814813,73.54497354497354,61.37566137566137,12.16931216931217
E00020115,168,51,20,31,117,100,17,30.357142857142854,11.904761904761903,18.452380952380953,69.64285714285714,59.523809523809526,10.119047619047619
E00020116,106,37,13,24,69,59,10,34.90566037735849,12.264150943396226,22.641509433962266,65.09433962264151,55.660377358490564,9.433962264150944
E00020117,164,28,8,20,136,101,35,17.073170731707318,4.878048780487805,12.195121951219512,82.92682926829268,61.58536585365854,21.341463414634145
E00020118,154,26,10,16,128,110,18,16.883116883116884,6.493506493506493,10.38961038961039,83.11688311688312,71.42857142857143,11.688311688311687
E00020119,150,26,9,17,124,95,29,17.333333333333336,6,11.333333333333332,82.66666666666667,63.33333333333333,19.333333333333332
E00020120,174,46,12,34,128,104,24,26.436781609195403,6.896551724137931,19.54022988505747,73.5632183908046,59.77011494252874,13.793103448275861
E00020121,190,50,24,26,140,113,27,26.31578947368421,12.631578947368421,13.684210526315791,73.68421052631578,59.473684210526315,14.210526315789473
E00020122,119,32,12,20,87,74,13,26.89075630252101,10.084033613445378,16.80672268907563,73.10924369747899,62.18487394957983,10.92436974789916
E00020123,167,52,20,32,115,96,19,31.137724550898206,11.976047904191617,19.16167664670659,68.8622754491018,57.48502994011976,11.377245508982035
E00020124,178,63,21,42,115,99,16,35.39325842696629,11.797752808988763,23.595505617977526,64.60674157303372,55.61797752808989,8.98876404494382
E00020125,100,36,11,25,64,54,10,36,11,25,64,54,10
E00020126,186,40,15,25,146,114,32,21.50537634408602,8.064516129032258,13.440860215053762,78.49462365591397,61.29032258064516,17.20430107526882
E00020127,212,65,22,43,147,126,21,30.660377358490564,10.377358490566039,20.28301886792453,69.33962264150944,59.43396226415094,9.90566037735849
E00020128,101,29,18,11,72,65,7,28.71287128712871,17.82178217821782,10.891089108910892,71.28712871287128,64.35643564356435,6.9306930693069315
E00020129,115,31,11,20,84,71,13,26.956521739130434,9.565217391304348,17.391304347826086,73.04347826086956,61.73913043478261,11.304347826086957
E00020130,110,38,14,24,72,65,7,34.54545454545455,12.727272727272727,21.818181818181817,65.45454545454545,59.09090909090909,6.363636363636363
E00020131,138,47,10,37,91,76,15,34.05797101449276,7.246376811594203,26.811594202898554,65.94202898550725,55.072463768115945,10.869565217391305
E00020132,156,57,28,29,99,83,16,36.53846153846153,17.94871794871795,18.58974358974359,63.46153846153846,53.205128205128204,10.256410256410255
E00020133,170,39,18,21,131,125,6,22.941176470588236,10.588235294117647,12.352941176470589,77.05882352941177,73.52941176470588,3.5294117647058822
E00020134,262,89,29,60,173,151,22,33.969465648854964,11.068702290076336,22.900763358778626,66.03053435114504,57.63358778625955,8.396946564885496
E00020137,112,33,15,18,79,67,12,29.464285714285715,13.392857142857142,16.071428571428573,70.53571428571429,59.82142857142857,10.714285714285714
E00020138,113,43,19,24,70,65,5,38.05309734513274,16.8141592920354,21.238938053097346,61.94690265486725,57.52212389380531,4.424778761061947
E00020139,78,10,3,7,68,54,14,12.82051282051282,3.8461538461538463,8.974358974358974,87.17948717948718,69.23076923076923,17.94871794871795
E00020140,170,54,17,37,116,105,11,31.76470588235294,10,21.764705882352942,68.23529411764706,61.76470588235294,6.470588235294119
E00020141,157,51,14,37,106,97,9,32.48407643312102,8.9171974522293,23.56687898089172,67.51592356687898,61.78343949044586,5.7324840764331215
E00020142,221,52,26,26,169,132,37,23.52941176470588,11.76470588235294,11.76470588235294,76.47058823529412,59.72850678733032,16.7420814479638
E00020144,179,58,22,36,121,98,23,32.402234636871505,12.290502793296088,20.11173184357542,67.59776536312849,54.7486033519553,12.849162011173185
E00020145,225,53,15,38,172,141,31,23.555555555555554,6.666666666666667,16.88888888888889,76.44444444444444,62.66666666666667,13.777777777777779
E00020146,128,44,13,31,84,70,14,34.375,10.15625,24.21875,65.625,54.6875,10.9375
E00020147,187,44,16,28,143,109,34,23.52941176470588,8.55614973262032,14.973262032085561,76.47058823529412,58.288770053475936,18.181818181818183
E00020148,234,78,22,56,156,135,21,33.33333333333333,9.401709401709402,23.931623931623932,66.66666666666666,57.692307692307686,8.974358974358974
E00020149,245,52,18,34,193,160,33,21.224489795918366,7.346938775510205,13.877551020408163,78.77551020408163,65.3061224489796,13.46938775510204
E00020150,168,40,11,29,128,97,31,23.809523809523807,6.547619047619048,17.261904761904763,76.19047619047619,57.738095238095234,18.452380952380953
E00020151,103,24,11,13,79,62,17,23.300970873786408,10.679611650485436,12.62135922330097,76.69902912621359,60.19417475728155,16.50485436893204
E00020152,200,54,19,35,146,112,34,27,9.5,17.5,73,56.00000000000001,17
E00020153,158,52,23,29,106,94,12,32.91139240506329,14.556962025316455,18.354430379746837,67.08860759493672,59.49367088607595,7.59493670886076
E00020154,206,68,23,45,138,118,20,33.00970873786408,11.165048543689322,21.844660194174757,66.99029126213593,57.28155339805825,9.70873786407767
E00020155,176,66,20,46,110,100,10,37.5,11.363636363636363,26.136363636363637,62.5,56.81818181818182,5.681818181818182
E00020156,199,45,19,26,154,126,28,22.613065326633166,9.547738693467336,13.06532663316583,77.38693467336684,63.31658291457286,14.07035175879397
E00020157,194,44,16,28,150,122,28,22.68041237113402,8.24742268041237,14.432989690721648,77.31958762886599,62.88659793814433,14.432989690721648
E00020158,198,53,16,37,145,119,26,26.767676767676768,8.080808080808081,18.68686868686869,73.23232323232324,60.1010101010101,13.131313131313133
E00020161,128,41,12,29,87,73,14,32.03125,9.375,22.65625,67.96875,57.03125,10.9375
E00020164,206,49,26,23,157,132,25,23.78640776699029,12.62135922330097,11.165048543689322,76.2135922330097,64.07766990291263,12.135922330097088
E00020165,211,60,23,37,151,125,26,28.436018957345972,10.90047393364929,17.535545023696685,71.56398104265402,59.241706161137444,12.322274881516588
E00020166,130,38,13,25,92,74,18,29.230769230769234,10,19.230769230769234,70.76923076923077,56.92307692307692,13.846153846153847
E00020167,153,57,13,44,96,84,12,37.254901960784316,8.49673202614379,28.75816993464052,62.745098039215684,54.90196078431373,7.8431372549019605
E00020168,250,63,24,39,187,137,50,25.2,9.6,15.6,74.8,54.800000000000004,20
E00020169,126,43,22,21,83,75,8,34.12698412698413,17.46031746031746,16.666666666666664,65.87301587301587,59.523809523809526,6.349206349206349
E00020170,204,46,17,29,158,136,22,22.54901960784314,8.333333333333332,14.215686274509803,77.45098039215686,66.66666666666666,10.784313725490197
E00020171,213,44,12,32,169,153,16,20.657276995305164,5.633802816901409,15.023474178403756,79.34272300469483,71.83098591549296,7.511737089201878
E00020172,135,46,20,26,89,70,19,34.074074074074076,14.814814814814813,19.25925925925926,65.92592592592592,51.85185185185185,14.074074074074074
E00020173,107,31,17,14,76,66,10,28.971962616822427,15.887850467289718,13.084112149532709,71.02803738317756,61.6822429906542,9.345794392523365
E00020174,188,42,22,20,146,120,26,22.340425531914892,11.702127659574469,10.638297872340425,77.6595744680851,63.829787234042556,13.829787234042554
E00020175,81,23,5,18,58,58,0,28.39506172839506,6.172839506172839,22.22222222222222,71.60493827160494,71.60493827160494,0
E00020176,176,46,18,28,130,110,20,26.136363636363637,10.227272727272728,15.909090909090908,73.86363636363636,62.5,11.363636363636363
E00020177,159,54,18,36,105,86,19,33.9622641509434,11.320754716981133,22.641509433962266,66.0377358490566,54.088050314465406,11.949685534591195
E00020179,153,44,22,22,109,94,15,28.75816993464052,14.37908496732026,14.37908496732026,71.24183006535948,61.43790849673203,9.803921568627452
E00020180,162,63,21,42,99,93,6,38.88888888888889,12.962962962962962,25.925925925925924,61.111111111111114,57.407407407407405,3.7037037037037033
E00020181,155,64,31,33,91,84,7,41.29032258064516,20,21.29032258064516,58.70967741935483,54.19354838709678,4.516129032258064
E00020182,150,50,16,34,100,92,8,33.33333333333333,10.666666666666668,22.666666666666664,66.66666666666666,61.33333333333333,5.333333333333334
E00020183,168,54,21,33,114,97,17,32.142857142857146,12.5,19.642857142857142,67.85714285714286,57.738095238095234,10.119047619047619
E00020184,241,86,32,54,155,136,19,35.684647302904565,13.278008298755188,22.40663900414938,64.31535269709543,56.43153526970954,7.883817427385892
E00020185,258,71,26,45,187,154,33,27.51937984496124,10.077519379844961,17.441860465116278,72.48062015503875,59.68992248062015,12.790697674418606
E00020186,190,53,16,37,137,116,21,27.89473684210526,8.421052631578947,19.473684210526315,72.10526315789474,61.05263157894737,11.052631578947368
E00020188,115,45,16,29,70,65,5,39.130434782608695,13.91304347826087,25.217391304347824,60.86956521739131,56.52173913043478,4.3478260869565215
E00020190,118,43,19,24,75,58,17,36.440677966101696,16.101694915254235,20.33898305084746,63.559322033898304,49.152542372881356,14.40677966101695
E00020192,202,62,27,35,140,124,16,30.693069306930692,13.366336633663368,17.326732673267326,69.3069306930693,61.386138613861384,7.920792079207921
E00020193,156,42,11,31,114,105,9,26.923076923076923,7.051282051282051,19.871794871794872,73.07692307692307,67.3076923076923,5.769230769230769
E00020194,246,94,38,56,152,133,19,38.21138211382114,15.447154471544716,22.76422764227642,61.78861788617886,54.0650406504065,7.723577235772358
E00020195,130,41,14,27,89,78,11,31.538461538461537,10.76923076923077,20.76923076923077,68.46153846153847,60,8.461538461538462
E00020196,126,46,21,25,80,67,13,36.507936507936506,16.666666666666664,19.841269841269842,63.49206349206349,53.17460317460318,10.317460317460316
E00020197,133,43,14,29,90,82,8,32.33082706766917,10.526315789473683,21.804511278195488,67.66917293233082,61.65413533834586,6.015037593984962
E00020199,320,79,35,44,241,220,21,24.6875,10.9375,13.750000000000002,75.3125,68.75,6.5625
E00020200,176,39,16,23,137,119,18,22.15909090909091,9.090909090909092,13.068181818181818,77.8409090909091,67.61363636363636,10.227272727272728
E00020201,268,78,30,48,190,173,17,29.1044776119403,11.194029850746269,17.91044776119403,70.8955223880597,64.55223880597015,6.343283582089552
E00020202,291,88,38,50,203,174,29,30.240549828178693,13.058419243986256,17.18213058419244,69.7594501718213,59.79381443298969,9.965635738831615
E00020203,213,69,24,45,144,104,40,32.3943661971831,11.267605633802818,21.12676056338028,67.6056338028169,48.82629107981221,18.779342723004692
E00020204,187,57,13,44,130,114,16,30.481283422459892,6.951871657754011,23.52941176470588,69.5187165775401,60.962566844919785,8.55614973262032
E00020206,109,34,12,22,75,70,5,31.19266055045872,11.009174311926607,20.18348623853211,68.80733944954129,64.22018348623854,4.587155963302752
E00020207,218,74,25,49,144,121,23,33.94495412844037,11.46788990825688,22.477064220183486,66.05504587155964,55.5045871559633,10.550458715596331
E00020208,124,53,15,38,71,63,8,42.74193548387097,12.096774193548388,30.64516129032258,57.25806451612904,50.806451612903224,6.451612903225806
E00020209,172,52,16,36,120,98,22,30.23255813953488,9.30232558139535,20.930232558139537,69.76744186046511,56.97674418604651,12.790697674418606
E00020210,277,66,25,41,211,184,27,23.826714801444044,9.025270758122744,14.801444043321299,76.17328519855594,66.4259927797834,9.747292418772563
E00020211,171,42,18,24,129,109,20,24.561403508771928,10.526315789473683,14.035087719298245,75.43859649122807,63.74269005847953,11.695906432748536
E00020212,121,29,16,13,92,69,23,23.96694214876033,13.223140495867769,10.743801652892563,76.03305785123968,57.02479338842975,19.00826446280992
E00020213,205,53,25,28,152,125,27,25.853658536585368,12.195121951219512,13.658536585365855,74.14634146341463,60.97560975609756,13.170731707317074
E00020214,168,38,16,22,130,115,15,22.61904761904762,9.523809523809524,13.095238095238097,77.38095238095238,68.45238095238095,8.928571428571429
E00020215,199,42,19,23,157,134,23,21.105527638190953,9.547738693467336,11.557788944723619,78.89447236180904,67.33668341708542,11.557788944723619
E00020216,207,40,9,31,167,138,29,19.32367149758454,4.3478260869565215,14.975845410628018,80.67632850241546,66.66666666666666,14.009661835748794
E00020217,209,46,17,29,163,142,21,22.00956937799043,8.133971291866029,13.875598086124402,77.99043062200957,67.94258373205741,10.047846889952153
E00020218,180,36,14,22,144,115,29,20,7.777777777777778,12.222222222222221,80,63.888888888888886,16.11111111111111
E00020219,195,64,29,35,131,110,21,32.82051282051282,14.871794871794872,17.94871794871795,67.17948717948717,56.41025641025641,10.76923076923077
E00020220,235,91,31,60,144,109,35,38.72340425531915,13.191489361702127,25.53191489361702,61.27659574468085,46.38297872340426,14.893617021276595
E00020221,180,45,17,28,135,99,36,25,9.444444444444445,15.555555555555555,75,55.00000000000001,20
E00020222,140,34,11,23,106,81,25,24.285714285714285,7.857142857142857,16.428571428571427,75.71428571428571,57.85714285714286,17.857142857142858
E00020223,191,50,22,28,141,117,24,26.17801047120419,11.518324607329843,14.659685863874344,73.82198952879581,61.25654450261781,12.56544502617801
E00020224,208,64,27,37,144,103,41,30.76923076923077,12.980769230769232,17.78846153846154,69.23076923076923,49.519230769230774,19.71153846153846
E00020225,161,46,15,31,115,97,18,28.57142857142857,9.316770186335404,19.25465838509317,71.42857142857143,60.24844720496895,11.180124223602485
E00020226,165,28,8,20,137,110,27,16.969696969696972,4.848484848484849,12.121212121212121,83.03030303030303,66.66666666666666,16.363636363636363
E00020227,141,42,18,24,99,71,28,29.78723404255319,12.76595744680851,17.02127659574468,70.2127659574468,50.35460992907801,19.858156028368796
E00020228,228,52,21,31,176,137,39,22.807017543859647,9.210526315789473,13.596491228070176,77.19298245614034,60.08771929824561,17.105263157894736
E00020229,264,61,26,35,203,156,47,23.106060606060606,9.848484848484848,13.257575757575758,76.89393939393939,59.09090909090909,17.803030303030305
E00020230,176,29,16,13,147,110,37,16.477272727272727,9.090909090909092,7.386363636363637,83.52272727272727,62.5,21.022727272727273
E00020231,167,48,17,31,119,89,30,28.74251497005988,10.179640718562874,18.562874251497004,71.25748502994011,53.293413173652695,17.964071856287426
E00020232,207,42,14,28,165,129,36,20.28985507246377,6.763285024154589,13.526570048309178,79.71014492753623,62.31884057971014,17.391304347826086
E00020233,178,51,20,31,127,101,26,28.651685393258425,11.235955056179774,17.415730337078653,71.34831460674157,56.74157303370787,14.606741573033707
E00020234,189,41,18,23,148,123,25,21.693121693121693,9.523809523809524,12.16931216931217,78.3068783068783,65.07936507936508,13.227513227513226
E00020235,165,37,14,23,128,107,21,22.424242424242426,8.484848484848486,13.939393939393941,77.57575757575758,64.84848484848484,12.727272727272727
E00020236,185,57,18,39,128,109,19,30.810810810810814,9.72972972972973,21.08108108108108,69.1891891891892,58.91891891891892,10.27027027027027
E00020238,200,56,24,32,144,123,21,28.000000000000004,12,16,72,61.5,10.5
E00020239,203,39,15,24,164,142,22,19.21182266009852,7.389162561576355,11.822660098522167,80.78817733990148,69.95073891625616,10.83743842364532
E00020240,200,39,8,31,161,127,34,19.5,4,15.5,80.5,63.5,17
E00020241,354,74,26,48,280,202,78,20.903954802259886,7.344632768361582,13.559322033898304,79.09604519774011,57.06214689265536,22.033898305084744
E00020242,211,63,16,47,148,127,21,29.85781990521327,7.5829383886255926,22.274881516587676,70.14218009478674,60.18957345971564,9.95260663507109
E00020243,239,47,14,33,192,146,46,19.665271966527197,5.857740585774058,13.807531380753138,80.3347280334728,61.08786610878661,19.246861924686193
E00020244,162,62,18,44,100,89,11,38.2716049382716,11.11111111111111,27.160493827160494,61.72839506172839,54.93827160493827,6.790123456790123
E00020245,158,59,16,43,99,93,6,37.34177215189873,10.126582278481013,27.21518987341772,62.65822784810127,58.86075949367089,3.79746835443038
E00020246,307,68,19,49,239,198,41,22.149837133550488,6.188925081433225,15.960912052117262,77.85016286644951,64.49511400651465,13.355048859934854
E00020247,209,25,7,18,184,154,30,11.961722488038278,3.349282296650718,8.61244019138756,88.03827751196172,73.68421052631578,14.354066985645932
E00020248,163,50,19,31,113,99,14,30.67484662576687,11.65644171779141,19.018404907975462,69.32515337423312,60.73619631901841,8.588957055214724
E00020249,186,54,26,28,132,117,15,29.03225806451613,13.978494623655912,15.053763440860216,70.96774193548387,62.903225806451616,8.064516129032258
E00020250,178,47,15,32,131,114,17,26.40449438202247,8.426966292134832,17.97752808988764,73.59550561797754,64.04494382022472,9.550561797752808
E00020251,206,39,13,26,167,145,22,18.932038834951456,6.310679611650485,12.62135922330097,81.06796116504854,70.3883495145631,10.679611650485436
E00020252,184,68,20,48,116,104,12,36.95652173913043,10.869565217391305,26.08695652173913,63.04347826086957,56.52173913043478,6.521739130434782
E00020253,172,63,19,44,109,95,14,36.627906976744185,11.046511627906977,25.581395348837212,63.372093023255815,55.23255813953488,8.13953488372093
E00020254,129,31,13,18,98,77,21,24.031007751937985,10.077519379844961,13.953488372093023,75.96899224806202,59.68992248062015,16.27906976744186
E00020257,203,45,26,19,158,127,31,22.167487684729064,12.807881773399016,9.35960591133005,77.83251231527095,62.5615763546798,15.270935960591133
E00020259,202,25,8,17,177,88,89,12.376237623762377,3.9603960396039604,8.415841584158416,87.62376237623762,43.56435643564357,44.05940594059406
E00020260,159,27,10,17,132,77,55,16.9811320754717,6.289308176100629,10.69182389937107,83.01886792452831,48.42767295597484,34.59119496855346
E00020261,195,24,13,11,171,99,72,12.307692307692308,6.666666666666667,5.641025641025641,87.6923076923077,50.76923076923077,36.92307692307693
E00020262,147,17,5,12,130,76,54,11.564625850340136,3.4013605442176873,8.16326530612245,88.43537414965986,51.70068027210885,36.734693877551024
E00020263,111,25,9,16,86,68,18,22.52252252252252,8.108108108108109,14.414414414414415,77.47747747747748,61.261261261261254,16.216216216216218
E00020264,181,52,16,36,129,105,24,28.7292817679558,8.83977900552486,19.88950276243094,71.27071823204419,58.011049723756905,13.259668508287293
E00020266,201,38,12,26,163,132,31,18.90547263681592,5.970149253731343,12.935323383084576,81.09452736318407,65.67164179104478,15.422885572139302
E00020267,149,16,7,9,133,81,52,10.738255033557047,4.697986577181208,6.0402684563758395,89.26174496644296,54.36241610738255,34.899328859060404
E00020268,127,4,4,0,123,81,42,3.149606299212598,3.149606299212598,0,96.8503937007874,63.77952755905512,33.07086614173229
E00020269,307,37,15,22,270,185,85,12.052117263843648,4.88599348534202,7.166123778501629,87.94788273615634,60.26058631921825,27.68729641693811
E00020270,260,23,12,11,237,147,90,8.846153846153847,4.615384615384616,4.230769230769231,91.15384615384615,56.53846153846154,34.61538461538461
E00020271,146,10,2,8,136,76,60,6.8493150684931505,1.36986301369863,5.47945205479452,93.15068493150685,52.054794520547944,41.0958904109589
E00020273,140,34,13,21,106,91,15,24.285714285714285,9.285714285714286,15,75.71428571428571,65,10.714285714285714
E00020274,206,50,16,34,156,133,23,24.271844660194176,7.766990291262135,16.50485436893204,75.72815533980582,64.56310679611651,11.165048543689322
E00020275,195,51,22,29,144,118,26,26.153846153846157,11.282051282051283,14.871794871794872,73.84615384615385,60.51282051282051,13.333333333333334
E00020276,155,53,28,25,102,81,21,34.193548387096776,18.064516129032256,16.129032258064516,65.80645161290323,52.25806451612903,13.548387096774196
E00020277,154,36,14,22,118,88,30,23.376623376623375,9.090909090909092,14.285714285714285,76.62337662337663,57.14285714285714,19.480519480519483
E00020278,166,39,17,22,127,95,32,23.49397590361446,10.240963855421686,13.253012048192772,76.50602409638554,57.22891566265061,19.27710843373494
E00020280,133,44,13,31,89,80,9,33.08270676691729,9.774436090225564,23.308270676691727,66.9172932330827,60.150375939849624,6.7669172932330826
E00020281,141,40,13,27,101,87,14,28.368794326241137,9.219858156028367,19.148936170212767,71.63120567375887,61.702127659574465,9.929078014184398
E00020282,148,27,10,17,121,99,22,18.243243243243242,6.756756756756757,11.486486486486488,81.75675675675676,66.8918918918919,14.864864864864865
E00020286,171,30,10,20,141,109,32,17.543859649122805,5.847953216374268,11.695906432748536,82.45614035087719,63.74269005847953,18.71345029239766
E00020287,101,31,13,18,70,65,5,30.693069306930692,12.871287128712872,17.82178217821782,69.3069306930693,64.35643564356435,4.9504950495049505
E00020289,156,45,18,27,111,89,22,28.846153846153843,11.538461538461538,17.307692307692307,71.15384615384616,57.05128205128205,14.102564102564102
E00020290,185,35,14,21,150,113,37,18.91891891891892,7.567567567567568,11.351351351351353,81.08108108108108,61.08108108108108,20
E00020291,71,16,4,12,55,41,14,22.535211267605636,5.633802816901409,16.901408450704224,77.46478873239437,57.74647887323944,19.718309859154928
E00020292,216,48,18,30,168,130,38,22.22222222222222,8.333333333333332,13.88888888888889,77.77777777777779,60.18518518518518,17.59259259259259
E00020293,220,34,16,18,186,140,46,15.454545454545453,7.2727272727272725,8.181818181818182,84.54545454545455,63.63636363636363,20.909090909090907
E00020294,190,72,31,41,118,102,16,37.89473684210527,16.315789473684212,21.578947368421055,62.10526315789474,53.68421052631579,8.421052631578947
E00020295,178,43,15,28,135,112,23,24.15730337078652,8.426966292134832,15.730337078651685,75.84269662921348,62.92134831460674,12.921348314606742
E00020296,149,45,18,27,104,86,18,30.201342281879196,12.080536912751679,18.120805369127517,69.79865771812081,57.71812080536913,12.080536912751679
E00020298,190,36,12,24,154,131,23,18.947368421052634,6.315789473684211,12.631578947368421,81.05263157894737,68.94736842105263,12.105263157894736
E00020299,167,33,13,20,134,109,25,19.760479041916167,7.784431137724551,11.976047904191617,80.23952095808383,65.26946107784431,14.97005988023952
E00020300,151,43,19,24,108,87,21,28.47682119205298,12.582781456953644,15.894039735099339,71.52317880794702,57.615894039735096,13.90728476821192
E00020301,133,32,10,22,101,80,21,24.06015037593985,7.518796992481203,16.541353383458645,75.93984962406014,60.150375939849624,15.789473684210526
E00020302,144,35,13,22,109,93,16,24.305555555555554,9.027777777777777,15.277777777777779,75.69444444444444,64.58333333333334,11.11111111111111
E00020303,185,36,14,22,149,122,27,19.45945945945946,7.567567567567568,11.891891891891893,80.54054054054053,65.94594594594595,14.594594594594595
E00020304,157,48,13,35,109,92,17,30.573248407643312,8.280254777070063,22.29299363057325,69.42675159235668,58.59872611464968,10.828025477707007
E00020305,184,37,9,28,147,123,24,20.108695652173914,4.891304347826087,15.217391304347828,79.8913043478261,66.84782608695652,13.043478260869565
E00020307,379,53,24,29,326,261,65,13.984168865435356,6.33245382585752,7.651715039577836,86.01583113456465,68.86543535620054,17.150395778364118
E00020309,201,49,19,30,152,117,35,24.378109452736318,9.45273631840796,14.925373134328357,75.62189054726367,58.2089552238806,17.412935323383085
E00020310,132,25,8,17,107,87,20,18.939393939393938,6.0606060606060606,12.878787878787879,81.06060606060606,65.9090909090909,15.151515151515152
E00020311,164,43,15,28,121,104,17,26.21951219512195,9.146341463414634,17.073170731707318,73.78048780487805,63.41463414634146,10.365853658536585
E00020312,151,35,13,22,116,89,27,23.178807947019866,8.609271523178808,14.56953642384106,76.82119205298014,58.94039735099338,17.880794701986755
E00020313,135,43,18,25,92,76,16,31.851851851851855,13.333333333333334,18.51851851851852,68.14814814814815,56.2962962962963,11.851851851851853
E00020314,161,33,14,19,128,117,11,20.496894409937887,8.695652173913043,11.801242236024844,79.5031055900621,72.67080745341616,6.832298136645963
E00020315,139,49,13,36,90,80,10,35.25179856115108,9.352517985611511,25.899280575539567,64.74820143884892,57.55395683453237,7.1942446043165464
E00020317,123,36,10,26,87,76,11,29.268292682926827,8.130081300813007,21.138211382113823,70.73170731707317,61.78861788617886,8.94308943089431
E00020318,282,63,33,30,219,165,54,22.340425531914892,11.702127659574469,10.638297872340425,77.6595744680851,58.51063829787234,19.148936170212767
E00020319,135,47,22,25,88,82,6,34.81481481481482,16.296296296296298,18.51851851851852,65.18518518518519,60.74074074074074,4.444444444444445
E00020320,218,49,25,24,169,145,24,22.477064220183486,11.46788990825688,11.009174311926607,77.52293577981652,66.5137614678899,11.009174311926607
E00020321,115,53,16,37,62,52,10,46.08695652173913,13.91304347826087,32.17391304347826,53.91304347826087,45.21739130434783,8.695652173913043
E00020323,338,69,26,43,269,229,40,20.414201183431953,7.6923076923076925,12.721893491124261,79.58579881656804,67.75147928994083,11.834319526627219
E00020324,134,39,7,32,95,87,8,29.1044776119403,5.223880597014925,23.88059701492537,70.8955223880597,64.92537313432835,5.970149253731343
E00020325,166,66,26,40,100,89,11,39.75903614457831,15.66265060240964,24.096385542168676,60.24096385542169,53.6144578313253,6.626506024096386
E00020326,160,50,19,31,110,88,22,31.25,11.875,19.375,68.75,55.00000000000001,13.750000000000002
E00020327,115,30,13,17,85,78,7,26.08695652173913,11.304347826086957,14.782608695652174,73.91304347826086,67.82608695652173,6.086956521739131
E00020328,141,52,20,32,89,75,14,36.87943262411347,14.184397163120568,22.69503546099291,63.12056737588653,53.191489361702125,9.929078014184398
E00020329,138,48,17,31,90,77,13,34.78260869565217,12.318840579710146,22.463768115942027,65.21739130434783,55.79710144927537,9.420289855072465
E00020330,296,35,18,17,261,215,46,11.824324324324325,6.081081081081082,5.743243243243244,88.17567567567568,72.63513513513513,15.54054054054054
E00020331,238,37,13,24,201,156,45,15.546218487394958,5.46218487394958,10.084033613445378,84.45378151260505,65.54621848739495,18.907563025210084
E00020332,140,33,13,20,107,93,14,23.57142857142857,9.285714285714286,14.285714285714285,76.42857142857142,66.42857142857143,10
E00020333,143,48,23,25,95,85,10,33.56643356643357,16.083916083916083,17.482517482517483,66.43356643356644,59.44055944055944,6.993006993006993
E00020334,156,30,11,19,126,104,22,19.230769230769234,7.051282051282051,12.179487179487179,80.76923076923077,66.66666666666666,14.102564102564102
E00020335,237,77,36,41,160,136,24,32.48945147679325,15.18987341772152,17.29957805907173,67.51054852320675,57.383966244725734,10.126582278481013
E00020336,174,38,14,24,136,121,15,21.839080459770116,8.045977011494253,13.793103448275861,78.16091954022988,69.54022988505747,8.620689655172415
E00020337,145,36,18,18,109,85,24,24.82758620689655,12.413793103448276,12.413793103448276,75.17241379310344,58.620689655172406,16.551724137931036
E00020338,242,77,27,50,165,137,28,31.818181818181817,11.15702479338843,20.66115702479339,68.18181818181817,56.611570247933884,11.570247933884298
E00020339,211,68,24,44,143,126,17,32.22748815165877,11.374407582938389,20.85308056872038,67.77251184834124,59.71563981042654,8.056872037914692
E00020340,161,43,23,20,118,105,13,26.70807453416149,14.285714285714285,12.422360248447205,73.29192546583852,65.21739130434783,8.074534161490684
E00020341,110,31,10,21,79,69,10,28.18181818181818,9.090909090909092,19.090909090909093,71.81818181818181,62.727272727272734,9.090909090909092
E00020342,168,32,12,20,136,114,22,19.047619047619047,7.142857142857142,11.904761904761903,80.95238095238095,67.85714285714286,13.095238095238097
E00020344,156,63,16,47,93,86,7,40.38461538461539,10.256410256410255,30.128205128205128,59.61538461538461,55.12820512820513,4.487179487179487
E00020345,175,38,15,23,137,122,15,21.714285714285715,8.571428571428571,13.142857142857142,78.28571428571428,69.71428571428572,8.571428571428571
E00020346,148,27,12,15,121,103,18,18.243243243243242,8.108108108108109,10.135135135135135,81.75675675675676,69.5945945945946,12.162162162162163
E00020347,189,59,23,36,130,110,20,31.216931216931215,12.16931216931217,19.047619047619047,68.78306878306879,58.201058201058196,10.582010582010582
E00020348,149,28,12,16,121,96,25,18.79194630872483,8.053691275167784,10.738255033557047,81.20805369127517,64.42953020134227,16.778523489932887
E00020349,119,34,12,22,85,66,19,28.57142857142857,10.084033613445378,18.487394957983195,71.42857142857143,55.46218487394958,15.966386554621847
E00020350,140,32,13,19,108,95,13,22.857142857142858,9.285714285714286,13.571428571428571,77.14285714285715,67.85714285714286,9.285714285714286
E00020351,165,55,20,35,110,100,10,33.33333333333333,12.121212121212121,21.21212121212121,66.66666666666666,60.60606060606061,6.0606060606060606
E00020352,164,45,20,25,119,92,27,27.439024390243905,12.195121951219512,15.24390243902439,72.5609756097561,56.09756097560976,16.463414634146343
E00020353,243,75,23,52,168,149,19,30.864197530864196,9.465020576131687,21.39917695473251,69.1358024691358,61.31687242798354,7.818930041152264
E00020354,122,51,28,23,71,70,1,41.80327868852459,22.950819672131146,18.852459016393443,58.19672131147541,57.377049180327866,0.819672131147541
E00020355,175,40,20,20,135,122,13,22.857142857142858,11.428571428571429,11.428571428571429,77.14285714285715,69.71428571428572,7.428571428571429
E00020357,106,41,15,26,65,62,3,38.67924528301887,14.150943396226415,24.528301886792452,61.32075471698113,58.490566037735846,2.8301886792452833
E00020358,118,44,16,28,74,65,9,37.28813559322034,13.559322033898304,23.728813559322035,62.71186440677966,55.08474576271186,7.627118644067797
E00020359,138,46,17,29,92,81,11,33.33333333333333,12.318840579710146,21.014492753623188,66.66666666666666,58.69565217391305,7.971014492753622
E00020360,139,45,18,27,94,87,7,32.37410071942446,12.949640287769784,19.424460431654676,67.62589928057554,62.589928057553955,5.0359712230215825
E00020361,154,36,18,18,118,98,20,23.376623376623375,11.688311688311687,11.688311688311687,76.62337662337663,63.63636363636363,12.987012987012985
E00020362,133,36,15,21,97,85,12,27.06766917293233,11.278195488721805,15.789473684210526,72.93233082706767,63.90977443609023,9.022556390977442
E00020363,119,32,11,21,87,72,15,26.89075630252101,9.243697478991598,17.647058823529413,73.10924369747899,60.50420168067227,12.605042016806722
E00020364,151,33,14,19,118,90,28,21.85430463576159,9.271523178807946,12.582781456953644,78.1456953642384,59.60264900662252,18.543046357615893
E00020365,339,76,37,39,263,218,45,22.418879056047196,10.914454277286136,11.504424778761061,77.5811209439528,64.30678466076697,13.274336283185843
E00020366,160,28,13,15,132,106,26,17.5,8.125,9.375,82.5,66.25,16.25
E00020367,143,20,9,11,123,98,25,13.986013986013987,6.293706293706294,7.6923076923076925,86.01398601398601,68.53146853146853,17.482517482517483
E00020368,170,55,18,37,115,96,19,32.35294117647059,10.588235294117647,21.764705882352942,67.64705882352942,56.470588235294116,11.176470588235295
E00020369,187,53,23,30,134,110,24,28.342245989304814,12.299465240641712,16.042780748663102,71.65775401069519,58.82352941176471,12.834224598930483
E00020370,137,40,14,26,97,85,12,29.1970802919708,10.218978102189782,18.97810218978102,70.8029197080292,62.04379562043796,8.75912408759124
E00020371,102,21,12,9,81,63,18,20.588235294117645,11.76470588235294,8.823529411764707,79.41176470588235,61.76470588235294,17.647058823529413
E00020372,121,49,14,35,72,68,4,40.49586776859504,11.570247933884298,28.92561983471074,59.50413223140496,56.19834710743802,3.3057851239669422
E00020373,142,41,19,22,101,87,14,28.87323943661972,13.380281690140844,15.492957746478872,71.12676056338029,61.267605633802816,9.859154929577464
E00020374,130,44,15,29,86,76,10,33.84615384615385,11.538461538461538,22.30769230769231,66.15384615384615,58.46153846153847,7.6923076923076925
E00020375,172,51,19,32,121,104,17,29.651162790697676,11.046511627906977,18.6046511627907,70.34883720930233,60.46511627906976,9.883720930232558
E00020376,276,38,14,24,238,206,32,13.768115942028986,5.072463768115942,8.695652173913043,86.23188405797102,74.63768115942028,11.594202898550725
E00020377,186,36,21,15,150,110,40,19.35483870967742,11.29032258064516,8.064516129032258,80.64516129032258,59.13978494623656,21.50537634408602
E00020379,137,36,14,22,101,79,22,26.277372262773724,10.218978102189782,16.05839416058394,73.72262773722628,57.66423357664233,16.05839416058394
E00020380,164,18,6,12,146,126,20,10.975609756097562,3.6585365853658534,7.317073170731707,89.02439024390245,76.82926829268293,12.195121951219512
E00020381,219,51,26,25,168,122,46,23.28767123287671,11.87214611872146,11.415525114155251,76.71232876712328,55.70776255707762,21.00456621004566
E00020382,185,47,22,25,138,98,40,25.405405405405407,11.891891891891893,13.513513513513514,74.5945945945946,52.972972972972975,21.62162162162162
E00020383,131,31,14,17,100,90,10,23.66412213740458,10.687022900763358,12.977099236641221,76.33587786259542,68.70229007633588,7.633587786259542
E00020384,236,55,23,32,181,145,36,23.30508474576271,9.745762711864407,13.559322033898304,76.69491525423729,61.440677966101696,15.254237288135593
E00020385,196,32,16,16,164,113,51,16.3265306122449,8.16326530612245,8.16326530612245,83.6734693877551,57.6530612244898,26.02040816326531
E00020386,151,36,11,25,115,98,17,23.841059602649008,7.28476821192053,16.55629139072848,76.15894039735099,64.90066225165563,11.258278145695364
E00020387,149,18,4,14,131,112,19,12.080536912751679,2.684563758389262,9.395973154362416,87.91946308724832,75.16778523489933,12.751677852348994
E00020388,139,22,7,15,117,94,23,15.827338129496402,5.0359712230215825,10.79136690647482,84.17266187050359,67.62589928057554,16.546762589928058
E00020389,189,46,27,19,143,119,24,24.33862433862434,14.285714285714285,10.052910052910052,75.66137566137566,62.96296296296296,12.698412698412698
E00020390,211,48,14,34,163,125,38,22.748815165876778,6.6350710900473935,16.113744075829384,77.25118483412322,59.241706161137444,18.009478672985782
E00020391,193,54,21,33,139,113,26,27.979274611398964,10.880829015544041,17.098445595854923,72.02072538860104,58.549222797927456,13.471502590673575
E00020392,153,29,11,18,124,98,26,18.954248366013072,7.18954248366013,11.76470588235294,81.04575163398692,64.05228758169935,16.99346405228758
E00020393,169,25,10,15,144,112,32,14.792899408284024,5.9171597633136095,8.875739644970414,85.20710059171599,66.27218934911244,18.93491124260355
E00020394,206,50,20,30,156,139,17,24.271844660194176,9.70873786407767,14.563106796116504,75.72815533980582,67.47572815533981,8.25242718446602
E00020395,128,34,9,25,94,81,13,26.5625,7.03125,19.53125,73.4375,63.28125,10.15625
E00020396,168,41,11,30,127,96,31,24.404761904761905,6.547619047619048,17.857142857142858,75.59523809523809,57.14285714285714,18.452380952380953
E00020397,220,46,15,31,174,134,40,20.909090909090907,6.8181818181818175,14.09090909090909,79.0909090909091,60.909090909090914,18.181818181818183
E00020398,142,46,14,32,96,87,9,32.3943661971831,9.859154929577464,22.535211267605636,67.6056338028169,61.267605633802816,6.338028169014084
E00020399,104,43,13,30,61,53,8,41.34615384615385,12.5,28.846153846153843,58.65384615384615,50.96153846153846,7.6923076923076925
E00020400,133,41,19,22,92,88,4,30.82706766917293,14.285714285714285,16.541353383458645,69.17293233082707,66.16541353383458,3.007518796992481
E00020401,174,55,29,26,119,104,15,31.60919540229885,16.666666666666664,14.942528735632186,68.39080459770115,59.77011494252874,8.620689655172415
E00020402,152,37,19,18,115,81,34,24.342105263157894,12.5,11.842105263157894,75.6578947368421,53.289473684210535,22.36842105263158
E00020403,186,58,13,45,128,112,16,31.182795698924732,6.989247311827956,24.193548387096776,68.81720430107528,60.215053763440864,8.60215053763441
E00020404,126,44,13,31,82,76,6,34.92063492063492,10.317460317460316,24.6031746031746,65.07936507936508,60.317460317460316,4.761904761904762
E00020405,138,39,18,21,99,89,10,28.26086956521739,13.043478260869565,15.217391304347828,71.73913043478261,64.4927536231884,7.246376811594203
E00020406,170,24,10,14,146,117,29,14.117647058823529,5.88235294117647,8.235294117647058,85.88235294117646,68.82352941176471,17.058823529411764
E00020407,195,48,17,31,147,114,33,24.615384615384617,8.717948717948717,15.897435897435896,75.38461538461539,58.46153846153847,16.923076923076923
E00020408,337,60,23,37,277,220,57,17.804154302670625,6.824925816023739,10.979228486646884,82.19584569732937,65.28189910979229,16.913946587537094
E00020409,148,41,14,27,107,99,8,27.7027027027027,9.45945945945946,18.243243243243242,72.2972972972973,66.8918918918919,5.405405405405405
E00020410,255,62,23,39,193,178,15,24.313725490196077,9.019607843137255,15.294117647058824,75.68627450980392,69.80392156862744,5.88235294117647
E00020411,145,46,19,27,99,90,9,31.724137931034484,13.10344827586207,18.620689655172416,68.27586206896552,62.06896551724138,6.206896551724138
E00020412,178,56,22,34,122,99,23,31.46067415730337,12.359550561797752,19.101123595505616,68.53932584269663,55.61797752808989,12.921348314606742
E00020413,154,47,14,33,107,86,21,30.519480519480517,9.090909090909092,21.428571428571427,69.48051948051948,55.84415584415584,13.636363636363635
E00020415,274,45,24,21,229,195,34,16.423357664233578,8.75912408759124,7.664233576642336,83.57664233576642,71.16788321167883,12.408759124087592
E00020416,224,36,11,25,188,150,38,16.071428571428573,4.910714285714286,11.160714285714286,83.92857142857143,66.96428571428571,16.964285714285715
E00020417,194,24,14,10,170,126,44,12.371134020618557,7.216494845360824,5.154639175257731,87.62886597938144,64.94845360824742,22.68041237113402
E00020418,130,43,15,28,87,80,7,33.07692307692307,11.538461538461538,21.53846153846154,66.92307692307692,61.53846153846154,5.384615384615385
E00020419,301,61,24,37,240,201,39,20.26578073089701,7.973421926910299,12.29235880398671,79.734219269103,66.77740863787376,12.956810631229235
E00020420,188,39,12,27,149,123,26,20.74468085106383,6.382978723404255,14.361702127659576,79.25531914893617,65.42553191489363,13.829787234042554
E00020421,162,38,12,26,124,100,24,23.456790123456788,7.4074074074074066,16.049382716049383,76.5432098765432,61.72839506172839,14.814814814814813
E00020422,162,32,17,15,130,104,26,19.753086419753085,10.493827160493826,9.25925925925926,80.24691358024691,64.19753086419753,16.049382716049383
E00020423,136,35,17,18,101,90,11,25.735294117647058,12.5,13.23529411764706,74.26470588235294,66.17647058823529,8.088235294117647
E00020424,165,21,11,10,144,124,20,12.727272727272727,6.666666666666667,6.0606060606060606,87.27272727272727,75.15151515151514,12.121212121212121
E00020425,279,38,18,20,241,203,38,13.620071684587815,6.451612903225806,7.168458781362006,86.37992831541219,72.75985663082437,13.620071684587815
E00020426,194,36,20,16,158,122,36,18.556701030927837,10.309278350515463,8.24742268041237,81.44329896907216,62.88659793814433,18.556701030927837
E00020427,299,53,20,33,246,200,46,17.725752508361204,6.688963210702341,11.036789297658862,82.2742474916388,66.88963210702342,15.384615384615385
E00020428,184,29,13,16,155,123,32,15.760869565217392,7.065217391304348,8.695652173913043,84.23913043478261,66.84782608695652,17.391304347826086
E00020429,200,32,13,19,168,130,38,16,6.5,9.5,84,65,19
E00020430,175,54,18,36,121,109,12,30.857142857142854,10.285714285714285,20.57142857142857,69.14285714285714,62.28571428571429,6.857142857142858
E00020431,118,30,10,20,88,73,15,25.423728813559322,8.47457627118644,16.94915254237288,74.57627118644068,61.86440677966102,12.711864406779661
E00020432,164,45,21,24,119,98,21,27.439024390243905,12.804878048780488,14.634146341463413,72.5609756097561,59.756097560975604,12.804878048780488
E00020433,111,38,12,26,73,66,7,34.234234234234236,10.81081081081081,23.423423423423422,65.76576576576578,59.45945945945946,6.306306306306306
E00020434,166,24,13,11,142,103,39,14.457831325301203,7.83132530120482,6.626506024096386,85.54216867469879,62.048192771084345,23.49397590361446
E00020435,230,43,11,32,187,151,36,18.695652173913043,4.782608695652174,13.91304347826087,81.30434782608695,65.65217391304347,15.65217391304348
E00020436,133,21,7,14,112,87,25,15.789473684210526,5.263157894736842,10.526315789473683,84.21052631578947,65.41353383458647,18.796992481203006
E00020437,215,24,11,13,191,150,41,11.162790697674419,5.116279069767442,6.046511627906977,88.83720930232558,69.76744186046511,19.069767441860467
E00020438,172,18,9,9,154,119,35,10.465116279069768,5.232558139534884,5.232558139534884,89.53488372093024,69.18604651162791,20.348837209302324
E00020439,155,67,25,42,88,76,12,43.225806451612904,16.129032258064516,27.09677419354839,56.774193548387096,49.03225806451613,7.741935483870968
E00020440,211,34,16,18,177,151,26,16.113744075829384,7.5829383886255926,8.530805687203792,83.88625592417061,71.56398104265402,12.322274881516588
E00020441,339,36,15,21,303,215,88,10.619469026548673,4.424778761061947,6.1946902654867255,89.38053097345133,63.421828908554566,25.958702064896755
E00020442,161,35,13,22,126,115,11,21.73913043478261,8.074534161490684,13.664596273291925,78.26086956521739,71.42857142857143,6.832298136645963
E00020443,323,48,22,26,275,226,49,14.860681114551083,6.811145510835913,8.04953560371517,85.13931888544892,69.96904024767801,15.170278637770899
E00020444,335,58,23,35,277,225,52,17.313432835820898,6.865671641791045,10.44776119402985,82.68656716417911,67.16417910447761,15.522388059701491
E00020445,193,41,11,30,152,125,27,21.243523316062177,5.699481865284974,15.544041450777202,78.75647668393782,64.76683937823834,13.989637305699482
E00020447,210,38,18,20,172,141,31,18.095238095238095,8.571428571428571,9.523809523809524,81.9047619047619,67.14285714285714,14.761904761904763
E00020448,173,37,10,27,136,99,37,21.38728323699422,5.780346820809249,15.606936416184972,78.61271676300578,57.22543352601156,21.38728323699422
E00020449,182,35,17,18,147,112,35,19.230769230769234,9.340659340659341,9.89010989010989,80.76923076923077,61.53846153846154,19.230769230769234
E00020451,209,36,12,24,173,131,42,17.22488038277512,5.741626794258373,11.483253588516746,82.77511961722487,62.67942583732058,20.095693779904305
E00020452,139,31,12,19,108,99,9,22.302158273381295,8.633093525179856,13.66906474820144,77.6978417266187,71.22302158273382,6.474820143884892
E00020453,205,25,11,14,180,150,30,12.195121951219512,5.365853658536586,6.829268292682928,87.8048780487805,73.17073170731707,14.634146341463413
E00020454,159,25,9,16,134,101,33,15.723270440251572,5.660377358490567,10.062893081761008,84.27672955974843,63.52201257861635,20.754716981132077
E00020455,145,49,17,32,96,82,14,33.793103448275865,11.724137931034482,22.06896551724138,66.20689655172414,56.55172413793104,9.655172413793103
E00020457,206,54,20,34,152,126,26,26.21359223300971,9.70873786407767,16.50485436893204,73.7864077669903,61.165048543689316,12.62135922330097
E00020458,262,51,21,30,211,163,48,19.46564885496183,8.015267175572518,11.450381679389313,80.53435114503816,62.213740458015266,18.3206106870229
E00020459,160,49,11,38,111,97,14,30.625000000000004,6.875000000000001,23.75,69.375,60.62499999999999,8.75
E00020460,157,43,15,28,114,91,23,27.388535031847134,9.554140127388536,17.8343949044586,72.61146496815286,57.961783439490446,14.64968152866242
E00020461,212,50,17,33,162,129,33,23.58490566037736,8.018867924528301,15.566037735849056,76.41509433962264,60.84905660377359,15.566037735849056
E00020462,178,37,13,24,141,115,26,20.786516853932586,7.303370786516854,13.48314606741573,79.21348314606742,64.60674157303372,14.606741573033707
E00020463,223,68,21,47,155,129,26,30.493273542600896,9.417040358744394,21.076233183856502,69.50672645739911,57.847533632286996,11.659192825112108
E00020464,198,43,16,27,155,124,31,21.71717171717172,8.080808080808081,13.636363636363635,78.28282828282829,62.62626262626263,15.656565656565657
E00020465,154,50,11,39,104,91,13,32.467532467532465,7.142857142857142,25.324675324675322,67.53246753246754,59.09090909090909,8.441558441558442
E00020466,194,58,22,36,136,118,18,29.896907216494846,11.34020618556701,18.556701030927837,70.10309278350515,60.824742268041234,9.278350515463918
E00020468,151,49,16,33,102,93,9,32.450331125827816,10.596026490066226,21.85430463576159,67.54966887417218,61.58940397350994,5.960264900662252
E00020469,198,33,14,19,165,131,34,16.666666666666664,7.07070707070707,9.595959595959595,83.33333333333334,66.16161616161617,17.17171717171717
E00020470,172,28,10,18,144,110,34,16.27906976744186,5.813953488372093,10.465116279069768,83.72093023255815,63.95348837209303,19.767441860465116
E00020471,188,39,15,24,149,117,32,20.74468085106383,7.9787234042553195,12.76595744680851,79.25531914893617,62.23404255319149,17.02127659574468
E00020472,209,50,22,28,159,136,23,23.923444976076556,10.526315789473683,13.397129186602871,76.07655502392345,65.07177033492823,11.004784688995215
E00020473,257,103,40,63,154,141,13,40.07782101167315,15.56420233463035,24.5136186770428,59.92217898832685,54.86381322957199,5.058365758754864
E00020474,176,83,34,49,93,78,15,47.159090909090914,19.318181818181817,27.84090909090909,52.84090909090909,44.31818181818182,8.522727272727272
E00020475,187,32,13,19,155,122,33,17.11229946524064,6.951871657754011,10.16042780748663,82.88770053475936,65.24064171122996,17.647058823529413
E00020476,171,69,24,45,102,86,16,40.35087719298245,14.035087719298245,26.31578947368421,59.64912280701754,50.29239766081871,9.35672514619883
E00020478,192,75,34,41,117,85,32,39.0625,17.708333333333336,21.354166666666664,60.9375,44.27083333333333,16.666666666666664
E00020479,197,60,24,36,137,112,25,30.456852791878177,12.18274111675127,18.274111675126903,69.54314720812182,56.852791878172596,12.690355329949238
E00020480,183,61,24,37,122,106,16,33.33333333333333,13.114754098360656,20.21857923497268,66.66666666666666,57.92349726775956,8.743169398907105
E00020481,255,60,22,38,195,143,52,23.52941176470588,8.627450980392156,14.901960784313726,76.47058823529412,56.07843137254902,20.392156862745097
E00020482,246,70,24,46,176,151,25,28.455284552845526,9.75609756097561,18.69918699186992,71.54471544715447,61.382113821138205,10.16260162601626
E00020483,189,36,13,23,153,116,37,19.047619047619047,6.878306878306878,12.16931216931217,80.95238095238095,61.37566137566137,19.576719576719576
E00020484,227,51,15,36,176,140,36,22.46696035242291,6.607929515418502,15.859030837004406,77.5330396475771,61.67400881057269,15.859030837004406
E00020485,233,59,17,42,174,140,34,25.321888412017167,7.296137339055794,18.025751072961373,74.67811158798283,60.08583690987125,14.592274678111588
E00020487,229,72,38,34,157,122,35,31.4410480349345,16.593886462882097,14.847161572052403,68.5589519650655,53.275109170305676,15.283842794759824
E00020488,151,33,11,22,118,101,17,21.85430463576159,7.28476821192053,14.56953642384106,78.1456953642384,66.88741721854305,11.258278145695364
E00020489,184,41,12,29,143,125,18,22.282608695652172,6.521739130434782,15.760869565217392,77.71739130434783,67.93478260869566,9.782608695652174
E00020490,200,42,15,27,158,123,35,21,7.5,13.5,79,61.5,17.5
E00020491,177,49,25,24,128,102,26,27.683615819209038,14.124293785310735,13.559322033898304,72.31638418079096,57.6271186440678,14.689265536723164
E00020492,128,32,15,17,96,80,16,25,11.71875,13.28125,75,62.5,12.5
E00020493,239,35,18,17,204,158,46,14.644351464435147,7.531380753138076,7.112970711297072,85.35564853556485,66.10878661087865,19.246861924686193
E00020494,179,32,10,22,147,113,34,17.877094972067038,5.58659217877095,12.290502793296088,82.12290502793296,63.128491620111724,18.994413407821227
E00020495,152,44,12,32,108,76,32,28.947368421052634,7.894736842105263,21.052631578947366,71.05263157894737,50,21.052631578947366
E00020496,158,29,9,20,129,101,28,18.354430379746837,5.69620253164557,12.658227848101266,81.64556962025317,63.92405063291139,17.72151898734177
E00020497,116,35,12,23,81,64,17,30.17241379310345,10.344827586206897,19.82758620689655,69.82758620689656,55.172413793103445,14.655172413793101
E00020498,119,32,14,18,87,50,37,26.89075630252101,11.76470588235294,15.126050420168067,73.10924369747899,42.016806722689076,31.092436974789916
E00020499,132,41,18,23,91,53,38,31.060606060606062,13.636363636363635,17.424242424242426,68.93939393939394,40.15151515151515,28.78787878787879
E00020500,164,43,22,21,121,86,35,26.21951219512195,13.414634146341465,12.804878048780488,73.78048780487805,52.4390243902439,21.341463414634145
E00020501,202,38,4,34,164,116,48,18.81188118811881,1.9801980198019802,16.831683168316832,81.1881188118812,57.42574257425742,23.762376237623762
E00020502,171,51,26,25,120,78,42,29.82456140350877,15.204678362573098,14.619883040935672,70.17543859649122,45.614035087719294,24.561403508771928
E00020503,151,37,26,11,114,68,46,24.503311258278146,17.218543046357617,7.28476821192053,75.49668874172185,45.033112582781456,30.4635761589404
E00020504,178,50,21,29,128,96,32,28.08988764044944,11.797752808988763,16.292134831460675,71.91011235955057,53.93258426966292,17.97752808988764
E00020505,236,70,28,42,166,142,24,29.66101694915254,11.864406779661017,17.796610169491526,70.33898305084746,60.16949152542372,10.16949152542373
E00020506,263,62,25,37,201,137,64,23.574144486692013,9.505703422053232,14.068441064638785,76.42585551330798,52.09125475285171,24.334600760456272
E00020507,202,57,15,42,145,103,42,28.217821782178216,7.425742574257425,20.792079207920793,71.78217821782178,50.99009900990099,20.792079207920793
E00020508,126,38,20,18,88,69,19,30.158730158730158,15.873015873015872,14.285714285714285,69.84126984126983,54.761904761904766,15.079365079365079
E00020509,162,40,20,20,122,91,31,24.691358024691358,12.345679012345679,12.345679012345679,75.30864197530865,56.17283950617284,19.1358024691358
E00020510,180,47,17,30,133,114,19,26.111111111111114,9.444444444444445,16.666666666666664,73.88888888888889,63.33333333333333,10.555555555555555
E00020511,125,33,11,22,92,85,7,26.400000000000002,8.799999999999999,17.599999999999998,73.6,68,5.6000000000000005
E00020512,159,46,17,29,113,92,21,28.930817610062892,10.69182389937107,18.238993710691823,71.0691823899371,57.861635220125784,13.20754716981132
E00020513,210,46,21,25,164,107,57,21.904761904761905,10,11.904761904761903,78.0952380952381,50.95238095238095,27.142857142857142
E00020514,221,42,14,28,179,127,52,19.004524886877828,6.334841628959276,12.669683257918551,80.99547511312217,57.466063348416284,23.52941176470588
E00020515,197,34,14,20,163,104,59,17.258883248730964,7.1065989847715745,10.152284263959391,82.74111675126903,52.79187817258884,29.949238578680205
E00020516,181,37,13,24,144,105,39,20.441988950276244,7.18232044198895,13.259668508287293,79.55801104972376,58.011049723756905,21.54696132596685
E00020517,227,57,21,36,170,122,48,25.11013215859031,9.251101321585903,15.859030837004406,74.8898678414097,53.74449339207048,21.145374449339208
E00020518,209,47,17,30,162,115,47,22.48803827751196,8.133971291866029,14.354066985645932,77.51196172248804,55.02392344497608,22.48803827751196
E00020519,143,35,18,17,108,78,30,24.475524475524477,12.587412587412588,11.888111888111888,75.52447552447552,54.54545454545454,20.97902097902098
E00020520,206,52,18,34,154,123,31,25.24271844660194,8.737864077669903,16.50485436893204,74.75728155339806,59.70873786407766,15.048543689320388
E00020521,190,48,20,28,142,102,40,25.263157894736842,10.526315789473683,14.736842105263156,74.73684210526315,53.68421052631579,21.052631578947366
E00020522,172,46,18,28,126,76,50,26.744186046511626,10.465116279069768,16.27906976744186,73.25581395348837,44.18604651162791,29.069767441860467
E00020523,169,42,16,26,127,105,22,24.85207100591716,9.467455621301776,15.384615384615385,75.14792899408283,62.1301775147929,13.017751479289942
E00020524,282,81,36,45,201,130,71,28.723404255319153,12.76595744680851,15.957446808510639,71.27659574468085,46.09929078014184,25.177304964539005
E00020525,155,51,26,25,104,66,38,32.903225806451616,16.7741935483871,16.129032258064516,67.0967741935484,42.58064516129032,24.516129032258064
E00020526,206,46,20,26,160,120,40,22.330097087378643,9.70873786407767,12.62135922330097,77.66990291262135,58.252427184466015,19.41747572815534
E00020527,187,42,16,26,145,99,46,22.459893048128343,8.55614973262032,13.903743315508022,77.54010695187165,52.94117647058824,24.598930481283425
E00020528,192,61,32,29,131,80,51,31.770833333333332,16.666666666666664,15.104166666666666,68.22916666666666,41.66666666666667,26.5625
E00020529,181,50,24,26,131,91,40,27.624309392265197,13.259668508287293,14.3646408839779,72.37569060773481,50.27624309392266,22.099447513812155
E00020530,168,36,19,17,132,89,43,21.428571428571427,11.30952380952381,10.119047619047619,78.57142857142857,52.976190476190474,25.595238095238095
E00165808,143,34,9,25,109,86,23,23.776223776223777,6.293706293706294,17.482517482517483,76.22377622377621,60.13986013986013,16.083916083916083
E00165809,201,43,15,28,158,111,47,21.393034825870647,7.462686567164178,13.930348258706468,78.60696517412936,55.223880597014926,23.383084577114428
E00166629,145,31,20,11,114,56,58,21.379310344827587,13.793103448275861,7.586206896551724,78.62068965517241,38.62068965517241,40
E00166630,139,50,42,8,89,67,22,35.97122302158273,30.215827338129497,5.755395683453238,64.02877697841727,48.201438848920866,15.827338129496402
E00166632,155,47,36,11,108,68,40,30.32258064516129,23.225806451612904,7.096774193548387,69.6774193548387,43.87096774193549,25.806451612903224
E00166633,97,22,19,3,75,58,17,22.68041237113402,19.587628865979383,3.0927835051546393,77.31958762886599,59.79381443298969,17.525773195876287
E00166635,132,5,1,4,127,89,38,3.787878787878788,0.7575757575757576,3.0303030303030303,96.21212121212122,67.42424242424242,28.78787878787879
E00166638,144,40,24,16,104,85,19,27.77777777777778,16.666666666666664,11.11111111111111,72.22222222222221,59.02777777777778,13.194444444444445
E00166640,115,22,7,15,93,60,33,19.130434782608695,6.086956521739131,13.043478260869565,80.8695652173913,52.17391304347826,28.695652173913043
E00166641,160,14,7,7,146,100,46,8.75,4.375,4.375,91.25,62.5,28.749999999999996
E00167477,162,14,6,8,148,96,52,8.641975308641975,3.7037037037037033,4.938271604938271,91.35802469135803,59.25925925925925,32.098765432098766
E00167478,136,66,45,21,70,57,13,48.529411764705884,33.088235294117645,15.441176470588236,51.470588235294116,41.911764705882355,9.558823529411764
E00167479,150,18,9,9,132,97,35,12,6,6,88,64.66666666666666,23.333333333333332
E00167480,251,29,9,20,222,178,44,11.553784860557768,3.5856573705179287,7.968127490039841,88.44621513944223,70.91633466135458,17.52988047808765
E00167481,117,26,8,18,91,77,14,22.22222222222222,6.837606837606838,15.384615384615385,77.77777777777779,65.8119658119658,11.965811965811966
E00167482,141,72,38,34,69,44,25,51.06382978723404,26.95035460992908,24.113475177304963,48.93617021276596,31.20567375886525,17.73049645390071
E00167483,220,22,10,12,198,131,67,10,4.545454545454546,5.454545454545454,90,59.54545454545455,30.454545454545457
E00167485,128,10,4,6,118,52,66,7.8125,3.125,4.6875,92.1875,40.625,51.5625
E00167487,193,26,9,17,167,138,29,13.471502590673575,4.66321243523316,8.808290155440414,86.52849740932642,71.50259067357513,15.025906735751295
E00167488,319,70,37,33,249,185,64,21.9435736677116,11.598746081504702,10.344827586206897,78.0564263322884,57.993730407523515,20.06269592476489
E00167489,204,27,13,14,177,134,43,13.23529411764706,6.372549019607843,6.862745098039216,86.76470588235294,65.68627450980392,21.07843137254902
E00167490,254,24,10,14,230,136,94,9.448818897637794,3.937007874015748,5.511811023622047,90.5511811023622,53.54330708661418,37.00787401574803
E00167491,288,31,13,18,257,186,71,10.76388888888889,4.513888888888888,6.25,89.23611111111111,64.58333333333334,24.65277777777778
E00167492,116,24,9,15,92,80,12,20.689655172413794,7.758620689655173,12.931034482758621,79.3103448275862,68.96551724137932,10.344827586206897
E00167494,159,38,20,18,121,90,31,23.89937106918239,12.578616352201259,11.320754716981133,76.10062893081762,56.60377358490566,19.49685534591195
E00167496,90,6,3,3,84,51,33,6.666666666666667,3.3333333333333335,3.3333333333333335,93.33333333333333,56.666666666666664,36.666666666666664
E00167497,241,21,11,10,220,131,89,8.71369294605809,4.564315352697095,4.149377593360995,91.28630705394191,54.356846473029044,36.92946058091287
E00167502,98,30,8,22,68,55,13,30.612244897959183,8.16326530612245,22.448979591836736,69.38775510204081,56.12244897959183,13.26530612244898
E00167503,49,22,10,12,27,27,0,44.89795918367347,20.408163265306122,24.489795918367346,55.10204081632652,55.10204081632652,0
E00167505,161,51,12,39,110,94,16,31.67701863354037,7.453416149068323,24.22360248447205,68.32298136645963,58.38509316770186,9.937888198757763
E00167506,133,37,15,22,96,80,16,27.819548872180448,11.278195488721805,16.541353383458645,72.18045112781954,60.150375939849624,12.030075187969924
E00167508,141,36,7,29,105,82,23,25.53191489361702,4.964539007092199,20.56737588652482,74.46808510638297,58.156028368794324,16.312056737588655
E00167510,112,31,12,19,81,63,18,27.67857142857143,10.714285714285714,16.964285714285715,72.32142857142857,56.25,16.071428571428573
E00167511,149,40,7,33,109,97,12,26.845637583892618,4.697986577181208,22.14765100671141,73.15436241610739,65.1006711409396,8.053691275167784
E00167513,162,31,13,18,131,111,20,19.1358024691358,8.024691358024691,11.11111111111111,80.8641975308642,68.51851851851852,12.345679012345679
E00167514,118,26,9,17,92,70,22,22.033898305084744,7.627118644067797,14.40677966101695,77.96610169491525,59.32203389830508,18.64406779661017
E00167516,117,33,10,23,84,61,23,28.205128205128204,8.547008547008547,19.65811965811966,71.7948717948718,52.13675213675214,19.65811965811966
E00167517,104,37,11,26,67,56,11,35.57692307692308,10.576923076923077,25,64.42307692307693,53.84615384615385,10.576923076923077
E00167519,132,22,6,16,110,71,39,16.666666666666664,4.545454545454546,12.121212121212121,83.33333333333334,53.78787878787878,29.545454545454547
E00167678,130,13,8,5,117,80,37,10,6.153846153846154,3.8461538461538463,90,61.53846153846154,28.46153846153846
E00167679,153,18,6,12,135,75,60,11.76470588235294,3.9215686274509802,7.8431372549019605,88.23529411764706,49.01960784313725,39.21568627450981
E00167681,100,13,7,6,87,46,41,13,7.000000000000001,6,87,46,41
E00167682,193,43,18,25,150,125,25,22.279792746113987,9.32642487046632,12.953367875647666,77.720207253886,64.76683937823834,12.953367875647666
E00167684,124,30,15,15,94,85,9,24.193548387096776,12.096774193548388,12.096774193548388,75.80645161290323,68.54838709677419,7.258064516129033
E00167685,182,39,13,26,143,131,12,21.428571428571427,7.142857142857142,14.285714285714285,78.57142857142857,71.97802197802197,6.593406593406594
E00167687,205,39,14,25,166,135,31,19.024390243902438,6.829268292682928,12.195121951219512,80.97560975609757,65.85365853658537,15.121951219512194
E00167688,93,10,4,6,83,50,33,10.75268817204301,4.301075268817205,6.451612903225806,89.24731182795699,53.76344086021505,35.483870967741936
E00167751,148,9,6,3,139,77,62,6.081081081081082,4.054054054054054,2.027027027027027,93.91891891891892,52.02702702702703,41.891891891891895
E00167752,106,29,9,20,77,72,5,27.358490566037734,8.49056603773585,18.867924528301888,72.64150943396226,67.9245283018868,4.716981132075472
E00167754,122,34,8,26,88,63,25,27.86885245901639,6.557377049180328,21.311475409836063,72.1311475409836,51.63934426229508,20.491803278688526
E00167755,111,41,15,26,70,65,5,36.93693693693694,13.513513513513514,23.423423423423422,63.06306306306306,58.55855855855856,4.504504504504505
E00167758,117,31,16,15,86,73,13,26.495726495726498,13.675213675213676,12.82051282051282,73.50427350427351,62.39316239316239,11.11111111111111
E00167762,172,39,14,25,133,113,20,22.674418604651162,8.13953488372093,14.534883720930234,77.32558139534885,65.69767441860465,11.627906976744185
E00167765,116,38,13,25,78,64,14,32.758620689655174,11.206896551724139,21.551724137931032,67.24137931034483,55.172413793103445,12.068965517241379
E00167766,144,33,12,21,111,89,22,22.916666666666664,8.333333333333332,14.583333333333334,77.08333333333334,61.80555555555556,15.277777777777779
E00167975,307,83,32,51,224,192,32,27.035830618892508,10.423452768729643,16.612377850162865,72.9641693811075,62.54071661237784,10.423452768729643
E00167976,209,56,25,31,153,112,41,26.794258373205743,11.961722488038278,14.832535885167463,73.20574162679426,53.588516746411486,19.617224880382775
E00167978,99,23,10,13,76,58,18,23.232323232323232,10.1010101010101,13.131313131313133,76.76767676767676,58.58585858585859,18.181818181818183
E00167982,138,11,2,9,127,77,50,7.971014492753622,1.4492753623188406,6.521739130434782,92.02898550724638,55.79710144927537,36.231884057971016
E00167984,236,39,13,26,197,168,29,16.52542372881356,5.508474576271186,11.016949152542372,83.47457627118644,71.1864406779661,12.288135593220339
E00167987,340,31,15,16,309,196,113,9.117647058823529,4.411764705882353,4.705882352941177,90.88235294117646,57.647058823529406,33.23529411764706
E00167989,171,32,9,23,139,112,27,18.71345029239766,5.263157894736842,13.450292397660817,81.28654970760235,65.49707602339181,15.789473684210526
E00167990,160,40,12,28,120,105,15,25,7.5,17.5,75,65.625,9.375
E00167993,157,16,4,12,141,112,29,10.191082802547772,2.547770700636943,7.643312101910828,89.80891719745223,71.3375796178344,18.471337579617835
E00167995,360,33,14,19,327,209,118,9.166666666666666,3.888888888888889,5.277777777777778,90.83333333333333,58.05555555555556,32.77777777777778
E00167996,126,21,8,13,105,81,24,16.666666666666664,6.349206349206349,10.317460317460316,83.33333333333334,64.28571428571429,19.047619047619047
E00167998,491,125,68,57,366,265,101,25.45824847250509,13.849287169042771,11.608961303462321,74.54175152749491,53.97148676171079,20.570264765784113
E00167999,85,28,10,18,57,53,4,32.94117647058823,11.76470588235294,21.176470588235293,67.05882352941175,62.35294117647059,4.705882352941177
E00168003,82,26,6,20,56,51,5,31.70731707317073,7.317073170731707,24.390243902439025,68.29268292682927,62.19512195121951,6.097560975609756
E00168004,118,46,18,28,72,53,19,38.983050847457626,15.254237288135593,23.728813559322035,61.016949152542374,44.91525423728814,16.101694915254235
E00168006,147,35,11,24,112,91,21,23.809523809523807,7.482993197278912,16.3265306122449,76.19047619047619,61.904761904761905,14.285714285714285
E00168007,271,47,18,29,224,174,50,17.343173431734318,6.642066420664207,10.70110701107011,82.65682656826569,64.20664206642066,18.45018450184502
E00168009,177,55,22,33,122,107,15,31.07344632768362,12.429378531073446,18.64406779661017,68.92655367231639,60.451977401129945,8.47457627118644
E00168013,134,46,7,39,88,69,19,34.32835820895522,5.223880597014925,29.1044776119403,65.67164179104478,51.49253731343284,14.17910447761194
E00168017,98,31,11,20,67,61,6,31.63265306122449,11.224489795918368,20.408163265306122,68.36734693877551,62.244897959183675,6.122448979591836
E00168018,126,46,16,30,80,70,10,36.507936507936506,12.698412698412698,23.809523809523807,63.49206349206349,55.55555555555556,7.936507936507936
E00168020,58,16,7,9,42,38,4,27.586206896551722,12.068965517241379,15.517241379310345,72.41379310344827,65.51724137931035,6.896551724137931
E00168021,84,12,5,7,72,64,8,14.285714285714285,5.952380952380952,8.333333333333332,85.71428571428571,76.19047619047619,9.523809523809524
E00168023,171,17,5,12,154,97,57,9.941520467836257,2.923976608187134,7.017543859649122,90.05847953216374,56.72514619883041,33.33333333333333
E00168024,118,25,14,11,93,82,11,21.1864406779661,11.864406779661017,9.322033898305085,78.8135593220339,69.49152542372882,9.322033898305085
E00168026,141,11,3,8,130,93,37,7.801418439716312,2.127659574468085,5.673758865248227,92.19858156028369,65.95744680851064,26.24113475177305
E00168027,179,19,8,11,160,99,61,10.614525139664805,4.4692737430167595,6.145251396648044,89.3854748603352,55.3072625698324,34.07821229050279
E00168029,225,25,11,14,200,118,82,11.11111111111111,4.888888888888889,6.222222222222222,88.88888888888889,52.44444444444445,36.44444444444444
E00168080,136,21,2,19,115,76,39,15.441176470588236,1.4705882352941175,13.970588235294118,84.55882352941177,55.88235294117647,28.676470588235293
E00168082,95,20,8,12,75,62,13,21.052631578947366,8.421052631578947,12.631578947368421,78.94736842105263,65.26315789473685,13.684210526315791
E00177481,458,105,57,48,353,287,66,22.925764192139738,12.445414847161572,10.480349344978166,77.07423580786026,62.66375545851528,14.41048034934498
E00177487,169,34,11,23,135,102,33,20.118343195266274,6.508875739644971,13.609467455621301,79.88165680473372,60.35502958579882,19.526627218934912
E00177488,196,34,18,16,162,127,35,17.346938775510203,9.183673469387756,8.16326530612245,82.6530612244898,64.79591836734694,17.857142857142858
E00177490,57,17,6,11,40,34,6,29.82456140350877,10.526315789473683,19.298245614035086,70.17543859649122,59.64912280701754,10.526315789473683
E00177491,139,43,16,27,96,87,9,30.935251798561154,11.510791366906476,19.424460431654676,69.06474820143885,62.589928057553955,6.474820143884892
E00177492,197,86,33,53,111,99,12,43.65482233502538,16.751269035532996,26.903553299492383,56.34517766497462,50.25380710659898,6.091370558375635
E00177493,191,49,12,37,142,119,23,25.654450261780106,6.282722513089005,19.3717277486911,74.3455497382199,62.30366492146597,12.041884816753926
E00177497,167,44,18,26,123,96,27,26.34730538922156,10.778443113772456,15.568862275449103,73.65269461077844,57.48502994011976,16.16766467065868
E00177498,147,40,18,22,107,98,9,27.2108843537415,12.244897959183673,14.965986394557824,72.78911564625851,66.66666666666666,6.122448979591836
E00177499,175,54,22,32,121,106,15,30.857142857142854,12.571428571428573,18.285714285714285,69.14285714285714,60.57142857142858,8.571428571428571
E00177500,178,63,22,41,115,93,22,35.39325842696629,12.359550561797752,23.03370786516854,64.60674157303372,52.24719101123596,12.359550561797752
E00177506,153,21,10,11,132,101,31,13.725490196078432,6.535947712418301,7.18954248366013,86.27450980392157,66.01307189542483,20.26143790849673
E00177507,91,22,8,14,69,58,11,24.175824175824175,8.791208791208792,15.384615384615385,75.82417582417582,63.73626373626373,12.087912087912088
E00177508,102,6,3,3,96,72,24,5.88235294117647,2.941176470588235,2.941176470588235,94.11764705882352,70.58823529411765,23.52941176470588
E00177510,452,36,19,17,416,295,121,7.964601769911504,4.20353982300885,3.761061946902655,92.03539823008849,65.2654867256637,26.769911504424783
E00177512,109,5,0,5,104,75,29,4.587155963302752,0,4.587155963302752,95.41284403669725,68.80733944954129,26.605504587155966
E00177513,101,16,5,11,85,72,13,15.841584158415841,4.9504950495049505,10.891089108910892,84.15841584158416,71.28712871287128,12.871287128712872
E00177517,343,51,15,36,292,213,79,14.868804664723031,4.373177842565598,10.495626822157435,85.13119533527697,62.09912536443149,23.03206997084548
E00177519,223,35,15,20,188,133,55,15.695067264573993,6.726457399103139,8.968609865470851,84.30493273542601,59.64125560538116,24.663677130044842
E00177520,90,10,3,7,80,48,32,11.11111111111111,3.3333333333333335,7.777777777777778,88.88888888888889,53.333333333333336,35.55555555555556
E00177521,393,41,20,21,352,263,89,10.432569974554708,5.089058524173027,5.343511450381679,89.56743002544529,66.92111959287533,22.646310432569976
E00177523,147,65,26,39,82,77,5,44.21768707482993,17.687074829931973,26.53061224489796,55.78231292517006,52.38095238095239,3.4013605442176873
E00177524,198,69,25,44,129,111,18,34.84848484848485,12.626262626262626,22.22222222222222,65.15151515151516,56.060606060606055,9.090909090909092
E00177526,204,24,8,16,180,115,65,11.76470588235294,3.9215686274509802,7.8431372549019605,88.23529411764706,56.372549019607845,31.862745098039213
E00177527,212,56,17,39,156,126,30,26.41509433962264,8.018867924528301,18.39622641509434,73.58490566037736,59.43396226415094,14.150943396226415
E00177528,337,189,130,59,148,130,18,56.083086053412465,38.57566765578635,17.50741839762611,43.916913946587535,38.57566765578635,5.341246290801187
E00177531,173,24,17,7,149,102,47,13.872832369942195,9.826589595375722,4.046242774566474,86.1271676300578,58.95953757225434,27.167630057803464
E00177532,325,41,18,23,284,209,75,12.615384615384615,5.538461538461538,7.076923076923077,87.38461538461539,64.3076923076923,23.076923076923077
E00177535,182,28,22,6,154,92,62,15.384615384615385,12.087912087912088,3.296703296703297,84.61538461538461,50.54945054945055,34.065934065934066
E00177537,90,16,8,8,74,58,16,17.77777777777778,8.88888888888889,8.88888888888889,82.22222222222221,64.44444444444444,17.77777777777778
E00177538,106,40,8,32,66,59,7,37.735849056603776,7.547169811320755,30.18867924528302,62.264150943396224,55.660377358490564,6.60377358490566
E00177539,239,39,12,27,200,107,93,16.317991631799163,5.02092050209205,11.297071129707113,83.68200836820083,44.76987447698745,38.912133891213394
E00177540,79,17,5,12,62,46,16,21.518987341772153,6.329113924050633,15.18987341772152,78.48101265822784,58.22784810126582,20.253164556962027
E00177542,135,35,18,17,100,79,21,25.925925925925924,13.333333333333334,12.592592592592592,74.07407407407408,58.51851851851851,15.555555555555555
E00177543,185,60,26,34,125,108,17,32.432432432432435,14.054054054054054,18.37837837837838,67.56756756756756,58.37837837837838,9.18918918918919
E00177544,138,21,5,16,117,84,33,15.217391304347828,3.6231884057971016,11.594202898550725,84.78260869565217,60.86956521739131,23.91304347826087
E00177545,138,58,15,43,80,77,3,42.028985507246375,10.869565217391305,31.15942028985507,57.971014492753625,55.79710144927537,2.1739130434782608
E00177546,230,28,9,19,202,126,76,12.173913043478262,3.91304347826087,8.26086956521739,87.82608695652175,54.78260869565217,33.04347826086956
E00177548,100,13,5,8,87,72,15,13,5,8,87,72,15
E00177549,106,20,13,7,86,71,15,18.867924528301888,12.264150943396226,6.60377358490566,81.13207547169812,66.98113207547169,14.150943396226415
E00177550,267,62,28,34,205,117,88,23.220973782771537,10.486891385767791,12.734082397003746,76.77902621722846,43.82022471910113,32.958801498127336
E00177551,210,51,25,26,159,139,20,24.285714285714285,11.904761904761903,12.380952380952381,75.71428571428571,66.19047619047619,9.523809523809524
E00177553,274,179,125,54,95,84,11,65.32846715328468,45.62043795620438,19.708029197080293,34.67153284671533,30.656934306569344,4.014598540145985
E00177554,136,14,3,11,122,97,25,10.294117647058822,2.2058823529411766,8.088235294117647,89.70588235294117,71.32352941176471,18.38235294117647
E00177558,125,10,5,5,115,75,40,8,4,4,92,60,32
E00177559,190,24,6,18,166,128,38,12.631578947368421,3.1578947368421053,9.473684210526317,87.36842105263159,67.36842105263158,20
E00177560,227,58,21,37,169,123,46,25.55066079295154,9.251101321585903,16.299559471365637,74.44933920704845,54.18502202643172,20.26431718061674
E00177561,110,38,17,21,72,58,14,34.54545454545455,15.454545454545453,19.090909090909093,65.45454545454545,52.72727272727272,12.727272727272727
E00177566,102,11,7,4,91,67,24,10.784313725490197,6.862745098039216,3.9215686274509802,89.2156862745098,65.68627450980392,23.52941176470588
E00177567,137,41,15,26,96,80,16,29.927007299270077,10.948905109489052,18.97810218978102,70.07299270072993,58.3941605839416,11.678832116788321
E00177568,194,20,11,9,174,125,49,10.309278350515463,5.670103092783505,4.639175257731959,89.69072164948454,64.43298969072166,25.257731958762886
E00177570,118,14,4,10,104,72,32,11.864406779661017,3.389830508474576,8.47457627118644,88.13559322033898,61.016949152542374,27.11864406779661
E00177571,163,29,8,21,134,93,41,17.791411042944784,4.9079754601226995,12.883435582822086,82.20858895705521,57.05521472392638,25.153374233128833
E00177574,168,67,25,42,101,82,19,39.88095238095239,14.880952380952381,25,60.11904761904761,48.80952380952381,11.30952380952381
E00177575,254,32,19,13,222,152,70,12.598425196850393,7.480314960629922,5.118110236220472,87.4015748031496,59.84251968503938,27.559055118110237
E00177576,50,15,5,10,35,25,10,30,10,20,70,50,20
E00177578,83,30,14,16,53,47,6,36.144578313253014,16.867469879518072,19.27710843373494,63.85542168674698,56.62650602409639,7.228915662650602
E00177579,55,20,11,9,35,29,6,36.36363636363637,20,16.363636363636363,63.63636363636363,52.72727272727272,10.909090909090908
E00177580,348,56,20,36,292,238,54,16.091954022988507,5.747126436781609,10.344827586206897,83.9080459770115,68.39080459770115,15.517241379310345
E00177581,183,47,24,23,136,112,24,25.683060109289617,13.114754098360656,12.568306010928962,74.31693989071039,61.20218579234973,13.114754098360656
E00177583,159,13,6,7,146,83,63,8.176100628930817,3.7735849056603774,4.40251572327044,91.82389937106919,52.20125786163522,39.62264150943396
E00177584,171,40,14,26,131,104,27,23.391812865497073,8.187134502923977,15.204678362573098,76.60818713450293,60.81871345029239,15.789473684210526
E00177586,256,68,23,45,188,169,19,26.5625,8.984375,17.578125,73.4375,66.015625,7.421875
E00177588,294,15,7,8,279,174,105,5.1020408163265305,2.380952380952381,2.7210884353741496,94.89795918367348,59.183673469387756,35.714285714285715
E00177589,113,43,10,33,70,62,8,38.05309734513274,8.849557522123893,29.20353982300885,61.94690265486725,54.86725663716814,7.079646017699115
E00177590,112,32,13,19,80,67,13,28.57142857142857,11.607142857142858,16.964285714285715,71.42857142857143,59.82142857142857,11.607142857142858
E00177593,110,21,12,9,89,66,23,19.090909090909093,10.909090909090908,8.181818181818182,80.9090909090909,60,20.909090909090907
E00177594,257,62,22,40,195,154,41,24.124513618677042,8.560311284046692,15.56420233463035,75.87548638132296,59.92217898832685,15.953307392996107
E00177595,187,49,22,27,138,129,9,26.203208556149733,11.76470588235294,14.43850267379679,73.79679144385027,68.98395721925134,4.81283422459893
E00177597,192,32,16,16,160,82,78,16.666666666666664,8.333333333333332,8.333333333333332,83.33333333333334,42.70833333333333,40.625
E00177598,206,71,36,35,135,120,15,34.46601941747573,17.475728155339805,16.990291262135923,65.53398058252428,58.252427184466015,7.281553398058252
E00177600,209,16,5,11,193,144,49,7.655502392344498,2.3923444976076556,5.263157894736842,92.34449760765551,68.89952153110048,23.444976076555022
E00177602,112,14,6,8,98,70,28,12.5,5.357142857142857,7.142857142857142,87.5,62.5,25
E00177603,112,39,21,18,73,60,13,34.82142857142857,18.75,16.071428571428573,65.17857142857143,53.57142857142857,11.607142857142858
E00177604,180,40,17,23,140,111,29,22.22222222222222,9.444444444444445,12.777777777777777,77.77777777777779,61.66666666666667,16.11111111111111
E00177605,157,15,7,8,142,87,55,9.554140127388536,4.45859872611465,5.095541401273886,90.44585987261146,55.4140127388535,35.03184713375796
E00177606,167,13,6,7,154,114,40,7.784431137724551,3.592814371257485,4.191616766467066,92.21556886227546,68.26347305389223,23.952095808383234
E00177607,140,19,7,12,121,84,37,13.571428571428571,5,8.571428571428571,86.42857142857143,60,26.42857142857143
E00177610,95,24,8,16,71,67,4,25.263157894736842,8.421052631578947,16.842105263157894,74.73684210526315,70.52631578947368,4.2105263157894735
E00177613,66,25,6,19,41,40,1,37.878787878787875,9.090909090909092,28.78787878787879,62.121212121212125,60.60606060606061,1.5151515151515151
E00177614,63,23,7,16,40,33,7,36.507936507936506,11.11111111111111,25.396825396825395,63.49206349206349,52.38095238095239,11.11111111111111
E00177616,137,17,10,7,120,84,36,12.408759124087592,7.2992700729927,5.109489051094891,87.59124087591242,61.31386861313869,26.277372262773724
E00177617,71,18,7,11,53,36,17,25.352112676056336,9.859154929577464,15.492957746478872,74.64788732394366,50.70422535211267,23.943661971830984
E00177618,120,10,4,6,110,67,43,8.333333333333332,3.3333333333333335,5,91.66666666666666,55.833333333333336,35.833333333333336
E00177622,273,25,15,10,248,165,83,9.157509157509157,5.4945054945054945,3.6630036630036633,90.84249084249085,60.43956043956044,30.4029304029304
E00177623,190,56,27,29,134,116,18,29.47368421052631,14.210526315789473,15.263157894736842,70.52631578947368,61.05263157894737,9.473684210526317
E00177624,96,9,5,4,87,61,26,9.375,5.208333333333334,4.166666666666666,90.625,63.541666666666664,27.083333333333332
E00177625,150,44,14,30,106,90,16,29.333333333333332,9.333333333333334,20,70.66666666666667,60,10.666666666666668
E00177630,76,12,8,4,64,44,20,15.789473684210526,10.526315789473683,5.263157894736842,84.21052631578947,57.89473684210527,26.31578947368421
E00177632,214,52,12,40,162,122,40,24.299065420560748,5.607476635514018,18.69158878504673,75.70093457943925,57.009345794392516,18.69158878504673
E00177633,83,20,7,13,63,47,16,24.096385542168676,8.433734939759036,15.66265060240964,75.90361445783132,56.62650602409639,19.27710843373494
E00177635,261,71,27,44,190,151,39,27.203065134099617,10.344827586206897,16.85823754789272,72.79693486590038,57.8544061302682,14.942528735632186
E00177636,116,48,13,35,68,56,12,41.37931034482759,11.206896551724139,30.17241379310345,58.620689655172406,48.275862068965516,10.344827586206897
E00177637,79,18,10,8,61,56,5,22.78481012658228,12.658227848101266,10.126582278481013,77.21518987341773,70.88607594936708,6.329113924050633
E00177639,209,39,17,22,170,130,40,18.660287081339714,8.133971291866029,10.526315789473683,81.3397129186603,62.20095693779905,19.138755980861244
E00177640,83,6,1,5,77,46,31,7.228915662650602,1.2048192771084338,6.024096385542169,92.7710843373494,55.42168674698795,37.34939759036144
E00177642,258,22,4,18,236,196,40,8.527131782945736,1.550387596899225,6.976744186046512,91.47286821705426,75.96899224806202,15.503875968992247
E00177643,315,44,20,24,271,165,106,13.968253968253968,6.349206349206349,7.6190476190476195,86.03174603174604,52.38095238095239,33.65079365079365
E00177644,262,35,13,22,227,165,62,13.358778625954198,4.961832061068702,8.396946564885496,86.64122137404581,62.97709923664122,23.66412213740458
E00177645,129,46,22,24,83,75,8,35.65891472868217,17.05426356589147,18.6046511627907,64.34108527131784,58.139534883720934,6.2015503875969
E00177647,105,31,12,19,74,61,13,29.523809523809526,11.428571428571429,18.095238095238095,70.47619047619048,58.0952380952381,12.380952380952381
E00177651,141,19,10,9,122,102,20,13.47517730496454,7.092198581560284,6.382978723404255,86.52482269503547,72.3404255319149,14.184397163120568
E00177652,156,37,16,21,119,96,23,23.717948717948715,10.256410256410255,13.461538461538462,76.28205128205127,61.53846153846154,14.743589743589745
E00177653,239,36,14,22,203,158,45,15.062761506276152,5.857740585774058,9.205020920502092,84.93723849372385,66.10878661087865,18.828451882845187
E00177656,65,19,7,12,46,33,13,29.230769230769234,10.76923076923077,18.461538461538463,70.76923076923077,50.76923076923077,20
E00177658,278,63,29,34,215,168,47,22.66187050359712,10.431654676258994,12.23021582733813,77.33812949640287,60.431654676258994,16.906474820143885
E00177659,260,34,16,18,226,154,72,13.076923076923078,6.153846153846154,6.923076923076923,86.92307692307692,59.23076923076923,27.692307692307693
E00177661,86,9,5,4,77,52,25,10.465116279069768,5.813953488372093,4.651162790697675,89.53488372093024,60.46511627906976,29.069767441860467
E00177662,317,63,18,45,254,213,41,19.873817034700316,5.678233438485805,14.195583596214512,80.12618296529969,67.19242902208202,12.933753943217665
E00177664,198,55,23,32,143,123,20,27.77777777777778,11.616161616161616,16.161616161616163,72.22222222222221,62.121212121212125,10.1010101010101
E00177665,202,24,14,10,178,136,42,11.881188118811881,6.9306930693069315,4.9504950495049505,88.11881188118812,67.32673267326733,20.792079207920793
E00177666,208,55,15,40,153,125,28,26.442307692307693,7.211538461538461,19.230769230769234,73.5576923076923,60.09615384615385,13.461538461538462
E00177669,57,22,8,14,35,30,5,38.59649122807017,14.035087719298245,24.561403508771928,61.40350877192983,52.63157894736842,8.771929824561402
E00177670,204,36,11,25,168,129,39,17.647058823529413,5.392156862745098,12.254901960784313,82.35294117647058,63.23529411764706,19.11764705882353
E00177672,142,46,17,29,96,75,21,32.3943661971831,11.971830985915492,20.422535211267608,67.6056338028169,52.816901408450704,14.788732394366196
E00177674,185,71,28,43,114,102,12,38.37837837837838,15.135135135135137,23.243243243243246,61.62162162162163,55.13513513513514,6.486486486486487
E00177677,171,60,27,33,111,100,11,35.08771929824561,15.789473684210526,19.298245614035086,64.91228070175438,58.47953216374269,6.432748538011696
E00177678,120,19,11,8,101,77,24,15.833333333333332,9.166666666666666,6.666666666666667,84.16666666666667,64.16666666666667,20
E00177679,164,28,10,18,136,97,39,17.073170731707318,6.097560975609756,10.975609756097562,82.92682926829268,59.14634146341463,23.78048780487805
E00177680,58,10,6,4,48,42,6,17.24137931034483,10.344827586206897,6.896551724137931,82.75862068965517,72.41379310344827,10.344827586206897
E00177681,156,15,7,8,141,88,53,9.615384615384617,4.487179487179487,5.128205128205128,90.38461538461539,56.41025641025641,33.97435897435898
E00177683,255,51,20,31,204,168,36,20,7.8431372549019605,12.156862745098039,80,65.88235294117646,14.117647058823529
E00177685,133,24,10,14,109,88,21,18.045112781954884,7.518796992481203,10.526315789473683,81.95488721804512,66.16541353383458,15.789473684210526
E00177686,175,36,11,25,139,91,48,20.57142857142857,6.2857142857142865,14.285714285714285,79.42857142857143,52,27.42857142857143
E00177687,152,75,47,28,77,68,9,49.34210526315789,30.92105263157895,18.421052631578945,50.6578947368421,44.73684210526316,5.921052631578947
E00177693,192,80,30,50,112,104,8,41.66666666666667,15.625,26.041666666666668,58.333333333333336,54.166666666666664,4.166666666666666
