OA,ts0380001,ts0380002,ts0380003,ts0380004,ts0380005,ts0380006,ts0380007,ts0380002_PCT,ts0380003_PCT,ts0380004_PCT,ts0380005_PCT,ts0380006_PCT,ts0380007_PCT
E00009227,298,59,30,29,239,21,218,19.798657718120804,10.06711409395973,9.731543624161073,80.20134228187919,7.046979865771812,73.15436241610739
E00009228,345,33,14,19,312,22,290,9.565217391304348,4.057971014492753,5.507246376811594,90.43478260869566,6.3768115942028984,84.05797101449275
E00009229,244,36,8,28,208,12,196,14.754098360655737,3.278688524590164,11.475409836065573,85.24590163934425,4.918032786885246,80.32786885245902
E00009230,390,29,9,20,361,18,343,7.435897435897436,2.307692307692308,5.128205128205128,92.56410256410257,4.615384615384616,87.94871794871794
E00009231,214,22,11,11,192,7,185,10.2803738317757,5.14018691588785,5.14018691588785,89.7196261682243,3.2710280373831773,86.44859813084112
E00009232,202,19,7,12,183,21,162,9.405940594059405,3.4653465346534658,5.9405940594059405,90.5940594059406,10.396039603960396,80.19801980198021
E00009233,384,21,3,18,363,23,340,5.46875,0.78125,4.6875,94.53125,5.989583333333334,88.54166666666666
E00009234,280,35,14,21,245,15,230,12.5,5,7.5,87.5,5.357142857142857,82.14285714285714
E00009235,199,23,9,14,176,10,166,11.557788944723619,4.522613065326634,7.035175879396985,88.44221105527639,5.025125628140704,83.41708542713567
E00009236,182,18,4,14,164,9,155,9.89010989010989,2.197802197802198,7.6923076923076925,90.10989010989012,4.945054945054945,85.16483516483517
E00009237,272,23,6,17,249,15,234,8.455882352941178,2.2058823529411766,6.25,91.54411764705883,5.514705882352941,86.02941176470588
E00009238,272,36,12,24,236,19,217,13.23529411764706,4.411764705882353,8.823529411764707,86.76470588235294,6.985294117647059,79.77941176470588
E00009239,266,27,9,18,239,17,222,10.150375939849624,3.3834586466165413,6.7669172932330826,89.84962406015038,6.390977443609022,83.45864661654136
E00009240,253,22,5,17,231,21,210,8.695652173913043,1.9762845849802373,6.719367588932807,91.30434782608695,8.300395256916996,83.00395256916995
E00009241,243,25,13,12,218,7,211,10.2880658436214,5.349794238683128,4.938271604938271,89.7119341563786,2.880658436213992,86.83127572016461
E00009242,272,41,19,22,231,8,223,15.073529411764705,6.985294117647059,8.088235294117647,84.92647058823529,2.941176470588235,81.98529411764706
E00009243,133,16,7,9,117,10,107,12.030075187969924,5.263157894736842,6.7669172932330826,87.96992481203007,7.518796992481203,80.45112781954887
E00009244,387,36,14,22,351,25,326,9.30232558139535,3.6175710594315245,5.684754521963824,90.69767441860465,6.459948320413436,84.23772609819122
E00009245,146,22,10,12,124,9,115,15.068493150684931,6.8493150684931505,8.21917808219178,84.93150684931507,6.164383561643835,78.76712328767124
E00009246,205,35,25,10,170,11,159,17.073170731707318,12.195121951219512,4.878048780487805,82.92682926829268,5.365853658536586,77.5609756097561
E00009247,257,28,14,14,229,24,205,10.894941634241246,5.447470817120623,5.447470817120623,89.10505836575877,9.33852140077821,79.76653696498055
E00009248,374,43,22,21,331,15,316,11.497326203208557,5.88235294117647,5.614973262032086,88.50267379679144,4.0106951871657754,84.49197860962568
E00009249,202,42,17,25,160,9,151,20.792079207920793,8.415841584158416,12.376237623762377,79.20792079207921,4.455445544554455,74.75247524752476
E00009250,193,36,14,22,157,9,148,18.65284974093264,7.253886010362693,11.398963730569948,81.34715025906736,4.66321243523316,76.68393782383419
E00009251,290,27,15,12,263,10,253,9.310344827586208,5.172413793103448,4.137931034482759,90.6896551724138,3.4482758620689653,87.24137931034483
E00009252,329,26,5,21,303,11,292,7.90273556231003,1.5197568389057752,6.382978723404255,92.09726443768997,3.343465045592705,88.75379939209726
E00009253,288,32,17,15,256,15,241,11.11111111111111,5.902777777777778,5.208333333333334,88.88888888888889,5.208333333333334,83.68055555555556
E00009254,377,55,27,28,322,25,297,14.588859416445624,7.161803713527852,7.427055702917771,85.41114058355438,6.631299734748011,78.77984084880637
E00009255,357,66,41,25,291,14,277,18.487394957983195,11.484593837535014,7.002801120448179,81.5126050420168,3.9215686274509802,77.59103641456583
E00009256,215,16,6,10,199,6,193,7.441860465116279,2.7906976744186047,4.651162790697675,92.55813953488372,2.7906976744186047,89.76744186046511
E00009257,271,36,20,16,235,10,225,13.284132841328415,7.380073800738007,5.904059040590406,86.71586715867159,3.6900369003690034,83.02583025830258
E00009258,236,28,15,13,208,12,196,11.864406779661017,6.3559322033898304,5.508474576271186,88.13559322033898,5.084745762711865,83.05084745762711
E00009259,223,33,17,16,190,8,182,14.798206278026907,7.623318385650224,7.174887892376682,85.20179372197309,3.587443946188341,81.61434977578476
E00009260,236,39,25,14,197,2,195,16.52542372881356,10.59322033898305,5.932203389830509,83.47457627118644,0.847457627118644,82.62711864406779
E00009261,201,22,7,15,179,8,171,10.945273631840797,3.482587064676617,7.462686567164178,89.05472636815921,3.9800995024875623,85.07462686567165
E00009262,213,55,35,20,158,6,152,25.821596244131456,16.431924882629108,9.389671361502346,74.17840375586854,2.8169014084507045,71.36150234741784
E00009263,250,23,10,13,227,16,211,9.2,4,5.2,90.8,6.4,84.39999999999999
E00009264,195,39,19,20,156,4,152,20,9.7435897435897445,10.256410256410255,80,2.051282051282051,77.94871794871796
E00009265,182,16,1,15,166,13,153,8.791208791208792,0.5494505494505495,8.241758241758241,91.20879120879121,7.142857142857142,84.06593406593407
E00009266,253,18,9,9,235,18,217,7.114624505928854,3.557312252964427,3.557312252964427,92.88537549407114,7.114624505928854,85.7707509881423
E00009267,226,17,11,6,209,15,194,7.52212389380531,4.867256637168142,2.6548672566371683,92.47787610619469,6.637168141592921,85.84070796460178
E00009268,142,12,4,8,130,11,119,8.450704225352112,2.8169014084507045,5.633802816901409,91.54929577464789,7.746478873239436,83.80281690140845
E00009269,312,38,17,21,274,16,258,12.179487179487179,5.448717948717949,6.730769230769231,87.82051282051282,5.128205128205128,82.6923076923077
E00009270,215,14,9,5,201,11,190,6.511627906976744,4.186046511627907,2.3255813953488373,93.48837209302326,5.116279069767442,88.37209302325581
E00009271,260,47,32,15,213,15,198,18.076923076923077,12.307692307692308,5.769230769230769,81.92307692307692,5.769230769230769,76.15384615384615
E00009272,217,17,3,14,200,14,186,7.834101382488479,1.3824884792626728,6.451612903225806,92.16589861751152,6.451612903225806,85.71428571428571
E00009273,287,39,18,21,248,20,228,13.588850174216027,6.2717770034843205,7.317073170731707,86.41114982578398,6.968641114982578,79.44250871080139
E00009274,247,39,14,25,208,12,196,15.789473684210526,5.668016194331984,10.121457489878543,84.21052631578947,4.8582995951417,79.35222672064778
E00009275,400,42,21,21,358,21,337,10.5,5.25,5.25,89.5,5.25,84.25
E00009276,317,33,16,17,284,21,263,10.410094637223976,5.047318611987381,5.3627760252365935,89.58990536277602,6.624605678233439,82.96529968454259
E00009277,268,40,19,21,228,22,206,14.925373134328357,7.08955223880597,7.835820895522389,85.07462686567165,8.208955223880597,76.86567164179104
E00009278,353,54,22,32,299,15,284,15.29745042492918,6.232294617563739,9.06515580736544,84.70254957507082,4.2492917847025495,80.45325779036827
E00009279,245,53,29,24,192,13,179,21.63265306122449,11.83673469387755,9.795918367346939,78.36734693877551,5.3061224489795915,73.06122448979592
E00009280,238,22,11,11,216,17,199,9.243697478991598,4.621848739495799,4.621848739495799,90.75630252100841,7.142857142857142,83.61344537815127
E00009281,310,45,22,23,265,6,259,14.516129032258066,7.096774193548387,7.419354838709677,85.48387096774194,1.935483870967742,83.54838709677419
E00009282,350,44,21,23,306,17,289,12.571428571428573,6,6.571428571428571,87.42857142857143,4.857142857142857,82.57142857142857
E00009283,228,17,8,9,211,18,193,7.456140350877193,3.508771929824561,3.9473684210526314,92.54385964912281,7.894736842105263,84.64912280701753
E00009284,210,48,19,29,162,11,151,22.857142857142858,9.047619047619047,13.80952380952381,77.14285714285715,5.238095238095238,71.9047619047619
E00009285,234,23,9,14,211,18,193,9.82905982905983,3.8461538461538463,5.982905982905983,90.17094017094017,7.6923076923076925,82.47863247863248
E00009286,323,44,21,23,279,8,271,13.622291021671826,6.5015479876160995,7.120743034055728,86.37770897832817,2.476780185758514,83.90092879256966
E00009287,295,51,23,28,244,17,227,17.28813559322034,7.796610169491526,9.491525423728813,82.71186440677965,5.762711864406779,76.94915254237287
E00009288,245,53,21,32,192,22,170,21.63265306122449,8.571428571428571,13.061224489795919,78.36734693877551,8.979591836734693,69.38775510204081
E00009289,274,41,16,25,233,16,217,14.963503649635038,5.839416058394161,9.124087591240876,85.03649635036497,5.839416058394161,79.1970802919708
E00009291,321,26,8,18,295,16,279,8.09968847352025,2.4922118380062304,5.607476635514018,91.90031152647975,4.984423676012461,86.91588785046729
E00009292,340,19,6,13,321,28,293,5.588235294117648,1.7647058823529411,3.823529411764706,94.41176470588235,8.235294117647058,86.1764705882353
E00009293,252,46,21,25,206,10,196,18.253968253968253,8.333333333333332,9.920634920634921,81.74603174603175,3.968253968253968,77.77777777777779
E00009294,253,35,19,16,218,13,205,13.83399209486166,7.5098814229249005,6.324110671936759,86.16600790513834,5.138339920948617,81.02766798418972
E00009295,357,46,26,20,311,18,293,12.885154061624648,7.282913165266107,5.602240896358544,87.11484593837535,5.042016806722689,82.07282913165265
E00009296,331,53,22,31,278,17,261,16.012084592145015,6.646525679758309,9.365558912386707,83.98791540785498,5.13595166163142,78.85196374622356
E00009297,595,84,28,56,511,47,464,14.117647058823529,4.705882352941177,9.411764705882353,85.88235294117646,7.899159663865546,77.98319327731093
E00009298,306,87,51,36,219,13,206,28.431372549019606,16.666666666666664,11.76470588235294,71.56862745098039,4.248366013071895,67.3202614379085
E00009299,217,21,9,12,196,6,190,9.67741935483871,4.147465437788019,5.529953917050691,90.32258064516128,2.7649769585253456,87.55760368663594
E00009300,220,22,10,12,198,14,184,10,4.545454545454546,5.454545454545454,90,6.363636363636363,83.63636363636363
E00009301,295,32,17,15,263,19,244,10.847457627118644,5.762711864406779,5.084745762711865,89.15254237288136,6.440677966101695,82.71186440677965
E00009302,234,10,3,7,224,15,209,4.273504273504273,1.282051282051282,2.9914529914529915,95.72649572649573,6.41025641025641,89.31623931623932
E00009303,278,31,14,17,247,13,234,11.151079136690647,5.0359712230215825,6.115107913669065,88.84892086330936,4.676258992805756,84.17266187050359
E00009304,355,52,22,30,303,23,280,14.647887323943662,6.197183098591549,8.450704225352112,85.35211267605634,6.478873239436619,78.87323943661971
E00009305,272,19,7,12,253,14,239,6.985294117647059,2.5735294117647056,4.411764705882353,93.01470588235294,5.147058823529411,87.86764705882352
E00009306,276,32,8,24,244,19,225,11.594202898550725,2.898550724637681,8.695652173913043,88.40579710144928,6.884057971014493,81.52173913043478
E00009307,342,50,16,34,292,15,277,14.619883040935672,4.678362573099415,9.941520467836257,85.38011695906432,4.385964912280701,80.99415204678363
E00009308,191,33,12,21,158,10,148,17.277486910994764,6.282722513089005,10.99476439790576,82.72251308900523,5.2356020942408374,77.4869109947644
E00009309,254,34,13,21,220,13,207,13.385826771653544,5.118110236220472,8.267716535433072,86.61417322834646,5.118110236220472,81.49606299212599
E00009310,262,33,13,20,229,13,216,12.595419847328243,4.961832061068702,7.633587786259542,87.40458015267176,4.961832061068702,82.44274809160305
E00009311,274,22,8,14,252,22,230,8.02919708029197,2.9197080291970803,5.109489051094891,91.970802919708035,8.02919708029197,83.94160583941606
E00009312,311,55,23,32,256,16,240,17.684887459807076,7.395498392282958,10.289389067524116,82.31511254019293,5.144694533762058,77.17041800643086
E00009313,339,53,31,22,286,19,267,15.634218289085547,9.144542772861357,6.489675516224189,84.36578171091446,5.604719764011799,78.76106194690266
E00009314,301,46,19,27,255,11,244,15.282392026578073,6.312292358803987,8.970099667774086,84.71760797342192,3.6544850498338874,81.06312292358804
E00009315,473,57,26,31,416,21,395,12.050739957716702,5.496828752642706,6.553911205073996,87.9492600422833,4.439746300211417,83.50951374207189
E00009316,370,50,19,31,320,22,298,13.513513513513514,5.135135135135135,8.378378378378379,86.48648648648648,5.9459459459459465,80.54054054054053
E00009317,251,43,15,28,208,12,196,17.131474103585656,5.9760956175298805,11.155378486055776,82.86852589641434,4.780876494023905,78.08764940239044
E00009318,259,39,22,17,220,18,202,15.057915057915059,8.494208494208493,6.563706563706563,84.94208494208493,6.94980694980695,77.99227799227799
E00009319,304,32,19,13,272,12,260,10.526315789473683,6.25,4.276315789473684,89.47368421052632,3.9473684210526314,85.52631578947368
E00009320,312,33,8,25,279,22,257,10.576923076923077,2.564102564102564,8.012820512820513,89.42307692307693,7.051282051282051,82.37179487179486
E00009321,260,60,27,33,200,11,189,23.076923076923077,10.384615384615385,12.692307692307692,76.92307692307693,4.230769230769231,72.6923076923077
E00009322,217,20,5,15,197,15,182,9.216589861751153,2.3041474654377883,6.912442396313365,90.78341013824884,6.912442396313365,83.87096774193549
E00009324,302,36,19,17,266,21,245,11.920529801324504,6.291390728476822,5.629139072847682,88.0794701986755,6.95364238410596,81.12582781456953
E00009325,240,26,8,18,214,11,203,10.833333333333334,3.3333333333333335,7.5,89.16666666666667,4.583333333333333,84.58333333333333
E00009326,253,49,24,25,204,14,190,19.367588932806324,9.486166007905137,9.881422924901186,80.63241106719367,5.533596837944664,75.09881422924902
E00009327,285,26,7,19,259,25,234,9.12280701754386,2.456140350877193,6.666666666666667,90.87719298245615,8.771929824561402,82.10526315789474
E00009328,285,28,6,22,257,13,244,9.824561403508772,2.1052631578947367,7.719298245614035,90.17543859649123,4.56140350877193,85.6140350877193
E00009329,191,28,17,11,163,15,148,14.659685863874344,8.900523560209423,5.7591623036649215,85.34031413612566,7.853403141361256,77.4869109947644
E00009330,238,15,7,8,223,10,213,6.302521008403361,2.941176470588235,3.361344537815126,93.69747899159664,4.201680672268908,89.49579831932773
E00009331,315,41,16,25,274,17,257,13.015873015873018,5.079365079365079,7.936507936507936,86.98412698412699,5.396825396825397,81.58730158730158
E00009332,208,24,7,17,184,8,176,11.538461538461538,3.3653846153846154,8.173076923076923,88.46153846153845,3.8461538461538463,84.61538461538461
E00009333,149,13,5,8,136,10,126,8.724832214765101,3.3557046979865772,5.369127516778524,91.2751677852349,6.7114093959731544,84.56375838926175
E00009334,331,28,7,21,303,15,288,8.459214501510575,2.1148036253776437,6.3444108761329305,91.54078549848943,4.531722054380665,87.00906344410876
E00009335,252,55,25,30,197,7,190,21.825396825396826,9.920634920634921,11.904761904761903,78.17460317460318,2.7777777777777777,75.39682539682539
E00009336,319,72,40,32,247,9,238,22.570532915360502,12.539184952978054,10.031347962382444,77.4294670846395,2.8213166144200628,74.60815047021944
E00009337,266,18,4,14,248,22,226,6.7669172932330826,1.5037593984962405,5.263157894736842,93.23308270676691,8.270676691729323,84.9624060150376
E00009338,151,29,14,15,122,5,117,19.205298013245034,9.271523178807946,9.933774834437086,80.79470198675497,3.3112582781456954,77.48344370860927
E00009339,243,34,15,19,209,14,195,13.991769547325102,6.172839506172839,7.818930041152264,86.0082304526749,5.761316872427984,80.24691358024691
E00009340,311,28,9,19,283,14,269,9.003215434083602,2.8938906752411575,6.109324758842444,90.9967845659164,4.501607717041801,86.49517684887459
E00009341,154,21,10,11,133,16,117,13.636363636363635,6.493506493506493,7.142857142857142,86.36363636363636,10.38961038961039,75.97402597402598
E00009342,234,19,11,8,215,15,200,8.11965811965812,4.700854700854701,3.418803418803419,91.88034188034187,6.41025641025641,85.47008547008546
E00009343,213,30,12,18,183,10,173,14.084507042253522,5.633802816901409,8.450704225352112,85.91549295774648,4.694835680751173,81.2206572769953
E00009344,248,23,7,16,225,12,213,9.274193548387096,2.82258064516129,6.451612903225806,90.7258064516129,4.838709677419355,85.88709677419355
E00009345,173,19,5,14,154,9,145,10.982658959537572,2.8901734104046244,8.092485549132949,89.01734104046243,5.202312138728324,83.8150289017341
E00009346,192,44,16,28,148,2,146,22.916666666666664,8.333333333333332,14.583333333333334,77.08333333333334,1.0416666666666665,76.04166666666666
E00009348,236,44,21,23,192,12,180,18.64406779661017,8.898305084745763,9.745762711864407,81.35593220338984,5.084745762711865,76.27118644067797
E00009349,275,68,37,31,207,6,201,24.727272727272727,13.454545454545455,11.272727272727273,75.27272727272727,2.181818181818182,73.0909090909091
E00009350,248,41,15,26,207,14,193,16.532258064516128,6.048387096774194,10.483870967741936,83.46774193548387,5.64516129032258,77.82258064516128
E00009351,297,44,20,24,253,13,240,14.814814814814813,6.7340067340067336,8.080808080808081,85.18518518518519,4.377104377104377,80.8080808080808
E00009352,212,35,21,14,177,11,166,16.50943396226415,9.90566037735849,6.60377358490566,83.49056603773585,5.188679245283019,78.30188679245283
E00009353,219,19,10,9,200,11,189,8.67579908675799,4.5662100456621,4.10958904109589,91.32420091324201,5.0228310502283104,86.3013698630137
E00009354,623,73,27,46,550,37,513,11.717495987158909,4.333868378812198,7.3836276083467105,88.28250401284109,5.9390048154093105,82.34349919743178
E00009355,258,23,14,9,235,14,221,8.914728682170542,5.426356589147287,3.488372093023256,91.08527131782945,5.426356589147287,85.65891472868216
E00009356,193,22,9,13,171,9,162,11.398963730569948,4.66321243523316,6.7357512953367875,88.60103626943005,4.66321243523316,83.93782383419689
E00009357,213,23,9,14,190,22,168,10.7981220657277,4.225352112676056,6.572769953051644,89.2018779342723,10.328638497652582,78.87323943661971
E00009358,281,26,6,20,255,14,241,9.252669039145907,2.135231316725979,7.11743772241993,90.74733096085409,4.98220640569395,85.76512455516014
E00009359,243,53,24,29,190,10,180,21.810699588477366,9.876543209876543,11.934156378600823,78.18930041152264,4.11522633744856,74.07407407407408
E00009360,438,72,28,44,366,22,344,16.43835616438356,6.392694063926941,10.045662100456621,83.56164383561644,5.0228310502283104,78.53881278538812
E00009361,363,69,35,34,294,15,279,19.00826446280992,9.641873278236915,9.366391184573002,80.99173553719008,4.132231404958678,76.85950413223141
E00009362,360,57,23,34,303,15,288,15.833333333333332,6.388888888888888,9.444444444444445,84.16666666666667,4.166666666666666,80
E00009363,334,58,28,30,276,17,259,17.365269461077844,8.383233532934131,8.982035928143713,82.63473053892216,5.089820359281437,77.54491017964071
E00009366,193,19,10,9,174,7,167,9.844559585492227,5.181347150259067,4.66321243523316,90.15544041450777,3.6269430051813467,86.52849740932642
E00009367,260,41,14,27,219,15,204,15.769230769230768,5.384615384615385,10.384615384615385,84.23076923076923,5.769230769230769,78.46153846153847
E00009368,325,55,22,33,270,16,254,16.923076923076923,6.769230769230769,10.153846153846153,83.07692307692308,4.923076923076923,78.15384615384615
E00009369,289,27,15,12,262,15,247,9.342560553633218,5.190311418685121,4.1522491349480966,90.65743944636678,5.190311418685121,85.46712802768167
E00009373,346,70,41,29,276,15,261,20.23121387283237,11.849710982658959,8.38150289017341,79.76878612716763,4.335260115606936,75.43352601156069
E00009374,301,55,23,32,246,16,230,18.272425249169437,7.641196013289036,10.631229235880399,81.72757475083057,5.3156146179401995,76.41196013289037
E00009375,301,35,14,21,266,24,242,11.627906976744185,4.651162790697675,6.976744186046512,88.37209302325581,7.973421926910299,80.39867109634552
E00009376,389,68,30,38,321,19,302,17.480719794344473,7.712082262210797,9.768637532133676,82.51928020565553,4.884318766066838,77.6349614395887
E00009377,248,31,13,18,217,21,196,12.5,5.241935483870968,7.258064516129033,87.5,8.46774193548387,79.03225806451613
E00009378,447,67,30,37,380,21,359,14.988814317673377,6.7114093959731544,8.277404921700224,85.01118568232661,4.697986577181208,80.31319910514542
E00009379,223,65,35,30,158,18,140,29.14798206278027,15.695067264573993,13.452914798206278,70.85201793721974,8.071748878923767,62.78026905829597
E00009380,338,60,33,27,278,16,262,17.75147928994083,9.763313609467456,7.988165680473373,82.24852071005917,4.733727810650888,77.51479289940828
E00009381,226,47,30,17,179,9,170,20.79646017699115,13.274336283185843,7.52212389380531,79.20353982300885,3.982300884955752,75.22123893805309
E00009383,397,78,45,33,319,19,300,19.64735516372796,11.335012594458437,8.312342569269521,80.35264483627203,4.785894206549118,75.56675062972292
E00009384,216,45,22,23,171,6,165,20.833333333333336,10.185185185185185,10.648148148148149,79.16666666666666,2.7777777777777777,76.38888888888889
E00009385,325,76,42,34,249,12,237,23.384615384615383,12.923076923076923,10.461538461538462,76.61538461538461,3.6923076923076925,72.92307692307692
E00009386,164,22,7,15,142,8,134,13.414634146341465,4.2682926829268295,9.146341463414634,86.58536585365853,4.878048780487805,81.70731707317073
E00009387,473,66,28,38,407,20,387,13.953488372093023,5.9196617336152215,8.0338266384778,86.04651162790698,4.2283298097251585,81.81818181818183
E00009388,246,43,25,18,203,18,185,17.479674796747968,10.16260162601626,7.317073170731707,82.52032520325203,7.317073170731707,75.20325203252033
E00009389,219,65,34,31,154,22,132,29.68036529680365,15.52511415525114,14.15525114155251,70.31963470319634,10.045662100456621,60.273972602739725
E00009390,390,26,11,15,364,13,351,6.666666666666667,2.8205128205128207,3.8461538461538463,93.33333333333333,3.3333333333333335,90
E00009391,347,32,8,24,315,19,296,9.221902017291066,2.3054755043227666,6.9164265129683,90.77809798270894,5.475504322766571,85.30259365994236
E00009392,441,52,34,18,389,17,372,11.791383219954648,7.709750566893423,4.081632653061225,88.20861678004536,3.8548752834467117,84.35374149659864
E00009393,294,24,11,13,270,16,254,8.16326530612245,3.741496598639456,4.421768707482993,91.83673469387756,5.442176870748299,86.39455782312925
E00009394,187,12,3,9,175,12,163,6.417112299465241,1.6042780748663104,4.81283422459893,93.58288770053476,6.417112299465241,87.16577540106952
E00009395,367,43,11,32,324,21,303,11.716621253405995,2.997275204359673,8.71934604904632,88.28337874659401,5.722070844686648,82.56130790190736
E00009396,244,28,12,16,216,12,204,11.475409836065573,4.918032786885246,6.557377049180328,88.52459016393442,4.918032786885246,83.60655737704919
E00009397,333,36,16,20,297,12,285,10.81081081081081,4.804804804804805,6.006006006006006,89.1891891891892,3.6036036036036037,85.58558558558559
E00009398,363,31,14,17,332,25,307,8.539944903581267,3.8567493112947657,4.683195592286501,91.46005509641874,6.887052341597796,84.57300275482093
E00009399,238,21,9,12,217,14,203,8.823529411764707,3.7815126050420167,5.042016806722689,91.17647058823529,5.88235294117647,85.29411764705883
E00009400,321,26,10,16,295,15,280,8.09968847352025,3.115264797507788,4.984423676012461,91.90031152647975,4.672897196261682,87.22741433021807
E00009402,262,45,21,24,217,14,203,17.17557251908397,8.015267175572518,9.16030534351145,82.82442748091603,5.343511450381679,77.48091603053436
E00009403,217,50,25,25,167,11,156,23.04147465437788,11.52073732718894,11.52073732718894,76.95852534562212,5.0691244239631335,71.88940092165899
E00009404,269,51,28,23,218,13,205,18.95910780669145,10.408921933085502,8.550185873605948,81.04089219330855,4.83271375464684,76.2081784386617
E00009405,376,53,27,26,323,25,298,14.095744680851062,7.180851063829788,6.914893617021277,85.90425531914893,6.648936170212766,79.25531914893617
E00009406,335,53,23,30,282,19,263,15.82089552238806,6.865671641791045,8.955223880597014,84.17910447761194,5.6716417910447765,78.50746268656717
E00009407,295,21,9,12,274,17,257,7.118644067796611,3.050847457627119,4.067796610169491,92.88135593220339,5.762711864406779,87.11864406779661
E00009408,250,30,14,16,220,12,208,12,5.6000000000000005,6.4,88,4.8,83.2
E00009409,203,36,21,15,167,12,155,17.733990147783253,10.344827586206897,7.389162561576355,82.26600985221675,5.911330049261084,76.35467980295566
E00009410,191,38,15,23,153,5,148,19.895287958115183,7.853403141361256,12.041884816753926,80.10471204188482,2.6178010471204187,77.4869109947644
E00009411,284,54,25,29,230,14,216,19.014084507042252,8.80281690140845,10.211267605633804,80.98591549295774,4.929577464788732,76.05633802816901
E00009412,227,21,3,18,206,13,193,9.251101321585903,1.3215859030837005,7.929515418502203,90.7488986784141,5.726872246696035,85.02202643171806
E00009413,297,31,10,21,266,20,246,10.437710437710438,3.3670033670033668,7.07070707070707,89.56228956228956,6.7340067340067336,82.82828282828282
E00009414,157,30,17,13,127,8,119,19.10828025477707,10.828025477707007,8.280254777070063,80.89171974522293,5.095541401273886,75.79617834394905
E00009415,327,29,10,19,298,17,281,8.868501529051988,3.058103975535168,5.81039755351682,91.13149847094802,5.198776758409786,85.93272171253822
E00009416,260,21,8,13,239,14,225,8.076923076923077,3.076923076923077,5,91.92307692307692,5.384615384615385,86.53846153846155
E00009417,297,49,29,20,248,16,232,16.4983164983165,9.764309764309765,6.7340067340067336,83.5016835016835,5.387205387205387,78.11447811447812
E00009418,267,52,22,30,215,16,199,19.475655430711612,8.239700374531834,11.235955056179774,80.52434456928839,5.992509363295881,74.53183520599251
E00009419,459,52,17,35,407,23,384,11.328976034858387,3.7037037037037033,7.625272331154684,88.67102396514161,5.010893246187364,83.66013071895425
E00009420,296,15,6,9,281,17,264,5.0675675675675675,2.027027027027027,3.040540540540541,94.93243243243244,5.743243243243244,89.1891891891892
E00009421,311,22,10,12,289,16,273,7.07395498392283,3.215434083601286,3.858520900321544,92.92604501607717,5.144694533762058,87.78135048231512
E00009422,285,28,13,15,257,16,241,9.824561403508772,4.56140350877193,5.263157894736842,90.17543859649123,5.614035087719298,84.56140350877193
E00009423,328,61,34,27,267,19,248,18.597560975609756,10.365853658536585,8.231707317073171,81.40243902439023,5.7926829268292686,75.60975609756098
E00009424,240,35,16,19,205,13,192,14.583333333333334,6.666666666666667,7.916666666666666,85.41666666666666,5.416666666666667,80
E00009425,311,58,25,33,253,16,237,18.64951768488746,8.038585209003216,10.610932475884244,81.35048231511254,5.144694533762058,76.20578778135048
E00009426,269,36,20,16,233,14,219,13.382899628252787,7.434944237918216,5.947955390334572,86.61710037174721,5.204460966542751,81.41263940520446
E00009427,370,70,42,28,300,14,286,18.91891891891892,11.351351351351353,7.567567567567568,81.08108108108108,3.783783783783784,77.29729729729729
E00009428,204,40,21,19,164,7,157,19.607843137254903,10.294117647058822,9.313725490196079,80.3921568627451,3.431372549019608,76.9607843137255
E00009429,300,31,12,19,269,28,241,10.333333333333334,4,6.333333333333334,89.66666666666666,9.333333333333334,80.33333333333333
E00009430,348,29,9,20,319,27,292,8.333333333333332,2.586206896551724,5.747126436781609,91.66666666666666,7.758620689655173,83.9080459770115
E00009431,299,23,8,15,276,17,259,7.6923076923076925,2.6755852842809364,5.016722408026756,92.3076923076923,5.68561872909699,86.62207357859532
E00009432,345,38,12,26,307,19,288,11.014492753623188,3.4782608695652173,7.536231884057972,88.98550724637681,5.507246376811594,83.47826086956522
E00009433,383,60,27,33,323,23,300,15.66579634464752,7.049608355091384,8.616187989556137,84.33420365535248,6.005221932114883,78.3289817232376
E00009434,261,43,24,19,218,11,207,16.47509578544061,9.195402298850574,7.2796934865900385,83.5249042145594,4.21455938697318,79.3103448275862
E00009435,241,18,4,14,223,11,212,7.468879668049793,1.6597510373443984,5.809128630705394,92.5311203319502,4.564315352697095,87.96680497925311
E00009436,250,36,15,21,214,6,208,14.399999999999999,6,8.4,85.6,2.4,83.2
E00009437,276,39,13,26,237,18,219,14.130434782608695,4.710144927536232,9.420289855072465,85.86956521739131,6.521739130434782,79.34782608695652
E00009439,390,30,12,18,360,21,339,7.6923076923076925,3.076923076923077,4.615384615384616,92.3076923076923,5.384615384615385,86.92307692307692
E00009440,433,35,8,27,398,18,380,8.083140877598153,1.8475750577367205,6.235565819861432,91.91685912240185,4.157043879907621,87.75981524249423
E00009441,197,21,6,15,176,14,162,10.65989847715736,3.0456852791878175,7.614213197969544,89.34010152284264,7.1065989847715745,82.23350253807106
E00009442,244,56,31,25,188,9,179,22.950819672131146,12.704918032786885,10.245901639344263,77.04918032786885,3.6885245901639343,73.36065573770492
E00009443,284,45,23,22,239,17,222,15.845070422535212,8.098591549295776,7.746478873239436,84.15492957746478,5.985915492957746,78.16901408450704
E00009444,339,51,32,19,288,9,279,15.04424778761062,9.43952802359882,5.604719764011799,84.95575221238938,2.6548672566371683,82.30088495575221
E00009445,269,32,13,19,237,23,214,11.895910780669144,4.83271375464684,7.063197026022305,88.10408921933085,8.550185873605948,79.5539033457249
E00009446,254,42,16,26,212,7,205,16.535433070866144,6.299212598425196,10.236220472440944,83.46456692913385,2.7559055118110236,80.70866141732283
E00009447,235,31,15,16,204,11,193,13.191489361702127,6.382978723404255,6.808510638297872,86.80851063829788,4.680851063829787,82.12765957446808
E00009448,253,30,18,12,223,20,203,11.857707509881422,7.114624505928854,4.743083003952568,88.14229249011858,7.905138339920949,80.23715415019763
E00009449,332,27,8,19,305,12,293,8.132530120481928,2.4096385542168677,5.72289156626506,91.86746987951807,3.614457831325301,88.25301204819277
E00009450,332,22,11,11,310,17,293,6.626506024096386,3.313253012048193,3.313253012048193,93.37349397590361,5.120481927710843,88.25301204819277
E00009451,315,34,9,25,281,12,269,10.793650793650794,2.857142857142857,7.936507936507936,89.20634920634922,3.8095238095238098,85.39682539682539
E00009452,295,25,5,20,270,14,256,8.47457627118644,1.694915254237288,6.779661016949152,91.52542372881356,4.745762711864407,86.77966101694915
E00009453,389,37,13,24,352,25,327,9.511568123393316,3.3419023136246784,6.169665809768637,90.48843187660668,6.426735218508997,84.06169665809769
E00009454,350,41,4,37,309,27,282,11.714285714285715,1.1428571428571428,10.571428571428571,88.28571428571429,7.7142857142857135,80.57142857142857
E00009455,322,30,8,22,292,14,278,9.316770186335404,2.484472049689441,6.832298136645963,90.6832298136646,4.3478260869565215,86.33540372670807
E00009456,330,39,11,28,291,16,275,11.818181818181818,3.3333333333333335,8.484848484848486,88.18181818181819,4.848484848484849,83.33333333333334
E00009457,319,36,10,26,283,22,261,11.285266457680251,3.1347962382445136,8.150470219435736,88.71473354231975,6.896551724137931,81.81818181818183
E00009458,228,43,18,25,185,15,170,18.859649122807017,7.894736842105263,10.964912280701753,81.14035087719299,6.578947368421052,74.56140350877193
E00009459,241,36,20,16,205,15,190,14.937759336099585,8.29875518672199,6.639004149377594,85.06224066390041,6.224066390041494,78.83817427385893
E00009460,245,29,11,18,216,17,199,11.83673469387755,4.489795918367347,7.346938775510205,88.16326530612245,6.938775510204081,81.22448979591836
E00009462,318,47,25,22,271,15,256,14.779874213836477,7.861635220125786,6.918238993710692,85.22012578616352,4.716981132075472,80.50314465408806
E00009463,577,54,14,40,523,49,474,9.358752166377817,2.4263431542461005,6.932409012131716,90.64124783362219,8.492201039861353,82.14904679376083
E00009464,295,55,35,20,240,15,225,18.64406779661017,11.864406779661017,6.779661016949152,81.35593220338984,5.084745762711865,76.27118644067797
E00009465,187,28,8,20,159,10,149,14.973262032085561,4.27807486631016,10.695187165775401,85.02673796791443,5.347593582887701,79.67914438502673
E00009466,309,44,25,19,265,14,251,14.239482200647249,8.090614886731391,6.148867313915858,85.76051779935275,4.53074433656958,81.22977346278317
E00009467,417,33,6,27,384,22,362,7.913669064748201,1.4388489208633095,6.474820143884892,92.08633093525181,5.275779376498801,86.810551558753
E00009468,368,32,14,18,336,17,319,8.695652173913043,3.804347826086957,4.891304347826087,91.30434782608695,4.619565217391304,86.68478260869566
E00009469,170,52,31,21,118,6,112,30.58823529411765,18.235294117647058,12.352941176470589,69.41176470588235,3.5294117647058822,65.88235294117646
E00009470,264,33,18,15,231,18,213,12.5,6.8181818181818175,5.681818181818182,87.5,6.8181818181818175,80.68181818181817
E00009471,294,28,17,11,266,7,259,9.523809523809524,5.782312925170068,3.741496598639456,90.47619047619048,2.380952380952381,88.09523809523809
E00009472,294,36,17,19,258,24,234,12.244897959183673,5.782312925170068,6.462585034013606,87.75510204081633,8.16326530612245,79.59183673469387
E00009473,257,50,27,23,207,10,197,19.45525291828794,10.505836575875486,8.949416342412452,80.54474708171206,3.8910505836575875,76.65369649805449
E00009474,157,8,3,5,149,13,136,5.095541401273886,1.910828025477707,3.1847133757961785,94.90445859872611,8.280254777070063,86.62420382165605
E00009475,217,30,18,12,187,15,172,13.82488479262673,8.294930875576037,5.529953917050691,86.17511520737328,6.912442396313365,79.26267281105991
E00009476,182,16,5,11,166,9,157,8.791208791208792,2.7472527472527473,6.043956043956044,91.20879120879121,4.945054945054945,86.26373626373626
E00009477,202,27,13,14,175,11,164,13.366336633663368,6.435643564356436,6.9306930693069315,86.63366336633663,5.445544554455446,81.1881188118812
E00009478,192,29,11,18,163,6,157,15.104166666666666,5.729166666666666,9.375,84.89583333333334,3.125,81.77083333333334
E00009479,221,25,6,19,196,18,178,11.312217194570136,2.7149321266968327,8.597285067873303,88.68778280542986,8.144796380090497,80.54298642533936
E00009480,333,37,15,22,296,22,274,11.11111111111111,4.504504504504505,6.606606606606606,88.88888888888889,6.606606606606606,82.28228228228228
E00009481,272,32,13,19,240,13,227,11.76470588235294,4.779411764705882,6.985294117647059,88.23529411764706,4.779411764705882,83.45588235294117
E00009482,226,29,11,18,197,15,182,12.831858407079647,4.867256637168142,7.964601769911504,87.16814159292035,6.637168141592921,80.53097345132744
E00009483,201,18,8,10,183,16,167,8.955223880597014,3.9800995024875623,4.975124378109453,91.04477611940298,7.960199004975125,83.08457711442786
E00009484,249,30,10,20,219,10,209,12.048192771084338,4.016064257028113,8.032128514056225,87.95180722891565,4.016064257028113,83.93574297188755
E00009485,205,21,4,17,184,17,167,10.24390243902439,1.951219512195122,8.292682926829269,89.75609756097562,8.292682926829269,81.46341463414633
E00009486,466,69,30,39,397,23,374,14.806866952789699,6.437768240343347,8.369098712446352,85.1931330472103,4.935622317596566,80.25751072961373
E00009487,601,77,33,44,524,21,503,12.81198003327787,5.490848585690515,7.321131447587355,87.18801996672212,3.494176372712146,83.69384359400999
E00009488,151,22,9,13,129,12,117,14.56953642384106,5.960264900662252,8.609271523178808,85.43046357615894,7.9470198675496695,77.48344370860927
E00009490,255,31,14,17,224,16,208,12.156862745098039,5.490196078431373,6.666666666666667,87.84313725490196,6.2745098039215685,81.56862745098039
E00009491,430,88,46,42,342,29,313,20.46511627906977,10.69767441860465,9.767441860465116,79.53488372093022,6.744186046511628,72.79069767441861
E00009492,187,43,21,22,144,11,133,22.994652406417114,11.229946524064172,11.76470588235294,77.00534759358288,5.88235294117647,71.12299465240642
E00009493,232,51,23,28,181,9,172,21.982758620689655,9.913793103448276,12.068965517241379,78.01724137931035,3.8793103448275863,74.13793103448276
E00009494,220,41,24,17,179,15,164,18.636363636363637,10.909090909090908,7.727272727272727,81.36363636363636,6.8181818181818175,74.54545454545455
E00009495,213,53,23,30,160,10,150,24.88262910798122,10.7981220657277,14.084507042253522,75.11737089201877,4.694835680751173,70.4225352112676
E00009496,257,40,18,22,217,11,206,15.56420233463035,7.003891050583658,8.560311284046692,84.43579766536965,4.280155642023346,80.1556420233463
E00009497,265,47,24,23,218,10,208,17.735849056603772,9.056603773584905,8.679245283018867,82.26415094339623,3.7735849056603774,78.49056603773586
E00009498,167,44,23,21,123,12,111,26.34730538922156,13.77245508982036,12.574850299401197,73.65269461077844,7.18562874251497,66.46706586826348
E00009499,350,105,70,35,245,11,234,30,20,10,70,3.1428571428571432,66.85714285714286
E00009500,255,39,12,27,216,15,201,15.294117647058824,4.705882352941177,10.588235294117647,84.70588235294117,5.88235294117647,78.82352941176471
E00009501,244,34,17,17,210,10,200,13.934426229508196,6.967213114754098,6.967213114754098,86.0655737704918,4.098360655737705,81.9672131147541
E00009502,354,37,9,28,317,20,297,10.451977401129943,2.5423728813559325,7.909604519774012,89.54802259887006,5.649717514124294,83.89830508474576
E00009503,371,42,21,21,329,24,305,11.320754716981133,5.660377358490567,5.660377358490567,88.67924528301887,6.46900269541779,82.21024258760107
E00009504,291,17,5,12,274,15,259,5.841924398625429,1.718213058419244,4.123711340206185,94.15807560137456,5.154639175257731,89.00343642611683
E00009505,249,18,3,15,231,13,218,7.228915662650602,1.2048192771084338,6.024096385542169,92.7710843373494,5.220883534136546,87.55020080321285
E00009506,308,17,1,16,291,21,270,5.51948051948052,0.3246753246753247,5.194805194805195,94.48051948051948,6.8181818181818175,87.66233766233766
E00009507,300,27,10,17,273,15,258,9,3.3333333333333335,5.666666666666666,91,5,86
E00009508,267,22,5,17,245,13,232,8.239700374531834,1.8726591760299627,6.367041198501873,91.76029962546816,4.868913857677903,86.89138576779027
E00009509,381,32,9,23,349,21,328,8.398950131233596,2.3622047244094486,6.036745406824147,91.60104986876641,5.511811023622047,86.08923884514435
E00009510,314,28,14,14,286,14,272,8.9171974522293,4.45859872611465,4.45859872611465,91.0828025477707,4.45859872611465,86.62420382165605
E00009511,268,22,3,19,246,19,227,8.208955223880597,1.1194029850746268,7.08955223880597,91.7910447761194,7.08955223880597,84.70149253731343
E00009512,322,32,12,20,290,13,277,9.937888198757763,3.7267080745341614,6.211180124223603,90.06211180124224,4.037267080745342,86.0248447204969
E00009513,223,19,6,13,204,9,195,8.520179372197308,2.690582959641256,5.829596412556054,91.4798206278027,4.0358744394618835,87.4439461883408
E00009514,168,20,10,10,148,16,132,11.904761904761903,5.952380952380952,5.952380952380952,88.09523809523809,9.523809523809524,78.57142857142857
E00009515,291,28,10,18,263,26,237,9.621993127147768,3.436426116838488,6.185567010309279,90.37800687285224,8.934707903780069,81.44329896907216
E00009516,298,24,13,11,274,18,256,8.053691275167784,4.3624161073825505,3.691275167785235,91.94630872483222,6.0402684563758395,85.90604026845638
E00009518,408,57,22,35,351,14,337,13.970588235294118,5.392156862745098,8.57843137254902,86.02941176470588,3.431372549019608,82.59803921568627
E00009520,396,46,18,28,350,33,317,11.616161616161616,4.545454545454546,7.07070707070707,88.38383838383838,8.333333333333332,80.05050505050505
E00009521,430,24,2,22,406,30,376,5.5813953488372094,0.46511627906976744,5.116279069767442,94.41860465116278,6.976744186046512,87.44186046511628
E00009522,296,23,13,10,273,12,261,7.77027027027027,4.391891891891892,3.3783783783783785,92.22972972972973,4.054054054054054,88.17567567567568
E00009523,330,59,27,32,271,25,246,17.87878787878788,8.181818181818182,9.696969696969697,82.12121212121211,7.575757575757576,74.54545454545455
E00009524,323,36,4,32,287,15,272,11.145510835913312,1.238390092879257,9.907120743034056,88.85448916408669,4.643962848297214,84.21052631578947
E00009525,235,23,10,13,212,8,204,9.787234042553191,4.25531914893617,5.531914893617021,90.2127659574468,3.404255319148936,86.80851063829788
E00009526,355,22,7,15,333,18,315,6.197183098591549,1.971830985915493,4.225352112676056,93.80281690140845,5.070422535211268,88.73239436619718
E00009527,298,29,12,17,269,16,253,9.731543624161073,4.026845637583892,5.704697986577181,90.26845637583892,5.369127516778524,84.8993288590604
E00009528,265,40,23,17,225,14,211,15.09433962264151,8.679245283018867,6.415094339622642,84.90566037735849,5.283018867924529,79.62264150943396
E00009529,366,30,13,17,336,15,321,8.19672131147541,3.551912568306011,4.644808743169399,91.80327868852459,4.098360655737705,87.70491803278688
E00009530,316,27,10,17,289,19,270,8.544303797468354,3.1645569620253164,5.379746835443038,91.45569620253164,6.012658227848101,85.44303797468355
E00009531,378,25,9,16,353,18,335,6.613756613756613,2.380952380952381,4.232804232804233,93.38624338624338,4.761904761904762,88.62433862433863
E00009532,197,38,18,20,159,15,144,19.289340101522843,9.137055837563452,10.152284263959391,80.71065989847716,7.614213197969544,73.09644670050761
E00009533,305,29,9,20,276,16,260,9.508196721311474,2.9508196721311477,6.557377049180328,90.49180327868852,5.245901639344262,85.24590163934425
E00009534,272,40,20,20,232,20,212,14.705882352941178,7.352941176470589,7.352941176470589,85.29411764705883,7.352941176470589,77.94117647058823
E00009535,268,26,11,15,242,16,226,9.701492537313433,4.104477611940299,5.597014925373134,90.29850746268657,5.970149253731343,84.32835820895522
E00009536,331,23,9,14,308,27,281,6.948640483383686,2.719033232628399,4.229607250755287,93.05135951661632,8.157099697885197,84.89425981873111
E00009537,244,23,12,11,221,6,215,9.426229508196721,4.918032786885246,4.508196721311475,90.57377049180327,2.459016393442623,88.11475409836066
E00009538,222,47,21,26,175,11,164,21.17117117117117,9.45945945945946,11.711711711711711,78.82882882882883,4.954954954954955,73.87387387387388
E00009539,292,43,18,25,249,9,240,14.726027397260275,6.164383561643835,8.561643835616438,85.27397260273972,3.0821917808219177,82.1917808219178
E00009540,179,23,6,17,156,13,143,12.849162011173185,3.35195530726257,9.497206703910614,87.15083798882681,7.262569832402235,79.88826815642457
E00009541,194,22,10,12,172,9,163,11.34020618556701,5.154639175257731,6.185567010309279,88.65979381443299,4.639175257731959,84.02061855670104
E00009542,204,21,6,15,183,11,172,10.294117647058822,2.941176470588235,7.352941176470589,89.70588235294117,5.392156862745098,84.31372549019608
E00009543,171,11,3,8,160,9,151,6.432748538011696,1.7543859649122806,4.678362573099415,93.56725146198829,5.263157894736842,88.30409356725146
E00009544,408,31,13,18,377,27,350,7.598039215686274,3.1862745098039214,4.411764705882353,92.40196078431373,6.61764705882353,85.7843137254902
E00009545,247,14,4,10,233,24,209,5.668016194331984,1.6194331983805668,4.048582995951417,94.33198380566802,9.7165991902834,84.61538461538461
E00009546,257,19,7,12,238,22,216,7.392996108949417,2.7237354085603114,4.669260700389105,92.60700389105058,8.560311284046692,84.04669260700389
E00009547,286,32,8,24,254,18,236,11.188811188811188,2.797202797202797,8.391608391608392,88.81118881118881,6.293706293706294,82.51748251748252
E00009548,213,28,6,22,185,10,175,13.145539906103288,2.8169014084507045,10.328638497652582,86.85446009389672,4.694835680751173,82.15962441314554
E00009549,213,42,20,22,171,11,160,19.718309859154928,9.389671361502346,10.328638497652582,80.28169014084507,5.164319248826291,75.11737089201877
E00009550,153,14,5,9,139,12,127,9.15032679738562,3.2679738562091507,5.88235294117647,90.84967320261438,7.8431372549019605,83.00653594771242
E00009551,140,20,7,13,120,6,114,14.285714285714285,5,9.285714285714286,85.71428571428571,4.285714285714286,81.42857142857143
E00009552,257,19,6,13,238,23,215,7.392996108949417,2.3346303501945527,5.058365758754864,92.60700389105058,8.949416342412452,83.65758754863813
E00009553,229,35,11,24,194,14,180,15.283842794759824,4.8034934497816595,10.480349344978166,84.71615720524017,6.11353711790393,78.60262008733623
E00009554,202,26,11,15,176,11,165,12.871287128712872,5.445544554455446,7.425742574257425,87.12871287128714,5.445544554455446,81.68316831683168
E00009555,247,30,12,18,217,18,199,12.145748987854251,4.8582995951417,7.28744939271255,87.85425101214574,7.28744939271255,80.5668016194332
E00009556,413,63,28,35,350,17,333,15.254237288135593,6.779661016949152,8.47457627118644,84.7457627118644,4.116222760290557,80.62953995157385
E00009557,179,22,15,7,157,4,153,12.290502793296088,8.379888268156424,3.910614525139665,87.70949720670392,2.2346368715083798,85.47486033519553
E00009558,348,45,17,28,303,24,279,12.931034482758621,4.885057471264368,8.045977011494253,87.06896551724138,6.896551724137931,80.17241379310344
E00009559,166,15,2,13,151,16,135,9.036144578313253,1.2048192771084338,7.83132530120482,90.96385542168674,9.63855421686747,81.32530120481928
E00009560,325,51,25,26,274,11,263,15.692307692307692,7.6923076923076925,8,84.3076923076923,3.3846153846153846,80.92307692307692
E00009561,157,18,7,11,139,8,131,11.464968152866243,4.45859872611465,7.006369426751593,88.53503184713377,5.095541401273886,83.43949044585987
E00009562,280,29,14,15,251,17,234,10.357142857142858,5,5.357142857142857,89.64285714285715,6.071428571428571,83.57142857142857
E00009563,167,15,7,8,152,8,144,8.982035928143713,4.191616766467066,4.790419161676647,91.01796407185628,4.790419161676647,86.22754491017965
E00009564,263,37,17,20,226,13,213,14.068441064638785,6.4638783269961975,7.604562737642586,85.93155893536122,4.942965779467681,80.98859315589354
E00009565,284,34,4,30,250,14,236,11.971830985915492,1.4084507042253522,10.56338028169014,88.02816901408451,4.929577464788732,83.09859154929578
E00009566,279,66,34,32,213,14,199,23.655913978494624,12.186379928315413,11.469534050179211,76.34408602150538,5.017921146953405,71.32616487455196
E00009567,250,38,11,27,212,15,197,15.2,4.3999999999999995,10.8,84.8,6,78.8
E00009568,215,26,12,14,189,16,173,12.093023255813954,5.5813953488372094,6.511627906976744,87.90697674418605,7.441860465116279,80.46511627906978
E00009569,231,15,9,6,216,13,203,6.493506493506493,3.896103896103896,2.5974025974025974,93.5064935064935,5.627705627705628,87.87878787878788
E00009570,319,47,26,21,272,21,251,14.733542319749215,8.150470219435736,6.583072100313479,85.26645768025078,6.583072100313479,78.68338557993731
E00009571,323,30,11,19,293,18,275,9.287925696594428,3.4055727554179565,5.88235294117647,90.71207430340557,5.572755417956656,85.13931888544892
E00009572,167,16,3,13,151,7,144,9.580838323353294,1.7964071856287425,7.784431137724551,90.41916167664671,4.191616766467066,86.22754491017965
E00009573,274,44,22,22,230,18,212,16.05839416058394,8.02919708029197,8.02919708029197,83.94160583941606,6.569343065693431,77.37226277372264
E00009574,298,61,25,36,237,13,224,20.469798657718123,8.389261744966444,12.080536912751679,79.53020134228188,4.3624161073825505,75.16778523489933
E00009575,256,62,30,32,194,10,184,24.21875,11.71875,12.5,75.78125,3.90625,71.875
E00009576,298,53,24,29,245,9,236,17.78523489932886,8.053691275167784,9.731543624161073,82.21476510067114,3.0201342281879198,79.19463087248322
E00009577,223,29,13,16,194,28,166,13.004484304932735,5.829596412556054,7.174887892376682,86.99551569506725,12.556053811659194,74.43946188340807
E00009578,235,17,6,11,218,10,208,7.234042553191489,2.553191489361702,4.680851063829787,92.76595744680851,4.25531914893617,88.51063829787233
E00009579,228,17,3,14,211,14,197,7.456140350877193,1.3157894736842104,6.140350877192982,92.54385964912281,6.140350877192982,86.40350877192982
E00009580,231,25,11,14,206,13,193,10.822510822510822,4.761904761904762,6.0606060606060606,89.17748917748918,5.627705627705628,83.54978354978356
E00009581,161,36,19,17,125,9,116,22.36024844720497,11.801242236024844,10.559006211180124,77.63975155279503,5.590062111801243,72.04968944099379
E00009582,183,27,12,15,156,15,141,14.754098360655737,6.557377049180328,8.19672131147541,85.24590163934425,8.19672131147541,77.04918032786885
E00009583,179,17,5,12,162,12,150,9.497206703910614,2.793296089385475,6.70391061452514,90.5027932960894,6.70391061452514,83.79888268156425
E00009584,131,14,0,14,117,10,107,10.687022900763358,0,10.687022900763358,89.31297709923665,7.633587786259542,81.67938931297711
E00009585,321,25,7,18,296,19,277,7.78816199376947,2.1806853582554515,5.607476635514018,92.21183800623052,5.919003115264798,86.29283489096574
E00009586,297,20,6,14,277,15,262,6.7340067340067336,2.0202020202020203,4.713804713804714,93.26599326599326,5.05050505050505,88.21548821548821
E00009587,225,24,12,12,201,16,185,10.666666666666668,5.333333333333334,5.333333333333334,89.33333333333333,7.111111111111111,82.22222222222221
E00009588,208,43,24,19,165,14,151,20.673076923076923,11.538461538461538,9.134615384615383,79.32692307692307,6.730769230769231,72.59615384615384
E00009589,286,21,4,17,265,17,248,7.3426573426573425,1.3986013986013985,5.944055944055944,92.65734265734265,5.944055944055944,86.7132867132867
E00009590,325,21,0,21,304,17,287,6.461538461538462,0,6.461538461538462,93.53846153846153,5.230769230769231,88.3076923076923
E00009591,225,24,11,13,201,24,177,10.666666666666668,4.888888888888889,5.777777777777778,89.33333333333333,10.666666666666668,78.66666666666666
E00009592,226,74,34,40,152,13,139,32.743362831858406,15.04424778761062,17.699115044247787,67.2566371681416,5.752212389380531,61.504424778761056
E00009593,227,55,27,28,172,16,156,24.229074889867842,11.894273127753303,12.334801762114537,75.77092511013215,7.048458149779736,68.72246696035242
E00009594,343,27,6,21,316,17,299,7.871720116618077,1.749271137026239,6.122448979591836,92.12827988338192,4.956268221574344,87.17201166180757
E00009595,325,22,6,16,303,18,285,6.769230769230769,1.8461538461538463,4.923076923076923,93.23076923076923,5.538461538461538,87.6923076923077
E00009596,292,24,7,17,268,13,255,8.21917808219178,2.3972602739726026,5.821917808219178,91.78082191780823,4.4520547945205475,87.32876712328768
E00009597,321,16,3,13,305,17,288,4.984423676012461,0.9345794392523363,4.049844236760125,95.01557632398755,5.29595015576324,89.7196261682243
E00009598,295,54,31,23,241,5,236,18.305084745762713,10.508474576271185,7.796610169491526,81.69491525423729,1.694915254237288,80
E00009599,275,32,18,14,243,12,231,11.636363636363637,6.545454545454546,5.090909090909091,88.36363636363636,4.363636363636364,84
E00009600,225,37,16,21,188,8,180,16.444444444444446,7.111111111111111,9.333333333333334,83.55555555555556,3.5555555555555554,80
E00009601,401,28,13,15,373,19,354,6.982543640897755,3.2418952618453867,3.7406483790523692,93.01745635910224,4.738154613466334,88.2793017456359
E00009602,313,26,10,16,287,11,276,8.30670926517572,3.1948881789137378,5.111821086261981,91.69329073482429,3.5143769968051117,88.17891373801918
E00009603,266,13,4,9,253,10,243,4.887218045112782,1.5037593984962405,3.3834586466165413,95.11278195488721,3.7593984962406015,91.35338345864662
E00009604,365,23,7,16,342,19,323,6.301369863013699,1.9178082191780823,4.383561643835616,93.69863013698631,5.205479452054795,88.4931506849315
E00009605,245,18,5,13,227,22,205,7.346938775510205,2.0408163265306123,5.3061224489795915,92.65306122448979,8.979591836734693,83.6734693877551
E00009606,292,26,6,20,266,13,253,8.904109589041095,2.054794520547945,6.8493150684931505,91.0958904109589,4.4520547945205475,86.64383561643835
E00009607,278,27,9,18,251,25,226,9.712230215827338,3.237410071942446,6.474820143884892,90.28776978417267,8.992805755395683,81.29496402877699
E00009608,359,44,23,21,315,17,298,12.256267409470752,6.406685236768802,5.8495821727019495,87.74373259052925,4.735376044568245,83.008356545961007
E00009609,274,23,11,12,251,14,237,8.394160583941606,4.014598540145985,4.37956204379562,91.6058394160584,5.109489051094891,86.4963503649635
E00009610,267,15,5,10,252,27,225,5.617977528089887,1.8726591760299627,3.7453183520599254,94.3820224719101,10.112359550561797,84.26966292134831
E00009611,276,47,24,23,229,14,215,17.02898550724638,8.695652173913043,8.333333333333332,82.97101449275362,5.072463768115942,77.89855072463769
E00009612,305,27,7,20,278,18,260,8.852459016393443,2.2950819672131146,6.557377049180328,91.14754098360656,5.901639344262295,85.24590163934425
E00009613,245,17,4,13,228,21,207,6.938775510204081,1.6326530612244898,5.3061224489795915,93.06122448979592,8.571428571428571,84.48979591836735
E00009614,158,78,42,36,80,5,75,49.36708860759494,26.582278481012654,22.78481012658228,50.63291139240506,3.1645569620253164,47.46835443037975
E00009615,274,29,11,18,245,18,227,10.583941605839415,4.014598540145985,6.569343065693431,89.41605839416059,6.569343065693431,82.84671532846716
E00009616,290,19,8,11,271,13,258,6.551724137931035,2.7586206896551726,3.793103448275862,93.44827586206897,4.482758620689655,88.96551724137932
E00009617,279,22,6,16,257,13,244,7.885304659498208,2.1505376344086025,5.734767025089606,92.1146953405018,4.659498207885305,87.45519713261649
E00009618,248,51,20,31,197,8,189,20.56451612903226,8.064516129032258,12.5,79.43548387096774,3.225806451612903,76.20967741935483
E00009619,239,58,35,23,181,6,175,24.267782426778243,14.644351464435147,9.623430962343097,75.73221757322176,2.510460251046025,73.22175732217573
E00009620,239,39,24,15,200,10,190,16.317991631799163,10.0418410041841,6.2761506276150625,83.68200836820083,4.184100418410042,79.49790794979079
E00009621,277,28,12,16,249,21,228,10.108303249097473,4.332129963898916,5.776173285198556,89.89169675090253,7.581227436823104,82.31046931407943
E00009622,274,12,4,8,262,11,251,4.37956204379562,1.4598540145985401,2.9197080291970803,95.62043795620438,4.014598540145985,91.6058394160584
E00009623,264,50,24,26,214,13,201,18.939393939393938,9.090909090909092,9.848484848484848,81.06060606060606,4.924242424242424,76.13636363636364
E00009624,315,31,14,17,284,14,270,9.841269841269842,4.444444444444445,5.396825396825397,90.15873015873017,4.444444444444445,85.71428571428571
E00009625,350,35,17,18,315,23,292,10,4.857142857142857,5.142857142857142,90,6.571428571428571,83.42857142857143
E00009626,277,23,3,20,254,16,238,8.303249097472925,1.083032490974729,7.2202166064981945,91.69675090252709,5.776173285198556,85.92057761732852
E00009627,346,52,28,24,294,8,286,15.028901734104046,8.092485549132949,6.9364161849710975,84.97109826589595,2.312138728323699,82.65895953757226
E00009628,308,23,12,11,285,20,265,7.467532467532467,3.896103896103896,3.571428571428571,92.53246753246754,6.493506493506493,86.03896103896103
E00009629,321,32,13,19,289,23,266,9.968847352024921,4.049844236760125,5.919003115264798,90.03115264797508,7.165109034267912,82.86604361370716
E00009630,305,21,6,15,284,19,265,6.885245901639345,1.9672131147540985,4.918032786885246,93.11475409836065,6.229508196721312,86.88524590163934
E00009631,221,31,18,13,190,7,183,14.027149321266968,8.144796380090497,5.88235294117647,85.97285067873304,3.167420814479638,82.80542986425338
E00009632,344,29,10,19,315,13,302,8.430232558139535,2.9069767441860463,5.523255813953488,91.56976744186046,3.77906976744186,87.79069767441861
E00009633,302,26,6,20,276,16,260,8.609271523178808,1.9867549668874174,6.622516556291391,91.3907284768212,5.298013245033113,86.09271523178808
E00009634,279,11,0,11,268,8,260,3.942652329749104,0,3.942652329749104,96.05734767025089,2.867383512544803,93.1899641577061
E00009635,323,27,8,19,296,18,278,8.359133126934983,2.476780185758514,5.88235294117647,91.64086687306502,5.572755417956656,86.06811145510835
E00009636,298,25,8,17,273,17,256,8.389261744966444,2.684563758389262,5.704697986577181,91.61073825503355,5.704697986577181,85.90604026845638
E00009637,315,20,6,14,295,17,278,6.349206349206349,1.9047619047619049,4.444444444444445,93.65079365079364,5.396825396825397,88.25396825396825
E00009638,358,11,2,9,347,15,332,3.072625698324022,0.5586592178770949,2.5139664804469275,96.92737430167597,4.189944134078212,92.73743016759776
E00009639,298,12,5,7,286,14,272,4.026845637583892,1.6778523489932886,2.348993288590604,95.9731543624161,4.697986577181208,91.2751677852349
E00009640,304,18,5,13,286,10,276,5.921052631578947,1.644736842105263,4.276315789473684,94.07894736842105,3.289473684210526,90.78947368421053
E00009641,334,15,7,8,319,14,305,4.491017964071856,2.095808383233533,2.3952095808383236,95.50898203592814,4.191616766467066,91.31736526946108
E00009642,265,8,1,7,257,10,247,3.018867924528302,0.37735849056603776,2.6415094339622645,96.98113207547169,3.7735849056603774,93.20754716981132
E00009643,380,26,11,15,354,19,335,6.842105263157896,2.8947368421052633,3.9473684210526314,93.15789473684211,5,88.1578947368421
E00009644,409,39,14,25,370,24,346,9.5354523227383865,3.4229828850855744,6.112469437652812,90.4645476772616,5.8679706601467,84.59657701711491
E00009645,364,29,8,21,335,25,310,7.967032967032966,2.197802197802198,5.769230769230769,92.03296703296702,6.868131868131869,85.16483516483517
E00009646,249,33,15,18,216,9,207,13.253012048192772,6.024096385542169,7.228915662650602,86.74698795180723,3.614457831325301,83.13253012048193
E00009647,222,19,4,15,203,13,190,8.558558558558559,1.8018018018018018,6.756756756756757,91.44144144144144,5.8558558558558556,85.58558558558559
E00009648,471,51,9,42,420,31,389,10.828025477707007,1.910828025477707,8.9171974522293,89.171974522293,6.581740976645436,82.59023354564756
E00009649,318,24,7,17,294,21,273,7.547169811320755,2.20125786163522,5.345911949685535,92.45283018867924,6.60377358490566,85.84905660377359
E00009651,278,49,16,33,229,23,206,17.62589928057554,5.755395683453238,11.870503597122301,82.37410071942446,8.273381294964029,74.10071942446042
E00009652,198,14,2,12,184,12,172,7.07070707070707,1.0101010101010102,6.0606060606060606,92.92929292929293,6.0606060606060606,86.86868686868688
E00009653,277,30,12,18,247,10,237,10.830324909747292,4.332129963898916,6.4981949458483745,89.16967509025271,3.6101083032490973,85.5595667870036
E00009654,271,60,37,23,211,13,198,22.14022140221402,13.653136531365314,8.487084870848708,77.85977859778598,4.797047970479705,73.06273062730627
E00009655,262,38,17,21,224,13,211,14.50381679389313,6.488549618320611,8.015267175572518,85.49618320610686,4.961832061068702,80.53435114503816
E00009656,294,30,10,20,264,16,248,10.204081632653061,3.4013605442176873,6.802721088435375,89.79591836734694,5.442176870748299,84.35374149659864
E00009657,205,20,7,13,185,11,174,9.75609756097561,3.414634146341464,6.341463414634147,90.2439024390244,5.365853658536586,84.8780487804878
E00009659,208,34,19,15,174,10,164,16.346153846153847,9.134615384615383,7.211538461538461,83.65384615384616,4.807692307692308,78.84615384615384
E00009660,214,14,5,9,200,12,188,6.5420560747663545,2.336448598130841,4.205607476635514,93.45794392523365,5.607476635514018,87.85046728971963
E00009661,225,33,15,18,192,8,184,14.666666666666666,6.666666666666667,8,85.33333333333334,3.5555555555555554,81.77777777777779
E00009662,397,44,25,19,353,22,331,11.083123425692696,6.297229219143577,4.785894206549118,88.9168765743073,5.541561712846348,83.37531486146096
E00009663,266,20,12,8,246,23,223,7.518796992481203,4.511278195488721,3.007518796992481,92.4812030075188,8.646616541353383,83.83458646616542
E00009664,235,138,119,19,97,9,88,58.723404255319146,50.638297872340424,8.085106382978724,41.27659574468085,3.829787234042553,37.4468085106383
E00009665,146,8,0,8,138,8,130,5.47945205479452,0,5.47945205479452,94.52054794520548,5.47945205479452,89.04109589041096
E00009666,177,20,2,18,157,11,146,11.299435028248588,1.1299435028248588,10.16949152542373,88.70056497175142,6.214689265536723,82.485875706214685
E00009667,223,27,11,16,196,15,181,12.10762331838565,4.932735426008969,7.174887892376682,87.89237668161435,6.726457399103139,81.16591928251121
E00009668,300,38,13,25,262,17,245,12.666666666666668,4.333333333333334,8.333333333333332,87.33333333333333,5.666666666666666,81.66666666666667
E00009669,285,36,18,18,249,18,231,12.631578947368421,6.315789473684211,6.315789473684211,87.36842105263159,6.315789473684211,81.05263157894737
E00009670,226,36,15,21,190,18,172,15.929203539823009,6.637168141592921,9.29203539823009,84.070796460177,7.964601769911504,76.10619469026548
E00009671,308,27,6,21,281,26,255,8.766233766233766,1.948051948051948,6.8181818181818175,91.23376623376623,8.441558441558442,82.79220779220779
E00009672,208,23,10,13,185,14,171,11.057692307692307,4.807692307692308,6.25,88.9423076923077,6.730769230769231,82.21153846153845
E00009673,179,24,10,14,155,11,144,13.40782122905028,5.58659217877095,7.82122905027933,86.59217877094973,6.145251396648044,80.44692737430168
E00009674,219,31,17,14,188,9,179,14.15525114155251,7.76255707762557,6.392694063926941,85.84474885844749,4.10958904109589,81.7351598173516
E00009675,224,27,13,14,197,16,181,12.053571428571429,5.803571428571429,6.25,87.94642857142857,7.142857142857142,80.80357142857143
E00009676,335,36,12,24,299,24,275,10.746268656716417,3.582089552238806,7.164179104477612,89.25373134328358,7.164179104477612,82.08955223880598
E00009677,224,22,7,15,202,15,187,9.821428571428571,3.125,6.696428571428571,90.17857142857143,6.696428571428571,83.48214285714286
E00009678,299,30,11,19,269,14,255,10.033444816053512,3.678929765886288,6.354515050167224,89.96655518394648,4.682274247491638,85.28428093645485
E00009679,374,35,19,16,339,25,314,9.358288770053475,5.080213903743315,4.27807486631016,90.64171122994652,6.684491978609626,83.9572192513369
E00009680,285,32,12,20,253,18,235,11.228070175438596,4.2105263157894735,7.017543859649122,88.7719298245614,6.315789473684211,82.45614035087719
E00009681,158,59,33,26,99,21,78,37.34177215189873,20.88607594936709,16.455696202531644,62.65822784810127,13.291139240506327,49.36708860759494
E00009683,261,22,11,11,239,21,218,8.42911877394636,4.21455938697318,4.21455938697318,91.57088122605363,8.045977011494253,83.5249042145594
E00009684,289,42,23,19,247,13,234,14.53287197231834,7.958477508650519,6.5743944636678195,85.46712802768167,4.498269896193772,80.96885813148789
E00009685,272,39,20,19,233,10,223,14.338235294117647,7.352941176470589,6.985294117647059,85.66176470588235,3.6764705882352944,81.98529411764706
E00009686,218,22,7,15,196,16,180,10.091743119266056,3.211009174311927,6.8807339449541285,89.90825688073394,7.339449541284404,82.56880733944955
E00009687,287,31,16,15,256,17,239,10.801393728222997,5.574912891986063,5.2264808362369335,89.19860627177701,5.923344947735192,83.27526132404182
E00009688,342,28,10,18,314,18,296,8.187134502923977,2.923976608187134,5.263157894736842,91.81286549707602,5.263157894736842,86.54970760233918
E00009689,271,23,6,17,248,15,233,8.487084870848708,2.214022140221402,6.273062730627306,91.5129151291513,5.535055350553505,85.97785977859779
E00009690,347,55,27,28,292,12,280,15.85014409221902,7.780979827089338,8.069164265129682,84.14985590778097,3.45821325648415,80.69164265129683
E00009691,327,31,17,14,296,16,280,9.480122324159021,5.198776758409786,4.281345565749235,90.51987767584097,4.892966360856269,85.62691131498471
E00009692,334,60,26,34,274,13,261,17.964071856287426,7.784431137724551,10.179640718562874,82.03592814371258,3.8922155688622757,78.1437125748503
E00009693,313,35,15,20,278,7,271,11.182108626198083,4.792332268370607,6.3897763578274756,88.81789137380191,2.2364217252396164,86.5814696485623
E00009694,435,51,22,29,384,18,366,11.724137931034482,5.057471264367816,6.666666666666667,88.27586206896552,4.137931034482759,84.13793103448276
E00009695,281,40,11,29,241,11,230,14.23487544483986,3.9145907473309607,10.320284697508896,85.76512455516014,3.9145907473309607,81.85053380782918
E00009696,574,49,22,27,525,22,503,8.536585365853659,3.8327526132404177,4.70383275261324,91.46341463414635,3.8327526132404177,87.63066202090593
E00009697,260,37,18,19,223,15,208,14.23076923076923,6.923076923076923,7.307692307692308,85.76923076923076,5.769230769230769,80
E00009698,353,28,13,15,325,19,306,7.932011331444759,3.6827195467422094,4.2492917847025495,92.06798866855524,5.382436260623229,86.68555240793201
E00009699,184,7,1,6,177,13,164,3.804347826086957,0.5434782608695652,3.260869565217391,96.19565217391305,7.065217391304348,89.13043478260869
E00009700,499,37,19,18,462,22,440,7.414829659318638,3.807615230460922,3.6072144288577155,92.58517034068137,4.408817635270541,88.17635270541082
E00009701,396,78,37,41,318,23,295,19.696969696969695,9.343434343434344,10.353535353535353,80.3030303030303,5.808080808080808,74.4949494949495
E00009702,256,27,10,17,229,15,214,10.546875,3.90625,6.640625,89.453125,5.859375,83.59375
E00009703,283,65,27,38,218,14,204,22.968197879858657,9.540636042402827,13.427561837455832,77.03180212014135,4.946996466431095,72.08480565371025
E00009705,273,26,16,10,247,11,236,9.523809523809524,5.86080586080586,3.6630036630036633,90.47619047619048,4.029304029304029,86.44688644688645
E00009706,297,42,21,21,255,12,243,14.14141414141414,7.07070707070707,7.07070707070707,85.85858585858585,4.040404040404041,81.81818181818183
E00009707,292,37,20,17,255,18,237,12.67123287671233,6.8493150684931505,5.821917808219178,87.32876712328768,6.164383561643835,81.16438356164383
E00009708,219,27,10,17,192,6,186,12.32876712328767,4.5662100456621,7.76255707762557,87.67123287671232,2.73972602739726,84.93150684931507
E00009709,234,30,9,21,204,18,186,12.82051282051282,3.8461538461538463,8.974358974358974,87.17948717948718,7.6923076923076925,79.48717948717949
E00009710,264,25,11,14,239,22,217,9.469696969696969,4.166666666666666,5.303030303030303,90.53030303030303,8.333333333333332,82.1969696969697
E00009711,271,17,8,9,254,15,239,6.273062730627306,2.952029520295203,3.3210332103321036,93.72693726937268,5.535055350553505,88.19188191881919
E00009712,322,13,3,10,309,15,294,4.037267080745342,0.9316770186335404,3.1055900621118013,95.96273291925466,4.658385093167702,91.30434782608695
E00009713,206,20,6,14,186,11,175,9.70873786407767,2.912621359223301,6.796116504854369,90.29126213592234,5.339805825242718,84.9514563106796
E00009714,335,51,26,25,284,19,265,15.223880597014924,7.761194029850746,7.462686567164178,84.77611940298507,5.6716417910447765,79.1044776119403
E00009716,202,26,16,10,176,10,166,12.871287128712872,7.920792079207921,4.9504950495049505,87.12871287128714,4.9504950495049505,82.17821782178217
E00009717,353,55,28,27,298,25,273,15.58073654390935,7.932011331444759,7.64872521246459,84.41926345609065,7.0821529745042495,77.33711048158641
E00009718,354,29,12,17,325,18,307,8.192090395480225,3.389830508474576,4.80225988700565,91.80790960451978,5.084745762711865,86.7231638418079
E00009720,315,41,15,26,274,24,250,13.015873015873018,4.761904761904762,8.253968253968253,86.98412698412699,7.6190476190476195,79.36507936507937
E00009721,316,54,29,25,262,19,243,17.088607594936708,9.177215189873419,7.9113924050632916,82.91139240506328,6.012658227848101,76.89873417721519
E00009722,375,42,17,25,333,15,318,11.200000000000001,4.533333333333333,6.666666666666667,88.8,4,84.8
E00009723,295,37,11,26,258,8,250,12.54237288135593,3.728813559322034,8.813559322033898,87.45762711864407,2.711864406779661,84.7457627118644
E00009724,314,37,18,19,277,18,259,11.78343949044586,5.7324840764331215,6.050955414012739,88.21656050955414,5.7324840764331215,82.48407643312102
E00009725,296,43,22,21,253,19,234,14.527027027027026,7.4324324324324325,7.094594594594595,85.47297297297297,6.418918918918918,79.05405405405406
E00009726,357,76,40,36,281,10,271,21.288515406162464,11.204481792717088,10.084033613445378,78.71148459383754,2.801120448179272,75.91036414565826
E00009727,257,32,12,20,225,18,207,12.45136186770428,4.669260700389105,7.782101167315175,87.54863813229572,7.003891050583658,80.54474708171206
E00009728,313,53,27,26,260,14,246,16.93290734824281,8.626198083067091,8.30670926517572,83.06709265175719,4.472843450479233,78.59424920127796
E00009732,354,73,37,36,281,18,263,20.62146892655367,10.451977401129943,10.16949152542373,79.37853107344633,5.084745762711865,74.29378531073446
E00009733,288,35,14,21,253,19,234,12.152777777777777,4.861111111111112,7.291666666666667,87.84722222222221,6.597222222222222,81.25
E00009734,257,30,17,13,227,15,212,11.673151750972762,6.614785992217899,5.058365758754864,88.32684824902724,5.836575875486381,82.49027237354085
E00009735,213,28,10,18,185,13,172,13.145539906103288,4.694835680751173,8.450704225352112,86.85446009389672,6.103286384976526,80.75117370892019
E00009736,217,34,17,17,183,10,173,15.668202764976957,7.834101382488479,7.834101382488479,84.33179723502305,4.6082949308755765,79.72350230414746
E00009737,264,34,17,17,230,17,213,12.878787878787879,6.4393939393939394,6.4393939393939394,87.12121212121212,6.4393939393939394,80.68181818181817
E00009738,273,56,29,27,217,18,199,20.51282051282051,10.622710622710622,9.89010989010989,79.48717948717949,6.593406593406594,72.89377289377289
E00009739,175,23,13,10,152,8,144,13.142857142857142,7.428571428571429,5.714285714285714,86.85714285714286,4.571428571428571,82.28571428571428
E00009740,291,80,47,33,211,5,206,27.491408934707906,16.151202749140893,11.34020618556701,72.5085910652921,1.718213058419244,70.79037800687286
E00009741,328,35,14,21,293,13,280,10.670731707317072,4.2682926829268295,6.402439024390244,89.32926829268293,3.9634146341463414,85.36585365853658
E00009742,243,26,10,16,217,14,203,10.699588477366255,4.11522633744856,6.584362139917696,89.30041152263375,5.761316872427984,83.53909465020575
E00009743,258,25,9,16,233,20,213,9.689922480620156,3.488372093023256,6.2015503875969,90.31007751937985,7.751937984496124,82.55813953488372
E00009744,298,47,24,23,251,17,234,15.771812080536913,8.053691275167784,7.718120805369128,84.22818791946308,5.704697986577181,78.52348993288591
E00009745,220,33,14,19,187,10,177,15,6.363636363636363,8.636363636363637,85,4.545454545454546,80.45454545454545
E00009746,345,75,38,37,270,12,258,21.73913043478261,11.014492753623188,10.72463768115942,78.26086956521739,3.4782608695652173,74.78260869565217
E00009747,266,34,11,23,232,11,221,12.781954887218044,4.135338345864661,8.646616541353383,87.21804511278195,4.135338345864661,83.0827067669173
E00009748,282,19,7,12,263,14,249,6.73758865248227,2.4822695035460995,4.25531914893617,93.26241134751773,4.964539007092199,88.29787234042553
E00009749,204,26,14,12,178,18,160,12.745098039215685,6.862745098039216,5.88235294117647,87.25490196078431,8.823529411764707,78.43137254901961
E00009750,238,20,5,15,218,8,210,8.403361344537815,2.100840336134454,6.302521008403361,91.59663865546219,3.361344537815126,88.23529411764706
E00009751,199,36,20,16,163,13,150,18.090452261306535,10.050251256281408,8.040201005025125,81.90954773869346,6.532663316582915,75.37688442211056
E00009752,332,35,16,19,297,21,276,10.542168674698797,4.819277108433735,5.72289156626506,89.45783132530121,6.325301204819277,83.13253012048193
E00009753,288,44,16,28,244,27,217,15.277777777777779,5.555555555555555,9.722222222222223,84.72222222222221,9.375,75.34722222222221
E00009754,250,48,21,27,202,19,183,19.2,8.4,10.8,80.80000000000001,7.6,73.2
E00009755,286,35,13,22,251,9,242,12.237762237762238,4.545454545454546,7.6923076923076925,87.76223776223776,3.146853146853147,84.61538461538461
E00009756,376,41,11,30,335,24,311,10.904255319148938,2.925531914893617,7.9787234042553195,89.09574468085107,6.382978723404255,82.7127659574468
E00009757,246,34,19,15,212,13,199,13.821138211382115,7.723577235772358,6.097560975609756,86.1788617886179,5.284552845528456,80.89430894308943
E00009758,286,39,16,23,247,12,235,13.636363636363635,5.594405594405594,8.041958041958042,86.36363636363636,4.195804195804196,82.16783216783216
E00009759,312,21,12,9,291,21,270,6.730769230769231,3.8461538461538463,2.8846153846153846,93.26923076923077,6.730769230769231,86.53846153846155
E00009760,249,22,10,12,227,11,216,8.835341365461847,4.016064257028113,4.819277108433735,91.16465863453816,4.417670682730924,86.74698795180723
E00009761,336,34,10,24,302,21,281,10.119047619047619,2.976190476190476,7.142857142857142,89.88095238095238,6.25,83.63095238095238
E00009762,244,26,5,21,218,14,204,10.655737704918032,2.0491803278688523,8.60655737704918,89.34426229508196,5.737704918032787,83.60655737704919
E00009763,380,30,12,18,350,20,330,7.894736842105263,3.1578947368421053,4.736842105263158,92.10526315789474,5.263157894736842,86.8421052631579
E00009764,248,35,14,21,213,14,199,14.112903225806454,5.64516129032258,8.46774193548387,85.88709677419355,5.64516129032258,80.24193548387096
E00009765,265,54,22,32,211,16,195,20.37735849056604,8.30188679245283,12.075471698113208,79.62264150943396,6.037735849056604,73.58490566037736
E00009766,294,21,7,14,273,15,258,7.142857142857142,2.380952380952381,4.761904761904762,92.85714285714286,5.1020408163265305,87.75510204081633
E00009767,313,28,12,16,285,15,270,8.945686900958465,3.8338658146964857,5.111821086261981,91.05431309904152,4.792332268370607,86.26198083067092
E00009768,315,48,32,16,267,14,253,15.238095238095239,10.158730158730158,5.079365079365079,84.76190476190476,4.444444444444445,80.31746031746032
E00009769,301,18,9,9,283,17,266,5.980066445182724,2.990033222591362,2.990033222591362,94.01993355481729,5.647840531561462,88.37209302325581
E00009770,190,16,4,12,174,13,161,8.421052631578947,2.1052631578947367,6.315789473684211,91.57894736842105,6.842105263157896,84.73684210526315
E00009771,228,59,35,24,169,5,164,25.877192982456144,15.350877192982457,10.526315789473683,74.12280701754386,2.1929824561403506,71.9298245614035
E00009772,260,36,13,23,224,12,212,13.846153846153847,5,8.846153846153847,86.15384615384616,4.615384615384616,81.53846153846153
E00009773,272,40,22,18,232,9,223,14.705882352941178,8.088235294117647,6.61764705882353,85.29411764705883,3.308823529411765,81.98529411764706
E00009774,329,28,9,19,301,15,286,8.51063829787234,2.735562310030395,5.775075987841945,91.48936170212765,4.5592705167173255,86.93009118541033
E00009775,264,23,7,16,241,22,219,8.712121212121213,2.6515151515151514,6.0606060606060606,91.28787878787878,8.333333333333332,82.95454545454545
E00009776,358,59,30,29,299,6,293,16.480446927374302,8.379888268156424,8.100558659217876,83.5195530726257,1.675977653631285,81.84357541899442
E00009777,309,16,6,10,293,14,279,5.177993527508091,1.9417475728155338,3.2362459546925564,94.8220064724919,4.53074433656958,90.29126213592234
E00009778,267,18,2,16,249,18,231,6.741573033707865,0.7490636704119851,5.992509363295881,93.25842696629213,6.741573033707865,86.51685393258427
E00009779,391,34,11,23,357,12,345,8.695652173913043,2.813299232736573,5.88235294117647,91.30434782608695,3.0690537084398977,88.23529411764706
E00009780,260,28,11,17,232,14,218,10.76923076923077,4.230769230769231,6.538461538461539,89.23076923076924,5.384615384615385,83.84615384615385
E00009781,223,23,11,12,200,11,189,10.31390134529148,4.932735426008969,5.381165919282512,89.68609865470853,4.932735426008969,84.75336322869956
E00009782,300,20,4,16,280,18,262,6.666666666666667,1.3333333333333335,5.333333333333334,93.33333333333333,6,87.33333333333333
E00009783,342,14,1,13,328,14,314,4.093567251461988,0.29239766081871343,3.8011695906432745,95.90643274853801,4.093567251461988,91.81286549707602
E00009784,182,15,4,11,167,15,152,8.241758241758241,2.197802197802198,6.043956043956044,91.75824175824175,8.241758241758241,83.51648351648352
E00009786,206,19,6,13,187,14,173,9.223300970873787,2.912621359223301,6.310679611650485,90.77669902912622,6.796116504854369,83.98058252427184
E00009787,246,32,14,18,214,7,207,13.008130081300814,5.691056910569105,7.317073170731707,86.99186991869918,2.8455284552845526,84.14634146341463
E00009788,394,47,18,29,347,24,323,11.928934010152284,4.568527918781726,7.3604060913705585,88.07106598984772,6.091370558375635,81.97969543147208
E00009789,342,17,5,12,325,16,309,4.970760233918129,1.461988304093567,3.508771929824561,95.02923976608187,4.678362573099415,90.35087719298247
E00009790,275,22,6,16,253,14,239,8,2.181818181818182,5.818181818181818,92,5.090909090909091,86.9090909090909
E00009791,204,49,24,25,155,12,143,24.019607843137255,11.76470588235294,12.254901960784313,75.98039215686273,5.88235294117647,70.09803921568627
E00009792,301,23,2,21,278,16,262,7.641196013289036,0.6644518272425249,6.976744186046512,92.35880398671097,5.3156146179401995,87.04318936877077
E00009793,288,25,12,13,263,19,244,8.680555555555555,4.166666666666666,4.513888888888888,91.31944444444444,6.597222222222222,84.72222222222221
E00009794,364,71,34,37,293,19,274,19.505494505494507,9.340659340659341,10.164835164835164,80.4945054945055,5.21978021978022,75.27472527472527
E00009795,254,51,21,30,203,10,193,20.078740157480315,8.267716535433072,11.811023622047244,79.92125984251969,3.937007874015748,75.98425196850394
E00009796,429,74,36,38,355,13,342,17.24941724941725,8.391608391608392,8.857808857808857,82.75058275058275,3.0303030303030303,79.72027972027972
E00009797,345,42,18,24,303,10,293,12.173913043478262,5.217391304347826,6.956521739130435,87.82608695652175,2.898550724637681,84.92753623188406
E00009798,322,41,18,23,281,12,269,12.732919254658384,5.590062111801243,7.142857142857142,87.26708074534162,3.7267080745341614,83.54037267080744
E00009799,428,74,38,36,354,15,339,17.289719626168225,8.878504672897195,8.411214953271028,82.71028037383178,3.5046728971962615,79.2056074766355
E00009800,412,62,35,27,350,8,342,15.048543689320388,8.495145631067961,6.553398058252427,84.9514563106796,1.9417475728155338,83.00970873786407
E00009801,332,57,27,30,275,7,268,17.16867469879518,8.132530120481928,9.036144578313253,82.83132530120481,2.108433734939759,80.72289156626506
E00009802,406,44,18,26,362,11,351,10.83743842364532,4.433497536945813,6.403940886699508,89.16256157635468,2.70935960591133,86.45320197044335
E00009803,494,91,52,39,403,22,381,18.421052631578945,10.526315789473683,7.894736842105263,81.57894736842105,4.4534412955465585,77.1255060728745
E00009805,396,54,27,27,342,14,328,13.636363636363635,6.8181818181818175,6.8181818181818175,86.36363636363636,3.535353535353535,82.82828282828282
E00009806,395,77,42,35,318,11,307,19.49367088607595,10.632911392405063,8.860759493670885,80.50632911392405,2.7848101265822782,77.72151898734178
E00009807,361,52,20,32,309,12,297,14.40443213296399,5.540166204986149,8.86426592797784,85.59556786703601,3.32409972299169,82.27146814404432
E00009808,273,36,17,19,237,8,229,13.186813186813188,6.227106227106227,6.95970695970696,86.81318681318682,2.93040293040293,83.88278388278388
E00009809,324,54,23,31,270,11,259,16.666666666666664,7.098765432098765,9.5679012345679,83.33333333333334,3.3950617283950617,79.93827160493827
E00009810,380,58,24,34,322,12,310,15.263157894736842,6.315789473684211,8.947368421052632,84.73684210526315,3.1578947368421053,81.57894736842105
E00009811,412,59,25,34,353,10,343,14.320388349514563,6.067961165048544,8.25242718446602,85.67961165048543,2.4271844660194173,83.25242718446601
E00009812,320,34,13,21,286,7,279,10.625,4.0625,6.5625,89.375,2.1875,87.1875
E00009813,307,24,13,11,283,19,264,7.81758957654723,4.234527687296417,3.5830618892508146,92.18241042345277,6.188925081433225,85.99348534201955
E00009814,365,34,14,20,331,24,307,9.315068493150685,3.8356164383561646,5.47945205479452,90.68493150684932,6.575342465753424,84.10958904109589
E00009815,313,54,26,28,259,15,244,17.252396166134183,8.30670926517572,8.945686900958465,82.74760383386581,4.792332268370607,77.95527156549521
E00009816,295,40,20,20,255,16,239,13.559322033898304,6.779661016949152,6.779661016949152,86.4406779661017,5.423728813559322,81.01694915254237
E00009817,405,30,7,23,375,21,354,7.4074074074074066,1.728395061728395,5.679012345679013,92.5925925925926,5.185185185185185,87.4074074074074
E00009818,313,38,12,26,275,8,267,12.140575079872203,3.8338658146964857,8.30670926517572,87.8594249201278,2.5559105431309903,85.3035143769968
E00009820,270,21,7,14,249,13,236,7.777777777777778,2.5925925925925926,5.185185185185185,92.22222222222223,4.814814814814815,87.4074074074074
E00009821,383,60,33,27,323,32,291,15.66579634464752,8.616187989556137,7.049608355091384,84.33420365535248,8.355091383812011,75.97911227154047
E00009822,325,59,29,30,266,15,251,18.153846153846153,8.923076923076923,9.230769230769232,81.84615384615384,4.615384615384616,77.23076923076924
E00009823,359,35,17,18,324,23,301,9.749303621169917,4.735376044568245,5.013927576601671,90.25069637883009,6.406685236768802,83.84401114206128
E00009824,407,54,21,33,353,14,339,13.267813267813267,5.159705159705159,8.108108108108109,86.73218673218673,3.43980343980344,83.29238329238329
E00009825,215,26,6,20,189,6,183,12.093023255813954,2.7906976744186047,9.30232558139535,87.90697674418605,2.7906976744186047,85.11627906976744
E00009826,279,40,20,20,239,12,227,14.336917562724013,7.168458781362006,7.168458781362006,85.66308243727599,4.301075268817205,81.36200716845879
E00009827,387,66,30,36,321,17,304,17.05426356589147,7.751937984496124,9.30232558139535,82.94573643410853,4.3927648578811365,78.55297157622739
E00009828,336,41,18,23,295,13,282,12.202380952380953,5.357142857142857,6.845238095238096,87.79761904761905,3.869047619047619,83.92857142857143
E00009829,320,41,21,20,279,11,268,12.812499999999998,6.5625,6.25,87.1875,3.4375000000000004,83.75
E00009830,336,58,33,25,278,13,265,17.261904761904763,9.821428571428571,7.440476190476191,82.73809523809523,3.869047619047619,78.86904761904762
E00009831,343,50,28,22,293,16,277,14.577259475218659,8.16326530612245,6.41399416909621,85.42274052478133,4.664723032069971,80.75801749271136
E00167267,287,42,15,27,245,9,236,14.634146341463413,5.2264808362369335,9.40766550522648,85.36585365853658,3.1358885017421603,82.22996515679442
E00167268,325,28,8,20,297,19,278,8.615384615384615,2.4615384615384617,6.153846153846154,91.38461538461539,5.846153846153846,85.53846153846155
E00167269,287,36,17,19,251,7,244,12.543554006968641,5.923344947735192,6.620209059233449,87.45644599303137,2.4390243902439024,85.01742160278745
E00167270,114,11,2,9,103,5,98,9.649122807017543,1.7543859649122806,7.894736842105263,90.35087719298247,4.385964912280701,85.96491228070175
E00167271,278,22,6,16,256,17,239,7.913669064748201,2.158273381294964,5.755395683453238,92.08633093525181,6.115107913669065,85.97122302158273
E00167272,323,51,27,24,272,8,264,15.789473684210526,8.359133126934983,7.430340557275541,84.21052631578947,2.476780185758514,81.73374613003097
E00167273,193,8,4,4,185,4,181,4.145077720207254,2.072538860103627,2.072538860103627,95.85492227979275,2.072538860103627,93.78238341968913
E00167274,189,15,3,12,174,8,166,7.936507936507936,1.5873015873015872,6.349206349206349,92.06349206349206,4.232804232804233,87.83068783068782
E00167276,363,40,13,27,323,18,305,11.019283746556475,3.581267217630854,7.43801652892562,88.98071625344353,4.958677685950414,84.02203856749311
E00167277,197,24,13,11,173,9,164,12.18274111675127,6.598984771573605,5.583756345177665,87.81725888324873,4.568527918781726,83.24873096446701
E00167278,205,18,6,12,187,8,179,8.780487804878048,2.9268292682926833,5.853658536585367,91.21951219512195,3.902439024390244,87.3170731707317
E00167279,243,28,14,14,215,13,202,11.522633744855968,5.761316872427984,5.761316872427984,88.47736625514403,5.349794238683128,83.1275720164609
E00167280,213,30,17,13,183,10,173,14.084507042253522,7.981220657276995,6.103286384976526,85.91549295774648,4.694835680751173,81.2206572769953
E00167281,325,36,11,25,289,24,265,11.076923076923077,3.3846153846153846,7.6923076923076925,88.92307692307693,7.384615384615385,81.53846153846153
E00167282,276,33,14,19,243,13,230,11.956521739130435,5.072463768115942,6.884057971014493,88.04347826086956,4.710144927536232,83.33333333333334
E00167283,331,39,18,21,292,18,274,11.782477341389729,5.438066465256798,6.3444108761329305,88.21752265861026,5.438066465256798,82.77945619335347
E00167284,270,31,13,18,239,11,228,11.481481481481481,4.814814814814815,6.666666666666667,88.51851851851852,4.074074074074074,84.44444444444444
E00167285,498,32,16,16,466,21,445,6.425702811244979,3.2128514056224895,3.2128514056224895,93.57429718875501,4.216867469879518,89.35742971887551
E00167286,330,30,15,15,300,19,281,9.090909090909092,4.545454545454546,4.545454545454546,90.9090909090909,5.757575757575758,85.15151515151516
E00167287,214,18,8,10,196,14,182,8.411214953271028,3.7383177570093453,4.672897196261682,91.58878504672897,6.5420560747663545,85.04672897196261
E00167288,320,29,12,17,291,16,275,9.0625,3.75,5.3125,90.9375,5,85.9375
E00167289,157,17,9,8,140,5,135,10.828025477707007,5.7324840764331215,5.095541401273886,89.171974522293,3.1847133757961785,85.98726114649682
E00167290,237,28,23,5,209,11,198,11.814345991561181,9.70464135021097,2.109704641350211,88.18565400843882,4.641350210970464,83.54430379746836
E00167291,203,16,3,13,187,10,177,7.8817733990147785,1.477832512315271,6.403940886699508,92.11822660098522,4.926108374384237,87.192118226601
E00167292,152,13,3,10,139,16,123,8.552631578947368,1.9736842105263157,6.578947368421052,91.44736842105263,10.526315789473683,80.92105263157895
E00167294,118,27,13,14,91,1,90,22.88135593220339,11.016949152542372,11.864406779661017,77.11864406779661,0.847457627118644,76.27118644067797
E00167295,278,56,29,27,222,13,209,20.14388489208633,10.431654676258994,9.712230215827338,79.85611510791367,4.676258992805756,75.17985611510791
E00167296,151,38,16,22,113,1,112,25.165562913907287,10.596026490066226,14.56953642384106,74.83443708609272,0.6622516556291391,74.17218543046357
E00167297,272,117,74,43,155,4,151,43.01470588235294,27.205882352941174,15.808823529411764,56.98529411764706,1.4705882352941175,55.51470588235294
E00183094,211,21,5,16,190,24,166,9.95260663507109,2.3696682464454977,7.5829383886255926,90.04739336492891,11.374407582938389,78.67298578199052
E00183098,893,233,96,137,660,53,607,26.091825307950728,10.750279955207166,15.34154535274356,73.90817469204927,5.93505039193729,67.97312430011199
E00183101,305,42,19,23,263,14,249,13.77049180327869,6.229508196721312,7.540983606557377,86.22950819672131,4.590163934426229,81.63934426229508
E00183109,343,54,24,30,289,21,268,15.743440233236154,6.997084548104956,8.746355685131196,84.25655976676384,6.122448979591836,78.134110787172
E00183113,265,11,2,9,254,23,231,4.150943396226415,0.7547169811320755,3.3962264150943398,95.84905660377359,8.679245283018867,87.16981132075472
E00183115,248,32,13,19,216,15,201,12.903225806451612,5.241935483870968,7.661290322580645,87.09677419354838,6.048387096774194,81.04838709677419
E00183116,223,14,3,11,209,11,198,6.278026905829597,1.345291479820628,4.932735426008969,93.72197309417041,4.932735426008969,88.78923766816143
E00183118,169,15,3,12,154,5,149,8.875739644970414,1.7751479289940828,7.100591715976331,91.12426035502959,2.9585798816568047,88.16568047337277
E00183125,165,30,21,9,135,13,122,18.181818181818183,12.727272727272727,5.454545454545454,81.81818181818183,7.878787878787878,73.93939393939394
E00183126,241,26,10,16,215,8,207,10.78838174273859,4.149377593360995,6.639004149377594,89.21161825726142,3.319502074688797,85.89211618257261
E00183134,543,28,7,21,515,28,487,5.156537753222836,1.289134438305709,3.867403314917127,94.84346224677716,5.156537753222836,89.68692449355433
E00183135,171,27,11,16,144,9,135,15.789473684210526,6.432748538011696,9.35672514619883,84.21052631578947,5.263157894736842,78.94736842105263
E00183139,236,5,2,3,231,21,210,2.11864406779661,0.847457627118644,1.2711864406779663,97.88135593220339,8.898305084745763,88.98305084745762
E00183140,158,10,2,8,148,8,140,6.329113924050633,1.2658227848101267,5.063291139240507,93.67088607594937,5.063291139240507,88.60759493670885
E00183142,266,26,9,17,240,14,226,9.774436090225564,3.3834586466165413,6.390977443609022,90.22556390977444,5.263157894736842,84.9624060150376
E00183143,351,9,2,7,342,12,330,2.564102564102564,0.5698005698005698,1.9943019943019942,97.43589743589743,3.418803418803419,94.01709401709401
E00183144,285,9,1,8,276,4,272,3.1578947368421053,0.3508771929824561,2.807017543859649,96.84210526315789,1.4035087719298245,95.43859649122807
E00183148,357,46,20,26,311,22,289,12.885154061624648,5.602240896358544,7.282913165266107,87.11484593837535,6.162464985994398,80.95238095238095
E00183151,382,14,7,7,368,14,354,3.664921465968586,1.832460732984293,1.832460732984293,96.33507853403141,3.664921465968586,92.67015706806284
E00183152,234,13,3,10,221,8,213,5.555555555555555,1.282051282051282,4.273504273504273,94.44444444444444,3.418803418803419,91.02564102564102
E00183157,375,68,40,28,307,19,288,18.133333333333333,10.666666666666668,7.466666666666668,81.86666666666666,5.066666666666666,76.8
E00183158,196,36,19,17,160,10,150,18.367346938775512,9.693877551020408,8.673469387755102,81.63265306122449,5.1020408163265305,76.53061224489795
E00183160,136,15,5,10,121,8,113,11.029411764705882,3.6764705882352944,7.352941176470589,88.97058823529412,5.88235294117647,83.08823529411765
E00183165,275,47,26,21,228,15,213,17.09090909090909,9.454545454545455,7.636363636363637,82.9090909090909,5.454545454545454,77.45454545454545
E00183168,328,40,24,16,288,10,278,12.195121951219512,7.317073170731707,4.878048780487805,87.8048780487805,3.048780487804878,84.7560975609756
E00183172,153,8,2,6,145,8,137,5.228758169934641,1.3071895424836601,3.9215686274509802,94.77124183006535,5.228758169934641,89.54248366013073
E00183180,183,21,7,14,162,6,156,11.475409836065573,3.825136612021858,7.650273224043716,88.52459016393442,3.278688524590164,85.24590163934425
E00183182,182,9,2,7,173,7,166,4.945054945054945,1.098901098901099,3.8461538461538463,95.05494505494505,3.8461538461538463,91.20879120879121
E00183184,385,48,19,29,337,21,316,12.467532467532468,4.935064935064935,7.532467532467532,87.53246753246754,5.454545454545454,82.07792207792208
E00183185,183,40,19,21,143,17,126,21.85792349726776,10.382513661202186,11.475409836065573,78.14207650273224,9.289617486338798,68.85245901639344
E00183187,310,46,26,20,264,14,250,14.838709677419354,8.38709677419355,6.451612903225806,85.16129032258064,4.516129032258064,80.64516129032258
E00183198,274,33,10,23,241,10,231,12.043795620437956,3.64963503649635,8.394160583941606,87.95620437956204,3.64963503649635,84.30656934306569
E00183207,332,62,38,24,270,9,261,18.67469879518072,11.44578313253012,7.228915662650602,81.32530120481928,2.710843373493976,78.6144578313253
E00183211,276,35,9,26,241,13,228,12.681159420289855,3.260869565217391,9.420289855072465,87.31884057971014,4.710144927536232,82.6086956521739
E00183215,483,47,19,28,436,28,408,9.730848861283643,3.9337474120082816,5.797101449275362,90.26915113871635,5.797101449275362,84.472049689441
E00183216,390,31,5,26,359,19,340,7.948717948717948,1.282051282051282,6.666666666666667,92.05128205128204,4.871794871794872,87.17948717948718
E00183220,265,7,1,6,258,10,248,2.6415094339622645,0.37735849056603776,2.2641509433962264,97.35849056603773,3.7735849056603774,93.58490566037736
E00183221,291,39,21,18,252,15,237,13.402061855670103,7.216494845360824,6.185567010309279,86.5979381443299,5.154639175257731,81.44329896907216
E00190143,239,10,1,9,229,19,210,4.184100418410042,0.41841004184100417,3.765690376569038,95.81589958158996,7.949790794979079,87.86610878661088
