OA,ts0590001,ts0590002,ts0590003,ts0590004,ts0590005,ts0590006,ts0590007,ts0590002_PCT,ts0590003_PCT,ts0590004_PCT,ts0590005_PCT,ts0590006_PCT,ts0590007_PCT
E00009227,128,42,13,29,86,74,12,32.8125,10.15625,22.65625,67.1875,57.8125,9.375
E00009228,200,29,10,19,171,131,40,14.499999999999998,5,9.5,85.5,65.5,20
E00009229,157,26,6,20,131,86,45,16.560509554140125,3.821656050955414,12.738853503184714,83.43949044585987,54.77707006369427,28.662420382165603
E00009230,246,55,21,34,191,133,58,22.35772357723577,8.536585365853659,13.821138211382115,77.64227642276423,54.0650406504065,23.577235772357724
E00009231,127,23,11,12,104,73,31,18.11023622047244,8.661417322834646,9.448818897637794,81.88976377952756,57.48031496062992,24.409448818897637
E00009232,107,18,11,7,89,59,30,16.822429906542055,10.2803738317757,6.5420560747663545,83.17757009345794,55.140186915887845,28.037383177570092
E00009233,222,43,17,26,179,110,69,19.36936936936937,7.657657657657657,11.711711711711711,80.63063063063063,49.549549549549546,31.08108108108108
E00009234,160,33,12,21,127,97,30,20.625,7.5,13.125,79.375,60.62499999999999,18.75
E00009235,132,22,7,15,110,84,26,16.666666666666664,5.303030303030303,11.363636363636363,83.33333333333334,63.63636363636363,19.696969696969695
E00009236,100,20,7,13,80,52,28,20,7.000000000000001,13,80,52,28.000000000000004
E00009237,132,28,16,12,104,71,33,21.21212121212121,12.121212121212121,9.090909090909092,78.78787878787878,53.78787878787878,25
E00009238,170,49,17,32,121,98,23,28.823529411764703,10,18.823529411764707,71.17647058823529,57.647058823529406,13.529411764705882
E00009239,178,47,23,24,131,104,27,26.40449438202247,12.921348314606742,13.48314606741573,73.59550561797754,58.42696629213483,15.168539325842698
E00009240,143,27,12,15,116,81,35,18.88111888111888,8.391608391608392,10.48951048951049,81.11888111888112,56.64335664335665,24.475524475524477
E00009241,140,32,10,22,108,65,43,22.857142857142858,7.142857142857142,15.714285714285714,77.14285714285715,46.42857142857143,30.714285714285715
E00009242,140,47,19,28,93,83,10,33.57142857142857,13.571428571428571,20,66.42857142857143,59.285714285714285,7.142857142857142
E00009243,78,11,3,8,67,45,22,14.102564102564102,3.8461538461538463,10.256410256410255,85.8974358974359,57.692307692307686,28.205128205128204
E00009244,239,46,19,27,193,146,47,19.246861924686193,7.949790794979079,11.297071129707113,80.75313807531381,61.08786610878661,19.665271966527197
E00009245,100,16,10,6,84,68,16,16,10,6,84,68,16
E00009246,106,26,13,13,80,64,16,24.528301886792452,12.264150943396226,12.264150943396226,75.47169811320755,60.37735849056604,15.09433962264151
E00009247,172,22,11,11,150,113,37,12.790697674418606,6.395348837209303,6.395348837209303,87.20930232558139,65.69767441860465,21.511627906976745
E00009248,219,44,16,28,175,134,41,20.091324200913242,7.30593607305936,12.785388127853881,79.90867579908677,61.18721461187214,18.72146118721461
E00009249,98,14,2,12,84,59,25,14.285714285714285,2.0408163265306123,12.244897959183673,85.71428571428571,60.204081632653065,25.510204081632654
E00009250,116,29,9,20,87,69,18,25,7.758620689655173,17.24137931034483,75,59.48275862068966,15.517241379310345
E00009251,199,44,23,21,155,120,35,22.110552763819097,11.557788944723619,10.552763819095476,77.88944723618091,60.30150753768844,17.587939698492463
E00009252,222,33,15,18,189,142,47,14.864864864864865,6.756756756756757,8.108108108108109,85.13513513513513,63.96396396396396,21.17117117117117
E00009253,143,28,10,18,115,91,24,19.58041958041958,6.993006993006993,12.587412587412588,80.41958041958041,63.63636363636363,16.783216783216783
E00009254,212,46,13,33,166,118,48,21.69811320754717,6.132075471698113,15.566037735849056,78.30188679245283,55.660377358490564,22.641509433962266
E00009255,161,42,16,26,119,101,18,26.08695652173913,9.937888198757763,16.149068322981368,73.91304347826086,62.732919254658384,11.180124223602485
E00009256,109,26,8,18,83,57,26,23.853211009174313,7.339449541284404,16.51376146788991,76.14678899082568,52.293577981651374,23.853211009174313
E00009257,134,26,8,18,108,74,34,19.402985074626866,5.970149253731343,13.432835820895523,80.59701492537313,55.223880597014926,25.37313432835821
E00009258,141,29,12,17,112,77,35,20.56737588652482,8.51063829787234,12.056737588652481,79.43262411347519,54.60992907801418,24.822695035460992
E00009259,89,27,5,22,62,55,7,30.337078651685395,5.617977528089887,24.719101123595504,69.66292134831461,61.79775280898876,7.865168539325842
E00009260,96,28,11,17,68,68,0,29.166666666666668,11.458333333333332,17.708333333333336,70.83333333333334,70.83333333333334,0
E00009261,144,29,19,10,115,91,24,20.13888888888889,13.194444444444445,6.944444444444445,79.86111111111111,63.19444444444444,16.666666666666664
E00009262,81,29,11,18,52,47,5,35.80246913580247,13.580246913580247,22.22222222222222,64.19753086419753,58.0246913580247,6.172839506172839
E00009263,155,21,5,16,134,106,28,13.548387096774196,3.225806451612903,10.32258064516129,86.45161290322581,68.38709677419355,18.064516129032256
E00009264,83,28,13,15,55,54,1,33.734939759036145,15.66265060240964,18.072289156626507,66.26506024096386,65.06024096385542,1.2048192771084338
E00009265,110,26,15,11,84,53,31,23.636363636363637,13.636363636363635,10,76.36363636363637,48.18181818181818,28.18181818181818
E00009266,149,36,20,16,113,89,24,24.161073825503358,13.422818791946309,10.738255033557047,75.83892617449665,59.73154362416108,16.10738255033557
E00009267,158,37,19,18,121,103,18,23.417721518987342,12.025316455696203,11.39240506329114,76.58227848101265,65.18987341772153,11.39240506329114
E00009268,97,14,5,9,83,65,18,14.432989690721648,5.154639175257731,9.278350515463918,85.56701030927834,67.0103092783505,18.556701030927837
E00009269,174,37,13,24,137,96,41,21.26436781609195,7.471264367816093,13.793103448275861,78.73563218390804,55.172413793103445,23.563218390804597
E00009270,144,22,10,12,122,91,31,15.277777777777779,6.944444444444445,8.333333333333332,84.72222222222221,63.19444444444444,21.52777777777778
E00009271,99,30,8,22,69,64,5,30.303030303030305,8.080808080808081,22.22222222222222,69.6969696969697,64.64646464646465,5.05050505050505
E00009272,120,18,6,12,102,73,29,15,5,10,85,60.83333333333333,24.166666666666668
E00009273,145,44,20,24,101,90,11,30.344827586206897,13.793103448275861,16.551724137931036,69.6551724137931,62.06896551724138,7.586206896551724
E00009274,136,31,11,20,105,78,27,22.794117647058822,8.088235294117647,14.705882352941178,77.20588235294117,57.35294117647059,19.852941176470587
E00009275,215,48,17,31,167,127,40,22.325581395348838,7.906976744186046,14.418604651162791,77.67441860465117,59.06976744186046,18.6046511627907
E00009276,191,56,21,35,135,102,33,29.31937172774869,10.99476439790576,18.32460732984293,70.68062827225131,53.403141361256544,17.277486910994764
E00009277,142,40,19,21,102,75,27,28.169014084507044,13.380281690140844,14.788732394366196,71.83098591549296,52.816901408450704,19.014084507042252
E00009278,167,45,18,27,122,91,31,26.94610778443114,10.778443113772456,16.16766467065868,73.05389221556887,54.49101796407185,18.562874251497004
E00009279,140,36,13,23,104,84,20,25.71428571428571,9.285714285714286,16.428571428571427,74.28571428571429,60,14.285714285714285
E00009280,158,34,13,21,124,99,25,21.518987341772153,8.227848101265822,13.291139240506327,78.48101265822784,62.65822784810127,15.822784810126583
E00009281,138,49,20,29,89,75,14,35.507246376811594,14.492753623188406,21.014492753623188,64.4927536231884,54.347826086956516,10.144927536231885
E00009282,169,55,21,34,114,90,24,32.544378698224854,12.42603550295858,20.118343195266274,67.45562130177515,53.25443786982249,14.201183431952662
E00009283,135,32,13,19,103,65,38,23.703703703703706,9.62962962962963,14.074074074074074,76.29629629629629,48.148148148148145,28.14814814814815
E00009284,115,48,15,33,67,58,9,41.73913043478261,13.043478260869565,28.695652173913043,58.26086956521739,50.43478260869565,7.82608695652174
E00009285,157,27,14,13,130,106,24,17.197452229299362,8.9171974522293,8.280254777070063,82.80254777070064,67.51592356687898,15.286624203821656
E00009286,158,36,17,19,122,94,28,22.78481012658228,10.759493670886076,12.025316455696203,77.21518987341773,59.49367088607595,17.72151898734177
E00009287,162,38,19,19,124,95,29,23.456790123456788,11.728395061728394,11.728395061728394,76.5432098765432,58.64197530864198,17.901234567901234
E00009288,109,41,15,26,68,58,10,37.61467889908257,13.761467889908257,23.853211009174313,62.38532110091744,53.21100917431193,9.174311926605505
E00009289,155,35,14,21,120,86,34,22.58064516129032,9.032258064516128,13.548387096774196,77.41935483870968,55.483870967741936,21.935483870967744
E00009291,185,40,15,25,145,105,40,21.62162162162162,8.108108108108109,13.513513513513514,78.37837837837837,56.75675675675676,21.62162162162162
E00009292,189,40,10,30,149,112,37,21.164021164021165,5.291005291005291,15.873015873015872,78.83597883597884,59.25925925925925,19.576719576719576
E00009293,133,31,9,22,102,75,27,23.308270676691727,6.7669172932330826,16.541353383458645,76.69172932330827,56.390977443609025,20.30075187969925
E00009294,122,32,6,26,90,72,18,26.229508196721312,4.918032786885246,21.311475409836063,73.77049180327869,59.01639344262295,14.754098360655737
E00009295,205,41,14,27,164,135,29,20,6.829268292682928,13.170731707317074,80,65.85365853658537,14.146341463414632
E00009296,177,52,21,31,125,105,20,29.37853107344633,11.864406779661017,17.51412429378531,70.62146892655367,59.32203389830508,11.299435028248588
E00009297,263,92,49,43,171,130,41,34.98098859315589,18.631178707224336,16.34980988593156,65.0190114068441,49.42965779467681,15.5893536121673
E00009298,148,44,16,28,104,84,20,29.72972972972973,10.81081081081081,18.91891891891892,70.27027027027027,56.75675675675676,13.513513513513514
E00009299,115,19,6,13,96,69,27,16.52173913043478,5.217391304347826,11.304347826086957,83.47826086956522,60,23.47826086956522
E00009300,132,47,16,31,85,70,15,35.60606060606061,12.121212121212121,23.484848484848484,64.39393939393939,53.03030303030303,11.363636363636363
E00009301,168,32,15,17,136,94,42,19.047619047619047,8.928571428571429,10.119047619047619,80.95238095238095,55.952380952380956,25
E00009302,164,37,17,20,127,95,32,22.5609756097561,10.365853658536585,12.195121951219512,77.4390243902439,57.92682926829268,19.51219512195122
E00009303,170,39,12,27,131,103,28,22.941176470588236,7.0588235294117645,15.88235294117647,77.05882352941177,60.588235294117645,16.470588235294116
E00009304,196,49,22,27,147,108,39,25,11.224489795918368,13.77551020408163,75,55.10204081632652,19.897959183673468
E00009305,140,38,17,21,102,67,35,27.142857142857142,12.142857142857142,15,72.85714285714285,47.85714285714286,25
E00009306,175,33,20,13,142,109,33,18.857142857142858,11.428571428571429,7.428571428571429,81.14285714285714,62.28571428571429,18.857142857142858
E00009307,198,59,28,31,139,101,38,29.797979797979796,14.14141414141414,15.656565656565657,70.2020202020202,51.010101010101,19.19191919191919
E00009308,121,35,16,19,86,75,11,28.92561983471074,13.223140495867769,15.702479338842975,71.07438016528926,61.98347107438017,9.090909090909092
E00009309,157,36,22,14,121,91,30,22.929936305732486,14.012738853503185,8.9171974522293,77.07006369426752,57.961783439490446,19.10828025477707
E00009310,129,20,8,12,109,88,21,15.503875968992247,6.2015503875969,9.30232558139535,84.49612403100775,68.21705426356588,16.27906976744186
E00009311,164,30,12,18,134,92,42,18.29268292682927,7.317073170731707,10.975609756097562,81.70731707317073,56.09756097560976,25.609756097560975
E00009312,132,38,13,25,94,82,12,28.78787878787879,9.848484848484848,18.939393939393938,71.21212121212122,62.121212121212125,9.090909090909092
E00009313,173,48,17,31,125,108,17,27.74566473988439,9.826589595375722,17.91907514450867,72.25433526011561,62.42774566473989,9.826589595375722
E00009314,136,49,18,31,87,80,7,36.029411764705884,13.23529411764706,22.794117647058822,63.970588235294116,58.82352941176471,5.147058823529411
E00009315,292,54,23,31,238,186,52,18.493150684931507,7.876712328767123,10.616438356164384,81.5068493150685,63.6986301369863,17.80821917808219
E00009316,216,59,25,34,157,130,27,27.314814814814813,11.574074074074074,15.74074074074074,72.68518518518519,60.18518518518518,12.5
E00009317,153,28,14,14,125,98,27,18.30065359477124,9.15032679738562,9.15032679738562,81.69934640522875,64.05228758169935,17.647058823529413
E00009318,134,30,11,19,104,80,24,22.388059701492537,8.208955223880597,14.17910447761194,77.61194029850746,59.70149253731343,17.91044776119403
E00009319,194,39,26,13,155,118,37,20.103092783505154,13.402061855670103,6.701030927835052,79.89690721649485,60.824742268041234,19.072164948453608
E00009320,163,47,21,26,116,84,32,28.834355828220858,12.883435582822086,15.950920245398773,71.16564417177914,51.533742331288344,19.631901840490798
E00009321,137,42,13,29,95,77,18,30.656934306569344,9.48905109489051,21.16788321167883,69.34306569343066,56.20437956204379,13.138686131386862
E00009322,143,25,9,16,118,91,27,17.482517482517483,6.293706293706294,11.188811188811188,82.51748251748252,63.63636363636363,18.88111888111888
E00009324,182,29,11,18,153,117,36,15.934065934065933,6.043956043956044,9.89010989010989,84.06593406593407,64.28571428571429,19.78021978021978
E00009325,131,37,21,16,94,78,16,28.24427480916031,16.030534351145036,12.213740458015266,71.7557251908397,59.541984732824424,12.213740458015266
E00009326,128,27,8,19,101,71,30,21.09375,6.25,14.84375,78.90625,55.46875,23.4375
E00009327,189,39,18,21,150,114,36,20.634920634920633,9.523809523809524,11.11111111111111,79.36507936507937,60.317460317460316,19.047619047619047
E00009328,146,36,15,21,110,89,21,24.65753424657534,10.273972602739725,14.383561643835616,75.34246575342466,60.95890410958904,14.383561643835616
E00009329,122,13,5,8,109,86,23,10.655737704918032,4.098360655737705,6.557377049180328,89.34426229508196,70.49180327868852,18.852459016393443
E00009330,144,37,15,22,107,83,24,25.694444444444443,10.416666666666668,15.277777777777779,74.30555555555556,57.638888888888886,16.666666666666664
E00009331,178,33,10,23,145,119,26,18.53932584269663,5.617977528089887,12.921348314606742,81.46067415730337,66.85393258426966,14.606741573033707
E00009332,149,31,14,17,118,85,33,20.80536912751678,9.395973154362416,11.409395973154362,79.19463087248322,57.04697986577181,22.14765100671141
E00009333,94,13,8,5,81,64,17,13.829787234042554,8.51063829787234,5.319148936170213,86.17021276595744,68.08510638297872,18.085106382978726
E00009334,163,55,31,24,108,63,45,33.74233128834356,19.018404907975462,14.723926380368098,66.25766871165644,38.65030674846626,27.607361963190186
E00009335,113,33,11,22,80,70,10,29.20353982300885,9.734513274336283,19.469026548672566,70.79646017699115,61.94690265486725,8.849557522123893
E00009336,124,46,18,28,78,66,12,37.096774193548384,14.516129032258066,22.58064516129032,62.903225806451616,53.2258064516129,9.67741935483871
E00009337,148,25,9,16,123,69,54,16.89189189189189,6.081081081081082,10.81081081081081,83.1081081081081,46.62162162162162,36.486486486486484
E00009338,59,16,9,7,43,35,8,27.11864406779661,15.254237288135593,11.864406779661017,72.88135593220339,59.32203389830508,13.559322033898304
E00009339,145,27,12,15,118,83,35,18.620689655172416,8.275862068965518,10.344827586206897,81.37931034482759,57.24137931034483,24.137931034482758
E00009340,138,46,23,23,92,69,23,33.33333333333333,16.666666666666664,16.666666666666664,66.66666666666666,50,16.666666666666664
E00009341,72,19,7,12,53,37,16,26.38888888888889,9.722222222222223,16.666666666666664,73.61111111111111,51.388888888888886,22.22222222222222
E00009342,141,28,7,21,113,92,21,19.858156028368796,4.964539007092199,14.893617021276595,80.1418439716312,65.24822695035462,14.893617021276595
E00009343,71,18,9,9,53,39,14,25.352112676056336,12.676056338028168,12.676056338028168,74.64788732394366,54.929577464788736,19.718309859154928
E00009344,118,43,20,23,75,58,17,36.440677966101696,16.94915254237288,19.491525423728813,63.559322033898304,49.152542372881356,14.40677966101695
E00009345,117,21,8,13,96,79,17,17.94871794871795,6.837606837606838,11.11111111111111,82.05128205128204,67.52136752136752,14.529914529914532
E00009346,77,21,5,16,56,53,3,27.27272727272727,6.493506493506493,20.77922077922078,72.72727272727273,68.83116883116884,3.896103896103896
E00009348,108,40,13,27,68,55,13,37.03703703703704,12.037037037037036,25,62.96296296296296,50.92592592592593,12.037037037037036
E00009349,107,35,11,24,72,67,5,32.71028037383177,10.2803738317757,22.429906542056074,67.28971962616822,62.616822429906534,4.672897196261682
E00009350,165,38,17,21,127,103,24,23.03030303030303,10.303030303030303,12.727272727272727,76.96969696969697,62.42424242424243,14.545454545454545
E00009351,163,60,25,35,103,94,9,36.809815950920246,15.337423312883436,21.472392638036812,63.190184049079754,57.668711656441715,5.521472392638037
E00009352,114,17,9,8,97,74,23,14.912280701754385,7.894736842105263,7.017543859649122,85.08771929824562,64.91228070175438,20.175438596491226
E00009353,90,24,11,13,66,44,22,26.666666666666668,12.222222222222221,14.444444444444443,73.33333333333333,48.888888888888886,24.444444444444443
E00009354,328,73,34,39,255,212,43,22.25609756097561,10.365853658536585,11.890243902439025,77.7439024390244,64.63414634146342,13.109756097560975
E00009355,94,33,18,15,61,44,17,35.1063829787234,19.148936170212767,15.957446808510639,64.8936170212766,46.808510638297875,18.085106382978726
E00009356,98,24,12,12,74,51,23,24.489795918367346,12.244897959183673,12.244897959183673,75.51020408163265,52.04081632653062,23.46938775510204
E00009357,110,25,10,15,85,48,37,22.727272727272727,9.090909090909092,13.636363636363635,77.27272727272727,43.63636363636363,33.63636363636363
E00009358,170,33,18,15,137,105,32,19.411764705882355,10.588235294117647,8.823529411764707,80.58823529411765,61.76470588235294,18.823529411764707
E00009359,114,36,21,15,78,65,13,31.57894736842105,18.421052631578945,13.157894736842104,68.42105263157895,57.01754385964912,11.403508771929824
E00009360,194,67,31,36,127,109,18,34.5360824742268,15.979381443298967,18.556701030927837,65.4639175257732,56.18556701030928,9.278350515463918
E00009361,137,41,14,27,96,86,10,29.927007299270077,10.218978102189782,19.708029197080293,70.07299270072993,62.77372262773723,7.2992700729927
E00009362,190,67,29,38,123,102,21,35.26315789473684,15.263157894736842,20,64.73684210526316,53.68421052631579,11.052631578947368
E00009363,148,57,18,39,91,79,12,38.513513513513516,12.162162162162163,26.351351351351347,61.48648648648649,53.37837837837838,8.108108108108109
E00009366,104,33,12,21,71,62,9,31.73076923076923,11.538461538461538,20.192307692307693,68.26923076923077,59.61538461538461,8.653846153846153
E00009367,165,43,19,24,122,103,19,26.060606060606062,11.515151515151516,14.545454545454545,73.93939393939394,62.42424242424243,11.515151515151516
E00009368,154,43,16,27,111,89,22,27.92207792207792,10.38961038961039,17.532467532467532,72.07792207792207,57.7922077922078,14.285714285714285
E00009369,148,49,18,31,99,80,19,33.108108108108105,12.162162162162163,20.945945945945947,66.8918918918919,54.054054054054056,12.837837837837837
E00009373,136,41,15,26,95,84,11,30.14705882352941,11.029411764705882,19.11764705882353,69.85294117647058,61.76470588235294,8.088235294117647
E00009374,130,35,15,20,95,74,21,26.923076923076923,11.538461538461538,15.384615384615385,73.07692307692307,56.92307692307692,16.153846153846153
E00009375,175,51,14,37,124,93,31,29.142857142857142,8,21.142857142857142,70.85714285714285,53.142857142857146,17.71428571428571
E00009376,147,48,17,31,99,87,12,32.6530612244898,11.564625850340136,21.08843537414966,67.3469387755102,59.183673469387756,8.16326530612245
E00009377,121,37,16,21,84,68,16,30.57851239669421,13.223140495867769,17.355371900826448,69.42148760330579,56.19834710743802,13.223140495867769
E00009378,199,46,10,36,153,134,19,23.115577889447238,5.025125628140704,18.090452261306535,76.88442211055276,67.33668341708542,9.547738693467336
E00009379,106,19,7,12,87,79,8,17.92452830188679,6.60377358490566,11.320754716981133,82.0754716981132,74.52830188679245,7.547169811320755
E00009380,144,46,12,34,98,81,17,31.944444444444443,8.333333333333332,23.61111111111111,68.05555555555556,56.25,11.805555555555555
E00009381,107,45,26,19,62,49,13,42.05607476635514,24.299065420560748,17.75700934579439,57.943925233644855,45.794392523364486,12.149532710280374
E00009383,168,36,18,18,132,123,9,21.428571428571427,10.714285714285714,10.714285714285714,78.57142857142857,73.21428571428571,5.357142857142857
E00009384,92,27,12,15,65,61,4,29.347826086956523,13.043478260869565,16.304347826086957,70.65217391304348,66.30434782608695,4.3478260869565215
E00009385,112,61,17,44,51,41,10,54.46428571428571,15.178571428571427,39.285714285714285,45.535714285714285,36.607142857142854,8.928571428571429
E00009386,91,22,7,15,69,45,24,24.175824175824175,7.6923076923076925,16.483516483516482,75.82417582417582,49.45054945054945,26.373626373626376
E00009387,255,70,37,33,185,153,32,27.450980392156865,14.50980392156863,12.941176470588237,72.54901960784314,60,12.549019607843137
E00009388,133,30,11,19,103,77,26,22.55639097744361,8.270676691729323,14.285714285714285,77.44360902255639,57.89473684210527,19.548872180451127
E00009389,84,27,13,14,57,41,16,32.142857142857146,15.476190476190476,16.666666666666664,67.85714285714286,48.80952380952381,19.047619047619047
E00009390,248,44,16,28,204,144,60,17.741935483870968,6.451612903225806,11.29032258064516,82.25806451612904,58.06451612903226,24.193548387096776
E00009391,250,31,15,16,219,161,58,12.4,6,6.4,87.6,64.4,23.200000000000003
E00009392,247,46,24,22,201,134,67,18.62348178137652,9.7165991902834,8.906882591093117,81.37651821862349,54.25101214574899,27.125506072874494
E00009393,190,23,9,14,167,115,52,12.105263157894736,4.736842105263158,7.368421052631578,87.89473684210526,60.526315789473685,27.368421052631582
E00009394,150,13,10,3,137,106,31,8.666666666666668,6.666666666666667,2,91.33333333333333,70.66666666666667,20.666666666666668
E00009395,208,36,13,23,172,121,51,17.307692307692307,6.25,11.057692307692307,82.6923076923077,58.17307692307693,24.519230769230766
E00009396,151,34,11,23,117,92,25,22.516556291390728,7.28476821192053,15.2317880794702,77.48344370860927,60.9271523178808,16.55629139072848
E00009397,211,29,12,17,182,125,57,13.744075829383887,5.687203791469194,8.056872037914692,86.25592417061611,59.241706161137444,27.014218009478675
E00009398,187,36,16,20,151,97,54,19.25133689839572,8.55614973262032,10.695187165775401,80.74866310160428,51.87165775401069,28.87700534759358
E00009399,155,23,10,13,132,83,49,14.838709677419354,6.451612903225806,8.38709677419355,85.16129032258064,53.5483870967742,31.61290322580645
E00009400,194,45,21,24,149,116,33,23.195876288659793,10.824742268041238,12.371134020618557,76.80412371134021,59.79381443298969,17.010309278350515
E00009402,149,25,14,11,124,91,33,16.778523489932887,9.395973154362416,7.38255033557047,83.22147651006712,61.07382550335571,22.14765100671141
E00009403,99,29,12,17,70,64,6,29.292929292929294,12.121212121212121,17.17171717171717,70.70707070707071,64.64646464646465,6.0606060606060606
E00009404,126,32,12,20,94,74,20,25.396825396825395,9.523809523809524,15.873015873015872,74.60317460317461,58.730158730158735,15.873015873015872
E00009405,149,58,24,34,91,80,11,38.92617449664429,16.10738255033557,22.818791946308725,61.07382550335571,53.691275167785236,7.38255033557047
E00009406,192,25,7,18,167,126,41,13.020833333333334,3.6458333333333335,9.375,86.97916666666666,65.625,21.354166666666664
E00009407,188,28,14,14,160,109,51,14.893617021276595,7.446808510638298,7.446808510638298,85.1063829787234,57.97872340425532,27.127659574468083
E00009408,158,29,13,16,129,87,42,18.354430379746837,8.227848101265822,10.126582278481013,81.64556962025317,55.06329113924051,26.582278481012654
E00009409,64,20,12,8,44,34,10,31.25,18.75,12.5,68.75,53.125,15.625
E00009410,82,30,10,20,52,43,9,36.58536585365854,12.195121951219512,24.390243902439025,63.41463414634146,52.4390243902439,10.975609756097562
E00009411,113,42,19,23,71,60,11,37.16814159292036,16.8141592920354,20.353982300884958,62.83185840707964,53.09734513274337,9.734513274336283
E00009412,151,21,5,16,130,93,37,13.90728476821192,3.3112582781456954,10.596026490066226,86.09271523178808,61.58940397350994,24.503311258278146
E00009413,188,42,21,21,146,104,42,22.340425531914892,11.170212765957446,11.170212765957446,77.6595744680851,55.319148936170215,22.340425531914892
E00009414,75,29,8,21,46,38,8,38.666666666666664,10.666666666666668,28.000000000000004,61.33333333333333,50.66666666666667,10.666666666666668
E00009415,198,44,19,25,154,117,37,22.22222222222222,9.595959595959595,12.626262626262626,77.77777777777779,59.09090909090909,18.68686868686869
E00009416,161,29,17,12,132,93,39,18.012422360248447,10.559006211180124,7.453416149068323,81.98757763975155,57.7639751552795,24.22360248447205
E00009417,139,35,8,27,104,96,8,25.179856115107913,5.755395683453238,19.424460431654676,74.82014388489209,69.06474820143885,5.755395683453238
E00009418,123,47,12,35,76,69,7,38.21138211382114,9.75609756097561,28.455284552845526,61.78861788617886,56.09756097560976,5.691056910569105
E00009419,271,43,24,19,228,161,67,15.867158671586715,8.856088560885608,7.011070110701106,84.13284132841329,59.40959409594095,24.723247232472325
E00009420,192,40,15,25,152,101,51,20.833333333333336,7.8125,13.020833333333334,79.16666666666666,52.604166666666664,26.5625
E00009421,180,29,14,15,151,96,55,16.11111111111111,7.777777777777778,8.333333333333332,83.88888888888889,53.333333333333336,30.555555555555557
E00009422,172,35,15,20,137,94,43,20.348837209302324,8.720930232558139,11.627906976744185,79.65116279069767,54.65116279069767,25
E00009423,165,50,24,26,115,100,15,30.303030303030305,14.545454545454545,15.757575757575756,69.6969696969697,60.60606060606061,9.090909090909092
E00009424,132,31,17,14,101,80,21,23.484848484848484,12.878787878787879,10.606060606060606,76.51515151515152,60.60606060606061,15.909090909090908
E00009425,163,47,27,20,116,102,14,28.834355828220858,16.56441717791411,12.269938650306749,71.16564417177914,62.57668711656442,8.588957055214724
E00009426,162,46,21,25,116,89,27,28.39506172839506,12.962962962962962,15.432098765432098,71.60493827160494,54.93827160493827,16.666666666666664
E00009427,178,51,22,29,127,106,21,28.651685393258425,12.359550561797752,16.292134831460675,71.34831460674157,59.55056179775281,11.797752808988763
E00009428,89,29,12,17,60,43,17,32.58426966292135,13.48314606741573,19.101123595505616,67.41573033707866,48.31460674157304,19.101123595505616
E00009429,166,33,18,15,133,101,32,19.879518072289155,10.843373493975903,9.036144578313253,80.12048192771084,60.8433734939759,19.27710843373494
E00009430,170,33,14,19,137,98,39,19.411764705882355,8.235294117647058,11.176470588235295,80.58823529411765,57.647058823529406,22.941176470588236
E00009431,172,25,8,17,147,106,41,14.534883720930234,4.651162790697675,9.883720930232558,85.46511627906976,61.627906976744185,23.837209302325583
E00009432,211,45,20,25,166,107,59,21.32701421800948,9.47867298578199,11.848341232227488,78.67298578199052,50.71090047393365,27.96208530805687
E00009433,179,48,23,25,131,110,21,26.81564245810056,12.849162011173185,13.966480446927374,73.18435754189943,61.452513966480446,11.731843575418994
E00009434,135,35,16,19,100,84,16,25.925925925925924,11.851851851851853,14.074074074074074,74.07407407407408,62.22222222222222,11.851851851851853
E00009435,153,28,10,18,125,89,36,18.30065359477124,6.535947712418301,11.76470588235294,81.69934640522875,58.16993464052288,23.52941176470588
E00009436,115,42,11,31,73,66,7,36.52173913043478,9.565217391304348,26.956521739130434,63.47826086956522,57.391304347826086,6.086956521739131
E00009437,169,37,18,19,132,98,34,21.893491124260358,10.650887573964498,11.242603550295858,78.10650887573965,57.98816568047337,20.118343195266274
E00009439,240,39,21,18,201,147,54,16.25,8.75,7.5,83.75,61.25000000000001,22.5
E00009440,322,34,8,26,288,280,8,10.559006211180124,2.484472049689441,8.074534161490684,89.44099378881988,86.95652173913044,2.484472049689441
E00009441,126,16,9,7,110,87,23,12.698412698412698,7.142857142857142,5.555555555555555,87.3015873015873,69.04761904761905,18.253968253968253
E00009442,97,26,13,13,71,64,7,26.804123711340207,13.402061855670103,13.402061855670103,73.19587628865979,65.97938144329896,7.216494845360824
E00009443,152,33,16,17,119,95,24,21.710526315789476,10.526315789473683,11.18421052631579,78.28947368421053,62.5,15.789473684210526
E00009444,170,34,18,16,136,123,13,20,10.588235294117647,9.411764705882353,80,72.35294117647058,7.647058823529412
E00009445,140,38,12,26,102,80,22,27.142857142857142,8.571428571428571,18.571428571428573,72.85714285714285,57.14285714285714,15.714285714285714
E00009446,113,44,14,30,69,61,8,38.93805309734513,12.389380530973451,26.548672566371685,61.06194690265486,53.98230088495575,7.079646017699115
E00009447,143,29,14,15,114,92,22,20.27972027972028,9.79020979020979,10.48951048951049,79.72027972027972,64.33566433566433,15.384615384615385
E00009448,141,38,12,26,103,78,25,26.95035460992908,8.51063829787234,18.439716312056735,73.04964539007092,55.319148936170215,17.73049645390071
E00009449,196,36,19,17,160,132,28,18.367346938775512,9.693877551020408,8.673469387755102,81.63265306122449,67.3469387755102,14.285714285714285
E00009450,197,32,22,10,165,110,55,16.243654822335024,11.16751269035533,5.0761421319796955,83.75634517766497,55.83756345177665,27.918781725888326
E00009451,192,45,14,31,147,106,41,23.4375,7.291666666666667,16.145833333333336,76.5625,55.208333333333336,21.354166666666664
E00009452,167,36,17,19,131,90,41,21.55688622754491,10.179640718562874,11.377245508982035,78.44311377245509,53.89221556886228,24.550898203592812
E00009453,219,42,22,20,177,135,42,19.17808219178082,10.045662100456621,9.1324200913242,80.82191780821918,61.64383561643836,19.17808219178082
E00009454,229,48,21,27,181,149,32,20.96069868995633,9.170305676855897,11.790393013100436,79.03930131004367,65.06550218340611,13.973799126637553
E00009455,166,30,13,17,136,97,39,18.072289156626507,7.83132530120482,10.240963855421686,81.92771084337349,58.43373493975904,23.49397590361446
E00009456,172,35,12,23,137,104,33,20.348837209302324,6.976744186046512,13.372093023255813,79.65116279069767,60.46511627906976,19.186046511627907
E00009457,186,36,23,13,150,115,35,19.35483870967742,12.365591397849462,6.989247311827956,80.64516129032258,61.82795698924731,18.817204301075268
E00009458,93,33,15,18,60,50,10,35.483870967741936,16.129032258064516,19.35483870967742,64.51612903225806,53.76344086021505,10.75268817204301
E00009459,137,30,9,21,107,92,15,21.897810218978105,6.569343065693431,15.328467153284672,78.1021897810219,67.15328467153284,10.948905109489052
E00009460,139,30,12,18,109,76,33,21.58273381294964,8.633093525179856,12.949640287769784,78.41726618705036,54.67625899280576,23.741007194244602
E00009462,161,52,23,29,109,85,24,32.298136645962735,14.285714285714285,18.012422360248447,67.70186335403726,52.79503105590062,14.906832298136646
E00009463,325,66,30,36,259,215,44,20.307692307692307,9.230769230769232,11.076923076923077,79.6923076923077,66.15384615384615,13.538461538461538
E00009464,133,32,10,22,101,83,18,24.06015037593985,7.518796992481203,16.541353383458645,75.93984962406014,62.40601503759399,13.533834586466165
E00009465,104,27,12,15,77,60,17,25.961538461538463,11.538461538461538,14.423076923076922,74.03846153846155,57.692307692307686,16.346153846153847
E00009466,122,48,18,30,74,70,4,39.34426229508197,14.754098360655737,24.59016393442623,60.65573770491803,57.377049180327866,3.278688524590164
E00009467,264,54,24,30,210,148,62,20.454545454545457,9.090909090909092,11.363636363636363,79.54545454545455,56.060606060606055,23.484848484848484
E00009468,224,45,22,23,179,128,51,20.089285714285715,9.821428571428571,10.267857142857142,79.91071428571429,57.14285714285714,22.767857142857142
E00009469,68,13,7,6,55,47,8,19.11764705882353,10.294117647058822,8.823529411764707,80.88235294117648,69.11764705882352,11.76470588235294
E00009470,153,35,23,12,118,87,31,22.875816993464053,15.032679738562091,7.8431372549019605,77.12418300653596,56.86274509803921,20.26143790849673
E00009471,163,32,5,27,131,91,40,19.631901840490798,3.067484662576687,16.56441717791411,80.3680981595092,55.828220858895705,24.539877300613497
E00009472,154,37,13,24,117,86,31,24.025974025974026,8.441558441558442,15.584415584415584,75.97402597402598,55.84415584415584,20.12987012987013
E00009473,110,36,16,20,74,62,12,32.72727272727273,14.545454545454545,18.181818181818183,67.27272727272727,56.36363636363636,10.909090909090908
E00009474,112,7,2,5,105,79,26,6.25,1.7857142857142856,4.464285714285714,93.75,70.53571428571429,23.214285714285715
E00009475,133,40,14,26,93,70,23,30.075187969924812,10.526315789473683,19.548872180451127,69.92481203007519,52.63157894736842,17.293233082706767
E00009476,136,20,12,8,116,81,35,14.705882352941178,8.823529411764707,5.88235294117647,85.29411764705883,59.55882352941176,25.735294117647058
E00009477,108,28,7,21,80,57,23,25.925925925925924,6.481481481481481,19.444444444444446,74.07407407407408,52.77777777777778,21.296296296296298
E00009478,93,30,16,14,63,40,23,32.25806451612903,17.20430107526882,15.053763440860216,67.74193548387096,43.01075268817204,24.731182795698924
E00009479,131,31,16,15,100,73,27,23.66412213740458,12.213740458015266,11.450381679389313,76.33587786259542,55.72519083969466,20.610687022900763
E00009480,182,42,25,17,140,100,40,23.076923076923077,13.736263736263737,9.340659340659341,76.92307692307693,54.94505494505495,21.978021978021978
E00009481,129,32,11,21,97,70,27,24.8062015503876,8.527131782945736,16.27906976744186,75.1937984496124,54.263565891472865,20.930232558139537
E00009482,146,38,21,17,108,78,30,26.027397260273972,14.383561643835616,11.643835616438356,73.97260273972603,53.42465753424658,20.54794520547945
E00009483,112,18,9,9,94,80,14,16.071428571428573,8.035714285714286,8.035714285714286,83.92857142857143,71.42857142857143,12.5
E00009484,128,32,17,15,96,70,26,25,13.28125,11.71875,75,54.6875,20.3125
E00009485,128,30,16,14,98,74,24,23.4375,12.5,10.9375,76.5625,57.8125,18.75
E00009486,267,37,17,20,230,176,54,13.857677902621724,6.367041198501873,7.490636704119851,86.14232209737828,65.91760299625467,20.224719101123593
E00009487,282,70,29,41,212,164,48,24.822695035460992,10.28368794326241,14.539007092198581,75.177304964539,58.156028368794324,17.02127659574468
E00009488,89,12,5,7,77,59,18,13.48314606741573,5.617977528089887,7.865168539325842,86.51685393258427,66.29213483146067,20.224719101123593
E00009490,140,26,8,18,114,93,21,18.571428571428573,5.714285714285714,12.857142857142856,81.42857142857143,66.42857142857143,15
E00009491,184,68,16,52,116,96,20,36.95652173913043,8.695652173913043,28.26086956521739,63.04347826086957,52.17391304347826,10.869565217391305
E00009492,81,20,7,13,61,54,7,24.691358024691358,8.641975308641975,16.049382716049383,75.30864197530865,66.66666666666666,8.641975308641975
E00009493,118,44,19,25,74,66,8,37.28813559322034,16.101694915254235,21.1864406779661,62.71186440677966,55.932203389830505,6.779661016949152
E00009494,116,32,8,24,84,70,14,27.586206896551722,6.896551724137931,20.689655172413794,72.41379310344827,60.3448275862069,12.068965517241379
E00009495,78,26,7,19,52,51,1,33.33333333333333,8.974358974358974,24.358974358974358,66.66666666666666,65.38461538461539,1.282051282051282
E00009496,114,47,19,28,67,59,8,41.228070175438596,16.666666666666664,24.561403508771928,58.77192982456141,51.75438596491229,7.017543859649122
E00009497,126,39,19,20,87,74,13,30.952380952380953,15.079365079365079,15.873015873015872,69.04761904761905,58.730158730158735,10.317460317460316
E00009498,62,28,9,19,34,27,7,45.16129032258064,14.516129032258066,30.64516129032258,54.83870967741935,43.54838709677419,11.29032258064516
E00009499,125,59,15,44,66,61,5,47.199999999999996,12,35.199999999999996,52.800000000000004,48.8,4
E00009500,147,21,11,10,126,107,19,14.285714285714285,7.482993197278912,6.802721088435375,85.71428571428571,72.78911564625851,12.925170068027212
E00009501,115,38,18,20,77,71,6,33.04347826086956,15.65217391304348,17.391304347826086,66.95652173913044,61.73913043478261,5.217391304347826
E00009502,202,40,15,25,162,108,54,19.801980198019802,7.425742574257425,12.376237623762377,80.19801980198021,53.46534653465347,26.732673267326735
E00009503,209,33,14,19,176,130,46,15.789473684210526,6.698564593301436,9.090909090909092,84.21052631578947,62.20095693779905,22.00956937799043
E00009504,210,21,10,11,189,125,64,10,4.761904761904762,5.238095238095238,90,59.523809523809526,30.476190476190478
E00009505,196,30,17,13,166,119,47,15.306122448979592,8.673469387755102,6.63265306122449,84.6938775510204,60.71428571428571,23.97959183673469
E00009506,178,42,21,21,136,101,35,23.595505617977526,11.797752808988763,11.797752808988763,76.40449438202246,56.74157303370787,19.662921348314608
E00009507,161,28,14,14,133,87,46,17.391304347826086,8.695652173913043,8.695652173913043,82.6086956521739,54.037267080745345,28.57142857142857
E00009508,162,32,12,20,130,101,29,19.753086419753085,7.4074074074074066,12.345679012345679,80.24691358024691,62.34567901234568,17.901234567901234
E00009509,188,36,17,19,152,89,63,19.148936170212767,9.042553191489363,10.106382978723403,80.85106382978722,47.340425531914896,33.51063829787234
E00009510,163,28,16,12,135,88,47,17.177914110429448,9.815950920245399,7.361963190184049,82.82208588957054,53.987730061349694,28.834355828220858
E00009511,139,26,15,11,113,63,50,18.705035971223023,10.79136690647482,7.913669064748201,81.29496402877699,45.32374100719424,35.97122302158273
E00009512,202,33,20,13,169,127,42,16.33663366336634,9.900990099009901,6.435643564356436,83.66336633663366,62.87128712871287,20.792079207920793
E00009513,116,23,11,12,93,54,39,19.82758620689655,9.482758620689655,10.344827586206897,80.17241379310344,46.55172413793103,33.62068965517241
E00009514,100,20,11,9,80,58,22,20,11,9,80,57.99999999999999,22
E00009515,184,39,13,26,145,108,37,21.195652173913043,7.065217391304348,14.130434782608695,78.80434782608695,58.69565217391305,20.108695652173914
E00009516,161,37,16,21,124,84,40,22.981366459627328,9.937888198757763,13.043478260869565,77.01863354037268,52.17391304347826,24.84472049689441
E00009518,225,57,29,28,168,129,39,25.333333333333336,12.88888888888889,12.444444444444445,74.66666666666667,57.333333333333336,17.333333333333336
E00009520,223,53,19,34,170,139,31,23.766816143497756,8.520179372197308,15.246636771300448,76.23318385650224,62.33183856502242,13.901345291479823
E00009521,262,41,18,23,221,144,77,15.648854961832063,6.870229007633588,8.778625954198473,84.35114503816794,54.961832061068705,29.389312977099237
E00009522,191,31,17,14,160,120,40,16.230366492146597,8.900523560209423,7.329842931937172,83.7696335078534,62.82722513089005,20.94240837696335
E00009523,163,29,10,19,134,105,29,17.791411042944784,6.134969325153374,11.65644171779141,82.20858895705521,64.41717791411043,17.791411042944784
E00009524,219,34,13,21,185,125,60,15.52511415525114,5.93607305936073,9.58904109589041,84.47488584474885,57.077625570776256,27.397260273972602
E00009525,152,16,2,14,136,99,37,10.526315789473683,1.3157894736842104,9.210526315789473,89.47368421052632,65.13157894736842,24.342105263157894
E00009526,215,28,15,13,187,123,64,13.023255813953488,6.976744186046512,6.046511627906977,86.9767441860465,57.20930232558139,29.767441860465116
E00009527,187,33,17,16,154,98,56,17.647058823529413,9.090909090909092,8.55614973262032,82.35294117647058,52.406417112299465,29.946524064171122
E00009528,157,39,7,32,118,83,35,24.840764331210192,4.45859872611465,20.382165605095544,75.15923566878982,52.86624203821656,22.29299363057325
E00009529,193,38,16,22,155,100,55,19.689119170984455,8.290155440414509,11.398963730569948,80.31088082901555,51.813471502590666,28.497409326424872
E00009530,171,21,11,10,150,88,62,12.280701754385964,6.432748538011696,5.847953216374268,87.71929824561403,51.461988304093566,36.25730994152047
E00009531,230,29,15,14,201,142,59,12.608695652173912,6.521739130434782,6.086956521739131,87.39130434782608,61.73913043478261,25.65217391304348
E00009532,105,18,3,15,87,62,25,17.142857142857142,2.857142857142857,14.285714285714285,82.85714285714286,59.04761904761905,23.809523809523807
E00009533,201,66,32,34,135,110,25,32.83582089552239,15.92039800995025,16.91542288557214,67.16417910447761,54.72636815920397,12.437810945273633
E00009534,142,38,18,20,104,67,37,26.76056338028169,12.676056338028168,14.084507042253522,73.23943661971832,47.183098591549296,26.056338028169012
E00009535,169,42,19,23,127,94,33,24.85207100591716,11.242603550295858,13.609467455621301,75.14792899408283,55.62130177514793,19.526627218934912
E00009536,180,36,13,23,144,104,40,20,7.222222222222221,12.777777777777777,80,57.77777777777777,22.22222222222222
E00009537,142,23,12,11,119,81,38,16.19718309859155,8.450704225352112,7.746478873239436,83.80281690140845,57.04225352112676,26.76056338028169
E00009538,121,37,16,21,84,69,15,30.57851239669421,13.223140495867769,17.355371900826448,69.42148760330579,57.02479338842975,12.396694214876034
E00009539,108,37,18,19,71,62,9,34.25925925925926,16.666666666666664,17.59259259259259,65.74074074074075,57.407407407407405,8.333333333333332
E00009540,108,18,7,11,90,55,35,16.666666666666664,6.481481481481481,10.185185185185185,83.33333333333334,50.92592592592593,32.407407407407405
E00009541,124,27,13,14,97,73,24,21.774193548387096,10.483870967741936,11.29032258064516,78.2258064516129,58.87096774193549,19.35483870967742
E00009542,128,38,18,20,90,67,23,29.6875,14.0625,15.625,70.3125,52.34375,17.96875
E00009543,105,16,6,10,89,60,29,15.238095238095239,5.714285714285714,9.523809523809524,84.76190476190476,57.14285714285714,27.61904761904762
E00009544,270,60,40,20,210,142,68,22.22222222222222,14.814814814814813,7.4074074074074066,77.77777777777779,52.59259259259259,25.185185185185183
E00009545,191,19,9,10,172,131,41,9.947643979057592,4.712041884816754,5.2356020942408374,90.0523560209424,68.58638743455498,21.465968586387437
E00009546,178,16,10,6,162,119,43,8.98876404494382,5.617977528089887,3.3707865168539324,91.01123595505618,66.85393258426966,24.15730337078652
E00009547,186,35,20,15,151,111,40,18.817204301075268,10.75268817204301,8.064516129032258,81.18279569892472,59.67741935483871,21.50537634408602
E00009548,133,36,14,22,97,81,16,27.06766917293233,10.526315789473683,16.541353383458645,72.93233082706767,60.902255639097746,12.030075187969924
E00009549,128,31,12,19,97,82,15,24.21875,9.375,14.84375,75.78125,64.0625,11.71875
E00009550,106,19,11,8,87,75,12,17.92452830188679,10.377358490566039,7.547169811320755,82.0754716981132,70.75471698113208,11.320754716981133
E00009551,85,13,9,4,72,57,15,15.294117647058824,10.588235294117647,4.705882352941177,84.70588235294117,67.05882352941175,17.647058823529413
E00009552,179,32,12,20,147,121,26,17.877094972067038,6.70391061452514,11.1731843575419,82.12290502793296,67.59776536312849,14.52513966480447
E00009553,131,34,12,22,97,81,16,25.954198473282442,9.16030534351145,16.793893129770993,74.04580152671755,61.832061068702295,12.213740458015266
E00009554,126,19,8,11,107,78,29,15.079365079365079,6.349206349206349,8.73015873015873,84.92063492063492,61.904761904761905,23.015873015873016
E00009555,157,32,17,15,125,89,36,20.382165605095544,10.828025477707007,9.554140127388536,79.61783439490446,56.68789808917197,22.929936305732486
E00009556,152,51,21,30,101,89,12,33.55263157894737,13.815789473684212,19.736842105263158,66.44736842105263,58.55263157894737,7.894736842105263
E00009557,108,30,19,11,78,68,10,27.77777777777778,17.59259259259259,10.185185185185185,72.22222222222221,62.96296296296296,9.25925925925926
E00009558,141,54,22,32,87,78,9,38.297872340425535,15.602836879432624,22.69503546099291,61.702127659574465,55.319148936170215,6.382978723404255
E00009559,114,17,8,9,97,77,20,14.912280701754385,7.017543859649122,7.894736842105263,85.08771929824562,67.54385964912281,17.543859649122805
E00009560,104,26,10,16,78,70,8,25,9.615384615384617,15.384615384615385,75,67.3076923076923,7.6923076923076925
E00009561,85,17,7,10,68,54,14,20,8.235294117647058,11.76470588235294,80,63.52941176470588,16.470588235294116
E00009562,188,35,14,21,153,123,30,18.617021276595743,7.446808510638298,11.170212765957446,81.38297872340425,65.42553191489363,15.957446808510639
E00009563,108,19,9,10,89,79,10,17.59259259259259,8.333333333333332,9.25925925925926,82.4074074074074,73.14814814814815,9.25925925925926
E00009564,109,35,17,18,74,65,9,32.11009174311927,15.59633027522936,16.51376146788991,67.88990825688074,59.63302752293578,8.256880733944955
E00009565,203,29,12,17,174,127,47,14.285714285714285,5.911330049261084,8.374384236453201,85.71428571428571,62.5615763546798,23.15270935960591
E00009566,129,41,18,23,88,72,16,31.782945736434108,13.953488372093023,17.829457364341085,68.21705426356588,55.81395348837209,12.4031007751938
E00009567,154,28,12,16,126,96,30,18.181818181818183,7.792207792207792,10.38961038961039,81.81818181818183,62.33766233766234,19.480519480519483
E00009568,130,32,15,17,98,67,31,24.615384615384617,11.538461538461538,13.076923076923078,75.38461538461539,51.53846153846153,23.846153846153847
E00009569,166,30,9,21,136,97,39,18.072289156626507,5.421686746987952,12.650602409638553,81.92771084337349,58.43373493975904,23.49397590361446
E00009570,162,52,29,23,110,92,18,32.098765432098766,17.901234567901234,14.19753086419753,67.90123456790124,56.79012345679012,11.11111111111111
E00009571,221,38,21,17,183,135,48,17.194570135746606,9.502262443438914,7.6923076923076925,82.80542986425338,61.085972850678736,21.71945701357466
E00009572,115,27,8,19,88,70,18,23.47826086956522,6.956521739130435,16.52173913043478,76.52173913043478,60.86956521739131,15.65217391304348
E00009573,125,35,12,23,90,84,6,28.000000000000004,9.6,18.4,72,67.2,4.8
E00009574,126,43,16,27,83,73,10,34.12698412698413,12.698412698412698,21.428571428571427,65.87301587301587,57.936507936507944,7.936507936507936
E00009575,118,23,13,10,95,66,29,19.491525423728813,11.016949152542372,8.47457627118644,80.50847457627118,55.932203389830505,24.576271186440678
E00009576,108,37,10,27,71,62,9,34.25925925925926,9.25925925925926,25,65.74074074074075,57.407407407407405,8.333333333333332
E00009577,129,25,13,12,104,81,23,19.379844961240313,10.077519379844961,9.30232558139535,80.62015503875969,62.7906976744186,17.829457364341085
E00009578,163,27,19,8,136,109,27,16.56441717791411,11.65644171779141,4.9079754601226995,83.43558282208589,66.87116564417178,16.56441717791411
E00009579,164,20,6,14,144,99,45,12.195121951219512,3.6585365853658534,8.536585365853659,87.8048780487805,60.36585365853659,27.439024390243905
E00009580,143,24,8,16,119,88,31,16.783216783216783,5.594405594405594,11.188811188811188,83.21678321678321,61.53846153846154,21.678321678321677
E00009581,43,13,4,9,30,22,8,30.23255813953488,9.30232558139535,20.930232558139537,69.76744186046511,51.162790697674424,18.6046511627907
E00009582,102,19,8,11,83,56,27,18.627450980392158,7.8431372549019605,10.784313725490197,81.37254901960785,54.90196078431373,26.47058823529412
E00009583,105,16,7,9,89,74,15,15.238095238095239,6.666666666666667,8.571428571428571,84.76190476190476,70.47619047619048,14.285714285714285
E00009584,51,12,4,8,39,25,14,23.52941176470588,7.8431372549019605,15.686274509803921,76.47058823529412,49.01960784313725,27.450980392156865
E00009585,166,35,15,20,131,97,34,21.084337349397593,9.036144578313253,12.048192771084338,78.91566265060241,58.43373493975904,20.481927710843372
E00009586,157,38,16,22,119,78,41,24.203821656050955,10.191082802547772,14.012738853503185,75.79617834394905,49.681528662420384,26.11464968152866
E00009587,122,23,9,14,99,71,28,18.852459016393443,7.377049180327869,11.475409836065573,81.14754098360656,58.19672131147541,22.950819672131146
E00009588,96,18,8,10,78,63,15,18.75,8.333333333333332,10.416666666666668,81.25,65.625,15.625
E00009589,166,33,19,14,133,90,43,19.879518072289155,11.44578313253012,8.433734939759036,80.12048192771084,54.21686746987952,25.903614457831324
E00009590,196,49,20,29,147,102,45,25,10.204081632653061,14.795918367346939,75,52.04081632653062,22.95918367346939
E00009591,114,17,8,9,97,73,24,14.912280701754385,7.017543859649122,7.894736842105263,85.08771929824562,64.03508771929825,21.052631578947366
E00009592,76,24,10,14,52,41,11,31.57894736842105,13.157894736842104,18.421052631578945,68.42105263157895,53.94736842105263,14.473684210526317
E00009593,88,28,10,18,60,46,14,31.818181818181817,11.363636363636363,20.454545454545457,68.18181818181817,52.27272727272727,15.909090909090908
E00009594,183,27,16,11,156,103,53,14.754098360655737,8.743169398907105,6.0109289617486334,85.24590163934425,56.284153005464475,28.96174863387978
E00009595,186,24,5,19,162,113,49,12.903225806451612,2.6881720430107525,10.21505376344086,87.09677419354838,60.752688172043015,26.344086021505376
E00009596,145,28,14,14,117,81,36,19.310344827586206,9.655172413793103,9.655172413793103,80.6896551724138,55.86206896551724,24.82758620689655
E00009597,185,42,21,21,143,97,46,22.702702702702705,11.351351351351353,11.351351351351353,77.29729729729729,52.43243243243243,24.864864864864867
E00009598,136,47,20,27,89,74,15,34.55882352941176,14.705882352941178,19.852941176470587,65.44117647058823,54.41176470588235,11.029411764705882
E00009599,138,35,15,20,103,73,30,25.36231884057971,10.869565217391305,14.492753623188406,74.63768115942028,52.89855072463768,21.73913043478261
E00009600,110,15,6,9,95,59,36,13.636363636363635,5.454545454545454,8.181818181818182,86.36363636363636,53.63636363636364,32.72727272727273
E00009601,175,41,18,23,134,69,65,23.42857142857143,10.285714285714285,13.142857142857142,76.57142857142857,39.42857142857143,37.142857142857146
E00009602,154,30,13,17,124,83,41,19.480519480519483,8.441558441558442,11.03896103896104,80.51948051948052,53.896103896103895,26.623376623376622
E00009603,127,21,9,12,106,63,43,16.535433070866144,7.086614173228346,9.448818897637794,83.46456692913385,49.60629921259843,33.85826771653544
E00009604,168,48,22,26,120,68,52,28.57142857142857,13.095238095238097,15.476190476190476,71.42857142857143,40.476190476190474,30.952380952380953
E00009605,173,41,21,20,132,104,28,23.699421965317917,12.138728323699421,11.560693641618498,76.30057803468208,60.115606936416185,16.184971098265898
E00009606,129,31,11,20,98,53,45,24.031007751937985,8.527131782945736,15.503875968992247,75.96899224806202,41.08527131782946,34.883720930232556
E00009607,130,33,14,19,97,57,40,25.384615384615383,10.76923076923077,14.615384615384617,74.61538461538461,43.84615384615385,30.76923076923077
E00009608,193,47,17,30,146,83,63,24.352331606217618,8.808290155440414,15.544041450777202,75.64766839378238,43.005181347150256,32.64248704663213
E00009609,142,32,20,12,110,61,49,22.535211267605636,14.084507042253522,8.450704225352112,77.46478873239437,42.95774647887324,34.50704225352113
E00009610,146,31,9,22,115,77,38,21.232876712328768,6.164383561643835,15.068493150684931,78.76712328767124,52.73972602739726,26.027397260273972
E00009611,113,27,15,12,86,47,39,23.893805309734514,13.274336283185843,10.619469026548673,76.10619469026548,41.5929203539823,34.51327433628318
E00009612,187,27,12,15,160,94,66,14.43850267379679,6.417112299465241,8.0213903743315509,85.56149732620321,50.26737967914438,35.294117647058826
E00009613,146,24,17,7,122,65,57,16.43835616438356,11.643835616438356,4.794520547945205,83.56164383561644,44.52054794520548,39.04109589041096
E00009614,52,16,5,11,36,31,5,30.76923076923077,9.615384615384617,21.153846153846153,69.23076923076923,59.61538461538461,9.615384615384617
E00009615,169,41,15,26,128,96,32,24.2603550295858,8.875739644970414,15.384615384615385,75.7396449704142,56.80473372781065,18.93491124260355
E00009616,167,30,5,25,137,95,42,17.964071856287426,2.9940119760479043,14.97005988023952,82.03592814371258,56.886227544910184,25.149700598802394
E00009617,129,25,12,13,104,63,41,19.379844961240313,9.30232558139535,10.077519379844961,80.62015503875969,48.837209302325576,31.782945736434108
E00009618,100,30,12,18,70,55,15,30,12,18,70,55.00000000000001,15
E00009619,103,36,15,21,67,59,8,34.95145631067961,14.563106796116504,20.388349514563107,65.0485436893204,57.28155339805825,7.766990291262135
E00009620,141,29,12,17,112,81,31,20.56737588652482,8.51063829787234,12.056737588652481,79.43262411347519,57.446808510638306,21.98581560283688
E00009621,139,32,16,16,107,54,53,23.021582733812952,11.510791366906476,11.510791366906476,76.97841726618705,38.84892086330935,38.1294964028777
E00009622,165,17,8,9,148,95,53,10.303030303030303,4.848484848484849,5.454545454545454,89.6969696969697,57.57575757575758,32.121212121212125
E00009623,157,28,14,14,129,93,36,17.8343949044586,8.9171974522293,8.9171974522293,82.16560509554141,59.23566878980891,22.929936305732486
E00009624,171,50,17,33,121,74,47,29.239766081871345,9.941520467836257,19.298245614035086,70.76023391812866,43.27485380116959,27.485380116959064
E00009625,208,33,16,17,175,108,67,15.865384615384615,7.6923076923076925,8.173076923076923,84.13461538461539,51.92307692307693,32.21153846153847
E00009626,142,33,17,16,109,59,50,23.239436619718308,11.971830985915492,11.267605633802818,76.76056338028168,41.54929577464789,35.2112676056338
E00009627,173,46,17,29,127,97,30,26.589595375722542,9.826589595375722,16.76300578034682,73.41040462427746,56.06936416184971,17.341040462427745
E00009628,166,29,15,14,137,77,60,17.46987951807229,9.036144578313253,8.433734939759036,82.53012048192771,46.3855421686747,36.144578313253014
E00009629,194,34,16,18,160,105,55,17.525773195876287,8.24742268041237,9.278350515463918,82.4742268041237,54.123711340206185,28.350515463917525
E00009630,220,41,20,21,179,110,69,18.636363636363637,9.090909090909092,9.545454545454547,81.36363636363636,50,31.363636363636367
E00009631,108,23,15,8,85,73,12,21.296296296296298,13.88888888888889,7.4074074074074066,78.70370370370371,67.5925925925926,11.11111111111111
E00009632,160,35,16,19,125,65,60,21.875,10,11.875,78.125,40.625,37.5
E00009633,192,33,10,23,159,98,61,17.1875,5.208333333333334,11.979166666666668,82.8125,51.041666666666664,31.770833333333332
E00009634,128,31,9,22,97,58,39,24.21875,7.03125,17.1875,75.78125,45.3125,30.46875
E00009635,176,31,19,12,145,98,47,17.613636363636363,10.795454545454545,6.8181818181818175,82.38636363636364,55.68181818181818,26.704545454545453
E00009636,149,15,7,8,134,72,62,10.06711409395973,4.697986577181208,5.369127516778524,89.93288590604027,48.322147651006716,41.61073825503356
E00009637,192,37,18,19,155,108,47,19.270833333333336,9.375,9.895833333333332,80.72916666666666,56.25,24.479166666666664
E00009638,172,44,26,18,128,65,63,25.581395348837212,15.11627906976744,10.465116279069768,74.4186046511628,37.7906976744186,36.627906976744185
E00009639,126,23,11,12,103,48,55,18.253968253968253,8.73015873015873,9.523809523809524,81.74603174603175,38.095238095238095,43.65079365079365
E00009640,151,33,14,19,118,62,56,21.85430463576159,9.271523178807946,12.582781456953644,78.1456953642384,41.05960264900662,37.086092715231786
E00009641,196,33,19,14,163,108,55,16.83673469387755,9.693877551020408,7.142857142857142,83.16326530612244,55.10204081632652,28.061224489795915
E00009642,154,24,13,11,130,86,44,15.584415584415584,8.441558441558442,7.142857142857142,84.4155844155844,55.84415584415584,28.57142857142857
E00009643,195,36,16,20,159,89,70,18.461538461538463,8.205128205128204,10.256410256410255,81.53846153846153,45.64102564102564,35.8974358974359
E00009644,217,48,21,27,169,124,45,22.119815668202765,9.67741935483871,12.442396313364055,77.88018433179722,57.14285714285714,20.737327188940093
E00009645,173,56,22,34,117,85,32,32.369942196531795,12.716763005780345,19.653179190751445,67.63005780346822,49.13294797687861,18.497109826589593
E00009646,143,30,13,17,113,91,22,20.97902097902098,9.090909090909092,11.888111888111888,79.02097902097903,63.63636363636363,15.384615384615385
E00009647,117,36,15,21,81,54,27,30.76923076923077,12.82051282051282,17.94871794871795,69.23076923076923,46.15384615384615,23.076923076923077
E00009648,171,58,31,27,113,71,42,33.91812865497076,18.128654970760234,15.789473684210526,66.08187134502924,41.52046783625731,24.561403508771928
E00009649,158,37,21,16,121,85,36,23.417721518987342,13.291139240506327,10.126582278481013,76.58227848101265,53.79746835443038,22.78481012658228
E00009651,115,25,10,15,90,68,22,21.73913043478261,8.695652173913043,13.043478260869565,78.26086956521739,59.130434782608695,19.130434782608695
E00009652,125,29,13,16,96,70,26,23.200000000000003,10.4,12.8,76.8,56.00000000000001,20.8
E00009653,164,51,14,37,113,88,25,31.097560975609756,8.536585365853659,22.5609756097561,68.90243902439023,53.65853658536586,15.24390243902439
E00009654,127,42,20,22,85,70,15,33.07086614173229,15.748031496062993,17.322834645669293,66.92913385826772,55.118110236220474,11.811023622047244
E00009655,133,32,13,19,101,63,38,24.06015037593985,9.774436090225564,14.285714285714285,75.93984962406014,47.368421052631575,28.57142857142857
E00009656,160,32,13,19,128,94,34,20,8.125,11.875,80,58.75,21.25
E00009657,110,31,10,21,79,50,29,28.18181818181818,9.090909090909092,19.090909090909093,71.81818181818181,45.45454545454545,26.36363636363636
E00009659,92,29,9,20,63,49,14,31.521739130434785,9.782608695652174,21.73913043478261,68.47826086956522,53.2608695652174,15.217391304347828
E00009660,134,36,21,15,98,78,20,26.865671641791046,15.671641791044777,11.194029850746269,73.13432835820896,58.2089552238806,14.925373134328357
E00009661,112,32,9,23,80,70,10,28.57142857142857,8.035714285714286,20.535714285714285,71.42857142857143,62.5,8.928571428571429
E00009662,266,37,13,24,229,190,39,13.909774436090224,4.887218045112782,9.022556390977442,86.09022556390977,71.42857142857143,14.661654135338345
E00009663,168,35,15,20,133,96,37,20.833333333333336,8.928571428571429,11.904761904761903,79.16666666666666,57.14285714285714,22.023809523809522
E00009664,38,11,6,5,27,15,12,28.947368421052634,15.789473684210526,13.157894736842104,71.05263157894737,39.473684210526315,31.57894736842105
E00009665,72,15,8,7,57,46,11,20.833333333333336,11.11111111111111,9.722222222222223,79.16666666666666,63.888888888888886,15.277777777777779
E00009666,123,22,11,11,101,75,26,17.88617886178862,8.94308943089431,8.94308943089431,82.11382113821138,60.97560975609756,21.138211382113823
E00009667,156,32,19,13,124,97,27,20.51282051282051,12.179487179487179,8.333333333333332,79.48717948717949,62.17948717948718,17.307692307692307
E00009668,165,46,20,26,119,95,24,27.878787878787882,12.121212121212121,15.757575757575756,72.12121212121212,57.57575757575758,14.545454545454545
E00009669,175,39,23,16,136,103,33,22.285714285714285,13.142857142857142,9.142857142857142,77.71428571428571,58.857142857142854,18.857142857142858
E00009670,113,29,15,14,84,61,23,25.663716814159294,13.274336283185843,12.389380530973451,74.33628318584071,53.98230088495575,20.353982300884958
E00009671,162,38,20,18,124,81,43,23.456790123456788,12.345679012345679,11.11111111111111,76.5432098765432,50,26.543209876543212
E00009672,110,29,8,21,81,56,25,26.36363636363636,7.2727272727272725,19.090909090909093,73.63636363636363,50.90909090909091,22.727272727272727
E00009673,99,21,11,10,78,66,12,21.21212121212121,11.11111111111111,10.1010101010101,78.78787878787878,66.66666666666666,12.121212121212121
E00009674,111,29,11,18,82,59,23,26.126126126126124,9.90990990990991,16.216216216216218,73.87387387387388,53.153153153153156,20.72072072072072
E00009675,113,27,11,16,86,62,24,23.893805309734514,9.734513274336283,14.15929203539823,76.10619469026548,54.86725663716814,21.238938053097346
E00009676,146,37,18,19,109,67,42,25.34246575342466,12.32876712328767,13.013698630136986,74.65753424657534,45.89041095890411,28.767123287671232
E00009677,106,37,17,20,69,45,24,34.90566037735849,16.037735849056602,18.867924528301888,65.09433962264151,42.45283018867924,22.641509433962266
E00009678,125,33,14,19,92,51,41,26.400000000000002,11.200000000000001,15.2,73.6,40.8,32.800000000000004
E00009679,206,41,15,26,165,115,50,19.902912621359224,7.281553398058252,12.62135922330097,80.09708737864078,55.8252427184466,24.271844660194176
E00009680,146,38,20,18,108,74,34,26.027397260273972,13.698630136986301,12.32876712328767,73.97260273972603,50.68493150684932,23.28767123287671
E00009681,57,10,5,5,47,35,12,17.543859649122805,8.771929824561402,8.771929824561402,82.45614035087719,61.40350877192983,21.052631578947366
E00009683,163,24,12,12,139,86,53,14.723926380368098,7.361963190184049,7.361963190184049,85.2760736196319,52.760736196319016,32.515337423312886
E00009684,148,19,10,9,129,94,35,12.837837837837837,6.756756756756757,6.081081081081082,87.16216216216216,63.51351351351351,23.64864864864865
E00009685,161,35,11,24,126,96,30,21.73913043478261,6.832298136645963,14.906832298136646,78.26086956521739,59.62732919254658,18.633540372670808
E00009686,103,31,15,16,72,44,28,30.097087378640776,14.563106796116504,15.53398058252427,69.90291262135922,42.71844660194174,27.184466019417474
E00009687,160,26,7,19,134,105,29,16.25,4.375,11.875,83.75,65.625,18.125
E00009688,148,22,5,17,126,61,65,14.864864864864865,3.3783783783783785,11.486486486486488,85.13513513513513,41.21621621621622,43.91891891891892
E00009689,155,34,19,15,121,74,47,21.935483870967744,12.258064516129032,9.67741935483871,78.06451612903226,47.74193548387097,30.32258064516129
E00009690,169,68,33,35,101,90,11,40.23668639053255,19.526627218934912,20.710059171597635,59.76331360946746,53.25443786982249,6.508875739644971
E00009691,201,31,9,22,170,128,42,15.422885572139302,4.477611940298507,10.945273631840797,84.5771144278607,63.681592039801,20.8955223880597
E00009692,170,57,24,33,113,98,15,33.52941176470588,14.117647058823529,19.411764705882355,66.47058823529412,57.647058823529406,8.823529411764707
E00009693,146,48,14,34,98,78,20,32.87671232876712,9.58904109589041,23.28767123287671,67.12328767123287,53.42465753424658,13.698630136986301
E00009694,219,64,21,43,155,129,26,29.22374429223744,9.58904109589041,19.63470319634703,70.77625570776256,58.9041095890411,11.87214611872146
E00009695,164,33,17,16,131,89,42,20.121951219512198,10.365853658536585,9.75609756097561,79.8780487804878,54.268292682926834,25.609756097560975
E00009696,265,56,25,31,209,137,72,21.132075471698116,9.433962264150944,11.69811320754717,78.8679245283019,51.698113207547166,27.169811320754718
E00009697,115,26,11,15,89,72,17,22.608695652173914,9.565217391304348,13.043478260869565,77.39130434782608,62.60869565217392,14.782608695652174
E00009698,174,25,12,13,149,90,59,14.367816091954023,6.896551724137931,7.471264367816093,85.63218390804597,51.724137931034484,33.90804597701149
E00009699,98,21,12,9,77,53,24,21.428571428571427,12.244897959183673,9.183673469387756,78.57142857142857,54.08163265306123,24.489795918367346
E00009700,245,52,27,25,193,149,44,21.224489795918366,11.020408163265307,10.204081632653061,78.77551020408163,60.816326530612244,17.959183673469386
E00009701,152,67,19,48,85,73,12,44.07894736842105,12.5,31.57894736842105,55.92105263157895,48.026315789473685,7.894736842105263
E00009702,174,26,11,15,148,111,37,14.942528735632186,6.321839080459771,8.620689655172415,85.0574712643678,63.793103448275865,21.26436781609195
E00009703,114,27,13,14,87,70,17,23.684210526315788,11.403508771929824,12.280701754385964,76.31578947368422,61.40350877192983,14.912280701754385
E00009705,173,17,5,12,156,102,54,9.826589595375722,2.8901734104046244,6.9364161849710975,90.17341040462428,58.95953757225434,31.213872832369944
E00009706,154,25,10,15,129,91,38,16.233766233766232,6.493506493506493,9.740259740259742,83.76623376623377,59.09090909090909,24.675324675324674
E00009707,179,32,9,23,147,106,41,17.877094972067038,5.027932960893855,12.849162011173185,82.12290502793296,59.217877094972074,22.905027932960895
E00009708,143,15,7,8,128,91,37,10.48951048951049,4.895104895104895,5.594405594405594,89.5104895104895,63.63636363636363,25.874125874125873
E00009709,117,21,7,14,96,68,28,17.94871794871795,5.982905982905983,11.965811965811966,82.05128205128204,58.119658119658126,23.931623931623932
E00009710,179,29,17,12,150,112,38,16.201117318435752,9.497206703910614,6.70391061452514,83.79888268156425,62.56983240223464,21.22905027932961
E00009711,144,28,12,16,116,72,44,19.444444444444446,8.333333333333332,11.11111111111111,80.55555555555556,50,30.555555555555557
E00009712,136,23,13,10,113,60,53,16.911764705882355,9.558823529411764,7.352941176470589,83.08823529411765,44.11764705882353,38.970588235294116
E00009713,106,22,11,11,84,55,29,20.754716981132077,10.377358490566039,10.377358490566039,79.24528301886792,51.886792452830186,27.358490566037734
E00009714,225,44,14,30,181,125,56,19.555555555555557,6.222222222222222,13.333333333333334,80.44444444444444,55.55555555555556,24.88888888888889
E00009716,103,22,12,10,81,62,19,21.35922330097087,11.650485436893204,9.70873786407767,78.64077669902912,60.19417475728155,18.446601941747574
E00009717,158,61,19,42,97,84,13,38.607594936708864,12.025316455696203,26.582278481012654,61.39240506329114,53.16455696202531,8.227848101265822
E00009718,250,39,15,24,211,177,34,15.6,6,9.6,84.39999999999999,70.8,13.600000000000001
E00009720,184,47,20,27,137,112,25,25.543478260869566,10.869565217391305,14.673913043478262,74.45652173913044,60.86956521739131,13.586956521739129
E00009721,191,39,15,24,152,123,29,20.418848167539267,7.853403141361256,12.56544502617801,79.58115183246073,64.3979057591623,15.18324607329843
E00009722,256,43,14,29,213,176,37,16.796875,5.46875,11.328125,83.203125,68.75,14.453125
E00009723,198,65,26,39,133,112,21,32.82828282828283,13.131313131313133,19.696969696969695,67.17171717171718,56.56565656565656,10.606060606060606
E00009724,168,37,15,22,131,103,28,22.023809523809522,8.928571428571429,13.095238095238097,77.97619047619048,61.30952380952381,16.666666666666664
E00009725,174,30,14,16,144,115,29,17.24137931034483,8.045977011494253,9.195402298850574,82.75862068965517,66.0919540229885,16.666666666666664
E00009726,136,46,12,34,90,79,11,33.82352941176471,8.823529411764707,25,66.17647058823529,58.08823529411765,8.088235294117647
E00009727,153,38,15,23,115,84,31,24.836601307189543,9.803921568627452,15.032679738562091,75.16339869281046,54.90196078431373,20.26143790849673
E00009728,155,44,17,27,111,98,13,28.387096774193548,10.967741935483872,17.419354838709676,71.61290322580646,63.2258064516129,8.38709677419355
E00009732,196,56,16,40,140,106,34,28.57142857142857,8.16326530612245,20.408163265306122,71.42857142857143,54.08163265306123,17.346938775510203
E00009733,178,44,21,23,134,100,34,24.719101123595504,11.797752808988763,12.921348314606742,75.28089887640449,56.17977528089888,19.101123595505616
E00009734,149,45,26,19,104,85,19,30.201342281879196,17.449664429530202,12.751677852348994,69.79865771812081,57.04697986577181,12.751677852348994
E00009735,128,16,12,4,112,83,29,12.5,9.375,3.125,87.5,64.84375,22.65625
E00009736,125,26,12,14,99,78,21,20.8,9.6,11.200000000000001,79.2,62.4,16.8
E00009737,149,31,13,18,118,88,30,20.80536912751678,8.724832214765101,12.080536912751679,79.19463087248322,59.06040268456376,20.13422818791946
E00009738,105,44,15,29,61,56,5,41.904761904761905,14.285714285714285,27.61904761904762,58.0952380952381,53.333333333333336,4.761904761904762
E00009739,66,33,13,20,33,28,5,50,19.696969696969695,30.303030303030305,50,42.42424242424242,7.575757575757576
E00009740,84,29,14,15,55,46,9,34.523809523809526,16.666666666666664,17.857142857142858,65.47619047619048,54.761904761904766,10.714285714285714
E00009741,191,43,20,23,148,109,39,22.5130890052356,10.471204188481675,12.041884816753926,77.4869109947644,57.06806282722513,20.418848167539267
E00009742,150,23,10,13,127,95,32,15.333333333333332,6.666666666666667,8.666666666666668,84.66666666666667,63.33333333333333,21.333333333333336
E00009743,150,39,15,24,111,77,34,26,10,16,74,51.33333333333333,22.666666666666664
E00009744,150,33,18,15,117,88,29,22,12,10,78,58.666666666666664,19.333333333333332
E00009745,113,28,12,16,85,67,18,24.778761061946902,10.619469026548673,14.15929203539823,75.22123893805309,59.29203539823009,15.929203539823009
E00009746,130,55,19,36,75,68,7,42.30769230769231,14.615384615384617,27.692307692307693,57.692307692307686,52.307692307692314,5.384615384615385
E00009747,161,23,10,13,138,107,31,14.285714285714285,6.211180124223603,8.074534161490684,85.71428571428571,66.45962732919256,19.25465838509317
E00009748,190,39,15,24,151,133,18,20.526315789473685,7.894736842105263,12.631578947368421,79.47368421052632,70,9.473684210526317
E00009749,108,31,9,22,77,63,14,28.703703703703702,8.333333333333332,20.37037037037037,71.29629629629629,58.333333333333336,12.962962962962962
E00009750,158,40,16,24,118,98,20,25.31645569620253,10.126582278481013,15.18987341772152,74.68354430379746,62.0253164556962,12.658227848101266
E00009751,102,26,7,19,76,56,20,25.49019607843137,6.862745098039216,18.627450980392158,74.50980392156863,54.90196078431373,19.607843137254903
E00009752,180,31,10,21,149,123,26,17.22222222222222,5.555555555555555,11.666666666666666,82.77777777777777,68.33333333333333,14.444444444444443
E00009753,187,34,14,20,153,112,41,18.181818181818183,7.4866310160427805,10.695187165775401,81.81818181818183,59.893048128342244,21.92513368983957
E00009754,156,29,11,18,127,103,24,18.58974358974359,7.051282051282051,11.538461538461538,81.41025641025641,66.02564102564102,15.384615384615385
E00009755,172,33,11,22,139,120,19,19.186046511627907,6.395348837209303,12.790697674418606,80.81395348837209,69.76744186046511,11.046511627906977
E00009756,224,41,17,24,183,140,43,18.303571428571427,7.5892857142857135,10.714285714285714,81.69642857142857,62.5,19.196428571428573
E00009757,134,33,14,19,101,81,20,24.62686567164179,10.44776119402985,14.17910447761194,75.3731343283582,60.447761194029844,14.925373134328357
E00009758,172,23,14,9,149,108,41,13.372093023255813,8.13953488372093,5.232558139534884,86.62790697674419,62.7906976744186,23.837209302325583
E00009759,226,28,11,17,198,152,46,12.389380530973451,4.867256637168142,7.52212389380531,87.61061946902655,67.2566371681416,20.353982300884958
E00009760,143,32,17,15,111,74,37,22.377622377622377,11.888111888111888,10.48951048951049,77.62237762237763,51.74825174825175,25.874125874125873
E00009761,225,45,27,18,180,144,36,20,12,8,80,64,16
E00009762,161,35,17,18,126,93,33,21.73913043478261,10.559006211180124,11.180124223602485,78.26086956521739,57.7639751552795,20.496894409937887
E00009763,269,46,24,22,223,164,59,17.100371747211895,8.921933085501859,8.178438661710038,82.8996282527881,60.966542750929364,21.933085501858738
E00009764,139,21,12,9,118,90,28,15.107913669064748,8.633093525179856,6.474820143884892,84.89208633093526,64.74820143884892,20.14388489208633
E00009765,105,27,9,18,78,75,3,25.71428571428571,8.571428571428571,17.142857142857142,74.28571428571429,71.42857142857143,2.857142857142857
E00009766,166,32,18,14,134,89,45,19.27710843373494,10.843373493975903,8.433734939759036,80.72289156626506,53.6144578313253,27.10843373493976
E00009767,158,23,8,15,135,82,53,14.556962025316455,5.063291139240507,9.49367088607595,85.44303797468355,51.89873417721519,33.54430379746836
E00009768,146,40,20,20,106,92,14,27.397260273972602,13.698630136986301,13.698630136986301,72.6027397260274,63.013698630136986,9.58904109589041
E00009769,166,31,18,13,135,88,47,18.67469879518072,10.843373493975903,7.83132530120482,81.32530120481928,53.01204819277109,28.313253012048197
E00009770,139,22,10,12,117,81,36,15.827338129496402,7.1942446043165464,8.633093525179856,84.17266187050359,58.27338129496403,25.899280575539567
E00009771,86,26,10,16,60,49,11,30.23255813953488,11.627906976744185,18.6046511627907,69.76744186046511,56.97674418604651,12.790697674418606
E00009772,117,32,14,18,85,73,12,27.350427350427353,11.965811965811966,15.384615384615385,72.64957264957265,62.39316239316239,10.256410256410255
E00009773,110,26,12,14,84,77,7,23.636363636363637,10.909090909090908,12.727272727272727,76.36363636363637,70,6.363636363636363
E00009774,194,34,16,18,160,94,66,17.525773195876287,8.24742268041237,9.278350515463918,82.4742268041237,48.45360824742268,34.02061855670103
E00009775,156,23,8,15,133,75,58,14.743589743589745,5.128205128205128,9.615384615384617,85.25641025641025,48.07692307692308,37.17948717948718
E00009776,138,57,22,35,81,76,5,41.30434782608695,15.942028985507244,25.36231884057971,58.69565217391305,55.072463768115945,3.6231884057971016
E00009777,170,29,17,12,141,72,69,17.058823529411764,10,7.0588235294117645,82.94117647058825,42.35294117647059,40.588235294117645
E00009778,174,29,14,15,145,90,55,16.666666666666664,8.045977011494253,8.620689655172415,83.33333333333334,51.724137931034484,31.60919540229885
E00009779,225,44,20,24,181,116,65,19.555555555555557,8.88888888888889,10.666666666666668,80.44444444444444,51.55555555555556,28.888888888888886
E00009780,164,29,8,21,135,85,50,17.682926829268293,4.878048780487805,12.804878048780488,82.3170731707317,51.829268292682926,30.48780487804878
E00009781,136,24,11,13,112,66,46,17.647058823529413,8.088235294117647,9.558823529411764,82.35294117647058,48.529411764705884,33.82352941176471
E00009782,176,38,15,23,138,82,56,21.59090909090909,8.522727272727272,13.068181818181818,78.4090909090909,46.590909090909086,31.818181818181817
E00009783,202,37,18,19,165,113,52,18.316831683168317,8.91089108910891,9.405940594059405,81.68316831683168,55.940594059405946,25.742574257425744
E00009784,130,14,6,8,116,69,47,10.76923076923077,4.615384615384616,6.153846153846154,89.23076923076924,53.07692307692308,36.15384615384615
E00009786,148,20,9,11,128,81,47,13.513513513513514,6.081081081081082,7.4324324324324325,86.48648648648648,54.729729729729726,31.756756756756754
E00009787,144,31,14,17,113,88,25,21.52777777777778,9.722222222222223,11.805555555555555,78.47222222222221,61.111111111111114,17.36111111111111
E00009788,242,57,16,41,185,146,39,23.553719008264462,6.6115702479338845,16.94214876033058,76.44628099173553,60.33057851239669,16.115702479338843
E00009789,183,27,12,15,156,76,80,14.754098360655737,6.557377049180328,8.19672131147541,85.24590163934425,41.53005464480874,43.71584699453552
E00009790,204,39,17,22,165,119,46,19.11764705882353,8.333333333333332,10.784313725490197,80.88235294117648,58.333333333333336,22.54901960784314
E00009791,118,42,21,21,76,59,17,35.59322033898305,17.796610169491526,17.796610169491526,64.40677966101694,50,14.40677966101695
E00009792,218,38,13,25,180,141,39,17.431192660550458,5.963302752293578,11.46788990825688,82.56880733944955,64.6788990825688,17.889908256880734
E00009793,183,36,14,22,147,100,47,19.672131147540984,7.650273224043716,12.021857923497267,80.32786885245902,54.644808743169406,25.683060109289617
E00009794,123,57,20,37,66,58,8,46.34146341463415,16.260162601626014,30.081300813008134,53.65853658536586,47.15447154471545,6.504065040650407
E00009795,93,38,14,24,55,46,9,40.86021505376344,15.053763440860216,25.806451612903224,59.13978494623656,49.46236559139785,9.67741935483871
E00009796,177,59,25,34,118,105,13,33.33333333333333,14.124293785310735,19.2090395480226,66.66666666666666,59.32203389830508,7.344632768361582
E00009797,147,70,29,41,77,72,5,47.61904761904761,19.727891156462583,27.89115646258503,52.38095238095239,48.97959183673469,3.4013605442176873
E00009798,147,47,17,30,100,87,13,31.97278911564626,11.564625850340136,20.408163265306122,68.02721088435374,59.183673469387756,8.843537414965986
E00009799,175,67,21,46,108,96,12,38.285714285714285,12,26.285714285714285,61.71428571428571,54.85714285714286,6.857142857142858
E00009800,148,59,19,40,89,85,4,39.86486486486486,12.837837837837837,27.027027027027028,60.13513513513513,57.432432432432435,2.7027027027027026
E00009801,125,43,14,29,82,66,16,34.4,11.200000000000001,23.200000000000003,65.60000000000001,52.800000000000004,12.8
E00009802,168,59,27,32,109,97,12,35.11904761904761,16.071428571428573,19.047619047619047,64.88095238095238,57.738095238095234,7.142857142857142
E00009803,199,45,14,31,154,125,29,22.613065326633166,7.035175879396985,15.577889447236181,77.38693467336684,62.8140703517588,14.572864321608039
E00009805,136,59,22,37,77,70,7,43.38235294117647,16.176470588235293,27.205882352941174,56.61764705882353,51.470588235294116,5.147058823529411
E00009806,155,51,23,28,104,88,16,32.903225806451616,14.838709677419354,18.064516129032256,67.0967741935484,56.774193548387096,10.32258064516129
E00009807,138,53,22,31,85,74,11,38.405797101449274,15.942028985507244,22.463768115942027,61.59420289855072,53.62318840579711,7.971014492753622
E00009808,105,41,18,23,64,62,2,39.04761904761905,17.142857142857142,21.904761904761905,60.952380952380956,59.04761904761905,1.9047619047619049
E00009809,137,37,14,23,100,89,11,27.00729927007299,10.218978102189782,16.78832116788321,72.99270072992701,64.96350364963503,8.02919708029197
E00009810,170,48,20,28,122,105,17,28.235294117647058,11.76470588235294,16.470588235294116,71.76470588235294,61.76470588235294,10
E00009811,161,66,20,46,95,84,11,40.993788819875775,12.422360248447205,28.57142857142857,59.006211180124225,52.17391304347826,6.832298136645963
E00009812,129,57,20,37,72,57,15,44.18604651162791,15.503875968992247,28.68217054263566,55.81395348837209,44.18604651162791,11.627906976744185
E00009813,195,40,16,24,155,109,46,20.51282051282051,8.205128205128204,12.307692307692308,79.48717948717949,55.8974358974359,23.589743589743588
E00009814,191,54,27,27,137,93,44,28.272251308900525,14.136125654450263,14.136125654450263,71.72774869109948,48.69109947643979,23.036649214659686
E00009815,125,45,15,30,80,70,10,36,12,24,64,56.00000000000001,8
E00009816,143,33,15,18,110,85,25,23.076923076923077,10.48951048951049,12.587412587412588,76.92307692307693,59.44055944055944,17.482517482517483
E00009817,279,41,15,26,238,194,44,14.695340501792115,5.376344086021505,9.31899641577061,85.30465949820788,69.53405017921148,15.770609318996415
E00009818,203,29,9,20,174,134,40,14.285714285714285,4.433497536945813,9.852216748768473,85.71428571428571,66.00985221674877,19.704433497536947
E00009820,161,29,7,22,132,101,31,18.012422360248447,4.3478260869565215,13.664596273291925,81.98757763975155,62.732919254658384,19.25465838509317
E00009821,216,61,20,41,155,113,42,28.240740740740737,9.25925925925926,18.98148148148148,71.75925925925925,52.31481481481482,19.444444444444446
E00009822,163,48,21,27,115,96,19,29.447852760736197,12.883435582822086,16.56441717791411,70.5521472392638,58.895705521472394,11.65644171779141
E00009823,205,54,20,34,151,114,37,26.34146341463415,9.75609756097561,16.585365853658537,73.65853658536585,55.60975609756098,18.048780487804876
E00009824,211,66,27,39,145,129,16,31.27962085308057,12.796208530805686,18.48341232227488,68.72037914691943,61.137440758293835,7.5829383886255926
E00009825,115,25,8,17,90,77,13,21.73913043478261,6.956521739130435,14.782608695652174,78.26086956521739,66.95652173913044,11.304347826086957
E00009826,117,44,16,28,73,65,8,37.60683760683761,13.675213675213676,23.931623931623932,62.39316239316239,55.55555555555556,6.837606837606838
E00009827,166,68,28,40,98,78,20,40.963855421686745,16.867469879518072,24.096385542168676,59.036144578313255,46.98795180722892,12.048192771084338
E00009828,141,58,19,39,83,76,7,41.13475177304964,13.47517730496454,27.659574468085108,58.86524822695035,53.90070921985816,4.964539007092199
E00009829,111,37,12,25,74,68,6,33.33333333333333,10.81081081081081,22.52252252252252,66.66666666666666,61.261261261261254,5.405405405405405
E00009830,149,49,12,37,100,94,6,32.88590604026846,8.053691275167784,24.832214765100673,67.11409395973155,63.08724832214765,4.026845637583892
E00009831,137,61,13,48,76,66,10,44.52554744525548,9.48905109489051,35.03649635036496,55.47445255474452,48.175182481751825,7.2992700729927
E00167267,152,32,18,14,120,91,29,21.052631578947366,11.842105263157894,9.210526315789473,78.94736842105263,59.86842105263158,19.078947368421055
E00167268,203,41,16,25,162,133,29,20.19704433497537,7.8817733990147785,12.31527093596059,79.80295566502463,65.51724137931035,14.285714285714285
E00167269,126,46,13,33,80,75,5,36.507936507936506,10.317460317460316,26.190476190476193,63.49206349206349,59.523809523809526,3.968253968253968
E00167270,57,19,7,12,38,34,4,33.33333333333333,12.280701754385964,21.052631578947366,66.66666666666666,59.64912280701754,7.017543859649122
E00167271,169,26,11,15,143,98,45,15.384615384615385,6.508875739644971,8.875739644970414,84.61538461538461,57.98816568047337,26.627218934911244
E00167272,83,51,18,33,32,27,5,61.44578313253012,21.686746987951807,39.75903614457831,38.55421686746988,32.53012048192771,6.024096385542169
E00167273,110,28,16,12,82,59,23,25.454545454545453,14.545454545454545,10.909090909090908,74.54545454545455,53.63636363636364,20.909090909090907
E00167274,108,20,8,12,88,61,27,18.51851851851852,7.4074074074074066,11.11111111111111,81.48148148148148,56.481481481481474,25
E00167276,238,45,18,27,193,134,59,18.907563025210084,7.563025210084033,11.344537815126051,81.09243697478992,56.30252100840336,24.789915966386555
E00167277,116,29,10,19,87,60,27,25,8.620689655172415,16.379310344827587,75,51.724137931034484,23.275862068965516
E00167278,98,16,4,12,82,58,24,16.3265306122449,4.081632653061225,12.244897959183673,83.6734693877551,59.183673469387756,24.489795918367346
E00167279,100,24,9,15,76,52,24,24,9,15,76,52,24
E00167280,98,16,5,11,82,58,24,16.3265306122449,5.1020408163265305,11.224489795918368,83.6734693877551,59.183673469387756,24.489795918367346
E00167281,208,50,11,39,158,126,32,24.03846153846154,5.288461538461538,18.75,75.96153846153845,60.57692307692307,15.384615384615385
E00167282,133,40,19,21,93,79,14,30.075187969924812,14.285714285714285,15.789473684210526,69.92481203007519,59.3984962406015,10.526315789473683
E00167283,157,68,28,40,89,74,15,43.31210191082803,17.8343949044586,25.477707006369428,56.68789808917197,47.13375796178344,9.554140127388536
E00167284,115,33,14,19,82,67,15,28.695652173913043,12.173913043478262,16.52173913043478,71.30434782608695,58.26086956521739,13.043478260869565
E00167285,266,72,29,43,194,169,25,27.06766917293233,10.902255639097744,16.165413533834585,72.93233082706767,63.53383458646616,9.398496240601503
E00167286,190,56,32,24,134,114,20,29.47368421052631,16.842105263157894,12.631578947368421,70.52631578947368,60,10.526315789473683
E00167287,120,25,13,12,95,74,21,20.833333333333336,10.833333333333334,10,79.16666666666666,61.66666666666667,17.5
E00167288,181,44,14,30,137,115,22,24.30939226519337,7.734806629834254,16.574585635359114,75.69060773480662,63.53591160220995,12.154696132596685
E00167289,113,30,13,17,83,64,19,26.548672566371685,11.504424778761061,15.04424778761062,73.45132743362832,56.63716814159292,16.8141592920354
E00167290,119,32,14,18,87,64,23,26.89075630252101,11.76470588235294,15.126050420168067,73.10924369747899,53.78151260504202,19.327731092436977
E00167291,143,18,6,12,125,109,16,12.587412587412588,4.195804195804196,8.391608391608392,87.41258741258741,76.22377622377621,11.188811188811188
E00167292,135,6,3,3,129,117,12,4.444444444444445,2.2222222222222223,2.2222222222222223,95.55555555555556,86.66666666666667,8.88888888888889
E00167294,57,15,5,10,42,35,7,26.31578947368421,8.771929824561402,17.543859649122805,73.68421052631578,61.40350877192983,12.280701754385964
E00167295,116,37,13,24,79,71,8,31.896551724137932,11.206896551724139,20.689655172413794,68.10344827586206,61.206896551724135,6.896551724137931
E00167296,66,13,5,8,53,44,9,19.696969696969695,7.575757575757576,12.121212121212121,80.3030303030303,66.66666666666666,13.636363636363635
E00167297,69,26,9,17,43,38,5,37.68115942028986,13.043478260869565,24.637681159420293,62.31884057971014,55.072463768115945,7.246376811594203
E00183094,144,24,12,12,120,91,29,16.666666666666664,8.333333333333332,8.333333333333332,83.33333333333334,63.19444444444444,20.13888888888889
E00183098,266,81,30,51,185,142,43,30.451127819548873,11.278195488721805,19.172932330827066,69.54887218045113,53.383458646616546,16.165413533834585
E00183101,149,35,21,14,114,82,32,23.48993288590604,14.093959731543624,9.395973154362416,76.51006711409396,55.033557046979865,21.476510067114095
E00183109,156,52,31,21,104,86,18,33.33333333333333,19.871794871794872,13.461538461538462,66.66666666666666,55.12820512820513,11.538461538461538
E00183113,172,34,16,18,138,113,25,19.767441860465116,9.30232558139535,10.465116279069768,80.23255813953489,65.69767441860465,14.534883720930234
E00183115,130,42,18,24,88,71,17,32.30769230769231,13.846153846153847,18.461538461538463,67.6923076923077,54.61538461538461,13.076923076923078
E00183116,144,25,9,16,119,77,42,17.36111111111111,6.25,11.11111111111111,82.63888888888889,53.47222222222222,29.166666666666668
E00183118,82,30,7,23,52,41,11,36.58536585365854,8.536585365853659,28.04878048780488,63.41463414634146,50,13.414634146341465
E00183125,77,18,7,11,59,48,11,23.376623376623375,9.090909090909092,14.285714285714285,76.62337662337663,62.33766233766234,14.285714285714285
E00183126,166,27,12,15,139,118,21,16.265060240963855,7.228915662650602,9.036144578313253,83.73493975903614,71.08433734939759,12.650602409638553
E00183134,125,26,14,12,99,68,31,20.8,11.200000000000001,9.6,79.2,54.400000000000006,24.8
E00183135,87,15,6,9,72,58,14,17.24137931034483,6.896551724137931,10.344827586206897,82.75862068965517,66.66666666666666,16.091954022988507
E00183139,130,23,12,11,107,68,39,17.692307692307693,9.230769230769232,8.461538461538462,82.3076923076923,52.307692307692314,30
E00183140,105,20,8,12,85,47,38,19.047619047619047,7.6190476190476195,11.428571428571429,80.95238095238095,44.761904761904766,36.19047619047619
E00183142,139,30,13,17,109,76,33,21.58273381294964,9.352517985611511,12.23021582733813,78.41726618705036,54.67625899280576,23.741007194244602
E00183143,225,25,11,14,200,142,58,11.11111111111111,4.888888888888889,6.222222222222222,88.88888888888889,63.11111111111111,25.77777777777778
E00183144,171,37,15,22,134,96,38,21.637426900584796,8.771929824561402,12.865497076023392,78.3625730994152,56.14035087719298,22.22222222222222
E00183148,198,39,18,21,159,115,44,19.696969696969695,9.090909090909092,10.606060606060606,80.3030303030303,58.080808080808076,22.22222222222222
E00183151,251,33,13,20,218,156,62,13.147410358565736,5.179282868525896,7.968127490039841,86.85258964143426,62.15139442231076,24.701195219123505
E00183152,129,27,9,18,102,72,30,20.930232558139537,6.976744186046512,13.953488372093023,79.06976744186046,55.81395348837209,23.25581395348837
E00183157,190,60,24,36,130,117,13,31.57894736842105,12.631578947368421,18.947368421052634,68.42105263157895,61.578947368421055,6.842105263157896
E00183158,99,34,12,22,65,54,11,34.34343434343434,12.121212121212121,22.22222222222222,65.65656565656566,54.54545454545454,11.11111111111111
E00183160,77,21,8,13,56,45,11,27.27272727272727,10.38961038961039,16.883116883116884,72.72727272727273,58.44155844155844,14.285714285714285
E00183165,142,45,15,30,97,84,13,31.690140845070424,10.56338028169014,21.12676056338028,68.30985915492957,59.154929577464785,9.15492957746479
E00183168,110,45,20,25,65,49,16,40.909090909090914,18.181818181818183,22.727272727272727,59.09090909090909,44.54545454545455,14.545454545454545
E00183172,116,14,6,8,102,66,36,12.068965517241379,5.172413793103448,6.896551724137931,87.93103448275862,56.896551724137936,31.03448275862069
E00183180,102,27,5,22,75,44,31,26.47058823529412,4.901960784313726,21.568627450980394,73.52941176470588,43.13725490196079,30.392156862745097
E00183182,143,15,9,6,128,99,29,10.48951048951049,6.293706293706294,4.195804195804196,89.5104895104895,69.23076923076923,20.27972027972028
E00183184,87,41,29,12,46,37,9,47.12643678160919,33.33333333333333,13.793103448275861,52.87356321839081,42.5287356321839,10.344827586206897
E00183185,86,19,8,11,67,50,17,22.093023255813954,9.30232558139535,12.790697674418606,77.90697674418605,58.139534883720934,19.767441860465116
E00183187,165,40,16,24,125,99,26,24.242424242424242,9.696969696969697,14.545454545454545,75.75757575757575,60,15.757575757575756
E00183198,173,38,13,25,135,118,17,21.965317919075144,7.514450867052023,14.450867052023122,78.03468208092485,68.20809248554913,9.826589595375722
E00183207,154,43,16,27,111,95,16,27.92207792207792,10.38961038961039,17.532467532467532,72.07792207792207,61.68831168831169,10.38961038961039
E00183211,138,40,8,32,98,70,28,28.985507246376812,5.797101449275362,23.18840579710145,71.01449275362319,50.72463768115942,20.28985507246377
E00183215,292,57,28,29,235,148,87,19.52054794520548,9.58904109589041,9.931506849315069,80.47945205479452,50.68493150684932,29.794520547945208
E00183216,251,35,15,20,216,174,42,13.94422310756972,5.9760956175298805,7.968127490039841,86.05577689243027,69.32270916334662,16.733067729083665
E00183220,159,21,10,11,138,91,47,13.20754716981132,6.289308176100629,6.918238993710692,86.79245283018868,57.23270440251572,29.559748427672954
E00183221,198,39,18,21,159,118,41,19.696969696969695,9.090909090909092,10.606060606060606,80.3030303030303,59.59595959595959,20.707070707070706
E00190143,174,11,3,8,163,128,35,6.321839080459771,1.7241379310344827,4.597701149425287,93.67816091954023,73.5632183908046,20.114942528735632
