OA,ts0590001,ts0590002,ts0590003,ts0590004,ts0590005,ts0590006,ts0590007,ts0590002_PCT,ts0590003_PCT,ts0590004_PCT,ts0590005_PCT,ts0590006_PCT,ts0590007_PCT
E00126791,89,33,13,20,56,48,8,37.07865168539326,14.606741573033707,22.47191011235955,62.92134831460674,53.93258426966292,8.98876404494382
E00126792,85,30,13,17,55,49,6,35.294117647058826,15.294117647058824,20,64.70588235294117,57.647058823529406,7.0588235294117645
E00126793,92,23,9,14,69,56,13,25,9.782608695652174,15.217391304347828,75,60.86956521739131,14.130434782608695
E00126794,114,49,21,28,65,51,14,42.98245614035088,18.421052631578945,24.561403508771928,57.01754385964912,44.73684210526316,12.280701754385964
E00126795,51,20,10,10,31,30,1,39.21568627450981,19.607843137254903,19.607843137254903,60.78431372549019,58.82352941176471,1.9607843137254901
E00126796,189,57,17,40,132,111,21,30.158730158730158,8.994708994708994,21.164021164021165,69.84126984126983,58.730158730158735,11.11111111111111
E00126797,88,24,10,14,64,54,10,27.27272727272727,11.363636363636363,15.909090909090908,72.72727272727273,61.36363636363637,11.363636363636363
E00126798,40,10,4,6,30,27,3,25,10,15,75,67.5,7.5
E00126799,157,36,11,25,121,97,24,22.929936305732486,7.006369426751593,15.92356687898089,77.07006369426752,61.78343949044586,15.286624203821656
E00126800,163,54,19,35,109,95,14,33.12883435582822,11.65644171779141,21.472392638036812,66.87116564417178,58.282208588957054,8.588957055214724
E00126801,115,48,14,34,67,56,11,41.73913043478261,12.173913043478262,29.565217391304348,58.26086956521739,48.69565217391305,9.565217391304348
E00126802,135,45,19,26,90,76,14,33.33333333333333,14.074074074074074,19.25925925925926,66.66666666666666,56.2962962962963,10.37037037037037
E00126803,95,25,12,13,70,62,8,26.31578947368421,12.631578947368421,13.684210526315791,73.68421052631578,65.26315789473685,8.421052631578947
E00126804,122,52,11,41,70,60,10,42.62295081967213,9.01639344262295,33.60655737704918,57.377049180327866,49.18032786885246,8.19672131147541
E00126805,129,40,17,23,89,76,13,31.007751937984494,13.178294573643413,17.829457364341085,68.9922480620155,58.91472868217055,10.077519379844961
E00126806,126,36,11,25,90,81,9,28.57142857142857,8.73015873015873,19.841269841269842,71.42857142857143,64.28571428571429,7.142857142857142
E00126807,110,34,17,17,76,68,8,30.909090909090907,15.454545454545453,15.454545454545453,69.0909090909091,61.81818181818181,7.2727272727272725
E00126808,109,38,17,21,71,57,14,34.862385321100916,15.59633027522936,19.26605504587156,65.13761467889908,52.293577981651374,12.844036697247708
E00126809,136,45,19,26,91,75,16,33.088235294117645,13.970588235294118,19.11764705882353,66.91176470588235,55.14705882352941,11.76470588235294
E00126810,132,46,18,28,86,73,13,34.84848484848485,13.636363636363635,21.21212121212121,65.15151515151516,55.3030303030303,9.848484848484848
E00126811,136,44,18,26,92,75,17,32.35294117647059,13.23529411764706,19.11764705882353,67.64705882352942,55.14705882352941,12.5
E00126812,156,55,17,38,101,83,18,35.256410256410255,10.897435897435898,24.358974358974358,64.74358974358975,53.205128205128204,11.538461538461538
E00126813,101,34,9,25,67,62,5,33.663366336633665,8.91089108910891,24.752475247524753,66.33663366336634,61.386138613861384,4.9504950495049505
E00126814,32,14,5,9,18,15,3,43.75,15.625,28.125,56.25,46.875,9.375
E00126815,116,48,19,29,68,59,9,41.37931034482759,16.379310344827587,25,58.620689655172406,50.86206896551724,7.758620689655173
E00126816,128,37,19,18,91,76,15,28.90625,14.84375,14.0625,71.09375,59.375,11.71875
E00126817,60,15,7,8,45,30,15,25,11.666666666666666,13.333333333333334,75,50,25
E00126818,79,21,9,12,58,54,4,26.582278481012654,11.39240506329114,15.18987341772152,73.41772151898735,68.35443037974683,5.063291139240507
E00126819,80,22,14,8,58,50,8,27.500000000000004,17.5,10,72.5,62.5,10
E00126820,64,22,13,9,42,32,10,34.375,20.3125,14.0625,65.625,50,15.625
E00126821,109,29,13,16,80,70,10,26.605504587155966,11.926605504587156,14.678899082568808,73.39449541284404,64.22018348623854,9.174311926605505
E00126822,103,24,12,12,79,70,9,23.300970873786408,11.650485436893204,11.650485436893204,76.69902912621359,67.96116504854369,8.737864077669903
E00126823,127,45,15,30,82,74,8,35.43307086614173,11.811023622047244,23.62204724409449,64.56692913385827,58.26771653543307,6.299212598425196
E00126824,132,33,13,20,99,85,14,25,9.848484848484848,15.151515151515152,75,64.39393939393939,10.606060606060606
E00126825,101,42,12,30,59,52,7,41.584158415841586,11.881188118811881,29.7029702970297,58.415841584158414,51.48514851485149,6.9306930693069315
E00126826,53,17,9,8,36,29,7,32.075471698113205,16.9811320754717,15.09433962264151,67.9245283018868,54.71698113207547,13.20754716981132
E00126827,144,39,17,22,105,84,21,27.083333333333332,11.805555555555555,15.277777777777779,72.91666666666666,58.333333333333336,14.583333333333334
E00126828,93,37,12,25,56,49,7,39.784946236559136,12.903225806451612,26.881720430107524,60.215053763440864,52.68817204301075,7.526881720430108
E00126829,112,41,15,26,71,63,8,36.607142857142854,13.392857142857142,23.214285714285715,63.39285714285714,56.25,7.142857142857142
E00126830,89,26,12,14,63,57,6,29.213483146067414,13.48314606741573,15.730337078651685,70.78651685393258,64.04494382022472,6.741573033707865
E00126831,93,30,12,18,63,55,8,32.25806451612903,12.903225806451612,19.35483870967742,67.74193548387096,59.13978494623656,8.60215053763441
E00126832,101,28,12,16,73,58,15,27.722772277227726,11.881188118811881,15.841584158415841,72.27722772277228,57.42574257425742,14.85148514851485
E00126833,117,43,10,33,74,68,6,36.75213675213676,8.547008547008547,28.205128205128204,63.24786324786324,58.119658119658126,5.128205128205128
E00126834,113,34,11,23,79,73,6,30.08849557522124,9.734513274336283,20.353982300884958,69.91150442477876,64.60176991150442,5.3097345132743365
E00126835,108,44,19,25,64,53,11,40.74074074074074,17.59259259259259,23.14814814814815,59.25925925925925,49.074074074074076,10.185185185185185
E00126836,40,8,5,3,32,26,6,20,12.5,7.5,80,65,15
E00126837,135,43,15,28,92,74,18,31.851851851851855,11.11111111111111,20.74074074074074,68.14814814814815,54.81481481481482,13.333333333333334
E00126838,98,36,12,24,62,50,12,36.734693877551024,12.244897959183673,24.489795918367346,63.26530612244898,51.02040816326531,12.244897959183673
E00126839,156,59,24,35,97,88,9,37.82051282051282,15.384615384615385,22.435897435897438,62.17948717948718,56.41025641025641,5.769230769230769
E00126840,82,28,12,16,54,42,12,34.146341463414636,14.634146341463413,19.51219512195122,65.85365853658537,51.21951219512195,14.634146341463413
E00126841,84,29,10,19,55,48,7,34.523809523809526,11.904761904761903,22.61904761904762,65.47619047619048,57.14285714285714,8.333333333333332
E00126842,116,43,16,27,73,53,20,37.06896551724138,13.793103448275861,23.275862068965516,62.93103448275862,45.689655172413794,17.24137931034483
E00126843,153,49,25,24,104,77,27,32.02614379084967,16.33986928104575,15.686274509803921,67.97385620915033,50.326797385620914,17.647058823529413
E00126844,108,41,21,20,67,50,17,37.96296296296296,19.444444444444446,18.51851851851852,62.03703703703704,46.2962962962963,15.74074074074074
E00126845,132,43,17,26,89,70,19,32.57575757575758,12.878787878787879,19.696969696969695,67.42424242424242,53.03030303030303,14.393939393939394
E00126846,42,14,6,8,28,27,1,33.33333333333333,14.285714285714285,19.047619047619047,66.66666666666666,64.28571428571429,2.380952380952381
E00126847,81,27,18,9,54,39,15,33.33333333333333,22.22222222222222,11.11111111111111,66.66666666666666,48.148148148148145,18.51851851851852
E00126848,70,20,3,17,50,39,11,28.57142857142857,4.285714285714286,24.285714285714285,71.42857142857143,55.714285714285715,15.714285714285714
E00126849,51,16,4,12,35,28,7,31.372549019607842,7.8431372549019605,23.52941176470588,68.62745098039215,54.90196078431373,13.725490196078432
E00126850,32,7,4,3,25,20,5,21.875,12.5,9.375,78.125,62.5,15.625
E00126851,114,34,20,14,80,63,17,29.82456140350877,17.543859649122805,12.280701754385964,70.17543859649122,55.26315789473685,14.912280701754385
E00126852,92,32,13,19,60,49,11,34.78260869565217,14.130434782608695,20.652173913043477,65.21739130434783,53.2608695652174,11.956521739130435
E00126853,67,27,10,17,40,30,10,40.298507462686565,14.925373134328357,25.37313432835821,59.70149253731343,44.776119402985074,14.925373134328357
E00126854,58,14,6,8,44,32,12,24.137931034482758,10.344827586206897,13.793103448275861,75.86206896551724,55.172413793103445,20.689655172413794
E00126855,118,44,17,27,74,54,20,37.28813559322034,14.40677966101695,22.88135593220339,62.71186440677966,45.76271186440678,16.94915254237288
E00126856,149,61,28,33,88,57,31,40.939597315436245,18.79194630872483,22.14765100671141,59.06040268456376,38.25503355704698,20.80536912751678
E00126857,168,56,26,30,112,90,22,33.33333333333333,15.476190476190476,17.857142857142858,66.66666666666666,53.57142857142857,13.095238095238097
E00126858,189,57,11,46,132,107,25,30.158730158730158,5.82010582010582,24.33862433862434,69.84126984126983,56.613756613756614,13.227513227513226
E00126860,104,42,21,21,62,52,10,40.38461538461539,20.192307692307693,20.192307692307693,59.61538461538461,50,9.615384615384617
E00126861,81,19,10,9,62,48,14,23.456790123456788,12.345679012345679,11.11111111111111,76.5432098765432,59.25925925925925,17.28395061728395
E00126862,115,30,13,17,85,68,17,26.08695652173913,11.304347826086957,14.782608695652174,73.91304347826086,59.130434782608695,14.782608695652174
E00126863,100,33,18,15,67,60,7,33,18,15,67,60,7.000000000000001
E00126864,114,43,13,30,71,54,17,37.719298245614034,11.403508771929824,26.31578947368421,62.28070175438597,47.368421052631575,14.912280701754385
E00126865,70,25,11,14,45,40,5,35.714285714285715,15.714285714285714,20,64.28571428571429,57.14285714285714,7.142857142857142
E00126866,170,45,23,22,125,109,16,26.47058823529412,13.529411764705882,12.941176470588237,73.52941176470588,64.11764705882354,9.411764705882353
E00126867,110,33,13,20,77,58,19,30,11.818181818181818,18.181818181818183,70,52.72727272727272,17.272727272727273
E00126868,134,50,15,35,84,70,14,37.3134328358209,11.194029850746269,26.119402985074625,62.68656716417911,52.23880597014925,10.44776119402985
E00126869,100,37,15,22,63,51,12,37,15,22,63,51,12
E00126870,138,38,11,27,100,87,13,27.536231884057973,7.971014492753622,19.565217391304348,72.46376811594203,63.04347826086957,9.420289855072465
E00126871,101,36,10,26,65,57,8,35.64356435643564,9.900990099009901,25.742574257425744,64.35643564356435,56.43564356435643,7.920792079207921
E00126872,86,38,21,17,48,37,11,44.18604651162791,24.418604651162788,19.767441860465116,55.81395348837209,43.02325581395349,12.790697674418606
E00126873,111,30,13,17,81,69,12,27.027027027027028,11.711711711711711,15.315315315315313,72.97297297297297,62.16216216216216,10.81081081081081
E00126874,116,40,15,25,76,65,11,34.48275862068966,12.931034482758621,21.551724137931032,65.51724137931035,56.03448275862068,9.482758620689655
E00126875,198,66,26,40,132,109,23,33.33333333333333,13.131313131313133,20.2020202020202,66.66666666666666,55.05050505050505,11.616161616161616
E00126876,138,35,8,27,103,92,11,25.36231884057971,5.797101449275362,19.565217391304348,74.63768115942028,66.66666666666666,7.971014492753622
E00126877,111,36,16,20,75,67,8,32.432432432432435,14.414414414414415,18.01801801801802,67.56756756756756,60.36036036036037,7.207207207207207
E00126878,166,38,16,22,128,114,14,22.89156626506024,9.63855421686747,13.253012048192772,77.10843373493977,68.67469879518072,8.433734939759036
E00126879,107,37,12,25,70,64,6,34.57943925233645,11.214953271028037,23.364485981308412,65.42056074766354,59.813084112149525,5.607476635514018
E00126880,99,29,13,16,70,60,10,29.292929292929294,13.131313131313133,16.161616161616163,70.70707070707071,60.60606060606061,10.1010101010101
E00126881,136,38,13,25,98,79,19,27.941176470588236,9.558823529411764,18.38235294117647,72.05882352941177,58.08823529411765,13.970588235294118
E00126882,120,39,12,27,81,74,7,32.5,10,22.5,67.5,61.66666666666667,5.833333333333333
E00126883,152,54,23,31,98,88,10,35.526315789473685,15.131578947368421,20.394736842105264,64.47368421052632,57.89473684210527,6.578947368421052
E00126884,153,46,11,35,107,89,18,30.065359477124183,7.18954248366013,22.875816993464053,69.93464052287581,58.16993464052288,11.76470588235294
E00126885,152,46,29,17,106,99,7,30.263157894736842,19.078947368421055,11.18421052631579,69.73684210526315,65.13157894736842,4.605263157894736
E00126886,68,30,11,19,38,33,5,44.11764705882353,16.176470588235293,27.941176470588236,55.88235294117647,48.529411764705884,7.352941176470589
E00126887,94,30,9,21,64,57,7,31.914893617021278,9.574468085106384,22.340425531914892,68.08510638297872,60.63829787234043,7.446808510638298
E00126888,183,54,20,34,129,111,18,29.508196721311474,10.92896174863388,18.579234972677597,70.49180327868852,60.65573770491803,9.836065573770492
E00126889,185,60,18,42,125,107,18,32.432432432432435,9.72972972972973,22.702702702702705,67.56756756756756,57.83783783783784,9.72972972972973
E00126890,120,35,17,18,85,76,9,29.166666666666668,14.166666666666666,15,70.83333333333334,63.33333333333333,7.5
E00126891,172,45,10,35,127,111,16,26.16279069767442,5.813953488372093,20.348837209302324,73.83720930232558,64.53488372093024,9.30232558139535
E00126893,156,43,16,27,113,94,19,27.564102564102566,10.256410256410255,17.307692307692307,72.43589743589743,60.256410256410255,12.179487179487179
E00126895,75,30,12,18,45,42,3,40,16,24,60,56.00000000000001,4
E00126896,181,49,11,38,132,110,22,27.071823204419886,6.077348066298343,20.994475138121548,72.92817679558011,60.773480662983424,12.154696132596685
E00126897,117,33,18,15,84,75,9,28.205128205128204,15.384615384615385,12.82051282051282,71.7948717948718,64.1025641025641,7.6923076923076925
E00126898,124,49,9,40,75,66,9,39.516129032258064,7.258064516129033,32.25806451612903,60.483870967741936,53.2258064516129,7.258064516129033
E00126899,115,41,20,21,74,67,7,35.65217391304348,17.391304347826086,18.26086956521739,64.34782608695652,58.26086956521739,6.086956521739131
E00126900,128,43,12,31,85,72,13,33.59375,9.375,24.21875,66.40625,56.25,10.15625
E00126901,105,42,16,26,63,58,5,40,15.238095238095239,24.761904761904763,60,55.23809523809524,4.761904761904762
E00126902,266,75,26,49,191,154,37,28.195488721804512,9.774436090225564,18.421052631578945,71.80451127819549,57.89473684210527,13.909774436090224
E00126903,134,48,18,30,86,80,6,35.82089552238806,13.432835820895523,22.388059701492537,64.17910447761194,59.70149253731343,4.477611940298507
E00126904,95,31,7,24,64,55,9,32.631578947368425,7.368421052631578,25.263157894736842,67.36842105263158,57.89473684210527,9.473684210526317
E00126905,162,45,8,37,117,106,11,27.77777777777778,4.938271604938271,22.839506172839506,72.22222222222221,65.4320987654321,6.790123456790123
E00126906,106,28,11,17,78,67,11,26.41509433962264,10.377358490566039,16.037735849056602,73.58490566037736,63.20754716981132,10.377358490566039
E00126907,46,14,4,10,32,28,4,30.434782608695656,8.695652173913043,21.73913043478261,69.56521739130434,60.86956521739131,8.695652173913043
E00126908,124,48,14,34,76,64,12,38.70967741935484,11.29032258064516,27.419354838709676,61.29032258064516,51.61290322580645,9.67741935483871
E00126909,111,38,12,26,73,60,13,34.234234234234236,10.81081081081081,23.423423423423422,65.76576576576578,54.054054054054056,11.711711711711711
E00126910,200,58,11,47,142,116,26,28.999999999999996,5.5,23.5,71,57.99999999999999,13
E00126911,125,42,16,26,83,76,7,33.6,12.8,20.8,66.4,60.8,5.6000000000000005
E00126912,117,36,16,20,81,66,15,30.76923076923077,13.675213675213676,17.094017094017094,69.23076923076923,56.41025641025641,12.82051282051282
E00126913,107,32,11,21,75,64,11,29.906542056074763,10.2803738317757,19.626168224299064,70.09345794392523,59.813084112149525,10.2803738317757
E00126914,87,31,7,24,56,50,6,35.63218390804598,8.045977011494253,27.586206896551722,64.36781609195403,57.47126436781609,6.896551724137931
E00126915,80,26,9,17,54,41,13,32.5,11.25,21.25,67.5,51.24999999999999,16.25
E00126916,94,33,10,23,61,56,5,35.1063829787234,10.638297872340425,24.46808510638298,64.8936170212766,59.57446808510638,5.319148936170213
E00126917,138,52,23,29,86,73,13,37.68115942028986,16.666666666666664,21.014492753623188,62.31884057971014,52.89855072463768,9.420289855072465
E00126918,94,33,12,21,61,57,4,35.1063829787234,12.76595744680851,22.340425531914892,64.8936170212766,60.63829787234043,4.25531914893617
E00126919,97,50,17,33,47,42,5,51.546391752577314,17.525773195876287,34.02061855670103,48.45360824742268,43.29896907216495,5.154639175257731
E00126920,138,51,13,38,87,74,13,36.95652173913043,9.420289855072465,27.536231884057973,63.04347826086957,53.62318840579711,9.420289855072465
E00126921,131,55,16,39,76,67,9,41.98473282442748,12.213740458015266,29.770992366412212,58.01526717557252,51.14503816793893,6.870229007633588
E00126922,92,30,8,22,62,56,6,32.608695652173914,8.695652173913043,23.91304347826087,67.3913043478261,60.86956521739131,6.521739130434782
E00126923,77,26,12,14,51,48,3,33.76623376623377,15.584415584415584,18.181818181818183,66.23376623376623,62.33766233766234,3.896103896103896
E00126924,131,40,15,25,91,79,12,30.53435114503817,11.450381679389313,19.083969465648856,69.46564885496184,60.30534351145038,9.16030534351145
E00126925,55,16,8,8,39,34,5,29.09090909090909,14.545454545454545,14.545454545454545,70.9090909090909,61.81818181818181,9.090909090909092
E00126926,64,20,5,15,44,37,7,31.25,7.8125,23.4375,68.75,57.8125,10.9375
E00126927,90,29,10,19,61,52,9,32.22222222222222,11.11111111111111,21.11111111111111,67.77777777777779,57.77777777777777,10
E00126928,129,39,15,24,90,77,13,30.23255813953488,11.627906976744185,18.6046511627907,69.76744186046511,59.68992248062015,10.077519379844961
E00126930,140,46,20,26,94,76,18,32.857142857142854,14.285714285714285,18.571428571428573,67.14285714285714,54.285714285714285,12.857142857142856
E00126931,116,35,9,26,81,70,11,30.17241379310345,7.758620689655173,22.413793103448278,69.82758620689656,60.3448275862069,9.482758620689655
E00126932,137,42,13,29,95,80,15,30.656934306569344,9.48905109489051,21.16788321167883,69.34306569343066,58.3941605839416,10.948905109489052
E00126933,78,23,6,17,55,49,6,29.48717948717949,7.6923076923076925,21.794871794871796,70.51282051282051,62.82051282051282,7.6923076923076925
E00126934,131,32,14,18,99,83,16,24.427480916030532,10.687022900763358,13.740458015267176,75.57251908396947,63.358778625954194,12.213740458015266
E00126935,134,42,17,25,92,83,9,31.343283582089555,12.686567164179104,18.65671641791045,68.65671641791045,61.940298507462686,6.7164179104477615
E00126936,142,40,10,30,102,90,12,28.169014084507044,7.042253521126761,21.12676056338028,71.83098591549296,63.38028169014085,8.450704225352112
E00126937,132,45,14,31,87,75,12,34.090909090909086,10.606060606060606,23.484848484848484,65.9090909090909,56.81818181818182,9.090909090909092
E00126938,124,40,10,30,84,74,10,32.25806451612903,8.064516129032258,24.193548387096776,67.74193548387096,59.67741935483871,8.064516129032258
E00126939,130,37,8,29,93,84,9,28.46153846153846,6.153846153846154,22.30769230769231,71.53846153846153,64.61538461538461,6.923076923076923
E00126940,88,24,9,15,64,58,6,27.27272727272727,10.227272727272728,17.045454545454543,72.72727272727273,65.9090909090909,6.8181818181818175
E00126941,119,35,12,23,84,73,11,29.411764705882355,10.084033613445378,19.327731092436977,70.58823529411765,61.34453781512605,9.243697478991598
E00126943,159,45,18,27,114,93,21,28.30188679245283,11.320754716981133,16.9811320754717,71.69811320754717,58.490566037735846,13.20754716981132
E00126944,110,30,10,20,80,69,11,27.27272727272727,9.090909090909092,18.181818181818183,72.72727272727273,62.727272727272734,10
E00126945,161,50,19,31,111,102,9,31.05590062111801,11.801242236024844,19.25465838509317,68.94409937888199,63.35403726708074,5.590062111801243
E00126946,151,40,12,28,111,99,12,26.490066225165563,7.9470198675496695,18.543046357615893,73.50993377483444,65.56291390728477,7.9470198675496695
E00126947,129,34,9,25,95,87,8,26.356589147286826,6.976744186046512,19.379844961240313,73.64341085271317,67.44186046511628,6.2015503875969
E00126948,157,39,11,28,118,103,15,24.840764331210192,7.006369426751593,17.8343949044586,75.15923566878982,65.60509554140127,9.554140127388536
E00126949,144,40,14,26,104,88,16,27.77777777777778,9.722222222222223,18.055555555555554,72.22222222222221,61.111111111111114,11.11111111111111
E00126950,140,47,21,26,93,83,10,33.57142857142857,15,18.571428571428573,66.42857142857143,59.285714285714285,7.142857142857142
E00126951,320,83,23,60,237,202,35,25.937500000000004,7.187499999999999,18.75,74.0625,63.125,10.9375
E00126953,273,64,25,39,209,178,31,23.44322344322344,9.157509157509157,14.285714285714285,76.55677655677655,65.2014652014652,11.355311355311356
E00126954,143,40,12,28,103,86,17,27.972027972027973,8.391608391608392,19.58041958041958,72.02797202797203,60.13986013986013,11.888111888111888
E00126955,116,28,9,19,88,82,6,24.137931034482758,7.758620689655173,16.379310344827587,75.86206896551724,70.6896551724138,5.172413793103448
E00126956,301,79,26,53,222,200,22,26.245847176079735,8.637873754152823,17.60797342192691,73.75415282392026,66.44518272425249,7.308970099667775
E00126957,150,31,7,24,119,101,18,20.666666666666668,4.666666666666667,16,79.33333333333333,67.33333333333333,12
E00126958,136,38,12,26,98,82,16,27.941176470588236,8.823529411764707,19.11764705882353,72.05882352941177,60.29411764705882,11.76470588235294
E00126959,169,32,6,26,137,121,16,18.93491124260355,3.5502958579881656,15.384615384615385,81.06508875739645,71.59763313609467,9.467455621301776
E00126960,167,44,14,30,123,110,13,26.34730538922156,8.383233532934131,17.964071856287426,73.65269461077844,65.86826347305389,7.784431137724551
E00126961,219,60,27,33,159,130,29,27.397260273972602,12.32876712328767,15.068493150684931,72.6027397260274,59.3607305936073,13.24200913242009
E00126962,174,57,18,39,117,94,23,32.758620689655174,10.344827586206897,22.413793103448278,67.24137931034483,54.02298850574713,13.218390804597702
E00126963,187,47,14,33,140,112,28,25.13368983957219,7.4866310160427805,17.647058823529413,74.8663101604278,59.893048128342244,14.973262032085561
E00126964,137,39,14,25,98,79,19,28.467153284671532,10.218978102189782,18.248175182481752,71.53284671532847,57.66423357664233,13.86861313868613
E00126965,134,45,17,28,89,75,14,33.582089552238806,12.686567164179104,20.8955223880597,66.4179104477612,55.970149253731336,10.44776119402985
E00126966,110,29,9,20,81,67,14,26.36363636363636,8.181818181818182,18.181818181818183,73.63636363636363,60.909090909090914,12.727272727272727
E00126967,138,28,15,13,110,95,15,20.28985507246377,10.869565217391305,9.420289855072465,79.71014492753623,68.84057971014492,10.869565217391305
E00126968,124,35,17,18,89,72,17,28.225806451612907,13.709677419354838,14.516129032258066,71.7741935483871,58.06451612903226,13.709677419354838
E00126969,125,33,11,22,92,65,27,26.400000000000002,8.799999999999999,17.599999999999998,73.6,52,21.6
E00126970,236,73,35,38,163,106,57,30.93220338983051,14.83050847457627,16.101694915254235,69.0677966101695,44.91525423728814,24.152542372881356
E00126971,82,23,5,18,59,53,6,28.04878048780488,6.097560975609756,21.951219512195124,71.95121951219512,64.63414634146342,7.317073170731707
E00126972,105,45,18,27,60,50,10,42.857142857142854,17.142857142857142,25.71428571428571,57.14285714285714,47.61904761904761,9.523809523809524
E00126973,132,50,8,42,82,71,11,37.878787878787875,6.0606060606060606,31.818181818181817,62.121212121212125,53.78787878787878,8.333333333333332
E00126974,85,32,18,14,53,46,7,37.64705882352941,21.176470588235293,16.470588235294116,62.35294117647059,54.11764705882353,8.235294117647058
E00126975,100,35,8,27,65,57,8,35,8,27,65,56.99999999999999,8
E00126976,116,40,18,22,76,63,13,34.48275862068966,15.517241379310345,18.96551724137931,65.51724137931035,54.310344827586206,11.206896551724139
E00126977,82,32,15,17,50,37,13,39.02439024390244,18.29268292682927,20.73170731707317,60.97560975609756,45.1219512195122,15.853658536585366
E00126978,99,31,8,23,68,61,7,31.313131313131315,8.080808080808081,23.232323232323232,68.68686868686868,61.61616161616161,7.07070707070707
E00126979,76,36,20,16,40,33,7,47.368421052631575,26.31578947368421,21.052631578947366,52.63157894736842,43.42105263157895,9.210526315789473
E00126980,166,53,18,35,113,95,18,31.92771084337349,10.843373493975903,21.084337349397593,68.07228915662651,57.22891566265061,10.843373493975903
E00126981,110,50,21,29,60,50,10,45.45454545454545,19.090909090909093,26.36363636363636,54.54545454545454,45.45454545454545,9.090909090909092
E00126983,29,12,5,7,17,14,3,41.37931034482759,17.24137931034483,24.137931034482758,58.620689655172406,48.275862068965516,10.344827586206897
E00126984,100,37,15,22,63,55,8,37,15,22,63,55.00000000000001,8
E00126985,83,27,9,18,56,47,9,32.53012048192771,10.843373493975903,21.686746987951807,67.46987951807229,56.62650602409639,10.843373493975903
E00126986,173,61,21,40,112,91,21,35.26011560693642,12.138728323699421,23.121387283236995,64.73988439306359,52.601156069364166,12.138728323699421
E00126987,144,59,27,32,85,69,16,40.97222222222222,18.75,22.22222222222222,59.02777777777778,47.91666666666667,11.11111111111111
E00126988,253,68,27,41,185,146,39,26.877470355731226,10.67193675889328,16.205533596837945,73.12252964426878,57.70750988142292,15.41501976284585
E00126989,120,38,15,23,82,62,20,31.666666666666664,12.5,19.166666666666668,68.33333333333333,51.66666666666667,16.666666666666664
E00126990,171,49,25,24,122,96,26,28.654970760233915,14.619883040935672,14.035087719298245,71.34502923976608,56.14035087719298,15.204678362573098
E00126991,130,43,16,27,87,69,18,33.07692307692307,12.307692307692308,20.76923076923077,66.92307692307692,53.07692307692308,13.846153846153847
E00126992,179,51,16,35,128,104,24,28.49162011173184,8.938547486033519,19.553072625698324,71.50837988826815,58.10055865921788,13.40782122905028
E00126993,140,47,14,33,93,74,19,33.57142857142857,10,23.57142857142857,66.42857142857143,52.85714285714286,13.571428571428571
E00126994,139,51,15,36,88,78,10,36.69064748201439,10.79136690647482,25.899280575539567,63.30935251798561,56.11510791366906,7.1942446043165464
E00126995,97,38,13,25,59,50,9,39.175257731958766,13.402061855670103,25.773195876288657,60.824742268041234,51.546391752577314,9.278350515463918
E00126996,149,66,30,36,83,67,16,44.29530201342282,20.13422818791946,24.161073825503358,55.70469798657718,44.966442953020135,10.738255033557047
E00126997,83,24,9,15,59,48,11,28.915662650602407,10.843373493975903,18.072289156626507,71.08433734939759,57.831325301204814,13.253012048192772
E00126999,124,36,8,28,88,71,17,29.03225806451613,6.451612903225806,22.58064516129032,70.96774193548387,57.25806451612904,13.709677419354838
E00127000,130,43,13,30,87,76,11,33.07692307692307,10,23.076923076923077,66.92307692307692,58.46153846153847,8.461538461538462
E00127001,147,40,11,29,107,88,19,27.2108843537415,7.482993197278912,19.727891156462583,72.78911564625851,59.863945578231295,12.925170068027212
E00127002,132,40,11,29,92,83,9,30.303030303030305,8.333333333333332,21.96969696969697,69.6969696969697,62.878787878787875,6.8181818181818175
E00127003,90,23,9,14,67,59,8,25.555555555555554,10,15.555555555555555,74.44444444444444,65.55555555555556,8.88888888888889
E00127005,132,41,14,27,91,77,14,31.060606060606062,10.606060606060606,20.454545454545457,68.93939393939394,58.333333333333336,10.606060606060606
E00127006,214,68,22,46,146,128,18,31.775700934579437,10.2803738317757,21.49532710280374,68.22429906542055,59.813084112149525,8.411214953271028
E00127007,137,48,13,35,89,78,11,35.03649635036496,9.48905109489051,25.547445255474454,64.96350364963503,56.934306569343065,8.02919708029197
E00127008,80,29,3,26,51,51,0,36.25,3.75,32.5,63.74999999999999,63.74999999999999,0
E00127009,81,27,10,17,54,49,5,33.33333333333333,12.345679012345679,20.98765432098765,66.66666666666666,60.49382716049383,6.172839506172839
E00127010,62,29,9,20,33,27,6,46.774193548387096,14.516129032258066,32.25806451612903,53.2258064516129,43.54838709677419,9.67741935483871
E00127011,128,29,8,21,99,81,18,22.65625,6.25,16.40625,77.34375,63.28125,14.0625
E00127012,138,37,6,31,101,92,9,26.811594202898554,4.3478260869565215,22.463768115942027,73.18840579710145,66.66666666666666,6.521739130434782
E00127013,112,38,15,23,74,64,10,33.92857142857143,13.392857142857142,20.535714285714285,66.07142857142857,57.14285714285714,8.928571428571429
E00127016,71,32,11,21,39,36,3,45.07042253521127,15.492957746478872,29.577464788732392,54.929577464788736,50.70422535211267,4.225352112676056
E00127017,117,36,11,25,81,69,12,30.76923076923077,9.401709401709402,21.367521367521366,69.23076923076923,58.97435897435898,10.256410256410255
E00127018,115,31,12,19,84,79,5,26.956521739130434,10.434782608695652,16.52173913043478,73.04347826086956,68.69565217391305,4.3478260869565215
E00127019,117,42,15,27,75,63,12,35.8974358974359,12.82051282051282,23.076923076923077,64.1025641025641,53.84615384615385,10.256410256410255
E00127020,245,95,36,59,150,105,45,38.775510204081634,14.69387755102041,24.081632653061224,61.224489795918366,42.857142857142854,18.367346938775512
E00127021,191,50,13,37,141,108,33,26.17801047120419,6.806282722513089,19.3717277486911,73.82198952879581,56.54450261780105,17.277486910994764
E00127022,129,46,17,29,83,63,20,35.65891472868217,13.178294573643413,22.48062015503876,64.34108527131784,48.837209302325576,15.503875968992247
E00127023,108,45,25,20,63,51,12,41.66666666666667,23.14814814814815,18.51851851851852,58.333333333333336,47.22222222222222,11.11111111111111
E00127024,144,47,14,33,97,87,10,32.63888888888889,9.722222222222223,22.916666666666664,67.36111111111111,60.416666666666664,6.944444444444445
E00127025,213,65,22,43,148,132,16,30.51643192488263,10.328638497652582,20.187793427230048,69.48356807511738,61.97183098591549,7.511737089201878
E00127026,236,74,28,46,162,136,26,31.35593220338983,11.864406779661017,19.491525423728813,68.64406779661016,57.6271186440678,11.016949152542372
E00127027,171,50,18,32,121,108,13,29.239766081871345,10.526315789473683,18.71345029239766,70.76023391812866,63.1578947368421,7.602339181286549
E00127028,128,36,13,23,92,82,10,28.125,10.15625,17.96875,71.875,64.0625,7.8125
E00127029,203,60,34,26,143,122,21,29.55665024630542,16.748768472906402,12.807881773399016,70.44334975369459,60.09852216748769,10.344827586206897
E00127030,206,66,22,44,140,126,14,32.038834951456316,10.679611650485436,21.35922330097087,67.96116504854369,61.165048543689316,6.796116504854369
E00127031,218,43,17,26,175,111,64,19.724770642201836,7.79816513761468,11.926605504587156,80.27522935779817,50.917431192660544,29.357798165137616
E00127032,200,58,30,28,142,116,26,28.999999999999996,15,14.000000000000002,71,57.99999999999999,13
E00127033,133,34,11,23,99,84,15,25.563909774436087,8.270676691729323,17.293233082706767,74.43609022556392,63.1578947368421,11.278195488721805
E00127035,237,60,22,38,177,149,28,25.31645569620253,9.282700421940929,16.033755274261605,74.68354430379746,62.869198312236286,11.814345991561181
E00127036,184,54,20,34,130,117,13,29.347826086956523,10.869565217391305,18.478260869565215,70.65217391304348,63.58695652173913,7.065217391304348
E00127037,127,32,9,23,95,78,17,25.196850393700785,7.086614173228346,18.11023622047244,74.80314960629921,61.417322834645674,13.385826771653544
E00127038,137,42,17,25,95,83,12,30.656934306569344,12.408759124087592,18.248175182481752,69.34306569343066,60.58394160583942,8.75912408759124
E00127039,78,29,11,18,49,30,19,37.17948717948718,14.102564102564102,23.076923076923077,62.82051282051282,38.46153846153847,24.358974358974358
E00127040,187,42,19,23,145,122,23,22.459893048128343,10.16042780748663,12.299465240641712,77.54010695187165,65.24064171122996,12.299465240641712
E00127041,210,49,14,35,161,148,13,23.333333333333332,6.666666666666667,16.666666666666664,76.66666666666667,70.47619047619048,6.190476190476191
E00127042,138,46,19,27,92,78,14,33.33333333333333,13.768115942028986,19.565217391304348,66.66666666666666,56.52173913043478,10.144927536231885
E00127043,18,10,3,7,8,7,1,55.55555555555556,16.666666666666664,38.88888888888889,44.44444444444444,38.88888888888889,5.555555555555555
E00127044,203,60,18,42,143,126,17,29.55665024630542,8.866995073891626,20.689655172413794,70.44334975369459,62.06896551724138,8.374384236453201
E00127045,89,20,5,15,69,63,6,22.47191011235955,5.617977528089887,16.853932584269664,77.52808988764045,70.78651685393258,6.741573033707865
E00127048,174,63,30,33,111,84,27,36.206896551724135,17.24137931034483,18.96551724137931,63.793103448275865,48.275862068965516,15.517241379310345
E00127049,12,5,5,0,7,7,0,41.66666666666667,41.66666666666667,0,58.333333333333336,58.333333333333336,0
E00174064,167,78,39,39,89,66,23,46.706586826347305,23.353293413173652,23.353293413173652,53.293413173652695,39.52095808383233,13.77245508982036
E00174065,47,11,4,7,36,33,3,23.404255319148938,8.51063829787234,14.893617021276595,76.59574468085107,70.2127659574468,6.382978723404255
E00174066,137,46,18,28,91,76,15,33.57664233576642,13.138686131386862,20.437956204379564,66.42335766423358,55.47445255474452,10.948905109489052
E00174067,126,44,12,32,82,70,12,34.92063492063492,9.523809523809524,25.396825396825395,65.07936507936508,55.55555555555556,9.523809523809524
E00174068,137,42,12,30,95,77,18,30.656934306569344,8.75912408759124,21.897810218978105,69.34306569343066,56.20437956204379,13.138686131386862
E00174069,189,56,26,30,133,116,17,29.629629629629626,13.756613756613756,15.873015873015872,70.37037037037037,61.37566137566137,8.994708994708994
E00174070,145,48,25,23,97,84,13,33.10344827586207,17.24137931034483,15.862068965517242,66.89655172413794,57.931034482758626,8.96551724137931
E00174071,91,32,6,26,59,54,5,35.16483516483517,6.593406593406594,28.57142857142857,64.83516483516483,59.34065934065934,5.4945054945054945
E00174072,148,36,13,23,112,79,33,24.324324324324326,8.783783783783784,15.54054054054054,75.67567567567568,53.37837837837838,22.2972972972973
E00174073,94,31,13,18,63,57,6,32.97872340425532,13.829787234042554,19.148936170212767,67.02127659574468,60.63829787234043,6.382978723404255
E00185568,335,65,27,38,270,222,48,19.402985074626866,8.059701492537313,11.343283582089553,80.59701492537313,66.26865671641791,14.328358208955224
E00185571,186,68,26,42,118,95,23,36.55913978494624,13.978494623655912,22.58064516129032,63.44086021505376,51.075268817204304,12.365591397849462
E00185572,48,12,2,10,36,32,4,25,4.166666666666666,20.833333333333336,75,66.66666666666666,8.333333333333332
E00185576,175,54,23,31,121,95,26,30.857142857142854,13.142857142857142,17.71428571428571,69.14285714285714,54.285714285714285,14.857142857142858
E00185581,143,42,12,30,101,88,13,29.37062937062937,8.391608391608392,20.97902097902098,70.62937062937063,61.53846153846154,9.090909090909092
E00185600,317,65,14,51,252,224,28,20.50473186119874,4.416403785488959,16.08832807570978,79.49526813880126,70.66246056782335,8.832807570977918
E00185601,89,18,5,13,71,55,16,20.224719101123593,5.617977528089887,14.606741573033707,79.7752808988764,61.79775280898876,17.97752808988764
E00185603,58,18,6,12,40,38,2,31.03448275862069,10.344827586206897,20.689655172413794,68.96551724137932,65.51724137931035,3.4482758620689653
E00185604,41,14,8,6,27,23,4,34.146341463414636,19.51219512195122,14.634146341463413,65.85365853658537,56.09756097560976,9.75609756097561
E00185605,292,74,17,57,218,189,29,25.34246575342466,5.821917808219178,19.52054794520548,74.65753424657534,64.72602739726028,9.931506849315069
E00185606,321,72,24,48,249,213,36,22.429906542056074,7.476635514018691,14.953271028037381,77.57009345794393,66.35514018691589,11.214953271028037
E00185612,57,12,6,6,45,37,8,21.052631578947366,10.526315789473683,10.526315789473683,78.94736842105263,64.91228070175438,14.035087719298245
E00185627,116,35,13,22,81,69,12,30.17241379310345,11.206896551724139,18.96551724137931,69.82758620689656,59.48275862068966,10.344827586206897
E00185630,144,51,20,31,93,79,14,35.41666666666667,13.88888888888889,21.52777777777778,64.58333333333334,54.861111111111114,9.722222222222223
E00185632,55,15,6,9,40,34,6,27.27272727272727,10.909090909090908,16.363636363636363,72.72727272727273,61.81818181818181,10.909090909090908
E00185633,232,72,24,48,160,145,15,31.03448275862069,10.344827586206897,20.689655172413794,68.96551724137932,62.5,6.4655172413793105
E00185634,113,44,16,28,69,64,5,38.93805309734513,14.15929203539823,24.778761061946902,61.06194690265486,56.63716814159292,4.424778761061947
E00185642,189,61,18,43,128,106,22,32.27513227513227,9.523809523809524,22.75132275132275,67.72486772486772,56.08465608465608,11.64021164021164
E00185655,69,14,10,4,55,49,6,20.28985507246377,14.492753623188406,5.797101449275362,79.71014492753623,71.01449275362319,8.695652173913043
E00185656,108,38,14,24,70,59,11,35.18518518518518,12.962962962962962,22.22222222222222,64.81481481481481,54.629629629629626,10.185185185185185
E00185662,264,52,15,37,212,181,31,19.696969696969695,5.681818181818182,14.015151515151514,80.3030303030303,68.56060606060606,11.742424242424242
E00185663,236,73,26,47,163,138,25,30.93220338983051,11.016949152542372,19.915254237288135,69.0677966101695,58.47457627118644,10.59322033898305
