OA,ts0590001,ts0590002,ts0590003,ts0590004,ts0590005,ts0590006,ts0590007,ts0590002_PCT,ts0590003_PCT,ts0590004_PCT,ts0590005_PCT,ts0590006_PCT,ts0590007_PCT
E00123460,145,40,11,29,105,84,21,27.586206896551722,7.586206896551724,20,72.41379310344827,57.931034482758626,14.482758620689657
E00123461,201,56,20,36,145,127,18,27.860696517412936,9.950248756218906,17.91044776119403,72.13930348258707,63.18407960199005,8.955223880597014
E00123462,111,41,15,26,70,60,10,36.93693693693694,13.513513513513514,23.423423423423422,63.06306306306306,54.054054054054056,9.00900900900901
E00123463,152,50,19,31,102,82,20,32.89473684210527,12.5,20.394736842105264,67.10526315789474,53.94736842105263,13.157894736842104
E00123464,217,56,16,40,161,133,28,25.806451612903224,7.373271889400922,18.433179723502306,74.19354838709677,61.29032258064516,12.903225806451612
E00123465,140,36,11,25,104,88,16,25.71428571428571,7.857142857142857,17.857142857142858,74.28571428571429,62.857142857142854,11.428571428571429
E00123466,283,83,36,47,200,164,36,29.328621908127207,12.7208480565371,16.607773851590103,70.6713780918728,57.95053003533569,12.7208480565371
E00123467,107,35,11,24,72,61,11,32.71028037383177,10.2803738317757,22.429906542056074,67.28971962616822,57.009345794392516,10.2803738317757
E00123468,82,24,6,18,58,50,8,29.268292682926827,7.317073170731707,21.951219512195124,70.73170731707317,60.97560975609756,9.75609756097561
E00123469,124,38,17,21,86,74,12,30.64516129032258,13.709677419354838,16.93548387096774,69.35483870967742,59.67741935483871,9.67741935483871
E00123471,79,22,10,12,57,44,13,27.848101265822784,12.658227848101266,15.18987341772152,72.15189873417721,55.69620253164557,16.455696202531644
E00123472,56,19,9,10,37,35,2,33.92857142857143,16.071428571428573,17.857142857142858,66.07142857142857,62.5,3.571428571428571
E00123473,133,40,22,18,93,75,18,30.075187969924812,16.541353383458645,13.533834586466165,69.92481203007519,56.390977443609025,13.533834586466165
E00123474,105,29,11,18,76,62,14,27.61904761904762,10.476190476190476,17.142857142857142,72.38095238095238,59.04761904761905,13.333333333333334
E00123475,149,44,14,30,105,84,21,29.53020134228188,9.395973154362416,20.13422818791946,70.46979865771812,56.375838926174495,14.093959731543624
E00123476,71,18,9,9,53,44,9,25.352112676056336,12.676056338028168,12.676056338028168,74.64788732394366,61.97183098591549,12.676056338028168
E00123477,186,53,13,40,133,120,13,28.49462365591398,6.989247311827956,21.50537634408602,71.50537634408603,64.51612903225806,6.989247311827956
E00123478,86,30,11,19,56,52,4,34.883720930232556,12.790697674418606,22.093023255813954,65.11627906976744,60.46511627906976,4.651162790697675
E00123479,145,53,26,27,92,80,12,36.55172413793103,17.93103448275862,18.620689655172416,63.44827586206897,55.172413793103445,8.275862068965518
E00123480,112,38,13,25,74,63,11,33.92857142857143,11.607142857142858,22.321428571428573,66.07142857142857,56.25,9.821428571428571
E00123482,156,56,16,40,100,83,17,35.8974358974359,10.256410256410255,25.64102564102564,64.1025641025641,53.205128205128204,10.897435897435898
E00123483,134,40,17,23,94,82,12,29.850746268656714,12.686567164179104,17.16417910447761,70.1492537313433,61.19402985074627,8.955223880597014
E00123484,224,61,20,41,163,133,30,27.232142857142854,8.928571428571429,18.303571428571427,72.76785714285714,59.375,13.392857142857142
E00123485,170,40,18,22,130,103,27,23.52941176470588,10.588235294117647,12.941176470588237,76.47058823529412,60.588235294117645,15.88235294117647
E00123486,109,36,16,20,73,54,19,33.02752293577982,14.678899082568808,18.34862385321101,66.97247706422019,49.54128440366973,17.431192660550458
E00123487,129,35,8,27,94,81,13,27.131782945736433,6.2015503875969,20.930232558139537,72.86821705426357,62.7906976744186,10.077519379844961
E00123488,159,54,26,28,105,90,15,33.9622641509434,16.352201257861633,17.61006289308176,66.0377358490566,56.60377358490566,9.433962264150944
E00123489,117,40,17,23,77,59,18,34.18803418803419,14.529914529914532,19.65811965811966,65.8119658119658,50.427350427350426,15.384615384615385
E00123490,165,51,20,31,114,95,19,30.909090909090907,12.121212121212121,18.787878787878785,69.0909090909091,57.57575757575758,11.515151515151516
E00123491,142,46,11,35,96,85,11,32.3943661971831,7.746478873239436,24.647887323943664,67.6056338028169,59.859154929577464,7.746478873239436
E00123492,133,44,24,20,89,68,21,33.08270676691729,18.045112781954884,15.037593984962406,66.9172932330827,51.127819548872175,15.789473684210526
E00123493,162,47,17,30,115,93,22,29.01234567901235,10.493827160493826,18.51851851851852,70.98765432098766,57.407407407407405,13.580246913580247
E00123494,156,42,17,25,114,91,23,26.923076923076923,10.897435897435898,16.025641025641026,73.07692307692307,58.333333333333336,14.743589743589745
E00123495,114,38,11,27,76,55,21,33.33333333333333,9.649122807017543,23.684210526315788,66.66666666666666,48.24561403508772,18.421052631578945
E00123496,173,45,18,27,128,107,21,26.011560693641616,10.404624277456648,15.606936416184972,73.98843930635837,61.849710982658955,12.138728323699421
E00123497,156,53,16,37,103,79,24,33.97435897435898,10.256410256410255,23.717948717948715,66.02564102564102,50.641025641025635,15.384615384615385
E00123498,103,35,13,22,68,55,13,33.980582524271846,12.62135922330097,21.35922330097087,66.01941747572816,53.398058252427184,12.62135922330097
E00123499,166,61,20,41,105,80,25,36.74698795180723,12.048192771084338,24.69879518072289,63.25301204819277,48.19277108433735,15.060240963855422
E00123500,136,42,16,26,94,71,23,30.88235294117647,11.76470588235294,19.11764705882353,69.11764705882352,52.20588235294118,16.911764705882355
E00123501,168,50,23,27,118,90,28,29.761904761904763,13.690476190476192,16.071428571428573,70.23809523809523,53.57142857142857,16.666666666666664
E00123502,137,51,26,25,86,66,20,37.22627737226277,18.97810218978102,18.248175182481752,62.77372262773723,48.175182481751825,14.5985401459854
E00123503,103,33,8,25,70,61,9,32.038834951456316,7.766990291262135,24.271844660194176,67.96116504854369,59.22330097087378,8.737864077669903
E00123504,162,53,19,34,109,90,19,32.71604938271605,11.728395061728394,20.98765432098765,67.28395061728395,55.55555555555556,11.728395061728394
E00123505,154,54,22,32,100,78,22,35.064935064935064,14.285714285714285,20.77922077922078,64.93506493506493,50.649350649350644,14.285714285714285
E00123506,182,61,26,35,121,102,19,33.51648351648351,14.285714285714285,19.230769230769234,66.48351648351648,56.043956043956044,10.43956043956044
E00123507,149,43,17,26,106,91,15,28.859060402684566,11.409395973154362,17.449664429530202,71.14093959731544,61.07382550335571,10.06711409395973
E00123508,108,36,19,17,72,63,9,33.33333333333333,17.59259259259259,15.74074074074074,66.66666666666666,58.333333333333336,8.333333333333332
E00123509,72,24,6,18,48,36,12,33.33333333333333,8.333333333333332,25,66.66666666666666,50,16.666666666666664
E00123510,150,48,22,26,102,80,22,32,14.666666666666666,17.333333333333336,68,53.333333333333336,14.666666666666666
E00123511,109,33,7,26,76,66,10,30.275229357798167,6.422018348623854,23.853211009174313,69.72477064220183,60.550458715596335,9.174311926605505
E00123512,134,36,11,25,98,85,13,26.865671641791046,8.208955223880597,18.65671641791045,73.13432835820896,63.43283582089553,9.701492537313433
E00123513,176,54,21,33,122,105,17,30.681818181818183,11.931818181818182,18.75,69.31818181818183,59.65909090909091,9.659090909090908
E00123514,187,60,28,32,127,105,22,32.085561497326204,14.973262032085561,17.11229946524064,67.9144385026738,56.14973262032086,11.76470588235294
E00123515,179,54,22,32,125,98,27,30.16759776536313,12.290502793296088,17.877094972067038,69.83240223463687,54.7486033519553,15.083798882681565
E00123516,220,75,26,49,145,107,38,34.090909090909086,11.818181818181818,22.272727272727273,65.9090909090909,48.63636363636364,17.272727272727273
E00123517,191,59,27,32,132,101,31,30.89005235602094,14.136125654450263,16.75392670157068,69.10994764397905,52.879581151832454,16.230366492146597
E00123518,188,48,18,30,140,106,34,25.53191489361702,9.574468085106384,15.957446808510639,74.46808510638297,56.38297872340425,18.085106382978726
E00123519,155,49,19,30,106,80,26,31.61290322580645,12.258064516129032,19.35483870967742,68.38709677419355,51.61290322580645,16.7741935483871
E00123520,231,78,19,59,153,124,29,33.76623376623377,8.225108225108226,25.541125541125542,66.23376623376623,53.67965367965368,12.554112554112553
E00123521,147,41,11,30,106,81,25,27.89115646258503,7.482993197278912,20.408163265306122,72.10884353741497,55.10204081632652,17.006802721088434
E00123522,246,54,24,30,192,106,86,21.951219512195124,9.75609756097561,12.195121951219512,78.04878048780488,43.08943089430895,34.959349593495936
E00123523,82,20,4,16,62,48,14,24.390243902439025,4.878048780487805,19.51219512195122,75.60975609756098,58.536585365853654,17.073170731707318
E00123524,138,35,4,31,103,84,19,25.36231884057971,2.898550724637681,22.463768115942027,74.63768115942028,60.86956521739131,13.768115942028986
E00123525,114,39,16,23,75,62,13,34.21052631578947,14.035087719298245,20.175438596491226,65.78947368421053,54.385964912280706,11.403508771929824
E00123526,124,44,16,28,80,58,22,35.483870967741936,12.903225806451612,22.58064516129032,64.51612903225806,46.774193548387096,17.741935483870968
E00123528,164,60,22,38,104,76,28,36.58536585365854,13.414634146341465,23.170731707317074,63.41463414634146,46.34146341463415,17.073170731707318
E00123529,159,50,12,38,109,90,19,31.446540880503143,7.547169811320755,23.89937106918239,68.55345911949685,56.60377358490566,11.949685534591195
E00123530,151,47,20,27,104,82,22,31.125827814569533,13.245033112582782,17.880794701986755,68.87417218543047,54.3046357615894,14.56953642384106
E00123531,185,60,28,32,125,101,24,32.432432432432435,15.135135135135137,17.2972972972973,67.56756756756756,54.59459459459459,12.972972972972974
E00123532,193,45,17,28,148,128,20,23.316062176165804,8.808290155440414,14.507772020725387,76.68393782383419,66.32124352331607,10.362694300518134
E00123533,187,59,25,34,128,103,25,31.550802139037433,13.368983957219251,18.181818181818183,68.44919786096256,55.080213903743314,13.368983957219251
E00123534,222,50,17,33,172,129,43,22.52252252252252,7.657657657657657,14.864864864864865,77.47747747747748,58.108108108108105,19.36936936936937
E00123535,200,48,13,35,152,126,26,24,6.5,17.5,76,63,13
E00123536,191,54,15,39,137,115,22,28.272251308900525,7.853403141361256,20.418848167539267,71.72774869109948,60.20942408376963,11.518324607329843
E00123537,160,37,9,28,123,103,20,23.125,5.625,17.5,76.875,64.375,12.5
E00123538,204,58,21,37,146,101,45,28.431372549019606,10.294117647058822,18.137254901960784,71.56862745098039,49.50980392156863,22.058823529411764
E00123539,163,40,17,23,123,101,22,24.539877300613497,10.429447852760736,14.11042944785276,75.4601226993865,61.963190184049076,13.496932515337424
E00123540,192,37,15,22,155,125,30,19.270833333333336,7.8125,11.458333333333332,80.72916666666666,65.10416666666666,15.625
E00123541,182,46,15,31,136,109,27,25.274725274725274,8.241758241758241,17.032967032967033,74.72527472527473,59.89010989010989,14.835164835164836
E00123542,240,77,32,45,163,128,35,32.083333333333336,13.333333333333334,18.75,67.91666666666667,53.333333333333336,14.583333333333334
E00123543,217,57,18,39,160,129,31,26.26728110599078,8.294930875576037,17.972350230414747,73.73271889400922,59.44700460829493,14.285714285714285
E00123544,211,69,26,43,142,125,17,32.70142180094787,12.322274881516588,20.379146919431278,67.29857819905213,59.241706161137444,8.056872037914692
E00123545,187,58,19,39,129,97,32,31.016042780748666,10.16042780748663,20.855614973262032,68.98395721925134,51.87165775401069,17.11229946524064
E00123546,106,27,13,14,79,69,10,25.471698113207548,12.264150943396226,13.20754716981132,74.52830188679245,65.09433962264151,9.433962264150944
E00123547,111,28,12,16,83,70,13,25.225225225225223,10.81081081081081,14.414414414414415,74.77477477477478,63.06306306306306,11.711711711711711
E00123548,236,71,29,42,165,128,37,30.08474576271186,12.288135593220339,17.796610169491526,69.91525423728814,54.23728813559322,15.677966101694915
E00123550,270,49,17,32,221,193,28,18.14814814814815,6.296296296296296,11.851851851851853,81.85185185185185,71.48148148148148,10.37037037037037
E00123551,220,54,23,31,166,139,27,24.545454545454547,10.454545454545453,14.09090909090909,75.45454545454545,63.18181818181819,12.272727272727273
E00123552,197,39,12,27,158,137,21,19.796954314720814,6.091370558375635,13.705583756345177,80.20304568527918,69.54314720812182,10.65989847715736
E00123553,176,46,18,28,130,110,20,26.136363636363637,10.227272727272728,15.909090909090908,73.86363636363636,62.5,11.363636363636363
E00123554,175,46,22,24,129,104,25,26.285714285714285,12.571428571428573,13.714285714285715,73.71428571428571,59.42857142857143,14.285714285714285
E00123555,184,41,19,22,143,129,14,22.282608695652172,10.326086956521738,11.956521739130435,77.71739130434783,70.1086956521739,7.608695652173914
E00123556,184,51,16,35,133,107,26,27.717391304347828,8.695652173913043,19.021739130434785,72.28260869565217,58.152173913043484,14.130434782608695
E00123557,177,59,24,35,118,97,21,33.33333333333333,13.559322033898304,19.774011299435028,66.66666666666666,54.80225988700565,11.864406779661017
E00123558,240,64,31,33,176,141,35,26.666666666666668,12.916666666666668,13.750000000000002,73.33333333333333,58.75,14.583333333333334
E00123559,158,49,27,22,109,84,25,31.0126582278481,17.088607594936708,13.924050632911392,68.9873417721519,53.16455696202531,15.822784810126583
E00123560,170,40,21,19,130,101,29,23.52941176470588,12.352941176470589,11.176470588235295,76.47058823529412,59.411764705882355,17.058823529411764
E00123562,81,20,9,11,61,53,8,24.691358024691358,11.11111111111111,13.580246913580247,75.30864197530865,65.4320987654321,9.876543209876543
E00123563,162,51,16,35,111,95,16,31.48148148148148,9.876543209876543,21.604938271604937,68.51851851851852,58.64197530864198,9.876543209876543
E00123564,191,37,18,19,154,132,22,19.3717277486911,9.424083769633508,9.947643979057592,80.6282722513089,69.10994764397905,11.518324607329843
E00123565,181,55,19,36,126,102,24,30.386740331491712,10.497237569060774,19.88950276243094,69.61325966850829,56.353591160220994,13.259668508287293
E00123567,79,26,13,13,53,39,14,32.91139240506329,16.455696202531644,16.455696202531644,67.08860759493672,49.36708860759494,17.72151898734177
E00123568,148,39,11,28,109,95,14,26.351351351351347,7.4324324324324325,18.91891891891892,73.64864864864865,64.1891891891892,9.45945945945946
E00123569,142,33,8,25,109,90,19,23.239436619718308,5.633802816901409,17.6056338028169,76.76056338028168,63.38028169014085,13.380281690140844
E00123570,262,63,20,43,199,172,27,24.045801526717558,7.633587786259542,16.412213740458014,75.95419847328245,65.64885496183206,10.305343511450381
E00123571,198,62,18,44,136,112,24,31.313131313131315,9.090909090909092,22.22222222222222,68.68686868686868,56.56565656565656,12.121212121212121
E00123572,218,63,18,45,155,133,22,28.899082568807337,8.256880733944955,20.642201834862387,71.10091743119266,61.00917431192661,10.091743119266056
E00123573,138,35,12,23,103,96,7,25.36231884057971,8.695652173913043,16.666666666666664,74.63768115942028,69.56521739130434,5.072463768115942
E00123574,160,57,25,32,103,88,15,35.625,15.625,20,64.375,55.00000000000001,9.375
E00123575,93,27,13,14,66,56,10,29.03225806451613,13.978494623655912,15.053763440860216,70.96774193548387,60.215053763440864,10.75268817204301
E00123576,115,39,11,28,76,61,15,33.91304347826087,9.565217391304348,24.347826086956523,66.08695652173913,53.04347826086957,13.043478260869565
E00123577,135,35,20,15,100,81,19,25.925925925925924,14.814814814814813,11.11111111111111,74.07407407407408,60,14.074074074074074
E00123578,131,44,18,26,87,68,19,33.587786259541986,13.740458015267176,19.84732824427481,66.41221374045801,51.908396946564885,14.50381679389313
E00123579,72,21,6,15,51,46,5,29.166666666666668,8.333333333333332,20.833333333333336,70.83333333333334,63.888888888888886,6.944444444444445
E00123580,158,39,13,26,119,84,35,24.68354430379747,8.227848101265822,16.455696202531644,75.31645569620254,53.16455696202531,22.151898734177212
E00123581,150,45,16,29,105,86,19,30,10.666666666666668,19.333333333333332,70,57.333333333333336,12.666666666666668
E00123582,169,52,25,27,117,90,27,30.76923076923077,14.792899408284024,15.976331360946746,69.23076923076923,53.25443786982249,15.976331360946746
E00123583,170,65,25,40,105,82,23,38.23529411764706,14.705882352941178,23.52941176470588,61.76470588235294,48.23529411764706,13.529411764705882
E00123584,171,41,13,28,130,93,37,23.976608187134502,7.602339181286549,16.374269005847953,76.0233918128655,54.385964912280706,21.637426900584796
E00123585,63,21,9,12,42,36,6,33.33333333333333,14.285714285714285,19.047619047619047,66.66666666666666,57.14285714285714,9.523809523809524
E00123586,218,57,23,34,161,118,43,26.146788990825687,10.550458715596331,15.59633027522936,73.85321100917432,54.12844036697248,19.724770642201836
E00123587,60,20,7,13,40,36,4,33.33333333333333,11.666666666666666,21.666666666666668,66.66666666666666,60,6.666666666666667
E00123588,279,84,32,52,195,144,51,30.107526881720432,11.469534050179211,18.63799283154122,69.89247311827957,51.61290322580645,18.27956989247312
E00123589,141,36,15,21,105,87,18,25.53191489361702,10.638297872340425,14.893617021276595,74.46808510638297,61.702127659574465,12.76595744680851
E00123590,196,60,17,43,136,106,30,30.612244897959183,8.673469387755102,21.93877551020408,69.38775510204081,54.08163265306123,15.306122448979592
E00123591,227,72,28,44,155,136,19,31.718061674008812,12.334801762114537,19.383259911894275,68.28193832599119,59.91189427312775,8.370044052863436
E00123592,82,23,10,13,59,39,20,28.04878048780488,12.195121951219512,15.853658536585366,71.95121951219512,47.5609756097561,24.390243902439025
E00123593,117,32,17,15,85,64,21,27.350427350427353,14.529914529914532,12.82051282051282,72.64957264957265,54.700854700854705,17.94871794871795
E00123594,91,31,14,17,60,51,9,34.065934065934066,15.384615384615385,18.681318681318682,65.93406593406593,56.043956043956044,9.89010989010989
E00123595,175,52,12,40,123,93,30,29.714285714285715,6.857142857142858,22.857142857142858,70.28571428571428,53.142857142857146,17.142857142857142
E00123596,205,71,26,45,134,109,25,34.63414634146341,12.682926829268293,21.951219512195124,65.3658536585366,53.170731707317074,12.195121951219512
E00123597,126,41,19,22,85,62,23,32.53968253968254,15.079365079365079,17.46031746031746,67.46031746031747,49.2063492063492,18.253968253968253
E00123598,317,96,35,61,221,151,70,30.28391167192429,11.041009463722396,19.242902208201894,69.71608832807571,47.634069400630914,22.082018927444793
E00123599,141,37,15,22,104,92,12,26.24113475177305,10.638297872340425,15.602836879432624,73.75886524822694,65.24822695035462,8.51063829787234
E00123600,130,32,10,22,98,84,14,24.615384615384617,7.6923076923076925,16.923076923076923,75.38461538461539,64.61538461538461,10.76923076923077
E00123601,179,64,32,32,115,95,20,35.754189944134076,17.877094972067038,17.877094972067038,64.24581005586593,53.072625698324025,11.1731843575419
E00123602,156,39,10,29,117,97,20,25,6.41025641025641,18.58974358974359,75,62.17948717948718,12.82051282051282
E00123603,146,46,15,31,100,83,17,31.506849315068493,10.273972602739725,21.232876712328768,68.4931506849315,56.849315068493155,11.643835616438356
E00123604,170,37,11,26,133,108,25,21.764705882352942,6.470588235294119,15.294117647058824,78.23529411764706,63.52941176470588,14.705882352941178
E00123605,172,57,22,35,115,94,21,33.13953488372093,12.790697674418606,20.348837209302324,66.86046511627907,54.65116279069767,12.209302325581394
E00123606,125,24,4,20,101,90,11,19.2,3.2,16,80.80000000000001,72,8.799999999999999
E00123608,125,49,23,26,76,55,21,39.2,18.4,20.8,60.8,44,16.8
E00123609,161,43,14,29,118,101,17,26.70807453416149,8.695652173913043,18.012422360248447,73.29192546583852,62.732919254658384,10.559006211180124
E00123610,170,39,9,30,131,103,28,22.941176470588236,5.294117647058823,17.647058823529413,77.05882352941177,60.588235294117645,16.470588235294116
E00123611,192,47,19,28,145,115,30,24.479166666666664,9.895833333333332,14.583333333333334,75.52083333333334,59.895833333333336,15.625
E00123612,156,42,21,21,114,100,14,26.923076923076923,13.461538461538462,13.461538461538462,73.07692307692307,64.1025641025641,8.974358974358974
E00123613,270,83,25,58,187,154,33,30.74074074074074,9.25925925925926,21.48148148148148,69.25925925925925,57.03703703703704,12.222222222222221
E00123614,91,29,13,16,62,50,12,31.868131868131865,14.285714285714285,17.582417582417584,68.13186813186813,54.94505494505495,13.186813186813188
E00123615,160,47,16,31,113,98,15,29.375,10,19.375,70.625,61.25000000000001,9.375
E00123616,92,23,7,16,69,58,11,25,7.608695652173914,17.391304347826086,75,63.04347826086957,11.956521739130435
E00123617,126,38,10,28,88,79,9,30.158730158730158,7.936507936507936,22.22222222222222,69.84126984126983,62.698412698412696,7.142857142857142
E00123618,287,78,35,43,209,161,48,27.177700348432055,12.195121951219512,14.982578397212542,72.82229965156795,56.09756097560976,16.72473867595819
E00123619,184,45,10,35,139,119,20,24.456521739130434,5.434782608695652,19.021739130434785,75.54347826086956,64.67391304347827,10.869565217391305
E00123620,152,56,22,34,96,82,14,36.84210526315789,14.473684210526317,22.36842105263158,63.1578947368421,53.94736842105263,9.210526315789473
E00123621,146,43,16,27,103,85,18,29.45205479452055,10.95890410958904,18.493150684931507,70.54794520547945,58.21917808219178,12.32876712328767
E00123622,140,43,14,29,97,85,12,30.714285714285715,10,20.714285714285715,69.28571428571428,60.71428571428571,8.571428571428571
E00123623,169,50,12,38,119,101,18,29.585798816568047,7.100591715976331,22.485207100591715,70.41420118343196,59.76331360946746,10.650887573964498
E00123624,171,45,19,26,126,107,19,26.31578947368421,11.11111111111111,15.204678362573098,73.68421052631578,62.57309941520468,11.11111111111111
E00123625,173,49,19,30,124,101,23,28.32369942196532,10.982658959537572,17.341040462427745,71.67630057803468,58.38150289017341,13.294797687861271
E00123626,218,87,34,53,131,107,24,39.908256880733944,15.59633027522936,24.31192660550459,60.09174311926605,49.08256880733945,11.009174311926607
E00123627,225,51,19,32,174,157,17,22.666666666666664,8.444444444444445,14.222222222222221,77.33333333333333,69.77777777777779,7.555555555555555
E00123628,157,50,14,36,107,94,13,31.84713375796178,8.9171974522293,22.929936305732486,68.15286624203821,59.87261146496815,8.280254777070063
E00123629,179,44,11,33,135,115,20,24.581005586592177,6.145251396648044,18.435754189944134,75.41899441340783,64.24581005586593,11.1731843575419
E00123630,156,38,7,31,118,97,21,24.358974358974358,4.487179487179487,19.871794871794872,75.64102564102564,62.17948717948718,13.461538461538462
E00123631,109,31,13,18,78,67,11,28.440366972477065,11.926605504587156,16.51376146788991,71.55963302752293,61.46788990825688,10.091743119266056
E00123632,99,41,10,31,58,55,3,41.41414141414141,10.1010101010101,31.313131313131315,58.58585858585859,55.55555555555556,3.0303030303030303
E00123633,171,41,11,30,130,117,13,23.976608187134502,6.432748538011696,17.543859649122805,76.0233918128655,68.42105263157895,7.602339181286549
E00123634,155,50,19,31,105,89,16,32.25806451612903,12.258064516129032,20,67.74193548387096,57.41935483870968,10.32258064516129
E00123635,156,58,26,32,98,73,25,37.17948717948718,16.666666666666664,20.51282051282051,62.82051282051282,46.794871794871796,16.025641025641026
E00123636,241,52,22,30,189,161,28,21.57676348547718,9.12863070539419,12.448132780082988,78.42323651452283,66.80497925311202,11.618257261410788
E00123637,164,46,18,28,118,103,15,28.04878048780488,10.975609756097562,17.073170731707318,71.95121951219512,62.80487804878049,9.146341463414634
E00123638,186,52,21,31,134,115,19,27.956989247311824,11.29032258064516,16.666666666666664,72.04301075268818,61.82795698924731,10.21505376344086
E00123639,142,34,9,25,108,92,16,23.943661971830984,6.338028169014084,17.6056338028169,76.05633802816901,64.7887323943662,11.267605633802818
E00123640,161,56,18,38,105,89,16,34.78260869565217,11.180124223602485,23.60248447204969,65.21739130434783,55.27950310559007,9.937888198757763
E00123641,149,33,6,27,116,102,14,22.14765100671141,4.026845637583892,18.120805369127517,77.85234899328859,68.45637583892618,9.395973154362416
E00123642,195,50,16,34,145,122,23,25.64102564102564,8.205128205128204,17.435897435897434,74.35897435897436,62.56410256410256,11.794871794871794
E00123643,142,35,17,18,107,83,24,24.647887323943664,11.971830985915492,12.676056338028168,75.35211267605634,58.45070422535211,16.901408450704224
E00123644,121,44,14,30,77,68,9,36.36363636363637,11.570247933884298,24.793388429752067,63.63636363636363,56.19834710743802,7.43801652892562
E00123645,278,58,25,33,220,187,33,20.863309352517987,8.992805755395683,11.870503597122301,79.13669064748201,67.26618705035972,11.870503597122301
E00123646,180,61,22,39,119,93,26,33.88888888888889,12.222222222222221,21.666666666666668,66.11111111111111,51.66666666666667,14.444444444444443
E00123647,187,35,13,22,152,135,17,18.71657754010695,6.951871657754011,11.76470588235294,81.28342245989305,72.19251336898395,9.090909090909092
E00123648,152,38,8,30,114,95,19,25,5.263157894736842,19.736842105263158,75,62.5,12.5
E00123649,205,51,15,36,154,124,30,24.878048780487806,7.317073170731707,17.560975609756095,75.1219512195122,60.48780487804878,14.634146341463413
E00123650,191,38,9,29,153,128,25,19.895287958115183,4.712041884816754,15.18324607329843,80.10471204188482,67.01570680628272,13.089005235602095
E00123652,164,23,9,14,141,120,21,14.02439024390244,5.487804878048781,8.536585365853659,85.97560975609755,73.17073170731707,12.804878048780488
E00123653,175,50,8,42,125,111,14,28.57142857142857,4.571428571428571,24,71.42857142857143,63.42857142857142,8
E00123654,207,50,18,32,157,139,18,24.154589371980677,8.695652173913043,15.458937198067632,75.84541062801932,67.14975845410628,8.695652173913043
E00123655,207,53,16,37,154,129,25,25.60386473429952,7.729468599033816,17.874396135265698,74.39613526570048,62.31884057971014,12.077294685990339
E00123656,111,35,8,27,76,66,10,31.53153153153153,7.207207207207207,24.324324324324326,68.46846846846847,59.45945945945946,9.00900900900901
E00123657,202,54,22,32,148,122,26,26.732673267326735,10.891089108910892,15.841584158415841,73.26732673267327,60.396039603960396,12.871287128712872
E00123658,169,39,9,30,130,101,29,23.076923076923077,5.325443786982249,17.75147928994083,76.92307692307693,59.76331360946746,17.159763313609467
E00123659,215,55,23,32,160,137,23,25.581395348837212,10.69767441860465,14.883720930232558,74.4186046511628,63.72093023255814,10.69767441860465
E00123660,198,56,18,38,142,117,25,28.28282828282828,9.090909090909092,19.19191919191919,71.71717171717171,59.09090909090909,12.626262626262626
E00123661,116,46,17,29,70,60,10,39.6551724137931,14.655172413793101,25,60.3448275862069,51.724137931034484,8.620689655172415
E00123662,183,43,11,32,140,129,11,23.497267759562842,6.0109289617486334,17.48633879781421,76.50273224043715,70.49180327868852,6.0109289617486334
E00123663,245,82,24,58,163,134,29,33.46938775510204,9.795918367346939,23.6734693877551,66.53061224489795,54.69387755102041,11.83673469387755
E00123664,171,60,21,39,111,89,22,35.08771929824561,12.280701754385964,22.807017543859647,64.91228070175438,52.046783625730995,12.865497076023392
E00123665,224,62,22,40,162,140,22,27.67857142857143,9.821428571428571,17.857142857142858,72.32142857142857,62.5,9.821428571428571
E00123667,238,84,22,62,154,119,35,35.294117647058826,9.243697478991598,26.05042016806723,64.70588235294117,50,14.705882352941178
E00123669,178,48,15,33,130,98,32,26.96629213483146,8.426966292134832,18.53932584269663,73.03370786516854,55.0561797752809,17.97752808988764
E00123670,137,49,25,24,88,66,22,35.76642335766424,18.248175182481752,17.51824817518248,64.23357664233576,48.175182481751825,16.05839416058394
E00123671,147,25,7,18,122,95,27,17.006802721088434,4.761904761904762,12.244897959183673,82.99319727891157,64.62585034013605,18.367346938775512
E00123672,114,29,12,17,85,66,19,25.438596491228072,10.526315789473683,14.912280701754385,74.56140350877193,57.89473684210527,16.666666666666664
E00123673,126,34,12,22,92,73,19,26.984126984126984,9.523809523809524,17.46031746031746,73.01587301587301,57.936507936507944,15.079365079365079
E00123674,121,32,11,21,89,70,19,26.446280991735538,9.090909090909092,17.355371900826448,73.55371900826447,57.85123966942148,15.702479338842975
E00123675,209,70,43,27,139,96,43,33.49282296650718,20.574162679425836,12.918660287081341,66.50717703349282,45.933014354066984,20.574162679425836
E00123676,128,35,17,18,93,79,14,27.34375,13.28125,14.0625,72.65625,61.71875,10.9375
E00123677,126,43,13,30,83,66,17,34.12698412698413,10.317460317460316,23.809523809523807,65.87301587301587,52.38095238095239,13.492063492063492
E00123678,161,56,21,35,105,77,28,34.78260869565217,13.043478260869565,21.73913043478261,65.21739130434783,47.82608695652174,17.391304347826086
E00123679,159,50,18,32,109,80,29,31.446540880503143,11.320754716981133,20.125786163522015,68.55345911949685,50.314465408805034,18.238993710691823
E00123680,148,47,11,36,101,78,23,31.756756756756754,7.4324324324324325,24.324324324324326,68.24324324324324,52.702702702702695,15.54054054054054
E00123681,260,80,33,47,180,139,41,30.76923076923077,12.692307692307692,18.076923076923077,69.23076923076923,53.46153846153846,15.769230769230768
E00123682,156,44,17,27,112,79,33,28.205128205128204,10.897435897435898,17.307692307692307,71.7948717948718,50.641025641025635,21.153846153846153
E00123683,211,56,19,37,155,128,27,26.540284360189574,9.004739336492891,17.535545023696685,73.45971563981043,60.66350710900474,12.796208530805686
E00123684,270,74,32,42,196,127,69,27.40740740740741,11.851851851851853,15.555555555555555,72.5925925925926,47.03703703703704,25.555555555555554
E00123685,209,64,27,37,145,105,40,30.62200956937799,12.918660287081341,17.703349282296653,69.377990430622,50.23923444976076,19.138755980861244
E00123686,196,68,30,38,128,97,31,34.69387755102041,15.306122448979592,19.387755102040817,65.3061224489796,49.48979591836735,15.816326530612246
E00123687,128,40,13,27,88,74,14,31.25,10.15625,21.09375,68.75,57.8125,10.9375
E00123689,73,26,9,17,47,40,7,35.61643835616438,12.32876712328767,23.28767123287671,64.38356164383562,54.794520547945204,9.58904109589041
E00123690,107,35,10,25,72,60,12,32.71028037383177,9.345794392523365,23.364485981308412,67.28971962616822,56.074766355140184,11.214953271028037
E00123691,209,59,25,34,150,125,25,28.22966507177033,11.961722488038278,16.267942583732058,71.77033492822966,59.80861244019139,11.961722488038278
E00123692,122,40,19,21,82,66,16,32.78688524590164,15.573770491803279,17.21311475409836,67.21311475409836,54.09836065573771,13.114754098360656
E00123693,99,29,12,17,70,57,13,29.292929292929294,12.121212121212121,17.17171717171717,70.70707070707071,57.57575757575758,13.131313131313133
E00123694,142,47,25,22,95,59,36,33.098591549295776,17.6056338028169,15.492957746478872,66.90140845070422,41.54929577464789,25.352112676056336
E00123695,138,50,27,23,88,60,28,36.231884057971016,19.565217391304348,16.666666666666664,63.76811594202898,43.47826086956522,20.28985507246377
E00123696,173,55,22,33,118,91,27,31.79190751445087,12.716763005780345,19.07514450867052,68.20809248554913,52.601156069364166,15.606936416184972
E00123697,167,46,16,30,121,103,18,27.54491017964072,9.580838323353294,17.964071856287426,72.45508982035929,61.67664670658682,10.778443113772456
E00123698,168,56,19,37,112,97,15,33.33333333333333,11.30952380952381,22.023809523809522,66.66666666666666,57.738095238095234,8.928571428571429
E00123699,142,47,21,26,95,79,16,33.098591549295776,14.788732394366196,18.30985915492958,66.90140845070422,55.633802816901415,11.267605633802818
E00123701,200,53,17,36,147,124,23,26.5,8.5,18,73.5,62,11.5
E00123702,232,49,11,38,183,160,23,21.120689655172413,4.741379310344827,16.379310344827587,78.87931034482759,68.96551724137932,9.913793103448276
E00123703,87,26,5,21,61,56,5,29.88505747126437,5.747126436781609,24.137931034482758,70.11494252873564,64.36781609195403,5.747126436781609
E00123704,244,76,35,41,168,125,43,31.147540983606557,14.344262295081966,16.80327868852459,68.85245901639344,51.229508196721305,17.62295081967213
E00123706,213,48,15,33,165,143,22,22.535211267605636,7.042253521126761,15.492957746478872,77.46478873239437,67.13615023474179,10.328638497652582
E00123707,159,36,12,24,123,103,20,22.641509433962266,7.547169811320755,15.09433962264151,77.35849056603774,64.77987421383648,12.578616352201259
E00123708,161,36,11,25,125,106,19,22.36024844720497,6.832298136645963,15.527950310559005,77.63975155279503,65.83850931677019,11.801242236024844
E00123709,180,49,19,30,131,109,22,27.22222222222222,10.555555555555555,16.666666666666664,72.77777777777777,60.55555555555555,12.222222222222221
E00123710,147,40,12,28,107,86,21,27.2108843537415,8.16326530612245,19.047619047619047,72.78911564625851,58.50340136054422,14.285714285714285
E00123711,253,66,23,43,187,151,36,26.08695652173913,9.090909090909092,16.99604743083004,73.91304347826086,59.683794466403164,14.229249011857709
E00123713,213,42,12,30,171,148,23,19.718309859154928,5.633802816901409,14.084507042253522,80.28169014084507,69.48356807511738,10.7981220657277
E00123714,204,64,20,44,140,111,29,31.372549019607842,9.803921568627452,21.568627450980394,68.62745098039215,54.41176470588235,14.215686274509803
E00123715,303,71,18,53,232,196,36,23.432343234323433,5.9405940594059405,17.491749174917494,76.56765676567657,64.68646864686468,11.881188118811881
E00123716,160,51,17,34,109,82,27,31.874999999999996,10.625,21.25,68.125,51.24999999999999,16.875
E00123717,170,76,31,45,94,81,13,44.70588235294118,18.235294117647058,26.47058823529412,55.294117647058826,47.647058823529406,7.647058823529412
E00123718,173,63,17,46,110,94,16,36.41618497109826,9.826589595375722,26.589595375722542,63.58381502890174,54.33526011560693,9.248554913294797
E00123719,190,66,14,52,124,103,21,34.73684210526316,7.368421052631578,27.368421052631582,65.26315789473685,54.21052631578947,11.052631578947368
E00123721,106,23,8,15,83,72,11,21.69811320754717,7.547169811320755,14.150943396226415,78.30188679245283,67.9245283018868,10.377358490566039
E00123722,185,50,14,36,135,114,21,27.027027027027028,7.567567567567568,19.45945945945946,72.97297297297297,61.62162162162163,11.351351351351353
E00123723,76,27,11,16,49,41,8,35.526315789473685,14.473684210526317,21.052631578947366,64.47368421052632,53.94736842105263,10.526315789473683
E00123724,220,35,11,24,185,161,24,15.909090909090908,5,10.909090909090908,84.0909090909091,73.18181818181819,10.909090909090908
E00123726,161,66,20,46,95,76,19,40.993788819875775,12.422360248447205,28.57142857142857,59.006211180124225,47.20496894409938,11.801242236024844
E00123727,197,58,24,34,139,114,25,29.441624365482234,12.18274111675127,17.258883248730964,70.55837563451777,57.868020304568525,12.690355329949238
E00123729,180,49,15,34,131,109,22,27.22222222222222,8.333333333333332,18.88888888888889,72.77777777777777,60.55555555555555,12.222222222222221
E00123730,178,47,11,36,131,112,19,26.40449438202247,6.179775280898876,20.224719101123593,73.59550561797754,62.92134831460674,10.674157303370785
E00123731,207,61,19,42,146,124,22,29.468599033816425,9.178743961352657,20.28985507246377,70.53140096618358,59.90338164251207,10.628019323671497
E00123732,173,43,10,33,130,115,15,24.85549132947977,5.780346820809249,19.07514450867052,75.14450867052022,66.47398843930635,8.670520231213873
E00123733,170,36,13,23,134,112,22,21.176470588235293,7.647058823529412,13.529411764705882,78.82352941176471,65.88235294117646,12.941176470588237
E00123734,181,40,10,30,141,116,25,22.099447513812155,5.524861878453039,16.574585635359114,77.90055248618785,64.08839779005525,13.812154696132598
E00123735,139,49,13,36,90,83,7,35.25179856115108,9.352517985611511,25.899280575539567,64.74820143884892,59.71223021582733,5.0359712230215825
E00123736,196,38,14,24,158,133,25,19.387755102040817,7.142857142857142,12.244897959183673,80.61224489795919,67.85714285714286,12.755102040816327
E00123737,141,45,18,27,96,72,24,31.914893617021278,12.76595744680851,19.148936170212767,68.08510638297872,51.06382978723404,17.02127659574468
E00123738,125,37,26,11,88,54,34,29.599999999999998,20.8,8.799999999999999,70.39999999999999,43.2,27.200000000000003
E00123739,127,31,11,20,96,72,24,24.409448818897637,8.661417322834646,15.748031496062993,75.59055118110236,56.69291338582677,18.89763779527559
E00123740,206,74,34,40,132,99,33,35.92233009708738,16.50485436893204,19.41747572815534,64.07766990291263,48.05825242718447,16.019417475728158
E00123741,124,40,9,31,84,57,27,32.25806451612903,7.258064516129033,25,67.74193548387096,45.96774193548387,21.774193548387096
E00123742,252,69,31,38,183,120,63,27.380952380952383,12.3015873015873,15.079365079365079,72.61904761904762,47.61904761904761,25
E00123743,203,50,21,29,153,130,23,24.63054187192118,10.344827586206897,14.285714285714285,75.36945812807882,64.03940886699507,11.330049261083744
E00123744,213,66,27,39,147,107,40,30.985915492957744,12.676056338028168,18.30985915492958,69.01408450704226,50.23474178403756,18.779342723004692
E00123745,152,47,15,32,105,85,20,30.92105263157895,9.868421052631579,21.052631578947366,69.07894736842105,55.92105263157895,13.157894736842104
E00123746,135,38,15,23,97,79,18,28.14814814814815,11.11111111111111,17.037037037037038,71.85185185185186,58.51851851851851,13.333333333333334
E00123747,247,88,34,54,159,130,29,35.62753036437247,13.765182186234817,21.86234817813765,64.37246963562752,52.63157894736842,11.740890688259109
E00123748,160,49,23,26,111,88,23,30.625000000000004,14.374999999999998,16.25,69.375,55.00000000000001,14.374999999999998
E00123749,148,46,27,19,102,78,24,31.08108108108108,18.243243243243242,12.837837837837837,68.91891891891892,52.702702702702695,16.216216216216218
E00123750,154,38,13,25,116,98,18,24.675324675324674,8.441558441558442,16.233766233766232,75.32467532467533,63.63636363636363,11.688311688311687
E00123751,195,65,29,36,130,107,23,33.33333333333333,14.871794871794872,18.461538461538463,66.66666666666666,54.871794871794876,11.794871794871794
E00123752,124,38,14,24,86,74,12,30.64516129032258,11.29032258064516,19.35483870967742,69.35483870967742,59.67741935483871,9.67741935483871
E00123753,157,48,22,26,109,85,24,30.573248407643312,14.012738853503185,16.560509554140125,69.42675159235668,54.14012738853503,15.286624203821656
E00123755,206,51,23,28,155,116,39,24.75728155339806,11.165048543689322,13.592233009708737,75.24271844660194,56.310679611650485,18.932038834951456
E00123756,262,58,19,39,204,163,41,22.137404580152673,7.251908396946565,14.885496183206106,77.86259541984732,62.213740458015266,15.648854961832063
E00123757,138,29,14,15,109,83,26,21.014492753623188,10.144927536231885,10.869565217391305,78.98550724637681,60.14492753623188,18.84057971014493
E00123758,272,85,31,54,187,142,45,31.25,11.397058823529411,19.852941176470587,68.75,52.20588235294118,16.544117647058822
E00123759,237,51,25,26,186,152,34,21.518987341772153,10.548523206751055,10.970464135021098,78.48101265822784,64.13502109704642,14.345991561181433
E00123760,126,31,14,17,95,84,11,24.6031746031746,11.11111111111111,13.492063492063492,75.39682539682539,66.66666666666666,8.73015873015873
E00123761,101,32,13,19,69,48,21,31.683168316831683,12.871287128712872,18.81188118811881,68.31683168316832,47.524752475247524,20.792079207920793
E00123762,228,64,28,36,164,112,52,28.07017543859649,12.280701754385964,15.789473684210526,71.9298245614035,49.122807017543856,22.807017543859647
E00123763,148,47,13,34,101,84,17,31.756756756756754,8.783783783783784,22.972972972972975,68.24324324324324,56.75675675675676,11.486486486486488
E00123764,174,51,18,33,123,98,25,29.310344827586203,10.344827586206897,18.96551724137931,70.6896551724138,56.32183908045977,14.367816091954023
E00123765,123,39,12,27,84,71,13,31.70731707317073,9.75609756097561,21.951219512195124,68.29268292682927,57.72357723577236,10.569105691056912
E00123766,173,60,23,37,113,84,29,34.68208092485549,13.294797687861271,21.38728323699422,65.3179190751445,48.554913294797686,16.76300578034682
E00123767,112,26,9,17,86,65,21,23.214285714285715,8.035714285714286,15.178571428571427,76.78571428571429,58.03571428571429,18.75
E00123768,163,57,24,33,106,74,32,34.96932515337423,14.723926380368098,20.245398773006134,65.03067484662577,45.39877300613497,19.631901840490798
E00123769,243,85,42,43,158,114,44,34.97942386831276,17.28395061728395,17.695473251028808,65.02057613168725,46.913580246913575,18.106995884773664
E00123770,125,44,15,29,81,67,14,35.199999999999996,12,23.200000000000003,64.8,53.6,11.200000000000001
E00123771,300,85,37,48,215,171,44,28.333333333333332,12.333333333333334,16,71.66666666666667,56.99999999999999,14.666666666666666
E00123772,142,45,14,31,97,80,17,31.690140845070424,9.859154929577464,21.830985915492956,68.30985915492957,56.33802816901409,11.971830985915492
E00123773,222,76,35,41,146,101,45,34.234234234234236,15.765765765765765,18.46846846846847,65.76576576576578,45.4954954954955,20.27027027027027
E00123774,225,67,35,32,158,117,41,29.777777777777775,15.555555555555555,14.222222222222221,70.22222222222221,52,18.22222222222222
E00123777,97,27,12,15,70,58,12,27.835051546391753,12.371134020618557,15.463917525773196,72.16494845360825,59.79381443298969,12.371134020618557
E00123779,159,52,15,37,107,86,21,32.70440251572327,9.433962264150944,23.270440251572328,67.29559748427673,54.088050314465406,13.20754716981132
E00123780,266,66,20,46,200,161,39,24.81203007518797,7.518796992481203,17.293233082706767,75.18796992481202,60.526315789473685,14.661654135338345
E00123781,276,75,27,48,201,158,43,27.173913043478258,9.782608695652174,17.391304347826086,72.82608695652173,57.2463768115942,15.579710144927535
E00123782,216,45,18,27,171,154,17,20.833333333333336,8.333333333333332,12.5,79.16666666666666,71.29629629629629,7.87037037037037
E00123783,215,59,25,34,156,121,35,27.44186046511628,11.627906976744185,15.813953488372093,72.55813953488372,56.27906976744186,16.27906976744186
E00123784,144,51,16,35,93,79,14,35.41666666666667,11.11111111111111,24.305555555555554,64.58333333333334,54.861111111111114,9.722222222222223
E00123785,199,42,16,26,157,132,25,21.105527638190953,8.040201005025125,13.06532663316583,78.89447236180904,66.33165829145729,12.562814070351758
E00123786,153,27,9,18,126,107,19,17.647058823529413,5.88235294117647,11.76470588235294,82.35294117647058,69.93464052287581,12.418300653594772
E00123787,205,46,16,30,159,136,23,22.439024390243905,7.804878048780488,14.634146341463413,77.5609756097561,66.34146341463415,11.219512195121952
E00123789,172,32,12,20,140,120,20,18.6046511627907,6.976744186046512,11.627906976744185,81.3953488372093,69.76744186046511,11.627906976744185
E00123790,122,27,7,20,95,76,19,22.131147540983605,5.737704918032787,16.39344262295082,77.8688524590164,62.295081967213115,15.573770491803279
E00123791,138,51,10,41,87,66,21,36.95652173913043,7.246376811594203,29.71014492753623,63.04347826086957,47.82608695652174,15.217391304347828
E00123792,171,64,24,40,107,82,25,37.42690058479532,14.035087719298245,23.391812865497073,62.57309941520468,47.953216374269005,14.619883040935672
E00123793,154,40,16,24,114,90,24,25.97402597402597,10.38961038961039,15.584415584415584,74.02597402597402,58.44155844155844,15.584415584415584
E00123794,189,59,25,34,130,104,26,31.216931216931215,13.227513227513226,17.989417989417987,68.78306878306879,55.026455026455025,13.756613756613756
E00123795,281,57,23,34,224,186,38,20.284697508896798,8.185053380782918,12.099644128113878,79.7153024911032,66.19217081850533,13.523131672597867
E00123796,123,38,10,28,85,76,9,30.89430894308943,8.130081300813007,22.76422764227642,69.10569105691057,61.78861788617886,7.317073170731707
E00123797,148,51,21,30,97,85,12,34.45945945945946,14.18918918918919,20.27027027027027,65.54054054054053,57.432432432432435,8.108108108108109
E00123798,159,49,16,33,110,85,25,30.81761006289308,10.062893081761008,20.754716981132077,69.18238993710692,53.459119496855344,15.723270440251572
E00123799,95,34,15,19,61,53,8,35.78947368421053,15.789473684210526,20,64.21052631578948,55.78947368421052,8.421052631578947
E00123800,91,24,9,15,67,51,16,26.373626373626376,9.89010989010989,16.483516483516482,73.62637362637363,56.043956043956044,17.582417582417584
E00123801,139,36,11,25,103,79,24,25.899280575539567,7.913669064748201,17.985611510791365,74.10071942446042,56.83453237410072,17.26618705035971
E00123802,216,62,28,34,154,112,42,28.703703703703702,12.962962962962962,15.74074074074074,71.29629629629629,51.85185185185185,19.444444444444446
E00123803,150,51,27,24,99,79,20,34,18,16,66,52.666666666666664,13.333333333333334
E00123804,91,22,9,13,69,49,20,24.175824175824175,9.89010989010989,14.285714285714285,75.82417582417582,53.84615384615385,21.978021978021978
E00123805,76,17,9,8,59,47,12,22.36842105263158,11.842105263157894,10.526315789473683,77.63157894736842,61.8421052631579,15.789473684210526
E00123806,216,86,38,48,130,93,37,39.81481481481482,17.59259259259259,22.22222222222222,60.18518518518518,43.05555555555556,17.12962962962963
E00123807,199,58,20,38,141,98,43,29.145728643216078,10.050251256281408,19.09547738693467,70.85427135678391,49.246231155778894,21.608040201005025
E00123808,47,15,7,8,32,21,11,31.914893617021278,14.893617021276595,17.02127659574468,68.08510638297872,44.680851063829785,23.404255319148938
E00123809,106,32,11,21,74,55,19,30.18867924528302,10.377358490566039,19.81132075471698,69.81132075471697,51.886792452830186,17.92452830188679
E00123810,128,51,9,42,77,60,17,39.84375,7.03125,32.8125,60.15625,46.875,13.28125
E00123812,92,40,13,27,52,41,11,43.47826086956522,14.130434782608695,29.347826086956523,56.52173913043478,44.565217391304344,11.956521739130435
E00123813,83,32,9,23,51,41,10,38.55421686746988,10.843373493975903,27.710843373493976,61.44578313253012,49.39759036144578,12.048192771084338
E00123814,112,34,7,27,78,63,15,30.357142857142854,6.25,24.107142857142858,69.64285714285714,56.25,13.392857142857142
E00123815,143,40,10,30,103,92,11,27.972027972027973,6.993006993006993,20.97902097902098,72.02797202797203,64.33566433566433,7.6923076923076925
E00123816,145,43,8,35,102,88,14,29.655172413793103,5.517241379310345,24.137931034482758,70.34482758620689,60.689655172413794,9.655172413793103
E00123817,92,32,8,24,60,50,10,34.78260869565217,8.695652173913043,26.08695652173913,65.21739130434783,54.347826086956516,10.869565217391305
E00123819,167,61,17,44,106,82,24,36.52694610778443,10.179640718562874,26.34730538922156,63.47305389221557,49.101796407185624,14.37125748502994
E00123821,164,48,14,34,116,96,20,29.268292682926827,8.536585365853659,20.73170731707317,70.73170731707317,58.536585365853654,12.195121951219512
E00123822,100,28,6,22,72,60,12,28.000000000000004,6,22,72,60,12
E00123824,137,45,13,32,92,81,11,32.846715328467155,9.48905109489051,23.357664233576642,67.15328467153284,59.12408759124088,8.02919708029197
E00123825,153,46,11,35,107,90,17,30.065359477124183,7.18954248366013,22.875816993464053,69.93464052287581,58.82352941176471,11.11111111111111
E00123826,172,53,23,30,119,97,22,30.813953488372093,13.372093023255813,17.441860465116278,69.18604651162791,56.395348837209305,12.790697674418606
E00123827,159,52,14,38,107,89,18,32.70440251572327,8.80503144654088,23.89937106918239,67.29559748427673,55.9748427672956,11.320754716981133
E00123828,180,55,24,31,125,101,24,30.555555555555557,13.333333333333334,17.22222222222222,69.44444444444444,56.111111111111114,13.333333333333334
E00123829,145,46,15,31,99,83,16,31.724137931034484,10.344827586206897,21.379310344827587,68.27586206896552,57.24137931034483,11.03448275862069
E00123830,158,51,20,31,107,96,11,32.278481012658226,12.658227848101266,19.62025316455696,67.72151898734177,60.75949367088608,6.962025316455696
E00123831,156,40,13,27,116,97,19,25.64102564102564,8.333333333333332,17.307692307692307,74.35897435897436,62.17948717948718,12.179487179487179
E00123832,166,47,14,33,119,98,21,28.313253012048197,8.433734939759036,19.879518072289155,71.6867469879518,59.036144578313255,12.650602409638553
E00123833,187,60,21,39,127,112,15,32.085561497326204,11.229946524064172,20.855614973262032,67.9144385026738,59.893048128342244,8.0213903743315509
E00123834,178,51,16,35,127,105,22,28.651685393258425,8.98876404494382,19.662921348314608,71.34831460674157,58.98876404494382,12.359550561797752
E00123835,145,37,12,25,108,94,14,25.517241379310345,8.275862068965518,17.24137931034483,74.48275862068967,64.82758620689654,9.655172413793103
E00123836,161,49,21,28,112,100,12,30.434782608695656,13.043478260869565,17.391304347826086,69.56521739130434,62.11180124223602,7.453416149068323
E00123837,195,65,23,42,130,104,26,33.33333333333333,11.794871794871794,21.53846153846154,66.66666666666666,53.333333333333336,13.333333333333334
E00123838,148,51,14,37,97,85,12,34.45945945945946,9.45945945945946,25,65.54054054054053,57.432432432432435,8.108108108108109
E00123839,190,58,19,39,132,107,25,30.526315789473685,10,20.526315789473685,69.47368421052632,56.315789473684205,13.157894736842104
E00123840,203,53,18,35,150,122,28,26.108374384236456,8.866995073891626,17.24137931034483,73.89162561576354,60.09852216748769,13.793103448275861
E00123841,179,58,19,39,121,107,14,32.402234636871505,10.614525139664805,21.787709497206702,67.59776536312849,59.77653631284916,7.82122905027933
E00123842,145,44,14,30,101,81,20,30.344827586206897,9.655172413793103,20.689655172413794,69.6551724137931,55.86206896551724,13.793103448275861
E00123843,192,59,16,43,133,107,26,30.729166666666668,8.333333333333332,22.395833333333336,69.27083333333334,55.729166666666664,13.541666666666666
E00123844,100,43,15,28,57,47,10,43,15,28.000000000000004,56.99999999999999,47,10
E00123845,170,45,14,31,125,107,18,26.47058823529412,8.235294117647058,18.235294117647058,73.52941176470588,62.94117647058823,10.588235294117647
E00123846,133,43,17,26,90,79,11,32.33082706766917,12.781954887218044,19.548872180451127,67.66917293233082,59.3984962406015,8.270676691729323
E00123847,164,51,14,37,113,89,24,31.097560975609756,8.536585365853659,22.5609756097561,68.90243902439023,54.268292682926834,14.634146341463413
E00123848,144,43,14,29,101,81,20,29.86111111111111,9.722222222222223,20.13888888888889,70.13888888888889,56.25,13.88888888888889
E00123849,169,51,14,37,118,91,27,30.17751479289941,8.284023668639055,21.893491124260358,69.8224852071006,53.84615384615385,15.976331360946746
E00123850,153,36,12,24,117,105,12,23.52941176470588,7.8431372549019605,15.686274509803921,76.47058823529412,68.62745098039215,7.8431372549019605
E00123851,157,38,15,23,119,97,22,24.203821656050955,9.554140127388536,14.64968152866242,75.79617834394905,61.78343949044586,14.012738853503185
E00123852,98,29,7,22,69,58,11,29.591836734693878,7.142857142857142,22.448979591836736,70.40816326530613,59.183673469387756,11.224489795918368
E00123853,168,42,13,29,126,111,15,25,7.738095238095238,17.261904761904763,75,66.07142857142857,8.928571428571429
E00123854,128,30,8,22,98,81,17,23.4375,6.25,17.1875,76.5625,63.28125,13.28125
E00123855,144,38,5,33,106,94,12,26.38888888888889,3.4722222222222223,22.916666666666664,73.61111111111111,65.27777777777779,8.333333333333332
E00123856,141,47,9,38,94,76,18,33.33333333333333,6.382978723404255,26.95035460992908,66.66666666666666,53.90070921985816,12.76595744680851
E00123857,114,32,10,22,82,72,10,28.07017543859649,8.771929824561402,19.298245614035086,71.9298245614035,63.1578947368421,8.771929824561402
E00123858,107,38,9,29,69,61,8,35.51401869158878,8.411214953271028,27.102803738317753,64.48598130841121,57.009345794392516,7.476635514018691
E00123859,76,22,4,18,54,45,9,28.947368421052634,5.263157894736842,23.684210526315788,71.05263157894737,59.210526315789465,11.842105263157894
E00123860,81,22,5,17,59,50,9,27.160493827160494,6.172839506172839,20.98765432098765,72.8395061728395,61.72839506172839,11.11111111111111
E00123861,157,44,17,27,113,92,21,28.02547770700637,10.828025477707007,17.197452229299362,71.97452229299363,58.59872611464968,13.375796178343949
E00123862,122,38,11,27,84,74,10,31.147540983606557,9.01639344262295,22.131147540983605,68.85245901639344,60.65573770491803,8.19672131147541
E00123863,137,39,5,34,98,81,17,28.467153284671532,3.64963503649635,24.817518248175183,71.53284671532847,59.12408759124088,12.408759124087592
E00123864,52,16,7,9,36,27,9,30.76923076923077,13.461538461538462,17.307692307692307,69.23076923076923,51.92307692307693,17.307692307692307
E00123865,183,56,20,36,127,109,18,30.601092896174865,10.92896174863388,19.672131147540984,69.39890710382514,59.56284153005464,9.836065573770492
E00123866,193,57,17,40,136,111,25,29.533678756476682,8.808290155440414,20.72538860103627,70.46632124352331,57.51295336787565,12.953367875647666
E00123867,148,27,12,15,121,104,17,18.243243243243242,8.108108108108109,10.135135135135135,81.75675675675676,70.27027027027027,11.486486486486488
E00123868,127,48,10,38,79,68,11,37.79527559055118,7.874015748031496,29.92125984251969,62.20472440944882,53.54330708661418,8.661417322834646
E00123869,161,38,4,34,123,88,35,23.60248447204969,2.484472049689441,21.11801242236025,76.3975155279503,54.6583850931677,21.73913043478261
E00123870,167,45,14,31,122,109,13,26.94610778443114,8.383233532934131,18.562874251497004,73.05389221556887,65.26946107784431,7.784431137724551
E00123871,124,34,13,21,90,69,21,27.419354838709676,10.483870967741936,16.93548387096774,72.58064516129032,55.64516129032258,16.93548387096774
E00123872,202,69,32,37,133,107,26,34.15841584158416,15.841584158415841,18.316831683168317,65.84158415841584,52.97029702970298,12.871287128712872
E00123873,95,36,22,14,59,47,12,37.89473684210527,23.157894736842106,14.736842105263156,62.10526315789474,49.473684210526315,12.631578947368421
E00123874,152,45,16,29,107,91,16,29.605263157894733,10.526315789473683,19.078947368421055,70.39473684210526,59.86842105263158,10.526315789473683
E00123875,140,37,15,22,103,88,15,26.42857142857143,10.714285714285714,15.714285714285714,73.57142857142858,62.857142857142854,10.714285714285714
E00123876,124,33,15,18,91,75,16,26.61290322580645,12.096774193548388,14.516129032258066,73.38709677419355,60.483870967741936,12.903225806451612
E00123878,204,55,20,35,149,126,23,26.96078431372549,9.803921568627452,17.15686274509804,73.0392156862745,61.76470588235294,11.27450980392157
E00123880,84,25,10,15,59,51,8,29.761904761904763,11.904761904761903,17.857142857142858,70.23809523809523,60.71428571428571,9.523809523809524
E00123881,234,71,30,41,163,132,31,30.34188034188034,12.82051282051282,17.52136752136752,69.65811965811966,56.41025641025641,13.247863247863249
E00123882,179,52,11,41,127,106,21,29.05027932960894,6.145251396648044,22.905027932960895,70.94972067039106,59.217877094972074,11.731843575418994
E00123883,154,36,8,28,118,100,18,23.376623376623375,5.194805194805195,18.181818181818183,76.62337662337663,64.93506493506493,11.688311688311687
E00123884,146,33,15,18,113,87,26,22.602739726027394,10.273972602739725,12.32876712328767,77.3972602739726,59.589041095890416,17.80821917808219
E00123885,123,34,13,21,89,66,23,27.64227642276423,10.569105691056912,17.073170731707318,72.35772357723577,53.65853658536586,18.69918699186992
E00123887,149,42,12,30,107,87,20,28.187919463087248,8.053691275167784,20.13422818791946,71.81208053691275,58.38926174496645,13.422818791946309
E00123888,293,79,19,60,214,178,36,26.96245733788396,6.484641638225256,20.477815699658702,73.03754266211604,60.75085324232082,12.286689419795222
E00123889,155,48,14,34,107,94,13,30.967741935483872,9.032258064516128,21.935483870967744,69.03225806451613,60.64516129032258,8.38709677419355
E00123890,133,41,8,33,92,78,14,30.82706766917293,6.015037593984962,24.81203007518797,69.17293233082707,58.64661654135338,10.526315789473683
E00123892,173,55,24,31,118,98,20,31.79190751445087,13.872832369942195,17.91907514450867,68.20809248554913,56.64739884393064,11.560693641618498
E00123893,296,76,27,49,220,190,30,25.675675675675674,9.121621621621621,16.554054054054053,74.32432432432432,64.1891891891892,10.135135135135135
E00123894,163,46,11,35,117,107,10,28.22085889570552,6.748466257668712,21.472392638036812,71.77914110429448,65.6441717791411,6.134969325153374
E00123895,276,68,23,45,208,166,42,24.637681159420293,8.333333333333332,16.304347826086957,75.36231884057972,60.14492753623188,15.217391304347828
E00123896,182,56,21,35,126,105,21,30.76923076923077,11.538461538461538,19.230769230769234,69.23076923076923,57.692307692307686,11.538461538461538
E00123897,213,53,23,30,160,132,28,24.88262910798122,10.7981220657277,14.084507042253522,75.11737089201877,61.97183098591549,13.145539906103288
E00123898,160,52,28,24,108,85,23,32.5,17.5,15,67.5,53.125,14.374999999999998
E00123899,317,72,31,41,245,205,40,22.71293375394322,9.779179810725552,12.933753943217665,77.28706624605678,64.66876971608832,12.618296529968454
E00123900,154,49,13,36,105,88,17,31.818181818181817,8.441558441558442,23.376623376623375,68.18181818181817,57.14285714285714,11.03896103896104
E00123901,145,49,23,26,96,77,19,33.793103448275865,15.862068965517242,17.93103448275862,66.20689655172414,53.103448275862064,13.10344827586207
E00123902,150,47,13,34,103,82,21,31.333333333333336,8.666666666666668,22.666666666666664,68.66666666666667,54.666666666666664,14.000000000000002
E00123903,162,44,18,26,118,97,21,27.160493827160494,11.11111111111111,16.049382716049383,72.8395061728395,59.876543209876544,12.962962962962962
E00123904,149,50,22,28,99,80,19,33.557046979865774,14.76510067114094,18.79194630872483,66.44295302013423,53.691275167785236,12.751677852348994
E00123905,231,62,30,32,169,135,34,26.83982683982684,12.987012987012985,13.852813852813853,73.16017316017316,58.44155844155844,14.71861471861472
E00123906,125,43,14,29,82,69,13,34.4,11.200000000000001,23.200000000000003,65.60000000000001,55.2,10.4
E00123907,148,47,22,25,101,91,10,31.756756756756754,14.864864864864865,16.89189189189189,68.24324324324324,61.48648648648649,6.756756756756757
E00123908,236,75,28,47,161,125,36,31.779661016949152,11.864406779661017,19.915254237288135,68.22033898305084,52.96610169491526,15.254237288135593
E00123909,121,45,14,31,76,66,10,37.1900826446281,11.570247933884298,25.6198347107438,62.8099173553719,54.54545454545454,8.264462809917356
E00123910,137,50,12,38,87,73,14,36.496350364963504,8.75912408759124,27.73722627737226,63.503649635036496,53.284671532846716,10.218978102189782
E00123911,282,93,41,52,189,120,69,32.97872340425532,14.539007092198581,18.439716312056735,67.02127659574468,42.5531914893617,24.46808510638298
E00123912,131,33,10,23,98,72,26,25.190839694656486,7.633587786259542,17.557251908396946,74.80916030534351,54.961832061068705,19.84732824427481
E00123913,144,44,17,27,100,78,22,30.555555555555557,11.805555555555555,18.75,69.44444444444444,54.166666666666664,15.277777777777779
E00123914,137,40,12,28,97,74,23,29.1970802919708,8.75912408759124,20.437956204379564,70.8029197080292,54.01459854014598,16.78832116788321
E00123915,168,47,19,28,121,100,21,27.976190476190478,11.30952380952381,16.666666666666664,72.02380952380952,59.523809523809526,12.5
E00123916,192,63,39,24,129,97,32,32.8125,20.3125,12.5,67.1875,50.520833333333336,16.666666666666664
E00123917,144,33,15,18,111,82,29,22.916666666666664,10.416666666666668,12.5,77.08333333333334,56.94444444444444,20.13888888888889
E00123918,174,47,18,29,127,86,41,27.011494252873565,10.344827586206897,16.666666666666664,72.98850574712644,49.42528735632184,23.563218390804597
E00170334,197,67,14,53,130,114,16,34.01015228426396,7.1065989847715745,26.903553299492383,65.98984771573603,57.868020304568525,8.121827411167512
E00170335,198,59,21,38,139,112,27,29.797979797979796,10.606060606060606,19.19191919191919,70.2020202020202,56.56565656565656,13.636363636363635
E00170336,278,42,17,25,236,199,37,15.107913669064748,6.115107913669065,8.992805755395683,84.89208633093526,71.58273381294964,13.309352517985612
E00170337,165,40,21,19,125,101,24,24.242424242424242,12.727272727272727,11.515151515151516,75.75757575757575,61.212121212121204,14.545454545454545
E00170338,115,28,7,21,87,80,7,24.347826086956523,6.086956521739131,18.26086956521739,75.65217391304347,69.56521739130434,6.086956521739131
E00170339,191,53,20,33,138,118,20,27.748691099476442,10.471204188481675,17.277486910994764,72.25130890052355,61.78010471204188,10.471204188481675
E00170340,175,34,10,24,141,117,24,19.428571428571427,5.714285714285714,13.714285714285715,80.57142857142857,66.85714285714286,13.714285714285715
E00170342,206,41,11,30,165,135,30,19.902912621359224,5.339805825242718,14.563106796116504,80.09708737864078,65.53398058252428,14.563106796116504
E00170343,160,36,8,28,124,103,21,22.5,5,17.5,77.5,64.375,13.125
E00170344,176,49,16,33,127,98,29,27.84090909090909,9.090909090909092,18.75,72.1590909090909,55.68181818181818,16.477272727272727
E00170345,202,59,26,33,143,119,24,29.207920792079207,12.871287128712872,16.33663366336634,70.79207920792079,58.91089108910891,11.881188118811881
E00170346,178,32,14,18,146,123,23,17.97752808988764,7.865168539325842,10.112359550561797,82.02247191011236,69.10112359550563,12.921348314606742
E00170347,114,14,6,8,100,80,20,12.280701754385964,5.263157894736842,7.017543859649122,87.71929824561403,70.17543859649122,17.543859649122805
E00170348,176,23,11,12,153,139,14,13.068181818181818,6.25,6.8181818181818175,86.93181818181817,78.97727272727273,7.954545454545454
E00170349,59,14,8,6,45,34,11,23.728813559322035,13.559322033898304,10.16949152542373,76.27118644067797,57.6271186440678,18.64406779661017
E00170350,234,64,21,43,170,147,23,27.350427350427353,8.974358974358974,18.37606837606838,72.64957264957265,62.82051282051282,9.82905982905983
E00170351,179,44,12,32,135,114,21,24.581005586592177,6.70391061452514,17.877094972067038,75.41899441340783,63.687150837988824,11.731843575418994
E00170352,225,52,19,33,173,140,33,23.11111111111111,8.444444444444445,14.666666666666666,76.88888888888889,62.22222222222222,14.666666666666666
E00170353,162,51,12,39,111,88,23,31.48148148148148,7.4074074074074066,24.074074074074073,68.51851851851852,54.32098765432099,14.19753086419753
E00170354,200,64,25,39,136,111,25,32,12.5,19.5,68,55.50000000000001,12.5
E00170356,208,43,21,22,165,143,22,20.673076923076923,10.096153846153847,10.576923076923077,79.32692307692307,68.75,10.576923076923077
E00170359,394,72,23,49,322,260,62,18.274111675126903,5.83756345177665,12.436548223350254,81.7258883248731,65.98984771573603,15.736040609137056
E00170360,229,34,16,18,195,169,26,14.847161572052403,6.986899563318777,7.860262008733625,85.1528384279476,73.7991266375546,11.353711790393014
E00170361,109,28,12,16,81,69,12,25.688073394495415,11.009174311926607,14.678899082568808,74.31192660550458,63.30275229357798,11.009174311926607
E00170362,127,18,6,12,109,90,19,14.173228346456693,4.724409448818897,9.448818897637794,85.8267716535433,70.86614173228347,14.960629921259844
E00170363,198,61,11,50,137,112,25,30.808080808080806,5.555555555555555,25.252525252525253,69.1919191919192,56.56565656565656,12.626262626262626
E00170364,82,14,3,11,68,58,10,17.073170731707318,3.6585365853658534,13.414634146341465,82.92682926829268,70.73170731707317,12.195121951219512
E00170365,52,19,7,12,33,30,3,36.53846153846153,13.461538461538462,23.076923076923077,63.46153846153846,57.692307692307686,5.769230769230769
E00170366,144,32,10,22,112,96,16,22.22222222222222,6.944444444444445,15.277777777777779,77.77777777777779,66.66666666666666,11.11111111111111
E00170367,86,24,8,16,62,57,5,27.906976744186046,9.30232558139535,18.6046511627907,72.09302325581395,66.27906976744185,5.813953488372093
E00170368,213,50,18,32,163,146,17,23.474178403755868,8.450704225352112,15.023474178403756,76.52582159624414,68.54460093896714,7.981220657276995
E00170369,159,31,11,20,128,109,19,19.49685534591195,6.918238993710692,12.578616352201259,80.50314465408806,68.55345911949685,11.949685534591195
E00170370,154,29,14,15,125,104,21,18.83116883116883,9.090909090909092,9.740259740259742,81.16883116883116,67.53246753246754,13.636363636363635
E00170372,181,46,15,31,135,107,28,25.41436464088398,8.287292817679557,17.12707182320442,74.58563535911603,59.11602209944752,15.469613259668508
E00170373,226,75,35,40,151,105,46,33.1858407079646,15.486725663716813,17.699115044247787,66.8141592920354,46.46017699115044,20.353982300884958
E00170374,162,33,8,25,129,102,27,20.37037037037037,4.938271604938271,15.432098765432098,79.62962962962963,62.96296296296296,16.666666666666664
E00170375,198,50,21,29,148,120,28,25.252525252525253,10.606060606060606,14.646464646464647,74.74747474747475,60.60606060606061,14.14141414141414
E00170376,159,38,15,23,121,104,17,23.89937106918239,9.433962264150944,14.465408805031446,76.10062893081762,65.40880503144653,10.69182389937107
E00186663,331,87,43,44,244,195,49,26.283987915407852,12.990936555891238,13.293051359516618,73.71601208459214,58.91238670694864,14.803625377643503
E00186670,80,17,5,12,63,53,10,21.25,6.25,15,78.75,66.25,12.5
E00186674,79,18,0,18,61,51,10,22.78481012658228,0,22.78481012658228,77.21518987341773,64.55696202531645,12.658227848101266
E00186676,251,66,22,44,185,155,30,26.294820717131472,8.764940239043826,17.52988047808765,73.70517928286853,61.75298804780876,11.952191235059761
E00186678,149,43,17,26,106,86,20,28.859060402684566,11.409395973154362,17.449664429530202,71.14093959731544,57.71812080536913,13.422818791946309
E00186679,164,43,8,35,121,100,21,26.21951219512195,4.878048780487805,21.341463414634145,73.78048780487805,60.97560975609756,12.804878048780488
E00186682,190,62,23,39,128,101,27,32.631578947368425,12.105263157894736,20.526315789473685,67.36842105263158,53.1578947368421,14.210526315789473
E00186684,181,52,25,27,129,98,31,28.7292817679558,13.812154696132598,14.917127071823206,71.27071823204419,54.14364640883977,17.12707182320442
E00186687,122,24,5,19,98,79,19,19.672131147540984,4.098360655737705,15.573770491803279,80.32786885245902,64.75409836065575,15.573770491803279
E00186690,157,27,9,18,130,104,26,17.197452229299362,5.7324840764331215,11.464968152866243,82.80254777070064,66.2420382165605,16.560509554140125
E00186692,303,76,26,50,227,184,43,25.082508250825082,8.58085808580858,16.5016501650165,74.91749174917491,60.726072607260726,14.19141914191419
E00186696,72,13,9,4,59,49,10,18.055555555555554,12.5,5.555555555555555,81.94444444444444,68.05555555555556,13.88888888888889
E00186697,263,51,16,35,212,177,35,19.39163498098859,6.083650190114068,13.307984790874524,80.6083650190114,67.30038022813687,13.307984790874524
E00186698,167,32,11,21,135,112,23,19.16167664670659,6.58682634730539,12.574850299401197,80.83832335329342,67.06586826347305,13.77245508982036
E00186700,141,48,23,25,93,86,7,34.04255319148936,16.312056737588655,17.73049645390071,65.95744680851064,60.99290780141844,4.964539007092199
E00186702,95,23,11,12,72,50,22,24.210526315789473,11.578947368421053,12.631578947368421,75.78947368421053,52.63157894736842,23.157894736842106
E00186704,128,36,9,27,92,79,13,28.125,7.03125,21.09375,71.875,61.71875,10.15625
E00186706,332,79,19,60,253,218,35,23.795180722891565,5.72289156626506,18.072289156626507,76.20481927710844,65.66265060240963,10.542168674698797
E00186709,71,28,10,18,43,34,9,39.436619718309856,14.084507042253522,25.352112676056336,60.56338028169014,47.88732394366197,12.676056338028168
E00186714,219,38,14,24,181,153,28,17.35159817351598,6.392694063926941,10.95890410958904,82.64840182648402,69.86301369863014,12.785388127853881
E00186721,89,27,13,14,62,48,14,30.337078651685395,14.606741573033707,15.730337078651685,69.66292134831461,53.93258426966292,15.730337078651685
E00186722,102,33,14,19,69,51,18,32.35294117647059,13.725490196078432,18.627450980392158,67.64705882352942,50,17.647058823529413
E00186724,201,38,20,18,163,141,22,18.90547263681592,9.950248756218906,8.955223880597014,81.09452736318407,70.1492537313433,10.945273631840797
E00186727,135,29,7,22,106,91,15,21.48148148148148,5.185185185185185,16.296296296296298,78.51851851851852,67.4074074074074,11.11111111111111
E00186731,149,49,11,38,100,88,12,32.88590604026846,7.38255033557047,25.503355704697988,67.11409395973155,59.06040268456376,8.053691275167784
E00186732,161,39,10,29,122,95,27,24.22360248447205,6.211180124223603,18.012422360248447,75.77639751552795,59.006211180124225,16.77018633540373
E00186740,112,24,3,21,88,74,14,21.428571428571427,2.6785714285714284,18.75,78.57142857142857,66.07142857142857,12.5
E00186750,110,38,11,27,72,55,17,34.54545454545455,10,24.545454545454547,65.45454545454545,50,15.454545454545453
E00186751,197,52,19,33,145,119,26,26.39593908629442,9.644670050761421,16.751269035532996,73.60406091370558,60.40609137055838,13.19796954314721
E00186753,100,41,16,25,59,52,7,41,16,25,59,52,7.000000000000001
E00186755,355,86,38,48,269,224,45,24.225352112676056,10.704225352112676,13.521126760563378,75.77464788732394,63.098591549295776,12.676056338028168
E00186756,81,28,7,21,53,44,9,34.5679012345679,8.641975308641975,25.925925925925924,65.4320987654321,54.32098765432099,11.11111111111111
E00186762,301,66,16,50,235,193,42,21.92691029900332,5.3156146179401995,16.611295681063122,78.07308970099668,64.11960132890366,13.953488372093023
E00186763,181,35,11,24,146,135,11,19.337016574585636,6.077348066298343,13.259668508287293,80.66298342541437,74.58563535911603,6.077348066298343
E00186767,312,83,29,54,229,183,46,26.602564102564102,9.294871794871796,17.307692307692307,73.3974358974359,58.65384615384615,14.743589743589745
E00186768,226,62,21,41,164,143,21,27.43362831858407,9.29203539823009,18.141592920353983,72.56637168141593,63.27433628318584,9.29203539823009
E00186770,86,33,17,16,53,40,13,38.372093023255815,19.767441860465116,18.6046511627907,61.627906976744185,46.51162790697674,15.11627906976744
E00186772,237,70,28,42,167,131,36,29.535864978902953,11.814345991561181,17.72151898734177,70.46413502109705,55.27426160337553,15.18987341772152
E00186778,115,22,9,13,93,74,19,19.130434782608695,7.82608695652174,11.304347826086957,80.8695652173913,64.34782608695652,16.52173913043478
E00186779,98,17,4,13,81,64,17,17.346938775510203,4.081632653061225,13.26530612244898,82.6530612244898,65.3061224489796,17.346938775510203
E00186780,87,18,8,10,69,58,11,20.689655172413794,9.195402298850574,11.494252873563218,79.3103448275862,66.66666666666666,12.643678160919542
E00186781,195,31,12,19,164,142,22,15.897435897435896,6.153846153846154,9.7435897435897445,84.1025641025641,72.82051282051282,11.282051282051283
E00186783,114,21,6,15,93,73,20,18.421052631578945,5.263157894736842,13.157894736842104,81.57894736842105,64.03508771929825,17.543859649122805
E00186793,89,31,7,24,58,45,13,34.831460674157306,7.865168539325842,26.96629213483146,65.1685393258427,50.56179775280899,14.606741573033707
E00186795,246,65,18,47,181,155,26,26.422764227642276,7.317073170731707,19.10569105691057,73.57723577235772,63.00813008130082,10.569105691056912
E00186797,270,65,20,45,205,164,41,24.074074074074073,7.4074074074074066,16.666666666666664,75.92592592592592,60.74074074074074,15.185185185185185
E00186811,124,47,19,28,77,62,15,37.903225806451616,15.32258064516129,22.58064516129032,62.096774193548384,50,12.096774193548388
E00186813,255,79,31,48,176,137,39,30.980392156862745,12.156862745098039,18.823529411764707,69.01960784313725,53.72549019607843,15.294117647058824
E00186815,206,46,16,30,160,135,25,22.330097087378643,7.766990291262135,14.563106796116504,77.66990291262135,65.53398058252428,12.135922330097088
E00186817,155,43,12,31,112,102,10,27.741935483870968,7.741935483870968,20,72.25806451612902,65.80645161290323,6.451612903225806
E00186818,61,14,5,9,47,42,5,22.950819672131146,8.19672131147541,14.754098360655737,77.04918032786885,68.85245901639344,8.19672131147541
E00186825,92,30,9,21,62,55,7,32.608695652173914,9.782608695652174,22.82608695652174,67.3913043478261,59.78260869565217,7.608695652173914
E00186831,231,55,20,35,176,145,31,23.809523809523807,8.658008658008658,15.151515151515152,76.19047619047619,62.77056277056276,13.41991341991342
E00186834,116,22,10,12,94,78,16,18.96551724137931,8.620689655172415,10.344827586206897,81.03448275862068,67.24137931034483,13.793103448275861
E00186835,155,33,6,27,122,111,11,21.29032258064516,3.870967741935484,17.419354838709676,78.70967741935485,71.61290322580646,7.096774193548387
E00186837,222,51,20,31,171,140,31,22.972972972972975,9.00900900900901,13.963963963963963,77.02702702702703,63.06306306306306,13.963963963963963
