OA,ts0590001,ts0590002,ts0590003,ts0590004,ts0590005,ts0590006,ts0590007,ts0590002_PCT,ts0590003_PCT,ts0590004_PCT,ts0590005_PCT,ts0590006_PCT,ts0590007_PCT
E00004854,156,54,23,31,102,89,13,34.61538461538461,14.743589743589745,19.871794871794872,65.38461538461539,57.05128205128205,8.333333333333332
E00004855,178,44,17,27,134,117,17,24.719101123595504,9.550561797752808,15.168539325842698,75.28089887640449,65.73033707865169,9.550561797752808
E00004856,137,27,7,20,110,92,18,19.708029197080293,5.109489051094891,14.5985401459854,80.2919708029197,67.15328467153284,13.138686131386862
E00004857,182,61,24,37,121,104,17,33.51648351648351,13.186813186813188,20.32967032967033,66.48351648351648,57.14285714285714,9.340659340659341
E00004858,135,58,27,31,77,67,10,42.96296296296296,20,22.962962962962962,57.03703703703704,49.629629629629626,7.4074074074074066
E00004859,209,52,29,23,157,139,18,24.880382775119617,13.875598086124402,11.004784688995215,75.11961722488039,66.50717703349282,8.61244019138756
E00004860,80,19,7,12,61,51,10,23.75,8.75,15,76.25,63.74999999999999,12.5
E00004861,129,36,16,20,93,76,17,27.906976744186046,12.4031007751938,15.503875968992247,72.09302325581395,58.91472868217055,13.178294573643413
E00004862,150,36,13,23,114,102,12,24,8.666666666666668,15.333333333333332,76,68,8
E00004863,144,31,5,26,113,102,11,21.52777777777778,3.4722222222222223,18.055555555555554,78.47222222222221,70.83333333333334,7.638888888888889
E00004864,176,45,14,31,131,112,19,25.568181818181817,7.954545454545454,17.613636363636363,74.43181818181817,63.63636363636363,10.795454545454545
E00004865,156,27,8,19,129,104,25,17.307692307692307,5.128205128205128,12.179487179487179,82.6923076923077,66.66666666666666,16.025641025641026
E00004866,168,55,15,40,113,98,15,32.73809523809524,8.928571428571429,23.809523809523807,67.26190476190477,58.333333333333336,8.928571428571429
E00004867,149,38,10,28,111,99,12,25.503355704697988,6.7114093959731544,18.79194630872483,74.49664429530202,66.44295302013423,8.053691275167784
E00004868,142,31,11,20,111,92,19,21.830985915492956,7.746478873239436,14.084507042253522,78.16901408450704,64.7887323943662,13.380281690140844
E00004869,128,29,12,17,99,82,17,22.65625,9.375,13.28125,77.34375,64.0625,13.28125
E00004870,127,35,10,25,92,78,14,27.559055118110237,7.874015748031496,19.68503937007874,72.44094488188976,61.417322834645674,11.023622047244094
E00004871,184,51,15,36,133,117,16,27.717391304347828,8.152173913043478,19.565217391304348,72.28260869565217,63.58695652173913,8.695652173913043
E00004872,156,45,22,23,111,96,15,28.846153846153843,14.102564102564102,14.743589743589745,71.15384615384616,61.53846153846154,9.615384615384617
E00004873,175,38,14,24,137,123,14,21.714285714285715,8,13.714285714285715,78.28571428571428,70.28571428571428,8
E00004874,171,39,14,25,132,119,13,22.807017543859647,8.187134502923977,14.619883040935672,77.19298245614034,69.5906432748538,7.602339181286549
E00004875,128,30,14,16,98,76,22,23.4375,10.9375,12.5,76.5625,59.375,17.1875
E00004876,164,42,12,30,122,103,19,25.609756097560975,7.317073170731707,18.29268292682927,74.39024390243902,62.80487804878049,11.585365853658537
E00004877,166,44,17,27,122,113,9,26.506024096385545,10.240963855421686,16.265060240963855,73.49397590361446,68.07228915662651,5.421686746987952
E00004878,189,35,8,27,154,131,23,18.51851851851852,4.232804232804233,14.285714285714285,81.48148148148148,69.31216931216932,12.16931216931217
E00004879,129,49,26,23,80,75,5,37.98449612403101,20.155038759689923,17.829457364341085,62.01550387596899,58.139534883720934,3.875968992248062
E00004880,122,51,29,22,71,64,7,41.80327868852459,23.770491803278688,18.0327868852459,58.19672131147541,52.459016393442624,5.737704918032787
E00004881,51,16,7,9,35,33,2,31.372549019607842,13.725490196078432,17.647058823529413,68.62745098039215,64.70588235294117,3.9215686274509802
E00004882,170,37,12,25,133,113,20,21.764705882352942,7.0588235294117645,14.705882352941178,78.23529411764706,66.47058823529412,11.76470588235294
E00004883,190,41,17,24,149,125,24,21.578947368421055,8.947368421052632,12.631578947368421,78.42105263157895,65.78947368421053,12.631578947368421
E00004884,371,91,25,66,280,232,48,24.528301886792452,6.738544474393531,17.78975741239892,75.47169811320755,62.53369272237197,12.93800539083558
E00004885,259,70,23,47,189,174,15,27.027027027027028,8.880308880308881,18.146718146718147,72.97297297297297,67.18146718146718,5.7915057915057915
E00004886,166,36,14,22,130,114,16,21.686746987951807,8.433734939759036,13.253012048192772,78.3132530120482,68.67469879518072,9.63855421686747
E00004887,107,30,13,17,77,68,9,28.037383177570092,12.149532710280374,15.887850467289718,71.96261682242991,63.55140186915887,8.411214953271028
E00004888,101,36,17,19,65,55,10,35.64356435643564,16.831683168316832,18.81188118811881,64.35643564356435,54.45544554455446,9.900990099009901
E00004889,163,40,19,21,123,108,15,24.539877300613497,11.65644171779141,12.883435582822086,75.4601226993865,66.25766871165644,9.202453987730062
E00004890,129,52,21,31,77,69,8,40.310077519379846,16.27906976744186,24.031007751937985,59.68992248062015,53.48837209302325,6.2015503875969
E00004891,115,38,16,22,77,65,12,33.04347826086956,13.91304347826087,19.130434782608695,66.95652173913044,56.52173913043478,10.434782608695652
E00004892,222,62,26,36,160,144,16,27.927927927927925,11.711711711711711,16.216216216216218,72.07207207207207,64.86486486486487,7.207207207207207
E00004893,79,41,20,21,38,33,5,51.89873417721519,25.31645569620253,26.582278481012654,48.10126582278481,41.77215189873418,6.329113924050633
E00004894,154,41,16,25,113,89,24,26.623376623376622,10.38961038961039,16.233766233766232,73.37662337662337,57.7922077922078,15.584415584415584
E00004895,116,36,14,22,80,73,7,31.03448275862069,12.068965517241379,18.96551724137931,68.96551724137932,62.93103448275862,6.0344827586206895
E00004896,162,41,15,26,121,97,24,25.308641975308642,9.25925925925926,16.049382716049383,74.69135802469135,59.876543209876544,14.814814814814813
E00004897,172,46,14,32,126,110,16,26.744186046511626,8.13953488372093,18.6046511627907,73.25581395348837,63.95348837209303,9.30232558139535
E00004898,155,38,13,25,117,103,14,24.516129032258064,8.38709677419355,16.129032258064516,75.48387096774194,66.45161290322581,9.032258064516128
E00004899,152,35,15,20,117,102,15,23.026315789473685,9.868421052631579,13.157894736842104,76.97368421052632,67.10526315789474,9.868421052631579
E00004900,169,33,12,21,136,118,18,19.526627218934912,7.100591715976331,12.42603550295858,80.4733727810651,69.8224852071006,10.650887573964498
E00004901,157,41,19,22,116,99,17,26.11464968152866,12.101910828025478,14.012738853503185,73.88535031847134,63.05732484076433,10.828025477707007
E00004902,203,52,22,30,151,112,39,25.615763546798032,10.83743842364532,14.77832512315271,74.38423645320196,55.172413793103445,19.21182266009852
E00004904,140,35,14,21,105,92,13,25,10,15,75,65.71428571428571,9.285714285714286
E00004905,168,41,14,27,127,104,23,24.404761904761905,8.333333333333332,16.071428571428573,75.59523809523809,61.904761904761905,13.690476190476192
E00004906,171,38,20,18,133,116,17,22.22222222222222,11.695906432748536,10.526315789473683,77.77777777777779,67.83625730994152,9.941520467836257
E00004907,171,48,20,28,123,103,20,28.07017543859649,11.695906432748536,16.374269005847953,71.9298245614035,60.23391812865497,11.695906432748536
E00004908,179,45,17,28,134,112,22,25.139664804469277,9.497206703910614,15.64245810055866,74.86033519553072,62.56983240223464,12.290502793296088
E00004909,220,50,20,30,170,149,21,22.727272727272727,9.090909090909092,13.636363636363635,77.27272727272727,67.72727272727272,9.545454545454547
E00004910,151,39,20,19,112,99,13,25.82781456953642,13.245033112582782,12.582781456953644,74.17218543046357,65.56291390728477,8.609271523178808
E00004911,152,37,15,22,115,91,24,24.342105263157894,9.868421052631579,14.473684210526317,75.6578947368421,59.86842105263158,15.789473684210526
E00004912,188,37,13,24,151,122,29,19.680851063829788,6.914893617021277,12.76595744680851,80.31914893617021,64.8936170212766,15.425531914893616
E00004913,87,36,9,27,51,42,9,41.37931034482759,10.344827586206897,31.03448275862069,58.620689655172406,48.275862068965516,10.344827586206897
E00004914,166,43,14,29,123,111,12,25.903614457831324,8.433734939759036,17.46987951807229,74.09638554216868,66.86746987951807,7.228915662650602
E00004916,129,40,17,23,89,81,8,31.007751937984494,13.178294573643413,17.829457364341085,68.9922480620155,62.7906976744186,6.2015503875969
E00004917,155,53,22,31,102,91,11,34.193548387096776,14.193548387096774,20,65.80645161290323,58.70967741935483,7.096774193548387
E00004918,170,65,26,39,105,94,11,38.23529411764706,15.294117647058824,22.941176470588236,61.76470588235294,55.294117647058826,6.470588235294119
E00004920,75,24,9,15,51,47,4,32,12,20,68,62.66666666666667,5.333333333333334
E00004921,182,57,16,41,125,113,12,31.318681318681318,8.791208791208792,22.52747252747253,68.68131868131869,62.08791208791209,6.593406593406594
E00004922,179,57,23,34,122,104,18,31.843575418994412,12.849162011173185,18.994413407821227,68.15642458100558,58.10055865921788,10.05586592178771
E00004923,184,57,20,37,127,109,18,30.978260869565215,10.869565217391305,20.108695652173914,69.02173913043478,59.2391304347826,9.782608695652174
E00004924,143,38,8,30,105,93,12,26.573426573426573,5.594405594405594,20.97902097902098,73.42657342657343,65.03496503496503,8.391608391608392
E00004925,147,45,10,35,102,84,18,30.612244897959183,6.802721088435375,23.809523809523807,69.38775510204081,57.14285714285714,12.244897959183673
E00004926,175,51,23,28,124,114,10,29.142857142857142,13.142857142857142,16,70.85714285714285,65.14285714285715,5.714285714285714
E00004927,179,53,17,36,126,103,23,29.608938547486037,9.497206703910614,20.11173184357542,70.39106145251397,57.54189944134078,12.849162011173185
E00004928,195,61,20,41,134,117,17,31.28205128205128,10.256410256410255,21.025641025641026,68.71794871794872,60,8.717948717948717
E00004929,122,39,14,25,83,70,13,31.967213114754102,11.475409836065573,20.491803278688526,68.0327868852459,57.377049180327866,10.655737704918032
E00004930,162,40,8,32,122,99,23,24.691358024691358,4.938271604938271,19.753086419753085,75.30864197530865,61.111111111111114,14.19753086419753
E00004931,180,51,16,35,129,105,24,28.333333333333332,8.88888888888889,19.444444444444446,71.66666666666667,58.333333333333336,13.333333333333334
E00004932,199,57,20,37,142,118,24,28.643216080402013,10.050251256281408,18.592964824120603,71.35678391959799,59.2964824120603,12.060301507537687
E00004933,201,61,25,36,140,119,21,30.34825870646766,12.437810945273633,17.91044776119403,69.65174129353234,59.20398009950249,10.44776119402985
E00004934,163,44,16,28,119,105,14,26.993865030674847,9.815950920245399,17.177914110429448,73.00613496932516,64.41717791411043,8.588957055214724
E00004935,186,52,22,30,134,120,14,27.956989247311824,11.827956989247312,16.129032258064516,72.04301075268818,64.51612903225806,7.526881720430108
E00004936,224,62,19,43,162,143,19,27.67857142857143,8.482142857142858,19.196428571428573,72.32142857142857,63.83928571428571,8.482142857142858
E00004937,184,50,19,31,134,120,14,27.173913043478258,10.326086956521738,16.847826086956523,72.82608695652173,65.21739130434783,7.608695652173914
E00004938,148,39,17,22,109,85,24,26.351351351351347,11.486486486486488,14.864864864864865,73.64864864864865,57.432432432432435,16.216216216216218
E00004939,165,51,17,34,114,99,15,30.909090909090907,10.303030303030303,20.606060606060606,69.0909090909091,60,9.090909090909092
E00004940,156,35,15,20,121,98,23,22.435897435897438,9.615384615384617,12.82051282051282,77.56410256410257,62.82051282051282,14.743589743589745
E00004941,155,33,8,25,122,88,34,21.29032258064516,5.161290322580645,16.129032258064516,78.70967741935485,56.774193548387096,21.935483870967744
E00004942,173,56,24,32,117,91,26,32.369942196531795,13.872832369942195,18.497109826589593,67.63005780346822,52.601156069364166,15.028901734104046
E00004943,142,46,16,30,96,81,15,32.3943661971831,11.267605633802818,21.12676056338028,67.6056338028169,57.04225352112676,10.56338028169014
E00004944,148,54,17,37,94,82,12,36.486486486486484,11.486486486486488,25,63.51351351351351,55.4054054054054,8.108108108108109
E00004945,172,71,25,46,101,87,14,41.27906976744186,14.534883720930234,26.744186046511626,58.720930232558146,50.58139534883721,8.13953488372093
E00004946,146,55,17,38,91,79,12,37.67123287671233,11.643835616438356,26.027397260273972,62.328767123287676,54.109589041095894,8.21917808219178
E00004947,151,44,18,26,107,89,18,29.13907284768212,11.920529801324504,17.218543046357617,70.86092715231787,58.94039735099338,11.920529801324504
E00004948,170,41,20,21,129,106,23,24.11764705882353,11.76470588235294,12.352941176470589,75.88235294117646,62.35294117647059,13.529411764705882
E00004949,180,45,11,34,135,121,14,25,6.111111111111111,18.88888888888889,75,67.22222222222223,7.777777777777778
E00004950,123,46,13,33,77,69,8,37.39837398373984,10.569105691056912,26.82926829268293,62.601626016260155,56.09756097560976,6.504065040650407
E00004951,196,58,23,35,138,120,18,29.591836734693878,11.73469387755102,17.857142857142858,70.40816326530613,61.224489795918366,9.183673469387756
E00004952,200,63,15,48,137,119,18,31.5,7.5,24,68.5,59.5,9
E00004953,158,56,17,39,102,86,16,35.44303797468354,10.759493670886076,24.68354430379747,64.55696202531645,54.43037974683544,10.126582278481013
E00004954,165,49,20,29,116,101,15,29.6969696969697,12.121212121212121,17.575757575757574,70.3030303030303,61.212121212121204,9.090909090909092
E00004955,160,56,18,38,104,77,27,35,11.25,23.75,65,48.125,16.875
E00004956,131,50,23,27,81,75,6,38.16793893129771,17.557251908396946,20.610687022900763,61.832061068702295,57.25190839694656,4.580152671755725
E00004957,151,49,14,35,102,82,20,32.450331125827816,9.271523178807946,23.178807947019866,67.54966887417218,54.3046357615894,13.245033112582782
E00004958,148,46,15,31,102,88,14,31.08108108108108,10.135135135135135,20.945945945945947,68.91891891891892,59.45945945945946,9.45945945945946
E00004959,196,60,20,40,136,115,21,30.612244897959183,10.204081632653061,20.408163265306122,69.38775510204081,58.673469387755105,10.714285714285714
E00004960,186,61,25,36,125,110,15,32.795698924731184,13.440860215053762,19.35483870967742,67.20430107526882,59.13978494623656,8.064516129032258
E00004961,141,42,16,26,99,88,11,29.78723404255319,11.347517730496454,18.439716312056735,70.2127659574468,62.4113475177305,7.801418439716312
E00004962,141,40,18,22,101,89,12,28.368794326241137,12.76595744680851,15.602836879432624,71.63120567375887,63.12056737588653,8.51063829787234
E00004963,136,47,15,32,89,73,16,34.55882352941176,11.029411764705882,23.52941176470588,65.44117647058823,53.67647058823529,11.76470588235294
E00004964,167,54,23,31,113,100,13,32.33532934131736,13.77245508982036,18.562874251497004,67.66467065868264,59.88023952095808,7.784431137724551
E00004965,118,38,16,22,80,62,18,32.20338983050847,13.559322033898304,18.64406779661017,67.79661016949152,52.54237288135594,15.254237288135593
E00004966,154,58,20,38,96,82,14,37.66233766233766,12.987012987012985,24.675324675324674,62.33766233766234,53.246753246753244,9.090909090909092
E00004967,132,41,13,28,91,83,8,31.060606060606062,9.848484848484848,21.21212121212121,68.93939393939394,62.878787878787875,6.0606060606060606
E00004968,190,64,18,46,126,114,12,33.68421052631579,9.473684210526317,24.210526315789473,66.3157894736842,60,6.315789473684211
E00004969,131,41,17,24,90,80,10,31.297709923664126,12.977099236641221,18.3206106870229,68.70229007633588,61.06870229007634,7.633587786259542
E00004970,139,34,10,24,105,90,15,24.46043165467626,7.1942446043165464,17.26618705035971,75.53956834532374,64.74820143884892,10.79136690647482
E00004971,191,55,24,31,136,123,13,28.79581151832461,12.56544502617801,16.230366492146597,71.20418848167539,64.3979057591623,6.806282722513089
E00004973,166,61,18,43,105,100,5,36.74698795180723,10.843373493975903,25.903614457831324,63.25301204819277,60.24096385542169,3.0120481927710845
E00004974,168,59,16,43,109,99,10,35.11904761904761,9.523809523809524,25.595238095238095,64.88095238095238,58.92857142857143,5.952380952380952
E00004975,181,67,25,42,114,81,33,37.01657458563536,13.812154696132598,23.204419889502763,62.98342541436463,44.751381215469614,18.23204419889503
E00004976,174,51,16,35,123,104,19,29.310344827586203,9.195402298850574,20.114942528735632,70.6896551724138,59.77011494252874,10.919540229885058
E00004977,135,42,15,27,93,85,8,31.11111111111111,11.11111111111111,20,68.88888888888889,62.96296296296296,5.9259259259259265
E00004978,124,36,12,24,88,80,8,29.03225806451613,9.67741935483871,19.35483870967742,70.96774193548387,64.51612903225806,6.451612903225806
E00004979,189,56,19,37,133,118,15,29.629629629629626,10.052910052910052,19.576719576719576,70.37037037037037,62.43386243386243,7.936507936507936
E00004980,180,50,18,32,130,114,16,27.77777777777778,10,17.77777777777778,72.22222222222221,63.33333333333333,8.88888888888889
E00004981,98,27,17,10,71,63,8,27.55102040816326,17.346938775510203,10.204081632653061,72.44897959183673,64.28571428571429,8.16326530612245
E00004982,129,36,12,24,93,81,12,27.906976744186046,9.30232558139535,18.6046511627907,72.09302325581395,62.7906976744186,9.30232558139535
E00004983,143,42,18,24,101,88,13,29.37062937062937,12.587412587412588,16.783216783216783,70.62937062937063,61.53846153846154,9.090909090909092
E00004984,126,44,24,20,82,69,13,34.92063492063492,19.047619047619047,15.873015873015872,65.07936507936508,54.761904761904766,10.317460317460316
E00004985,160,53,23,30,107,93,14,33.125,14.374999999999998,18.75,66.875,58.12500000000001,8.75
E00004986,140,72,35,37,68,60,8,51.42857142857142,25,26.42857142857143,48.57142857142857,42.857142857142854,5.714285714285714
E00004987,228,67,23,44,161,137,24,29.385964912280706,10.087719298245613,19.298245614035086,70.6140350877193,60.08771929824561,10.526315789473683
E00004988,130,55,24,31,75,63,12,42.30769230769231,18.461538461538463,23.846153846153847,57.692307692307686,48.46153846153846,9.230769230769232
E00004989,143,55,16,39,88,75,13,38.46153846153847,11.188811188811188,27.27272727272727,61.53846153846154,52.44755244755245,9.090909090909092
E00004990,158,43,14,29,115,103,12,27.21518987341772,8.860759493670885,18.354430379746837,72.78481012658227,65.18987341772153,7.59493670886076
E00004992,180,63,21,42,117,100,17,35,11.666666666666666,23.333333333333332,65,55.55555555555556,9.444444444444445
E00004993,165,65,24,41,100,88,12,39.39393939393939,14.545454545454545,24.848484848484848,60.60606060606061,53.333333333333336,7.2727272727272725
E00004994,135,43,14,29,92,79,13,31.851851851851855,10.37037037037037,21.48148148148148,68.14814814814815,58.51851851851851,9.62962962962963
E00004995,174,57,18,39,117,102,15,32.758620689655174,10.344827586206897,22.413793103448278,67.24137931034483,58.620689655172406,8.620689655172415
E00004996,132,41,10,31,91,80,11,31.060606060606062,7.575757575757576,23.484848484848484,68.93939393939394,60.60606060606061,8.333333333333332
E00004998,153,58,13,45,95,82,13,37.908496732026144,8.49673202614379,29.411764705882355,62.091503267973856,53.59477124183007,8.49673202614379
E00004999,144,49,20,29,95,83,12,34.02777777777778,13.88888888888889,20.13888888888889,65.97222222222221,57.638888888888886,8.333333333333332
E00005000,196,60,17,43,136,121,15,30.612244897959183,8.673469387755102,21.93877551020408,69.38775510204081,61.73469387755102,7.653061224489796
E00005001,181,61,27,34,120,107,13,33.70165745856354,14.917127071823206,18.784530386740332,66.29834254143645,59.11602209944752,7.18232044198895
E00005002,198,71,33,38,127,113,14,35.858585858585855,16.666666666666664,19.19191919191919,64.14141414141415,57.07070707070707,7.07070707070707
E00005003,148,45,20,25,103,90,13,30.405405405405407,13.513513513513514,16.89189189189189,69.5945945945946,60.810810810810814,8.783783783783784
E00005004,163,42,17,25,121,110,11,25.766871165644172,10.429447852760736,15.337423312883436,74.23312883435584,67.48466257668711,6.748466257668712
E00005005,122,49,17,32,73,61,12,40.16393442622951,13.934426229508196,26.229508196721312,59.83606557377049,50,9.836065573770492
E00005006,157,52,25,27,105,89,16,33.12101910828025,15.92356687898089,17.197452229299362,66.87898089171973,56.68789808917197,10.191082802547772
E00005007,183,78,32,46,105,99,6,42.62295081967213,17.48633879781421,25.136612021857925,57.377049180327866,54.09836065573771,3.278688524590164
E00005008,161,71,24,47,90,80,10,44.099378881987576,14.906832298136646,29.19254658385093,55.90062111801242,49.68944099378882,6.211180124223603
E00005009,172,67,24,43,105,94,11,38.95348837209303,13.953488372093023,25,61.04651162790697,54.65116279069767,6.395348837209303
E00005011,204,70,19,51,134,115,19,34.31372549019608,9.313725490196079,25,65.68627450980392,56.372549019607845,9.313725490196079
E00005012,158,44,14,30,114,107,7,27.848101265822784,8.860759493670885,18.9873417721519,72.15189873417721,67.72151898734177,4.430379746835443
E00005013,151,41,14,27,110,100,10,27.1523178807947,9.271523178807946,17.880794701986755,72.84768211920529,66.22516556291392,6.622516556291391
E00005014,169,66,22,44,103,91,12,39.053254437869825,13.017751479289942,26.035502958579883,60.946745562130175,53.84615384615385,7.100591715976331
E00005015,256,77,25,52,179,159,20,30.078125,9.765625,20.3125,69.921875,62.109375,7.8125
E00005016,179,54,29,25,125,109,16,30.16759776536313,16.201117318435752,13.966480446927374,69.83240223463687,60.893854748603346,8.938547486033519
E00005017,126,45,11,34,81,73,8,35.714285714285715,8.73015873015873,26.984126984126984,64.28571428571429,57.936507936507944,6.349206349206349
E00005018,132,49,25,24,83,72,11,37.121212121212125,18.939393939393938,18.181818181818183,62.878787878787875,54.54545454545454,8.333333333333332
E00005019,161,51,17,34,110,88,22,31.67701863354037,10.559006211180124,21.11801242236025,68.32298136645963,54.6583850931677,13.664596273291925
E00005021,156,54,15,39,102,96,6,34.61538461538461,9.615384615384617,25,65.38461538461539,61.53846153846154,3.8461538461538463
E00005022,103,40,13,27,63,57,6,38.83495145631068,12.62135922330097,26.21359223300971,61.165048543689316,55.33980582524271,5.825242718446602
E00005023,191,73,30,43,118,103,15,38.21989528795812,15.706806282722512,22.5130890052356,61.78010471204188,53.92670157068062,7.853403141361256
E00005024,98,41,17,24,57,49,8,41.83673469387755,17.346938775510203,24.489795918367346,58.16326530612245,50,8.16326530612245
E00005025,140,40,15,25,100,88,12,28.57142857142857,10.714285714285714,17.857142857142858,71.42857142857143,62.857142857142854,8.571428571428571
E00005026,55,19,7,12,36,29,7,34.54545454545455,12.727272727272727,21.818181818181817,65.45454545454545,52.72727272727272,12.727272727272727
E00005027,134,54,18,36,80,74,6,40.298507462686565,13.432835820895523,26.865671641791046,59.70149253731343,55.223880597014926,4.477611940298507
E00005028,234,46,16,30,188,158,30,19.65811965811966,6.837606837606838,12.82051282051282,80.34188034188034,67.52136752136752,12.82051282051282
E00005029,169,53,15,38,116,102,14,31.360946745562128,8.875739644970414,22.485207100591715,68.63905325443787,60.35502958579882,8.284023668639055
E00005030,63,23,11,12,40,35,5,36.507936507936506,17.46031746031746,19.047619047619047,63.49206349206349,55.55555555555556,7.936507936507936
E00005032,115,53,13,40,62,58,4,46.08695652173913,11.304347826086957,34.78260869565217,53.91304347826087,50.43478260869565,3.4782608695652173
E00005033,99,39,16,23,60,53,7,39.39393939393939,16.161616161616163,23.232323232323232,60.60606060606061,53.535353535353536,7.07070707070707
E00005034,143,47,9,38,96,84,12,32.86713286713287,6.293706293706294,26.573426573426573,67.13286713286713,58.74125874125874,8.391608391608392
E00005035,118,46,16,30,72,63,9,38.983050847457626,13.559322033898304,25.423728813559322,61.016949152542374,53.38983050847458,7.627118644067797
E00005036,174,70,20,50,104,92,12,40.229885057471265,11.494252873563218,28.735632183908045,59.77011494252874,52.87356321839081,6.896551724137931
E00005039,175,73,25,48,102,89,13,41.714285714285715,14.285714285714285,27.42857142857143,58.285714285714285,50.857142857142854,7.428571428571429
E00005040,155,66,28,38,89,83,6,42.58064516129032,18.064516129032256,24.516129032258064,57.41935483870968,53.5483870967742,3.870967741935484
E00005041,273,96,25,71,177,161,16,35.16483516483517,9.157509157509157,26.00732600732601,64.83516483516483,58.97435897435898,5.86080586080586
E00005042,204,83,28,55,121,105,16,40.68627450980392,13.725490196078432,26.96078431372549,59.31372549019608,51.470588235294116,7.8431372549019605
E00005043,191,65,19,46,126,112,14,34.031413612565444,9.947643979057592,24.083769633507853,65.96858638743456,58.63874345549738,7.329842931937172
E00005044,218,86,35,51,132,122,10,39.44954128440367,16.055045871559635,23.394495412844037,60.550458715596335,55.96330275229357,4.587155963302752
E00005045,195,67,18,49,128,104,24,34.35897435897436,9.230769230769232,25.128205128205128,65.64102564102564,53.333333333333336,12.307692307692308
E00005046,239,65,20,45,174,151,23,27.19665271966527,8.368200836820083,18.828451882845187,72.80334728033473,63.17991631799163,9.623430962343097
E00005047,164,47,12,35,117,107,10,28.65853658536585,7.317073170731707,21.341463414634145,71.34146341463415,65.2439024390244,6.097560975609756
E00005048,151,49,13,36,102,95,7,32.450331125827816,8.609271523178808,23.841059602649008,67.54966887417218,62.913907284768214,4.635761589403973
E00005049,158,53,17,36,105,98,7,33.54430379746836,10.759493670886076,22.78481012658228,66.45569620253164,62.0253164556962,4.430379746835443
E00005050,204,81,28,53,123,104,19,39.705882352941174,13.725490196078432,25.98039215686275,60.29411764705882,50.98039215686274,9.313725490196079
E00005051,151,57,10,47,94,87,7,37.74834437086093,6.622516556291391,31.125827814569533,62.251655629139066,57.615894039735096,4.635761589403973
E00005052,276,64,24,40,212,183,29,23.18840579710145,8.695652173913043,14.492753623188406,76.81159420289855,66.30434782608695,10.507246376811594
E00005053,147,48,15,33,99,90,9,32.6530612244898,10.204081632653061,22.448979591836736,67.3469387755102,61.224489795918366,6.122448979591836
E00005054,126,42,20,22,84,78,6,33.33333333333333,15.873015873015872,17.46031746031746,66.66666666666666,61.904761904761905,4.761904761904762
E00005055,230,73,25,48,157,129,28,31.73913043478261,10.869565217391305,20.869565217391305,68.26086956521739,56.086956521739125,12.173913043478262
E00005056,140,50,22,28,90,77,13,35.714285714285715,15.714285714285714,20,64.28571428571429,55.00000000000001,9.285714285714286
E00005057,179,47,16,31,132,110,22,26.256983240223462,8.938547486033519,17.318435754189945,73.74301675977654,61.452513966480446,12.290502793296088
E00005058,148,53,26,27,95,82,13,35.810810810810814,17.56756756756757,18.243243243243242,64.1891891891892,55.4054054054054,8.783783783783784
E00005059,138,31,14,17,107,95,12,22.463768115942027,10.144927536231885,12.318840579710146,77.53623188405797,68.84057971014492,8.695652173913043
E00005060,125,41,8,33,84,66,18,32.800000000000004,6.4,26.400000000000002,67.2,52.800000000000004,14.399999999999999
E00005061,185,47,16,31,138,118,20,25.405405405405407,8.64864864864865,16.756756756756758,74.5945945945946,63.78378378378379,10.81081081081081
E00005062,119,47,9,38,72,64,8,39.49579831932773,7.563025210084033,31.932773109243694,60.50420168067227,53.78151260504202,6.722689075630252
E00005063,153,38,10,28,115,103,12,24.836601307189543,6.535947712418301,18.30065359477124,75.16339869281046,67.3202614379085,7.8431372549019605
E00005064,166,54,21,33,112,95,17,32.53012048192771,12.650602409638553,19.879518072289155,67.46987951807229,57.22891566265061,10.240963855421686
E00005065,159,43,22,21,116,102,14,27.044025157232703,13.836477987421384,13.20754716981132,72.95597484276729,64.15094339622641,8.80503144654088
E00005066,138,55,15,40,83,74,9,39.85507246376812,10.869565217391305,28.985507246376812,60.14492753623188,53.62318840579711,6.521739130434782
E00005067,152,40,16,24,112,85,27,26.31578947368421,10.526315789473683,15.789473684210526,73.68421052631578,55.92105263157895,17.763157894736842
E00005068,170,52,23,29,118,95,23,30.58823529411765,13.529411764705882,17.058823529411764,69.41176470588235,55.88235294117647,13.529411764705882
E00005069,137,51,14,37,86,76,10,37.22627737226277,10.218978102189782,27.00729927007299,62.77372262773723,55.47445255474452,7.2992700729927
E00005070,158,48,18,30,110,96,14,30.37974683544304,11.39240506329114,18.9873417721519,69.62025316455697,60.75949367088608,8.860759493670885
E00005071,77,24,12,12,53,41,12,31.16883116883117,15.584415584415584,15.584415584415584,68.83116883116884,53.246753246753244,15.584415584415584
E00005072,151,36,11,25,115,86,29,23.841059602649008,7.28476821192053,16.55629139072848,76.15894039735099,56.95364238410596,19.205298013245034
E00005073,164,38,15,23,126,96,30,23.170731707317074,9.146341463414634,14.02439024390244,76.82926829268293,58.536585365853654,18.29268292682927
E00005074,157,52,17,35,105,91,14,33.12101910828025,10.828025477707007,22.29299363057325,66.87898089171973,57.961783439490446,8.9171974522293
E00005075,141,38,19,19,103,77,26,26.95035460992908,13.47517730496454,13.47517730496454,73.04964539007092,54.60992907801418,18.439716312056735
E00005076,124,34,8,26,90,72,18,27.419354838709676,6.451612903225806,20.967741935483872,72.58064516129032,58.06451612903226,14.516129032258066
E00005077,101,29,12,17,72,60,12,28.71287128712871,11.881188118811881,16.831683168316832,71.28712871287128,59.4059405940594,11.881188118811881
E00005078,170,56,20,36,114,93,21,32.94117647058823,11.76470588235294,21.176470588235293,67.05882352941175,54.70588235294118,12.352941176470589
E00005079,172,41,16,25,131,118,13,23.837209302325583,9.30232558139535,14.534883720930234,76.16279069767442,68.6046511627907,7.55813953488372
E00005080,189,52,21,31,137,112,25,27.513227513227513,11.11111111111111,16.402116402116402,72.4867724867725,59.25925925925925,13.227513227513226
E00005081,166,48,14,34,118,104,14,28.915662650602407,8.433734939759036,20.481927710843372,71.08433734939759,62.65060240963856,8.433734939759036
E00005082,100,30,8,22,70,61,9,30,8,22,70,61,9
E00005083,213,59,19,40,154,130,24,27.699530516431924,8.92018779342723,18.779342723004692,72.30046948356808,61.03286384976526,11.267605633802818
E00005084,175,43,18,25,132,113,19,24.571428571428573,10.285714285714285,14.285714285714285,75.42857142857143,64.57142857142857,10.857142857142858
E00005085,115,41,17,24,74,66,8,35.65217391304348,14.782608695652174,20.869565217391305,64.34782608695652,57.391304347826086,6.956521739130435
E00005086,154,42,17,25,112,95,17,27.27272727272727,11.03896103896104,16.233766233766232,72.72727272727273,61.68831168831169,11.03896103896104
E00005087,162,48,19,29,114,95,19,29.629629629629626,11.728395061728394,17.901234567901234,70.37037037037037,58.64197530864198,11.728395061728394
E00005088,163,54,22,32,109,97,12,33.12883435582822,13.496932515337424,19.631901840490798,66.87116564417178,59.50920245398773,7.361963190184049
E00005089,88,30,15,15,58,50,8,34.090909090909086,17.045454545454543,17.045454545454543,65.9090909090909,56.81818181818182,9.090909090909092
E00005090,136,36,13,23,100,88,12,26.47058823529412,9.558823529411764,16.911764705882355,73.52941176470588,64.70588235294117,8.823529411764707
E00005091,184,57,20,37,127,100,27,30.978260869565215,10.869565217391305,20.108695652173914,69.02173913043478,54.347826086956516,14.673913043478262
E00005092,110,33,10,23,77,72,5,30,9.090909090909092,20.909090909090907,70,65.45454545454545,4.545454545454546
E00005093,105,39,13,26,66,55,11,37.142857142857146,12.380952380952381,24.761904761904763,62.857142857142854,52.38095238095239,10.476190476190476
E00005094,254,79,34,45,175,124,51,31.10236220472441,13.385826771653544,17.716535433070867,68.89763779527559,48.818897637795274,20.078740157480315
E00005095,184,49,16,33,135,118,17,26.6304347826087,8.695652173913043,17.934782608695652,73.36956521739131,64.13043478260869,9.239130434782608
E00005097,194,49,25,24,145,103,42,25.257731958762886,12.886597938144329,12.371134020618557,74.74226804123711,53.09278350515464,21.649484536082475
E00005098,175,40,15,25,135,109,26,22.857142857142858,8.571428571428571,14.285714285714285,77.14285714285715,62.28571428571429,14.857142857142858
E00005099,225,66,30,36,159,124,35,29.333333333333332,13.333333333333334,16,70.66666666666667,55.111111111111114,15.555555555555555
E00005100,168,50,13,37,118,100,18,29.761904761904763,7.738095238095238,22.023809523809522,70.23809523809523,59.523809523809526,10.714285714285714
E00005101,198,57,21,36,141,115,26,28.78787878787879,10.606060606060606,18.181818181818183,71.21212121212122,58.080808080808076,13.131313131313133
E00005103,158,39,9,30,119,101,18,24.68354430379747,5.69620253164557,18.9873417721519,75.31645569620254,63.92405063291139,11.39240506329114
E00005104,178,41,7,34,137,120,17,23.03370786516854,3.932584269662921,19.101123595505616,76.96629213483146,67.41573033707866,9.550561797752808
E00005105,143,32,15,17,111,92,19,22.377622377622377,10.48951048951049,11.888111888111888,77.62237762237763,64.33566433566433,13.286713286713287
E00005106,180,46,16,30,134,116,18,25.555555555555554,8.88888888888889,16.666666666666664,74.44444444444444,64.44444444444444,10
E00005107,166,43,15,28,123,105,18,25.903614457831324,9.036144578313253,16.867469879518072,74.09638554216868,63.25301204819277,10.843373493975903
E00005108,229,74,20,54,155,135,20,32.314410480349345,8.73362445414847,23.580786026200872,67.68558951965066,58.951965065502186,8.73362445414847
E00005109,227,52,15,37,175,140,35,22.90748898678414,6.607929515418502,16.299559471365637,77.09251101321586,61.67400881057269,15.418502202643172
E00005110,148,53,24,29,95,87,8,35.810810810810814,16.216216216216218,19.594594594594593,64.1891891891892,58.78378378378378,5.405405405405405
E00005111,182,51,21,30,131,107,24,28.021978021978022,11.538461538461538,16.483516483516482,71.97802197802197,58.791208791208796,13.186813186813188
E00005112,152,38,12,26,114,99,15,25,7.894736842105263,17.105263157894736,75,65.13157894736842,9.868421052631579
E00005113,205,53,14,39,152,134,18,25.853658536585368,6.829268292682928,19.024390243902438,74.14634146341463,65.3658536585366,8.780487804878048
E00005114,187,49,24,25,138,114,24,26.203208556149733,12.834224598930483,13.368983957219251,73.79679144385027,60.962566844919785,12.834224598930483
E00005115,245,64,26,38,181,136,45,26.122448979591837,10.612244897959183,15.510204081632653,73.87755102040816,55.51020408163265,18.367346938775512
E00005116,191,52,20,32,139,111,28,27.225130890052355,10.471204188481675,16.75392670157068,72.77486910994764,58.1151832460733,14.659685863874344
E00005117,159,38,12,26,121,101,20,23.89937106918239,7.547169811320755,16.352201257861633,76.10062893081762,63.52201257861635,12.578616352201259
E00005118,197,46,19,27,151,128,23,23.3502538071066,9.644670050761421,13.705583756345177,76.6497461928934,64.9746192893401,11.6751269035533
E00005119,177,47,20,27,130,101,29,26.55367231638418,11.299435028248588,15.254237288135593,73.44632768361582,57.06214689265536,16.38418079096045
E00005120,167,46,19,27,121,93,28,27.54491017964072,11.377245508982035,16.16766467065868,72.45508982035929,55.688622754491014,16.766467065868262
E00005121,189,55,20,35,134,108,26,29.100529100529098,10.582010582010582,18.51851851851852,70.8994708994709,57.14285714285714,13.756613756613756
E00005122,190,67,32,35,123,93,30,35.26315789473684,16.842105263157894,18.421052631578945,64.73684210526316,48.94736842105264,15.789473684210526
E00005123,187,58,24,34,129,107,22,31.016042780748666,12.834224598930483,18.181818181818183,68.98395721925134,57.21925133689839,11.76470588235294
E00005124,150,49,19,30,101,77,24,32.666666666666664,12.666666666666668,20,67.33333333333333,51.33333333333333,16
E00005125,204,56,22,34,148,109,39,27.450980392156865,10.784313725490197,16.666666666666664,72.54901960784314,53.431372549019606,19.11764705882353
E00005126,161,41,18,23,120,90,30,25.465838509316768,11.180124223602485,14.285714285714285,74.53416149068323,55.90062111801242,18.633540372670808
E00005127,147,40,20,20,107,94,13,27.2108843537415,13.60544217687075,13.60544217687075,72.78911564625851,63.94557823129252,8.843537414965986
E00005128,227,76,32,44,151,113,38,33.480176211453745,14.096916299559473,19.383259911894275,66.51982378854625,49.77973568281938,16.740088105726873
E00005129,198,53,18,35,145,123,22,26.767676767676768,9.090909090909092,17.67676767676768,73.23232323232324,62.121212121212125,11.11111111111111
E00005130,118,19,5,14,99,85,14,16.101694915254235,4.23728813559322,11.864406779661017,83.89830508474576,72.03389830508475,11.864406779661017
E00005131,310,69,28,41,241,209,32,22.258064516129032,9.032258064516128,13.225806451612904,77.74193548387098,67.41935483870968,10.32258064516129
E00005132,224,66,33,33,158,125,33,29.464285714285715,14.732142857142858,14.732142857142858,70.53571428571429,55.80357142857143,14.732142857142858
E00005133,273,80,30,50,193,176,17,29.304029304029307,10.989010989010989,18.315018315018314,70.6959706959707,64.46886446886447,6.227106227106227
E00005134,173,42,15,27,131,116,15,24.277456647398843,8.670520231213873,15.606936416184972,75.72254335260115,67.05202312138728,8.670520231213873
E00005135,148,43,12,31,105,88,17,29.054054054054053,8.108108108108109,20.945945945945947,70.94594594594594,59.45945945945946,11.486486486486488
E00005136,284,52,16,36,232,205,27,18.30985915492958,5.633802816901409,12.676056338028168,81.69014084507043,72.1830985915493,9.507042253521126
E00005137,205,44,12,32,161,141,20,21.463414634146343,5.853658536585367,15.609756097560975,78.53658536585367,68.78048780487805,9.75609756097561
E00005138,177,34,20,14,143,123,20,19.2090395480226,11.299435028248588,7.909604519774012,80.7909604519774,69.49152542372882,11.299435028248588
E00005139,140,46,17,29,94,71,23,32.857142857142854,12.142857142857142,20.714285714285715,67.14285714285714,50.71428571428571,16.428571428571427
E00005140,183,53,26,27,130,110,20,28.96174863387978,14.207650273224044,14.754098360655737,71.03825136612022,60.10928961748634,10.92896174863388
E00005141,159,30,14,16,129,105,24,18.867924528301888,8.80503144654088,10.062893081761008,81.13207547169812,66.0377358490566,15.09433962264151
E00005142,172,31,12,19,141,120,21,18.023255813953487,6.976744186046512,11.046511627906977,81.97674418604652,69.76744186046511,12.209302325581394
E00005143,137,33,12,21,104,84,20,24.087591240875913,8.75912408759124,15.328467153284672,75.91240875912408,61.31386861313869,14.5985401459854
E00005144,167,42,14,28,125,113,12,25.149700598802394,8.383233532934131,16.766467065868262,74.8502994011976,67.66467065868264,7.18562874251497
E00005145,140,34,15,19,106,81,25,24.285714285714285,10.714285714285714,13.571428571428571,75.71428571428571,57.85714285714286,17.857142857142858
E00005146,180,46,19,27,134,116,18,25.555555555555554,10.555555555555555,15,74.44444444444444,64.44444444444444,10
E00005147,164,41,17,24,123,103,20,25,10.365853658536585,14.634146341463413,75,62.80487804878049,12.195121951219512
E00005148,153,35,10,25,118,95,23,22.875816993464053,6.535947712418301,16.33986928104575,77.12418300653596,62.091503267973856,15.032679738562091
E00005149,158,42,15,27,116,100,16,26.582278481012654,9.49367088607595,17.088607594936708,73.41772151898735,63.29113924050633,10.126582278481013
E00005150,163,43,15,28,120,106,14,26.380368098159508,9.202453987730062,17.177914110429448,73.61963190184049,65.03067484662577,8.588957055214724
E00005151,202,40,18,22,162,140,22,19.801980198019802,8.91089108910891,10.891089108910892,80.19801980198021,69.3069306930693,10.891089108910892
E00005152,151,32,10,22,119,104,15,21.192052980132452,6.622516556291391,14.56953642384106,78.80794701986756,68.87417218543047,9.933774834437086
E00005153,178,31,15,16,147,123,24,17.415730337078653,8.426966292134832,8.98876404494382,82.58426966292134,69.10112359550563,13.48314606741573
E00005154,201,39,11,28,162,133,29,19.402985074626866,5.472636815920398,13.930348258706468,80.59701492537313,66.16915422885572,14.427860696517413
E00005155,163,33,12,21,130,114,16,20.245398773006134,7.361963190184049,12.883435582822086,79.75460122699386,69.93865030674846,9.815950920245399
E00005156,127,30,15,15,97,68,29,23.62204724409449,11.811023622047244,11.811023622047244,76.37795275590551,53.54330708661418,22.83464566929134
E00005157,192,40,19,21,152,121,31,20.833333333333336,9.895833333333332,10.9375,79.16666666666666,63.020833333333336,16.145833333333336
E00005158,159,46,14,32,113,100,13,28.930817610062892,8.80503144654088,20.125786163522015,71.0691823899371,62.893081761006286,8.176100628930817
E00005159,153,32,13,19,121,104,17,20.915032679738562,8.49673202614379,12.418300653594772,79.08496732026144,67.97385620915033,11.11111111111111
E00005160,132,38,21,17,94,83,11,28.78787878787879,15.909090909090908,12.878787878787879,71.21212121212122,62.878787878787875,8.333333333333332
E00005161,127,34,14,20,93,72,21,26.77165354330709,11.023622047244094,15.748031496062993,73.22834645669292,56.69291338582677,16.535433070866144
E00005162,159,47,16,31,112,91,21,29.559748427672954,10.062893081761008,19.49685534591195,70.44025157232704,57.23270440251572,13.20754716981132
E00005163,149,40,9,31,109,87,22,26.845637583892618,6.0402684563758395,20.80536912751678,73.15436241610739,58.38926174496645,14.76510067114094
E00005164,161,39,18,21,122,108,14,24.22360248447205,11.180124223602485,13.043478260869565,75.77639751552795,67.08074534161491,8.695652173913043
E00005165,169,38,12,26,131,114,17,22.485207100591715,7.100591715976331,15.384615384615385,77.51479289940828,67.45562130177515,10.059171597633137
E00005166,196,53,18,35,143,124,19,27.040816326530614,9.183673469387756,17.857142857142858,72.95918367346938,63.26530612244898,9.693877551020408
E00005167,183,34,9,25,149,124,25,18.579234972677597,4.918032786885246,13.661202185792352,81.4207650273224,67.75956284153006,13.661202185792352
E00005168,99,25,9,16,74,60,14,25.252525252525253,9.090909090909092,16.161616161616163,74.74747474747475,60.60606060606061,14.14141414141414
E00005169,150,39,12,27,111,91,20,26,8,18,74,60.66666666666667,13.333333333333334
E00005170,150,43,16,27,107,85,22,28.666666666666668,10.666666666666668,18,71.33333333333334,56.666666666666664,14.666666666666666
E00005171,254,85,34,51,169,149,20,33.46456692913386,13.385826771653544,20.078740157480315,66.53543307086615,58.661417322834644,7.874015748031496
E00005172,109,17,4,13,92,81,11,15.59633027522936,3.669724770642202,11.926605504587156,84.40366972477065,74.31192660550458,10.091743119266056
E00005173,113,28,10,18,85,73,12,24.778761061946902,8.849557522123893,15.929203539823009,75.22123893805309,64.60176991150442,10.619469026548673
E00005174,134,42,12,30,92,75,17,31.343283582089555,8.955223880597014,22.388059701492537,68.65671641791045,55.970149253731336,12.686567164179104
E00005175,154,30,9,21,124,111,13,19.480519480519483,5.844155844155844,13.636363636363635,80.51948051948052,72.07792207792207,8.441558441558442
E00005176,151,45,16,29,106,82,24,29.80132450331126,10.596026490066226,19.205298013245034,70.19867549668875,54.3046357615894,15.894039735099339
E00005177,160,48,23,25,112,100,12,30,14.374999999999998,15.625,70,62.5,7.5
E00005178,157,44,16,28,113,98,15,28.02547770700637,10.191082802547772,17.8343949044586,71.97452229299363,62.42038216560509,9.554140127388536
E00005179,167,49,24,25,118,104,14,29.34131736526946,14.37125748502994,14.97005988023952,70.65868263473054,62.27544910179641,8.383233532934131
E00005180,225,59,22,37,166,138,28,26.222222222222225,9.777777777777779,16.444444444444446,73.77777777777777,61.33333333333333,12.444444444444445
E00005181,173,41,11,30,132,110,22,23.699421965317917,6.358381502890173,17.341040462427745,76.30057803468208,63.58381502890174,12.716763005780345
E00005182,127,36,10,26,91,74,17,28.346456692913385,7.874015748031496,20.47244094488189,71.65354330708661,58.26771653543307,13.385826771653544
E00005183,119,41,17,24,78,59,19,34.45378151260504,14.285714285714285,20.168067226890756,65.54621848739495,49.57983193277311,15.966386554621847
E00005184,129,35,19,16,94,72,22,27.131782945736433,14.728682170542637,12.4031007751938,72.86821705426357,55.81395348837209,17.05426356589147
E00005185,103,26,9,17,77,63,14,25.24271844660194,8.737864077669903,16.50485436893204,74.75728155339806,61.165048543689316,13.592233009708737
E00005186,129,44,18,26,85,63,22,34.10852713178294,13.953488372093023,20.155038759689923,65.89147286821705,48.837209302325576,17.05426356589147
E00005187,115,24,8,16,91,81,10,20.869565217391305,6.956521739130435,13.91304347826087,79.13043478260869,70.43478260869566,8.695652173913043
E00005188,114,25,10,15,89,80,9,21.929824561403507,8.771929824561402,13.157894736842104,78.0701754385965,70.17543859649122,7.894736842105263
E00005189,114,22,12,10,92,83,9,19.298245614035086,10.526315789473683,8.771929824561402,80.7017543859649,72.80701754385966,7.894736842105263
E00005190,118,19,2,17,99,82,17,16.101694915254235,1.694915254237288,14.40677966101695,83.89830508474576,69.49152542372882,14.40677966101695
E00005191,214,33,15,18,181,156,25,15.42056074766355,7.009345794392523,8.411214953271028,84.57943925233646,72.89719626168224,11.682242990654206
E00005192,139,29,12,17,110,95,15,20.863309352517987,8.633093525179856,12.23021582733813,79.13669064748201,68.34532374100719,10.79136690647482
E00005193,109,19,0,19,90,76,14,17.431192660550458,0,17.431192660550458,82.56880733944955,69.72477064220183,12.844036697247708
E00005194,159,40,21,19,119,101,18,25.157232704402517,13.20754716981132,11.949685534591195,74.84276729559748,63.52201257861635,11.320754716981133
E00005195,233,60,18,42,173,155,18,25.75107296137339,7.725321888412018,18.025751072961373,74.2489270386266,66.52360515021459,7.725321888412018
E00005196,151,42,16,26,109,101,8,27.81456953642384,10.596026490066226,17.218543046357617,72.18543046357617,66.88741721854305,5.298013245033113
E00005198,121,30,10,20,91,72,19,24.793388429752067,8.264462809917356,16.528925619834713,75.20661157024794,59.50413223140496,15.702479338842975
E00005199,98,29,6,23,69,60,9,29.591836734693878,6.122448979591836,23.46938775510204,70.40816326530613,61.224489795918366,9.183673469387756
E00005200,128,20,5,15,108,96,12,15.625,3.90625,11.71875,84.375,75,9.375
E00005201,178,50,21,29,128,107,21,28.08988764044944,11.797752808988763,16.292134831460675,71.91011235955057,60.1123595505618,11.797752808988763
E00005203,145,30,14,16,115,103,12,20.689655172413794,9.655172413793103,11.03448275862069,79.3103448275862,71.03448275862068,8.275862068965518
E00005204,115,27,15,12,88,72,16,23.47826086956522,13.043478260869565,10.434782608695652,76.52173913043478,62.60869565217392,13.91304347826087
E00005205,172,33,13,20,139,115,24,19.186046511627907,7.55813953488372,11.627906976744185,80.81395348837209,66.86046511627907,13.953488372093023
E00005208,128,34,9,25,94,81,13,26.5625,7.03125,19.53125,73.4375,63.28125,10.15625
E00005209,193,56,23,33,137,119,18,29.015544041450774,11.917098445595855,17.098445595854923,70.98445595854922,61.6580310880829,9.32642487046632
E00005210,131,59,16,43,72,65,7,45.038167938931295,12.213740458015266,32.82442748091603,54.961832061068705,49.61832061068702,5.343511450381679
E00005211,120,22,6,16,98,80,18,18.333333333333332,5,13.333333333333334,81.66666666666667,66.66666666666666,15
E00005212,154,45,19,26,109,79,30,29.22077922077922,12.337662337662337,16.883116883116884,70.77922077922078,51.298701298701296,19.480519480519483
E00005213,268,58,25,33,210,192,18,21.641791044776117,9.328358208955224,12.313432835820896,78.35820895522389,71.64179104477611,6.7164179104477615
E00005214,288,94,32,62,194,160,34,32.63888888888889,11.11111111111111,21.52777777777778,67.36111111111111,55.55555555555556,11.805555555555555
E00005215,149,38,11,27,111,97,14,25.503355704697988,7.38255033557047,18.120805369127517,74.49664429530202,65.1006711409396,9.395973154362416
E00005216,111,33,11,22,78,58,20,29.72972972972973,9.90990990990991,19.81981981981982,70.27027027027027,52.25225225225225,18.01801801801802
E00005217,148,42,10,32,106,92,14,28.37837837837838,6.756756756756757,21.62162162162162,71.62162162162163,62.16216216216216,9.45945945945946
E00005218,156,42,20,22,114,97,17,26.923076923076923,12.82051282051282,14.102564102564102,73.07692307692307,62.17948717948718,10.897435897435898
E00005219,115,28,11,17,87,76,11,24.347826086956523,9.565217391304348,14.782608695652174,75.65217391304347,66.08695652173913,9.565217391304348
E00005220,155,37,20,17,118,104,14,23.870967741935484,12.903225806451612,10.967741935483872,76.12903225806451,67.0967741935484,9.032258064516128
E00005221,130,40,18,22,90,79,11,30.76923076923077,13.846153846153847,16.923076923076923,69.23076923076923,60.76923076923077,8.461538461538462
E00005222,150,43,19,24,107,99,8,28.666666666666668,12.666666666666668,16,71.33333333333334,66,5.333333333333334
E00005223,161,29,15,14,132,111,21,18.012422360248447,9.316770186335404,8.695652173913043,81.98757763975155,68.94409937888199,13.043478260869565
E00005224,221,80,30,50,141,132,9,36.199095022624434,13.574660633484163,22.624434389140273,63.80090497737556,59.72850678733032,4.072398190045249
E00005225,186,47,16,31,139,121,18,25.268817204301076,8.60215053763441,16.666666666666664,74.73118279569893,65.05376344086021,9.67741935483871
E00005227,142,24,7,17,118,109,9,16.901408450704224,4.929577464788732,11.971830985915492,83.09859154929578,76.76056338028168,6.338028169014084
E00005228,155,40,16,24,115,106,9,25.806451612903224,10.32258064516129,15.483870967741936,74.19354838709677,68.38709677419355,5.806451612903226
E00005229,135,42,24,18,93,61,32,31.11111111111111,17.77777777777778,13.333333333333334,68.88888888888889,45.18518518518518,23.703703703703706
E00005230,121,40,23,17,81,63,18,33.057851239669425,19.00826446280992,14.049586776859504,66.94214876033058,52.066115702479344,14.87603305785124
E00005231,171,37,6,31,134,119,15,21.637426900584796,3.508771929824561,18.128654970760234,78.3625730994152,69.5906432748538,8.771929824561402
E00005232,114,19,6,13,95,76,19,16.666666666666664,5.263157894736842,11.403508771929824,83.33333333333334,66.66666666666666,16.666666666666664
E00005233,166,47,14,33,119,110,9,28.313253012048197,8.433734939759036,19.879518072289155,71.6867469879518,66.26506024096386,5.421686746987952
E00005234,171,37,19,18,134,113,21,21.637426900584796,11.11111111111111,10.526315789473683,78.3625730994152,66.08187134502924,12.280701754385964
E00005235,74,29,15,14,45,38,7,39.189189189189186,20.27027027027027,18.91891891891892,60.810810810810814,51.35135135135135,9.45945945945946
E00005236,167,54,20,34,113,99,14,32.33532934131736,11.976047904191617,20.359281437125748,67.66467065868264,59.281437125748504,8.383233532934131
E00005237,150,33,11,22,117,108,9,22,7.333333333333333,14.666666666666666,78,72,6
E00005238,178,49,24,25,129,106,23,27.52808988764045,13.48314606741573,14.04494382022472,72.47191011235955,59.55056179775281,12.921348314606742
E00005239,31,7,5,2,24,20,4,22.58064516129032,16.129032258064516,6.451612903225806,77.41935483870968,64.51612903225806,12.903225806451612
E00005241,152,21,10,11,131,124,7,13.815789473684212,6.578947368421052,7.236842105263158,86.18421052631578,81.57894736842105,4.605263157894736
E00005242,149,26,10,16,123,111,12,17.449664429530202,6.7114093959731544,10.738255033557047,82.5503355704698,74.49664429530202,8.053691275167784
E00005243,228,52,14,38,176,154,22,22.807017543859647,6.140350877192982,16.666666666666664,77.19298245614034,67.54385964912281,9.649122807017543
E00005244,139,35,9,26,104,88,16,25.179856115107913,6.474820143884892,18.705035971223023,74.82014388489209,63.30935251798561,11.510791366906476
E00005245,110,38,12,26,72,61,11,34.54545454545455,10.909090909090908,23.636363636363637,65.45454545454545,55.45454545454545,10
E00005246,171,53,18,35,118,107,11,30.994152046783626,10.526315789473683,20.46783625730994,69.00584795321637,62.57309941520468,6.432748538011696
E00005247,143,66,16,50,77,70,7,46.15384615384615,11.188811188811188,34.96503496503497,53.84615384615385,48.95104895104895,4.895104895104895
E00005248,188,57,19,38,131,108,23,30.319148936170215,10.106382978723403,20.212765957446805,69.68085106382979,57.446808510638306,12.23404255319149
E00005249,158,58,27,31,100,90,10,36.708860759493675,17.088607594936708,19.62025316455696,63.29113924050633,56.9620253164557,6.329113924050633
E00005250,124,43,11,32,81,69,12,34.67741935483871,8.870967741935484,25.806451612903224,65.32258064516128,55.64516129032258,9.67741935483871
E00005251,134,42,10,32,92,84,8,31.343283582089555,7.462686567164178,23.88059701492537,68.65671641791045,62.68656716417911,5.970149253731343
E00005252,135,64,24,40,71,61,10,47.40740740740741,17.77777777777778,29.629629629629626,52.59259259259259,45.18518518518518,7.4074074074074066
E00005253,146,44,13,31,102,91,11,30.136986301369863,8.904109589041095,21.232876712328768,69.86301369863014,62.328767123287676,7.534246575342466
E00005254,189,61,20,41,128,110,18,32.27513227513227,10.582010582010582,21.693121693121693,67.72486772486772,58.201058201058196,9.523809523809524
E00005255,130,53,15,38,77,69,8,40.76923076923077,11.538461538461538,29.230769230769234,59.23076923076923,53.07692307692308,6.153846153846154
E00005256,131,66,19,47,65,63,2,50.38167938931297,14.50381679389313,35.87786259541985,49.61832061068702,48.091603053435115,1.5267175572519083
E00005257,118,53,18,35,65,54,11,44.91525423728814,15.254237288135593,29.66101694915254,55.08474576271186,45.76271186440678,9.322033898305085
E00005258,125,53,25,28,72,61,11,42.4,20,22.400000000000002,57.599999999999994,48.8,8.799999999999999
E00005259,130,49,14,35,81,76,5,37.69230769230769,10.76923076923077,26.923076923076923,62.30769230769231,58.46153846153847,3.8461538461538463
E00005260,204,68,28,40,136,120,16,33.33333333333333,13.725490196078432,19.607843137254903,66.66666666666666,58.82352941176471,7.8431372549019605
E00005261,125,39,12,27,86,74,12,31.2,9.6,21.6,68.8,59.199999999999996,9.6
E00005262,120,47,17,30,73,62,11,39.166666666666664,14.166666666666666,25,60.83333333333333,51.66666666666667,9.166666666666666
E00005263,136,41,14,27,95,92,3,30.14705882352941,10.294117647058822,19.852941176470587,69.85294117647058,67.64705882352942,2.2058823529411766
E00005264,147,53,16,37,94,85,9,36.054421768707485,10.884353741496598,25.170068027210885,63.94557823129252,57.82312925170068,6.122448979591836
E00005265,124,52,23,29,72,67,5,41.935483870967744,18.548387096774192,23.387096774193548,58.06451612903226,54.03225806451613,4.032258064516129
E00005266,142,44,19,25,98,89,9,30.985915492957744,13.380281690140844,17.6056338028169,69.01408450704226,62.676056338028175,6.338028169014084
E00005267,131,48,18,30,83,75,8,36.6412213740458,13.740458015267176,22.900763358778626,63.358778625954194,57.25190839694656,6.106870229007633
E00005268,149,51,20,31,98,85,13,34.22818791946309,13.422818791946309,20.80536912751678,65.77181208053692,57.04697986577181,8.724832214765101
E00005269,143,52,10,42,91,77,14,36.36363636363637,6.993006993006993,29.37062937062937,63.63636363636363,53.84615384615385,9.79020979020979
E00005270,157,54,11,43,103,80,23,34.394904458598724,7.006369426751593,27.388535031847134,65.60509554140127,50.955414012738856,14.64968152866242
E00005271,105,40,11,29,65,54,11,38.095238095238095,10.476190476190476,27.61904761904762,61.904761904761905,51.42857142857142,10.476190476190476
E00005272,168,45,11,34,123,107,16,26.785714285714285,6.547619047619048,20.238095238095237,73.21428571428571,63.69047619047619,9.523809523809524
E00005273,152,51,13,38,101,95,6,33.55263157894737,8.552631578947368,25,66.44736842105263,62.5,3.9473684210526314
E00005274,72,27,5,22,45,39,6,37.5,6.944444444444445,30.555555555555557,62.5,54.166666666666664,8.333333333333332
E00005275,69,32,9,23,37,31,6,46.3768115942029,13.043478260869565,33.33333333333333,53.62318840579711,44.927536231884055,8.695652173913043
E00005276,134,51,9,42,83,76,7,38.059701492537314,6.7164179104477615,31.343283582089555,61.940298507462686,56.71641791044776,5.223880597014925
E00005277,155,53,17,36,102,87,15,34.193548387096776,10.967741935483872,23.225806451612904,65.80645161290323,56.12903225806451,9.67741935483871
E00005278,109,33,16,17,76,64,12,30.275229357798167,14.678899082568808,15.59633027522936,69.72477064220183,58.71559633027523,11.009174311926607
E00005279,95,37,18,19,58,49,9,38.94736842105263,18.947368421052634,20,61.05263157894737,51.578947368421055,9.473684210526317
E00005280,154,53,22,31,101,88,13,34.41558441558442,14.285714285714285,20.12987012987013,65.5844155844156,57.14285714285714,8.441558441558442
E00005281,135,46,8,38,89,81,8,34.074074074074076,5.9259259259259265,28.14814814814815,65.92592592592592,60,5.9259259259259265
E00005282,191,70,25,45,121,106,15,36.64921465968586,13.089005235602095,23.56020942408377,63.35078534031413,55.497382198952884,7.853403141361256
E00005283,147,40,18,22,107,90,17,27.2108843537415,12.244897959183673,14.965986394557824,72.78911564625851,61.224489795918366,11.564625850340136
E00005284,120,40,11,29,80,69,11,33.33333333333333,9.166666666666666,24.166666666666668,66.66666666666666,57.49999999999999,9.166666666666666
E00005285,160,51,19,32,109,92,17,31.874999999999996,11.875,20,68.125,57.49999999999999,10.625
E00005286,145,35,10,25,110,92,18,24.137931034482758,6.896551724137931,17.24137931034483,75.86206896551724,63.44827586206897,12.413793103448276
E00005287,135,40,20,20,95,71,24,29.629629629629626,14.814814814814813,14.814814814814813,70.37037037037037,52.59259259259259,17.77777777777778
E00005288,131,38,13,25,93,83,10,29.00763358778626,9.923664122137405,19.083969465648856,70.99236641221374,63.358778625954194,7.633587786259542
E00005289,156,43,18,25,113,94,19,27.564102564102566,11.538461538461538,16.025641025641026,72.43589743589743,60.256410256410255,12.179487179487179
E00005290,145,52,20,32,93,84,9,35.86206896551724,13.793103448275861,22.06896551724138,64.13793103448275,57.931034482758626,6.206896551724138
E00005291,174,58,26,32,116,95,21,33.33333333333333,14.942528735632186,18.39080459770115,66.66666666666666,54.59770114942529,12.068965517241379
E00005292,145,45,14,31,100,86,14,31.03448275862069,9.655172413793103,21.379310344827587,68.96551724137932,59.310344827586206,9.655172413793103
E00005293,146,30,14,16,116,103,13,20.54794520547945,9.58904109589041,10.95890410958904,79.45205479452055,70.54794520547945,8.904109589041095
E00005294,188,60,22,38,128,109,19,31.914893617021278,11.702127659574469,20.212765957446805,68.08510638297872,57.97872340425532,10.106382978723403
E00005295,153,46,27,19,107,88,19,30.065359477124183,17.647058823529413,12.418300653594772,69.93464052287581,57.51633986928104,12.418300653594772
E00005296,129,39,16,23,90,78,12,30.23255813953488,12.4031007751938,17.829457364341085,69.76744186046511,60.46511627906976,9.30232558139535
E00005297,136,40,19,21,96,75,21,29.411764705882355,13.970588235294118,15.441176470588236,70.58823529411765,55.14705882352941,15.441176470588236
E00005298,180,58,26,32,122,93,29,32.22222222222222,14.444444444444443,17.77777777777778,67.77777777777779,51.66666666666667,16.11111111111111
E00005299,136,31,15,16,105,91,14,22.794117647058822,11.029411764705882,11.76470588235294,77.20588235294117,66.91176470588235,10.294117647058822
E00005300,164,53,20,33,111,96,15,32.31707317073171,12.195121951219512,20.121951219512198,67.6829268292683,58.536585365853654,9.146341463414634
E00005301,150,44,19,25,106,98,8,29.333333333333332,12.666666666666668,16.666666666666664,70.66666666666667,65.33333333333333,5.333333333333334
E00005302,127,33,14,19,94,77,17,25.984251968503933,11.023622047244094,14.960629921259844,74.01574803149606,60.629921259842526,13.385826771653544
E00005303,102,24,6,18,78,65,13,23.52941176470588,5.88235294117647,17.647058823529413,76.47058823529412,63.725490196078425,12.745098039215685
E00005304,188,56,23,33,132,109,23,29.78723404255319,12.23404255319149,17.5531914893617,70.2127659574468,57.97872340425532,12.23404255319149
E00005305,84,33,9,24,51,42,9,39.285714285714285,10.714285714285714,28.57142857142857,60.71428571428571,50,10.714285714285714
E00005306,149,58,14,44,91,78,13,38.92617449664429,9.395973154362416,29.53020134228188,61.07382550335571,52.348993288590606,8.724832214765101
E00005307,214,59,21,38,155,133,22,27.570093457943923,9.813084112149532,17.75700934579439,72.42990654205607,62.149532710280376,10.2803738317757
E00005308,163,51,11,40,112,98,14,31.28834355828221,6.748466257668712,24.539877300613497,68.71165644171779,60.122699386503065,8.588957055214724
E00005309,161,52,17,35,109,97,12,32.298136645962735,10.559006211180124,21.73913043478261,67.70186335403726,60.24844720496895,7.453416149068323
E00005310,147,36,12,24,111,99,12,24.489795918367346,8.16326530612245,16.3265306122449,75.51020408163265,67.3469387755102,8.16326530612245
E00005311,178,56,24,32,122,104,18,31.46067415730337,13.48314606741573,17.97752808988764,68.53932584269663,58.42696629213483,10.112359550561797
E00005312,151,30,13,17,121,101,20,19.867549668874172,8.609271523178808,11.258278145695364,80.13245033112582,66.88741721854305,13.245033112582782
E00005313,132,49,19,30,83,71,12,37.121212121212125,14.393939393939394,22.727272727272727,62.878787878787875,53.78787878787878,9.090909090909092
E00005314,160,39,15,24,121,100,21,24.375,9.375,15,75.625,62.5,13.125
E00005315,160,41,17,24,119,98,21,25.624999999999996,10.625,15,74.375,61.25000000000001,13.125
E00005316,174,49,14,35,125,110,15,28.160919540229884,8.045977011494253,20.114942528735632,71.83908045977012,63.2183908045977,8.620689655172415
E00005317,151,37,15,22,114,99,15,24.503311258278146,9.933774834437086,14.56953642384106,75.49668874172185,65.56291390728477,9.933774834437086
E00005318,125,36,10,26,89,72,17,28.799999999999997,8,20.8,71.2,57.599999999999994,13.600000000000001
E00005319,154,37,11,26,117,90,27,24.025974025974026,7.142857142857142,16.883116883116884,75.97402597402598,58.44155844155844,17.532467532467532
E00005320,164,30,14,16,134,118,16,18.29268292682927,8.536585365853659,9.75609756097561,81.70731707317073,71.95121951219512,9.75609756097561
E00005321,177,62,25,37,115,100,15,35.02824858757062,14.124293785310735,20.903954802259886,64.97175141242938,56.49717514124294,8.47457627118644
E00005322,123,33,18,15,90,75,15,26.82926829268293,14.634146341463413,12.195121951219512,73.17073170731707,60.97560975609756,12.195121951219512
E00005323,172,41,18,23,131,113,18,23.837209302325583,10.465116279069768,13.372093023255813,76.16279069767442,65.69767441860465,10.465116279069768
E00005324,166,34,8,26,132,112,20,20.481927710843372,4.819277108433735,15.66265060240964,79.51807228915662,67.46987951807229,12.048192771084338
E00005325,164,31,9,22,133,116,17,18.902439024390244,5.487804878048781,13.414634146341465,81.09756097560977,70.73170731707317,10.365853658536585
E00005326,240,71,27,44,169,140,29,29.583333333333332,11.25,18.333333333333332,70.41666666666667,58.333333333333336,12.083333333333334
E00005327,180,41,18,23,139,114,25,22.77777777777778,10,12.777777777777777,77.22222222222223,63.33333333333333,13.88888888888889
E00005328,170,46,22,24,124,98,26,27.058823529411764,12.941176470588237,14.117647058823529,72.94117647058823,57.647058823529406,15.294117647058824
E00005329,174,51,22,29,123,98,25,29.310344827586203,12.643678160919542,16.666666666666664,70.6896551724138,56.32183908045977,14.367816091954023
E00005330,179,53,24,29,126,99,27,29.608938547486037,13.40782122905028,16.201117318435752,70.39106145251397,55.3072625698324,15.083798882681565
E00005331,153,41,16,25,112,83,29,26.797385620915033,10.457516339869281,16.33986928104575,73.20261437908496,54.248366013071895,18.954248366013072
E00005332,174,57,31,26,117,95,22,32.758620689655174,17.81609195402299,14.942528735632186,67.24137931034483,54.59770114942529,12.643678160919542
E00005333,106,18,7,11,88,74,14,16.9811320754717,6.60377358490566,10.377358490566039,83.01886792452831,69.81132075471697,13.20754716981132
E00005334,161,65,28,37,96,74,22,40.37267080745342,17.391304347826086,22.981366459627328,59.62732919254658,45.962732919254655,13.664596273291925
E00005335,116,33,10,23,83,71,12,28.448275862068968,8.620689655172415,19.82758620689655,71.55172413793103,61.206896551724135,10.344827586206897
E00005336,197,46,12,34,151,137,14,23.3502538071066,6.091370558375635,17.258883248730964,76.6497461928934,69.54314720812182,7.1065989847715745
E00005337,157,39,13,26,118,100,18,24.840764331210192,8.280254777070063,16.560509554140125,75.15923566878982,63.69426751592356,11.464968152866243
E00005339,184,55,22,33,129,98,31,29.891304347826086,11.956521739130435,17.934782608695652,70.1086956521739,53.2608695652174,16.847826086956523
E00005340,150,42,11,31,108,96,12,28.000000000000004,7.333333333333333,20.666666666666668,72,64,8
E00005341,163,40,18,22,123,105,18,24.539877300613497,11.042944785276074,13.496932515337424,75.4601226993865,64.41717791411043,11.042944785276074
E00005342,150,37,13,24,113,100,13,24.666666666666668,8.666666666666668,16,75.33333333333333,66.66666666666666,8.666666666666668
E00005343,182,44,15,29,138,121,17,24.175824175824175,8.241758241758241,15.934065934065933,75.82417582417582,66.48351648351648,9.340659340659341
E00005344,201,53,15,38,148,129,19,26.368159203980102,7.462686567164178,18.90547263681592,73.6318407960199,64.17910447761194,9.45273631840796
E00005345,239,76,16,60,163,147,16,31.799163179916317,6.694560669456067,25.10460251046025,68.20083682008368,61.50627615062761,6.694560669456067
E00005346,174,42,16,26,132,117,15,24.137931034482758,9.195402298850574,14.942528735632186,75.86206896551724,67.24137931034483,8.620689655172415
E00005347,188,57,21,36,131,114,17,30.319148936170215,11.170212765957446,19.148936170212767,69.68085106382979,60.63829787234043,9.042553191489363
E00005348,162,38,17,21,124,101,23,23.456790123456788,10.493827160493826,12.962962962962962,76.5432098765432,62.34567901234568,14.19753086419753
E00005349,167,39,15,24,128,99,29,23.353293413173652,8.982035928143713,14.37125748502994,76.64670658682635,59.281437125748504,17.365269461077844
E00005350,150,39,17,22,111,82,29,26,11.333333333333332,14.666666666666666,74,54.666666666666664,19.333333333333332
E00005351,193,49,22,27,144,121,23,25.38860103626943,11.398963730569948,13.989637305699482,74.61139896373057,62.69430051813472,11.917098445595855
E00005352,156,49,20,29,107,83,24,31.41025641025641,12.82051282051282,18.58974358974359,68.58974358974359,53.205128205128204,15.384615384615385
E00005353,232,66,25,41,166,145,21,28.448275862068968,10.775862068965516,17.67241379310345,71.55172413793103,62.5,9.051724137931034
E00005354,143,37,16,21,106,91,15,25.874125874125873,11.188811188811188,14.685314685314685,74.12587412587412,63.63636363636363,10.48951048951049
E00005355,188,52,17,35,136,105,31,27.659574468085108,9.042553191489363,18.617021276595743,72.3404255319149,55.85106382978723,16.48936170212766
E00005356,173,58,19,39,115,91,24,33.52601156069364,10.982658959537572,22.54335260115607,66.47398843930635,52.601156069364166,13.872832369942195
E00005357,206,56,19,37,150,128,22,27.184466019417474,9.223300970873787,17.96116504854369,72.81553398058253,62.13592233009708,10.679611650485436
E00005358,162,36,16,20,126,106,20,22.22222222222222,9.876543209876543,12.345679012345679,77.77777777777779,65.4320987654321,12.345679012345679
E00005359,154,44,17,27,110,85,25,28.57142857142857,11.03896103896104,17.532467532467532,71.42857142857143,55.1948051948052,16.233766233766232
E00005360,158,31,16,15,127,105,22,19.62025316455696,10.126582278481013,9.49367088607595,80.37974683544303,66.45569620253164,13.924050632911392
E00005361,136,46,17,29,90,74,16,33.82352941176471,12.5,21.323529411764707,66.17647058823529,54.41176470588235,11.76470588235294
E00005362,151,43,16,27,108,81,27,28.47682119205298,10.596026490066226,17.880794701986755,71.52317880794702,53.64238410596026,17.880794701986755
E00005363,148,33,11,22,115,110,5,22.2972972972973,7.4324324324324325,14.864864864864865,77.7027027027027,74.32432432432432,3.3783783783783785
E00005364,203,69,21,48,134,119,15,33.99014778325123,10.344827586206897,23.645320197044335,66.00985221674877,58.620689655172406,7.389162561576355
E00005365,95,39,10,29,56,50,6,41.05263157894737,10.526315789473683,30.526315789473685,58.94736842105262,52.63157894736842,6.315789473684211
E00005366,149,57,16,41,92,83,9,38.25503355704698,10.738255033557047,27.516778523489933,61.74496644295302,55.70469798657718,6.0402684563758395
E00005367,169,42,18,24,127,112,15,24.85207100591716,10.650887573964498,14.201183431952662,75.14792899408283,66.27218934911244,8.875739644970414
E00005368,139,40,16,24,99,89,10,28.776978417266186,11.510791366906476,17.26618705035971,71.22302158273382,64.02877697841727,7.1942446043165464
E00005369,158,49,10,39,109,102,7,31.0126582278481,6.329113924050633,24.68354430379747,68.9873417721519,64.55696202531645,4.430379746835443
E00005370,126,37,14,23,89,83,6,29.365079365079367,11.11111111111111,18.253968253968253,70.63492063492063,65.87301587301587,4.761904761904762
E00005371,81,36,16,20,45,36,9,44.44444444444444,19.753086419753085,24.691358024691358,55.55555555555556,44.44444444444444,11.11111111111111
E00005372,143,49,13,36,94,88,6,34.26573426573427,9.090909090909092,25.174825174825177,65.73426573426573,61.53846153846154,4.195804195804196
E00005373,159,43,16,27,116,101,15,27.044025157232703,10.062893081761008,16.9811320754717,72.95597484276729,63.52201257861635,9.433962264150944
E00005374,174,61,17,44,113,103,10,35.05747126436782,9.770114942528735,25.287356321839084,64.9425287356322,59.195402298850574,5.747126436781609
E00005375,102,33,7,26,69,61,8,32.35294117647059,6.862745098039216,25.49019607843137,67.64705882352942,59.80392156862745,7.8431372549019605
E00005376,146,43,15,28,103,87,16,29.45205479452055,10.273972602739725,19.17808219178082,70.54794520547945,59.589041095890416,10.95890410958904
E00005377,87,27,13,14,60,51,9,31.03448275862069,14.942528735632186,16.091954022988507,68.96551724137932,58.620689655172406,10.344827586206897
E00005378,166,48,14,34,118,100,18,28.915662650602407,8.433734939759036,20.481927710843372,71.08433734939759,60.24096385542169,10.843373493975903
E00005379,149,53,16,37,96,87,9,35.57046979865772,10.738255033557047,24.832214765100673,64.42953020134227,58.38926174496645,6.0402684563758395
E00005380,128,49,16,33,79,68,11,38.28125,12.5,25.78125,61.71875,53.125,8.59375
E00005381,166,51,23,28,115,99,16,30.72289156626506,13.855421686746988,16.867469879518072,69.27710843373494,59.63855421686747,9.63855421686747
E00005382,86,36,18,18,50,49,1,41.86046511627907,20.930232558139537,20.930232558139537,58.139534883720934,56.97674418604651,1.1627906976744187
E00005383,174,49,11,38,125,105,20,28.160919540229884,6.321839080459771,21.839080459770116,71.83908045977012,60.3448275862069,11.494252873563218
E00005384,137,48,16,32,89,83,6,35.03649635036496,11.678832116788321,23.357664233576642,64.96350364963503,60.58394160583942,4.37956204379562
E00005385,184,62,17,45,122,108,14,33.69565217391305,9.239130434782608,24.456521739130434,66.30434782608695,58.69565217391305,7.608695652173914
E00005386,135,44,11,33,91,78,13,32.592592592592595,8.148148148148149,24.444444444444443,67.4074074074074,57.77777777777777,9.62962962962963
E00005387,118,45,16,29,73,63,10,38.13559322033898,13.559322033898304,24.576271186440678,61.86440677966102,53.38983050847458,8.47457627118644
E00005388,148,61,22,39,87,77,10,41.21621621621622,14.864864864864865,26.351351351351347,58.78378378378378,52.02702702702703,6.756756756756757
E00005389,189,54,17,37,135,114,21,28.57142857142857,8.994708994708994,19.576719576719576,71.42857142857143,60.317460317460316,11.11111111111111
E00005390,175,55,26,29,120,104,16,31.428571428571427,14.857142857142858,16.57142857142857,68.57142857142857,59.42857142857143,9.142857142857142
E00005391,214,61,19,42,153,130,23,28.504672897196258,8.878504672897195,19.626168224299064,71.49532710280374,60.747663551401864,10.74766355140187
E00005392,163,46,19,27,117,101,16,28.22085889570552,11.65644171779141,16.56441717791411,71.77914110429448,61.963190184049076,9.815950920245399
E00005393,145,42,13,29,103,90,13,28.965517241379313,8.96551724137931,20,71.03448275862068,62.06896551724138,8.96551724137931
E00005394,177,56,9,47,121,105,16,31.63841807909605,5.084745762711865,26.55367231638418,68.36158192090396,59.32203389830508,9.03954802259887
E00005395,186,56,16,40,130,112,18,30.107526881720432,8.60215053763441,21.50537634408602,69.89247311827957,60.215053763440864,9.67741935483871
E00005396,173,45,19,26,128,100,28,26.011560693641616,10.982658959537572,15.028901734104046,73.98843930635837,57.80346820809249,16.184971098265898
E00005397,211,58,17,41,153,128,25,27.488151658767773,8.056872037914692,19.431279620853083,72.51184834123224,60.66350710900474,11.848341232227488
E00005398,204,57,26,31,147,126,21,27.941176470588236,12.745098039215685,15.196078431372548,72.05882352941177,61.76470588235294,10.294117647058822
E00005399,158,37,9,28,121,106,15,23.417721518987342,5.69620253164557,17.72151898734177,76.58227848101265,67.08860759493672,9.49367088607595
E00005400,164,39,14,25,125,114,11,23.78048780487805,8.536585365853659,15.24390243902439,76.21951219512195,69.51219512195121,6.707317073170732
E00005401,155,49,11,38,106,95,11,31.61290322580645,7.096774193548387,24.516129032258064,68.38709677419355,61.29032258064516,7.096774193548387
E00005402,151,49,14,35,102,88,14,32.450331125827816,9.271523178807946,23.178807947019866,67.54966887417218,58.27814569536424,9.271523178807946
E00005404,201,73,27,46,128,114,14,36.318407960199,13.432835820895523,22.885572139303484,63.681592039801,56.71641791044776,6.965174129353234
E00005405,265,90,37,53,175,154,21,33.9622641509434,13.962264150943396,20,66.0377358490566,58.11320754716981,7.9245283018867925
E00005406,157,48,15,33,109,96,13,30.573248407643312,9.554140127388536,21.019108280254777,69.42675159235668,61.146496815286625,8.280254777070063
E00005407,186,45,19,26,141,121,20,24.193548387096776,10.21505376344086,13.978494623655912,75.80645161290323,65.05376344086021,10.75268817204301
E00005408,156,47,12,35,109,98,11,30.128205128205128,7.6923076923076925,22.435897435897438,69.87179487179486,62.82051282051282,7.051282051282051
E00005409,215,59,17,42,156,138,18,27.44186046511628,7.906976744186046,19.53488372093023,72.55813953488372,64.18604651162791,8.372093023255815
E00005410,168,52,17,35,116,98,18,30.952380952380953,10.119047619047619,20.833333333333336,69.04761904761905,58.333333333333336,10.714285714285714
E00005411,187,53,20,33,134,116,18,28.342245989304814,10.695187165775401,17.647058823529413,71.65775401069519,62.03208556149733,9.62566844919786
E00005412,190,53,22,31,137,126,11,27.89473684210526,11.578947368421053,16.315789473684212,72.10526315789474,66.3157894736842,5.7894736842105265
E00005413,177,49,17,32,128,104,24,27.683615819209038,9.6045197740113,18.07909604519774,72.31638418079096,58.75706214689266,13.559322033898304
E00005414,137,49,25,24,88,77,11,35.76642335766424,18.248175182481752,17.51824817518248,64.23357664233576,56.20437956204379,8.02919708029197
E00005415,161,54,22,32,107,101,6,33.54037267080746,13.664596273291925,19.875776397515526,66.45962732919256,62.732919254658384,3.7267080745341614
E00005416,144,63,26,37,81,71,10,43.75,18.055555555555554,25.694444444444443,56.25,49.30555555555556,6.944444444444445
E00005417,152,43,19,24,109,87,22,28.289473684210524,12.5,15.789473684210526,71.71052631578947,57.23684210526315,14.473684210526317
E00005418,155,49,19,30,106,85,21,31.61290322580645,12.258064516129032,19.35483870967742,68.38709677419355,54.83870967741935,13.548387096774196
E00005419,230,75,24,51,155,113,42,32.608695652173914,10.434782608695652,22.17391304347826,67.3913043478261,49.130434782608695,18.26086956521739
E00005420,143,37,12,25,106,88,18,25.874125874125873,8.391608391608392,17.482517482517483,74.12587412587412,61.53846153846154,12.587412587412588
E00005421,134,43,15,28,91,76,15,32.08955223880597,11.194029850746269,20.8955223880597,67.91044776119402,56.71641791044776,11.194029850746269
E00005422,184,63,24,39,121,106,15,34.23913043478261,13.043478260869565,21.195652173913043,65.76086956521739,57.608695652173914,8.152173913043478
E00005423,202,63,25,38,139,113,26,31.18811881188119,12.376237623762377,18.81188118811881,68.8118811881188,55.940594059405946,12.871287128712872
E00005424,218,74,22,52,144,109,35,33.94495412844037,10.091743119266056,23.853211009174313,66.05504587155964,50,16.055045871559635
E00005425,165,51,19,32,114,94,20,30.909090909090907,11.515151515151516,19.393939393939394,69.0909090909091,56.96969696969697,12.121212121212121
E00005426,62,15,7,8,47,38,9,24.193548387096776,11.29032258064516,12.903225806451612,75.80645161290323,61.29032258064516,14.516129032258066
E00005427,175,55,27,28,120,101,19,31.428571428571427,15.428571428571427,16,68.57142857142857,57.714285714285715,10.857142857142858
E00005428,233,77,30,47,156,141,15,33.047210300429185,12.875536480686694,20.171673819742487,66.95278969957081,60.51502145922747,6.437768240343347
E00005429,130,37,13,24,93,76,17,28.46153846153846,10,18.461538461538463,71.53846153846153,58.46153846153847,13.076923076923078
E00005430,225,83,22,61,142,118,24,36.888888888888886,9.777777777777779,27.111111111111114,63.11111111111111,52.44444444444445,10.666666666666668
E00005431,155,51,23,28,104,99,5,32.903225806451616,14.838709677419354,18.064516129032256,67.0967741935484,63.87096774193548,3.225806451612903
E00005432,175,55,22,33,120,101,19,31.428571428571427,12.571428571428573,18.857142857142858,68.57142857142857,57.714285714285715,10.857142857142858
E00005433,272,85,31,54,187,166,21,31.25,11.397058823529411,19.852941176470587,68.75,61.029411764705884,7.720588235294118
E00005435,206,66,22,44,140,116,24,32.038834951456316,10.679611650485436,21.35922330097087,67.96116504854369,56.310679611650485,11.650485436893204
E00005436,78,23,9,14,55,47,8,29.48717948717949,11.538461538461538,17.94871794871795,70.51282051282051,60.256410256410255,10.256410256410255
E00005437,216,66,23,43,150,126,24,30.555555555555557,10.648148148148149,19.90740740740741,69.44444444444444,58.333333333333336,11.11111111111111
E00005438,170,45,22,23,125,112,13,26.47058823529412,12.941176470588237,13.529411764705882,73.52941176470588,65.88235294117646,7.647058823529412
E00005439,180,55,25,30,125,102,23,30.555555555555557,13.88888888888889,16.666666666666664,69.44444444444444,56.666666666666664,12.777777777777777
E00005440,194,52,17,35,142,113,29,26.804123711340207,8.762886597938143,18.04123711340206,73.19587628865979,58.24742268041238,14.948453608247423
E00005441,165,50,17,33,115,89,26,30.303030303030305,10.303030303030303,20,69.6969696969697,53.939393939393945,15.757575757575756
E00005442,178,42,14,28,136,108,28,23.595505617977526,7.865168539325842,15.730337078651685,76.40449438202246,60.67415730337079,15.730337078651685
E00005443,211,64,27,37,147,107,40,30.33175355450237,12.796208530805686,17.535545023696685,69.66824644549763,50.71090047393365,18.95734597156398
E00005444,216,64,25,39,152,129,23,29.629629629629626,11.574074074074074,18.055555555555554,70.37037037037037,59.72222222222222,10.648148148148149
E00005445,178,58,21,37,120,99,21,32.58426966292135,11.797752808988763,20.786516853932586,67.41573033707866,55.61797752808989,11.797752808988763
E00005446,177,38,14,24,139,119,20,21.468926553672315,7.909604519774012,13.559322033898304,78.53107344632768,67.2316384180791,11.299435028248588
E00005447,146,38,18,20,108,90,18,26.027397260273972,12.32876712328767,13.698630136986301,73.97260273972603,61.64383561643836,12.32876712328767
E00005448,146,38,16,22,108,97,11,26.027397260273972,10.95890410958904,15.068493150684931,73.97260273972603,66.43835616438356,7.534246575342466
E00005449,155,31,15,16,124,104,20,20,9.67741935483871,10.32258064516129,80,67.0967741935484,12.903225806451612
E00005450,168,44,19,25,124,103,21,26.190476190476193,11.30952380952381,14.880952380952381,73.80952380952381,61.30952380952381,12.5
E00005451,201,45,14,31,156,139,17,22.388059701492537,6.965174129353234,15.422885572139302,77.61194029850746,69.15422885572139,8.45771144278607
E00005452,147,35,13,22,112,89,23,23.809523809523807,8.843537414965986,14.965986394557824,76.19047619047619,60.544217687074834,15.646258503401361
E00005453,143,40,11,29,103,80,23,27.972027972027973,7.6923076923076925,20.27972027972028,72.02797202797203,55.94405594405595,16.083916083916083
E00005454,184,62,30,32,122,93,29,33.69565217391305,16.304347826086957,17.391304347826086,66.30434782608695,50.54347826086957,15.760869565217392
E00005455,234,70,31,39,164,129,35,29.914529914529915,13.247863247863249,16.666666666666664,70.08547008547008,55.12820512820513,14.957264957264957
E00005456,131,34,11,23,97,86,11,25.954198473282442,8.396946564885496,17.557251908396946,74.04580152671755,65.64885496183206,8.396946564885496
E00005457,210,65,27,38,145,115,30,30.952380952380953,12.857142857142856,18.095238095238095,69.04761904761905,54.761904761904766,14.285714285714285
E00005458,208,44,21,23,164,121,43,21.153846153846153,10.096153846153847,11.057692307692307,78.84615384615384,58.17307692307693,20.673076923076923
E00005459,173,45,14,31,128,103,25,26.011560693641616,8.092485549132949,17.91907514450867,73.98843930635837,59.53757225433526,14.450867052023122
E00005461,112,35,9,26,77,69,8,31.25,8.035714285714286,23.214285714285715,68.75,61.60714285714286,7.142857142857142
E00005462,213,54,17,37,159,136,23,25.352112676056336,7.981220657276995,17.370892018779344,74.64788732394366,63.84976525821596,10.7981220657277
E00005463,159,51,19,32,108,83,25,32.075471698113205,11.949685534591195,20.125786163522015,67.9245283018868,52.20125786163522,15.723270440251572
E00005465,163,46,7,39,117,101,16,28.22085889570552,4.294478527607362,23.92638036809816,71.77914110429448,61.963190184049076,9.815950920245399
E00005466,106,26,11,15,80,68,12,24.528301886792452,10.377358490566039,14.150943396226415,75.47169811320755,64.15094339622641,11.320754716981133
E00005467,178,49,21,28,129,78,51,27.52808988764045,11.797752808988763,15.730337078651685,72.47191011235955,43.82022471910113,28.651685393258425
E00005469,177,40,16,24,137,112,25,22.598870056497177,9.03954802259887,13.559322033898304,77.40112994350282,63.2768361581921,14.124293785310735
E00005470,194,53,22,31,141,99,42,27.31958762886598,11.34020618556701,15.979381443298967,72.68041237113401,51.03092783505154,21.649484536082475
E00005471,172,48,16,32,124,101,23,27.906976744186046,9.30232558139535,18.6046511627907,72.09302325581395,58.720930232558146,13.372093023255813
E00005472,186,52,20,32,134,105,29,27.956989247311824,10.75268817204301,17.20430107526882,72.04301075268818,56.451612903225815,15.591397849462366
E00005473,157,38,24,14,119,111,8,24.203821656050955,15.286624203821656,8.9171974522293,75.79617834394905,70.70063694267516,5.095541401273886
E00005474,172,51,16,35,121,100,21,29.651162790697676,9.30232558139535,20.348837209302324,70.34883720930233,58.139534883720934,12.209302325581394
E00005475,101,30,13,17,71,52,19,29.7029702970297,12.871287128712872,16.831683168316832,70.29702970297029,51.48514851485149,18.81188118811881
E00005476,172,40,14,26,132,104,28,23.25581395348837,8.13953488372093,15.11627906976744,76.74418604651163,60.46511627906976,16.27906976744186
E00005477,254,59,25,34,195,168,27,23.228346456692915,9.84251968503937,13.385826771653544,76.77165354330708,66.14173228346458,10.62992125984252
E00005478,163,55,18,37,108,101,7,33.74233128834356,11.042944785276074,22.699386503067483,66.25766871165644,61.963190184049076,4.294478527607362
E00005479,185,56,23,33,129,108,21,30.270270270270274,12.432432432432433,17.83783783783784,69.72972972972973,58.37837837837838,11.351351351351353
E00005480,179,45,9,36,134,116,18,25.139664804469277,5.027932960893855,20.11173184357542,74.86033519553072,64.80446927374301,10.05586592178771
E00005481,155,42,16,26,113,99,14,27.09677419354839,10.32258064516129,16.7741935483871,72.90322580645162,63.87096774193548,9.032258064516128
E00005482,175,58,23,35,117,103,14,33.14285714285714,13.142857142857142,20,66.85714285714286,58.857142857142854,8
E00005483,179,61,24,37,118,97,21,34.07821229050279,13.40782122905028,20.670391061452513,65.92178770949721,54.18994413407822,11.731843575418994
E00005484,193,58,23,35,135,123,12,30.05181347150259,11.917098445595855,18.134715025906736,69.94818652849742,63.730569948186535,6.217616580310881
E00005485,162,49,23,26,113,94,19,30.246913580246915,14.19753086419753,16.049382716049383,69.75308641975309,58.0246913580247,11.728395061728394
E00005486,121,36,10,26,85,76,9,29.75206611570248,8.264462809917356,21.487603305785125,70.24793388429752,62.8099173553719,7.43801652892562
E00005487,128,43,20,23,85,63,22,33.59375,15.625,17.96875,66.40625,49.21875,17.1875
E00005488,174,48,15,33,126,100,26,27.586206896551722,8.620689655172415,18.96551724137931,72.41379310344827,57.47126436781609,14.942528735632186
E00005489,161,40,15,25,121,108,13,24.84472049689441,9.316770186335404,15.527950310559005,75.15527950310559,67.08074534161491,8.074534161490684
E00005490,72,21,6,15,51,42,9,29.166666666666668,8.333333333333332,20.833333333333336,70.83333333333334,58.333333333333336,12.5
E00005491,146,41,15,26,105,86,19,28.08219178082192,10.273972602739725,17.80821917808219,71.91780821917808,58.9041095890411,13.013698630136986
E00005492,139,49,18,31,90,79,11,35.25179856115108,12.949640287769784,22.302158273381295,64.74820143884892,56.83453237410072,7.913669064748201
E00005493,152,36,17,19,116,92,24,23.684210526315788,11.18421052631579,12.5,76.31578947368422,60.526315789473685,15.789473684210526
E00005494,160,44,13,31,116,90,26,27.500000000000004,8.125,19.375,72.5,56.25,16.25
E00005495,171,41,16,25,130,107,23,23.976608187134502,9.35672514619883,14.619883040935672,76.0233918128655,62.57309941520468,13.450292397660817
E00005496,134,41,16,25,93,74,19,30.597014925373134,11.940298507462686,18.65671641791045,69.40298507462687,55.223880597014926,14.17910447761194
E00005497,170,51,12,39,119,92,27,30,7.0588235294117645,22.941176470588236,70,54.11764705882353,15.88235294117647
E00005498,182,47,20,27,135,114,21,25.82417582417583,10.989010989010989,14.835164835164836,74.17582417582418,62.637362637362635,11.538461538461538
E00005499,155,44,14,30,111,91,20,28.387096774193548,9.032258064516128,19.35483870967742,71.61290322580646,58.70967741935483,12.903225806451612
E00005500,221,69,31,38,152,142,10,31.221719457013574,14.027149321266968,17.194570135746606,68.77828054298642,64.25339366515837,4.524886877828054
E00005501,184,57,22,35,127,109,18,30.978260869565215,11.956521739130435,19.021739130434785,69.02173913043478,59.2391304347826,9.782608695652174
E00005502,173,52,20,32,121,105,16,30.057803468208093,11.560693641618498,18.497109826589593,69.94219653179191,60.69364161849711,9.248554913294797
E00005503,207,60,16,44,147,128,19,28.985507246376812,7.729468599033816,21.256038647342994,71.01449275362319,61.83574879227053,9.178743961352657
E00005504,209,55,20,35,154,129,25,26.31578947368421,9.569377990430622,16.74641148325359,73.68421052631578,61.72248803827751,11.961722488038278
E00005505,127,49,20,29,78,57,21,38.582677165354326,15.748031496062993,22.83464566929134,61.417322834645674,44.881889763779526,16.535433070866144
E00005506,124,39,18,21,85,69,16,31.451612903225808,14.516129032258066,16.93548387096774,68.54838709677419,55.64516129032258,12.903225806451612
E00005507,174,50,27,23,124,88,36,28.735632183908045,15.517241379310345,13.218390804597702,71.26436781609196,50.57471264367817,20.689655172413794
E00005508,143,34,12,22,109,85,24,23.776223776223777,8.391608391608392,15.384615384615385,76.22377622377621,59.44055944055944,16.783216783216783
E00005509,168,44,17,27,124,90,34,26.190476190476193,10.119047619047619,16.071428571428573,73.80952380952381,53.57142857142857,20.238095238095237
E00005510,95,38,20,18,57,42,15,40,21.052631578947366,18.947368421052634,60,44.21052631578947,15.789473684210526
E00005511,139,41,17,24,98,78,20,29.496402877697843,12.23021582733813,17.26618705035971,70.50359712230215,56.11510791366906,14.388489208633093
E00005512,146,34,18,16,112,91,21,23.28767123287671,12.32876712328767,10.95890410958904,76.71232876712328,62.328767123287676,14.383561643835616
E00005513,171,46,19,27,125,97,28,26.900584795321635,11.11111111111111,15.789473684210526,73.09941520467837,56.72514619883041,16.374269005847953
E00005514,188,44,16,28,144,121,23,23.404255319148938,8.51063829787234,14.893617021276595,76.59574468085107,64.36170212765957,12.23404255319149
E00005515,202,59,29,30,143,110,33,29.207920792079207,14.356435643564355,14.85148514851485,70.79207920792079,54.45544554455446,16.33663366336634
E00005516,160,47,12,35,113,93,20,29.375,7.5,21.875,70.625,58.12500000000001,12.5
E00005517,145,48,24,24,97,77,20,33.10344827586207,16.551724137931036,16.551724137931036,66.89655172413794,53.103448275862064,13.793103448275861
E00005518,153,57,25,32,96,77,19,37.254901960784316,16.33986928104575,20.915032679738562,62.745098039215684,50.326797385620914,12.418300653594772
E00005519,207,71,28,43,136,125,11,34.29951690821256,13.526570048309178,20.77294685990338,65.70048309178745,60.38647342995169,5.314009661835748
E00005520,206,58,29,29,148,133,15,28.155339805825243,14.077669902912621,14.077669902912621,71.84466019417476,64.56310679611651,7.281553398058252
E00005521,202,45,14,31,157,139,18,22.277227722772277,6.9306930693069315,15.346534653465346,77.72277227722772,68.8118811881188,8.91089108910891
E00005522,85,27,9,18,58,52,6,31.76470588235294,10.588235294117647,21.176470588235293,68.23529411764706,61.1764705882353,7.0588235294117645
E00005523,166,55,25,30,111,95,16,33.13253012048193,15.060240963855422,18.072289156626507,66.86746987951807,57.22891566265061,9.63855421686747
E00005524,139,41,11,30,98,88,10,29.496402877697843,7.913669064748201,21.58273381294964,70.50359712230215,63.30935251798561,7.1942446043165464
E00005525,139,39,16,23,100,84,16,28.05755395683453,11.510791366906476,16.546762589928058,71.94244604316546,60.431654676258994,11.510791366906476
E00005526,236,72,34,38,164,150,14,30.508474576271187,14.40677966101695,16.101694915254235,69.49152542372882,63.559322033898304,5.932203389830509
E00005528,229,94,30,64,135,115,20,41.04803493449782,13.100436681222707,27.947598253275107,58.951965065502186,50.21834061135371,8.73362445414847
E00005529,118,47,17,30,71,63,8,39.83050847457627,14.40677966101695,25.423728813559322,60.16949152542372,53.38983050847458,6.779661016949152
E00005530,239,80,20,60,159,146,13,33.47280334728033,8.368200836820083,25.10460251046025,66.52719665271967,61.08786610878661,5.439330543933055
E00005531,203,57,29,28,146,127,19,28.078817733990146,14.285714285714285,13.793103448275861,71.92118226600985,62.5615763546798,9.35960591133005
E00005532,138,53,26,27,85,74,11,38.405797101449274,18.84057971014493,19.565217391304348,61.59420289855072,53.62318840579711,7.971014492753622
E00005533,54,20,8,12,34,30,4,37.03703703703704,14.814814814814813,22.22222222222222,62.96296296296296,55.55555555555556,7.4074074074074066
E00005534,241,87,32,55,154,136,18,36.099585062240664,13.278008298755188,22.821576763485478,63.90041493775933,56.43153526970954,7.468879668049793
E00005535,153,44,20,24,109,101,8,28.75816993464052,13.071895424836603,15.686274509803921,71.24183006535948,66.01307189542483,5.228758169934641
E00005536,170,45,20,25,125,116,9,26.47058823529412,11.76470588235294,14.705882352941178,73.52941176470588,68.23529411764706,5.294117647058823
E00005537,186,50,22,28,136,124,12,26.881720430107524,11.827956989247312,15.053763440860216,73.11827956989248,66.66666666666666,6.451612903225806
E00005538,165,60,18,42,105,92,13,36.36363636363637,10.909090909090908,25.454545454545453,63.63636363636363,55.757575757575765,7.878787878787878
E00005539,158,50,20,30,108,98,10,31.645569620253166,12.658227848101266,18.9873417721519,68.35443037974683,62.0253164556962,6.329113924050633
E00005540,141,47,16,31,94,82,12,33.33333333333333,11.347517730496454,21.98581560283688,66.66666666666666,58.156028368794324,8.51063829787234
E00005541,112,29,12,17,83,74,9,25.892857142857146,10.714285714285714,15.178571428571427,74.10714285714286,66.07142857142857,8.035714285714286
E00005542,130,40,12,28,90,82,8,30.76923076923077,9.230769230769232,21.53846153846154,69.23076923076923,63.07692307692307,6.153846153846154
E00005543,303,75,23,52,228,207,21,24.752475247524753,7.590759075907591,17.16171617161716,75.24752475247524,68.31683168316832,6.9306930693069315
E00005544,131,31,5,26,100,93,7,23.66412213740458,3.816793893129771,19.84732824427481,76.33587786259542,70.99236641221374,5.343511450381679
E00005545,169,39,15,24,130,116,14,23.076923076923077,8.875739644970414,14.201183431952662,76.92307692307693,68.63905325443787,8.284023668639055
E00005546,115,39,13,26,76,67,9,33.91304347826087,11.304347826086957,22.608695652173914,66.08695652173913,58.26086956521739,7.82608695652174
E00005547,236,86,23,63,150,134,16,36.440677966101696,9.745762711864407,26.69491525423729,63.559322033898304,56.779661016949156,6.779661016949152
E00005548,106,39,18,21,67,51,16,36.79245283018868,16.9811320754717,19.81132075471698,63.20754716981132,48.113207547169814,15.09433962264151
E00005549,155,58,26,32,97,91,6,37.41935483870968,16.7741935483871,20.64516129032258,62.58064516129033,58.70967741935483,3.870967741935484
E00005550,145,42,15,27,103,89,14,28.965517241379313,10.344827586206897,18.620689655172416,71.03448275862068,61.37931034482759,9.655172413793103
E00005551,197,66,25,41,131,116,15,33.50253807106599,12.690355329949238,20.812182741116754,66.49746192893402,58.88324873096447,7.614213197969544
E00005552,130,49,21,28,81,76,5,37.69230769230769,16.153846153846153,21.53846153846154,62.30769230769231,58.46153846153847,3.8461538461538463
E00005553,197,56,19,37,141,130,11,28.426395939086298,9.644670050761421,18.781725888324875,71.57360406091371,65.98984771573603,5.583756345177665
E00005554,79,28,11,17,51,48,3,35.44303797468354,13.924050632911392,21.518987341772153,64.55696202531645,60.75949367088608,3.79746835443038
E00005555,209,72,21,51,137,114,23,34.44976076555024,10.047846889952153,24.401913875598087,65.55023923444976,54.54545454545454,11.004784688995215
E00005556,189,47,18,29,142,128,14,24.867724867724867,9.523809523809524,15.343915343915343,75.13227513227513,67.72486772486772,7.4074074074074066
E00005557,204,51,21,30,153,137,16,25,10.294117647058822,14.705882352941178,75,67.15686274509804,7.8431372549019605
E00005558,130,33,18,15,97,89,8,25.384615384615383,13.846153846153847,11.538461538461538,74.61538461538461,68.46153846153847,6.153846153846154
E00005559,132,37,7,30,95,82,13,28.030303030303028,5.303030303030303,22.727272727272727,71.96969696969697,62.121212121212125,9.848484848484848
E00005560,232,84,27,57,148,122,26,36.206896551724135,11.637931034482758,24.568965517241377,63.793103448275865,52.58620689655172,11.206896551724139
E00005561,105,30,12,18,75,70,5,28.57142857142857,11.428571428571429,17.142857142857142,71.42857142857143,66.66666666666666,4.761904761904762
E00005562,139,41,16,25,98,83,15,29.496402877697843,11.510791366906476,17.985611510791365,70.50359712230215,59.71223021582733,10.79136690647482
E00005563,120,29,13,16,91,79,12,24.166666666666668,10.833333333333334,13.333333333333334,75.83333333333333,65.83333333333333,10
E00005564,199,86,28,58,113,100,13,43.21608040201005,14.07035175879397,29.145728643216078,56.78391959798995,50.25125628140703,6.532663316582915
E00005565,105,37,13,24,68,60,8,35.23809523809524,12.380952380952381,22.857142857142858,64.76190476190476,57.14285714285714,7.6190476190476195
E00005566,256,96,29,67,160,146,14,37.5,11.328125,26.171875,62.5,57.03125,5.46875
E00005567,198,58,22,36,140,118,22,29.292929292929294,11.11111111111111,18.181818181818183,70.70707070707071,59.59595959595959,11.11111111111111
E00005568,146,52,20,32,94,84,10,35.61643835616438,13.698630136986301,21.91780821917808,64.38356164383562,57.534246575342465,6.8493150684931505
E00005570,147,45,11,34,102,96,6,30.612244897959183,7.482993197278912,23.12925170068027,69.38775510204081,65.3061224489796,4.081632653061225
E00005571,124,44,11,33,80,71,9,35.483870967741936,8.870967741935484,26.61290322580645,64.51612903225806,57.25806451612904,7.258064516129033
E00005572,158,60,23,37,98,86,12,37.9746835443038,14.556962025316455,23.417721518987342,62.0253164556962,54.43037974683544,7.59493670886076
E00005573,166,46,14,32,120,102,18,27.710843373493976,8.433734939759036,19.27710843373494,72.28915662650603,61.44578313253012,10.843373493975903
E00005574,115,32,15,17,83,76,7,27.82608695652174,13.043478260869565,14.782608695652174,72.17391304347827,66.08695652173913,6.086956521739131
E00005575,118,35,15,20,83,73,10,29.66101694915254,12.711864406779661,16.94915254237288,70.33898305084746,61.86440677966102,8.47457627118644
E00005576,153,51,17,34,102,90,12,33.33333333333333,11.11111111111111,22.22222222222222,66.66666666666666,58.82352941176471,7.8431372549019605
E00005577,158,51,21,30,107,94,13,32.278481012658226,13.291139240506327,18.9873417721519,67.72151898734177,59.49367088607595,8.227848101265822
E00005578,191,58,19,39,133,108,25,30.36649214659686,9.947643979057592,20.418848167539267,69.63350785340315,56.54450261780105,13.089005235602095
E00005579,176,55,13,42,121,104,17,31.25,7.386363636363637,23.863636363636363,68.75,59.09090909090909,9.659090909090908
E00005580,154,54,28,26,100,84,16,35.064935064935064,18.181818181818183,16.883116883116884,64.93506493506493,54.54545454545454,10.38961038961039
E00005581,145,49,20,29,96,82,14,33.793103448275865,13.793103448275861,20,66.20689655172414,56.55172413793104,9.655172413793103
E00005582,128,44,16,28,84,71,13,34.375,12.5,21.875,65.625,55.46875,10.15625
E00005583,177,47,17,30,130,103,27,26.55367231638418,9.6045197740113,16.94915254237288,73.44632768361582,58.19209039548022,15.254237288135593
E00005584,100,30,5,25,70,57,13,30,5,25,70,56.99999999999999,13
E00005585,154,48,17,31,106,97,9,31.16883116883117,11.03896103896104,20.12987012987013,68.83116883116884,62.98701298701299,5.844155844155844
E00005586,159,48,19,29,111,99,12,30.18867924528302,11.949685534591195,18.238993710691823,69.81132075471697,62.264150943396224,7.547169811320755
E00005587,162,46,16,30,116,99,17,28.39506172839506,9.876543209876543,18.51851851851852,71.60493827160494,61.111111111111114,10.493827160493826
E00005588,151,54,18,36,97,82,15,35.76158940397351,11.920529801324504,23.841059602649008,64.23841059602648,54.3046357615894,9.933774834437086
E00005589,147,42,18,24,105,85,20,28.57142857142857,12.244897959183673,16.3265306122449,71.42857142857143,57.82312925170068,13.60544217687075
E00005590,140,48,14,34,92,76,16,34.285714285714285,10,24.285714285714285,65.71428571428571,54.285714285714285,11.428571428571429
E00005591,122,31,10,21,91,76,15,25.40983606557377,8.19672131147541,17.21311475409836,74.59016393442623,62.295081967213115,12.295081967213115
E00005592,178,59,23,36,119,89,30,33.146067415730336,12.921348314606742,20.224719101123593,66.85393258426966,50,16.853932584269664
E00005593,143,34,11,23,109,100,9,23.776223776223777,7.6923076923076925,16.083916083916083,76.22377622377621,69.93006993006993,6.293706293706294
E00005594,160,45,21,24,115,84,31,28.125,13.125,15,71.875,52.5,19.375
E00005595,177,48,21,27,129,106,23,27.11864406779661,11.864406779661017,15.254237288135593,72.88135593220339,59.887005649717516,12.994350282485875
E00005596,195,47,17,30,148,120,28,24.102564102564102,8.717948717948717,15.384615384615385,75.8974358974359,61.53846153846154,14.358974358974358
E00005597,151,34,18,16,117,93,24,22.516556291390728,11.920529801324504,10.596026490066226,77.48344370860927,61.58940397350994,15.894039735099339
E00005598,170,45,18,27,125,104,21,26.47058823529412,10.588235294117647,15.88235294117647,73.52941176470588,61.1764705882353,12.352941176470589
E00005599,164,48,25,23,116,99,17,29.268292682926827,15.24390243902439,14.02439024390244,70.73170731707317,60.36585365853659,10.365853658536585
E00005600,143,46,19,27,97,79,18,32.16783216783217,13.286713286713287,18.88111888111888,67.83216783216784,55.24475524475524,12.587412587412588
E00005601,146,41,22,19,105,87,18,28.08219178082192,15.068493150684931,13.013698630136986,71.91780821917808,59.589041095890416,12.32876712328767
E00005602,174,48,19,29,126,106,20,27.586206896551722,10.919540229885058,16.666666666666664,72.41379310344827,60.91954022988506,11.494252873563218
E00005603,148,46,17,29,102,86,16,31.08108108108108,11.486486486486488,19.594594594594593,68.91891891891892,58.108108108108105,10.81081081081081
E00005604,167,44,17,27,123,108,15,26.34730538922156,10.179640718562874,16.16766467065868,73.65269461077844,64.67065868263472,8.982035928143713
E00005605,109,31,9,22,78,65,13,28.440366972477065,8.256880733944955,20.18348623853211,71.55963302752293,59.63302752293578,11.926605504587156
E00005606,169,43,13,30,126,108,18,25.443786982248522,7.6923076923076925,17.75147928994083,74.55621301775149,63.905325443786985,10.650887573964498
E00005607,140,46,21,25,94,81,13,32.857142857142854,15,17.857142857142858,67.14285714285714,57.85714285714286,9.285714285714286
E00005608,181,46,20,26,135,120,15,25.41436464088398,11.049723756906078,14.3646408839779,74.58563535911603,66.29834254143645,8.287292817679557
E00005609,116,50,18,32,66,60,6,43.103448275862064,15.517241379310345,27.586206896551722,56.896551724137936,51.724137931034484,5.172413793103448
E00005610,214,67,20,47,147,131,16,31.308411214953267,9.345794392523365,21.962616822429908,68.69158878504673,61.21495327102804,7.476635514018691
E00005611,189,49,20,29,140,124,16,25.925925925925924,10.582010582010582,15.343915343915343,74.07407407407408,65.60846560846561,8.465608465608465
E00005612,125,36,14,22,89,75,14,28.799999999999997,11.200000000000001,17.599999999999998,71.2,60,11.200000000000001
E00005613,135,35,7,28,100,84,16,25.925925925925924,5.185185185185185,20.74074074074074,74.07407407407408,62.22222222222222,11.851851851851853
E00005614,149,46,23,23,103,93,10,30.87248322147651,15.436241610738255,15.436241610738255,69.12751677852349,62.41610738255034,6.7114093959731544
E00005615,160,46,16,30,114,94,20,28.749999999999996,10,18.75,71.25,58.75,12.5
E00005616,171,46,13,33,125,102,23,26.900584795321635,7.602339181286549,19.298245614035086,73.09941520467837,59.64912280701754,13.450292397660817
E00005617,171,47,15,32,124,103,21,27.485380116959064,8.771929824561402,18.71345029239766,72.51461988304094,60.23391812865497,12.280701754385964
E00005618,109,34,11,23,75,63,12,31.19266055045872,10.091743119266056,21.100917431192663,68.80733944954129,57.798165137614674,11.009174311926607
E00005619,176,50,21,29,126,106,20,28.40909090909091,11.931818181818182,16.477272727272727,71.5909090909091,60.22727272727273,11.363636363636363
E00005620,163,50,17,33,113,103,10,30.67484662576687,10.429447852760736,20.245398773006134,69.32515337423312,63.190184049079754,6.134969325153374
E00005621,55,23,11,12,32,32,0,41.81818181818181,20,21.818181818181817,58.18181818181818,58.18181818181818,0
E00005622,165,60,28,32,105,92,13,36.36363636363637,16.969696969696972,19.393939393939394,63.63636363636363,55.757575757575765,7.878787878787878
E00005623,132,33,10,23,99,88,11,25,7.575757575757576,17.424242424242426,75,66.66666666666666,8.333333333333332
E00005624,112,35,8,27,77,56,21,31.25,7.142857142857142,24.107142857142858,68.75,50,18.75
E00005625,164,48,19,29,116,101,15,29.268292682926827,11.585365853658537,17.682926829268293,70.73170731707317,61.58536585365854,9.146341463414634
E00005626,172,38,13,25,134,108,26,22.093023255813954,7.55813953488372,14.534883720930234,77.90697674418605,62.7906976744186,15.11627906976744
E00005627,150,39,11,28,111,89,22,26,7.333333333333333,18.666666666666668,74,59.333333333333336,14.666666666666666
E00005628,178,48,16,32,130,106,24,26.96629213483146,8.98876404494382,17.97752808988764,73.03370786516854,59.55056179775281,13.48314606741573
E00005629,140,34,12,22,106,90,16,24.285714285714285,8.571428571428571,15.714285714285714,75.71428571428571,64.28571428571429,11.428571428571429
E00005630,169,51,25,26,118,104,14,30.17751479289941,14.792899408284024,15.384615384615385,69.8224852071006,61.53846153846154,8.284023668639055
E00005631,154,46,15,31,108,87,21,29.87012987012987,9.740259740259742,20.12987012987013,70.12987012987013,56.493506493506494,13.636363636363635
E00005632,159,41,17,24,118,103,15,25.78616352201258,10.69182389937107,15.09433962264151,74.21383647798741,64.77987421383648,9.433962264150944
E00005633,167,50,17,33,117,104,13,29.94011976047904,10.179640718562874,19.760479041916167,70.05988023952095,62.27544910179641,7.784431137724551
E00005634,190,59,23,36,131,116,15,31.05263157894737,12.105263157894736,18.947368421052634,68.94736842105263,61.05263157894737,7.894736842105263
E00005635,115,31,11,20,84,73,11,26.956521739130434,9.565217391304348,17.391304347826086,73.04347826086956,63.47826086956522,9.565217391304348
E00005636,114,40,14,26,74,64,10,35.08771929824561,12.280701754385964,22.807017543859647,64.91228070175438,56.14035087719298,8.771929824561402
E00005637,133,45,17,28,88,80,8,33.83458646616541,12.781954887218044,21.052631578947366,66.16541353383458,60.150375939849624,6.015037593984962
E00005638,113,39,10,29,74,70,4,34.51327433628318,8.849557522123893,25.663716814159294,65.48672566371681,61.94690265486725,3.5398230088495577
E00005639,109,40,14,26,69,60,9,36.69724770642202,12.844036697247708,23.853211009174313,63.30275229357798,55.04587155963303,8.256880733944955
E00005640,126,45,13,32,81,68,13,35.714285714285715,10.317460317460316,25.396825396825395,64.28571428571429,53.96825396825397,10.317460317460316
E00005641,109,44,18,26,65,60,5,40.36697247706422,16.51376146788991,23.853211009174313,59.63302752293578,55.04587155963303,4.587155963302752
E00005642,164,48,20,28,116,102,14,29.268292682926827,12.195121951219512,17.073170731707318,70.73170731707317,62.19512195121951,8.536585365853659
E00005643,137,68,20,48,69,64,5,49.63503649635037,14.5985401459854,35.03649635036496,50.36496350364964,46.715328467153284,3.64963503649635
E00005644,139,62,21,41,77,67,10,44.60431654676259,15.107913669064748,29.496402877697843,55.39568345323741,48.201438848920866,7.1942446043165464
E00005645,57,16,10,6,41,36,5,28.07017543859649,17.543859649122805,10.526315789473683,71.9298245614035,63.1578947368421,8.771929824561402
E00005646,160,45,16,29,115,104,11,28.125,10,18.125,71.875,65,6.875000000000001
E00005647,156,34,11,23,122,109,13,21.794871794871796,7.051282051282051,14.743589743589745,78.2051282051282,69.87179487179486,8.333333333333332
E00005648,177,62,24,38,115,99,16,35.02824858757062,13.559322033898304,21.468926553672315,64.97175141242938,55.932203389830505,9.03954802259887
E00005649,163,40,16,24,123,106,17,24.539877300613497,9.815950920245399,14.723926380368098,75.4601226993865,65.03067484662577,10.429447852760736
E00005650,108,28,8,20,80,72,8,25.925925925925924,7.4074074074074066,18.51851851851852,74.07407407407408,66.66666666666666,7.4074074074074066
E00005651,155,44,16,28,111,98,13,28.387096774193548,10.32258064516129,18.064516129032256,71.61290322580646,63.2258064516129,8.38709677419355
E00005652,124,40,11,29,84,71,13,32.25806451612903,8.870967741935484,23.387096774193548,67.74193548387096,57.25806451612904,10.483870967741936
E00005653,91,23,5,18,68,61,7,25.274725274725274,5.4945054945054945,19.78021978021978,74.72527472527473,67.03296703296702,7.6923076923076925
E00005654,125,37,17,20,88,77,11,29.599999999999998,13.600000000000001,16,70.39999999999999,61.6,8.799999999999999
E00005655,178,48,24,24,130,118,12,26.96629213483146,13.48314606741573,13.48314606741573,73.03370786516854,66.29213483146067,6.741573033707865
E00005656,134,35,12,23,99,84,15,26.119402985074625,8.955223880597014,17.16417910447761,73.88059701492537,62.68656716417911,11.194029850746269
E00005657,153,45,17,28,108,80,28,29.411764705882355,11.11111111111111,18.30065359477124,70.58823529411765,52.28758169934641,18.30065359477124
E00005658,188,33,9,24,155,128,27,17.5531914893617,4.787234042553192,12.76595744680851,82.4468085106383,68.08510638297872,14.361702127659576
E00005659,187,55,24,31,132,113,19,29.411764705882355,12.834224598930483,16.577540106951872,70.58823529411765,60.42780748663101,10.16042780748663
E00005660,122,46,12,34,76,65,11,37.704918032786885,9.836065573770492,27.86885245901639,62.295081967213115,53.278688524590166,9.01639344262295
E00005661,146,37,14,23,109,96,13,25.34246575342466,9.58904109589041,15.753424657534246,74.65753424657534,65.75342465753424,8.904109589041095
E00005662,94,34,19,15,60,51,9,36.17021276595745,20.212765957446805,15.957446808510639,63.829787234042556,54.25531914893617,9.574468085106384
E00005663,130,45,15,30,85,77,8,34.61538461538461,11.538461538461538,23.076923076923077,65.38461538461539,59.23076923076923,6.153846153846154
E00005664,152,48,14,34,104,80,24,31.57894736842105,9.210526315789473,22.36842105263158,68.42105263157895,52.63157894736842,15.789473684210526
E00005665,159,36,15,21,123,110,13,22.641509433962266,9.433962264150944,13.20754716981132,77.35849056603774,69.18238993710692,8.176100628930817
E00005666,193,63,16,47,130,116,14,32.64248704663213,8.290155440414509,24.352331606217618,67.35751295336787,60.10362694300518,7.253886010362693
E00005667,149,49,18,31,100,86,14,32.88590604026846,12.080536912751679,20.80536912751678,67.11409395973155,57.71812080536913,9.395973154362416
E00005668,169,54,23,31,115,96,19,31.952662721893493,13.609467455621301,18.34319526627219,68.04733727810651,56.80473372781065,11.242603550295858
E00005669,153,51,14,37,102,92,10,33.33333333333333,9.15032679738562,24.183006535947712,66.66666666666666,60.130718954248366,6.535947712418301
E00005670,125,29,11,18,96,86,10,23.200000000000003,8.799999999999999,14.399999999999999,76.8,68.8,8
E00005671,153,57,25,32,96,85,11,37.254901960784316,16.33986928104575,20.915032679738562,62.745098039215684,55.55555555555556,7.18954248366013
E00005672,122,37,17,20,85,77,8,30.327868852459016,13.934426229508196,16.39344262295082,69.67213114754098,63.114754098360656,6.557377049180328
E00005673,169,48,14,34,121,110,11,28.402366863905325,8.284023668639055,20.118343195266274,71.59763313609467,65.08875739644971,6.508875739644971
E00005674,99,42,12,30,57,49,8,42.42424242424242,12.121212121212121,30.303030303030305,57.57575757575758,49.494949494949495,8.080808080808081
E00005675,199,70,27,43,129,116,13,35.175879396984925,13.5678391959799,21.608040201005025,64.82412060301507,58.291457286432156,6.532663316582915
E00005676,210,42,16,26,168,149,19,20,7.6190476190476195,12.380952380952381,80,70.95238095238095,9.047619047619047
E00005677,240,80,39,41,160,132,28,33.33333333333333,16.25,17.083333333333332,66.66666666666666,55.00000000000001,11.666666666666666
E00005678,148,50,16,34,98,82,16,33.78378378378378,10.81081081081081,22.972972972972975,66.21621621621621,55.4054054054054,10.81081081081081
E00005679,130,40,16,24,90,87,3,30.76923076923077,12.307692307692308,18.461538461538463,69.23076923076923,66.92307692307692,2.307692307692308
E00005680,304,79,30,49,225,189,36,25.986842105263158,9.868421052631579,16.11842105263158,74.01315789473685,62.17105263157895,11.842105263157894
E00005681,130,31,8,23,99,88,11,23.846153846153847,6.153846153846154,17.692307692307693,76.15384615384615,67.6923076923077,8.461538461538462
E00005682,144,34,9,25,110,83,27,23.61111111111111,6.25,17.36111111111111,76.38888888888889,57.638888888888886,18.75
E00005683,128,34,19,15,94,82,12,26.5625,14.84375,11.71875,73.4375,64.0625,9.375
E00005684,91,22,9,13,69,53,16,24.175824175824175,9.89010989010989,14.285714285714285,75.82417582417582,58.24175824175825,17.582417582417584
E00005685,218,51,18,33,167,138,29,23.394495412844037,8.256880733944955,15.137614678899084,76.60550458715596,63.30275229357798,13.302752293577983
E00005686,98,31,12,19,67,58,9,31.63265306122449,12.244897959183673,19.387755102040817,68.36734693877551,59.183673469387756,9.183673469387756
E00005687,305,48,21,27,257,219,38,15.737704918032788,6.885245901639345,8.852459016393443,84.26229508196721,71.80327868852459,12.459016393442624
E00005688,115,37,13,24,78,61,17,32.17391304347826,11.304347826086957,20.869565217391305,67.82608695652173,53.04347826086957,14.782608695652174
E00005689,109,40,15,25,69,61,8,36.69724770642202,13.761467889908257,22.93577981651376,63.30275229357798,55.96330275229357,7.339449541284404
E00005690,126,43,15,28,83,75,8,34.12698412698413,11.904761904761903,22.22222222222222,65.87301587301587,59.523809523809526,6.349206349206349
E00005691,139,32,10,22,107,91,16,23.021582733812952,7.1942446043165464,15.827338129496402,76.97841726618705,65.46762589928058,11.510791366906476
E00005692,144,42,15,27,102,85,17,29.166666666666668,10.416666666666668,18.75,70.83333333333334,59.02777777777778,11.805555555555555
E00005693,154,39,12,27,115,94,21,25.324675324675322,7.792207792207792,17.532467532467532,74.67532467532467,61.038961038961034,13.636363636363635
E00005694,124,29,10,19,95,84,11,23.387096774193548,8.064516129032258,15.32258064516129,76.61290322580645,67.74193548387096,8.870967741935484
E00005695,148,49,18,31,99,79,20,33.108108108108105,12.162162162162163,20.945945945945947,66.8918918918919,53.37837837837838,13.513513513513514
E00005696,171,46,11,35,125,109,16,26.900584795321635,6.432748538011696,20.46783625730994,73.09941520467837,63.74269005847953,9.35672514619883
E00005697,125,36,14,22,89,79,10,28.799999999999997,11.200000000000001,17.599999999999998,71.2,63.2,8
E00005698,117,38,13,25,79,72,7,32.47863247863248,11.11111111111111,21.367521367521366,67.52136752136752,61.53846153846154,5.982905982905983
E00005699,146,36,13,23,110,99,11,24.65753424657534,8.904109589041095,15.753424657534246,75.34246575342466,67.8082191780822,7.534246575342466
E00005700,150,41,12,29,109,88,21,27.333333333333332,8,19.333333333333332,72.66666666666667,58.666666666666664,14.000000000000002
E00005701,129,35,15,20,94,81,13,27.131782945736433,11.627906976744185,15.503875968992247,72.86821705426357,62.7906976744186,10.077519379844961
E00005702,149,52,19,33,97,87,10,34.899328859060404,12.751677852348994,22.14765100671141,65.1006711409396,58.38926174496645,6.7114093959731544
E00005703,157,40,9,31,117,101,16,25.477707006369428,5.7324840764331215,19.745222929936308,74.52229299363057,64.3312101910828,10.191082802547772
E00005704,187,42,22,20,145,125,20,22.459893048128343,11.76470588235294,10.695187165775401,77.54010695187165,66.84491978609626,10.695187165775401
E00005705,93,30,18,12,63,55,8,32.25806451612903,19.35483870967742,12.903225806451612,67.74193548387096,59.13978494623656,8.60215053763441
E00005706,210,80,25,55,130,117,13,38.095238095238095,11.904761904761903,26.190476190476193,61.904761904761905,55.714285714285715,6.190476190476191
E00005708,151,42,14,28,109,96,13,27.81456953642384,9.271523178807946,18.543046357615893,72.18543046357617,63.576158940397356,8.609271523178808
E00005709,133,40,14,26,93,80,13,30.075187969924812,10.526315789473683,19.548872180451127,69.92481203007519,60.150375939849624,9.774436090225564
E00005710,147,48,21,27,99,82,17,32.6530612244898,14.285714285714285,18.367346938775512,67.3469387755102,55.78231292517006,11.564625850340136
E00005711,161,38,17,21,123,106,17,23.60248447204969,10.559006211180124,13.043478260869565,76.3975155279503,65.83850931677019,10.559006211180124
E00005712,157,41,8,33,116,102,14,26.11464968152866,5.095541401273886,21.019108280254777,73.88535031847134,64.96815286624204,8.9171974522293
E00005713,138,51,19,32,87,78,9,36.95652173913043,13.768115942028986,23.18840579710145,63.04347826086957,56.52173913043478,6.521739130434782
E00005714,166,65,19,46,101,87,14,39.1566265060241,11.44578313253012,27.710843373493976,60.8433734939759,52.40963855421686,8.433734939759036
E00005715,196,75,29,46,121,109,12,38.265306122448976,14.795918367346939,23.46938775510204,61.73469387755102,55.61224489795919,6.122448979591836
E00005716,177,55,22,33,122,105,17,31.07344632768362,12.429378531073446,18.64406779661017,68.92655367231639,59.32203389830508,9.6045197740113
E00005718,142,44,23,21,98,83,15,30.985915492957744,16.19718309859155,14.788732394366196,69.01408450704226,58.45070422535211,10.56338028169014
E00005719,243,69,18,51,174,156,18,28.39506172839506,7.4074074074074066,20.98765432098765,71.60493827160494,64.19753086419753,7.4074074074074066
E00005720,200,60,24,36,140,110,30,30,12,18,70,55.00000000000001,15
E00005721,171,49,20,29,122,108,14,28.654970760233915,11.695906432748536,16.95906432748538,71.34502923976608,63.1578947368421,8.187134502923977
E00005722,216,70,26,44,146,129,17,32.407407407407405,12.037037037037036,20.37037037037037,67.5925925925926,59.72222222222222,7.87037037037037
E00005723,162,54,13,41,108,93,15,33.33333333333333,8.024691358024691,25.308641975308642,66.66666666666666,57.407407407407405,9.25925925925926
E00005724,187,54,21,33,133,117,16,28.87700534759358,11.229946524064172,17.647058823529413,71.12299465240642,62.56684491978609,8.55614973262032
E00005725,207,65,24,41,142,130,12,31.40096618357488,11.594202898550725,19.806763285024154,68.59903381642512,62.80193236714976,5.797101449275362
E00005726,168,41,15,26,127,107,20,24.404761904761905,8.928571428571429,15.476190476190476,75.59523809523809,63.69047619047619,11.904761904761903
E00005727,167,65,20,45,102,86,16,38.92215568862276,11.976047904191617,26.94610778443114,61.07784431137725,51.49700598802395,9.580838323353294
E00005728,257,95,33,62,162,144,18,36.964980544747085,12.840466926070038,24.124513618677042,63.035019455252915,56.03112840466926,7.003891050583658
E00005729,194,69,13,56,125,111,14,35.56701030927835,6.701030927835052,28.865979381443296,64.43298969072166,57.21649484536082,7.216494845360824
E00005730,116,34,16,18,82,72,10,29.310344827586203,13.793103448275861,15.517241379310345,70.6896551724138,62.06896551724138,8.620689655172415
E00005731,177,55,13,42,122,106,16,31.07344632768362,7.344632768361582,23.728813559322035,68.92655367231639,59.887005649717516,9.03954802259887
E00005732,191,75,27,48,116,101,15,39.26701570680628,14.136125654450263,25.13089005235602,60.73298429319372,52.879581151832454,7.853403141361256
E00005733,150,44,15,29,106,94,12,29.333333333333332,10,19.333333333333332,70.66666666666667,62.66666666666667,8
E00005734,170,48,19,29,122,109,13,28.235294117647058,11.176470588235295,17.058823529411764,71.76470588235294,64.11764705882354,7.647058823529412
E00005735,131,43,14,29,88,76,12,32.82442748091603,10.687022900763358,22.137404580152673,67.17557251908397,58.01526717557252,9.16030534351145
E00005736,155,44,15,29,111,81,30,28.387096774193548,9.67741935483871,18.70967741935484,71.61290322580646,52.25806451612903,19.35483870967742
E00005737,159,40,14,26,119,108,11,25.157232704402517,8.80503144654088,16.352201257861633,74.84276729559748,67.9245283018868,6.918238993710692
E00005738,235,76,19,57,159,146,13,32.340425531914896,8.085106382978724,24.25531914893617,67.65957446808511,62.12765957446808,5.531914893617021
E00005739,179,43,9,34,136,121,15,24.022346368715084,5.027932960893855,18.994413407821227,75.97765363128491,67.59776536312849,8.379888268156424
E00005740,219,60,20,40,159,135,24,27.397260273972602,9.1324200913242,18.2648401826484,72.6027397260274,61.64383561643836,10.95890410958904
E00005741,185,51,20,31,134,112,22,27.56756756756757,10.81081081081081,16.756756756756758,72.43243243243244,60.54054054054055,11.891891891891893
E00005742,170,49,22,27,121,103,18,28.823529411764703,12.941176470588237,15.88235294117647,71.17647058823529,60.588235294117645,10.588235294117647
E00005743,205,62,19,43,143,122,21,30.24390243902439,9.268292682926829,20.975609756097562,69.7560975609756,59.512195121951216,10.24390243902439
E00005744,162,48,15,33,114,94,20,29.629629629629626,9.25925925925926,20.37037037037037,70.37037037037037,58.0246913580247,12.345679012345679
E00005745,158,50,17,33,108,91,17,31.645569620253166,10.759493670886076,20.88607594936709,68.35443037974683,57.59493670886076,10.759493670886076
E00005746,57,28,10,18,29,23,6,49.122807017543856,17.543859649122805,31.57894736842105,50.877192982456144,40.35087719298245,10.526315789473683
E00005747,208,61,24,37,147,124,23,29.326923076923077,11.538461538461538,17.78846153846154,70.67307692307693,59.61538461538461,11.057692307692307
E00005748,122,38,15,23,84,72,12,31.147540983606557,12.295081967213115,18.852459016393443,68.85245901639344,59.01639344262295,9.836065573770492
E00005749,210,67,18,49,143,121,22,31.9047619047619,8.571428571428571,23.333333333333332,68.0952380952381,57.61904761904761,10.476190476190476
E00005751,132,48,22,26,84,74,10,36.36363636363637,16.666666666666664,19.696969696969695,63.63636363636363,56.060606060606055,7.575757575757576
E00005752,125,40,14,26,85,75,10,32,11.200000000000001,20.8,68,60,8
E00005753,147,40,11,29,107,83,24,27.2108843537415,7.482993197278912,19.727891156462583,72.78911564625851,56.4625850340136,16.3265306122449
E00005754,140,53,12,41,87,77,10,37.857142857142854,8.571428571428571,29.28571428571429,62.142857142857146,55.00000000000001,7.142857142857142
E00005755,110,35,8,27,75,65,10,31.818181818181817,7.2727272727272725,24.545454545454547,68.18181818181817,59.09090909090909,9.090909090909092
E00005756,170,70,17,53,100,90,10,41.17647058823529,10,31.176470588235293,58.82352941176471,52.94117647058824,5.88235294117647
E00005757,135,47,16,31,88,72,16,34.81481481481482,11.851851851851853,22.962962962962962,65.18518518518519,53.333333333333336,11.851851851851853
E00005758,162,61,25,36,101,91,10,37.65432098765432,15.432098765432098,22.22222222222222,62.34567901234568,56.17283950617284,6.172839506172839
E00005759,239,65,19,46,174,145,29,27.19665271966527,7.949790794979079,19.246861924686193,72.80334728033473,60.66945606694561,12.133891213389122
E00005760,165,68,27,41,97,85,12,41.21212121212121,16.363636363636363,24.848484848484848,58.78787878787879,51.515151515151516,7.2727272727272725
E00005761,157,40,21,19,117,106,11,25.477707006369428,13.375796178343949,12.101910828025478,74.52229299363057,67.51592356687898,7.006369426751593
E00005762,124,48,8,40,76,66,10,38.70967741935484,6.451612903225806,32.25806451612903,61.29032258064516,53.2258064516129,8.064516129032258
E00005763,99,34,6,28,65,61,4,34.34343434343434,6.0606060606060606,28.28282828282828,65.65656565656566,61.61616161616161,4.040404040404041
E00005764,179,60,25,35,119,96,23,33.5195530726257,13.966480446927374,19.553072625698324,66.4804469273743,53.63128491620112,12.849162011173185
E00005765,262,87,40,47,175,148,27,33.20610687022901,15.267175572519085,17.938931297709924,66.79389312977099,56.48854961832062,10.305343511450381
E00005766,160,48,16,32,112,99,13,30,10,20,70,61.875,8.125
E00005767,137,58,22,36,79,70,9,42.33576642335766,16.05839416058394,26.277372262773724,57.66423357664233,51.09489051094891,6.569343065693431
E00005768,137,42,17,25,95,79,16,30.656934306569344,12.408759124087592,18.248175182481752,69.34306569343066,57.66423357664233,11.678832116788321
E00005769,153,39,21,18,114,96,18,25.49019607843137,13.725490196078432,11.76470588235294,74.50980392156863,62.745098039215684,11.76470588235294
E00005770,243,55,16,39,188,159,29,22.633744855967077,6.584362139917696,16.049382716049383,77.36625514403292,65.4320987654321,11.934156378600823
E00005771,188,65,24,41,123,111,12,34.57446808510639,12.76595744680851,21.808510638297875,65.42553191489363,59.04255319148937,6.382978723404255
E00005772,163,51,22,29,112,97,15,31.28834355828221,13.496932515337424,17.791411042944784,68.71165644171779,59.50920245398773,9.202453987730062
E00005773,177,55,21,34,122,106,16,31.07344632768362,11.864406779661017,19.2090395480226,68.92655367231639,59.887005649717516,9.03954802259887
E00005774,222,67,17,50,155,131,24,30.180180180180184,7.657657657657657,22.52252252252252,69.81981981981981,59.009009009009006,10.81081081081081
E00005775,267,79,36,43,188,156,32,29.588014981273407,13.48314606741573,16.10486891385768,70.4119850187266,58.42696629213483,11.985018726591761
E00005776,158,41,21,20,117,89,28,25.949367088607595,13.291139240506327,12.658227848101266,74.0506329113924,56.32911392405063,17.72151898734177
E00005777,237,69,23,46,168,138,30,29.11392405063291,9.70464135021097,19.40928270042194,70.88607594936708,58.22784810126582,12.658227848101266
E00005778,212,45,20,25,167,138,29,21.22641509433962,9.433962264150944,11.79245283018868,78.77358490566037,65.09433962264151,13.679245283018867
E00005779,126,44,20,24,82,73,9,34.92063492063492,15.873015873015872,19.047619047619047,65.07936507936508,57.936507936507944,7.142857142857142
E00005780,113,34,18,16,79,65,14,30.08849557522124,15.929203539823009,14.15929203539823,69.91150442477876,57.52212389380531,12.389380530973451
E00005781,201,59,16,43,142,116,26,29.35323383084577,7.960199004975125,21.393034825870647,70.64676616915423,57.711442786069654,12.935323383084576
E00005782,156,52,26,26,104,94,10,33.33333333333333,16.666666666666664,16.666666666666664,66.66666666666666,60.256410256410255,6.41025641025641
E00005783,197,55,22,33,142,122,20,27.918781725888326,11.16751269035533,16.751269035532996,72.08121827411168,61.92893401015228,10.152284263959391
E00005784,147,35,11,24,112,93,19,23.809523809523807,7.482993197278912,16.3265306122449,76.19047619047619,63.26530612244898,12.925170068027212
E00005785,171,44,18,26,127,113,14,25.730994152046783,10.526315789473683,15.204678362573098,74.26900584795322,66.08187134502924,8.187134502923977
E00005786,154,49,26,23,105,83,22,31.818181818181817,16.883116883116884,14.935064935064934,68.18181818181817,53.896103896103895,14.285714285714285
E00005787,141,31,13,18,110,95,15,21.98581560283688,9.219858156028367,12.76595744680851,78.01418439716312,67.37588652482269,10.638297872340425
E00005788,179,46,17,29,133,118,15,25.69832402234637,9.497206703910614,16.201117318435752,74.30167597765363,65.92178770949721,8.379888268156424
E00005789,170,61,34,27,109,93,16,35.88235294117647,20,15.88235294117647,64.11764705882354,54.70588235294118,9.411764705882353
E00005790,118,33,12,21,85,65,20,27.966101694915253,10.16949152542373,17.796610169491526,72.03389830508475,55.08474576271186,16.94915254237288
E00005791,207,75,34,41,132,104,28,36.231884057971016,16.425120772946862,19.806763285024154,63.76811594202898,50.24154589371981,13.526570048309178
E00005792,178,51,13,38,127,105,22,28.651685393258425,7.303370786516854,21.34831460674157,71.34831460674157,58.98876404494382,12.359550561797752
E00005793,166,59,21,38,107,92,15,35.54216867469879,12.650602409638553,22.89156626506024,64.45783132530121,55.42168674698795,9.036144578313253
E00005794,163,44,17,27,119,100,19,26.993865030674847,10.429447852760736,16.56441717791411,73.00613496932516,61.34969325153374,11.65644171779141
E00005795,153,43,8,35,110,104,6,28.104575163398692,5.228758169934641,22.875816993464053,71.89542483660131,67.97385620915033,3.9215686274509802
E00005796,144,39,11,28,105,92,13,27.083333333333332,7.638888888888889,19.444444444444446,72.91666666666666,63.888888888888886,9.027777777777777
E00005797,90,29,10,19,61,51,10,32.22222222222222,11.11111111111111,21.11111111111111,67.77777777777779,56.666666666666664,11.11111111111111
E00005798,159,53,23,30,106,90,16,33.33333333333333,14.465408805031446,18.867924528301888,66.66666666666666,56.60377358490566,10.062893081761008
E00005799,183,49,16,33,134,112,22,26.775956284153008,8.743169398907105,18.0327868852459,73.224043715847,61.20218579234973,12.021857923497267
E00005800,172,56,16,40,116,98,18,32.55813953488372,9.30232558139535,23.25581395348837,67.44186046511628,56.97674418604651,10.465116279069768
E00005801,189,70,25,45,119,104,15,37.03703703703704,13.227513227513226,23.809523809523807,62.96296296296296,55.026455026455025,7.936507936507936
E00005802,166,55,31,24,111,94,17,33.13253012048193,18.67469879518072,14.457831325301203,66.86746987951807,56.62650602409639,10.240963855421686
E00005803,229,60,21,39,169,154,15,26.200873362445414,9.170305676855897,17.03056768558952,73.7991266375546,67.24890829694323,6.550218340611353
E00005804,148,44,15,29,104,86,18,29.72972972972973,10.135135135135135,19.594594594594593,70.27027027027027,58.108108108108105,12.162162162162163
E00005805,244,69,27,42,175,147,28,28.278688524590162,11.065573770491802,17.21311475409836,71.72131147540983,60.245901639344254,11.475409836065573
E00005806,145,42,10,32,103,83,20,28.965517241379313,6.896551724137931,22.06896551724138,71.03448275862068,57.24137931034483,13.793103448275861
E00005807,155,54,14,40,101,84,17,34.83870967741935,9.032258064516128,25.806451612903224,65.16129032258064,54.19354838709678,10.967741935483872
E00005808,175,32,9,23,143,114,29,18.285714285714285,5.142857142857142,13.142857142857142,81.71428571428572,65.14285714285715,16.57142857142857
E00005809,173,64,16,48,109,97,12,36.99421965317919,9.248554913294797,27.74566473988439,63.005780346820806,56.06936416184971,6.9364161849710975
E00005810,155,35,16,19,120,107,13,22.58064516129032,10.32258064516129,12.258064516129032,77.41935483870968,69.03225806451613,8.38709677419355
E00005811,138,44,17,27,94,79,15,31.88405797101449,12.318840579710146,19.565217391304348,68.11594202898551,57.2463768115942,10.869565217391305
E00005812,178,41,6,35,137,110,27,23.03370786516854,3.3707865168539324,19.662921348314608,76.96629213483146,61.79775280898876,15.168539325842698
E00005813,188,44,11,33,144,125,19,23.404255319148938,5.851063829787234,17.5531914893617,76.59574468085107,66.48936170212765,10.106382978723403
E00005814,192,68,20,48,124,105,19,35.41666666666667,10.416666666666668,25,64.58333333333334,54.6875,9.895833333333332
E00005816,181,48,15,33,133,111,22,26.519337016574585,8.287292817679557,18.23204419889503,73.48066298342542,61.32596685082873,12.154696132596685
E00005817,166,49,19,30,117,95,22,29.518072289156628,11.44578313253012,18.072289156626507,70.48192771084338,57.22891566265061,13.253012048192772
E00005818,140,52,10,42,88,87,1,37.142857142857146,7.142857142857142,30,62.857142857142854,62.142857142857146,0.7142857142857143
E00005819,140,44,9,35,96,89,7,31.428571428571427,6.428571428571428,25,68.57142857142857,63.57142857142857,5
E00005820,183,49,21,28,134,103,31,26.775956284153008,11.475409836065573,15.300546448087433,73.224043715847,56.284153005464475,16.939890710382514
E00005821,241,68,22,46,173,151,22,28.21576763485477,9.12863070539419,19.08713692946058,71.78423236514523,62.655601659751035,9.12863070539419
E00005822,127,30,12,18,97,82,15,23.62204724409449,9.448818897637794,14.173228346456693,76.37795275590551,64.56692913385827,11.811023622047244
E00005823,204,45,16,29,159,133,26,22.058823529411764,7.8431372549019605,14.215686274509803,77.94117647058823,65.19607843137256,12.745098039215685
E00005824,165,50,13,37,115,103,12,30.303030303030305,7.878787878787878,22.424242424242426,69.6969696969697,62.42424242424243,7.2727272727272725
E00005825,205,64,37,27,141,120,21,31.21951219512195,18.048780487804876,13.170731707317074,68.78048780487805,58.536585365853654,10.24390243902439
E00005826,104,23,10,13,81,72,9,22.115384615384613,9.615384615384617,12.5,77.88461538461539,69.23076923076923,8.653846153846153
E00005827,221,53,20,33,168,140,28,23.981900452488688,9.049773755656108,14.93212669683258,76.01809954751131,63.348416289592755,12.669683257918551
E00005828,108,39,15,24,69,63,6,36.11111111111111,13.88888888888889,22.22222222222222,63.888888888888886,58.333333333333336,5.555555555555555
E00005829,156,48,19,29,108,90,18,30.76923076923077,12.179487179487179,18.58974358974359,69.23076923076923,57.692307692307686,11.538461538461538
E00005830,151,40,20,20,111,97,14,26.490066225165563,13.245033112582782,13.245033112582782,73.50993377483444,64.23841059602648,9.271523178807946
E00005831,140,36,12,24,104,94,10,25.71428571428571,8.571428571428571,17.142857142857142,74.28571428571429,67.14285714285714,7.142857142857142
E00005832,115,35,11,24,80,67,13,30.434782608695656,9.565217391304348,20.869565217391305,69.56521739130434,58.26086956521739,11.304347826086957
E00005833,162,46,17,29,116,101,15,28.39506172839506,10.493827160493826,17.901234567901234,71.60493827160494,62.34567901234568,9.25925925925926
E00005834,157,51,16,35,106,91,15,32.48407643312102,10.191082802547772,22.29299363057325,67.51592356687898,57.961783439490446,9.554140127388536
E00005835,174,57,26,31,117,100,17,32.758620689655174,14.942528735632186,17.81609195402299,67.24137931034483,57.47126436781609,9.770114942528735
E00005837,140,48,9,39,92,84,8,34.285714285714285,6.428571428571428,27.857142857142858,65.71428571428571,60,5.714285714285714
E00005838,210,53,17,36,157,139,18,25.238095238095237,8.095238095238095,17.142857142857142,74.76190476190476,66.19047619047619,8.571428571428571
E00005839,91,29,6,23,62,58,4,31.868131868131865,6.593406593406594,25.274725274725274,68.13186813186813,63.73626373626373,4.395604395604396
E00005840,191,60,25,35,131,122,9,31.413612565445025,13.089005235602095,18.32460732984293,68.58638743455498,63.87434554973822,4.712041884816754
E00005841,93,27,7,20,66,56,10,29.03225806451613,7.526881720430108,21.50537634408602,70.96774193548387,60.215053763440864,10.75268817204301
E00005842,122,38,10,28,84,75,9,31.147540983606557,8.19672131147541,22.950819672131146,68.85245901639344,61.47540983606557,7.377049180327869
E00005843,202,69,19,50,133,111,22,34.15841584158416,9.405940594059405,24.752475247524753,65.84158415841584,54.95049504950495,10.891089108910892
E00005844,278,84,30,54,194,169,25,30.215827338129497,10.79136690647482,19.424460431654676,69.7841726618705,60.79136690647482,8.992805755395683
E00005845,176,54,15,39,122,107,15,30.681818181818183,8.522727272727272,22.15909090909091,69.31818181818183,60.79545454545454,8.522727272727272
E00005846,150,49,20,29,101,89,12,32.666666666666664,13.333333333333334,19.333333333333332,67.33333333333333,59.333333333333336,8
E00005848,151,46,17,29,105,87,18,30.4635761589404,11.258278145695364,19.205298013245034,69.5364238410596,57.615894039735096,11.920529801324504
E00005849,172,55,25,30,117,106,11,31.976744186046513,14.534883720930234,17.441860465116278,68.02325581395348,61.627906976744185,6.395348837209303
E00005850,266,67,25,42,199,169,30,25.18796992481203,9.398496240601503,15.789473684210526,74.81203007518798,63.53383458646616,11.278195488721805
E00005851,177,56,25,31,121,110,11,31.63841807909605,14.124293785310735,17.51412429378531,68.36158192090396,62.14689265536724,6.214689265536723
E00005852,245,72,24,48,173,148,25,29.38775510204082,9.795918367346939,19.591836734693878,70.61224489795919,60.40816326530612,10.204081632653061
E00005853,186,70,22,48,116,101,15,37.634408602150536,11.827956989247312,25.806451612903224,62.365591397849464,54.3010752688172,8.064516129032258
E00005854,139,27,8,19,112,94,18,19.424460431654676,5.755395683453238,13.66906474820144,80.57553956834532,67.62589928057554,12.949640287769784
E00005855,178,46,20,26,132,106,26,25.842696629213485,11.235955056179774,14.606741573033707,74.15730337078652,59.55056179775281,14.606741573033707
E00005856,162,44,14,30,118,103,15,27.160493827160494,8.641975308641975,18.51851851851852,72.8395061728395,63.580246913580254,9.25925925925926
E00005857,211,60,28,32,151,123,28,28.436018957345972,13.270142180094787,15.165876777251185,71.56398104265402,58.29383886255924,13.270142180094787
E00005858,67,40,23,17,27,25,2,59.70149253731343,34.32835820895522,25.37313432835821,40.298507462686565,37.3134328358209,2.9850746268656714
E00005859,173,45,13,32,128,111,17,26.011560693641616,7.514450867052023,18.497109826589593,73.98843930635837,64.16184971098265,9.826589595375722
E00005860,97,50,20,30,47,42,5,51.546391752577314,20.618556701030926,30.927835051546392,48.45360824742268,43.29896907216495,5.154639175257731
E00005861,195,71,24,47,124,110,14,36.41025641025641,12.307692307692308,24.102564102564102,63.589743589743584,56.41025641025641,7.179487179487179
E00005862,116,38,11,27,78,67,11,32.758620689655174,9.482758620689655,23.275862068965516,67.24137931034483,57.758620689655174,9.482758620689655
E00005863,131,50,21,29,81,72,9,38.16793893129771,16.030534351145036,22.137404580152673,61.832061068702295,54.961832061068705,6.870229007633588
E00005864,165,54,16,38,111,96,15,32.72727272727273,9.696969696969697,23.03030303030303,67.27272727272727,58.18181818181818,9.090909090909092
E00005865,161,52,12,40,109,98,11,32.298136645962735,7.453416149068323,24.84472049689441,67.70186335403726,60.86956521739131,6.832298136645963
E00005866,146,54,18,36,92,83,9,36.986301369863014,12.32876712328767,24.65753424657534,63.013698630136986,56.849315068493155,6.164383561643835
E00005867,235,81,27,54,154,145,9,34.46808510638298,11.48936170212766,22.97872340425532,65.53191489361701,61.702127659574465,3.829787234042553
E00005869,150,46,20,26,104,89,15,30.666666666666664,13.333333333333334,17.333333333333336,69.33333333333334,59.333333333333336,10
E00005871,218,80,18,62,138,127,11,36.69724770642202,8.256880733944955,28.440366972477065,63.30275229357798,58.256880733944946,5.045871559633028
E00005872,192,71,23,48,121,106,15,36.97916666666667,11.979166666666668,25,63.020833333333336,55.208333333333336,7.8125
E00005873,224,73,34,39,151,133,18,32.589285714285715,15.178571428571427,17.410714285714285,67.41071428571429,59.375,8.035714285714286
E00005874,71,11,0,11,60,50,10,15.492957746478872,0,15.492957746478872,84.50704225352112,70.4225352112676,14.084507042253522
E00005875,201,67,23,44,134,120,14,33.33333333333333,11.442786069651742,21.890547263681594,66.66666666666666,59.70149253731343,6.965174129353234
E00005876,163,65,18,47,98,90,8,39.87730061349693,11.042944785276074,28.834355828220858,60.122699386503065,55.21472392638037,4.9079754601226995
E00005877,162,59,18,41,103,93,10,36.41975308641975,11.11111111111111,25.308641975308642,63.580246913580254,57.407407407407405,6.172839506172839
E00005878,211,88,27,61,123,109,14,41.70616113744076,12.796208530805686,28.90995260663507,58.29383886255924,51.65876777251185,6.6350710900473935
E00005879,182,60,22,38,122,113,9,32.967032967032964,12.087912087912088,20.87912087912088,67.03296703296702,62.08791208791209,4.945054945054945
E00005880,183,62,21,41,121,100,21,33.87978142076503,11.475409836065573,22.404371584699454,66.12021857923497,54.644808743169406,11.475409836065573
E00005881,156,41,19,22,115,106,9,26.282051282051285,12.179487179487179,14.102564102564102,73.71794871794873,67.94871794871796,5.769230769230769
E00005882,201,52,19,33,149,127,22,25.870646766169152,9.45273631840796,16.417910447761194,74.12935323383084,63.18407960199005,10.945273631840797
E00005883,108,37,12,25,71,58,13,34.25925925925926,11.11111111111111,23.14814814814815,65.74074074074075,53.70370370370371,12.037037037037036
E00005884,199,65,22,43,134,111,23,32.663316582914575,11.055276381909549,21.608040201005025,67.33668341708542,55.778894472361806,11.557788944723619
E00005885,132,39,13,26,93,83,10,29.545454545454547,9.848484848484848,19.696969696969695,70.45454545454545,62.878787878787875,7.575757575757576
E00005886,162,50,14,36,112,98,14,30.864197530864196,8.641975308641975,22.22222222222222,69.1358024691358,60.49382716049383,8.641975308641975
E00005887,152,41,15,26,111,100,11,26.973684210526315,9.868421052631579,17.105263157894736,73.02631578947368,65.78947368421053,7.236842105263158
E00005888,164,52,14,38,112,101,11,31.70731707317073,8.536585365853659,23.170731707317074,68.29268292682927,61.58536585365854,6.707317073170732
E00005889,110,52,18,34,58,47,11,47.27272727272727,16.363636363636363,30.909090909090907,52.72727272727272,42.72727272727273,10
E00005890,132,43,11,32,89,78,11,32.57575757575758,8.333333333333332,24.242424242424242,67.42424242424242,59.09090909090909,8.333333333333332
E00005892,157,53,17,36,104,88,16,33.75796178343949,10.828025477707007,22.929936305732486,66.2420382165605,56.05095541401274,10.191082802547772
E00005893,170,59,23,36,111,99,12,34.705882352941174,13.529411764705882,21.176470588235293,65.29411764705883,58.235294117647065,7.0588235294117645
E00005894,145,62,23,39,83,74,9,42.758620689655174,15.862068965517242,26.89655172413793,57.24137931034483,51.03448275862069,6.206896551724138
E00005895,155,52,20,32,103,93,10,33.5483870967742,12.903225806451612,20.64516129032258,66.45161290322581,60,6.451612903225806
E00005896,150,37,8,29,113,100,13,24.666666666666668,5.333333333333334,19.333333333333332,75.33333333333333,66.66666666666666,8.666666666666668
E00005897,154,59,23,36,95,87,8,38.311688311688314,14.935064935064934,23.376623376623375,61.68831168831169,56.493506493506494,5.194805194805195
E00005898,162,43,13,30,119,107,12,26.543209876543212,8.024691358024691,18.51851851851852,73.4567901234568,66.0493827160494,7.4074074074074066
E00005899,116,48,15,33,68,62,6,41.37931034482759,12.931034482758621,28.448275862068968,58.620689655172406,53.44827586206896,5.172413793103448
E00005900,169,61,21,40,108,91,17,36.09467455621302,12.42603550295858,23.668639053254438,63.905325443786985,53.84615384615385,10.059171597633137
E00005901,142,63,33,30,79,65,14,44.36619718309859,23.239436619718308,21.12676056338028,55.633802816901415,45.774647887323944,9.859154929577464
E00005902,196,62,21,41,134,122,12,31.63265306122449,10.714285714285714,20.918367346938776,68.36734693877551,62.244897959183675,6.122448979591836
E00005903,136,55,24,31,81,74,7,40.44117647058824,17.647058823529413,22.794117647058822,59.55882352941176,54.41176470588235,5.147058823529411
E00005904,123,55,18,37,68,65,3,44.71544715447154,14.634146341463413,30.081300813008134,55.28455284552846,52.84552845528455,2.4390243902439024
E00005905,139,62,28,34,77,67,10,44.60431654676259,20.14388489208633,24.46043165467626,55.39568345323741,48.201438848920866,7.1942446043165464
E00005906,127,54,25,29,73,62,11,42.51968503937008,19.68503937007874,22.83464566929134,57.48031496062992,48.818897637795274,8.661417322834646
E00005907,143,54,18,36,89,76,13,37.76223776223776,12.587412587412588,25.174825174825177,62.23776223776224,53.14685314685315,9.090909090909092
E00005908,144,57,16,41,87,78,9,39.58333333333333,11.11111111111111,28.47222222222222,60.416666666666664,54.166666666666664,6.25
E00005909,172,65,30,35,107,92,15,37.7906976744186,17.441860465116278,20.348837209302324,62.2093023255814,53.48837209302325,8.720930232558139
E00005910,163,46,9,37,117,104,13,28.22085889570552,5.521472392638037,22.699386503067483,71.77914110429448,63.80368098159509,7.975460122699387
E00005911,115,26,9,17,89,80,9,22.608695652173914,7.82608695652174,14.782608695652174,77.39130434782608,69.56521739130434,7.82608695652174
E00005912,263,93,36,57,170,158,12,35.361216730038024,13.688212927756654,21.673003802281368,64.63878326996198,60.07604562737643,4.562737642585551
E00005913,198,58,17,41,140,118,22,29.292929292929294,8.585858585858585,20.707070707070706,70.70707070707071,59.59595959595959,11.11111111111111
E00005914,153,48,19,29,105,88,17,31.372549019607842,12.418300653594772,18.954248366013072,68.62745098039215,57.51633986928104,11.11111111111111
E00005915,142,37,17,20,105,92,13,26.056338028169012,11.971830985915492,14.084507042253522,73.94366197183099,64.7887323943662,9.15492957746479
E00005916,121,45,23,22,76,70,6,37.1900826446281,19.00826446280992,18.181818181818183,62.8099173553719,57.85123966942148,4.958677685950414
E00005917,176,55,25,30,121,108,13,31.25,14.204545454545455,17.045454545454543,68.75,61.36363636363637,7.386363636363637
E00005918,131,31,8,23,100,87,13,23.66412213740458,6.106870229007633,17.557251908396946,76.33587786259542,66.41221374045801,9.923664122137405
E00005919,119,28,12,16,91,85,6,23.52941176470588,10.084033613445378,13.445378151260504,76.47058823529412,71.42857142857143,5.042016806722689
E00005920,178,57,20,37,121,114,7,32.02247191011236,11.235955056179774,20.786516853932586,67.97752808988764,64.04494382022472,3.932584269662921
E00005921,84,19,7,12,65,61,4,22.61904761904762,8.333333333333332,14.285714285714285,77.38095238095238,72.61904761904762,4.761904761904762
E00005922,151,49,14,35,102,92,10,32.450331125827816,9.271523178807946,23.178807947019866,67.54966887417218,60.9271523178808,6.622516556291391
E00005923,104,24,10,14,80,67,13,23.076923076923077,9.615384615384617,13.461538461538462,76.92307692307693,64.42307692307693,12.5
E00005924,238,74,23,51,164,143,21,31.092436974789916,9.663865546218489,21.428571428571427,68.90756302521008,60.08403361344538,8.823529411764707
E00005925,139,28,14,14,111,95,16,20.14388489208633,10.071942446043165,10.071942446043165,79.85611510791367,68.34532374100719,11.510791366906476
E00005926,141,42,22,20,99,86,13,29.78723404255319,15.602836879432624,14.184397163120568,70.2127659574468,60.99290780141844,9.219858156028367
E00005927,204,60,13,47,144,125,19,29.411764705882355,6.372549019607843,23.03921568627451,70.58823529411765,61.274509803921575,9.313725490196079
E00005928,158,42,18,24,116,92,24,26.582278481012654,11.39240506329114,15.18987341772152,73.41772151898735,58.22784810126582,15.18987341772152
E00005929,139,39,15,24,100,92,8,28.05755395683453,10.79136690647482,17.26618705035971,71.94244604316546,66.18705035971223,5.755395683453238
E00005930,153,29,11,18,124,104,20,18.954248366013072,7.18954248366013,11.76470588235294,81.04575163398692,67.97385620915033,13.071895424836603
E00005931,191,57,23,34,134,120,14,29.84293193717277,12.041884816753926,17.801047120418847,70.15706806282722,62.82722513089005,7.329842931937172
E00005932,172,53,17,36,119,103,16,30.813953488372093,9.883720930232558,20.930232558139537,69.18604651162791,59.883720930232556,9.30232558139535
E00005933,192,44,16,28,148,123,25,22.916666666666664,8.333333333333332,14.583333333333334,77.08333333333334,64.0625,13.020833333333334
E00005934,138,36,13,23,102,88,14,26.08695652173913,9.420289855072465,16.666666666666664,73.91304347826086,63.76811594202898,10.144927536231885
E00005935,189,48,10,38,141,120,21,25.396825396825395,5.291005291005291,20.105820105820104,74.60317460317461,63.49206349206349,11.11111111111111
E00005936,154,42,19,23,112,94,18,27.27272727272727,12.337662337662337,14.935064935064934,72.72727272727273,61.038961038961034,11.688311688311687
E00005937,175,42,12,30,133,116,17,24,6.857142857142858,17.142857142857142,76,66.28571428571428,9.714285714285714
E00005938,162,46,15,31,116,101,15,28.39506172839506,9.25925925925926,19.1358024691358,71.60493827160494,62.34567901234568,9.25925925925926
E00005939,143,38,17,21,105,90,15,26.573426573426573,11.888111888111888,14.685314685314685,73.42657342657343,62.93706293706294,10.48951048951049
E00005940,112,28,9,19,84,71,13,25,8.035714285714286,16.964285714285715,75,63.39285714285714,11.607142857142858
E00005941,165,54,20,34,111,93,18,32.72727272727273,12.121212121212121,20.606060606060606,67.27272727272727,56.36363636363636,10.909090909090908
E00005942,228,78,27,51,150,134,16,34.21052631578947,11.842105263157894,22.36842105263158,65.78947368421053,58.77192982456141,7.017543859649122
E00005943,168,47,8,39,121,99,22,27.976190476190478,4.761904761904762,23.214285714285715,72.02380952380952,58.92857142857143,13.095238095238097
E00005944,152,51,21,30,101,83,18,33.55263157894737,13.815789473684212,19.736842105263158,66.44736842105263,54.60526315789473,11.842105263157894
E00005945,105,25,6,19,80,72,8,23.809523809523807,5.714285714285714,18.095238095238095,76.19047619047619,68.57142857142857,7.6190476190476195
E00005946,166,46,19,27,120,103,17,27.710843373493976,11.44578313253012,16.265060240963855,72.28915662650603,62.048192771084345,10.240963855421686
E00005947,140,49,22,27,91,79,12,35,15.714285714285714,19.28571428571429,65,56.42857142857143,8.571428571428571
E00005948,196,46,19,27,150,134,16,23.46938775510204,9.693877551020408,13.77551020408163,76.53061224489795,68.36734693877551,8.16326530612245
E00005949,129,21,7,14,108,97,11,16.27906976744186,5.426356589147287,10.852713178294573,83.72093023255815,75.1937984496124,8.527131782945736
E00005950,133,44,11,33,89,82,7,33.08270676691729,8.270676691729323,24.81203007518797,66.9172932330827,61.65413533834586,5.263157894736842
E00005951,152,36,13,23,116,99,17,23.684210526315788,8.552631578947368,15.131578947368421,76.31578947368422,65.13157894736842,11.18421052631579
E00005952,172,61,21,40,111,94,17,35.46511627906977,12.209302325581394,23.25581395348837,64.53488372093024,54.65116279069767,9.883720930232558
E00005953,161,36,13,23,125,109,16,22.36024844720497,8.074534161490684,14.285714285714285,77.63975155279503,67.70186335403726,9.937888198757763
E00005954,164,47,19,28,117,102,15,28.65853658536585,11.585365853658537,17.073170731707318,71.34146341463415,62.19512195121951,9.146341463414634
E00005955,133,47,16,31,86,78,8,35.338345864661655,12.030075187969924,23.308270676691727,64.66165413533834,58.64661654135338,6.015037593984962
E00005956,154,44,20,24,110,98,12,28.57142857142857,12.987012987012985,15.584415584415584,71.42857142857143,63.63636363636363,7.792207792207792
E00005957,115,20,9,11,95,75,20,17.391304347826086,7.82608695652174,9.565217391304348,82.6086956521739,65.21739130434783,17.391304347826086
E00005958,65,19,8,11,46,42,4,29.230769230769234,12.307692307692308,16.923076923076923,70.76923076923077,64.61538461538461,6.153846153846154
E00005959,178,45,16,29,133,114,19,25.280898876404496,8.98876404494382,16.292134831460675,74.71910112359551,64.04494382022472,10.674157303370785
E00005960,118,25,11,14,93,81,12,21.1864406779661,9.322033898305085,11.864406779661017,78.8135593220339,68.64406779661016,10.16949152542373
E00005961,122,39,15,24,83,72,11,31.967213114754102,12.295081967213115,19.672131147540984,68.0327868852459,59.01639344262295,9.01639344262295
E00005962,207,49,16,33,158,134,24,23.67149758454106,7.729468599033816,15.942028985507244,76.32850241545893,64.73429951690821,11.594202898550725
E00005963,230,87,33,54,143,121,22,37.826086956521735,14.347826086956522,23.47826086956522,62.17391304347826,52.60869565217391,9.565217391304348
E00005964,139,53,21,32,86,69,17,38.1294964028777,15.107913669064748,23.021582733812952,61.87050359712231,49.64028776978417,12.23021582733813
E00005965,185,56,17,39,129,117,12,30.270270270270274,9.18918918918919,21.08108108108108,69.72972972972973,63.24324324324324,6.486486486486487
E00165794,155,55,23,32,100,86,14,35.483870967741936,14.838709677419354,20.64516129032258,64.51612903225806,55.483870967741936,9.032258064516128
E00174923,185,65,21,44,120,109,11,35.13513513513514,11.351351351351353,23.783783783783786,64.86486486486487,58.91891891891892,5.9459459459459465
E00174924,239,60,24,36,179,163,16,25.10460251046025,10.0418410041841,15.062761506276152,74.89539748953975,68.20083682008368,6.694560669456067
E00174925,214,80,25,55,134,121,13,37.38317757009346,11.682242990654206,25.70093457943925,62.616822429906534,56.54205607476636,6.074766355140187
E00174926,101,34,10,24,67,60,7,33.663366336633665,9.900990099009901,23.762376237623762,66.33663366336634,59.4059405940594,6.9306930693069315
E00174928,207,67,29,38,140,113,27,32.367149758454104,14.009661835748794,18.357487922705314,67.6328502415459,54.589371980676326,13.043478260869565
E00174929,129,40,12,28,89,74,15,31.007751937984494,9.30232558139535,21.705426356589147,68.9922480620155,57.36434108527132,11.627906976744185
E00174930,153,56,21,35,97,85,12,36.60130718954248,13.725490196078432,22.875816993464053,63.39869281045751,55.55555555555556,7.8431372549019605
E00174931,148,54,20,34,94,90,4,36.486486486486484,13.513513513513514,22.972972972972975,63.51351351351351,60.810810810810814,2.7027027027027026
E00174932,183,45,14,31,138,119,19,24.59016393442623,7.650273224043716,16.939890710382514,75.40983606557377,65.02732240437157,10.382513661202186
E00174934,183,45,18,27,138,112,26,24.59016393442623,9.836065573770492,14.754098360655737,75.40983606557377,61.20218579234973,14.207650273224044
E00174938,92,31,15,16,61,56,5,33.69565217391305,16.304347826086957,17.391304347826086,66.30434782608695,60.86956521739131,5.434782608695652
E00174939,216,59,29,30,157,138,19,27.314814814814813,13.425925925925927,13.88888888888889,72.68518518518519,63.888888888888886,8.796296296296296
E00174940,160,48,20,28,112,101,11,30,12.5,17.5,70,63.125,6.875000000000001
E00174941,121,48,15,33,73,69,4,39.66942148760331,12.396694214876034,27.27272727272727,60.33057851239669,57.02479338842975,3.3057851239669422
E00174942,117,31,12,19,86,76,10,26.495726495726498,10.256410256410255,16.23931623931624,73.50427350427351,64.95726495726495,8.547008547008547
E00174943,135,42,22,20,93,80,13,31.11111111111111,16.296296296296298,14.814814814814813,68.88888888888889,59.25925925925925,9.62962962962963
E00174944,192,72,31,41,120,107,13,37.5,16.145833333333336,21.354166666666664,62.5,55.729166666666664,6.770833333333333
E00174945,101,49,20,29,52,43,9,48.51485148514851,19.801980198019802,28.71287128712871,51.48514851485149,42.57425742574257,8.91089108910891
E00174946,59,25,15,10,34,29,5,42.3728813559322,25.423728813559322,16.94915254237288,57.6271186440678,49.152542372881356,8.47457627118644
E00174947,189,71,30,41,118,105,13,37.56613756613756,15.873015873015872,21.693121693121693,62.43386243386243,55.55555555555556,6.878306878306878
E00174948,148,38,19,19,110,100,10,25.675675675675674,12.837837837837837,12.837837837837837,74.32432432432432,67.56756756756756,6.756756756756757
E00174949,158,59,20,39,99,80,19,37.34177215189873,12.658227848101266,24.68354430379747,62.65822784810127,50.63291139240506,12.025316455696203
E00174950,107,30,10,20,77,69,8,28.037383177570092,9.345794392523365,18.69158878504673,71.96261682242991,64.48598130841121,7.476635514018691
E00174951,131,32,14,18,99,83,16,24.427480916030532,10.687022900763358,13.740458015267176,75.57251908396947,63.358778625954194,12.213740458015266
E00174952,194,70,25,45,124,98,26,36.08247422680412,12.886597938144329,23.195876288659793,63.91752577319587,50.51546391752577,13.402061855670103
E00174953,212,52,28,24,160,136,24,24.528301886792452,13.20754716981132,11.320754716981133,75.47169811320755,64.15094339622641,11.320754716981133
E00174954,111,36,12,24,75,63,12,32.432432432432435,10.81081081081081,21.62162162162162,67.56756756756756,56.75675675675676,10.81081081081081
E00174955,87,13,5,8,74,56,18,14.942528735632186,5.747126436781609,9.195402298850574,85.0574712643678,64.36781609195403,20.689655172413794
E00174956,139,29,10,19,110,95,15,20.863309352517987,7.1942446043165464,13.66906474820144,79.13669064748201,68.34532374100719,10.79136690647482
E00174957,164,30,12,18,134,114,20,18.29268292682927,7.317073170731707,10.975609756097562,81.70731707317073,69.51219512195121,12.195121951219512
E00174958,135,44,12,32,91,79,12,32.592592592592595,8.88888888888889,23.703703703703706,67.4074074074074,58.51851851851851,8.88888888888889
E00174959,183,49,24,25,134,109,25,26.775956284153008,13.114754098360656,13.661202185792352,73.224043715847,59.56284153005464,13.661202185792352
E00180951,223,84,32,52,139,113,26,37.66816143497758,14.349775784753364,23.318385650224215,62.33183856502242,50.672645739910315,11.659192825112108
E00180952,130,32,12,20,98,84,14,24.615384615384617,9.230769230769232,15.384615384615385,75.38461538461539,64.61538461538461,10.76923076923077
E00180953,68,36,18,18,32,32,0,52.94117647058824,26.47058823529412,26.47058823529412,47.05882352941176,47.05882352941176,0
E00180955,187,48,13,35,139,123,16,25.668449197860966,6.951871657754011,18.71657754010695,74.33155080213903,65.77540106951871,8.55614973262032
E00180956,125,41,12,29,84,78,6,32.800000000000004,9.6,23.200000000000003,67.2,62.4,4.8
E00180959,93,33,14,19,60,49,11,35.483870967741936,15.053763440860216,20.43010752688172,64.51612903225806,52.68817204301075,11.827956989247312
E00180962,349,42,11,31,307,260,47,12.034383954154727,3.151862464183381,8.882521489971348,87.96561604584528,74.49856733524355,13.46704871060172
E00180963,187,24,11,13,163,152,11,12.834224598930483,5.88235294117647,6.951871657754011,87.16577540106952,81.28342245989305,5.88235294117647
E00180965,152,37,8,29,115,103,12,24.342105263157894,5.263157894736842,19.078947368421055,75.6578947368421,67.76315789473685,7.894736842105263
E00180966,259,56,25,31,203,173,30,21.62162162162162,9.652509652509652,11.96911196911197,78.37837837837837,66.79536679536679,11.583011583011583
E00180967,43,14,5,9,29,26,3,32.55813953488372,11.627906976744185,20.930232558139537,67.44186046511628,60.46511627906976,6.976744186046512
E00180968,101,44,7,37,57,52,5,43.56435643564357,6.9306930693069315,36.633663366336634,56.43564356435643,51.48514851485149,4.9504950495049505
E00180969,125,32,18,14,93,82,11,25.6,14.399999999999999,11.200000000000001,74.4,65.60000000000001,8.799999999999999
E00180970,186,30,17,13,156,142,14,16.129032258064516,9.13978494623656,6.989247311827956,83.87096774193549,76.34408602150538,7.526881720430108
E00180972,166,73,28,45,93,84,9,43.97590361445783,16.867469879518072,27.10843373493976,56.024096385542165,50.602409638554214,5.421686746987952
E00180973,343,45,20,25,298,251,47,13.119533527696792,5.830903790087463,7.288629737609329,86.88046647230321,73.17784256559767,13.702623906705538
E00180974,116,28,5,23,88,82,6,24.137931034482758,4.310344827586207,19.82758620689655,75.86206896551724,70.6896551724138,5.172413793103448
E00180976,156,50,20,30,106,94,12,32.05128205128205,12.82051282051282,19.230769230769234,67.94871794871796,60.256410256410255,7.6923076923076925
E00180977,536,68,32,36,468,397,71,12.686567164179104,5.970149253731343,6.7164179104477615,87.31343283582089,74.06716417910447,13.246268656716417
E00180978,56,8,5,3,48,45,3,14.285714285714285,8.928571428571429,5.357142857142857,85.71428571428571,80.35714285714286,5.357142857142857
E00180979,161,54,20,34,107,89,18,33.54037267080746,12.422360248447205,21.11801242236025,66.45962732919256,55.27950310559007,11.180124223602485
E00180980,79,22,6,16,57,45,12,27.848101265822784,7.59493670886076,20.253164556962027,72.15189873417721,56.9620253164557,15.18987341772152
E00180981,228,51,12,39,177,148,29,22.36842105263158,5.263157894736842,17.105263157894736,77.63157894736842,64.91228070175438,12.719298245614036
E00180982,73,37,8,29,36,34,2,50.68493150684932,10.95890410958904,39.726027397260275,49.31506849315068,46.57534246575342,2.73972602739726
E00180983,262,52,25,27,210,186,24,19.84732824427481,9.541984732824428,10.305343511450381,80.1526717557252,70.99236641221374,9.16030534351145
E00180984,217,32,14,18,185,160,25,14.746543778801843,6.451612903225806,8.294930875576037,85.25345622119815,73.73271889400922,11.52073732718894
E00180986,118,37,14,23,81,73,8,31.35593220338983,11.864406779661017,19.491525423728813,68.64406779661016,61.86440677966102,6.779661016949152
E00180987,121,25,5,20,96,88,8,20.66115702479339,4.132231404958678,16.528925619834713,79.33884297520662,72.72727272727273,6.6115702479338845
E00180988,332,31,8,23,301,246,55,9.33734939759036,2.4096385542168677,6.927710843373494,90.66265060240963,74.09638554216868,16.566265060240966
E00180989,140,22,11,11,118,102,16,15.714285714285714,7.857142857142857,7.857142857142857,84.28571428571429,72.85714285714285,11.428571428571429
E00180990,163,59,21,38,104,92,12,36.19631901840491,12.883435582822086,23.31288343558282,63.80368098159509,56.44171779141104,7.361963190184049
E00180991,163,56,21,35,107,97,10,34.355828220858896,12.883435582822086,21.472392638036812,65.6441717791411,59.50920245398773,6.134969325153374
E00180994,74,27,7,20,47,41,6,36.486486486486484,9.45945945945946,27.027027027027028,63.51351351351351,55.4054054054054,8.108108108108109
E00180995,108,36,15,21,72,59,13,33.33333333333333,13.88888888888889,19.444444444444446,66.66666666666666,54.629629629629626,12.037037037037036
E00180996,122,41,19,22,81,66,15,33.60655737704918,15.573770491803279,18.0327868852459,66.39344262295081,54.09836065573771,12.295081967213115
E00180997,107,27,8,19,80,70,10,25.233644859813083,7.476635514018691,17.75700934579439,74.76635514018692,65.42056074766354,9.345794392523365
E00180998,182,42,14,28,140,117,23,23.076923076923077,7.6923076923076925,15.384615384615385,76.92307692307693,64.28571428571429,12.637362637362637
E00180999,104,35,19,16,69,57,12,33.65384615384615,18.269230769230766,15.384615384615385,66.34615384615384,54.807692307692314,11.538461538461538
E00181000,269,76,25,51,193,168,25,28.25278810408922,9.293680297397769,18.95910780669145,71.74721189591078,62.45353159851301,9.293680297397769
E00181003,232,78,25,53,154,134,20,33.62068965517241,10.775862068965516,22.844827586206897,66.37931034482759,57.758620689655174,8.620689655172415
E00181005,118,37,21,16,81,74,7,31.35593220338983,17.796610169491526,13.559322033898304,68.64406779661016,62.71186440677966,5.932203389830509
E00181007,130,31,14,17,99,88,11,23.846153846153847,10.76923076923077,13.076923076923078,76.15384615384615,67.6923076923077,8.461538461538462
E00181008,360,63,25,38,297,248,49,17.5,6.944444444444445,10.555555555555555,82.5,68.88888888888889,13.61111111111111
E00181009,300,63,26,37,237,195,42,21,8.666666666666668,12.333333333333334,79,65,14.000000000000002
E00181010,86,14,7,7,72,57,15,16.27906976744186,8.13953488372093,8.13953488372093,83.72093023255815,66.27906976744185,17.441860465116278
E00181011,143,29,13,16,114,95,19,20.27972027972028,9.090909090909092,11.188811188811188,79.72027972027972,66.43356643356644,13.286713286713287
E00181012,444,65,22,43,379,306,73,14.63963963963964,4.954954954954955,9.684684684684685,85.36036036036036,68.91891891891892,16.441441441441444
E00181013,318,67,27,40,251,228,23,21.069182389937108,8.49056603773585,12.578616352201259,78.9308176100629,71.69811320754717,7.232704402515723
E00181015,177,45,9,36,132,113,19,25.423728813559322,5.084745762711865,20.33898305084746,74.57627118644068,63.84180790960452,10.734463276836157
E00181017,165,59,25,34,106,99,7,35.75757575757576,15.151515151515152,20.606060606060606,64.24242424242425,60,4.242424242424243
E00181018,288,67,23,44,221,190,31,23.26388888888889,7.986111111111111,15.277777777777779,76.73611111111111,65.97222222222221,10.76388888888889
E00181021,125,22,9,13,103,84,19,17.599999999999998,7.199999999999999,10.4,82.39999999999999,67.2,15.2
E00181022,88,30,10,20,58,50,8,34.090909090909086,11.363636363636363,22.727272727272727,65.9090909090909,56.81818181818182,9.090909090909092
E00181025,217,50,13,37,167,141,26,23.04147465437788,5.990783410138248,17.050691244239633,76.95852534562212,64.97695852534562,11.981566820276496
E00181026,172,41,22,19,131,109,22,23.837209302325583,12.790697674418606,11.046511627906977,76.16279069767442,63.372093023255815,12.790697674418606
E00181027,71,32,14,18,39,31,8,45.07042253521127,19.718309859154928,25.352112676056336,54.929577464788736,43.66197183098591,11.267605633802818
E00181028,85,31,8,23,54,46,8,36.470588235294116,9.411764705882353,27.058823529411764,63.52941176470588,54.11764705882353,9.411764705882353
E00181029,225,34,10,24,191,156,35,15.11111111111111,4.444444444444445,10.666666666666668,84.88888888888889,69.33333333333334,15.555555555555555
E00181031,114,26,12,14,88,73,15,22.807017543859647,10.526315789473683,12.280701754385964,77.19298245614034,64.03508771929825,13.157894736842104
E00181033,104,43,14,29,61,55,6,41.34615384615385,13.461538461538462,27.884615384615387,58.65384615384615,52.88461538461539,5.769230769230769
E00181034,311,44,16,28,267,223,44,14.14790996784566,5.144694533762058,9.003215434083602,85.85209003215434,71.70418006430869,14.14790996784566
E00181035,253,35,10,25,218,184,34,13.83399209486166,3.9525691699604746,9.881422924901186,86.16600790513834,72.72727272727273,13.438735177865613
E00181036,157,65,25,40,92,85,7,41.40127388535032,15.92356687898089,25.477707006369428,58.59872611464968,54.14012738853503,4.45859872611465
E00181039,211,42,14,28,169,147,22,19.90521327014218,6.6350710900473935,13.270142180094787,80.09478672985783,69.66824644549763,10.42654028436019
E00181041,91,40,19,21,51,43,8,43.956043956043956,20.87912087912088,23.076923076923077,56.043956043956044,47.25274725274725,8.791208791208792
E00181043,183,40,12,28,143,120,23,21.85792349726776,6.557377049180328,15.300546448087433,78.14207650273224,65.57377049180327,12.568306010928962
