OA,ts0590001,ts0590002,ts0590003,ts0590004,ts0590005,ts0590006,ts0590007,ts0590002_PCT,ts0590003_PCT,ts0590004_PCT,ts0590005_PCT,ts0590006_PCT,ts0590007_PCT
E00083053,176,57,19,38,119,101,18,32.38636363636363,10.795454545454545,21.59090909090909,67.61363636363636,57.38636363636363,10.227272727272728
E00083054,215,72,25,47,143,118,25,33.48837209302326,11.627906976744185,21.86046511627907,66.51162790697674,54.88372093023256,11.627906976744185
E00083056,175,59,20,39,116,100,16,33.714285714285715,11.428571428571429,22.285714285714285,66.28571428571428,57.14285714285714,9.142857142857142
E00083057,167,62,23,39,105,89,16,37.12574850299401,13.77245508982036,23.353293413173652,62.874251497005986,53.293413173652695,9.580838323353294
E00083058,243,88,34,54,155,133,22,36.21399176954733,13.991769547325102,22.22222222222222,63.78600823045267,54.73251028806584,9.053497942386832
E00083059,179,58,27,31,121,111,10,32.402234636871505,15.083798882681565,17.318435754189945,67.59776536312849,62.01117318435754,5.58659217877095
E00083060,169,65,27,38,104,95,9,38.46153846153847,15.976331360946746,22.485207100591715,61.53846153846154,56.213017751479285,5.325443786982249
E00083061,184,57,16,41,127,107,20,30.978260869565215,8.695652173913043,22.282608695652172,69.02173913043478,58.152173913043484,10.869565217391305
E00083062,258,74,25,49,184,155,29,28.68217054263566,9.689922480620156,18.992248062015506,71.31782945736434,60.07751937984496,11.24031007751938
E00083063,171,71,33,38,100,92,8,41.52046783625731,19.298245614035086,22.22222222222222,58.47953216374269,53.80116959064327,4.678362573099415
E00083065,180,63,17,46,117,110,7,35,9.444444444444445,25.555555555555554,65,61.111111111111114,3.888888888888889
E00083066,213,85,35,50,128,114,14,39.906103286384976,16.431924882629108,23.474178403755868,60.093896713615024,53.52112676056338,6.572769953051644
E00083067,170,68,26,42,102,84,18,40,15.294117647058824,24.705882352941178,60,49.411764705882355,10.588235294117647
E00083068,214,81,41,40,133,121,12,37.850467289719624,19.158878504672895,18.69158878504673,62.149532710280376,56.54205607476636,5.607476635514018
E00083069,187,61,29,32,126,107,19,32.62032085561498,15.508021390374333,17.11229946524064,67.37967914438502,57.21925133689839,10.16042780748663
E00083070,214,83,25,58,131,119,12,38.78504672897196,11.682242990654206,27.102803738317753,61.21495327102804,55.60747663551402,5.607476635514018
E00083071,142,54,19,35,88,75,13,38.028169014084504,13.380281690140844,24.647887323943664,61.97183098591549,52.816901408450704,9.15492957746479
E00083073,153,52,22,30,101,89,12,33.98692810457516,14.37908496732026,19.607843137254903,66.01307189542483,58.16993464052288,7.8431372549019605
E00083074,163,57,21,36,106,99,7,34.96932515337423,12.883435582822086,22.085889570552148,65.03067484662577,60.73619631901841,4.294478527607362
E00083075,213,76,26,50,137,125,12,35.68075117370892,12.206572769953052,23.474178403755868,64.31924882629107,58.68544600938967,5.633802816901409
E00083076,183,49,22,27,134,113,21,26.775956284153008,12.021857923497267,14.754098360655737,73.224043715847,61.74863387978142,11.475409836065573
E00083077,181,63,21,42,118,105,13,34.806629834254146,11.602209944751381,23.204419889502763,65.19337016574586,58.011049723756905,7.18232044198895
E00083078,190,51,21,30,139,126,13,26.842105263157894,11.052631578947368,15.789473684210526,73.15789473684211,66.3157894736842,6.842105263157896
E00083079,172,57,18,39,115,96,19,33.13953488372093,10.465116279069768,22.674418604651162,66.86046511627907,55.81395348837209,11.046511627906977
E00083080,142,38,13,25,104,92,12,26.76056338028169,9.15492957746479,17.6056338028169,73.23943661971832,64.7887323943662,8.450704225352112
E00083082,189,58,21,37,131,117,14,30.687830687830687,11.11111111111111,19.576719576719576,69.31216931216932,61.904761904761905,7.4074074074074066
E00083083,97,34,12,22,63,59,4,35.051546391752574,12.371134020618557,22.68041237113402,64.94845360824742,60.824742268041234,4.123711340206185
E00083084,143,37,11,26,106,96,10,25.874125874125873,7.6923076923076925,18.181818181818183,74.12587412587412,67.13286713286713,6.993006993006993
E00083085,188,43,13,30,145,124,21,22.872340425531913,6.914893617021277,15.957446808510639,77.12765957446808,65.95744680851064,11.170212765957446
E00083086,187,52,21,31,135,121,14,27.807486631016044,11.229946524064172,16.577540106951872,72.19251336898395,64.70588235294117,7.4866310160427805
E00083087,145,36,9,27,109,101,8,24.82758620689655,6.206896551724138,18.620689655172416,75.17241379310344,69.6551724137931,5.517241379310345
E00083088,168,45,13,32,123,110,13,26.785714285714285,7.738095238095238,19.047619047619047,73.21428571428571,65.47619047619048,7.738095238095238
E00083089,154,52,19,33,102,91,11,33.76623376623377,12.337662337662337,21.428571428571427,66.23376623376623,59.09090909090909,7.142857142857142
E00083090,164,41,17,24,123,108,15,25,10.365853658536585,14.634146341463413,75,65.85365853658537,9.146341463414634
E00083091,194,58,15,43,136,121,15,29.896907216494846,7.731958762886598,22.164948453608247,70.10309278350515,62.371134020618555,7.731958762886598
E00083092,201,57,17,40,144,133,11,28.35820895522388,8.45771144278607,19.900497512437813,71.64179104477611,66.16915422885572,5.472636815920398
E00083093,139,35,10,25,104,86,18,25.179856115107913,7.1942446043165464,17.985611510791365,74.82014388489209,61.87050359712231,12.949640287769784
E00083094,172,49,17,32,123,111,12,28.488372093023255,9.883720930232558,18.6046511627907,71.51162790697676,64.53488372093024,6.976744186046512
E00083095,137,44,10,34,93,79,14,32.11678832116788,7.2992700729927,24.817518248175183,67.88321167883211,57.66423357664233,10.218978102189782
E00083096,137,50,17,33,87,77,10,36.496350364963504,12.408759124087592,24.087591240875913,63.503649635036496,56.20437956204379,7.2992700729927
E00083097,136,29,8,21,107,89,18,21.323529411764707,5.88235294117647,15.441176470588236,78.67647058823529,65.44117647058823,13.23529411764706
E00083098,150,43,14,29,107,95,12,28.666666666666668,9.333333333333334,19.333333333333332,71.33333333333334,63.33333333333333,8
E00083099,160,43,10,33,117,104,13,26.875,6.25,20.625,73.125,65,8.125
E00083100,159,49,17,32,110,90,20,30.81761006289308,10.69182389937107,20.125786163522015,69.18238993710692,56.60377358490566,12.578616352201259
E00083101,165,47,14,33,118,108,10,28.484848484848484,8.484848484848486,20,71.51515151515152,65.45454545454545,6.0606060606060606
E00083102,128,41,18,23,87,78,9,32.03125,14.0625,17.96875,67.96875,60.9375,7.03125
E00083103,158,49,15,34,109,98,11,31.0126582278481,9.49367088607595,21.518987341772153,68.9873417721519,62.0253164556962,6.962025316455696
E00083104,151,40,10,30,111,99,12,26.490066225165563,6.622516556291391,19.867549668874172,73.50993377483444,65.56291390728477,7.9470198675496695
E00083105,171,51,22,29,120,104,16,29.82456140350877,12.865497076023392,16.95906432748538,70.17543859649122,60.81871345029239,9.35672514619883
E00083106,177,47,13,34,130,111,19,26.55367231638418,7.344632768361582,19.2090395480226,73.44632768361582,62.71186440677966,10.734463276836157
E00083108,235,79,29,50,156,138,18,33.61702127659574,12.340425531914894,21.27659574468085,66.38297872340425,58.723404255319146,7.659574468085106
E00083109,210,48,15,33,162,144,18,22.857142857142858,7.142857142857142,15.714285714285714,77.14285714285715,68.57142857142857,8.571428571428571
E00083110,159,45,17,28,114,94,20,28.30188679245283,10.69182389937107,17.61006289308176,71.69811320754717,59.11949685534591,12.578616352201259
E00083112,205,71,25,46,134,111,23,34.63414634146341,12.195121951219512,22.439024390243905,65.3658536585366,54.146341463414636,11.219512195121952
E00083113,198,63,10,53,135,118,17,31.818181818181817,5.05050505050505,26.767676767676768,68.18181818181817,59.59595959595959,8.585858585858585
E00083114,174,41,16,25,133,118,15,23.563218390804597,9.195402298850574,14.367816091954023,76.4367816091954,67.81609195402298,8.620689655172415
E00083115,266,84,27,57,182,158,24,31.57894736842105,10.150375939849624,21.428571428571427,68.42105263157895,59.3984962406015,9.022556390977442
E00083116,213,62,21,41,151,131,20,29.107981220657276,9.859154929577464,19.248826291079812,70.89201877934272,61.502347417840376,9.389671361502346
E00083117,307,84,26,58,223,204,19,27.36156351791531,8.469055374592834,18.892508143322477,72.63843648208469,66.44951140065146,6.188925081433225
E00083120,193,60,25,35,133,118,15,31.088082901554404,12.953367875647666,18.134715025906736,68.9119170984456,61.13989637305699,7.772020725388601
E00083121,258,90,37,53,168,146,22,34.883720930232556,14.34108527131783,20.54263565891473,65.11627906976744,56.58914728682171,8.527131782945736
E00083122,160,56,26,30,104,95,9,35,16.25,18.75,65,59.375,5.625
E00083123,114,31,15,16,83,77,6,27.192982456140353,13.157894736842104,14.035087719298245,72.80701754385966,67.54385964912281,5.263157894736842
E00083124,280,91,36,55,189,167,22,32.5,12.857142857142856,19.642857142857142,67.5,59.64285714285714,7.857142857142857
E00083125,168,47,21,26,121,98,23,27.976190476190478,12.5,15.476190476190476,72.02380952380952,58.333333333333336,13.690476190476192
E00083127,193,64,20,44,129,118,11,33.160621761658035,10.362694300518134,22.797927461139896,66.83937823834198,61.13989637305699,5.699481865284974
E00083128,282,74,32,42,208,184,24,26.24113475177305,11.347517730496454,14.893617021276595,73.75886524822694,65.24822695035462,8.51063829787234
E00083129,169,56,21,35,113,100,13,33.13609467455622,12.42603550295858,20.710059171597635,66.86390532544378,59.171597633136095,7.6923076923076925
E00083130,170,56,25,31,114,104,10,32.94117647058823,14.705882352941178,18.235294117647058,67.05882352941175,61.1764705882353,5.88235294117647
E00083132,193,68,31,37,125,110,15,35.233160621761655,16.06217616580311,19.170984455958546,64.76683937823834,56.994818652849744,7.772020725388601
E00083134,260,83,26,57,177,160,17,31.92307692307692,10,21.923076923076923,68.07692307692308,61.53846153846154,6.538461538461539
E00083139,208,56,23,33,152,131,21,26.923076923076923,11.057692307692307,15.865384615384615,73.07692307692307,62.980769230769226,10.096153846153847
E00083141,191,65,38,27,126,106,20,34.031413612565444,19.895287958115183,14.136125654450263,65.96858638743456,55.497382198952884,10.471204188481675
E00083142,215,60,30,30,155,144,11,27.906976744186046,13.953488372093023,13.953488372093023,72.09302325581395,66.97674418604652,5.116279069767442
E00083144,181,42,22,20,139,124,15,23.204419889502763,12.154696132596685,11.049723756906078,76.79558011049724,68.50828729281768,8.287292817679557
E00083145,258,83,49,34,175,160,15,32.17054263565892,18.992248062015506,13.178294573643413,67.82945736434108,62.01550387596899,5.813953488372093
E00083146,225,72,26,46,153,132,21,32,11.555555555555555,20.444444444444446,68,58.666666666666664,9.333333333333334
E00083148,224,80,32,48,144,117,27,35.714285714285715,14.285714285714285,21.428571428571427,64.28571428571429,52.23214285714286,12.053571428571429
E00083150,135,47,16,31,88,76,12,34.81481481481482,11.851851851851853,22.962962962962962,65.18518518518519,56.2962962962963,8.88888888888889
E00083151,170,50,17,33,120,107,13,29.411764705882355,10,19.411764705882355,70.58823529411765,62.94117647058823,7.647058823529412
E00083153,178,60,6,54,118,95,23,33.70786516853933,3.3707865168539324,30.337078651685395,66.29213483146067,53.37078651685393,12.921348314606742
E00083154,153,52,17,35,101,87,14,33.98692810457516,11.11111111111111,22.875816993464053,66.01307189542483,56.86274509803921,9.15032679738562
E00083155,197,53,21,32,144,133,11,26.903553299492383,10.65989847715736,16.243654822335024,73.09644670050761,67.51269035532995,5.583756345177665
E00083156,150,42,19,23,108,95,13,28.000000000000004,12.666666666666668,15.333333333333332,72,63.33333333333333,8.666666666666668
E00083157,200,50,16,34,150,134,16,25,8,17,75,67,8
E00083158,144,37,13,24,107,92,15,25.694444444444443,9.027777777777777,16.666666666666664,74.30555555555556,63.888888888888886,10.416666666666668
E00083159,173,39,12,27,134,116,18,22.54335260115607,6.9364161849710975,15.606936416184972,77.45664739884393,67.05202312138728,10.404624277456648
E00083160,154,41,10,31,113,99,14,26.623376623376622,6.493506493506493,20.12987012987013,73.37662337662337,64.28571428571429,9.090909090909092
E00083162,167,49,17,32,118,105,13,29.34131736526946,10.179640718562874,19.16167664670659,70.65868263473054,62.874251497005986,7.784431137724551
E00083163,139,33,13,20,106,93,13,23.741007194244602,9.352517985611511,14.388489208633093,76.2589928057554,66.90647482014388,9.352517985611511
E00083164,175,38,13,25,137,122,15,21.714285714285715,7.428571428571429,14.285714285714285,78.28571428571428,69.71428571428572,8.571428571428571
E00083165,189,49,14,35,140,128,12,25.925925925925924,7.4074074074074066,18.51851851851852,74.07407407407408,67.72486772486772,6.349206349206349
E00083166,161,39,14,25,122,101,21,24.22360248447205,8.695652173913043,15.527950310559005,75.77639751552795,62.732919254658384,13.043478260869565
E00083167,194,64,24,40,130,106,24,32.98969072164948,12.371134020618557,20.618556701030926,67.0103092783505,54.63917525773196,12.371134020618557
E00083168,207,62,23,39,145,124,21,29.951690821256037,11.11111111111111,18.84057971014493,70.04830917874396,59.90338164251207,10.144927536231885
E00083169,160,51,22,29,109,89,20,31.874999999999996,13.750000000000002,18.125,68.125,55.625,12.5
E00083170,214,51,19,32,163,144,19,23.83177570093458,8.878504672897195,14.953271028037381,76.16822429906543,67.28971962616822,8.878504672897195
E00083171,133,43,13,30,90,76,14,32.33082706766917,9.774436090225564,22.55639097744361,67.66917293233082,57.14285714285714,10.526315789473683
E00083172,195,52,14,38,143,125,18,26.666666666666668,7.179487179487179,19.48717948717949,73.33333333333333,64.1025641025641,9.230769230769232
E00083173,246,59,13,46,187,163,24,23.983739837398375,5.284552845528456,18.69918699186992,76.01626016260163,66.26016260162602,9.75609756097561
E00083174,187,39,14,25,148,126,22,20.855614973262032,7.4866310160427805,13.368983957219251,79.14438502673798,67.37967914438502,11.76470588235294
E00083175,162,36,18,18,126,111,15,22.22222222222222,11.11111111111111,11.11111111111111,77.77777777777779,68.51851851851852,9.25925925925926
E00083176,188,37,15,22,151,130,21,19.680851063829788,7.9787234042553195,11.702127659574469,80.31914893617021,69.14893617021278,11.170212765957446
E00083177,210,52,15,37,158,137,21,24.761904761904763,7.142857142857142,17.61904761904762,75.23809523809524,65.23809523809524,10
E00083178,200,47,18,29,153,138,15,23.5,9,14.499999999999998,76.5,69,7.5
E00083179,193,67,24,43,126,115,11,34.715025906735754,12.435233160621761,22.279792746113987,65.28497409326425,59.58549222797927,5.699481865284974
E00083180,187,56,18,38,131,115,16,29.946524064171122,9.62566844919786,20.32085561497326,70.05347593582889,61.49732620320856,8.55614973262032
E00083181,168,44,16,28,124,100,24,26.190476190476193,9.523809523809524,16.666666666666664,73.80952380952381,59.523809523809526,14.285714285714285
E00083182,163,33,11,22,130,110,20,20.245398773006134,6.748466257668712,13.496932515337424,79.75460122699386,67.48466257668711,12.269938650306749
E00083183,178,43,12,31,135,111,24,24.15730337078652,6.741573033707865,17.415730337078653,75.84269662921348,62.35955056179775,13.48314606741573
E00083184,129,29,9,20,100,84,16,22.48062015503876,6.976744186046512,15.503875968992247,77.51937984496125,65.11627906976744,12.4031007751938
E00083185,158,49,19,30,109,93,16,31.0126582278481,12.025316455696203,18.9873417721519,68.9873417721519,58.86075949367089,10.126582278481013
E00083186,219,71,24,47,148,129,19,32.42009132420091,10.95890410958904,21.461187214611872,67.57990867579909,58.9041095890411,8.67579908675799
E00083187,213,79,29,50,134,117,17,37.08920187793427,13.615023474178404,23.474178403755868,62.91079812206573,54.929577464788736,7.981220657276995
E00083188,197,45,16,29,152,130,22,22.84263959390863,8.121827411167512,14.720812182741117,77.15736040609137,65.98984771573603,11.16751269035533
E00083189,195,62,16,46,133,109,24,31.794871794871792,8.205128205128204,23.589743589743588,68.2051282051282,55.8974358974359,12.307692307692308
E00083192,150,39,11,28,111,99,12,26,7.333333333333333,18.666666666666668,74,66,8
E00083193,170,47,14,33,123,112,11,27.647058823529413,8.235294117647058,19.411764705882355,72.35294117647058,65.88235294117646,6.470588235294119
E00083194,211,69,15,54,142,123,19,32.70142180094787,7.109004739336493,25.59241706161137,67.29857819905213,58.29383886255924,9.004739336492891
E00083195,249,79,24,55,170,147,23,31.72690763052209,9.63855421686747,22.08835341365462,68.27309236947792,59.036144578313255,9.236947791164658
E00083196,174,43,15,28,131,114,17,24.71264367816092,8.620689655172415,16.091954022988507,75.28735632183908,65.51724137931035,9.770114942528735
E00083197,182,45,12,33,137,121,16,24.725274725274726,6.593406593406594,18.13186813186813,75.27472527472527,66.48351648351648,8.791208791208792
E00083198,68,28,10,18,40,31,9,41.17647058823529,14.705882352941178,26.47058823529412,58.82352941176471,45.588235294117645,13.23529411764706
E00083199,181,47,11,36,134,120,14,25.96685082872928,6.077348066298343,19.88950276243094,74.03314917127072,66.29834254143645,7.734806629834254
E00083200,143,32,11,21,111,101,10,22.377622377622377,7.6923076923076925,14.685314685314685,77.62237762237763,70.62937062937063,6.993006993006993
E00083202,134,29,11,18,105,95,10,21.641791044776117,8.208955223880597,13.432835820895523,78.35820895522389,70.8955223880597,7.462686567164178
E00083203,234,74,36,38,160,145,15,31.62393162393162,15.384615384615385,16.23931623931624,68.37606837606837,61.965811965811966,6.41025641025641
E00083204,185,66,19,47,119,104,15,35.67567567567568,10.27027027027027,25.405405405405407,64.32432432432432,56.21621621621622,8.108108108108109
E00083205,159,42,18,24,117,105,12,26.41509433962264,11.320754716981133,15.09433962264151,73.58490566037736,66.0377358490566,7.547169811320755
E00083207,149,32,17,15,117,97,20,21.476510067114095,11.409395973154362,10.06711409395973,78.52348993288591,65.1006711409396,13.422818791946309
E00083208,155,45,19,26,110,99,11,29.03225806451613,12.258064516129032,16.7741935483871,70.96774193548387,63.87096774193548,7.096774193548387
E00083209,176,49,15,34,127,116,11,27.84090909090909,8.522727272727272,19.318181818181817,72.1590909090909,65.9090909090909,6.25
E00083210,139,36,15,21,103,82,21,25.899280575539567,10.79136690647482,15.107913669064748,74.10071942446042,58.992805755395686,15.107913669064748
E00083211,189,51,20,31,138,115,23,26.984126984126984,10.582010582010582,16.402116402116402,73.01587301587301,60.84656084656085,12.16931216931217
E00083212,162,41,11,30,121,112,9,25.308641975308642,6.790123456790123,18.51851851851852,74.69135802469135,69.1358024691358,5.555555555555555
E00083213,246,85,35,50,161,149,12,34.552845528455286,14.227642276422763,20.32520325203252,65.4471544715447,60.56910569105691,4.878048780487805
E00083214,189,44,17,27,145,133,12,23.28042328042328,8.994708994708994,14.285714285714285,76.71957671957672,70.37037037037037,6.349206349206349
E00083215,153,38,15,23,115,101,14,24.836601307189543,9.803921568627452,15.032679738562091,75.16339869281046,66.01307189542483,9.15032679738562
E00083216,182,47,13,34,135,114,21,25.82417582417583,7.142857142857142,18.681318681318682,74.17582417582418,62.637362637362635,11.538461538461538
E00083217,166,52,16,36,114,104,10,31.32530120481928,9.63855421686747,21.686746987951807,68.67469879518072,62.65060240963856,6.024096385542169
E00083218,249,66,17,49,183,164,19,26.506024096385545,6.827309236947792,19.67871485943775,73.49397590361446,65.86345381526104,7.630522088353414
E00083219,192,59,18,41,133,115,18,30.729166666666668,9.375,21.354166666666664,69.27083333333334,59.895833333333336,9.375
E00083220,226,56,21,35,170,147,23,24.778761061946902,9.29203539823009,15.486725663716813,75.22123893805309,65.04424778761062,10.176991150442479
E00083221,157,34,15,19,123,109,14,21.656050955414013,9.554140127388536,12.101910828025478,78.343949044586,69.42675159235668,8.9171974522293
E00083222,138,31,13,18,107,94,13,22.463768115942027,9.420289855072465,13.043478260869565,77.53623188405797,68.11594202898551,9.420289855072465
E00083223,141,45,16,29,96,79,17,31.914893617021278,11.347517730496454,20.56737588652482,68.08510638297872,56.02836879432624,12.056737588652481
E00083224,150,33,14,19,117,101,16,22,9.333333333333334,12.666666666666668,78,67.33333333333333,10.666666666666668
E00083225,209,51,20,31,158,141,17,24.401913875598087,9.569377990430622,14.832535885167463,75.5980861244019,67.46411483253588,8.133971291866029
E00083226,205,56,21,35,149,133,16,27.31707317073171,10.24390243902439,17.073170731707318,72.6829268292683,64.8780487804878,7.804878048780488
E00083227,240,55,18,37,185,165,20,22.916666666666664,7.5,15.416666666666668,77.08333333333334,68.75,8.333333333333332
E00083228,154,28,10,18,126,107,19,18.181818181818183,6.493506493506493,11.688311688311687,81.81818181818183,69.48051948051948,12.337662337662337
E00083229,176,45,18,27,131,102,29,25.568181818181817,10.227272727272728,15.340909090909092,74.43181818181817,57.95454545454546,16.477272727272727
E00083230,203,45,13,32,158,141,17,22.167487684729064,6.403940886699508,15.763546798029557,77.83251231527095,69.45812807881774,8.374384236453201
E00083231,207,58,26,32,149,138,11,28.019323671497588,12.560386473429952,15.458937198067632,71.98067632850241,66.66666666666666,5.314009661835748
E00083232,167,46,17,29,121,103,18,27.54491017964072,10.179640718562874,17.365269461077844,72.45508982035929,61.67664670658682,10.778443113772456
E00083233,211,53,21,32,158,138,20,25.118483412322274,9.95260663507109,15.165876777251185,74.88151658767772,65.40284360189574,9.47867298578199
E00083234,155,53,18,35,102,90,12,34.193548387096776,11.612903225806452,22.58064516129032,65.80645161290323,58.06451612903226,7.741935483870968
E00083235,199,72,24,48,127,112,15,36.18090452261307,12.060301507537687,24.120603015075375,63.81909547738693,56.28140703517588,7.537688442211055
E00083236,248,77,39,38,171,136,35,31.048387096774192,15.725806451612904,15.32258064516129,68.95161290322581,54.83870967741935,14.112903225806454
E00083237,170,55,14,41,115,102,13,32.35294117647059,8.235294117647058,24.11764705882353,67.64705882352942,60,7.647058823529412
E00083238,214,87,27,60,127,108,19,40.654205607476634,12.616822429906541,28.037383177570092,59.345794392523366,50.467289719626166,8.878504672897195
E00083239,189,58,23,35,131,115,16,30.687830687830687,12.16931216931217,18.51851851851852,69.31216931216932,60.84656084656085,8.465608465608465
E00083240,146,47,15,32,99,90,9,32.19178082191781,10.273972602739725,21.91780821917808,67.8082191780822,61.64383561643836,6.164383561643835
E00083241,195,61,25,36,134,113,21,31.28205128205128,12.82051282051282,18.461538461538463,68.71794871794872,57.948717948717956,10.76923076923077
E00083242,133,37,11,26,96,86,10,27.819548872180448,8.270676691729323,19.548872180451127,72.18045112781954,64.66165413533834,7.518796992481203
E00083243,149,52,19,33,97,85,12,34.899328859060404,12.751677852348994,22.14765100671141,65.1006711409396,57.04697986577181,8.053691275167784
E00083244,248,73,32,41,175,148,27,29.435483870967744,12.903225806451612,16.532258064516128,70.56451612903226,59.67741935483871,10.887096774193548
E00083245,227,67,30,37,160,148,12,29.515418502202646,13.215859030837004,16.299559471365637,70.48458149779736,65.19823788546255,5.286343612334802
E00083246,240,81,23,58,159,137,22,33.75,9.583333333333334,24.166666666666668,66.25,57.08333333333333,9.166666666666666
E00083247,219,75,24,51,144,129,15,34.24657534246575,10.95890410958904,23.28767123287671,65.75342465753424,58.9041095890411,6.8493150684931505
E00083248,200,63,19,44,137,117,20,31.5,9.5,22,68.5,58.5,10
E00083249,174,61,23,38,113,98,15,35.05747126436782,13.218390804597702,21.839080459770116,64.9425287356322,56.32183908045977,8.620689655172415
E00083250,145,43,15,28,102,92,10,29.655172413793103,10.344827586206897,19.310344827586206,70.34482758620689,63.44827586206897,6.896551724137931
E00083251,236,88,23,65,148,134,14,37.28813559322034,9.745762711864407,27.54237288135593,62.71186440677966,56.779661016949156,5.932203389830509
E00083252,241,75,32,43,166,139,27,31.12033195020747,13.278008298755188,17.842323651452283,68.87966804979253,57.676348547717836,11.20331950207469
E00083253,263,75,25,50,188,162,26,28.517110266159694,9.505703422053232,19.011406844106464,71.48288973384031,61.59695817490495,9.885931558935361
E00083254,181,57,16,41,124,113,11,31.491712707182316,8.83977900552486,22.65193370165746,68.50828729281768,62.430939226519335,6.077348066298343
E00083255,244,70,32,38,174,152,22,28.688524590163933,13.114754098360656,15.573770491803279,71.31147540983606,62.295081967213115,9.01639344262295
E00083256,155,58,18,40,97,85,12,37.41935483870968,11.612903225806452,25.806451612903224,62.58064516129033,54.83870967741935,7.741935483870968
E00083257,151,56,26,30,95,83,12,37.086092715231786,17.218543046357617,19.867549668874172,62.913907284768214,54.966887417218544,7.9470198675496695
E00083258,165,48,15,33,117,102,15,29.09090909090909,9.090909090909092,20,70.9090909090909,61.81818181818181,9.090909090909092
E00083259,158,49,17,32,109,94,15,31.0126582278481,10.759493670886076,20.253164556962027,68.9873417721519,59.49367088607595,9.49367088607595
E00083260,186,66,28,38,120,106,14,35.483870967741936,15.053763440860216,20.43010752688172,64.51612903225806,56.98924731182796,7.526881720430108
E00083261,218,43,21,22,175,150,25,19.724770642201836,9.63302752293578,10.091743119266056,80.27522935779817,68.80733944954129,11.46788990825688
E00083262,167,55,20,35,112,103,9,32.93413173652694,11.976047904191617,20.958083832335326,67.06586826347305,61.67664670658682,5.389221556886228
E00083263,170,43,16,27,127,116,11,25.294117647058822,9.411764705882353,15.88235294117647,74.70588235294117,68.23529411764706,6.470588235294119
E00083264,159,47,15,32,112,102,10,29.559748427672954,9.433962264150944,20.125786163522015,70.44025157232704,64.15094339622641,6.289308176100629
E00083265,133,32,12,20,101,93,8,24.06015037593985,9.022556390977442,15.037593984962406,75.93984962406014,69.92481203007519,6.015037593984962
E00083266,149,42,16,26,107,95,12,28.187919463087248,10.738255033557047,17.449664429530202,71.81208053691275,63.758389261744966,8.053691275167784
E00083267,193,44,18,26,149,126,23,22.797927461139896,9.32642487046632,13.471502590673575,77.2020725388601,65.28497409326425,11.917098445595855
E00083268,191,51,18,33,140,125,15,26.701570680628272,9.424083769633508,17.277486910994764,73.29842931937172,65.44502617801047,7.853403141361256
E00083269,194,57,27,30,137,119,18,29.381443298969074,13.917525773195877,15.463917525773196,70.61855670103093,61.34020618556701,9.278350515463918
E00083270,104,41,12,29,63,56,7,39.42307692307692,11.538461538461538,27.884615384615387,60.57692307692307,53.84615384615385,6.730769230769231
E00083271,166,47,15,32,119,105,14,28.313253012048197,9.036144578313253,19.27710843373494,71.6867469879518,63.25301204819277,8.433734939759036
E00083272,160,44,20,24,116,104,12,27.500000000000004,12.5,15,72.5,65,7.5
E00083273,126,36,13,23,90,84,6,28.57142857142857,10.317460317460316,18.253968253968253,71.42857142857143,66.66666666666666,4.761904761904762
E00083274,151,32,9,23,119,102,17,21.192052980132452,5.960264900662252,15.2317880794702,78.80794701986756,67.54966887417218,11.258278145695364
E00083275,172,49,17,32,123,109,14,28.488372093023255,9.883720930232558,18.6046511627907,71.51162790697676,63.372093023255815,8.13953488372093
E00083276,236,78,23,55,158,137,21,33.05084745762712,9.745762711864407,23.30508474576271,66.94915254237289,58.05084745762712,8.898305084745763
E00083278,68,25,5,20,43,38,5,36.76470588235294,7.352941176470589,29.411764705882355,63.23529411764706,55.88235294117647,7.352941176470589
E00083279,143,49,16,33,94,85,9,34.26573426573427,11.188811188811188,23.076923076923077,65.73426573426573,59.44055944055944,6.293706293706294
E00083280,273,90,28,62,183,160,23,32.967032967032964,10.256410256410255,22.71062271062271,67.03296703296702,58.60805860805861,8.424908424908425
E00083281,120,38,10,28,82,74,8,31.666666666666664,8.333333333333332,23.333333333333332,68.33333333333333,61.66666666666667,6.666666666666667
E00083282,89,27,10,17,62,52,10,30.337078651685395,11.235955056179774,19.101123595505616,69.66292134831461,58.42696629213483,11.235955056179774
E00083283,190,45,12,33,145,126,19,23.684210526315788,6.315789473684211,17.36842105263158,76.31578947368422,66.3157894736842,10
E00083284,198,52,17,35,146,134,12,26.262626262626267,8.585858585858585,17.67676767676768,73.73737373737373,67.67676767676768,6.0606060606060606
E00083285,172,52,21,31,120,97,23,30.23255813953488,12.209302325581394,18.023255813953487,69.76744186046511,56.395348837209305,13.372093023255813
E00083286,126,24,8,16,102,85,17,19.047619047619047,6.349206349206349,12.698412698412698,80.95238095238095,67.46031746031747,13.492063492063492
E00083287,164,28,13,15,136,116,20,17.073170731707318,7.926829268292683,9.146341463414634,82.92682926829268,70.73170731707317,12.195121951219512
E00083288,145,41,11,30,104,90,14,28.27586206896552,7.586206896551724,20.689655172413794,71.72413793103448,62.06896551724138,9.655172413793103
E00083289,176,36,12,24,140,125,15,20.454545454545457,6.8181818181818175,13.636363636363635,79.54545454545455,71.02272727272727,8.522727272727272
E00083290,120,27,10,17,93,83,10,22.5,8.333333333333332,14.166666666666666,77.5,69.16666666666667,8.333333333333332
E00083291,142,39,15,24,103,89,14,27.464788732394368,10.56338028169014,16.901408450704224,72.53521126760563,62.676056338028175,9.859154929577464
E00083292,191,59,22,37,132,114,18,30.89005235602094,11.518324607329843,19.3717277486911,69.10994764397905,59.68586387434554,9.424083769633508
E00083293,196,59,14,45,137,120,17,30.102040816326532,7.142857142857142,22.95918367346939,69.89795918367348,61.224489795918366,8.673469387755102
E00083294,138,43,18,25,95,87,8,31.15942028985507,13.043478260869565,18.115942028985508,68.84057971014492,63.04347826086957,5.797101449275362
E00083295,98,34,8,26,64,56,8,34.69387755102041,8.16326530612245,26.53061224489796,65.3061224489796,57.14285714285714,8.16326530612245
E00083296,197,42,10,32,155,135,20,21.31979695431472,5.0761421319796955,16.243654822335024,78.68020304568529,68.52791878172589,10.152284263959391
E00083297,174,53,18,35,121,112,9,30.45977011494253,10.344827586206897,20.114942528735632,69.54022988505747,64.36781609195403,5.172413793103448
E00083298,196,70,22,48,126,108,18,35.714285714285715,11.224489795918368,24.489795918367346,64.28571428571429,55.10204081632652,9.183673469387756
E00083299,164,38,17,21,126,115,11,23.170731707317074,10.365853658536585,12.804878048780488,76.82926829268293,70.1219512195122,6.707317073170732
E00083300,178,42,16,26,136,120,16,23.595505617977526,8.98876404494382,14.606741573033707,76.40449438202246,67.41573033707866,8.98876404494382
E00083301,128,36,11,25,92,83,9,28.125,8.59375,19.53125,71.875,64.84375,7.03125
E00083302,206,40,20,20,166,149,17,19.41747572815534,9.70873786407767,9.70873786407767,80.58252427184466,72.33009708737865,8.25242718446602
E00083303,163,38,11,27,125,114,11,23.31288343558282,6.748466257668712,16.56441717791411,76.68711656441718,69.93865030674846,6.748466257668712
E00083304,123,23,10,13,100,88,12,18.69918699186992,8.130081300813007,10.569105691056912,81.30081300813008,71.54471544715447,9.75609756097561
E00083305,160,32,13,19,128,112,16,20,8.125,11.875,80,70,10
E00083306,158,29,7,22,129,115,14,18.354430379746837,4.430379746835443,13.924050632911392,81.64556962025317,72.78481012658227,8.860759493670885
E00083307,124,35,10,25,89,78,11,28.225806451612907,8.064516129032258,20.161290322580644,71.7741935483871,62.903225806451616,8.870967741935484
E00083308,181,45,9,36,136,125,11,24.861878453038674,4.972375690607735,19.88950276243094,75.13812154696133,69.06077348066299,6.077348066298343
E00083309,163,49,18,31,114,98,16,30.061349693251532,11.042944785276074,19.018404907975462,69.93865030674846,60.122699386503065,9.815950920245399
E00083310,252,58,21,37,194,171,23,23.015873015873016,8.333333333333332,14.682539682539684,76.98412698412699,67.85714285714286,9.126984126984127
E00083311,140,41,18,23,99,90,9,29.28571428571429,12.857142857142856,16.428571428571427,70.71428571428572,64.28571428571429,6.428571428571428
E00083312,190,59,20,39,131,113,18,31.05263157894737,10.526315789473683,20.526315789473685,68.94736842105263,59.473684210526315,9.473684210526317
E00083313,239,57,19,38,182,143,39,23.84937238493724,7.949790794979079,15.899581589958158,76.15062761506276,59.83263598326359,16.317991631799163
E00083314,186,64,25,39,122,104,18,34.40860215053764,13.440860215053762,20.967741935483872,65.59139784946237,55.91397849462365,9.67741935483871
E00083315,224,70,28,42,154,142,12,31.25,12.5,18.75,68.75,63.39285714285714,5.357142857142857
E00083316,172,41,14,27,131,117,14,23.837209302325583,8.13953488372093,15.69767441860465,76.16279069767442,68.02325581395348,8.13953488372093
E00083317,169,47,17,30,122,108,14,27.810650887573964,10.059171597633137,17.75147928994083,72.18934911242604,63.905325443786985,8.284023668639055
E00083318,178,54,14,40,124,101,23,30.337078651685395,7.865168539325842,22.47191011235955,69.66292134831461,56.74157303370787,12.921348314606742
E00083319,136,39,22,17,97,86,11,28.676470588235293,16.176470588235293,12.5,71.32352941176471,63.23529411764706,8.088235294117647
E00083320,164,34,10,24,130,117,13,20.73170731707317,6.097560975609756,14.634146341463413,79.26829268292683,71.34146341463415,7.926829268292683
E00083321,192,48,17,31,144,130,14,25,8.854166666666668,16.145833333333336,75,67.70833333333334,7.291666666666667
E00083322,145,36,10,26,109,98,11,24.82758620689655,6.896551724137931,17.93103448275862,75.17241379310344,67.58620689655173,7.586206896551724
E00083323,208,60,22,38,148,134,14,28.846153846153843,10.576923076923077,18.269230769230766,71.15384615384616,64.42307692307693,6.730769230769231
E00083324,159,48,12,36,111,102,9,30.18867924528302,7.547169811320755,22.641509433962266,69.81132075471697,64.15094339622641,5.660377358490567
E00083325,129,37,8,29,92,84,8,28.68217054263566,6.2015503875969,22.48062015503876,71.31782945736434,65.11627906976744,6.2015503875969
E00083326,165,51,20,31,114,97,17,30.909090909090907,12.121212121212121,18.787878787878785,69.0909090909091,58.78787878787879,10.303030303030303
E00083327,138,41,18,23,97,92,5,29.71014492753623,13.043478260869565,16.666666666666664,70.28985507246377,66.66666666666666,3.6231884057971016
E00083328,141,35,15,20,106,79,27,24.822695035460992,10.638297872340425,14.184397163120568,75.177304964539,56.02836879432624,19.148936170212767
E00083329,224,60,27,33,164,146,18,26.785714285714285,12.053571428571429,14.732142857142858,73.21428571428571,65.17857142857143,8.035714285714286
E00083330,193,60,20,40,133,114,19,31.088082901554404,10.362694300518134,20.72538860103627,68.9119170984456,59.067357512953365,9.844559585492227
E00083331,147,45,18,27,102,93,9,30.612244897959183,12.244897959183673,18.367346938775512,69.38775510204081,63.26530612244898,6.122448979591836
E00083332,155,39,17,22,116,103,13,25.161290322580644,10.967741935483872,14.193548387096774,74.83870967741936,66.45161290322581,8.38709677419355
E00083333,232,67,25,42,165,136,29,28.879310344827587,10.775862068965516,18.103448275862068,71.12068965517241,58.620689655172406,12.5
E00083334,147,40,18,22,107,90,17,27.2108843537415,12.244897959183673,14.965986394557824,72.78911564625851,61.224489795918366,11.564625850340136
E00083335,183,47,19,28,136,122,14,25.683060109289617,10.382513661202186,15.300546448087433,74.31693989071039,66.66666666666666,7.650273224043716
E00083337,148,44,17,27,104,90,14,29.72972972972973,11.486486486486488,18.243243243243242,70.27027027027027,60.810810810810814,9.45945945945946
E00083338,112,35,13,22,77,67,10,31.25,11.607142857142858,19.642857142857142,68.75,59.82142857142857,8.928571428571429
E00083339,84,23,9,14,61,50,11,27.380952380952383,10.714285714285714,16.666666666666664,72.61904761904762,59.523809523809526,13.095238095238097
E00083340,162,36,12,24,126,103,23,22.22222222222222,7.4074074074074066,14.814814814814813,77.77777777777779,63.580246913580254,14.19753086419753
E00083342,139,42,15,27,97,86,11,30.215827338129497,10.79136690647482,19.424460431654676,69.7841726618705,61.87050359712231,7.913669064748201
E00083343,185,48,20,28,137,131,6,25.945945945945947,10.81081081081081,15.135135135135137,74.05405405405405,70.8108108108108,3.2432432432432434
E00083344,149,39,14,25,110,96,14,26.174496644295303,9.395973154362416,16.778523489932887,73.8255033557047,64.42953020134227,9.395973154362416
E00083345,141,46,16,30,95,85,10,32.62411347517731,11.347517730496454,21.27659574468085,67.37588652482269,60.28368794326241,7.092198581560284
E00083347,182,46,19,27,136,122,14,25.274725274725274,10.43956043956044,14.835164835164836,74.72527472527473,67.03296703296702,7.6923076923076925
E00083348,231,46,20,26,185,158,27,19.913419913419915,8.658008658008658,11.255411255411255,80.08658008658008,68.3982683982684,11.688311688311687
E00083349,166,39,17,22,127,120,7,23.49397590361446,10.240963855421686,13.253012048192772,76.50602409638554,72.28915662650603,4.216867469879518
E00083350,192,58,13,45,134,127,7,30.208333333333332,6.770833333333333,23.4375,69.79166666666666,66.14583333333334,3.6458333333333335
E00083351,175,55,16,39,120,108,12,31.428571428571427,9.142857142857142,22.285714285714285,68.57142857142857,61.71428571428571,6.857142857142858
E00083352,114,35,10,25,79,73,6,30.701754385964914,8.771929824561402,21.929824561403507,69.2982456140351,64.03508771929825,5.263157894736842
E00083353,267,65,17,48,202,171,31,24.344569288389515,6.367041198501873,17.97752808988764,75.65543071161048,64.04494382022472,11.610486891385769
E00083354,164,38,12,26,126,109,17,23.170731707317074,7.317073170731707,15.853658536585366,76.82926829268293,66.46341463414635,10.365853658536585
E00083356,174,40,16,24,134,116,18,22.988505747126435,9.195402298850574,13.793103448275861,77.01149425287356,66.66666666666666,10.344827586206897
E00083357,209,55,21,34,154,128,26,26.31578947368421,10.047846889952153,16.267942583732058,73.68421052631578,61.24401913875598,12.440191387559809
E00083358,207,49,15,34,158,140,18,23.67149758454106,7.246376811594203,16.425120772946862,76.32850241545893,67.6328502415459,8.695652173913043
E00083359,198,36,14,22,162,142,20,18.181818181818183,7.07070707070707,11.11111111111111,81.81818181818183,71.71717171717171,10.1010101010101
E00083360,162,40,11,29,122,110,12,24.691358024691358,6.790123456790123,17.901234567901234,75.30864197530865,67.90123456790124,7.4074074074074066
E00083362,214,62,24,38,152,138,14,28.971962616822427,11.214953271028037,17.75700934579439,71.02803738317756,64.48598130841121,6.5420560747663545
E00083363,177,59,20,39,118,107,11,33.33333333333333,11.299435028248588,22.033898305084744,66.66666666666666,60.451977401129945,6.214689265536723
E00083364,134,40,11,29,94,80,14,29.850746268656714,8.208955223880597,21.641791044776117,70.1492537313433,59.70149253731343,10.44776119402985
E00083367,255,63,27,36,192,170,22,24.705882352941178,10.588235294117647,14.117647058823529,75.29411764705883,66.66666666666666,8.627450980392156
E00083368,155,40,16,24,115,93,22,25.806451612903224,10.32258064516129,15.483870967741936,74.19354838709677,60,14.193548387096774
E00083369,227,62,24,38,165,143,22,27.312775330396477,10.572687224669604,16.740088105726873,72.68722466960352,62.99559471365639,9.691629955947137
E00083370,168,41,12,29,127,116,11,24.404761904761905,7.142857142857142,17.261904761904763,75.59523809523809,69.04761904761905,6.547619047619048
E00083371,168,33,16,17,135,111,24,19.642857142857142,9.523809523809524,10.119047619047619,80.35714285714286,66.07142857142857,14.285714285714285
E00083372,222,51,16,35,171,144,27,22.972972972972975,7.207207207207207,15.765765765765765,77.02702702702703,64.86486486486487,12.162162162162163
E00083373,198,44,19,25,154,133,21,22.22222222222222,9.595959595959595,12.626262626262626,77.77777777777779,67.17171717171718,10.606060606060606
E00083374,207,44,14,30,163,139,24,21.256038647342994,6.763285024154589,14.492753623188406,78.74396135265701,67.14975845410628,11.594202898550725
E00083375,130,34,10,24,96,82,14,26.153846153846157,7.6923076923076925,18.461538461538463,73.84615384615385,63.07692307692307,10.76923076923077
E00083376,125,31,12,19,94,82,12,24.8,9.6,15.2,75.2,65.60000000000001,9.6
E00083378,192,42,22,20,150,129,21,21.875,11.458333333333332,10.416666666666668,78.125,67.1875,10.9375
E00083379,175,52,17,35,123,105,18,29.714285714285715,9.714285714285714,20,70.28571428571428,60,10.285714285714285
E00083380,142,49,18,31,93,78,15,34.50704225352113,12.676056338028168,21.830985915492956,65.49295774647888,54.929577464788736,10.56338028169014
E00083381,150,33,15,18,117,103,14,22,10,12,78,68.66666666666667,9.333333333333334
E00083382,201,47,20,27,154,137,17,23.383084577114428,9.950248756218906,13.432835820895523,76.61691542288557,68.1592039800995,8.45771144278607
E00083383,192,36,10,26,156,131,25,18.75,5.208333333333334,13.541666666666666,81.25,68.22916666666666,13.020833333333334
E00083384,174,57,17,40,117,104,13,32.758620689655174,9.770114942528735,22.988505747126435,67.24137931034483,59.77011494252874,7.471264367816093
E00083386,212,60,22,38,152,138,14,28.30188679245283,10.377358490566039,17.92452830188679,71.69811320754717,65.09433962264151,6.60377358490566
E00083387,189,72,25,47,117,107,10,38.095238095238095,13.227513227513226,24.867724867724867,61.904761904761905,56.613756613756614,5.291005291005291
E00083388,219,83,27,56,136,114,22,37.89954337899543,12.32876712328767,25.570776255707763,62.10045662100456,52.054794520547944,10.045662100456621
E00083389,172,59,16,43,113,106,7,34.30232558139535,9.30232558139535,25,65.69767441860465,61.627906976744185,4.069767441860465
E00083390,231,63,29,34,168,151,17,27.27272727272727,12.554112554112553,14.71861471861472,72.72727272727273,65.36796536796537,7.35930735930736
E00083391,150,38,14,24,112,103,9,25.333333333333336,9.333333333333334,16,74.66666666666667,68.66666666666667,6
E00083392,150,46,15,31,104,90,14,30.666666666666664,10,20.666666666666668,69.33333333333334,60,9.333333333333334
E00083393,135,43,12,31,92,83,9,31.851851851851855,8.88888888888889,22.962962962962962,68.14814814814815,61.48148148148148,6.666666666666667
E00083394,200,67,23,44,133,124,9,33.5,11.5,22,66.5,62,4.5
E00083395,167,58,24,34,109,97,12,34.73053892215569,14.37125748502994,20.359281437125748,65.26946107784431,58.08383233532935,7.18562874251497
E00083396,217,86,24,62,131,122,9,39.63133640552996,11.059907834101383,28.57142857142857,60.36866359447005,56.22119815668203,4.147465437788019
E00083397,224,58,15,43,166,150,16,25.892857142857146,6.696428571428571,19.196428571428573,74.10714285714286,66.96428571428571,7.142857142857142
E00083398,248,101,29,72,147,134,13,40.725806451612904,11.693548387096774,29.03225806451613,59.2741935483871,54.03225806451613,5.241935483870968
E00083399,163,56,16,40,107,92,15,34.355828220858896,9.815950920245399,24.539877300613497,65.6441717791411,56.44171779141104,9.202453987730062
E00083400,193,77,28,49,116,106,10,39.89637305699482,14.507772020725387,25.38860103626943,60.10362694300518,54.92227979274611,5.181347150259067
E00083401,238,77,26,51,161,140,21,32.35294117647059,10.92436974789916,21.428571428571427,67.64705882352942,58.82352941176471,8.823529411764707
E00083402,140,38,16,22,102,90,12,27.142857142857142,11.428571428571429,15.714285714285714,72.85714285714285,64.28571428571429,8.571428571428571
E00083403,113,21,9,12,92,85,7,18.58407079646018,7.964601769911504,10.619469026548673,81.41592920353983,75.22123893805309,6.1946902654867255
E00083404,162,48,21,27,114,97,17,29.629629629629626,12.962962962962962,16.666666666666664,70.37037037037037,59.876543209876544,10.493827160493826
E00083406,174,54,22,32,120,102,18,31.03448275862069,12.643678160919542,18.39080459770115,68.96551724137932,58.620689655172406,10.344827586206897
E00083407,217,71,25,46,146,132,14,32.71889400921659,11.52073732718894,21.19815668202765,67.2811059907834,60.82949308755761,6.451612903225806
E00083408,181,56,26,30,125,111,14,30.939226519337016,14.3646408839779,16.574585635359114,69.06077348066299,61.32596685082873,7.734806629834254
E00083409,144,43,16,27,101,89,12,29.86111111111111,11.11111111111111,18.75,70.13888888888889,61.80555555555556,8.333333333333332
E00083410,262,85,34,51,177,151,26,32.44274809160305,12.977099236641221,19.46564885496183,67.55725190839695,57.63358778625955,9.923664122137405
E00083411,126,38,18,20,88,77,11,30.158730158730158,14.285714285714285,15.873015873015872,69.84126984126983,61.111111111111114,8.73015873015873
E00083412,205,71,20,51,134,120,14,34.63414634146341,9.75609756097561,24.878048780487806,65.3658536585366,58.536585365853654,6.829268292682928
E00083413,130,39,6,33,91,82,9,30,4.615384615384616,25.384615384615383,70,63.07692307692307,6.923076923076923
E00166679,204,58,27,31,146,137,9,28.431372549019606,13.23529411764706,15.196078431372548,71.56862745098039,67.15686274509804,4.411764705882353
E00166680,311,76,27,49,235,212,23,24.437299035369776,8.681672025723474,15.755627009646304,75.56270096463022,68.16720257234726,7.395498392282958
E00166681,125,28,8,20,97,83,14,22.400000000000002,6.4,16,77.60000000000001,66.4,11.200000000000001
E00166682,279,66,29,37,213,190,23,23.655913978494624,10.39426523297491,13.261648745519713,76.34408602150538,68.10035842293907,8.24372759856631
E00166683,92,2,0,2,90,83,7,2.1739130434782608,0,2.1739130434782608,97.82608695652173,90.21739130434783,7.608695652173914
E00166684,102,15,5,10,87,83,4,14.705882352941178,4.901960784313726,9.803921568627452,85.29411764705883,81.37254901960785,3.9215686274509802
E00166685,111,29,17,12,82,72,10,26.126126126126124,15.315315315315313,10.81081081081081,73.87387387387388,64.86486486486487,9.00900900900901
E00166686,115,39,12,27,76,68,8,33.91304347826087,10.434782608695652,23.47826086956522,66.08695652173913,59.130434782608695,6.956521739130435
E00166687,147,42,19,23,105,94,11,28.57142857142857,12.925170068027212,15.646258503401361,71.42857142857143,63.94557823129252,7.482993197278912
E00166688,179,64,29,35,115,105,10,35.754189944134076,16.201117318435752,19.553072625698324,64.24581005586593,58.659217877094974,5.58659217877095
E00166690,299,56,24,32,243,225,18,18.729096989966553,8.02675585284281,10.702341137123746,81.27090301003345,75.25083612040135,6.0200668896321075
E00166691,176,67,28,39,109,94,15,38.06818181818182,15.909090909090908,22.15909090909091,61.93181818181818,53.40909090909091,8.522727272727272
E00166692,214,46,20,26,168,156,12,21.49532710280374,9.345794392523365,12.149532710280374,78.50467289719626,72.89719626168224,5.607476635514018
E00166693,105,34,13,21,71,63,8,32.38095238095238,12.380952380952381,20,67.61904761904762,60,7.6190476190476195
E00166694,64,17,4,13,47,42,5,26.5625,6.25,20.3125,73.4375,65.625,7.8125
E00166695,177,49,27,22,128,102,26,27.683615819209038,15.254237288135593,12.429378531073446,72.31638418079096,57.6271186440678,14.689265536723164
E00166696,163,57,18,39,106,93,13,34.96932515337423,11.042944785276074,23.92638036809816,65.03067484662577,57.05521472392638,7.975460122699387
E00166697,174,61,25,36,113,98,15,35.05747126436782,14.367816091954023,20.689655172413794,64.9425287356322,56.32183908045977,8.620689655172415
E00166699,120,47,20,27,73,59,14,39.166666666666664,16.666666666666664,22.5,60.83333333333333,49.166666666666664,11.666666666666666
E00166700,104,23,8,15,81,70,11,22.115384615384613,7.6923076923076925,14.423076923076922,77.88461538461539,67.3076923076923,10.576923076923077
E00166701,166,34,21,13,132,117,15,20.481927710843372,12.650602409638553,7.83132530120482,79.51807228915662,70.48192771084338,9.036144578313253
E00166702,201,41,23,18,160,134,26,20.398009950248756,11.442786069651742,8.955223880597014,79.60199004975125,66.66666666666666,12.935323383084576
E00166703,197,62,21,41,135,120,15,31.472081218274113,10.65989847715736,20.812182741116754,68.52791878172589,60.913705583756354,7.614213197969544
E00166704,226,62,19,43,164,146,18,27.43362831858407,8.4070796460177,19.02654867256637,72.56637168141593,64.60176991150442,7.964601769911504
E00166705,196,63,18,45,133,109,24,32.142857142857146,9.183673469387756,22.95918367346939,67.85714285714286,55.61224489795919,12.244897959183673
E00166706,126,44,16,28,82,74,8,34.92063492063492,12.698412698412698,22.22222222222222,65.07936507936508,58.730158730158735,6.349206349206349
E00166708,163,59,29,30,104,86,18,36.19631901840491,17.791411042944784,18.404907975460123,63.80368098159509,52.760736196319016,11.042944785276074
E00166709,175,52,16,36,123,108,15,29.714285714285715,9.142857142857142,20.57142857142857,70.28571428571428,61.71428571428571,8.571428571428571
E00166710,145,50,19,31,95,82,13,34.48275862068966,13.10344827586207,21.379310344827587,65.51724137931035,56.55172413793104,8.96551724137931
E00166711,165,44,15,29,121,111,10,26.666666666666668,9.090909090909092,17.575757575757574,73.33333333333333,67.27272727272727,6.0606060606060606
E00166712,139,41,2,39,98,90,8,29.496402877697843,1.4388489208633095,28.05755395683453,70.50359712230215,64.74820143884892,5.755395683453238
E00166714,128,20,8,12,108,98,10,15.625,6.25,9.375,84.375,76.5625,7.8125
E00166715,167,56,18,38,111,94,17,33.532934131736525,10.778443113772456,22.75449101796407,66.46706586826348,56.287425149700596,10.179640718562874
E00166716,166,54,20,34,112,92,20,32.53012048192771,12.048192771084338,20.481927710843372,67.46987951807229,55.42168674698795,12.048192771084338
E00166717,265,59,21,38,206,172,34,22.264150943396228,7.9245283018867925,14.339622641509434,77.73584905660378,64.90566037735849,12.830188679245284
E00166718,266,73,27,46,193,159,34,27.44360902255639,10.150375939849624,17.293233082706767,72.55639097744361,59.77443609022557,12.781954887218044
E00166719,158,44,15,29,114,93,21,27.848101265822784,9.49367088607595,18.354430379746837,72.15189873417721,58.86075949367089,13.291139240506327
E00166720,97,18,3,15,79,69,10,18.556701030927837,3.0927835051546393,15.463917525773196,81.44329896907216,71.1340206185567,10.309278350515463
E00188339,261,69,26,43,192,176,16,26.436781609195403,9.961685823754788,16.47509578544061,73.5632183908046,67.43295019157088,6.130268199233716
E00188340,224,60,19,41,164,148,16,26.785714285714285,8.482142857142858,18.303571428571427,73.21428571428571,66.07142857142857,7.142857142857142
E00188348,88,30,7,23,58,56,2,34.090909090909086,7.954545454545454,26.136363636363637,65.9090909090909,63.63636363636363,2.272727272727273
E00188353,198,31,6,25,167,155,12,15.656565656565657,3.0303030303030303,12.626262626262626,84.34343434343434,78.28282828282829,6.0606060606060606
E00188356,227,63,17,46,164,148,16,27.75330396475771,7.488986784140969,20.26431718061674,72.24669603524228,65.19823788546255,7.048458149779736
E00188358,131,40,18,22,91,77,14,30.53435114503817,13.740458015267176,16.793893129770993,69.46564885496184,58.778625954198475,10.687022900763358
E00188359,221,48,16,32,173,153,20,21.71945701357466,7.239819004524888,14.479638009049776,78.28054298642535,69.23076923076923,9.049773755656108
E00188361,191,52,19,33,139,127,12,27.225130890052355,9.947643979057592,17.277486910994764,72.77486910994764,66.49214659685863,6.282722513089005
E00188367,152,70,24,46,82,76,6,46.05263157894737,15.789473684210526,30.263157894736842,53.94736842105263,50,3.9473684210526314
E00188373,100,33,22,11,67,59,8,33,22,11,67,59,8
E00188375,160,44,18,26,116,104,12,27.500000000000004,11.25,16.25,72.5,65,7.5
E00188380,175,51,14,37,124,109,15,29.142857142857142,8,21.142857142857142,70.85714285714285,62.28571428571429,8.571428571428571
E00188398,104,20,6,14,84,76,8,19.230769230769234,5.769230769230769,13.461538461538462,80.76923076923077,73.07692307692307,7.6923076923076925
E00188409,160,49,16,33,111,93,18,30.625000000000004,10,20.625,69.375,58.12500000000001,11.25
E00188410,215,30,9,21,185,163,22,13.953488372093023,4.186046511627907,9.767441860465116,86.04651162790698,75.81395348837209,10.232558139534884
E00188411,157,53,23,30,104,91,13,33.75796178343949,14.64968152866242,19.10828025477707,66.2420382165605,57.961783439490446,8.280254777070063
E00188413,118,38,11,27,80,69,11,32.20338983050847,9.322033898305085,22.88135593220339,67.79661016949152,58.47457627118644,9.322033898305085
E00188414,115,37,9,28,78,68,10,32.17391304347826,7.82608695652174,24.347826086956523,67.82608695652173,59.130434782608695,8.695652173913043
E00188416,216,44,16,28,172,157,15,20.37037037037037,7.4074074074074066,12.962962962962962,79.62962962962963,72.68518518518519,6.944444444444445
E00188421,146,55,18,37,91,81,10,37.67123287671233,12.32876712328767,25.34246575342466,62.328767123287676,55.47945205479452,6.8493150684931505
E00188423,118,41,17,24,77,70,7,34.74576271186441,14.40677966101695,20.33898305084746,65.2542372881356,59.32203389830508,5.932203389830509
E00188429,160,26,10,16,134,122,12,16.25,6.25,10,83.75,76.25,7.5
E00188431,207,41,11,30,166,153,13,19.806763285024154,5.314009661835748,14.492753623188406,80.19323671497585,73.91304347826086,6.280193236714976
E00188432,105,34,9,25,71,58,13,32.38095238095238,8.571428571428571,23.809523809523807,67.61904761904762,55.23809523809524,12.380952380952381
E00188435,107,36,10,26,71,65,6,33.64485981308411,9.345794392523365,24.299065420560748,66.35514018691589,60.747663551401864,5.607476635514018
E00188439,146,59,13,46,87,78,9,40.41095890410959,8.904109589041095,31.506849315068493,59.589041095890416,53.42465753424658,6.164383561643835
E00188441,227,63,22,41,164,152,12,27.75330396475771,9.691629955947137,18.06167400881057,72.24669603524228,66.96035242290749,5.286343612334802
E00188452,192,56,17,39,136,124,12,29.166666666666668,8.854166666666668,20.3125,70.83333333333334,64.58333333333334,6.25
E00188453,154,41,12,29,113,96,17,26.623376623376622,7.792207792207792,18.83116883116883,73.37662337662337,62.33766233766234,11.03896103896104
E00188454,235,67,19,48,168,152,16,28.510638297872344,8.085106382978724,20.425531914893615,71.48936170212767,64.68085106382979,6.808510638297872
E00188456,193,64,21,43,129,114,15,33.160621761658035,10.880829015544041,22.279792746113987,66.83937823834198,59.067357512953365,7.772020725388601
E00188457,181,63,28,35,118,106,12,34.806629834254146,15.469613259668508,19.337016574585636,65.19337016574586,58.5635359116022,6.629834254143646
E00188460,237,51,13,38,186,164,22,21.518987341772153,5.485232067510549,16.033755274261605,78.48101265822784,69.19831223628692,9.282700421940929
E00188471,133,48,15,33,85,76,9,36.09022556390977,11.278195488721805,24.81203007518797,63.90977443609023,57.14285714285714,6.7669172932330826
E00188480,153,41,16,25,112,102,10,26.797385620915033,10.457516339869281,16.33986928104575,73.20261437908496,66.66666666666666,6.535947712418301
E00188483,118,36,13,23,82,62,20,30.508474576271187,11.016949152542372,19.491525423728813,69.49152542372882,52.54237288135594,16.94915254237288
E00188485,82,23,7,16,59,58,1,28.04878048780488,8.536585365853659,19.51219512195122,71.95121951219512,70.73170731707317,1.2195121951219512
E00188489,145,42,15,27,103,94,9,28.965517241379313,10.344827586206897,18.620689655172416,71.03448275862068,64.82758620689654,6.206896551724138
E00188495,145,28,6,22,117,95,22,19.310344827586206,4.137931034482759,15.172413793103448,80.6896551724138,65.51724137931035,15.172413793103448
E00188496,226,53,20,33,173,149,24,23.451327433628318,8.849557522123893,14.601769911504425,76.54867256637168,65.929203539823,10.619469026548673
E00188499,142,31,16,15,111,98,13,21.830985915492956,11.267605633802818,10.56338028169014,78.16901408450704,69.01408450704226,9.15492957746479
E00188504,169,33,7,26,136,119,17,19.526627218934912,4.142011834319527,15.384615384615385,80.4733727810651,70.41420118343196,10.059171597633137
E00188509,177,49,12,37,128,108,20,27.683615819209038,6.779661016949152,20.903954802259886,72.31638418079096,61.016949152542374,11.299435028248588
E00188510,239,52,16,36,187,177,10,21.75732217573222,6.694560669456067,15.062761506276152,78.24267782426779,74.05857740585773,4.184100418410042
E00188514,165,28,10,18,137,128,9,16.969696969696972,6.0606060606060606,10.909090909090908,83.03030303030303,77.57575757575758,5.454545454545454
E00188520,248,62,24,38,186,169,17,25,9.67741935483871,15.32258064516129,75,68.14516129032258,6.854838709677419
E00188522,158,38,12,26,120,98,22,24.050632911392405,7.59493670886076,16.455696202531644,75.9493670886076,62.0253164556962,13.924050632911392
E00188528,100,30,13,17,70,63,7,30,13,17,70,63,7.000000000000001
E00188535,312,55,26,29,257,235,22,17.628205128205128,8.333333333333332,9.294871794871796,82.37179487179486,75.32051282051282,7.051282051282051
E00188542,201,51,23,28,150,127,23,25.37313432835821,11.442786069651742,13.930348258706468,74.6268656716418,63.18407960199005,11.442786069651742
E00188543,72,17,6,11,55,46,9,23.61111111111111,8.333333333333332,15.277777777777779,76.38888888888889,63.888888888888886,12.5
E00188544,106,23,10,13,83,76,7,21.69811320754717,9.433962264150944,12.264150943396226,78.30188679245283,71.69811320754717,6.60377358490566
E00188545,109,34,15,19,75,67,8,31.19266055045872,13.761467889908257,17.431192660550458,68.80733944954129,61.46788990825688,7.339449541284404
E00188546,244,62,24,38,182,156,26,25.40983606557377,9.836065573770492,15.573770491803279,74.59016393442623,63.934426229508205,10.655737704918032
