OA,ts0380001,ts0380002,ts0380003,ts0380004,ts0380005,ts0380006,ts0380007,ts0380002_PCT,ts0380003_PCT,ts0380004_PCT,ts0380005_PCT,ts0380006_PCT,ts0380007_PCT
E00139175,264,48,19,29,216,25,191,18.181818181818183,7.196969696969697,10.984848484848484,81.81818181818183,9.469696969696969,72.34848484848484
E00139176,179,36,12,24,143,16,127,20.11173184357542,6.70391061452514,13.40782122905028,79.88826815642457,8.938547486033519,70.94972067039106
E00139178,344,68,19,49,276,33,243,19.767441860465116,5.523255813953488,14.244186046511627,80.23255813953489,9.593023255813954,70.63953488372093
E00139179,362,43,14,29,319,24,295,11.878453038674033,3.867403314917127,8.011049723756907,88.12154696132598,6.629834254143646,81.49171270718232
E00139180,337,69,24,45,268,36,232,20.474777448071215,7.121661721068249,13.353115727002967,79.52522255192879,10.682492581602373,68.84272997032642
E00139181,339,88,45,43,251,25,226,25.958702064896755,13.274336283185843,12.684365781710916,74.04129793510324,7.374631268436578,66.66666666666666
E00139182,273,33,10,23,240,20,220,12.087912087912088,3.6630036630036633,8.424908424908425,87.91208791208791,7.326007326007327,80.58608058608058
E00139183,276,44,20,24,232,21,211,15.942028985507244,7.246376811594203,8.695652173913043,84.05797101449275,7.608695652173914,76.44927536231883
E00139184,221,42,14,28,179,14,165,19.004524886877828,6.334841628959276,12.669683257918551,80.99547511312217,6.334841628959276,74.6606334841629
E00139185,219,52,16,36,167,21,146,23.74429223744292,7.30593607305936,16.43835616438356,76.25570776255708,9.58904109589041,66.66666666666666
E00139186,245,36,9,27,209,23,186,14.69387755102041,3.6734693877551026,11.020408163265307,85.3061224489796,9.387755102040817,75.91836734693878
E00139187,245,80,33,47,165,13,152,32.6530612244898,13.46938775510204,19.183673469387756,67.3469387755102,5.3061224489795915,62.04081632653061
E00139188,370,56,12,44,314,47,267,15.135135135135137,3.2432432432432434,11.891891891891893,84.86486486486487,12.702702702702704,72.16216216216216
E00139189,339,62,22,40,277,29,248,18.289085545722713,6.489675516224189,11.799410029498524,81.71091445427729,8.55457227138643,73.15634218289085
E00139190,228,63,35,28,165,19,146,27.631578947368425,15.350877192982457,12.280701754385964,72.36842105263158,8.333333333333332,64.03508771929825
E00139191,231,41,14,27,190,17,173,17.74891774891775,6.0606060606060606,11.688311688311687,82.25108225108225,7.35930735930736,74.89177489177489
E00139192,249,43,12,31,206,24,182,17.269076305220885,4.819277108433735,12.449799196787147,82.73092369477911,9.63855421686747,73.09236947791165
E00139193,274,62,26,36,212,20,192,22.62773722627737,9.48905109489051,13.138686131386862,77.37226277372264,7.2992700729927,70.07299270072993
E00139194,316,70,23,47,246,23,223,22.151898734177212,7.2784810126582276,14.873417721518987,77.84810126582279,7.2784810126582276,70.56962025316456
E00139195,376,119,64,55,257,28,229,31.648936170212767,17.02127659574468,14.627659574468085,68.35106382978722,7.446808510638298,60.90425531914894
E00139196,363,78,36,42,285,13,272,21.487603305785125,9.917355371900827,11.570247933884298,78.51239669421489,3.581267217630854,74.93112947658402
E00139197,346,66,27,39,280,26,254,19.07514450867052,7.803468208092486,11.271676300578035,80.92485549132948,7.514450867052023,73.41040462427746
E00139198,316,47,21,26,269,21,248,14.873417721518987,6.6455696202531636,8.227848101265822,85.12658227848101,6.6455696202531636,78.48101265822784
E00139199,274,94,42,52,180,20,160,34.306569343065696,15.328467153284672,18.97810218978102,65.69343065693431,7.2992700729927,58.3941605839416
E00139200,191,50,27,23,141,12,129,26.17801047120419,14.136125654450263,12.041884816753926,73.82198952879581,6.282722513089005,67.5392670157068
E00139201,259,78,42,36,181,24,157,30.115830115830118,16.216216216216218,13.8996138996139,69.88416988416989,9.266409266409266,60.61776061776062
E00139202,262,61,21,40,201,24,177,23.282442748091604,8.015267175572518,15.267175572519085,76.7175572519084,9.16030534351145,67.55725190839695
E00139203,209,36,6,30,173,19,154,17.22488038277512,2.8708133971291865,14.354066985645932,82.77511961722487,9.090909090909092,73.68421052631578
E00139204,287,78,35,43,209,26,183,27.177700348432055,12.195121951219512,14.982578397212542,72.82229965156795,9.059233449477352,63.76306620209059
E00139205,275,25,11,14,250,30,220,9.090909090909092,4,5.090909090909091,90.9090909090909,10.909090909090908,80
E00139206,245,37,8,29,208,26,182,15.10204081632653,3.2653061224489797,11.83673469387755,84.89795918367346,10.612244897959183,74.28571428571429
E00139207,459,81,22,59,378,50,328,17.647058823529413,4.793028322440087,12.854030501089325,82.35294117647058,10.893246187363834,71.45969498910677
E00139208,401,55,16,39,346,44,302,13.715710723192021,3.99002493765586,9.72568578553616,86.28428927680798,10.972568578553615,75.31172069825436
E00139209,167,48,16,32,119,13,106,28.74251497005988,9.580838323353294,19.16167664670659,71.25748502994011,7.784431137724551,63.47305389221557
E00139210,222,63,28,35,159,18,141,28.37837837837838,12.612612612612612,15.765765765765765,71.62162162162163,8.108108108108109,63.51351351351351
E00139211,231,44,21,23,187,16,171,19.047619047619047,9.090909090909092,9.956709956709958,80.95238095238095,6.926406926406926,74.02597402597402
E00139212,216,52,27,25,164,17,147,24.074074074074073,12.5,11.574074074074074,75.92592592592592,7.87037037037037,68.05555555555556
E00139213,166,45,20,25,121,15,106,27.10843373493976,12.048192771084338,15.060240963855422,72.89156626506023,9.036144578313253,63.85542168674698
E00139214,183,46,21,25,137,12,125,25.136612021857925,11.475409836065573,13.661202185792352,74.86338797814209,6.557377049180328,68.30601092896174
E00139215,212,50,25,25,162,19,143,23.58490566037736,11.79245283018868,11.79245283018868,76.41509433962264,8.962264150943396,67.45283018867924
E00139216,239,65,28,37,174,19,155,27.19665271966527,11.715481171548117,15.481171548117153,72.80334728033473,7.949790794979079,64.85355648535564
E00139218,425,96,45,51,329,24,305,22.58823529411765,10.588235294117647,12,77.41176470588236,5.647058823529412,71.76470588235294
E00139219,299,88,35,53,211,15,196,29.431438127090303,11.705685618729097,17.725752508361204,70.5685618729097,5.016722408026756,65.55183946488295
E00139220,299,77,48,29,222,24,198,25.75250836120401,16.05351170568562,9.698996655518394,74.24749163879598,8.02675585284281,66.22073578595318
E00139221,273,88,49,39,185,21,164,32.234432234432234,17.94871794871795,14.285714285714285,67.76556776556777,7.6923076923076925,60.07326007326007
E00139222,242,92,58,34,150,10,140,38.01652892561984,23.96694214876033,14.049586776859504,61.98347107438017,4.132231404958678,57.85123966942148
E00139223,231,42,16,26,189,26,163,18.181818181818183,6.926406926406926,11.255411255411255,81.81818181818183,11.255411255411255,70.56277056277057
E00139224,382,94,41,53,288,36,252,24.60732984293194,10.732984293193718,13.874345549738221,75.39267015706807,9.424083769633508,65.96858638743456
E00139225,232,44,17,27,188,23,165,18.96551724137931,7.327586206896551,11.637931034482758,81.03448275862068,9.913793103448276,71.12068965517241
E00139226,244,44,14,30,200,14,186,18.0327868852459,5.737704918032787,12.295081967213115,81.9672131147541,5.737704918032787,76.22950819672131
E00139227,241,61,29,32,180,20,160,25.311203319502074,12.033195020746888,13.278008298755188,74.68879668049793,8.29875518672199,66.39004149377593
E00139228,358,64,24,40,294,44,250,17.877094972067038,6.70391061452514,11.1731843575419,82.12290502793296,12.290502793296088,69.83240223463687
E00139229,222,60,17,43,162,25,137,27.027027027027028,7.657657657657657,19.36936936936937,72.97297297297297,11.26126126126126,61.711711711711715
E00139230,216,43,18,25,173,19,154,19.90740740740741,8.333333333333332,11.574074074074074,80.0925925925926,8.796296296296296,71.29629629629629
E00139231,249,55,24,31,194,22,172,22.08835341365462,9.63855421686747,12.449799196787147,77.91164658634538,8.835341365461847,69.07630522088354
E00139232,182,40,13,27,142,17,125,21.978021978021978,7.142857142857142,14.835164835164836,78.02197802197803,9.340659340659341,68.68131868131869
E00139233,168,37,9,28,131,16,115,22.023809523809522,5.357142857142857,16.666666666666664,77.97619047619048,9.523809523809524,68.45238095238095
E00139234,347,74,22,52,273,41,232,21.32564841498559,6.340057636887608,14.985590778097983,78.6743515850144,11.815561959654179,66.85878962536023
E00139235,183,33,11,22,150,16,134,18.0327868852459,6.0109289617486334,12.021857923497267,81.9672131147541,8.743169398907105,73.224043715847
E00139236,166,50,23,27,116,7,109,30.120481927710845,13.855421686746988,16.265060240963855,69.87951807228916,4.216867469879518,65.66265060240963
E00139237,217,39,10,29,178,25,153,17.972350230414747,4.6082949308755765,13.36405529953917,82.02764976958525,11.52073732718894,70.50691244239631
E00139238,262,48,18,30,214,29,185,18.3206106870229,6.870229007633588,11.450381679389313,81.67938931297711,11.068702290076336,70.61068702290076
E00139239,137,31,10,21,106,9,97,22.62773722627737,7.2992700729927,15.328467153284672,77.37226277372264,6.569343065693431,70.8029197080292
E00139240,182,41,15,26,141,10,131,22.52747252747253,8.241758241758241,14.285714285714285,77.47252747252747,5.4945054945054945,71.97802197802197
E00139241,194,30,11,19,164,10,154,15.463917525773196,5.670103092783505,9.793814432989691,84.5360824742268,5.154639175257731,79.38144329896907
E00139242,337,62,17,45,275,36,239,18.397626112759642,5.044510385756676,13.353115727002967,81.60237388724035,10.682492581602373,70.91988130563797
E00139243,326,56,30,26,270,24,246,17.177914110429448,9.202453987730062,7.975460122699387,82.82208588957054,7.361963190184049,75.4601226993865
E00139244,219,34,11,23,185,21,164,15.52511415525114,5.0228310502283104,10.50228310502283,84.47488584474885,9.58904109589041,74.88584474885845
E00139245,228,61,32,29,167,25,142,26.75438596491228,14.035087719298245,12.719298245614036,73.24561403508771,10.964912280701753,62.28070175438597
E00139246,314,79,25,54,235,24,211,25.159235668789808,7.961783439490445,17.197452229299362,74.84076433121018,7.643312101910828,67.19745222929936
E00139247,519,98,24,74,421,59,362,18.88246628131021,4.624277456647398,14.258188824662813,81.11753371868978,11.368015414258188,69.7495183044316
E00139248,297,34,11,23,263,27,236,11.447811447811448,3.7037037037037033,7.744107744107744,88.55218855218855,9.090909090909092,79.46127946127946
E00139249,270,62,26,36,208,22,186,22.962962962962962,9.62962962962963,13.333333333333334,77.03703703703704,8.148148148148149,68.88888888888889
E00139250,366,44,10,34,322,22,300,12.021857923497267,2.73224043715847,9.289617486338798,87.97814207650273,6.0109289617486334,81.9672131147541
E00139251,389,58,21,37,331,34,297,14.910025706940875,5.3984575835475574,9.511568123393316,85.08997429305913,8.740359897172237,76.34961439588689
E00139252,418,60,27,33,358,34,324,14.354066985645932,6.4593301435406705,7.894736842105263,85.64593301435407,8.133971291866029,77.51196172248804
E00139253,493,75,21,54,418,40,378,15.212981744421908,4.259634888438134,10.953346855983773,84.78701825557809,8.113590263691684,76.67342799188641
E00139254,362,74,23,51,288,34,254,20.441988950276244,6.353591160220995,14.088397790055248,79.55801104972376,9.392265193370166,70.1657458563536
E00139255,102,17,3,14,85,9,76,16.666666666666664,2.941176470588235,13.725490196078432,83.33333333333334,8.823529411764707,74.50980392156863
E00139256,155,16,6,10,139,22,117,10.32258064516129,3.870967741935484,6.451612903225806,89.6774193548387,14.193548387096774,75.48387096774194
E00139257,280,54,22,32,226,34,192,19.28571428571429,7.857142857142857,11.428571428571429,80.71428571428572,12.142857142857142,68.57142857142857
E00139258,219,55,22,33,164,12,152,25.11415525114155,10.045662100456621,15.068493150684931,74.88584474885845,5.47945205479452,69.40639269406392
E00139259,474,80,31,49,394,36,358,16.877637130801688,6.5400843881856545,10.337552742616033,83.12236286919831,7.59493670886076,75.52742616033755
E00139260,292,44,18,26,248,23,225,15.068493150684931,6.164383561643835,8.904109589041095,84.93150684931507,7.876712328767123,77.05479452054794
E00139261,204,57,19,38,147,18,129,27.941176470588236,9.313725490196079,18.627450980392158,72.05882352941177,8.823529411764707,63.23529411764706
E00139262,309,59,21,38,250,28,222,19.093851132686083,6.796116504854369,12.297734627831716,80.90614886731392,9.06148867313916,71.84466019417476
E00139263,245,53,21,32,192,16,176,21.63265306122449,8.571428571428571,13.061224489795919,78.36734693877551,6.530612244897959,71.83673469387755
E00139264,141,23,6,17,118,10,108,16.312056737588655,4.25531914893617,12.056737588652481,83.68794326241135,7.092198581560284,76.59574468085107
E00139265,103,17,5,12,86,13,73,16.50485436893204,4.854368932038835,11.650485436893204,83.49514563106796,12.62135922330097,70.87378640776699
E00139266,235,42,17,25,193,25,168,17.872340425531917,7.234042553191489,10.638297872340425,82.12765957446808,10.638297872340425,71.48936170212767
E00139267,203,54,18,36,149,24,125,26.60098522167488,8.866995073891626,17.733990147783253,73.39901477832512,11.822660098522167,61.57635467980296
E00139268,186,38,15,23,148,13,135,20.43010752688172,8.064516129032258,12.365591397849462,79.56989247311827,6.989247311827956,72.58064516129032
E00139269,335,55,14,41,280,32,248,16.417910447761194,4.179104477611941,12.238805970149254,83.5820895522388,9.55223880597015,74.02985074626865
E00139270,461,87,32,55,374,50,324,18.872017353579178,6.941431670281996,11.930585683297181,81.12798264642083,10.84598698481562,70.28199566160521
E00139271,294,51,18,33,243,20,223,17.346938775510203,6.122448979591836,11.224489795918368,82.6530612244898,6.802721088435375,75.85034013605441
E00139272,285,45,11,34,240,24,216,15.789473684210526,3.8596491228070176,11.929824561403509,84.21052631578947,8.421052631578947,75.78947368421053
E00139273,345,49,18,31,296,25,271,14.202898550724639,5.217391304347826,8.985507246376812,85.79710144927536,7.246376811594203,78.55072463768116
E00139274,327,68,31,37,259,32,227,20.795107033639145,9.480122324159021,11.314984709480122,79.20489296636084,9.785932721712538,69.41896024464832
E00139275,258,59,29,30,199,20,179,22.868217054263564,11.24031007751938,11.627906976744185,77.13178294573643,7.751937984496124,69.37984496124031
E00139276,285,53,27,26,232,20,212,18.596491228070175,9.473684210526317,9.12280701754386,81.40350877192982,7.017543859649122,74.3859649122807
E00139278,262,51,18,33,211,27,184,19.46564885496183,6.870229007633588,12.595419847328243,80.53435114503816,10.305343511450381,70.22900763358778
E00139279,337,55,21,34,282,32,250,16.320474777448073,6.231454005934718,10.089020771513352,83.67952522255193,9.495548961424333,74.1839762611276
E00139280,261,47,21,26,214,33,181,18.007662835249043,8.045977011494253,9.961685823754788,81.99233716475096,12.643678160919542,69.34865900383141
E00139281,302,65,29,36,237,25,212,21.52317880794702,9.602649006622517,11.920529801324504,78.47682119205298,8.27814569536424,70.19867549668875
E00139282,306,79,26,53,227,33,194,25.816993464052292,8.49673202614379,17.320261437908496,74.18300653594771,10.784313725490197,63.39869281045751
E00139283,231,42,19,23,189,35,154,18.181818181818183,8.225108225108226,9.956709956709958,81.81818181818183,15.151515151515152,66.66666666666666
E00139284,341,65,32,33,276,35,241,19.06158357771261,9.3841642228739,9.67741935483871,80.93841642228739,10.263929618768328,70.67448680351906
E00139285,304,84,37,47,220,33,187,27.631578947368425,12.171052631578947,15.460526315789474,72.36842105263158,10.855263157894738,61.51315789473685
E00139286,357,46,16,30,311,29,282,12.885154061624648,4.481792717086835,8.403361344537815,87.11484593837535,8.123249299719888,78.99159663865547
E00139287,231,50,18,32,181,14,167,21.645021645021643,7.792207792207792,13.852813852813853,78.35497835497836,6.0606060606060606,72.2943722943723
E00139288,338,90,32,58,248,33,215,26.627218934911244,9.467455621301776,17.159763313609467,73.37278106508876,9.763313609467456,63.609467455621306
E00139289,201,42,19,23,159,21,138,20.8955223880597,9.45273631840796,11.442786069651742,79.1044776119403,10.44776119402985,68.65671641791045
E00139290,281,46,7,39,235,20,215,16.370106761565836,2.491103202846975,13.87900355871886,83.62989323843416,7.11743772241993,76.51245551601423
E00139291,232,48,18,30,184,24,160,20.689655172413794,7.758620689655173,12.931034482758621,79.3103448275862,10.344827586206897,68.96551724137932
E00139292,205,23,6,17,182,17,165,11.219512195121952,2.9268292682926833,8.292682926829269,88.78048780487805,8.292682926829269,80.48780487804879
E00139293,212,44,19,25,168,20,148,20.754716981132077,8.962264150943396,11.79245283018868,79.24528301886792,9.433962264150944,69.81132075471697
E00139294,112,25,11,14,87,9,78,22.321428571428573,9.821428571428571,12.5,77.67857142857143,8.035714285714286,69.64285714285714
E00139295,118,20,10,10,98,6,92,16.94915254237288,8.47457627118644,8.47457627118644,83.05084745762711,5.084745762711865,77.96610169491525
E00139296,189,39,15,24,150,17,133,20.634920634920633,7.936507936507936,12.698412698412698,79.36507936507937,8.994708994708994,70.37037037037037
E00139297,146,28,9,19,118,16,102,19.17808219178082,6.164383561643835,13.013698630136986,80.82191780821918,10.95890410958904,69.86301369863014
E00139298,112,25,11,14,87,14,73,22.321428571428573,9.821428571428571,12.5,77.67857142857143,12.5,65.17857142857143
E00139299,292,53,15,38,239,31,208,18.15068493150685,5.136986301369863,13.013698630136986,81.84931506849315,10.616438356164384,71.23287671232876
E00139300,223,57,22,35,166,15,151,25.56053811659193,9.865470852017937,15.695067264573993,74.43946188340807,6.726457399103139,67.71300448430493
E00139301,338,66,28,38,272,26,246,19.526627218934912,8.284023668639055,11.242603550295858,80.4733727810651,7.6923076923076925,72.7810650887574
E00139302,502,98,44,54,404,39,365,19.52191235059761,8.764940239043826,10.756972111553784,80.47808764940238,7.768924302788845,72.70916334661355
E00139303,251,56,20,36,195,22,173,22.31075697211155,7.968127490039841,14.342629482071715,77.68924302788844,8.764940239043826,68.92430278884463
E00139304,146,14,2,12,132,12,120,9.58904109589041,1.36986301369863,8.21917808219178,90.41095890410958,8.21917808219178,82.1917808219178
E00139305,376,69,29,40,307,25,282,18.351063829787233,7.712765957446808,10.638297872340425,81.64893617021278,6.648936170212766,75
E00139306,264,39,10,29,225,23,202,14.772727272727273,3.787878787878788,10.984848484848484,85.22727272727273,8.712121212121213,76.51515151515152
E00139307,132,17,6,11,115,12,103,12.878787878787879,4.545454545454546,8.333333333333332,87.12121212121212,9.090909090909092,78.03030303030303
E00139308,130,27,11,16,103,8,95,20.76923076923077,8.461538461538462,12.307692307692308,79.23076923076923,6.153846153846154,73.07692307692307
E00139309,320,60,23,37,260,26,234,18.75,7.187499999999999,11.5625,81.25,8.125,73.125
E00139310,283,62,32,30,221,22,199,21.908127208480565,11.307420494699647,10.60070671378092,78.09187279151944,7.773851590106007,70.31802120141343
E00139311,275,60,21,39,215,18,197,21.818181818181817,7.636363636363637,14.181818181818182,78.18181818181819,6.545454545454546,71.63636363636363
E00139312,226,44,16,28,182,8,174,19.469026548672566,7.079646017699115,12.389380530973451,80.53097345132744,3.5398230088495577,76.99115044247787
E00139313,228,38,19,19,190,4,186,16.666666666666664,8.333333333333332,8.333333333333332,83.33333333333334,1.7543859649122806,81.57894736842105
E00139314,330,84,65,19,246,17,229,25.454545454545453,19.696969696969695,5.757575757575758,74.54545454545455,5.151515151515151,69.39393939393939
E00139315,305,82,34,48,223,20,203,26.885245901639344,11.147540983606557,15.737704918032788,73.11475409836066,6.557377049180328,66.55737704918033
E00139316,320,51,16,35,269,25,244,15.937499999999998,5,10.9375,84.0625,7.8125,76.25
E00139317,274,39,16,23,235,28,207,14.233576642335766,5.839416058394161,8.394160583941606,85.76642335766424,10.218978102189782,75.54744525547446
E00139318,114,25,12,13,89,14,75,21.929824561403507,10.526315789473683,11.403508771929824,78.0701754385965,12.280701754385964,65.78947368421053
E00139319,209,57,22,35,152,18,134,27.27272727272727,10.526315789473683,16.74641148325359,72.72727272727273,8.61244019138756,64.11483253588517
E00139320,221,64,27,37,157,15,142,28.95927601809955,12.217194570135746,16.7420814479638,71.04072398190046,6.787330316742081,64.25339366515837
E00139321,257,88,32,56,169,12,157,34.24124513618677,12.45136186770428,21.78988326848249,65.75875486381322,4.669260700389105,61.08949416342413
E00139322,277,63,25,38,214,25,189,22.743682310469314,9.025270758122744,13.718411552346572,77.25631768953069,9.025270758122744,68.23104693140795
E00139323,286,66,27,39,220,19,201,23.076923076923077,9.44055944055944,13.636363636363635,76.92307692307693,6.643356643356643,70.27972027972028
E00139324,414,89,52,37,325,29,296,21.497584541062803,12.560386473429952,8.937198067632849,78.50241545893721,7.004830917874397,71.49758454106279
E00139326,316,59,22,37,257,31,226,18.670886075949365,6.962025316455696,11.708860759493671,81.32911392405063,9.81012658227848,71.51898734177216
E00139328,212,47,13,34,165,12,153,22.169811320754718,6.132075471698113,16.037735849056602,77.83018867924528,5.660377358490567,72.16981132075472
E00139330,225,46,16,30,179,22,157,20.444444444444446,7.111111111111111,13.333333333333334,79.55555555555556,9.777777777777779,69.77777777777779
E00139331,259,45,12,33,214,21,193,17.374517374517374,4.633204633204633,12.741312741312742,82.62548262548263,8.108108108108109,74.5173745173745
E00139332,352,93,53,40,259,26,233,26.420454545454547,15.056818181818182,11.363636363636363,73.57954545454545,7.386363636363637,66.19318181818183
E00139333,332,54,22,32,278,21,257,16.265060240963855,6.626506024096386,9.63855421686747,83.73493975903614,6.325301204819277,77.40963855421687
E00139334,279,58,27,31,221,21,200,20.78853046594982,9.67741935483871,11.11111111111111,79.21146953405018,7.526881720430108,71.68458781362007
E00139335,217,53,32,21,164,18,146,24.42396313364055,14.746543778801843,9.67741935483871,75.57603686635944,8.294930875576037,67.2811059907834
E00139336,150,35,12,23,115,5,110,23.333333333333332,8,15.333333333333332,76.66666666666667,3.3333333333333335,73.33333333333333
E00139337,315,66,19,47,249,28,221,20.952380952380953,6.031746031746032,14.920634920634921,79.04761904761905,8.88888888888889,70.15873015873015
E00139338,333,81,35,46,252,37,215,24.324324324324326,10.51051051051051,13.813813813813812,75.67567567567568,11.11111111111111,64.56456456456456
E00139339,307,47,15,32,260,18,242,15.309446254071663,4.88599348534202,10.423452768729643,84.69055374592834,5.863192182410423,78.82736156351791
E00139340,350,53,18,35,297,30,267,15.142857142857144,5.142857142857142,10,84.85714285714285,8.571428571428571,76.28571428571429
E00139341,221,47,11,36,174,18,156,21.266968325791854,4.97737556561086,16.289592760180994,78.73303167420815,8.144796380090497,70.58823529411765
E00139342,402,60,25,35,342,27,315,14.925373134328357,6.218905472636816,8.706467661691542,85.07462686567165,6.7164179104477615,78.35820895522389
E00139343,176,41,18,23,135,18,117,23.295454545454543,10.227272727272728,13.068181818181818,76.70454545454545,10.227272727272728,66.47727272727273
E00139345,364,76,33,43,288,33,255,20.87912087912088,9.065934065934066,11.813186813186812,79.12087912087912,9.065934065934066,70.05494505494505
E00139346,162,34,10,24,128,19,109,20.98765432098765,6.172839506172839,14.814814814814813,79.01234567901234,11.728395061728394,67.28395061728395
E00139347,102,20,11,9,82,4,78,19.607843137254903,10.784313725490197,8.823529411764707,80.3921568627451,3.9215686274509802,76.47058823529412
E00139348,326,71,39,32,255,31,224,21.779141104294478,11.96319018404908,9.815950920245399,78.22085889570552,9.509202453987731,68.71165644171779
E00139349,195,33,13,20,162,17,145,16.923076923076923,6.666666666666667,10.256410256410255,83.07692307692308,8.717948717948717,74.35897435897436
E00139350,387,71,28,43,316,32,284,18.34625322997416,7.235142118863049,11.11111111111111,81.65374677002583,8.2687338501292,73.38501291989664
E00139351,358,93,51,42,265,34,231,25.977653631284912,14.24581005586592,11.731843575418994,74.02234636871509,9.497206703910614,64.52513966480447
E00139352,252,57,20,37,195,17,178,22.61904761904762,7.936507936507936,14.682539682539684,77.38095238095238,6.746031746031746,70.63492063492063
E00139353,122,33,15,18,89,7,82,27.049180327868854,12.295081967213115,14.754098360655737,72.95081967213115,5.737704918032787,67.21311475409836
E00139354,204,65,32,33,139,8,131,31.862745098039213,15.686274509803921,16.176470588235293,68.13725490196079,3.9215686274509802,64.2156862745098
E00139355,218,37,9,28,181,20,161,16.972477064220186,4.128440366972478,12.844036697247708,83.02752293577981,9.174311926605505,73.85321100917432
E00139356,176,38,12,26,138,7,131,21.59090909090909,6.8181818181818175,14.772727272727273,78.4090909090909,3.977272727272727,74.43181818181817
E00139357,240,42,16,26,198,13,185,17.5,6.666666666666667,10.833333333333334,82.5,5.416666666666667,77.08333333333334
E00139358,281,55,15,40,226,31,195,19.572953736654807,5.338078291814947,14.23487544483986,80.42704626334519,11.032028469750891,69.3950177935943
E00139359,354,65,24,41,289,26,263,18.361581920903955,6.779661016949152,11.581920903954803,81.63841807909604,7.344632768361582,74.29378531073446
E00139360,208,55,22,33,153,19,134,26.442307692307693,10.576923076923077,15.865384615384615,73.5576923076923,9.134615384615383,64.42307692307693
E00139361,260,45,26,19,215,23,192,17.307692307692307,10,7.307692307692308,82.6923076923077,8.846153846153847,73.84615384615385
E00139362,343,90,36,54,253,15,238,26.239067055393583,10.495626822157435,15.743440233236154,73.76093294460642,4.373177842565598,69.38775510204081
E00139363,317,64,18,46,253,11,242,20.189274447949526,5.678233438485805,14.511041009463725,79.81072555205047,3.4700315457413247,76.34069400630915
E00139364,312,81,43,38,231,19,212,25.961538461538463,13.782051282051283,12.179487179487179,74.03846153846155,6.089743589743589,67.94871794871796
E00139365,277,50,24,26,227,21,206,18.050541516245488,8.664259927797833,9.386281588447654,81.94945848375451,7.581227436823104,74.36823104693141
E00139366,325,84,35,49,241,17,224,25.846153846153847,10.76923076923077,15.076923076923077,74.15384615384616,5.230769230769231,68.92307692307692
E00139367,392,76,33,43,316,26,290,19.387755102040817,8.418367346938775,10.96938775510204,80.61224489795919,6.63265306122449,73.9795918367347
E00139368,225,52,23,29,173,24,149,23.11111111111111,10.222222222222223,12.88888888888889,76.88888888888889,10.666666666666668,66.22222222222223
E00139369,351,106,75,31,245,17,228,30.1994301994302,21.367521367521366,8.831908831908832,69.8005698005698,4.843304843304843,64.95726495726495
E00139371,202,61,24,37,141,15,126,30.198019801980198,11.881188118811881,18.316831683168317,69.80198019801979,7.425742574257425,62.37623762376238
E00139372,275,44,17,27,231,27,204,16,6.181818181818182,9.818181818181818,84,9.818181818181818,74.18181818181819
E00139374,335,51,20,31,284,26,258,15.223880597014924,5.970149253731343,9.253731343283581,84.77611940298507,7.761194029850746,77.01492537313432
E00139375,240,51,28,23,189,14,175,21.25,11.666666666666666,9.583333333333334,78.75,5.833333333333333,72.91666666666666
E00139376,219,45,21,24,174,12,162,20.54794520547945,9.58904109589041,10.95890410958904,79.45205479452055,5.47945205479452,73.97260273972603
E00139377,290,64,33,31,226,17,209,22.06896551724138,11.379310344827587,10.689655172413794,77.93103448275862,5.862068965517241,72.06896551724138
E00139378,302,61,32,29,241,28,213,20.198675496688743,10.596026490066226,9.602649006622517,79.80132450331125,9.271523178807946,70.52980132450331
E00139379,217,50,20,30,167,16,151,23.04147465437788,9.216589861751153,13.82488479262673,76.95852534562212,7.373271889400922,69.5852534562212
E00139380,303,67,27,40,236,19,217,22.112211221122113,8.91089108910891,13.2013201320132,77.88778877887789,6.270627062706271,71.61716171617162
E00139381,355,93,47,46,262,25,237,26.197183098591548,13.239436619718308,12.957746478873238,73.80281690140845,7.042253521126761,66.7605633802817
E00139382,292,32,9,23,260,23,237,10.95890410958904,3.0821917808219177,7.876712328767123,89.04109589041096,7.876712328767123,81.16438356164383
E00139383,428,81,35,46,347,27,320,18.925233644859812,8.177570093457943,10.74766355140187,81.07476635514018,6.308411214953271,74.76635514018692
E00139384,252,61,28,33,191,16,175,24.206349206349206,11.11111111111111,13.095238095238097,75.79365079365078,6.349206349206349,69.44444444444444
E00139385,344,53,19,34,291,18,273,15.406976744186046,5.523255813953488,9.883720930232558,84.59302325581395,5.232558139534884,79.36046511627907
E00139386,220,53,26,27,167,12,155,24.09090909090909,11.818181818181818,12.272727272727273,75.9090909090909,5.454545454545454,70.45454545454545
E00139387,400,110,41,69,290,37,253,27.500000000000004,10.25,17.25,72.5,9.25,63.24999999999999
E00139388,376,90,32,58,286,34,252,23.93617021276596,8.51063829787234,15.425531914893616,76.06382978723404,9.042553191489363,67.02127659574468
E00139389,252,64,23,41,188,30,158,25.396825396825395,9.126984126984127,16.26984126984127,74.60317460317461,11.904761904761903,62.698412698412696
E00139390,171,45,24,21,126,12,114,26.31578947368421,14.035087719298245,12.280701754385964,73.68421052631578,7.017543859649122,66.66666666666666
E00139391,252,47,20,27,205,28,177,18.650793650793652,7.936507936507936,10.714285714285714,81.34920634920636,11.11111111111111,70.23809523809523
E00139392,249,64,28,36,185,9,176,25.702811244979916,11.244979919678714,14.457831325301203,74.29718875502009,3.614457831325301,70.68273092369478
E00139393,227,37,20,17,190,22,168,16.299559471365637,8.81057268722467,7.488986784140969,83.70044052863436,9.691629955947137,74.00881057268722
E00139395,293,135,103,32,158,8,150,46.075085324232084,35.153583617747444,10.921501706484642,53.92491467576792,2.7303754266211606,51.19453924914675
E00139396,275,56,24,32,219,18,201,20.363636363636363,8.727272727272728,11.636363636363637,79.63636363636364,6.545454545454546,73.0909090909091
E00139397,368,119,65,54,249,15,234,32.33695652173913,17.66304347826087,14.673913043478262,67.66304347826086,4.076086956521739,63.58695652173913
E00139398,287,45,16,29,242,21,221,15.6794425087108,5.574912891986063,10.104529616724738,84.3205574912892,7.317073170731707,77.00348432055749
E00139399,286,98,60,38,188,11,177,34.26573426573427,20.97902097902098,13.286713286713287,65.73426573426573,3.8461538461538463,61.88811188811189
E00139400,267,64,31,33,203,24,179,23.970037453183522,11.610486891385769,12.359550561797752,76.02996254681648,8.98876404494382,67.04119850187266
E00139401,279,58,29,29,221,23,198,20.78853046594982,10.39426523297491,10.39426523297491,79.21146953405018,8.24372759856631,70.96774193548387
E00139402,233,64,34,30,169,9,160,27.467811158798284,14.592274678111588,12.875536480686694,72.53218884120172,3.862660944206009,68.6695278969957
E00139403,336,81,32,49,255,24,231,24.107142857142858,9.523809523809524,14.583333333333334,75.89285714285714,7.142857142857142,68.75
E00139404,285,89,49,40,196,9,187,31.2280701754386,17.192982456140353,14.035087719298245,68.77192982456141,3.1578947368421053,65.6140350877193
E00139405,309,71,37,34,238,22,216,22.97734627831715,11.974110032362459,11.003236245954692,77.02265372168284,7.119741100323624,69.90291262135922
E00139406,294,69,28,41,225,18,207,23.46938775510204,9.523809523809524,13.945578231292515,76.53061224489795,6.122448979591836,70.40816326530613
E00139407,268,72,33,39,196,13,183,26.865671641791046,12.313432835820896,14.55223880597015,73.13432835820896,4.850746268656716,68.28358208955224
E00139408,323,81,36,45,242,26,216,25.077399380804955,11.145510835913312,13.93188854489164,74.92260061919505,8.04953560371517,66.87306501547987
E00139409,303,78,35,43,225,11,214,25.742574257425744,11.55115511551155,14.19141914191419,74.25742574257426,3.6303630363036308,70.62706270627062
E00139410,316,80,34,46,236,15,221,25.31645569620253,10.759493670886076,14.556962025316455,74.68354430379746,4.746835443037975,69.9367088607595
E00139411,233,29,15,14,204,24,180,12.446351931330472,6.437768240343347,6.008583690987124,87.55364806866953,10.300429184549357,77.25321888412017
E00139412,257,89,47,42,168,13,155,34.63035019455253,18.28793774319066,16.342412451361866,65.36964980544747,5.058365758754864,60.311284046692606
E00139413,267,78,37,41,189,20,169,29.213483146067414,13.857677902621724,15.355805243445692,70.78651685393258,7.490636704119851,63.29588014981273
E00139414,207,53,17,36,154,19,135,25.60386473429952,8.212560386473431,17.391304347826086,74.39613526570048,9.178743961352657,65.21739130434783
E00139415,324,70,34,36,254,19,235,21.604938271604937,10.493827160493826,11.11111111111111,78.39506172839506,5.864197530864197,72.53086419753086
E00139416,258,41,16,25,217,29,188,15.891472868217054,6.2015503875969,9.689922480620156,84.10852713178295,11.24031007751938,72.86821705426357
E00139417,271,74,39,35,197,17,180,27.30627306273063,14.391143911439114,12.915129151291513,72.69372693726937,6.273062730627306,66.42066420664207
E00139418,230,57,22,35,173,15,158,24.782608695652176,9.565217391304348,15.217391304347828,75.21739130434783,6.521739130434782,68.69565217391305
E00139419,257,74,37,37,183,19,164,28.793774319066145,14.396887159533073,14.396887159533073,71.20622568093385,7.392996108949417,63.81322957198443
E00139420,239,71,40,31,168,16,152,29.707112970711297,16.736401673640167,12.97071129707113,70.29288702928869,6.694560669456067,63.59832635983263
E00139421,294,71,42,29,223,17,206,24.149659863945576,14.285714285714285,9.863945578231291,75.85034013605441,5.782312925170068,70.06802721088435
E00139422,342,89,44,45,253,20,233,26.023391812865498,12.865497076023392,13.157894736842104,73.9766081871345,5.847953216374268,68.12865497076024
E00139424,352,97,38,59,255,19,236,27.556818181818183,10.795454545454545,16.761363636363637,72.44318181818183,5.3977272727272725,67.04545454545455
E00139425,308,86,32,54,222,25,197,27.92207792207792,10.38961038961039,17.532467532467532,72.07792207792207,8.116883116883116,63.961038961038966
E00139426,247,39,14,25,208,19,189,15.789473684210526,5.668016194331984,10.121457489878543,84.21052631578947,7.6923076923076925,76.51821862348179
E00139427,141,31,12,19,110,9,101,21.98581560283688,8.51063829787234,13.47517730496454,78.01418439716312,6.382978723404255,71.63120567375887
E00139428,238,63,25,38,175,32,143,26.47058823529412,10.504201680672269,15.966386554621847,73.52941176470588,13.445378151260504,60.08403361344538
E00139429,306,43,14,29,263,27,236,14.052287581699346,4.57516339869281,9.477124183006536,85.94771241830065,8.823529411764707,77.12418300653596
E00139430,285,47,12,35,238,34,204,16.49122807017544,4.2105263157894735,12.280701754385964,83.50877192982456,11.929824561403509,71.57894736842105
E00139431,337,69,40,29,268,27,241,20.474777448071215,11.869436201780417,8.605341246290802,79.52522255192879,8.011869436201781,71.51335311572701
E00139432,217,52,23,29,165,10,155,23.963133640552993,10.599078341013826,13.36405529953917,76.036866359447,4.6082949308755765,71.42857142857143
E00139433,290,65,26,39,225,21,204,22.413793103448278,8.96551724137931,13.448275862068964,77.58620689655173,7.241379310344828,70.34482758620689
E00139434,339,84,42,42,255,25,230,24.778761061946902,12.389380530973451,12.389380530973451,75.22123893805309,7.374631268436578,67.84660766961652
E00139435,291,39,10,29,252,26,226,13.402061855670103,3.436426116838488,9.965635738831615,86.5979381443299,8.934707903780069,77.66323024054984
E00139436,324,87,49,38,237,21,216,26.851851851851855,15.123456790123457,11.728395061728394,73.14814814814815,6.481481481481481,66.66666666666666
E00139437,380,80,38,42,300,30,270,21.052631578947366,10,11.052631578947368,78.94736842105263,7.894736842105263,71.05263157894737
E00139438,250,35,11,24,215,21,194,14.000000000000002,4.3999999999999995,9.6,86,8.4,77.60000000000001
E00139439,297,33,10,23,264,28,236,11.11111111111111,3.3670033670033668,7.744107744107744,88.88888888888889,9.427609427609427,79.46127946127946
E00139440,261,44,15,29,217,29,188,16.85823754789272,5.747126436781609,11.11111111111111,83.14176245210729,11.11111111111111,72.03065134099617
E00139441,387,52,14,38,335,38,297,13.436692506459949,3.6175710594315245,9.819121447028424,86.56330749354005,9.819121447028424,76.74418604651163
E00139442,310,39,12,27,271,23,248,12.580645161290322,3.870967741935484,8.709677419354838,87.41935483870968,7.419354838709677,80
E00139443,377,46,13,33,331,29,302,12.20159151193634,3.4482758620689653,8.753315649867375,87.79840848806366,7.6923076923076925,80.10610079575596
E00139444,287,41,17,24,246,29,217,14.285714285714285,5.923344947735192,8.362369337979095,85.71428571428571,10.104529616724738,75.60975609756098
E00139445,320,44,17,27,276,17,259,13.750000000000002,5.3125,8.4375,86.25,5.3125,80.9375
E00139446,280,33,12,21,247,27,220,11.785714285714285,4.285714285714286,7.5,88.21428571428571,9.642857142857144,78.57142857142857
E00139447,344,41,11,30,303,34,269,11.918604651162791,3.1976744186046515,8.720930232558139,88.0813953488372,9.883720930232558,78.19767441860465
E00139448,323,34,9,25,289,29,260,10.526315789473683,2.786377708978328,7.739938080495357,89.47368421052632,8.978328173374612,80.4953560371517
E00139449,264,36,15,21,228,24,204,13.636363636363635,5.681818181818182,7.954545454545454,86.36363636363636,9.090909090909092,77.27272727272727
E00139450,325,45,11,34,280,32,248,13.846153846153847,3.3846153846153846,10.461538461538462,86.15384615384616,9.846153846153847,76.3076923076923
E00139451,359,34,10,24,325,32,293,9.47075208913649,2.785515320334262,6.685236768802229,90.5292479108635,8.913649025069638,81.61559888579387
E00139452,361,58,9,49,303,26,277,16.06648199445983,2.4930747922437675,13.573407202216067,83.93351800554017,7.202216066481995,76.73130193905817
E00139453,316,42,12,30,274,39,235,13.291139240506327,3.79746835443038,9.49367088607595,86.70886075949366,12.341772151898734,74.36708860759494
E00139454,290,34,6,28,256,32,224,11.724137931034482,2.0689655172413794,9.655172413793103,88.27586206896552,11.03448275862069,77.24137931034483
E00139455,252,35,13,22,217,16,201,13.88888888888889,5.158730158730158,8.73015873015873,86.11111111111111,6.349206349206349,79.76190476190477
E00139456,257,27,11,16,230,25,205,10.505836575875486,4.280155642023346,6.22568093385214,89.49416342412452,9.72762645914397,79.76653696498055
E00139457,238,41,11,30,197,23,174,17.22689075630252,4.621848739495799,12.605042016806722,82.77310924369748,9.663865546218489,73.10924369747899
E00139458,272,36,5,31,236,23,213,13.23529411764706,1.8382352941176472,11.397058823529411,86.76470588235294,8.455882352941178,78.30882352941177
E00139459,537,56,19,37,481,40,441,10.42830540037244,3.5381750465549344,6.890130353817504,89.57169459962756,7.4487895716946,82.12290502793296
E00139460,298,50,16,34,248,24,224,16.778523489932887,5.369127516778524,11.409395973154362,83.22147651006712,8.053691275167784,75.16778523489933
E00139461,305,56,22,34,249,23,226,18.360655737704917,7.213114754098362,11.147540983606557,81.63934426229508,7.540983606557377,74.09836065573771
E00139462,249,46,13,33,203,25,178,18.473895582329316,5.220883534136546,13.253012048192772,81.52610441767068,10.040160642570282,71.4859437751004
E00139464,282,65,29,36,217,25,192,23.04964539007092,10.28368794326241,12.76595744680851,76.95035460992908,8.865248226950355,68.08510638297872
E00139465,253,37,19,18,216,34,182,14.624505928853754,7.5098814229249005,7.114624505928854,85.37549407114624,13.438735177865613,71.93675889328063
E00139466,358,93,61,32,265,25,240,25.977653631284912,17.039106145251395,8.938547486033519,74.02234636871509,6.983240223463687,67.0391061452514
E00139467,286,43,15,28,243,29,214,15.034965034965033,5.244755244755245,9.79020979020979,84.96503496503497,10.13986013986014,74.82517482517483
E00139468,280,60,17,43,220,24,196,21.428571428571427,6.071428571428571,15.357142857142858,78.57142857142857,8.571428571428571,70
E00139469,266,64,33,31,202,18,184,24.06015037593985,12.406015037593985,11.654135338345863,75.93984962406014,6.7669172932330826,69.17293233082707
E00139470,185,88,57,31,97,15,82,47.56756756756757,30.810810810810814,16.756756756756758,52.43243243243243,8.108108108108109,44.32432432432433
E00139471,401,59,22,37,342,29,313,14.713216957605985,5.486284289276807,9.226932668329177,85.286783042394,7.231920199501247,78.05486284289277
E00139472,225,45,21,24,180,20,160,20,9.333333333333334,10.666666666666668,80,8.88888888888889,71.11111111111111
E00139473,205,58,21,37,147,20,127,28.292682926829265,10.24390243902439,18.048780487804876,71.70731707317073,9.75609756097561,61.951219512195124
E00139474,239,44,20,24,195,21,174,18.410041841004183,8.368200836820083,10.0418410041841,81.58995815899581,8.786610878661087,72.80334728033473
E00139475,231,49,19,30,182,24,158,21.21212121212121,8.225108225108226,12.987012987012985,78.78787878787878,10.38961038961039,68.3982683982684
E00139476,252,52,20,32,200,22,178,20.634920634920633,7.936507936507936,12.698412698412698,79.36507936507937,8.73015873015873,70.63492063492063
E00139477,198,42,18,24,156,13,143,21.21212121212121,9.090909090909092,12.121212121212121,78.78787878787878,6.565656565656567,72.22222222222221
E00139478,240,43,17,26,197,22,175,17.916666666666668,7.083333333333333,10.833333333333334,82.08333333333333,9.166666666666666,72.91666666666666
E00139479,257,51,16,35,206,27,179,19.844357976653697,6.22568093385214,13.618677042801556,80.1556420233463,10.505836575875486,69.64980544747081
E00139480,210,41,18,23,169,25,144,19.523809523809526,8.571428571428571,10.952380952380953,80.47619047619048,11.904761904761903,68.57142857142857
E00139481,258,34,12,22,224,26,198,13.178294573643413,4.651162790697675,8.527131782945736,86.82170542635659,10.077519379844961,76.74418604651163
E00139482,213,57,26,31,156,19,137,26.76056338028169,12.206572769953052,14.553990610328638,73.23943661971832,8.92018779342723,64.31924882629107
E00139483,271,82,38,44,189,17,172,30.25830258302583,14.022140221402212,16.236162361623617,69.74169741697416,6.273062730627306,63.46863468634686
E00139484,244,60,22,38,184,14,170,24.59016393442623,9.01639344262295,15.573770491803279,75.40983606557377,5.737704918032787,69.67213114754098
E00139485,193,50,16,34,143,14,129,25.906735751295333,8.290155440414509,17.616580310880828,74.09326424870466,7.253886010362693,66.83937823834198
E00139486,256,54,17,37,202,16,186,21.09375,6.640625,14.453125,78.90625,6.25,72.65625
E00139487,273,64,25,39,209,28,181,23.44322344322344,9.157509157509157,14.285714285714285,76.55677655677655,10.256410256410255,66.30036630036629
E00139488,276,70,32,38,206,10,196,25.36231884057971,11.594202898550725,13.768115942028986,74.63768115942028,3.6231884057971016,71.01449275362319
E00139489,271,62,17,45,209,28,181,22.878228782287824,6.273062730627306,16.605166051660518,77.12177121771218,10.33210332103321,66.78966789667896
E00139490,214,65,36,29,149,19,130,30.373831775700932,16.822429906542055,13.551401869158877,69.62616822429906,8.878504672897195,60.747663551401864
E00139491,259,69,34,35,190,28,162,26.640926640926644,13.127413127413126,13.513513513513514,73.35907335907336,10.81081081081081,62.54826254826254
E00139492,326,85,37,48,241,35,206,26.07361963190184,11.349693251533742,14.723926380368098,73.92638036809815,10.736196319018406,63.190184049079754
E00139494,310,51,10,41,259,28,231,16.451612903225808,3.225806451612903,13.225806451612904,83.54838709677419,9.032258064516128,74.51612903225806
E00139495,297,66,27,39,231,28,203,22.22222222222222,9.090909090909092,13.131313131313133,77.77777777777779,9.427609427609427,68.35016835016835
E00139496,291,116,74,42,175,24,151,39.86254295532646,25.42955326460481,14.432989690721648,60.13745704467354,8.24742268041237,51.890034364261176
E00139497,332,78,38,40,254,17,237,23.49397590361446,11.44578313253012,12.048192771084338,76.50602409638554,5.120481927710843,71.3855421686747
E00139498,618,169,77,92,449,48,401,27.346278317152105,12.459546925566343,14.886731391585762,72.65372168284789,7.766990291262135,64.88673139158576
E00139499,248,55,24,31,193,20,173,22.177419354838708,9.67741935483871,12.5,77.82258064516128,8.064516129032258,69.75806451612904
E00139500,285,59,32,27,226,26,200,20.701754385964914,11.228070175438596,9.473684210526317,79.2982456140351,9.12280701754386,70.17543859649122
E00139501,250,73,39,34,177,20,157,29.2,15.6,13.600000000000001,70.8,8,62.8
E00139502,253,55,25,30,198,26,172,21.73913043478261,9.881422924901186,11.857707509881422,78.26086956521739,10.276679841897234,67.98418972332016
E00139504,317,94,42,52,223,27,196,29.652996845425868,13.249211356466878,16.40378548895899,70.347003154574125,8.517350157728707,61.82965299684543
E00139505,270,59,29,30,211,22,189,21.85185185185185,10.74074074074074,11.11111111111111,78.14814814814814,8.148148148148149,70
E00139506,267,56,25,31,211,23,188,20.973782771535582,9.363295880149813,11.610486891385769,79.02621722846442,8.614232209737828,70.4119850187266
E00139507,248,57,21,36,191,24,167,22.983870967741936,8.46774193548387,14.516129032258066,77.01612903225806,9.67741935483871,67.33870967741935
E00139508,277,83,48,35,194,13,181,29.96389891696751,17.328519855595665,12.63537906137184,70.03610108303249,4.693140794223827,65.34296028880865
E00139509,286,63,30,33,223,19,204,22.02797202797203,10.48951048951049,11.538461538461538,77.97202797202797,6.643356643356643,71.32867132867133
E00139510,224,74,30,44,150,13,137,33.035714285714285,13.392857142857142,19.642857142857142,66.96428571428571,5.803571428571429,61.16071428571429
E00139511,322,118,77,41,204,9,195,36.64596273291926,23.91304347826087,12.732919254658384,63.35403726708074,2.7950310559006213,60.55900621118012
E00139512,237,66,27,39,171,17,154,27.848101265822784,11.39240506329114,16.455696202531644,72.15189873417721,7.172995780590717,64.9789029535865
E00139513,241,73,35,38,168,8,160,30.29045643153527,14.522821576763487,15.767634854771783,69.70954356846472,3.319502074688797,66.39004149377593
E00139514,240,64,30,34,176,21,155,26.666666666666668,12.5,14.166666666666666,73.33333333333333,8.75,64.58333333333334
E00139515,369,132,89,43,237,31,206,35.77235772357724,24.119241192411923,11.653116531165312,64.22764227642277,8.401084010840108,55.82655826558266
E00139516,326,56,25,31,270,28,242,17.177914110429448,7.668711656441718,9.509202453987731,82.82208588957054,8.588957055214724,74.23312883435584
E00139517,250,59,29,30,191,20,171,23.599999999999998,11.600000000000001,12,76.4,8,68.4
E00139518,254,67,26,41,187,26,161,26.37795275590551,10.236220472440944,16.141732283464567,73.62204724409449,10.236220472440944,63.38582677165354
E00139519,264,84,48,36,180,16,164,31.818181818181817,18.181818181818183,13.636363636363635,68.18181818181817,6.0606060606060606,62.121212121212125
E00139520,300,94,45,49,206,13,193,31.333333333333336,15,16.333333333333332,68.66666666666667,4.333333333333334,64.33333333333333
E00139521,315,81,35,46,234,21,213,25.71428571428571,11.11111111111111,14.603174603174605,74.28571428571429,6.666666666666667,67.61904761904762
E00139522,249,63,37,26,186,6,180,25.301204819277107,14.859437751004014,10.441767068273093,74.69879518072288,2.4096385542168677,72.28915662650603
E00139523,270,65,33,32,205,16,189,24.074074074074073,12.222222222222221,11.851851851851853,75.92592592592592,5.9259259259259265,70
E00139524,183,73,37,36,110,5,105,39.89071038251366,20.21857923497268,19.672131147540984,60.10928961748634,2.73224043715847,57.377049180327866
E00139525,201,71,29,42,130,11,119,35.32338308457712,14.427860696517413,20.8955223880597,64.6766169154229,5.472636815920398,59.20398009950249
E00139526,302,50,18,32,252,36,216,16.55629139072848,5.960264900662252,10.596026490066226,83.44370860927152,11.920529801324504,71.52317880794702
E00139527,265,54,19,35,211,20,191,20.37735849056604,7.169811320754717,13.20754716981132,79.62264150943396,7.547169811320755,72.0754716981132
E00139528,208,33,13,20,175,23,152,15.865384615384615,6.25,9.615384615384617,84.13461538461539,11.057692307692307,73.07692307692307
E00139529,255,57,27,30,198,27,171,22.35294117647059,10.588235294117647,11.76470588235294,77.64705882352942,10.588235294117647,67.05882352941175
E00139530,268,57,27,30,211,13,198,21.26865671641791,10.074626865671641,11.194029850746269,78.73134328358209,4.850746268656716,73.88059701492537
E00139531,306,69,28,41,237,19,218,22.54901960784314,9.15032679738562,13.398692810457517,77.45098039215686,6.209150326797386,71.24183006535948
E00139532,226,48,25,23,178,17,161,21.238938053097346,11.061946902654867,10.176991150442479,78.76106194690266,7.52212389380531,71.23893805309734
E00139533,253,62,29,33,191,33,158,24.50592885375494,11.462450592885375,13.043478260869565,75.49407114624506,13.043478260869565,62.450592885375485
E00139534,377,60,22,38,317,36,281,15.915119363395224,5.835543766578249,10.079575596816976,84.08488063660478,9.549071618037134,74.53580901856765
E00139535,249,67,34,33,182,28,154,26.907630522088354,13.654618473895583,13.253012048192772,73.09236947791165,11.244979919678714,61.84738955823293
E00139536,293,45,17,28,248,33,215,15.358361774744028,5.802047781569966,9.556313993174061,84.64163822525597,11.262798634812286,73.37883959044369
E00139537,294,42,13,29,252,23,229,14.285714285714285,4.421768707482993,9.863945578231291,85.71428571428571,7.8231292517006805,77.89115646258503
E00139538,235,55,24,31,180,14,166,23.404255319148938,10.212765957446807,13.191489361702127,76.59574468085107,5.957446808510639,70.63829787234043
E00139539,254,65,23,42,189,23,166,25.590551181102363,9.05511811023622,16.535433070866144,74.40944881889764,9.05511811023622,65.35433070866141
E00139540,275,42,16,26,233,20,213,15.272727272727273,5.818181818181818,9.454545454545455,84.72727272727273,7.2727272727272725,77.45454545454545
E00139541,182,61,35,26,121,14,107,33.51648351648351,19.230769230769234,14.285714285714285,66.48351648351648,7.6923076923076925,58.791208791208796
E00139542,471,67,24,43,404,42,362,14.225053078556263,5.095541401273886,9.129511677282377,85.77494692144374,8.9171974522293,76.85774946921444
E00139543,281,60,21,39,221,21,200,21.352313167259787,7.473309608540925,13.87900355871886,78.64768683274022,7.473309608540925,71.17437722419929
E00139544,253,42,19,23,211,28,183,16.600790513833992,7.5098814229249005,9.090909090909092,83.399209486166,11.067193675889328,72.33201581027669
E00139545,244,58,17,41,186,16,170,23.770491803278688,6.967213114754098,16.80327868852459,76.22950819672131,6.557377049180328,69.67213114754098
E00139546,220,69,29,40,151,16,135,31.363636363636367,13.18181818181818,18.181818181818183,68.63636363636364,7.2727272727272725,61.36363636363637
E00139547,242,67,30,37,175,15,160,27.685950413223143,12.396694214876034,15.289256198347106,72.31404958677686,6.198347107438017,66.11570247933885
E00139548,226,47,18,29,179,23,156,20.79646017699115,7.964601769911504,12.831858407079647,79.20353982300885,10.176991150442479,69.02654867256636
E00139549,248,42,19,23,206,14,192,16.93548387096774,7.661290322580645,9.274193548387096,83.06451612903226,5.64516129032258,77.41935483870968
E00139550,171,77,49,28,94,7,87,45.02923976608187,28.654970760233915,16.374269005847953,54.97076023391813,4.093567251461988,50.877192982456144
E00139551,240,48,19,29,192,25,167,20,7.916666666666666,12.083333333333334,80,10.416666666666668,69.58333333333333
E00139552,256,45,24,21,211,18,193,17.578125,9.375,8.203125,82.421875,7.03125,75.390625
E00139553,267,50,27,23,217,19,198,18.726591760299627,10.112359550561797,8.614232209737828,81.27340823970037,7.116104868913857,74.15730337078652
E00139554,253,72,30,42,181,16,165,28.458498023715418,11.857707509881422,16.600790513833992,71.54150197628458,6.324110671936759,65.21739130434783
E00139555,253,62,26,36,191,19,172,24.50592885375494,10.276679841897234,14.229249011857709,75.49407114624506,7.5098814229249005,67.98418972332016
E00139556,257,65,31,34,192,16,176,25.291828793774318,12.062256809338521,13.229571984435799,74.70817120622569,6.22568093385214,68.48249027237354
E00139557,236,54,27,27,182,18,164,22.88135593220339,11.440677966101696,11.440677966101696,77.11864406779661,7.627118644067797,69.49152542372882
E00139558,299,82,43,39,217,13,204,27.424749163879596,14.381270903010032,13.043478260869565,72.5752508361204,4.3478260869565215,68.22742474916387
E00139559,205,73,30,43,132,7,125,35.609756097560975,14.634146341463413,20.975609756097562,64.39024390243902,3.414634146341464,60.97560975609756
E00139560,271,61,32,29,210,17,193,22.509225092250922,11.808118081180812,10.70110701107011,77.49077490774908,6.273062730627306,71.21771217712177
E00139561,302,78,38,40,224,18,206,25.82781456953642,12.582781456953644,13.245033112582782,74.17218543046357,5.960264900662252,68.21192052980133
E00139562,239,71,39,32,168,9,159,29.707112970711297,16.317991631799163,13.389121338912133,70.29288702928869,3.765690376569038,66.52719665271967
E00139563,271,70,33,37,201,16,185,25.830258302583026,12.177121771217712,13.653136531365314,74.16974169741697,5.904059040590406,68.26568265682657
E00139564,287,63,29,34,224,24,200,21.951219512195124,10.104529616724738,11.846689895470384,78.04878048780488,8.362369337979095,69.68641114982579
E00139565,193,57,36,21,136,13,123,29.533678756476682,18.65284974093264,10.880829015544041,70.46632124352331,6.7357512953367875,63.730569948186535
E00139566,350,85,36,49,265,14,251,24.285714285714285,10.285714285714285,14.000000000000002,75.71428571428571,4,71.71428571428572
E00139567,266,66,33,33,200,12,188,24.81203007518797,12.406015037593985,12.406015037593985,75.18796992481202,4.511278195488721,70.67669172932331
E00139568,417,103,52,51,314,30,284,24.700239808153476,12.470023980815348,12.23021582733813,75.29976019184652,7.1942446043165464,68.10551558752998
E00139569,356,70,32,38,286,24,262,19.662921348314608,8.98876404494382,10.674157303370785,80.33707865168539,6.741573033707865,73.59550561797754
E00139572,313,142,82,60,171,15,156,45.367412140575084,26.198083067092654,19.169329073482427,54.632587859424916,4.792332268370607,49.84025559105431
E00139573,352,66,31,35,286,24,262,18.75,8.806818181818182,9.943181818181818,81.25,6.8181818181818175,74.43181818181817
E00139574,324,82,41,41,242,18,224,25.308641975308642,12.654320987654321,12.654320987654321,74.69135802469135,5.555555555555555,69.1358024691358
E00139575,267,73,29,44,194,16,178,27.340823970037455,10.861423220973784,16.479400749063668,72.65917602996255,5.992509363295881,66.66666666666666
E00139576,473,75,36,39,398,27,371,15.856236786469344,7.6109936575052854,8.24524312896406,84.14376321353065,5.708245243128964,78.43551797040169
E00139577,394,182,115,67,212,13,199,46.192893401015226,29.187817258883246,17.00507614213198,53.80710659898477,3.2994923857868024,50.50761421319797
E00139578,245,37,14,23,208,20,188,15.10204081632653,5.714285714285714,9.387755102040817,84.89795918367346,8.16326530612245,76.73469387755102
E00139579,220,58,26,32,162,18,144,26.36363636363636,11.818181818181818,14.545454545454545,73.63636363636363,8.181818181818182,65.45454545454545
E00139580,191,63,30,33,128,23,105,32.98429319371728,15.706806282722512,17.277486910994764,67.01570680628272,12.041884816753926,54.973821989528794
E00139581,398,83,43,40,315,25,290,20.85427135678392,10.804020100502512,10.050251256281408,79.14572864321609,6.281407035175879,72.8643216080402
E00139582,299,66,19,47,233,15,218,22.073578595317723,6.354515050167224,15.719063545150503,77.92642140468227,5.016722408026756,72.90969899665552
E00139583,426,85,47,38,341,38,303,19.953051643192488,11.032863849765258,8.92018779342723,80.04694835680752,8.92018779342723,71.12676056338029
E00139585,309,61,26,35,248,15,233,19.741100323624593,8.414239482200648,11.326860841423949,80.2588996763754,4.854368932038835,75.40453074433657
E00139586,371,88,41,47,283,24,259,23.71967654986523,11.05121293800539,12.668463611859837,76.28032345013477,6.46900269541779,69.81132075471697
E00139587,300,55,19,36,245,27,218,18.333333333333332,6.333333333333334,12,81.66666666666667,9,72.66666666666667
E00139588,293,40,16,24,253,35,218,13.651877133105803,5.460750853242321,8.19112627986348,86.3481228668942,11.945392491467576,74.40273037542661
E00139589,295,55,23,32,240,20,220,18.64406779661017,7.796610169491526,10.847457627118644,81.35593220338984,6.779661016949152,74.57627118644068
E00139590,386,113,48,65,273,26,247,29.274611398963728,12.435233160621761,16.83937823834197,70.72538860103627,6.7357512953367875,63.98963730569949
E00139591,281,56,27,29,225,17,208,19.9288256227758,9.608540925266903,10.320284697508896,80.0711743772242,6.049822064056939,74.02135231316726
E00139592,223,46,18,28,177,18,159,20.62780269058296,8.071748878923767,12.556053811659194,79.37219730941703,8.071748878923767,71.30044843049326
E00139593,189,68,43,25,121,9,112,35.978835978835974,22.75132275132275,13.227513227513226,64.02116402116403,4.761904761904762,59.25925925925925
E00139594,256,72,29,43,184,26,158,28.125,11.328125,16.796875,71.875,10.15625,61.71875
E00139595,245,86,46,40,159,21,138,35.10204081632653,18.775510204081634,16.3265306122449,64.89795918367346,8.571428571428571,56.326530612244895
E00139596,185,78,49,29,107,14,93,42.16216216216216,26.486486486486488,15.675675675675677,57.83783783783784,7.567567567567568,50.27027027027027
E00139597,227,59,31,28,168,18,150,25.991189427312776,13.656387665198238,12.334801762114537,74.00881057268722,7.929515418502203,66.07929515418502
E00139598,188,49,27,22,139,18,121,26.063829787234045,14.361702127659576,11.702127659574469,73.93617021276596,9.574468085106384,64.36170212765957
E00139599,298,76,38,38,222,26,196,25.503355704697988,12.751677852348994,12.751677852348994,74.49664429530202,8.724832214765101,65.77181208053692
E00139600,256,74,36,38,182,9,173,28.90625,14.0625,14.84375,71.09375,3.515625,67.578125
E00139601,272,83,37,46,189,16,173,30.514705882352942,13.602941176470587,16.911764705882355,69.48529411764706,5.88235294117647,63.60294117647059
E00139602,227,67,30,37,160,15,145,29.515418502202646,13.215859030837004,16.299559471365637,70.48458149779736,6.607929515418502,63.87665198237885
E00139603,235,59,29,30,176,16,160,25.106382978723403,12.340425531914894,12.76595744680851,74.8936170212766,6.808510638297872,68.08510638297872
E00139604,277,59,26,33,218,27,191,21.299638989169676,9.386281588447654,11.913357400722022,78.70036101083032,9.747292418772563,68.95306859205776
E00139605,278,83,40,43,195,16,179,29.856115107913666,14.388489208633093,15.467625899280577,70.14388489208633,5.755395683453238,64.38848920863309
E00139606,276,68,23,45,208,15,193,24.637681159420293,8.333333333333332,16.304347826086957,75.36231884057972,5.434782608695652,69.92753623188406
E00139607,203,51,23,28,152,14,138,25.12315270935961,11.330049261083744,13.793103448275861,74.8768472906404,6.896551724137931,67.98029556650246
E00139608,294,51,23,28,243,24,219,17.346938775510203,7.8231292517006805,9.523809523809524,82.6530612244898,8.16326530612245,74.48979591836735
E00139609,240,73,34,39,167,15,152,30.416666666666664,14.166666666666666,16.25,69.58333333333333,6.25,63.33333333333333
E00139610,228,56,27,29,172,18,154,24.561403508771928,11.842105263157894,12.719298245614036,75.43859649122807,7.894736842105263,67.54385964912281
E00139611,242,67,35,32,175,12,163,27.685950413223143,14.46280991735537,13.223140495867769,72.31404958677686,4.958677685950414,67.35537190082644
E00139612,241,62,24,38,179,18,161,25.72614107883817,9.95850622406639,15.767634854771783,74.27385892116183,7.468879668049793,66.80497925311202
E00139613,248,62,23,39,186,21,165,25,9.274193548387096,15.725806451612904,75,8.46774193548387,66.53225806451613
E00139614,266,87,41,46,179,26,153,32.70676691729324,15.413533834586465,17.293233082706767,67.29323308270678,9.774436090225564,57.5187969924812
E00139615,229,63,22,41,166,23,143,27.510917030567683,9.606986899563319,17.903930131004365,72.48908296943232,10.043668122270741,62.44541484716157
E00139616,243,37,19,18,206,32,174,15.22633744855967,7.818930041152264,7.4074074074074066,84.77366255144034,13.168724279835391,71.60493827160494
E00139617,242,82,47,35,160,19,141,33.88429752066116,19.421487603305785,14.46280991735537,66.11570247933885,7.851239669421488,58.26446280991735
E00139618,228,68,32,36,160,15,145,29.82456140350877,14.035087719298245,15.789473684210526,70.17543859649122,6.578947368421052,63.59649122807017
E00139619,304,56,18,38,248,19,229,18.421052631578945,5.921052631578947,12.5,81.57894736842105,6.25,75.32894736842105
E00139621,197,55,21,34,142,10,132,27.918781725888326,10.65989847715736,17.258883248730964,72.08121827411168,5.0761421319796955,67.00507614213198
E00139622,250,56,28,28,194,24,170,22.400000000000002,11.200000000000001,11.200000000000001,77.60000000000001,9.6,68
E00139623,270,89,37,52,181,22,159,32.96296296296296,13.703703703703704,19.25925925925926,67.03703703703704,8.148148148148149,58.88888888888889
E00139624,311,83,38,45,228,18,210,26.688102893890676,12.218649517684888,14.469453376205788,73.31189710610933,5.787781350482315,67.52411575562701
E00139625,303,79,45,34,224,25,199,26.072607260726073,14.85148514851485,11.221122112211221,73.92739273927393,8.25082508250825,65.67656765676567
E00139626,235,54,22,32,181,12,169,22.97872340425532,9.361702127659575,13.617021276595745,77.02127659574468,5.106382978723404,71.91489361702128
E00139627,308,63,28,35,245,26,219,20.454545454545457,9.090909090909092,11.363636363636363,79.54545454545455,8.441558441558442,71.1038961038961
E00139628,199,64,37,27,135,16,119,32.1608040201005,18.592964824120603,13.5678391959799,67.8391959798995,8.040201005025125,59.798994974874375
E00139629,286,74,39,35,212,17,195,25.874125874125873,13.636363636363635,12.237762237762238,74.12587412587412,5.944055944055944,68.18181818181817
E00139630,199,89,56,33,110,12,98,44.72361809045226,28.14070351758794,16.582914572864322,55.27638190954774,6.030150753768844,49.246231155778894
E00139631,242,62,27,35,180,24,156,25.6198347107438,11.15702479338843,14.46280991735537,74.3801652892562,9.917355371900827,64.46280991735537
E00139632,350,93,43,50,257,24,233,26.571428571428573,12.285714285714286,14.285714285714285,73.42857142857143,6.857142857142858,66.57142857142857
E00139633,245,52,21,31,193,21,172,21.224489795918366,8.571428571428571,12.653061224489795,78.77551020408163,8.571428571428571,70.20408163265306
E00139634,319,51,19,32,268,32,236,15.987460815047022,5.956112852664576,10.031347962382444,84.01253918495298,10.031347962382444,73.98119122257053
E00139635,248,56,19,37,192,28,164,22.58064516129032,7.661290322580645,14.919354838709678,77.41935483870968,11.29032258064516,66.12903225806451
E00139636,294,77,32,45,217,20,197,26.190476190476193,10.884353741496598,15.306122448979592,73.80952380952381,6.802721088435375,67.00680272108843
E00139637,251,71,30,41,180,14,166,28.286852589641438,11.952191235059761,16.334661354581673,71.71314741035857,5.577689243027888,66.13545816733067
E00139638,370,75,37,38,295,32,263,20.27027027027027,10,10.27027027027027,79.72972972972973,8.64864864864865,71.08108108108108
E00139639,275,58,28,30,217,25,192,21.09090909090909,10.181818181818182,10.909090909090908,78.9090909090909,9.090909090909092,69.81818181818183
E00139640,293,65,26,39,228,19,209,22.18430034129693,8.873720136518772,13.310580204778159,77.81569965870307,6.484641638225256,71.33105802047781
E00139641,309,57,21,36,252,17,235,18.446601941747574,6.796116504854369,11.650485436893204,81.55339805825243,5.501618122977346,76.05177993527508
E00139642,269,46,19,27,223,25,198,17.100371747211895,7.063197026022305,10.037174721189592,82.8996282527881,9.293680297397769,73.60594795539033
E00139643,260,56,15,41,204,26,178,21.53846153846154,5.769230769230769,15.769230769230768,78.46153846153847,10,68.46153846153847
E00139644,252,41,14,27,211,21,190,16.26984126984127,5.555555555555555,10.714285714285714,83.73015873015873,8.333333333333332,75.39682539682539
E00139645,256,41,15,26,215,14,201,16.015625,5.859375,10.15625,83.984375,5.46875,78.515625
E00139646,226,40,12,28,186,18,168,17.699115044247787,5.3097345132743365,12.389380530973451,82.30088495575221,7.964601769911504,74.33628318584071
E00139647,257,55,24,31,202,31,171,21.40077821011673,9.33852140077821,12.062256809338521,78.59922178988327,12.062256809338521,66.53696498054474
E00139648,280,54,22,32,226,32,194,19.28571428571429,7.857142857142857,11.428571428571429,80.71428571428572,11.428571428571429,69.28571428571428
E00139649,294,49,21,28,245,18,227,16.666666666666664,7.142857142857142,9.523809523809524,83.33333333333334,6.122448979591836,77.21088435374149
E00139650,339,43,13,30,296,33,263,12.684365781710916,3.8348082595870205,8.849557522123893,87.31563421828909,9.734513274336283,77.5811209439528
E00139651,250,43,14,29,207,21,186,17.2,5.6000000000000005,11.600000000000001,82.8,8.4,74.4
E00139652,320,47,16,31,273,23,250,14.6875,5,9.6875,85.3125,7.187499999999999,78.125
E00139653,308,45,12,33,263,23,240,14.61038961038961,3.896103896103896,10.714285714285714,85.3896103896104,7.467532467532467,77.92207792207793
E00139655,307,47,14,33,260,29,231,15.309446254071663,4.5602605863192185,10.749185667752444,84.69055374592834,9.446254071661238,75.2442996742671
E00139656,311,56,27,29,255,30,225,18.006430868167204,8.681672025723474,9.32475884244373,81.9935691318328,9.646302250803858,72.34726688102894
E00139657,373,69,25,44,304,35,269,18.498659517426276,6.702412868632708,11.796246648793565,81.50134048257372,9.383378016085791,72.11796246648794
E00139658,267,51,17,34,216,24,192,19.101123595505616,6.367041198501873,12.734082397003746,80.89887640449437,8.98876404494382,71.91011235955057
E00139659,251,54,20,34,197,26,171,21.51394422310757,7.968127490039841,13.545816733067728,78.48605577689243,10.358565737051793,68.12749003984064
E00139660,283,110,80,30,173,17,156,38.869257950530034,28.26855123674912,10.60070671378092,61.130742049469966,6.007067137809187,55.12367491166078
E00139661,282,37,14,23,245,26,219,13.120567375886525,4.964539007092199,8.156028368794328,86.87943262411348,9.219858156028367,77.6595744680851
E00139662,342,66,32,34,276,37,239,19.298245614035086,9.35672514619883,9.941520467836257,80.7017543859649,10.818713450292398,69.88304093567251
E00139663,195,45,16,29,150,19,131,23.076923076923077,8.205128205128204,14.871794871794872,76.92307692307693,9.7435897435897445,67.17948717948717
E00139664,264,62,30,32,202,25,177,23.484848484848484,11.363636363636363,12.121212121212121,76.51515151515152,9.469696969696969,67.04545454545455
E00139665,278,60,15,45,218,27,191,21.58273381294964,5.39568345323741,16.18705035971223,78.41726618705036,9.712230215827338,68.70503597122301
E00139666,148,62,39,23,86,11,75,41.891891891891895,26.351351351351347,15.54054054054054,58.108108108108105,7.4324324324324325,50.67567567567568
E00139667,224,56,29,27,168,14,154,25,12.946428571428573,12.053571428571429,75,6.25,68.75
E00139668,315,64,27,37,251,20,231,20.317460317460316,8.571428571428571,11.746031746031745,79.68253968253968,6.349206349206349,73.33333333333333
E00139670,284,78,35,43,206,16,190,27.464788732394368,12.323943661971832,15.140845070422534,72.53521126760563,5.633802816901409,66.90140845070422
E00139672,321,88,46,42,233,24,209,27.41433021806853,14.330218068535824,13.084112149532709,72.58566978193146,7.476635514018691,65.10903426791276
E00139673,373,58,18,40,315,36,279,15.549597855227882,4.825737265415549,10.723860589812332,84.45040214477211,9.651474530831099,74.79892761394102
E00139674,247,62,33,29,185,22,163,25.101214574898783,13.360323886639677,11.740890688259109,74.89878542510121,8.906882591093117,65.9919028340081
E00139675,338,94,50,44,244,14,230,27.810650887573964,14.792899408284024,13.017751479289942,72.18934911242604,4.142011834319527,68.04733727810651
E00139676,278,86,47,39,192,19,173,30.935251798561154,16.906474820143885,14.028776978417264,69.06474820143885,6.83453237410072,62.23021582733813
E00139678,293,49,24,25,244,28,216,16.723549488054605,8.19112627986348,8.532423208191126,83.27645051194538,9.556313993174061,73.72013651877133
E00139679,214,59,23,36,155,18,137,27.570093457943923,10.74766355140187,16.822429906542055,72.42990654205607,8.411214953271028,64.01869158878505
E00139680,285,50,15,35,235,15,220,17.543859649122805,5.263157894736842,12.280701754385964,82.45614035087719,5.263157894736842,77.19298245614034
E00139681,254,62,19,43,192,26,166,24.409448818897637,7.480314960629922,16.92913385826772,75.59055118110236,10.236220472440944,65.35433070866141
E00139682,249,50,17,33,199,16,183,20.080321285140563,6.827309236947792,13.253012048192772,79.91967871485943,6.425702811244979,73.49397590361446
E00139684,233,58,19,39,175,23,152,24.892703862660944,8.15450643776824,16.738197424892704,75.10729613733905,9.871244635193133,65.23605150214593
E00139685,244,46,18,28,198,22,176,18.852459016393443,7.377049180327869,11.475409836065573,81.14754098360656,9.01639344262295,72.1311475409836
E00139686,293,65,26,39,228,39,189,22.18430034129693,8.873720136518772,13.310580204778159,77.81569965870307,13.310580204778159,64.50511945392492
E00139687,316,73,31,42,243,23,220,23.10126582278481,9.81012658227848,13.291139240506327,76.89873417721519,7.2784810126582276,69.62025316455697
E00139688,273,67,29,38,206,21,185,24.54212454212454,10.622710622710622,13.91941391941392,75.45787545787546,7.6923076923076925,67.76556776556777
E00139689,499,66,17,49,433,45,388,13.226452905811623,3.406813627254509,9.819639278557114,86.77354709418837,9.01803607214429,77.75551102204409
E00139690,160,20,4,16,140,10,130,12.5,2.5,10,87.5,6.25,81.25
E00139691,194,41,9,32,153,12,141,21.1340206185567,4.639175257731959,16.49484536082474,78.8659793814433,6.185567010309279,72.68041237113401
E00139692,279,41,10,31,238,28,210,14.695340501792115,3.584229390681003,11.11111111111111,85.30465949820788,10.03584229390681,75.26881720430107
E00139693,282,55,21,34,227,28,199,19.50354609929078,7.446808510638298,12.056737588652481,80.49645390070921,9.929078014184398,70.56737588652481
E00139694,326,54,21,33,272,23,249,16.56441717791411,6.441717791411043,10.122699386503067,83.43558282208589,7.05521472392638,76.38036809815951
E00139696,250,69,37,32,181,33,148,27.6,14.799999999999999,12.8,72.39999999999999,13.200000000000001,59.199999999999996
E00139697,390,54,16,38,336,28,308,13.846153846153847,4.102564102564102,9.7435897435897445,86.15384615384616,7.179487179487179,78.97435897435898
E00139698,403,81,24,57,322,36,286,20.099255583126553,5.955334987593052,14.1439205955335,79.90074441687345,8.933002481389577,70.96774193548387
E00139700,466,75,30,45,391,36,355,16.09442060085837,6.437768240343347,9.656652360515022,83.90557939914163,7.725321888412018,76.1802575107296
E00139701,266,60,30,30,206,27,179,22.55639097744361,11.278195488721805,11.278195488721805,77.44360902255639,10.150375939849624,67.29323308270678
E00139702,319,57,24,33,262,29,233,17.86833855799373,7.523510971786834,10.344827586206897,82.13166144200626,9.090909090909092,73.04075235109718
E00139703,395,65,25,40,330,32,298,16.455696202531644,6.329113924050633,10.126582278481013,83.54430379746836,8.10126582278481,75.44303797468355
E00139704,232,27,8,19,205,22,183,11.637931034482758,3.4482758620689653,8.189655172413794,88.36206896551724,9.482758620689655,78.87931034482759
E00139705,317,70,34,36,247,33,214,22.082018927444793,10.725552050473187,11.35646687697161,77.91798107255521,10.410094637223976,67.50788643533123
E00139706,222,44,16,28,178,22,156,19.81981981981982,7.207207207207207,12.612612612612612,80.18018018018019,9.90990990990991,70.27027027027027
E00139707,339,57,22,35,282,31,251,16.8141592920354,6.489675516224189,10.32448377581121,83.1858407079646,9.144542772861357,74.04129793510324
E00139708,306,51,19,32,255,30,225,16.666666666666664,6.209150326797386,10.457516339869281,83.33333333333334,9.803921568627452,73.52941176470588
E00139709,180,30,13,17,150,21,129,16.666666666666664,7.222222222222221,9.444444444444445,83.33333333333334,11.666666666666666,71.66666666666667
E00139710,379,56,19,37,323,29,294,14.775725593667547,5.013192612137203,9.762532981530343,85.22427440633246,7.651715039577836,77.57255936675462
E00139711,256,28,9,19,228,19,209,10.9375,3.515625,7.421875,89.0625,7.421875,81.640625
E00139712,250,67,34,33,183,14,169,26.8,13.600000000000001,13.200000000000001,73.2,5.6000000000000005,67.60000000000001
E00139713,256,64,36,28,192,22,170,25,14.0625,10.9375,75,8.59375,66.40625
E00139714,294,90,48,42,204,20,184,30.612244897959183,16.3265306122449,14.285714285714285,69.38775510204081,6.802721088435375,62.585034013605444
E00139715,298,100,60,40,198,20,178,33.557046979865774,20.13422818791946,13.422818791946309,66.44295302013423,6.7114093959731544,59.73154362416108
E00139716,348,90,53,37,258,25,233,25.862068965517242,15.229885057471265,10.632183908045976,74.13793103448276,7.183908045977011,66.95402298850574
E00139717,241,86,57,29,155,11,144,35.684647302904565,23.651452282157674,12.033195020746888,64.31535269709543,4.564315352697095,59.75103734439834
E00139718,251,40,13,27,211,26,185,15.936254980079681,5.179282868525896,10.756972111553784,84.06374501992032,10.358565737051793,73.70517928286853
E00139719,261,52,19,33,209,35,174,19.923371647509576,7.2796934865900385,12.643678160919542,80.07662835249042,13.409961685823754,66.66666666666666
E00139720,238,43,16,27,195,24,171,18.067226890756302,6.722689075630252,11.344537815126051,81.9327731092437,10.084033613445378,71.84873949579831
E00139721,316,102,53,49,214,27,187,32.278481012658226,16.77215189873418,15.50632911392405,67.72151898734177,8.544303797468354,59.17721518987342
E00139722,348,105,38,67,243,23,220,30.17241379310345,10.919540229885058,19.25287356321839,69.82758620689656,6.609195402298851,63.2183908045977
E00139723,182,59,19,40,123,12,111,32.417582417582416,10.43956043956044,21.978021978021978,67.58241758241759,6.593406593406594,60.98901098901099
E00139724,239,62,20,42,177,22,155,25.94142259414226,8.368200836820083,17.573221757322173,74.05857740585773,9.205020920502092,64.85355648535564
E00139725,176,69,30,39,107,13,94,39.20454545454545,17.045454545454543,22.15909090909091,60.79545454545454,7.386363636363637,53.40909090909091
E00139726,202,36,13,23,166,24,142,17.82178217821782,6.435643564356436,11.386138613861387,82.17821782178217,11.881188118811881,70.29702970297029
E00139727,302,41,14,27,261,24,237,13.57615894039735,4.635761589403973,8.940397350993377,86.42384105960265,7.9470198675496695,78.47682119205298
E00139728,252,63,31,32,189,24,165,25,12.3015873015873,12.698412698412698,75,9.523809523809524,65.47619047619048
E00139729,238,48,20,28,190,16,174,20.168067226890756,8.403361344537815,11.76470588235294,79.83193277310924,6.722689075630252,73.10924369747899
E00139730,317,41,15,26,276,31,245,12.933753943217665,4.73186119873817,8.201892744479496,87.06624605678233,9.779179810725552,77.28706624605678
E00139731,126,65,32,33,61,11,50,51.587301587301596,25.396825396825395,26.190476190476193,48.41269841269841,8.73015873015873,39.682539682539684
E00139732,241,62,28,34,179,21,158,25.72614107883817,11.618257261410788,14.107883817427386,74.27385892116183,8.71369294605809,65.56016597510373
E00139733,280,42,11,31,238,20,218,15,3.9285714285714284,11.071428571428571,85,7.142857142857142,77.85714285714286
E00139734,266,46,12,34,220,30,190,17.293233082706767,4.511278195488721,12.781954887218044,82.70676691729322,11.278195488721805,71.42857142857143
E00139735,268,38,11,27,230,42,188,14.17910447761194,4.104477611940299,10.074626865671641,85.82089552238806,15.671641791044777,70.1492537313433
E00139736,296,49,14,35,247,31,216,16.554054054054053,4.72972972972973,11.824324324324325,83.44594594594594,10.472972972972974,72.97297297297297
E00139737,302,41,15,26,261,32,229,13.57615894039735,4.966887417218543,8.609271523178808,86.42384105960265,10.596026490066226,75.82781456953643
E00139738,358,89,47,42,269,31,238,24.860335195530723,13.128491620111731,11.731843575418994,75.13966480446928,8.659217877094973,66.4804469273743
E00139739,316,40,18,22,276,30,246,12.658227848101266,5.69620253164557,6.962025316455696,87.34177215189874,9.49367088607595,77.84810126582279
E00139740,623,117,58,59,506,60,446,18.780096308186195,9.309791332263243,9.470304975922954,81.2199036918138,9.630818619582666,71.58908507223114
E00139741,470,61,20,41,409,46,363,12.978723404255318,4.25531914893617,8.72340425531915,87.02127659574468,9.787234042553191,77.23404255319149
E00139742,265,45,13,32,220,31,189,16.9811320754717,4.905660377358491,12.075471698113208,83.01886792452831,11.69811320754717,71.32075471698113
E00139743,314,47,14,33,267,35,232,14.968152866242038,4.45859872611465,10.509554140127388,85.03184713375796,11.146496815286625,73.88535031847134
E00139744,300,42,18,24,258,27,231,14.000000000000002,6,8,86,9,77
E00139745,295,59,18,41,236,40,196,20,6.101694915254238,13.898305084745763,80,13.559322033898304,66.44067796610169
E00139746,271,47,21,26,224,20,204,17.343173431734318,7.7490774907749085,9.59409594095941,82.65682656826569,7.380073800738007,75.27675276752768
E00139747,268,54,28,26,214,14,200,20.149253731343283,10.44776119402985,9.701492537313433,79.8507462686567,5.223880597014925,74.6268656716418
E00139748,274,52,20,32,222,31,191,18.97810218978102,7.2992700729927,11.678832116788321,81.02189781021897,11.313868613138686,69.7080291970803
E00139749,435,94,33,61,341,52,289,21.60919540229885,7.586206896551724,14.022988505747128,78.39080459770115,11.954022988505747,66.4367816091954
E00139750,252,50,29,21,202,18,184,19.841269841269842,11.507936507936508,8.333333333333332,80.15873015873017,7.142857142857142,73.01587301587301
E00139751,374,43,17,26,331,29,302,11.497326203208557,4.545454545454546,6.951871657754011,88.50267379679144,7.754010695187167,80.74866310160428
E00139752,346,53,19,34,293,32,261,15.31791907514451,5.491329479768786,9.826589595375722,84.6820809248555,9.248554913294797,75.43352601156069
E00139753,306,36,14,22,270,22,248,11.76470588235294,4.57516339869281,7.18954248366013,88.23529411764706,7.18954248366013,81.04575163398692
E00139755,232,82,47,35,150,18,132,35.3448275862069,20.25862068965517,15.086206896551724,64.65517241379311,7.758620689655173,56.896551724137936
E00139756,286,78,33,45,208,16,192,27.27272727272727,11.538461538461538,15.734265734265735,72.72727272727273,5.594405594405594,67.13286713286713
E00139757,249,60,29,31,189,31,158,24.096385542168676,11.646586345381527,12.449799196787147,75.90361445783132,12.449799196787147,63.45381526104418
E00139758,262,58,25,33,204,17,187,22.137404580152673,9.541984732824428,12.595419847328243,77.86259541984732,6.488549618320611,71.37404580152672
E00139759,250,50,23,27,200,29,171,20,9.2,10.8,80,11.600000000000001,68.4
E00139760,253,51,17,34,202,27,175,20.158102766798418,6.719367588932807,13.438735177865613,79.84189723320159,10.67193675889328,69.1699604743083
E00139761,272,28,7,21,244,31,213,10.294117647058822,2.5735294117647056,7.720588235294118,89.70588235294117,11.397058823529411,78.30882352941177
E00139762,245,31,14,17,214,30,184,12.653061224489795,5.714285714285714,6.938775510204081,87.34693877551021,12.244897959183673,75.10204081632654
E00139763,336,51,15,36,285,29,256,15.178571428571427,4.464285714285714,10.714285714285714,84.82142857142857,8.630952380952381,76.19047619047619
E00139764,264,85,37,48,179,19,160,32.196969696969695,14.015151515151514,18.181818181818183,67.8030303030303,7.196969696969697,60.60606060606061
E00139765,247,52,26,26,195,19,176,21.052631578947366,10.526315789473683,10.526315789473683,78.94736842105263,7.6923076923076925,71.25506072874494
E00139766,435,63,21,42,372,33,339,14.482758620689657,4.827586206896552,9.655172413793103,85.51724137931035,7.586206896551724,77.93103448275862
E00139767,496,73,20,53,423,46,377,14.717741935483872,4.032258064516129,10.685483870967742,85.28225806451613,9.274193548387096,76.00806451612904
E00139768,288,61,27,34,227,23,204,21.180555555555554,9.375,11.805555555555555,78.81944444444444,7.986111111111111,70.83333333333334
E00139769,213,56,31,25,157,20,137,26.291079812206576,14.553990610328638,11.737089201877934,73.70892018779342,9.389671361502346,64.31924882629107
E00139770,252,66,25,41,186,18,168,26.190476190476193,9.920634920634921,16.26984126984127,73.80952380952381,7.142857142857142,66.66666666666666
E00139771,295,93,45,48,202,23,179,31.52542372881356,15.254237288135593,16.271186440677965,68.47457627118644,7.796610169491526,60.67796610169491
E00139772,307,46,21,25,261,30,231,14.983713355048861,6.840390879478828,8.143322475570033,85.01628664495115,9.77198697068404,75.2442996742671
E00139773,289,44,9,35,245,26,219,15.22491349480969,3.1141868512110724,12.110726643598616,84.77508650519032,8.996539792387544,75.77854671280276
E00139774,244,92,50,42,152,16,136,37.704918032786885,20.491803278688526,17.21311475409836,62.295081967213115,6.557377049180328,55.73770491803278
E00139775,243,49,20,29,194,29,165,20.16460905349794,8.23045267489712,11.934156378600823,79.83539094650206,11.934156378600823,67.90123456790124
E00139776,302,59,30,29,243,19,224,19.5364238410596,9.933774834437086,9.602649006622517,80.4635761589404,6.291390728476822,74.17218543046357
E00139777,365,88,44,44,277,21,256,24.10958904109589,12.054794520547945,12.054794520547945,75.89041095890411,5.7534246575342465,70.13698630136986
E00139778,233,39,7,32,194,15,179,16.738197424892704,3.004291845493562,13.733905579399142,83.2618025751073,6.437768240343347,76.82403433476395
E00139779,256,35,19,16,221,16,205,13.671875,7.421875,6.25,86.328125,6.25,80.078125
E00139780,170,30,14,16,140,22,118,17.647058823529413,8.235294117647058,9.411764705882353,82.35294117647058,12.941176470588237,69.41176470588235
E00139781,327,40,9,31,287,35,252,12.232415902140673,2.7522935779816518,9.480122324159021,87.76758409785933,10.703363914373089,77.06422018348624
E00139782,359,42,18,24,317,28,289,11.699164345403899,5.013927576601671,6.685236768802229,88.3008356545961,7.7994428969359335,80.50139275766016
E00139783,180,55,25,30,125,11,114,30.555555555555557,13.88888888888889,16.666666666666664,69.44444444444444,6.111111111111111,63.33333333333333
E00139784,264,41,16,25,223,26,197,15.530303030303031,6.0606060606060606,9.469696969696969,84.46969696969697,9.848484848484848,74.62121212121212
E00139785,332,39,13,26,293,21,272,11.74698795180723,3.91566265060241,7.83132530120482,88.25301204819277,6.325301204819277,81.92771084337349
E00139786,310,43,18,25,267,29,238,13.870967741935484,5.806451612903226,8.064516129032258,86.12903225806451,9.35483870967742,76.77419354838709
E00139787,315,54,24,30,261,28,233,17.142857142857142,7.6190476190476195,9.523809523809524,82.85714285714286,8.88888888888889,73.96825396825398
E00139788,359,77,43,34,282,27,255,21.448467966573816,11.977715877437326,9.47075208913649,78.55153203342618,7.520891364902507,71.03064066852369
E00139789,356,32,6,26,324,30,294,8.98876404494382,1.6853932584269662,7.303370786516854,91.01123595505618,8.426966292134832,82.58426966292134
E00139790,361,35,16,19,326,26,300,9.695290858725762,4.43213296398892,5.263157894736842,90.30470914127424,7.202216066481995,83.10249307479224
E00139792,310,57,28,29,253,28,225,18.387096774193548,9.032258064516128,9.35483870967742,81.61290322580645,9.032258064516128,72.58064516129032
E00139793,366,118,65,53,248,21,227,32.240437158469945,17.759562841530055,14.48087431693989,67.75956284153006,5.737704918032787,62.02185792349727
E00139794,283,52,22,30,231,11,220,18.374558303886925,7.773851590106007,10.60070671378092,81.62544169611307,3.8869257950530036,77.73851590106007
E00139795,505,113,70,43,392,42,350,22.37623762376238,13.861386138613863,8.514851485148515,77.62376237623762,8.316831683168317,69.3069306930693
E00139796,322,41,10,31,281,20,261,12.732919254658384,3.1055900621118013,9.627329192546584,87.26708074534162,6.211180124223603,81.05590062111801
E00139797,323,42,16,26,281,26,255,13.003095975232199,4.953560371517028,8.04953560371517,86.9969040247678,8.04953560371517,78.94736842105263
E00139798,362,50,15,35,312,27,285,13.812154696132598,4.143646408839778,9.668508287292818,86.1878453038674,7.458563535911603,78.72928176795581
E00139799,332,35,11,24,297,26,271,10.542168674698797,3.313253012048193,7.228915662650602,89.45783132530121,7.83132530120482,81.62650602409639
E00139800,291,31,10,21,260,31,229,10.652920962199312,3.436426116838488,7.216494845360824,89.3470790378007,10.652920962199312,78.69415807560138
E00139801,381,47,19,28,334,21,313,12.335958005249344,4.986876640419948,7.349081364829396,87.66404199475065,5.511811023622047,82.1522309711286
E00139802,314,45,14,31,269,28,241,14.331210191082802,4.45859872611465,9.872611464968154,85.6687898089172,8.9171974522293,76.75159235668791
E00139803,318,44,14,30,274,17,257,13.836477987421384,4.40251572327044,9.433962264150944,86.16352201257862,5.345911949685535,80.81761006289308
E00139804,305,41,10,31,264,29,235,13.442622950819672,3.278688524590164,10.163934426229508,86.55737704918033,9.508196721311474,77.04918032786885
E00139806,313,39,8,31,274,24,250,12.460063897763577,2.5559105431309903,9.904153354632587,87.53993610223642,7.667731629392971,79.87220447284345
E00139807,337,49,16,33,288,26,262,14.540059347181009,4.747774480712167,9.792284866468842,85.45994065281899,7.71513353115727,77.74480712166172
E00139808,295,37,17,20,258,29,229,12.54237288135593,5.762711864406779,6.779661016949152,87.45762711864407,9.830508474576272,77.62711864406779
E00139811,340,43,11,32,297,20,277,12.647058823529411,3.2352941176470593,9.411764705882353,87.3529411764706,5.88235294117647,81.47058823529412
E00139812,234,35,13,22,199,16,183,14.957264957264957,5.555555555555555,9.401709401709402,85.04273504273505,6.837606837606838,78.2051282051282
E00139813,111,15,4,11,96,6,90,13.513513513513514,3.6036036036036037,9.90990990990991,86.48648648648648,5.405405405405405,81.08108108108108
E00139814,223,42,18,24,181,16,165,18.83408071748879,8.071748878923767,10.762331838565023,81.16591928251121,7.174887892376682,73.99103139013454
E00139815,346,45,14,31,301,30,271,13.005780346820808,4.046242774566474,8.959537572254336,86.9942196531792,8.670520231213873,78.32369942196532
E00139816,355,72,35,37,283,29,254,20.281690140845072,9.859154929577464,10.422535211267606,79.71830985915493,8.169014084507042,71.54929577464789
E00139817,438,74,29,45,364,39,325,16.894977168949772,6.621004566210045,10.273972602739725,83.10502283105022,8.904109589041095,74.20091324200914
E00139818,380,28,16,12,352,4,348,7.368421052631578,4.2105263157894735,3.1578947368421053,92.63157894736842,1.0526315789473684,91.57894736842105
E00139820,438,60,23,37,378,44,334,13.698630136986301,5.251141552511415,8.447488584474886,86.3013698630137,10.045662100456621,76.25570776255708
E00139821,225,37,16,21,188,15,173,16.444444444444446,7.111111111111111,9.333333333333334,83.55555555555556,6.666666666666667,76.88888888888889
E00139823,460,61,20,41,399,36,363,13.260869565217392,4.3478260869565215,8.91304347826087,86.73913043478261,7.82608695652174,78.91304347826087
E00139824,351,73,31,42,278,33,245,20.7977207977208,8.831908831908832,11.965811965811966,79.2022792022792,9.401709401709402,69.8005698005698
E00139825,176,28,11,17,148,14,134,15.909090909090908,6.25,9.659090909090908,84.0909090909091,7.954545454545454,76.13636363636364
E00139826,296,64,33,31,232,34,198,21.62162162162162,11.14864864864865,10.472972972972974,78.37837837837837,11.486486486486488,66.8918918918919
E00139827,292,58,21,37,234,30,204,19.863013698630137,7.191780821917808,12.67123287671233,80.13698630136986,10.273972602739725,69.86301369863014
E00139828,296,71,40,31,225,12,213,23.986486486486484,13.513513513513514,10.472972972972974,76.01351351351352,4.054054054054054,71.95945945945947
E00139829,233,65,38,27,168,24,144,27.896995708154503,16.30901287553648,11.587982832618025,72.1030042918455,10.300429184549357,61.80257510729614
E00139830,249,66,41,25,183,14,169,26.506024096385545,16.46586345381526,10.040160642570282,73.49397590361446,5.622489959839357,67.8714859437751
E00139831,352,66,32,34,286,36,250,18.75,9.090909090909092,9.659090909090908,81.25,10.227272727272728,71.02272727272727
E00139833,335,78,27,51,257,28,229,23.283582089552237,8.059701492537313,15.223880597014924,76.71641791044776,8.358208955223882,68.35820895522387
E00139834,354,49,16,33,305,42,263,13.841807909604519,4.519774011299435,9.322033898305085,86.15819209039547,11.864406779661017,74.29378531073446
E00139835,244,66,22,44,178,17,161,27.049180327868854,9.01639344262295,18.0327868852459,72.95081967213115,6.967213114754098,65.98360655737704
E00139836,142,25,11,14,117,13,104,17.6056338028169,7.746478873239436,9.859154929577464,82.3943661971831,9.15492957746479,73.23943661971832
E00139837,316,66,22,44,250,24,226,20.88607594936709,6.962025316455696,13.924050632911392,79.11392405063292,7.59493670886076,71.51898734177216
E00139838,238,38,11,27,200,27,173,15.966386554621847,4.621848739495799,11.344537815126051,84.03361344537815,11.344537815126051,72.68907563025209
E00139839,338,65,32,33,273,25,248,19.230769230769234,9.467455621301776,9.763313609467456,80.76923076923077,7.396449704142012,73.37278106508876
E00139840,329,56,15,41,273,26,247,17.02127659574468,4.5592705167173255,12.462006079027356,82.97872340425532,7.90273556231003,75.07598784194529
E00139841,199,45,21,24,154,25,129,22.613065326633166,10.552763819095476,12.060301507537687,77.38693467336684,12.562814070351758,64.82412060301507
E00139842,205,58,20,38,147,26,121,28.292682926829265,9.75609756097561,18.536585365853657,71.70731707317073,12.682926829268293,59.02439024390244
E00139843,321,44,14,30,277,30,247,13.707165109034266,4.361370716510903,9.345794392523365,86.29283489096574,9.345794392523365,76.94704049844236
E00139844,315,53,10,43,262,34,228,16.825396825396826,3.1746031746031744,13.65079365079365,83.17460317460318,10.793650793650794,72.38095238095238
E00139845,277,49,17,32,228,24,204,17.689530685920577,6.137184115523466,11.552346570397113,82.31046931407943,8.664259927797833,73.6462093862816
E00139846,281,54,19,35,227,18,209,19.217081850533805,6.761565836298933,12.455516014234876,80.78291814946618,6.405693950177936,74.37722419928826
E00139847,224,49,17,32,175,15,160,21.875,7.5892857142857135,14.285714285714285,78.125,6.696428571428571,71.42857142857143
E00139848,291,63,31,32,228,21,207,21.649484536082475,10.652920962199312,10.996563573883162,78.35051546391753,7.216494845360824,71.1340206185567
E00139849,481,91,44,47,390,35,355,18.91891891891892,9.147609147609149,9.771309771309772,81.08108108108108,7.276507276507277,73.8045738045738
E00139850,258,52,22,30,206,20,186,20.155038759689923,8.527131782945736,11.627906976744185,79.84496124031007,7.751937984496124,72.09302325581395
E00139851,164,61,33,28,103,13,90,37.19512195121951,20.121951219512198,17.073170731707318,62.80487804878049,7.926829268292683,54.87804878048781
E00139852,234,39,15,24,195,18,177,16.666666666666664,6.41025641025641,10.256410256410255,83.33333333333334,7.6923076923076925,75.64102564102564
E00139853,294,37,6,31,257,23,234,12.585034013605442,2.0408163265306123,10.54421768707483,87.41496598639455,7.8231292517006805,79.59183673469387
E00139854,270,53,18,35,217,33,184,19.62962962962963,6.666666666666667,12.962962962962962,80.37037037037037,12.222222222222221,68.14814814814815
E00139855,283,31,12,19,252,30,222,10.954063604240282,4.240282685512367,6.713780918727916,89.04593639575971,10.60070671378092,78.4452296819788
E00139856,246,37,11,26,209,23,186,15.040650406504067,4.471544715447155,10.569105691056912,84.95934959349594,9.34959349593496,75.60975609756098
E00139857,261,42,16,26,219,27,192,16.091954022988507,6.130268199233716,9.961685823754788,83.9080459770115,10.344827586206897,73.5632183908046
E00139858,435,55,13,42,380,49,331,12.643678160919542,2.9885057471264367,9.655172413793103,87.356321839080465,11.264367816091953,76.0919540229885
E00139859,265,42,18,24,223,23,200,15.849056603773585,6.7924528301886795,9.056603773584905,84.15094339622642,8.679245283018867,75.47169811320755
E00139860,276,45,17,28,231,24,207,16.304347826086957,6.159420289855073,10.144927536231885,83.69565217391305,8.695652173913043,75
E00139861,311,90,43,47,221,23,198,28.938906752411576,13.826366559485532,15.112540192926044,71.06109324758843,7.395498392282958,63.665594855305464
E00139862,335,67,25,42,268,26,242,20,7.462686567164178,12.53731343283582,80,7.761194029850746,72.23880597014926
E00139863,323,41,16,25,282,34,248,12.693498452012383,4.953560371517028,7.739938080495357,87.30650154798761,10.526315789473683,76.78018575851394
E00139864,287,54,23,31,233,31,202,18.81533101045296,8.013937282229964,10.801393728222997,81.18466898954703,10.801393728222997,70.38327526132404
E00139865,204,41,19,22,163,11,152,20.098039215686274,9.313725490196079,10.784313725490197,79.90196078431373,5.392156862745098,74.50980392156863
E00139866,213,42,18,24,171,18,153,19.718309859154928,8.450704225352112,11.267605633802818,80.28169014084507,8.450704225352112,71.83098591549296
E00139867,394,53,20,33,341,36,305,13.451776649746192,5.0761421319796955,8.375634517766498,86.5482233502538,9.137055837563452,77.41116751269035
E00139868,232,63,28,35,169,15,154,27.155172413793103,12.068965517241379,15.086206896551724,72.84482758620689,6.4655172413793105,66.37931034482759
E00139869,253,48,17,31,205,29,176,18.972332015810274,6.719367588932807,12.25296442687747,81.02766798418972,11.462450592885375,69.56521739130434
E00139870,392,50,19,31,342,27,315,12.755102040816327,4.846938775510204,7.908163265306123,87.24489795918367,6.887755102040815,80.35714285714286
E00139871,404,65,23,42,339,26,313,16.08910891089109,5.693069306930694,10.396039603960396,83.9108910891089,6.435643564356436,77.47524752475248
E00139872,306,88,48,40,218,21,197,28.75816993464052,15.686274509803921,13.071895424836603,71.24183006535948,6.862745098039216,64.37908496732027
E00139873,212,32,9,23,180,23,157,15.09433962264151,4.245283018867925,10.849056603773585,84.90566037735849,10.849056603773585,74.05660377358491
E00139874,365,53,16,37,312,35,277,14.520547945205479,4.383561643835616,10.136986301369863,85.47945205479452,9.58904109589041,75.89041095890411
E00139875,342,69,31,38,273,26,247,20.175438596491226,9.064327485380117,11.11111111111111,79.82456140350878,7.602339181286549,72.22222222222221
E00139876,386,65,27,38,321,35,286,16.83937823834197,6.994818652849741,9.844559585492227,83.16062176165802,9.067357512953368,74.09326424870466
E00139877,296,61,23,38,235,29,206,20.60810810810811,7.77027027027027,12.837837837837837,79.3918918918919,9.797297297297296,69.5945945945946
E00139878,197,23,8,15,174,18,156,11.6751269035533,4.060913705583756,7.614213197969544,88.3248730964467,9.137055837563452,79.18781725888326
E00139879,252,57,21,36,195,15,180,22.61904761904762,8.333333333333332,14.285714285714285,77.38095238095238,5.952380952380952,71.42857142857143
E00139880,228,47,15,32,181,17,164,20.614035087719298,6.578947368421052,14.035087719298245,79.3859649122807,7.456140350877193,71.9298245614035
E00139881,264,60,19,41,204,25,179,22.727272727272727,7.196969696969697,15.530303030303031,77.27272727272727,9.469696969696969,67.8030303030303
E00139882,268,61,33,28,207,23,184,22.761194029850746,12.313432835820896,10.44776119402985,77.23880597014924,8.582089552238806,68.65671641791045
E00139883,252,67,42,25,185,12,173,26.58730158730159,16.666666666666664,9.920634920634921,73.4126984126984,4.761904761904762,68.65079365079364
E00139884,232,59,37,22,173,23,150,25.43103448275862,15.948275862068966,9.482758620689655,74.56896551724138,9.913793103448276,64.65517241379311
E00139885,294,64,25,39,230,15,215,21.768707482993197,8.503401360544217,13.26530612244898,78.2312925170068,5.1020408163265305,73.12925170068027
E00139886,261,51,23,28,210,20,190,19.54022988505747,8.812260536398467,10.727969348659004,80.45977011494253,7.662835249042145,72.79693486590038
E00139887,261,43,17,26,218,19,199,16.47509578544061,6.513409961685824,9.961685823754788,83.5249042145594,7.2796934865900385,76.24521072796935
E00139888,393,64,22,42,329,25,304,16.28498727735369,5.597964376590331,10.687022900763358,83.7150127226463,6.361323155216285,77.35368956743002
E00139889,330,47,26,21,283,23,260,14.242424242424242,7.878787878787878,6.363636363636363,85.75757575757575,6.969696969696971,78.78787878787878
E00139890,236,55,23,32,181,11,170,23.30508474576271,9.745762711864407,13.559322033898304,76.69491525423729,4.661016949152542,72.03389830508475
E00139891,282,58,25,33,224,24,200,20.56737588652482,8.865248226950355,11.702127659574469,79.43262411347519,8.51063829787234,70.92198581560284
E00139892,327,63,22,41,264,25,239,19.26605504587156,6.727828746177369,12.538226299694188,80.73394495412845,7.64525993883792,73.08868501529052
E00139893,249,46,19,27,203,23,180,18.473895582329316,7.630522088353414,10.843373493975903,81.52610441767068,9.236947791164658,72.28915662650603
E00139894,399,79,28,51,320,35,285,19.799498746867165,7.017543859649122,12.781954887218044,80.20050125313283,8.771929824561402,71.42857142857143
E00139895,305,45,15,30,260,19,241,14.754098360655737,4.918032786885246,9.836065573770492,85.24590163934425,6.229508196721312,79.01639344262294
E00139896,232,58,30,28,174,22,152,25,12.931034482758621,12.068965517241379,75,9.482758620689655,65.51724137931035
E00139897,277,44,20,24,233,20,213,15.884476534296029,7.2202166064981945,8.664259927797833,84.11552346570397,7.2202166064981945,76.89530685920577
E00139898,388,79,37,42,309,30,279,20.36082474226804,9.536082474226804,10.824742268041238,79.63917525773195,7.731958762886598,71.90721649484536
E00139899,451,46,16,30,405,35,370,10.199556541019955,3.5476718403547673,6.651884700665188,89.80044345898004,7.760532150776053,82.039911308204
E00139900,323,69,27,42,254,36,218,21.36222910216718,8.359133126934983,13.003095975232199,78.63777089783281,11.145510835913312,67.49226006191951
E00139901,178,46,18,28,132,20,112,25.842696629213485,10.112359550561797,15.730337078651685,74.15730337078652,11.235955056179774,62.92134831460674
E00139902,226,77,29,48,149,20,129,34.070796460176986,12.831858407079647,21.238938053097346,65.929203539823,8.849557522123893,57.07964601769911
E00139903,317,99,45,54,218,32,186,31.230283911671926,14.195583596214512,17.034700315457414,68.76971608832808,10.094637223974763,58.67507886435332
E00139904,247,32,12,20,215,25,190,12.955465587044534,4.8582995951417,8.097165991902834,87.04453441295547,10.121457489878543,76.92307692307693
E00139905,351,39,14,25,312,34,278,11.11111111111111,3.9886039886039883,7.122507122507122,88.88888888888889,9.686609686609685,79.2022792022792
E00139906,279,47,13,34,232,23,209,16.845878136200717,4.659498207885305,12.186379928315413,83.15412186379928,8.24372759856631,74.91039426523297
E00139907,294,52,21,31,242,31,211,17.687074829931973,7.142857142857142,10.54421768707483,82.31292517006803,10.54421768707483,71.7687074829932
E00139908,293,56,23,33,237,24,213,19.112627986348123,7.849829351535837,11.262798634812286,80.88737201365188,8.19112627986348,72.6962457337884
E00139909,301,63,20,43,238,30,208,20.930232558139537,6.64451827242525,14.285714285714285,79.06976744186046,9.966777408637874,69.10299003322258
E00139910,348,47,17,30,301,35,266,13.505747126436782,4.885057471264368,8.620689655172415,86.49425287356321,10.057471264367816,76.4367816091954
E00139911,199,45,22,23,154,12,142,22.613065326633166,11.055276381909549,11.557788944723619,77.38693467336684,6.030150753768844,71.35678391959799
E00139912,372,78,27,51,294,24,270,20.967741935483872,7.258064516129033,13.709677419354838,79.03225806451613,6.451612903225806,72.58064516129032
E00139913,297,81,41,40,216,18,198,27.27272727272727,13.804713804713806,13.468013468013467,72.72727272727273,6.0606060606060606,66.66666666666666
E00139914,216,38,12,26,178,25,153,17.59259259259259,5.555555555555555,12.037037037037036,82.4074074074074,11.574074074074074,70.83333333333334
E00139915,244,76,43,33,168,23,145,31.147540983606557,17.62295081967213,13.524590163934427,68.85245901639344,9.426229508196721,59.42622950819673
E00139916,236,52,21,31,184,18,166,22.033898305084744,8.898305084745763,13.135593220338984,77.96610169491525,7.627118644067797,70.33898305084746
E00139917,281,53,16,37,228,27,201,18.86120996441281,5.6939501779359425,13.167259786476867,81.13879003558719,9.608540925266903,71.53024911032028
E00139918,290,54,10,44,236,42,194,18.620689655172416,3.4482758620689653,15.172413793103448,81.37931034482759,14.482758620689657,66.89655172413794
E00139919,402,91,53,38,311,36,275,22.63681592039801,13.184079601990051,9.45273631840796,77.363184079602,8.955223880597014,68.40796019900498
E00139920,346,65,24,41,281,24,257,18.786127167630056,6.9364161849710975,11.849710982658959,81.21387283236994,6.9364161849710975,74.27745664739885
E00139921,283,47,14,33,236,27,209,16.607773851590103,4.946996466431095,11.66077738515901,83.3922261484099,9.540636042402827,73.85159010600707
E00139922,256,47,17,30,209,22,187,18.359375,6.640625,11.71875,81.640625,8.59375,73.046875
E00139923,261,40,13,27,221,22,199,15.32567049808429,4.980842911877394,10.344827586206897,84.67432950191571,8.42911877394636,76.24521072796935
E00139924,266,42,12,30,224,26,198,15.789473684210526,4.511278195488721,11.278195488721805,84.21052631578947,9.774436090225564,74.43609022556392
E00139925,276,50,9,41,226,13,213,18.115942028985508,3.260869565217391,14.855072463768115,81.88405797101449,4.710144927536232,77.17391304347827
E00139926,277,40,13,27,237,23,214,14.440433212996389,4.693140794223827,9.747292418772563,85.5595667870036,8.303249097472925,77.25631768953069
E00139927,326,83,38,45,243,23,220,25.4601226993865,11.65644171779141,13.803680981595093,74.5398773006135,7.05521472392638,67.48466257668711
E00139928,299,105,53,52,194,17,177,35.11705685618729,17.725752508361204,17.391304347826086,64.88294314381271,5.68561872909699,59.19732441471572
E00139929,322,52,16,36,270,23,247,16.149068322981368,4.968944099378882,11.180124223602485,83.85093167701864,7.142857142857142,76.70807453416148
E00139930,329,47,22,25,282,30,252,14.285714285714285,6.68693009118541,7.598784194528875,85.71428571428571,9.118541033434651,76.59574468085107
E00139931,295,84,38,46,211,21,190,28.474576271186443,12.88135593220339,15.593220338983052,71.52542372881356,7.118644067796611,64.40677966101694
E00139932,318,62,19,43,256,30,226,19.49685534591195,5.9748427672955975,13.522012578616351,80.50314465408806,9.433962264150944,71.0691823899371
E00139933,313,88,43,45,225,22,203,28.115015974440894,13.738019169329075,14.376996805111823,71.8849840255591,7.0287539936102235,64.85623003194888
E00139934,370,66,23,43,304,48,256,17.83783783783784,6.216216216216217,11.621621621621623,82.16216216216216,12.972972972972974,69.1891891891892
E00139935,280,67,37,30,213,16,197,23.92857142857143,13.214285714285715,10.714285714285714,76.07142857142857,5.714285714285714,70.35714285714286
E00139936,379,112,61,51,267,28,239,29.551451187335093,16.094986807387862,13.456464379947231,70.44854881266491,7.387862796833773,63.06068601583114
E00139937,591,93,39,54,498,43,455,15.736040609137056,6.598984771573605,9.137055837563452,84.26395939086294,7.2758037225042305,76.98815566835871
E00139938,187,51,22,29,136,14,122,27.27272727272727,11.76470588235294,15.508021390374333,72.72727272727273,7.4866310160427805,65.24064171122996
E00139939,338,53,24,29,285,30,255,15.680473372781064,7.100591715976331,8.579881656804734,84.31952662721893,8.875739644970414,75.44378698224851
E00139940,373,77,29,48,296,33,263,20.64343163538874,7.774798927613941,12.868632707774799,79.35656836461126,8.847184986595174,70.50938337801608
E00139941,413,77,26,51,336,31,305,18.64406779661017,6.2953995157385,12.34866828087167,81.35593220338984,7.506053268765134,73.8498789346247
E00139942,300,66,32,34,234,20,214,22,10.666666666666668,11.333333333333332,78,6.666666666666667,71.33333333333334
E00139943,260,39,13,26,221,28,193,15,5,10,85,10.76923076923077,74.23076923076923
E00139944,253,63,31,32,190,20,170,24.90118577075099,12.25296442687747,12.648221343873518,75.09881422924902,7.905138339920949,67.19367588932806
E00139945,339,68,26,42,271,41,230,20.058997050147493,7.669616519174041,12.389380530973451,79.9410029498525,12.094395280235988,67.84660766961652
E00139946,302,61,23,38,241,26,215,20.198675496688743,7.6158940397351,12.582781456953644,79.80132450331125,8.609271523178808,71.19205298013244
E00139947,303,71,35,36,232,22,210,23.432343234323433,11.55115511551155,11.881188118811881,76.56765676567657,7.2607260726072615,69.3069306930693
E00139948,246,46,21,25,200,18,182,18.69918699186992,8.536585365853659,10.16260162601626,81.30081300813008,7.317073170731707,73.98373983739837
E00139949,382,54,22,32,328,34,294,14.136125654450263,5.7591623036649215,8.37696335078534,85.86387434554975,8.900523560209423,76.96335078534031
E00139951,311,61,23,38,250,26,224,19.614147909967848,7.395498392282958,12.218649517684888,80.38585209003215,8.360128617363344,72.02572347266882
E00139952,320,43,10,33,277,24,253,13.4375,3.125,10.3125,86.5625,7.5,79.0625
E00139953,232,52,26,26,180,22,158,22.413793103448278,11.206896551724139,11.206896551724139,77.58620689655173,9.482758620689655,68.10344827586206
E00139954,243,50,20,30,193,18,175,20.5761316872428,8.23045267489712,12.345679012345679,79.42386831275721,7.4074074074074066,72.0164609053498
E00139955,244,65,35,30,179,18,161,26.639344262295083,14.344262295081966,12.295081967213115,73.36065573770492,7.377049180327869,65.98360655737704
E00139957,263,53,28,25,210,17,193,20.15209125475285,10.646387832699618,9.505703422053232,79.84790874524715,6.4638783269961975,73.38403041825094
E00139958,476,102,46,56,374,41,333,21.428571428571427,9.663865546218489,11.76470588235294,78.57142857142857,8.61344537815126,69.9579831932773
E00139959,332,101,62,39,231,34,197,30.42168674698795,18.67469879518072,11.74698795180723,69.57831325301204,10.240963855421686,59.337349397590366
E00139960,292,63,30,33,229,24,205,21.575342465753426,10.273972602739725,11.301369863013697,78.42465753424658,8.21917808219178,70.2054794520548
E00139961,278,50,17,33,228,34,194,17.985611510791365,6.115107913669065,11.870503597122301,82.01438848920863,12.23021582733813,69.7841726618705
E00139962,249,72,35,37,177,14,163,28.915662650602407,14.056224899598394,14.859437751004014,71.08433734939759,5.622489959839357,65.46184738955823
E00139963,318,67,27,40,251,19,232,21.069182389937108,8.49056603773585,12.578616352201259,78.9308176100629,5.9748427672955975,72.95597484276729
E00139964,311,46,16,30,265,27,238,14.790996784565916,5.144694533762058,9.646302250803858,85.20900321543408,8.681672025723474,76.52733118971061
E00139965,454,68,26,42,386,35,351,14.977973568281937,5.726872246696035,9.251101321585903,85.02202643171806,7.709251101321586,77.31277533039648
E00139966,306,99,34,65,207,28,179,32.35294117647059,11.11111111111111,21.241830065359476,67.64705882352942,9.15032679738562,58.496732026143796
E00139967,275,66,26,40,209,27,182,24,9.454545454545455,14.545454545454545,76,9.818181818181818,66.18181818181819
E00139968,280,63,30,33,217,23,194,22.5,10.714285714285714,11.785714285714285,77.5,8.214285714285714,69.28571428571428
E00139969,529,88,40,48,441,50,391,16.6351606805293,7.561436672967864,9.073724007561438,83.36483931947069,9.45179584120983,73.91304347826086
E00139970,210,65,20,45,145,18,127,30.952380952380953,9.523809523809524,21.428571428571427,69.04761904761905,8.571428571428571,60.476190476190474
E00139971,309,67,25,42,242,18,224,21.68284789644013,8.090614886731391,13.592233009708737,78.31715210355988,5.825242718446602,72.49190938511327
E00139972,289,45,14,31,244,30,214,15.570934256055363,4.844290657439446,10.726643598615917,84.42906574394463,10.380622837370241,74.0484429065744
E00139973,263,54,21,33,209,30,179,20.53231939163498,7.984790874524715,12.547528517110266,79.46768060836501,11.406844106463879,68.06083650190115
E00139974,233,54,22,32,179,18,161,23.17596566523605,9.44206008583691,13.733905579399142,76.82403433476395,7.725321888412018,69.09871244635193
E00139975,204,57,25,32,147,20,127,27.941176470588236,12.254901960784313,15.686274509803921,72.05882352941177,9.803921568627452,62.254901960784316
E00139976,297,53,20,33,244,38,206,17.845117845117844,6.7340067340067336,11.11111111111111,82.15488215488216,12.794612794612794,69.36026936026936
E00139977,281,40,10,30,241,30,211,14.23487544483986,3.558718861209965,10.676156583629894,85.76512455516014,10.676156583629894,75.08896797153025
E00139978,255,55,21,34,200,31,169,21.568627450980394,8.235294117647058,13.333333333333334,78.43137254901961,12.156862745098039,66.27450980392156
E00139979,258,28,13,15,230,19,211,10.852713178294573,5.038759689922481,5.813953488372093,89.14728682170544,7.3643410852713185,81.78294573643412
E00139980,437,85,28,57,352,26,326,19.450800915331808,6.407322654462242,13.043478260869565,80.54919908466819,5.949656750572083,74.59954233409611
E00139981,145,34,12,22,111,11,100,23.448275862068964,8.275862068965518,15.172413793103448,76.55172413793103,7.586206896551724,68.96551724137932
E00139982,315,60,17,43,255,18,237,19.047619047619047,5.396825396825397,13.65079365079365,80.95238095238095,5.714285714285714,75.23809523809524
E00139983,469,89,45,44,380,47,333,18.976545842217483,9.594882729211088,9.381663113006397,81.02345415778251,10.021321961620469,71.00213219616205
E00139984,289,54,30,24,235,15,220,18.685121107266436,10.380622837370241,8.304498269896193,81.31487889273356,5.190311418685121,76.12456747404845
E00139985,166,24,10,14,142,6,136,14.457831325301203,6.024096385542169,8.433734939759036,85.54216867469879,3.614457831325301,81.92771084337349
E00139986,341,58,26,32,283,14,269,17.008797653958943,7.624633431085044,9.3841642228739,82.99120234604106,4.105571847507331,78.88563049853371
E00139987,340,70,34,36,270,25,245,20.588235294117645,10,10.588235294117647,79.41176470588235,7.352941176470589,72.05882352941177
E00139988,321,45,12,33,276,28,248,14.018691588785046,3.7383177570093453,10.2803738317757,85.98130841121495,8.722741433021806,77.25856697819314
E00139989,365,50,18,32,315,27,288,13.698630136986301,4.931506849315069,8.767123287671232,86.3013698630137,7.397260273972603,78.9041095890411
E00139990,123,33,16,17,90,9,81,26.82926829268293,13.008130081300814,13.821138211382115,73.17073170731707,7.317073170731707,65.85365853658537
E00139991,148,20,7,13,128,14,114,13.513513513513514,4.72972972972973,8.783783783783784,86.48648648648648,9.45945945945946,77.02702702702703
E00139993,292,49,11,38,243,21,222,16.78082191780822,3.767123287671233,13.013698630136986,83.21917808219177,7.191780821917808,76.02739726027397
E00139994,290,44,12,32,246,27,219,15.172413793103448,4.137931034482759,11.03448275862069,84.82758620689656,9.310344827586208,75.51724137931033
E00139995,437,65,19,46,372,40,332,14.874141876430205,4.3478260869565215,10.526315789473683,85.1258581235698,9.153318077803203,75.97254004576659
E00139996,230,43,19,24,187,16,171,18.695652173913043,8.26086956521739,10.434782608695652,81.30434782608695,6.956521739130435,74.34782608695653
E00139997,245,56,24,32,189,17,172,22.857142857142858,9.795918367346939,13.061224489795919,77.14285714285715,6.938775510204081,70.20408163265306
E00139998,220,44,17,27,176,13,163,20,7.727272727272727,12.272727272727273,80,5.909090909090909,74.0909090909091
E00139999,283,53,16,37,230,25,205,18.727915194346288,5.6537102473498235,13.074204946996467,81.2720848056537,8.8339222614841,72.43816254416961
E00140000,326,46,19,27,280,23,257,14.11042944785276,5.828220858895705,8.282208588957054,85.88957055214725,7.05521472392638,78.83435582822086
E00140001,349,43,14,29,306,39,267,12.320916905444127,4.011461318051576,8.30945558739255,87.67908309455588,11.174785100286533,76.50429799426934
E00140002,222,41,14,27,181,23,158,18.46846846846847,6.306306306306306,12.162162162162163,81.53153153153153,10.36036036036036,71.17117117117117
E00140003,308,46,12,34,262,32,230,14.935064935064934,3.896103896103896,11.03896103896104,85.06493506493507,10.38961038961039,74.67532467532467
E00140004,294,32,7,25,262,29,233,10.884353741496598,2.380952380952381,8.503401360544217,89.1156462585034,9.863945578231291,79.25170068027211
E00140005,320,55,15,40,265,32,233,17.1875,4.6875,12.5,82.8125,10,72.8125
E00140006,281,38,11,27,243,27,216,13.523131672597867,3.9145907473309607,9.608540925266903,86.47686832740213,9.608540925266903,76.86832740213522
E00140007,311,82,34,48,229,22,207,26.366559485530544,10.932475884244374,15.434083601286176,73.63344051446946,7.07395498392283,66.55948553054662
E00140008,216,48,18,30,168,16,152,22.22222222222222,8.333333333333332,13.88888888888889,77.77777777777779,7.4074074074074066,70.37037037037037
E00140009,193,41,21,20,152,18,134,21.243523316062177,10.880829015544041,10.362694300518134,78.75647668393782,9.32642487046632,69.43005181347151
E00140010,269,46,14,32,223,20,203,17.100371747211895,5.204460966542751,11.895910780669144,82.8996282527881,7.434944237918216,75.46468401486989
E00140011,251,50,11,39,201,18,183,19.9203187250996,4.382470119521913,15.53784860557769,80.0796812749004,7.171314741035857,72.90836653386454
E00140012,219,22,7,15,197,17,180,10.045662100456621,3.1963470319634704,6.8493150684931505,89.95433789954338,7.76255707762557,82.1917808219178
E00140013,256,33,3,30,223,17,206,12.890625,1.171875,11.71875,87.109375,6.640625,80.46875
E00140014,202,42,16,26,160,17,143,20.792079207920793,7.920792079207921,12.871287128712872,79.20792079207921,8.415841584158416,70.79207920792079
E00140015,282,44,22,22,238,23,215,15.602836879432624,7.801418439716312,7.801418439716312,84.39716312056737,8.156028368794328,76.24113475177306
E00140016,309,41,16,25,268,28,240,13.268608414239482,5.177993527508091,8.090614886731391,86.73139158576052,9.06148867313916,77.66990291262135
E00140017,306,27,9,18,279,25,254,8.823529411764707,2.941176470588235,5.88235294117647,91.17647058823529,8.169934640522875,83.00653594771242
E00140018,255,40,13,27,215,35,180,15.686274509803921,5.098039215686274,10.588235294117647,84.31372549019608,13.725490196078432,70.58823529411765
E00140019,171,18,5,13,153,7,146,10.526315789473683,2.923976608187134,7.602339181286549,89.47368421052632,4.093567251461988,85.38011695906432
E00140020,188,33,12,21,155,17,138,17.5531914893617,6.382978723404255,11.170212765957446,82.4468085106383,9.042553191489363,73.40425531914893
E00140021,233,51,28,23,182,11,171,21.888412017167383,12.017167381974248,9.871244635193133,78.11158798283262,4.721030042918455,73.39055793991416
E00140022,232,51,20,31,181,13,168,21.982758620689655,8.620689655172415,13.36206896551724,78.01724137931035,5.603448275862069,72.41379310344827
E00140023,256,50,20,30,206,17,189,19.53125,7.8125,11.71875,80.46875,6.640625,73.828125
E00140024,205,33,12,21,172,17,155,16.097560975609756,5.853658536585367,10.24390243902439,83.90243902439025,8.292682926829269,75.60975609756098
E00140025,120,21,9,12,99,9,90,17.5,7.5,10,82.5,7.5,75
E00140026,198,57,30,27,141,17,124,28.78787878787879,15.151515151515152,13.636363636363635,71.21212121212122,8.585858585858585,62.62626262626263
E00140027,257,57,15,42,200,8,192,22.17898832684825,5.836575875486381,16.342412451361866,77.82101167315176,3.11284046692607,74.70817120622569
E00140028,220,49,20,29,171,15,156,22.272727272727273,9.090909090909092,13.18181818181818,77.72727272727272,6.8181818181818175,70.9090909090909
E00140029,317,43,10,33,274,33,241,13.564668769716087,3.1545741324921135,10.410094637223976,86.43533123028391,10.410094637223976,76.02523659305994
E00140030,243,35,12,23,208,26,182,14.40329218106996,4.938271604938271,9.465020576131687,85.59670781893004,10.699588477366255,74.8971193415638
E00140031,148,29,11,18,119,16,103,19.594594594594593,7.4324324324324325,12.162162162162163,80.4054054054054,10.81081081081081,69.5945945945946
E00140032,282,43,15,28,239,26,213,15.24822695035461,5.319148936170213,9.929078014184398,84.75177304964538,9.219858156028367,75.53191489361703
E00140033,182,35,19,16,147,14,133,19.230769230769234,10.43956043956044,8.791208791208792,80.76923076923077,7.6923076923076925,73.07692307692307
E00140034,274,41,20,21,233,25,208,14.963503649635038,7.2992700729927,7.664233576642336,85.03649635036497,9.124087591240876,75.91240875912408
E00140035,242,46,14,32,196,14,182,19.00826446280992,5.785123966942149,13.223140495867769,80.99173553719008,5.785123966942149,75.20661157024794
E00140036,290,44,11,33,246,16,230,15.172413793103448,3.793103448275862,11.379310344827587,84.82758620689656,5.517241379310345,79.3103448275862
E00140037,332,126,98,28,206,21,185,37.95180722891566,29.518072289156628,8.433734939759036,62.048192771084345,6.325301204819277,55.72289156626506
E00140038,273,60,29,31,213,20,193,21.978021978021978,10.622710622710622,11.355311355311356,78.02197802197803,7.326007326007327,70.6959706959707
E00140039,320,74,23,51,246,23,223,23.125,7.187499999999999,15.937499999999998,76.875,7.187499999999999,69.6875
E00140040,254,46,13,33,208,26,182,18.11023622047244,5.118110236220472,12.992125984251967,81.88976377952756,10.236220472440944,71.65354330708661
E00140041,259,118,74,44,141,14,127,45.559845559845556,28.57142857142857,16.988416988416986,54.440154440154444,5.405405405405405,49.034749034749034
E00140042,278,54,26,28,224,26,198,19.424460431654676,9.352517985611511,10.071942446043165,80.57553956834532,9.352517985611511,71.22302158273382
E00140043,247,57,29,28,190,21,169,23.076923076923077,11.740890688259109,11.336032388663968,76.92307692307693,8.502024291497975,68.42105263157895
E00140044,563,72,23,49,491,50,441,12.788632326820604,4.085257548845471,8.703374777975133,87.2113676731794,8.880994671403197,78.3303730017762
E00140045,318,61,16,45,257,36,221,19.18238993710692,5.031446540880504,14.150943396226415,80.81761006289308,11.320754716981133,69.49685534591194
E00140046,255,81,41,40,174,18,156,31.76470588235294,16.07843137254902,15.686274509803921,68.23529411764706,7.0588235294117645,61.1764705882353
E00140047,287,47,17,30,240,41,199,16.376306620209057,5.923344947735192,10.452961672473867,83.62369337979094,14.285714285714285,69.33797909407666
E00140048,209,103,66,37,106,8,98,49.282296650717704,31.57894736842105,17.703349282296653,50.717703349282296,3.827751196172249,46.889952153110045
E00140049,388,64,23,41,324,41,283,16.49484536082474,5.927835051546391,10.56701030927835,83.50515463917526,10.56701030927835,72.9381443298969
E00140050,243,57,25,32,186,18,168,23.456790123456788,10.2880658436214,13.168724279835391,76.5432098765432,7.4074074074074066,69.1358024691358
E00140051,281,81,42,39,200,22,178,28.825622775800714,14.94661921708185,13.87900355871886,71.17437722419929,7.829181494661921,63.345195729537366
E00140052,191,73,31,42,118,16,102,38.21989528795812,16.230366492146597,21.98952879581152,61.78010471204188,8.37696335078534,53.403141361256544
E00140054,229,43,24,19,186,22,164,18.777292576419214,10.480349344978166,8.296943231441048,81.22270742358079,9.606986899563319,71.61572052401746
E00140055,268,77,26,51,191,26,165,28.73134328358209,9.701492537313433,19.029850746268657,71.26865671641791,9.701492537313433,61.56716417910447
E00140056,243,67,20,47,176,22,154,27.572016460905353,8.23045267489712,19.34156378600823,72.42798353909465,9.053497942386832,63.37448559670782
E00140057,265,73,31,42,192,21,171,27.547169811320753,11.69811320754717,15.849056603773585,72.45283018867924,7.9245283018867925,64.52830188679245
E00140058,274,61,29,32,213,23,190,22.26277372262774,10.583941605839415,11.678832116788321,77.73722627737226,8.394160583941606,69.34306569343066
E00140059,379,101,60,41,278,20,258,26.649076517150394,15.8311345646438,10.817941952506596,73.35092348284961,5.277044854881266,68.07387862796834
E00140060,253,78,40,38,175,12,163,30.8300395256917,15.810276679841898,15.019762845849801,69.1699604743083,4.743083003952568,64.42687747035573
E00140061,267,68,33,35,199,15,184,25.468164794007492,12.359550561797752,13.108614232209737,74.53183520599251,5.617977528089887,68.91385767790263
E00140062,258,86,51,35,172,14,158,33.33333333333333,19.767441860465116,13.565891472868216,66.66666666666666,5.426356589147287,61.240310077519375
E00140063,294,55,21,34,239,25,214,18.70748299319728,7.142857142857142,11.564625850340136,81.29251700680273,8.503401360544217,72.78911564625851
E00140064,234,96,44,52,138,19,119,41.02564102564102,18.803418803418804,22.22222222222222,58.97435897435898,8.11965811965812,50.85470085470085
E00140065,207,49,23,26,158,24,134,23.67149758454106,11.11111111111111,12.560386473429952,76.32850241545893,11.594202898550725,64.73429951690821
E00140066,327,82,38,44,245,16,229,25.076452599388375,11.62079510703364,13.455657492354739,74.92354740061162,4.892966360856269,70.03058103975535
E00140067,583,82,30,52,501,44,457,14.065180102915953,5.145797598627787,8.919382504288166,85.93481989708405,7.547169811320755,78.3876500857633
E00140068,295,82,34,48,213,19,194,27.796610169491526,11.525423728813559,16.271186440677965,72.20338983050848,6.440677966101695,65.76271186440678
E00140069,144,24,7,17,120,4,116,16.666666666666664,4.861111111111112,11.805555555555555,83.33333333333334,2.7777777777777777,80.55555555555556
E00140070,271,57,20,37,214,24,190,21.033210332103323,7.380073800738007,13.653136531365314,78.96678966789668,8.856088560885608,70.11070110701108
E00140071,407,75,30,45,332,42,290,18.42751842751843,7.371007371007371,11.056511056511056,81.57248157248156,10.319410319410318,71.25307125307125
E00140072,245,60,28,32,185,26,159,24.489795918367346,11.428571428571429,13.061224489795919,75.51020408163265,10.612244897959183,64.89795918367346
E00140073,297,25,9,16,272,25,247,8.417508417508419,3.0303030303030303,5.387205387205387,91.58249158249158,8.417508417508419,83.16498316498317
E00140074,234,33,13,20,201,26,175,14.102564102564102,5.555555555555555,8.547008547008547,85.8974358974359,11.11111111111111,74.78632478632478
E00140075,401,60,25,35,341,38,303,14.962593516209477,6.234413965087282,8.728179551122196,85.03740648379052,9.476309226932669,75.56109725685786
E00140077,314,66,27,39,248,25,223,21.019108280254777,8.598726114649681,12.420382165605096,78.98089171974523,7.961783439490445,71.01910828025477
E00140078,276,72,42,30,204,17,187,26.08695652173913,15.217391304347828,10.869565217391305,73.91304347826086,6.159420289855073,67.7536231884058
E00140079,224,42,15,27,182,24,158,18.75,6.696428571428571,12.053571428571429,81.25,10.714285714285714,70.53571428571429
E00140080,267,67,31,36,200,13,187,25.0936329588015,11.610486891385769,13.48314606741573,74.90636704119851,4.868913857677903,70.0374531835206
E00140081,218,58,22,36,160,14,146,26.605504587155966,10.091743119266056,16.51376146788991,73.39449541284404,6.422018348623854,66.97247706422019
E00140082,197,60,28,32,137,16,121,30.456852791878177,14.213197969543149,16.243654822335024,69.54314720812182,8.121827411167512,61.42131979695431
E00140083,282,56,20,36,226,36,190,19.858156028368796,7.092198581560284,12.76595744680851,80.1418439716312,12.76595744680851,67.37588652482269
E00140084,322,74,25,49,248,22,226,22.981366459627328,7.763975155279502,15.217391304347828,77.01863354037268,6.832298136645963,70.1863354037267
E00140085,228,44,18,26,184,18,166,19.298245614035086,7.894736842105263,11.403508771929824,80.7017543859649,7.894736842105263,72.80701754385966
E00140086,222,66,34,32,156,15,141,29.72972972972973,15.315315315315313,14.414414414414415,70.27027027027027,6.756756756756757,63.51351351351351
E00140087,387,121,41,80,266,28,238,31.266149870801037,10.594315245478036,20.671834625322997,68.73385012919897,7.235142118863049,61.49870801033591
E00140088,314,58,24,34,256,33,223,18.471337579617835,7.643312101910828,10.828025477707007,81.52866242038218,10.509554140127388,71.01910828025477
E00140089,198,86,45,41,112,12,100,43.43434343434344,22.727272727272727,20.707070707070706,56.56565656565656,6.0606060606060606,50.505050505050505
E00140090,304,60,19,41,244,24,220,19.736842105263158,6.25,13.486842105263158,80.26315789473685,7.894736842105263,72.36842105263158
E00140091,292,60,25,35,232,20,212,20.54794520547945,8.561643835616438,11.986301369863012,79.45205479452055,6.8493150684931505,72.6027397260274
E00140092,280,71,26,45,209,14,195,25.357142857142854,9.285714285714286,16.071428571428573,74.64285714285714,5,69.64285714285714
E00140093,280,41,18,23,239,23,216,14.642857142857144,6.428571428571428,8.214285714285714,85.35714285714285,8.214285714285714,77.14285714285715
E00140094,261,53,22,31,208,20,188,20.306513409961685,8.42911877394636,11.877394636015326,79.6934865900383,7.662835249042145,72.03065134099617
E00140097,143,47,21,26,96,19,77,32.86713286713287,14.685314685314685,18.181818181818183,67.13286713286713,13.286713286713287,53.84615384615385
E00140098,190,81,39,42,109,16,93,42.63157894736842,20.526315789473685,22.105263157894736,57.36842105263158,8.421052631578947,48.94736842105264
E00140099,241,47,18,29,194,17,177,19.502074688796682,7.468879668049793,12.033195020746888,80.49792531120332,7.053941908713693,73.44398340248964
E00140100,280,84,51,33,196,24,172,30,18.21428571428571,11.785714285714285,70,8.571428571428571,61.42857142857143
E00140101,325,81,32,49,244,29,215,24.923076923076923,9.846153846153847,15.076923076923077,75.07692307692308,8.923076923076923,66.15384615384615
E00140102,256,59,27,32,197,17,180,23.046875,10.546875,12.5,76.953125,6.640625,70.3125
E00140103,239,58,25,33,181,16,165,24.267782426778243,10.460251046025103,13.807531380753138,75.73221757322176,6.694560669456067,69.0376569037657
E00140104,277,71,31,40,206,23,183,25.63176895306859,11.191335740072201,14.440433212996389,74.36823104693141,8.303249097472925,66.06498194945848
E00140105,217,77,37,40,140,21,119,35.483870967741936,17.050691244239633,18.433179723502306,64.51612903225806,9.67741935483871,54.83870967741935
E00140106,294,46,15,31,248,28,220,15.646258503401361,5.1020408163265305,10.54421768707483,84.35374149659864,9.523809523809524,74.82993197278913
E00140107,243,65,30,35,178,9,169,26.748971193415638,12.345679012345679,14.40329218106996,73.25102880658436,3.7037037037037033,69.54732510288066
E00140108,233,76,39,37,157,13,144,32.61802575107296,16.738197424892704,15.879828326180256,67.38197424892704,5.579399141630901,61.80257510729614
E00140109,333,130,79,51,203,17,186,39.03903903903904,23.723723723723726,15.315315315315313,60.96096096096096,5.105105105105105,55.85585585585585
E00140110,198,59,28,31,139,12,127,29.797979797979796,14.14141414141414,15.656565656565657,70.2020202020202,6.0606060606060606,64.14141414141415
E00140111,305,74,32,42,231,25,206,24.262295081967213,10.491803278688524,13.77049180327869,75.73770491803279,8.19672131147541,67.54098360655738
E00140112,230,59,33,26,171,17,154,25.65217391304348,14.347826086956522,11.304347826086957,74.34782608695653,7.391304347826087,66.95652173913044
E00140113,258,53,27,26,205,17,188,20.54263565891473,10.465116279069768,10.077519379844961,79.45736434108527,6.5891472868217065,72.86821705426357
E00140114,249,78,44,34,171,17,154,31.32530120481928,17.670682730923694,13.654618473895583,68.67469879518072,6.827309236947792,61.84738955823293
E00140115,264,70,31,39,194,20,174,26.515151515151516,11.742424242424242,14.772727272727273,73.48484848484848,7.575757575757576,65.9090909090909
E00140116,343,47,22,25,296,33,263,13.702623906705538,6.41399416909621,7.288629737609329,86.29737609329446,9.620991253644315,76.67638483965014
E00140117,243,74,37,37,169,20,149,30.45267489711934,15.22633744855967,15.22633744855967,69.54732510288066,8.23045267489712,61.31687242798354
E00140118,265,68,25,43,197,20,177,25.660377358490567,9.433962264150944,16.22641509433962,74.33962264150942,7.547169811320755,66.79245283018868
E00140119,282,81,39,42,201,21,180,28.723404255319153,13.829787234042554,14.893617021276595,71.27659574468085,7.446808510638298,63.829787234042556
E00140120,330,66,27,39,264,36,228,20,8.181818181818182,11.818181818181818,80,10.909090909090908,69.0909090909091
E00140121,309,48,15,33,261,21,240,15.53398058252427,4.854368932038835,10.679611650485436,84.46601941747572,6.796116504854369,77.66990291262135
E00140122,420,133,71,62,287,24,263,31.666666666666664,16.904761904761905,14.761904761904763,68.33333333333333,5.714285714285714,62.61904761904762
E00140123,305,82,42,40,223,29,194,26.885245901639344,13.77049180327869,13.114754098360656,73.11475409836066,9.508196721311474,63.60655737704918
E00140124,401,73,23,50,328,40,288,18.204488778054863,5.7356608478802995,12.468827930174564,81.79551122194513,9.975062344139651,71.82044887780549
E00140125,172,63,26,37,109,7,102,36.627906976744185,15.11627906976744,21.511627906976745,63.372093023255815,4.069767441860465,59.30232558139535
E00140126,348,96,42,54,252,22,230,27.586206896551722,12.068965517241379,15.517241379310345,72.41379310344827,6.321839080459771,66.0919540229885
E00140127,227,78,47,31,149,16,133,34.36123348017621,20.704845814977972,13.656387665198238,65.63876651982379,7.048458149779736,58.590308370044056
E00140128,242,37,17,20,205,21,184,15.289256198347106,7.024793388429752,8.264462809917356,84.71074380165288,8.677685950413224,76.03305785123968
E00140129,218,54,25,29,164,12,152,24.770642201834864,11.46788990825688,13.302752293577983,75.22935779816514,5.5045871559633035,69.72477064220183
E00140130,335,62,24,38,273,24,249,18.507462686567163,7.164179104477612,11.343283582089553,81.49253731343283,7.164179104477612,74.32835820895522
E00140131,261,65,23,42,196,22,174,24.904214559386972,8.812260536398467,16.091954022988507,75.09578544061303,8.42911877394636,66.66666666666666
E00140132,238,43,19,24,195,13,182,18.067226890756302,7.9831932773109235,10.084033613445378,81.9327731092437,5.46218487394958,76.47058823529412
E00140133,233,107,58,49,126,8,118,45.92274678111588,24.892703862660944,21.030042918454935,54.077253218884124,3.4334763948497855,50.64377682403433
E00140134,230,75,36,39,155,15,140,32.608695652173914,15.65217391304348,16.956521739130434,67.3913043478261,6.521739130434782,60.86956521739131
E00140135,256,47,22,25,209,14,195,18.359375,8.59375,9.765625,81.640625,5.46875,76.171875
E00140136,326,74,32,42,252,19,233,22.699386503067483,9.815950920245399,12.883435582822086,77.30061349693251,5.828220858895705,71.47239263803681
E00140137,228,62,24,38,166,15,151,27.192982456140353,10.526315789473683,16.666666666666664,72.80701754385966,6.578947368421052,66.22807017543859
E00140138,274,81,39,42,193,22,171,29.56204379562044,14.233576642335766,15.328467153284672,70.43795620437956,8.02919708029197,62.40875912408759
E00140139,209,78,39,39,131,16,115,37.32057416267943,18.660287081339714,18.660287081339714,62.67942583732058,7.655502392344498,55.02392344497608
E00140140,260,68,33,35,192,24,168,26.153846153846157,12.692307692307692,13.461538461538462,73.84615384615385,9.230769230769232,64.61538461538461
E00140141,229,64,30,34,165,22,143,27.947598253275107,13.100436681222707,14.847161572052403,72.0524017467249,9.606986899563319,62.44541484716157
E00140142,289,65,38,27,224,23,201,22.491349480968857,13.148788927335639,9.342560553633218,77.50865051903114,7.958477508650519,69.55017301038062
E00140143,256,53,21,32,203,24,179,20.703125,8.203125,12.5,79.296875,9.375,69.921875
E00140144,303,52,13,39,251,35,216,17.16171617161716,4.29042904290429,12.871287128712872,82.83828382838284,11.55115511551155,71.28712871287128
E00140145,231,57,31,26,174,19,155,24.675324675324674,13.41991341991342,11.255411255411255,75.32467532467533,8.225108225108226,67.09956709956711
E00140146,270,67,29,38,203,17,186,24.814814814814813,10.74074074074074,14.074074074074074,75.18518518518519,6.296296296296296,68.88888888888889
E00140147,264,65,21,44,199,32,167,24.62121212121212,7.954545454545454,16.666666666666664,75.37878787878788,12.121212121212121,63.25757575757576
E00140148,222,54,20,34,168,19,149,24.324324324324326,9.00900900900901,15.315315315315313,75.67567567567568,8.558558558558559,67.11711711711712
E00140149,286,92,45,47,194,15,179,32.16783216783217,15.734265734265735,16.433566433566433,67.83216783216784,5.244755244755245,62.58741258741259
E00140150,267,60,28,32,207,28,179,22.47191011235955,10.486891385767791,11.985018726591761,77.52808988764045,10.486891385767791,67.04119850187266
E00140151,211,43,21,22,168,26,142,20.379146919431278,9.95260663507109,10.42654028436019,79.62085308056872,12.322274881516588,67.29857819905213
E00140152,300,71,30,41,229,23,206,23.666666666666668,10,13.666666666666666,76.33333333333333,7.666666666666666,68.66666666666667
E00140153,232,39,15,24,193,25,168,16.810344827586206,6.4655172413793105,10.344827586206897,83.1896551724138,10.775862068965516,72.41379310344827
E00140154,284,49,21,28,235,16,219,17.253521126760564,7.394366197183098,9.859154929577464,82.74647887323944,5.633802816901409,77.11267605633803
E00140155,271,67,26,41,204,21,183,24.723247232472325,9.59409594095941,15.129151291512915,75.27675276752768,7.7490774907749085,67.52767527675276
E00140156,237,55,22,33,182,19,163,23.20675105485232,9.282700421940929,13.924050632911392,76.79324894514767,8.016877637130802,68.77637130801688
E00140157,184,48,31,17,136,13,123,26.08695652173913,16.847826086956523,9.239130434782608,73.91304347826086,7.065217391304348,66.84782608695652
E00140158,270,70,28,42,200,14,186,25.925925925925924,10.37037037037037,15.555555555555555,74.07407407407408,5.185185185185185,68.88888888888889
E00140159,281,59,30,29,222,25,197,20.99644128113879,10.676156583629894,10.320284697508896,79.00355871886121,8.896797153024911,70.1067615658363
E00140161,216,67,33,34,149,11,138,31.01851851851852,15.277777777777779,15.74074074074074,68.98148148148148,5.092592592592593,63.888888888888886
E00140162,263,63,35,28,200,19,181,23.954372623574145,13.307984790874524,10.646387832699618,76.04562737642586,7.224334600760455,68.8212927756654
E00140163,329,53,22,31,276,32,244,16.109422492401215,6.68693009118541,9.422492401215806,83.89057750759878,9.72644376899696,74.16413373860182
E00140164,260,52,19,33,208,27,181,20,7.307692307692308,12.692307692307692,80,10.384615384615385,69.61538461538461
E00140165,304,99,44,55,205,22,183,32.56578947368421,14.473684210526317,18.092105263157894,67.43421052631578,7.236842105263158,60.19736842105263
E00140166,291,106,57,49,185,13,172,36.42611683848797,19.587628865979383,16.83848797250859,63.57388316151202,4.4673539518900345,59.106529209621996
E00140167,281,75,38,37,206,17,189,26.690391459074732,13.523131672597867,13.167259786476867,73.30960854092527,6.049822064056939,67.25978647686833
E00140168,225,64,33,31,161,18,143,28.444444444444443,14.666666666666666,13.777777777777779,71.55555555555554,8,63.55555555555556
E00140169,245,56,29,27,189,15,174,22.857142857142858,11.83673469387755,11.020408163265307,77.14285714285715,6.122448979591836,71.0204081632653
E00140170,215,67,34,33,148,13,135,31.16279069767442,15.813953488372093,15.348837209302326,68.83720930232559,6.046511627906977,62.7906976744186
E00140171,269,44,17,27,225,11,214,16.356877323420075,6.319702602230483,10.037174721189592,83.64312267657994,4.089219330855019,79.5539033457249
E00140172,258,69,33,36,189,20,169,26.744186046511626,12.790697674418606,13.953488372093023,73.25581395348837,7.751937984496124,65.50387596899225
E00140173,320,144,86,58,176,21,155,45,26.875,18.125,55.00000000000001,6.5625,48.4375
E00140175,221,58,22,36,163,12,151,26.244343891402718,9.95475113122172,16.289592760180994,73.7556561085973,5.429864253393665,68.32579185520362
E00140176,310,96,41,55,214,24,190,30.967741935483872,13.225806451612904,17.741935483870968,69.03225806451613,7.741935483870968,61.29032258064516
E00140177,209,88,58,30,121,18,103,42.10526315789473,27.751196172248804,14.354066985645932,57.89473684210527,8.61244019138756,49.282296650717704
E00140178,506,144,79,65,362,28,334,28.458498023715418,15.612648221343871,12.845849802371543,71.54150197628458,5.533596837944664,66.00790513833992
E00140179,254,99,48,51,155,16,139,38.976377952755904,18.89763779527559,20.078740157480315,61.023622047244096,6.299212598425196,54.7244094488189
E00140180,213,64,32,32,149,18,131,30.046948356807512,15.023474178403756,15.023474178403756,69.95305164319248,8.450704225352112,61.502347417840376
E00140181,261,68,36,32,193,13,180,26.053639846743295,13.793103448275861,12.260536398467432,73.9463601532567,4.980842911877394,68.96551724137932
E00140182,303,85,31,54,218,12,206,28.052805280528055,10.231023102310232,17.82178217821782,71.94719471947195,3.9603960396039604,67.98679867986799
E00140183,277,63,23,40,214,27,187,22.743682310469314,8.303249097472925,14.440433212996389,77.25631768953069,9.747292418772563,67.50902527075813
E00140184,253,90,42,48,163,13,150,35.573122529644266,16.600790513833992,18.972332015810274,64.42687747035573,5.138339920948617,59.28853754940712
E00140185,276,88,48,40,188,11,177,31.88405797101449,17.391304347826086,14.492753623188406,68.11594202898551,3.985507246376811,64.13043478260869
E00140186,317,97,60,37,220,21,199,30.5993690851735,18.92744479495268,11.67192429022082,69.4006309148265,6.624605678233439,62.77602523659306
E00140187,248,82,38,44,166,16,150,33.064516129032256,15.32258064516129,17.741935483870968,66.93548387096774,6.451612903225806,60.483870967741936
E00140188,304,74,40,34,230,20,210,24.342105263157894,13.157894736842104,11.18421052631579,75.6578947368421,6.578947368421052,69.07894736842105
E00140189,369,81,34,47,288,32,256,21.951219512195124,9.214092140921409,12.737127371273713,78.04878048780488,8.672086720867208,69.37669376693766
E00140190,228,68,25,43,160,13,147,29.82456140350877,10.964912280701753,18.859649122807017,70.17543859649122,5.701754385964912,64.47368421052632
E00140191,235,66,36,30,169,20,149,28.085106382978726,15.319148936170212,12.76595744680851,71.91489361702128,8.51063829787234,63.40425531914894
E00140192,309,65,26,39,244,16,228,21.035598705501616,8.414239482200648,12.62135922330097,78.96440129449837,5.177993527508091,73.7864077669903
E00140193,219,65,39,26,154,7,147,29.68036529680365,17.80821917808219,11.87214611872146,70.31963470319634,3.1963470319634704,67.12328767123287
E00140194,177,65,35,30,112,23,89,36.72316384180791,19.774011299435028,16.94915254237288,63.2768361581921,12.994350282485875,50.282485875706215
E00140195,379,103,47,56,276,28,248,27.176781002638524,12.401055408970976,14.775725593667547,72.82321899736148,7.387862796833773,65.4353562005277
E00140196,306,83,29,54,223,31,192,27.124183006535947,9.477124183006536,17.647058823529413,72.87581699346404,10.130718954248366,62.745098039215684
E00140197,213,62,28,34,151,17,134,29.107981220657276,13.145539906103288,15.96244131455399,70.89201877934272,7.981220657276995,62.91079812206573
E00140198,182,47,15,32,135,16,119,25.82417582417583,8.241758241758241,17.582417582417584,74.17582417582418,8.791208791208792,65.38461538461539
E00140199,248,55,28,27,193,17,176,22.177419354838708,11.29032258064516,10.887096774193548,77.82258064516128,6.854838709677419,70.96774193548387
E00140200,238,56,26,30,182,15,167,23.52941176470588,10.92436974789916,12.605042016806722,76.47058823529412,6.302521008403361,70.16806722689076
E00140201,188,52,32,20,136,9,127,27.659574468085108,17.02127659574468,10.638297872340425,72.3404255319149,4.787234042553192,67.5531914893617
E00140202,350,82,47,35,268,17,251,23.42857142857143,13.428571428571429,10,76.57142857142857,4.857142857142857,71.71428571428572
E00140203,254,48,21,27,206,19,187,18.89763779527559,8.267716535433072,10.62992125984252,81.10236220472441,7.480314960629922,73.62204724409449
E00140204,191,56,28,28,135,14,121,29.31937172774869,14.659685863874344,14.659685863874344,70.68062827225131,7.329842931937172,63.35078534031413
E00140205,217,57,24,33,160,16,144,26.26728110599078,11.059907834101383,15.207373271889402,73.73271889400922,7.373271889400922,66.3594470046083
E00140206,187,51,31,20,136,13,123,27.27272727272727,16.577540106951872,10.695187165775401,72.72727272727273,6.951871657754011,65.77540106951871
E00140207,240,54,24,30,186,17,169,22.5,10,12.5,77.5,7.083333333333333,70.41666666666667
E00140208,216,47,18,29,169,19,150,21.75925925925926,8.333333333333332,13.425925925925927,78.24074074074075,8.796296296296296,69.44444444444444
E00140209,272,77,35,42,195,18,177,28.308823529411764,12.867647058823529,15.441176470588236,71.69117647058823,6.61764705882353,65.07352941176471
E00140210,247,78,30,48,169,20,149,31.57894736842105,12.145748987854251,19.4331983805668,68.42105263157895,8.097165991902834,60.32388663967612
E00140211,302,105,57,48,197,21,176,34.7682119205298,18.874172185430464,15.894039735099339,65.23178807947019,6.95364238410596,58.27814569536424
E00140212,425,114,60,54,311,18,293,26.823529411764707,14.117647058823529,12.705882352941176,73.1764705882353,4.235294117647059,68.94117647058823
E00140213,295,86,36,50,209,23,186,29.152542372881356,12.203389830508476,16.94915254237288,70.84745762711864,7.796610169491526,63.05084745762712
E00140214,273,69,35,34,204,23,181,25.274725274725274,12.82051282051282,12.454212454212454,74.72527472527473,8.424908424908425,66.30036630036629
E00140215,352,93,37,56,259,20,239,26.420454545454547,10.511363636363637,15.909090909090908,73.57954545454545,5.681818181818182,67.89772727272727
E00140216,252,80,49,31,172,16,156,31.746031746031743,19.444444444444446,12.3015873015873,68.25396825396825,6.349206349206349,61.904761904761905
E00140217,258,40,16,24,218,23,195,15.503875968992247,6.2015503875969,9.30232558139535,84.49612403100775,8.914728682170542,75.5813953488372
E00140218,121,30,16,14,91,6,85,24.793388429752067,13.223140495867769,11.570247933884298,75.20661157024794,4.958677685950414,70.24793388429752
E00140219,240,36,16,20,204,23,181,15,6.666666666666667,8.333333333333332,85,9.583333333333334,75.41666666666667
E00140221,275,47,19,28,228,28,200,17.09090909090909,6.909090909090909,10.181818181818182,82.9090909090909,10.181818181818182,72.72727272727273
E00140222,298,46,14,32,252,29,223,15.436241610738255,4.697986577181208,10.738255033557047,84.56375838926175,9.731543624161073,74.83221476510067
E00140223,326,83,44,39,243,18,225,25.4601226993865,13.496932515337424,11.96319018404908,74.5398773006135,5.521472392638037,69.01840490797547
E00140224,228,38,11,27,190,21,169,16.666666666666664,4.824561403508771,11.842105263157894,83.33333333333334,9.210526315789473,74.12280701754386
E00140225,276,68,38,30,208,18,190,24.637681159420293,13.768115942028986,10.869565217391305,75.36231884057972,6.521739130434782,68.84057971014492
E00140226,240,48,22,26,192,15,177,20,9.166666666666666,10.833333333333334,80,6.25,73.75
E00140227,269,56,24,32,213,12,201,20.817843866171003,8.921933085501859,11.895910780669144,79.182156133829,4.4609665427509295,74.72118959107806
E00140228,129,37,24,13,92,20,72,28.68217054263566,18.6046511627907,10.077519379844961,71.31782945736434,15.503875968992247,55.81395348837209
E00140229,208,49,24,25,159,19,140,23.557692307692307,11.538461538461538,12.01923076923077,76.4423076923077,9.134615384615383,67.3076923076923
E00140230,318,94,60,34,224,19,205,29.559748427672954,18.867924528301888,10.69182389937107,70.44025157232704,5.9748427672955975,64.46540880503144
E00140231,267,83,37,46,184,23,161,31.086142322097377,13.857677902621724,17.228464419475657,68.91385767790263,8.614232209737828,60.2996254681648
E00140232,302,71,33,38,231,27,204,23.509933774834437,10.927152317880795,12.582781456953644,76.49006622516556,8.940397350993377,67.54966887417218
E00140233,233,43,11,32,190,16,174,18.4549356223176,4.721030042918455,13.733905579399142,81.54506437768241,6.866952789699571,74.67811158798283
E00140234,317,68,28,40,249,46,203,21.451104100946374,8.832807570977918,12.618296529968454,78.54889589905363,14.511041009463725,64.03785488958991
E00140235,322,58,24,34,264,24,240,18.012422360248447,7.453416149068323,10.559006211180124,81.98757763975155,7.453416149068323,74.53416149068323
E00140236,291,83,37,46,208,21,187,28.52233676975945,12.714776632302405,15.807560137457044,71.47766323024055,7.216494845360824,64.26116838487972
E00140237,297,65,31,34,232,18,214,21.885521885521886,10.437710437710438,11.447811447811448,78.11447811447812,6.0606060606060606,72.05387205387206
E00140238,223,63,28,35,160,18,142,28.251121076233183,12.556053811659194,15.695067264573993,71.74887892376681,8.071748878923767,63.67713004484305
E00140239,241,59,30,29,182,23,159,24.481327800829874,12.448132780082988,12.033195020746888,75.51867219917013,9.54356846473029,65.97510373443983
E00140240,314,54,21,33,260,31,229,17.197452229299362,6.687898089171974,10.509554140127388,82.80254777070064,9.872611464968154,72.92993630573248
E00140241,274,71,26,45,203,21,182,25.91240875912409,9.48905109489051,16.423357664233578,74.08759124087592,7.664233576642336,66.42335766423358
E00140242,299,60,30,30,239,19,220,20.066889632107024,10.033444816053512,10.033444816053512,79.93311036789298,6.354515050167224,73.57859531772574
E00140243,411,84,41,43,327,30,297,20.437956204379564,9.975669099756692,10.46228710462287,79.56204379562044,7.2992700729927,72.26277372262774
E00140244,247,64,32,32,183,18,165,25.910931174089068,12.955465587044534,12.955465587044534,74.08906882591093,7.28744939271255,66.80161943319838
E00140245,158,43,24,19,115,8,107,27.21518987341772,15.18987341772152,12.025316455696203,72.78481012658227,5.063291139240507,67.72151898734177
E00140246,228,57,23,34,171,16,155,25,10.087719298245613,14.912280701754385,75,7.017543859649122,67.98245614035088
E00140247,261,64,18,46,197,17,180,24.521072796934863,6.896551724137931,17.624521072796934,75.47892720306514,6.513409961685824,68.96551724137932
E00140248,249,65,26,39,184,28,156,26.104417670682732,10.441767068273093,15.66265060240964,73.89558232931726,11.244979919678714,62.65060240963856
E00176337,307,29,8,21,278,18,260,9.446254071661238,2.6058631921824107,6.840390879478828,90.55374592833876,5.863192182410423,84.69055374592834
E00176339,517,62,28,34,455,46,409,11.992263056092844,5.415860735009671,6.5764023210831715,88.00773694390716,8.897485493230175,79.11025145067698
E00176341,273,41,13,28,232,29,203,15.018315018315018,4.761904761904762,10.256410256410255,84.98168498168498,10.622710622710622,74.35897435897436
E00176344,233,61,33,28,172,13,159,26.180257510729614,14.163090128755366,12.017167381974248,73.8197424892704,5.579399141630901,68.24034334763948
E00176345,266,70,34,36,196,17,179,26.31578947368421,12.781954887218044,13.533834586466165,73.68421052631578,6.390977443609022,67.29323308270678
E00176346,336,39,12,27,297,33,264,11.607142857142858,3.571428571428571,8.035714285714286,88.39285714285714,9.821428571428571,78.57142857142857
E00176347,246,36,18,18,210,17,193,14.634146341463413,7.317073170731707,7.317073170731707,85.36585365853658,6.910569105691057,78.45528455284553
E00176348,251,52,16,36,199,26,173,20.717131474103585,6.374501992031872,14.342629482071715,79.2828685258964,10.358565737051793,68.92430278884463
E00176349,242,40,11,29,202,15,187,16.528925619834713,4.545454545454546,11.983471074380166,83.47107438016529,6.198347107438017,77.27272727272727
E00176350,158,19,5,14,139,7,132,12.025316455696203,3.1645569620253164,8.860759493670885,87.9746835443038,4.430379746835443,83.54430379746836
E00176351,259,42,12,30,217,20,197,16.216216216216218,4.633204633204633,11.583011583011583,83.78378378378379,7.722007722007722,76.06177606177607
E00176352,358,44,17,27,314,34,280,12.290502793296088,4.748603351955307,7.5418994413407825,87.70949720670392,9.497206703910614,78.2122905027933
E00176353,400,68,31,37,332,28,304,17,7.75,9.25,83,7.000000000000001,76
E00176354,246,31,14,17,215,26,189,12.601626016260163,5.691056910569105,6.910569105691057,87.39837398373984,10.569105691056912,76.82926829268293
E00176355,240,35,12,23,205,24,181,14.583333333333334,5,9.583333333333334,85.41666666666666,10,75.41666666666667
E00176356,407,49,19,30,358,30,328,12.039312039312039,4.668304668304668,7.371007371007371,87.96068796068795,7.371007371007371,80.5896805896806
E00176357,361,54,21,33,307,22,285,14.958448753462603,5.8171745152354575,9.141274238227147,85.0415512465374,6.094182825484765,78.94736842105263
E00176358,322,74,31,43,248,30,218,22.981366459627328,9.627329192546584,13.354037267080745,77.01863354037268,9.316770186335404,67.70186335403726
E00176359,361,48,13,35,313,28,285,13.29639889196676,3.6011080332409975,9.695290858725762,86.70360110803324,7.756232686980609,78.94736842105263
E00176360,237,38,11,27,199,15,184,16.033755274261605,4.641350210970464,11.39240506329114,83.96624472573839,6.329113924050633,77.63713080168776
E00176361,352,61,18,43,291,32,259,17.329545454545457,5.113636363636364,12.215909090909092,82.67045454545455,9.090909090909092,73.57954545454545
E00176362,283,44,20,24,239,26,213,15.547703180212014,7.06713780918728,8.480565371024735,84.45229681978799,9.187279151943462,75.26501766784452
E00176363,419,69,22,47,350,25,325,16.467780429594274,5.250596658711217,11.217183770883054,83.53221957040573,5.966587112171838,77.56563245823389
E00190015,268,82,40,42,186,13,173,30.597014925373134,14.925373134328357,15.671641791044777,69.40298507462687,4.850746268656716,64.55223880597015
E00190016,331,34,11,23,297,26,271,10.27190332326284,3.3232628398791544,6.948640483383686,89.72809667673715,7.854984894259818,81.87311178247734
E00190017,389,43,9,34,346,24,322,11.053984575835475,2.313624678663239,8.740359897172237,88.94601542416453,6.169665809768637,82.77634961439588
E00190018,253,32,10,22,221,25,196,12.648221343873518,3.9525691699604746,8.695652173913043,87.35177865612648,9.881422924901186,77.4703557312253
E00190021,304,41,10,31,263,24,239,13.486842105263158,3.289473684210526,10.197368421052632,86.51315789473685,7.894736842105263,78.61842105263158
E00190022,362,25,9,16,337,29,308,6.906077348066299,2.4861878453038675,4.41988950276243,93.0939226519337,8.011049723756907,85.0828729281768
E00190023,316,31,8,23,285,29,256,9.81012658227848,2.5316455696202533,7.2784810126582276,90.18987341772153,9.177215189873419,81.0126582278481
E00190026,194,65,40,25,129,14,115,33.50515463917525,20.618556701030926,12.886597938144329,66.49484536082474,7.216494845360824,59.27835051546392
E00190027,271,27,5,22,244,23,221,9.96309963099631,1.8450184501845017,8.118081180811808,90.03690036900369,8.487084870848708,81.54981549815497
E00190028,304,42,18,24,262,20,242,13.815789473684212,5.921052631578947,7.894736842105263,86.18421052631578,6.578947368421052,79.60526315789474
E00190029,170,16,7,9,154,20,134,9.411764705882353,4.117647058823529,5.294117647058823,90.58823529411765,11.76470588235294,78.82352941176471
E00190031,172,25,11,14,147,10,137,14.534883720930234,6.395348837209303,8.13953488372093,85.46511627906976,5.813953488372093,79.65116279069767
E00190032,319,31,12,19,288,23,265,9.717868338557993,3.761755485893417,5.956112852664576,90.28213166144201,7.210031347962382,83.07210031347962
E00190033,358,42,19,23,316,16,300,11.731843575418994,5.307262569832402,6.424581005586592,88.26815642458101,4.4692737430167595,83.79888268156425
E00190035,246,81,50,31,165,29,136,32.926829268292686,20.32520325203252,12.601626016260163,67.07317073170732,11.788617886178862,55.28455284552846
E00190038,311,32,17,15,279,24,255,10.289389067524116,5.466237942122187,4.823151125401929,89.71061093247589,7.717041800643088,81.9935691318328
E00190040,336,48,21,27,288,23,265,14.285714285714285,6.25,8.035714285714286,85.71428571428571,6.845238095238096,78.86904761904762
E00190041,293,31,10,21,262,21,241,10.580204778156997,3.4129692832764507,7.167235494880546,89.419795221843,7.167235494880546,82.25255972696246
E00190042,343,43,11,32,300,26,274,12.536443148688047,3.206997084548105,9.329446064139942,87.46355685131195,7.580174927113703,79.88338192419825
E00190043,302,71,28,43,231,23,208,23.509933774834437,9.271523178807946,14.23841059602649,76.49006622516556,7.6158940397351,68.87417218543047
E00190044,1520,680,283,397,840,155,685,44.73684210526316,18.61842105263158,26.11842105263158,55.26315789473685,10.197368421052632,45.06578947368421
E00190051,300,45,13,32,255,19,236,15,4.333333333333334,10.666666666666668,85,6.333333333333334,78.66666666666666
E00190054,311,46,11,35,265,19,246,14.790996784565916,3.536977491961415,11.254019292604502,85.20900321543408,6.109324758842444,79.09967845659163
E00190057,426,42,19,23,384,40,344,9.859154929577464,4.460093896713615,5.39906103286385,90.14084507042254,9.389671361502346,80.75117370892019
E00190059,305,49,18,31,256,37,219,16.065573770491802,5.901639344262295,10.163934426229508,83.93442622950819,12.131147540983607,71.80327868852459
E00190060,251,15,3,12,236,22,214,5.9760956175298805,1.1952191235059761,4.780876494023905,94.02390438247012,8.764940239043826,85.2589641434263
E00190064,256,45,15,30,211,15,196,17.578125,5.859375,11.71875,82.421875,5.859375,76.5625
E00190065,389,42,13,29,347,29,318,10.796915167095115,3.3419023136246784,7.455012853470437,89.20308483290489,7.455012853470437,81.74807197943444
E00190066,358,34,7,27,324,29,295,9.497206703910614,1.9553072625698324,7.5418994413407825,90.5027932960894,8.100558659217876,82.40223463687151
E00190067,308,55,22,33,253,28,225,17.857142857142858,7.142857142857142,10.714285714285714,82.14285714285714,9.090909090909092,73.05194805194806
E00190068,299,66,36,30,233,21,212,22.073578595317723,12.040133779264215,10.033444816053512,77.92642140468227,7.023411371237458,70.903010033444815
E00190069,240,24,7,17,216,19,197,10,2.9166666666666665,7.083333333333333,90,7.916666666666666,82.08333333333333
E00190070,249,69,28,41,180,18,162,27.710843373493976,11.244979919678714,16.46586345381526,72.28915662650603,7.228915662650602,65.06024096385542
E00190071,390,58,19,39,332,34,298,14.871794871794872,4.871794871794872,10,85.12820512820512,8.717948717948717,76.41025641025641
E00190072,376,37,15,22,339,25,314,9.840425531914894,3.9893617021276597,5.851063829787234,90.1595744680851,6.648936170212766,83.51063829787235
E00190074,338,50,17,33,288,30,258,14.792899408284024,5.029585798816568,9.763313609467456,85.20710059171599,8.875739644970414,76.33136094674556
E00190077,386,45,17,28,341,30,311,11.658031088082902,4.404145077720207,7.253886010362693,88.3419689119171,7.772020725388601,80.56994818652849
E00190079,301,74,32,42,227,19,208,24.58471760797342,10.631229235880399,13.953488372093023,75.41528239202658,6.312292358803987,69.10299003322258
E00190080,215,38,15,23,177,22,155,17.674418604651162,6.976744186046512,10.69767441860465,82.32558139534883,10.232558139534884,72.09302325581395
E00190082,253,60,26,34,193,19,174,23.715415019762844,10.276679841897234,13.438735177865613,76.28458498023716,7.5098814229249005,68.77470355731225
E00190089,335,39,8,31,296,23,273,11.641791044776118,2.3880597014925375,9.253731343283581,88.35820895522389,6.865671641791045,81.49253731343283
E00190091,381,47,17,30,334,20,314,12.335958005249344,4.4619422572178475,7.874015748031496,87.66404199475065,5.2493438320209975,82.41469816272966
E00190093,247,30,14,16,217,20,197,12.145748987854251,5.668016194331984,6.477732793522267,87.85425101214574,8.097165991902834,79.75708502024291
E00190095,299,17,3,14,282,27,255,5.68561872909699,1.0033444816053512,4.682274247491638,94.31438127090301,9.03010033444816,85.28428093645485
E00190096,322,44,19,25,278,31,247,13.664596273291925,5.900621118012422,7.763975155279502,86.33540372670807,9.627329192546584,76.70807453416148
E00190097,264,14,8,6,250,19,231,5.303030303030303,3.0303030303030303,2.272727272727273,94.6969696969697,7.196969696969697,87.5
E00190100,276,55,26,29,221,22,199,19.92753623188406,9.420289855072465,10.507246376811594,80.07246376811594,7.971014492753622,72.10144927536231
E00190101,306,21,0,21,285,15,270,6.862745098039216,0,6.862745098039216,93.13725490196079,4.901960784313726,88.23529411764706
E00190102,229,40,23,17,189,20,169,17.46724890829694,10.043668122270741,7.423580786026202,82.53275109170306,8.73362445414847,73.7991266375546
E00190103,333,39,12,27,294,23,271,11.711711711711711,3.6036036036036037,8.108108108108109,88.28828828828829,6.906906906906906,81.38138138138137
E00190104,414,48,20,28,366,24,342,11.594202898550725,4.830917874396135,6.763285024154589,88.40579710144928,5.797101449275362,82.6086956521739
E00190105,225,77,44,33,148,13,135,34.22222222222222,19.555555555555557,14.666666666666666,65.77777777777779,5.777777777777778,60
E00190106,396,42,11,31,354,22,332,10.606060606060606,2.7777777777777777,7.828282828282829,89.39393939393939,5.555555555555555,83.83838383838383
E00190107,271,25,11,14,246,25,221,9.22509225092251,4.059040590405904,5.166051660516605,90.7749077490775,9.22509225092251,81.54981549815497
E00190108,239,50,18,32,189,13,176,20.920502092050206,7.531380753138076,13.389121338912133,79.07949790794979,5.439330543933055,73.64016736401673
E00190109,344,36,9,27,308,29,279,10.465116279069768,2.616279069767442,7.848837209302325,89.53488372093024,8.430232558139535,81.1046511627907
E00190111,242,60,25,35,182,14,168,24.793388429752067,10.330578512396695,14.46280991735537,75.20661157024794,5.785123966942149,69.42148760330579
E00190114,355,30,11,19,325,24,301,8.450704225352112,3.0985915492957745,5.352112676056338,91.54929577464789,6.760563380281689,84.78873239436619
E00190115,303,30,7,23,273,21,252,9.900990099009901,2.31023102310231,7.590759075907591,90.0990099009901,6.9306930693069315,83.16831683168317
E00190117,325,36,9,27,289,31,258,11.076923076923077,2.769230769230769,8.307692307692308,88.92307692307693,9.538461538461538,79.38461538461539
E00190118,282,57,25,32,225,24,201,20.212765957446805,8.865248226950355,11.347517730496454,79.7872340425532,8.51063829787234,71.27659574468085
E00190119,328,46,24,22,282,32,250,14.02439024390244,7.317073170731707,6.707317073170732,85.97560975609755,9.75609756097561,76.21951219512195
E00190120,232,51,23,28,181,24,157,21.982758620689655,9.913793103448276,12.068965517241379,78.01724137931035,10.344827586206897,67.67241379310344
E00190121,282,51,23,28,231,27,204,18.085106382978726,8.156028368794328,9.929078014184398,81.91489361702128,9.574468085106384,72.3404255319149
E00190125,265,29,6,23,236,23,213,10.943396226415095,2.2641509433962264,8.679245283018867,89.05660377358491,8.679245283018867,80.37735849056604
E00190126,364,48,13,35,316,28,288,13.186813186813188,3.571428571428571,9.615384615384617,86.81318681318682,7.6923076923076925,79.12087912087912
E00190129,337,47,16,31,290,29,261,13.94658753709199,4.747774480712167,9.198813056379821,86.05341246290801,8.605341246290802,77.44807121661721
E00190130,280,33,14,19,247,19,228,11.785714285714285,5,6.785714285714286,88.21428571428571,6.785714285714286,81.42857142857143
E00190131,324,22,9,13,302,21,281,6.790123456790123,2.7777777777777777,4.012345679012346,93.20987654320987,6.481481481481481,86.72839506172839
E00190132,291,66,22,44,225,23,202,22.68041237113402,7.560137457044673,15.120274914089347,77.31958762886599,7.903780068728522,69.41580756013745
E00190134,335,29,11,18,306,16,290,8.656716417910449,3.2835820895522385,5.3731343283582085,91.34328358208955,4.776119402985075,86.56716417910447
E00190135,112,25,8,17,87,8,79,22.321428571428573,7.142857142857142,15.178571428571427,77.67857142857143,7.142857142857142,70.53571428571429
E00190136,256,35,10,25,221,19,202,13.671875,3.90625,9.765625,86.328125,7.421875,78.90625
E00190137,338,27,8,19,311,37,274,7.988165680473373,2.366863905325444,5.621301775147929,92.01183431952663,10.946745562130179,81.06508875739645
E00190138,376,82,49,33,294,16,278,21.808510638297875,13.031914893617023,8.77659574468085,78.19148936170212,4.25531914893617,73.93617021276596
E00190139,317,24,4,20,293,30,263,7.570977917981073,1.2618296529968454,6.309148264984227,92.42902208201893,9.46372239747634,82.96529968454259
E00190140,351,28,7,21,323,29,294,7.977207977207977,1.9943019943019942,5.982905982905983,92.02279202279202,8.262108262108262,83.76068376068376
E00190141,246,56,26,30,190,19,171,22.76422764227642,10.569105691056912,12.195121951219512,77.23577235772358,7.723577235772358,69.51219512195121
E00190142,230,45,10,35,185,11,174,19.565217391304348,4.3478260869565215,15.217391304347828,80.43478260869566,4.782608695652174,75.65217391304347
