OA,ts0590001,ts0590002,ts0590003,ts0590004,ts0590005,ts0590006,ts0590007,ts0590002_PCT,ts0590003_PCT,ts0590004_PCT,ts0590005_PCT,ts0590006_PCT,ts0590007_PCT
E00050184,126,31,13,18,95,89,6,24.6031746031746,10.317460317460316,14.285714285714285,75.39682539682539,70.63492063492063,4.761904761904762
E00050185,134,42,18,24,92,82,10,31.343283582089555,13.432835820895523,17.91044776119403,68.65671641791045,61.19402985074627,7.462686567164178
E00050186,172,37,11,26,135,121,14,21.511627906976745,6.395348837209303,15.11627906976744,78.48837209302324,70.34883720930233,8.13953488372093
E00050187,142,30,9,21,112,103,9,21.12676056338028,6.338028169014084,14.788732394366196,78.87323943661971,72.53521126760563,6.338028169014084
E00050188,141,43,19,24,98,88,10,30.49645390070922,13.47517730496454,17.02127659574468,69.50354609929079,62.4113475177305,7.092198581560284
E00050189,160,45,11,34,115,105,10,28.125,6.875000000000001,21.25,71.875,65.625,6.25
E00050190,155,47,9,38,108,98,10,30.32258064516129,5.806451612903226,24.516129032258064,69.6774193548387,63.2258064516129,6.451612903225806
E00050191,164,59,25,34,105,91,14,35.97560975609756,15.24390243902439,20.73170731707317,64.02439024390245,55.487804878048784,8.536585365853659
E00050192,157,39,14,25,118,106,12,24.840764331210192,8.9171974522293,15.92356687898089,75.15923566878982,67.51592356687898,7.643312101910828
E00050193,143,36,15,21,107,98,9,25.174825174825177,10.48951048951049,14.685314685314685,74.82517482517483,68.53146853146853,6.293706293706294
E00050194,132,43,13,30,89,79,10,32.57575757575758,9.848484848484848,22.727272727272727,67.42424242424242,59.84848484848485,7.575757575757576
E00050195,193,71,26,45,122,99,23,36.787564766839374,13.471502590673575,23.316062176165804,63.212435233160626,51.29533678756477,11.917098445595855
E00050196,164,49,14,35,115,106,9,29.878048780487802,8.536585365853659,21.341463414634145,70.1219512195122,64.63414634146342,5.487804878048781
E00050197,208,55,25,30,153,115,38,26.442307692307693,12.01923076923077,14.423076923076922,73.5576923076923,55.28846153846154,18.269230769230766
E00050198,153,35,10,25,118,105,13,22.875816993464053,6.535947712418301,16.33986928104575,77.12418300653596,68.62745098039215,8.49673202614379
E00050199,156,45,12,33,111,104,7,28.846153846153843,7.6923076923076925,21.153846153846153,71.15384615384616,66.66666666666666,4.487179487179487
E00050200,168,44,7,37,124,111,13,26.190476190476193,4.166666666666666,22.023809523809522,73.80952380952381,66.07142857142857,7.738095238095238
E00050201,118,31,10,21,87,77,10,26.27118644067797,8.47457627118644,17.796610169491526,73.72881355932203,65.2542372881356,8.47457627118644
E00050202,135,33,13,20,102,92,10,24.444444444444443,9.62962962962963,14.814814814814813,75.55555555555556,68.14814814814815,7.4074074074074066
E00050203,155,42,15,27,113,95,18,27.09677419354839,9.67741935483871,17.419354838709676,72.90322580645162,61.29032258064516,11.612903225806452
E00050204,104,38,13,25,66,51,15,36.53846153846153,12.5,24.03846153846154,63.46153846153846,49.03846153846153,14.423076923076922
E00050205,92,27,11,16,65,58,7,29.347826086956523,11.956521739130435,17.391304347826086,70.65217391304348,63.04347826086957,7.608695652173914
E00050206,147,51,13,38,96,84,12,34.69387755102041,8.843537414965986,25.850340136054424,65.3061224489796,57.14285714285714,8.16326530612245
E00050207,147,35,14,21,112,96,16,23.809523809523807,9.523809523809524,14.285714285714285,76.19047619047619,65.3061224489796,10.884353741496598
E00050208,136,30,10,20,106,98,8,22.058823529411764,7.352941176470589,14.705882352941178,77.94117647058823,72.05882352941177,5.88235294117647
E00050209,174,50,16,34,124,114,10,28.735632183908045,9.195402298850574,19.54022988505747,71.26436781609196,65.51724137931035,5.747126436781609
E00050210,165,44,14,30,121,104,17,26.666666666666668,8.484848484848486,18.181818181818183,73.33333333333333,63.030303030303024,10.303030303030303
E00050211,171,48,18,30,123,102,21,28.07017543859649,10.526315789473683,17.543859649122805,71.9298245614035,59.64912280701754,12.280701754385964
E00050212,158,31,12,19,127,113,14,19.62025316455696,7.59493670886076,12.025316455696203,80.37974683544303,71.51898734177216,8.860759493670885
E00050213,147,24,8,16,123,106,17,16.3265306122449,5.442176870748299,10.884353741496598,83.6734693877551,72.10884353741497,11.564625850340136
E00050214,148,38,13,25,110,93,17,25.675675675675674,8.783783783783784,16.89189189189189,74.32432432432432,62.83783783783784,11.486486486486488
E00050215,153,36,11,25,117,102,15,23.52941176470588,7.18954248366013,16.33986928104575,76.47058823529412,66.66666666666666,9.803921568627452
E00050216,165,38,9,29,127,105,22,23.03030303030303,5.454545454545454,17.575757575757574,76.96969696969697,63.63636363636363,13.333333333333334
E00050217,191,35,5,30,156,134,22,18.32460732984293,2.6178010471204187,15.706806282722512,81.67539267015707,70.15706806282722,11.518324607329843
E00050218,144,37,12,25,107,90,17,25.694444444444443,8.333333333333332,17.36111111111111,74.30555555555556,62.5,11.805555555555555
E00050219,134,43,16,27,91,75,16,32.08955223880597,11.940298507462686,20.149253731343283,67.91044776119402,55.970149253731336,11.940298507462686
E00050220,160,41,13,28,119,104,15,25.624999999999996,8.125,17.5,74.375,65,9.375
E00050221,64,30,11,19,34,25,9,46.875,17.1875,29.6875,53.125,39.0625,14.0625
E00050222,162,46,16,30,116,99,17,28.39506172839506,9.876543209876543,18.51851851851852,71.60493827160494,61.111111111111114,10.493827160493826
E00050223,170,55,12,43,115,105,10,32.35294117647059,7.0588235294117645,25.294117647058822,67.64705882352942,61.76470588235294,5.88235294117647
E00050224,94,23,5,18,71,63,8,24.46808510638298,5.319148936170213,19.148936170212767,75.53191489361703,67.02127659574468,8.51063829787234
E00050225,128,40,20,20,88,75,13,31.25,15.625,15.625,68.75,58.59375,10.15625
E00050226,110,29,10,19,81,74,7,26.36363636363636,9.090909090909092,17.272727272727273,73.63636363636363,67.27272727272727,6.363636363636363
E00050227,107,33,3,30,74,71,3,30.8411214953271,2.803738317757009,28.037383177570092,69.1588785046729,66.35514018691589,2.803738317757009
E00050228,109,41,8,33,68,64,4,37.61467889908257,7.339449541284404,30.275229357798167,62.38532110091744,58.71559633027523,3.669724770642202
E00050229,115,29,10,19,86,78,8,25.217391304347824,8.695652173913043,16.52173913043478,74.78260869565217,67.82608695652173,6.956521739130435
E00050230,143,32,11,21,111,100,11,22.377622377622377,7.6923076923076925,14.685314685314685,77.62237762237763,69.93006993006993,7.6923076923076925
E00050231,127,34,19,15,93,78,15,26.77165354330709,14.960629921259844,11.811023622047244,73.22834645669292,61.417322834645674,11.811023622047244
E00050232,136,39,12,27,97,90,7,28.676470588235293,8.823529411764707,19.852941176470587,71.32352941176471,66.17647058823529,5.147058823529411
E00050233,116,24,5,19,92,84,8,20.689655172413794,4.310344827586207,16.379310344827587,79.3103448275862,72.41379310344827,6.896551724137931
E00050234,152,38,14,24,114,98,16,25,9.210526315789473,15.789473684210526,75,64.47368421052632,10.526315789473683
E00050235,154,50,11,39,104,93,11,32.467532467532465,7.142857142857142,25.324675324675322,67.53246753246754,60.3896103896104,7.142857142857142
E00050236,159,44,19,25,115,98,17,27.67295597484277,11.949685534591195,15.723270440251572,72.32704402515722,61.63522012578616,10.69182389937107
E00050237,118,32,5,27,86,66,20,27.11864406779661,4.23728813559322,22.88135593220339,72.88135593220339,55.932203389830505,16.94915254237288
E00050238,128,31,7,24,97,87,10,24.21875,5.46875,18.75,75.78125,67.96875,7.8125
E00050239,89,23,4,19,66,60,6,25.842696629213485,4.49438202247191,21.34831460674157,74.15730337078652,67.41573033707866,6.741573033707865
E00050240,120,30,9,21,90,75,15,25,7.5,17.5,75,62.5,12.5
E00050241,138,40,10,30,98,87,11,28.985507246376812,7.246376811594203,21.73913043478261,71.01449275362319,63.04347826086957,7.971014492753622
E00050242,318,89,26,63,229,206,23,27.9874213836478,8.176100628930817,19.81132075471698,72.0125786163522,64.77987421383648,7.232704402515723
E00050243,120,33,7,26,87,78,9,27.500000000000004,5.833333333333333,21.666666666666668,72.5,65,7.5
E00050244,119,32,14,18,87,82,5,26.89075630252101,11.76470588235294,15.126050420168067,73.10924369747899,68.90756302521008,4.201680672268908
E00050245,114,36,11,25,78,65,13,31.57894736842105,9.649122807017543,21.929824561403507,68.42105263157895,57.01754385964912,11.403508771929824
E00050246,111,34,14,20,77,72,5,30.630630630630627,12.612612612612612,18.01801801801802,69.36936936936937,64.86486486486487,4.504504504504505
E00050248,143,33,7,26,110,95,15,23.076923076923077,4.895104895104895,18.181818181818183,76.92307692307693,66.43356643356644,10.48951048951049
E00050249,86,35,15,20,51,41,10,40.69767441860465,17.441860465116278,23.25581395348837,59.30232558139535,47.674418604651166,11.627906976744185
E00050250,169,50,19,31,119,99,20,29.585798816568047,11.242603550295858,18.34319526627219,70.41420118343196,58.57988165680473,11.834319526627219
E00050251,267,63,26,37,204,170,34,23.595505617977526,9.737827715355806,13.857677902621724,76.40449438202246,63.670411985018724,12.734082397003746
E00050252,22,7,2,5,15,14,1,31.818181818181817,9.090909090909092,22.727272727272727,68.18181818181817,63.63636363636363,4.545454545454546
E00050253,162,43,18,25,119,102,17,26.543209876543212,11.11111111111111,15.432098765432098,73.4567901234568,62.96296296296296,10.493827160493826
E00050254,136,37,12,25,99,87,12,27.205882352941174,8.823529411764707,18.38235294117647,72.79411764705883,63.970588235294116,8.823529411764707
E00050255,131,37,16,21,94,83,11,28.24427480916031,12.213740458015266,16.030534351145036,71.7557251908397,63.358778625954194,8.396946564885496
E00050256,142,45,15,30,97,81,16,31.690140845070424,10.56338028169014,21.12676056338028,68.30985915492957,57.04225352112676,11.267605633802818
E00050257,104,28,9,19,76,64,12,26.923076923076923,8.653846153846153,18.269230769230766,73.07692307692307,61.53846153846154,11.538461538461538
E00050258,114,42,15,27,72,65,7,36.84210526315789,13.157894736842104,23.684210526315788,63.1578947368421,57.01754385964912,6.140350877192982
E00050259,111,33,9,24,78,67,11,29.72972972972973,8.108108108108109,21.62162162162162,70.27027027027027,60.36036036036037,9.90990990990991
E00050260,109,31,6,25,78,68,10,28.440366972477065,5.5045871559633035,22.93577981651376,71.55963302752293,62.38532110091744,9.174311926605505
E00050261,123,27,10,17,96,80,16,21.951219512195124,8.130081300813007,13.821138211382115,78.04878048780488,65.04065040650406,13.008130081300814
E00050262,97,26,11,15,71,61,10,26.804123711340207,11.34020618556701,15.463917525773196,73.19587628865979,62.88659793814433,10.309278350515463
E00050264,54,17,8,9,37,35,2,31.48148148148148,14.814814814814813,16.666666666666664,68.51851851851852,64.81481481481481,3.7037037037037033
E00050265,105,33,8,25,72,64,8,31.428571428571427,7.6190476190476195,23.809523809523807,68.57142857142857,60.952380952380956,7.6190476190476195
E00050266,193,50,17,33,143,128,15,25.906735751295333,8.808290155440414,17.098445595854923,74.09326424870466,66.32124352331607,7.772020725388601
E00050267,171,52,17,35,119,102,17,30.409356725146196,9.941520467836257,20.46783625730994,69.5906432748538,59.64912280701754,9.941520467836257
E00050268,169,50,17,33,119,104,15,29.585798816568047,10.059171597633137,19.526627218934912,70.41420118343196,61.53846153846154,8.875739644970414
E00050269,125,44,16,28,81,72,9,35.199999999999996,12.8,22.400000000000002,64.8,57.599999999999994,7.199999999999999
E00050270,146,44,11,33,102,96,6,30.136986301369863,7.534246575342466,22.602739726027394,69.86301369863014,65.75342465753424,4.10958904109589
E00050271,101,36,18,18,65,58,7,35.64356435643564,17.82178217821782,17.82178217821782,64.35643564356435,57.42574257425742,6.9306930693069315
E00050272,169,54,22,32,115,105,10,31.952662721893493,13.017751479289942,18.93491124260355,68.04733727810651,62.1301775147929,5.9171597633136095
E00050273,109,37,8,29,72,61,11,33.94495412844037,7.339449541284404,26.605504587155966,66.05504587155964,55.96330275229357,10.091743119266056
E00050274,163,48,15,33,115,105,10,29.447852760736197,9.202453987730062,20.245398773006134,70.5521472392638,64.41717791411043,6.134969325153374
E00050275,134,56,12,44,78,72,6,41.7910447761194,8.955223880597014,32.83582089552239,58.2089552238806,53.73134328358209,4.477611940298507
E00050276,132,41,12,29,91,84,7,31.060606060606062,9.090909090909092,21.96969696969697,68.93939393939394,63.63636363636363,5.303030303030303
E00050277,138,37,10,27,101,92,9,26.811594202898554,7.246376811594203,19.565217391304348,73.18840579710145,66.66666666666666,6.521739130434782
E00050278,125,43,13,30,82,72,10,34.4,10.4,24,65.60000000000001,57.599999999999994,8
E00050279,132,59,20,39,73,66,7,44.696969696969695,15.151515151515152,29.545454545454547,55.3030303030303,50,5.303030303030303
E00050280,174,72,33,39,102,94,8,41.37931034482759,18.96551724137931,22.413793103448278,58.620689655172406,54.02298850574713,4.597701149425287
E00050281,178,47,13,34,131,115,16,26.40449438202247,7.303370786516854,19.101123595505616,73.59550561797754,64.60674157303372,8.98876404494382
E00050282,129,43,12,31,86,79,7,33.33333333333333,9.30232558139535,24.031007751937985,66.66666666666666,61.240310077519375,5.426356589147287
E00050283,114,40,15,25,74,69,5,35.08771929824561,13.157894736842104,21.929824561403507,64.91228070175438,60.526315789473685,4.385964912280701
E00050284,160,51,19,32,109,95,14,31.874999999999996,11.875,20,68.125,59.375,8.75
E00050285,166,51,11,40,115,103,12,30.72289156626506,6.626506024096386,24.096385542168676,69.27710843373494,62.048192771084345,7.228915662650602
E00050286,147,44,10,34,103,98,5,29.931972789115648,6.802721088435375,23.12925170068027,70.06802721088435,66.66666666666666,3.4013605442176873
E00050287,135,43,11,32,92,77,15,31.851851851851855,8.148148148148149,23.703703703703706,68.14814814814815,57.03703703703704,11.11111111111111
E00050288,164,48,13,35,116,106,10,29.268292682926827,7.926829268292683,21.341463414634145,70.73170731707317,64.63414634146342,6.097560975609756
E00050289,161,44,16,28,117,103,14,27.32919254658385,9.937888198757763,17.391304347826086,72.67080745341616,63.975155279503106,8.695652173913043
E00050290,147,41,8,33,106,97,9,27.89115646258503,5.442176870748299,22.448979591836736,72.10884353741497,65.98639455782312,6.122448979591836
E00050291,143,47,15,32,96,88,8,32.86713286713287,10.48951048951049,22.377622377622377,67.13286713286713,61.53846153846154,5.594405594405594
E00050292,160,40,18,22,120,104,16,25,11.25,13.750000000000002,75,65,10
E00050293,135,40,11,29,95,81,14,29.629629629629626,8.148148148148149,21.48148148148148,70.37037037037037,60,10.37037037037037
E00050294,151,40,12,28,111,104,7,26.490066225165563,7.9470198675496695,18.543046357615893,73.50993377483444,68.87417218543047,4.635761589403973
E00050295,132,29,10,19,103,88,15,21.96969696969697,7.575757575757576,14.393939393939394,78.03030303030303,66.66666666666666,11.363636363636363
E00050296,133,39,7,32,94,87,7,29.32330827067669,5.263157894736842,24.06015037593985,70.67669172932331,65.41353383458647,5.263157894736842
E00050297,102,27,6,21,75,67,8,26.47058823529412,5.88235294117647,20.588235294117645,73.52941176470588,65.68627450980392,7.8431372549019605
E00050298,174,46,21,25,128,110,18,26.436781609195403,12.068965517241379,14.367816091954023,73.5632183908046,63.2183908045977,10.344827586206897
E00050299,148,39,16,23,109,97,12,26.351351351351347,10.81081081081081,15.54054054054054,73.64864864864865,65.54054054054053,8.108108108108109
E00050300,80,36,12,24,44,39,5,45,15,30,55.00000000000001,48.75,6.25
E00050301,137,29,10,19,108,98,10,21.16788321167883,7.2992700729927,13.86861313868613,78.83211678832117,71.53284671532847,7.2992700729927
E00050302,131,32,8,24,99,99,0,24.427480916030532,6.106870229007633,18.3206106870229,75.57251908396947,75.57251908396947,0
E00050303,152,43,6,37,109,97,12,28.289473684210524,3.9473684210526314,24.342105263157894,71.71052631578947,63.81578947368421,7.894736842105263
E00050304,198,60,22,38,138,119,19,30.303030303030305,11.11111111111111,19.19191919191919,69.6969696969697,60.1010101010101,9.595959595959595
E00050305,75,18,7,11,57,52,5,24,9.333333333333334,14.666666666666666,76,69.33333333333334,6.666666666666667
E00050306,135,47,20,27,88,79,9,34.81481481481482,14.814814814814813,20,65.18518518518519,58.51851851851851,6.666666666666667
E00050307,111,28,8,20,83,73,10,25.225225225225223,7.207207207207207,18.01801801801802,74.77477477477478,65.76576576576578,9.00900900900901
E00050308,126,34,8,26,92,76,16,26.984126984126984,6.349206349206349,20.634920634920633,73.01587301587301,60.317460317460316,12.698412698412698
E00050309,192,56,18,38,136,119,17,29.166666666666668,9.375,19.791666666666664,70.83333333333334,61.979166666666664,8.854166666666668
E00050310,149,39,11,28,110,93,17,26.174496644295303,7.38255033557047,18.79194630872483,73.8255033557047,62.41610738255034,11.409395973154362
E00050311,184,58,22,36,126,109,17,31.521739130434785,11.956521739130435,19.565217391304348,68.47826086956522,59.2391304347826,9.239130434782608
E00050313,166,35,14,21,131,113,18,21.084337349397593,8.433734939759036,12.650602409638553,78.91566265060241,68.07228915662651,10.843373493975903
E00050314,124,40,9,31,84,78,6,32.25806451612903,7.258064516129033,25,67.74193548387096,62.903225806451616,4.838709677419355
E00050315,147,52,14,38,95,82,13,35.374149659863946,9.523809523809524,25.850340136054424,64.62585034013605,55.78231292517006,8.843537414965986
E00050316,170,68,34,34,102,92,10,40,20,20,60,54.11764705882353,5.88235294117647
E00050317,81,15,5,10,66,55,11,18.51851851851852,6.172839506172839,12.345679012345679,81.48148148148148,67.90123456790124,13.580246913580247
E00050318,137,41,13,28,96,85,11,29.927007299270077,9.48905109489051,20.437956204379564,70.07299270072993,62.04379562043796,8.02919708029197
E00050319,109,37,10,27,72,67,5,33.94495412844037,9.174311926605505,24.770642201834864,66.05504587155964,61.46788990825688,4.587155963302752
E00050320,132,30,13,17,102,91,11,22.727272727272727,9.848484848484848,12.878787878787879,77.27272727272727,68.93939393939394,8.333333333333332
E00050321,127,24,7,17,103,93,10,18.89763779527559,5.511811023622047,13.385826771653544,81.10236220472441,73.22834645669292,7.874015748031496
E00050322,146,41,12,29,105,91,14,28.08219178082192,8.21917808219178,19.863013698630137,71.91780821917808,62.328767123287676,9.58904109589041
E00050323,94,29,8,21,65,61,4,30.851063829787233,8.51063829787234,22.340425531914892,69.14893617021278,64.8936170212766,4.25531914893617
E00050324,159,38,10,28,121,103,18,23.89937106918239,6.289308176100629,17.61006289308176,76.10062893081762,64.77987421383648,11.320754716981133
E00050325,136,49,22,27,87,74,13,36.029411764705884,16.176470588235293,19.852941176470587,63.970588235294116,54.41176470588235,9.558823529411764
E00050326,163,51,13,38,112,104,8,31.28834355828221,7.975460122699387,23.31288343558282,68.71165644171779,63.80368098159509,4.9079754601226995
E00050327,108,25,9,16,83,82,1,23.14814814814815,8.333333333333332,14.814814814814813,76.85185185185185,75.92592592592592,0.9259259259259258
E00050328,118,41,14,27,77,69,8,34.74576271186441,11.864406779661017,22.88135593220339,65.2542372881356,58.47457627118644,6.779661016949152
E00050329,175,37,14,23,138,115,23,21.142857142857142,8,13.142857142857142,78.85714285714286,65.71428571428571,13.142857142857142
E00050330,218,52,15,37,166,143,23,23.853211009174313,6.8807339449541285,16.972477064220186,76.14678899082568,65.59633027522935,10.550458715596331
E00050331,118,34,13,21,84,75,9,28.8135593220339,11.016949152542372,17.796610169491526,71.1864406779661,63.559322033898304,7.627118644067797
E00050332,205,68,16,52,137,126,11,33.170731707317074,7.804878048780488,25.365853658536587,66.82926829268293,61.46341463414634,5.365853658536586
E00050333,113,38,14,24,75,64,11,33.6283185840708,12.389380530973451,21.238938053097346,66.3716814159292,56.63716814159292,9.734513274336283
E00050334,124,45,14,31,79,72,7,36.29032258064516,11.29032258064516,25,63.70967741935484,58.06451612903226,5.64516129032258
E00050335,166,49,14,35,117,100,17,29.518072289156628,8.433734939759036,21.084337349397593,70.48192771084338,60.24096385542169,10.240963855421686
E00050336,125,32,7,25,93,84,9,25.6,5.6000000000000005,20,74.4,67.2,7.199999999999999
E00050337,151,56,18,38,95,82,13,37.086092715231786,11.920529801324504,25.165562913907287,62.913907284768214,54.3046357615894,8.609271523178808
E00050338,107,47,8,39,60,53,7,43.925233644859816,7.476635514018691,36.44859813084112,56.074766355140184,49.532710280373834,6.5420560747663545
E00050339,145,45,9,36,100,89,11,31.03448275862069,6.206896551724138,24.82758620689655,68.96551724137932,61.37931034482759,7.586206896551724
E00050341,115,33,6,27,82,82,0,28.695652173913043,5.217391304347826,23.47826086956522,71.30434782608695,71.30434782608695,0
E00050342,182,53,18,35,129,120,9,29.120879120879124,9.89010989010989,19.230769230769234,70.87912087912088,65.93406593406593,4.945054945054945
E00050343,142,38,14,24,104,91,13,26.76056338028169,9.859154929577464,16.901408450704224,73.23943661971832,64.08450704225352,9.15492957746479
E00050344,123,25,8,17,98,80,18,20.32520325203252,6.504065040650407,13.821138211382115,79.67479674796748,65.04065040650406,14.634146341463413
E00050345,165,49,15,34,116,103,13,29.6969696969697,9.090909090909092,20.606060606060606,70.3030303030303,62.42424242424243,7.878787878787878
E00050347,157,43,20,23,114,106,8,27.388535031847134,12.738853503184714,14.64968152866242,72.61146496815286,67.51592356687898,5.095541401273886
E00050348,116,37,10,27,79,74,5,31.896551724137932,8.620689655172415,23.275862068965516,68.10344827586206,63.793103448275865,4.310344827586207
E00050349,118,36,10,26,82,70,12,30.508474576271187,8.47457627118644,22.033898305084744,69.49152542372882,59.32203389830508,10.16949152542373
E00050351,178,52,11,41,126,111,15,29.213483146067414,6.179775280898876,23.03370786516854,70.78651685393258,62.35955056179775,8.426966292134832
E00050352,150,49,17,32,101,85,16,32.666666666666664,11.333333333333332,21.333333333333336,67.33333333333333,56.666666666666664,10.666666666666668
E00050353,138,40,13,27,98,91,7,28.985507246376812,9.420289855072465,19.565217391304348,71.01449275362319,65.94202898550725,5.072463768115942
E00050354,172,50,14,36,122,104,18,29.069767441860467,8.13953488372093,20.930232558139537,70.93023255813954,60.46511627906976,10.465116279069768
E00050355,126,40,8,32,86,73,13,31.746031746031743,6.349206349206349,25.396825396825395,68.25396825396825,57.936507936507944,10.317460317460316
E00050356,187,44,12,32,143,128,15,23.52941176470588,6.417112299465241,17.11229946524064,76.47058823529412,68.44919786096256,8.0213903743315509
E00050357,136,37,14,23,99,83,16,27.205882352941174,10.294117647058822,16.911764705882355,72.79411764705883,61.029411764705884,11.76470588235294
E00050358,132,42,14,28,90,82,8,31.818181818181817,10.606060606060606,21.21212121212121,68.18181818181817,62.121212121212125,6.0606060606060606
E00050359,108,28,12,16,80,70,10,25.925925925925924,11.11111111111111,14.814814814814813,74.07407407407408,64.81481481481481,9.25925925925926
E00050360,125,36,7,29,89,81,8,28.799999999999997,5.6000000000000005,23.200000000000003,71.2,64.8,6.4
E00050361,148,41,14,27,107,99,8,27.7027027027027,9.45945945945946,18.243243243243242,72.2972972972973,66.8918918918919,5.405405405405405
E00050362,143,49,14,35,94,77,17,34.26573426573427,9.79020979020979,24.475524475524477,65.73426573426573,53.84615384615385,11.888111888111888
E00050363,144,49,21,28,95,86,9,34.02777777777778,14.583333333333334,19.444444444444446,65.97222222222221,59.72222222222222,6.25
E00050364,140,23,8,15,117,96,21,16.428571428571427,5.714285714285714,10.714285714285714,83.57142857142857,68.57142857142857,15
E00050365,160,48,15,33,112,91,21,30,9.375,20.625,70,56.875,13.125
E00050366,152,42,14,28,110,100,10,27.631578947368425,9.210526315789473,18.421052631578945,72.36842105263158,65.78947368421053,6.578947368421052
E00050367,145,52,18,34,93,78,15,35.86206896551724,12.413793103448276,23.448275862068964,64.13793103448275,53.79310344827586,10.344827586206897
E00050368,242,65,17,48,177,163,14,26.859504132231404,7.024793388429752,19.834710743801654,73.14049586776859,67.35537190082644,5.785123966942149
E00050369,139,34,10,24,105,94,11,24.46043165467626,7.1942446043165464,17.26618705035971,75.53956834532374,67.62589928057554,7.913669064748201
E00050371,86,32,9,23,54,49,5,37.2093023255814,10.465116279069768,26.744186046511626,62.7906976744186,56.97674418604651,5.813953488372093
E00050372,68,20,6,14,48,40,8,29.411764705882355,8.823529411764707,20.588235294117645,70.58823529411765,58.82352941176471,11.76470588235294
E00050373,290,73,17,56,217,195,22,25.17241379310345,5.862068965517241,19.310344827586206,74.82758620689656,67.24137931034483,7.586206896551724
E00050374,99,30,14,16,69,56,13,30.303030303030305,14.14141414141414,16.161616161616163,69.6969696969697,56.56565656565656,13.131313131313133
E00050375,164,48,19,29,116,102,14,29.268292682926827,11.585365853658537,17.682926829268293,70.73170731707317,62.19512195121951,8.536585365853659
E00050376,83,21,5,16,62,53,9,25.301204819277107,6.024096385542169,19.27710843373494,74.69879518072288,63.85542168674698,10.843373493975903
E00050377,87,16,4,12,71,61,10,18.39080459770115,4.597701149425287,13.793103448275861,81.60919540229885,70.11494252873564,11.494252873563218
E00050378,105,21,3,18,84,74,10,20,2.857142857142857,17.142857142857142,80,70.47619047619048,9.523809523809524
E00050379,135,39,12,27,96,86,10,28.888888888888886,8.88888888888889,20,71.11111111111111,63.70370370370371,7.4074074074074066
E00050380,126,33,12,21,93,80,13,26.190476190476193,9.523809523809524,16.666666666666664,73.80952380952381,63.49206349206349,10.317460317460316
E00050381,82,34,20,14,48,48,0,41.46341463414634,24.390243902439025,17.073170731707318,58.536585365853654,58.536585365853654,0
E00050382,146,40,10,30,106,91,15,27.397260273972602,6.8493150684931505,20.54794520547945,72.6027397260274,62.328767123287676,10.273972602739725
E00050383,155,37,10,27,118,105,13,23.870967741935484,6.451612903225806,17.419354838709676,76.12903225806451,67.74193548387096,8.38709677419355
E00050384,79,23,12,11,56,51,5,29.11392405063291,15.18987341772152,13.924050632911392,70.88607594936708,64.55696202531645,6.329113924050633
E00050385,198,66,19,47,132,113,19,33.33333333333333,9.595959595959595,23.737373737373737,66.66666666666666,57.07070707070707,9.595959595959595
E00050386,114,42,6,36,72,68,4,36.84210526315789,5.263157894736842,31.57894736842105,63.1578947368421,59.64912280701754,3.508771929824561
E00050387,117,37,9,28,80,70,10,31.62393162393162,7.6923076923076925,23.931623931623932,68.37606837606837,59.82905982905983,8.547008547008547
E00050388,142,38,10,28,104,91,13,26.76056338028169,7.042253521126761,19.718309859154928,73.23943661971832,64.08450704225352,9.15492957746479
E00050389,125,34,11,23,91,79,12,27.200000000000003,8.799999999999999,18.4,72.8,63.2,9.6
E00050390,171,46,10,36,125,115,10,26.900584795321635,5.847953216374268,21.052631578947366,73.09941520467837,67.2514619883041,5.847953216374268
E00050391,125,26,5,21,99,90,9,20.8,4,16.8,79.2,72,7.199999999999999
E00050392,116,34,11,23,82,76,6,29.310344827586203,9.482758620689655,19.82758620689655,70.6896551724138,65.51724137931035,5.172413793103448
E00050393,131,48,11,37,83,77,6,36.6412213740458,8.396946564885496,28.24427480916031,63.358778625954194,58.778625954198475,4.580152671755725
E00050394,121,33,9,24,88,75,13,27.27272727272727,7.43801652892562,19.834710743801654,72.72727272727273,61.98347107438017,10.743801652892563
E00050395,184,49,15,34,135,120,15,26.6304347826087,8.152173913043478,18.478260869565215,73.36956521739131,65.21739130434783,8.152173913043478
E00050396,114,37,6,31,77,68,9,32.45614035087719,5.263157894736842,27.192982456140353,67.54385964912281,59.64912280701754,7.894736842105263
E00050397,138,30,3,27,108,95,13,21.73913043478261,2.1739130434782608,19.565217391304348,78.26086956521739,68.84057971014492,9.420289855072465
E00050398,157,53,21,32,104,93,11,33.75796178343949,13.375796178343949,20.382165605095544,66.2420382165605,59.23566878980891,7.006369426751593
E00050399,163,46,13,33,117,109,8,28.22085889570552,7.975460122699387,20.245398773006134,71.77914110429448,66.87116564417178,4.9079754601226995
E00050400,133,39,13,26,94,83,11,29.32330827067669,9.774436090225564,19.548872180451127,70.67669172932331,62.40601503759399,8.270676691729323
E00050401,104,28,13,15,76,70,6,26.923076923076923,12.5,14.423076923076922,73.07692307692307,67.3076923076923,5.769230769230769
E00050402,288,85,16,69,203,189,14,29.51388888888889,5.555555555555555,23.958333333333336,70.48611111111111,65.625,4.861111111111112
E00050403,132,39,12,27,93,83,10,29.545454545454547,9.090909090909092,20.454545454545457,70.45454545454545,62.878787878787875,7.575757575757576
E00050404,153,51,10,41,102,92,10,33.33333333333333,6.535947712418301,26.797385620915033,66.66666666666666,60.130718954248366,6.535947712418301
E00050405,162,45,8,37,117,102,15,27.77777777777778,4.938271604938271,22.839506172839506,72.22222222222221,62.96296296296296,9.25925925925926
E00050406,117,30,7,23,87,74,13,25.64102564102564,5.982905982905983,19.65811965811966,74.35897435897436,63.24786324786324,11.11111111111111
E00050407,98,39,15,24,59,55,4,39.795918367346935,15.306122448979592,24.489795918367346,60.204081632653065,56.12244897959183,4.081632653061225
E00050408,112,40,6,34,72,62,10,35.714285714285715,5.357142857142857,30.357142857142854,64.28571428571429,55.35714285714286,8.928571428571429
E00050409,115,34,9,25,81,73,8,29.565217391304348,7.82608695652174,21.73913043478261,70.43478260869566,63.47826086956522,6.956521739130435
E00050410,137,56,11,45,81,72,9,40.87591240875913,8.02919708029197,32.846715328467155,59.12408759124088,52.55474452554745,6.569343065693431
E00050411,90,16,2,14,74,68,6,17.77777777777778,2.2222222222222223,15.555555555555555,82.22222222222221,75.55555555555556,6.666666666666667
E00050412,104,34,11,23,70,65,5,32.69230769230769,10.576923076923077,22.115384615384613,67.3076923076923,62.5,4.807692307692308
E00050413,117,43,11,32,74,70,4,36.75213675213676,9.401709401709402,27.350427350427353,63.24786324786324,59.82905982905983,3.418803418803419
E00050414,120,28,7,21,92,80,12,23.333333333333332,5.833333333333333,17.5,76.66666666666667,66.66666666666666,10
E00050415,84,29,10,19,55,51,4,34.523809523809526,11.904761904761903,22.61904761904762,65.47619047619048,60.71428571428571,4.761904761904762
E00050416,130,39,11,28,91,77,14,30,8.461538461538462,21.53846153846154,70,59.23076923076923,10.76923076923077
E00050417,130,48,12,36,82,69,13,36.92307692307693,9.230769230769232,27.692307692307693,63.07692307692307,53.07692307692308,10
E00050418,149,42,12,30,107,91,16,28.187919463087248,8.053691275167784,20.13422818791946,71.81208053691275,61.07382550335571,10.738255033557047
E00050419,114,40,7,33,74,65,9,35.08771929824561,6.140350877192982,28.947368421052634,64.91228070175438,57.01754385964912,7.894736842105263
E00050420,93,28,9,19,65,56,9,30.107526881720432,9.67741935483871,20.43010752688172,69.89247311827957,60.215053763440864,9.67741935483871
E00050423,102,30,6,24,72,68,4,29.411764705882355,5.88235294117647,23.52941176470588,70.58823529411765,66.66666666666666,3.9215686274509802
E00050424,153,46,10,36,107,87,20,30.065359477124183,6.535947712418301,23.52941176470588,69.93464052287581,56.86274509803921,13.071895424836603
E00050425,104,25,7,18,79,68,11,24.03846153846154,6.730769230769231,17.307692307692307,75.96153846153845,65.38461538461539,10.576923076923077
E00050426,125,30,12,18,95,85,10,24,9.6,14.399999999999999,76,68,8
E00050427,158,54,19,35,104,86,18,34.177215189873415,12.025316455696203,22.151898734177212,65.82278481012658,54.43037974683544,11.39240506329114
E00050428,186,58,22,36,128,113,15,31.182795698924732,11.827956989247312,19.35483870967742,68.81720430107528,60.752688172043015,8.064516129032258
E00050429,106,24,4,20,82,67,15,22.641509433962266,3.7735849056603774,18.867924528301888,77.35849056603774,63.20754716981132,14.150943396226415
E00050431,157,46,12,34,111,99,12,29.29936305732484,7.643312101910828,21.656050955414013,70.70063694267516,63.05732484076433,7.643312101910828
E00050432,148,53,19,34,95,86,9,35.810810810810814,12.837837837837837,22.972972972972975,64.1891891891892,58.108108108108105,6.081081081081082
E00050433,200,63,14,49,137,127,10,31.5,7.000000000000001,24.5,68.5,63.5,5
E00050434,71,19,13,6,52,45,7,26.76056338028169,18.30985915492958,8.450704225352112,73.23943661971832,63.38028169014085,9.859154929577464
E00050435,148,36,12,24,112,103,9,24.324324324324326,8.108108108108109,16.216216216216218,75.67567567567568,69.5945945945946,6.081081081081082
E00050436,108,30,9,21,78,66,12,27.77777777777778,8.333333333333332,19.444444444444446,72.22222222222221,61.111111111111114,11.11111111111111
E00050438,102,23,6,17,79,70,9,22.54901960784314,5.88235294117647,16.666666666666664,77.45098039215686,68.62745098039215,8.823529411764707
E00050439,198,54,19,35,144,125,19,27.27272727272727,9.595959595959595,17.67676767676768,72.72727272727273,63.13131313131313,9.595959595959595
E00050440,203,58,24,34,145,130,15,28.57142857142857,11.822660098522167,16.748768472906402,71.42857142857143,64.03940886699507,7.389162561576355
E00050441,119,39,9,30,80,70,10,32.773109243697476,7.563025210084033,25.210084033613445,67.22689075630252,58.82352941176471,8.403361344537815
E00050442,188,46,11,35,142,127,15,24.46808510638298,5.851063829787234,18.617021276595743,75.53191489361703,67.5531914893617,7.9787234042553195
E00050443,131,38,12,26,93,84,9,29.00763358778626,9.16030534351145,19.84732824427481,70.99236641221374,64.12213740458014,6.870229007633588
E00050444,143,38,10,28,105,98,7,26.573426573426573,6.993006993006993,19.58041958041958,73.42657342657343,68.53146853146853,4.895104895104895
E00050445,148,45,14,31,103,95,8,30.405405405405407,9.45945945945946,20.945945945945947,69.5945945945946,64.1891891891892,5.405405405405405
E00050446,184,50,8,42,134,118,16,27.173913043478258,4.3478260869565215,22.82608695652174,72.82608695652173,64.13043478260869,8.695652173913043
E00050447,46,15,5,10,31,31,0,32.608695652173914,10.869565217391305,21.73913043478261,67.3913043478261,67.3913043478261,0
E00050448,247,77,26,51,170,149,21,31.17408906882591,10.526315789473683,20.647773279352226,68.82591093117408,60.32388663967612,8.502024291497975
E00050449,186,51,15,36,135,119,16,27.419354838709676,8.064516129032258,19.35483870967742,72.58064516129032,63.97849462365591,8.60215053763441
E00050450,229,71,18,53,158,142,16,31.004366812227076,7.860262008733625,23.144104803493452,68.99563318777294,62.00873362445415,6.986899563318777
E00050451,140,40,13,27,100,91,9,28.57142857142857,9.285714285714286,19.28571428571429,71.42857142857143,65,6.428571428571428
E00050452,149,44,17,27,105,94,11,29.53020134228188,11.409395973154362,18.120805369127517,70.46979865771812,63.08724832214765,7.38255033557047
E00050453,191,52,10,42,139,127,12,27.225130890052355,5.2356020942408374,21.98952879581152,72.77486910994764,66.49214659685863,6.282722513089005
E00050454,224,72,17,55,152,142,10,32.142857142857146,7.5892857142857135,24.553571428571427,67.85714285714286,63.39285714285714,4.464285714285714
E00050455,107,29,10,19,78,69,9,27.102803738317753,9.345794392523365,17.75700934579439,72.89719626168224,64.48598130841121,8.411214953271028
E00050456,168,45,8,37,123,112,11,26.785714285714285,4.761904761904762,22.023809523809522,73.21428571428571,66.66666666666666,6.547619047619048
E00050457,153,37,7,30,116,105,11,24.183006535947712,4.57516339869281,19.607843137254903,75.81699346405229,68.62745098039215,7.18954248366013
E00050458,101,28,6,22,73,65,8,27.722772277227726,5.9405940594059405,21.782178217821784,72.27722772277228,64.35643564356435,7.920792079207921
E00050459,202,42,10,32,160,136,24,20.792079207920793,4.9504950495049505,15.841584158415841,79.20792079207921,67.32673267326733,11.881188118811881
E00050460,138,32,13,19,106,96,10,23.18840579710145,9.420289855072465,13.768115942028986,76.81159420289855,69.56521739130434,7.246376811594203
E00050461,45,16,5,11,29,27,2,35.55555555555556,11.11111111111111,24.444444444444443,64.44444444444444,60,4.444444444444445
E00050462,103,32,8,24,71,63,8,31.06796116504854,7.766990291262135,23.300970873786408,68.93203883495146,61.165048543689316,7.766990291262135
E00050463,225,61,18,43,164,143,21,27.111111111111114,8,19.11111111111111,72.88888888888889,63.55555555555556,9.333333333333334
E00050464,159,55,20,35,104,94,10,34.59119496855346,12.578616352201259,22.0125786163522,65.40880503144653,59.11949685534591,6.289308176100629
E00050465,119,24,11,13,95,83,12,20.168067226890756,9.243697478991598,10.92436974789916,79.83193277310924,69.74789915966386,10.084033613445378
E00050466,186,43,19,24,143,126,17,23.118279569892472,10.21505376344086,12.903225806451612,76.88172043010752,67.74193548387096,9.13978494623656
E00050468,204,100,27,73,104,90,14,49.01960784313725,13.23529411764706,35.78431372549019,50.98039215686274,44.11764705882353,6.862745098039216
E00050469,133,42,16,26,91,82,9,31.57894736842105,12.030075187969924,19.548872180451127,68.42105263157895,61.65413533834586,6.7669172932330826
E00050470,149,41,6,35,108,99,9,27.516778523489933,4.026845637583892,23.48993288590604,72.48322147651007,66.44295302013423,6.0402684563758395
E00050471,103,24,7,17,79,72,7,23.300970873786408,6.796116504854369,16.50485436893204,76.69902912621359,69.90291262135922,6.796116504854369
E00050472,135,35,14,21,100,89,11,25.925925925925924,10.37037037037037,15.555555555555555,74.07407407407408,65.92592592592592,8.148148148148149
E00050473,107,29,11,18,78,73,5,27.102803738317753,10.2803738317757,16.822429906542055,72.89719626168224,68.22429906542055,4.672897196261682
E00050474,172,61,22,39,111,94,17,35.46511627906977,12.790697674418606,22.674418604651162,64.53488372093024,54.65116279069767,9.883720930232558
E00050475,108,31,11,20,77,69,8,28.703703703703702,10.185185185185185,18.51851851851852,71.29629629629629,63.888888888888886,7.4074074074074066
E00050476,106,42,11,31,64,59,5,39.62264150943396,10.377358490566039,29.245283018867923,60.37735849056604,55.660377358490564,4.716981132075472
E00050477,120,37,14,23,83,70,13,30.833333333333336,11.666666666666666,19.166666666666668,69.16666666666667,58.333333333333336,10.833333333333334
E00050478,141,44,14,30,97,84,13,31.20567375886525,9.929078014184398,21.27659574468085,68.79432624113475,59.57446808510638,9.219858156028367
E00050479,124,39,9,30,85,76,9,31.451612903225808,7.258064516129033,24.193548387096776,68.54838709677419,61.29032258064516,7.258064516129033
E00050480,144,55,14,41,89,79,10,38.19444444444444,9.722222222222223,28.47222222222222,61.80555555555556,54.861111111111114,6.944444444444445
E00050481,205,51,13,38,154,127,27,24.878048780487806,6.341463414634147,18.536585365853657,75.1219512195122,61.951219512195124,13.170731707317074
E00050482,151,38,10,28,113,97,16,25.165562913907287,6.622516556291391,18.543046357615893,74.83443708609272,64.23841059602648,10.596026490066226
E00050483,133,40,10,30,93,76,17,30.075187969924812,7.518796992481203,22.55639097744361,69.92481203007519,57.14285714285714,12.781954887218044
E00050484,156,60,17,43,96,86,10,38.46153846153847,10.897435897435898,27.564102564102566,61.53846153846154,55.12820512820513,6.41025641025641
E00050485,176,55,16,39,121,104,17,31.25,9.090909090909092,22.15909090909091,68.75,59.09090909090909,9.659090909090908
E00050486,140,38,11,27,102,93,9,27.142857142857142,7.857142857142857,19.28571428571429,72.85714285714285,66.42857142857143,6.428571428571428
E00050487,137,44,14,30,93,79,14,32.11678832116788,10.218978102189782,21.897810218978105,67.88321167883211,57.66423357664233,10.218978102189782
E00050488,153,48,14,34,105,92,13,31.372549019607842,9.15032679738562,22.22222222222222,68.62745098039215,60.130718954248366,8.49673202614379
E00050489,141,48,13,35,93,86,7,34.04255319148936,9.219858156028367,24.822695035460992,65.95744680851064,60.99290780141844,4.964539007092199
E00050490,156,51,12,39,105,94,11,32.69230769230769,7.6923076923076925,25,67.3076923076923,60.256410256410255,7.051282051282051
E00050491,83,21,5,16,62,54,8,25.301204819277107,6.024096385542169,19.27710843373494,74.69879518072288,65.06024096385542,9.63855421686747
E00050492,148,52,20,32,96,83,13,35.13513513513514,13.513513513513514,21.62162162162162,64.86486486486487,56.08108108108109,8.783783783783784
E00050493,82,25,6,19,57,51,6,30.48780487804878,7.317073170731707,23.170731707317074,69.51219512195121,62.19512195121951,7.317073170731707
E00050494,74,18,4,14,56,47,9,24.324324324324326,5.405405405405405,18.91891891891892,75.67567567567568,63.51351351351351,12.162162162162163
E00050495,318,73,32,41,245,207,38,22.955974842767297,10.062893081761008,12.89308176100629,77.04402515723271,65.09433962264151,11.949685534591195
E00050496,182,51,10,41,131,118,13,28.021978021978022,5.4945054945054945,22.52747252747253,71.97802197802197,64.83516483516483,7.142857142857142
E00050497,285,75,22,53,210,187,23,26.31578947368421,7.719298245614035,18.596491228070175,73.68421052631578,65.6140350877193,8.070175438596491
E00050499,164,42,16,26,122,110,12,25.609756097560975,9.75609756097561,15.853658536585366,74.39024390243902,67.07317073170732,7.317073170731707
E00050501,171,36,9,27,135,122,13,21.052631578947366,5.263157894736842,15.789473684210526,78.94736842105263,71.34502923976608,7.602339181286549
E00050502,163,47,11,36,116,104,12,28.834355828220858,6.748466257668712,22.085889570552148,71.16564417177914,63.80368098159509,7.361963190184049
E00050503,105,33,9,24,72,63,9,31.428571428571427,8.571428571428571,22.857142857142858,68.57142857142857,60,8.571428571428571
E00050504,84,33,12,21,51,45,6,39.285714285714285,14.285714285714285,25,60.71428571428571,53.57142857142857,7.142857142857142
E00050506,107,35,4,31,72,62,10,32.71028037383177,3.7383177570093453,28.971962616822427,67.28971962616822,57.943925233644855,9.345794392523365
E00050509,107,31,8,23,76,67,9,28.971962616822427,7.476635514018691,21.49532710280374,71.02803738317756,62.616822429906534,8.411214953271028
E00050510,92,34,16,18,58,49,9,36.95652173913043,17.391304347826086,19.565217391304348,63.04347826086957,53.2608695652174,9.782608695652174
E00050511,210,98,28,70,112,97,15,46.666666666666664,13.333333333333334,33.33333333333333,53.333333333333336,46.19047619047619,7.142857142857142
E00050512,147,46,8,38,101,94,7,31.292517006802722,5.442176870748299,25.850340136054424,68.70748299319727,63.94557823129252,4.761904761904762
E00050513,100,33,6,27,67,58,9,33,6,27,67,57.99999999999999,9
E00050514,202,73,28,45,129,112,17,36.13861386138614,13.861386138613863,22.277227722772277,63.86138613861386,55.44554455445545,8.415841584158416
E00050515,115,40,10,30,75,69,6,34.78260869565217,8.695652173913043,26.08695652173913,65.21739130434783,60,5.217391304347826
E00050516,151,47,12,35,104,93,11,31.125827814569533,7.9470198675496695,23.178807947019866,68.87417218543047,61.58940397350994,7.28476821192053
E00050517,205,65,22,43,140,104,36,31.70731707317073,10.731707317073171,20.975609756097562,68.29268292682927,50.73170731707317,17.560975609756095
E00050518,169,51,15,36,118,102,16,30.17751479289941,8.875739644970414,21.301775147928996,69.8224852071006,60.35502958579882,9.467455621301776
E00050519,151,50,13,37,101,92,9,33.11258278145696,8.609271523178808,24.503311258278146,66.88741721854305,60.9271523178808,5.960264900662252
E00050520,147,46,13,33,101,89,12,31.292517006802722,8.843537414965986,22.448979591836736,68.70748299319727,60.544217687074834,8.16326530612245
E00050521,114,45,10,35,69,61,8,39.473684210526315,8.771929824561402,30.701754385964914,60.526315789473685,53.50877192982456,7.017543859649122
E00050523,103,28,6,22,75,68,7,27.184466019417474,5.825242718446602,21.35922330097087,72.81553398058253,66.01941747572816,6.796116504854369
E00050524,182,59,10,49,123,112,11,32.417582417582416,5.4945054945054945,26.923076923076923,67.58241758241759,61.53846153846154,6.043956043956044
E00050525,109,43,11,32,66,62,4,39.44954128440367,10.091743119266056,29.357798165137616,60.550458715596335,56.88073394495413,3.669724770642202
E00050526,142,53,14,39,89,81,8,37.32394366197183,9.859154929577464,27.464788732394368,62.676056338028175,57.04225352112676,5.633802816901409
E00050528,132,30,5,25,102,88,14,22.727272727272727,3.787878787878788,18.939393939393938,77.27272727272727,66.66666666666666,10.606060606060606
E00050529,113,45,11,34,68,63,5,39.823008849557525,9.734513274336283,30.08849557522124,60.17699115044248,55.75221238938053,4.424778761061947
E00050530,187,47,11,36,140,124,16,25.13368983957219,5.88235294117647,19.25133689839572,74.8663101604278,66.31016042780749,8.55614973262032
E00050531,133,47,6,41,86,77,9,35.338345864661655,4.511278195488721,30.82706766917293,64.66165413533834,57.89473684210527,6.7669172932330826
E00050532,127,48,9,39,79,73,6,37.79527559055118,7.086614173228346,30.708661417322837,62.20472440944882,57.48031496062992,4.724409448818897
E00050533,133,50,13,37,83,70,13,37.59398496240601,9.774436090225564,27.819548872180448,62.40601503759399,52.63157894736842,9.774436090225564
E00050534,174,42,10,32,132,119,13,24.137931034482758,5.747126436781609,18.39080459770115,75.86206896551724,68.39080459770115,7.471264367816093
E00050535,77,29,10,19,48,44,4,37.66233766233766,12.987012987012985,24.675324675324674,62.33766233766234,57.14285714285714,5.194805194805195
E00050536,115,35,5,30,80,72,8,30.434782608695656,4.3478260869565215,26.08695652173913,69.56521739130434,62.60869565217392,6.956521739130435
E00050537,134,55,15,40,79,72,7,41.04477611940299,11.194029850746269,29.850746268656714,58.95522388059702,53.73134328358209,5.223880597014925
E00050538,140,48,12,36,92,82,10,34.285714285714285,8.571428571428571,25.71428571428571,65.71428571428571,58.57142857142858,7.142857142857142
E00050539,171,53,20,33,118,109,9,30.994152046783626,11.695906432748536,19.298245614035086,69.00584795321637,63.74269005847953,5.263157894736842
E00050540,167,57,19,38,110,102,8,34.13173652694611,11.377245508982035,22.75449101796407,65.86826347305389,61.07784431137725,4.790419161676647
E00050541,174,43,14,29,131,113,18,24.71264367816092,8.045977011494253,16.666666666666664,75.28735632183908,64.9425287356322,10.344827586206897
E00050542,228,58,20,38,170,158,12,25.438596491228072,8.771929824561402,16.666666666666664,74.56140350877193,69.2982456140351,5.263157894736842
E00050543,121,43,8,35,78,72,6,35.53719008264463,6.6115702479338845,28.92561983471074,64.46280991735537,59.50413223140496,4.958677685950414
E00050544,123,33,12,21,90,79,11,26.82926829268293,9.75609756097561,17.073170731707318,73.17073170731707,64.22764227642277,8.94308943089431
E00050545,142,29,9,20,113,105,8,20.422535211267608,6.338028169014084,14.084507042253522,79.5774647887324,73.94366197183099,5.633802816901409
E00050546,189,55,15,40,134,123,11,29.100529100529098,7.936507936507936,21.164021164021165,70.8994708994709,65.07936507936508,5.82010582010582
E00050547,182,43,10,33,139,123,16,23.626373626373624,5.4945054945054945,18.13186813186813,76.37362637362637,67.58241758241759,8.791208791208792
E00050548,231,69,20,49,162,145,17,29.87012987012987,8.658008658008658,21.21212121212121,70.12987012987013,62.77056277056276,7.35930735930736
E00050549,124,36,10,26,88,83,5,29.03225806451613,8.064516129032258,20.967741935483872,70.96774193548387,66.93548387096774,4.032258064516129
E00050550,286,89,26,63,197,173,24,31.11888111888112,9.090909090909092,22.02797202797203,68.88111888111888,60.48951048951049,8.391608391608392
E00050551,157,36,11,25,121,110,11,22.929936305732486,7.006369426751593,15.92356687898089,77.07006369426752,70.06369426751591,7.006369426751593
E00050552,117,36,8,28,81,68,13,30.76923076923077,6.837606837606838,23.931623931623932,69.23076923076923,58.119658119658126,11.11111111111111
E00050553,111,36,12,24,75,67,8,32.432432432432435,10.81081081081081,21.62162162162162,67.56756756756756,60.36036036036037,7.207207207207207
E00050554,139,49,23,26,90,82,8,35.25179856115108,16.546762589928058,18.705035971223023,64.74820143884892,58.992805755395686,5.755395683453238
E00050555,155,59,14,45,96,87,9,38.064516129032256,9.032258064516128,29.03225806451613,61.935483870967744,56.12903225806451,5.806451612903226
E00050556,166,39,13,26,127,117,10,23.49397590361446,7.83132530120482,15.66265060240964,76.50602409638554,70.48192771084338,6.024096385542169
E00050557,136,42,16,26,94,84,10,30.88235294117647,11.76470588235294,19.11764705882353,69.11764705882352,61.76470588235294,7.352941176470589
E00050558,111,31,9,22,80,74,6,27.927927927927925,8.108108108108109,19.81981981981982,72.07207207207207,66.66666666666666,5.405405405405405
E00050559,105,28,8,20,77,67,10,26.666666666666668,7.6190476190476195,19.047619047619047,73.33333333333333,63.8095238095238,9.523809523809524
E00050560,202,60,14,46,142,130,12,29.7029702970297,6.9306930693069315,22.772277227722775,70.29702970297029,64.35643564356435,5.9405940594059405
E00050561,153,54,20,34,99,88,11,35.294117647058826,13.071895424836603,22.22222222222222,64.70588235294117,57.51633986928104,7.18954248366013
E00050562,170,63,22,41,107,96,11,37.05882352941177,12.941176470588237,24.11764705882353,62.94117647058823,56.470588235294116,6.470588235294119
E00050563,156,43,15,28,113,102,11,27.564102564102566,9.615384615384617,17.94871794871795,72.43589743589743,65.38461538461539,7.051282051282051
E00050564,161,50,8,42,111,99,12,31.05590062111801,4.968944099378882,26.08695652173913,68.94409937888199,61.49068322981367,7.453416149068323
E00050565,154,59,17,42,95,85,10,38.311688311688314,11.03896103896104,27.27272727272727,61.68831168831169,55.1948051948052,6.493506493506493
E00050566,120,36,12,24,84,72,12,30,10,20,70,60,10
E00050567,160,47,13,34,113,101,12,29.375,8.125,21.25,70.625,63.125,7.5
E00050568,143,48,12,36,95,86,9,33.56643356643357,8.391608391608392,25.174825174825177,66.43356643356644,60.13986013986013,6.293706293706294
E00050569,111,44,10,34,67,63,4,39.63963963963964,9.00900900900901,30.630630630630627,60.36036036036037,56.75675675675676,3.6036036036036037
E00050570,151,50,11,39,101,92,9,33.11258278145696,7.28476821192053,25.82781456953642,66.88741721854305,60.9271523178808,5.960264900662252
E00050571,98,30,7,23,68,62,6,30.612244897959183,7.142857142857142,23.46938775510204,69.38775510204081,63.26530612244898,6.122448979591836
E00050572,75,13,3,10,62,56,6,17.333333333333336,4,13.333333333333334,82.66666666666667,74.66666666666667,8
E00050573,103,38,7,31,65,60,5,36.89320388349515,6.796116504854369,30.097087378640776,63.10679611650486,58.252427184466015,4.854368932038835
E00050574,118,41,14,27,77,68,9,34.74576271186441,11.864406779661017,22.88135593220339,65.2542372881356,57.6271186440678,7.627118644067797
E00050575,179,60,18,42,119,99,20,33.5195530726257,10.05586592178771,23.463687150837988,66.4804469273743,55.3072625698324,11.1731843575419
E00050577,198,64,14,50,134,114,20,32.323232323232325,7.07070707070707,25.252525252525253,67.67676767676768,57.57575757575758,10.1010101010101
E00050578,217,65,22,43,152,129,23,29.953917050691242,10.138248847926267,19.81566820276498,70.04608294930875,59.44700460829493,10.599078341013826
E00050579,184,37,10,27,147,119,28,20.108695652173914,5.434782608695652,14.673913043478262,79.8913043478261,64.67391304347827,15.217391304347828
E00050580,127,42,13,29,85,76,9,33.07086614173229,10.236220472440944,22.83464566929134,66.92913385826772,59.84251968503938,7.086614173228346
E00050581,142,46,16,30,96,89,7,32.3943661971831,11.267605633802818,21.12676056338028,67.6056338028169,62.676056338028175,4.929577464788732
E00050582,146,42,12,30,104,98,6,28.767123287671232,8.21917808219178,20.54794520547945,71.23287671232876,67.12328767123287,4.10958904109589
E00050583,133,46,11,35,87,80,7,34.58646616541353,8.270676691729323,26.31578947368421,65.41353383458647,60.150375939849624,5.263157894736842
E00050584,119,22,6,16,97,84,13,18.487394957983195,5.042016806722689,13.445378151260504,81.5126050420168,70.58823529411765,10.92436974789916
E00050585,157,40,12,28,117,100,17,25.477707006369428,7.643312101910828,17.8343949044586,74.52229299363057,63.69426751592356,10.828025477707007
E00050586,149,36,13,23,113,98,15,24.161073825503358,8.724832214765101,15.436241610738255,75.83892617449665,65.77181208053692,10.06711409395973
E00050587,192,45,12,33,147,134,13,23.4375,6.25,17.1875,76.5625,69.79166666666666,6.770833333333333
E00050588,207,56,17,39,151,132,19,27.053140096618357,8.212560386473431,18.84057971014493,72.94685990338165,63.76811594202898,9.178743961352657
E00050589,136,40,14,26,96,85,11,29.411764705882355,10.294117647058822,19.11764705882353,70.58823529411765,62.5,8.088235294117647
E00050590,131,34,10,24,97,83,14,25.954198473282442,7.633587786259542,18.3206106870229,74.04580152671755,63.358778625954194,10.687022900763358
E00050591,73,34,10,24,39,38,1,46.57534246575342,13.698630136986301,32.87671232876712,53.42465753424658,52.054794520547944,1.36986301369863
E00050592,115,25,7,18,90,84,6,21.73913043478261,6.086956521739131,15.65217391304348,78.26086956521739,73.04347826086956,5.217391304347826
E00050593,117,32,9,23,85,76,9,27.350427350427353,7.6923076923076925,19.65811965811966,72.64957264957265,64.95726495726495,7.6923076923076925
E00050594,86,33,9,24,53,48,5,38.372093023255815,10.465116279069768,27.906976744186046,61.627906976744185,55.81395348837209,5.813953488372093
E00050595,153,58,19,39,95,76,19,37.908496732026144,12.418300653594772,25.49019607843137,62.091503267973856,49.673202614379086,12.418300653594772
E00050596,138,37,16,21,101,91,10,26.811594202898554,11.594202898550725,15.217391304347828,73.18840579710145,65.94202898550725,7.246376811594203
E00050598,123,35,12,23,88,73,15,28.455284552845526,9.75609756097561,18.69918699186992,71.54471544715447,59.34959349593496,12.195121951219512
E00050600,238,79,31,48,159,142,17,33.193277310924366,13.025210084033615,20.168067226890756,66.80672268907563,59.66386554621849,7.142857142857142
E00050601,189,55,17,38,134,124,10,29.100529100529098,8.994708994708994,20.105820105820104,70.8994708994709,65.60846560846561,5.291005291005291
E00050602,163,51,16,35,112,98,14,31.28834355828221,9.815950920245399,21.472392638036812,68.71165644171779,60.122699386503065,8.588957055214724
E00050603,147,45,12,33,102,99,3,30.612244897959183,8.16326530612245,22.448979591836736,69.38775510204081,67.3469387755102,2.0408163265306123
E00050605,110,22,4,18,88,84,4,20,3.6363636363636362,16.363636363636363,80,76.36363636363637,3.6363636363636362
E00050606,139,42,14,28,97,90,7,30.215827338129497,10.071942446043165,20.14388489208633,69.7841726618705,64.74820143884892,5.0359712230215825
E00050607,165,38,13,25,127,111,16,23.03030303030303,7.878787878787878,15.151515151515152,76.96969696969697,67.27272727272727,9.696969696969697
E00050608,131,28,10,18,103,98,5,21.374045801526716,7.633587786259542,13.740458015267176,78.62595419847328,74.80916030534351,3.816793893129771
E00050609,62,12,3,9,50,46,4,19.35483870967742,4.838709677419355,14.516129032258066,80.64516129032258,74.19354838709677,6.451612903225806
E00050610,204,46,14,32,158,142,16,22.54901960784314,6.862745098039216,15.686274509803921,77.45098039215686,69.6078431372549,7.8431372549019605
E00050611,176,55,18,37,121,112,9,31.25,10.227272727272728,21.022727272727273,68.75,63.63636363636363,5.113636363636364
E00050612,157,43,11,32,114,102,12,27.388535031847134,7.006369426751593,20.382165605095544,72.61146496815286,64.96815286624204,7.643312101910828
E00050613,154,49,13,36,105,91,14,31.818181818181817,8.441558441558442,23.376623376623375,68.18181818181817,59.09090909090909,9.090909090909092
E00050614,148,47,18,29,101,93,8,31.756756756756754,12.162162162162163,19.594594594594593,68.24324324324324,62.83783783783784,5.405405405405405
E00050615,178,45,18,27,133,121,12,25.280898876404496,10.112359550561797,15.168539325842698,74.71910112359551,67.97752808988764,6.741573033707865
E00050616,145,47,11,36,98,83,15,32.41379310344827,7.586206896551724,24.82758620689655,67.58620689655173,57.24137931034483,10.344827586206897
E00050617,193,44,11,33,149,135,14,22.797927461139896,5.699481865284974,17.098445595854923,77.2020725388601,69.94818652849742,7.253886010362693
E00050618,130,32,11,21,98,85,13,24.615384615384617,8.461538461538462,16.153846153846153,75.38461538461539,65.38461538461539,10
E00050619,149,40,13,27,109,95,14,26.845637583892618,8.724832214765101,18.120805369127517,73.15436241610739,63.758389261744966,9.395973154362416
E00050620,175,54,20,34,121,108,13,30.857142857142854,11.428571428571429,19.428571428571427,69.14285714285714,61.71428571428571,7.428571428571429
E00050621,223,57,16,41,166,147,19,25.56053811659193,7.174887892376682,18.385650224215247,74.43946188340807,65.91928251121077,8.520179372197308
E00050622,118,41,15,26,77,65,12,34.74576271186441,12.711864406779661,22.033898305084744,65.2542372881356,55.08474576271186,10.16949152542373
E00050623,106,51,21,30,55,47,8,48.113207547169814,19.81132075471698,28.30188679245283,51.886792452830186,44.339622641509436,7.547169811320755
E00050624,173,46,9,37,127,119,8,26.589595375722542,5.202312138728324,21.38728323699422,73.41040462427746,68.78612716763006,4.624277456647398
E00050625,112,36,12,24,76,68,8,32.142857142857146,10.714285714285714,21.428571428571427,67.85714285714286,60.71428571428571,7.142857142857142
E00050626,125,36,17,19,89,83,6,28.799999999999997,13.600000000000001,15.2,71.2,66.4,4.8
E00050627,136,25,9,16,111,96,15,18.38235294117647,6.61764705882353,11.76470588235294,81.61764705882352,70.58823529411765,11.029411764705882
E00050628,138,30,14,16,108,100,8,21.73913043478261,10.144927536231885,11.594202898550725,78.26086956521739,72.46376811594203,5.797101449275362
E00050629,159,67,25,42,92,85,7,42.138364779874216,15.723270440251572,26.41509433962264,57.861635220125784,53.459119496855344,4.40251572327044
E00050630,135,34,16,18,101,85,16,25.185185185185183,11.851851851851853,13.333333333333334,74.81481481481481,62.96296296296296,11.851851851851853
E00050631,141,40,11,29,101,90,11,28.368794326241137,7.801418439716312,20.56737588652482,71.63120567375887,63.829787234042556,7.801418439716312
E00050632,161,39,21,18,122,111,11,24.22360248447205,13.043478260869565,11.180124223602485,75.77639751552795,68.94409937888199,6.832298136645963
E00050633,201,61,16,45,140,123,17,30.34825870646766,7.960199004975125,22.388059701492537,69.65174129353234,61.19402985074627,8.45771144278607
E00050634,102,39,9,30,63,56,7,38.23529411764706,8.823529411764707,29.411764705882355,61.76470588235294,54.90196078431373,6.862745098039216
E00050635,164,43,20,23,121,102,19,26.21951219512195,12.195121951219512,14.02439024390244,73.78048780487805,62.19512195121951,11.585365853658537
E00050636,120,29,11,18,91,79,12,24.166666666666668,9.166666666666666,15,75.83333333333333,65.83333333333333,10
E00050637,162,44,12,32,118,97,21,27.160493827160494,7.4074074074074066,19.753086419753085,72.8395061728395,59.876543209876544,12.962962962962962
E00050638,174,44,12,32,130,122,8,25.287356321839084,6.896551724137931,18.39080459770115,74.71264367816092,70.11494252873564,4.597701149425287
E00050639,99,26,10,16,73,66,7,26.262626262626267,10.1010101010101,16.161616161616163,73.73737373737373,66.66666666666666,7.07070707070707
E00050640,141,32,12,20,109,95,14,22.69503546099291,8.51063829787234,14.184397163120568,77.30496453900709,67.37588652482269,9.929078014184398
E00050641,111,29,8,21,82,74,8,26.126126126126124,7.207207207207207,18.91891891891892,73.87387387387388,66.66666666666666,7.207207207207207
E00050642,165,45,9,36,120,102,18,27.27272727272727,5.454545454545454,21.818181818181817,72.72727272727273,61.81818181818181,10.909090909090908
E00050643,141,42,8,34,99,88,11,29.78723404255319,5.673758865248227,24.113475177304963,70.2127659574468,62.4113475177305,7.801418439716312
E00050644,161,36,9,27,125,112,13,22.36024844720497,5.590062111801243,16.77018633540373,77.63975155279503,69.56521739130434,8.074534161490684
E00050645,140,44,16,28,96,84,12,31.428571428571427,11.428571428571429,20,68.57142857142857,60,8.571428571428571
E00050646,198,60,16,44,138,127,11,30.303030303030305,8.080808080808081,22.22222222222222,69.6969696969697,64.14141414141415,5.555555555555555
E00050647,170,41,15,26,129,122,7,24.11764705882353,8.823529411764707,15.294117647058824,75.88235294117646,71.76470588235294,4.117647058823529
E00050648,116,39,17,22,77,69,8,33.62068965517241,14.655172413793101,18.96551724137931,66.37931034482759,59.48275862068966,6.896551724137931
E00050649,118,27,10,17,91,82,9,22.88135593220339,8.47457627118644,14.40677966101695,77.11864406779661,69.49152542372882,7.627118644067797
E00050650,150,37,12,25,113,104,9,24.666666666666668,8,16.666666666666664,75.33333333333333,69.33333333333334,6
E00050651,154,37,10,27,117,107,10,24.025974025974026,6.493506493506493,17.532467532467532,75.97402597402598,69.48051948051948,6.493506493506493
E00050652,172,60,16,44,112,100,12,34.883720930232556,9.30232558139535,25.581395348837212,65.11627906976744,58.139534883720934,6.976744186046512
E00050653,144,38,16,22,106,89,17,26.38888888888889,11.11111111111111,15.277777777777779,73.61111111111111,61.80555555555556,11.805555555555555
E00050654,136,43,17,26,93,84,9,31.61764705882353,12.5,19.11764705882353,68.38235294117648,61.76470588235294,6.61764705882353
E00050655,116,32,9,23,84,76,8,27.586206896551722,7.758620689655173,19.82758620689655,72.41379310344827,65.51724137931035,6.896551724137931
E00050656,90,39,17,22,51,51,0,43.333333333333336,18.88888888888889,24.444444444444443,56.666666666666664,56.666666666666664,0
E00050657,195,52,21,31,143,124,19,26.666666666666668,10.76923076923077,15.897435897435896,73.33333333333333,63.589743589743584,9.7435897435897445
E00050658,155,59,30,29,96,85,11,38.064516129032256,19.35483870967742,18.70967741935484,61.935483870967744,54.83870967741935,7.096774193548387
E00050659,152,51,20,31,101,93,8,33.55263157894737,13.157894736842104,20.394736842105264,66.44736842105263,61.18421052631579,5.263157894736842
E00050660,75,21,9,12,54,52,2,28.000000000000004,12,16,72,69.33333333333334,2.666666666666667
E00050662,79,23,6,17,56,49,7,29.11392405063291,7.59493670886076,21.518987341772153,70.88607594936708,62.0253164556962,8.860759493670885
E00050663,144,41,22,19,103,90,13,28.47222222222222,15.277777777777779,13.194444444444445,71.52777777777779,62.5,9.027777777777777
E00050664,159,34,12,22,125,114,11,21.38364779874214,7.547169811320755,13.836477987421384,78.61635220125787,71.69811320754717,6.918238993710692
E00050665,124,25,6,19,99,86,13,20.161290322580644,4.838709677419355,15.32258064516129,79.83870967741935,69.35483870967742,10.483870967741936
E00050666,247,60,12,48,187,173,14,24.291497975708502,4.8582995951417,19.4331983805668,75.7085020242915,70.04048582995951,5.668016194331984
E00050667,158,54,17,37,104,98,6,34.177215189873415,10.759493670886076,23.417721518987342,65.82278481012658,62.0253164556962,3.79746835443038
E00050668,150,50,11,39,100,93,7,33.33333333333333,7.333333333333333,26,66.66666666666666,62,4.666666666666667
E00050669,164,43,17,26,121,109,12,26.21951219512195,10.365853658536585,15.853658536585366,73.78048780487805,66.46341463414635,7.317073170731707
E00050670,145,52,12,40,93,86,7,35.86206896551724,8.275862068965518,27.586206896551722,64.13793103448275,59.310344827586206,4.827586206896552
E00050671,210,71,24,47,139,128,11,33.80952380952381,11.428571428571429,22.380952380952383,66.19047619047619,60.952380952380956,5.238095238095238
E00050672,107,44,13,31,63,55,8,41.1214953271028,12.149532710280374,28.971962616822427,58.87850467289719,51.4018691588785,7.476635514018691
E00050673,145,45,18,27,100,89,11,31.03448275862069,12.413793103448276,18.620689655172416,68.96551724137932,61.37931034482759,7.586206896551724
E00050674,114,34,8,26,80,71,9,29.82456140350877,7.017543859649122,22.807017543859647,70.17543859649122,62.28070175438597,7.894736842105263
E00050675,111,37,16,21,74,61,13,33.33333333333333,14.414414414414415,18.91891891891892,66.66666666666666,54.95495495495496,11.711711711711711
E00050676,137,47,17,30,90,82,8,34.306569343065696,12.408759124087592,21.897810218978105,65.69343065693431,59.854014598540154,5.839416058394161
E00050677,178,51,14,37,127,117,10,28.651685393258425,7.865168539325842,20.786516853932586,71.34831460674157,65.73033707865169,5.617977528089887
E00050678,171,68,13,55,103,93,10,39.76608187134503,7.602339181286549,32.16374269005848,60.23391812865497,54.385964912280706,5.847953216374268
E00050679,139,49,14,35,90,83,7,35.25179856115108,10.071942446043165,25.179856115107913,64.74820143884892,59.71223021582733,5.0359712230215825
E00050680,133,39,10,29,94,84,10,29.32330827067669,7.518796992481203,21.804511278195488,70.67669172932331,63.1578947368421,7.518796992481203
E00050681,127,39,10,29,88,81,7,30.708661417322837,7.874015748031496,22.83464566929134,69.29133858267717,63.77952755905512,5.511811023622047
E00050682,161,52,18,34,109,94,15,32.298136645962735,11.180124223602485,21.11801242236025,67.70186335403726,58.38509316770186,9.316770186335404
E00050683,204,76,19,57,128,113,15,37.254901960784316,9.313725490196079,27.941176470588236,62.745098039215684,55.392156862745104,7.352941176470589
E00050684,134,39,20,19,95,88,7,29.1044776119403,14.925373134328357,14.17910447761194,70.8955223880597,65.67164179104478,5.223880597014925
E00050685,156,54,15,39,102,92,10,34.61538461538461,9.615384615384617,25,65.38461538461539,58.97435897435898,6.41025641025641
E00050686,183,59,25,34,124,114,10,32.240437158469945,13.661202185792352,18.579234972677597,67.75956284153006,62.295081967213115,5.46448087431694
E00050687,234,55,13,42,179,162,17,23.504273504273502,5.555555555555555,17.94871794871795,76.49572649572649,69.23076923076923,7.264957264957266
E00050688,229,53,18,35,176,154,22,23.144104803493452,7.860262008733625,15.283842794759824,76.85589519650655,67.24890829694323,9.606986899563319
E00050689,110,28,12,16,82,59,23,25.454545454545453,10.909090909090908,14.545454545454545,74.54545454545455,53.63636363636364,20.909090909090907
E00050690,157,54,14,40,103,92,11,34.394904458598724,8.9171974522293,25.477707006369428,65.60509554140127,58.59872611464968,7.006369426751593
E00050691,104,28,8,20,76,70,6,26.923076923076923,7.6923076923076925,19.230769230769234,73.07692307692307,67.3076923076923,5.769230769230769
E00050692,153,52,10,42,101,93,8,33.98692810457516,6.535947712418301,27.450980392156865,66.01307189542483,60.78431372549019,5.228758169934641
E00050693,149,37,10,27,112,106,6,24.832214765100673,6.7114093959731544,18.120805369127517,75.16778523489933,71.14093959731544,4.026845637583892
E00050694,111,32,13,19,79,68,11,28.82882882882883,11.711711711711711,17.117117117117118,71.17117117117117,61.261261261261254,9.90990990990991
E00050695,176,52,14,38,124,116,8,29.545454545454547,7.954545454545454,21.59090909090909,70.45454545454545,65.9090909090909,4.545454545454546
E00050696,139,31,12,19,108,102,6,22.302158273381295,8.633093525179856,13.66906474820144,77.6978417266187,73.38129496402878,4.316546762589928
E00050697,182,36,11,25,146,129,17,19.78021978021978,6.043956043956044,13.736263736263737,80.21978021978022,70.87912087912088,9.340659340659341
E00050698,118,33,11,22,85,78,7,27.966101694915253,9.322033898305085,18.64406779661017,72.03389830508475,66.10169491525424,5.932203389830509
E00050699,138,31,9,22,107,95,12,22.463768115942027,6.521739130434782,15.942028985507244,77.53623188405797,68.84057971014492,8.695652173913043
E00050700,115,36,13,23,79,69,10,31.30434782608696,11.304347826086957,20,68.69565217391305,60,8.695652173913043
E00050701,136,43,15,28,93,85,8,31.61764705882353,11.029411764705882,20.588235294117645,68.38235294117648,62.5,5.88235294117647
E00050702,120,37,8,29,83,71,12,30.833333333333336,6.666666666666667,24.166666666666668,69.16666666666667,59.166666666666664,10
E00050703,146,39,9,30,107,93,14,26.71232876712329,6.164383561643835,20.54794520547945,73.28767123287672,63.6986301369863,9.58904109589041
E00050704,114,29,6,23,85,74,11,25.438596491228072,5.263157894736842,20.175438596491226,74.56140350877193,64.91228070175438,9.649122807017543
E00050705,164,44,20,24,120,109,11,26.82926829268293,12.195121951219512,14.634146341463413,73.17073170731707,66.46341463414635,6.707317073170732
E00050706,129,35,11,24,94,87,7,27.131782945736433,8.527131782945736,18.6046511627907,72.86821705426357,67.44186046511628,5.426356589147287
E00050707,137,49,17,32,88,77,11,35.76642335766424,12.408759124087592,23.357664233576642,64.23357664233576,56.20437956204379,8.02919708029197
E00050708,180,54,22,32,126,106,20,30,12.222222222222221,17.77777777777778,70,58.88888888888889,11.11111111111111
E00050709,137,47,8,39,90,83,7,34.306569343065696,5.839416058394161,28.467153284671532,65.69343065693431,60.58394160583942,5.109489051094891
E00050710,128,35,14,21,93,83,10,27.34375,10.9375,16.40625,72.65625,64.84375,7.8125
E00050711,154,53,19,34,101,86,15,34.41558441558442,12.337662337662337,22.07792207792208,65.5844155844156,55.84415584415584,9.740259740259742
E00050712,131,45,22,23,86,78,8,34.35114503816794,16.793893129770993,17.557251908396946,65.64885496183206,59.541984732824424,6.106870229007633
E00050713,148,43,14,29,105,96,9,29.054054054054053,9.45945945945946,19.594594594594593,70.94594594594594,64.86486486486487,6.081081081081082
E00050714,126,43,16,27,83,77,6,34.12698412698413,12.698412698412698,21.428571428571427,65.87301587301587,61.111111111111114,4.761904761904762
E00050715,174,53,17,36,121,109,12,30.45977011494253,9.770114942528735,20.689655172413794,69.54022988505747,62.643678160919535,6.896551724137931
E00050716,160,40,14,26,120,98,22,25,8.75,16.25,75,61.25000000000001,13.750000000000002
E00050717,121,40,12,28,81,69,12,33.057851239669425,9.917355371900827,23.140495867768596,66.94214876033058,57.02479338842975,9.917355371900827
E00050718,122,43,9,34,79,73,6,35.24590163934426,7.377049180327869,27.86885245901639,64.75409836065575,59.83606557377049,4.918032786885246
E00050719,177,46,11,35,131,120,11,25.98870056497175,6.214689265536723,19.774011299435028,74.01129943502825,67.79661016949152,6.214689265536723
E00050720,205,55,19,36,150,134,16,26.82926829268293,9.268292682926829,17.560975609756095,73.17073170731707,65.3658536585366,7.804878048780488
E00050721,123,38,13,25,85,77,8,30.89430894308943,10.569105691056912,20.32520325203252,69.10569105691057,62.601626016260155,6.504065040650407
E00050722,101,29,5,24,72,64,8,28.71287128712871,4.9504950495049505,23.762376237623762,71.28712871287128,63.366336633663366,7.920792079207921
E00050723,165,43,16,27,122,102,20,26.060606060606062,9.696969696969697,16.363636363636363,73.93939393939394,61.81818181818181,12.121212121212121
E00050724,145,46,9,37,99,86,13,31.724137931034484,6.206896551724138,25.517241379310345,68.27586206896552,59.310344827586206,8.96551724137931
E00050725,152,39,15,24,113,101,12,25.657894736842106,9.868421052631579,15.789473684210526,74.3421052631579,66.44736842105263,7.894736842105263
E00050726,116,31,9,22,85,81,4,26.72413793103448,7.758620689655173,18.96551724137931,73.27586206896551,69.82758620689656,3.4482758620689653
E00050727,112,21,8,13,91,83,8,18.75,7.142857142857142,11.607142857142858,81.25,74.10714285714286,7.142857142857142
E00050728,152,45,16,29,107,98,9,29.605263157894733,10.526315789473683,19.078947368421055,70.39473684210526,64.47368421052632,5.921052631578947
E00050729,109,34,6,28,75,64,11,31.19266055045872,5.5045871559633035,25.688073394495415,68.80733944954129,58.71559633027523,10.091743119266056
E00050730,109,26,10,16,83,71,12,23.853211009174313,9.174311926605505,14.678899082568808,76.14678899082568,65.13761467889908,11.009174311926607
E00050731,114,35,13,22,79,67,12,30.701754385964914,11.403508771929824,19.298245614035086,69.2982456140351,58.77192982456141,10.526315789473683
E00050732,133,52,18,34,81,81,0,39.097744360902254,13.533834586466165,25.563909774436087,60.902255639097746,60.902255639097746,0
E00050733,219,58,12,46,161,144,17,26.48401826484018,5.47945205479452,21.00456621004566,73.51598173515981,65.75342465753424,7.76255707762557
E00050734,118,42,12,30,76,66,10,35.59322033898305,10.16949152542373,25.423728813559322,64.40677966101694,55.932203389830505,8.47457627118644
E00050735,191,48,13,35,143,128,15,25.13089005235602,6.806282722513089,18.32460732984293,74.86910994764398,67.01570680628272,7.853403141361256
E00050736,263,85,27,58,178,159,19,32.31939163498099,10.26615969581749,22.0532319391635,67.68060836501901,60.45627376425855,7.224334600760455
E00050737,169,48,15,33,121,98,23,28.402366863905325,8.875739644970414,19.526627218934912,71.59763313609467,57.98816568047337,13.609467455621301
E00050738,101,27,9,18,74,63,11,26.732673267326735,8.91089108910891,17.82178217821782,73.26732673267327,62.37623762376238,10.891089108910892
E00050739,149,37,10,27,112,102,10,24.832214765100673,6.7114093959731544,18.120805369127517,75.16778523489933,68.45637583892618,6.7114093959731544
E00050740,119,30,6,24,89,77,12,25.210084033613445,5.042016806722689,20.168067226890756,74.78991596638656,64.70588235294117,10.084033613445378
E00050741,142,38,11,27,104,87,17,26.76056338028169,7.746478873239436,19.014084507042252,73.23943661971832,61.267605633802816,11.971830985915492
E00050742,145,39,12,27,106,97,9,26.89655172413793,8.275862068965518,18.620689655172416,73.10344827586206,66.89655172413794,6.206896551724138
E00050743,183,53,15,38,130,105,25,28.96174863387978,8.19672131147541,20.76502732240437,71.03825136612022,57.377049180327866,13.661202185792352
E00050744,239,71,13,58,168,143,25,29.707112970711297,5.439330543933055,24.267782426778243,70.29288702928869,59.83263598326359,10.460251046025103
E00050745,110,33,12,21,77,68,9,30,10.909090909090908,19.090909090909093,70,61.81818181818181,8.181818181818182
E00050746,115,35,13,22,80,75,5,30.434782608695656,11.304347826086957,19.130434782608695,69.56521739130434,65.21739130434783,4.3478260869565215
E00050747,158,75,20,55,83,76,7,47.46835443037975,12.658227848101266,34.810126582278485,52.53164556962025,48.10126582278481,4.430379746835443
E00050748,104,31,6,25,73,65,8,29.807692307692307,5.769230769230769,24.03846153846154,70.1923076923077,62.5,7.6923076923076925
E00050750,138,38,13,25,100,94,6,27.536231884057973,9.420289855072465,18.115942028985508,72.46376811594203,68.11594202898551,4.3478260869565215
E00050751,111,23,4,19,88,79,9,20.72072072072072,3.6036036036036037,17.117117117117118,79.27927927927928,71.17117117117117,8.108108108108109
E00050752,129,34,14,20,95,78,17,26.356589147286826,10.852713178294573,15.503875968992247,73.64341085271317,60.46511627906976,13.178294573643413
E00050753,119,42,11,31,77,66,11,35.294117647058826,9.243697478991598,26.05042016806723,64.70588235294117,55.46218487394958,9.243697478991598
E00050754,92,26,3,23,66,61,5,28.26086956521739,3.260869565217391,25,71.73913043478261,66.30434782608695,5.434782608695652
E00050755,111,35,7,28,76,69,7,31.53153153153153,6.306306306306306,25.225225225225223,68.46846846846847,62.16216216216216,6.306306306306306
E00050757,128,31,0,31,97,92,5,24.21875,0,24.21875,75.78125,71.875,3.90625
E00050758,127,32,10,22,95,83,12,25.196850393700785,7.874015748031496,17.322834645669293,74.80314960629921,65.35433070866141,9.448818897637794
E00050759,79,25,7,18,54,51,3,31.645569620253166,8.860759493670885,22.78481012658228,68.35443037974683,64.55696202531645,3.79746835443038
E00050760,41,15,5,10,26,21,5,36.58536585365854,12.195121951219512,24.390243902439025,63.41463414634146,51.21951219512195,12.195121951219512
E00050761,79,24,6,18,55,51,4,30.37974683544304,7.59493670886076,22.78481012658228,69.62025316455697,64.55696202531645,5.063291139240507
E00050762,102,37,11,26,65,57,8,36.27450980392157,10.784313725490197,25.49019607843137,63.725490196078425,55.88235294117647,7.8431372549019605
E00050763,91,32,7,25,59,50,9,35.16483516483517,7.6923076923076925,27.472527472527474,64.83516483516483,54.94505494505495,9.89010989010989
E00050764,134,41,18,23,93,79,14,30.597014925373134,13.432835820895523,17.16417910447761,69.40298507462687,58.95522388059702,10.44776119402985
E00050765,105,28,8,20,77,69,8,26.666666666666668,7.6190476190476195,19.047619047619047,73.33333333333333,65.71428571428571,7.6190476190476195
E00050766,125,38,10,28,87,74,13,30.4,8,22.400000000000002,69.6,59.199999999999996,10.4
E00050767,131,43,15,28,88,80,8,32.82442748091603,11.450381679389313,21.374045801526716,67.17557251908397,61.06870229007634,6.106870229007633
E00050768,110,34,7,27,76,68,8,30.909090909090907,6.363636363636363,24.545454545454547,69.0909090909091,61.81818181818181,7.2727272727272725
E00050769,155,50,19,31,105,95,10,32.25806451612903,12.258064516129032,20,67.74193548387096,61.29032258064516,6.451612903225806
E00050770,103,30,12,18,73,65,8,29.126213592233007,11.650485436893204,17.475728155339805,70.87378640776699,63.10679611650486,7.766990291262135
E00050771,138,47,10,37,91,78,13,34.05797101449276,7.246376811594203,26.811594202898554,65.94202898550725,56.52173913043478,9.420289855072465
E00050772,93,27,7,20,66,58,8,29.03225806451613,7.526881720430108,21.50537634408602,70.96774193548387,62.365591397849464,8.60215053763441
E00050773,130,49,15,34,81,73,8,37.69230769230769,11.538461538461538,26.153846153846157,62.30769230769231,56.15384615384615,6.153846153846154
E00050774,179,51,20,31,128,117,11,28.49162011173184,11.1731843575419,17.318435754189945,71.50837988826815,65.36312849162012,6.145251396648044
E00050775,271,82,20,62,189,157,32,30.25830258302583,7.380073800738007,22.878228782287824,69.74169741697416,57.93357933579336,11.808118081180812
E00050776,151,39,8,31,112,97,15,25.82781456953642,5.298013245033113,20.52980132450331,74.17218543046357,64.23841059602648,9.933774834437086
E00050777,131,35,12,23,96,84,12,26.717557251908396,9.16030534351145,17.557251908396946,73.2824427480916,64.12213740458014,9.16030534351145
E00050778,139,34,6,28,105,87,18,24.46043165467626,4.316546762589928,20.14388489208633,75.53956834532374,62.589928057553955,12.949640287769784
E00050779,156,52,20,32,104,89,15,33.33333333333333,12.82051282051282,20.51282051282051,66.66666666666666,57.05128205128205,9.615384615384617
E00050780,164,49,16,33,115,103,12,29.878048780487802,9.75609756097561,20.121951219512198,70.1219512195122,62.80487804878049,7.317073170731707
E00050781,110,20,7,13,90,77,13,18.181818181818183,6.363636363636363,11.818181818181818,81.81818181818183,70,11.818181818181818
E00050782,88,35,8,27,53,50,3,39.77272727272727,9.090909090909092,30.681818181818183,60.22727272727273,56.81818181818182,3.4090909090909087
E00050783,141,39,15,24,102,85,17,27.659574468085108,10.638297872340425,17.02127659574468,72.3404255319149,60.28368794326241,12.056737588652481
E00050785,165,41,10,31,124,112,12,24.848484848484848,6.0606060606060606,18.787878787878785,75.15151515151514,67.87878787878789,7.2727272727272725
E00050786,79,32,12,20,47,47,0,40.50632911392405,15.18987341772152,25.31645569620253,59.49367088607595,59.49367088607595,0
E00050787,147,37,10,27,110,97,13,25.170068027210885,6.802721088435375,18.367346938775512,74.82993197278913,65.98639455782312,8.843537414965986
E00050788,100,32,5,27,68,62,6,32,5,27,68,62,6
E00050789,60,19,4,15,41,38,3,31.666666666666664,6.666666666666667,25,68.33333333333333,63.33333333333333,5
E00050790,131,30,5,25,101,88,13,22.900763358778626,3.816793893129771,19.083969465648856,77.09923664122137,67.17557251908397,9.923664122137405
E00050791,118,36,9,27,82,74,8,30.508474576271187,7.627118644067797,22.88135593220339,69.49152542372882,62.71186440677966,6.779661016949152
E00050792,113,34,7,27,79,72,7,30.08849557522124,6.1946902654867255,23.893805309734514,69.91150442477876,63.716814159292035,6.1946902654867255
E00050793,149,43,11,32,106,87,19,28.859060402684566,7.38255033557047,21.476510067114095,71.14093959731544,58.38926174496645,12.751677852348994
E00050794,186,62,24,38,124,115,9,33.33333333333333,12.903225806451612,20.43010752688172,66.66666666666666,61.82795698924731,4.838709677419355
E00050795,128,31,10,21,97,79,18,24.21875,7.8125,16.40625,75.78125,61.71875,14.0625
E00050796,138,40,10,30,98,91,7,28.985507246376812,7.246376811594203,21.73913043478261,71.01449275362319,65.94202898550725,5.072463768115942
E00050797,176,55,19,36,121,110,11,31.25,10.795454545454545,20.454545454545457,68.75,62.5,6.25
E00050798,132,39,9,30,93,84,9,29.545454545454547,6.8181818181818175,22.727272727272727,70.45454545454545,63.63636363636363,6.8181818181818175
E00050799,93,25,9,16,68,60,8,26.881720430107524,9.67741935483871,17.20430107526882,73.11827956989248,64.51612903225806,8.60215053763441
E00050800,142,44,15,29,98,91,7,30.985915492957744,10.56338028169014,20.422535211267608,69.01408450704226,64.08450704225352,4.929577464788732
E00050801,144,39,13,26,105,97,8,27.083333333333332,9.027777777777777,18.055555555555554,72.91666666666666,67.36111111111111,5.555555555555555
E00050802,160,39,10,29,121,107,14,24.375,6.25,18.125,75.625,66.875,8.75
E00050803,123,38,11,27,85,72,13,30.89430894308943,8.94308943089431,21.951219512195124,69.10569105691057,58.536585365853654,10.569105691056912
E00050804,108,36,7,29,72,62,10,33.33333333333333,6.481481481481481,26.851851851851855,66.66666666666666,57.407407407407405,9.25925925925926
E00050805,136,39,17,22,97,81,16,28.676470588235293,12.5,16.176470588235293,71.32352941176471,59.55882352941176,11.76470588235294
E00050806,86,25,4,21,61,56,5,29.069767441860467,4.651162790697675,24.418604651162788,70.93023255813954,65.11627906976744,5.813953488372093
E00050807,153,44,13,31,109,99,10,28.75816993464052,8.49673202614379,20.26143790849673,71.24183006535948,64.70588235294117,6.535947712418301
E00050808,113,26,6,20,87,76,11,23.008849557522122,5.3097345132743365,17.699115044247787,76.99115044247787,67.2566371681416,9.734513274336283
E00050809,147,44,16,28,103,86,17,29.931972789115648,10.884353741496598,19.047619047619047,70.06802721088435,58.50340136054422,11.564625850340136
E00050810,113,24,11,13,89,81,8,21.238938053097346,9.734513274336283,11.504424778761061,78.76106194690266,71.68141592920354,7.079646017699115
E00050811,132,36,14,22,96,86,10,27.27272727272727,10.606060606060606,16.666666666666664,72.72727272727273,65.15151515151516,7.575757575757576
E00050812,123,48,11,37,75,69,6,39.02439024390244,8.94308943089431,30.081300813008134,60.97560975609756,56.09756097560976,4.878048780487805
E00050813,134,73,24,49,61,54,7,54.47761194029851,17.91044776119403,36.56716417910448,45.52238805970149,40.298507462686565,5.223880597014925
E00050814,138,59,19,40,79,69,10,42.7536231884058,13.768115942028986,28.985507246376812,57.2463768115942,50,7.246376811594203
E00050816,180,43,14,29,137,124,13,23.88888888888889,7.777777777777778,16.11111111111111,76.11111111111111,68.88888888888889,7.222222222222221
E00050817,174,54,16,38,120,104,16,31.03448275862069,9.195402298850574,21.839080459770116,68.96551724137932,59.77011494252874,9.195402298850574
E00050818,169,54,17,37,115,100,15,31.952662721893493,10.059171597633137,21.893491124260358,68.04733727810651,59.171597633136095,8.875739644970414
E00050819,92,33,12,21,59,53,6,35.869565217391305,13.043478260869565,22.82608695652174,64.13043478260869,57.608695652173914,6.521739130434782
E00050820,147,64,18,46,83,71,12,43.53741496598639,12.244897959183673,31.292517006802722,56.4625850340136,48.29931972789115,8.16326530612245
E00050821,146,50,15,35,96,80,16,34.24657534246575,10.273972602739725,23.972602739726025,65.75342465753424,54.794520547945204,10.95890410958904
E00050822,167,59,18,41,108,100,8,35.32934131736527,10.778443113772456,24.550898203592812,64.67065868263472,59.88023952095808,4.790419161676647
E00050823,112,24,7,17,88,75,13,21.428571428571427,6.25,15.178571428571427,78.57142857142857,66.96428571428571,11.607142857142858
E00050824,104,32,7,25,72,57,15,30.76923076923077,6.730769230769231,24.03846153846154,69.23076923076923,54.807692307692314,14.423076923076922
E00050825,195,69,22,47,126,109,17,35.38461538461539,11.282051282051283,24.102564102564102,64.61538461538461,55.8974358974359,8.717948717948717
E00050826,157,62,19,43,95,84,11,39.490445859872615,12.101910828025478,27.388535031847134,60.509554140127385,53.503184713375795,7.006369426751593
E00050827,127,42,7,35,85,79,6,33.07086614173229,5.511811023622047,27.559055118110237,66.92913385826772,62.20472440944882,4.724409448818897
E00050829,111,53,13,40,58,50,8,47.74774774774775,11.711711711711711,36.03603603603604,52.25225225225225,45.04504504504504,7.207207207207207
E00050830,126,58,18,40,68,57,11,46.03174603174603,14.285714285714285,31.746031746031743,53.96825396825397,45.23809523809524,8.73015873015873
E00050832,140,47,14,33,93,86,7,33.57142857142857,10,23.57142857142857,66.42857142857143,61.42857142857143,5
E00050833,160,65,22,43,95,87,8,40.625,13.750000000000002,26.875,59.375,54.37499999999999,5
E00050835,209,80,30,50,129,116,13,38.27751196172249,14.354066985645932,23.923444976076556,61.72248803827751,55.50239234449761,6.220095693779904
E00050836,125,50,18,32,75,68,7,40,14.399999999999999,25.6,60,54.400000000000006,5.6000000000000005
E00050837,182,76,21,55,106,92,14,41.75824175824176,11.538461538461538,30.21978021978022,58.24175824175825,50.54945054945055,7.6923076923076925
E00050838,180,70,12,58,110,96,14,38.88888888888889,6.666666666666667,32.22222222222222,61.111111111111114,53.333333333333336,7.777777777777778
E00050839,177,83,15,68,94,84,10,46.89265536723164,8.47457627118644,38.4180790960452,53.10734463276836,47.45762711864407,5.649717514124294
E00050840,212,72,26,46,140,124,16,33.9622641509434,12.264150943396226,21.69811320754717,66.0377358490566,58.490566037735846,7.547169811320755
E00050841,173,49,9,40,124,115,9,28.32369942196532,5.202312138728324,23.121387283236995,71.67630057803468,66.47398843930635,5.202312138728324
E00050842,179,52,15,37,127,115,12,29.05027932960894,8.379888268156424,20.670391061452513,70.94972067039106,64.24581005586593,6.70391061452514
E00050843,210,65,25,40,145,120,25,30.952380952380953,11.904761904761903,19.047619047619047,69.04761904761905,57.14285714285714,11.904761904761903
E00050844,197,65,18,47,132,119,13,32.99492385786802,9.137055837563452,23.85786802030457,67.00507614213198,60.40609137055838,6.598984771573605
E00050845,179,56,14,42,123,103,20,31.28491620111732,7.82122905027933,23.463687150837988,68.71508379888269,57.54189944134078,11.1731843575419
E00050846,200,64,20,44,136,125,11,32,10,22,68,62.5,5.5
E00050847,116,42,14,28,74,66,8,36.206896551724135,12.068965517241379,24.137931034482758,63.793103448275865,56.896551724137936,6.896551724137931
E00050848,113,47,17,30,66,62,4,41.5929203539823,15.04424778761062,26.548672566371685,58.4070796460177,54.86725663716814,3.5398230088495577
E00050849,77,38,14,24,39,35,4,49.35064935064935,18.181818181818183,31.16883116883117,50.649350649350644,45.45454545454545,5.194805194805195
E00050850,186,56,25,31,130,116,14,30.107526881720432,13.440860215053762,16.666666666666664,69.89247311827957,62.365591397849464,7.526881720430108
E00050851,123,41,14,27,82,70,12,33.33333333333333,11.38211382113821,21.951219512195124,66.66666666666666,56.91056910569105,9.75609756097561
E00050852,129,40,9,31,89,76,13,31.007751937984494,6.976744186046512,24.031007751937985,68.9922480620155,58.91472868217055,10.077519379844961
E00050853,114,40,10,30,74,67,7,35.08771929824561,8.771929824561402,26.31578947368421,64.91228070175438,58.77192982456141,6.140350877192982
E00050854,148,52,15,37,96,88,8,35.13513513513514,10.135135135135135,25,64.86486486486487,59.45945945945946,5.405405405405405
E00050855,146,48,17,31,98,80,18,32.87671232876712,11.643835616438356,21.232876712328768,67.12328767123287,54.794520547945204,12.32876712328767
E00050856,171,46,14,32,125,111,14,26.900584795321635,8.187134502923977,18.71345029239766,73.09941520467837,64.91228070175438,8.187134502923977
E00050858,180,48,14,34,132,120,12,26.666666666666668,7.777777777777778,18.88888888888889,73.33333333333333,66.66666666666666,6.666666666666667
E00050859,212,84,33,51,128,116,12,39.62264150943396,15.566037735849056,24.056603773584907,60.37735849056604,54.71698113207547,5.660377358490567
E00050860,76,20,4,16,56,52,4,26.31578947368421,5.263157894736842,21.052631578947366,73.68421052631578,68.42105263157895,5.263157894736842
E00050861,145,63,30,33,82,71,11,43.44827586206896,20.689655172413794,22.758620689655174,56.55172413793104,48.96551724137931,7.586206896551724
E00050862,135,48,19,29,87,83,4,35.55555555555556,14.074074074074074,21.48148148148148,64.44444444444444,61.48148148148148,2.9629629629629632
E00050863,184,64,18,46,120,109,11,34.78260869565217,9.782608695652174,25,65.21739130434783,59.2391304347826,5.978260869565218
E00050864,142,54,21,33,88,77,11,38.028169014084504,14.788732394366196,23.239436619718308,61.97183098591549,54.22535211267606,7.746478873239436
E00050865,139,45,16,29,94,83,11,32.37410071942446,11.510791366906476,20.863309352517987,67.62589928057554,59.71223021582733,7.913669064748201
E00050866,77,23,11,12,54,54,0,29.87012987012987,14.285714285714285,15.584415584415584,70.12987012987013,70.12987012987013,0
E00050867,173,75,26,49,98,90,8,43.35260115606936,15.028901734104046,28.32369942196532,56.64739884393064,52.02312138728323,4.624277456647398
E00050869,129,49,10,39,80,71,9,37.98449612403101,7.751937984496124,30.23255813953488,62.01550387596899,55.03875968992248,6.976744186046512
E00050870,143,34,10,24,109,100,9,23.776223776223777,6.993006993006993,16.783216783216783,76.22377622377621,69.93006993006993,6.293706293706294
E00050871,100,28,10,18,72,66,6,28.000000000000004,10,18,72,66,6
E00050873,133,48,17,31,85,79,6,36.09022556390977,12.781954887218044,23.308270676691727,63.90977443609023,59.3984962406015,4.511278195488721
E00050874,146,50,15,35,96,81,15,34.24657534246575,10.273972602739725,23.972602739726025,65.75342465753424,55.47945205479452,10.273972602739725
E00050875,148,65,17,48,83,77,6,43.91891891891892,11.486486486486488,32.432432432432435,56.08108108108109,52.02702702702703,4.054054054054054
E00050876,194,82,19,63,112,94,18,42.2680412371134,9.793814432989691,32.47422680412371,57.73195876288659,48.45360824742268,9.278350515463918
E00050877,155,59,11,48,96,83,13,38.064516129032256,7.096774193548387,30.967741935483872,61.935483870967744,53.5483870967742,8.38709677419355
E00050878,89,26,4,22,63,60,3,29.213483146067414,4.49438202247191,24.719101123595504,70.78651685393258,67.41573033707866,3.3707865168539324
E00050879,97,29,7,22,68,61,7,29.896907216494846,7.216494845360824,22.68041237113402,70.10309278350515,62.88659793814433,7.216494845360824
E00050880,131,33,7,26,98,87,11,25.190839694656486,5.343511450381679,19.84732824427481,74.80916030534351,66.41221374045801,8.396946564885496
E00050881,145,67,27,40,78,71,7,46.206896551724135,18.620689655172416,27.586206896551722,53.79310344827586,48.96551724137931,4.827586206896552
E00050882,202,85,20,65,117,105,12,42.07920792079208,9.900990099009901,32.17821782178218,57.920792079207914,51.98019801980198,5.9405940594059405
E00050883,156,83,22,61,73,67,6,53.205128205128204,14.102564102564102,39.1025641025641,46.794871794871796,42.94871794871795,3.8461538461538463
E00050884,107,43,17,26,64,56,8,40.18691588785047,15.887850467289718,24.299065420560748,59.813084112149525,52.336448598130836,7.476635514018691
E00050885,145,72,28,44,73,66,7,49.6551724137931,19.310344827586206,30.344827586206897,50.3448275862069,45.51724137931035,4.827586206896552
E00050886,175,66,20,46,109,99,10,37.714285714285715,11.428571428571429,26.285714285714285,62.28571428571429,56.57142857142857,5.714285714285714
E00050887,141,59,22,37,82,74,8,41.843971631205676,15.602836879432624,26.24113475177305,58.156028368794324,52.4822695035461,5.673758865248227
E00050889,176,85,24,61,91,79,12,48.29545454545455,13.636363636363635,34.659090909090914,51.70454545454546,44.88636363636363,6.8181818181818175
E00050890,152,67,19,48,85,78,7,44.07894736842105,12.5,31.57894736842105,55.92105263157895,51.31578947368421,4.605263157894736
E00050893,134,37,13,24,97,91,6,27.611940298507463,9.701492537313433,17.91044776119403,72.38805970149254,67.91044776119402,4.477611940298507
E00050895,141,61,16,45,80,70,10,43.262411347517734,11.347517730496454,31.914893617021278,56.73758865248227,49.645390070921984,7.092198581560284
E00050896,224,45,11,34,179,166,13,20.089285714285715,4.910714285714286,15.178571428571427,79.91071428571429,74.10714285714286,5.803571428571429
E00050897,142,65,28,37,77,70,7,45.774647887323944,19.718309859154928,26.056338028169012,54.22535211267606,49.29577464788733,4.929577464788732
E00050899,253,75,23,52,178,159,19,29.64426877470356,9.090909090909092,20.55335968379447,70.35573122529645,62.845849802371546,7.5098814229249005
E00050900,139,48,15,33,91,85,6,34.53237410071942,10.79136690647482,23.741007194244602,65.46762589928058,61.15107913669065,4.316546762589928
E00050901,185,85,23,62,100,94,6,45.94594594594595,12.432432432432433,33.513513513513516,54.054054054054056,50.810810810810814,3.2432432432432434
E00050902,133,43,13,30,90,78,12,32.33082706766917,9.774436090225564,22.55639097744361,67.66917293233082,58.64661654135338,9.022556390977442
E00050903,103,32,9,23,71,66,5,31.06796116504854,8.737864077669903,22.330097087378643,68.93203883495146,64.07766990291263,4.854368932038835
E00050904,205,44,18,26,161,142,19,21.463414634146343,8.780487804878048,12.682926829268293,78.53658536585367,69.26829268292683,9.268292682926829
E00050905,116,39,14,25,77,64,13,33.62068965517241,12.068965517241379,21.551724137931032,66.37931034482759,55.172413793103445,11.206896551724139
E00050906,178,56,19,37,122,106,16,31.46067415730337,10.674157303370785,20.786516853932586,68.53932584269663,59.55056179775281,8.98876404494382
E00050907,104,33,16,17,71,60,11,31.73076923076923,15.384615384615385,16.346153846153847,68.26923076923077,57.692307692307686,10.576923076923077
E00050910,205,60,10,50,145,123,22,29.268292682926827,4.878048780487805,24.390243902439025,70.73170731707317,60,10.731707317073171
E00050911,191,61,18,43,130,113,17,31.93717277486911,9.424083769633508,22.5130890052356,68.06282722513089,59.16230366492147,8.900523560209423
E00050912,100,37,14,23,63,56,7,37,14.000000000000002,23,63,56.00000000000001,7.000000000000001
E00050913,154,59,12,47,95,85,10,38.311688311688314,7.792207792207792,30.519480519480517,61.68831168831169,55.1948051948052,6.493506493506493
E00050914,227,61,18,43,166,145,21,26.87224669603524,7.929515418502203,18.94273127753304,73.12775330396477,63.87665198237885,9.251101321585903
E00050915,103,33,11,22,70,63,7,32.038834951456316,10.679611650485436,21.35922330097087,67.96116504854369,61.165048543689316,6.796116504854369
E00050916,142,53,13,40,89,81,8,37.32394366197183,9.15492957746479,28.169014084507044,62.676056338028175,57.04225352112676,5.633802816901409
E00050917,144,34,10,24,110,93,17,23.61111111111111,6.944444444444445,16.666666666666664,76.38888888888889,64.58333333333334,11.805555555555555
E00050918,153,56,14,42,97,93,4,36.60130718954248,9.15032679738562,27.450980392156865,63.39869281045751,60.78431372549019,2.6143790849673203
E00050919,146,48,15,33,98,84,14,32.87671232876712,10.273972602739725,22.602739726027394,67.12328767123287,57.534246575342465,9.58904109589041
E00050920,90,19,8,11,71,65,6,21.11111111111111,8.88888888888889,12.222222222222221,78.88888888888889,72.22222222222221,6.666666666666667
E00050921,22,8,4,4,14,14,0,36.36363636363637,18.181818181818183,18.181818181818183,63.63636363636363,63.63636363636363,0
E00050922,146,36,14,22,110,97,13,24.65753424657534,9.58904109589041,15.068493150684931,75.34246575342466,66.43835616438356,8.904109589041095
E00050923,220,80,28,52,140,124,16,36.36363636363637,12.727272727272727,23.636363636363637,63.63636363636363,56.36363636363636,7.2727272727272725
E00050924,132,32,12,20,100,89,11,24.242424242424242,9.090909090909092,15.151515151515152,75.75757575757575,67.42424242424242,8.333333333333332
E00050925,107,34,9,25,73,64,9,31.775700934579437,8.411214953271028,23.364485981308412,68.22429906542055,59.813084112149525,8.411214953271028
E00050926,110,30,9,21,80,74,6,27.27272727272727,8.181818181818182,19.090909090909093,72.72727272727273,67.27272727272727,5.454545454545454
E00050927,238,68,35,33,170,156,14,28.57142857142857,14.705882352941178,13.865546218487395,71.42857142857143,65.54621848739495,5.88235294117647
E00050928,167,36,15,21,131,119,12,21.55688622754491,8.982035928143713,12.574850299401197,78.44311377245509,71.25748502994011,7.18562874251497
E00050929,99,25,13,12,74,65,9,25.252525252525253,13.131313131313133,12.121212121212121,74.74747474747475,65.65656565656566,9.090909090909092
E00050930,237,54,18,36,183,161,22,22.78481012658228,7.59493670886076,15.18987341772152,77.21518987341773,67.9324894514768,9.282700421940929
E00050932,232,60,14,46,172,155,17,25.862068965517242,6.0344827586206895,19.82758620689655,74.13793103448276,66.8103448275862,7.327586206896551
E00050933,132,42,14,28,90,83,7,31.818181818181817,10.606060606060606,21.21212121212121,68.18181818181817,62.878787878787875,5.303030303030303
E00050934,232,53,12,41,179,160,19,22.844827586206897,5.172413793103448,17.67241379310345,77.15517241379311,68.96551724137932,8.189655172413794
E00050935,138,53,23,30,85,69,16,38.405797101449274,16.666666666666664,21.73913043478261,61.59420289855072,50,11.594202898550725
E00050936,111,28,13,15,83,78,5,25.225225225225223,11.711711711711711,13.513513513513514,74.77477477477478,70.27027027027027,4.504504504504505
E00050937,158,43,21,22,115,105,10,27.21518987341772,13.291139240506327,13.924050632911392,72.78481012658227,66.45569620253164,6.329113924050633
E00050938,154,47,15,32,107,97,10,30.519480519480517,9.740259740259742,20.77922077922078,69.48051948051948,62.98701298701299,6.493506493506493
E00050939,144,44,16,28,100,92,8,30.555555555555557,11.11111111111111,19.444444444444446,69.44444444444444,63.888888888888886,5.555555555555555
E00050941,177,62,15,47,115,103,12,35.02824858757062,8.47457627118644,26.55367231638418,64.97175141242938,58.19209039548022,6.779661016949152
E00050942,127,41,15,26,86,74,12,32.28346456692913,11.811023622047244,20.47244094488189,67.71653543307087,58.26771653543307,9.448818897637794
E00050943,141,41,12,29,100,90,10,29.078014184397162,8.51063829787234,20.56737588652482,70.92198581560284,63.829787234042556,7.092198581560284
E00050944,130,40,8,32,90,79,11,30.76923076923077,6.153846153846154,24.615384615384617,69.23076923076923,60.76923076923077,8.461538461538462
E00050945,86,23,6,17,63,56,7,26.744186046511626,6.976744186046512,19.767441860465116,73.25581395348837,65.11627906976744,8.13953488372093
E00050946,96,28,6,22,68,63,5,29.166666666666668,6.25,22.916666666666664,70.83333333333334,65.625,5.208333333333334
E00050947,142,38,10,28,104,88,16,26.76056338028169,7.042253521126761,19.718309859154928,73.23943661971832,61.97183098591549,11.267605633802818
E00050948,64,18,3,15,46,40,6,28.125,4.6875,23.4375,71.875,62.5,9.375
E00050951,201,75,20,55,126,107,19,37.3134328358209,9.950248756218906,27.363184079601986,62.68656716417911,53.233830845771145,9.45273631840796
E00050952,159,69,29,40,90,84,6,43.39622641509434,18.238993710691823,25.157232704402517,56.60377358490566,52.83018867924528,3.7735849056603774
E00050953,86,22,6,16,64,59,5,25.581395348837212,6.976744186046512,18.6046511627907,74.4186046511628,68.6046511627907,5.813953488372093
E00050954,126,33,9,24,93,86,7,26.190476190476193,7.142857142857142,19.047619047619047,73.80952380952381,68.25396825396825,5.555555555555555
E00050955,137,51,15,36,86,75,11,37.22627737226277,10.948905109489052,26.277372262773724,62.77372262773723,54.74452554744526,8.02919708029197
E00050956,174,55,14,41,119,104,15,31.60919540229885,8.045977011494253,23.563218390804597,68.39080459770115,59.77011494252874,8.620689655172415
E00050957,91,34,5,29,57,51,6,37.362637362637365,5.4945054945054945,31.868131868131865,62.637362637362635,56.043956043956044,6.593406593406594
E00050959,287,84,23,61,203,186,17,29.268292682926827,8.013937282229964,21.254355400696863,70.73170731707317,64.80836236933798,5.923344947735192
E00050960,149,37,7,30,112,104,8,24.832214765100673,4.697986577181208,20.13422818791946,75.16778523489933,69.79865771812081,5.369127516778524
E00050961,151,38,7,31,113,89,24,25.165562913907287,4.635761589403973,20.52980132450331,74.83443708609272,58.94039735099338,15.894039735099339
E00050962,167,49,10,39,118,106,12,29.34131736526946,5.9880239520958085,23.353293413173652,70.65868263473054,63.47305389221557,7.18562874251497
E00050963,150,54,16,38,96,87,9,36,10.666666666666668,25.333333333333336,64,57.99999999999999,6
E00050964,154,49,18,31,105,97,8,31.818181818181817,11.688311688311687,20.12987012987013,68.18181818181817,62.98701298701299,5.194805194805195
E00050965,143,34,12,22,109,96,13,23.776223776223777,8.391608391608392,15.384615384615385,76.22377622377621,67.13286713286713,9.090909090909092
E00050966,286,79,23,56,207,179,28,27.62237762237762,8.041958041958042,19.58041958041958,72.37762237762237,62.58741258741259,9.79020979020979
E00050967,161,33,5,28,128,109,19,20.496894409937887,3.1055900621118013,17.391304347826086,79.5031055900621,67.70186335403726,11.801242236024844
E00050968,136,44,6,38,92,77,15,32.35294117647059,4.411764705882353,27.941176470588236,67.64705882352942,56.61764705882353,11.029411764705882
E00050969,157,55,20,35,102,92,10,35.03184713375796,12.738853503184714,22.29299363057325,64.96815286624204,58.59872611464968,6.369426751592357
E00050970,155,31,7,24,124,108,16,20,4.516129032258064,15.483870967741936,80,69.6774193548387,10.32258064516129
E00050971,181,52,21,31,129,104,25,28.7292817679558,11.602209944751381,17.12707182320442,71.27071823204419,57.4585635359116,13.812154696132598
E00050972,195,57,17,40,138,112,26,29.230769230769234,8.717948717948717,20.51282051282051,70.76923076923077,57.43589743589743,13.333333333333334
E00050973,147,41,14,27,106,94,12,27.89115646258503,9.523809523809524,18.367346938775512,72.10884353741497,63.94557823129252,8.16326530612245
E00050974,136,44,13,31,92,80,12,32.35294117647059,9.558823529411764,22.794117647058822,67.64705882352942,58.82352941176471,8.823529411764707
E00050975,91,26,9,17,65,56,9,28.57142857142857,9.89010989010989,18.681318681318682,71.42857142857143,61.53846153846154,9.89010989010989
E00050976,114,27,6,21,87,79,8,23.684210526315788,5.263157894736842,18.421052631578945,76.31578947368422,69.2982456140351,7.017543859649122
E00050977,150,40,16,24,110,104,6,26.666666666666668,10.666666666666668,16,73.33333333333333,69.33333333333334,4
E00050978,131,40,15,25,91,78,13,30.53435114503817,11.450381679389313,19.083969465648856,69.46564885496184,59.541984732824424,9.923664122137405
E00050979,151,41,14,27,110,97,13,27.1523178807947,9.271523178807946,17.880794701986755,72.84768211920529,64.23841059602648,8.609271523178808
E00050980,172,50,11,39,122,103,19,29.069767441860467,6.395348837209303,22.674418604651162,70.93023255813954,59.883720930232556,11.046511627906977
E00050981,111,26,2,24,85,82,3,23.423423423423422,1.8018018018018018,21.62162162162162,76.57657657657657,73.87387387387388,2.7027027027027026
E00050982,72,22,4,18,50,45,5,30.555555555555557,5.555555555555555,25,69.44444444444444,62.5,6.944444444444445
E00050983,126,39,16,23,87,78,9,30.952380952380953,12.698412698412698,18.253968253968253,69.04761904761905,61.904761904761905,7.142857142857142
E00050984,173,53,15,38,120,100,20,30.63583815028902,8.670520231213873,21.965317919075144,69.36416184971098,57.80346820809249,11.560693641618498
E00050985,149,40,6,34,109,103,6,26.845637583892618,4.026845637583892,22.818791946308725,73.15436241610739,69.12751677852349,4.026845637583892
E00050986,176,40,7,33,136,127,9,22.727272727272727,3.977272727272727,18.75,77.27272727272727,72.1590909090909,5.113636363636364
E00050987,121,33,12,21,88,75,13,27.27272727272727,9.917355371900827,17.355371900826448,72.72727272727273,61.98347107438017,10.743801652892563
E00050988,92,26,5,21,66,59,7,28.26086956521739,5.434782608695652,22.82608695652174,71.73913043478261,64.13043478260869,7.608695652173914
E00050989,146,37,10,27,109,101,8,25.34246575342466,6.8493150684931505,18.493150684931507,74.65753424657534,69.17808219178082,5.47945205479452
E00050990,166,40,10,30,126,111,15,24.096385542168676,6.024096385542169,18.072289156626507,75.90361445783132,66.86746987951807,9.036144578313253
E00050991,152,41,10,31,111,95,16,26.973684210526315,6.578947368421052,20.394736842105264,73.02631578947368,62.5,10.526315789473683
E00050992,158,35,13,22,123,107,16,22.151898734177212,8.227848101265822,13.924050632911392,77.84810126582279,67.72151898734177,10.126582278481013
E00050993,147,39,9,30,108,96,12,26.53061224489796,6.122448979591836,20.408163265306122,73.46938775510205,65.3061224489796,8.16326530612245
E00050994,173,42,10,32,131,122,9,24.277456647398843,5.780346820809249,18.497109826589593,75.72254335260115,70.52023121387283,5.202312138728324
E00050995,183,42,13,29,141,121,20,22.950819672131146,7.103825136612022,15.846994535519126,77.04918032786885,66.12021857923497,10.92896174863388
E00050996,164,49,17,32,115,102,13,29.878048780487802,10.365853658536585,19.51219512195122,70.1219512195122,62.19512195121951,7.926829268292683
E00050997,145,51,10,41,94,84,10,35.172413793103445,6.896551724137931,28.27586206896552,64.82758620689654,57.931034482758626,6.896551724137931
E00050998,116,36,7,29,80,63,17,31.03448275862069,6.0344827586206895,25,68.96551724137932,54.310344827586206,14.655172413793101
E00050999,207,49,13,36,158,146,12,23.67149758454106,6.280193236714976,17.391304347826086,76.32850241545893,70.53140096618358,5.797101449275362
E00051000,156,38,11,27,118,106,12,24.358974358974358,7.051282051282051,17.307692307692307,75.64102564102564,67.94871794871796,7.6923076923076925
E00051001,151,46,10,36,105,93,12,30.4635761589404,6.622516556291391,23.841059602649008,69.5364238410596,61.58940397350994,7.9470198675496695
E00051002,123,44,10,34,79,71,8,35.77235772357724,8.130081300813007,27.64227642276423,64.22764227642277,57.72357723577236,6.504065040650407
E00051003,146,43,15,28,103,92,11,29.45205479452055,10.273972602739725,19.17808219178082,70.54794520547945,63.013698630136986,7.534246575342466
E00051004,136,46,12,34,90,76,14,33.82352941176471,8.823529411764707,25,66.17647058823529,55.88235294117647,10.294117647058822
E00051005,116,47,14,33,69,55,14,40.51724137931034,12.068965517241379,28.448275862068968,59.48275862068966,47.41379310344828,12.068965517241379
E00051006,137,51,18,33,86,81,5,37.22627737226277,13.138686131386862,24.087591240875913,62.77372262773723,59.12408759124088,3.64963503649635
E00051007,150,47,16,31,103,97,6,31.333333333333336,10.666666666666668,20.666666666666668,68.66666666666667,64.66666666666666,4
E00051008,91,23,4,19,68,62,6,25.274725274725274,4.395604395604396,20.87912087912088,74.72527472527473,68.13186813186813,6.593406593406594
E00051009,122,34,7,27,88,83,5,27.86885245901639,5.737704918032787,22.131147540983605,72.1311475409836,68.0327868852459,4.098360655737705
E00051010,126,46,14,32,80,73,7,36.507936507936506,11.11111111111111,25.396825396825395,63.49206349206349,57.936507936507944,5.555555555555555
E00051011,130,37,9,28,93,82,11,28.46153846153846,6.923076923076923,21.53846153846154,71.53846153846153,63.07692307692307,8.461538461538462
E00051012,174,42,13,29,132,113,19,24.137931034482758,7.471264367816093,16.666666666666664,75.86206896551724,64.9425287356322,10.919540229885058
E00051013,144,50,17,33,94,83,11,34.72222222222222,11.805555555555555,22.916666666666664,65.27777777777779,57.638888888888886,7.638888888888889
E00051014,154,40,13,27,114,103,11,25.97402597402597,8.441558441558442,17.532467532467532,74.02597402597402,66.88311688311688,7.142857142857142
E00051015,173,53,15,38,120,106,14,30.63583815028902,8.670520231213873,21.965317919075144,69.36416184971098,61.27167630057804,8.092485549132949
E00051016,179,60,19,41,119,107,12,33.5195530726257,10.614525139664805,22.905027932960895,66.4804469273743,59.77653631284916,6.70391061452514
E00051017,98,26,11,15,72,63,9,26.53061224489796,11.224489795918368,15.306122448979592,73.46938775510205,64.28571428571429,9.183673469387756
E00051018,79,21,9,12,58,48,10,26.582278481012654,11.39240506329114,15.18987341772152,73.41772151898735,60.75949367088608,12.658227848101266
E00051019,161,25,10,15,136,122,14,15.527950310559005,6.211180124223603,9.316770186335404,84.472049689441,75.77639751552795,8.695652173913043
E00051021,180,51,14,37,129,118,11,28.333333333333332,7.777777777777778,20.555555555555554,71.66666666666667,65.55555555555556,6.111111111111111
E00051022,157,69,13,56,88,78,10,43.94904458598726,8.280254777070063,35.6687898089172,56.05095541401274,49.681528662420384,6.369426751592357
E00051023,214,73,24,49,141,122,19,34.112149532710276,11.214953271028037,22.897196261682243,65.88785046728972,57.009345794392516,8.878504672897195
E00051024,129,40,13,27,89,74,15,31.007751937984494,10.077519379844961,20.930232558139537,68.9922480620155,57.36434108527132,11.627906976744185
E00051025,108,32,10,22,76,70,6,29.629629629629626,9.25925925925926,20.37037037037037,70.37037037037037,64.81481481481481,5.555555555555555
E00051026,125,39,5,34,86,86,0,31.2,4,27.200000000000003,68.8,68.8,0
E00051027,164,50,14,36,114,95,19,30.48780487804878,8.536585365853659,21.951219512195124,69.51219512195121,57.92682926829268,11.585365853658537
E00051028,171,57,19,38,114,97,17,33.33333333333333,11.11111111111111,22.22222222222222,66.66666666666666,56.72514619883041,9.941520467836257
E00051029,122,44,16,28,78,66,12,36.0655737704918,13.114754098360656,22.950819672131146,63.934426229508205,54.09836065573771,9.836065573770492
E00051030,85,18,5,13,67,58,9,21.176470588235293,5.88235294117647,15.294117647058824,78.82352941176471,68.23529411764706,10.588235294117647
E00051031,173,55,18,37,118,106,12,31.79190751445087,10.404624277456648,21.38728323699422,68.20809248554913,61.27167630057804,6.9364161849710975
E00051032,214,66,16,50,148,127,21,30.8411214953271,7.476635514018691,23.364485981308412,69.1588785046729,59.345794392523366,9.813084112149532
E00051033,197,55,17,38,142,124,18,27.918781725888326,8.629441624365482,19.289340101522843,72.08121827411168,62.944162436548226,9.137055837563452
E00051034,156,47,15,32,109,105,4,30.128205128205128,9.615384615384617,20.51282051282051,69.87179487179486,67.3076923076923,2.564102564102564
E00051035,145,45,15,30,100,94,6,31.03448275862069,10.344827586206897,20.689655172413794,68.96551724137932,64.82758620689654,4.137931034482759
E00051036,187,69,17,52,118,108,10,36.898395721925134,9.090909090909092,27.807486631016044,63.101604278074866,57.75401069518716,5.347593582887701
E00051037,152,44,9,35,108,97,11,28.947368421052634,5.921052631578947,23.026315789473685,71.05263157894737,63.81578947368421,7.236842105263158
E00051038,122,45,13,32,77,65,12,36.885245901639344,10.655737704918032,26.229508196721312,63.114754098360656,53.278688524590166,9.836065573770492
E00051039,160,37,16,21,123,113,10,23.125,10,13.125,76.875,70.625,6.25
E00051040,158,50,10,40,108,98,10,31.645569620253166,6.329113924050633,25.31645569620253,68.35443037974683,62.0253164556962,6.329113924050633
E00051041,155,48,11,37,107,96,11,30.967741935483872,7.096774193548387,23.870967741935484,69.03225806451613,61.935483870967744,7.096774193548387
E00051042,19,2,1,1,17,14,3,10.526315789473683,5.263157894736842,5.263157894736842,89.47368421052632,73.68421052631578,15.789473684210526
E00051044,182,46,8,38,136,122,14,25.274725274725274,4.395604395604396,20.87912087912088,74.72527472527473,67.03296703296702,7.6923076923076925
E00051045,76,18,4,14,58,54,4,23.684210526315788,5.263157894736842,18.421052631578945,76.31578947368422,71.05263157894737,5.263157894736842
E00051046,110,41,17,24,69,62,7,37.27272727272727,15.454545454545453,21.818181818181817,62.727272727272734,56.36363636363636,6.363636363636363
E00051047,162,55,21,34,107,95,12,33.95061728395062,12.962962962962962,20.98765432098765,66.0493827160494,58.64197530864198,7.4074074074074066
E00051048,164,54,22,32,110,98,12,32.926829268292686,13.414634146341465,19.51219512195122,67.07317073170732,59.756097560975604,7.317073170731707
E00051049,149,53,20,33,96,81,15,35.57046979865772,13.422818791946309,22.14765100671141,64.42953020134227,54.36241610738255,10.06711409395973
E00051050,139,48,6,42,91,74,17,34.53237410071942,4.316546762589928,30.215827338129497,65.46762589928058,53.23741007194245,12.23021582733813
E00051051,205,50,16,34,155,132,23,24.390243902439025,7.804878048780488,16.585365853658537,75.60975609756098,64.39024390243902,11.219512195121952
E00051052,155,36,13,23,119,107,12,23.225806451612904,8.38709677419355,14.838709677419354,76.77419354838709,69.03225806451613,7.741935483870968
E00051053,233,64,23,41,169,156,13,27.467811158798284,9.871244635193133,17.59656652360515,72.53218884120172,66.95278969957081,5.579399141630901
E00051054,189,45,12,33,144,131,13,23.809523809523807,6.349206349206349,17.46031746031746,76.19047619047619,69.31216931216932,6.878306878306878
E00051055,128,48,16,32,80,67,13,37.5,12.5,25,62.5,52.34375,10.15625
E00051056,143,74,13,61,69,61,8,51.74825174825175,9.090909090909092,42.65734265734265,48.25174825174825,42.65734265734265,5.594405594405594
E00051057,97,23,4,19,74,68,6,23.711340206185564,4.123711340206185,19.587628865979383,76.28865979381443,70.10309278350515,6.185567010309279
E00051058,128,39,18,21,89,79,10,30.46875,14.0625,16.40625,69.53125,61.71875,7.8125
E00051059,161,38,10,28,123,111,12,23.60248447204969,6.211180124223603,17.391304347826086,76.3975155279503,68.94409937888199,7.453416149068323
E00051060,244,68,16,52,176,152,24,27.86885245901639,6.557377049180328,21.311475409836063,72.1311475409836,62.295081967213115,9.836065573770492
E00051061,110,30,7,23,80,69,11,27.27272727272727,6.363636363636363,20.909090909090907,72.72727272727273,62.727272727272734,10
E00051062,75,21,6,15,54,49,5,28.000000000000004,8,20,72,65.33333333333333,6.666666666666667
E00051063,153,40,7,33,113,93,20,26.143790849673206,4.57516339869281,21.568627450980394,73.8562091503268,60.78431372549019,13.071895424836603
E00051064,110,27,9,18,83,74,9,24.545454545454547,8.181818181818182,16.363636363636363,75.45454545454545,67.27272727272727,8.181818181818182
E00051065,58,18,9,9,40,36,4,31.03448275862069,15.517241379310345,15.517241379310345,68.96551724137932,62.06896551724138,6.896551724137931
E00051066,133,48,12,36,85,80,5,36.09022556390977,9.022556390977442,27.06766917293233,63.90977443609023,60.150375939849624,3.7593984962406015
E00051067,114,39,11,28,75,65,10,34.21052631578947,9.649122807017543,24.561403508771928,65.78947368421053,57.01754385964912,8.771929824561402
E00051069,121,41,9,32,80,74,6,33.88429752066116,7.43801652892562,26.446280991735538,66.11570247933885,61.15702479338842,4.958677685950414
E00051070,123,35,16,19,88,82,6,28.455284552845526,13.008130081300814,15.447154471544716,71.54471544715447,66.66666666666666,4.878048780487805
E00051071,154,43,20,23,111,100,11,27.92207792207792,12.987012987012985,14.935064935064934,72.07792207792207,64.93506493506493,7.142857142857142
E00051072,104,30,12,18,74,64,10,28.846153846153843,11.538461538461538,17.307692307692307,71.15384615384616,61.53846153846154,9.615384615384617
E00051073,158,60,15,45,98,85,13,37.9746835443038,9.49367088607595,28.48101265822785,62.0253164556962,53.79746835443038,8.227848101265822
E00051074,86,23,5,18,63,55,8,26.744186046511626,5.813953488372093,20.930232558139537,73.25581395348837,63.95348837209303,9.30232558139535
E00051076,163,46,10,36,117,100,17,28.22085889570552,6.134969325153374,22.085889570552148,71.77914110429448,61.34969325153374,10.429447852760736
E00051077,69,18,5,13,51,45,6,26.08695652173913,7.246376811594203,18.84057971014493,73.91304347826086,65.21739130434783,8.695652173913043
E00051078,89,24,7,17,65,56,9,26.96629213483146,7.865168539325842,19.101123595505616,73.03370786516854,62.92134831460674,10.112359550561797
E00051079,153,60,7,53,93,87,6,39.21568627450981,4.57516339869281,34.64052287581699,60.78431372549019,56.86274509803921,3.9215686274509802
E00051080,174,52,14,38,122,112,10,29.88505747126437,8.045977011494253,21.839080459770116,70.11494252873564,64.36781609195403,5.747126436781609
E00051081,157,58,11,47,99,88,11,36.94267515923567,7.006369426751593,29.936305732484076,63.05732484076433,56.05095541401274,7.006369426751593
E00051082,134,39,13,26,95,86,9,29.1044776119403,9.701492537313433,19.402985074626866,70.8955223880597,64.17910447761194,6.7164179104477615
E00051083,98,35,12,23,63,55,8,35.714285714285715,12.244897959183673,23.46938775510204,64.28571428571429,56.12244897959183,8.16326530612245
E00051084,209,59,13,46,150,138,12,28.22966507177033,6.220095693779904,22.00956937799043,71.77033492822966,66.02870813397129,5.741626794258373
E00051085,153,50,19,31,103,91,12,32.6797385620915,12.418300653594772,20.26143790849673,67.3202614379085,59.47712418300654,7.8431372549019605
E00051086,125,35,11,24,90,79,11,28.000000000000004,8.799999999999999,19.2,72,63.2,8.799999999999999
E00051088,105,23,7,16,82,68,14,21.904761904761905,6.666666666666667,15.238095238095239,78.0952380952381,64.76190476190476,13.333333333333334
E00051089,202,59,16,43,143,120,23,29.207920792079207,7.920792079207921,21.287128712871286,70.79207920792079,59.4059405940594,11.386138613861387
E00051090,203,60,26,34,143,125,18,29.55665024630542,12.807881773399016,16.748768472906402,70.44334975369459,61.57635467980296,8.866995073891626
E00051091,62,16,2,14,46,44,2,25.806451612903224,3.225806451612903,22.58064516129032,74.19354838709677,70.96774193548387,3.225806451612903
E00051092,104,26,11,15,78,73,5,25,10.576923076923077,14.423076923076922,75,70.1923076923077,4.807692307692308
E00051093,146,32,11,21,114,102,12,21.91780821917808,7.534246575342466,14.383561643835616,78.08219178082192,69.86301369863014,8.21917808219178
E00051094,214,79,22,57,135,117,18,36.915887850467286,10.2803738317757,26.635514018691588,63.084112149532714,54.67289719626168,8.411214953271028
E00051095,144,48,13,35,96,86,10,33.33333333333333,9.027777777777777,24.305555555555554,66.66666666666666,59.72222222222222,6.944444444444445
E00051096,158,55,20,35,103,94,9,34.810126582278485,12.658227848101266,22.151898734177212,65.18987341772153,59.49367088607595,5.69620253164557
E00051097,134,50,14,36,84,74,10,37.3134328358209,10.44776119402985,26.865671641791046,62.68656716417911,55.223880597014926,7.462686567164178
E00051098,66,29,8,21,37,35,2,43.93939393939394,12.121212121212121,31.818181818181817,56.060606060606055,53.03030303030303,3.0303030303030303
E00051099,240,59,17,42,181,165,16,24.583333333333332,7.083333333333333,17.5,75.41666666666667,68.75,6.666666666666667
E00051100,171,41,13,28,130,118,12,23.976608187134502,7.602339181286549,16.374269005847953,76.0233918128655,69.00584795321637,7.017543859649122
E00051101,170,51,14,37,119,100,19,30,8.235294117647058,21.764705882352942,70,58.82352941176471,11.176470588235295
E00051102,132,41,11,30,91,89,2,31.060606060606062,8.333333333333332,22.727272727272727,68.93939393939394,67.42424242424242,1.5151515151515151
E00051103,148,59,12,47,89,84,5,39.86486486486486,8.108108108108109,31.756756756756754,60.13513513513513,56.75675675675676,3.3783783783783785
E00051104,128,49,16,33,79,76,3,38.28125,12.5,25.78125,61.71875,59.375,2.34375
E00051105,183,68,30,38,115,109,6,37.15846994535519,16.39344262295082,20.76502732240437,62.841530054644814,59.56284153005464,3.278688524590164
E00051106,87,33,11,22,54,45,9,37.93103448275862,12.643678160919542,25.287356321839084,62.06896551724138,51.724137931034484,10.344827586206897
E00051107,225,58,20,38,167,146,21,25.77777777777778,8.88888888888889,16.88888888888889,74.22222222222223,64.88888888888889,9.333333333333334
E00051108,220,58,11,47,162,149,13,26.36363636363636,5,21.363636363636363,73.63636363636363,67.72727272727272,5.909090909090909
E00165818,252,71,17,54,181,139,42,28.174603174603174,6.746031746031746,21.428571428571427,71.82539682539682,55.158730158730165,16.666666666666664
E00168200,170,61,17,44,109,93,16,35.88235294117647,10,25.882352941176475,64.11764705882354,54.70588235294118,9.411764705882353
E00168201,210,80,21,59,130,122,8,38.095238095238095,10,28.095238095238095,61.904761904761905,58.0952380952381,3.8095238095238098
E00168203,213,68,27,41,145,135,10,31.92488262910798,12.676056338028168,19.248826291079812,68.07511737089203,63.38028169014085,4.694835680751173
E00168205,183,52,14,38,131,119,12,28.415300546448087,7.650273224043716,20.76502732240437,71.58469945355192,65.02732240437157,6.557377049180328
E00168206,138,28,16,12,110,99,11,20.28985507246377,11.594202898550725,8.695652173913043,79.71014492753623,71.73913043478261,7.971014492753622
E00168207,134,40,11,29,94,87,7,29.850746268656714,8.208955223880597,21.641791044776117,70.1492537313433,64.92537313432835,5.223880597014925
E00168208,147,36,12,24,111,88,23,24.489795918367346,8.16326530612245,16.3265306122449,75.51020408163265,59.863945578231295,15.646258503401361
E00168209,139,38,12,26,101,91,10,27.33812949640288,8.633093525179856,18.705035971223023,72.66187050359713,65.46762589928058,7.1942446043165464
E00168210,82,27,4,23,55,47,8,32.926829268292686,4.878048780487805,28.04878048780488,67.07317073170732,57.3170731707317,9.75609756097561
E00168211,131,29,6,23,102,93,9,22.137404580152673,4.580152671755725,17.557251908396946,77.86259541984732,70.99236641221374,6.870229007633588
E00168212,219,49,8,41,170,155,15,22.37442922374429,3.65296803652968,18.72146118721461,77.6255707762557,70.77625570776256,6.8493150684931505
E00168213,166,33,5,28,133,125,8,19.879518072289155,3.0120481927710845,16.867469879518072,80.12048192771084,75.30120481927712,4.819277108433735
E00168214,201,54,23,31,147,132,15,26.865671641791046,11.442786069651742,15.422885572139302,73.13432835820896,65.67164179104478,7.462686567164178
E00168215,164,46,18,28,118,104,14,28.04878048780488,10.975609756097562,17.073170731707318,71.95121951219512,63.41463414634146,8.536585365853659
E00168216,236,59,20,39,177,149,28,25,8.47457627118644,16.52542372881356,75,63.13559322033898,11.864406779661017
E00168217,124,30,10,20,94,86,8,24.193548387096776,8.064516129032258,16.129032258064516,75.80645161290323,69.35483870967742,6.451612903225806
E00168218,168,52,19,33,116,100,16,30.952380952380953,11.30952380952381,19.642857142857142,69.04761904761905,59.523809523809526,9.523809523809524
E00168219,263,67,18,49,196,174,22,25.475285171102662,6.844106463878327,18.631178707224336,74.52471482889734,66.15969581749049,8.365019011406844
E00168220,236,58,17,41,178,164,14,24.576271186440678,7.203389830508475,17.372881355932204,75.42372881355932,69.49152542372882,5.932203389830509
E00168221,73,24,6,18,49,43,6,32.87671232876712,8.21917808219178,24.65753424657534,67.12328767123287,58.9041095890411,8.21917808219178
E00168222,184,36,16,20,148,131,17,19.565217391304348,8.695652173913043,10.869565217391305,80.43478260869566,71.19565217391305,9.239130434782608
E00168223,84,24,9,15,60,56,4,28.57142857142857,10.714285714285714,17.857142857142858,71.42857142857143,66.66666666666666,4.761904761904762
E00168226,161,30,14,16,131,105,26,18.633540372670808,8.695652173913043,9.937888198757763,81.36645962732919,65.21739130434783,16.149068322981368
E00168227,161,48,16,32,113,99,14,29.81366459627329,9.937888198757763,19.875776397515526,70.1863354037267,61.49068322981367,8.695652173913043
E00168228,155,48,11,37,107,99,8,30.967741935483872,7.096774193548387,23.870967741935484,69.03225806451613,63.87096774193548,5.161290322580645
E00168229,163,43,13,30,120,107,13,26.380368098159508,7.975460122699387,18.404907975460123,73.61963190184049,65.6441717791411,7.975460122699387
E00168230,261,62,17,45,199,185,14,23.754789272030653,6.513409961685824,17.24137931034483,76.24521072796935,70.88122605363985,5.363984674329502
E00168231,187,45,16,29,142,123,19,24.06417112299465,8.55614973262032,15.508021390374333,75.93582887700535,65.77540106951871,10.16042780748663
E00168232,129,35,11,24,94,82,12,27.131782945736433,8.527131782945736,18.6046511627907,72.86821705426357,63.565891472868216,9.30232558139535
E00168233,172,47,17,30,125,113,12,27.325581395348834,9.883720930232558,17.441860465116278,72.67441860465115,65.69767441860465,6.976744186046512
E00168234,133,58,11,47,75,61,14,43.609022556390975,8.270676691729323,35.338345864661655,56.390977443609025,45.86466165413533,10.526315789473683
E00168237,46,16,4,12,30,25,5,34.78260869565217,8.695652173913043,26.08695652173913,65.21739130434783,54.347826086956516,10.869565217391305
E00177371,206,58,20,38,148,130,18,28.155339805825243,9.70873786407767,18.446601941747574,71.84466019417476,63.10679611650486,8.737864077669903
E00177372,122,42,18,24,80,71,9,34.42622950819672,14.754098360655737,19.672131147540984,65.57377049180327,58.19672131147541,7.377049180327869
E00177374,66,25,5,20,41,37,4,37.878787878787875,7.575757575757576,30.303030303030305,62.121212121212125,56.060606060606055,6.0606060606060606
E00177376,149,38,12,26,111,104,7,25.503355704697988,8.053691275167784,17.449664429530202,74.49664429530202,69.79865771812081,4.697986577181208
E00177377,45,9,1,8,36,31,5,20,2.2222222222222223,17.77777777777778,80,68.88888888888889,11.11111111111111
E00177380,133,38,12,26,95,82,13,28.57142857142857,9.022556390977442,19.548872180451127,71.42857142857143,61.65413533834586,9.774436090225564
E00177382,49,17,7,10,32,30,2,34.69387755102041,14.285714285714285,20.408163265306122,65.3061224489796,61.224489795918366,4.081632653061225
E00177383,79,28,4,24,51,40,11,35.44303797468354,5.063291139240507,30.37974683544304,64.55696202531645,50.63291139240506,13.924050632911392
E00177384,169,38,9,29,131,121,10,22.485207100591715,5.325443786982249,17.159763313609467,77.51479289940828,71.59763313609467,5.9171597633136095
E00177385,134,38,10,28,96,91,5,28.35820895522388,7.462686567164178,20.8955223880597,71.64179104477611,67.91044776119402,3.731343283582089
E00177387,173,61,19,42,112,100,12,35.26011560693642,10.982658959537572,24.277456647398843,64.73988439306359,57.80346820809249,6.9364161849710975
E00177388,99,30,7,23,69,60,9,30.303030303030305,7.07070707070707,23.232323232323232,69.6969696969697,60.60606060606061,9.090909090909092
E00177389,111,38,12,26,73,63,10,34.234234234234236,10.81081081081081,23.423423423423422,65.76576576576578,56.75675675675676,9.00900900900901
E00177391,167,36,9,27,131,119,12,21.55688622754491,5.389221556886228,16.16766467065868,78.44311377245509,71.25748502994011,7.18562874251497
E00177395,47,24,7,17,23,23,0,51.06382978723404,14.893617021276595,36.17021276595745,48.93617021276596,48.93617021276596,0
E00177398,50,20,3,17,30,27,3,40,6,34,60,54,6
E00177399,163,41,11,30,122,112,10,25.153374233128833,6.748466257668712,18.404907975460123,74.84662576687117,68.71165644171779,6.134969325153374
E00177400,89,24,9,15,65,58,7,26.96629213483146,10.112359550561797,16.853932584269664,73.03370786516854,65.1685393258427,7.865168539325842
E00177401,144,37,5,32,107,96,11,25.694444444444443,3.4722222222222223,22.22222222222222,74.30555555555556,66.66666666666666,7.638888888888889
E00177404,207,62,22,40,145,130,15,29.951690821256037,10.628019323671497,19.32367149758454,70.04830917874396,62.80193236714976,7.246376811594203
E00177407,64,21,2,19,43,38,5,32.8125,3.125,29.6875,67.1875,59.375,7.8125
E00177410,121,36,11,25,85,77,8,29.75206611570248,9.090909090909092,20.66115702479339,70.24793388429752,63.63636363636363,6.6115702479338845
E00177412,118,51,10,41,67,58,9,43.22033898305085,8.47457627118644,34.74576271186441,56.779661016949156,49.152542372881356,7.627118644067797
E00177413,135,43,16,27,92,84,8,31.851851851851855,11.851851851851853,20,68.14814814814815,62.22222222222222,5.9259259259259265
E00177414,61,21,8,13,40,38,2,34.42622950819672,13.114754098360656,21.311475409836063,65.57377049180327,62.295081967213115,3.278688524590164
E00177415,78,27,8,19,51,44,7,34.61538461538461,10.256410256410255,24.358974358974358,65.38461538461539,56.41025641025641,8.974358974358974
E00177416,149,55,15,40,94,86,8,36.91275167785235,10.06711409395973,26.845637583892618,63.08724832214765,57.71812080536913,5.369127516778524
E00177417,156,38,11,27,118,100,18,24.358974358974358,7.051282051282051,17.307692307692307,75.64102564102564,64.1025641025641,11.538461538461538
E00177420,150,64,14,50,86,82,4,42.66666666666667,9.333333333333334,33.33333333333333,57.333333333333336,54.666666666666664,2.666666666666667
E00177421,232,103,27,76,129,114,15,44.396551724137936,11.637931034482758,32.758620689655174,55.603448275862064,49.137931034482754,6.4655172413793105
E00177422,134,62,22,40,72,70,2,46.26865671641791,16.417910447761194,29.850746268656714,53.73134328358209,52.23880597014925,1.4925373134328357
E00177423,288,80,40,40,208,180,28,27.77777777777778,13.88888888888889,13.88888888888889,72.22222222222221,62.5,9.722222222222223
E00177425,123,55,17,38,68,63,5,44.71544715447154,13.821138211382115,30.89430894308943,55.28455284552846,51.21951219512195,4.0650406504065035
E00177427,110,35,14,21,75,66,9,31.818181818181817,12.727272727272727,19.090909090909093,68.18181818181817,60,8.181818181818182
E00177428,123,53,18,35,70,58,12,43.08943089430895,14.634146341463413,28.455284552845526,56.91056910569105,47.15447154471545,9.75609756097561
E00177431,212,55,14,41,157,141,16,25.943396226415093,6.60377358490566,19.339622641509436,74.05660377358491,66.50943396226415,7.547169811320755
E00177433,26,15,3,12,11,11,0,57.692307692307686,11.538461538461538,46.15384615384615,42.30769230769231,42.30769230769231,0
E00177435,146,35,8,27,111,96,15,23.972602739726025,5.47945205479452,18.493150684931507,76.02739726027397,65.75342465753424,10.273972602739725
E00177436,86,28,5,23,58,55,3,32.55813953488372,5.813953488372093,26.744186046511626,67.44186046511628,63.95348837209303,3.488372093023256
E00177438,107,44,20,24,63,56,7,41.1214953271028,18.69158878504673,22.429906542056074,58.87850467289719,52.336448598130836,6.5420560747663545
E00177440,155,59,15,44,96,85,11,38.064516129032256,9.67741935483871,28.387096774193548,61.935483870967744,54.83870967741935,7.096774193548387
E00177442,300,51,10,41,249,221,28,17,3.3333333333333335,13.666666666666666,83,73.66666666666667,9.333333333333334
E00177443,187,71,21,50,116,109,7,37.967914438502675,11.229946524064172,26.737967914438503,62.03208556149733,58.288770053475936,3.7433155080213902
E00177445,92,23,7,16,69,60,9,25,7.608695652173914,17.391304347826086,75,65.21739130434783,9.782608695652174
E00177446,154,52,18,34,102,94,8,33.76623376623377,11.688311688311687,22.07792207792208,66.23376623376623,61.038961038961034,5.194805194805195
E00177447,83,25,6,19,58,56,2,30.120481927710845,7.228915662650602,22.89156626506024,69.87951807228916,67.46987951807229,2.4096385542168677
E00177448,109,24,4,20,85,65,20,22.018348623853214,3.669724770642202,18.34862385321101,77.98165137614679,59.63302752293578,18.34862385321101
E00177449,274,76,18,58,198,174,24,27.73722627737226,6.569343065693431,21.16788321167883,72.26277372262774,63.503649635036496,8.75912408759124
E00177450,128,43,14,29,85,78,7,33.59375,10.9375,22.65625,66.40625,60.9375,5.46875
E00177451,129,42,13,29,87,73,14,32.55813953488372,10.077519379844961,22.48062015503876,67.44186046511628,56.58914728682171,10.852713178294573
E00177452,208,62,11,51,146,124,22,29.807692307692307,5.288461538461538,24.519230769230766,70.1923076923077,59.61538461538461,10.576923076923077
E00177453,133,58,9,49,75,68,7,43.609022556390975,6.7669172932330826,36.84210526315789,56.390977443609025,51.127819548872175,5.263157894736842
E00177457,191,50,13,37,141,135,6,26.17801047120419,6.806282722513089,19.3717277486911,73.82198952879581,70.68062827225131,3.1413612565445024
E00177458,194,64,19,45,130,113,17,32.98969072164948,9.793814432989691,23.195876288659793,67.0103092783505,58.24742268041238,8.762886597938143
E00177459,210,58,17,41,152,142,10,27.61904761904762,8.095238095238095,19.523809523809526,72.38095238095238,67.61904761904762,4.761904761904762
E00177460,172,41,9,32,131,114,17,23.837209302325583,5.232558139534884,18.6046511627907,76.16279069767442,66.27906976744185,9.883720930232558
E00177461,195,76,23,53,119,99,20,38.97435897435898,11.794871794871794,27.17948717948718,61.02564102564103,50.76923076923077,10.256410256410255
E00177462,59,4,0,4,55,50,5,6.779661016949152,0,6.779661016949152,93.22033898305084,84.7457627118644,8.47457627118644
E00177463,138,22,8,14,116,104,12,15.942028985507244,5.797101449275362,10.144927536231885,84.05797101449275,75.36231884057972,8.695652173913043
E00177466,102,21,8,13,81,71,10,20.588235294117645,7.8431372549019605,12.745098039215685,79.41176470588235,69.6078431372549,9.803921568627452
E00177468,130,43,17,26,87,82,5,33.07692307692307,13.076923076923078,20,66.92307692307692,63.07692307692307,3.8461538461538463
E00177469,251,57,22,35,194,168,26,22.709163346613543,8.764940239043826,13.94422310756972,77.29083665338645,66.93227091633466,10.358565737051793
E00177470,160,32,17,15,128,106,22,20,10.625,9.375,80,66.25,13.750000000000002
E00177471,189,42,9,33,147,131,16,22.22222222222222,4.761904761904762,17.46031746031746,77.77777777777779,69.31216931216932,8.465608465608465
E00177472,279,69,16,53,210,182,28,24.731182795698924,5.734767025089606,18.996415770609318,75.26881720430107,65.23297491039428,10.03584229390681
E00177473,55,19,7,12,36,33,3,34.54545454545455,12.727272727272727,21.818181818181817,65.45454545454545,60,5.454545454545454
E00177474,146,51,17,34,95,82,13,34.93150684931507,11.643835616438356,23.28767123287671,65.06849315068493,56.16438356164384,8.904109589041095
E00177476,72,33,7,26,39,33,6,45.83333333333333,9.722222222222223,36.11111111111111,54.166666666666664,45.83333333333333,8.333333333333332
E00177477,100,41,11,30,59,58,1,41,11,30,59,57.99999999999999,1
E00177478,190,53,11,42,137,123,14,27.89473684210526,5.7894736842105265,22.105263157894736,72.10526315789474,64.73684210526316,7.368421052631578
E00177479,73,26,7,19,47,42,5,35.61643835616438,9.58904109589041,26.027397260273972,64.38356164383562,57.534246575342465,6.8493150684931505
