OA,ts0590001,ts0590002,ts0590003,ts0590004,ts0590005,ts0590006,ts0590007,ts0590002_PCT,ts0590003_PCT,ts0590004_PCT,ts0590005_PCT,ts0590006_PCT,ts0590007_PCT
E00109905,158,40,11,29,118,102,16,25.31645569620253,6.962025316455696,18.354430379746837,74.68354430379746,64.55696202531645,10.126582278481013
E00109906,138,44,18,26,94,81,13,31.88405797101449,13.043478260869565,18.84057971014493,68.11594202898551,58.69565217391305,9.420289855072465
E00109907,130,36,14,22,94,78,16,27.692307692307693,10.76923076923077,16.923076923076923,72.3076923076923,60,12.307692307692308
E00109908,116,35,9,26,81,73,8,30.17241379310345,7.758620689655173,22.413793103448278,69.82758620689656,62.93103448275862,6.896551724137931
E00109910,154,58,19,39,96,84,12,37.66233766233766,12.337662337662337,25.324675324675322,62.33766233766234,54.54545454545454,7.792207792207792
E00109911,136,45,16,29,91,78,13,33.088235294117645,11.76470588235294,21.323529411764707,66.91176470588235,57.35294117647059,9.558823529411764
E00109914,125,43,13,30,82,64,18,34.4,10.4,24,65.60000000000001,51.2,14.399999999999999
E00109915,136,43,14,29,93,76,17,31.61764705882353,10.294117647058822,21.323529411764707,68.38235294117648,55.88235294117647,12.5
E00109916,170,58,20,38,112,101,11,34.11764705882353,11.76470588235294,22.35294117647059,65.88235294117646,59.411764705882355,6.470588235294119
E00109917,150,52,16,36,98,86,12,34.66666666666667,10.666666666666668,24,65.33333333333333,57.333333333333336,8
E00109918,145,55,23,32,90,75,15,37.93103448275862,15.862068965517242,22.06896551724138,62.06896551724138,51.724137931034484,10.344827586206897
E00109919,147,45,14,31,102,89,13,30.612244897959183,9.523809523809524,21.08843537414966,69.38775510204081,60.544217687074834,8.843537414965986
E00109920,139,33,12,21,106,82,24,23.741007194244602,8.633093525179856,15.107913669064748,76.2589928057554,58.992805755395686,17.26618705035971
E00109921,137,45,17,28,92,76,16,32.846715328467155,12.408759124087592,20.437956204379564,67.15328467153284,55.47445255474452,11.678832116788321
E00109922,129,41,10,31,88,74,14,31.782945736434108,7.751937984496124,24.031007751937985,68.21705426356588,57.36434108527132,10.852713178294573
E00109923,246,75,21,54,171,147,24,30.48780487804878,8.536585365853659,21.951219512195124,69.51219512195121,59.756097560975604,9.75609756097561
E00109924,149,42,10,32,107,96,11,28.187919463087248,6.7114093959731544,21.476510067114095,71.81208053691275,64.42953020134227,7.38255033557047
E00109925,181,44,15,29,137,117,20,24.30939226519337,8.287292817679557,16.022099447513813,75.69060773480662,64.64088397790056,11.049723756906078
E00109926,148,35,11,24,113,94,19,23.64864864864865,7.4324324324324325,16.216216216216218,76.35135135135135,63.51351351351351,12.837837837837837
E00109927,137,51,17,34,86,74,12,37.22627737226277,12.408759124087592,24.817518248175183,62.77372262773723,54.01459854014598,8.75912408759124
E00109928,99,30,14,16,69,61,8,30.303030303030305,14.14141414141414,16.161616161616163,69.6969696969697,61.61616161616161,8.080808080808081
E00109929,149,48,18,30,101,84,17,32.21476510067114,12.080536912751679,20.13422818791946,67.78523489932886,56.375838926174495,11.409395973154362
E00109930,160,50,15,35,110,90,20,31.25,9.375,21.875,68.75,56.25,12.5
E00109931,201,58,15,43,143,120,23,28.855721393034827,7.462686567164178,21.393034825870647,71.14427860696517,59.70149253731343,11.442786069651742
E00109932,148,43,12,31,105,81,24,29.054054054054053,8.108108108108109,20.945945945945947,70.94594594594594,54.729729729729726,16.216216216216218
E00109933,130,44,15,29,86,69,17,33.84615384615385,11.538461538461538,22.30769230769231,66.15384615384615,53.07692307692308,13.076923076923078
E00109934,139,48,22,26,91,67,24,34.53237410071942,15.827338129496402,18.705035971223023,65.46762589928058,48.201438848920866,17.26618705035971
E00109935,110,30,11,19,80,57,23,27.27272727272727,10,17.272727272727273,72.72727272727273,51.81818181818182,20.909090909090907
E00109936,136,50,18,32,86,64,22,36.76470588235294,13.23529411764706,23.52941176470588,63.23529411764706,47.05882352941176,16.176470588235293
E00109937,152,49,14,35,103,90,13,32.23684210526316,9.210526315789473,23.026315789473685,67.76315789473685,59.210526315789465,8.552631578947368
E00109938,131,44,16,28,87,72,15,33.587786259541986,12.213740458015266,21.374045801526716,66.41221374045801,54.961832061068705,11.450381679389313
E00109939,68,27,8,19,41,35,6,39.705882352941174,11.76470588235294,27.941176470588236,60.29411764705882,51.470588235294116,8.823529411764707
E00109940,106,27,9,18,79,72,7,25.471698113207548,8.49056603773585,16.9811320754717,74.52830188679245,67.9245283018868,6.60377358490566
E00109941,57,18,5,13,39,28,11,31.57894736842105,8.771929824561402,22.807017543859647,68.42105263157895,49.122807017543856,19.298245614035086
E00109942,136,39,10,29,97,71,26,28.676470588235293,7.352941176470589,21.323529411764707,71.32352941176471,52.20588235294118,19.11764705882353
E00109943,144,46,18,28,98,82,16,31.944444444444443,12.5,19.444444444444446,68.05555555555556,56.94444444444444,11.11111111111111
E00109944,114,34,8,26,80,58,22,29.82456140350877,7.017543859649122,22.807017543859647,70.17543859649122,50.877192982456144,19.298245614035086
E00109945,180,50,20,30,130,102,28,27.77777777777778,11.11111111111111,16.666666666666664,72.22222222222221,56.666666666666664,15.555555555555555
E00109946,165,51,23,28,114,79,35,30.909090909090907,13.939393939393941,16.969696969696972,69.0909090909091,47.878787878787875,21.21212121212121
E00109949,116,21,9,12,95,81,14,18.103448275862068,7.758620689655173,10.344827586206897,81.89655172413794,69.82758620689656,12.068965517241379
E00109950,134,43,15,28,91,79,12,32.08955223880597,11.194029850746269,20.8955223880597,67.91044776119402,58.95522388059702,8.955223880597014
E00109952,120,28,10,18,92,75,17,23.333333333333332,8.333333333333332,15,76.66666666666667,62.5,14.166666666666666
E00109954,207,63,26,37,144,119,25,30.434782608695656,12.560386473429952,17.874396135265698,69.56521739130434,57.48792270531401,12.077294685990339
E00109956,175,46,20,26,129,107,22,26.285714285714285,11.428571428571429,14.857142857142858,73.71428571428571,61.142857142857146,12.571428571428573
E00109958,128,48,12,36,80,71,9,37.5,9.375,28.125,62.5,55.46875,7.03125
E00109959,41,15,7,8,26,20,6,36.58536585365854,17.073170731707318,19.51219512195122,63.41463414634146,48.78048780487805,14.634146341463413
E00109961,177,61,24,37,116,101,15,34.463276836158194,13.559322033898304,20.903954802259886,65.5367231638418,57.06214689265536,8.47457627118644
E00109962,119,38,11,27,81,72,9,31.932773109243694,9.243697478991598,22.689075630252102,68.0672268907563,60.50420168067227,7.563025210084033
E00109963,166,50,27,23,116,88,28,30.120481927710845,16.265060240963855,13.855421686746988,69.87951807228916,53.01204819277109,16.867469879518072
E00109964,85,26,10,16,59,50,9,30.58823529411765,11.76470588235294,18.823529411764707,69.41176470588235,58.82352941176471,10.588235294117647
E00109965,195,68,25,43,127,95,32,34.87179487179487,12.82051282051282,22.05128205128205,65.12820512820512,48.717948717948715,16.41025641025641
E00109967,152,36,9,27,116,104,12,23.684210526315788,5.921052631578947,17.763157894736842,76.31578947368422,68.42105263157895,7.894736842105263
E00109968,118,35,13,22,83,71,12,29.66101694915254,11.016949152542372,18.64406779661017,70.33898305084746,60.16949152542372,10.16949152542373
E00109969,142,37,12,25,105,98,7,26.056338028169012,8.450704225352112,17.6056338028169,73.94366197183099,69.01408450704226,4.929577464788732
E00109972,185,41,12,29,144,117,27,22.162162162162165,6.486486486486487,15.675675675675677,77.83783783783784,63.24324324324324,14.594594594594595
E00109973,159,38,11,27,121,102,19,23.89937106918239,6.918238993710692,16.9811320754717,76.10062893081762,64.15094339622641,11.949685534591195
E00109974,160,43,16,27,117,100,17,26.875,10,16.875,73.125,62.5,10.625
E00109975,235,69,25,44,166,139,27,29.361702127659573,10.638297872340425,18.72340425531915,70.63829787234043,59.148936170212764,11.48936170212766
E00109976,95,33,12,21,62,47,15,34.73684210526316,12.631578947368421,22.105263157894736,65.26315789473685,49.473684210526315,15.789473684210526
E00109978,176,51,22,29,125,99,26,28.97727272727273,12.5,16.477272727272727,71.02272727272727,56.25,14.772727272727273
E00109979,111,34,17,17,77,68,9,30.630630630630627,15.315315315315313,15.315315315315313,69.36936936936937,61.261261261261254,8.108108108108109
E00109980,140,42,18,24,98,74,24,30,12.857142857142856,17.142857142857142,70,52.85714285714286,17.142857142857142
E00109981,126,36,17,19,90,64,26,28.57142857142857,13.492063492063492,15.079365079365079,71.42857142857143,50.79365079365079,20.634920634920633
E00109982,154,42,9,33,112,93,19,27.27272727272727,5.844155844155844,21.428571428571427,72.72727272727273,60.3896103896104,12.337662337662337
E00109983,161,50,28,22,111,76,35,31.05590062111801,17.391304347826086,13.664596273291925,68.94409937888199,47.20496894409938,21.73913043478261
E00109984,150,52,19,33,98,83,15,34.66666666666667,12.666666666666668,22,65.33333333333333,55.333333333333336,10
E00109985,157,45,16,29,112,88,24,28.662420382165603,10.191082802547772,18.471337579617835,71.3375796178344,56.05095541401274,15.286624203821656
E00109986,172,57,23,34,115,86,29,33.13953488372093,13.372093023255813,19.767441860465116,66.86046511627907,50,16.86046511627907
E00109987,166,54,22,32,112,99,13,32.53012048192771,13.253012048192772,19.27710843373494,67.46987951807229,59.63855421686747,7.83132530120482
E00109988,164,60,26,34,104,82,22,36.58536585365854,15.853658536585366,20.73170731707317,63.41463414634146,50,13.414634146341465
E00109989,153,57,24,33,96,80,16,37.254901960784316,15.686274509803921,21.568627450980394,62.745098039215684,52.28758169934641,10.457516339869281
E00109990,157,51,19,32,106,90,16,32.48407643312102,12.101910828025478,20.382165605095544,67.51592356687898,57.324840764331206,10.191082802547772
E00109991,229,78,32,46,151,121,30,34.06113537117904,13.973799126637553,20.087336244541483,65.93886462882097,52.838427947598255,13.100436681222707
E00109992,100,30,15,15,70,49,21,30,15,15,70,49,21
E00109993,169,57,28,29,112,88,24,33.72781065088758,16.56804733727811,17.159763313609467,66.27218934911244,52.071005917159766,14.201183431952662
E00109994,211,63,24,39,148,114,34,29.85781990521327,11.374407582938389,18.48341232227488,70.14218009478674,54.02843601895735,16.113744075829384
E00109995,117,36,17,19,81,62,19,30.76923076923077,14.529914529914532,16.23931623931624,69.23076923076923,52.991452991452995,16.23931623931624
E00109997,151,57,27,30,94,76,18,37.74834437086093,17.880794701986755,19.867549668874172,62.251655629139066,50.331125827814574,11.920529801324504
E00109998,168,52,28,24,116,86,30,30.952380952380953,16.666666666666664,14.285714285714285,69.04761904761905,51.19047619047619,17.857142857142858
E00109999,86,25,14,11,61,36,25,29.069767441860467,16.27906976744186,12.790697674418606,70.93023255813954,41.86046511627907,29.069767441860467
E00110000,141,47,20,27,94,67,27,33.33333333333333,14.184397163120568,19.148936170212767,66.66666666666666,47.5177304964539,19.148936170212767
E00110001,129,50,16,34,79,59,20,38.759689922480625,12.4031007751938,26.356589147286826,61.240310077519375,45.73643410852713,15.503875968992247
E00110002,111,43,22,21,68,48,20,38.73873873873874,19.81981981981982,18.91891891891892,61.261261261261254,43.24324324324324,18.01801801801802
E00110003,114,36,14,22,78,61,17,31.57894736842105,12.280701754385964,19.298245614035086,68.42105263157895,53.50877192982456,14.912280701754385
E00110004,148,53,24,29,95,76,19,35.810810810810814,16.216216216216218,19.594594594594593,64.1891891891892,51.35135135135135,12.837837837837837
E00110005,136,42,22,20,94,70,24,30.88235294117647,16.176470588235293,14.705882352941178,69.11764705882352,51.470588235294116,17.647058823529413
E00110006,193,55,24,31,138,110,28,28.497409326424872,12.435233160621761,16.06217616580311,71.50259067357513,56.994818652849744,14.507772020725387
E00110007,126,31,10,21,95,84,11,24.6031746031746,7.936507936507936,16.666666666666664,75.39682539682539,66.66666666666666,8.73015873015873
E00110008,177,58,20,38,119,103,16,32.7683615819209,11.299435028248588,21.468926553672315,67.2316384180791,58.19209039548022,9.03954802259887
E00110009,160,55,23,32,105,82,23,34.375,14.374999999999998,20,65.625,51.24999999999999,14.374999999999998
E00110010,93,33,14,19,60,48,12,35.483870967741936,15.053763440860216,20.43010752688172,64.51612903225806,51.61290322580645,12.903225806451612
E00110012,119,44,13,31,75,63,12,36.97478991596639,10.92436974789916,26.05042016806723,63.02521008403361,52.94117647058824,10.084033613445378
E00110013,159,49,25,24,110,94,16,30.81761006289308,15.723270440251572,15.09433962264151,69.18238993710692,59.11949685534591,10.062893081761008
E00110014,166,58,16,42,108,84,24,34.93975903614458,9.63855421686747,25.301204819277107,65.06024096385542,50.602409638554214,14.457831325301203
E00110015,179,57,25,32,122,92,30,31.843575418994412,13.966480446927374,17.877094972067038,68.15642458100558,51.39664804469274,16.75977653631285
E00110016,191,49,30,19,142,106,36,25.654450261780106,15.706806282722512,9.947643979057592,74.3455497382199,55.497382198952884,18.848167539267017
E00110017,163,48,18,30,115,92,23,29.447852760736197,11.042944785276074,18.404907975460123,70.5521472392638,56.44171779141104,14.11042944785276
E00110018,168,57,19,38,111,81,30,33.92857142857143,11.30952380952381,22.61904761904762,66.07142857142857,48.214285714285715,17.857142857142858
E00110019,138,43,13,30,95,76,19,31.15942028985507,9.420289855072465,21.73913043478261,68.84057971014492,55.072463768115945,13.768115942028986
E00110020,114,34,8,26,80,63,17,29.82456140350877,7.017543859649122,22.807017543859647,70.17543859649122,55.26315789473685,14.912280701754385
E00110021,148,48,19,29,100,74,26,32.432432432432435,12.837837837837837,19.594594594594593,67.56756756756756,50,17.56756756756757
E00110022,219,68,27,41,151,104,47,31.05022831050228,12.32876712328767,18.72146118721461,68.94977168949772,47.48858447488584,21.461187214611872
E00110023,260,79,44,35,181,126,55,30.384615384615383,16.923076923076923,13.461538461538462,69.61538461538461,48.46153846153846,21.153846153846153
E00110024,168,53,15,38,115,93,22,31.547619047619047,8.928571428571429,22.61904761904762,68.45238095238095,55.35714285714286,13.095238095238097
E00110025,286,94,30,64,192,157,35,32.86713286713287,10.48951048951049,22.377622377622377,67.13286713286713,54.89510489510489,12.237762237762238
E00110026,147,52,16,36,95,84,11,35.374149659863946,10.884353741496598,24.489795918367346,64.62585034013605,57.14285714285714,7.482993197278912
E00110027,133,41,15,26,92,75,17,30.82706766917293,11.278195488721805,19.548872180451127,69.17293233082707,56.390977443609025,12.781954887218044
E00110028,120,26,8,18,94,72,22,21.666666666666668,6.666666666666667,15,78.33333333333333,60,18.333333333333332
E00110029,85,36,16,20,49,35,14,42.35294117647059,18.823529411764707,23.52941176470588,57.647058823529406,41.17647058823529,16.470588235294116
E00110030,225,79,26,53,146,92,54,35.11111111111111,11.555555555555555,23.555555555555554,64.88888888888889,40.88888888888889,24
E00110031,130,46,26,20,84,63,21,35.38461538461539,20,15.384615384615385,64.61538461538461,48.46153846153846,16.153846153846153
E00110032,110,43,17,26,67,53,14,39.09090909090909,15.454545454545453,23.636363636363637,60.909090909090914,48.18181818181818,12.727272727272727
E00110033,117,50,19,31,67,52,15,42.73504273504273,16.23931623931624,26.495726495726498,57.26495726495726,44.44444444444444,12.82051282051282
E00110034,149,51,17,34,98,72,26,34.22818791946309,11.409395973154362,22.818791946308725,65.77181208053692,48.322147651006716,17.449664429530202
E00110035,149,44,18,26,105,72,33,29.53020134228188,12.080536912751679,17.449664429530202,70.46979865771812,48.322147651006716,22.14765100671141
E00110036,146,50,19,31,96,78,18,34.24657534246575,13.013698630136986,21.232876712328768,65.75342465753424,53.42465753424658,12.32876712328767
E00110037,143,48,18,30,95,76,19,33.56643356643357,12.587412587412588,20.97902097902098,66.43356643356644,53.14685314685315,13.286713286713287
E00110038,115,42,21,21,73,50,23,36.52173913043478,18.26086956521739,18.26086956521739,63.47826086956522,43.47826086956522,20
E00110039,186,70,26,44,116,84,32,37.634408602150536,13.978494623655912,23.655913978494624,62.365591397849464,45.16129032258064,17.20430107526882
E00110040,54,18,7,11,36,33,3,33.33333333333333,12.962962962962962,20.37037037037037,66.66666666666666,61.111111111111114,5.555555555555555
E00110042,183,60,15,45,123,107,16,32.78688524590164,8.19672131147541,24.59016393442623,67.21311475409836,58.46994535519126,8.743169398907105
E00110043,124,46,12,34,78,70,8,37.096774193548384,9.67741935483871,27.419354838709676,62.903225806451616,56.451612903225815,6.451612903225806
E00110044,140,44,15,29,96,84,12,31.428571428571427,10.714285714285714,20.714285714285715,68.57142857142857,60,8.571428571428571
E00110045,175,56,26,30,119,103,16,32,14.857142857142858,17.142857142857142,68,58.857142857142854,9.142857142857142
E00110046,79,34,7,27,45,38,7,43.037974683544306,8.860759493670885,34.177215189873415,56.9620253164557,48.10126582278481,8.860759493670885
E00110047,154,59,17,42,95,78,17,38.311688311688314,11.03896103896104,27.27272727272727,61.68831168831169,50.649350649350644,11.03896103896104
E00110048,112,45,12,33,67,58,9,40.17857142857143,10.714285714285714,29.464285714285715,59.82142857142857,51.78571428571429,8.035714285714286
E00110049,154,51,13,38,103,87,16,33.116883116883116,8.441558441558442,24.675324675324674,66.88311688311688,56.493506493506494,10.38961038961039
E00110050,125,35,10,25,90,80,10,28.000000000000004,8,20,72,64,8
E00110051,93,31,10,21,62,48,14,33.33333333333333,10.75268817204301,22.58064516129032,66.66666666666666,51.61290322580645,15.053763440860216
E00110052,117,30,10,20,87,75,12,25.64102564102564,8.547008547008547,17.094017094017094,74.35897435897436,64.1025641025641,10.256410256410255
E00110053,119,34,10,24,85,72,13,28.57142857142857,8.403361344537815,20.168067226890756,71.42857142857143,60.50420168067227,10.92436974789916
E00110054,101,32,10,22,69,59,10,31.683168316831683,9.900990099009901,21.782178217821784,68.31683168316832,58.415841584158414,9.900990099009901
E00110055,177,63,20,43,114,102,12,35.59322033898305,11.299435028248588,24.293785310734464,64.40677966101694,57.6271186440678,6.779661016949152
E00110056,124,47,21,26,77,62,15,37.903225806451616,16.93548387096774,20.967741935483872,62.096774193548384,50,12.096774193548388
E00110057,150,48,17,31,102,87,15,32,11.333333333333332,20.666666666666668,68,57.99999999999999,10
E00110058,107,36,9,27,71,59,12,33.64485981308411,8.411214953271028,25.233644859813083,66.35514018691589,55.140186915887845,11.214953271028037
E00110059,194,67,19,48,127,104,23,34.5360824742268,9.793814432989691,24.742268041237114,65.4639175257732,53.608247422680414,11.855670103092782
E00110060,156,50,18,32,106,92,14,32.05128205128205,11.538461538461538,20.51282051282051,67.94871794871796,58.97435897435898,8.974358974358974
E00110062,107,27,10,17,80,69,11,25.233644859813083,9.345794392523365,15.887850467289718,74.76635514018692,64.48598130841121,10.2803738317757
E00110063,131,24,13,11,107,89,18,18.3206106870229,9.923664122137405,8.396946564885496,81.67938931297711,67.93893129770993,13.740458015267176
E00110064,102,36,15,21,66,52,14,35.294117647058826,14.705882352941178,20.588235294117645,64.70588235294117,50.98039215686274,13.725490196078432
E00110067,99,22,9,13,77,65,12,22.22222222222222,9.090909090909092,13.131313131313133,77.77777777777779,65.65656565656566,12.121212121212121
E00110068,93,22,8,14,71,62,9,23.655913978494624,8.60215053763441,15.053763440860216,76.34408602150538,66.66666666666666,9.67741935483871
E00110069,144,48,14,34,96,84,12,33.33333333333333,9.722222222222223,23.61111111111111,66.66666666666666,58.333333333333336,8.333333333333332
E00110070,151,48,11,37,103,84,19,31.788079470198678,7.28476821192053,24.503311258278146,68.21192052980133,55.62913907284768,12.582781456953644
E00110071,222,62,18,44,160,136,24,27.927927927927925,8.108108108108109,19.81981981981982,72.07207207207207,61.261261261261254,10.81081081081081
E00110072,97,20,10,10,77,66,11,20.618556701030926,10.309278350515463,10.309278350515463,79.38144329896907,68.04123711340206,11.34020618556701
E00110073,177,53,17,36,124,104,20,29.943502824858758,9.6045197740113,20.33898305084746,70.05649717514125,58.75706214689266,11.299435028248588
E00110074,138,30,12,18,108,97,11,21.73913043478261,8.695652173913043,13.043478260869565,78.26086956521739,70.28985507246377,7.971014492753622
E00110075,115,30,9,21,85,76,9,26.08695652173913,7.82608695652174,18.26086956521739,73.91304347826086,66.08695652173913,7.82608695652174
E00110076,125,47,19,28,78,65,13,37.6,15.2,22.400000000000002,62.4,52,10.4
E00110077,59,13,7,6,46,42,4,22.033898305084744,11.864406779661017,10.16949152542373,77.96610169491525,71.1864406779661,6.779661016949152
E00110078,115,34,9,25,81,69,12,29.565217391304348,7.82608695652174,21.73913043478261,70.43478260869566,60,10.434782608695652
E00110079,90,35,12,23,55,50,5,38.88888888888889,13.333333333333334,25.555555555555554,61.111111111111114,55.55555555555556,5.555555555555555
E00110080,79,26,13,13,53,42,11,32.91139240506329,16.455696202531644,16.455696202531644,67.08860759493672,53.16455696202531,13.924050632911392
E00110081,100,30,11,19,70,60,10,30,11,19,70,60,10
E00110082,60,20,6,14,40,34,6,33.33333333333333,10,23.333333333333332,66.66666666666666,56.666666666666664,10
E00110083,112,38,13,25,74,51,23,33.92857142857143,11.607142857142858,22.321428571428573,66.07142857142857,45.535714285714285,20.535714285714285
E00110084,58,20,6,14,38,30,8,34.48275862068966,10.344827586206897,24.137931034482758,65.51724137931035,51.724137931034484,13.793103448275861
E00110085,83,21,11,10,62,52,10,25.301204819277107,13.253012048192772,12.048192771084338,74.69879518072288,62.65060240963856,12.048192771084338
E00110086,211,64,17,47,147,128,19,30.33175355450237,8.056872037914692,22.274881516587676,69.66824644549763,60.66350710900474,9.004739336492891
E00110088,147,50,18,32,97,73,24,34.01360544217687,12.244897959183673,21.768707482993197,65.98639455782312,49.65986394557823,16.3265306122449
E00110089,126,28,12,16,98,73,25,22.22222222222222,9.523809523809524,12.698412698412698,77.77777777777779,57.936507936507944,19.841269841269842
E00110090,153,50,23,27,103,71,32,32.6797385620915,15.032679738562091,17.647058823529413,67.3202614379085,46.40522875816993,20.915032679738562
E00110091,113,35,9,26,78,65,13,30.973451327433626,7.964601769911504,23.008849557522122,69.02654867256636,57.52212389380531,11.504424778761061
E00110092,184,53,22,31,131,115,16,28.804347826086957,11.956521739130435,16.847826086956523,71.19565217391305,62.5,8.695652173913043
E00110093,148,57,18,39,91,81,10,38.513513513513516,12.162162162162163,26.351351351351347,61.48648648648649,54.729729729729726,6.756756756756757
E00110094,138,44,13,31,94,85,9,31.88405797101449,9.420289855072465,22.463768115942027,68.11594202898551,61.59420289855072,6.521739130434782
E00110095,175,53,16,37,122,103,19,30.28571428571429,9.142857142857142,21.142857142857142,69.71428571428572,58.857142857142854,10.857142857142858
E00110096,135,51,38,13,84,53,31,37.77777777777778,28.14814814814815,9.62962962962963,62.22222222222222,39.25925925925926,22.962962962962962
E00110097,143,32,10,22,111,91,20,22.377622377622377,6.993006993006993,15.384615384615385,77.62237762237763,63.63636363636363,13.986013986013987
E00110098,170,65,22,43,105,93,12,38.23529411764706,12.941176470588237,25.294117647058822,61.76470588235294,54.70588235294118,7.0588235294117645
E00110099,145,58,28,30,87,75,12,40,19.310344827586206,20.689655172413794,60,51.724137931034484,8.275862068965518
E00110100,165,58,28,30,107,78,29,35.15151515151515,16.969696969696972,18.181818181818183,64.84848484848484,47.27272727272727,17.575757575757574
E00110101,102,34,16,18,68,54,14,33.33333333333333,15.686274509803921,17.647058823529413,66.66666666666666,52.94117647058824,13.725490196078432
E00110102,176,61,26,35,115,92,23,34.659090909090914,14.772727272727273,19.886363636363637,65.3409090909091,52.27272727272727,13.068181818181818
E00110103,161,51,14,37,110,97,13,31.67701863354037,8.695652173913043,22.981366459627328,68.32298136645963,60.24844720496895,8.074534161490684
E00110104,139,46,16,30,93,81,12,33.093525179856115,11.510791366906476,21.58273381294964,66.90647482014388,58.27338129496403,8.633093525179856
E00110105,169,55,19,36,114,99,15,32.544378698224854,11.242603550295858,21.301775147928996,67.45562130177515,58.57988165680473,8.875739644970414
E00110106,129,38,21,17,91,67,24,29.457364341085274,16.27906976744186,13.178294573643413,70.54263565891473,51.93798449612403,18.6046511627907
E00110107,165,45,21,24,120,92,28,27.27272727272727,12.727272727272727,14.545454545454545,72.72727272727273,55.757575757575765,16.969696969696972
E00110108,64,21,8,13,43,35,8,32.8125,12.5,20.3125,67.1875,54.6875,12.5
E00110109,148,42,10,32,106,89,17,28.37837837837838,6.756756756756757,21.62162162162162,71.62162162162163,60.13513513513513,11.486486486486488
E00110110,152,33,11,22,119,97,22,21.710526315789476,7.236842105263158,14.473684210526317,78.28947368421053,63.81578947368421,14.473684210526317
E00110111,140,49,13,36,91,75,16,35,9.285714285714286,25.71428571428571,65,53.57142857142857,11.428571428571429
E00110112,90,31,13,18,59,46,13,34.44444444444444,14.444444444444443,20,65.55555555555556,51.11111111111111,14.444444444444443
E00110113,106,37,11,26,69,52,17,34.90566037735849,10.377358490566039,24.528301886792452,65.09433962264151,49.056603773584904,16.037735849056602
E00110114,156,43,20,23,113,93,20,27.564102564102566,12.82051282051282,14.743589743589745,72.43589743589743,59.61538461538461,12.82051282051282
E00110115,144,43,17,26,101,85,16,29.86111111111111,11.805555555555555,18.055555555555554,70.13888888888889,59.02777777777778,11.11111111111111
E00110116,316,70,22,48,246,205,41,22.151898734177212,6.962025316455696,15.18987341772152,77.84810126582279,64.87341772151899,12.974683544303797
E00110123,251,56,18,38,195,171,24,22.31075697211155,7.171314741035857,15.139442231075698,77.68924302788844,68.12749003984064,9.56175298804781
E00110124,154,54,19,35,100,83,17,35.064935064935064,12.337662337662337,22.727272727272727,64.93506493506493,53.896103896103895,11.03896103896104
E00110125,299,87,30,57,212,188,24,29.09698996655518,10.033444816053512,19.063545150501675,70.903010033444815,62.87625418060201,8.02675585284281
E00110126,209,47,13,34,162,133,29,22.48803827751196,6.220095693779904,16.267942583732058,77.51196172248804,63.63636363636363,13.875598086124402
E00110127,214,46,16,30,168,145,23,21.49532710280374,7.476635514018691,14.018691588785046,78.50467289719626,67.7570093457944,10.74766355140187
E00110128,204,64,17,47,140,114,26,31.372549019607842,8.333333333333332,23.03921568627451,68.62745098039215,55.88235294117647,12.745098039215685
E00110129,188,30,8,22,158,139,19,15.957446808510639,4.25531914893617,11.702127659574469,84.04255319148936,73.93617021276596,10.106382978723403
E00110130,217,49,20,29,168,141,27,22.58064516129032,9.216589861751153,13.36405529953917,77.41935483870968,64.97695852534562,12.442396313364055
E00110132,158,46,17,29,112,97,15,29.11392405063291,10.759493670886076,18.354430379746837,70.88607594936708,61.39240506329114,9.49367088607595
E00110133,175,34,11,23,141,122,19,19.428571428571427,6.2857142857142865,13.142857142857142,80.57142857142857,69.71428571428572,10.857142857142858
E00110134,253,52,19,33,201,168,33,20.55335968379447,7.5098814229249005,13.043478260869565,79.44664031620553,66.40316205533597,13.043478260869565
E00110136,215,46,15,31,169,146,23,21.3953488372093,6.976744186046512,14.418604651162791,78.6046511627907,67.90697674418604,10.69767441860465
E00110137,276,88,31,57,188,164,24,31.88405797101449,11.231884057971014,20.652173913043477,68.11594202898551,59.42028985507246,8.695652173913043
E00110139,170,44,13,31,126,115,11,25.882352941176475,7.647058823529412,18.235294117647058,74.11764705882354,67.64705882352942,6.470588235294119
E00110140,223,61,16,45,162,130,32,27.3542600896861,7.174887892376682,20.179372197309416,72.6457399103139,58.29596412556054,14.349775784753364
E00110142,135,36,11,25,99,85,14,26.666666666666668,8.148148148148149,18.51851851851852,73.33333333333333,62.96296296296296,10.37037037037037
E00110144,169,51,18,33,118,90,28,30.17751479289941,10.650887573964498,19.526627218934912,69.8224852071006,53.25443786982249,16.56804733727811
E00110145,239,52,22,30,187,160,27,21.75732217573222,9.205020920502092,12.552301255230125,78.24267782426779,66.94560669456067,11.297071129707113
E00110146,209,84,25,59,125,113,12,40.19138755980861,11.961722488038278,28.22966507177033,59.80861244019139,54.066985645933016,5.741626794258373
E00110147,132,44,28,16,88,83,5,33.33333333333333,21.21212121212121,12.121212121212121,66.66666666666666,62.878787878787875,3.787878787878788
E00110148,175,48,13,35,127,108,19,27.42857142857143,7.428571428571429,20,72.57142857142857,61.71428571428571,10.857142857142858
E00110149,182,46,14,32,136,107,29,25.274725274725274,7.6923076923076925,17.582417582417584,74.72527472527473,58.791208791208796,15.934065934065933
E00110150,271,71,27,44,200,174,26,26.199261992619927,9.96309963099631,16.236162361623617,73.80073800738008,64.20664206642066,9.59409594095941
E00110152,147,48,16,32,99,81,18,32.6530612244898,10.884353741496598,21.768707482993197,67.3469387755102,55.10204081632652,12.244897959183673
E00110153,168,56,19,37,112,88,24,33.33333333333333,11.30952380952381,22.023809523809522,66.66666666666666,52.38095238095239,14.285714285714285
E00110154,171,53,16,37,118,96,22,30.994152046783626,9.35672514619883,21.637426900584796,69.00584795321637,56.14035087719298,12.865497076023392
E00110156,142,41,15,26,101,90,11,28.87323943661972,10.56338028169014,18.30985915492958,71.12676056338029,63.38028169014085,7.746478873239436
E00110157,110,39,15,24,71,56,15,35.45454545454545,13.636363636363635,21.818181818181817,64.54545454545455,50.90909090909091,13.636363636363635
E00110158,184,57,17,40,127,112,15,30.978260869565215,9.239130434782608,21.73913043478261,69.02173913043478,60.86956521739131,8.152173913043478
E00110159,132,38,12,26,94,88,6,28.78787878787879,9.090909090909092,19.696969696969695,71.21212121212122,66.66666666666666,4.545454545454546
E00110160,138,38,16,22,100,87,13,27.536231884057973,11.594202898550725,15.942028985507244,72.46376811594203,63.04347826086957,9.420289855072465
E00110161,127,36,9,27,91,69,22,28.346456692913385,7.086614173228346,21.25984251968504,71.65354330708661,54.330708661417326,17.322834645669293
E00110162,180,57,15,42,123,106,17,31.666666666666664,8.333333333333332,23.333333333333332,68.33333333333333,58.88888888888889,9.444444444444445
E00110163,19,2,0,2,17,13,4,10.526315789473683,0,10.526315789473683,89.47368421052632,68.42105263157895,21.052631578947366
E00110165,154,52,12,40,102,93,9,33.76623376623377,7.792207792207792,25.97402597402597,66.23376623376623,60.3896103896104,5.844155844155844
E00110166,208,55,28,27,153,130,23,26.442307692307693,13.461538461538462,12.980769230769232,73.5576923076923,62.5,11.057692307692307
E00110167,214,71,19,52,143,125,18,33.177570093457945,8.878504672897195,24.299065420560748,66.82242990654206,58.41121495327103,8.411214953271028
E00110168,181,77,36,41,104,93,11,42.5414364640884,19.88950276243094,22.65193370165746,57.4585635359116,51.38121546961326,6.077348066298343
E00110169,90,31,13,18,59,48,11,34.44444444444444,14.444444444444443,20,65.55555555555556,53.333333333333336,12.222222222222221
E00110170,132,44,15,29,88,69,19,33.33333333333333,11.363636363636363,21.96969696969697,66.66666666666666,52.27272727272727,14.393939393939394
E00110171,135,49,16,33,86,69,17,36.2962962962963,11.851851851851853,24.444444444444443,63.70370370370371,51.11111111111111,12.592592592592592
E00110172,148,44,16,28,104,92,12,29.72972972972973,10.81081081081081,18.91891891891892,70.27027027027027,62.16216216216216,8.108108108108109
E00110173,95,24,10,14,71,63,8,25.263157894736842,10.526315789473683,14.736842105263156,74.73684210526315,66.3157894736842,8.421052631578947
E00110174,125,38,10,28,87,76,11,30.4,8,22.400000000000002,69.6,60.8,8.799999999999999
E00110175,140,43,20,23,97,88,9,30.714285714285715,14.285714285714285,16.428571428571427,69.28571428571428,62.857142857142854,6.428571428571428
E00110176,147,51,21,30,96,81,15,34.69387755102041,14.285714285714285,20.408163265306122,65.3061224489796,55.10204081632652,10.204081632653061
E00110177,106,36,12,24,70,62,8,33.9622641509434,11.320754716981133,22.641509433962266,66.0377358490566,58.490566037735846,7.547169811320755
E00110178,135,47,19,28,88,70,18,34.81481481481482,14.074074074074074,20.74074074074074,65.18518518518519,51.85185185185185,13.333333333333334
E00110179,155,54,17,37,101,84,17,34.83870967741935,10.967741935483872,23.870967741935484,65.16129032258064,54.19354838709678,10.967741935483872
E00110180,160,54,21,33,106,85,21,33.75,13.125,20.625,66.25,53.125,13.125
E00110181,130,40,13,27,90,75,15,30.76923076923077,10,20.76923076923077,69.23076923076923,57.692307692307686,11.538461538461538
E00110182,126,48,21,27,78,64,14,38.095238095238095,16.666666666666664,21.428571428571427,61.904761904761905,50.79365079365079,11.11111111111111
E00110183,151,47,19,28,104,87,17,31.125827814569533,12.582781456953644,18.543046357615893,68.87417218543047,57.615894039735096,11.258278145695364
E00110184,172,49,10,39,123,106,17,28.488372093023255,5.813953488372093,22.674418604651162,71.51162790697676,61.627906976744185,9.883720930232558
E00110185,117,37,12,25,80,62,18,31.62393162393162,10.256410256410255,21.367521367521366,68.37606837606837,52.991452991452995,15.384615384615385
E00110186,125,41,16,25,84,71,13,32.800000000000004,12.8,20,67.2,56.8,10.4
E00110187,137,35,8,27,102,82,20,25.547445255474454,5.839416058394161,19.708029197080293,74.45255474452554,59.854014598540154,14.5985401459854
E00110188,111,41,15,26,70,54,16,36.93693693693694,13.513513513513514,23.423423423423422,63.06306306306306,48.64864864864865,14.414414414414415
E00110189,140,38,15,23,102,83,19,27.142857142857142,10.714285714285714,16.428571428571427,72.85714285714285,59.285714285714285,13.571428571428571
E00110190,107,49,20,29,58,50,8,45.794392523364486,18.69158878504673,27.102803738317753,54.20560747663551,46.728971962616825,7.476635514018691
E00110191,158,56,15,41,102,81,21,35.44303797468354,9.49367088607595,25.949367088607595,64.55696202531645,51.26582278481012,13.291139240506327
E00110192,113,21,8,13,92,78,14,18.58407079646018,7.079646017699115,11.504424778761061,81.41592920353983,69.02654867256636,12.389380530973451
E00110193,192,65,29,36,127,94,33,33.85416666666667,15.104166666666666,18.75,66.14583333333334,48.95833333333333,17.1875
E00110194,141,53,26,27,88,60,28,37.5886524822695,18.439716312056735,19.148936170212767,62.4113475177305,42.5531914893617,19.858156028368796
E00110195,95,35,12,23,60,44,16,36.84210526315789,12.631578947368421,24.210526315789473,63.1578947368421,46.31578947368421,16.842105263157894
E00110196,157,55,30,25,102,79,23,35.03184713375796,19.10828025477707,15.92356687898089,64.96815286624204,50.318471337579616,14.64968152866242
E00110197,111,33,15,18,78,63,15,29.72972972972973,13.513513513513514,16.216216216216218,70.27027027027027,56.75675675675676,13.513513513513514
E00110198,188,69,34,35,119,96,23,36.702127659574465,18.085106382978726,18.617021276595743,63.297872340425535,51.06382978723404,12.23404255319149
E00110199,99,38,14,24,61,43,18,38.38383838383838,14.14141414141414,24.242424242424242,61.61616161616161,43.43434343434344,18.181818181818183
E00110200,153,48,26,22,105,70,35,31.372549019607842,16.99346405228758,14.37908496732026,68.62745098039215,45.751633986928105,22.875816993464053
E00110201,99,38,15,23,61,49,12,38.38383838383838,15.151515151515152,23.232323232323232,61.61616161616161,49.494949494949495,12.121212121212121
E00110202,84,33,8,25,51,47,4,39.285714285714285,9.523809523809524,29.761904761904763,60.71428571428571,55.952380952380956,4.761904761904762
E00110203,97,45,21,24,52,47,5,46.391752577319586,21.649484536082475,24.742268041237114,53.608247422680414,48.45360824742268,5.154639175257731
E00110204,115,45,16,29,70,63,7,39.130434782608695,13.91304347826087,25.217391304347824,60.86956521739131,54.78260869565217,6.086956521739131
E00110205,117,47,19,28,70,64,6,40.17094017094017,16.23931623931624,23.931623931623932,59.82905982905983,54.700854700854705,5.128205128205128
E00110206,123,58,27,31,65,60,5,47.15447154471545,21.951219512195124,25.203252032520325,52.84552845528455,48.78048780487805,4.0650406504065035
E00110207,121,62,27,35,59,55,4,51.2396694214876,22.31404958677686,28.92561983471074,48.760330578512395,45.45454545454545,3.3057851239669422
E00110208,148,55,17,38,93,81,12,37.16216216216216,11.486486486486488,25.675675675675674,62.83783783783784,54.729729729729726,8.108108108108109
E00110209,132,48,21,27,84,75,9,36.36363636363637,15.909090909090908,20.454545454545457,63.63636363636363,56.81818181818182,6.8181818181818175
E00110210,100,39,4,35,61,51,10,39,4,35,61,51,10
E00110211,155,57,19,38,98,80,18,36.774193548387096,12.258064516129032,24.516129032258064,63.2258064516129,51.61290322580645,11.612903225806452
E00110212,55,19,6,13,36,30,6,34.54545454545455,10.909090909090908,23.636363636363637,65.45454545454545,54.54545454545454,10.909090909090908
E00110213,133,56,21,35,77,71,6,42.10526315789473,15.789473684210526,26.31578947368421,57.89473684210527,53.383458646616546,4.511278195488721
E00110214,146,56,25,31,90,78,12,38.35616438356164,17.123287671232877,21.232876712328768,61.64383561643836,53.42465753424658,8.21917808219178
E00110215,130,55,25,30,75,67,8,42.30769230769231,19.230769230769234,23.076923076923077,57.692307692307686,51.53846153846153,6.153846153846154
E00110216,120,79,48,31,41,30,11,65.83333333333333,40,25.833333333333336,34.166666666666664,25,9.166666666666666
E00110217,112,39,15,24,73,62,11,34.82142857142857,13.392857142857142,21.428571428571427,65.17857142857143,55.35714285714286,9.821428571428571
E00110218,39,18,12,6,21,17,4,46.15384615384615,30.76923076923077,15.384615384615385,53.84615384615385,43.58974358974359,10.256410256410255
E00110219,129,50,18,32,79,65,14,38.759689922480625,13.953488372093023,24.8062015503876,61.240310077519375,50.3875968992248,10.852713178294573
E00110220,149,74,38,36,75,69,6,49.664429530201346,25.503355704697988,24.161073825503358,50.33557046979866,46.308724832214764,4.026845637583892
E00110222,92,28,11,17,64,54,10,30.434782608695656,11.956521739130435,18.478260869565215,69.56521739130434,58.69565217391305,10.869565217391305
E00110223,89,38,16,22,51,41,10,42.69662921348314,17.97752808988764,24.719101123595504,57.30337078651685,46.06741573033708,11.235955056179774
E00110224,135,42,7,35,93,74,19,31.11111111111111,5.185185185185185,25.925925925925924,68.88888888888889,54.81481481481482,14.074074074074074
E00110225,125,47,12,35,78,67,11,37.6,9.6,28.000000000000004,62.4,53.6,8.799999999999999
E00110226,155,48,6,42,107,92,15,30.967741935483872,3.870967741935484,27.09677419354839,69.03225806451613,59.354838709677416,9.67741935483871
E00110227,93,36,9,27,57,46,11,38.70967741935484,9.67741935483871,29.03225806451613,61.29032258064516,49.46236559139785,11.827956989247312
E00110228,126,47,17,30,79,67,12,37.301587301587304,13.492063492063492,23.809523809523807,62.698412698412696,53.17460317460318,9.523809523809524
E00110229,75,29,9,20,46,42,4,38.666666666666664,12,26.666666666666668,61.33333333333333,56.00000000000001,5.333333333333334
E00110230,75,28,9,19,47,39,8,37.333333333333336,12,25.333333333333336,62.66666666666667,52,10.666666666666668
E00110231,70,31,8,23,39,33,6,44.285714285714285,11.428571428571429,32.857142857142854,55.714285714285715,47.14285714285714,8.571428571428571
E00110232,90,26,6,20,64,58,6,28.888888888888886,6.666666666666667,22.22222222222222,71.11111111111111,64.44444444444444,6.666666666666667
E00110233,123,45,14,31,78,66,12,36.58536585365854,11.38211382113821,25.203252032520325,63.41463414634146,53.65853658536586,9.75609756097561
E00110234,238,69,33,36,169,141,28,28.991596638655466,13.865546218487395,15.126050420168067,71.00840336134453,59.2436974789916,11.76470588235294
E00110235,111,32,13,19,79,61,18,28.82882882882883,11.711711711711711,17.117117117117118,71.17117117117117,54.95495495495496,16.216216216216218
E00110236,104,27,12,15,77,63,14,25.961538461538463,11.538461538461538,14.423076923076922,74.03846153846155,60.57692307692307,13.461538461538462
E00110237,111,40,9,31,71,61,10,36.03603603603604,8.108108108108109,27.927927927927925,63.96396396396396,54.95495495495496,9.00900900900901
E00110238,138,59,24,35,79,69,10,42.7536231884058,17.391304347826086,25.36231884057971,57.2463768115942,50,7.246376811594203
E00110239,91,26,9,17,65,55,10,28.57142857142857,9.89010989010989,18.681318681318682,71.42857142857143,60.43956043956044,10.989010989010989
E00110240,140,38,10,28,102,93,9,27.142857142857142,7.142857142857142,20,72.85714285714285,66.42857142857143,6.428571428571428
E00110241,114,40,13,27,74,57,17,35.08771929824561,11.403508771929824,23.684210526315788,64.91228070175438,50,14.912280701754385
E00110242,136,42,11,31,94,82,12,30.88235294117647,8.088235294117647,22.794117647058822,69.11764705882352,60.29411764705882,8.823529411764707
E00110243,131,35,9,26,96,74,22,26.717557251908396,6.870229007633588,19.84732824427481,73.2824427480916,56.48854961832062,16.793893129770993
E00110244,142,48,18,30,94,80,14,33.80281690140845,12.676056338028168,21.12676056338028,66.19718309859155,56.33802816901409,9.859154929577464
E00110245,123,38,16,22,85,74,11,30.89430894308943,13.008130081300814,17.88617886178862,69.10569105691057,60.16260162601627,8.94308943089431
E00110246,171,62,16,46,109,97,12,36.25730994152047,9.35672514619883,26.900584795321635,63.74269005847953,56.72514619883041,7.017543859649122
E00110247,164,43,12,31,121,107,14,26.21951219512195,7.317073170731707,18.902439024390244,73.78048780487805,65.2439024390244,8.536585365853659
E00110248,189,60,15,45,129,114,15,31.746031746031743,7.936507936507936,23.809523809523807,68.25396825396825,60.317460317460316,7.936507936507936
E00110249,164,51,20,31,113,99,14,31.097560975609756,12.195121951219512,18.902439024390244,68.90243902439023,60.36585365853659,8.536585365853659
E00110250,152,52,20,32,100,86,14,34.21052631578947,13.157894736842104,21.052631578947366,65.78947368421053,56.57894736842105,9.210526315789473
E00110251,143,56,13,43,87,75,12,39.16083916083916,9.090909090909092,30.069930069930066,60.83916083916085,52.44755244755245,8.391608391608392
E00110252,154,46,12,34,108,96,12,29.87012987012987,7.792207792207792,22.07792207792208,70.12987012987013,62.33766233766234,7.792207792207792
E00110253,175,54,27,27,121,99,22,30.857142857142854,15.428571428571427,15.428571428571427,69.14285714285714,56.57142857142857,12.571428571428573
E00110254,80,25,10,15,55,47,8,31.25,12.5,18.75,68.75,58.75,10
E00110255,157,50,14,36,107,89,18,31.84713375796178,8.9171974522293,22.929936305732486,68.15286624203821,56.68789808917197,11.464968152866243
E00110256,154,57,24,33,97,85,12,37.01298701298701,15.584415584415584,21.428571428571427,62.98701298701299,55.1948051948052,7.792207792207792
E00110257,140,49,19,30,91,77,14,35,13.571428571428571,21.428571428571427,65,55.00000000000001,10
E00110258,153,43,17,26,110,96,14,28.104575163398692,11.11111111111111,16.99346405228758,71.89542483660131,62.745098039215684,9.15032679738562
E00110259,141,51,20,31,90,77,13,36.17021276595745,14.184397163120568,21.98581560283688,63.829787234042556,54.60992907801418,9.219858156028367
E00110260,126,30,4,26,96,80,16,23.809523809523807,3.1746031746031744,20.634920634920633,76.19047619047619,63.49206349206349,12.698412698412698
E00110261,154,54,21,33,100,84,16,35.064935064935064,13.636363636363635,21.428571428571427,64.93506493506493,54.54545454545454,10.38961038961039
E00110262,83,31,9,22,52,47,5,37.34939759036144,10.843373493975903,26.506024096385545,62.65060240963856,56.62650602409639,6.024096385542169
E00110263,103,28,15,13,75,63,12,27.184466019417474,14.563106796116504,12.62135922330097,72.81553398058253,61.165048543689316,11.650485436893204
E00110264,148,50,15,35,98,76,22,33.78378378378378,10.135135135135135,23.64864864864865,66.21621621621621,51.35135135135135,14.864864864864865
E00110265,133,48,20,28,85,70,15,36.09022556390977,15.037593984962406,21.052631578947366,63.90977443609023,52.63157894736842,11.278195488721805
E00110266,139,40,20,20,99,77,22,28.776978417266186,14.388489208633093,14.388489208633093,71.22302158273382,55.39568345323741,15.827338129496402
E00110267,125,39,12,27,86,72,14,31.2,9.6,21.6,68.8,57.599999999999994,11.200000000000001
E00110268,152,57,23,34,95,83,12,37.5,15.131578947368421,22.36842105263158,62.5,54.60526315789473,7.894736842105263
E00110269,160,69,23,46,91,71,20,43.125,14.374999999999998,28.749999999999996,56.875,44.375,12.5
E00110270,151,41,13,28,110,94,16,27.1523178807947,8.609271523178808,18.543046357615893,72.84768211920529,62.251655629139066,10.596026490066226
E00110272,128,47,22,25,81,65,16,36.71875,17.1875,19.53125,63.28125,50.78125,12.5
E00110273,145,46,23,23,99,83,16,31.724137931034484,15.862068965517242,15.862068965517242,68.27586206896552,57.24137931034483,11.03448275862069
E00110274,136,49,14,35,87,81,6,36.029411764705884,10.294117647058822,25.735294117647058,63.970588235294116,59.55882352941176,4.411764705882353
E00110275,144,52,22,30,92,70,22,36.11111111111111,15.277777777777779,20.833333333333336,63.888888888888886,48.61111111111111,15.277777777777779
E00110276,62,24,13,11,38,34,4,38.70967741935484,20.967741935483872,17.741935483870968,61.29032258064516,54.83870967741935,6.451612903225806
E00110277,146,50,16,34,96,79,17,34.24657534246575,10.95890410958904,23.28767123287671,65.75342465753424,54.109589041095894,11.643835616438356
E00110278,189,63,22,41,126,109,17,33.33333333333333,11.64021164021164,21.693121693121693,66.66666666666666,57.67195767195767,8.994708994708994
E00110279,135,41,15,26,94,80,14,30.37037037037037,11.11111111111111,19.25925925925926,69.62962962962963,59.25925925925925,10.37037037037037
E00110280,156,42,18,24,114,96,18,26.923076923076923,11.538461538461538,15.384615384615385,73.07692307692307,61.53846153846154,11.538461538461538
E00110282,98,35,8,27,63,55,8,35.714285714285715,8.16326530612245,27.55102040816326,64.28571428571429,56.12244897959183,8.16326530612245
E00110283,184,65,19,46,119,104,15,35.32608695652174,10.326086956521738,25,64.67391304347827,56.52173913043478,8.152173913043478
E00110284,151,35,7,28,116,92,24,23.178807947019866,4.635761589403973,18.543046357615893,76.82119205298014,60.9271523178808,15.894039735099339
E00110285,130,46,15,31,84,74,10,35.38461538461539,11.538461538461538,23.846153846153847,64.61538461538461,56.92307692307692,7.6923076923076925
E00110286,102,42,10,32,60,48,12,41.17647058823529,9.803921568627452,31.372549019607842,58.82352941176471,47.05882352941176,11.76470588235294
E00110287,132,45,14,31,87,75,12,34.090909090909086,10.606060606060606,23.484848484848484,65.9090909090909,56.81818181818182,9.090909090909092
E00110288,125,43,18,25,82,68,14,34.4,14.399999999999999,20,65.60000000000001,54.400000000000006,11.200000000000001
E00110289,112,42,8,34,70,60,10,37.5,7.142857142857142,30.357142857142854,62.5,53.57142857142857,8.928571428571429
E00110290,310,70,16,54,240,187,53,22.58064516129032,5.161290322580645,17.419354838709676,77.41935483870968,60.322580645161295,17.096774193548388
E00110291,151,49,13,36,102,89,13,32.450331125827816,8.609271523178808,23.841059602649008,67.54966887417218,58.94039735099338,8.609271523178808
E00110292,149,44,16,28,105,93,12,29.53020134228188,10.738255033557047,18.79194630872483,70.46979865771812,62.41610738255034,8.053691275167784
E00110293,120,47,16,31,73,66,7,39.166666666666664,13.333333333333334,25.833333333333336,60.83333333333333,55.00000000000001,5.833333333333333
E00110294,184,48,15,33,136,98,38,26.08695652173913,8.152173913043478,17.934782608695652,73.91304347826086,53.2608695652174,20.652173913043477
E00110295,188,56,16,40,132,110,22,29.78723404255319,8.51063829787234,21.27659574468085,70.2127659574468,58.51063829787234,11.702127659574469
E00110298,200,44,14,30,156,117,39,22,7.000000000000001,15,78,58.5,19.5
E00110299,161,53,18,35,108,89,19,32.91925465838509,11.180124223602485,21.73913043478261,67.08074534161491,55.27950310559007,11.801242236024844
E00110300,213,60,16,44,153,125,28,28.169014084507044,7.511737089201878,20.657276995305164,71.83098591549296,58.68544600938967,13.145539906103288
E00110301,235,76,19,57,159,140,19,32.340425531914896,8.085106382978724,24.25531914893617,67.65957446808511,59.57446808510638,8.085106382978724
E00110302,214,72,27,45,142,114,28,33.64485981308411,12.616822429906541,21.02803738317757,66.35514018691589,53.271028037383175,13.084112149532709
E00110303,146,32,11,21,114,85,29,21.91780821917808,7.534246575342466,14.383561643835616,78.08219178082192,58.21917808219178,19.863013698630137
E00110304,134,47,19,28,87,70,17,35.07462686567165,14.17910447761194,20.8955223880597,64.92537313432835,52.23880597014925,12.686567164179104
E00110305,138,46,11,35,92,77,15,33.33333333333333,7.971014492753622,25.36231884057971,66.66666666666666,55.79710144927537,10.869565217391305
E00110306,151,62,15,47,89,71,18,41.05960264900662,9.933774834437086,31.125827814569533,58.94039735099338,47.019867549668874,11.920529801324504
E00110307,137,51,24,27,86,67,19,37.22627737226277,17.51824817518248,19.708029197080293,62.77372262773723,48.9051094890511,13.86861313868613
E00110309,147,40,16,24,107,91,16,27.2108843537415,10.884353741496598,16.3265306122449,72.78911564625851,61.904761904761905,10.884353741496598
E00110310,169,57,21,36,112,90,22,33.72781065088758,12.42603550295858,21.301775147928996,66.27218934911244,53.25443786982249,13.017751479289942
E00110311,134,29,8,21,105,90,15,21.641791044776117,5.970149253731343,15.671641791044777,78.35820895522389,67.16417910447761,11.194029850746269
E00110312,181,59,20,39,122,104,18,32.59668508287293,11.049723756906078,21.54696132596685,67.40331491712708,57.4585635359116,9.94475138121547
E00110313,155,51,18,33,104,91,13,32.903225806451616,11.612903225806452,21.29032258064516,67.0967741935484,58.70967741935483,8.38709677419355
E00110314,96,31,11,20,65,54,11,32.29166666666667,11.458333333333332,20.833333333333336,67.70833333333334,56.25,11.458333333333332
E00110317,239,88,37,51,151,120,31,36.82008368200837,15.481171548117153,21.338912133891213,63.17991631799163,50.2092050209205,12.97071129707113
E00110318,107,46,17,29,61,49,12,42.99065420560748,15.887850467289718,27.102803738317753,57.009345794392516,45.794392523364486,11.214953271028037
E00110319,128,37,13,24,91,80,11,28.90625,10.15625,18.75,71.09375,62.5,8.59375
E00110320,103,23,5,18,80,71,9,22.330097087378643,4.854368932038835,17.475728155339805,77.66990291262135,68.93203883495146,8.737864077669903
E00110321,103,33,9,24,70,59,11,32.038834951456316,8.737864077669903,23.300970873786408,67.96116504854369,57.28155339805825,10.679611650485436
E00110322,39,14,4,10,25,23,2,35.8974358974359,10.256410256410255,25.64102564102564,64.1025641025641,58.97435897435898,5.128205128205128
E00110323,134,50,23,27,84,70,14,37.3134328358209,17.16417910447761,20.149253731343283,62.68656716417911,52.23880597014925,10.44776119402985
E00110324,123,44,19,25,79,66,13,35.77235772357724,15.447154471544716,20.32520325203252,64.22764227642277,53.65853658536586,10.569105691056912
E00110325,118,37,17,20,81,67,14,31.35593220338983,14.40677966101695,16.94915254237288,68.64406779661016,56.779661016949156,11.864406779661017
E00110326,82,30,8,22,52,45,7,36.58536585365854,9.75609756097561,26.82926829268293,63.41463414634146,54.87804878048781,8.536585365853659
E00110327,142,49,18,31,93,77,16,34.50704225352113,12.676056338028168,21.830985915492956,65.49295774647888,54.22535211267606,11.267605633802818
E00110328,225,79,31,48,146,118,28,35.11111111111111,13.777777777777779,21.333333333333336,64.88888888888889,52.44444444444445,12.444444444444445
E00110332,152,39,15,24,113,99,14,25.657894736842106,9.868421052631579,15.789473684210526,74.3421052631579,65.13157894736842,9.210526315789473
E00110333,84,11,6,5,73,63,10,13.095238095238097,7.142857142857142,5.952380952380952,86.90476190476191,75,11.904761904761903
E00110334,93,37,14,23,56,49,7,39.784946236559136,15.053763440860216,24.731182795698924,60.215053763440864,52.68817204301075,7.526881720430108
E00110335,98,37,13,24,61,48,13,37.755102040816325,13.26530612244898,24.489795918367346,62.244897959183675,48.97959183673469,13.26530612244898
E00110336,205,59,25,34,146,116,30,28.780487804878046,12.195121951219512,16.585365853658537,71.21951219512195,56.58536585365853,14.634146341463413
E00110337,138,45,18,27,93,78,15,32.608695652173914,13.043478260869565,19.565217391304348,67.3913043478261,56.52173913043478,10.869565217391305
E00110338,188,63,22,41,125,104,21,33.51063829787234,11.702127659574469,21.808510638297875,66.48936170212765,55.319148936170215,11.170212765957446
E00110339,142,47,14,33,95,82,13,33.098591549295776,9.859154929577464,23.239436619718308,66.90140845070422,57.74647887323944,9.15492957746479
E00110340,169,51,27,24,118,99,19,30.17751479289941,15.976331360946746,14.201183431952662,69.8224852071006,58.57988165680473,11.242603550295858
E00110341,226,81,35,46,145,115,30,35.84070796460177,15.486725663716813,20.353982300884958,64.15929203539822,50.88495575221239,13.274336283185843
E00110342,160,33,11,22,127,103,24,20.625,6.875000000000001,13.750000000000002,79.375,64.375,15
E00110343,100,34,15,19,66,51,15,34,15,19,66,51,15
E00110344,190,64,23,41,126,106,20,33.68421052631579,12.105263157894736,21.578947368421055,66.3157894736842,55.78947368421052,10.526315789473683
E00110345,218,58,23,35,160,137,23,26.605504587155966,10.550458715596331,16.055045871559635,73.39449541284404,62.84403669724771,10.550458715596331
E00110346,139,41,12,29,98,80,18,29.496402877697843,8.633093525179856,20.863309352517987,70.50359712230215,57.55395683453237,12.949640287769784
E00110347,134,39,14,25,95,77,18,29.1044776119403,10.44776119402985,18.65671641791045,70.8955223880597,57.46268656716418,13.432835820895523
E00110348,152,56,21,35,96,78,18,36.84210526315789,13.815789473684212,23.026315789473685,63.1578947368421,51.31578947368421,11.842105263157894
E00110349,246,73,36,37,173,137,36,29.67479674796748,14.634146341463413,15.040650406504067,70.32520325203252,55.6910569105691,14.634146341463413
E00110350,162,55,19,36,107,74,33,33.95061728395062,11.728395061728394,22.22222222222222,66.0493827160494,45.67901234567901,20.37037037037037
E00110351,153,47,12,35,106,87,19,30.718954248366014,7.8431372549019605,22.875816993464053,69.28104575163398,56.86274509803921,12.418300653594772
E00110352,115,36,13,23,79,69,10,31.30434782608696,11.304347826086957,20,68.69565217391305,60,8.695652173913043
E00110353,95,30,11,19,65,52,13,31.57894736842105,11.578947368421053,20,68.42105263157895,54.736842105263165,13.684210526315791
E00110354,163,44,21,23,119,94,25,26.993865030674847,12.883435582822086,14.11042944785276,73.00613496932516,57.668711656441715,15.337423312883436
E00110355,98,34,9,25,64,53,11,34.69387755102041,9.183673469387756,25.510204081632654,65.3061224489796,54.08163265306123,11.224489795918368
E00110356,166,57,20,37,109,89,20,34.33734939759036,12.048192771084338,22.289156626506024,65.66265060240963,53.6144578313253,12.048192771084338
E00110357,109,38,14,24,71,59,12,34.862385321100916,12.844036697247708,22.018348623853214,65.13761467889908,54.12844036697248,11.009174311926607
E00110358,116,33,16,17,83,66,17,28.448275862068968,13.793103448275861,14.655172413793101,71.55172413793103,56.896551724137936,14.655172413793101
E00110359,146,44,10,34,102,83,19,30.136986301369863,6.8493150684931505,23.28767123287671,69.86301369863014,56.849315068493155,13.013698630136986
E00110360,155,49,16,33,106,83,23,31.61290322580645,10.32258064516129,21.29032258064516,68.38709677419355,53.5483870967742,14.838709677419354
E00110361,155,60,25,35,95,72,23,38.70967741935484,16.129032258064516,22.58064516129032,61.29032258064516,46.45161290322581,14.838709677419354
E00110362,168,48,17,31,120,90,30,28.57142857142857,10.119047619047619,18.452380952380953,71.42857142857143,53.57142857142857,17.857142857142858
E00110363,192,65,22,43,127,93,34,33.85416666666667,11.458333333333332,22.395833333333336,66.14583333333334,48.4375,17.708333333333336
E00110364,150,54,17,37,96,85,11,36,11.333333333333332,24.666666666666668,64,56.666666666666664,7.333333333333333
E00110365,111,27,10,17,84,68,16,24.324324324324326,9.00900900900901,15.315315315315313,75.67567567567568,61.261261261261254,14.414414414414415
E00110366,136,48,16,32,88,72,16,35.294117647058826,11.76470588235294,23.52941176470588,64.70588235294117,52.94117647058824,11.76470588235294
E00110367,178,66,24,42,112,95,17,37.07865168539326,13.48314606741573,23.595505617977526,62.92134831460674,53.37078651685393,9.550561797752808
E00110368,159,47,16,31,112,96,16,29.559748427672954,10.062893081761008,19.49685534591195,70.44025157232704,60.37735849056604,10.062893081761008
E00110369,88,34,10,24,54,43,11,38.63636363636363,11.363636363636363,27.27272727272727,61.36363636363637,48.86363636363637,12.5
E00110370,166,45,17,28,121,95,26,27.10843373493976,10.240963855421686,16.867469879518072,72.89156626506023,57.22891566265061,15.66265060240964
E00110371,107,37,7,30,70,60,10,34.57943925233645,6.5420560747663545,28.037383177570092,65.42056074766354,56.074766355140184,9.345794392523365
E00110372,58,14,10,4,44,35,9,24.137931034482758,17.24137931034483,6.896551724137931,75.86206896551724,60.3448275862069,15.517241379310345
E00110373,145,47,10,37,98,75,23,32.41379310344827,6.896551724137931,25.517241379310345,67.58620689655173,51.724137931034484,15.862068965517242
E00110374,131,41,23,18,90,73,17,31.297709923664126,17.557251908396946,13.740458015267176,68.70229007633588,55.72519083969466,12.977099236641221
E00110375,101,38,11,27,63,52,11,37.62376237623762,10.891089108910892,26.732673267326735,62.37623762376238,51.48514851485149,10.891089108910892
E00110376,173,60,16,44,113,92,21,34.68208092485549,9.248554913294797,25.43352601156069,65.3179190751445,53.179190751445084,12.138728323699421
E00110377,120,44,15,29,76,63,13,36.666666666666664,12.5,24.166666666666668,63.33333333333333,52.5,10.833333333333334
E00110378,102,39,19,20,63,51,12,38.23529411764706,18.627450980392158,19.607843137254903,61.76470588235294,50,11.76470588235294
E00110379,82,26,12,14,56,46,10,31.70731707317073,14.634146341463413,17.073170731707318,68.29268292682927,56.09756097560976,12.195121951219512
E00110380,123,51,25,26,72,56,16,41.46341463414634,20.32520325203252,21.138211382113823,58.536585365853654,45.52845528455284,13.008130081300814
E00110381,107,35,17,18,72,62,10,32.71028037383177,15.887850467289718,16.822429906542055,67.28971962616822,57.943925233644855,9.345794392523365
E00110382,103,39,15,24,64,44,20,37.86407766990291,14.563106796116504,23.300970873786408,62.13592233009708,42.71844660194174,19.41747572815534
E00110383,114,34,17,17,80,57,23,29.82456140350877,14.912280701754385,14.912280701754385,70.17543859649122,50,20.175438596491226
E00110384,102,48,18,30,54,40,14,47.05882352941176,17.647058823529413,29.411764705882355,52.94117647058824,39.21568627450981,13.725490196078432
E00110385,118,35,11,24,83,54,29,29.66101694915254,9.322033898305085,20.33898305084746,70.33898305084746,45.76271186440678,24.576271186440678
E00110386,87,28,12,16,59,47,12,32.18390804597701,13.793103448275861,18.39080459770115,67.81609195402298,54.02298850574713,13.793103448275861
E00110387,89,30,14,16,59,44,15,33.70786516853933,15.730337078651685,17.97752808988764,66.29213483146067,49.43820224719101,16.853932584269664
E00110388,122,49,21,28,73,58,15,40.16393442622951,17.21311475409836,22.950819672131146,59.83606557377049,47.540983606557376,12.295081967213115
E00110389,106,41,23,18,65,57,8,38.67924528301887,21.69811320754717,16.9811320754717,61.32075471698113,53.77358490566038,7.547169811320755
E00110390,70,30,13,17,40,32,8,42.857142857142854,18.571428571428573,24.285714285714285,57.14285714285714,45.714285714285715,11.428571428571429
E00110391,119,48,22,26,71,63,8,40.33613445378151,18.487394957983195,21.84873949579832,59.66386554621849,52.94117647058824,6.722689075630252
E00110392,121,40,19,21,81,65,16,33.057851239669425,15.702479338842975,17.355371900826448,66.94214876033058,53.71900826446281,13.223140495867769
E00110393,153,57,17,40,96,70,26,37.254901960784316,11.11111111111111,26.143790849673206,62.745098039215684,45.751633986928105,16.99346405228758
E00110394,50,17,4,13,33,29,4,34,8,26,66,57.99999999999999,8
E00110395,136,50,17,33,86,71,15,36.76470588235294,12.5,24.264705882352942,63.23529411764706,52.20588235294118,11.029411764705882
E00110396,122,39,13,26,83,70,13,31.967213114754102,10.655737704918032,21.311475409836063,68.0327868852459,57.377049180327866,10.655737704918032
E00110397,134,59,22,37,75,61,14,44.02985074626866,16.417910447761194,27.611940298507463,55.970149253731336,45.52238805970149,10.44776119402985
E00110398,188,71,26,45,117,91,26,37.765957446808514,13.829787234042554,23.93617021276596,62.23404255319149,48.40425531914894,13.829787234042554
E00110399,95,34,12,22,61,57,4,35.78947368421053,12.631578947368421,23.157894736842106,64.21052631578948,60,4.2105263157894735
E00110400,135,43,20,23,92,69,23,31.851851851851855,14.814814814814813,17.037037037037038,68.14814814814815,51.11111111111111,17.037037037037038
E00110401,120,46,18,28,74,56,18,38.333333333333336,15,23.333333333333332,61.66666666666667,46.666666666666664,15
E00110402,121,51,20,31,70,59,11,42.14876033057851,16.528925619834713,25.6198347107438,57.85123966942148,48.760330578512395,9.090909090909092
E00110404,250,89,30,59,161,135,26,35.6,12,23.599999999999998,64.4,54,10.4
E00110405,118,37,11,26,81,73,8,31.35593220338983,9.322033898305085,22.033898305084744,68.64406779661016,61.86440677966102,6.779661016949152
E00110406,122,40,18,22,82,68,14,32.78688524590164,14.754098360655737,18.0327868852459,67.21311475409836,55.73770491803278,11.475409836065573
E00110407,131,49,19,30,82,62,20,37.404580152671755,14.50381679389313,22.900763358778626,62.59541984732825,47.32824427480916,15.267175572519085
E00110409,76,28,12,16,48,40,8,36.84210526315789,15.789473684210526,21.052631578947366,63.1578947368421,52.63157894736842,10.526315789473683
E00110410,103,39,11,28,64,56,8,37.86407766990291,10.679611650485436,27.184466019417474,62.13592233009708,54.36893203883495,7.766990291262135
E00110411,116,46,21,25,70,64,6,39.6551724137931,18.103448275862068,21.551724137931032,60.3448275862069,55.172413793103445,5.172413793103448
E00110412,128,51,15,36,77,64,13,39.84375,11.71875,28.125,60.15625,50,10.15625
E00110413,101,40,13,27,61,41,20,39.603960396039604,12.871287128712872,26.732673267326735,60.396039603960396,40.5940594059406,19.801980198019802
E00110414,161,56,16,40,105,94,11,34.78260869565217,9.937888198757763,24.84472049689441,65.21739130434783,58.38509316770186,6.832298136645963
E00110415,103,37,11,26,66,56,10,35.92233009708738,10.679611650485436,25.24271844660194,64.07766990291263,54.36893203883495,9.70873786407767
E00110416,107,42,18,24,65,48,17,39.25233644859813,16.822429906542055,22.429906542056074,60.747663551401864,44.85981308411215,15.887850467289718
E00110417,90,39,21,18,51,41,10,43.333333333333336,23.333333333333332,20,56.666666666666664,45.55555555555556,11.11111111111111
E00110418,124,37,16,21,87,64,23,29.838709677419356,12.903225806451612,16.93548387096774,70.16129032258065,51.61290322580645,18.548387096774192
E00110419,154,51,19,32,103,92,11,33.116883116883116,12.337662337662337,20.77922077922078,66.88311688311688,59.74025974025974,7.142857142857142
E00110420,118,34,12,22,84,65,19,28.8135593220339,10.16949152542373,18.64406779661017,71.1864406779661,55.08474576271186,16.101694915254235
E00110421,144,45,19,26,99,76,23,31.25,13.194444444444445,18.055555555555554,68.75,52.77777777777778,15.972222222222221
E00110422,166,42,18,24,124,110,14,25.301204819277107,10.843373493975903,14.457831325301203,74.69879518072288,66.26506024096386,8.433734939759036
E00110423,186,57,17,40,129,102,27,30.64516129032258,9.13978494623656,21.50537634408602,69.35483870967742,54.83870967741935,14.516129032258066
E00110425,185,59,22,37,126,102,24,31.891891891891895,11.891891891891893,20,68.10810810810811,55.13513513513514,12.972972972972974
E00110426,163,54,22,32,109,82,27,33.12883435582822,13.496932515337424,19.631901840490798,66.87116564417178,50.306748466257666,16.56441717791411
E00110427,121,37,17,20,84,74,10,30.57851239669421,14.049586776859504,16.528925619834713,69.42148760330579,61.15702479338842,8.264462809917356
E00110428,159,42,13,29,117,94,23,26.41509433962264,8.176100628930817,18.238993710691823,73.58490566037736,59.11949685534591,14.465408805031446
E00176365,254,73,23,50,181,153,28,28.74015748031496,9.05511811023622,19.68503937007874,71.25984251968504,60.23622047244095,11.023622047244094
E00176366,139,32,10,22,107,85,22,23.021582733812952,7.1942446043165464,15.827338129496402,76.97841726618705,61.15107913669065,15.827338129496402
E00176367,205,38,8,30,167,152,15,18.536585365853657,3.902439024390244,14.634146341463413,81.46341463414633,74.14634146341463,7.317073170731707
E00176368,158,32,9,23,126,105,21,20.253164556962027,5.69620253164557,14.556962025316455,79.74683544303798,66.45569620253164,13.291139240506327
E00176369,263,49,19,30,214,189,25,18.631178707224336,7.224334600760455,11.406844106463879,81.36882129277566,71.86311787072243,9.505703422053232
E00176370,180,56,26,30,124,96,28,31.11111111111111,14.444444444444443,16.666666666666664,68.88888888888889,53.333333333333336,15.555555555555555
E00176371,74,24,12,12,50,38,12,32.432432432432435,16.216216216216218,16.216216216216218,67.56756756756756,51.35135135135135,16.216216216216218
E00176372,174,54,14,40,120,104,16,31.03448275862069,8.045977011494253,22.988505747126435,68.96551724137932,59.77011494252874,9.195402298850574
E00176373,102,38,8,30,64,60,4,37.254901960784316,7.8431372549019605,29.411764705882355,62.745098039215684,58.82352941176471,3.9215686274509802
E00176374,80,21,5,16,59,48,11,26.25,6.25,20,73.75,60,13.750000000000002
E00176375,156,51,14,37,105,89,16,32.69230769230769,8.974358974358974,23.717948717948715,67.3076923076923,57.05128205128205,10.256410256410255
E00176376,89,21,9,12,68,57,11,23.595505617977526,10.112359550561797,13.48314606741573,76.40449438202246,64.04494382022472,12.359550561797752
E00176377,118,36,8,28,82,64,18,30.508474576271187,6.779661016949152,23.728813559322035,69.49152542372882,54.23728813559322,15.254237288135593
E00176378,161,40,12,28,121,107,14,24.84472049689441,7.453416149068323,17.391304347826086,75.15527950310559,66.45962732919256,8.695652173913043
E00176379,92,20,9,11,72,58,14,21.73913043478261,9.782608695652174,11.956521739130435,78.26086956521739,63.04347826086957,15.217391304347828
E00176380,87,28,9,19,59,47,12,32.18390804597701,10.344827586206897,21.839080459770116,67.81609195402298,54.02298850574713,13.793103448275861
E00176381,169,46,18,28,123,93,30,27.218934911242602,10.650887573964498,16.56804733727811,72.7810650887574,55.02958579881657,17.75147928994083
E00176382,174,49,20,29,125,107,18,28.160919540229884,11.494252873563218,16.666666666666664,71.83908045977012,61.49425287356321,10.344827586206897
E00176383,210,39,13,26,171,135,36,18.571428571428573,6.190476190476191,12.380952380952381,81.42857142857143,64.28571428571429,17.142857142857142
E00176384,101,28,8,20,73,62,11,27.722772277227726,7.920792079207921,19.801980198019802,72.27722772277228,61.386138613861384,10.891089108910892
E00176385,88,17,8,9,71,63,8,19.318181818181817,9.090909090909092,10.227272727272728,80.68181818181817,71.5909090909091,9.090909090909092
E00176386,106,21,6,15,85,77,8,19.81132075471698,5.660377358490567,14.150943396226415,80.18867924528303,72.64150943396226,7.547169811320755
E00176387,89,48,23,25,41,41,0,53.93258426966292,25.842696629213485,28.08988764044944,46.06741573033708,46.06741573033708,0
E00176388,202,58,18,40,144,125,19,28.71287128712871,8.91089108910891,19.801980198019802,71.28712871287128,61.88118811881188,9.405940594059405
E00176390,270,55,16,39,215,185,30,20.37037037037037,5.9259259259259265,14.444444444444443,79.62962962962963,68.51851851851852,11.11111111111111
E00176391,173,47,14,33,126,103,23,27.167630057803464,8.092485549132949,19.07514450867052,72.83236994219652,59.53757225433526,13.294797687861271
E00176392,324,84,26,58,240,205,35,25.925925925925924,8.024691358024691,17.901234567901234,74.07407407407408,63.27160493827161,10.802469135802468
E00176394,48,7,0,7,41,26,15,14.583333333333334,0,14.583333333333334,85.41666666666666,54.166666666666664,31.25
E00176395,135,45,10,35,90,72,18,33.33333333333333,7.4074074074074066,25.925925925925924,66.66666666666666,53.333333333333336,13.333333333333334
E00176396,131,24,11,13,107,88,19,18.3206106870229,8.396946564885496,9.923664122137405,81.67938931297711,67.17557251908397,14.50381679389313
E00176397,116,41,15,26,75,62,13,35.3448275862069,12.931034482758621,22.413793103448278,64.65517241379311,53.44827586206896,11.206896551724139
E00176398,163,50,12,38,113,94,19,30.67484662576687,7.361963190184049,23.31288343558282,69.32515337423312,57.668711656441715,11.65644171779141
E00176399,178,41,12,29,137,123,14,23.03370786516854,6.741573033707865,16.292134831460675,76.96629213483146,69.10112359550563,7.865168539325842
E00176400,156,36,10,26,120,95,25,23.076923076923077,6.41025641025641,16.666666666666664,76.92307692307693,60.89743589743589,16.025641025641026
E00176401,190,66,27,39,124,97,27,34.73684210526316,14.210526315789473,20.526315789473685,65.26315789473685,51.05263157894737,14.210526315789473
E00176402,170,30,7,23,140,124,16,17.647058823529413,4.117647058823529,13.529411764705882,82.35294117647058,72.94117647058823,9.411764705882353
E00176403,120,37,10,27,83,60,23,30.833333333333336,8.333333333333332,22.5,69.16666666666667,50,19.166666666666668
E00176404,111,29,10,19,82,66,16,26.126126126126124,9.00900900900901,17.117117117117118,73.87387387387388,59.45945945945946,14.414414414414415
E00176405,87,19,7,12,68,55,13,21.839080459770116,8.045977011494253,13.793103448275861,78.16091954022988,63.2183908045977,14.942528735632186
E00176406,209,53,25,28,156,130,26,25.358851674641148,11.961722488038278,13.397129186602871,74.64114832535886,62.20095693779905,12.440191387559809
E00176407,160,31,7,24,129,109,20,19.375,4.375,15,80.625,68.125,12.5
E00176409,225,62,20,42,163,148,15,27.555555555555557,8.88888888888889,18.666666666666668,72.44444444444444,65.77777777777779,6.666666666666667
E00176410,190,53,19,34,137,109,28,27.89473684210526,10,17.894736842105264,72.10526315789474,57.36842105263158,14.736842105263156
E00176411,198,61,25,36,137,116,21,30.808080808080806,12.626262626262626,18.181818181818183,69.1919191919192,58.58585858585859,10.606060606060606
E00176412,154,54,13,41,100,81,19,35.064935064935064,8.441558441558442,26.623376623376622,64.93506493506493,52.5974025974026,12.337662337662337
E00176413,193,55,19,36,138,114,24,28.497409326424872,9.844559585492227,18.65284974093264,71.50259067357513,59.067357512953365,12.435233160621761
E00176414,221,58,23,35,163,141,22,26.244343891402718,10.407239819004525,15.837104072398189,73.7556561085973,63.80090497737556,9.95475113122172
E00176415,175,39,16,23,136,113,23,22.285714285714285,9.142857142857142,13.142857142857142,77.71428571428571,64.57142857142857,13.142857142857142
E00176416,190,36,11,25,154,132,22,18.947368421052634,5.7894736842105265,13.157894736842104,81.05263157894737,69.47368421052632,11.578947368421053
E00176418,95,36,15,21,59,47,12,37.89473684210527,15.789473684210526,22.105263157894736,62.10526315789474,49.473684210526315,12.631578947368421
E00176419,85,33,11,22,52,49,3,38.82352941176471,12.941176470588237,25.882352941176475,61.1764705882353,57.647058823529406,3.5294117647058822
E00176420,126,51,26,25,75,66,9,40.476190476190474,20.634920634920633,19.841269841269842,59.523809523809526,52.38095238095239,7.142857142857142
E00176421,109,64,30,34,45,39,6,58.71559633027523,27.522935779816514,31.19266055045872,41.284403669724774,35.77981651376147,5.5045871559633035
E00176423,126,36,13,23,90,79,11,28.57142857142857,10.317460317460316,18.253968253968253,71.42857142857143,62.698412698412696,8.73015873015873
E00176424,165,45,17,28,120,108,12,27.27272727272727,10.303030303030303,16.969696969696972,72.72727272727273,65.45454545454545,7.2727272727272725
E00176425,103,18,4,14,85,76,9,17.475728155339805,3.8834951456310676,13.592233009708737,82.52427184466019,73.7864077669903,8.737864077669903
E00176426,87,25,10,15,62,55,7,28.735632183908045,11.494252873563218,17.24137931034483,71.26436781609196,63.2183908045977,8.045977011494253
E00176427,185,36,16,20,149,125,24,19.45945945945946,8.64864864864865,10.81081081081081,80.54054054054053,67.56756756756756,12.972972972972974
E00176428,195,46,10,36,149,119,30,23.589743589743588,5.128205128205128,18.461538461538463,76.41025641025641,61.02564102564103,15.384615384615385
E00176429,150,47,11,36,103,99,4,31.333333333333336,7.333333333333333,24,68.66666666666667,66,2.666666666666667
E00176430,124,36,17,19,88,74,14,29.03225806451613,13.709677419354838,15.32258064516129,70.96774193548387,59.67741935483871,11.29032258064516
E00176431,144,47,14,33,97,88,9,32.63888888888889,9.722222222222223,22.916666666666664,67.36111111111111,61.111111111111114,6.25
E00176432,76,25,11,14,51,44,7,32.89473684210527,14.473684210526317,18.421052631578945,67.10526315789474,57.89473684210527,9.210526315789473
E00176433,96,32,5,27,64,57,7,33.33333333333333,5.208333333333334,28.125,66.66666666666666,59.375,7.291666666666667
E00176434,155,60,19,41,95,83,12,38.70967741935484,12.258064516129032,26.451612903225808,61.29032258064516,53.5483870967742,7.741935483870968
E00176435,114,38,16,22,76,63,13,33.33333333333333,14.035087719298245,19.298245614035086,66.66666666666666,55.26315789473685,11.403508771929824
E00176436,209,51,19,32,158,135,23,24.401913875598087,9.090909090909092,15.311004784688995,75.5980861244019,64.5933014354067,11.004784688995215
E00176437,84,24,11,13,60,44,16,28.57142857142857,13.095238095238097,15.476190476190476,71.42857142857143,52.38095238095239,19.047619047619047
E00176438,97,32,13,19,65,58,7,32.98969072164948,13.402061855670103,19.587628865979383,67.0103092783505,59.79381443298969,7.216494845360824
E00176439,169,50,19,31,119,101,18,29.585798816568047,11.242603550295858,18.34319526627219,70.41420118343196,59.76331360946746,10.650887573964498
E00176440,170,37,18,19,133,110,23,21.764705882352942,10.588235294117647,11.176470588235295,78.23529411764706,64.70588235294117,13.529411764705882
E00176442,119,44,14,30,75,64,11,36.97478991596639,11.76470588235294,25.210084033613445,63.02521008403361,53.78151260504202,9.243697478991598
E00176443,115,42,11,31,73,59,14,36.52173913043478,9.565217391304348,26.956521739130434,63.47826086956522,51.30434782608696,12.173913043478262
E00176445,230,70,31,39,160,133,27,30.434782608695656,13.478260869565217,16.956521739130434,69.56521739130434,57.826086956521735,11.73913043478261
E00176446,111,37,10,27,74,66,8,33.33333333333333,9.00900900900901,24.324324324324326,66.66666666666666,59.45945945945946,7.207207207207207
E00176447,95,33,10,23,62,51,11,34.73684210526316,10.526315789473683,24.210526315789473,65.26315789473685,53.68421052631579,11.578947368421053
E00176448,149,46,16,30,103,70,33,30.87248322147651,10.738255033557047,20.13422818791946,69.12751677852349,46.97986577181208,22.14765100671141
E00176449,104,26,12,14,78,66,12,25,11.538461538461538,13.461538461538462,75,63.46153846153846,11.538461538461538
E00176450,78,29,9,20,49,38,11,37.17948717948718,11.538461538461538,25.64102564102564,62.82051282051282,48.717948717948715,14.102564102564102
E00176451,155,44,17,27,111,91,20,28.387096774193548,10.967741935483872,17.419354838709676,71.61290322580646,58.70967741935483,12.903225806451612
E00176452,186,60,22,38,126,104,22,32.25806451612903,11.827956989247312,20.43010752688172,67.74193548387096,55.91397849462365,11.827956989247312
E00176453,182,54,23,31,128,95,33,29.67032967032967,12.637362637362637,17.032967032967033,70.32967032967034,52.197802197802204,18.13186813186813
E00176454,214,48,21,27,166,148,18,22.429906542056074,9.813084112149532,12.616822429906541,77.57009345794393,69.1588785046729,8.411214953271028
E00188018,241,171,120,51,70,61,9,70.95435684647303,49.79253112033195,21.16182572614108,29.045643153526974,25.311203319502074,3.7344398340248963
E00188020,192,57,25,32,135,114,21,29.6875,13.020833333333334,16.666666666666664,70.3125,59.375,10.9375
E00188022,221,39,18,21,182,150,32,17.647058823529413,8.144796380090497,9.502262443438914,82.35294117647058,67.87330316742081,14.479638009049776
E00188024,146,52,20,32,94,73,21,35.61643835616438,13.698630136986301,21.91780821917808,64.38356164383562,50,14.383561643835616
E00188025,202,40,16,24,162,140,22,19.801980198019802,7.920792079207921,11.881188118811881,80.19801980198021,69.3069306930693,10.891089108910892
E00188026,153,39,19,20,114,98,16,25.49019607843137,12.418300653594772,13.071895424836603,74.50980392156863,64.05228758169935,10.457516339869281
E00188030,171,58,19,39,113,95,18,33.91812865497076,11.11111111111111,22.807017543859647,66.08187134502924,55.55555555555556,10.526315789473683
E00188031,193,36,10,26,157,127,30,18.65284974093264,5.181347150259067,13.471502590673575,81.34715025906736,65.80310880829016,15.544041450777202
E00188037,130,39,15,24,91,82,9,30,11.538461538461538,18.461538461538463,70,63.07692307692307,6.923076923076923
E00188042,75,33,16,17,42,37,5,44,21.333333333333336,22.666666666666664,56.00000000000001,49.333333333333336,6.666666666666667
E00188043,257,55,16,39,202,164,38,21.40077821011673,6.22568093385214,15.17509727626459,78.59922178988327,63.81322957198443,14.785992217898833
E00188044,152,42,11,31,110,80,30,27.631578947368425,7.236842105263158,20.394736842105264,72.36842105263158,52.63157894736842,19.736842105263158
E00188046,95,26,8,18,69,60,9,27.368421052631582,8.421052631578947,18.947368421052634,72.63157894736842,63.1578947368421,9.473684210526317
E00188047,169,37,10,27,132,101,31,21.893491124260358,5.9171597633136095,15.976331360946746,78.10650887573965,59.76331360946746,18.34319526627219
E00188048,234,66,25,41,168,145,23,28.205128205128204,10.683760683760683,17.52136752136752,71.7948717948718,61.965811965811966,9.82905982905983
E00188049,150,33,7,26,117,103,14,22,4.666666666666667,17.333333333333336,78,68.66666666666667,9.333333333333334
E00188050,121,31,11,20,90,78,12,25.6198347107438,9.090909090909092,16.528925619834713,74.3801652892562,64.46280991735537,9.917355371900827
E00188054,162,53,20,33,109,91,18,32.71604938271605,12.345679012345679,20.37037037037037,67.28395061728395,56.17283950617284,11.11111111111111
E00188055,57,16,4,12,41,39,2,28.07017543859649,7.017543859649122,21.052631578947366,71.9298245614035,68.42105263157895,3.508771929824561
E00188056,189,52,18,34,137,110,27,27.513227513227513,9.523809523809524,17.989417989417987,72.4867724867725,58.201058201058196,14.285714285714285
E00188057,181,38,15,23,143,121,22,20.994475138121548,8.287292817679557,12.70718232044199,79.00552486187846,66.85082872928176,12.154696132596685
E00188058,206,62,16,46,144,116,28,30.097087378640776,7.766990291262135,22.330097087378643,69.90291262135922,56.310679611650485,13.592233009708737
E00188059,188,50,17,33,138,112,26,26.595744680851062,9.042553191489363,17.5531914893617,73.40425531914893,59.57446808510638,13.829787234042554
E00188060,187,59,27,32,128,101,27,31.550802139037433,14.43850267379679,17.11229946524064,68.44919786096256,54.01069518716578,14.43850267379679
E00188064,106,66,39,27,40,37,3,62.264150943396224,36.79245283018868,25.471698113207548,37.735849056603776,34.90566037735849,2.8301886792452833
E00188066,134,32,12,20,102,89,13,23.88059701492537,8.955223880597014,14.925373134328357,76.11940298507463,66.4179104477612,9.701492537313433
E00188071,176,32,4,28,144,129,15,18.181818181818183,2.272727272727273,15.909090909090908,81.81818181818183,73.29545454545455,8.522727272727272
E00188072,189,45,23,22,144,113,31,23.809523809523807,12.16931216931217,11.64021164021164,76.19047619047619,59.78835978835979,16.402116402116402
E00188073,191,46,19,27,145,120,25,24.083769633507853,9.947643979057592,14.136125654450263,75.91623036649214,62.82722513089005,13.089005235602095
E00188074,204,59,17,42,145,119,26,28.921568627450984,8.333333333333332,20.588235294117645,71.07843137254902,58.333333333333336,12.745098039215685
E00188075,192,27,8,19,165,138,27,14.0625,4.166666666666666,9.895833333333332,85.9375,71.875,14.0625
E00188076,125,43,12,31,82,72,10,34.4,9.6,24.8,65.60000000000001,57.599999999999994,8
E00188077,207,51,19,32,156,129,27,24.637681159420293,9.178743961352657,15.458937198067632,75.36231884057972,62.31884057971014,13.043478260869565
E00188078,76,46,29,17,30,29,1,60.526315789473685,38.15789473684211,22.36842105263158,39.473684210526315,38.15789473684211,1.3157894736842104
E00188083,57,21,13,8,36,27,9,36.84210526315789,22.807017543859647,14.035087719298245,63.1578947368421,47.368421052631575,15.789473684210526
E00188084,57,29,15,14,28,26,2,50.877192982456144,26.31578947368421,24.561403508771928,49.122807017543856,45.614035087719294,3.508771929824561
E00188085,170,43,11,32,127,100,27,25.294117647058822,6.470588235294119,18.823529411764707,74.70588235294117,58.82352941176471,15.88235294117647
E00188086,194,38,12,26,156,135,21,19.587628865979383,6.185567010309279,13.402061855670103,80.41237113402062,69.58762886597938,10.824742268041238
E00188089,75,54,34,20,21,21,0,72,45.33333333333333,26.666666666666668,28.000000000000004,28.000000000000004,0
E00188093,154,48,17,31,106,93,13,31.16883116883117,11.03896103896104,20.12987012987013,68.83116883116884,60.3896103896104,8.441558441558442
E00188095,338,75,20,55,263,200,63,22.189349112426036,5.9171597633136095,16.272189349112427,77.81065088757396,59.171597633136095,18.639053254437872
E00188098,168,46,16,30,122,109,13,27.380952380952383,9.523809523809524,17.857142857142858,72.61904761904762,64.88095238095238,7.738095238095238
E00188100,210,35,10,25,175,151,24,16.666666666666664,4.761904761904762,11.904761904761903,83.33333333333334,71.9047619047619,11.428571428571429
E00188101,137,44,8,36,93,79,14,32.11678832116788,5.839416058394161,26.277372262773724,67.88321167883211,57.66423357664233,10.218978102189782
E00188102,137,38,10,28,99,78,21,27.73722627737226,7.2992700729927,20.437956204379564,72.26277372262774,56.934306569343065,15.328467153284672
E00188105,144,31,9,22,113,88,25,21.52777777777778,6.25,15.277777777777779,78.47222222222221,61.111111111111114,17.36111111111111
E00188107,166,43,17,26,123,99,24,25.903614457831324,10.240963855421686,15.66265060240964,74.09638554216868,59.63855421686747,14.457831325301203
E00188108,161,32,9,23,129,94,35,19.875776397515526,5.590062111801243,14.285714285714285,80.12422360248446,58.38509316770186,21.73913043478261
E00188110,175,38,10,28,137,126,11,21.714285714285715,5.714285714285714,16,78.28571428571428,72,6.2857142857142865
E00188111,162,42,19,23,120,105,15,25.925925925925924,11.728395061728394,14.19753086419753,74.07407407407408,64.81481481481481,9.25925925925926
E00188113,200,56,20,36,144,119,25,28.000000000000004,10,18,72,59.5,12.5
E00188114,184,55,19,36,129,112,17,29.891304347826086,10.326086956521738,19.565217391304348,70.1086956521739,60.86956521739131,9.239130434782608
E00188120,228,58,16,42,170,131,39,25.438596491228072,7.017543859649122,18.421052631578945,74.56140350877193,57.45614035087719,17.105263157894736
E00188121,133,43,12,31,90,75,15,32.33082706766917,9.022556390977442,23.308270676691727,67.66917293233082,56.390977443609025,11.278195488721805
E00188123,142,30,9,21,112,93,19,21.12676056338028,6.338028169014084,14.788732394366196,78.87323943661971,65.49295774647888,13.380281690140844
E00188128,161,40,12,28,121,92,29,24.84472049689441,7.453416149068323,17.391304347826086,75.15527950310559,57.14285714285714,18.012422360248447
E00188129,173,19,6,13,154,135,19,10.982658959537572,3.4682080924855487,7.514450867052023,89.01734104046243,78.03468208092485,10.982658959537572
E00188131,179,63,25,38,116,99,17,35.19553072625698,13.966480446927374,21.22905027932961,64.80446927374301,55.3072625698324,9.497206703910614
E00188132,184,45,12,33,139,116,23,24.456521739130434,6.521739130434782,17.934782608695652,75.54347826086956,63.04347826086957,12.5
E00188133,157,38,6,32,119,106,13,24.203821656050955,3.821656050955414,20.382165605095544,75.79617834394905,67.51592356687898,8.280254777070063
E00188136,189,55,26,29,134,100,34,29.100529100529098,13.756613756613756,15.343915343915343,70.8994708994709,52.910052910052904,17.989417989417987
E00188138,133,45,13,32,88,66,22,33.83458646616541,9.774436090225564,24.06015037593985,66.16541353383458,49.62406015037594,16.541353383458645
E00188141,154,50,15,35,104,90,14,32.467532467532465,9.740259740259742,22.727272727272727,67.53246753246754,58.44155844155844,9.090909090909092
E00188143,205,34,14,20,171,141,30,16.585365853658537,6.829268292682928,9.75609756097561,83.41463414634146,68.78048780487805,14.634146341463413
E00188144,178,54,12,42,124,105,19,30.337078651685395,6.741573033707865,23.595505617977526,69.66292134831461,58.98876404494382,10.674157303370785
E00188148,199,58,15,43,141,108,33,29.145728643216078,7.537688442211055,21.608040201005025,70.85427135678391,54.2713567839196,16.582914572864322
E00188150,142,41,13,28,101,88,13,28.87323943661972,9.15492957746479,19.718309859154928,71.12676056338029,61.97183098591549,9.15492957746479
E00188152,172,43,14,29,129,117,12,25,8.13953488372093,16.86046511627907,75,68.02325581395348,6.976744186046512
E00188153,205,30,11,19,175,135,40,14.634146341463413,5.365853658536586,9.268292682926829,85.36585365853658,65.85365853658537,19.51219512195122
E00188156,142,50,18,32,92,81,11,35.2112676056338,12.676056338028168,22.535211267605636,64.7887323943662,57.04225352112676,7.746478873239436
E00188159,78,23,13,10,55,50,5,29.48717948717949,16.666666666666664,12.82051282051282,70.51282051282051,64.1025641025641,6.41025641025641
E00188160,160,47,9,38,113,92,21,29.375,5.625,23.75,70.625,57.49999999999999,13.125
E00188162,134,44,11,33,90,72,18,32.83582089552239,8.208955223880597,24.62686567164179,67.16417910447761,53.73134328358209,13.432835820895523
E00188164,148,39,15,24,109,96,13,26.351351351351347,10.135135135135135,16.216216216216218,73.64864864864865,64.86486486486487,8.783783783783784
E00188168,139,33,16,17,106,95,11,23.741007194244602,11.510791366906476,12.23021582733813,76.2589928057554,68.34532374100719,7.913669064748201
