OA,ts0590001,ts0590002,ts0590003,ts0590004,ts0590005,ts0590006,ts0590007,ts0590002_PCT,ts0590003_PCT,ts0590004_PCT,ts0590005_PCT,ts0590006_PCT,ts0590007_PCT
E00119782,142,46,22,24,96,80,16,32.3943661971831,15.492957746478872,16.901408450704224,67.6056338028169,56.33802816901409,11.267605633802818
E00119783,164,52,16,36,112,90,22,31.70731707317073,9.75609756097561,21.951219512195124,68.29268292682927,54.87804878048781,13.414634146341465
E00119784,136,39,20,19,97,73,24,28.676470588235293,14.705882352941178,13.970588235294118,71.32352941176471,53.67647058823529,17.647058823529413
E00119785,158,38,11,27,120,97,23,24.050632911392405,6.962025316455696,17.088607594936708,75.9493670886076,61.39240506329114,14.556962025316455
E00119786,154,51,21,30,103,80,23,33.116883116883116,13.636363636363635,19.480519480519483,66.88311688311688,51.94805194805194,14.935064935064934
E00119787,147,49,21,28,98,75,23,33.33333333333333,14.285714285714285,19.047619047619047,66.66666666666666,51.02040816326531,15.646258503401361
E00119788,142,48,25,23,94,76,18,33.80281690140845,17.6056338028169,16.19718309859155,66.19718309859155,53.52112676056338,12.676056338028168
E00119789,160,67,27,40,93,72,21,41.875,16.875,25,58.12500000000001,45,13.125
E00119790,119,40,18,22,79,59,20,33.61344537815126,15.126050420168067,18.487394957983195,66.38655462184873,49.57983193277311,16.80672268907563
E00119791,251,78,29,49,173,146,27,31.07569721115538,11.553784860557768,19.52191235059761,68.92430278884463,58.16733067729084,10.756972111553784
E00119792,185,56,24,32,129,115,14,30.270270270270274,12.972972972972974,17.2972972972973,69.72972972972973,62.16216216216216,7.567567567567568
E00119793,159,51,19,32,108,95,13,32.075471698113205,11.949685534591195,20.125786163522015,67.9245283018868,59.74842767295597,8.176100628930817
E00119794,160,33,13,20,127,108,19,20.625,8.125,12.5,79.375,67.5,11.875
E00119795,155,46,12,34,109,94,15,29.677419354838708,7.741935483870968,21.935483870967744,70.3225806451613,60.64516129032258,9.67741935483871
E00119796,215,56,17,39,159,125,34,26.046511627906977,7.906976744186046,18.13953488372093,73.95348837209302,58.139534883720934,15.813953488372093
E00119797,179,43,13,30,136,120,16,24.022346368715084,7.262569832402235,16.75977653631285,75.97765363128491,67.0391061452514,8.938547486033519
E00119798,158,51,16,35,107,88,19,32.278481012658226,10.126582278481013,22.151898734177212,67.72151898734177,55.69620253164557,12.025316455696203
E00119799,191,50,19,31,141,116,25,26.17801047120419,9.947643979057592,16.230366492146597,73.82198952879581,60.73298429319372,13.089005235602095
E00119800,155,44,14,30,111,97,14,28.387096774193548,9.032258064516128,19.35483870967742,71.61290322580646,62.58064516129033,9.032258064516128
E00119801,221,74,25,49,147,130,17,33.4841628959276,11.312217194570136,22.171945701357465,66.51583710407239,58.82352941176471,7.6923076923076925
E00119802,170,49,17,32,121,102,19,28.823529411764703,10,18.823529411764707,71.17647058823529,60,11.176470588235295
E00119803,169,52,11,41,117,99,18,30.76923076923077,6.508875739644971,24.2603550295858,69.23076923076923,58.57988165680473,10.650887573964498
E00119804,157,57,19,38,100,87,13,36.30573248407643,12.101910828025478,24.203821656050955,63.69426751592356,55.4140127388535,8.280254777070063
E00119805,193,51,18,33,142,123,19,26.42487046632124,9.32642487046632,17.098445595854923,73.57512953367875,63.730569948186535,9.844559585492227
E00119806,190,59,21,38,131,113,18,31.05263157894737,11.052631578947368,20,68.94736842105263,59.473684210526315,9.473684210526317
E00119807,45,17,6,11,28,25,3,37.77777777777778,13.333333333333334,24.444444444444443,62.22222222222222,55.55555555555556,6.666666666666667
E00119808,114,20,5,15,94,85,9,17.543859649122805,4.385964912280701,13.157894736842104,82.45614035087719,74.56140350877193,7.894736842105263
E00119809,130,48,19,29,82,70,12,36.92307692307693,14.615384615384617,22.30769230769231,63.07692307692307,53.84615384615385,9.230769230769232
E00119810,157,51,15,36,106,89,17,32.48407643312102,9.554140127388536,22.929936305732486,67.51592356687898,56.68789808917197,10.828025477707007
E00119811,138,40,11,29,98,90,8,28.985507246376812,7.971014492753622,21.014492753623188,71.01449275362319,65.21739130434783,5.797101449275362
E00119812,174,64,24,40,110,96,14,36.7816091954023,13.793103448275861,22.988505747126435,63.2183908045977,55.172413793103445,8.045977011494253
E00119813,135,46,14,32,89,75,14,34.074074074074076,10.37037037037037,23.703703703703706,65.92592592592592,55.55555555555556,10.37037037037037
E00119814,151,58,19,39,93,76,17,38.41059602649007,12.582781456953644,25.82781456953642,61.58940397350994,50.331125827814574,11.258278145695364
E00119815,248,72,22,50,176,149,27,29.03225806451613,8.870967741935484,20.161290322580644,70.96774193548387,60.08064516129033,10.887096774193548
E00119816,176,35,16,19,141,114,27,19.886363636363637,9.090909090909092,10.795454545454545,80.11363636363636,64.77272727272727,15.340909090909092
E00119817,239,67,29,38,172,133,39,28.03347280334728,12.133891213389122,15.899581589958158,71.96652719665272,55.64853556485355,16.317991631799163
E00119818,153,42,12,30,111,100,11,27.450980392156865,7.8431372549019605,19.607843137254903,72.54901960784314,65.359477124183,7.18954248366013
E00119819,160,43,17,26,117,104,13,26.875,10.625,16.25,73.125,65,8.125
E00119820,153,43,15,28,110,93,17,28.104575163398692,9.803921568627452,18.30065359477124,71.89542483660131,60.78431372549019,11.11111111111111
E00119821,224,52,18,34,172,146,26,23.214285714285715,8.035714285714286,15.178571428571427,76.78571428571429,65.17857142857143,11.607142857142858
E00119822,109,35,8,27,74,69,5,32.11009174311927,7.339449541284404,24.770642201834864,67.88990825688074,63.30275229357798,4.587155963302752
E00119823,97,25,9,16,72,62,10,25.773195876288657,9.278350515463918,16.49484536082474,74.22680412371135,63.91752577319587,10.309278350515463
E00119824,150,48,13,35,102,86,16,32,8.666666666666668,23.333333333333332,68,57.333333333333336,10.666666666666668
E00119825,200,61,26,35,139,113,26,30.5,13,17.5,69.5,56.49999999999999,13
E00119826,74,29,11,18,45,40,5,39.189189189189186,14.864864864864865,24.324324324324326,60.810810810810814,54.054054054054056,6.756756756756757
E00119827,154,32,10,22,122,105,17,20.77922077922078,6.493506493506493,14.285714285714285,79.22077922077922,68.18181818181817,11.03896103896104
E00119828,160,62,27,35,98,79,19,38.75,16.875,21.875,61.25000000000001,49.375,11.875
E00119829,164,46,19,27,118,103,15,28.04878048780488,11.585365853658537,16.463414634146343,71.95121951219512,62.80487804878049,9.146341463414634
E00119830,175,53,17,36,122,96,26,30.28571428571429,9.714285714285714,20.57142857142857,69.71428571428572,54.85714285714286,14.857142857142858
E00119831,146,39,14,25,107,91,16,26.71232876712329,9.58904109589041,17.123287671232877,73.28767123287672,62.328767123287676,10.95890410958904
E00119832,189,50,15,35,139,113,26,26.455026455026452,7.936507936507936,18.51851851851852,73.54497354497354,59.78835978835979,13.756613756613756
E00119833,126,46,13,33,80,66,14,36.507936507936506,10.317460317460316,26.190476190476193,63.49206349206349,52.38095238095239,11.11111111111111
E00119834,175,57,18,39,118,88,30,32.57142857142858,10.285714285714285,22.285714285714285,67.42857142857143,50.28571428571429,17.142857142857142
E00119835,125,31,15,16,94,75,19,24.8,12,12.8,75.2,60,15.2
E00119836,158,36,12,24,122,108,14,22.78481012658228,7.59493670886076,15.18987341772152,77.21518987341773,68.35443037974683,8.860759493670885
E00119837,190,74,34,40,116,88,28,38.94736842105263,17.894736842105264,21.052631578947366,61.05263157894737,46.31578947368421,14.736842105263156
E00119838,105,36,17,19,69,61,8,34.285714285714285,16.19047619047619,18.095238095238095,65.71428571428571,58.0952380952381,7.6190476190476195
E00119839,107,29,10,19,78,70,8,27.102803738317753,9.345794392523365,17.75700934579439,72.89719626168224,65.42056074766354,7.476635514018691
E00119840,134,34,11,23,100,84,16,25.37313432835821,8.208955223880597,17.16417910447761,74.6268656716418,62.68656716417911,11.940298507462686
E00119841,205,66,24,42,139,109,30,32.19512195121951,11.707317073170733,20.48780487804878,67.8048780487805,53.170731707317074,14.634146341463413
E00119842,221,54,16,38,167,132,35,24.43438914027149,7.239819004524888,17.194570135746606,75.56561085972851,59.72850678733032,15.837104072398189
E00119843,146,44,18,26,102,73,29,30.136986301369863,12.32876712328767,17.80821917808219,69.86301369863014,50,19.863013698630137
E00119844,163,46,28,18,117,84,33,28.22085889570552,17.177914110429448,11.042944785276074,71.77914110429448,51.533742331288344,20.245398773006134
E00119845,91,32,16,16,59,42,17,35.16483516483517,17.582417582417584,17.582417582417584,64.83516483516483,46.15384615384615,18.681318681318682
E00119846,69,27,15,12,42,21,21,39.130434782608695,21.73913043478261,17.391304347826086,60.86956521739131,30.434782608695656,30.434782608695656
E00119847,166,55,16,39,111,74,37,33.13253012048193,9.63855421686747,23.49397590361446,66.86746987951807,44.57831325301205,22.289156626506024
E00119848,165,55,26,29,110,70,40,33.33333333333333,15.757575757575756,17.575757575757574,66.66666666666666,42.42424242424242,24.242424242424242
E00119849,77,25,11,14,52,48,4,32.467532467532465,14.285714285714285,18.181818181818183,67.53246753246754,62.33766233766234,5.194805194805195
E00119850,68,26,6,20,42,35,7,38.23529411764706,8.823529411764707,29.411764705882355,61.76470588235294,51.470588235294116,10.294117647058822
E00119853,313,68,25,43,245,220,25,21.72523961661342,7.987220447284344,13.738019169329075,78.27476038338658,70.28753993610223,7.987220447284344
E00119854,101,36,19,17,65,55,10,35.64356435643564,18.81188118811881,16.831683168316832,64.35643564356435,54.45544554455446,9.900990099009901
E00119855,135,39,17,22,96,73,23,28.888888888888886,12.592592592592592,16.296296296296298,71.11111111111111,54.074074074074076,17.037037037037038
E00119857,133,47,22,25,86,73,13,35.338345864661655,16.541353383458645,18.796992481203006,64.66165413533834,54.88721804511278,9.774436090225564
E00119858,187,61,22,39,126,100,26,32.62032085561498,11.76470588235294,20.855614973262032,67.37967914438502,53.475935828877006,13.903743315508022
E00119859,161,40,18,22,121,107,14,24.84472049689441,11.180124223602485,13.664596273291925,75.15527950310559,66.45962732919256,8.695652173913043
E00119860,76,21,9,12,55,41,14,27.631578947368425,11.842105263157894,15.789473684210526,72.36842105263158,53.94736842105263,18.421052631578945
E00119861,148,30,13,17,118,110,8,20.27027027027027,8.783783783783784,11.486486486486488,79.72972972972973,74.32432432432432,5.405405405405405
E00119862,169,53,16,37,116,99,17,31.360946745562128,9.467455621301776,21.893491124260358,68.63905325443787,58.57988165680473,10.059171597633137
E00119864,156,45,12,33,111,92,19,28.846153846153843,7.6923076923076925,21.153846153846153,71.15384615384616,58.97435897435898,12.179487179487179
E00119865,307,47,15,32,260,223,37,15.309446254071663,4.88599348534202,10.423452768729643,84.69055374592834,72.63843648208469,12.052117263843648
E00119866,176,59,25,34,117,100,17,33.52272727272727,14.204545454545455,19.318181818181817,66.47727272727273,56.81818181818182,9.659090909090908
E00119867,140,31,9,22,109,93,16,22.142857142857142,6.428571428571428,15.714285714285714,77.85714285714286,66.42857142857143,11.428571428571429
E00119868,162,47,21,26,115,101,14,29.01234567901235,12.962962962962962,16.049382716049383,70.98765432098766,62.34567901234568,8.641975308641975
E00119869,154,63,18,45,91,73,18,40.909090909090914,11.688311688311687,29.22077922077922,59.09090909090909,47.4025974025974,11.688311688311687
E00119870,236,56,23,33,180,161,19,23.728813559322035,9.745762711864407,13.983050847457626,76.27118644067797,68.22033898305084,8.050847457627118
E00119871,191,57,22,35,134,114,20,29.84293193717277,11.518324607329843,18.32460732984293,70.15706806282722,59.68586387434554,10.471204188481675
E00119872,178,56,22,34,122,99,23,31.46067415730337,12.359550561797752,19.101123595505616,68.53932584269663,55.61797752808989,12.921348314606742
E00119873,154,38,18,20,116,98,18,24.675324675324674,11.688311688311687,12.987012987012985,75.32467532467533,63.63636363636363,11.688311688311687
E00119874,183,27,16,11,156,141,15,14.754098360655737,8.743169398907105,6.0109289617486334,85.24590163934425,77.04918032786885,8.19672131147541
E00119875,199,63,24,39,136,119,17,31.65829145728643,12.060301507537687,19.597989949748744,68.34170854271356,59.798994974874375,8.542713567839195
E00119876,178,47,16,31,131,108,23,26.40449438202247,8.98876404494382,17.415730337078653,73.59550561797754,60.67415730337079,12.921348314606742
E00119877,180,48,14,34,132,113,19,26.666666666666668,7.777777777777778,18.88888888888889,73.33333333333333,62.77777777777778,10.555555555555555
E00119878,150,33,18,15,117,103,14,22,12,10,78,68.66666666666667,9.333333333333334
E00119879,219,47,20,27,172,155,17,21.461187214611872,9.1324200913242,12.32876712328767,78.53881278538812,70.77625570776256,7.76255707762557
E00119880,167,36,9,27,131,98,33,21.55688622754491,5.389221556886228,16.16766467065868,78.44311377245509,58.68263473053892,19.760479041916167
E00119881,175,49,13,36,126,108,18,28.000000000000004,7.428571428571429,20.57142857142857,72,61.71428571428571,10.285714285714285
E00119882,116,28,10,18,88,76,12,24.137931034482758,8.620689655172415,15.517241379310345,75.86206896551724,65.51724137931035,10.344827586206897
E00119883,182,39,14,25,143,124,19,21.428571428571427,7.6923076923076925,13.736263736263737,78.57142857142857,68.13186813186813,10.43956043956044
E00119884,254,54,27,27,200,172,28,21.25984251968504,10.62992125984252,10.62992125984252,78.74015748031496,67.71653543307087,11.023622047244094
E00119885,138,40,16,24,98,80,18,28.985507246376812,11.594202898550725,17.391304347826086,71.01449275362319,57.971014492753625,13.043478260869565
E00119886,198,47,15,32,151,135,16,23.737373737373737,7.575757575757576,16.161616161616163,76.26262626262627,68.18181818181817,8.080808080808081
E00119887,250,91,35,56,159,134,25,36.4,14.000000000000002,22.400000000000002,63.6,53.6,10
E00119888,130,45,16,29,85,69,16,34.61538461538461,12.307692307692308,22.30769230769231,65.38461538461539,53.07692307692308,12.307692307692308
E00119889,148,42,10,32,106,85,21,28.37837837837838,6.756756756756757,21.62162162162162,71.62162162162163,57.432432432432435,14.18918918918919
E00119890,107,44,17,27,63,57,6,41.1214953271028,15.887850467289718,25.233644859813083,58.87850467289719,53.271028037383175,5.607476635514018
E00119891,136,51,19,32,85,79,6,37.5,13.970588235294118,23.52941176470588,62.5,58.08823529411765,4.411764705882353
E00119892,162,44,16,28,118,94,24,27.160493827160494,9.876543209876543,17.28395061728395,72.8395061728395,58.0246913580247,14.814814814814813
E00119893,163,51,14,37,112,96,16,31.28834355828221,8.588957055214724,22.699386503067483,68.71165644171779,58.895705521472394,9.815950920245399
E00119894,143,45,12,33,98,80,18,31.46853146853147,8.391608391608392,23.076923076923077,68.53146853146853,55.94405594405595,12.587412587412588
E00119895,141,25,10,15,116,97,19,17.73049645390071,7.092198581560284,10.638297872340425,82.26950354609929,68.79432624113475,13.47517730496454
E00119896,287,56,24,32,231,187,44,19.51219512195122,8.362369337979095,11.149825783972126,80.48780487804879,65.1567944250871,15.33101045296167
E00119897,199,42,15,27,157,134,23,21.105527638190953,7.537688442211055,13.5678391959799,78.89447236180904,67.33668341708542,11.557788944723619
E00119898,125,35,10,25,90,64,26,28.000000000000004,8,20,72,51.2,20.8
E00119899,149,48,22,26,101,79,22,32.21476510067114,14.76510067114094,17.449664429530202,67.78523489932886,53.02013422818792,14.76510067114094
E00119900,159,33,11,22,126,106,20,20.754716981132077,6.918238993710692,13.836477987421384,79.24528301886792,66.66666666666666,12.578616352201259
E00119901,174,36,9,27,138,121,17,20.689655172413794,5.172413793103448,15.517241379310345,79.3103448275862,69.54022988505747,9.770114942528735
E00119902,158,46,23,23,112,84,28,29.11392405063291,14.556962025316455,14.556962025316455,70.88607594936708,53.16455696202531,17.72151898734177
E00119903,149,33,14,19,116,103,13,22.14765100671141,9.395973154362416,12.751677852348994,77.85234899328859,69.12751677852349,8.724832214765101
E00119904,201,57,18,39,144,126,18,28.35820895522388,8.955223880597014,19.402985074626866,71.64179104477611,62.68656716417911,8.955223880597014
E00119905,150,55,13,42,95,90,5,36.666666666666664,8.666666666666668,28.000000000000004,63.33333333333333,60,3.3333333333333335
E00119906,212,51,13,38,161,138,23,24.056603773584907,6.132075471698113,17.92452830188679,75.94339622641509,65.09433962264151,10.849056603773585
E00119907,117,39,14,25,78,66,12,33.33333333333333,11.965811965811966,21.367521367521366,66.66666666666666,56.41025641025641,10.256410256410255
E00119908,174,54,17,37,120,94,26,31.03448275862069,9.770114942528735,21.26436781609195,68.96551724137932,54.02298850574713,14.942528735632186
E00119909,155,46,15,31,109,84,25,29.677419354838708,9.67741935483871,20,70.3225806451613,54.19354838709678,16.129032258064516
E00119910,175,62,18,44,113,96,17,35.42857142857142,10.285714285714285,25.142857142857146,64.57142857142857,54.85714285714286,9.714285714285714
E00119911,218,63,22,41,155,142,13,28.899082568807337,10.091743119266056,18.807339449541285,71.10091743119266,65.13761467889908,5.963302752293578
E00119912,151,27,12,15,124,112,12,17.880794701986755,7.9470198675496695,9.933774834437086,82.11920529801324,74.17218543046357,7.9470198675496695
E00119913,102,36,15,21,66,57,9,35.294117647058826,14.705882352941178,20.588235294117645,64.70588235294117,55.88235294117647,8.823529411764707
E00119914,153,37,12,25,116,94,22,24.183006535947712,7.8431372549019605,16.33986928104575,75.81699346405229,61.43790849673203,14.37908496732026
E00119915,169,66,24,42,103,86,17,39.053254437869825,14.201183431952662,24.85207100591716,60.946745562130175,50.887573964497044,10.059171597633137
E00119916,193,57,23,34,136,121,15,29.533678756476682,11.917098445595855,17.616580310880828,70.46632124352331,62.69430051813472,7.772020725388601
E00119917,135,37,11,26,98,83,15,27.40740740740741,8.148148148148149,19.25925925925926,72.5925925925926,61.48148148148148,11.11111111111111
E00119918,136,37,11,26,99,82,17,27.205882352941174,8.088235294117647,19.11764705882353,72.79411764705883,60.29411764705882,12.5
E00119919,164,49,12,37,115,103,12,29.878048780487802,7.317073170731707,22.5609756097561,70.1219512195122,62.80487804878049,7.317073170731707
E00119920,83,33,13,20,50,40,10,39.75903614457831,15.66265060240964,24.096385542168676,60.24096385542169,48.19277108433735,12.048192771084338
E00119921,165,56,18,38,109,95,14,33.939393939393945,10.909090909090908,23.03030303030303,66.06060606060606,57.57575757575758,8.484848484848486
E00119922,139,51,15,36,88,73,15,36.69064748201439,10.79136690647482,25.899280575539567,63.30935251798561,52.51798561151079,10.79136690647482
E00119923,73,16,7,9,57,50,7,21.91780821917808,9.58904109589041,12.32876712328767,78.08219178082192,68.4931506849315,9.58904109589041
E00119924,104,33,11,22,71,63,8,31.73076923076923,10.576923076923077,21.153846153846153,68.26923076923077,60.57692307692307,7.6923076923076925
E00119925,120,40,13,27,80,71,9,33.33333333333333,10.833333333333334,22.5,66.66666666666666,59.166666666666664,7.5
E00119926,186,66,13,53,120,102,18,35.483870967741936,6.989247311827956,28.49462365591398,64.51612903225806,54.83870967741935,9.67741935483871
E00119927,235,45,10,35,190,157,33,19.148936170212767,4.25531914893617,14.893617021276595,80.85106382978722,66.80851063829788,14.042553191489363
E00119928,165,38,11,27,127,96,31,23.03030303030303,6.666666666666667,16.363636363636363,76.96969696969697,58.18181818181818,18.787878787878785
E00119930,149,51,28,23,98,83,15,34.22818791946309,18.79194630872483,15.436241610738255,65.77181208053692,55.70469798657718,10.06711409395973
E00119931,175,44,12,32,131,99,32,25.142857142857146,6.857142857142858,18.285714285714285,74.85714285714286,56.57142857142857,18.285714285714285
E00119933,144,42,20,22,102,77,25,29.166666666666668,13.88888888888889,15.277777777777779,70.83333333333334,53.47222222222222,17.36111111111111
E00119934,49,19,5,14,30,28,2,38.775510204081634,10.204081632653061,28.57142857142857,61.224489795918366,57.14285714285714,4.081632653061225
E00119935,136,37,18,19,99,83,16,27.205882352941174,13.23529411764706,13.970588235294118,72.79411764705883,61.029411764705884,11.76470588235294
E00119936,156,46,16,30,110,86,24,29.48717948717949,10.256410256410255,19.230769230769234,70.51282051282051,55.12820512820513,15.384615384615385
E00119937,174,54,18,36,120,106,14,31.03448275862069,10.344827586206897,20.689655172413794,68.96551724137932,60.91954022988506,8.045977011494253
E00119938,125,37,17,20,88,68,20,29.599999999999998,13.600000000000001,16,70.39999999999999,54.400000000000006,16
E00119939,208,59,19,40,149,124,25,28.365384615384613,9.134615384615383,19.230769230769234,71.63461538461539,59.61538461538461,12.01923076923077
E00119940,91,22,8,14,69,55,14,24.175824175824175,8.791208791208792,15.384615384615385,75.82417582417582,60.43956043956044,15.384615384615385
E00119941,133,34,15,19,99,82,17,25.563909774436087,11.278195488721805,14.285714285714285,74.43609022556392,61.65413533834586,12.781954887218044
E00119942,144,42,19,23,102,75,27,29.166666666666668,13.194444444444445,15.972222222222221,70.83333333333334,52.083333333333336,18.75
E00119943,174,50,27,23,124,100,24,28.735632183908045,15.517241379310345,13.218390804597702,71.26436781609196,57.47126436781609,13.793103448275861
E00119944,176,40,14,26,136,117,19,22.727272727272727,7.954545454545454,14.772727272727273,77.27272727272727,66.47727272727273,10.795454545454545
E00119945,143,44,16,28,99,91,8,30.76923076923077,11.188811188811188,19.58041958041958,69.23076923076923,63.63636363636363,5.594405594405594
E00119946,149,50,16,34,99,88,11,33.557046979865774,10.738255033557047,22.818791946308725,66.44295302013423,59.06040268456376,7.38255033557047
E00119947,146,39,22,17,107,97,10,26.71232876712329,15.068493150684931,11.643835616438356,73.28767123287672,66.43835616438356,6.8493150684931505
E00119948,131,34,6,28,97,90,7,25.954198473282442,4.580152671755725,21.374045801526716,74.04580152671755,68.70229007633588,5.343511450381679
E00119949,127,32,10,22,95,76,19,25.196850393700785,7.874015748031496,17.322834645669293,74.80314960629921,59.84251968503938,14.960629921259844
E00119950,151,47,15,32,104,86,18,31.125827814569533,9.933774834437086,21.192052980132452,68.87417218543047,56.95364238410596,11.920529801324504
E00119951,151,58,16,42,93,83,10,38.41059602649007,10.596026490066226,27.81456953642384,61.58940397350994,54.966887417218544,6.622516556291391
E00119952,178,56,19,37,122,104,18,31.46067415730337,10.674157303370785,20.786516853932586,68.53932584269663,58.42696629213483,10.112359550561797
E00119953,133,32,13,19,101,86,15,24.06015037593985,9.774436090225564,14.285714285714285,75.93984962406014,64.66165413533834,11.278195488721805
E00119954,188,53,14,39,135,116,19,28.191489361702125,7.446808510638298,20.74468085106383,71.80851063829788,61.702127659574465,10.106382978723403
E00119955,142,30,13,17,112,97,15,21.12676056338028,9.15492957746479,11.971830985915492,78.87323943661971,68.30985915492957,10.56338028169014
E00119956,192,52,24,28,140,119,21,27.083333333333332,12.5,14.583333333333334,72.91666666666666,61.979166666666664,10.9375
E00119957,106,35,10,25,71,57,14,33.0188679245283,9.433962264150944,23.58490566037736,66.98113207547169,53.77358490566038,13.20754716981132
E00119958,322,66,23,43,256,218,38,20.496894409937887,7.142857142857142,13.354037267080745,79.5031055900621,67.70186335403726,11.801242236024844
E00119959,162,33,12,21,129,117,12,20.37037037037037,7.4074074074074066,12.962962962962962,79.62962962962963,72.22222222222221,7.4074074074074066
E00119961,181,55,12,43,126,111,15,30.386740331491712,6.629834254143646,23.756906077348066,69.61325966850829,61.32596685082873,8.287292817679557
E00119962,175,64,17,47,111,92,19,36.57142857142857,9.714285714285714,26.857142857142858,63.42857142857142,52.57142857142857,10.857142857142858
E00119963,107,36,12,24,71,63,8,33.64485981308411,11.214953271028037,22.429906542056074,66.35514018691589,58.87850467289719,7.476635514018691
E00119964,93,24,10,14,69,62,7,25.806451612903224,10.75268817204301,15.053763440860216,74.19354838709677,66.66666666666666,7.526881720430108
E00119965,184,64,15,49,120,100,20,34.78260869565217,8.152173913043478,26.6304347826087,65.21739130434783,54.347826086956516,10.869565217391305
E00119966,184,44,15,29,140,115,25,23.91304347826087,8.152173913043478,15.760869565217392,76.08695652173914,62.5,13.586956521739129
E00119967,174,51,18,33,123,106,17,29.310344827586203,10.344827586206897,18.96551724137931,70.6896551724138,60.91954022988506,9.770114942528735
E00119968,56,13,5,8,43,34,9,23.214285714285715,8.928571428571429,14.285714285714285,76.78571428571429,60.71428571428571,16.071428571428573
E00119969,144,51,24,27,93,66,27,35.41666666666667,16.666666666666664,18.75,64.58333333333334,45.83333333333333,18.75
E00119970,213,64,21,43,149,117,32,30.046948356807512,9.859154929577464,20.187793427230048,69.95305164319248,54.929577464788736,15.023474178403756
E00119971,158,51,16,35,107,88,19,32.278481012658226,10.126582278481013,22.151898734177212,67.72151898734177,55.69620253164557,12.025316455696203
E00119972,103,33,14,19,70,53,17,32.038834951456316,13.592233009708737,18.446601941747574,67.96116504854369,51.45631067961165,16.50485436893204
E00119973,162,51,21,30,111,83,28,31.48148148148148,12.962962962962962,18.51851851851852,68.51851851851852,51.23456790123457,17.28395061728395
E00119974,168,68,21,47,100,85,15,40.476190476190474,12.5,27.976190476190478,59.523809523809526,50.595238095238095,8.928571428571429
E00119975,165,48,19,29,117,93,24,29.09090909090909,11.515151515151516,17.575757575757574,70.9090909090909,56.36363636363636,14.545454545454545
E00119976,173,55,17,38,118,102,16,31.79190751445087,9.826589595375722,21.965317919075144,68.20809248554913,58.95953757225434,9.248554913294797
E00119977,66,17,6,11,49,36,13,25.757575757575758,9.090909090909092,16.666666666666664,74.24242424242425,54.54545454545454,19.696969696969695
E00119978,155,37,12,25,118,97,21,23.870967741935484,7.741935483870968,16.129032258064516,76.12903225806451,62.58064516129033,13.548387096774196
E00119979,187,52,19,33,135,105,30,27.807486631016044,10.16042780748663,17.647058823529413,72.19251336898395,56.14973262032086,16.042780748663102
E00119980,158,51,18,33,107,79,28,32.278481012658226,11.39240506329114,20.88607594936709,67.72151898734177,50,17.72151898734177
E00119981,205,67,29,38,138,104,34,32.6829268292683,14.146341463414632,18.536585365853657,67.31707317073172,50.73170731707317,16.585365853658537
E00119982,281,89,34,55,192,157,35,31.672597864768683,12.099644128113878,19.572953736654807,68.32740213523132,55.871886120996436,12.455516014234876
E00119983,179,49,16,33,130,97,33,27.37430167597765,8.938547486033519,18.435754189944134,72.62569832402235,54.18994413407822,18.435754189944134
E00119984,134,41,21,20,93,56,37,30.597014925373134,15.671641791044777,14.925373134328357,69.40298507462687,41.7910447761194,27.611940298507463
E00119985,205,71,34,37,134,80,54,34.63414634146341,16.585365853658537,18.048780487804876,65.3658536585366,39.02439024390244,26.34146341463415
E00119986,122,36,15,21,86,68,18,29.508196721311474,12.295081967213115,17.21311475409836,70.49180327868852,55.73770491803278,14.754098360655737
E00119987,123,47,18,29,76,61,15,38.21138211382114,14.634146341463413,23.577235772357724,61.78861788617886,49.59349593495935,12.195121951219512
E00119988,152,51,20,31,101,73,28,33.55263157894737,13.157894736842104,20.394736842105264,66.44736842105263,48.026315789473685,18.421052631578945
E00119989,139,53,18,35,86,72,14,38.1294964028777,12.949640287769784,25.179856115107913,61.87050359712231,51.798561151079134,10.071942446043165
E00119990,171,54,25,29,117,100,17,31.57894736842105,14.619883040935672,16.95906432748538,68.42105263157895,58.47953216374269,9.941520467836257
E00119991,196,74,35,39,122,84,38,37.755102040816325,17.857142857142858,19.897959183673468,62.244897959183675,42.857142857142854,19.387755102040817
E00119992,268,85,36,49,183,147,36,31.716417910447763,13.432835820895523,18.28358208955224,68.28358208955224,54.850746268656714,13.432835820895523
E00119993,169,59,29,30,110,80,30,34.9112426035503,17.159763313609467,17.75147928994083,65.08875739644971,47.337278106508876,17.75147928994083
E00119994,154,31,7,24,123,102,21,20.12987012987013,4.545454545454546,15.584415584415584,79.87012987012987,66.23376623376623,13.636363636363635
E00119995,154,43,19,24,111,89,22,27.92207792207792,12.337662337662337,15.584415584415584,72.07792207792207,57.7922077922078,14.285714285714285
E00119996,206,57,24,33,149,105,44,27.669902912621357,11.650485436893204,16.019417475728158,72.33009708737865,50.970873786407765,21.35922330097087
E00119997,155,39,23,16,116,92,24,25.161290322580644,14.838709677419354,10.32258064516129,74.83870967741936,59.354838709677416,15.483870967741936
E00119998,136,41,18,23,95,76,19,30.14705882352941,13.23529411764706,16.911764705882355,69.85294117647058,55.88235294117647,13.970588235294118
E00119999,148,42,20,22,106,74,32,28.37837837837838,13.513513513513514,14.864864864864865,71.62162162162163,50,21.62162162162162
E00120000,169,50,27,23,119,99,20,29.585798816568047,15.976331360946746,13.609467455621301,70.41420118343196,58.57988165680473,11.834319526627219
E00120001,160,46,13,33,114,88,26,28.749999999999996,8.125,20.625,71.25,55.00000000000001,16.25
E00120002,78,25,6,19,53,46,7,32.05128205128205,7.6923076923076925,24.358974358974358,67.94871794871796,58.97435897435898,8.974358974358974
E00120003,145,44,14,30,101,83,18,30.344827586206897,9.655172413793103,20.689655172413794,69.6551724137931,57.24137931034483,12.413793103448276
E00120004,161,50,13,37,111,92,19,31.05590062111801,8.074534161490684,22.981366459627328,68.94409937888199,57.14285714285714,11.801242236024844
E00120005,143,39,11,28,104,88,16,27.27272727272727,7.6923076923076925,19.58041958041958,72.72727272727273,61.53846153846154,11.188811188811188
E00120006,144,35,11,24,109,80,29,24.305555555555554,7.638888888888889,16.666666666666664,75.69444444444444,55.55555555555556,20.13888888888889
E00120007,177,67,32,35,110,85,25,37.85310734463277,18.07909604519774,19.774011299435028,62.14689265536724,48.0225988700565,14.124293785310735
E00120008,130,29,14,15,101,92,9,22.30769230769231,10.76923076923077,11.538461538461538,77.6923076923077,70.76923076923077,6.923076923076923
E00120009,273,72,26,46,201,178,23,26.373626373626376,9.523809523809524,16.84981684981685,73.62637362637363,65.2014652014652,8.424908424908425
E00120011,154,40,10,30,114,100,14,25.97402597402597,6.493506493506493,19.480519480519483,74.02597402597402,64.93506493506493,9.090909090909092
E00120012,149,44,17,27,105,90,15,29.53020134228188,11.409395973154362,18.120805369127517,70.46979865771812,60.40268456375839,10.06711409395973
E00120013,170,40,9,31,130,119,11,23.52941176470588,5.294117647058823,18.235294117647058,76.47058823529412,70,6.470588235294119
E00120015,145,49,18,31,96,80,16,33.793103448275865,12.413793103448276,21.379310344827587,66.20689655172414,55.172413793103445,11.03448275862069
E00120016,180,45,12,33,135,119,16,25,6.666666666666667,18.333333333333332,75,66.11111111111111,8.88888888888889
E00120017,132,36,13,23,96,80,16,27.27272727272727,9.848484848484848,17.424242424242426,72.72727272727273,60.60606060606061,12.121212121212121
E00120018,153,50,21,29,103,83,20,32.6797385620915,13.725490196078432,18.954248366013072,67.3202614379085,54.248366013071895,13.071895424836603
E00120019,156,45,22,23,111,96,15,28.846153846153843,14.102564102564102,14.743589743589745,71.15384615384616,61.53846153846154,9.615384615384617
E00120020,100,29,15,14,71,58,13,28.999999999999996,15,14.000000000000002,71,57.99999999999999,13
E00120021,144,48,26,22,96,88,8,33.33333333333333,18.055555555555554,15.277777777777779,66.66666666666666,61.111111111111114,5.555555555555555
E00120022,109,31,16,15,78,61,17,28.440366972477065,14.678899082568808,13.761467889908257,71.55963302752293,55.96330275229357,15.59633027522936
E00120023,124,32,11,21,92,81,11,25.806451612903224,8.870967741935484,16.93548387096774,74.19354838709677,65.32258064516128,8.870967741935484
E00120024,223,58,16,42,165,143,22,26.00896860986547,7.174887892376682,18.83408071748879,73.99103139013454,64.12556053811659,9.865470852017937
E00120025,125,24,7,17,101,83,18,19.2,5.6000000000000005,13.600000000000001,80.80000000000001,66.4,14.399999999999999
E00120026,116,47,17,30,69,60,9,40.51724137931034,14.655172413793101,25.862068965517242,59.48275862068966,51.724137931034484,7.758620689655173
E00120027,262,80,31,49,182,154,28,30.53435114503817,11.83206106870229,18.702290076335878,69.46564885496184,58.778625954198475,10.687022900763358
E00120028,165,42,12,30,123,109,14,25.454545454545453,7.2727272727272725,18.181818181818183,74.54545454545455,66.06060606060606,8.484848484848486
E00120029,168,54,22,32,114,100,14,32.142857142857146,13.095238095238097,19.047619047619047,67.85714285714286,59.523809523809526,8.333333333333332
E00120030,109,31,11,20,78,70,8,28.440366972477065,10.091743119266056,18.34862385321101,71.55963302752293,64.22018348623854,7.339449541284404
E00120031,90,29,11,18,61,53,8,32.22222222222222,12.222222222222221,20,67.77777777777779,58.88888888888889,8.88888888888889
E00120032,129,40,9,31,89,77,12,31.007751937984494,6.976744186046512,24.031007751937985,68.9922480620155,59.68992248062015,9.30232558139535
E00120033,148,35,12,23,113,96,17,23.64864864864865,8.108108108108109,15.54054054054054,76.35135135135135,64.86486486486487,11.486486486486488
E00120034,153,47,11,36,106,97,9,30.718954248366014,7.18954248366013,23.52941176470588,69.28104575163398,63.39869281045751,5.88235294117647
E00120035,95,34,14,20,61,58,3,35.78947368421053,14.736842105263156,21.052631578947366,64.21052631578948,61.05263157894737,3.1578947368421053
E00120036,106,25,15,10,81,61,20,23.58490566037736,14.150943396226415,9.433962264150944,76.41509433962264,57.54716981132076,18.867924528301888
E00120037,120,46,13,33,74,61,13,38.333333333333336,10.833333333333334,27.500000000000004,61.66666666666667,50.83333333333333,10.833333333333334
E00120038,134,38,13,25,96,75,21,28.35820895522388,9.701492537313433,18.65671641791045,71.64179104477611,55.970149253731336,15.671641791044777
E00120039,151,55,22,33,96,85,11,36.423841059602644,14.56953642384106,21.85430463576159,63.576158940397356,56.29139072847682,7.28476821192053
E00120040,124,39,10,29,85,67,18,31.451612903225808,8.064516129032258,23.387096774193548,68.54838709677419,54.03225806451613,14.516129032258066
E00120041,87,19,8,11,68,60,8,21.839080459770116,9.195402298850574,12.643678160919542,78.16091954022988,68.96551724137932,9.195402298850574
E00120042,158,42,14,28,116,101,15,26.582278481012654,8.860759493670885,17.72151898734177,73.41772151898735,63.92405063291139,9.49367088607595
E00120043,173,62,22,40,111,98,13,35.83815028901734,12.716763005780345,23.121387283236995,64.16184971098265,56.64739884393064,7.514450867052023
E00120044,146,43,10,33,103,89,14,29.45205479452055,6.8493150684931505,22.602739726027394,70.54794520547945,60.95890410958904,9.58904109589041
E00120045,191,53,19,34,138,114,24,27.748691099476442,9.947643979057592,17.801047120418847,72.25130890052355,59.68586387434554,12.56544502617801
E00120046,229,67,29,38,162,130,32,29.257641921397383,12.663755458515283,16.593886462882097,70.74235807860262,56.76855895196506,13.973799126637553
E00120047,133,27,11,16,106,94,12,20.30075187969925,8.270676691729323,12.030075187969924,79.69924812030075,70.67669172932331,9.022556390977442
E00120048,192,56,20,36,136,116,20,29.166666666666668,10.416666666666668,18.75,70.83333333333334,60.416666666666664,10.416666666666668
E00120049,34,8,5,3,26,25,1,23.52941176470588,14.705882352941178,8.823529411764707,76.47058823529412,73.52941176470588,2.941176470588235
E00120050,150,50,25,25,100,85,15,33.33333333333333,16.666666666666664,16.666666666666664,66.66666666666666,56.666666666666664,10
E00120051,157,44,18,26,113,95,18,28.02547770700637,11.464968152866243,16.560509554140125,71.97452229299363,60.509554140127385,11.464968152866243
E00120052,149,44,12,32,105,90,15,29.53020134228188,8.053691275167784,21.476510067114095,70.46979865771812,60.40268456375839,10.06711409395973
E00120053,154,48,19,29,106,92,14,31.16883116883117,12.337662337662337,18.83116883116883,68.83116883116884,59.74025974025974,9.090909090909092
E00120054,143,37,10,27,106,91,15,25.874125874125873,6.993006993006993,18.88111888111888,74.12587412587412,63.63636363636363,10.48951048951049
E00120055,143,30,10,20,113,94,19,20.97902097902098,6.993006993006993,13.986013986013987,79.02097902097903,65.73426573426573,13.286713286713287
E00120056,116,36,11,25,80,60,20,31.03448275862069,9.482758620689655,21.551724137931032,68.96551724137932,51.724137931034484,17.24137931034483
E00120057,162,44,11,33,118,105,13,27.160493827160494,6.790123456790123,20.37037037037037,72.8395061728395,64.81481481481481,8.024691358024691
E00120058,118,35,16,19,83,74,9,29.66101694915254,13.559322033898304,16.101694915254235,70.33898305084746,62.71186440677966,7.627118644067797
E00120059,140,48,11,37,92,79,13,34.285714285714285,7.857142857142857,26.42857142857143,65.71428571428571,56.42857142857143,9.285714285714286
E00120060,121,39,16,23,82,65,17,32.231404958677686,13.223140495867769,19.00826446280992,67.76859504132231,53.71900826446281,14.049586776859504
E00120061,139,45,12,33,94,81,13,32.37410071942446,8.633093525179856,23.741007194244602,67.62589928057554,58.27338129496403,9.352517985611511
E00120062,99,35,10,25,64,54,10,35.35353535353536,10.1010101010101,25.252525252525253,64.64646464646465,54.54545454545454,10.1010101010101
E00120063,60,18,6,12,42,39,3,30,10,20,70,65,5
E00120064,128,45,9,36,83,65,18,35.15625,7.03125,28.125,64.84375,50.78125,14.0625
E00120065,132,45,25,20,87,72,15,34.090909090909086,18.939393939393938,15.151515151515152,65.9090909090909,54.54545454545454,11.363636363636363
E00120066,109,32,11,21,77,61,16,29.357798165137616,10.091743119266056,19.26605504587156,70.64220183486239,55.96330275229357,14.678899082568808
E00120067,97,21,5,16,76,68,8,21.649484536082475,5.154639175257731,16.49484536082474,78.35051546391753,70.10309278350515,8.24742268041237
E00120068,150,50,21,29,100,85,15,33.33333333333333,14.000000000000002,19.333333333333332,66.66666666666666,56.666666666666664,10
E00120069,145,51,21,30,94,73,21,35.172413793103445,14.482758620689657,20.689655172413794,64.82758620689654,50.3448275862069,14.482758620689657
E00120070,117,33,4,29,84,74,10,28.205128205128204,3.418803418803419,24.786324786324787,71.7948717948718,63.24786324786324,8.547008547008547
E00120071,139,50,18,32,89,74,15,35.97122302158273,12.949640287769784,23.021582733812952,64.02877697841727,53.23741007194245,10.79136690647482
E00120072,180,42,17,25,138,105,33,23.333333333333332,9.444444444444445,13.88888888888889,76.66666666666667,58.333333333333336,18.333333333333332
E00120073,155,49,10,39,106,94,12,31.61290322580645,6.451612903225806,25.161290322580644,68.38709677419355,60.64516129032258,7.741935483870968
E00120074,168,35,15,20,133,107,26,20.833333333333336,8.928571428571429,11.904761904761903,79.16666666666666,63.69047619047619,15.476190476190476
E00120075,135,33,11,22,102,90,12,24.444444444444443,8.148148148148149,16.296296296296298,75.55555555555556,66.66666666666666,8.88888888888889
E00120076,120,44,22,22,76,57,19,36.666666666666664,18.333333333333332,18.333333333333332,63.33333333333333,47.5,15.833333333333332
E00120078,162,53,15,38,109,98,11,32.71604938271605,9.25925925925926,23.456790123456788,67.28395061728395,60.49382716049383,6.790123456790123
E00120079,141,37,11,26,104,80,24,26.24113475177305,7.801418439716312,18.439716312056735,73.75886524822694,56.73758865248227,17.02127659574468
E00120080,140,42,16,26,98,89,9,30,11.428571428571429,18.571428571428573,70,63.57142857142857,6.428571428571428
E00120081,151,32,13,19,119,104,15,21.192052980132452,8.609271523178808,12.582781456953644,78.80794701986756,68.87417218543047,9.933774834437086
E00120082,197,56,19,37,141,129,12,28.426395939086298,9.644670050761421,18.781725888324875,71.57360406091371,65.48223350253807,6.091370558375635
E00120083,127,30,12,18,97,75,22,23.62204724409449,9.448818897637794,14.173228346456693,76.37795275590551,59.055118110236215,17.322834645669293
E00120084,208,59,19,40,149,125,24,28.365384615384613,9.134615384615383,19.230769230769234,71.63461538461539,60.09615384615385,11.538461538461538
E00120085,130,32,7,25,98,88,10,24.615384615384617,5.384615384615385,19.230769230769234,75.38461538461539,67.6923076923077,7.6923076923076925
E00120086,153,41,18,23,112,86,26,26.797385620915033,11.76470588235294,15.032679738562091,73.20261437908496,56.209150326797385,16.99346405228758
E00120087,174,59,17,42,115,96,19,33.90804597701149,9.770114942528735,24.137931034482758,66.0919540229885,55.172413793103445,10.919540229885058
E00120088,131,44,21,23,87,63,24,33.587786259541986,16.030534351145036,17.557251908396946,66.41221374045801,48.091603053435115,18.3206106870229
E00120089,84,23,6,17,61,52,9,27.380952380952383,7.142857142857142,20.238095238095237,72.61904761904762,61.904761904761905,10.714285714285714
E00120090,134,41,16,25,93,82,11,30.597014925373134,11.940298507462686,18.65671641791045,69.40298507462687,61.19402985074627,8.208955223880597
E00120091,140,34,7,27,106,88,18,24.285714285714285,5,19.28571428571429,75.71428571428571,62.857142857142854,12.857142857142856
E00120092,120,30,13,17,90,60,30,25,10.833333333333334,14.166666666666666,75,50,25
E00120093,168,51,13,38,117,105,12,30.357142857142854,7.738095238095238,22.61904761904762,69.64285714285714,62.5,7.142857142857142
E00120094,150,40,20,20,110,93,17,26.666666666666668,13.333333333333334,13.333333333333334,73.33333333333333,62,11.333333333333332
E00120095,122,40,13,27,82,67,15,32.78688524590164,10.655737704918032,22.131147540983605,67.21311475409836,54.91803278688525,12.295081967213115
E00120096,137,30,9,21,107,88,19,21.897810218978105,6.569343065693431,15.328467153284672,78.1021897810219,64.23357664233576,13.86861313868613
E00120097,116,41,22,19,75,59,16,35.3448275862069,18.96551724137931,16.379310344827587,64.65517241379311,50.86206896551724,13.793103448275861
E00120098,162,55,26,29,107,81,26,33.95061728395062,16.049382716049383,17.901234567901234,66.0493827160494,50,16.049382716049383
E00120099,122,30,13,17,92,75,17,24.59016393442623,10.655737704918032,13.934426229508196,75.40983606557377,61.47540983606557,13.934426229508196
E00120100,151,49,19,30,102,91,11,32.450331125827816,12.582781456953644,19.867549668874172,67.54966887417218,60.264900662251655,7.28476821192053
E00120101,85,24,6,18,61,53,8,28.235294117647058,7.0588235294117645,21.176470588235293,71.76470588235294,62.35294117647059,9.411764705882353
E00120102,77,24,15,9,53,43,10,31.16883116883117,19.480519480519483,11.688311688311687,68.83116883116884,55.84415584415584,12.987012987012985
E00120103,173,62,18,44,111,99,12,35.83815028901734,10.404624277456648,25.43352601156069,64.16184971098265,57.22543352601156,6.9364161849710975
E00120104,107,29,13,16,78,73,5,27.102803738317753,12.149532710280374,14.953271028037381,72.89719626168224,68.22429906542055,4.672897196261682
E00120105,135,30,11,19,105,94,11,22.22222222222222,8.148148148148149,14.074074074074074,77.77777777777779,69.62962962962963,8.148148148148149
E00120106,107,26,6,20,81,64,17,24.299065420560748,5.607476635514018,18.69158878504673,75.70093457943925,59.813084112149525,15.887850467289718
E00120107,176,51,18,33,125,113,12,28.97727272727273,10.227272727272728,18.75,71.02272727272727,64.20454545454545,6.8181818181818175
E00120108,92,30,17,13,62,52,10,32.608695652173914,18.478260869565215,14.130434782608695,67.3913043478261,56.52173913043478,10.869565217391305
E00120109,112,41,10,31,71,64,7,36.607142857142854,8.928571428571429,27.67857142857143,63.39285714285714,57.14285714285714,6.25
E00120110,235,51,24,27,184,163,21,21.70212765957447,10.212765957446807,11.48936170212766,78.29787234042553,69.36170212765957,8.936170212765958
E00120111,225,53,22,31,172,149,23,23.555555555555554,9.777777777777779,13.777777777777779,76.44444444444444,66.22222222222223,10.222222222222223
E00120112,91,29,18,11,62,47,15,31.868131868131865,19.78021978021978,12.087912087912088,68.13186813186813,51.64835164835166,16.483516483516482
E00120113,166,46,18,28,120,108,12,27.710843373493976,10.843373493975903,16.867469879518072,72.28915662650603,65.06024096385542,7.228915662650602
E00120114,192,63,23,40,129,117,12,32.8125,11.979166666666668,20.833333333333336,67.1875,60.9375,6.25
E00120115,147,44,10,34,103,83,20,29.931972789115648,6.802721088435375,23.12925170068027,70.06802721088435,56.4625850340136,13.60544217687075
E00120116,162,55,20,35,107,91,16,33.95061728395062,12.345679012345679,21.604938271604937,66.0493827160494,56.17283950617284,9.876543209876543
E00120117,167,55,15,40,112,99,13,32.93413173652694,8.982035928143713,23.952095808383234,67.06586826347305,59.281437125748504,7.784431137724551
E00120118,83,21,10,11,62,47,15,25.301204819277107,12.048192771084338,13.253012048192772,74.69879518072288,56.62650602409639,18.072289156626507
E00120119,316,88,36,52,228,178,50,27.848101265822784,11.39240506329114,16.455696202531644,72.15189873417721,56.32911392405063,15.822784810126583
E00120120,152,40,12,28,112,99,13,26.31578947368421,7.894736842105263,18.421052631578945,73.68421052631578,65.13157894736842,8.552631578947368
E00120121,173,53,17,36,120,101,19,30.63583815028902,9.826589595375722,20.809248554913296,69.36416184971098,58.38150289017341,10.982658959537572
E00120122,278,96,47,49,182,151,31,34.53237410071942,16.906474820143885,17.62589928057554,65.46762589928058,54.31654676258992,11.151079136690647
E00120123,124,34,11,23,90,63,27,27.419354838709676,8.870967741935484,18.548387096774192,72.58064516129032,50.806451612903224,21.774193548387096
E00120124,155,48,21,27,107,80,27,30.967741935483872,13.548387096774196,17.419354838709676,69.03225806451613,51.61290322580645,17.419354838709676
E00120125,161,39,13,26,122,110,12,24.22360248447205,8.074534161490684,16.149068322981368,75.77639751552795,68.32298136645963,7.453416149068323
E00120126,166,37,10,27,129,107,22,22.289156626506024,6.024096385542169,16.265060240963855,77.71084337349397,64.45783132530121,13.253012048192772
E00120127,147,46,21,25,101,78,23,31.292517006802722,14.285714285714285,17.006802721088434,68.70748299319727,53.06122448979592,15.646258503401361
E00120128,160,33,9,24,127,109,18,20.625,5.625,15,79.375,68.125,11.25
E00120129,143,38,12,26,105,91,14,26.573426573426573,8.391608391608392,18.181818181818183,73.42657342657343,63.63636363636363,9.79020979020979
E00120130,163,47,23,24,116,105,11,28.834355828220858,14.11042944785276,14.723926380368098,71.16564417177914,64.41717791411043,6.748466257668712
E00120131,205,50,17,33,155,135,20,24.390243902439025,8.292682926829269,16.097560975609756,75.60975609756098,65.85365853658537,9.75609756097561
E00120132,160,40,13,27,120,104,16,25,8.125,16.875,75,65,10
E00120134,373,85,30,55,288,254,34,22.78820375335121,8.04289544235925,14.745308310991955,77.21179624664879,68.09651474530831,9.115281501340483
E00120135,158,29,13,16,129,113,16,18.354430379746837,8.227848101265822,10.126582278481013,81.64556962025317,71.51898734177216,10.126582278481013
E00120137,126,47,24,23,79,62,17,37.301587301587304,19.047619047619047,18.253968253968253,62.698412698412696,49.2063492063492,13.492063492063492
E00120138,208,43,16,27,165,146,19,20.673076923076923,7.6923076923076925,12.980769230769232,79.32692307692307,70.1923076923077,9.134615384615383
E00120139,245,37,15,22,208,177,31,15.10204081632653,6.122448979591836,8.979591836734693,84.89795918367346,72.24489795918367,12.653061224489795
E00120140,102,20,6,14,82,72,10,19.607843137254903,5.88235294117647,13.725490196078432,80.3921568627451,70.58823529411765,9.803921568627452
E00120141,156,42,19,23,114,100,14,26.923076923076923,12.179487179487179,14.743589743589745,73.07692307692307,64.1025641025641,8.974358974358974
E00120142,168,46,14,32,122,106,16,27.380952380952383,8.333333333333332,19.047619047619047,72.61904761904762,63.095238095238095,9.523809523809524
E00120143,200,57,19,38,143,126,17,28.499999999999996,9.5,19,71.5,63,8.5
E00120145,238,69,20,49,169,153,16,28.991596638655466,8.403361344537815,20.588235294117645,71.00840336134453,64.28571428571429,6.722689075630252
E00120146,180,56,20,36,124,115,9,31.11111111111111,11.11111111111111,20,68.88888888888889,63.888888888888886,5
E00120147,177,47,16,31,130,111,19,26.55367231638418,9.03954802259887,17.51412429378531,73.44632768361582,62.71186440677966,10.734463276836157
E00120148,102,40,11,29,62,54,8,39.21568627450981,10.784313725490197,28.431372549019606,60.78431372549019,52.94117647058824,7.8431372549019605
E00120149,148,38,15,23,110,98,12,25.675675675675674,10.135135135135135,15.54054054054054,74.32432432432432,66.21621621621621,8.108108108108109
E00120150,169,52,18,34,117,102,15,30.76923076923077,10.650887573964498,20.118343195266274,69.23076923076923,60.35502958579882,8.875739644970414
E00120151,173,50,22,28,123,101,22,28.901734104046245,12.716763005780345,16.184971098265898,71.09826589595376,58.38150289017341,12.716763005780345
E00120152,145,39,15,24,106,86,20,26.89655172413793,10.344827586206897,16.551724137931036,73.10344827586206,59.310344827586206,13.793103448275861
E00120153,188,56,23,33,132,112,20,29.78723404255319,12.23404255319149,17.5531914893617,70.2127659574468,59.57446808510638,10.638297872340425
E00120154,175,53,19,34,122,105,17,30.28571428571429,10.857142857142858,19.428571428571427,69.71428571428572,60,9.714285714285714
E00120155,213,61,15,46,152,131,21,28.638497652582164,7.042253521126761,21.5962441314554,71.36150234741784,61.502347417840376,9.859154929577464
E00120157,164,39,16,23,125,106,19,23.78048780487805,9.75609756097561,14.02439024390244,76.21951219512195,64.63414634146342,11.585365853658537
E00120158,169,46,20,26,123,108,15,27.218934911242602,11.834319526627219,15.384615384615385,72.7810650887574,63.905325443786985,8.875739644970414
E00120160,263,65,20,45,198,166,32,24.714828897338403,7.604562737642586,17.110266159695815,75.2851711026616,63.11787072243346,12.167300380228136
E00120161,167,40,14,26,127,114,13,23.952095808383234,8.383233532934131,15.568862275449103,76.04790419161677,68.26347305389223,7.784431137724551
E00120162,150,48,14,34,102,91,11,32,9.333333333333334,22.666666666666664,68,60.66666666666667,7.333333333333333
E00120163,183,52,19,33,131,118,13,28.415300546448087,10.382513661202186,18.0327868852459,71.58469945355192,64.48087431693989,7.103825136612022
E00120164,172,57,15,42,115,106,9,33.13953488372093,8.720930232558139,24.418604651162788,66.86046511627907,61.627906976744185,5.232558139534884
E00120165,151,60,22,38,91,78,13,39.735099337748345,14.56953642384106,25.165562913907287,60.264900662251655,51.65562913907284,8.609271523178808
E00120166,221,60,30,30,161,140,21,27.149321266968325,13.574660633484163,13.574660633484163,72.85067873303167,63.348416289592755,9.502262443438914
E00120167,178,52,17,35,126,103,23,29.213483146067414,9.550561797752808,19.662921348314608,70.78651685393258,57.865168539325836,12.921348314606742
E00120168,186,38,11,27,148,139,9,20.43010752688172,5.913978494623656,14.516129032258066,79.56989247311827,74.73118279569893,4.838709677419355
E00120169,174,28,9,19,146,129,17,16.091954022988507,5.172413793103448,10.919540229885058,83.9080459770115,74.13793103448276,9.770114942528735
E00120170,107,23,12,11,84,70,14,21.49532710280374,11.214953271028037,10.2803738317757,78.50467289719626,65.42056074766354,13.084112149532709
E00120171,82,23,6,17,59,43,16,28.04878048780488,7.317073170731707,20.73170731707317,71.95121951219512,52.4390243902439,19.51219512195122
E00120172,134,38,17,21,96,71,25,28.35820895522388,12.686567164179104,15.671641791044777,71.64179104477611,52.98507462686567,18.65671641791045
E00120173,116,41,21,20,75,56,19,35.3448275862069,18.103448275862068,17.24137931034483,64.65517241379311,48.275862068965516,16.379310344827587
E00120174,121,37,15,22,84,71,13,30.57851239669421,12.396694214876034,18.181818181818183,69.42148760330579,58.67768595041323,10.743801652892563
E00120175,70,32,15,17,38,25,13,45.714285714285715,21.428571428571427,24.285714285714285,54.285714285714285,35.714285714285715,18.571428571428573
E00120176,105,34,13,21,71,49,22,32.38095238095238,12.380952380952381,20,67.61904761904762,46.666666666666664,20.952380952380953
E00120177,122,40,18,22,82,67,15,32.78688524590164,14.754098360655737,18.0327868852459,67.21311475409836,54.91803278688525,12.295081967213115
E00120178,114,36,8,28,78,66,12,31.57894736842105,7.017543859649122,24.561403508771928,68.42105263157895,57.89473684210527,10.526315789473683
E00120179,171,47,19,28,124,93,31,27.485380116959064,11.11111111111111,16.374269005847953,72.51461988304094,54.385964912280706,18.128654970760234
E00169646,149,38,18,20,111,90,21,25.503355704697988,12.080536912751679,13.422818791946309,74.49664429530202,60.40268456375839,14.093959731543624
E00169647,223,55,18,37,168,143,25,24.663677130044842,8.071748878923767,16.591928251121075,75.33632286995515,64.12556053811659,11.210762331838566
E00169648,233,66,30,36,167,136,31,28.32618025751073,12.875536480686694,15.450643776824036,71.67381974248927,58.36909871244635,13.304721030042918
E00169649,219,46,15,31,173,145,28,21.00456621004566,6.8493150684931505,14.15525114155251,78.99543378995433,66.21004566210046,12.785388127853881
E00169650,165,35,8,27,130,116,14,21.21212121212121,4.848484848484849,16.363636363636363,78.78787878787878,70.3030303030303,8.484848484848486
E00169651,204,43,12,31,161,133,28,21.07843137254902,5.88235294117647,15.196078431372548,78.92156862745098,65.19607843137256,13.725490196078432
E00169652,161,34,12,22,127,106,21,21.11801242236025,7.453416149068323,13.664596273291925,78.88198757763976,65.83850931677019,13.043478260869565
E00169653,155,26,10,16,129,112,17,16.7741935483871,6.451612903225806,10.32258064516129,83.22580645161291,72.25806451612902,10.967741935483872
E00169654,164,32,7,25,132,119,13,19.51219512195122,4.2682926829268295,15.24390243902439,80.48780487804879,72.5609756097561,7.926829268292683
E00169655,206,38,13,25,168,138,30,18.446601941747574,6.310679611650485,12.135922330097088,81.55339805825243,66.99029126213593,14.563106796116504
E00169656,186,41,16,25,145,127,18,22.043010752688172,8.60215053763441,13.440860215053762,77.95698924731182,68.27956989247312,9.67741935483871
E00169657,210,49,19,30,161,135,26,23.333333333333332,9.047619047619047,14.285714285714285,76.66666666666667,64.28571428571429,12.380952380952381
E00169658,195,36,13,23,159,142,17,18.461538461538463,6.666666666666667,11.794871794871794,81.53846153846153,72.82051282051282,8.717948717948717
E00169659,189,46,19,27,143,123,20,24.33862433862434,10.052910052910052,14.285714285714285,75.66137566137566,65.07936507936508,10.582010582010582
E00169660,182,33,14,19,149,120,29,18.13186813186813,7.6923076923076925,10.43956043956044,81.86813186813187,65.93406593406593,15.934065934065933
E00169661,198,48,20,28,150,126,24,24.242424242424242,10.1010101010101,14.14141414141414,75.75757575757575,63.63636363636363,12.121212121212121
E00169662,180,22,9,13,158,128,30,12.222222222222221,5,7.222222222222221,87.77777777777777,71.11111111111111,16.666666666666664
E00169663,119,20,5,15,99,88,11,16.80672268907563,4.201680672268908,12.605042016806722,83.19327731092437,73.94957983193278,9.243697478991598
E00169664,109,17,7,10,92,77,15,15.59633027522936,6.422018348623854,9.174311926605505,84.40366972477065,70.64220183486239,13.761467889908257
E00169665,226,32,16,16,194,169,25,14.15929203539823,7.079646017699115,7.079646017699115,85.84070796460178,74.77876106194691,11.061946902654867
E00169666,115,13,8,5,102,91,11,11.304347826086957,6.956521739130435,4.3478260869565215,88.69565217391305,79.13043478260869,9.565217391304348
E00169667,95,21,6,15,74,66,8,22.105263157894736,6.315789473684211,15.789473684210526,77.89473684210526,69.47368421052632,8.421052631578947
E00169668,153,45,21,24,108,95,13,29.411764705882355,13.725490196078432,15.686274509803921,70.58823529411765,62.091503267973856,8.49673202614379
E00169669,147,44,17,27,103,85,18,29.931972789115648,11.564625850340136,18.367346938775512,70.06802721088435,57.82312925170068,12.244897959183673
E00169670,133,32,13,19,101,77,24,24.06015037593985,9.774436090225564,14.285714285714285,75.93984962406014,57.89473684210527,18.045112781954884
E00169671,165,47,18,29,118,93,25,28.484848484848484,10.909090909090908,17.575757575757574,71.51515151515152,56.36363636363636,15.151515151515152
E00189331,191,50,25,25,141,124,17,26.17801047120419,13.089005235602095,13.089005235602095,73.82198952879581,64.92146596858639,8.900523560209423
E00189332,185,55,11,44,130,113,17,29.72972972972973,5.9459459459459465,23.783783783783786,70.27027027027027,61.08108108108108,9.18918918918919
E00189345,173,47,19,28,126,107,19,27.167630057803464,10.982658959537572,16.184971098265898,72.83236994219652,61.849710982658955,10.982658959537572
E00189353,108,19,8,11,89,72,17,17.59259259259259,7.4074074074074066,10.185185185185185,82.4074074074074,66.66666666666666,15.74074074074074
E00189360,159,26,12,14,133,115,18,16.352201257861633,7.547169811320755,8.80503144654088,83.64779874213836,72.32704402515722,11.320754716981133
E00189363,192,43,13,30,149,127,22,22.395833333333336,6.770833333333333,15.625,77.60416666666666,66.14583333333334,11.458333333333332
E00189364,133,30,7,23,103,85,18,22.55639097744361,5.263157894736842,17.293233082706767,77.44360902255639,63.90977443609023,13.533834586466165
E00189367,154,34,16,18,120,97,23,22.07792207792208,10.38961038961039,11.688311688311687,77.92207792207793,62.98701298701299,14.935064935064934
E00189374,139,32,8,24,107,96,11,23.021582733812952,5.755395683453238,17.26618705035971,76.97841726618705,69.06474820143885,7.913669064748201
E00189384,168,62,24,38,106,94,12,36.904761904761905,14.285714285714285,22.61904761904762,63.095238095238095,55.952380952380956,7.142857142857142
E00189385,125,38,15,23,87,71,16,30.4,12,18.4,69.6,56.8,12.8
E00189389,101,17,3,14,84,67,17,16.831683168316832,2.9702970297029703,13.861386138613863,83.16831683168317,66.33663366336634,16.831683168316832
E00189400,141,20,7,13,121,106,15,14.184397163120568,4.964539007092199,9.219858156028367,85.81560283687944,75.177304964539,10.638297872340425
E00189406,118,24,10,14,94,79,15,20.33898305084746,8.47457627118644,11.864406779661017,79.66101694915254,66.94915254237289,12.711864406779661
E00189408,144,35,10,25,109,100,9,24.305555555555554,6.944444444444445,17.36111111111111,75.69444444444444,69.44444444444444,6.25
E00189416,94,22,9,13,72,60,12,23.404255319148938,9.574468085106384,13.829787234042554,76.59574468085107,63.829787234042556,12.76595744680851
E00189420,197,60,19,41,137,116,21,30.456852791878177,9.644670050761421,20.812182741116754,69.54314720812182,58.88324873096447,10.65989847715736
E00189427,199,37,9,28,162,151,11,18.592964824120603,4.522613065326634,14.07035175879397,81.4070351758794,75.87939698492463,5.527638190954774
E00189431,187,37,12,25,150,132,18,19.786096256684495,6.417112299465241,13.368983957219251,80.21390374331551,70.58823529411765,9.62566844919786
