OA,ts0380001,ts0380002,ts0380003,ts0380004,ts0380005,ts0380006,ts0380007,ts0380002_PCT,ts0380003_PCT,ts0380004_PCT,ts0380005_PCT,ts0380006_PCT,ts0380007_PCT
E00160504,257,43,14,29,214,31,183,16.731517509727624,5.447470817120623,11.284046692607005,83.26848249027238,12.062256809338521,71.20622568093385
E00160505,307,46,18,28,261,15,246,14.983713355048861,5.863192182410423,9.120521172638437,85.01628664495115,4.88599348534202,80.13029315960912
E00160506,275,31,8,23,244,25,219,11.272727272727273,2.909090909090909,8.363636363636363,88.72727272727273,9.090909090909092,79.63636363636364
E00160507,274,28,10,18,246,28,218,10.218978102189782,3.64963503649635,6.569343065693431,89.78102189781022,10.218978102189782,79.56204379562044
E00160508,220,59,23,36,161,19,142,26.81818181818182,10.454545454545453,16.363636363636363,73.18181818181819,8.636363636363637,64.54545454545455
E00160509,334,37,13,24,297,33,264,11.077844311377245,3.8922155688622757,7.18562874251497,88.92215568862275,9.880239520958083,79.04191616766467
E00160510,228,44,17,27,184,15,169,19.298245614035086,7.456140350877193,11.842105263157894,80.7017543859649,6.578947368421052,74.12280701754386
E00160511,246,43,14,29,203,23,180,17.479674796747968,5.691056910569105,11.788617886178862,82.52032520325203,9.34959349593496,73.17073170731707
E00160512,243,34,12,22,209,18,191,13.991769547325102,4.938271604938271,9.053497942386832,86.0082304526749,7.4074074074074066,78.60082304526749
E00160513,333,43,15,28,290,29,261,12.912912912912914,4.504504504504505,8.408408408408409,87.08708708708708,8.708708708708707,78.37837837837837
E00160514,255,36,9,27,219,27,192,14.117647058823529,3.5294117647058822,10.588235294117647,85.88235294117646,10.588235294117647,75.29411764705883
E00160515,419,90,35,55,329,31,298,21.479713603818613,8.353221957040573,13.126491646778044,78.52028639618138,7.398568019093078,71.1217183770883
E00160516,240,45,25,20,195,21,174,18.75,10.416666666666668,8.333333333333332,81.25,8.75,72.5
E00160517,460,62,22,40,398,46,352,13.478260869565217,4.782608695652174,8.695652173913043,86.52173913043478,10,76.52173913043478
E00160519,344,59,26,33,285,20,265,17.151162790697676,7.55813953488372,9.593023255813954,82.84883720930233,5.813953488372093,77.03488372093024
E00160520,305,69,33,36,236,26,210,22.62295081967213,10.819672131147541,11.80327868852459,77.37704918032787,8.524590163934425,68.85245901639344
E00160521,364,70,22,48,294,24,270,19.230769230769234,6.043956043956044,13.186813186813188,80.76923076923077,6.593406593406594,74.17582417582418
E00160522,112,19,0,19,93,5,88,16.964285714285715,0,16.964285714285715,83.03571428571429,4.464285714285714,78.57142857142857
E00160523,185,32,14,18,153,13,140,17.2972972972973,7.567567567567568,9.72972972972973,82.70270270270271,7.027027027027027,75.67567567567568
E00160524,215,29,8,21,186,25,161,13.488372093023257,3.7209302325581395,9.767441860465116,86.51162790697674,11.627906976744185,74.88372093023256
E00160525,301,64,38,26,237,21,216,21.262458471760798,12.624584717607974,8.637873754152823,78.7375415282392,6.976744186046512,71.76079734219269
E00160526,419,51,14,37,368,40,328,12.17183770883055,3.341288782816229,8.83054892601432,87.82816229116945,9.54653937947494,78.28162291169451
E00160528,393,63,17,46,330,22,308,16.030534351145036,4.325699745547073,11.704834605597965,83.96946564885496,5.597964376590331,78.37150127226464
E00160529,231,32,8,24,199,18,181,13.852813852813853,3.463203463203463,10.38961038961039,86.14718614718615,7.792207792207792,78.35497835497836
E00160530,361,38,9,29,323,37,286,10.526315789473683,2.4930747922437675,8.033240997229916,89.47368421052632,10.249307479224377,79.22437673130193
E00160531,423,29,9,20,394,33,361,6.8557919621749415,2.127659574468085,4.7281323877068555,93.14420803782507,7.801418439716312,85.34278959810875
E00160532,284,27,9,18,257,27,230,9.507042253521126,3.169014084507042,6.338028169014084,90.49295774647888,9.507042253521126,80.98591549295774
E00160533,225,34,10,24,191,19,172,15.11111111111111,4.444444444444445,10.666666666666668,84.88888888888889,8.444444444444445,76.44444444444444
E00160535,279,50,22,28,229,29,200,17.921146953405017,7.885304659498208,10.03584229390681,82.07885304659499,10.39426523297491,71.68458781362007
E00160536,194,33,10,23,161,14,147,17.010309278350515,5.154639175257731,11.855670103092782,82.9896907216495,7.216494845360824,75.77319587628865
E00160537,302,45,8,37,257,27,230,14.90066225165563,2.6490066225165565,12.251655629139073,85.09933774834437,8.940397350993377,76.15894039735099
E00160538,303,37,11,26,266,17,249,12.211221122112212,3.6303630363036308,8.58085808580858,87.78877887788778,5.6105610561056105,82.17821782178217
E00160540,331,64,30,34,267,24,243,19.335347432024168,9.06344410876133,10.27190332326284,80.66465256797582,7.250755287009064,73.41389728096676
E00160541,421,99,39,60,322,31,291,23.51543942992874,9.263657957244655,14.251781472684085,76.48456057007125,7.363420427553444,69.12114014251782
E00160542,344,89,32,57,255,28,227,25.872093023255815,9.30232558139535,16.569767441860463,74.12790697674419,8.13953488372093,65.98837209302324
E00160543,535,164,82,82,371,39,332,30.654205607476637,15.327102803738319,15.327102803738319,69.34579439252336,7.289719626168225,62.05607476635514
E00160544,328,59,19,40,269,25,244,17.98780487804878,5.7926829268292686,12.195121951219512,82.01219512195121,7.621951219512195,74.39024390243902
E00160545,315,48,13,35,267,33,234,15.238095238095239,4.1269841269841265,11.11111111111111,84.76190476190476,10.476190476190476,74.28571428571429
E00160546,436,67,25,42,369,40,329,15.36697247706422,5.73394495412844,9.63302752293578,84.63302752293578,9.174311926605505,75.45871559633028
E00160547,288,73,25,48,215,26,189,25.34722222222222,8.680555555555555,16.666666666666664,74.65277777777779,9.027777777777777,65.625
E00160548,403,97,40,57,306,26,280,24.069478908188586,9.925558312655088,14.1439205955335,75.93052109181141,6.451612903225806,69.4789081885856
E00160549,208,71,31,40,137,14,123,34.13461538461539,14.903846153846153,19.230769230769234,65.86538461538461,6.730769230769231,59.13461538461539
E00160550,239,46,9,37,193,27,166,19.246861924686193,3.765690376569038,15.481171548117153,80.75313807531381,11.297071129707113,69.4560669456067
E00160551,334,57,19,38,277,30,247,17.065868263473057,5.688622754491018,11.377245508982035,82.93413173652695,8.982035928143713,73.95209580838323
E00160554,276,49,20,29,227,24,203,17.753623188405797,7.246376811594203,10.507246376811594,82.2463768115942,8.695652173913043,73.55072463768117
E00160556,179,69,36,33,110,17,93,38.547486033519554,20.11173184357542,18.435754189944134,61.452513966480446,9.497206703910614,51.955307262569825
E00160557,250,52,28,24,198,13,185,20.8,11.200000000000001,9.6,79.2,5.2,74
E00160558,258,51,18,33,207,19,188,19.767441860465116,6.976744186046512,12.790697674418606,80.23255813953489,7.3643410852713185,72.86821705426357
E00160559,295,49,18,31,246,21,225,16.610169491525422,6.101694915254238,10.508474576271185,83.38983050847457,7.118644067796611,76.27118644067797
E00160560,270,48,12,36,222,24,198,17.77777777777778,4.444444444444445,13.333333333333334,82.22222222222221,8.88888888888889,73.33333333333333
E00160561,247,43,13,30,204,24,180,17.408906882591094,5.263157894736842,12.145748987854251,82.5910931174089,9.7165991902834,72.8744939271255
E00160562,375,62,28,34,313,46,267,16.53333333333333,7.466666666666668,9.066666666666666,83.46666666666667,12.266666666666666,71.2
E00160563,589,170,34,136,419,66,353,28.862478777589136,5.772495755517826,23.089983022071305,71.13752122241087,11.205432937181664,59.9320882852292
E00160564,253,33,10,23,220,18,202,13.043478260869565,3.9525691699604746,9.090909090909092,86.95652173913044,7.114624505928854,79.84189723320159
E00160565,268,47,10,37,221,36,185,17.537313432835823,3.731343283582089,13.805970149253731,82.46268656716418,13.432835820895523,69.02985074626866
E00160566,286,48,21,27,238,27,211,16.783216783216783,7.3426573426573425,9.44055944055944,83.21678321678321,9.44055944055944,73.77622377622379
E00160567,267,50,17,33,217,29,188,18.726591760299627,6.367041198501873,12.359550561797752,81.27340823970037,10.861423220973784,70.4119850187266
E00160568,466,100,43,57,366,43,323,21.45922746781116,9.2274678111588,12.231759656652361,78.54077253218884,9.2274678111588,69.31330472103005
E00160569,425,66,20,46,359,33,326,15.529411764705884,4.705882352941177,10.823529411764705,84.47058823529412,7.764705882352942,76.70588235294117
E00160570,479,83,24,59,396,43,353,17.32776617954071,5.010438413361169,12.31732776617954,82.6722338204593,8.977035490605429,73.69519832985387
E00160571,337,43,15,28,294,26,268,12.759643916913946,4.451038575667656,8.30860534124629,87.24035608308606,7.71513353115727,79.52522255192879
E00160572,315,43,10,33,272,42,230,13.65079365079365,3.1746031746031744,10.476190476190476,86.34920634920636,13.333333333333334,73.01587301587301
E00160574,444,65,25,40,379,37,342,14.63963963963964,5.63063063063063,9.00900900900901,85.36036036036036,8.333333333333332,77.02702702702703
E00160575,286,43,16,27,243,31,212,15.034965034965033,5.594405594405594,9.44055944055944,84.96503496503497,10.839160839160838,74.12587412587412
E00160577,307,53,18,35,254,32,222,17.263843648208468,5.863192182410423,11.400651465798045,82.73615635179154,10.423452768729643,72.31270358306189
E00160578,368,60,17,43,308,35,273,16.304347826086957,4.619565217391304,11.684782608695652,83.69565217391305,9.510869565217392,74.18478260869566
E00160579,234,48,13,35,186,26,160,20.51282051282051,5.555555555555555,14.957264957264957,79.48717948717949,11.11111111111111,68.37606837606837
E00160580,280,41,18,23,239,28,211,14.642857142857144,6.428571428571428,8.214285714285714,85.35714285714285,10,75.35714285714286
E00160581,296,69,25,44,227,19,208,23.31081081081081,8.445945945945946,14.864864864864865,76.6891891891892,6.418918918918918,70.27027027027027
E00160582,210,44,18,26,166,16,150,20.952380952380953,8.571428571428571,12.380952380952381,79.04761904761905,7.6190476190476195,71.42857142857143
E00160583,457,133,80,53,324,43,281,29.10284463894967,17.505470459518598,11.597374179431071,70.89715536105032,9.409190371991247,61.48796498905909
E00160584,323,63,23,40,260,28,232,19.5046439628483,7.120743034055728,12.38390092879257,80.4953560371517,8.6687306501548,71.8266253869969
E00160585,281,82,39,43,199,16,183,29.181494661921707,13.87900355871886,15.302491103202847,70.8185053380783,5.6939501779359425,65.12455516014235
E00160587,370,65,14,51,305,41,264,17.56756756756757,3.783783783783784,13.783783783783784,82.43243243243244,11.081081081081082,71.35135135135135
E00160588,226,54,19,35,172,18,154,23.893805309734514,8.4070796460177,15.486725663716813,76.10619469026548,7.964601769911504,68.14159292035397
E00160589,295,39,3,36,256,22,234,13.220338983050848,1.0169491525423728,12.203389830508476,86.77966101694915,7.457627118644068,79.3220338983051
E00160590,284,32,13,19,252,36,216,11.267605633802818,4.577464788732395,6.690140845070422,88.73239436619718,12.676056338028168,76.05633802816901
E00160591,228,41,16,25,187,13,174,17.982456140350877,7.017543859649122,10.964912280701753,82.01754385964912,5.701754385964912,76.31578947368422
E00160592,173,52,17,35,121,16,105,30.057803468208093,9.826589595375722,20.23121387283237,69.94219653179191,9.248554913294797,60.69364161849711
E00160593,364,77,32,45,287,34,253,21.153846153846153,8.791208791208792,12.362637362637363,78.84615384615384,9.340659340659341,69.5054945054945
E00160594,318,60,19,41,258,34,224,18.867924528301888,5.9748427672955975,12.89308176100629,81.13207547169812,10.69182389937107,70.44025157232704
E00160595,335,43,14,29,292,24,268,12.835820895522387,4.179104477611941,8.656716417910449,87.16417910447761,7.164179104477612,80
E00160596,336,69,27,42,267,27,240,20.535714285714285,8.035714285714286,12.5,79.46428571428571,8.035714285714286,71.42857142857143
E00160597,290,70,23,47,220,20,200,24.137931034482758,7.931034482758621,16.206896551724135,75.86206896551724,6.896551724137931,68.96551724137932
E00160599,286,64,36,28,222,23,199,22.377622377622377,12.587412587412588,9.79020979020979,77.62237762237763,8.041958041958042,69.58041958041959
E00160600,456,90,36,54,366,29,337,19.736842105263158,7.894736842105263,11.842105263157894,80.26315789473685,6.359649122807018,73.90350877192982
E00160601,513,85,22,63,428,40,388,16.569200779727094,4.28849902534113,12.280701754385964,83.4307992202729,7.797270955165692,75.6335282651072
E00160602,294,47,12,35,247,24,223,15.98639455782313,4.081632653061225,11.904761904761903,84.01360544217688,8.16326530612245,75.85034013605441
E00160603,204,46,18,28,158,18,140,22.54901960784314,8.823529411764707,13.725490196078432,77.45098039215686,8.823529411764707,68.62745098039215
E00160604,318,54,20,34,264,25,239,16.9811320754717,6.289308176100629,10.69182389937107,83.01886792452831,7.861635220125786,75.15723270440252
E00160605,201,29,8,21,172,18,154,14.427860696517413,3.9800995024875623,10.44776119402985,85.57213930348259,8.955223880597014,76.61691542288557
E00160606,230,70,32,38,160,12,148,30.434782608695656,13.91304347826087,16.52173913043478,69.56521739130434,5.217391304347826,64.34782608695652
E00160607,227,60,22,38,167,8,159,26.431718061674008,9.691629955947137,16.740088105726873,73.568281938326,3.524229074889868,70.04405286343612
E00160608,306,77,40,37,229,30,199,25.163398692810457,13.071895424836603,12.091503267973856,74.83660130718954,9.803921568627452,65.0326797385621
E00160609,298,51,18,33,247,16,231,17.114093959731544,6.0402684563758395,11.073825503355705,82.88590604026845,5.369127516778524,77.51677852348993
E00160610,318,55,13,42,263,18,245,17.29559748427673,4.088050314465408,13.20754716981132,82.70440251572327,5.660377358490567,77.04402515723271
E00160611,236,37,18,19,199,22,177,15.677966101694915,7.627118644067797,8.050847457627118,84.32203389830508,9.322033898305085,75
E00160612,220,36,14,22,184,19,165,16.363636363636363,6.363636363636363,10,83.63636363636363,8.636363636363637,75
E00160613,314,79,35,44,235,26,209,25.159235668789808,11.146496815286625,14.012738853503185,74.84076433121018,8.280254777070063,66.56050955414013
E00160614,243,37,9,28,206,24,182,15.22633744855967,3.7037037037037033,11.522633744855968,84.77366255144034,9.876543209876543,74.8971193415638
E00160615,401,74,21,53,327,31,296,18.453865336658353,5.236907730673317,13.216957605985039,81.54613466334165,7.73067331670823,73.81546134663341
E00160616,285,70,26,44,215,24,191,24.561403508771928,9.12280701754386,15.43859649122807,75.43859649122807,8.421052631578947,67.01754385964912
E00160617,218,46,14,32,172,24,148,21.100917431192663,6.422018348623854,14.678899082568808,78.89908256880734,11.009174311926607,67.88990825688074
E00160618,169,39,13,26,130,18,112,23.076923076923077,7.6923076923076925,15.384615384615385,76.92307692307693,10.650887573964498,66.27218934911244
E00160619,264,56,18,38,208,29,179,21.21212121212121,6.8181818181818175,14.393939393939394,78.78787878787878,10.984848484848484,67.8030303030303
E00160620,358,76,37,39,282,21,261,21.22905027932961,10.335195530726256,10.893854748603351,78.77094972067039,5.865921787709497,72.90502793296089
E00160621,346,41,12,29,305,31,274,11.849710982658959,3.4682080924855487,8.38150289017341,88.15028901734104,8.959537572254336,79.1907514450867
E00160622,186,23,2,21,163,20,143,12.365591397849462,1.0752688172043012,11.29032258064516,87.63440860215054,10.75268817204301,76.88172043010752
E00160623,299,51,18,33,248,33,215,17.05685618729097,6.0200668896321075,11.036789297658862,82.94314381270902,11.036789297658862,71.90635451505017
E00160624,365,61,22,39,304,37,267,16.71232876712329,6.027397260273973,10.684931506849315,83.28767123287672,10.136986301369863,73.15068493150685
E00160625,443,56,26,30,387,35,352,12.641083521444695,5.8690744920993225,6.772009029345373,87.3589164785553,7.900677200902935,79.45823927765237
E00160626,276,28,10,18,248,33,215,10.144927536231885,3.6231884057971016,6.521739130434782,89.85507246376811,11.956521739130435,77.89855072463769
E00160627,443,93,39,54,350,41,309,20.993227990970656,8.803611738148984,12.18961625282167,79.00677200902935,9.255079006772009,69.75169300225733
E00160629,232,39,14,25,193,19,174,16.810344827586206,6.0344827586206895,10.775862068965516,83.1896551724138,8.189655172413794,75
E00160630,266,63,27,36,203,27,176,23.684210526315788,10.150375939849624,13.533834586466165,76.31578947368422,10.150375939849624,66.16541353383458
E00160631,322,43,20,23,279,28,251,13.354037267080745,6.211180124223603,7.142857142857142,86.64596273291926,8.695652173913043,77.95031055900621
E00160632,211,21,7,14,190,14,176,9.95260663507109,3.3175355450236967,6.6350710900473935,90.04739336492891,6.6350710900473935,83.41232227488152
E00160634,349,62,31,31,287,34,253,17.765042979942695,8.882521489971348,8.882521489971348,82.23495702005731,9.742120343839542,72.49283667621776
E00160635,268,26,11,15,242,21,221,9.701492537313433,4.104477611940299,5.597014925373134,90.29850746268657,7.835820895522389,82.46268656716418
E00160636,338,39,11,28,299,19,280,11.538461538461538,3.2544378698224854,8.284023668639055,88.46153846153845,5.621301775147929,82.84023668639054
E00160637,511,94,49,45,417,38,379,18.395303326810176,9.58904109589041,8.806262230919765,81.60469667318982,7.436399217221135,74.16829745596868
E00160638,495,83,28,55,412,39,373,16.767676767676768,5.656565656565657,11.11111111111111,83.23232323232324,7.878787878787878,75.35353535353535
E00160639,451,61,21,40,390,29,361,13.52549889135255,4.656319290465632,8.869179600886918,86.47450110864744,6.430155210643015,80.04434589800444
E00160640,361,85,48,37,276,25,251,23.545706371191137,13.29639889196676,10.249307479224377,76.45429362880887,6.9252077562326875,69.52908587257618
E00160641,149,45,22,23,104,8,96,30.201342281879196,14.76510067114094,15.436241610738255,69.79865771812081,5.369127516778524,64.42953020134227
E00160642,556,97,43,54,459,43,416,17.446043165467625,7.7338129496402885,9.712230215827338,82.55395683453237,7.7338129496402885,74.82014388489209
E00160643,349,70,30,40,279,26,253,20.057306590257877,8.595988538681947,11.461318051575931,79.94269340974212,7.4498567335243555,72.49283667621776
E00160644,279,54,19,35,225,18,207,19.35483870967742,6.810035842293908,12.544802867383511,80.64516129032258,6.451612903225806,74.19354838709677
E00160645,306,52,13,39,254,36,218,16.99346405228758,4.248366013071895,12.745098039215685,83.00653594771242,11.76470588235294,71.24183006535948
E00160646,280,57,22,35,223,16,207,20.357142857142858,7.857142857142857,12.5,79.64285714285714,5.714285714285714,73.92857142857143
E00160648,362,89,49,40,273,26,247,24.585635359116022,13.535911602209943,11.049723756906078,75.41436464088397,7.18232044198895,68.23204419889503
E00160649,350,86,40,46,264,29,235,24.571428571428573,11.428571428571429,13.142857142857142,75.42857142857143,8.285714285714285,67.14285714285714
E00160650,233,55,19,36,178,20,158,23.605150214592275,8.15450643776824,15.450643776824036,76.39484978540773,8.583690987124463,67.81115879828327
E00160651,198,46,20,26,152,14,138,23.232323232323232,10.1010101010101,13.131313131313133,76.76767676767676,7.07070707070707,69.6969696969697
E00160652,245,39,13,26,206,28,178,15.918367346938775,5.3061224489795915,10.612244897959183,84.08163265306122,11.428571428571429,72.6530612244898
E00160653,296,44,17,27,252,28,224,14.864864864864865,5.743243243243244,9.121621621621621,85.13513513513513,9.45945945945946,75.67567567567568
E00160654,292,37,12,25,255,19,236,12.67123287671233,4.10958904109589,8.561643835616438,87.32876712328768,6.506849315068493,80.82191780821918
E00160655,269,30,10,20,239,23,216,11.152416356877323,3.717472118959108,7.434944237918216,88.84758364312268,8.550185873605948,80.29739776951673
E00160656,299,128,91,37,171,19,152,42.80936454849498,30.434782608695656,12.37458193979933,57.19063545150501,6.354515050167224,50.836120401337794
E00160657,275,17,4,13,258,28,230,6.181818181818182,1.4545454545454546,4.7272727272727275,93.81818181818183,10.181818181818182,83.63636363636363
E00160658,351,55,17,38,296,36,260,15.669515669515668,4.843304843304843,10.826210826210826,84.33048433048434,10.256410256410255,74.07407407407408
E00160659,384,78,40,38,306,28,278,20.3125,10.416666666666668,9.895833333333332,79.6875,7.291666666666667,72.39583333333334
E00160660,319,41,11,30,278,26,252,12.852664576802509,3.4482758620689653,9.404388714733543,87.14733542319749,8.150470219435736,78.99686520376176
E00160661,231,42,15,27,189,15,174,18.181818181818183,6.493506493506493,11.688311688311687,81.81818181818183,6.493506493506493,75.32467532467533
E00160662,345,36,5,31,309,27,282,10.434782608695652,1.4492753623188406,8.985507246376812,89.56521739130436,7.82608695652174,81.73913043478261
E00160663,360,49,13,36,311,42,269,13.61111111111111,3.6111111111111107,10,86.38888888888889,11.666666666666666,74.72222222222223
E00160664,343,30,4,26,313,27,286,8.746355685131196,1.1661807580174928,7.580174927113703,91.25364431486881,7.871720116618077,83.38192419825073
E00160665,387,26,5,21,361,25,336,6.718346253229974,1.2919896640826873,5.426356589147287,93.28165374677002,6.459948320413436,86.82170542635659
E00160666,289,38,9,29,251,15,236,13.148788927335639,3.1141868512110724,10.034602076124568,86.85121107266436,5.190311418685121,81.66089965397923
E00160667,279,53,19,34,226,18,208,18.996415770609318,6.810035842293908,12.186379928315413,81.00358422939068,6.451612903225806,74.55197132616487
E00160668,344,33,10,23,311,31,280,9.593023255813954,2.9069767441860463,6.686046511627906,90.40697674418605,9.011627906976743,81.3953488372093
E00160670,356,45,14,31,311,30,281,12.640449438202248,3.932584269662921,8.707865168539326,87.35955056179775,8.426966292134832,78.93258426966293
E00160671,300,46,12,34,254,20,234,15.333333333333332,4,11.333333333333332,84.66666666666667,6.666666666666667,78
E00160672,298,49,18,31,249,37,212,16.44295302013423,6.0402684563758395,10.40268456375839,83.55704697986577,12.416107382550337,71.14093959731544
E00160673,345,67,22,45,278,30,248,19.420289855072465,6.3768115942028984,13.043478260869565,80.57971014492755,8.695652173913043,71.8840579710145
E00160674,301,64,28,36,237,27,210,21.262458471760798,9.30232558139535,11.960132890365449,78.7375415282392,8.970099667774086,69.76744186046511
E00160675,350,77,33,44,273,32,241,22,9.428571428571429,12.571428571428573,78,9.142857142857142,68.85714285714286
E00160676,450,58,18,40,392,51,341,12.88888888888889,4,8.88888888888889,87.1111111111111,11.333333333333332,75.77777777777777
E00160677,303,42,18,24,261,27,234,13.861386138613863,5.9405940594059405,7.920792079207921,86.13861386138613,8.91089108910891,77.22772277227723
E00160678,271,33,11,22,238,23,215,12.177121771217712,4.059040590405904,8.118081180811808,87.82287822878229,8.487084870848708,79.33579335793358
E00160679,287,38,13,25,249,21,228,13.240418118466899,4.529616724738676,8.710801393728223,86.7595818815331,7.317073170731707,79.44250871080139
E00160680,341,43,17,26,298,30,268,12.609970674486803,4.9853372434017595,7.624633431085044,87.3900293255132,8.797653958944283,78.59237536656892
E00160681,335,43,13,30,292,27,265,12.835820895522387,3.880597014925373,8.955223880597014,87.16417910447761,8.059701492537313,79.1044776119403
E00160682,310,41,10,31,269,16,253,13.225806451612904,3.225806451612903,10,86.7741935483871,5.161290322580645,81.61290322580645
E00160683,313,52,18,34,261,23,238,16.61341853035144,5.7507987220447285,10.86261980830671,83.38658146964856,7.348242811501597,76.03833865814697
E00160684,334,34,7,27,300,26,274,10.179640718562874,2.095808383233533,8.08383233532934,89.82035928143712,7.784431137724551,82.03592814371258
E00160685,354,30,5,25,324,25,299,8.47457627118644,1.4124293785310735,7.062146892655368,91.52542372881356,7.062146892655368,84.4632768361582
E00160686,255,26,5,21,229,19,210,10.196078431372548,1.9607843137254901,8.235294117647058,89.80392156862746,7.450980392156863,82.35294117647058
E00160687,266,27,5,22,239,20,219,10.150375939849624,1.8796992481203008,8.270676691729323,89.84962406015038,7.518796992481203,82.33082706766918
E00160688,278,42,21,21,236,15,221,15.107913669064748,7.553956834532374,7.553956834532374,84.89208633093526,5.39568345323741,79.49640287769785
E00160689,323,46,14,32,277,22,255,14.241486068111456,4.3343653250774,9.907120743034056,85.75851393188854,6.811145510835913,78.94736842105263
E00160690,242,23,6,17,219,13,206,9.50413223140496,2.479338842975207,7.024793388429752,90.49586776859503,5.371900826446281,85.12396694214877
E00160691,291,53,15,38,238,23,215,18.213058419243985,5.154639175257731,13.058419243986256,81.78694158075601,7.903780068728522,73.8831615120275
E00160692,356,87,46,41,269,27,242,24.43820224719101,12.921348314606742,11.51685393258427,75.56179775280899,7.584269662921349,67.97752808988764
E00160693,320,60,21,39,260,40,220,18.75,6.5625,12.1875,81.25,12.5,68.75
E00160694,473,77,29,48,396,42,354,16.27906976744186,6.13107822410148,10.14799154334038,83.72093023255815,8.879492600422834,74.84143763213531
E00160695,272,36,5,31,236,33,203,13.23529411764706,1.8382352941176472,11.397058823529411,86.76470588235294,12.132352941176471,74.63235294117648
E00160697,257,45,16,29,212,17,195,17.509727626459142,6.22568093385214,11.284046692607005,82.49027237354085,6.614785992217899,75.87548638132296
E00160698,188,37,12,25,151,20,131,19.680851063829788,6.382978723404255,13.297872340425531,80.31914893617021,10.638297872340425,69.68085106382979
E00160699,292,45,20,25,247,29,218,15.41095890410959,6.8493150684931505,8.561643835616438,84.58904109589042,9.931506849315069,74.65753424657534
E00160700,252,50,13,37,202,23,179,19.841269841269842,5.158730158730158,14.682539682539684,80.15873015873017,9.126984126984127,71.03174603174604
E00160701,199,44,20,24,155,15,140,22.110552763819097,10.050251256281408,12.060301507537687,77.88944723618091,7.537688442211055,70.35175879396985
E00160702,319,53,17,36,266,22,244,16.614420062695924,5.329153605015674,11.285266457680251,83.38557993730407,6.896551724137931,76.48902821316614
E00160703,311,42,20,22,269,36,233,13.504823151125404,6.430868167202572,7.07395498392283,86.49517684887459,11.57556270096463,74.91961414790997
E00160704,222,41,17,24,181,15,166,18.46846846846847,7.657657657657657,10.81081081081081,81.53153153153153,6.756756756756757,74.77477477477478
E00160705,265,40,8,32,225,18,207,15.09433962264151,3.018867924528302,12.075471698113208,84.90566037735849,6.7924528301886795,78.11320754716982
E00160706,233,53,17,36,180,14,166,22.746781115879827,7.296137339055794,15.450643776824036,77.25321888412017,6.008583690987124,71.24463519313305
E00160707,251,69,33,36,182,21,161,27.490039840637447,13.147410358565736,14.342629482071715,72.50996015936255,8.366533864541832,64.14342629482071
E00160708,244,35,21,14,209,19,190,14.344262295081966,8.60655737704918,5.737704918032787,85.65573770491804,7.786885245901639,77.8688524590164
E00160709,234,31,14,17,203,24,179,13.247863247863249,5.982905982905983,7.264957264957266,86.75213675213675,10.256410256410255,76.49572649572649
E00160710,421,72,27,45,349,32,317,17.102137767220903,6.413301662707839,10.688836104513063,82.89786223277909,7.600950118764846,75.29691211401425
E00160711,293,33,10,23,260,25,235,11.262798634812286,3.4129692832764507,7.849829351535837,88.73720136518772,8.532423208191126,80.2047781569966
E00160712,328,57,23,34,271,40,231,17.378048780487802,7.01219512195122,10.365853658536585,82.6219512195122,12.195121951219512,70.42682926829268
E00160713,278,38,10,28,240,21,219,13.66906474820144,3.5971223021582732,10.071942446043165,86.33093525179856,7.553956834532374,78.77697841726618
E00160714,364,49,14,35,315,30,285,13.461538461538462,3.8461538461538463,9.615384615384617,86.53846153846155,8.241758241758241,78.2967032967033
E00160715,421,79,34,45,342,24,318,18.76484560570071,8.076009501187649,10.688836104513063,81.23515439429929,5.7007125890736345,75.53444180522565
E00160716,404,79,29,50,325,24,301,19.554455445544555,7.1782178217821775,12.376237623762377,80.44554455445545,5.9405940594059405,74.5049504950495
E00160717,321,52,15,37,269,28,241,16.1993769470405,4.672897196261682,11.526479750778815,83.8006230529595,8.722741433021806,75.0778816199377
E00160718,288,32,6,26,256,16,240,11.11111111111111,2.083333333333333,9.027777777777777,88.88888888888889,5.555555555555555,83.33333333333334
E00160720,302,49,16,33,253,16,237,16.225165562913908,5.298013245033113,10.927152317880795,83.77483443708608,5.298013245033113,78.47682119205298
E00160722,597,69,21,48,528,44,484,11.557788944723619,3.5175879396984926,8.040201005025125,88.44221105527639,7.370184254606365,81.07202680067002
E00160723,208,27,6,21,181,22,159,12.980769230769232,2.8846153846153846,10.096153846153847,87.01923076923077,10.576923076923077,76.4423076923077
E00160724,266,33,9,24,233,21,212,12.406015037593985,3.3834586466165413,9.022556390977442,87.59398496240601,7.894736842105263,79.69924812030075
E00160725,186,38,18,20,148,13,135,20.43010752688172,9.67741935483871,10.75268817204301,79.56989247311827,6.989247311827956,72.58064516129032
E00160726,286,40,10,30,246,21,225,13.986013986013987,3.4965034965034967,10.48951048951049,86.01398601398601,7.3426573426573425,78.67132867132867
E00160727,190,26,7,19,164,16,148,13.684210526315791,3.684210526315789,10,86.31578947368422,8.421052631578947,77.89473684210526
E00160728,115,13,2,11,102,15,87,11.304347826086957,1.7391304347826086,9.565217391304348,88.69565217391305,13.043478260869565,75.65217391304347
E00160729,251,42,17,25,209,20,189,16.733067729083665,6.772908366533864,9.9601593625498,83.26693227091634,7.968127490039841,75.2988047808765
E00160730,360,109,43,66,251,19,232,30.277777777777775,11.944444444444445,18.333333333333332,69.72222222222221,5.277777777777778,64.44444444444444
E00160731,280,42,11,31,238,28,210,15,3.9285714285714284,11.071428571428571,85,10,75
E00160732,427,72,22,50,355,40,315,16.861826697892273,5.152224824355972,11.7096018735363,83.13817330210773,9.367681498829041,73.77049180327869
E00160733,361,62,25,37,299,44,255,17.174515235457065,6.9252077562326875,10.249307479224377,82.82548476454294,12.18836565096953,70.6371191135734
E00160734,228,25,7,18,203,21,182,10.964912280701753,3.070175438596491,7.894736842105263,89.03508771929825,9.210526315789473,79.82456140350878
E00160735,229,54,31,23,175,20,155,23.580786026200872,13.537117903930133,10.043668122270741,76.41921397379913,8.73362445414847,67.68558951965066
E00160736,281,44,14,30,237,17,220,15.658362989323843,4.98220640569395,10.676156583629894,84.34163701067615,6.049822064056939,78.29181494661923
E00160737,412,77,25,52,335,29,306,18.689320388349515,6.067961165048544,12.62135922330097,81.31067961165049,7.038834951456311,74.27184466019418
E00160738,217,36,17,19,181,30,151,16.589861751152075,7.834101382488479,8.755760368663594,83.41013824884793,13.82488479262673,69.5852534562212
E00160739,266,46,16,30,220,23,197,17.293233082706767,6.015037593984962,11.278195488721805,82.70676691729322,8.646616541353383,74.06015037593986
E00160740,234,38,18,20,196,17,179,16.23931623931624,7.6923076923076925,8.547008547008547,83.76068376068376,7.264957264957266,76.49572649572649
E00160741,382,60,22,38,322,34,288,15.706806282722512,5.7591623036649215,9.947643979057592,84.29319371727748,8.900523560209423,75.39267015706807
E00160743,297,40,14,26,257,25,232,13.468013468013467,4.713804713804714,8.754208754208754,86.53198653198653,8.417508417508419,78.11447811447812
E00160744,274,30,8,22,244,25,219,10.948905109489052,2.9197080291970803,8.02919708029197,89.05109489051095,9.124087591240876,79.92700729927007
E00160745,272,54,24,30,218,31,187,19.852941176470587,8.823529411764707,11.029411764705882,80.14705882352942,11.397058823529411,68.75
E00160746,323,53,38,15,270,21,249,16.408668730650156,11.76470588235294,4.643962848297214,83.59133126934985,6.5015479876160995,77.08978328173374
E00160747,187,19,2,17,168,19,149,10.16042780748663,1.06951871657754,9.090909090909092,89.83957219251337,10.16042780748663,79.67914438502673
E00160748,262,26,1,25,236,29,207,9.923664122137405,0.38167938931297707,9.541984732824428,90.07633587786259,11.068702290076336,79.00763358778626
E00160749,353,76,31,45,277,29,248,21.529745042492916,8.78186968838527,12.747875354107649,78.47025495750708,8.21529745042493,70.25495750708215
E00160750,379,46,12,34,333,25,308,12.137203166226913,3.16622691292876,8.970976253298153,87.86279683377309,6.596306068601583,81.26649076517151
E00160751,512,58,20,38,454,44,410,11.328125,3.90625,7.421875,88.671875,8.59375,80.078125
E00160752,312,42,17,25,270,18,252,13.461538461538462,5.448717948717949,8.012820512820513,86.53846153846155,5.769230769230769,80.76923076923077
E00160753,119,23,11,12,96,5,91,19.327731092436977,9.243697478991598,10.084033613445378,80.67226890756302,4.201680672268908,76.47058823529412
E00160754,399,36,11,25,363,36,327,9.022556390977442,2.756892230576441,6.265664160401002,90.97744360902256,9.022556390977442,81.95488721804512
E00160755,311,42,10,32,269,21,248,13.504823151125404,3.215434083601286,10.289389067524116,86.49517684887459,6.752411575562702,79.7427652733119
E00160756,283,31,15,16,252,22,230,10.954063604240282,5.30035335689046,5.6537102473498235,89.04593639575971,7.773851590106007,81.2720848056537
E00160757,304,41,14,27,263,21,242,13.486842105263158,4.605263157894736,8.881578947368421,86.51315789473685,6.907894736842106,79.60526315789474
E00160758,306,39,9,30,267,26,241,12.745098039215685,2.941176470588235,9.803921568627452,87.25490196078431,8.49673202614379,78.75816993464052
E00160759,233,29,12,17,204,16,188,12.446351931330472,5.150214592274678,7.296137339055794,87.55364806866953,6.866952789699571,80.68669527896995
E00160760,302,61,29,32,241,21,220,20.198675496688743,9.602649006622517,10.596026490066226,79.80132450331125,6.95364238410596,72.84768211920529
E00160761,370,33,8,25,337,25,312,8.91891891891892,2.1621621621621623,6.756756756756757,91.08108108108108,6.756756756756757,84.32432432432432
E00160762,298,70,34,36,228,16,212,23.48993288590604,11.409395973154362,12.080536912751679,76.51006711409396,5.369127516778524,71.14093959731544
E00160763,367,45,14,31,322,33,289,12.26158038147139,3.8147138964577656,8.446866485013624,87.73841961852861,8.991825613079019,78.7465940054496
E00160764,291,58,25,33,233,15,218,19.93127147766323,8.59106529209622,11.34020618556701,80.06872852233677,5.154639175257731,74.91408934707904
E00160765,243,47,15,32,196,25,171,19.34156378600823,6.172839506172839,13.168724279835391,80.65843621399176,10.2880658436214,70.37037037037037
E00160766,220,43,12,31,177,16,161,19.545454545454547,5.454545454545454,14.09090909090909,80.45454545454545,7.2727272727272725,73.18181818181819
E00160767,276,67,26,41,209,27,182,24.27536231884058,9.420289855072465,14.855072463768115,75.72463768115942,9.782608695652174,65.94202898550725
E00160768,296,63,27,36,233,26,207,21.283783783783782,9.121621621621621,12.162162162162163,78.71621621621621,8.783783783783784,69.93243243243244
E00160769,272,51,20,31,221,28,193,18.75,7.352941176470589,11.397058823529411,81.25,10.294117647058822,70.95588235294117
E00160770,303,50,13,37,253,22,231,16.5016501650165,4.29042904290429,12.211221122112212,83.4983498349835,7.2607260726072615,76.23762376237624
E00160771,247,53,21,32,194,12,182,21.45748987854251,8.502024291497975,12.955465587044534,78.54251012145748,4.8582995951417,73.68421052631578
E00160772,189,23,9,14,166,17,149,12.16931216931217,4.761904761904762,7.4074074074074066,87.83068783068782,8.994708994708994,78.83597883597884
E00160774,244,64,30,34,180,18,162,26.229508196721312,12.295081967213115,13.934426229508196,73.77049180327869,7.377049180327869,66.39344262295081
E00160775,413,104,56,48,309,36,273,25.181598062954,13.559322033898304,11.62227602905569,74.818401937046,8.716707021791766,66.10169491525424
E00160777,274,75,31,44,199,10,189,27.37226277372263,11.313868613138686,16.05839416058394,72.62773722627736,3.64963503649635,68.97810218978103
E00160778,232,56,30,26,176,12,164,24.137931034482758,12.931034482758621,11.206896551724139,75.86206896551724,5.172413793103448,70.6896551724138
E00160779,296,48,17,31,248,30,218,16.216216216216218,5.743243243243244,10.472972972972974,83.78378378378379,10.135135135135135,73.64864864864865
E00160780,326,86,51,35,240,29,211,26.380368098159508,15.644171779141105,10.736196319018406,73.61963190184049,8.895705521472392,64.7239263803681
E00160781,380,70,26,44,310,31,279,18.421052631578945,6.842105263157896,11.578947368421053,81.57894736842105,8.157894736842106,73.42105263157895
E00160782,256,67,33,34,189,18,171,26.171875,12.890625,13.28125,73.828125,7.03125,66.796875
E00160783,258,51,18,33,207,18,189,19.767441860465116,6.976744186046512,12.790697674418606,80.23255813953489,6.976744186046512,73.25581395348837
E00160784,200,52,27,25,148,21,127,26,13.5,12.5,74,10.5,63.5
E00160785,244,68,25,43,176,24,152,27.86885245901639,10.245901639344263,17.62295081967213,72.1311475409836,9.836065573770492,62.295081967213115
E00160786,338,90,63,27,248,33,215,26.627218934911244,18.639053254437872,7.988165680473373,73.37278106508876,9.763313609467456,63.609467455621306
E00160787,272,70,40,30,202,19,183,25.735294117647058,14.705882352941178,11.029411764705882,74.26470588235294,6.985294117647059,67.27941176470588
E00160788,357,65,37,28,292,33,259,18.207282913165265,10.364145658263306,7.8431372549019605,81.79271708683473,9.243697478991598,72.54901960784314
E00160789,360,84,43,41,276,26,250,23.333333333333332,11.944444444444445,11.38888888888889,76.66666666666667,7.222222222222221,69.44444444444444
E00160790,288,61,21,40,227,24,203,21.180555555555554,7.291666666666667,13.88888888888889,78.81944444444444,8.333333333333332,70.48611111111111
E00160791,282,56,24,32,226,21,205,19.858156028368796,8.51063829787234,11.347517730496454,80.1418439716312,7.446808510638298,72.69503546099291
E00160792,278,66,28,38,212,17,195,23.741007194244602,10.071942446043165,13.66906474820144,76.2589928057554,6.115107913669065,70.14388489208633
E00160793,310,55,22,33,255,33,222,17.741935483870968,7.096774193548387,10.64516129032258,82.25806451612904,10.64516129032258,71.61290322580646
E00160794,272,61,24,37,211,22,189,22.426470588235293,8.823529411764707,13.602941176470587,77.57352941176471,8.088235294117647,69.48529411764706
E00160795,252,61,29,32,191,29,162,24.206349206349206,11.507936507936508,12.698412698412698,75.79365079365078,11.507936507936508,64.28571428571429
E00160796,317,56,25,31,261,39,222,17.665615141955836,7.886435331230284,9.779179810725552,82.33438485804416,12.302839116719243,70.03154574132492
E00160797,290,45,19,26,245,27,218,15.517241379310345,6.551724137931035,8.96551724137931,84.48275862068965,9.310344827586208,75.17241379310344
E00160798,290,72,37,35,218,35,183,24.82758620689655,12.758620689655173,12.068965517241379,75.17241379310344,12.068965517241379,63.10344827586207
E00160799,267,68,24,44,199,22,177,25.468164794007492,8.98876404494382,16.479400749063668,74.53183520599251,8.239700374531834,66.29213483146067
E00160800,280,35,10,25,245,20,225,12.5,3.571428571428571,8.928571428571429,87.5,7.142857142857142,80.35714285714286
E00160801,405,71,21,50,334,41,293,17.530864197530864,5.185185185185185,12.345679012345679,82.46913580246914,10.123456790123457,72.34567901234567
E00160802,211,55,22,33,156,15,141,26.066350710900476,10.42654028436019,15.639810426540285,73.93364928909952,7.109004739336493,66.82464454976304
E00160803,256,46,22,24,210,22,188,17.96875,8.59375,9.375,82.03125,8.59375,73.4375
E00160804,140,28,11,17,112,22,90,20,7.857142857142857,12.142857142857142,80,15.714285714285714,64.28571428571429
E00160805,327,48,16,32,279,32,247,14.678899082568808,4.892966360856269,9.785932721712538,85.3211009174312,9.785932721712538,75.53516819571865
E00160806,328,43,14,29,285,28,257,13.109756097560975,4.2682926829268295,8.841463414634147,86.89024390243902,8.536585365853659,78.35365853658537
E00160807,280,51,28,23,229,21,208,18.21428571428571,10,8.214285714285714,81.78571428571428,7.5,74.28571428571429
E00160808,368,64,22,42,304,21,283,17.391304347826086,5.978260869565218,11.41304347826087,82.6086956521739,5.706521739130435,76.90217391304348
E00160809,530,89,22,67,441,43,398,16.79245283018868,4.150943396226415,12.641509433962264,83.20754716981132,8.11320754716981,75.09433962264151
E00160810,226,31,9,22,195,17,178,13.716814159292035,3.982300884955752,9.734513274336283,86.28318584070797,7.52212389380531,78.76106194690266
E00160811,400,61,24,37,339,17,322,15.25,6,9.25,84.75,4.25,80.5
E00160812,344,72,22,50,272,33,239,20.930232558139537,6.395348837209303,14.534883720930234,79.06976744186046,9.593023255813954,69.47674418604652
E00160813,255,51,16,35,204,21,183,20,6.2745098039215685,13.725490196078432,80,8.235294117647058,71.76470588235294
E00160814,345,45,16,29,300,34,266,13.043478260869565,4.63768115942029,8.405797101449275,86.95652173913044,9.855072463768117,77.10144927536233
E00160815,285,40,11,29,245,28,217,14.035087719298245,3.8596491228070176,10.175438596491228,85.96491228070175,9.824561403508772,76.14035087719299
E00160816,289,61,28,33,228,33,195,21.10726643598616,9.688581314878892,11.418685121107266,78.89273356401384,11.418685121107266,67.47404844290658
E00160817,283,61,30,31,222,21,201,21.554770318021202,10.60070671378092,10.954063604240282,78.4452296819788,7.420494699646643,71.02473498233216
E00160818,190,25,10,15,165,19,146,13.157894736842104,5.263157894736842,7.894736842105263,86.8421052631579,10,76.84210526315789
E00160819,375,90,55,35,285,30,255,24,14.666666666666666,9.333333333333334,76,8,68
E00160821,331,60,20,40,271,20,251,18.12688821752266,6.042296072507553,12.084592145015106,81.87311178247734,6.042296072507553,75.83081570996978
E00160822,277,34,11,23,243,24,219,12.274368231046932,3.9711191335740073,8.303249097472925,87.72563176895306,8.664259927797833,79.06137184115524
E00160823,467,120,58,62,347,37,310,25.69593147751606,12.419700214132762,13.276231263383298,74.30406852248393,7.922912205567452,66.38115631691649
E00160824,275,36,15,21,239,23,216,13.090909090909092,5.454545454545454,7.636363636363637,86.9090909090909,8.363636363636363,78.54545454545455
E00160825,305,72,23,49,233,23,210,23.60655737704918,7.540983606557377,16.065573770491802,76.39344262295083,7.540983606557377,68.85245901639344
E00160826,378,56,20,36,322,27,295,14.814814814814813,5.291005291005291,9.523809523809524,85.18518518518519,7.142857142857142,78.04232804232805
E00160827,316,56,20,36,260,31,229,17.72151898734177,6.329113924050633,11.39240506329114,82.27848101265823,9.81012658227848,72.46835443037975
E00160828,246,60,21,39,186,12,174,24.390243902439025,8.536585365853659,15.853658536585366,75.60975609756098,4.878048780487805,70.73170731707317
E00160829,342,48,18,30,294,19,275,14.035087719298245,5.263157894736842,8.771929824561402,85.96491228070175,5.555555555555555,80.4093567251462
E00160831,379,28,10,18,351,8,343,7.387862796833773,2.638522427440633,4.749340369393139,92.61213720316623,2.1108179419525066,90.50131926121372
E00160832,242,22,8,14,220,17,203,9.090909090909092,3.3057851239669422,5.785123966942149,90.9090909090909,7.024793388429752,83.88429752066115
E00160833,169,26,12,14,143,5,138,15.384615384615385,7.100591715976331,8.284023668639055,84.61538461538461,2.9585798816568047,81.65680473372781
E00160834,307,37,10,27,270,25,245,12.052117263843648,3.257328990228013,8.794788273615636,87.94788273615634,8.143322475570033,79.80456026058633
E00160835,306,39,15,24,267,26,241,12.745098039215685,4.901960784313726,7.8431372549019605,87.25490196078431,8.49673202614379,78.75816993464052
E00160836,292,44,10,34,248,34,214,15.068493150684931,3.4246575342465753,11.643835616438356,84.93150684931507,11.643835616438356,73.28767123287672
E00160837,267,27,8,19,240,31,209,10.112359550561797,2.9962546816479403,7.116104868913857,89.8876404494382,11.610486891385769,78.27715355805243
E00160838,268,57,24,33,211,13,198,21.26865671641791,8.955223880597014,12.313432835820896,78.73134328358209,4.850746268656716,73.88059701492537
E00160839,250,39,6,33,211,25,186,15.6,2.4,13.200000000000001,84.39999999999999,10,74.4
E00160840,164,25,7,18,139,11,128,15.24390243902439,4.2682926829268295,10.975609756097562,84.7560975609756,6.707317073170732,78.04878048780488
E00160841,324,52,23,29,272,24,248,16.049382716049383,7.098765432098765,8.950617283950617,83.9506172839506,7.4074074074074066,76.5432098765432
E00160842,530,76,28,48,454,35,419,14.339622641509434,5.283018867924529,9.056603773584905,85.66037735849056,6.60377358490566,79.05660377358491
E00160844,338,72,26,46,266,19,247,21.301775147928996,7.6923076923076925,13.609467455621301,78.69822485207101,5.621301775147929,73.07692307692307
E00160845,324,45,17,28,279,21,258,13.88888888888889,5.246913580246913,8.641975308641975,86.11111111111111,6.481481481481481,79.62962962962963
E00160846,605,66,17,49,539,55,484,10.909090909090908,2.809917355371901,8.099173553719009,89.0909090909091,9.090909090909092,80
E00160847,279,50,13,37,229,22,207,17.921146953405017,4.659498207885305,13.261648745519713,82.07885304659499,7.885304659498208,74.19354838709677
E00160848,239,46,23,23,193,19,174,19.246861924686193,9.623430962343097,9.623430962343097,80.75313807531381,7.949790794979079,72.80334728033473
E00160849,311,44,14,30,267,32,235,14.14790996784566,4.501607717041801,9.646302250803858,85.85209003215434,10.289389067524116,75.56270096463022
E00160850,318,45,18,27,273,23,250,14.150943396226415,5.660377358490567,8.49056603773585,85.84905660377359,7.232704402515723,78.61635220125787
E00160851,290,37,12,25,253,24,229,12.758620689655173,4.137931034482759,8.620689655172415,87.24137931034483,8.275862068965518,78.96551724137932
E00160852,280,53,24,29,227,18,209,18.928571428571427,8.571428571428571,10.357142857142858,81.07142857142857,6.428571428571428,74.64285714285714
E00160853,477,66,29,37,411,33,378,13.836477987421384,6.079664570230608,7.756813417190776,86.16352201257862,6.918238993710692,79.24528301886792
E00160854,338,38,12,26,300,33,267,11.242603550295858,3.5502958579881656,7.6923076923076925,88.75739644970415,9.763313609467456,78.99408284023669
E00160856,208,28,9,19,180,21,159,13.461538461538462,4.326923076923077,9.134615384615383,86.53846153846155,10.096153846153847,76.4423076923077
E00160857,252,34,14,20,218,24,194,13.492063492063492,5.555555555555555,7.936507936507936,86.5079365079365,9.523809523809524,76.98412698412699
E00160858,279,63,23,40,216,23,193,22.58064516129032,8.24372759856631,14.336917562724013,77.41935483870968,8.24372759856631,69.17562724014337
E00160859,191,35,14,21,156,12,144,18.32460732984293,7.329842931937172,10.99476439790576,81.67539267015707,6.282722513089005,75.39267015706807
E00160861,211,43,23,20,168,17,151,20.379146919431278,10.90047393364929,9.47867298578199,79.62085308056872,8.056872037914692,71.56398104265402
E00160862,223,35,17,18,188,22,166,15.695067264573993,7.623318385650224,8.071748878923767,84.30493273542601,9.865470852017937,74.43946188340807
E00160863,185,30,13,17,155,16,139,16.216216216216218,7.027027027027027,9.18918918918919,83.78378378378379,8.64864864864865,75.13513513513513
E00160864,434,82,32,50,352,34,318,18.89400921658986,7.373271889400922,11.52073732718894,81.10599078341014,7.834101382488479,73.27188940092167
E00160865,239,57,28,29,182,15,167,23.84937238493724,11.715481171548117,12.133891213389122,76.15062761506276,6.2761506276150625,69.8744769874477
E00160866,355,50,19,31,305,20,285,14.084507042253522,5.352112676056338,8.732394366197182,85.91549295774648,5.633802816901409,80.28169014084507
E00160867,455,63,19,44,392,34,358,13.846153846153847,4.175824175824175,9.6703296703296715,86.15384615384616,7.472527472527473,78.68131868131869
E00160868,297,53,20,33,244,24,220,17.845117845117844,6.7340067340067336,11.11111111111111,82.15488215488216,8.080808080808081,74.07407407407408
E00160869,410,51,19,32,359,36,323,12.439024390243903,4.634146341463414,7.804878048780488,87.5609756097561,8.780487804878048,78.78048780487805
E00160870,299,49,19,30,250,27,223,16.387959866220736,6.354515050167224,10.033444816053512,83.61204013377926,9.03010033444816,74.5819397993311
E00160871,241,46,19,27,195,20,175,19.08713692946058,7.883817427385892,11.20331950207469,80.91286307053942,8.29875518672199,72.61410788381743
E00160872,338,51,13,38,287,34,253,15.088757396449704,3.8461538461538463,11.242603550295858,84.91124260355029,10.059171597633137,74.85207100591717
E00160873,320,36,11,25,284,30,254,11.25,3.4375000000000004,7.8125,88.75,9.375,79.375
E00160874,355,61,17,44,294,25,269,17.183098591549296,4.788732394366197,12.394366197183098,82.8169014084507,7.042253521126761,75.77464788732394
E00160875,379,41,14,27,338,32,306,10.817941952506596,3.6939313984168867,7.12401055408971,89.18205804749341,8.443271767810026,80.73878627968337
E00160876,270,49,19,30,221,22,199,18.14814814814815,7.037037037037037,11.11111111111111,81.85185185185185,8.148148148148149,73.70370370370371
E00160877,291,44,16,28,247,33,214,15.120274914089347,5.498281786941581,9.621993127147768,84.87972508591065,11.34020618556701,73.53951890034365
E00160878,334,47,15,32,287,31,256,14.071856287425149,4.491017964071856,9.580838323353294,85.92814371257485,9.281437125748502,76.64670658682635
E00160879,209,24,9,15,185,20,165,11.483253588516746,4.30622009569378,7.177033492822966,88.51674641148325,9.569377990430622,78.94736842105263
E00160880,376,43,8,35,333,30,303,11.436170212765957,2.127659574468085,9.308510638297872,88.56382978723404,7.9787234042553195,80.58510638297872
E00166593,550,83,36,47,467,35,432,15.090909090909092,6.545454545454546,8.545454545454545,84.9090909090909,6.363636363636363,78.54545454545455
E00166595,299,46,17,29,253,12,241,15.384615384615385,5.68561872909699,9.698996655518394,84.61538461538461,4.013377926421405,80.60200668896321
E00166596,224,49,19,30,175,20,155,21.875,8.482142857142858,13.392857142857142,78.125,8.928571428571429,69.19642857142857
E00166598,210,41,17,24,169,14,155,19.523809523809526,8.095238095238095,11.428571428571429,80.47619047619048,6.666666666666667,73.80952380952381
E00166599,231,6,1,5,225,10,215,2.5974025974025974,0.4329004329004329,2.1645021645021645,97.40259740259741,4.329004329004329,93.07359307359307
E00166601,1121,58,11,47,1063,25,1038,5.173951828724353,0.9812667261373774,4.192685102586976,94.82604817127564,2.230151650312221,92.59589652096342
E00166602,388,49,12,37,339,30,309,12.628865979381443,3.0927835051546393,9.536082474226804,87.37113402061856,7.731958762886598,79.63917525773195
E00166604,366,34,10,24,332,45,287,9.289617486338798,2.73224043715847,6.557377049180328,90.7103825136612,12.295081967213115,78.41530054644808
E00166605,363,50,14,36,313,33,280,13.774104683195592,3.8567493112947657,9.917355371900827,86.22589531680441,9.090909090909092,77.13498622589532
E00166609,392,61,18,43,331,31,300,15.561224489795919,4.591836734693878,10.96938775510204,84.43877551020408,7.908163265306123,76.53061224489795
E00166610,397,101,56,45,296,31,265,25.440806045340054,14.105793450881613,11.335012594458437,74.55919395465995,7.8085642317380355,66.75062972292191
E00166612,334,51,16,35,283,28,255,15.269461077844312,4.790419161676647,10.479041916167663,84.73053892215569,8.383233532934131,76.34730538922156
E00188547,280,39,15,24,241,30,211,13.928571428571429,5.357142857142857,8.571428571428571,86.07142857142858,10.714285714285714,75.35714285714286
E00188548,136,13,4,9,123,8,115,9.558823529411764,2.941176470588235,6.61764705882353,90.44117647058823,5.88235294117647,84.55882352941177
E00188549,125,14,2,12,111,17,94,11.200000000000001,1.6,9.6,88.8,13.600000000000001,75.2
E00188552,297,57,20,37,240,21,219,19.19191919191919,6.7340067340067336,12.457912457912458,80.8080808080808,7.07070707070707,73.73737373737373
E00188553,300,51,20,31,249,20,229,17,6.666666666666667,10.333333333333334,83,6.666666666666667,76.33333333333333
E00188557,370,81,26,55,289,29,260,21.891891891891895,7.027027027027027,14.864864864864865,78.10810810810811,7.837837837837839,70.27027027027027
E00188558,224,15,1,14,209,25,184,6.696428571428571,0.4464285714285714,6.25,93.30357142857143,11.160714285714286,82.14285714285714
E00188559,339,62,23,39,277,34,243,18.289085545722713,6.784660766961652,11.504424778761061,81.71091445427729,10.029498525073747,71.68141592920354
E00188560,371,67,33,34,304,39,265,18.059299191374663,8.89487870619946,9.164420485175203,81.94070080862534,10.512129380053908,71.42857142857143
E00188566,311,60,29,31,251,26,225,19.292604501607716,9.32475884244373,9.967845659163988,80.70739549839229,8.360128617363344,72.34726688102894
E00188573,388,44,15,29,344,35,309,11.34020618556701,3.865979381443299,7.474226804123711,88.65979381443299,9.02061855670103,79.63917525773195
E00188578,226,26,11,15,200,14,186,11.504424778761061,4.867256637168142,6.637168141592921,88.49557522123894,6.1946902654867255,82.30088495575221
E00188580,147,24,11,13,123,11,112,16.3265306122449,7.482993197278912,8.843537414965986,83.6734693877551,7.482993197278912,76.19047619047619
E00188584,469,67,19,48,402,25,377,14.285714285714285,4.051172707889126,10.23454157782516,85.71428571428571,5.330490405117271,80.38379530916845
E00188591,364,61,20,41,303,36,267,16.758241758241756,5.4945054945054945,11.263736263736265,83.24175824175825,9.89010989010989,73.35164835164835
E00188592,158,60,26,34,98,19,79,37.9746835443038,16.455696202531644,21.518987341772153,62.0253164556962,12.025316455696203,50
E00188596,406,65,26,39,341,30,311,16.00985221674877,6.403940886699508,9.60591133004926,83.99014778325123,7.389162561576355,76.60098522167488
E00188599,194,26,8,18,168,19,149,13.402061855670103,4.123711340206185,9.278350515463918,86.5979381443299,9.793814432989691,76.80412371134021
E00188601,255,35,6,29,220,25,195,13.725490196078432,2.3529411764705883,11.372549019607844,86.27450980392157,9.803921568627452,76.47058823529412
E00188604,279,31,9,22,248,10,238,11.11111111111111,3.225806451612903,7.885304659498208,88.88888888888889,3.584229390681003,85.30465949820788
E00188610,378,29,12,17,349,28,321,7.671957671957672,3.1746031746031744,4.497354497354497,92.32804232804233,7.4074074074074066,84.92063492063492
E00188624,258,23,4,19,235,22,213,8.914728682170542,1.550387596899225,7.3643410852713185,91.08527131782945,8.527131782945736,82.55813953488372
E00188627,348,28,9,19,320,29,291,8.045977011494253,2.586206896551724,5.459770114942529,91.95402298850574,8.333333333333332,83.62068965517241
E00188632,254,48,20,28,206,22,184,18.89763779527559,7.874015748031496,11.023622047244094,81.10236220472441,8.661417322834646,72.44094488188976
E00188637,161,16,1,15,145,10,135,9.937888198757763,0.6211180124223602,9.316770186335404,90.06211180124224,6.211180124223603,83.85093167701864
E00188644,306,65,21,44,241,31,210,21.241830065359476,6.862745098039216,14.37908496732026,78.75816993464052,10.130718954248366,68.62745098039215
E00188659,288,55,23,32,233,23,210,19.09722222222222,7.986111111111111,11.11111111111111,80.90277777777779,7.986111111111111,72.91666666666666
E00188664,296,23,4,19,273,32,241,7.77027027027027,1.3513513513513513,6.418918918918918,92.22972972972973,10.81081081081081,81.41891891891892
E00188684,233,25,5,20,208,21,187,10.72961373390558,2.1459227467811157,8.583690987124463,89.27038626609442,9.012875536480687,80.25751072961373
E00188692,351,51,23,28,300,30,270,14.529914529914532,6.552706552706552,7.977207977207977,85.47008547008546,8.547008547008547,76.92307692307693
E00188698,339,46,12,34,293,34,259,13.569321533923304,3.5398230088495577,10.029498525073747,86.4306784660767,10.029498525073747,76.40117994100295
E00188707,303,25,6,19,278,36,242,8.25082508250825,1.9801980198019802,6.270627062706271,91.74917491749174,11.881188118811881,79.86798679867987
E00188710,276,65,27,38,211,15,196,23.55072463768116,9.782608695652174,13.768115942028986,76.44927536231883,5.434782608695652,71.01449275362319
E00188713,609,104,18,86,505,65,440,17.077175697865353,2.955665024630542,14.12151067323481,82.92282430213464,10.673234811165845,72.2495894909688
E00188714,368,60,25,35,308,23,285,16.304347826086957,6.7934782608695645,9.510869565217392,83.69565217391305,6.25,77.44565217391305
E00188725,226,58,26,32,168,14,154,25.663716814159294,11.504424778761061,14.15929203539823,74.33628318584071,6.1946902654867255,68.14159292035397
E00188731,235,63,23,40,172,20,152,26.80851063829787,9.787234042553191,17.02127659574468,73.19148936170212,8.51063829787234,64.68085106382979
E00188739,324,59,22,37,265,19,246,18.209876543209877,6.790123456790123,11.419753086419753,81.79012345679013,5.864197530864197,75.92592592592592
E00188741,236,39,12,27,197,26,171,16.52542372881356,5.084745762711865,11.440677966101696,83.47457627118644,11.016949152542372,72.45762711864407
E00188752,455,68,18,50,387,33,354,14.945054945054945,3.9560439560439558,10.989010989010989,85.05494505494505,7.252747252747254,77.80219780219781
