OA,ts0380001,ts0380002,ts0380003,ts0380004,ts0380005,ts0380006,ts0380007,ts0380002_PCT,ts0380003_PCT,ts0380004_PCT,ts0380005_PCT,ts0380006_PCT,ts0380007_PCT
E00009832,285,33,7,26,252,14,238,11.578947368421053,2.456140350877193,9.12280701754386,88.42105263157895,4.912280701754386,83.50877192982456
E00009833,281,26,3,23,255,28,227,9.252669039145907,1.0676156583629894,8.185053380782918,90.74733096085409,9.9644128113879,80.78291814946618
E00009834,269,31,3,28,238,17,221,11.524163568773234,1.1152416356877324,10.408921933085502,88.47583643122677,6.319702602230483,82.15613382899627
E00009835,382,39,16,23,343,39,304,10.209424083769633,4.18848167539267,6.020942408376963,89.79057591623037,10.209424083769633,79.58115183246073
E00009836,243,37,11,26,206,25,181,15.22633744855967,4.526748971193416,10.699588477366255,84.77366255144034,10.2880658436214,74.48559670781893
E00009837,218,35,16,19,183,13,170,16.055045871559635,7.339449541284404,8.715596330275229,83.94495412844036,5.963302752293578,77.98165137614679
E00009838,374,31,9,22,343,38,305,8.288770053475936,2.406417112299465,5.88235294117647,91.71122994652407,10.16042780748663,81.55080213903744
E00009839,304,44,13,31,260,17,243,14.473684210526317,4.276315789473684,10.197368421052632,85.52631578947368,5.592105263157895,79.93421052631578
E00009840,369,30,13,17,339,29,310,8.130081300813007,3.523035230352303,4.607046070460704,91.869918699187,7.8590785907859075,84.01084010840108
E00009841,369,42,14,28,327,43,284,11.38211382113821,3.7940379403794036,7.588075880758807,88.6178861788618,11.653116531165312,76.96476964769647
E00009842,374,41,19,22,333,17,316,10.962566844919785,5.080213903743315,5.88235294117647,89.03743315508021,4.545454545454546,84.49197860962568
E00009843,375,38,11,27,337,22,315,10.133333333333333,2.933333333333333,7.199999999999999,89.86666666666666,5.866666666666666,84
E00009844,401,35,10,25,366,32,334,8.728179551122196,2.493765586034913,6.234413965087282,91.2718204488778,7.98004987531172,83.29177057356608
E00009845,322,38,14,24,284,17,267,11.801242236024844,4.3478260869565215,7.453416149068323,88.19875776397515,5.279503105590062,82.91925465838509
E00009846,375,39,15,24,336,23,313,10.4,4,6.4,89.60000000000001,6.133333333333333,83.46666666666667
E00009847,371,47,15,32,324,31,293,12.668463611859837,4.0431266846361185,8.62533692722372,87.33153638814017,8.355795148247978,78.97574123989219
E00009848,326,36,7,29,290,29,261,11.042944785276074,2.147239263803681,8.895705521472392,88.95705521472392,8.895705521472392,80.06134969325154
E00009849,338,38,18,20,300,29,271,11.242603550295858,5.325443786982249,5.9171597633136095,88.75739644970415,8.579881656804734,80.1775147928994
E00009850,300,35,11,24,265,10,255,11.666666666666666,3.6666666666666665,8,88.33333333333333,3.3333333333333335,85
E00009851,398,36,6,30,362,30,332,9.045226130653267,1.507537688442211,7.537688442211055,90.95477386934674,7.537688442211055,83.41708542713567
E00009852,328,40,15,25,288,25,263,12.195121951219512,4.573170731707317,7.621951219512195,87.8048780487805,7.621951219512195,80.1829268292683
E00009853,240,33,12,21,207,19,188,13.750000000000002,5,8.75,86.25,7.916666666666666,78.33333333333333
E00009854,327,32,10,22,295,23,272,9.785932721712538,3.058103975535168,6.727828746177369,90.21406727828746,7.033639143730887,83.18042813455658
E00009855,373,45,10,35,328,18,310,12.064343163538874,2.680965147453083,9.383378016085791,87.93565683646113,4.825737265415549,83.10991957104558
E00009856,312,42,17,25,270,18,252,13.461538461538462,5.448717948717949,8.012820512820513,86.53846153846155,5.769230769230769,80.76923076923077
E00009857,346,45,19,26,301,26,275,13.005780346820808,5.491329479768786,7.514450867052023,86.9942196531792,7.514450867052023,79.47976878612717
E00009858,225,22,12,10,203,14,189,9.777777777777779,5.333333333333334,4.444444444444445,90.22222222222223,6.222222222222222,84
E00009859,299,32,10,22,267,22,245,10.702341137123746,3.3444816053511706,7.357859531772576,89.29765886287625,7.357859531772576,81.93979933110369
E00009860,351,34,7,27,317,26,291,9.686609686609685,1.9943019943019942,7.6923076923076925,90.31339031339031,7.4074074074074066,82.90598290598291
E00009861,234,16,6,10,218,17,201,6.837606837606838,2.564102564102564,4.273504273504273,93.16239316239316,7.264957264957266,85.8974358974359
E00009862,302,42,23,19,260,17,243,13.90728476821192,7.6158940397351,6.291390728476822,86.09271523178808,5.629139072847682,80.4635761589404
E00009863,352,54,26,28,298,29,269,15.340909090909092,7.386363636363637,7.954545454545454,84.6590909090909,8.238636363636363,76.42045454545455
E00009864,356,39,13,26,317,11,306,10.955056179775282,3.651685393258427,7.303370786516854,89.04494382022472,3.089887640449438,85.95505617977528
E00009865,373,48,22,26,325,12,313,12.868632707774799,5.898123324396782,6.970509383378016,87.1313672922252,3.2171581769436997,83.91420911528151
E00009866,351,53,13,40,298,22,276,15.0997150997151,3.7037037037037033,11.396011396011396,84.9002849002849,6.267806267806268,78.63247863247864
E00009867,529,53,23,30,476,29,447,10.01890359168242,4.3478260869565215,5.671077504725898,89.98109640831758,5.482041587901701,84.49905482041588
E00009868,282,42,17,25,240,15,225,14.893617021276595,6.028368794326241,8.865248226950355,85.1063829787234,5.319148936170213,79.7872340425532
E00009869,369,43,20,23,326,16,310,11.653116531165312,5.420054200542006,6.233062330623306,88.34688346883469,4.336043360433604,84.01084010840108
E00009870,258,47,29,18,211,16,195,18.217054263565892,11.24031007751938,6.976744186046512,81.78294573643412,6.2015503875969,75.5813953488372
E00009871,376,64,34,30,312,14,298,17.02127659574468,9.042553191489363,7.9787234042553195,82.97872340425532,3.723404255319149,79.25531914893617
E00009872,350,51,23,28,299,16,283,14.571428571428571,6.571428571428571,8,85.42857142857143,4.571428571428571,80.85714285714286
E00009873,357,58,31,27,299,21,278,16.246498599439775,8.683473389355742,7.563025210084033,83.75350140056022,5.88235294117647,77.87114845938376
E00009874,261,36,17,19,225,12,213,13.793103448275861,6.513409961685824,7.2796934865900385,86.20689655172413,4.597701149425287,81.60919540229885
E00009875,393,69,42,27,324,18,306,17.557251908396946,10.687022900763358,6.870229007633588,82.44274809160305,4.580152671755725,77.86259541984732
E00009876,428,62,31,31,366,24,342,14.485981308411214,7.242990654205607,7.242990654205607,85.51401869158879,5.607476635514018,79.90654205607477
E00009877,570,64,27,37,506,23,483,11.228070175438596,4.736842105263158,6.491228070175438,88.7719298245614,4.035087719298246,84.73684210526315
E00009878,279,50,25,25,229,14,215,17.921146953405017,8.960573476702509,8.960573476702509,82.07885304659499,5.017921146953405,77.06093189964157
E00009879,267,38,18,20,229,17,212,14.232209737827715,6.741573033707865,7.490636704119851,85.76779026217228,6.367041198501873,79.40074906367042
E00009880,253,17,7,10,236,16,220,6.719367588932807,2.766798418972332,3.9525691699604746,93.2806324110672,6.324110671936759,86.95652173913044
E00009881,329,32,17,15,297,11,286,9.72644376899696,5.167173252279635,4.5592705167173255,90.27355623100304,3.343465045592705,86.93009118541033
E00009882,283,63,21,42,220,13,207,22.261484098939928,7.420494699646643,14.840989399293287,77.73851590106007,4.593639575971731,73.14487632508833
E00009883,318,55,27,28,263,14,249,17.29559748427673,8.49056603773585,8.80503144654088,82.70440251572327,4.40251572327044,78.30188679245283
E00009884,408,87,40,47,321,16,305,21.323529411764707,9.803921568627452,11.519607843137255,78.67647058823529,3.9215686274509802,74.75490196078431
E00009885,281,58,30,28,223,11,212,20.640569395017792,10.676156583629894,9.9644128113879,79.35943060498221,3.9145907473309607,75.44483985765125
E00009886,223,33,18,15,190,6,184,14.798206278026907,8.071748878923767,6.726457399103139,85.20179372197309,2.690582959641256,82.51121076233184
E00009887,305,49,29,20,256,16,240,16.065573770491802,9.508196721311474,6.557377049180328,83.93442622950819,5.245901639344262,78.68852459016394
E00009888,296,54,28,26,242,16,226,18.243243243243242,9.45945945945946,8.783783783783784,81.75675675675676,5.405405405405405,76.35135135135135
E00009889,286,39,15,24,247,34,213,13.636363636363635,5.244755244755245,8.391608391608392,86.36363636363636,11.888111888111888,74.47552447552448
E00009890,227,16,7,9,211,15,196,7.048458149779736,3.0837004405286343,3.9647577092511015,92.95154185022027,6.607929515418502,86.34361233480176
E00009892,283,23,6,17,260,24,236,8.12720848056537,2.1201413427561837,6.007067137809187,91.87279151943463,8.480565371024735,83.3922261484099
E00009893,386,38,13,25,348,26,322,9.844559585492227,3.3678756476683938,6.476683937823833,90.15544041450777,6.7357512953367875,83.41968911917098
E00009894,308,37,18,19,271,18,253,12.012987012987013,5.844155844155844,6.1688311688311686,87.98701298701299,5.844155844155844,82.14285714285714
E00009895,318,39,8,31,279,12,267,12.264150943396226,2.515723270440252,9.748427672955975,87.73584905660378,3.7735849056603774,83.9622641509434
E00009896,465,41,20,21,424,13,411,8.817204301075268,4.301075268817205,4.516129032258064,91.18279569892474,2.795698924731183,88.38709677419355
E00009897,308,44,14,30,264,26,238,14.285714285714285,4.545454545454546,9.740259740259742,85.71428571428571,8.441558441558442,77.27272727272727
E00009898,320,47,16,31,273,16,257,14.6875,5,9.6875,85.3125,5,80.3125
E00009899,309,48,19,29,261,22,239,15.53398058252427,6.148867313915858,9.385113268608414,84.46601941747572,7.119741100323624,77.34627831715211
E00009900,492,64,26,38,428,25,403,13.008130081300814,5.284552845528456,7.723577235772358,86.99186991869918,5.08130081300813,81.91056910569105
E00009901,408,49,25,24,359,22,337,12.009803921568627,6.127450980392156,5.88235294117647,87.99019607843137,5.392156862745098,82.59803921568627
E00009902,490,53,21,32,437,28,409,10.816326530612246,4.285714285714286,6.530612244897959,89.18367346938776,5.714285714285714,83.46938775510205
E00009903,300,58,30,28,242,26,216,19.333333333333332,10,9.333333333333334,80.66666666666666,8.666666666666668,72
E00009904,377,49,26,23,328,32,296,12.9973474801061,6.896551724137931,6.10079575596817,87.0026525198939,8.488063660477453,78.51458885941645
E00009905,378,50,22,28,328,19,309,13.227513227513226,5.82010582010582,7.4074074074074066,86.77248677248677,5.026455026455026,81.74603174603175
E00009906,353,47,22,25,306,19,287,13.314447592067987,6.232294617563739,7.0821529745042495,86.68555240793201,5.382436260623229,81.30311614730878
E00009907,403,77,39,38,326,19,307,19.106699751861044,9.67741935483871,9.429280397022332,80.89330024813896,4.714640198511166,76.1786600496278
E00009908,313,39,14,25,274,8,266,12.460063897763577,4.472843450479233,7.987220447284344,87.53993610223642,2.5559105431309903,84.98402555910543
E00009909,584,42,14,28,542,19,523,7.191780821917808,2.3972602739726026,4.794520547945205,92.8082191780822,3.2534246575342465,89.55479452054794
E00009910,404,66,29,37,338,22,316,16.33663366336634,7.1782178217821775,9.158415841584159,83.66336633663366,5.445544554455446,78.21782178217822
E00009911,302,51,14,37,251,16,235,16.887417218543046,4.635761589403973,12.251655629139073,83.11258278145695,5.298013245033113,77.81456953642383
E00009912,286,34,15,19,252,24,228,11.888111888111888,5.244755244755245,6.643356643356643,88.11188811188812,8.391608391608392,79.72027972027972
E00009913,374,46,19,27,328,18,310,12.299465240641712,5.080213903743315,7.219251336898395,87.70053475935828,4.81283422459893,82.88770053475936
E00009914,317,43,22,21,274,16,258,13.564668769716087,6.940063091482649,6.624605678233439,86.43533123028391,5.047318611987381,81.38801261829653
E00009915,559,95,49,46,464,25,439,16.99463327370304,8.765652951699463,8.228980322003578,83.00536672629696,4.47227191413238,78.53309481216458
E00009916,384,46,20,26,338,19,319,11.979166666666668,5.208333333333334,6.770833333333333,88.02083333333334,4.947916666666666,83.07291666666666
E00009917,343,39,20,19,304,21,283,11.370262390670554,5.830903790087463,5.539358600583091,88.62973760932945,6.122448979591836,82.5072886297376
E00009918,305,28,11,17,277,13,264,9.180327868852459,3.606557377049181,5.573770491803279,90.81967213114754,4.2622950819672125,86.55737704918033
E00009919,406,46,25,21,360,32,328,11.330049261083744,6.157635467980295,5.172413793103448,88.66995073891626,7.8817733990147785,80.78817733990148
E00009920,329,48,23,25,281,17,264,14.58966565349544,6.990881458966565,7.598784194528875,85.41033434650456,5.167173252279635,80.24316109422493
E00009921,373,47,21,26,326,13,313,12.600536193029491,5.630026809651475,6.970509383378016,87.39946380697052,3.485254691689008,83.91420911528151
E00009922,422,56,22,34,366,13,353,13.270142180094787,5.213270142180095,8.056872037914692,86.7298578199052,3.080568720379147,83.64928909952607
E00009923,380,36,13,23,344,21,323,9.473684210526317,3.421052631578948,6.052631578947368,90.52631578947368,5.526315789473684,85
E00009924,377,82,43,39,295,9,286,21.750663129973475,11.405835543766578,10.344827586206897,78.24933687002653,2.3872679045092835,75.86206896551724
E00009925,325,50,20,30,275,8,267,15.384615384615385,6.153846153846154,9.230769230769232,84.61538461538461,2.4615384615384617,82.15384615384616
E00009926,424,48,20,28,376,15,361,11.320754716981133,4.716981132075472,6.60377358490566,88.67924528301887,3.5377358490566038,85.14150943396226
E00009927,483,112,59,53,371,15,356,23.18840579710145,12.215320910973086,10.973084886128365,76.81159420289855,3.1055900621118013,73.70600414078675
E00009928,454,49,19,30,405,23,382,10.79295154185022,4.185022026431718,6.607929515418502,89.20704845814979,5.066079295154185,84.14096916299559
E00009929,279,29,16,13,250,15,235,10.39426523297491,5.734767025089606,4.659498207885305,89.6057347670251,5.376344086021505,84.22939068100358
E00009930,337,47,27,20,290,10,280,13.94658753709199,8.011869436201781,5.934718100890208,86.05341246290801,2.967359050445104,83.08605341246292
E00009931,250,42,23,19,208,7,201,16.8,9.2,7.6,83.2,2.8000000000000003,80.4
E00009932,403,80,35,45,323,14,309,19.851116625310176,8.6848635235732,11.166253101736972,80.14888337468983,3.4739454094292808,76.67493796526055
E00009933,300,36,18,18,264,14,250,12,6,6,88,4.666666666666667,83.33333333333334
E00009934,379,51,27,24,328,15,313,13.456464379947231,7.12401055408971,6.33245382585752,86.54353562005277,3.95778364116095,82.58575197889182
E00009935,293,48,17,31,245,7,238,16.38225255972696,5.802047781569966,10.580204778156997,83.61774744027304,2.3890784982935154,81.22866894197952
E00009936,274,46,21,25,228,8,220,16.78832116788321,7.664233576642336,9.124087591240876,83.21167883211679,2.9197080291970803,80.2919708029197
E00009937,450,40,17,23,410,15,395,8.88888888888889,3.7777777777777777,5.111111111111112,91.11111111111111,3.3333333333333335,87.77777777777777
E00009938,353,49,23,26,304,13,291,13.881019830028329,6.515580736543909,7.365439093484419,86.11898016997166,3.6827195467422094,82.43626062322946
E00009939,601,73,40,33,528,20,508,12.146422628951747,6.655574043261231,5.490848585690515,87.85357737104825,3.3277870216306153,84.52579034941763
E00009940,416,43,25,18,373,15,358,10.336538461538462,6.009615384615385,4.326923076923077,89.66346153846155,3.6057692307692304,86.0576923076923
E00009941,342,56,27,29,286,16,270,16.374269005847953,7.894736842105263,8.47953216374269,83.62573099415205,4.678362573099415,78.94736842105263
E00009942,340,49,20,29,291,17,274,14.411764705882351,5.88235294117647,8.529411764705882,85.58823529411764,5,80.58823529411765
E00009943,425,62,27,35,363,20,343,14.588235294117647,6.352941176470588,8.235294117647058,85.41176470588235,4.705882352941177,80.70588235294117
E00009944,338,42,15,27,296,14,282,12.42603550295858,4.437869822485207,7.988165680473373,87.57396449704143,4.142011834319527,83.4319526627219
E00009945,296,30,4,26,266,25,241,10.135135135135135,1.3513513513513513,8.783783783783784,89.86486486486487,8.445945945945946,81.41891891891892
E00009946,328,39,13,26,289,26,263,11.890243902439025,3.9634146341463414,7.926829268292683,88.10975609756098,7.926829268292683,80.1829268292683
E00009947,295,49,17,32,246,18,228,16.610169491525422,5.762711864406779,10.847457627118644,83.38983050847457,6.101694915254238,77.28813559322035
E00009948,265,22,6,16,243,23,220,8.30188679245283,2.2641509433962264,6.037735849056604,91.69811320754717,8.679245283018867,83.01886792452831
E00009949,309,43,11,32,266,28,238,13.915857605177994,3.559870550161812,10.355987055016183,86.08414239482201,9.06148867313916,77.02265372168284
E00009950,265,39,14,25,226,20,206,14.716981132075471,5.283018867924529,9.433962264150944,85.28301886792453,7.547169811320755,77.73584905660378
E00009951,227,44,17,27,183,17,166,19.383259911894275,7.488986784140969,11.894273127753303,80.61674008810573,7.488986784140969,73.12775330396477
E00009952,311,22,3,19,289,28,261,7.07395498392283,0.964630225080386,6.109324758842444,92.92604501607717,9.003215434083602,83.92282958199357
E00009953,228,19,5,14,209,19,190,8.333333333333332,2.1929824561403506,6.140350877192982,91.66666666666666,8.333333333333332,83.33333333333334
E00009954,375,30,12,18,345,35,310,8,3.2,4.8,92,9.333333333333334,82.66666666666667
E00009955,216,26,5,21,190,22,168,12.037037037037036,2.314814814814815,9.722222222222223,87.96296296296296,10.185185185185185,77.77777777777779
E00009956,303,34,7,27,269,27,242,11.221122112211221,2.31023102310231,8.91089108910891,88.77887788778878,8.91089108910891,79.86798679867987
E00009957,308,40,16,24,268,25,243,12.987012987012985,5.194805194805195,7.792207792207792,87.01298701298701,8.116883116883116,78.8961038961039
E00009958,299,26,7,19,273,14,259,8.695652173913043,2.341137123745819,6.354515050167224,91.30434782608695,4.682274247491638,86.62207357859532
E00009959,255,35,21,14,220,13,207,13.725490196078432,8.235294117647058,5.490196078431373,86.27450980392157,5.098039215686274,81.17647058823529
E00009960,281,30,9,21,251,19,232,10.676156583629894,3.202846975088968,7.473309608540925,89.32384341637011,6.761565836298933,82.56227758007117
E00009961,248,37,21,16,211,20,191,14.919354838709678,8.46774193548387,6.451612903225806,85.08064516129032,8.064516129032258,77.01612903225806
E00009962,340,45,21,24,295,27,268,13.23529411764706,6.176470588235294,7.0588235294117645,86.76470588235294,7.941176470588235,78.82352941176471
E00009963,242,34,10,24,208,17,191,14.049586776859504,4.132231404958678,9.917355371900827,85.9504132231405,7.024793388429752,78.92561983471074
E00009964,244,25,10,15,219,31,188,10.245901639344263,4.098360655737705,6.147540983606557,89.75409836065575,12.704918032786885,77.04918032786885
E00009965,260,35,10,25,225,21,204,13.461538461538462,3.8461538461538463,9.615384615384617,86.53846153846155,8.076923076923077,78.46153846153847
E00009967,267,24,12,12,243,20,223,8.98876404494382,4.49438202247191,4.49438202247191,91.01123595505618,7.490636704119851,83.52059925093633
E00009968,215,14,0,14,201,14,187,6.511627906976744,0,6.511627906976744,93.48837209302326,6.511627906976744,86.9767441860465
E00009969,215,22,7,15,193,15,178,10.232558139534884,3.255813953488372,6.976744186046512,89.76744186046511,6.976744186046512,82.7906976744186
E00009970,328,38,11,27,290,29,261,11.585365853658537,3.353658536585366,8.231707317073171,88.41463414634147,8.841463414634147,79.57317073170732
E00009971,207,25,5,20,182,12,170,12.077294685990339,2.4154589371980677,9.66183574879227,87.92270531400966,5.797101449275362,82.1256038647343
E00009972,339,41,20,21,298,28,270,12.094395280235988,5.899705014749262,6.1946902654867255,87.90560471976401,8.259587020648967,79.64601769911505
E00009973,209,17,8,9,192,10,182,8.133971291866029,3.827751196172249,4.30622009569378,91.86602870813397,4.784688995215311,87.08133971291866
E00009974,250,14,4,10,236,20,216,5.6000000000000005,1.6,4,94.39999999999999,8,86.4
E00009975,260,39,14,25,221,16,205,15,5.384615384615385,9.615384615384617,85,6.153846153846154,78.84615384615384
E00009976,265,18,0,18,247,25,222,6.7924528301886795,0,6.7924528301886795,93.20754716981132,9.433962264150944,83.77358490566039
E00009978,285,36,13,23,249,30,219,12.631578947368421,4.56140350877193,8.070175438596491,87.36842105263159,10.526315789473683,76.84210526315789
E00009979,213,32,15,17,181,14,167,15.023474178403756,7.042253521126761,7.981220657276995,84.97652582159625,6.572769953051644,78.40375586854461
E00009980,252,29,5,24,223,15,208,11.507936507936508,1.984126984126984,9.523809523809524,88.4920634920635,5.952380952380952,82.53968253968253
E00009982,259,56,22,34,203,16,187,21.62162162162162,8.494208494208493,13.127413127413126,78.37837837837837,6.177606177606178,72.2007722007722
E00009983,247,22,6,16,225,22,203,8.906882591093117,2.42914979757085,6.477732793522267,91.09311740890689,8.906882591093117,82.18623481781377
E00009984,281,38,11,27,243,16,227,13.523131672597867,3.9145907473309607,9.608540925266903,86.47686832740213,5.6939501779359425,80.78291814946618
E00009985,296,37,13,24,259,19,240,12.5,4.391891891891892,8.108108108108109,87.5,6.418918918918918,81.08108108108108
E00009986,328,33,10,23,295,26,269,10.060975609756099,3.048780487804878,7.01219512195122,89.9390243902439,7.926829268292683,82.01219512195121
E00009987,302,47,23,24,255,24,231,15.562913907284766,7.6158940397351,7.9470198675496695,84.43708609271523,7.9470198675496695,76.49006622516556
E00009988,404,55,28,27,349,28,321,13.613861386138614,6.9306930693069315,6.683168316831684,86.38613861386139,6.9306930693069315,79.45544554455446
E00009990,251,31,15,16,220,22,198,12.350597609561753,5.9760956175298805,6.374501992031872,87.64940239043824,8.764940239043826,78.88446215139442
E00009991,262,21,9,12,241,24,217,8.015267175572518,3.435114503816794,4.580152671755725,91.98473282442748,9.16030534351145,82.82442748091603
E00009992,386,37,12,25,349,27,322,9.585492227979273,3.1088082901554404,6.476683937823833,90.41450777202073,6.994818652849741,83.41968911917098
E00009993,360,33,8,25,327,24,303,9.166666666666666,2.2222222222222223,6.944444444444445,90.83333333333333,6.666666666666667,84.16666666666667
E00009994,380,31,12,19,349,25,324,8.157894736842106,3.1578947368421053,5,91.84210526315789,6.578947368421052,85.26315789473684
E00009995,338,34,9,25,304,24,280,10.059171597633137,2.6627218934911245,7.396449704142012,89.94082840236686,7.100591715976331,82.84023668639054
E00009996,248,26,9,17,222,17,205,10.483870967741936,3.6290322580645165,6.854838709677419,89.51612903225806,6.854838709677419,82.66129032258065
E00009997,313,26,4,22,287,17,270,8.30670926517572,1.2779552715654952,7.0287539936102235,91.69329073482429,5.431309904153355,86.26198083067092
E00009998,377,40,15,25,337,33,304,10.610079575596817,3.978779840848806,6.631299734748011,89.38992042440319,8.753315649867375,80.63660477453581
E00009999,181,17,8,9,164,16,148,9.392265193370166,4.41988950276243,4.972375690607735,90.60773480662984,8.83977900552486,81.76795580110497
E00010000,266,65,40,25,201,18,183,24.43609022556391,15.037593984962406,9.398496240601503,75.56390977443608,6.7669172932330826,68.796992481203
E00010001,270,20,5,15,250,15,235,7.4074074074074066,1.8518518518518516,5.555555555555555,92.5925925925926,5.555555555555555,87.03703703703704
E00010002,246,36,15,21,210,11,199,14.634146341463413,6.097560975609756,8.536585365853659,85.36585365853658,4.471544715447155,80.89430894308943
E00010003,238,30,12,18,208,16,192,12.605042016806722,5.042016806722689,7.563025210084033,87.39495798319328,6.722689075630252,80.67226890756302
E00010004,349,49,19,30,300,25,275,14.040114613180515,5.444126074498568,8.595988538681947,85.95988538681948,7.163323782234957,78.79656160458453
E00010005,349,27,6,21,322,28,294,7.736389684813753,1.7191977077363898,6.017191977077363,92.26361031518626,8.022922636103152,84.2406876790831
E00010006,320,26,7,19,294,18,276,8.125,2.1875,5.9375,91.875,5.625,86.25
E00010007,267,27,6,21,240,25,215,10.112359550561797,2.247191011235955,7.865168539325842,89.8876404494382,9.363295880149813,80.52434456928839
E00010008,416,32,2,30,384,37,347,7.6923076923076925,0.4807692307692308,7.211538461538461,92.3076923076923,8.89423076923077,83.41346153846155
E00010009,242,32,12,20,210,18,192,13.223140495867769,4.958677685950414,8.264462809917356,86.77685950413223,7.43801652892562,79.33884297520662
E00010010,271,40,14,26,231,33,198,14.760147601476014,5.166051660516605,9.59409594095941,85.23985239852398,12.177121771217712,73.06273062730627
E00010011,312,40,13,27,272,25,247,12.82051282051282,4.166666666666666,8.653846153846153,87.17948717948718,8.012820512820513,79.16666666666666
E00010012,372,36,9,27,336,30,306,9.67741935483871,2.4193548387096775,7.258064516129033,90.32258064516128,8.064516129032258,82.25806451612904
E00010013,332,33,11,22,299,26,273,9.939759036144578,3.313253012048193,6.626506024096386,90.06024096385542,7.83132530120482,82.2289156626506
E00010014,226,26,6,20,200,23,177,11.504424778761061,2.6548672566371683,8.849557522123893,88.49557522123894,10.176991150442479,78.31858407079646
E00010015,257,30,7,23,227,16,211,11.673151750972762,2.7237354085603114,8.949416342412452,88.32684824902724,6.22568093385214,82.10116731517509
E00010016,329,52,23,29,277,18,259,15.80547112462006,6.990881458966565,8.814589665653495,84.19452887537993,5.47112462006079,78.72340425531915
E00010017,306,29,9,20,277,22,255,9.477124183006536,2.941176470588235,6.535947712418301,90.52287581699346,7.18954248366013,83.33333333333334
E00010018,359,49,16,33,310,20,290,13.649025069637883,4.456824512534819,9.192200557103064,86.35097493036211,5.571030640668524,80.77994428969359
E00010019,339,53,23,30,286,18,268,15.634218289085547,6.784660766961652,8.849557522123893,84.36578171091446,5.3097345132743365,79.05604719764013
E00010021,259,60,31,29,199,16,183,23.166023166023166,11.96911196911197,11.196911196911197,76.83397683397683,6.177606177606178,70.65637065637065
E00010022,371,67,38,29,304,25,279,18.059299191374663,10.242587601078167,7.816711590296496,81.94070080862534,6.738544474393531,75.2021563342318
E00010023,227,33,11,22,194,14,180,14.537444933920703,4.845814977973569,9.691629955947137,85.46255506607929,6.167400881057269,79.29515418502203
E00010024,333,35,13,22,298,30,268,10.51051051051051,3.903903903903904,6.606606606606606,89.4894894894895,9.00900900900901,80.48048048048048
E00010026,482,40,13,27,442,46,396,8.29875518672199,2.6970954356846475,5.601659751037345,91.70124481327801,9.54356846473029,82.15767634854771
E00010027,479,64,31,33,415,20,395,13.361169102296449,6.471816283924843,6.8893528183716075,86.63883089770354,4.175365344467641,82.4634655532359
E00010029,276,40,14,26,236,19,217,14.492753623188406,5.072463768115942,9.420289855072465,85.5072463768116,6.884057971014493,78.62318840579711
E00010030,318,35,10,25,283,19,264,11.0062893081761,3.1446540880503147,7.861635220125786,88.9937106918239,5.9748427672955975,83.01886792452831
E00010032,307,43,23,20,264,21,243,14.006514657980457,7.491856677524431,6.514657980456026,85.99348534201955,6.840390879478828,79.15309446254072
E00010033,404,29,5,24,375,39,336,7.1782178217821775,1.2376237623762376,5.9405940594059405,92.82178217821783,9.653465346534654,83.16831683168317
E00010035,413,38,15,23,375,33,342,9.200968523002421,3.631961259079903,5.569007263922518,90.79903147699758,7.990314769975787,82.80871670702179
E00010036,344,35,13,22,309,13,296,10.174418604651162,3.77906976744186,6.395348837209303,89.82558139534885,3.77906976744186,86.04651162790698
E00010037,391,67,31,36,324,23,301,17.135549872122763,7.928388746803069,9.207161125319693,82.86445012787725,5.88235294117647,76.98209718670077
E00010038,374,48,18,30,326,24,302,12.834224598930483,4.81283422459893,8.0213903743315509,87.16577540106952,6.417112299465241,80.74866310160428
E00010039,339,56,23,33,283,19,264,16.519174041297934,6.784660766961652,9.734513274336283,83.48082595870207,5.604719764011799,77.87610619469027
E00010041,432,46,9,37,386,39,347,10.648148148148149,2.083333333333333,8.564814814814815,89.35185185185185,9.027777777777777,80.32407407407408
E00010042,421,52,28,24,369,19,350,12.351543942992874,6.65083135391924,5.7007125890736345,87.64845605700712,4.513064133016627,83.1353919239905
E00010043,316,44,16,28,272,30,242,13.924050632911392,5.063291139240507,8.860759493670885,86.07594936708861,9.49367088607595,76.58227848101265
E00010044,347,58,24,34,289,21,268,16.714697406340058,6.9164265129683,9.798270893371757,83.28530259365994,6.051873198847262,77.23342939481267
E00010045,333,66,29,37,267,22,245,19.81981981981982,8.708708708708707,11.11111111111111,80.18018018018019,6.606606606606606,73.57357357357357
E00010046,280,50,22,28,230,7,223,17.857142857142858,7.857142857142857,10,82.14285714285714,2.5,79.64285714285714
E00010047,329,39,15,24,290,19,271,11.854103343465045,4.5592705167173255,7.29483282674772,88.14589665653494,5.775075987841945,82.37082066869301
E00010048,319,31,11,20,288,14,274,9.717868338557993,3.4482758620689653,6.269592476489027,90.28213166144201,4.38871473354232,85.8934169278997
E00010049,511,52,26,26,459,25,434,10.176125244618394,5.088062622309197,5.088062622309197,89.82387475538161,4.892367906066536,84.93150684931507
E00010050,266,37,19,18,229,13,216,13.909774436090224,7.142857142857142,6.7669172932330826,86.09022556390977,4.887218045112782,81.203007518797
E00010051,251,30,14,16,221,20,201,11.952191235059761,5.577689243027888,6.374501992031872,88.04780876494024,7.968127490039841,80.0796812749004
E00010052,340,55,25,30,285,21,264,16.176470588235293,7.352941176470589,8.823529411764707,83.82352941176471,6.176470588235294,77.64705882352942
E00010053,264,31,9,22,233,25,208,11.742424242424242,3.4090909090909087,8.333333333333332,88.25757575757575,9.469696969696969,78.78787878787878
E00010054,378,42,18,24,336,34,302,11.11111111111111,4.761904761904762,6.349206349206349,88.88888888888889,8.994708994708994,79.8941798941799
E00010055,593,73,31,42,520,23,497,12.310286677908937,5.227655986509275,7.082630691399664,87.68971332209107,3.87858347386172,83.81112984822934
E00010056,420,37,17,20,383,24,359,8.80952380952381,4.0476190476190474,4.761904761904762,91.19047619047619,5.714285714285714,85.47619047619047
E00010057,292,58,14,44,234,20,214,19.863013698630137,4.794520547945205,15.068493150684931,80.13698630136986,6.8493150684931505,73.28767123287672
E00010058,300,61,23,38,239,15,224,20.333333333333332,7.666666666666666,12.666666666666668,79.66666666666666,5,74.66666666666667
E00010059,298,40,10,30,258,24,234,13.422818791946309,3.3557046979865772,10.06711409395973,86.57718120805369,8.053691275167784,78.52348993288591
E00010060,450,54,22,32,396,21,375,12,4.888888888888889,7.111111111111111,88,4.666666666666667,83.33333333333334
E00010061,283,34,10,24,249,20,229,12.014134275618375,3.53356890459364,8.480565371024735,87.98586572438163,7.06713780918728,80.91872791519434
E00010062,301,28,12,16,273,20,253,9.30232558139535,3.9867109634551494,5.3156146179401995,90.69767441860465,6.64451827242525,84.0531561461794
E00010064,384,20,4,16,364,12,352,5.208333333333334,1.0416666666666665,4.166666666666666,94.79166666666666,3.125,91.66666666666666
E00010065,331,38,12,26,293,21,272,11.48036253776435,3.625377643504532,7.854984894259818,88.51963746223565,6.3444108761329305,82.17522658610272
E00010066,255,27,12,15,228,16,212,10.588235294117647,4.705882352941177,5.88235294117647,89.41176470588236,6.2745098039215685,83.13725490196079
E00010067,234,26,12,14,208,16,192,11.11111111111111,5.128205128205128,5.982905982905983,88.88888888888889,6.837606837606838,82.05128205128204
E00010068,295,38,17,21,257,25,232,12.88135593220339,5.762711864406779,7.118644067796611,87.11864406779661,8.47457627118644,78.64406779661017
E00010069,180,35,16,19,145,8,137,19.444444444444446,8.88888888888889,10.555555555555555,80.55555555555556,4.444444444444445,76.11111111111111
E00010070,378,47,17,30,331,31,300,12.433862433862434,4.497354497354497,7.936507936507936,87.56613756613757,8.201058201058201,79.36507936507937
E00010071,312,30,7,23,282,21,261,9.615384615384617,2.2435897435897436,7.371794871794872,90.38461538461539,6.730769230769231,83.65384615384616
E00010072,290,53,27,26,237,15,222,18.275862068965516,9.310344827586208,8.96551724137931,81.72413793103448,5.172413793103448,76.55172413793103
E00010073,227,36,19,17,191,12,179,15.859030837004406,8.370044052863436,7.488986784140969,84.14096916299559,5.286343612334802,78.8546255506608
E00010074,251,25,11,14,226,20,206,9.9601593625498,4.382470119521913,5.577689243027888,90.0398406374502,7.968127490039841,82.07171314741036
E00010075,250,25,5,20,225,22,203,10,2,8,90,8.799999999999999,81.2
E00010076,290,26,10,16,264,23,241,8.96551724137931,3.4482758620689653,5.517241379310345,91.0344827586207,7.931034482758621,83.10344827586206
E00010077,272,82,35,47,190,13,177,30.14705882352941,12.867647058823529,17.27941176470588,69.85294117647058,4.779411764705882,65.07352941176471
E00010078,246,30,11,19,216,17,199,12.195121951219512,4.471544715447155,7.723577235772358,87.8048780487805,6.910569105691057,80.89430894308943
E00010079,281,25,6,19,256,25,231,8.896797153024911,2.135231316725979,6.761565836298933,91.10320284697508,8.896797153024911,82.20640569395017
E00010080,208,27,7,20,181,19,162,12.980769230769232,3.3653846153846154,9.615384615384617,87.01923076923077,9.134615384615383,77.88461538461539
E00010081,195,20,7,13,175,17,158,10.256410256410255,3.5897435897435894,6.666666666666667,89.74358974358975,8.717948717948717,81.02564102564102
E00010082,264,26,13,13,238,16,222,9.848484848484848,4.924242424242424,4.924242424242424,90.15151515151516,6.0606060606060606,84.0909090909091
E00010083,253,28,8,20,225,15,210,11.067193675889328,3.1620553359683794,7.905138339920949,88.93280632411067,5.928853754940711,83.00395256916995
E00010084,282,26,7,19,256,26,230,9.219858156028367,2.4822695035460995,6.73758865248227,90.78014184397163,9.219858156028367,81.56028368794325
E00010085,322,41,10,31,281,26,255,12.732919254658384,3.1055900621118013,9.627329192546584,87.26708074534162,8.074534161490684,79.19254658385093
E00010086,214,16,4,12,198,14,184,7.476635514018691,1.8691588785046727,5.607476635514018,92.5233644859813,6.5420560747663545,85.98130841121495
E00010087,228,26,12,14,202,16,186,11.403508771929824,5.263157894736842,6.140350877192982,88.59649122807018,7.017543859649122,81.57894736842105
E00010088,215,23,5,18,192,23,169,10.69767441860465,2.3255813953488373,8.372093023255815,89.30232558139535,10.69767441860465,78.6046511627907
E00010089,198,24,13,11,174,17,157,12.121212121212121,6.565656565656567,5.555555555555555,87.87878787878788,8.585858585858585,79.29292929292929
E00010090,176,22,6,16,154,11,143,12.5,3.4090909090909087,9.090909090909092,87.5,6.25,81.25
E00010091,265,25,7,18,240,25,215,9.433962264150944,2.6415094339622645,6.7924528301886795,90.56603773584906,9.433962264150944,81.13207547169812
E00010092,264,27,9,18,237,19,218,10.227272727272728,3.4090909090909087,6.8181818181818175,89.77272727272727,7.196969696969697,82.57575757575758
E00010093,287,43,23,20,244,20,224,14.982578397212542,8.013937282229964,6.968641114982578,85.01742160278745,6.968641114982578,78.04878048780488
E00010094,235,40,16,24,195,16,179,17.02127659574468,6.808510638297872,10.212765957446807,82.97872340425532,6.808510638297872,76.17021276595744
E00010095,347,38,13,25,309,44,265,10.951008645533141,3.7463976945244957,7.204610951008646,89.04899135446685,12.680115273775217,76.36887608069163
E00010096,272,22,5,17,250,20,230,8.088235294117647,1.8382352941176472,6.25,91.91176470588235,7.352941176470589,84.55882352941177
E00010097,205,27,14,13,178,16,162,13.170731707317074,6.829268292682928,6.341463414634147,86.82926829268293,7.804878048780488,79.02439024390245
E00010098,142,15,3,12,127,13,114,10.56338028169014,2.112676056338028,8.450704225352112,89.43661971830986,9.15492957746479,80.28169014084507
E00010099,283,33,11,22,250,26,224,11.66077738515901,3.8869257950530036,7.773851590106007,88.33922261484098,9.187279151943462,79.15194346289752
E00010100,284,50,27,23,234,20,214,17.6056338028169,9.507042253521126,8.098591549295776,82.3943661971831,7.042253521126761,75.35211267605634
E00010101,323,24,6,18,299,28,271,7.430340557275541,1.8575851393188854,5.572755417956656,92.56965944272446,8.6687306501548,83.90092879256966
E00010102,225,49,26,23,176,5,171,21.777777777777775,11.555555555555555,10.222222222222223,78.22222222222223,2.2222222222222223,76
E00010103,297,34,9,25,263,22,241,11.447811447811448,3.0303030303030303,8.417508417508419,88.55218855218855,7.4074074074074066,81.14478114478115
E00010104,427,50,16,34,377,36,341,11.7096018735363,3.747072599531616,7.962529274004685,88.2903981264637,8.430913348946136,79.85948477751757
E00010105,421,57,28,29,364,30,334,13.539192399049881,6.65083135391924,6.88836104513064,86.46080760095012,7.1258907363420425,79.33491686460808
E00010106,477,64,30,34,413,33,380,13.417190775681343,6.289308176100629,7.127882599580712,86.58280922431865,6.918238993710692,79.66457023060796
E00010107,288,50,22,28,238,16,222,17.36111111111111,7.638888888888889,9.722222222222223,82.63888888888889,5.555555555555555,77.08333333333334
E00010108,226,36,9,27,190,20,170,15.929203539823009,3.982300884955752,11.946902654867257,84.070796460177,8.849557522123893,75.22123893805309
E00010109,303,69,32,37,234,11,223,22.772277227722775,10.561056105610561,12.211221122112212,77.22772277227723,3.6303630363036308,73.5973597359736
E00010110,394,79,41,38,315,23,292,20.050761421319795,10.406091370558377,9.644670050761421,79.94923857868021,5.83756345177665,74.11167512690355
E00010111,301,29,14,15,272,29,243,9.634551495016613,4.651162790697675,4.983388704318937,90.36544850498339,9.634551495016613,80.73089700996677
E00010112,266,36,9,27,230,17,213,13.533834586466165,3.3834586466165413,10.150375939849624,86.46616541353383,6.390977443609022,80.07518796992481
E00010114,238,47,27,20,191,14,177,19.747899159663866,11.344537815126051,8.403361344537815,80.25210084033614,5.88235294117647,74.36974789915966
E00010115,256,63,37,26,193,11,182,24.609375,14.453125,10.15625,75.390625,4.296875,71.09375
E00010116,255,43,20,23,212,23,189,16.862745098039216,7.8431372549019605,9.019607843137255,83.13725490196079,9.019607843137255,74.11764705882354
E00010117,285,45,20,25,240,21,219,15.789473684210526,7.017543859649122,8.771929824561402,84.21052631578947,7.368421052631578,76.84210526315789
E00010118,256,35,8,27,221,17,204,13.671875,3.125,10.546875,86.328125,6.640625,79.6875
E00010119,320,61,34,27,259,11,248,19.0625,10.625,8.4375,80.9375,3.4375000000000004,77.5
E00010120,245,45,27,18,200,8,192,18.367346938775512,11.020408163265307,7.346938775510205,81.63265306122449,3.2653061224489797,78.36734693877551
E00010121,262,53,29,24,209,28,181,20.229007633587788,11.068702290076336,9.16030534351145,79.77099236641222,10.687022900763358,69.08396946564885
E00010122,264,31,10,21,233,22,211,11.742424242424242,3.787878787878788,7.954545454545454,88.25757575757575,8.333333333333332,79.92424242424242
E00010123,341,69,33,36,272,17,255,20.234604105571847,9.67741935483871,10.557184750733137,79.76539589442815,4.9853372434017595,74.7800586510264
E00010124,365,71,45,26,294,24,270,19.45205479452055,12.32876712328767,7.123287671232877,80.54794520547945,6.575342465753424,73.97260273972603
E00010125,303,34,14,20,269,28,241,11.221122112211221,4.62046204620462,6.6006600660066,88.77887788778878,9.24092409240924,79.53795379537954
E00010126,270,30,9,21,240,43,197,11.11111111111111,3.3333333333333335,7.777777777777778,88.88888888888889,15.925925925925927,72.96296296296296
E00010127,235,31,11,20,204,18,186,13.191489361702127,4.680851063829787,8.51063829787234,86.80851063829788,7.659574468085106,79.14893617021276
E00010128,414,45,16,29,369,38,331,10.869565217391305,3.864734299516908,7.004830917874397,89.13043478260869,9.178743961352657,79.95169082125604
E00010130,258,29,9,20,229,10,219,11.24031007751938,3.488372093023256,7.751937984496124,88.75968992248062,3.875968992248062,84.88372093023256
E00010131,287,42,12,30,245,24,221,14.634146341463413,4.181184668989547,10.452961672473867,85.36585365853658,8.362369337979095,77.00348432055749
E00010132,309,31,13,18,278,13,265,10.032362459546926,4.207119741100324,5.825242718446602,89.96763754045307,4.207119741100324,85.76051779935275
E00010133,267,47,20,27,220,15,205,17.60299625468165,7.490636704119851,10.112359550561797,82.39700374531836,5.617977528089887,76.77902621722846
E00010134,223,42,13,29,181,19,162,18.83408071748879,5.829596412556054,13.004484304932735,81.16591928251121,8.520179372197308,72.6457399103139
E00010135,252,56,30,26,196,13,183,22.22222222222222,11.904761904761903,10.317460317460316,77.77777777777779,5.158730158730158,72.61904761904762
E00010136,283,49,30,19,234,18,216,17.314487632508836,10.60070671378092,6.713780918727916,82.68551236749117,6.36042402826855,76.32508833922262
E00010137,303,76,39,37,227,20,207,25.082508250825082,12.871287128712872,12.211221122112212,74.91749174917491,6.6006600660066,68.31683168316832
E00010138,316,26,8,18,290,22,268,8.227848101265822,2.5316455696202533,5.69620253164557,91.77215189873418,6.962025316455696,84.81012658227847
E00010139,365,55,23,32,310,26,284,15.068493150684931,6.301369863013699,8.767123287671232,84.93150684931507,7.123287671232877,77.8082191780822
E00010140,337,35,4,31,302,27,275,10.385756676557865,1.1869436201780417,9.198813056379821,89.61424332344214,8.011869436201781,81.60237388724035
E00010141,283,25,8,17,258,18,240,8.8339222614841,2.8268551236749118,6.007067137809187,91.16607773851591,6.36042402826855,84.80565371024736
E00010142,379,70,13,57,309,24,285,18.46965699208443,3.430079155672823,15.03957783641161,81.53034300791556,6.33245382585752,75.19788918205805
E00010143,275,29,3,26,246,16,230,10.545454545454545,1.090909090909091,9.454545454545455,89.45454545454545,5.818181818181818,83.63636363636363
E00010144,275,23,6,17,252,24,228,8.363636363636363,2.181818181818182,6.181818181818182,91.63636363636364,8.727272727272728,82.9090909090909
E00010145,230,25,8,17,205,15,190,10.869565217391305,3.4782608695652173,7.391304347826087,89.13043478260869,6.521739130434782,82.6086956521739
E00010146,255,47,16,31,208,17,191,18.43137254901961,6.2745098039215685,12.156862745098039,81.56862745098039,6.666666666666667,74.90196078431373
E00010147,283,38,12,26,245,42,203,13.427561837455832,4.240282685512367,9.187279151943462,86.57243816254417,14.840989399293287,71.73144876325088
E00010148,182,47,26,21,135,10,125,25.82417582417583,14.285714285714285,11.538461538461538,74.17582417582418,5.4945054945054945,68.68131868131869
E00010149,280,32,11,21,248,25,223,11.428571428571429,3.9285714285714284,7.5,88.57142857142857,8.928571428571429,79.64285714285714
E00010150,396,37,15,22,359,24,335,9.343434343434344,3.787878787878788,5.555555555555555,90.65656565656566,6.0606060606060606,84.59595959595958
E00010152,339,47,12,35,292,23,269,13.864306784660767,3.5398230088495577,10.32448377581121,86.13569321533923,6.784660766961652,79.35103244837758
E00010153,246,43,17,26,203,13,190,17.479674796747968,6.910569105691057,10.569105691056912,82.52032520325203,5.284552845528456,77.23577235772358
E00010154,255,25,4,21,230,20,210,9.803921568627452,1.5686274509803921,8.235294117647058,90.19607843137256,7.8431372549019605,82.35294117647058
E00010155,235,26,9,17,209,23,186,11.063829787234042,3.829787234042553,7.234042553191489,88.93617021276596,9.787234042553191,79.14893617021276
E00010156,294,39,11,28,255,20,235,13.26530612244898,3.741496598639456,9.523809523809524,86.73469387755102,6.802721088435375,79.93197278911565
E00010157,310,38,12,26,272,25,247,12.258064516129032,3.870967741935484,8.38709677419355,87.74193548387098,8.064516129032258,79.6774193548387
E00010158,381,40,13,27,341,23,318,10.498687664041995,3.4120734908136483,7.086614173228346,89.501312335958,6.036745406824147,83.46456692913385
E00010159,350,39,14,25,311,22,289,11.142857142857142,4,7.142857142857142,88.85714285714286,6.2857142857142865,82.57142857142857
E00010160,232,49,27,22,183,17,166,21.120689655172413,11.637931034482758,9.482758620689655,78.87931034482759,7.327586206896551,71.55172413793103
E00010161,276,32,5,27,244,23,221,11.594202898550725,1.8115942028985508,9.782608695652174,88.40579710144928,8.333333333333332,80.07246376811594
E00010162,429,62,23,39,367,30,337,14.452214452214452,5.361305361305361,9.090909090909092,85.54778554778555,6.993006993006993,78.55477855477857
E00010163,340,43,9,34,297,26,271,12.647058823529411,2.6470588235294117,10,87.3529411764706,7.647058823529412,79.70588235294119
E00010164,321,38,10,28,283,24,259,11.838006230529595,3.115264797507788,8.722741433021806,88.1619937694704,7.476635514018691,80.68535825545172
E00010165,307,54,20,34,253,20,233,17.58957654723127,6.514657980456026,11.074918566775244,82.41042345276874,6.514657980456026,75.8957654723127
E00010166,273,22,5,17,251,21,230,8.058608058608058,1.8315018315018317,6.227106227106227,91.94139194139194,7.6923076923076925,84.24908424908425
E00010167,294,33,5,28,261,13,248,11.224489795918368,1.7006802721088436,9.523809523809524,88.77551020408163,4.421768707482993,84.35374149659864
E00010168,269,36,13,23,233,23,210,13.382899628252787,4.83271375464684,8.550185873605948,86.61710037174721,8.550185873605948,78.06691449814126
E00010169,346,42,21,21,304,25,279,12.138728323699421,6.069364161849711,6.069364161849711,87.861271676300575,7.225433526011561,80.63583815028902
E00010170,204,45,26,19,159,15,144,22.058823529411764,12.745098039215685,9.313725490196079,77.94117647058823,7.352941176470589,70.58823529411765
E00010171,323,32,8,24,291,26,265,9.907120743034056,2.476780185758514,7.430340557275541,90.09287925696594,8.04953560371517,82.04334365325077
E00010172,340,50,27,23,290,23,267,14.705882352941178,7.941176470588235,6.764705882352941,85.29411764705883,6.764705882352941,78.52941176470588
E00010173,278,43,15,28,235,13,222,15.467625899280577,5.39568345323741,10.071942446043165,84.53237410071942,4.676258992805756,79.85611510791367
E00010174,317,45,7,38,272,16,256,14.195583596214512,2.2082018927444795,11.987381703470032,85.8044164037855,5.047318611987381,80.7570977917981
E00010176,299,54,34,20,245,14,231,18.06020066889632,11.37123745819398,6.688963210702341,81.93979933110369,4.682274247491638,77.25752508361204
E00010177,273,42,22,20,231,8,223,15.384615384615385,8.058608058608058,7.326007326007327,84.61538461538461,2.93040293040293,81.68498168498168
E00010178,299,43,26,17,256,10,246,14.381270903010032,8.695652173913043,5.68561872909699,85.61872909698997,3.3444816053511706,82.2742474916388
E00010179,253,51,31,20,202,17,185,20.158102766798418,12.25296442687747,7.905138339920949,79.84189723320159,6.719367588932807,73.12252964426878
E00010180,354,65,27,38,289,18,271,18.361581920903955,7.627118644067797,10.734463276836157,81.63841807909604,5.084745762711865,76.55367231638418
E00010181,290,61,29,32,229,14,215,21.03448275862069,10,11.03448275862069,78.96551724137932,4.827586206896552,74.13793103448276
E00010182,343,79,38,41,264,19,245,23.03206997084548,11.078717201166182,11.9533527696793,76.96793002915452,5.539358600583091,71.42857142857143
E00010183,343,51,23,28,292,12,280,14.868804664723031,6.705539358600583,8.16326530612245,85.13119533527697,3.498542274052478,81.63265306122449
E00010184,352,40,14,26,312,19,293,11.363636363636363,3.977272727272727,7.386363636363637,88.63636363636364,5.3977272727272725,83.23863636363636
E00010185,353,41,24,17,312,18,294,11.614730878186968,6.79886685552408,4.815864022662889,88.38526912181302,5.099150141643059,83.28611898016997
E00010186,299,55,29,26,244,12,232,18.394648829431436,9.698996655518394,8.695652173913043,81.60535117056857,4.013377926421405,77.59197324414716
E00010187,391,45,21,24,346,15,331,11.508951406649617,5.3708439897698215,6.138107416879795,88.49104859335038,3.8363171355498724,84.65473145780051
E00010188,311,60,23,37,251,24,227,19.292604501607716,7.395498392282958,11.89710610932476,80.70739549839229,7.717041800643088,72.9903536977492
E00010189,338,58,29,29,280,18,262,17.159763313609467,8.579881656804734,8.579881656804734,82.84023668639054,5.325443786982249,77.51479289940828
E00010190,330,46,24,22,284,18,266,13.939393939393941,7.2727272727272725,6.666666666666667,86.06060606060606,5.454545454545454,80.60606060606061
E00010191,323,63,32,31,260,22,238,19.5046439628483,9.907120743034056,9.597523219814242,80.4953560371517,6.811145510835913,73.68421052631578
E00010192,508,54,23,31,454,25,429,10.62992125984252,4.52755905511811,6.102362204724409,89.37007874015748,4.921259842519685,84.4488188976378
E00010193,328,57,22,35,271,14,257,17.378048780487802,6.707317073170732,10.670731707317072,82.6219512195122,4.2682926829268295,78.35365853658537
E00010194,583,55,31,24,528,16,512,9.433962264150944,5.317324185248713,4.1166380789022305,90.56603773584906,2.7444253859348198,87.82161234991423
E00010195,323,61,31,30,262,20,242,18.885448916408667,9.597523219814242,9.287925696594428,81.11455108359134,6.191950464396285,74.92260061919505
E00010196,419,34,19,15,385,15,370,8.1145584725537,4.534606205250596,3.579952267303103,91.8854415274463,3.579952267303103,88.3054892601432
E00010197,310,47,23,24,263,13,250,15.161290322580644,7.419354838709677,7.741935483870968,84.83870967741936,4.193548387096775,80.64516129032258
E00010198,289,46,23,23,243,8,235,15.916955017301039,7.958477508650519,7.958477508650519,84.08304498269896,2.768166089965398,81.31487889273356
E00010199,296,45,23,22,251,20,231,15.202702702702704,7.77027027027027,7.4324324324324325,84.7972972972973,6.756756756756757,78.04054054054053
E00010200,441,61,34,27,380,25,355,13.83219954648526,7.709750566893423,6.122448979591836,86.16780045351474,5.6689342403628125,80.49886621315193
E00010201,354,66,30,36,288,17,271,18.64406779661017,8.47457627118644,10.16949152542373,81.35593220338984,4.80225988700565,76.55367231638418
E00010202,346,47,20,27,299,13,286,13.583815028901732,5.780346820809249,7.803468208092486,86.41618497109826,3.7572254335260116,82.65895953757226
E00010204,581,97,56,41,484,25,459,16.69535283993115,9.63855421686747,7.056798623063683,83.30464716006884,4.3029259896729775,79.00172117039587
E00010205,371,51,24,27,320,11,309,13.746630727762804,6.46900269541779,7.277628032345014,86.25336927223721,2.964959568733154,83.28840970350404
E00010206,268,54,27,27,214,7,207,20.149253731343283,10.074626865671641,10.074626865671641,79.8507462686567,2.6119402985074625,77.23880597014924
E00010207,289,42,24,18,247,15,232,14.53287197231834,8.304498269896193,6.228373702422145,85.46712802768167,5.190311418685121,80.27681660899654
E00010208,316,66,38,28,250,10,240,20.88607594936709,12.025316455696203,8.860759493670885,79.11392405063292,3.1645569620253164,75.9493670886076
E00010209,319,64,34,30,255,24,231,20.06269592476489,10.658307210031348,9.404388714733543,79.9373040752351,7.523510971786834,72.41379310344827
E00010210,306,43,16,27,263,19,244,14.052287581699346,5.228758169934641,8.823529411764707,85.94771241830065,6.209150326797386,79.73856209150327
E00010211,356,73,34,39,283,18,265,20.50561797752809,9.550561797752808,10.955056179775282,79.49438202247191,5.056179775280898,74.43820224719101
E00010212,389,53,27,26,336,13,323,13.624678663239074,6.940874035989718,6.683804627249357,86.37532133676092,3.3419023136246784,83.03341902313625
E00010213,289,37,20,17,252,3,249,12.802768166089965,6.920415224913495,5.88235294117647,87.19723183391004,1.0380622837370241,86.159169550173
E00010214,330,48,21,27,282,15,267,14.545454545454545,6.363636363636363,8.181818181818182,85.45454545454545,4.545454545454546,80.9090909090909
E00010216,376,44,25,19,332,9,323,11.702127659574469,6.648936170212766,5.053191489361701,88.29787234042553,2.393617021276596,85.90425531914893
E00010217,424,75,38,37,349,10,339,17.68867924528302,8.962264150943396,8.726415094339622,82.31132075471697,2.358490566037736,79.95283018867924
E00010218,418,33,15,18,385,10,375,7.894736842105263,3.588516746411483,4.30622009569378,92.10526315789474,2.3923444976076556,89.71291866028707
E00010219,377,53,27,26,324,10,314,14.058355437665782,7.161803713527852,6.896551724137931,85.94164456233422,2.6525198938992043,83.28912466843501
E00010220,357,51,33,18,306,10,296,14.285714285714285,9.243697478991598,5.042016806722689,85.71428571428571,2.801120448179272,82.91316526610645
E00010221,323,59,31,28,264,18,246,18.26625386996904,9.597523219814242,8.6687306501548,81.73374613003097,5.572755417956656,76.16099071207431
E00010222,279,29,16,13,250,11,239,10.39426523297491,5.734767025089606,4.659498207885305,89.6057347670251,3.942652329749104,85.66308243727599
E00010223,340,37,17,20,303,8,295,10.882352941176471,5,5.88235294117647,89.11764705882354,2.3529411764705883,86.76470588235294
E00010224,300,55,33,22,245,6,239,18.333333333333332,11,7.333333333333333,81.66666666666667,2,79.66666666666666
E00010225,230,60,35,25,170,13,157,26.08695652173913,15.217391304347828,10.869565217391305,73.91304347826086,5.6521739130434785,68.26086956521739
E00010226,401,41,22,19,360,12,348,10.224438902743142,5.486284289276807,4.738154613466334,89.77556109725685,2.9925187032418954,86.78304239401497
E00010227,560,83,32,51,477,16,461,14.821428571428571,5.714285714285714,9.107142857142856,85.17857142857143,2.857142857142857,82.32142857142857
E00010228,278,53,29,24,225,6,219,19.06474820143885,10.431654676258994,8.633093525179856,80.93525179856115,2.158273381294964,78.77697841726618
E00010229,323,39,19,20,284,6,278,12.074303405572756,5.88235294117647,6.191950464396285,87.92569659442725,1.8575851393188854,86.06811145510835
E00010230,337,56,26,30,281,10,271,16.61721068249258,7.71513353115727,8.902077151335313,83.38278931750742,2.967359050445104,80.41543026706232
E00010231,427,76,44,32,351,11,340,17.798594847775178,10.304449648711945,7.494145199063232,82.20140515222482,2.576112412177986,79.62529274004683
E00010232,326,59,31,28,267,16,251,18.098159509202453,9.509202453987731,8.588957055214724,81.90184049079755,4.9079754601226995,76.99386503067484
E00010233,353,47,31,16,306,12,294,13.314447592067987,8.78186968838527,4.53257790368272,86.68555240793201,3.39943342776204,83.28611898016997
E00010234,361,62,25,37,299,13,286,17.174515235457065,6.9252077562326875,10.249307479224377,82.82548476454294,3.6011080332409975,79.22437673130193
E00010235,335,48,20,28,287,10,277,14.328358208955224,5.970149253731343,8.358208955223882,85.67164179104478,2.9850746268656714,82.68656716417911
E00010236,505,53,26,27,452,21,431,10.495049504950495,5.148514851485149,5.346534653465347,89.50495049504951,4.1584158415841586,85.34653465346534
E00010237,517,74,46,28,443,15,428,14.313346228239846,8.897485493230175,5.415860735009671,85.68665377176016,2.9013539651837523,82.7852998065764
E00010238,271,41,22,19,230,7,223,15.129151291512915,8.118081180811808,7.011070110701106,84.87084870848709,2.5830258302583027,82.28782287822878
E00010239,375,73,30,43,302,17,285,19.466666666666665,8,11.466666666666667,80.53333333333333,4.533333333333333,76
E00010240,338,50,23,27,288,13,275,14.792899408284024,6.8047337278106506,7.988165680473373,85.20710059171599,3.8461538461538463,81.36094674556213
E00010241,471,70,28,42,401,21,380,14.8619957537155,5.9447983014862,8.9171974522293,85.13800424628451,4.45859872611465,80.67940552016985
E00010242,294,35,16,19,259,16,243,11.904761904761903,5.442176870748299,6.462585034013606,88.09523809523809,5.442176870748299,82.6530612244898
E00010243,381,56,24,32,325,16,309,14.698162729658792,6.299212598425196,8.398950131233596,85.30183727034121,4.199475065616798,81.10236220472441
E00010244,254,48,31,17,206,8,198,18.89763779527559,12.204724409448819,6.692913385826772,81.10236220472441,3.149606299212598,77.95275590551181
E00010245,277,43,30,13,234,12,222,15.523465703971121,10.830324909747292,4.693140794223827,84.47653429602889,4.332129963898916,80.14440433212997
E00010247,384,56,28,28,328,9,319,14.583333333333334,7.291666666666667,7.291666666666667,85.41666666666666,2.34375,83.07291666666666
E00010248,435,61,37,24,374,11,363,14.022988505747128,8.505747126436782,5.517241379310345,85.97701149425288,2.528735632183908,83.44827586206897
E00010249,436,52,36,16,384,14,370,11.926605504587156,8.256880733944955,3.669724770642202,88.07339449541286,3.211009174311927,84.86238532110092
E00010250,266,60,35,25,206,14,192,22.55639097744361,13.157894736842104,9.398496240601503,77.44360902255639,5.263157894736842,72.18045112781954
E00010252,608,95,66,29,513,13,500,15.625,10.855263157894738,4.769736842105264,84.375,2.138157894736842,82.23684210526315
E00010253,301,58,27,31,243,19,224,19.269102990033225,8.970099667774086,10.299003322259136,80.73089700996677,6.312292358803987,74.4186046511628
E00010254,462,83,53,30,379,15,364,17.965367965367964,11.471861471861471,6.493506493506493,82.03463203463204,3.2467532467532463,78.78787878787878
E00010256,386,42,8,34,344,16,328,10.880829015544041,2.072538860103627,8.808290155440414,89.11917098445595,4.145077720207254,84.97409326424871
E00010257,307,45,20,25,262,6,256,14.65798045602606,6.514657980456026,8.143322475570033,85.34201954397395,1.9543973941368076,83.38762214983714
E00010258,289,48,25,23,241,20,221,16.608996539792386,8.650519031141869,7.958477508650519,83.39100346020761,6.920415224913495,76.47058823529412
E00010259,387,56,23,33,331,24,307,14.470284237726098,5.943152454780361,8.527131782945736,85.52971576227391,6.2015503875969,79.32816537467701
E00010260,311,40,17,23,271,15,256,12.861736334405144,5.466237942122187,7.395498392282958,87.13826366559485,4.823151125401929,82.31511254019293
E00010261,345,49,23,26,296,23,273,14.202898550724639,6.666666666666667,7.536231884057972,85.79710144927536,6.666666666666667,79.13043478260869
E00010262,376,66,36,30,310,6,304,17.5531914893617,9.574468085106384,7.9787234042553195,82.4468085106383,1.5957446808510638,80.85106382978722
E00010263,419,42,16,26,377,16,361,10.023866348448687,3.8186157517899764,6.205250596658711,89.97613365155132,3.8186157517899764,86.15751789976133
E00010264,256,61,32,29,195,10,185,23.828125,12.5,11.328125,76.171875,3.90625,72.265625
E00010265,419,73,33,40,346,14,332,17.42243436754177,7.875894988066825,9.54653937947494,82.57756563245823,3.341288782816229,79.23627684964201
E00010266,402,47,23,24,355,24,331,11.691542288557214,5.721393034825871,5.970149253731343,88.30845771144278,5.970149253731343,82.33830845771143
E00010267,283,44,24,20,239,7,232,15.547703180212014,8.480565371024735,7.06713780918728,84.45229681978799,2.4734982332155475,81.97879858657244
E00010268,387,47,19,28,340,33,307,12.144702842377262,4.909560723514212,7.235142118863049,87.85529715762273,8.527131782945736,79.32816537467701
E00010269,340,42,15,27,298,19,279,12.352941176470589,4.411764705882353,7.941176470588235,87.6470588235294,5.588235294117648,82.05882352941177
E00010270,403,48,18,30,355,22,333,11.910669975186105,4.466501240694789,7.444168734491314,88.08933002481389,5.459057071960298,82.6302729528536
E00010271,338,56,21,35,282,29,253,16.56804733727811,6.21301775147929,10.355029585798817,83.4319526627219,8.579881656804734,74.85207100591717
E00010272,356,45,14,31,311,19,292,12.640449438202248,3.932584269662921,8.707865168539326,87.35955056179775,5.337078651685393,82.02247191011236
E00010273,275,40,21,19,235,8,227,14.545454545454545,7.636363636363637,6.909090909090909,85.45454545454545,2.909090909090909,82.54545454545455
E00010274,338,48,20,28,290,17,273,14.201183431952662,5.9171597633136095,8.284023668639055,85.79881656804734,5.029585798816568,80.76923076923077
E00010275,315,50,22,28,265,6,259,15.873015873015872,6.984126984126984,8.88888888888889,84.12698412698413,1.9047619047619049,82.22222222222221
E00010276,438,101,60,41,337,20,317,23.059360730593607,13.698630136986301,9.360730593607306,76.9406392694064,4.5662100456621,72.3744292237443
E00010277,251,35,20,15,216,12,204,13.94422310756972,7.968127490039841,5.9760956175298805,86.05577689243027,4.780876494023905,81.27490039840637
E00010278,425,27,9,18,398,9,389,6.352941176470588,2.1176470588235294,4.235294117647059,93.64705882352942,2.1176470588235294,91.52941176470588
E00010279,443,90,42,48,353,30,323,20.31602708803612,9.480812641083523,10.835214446952596,79.68397291196389,6.772009029345373,72.91196388261851
E00010280,369,55,24,31,314,23,291,14.905149051490515,6.504065040650407,8.401084010840108,85.09485094850947,6.233062330623306,78.86178861788618
E00010281,381,47,23,24,334,22,312,12.335958005249344,6.036745406824147,6.299212598425196,87.66404199475065,5.774278215223097,81.88976377952756
E00010282,366,56,19,37,310,17,293,15.300546448087433,5.191256830601093,10.10928961748634,84.69945355191257,4.644808743169399,80.05464480874316
E00010283,312,31,7,24,281,19,262,9.935897435897436,2.2435897435897436,7.6923076923076925,90.06410256410257,6.089743589743589,83.97435897435898
E00010284,314,41,15,26,273,23,250,13.05732484076433,4.777070063694268,8.280254777070063,86.94267515923568,7.32484076433121,79.61783439490446
E00010285,358,34,11,23,324,16,308,9.497206703910614,3.072625698324022,6.424581005586592,90.5027932960894,4.4692737430167595,86.03351955307262
E00010286,308,30,14,16,278,28,250,9.740259740259742,4.545454545454546,5.194805194805195,90.25974025974025,9.090909090909092,81.16883116883116
E00010287,438,51,24,27,387,24,363,11.643835616438356,5.47945205479452,6.164383561643835,88.35616438356165,5.47945205479452,82.87671232876713
E00010288,286,53,24,29,233,11,222,18.53146853146853,8.391608391608392,10.13986013986014,81.46853146853147,3.8461538461538463,77.62237762237763
E00010289,430,83,49,34,347,7,340,19.302325581395348,11.395348837209303,7.906976744186046,80.69767441860465,1.627906976744186,79.06976744186046
E00010290,362,43,23,20,319,21,298,11.878453038674033,6.353591160220995,5.524861878453039,88.12154696132598,5.801104972375691,82.32044198895028
E00010291,360,45,13,32,315,25,290,12.5,3.6111111111111107,8.88888888888889,87.5,6.944444444444445,80.55555555555556
E00010292,419,58,27,31,361,23,338,13.842482100238662,6.443914081145586,7.398568019093078,86.15751789976133,5.4892601431980905,80.66825775656325
E00010293,365,23,9,14,342,7,335,6.301369863013699,2.4657534246575343,3.8356164383561646,93.69863013698631,1.9178082191780823,91.78082191780823
E00010294,440,64,24,40,376,21,355,14.545454545454545,5.454545454545454,9.090909090909092,85.45454545454545,4.772727272727273,80.68181818181817
E00010295,359,56,31,25,303,9,294,15.598885793871867,8.635097493036211,6.963788300835655,84.40111420612814,2.5069637883008355,81.89415041782729
E00010296,413,39,14,25,374,7,367,9.443099273607748,3.389830508474576,6.053268765133172,90.55690072639226,1.694915254237288,88.86198547215496
E00010297,348,48,34,14,300,14,286,13.793103448275861,9.770114942528735,4.022988505747127,86.20689655172413,4.022988505747127,82.18390804597702
E00010298,405,76,31,45,329,13,316,18.765432098765434,7.654320987654321,11.11111111111111,81.23456790123457,3.2098765432098766,78.02469135802468
E00010299,547,44,23,21,503,9,494,8.043875685557587,4.204753199268739,3.8391224862888484,91.9561243144424,1.6453382084095063,90.31078610603291
E00010300,337,30,18,12,307,8,299,8.902077151335313,5.341246290801187,3.5608308605341246,91.0979228486647,2.3738872403560833,88.72403560830861
E00010301,508,21,9,12,487,11,476,4.133858267716536,1.7716535433070866,2.3622047244094486,95.86614173228347,2.1653543307086616,93.7007874015748
E00010302,304,49,31,18,255,13,242,16.11842105263158,10.197368421052632,5.921052631578947,83.88157894736842,4.276315789473684,79.60526315789474
E00010303,566,28,14,14,538,16,522,4.946996466431095,2.4734982332155475,2.4734982332155475,95.0530035335689,2.8268551236749118,92.226148409894
E00010304,406,51,30,21,355,12,343,12.561576354679804,7.389162561576355,5.172413793103448,87.4384236453202,2.955665024630542,84.48275862068965
E00010305,367,35,16,19,332,15,317,9.536784741144414,4.35967302452316,5.177111716621254,90.46321525885558,4.087193460490464,86.37602179836512
E00010306,316,59,31,28,257,12,245,18.670886075949365,9.81012658227848,8.860759493670885,81.32911392405063,3.79746835443038,77.53164556962025
E00010308,422,38,16,22,384,17,367,9.004739336492891,3.7914691943127963,5.213270142180095,90.99526066350711,4.028436018957346,86.96682464454977
E00010309,312,44,19,25,268,13,255,14.102564102564102,6.089743589743589,8.012820512820513,85.8974358974359,4.166666666666666,81.73076923076923
E00010310,451,55,16,39,396,20,376,12.195121951219512,3.5476718403547673,8.647450110864744,87.8048780487805,4.434589800443459,83.37028824833703
E00010311,580,96,31,65,484,35,449,16.551724137931036,5.344827586206897,11.206896551724139,83.44827586206897,6.0344827586206895,77.41379310344828
E00010312,448,73,37,36,375,20,355,16.294642857142858,8.258928571428571,8.035714285714286,83.70535714285714,4.464285714285714,79.24107142857143
E00010313,383,87,50,37,296,20,276,22.715404699738905,13.054830287206268,9.660574412532636,77.28459530026109,5.221932114882506,72.0626631853786
E00010314,237,51,25,26,186,11,175,21.518987341772153,10.548523206751055,10.970464135021098,78.48101265822784,4.641350210970464,73.83966244725738
E00010315,329,31,16,15,298,19,279,9.422492401215806,4.86322188449848,4.5592705167173255,90.5775075987842,5.775075987841945,84.80243161094225
E00010316,442,43,28,15,399,13,386,9.728506787330318,6.334841628959276,3.3936651583710407,90.27149321266968,2.941176470588235,87.33031674208145
E00010317,490,37,16,21,453,11,442,7.551020408163265,3.2653061224489797,4.285714285714286,92.44897959183673,2.2448979591836733,90.20408163265307
E00010318,323,44,18,26,279,19,260,13.622291021671826,5.572755417956656,8.04953560371517,86.37770897832817,5.88235294117647,80.4953560371517
E00010319,338,41,19,22,297,34,263,12.1301775147929,5.621301775147929,6.508875739644971,87.86982248520711,10.059171597633137,77.81065088757396
E00010320,596,38,18,20,558,10,548,6.375838926174497,3.0201342281879198,3.3557046979865772,93.6241610738255,1.6778523489932886,91.94630872483222
E00010321,373,39,10,29,334,14,320,10.455764075067025,2.680965147453083,7.774798927613941,89.54423592493298,3.753351206434316,85.79088471849866
E00010322,423,41,17,24,382,9,373,9.692671394799055,4.0189125295508275,5.673758865248227,90.30732860520094,2.127659574468085,88.17966903073287
E00010324,474,54,18,36,420,15,405,11.39240506329114,3.79746835443038,7.59493670886076,88.60759493670885,3.1645569620253164,85.44303797468355
E00010325,301,42,17,25,259,13,246,13.953488372093023,5.647840531561462,8.305647840531561,86.04651162790698,4.318936877076411,81.72757475083057
E00010326,487,65,26,39,422,25,397,13.347022587268995,5.338809034907597,8.008213552361395,86.652977412731,5.133470225872689,81.51950718685832
E00010327,351,57,16,41,294,17,277,16.23931623931624,4.5584045584045585,11.68091168091168,83.76068376068376,4.843304843304843,78.91737891737893
E00010328,400,43,20,23,357,20,337,10.75,5,5.75,89.25,5,84.25
E00010329,554,60,33,27,494,20,474,10.830324909747292,5.956678700361011,4.873646209386282,89.16967509025271,3.6101083032490973,85.5595667870036
E00010330,499,49,20,29,450,18,432,9.819639278557114,4.008016032064128,5.811623246492986,90.18036072144288,3.6072144288577155,86.57314629258516
E00010331,404,38,19,19,366,4,362,9.405940594059405,4.702970297029703,4.702970297029703,90.5940594059406,0.9900990099009901,89.60396039603961
E00010332,417,44,22,22,373,10,363,10.551558752997602,5.275779376498801,5.275779376498801,89.44844124700239,2.3980815347721824,87.05035971223022
E00010333,509,30,14,16,479,18,461,5.893909626719057,2.75049115913556,3.143418467583497,94.10609037328095,3.536345776031434,90.56974459724951
E00010334,290,32,12,20,258,21,237,11.03448275862069,4.137931034482759,6.896551724137931,88.96551724137932,7.241379310344828,81.72413793103448
E00010335,246,26,10,16,220,10,210,10.569105691056912,4.0650406504065035,6.504065040650407,89.43089430894308,4.0650406504065035,85.36585365853658
E00010336,316,66,29,37,250,18,232,20.88607594936709,9.177215189873419,11.708860759493671,79.11392405063292,5.69620253164557,73.41772151898735
E00010337,271,31,5,26,240,24,216,11.439114391143912,1.8450184501845017,9.59409594095941,88.56088560885608,8.856088560885608,79.70479704797047
E00010338,401,59,28,31,342,33,309,14.713216957605985,6.982543640897755,7.73067331670823,85.286783042394,8.229426433915211,77.0573566084788
E00010339,320,44,23,21,276,25,251,13.750000000000002,7.187499999999999,6.5625,86.25,7.8125,78.4375
E00010340,294,44,16,28,250,25,225,14.965986394557824,5.442176870748299,9.523809523809524,85.03401360544217,8.503401360544217,76.53061224489795
E00010341,384,60,23,37,324,32,292,15.625,5.989583333333334,9.635416666666668,84.375,8.333333333333332,76.04166666666666
E00010342,338,40,14,26,298,26,272,11.834319526627219,4.142011834319527,7.6923076923076925,88.16568047337277,7.6923076923076925,80.4733727810651
E00010343,301,66,41,25,235,10,225,21.92691029900332,13.621262458471762,8.305647840531561,78.07308970099668,3.322259136212625,74.75083056478405
E00010344,270,31,9,22,239,21,218,11.481481481481481,3.3333333333333335,8.148148148148149,88.51851851851852,7.777777777777778,80.74074074074075
E00010345,319,35,9,26,284,34,250,10.9717868338558,2.8213166144200628,8.150470219435736,89.0282131661442,10.658307210031348,78.36990595611285
E00010346,307,44,20,24,263,35,228,14.332247557003258,6.514657980456026,7.81758957654723,85.66775244299674,11.400651465798045,74.2671009771987
E00010347,253,33,9,24,220,28,192,13.043478260869565,3.557312252964427,9.486166007905137,86.95652173913044,11.067193675889328,75.8893280632411
E00010348,230,35,10,25,195,22,173,15.217391304347828,4.3478260869565215,10.869565217391305,84.78260869565217,9.565217391304348,75.21739130434783
E00010349,296,45,18,27,251,23,228,15.202702702702704,6.081081081081082,9.121621621621621,84.7972972972973,7.77027027027027,77.02702702702703
E00010350,326,50,19,31,276,20,256,15.337423312883436,5.828220858895705,9.509202453987731,84.66257668711657,6.134969325153374,78.52760736196319
E00010351,295,22,4,18,273,24,249,7.457627118644068,1.3559322033898304,6.101694915254238,92.54237288135593,8.135593220338983,84.40677966101696
E00010352,249,30,13,17,219,26,193,12.048192771084338,5.220883534136546,6.827309236947792,87.95180722891565,10.441767068273093,77.51004016064257
E00010353,238,56,20,36,182,15,167,23.52941176470588,8.403361344537815,15.126050420168067,76.47058823529412,6.302521008403361,70.16806722689076
E00010354,188,19,10,9,169,13,156,10.106382978723403,5.319148936170213,4.787234042553192,89.8936170212766,6.914893617021277,82.97872340425532
E00010355,234,38,11,27,196,18,178,16.23931623931624,4.700854700854701,11.538461538461538,83.76068376068376,7.6923076923076925,76.06837606837607
E00010356,229,38,15,23,191,18,173,16.593886462882097,6.550218340611353,10.043668122270741,83.4061135371179,7.860262008733625,75.54585152838428
E00010357,299,45,19,26,254,19,235,15.050167224080269,6.354515050167224,8.695652173913043,84.94983277591973,6.354515050167224,78.59531772575251
E00010358,288,31,11,20,257,20,237,10.76388888888889,3.8194444444444446,6.944444444444445,89.23611111111111,6.944444444444445,82.29166666666666
E00010359,262,37,8,29,225,25,200,14.122137404580155,3.0534351145038165,11.068702290076336,85.87786259541986,9.541984732824428,76.33587786259542
E00010360,269,35,15,20,234,18,216,13.011152416356877,5.5762081784386615,7.434944237918216,86.98884758364312,6.691449814126393,80.29739776951673
E00010361,335,53,21,32,282,12,270,15.82089552238806,6.26865671641791,9.55223880597015,84.17910447761194,3.582089552238806,80.59701492537313
E00010362,261,31,13,18,230,19,211,11.877394636015326,4.980842911877394,6.896551724137931,88.12260536398468,7.2796934865900385,80.84291187739464
E00010363,257,33,9,24,224,25,199,12.840466926070038,3.501945525291829,9.33852140077821,87.15953307392996,9.72762645914397,77.431906614786
E00010364,301,39,8,31,262,25,237,12.956810631229235,2.6578073089700998,10.299003322259136,87.04318936877077,8.305647840531561,78.7375415282392
E00010365,275,48,20,28,227,13,214,17.454545454545457,7.2727272727272725,10.181818181818182,82.54545454545455,4.7272727272727275,77.81818181818181
E00010366,245,39,16,23,206,25,181,15.918367346938775,6.530612244897959,9.387755102040817,84.08163265306122,10.204081632653061,73.87755102040816
E00010367,291,55,29,26,236,22,214,18.900343642611684,9.965635738831615,8.934707903780069,81.09965635738831,7.560137457044673,73.53951890034365
E00010368,273,39,14,25,234,24,210,14.285714285714285,5.128205128205128,9.157509157509157,85.71428571428571,8.791208791208792,76.92307692307693
E00010369,252,36,14,22,216,11,205,14.285714285714285,5.555555555555555,8.73015873015873,85.71428571428571,4.365079365079365,81.34920634920636
E00010370,258,33,19,14,225,10,215,12.790697674418606,7.3643410852713185,5.426356589147287,87.20930232558139,3.875968992248062,83.33333333333334
E00010371,356,51,9,42,305,24,281,14.325842696629213,2.528089887640449,11.797752808988763,85.67415730337079,6.741573033707865,78.93258426966293
E00010372,313,66,27,39,247,20,227,21.08626198083067,8.626198083067091,12.460063897763577,78.91373801916933,6.3897763578274756,72.52396166134186
E00010373,305,51,25,26,254,12,242,16.721311475409838,8.19672131147541,8.524590163934425,83.27868852459017,3.934426229508197,79.34426229508198
E00010374,432,64,42,22,368,18,350,14.814814814814813,9.722222222222223,5.092592592592593,85.18518518518519,4.166666666666666,81.01851851851852
E00010375,363,52,20,32,311,31,280,14.325068870523417,5.5096418732782375,8.81542699724518,85.67493112947659,8.539944903581267,77.13498622589532
E00010376,499,55,20,35,444,21,423,11.022044088176353,4.008016032064128,7.014028056112225,88.97795591182364,4.208416833667335,84.76953907815631
E00010377,453,57,23,34,396,30,366,12.582781456953644,5.077262693156733,7.505518763796909,87.41721854304636,6.622516556291391,80.79470198675497
E00010378,271,48,23,25,223,12,211,17.712177121771216,8.487084870848708,9.22509225092251,82.28782287822878,4.428044280442804,77.85977859778598
E00010379,294,58,29,29,236,8,228,19.727891156462583,9.863945578231291,9.863945578231291,80.27210884353741,2.7210884353741496,77.55102040816327
E00010380,418,54,24,30,364,18,346,12.918660287081341,5.741626794258373,7.177033492822966,87.08133971291866,4.30622009569378,82.77511961722487
E00010381,298,28,13,15,270,15,255,9.395973154362416,4.3624161073825505,5.033557046979865,90.60402684563759,5.033557046979865,85.57046979865773
E00010382,311,80,50,30,231,21,210,25.723472668810288,16.077170418006432,9.646302250803858,74.27652733118971,6.752411575562702,67.52411575562701
E00010383,434,68,36,32,366,16,350,15.668202764976957,8.294930875576037,7.373271889400922,84.33179723502305,3.686635944700461,80.64516129032258
E00010385,275,31,20,11,244,8,236,11.272727272727273,7.2727272727272725,4,88.72727272727273,2.909090909090909,85.81818181818181
E00010386,401,39,15,24,362,17,345,9.72568578553616,3.7406483790523692,5.985037406483791,90.27431421446383,4.239401496259352,86.0349127182045
E00010387,408,42,20,22,366,13,353,10.294117647058822,4.901960784313726,5.392156862745098,89.70588235294117,3.1862745098039214,86.51960784313727
E00010388,501,60,34,26,441,8,433,11.976047904191617,6.786427145708583,5.189620758483033,88.02395209580838,1.5968063872255487,86.42714570858283
E00010389,370,44,23,21,326,12,314,11.891891891891893,6.216216216216217,5.675675675675676,88.10810810810811,3.2432432432432434,84.86486486486487
E00010390,342,59,27,32,283,17,266,17.251461988304094,7.894736842105263,9.35672514619883,82.7485380116959,4.970760233918129,77.77777777777779
E00010391,392,39,11,28,353,24,329,9.948979591836734,2.806122448979592,7.142857142857142,90.05102040816327,6.122448979591836,83.92857142857143
E00010392,301,38,18,20,263,11,252,12.624584717607974,5.980066445182724,6.64451827242525,87.37541528239203,3.6544850498338874,83.72093023255815
E00010393,275,32,12,20,243,16,227,11.636363636363637,4.363636363636364,7.2727272727272725,88.36363636363636,5.818181818181818,82.54545454545455
E00010394,486,157,130,27,329,12,317,32.30452674897119,26.748971193415638,5.555555555555555,67.6954732510288,2.4691358024691357,65.22633744855966
E00010395,372,44,18,26,328,15,313,11.827956989247312,4.838709677419355,6.989247311827956,88.17204301075269,4.032258064516129,84.13978494623656
E00010396,273,50,31,19,223,12,211,18.315018315018314,11.355311355311356,6.95970695970696,81.68498168498168,4.395604395604396,77.2893772893773
E00010397,286,40,21,19,246,15,231,13.986013986013987,7.3426573426573425,6.643356643356643,86.01398601398601,5.244755244755245,80.76923076923077
E00010398,285,40,22,18,245,22,223,14.035087719298245,7.719298245614035,6.315789473684211,85.96491228070175,7.719298245614035,78.24561403508771
E00010399,390,44,18,26,346,20,326,11.282051282051283,4.615384615384616,6.666666666666667,88.71794871794872,5.128205128205128,83.58974358974359
E00010400,398,67,40,27,331,12,319,16.834170854271356,10.050251256281408,6.78391959798995,83.16582914572864,3.015075376884422,80.15075376884423
E00010401,306,44,23,21,262,20,242,14.37908496732026,7.516339869281046,6.862745098039216,85.62091503267973,6.535947712418301,79.08496732026144
E00010402,361,50,27,23,311,16,295,13.850415512465375,7.479224376731302,6.3711911357340725,86.14958448753463,4.43213296398892,81.7174515235457
E00010403,418,67,26,41,351,24,327,16.028708133971293,6.220095693779904,9.808612440191387,83.97129186602871,5.741626794258373,78.22966507177034
E00010404,365,74,44,30,291,12,279,20.273972602739725,12.054794520547945,8.21917808219178,79.72602739726027,3.287671232876712,76.43835616438356
E00010406,352,45,20,25,307,14,293,12.784090909090908,5.681818181818182,7.1022727272727275,87.2159090909091,3.977272727272727,83.23863636363636
E00010407,270,63,34,29,207,10,197,23.333333333333332,12.592592592592592,10.74074074074074,76.66666666666667,3.7037037037037033,72.96296296296296
E00010409,486,62,32,30,424,18,406,12.757201646090536,6.584362139917696,6.172839506172839,87.24279835390946,3.7037037037037033,83.53909465020575
E00010410,245,52,23,29,193,11,182,21.224489795918366,9.387755102040817,11.83673469387755,78.77551020408163,4.489795918367347,74.28571428571429
E00010412,381,52,24,28,329,15,314,13.648293963254593,6.299212598425196,7.349081364829396,86.3517060367454,3.937007874015748,82.41469816272966
E00010413,242,48,30,18,194,17,177,19.834710743801654,12.396694214876034,7.43801652892562,80.16528925619835,7.024793388429752,73.14049586776859
E00010414,312,39,16,23,273,15,258,12.5,5.128205128205128,7.371794871794872,87.5,4.807692307692308,82.6923076923077
E00010415,377,51,28,23,326,3,323,13.527851458885943,7.427055702917771,6.10079575596817,86.47214854111405,0.7957559681697612,85.6763925729443
E00010416,301,32,9,23,269,22,247,10.631229235880399,2.990033222591362,7.641196013289036,89.3687707641196,7.308970099667775,82.05980066445183
E00010417,327,34,13,21,293,12,281,10.397553516819572,3.9755351681957185,6.422018348623854,89.60244648318043,3.669724770642202,85.93272171253822
E00010418,328,45,23,22,283,17,266,13.719512195121952,7.01219512195122,6.707317073170732,86.28048780487805,5.182926829268292,81.09756097560977
E00010419,353,59,31,28,294,6,288,16.71388101983003,8.78186968838527,7.932011331444759,83.28611898016997,1.69971671388102,81.58640226628894
E00010420,353,76,46,30,277,9,268,21.529745042492916,13.031161473087819,8.498583569405099,78.47025495750708,2.5495750708215295,75.92067988668555
E00010421,412,60,33,27,352,17,335,14.563106796116504,8.009708737864079,6.553398058252427,85.43689320388349,4.12621359223301,81.31067961165049
E00010422,311,33,19,14,278,12,266,10.610932475884244,6.109324758842444,4.501607717041801,89.38906752411575,3.858520900321544,85.53054662379421
E00010423,369,46,20,26,323,13,310,12.466124661246612,5.420054200542006,7.046070460704606,87.53387533875339,3.523035230352303,84.01084010840108
E00010424,388,55,23,32,333,8,325,14.175257731958762,5.927835051546391,8.24742268041237,85.82474226804123,2.0618556701030926,83.76288659793815
E00010426,256,35,19,16,221,10,211,13.671875,7.421875,6.25,86.328125,3.90625,82.421875
E00010427,378,67,30,37,311,16,295,17.724867724867725,7.936507936507936,9.788359788359788,82.27513227513228,4.232804232804233,78.04232804232805
E00010428,457,80,47,33,377,17,360,17.505470459518598,10.284463894967178,7.2210065645514225,82.4945295404814,3.7199124726477026,78.7746170678337
E00010429,522,105,57,48,417,22,395,20.114942528735632,10.919540229885058,9.195402298850574,79.88505747126436,4.21455938697318,75.67049808429118
E00010430,373,40,17,23,333,18,315,10.723860589812332,4.557640750670242,6.166219839142091,89.27613941018767,4.825737265415549,84.45040214477211
E00010431,323,52,27,25,271,19,252,16.09907120743034,8.359133126934983,7.739938080495357,83.90092879256966,5.88235294117647,78.0185758513932
E00010433,258,50,25,25,208,11,197,19.379844961240313,9.689922480620156,9.689922480620156,80.62015503875969,4.263565891472868,76.35658914728683
E00010434,477,36,9,27,441,24,417,7.547169811320755,1.8867924528301887,5.660377358490567,92.45283018867924,5.031446540880504,87.42138364779875
E00010435,366,55,29,26,311,17,294,15.027322404371585,7.923497267759563,7.103825136612022,84.97267759562843,4.644808743169399,80.32786885245902
E00010436,554,80,39,41,474,20,454,14.440433212996389,7.039711191335741,7.400722021660649,85.5595667870036,3.6101083032490973,81.94945848375451
E00010437,374,34,14,20,340,13,327,9.090909090909092,3.7433155080213902,5.347593582887701,90.9090909090909,3.4759358288770055,87.43315508021391
E00010438,558,50,28,22,508,14,494,8.960573476702509,5.017921146953405,3.942652329749104,91.0394265232975,2.5089605734767026,88.5304659498208
E00010439,264,37,20,17,227,9,218,14.015151515151514,7.575757575757576,6.4393939393939394,85.98484848484848,3.4090909090909087,82.57575757575758
E00010440,405,56,24,32,349,19,330,13.82716049382716,5.9259259259259265,7.901234567901234,86.17283950617283,4.691358024691358,81.48148148148148
E00010441,387,46,26,20,341,15,326,11.886304909560723,6.718346253229974,5.167958656330749,88.11369509043928,3.875968992248062,84.23772609819122
E00010442,442,56,32,24,386,21,365,12.669683257918551,7.239819004524888,5.429864253393665,87.33031674208145,4.751131221719457,82.57918552036199
E00010443,390,54,31,23,336,12,324,13.846153846153847,7.948717948717948,5.897435897435897,86.15384615384616,3.076923076923077,83.07692307692308
E00010444,380,57,35,22,323,13,310,15,9.210526315789473,5.7894736842105265,85,3.421052631578948,81.57894736842105
E00010445,421,53,24,29,368,17,351,12.589073634204276,5.7007125890736345,6.88836104513064,87.41092636579573,4.038004750593824,83.3729216152019
E00010446,293,41,23,18,252,12,240,13.993174061433447,7.849829351535837,6.143344709897611,86.00682593856655,4.09556313993174,81.91126279863481
E00010448,412,50,20,30,362,20,342,12.135922330097088,4.854368932038835,7.281553398058252,87.86407766990291,4.854368932038835,83.00970873786407
E00010449,361,48,21,27,313,9,304,13.29639889196676,5.8171745152354575,7.479224376731302,86.70360110803324,2.4930747922437675,84.21052631578947
E00010451,283,44,30,14,239,9,230,15.547703180212014,10.60070671378092,4.946996466431095,84.45229681978799,3.180212014134275,81.2720848056537
E00010452,474,70,45,25,404,15,389,14.767932489451477,9.49367088607595,5.274261603375527,85.23206751054853,3.1645569620253164,82.0675105485232
E00010453,327,53,32,21,274,11,263,16.207951070336392,9.785932721712538,6.422018348623854,83.79204892966361,3.3639143730886847,80.42813455657493
E00010454,327,59,28,31,268,13,255,18.04281345565749,8.56269113149847,9.480122324159021,81.9571865443425,3.9755351681957185,77.98165137614679
E00010455,520,92,62,30,428,13,415,17.692307692307693,11.923076923076923,5.769230769230769,82.3076923076923,2.5,79.8076923076923
E00010456,399,62,26,36,337,23,314,15.538847117794486,6.516290726817042,9.022556390977442,84.46115288220551,5.764411027568922,78.69674185463658
E00010457,280,33,10,23,247,16,231,11.785714285714285,3.571428571428571,8.214285714285714,88.21428571428571,5.714285714285714,82.5
E00010458,357,70,37,33,287,4,283,19.607843137254903,10.364145658263306,9.243697478991598,80.3921568627451,1.1204481792717087,79.27170868347339
E00010459,464,59,35,24,405,12,393,12.71551724137931,7.543103448275862,5.172413793103448,87.28448275862068,2.586206896551724,84.69827586206897
E00010460,431,71,41,30,360,14,346,16.473317865429234,9.51276102088167,6.960556844547564,83.52668213457076,3.248259860788863,80.2784222737819
E00010461,410,51,15,36,359,19,340,12.439024390243903,3.6585365853658534,8.780487804878048,87.5609756097561,4.634146341463414,82.92682926829268
E00010462,396,57,23,34,339,22,317,14.393939393939394,5.808080808080808,8.585858585858585,85.60606060606061,5.555555555555555,80.05050505050505
E00010463,445,74,28,46,371,14,357,16.629213483146067,6.292134831460674,10.337078651685392,83.37078651685394,3.146067415730337,80.2247191011236
E00010464,411,51,19,32,360,10,350,12.408759124087592,4.622871046228711,7.785888077858881,87.59124087591242,2.4330900243309004,85.15815085158151
E00010465,328,79,49,30,249,9,240,24.085365853658537,14.939024390243901,9.146341463414634,75.91463414634147,2.7439024390243905,73.17073170731707
E00010466,316,51,23,28,265,10,255,16.139240506329113,7.2784810126582276,8.860759493670885,83.86075949367088,3.1645569620253164,80.69620253164557
E00010467,403,74,45,29,329,11,318,18.36228287841191,11.166253101736972,7.196029776674938,81.6377171215881,2.729528535980149,78.90818858560795
E00010468,326,54,27,27,272,7,265,16.56441717791411,8.282208588957054,8.282208588957054,83.43558282208589,2.147239263803681,81.28834355828221
E00010469,331,58,37,21,273,9,264,17.522658610271904,11.178247734138973,6.3444108761329305,82.4773413897281,2.719033232628399,79.7583081570997
E00010470,373,52,30,22,321,9,312,13.941018766756033,8.04289544235925,5.898123324396782,86.05898123324397,2.4128686327077746,83.6461126005362
E00010471,298,31,16,15,267,18,249,10.40268456375839,5.369127516778524,5.033557046979865,89.59731543624162,6.0402684563758395,83.55704697986577
E00010472,221,35,20,15,186,4,182,15.837104072398189,9.049773755656108,6.787330316742081,84.16289592760181,1.809954751131222,82.35294117647058
E00010473,196,30,12,18,166,5,161,15.306122448979592,6.122448979591836,9.183673469387756,84.6938775510204,2.5510204081632653,82.14285714285714
E00010474,348,44,18,26,304,18,286,12.643678160919542,5.172413793103448,7.471264367816093,87.356321839080465,5.172413793103448,82.18390804597702
E00010475,231,41,24,17,190,7,183,17.74891774891775,10.38961038961039,7.35930735930736,82.25108225108225,3.0303030303030303,79.22077922077922
E00010476,378,42,16,26,336,25,311,11.11111111111111,4.232804232804233,6.878306878306878,88.88888888888889,6.613756613756613,82.27513227513228
E00010479,362,43,19,24,319,17,302,11.878453038674033,5.248618784530387,6.629834254143646,88.12154696132598,4.696132596685083,83.42541436464089
E00010480,365,49,24,25,316,20,296,13.424657534246576,6.575342465753424,6.8493150684931505,86.57534246575342,5.47945205479452,81.0958904109589
E00010481,335,47,16,31,288,14,274,14.029850746268657,4.776119402985075,9.253731343283581,85.97014925373134,4.179104477611941,81.7910447761194
E00010482,403,54,24,30,349,28,321,13.399503722084367,5.955334987593052,7.444168734491314,86.60049627791562,6.9478908188585615,79.65260545905707
E00010483,464,65,30,35,399,31,368,14.00862068965517,6.4655172413793105,7.543103448275862,85.99137931034483,6.68103448275862,79.3103448275862
E00010484,371,43,12,31,328,20,308,11.590296495956872,3.234501347708895,8.355795148247978,88.40970350404312,5.3908355795148255,83.01886792452831
E00010485,341,49,11,38,292,27,265,14.369501466275661,3.225806451612903,11.143695014662756,85.63049853372434,7.9178885630498534,77.71260997067448
E00010486,435,53,25,28,382,19,363,12.183908045977011,5.747126436781609,6.436781609195402,87.816091954023,4.3678160919540225,83.44827586206897
E00010487,306,41,23,18,265,13,252,13.398692810457517,7.516339869281046,5.88235294117647,86.60130718954248,4.248366013071895,82.35294117647058
E00010488,349,44,19,25,305,18,287,12.607449856733524,5.444126074498568,7.163323782234957,87.39255014326648,5.157593123209169,82.23495702005731
E00010489,362,37,14,23,325,24,301,10.220994475138122,3.867403314917127,6.353591160220995,89.77900552486187,6.629834254143646,83.14917127071824
E00010490,301,41,10,31,260,19,241,13.621262458471762,3.322259136212625,10.299003322259136,86.37873754152824,6.312292358803987,80.06644518272425
E00010491,604,82,36,46,522,26,496,13.57615894039735,5.960264900662252,7.6158940397351,86.42384105960265,4.304635761589404,82.11920529801324
E00010492,307,42,14,28,265,13,252,13.680781758957655,4.5602605863192185,9.120521172638437,86.31921824104235,4.234527687296417,82.08469055374593
E00010493,282,42,22,20,240,14,226,14.893617021276595,7.801418439716312,7.092198581560284,85.1063829787234,4.964539007092199,80.1418439716312
E00010494,315,55,34,21,260,14,246,17.46031746031746,10.793650793650794,6.666666666666667,82.53968253968253,4.444444444444445,78.0952380952381
E00010495,344,45,27,18,299,19,280,13.08139534883721,7.848837209302325,5.232558139534884,86.9186046511628,5.523255813953488,81.3953488372093
E00010496,354,71,29,42,283,16,267,20.056497175141246,8.192090395480225,11.864406779661017,79.94350282485875,4.519774011299435,75.42372881355932
E00010497,310,46,24,22,264,6,258,14.838709677419354,7.741935483870968,7.096774193548387,85.16129032258064,1.935483870967742,83.22580645161291
E00010498,418,58,29,29,360,22,338,13.875598086124402,6.937799043062201,6.937799043062201,86.1244019138756,5.263157894736842,80.86124401913875
E00010499,398,59,26,33,339,14,325,14.824120603015075,6.532663316582915,8.291457286432161,85.17587939698493,3.5175879396984926,81.65829145728644
E00010500,336,69,33,36,267,9,258,20.535714285714285,9.821428571428571,10.714285714285714,79.46428571428571,2.6785714285714284,76.78571428571429
E00010501,340,35,18,17,305,12,293,10.294117647058822,5.294117647058823,5,89.70588235294117,3.5294117647058822,86.1764705882353
E00010502,300,48,24,24,252,9,243,16,8,8,84,3,81
E00010503,334,66,37,29,268,18,250,19.760479041916167,11.077844311377245,8.682634730538922,80.23952095808383,5.389221556886228,74.8502994011976
E00010504,349,44,23,21,305,14,291,12.607449856733524,6.59025787965616,6.017191977077363,87.39255014326648,4.011461318051576,83.3810888252149
E00010505,295,52,28,24,243,18,225,17.627118644067796,9.491525423728813,8.135593220338983,82.37288135593221,6.101694915254238,76.27118644067797
E00010506,305,36,22,14,269,15,254,11.80327868852459,7.213114754098362,4.590163934426229,88.19672131147541,4.918032786885246,83.27868852459017
E00010507,350,53,24,29,297,16,281,15.142857142857144,6.857142857142858,8.285714285714285,84.85714285714285,4.571428571428571,80.28571428571428
E00010508,354,52,29,23,302,8,294,14.689265536723164,8.192090395480225,6.497175141242938,85.31073446327684,2.2598870056497176,83.05084745762711
E00010509,337,46,19,27,291,15,276,13.649851632047477,5.637982195845697,8.011869436201781,86.35014836795251,4.451038575667656,81.89910979228486
E00010510,293,48,34,14,245,8,237,16.38225255972696,11.604095563139932,4.778156996587031,83.61774744027304,2.7303754266211606,80.88737201365188
E00010511,552,73,30,43,479,11,468,13.22463768115942,5.434782608695652,7.789855072463768,86.77536231884058,1.9927536231884055,84.78260869565217
E00010512,373,86,46,40,287,18,269,23.056300268096514,12.332439678284182,10.723860589812332,76.94369973190348,4.825737265415549,72.11796246648794
E00010513,359,65,37,28,294,7,287,18.105849582172702,10.30640668523677,7.7994428969359335,81.89415041782729,1.9498607242339834,79.94428969359332
E00010514,368,50,21,29,318,9,309,13.586956521739129,5.706521739130435,7.880434782608696,86.41304347826086,2.4456521739130435,83.96739130434783
E00010515,461,45,24,21,416,19,397,9.761388286334057,5.206073752711497,4.55531453362256,90.23861171366593,4.121475054229935,86.11713665943601
E00010516,349,57,29,28,292,19,273,16.332378223495702,8.30945558739255,8.022922636103152,83.66762177650429,5.444126074498568,78.22349570200574
E00010517,321,68,37,31,253,9,244,21.18380062305296,11.526479750778815,9.657320872274143,78.81619937694704,2.803738317757009,76.01246105919003
E00010518,291,38,17,21,253,10,243,13.058419243986256,5.841924398625429,7.216494845360824,86.94158075601375,3.436426116838488,83.50515463917526
E00010519,339,71,37,34,268,11,257,20.943952802359885,10.914454277286136,10.029498525073747,79.05604719764013,3.2448377581120944,75.81120943952803
E00010520,407,72,43,29,335,13,322,17.69041769041769,10.565110565110565,7.125307125307126,82.30958230958231,3.194103194103194,79.11547911547912
E00010521,386,65,43,22,321,12,309,16.83937823834197,11.139896373056994,5.699481865284974,83.16062176165802,3.1088082901554404,80.05181347150258
E00010522,405,45,21,24,360,11,349,11.11111111111111,5.185185185185185,5.9259259259259265,88.88888888888889,2.7160493827160495,86.17283950617283
E00010523,362,70,38,32,292,12,280,19.337016574585636,10.497237569060774,8.83977900552486,80.66298342541437,3.314917127071823,77.34806629834254
E00010524,344,70,36,34,274,15,259,20.348837209302324,10.465116279069768,9.883720930232558,79.65116279069767,4.3604651162790695,75.29069767441861
E00010525,434,62,35,27,372,9,363,14.285714285714285,8.064516129032258,6.221198156682028,85.71428571428571,2.0737327188940093,83.6405529953917
E00010526,479,83,42,41,396,21,375,17.32776617954071,8.768267223382047,8.559498956158663,82.6722338204593,4.3841336116910234,78.28810020876827
E00010527,367,68,40,28,299,13,286,18.52861035422343,10.899182561307901,7.629427792915531,81.47138964577657,3.5422343324250685,77.9291553133515
E00010528,218,24,8,16,194,8,186,11.009174311926607,3.669724770642202,7.339449541284404,88.9908256880734,3.669724770642202,85.3211009174312
E00010529,372,95,41,54,277,16,261,25.537634408602152,11.021505376344086,14.516129032258066,74.46236559139786,4.301075268817205,70.16129032258065
E00010530,419,79,43,36,340,16,324,18.85441527446301,10.26252983293556,8.591885441527445,81.14558472553699,3.8186157517899764,77.32696897374701
E00010531,382,68,28,40,314,21,293,17.801047120418847,7.329842931937172,10.471204188481675,82.19895287958116,5.49738219895288,76.70157068062828
E00010532,309,63,27,36,246,11,235,20.388349514563107,8.737864077669903,11.650485436893204,79.6116504854369,3.559870550161812,76.05177993527508
E00010533,491,82,43,39,409,14,395,16.700610997963338,8.757637474541752,7.942973523421588,83.29938900203666,2.8513238289205702,80.44806517311609
E00010534,363,46,30,16,317,9,308,12.672176308539946,8.264462809917356,4.40771349862259,87.32782369146005,2.479338842975207,84.84848484848484
E00010535,350,57,24,33,293,11,282,16.28571428571429,6.857142857142858,9.428571428571429,83.71428571428572,3.1428571428571432,80.57142857142857
E00010536,333,30,20,10,303,12,291,9.00900900900901,6.006006006006006,3.003003003003003,90.990990990991,3.6036036036036037,87.38738738738738
E00010537,357,36,15,21,321,15,306,10.084033613445378,4.201680672268908,5.88235294117647,89.91596638655463,4.201680672268908,85.71428571428571
E00010538,422,49,16,33,373,18,355,11.61137440758294,3.7914691943127963,7.819905213270142,88.38862559241706,4.265402843601896,84.12322274881517
E00010539,426,63,34,29,363,18,345,14.788732394366196,7.981220657276995,6.807511737089202,85.2112676056338,4.225352112676056,80.98591549295774
E00010540,442,61,28,33,381,14,367,13.800904977375566,6.334841628959276,7.46606334841629,86.19909502262443,3.167420814479638,83.0316742081448
E00010541,492,43,9,34,449,11,438,8.739837398373984,1.8292682926829267,6.910569105691057,91.26016260162602,2.2357723577235773,89.02439024390245
E00010542,311,43,16,27,268,17,251,13.826366559485532,5.144694533762058,8.681672025723474,86.17363344051448,5.466237942122187,80.70739549839229
E00010543,405,69,36,33,336,18,318,17.037037037037038,8.88888888888889,8.148148148148149,82.96296296296296,4.444444444444445,78.51851851851852
E00010544,410,59,30,29,351,9,342,14.390243902439023,7.317073170731707,7.073170731707316,85.60975609756098,2.195121951219512,83.41463414634146
E00010545,467,57,25,32,410,15,395,12.205567451820128,5.353319057815846,6.852248394004283,87.79443254817987,3.2119914346895073,84.58244111349036
E00010546,369,41,20,21,328,11,317,11.11111111111111,5.420054200542006,5.691056910569105,88.88888888888889,2.9810298102981028,85.90785907859079
E00010547,450,57,26,31,393,24,369,12.666666666666668,5.777777777777778,6.888888888888889,87.33333333333333,5.333333333333334,82
E00010548,389,57,34,23,332,15,317,14.652956298200515,8.740359897172237,5.912596401028278,85.34704370179949,3.8560411311053984,81.49100257069408
E00010549,376,42,16,26,334,24,310,11.170212765957446,4.25531914893617,6.914893617021277,88.82978723404256,6.382978723404255,82.4468085106383
E00010550,408,63,29,34,345,7,338,15.441176470588236,7.107843137254902,8.333333333333332,84.55882352941177,1.715686274509804,82.84313725490196
E00010551,405,44,15,29,361,19,342,10.864197530864198,3.7037037037037033,7.160493827160494,89.13580246913581,4.691358024691358,84.44444444444444
E00010552,408,63,29,34,345,18,327,15.441176470588236,7.107843137254902,8.333333333333332,84.55882352941177,4.411764705882353,80.14705882352942
E00010553,554,81,37,44,473,28,445,14.620938628158845,6.678700361010831,7.9422382671480145,85.37906137184116,5.054151624548736,80.32490974729242
E00010554,316,69,36,33,247,5,242,21.835443037974684,11.39240506329114,10.443037974683545,78.16455696202532,1.5822784810126582,76.58227848101265
E00010555,380,53,26,27,327,15,312,13.94736842105263,6.842105263157896,7.105263157894736,86.05263157894737,3.9473684210526314,82.10526315789474
E00010556,422,64,34,30,358,14,344,15.165876777251185,8.056872037914692,7.109004739336493,84.83412322274881,3.3175355450236967,81.51658767772511
E00010557,258,24,17,7,234,8,226,9.30232558139535,6.5891472868217065,2.7131782945736433,90.69767441860465,3.10077519379845,87.59689922480621
E00010558,494,115,70,45,379,33,346,23.279352226720647,14.17004048582996,9.109311740890687,76.72064777327935,6.680161943319838,70.04048582995951
E00010559,518,90,52,38,428,12,416,17.374517374517374,10.038610038610038,7.335907335907336,82.62548262548263,2.3166023166023164,80.3088803088803
E00010560,256,33,15,18,223,19,204,12.890625,5.859375,7.03125,87.109375,7.421875,79.6875
E00010561,298,34,14,20,264,13,251,11.409395973154362,4.697986577181208,6.7114093959731544,88.59060402684564,4.3624161073825505,84.22818791946308
E00010562,371,60,26,34,311,7,304,16.172506738544474,7.008086253369273,9.164420485175203,83.82749326145552,1.8867924528301887,81.94070080862534
E00010563,395,67,36,31,328,19,309,16.962025316455694,9.113924050632912,7.848101265822785,83.0379746835443,4.810126582278481,78.22784810126582
E00010564,322,44,16,28,278,15,263,13.664596273291925,4.968944099378882,8.695652173913043,86.33540372670807,4.658385093167702,81.67701863354037
E00010565,272,26,6,20,246,16,230,9.558823529411764,2.2058823529411766,7.352941176470589,90.44117647058823,5.88235294117647,84.55882352941177
E00010566,321,24,14,10,297,13,284,7.476635514018691,4.361370716510903,3.115264797507788,92.5233644859813,4.049844236760125,88.47352024922118
E00010567,327,32,9,23,295,19,276,9.785932721712538,2.7522935779816518,7.033639143730887,90.21406727828746,5.81039755351682,84.40366972477065
E00010568,353,39,12,27,314,10,304,11.048158640226628,3.39943342776204,7.64872521246459,88.95184135977338,2.8328611898017,86.11898016997166
E00165800,435,78,45,33,357,20,337,17.93103448275862,10.344827586206897,7.586206896551724,82.06896551724138,4.597701149425287,77.47126436781609
E00170297,311,37,10,27,274,25,249,11.89710610932476,3.215434083601286,8.681672025723474,88.10289389067523,8.038585209003216,80.06430868167203
E00170298,250,28,16,12,222,17,205,11.200000000000001,6.4,4.8,88.8,6.800000000000001,82
E00170300,232,36,10,26,196,14,182,15.517241379310345,4.310344827586207,11.206896551724139,84.48275862068965,6.0344827586206895,78.44827586206897
E00170302,287,28,15,13,259,8,251,9.75609756097561,5.2264808362369335,4.529616724738676,90.2439024390244,2.7874564459930316,87.45644599303137
E00170303,415,54,12,42,361,31,330,13.012048192771083,2.891566265060241,10.120481927710843,86.98795180722891,7.46987951807229,79.51807228915662
E00170304,303,24,8,16,279,11,268,7.920792079207921,2.6402640264026402,5.2805280528052805,92.07920792079209,3.6303630363036308,88.44884488448845
E00170305,331,49,21,28,282,9,273,14.803625377643503,6.3444108761329305,8.459214501510575,85.1963746223565,2.719033232628399,82.4773413897281
E00170306,295,47,27,20,248,7,241,15.932203389830507,9.152542372881356,6.779661016949152,84.06779661016948,2.3728813559322033,81.69491525423729
E00170309,331,34,12,22,297,13,284,10.27190332326284,3.625377643504532,6.646525679758309,89.72809667673715,3.927492447129909,85.80060422960725
E00170310,282,30,13,17,252,7,245,10.638297872340425,4.609929078014184,6.028368794326241,89.36170212765957,2.4822695035460995,86.87943262411348
E00170311,409,33,10,23,376,19,357,8.06845965770171,2.444987775061125,5.623471882640587,91.93154034229829,4.645476772616137,87.28606356968214
E00170312,319,28,12,16,291,16,275,8.77742946708464,3.761755485893417,5.015673981191222,91.22257053291536,5.015673981191222,86.20689655172413
E00170313,237,20,8,12,217,17,200,8.438818565400844,3.375527426160337,5.063291139240507,91.56118143459916,7.172995780590717,84.38818565400844
E00170314,362,24,10,14,338,22,316,6.629834254143646,2.7624309392265194,3.867403314917127,93.37016574585635,6.077348066298343,87.29281767955801
E00170316,281,21,2,19,260,27,233,7.473309608540925,0.7117437722419928,6.761565836298933,92.52669039145907,9.608540925266903,82.91814946619218
E00170317,373,43,26,17,330,7,323,11.528150134048257,6.970509383378016,4.557640750670242,88.47184986595174,1.876675603217158,86.59517426273459
E00170318,363,52,18,34,311,13,298,14.325068870523417,4.958677685950414,9.366391184573002,85.67493112947659,3.581267217630854,82.09366391184572
E00170319,367,61,32,29,306,15,291,16.62125340599455,8.71934604904632,7.901907356948229,83.37874659400545,4.087193460490464,79.291553133515
E00170320,232,15,3,12,217,15,202,6.4655172413793105,1.293103448275862,5.172413793103448,93.53448275862068,6.4655172413793105,87.06896551724138
E00170321,143,23,11,12,120,10,110,16.083916083916083,7.6923076923076925,8.391608391608392,83.91608391608392,6.993006993006993,76.92307692307693
E00170322,374,76,40,36,298,10,288,20.32085561497326,10.695187165775401,9.62566844919786,79.67914438502673,2.6737967914438503,77.00534759358288
E00170323,301,40,22,18,261,15,246,13.2890365448505,7.308970099667775,5.980066445182724,86.71096345514951,4.983388704318937,81.72757475083057
E00170324,391,59,28,31,332,16,316,15.089514066496163,7.161125319693094,7.928388746803069,84.91048593350384,4.092071611253197,80.81841432225065
E00178901,300,41,10,31,259,24,235,13.666666666666666,3.3333333333333335,10.333333333333334,86.33333333333333,8,78.33333333333333
E00178902,351,59,20,39,292,17,275,16.80911680911681,5.698005698005698,11.11111111111111,83.1908831908832,4.843304843304843,78.34757834757835
E00178903,386,59,27,32,327,16,311,15.284974093264248,6.994818652849741,8.290155440414509,84.71502590673575,4.145077720207254,80.56994818652849
E00178911,319,37,17,20,282,10,272,11.598746081504702,5.329153605015674,6.269592476489027,88.40125391849529,3.1347962382445136,85.26645768025078
E00178912,185,31,13,18,154,4,150,16.756756756756758,7.027027027027027,9.72972972972973,83.24324324324324,2.1621621621621623,81.08108108108108
E00178917,358,49,17,32,309,24,285,13.687150837988826,4.748603351955307,8.938547486033519,86.31284916201118,6.70391061452514,79.60893854748603
E00178931,123,15,7,8,108,6,102,12.195121951219512,5.691056910569105,6.504065040650407,87.8048780487805,4.878048780487805,82.92682926829268
E00178932,140,21,10,11,119,1,118,15,7.142857142857142,7.857142857142857,85,0.7142857142857143,84.28571428571429
E00178934,320,30,13,17,290,2,288,9.375,4.0625,5.3125,90.625,0.625,90
E00178935,276,40,22,18,236,6,230,14.492753623188406,7.971014492753622,6.521739130434782,85.5072463768116,2.1739130434782608,83.33333333333334
E00178940,302,57,30,27,245,22,223,18.874172185430464,9.933774834437086,8.940397350993377,81.12582781456953,7.28476821192053,73.84105960264901
E00178944,180,13,6,7,167,5,162,7.222222222222221,3.3333333333333335,3.888888888888889,92.77777777777779,2.7777777777777777,90
E00178947,472,55,17,38,417,32,385,11.652542372881355,3.6016949152542375,8.050847457627118,88.34745762711864,6.779661016949152,81.5677966101695
E00178948,330,29,15,14,301,16,285,8.787878787878787,4.545454545454546,4.242424242424243,91.21212121212122,4.848484848484849,86.36363636363636
E00178949,613,119,20,99,494,35,459,19.412724306688418,3.262642740619902,16.150081566068515,80.58727569331158,5.709624796084829,74.87765089722676
E00178950,351,41,23,18,310,28,282,11.68091168091168,6.552706552706552,5.128205128205128,88.31908831908832,7.977207977207977,80.34188034188034
E00178951,532,44,14,30,488,8,480,8.270676691729323,2.631578947368421,5.639097744360902,91.72932330827066,1.5037593984962405,90.22556390977444
E00178959,476,52,14,38,424,19,405,10.92436974789916,2.941176470588235,7.9831932773109235,89.07563025210085,3.9915966386554618,85.08403361344537
E00178963,466,63,33,30,403,29,374,13.519313304721031,7.081545064377683,6.437768240343347,86.48068669527898,6.223175965665236,80.25751072961373
E00178964,298,38,23,15,260,14,246,12.751677852348994,7.718120805369128,5.033557046979865,87.24832214765101,4.697986577181208,82.5503355704698
E00178972,411,89,36,53,322,20,302,21.654501216545015,8.75912408759124,12.895377128953772,78.34549878345499,4.866180048661801,73.47931873479318
E00178973,364,35,14,21,329,20,309,9.615384615384617,3.8461538461538463,5.769230769230769,90.38461538461539,5.4945054945054945,84.89010989010988
E00178975,292,37,19,18,255,16,239,12.67123287671233,6.506849315068493,6.164383561643835,87.32876712328768,5.47945205479452,81.84931506849315
E00178979,100,9,5,4,91,4,87,9,5,4,91,4,87
E00178980,279,22,0,22,257,19,238,7.885304659498208,0,7.885304659498208,92.1146953405018,6.810035842293908,85.30465949820788
E00178981,283,32,18,14,251,0,251,11.307420494699647,6.36042402826855,4.946996466431095,88.69257950530034,0,88.69257950530034
E00178985,416,84,36,48,332,35,297,20.192307692307693,8.653846153846153,11.538461538461538,79.8076923076923,8.413461538461538,71.39423076923077
E00178987,233,58,35,23,175,14,161,24.892703862660944,15.021459227467812,9.871244635193133,75.10729613733905,6.008583690987124,69.09871244635193
E00178990,542,63,17,46,479,27,452,11.623616236162361,3.136531365313653,8.487084870848708,88.37638376383764,4.981549815498155,83.39483394833948
E00178992,322,50,22,28,272,11,261,15.527950310559005,6.832298136645963,8.695652173913043,84.472049689441,3.4161490683229814,81.05590062111801
E00178996,483,52,24,28,431,23,408,10.766045548654244,4.968944099378882,5.797101449275362,89.23395445134575,4.761904761904762,84.472049689441
E00178998,203,9,4,5,194,14,180,4.433497536945813,1.9704433497536946,2.4630541871921183,95.56650246305419,6.896551724137931,88.66995073891626
E00178999,293,47,27,20,246,12,234,16.040955631399317,9.215017064846416,6.825938566552901,83.95904436860067,4.09556313993174,79.86348122866895
E00179011,243,33,8,25,210,13,197,13.580246913580247,3.292181069958848,10.2880658436214,86.41975308641975,5.349794238683128,81.06995884773663
E00179013,525,59,17,42,466,19,447,11.238095238095239,3.2380952380952377,8,88.76190476190476,3.619047619047619,85.14285714285714
E00179015,431,44,22,22,387,14,373,10.208816705336426,5.104408352668213,5.104408352668213,89.79118329466357,3.248259860788863,86.5429234338747
E00179016,187,27,8,19,160,9,151,14.43850267379679,4.27807486631016,10.16042780748663,85.56149732620321,4.81283422459893,80.74866310160428
E00179017,321,39,18,21,282,24,258,12.149532710280374,5.607476635514018,6.5420560747663545,87.85046728971963,7.476635514018691,80.37383177570094
E00179018,533,82,41,41,451,11,440,15.384615384615385,7.6923076923076925,7.6923076923076925,84.61538461538461,2.0637898686679175,82.55159474671669
E00179022,454,31,12,19,423,8,415,6.828193832599119,2.643171806167401,4.185022026431718,93.17180616740089,1.762114537444934,91.40969162995594
E00179023,238,22,3,19,216,18,198,9.243697478991598,1.2605042016806722,7.9831932773109235,90.75630252100841,7.563025210084033,83.19327731092437
E00179024,313,22,8,14,291,8,283,7.0287539936102235,2.5559105431309903,4.472843450479233,92.97124600638978,2.5559105431309903,90.41533546325878
E00179026,140,15,5,10,125,3,122,10.714285714285714,3.571428571428571,7.142857142857142,89.28571428571429,2.142857142857143,87.14285714285714
E00179027,524,94,60,34,430,30,400,17.938931297709924,11.450381679389313,6.488549618320611,82.06106870229007,5.7251908396946565,76.33587786259542
E00179029,276,33,11,22,243,26,217,11.956521739130435,3.985507246376811,7.971014492753622,88.04347826086956,9.420289855072465,78.62318840579711
E00179031,343,84,49,35,259,23,236,24.489795918367346,14.285714285714285,10.204081632653061,75.51020408163265,6.705539358600583,68.80466472303208
E00179033,147,11,2,9,136,5,131,7.482993197278912,1.3605442176870748,6.122448979591836,92.51700680272108,3.4013605442176873,89.1156462585034
E00179042,123,25,13,12,98,3,95,20.32520325203252,10.569105691056912,9.75609756097561,79.67479674796748,2.4390243902439024,77.23577235772358
E00179045,380,30,8,22,350,25,325,7.894736842105263,2.1052631578947367,5.7894736842105265,92.10526315789474,6.578947368421052,85.52631578947368
E00179052,366,57,25,32,309,15,294,15.573770491803279,6.830601092896176,8.743169398907105,84.42622950819673,4.098360655737705,80.32786885245902
E00179057,448,30,19,11,418,3,415,6.696428571428571,4.241071428571429,2.455357142857143,93.30357142857143,0.6696428571428571,92.63392857142857
E00179063,171,10,1,9,161,12,149,5.847953216374268,0.5847953216374269,5.263157894736842,94.15204678362574,7.017543859649122,87.13450292397661
