OA,ts0590001,ts0590002,ts0590003,ts0590004,ts0590005,ts0590006,ts0590007,ts0590002_PCT,ts0590003_PCT,ts0590004_PCT,ts0590005_PCT,ts0590006_PCT,ts0590007_PCT
E00035073,102,31,12,19,71,66,5,30.392156862745097,11.76470588235294,18.627450980392158,69.6078431372549,64.70588235294117,4.901960784313726
E00035074,112,41,14,27,71,61,10,36.607142857142854,12.5,24.107142857142858,63.39285714285714,54.46428571428571,8.928571428571429
E00035075,69,21,10,11,48,39,9,30.434782608695656,14.492753623188406,15.942028985507244,69.56521739130434,56.52173913043478,13.043478260869565
E00035076,107,27,11,16,80,70,10,25.233644859813083,10.2803738317757,14.953271028037381,74.76635514018692,65.42056074766354,9.345794392523365
E00035077,109,45,7,38,64,58,6,41.284403669724774,6.422018348623854,34.862385321100916,58.71559633027523,53.21100917431193,5.5045871559633035
E00035078,130,40,14,26,90,71,19,30.76923076923077,10.76923076923077,20,69.23076923076923,54.61538461538461,14.615384615384617
E00035079,211,98,47,51,113,96,17,46.44549763033176,22.274881516587676,24.170616113744074,53.55450236966824,45.497630331753555,8.056872037914692
E00035080,126,40,16,24,86,67,19,31.746031746031743,12.698412698412698,19.047619047619047,68.25396825396825,53.17460317460318,15.079365079365079
E00035081,137,50,23,27,87,81,6,36.496350364963504,16.78832116788321,19.708029197080293,63.503649635036496,59.12408759124088,4.37956204379562
E00035082,93,28,14,14,65,56,9,30.107526881720432,15.053763440860216,15.053763440860216,69.89247311827957,60.215053763440864,9.67741935483871
E00035083,252,90,31,59,162,146,16,35.714285714285715,12.3015873015873,23.41269841269841,64.28571428571429,57.936507936507944,6.349206349206349
E00035084,116,45,19,26,71,64,7,38.793103448275865,16.379310344827587,22.413793103448278,61.206896551724135,55.172413793103445,6.0344827586206895
E00035085,35,9,4,5,26,19,7,25.71428571428571,11.428571428571429,14.285714285714285,74.28571428571429,54.285714285714285,20
E00035086,91,32,17,15,59,43,16,35.16483516483517,18.681318681318682,16.483516483516482,64.83516483516483,47.25274725274725,17.582417582417584
E00035087,109,39,12,27,70,59,11,35.77981651376147,11.009174311926607,24.770642201834864,64.22018348623854,54.12844036697248,10.091743119266056
E00035088,131,40,19,21,91,69,22,30.53435114503817,14.50381679389313,16.030534351145036,69.46564885496184,52.67175572519084,16.793893129770993
E00035089,134,59,13,46,75,68,7,44.02985074626866,9.701492537313433,34.32835820895522,55.970149253731336,50.74626865671642,5.223880597014925
E00035090,161,46,12,34,115,97,18,28.57142857142857,7.453416149068323,21.11801242236025,71.42857142857143,60.24844720496895,11.180124223602485
E00035091,132,48,21,27,84,70,14,36.36363636363637,15.909090909090908,20.454545454545457,63.63636363636363,53.03030303030303,10.606060606060606
E00035092,148,62,27,35,86,69,17,41.891891891891895,18.243243243243242,23.64864864864865,58.108108108108105,46.62162162162162,11.486486486486488
E00035093,129,44,14,30,85,68,17,34.10852713178294,10.852713178294573,23.25581395348837,65.89147286821705,52.71317829457365,13.178294573643413
E00035094,119,33,14,19,86,68,18,27.73109243697479,11.76470588235294,15.966386554621847,72.26890756302521,57.14285714285714,15.126050420168067
E00035095,155,61,17,44,94,85,9,39.35483870967742,10.967741935483872,28.387096774193548,60.64516129032258,54.83870967741935,5.806451612903226
E00035096,104,31,6,25,73,66,7,29.807692307692307,5.769230769230769,24.03846153846154,70.1923076923077,63.46153846153846,6.730769230769231
E00035097,95,28,9,19,67,56,11,29.47368421052631,9.473684210526317,20,70.52631578947368,58.94736842105262,11.578947368421053
E00035098,124,32,14,18,92,79,13,25.806451612903224,11.29032258064516,14.516129032258066,74.19354838709677,63.70967741935484,10.483870967741936
E00035099,60,15,5,10,45,39,6,25,8.333333333333332,16.666666666666664,75,65,10
E00035100,177,63,28,35,114,92,22,35.59322033898305,15.819209039548024,19.774011299435028,64.40677966101694,51.9774011299435,12.429378531073446
E00035101,91,28,6,22,63,56,7,30.76923076923077,6.593406593406594,24.175824175824175,69.23076923076923,61.53846153846154,7.6923076923076925
E00035102,80,27,10,17,53,45,8,33.75,12.5,21.25,66.25,56.25,10
E00035103,113,42,16,26,71,55,16,37.16814159292036,14.15929203539823,23.008849557522122,62.83185840707964,48.67256637168141,14.15929203539823
E00035104,98,28,11,17,70,68,2,28.57142857142857,11.224489795918368,17.346938775510203,71.42857142857143,69.38775510204081,2.0408163265306123
E00035105,76,28,8,20,48,43,5,36.84210526315789,10.526315789473683,26.31578947368421,63.1578947368421,56.57894736842105,6.578947368421052
E00035106,101,30,10,20,71,57,14,29.7029702970297,9.900990099009901,19.801980198019802,70.29702970297029,56.43564356435643,13.861386138613863
E00035107,113,38,13,25,75,66,9,33.6283185840708,11.504424778761061,22.123893805309734,66.3716814159292,58.4070796460177,7.964601769911504
E00035108,105,35,10,25,70,57,13,33.33333333333333,9.523809523809524,23.809523809523807,66.66666666666666,54.285714285714285,12.380952380952381
E00035109,77,28,7,21,49,45,4,36.36363636363637,9.090909090909092,27.27272727272727,63.63636363636363,58.44155844155844,5.194805194805195
E00035110,134,47,16,31,87,79,8,35.07462686567165,11.940298507462686,23.134328358208954,64.92537313432835,58.95522388059702,5.970149253731343
E00035111,130,43,11,32,87,73,14,33.07692307692307,8.461538461538462,24.615384615384617,66.92307692307692,56.15384615384615,10.76923076923077
E00035112,122,36,15,21,86,73,13,29.508196721311474,12.295081967213115,17.21311475409836,70.49180327868852,59.83606557377049,10.655737704918032
E00035113,131,46,14,32,85,79,6,35.11450381679389,10.687022900763358,24.427480916030532,64.8854961832061,60.30534351145038,4.580152671755725
E00035114,132,42,17,25,90,77,13,31.818181818181817,12.878787878787879,18.939393939393938,68.18181818181817,58.333333333333336,9.848484848484848
E00035115,162,50,12,38,112,98,14,30.864197530864196,7.4074074074074066,23.456790123456788,69.1358024691358,60.49382716049383,8.641975308641975
E00035116,116,35,9,26,81,67,14,30.17241379310345,7.758620689655173,22.413793103448278,69.82758620689656,57.758620689655174,12.068965517241379
E00035117,145,57,22,35,88,81,7,39.310344827586206,15.172413793103448,24.137931034482758,60.689655172413794,55.86206896551724,4.827586206896552
E00035118,111,29,8,21,82,78,4,26.126126126126124,7.207207207207207,18.91891891891892,73.87387387387388,70.27027027027027,3.6036036036036037
E00035119,116,46,17,29,70,59,11,39.6551724137931,14.655172413793101,25,60.3448275862069,50.86206896551724,9.482758620689655
E00035120,116,46,10,36,70,65,5,39.6551724137931,8.620689655172415,31.03448275862069,60.3448275862069,56.03448275862068,4.310344827586207
E00035121,142,48,18,30,94,89,5,33.80281690140845,12.676056338028168,21.12676056338028,66.19718309859155,62.676056338028175,3.5211267605633805
E00035122,113,47,23,24,66,55,11,41.5929203539823,20.353982300884958,21.238938053097346,58.4070796460177,48.67256637168141,9.734513274336283
E00035123,147,50,13,37,97,88,9,34.01360544217687,8.843537414965986,25.170068027210885,65.98639455782312,59.863945578231295,6.122448979591836
E00035124,150,56,20,36,94,91,3,37.333333333333336,13.333333333333334,24,62.66666666666667,60.66666666666667,2
E00035125,142,51,17,34,91,80,11,35.91549295774648,11.971830985915492,23.943661971830984,64.08450704225352,56.33802816901409,7.746478873239436
E00035126,190,63,16,47,127,109,18,33.1578947368421,8.421052631578947,24.736842105263158,66.84210526315789,57.36842105263158,9.473684210526317
E00035127,139,47,18,29,92,84,8,33.81294964028777,12.949640287769784,20.863309352517987,66.18705035971223,60.431654676258994,5.755395683453238
E00035128,129,41,14,27,88,65,23,31.782945736434108,10.852713178294573,20.930232558139537,68.21705426356588,50.3875968992248,17.829457364341085
E00035129,124,41,7,34,83,77,6,33.064516129032256,5.64516129032258,27.419354838709676,66.93548387096774,62.096774193548384,4.838709677419355
E00035130,122,36,10,26,86,74,12,29.508196721311474,8.19672131147541,21.311475409836063,70.49180327868852,60.65573770491803,9.836065573770492
E00035131,122,48,21,27,74,63,11,39.34426229508197,17.21311475409836,22.131147540983605,60.65573770491803,51.63934426229508,9.01639344262295
E00035132,166,63,14,49,103,92,11,37.95180722891566,8.433734939759036,29.518072289156628,62.048192771084345,55.42168674698795,6.626506024096386
E00035133,158,56,19,37,102,91,11,35.44303797468354,12.025316455696203,23.417721518987342,64.55696202531645,57.59493670886076,6.962025316455696
E00035134,126,42,14,28,84,73,11,33.33333333333333,11.11111111111111,22.22222222222222,66.66666666666666,57.936507936507944,8.73015873015873
E00035135,132,48,19,29,84,70,14,36.36363636363637,14.393939393939394,21.96969696969697,63.63636363636363,53.03030303030303,10.606060606060606
E00035136,180,53,15,38,127,107,20,29.444444444444446,8.333333333333332,21.11111111111111,70.55555555555556,59.44444444444444,11.11111111111111
E00035137,195,66,36,30,129,97,32,33.84615384615385,18.461538461538463,15.384615384615385,66.15384615384615,49.743589743589745,16.41025641025641
E00035138,129,43,13,30,86,68,18,33.33333333333333,10.077519379844961,23.25581395348837,66.66666666666666,52.71317829457365,13.953488372093023
E00035139,156,62,20,42,94,88,6,39.743589743589745,12.82051282051282,26.923076923076923,60.256410256410255,56.41025641025641,3.8461538461538463
E00035140,130,40,11,29,90,73,17,30.76923076923077,8.461538461538462,22.30769230769231,69.23076923076923,56.15384615384615,13.076923076923078
E00035141,182,60,20,40,122,105,17,32.967032967032964,10.989010989010989,21.978021978021978,67.03296703296702,57.692307692307686,9.340659340659341
E00035142,169,55,18,37,114,95,19,32.544378698224854,10.650887573964498,21.893491124260358,67.45562130177515,56.213017751479285,11.242603550295858
E00035143,140,46,17,29,94,83,11,32.857142857142854,12.142857142857142,20.714285714285715,67.14285714285714,59.285714285714285,7.857142857142857
E00035144,126,46,16,30,80,71,9,36.507936507936506,12.698412698412698,23.809523809523807,63.49206349206349,56.34920634920635,7.142857142857142
E00035145,163,50,14,36,113,96,17,30.67484662576687,8.588957055214724,22.085889570552148,69.32515337423312,58.895705521472394,10.429447852760736
E00035146,165,57,17,40,108,91,17,34.54545454545455,10.303030303030303,24.242424242424242,65.45454545454545,55.15151515151515,10.303030303030303
E00035147,142,53,18,35,89,75,14,37.32394366197183,12.676056338028168,24.647887323943664,62.676056338028175,52.816901408450704,9.859154929577464
E00035148,135,60,16,44,75,66,9,44.44444444444444,11.851851851851853,32.592592592592595,55.55555555555556,48.888888888888886,6.666666666666667
E00035149,51,17,5,12,34,30,4,33.33333333333333,9.803921568627452,23.52941176470588,66.66666666666666,58.82352941176471,7.8431372549019605
E00035150,166,58,18,40,108,94,14,34.93975903614458,10.843373493975903,24.096385542168676,65.06024096385542,56.62650602409639,8.433734939759036
E00035151,140,43,19,24,97,77,20,30.714285714285715,13.571428571428571,17.142857142857142,69.28571428571428,55.00000000000001,14.285714285714285
E00035152,138,38,13,25,100,84,16,27.536231884057973,9.420289855072465,18.115942028985508,72.46376811594203,60.86956521739131,11.594202898550725
E00035153,154,44,5,39,110,95,15,28.57142857142857,3.2467532467532463,25.324675324675322,71.42857142857143,61.68831168831169,9.740259740259742
E00035154,139,45,16,29,94,82,12,32.37410071942446,11.510791366906476,20.863309352517987,67.62589928057554,58.992805755395686,8.633093525179856
E00035155,157,52,15,37,105,93,12,33.12101910828025,9.554140127388536,23.56687898089172,66.87898089171973,59.23566878980891,7.643312101910828
E00035156,111,26,10,16,85,78,7,23.423423423423422,9.00900900900901,14.414414414414415,76.57657657657657,70.27027027027027,6.306306306306306
E00035157,149,46,14,32,103,79,24,30.87248322147651,9.395973154362416,21.476510067114095,69.12751677852349,53.02013422818792,16.10738255033557
E00035158,200,61,20,41,139,125,14,30.5,10,20.5,69.5,62.5,7.000000000000001
E00035159,165,47,19,28,118,89,29,28.484848484848484,11.515151515151516,16.969696969696972,71.51515151515152,53.939393939393945,17.575757575757574
E00035160,144,37,11,26,107,84,23,25.694444444444443,7.638888888888889,18.055555555555554,74.30555555555556,58.333333333333336,15.972222222222221
E00035161,109,26,7,19,83,65,18,23.853211009174313,6.422018348623854,17.431192660550458,76.14678899082568,59.63302752293578,16.51376146788991
E00035162,197,62,19,43,135,118,17,31.472081218274113,9.644670050761421,21.82741116751269,68.52791878172589,59.89847715736041,8.629441624365482
E00035163,169,54,22,32,115,89,26,31.952662721893493,13.017751479289942,18.93491124260355,68.04733727810651,52.662721893491124,15.384615384615385
E00035164,159,44,15,29,115,93,22,27.67295597484277,9.433962264150944,18.238993710691823,72.32704402515722,58.490566037735846,13.836477987421384
E00035165,155,46,10,36,109,95,14,29.677419354838708,6.451612903225806,23.225806451612904,70.3225806451613,61.29032258064516,9.032258064516128
E00035166,105,40,17,23,65,52,13,38.095238095238095,16.19047619047619,21.904761904761905,61.904761904761905,49.523809523809526,12.380952380952381
E00035167,148,52,12,40,96,86,10,35.13513513513514,8.108108108108109,27.027027027027028,64.86486486486487,58.108108108108105,6.756756756756757
E00035168,144,50,16,34,94,77,17,34.72222222222222,11.11111111111111,23.61111111111111,65.27777777777779,53.47222222222222,11.805555555555555
E00035169,65,24,8,16,41,35,6,36.92307692307693,12.307692307692308,24.615384615384617,63.07692307692307,53.84615384615385,9.230769230769232
E00035170,220,63,16,47,157,128,29,28.636363636363637,7.2727272727272725,21.363636363636363,71.36363636363636,58.18181818181818,13.18181818181818
E00035171,147,50,20,30,97,86,11,34.01360544217687,13.60544217687075,20.408163265306122,65.98639455782312,58.50340136054422,7.482993197278912
E00035172,130,47,26,21,83,62,21,36.15384615384615,20,16.153846153846153,63.84615384615384,47.69230769230769,16.153846153846153
E00035173,186,59,22,37,127,109,18,31.72043010752688,11.827956989247312,19.892473118279568,68.27956989247312,58.602150537634415,9.67741935483871
E00035174,168,46,15,31,122,87,35,27.380952380952383,8.928571428571429,18.452380952380953,72.61904761904762,51.78571428571429,20.833333333333336
E00035175,124,47,9,38,77,62,15,37.903225806451616,7.258064516129033,30.64516129032258,62.096774193548384,50,12.096774193548388
E00035176,173,46,24,22,127,93,34,26.589595375722542,13.872832369942195,12.716763005780345,73.41040462427746,53.75722543352601,19.653179190751445
E00035177,106,27,8,19,79,70,9,25.471698113207548,7.547169811320755,17.92452830188679,74.52830188679245,66.0377358490566,8.49056603773585
E00035178,102,34,12,22,68,57,11,33.33333333333333,11.76470588235294,21.568627450980394,66.66666666666666,55.88235294117647,10.784313725490197
E00035179,97,33,19,14,64,52,12,34.02061855670103,19.587628865979383,14.432989690721648,65.97938144329896,53.608247422680414,12.371134020618557
E00035180,81,19,8,11,62,50,12,23.456790123456788,9.876543209876543,13.580246913580247,76.5432098765432,61.72839506172839,14.814814814814813
E00035181,97,24,9,15,73,68,5,24.742268041237114,9.278350515463918,15.463917525773196,75.25773195876289,70.10309278350515,5.154639175257731
E00035182,121,41,15,26,80,66,14,33.88429752066116,12.396694214876034,21.487603305785125,66.11570247933885,54.54545454545454,11.570247933884298
E00035183,95,30,7,23,65,48,17,31.57894736842105,7.368421052631578,24.210526315789473,68.42105263157895,50.526315789473685,17.894736842105264
E00035184,156,30,7,23,126,105,21,19.230769230769234,4.487179487179487,14.743589743589745,80.76923076923077,67.3076923076923,13.461538461538462
E00035185,174,56,18,38,118,90,28,32.18390804597701,10.344827586206897,21.839080459770116,67.81609195402298,51.724137931034484,16.091954022988507
E00035186,203,48,10,38,155,135,20,23.645320197044335,4.926108374384237,18.7192118226601,76.35467980295566,66.50246305418719,9.852216748768473
E00035187,109,30,14,16,79,63,16,27.522935779816514,12.844036697247708,14.678899082568808,72.47706422018348,57.798165137614674,14.678899082568808
E00035188,174,48,10,38,126,107,19,27.586206896551722,5.747126436781609,21.839080459770116,72.41379310344827,61.49425287356321,10.919540229885058
E00035189,140,38,11,27,102,93,9,27.142857142857142,7.857142857142857,19.28571428571429,72.85714285714285,66.42857142857143,6.428571428571428
E00035190,134,35,4,31,99,90,9,26.119402985074625,2.9850746268656714,23.134328358208954,73.88059701492537,67.16417910447761,6.7164179104477615
E00035191,142,37,13,24,105,98,7,26.056338028169012,9.15492957746479,16.901408450704224,73.94366197183099,69.01408450704226,4.929577464788732
E00035192,149,40,10,30,109,98,11,26.845637583892618,6.7114093959731544,20.13422818791946,73.15436241610739,65.77181208053692,7.38255033557047
E00035193,82,27,17,10,55,45,10,32.926829268292686,20.73170731707317,12.195121951219512,67.07317073170732,54.87804878048781,12.195121951219512
E00035194,72,21,8,13,51,37,14,29.166666666666668,11.11111111111111,18.055555555555554,70.83333333333334,51.388888888888886,19.444444444444446
E00035195,120,34,9,25,86,70,16,28.333333333333332,7.5,20.833333333333336,71.66666666666667,58.333333333333336,13.333333333333334
E00035196,141,35,14,21,106,91,15,24.822695035460992,9.929078014184398,14.893617021276595,75.177304964539,64.53900709219859,10.638297872340425
E00035197,97,40,11,29,57,49,8,41.23711340206185,11.34020618556701,29.896907216494846,58.76288659793815,50.51546391752577,8.24742268041237
E00035198,143,53,20,33,90,70,20,37.06293706293706,13.986013986013987,23.076923076923077,62.93706293706294,48.95104895104895,13.986013986013987
E00035199,108,27,9,18,81,63,18,25,8.333333333333332,16.666666666666664,75,58.333333333333336,16.666666666666664
E00035200,125,31,12,19,94,86,8,24.8,9.6,15.2,75.2,68.8,6.4
E00035201,99,33,16,17,66,58,8,33.33333333333333,16.161616161616163,17.17171717171717,66.66666666666666,58.58585858585859,8.080808080808081
E00035202,68,21,8,13,47,43,4,30.88235294117647,11.76470588235294,19.11764705882353,69.11764705882352,63.23529411764706,5.88235294117647
E00035203,89,32,14,18,57,44,13,35.95505617977528,15.730337078651685,20.224719101123593,64.04494382022472,49.43820224719101,14.606741573033707
E00035204,132,43,14,29,89,76,13,32.57575757575758,10.606060606060606,21.96969696969697,67.42424242424242,57.57575757575758,9.848484848484848
E00035205,93,39,10,29,54,49,5,41.935483870967744,10.75268817204301,31.182795698924732,58.06451612903226,52.68817204301075,5.376344086021505
E00035206,123,42,14,28,81,65,16,34.146341463414636,11.38211382113821,22.76422764227642,65.85365853658537,52.84552845528455,13.008130081300814
E00035207,99,25,6,19,74,58,16,25.252525252525253,6.0606060606060606,19.19191919191919,74.74747474747475,58.58585858585859,16.161616161616163
E00035208,82,27,6,21,55,49,6,32.926829268292686,7.317073170731707,25.609756097560975,67.07317073170732,59.756097560975604,7.317073170731707
E00035209,150,61,13,48,89,70,19,40.666666666666664,8.666666666666668,32,59.333333333333336,46.666666666666664,12.666666666666668
E00035210,119,40,17,23,79,65,14,33.61344537815126,14.285714285714285,19.327731092436977,66.38655462184873,54.621848739495796,11.76470588235294
E00035211,47,15,6,9,32,29,3,31.914893617021278,12.76595744680851,19.148936170212767,68.08510638297872,61.702127659574465,6.382978723404255
E00035212,109,41,14,27,68,54,14,37.61467889908257,12.844036697247708,24.770642201834864,62.38532110091744,49.54128440366973,12.844036697247708
E00035213,77,24,5,19,53,46,7,31.16883116883117,6.493506493506493,24.675324675324674,68.83116883116884,59.74025974025974,9.090909090909092
E00035214,17,8,0,8,9,7,2,47.05882352941176,0,47.05882352941176,52.94117647058824,41.17647058823529,11.76470588235294
E00035215,96,27,13,14,69,59,10,28.125,13.541666666666666,14.583333333333334,71.875,61.458333333333336,10.416666666666668
E00035216,42,15,7,8,27,22,5,35.714285714285715,16.666666666666664,19.047619047619047,64.28571428571429,52.38095238095239,11.904761904761903
E00035217,117,58,23,35,59,51,8,49.572649572649574,19.65811965811966,29.914529914529915,50.427350427350426,43.58974358974359,6.837606837606838
E00035218,76,18,5,13,58,50,8,23.684210526315788,6.578947368421052,17.105263157894736,76.31578947368422,65.78947368421053,10.526315789473683
E00035219,150,59,25,34,91,75,16,39.33333333333333,16.666666666666664,22.666666666666664,60.66666666666667,50,10.666666666666668
E00035220,59,24,10,14,35,29,6,40.67796610169492,16.94915254237288,23.728813559322035,59.32203389830508,49.152542372881356,10.16949152542373
E00035221,114,38,12,26,76,70,6,33.33333333333333,10.526315789473683,22.807017543859647,66.66666666666666,61.40350877192983,5.263157894736842
E00035222,93,32,10,22,61,51,10,34.40860215053764,10.75268817204301,23.655913978494624,65.59139784946237,54.83870967741935,10.75268817204301
E00035223,124,50,19,31,74,58,16,40.32258064516129,15.32258064516129,25,59.67741935483871,46.774193548387096,12.903225806451612
E00035224,155,48,11,37,107,91,16,30.967741935483872,7.096774193548387,23.870967741935484,69.03225806451613,58.70967741935483,10.32258064516129
E00035225,101,36,15,21,65,48,17,35.64356435643564,14.85148514851485,20.792079207920793,64.35643564356435,47.524752475247524,16.831683168316832
E00035226,84,23,7,16,61,53,8,27.380952380952383,8.333333333333332,19.047619047619047,72.61904761904762,63.095238095238095,9.523809523809524
E00035227,50,18,8,10,32,27,5,36,16,20,64,54,10
E00035228,118,38,13,25,80,69,11,32.20338983050847,11.016949152542372,21.1864406779661,67.79661016949152,58.47457627118644,9.322033898305085
E00035229,116,35,8,27,81,67,14,30.17241379310345,6.896551724137931,23.275862068965516,69.82758620689656,57.758620689655174,12.068965517241379
E00035230,69,20,16,4,49,38,11,28.985507246376812,23.18840579710145,5.797101449275362,71.01449275362319,55.072463768115945,15.942028985507244
E00035231,65,22,8,14,43,35,8,33.84615384615385,12.307692307692308,21.53846153846154,66.15384615384615,53.84615384615385,12.307692307692308
E00035232,149,38,10,28,111,87,24,25.503355704697988,6.7114093959731544,18.79194630872483,74.49664429530202,58.38926174496645,16.10738255033557
E00035233,88,22,9,13,66,49,17,25,10.227272727272728,14.772727272727273,75,55.68181818181818,19.318181818181817
E00035234,132,37,11,26,95,75,20,28.030303030303028,8.333333333333332,19.696969696969695,71.96969696969697,56.81818181818182,15.151515151515152
E00035235,93,28,9,19,65,58,7,30.107526881720432,9.67741935483871,20.43010752688172,69.89247311827957,62.365591397849464,7.526881720430108
E00035236,100,25,15,10,75,72,3,25,15,10,75,72,3
E00035237,53,15,6,9,38,33,5,28.30188679245283,11.320754716981133,16.9811320754717,71.69811320754717,62.264150943396224,9.433962264150944
E00035238,76,18,3,15,58,46,12,23.684210526315788,3.9473684210526314,19.736842105263158,76.31578947368422,60.526315789473685,15.789473684210526
E00035239,114,44,13,31,70,60,10,38.59649122807017,11.403508771929824,27.192982456140353,61.40350877192983,52.63157894736842,8.771929824561402
E00035240,87,29,11,18,58,45,13,33.33333333333333,12.643678160919542,20.689655172413794,66.66666666666666,51.724137931034484,14.942528735632186
E00035242,142,45,15,30,97,91,6,31.690140845070424,10.56338028169014,21.12676056338028,68.30985915492957,64.08450704225352,4.225352112676056
E00035243,200,59,13,46,141,114,27,29.5,6.5,23,70.5,56.99999999999999,13.5
E00035244,95,26,9,17,69,61,8,27.368421052631582,9.473684210526317,17.894736842105264,72.63157894736842,64.21052631578948,8.421052631578947
E00035245,222,53,17,36,169,153,16,23.873873873873876,7.657657657657657,16.216216216216218,76.12612612612612,68.91891891891892,7.207207207207207
E00035246,124,29,8,21,95,83,12,23.387096774193548,6.451612903225806,16.93548387096774,76.61290322580645,66.93548387096774,9.67741935483871
E00035247,146,39,13,26,107,93,14,26.71232876712329,8.904109589041095,17.80821917808219,73.28767123287672,63.6986301369863,9.58904109589041
E00035248,112,31,17,14,81,73,8,27.67857142857143,15.178571428571427,12.5,72.32142857142857,65.17857142857143,7.142857142857142
E00035249,107,31,6,25,76,65,11,28.971962616822427,5.607476635514018,23.364485981308412,71.02803738317756,60.747663551401864,10.2803738317757
E00035250,133,33,11,22,100,86,14,24.81203007518797,8.270676691729323,16.541353383458645,75.18796992481202,64.66165413533834,10.526315789473683
E00035251,155,47,13,34,108,96,12,30.32258064516129,8.38709677419355,21.935483870967744,69.6774193548387,61.935483870967744,7.741935483870968
E00035252,162,45,19,26,117,100,17,27.77777777777778,11.728395061728394,16.049382716049383,72.22222222222221,61.72839506172839,10.493827160493826
E00035253,140,36,18,18,104,84,20,25.71428571428571,12.857142857142856,12.857142857142856,74.28571428571429,60,14.285714285714285
E00035254,113,38,15,23,75,67,8,33.6283185840708,13.274336283185843,20.353982300884958,66.3716814159292,59.29203539823009,7.079646017699115
E00035256,93,36,13,23,57,52,5,38.70967741935484,13.978494623655912,24.731182795698924,61.29032258064516,55.91397849462365,5.376344086021505
E00035258,69,22,6,16,47,40,7,31.88405797101449,8.695652173913043,23.18840579710145,68.11594202898551,57.971014492753625,10.144927536231885
E00035259,89,22,3,19,67,61,6,24.719101123595504,3.3707865168539324,21.34831460674157,75.28089887640449,68.53932584269663,6.741573033707865
E00035261,151,41,13,28,110,99,11,27.1523178807947,8.609271523178808,18.543046357615893,72.84768211920529,65.56291390728477,7.28476821192053
E00035262,142,43,7,36,99,78,21,30.28169014084507,4.929577464788732,25.352112676056336,69.71830985915493,54.929577464788736,14.788732394366196
E00035263,111,35,7,28,76,66,10,31.53153153153153,6.306306306306306,25.225225225225223,68.46846846846847,59.45945945945946,9.00900900900901
E00035264,90,27,12,15,63,56,7,30,13.333333333333334,16.666666666666664,70,62.22222222222222,7.777777777777778
E00035265,136,44,12,32,92,85,7,32.35294117647059,8.823529411764707,23.52941176470588,67.64705882352942,62.5,5.147058823529411
E00035266,171,51,14,37,120,105,15,29.82456140350877,8.187134502923977,21.637426900584796,70.17543859649122,61.40350877192983,8.771929824561402
E00035267,145,40,7,33,105,98,7,27.586206896551722,4.827586206896552,22.758620689655174,72.41379310344827,67.58620689655173,4.827586206896552
E00035268,121,39,7,32,82,66,16,32.231404958677686,5.785123966942149,26.446280991735538,67.76859504132231,54.54545454545454,13.223140495867769
E00035269,102,37,9,28,65,62,3,36.27450980392157,8.823529411764707,27.450980392156865,63.725490196078425,60.78431372549019,2.941176470588235
E00035270,145,47,19,28,98,86,12,32.41379310344827,13.10344827586207,19.310344827586206,67.58620689655173,59.310344827586206,8.275862068965518
E00035271,133,45,19,26,88,81,7,33.83458646616541,14.285714285714285,19.548872180451127,66.16541353383458,60.902255639097746,5.263157894736842
E00035272,132,39,16,23,93,83,10,29.545454545454547,12.121212121212121,17.424242424242426,70.45454545454545,62.878787878787875,7.575757575757576
E00035273,103,37,8,29,66,58,8,35.92233009708738,7.766990291262135,28.155339805825243,64.07766990291263,56.310679611650485,7.766990291262135
E00035274,147,37,10,27,110,96,14,25.170068027210885,6.802721088435375,18.367346938775512,74.82993197278913,65.3061224489796,9.523809523809524
E00035275,53,16,7,9,37,33,4,30.18867924528302,13.20754716981132,16.9811320754717,69.81132075471697,62.264150943396224,7.547169811320755
E00035276,115,38,10,28,77,67,10,33.04347826086956,8.695652173913043,24.347826086956523,66.95652173913044,58.26086956521739,8.695652173913043
E00035277,224,64,19,45,160,128,32,28.57142857142857,8.482142857142858,20.089285714285715,71.42857142857143,57.14285714285714,14.285714285714285
E00035278,156,38,8,30,118,105,13,24.358974358974358,5.128205128205128,19.230769230769234,75.64102564102564,67.3076923076923,8.333333333333332
E00035279,131,45,17,28,86,78,8,34.35114503816794,12.977099236641221,21.374045801526716,65.64885496183206,59.541984732824424,6.106870229007633
E00035280,50,20,3,17,30,21,9,40,6,34,60,42,18
E00035281,71,17,3,14,54,48,6,23.943661971830984,4.225352112676056,19.718309859154928,76.05633802816901,67.6056338028169,8.450704225352112
E00035282,123,31,9,22,92,80,12,25.203252032520325,7.317073170731707,17.88617886178862,74.79674796747967,65.04065040650406,9.75609756097561
E00035283,118,45,7,38,73,68,5,38.13559322033898,5.932203389830509,32.20338983050847,61.86440677966102,57.6271186440678,4.23728813559322
E00035284,96,13,0,13,83,65,18,13.541666666666666,0,13.541666666666666,86.45833333333334,67.70833333333334,18.75
E00035285,146,38,17,21,108,95,13,26.027397260273972,11.643835616438356,14.383561643835616,73.97260273972603,65.06849315068493,8.904109589041095
E00035286,134,36,5,31,98,93,5,26.865671641791046,3.731343283582089,23.134328358208954,73.13432835820896,69.40298507462687,3.731343283582089
E00035287,126,40,17,23,86,77,9,31.746031746031743,13.492063492063492,18.253968253968253,68.25396825396825,61.111111111111114,7.142857142857142
E00035288,141,47,18,29,94,86,8,33.33333333333333,12.76595744680851,20.56737588652482,66.66666666666666,60.99290780141844,5.673758865248227
E00035289,139,49,11,38,90,85,5,35.25179856115108,7.913669064748201,27.33812949640288,64.74820143884892,61.15107913669065,3.5971223021582732
E00035290,167,54,19,35,113,99,14,32.33532934131736,11.377245508982035,20.958083832335326,67.66467065868264,59.281437125748504,8.383233532934131
E00035291,138,35,4,31,103,94,9,25.36231884057971,2.898550724637681,22.463768115942027,74.63768115942028,68.11594202898551,6.521739130434782
E00035292,117,31,11,20,86,82,4,26.495726495726498,9.401709401709402,17.094017094017094,73.50427350427351,70.08547008547008,3.418803418803419
E00035293,135,41,13,28,94,86,8,30.37037037037037,9.62962962962963,20.74074074074074,69.62962962962963,63.70370370370371,5.9259259259259265
E00035294,100,39,9,30,61,56,5,39,9,30,61,56.00000000000001,5
E00035295,188,46,17,29,142,135,7,24.46808510638298,9.042553191489363,15.425531914893616,75.53191489361703,71.80851063829788,3.723404255319149
E00035296,128,40,15,25,88,81,7,31.25,11.71875,19.53125,68.75,63.28125,5.46875
E00035297,180,49,14,35,131,122,9,27.22222222222222,7.777777777777778,19.444444444444446,72.77777777777777,67.77777777777779,5
E00035298,173,41,11,30,132,112,20,23.699421965317917,6.358381502890173,17.341040462427745,76.30057803468208,64.73988439306359,11.560693641618498
E00035299,105,38,12,26,67,61,6,36.19047619047619,11.428571428571429,24.761904761904763,63.8095238095238,58.0952380952381,5.714285714285714
E00035300,93,27,8,19,66,59,7,29.03225806451613,8.60215053763441,20.43010752688172,70.96774193548387,63.44086021505376,7.526881720430108
E00035301,147,40,14,26,107,101,6,27.2108843537415,9.523809523809524,17.687074829931973,72.78911564625851,68.70748299319727,4.081632653061225
E00035302,110,37,8,29,73,67,6,33.63636363636363,7.2727272727272725,26.36363636363636,66.36363636363637,60.909090909090914,5.454545454545454
E00035303,130,43,7,36,87,80,7,33.07692307692307,5.384615384615385,27.692307692307693,66.92307692307692,61.53846153846154,5.384615384615385
E00035304,145,33,7,26,112,104,8,22.758620689655174,4.827586206896552,17.93103448275862,77.24137931034483,71.72413793103448,5.517241379310345
E00035305,156,52,16,36,104,96,8,33.33333333333333,10.256410256410255,23.076923076923077,66.66666666666666,61.53846153846154,5.128205128205128
E00035306,152,56,15,41,96,90,6,36.84210526315789,9.868421052631579,26.973684210526315,63.1578947368421,59.210526315789465,3.9473684210526314
E00035307,174,52,10,42,122,109,13,29.88505747126437,5.747126436781609,24.137931034482758,70.11494252873564,62.643678160919535,7.471264367816093
E00035308,131,35,10,25,96,88,8,26.717557251908396,7.633587786259542,19.083969465648856,73.2824427480916,67.17557251908397,6.106870229007633
E00035309,153,45,11,34,108,100,8,29.411764705882355,7.18954248366013,22.22222222222222,70.58823529411765,65.359477124183,5.228758169934641
E00035310,124,32,13,19,92,86,6,25.806451612903224,10.483870967741936,15.32258064516129,74.19354838709677,69.35483870967742,4.838709677419355
E00035311,93,31,11,20,62,54,8,33.33333333333333,11.827956989247312,21.50537634408602,66.66666666666666,58.06451612903226,8.60215053763441
E00035312,135,32,7,25,103,95,8,23.703703703703706,5.185185185185185,18.51851851851852,76.29629629629629,70.37037037037037,5.9259259259259265
E00035313,99,40,9,31,59,48,11,40.4040404040404,9.090909090909092,31.313131313131315,59.59595959595959,48.484848484848484,11.11111111111111
E00035314,119,39,6,33,80,69,11,32.773109243697476,5.042016806722689,27.73109243697479,67.22689075630252,57.98319327731093,9.243697478991598
E00035315,120,40,12,28,80,60,20,33.33333333333333,10,23.333333333333332,66.66666666666666,50,16.666666666666664
E00035316,157,41,11,30,116,106,10,26.11464968152866,7.006369426751593,19.10828025477707,73.88535031847134,67.51592356687898,6.369426751592357
E00035317,175,47,14,33,128,115,13,26.857142857142858,8,18.857142857142858,73.14285714285714,65.71428571428571,7.428571428571429
E00035318,63,12,0,12,51,49,2,19.047619047619047,0,19.047619047619047,80.95238095238095,77.77777777777779,3.1746031746031744
E00035319,104,34,8,26,70,63,7,32.69230769230769,7.6923076923076925,25,67.3076923076923,60.57692307692307,6.730769230769231
E00035322,165,57,16,41,108,105,3,34.54545454545455,9.696969696969697,24.848484848484848,65.45454545454545,63.63636363636363,1.8181818181818181
E00035323,120,45,15,30,75,64,11,37.5,12.5,25,62.5,53.333333333333336,9.166666666666666
E00035324,137,38,7,31,99,92,7,27.73722627737226,5.109489051094891,22.62773722627737,72.26277372262774,67.15328467153284,5.109489051094891
E00035325,196,61,23,38,135,113,22,31.122448979591837,11.73469387755102,19.387755102040817,68.87755102040816,57.6530612244898,11.224489795918368
E00035326,170,42,14,28,128,121,7,24.705882352941178,8.235294117647058,16.470588235294116,75.29411764705883,71.17647058823529,4.117647058823529
E00035327,146,29,12,17,117,99,18,19.863013698630137,8.21917808219178,11.643835616438356,80.13698630136986,67.8082191780822,12.32876712328767
E00035328,159,59,25,34,100,91,9,37.10691823899371,15.723270440251572,21.38364779874214,62.893081761006286,57.23270440251572,5.660377358490567
E00035329,82,24,13,11,58,51,7,29.268292682926827,15.853658536585366,13.414634146341465,70.73170731707317,62.19512195121951,8.536585365853659
E00035330,63,18,10,8,45,35,10,28.57142857142857,15.873015873015872,12.698412698412698,71.42857142857143,55.55555555555556,15.873015873015872
E00035331,112,36,12,24,76,64,12,32.142857142857146,10.714285714285714,21.428571428571427,67.85714285714286,57.14285714285714,10.714285714285714
E00035332,125,39,9,30,86,73,13,31.2,7.199999999999999,24,68.8,58.4,10.4
E00035333,96,34,16,18,62,54,8,35.41666666666667,16.666666666666664,18.75,64.58333333333334,56.25,8.333333333333332
E00035334,87,25,7,18,62,49,13,28.735632183908045,8.045977011494253,20.689655172413794,71.26436781609196,56.32183908045977,14.942528735632186
E00035335,129,45,16,29,84,63,21,34.883720930232556,12.4031007751938,22.48062015503876,65.11627906976744,48.837209302325576,16.27906976744186
E00035336,127,42,17,25,85,59,26,33.07086614173229,13.385826771653544,19.68503937007874,66.92913385826772,46.45669291338583,20.47244094488189
E00035337,97,33,12,21,64,52,12,34.02061855670103,12.371134020618557,21.649484536082475,65.97938144329896,53.608247422680414,12.371134020618557
E00035338,105,37,15,22,68,50,18,35.23809523809524,14.285714285714285,20.952380952380953,64.76190476190476,47.61904761904761,17.142857142857142
E00035339,80,31,8,23,49,38,11,38.75,10,28.749999999999996,61.25000000000001,47.5,13.750000000000002
E00035341,132,41,12,29,91,74,17,31.060606060606062,9.090909090909092,21.96969696969697,68.93939393939394,56.060606060606055,12.878787878787879
E00035342,176,37,15,22,139,126,13,21.022727272727273,8.522727272727272,12.5,78.97727272727273,71.5909090909091,7.386363636363637
E00035343,158,39,9,30,119,95,24,24.68354430379747,5.69620253164557,18.9873417721519,75.31645569620254,60.12658227848101,15.18987341772152
E00035344,61,19,8,11,42,37,5,31.147540983606557,13.114754098360656,18.0327868852459,68.85245901639344,60.65573770491803,8.19672131147541
E00035345,139,36,17,19,103,90,13,25.899280575539567,12.23021582733813,13.66906474820144,74.10071942446042,64.74820143884892,9.352517985611511
E00035346,132,46,17,29,86,68,18,34.84848484848485,12.878787878787879,21.96969696969697,65.15151515151516,51.515151515151516,13.636363636363635
E00035347,205,67,18,49,138,122,16,32.6829268292683,8.780487804878048,23.902439024390244,67.31707317073172,59.512195121951216,7.804878048780488
E00035348,152,50,16,34,102,90,12,32.89473684210527,10.526315789473683,22.36842105263158,67.10526315789474,59.210526315789465,7.894736842105263
E00035349,111,36,10,26,75,64,11,32.432432432432435,9.00900900900901,23.423423423423422,67.56756756756756,57.65765765765766,9.90990990990991
E00035350,116,38,8,30,78,67,11,32.758620689655174,6.896551724137931,25.862068965517242,67.24137931034483,57.758620689655174,9.482758620689655
E00035351,75,24,13,11,51,46,5,32,17.333333333333336,14.666666666666666,68,61.33333333333333,6.666666666666667
E00035352,167,50,12,38,117,103,14,29.94011976047904,7.18562874251497,22.75449101796407,70.05988023952095,61.67664670658682,8.383233532934131
E00035353,150,39,17,22,111,95,16,26,11.333333333333332,14.666666666666666,74,63.33333333333333,10.666666666666668
E00035354,176,56,17,39,120,103,17,31.818181818181817,9.659090909090908,22.15909090909091,68.18181818181817,58.52272727272727,9.659090909090908
E00035355,97,32,9,23,65,61,4,32.98969072164948,9.278350515463918,23.711340206185564,67.0103092783505,62.88659793814433,4.123711340206185
E00035357,90,29,8,21,61,52,9,32.22222222222222,8.88888888888889,23.333333333333332,67.77777777777779,57.77777777777777,10
E00035358,130,43,16,27,87,80,7,33.07692307692307,12.307692307692308,20.76923076923077,66.92307692307692,61.53846153846154,5.384615384615385
E00035359,67,22,7,15,45,30,15,32.83582089552239,10.44776119402985,22.388059701492537,67.16417910447761,44.776119402985074,22.388059701492537
E00035360,87,29,13,16,58,48,10,33.33333333333333,14.942528735632186,18.39080459770115,66.66666666666666,55.172413793103445,11.494252873563218
E00035361,96,33,12,21,63,46,17,34.375,12.5,21.875,65.625,47.91666666666667,17.708333333333336
E00035362,88,27,13,14,61,45,16,30.681818181818183,14.772727272727273,15.909090909090908,69.31818181818183,51.13636363636363,18.181818181818183
E00035363,145,56,18,38,89,74,15,38.62068965517241,12.413793103448276,26.20689655172414,61.37931034482759,51.03448275862069,10.344827586206897
E00035364,56,18,8,10,38,31,7,32.142857142857146,14.285714285714285,17.857142857142858,67.85714285714286,55.35714285714286,12.5
E00035365,102,43,23,20,59,44,15,42.15686274509804,22.54901960784314,19.607843137254903,57.84313725490197,43.13725490196079,14.705882352941178
E00035366,58,21,7,14,37,37,0,36.206896551724135,12.068965517241379,24.137931034482758,63.793103448275865,63.793103448275865,0
E00035367,20,10,6,4,10,8,2,50,30,20,50,40,10
E00035368,65,26,8,18,39,32,7,40,12.307692307692308,27.692307692307693,60,49.23076923076923,10.76923076923077
E00035369,161,54,32,22,107,76,31,33.54037267080746,19.875776397515526,13.664596273291925,66.45962732919256,47.20496894409938,19.25465838509317
E00035370,116,42,19,23,74,57,17,36.206896551724135,16.379310344827587,19.82758620689655,63.793103448275865,49.137931034482754,14.655172413793101
E00035371,37,10,1,9,27,26,1,27.027027027027028,2.7027027027027026,24.324324324324326,72.97297297297297,70.27027027027027,2.7027027027027026
E00035372,157,41,15,26,116,91,25,26.11464968152866,9.554140127388536,16.560509554140125,73.88535031847134,57.961783439490446,15.92356687898089
E00035373,118,32,7,25,86,75,11,27.11864406779661,5.932203389830509,21.1864406779661,72.88135593220339,63.559322033898304,9.322033898305085
E00035374,111,33,9,24,78,69,9,29.72972972972973,8.108108108108109,21.62162162162162,70.27027027027027,62.16216216216216,8.108108108108109
E00035375,92,29,10,19,63,49,14,31.521739130434785,10.869565217391305,20.652173913043477,68.47826086956522,53.2608695652174,15.217391304347828
E00035376,179,47,11,36,132,114,18,26.256983240223462,6.145251396648044,20.11173184357542,73.74301675977654,63.687150837988824,10.05586592178771
E00035377,123,40,8,32,83,71,12,32.52032520325203,6.504065040650407,26.01626016260163,67.47967479674797,57.72357723577236,9.75609756097561
E00035378,147,29,8,21,118,106,12,19.727891156462583,5.442176870748299,14.285714285714285,80.27210884353741,72.10884353741497,8.16326530612245
E00035380,89,31,7,24,58,47,11,34.831460674157306,7.865168539325842,26.96629213483146,65.1685393258427,52.80898876404494,12.359550561797752
E00035381,173,53,12,41,120,110,10,30.63583815028902,6.9364161849710975,23.699421965317917,69.36416184971098,63.58381502890174,5.780346820809249
E00035382,135,42,12,30,93,78,15,31.11111111111111,8.88888888888889,22.22222222222222,68.88888888888889,57.77777777777777,11.11111111111111
E00035384,143,55,17,38,88,77,11,38.46153846153847,11.888111888111888,26.573426573426573,61.53846153846154,53.84615384615385,7.6923076923076925
E00035385,111,36,6,30,75,67,8,32.432432432432435,5.405405405405405,27.027027027027028,67.56756756756756,60.36036036036037,7.207207207207207
E00035386,110,32,4,28,78,69,9,29.09090909090909,3.6363636363636362,25.454545454545453,70.9090909090909,62.727272727272734,8.181818181818182
E00035387,138,43,8,35,95,86,9,31.15942028985507,5.797101449275362,25.36231884057971,68.84057971014492,62.31884057971014,6.521739130434782
E00035388,181,51,7,44,130,118,12,28.176795580110497,3.867403314917127,24.30939226519337,71.8232044198895,65.19337016574586,6.629834254143646
E00035389,131,40,13,27,91,78,13,30.53435114503817,9.923664122137405,20.610687022900763,69.46564885496184,59.541984732824424,9.923664122137405
E00035390,191,53,21,32,138,127,11,27.748691099476442,10.99476439790576,16.75392670157068,72.25130890052355,66.49214659685863,5.7591623036649215
E00035391,61,14,4,10,47,46,1,22.950819672131146,6.557377049180328,16.39344262295082,77.04918032786885,75.40983606557377,1.639344262295082
E00035392,102,37,9,28,65,58,7,36.27450980392157,8.823529411764707,27.450980392156865,63.725490196078425,56.86274509803921,6.862745098039216
E00035393,126,42,15,27,84,74,10,33.33333333333333,11.904761904761903,21.428571428571427,66.66666666666666,58.730158730158735,7.936507936507936
E00035394,221,52,17,35,169,152,17,23.52941176470588,7.6923076923076925,15.837104072398189,76.47058823529412,68.77828054298642,7.6923076923076925
E00035395,128,51,20,31,77,71,6,39.84375,15.625,24.21875,60.15625,55.46875,4.6875
E00035396,262,80,21,59,182,164,18,30.53435114503817,8.015267175572518,22.519083969465647,69.46564885496184,62.59541984732825,6.870229007633588
E00035397,27,14,6,8,13,11,2,51.85185185185185,22.22222222222222,29.629629629629626,48.148148148148145,40.74074074074074,7.4074074074074066
E00035398,107,40,13,27,67,55,12,37.38317757009346,12.149532710280374,25.233644859813083,62.616822429906534,51.4018691588785,11.214953271028037
E00035399,82,21,5,16,61,49,12,25.609756097560975,6.097560975609756,19.51219512195122,74.39024390243902,59.756097560975604,14.634146341463413
E00035400,124,37,17,20,87,75,12,29.838709677419356,13.709677419354838,16.129032258064516,70.16129032258065,60.483870967741936,9.67741935483871
E00035401,154,54,18,36,100,91,9,35.064935064935064,11.688311688311687,23.376623376623375,64.93506493506493,59.09090909090909,5.844155844155844
E00035402,163,53,9,44,110,102,8,32.515337423312886,5.521472392638037,26.993865030674847,67.48466257668711,62.57668711656442,4.9079754601226995
E00035404,87,41,6,35,46,43,3,47.12643678160919,6.896551724137931,40.229885057471265,52.87356321839081,49.42528735632184,3.4482758620689653
E00035405,140,61,17,44,79,73,6,43.57142857142857,12.142857142857142,31.428571428571427,56.42857142857143,52.142857142857146,4.285714285714286
E00035406,73,26,8,18,47,43,4,35.61643835616438,10.95890410958904,24.65753424657534,64.38356164383562,58.9041095890411,5.47945205479452
E00035407,72,30,10,20,42,42,0,41.66666666666667,13.88888888888889,27.77777777777778,58.333333333333336,58.333333333333336,0
E00035408,123,38,7,31,85,75,10,30.89430894308943,5.691056910569105,25.203252032520325,69.10569105691057,60.97560975609756,8.130081300813007
E00035409,90,27,6,21,63,63,0,30,6.666666666666667,23.333333333333332,70,70,0
E00035410,101,25,8,17,76,70,6,24.752475247524753,7.920792079207921,16.831683168316832,75.24752475247524,69.3069306930693,5.9405940594059405
E00035411,123,45,10,35,78,72,6,36.58536585365854,8.130081300813007,28.455284552845526,63.41463414634146,58.536585365853654,4.878048780487805
E00035412,126,49,11,38,77,68,9,38.88888888888889,8.73015873015873,30.158730158730158,61.111111111111114,53.96825396825397,7.142857142857142
E00035413,75,16,6,10,59,54,5,21.333333333333336,8,13.333333333333334,78.66666666666666,72,6.666666666666667
E00035414,141,45,10,35,96,85,11,31.914893617021278,7.092198581560284,24.822695035460992,68.08510638297872,60.28368794326241,7.801418439716312
E00035415,106,49,19,30,57,47,10,46.22641509433962,17.92452830188679,28.30188679245283,53.77358490566038,44.339622641509436,9.433962264150944
E00035416,99,30,13,17,69,56,13,30.303030303030305,13.131313131313133,17.17171717171717,69.6969696969697,56.56565656565656,13.131313131313133
E00035417,88,34,15,19,54,41,13,38.63636363636363,17.045454545454543,21.59090909090909,61.36363636363637,46.590909090909086,14.772727272727273
E00035418,130,50,23,27,80,64,16,38.46153846153847,17.692307692307693,20.76923076923077,61.53846153846154,49.23076923076923,12.307692307692308
E00035419,94,28,9,19,66,60,6,29.78723404255319,9.574468085106384,20.212765957446805,70.2127659574468,63.829787234042556,6.382978723404255
E00035420,198,58,16,42,140,115,25,29.292929292929294,8.080808080808081,21.21212121212121,70.70707070707071,58.080808080808076,12.626262626262626
E00035421,140,47,23,24,93,77,16,33.57142857142857,16.428571428571427,17.142857142857142,66.42857142857143,55.00000000000001,11.428571428571429
E00035422,85,26,8,18,59,56,3,30.58823529411765,9.411764705882353,21.176470588235293,69.41176470588235,65.88235294117646,3.5294117647058822
E00035423,127,37,15,22,90,76,14,29.133858267716533,11.811023622047244,17.322834645669293,70.86614173228347,59.84251968503938,11.023622047244094
E00035424,150,43,17,26,107,95,12,28.666666666666668,11.333333333333332,17.333333333333336,71.33333333333334,63.33333333333333,8
E00035425,81,25,6,19,56,50,6,30.864197530864196,7.4074074074074066,23.456790123456788,69.1358024691358,61.72839506172839,7.4074074074074066
E00035426,116,25,11,14,91,75,16,21.551724137931032,9.482758620689655,12.068965517241379,78.44827586206897,64.65517241379311,13.793103448275861
E00035427,108,31,8,23,77,64,13,28.703703703703702,7.4074074074074066,21.296296296296298,71.29629629629629,59.25925925925925,12.037037037037036
E00035428,145,54,20,34,91,77,14,37.24137931034483,13.793103448275861,23.448275862068964,62.758620689655174,53.103448275862064,9.655172413793103
E00035429,112,45,16,29,67,57,10,40.17857142857143,14.285714285714285,25.892857142857146,59.82142857142857,50.89285714285714,8.928571428571429
E00035430,140,43,19,24,97,76,21,30.714285714285715,13.571428571428571,17.142857142857142,69.28571428571428,54.285714285714285,15
E00035431,108,35,14,21,73,64,9,32.407407407407405,12.962962962962962,19.444444444444446,67.5925925925926,59.25925925925925,8.333333333333332
E00035432,100,36,14,22,64,43,21,36,14.000000000000002,22,64,43,21
E00035433,117,39,14,25,78,62,16,33.33333333333333,11.965811965811966,21.367521367521366,66.66666666666666,52.991452991452995,13.675213675213676
E00035434,119,33,12,21,86,78,8,27.73109243697479,10.084033613445378,17.647058823529413,72.26890756302521,65.54621848739495,6.722689075630252
E00035435,117,42,16,26,75,64,11,35.8974358974359,13.675213675213676,22.22222222222222,64.1025641025641,54.700854700854705,9.401709401709402
E00035436,113,32,12,20,81,77,4,28.31858407079646,10.619469026548673,17.699115044247787,71.68141592920354,68.14159292035397,3.5398230088495577
E00035437,108,37,19,18,71,63,8,34.25925925925926,17.59259259259259,16.666666666666664,65.74074074074075,58.333333333333336,7.4074074074074066
E00035438,144,38,13,25,106,97,9,26.38888888888889,9.027777777777777,17.36111111111111,73.61111111111111,67.36111111111111,6.25
E00035439,127,42,17,25,85,71,14,33.07086614173229,13.385826771653544,19.68503937007874,66.92913385826772,55.90551181102362,11.023622047244094
E00035440,134,51,22,29,83,62,21,38.059701492537314,16.417910447761194,21.641791044776117,61.940298507462686,46.26865671641791,15.671641791044777
E00035441,236,78,21,57,158,126,32,33.05084745762712,8.898305084745763,24.152542372881356,66.94915254237289,53.38983050847458,13.559322033898304
E00035442,125,44,16,28,81,60,21,35.199999999999996,12.8,22.400000000000002,64.8,48,16.8
E00035443,94,26,11,15,68,57,11,27.659574468085108,11.702127659574469,15.957446808510639,72.3404255319149,60.63829787234043,11.702127659574469
E00035444,125,36,9,27,89,67,22,28.799999999999997,7.199999999999999,21.6,71.2,53.6,17.599999999999998
E00035445,112,44,22,22,68,47,21,39.285714285714285,19.642857142857142,19.642857142857142,60.71428571428571,41.964285714285715,18.75
E00035446,151,44,14,30,107,83,24,29.13907284768212,9.271523178807946,19.867549668874172,70.86092715231787,54.966887417218544,15.894039735099339
E00035447,97,22,7,15,75,66,9,22.68041237113402,7.216494845360824,15.463917525773196,77.31958762886599,68.04123711340206,9.278350515463918
E00035448,66,27,15,12,39,31,8,40.909090909090914,22.727272727272727,18.181818181818183,59.09090909090909,46.96969696969697,12.121212121212121
E00035449,104,34,15,19,70,56,14,32.69230769230769,14.423076923076922,18.269230769230766,67.3076923076923,53.84615384615385,13.461538461538462
E00035450,99,30,13,17,69,62,7,30.303030303030305,13.131313131313133,17.17171717171717,69.6969696969697,62.62626262626263,7.07070707070707
E00035451,116,35,14,21,81,68,13,30.17241379310345,12.068965517241379,18.103448275862068,69.82758620689656,58.620689655172406,11.206896551724139
E00035452,96,25,14,11,71,62,9,26.041666666666668,14.583333333333334,11.458333333333332,73.95833333333334,64.58333333333334,9.375
E00035453,122,43,17,26,79,58,21,35.24590163934426,13.934426229508196,21.311475409836063,64.75409836065575,47.540983606557376,17.21311475409836
E00035454,100,30,15,15,70,60,10,30,15,15,70,60,10
E00035455,117,32,13,19,85,71,14,27.350427350427353,11.11111111111111,16.23931623931624,72.64957264957265,60.68376068376068,11.965811965811966
E00035456,159,47,22,25,112,93,19,29.559748427672954,13.836477987421384,15.723270440251572,70.44025157232704,58.490566037735846,11.949685534591195
E00035457,176,62,18,44,114,102,12,35.22727272727273,10.227272727272728,25,64.77272727272727,57.95454545454546,6.8181818181818175
E00035458,168,65,18,47,103,91,12,38.69047619047619,10.714285714285714,27.976190476190478,61.30952380952381,54.166666666666664,7.142857142857142
E00035459,121,39,21,18,82,73,9,32.231404958677686,17.355371900826448,14.87603305785124,67.76859504132231,60.33057851239669,7.43801652892562
E00035460,150,40,11,29,110,95,15,26.666666666666668,7.333333333333333,19.333333333333332,73.33333333333333,63.33333333333333,10
E00035461,161,48,15,33,113,95,18,29.81366459627329,9.316770186335404,20.496894409937887,70.1863354037267,59.006211180124225,11.180124223602485
E00035462,172,59,16,43,113,94,19,34.30232558139535,9.30232558139535,25,65.69767441860465,54.65116279069767,11.046511627906977
E00035463,156,60,16,44,96,83,13,38.46153846153847,10.256410256410255,28.205128205128204,61.53846153846154,53.205128205128204,8.333333333333332
E00035464,129,46,11,35,83,78,5,35.65891472868217,8.527131782945736,27.131782945736433,64.34108527131784,60.46511627906976,3.875968992248062
E00035466,169,60,20,40,109,98,11,35.50295857988166,11.834319526627219,23.668639053254438,64.49704142011834,57.98816568047337,6.508875739644971
E00035467,167,74,34,40,93,80,13,44.31137724550898,20.359281437125748,23.952095808383234,55.688622754491014,47.90419161676647,7.784431137724551
E00035468,122,52,16,36,70,64,6,42.62295081967213,13.114754098360656,29.508196721311474,57.377049180327866,52.459016393442624,4.918032786885246
E00035469,282,92,31,61,190,166,24,32.62411347517731,10.99290780141844,21.631205673758867,67.37588652482269,58.86524822695035,8.51063829787234
E00035470,219,74,21,53,145,128,17,33.789954337899545,9.58904109589041,24.200913242009133,66.21004566210046,58.44748858447488,7.76255707762557
E00035471,208,56,16,40,152,130,22,26.923076923076923,7.6923076923076925,19.230769230769234,73.07692307692307,62.5,10.576923076923077
E00035472,126,38,12,26,88,66,22,30.158730158730158,9.523809523809524,20.634920634920633,69.84126984126983,52.38095238095239,17.46031746031746
E00035473,75,26,16,10,49,44,5,34.66666666666667,21.333333333333336,13.333333333333334,65.33333333333333,58.666666666666664,6.666666666666667
E00035474,134,52,15,37,82,70,12,38.80597014925373,11.194029850746269,27.611940298507463,61.19402985074627,52.23880597014925,8.955223880597014
E00035475,158,54,17,37,104,88,16,34.177215189873415,10.759493670886076,23.417721518987342,65.82278481012658,55.69620253164557,10.126582278481013
E00035476,130,38,14,24,92,80,12,29.230769230769234,10.76923076923077,18.461538461538463,70.76923076923077,61.53846153846154,9.230769230769232
E00035477,93,30,10,20,63,56,7,32.25806451612903,10.75268817204301,21.50537634408602,67.74193548387096,60.215053763440864,7.526881720430108
E00035478,160,63,17,46,97,80,17,39.375,10.625,28.749999999999996,60.62499999999999,50,10.625
E00035479,151,54,20,34,97,83,14,35.76158940397351,13.245033112582782,22.516556291390728,64.23841059602648,54.966887417218544,9.271523178807946
E00035480,117,35,10,25,82,67,15,29.914529914529915,8.547008547008547,21.367521367521366,70.08547008547008,57.26495726495726,12.82051282051282
E00035481,137,52,22,30,85,71,14,37.95620437956204,16.05839416058394,21.897810218978105,62.04379562043796,51.82481751824818,10.218978102189782
E00035482,174,64,25,39,110,92,18,36.7816091954023,14.367816091954023,22.413793103448278,63.2183908045977,52.87356321839081,10.344827586206897
E00035483,135,49,12,37,86,75,11,36.2962962962963,8.88888888888889,27.40740740740741,63.70370370370371,55.55555555555556,8.148148148148149
E00035484,179,57,15,42,122,103,19,31.843575418994412,8.379888268156424,23.463687150837988,68.15642458100558,57.54189944134078,10.614525139664805
E00035485,146,53,17,36,93,83,10,36.3013698630137,11.643835616438356,24.65753424657534,63.6986301369863,56.849315068493155,6.8493150684931505
E00035486,131,40,13,27,91,79,12,30.53435114503817,9.923664122137405,20.610687022900763,69.46564885496184,60.30534351145038,9.16030534351145
E00035487,172,71,21,50,101,96,5,41.27906976744186,12.209302325581394,29.069767441860467,58.720930232558146,55.81395348837209,2.9069767441860463
E00035488,158,54,11,43,104,95,9,34.177215189873415,6.962025316455696,27.21518987341772,65.82278481012658,60.12658227848101,5.69620253164557
E00035489,220,73,27,46,147,129,18,33.18181818181819,12.272727272727273,20.909090909090907,66.81818181818183,58.63636363636363,8.181818181818182
E00035490,139,55,12,43,84,76,8,39.568345323741006,8.633093525179856,30.935251798561154,60.431654676258994,54.67625899280576,5.755395683453238
E00035491,182,56,11,45,126,115,11,30.76923076923077,6.043956043956044,24.725274725274726,69.23076923076923,63.18681318681318,6.043956043956044
E00035492,46,19,5,14,27,20,7,41.30434782608695,10.869565217391305,30.434782608695656,58.69565217391305,43.47826086956522,15.217391304347828
E00035493,143,62,14,48,81,74,7,43.35664335664335,9.79020979020979,33.56643356643357,56.64335664335665,51.74825174825175,4.895104895104895
E00035494,107,36,13,23,71,65,6,33.64485981308411,12.149532710280374,21.49532710280374,66.35514018691589,60.747663551401864,5.607476635514018
E00035495,179,60,19,41,119,102,17,33.5195530726257,10.614525139664805,22.905027932960895,66.4804469273743,56.98324022346368,9.497206703910614
E00035496,202,75,26,49,127,105,22,37.12871287128713,12.871287128712872,24.257425742574256,62.87128712871287,51.98019801980198,10.891089108910892
E00035497,120,36,9,27,84,76,8,30,7.5,22.5,70,63.33333333333333,6.666666666666667
E00035498,150,47,19,28,103,91,12,31.333333333333336,12.666666666666668,18.666666666666668,68.66666666666667,60.66666666666667,8
E00035501,154,52,19,33,102,86,16,33.76623376623377,12.337662337662337,21.428571428571427,66.23376623376623,55.84415584415584,10.38961038961039
E00035502,141,41,10,31,100,85,15,29.078014184397162,7.092198581560284,21.98581560283688,70.92198581560284,60.28368794326241,10.638297872340425
E00035503,138,36,10,26,102,94,8,26.08695652173913,7.246376811594203,18.84057971014493,73.91304347826086,68.11594202898551,5.797101449275362
E00035504,125,41,9,32,84,78,6,32.800000000000004,7.199999999999999,25.6,67.2,62.4,4.8
E00035505,90,28,8,20,62,55,7,31.11111111111111,8.88888888888889,22.22222222222222,68.88888888888889,61.111111111111114,7.777777777777778
E00035506,101,42,6,36,59,49,10,41.584158415841586,5.9405940594059405,35.64356435643564,58.415841584158414,48.51485148514851,9.900990099009901
E00035507,93,27,17,10,66,47,19,29.03225806451613,18.27956989247312,10.75268817204301,70.96774193548387,50.53763440860215,20.43010752688172
E00035508,115,31,10,21,84,80,4,26.956521739130434,8.695652173913043,18.26086956521739,73.04347826086956,69.56521739130434,3.4782608695652173
E00035509,105,29,3,26,76,63,13,27.61904761904762,2.857142857142857,24.761904761904763,72.38095238095238,60,12.380952380952381
E00035510,85,22,3,19,63,56,7,25.882352941176475,3.5294117647058822,22.35294117647059,74.11764705882354,65.88235294117646,8.235294117647058
E00035511,113,38,10,28,75,69,6,33.6283185840708,8.849557522123893,24.778761061946902,66.3716814159292,61.06194690265486,5.3097345132743365
E00035512,68,28,8,20,40,34,6,41.17647058823529,11.76470588235294,29.411764705882355,58.82352941176471,50,8.823529411764707
E00035513,88,27,7,20,61,54,7,30.681818181818183,7.954545454545454,22.727272727272727,69.31818181818183,61.36363636363637,7.954545454545454
E00035514,52,28,8,20,24,21,3,53.84615384615385,15.384615384615385,38.46153846153847,46.15384615384615,40.38461538461539,5.769230769230769
E00035515,74,27,7,20,47,35,12,36.486486486486484,9.45945945945946,27.027027027027028,63.51351351351351,47.2972972972973,16.216216216216218
E00035520,114,44,10,34,70,64,6,38.59649122807017,8.771929824561402,29.82456140350877,61.40350877192983,56.14035087719298,5.263157894736842
E00035521,86,19,5,14,67,56,11,22.093023255813954,5.813953488372093,16.27906976744186,77.90697674418605,65.11627906976744,12.790697674418606
E00035523,106,25,10,15,81,68,13,23.58490566037736,9.433962264150944,14.150943396226415,76.41509433962264,64.15094339622641,12.264150943396226
E00035524,94,28,13,15,66,62,4,29.78723404255319,13.829787234042554,15.957446808510639,70.2127659574468,65.95744680851064,4.25531914893617
E00035525,83,25,4,21,58,48,10,30.120481927710845,4.819277108433735,25.301204819277107,69.87951807228916,57.831325301204814,12.048192771084338
E00035526,117,33,7,26,84,72,12,28.205128205128204,5.982905982905983,22.22222222222222,71.7948717948718,61.53846153846154,10.256410256410255
E00035527,78,31,4,27,47,39,8,39.743589743589745,5.128205128205128,34.61538461538461,60.256410256410255,50,10.256410256410255
E00035528,97,31,10,21,66,55,11,31.958762886597935,10.309278350515463,21.649484536082475,68.04123711340206,56.70103092783505,11.34020618556701
E00035529,147,53,14,39,94,88,6,36.054421768707485,9.523809523809524,26.53061224489796,63.94557823129252,59.863945578231295,4.081632653061225
E00035530,150,42,12,30,108,92,16,28.000000000000004,8,20,72,61.33333333333333,10.666666666666668
E00035531,91,40,15,25,51,45,6,43.956043956043956,16.483516483516482,27.472527472527474,56.043956043956044,49.45054945054945,6.593406593406594
E00035532,78,35,8,27,43,38,5,44.871794871794876,10.256410256410255,34.61538461538461,55.12820512820513,48.717948717948715,6.41025641025641
E00035533,106,34,6,28,72,68,4,32.075471698113205,5.660377358490567,26.41509433962264,67.9245283018868,64.15094339622641,3.7735849056603774
E00035534,98,34,5,29,64,52,12,34.69387755102041,5.1020408163265305,29.591836734693878,65.3061224489796,53.06122448979592,12.244897959183673
E00035535,98,29,10,19,69,62,7,29.591836734693878,10.204081632653061,19.387755102040817,70.40816326530613,63.26530612244898,7.142857142857142
E00035536,91,32,16,16,59,51,8,35.16483516483517,17.582417582417584,17.582417582417584,64.83516483516483,56.043956043956044,8.791208791208792
E00035537,114,38,10,28,76,74,2,33.33333333333333,8.771929824561402,24.561403508771928,66.66666666666666,64.91228070175438,1.7543859649122806
E00035538,140,50,17,33,90,84,6,35.714285714285715,12.142857142857142,23.57142857142857,64.28571428571429,60,4.285714285714286
E00035539,110,42,10,32,68,58,10,38.18181818181819,9.090909090909092,29.09090909090909,61.81818181818181,52.72727272727272,9.090909090909092
E00035540,132,41,14,27,91,80,11,31.060606060606062,10.606060606060606,20.454545454545457,68.93939393939394,60.60606060606061,8.333333333333332
E00035541,84,30,9,21,54,46,8,35.714285714285715,10.714285714285714,25,64.28571428571429,54.761904761904766,9.523809523809524
E00035542,94,32,10,22,62,55,7,34.04255319148936,10.638297872340425,23.404255319148938,65.95744680851064,58.51063829787234,7.446808510638298
E00035543,108,42,10,32,66,66,0,38.88888888888889,9.25925925925926,29.629629629629626,61.111111111111114,61.111111111111114,0
E00035544,119,34,10,24,85,83,2,28.57142857142857,8.403361344537815,20.168067226890756,71.42857142857143,69.74789915966386,1.680672268907563
E00035545,89,30,8,22,59,53,6,33.70786516853933,8.98876404494382,24.719101123595504,66.29213483146067,59.55056179775281,6.741573033707865
E00035546,87,34,8,26,53,48,5,39.08045977011494,9.195402298850574,29.88505747126437,60.91954022988506,55.172413793103445,5.747126436781609
E00035547,165,65,22,43,100,89,11,39.39393939393939,13.333333333333334,26.060606060606062,60.60606060606061,53.939393939393945,6.666666666666667
E00035548,225,97,24,73,128,119,9,43.111111111111114,10.666666666666668,32.44444444444444,56.888888888888886,52.888888888888886,4
E00035549,118,37,9,28,81,74,7,31.35593220338983,7.627118644067797,23.728813559322035,68.64406779661016,62.71186440677966,5.932203389830509
E00035550,167,47,10,37,120,110,10,28.143712574850298,5.9880239520958085,22.15568862275449,71.8562874251497,65.86826347305389,5.9880239520958085
E00035551,154,37,13,24,117,103,14,24.025974025974026,8.441558441558442,15.584415584415584,75.97402597402598,66.88311688311688,9.090909090909092
E00035552,139,34,6,28,105,94,11,24.46043165467626,4.316546762589928,20.14388489208633,75.53956834532374,67.62589928057554,7.913669064748201
E00035553,130,42,12,30,88,83,5,32.30769230769231,9.230769230769232,23.076923076923077,67.6923076923077,63.84615384615384,3.8461538461538463
E00035554,258,72,17,55,186,165,21,27.906976744186046,6.5891472868217065,21.31782945736434,72.09302325581395,63.95348837209303,8.13953488372093
E00035555,134,49,14,35,85,77,8,36.56716417910448,10.44776119402985,26.119402985074625,63.43283582089553,57.46268656716418,5.970149253731343
E00035556,83,32,9,23,51,45,6,38.55421686746988,10.843373493975903,27.710843373493976,61.44578313253012,54.21686746987952,7.228915662650602
E00035559,87,24,5,19,63,58,5,27.586206896551722,5.747126436781609,21.839080459770116,72.41379310344827,66.66666666666666,5.747126436781609
E00035563,131,51,17,34,80,73,7,38.93129770992366,12.977099236641221,25.954198473282442,61.06870229007634,55.72519083969466,5.343511450381679
E00035564,108,42,12,30,66,57,9,38.88888888888889,11.11111111111111,27.77777777777778,61.111111111111114,52.77777777777778,8.333333333333332
E00035565,87,26,3,23,61,54,7,29.88505747126437,3.4482758620689653,26.436781609195403,70.11494252873564,62.06896551724138,8.045977011494253
E00035568,132,40,13,27,92,76,16,30.303030303030305,9.848484848484848,20.454545454545457,69.6969696969697,57.57575757575758,12.121212121212121
E00035570,98,35,11,24,63,52,11,35.714285714285715,11.224489795918368,24.489795918367346,64.28571428571429,53.06122448979592,11.224489795918368
E00035571,121,44,12,32,77,65,12,36.36363636363637,9.917355371900827,26.446280991735538,63.63636363636363,53.71900826446281,9.917355371900827
E00035572,146,48,11,37,98,88,10,32.87671232876712,7.534246575342466,25.34246575342466,67.12328767123287,60.273972602739725,6.8493150684931505
E00035573,123,36,6,30,87,75,12,29.268292682926827,4.878048780487805,24.390243902439025,70.73170731707317,60.97560975609756,9.75609756097561
E00035574,132,38,7,31,94,83,11,28.78787878787879,5.303030303030303,23.484848484848484,71.21212121212122,62.878787878787875,8.333333333333332
E00035575,141,53,14,39,88,80,8,37.5886524822695,9.929078014184398,27.659574468085108,62.4113475177305,56.73758865248227,5.673758865248227
E00035576,85,23,6,17,62,49,13,27.058823529411764,7.0588235294117645,20,72.94117647058823,57.647058823529406,15.294117647058824
E00035577,162,53,15,38,109,96,13,32.71604938271605,9.25925925925926,23.456790123456788,67.28395061728395,59.25925925925925,8.024691358024691
E00035578,167,55,15,40,112,101,11,32.93413173652694,8.982035928143713,23.952095808383234,67.06586826347305,60.47904191616767,6.58682634730539
E00035579,102,36,9,27,66,55,11,35.294117647058826,8.823529411764707,26.47058823529412,64.70588235294117,53.92156862745098,10.784313725490197
E00035580,155,46,18,28,109,93,16,29.677419354838708,11.612903225806452,18.064516129032256,70.3225806451613,60,10.32258064516129
E00035581,339,96,25,71,243,218,25,28.31858407079646,7.374631268436578,20.943952802359885,71.68141592920354,64.30678466076697,7.374631268436578
E00035582,184,34,8,26,150,134,16,18.478260869565215,4.3478260869565215,14.130434782608695,81.52173913043478,72.82608695652173,8.695652173913043
E00035583,170,45,10,35,125,113,12,26.47058823529412,5.88235294117647,20.588235294117645,73.52941176470588,66.47058823529412,7.0588235294117645
E00035584,165,59,10,49,106,94,12,35.75757575757576,6.0606060606060606,29.6969696969697,64.24242424242425,56.96969696969697,7.2727272727272725
E00035585,135,43,12,31,92,87,5,31.851851851851855,8.88888888888889,22.962962962962962,68.14814814814815,64.44444444444444,3.7037037037037033
E00035586,178,54,21,33,124,109,15,30.337078651685395,11.797752808988763,18.53932584269663,69.66292134831461,61.23595505617978,8.426966292134832
E00035587,152,44,12,32,108,97,11,28.947368421052634,7.894736842105263,21.052631578947366,71.05263157894737,63.81578947368421,7.236842105263158
E00035588,142,42,18,24,100,93,7,29.577464788732392,12.676056338028168,16.901408450704224,70.4225352112676,65.49295774647888,4.929577464788732
E00035589,121,44,11,33,77,68,9,36.36363636363637,9.090909090909092,27.27272727272727,63.63636363636363,56.19834710743802,7.43801652892562
E00035590,138,43,13,30,95,85,10,31.15942028985507,9.420289855072465,21.73913043478261,68.84057971014492,61.59420289855072,7.246376811594203
E00035591,79,35,12,23,44,40,4,44.303797468354425,15.18987341772152,29.11392405063291,55.69620253164557,50.63291139240506,5.063291139240507
E00035592,136,33,8,25,103,92,11,24.264705882352942,5.88235294117647,18.38235294117647,75.73529411764706,67.64705882352942,8.088235294117647
E00035593,158,40,13,27,118,101,17,25.31645569620253,8.227848101265822,17.088607594936708,74.68354430379746,63.92405063291139,10.759493670886076
E00035594,116,27,6,21,89,77,12,23.275862068965516,5.172413793103448,18.103448275862068,76.72413793103449,66.37931034482759,10.344827586206897
E00035595,107,22,6,16,85,82,3,20.5607476635514,5.607476635514018,14.953271028037381,79.43925233644859,76.63551401869158,2.803738317757009
E00035596,87,30,11,19,57,43,14,34.48275862068966,12.643678160919542,21.839080459770116,65.51724137931035,49.42528735632184,16.091954022988507
E00035597,97,39,13,26,58,44,14,40.20618556701031,13.402061855670103,26.804123711340207,59.79381443298969,45.36082474226804,14.432989690721648
E00035598,135,38,9,29,97,88,9,28.14814814814815,6.666666666666667,21.48148148148148,71.85185185185186,65.18518518518519,6.666666666666667
E00035599,118,35,9,26,83,69,14,29.66101694915254,7.627118644067797,22.033898305084744,70.33898305084746,58.47457627118644,11.864406779661017
E00035600,128,40,14,26,88,77,11,31.25,10.9375,20.3125,68.75,60.15625,8.59375
E00035601,88,26,8,18,62,56,6,29.545454545454547,9.090909090909092,20.454545454545457,70.45454545454545,63.63636363636363,6.8181818181818175
E00035602,90,27,9,18,63,58,5,30,10,20,70,64.44444444444444,5.555555555555555
E00035603,78,23,7,16,55,49,6,29.48717948717949,8.974358974358974,20.51282051282051,70.51282051282051,62.82051282051282,7.6923076923076925
E00035604,155,42,5,37,113,93,20,27.09677419354839,3.225806451612903,23.870967741935484,72.90322580645162,60,12.903225806451612
E00035605,162,38,8,30,124,97,27,23.456790123456788,4.938271604938271,18.51851851851852,76.5432098765432,59.876543209876544,16.666666666666664
E00035606,146,40,13,27,106,91,15,27.397260273972602,8.904109589041095,18.493150684931507,72.6027397260274,62.328767123287676,10.273972602739725
E00035607,130,41,18,23,89,79,10,31.538461538461537,13.846153846153847,17.692307692307693,68.46153846153847,60.76923076923077,7.6923076923076925
E00035608,154,40,9,31,114,102,12,25.97402597402597,5.844155844155844,20.12987012987013,74.02597402597402,66.23376623376623,7.792207792207792
E00035609,140,42,13,29,98,84,14,30,9.285714285714286,20.714285714285715,70,60,10
E00035610,154,52,18,34,102,83,19,33.76623376623377,11.688311688311687,22.07792207792208,66.23376623376623,53.896103896103895,12.337662337662337
E00035611,92,28,7,21,64,53,11,30.434782608695656,7.608695652173914,22.82608695652174,69.56521739130434,57.608695652173914,11.956521739130435
E00035612,143,43,12,31,100,86,14,30.069930069930066,8.391608391608392,21.678321678321677,69.93006993006993,60.13986013986013,9.79020979020979
E00035613,165,40,12,28,125,104,21,24.242424242424242,7.2727272727272725,16.969696969696972,75.75757575757575,63.030303030303024,12.727272727272727
E00035614,131,37,9,28,94,86,8,28.24427480916031,6.870229007633588,21.374045801526716,71.7557251908397,65.64885496183206,6.106870229007633
E00035615,123,38,15,23,85,72,13,30.89430894308943,12.195121951219512,18.69918699186992,69.10569105691057,58.536585365853654,10.569105691056912
E00035616,156,33,11,22,123,99,24,21.153846153846153,7.051282051282051,14.102564102564102,78.84615384615384,63.46153846153846,15.384615384615385
E00035617,135,43,10,33,92,79,13,31.851851851851855,7.4074074074074066,24.444444444444443,68.14814814814815,58.51851851851851,9.62962962962963
E00035618,90,29,12,17,61,51,10,32.22222222222222,13.333333333333334,18.88888888888889,67.77777777777779,56.666666666666664,11.11111111111111
E00035619,133,40,12,28,93,84,9,30.075187969924812,9.022556390977442,21.052631578947366,69.92481203007519,63.1578947368421,6.7669172932330826
E00035620,166,46,24,22,120,86,34,27.710843373493976,14.457831325301203,13.253012048192772,72.28915662650603,51.80722891566265,20.481927710843372
E00035621,114,36,8,28,78,67,11,31.57894736842105,7.017543859649122,24.561403508771928,68.42105263157895,58.77192982456141,9.649122807017543
E00035622,110,39,12,27,71,62,9,35.45454545454545,10.909090909090908,24.545454545454547,64.54545454545455,56.36363636363636,8.181818181818182
E00035623,102,37,11,26,65,56,9,36.27450980392157,10.784313725490197,25.49019607843137,63.725490196078425,54.90196078431373,8.823529411764707
E00035624,168,59,27,32,109,93,16,35.11904761904761,16.071428571428573,19.047619047619047,64.88095238095238,55.35714285714286,9.523809523809524
E00035625,134,45,17,28,89,76,13,33.582089552238806,12.686567164179104,20.8955223880597,66.4179104477612,56.71641791044776,9.701492537313433
E00035626,91,23,5,18,68,60,8,25.274725274725274,5.4945054945054945,19.78021978021978,74.72527472527473,65.93406593406593,8.791208791208792
E00035627,149,55,16,39,94,81,13,36.91275167785235,10.738255033557047,26.174496644295303,63.08724832214765,54.36241610738255,8.724832214765101
E00035628,146,55,17,38,91,77,14,37.67123287671233,11.643835616438356,26.027397260273972,62.328767123287676,52.73972602739726,9.58904109589041
E00035629,40,16,3,13,24,20,4,40,7.5,32.5,60,50,10
E00035630,155,58,17,41,97,86,11,37.41935483870968,10.967741935483872,26.451612903225808,62.58064516129033,55.483870967741936,7.096774193548387
E00035631,127,51,17,34,76,63,13,40.15748031496063,13.385826771653544,26.77165354330709,59.84251968503938,49.60629921259843,10.236220472440944
E00035632,112,46,17,29,66,54,12,41.07142857142857,15.178571428571427,25.892857142857146,58.92857142857143,48.214285714285715,10.714285714285714
E00035633,124,38,7,31,86,81,5,30.64516129032258,5.64516129032258,25,69.35483870967742,65.32258064516128,4.032258064516129
E00035634,91,34,11,23,57,54,3,37.362637362637365,12.087912087912088,25.274725274725274,62.637362637362635,59.34065934065934,3.296703296703297
E00035635,127,36,9,27,91,77,14,28.346456692913385,7.086614173228346,21.25984251968504,71.65354330708661,60.629921259842526,11.023622047244094
E00035636,101,31,5,26,70,67,3,30.693069306930692,4.9504950495049505,25.742574257425744,69.3069306930693,66.33663366336634,2.9702970297029703
E00035637,149,49,14,35,100,85,15,32.88590604026846,9.395973154362416,23.48993288590604,67.11409395973155,57.04697986577181,10.06711409395973
E00035638,51,21,6,15,30,28,2,41.17647058823529,11.76470588235294,29.411764705882355,58.82352941176471,54.90196078431373,3.9215686274509802
E00035639,115,49,16,33,66,57,9,42.608695652173914,13.91304347826087,28.695652173913043,57.391304347826086,49.56521739130435,7.82608695652174
E00035640,130,50,18,32,80,68,12,38.46153846153847,13.846153846153847,24.615384615384617,61.53846153846154,52.307692307692314,9.230769230769232
E00035641,139,39,8,31,100,89,11,28.05755395683453,5.755395683453238,22.302158273381295,71.94244604316546,64.02877697841727,7.913669064748201
E00035642,174,55,14,41,119,105,14,31.60919540229885,8.045977011494253,23.563218390804597,68.39080459770115,60.3448275862069,8.045977011494253
E00035643,144,54,15,39,90,77,13,37.5,10.416666666666668,27.083333333333332,62.5,53.47222222222222,9.027777777777777
E00035644,166,60,20,40,106,95,11,36.144578313253014,12.048192771084338,24.096385542168676,63.85542168674698,57.22891566265061,6.626506024096386
E00035645,158,59,16,43,99,86,13,37.34177215189873,10.126582278481013,27.21518987341772,62.65822784810127,54.43037974683544,8.227848101265822
E00035646,132,38,15,23,94,78,16,28.78787878787879,11.363636363636363,17.424242424242426,71.21212121212122,59.09090909090909,12.121212121212121
E00035647,163,47,11,36,116,101,15,28.834355828220858,6.748466257668712,22.085889570552148,71.16564417177914,61.963190184049076,9.202453987730062
E00035648,122,39,9,30,83,73,10,31.967213114754102,7.377049180327869,24.59016393442623,68.0327868852459,59.83606557377049,8.19672131147541
E00035649,136,43,12,31,93,84,9,31.61764705882353,8.823529411764707,22.794117647058822,68.38235294117648,61.76470588235294,6.61764705882353
E00035650,98,34,13,21,64,57,7,34.69387755102041,13.26530612244898,21.428571428571427,65.3061224489796,58.16326530612245,7.142857142857142
E00035651,93,26,11,15,67,61,6,27.956989247311824,11.827956989247312,16.129032258064516,72.04301075268818,65.59139784946237,6.451612903225806
E00035652,130,42,21,21,88,70,18,32.30769230769231,16.153846153846153,16.153846153846153,67.6923076923077,53.84615384615385,13.846153846153847
E00035653,149,61,21,40,88,74,14,40.939597315436245,14.093959731543624,26.845637583892618,59.06040268456376,49.664429530201346,9.395973154362416
E00035654,209,58,30,28,151,123,28,27.751196172248804,14.354066985645932,13.397129186602871,72.24880382775119,58.85167464114832,13.397129186602871
E00035655,160,51,18,33,109,92,17,31.874999999999996,11.25,20.625,68.125,57.49999999999999,10.625
E00035656,118,38,17,21,80,62,18,32.20338983050847,14.40677966101695,17.796610169491526,67.79661016949152,52.54237288135594,15.254237288135593
E00035657,42,13,5,8,29,20,9,30.952380952380953,11.904761904761903,19.047619047619047,69.04761904761905,47.61904761904761,21.428571428571427
E00035658,100,40,15,25,60,52,8,40,15,25,60,52,8
E00035659,135,37,10,27,98,89,9,27.40740740740741,7.4074074074074066,20,72.5925925925926,65.92592592592592,6.666666666666667
E00035660,143,42,15,27,101,83,18,29.37062937062937,10.48951048951049,18.88111888111888,70.62937062937063,58.04195804195804,12.587412587412588
E00035661,152,54,16,38,98,85,13,35.526315789473685,10.526315789473683,25,64.47368421052632,55.92105263157895,8.552631578947368
E00035662,123,42,15,27,81,68,13,34.146341463414636,12.195121951219512,21.951219512195124,65.85365853658537,55.28455284552846,10.569105691056912
E00035663,105,42,16,26,63,50,13,40,15.238095238095239,24.761904761904763,60,47.61904761904761,12.380952380952381
E00035664,124,46,14,32,78,62,16,37.096774193548384,11.29032258064516,25.806451612903224,62.903225806451616,50,12.903225806451612
E00035665,108,30,14,16,78,73,5,27.77777777777778,12.962962962962962,14.814814814814813,72.22222222222221,67.5925925925926,4.62962962962963
E00035666,169,40,14,26,129,115,14,23.668639053254438,8.284023668639055,15.384615384615385,76.33136094674556,68.04733727810651,8.284023668639055
E00035667,121,28,5,23,93,86,7,23.140495867768596,4.132231404958678,19.00826446280992,76.85950413223141,71.07438016528926,5.785123966942149
E00035668,124,49,14,35,75,65,10,39.516129032258064,11.29032258064516,28.225806451612907,60.483870967741936,52.41935483870967,8.064516129032258
E00035669,141,43,15,28,98,86,12,30.49645390070922,10.638297872340425,19.858156028368796,69.50354609929079,60.99290780141844,8.51063829787234
E00035670,101,26,12,14,75,68,7,25.742574257425744,11.881188118811881,13.861386138613863,74.25742574257426,67.32673267326733,6.9306930693069315
E00035671,153,43,12,31,110,93,17,28.104575163398692,7.8431372549019605,20.26143790849673,71.89542483660131,60.78431372549019,11.11111111111111
E00035672,145,37,11,26,108,95,13,25.517241379310345,7.586206896551724,17.93103448275862,74.48275862068967,65.51724137931035,8.96551724137931
E00035673,124,38,13,25,86,76,10,30.64516129032258,10.483870967741936,20.161290322580644,69.35483870967742,61.29032258064516,8.064516129032258
E00035674,175,59,16,43,116,103,13,33.714285714285715,9.142857142857142,24.571428571428573,66.28571428571428,58.857142857142854,7.428571428571429
E00035675,136,47,13,34,89,80,9,34.55882352941176,9.558823529411764,25,65.44117647058823,58.82352941176471,6.61764705882353
E00035676,140,46,14,32,94,87,7,32.857142857142854,10,22.857142857142858,67.14285714285714,62.142857142857146,5
E00035677,142,44,10,34,98,86,12,30.985915492957744,7.042253521126761,23.943661971830984,69.01408450704226,60.56338028169014,8.450704225352112
E00035678,94,29,7,22,65,60,5,30.851063829787233,7.446808510638298,23.404255319148938,69.14893617021278,63.829787234042556,5.319148936170213
E00035679,146,39,12,27,107,94,13,26.71232876712329,8.21917808219178,18.493150684931507,73.28767123287672,64.38356164383562,8.904109589041095
E00035680,108,34,11,23,74,63,11,31.48148148148148,10.185185185185185,21.296296296296298,68.51851851851852,58.333333333333336,10.185185185185185
E00035681,105,28,8,20,77,68,9,26.666666666666668,7.6190476190476195,19.047619047619047,73.33333333333333,64.76190476190476,8.571428571428571
E00035682,173,55,22,33,118,104,14,31.79190751445087,12.716763005780345,19.07514450867052,68.20809248554913,60.115606936416185,8.092485549132949
E00035683,150,36,8,28,114,105,9,24,5.333333333333334,18.666666666666668,76,70,6
E00035684,117,40,14,26,77,64,13,34.18803418803419,11.965811965811966,22.22222222222222,65.8119658119658,54.700854700854705,11.11111111111111
E00035685,151,40,16,24,111,108,3,26.490066225165563,10.596026490066226,15.894039735099339,73.50993377483444,71.52317880794702,1.9867549668874174
E00035686,165,38,10,28,127,115,12,23.03030303030303,6.0606060606060606,16.969696969696972,76.96969696969697,69.6969696969697,7.2727272727272725
E00035687,149,50,14,36,99,88,11,33.557046979865774,9.395973154362416,24.161073825503358,66.44295302013423,59.06040268456376,7.38255033557047
E00035688,134,50,21,29,84,73,11,37.3134328358209,15.671641791044777,21.641791044776117,62.68656716417911,54.47761194029851,8.208955223880597
E00035689,142,33,8,25,109,93,16,23.239436619718308,5.633802816901409,17.6056338028169,76.76056338028168,65.49295774647888,11.267605633802818
E00035690,275,78,19,59,197,160,37,28.363636363636363,6.909090909090909,21.454545454545453,71.63636363636363,58.18181818181818,13.454545454545455
E00035691,217,57,12,45,160,144,16,26.26728110599078,5.529953917050691,20.737327188940093,73.73271889400922,66.3594470046083,7.373271889400922
E00035692,55,21,5,16,34,31,3,38.18181818181819,9.090909090909092,29.09090909090909,61.81818181818181,56.36363636363636,5.454545454545454
E00035693,144,31,14,17,113,93,20,21.52777777777778,9.722222222222223,11.805555555555555,78.47222222222221,64.58333333333334,13.88888888888889
E00035694,187,41,13,28,146,124,22,21.92513368983957,6.951871657754011,14.973262032085561,78.07486631016043,66.31016042780749,11.76470588235294
E00035696,120,31,11,20,89,81,8,25.833333333333336,9.166666666666666,16.666666666666664,74.16666666666667,67.5,6.666666666666667
E00035697,262,77,28,49,185,152,33,29.389312977099237,10.687022900763358,18.702290076335878,70.61068702290076,58.01526717557252,12.595419847328243
E00035698,50,18,3,15,32,29,3,36,6,30,64,57.99999999999999,6
E00035699,156,47,10,37,109,93,16,30.128205128205128,6.41025641025641,23.717948717948715,69.87179487179486,59.61538461538461,10.256410256410255
E00035700,117,37,11,26,80,69,11,31.62393162393162,9.401709401709402,22.22222222222222,68.37606837606837,58.97435897435898,9.401709401709402
E00035701,95,27,8,19,68,59,9,28.421052631578945,8.421052631578947,20,71.57894736842105,62.10526315789474,9.473684210526317
E00035702,124,33,12,21,91,72,19,26.61290322580645,9.67741935483871,16.93548387096774,73.38709677419355,58.06451612903226,15.32258064516129
E00035703,167,54,20,34,113,98,15,32.33532934131736,11.976047904191617,20.359281437125748,67.66467065868264,58.68263473053892,8.982035928143713
E00035704,221,59,23,36,162,135,27,26.69683257918552,10.407239819004525,16.289592760180994,73.303167420814475,61.085972850678736,12.217194570135746
E00035705,192,50,20,30,142,122,20,26.041666666666668,10.416666666666668,15.625,73.95833333333334,63.541666666666664,10.416666666666668
E00035706,156,48,7,41,108,100,8,30.76923076923077,4.487179487179487,26.282051282051285,69.23076923076923,64.1025641025641,5.128205128205128
E00035707,161,47,14,33,114,110,4,29.19254658385093,8.695652173913043,20.496894409937887,70.80745341614907,68.32298136645963,2.484472049689441
E00035708,100,40,10,30,60,53,7,40,10,30,60,53,7.000000000000001
E00035709,160,60,14,46,100,92,8,37.5,8.75,28.749999999999996,62.5,57.49999999999999,5
E00035710,118,34,9,25,84,80,4,28.8135593220339,7.627118644067797,21.1864406779661,71.1864406779661,67.79661016949152,3.389830508474576
E00035711,234,72,15,57,162,148,14,30.76923076923077,6.41025641025641,24.358974358974358,69.23076923076923,63.24786324786324,5.982905982905983
E00035712,148,44,10,34,104,98,6,29.72972972972973,6.756756756756757,22.972972972972975,70.27027027027027,66.21621621621621,4.054054054054054
E00035713,56,21,4,17,35,30,5,37.5,7.142857142857142,30.357142857142854,62.5,53.57142857142857,8.928571428571429
E00035714,187,63,16,47,124,108,16,33.68983957219251,8.55614973262032,25.13368983957219,66.31016042780749,57.75401069518716,8.55614973262032
E00035716,105,29,7,22,76,70,6,27.61904761904762,6.666666666666667,20.952380952380953,72.38095238095238,66.66666666666666,5.714285714285714
E00035717,172,58,20,38,114,103,11,33.72093023255814,11.627906976744185,22.093023255813954,66.27906976744185,59.883720930232556,6.395348837209303
E00035718,330,93,29,64,237,209,28,28.18181818181818,8.787878787878787,19.393939393939394,71.81818181818181,63.33333333333333,8.484848484848486
E00035719,139,41,22,19,98,86,12,29.496402877697843,15.827338129496402,13.66906474820144,70.50359712230215,61.87050359712231,8.633093525179856
E00035720,143,59,15,44,84,72,12,41.25874125874126,10.48951048951049,30.76923076923077,58.74125874125874,50.349650349650354,8.391608391608392
E00035721,131,33,9,24,98,86,12,25.190839694656486,6.870229007633588,18.3206106870229,74.80916030534351,65.64885496183206,9.16030534351145
E00035722,177,54,14,40,123,113,10,30.508474576271187,7.909604519774012,22.598870056497177,69.49152542372882,63.84180790960452,5.649717514124294
E00035724,177,52,15,37,125,104,21,29.37853107344633,8.47457627118644,20.903954802259886,70.62146892655367,58.75706214689266,11.864406779661017
E00035725,132,53,17,36,79,72,7,40.15151515151515,12.878787878787879,27.27272727272727,59.84848484848485,54.54545454545454,5.303030303030303
E00035726,114,36,11,25,78,71,7,31.57894736842105,9.649122807017543,21.929824561403507,68.42105263157895,62.28070175438597,6.140350877192982
E00035728,63,27,10,17,36,29,7,42.857142857142854,15.873015873015872,26.984126984126984,57.14285714285714,46.03174603174603,11.11111111111111
E00035729,139,43,13,30,96,85,11,30.935251798561154,9.352517985611511,21.58273381294964,69.06474820143885,61.15107913669065,7.913669064748201
E00035730,98,31,8,23,67,54,13,31.63265306122449,8.16326530612245,23.46938775510204,68.36734693877551,55.10204081632652,13.26530612244898
E00035731,80,28,11,17,52,43,9,35,13.750000000000002,21.25,65,53.75,11.25
E00035732,158,46,13,33,112,103,9,29.11392405063291,8.227848101265822,20.88607594936709,70.88607594936708,65.18987341772153,5.69620253164557
E00035733,133,45,14,31,88,74,14,33.83458646616541,10.526315789473683,23.308270676691727,66.16541353383458,55.639097744360896,10.526315789473683
E00035734,135,48,13,35,87,76,11,35.55555555555556,9.62962962962963,25.925925925925924,64.44444444444444,56.2962962962963,8.148148148148149
E00035735,161,52,18,34,109,102,7,32.298136645962735,11.180124223602485,21.11801242236025,67.70186335403726,63.35403726708074,4.3478260869565215
E00035736,220,63,13,50,157,140,17,28.636363636363637,5.909090909090909,22.727272727272727,71.36363636363636,63.63636363636363,7.727272727272727
E00035737,124,38,10,28,86,76,10,30.64516129032258,8.064516129032258,22.58064516129032,69.35483870967742,61.29032258064516,8.064516129032258
E00035738,157,46,13,33,111,94,17,29.29936305732484,8.280254777070063,21.019108280254777,70.70063694267516,59.87261146496815,10.828025477707007
E00035739,111,40,7,33,71,64,7,36.03603603603604,6.306306306306306,29.72972972972973,63.96396396396396,57.65765765765766,6.306306306306306
E00035740,129,39,15,24,90,84,6,30.23255813953488,11.627906976744185,18.6046511627907,69.76744186046511,65.11627906976744,4.651162790697675
E00035741,115,38,7,31,77,64,13,33.04347826086956,6.086956521739131,26.956521739130434,66.95652173913044,55.65217391304348,11.304347826086957
E00035742,225,72,17,55,153,138,15,32,7.555555555555555,24.444444444444443,68,61.33333333333333,6.666666666666667
E00035743,160,48,10,38,112,100,12,30,6.25,23.75,70,62.5,7.5
E00035744,142,55,15,40,87,78,9,38.732394366197184,10.56338028169014,28.169014084507044,61.267605633802816,54.929577464788736,6.338028169014084
E00035745,192,56,15,41,136,117,19,29.166666666666668,7.8125,21.354166666666664,70.83333333333334,60.9375,9.895833333333332
E00035746,124,38,14,24,86,78,8,30.64516129032258,11.29032258064516,19.35483870967742,69.35483870967742,62.903225806451616,6.451612903225806
E00035747,250,62,17,45,188,174,14,24.8,6.800000000000001,18,75.2,69.6,5.6000000000000005
E00035748,129,36,16,20,93,83,10,27.906976744186046,12.4031007751938,15.503875968992247,72.09302325581395,64.34108527131784,7.751937984496124
E00035749,151,50,16,34,101,91,10,33.11258278145696,10.596026490066226,22.516556291390728,66.88741721854305,60.264900662251655,6.622516556291391
E00035750,161,57,20,37,104,96,8,35.40372670807454,12.422360248447205,22.981366459627328,64.59627329192547,59.62732919254658,4.968944099378882
E00035751,154,55,12,43,99,89,10,35.714285714285715,7.792207792207792,27.92207792207792,64.28571428571429,57.7922077922078,6.493506493506493
E00035752,157,47,4,43,110,97,13,29.936305732484076,2.547770700636943,27.388535031847134,70.06369426751591,61.78343949044586,8.280254777070063
E00035753,184,64,29,35,120,108,12,34.78260869565217,15.760869565217392,19.021739130434785,65.21739130434783,58.69565217391305,6.521739130434782
E00035754,129,41,16,25,88,85,3,31.782945736434108,12.4031007751938,19.379844961240313,68.21705426356588,65.89147286821705,2.3255813953488373
E00035755,156,57,18,39,99,88,11,36.53846153846153,11.538461538461538,25,63.46153846153846,56.41025641025641,7.051282051282051
E00035756,181,47,10,37,134,119,15,25.96685082872928,5.524861878453039,20.441988950276244,74.03314917127072,65.74585635359117,8.287292817679557
E00035757,143,48,14,34,95,82,13,33.56643356643357,9.79020979020979,23.776223776223777,66.43356643356644,57.34265734265735,9.090909090909092
E00035758,103,42,14,28,61,56,5,40.77669902912621,13.592233009708737,27.184466019417474,59.22330097087378,54.36893203883495,4.854368932038835
E00035759,147,54,24,30,93,80,13,36.734693877551024,16.3265306122449,20.408163265306122,63.26530612244898,54.421768707483,8.843537414965986
E00035760,160,56,12,44,104,89,15,35,7.5,27.500000000000004,65,55.625,9.375
E00035761,151,52,20,32,99,84,15,34.437086092715234,13.245033112582782,21.192052980132452,65.56291390728477,55.62913907284768,9.933774834437086
E00035762,148,59,14,45,89,78,11,39.86486486486486,9.45945945945946,30.405405405405407,60.13513513513513,52.702702702702695,7.4324324324324325
E00035763,167,49,5,44,118,100,18,29.34131736526946,2.9940119760479043,26.34730538922156,70.65868263473054,59.88023952095808,10.778443113772456
E00035764,206,75,21,54,131,116,15,36.407766990291265,10.194174757281553,26.21359223300971,63.59223300970874,56.310679611650485,7.281553398058252
E00035765,135,49,10,39,86,74,12,36.2962962962963,7.4074074074074066,28.888888888888886,63.70370370370371,54.81481481481482,8.88888888888889
E00035766,131,52,17,35,79,66,13,39.69465648854962,12.977099236641221,26.717557251908396,60.30534351145038,50.38167938931297,9.923664122137405
E00035767,99,38,11,27,61,54,7,38.38383838383838,11.11111111111111,27.27272727272727,61.61616161616161,54.54545454545454,7.07070707070707
E00035768,73,27,8,19,46,38,8,36.986301369863014,10.95890410958904,26.027397260273972,63.013698630136986,52.054794520547944,10.95890410958904
E00035769,149,46,9,37,103,90,13,30.87248322147651,6.0402684563758395,24.832214765100673,69.12751677852349,60.40268456375839,8.724832214765101
E00035770,130,48,14,34,82,69,13,36.92307692307693,10.76923076923077,26.153846153846157,63.07692307692307,53.07692307692308,10
E00035771,156,51,21,30,105,90,15,32.69230769230769,13.461538461538462,19.230769230769234,67.3076923076923,57.692307692307686,9.615384615384617
E00035772,152,58,18,40,94,80,14,38.15789473684211,11.842105263157894,26.31578947368421,61.8421052631579,52.63157894736842,9.210526315789473
E00035773,125,51,14,37,74,59,15,40.8,11.200000000000001,29.599999999999998,59.199999999999996,47.199999999999996,12
E00035774,193,60,12,48,133,124,9,31.088082901554404,6.217616580310881,24.870466321243523,68.9119170984456,64.24870466321244,4.66321243523316
E00035775,151,52,18,34,99,89,10,34.437086092715234,11.920529801324504,22.516556291390728,65.56291390728477,58.94039735099338,6.622516556291391
E00035776,159,54,16,38,105,89,16,33.9622641509434,10.062893081761008,23.89937106918239,66.0377358490566,55.9748427672956,10.062893081761008
E00035777,145,47,14,33,98,83,15,32.41379310344827,9.655172413793103,22.758620689655174,67.58620689655173,57.24137931034483,10.344827586206897
E00035778,162,60,14,46,102,90,12,37.03703703703704,8.641975308641975,28.39506172839506,62.96296296296296,55.55555555555556,7.4074074074074066
E00035779,177,61,24,37,116,98,18,34.463276836158194,13.559322033898304,20.903954802259886,65.5367231638418,55.367231638418076,10.16949152542373
E00035780,156,51,19,32,105,92,13,32.69230769230769,12.179487179487179,20.51282051282051,67.3076923076923,58.97435897435898,8.333333333333332
E00035781,201,62,18,44,139,117,22,30.845771144278604,8.955223880597014,21.890547263681594,69.15422885572139,58.2089552238806,10.945273631840797
E00035782,177,73,27,46,104,93,11,41.24293785310734,15.254237288135593,25.98870056497175,58.75706214689266,52.54237288135594,6.214689265536723
E00035783,164,46,15,31,118,100,18,28.04878048780488,9.146341463414634,18.902439024390244,71.95121951219512,60.97560975609756,10.975609756097562
E00035784,90,29,13,16,61,54,7,32.22222222222222,14.444444444444443,17.77777777777778,67.77777777777779,60,7.777777777777778
E00035785,165,48,17,31,117,96,21,29.09090909090909,10.303030303030303,18.787878787878785,70.9090909090909,58.18181818181818,12.727272727272727
E00035786,218,69,18,51,149,122,27,31.65137614678899,8.256880733944955,23.394495412844037,68.34862385321101,55.96330275229357,12.385321100917432
E00035787,215,69,26,43,146,129,17,32.093023255813954,12.093023255813954,20,67.90697674418604,60,7.906976744186046
E00035788,102,41,18,23,61,49,12,40.19607843137255,17.647058823529413,22.54901960784314,59.80392156862745,48.03921568627451,11.76470588235294
E00035789,161,44,15,29,117,101,16,27.32919254658385,9.316770186335404,18.012422360248447,72.67080745341616,62.732919254658384,9.937888198757763
E00035790,134,40,12,28,94,78,16,29.850746268656714,8.955223880597014,20.8955223880597,70.1492537313433,58.2089552238806,11.940298507462686
E00035791,130,49,19,30,81,64,17,37.69230769230769,14.615384615384617,23.076923076923077,62.30769230769231,49.23076923076923,13.076923076923078
E00035792,139,49,16,33,90,87,3,35.25179856115108,11.510791366906476,23.741007194244602,64.74820143884892,62.589928057553955,2.158273381294964
E00035793,161,58,19,39,103,90,13,36.024844720496894,11.801242236024844,24.22360248447205,63.975155279503106,55.90062111801242,8.074534161490684
E00035794,142,47,18,29,95,69,26,33.098591549295776,12.676056338028168,20.422535211267608,66.90140845070422,48.59154929577465,18.30985915492958
E00035795,85,27,6,21,58,50,8,31.76470588235294,7.0588235294117645,24.705882352941178,68.23529411764706,58.82352941176471,9.411764705882353
E00035796,129,45,13,32,84,61,23,34.883720930232556,10.077519379844961,24.8062015503876,65.11627906976744,47.286821705426355,17.829457364341085
E00035797,158,49,16,33,109,92,17,31.0126582278481,10.126582278481013,20.88607594936709,68.9873417721519,58.22784810126582,10.759493670886076
E00035798,127,36,13,23,91,82,9,28.346456692913385,10.236220472440944,18.11023622047244,71.65354330708661,64.56692913385827,7.086614173228346
E00035799,156,59,15,44,97,84,13,37.82051282051282,9.615384615384617,28.205128205128204,62.17948717948718,53.84615384615385,8.333333333333332
E00035800,132,39,15,24,93,84,9,29.545454545454547,11.363636363636363,18.181818181818183,70.45454545454545,63.63636363636363,6.8181818181818175
E00035801,154,44,19,25,110,99,11,28.57142857142857,12.337662337662337,16.233766233766232,71.42857142857143,64.28571428571429,7.142857142857142
E00035802,112,30,6,24,82,78,4,26.785714285714285,5.357142857142857,21.428571428571427,73.21428571428571,69.64285714285714,3.571428571428571
E00035803,160,41,13,28,119,106,13,25.624999999999996,8.125,17.5,74.375,66.25,8.125
E00035804,125,48,14,34,77,61,16,38.4,11.200000000000001,27.200000000000003,61.6,48.8,12.8
E00035805,199,55,13,42,144,104,40,27.63819095477387,6.532663316582915,21.105527638190953,72.36180904522614,52.26130653266332,20.100502512562816
E00035806,131,41,15,26,90,80,10,31.297709923664126,11.450381679389313,19.84732824427481,68.70229007633588,61.06870229007634,7.633587786259542
E00035807,120,46,17,29,74,68,6,38.333333333333336,14.166666666666666,24.166666666666668,61.66666666666667,56.666666666666664,5
E00035808,154,42,11,31,112,100,12,27.27272727272727,7.142857142857142,20.12987012987013,72.72727272727273,64.93506493506493,7.792207792207792
E00035809,145,43,11,32,102,90,12,29.655172413793103,7.586206896551724,22.06896551724138,70.34482758620689,62.06896551724138,8.275862068965518
E00035810,147,35,9,26,112,105,7,23.809523809523807,6.122448979591836,17.687074829931973,76.19047619047619,71.42857142857143,4.761904761904762
E00035811,156,44,12,32,112,102,10,28.205128205128204,7.6923076923076925,20.51282051282051,71.7948717948718,65.38461538461539,6.41025641025641
E00035812,154,47,18,29,107,97,10,30.519480519480517,11.688311688311687,18.83116883116883,69.48051948051948,62.98701298701299,6.493506493506493
E00035813,177,46,13,33,131,114,17,25.98870056497175,7.344632768361582,18.64406779661017,74.01129943502825,64.40677966101694,9.6045197740113
E00035814,130,35,13,22,95,81,14,26.923076923076923,10,16.923076923076923,73.07692307692307,62.30769230769231,10.76923076923077
E00035815,119,40,20,20,79,70,9,33.61344537815126,16.80672268907563,16.80672268907563,66.38655462184873,58.82352941176471,7.563025210084033
E00035816,129,37,15,22,92,75,17,28.68217054263566,11.627906976744185,17.05426356589147,71.31782945736434,58.139534883720934,13.178294573643413
E00035817,225,57,14,43,168,147,21,25.333333333333336,6.222222222222222,19.11111111111111,74.66666666666667,65.33333333333333,9.333333333333334
E00035818,145,40,14,26,105,96,9,27.586206896551722,9.655172413793103,17.93103448275862,72.41379310344827,66.20689655172414,6.206896551724138
E00035819,84,29,8,21,55,44,11,34.523809523809526,9.523809523809524,25,65.47619047619048,52.38095238095239,13.095238095238097
E00035820,136,29,9,20,107,90,17,21.323529411764707,6.61764705882353,14.705882352941178,78.67647058823529,66.17647058823529,12.5
E00035821,109,48,16,32,61,55,6,44.03669724770643,14.678899082568808,29.357798165137616,55.96330275229357,50.45871559633027,5.5045871559633035
E00035822,161,43,9,34,118,98,20,26.70807453416149,5.590062111801243,21.11801242236025,73.29192546583852,60.86956521739131,12.422360248447205
E00035823,150,42,15,27,108,92,16,28.000000000000004,10,18,72,61.33333333333333,10.666666666666668
E00035824,170,46,11,35,124,113,11,27.058823529411764,6.470588235294119,20.588235294117645,72.94117647058823,66.47058823529412,6.470588235294119
E00035825,186,56,20,36,130,110,20,30.107526881720432,10.75268817204301,19.35483870967742,69.89247311827957,59.13978494623656,10.75268817204301
E00035826,165,54,13,41,111,98,13,32.72727272727273,7.878787878787878,24.848484848484848,67.27272727272727,59.3939393939394,7.878787878787878
E00035827,151,42,16,26,109,96,13,27.81456953642384,10.596026490066226,17.218543046357617,72.18543046357617,63.576158940397356,8.609271523178808
E00035828,164,43,18,25,121,105,16,26.21951219512195,10.975609756097562,15.24390243902439,73.78048780487805,64.02439024390245,9.75609756097561
E00035829,148,42,12,30,106,87,19,28.37837837837838,8.108108108108109,20.27027027027027,71.62162162162163,58.78378378378378,12.837837837837837
E00035830,90,22,4,18,68,58,10,24.444444444444443,4.444444444444445,20,75.55555555555556,64.44444444444444,11.11111111111111
E00035831,140,32,11,21,108,98,10,22.857142857142858,7.857142857142857,15,77.14285714285715,70,7.142857142857142
E00035832,139,45,12,33,94,87,7,32.37410071942446,8.633093525179856,23.741007194244602,67.62589928057554,62.589928057553955,5.0359712230215825
E00035833,144,39,10,29,105,92,13,27.083333333333332,6.944444444444445,20.13888888888889,72.91666666666666,63.888888888888886,9.027777777777777
E00035834,161,41,7,34,120,107,13,25.465838509316768,4.3478260869565215,21.11801242236025,74.53416149068323,66.45962732919256,8.074534161490684
E00035835,130,48,11,37,82,76,6,36.92307692307693,8.461538461538462,28.46153846153846,63.07692307692307,58.46153846153847,4.615384615384616
E00035836,159,48,18,30,111,96,15,30.18867924528302,11.320754716981133,18.867924528301888,69.81132075471697,60.37735849056604,9.433962264150944
E00035837,159,43,12,31,116,97,19,27.044025157232703,7.547169811320755,19.49685534591195,72.95597484276729,61.0062893081761,11.949685534591195
E00035838,122,38,10,28,84,77,7,31.147540983606557,8.19672131147541,22.950819672131146,68.85245901639344,63.114754098360656,5.737704918032787
E00035839,134,42,16,26,92,79,13,31.343283582089555,11.940298507462686,19.402985074626866,68.65671641791045,58.95522388059702,9.701492537313433
E00035840,58,13,4,9,45,37,8,22.413793103448278,6.896551724137931,15.517241379310345,77.58620689655173,63.793103448275865,13.793103448275861
E00035841,128,35,11,24,93,78,15,27.34375,8.59375,18.75,72.65625,60.9375,11.71875
E00035842,134,51,17,34,83,61,22,38.059701492537314,12.686567164179104,25.37313432835821,61.940298507462686,45.52238805970149,16.417910447761194
E00035843,99,29,11,18,70,65,5,29.292929292929294,11.11111111111111,18.181818181818183,70.70707070707071,65.65656565656566,5.05050505050505
E00035844,120,47,24,23,73,68,5,39.166666666666664,20,19.166666666666668,60.83333333333333,56.666666666666664,4.166666666666666
E00035845,128,47,20,27,81,72,9,36.71875,15.625,21.09375,63.28125,56.25,7.03125
E00035846,94,30,11,19,64,56,8,31.914893617021278,11.702127659574469,20.212765957446805,68.08510638297872,59.57446808510638,8.51063829787234
E00035847,98,26,6,20,72,61,11,26.53061224489796,6.122448979591836,20.408163265306122,73.46938775510205,62.244897959183675,11.224489795918368
E00035848,130,45,13,32,85,70,15,34.61538461538461,10,24.615384615384617,65.38461538461539,53.84615384615385,11.538461538461538
E00035849,103,35,11,24,68,59,9,33.980582524271846,10.679611650485436,23.300970873786408,66.01941747572816,57.28155339805825,8.737864077669903
E00035850,160,47,24,23,113,87,26,29.375,15,14.374999999999998,70.625,54.37499999999999,16.25
E00035851,122,37,7,30,85,70,15,30.327868852459016,5.737704918032787,24.59016393442623,69.67213114754098,57.377049180327866,12.295081967213115
E00035852,123,44,16,28,79,65,14,35.77235772357724,13.008130081300814,22.76422764227642,64.22764227642277,52.84552845528455,11.38211382113821
E00035853,114,39,16,23,75,64,11,34.21052631578947,14.035087719298245,20.175438596491226,65.78947368421053,56.14035087719298,9.649122807017543
E00035854,130,36,16,20,94,78,16,27.692307692307693,12.307692307692308,15.384615384615385,72.3076923076923,60,12.307692307692308
E00035855,132,48,26,22,84,75,9,36.36363636363637,19.696969696969695,16.666666666666664,63.63636363636363,56.81818181818182,6.8181818181818175
E00035856,146,44,13,31,102,97,5,30.136986301369863,8.904109589041095,21.232876712328768,69.86301369863014,66.43835616438356,3.4246575342465753
E00035857,138,47,15,32,91,83,8,34.05797101449276,10.869565217391305,23.18840579710145,65.94202898550725,60.14492753623188,5.797101449275362
E00035858,102,37,8,29,65,54,11,36.27450980392157,7.8431372549019605,28.431372549019606,63.725490196078425,52.94117647058824,10.784313725490197
E00035859,191,64,21,43,127,117,10,33.50785340314136,10.99476439790576,22.5130890052356,66.49214659685863,61.25654450261781,5.2356020942408374
E00035860,143,42,13,29,101,90,11,29.37062937062937,9.090909090909092,20.27972027972028,70.62937062937063,62.93706293706294,7.6923076923076925
E00035861,123,34,11,23,89,82,7,27.64227642276423,8.94308943089431,18.69918699186992,72.35772357723577,66.66666666666666,5.691056910569105
E00035862,125,42,17,25,83,66,17,33.6,13.600000000000001,20,66.4,52.800000000000004,13.600000000000001
E00035863,143,44,18,26,99,81,18,30.76923076923077,12.587412587412588,18.181818181818183,69.23076923076923,56.64335664335665,12.587412587412588
E00035864,122,45,16,29,77,60,17,36.885245901639344,13.114754098360656,23.770491803278688,63.114754098360656,49.18032786885246,13.934426229508196
E00035865,46,18,4,14,28,24,4,39.130434782608695,8.695652173913043,30.434782608695656,60.86956521739131,52.17391304347826,8.695652173913043
E00035866,148,37,10,27,111,87,24,25,6.756756756756757,18.243243243243242,75,58.78378378378378,16.216216216216218
E00035867,163,51,18,33,112,99,13,31.28834355828221,11.042944785276074,20.245398773006134,68.71165644171779,60.73619631901841,7.975460122699387
E00035868,155,45,16,29,110,98,12,29.03225806451613,10.32258064516129,18.70967741935484,70.96774193548387,63.2258064516129,7.741935483870968
E00035869,123,45,16,29,78,59,19,36.58536585365854,13.008130081300814,23.577235772357724,63.41463414634146,47.96747967479675,15.447154471544716
E00035870,102,38,13,25,64,54,10,37.254901960784316,12.745098039215685,24.509803921568626,62.745098039215684,52.94117647058824,9.803921568627452
E00035871,106,43,18,25,63,62,1,40.56603773584906,16.9811320754717,23.58490566037736,59.43396226415094,58.490566037735846,0.9433962264150944
E00035872,140,46,18,28,94,69,25,32.857142857142854,12.857142857142856,20,67.14285714285714,49.28571428571429,17.857142857142858
E00035873,138,44,13,31,94,78,16,31.88405797101449,9.420289855072465,22.463768115942027,68.11594202898551,56.52173913043478,11.594202898550725
E00035874,168,83,42,41,85,74,11,49.404761904761905,25,24.404761904761905,50.595238095238095,44.047619047619044,6.547619047619048
E00035875,93,36,15,21,57,46,11,38.70967741935484,16.129032258064516,22.58064516129032,61.29032258064516,49.46236559139785,11.827956989247312
E00035876,119,43,14,29,76,56,20,36.134453781512605,11.76470588235294,24.369747899159663,63.86554621848739,47.05882352941176,16.80672268907563
E00035877,69,29,12,17,40,32,8,42.028985507246375,17.391304347826086,24.637681159420293,57.971014492753625,46.3768115942029,11.594202898550725
E00035878,143,45,10,35,98,89,9,31.46853146853147,6.993006993006993,24.475524475524477,68.53146853146853,62.23776223776224,6.293706293706294
E00035879,233,66,21,45,167,136,31,28.32618025751073,9.012875536480687,19.313304721030043,71.67381974248927,58.36909871244635,13.304721030042918
E00035880,119,41,16,25,78,69,9,34.45378151260504,13.445378151260504,21.008403361344538,65.54621848739495,57.98319327731093,7.563025210084033
E00035881,200,52,19,33,148,130,18,26,9.5,16.5,74,65,9
E00035882,127,30,10,20,97,79,18,23.62204724409449,7.874015748031496,15.748031496062993,76.37795275590551,62.20472440944882,14.173228346456693
E00035883,90,30,6,24,60,55,5,33.33333333333333,6.666666666666667,26.666666666666668,66.66666666666666,61.111111111111114,5.555555555555555
E00035884,121,50,16,34,71,60,11,41.32231404958678,13.223140495867769,28.09917355371901,58.67768595041323,49.586776859504134,9.090909090909092
E00035885,126,35,11,24,91,76,15,27.77777777777778,8.73015873015873,19.047619047619047,72.22222222222221,60.317460317460316,11.904761904761903
E00035886,130,51,8,43,79,61,18,39.23076923076923,6.153846153846154,33.07692307692307,60.76923076923077,46.92307692307692,13.846153846153847
E00035887,108,32,6,26,76,68,8,29.629629629629626,5.555555555555555,24.074074074074073,70.37037037037037,62.96296296296296,7.4074074074074066
E00035888,98,36,11,25,62,58,4,36.734693877551024,11.224489795918368,25.510204081632654,63.26530612244898,59.183673469387756,4.081632653061225
E00035889,124,47,9,38,77,67,10,37.903225806451616,7.258064516129033,30.64516129032258,62.096774193548384,54.03225806451613,8.064516129032258
E00035890,124,30,12,18,94,87,7,24.193548387096776,9.67741935483871,14.516129032258066,75.80645161290323,70.16129032258065,5.64516129032258
E00035891,147,55,9,46,92,83,9,37.41496598639456,6.122448979591836,31.292517006802722,62.585034013605444,56.4625850340136,6.122448979591836
E00035892,72,22,6,16,50,44,6,30.555555555555557,8.333333333333332,22.22222222222222,69.44444444444444,61.111111111111114,8.333333333333332
E00035893,129,48,13,35,81,71,10,37.2093023255814,10.077519379844961,27.131782945736433,62.7906976744186,55.03875968992248,7.751937984496124
E00035894,131,46,15,31,85,77,8,35.11450381679389,11.450381679389313,23.66412213740458,64.8854961832061,58.778625954198475,6.106870229007633
E00035895,106,43,14,29,63,61,2,40.56603773584906,13.20754716981132,27.358490566037734,59.43396226415094,57.54716981132076,1.8867924528301887
E00035896,118,37,10,27,81,75,6,31.35593220338983,8.47457627118644,22.88135593220339,68.64406779661016,63.559322033898304,5.084745762711865
E00035897,199,67,17,50,132,119,13,33.66834170854271,8.542713567839195,25.125628140703515,66.33165829145729,59.798994974874375,6.532663316582915
E00035898,129,38,6,32,91,80,11,29.457364341085274,4.651162790697675,24.8062015503876,70.54263565891473,62.01550387596899,8.527131782945736
E00035899,135,42,7,35,93,79,14,31.11111111111111,5.185185185185185,25.925925925925924,68.88888888888889,58.51851851851851,10.37037037037037
E00035900,56,11,6,5,45,42,3,19.642857142857142,10.714285714285714,8.928571428571429,80.35714285714286,75,5.357142857142857
E00035901,105,41,10,31,64,57,7,39.04761904761905,9.523809523809524,29.523809523809526,60.952380952380956,54.285714285714285,6.666666666666667
E00035903,68,20,3,17,48,48,0,29.411764705882355,4.411764705882353,25,70.58823529411765,70.58823529411765,0
E00035904,127,49,9,40,78,73,5,38.582677165354326,7.086614173228346,31.496062992125985,61.417322834645674,57.48031496062992,3.937007874015748
E00035905,125,34,13,21,91,77,14,27.200000000000003,10.4,16.8,72.8,61.6,11.200000000000001
E00035907,157,47,11,36,110,99,11,29.936305732484076,7.006369426751593,22.929936305732486,70.06369426751591,63.05732484076433,7.006369426751593
E00035908,113,31,6,25,82,68,14,27.43362831858407,5.3097345132743365,22.123893805309734,72.56637168141593,60.17699115044248,12.389380530973451
E00035909,88,32,9,23,56,49,7,36.36363636363637,10.227272727272728,26.136363636363637,63.63636363636363,55.68181818181818,7.954545454545454
E00035910,72,25,6,19,47,41,6,34.72222222222222,8.333333333333332,26.38888888888889,65.27777777777779,56.94444444444444,8.333333333333332
E00035911,169,46,10,36,123,109,14,27.218934911242602,5.9171597633136095,21.301775147928996,72.7810650887574,64.49704142011834,8.284023668639055
E00035912,150,40,9,31,110,97,13,26.666666666666668,6,20.666666666666668,73.33333333333333,64.66666666666666,8.666666666666668
E00035913,116,38,10,28,78,67,11,32.758620689655174,8.620689655172415,24.137931034482758,67.24137931034483,57.758620689655174,9.482758620689655
E00035914,116,44,7,37,72,70,2,37.93103448275862,6.0344827586206895,31.896551724137932,62.06896551724138,60.3448275862069,1.7241379310344827
E00035915,111,35,6,29,76,64,12,31.53153153153153,5.405405405405405,26.126126126126124,68.46846846846847,57.65765765765766,10.81081081081081
E00035916,116,35,14,21,81,70,11,30.17241379310345,12.068965517241379,18.103448275862068,69.82758620689656,60.3448275862069,9.482758620689655
E00035917,131,36,5,31,95,88,7,27.480916030534353,3.816793893129771,23.66412213740458,72.51908396946564,67.17557251908397,5.343511450381679
E00035918,94,41,13,28,53,47,6,43.61702127659575,13.829787234042554,29.78723404255319,56.38297872340425,50,6.382978723404255
E00035919,132,48,16,32,84,76,8,36.36363636363637,12.121212121212121,24.242424242424242,63.63636363636363,57.57575757575758,6.0606060606060606
E00035920,95,33,10,23,62,51,11,34.73684210526316,10.526315789473683,24.210526315789473,65.26315789473685,53.68421052631579,11.578947368421053
E00035921,124,51,8,43,73,66,7,41.12903225806452,6.451612903225806,34.67741935483871,58.87096774193549,53.2258064516129,5.64516129032258
E00035922,42,9,0,9,33,32,1,21.428571428571427,0,21.428571428571427,78.57142857142857,76.19047619047619,2.380952380952381
E00035923,116,23,13,10,93,87,6,19.82758620689655,11.206896551724139,8.620689655172415,80.17241379310344,75,5.172413793103448
E00035924,81,21,4,17,60,55,5,25.925925925925924,4.938271604938271,20.98765432098765,74.07407407407408,67.90123456790124,6.172839506172839
E00035925,93,37,5,32,56,51,5,39.784946236559136,5.376344086021505,34.40860215053764,60.215053763440864,54.83870967741935,5.376344086021505
E00035926,95,25,7,18,70,60,10,26.31578947368421,7.368421052631578,18.947368421052634,73.68421052631578,63.1578947368421,10.526315789473683
E00035927,90,22,4,18,68,65,3,24.444444444444443,4.444444444444445,20,75.55555555555556,72.22222222222221,3.3333333333333335
E00035928,147,43,11,32,104,90,14,29.25170068027211,7.482993197278912,21.768707482993197,70.74829931972789,61.224489795918366,9.523809523809524
E00035929,113,36,9,27,77,68,9,31.858407079646017,7.964601769911504,23.893805309734514,68.14159292035397,60.17699115044248,7.964601769911504
E00035930,144,37,10,27,107,93,14,25.694444444444443,6.944444444444445,18.75,74.30555555555556,64.58333333333334,9.722222222222223
E00035931,134,35,11,24,99,83,16,26.119402985074625,8.208955223880597,17.91044776119403,73.88059701492537,61.940298507462686,11.940298507462686
E00035932,104,23,8,15,81,73,8,22.115384615384613,7.6923076923076925,14.423076923076922,77.88461538461539,70.1923076923077,7.6923076923076925
E00035933,150,56,18,38,94,87,7,37.333333333333336,12,25.333333333333336,62.66666666666667,57.99999999999999,4.666666666666667
E00035934,113,28,10,18,85,76,9,24.778761061946902,8.849557522123893,15.929203539823009,75.22123893805309,67.2566371681416,7.964601769911504
E00035935,121,39,10,29,82,74,8,32.231404958677686,8.264462809917356,23.96694214876033,67.76859504132231,61.15702479338842,6.6115702479338845
E00035936,141,40,11,29,101,89,12,28.368794326241137,7.801418439716312,20.56737588652482,71.63120567375887,63.12056737588653,8.51063829787234
E00035937,166,45,15,30,121,111,10,27.10843373493976,9.036144578313253,18.072289156626507,72.89156626506023,66.86746987951807,6.024096385542169
E00035938,105,34,10,24,71,67,4,32.38095238095238,9.523809523809524,22.857142857142858,67.61904761904762,63.8095238095238,3.8095238095238098
E00035939,117,43,10,33,74,74,0,36.75213675213676,8.547008547008547,28.205128205128204,63.24786324786324,63.24786324786324,0
E00035940,150,39,9,30,111,101,10,26,6,20,74,67.33333333333333,6.666666666666667
E00035941,141,38,6,32,103,96,7,26.95035460992908,4.25531914893617,22.69503546099291,73.04964539007092,68.08510638297872,4.964539007092199
E00035942,54,21,4,17,33,28,5,38.88888888888889,7.4074074074074066,31.48148148148148,61.111111111111114,51.85185185185185,9.25925925925926
E00035943,130,41,14,27,89,74,15,31.538461538461537,10.76923076923077,20.76923076923077,68.46153846153847,56.92307692307692,11.538461538461538
E00035944,289,68,19,49,221,190,31,23.52941176470588,6.5743944636678195,16.955017301038062,76.47058823529412,65.7439446366782,10.726643598615917
E00035946,128,34,6,28,94,81,13,26.5625,4.6875,21.875,73.4375,63.28125,10.15625
E00035947,115,42,9,33,73,62,11,36.52173913043478,7.82608695652174,28.695652173913043,63.47826086956522,53.91304347826087,9.565217391304348
E00035948,136,39,13,26,97,86,11,28.676470588235293,9.558823529411764,19.11764705882353,71.32352941176471,63.23529411764706,8.088235294117647
E00035949,109,35,12,23,74,68,6,32.11009174311927,11.009174311926607,21.100917431192663,67.88990825688074,62.38532110091744,5.5045871559633035
E00035950,146,35,11,24,111,92,19,23.972602739726025,7.534246575342466,16.43835616438356,76.02739726027397,63.013698630136986,13.013698630136986
E00035951,117,39,17,22,78,66,12,33.33333333333333,14.529914529914532,18.803418803418804,66.66666666666666,56.41025641025641,10.256410256410255
E00035952,111,39,9,30,72,63,9,35.13513513513514,8.108108108108109,27.027027027027028,64.86486486486487,56.75675675675676,8.108108108108109
E00035953,148,37,17,20,111,101,10,25,11.486486486486488,13.513513513513514,75,68.24324324324324,6.756756756756757
E00035954,134,34,17,17,100,90,10,25.37313432835821,12.686567164179104,12.686567164179104,74.6268656716418,67.16417910447761,7.462686567164178
E00035955,139,35,13,22,104,96,8,25.179856115107913,9.352517985611511,15.827338129496402,74.82014388489209,69.06474820143885,5.755395683453238
E00035956,122,37,4,33,85,77,8,30.327868852459016,3.278688524590164,27.049180327868854,69.67213114754098,63.114754098360656,6.557377049180328
E00035957,171,50,11,39,121,111,10,29.239766081871345,6.432748538011696,22.807017543859647,70.76023391812866,64.91228070175438,5.847953216374268
E00035958,96,25,8,17,71,63,8,26.041666666666668,8.333333333333332,17.708333333333336,73.95833333333334,65.625,8.333333333333332
E00035959,80,24,7,17,56,48,8,30,8.75,21.25,70,60,10
E00035960,154,51,21,30,103,96,7,33.116883116883116,13.636363636363635,19.480519480519483,66.88311688311688,62.33766233766234,4.545454545454546
E00035961,99,30,9,21,69,64,5,30.303030303030305,9.090909090909092,21.21212121212121,69.6969696969697,64.64646464646465,5.05050505050505
E00035962,122,28,6,22,94,83,11,22.950819672131146,4.918032786885246,18.0327868852459,77.04918032786885,68.0327868852459,9.01639344262295
E00035963,148,38,9,29,110,97,13,25.675675675675674,6.081081081081082,19.594594594594593,74.32432432432432,65.54054054054053,8.783783783783784
E00035964,125,30,8,22,95,85,10,24,6.4,17.599999999999998,76,68,8
E00035965,172,46,17,29,126,99,27,26.744186046511626,9.883720930232558,16.86046511627907,73.25581395348837,57.55813953488372,15.69767441860465
E00035966,105,34,14,20,71,62,9,32.38095238095238,13.333333333333334,19.047619047619047,67.61904761904762,59.04761904761905,8.571428571428571
E00035967,137,40,14,26,97,87,10,29.1970802919708,10.218978102189782,18.97810218978102,70.8029197080292,63.503649635036496,7.2992700729927
E00035968,150,57,15,42,93,83,10,38,10,28.000000000000004,62,55.333333333333336,6.666666666666667
E00035969,130,39,9,30,91,73,18,30,6.923076923076923,23.076923076923077,70,56.15384615384615,13.846153846153847
E00035970,125,28,10,18,97,89,8,22.400000000000002,8,14.399999999999999,77.60000000000001,71.2,6.4
E00035971,123,36,14,22,87,66,21,29.268292682926827,11.38211382113821,17.88617886178862,70.73170731707317,53.65853658536586,17.073170731707318
E00035972,189,60,20,40,129,108,21,31.746031746031743,10.582010582010582,21.164021164021165,68.25396825396825,57.14285714285714,11.11111111111111
E00035973,195,54,17,37,141,125,16,27.692307692307693,8.717948717948717,18.974358974358974,72.3076923076923,64.1025641025641,8.205128205128204
E00035974,190,53,15,38,137,121,16,27.89473684210526,7.894736842105263,20,72.10526315789474,63.68421052631579,8.421052631578947
E00035975,87,29,7,22,58,47,11,33.33333333333333,8.045977011494253,25.287356321839084,66.66666666666666,54.02298850574713,12.643678160919542
E00035976,156,50,7,43,106,96,10,32.05128205128205,4.487179487179487,27.564102564102566,67.94871794871796,61.53846153846154,6.41025641025641
E00035977,164,52,20,32,112,92,20,31.70731707317073,12.195121951219512,19.51219512195122,68.29268292682927,56.09756097560976,12.195121951219512
E00035978,156,42,17,25,114,102,12,26.923076923076923,10.897435897435898,16.025641025641026,73.07692307692307,65.38461538461539,7.6923076923076925
E00035979,184,51,12,39,133,119,14,27.717391304347828,6.521739130434782,21.195652173913043,72.28260869565217,64.67391304347827,7.608695652173914
E00035980,174,52,17,35,122,109,13,29.88505747126437,9.770114942528735,20.114942528735632,70.11494252873564,62.643678160919535,7.471264367816093
E00035981,163,45,14,31,118,103,15,27.607361963190186,8.588957055214724,19.018404907975462,72.39263803680981,63.190184049079754,9.202453987730062
E00035982,184,59,23,36,125,112,13,32.065217391304344,12.5,19.565217391304348,67.93478260869566,60.86956521739131,7.065217391304348
E00035983,133,39,14,25,94,80,14,29.32330827067669,10.526315789473683,18.796992481203006,70.67669172932331,60.150375939849624,10.526315789473683
E00035984,143,38,11,27,105,88,17,26.573426573426573,7.6923076923076925,18.88111888111888,73.42657342657343,61.53846153846154,11.888111888111888
E00035985,138,34,6,28,104,93,11,24.637681159420293,4.3478260869565215,20.28985507246377,75.36231884057972,67.3913043478261,7.971014492753622
E00035986,177,48,13,35,129,112,17,27.11864406779661,7.344632768361582,19.774011299435028,72.88135593220339,63.2768361581921,9.6045197740113
E00035987,156,26,6,20,130,118,12,16.666666666666664,3.8461538461538463,12.82051282051282,83.33333333333334,75.64102564102564,7.6923076923076925
E00035988,149,43,14,29,106,93,13,28.859060402684566,9.395973154362416,19.463087248322147,71.14093959731544,62.41610738255034,8.724832214765101
E00035989,171,42,7,35,129,110,19,24.561403508771928,4.093567251461988,20.46783625730994,75.43859649122807,64.32748538011695,11.11111111111111
E00035990,171,44,9,35,127,108,19,25.730994152046783,5.263157894736842,20.46783625730994,74.26900584795322,63.1578947368421,11.11111111111111
E00035991,155,48,16,32,107,90,17,30.967741935483872,10.32258064516129,20.64516129032258,69.03225806451613,58.06451612903226,10.967741935483872
E00035992,174,46,15,31,128,112,16,26.436781609195403,8.620689655172415,17.81609195402299,73.5632183908046,64.36781609195403,9.195402298850574
E00035993,154,38,13,25,116,104,12,24.675324675324674,8.441558441558442,16.233766233766232,75.32467532467533,67.53246753246754,7.792207792207792
E00035994,159,46,13,33,113,101,12,28.930817610062892,8.176100628930817,20.754716981132077,71.0691823899371,63.52201257861635,7.547169811320755
E00035995,137,40,12,28,97,88,9,29.1970802919708,8.75912408759124,20.437956204379564,70.8029197080292,64.23357664233576,6.569343065693431
E00035996,150,42,15,27,108,92,16,28.000000000000004,10,18,72,61.33333333333333,10.666666666666668
E00035997,182,45,7,38,137,114,23,24.725274725274726,3.8461538461538463,20.87912087912088,75.27472527472527,62.637362637362635,12.637362637362637
E00035998,189,64,22,42,125,116,9,33.86243386243386,11.64021164021164,22.22222222222222,66.13756613756614,61.37566137566137,4.761904761904762
E00035999,168,36,18,18,132,113,19,21.428571428571427,10.714285714285714,10.714285714285714,78.57142857142857,67.26190476190477,11.30952380952381
E00036000,58,18,3,15,40,39,1,31.03448275862069,5.172413793103448,25.862068965517242,68.96551724137932,67.24137931034483,1.7241379310344827
E00036001,182,50,18,32,132,107,25,27.472527472527474,9.89010989010989,17.582417582417584,72.52747252747253,58.791208791208796,13.736263736263737
E00036002,313,86,29,57,227,192,35,27.47603833865815,9.26517571884984,18.210862619808307,72.52396166134186,61.34185303514377,11.182108626198083
E00036003,142,37,11,26,105,98,7,26.056338028169012,7.746478873239436,18.30985915492958,73.94366197183099,69.01408450704226,4.929577464788732
E00036004,200,55,12,43,145,120,25,27.500000000000004,6,21.5,72.5,60,12.5
E00036005,136,35,8,27,101,85,16,25.735294117647058,5.88235294117647,19.852941176470587,74.26470588235294,62.5,11.76470588235294
E00036006,156,33,5,28,123,107,16,21.153846153846153,3.205128205128205,17.94871794871795,78.84615384615384,68.58974358974359,10.256410256410255
E00036007,119,35,13,22,84,71,13,29.411764705882355,10.92436974789916,18.487394957983195,70.58823529411765,59.66386554621849,10.92436974789916
E00036008,169,47,16,31,122,110,12,27.810650887573964,9.467455621301776,18.34319526627219,72.18934911242604,65.08875739644971,7.100591715976331
E00036009,136,50,10,40,86,77,9,36.76470588235294,7.352941176470589,29.411764705882355,63.23529411764706,56.61764705882353,6.61764705882353
E00170477,182,46,11,35,136,118,18,25.274725274725274,6.043956043956044,19.230769230769234,74.72527472527473,64.83516483516483,9.89010989010989
E00170478,226,60,16,44,166,143,23,26.548672566371685,7.079646017699115,19.469026548672566,73.45132743362832,63.27433628318584,10.176991150442479
E00170479,139,36,13,23,103,92,11,25.899280575539567,9.352517985611511,16.546762589928058,74.10071942446042,66.18705035971223,7.913669064748201
E00170480,69,18,13,5,51,35,16,26.08695652173913,18.84057971014493,7.246376811594203,73.91304347826086,50.72463768115942,23.18840579710145
E00170481,113,32,12,20,81,72,9,28.31858407079646,10.619469026548673,17.699115044247787,71.68141592920354,63.716814159292035,7.964601769911504
E00170482,94,35,10,25,59,49,10,37.234042553191486,10.638297872340425,26.595744680851062,62.76595744680851,52.12765957446809,10.638297872340425
E00170483,142,46,8,38,96,88,8,32.3943661971831,5.633802816901409,26.76056338028169,67.6056338028169,61.97183098591549,5.633802816901409
E00170484,144,41,10,31,103,98,5,28.47222222222222,6.944444444444445,21.52777777777778,71.52777777777779,68.05555555555556,3.4722222222222223
E00170485,165,63,17,46,102,93,9,38.18181818181819,10.303030303030303,27.878787878787882,61.81818181818181,56.36363636363636,5.454545454545454
E00170487,249,74,17,57,175,162,13,29.71887550200803,6.827309236947792,22.89156626506024,70.28112449799197,65.06024096385542,5.220883534136546
E00170488,163,48,13,35,115,101,14,29.447852760736197,7.975460122699387,21.472392638036812,70.5521472392638,61.963190184049076,8.588957055214724
E00170489,85,22,6,16,63,52,11,25.882352941176475,7.0588235294117645,18.823529411764707,74.11764705882354,61.1764705882353,12.941176470588237
E00170490,112,32,7,25,80,75,5,28.57142857142857,6.25,22.321428571428573,71.42857142857143,66.96428571428571,4.464285714285714
E00170491,159,44,10,34,115,105,10,27.67295597484277,6.289308176100629,21.38364779874214,72.32704402515722,66.0377358490566,6.289308176100629
E00170493,195,50,14,36,145,128,17,25.64102564102564,7.179487179487179,18.461538461538463,74.35897435897436,65.64102564102564,8.717948717948717
E00170494,61,21,4,17,40,36,4,34.42622950819672,6.557377049180328,27.86885245901639,65.57377049180327,59.01639344262295,6.557377049180328
E00176985,182,63,18,45,119,104,15,34.61538461538461,9.89010989010989,24.725274725274726,65.38461538461539,57.14285714285714,8.241758241758241
E00176986,212,71,31,40,141,130,11,33.490566037735846,14.622641509433961,18.867924528301888,66.50943396226415,61.32075471698113,5.188679245283019
E00176989,92,20,9,11,72,60,12,21.73913043478261,9.782608695652174,11.956521739130435,78.26086956521739,65.21739130434783,13.043478260869565
E00176991,134,36,8,28,98,87,11,26.865671641791046,5.970149253731343,20.8955223880597,73.13432835820896,64.92537313432835,8.208955223880597
E00176992,187,43,13,30,144,129,15,22.994652406417114,6.951871657754011,16.042780748663102,77.00534759358288,68.98395721925134,8.0213903743315509
E00176993,18,5,2,3,13,11,2,27.77777777777778,11.11111111111111,16.666666666666664,72.22222222222221,61.111111111111114,11.11111111111111
E00176994,69,28,8,20,41,37,4,40.57971014492754,11.594202898550725,28.985507246376812,59.42028985507246,53.62318840579711,5.797101449275362
E00176996,167,61,10,51,106,87,19,36.52694610778443,5.9880239520958085,30.538922155688624,63.47305389221557,52.09580838323353,11.377245508982035
E00177001,220,61,13,48,159,141,18,27.727272727272727,5.909090909090909,21.818181818181817,72.27272727272728,64.0909090909091,8.181818181818182
E00177003,303,77,20,57,226,214,12,25.412541254125415,6.6006600660066,18.81188118811881,74.58745874587459,70.62706270627062,3.9603960396039604
E00177004,78,28,8,20,50,47,3,35.8974358974359,10.256410256410255,25.64102564102564,64.1025641025641,60.256410256410255,3.8461538461538463
E00177005,65,19,6,13,46,38,8,29.230769230769234,9.230769230769232,20,70.76923076923077,58.46153846153847,12.307692307692308
E00177007,196,55,16,39,141,127,14,28.061224489795915,8.16326530612245,19.897959183673468,71.93877551020408,64.79591836734694,7.142857142857142
E00177008,113,37,11,26,76,62,14,32.743362831858406,9.734513274336283,23.008849557522122,67.2566371681416,54.86725663716814,12.389380530973451
E00177009,327,79,9,70,248,227,21,24.159021406727827,2.7522935779816518,21.406727828746178,75.84097859327217,69.41896024464832,6.422018348623854
E00177013,109,40,14,26,69,64,5,36.69724770642202,12.844036697247708,23.853211009174313,63.30275229357798,58.71559633027523,4.587155963302752
E00177015,167,47,14,33,120,107,13,28.143712574850298,8.383233532934131,19.760479041916167,71.8562874251497,64.07185628742515,7.784431137724551
E00177016,257,48,12,36,209,181,28,18.67704280155642,4.669260700389105,14.007782101167315,81.32295719844358,70.42801556420234,10.894941634241246
E00177018,133,16,3,13,117,104,13,12.030075187969924,2.2556390977443606,9.774436090225564,87.96992481203007,78.19548872180451,9.774436090225564
E00177022,125,32,12,20,93,82,11,25.6,9.6,16,74.4,65.60000000000001,8.799999999999999
E00177025,327,74,22,52,253,218,35,22.629969418960243,6.727828746177369,15.902140672782874,77.37003058103976,66.66666666666666,10.703363914373089
E00177026,67,22,8,14,45,45,0,32.83582089552239,11.940298507462686,20.8955223880597,67.16417910447761,67.16417910447761,0
E00177027,60,21,3,18,39,34,5,35,5,30,65,56.666666666666664,8.333333333333332
