OA,ts0590001,ts0590002,ts0590003,ts0590004,ts0590005,ts0590006,ts0590007,ts0590002_PCT,ts0590003_PCT,ts0590004_PCT,ts0590005_PCT,ts0590006_PCT,ts0590007_PCT
E00051759,74,16,4,12,58,50,8,21.62162162162162,5.405405405405405,16.216216216216218,78.37837837837837,67.56756756756756,10.81081081081081
E00051760,118,53,19,34,65,53,12,44.91525423728814,16.101694915254235,28.8135593220339,55.08474576271186,44.91525423728814,10.16949152542373
E00051761,103,20,6,14,83,71,12,19.41747572815534,5.825242718446602,13.592233009708737,80.58252427184466,68.93203883495146,11.650485436893204
E00051762,155,46,17,29,109,88,21,29.677419354838708,10.967741935483872,18.70967741935484,70.3225806451613,56.774193548387096,13.548387096774196
E00051763,158,52,19,33,106,94,12,32.91139240506329,12.025316455696203,20.88607594936709,67.08860759493672,59.49367088607595,7.59493670886076
E00051764,142,47,11,36,95,85,10,33.098591549295776,7.746478873239436,25.352112676056336,66.90140845070422,59.859154929577464,7.042253521126761
E00051765,116,37,13,24,79,69,10,31.896551724137932,11.206896551724139,20.689655172413794,68.10344827586206,59.48275862068966,8.620689655172415
E00051766,197,57,18,39,140,118,22,28.934010152284262,9.137055837563452,19.796954314720814,71.06598984771574,59.89847715736041,11.16751269035533
E00051767,134,45,17,28,89,73,16,33.582089552238806,12.686567164179104,20.8955223880597,66.4179104477612,54.47761194029851,11.940298507462686
E00051768,157,38,12,26,119,107,12,24.203821656050955,7.643312101910828,16.560509554140125,75.79617834394905,68.15286624203821,7.643312101910828
E00051769,98,29,10,19,69,61,8,29.591836734693878,10.204081632653061,19.387755102040817,70.40816326530613,62.244897959183675,8.16326530612245
E00051770,142,41,13,28,101,91,10,28.87323943661972,9.15492957746479,19.718309859154928,71.12676056338029,64.08450704225352,7.042253521126761
E00051771,219,71,29,42,148,124,24,32.42009132420091,13.24200913242009,19.17808219178082,67.57990867579909,56.62100456621004,10.95890410958904
E00051772,198,56,12,44,142,122,20,28.28282828282828,6.0606060606060606,22.22222222222222,71.71717171717171,61.61616161616161,10.1010101010101
E00051773,153,37,14,23,116,101,15,24.183006535947712,9.15032679738562,15.032679738562091,75.81699346405229,66.01307189542483,9.803921568627452
E00051774,150,48,18,30,102,93,9,32,12,20,68,62,6
E00051775,119,34,9,25,85,76,9,28.57142857142857,7.563025210084033,21.008403361344538,71.42857142857143,63.86554621848739,7.563025210084033
E00051776,133,41,13,28,92,86,6,30.82706766917293,9.774436090225564,21.052631578947366,69.17293233082707,64.66165413533834,4.511278195488721
E00051777,122,37,13,24,85,70,15,30.327868852459016,10.655737704918032,19.672131147540984,69.67213114754098,57.377049180327866,12.295081967213115
E00051778,153,48,20,28,105,91,14,31.372549019607842,13.071895424836603,18.30065359477124,68.62745098039215,59.47712418300654,9.15032679738562
E00051779,204,62,24,38,142,120,22,30.392156862745097,11.76470588235294,18.627450980392158,69.6078431372549,58.82352941176471,10.784313725490197
E00051780,163,54,25,29,109,91,18,33.12883435582822,15.337423312883436,17.791411042944784,66.87116564417178,55.828220858895705,11.042944785276074
E00051781,168,41,12,29,127,118,9,24.404761904761905,7.142857142857142,17.261904761904763,75.59523809523809,70.23809523809523,5.357142857142857
E00051782,136,29,9,20,107,100,7,21.323529411764707,6.61764705882353,14.705882352941178,78.67647058823529,73.52941176470588,5.147058823529411
E00051783,105,33,7,26,72,59,13,31.428571428571427,6.666666666666667,24.761904761904763,68.57142857142857,56.19047619047619,12.380952380952381
E00051784,67,25,9,16,42,39,3,37.3134328358209,13.432835820895523,23.88059701492537,62.68656716417911,58.2089552238806,4.477611940298507
E00051785,240,77,39,38,163,119,44,32.083333333333336,16.25,15.833333333333332,67.91666666666667,49.583333333333336,18.333333333333332
E00051786,125,38,14,24,87,73,14,30.4,11.200000000000001,19.2,69.6,58.4,11.200000000000001
E00051787,115,38,10,28,77,71,6,33.04347826086956,8.695652173913043,24.347826086956523,66.95652173913044,61.73913043478261,5.217391304347826
E00051788,91,26,12,14,65,52,13,28.57142857142857,13.186813186813188,15.384615384615385,71.42857142857143,57.14285714285714,14.285714285714285
E00051789,155,51,13,38,104,88,16,32.903225806451616,8.38709677419355,24.516129032258064,67.0967741935484,56.774193548387096,10.32258064516129
E00051791,137,34,10,24,103,87,16,24.817518248175183,7.2992700729927,17.51824817518248,75.18248175182481,63.503649635036496,11.678832116788321
E00051793,95,26,10,16,69,55,14,27.368421052631582,10.526315789473683,16.842105263157894,72.63157894736842,57.89473684210527,14.736842105263156
E00051794,30,11,5,6,19,19,0,36.666666666666664,16.666666666666664,20,63.33333333333333,63.33333333333333,0
E00051795,80,34,12,22,46,41,5,42.5,15,27.500000000000004,57.49999999999999,51.24999999999999,6.25
E00051796,121,39,12,27,82,72,10,32.231404958677686,9.917355371900827,22.31404958677686,67.76859504132231,59.50413223140496,8.264462809917356
E00051797,142,33,12,21,109,89,20,23.239436619718308,8.450704225352112,14.788732394366196,76.76056338028168,62.676056338028175,14.084507042253522
E00051798,93,35,14,21,58,47,11,37.634408602150536,15.053763440860216,22.58064516129032,62.365591397849464,50.53763440860215,11.827956989247312
E00051799,100,30,7,23,70,60,10,30,7.000000000000001,23,70,60,10
E00051800,128,47,19,28,81,75,6,36.71875,14.84375,21.875,63.28125,58.59375,4.6875
E00051801,128,48,11,37,80,68,12,37.5,8.59375,28.90625,62.5,53.125,9.375
E00051802,281,76,19,57,205,179,26,27.046263345195733,6.761565836298933,20.284697508896798,72.95373665480427,63.70106761565836,9.252669039145907
E00051803,179,54,19,35,125,106,19,30.16759776536313,10.614525139664805,19.553072625698324,69.83240223463687,59.217877094972074,10.614525139664805
E00051804,99,18,5,13,81,73,8,18.181818181818183,5.05050505050505,13.131313131313133,81.81818181818183,73.73737373737373,8.080808080808081
E00051805,151,43,13,30,108,89,19,28.47682119205298,8.609271523178808,19.867549668874172,71.52317880794702,58.94039735099338,12.582781456953644
E00051806,70,27,8,19,43,35,8,38.57142857142858,11.428571428571429,27.142857142857142,61.42857142857143,50,11.428571428571429
E00051807,203,68,28,40,135,107,28,33.497536945812804,13.793103448275861,19.704433497536947,66.50246305418719,52.70935960591133,13.793103448275861
E00051808,117,29,11,18,88,76,12,24.786324786324787,9.401709401709402,15.384615384615385,75.21367521367522,64.95726495726495,10.256410256410255
E00051809,100,25,3,22,75,66,9,25,3,22,75,66,9
E00051810,130,33,12,21,97,86,11,25.384615384615383,9.230769230769232,16.153846153846153,74.61538461538461,66.15384615384615,8.461538461538462
E00051811,237,60,14,46,177,147,30,25.31645569620253,5.9071729957805905,19.40928270042194,74.68354430379746,62.0253164556962,12.658227848101266
E00051812,134,36,7,29,98,81,17,26.865671641791046,5.223880597014925,21.641791044776117,73.13432835820896,60.447761194029844,12.686567164179104
E00051813,125,42,9,33,83,67,16,33.6,7.199999999999999,26.400000000000002,66.4,53.6,12.8
E00051814,214,49,11,38,165,143,22,22.897196261682243,5.14018691588785,17.75700934579439,77.10280373831776,66.82242990654206,10.2803738317757
E00051815,178,57,11,46,121,108,13,32.02247191011236,6.179775280898876,25.842696629213485,67.97752808988764,60.67415730337079,7.303370786516854
E00051816,219,48,14,34,171,144,27,21.91780821917808,6.392694063926941,15.52511415525114,78.08219178082192,65.75342465753424,12.32876712328767
E00051817,115,49,21,28,66,61,5,42.608695652173914,18.26086956521739,24.347826086956523,57.391304347826086,53.04347826086957,4.3478260869565215
E00051818,149,44,19,25,105,95,10,29.53020134228188,12.751677852348994,16.778523489932887,70.46979865771812,63.758389261744966,6.7114093959731544
E00051819,151,46,16,30,105,94,11,30.4635761589404,10.596026490066226,19.867549668874172,69.5364238410596,62.251655629139066,7.28476821192053
E00051820,112,38,10,28,74,65,9,33.92857142857143,8.928571428571429,25,66.07142857142857,58.03571428571429,8.035714285714286
E00051821,174,40,10,30,134,117,17,22.988505747126435,5.747126436781609,17.24137931034483,77.01149425287356,67.24137931034483,9.770114942528735
E00051822,150,41,17,24,109,100,9,27.333333333333332,11.333333333333332,16,72.66666666666667,66.66666666666666,6
E00051823,115,26,7,19,89,78,11,22.608695652173914,6.086956521739131,16.52173913043478,77.39130434782608,67.82608695652173,9.565217391304348
E00051824,131,45,19,26,86,77,9,34.35114503816794,14.50381679389313,19.84732824427481,65.64885496183206,58.778625954198475,6.870229007633588
E00051825,121,39,16,23,82,68,14,32.231404958677686,13.223140495867769,19.00826446280992,67.76859504132231,56.19834710743802,11.570247933884298
E00051826,126,28,13,15,98,78,20,22.22222222222222,10.317460317460316,11.904761904761903,77.77777777777779,61.904761904761905,15.873015873015872
E00051827,123,28,6,22,95,88,7,22.76422764227642,4.878048780487805,17.88617886178862,77.23577235772358,71.54471544715447,5.691056910569105
E00051828,169,41,16,25,128,108,20,24.2603550295858,9.467455621301776,14.792899408284024,75.7396449704142,63.905325443786985,11.834319526627219
E00051829,118,31,10,21,87,79,8,26.27118644067797,8.47457627118644,17.796610169491526,73.72881355932203,66.94915254237289,6.779661016949152
E00051830,153,46,18,28,107,93,14,30.065359477124183,11.76470588235294,18.30065359477124,69.93464052287581,60.78431372549019,9.15032679738562
E00051831,189,53,11,42,136,108,28,28.04232804232804,5.82010582010582,22.22222222222222,71.95767195767195,57.14285714285714,14.814814814814813
E00051832,139,46,13,33,93,78,15,33.093525179856115,9.352517985611511,23.741007194244602,66.90647482014388,56.11510791366906,10.79136690647482
E00051833,154,52,18,34,102,85,17,33.76623376623377,11.688311688311687,22.07792207792208,66.23376623376623,55.1948051948052,11.03896103896104
E00051834,123,33,10,23,90,76,14,26.82926829268293,8.130081300813007,18.69918699186992,73.17073170731707,61.78861788617886,11.38211382113821
E00051835,120,34,17,17,86,75,11,28.333333333333332,14.166666666666666,14.166666666666666,71.66666666666667,62.5,9.166666666666666
E00051836,102,29,6,23,73,62,11,28.431372549019606,5.88235294117647,22.54901960784314,71.56862745098039,60.78431372549019,10.784313725490197
E00051837,103,23,10,13,80,63,17,22.330097087378643,9.70873786407767,12.62135922330097,77.66990291262135,61.165048543689316,16.50485436893204
E00051838,132,35,15,20,97,86,11,26.515151515151516,11.363636363636363,15.151515151515152,73.48484848484848,65.15151515151516,8.333333333333332
E00051839,125,32,15,17,93,79,14,25.6,12,13.600000000000001,74.4,63.2,11.200000000000001
E00051840,136,38,14,24,98,84,14,27.941176470588236,10.294117647058822,17.647058823529413,72.05882352941177,61.76470588235294,10.294117647058822
E00051841,157,50,8,42,107,95,12,31.84713375796178,5.095541401273886,26.751592356687897,68.15286624203821,60.509554140127385,7.643312101910828
E00051842,129,33,9,24,96,83,13,25.581395348837212,6.976744186046512,18.6046511627907,74.4186046511628,64.34108527131784,10.077519379844961
E00051843,103,35,12,23,68,57,11,33.980582524271846,11.650485436893204,22.330097087378643,66.01941747572816,55.33980582524271,10.679611650485436
E00051844,130,65,21,44,65,60,5,50,16.153846153846153,33.84615384615385,50,46.15384615384615,3.8461538461538463
E00051845,136,46,16,30,90,81,9,33.82352941176471,11.76470588235294,22.058823529411764,66.17647058823529,59.55882352941176,6.61764705882353
E00051846,131,46,10,36,85,74,11,35.11450381679389,7.633587786259542,27.480916030534353,64.8854961832061,56.48854961832062,8.396946564885496
E00051847,124,45,15,30,79,73,6,36.29032258064516,12.096774193548388,24.193548387096776,63.70967741935484,58.87096774193549,4.838709677419355
E00051848,157,63,19,44,94,84,10,40.12738853503185,12.101910828025478,28.02547770700637,59.87261146496815,53.503184713375795,6.369426751592357
E00051849,159,60,17,43,99,91,8,37.735849056603776,10.69182389937107,27.044025157232703,62.264150943396224,57.23270440251572,5.031446540880504
E00051850,158,86,16,70,72,63,9,54.43037974683544,10.126582278481013,44.303797468354425,45.56962025316456,39.87341772151899,5.69620253164557
E00051851,136,49,6,43,87,82,5,36.029411764705884,4.411764705882353,31.61764705882353,63.970588235294116,60.29411764705882,3.6764705882352944
E00051852,197,66,17,49,131,111,20,33.50253807106599,8.629441624365482,24.873096446700508,66.49746192893402,56.34517766497462,10.152284263959391
E00051853,179,62,23,39,117,111,6,34.63687150837989,12.849162011173185,21.787709497206702,65.36312849162012,62.01117318435754,3.35195530726257
E00051854,181,61,9,52,120,110,10,33.70165745856354,4.972375690607735,28.7292817679558,66.29834254143645,60.773480662983424,5.524861878453039
E00051855,88,26,3,23,62,55,7,29.545454545454547,3.4090909090909087,26.136363636363637,70.45454545454545,62.5,7.954545454545454
E00051856,103,29,5,24,74,64,10,28.155339805825243,4.854368932038835,23.300970873786408,71.84466019417476,62.13592233009708,9.70873786407767
E00051857,178,59,18,41,119,113,6,33.146067415730336,10.112359550561797,23.03370786516854,66.85393258426966,63.48314606741573,3.3707865168539324
E00051858,121,31,7,24,90,76,14,25.6198347107438,5.785123966942149,19.834710743801654,74.3801652892562,62.8099173553719,11.570247933884298
E00051859,124,33,15,18,91,77,14,26.61290322580645,12.096774193548388,14.516129032258066,73.38709677419355,62.096774193548384,11.29032258064516
E00051860,139,48,10,38,91,80,11,34.53237410071942,7.1942446043165464,27.33812949640288,65.46762589928058,57.55395683453237,7.913669064748201
E00051861,138,34,10,24,104,92,12,24.637681159420293,7.246376811594203,17.391304347826086,75.36231884057972,66.66666666666666,8.695652173913043
E00051862,141,42,12,30,99,92,7,29.78723404255319,8.51063829787234,21.27659574468085,70.2127659574468,65.24822695035462,4.964539007092199
E00051863,132,36,15,21,96,88,8,27.27272727272727,11.363636363636363,15.909090909090908,72.72727272727273,66.66666666666666,6.0606060606060606
E00051864,110,34,6,28,76,67,9,30.909090909090907,5.454545454545454,25.454545454545453,69.0909090909091,60.909090909090914,8.181818181818182
E00051865,113,44,10,34,69,59,10,38.93805309734513,8.849557522123893,30.08849557522124,61.06194690265486,52.21238938053098,8.849557522123893
E00051866,185,75,19,56,110,97,13,40.54054054054054,10.27027027027027,30.270270270270274,59.45945945945946,52.43243243243243,7.027027027027027
E00051867,146,45,9,36,101,95,6,30.82191780821918,6.164383561643835,24.65753424657534,69.17808219178082,65.06849315068493,4.10958904109589
E00051868,159,42,11,31,117,100,17,26.41509433962264,6.918238993710692,19.49685534591195,73.58490566037736,62.893081761006286,10.69182389937107
E00051869,120,37,13,24,83,78,5,30.833333333333336,10.833333333333334,20,69.16666666666667,65,4.166666666666666
E00051870,140,30,7,23,110,96,14,21.428571428571427,5,16.428571428571427,78.57142857142857,68.57142857142857,10
E00051871,92,31,6,25,61,54,7,33.69565217391305,6.521739130434782,27.173913043478258,66.30434782608695,58.69565217391305,7.608695652173914
E00051872,168,42,17,25,126,110,16,25,10.119047619047619,14.880952380952381,75,65.47619047619048,9.523809523809524
E00051873,162,44,13,31,118,100,18,27.160493827160494,8.024691358024691,19.1358024691358,72.8395061728395,61.72839506172839,11.11111111111111
E00051874,125,57,16,41,68,60,8,45.6,12.8,32.800000000000004,54.400000000000006,48,6.4
E00051875,195,42,21,21,153,130,23,21.53846153846154,10.76923076923077,10.76923076923077,78.46153846153847,66.66666666666666,11.794871794871794
E00051876,159,51,11,40,108,94,14,32.075471698113205,6.918238993710692,25.157232704402517,67.9245283018868,59.11949685534591,8.80503144654088
E00051877,141,45,13,32,96,87,9,31.914893617021278,9.219858156028367,22.69503546099291,68.08510638297872,61.702127659574465,6.382978723404255
E00051878,159,49,17,32,110,100,10,30.81761006289308,10.69182389937107,20.125786163522015,69.18238993710692,62.893081761006286,6.289308176100629
E00051879,114,40,12,28,74,68,6,35.08771929824561,10.526315789473683,24.561403508771928,64.91228070175438,59.64912280701754,5.263157894736842
E00051880,121,39,14,25,82,76,6,32.231404958677686,11.570247933884298,20.66115702479339,67.76859504132231,62.8099173553719,4.958677685950414
E00051881,97,33,12,21,64,61,3,34.02061855670103,12.371134020618557,21.649484536082475,65.97938144329896,62.88659793814433,3.0927835051546393
E00051882,128,43,8,35,85,76,9,33.59375,6.25,27.34375,66.40625,59.375,7.03125
E00051883,141,42,17,25,99,74,25,29.78723404255319,12.056737588652481,17.73049645390071,70.2127659574468,52.4822695035461,17.73049645390071
E00051885,115,43,13,30,72,65,7,37.391304347826086,11.304347826086957,26.08695652173913,62.60869565217392,56.52173913043478,6.086956521739131
E00051886,103,30,12,18,73,63,10,29.126213592233007,11.650485436893204,17.475728155339805,70.87378640776699,61.165048543689316,9.70873786407767
E00051887,147,49,18,31,98,90,8,33.33333333333333,12.244897959183673,21.08843537414966,66.66666666666666,61.224489795918366,5.442176870748299
E00051888,136,52,13,39,84,77,7,38.23529411764706,9.558823529411764,28.676470588235293,61.76470588235294,56.61764705882353,5.147058823529411
E00051889,104,36,13,23,68,67,1,34.61538461538461,12.5,22.115384615384613,65.38461538461539,64.42307692307693,0.9615384615384616
E00051890,98,30,6,24,68,59,9,30.612244897959183,6.122448979591836,24.489795918367346,69.38775510204081,60.204081632653065,9.183673469387756
E00051891,102,29,3,26,73,67,6,28.431372549019606,2.941176470588235,25.49019607843137,71.56862745098039,65.68627450980392,5.88235294117647
E00051892,139,51,14,37,88,78,10,36.69064748201439,10.071942446043165,26.618705035971225,63.30935251798561,56.11510791366906,7.1942446043165464
E00051893,123,44,13,31,79,73,6,35.77235772357724,10.569105691056912,25.203252032520325,64.22764227642277,59.34959349593496,4.878048780487805
E00051894,128,41,8,33,87,83,4,32.03125,6.25,25.78125,67.96875,64.84375,3.125
E00051895,42,19,3,16,23,21,2,45.23809523809524,7.142857142857142,38.095238095238095,54.761904761904766,50,4.761904761904762
E00051896,108,31,7,24,77,64,13,28.703703703703702,6.481481481481481,22.22222222222222,71.29629629629629,59.25925925925925,12.037037037037036
E00051897,84,22,1,21,62,57,5,26.190476190476193,1.1904761904761905,25,73.80952380952381,67.85714285714286,5.952380952380952
E00051898,96,22,1,21,74,65,9,22.916666666666664,1.0416666666666665,21.875,77.08333333333334,67.70833333333334,9.375
E00051899,176,44,13,31,132,115,17,25,7.386363636363637,17.613636363636363,75,65.3409090909091,9.659090909090908
E00051900,148,52,10,42,96,85,11,35.13513513513514,6.756756756756757,28.37837837837838,64.86486486486487,57.432432432432435,7.4324324324324325
E00051902,122,47,11,36,75,67,8,38.52459016393443,9.01639344262295,29.508196721311474,61.47540983606557,54.91803278688525,6.557377049180328
E00051903,64,22,9,13,42,37,5,34.375,14.0625,20.3125,65.625,57.8125,7.8125
E00051904,54,16,3,13,38,30,8,29.629629629629626,5.555555555555555,24.074074074074073,70.37037037037037,55.55555555555556,14.814814814814813
E00051905,113,38,9,29,75,63,12,33.6283185840708,7.964601769911504,25.663716814159294,66.3716814159292,55.75221238938053,10.619469026548673
E00051906,133,46,17,29,87,76,11,34.58646616541353,12.781954887218044,21.804511278195488,65.41353383458647,57.14285714285714,8.270676691729323
E00051908,117,35,10,25,82,68,14,29.914529914529915,8.547008547008547,21.367521367521366,70.08547008547008,58.119658119658126,11.965811965811966
E00051909,107,29,15,14,78,69,9,27.102803738317753,14.018691588785046,13.084112149532709,72.89719626168224,64.48598130841121,8.411214953271028
E00051910,113,35,13,22,78,66,12,30.973451327433626,11.504424778761061,19.469026548672566,69.02654867256636,58.4070796460177,10.619469026548673
E00051911,130,39,8,31,91,77,14,30,6.153846153846154,23.846153846153847,70,59.23076923076923,10.76923076923077
E00051912,142,39,10,29,103,81,22,27.464788732394368,7.042253521126761,20.422535211267608,72.53521126760563,57.04225352112676,15.492957746478872
E00051913,67,19,4,15,48,43,5,28.35820895522388,5.970149253731343,22.388059701492537,71.64179104477611,64.17910447761194,7.462686567164178
E00051914,147,50,8,42,97,78,19,34.01360544217687,5.442176870748299,28.57142857142857,65.98639455782312,53.06122448979592,12.925170068027212
E00051915,182,48,14,34,134,122,12,26.373626373626376,7.6923076923076925,18.681318681318682,73.62637362637363,67.03296703296702,6.593406593406594
E00051916,161,55,17,38,106,100,6,34.161490683229815,10.559006211180124,23.60248447204969,65.83850931677019,62.11180124223602,3.7267080745341614
E00051917,93,40,8,32,53,50,3,43.01075268817204,8.60215053763441,34.40860215053764,56.98924731182796,53.76344086021505,3.225806451612903
E00051918,94,38,9,29,56,53,3,40.42553191489361,9.574468085106384,30.851063829787233,59.57446808510638,56.38297872340425,3.1914893617021276
E00051919,233,64,18,46,169,151,18,27.467811158798284,7.725321888412018,19.742489270386265,72.53218884120172,64.8068669527897,7.725321888412018
E00051920,134,33,8,25,101,86,15,24.62686567164179,5.970149253731343,18.65671641791045,75.3731343283582,64.17910447761194,11.194029850746269
E00051921,123,25,10,15,98,92,6,20.32520325203252,8.130081300813007,12.195121951219512,79.67479674796748,74.79674796747967,4.878048780487805
E00051922,138,48,18,30,90,83,7,34.78260869565217,13.043478260869565,21.73913043478261,65.21739130434783,60.14492753623188,5.072463768115942
E00051923,109,43,18,25,66,58,8,39.44954128440367,16.51376146788991,22.93577981651376,60.550458715596335,53.21100917431193,7.339449541284404
E00051924,139,58,12,46,81,76,5,41.726618705035975,8.633093525179856,33.093525179856115,58.27338129496403,54.67625899280576,3.5971223021582732
E00051925,132,58,19,39,74,66,8,43.93939393939394,14.393939393939394,29.545454545454547,56.060606060606055,50,6.0606060606060606
E00051926,121,47,14,33,74,63,11,38.84297520661157,11.570247933884298,27.27272727272727,61.15702479338842,52.066115702479344,9.090909090909092
E00051927,182,77,25,52,105,95,10,42.30769230769231,13.736263736263737,28.57142857142857,57.692307692307686,52.197802197802204,5.4945054945054945
E00051928,130,36,16,20,94,75,19,27.692307692307693,12.307692307692308,15.384615384615385,72.3076923076923,57.692307692307686,14.615384615384617
E00051929,168,48,5,43,120,107,13,28.57142857142857,2.976190476190476,25.595238095238095,71.42857142857143,63.69047619047619,7.738095238095238
E00051930,141,57,16,41,84,71,13,40.42553191489361,11.347517730496454,29.078014184397162,59.57446808510638,50.35460992907801,9.219858156028367
E00051932,154,33,5,28,121,104,17,21.428571428571427,3.2467532467532463,18.181818181818183,78.57142857142857,67.53246753246754,11.03896103896104
E00051933,62,16,3,13,46,43,3,25.806451612903224,4.838709677419355,20.967741935483872,74.19354838709677,69.35483870967742,4.838709677419355
E00051934,202,55,12,43,147,129,18,27.22772277227723,5.9405940594059405,21.287128712871286,72.77227722772277,63.86138613861386,8.91089108910891
E00051935,117,42,7,35,75,63,12,35.8974358974359,5.982905982905983,29.914529914529915,64.1025641025641,53.84615384615385,10.256410256410255
E00051936,167,60,12,48,107,92,15,35.92814371257485,7.18562874251497,28.74251497005988,64.07185628742515,55.08982035928144,8.982035928143713
E00051937,136,40,10,30,96,88,8,29.411764705882355,7.352941176470589,22.058823529411764,70.58823529411765,64.70588235294117,5.88235294117647
E00051938,166,50,17,33,116,102,14,30.120481927710845,10.240963855421686,19.879518072289155,69.87951807228916,61.44578313253012,8.433734939759036
E00051939,131,44,11,33,87,77,10,33.587786259541986,8.396946564885496,25.190839694656486,66.41221374045801,58.778625954198475,7.633587786259542
E00051940,143,44,7,37,99,85,14,30.76923076923077,4.895104895104895,25.874125874125873,69.23076923076923,59.44055944055944,9.79020979020979
E00051941,172,59,20,39,113,99,14,34.30232558139535,11.627906976744185,22.674418604651162,65.69767441860465,57.55813953488372,8.13953488372093
E00051942,180,46,13,33,134,124,10,25.555555555555554,7.222222222222221,18.333333333333332,74.44444444444444,68.88888888888889,5.555555555555555
E00051943,163,47,11,36,116,94,22,28.834355828220858,6.748466257668712,22.085889570552148,71.16564417177914,57.668711656441715,13.496932515337424
E00051944,121,40,12,28,81,70,11,33.057851239669425,9.917355371900827,23.140495867768596,66.94214876033058,57.85123966942148,9.090909090909092
E00051947,125,44,12,32,81,71,10,35.199999999999996,9.6,25.6,64.8,56.8,8
E00051948,128,42,12,30,86,76,10,32.8125,9.375,23.4375,67.1875,59.375,7.8125
E00051949,123,45,11,34,78,68,10,36.58536585365854,8.94308943089431,27.64227642276423,63.41463414634146,55.28455284552846,8.130081300813007
E00051950,158,43,18,25,115,100,15,27.21518987341772,11.39240506329114,15.822784810126583,72.78481012658227,63.29113924050633,9.49367088607595
E00051951,132,37,8,29,95,84,11,28.030303030303028,6.0606060606060606,21.96969696969697,71.96969696969697,63.63636363636363,8.333333333333332
E00051952,122,41,6,35,81,73,8,33.60655737704918,4.918032786885246,28.688524590163933,66.39344262295081,59.83606557377049,6.557377049180328
E00051954,139,41,10,31,98,84,14,29.496402877697843,7.1942446043165464,22.302158273381295,70.50359712230215,60.431654676258994,10.071942446043165
E00051955,152,38,13,25,114,100,14,25,8.552631578947368,16.447368421052634,75,65.78947368421053,9.210526315789473
E00051956,105,35,9,26,70,63,7,33.33333333333333,8.571428571428571,24.761904761904763,66.66666666666666,60,6.666666666666667
E00051958,101,30,14,16,71,65,6,29.7029702970297,13.861386138613863,15.841584158415841,70.29702970297029,64.35643564356435,5.9405940594059405
E00051959,125,42,10,32,83,76,7,33.6,8,25.6,66.4,60.8,5.6000000000000005
E00051960,206,61,16,45,145,127,18,29.61165048543689,7.766990291262135,21.844660194174757,70.3883495145631,61.6504854368932,8.737864077669903
E00051961,122,37,9,28,85,78,7,30.327868852459016,7.377049180327869,22.950819672131146,69.67213114754098,63.934426229508205,5.737704918032787
E00051962,129,28,7,21,101,90,11,21.705426356589147,5.426356589147287,16.27906976744186,78.29457364341084,69.76744186046511,8.527131782945736
E00051963,117,33,8,25,84,69,15,28.205128205128204,6.837606837606838,21.367521367521366,71.7948717948718,58.97435897435898,12.82051282051282
E00051964,80,24,8,16,56,45,11,30,10,20,70,56.25,13.750000000000002
E00051965,111,33,13,20,78,62,16,29.72972972972973,11.711711711711711,18.01801801801802,70.27027027027027,55.85585585585585,14.414414414414415
E00051966,124,34,8,26,90,83,7,27.419354838709676,6.451612903225806,20.967741935483872,72.58064516129032,66.93548387096774,5.64516129032258
E00051967,124,33,10,23,91,79,12,26.61290322580645,8.064516129032258,18.548387096774192,73.38709677419355,63.70967741935484,9.67741935483871
E00051968,140,39,9,30,101,89,12,27.857142857142858,6.428571428571428,21.428571428571427,72.14285714285714,63.57142857142857,8.571428571428571
E00051969,131,36,9,27,95,84,11,27.480916030534353,6.870229007633588,20.610687022900763,72.51908396946564,64.12213740458014,8.396946564885496
E00051970,92,26,11,15,66,57,9,28.26086956521739,11.956521739130435,16.304347826086957,71.73913043478261,61.95652173913043,9.782608695652174
E00051971,140,44,13,31,96,83,13,31.428571428571427,9.285714285714286,22.142857142857142,68.57142857142857,59.285714285714285,9.285714285714286
E00051972,111,33,13,20,78,63,15,29.72972972972973,11.711711711711711,18.01801801801802,70.27027027027027,56.75675675675676,13.513513513513514
E00051973,141,53,17,36,88,80,8,37.5886524822695,12.056737588652481,25.53191489361702,62.4113475177305,56.73758865248227,5.673758865248227
E00051974,143,48,14,34,95,77,18,33.56643356643357,9.79020979020979,23.776223776223777,66.43356643356644,53.84615384615385,12.587412587412588
E00051975,139,47,11,36,92,84,8,33.81294964028777,7.913669064748201,25.899280575539567,66.18705035971223,60.431654676258994,5.755395683453238
E00051976,111,32,11,21,79,70,9,28.82882882882883,9.90990990990991,18.91891891891892,71.17117117117117,63.06306306306306,8.108108108108109
E00051977,100,25,7,18,75,66,9,25,7.000000000000001,18,75,66,9
E00051978,136,38,16,22,98,84,14,27.941176470588236,11.76470588235294,16.176470588235293,72.05882352941177,61.76470588235294,10.294117647058822
E00051979,160,44,11,33,116,97,19,27.500000000000004,6.875000000000001,20.625,72.5,60.62499999999999,11.875
E00051980,109,23,6,17,86,68,18,21.100917431192663,5.5045871559633035,15.59633027522936,78.89908256880734,62.38532110091744,16.51376146788991
E00051981,53,17,5,12,36,35,1,32.075471698113205,9.433962264150944,22.641509433962266,67.9245283018868,66.0377358490566,1.8867924528301887
E00051982,144,42,9,33,102,82,20,29.166666666666668,6.25,22.916666666666664,70.83333333333334,56.94444444444444,13.88888888888889
E00051983,138,43,8,35,95,85,10,31.15942028985507,5.797101449275362,25.36231884057971,68.84057971014492,61.59420289855072,7.246376811594203
E00051984,126,31,10,21,95,83,12,24.6031746031746,7.936507936507936,16.666666666666664,75.39682539682539,65.87301587301587,9.523809523809524
E00051985,56,21,6,15,35,28,7,37.5,10.714285714285714,26.785714285714285,62.5,50,12.5
E00051986,109,31,10,21,78,63,15,28.440366972477065,9.174311926605505,19.26605504587156,71.55963302752293,57.798165137614674,13.761467889908257
E00051987,117,39,6,33,78,78,0,33.33333333333333,5.128205128205128,28.205128205128204,66.66666666666666,66.66666666666666,0
E00051988,120,34,7,27,86,70,16,28.333333333333332,5.833333333333333,22.5,71.66666666666667,58.333333333333336,13.333333333333334
E00051989,162,53,12,41,109,94,15,32.71604938271605,7.4074074074074066,25.308641975308642,67.28395061728395,58.0246913580247,9.25925925925926
E00051990,165,44,15,29,121,105,16,26.666666666666668,9.090909090909092,17.575757575757574,73.33333333333333,63.63636363636363,9.696969696969697
E00051991,142,35,9,26,107,87,20,24.647887323943664,6.338028169014084,18.30985915492958,75.35211267605634,61.267605633802816,14.084507042253522
E00051992,137,31,9,22,106,87,19,22.62773722627737,6.569343065693431,16.05839416058394,77.37226277372264,63.503649635036496,13.86861313868613
E00051993,65,25,9,16,40,36,4,38.46153846153847,13.846153846153847,24.615384615384617,61.53846153846154,55.38461538461539,6.153846153846154
E00051994,204,48,18,30,156,129,27,23.52941176470588,8.823529411764707,14.705882352941178,76.47058823529412,63.23529411764706,13.23529411764706
E00051995,136,44,7,37,92,88,4,32.35294117647059,5.147058823529411,27.205882352941174,67.64705882352942,64.70588235294117,2.941176470588235
E00051996,116,41,7,34,75,65,10,35.3448275862069,6.0344827586206895,29.310344827586203,64.65517241379311,56.03448275862068,8.620689655172415
E00051997,137,45,11,34,92,82,10,32.846715328467155,8.02919708029197,24.817518248175183,67.15328467153284,59.854014598540154,7.2992700729927
E00051998,113,38,10,28,75,60,15,33.6283185840708,8.849557522123893,24.778761061946902,66.3716814159292,53.09734513274337,13.274336283185843
E00051999,120,41,12,29,79,74,5,34.166666666666664,10,24.166666666666668,65.83333333333333,61.66666666666667,4.166666666666666
E00052000,101,40,17,23,61,51,10,39.603960396039604,16.831683168316832,22.772277227722775,60.396039603960396,50.495049504950494,9.900990099009901
E00052001,106,34,9,25,72,62,10,32.075471698113205,8.49056603773585,23.58490566037736,67.9245283018868,58.490566037735846,9.433962264150944
E00052002,114,30,6,24,84,78,6,26.31578947368421,5.263157894736842,21.052631578947366,73.68421052631578,68.42105263157895,5.263157894736842
E00052003,136,42,16,26,94,85,9,30.88235294117647,11.76470588235294,19.11764705882353,69.11764705882352,62.5,6.61764705882353
E00052004,173,36,6,30,137,128,9,20.809248554913296,3.4682080924855487,17.341040462427745,79.1907514450867,73.98843930635837,5.202312138728324
E00052005,131,40,0,40,91,84,7,30.53435114503817,0,30.53435114503817,69.46564885496184,64.12213740458014,5.343511450381679
E00052006,121,36,8,28,85,78,7,29.75206611570248,6.6115702479338845,23.140495867768596,70.24793388429752,64.46280991735537,5.785123966942149
E00052008,157,54,15,39,103,91,12,34.394904458598724,9.554140127388536,24.840764331210192,65.60509554140127,57.961783439490446,7.643312101910828
E00052009,143,55,12,43,88,81,7,38.46153846153847,8.391608391608392,30.069930069930066,61.53846153846154,56.64335664335665,4.895104895104895
E00052010,88,24,5,19,64,56,8,27.27272727272727,5.681818181818182,21.59090909090909,72.72727272727273,63.63636363636363,9.090909090909092
E00052011,113,45,11,34,68,53,15,39.823008849557525,9.734513274336283,30.08849557522124,60.17699115044248,46.902654867256636,13.274336283185843
E00052012,132,43,11,32,89,79,10,32.57575757575758,8.333333333333332,24.242424242424242,67.42424242424242,59.84848484848485,7.575757575757576
E00052013,125,35,9,26,90,83,7,28.000000000000004,7.199999999999999,20.8,72,66.4,5.6000000000000005
E00052016,145,39,8,31,106,97,9,26.89655172413793,5.517241379310345,21.379310344827587,73.10344827586206,66.89655172413794,6.206896551724138
E00052017,80,20,6,14,60,56,4,25,7.5,17.5,75,70,5
E00052018,196,46,18,28,150,119,31,23.46938775510204,9.183673469387756,14.285714285714285,76.53061224489795,60.71428571428571,15.816326530612246
E00052019,146,43,16,27,103,85,18,29.45205479452055,10.95890410958904,18.493150684931507,70.54794520547945,58.21917808219178,12.32876712328767
E00052020,156,45,15,30,111,100,11,28.846153846153843,9.615384615384617,19.230769230769234,71.15384615384616,64.1025641025641,7.051282051282051
E00052021,150,39,16,23,111,97,14,26,10.666666666666668,15.333333333333332,74,64.66666666666666,9.333333333333334
E00052022,169,51,17,34,118,98,20,30.17751479289941,10.059171597633137,20.118343195266274,69.8224852071006,57.98816568047337,11.834319526627219
E00052023,84,31,11,20,53,43,10,36.904761904761905,13.095238095238097,23.809523809523807,63.095238095238095,51.19047619047619,11.904761904761903
E00052024,151,39,14,25,112,98,14,25.82781456953642,9.271523178807946,16.55629139072848,74.17218543046357,64.90066225165563,9.271523178807946
E00052025,79,21,4,17,58,45,13,26.582278481012654,5.063291139240507,21.518987341772153,73.41772151898735,56.9620253164557,16.455696202531644
E00052026,127,29,4,25,98,87,11,22.83464566929134,3.149606299212598,19.68503937007874,77.16535433070865,68.50393700787401,8.661417322834646
E00052027,148,50,15,35,98,88,10,33.78378378378378,10.135135135135135,23.64864864864865,66.21621621621621,59.45945945945946,6.756756756756757
E00052028,115,33,9,24,82,69,13,28.695652173913043,7.82608695652174,20.869565217391305,71.30434782608695,60,11.304347826086957
E00052029,134,33,11,22,101,87,14,24.62686567164179,8.208955223880597,16.417910447761194,75.3731343283582,64.92537313432835,10.44776119402985
E00052030,118,38,9,29,80,75,5,32.20338983050847,7.627118644067797,24.576271186440678,67.79661016949152,63.559322033898304,4.23728813559322
E00052031,121,33,7,26,88,83,5,27.27272727272727,5.785123966942149,21.487603305785125,72.72727272727273,68.59504132231406,4.132231404958678
E00052032,139,52,9,43,87,78,9,37.410071942446045,6.474820143884892,30.935251798561154,62.589928057553955,56.11510791366906,6.474820143884892
E00052033,123,35,4,31,88,78,10,28.455284552845526,3.2520325203252036,25.203252032520325,71.54471544715447,63.41463414634146,8.130081300813007
E00052034,166,42,15,27,124,107,17,25.301204819277107,9.036144578313253,16.265060240963855,74.69879518072288,64.45783132530121,10.240963855421686
E00052035,115,41,12,29,74,66,8,35.65217391304348,10.434782608695652,25.217391304347824,64.34782608695652,57.391304347826086,6.956521739130435
E00052036,79,30,6,24,49,42,7,37.9746835443038,7.59493670886076,30.37974683544304,62.0253164556962,53.16455696202531,8.860759493670885
E00052037,111,28,6,22,83,77,6,25.225225225225223,5.405405405405405,19.81981981981982,74.77477477477478,69.36936936936937,5.405405405405405
E00052038,124,34,17,17,90,74,16,27.419354838709676,13.709677419354838,13.709677419354838,72.58064516129032,59.67741935483871,12.903225806451612
E00052039,94,35,10,25,59,55,4,37.234042553191486,10.638297872340425,26.595744680851062,62.76595744680851,58.51063829787234,4.25531914893617
E00052040,124,33,7,26,91,80,11,26.61290322580645,5.64516129032258,20.967741935483872,73.38709677419355,64.51612903225806,8.870967741935484
E00052041,113,32,11,21,81,70,11,28.31858407079646,9.734513274336283,18.58407079646018,71.68141592920354,61.94690265486725,9.734513274336283
E00052042,75,23,7,16,52,46,6,30.666666666666664,9.333333333333334,21.333333333333336,69.33333333333334,61.33333333333333,8
E00052043,138,44,16,28,94,79,15,31.88405797101449,11.594202898550725,20.28985507246377,68.11594202898551,57.2463768115942,10.869565217391305
E00052044,49,20,6,14,29,28,1,40.816326530612244,12.244897959183673,28.57142857142857,59.183673469387756,57.14285714285714,2.0408163265306123
E00052045,167,53,15,38,114,105,9,31.736526946107784,8.982035928143713,22.75449101796407,68.26347305389223,62.874251497005986,5.389221556886228
E00052046,145,39,12,27,106,89,17,26.89655172413793,8.275862068965518,18.620689655172416,73.10344827586206,61.37931034482759,11.724137931034482
E00052047,158,40,8,32,118,97,21,25.31645569620253,5.063291139240507,20.253164556962027,74.68354430379746,61.39240506329114,13.291139240506327
E00052048,126,35,7,28,91,84,7,27.77777777777778,5.555555555555555,22.22222222222222,72.22222222222221,66.66666666666666,5.555555555555555
E00052049,127,47,16,31,80,70,10,37.00787401574803,12.598425196850393,24.409448818897637,62.99212598425197,55.118110236220474,7.874015748031496
E00052050,166,48,12,36,118,105,13,28.915662650602407,7.228915662650602,21.686746987951807,71.08433734939759,63.25301204819277,7.83132530120482
E00052051,73,18,4,14,55,50,5,24.65753424657534,5.47945205479452,19.17808219178082,75.34246575342466,68.4931506849315,6.8493150684931505
E00052052,117,35,4,31,82,75,7,29.914529914529915,3.418803418803419,26.495726495726498,70.08547008547008,64.1025641025641,5.982905982905983
E00052053,124,44,10,34,80,68,12,35.483870967741936,8.064516129032258,27.419354838709676,64.51612903225806,54.83870967741935,9.67741935483871
E00052054,95,25,7,18,70,54,16,26.31578947368421,7.368421052631578,18.947368421052634,73.68421052631578,56.84210526315789,16.842105263157894
E00052056,196,48,17,31,148,129,19,24.489795918367346,8.673469387755102,15.816326530612246,75.51020408163265,65.81632653061224,9.693877551020408
E00052057,74,22,7,15,52,46,6,29.72972972972973,9.45945945945946,20.27027027027027,70.27027027027027,62.16216216216216,8.108108108108109
E00052058,245,75,22,53,170,136,34,30.612244897959183,8.979591836734693,21.63265306122449,69.38775510204081,55.51020408163265,13.877551020408163
E00052059,174,46,15,31,128,106,22,26.436781609195403,8.620689655172415,17.81609195402299,73.5632183908046,60.91954022988506,12.643678160919542
E00052062,214,57,16,41,157,130,27,26.635514018691588,7.476635514018691,19.158878504672895,73.36448598130842,60.747663551401864,12.616822429906541
E00052063,158,31,14,17,127,103,24,19.62025316455696,8.860759493670885,10.759493670886076,80.37974683544303,65.18987341772153,15.18987341772152
E00052064,171,48,11,37,123,106,17,28.07017543859649,6.432748538011696,21.637426900584796,71.9298245614035,61.98830409356725,9.941520467836257
E00052065,151,36,10,26,115,100,15,23.841059602649008,6.622516556291391,17.218543046357617,76.15894039735099,66.22516556291392,9.933774834437086
E00052066,162,48,10,38,114,97,17,29.629629629629626,6.172839506172839,23.456790123456788,70.37037037037037,59.876543209876544,10.493827160493826
E00052067,126,34,10,24,92,76,16,26.984126984126984,7.936507936507936,19.047619047619047,73.01587301587301,60.317460317460316,12.698412698412698
E00052068,165,36,10,26,129,109,20,21.818181818181817,6.0606060606060606,15.757575757575756,78.18181818181819,66.06060606060606,12.121212121212121
E00052069,163,48,20,28,115,97,18,29.447852760736197,12.269938650306749,17.177914110429448,70.5521472392638,59.50920245398773,11.042944785276074
E00052070,85,33,11,22,52,41,11,38.82352941176471,12.941176470588237,25.882352941176475,61.1764705882353,48.23529411764706,12.941176470588237
E00052071,130,44,18,26,86,67,19,33.84615384615385,13.846153846153847,20,66.15384615384615,51.53846153846153,14.615384615384617
E00052072,92,32,5,27,60,54,6,34.78260869565217,5.434782608695652,29.347826086956523,65.21739130434783,58.69565217391305,6.521739130434782
E00052073,169,48,12,36,121,106,15,28.402366863905325,7.100591715976331,21.301775147928996,71.59763313609467,62.721893491124256,8.875739644970414
E00052074,87,32,10,22,55,44,11,36.7816091954023,11.494252873563218,25.287356321839084,63.2183908045977,50.57471264367817,12.643678160919542
E00052075,141,40,11,29,101,84,17,28.368794326241137,7.801418439716312,20.56737588652482,71.63120567375887,59.57446808510638,12.056737588652481
E00052076,112,35,9,26,77,68,9,31.25,8.035714285714286,23.214285714285715,68.75,60.71428571428571,8.035714285714286
E00052077,22,9,4,5,13,11,2,40.909090909090914,18.181818181818183,22.727272727272727,59.09090909090909,50,9.090909090909092
E00052078,114,30,6,24,84,74,10,26.31578947368421,5.263157894736842,21.052631578947366,73.68421052631578,64.91228070175438,8.771929824561402
E00052079,122,36,15,21,86,70,16,29.508196721311474,12.295081967213115,17.21311475409836,70.49180327868852,57.377049180327866,13.114754098360656
E00052080,112,39,16,23,73,57,16,34.82142857142857,14.285714285714285,20.535714285714285,65.17857142857143,50.89285714285714,14.285714285714285
E00052081,102,34,11,23,68,56,12,33.33333333333333,10.784313725490197,22.54901960784314,66.66666666666666,54.90196078431373,11.76470588235294
E00052082,121,47,16,31,74,66,8,38.84297520661157,13.223140495867769,25.6198347107438,61.15702479338842,54.54545454545454,6.6115702479338845
E00052083,99,32,10,22,67,61,6,32.323232323232325,10.1010101010101,22.22222222222222,67.67676767676768,61.61616161616161,6.0606060606060606
E00052084,86,19,4,15,67,57,10,22.093023255813954,4.651162790697675,17.441860465116278,77.90697674418605,66.27906976744185,11.627906976744185
E00052085,124,35,8,27,89,77,12,28.225806451612907,6.451612903225806,21.774193548387096,71.7741935483871,62.096774193548384,9.67741935483871
E00052086,128,40,16,24,88,76,12,31.25,12.5,18.75,68.75,59.375,9.375
E00052087,128,36,9,27,92,85,7,28.125,7.03125,21.09375,71.875,66.40625,5.46875
E00052088,139,33,11,22,106,90,16,23.741007194244602,7.913669064748201,15.827338129496402,76.2589928057554,64.74820143884892,11.510791366906476
E00052089,163,33,11,22,130,116,14,20.245398773006134,6.748466257668712,13.496932515337424,79.75460122699386,71.16564417177914,8.588957055214724
E00052090,158,50,17,33,108,91,17,31.645569620253166,10.759493670886076,20.88607594936709,68.35443037974683,57.59493670886076,10.759493670886076
E00052091,139,35,13,22,104,95,9,25.179856115107913,9.352517985611511,15.827338129496402,74.82014388489209,68.34532374100719,6.474820143884892
E00052092,168,37,11,26,131,110,21,22.023809523809522,6.547619047619048,15.476190476190476,77.97619047619048,65.47619047619048,12.5
E00052093,106,31,6,25,75,61,14,29.245283018867923,5.660377358490567,23.58490566037736,70.75471698113208,57.54716981132076,13.20754716981132
E00052094,119,38,9,29,81,71,10,31.932773109243694,7.563025210084033,24.369747899159663,68.0672268907563,59.66386554621849,8.403361344537815
E00052095,144,35,12,23,109,97,12,24.305555555555554,8.333333333333332,15.972222222222221,75.69444444444444,67.36111111111111,8.333333333333332
E00052097,163,39,10,29,124,113,11,23.92638036809816,6.134969325153374,17.791411042944784,76.07361963190185,69.32515337423312,6.748466257668712
E00052098,134,47,7,40,87,83,4,35.07462686567165,5.223880597014925,29.850746268656714,64.92537313432835,61.940298507462686,2.9850746268656714
E00052099,124,33,8,25,91,83,8,26.61290322580645,6.451612903225806,20.161290322580644,73.38709677419355,66.93548387096774,6.451612903225806
E00052100,58,22,4,18,36,27,9,37.93103448275862,6.896551724137931,31.03448275862069,62.06896551724138,46.55172413793103,15.517241379310345
E00052101,142,33,7,26,109,102,7,23.239436619718308,4.929577464788732,18.30985915492958,76.76056338028168,71.83098591549296,4.929577464788732
E00052102,113,36,12,24,77,65,12,31.858407079646017,10.619469026548673,21.238938053097346,68.14159292035397,57.52212389380531,10.619469026548673
E00052103,126,38,8,30,88,78,10,30.158730158730158,6.349206349206349,23.809523809523807,69.84126984126983,61.904761904761905,7.936507936507936
E00052104,144,39,7,32,105,94,11,27.083333333333332,4.861111111111112,22.22222222222222,72.91666666666666,65.27777777777779,7.638888888888889
E00052106,176,53,10,43,123,110,13,30.113636363636363,5.681818181818182,24.431818181818183,69.88636363636364,62.5,7.386363636363637
E00052107,122,29,6,23,93,84,9,23.770491803278688,4.918032786885246,18.852459016393443,76.22950819672131,68.85245901639344,7.377049180327869
E00052108,110,31,6,25,79,75,4,28.18181818181818,5.454545454545454,22.727272727272727,71.81818181818181,68.18181818181817,3.6363636363636362
E00052110,158,21,8,13,137,116,21,13.291139240506327,5.063291139240507,8.227848101265822,86.70886075949366,73.41772151898735,13.291139240506327
E00052111,133,39,10,29,94,87,7,29.32330827067669,7.518796992481203,21.804511278195488,70.67669172932331,65.41353383458647,5.263157894736842
E00052112,106,31,6,25,75,67,8,29.245283018867923,5.660377358490567,23.58490566037736,70.75471698113208,63.20754716981132,7.547169811320755
E00052113,158,44,10,34,114,100,14,27.848101265822784,6.329113924050633,21.518987341772153,72.15189873417721,63.29113924050633,8.860759493670885
E00052114,155,45,6,39,110,100,10,29.03225806451613,3.870967741935484,25.161290322580644,70.96774193548387,64.51612903225806,6.451612903225806
E00052115,101,34,11,23,67,57,10,33.663366336633665,10.891089108910892,22.772277227722775,66.33663366336634,56.43564356435643,9.900990099009901
E00052116,89,34,10,24,55,48,7,38.20224719101123,11.235955056179774,26.96629213483146,61.79775280898876,53.93258426966292,7.865168539325842
E00052117,225,62,19,43,163,152,11,27.555555555555557,8.444444444444445,19.11111111111111,72.44444444444444,67.55555555555556,4.888888888888889
E00052118,126,35,8,27,91,78,13,27.77777777777778,6.349206349206349,21.428571428571427,72.22222222222221,61.904761904761905,10.317460317460316
E00052121,136,49,9,40,87,82,5,36.029411764705884,6.61764705882353,29.411764705882355,63.970588235294116,60.29411764705882,3.6764705882352944
E00052122,116,37,5,32,79,68,11,31.896551724137932,4.310344827586207,27.586206896551722,68.10344827586206,58.620689655172406,9.482758620689655
E00052123,137,44,10,34,93,81,12,32.11678832116788,7.2992700729927,24.817518248175183,67.88321167883211,59.12408759124088,8.75912408759124
E00052124,160,37,10,27,123,114,9,23.125,6.25,16.875,76.875,71.25,5.625
E00052125,106,44,17,27,62,51,11,41.509433962264154,16.037735849056602,25.471698113207548,58.490566037735846,48.113207547169814,10.377358490566039
E00052127,81,26,12,14,55,48,7,32.098765432098766,14.814814814814813,17.28395061728395,67.90123456790124,59.25925925925925,8.641975308641975
E00052129,55,21,6,15,34,26,8,38.18181818181819,10.909090909090908,27.27272727272727,61.81818181818181,47.27272727272727,14.545454545454545
E00052131,130,47,16,31,83,72,11,36.15384615384615,12.307692307692308,23.846153846153847,63.84615384615384,55.38461538461539,8.461538461538462
E00052132,135,33,14,19,102,92,10,24.444444444444443,10.37037037037037,14.074074074074074,75.55555555555556,68.14814814814815,7.4074074074074066
E00052134,153,45,9,36,108,98,10,29.411764705882355,5.88235294117647,23.52941176470588,70.58823529411765,64.05228758169935,6.535947712418301
E00052135,137,36,12,24,101,87,14,26.277372262773724,8.75912408759124,17.51824817518248,73.72262773722628,63.503649635036496,10.218978102189782
E00052136,159,46,13,33,113,95,18,28.930817610062892,8.176100628930817,20.754716981132077,71.0691823899371,59.74842767295597,11.320754716981133
E00052137,201,61,17,44,140,124,16,30.34825870646766,8.45771144278607,21.890547263681594,69.65174129353234,61.69154228855721,7.960199004975125
E00052138,118,38,12,26,80,72,8,32.20338983050847,10.16949152542373,22.033898305084744,67.79661016949152,61.016949152542374,6.779661016949152
E00052139,183,69,19,50,114,94,20,37.704918032786885,10.382513661202186,27.322404371584703,62.295081967213115,51.36612021857923,10.92896174863388
E00052140,137,38,10,28,99,83,16,27.73722627737226,7.2992700729927,20.437956204379564,72.26277372262774,60.58394160583942,11.678832116788321
E00052141,168,40,9,31,128,103,25,23.809523809523807,5.357142857142857,18.452380952380953,76.19047619047619,61.30952380952381,14.880952380952381
E00052142,120,32,10,22,88,72,16,26.666666666666668,8.333333333333332,18.333333333333332,73.33333333333333,60,13.333333333333334
E00052143,187,46,17,29,141,115,26,24.598930481283425,9.090909090909092,15.508021390374333,75.40106951871658,61.49732620320856,13.903743315508022
E00052144,184,65,16,49,119,105,14,35.32608695652174,8.695652173913043,26.6304347826087,64.67391304347827,57.065217391304344,7.608695652173914
E00052145,204,72,41,31,132,110,22,35.294117647058826,20.098039215686274,15.196078431372548,64.70588235294117,53.92156862745098,10.784313725490197
E00052146,285,70,15,55,215,187,28,24.561403508771928,5.263157894736842,19.298245614035086,75.43859649122807,65.6140350877193,9.824561403508772
E00052147,129,37,8,29,92,76,16,28.68217054263566,6.2015503875969,22.48062015503876,71.31782945736434,58.91472868217055,12.4031007751938
E00052148,105,25,12,13,80,65,15,23.809523809523807,11.428571428571429,12.380952380952381,76.19047619047619,61.904761904761905,14.285714285714285
E00052149,89,27,6,21,62,52,10,30.337078651685395,6.741573033707865,23.595505617977526,69.66292134831461,58.42696629213483,11.235955056179774
E00052150,142,37,14,23,105,85,20,26.056338028169012,9.859154929577464,16.19718309859155,73.94366197183099,59.859154929577464,14.084507042253522
E00052151,200,66,28,38,134,106,28,33,14.000000000000002,19,67,53,14.000000000000002
E00052152,145,44,14,30,101,86,15,30.344827586206897,9.655172413793103,20.689655172413794,69.6551724137931,59.310344827586206,10.344827586206897
E00052153,150,46,9,37,104,91,13,30.666666666666664,6,24.666666666666668,69.33333333333334,60.66666666666667,8.666666666666668
E00052154,117,36,8,28,81,75,6,30.76923076923077,6.837606837606838,23.931623931623932,69.23076923076923,64.1025641025641,5.128205128205128
E00052155,111,26,7,19,85,68,17,23.423423423423422,6.306306306306306,17.117117117117118,76.57657657657657,61.261261261261254,15.315315315315313
E00052156,153,39,13,26,114,96,18,25.49019607843137,8.49673202614379,16.99346405228758,74.50980392156863,62.745098039215684,11.76470588235294
E00052157,173,38,11,27,135,117,18,21.965317919075144,6.358381502890173,15.606936416184972,78.03468208092485,67.63005780346822,10.404624277456648
E00052159,108,32,10,22,76,67,9,29.629629629629626,9.25925925925926,20.37037037037037,70.37037037037037,62.03703703703704,8.333333333333332
E00052161,102,35,8,27,67,62,5,34.31372549019608,7.8431372549019605,26.47058823529412,65.68627450980392,60.78431372549019,4.901960784313726
E00052162,93,36,10,26,57,53,4,38.70967741935484,10.75268817204301,27.956989247311824,61.29032258064516,56.98924731182796,4.301075268817205
E00052163,155,46,9,37,109,98,11,29.677419354838708,5.806451612903226,23.870967741935484,70.3225806451613,63.2258064516129,7.096774193548387
E00052164,104,31,11,20,73,68,5,29.807692307692307,10.576923076923077,19.230769230769234,70.1923076923077,65.38461538461539,4.807692307692308
E00052165,157,48,6,42,109,90,19,30.573248407643312,3.821656050955414,26.751592356687897,69.42675159235668,57.324840764331206,12.101910828025478
E00052166,136,45,7,38,91,80,11,33.088235294117645,5.147058823529411,27.941176470588236,66.91176470588235,58.82352941176471,8.088235294117647
E00052167,144,37,11,26,107,88,19,25.694444444444443,7.638888888888889,18.055555555555554,74.30555555555556,61.111111111111114,13.194444444444445
E00052168,216,49,15,34,167,143,24,22.685185185185187,6.944444444444445,15.74074074074074,77.31481481481481,66.20370370370371,11.11111111111111
E00052169,157,48,13,35,109,97,12,30.573248407643312,8.280254777070063,22.29299363057325,69.42675159235668,61.78343949044586,7.643312101910828
E00052170,126,28,9,19,98,87,11,22.22222222222222,7.142857142857142,15.079365079365079,77.77777777777779,69.04761904761905,8.73015873015873
E00052171,139,46,17,29,93,79,14,33.093525179856115,12.23021582733813,20.863309352517987,66.90647482014388,56.83453237410072,10.071942446043165
E00052172,113,32,8,24,81,67,14,28.31858407079646,7.079646017699115,21.238938053097346,71.68141592920354,59.29203539823009,12.389380530973451
E00052173,77,23,6,17,54,46,8,29.87012987012987,7.792207792207792,22.07792207792208,70.12987012987013,59.74025974025974,10.38961038961039
E00052174,256,51,16,35,205,177,28,19.921875,6.25,13.671875,80.078125,69.140625,10.9375
E00052175,116,37,7,30,79,71,8,31.896551724137932,6.0344827586206895,25.862068965517242,68.10344827586206,61.206896551724135,6.896551724137931
E00052176,90,27,10,17,63,58,5,30,11.11111111111111,18.88888888888889,70,64.44444444444444,5.555555555555555
E00052177,132,37,7,30,95,80,15,28.030303030303028,5.303030303030303,22.727272727272727,71.96969696969697,60.60606060606061,11.363636363636363
E00052178,132,34,9,25,98,87,11,25.757575757575758,6.8181818181818175,18.939393939393938,74.24242424242425,65.9090909090909,8.333333333333332
E00052179,161,49,14,35,112,96,16,30.434782608695656,8.695652173913043,21.73913043478261,69.56521739130434,59.62732919254658,9.937888198757763
E00052180,147,59,18,41,88,80,8,40.136054421768705,12.244897959183673,27.89115646258503,59.863945578231295,54.421768707483,5.442176870748299
E00052181,116,28,9,19,88,73,15,24.137931034482758,7.758620689655173,16.379310344827587,75.86206896551724,62.93103448275862,12.931034482758621
E00052182,166,53,24,29,113,95,18,31.92771084337349,14.457831325301203,17.46987951807229,68.07228915662651,57.22891566265061,10.843373493975903
E00052183,112,40,10,30,72,60,12,35.714285714285715,8.928571428571429,26.785714285714285,64.28571428571429,53.57142857142857,10.714285714285714
E00052184,141,36,10,26,105,92,13,25.53191489361702,7.092198581560284,18.439716312056735,74.46808510638297,65.24822695035462,9.219858156028367
E00052185,141,38,14,24,103,85,18,26.95035460992908,9.929078014184398,17.02127659574468,73.04964539007092,60.28368794326241,12.76595744680851
E00052186,162,50,17,33,112,95,17,30.864197530864196,10.493827160493826,20.37037037037037,69.1358024691358,58.64197530864198,10.493827160493826
E00052187,135,43,9,34,92,85,7,31.851851851851855,6.666666666666667,25.185185185185183,68.14814814814815,62.96296296296296,5.185185185185185
E00052188,188,54,17,37,134,121,13,28.723404255319153,9.042553191489363,19.680851063829788,71.27659574468085,64.36170212765957,6.914893617021277
E00052189,87,19,6,13,68,62,6,21.839080459770116,6.896551724137931,14.942528735632186,78.16091954022988,71.26436781609196,6.896551724137931
E00052190,135,29,3,26,106,91,15,21.48148148148148,2.2222222222222223,19.25925925925926,78.51851851851852,67.4074074074074,11.11111111111111
E00052191,125,38,8,30,87,75,12,30.4,6.4,24,69.6,60,9.6
E00052192,158,48,20,28,110,90,20,30.37974683544304,12.658227848101266,17.72151898734177,69.62025316455697,56.9620253164557,12.658227848101266
E00052193,175,60,17,43,115,91,24,34.285714285714285,9.714285714285714,24.571428571428573,65.71428571428571,52,13.714285714285715
E00052194,215,59,23,36,156,130,26,27.44186046511628,10.69767441860465,16.74418604651163,72.55813953488372,60.46511627906976,12.093023255813954
E00052195,151,36,11,25,115,105,10,23.841059602649008,7.28476821192053,16.55629139072848,76.15894039735099,69.5364238410596,6.622516556291391
E00052196,140,32,10,22,108,89,19,22.857142857142858,7.142857142857142,15.714285714285714,77.14285714285715,63.57142857142857,13.571428571428571
E00052197,112,32,18,14,80,69,11,28.57142857142857,16.071428571428573,12.5,71.42857142857143,61.60714285714286,9.821428571428571
E00052198,147,34,12,22,113,104,9,23.12925170068027,8.16326530612245,14.965986394557824,76.87074829931973,70.74829931972789,6.122448979591836
E00052199,177,69,26,43,108,87,21,38.983050847457626,14.689265536723164,24.293785310734464,61.016949152542374,49.152542372881356,11.864406779661017
E00052200,190,48,12,36,142,123,19,25.263157894736842,6.315789473684211,18.947368421052634,74.73684210526315,64.73684210526316,10
E00052201,150,41,15,26,109,99,10,27.333333333333332,10,17.333333333333336,72.66666666666667,66,6.666666666666667
E00052202,141,49,17,32,92,79,13,34.751773049645394,12.056737588652481,22.69503546099291,65.24822695035462,56.02836879432624,9.219858156028367
E00052203,162,43,14,29,119,100,19,26.543209876543212,8.641975308641975,17.901234567901234,73.4567901234568,61.72839506172839,11.728395061728394
E00052204,221,65,27,38,156,122,34,29.411764705882355,12.217194570135746,17.194570135746606,70.58823529411765,55.203619909502265,15.384615384615385
E00052205,229,63,21,42,166,142,24,27.510917030567683,9.170305676855897,18.340611353711793,72.48908296943232,62.00873362445415,10.480349344978166
E00052206,143,44,14,30,99,85,14,30.76923076923077,9.79020979020979,20.97902097902098,69.23076923076923,59.44055944055944,9.79020979020979
E00052207,106,29,4,25,77,69,8,27.358490566037734,3.7735849056603774,23.58490566037736,72.64150943396226,65.09433962264151,7.547169811320755
E00052208,182,57,13,44,125,106,19,31.318681318681318,7.142857142857142,24.175824175824175,68.68131868131869,58.24175824175825,10.43956043956044
E00052209,140,41,7,34,99,75,24,29.28571428571429,5,24.285714285714285,70.71428571428572,53.57142857142857,17.142857142857142
E00052210,145,38,14,24,107,97,10,26.20689655172414,9.655172413793103,16.551724137931036,73.79310344827587,66.89655172413794,6.896551724137931
E00052211,230,57,21,36,173,140,33,24.782608695652176,9.130434782608695,15.65217391304348,75.21739130434783,60.86956521739131,14.347826086956522
E00052212,158,42,24,18,116,98,18,26.582278481012654,15.18987341772152,11.39240506329114,73.41772151898735,62.0253164556962,11.39240506329114
E00052213,184,64,27,37,120,101,19,34.78260869565217,14.673913043478262,20.108695652173914,65.21739130434783,54.891304347826086,10.326086956521738
E00052214,229,60,22,38,169,144,25,26.200873362445414,9.606986899563319,16.593886462882097,73.7991266375546,62.882096069869,10.91703056768559
E00052215,137,46,16,30,91,79,12,33.57664233576642,11.678832116788321,21.897810218978105,66.42335766423358,57.66423357664233,8.75912408759124
E00052216,169,56,18,38,113,105,8,33.13609467455622,10.650887573964498,22.485207100591715,66.86390532544378,62.1301775147929,4.733727810650888
E00052217,132,51,20,31,81,68,13,38.63636363636363,15.151515151515152,23.484848484848484,61.36363636363637,51.515151515151516,9.848484848484848
E00052218,175,62,16,46,113,104,9,35.42857142857142,9.142857142857142,26.285714285714285,64.57142857142857,59.42857142857143,5.142857142857142
E00052219,161,60,18,42,101,92,9,37.267080745341616,11.180124223602485,26.08695652173913,62.732919254658384,57.14285714285714,5.590062111801243
E00052220,156,49,12,37,107,95,12,31.41025641025641,7.6923076923076925,23.717948717948715,68.58974358974359,60.89743589743589,7.6923076923076925
E00052221,143,58,18,40,85,80,5,40.55944055944056,12.587412587412588,27.972027972027973,59.44055944055944,55.94405594405595,3.4965034965034967
E00052222,116,62,21,41,54,50,4,53.44827586206896,18.103448275862068,35.3448275862069,46.55172413793103,43.103448275862064,3.4482758620689653
E00052223,147,75,19,56,72,61,11,51.02040816326531,12.925170068027212,38.095238095238095,48.97959183673469,41.49659863945578,7.482993197278912
E00052224,158,74,22,52,84,76,8,46.835443037974684,13.924050632911392,32.91139240506329,53.16455696202531,48.10126582278481,5.063291139240507
E00052225,173,55,14,41,118,104,14,31.79190751445087,8.092485549132949,23.699421965317917,68.20809248554913,60.115606936416185,8.092485549132949
E00052226,159,60,19,41,99,87,12,37.735849056603776,11.949685534591195,25.78616352201258,62.264150943396224,54.71698113207547,7.547169811320755
E00052227,78,33,6,27,45,45,0,42.30769230769231,7.6923076923076925,34.61538461538461,57.692307692307686,57.692307692307686,0
E00052228,145,71,14,57,74,64,10,48.96551724137931,9.655172413793103,39.310344827586206,51.03448275862069,44.13793103448276,6.896551724137931
E00052229,124,64,26,38,60,50,10,51.61290322580645,20.967741935483872,30.64516129032258,48.38709677419355,40.32258064516129,8.064516129032258
E00052230,128,58,13,45,70,63,7,45.3125,10.15625,35.15625,54.6875,49.21875,5.46875
E00052231,161,79,19,60,82,68,14,49.06832298136646,11.801242236024844,37.267080745341616,50.931677018633536,42.2360248447205,8.695652173913043
E00052232,113,47,11,36,66,62,4,41.5929203539823,9.734513274336283,31.858407079646017,58.4070796460177,54.86725663716814,3.5398230088495577
E00052233,131,52,16,36,79,68,11,39.69465648854962,12.213740458015266,27.480916030534353,60.30534351145038,51.908396946564885,8.396946564885496
E00052234,139,59,19,40,80,70,10,42.44604316546763,13.66906474820144,28.776978417266186,57.55395683453237,50.35971223021583,7.1942446043165464
E00052235,179,47,18,29,132,109,23,26.256983240223462,10.05586592178771,16.201117318435752,73.74301675977654,60.893854748603346,12.849162011173185
E00052236,139,57,20,37,82,76,6,41.007194244604314,14.388489208633093,26.618705035971225,58.992805755395686,54.67625899280576,4.316546762589928
E00052237,197,86,24,62,111,105,6,43.65482233502538,12.18274111675127,31.472081218274113,56.34517766497462,53.299492385786806,3.0456852791878175
E00052238,161,44,15,29,117,106,11,27.32919254658385,9.316770186335404,18.012422360248447,72.67080745341616,65.83850931677019,6.832298136645963
E00052239,194,58,13,45,136,117,19,29.896907216494846,6.701030927835052,23.195876288659793,70.10309278350515,60.30927835051546,9.793814432989691
E00052240,151,57,16,41,94,83,11,37.74834437086093,10.596026490066226,27.1523178807947,62.251655629139066,54.966887417218544,7.28476821192053
E00052241,181,70,19,51,111,98,13,38.67403314917127,10.497237569060774,28.176795580110497,61.32596685082873,54.14364640883977,7.18232044198895
E00052242,123,56,21,35,67,64,3,45.52845528455284,17.073170731707318,28.455284552845526,54.47154471544715,52.03252032520326,2.4390243902439024
E00052243,187,70,16,54,117,107,10,37.4331550802139,8.55614973262032,28.87700534759358,62.56684491978609,57.21925133689839,5.347593582887701
E00052244,124,42,15,27,82,71,11,33.87096774193548,12.096774193548388,21.774193548387096,66.12903225806451,57.25806451612904,8.870967741935484
E00052245,132,44,16,28,88,79,9,33.33333333333333,12.121212121212121,21.21212121212121,66.66666666666666,59.84848484848485,6.8181818181818175
E00052246,131,43,15,28,88,78,10,32.82442748091603,11.450381679389313,21.374045801526716,67.17557251908397,59.541984732824424,7.633587786259542
E00052247,161,57,20,37,104,91,13,35.40372670807454,12.422360248447205,22.981366459627328,64.59627329192547,56.52173913043478,8.074534161490684
E00052248,160,46,13,33,114,101,13,28.749999999999996,8.125,20.625,71.25,63.125,8.125
E00052249,188,81,35,46,107,99,8,43.08510638297872,18.617021276595743,24.46808510638298,56.91489361702128,52.659574468085104,4.25531914893617
E00052250,122,59,12,47,63,50,13,48.36065573770492,9.836065573770492,38.52459016393443,51.63934426229508,40.98360655737705,10.655737704918032
E00052251,117,70,19,51,47,44,3,59.82905982905983,16.23931623931624,43.58974358974359,40.17094017094017,37.60683760683761,2.564102564102564
E00052252,124,66,21,45,58,52,6,53.2258064516129,16.93548387096774,36.29032258064516,46.774193548387096,41.935483870967744,4.838709677419355
E00052253,111,58,18,40,53,48,5,52.25225225225225,16.216216216216218,36.03603603603604,47.74774774774775,43.24324324324324,4.504504504504505
E00052254,138,64,21,43,74,68,6,46.3768115942029,15.217391304347828,31.15942028985507,53.62318840579711,49.275362318840585,4.3478260869565215
E00052255,143,84,23,61,59,52,7,58.74125874125874,16.083916083916083,42.65734265734265,41.25874125874126,36.36363636363637,4.895104895104895
E00052256,127,60,26,34,67,59,8,47.24409448818898,20.47244094488189,26.77165354330709,52.75590551181102,46.45669291338583,6.299212598425196
E00052257,100,47,9,38,53,44,9,47,9,38,53,44,9
E00052258,123,62,13,49,61,55,6,50.40650406504065,10.569105691056912,39.83739837398374,49.59349593495935,44.71544715447154,4.878048780487805
E00052259,145,60,9,51,85,75,10,41.37931034482759,6.206896551724138,35.172413793103445,58.620689655172406,51.724137931034484,6.896551724137931
E00052260,108,49,12,37,59,50,9,45.370370370370374,11.11111111111111,34.25925925925926,54.629629629629626,46.2962962962963,8.333333333333332
E00052261,143,61,11,50,82,75,7,42.65734265734265,7.6923076923076925,34.96503496503497,57.34265734265735,52.44755244755245,4.895104895104895
E00052262,149,63,20,43,86,74,12,42.281879194630875,13.422818791946309,28.859060402684566,57.71812080536913,49.664429530201346,8.053691275167784
E00052263,167,48,13,35,119,99,20,28.74251497005988,7.784431137724551,20.958083832335326,71.25748502994011,59.281437125748504,11.976047904191617
E00052264,127,39,19,20,88,80,8,30.708661417322837,14.960629921259844,15.748031496062993,69.29133858267717,62.99212598425197,6.299212598425196
E00052265,160,34,12,22,126,107,19,21.25,7.5,13.750000000000002,78.75,66.875,11.875
E00052266,158,34,9,25,124,115,9,21.518987341772153,5.69620253164557,15.822784810126583,78.48101265822784,72.78481012658227,5.69620253164557
E00052267,138,36,8,28,102,89,13,26.08695652173913,5.797101449275362,20.28985507246377,73.91304347826086,64.4927536231884,9.420289855072465
E00052268,192,56,9,47,136,118,18,29.166666666666668,4.6875,24.479166666666664,70.83333333333334,61.458333333333336,9.375
E00052269,200,53,15,38,147,129,18,26.5,7.5,19,73.5,64.5,9
E00052270,169,41,11,30,128,109,19,24.2603550295858,6.508875739644971,17.75147928994083,75.7396449704142,64.49704142011834,11.242603550295858
E00052271,131,34,11,23,97,81,16,25.954198473282442,8.396946564885496,17.557251908396946,74.04580152671755,61.832061068702295,12.213740458015266
E00052272,266,65,23,42,201,181,20,24.43609022556391,8.646616541353383,15.789473684210526,75.56390977443608,68.04511278195488,7.518796992481203
E00052273,120,28,6,22,92,82,10,23.333333333333332,5,18.333333333333332,76.66666666666667,68.33333333333333,8.333333333333332
E00052274,110,32,9,23,78,66,12,29.09090909090909,8.181818181818182,20.909090909090907,70.9090909090909,60,10.909090909090908
E00052275,125,42,11,31,83,72,11,33.6,8.799999999999999,24.8,66.4,57.599999999999994,8.799999999999999
E00052276,137,46,20,26,91,81,10,33.57664233576642,14.5985401459854,18.97810218978102,66.42335766423358,59.12408759124088,7.2992700729927
E00052277,184,59,13,46,125,118,7,32.065217391304344,7.065217391304348,25,67.93478260869566,64.13043478260869,3.804347826086957
E00052278,112,40,10,30,72,63,9,35.714285714285715,8.928571428571429,26.785714285714285,64.28571428571429,56.25,8.035714285714286
E00052279,122,39,10,29,83,67,16,31.967213114754102,8.19672131147541,23.770491803278688,68.0327868852459,54.91803278688525,13.114754098360656
E00052280,122,37,14,23,85,73,12,30.327868852459016,11.475409836065573,18.852459016393443,69.67213114754098,59.83606557377049,9.836065573770492
E00052281,123,28,5,23,95,85,10,22.76422764227642,4.0650406504065035,18.69918699186992,77.23577235772358,69.10569105691057,8.130081300813007
E00052282,134,33,8,25,101,84,17,24.62686567164179,5.970149253731343,18.65671641791045,75.3731343283582,62.68656716417911,12.686567164179104
E00052283,97,32,5,27,65,54,11,32.98969072164948,5.154639175257731,27.835051546391753,67.0103092783505,55.670103092783506,11.34020618556701
E00052284,118,36,10,26,82,73,9,30.508474576271187,8.47457627118644,22.033898305084744,69.49152542372882,61.86440677966102,7.627118644067797
E00052285,134,35,5,30,99,87,12,26.119402985074625,3.731343283582089,22.388059701492537,73.88059701492537,64.92537313432835,8.955223880597014
E00052286,124,32,8,24,92,79,13,25.806451612903224,6.451612903225806,19.35483870967742,74.19354838709677,63.70967741935484,10.483870967741936
E00052287,137,34,13,21,103,92,11,24.817518248175183,9.48905109489051,15.328467153284672,75.18248175182481,67.15328467153284,8.02919708029197
E00052288,125,39,7,32,86,74,12,31.2,5.6000000000000005,25.6,68.8,59.199999999999996,9.6
E00052289,106,32,7,25,74,61,13,30.18867924528302,6.60377358490566,23.58490566037736,69.81132075471697,57.54716981132076,12.264150943396226
E00052290,100,24,3,21,76,62,14,24,3,21,76,62,14.000000000000002
E00052291,124,38,15,23,86,71,15,30.64516129032258,12.096774193548388,18.548387096774192,69.35483870967742,57.25806451612904,12.096774193548388
E00052292,145,47,18,29,98,82,16,32.41379310344827,12.413793103448276,20,67.58620689655173,56.55172413793104,11.03448275862069
E00052293,153,40,11,29,113,99,14,26.143790849673206,7.18954248366013,18.954248366013072,73.8562091503268,64.70588235294117,9.15032679738562
E00052294,107,27,9,18,80,71,9,25.233644859813083,8.411214953271028,16.822429906542055,74.76635514018692,66.35514018691589,8.411214953271028
E00052295,93,35,7,28,58,56,2,37.634408602150536,7.526881720430108,30.107526881720432,62.365591397849464,60.215053763440864,2.1505376344086025
E00052296,173,40,8,32,133,119,14,23.121387283236995,4.624277456647398,18.497109826589593,76.878612716763,68.78612716763006,8.092485549132949
E00052297,94,23,7,16,71,62,9,24.46808510638298,7.446808510638298,17.02127659574468,75.53191489361703,65.95744680851064,9.574468085106384
E00052298,151,38,10,28,113,101,12,25.165562913907287,6.622516556291391,18.543046357615893,74.83443708609272,66.88741721854305,7.9470198675496695
E00052299,93,31,10,21,62,49,13,33.33333333333333,10.75268817204301,22.58064516129032,66.66666666666666,52.68817204301075,13.978494623655912
E00052300,112,36,10,26,76,66,10,32.142857142857146,8.928571428571429,23.214285714285715,67.85714285714286,58.92857142857143,8.928571428571429
E00052301,147,46,12,34,101,86,15,31.292517006802722,8.16326530612245,23.12925170068027,68.70748299319727,58.50340136054422,10.204081632653061
E00052302,157,36,14,22,121,105,16,22.929936305732486,8.9171974522293,14.012738853503185,77.07006369426752,66.87898089171973,10.191082802547772
E00052303,123,33,8,25,90,77,13,26.82926829268293,6.504065040650407,20.32520325203252,73.17073170731707,62.601626016260155,10.569105691056912
E00052304,111,38,12,26,73,67,6,34.234234234234236,10.81081081081081,23.423423423423422,65.76576576576578,60.36036036036037,5.405405405405405
E00052305,122,27,9,18,95,83,12,22.131147540983605,7.377049180327869,14.754098360655737,77.8688524590164,68.0327868852459,9.836065573770492
E00052306,106,26,9,17,80,69,11,24.528301886792452,8.49056603773585,16.037735849056602,75.47169811320755,65.09433962264151,10.377358490566039
E00052307,237,65,20,45,172,151,21,27.42616033755274,8.438818565400844,18.9873417721519,72.57383966244726,63.71308016877637,8.860759493670885
E00052308,80,22,7,15,58,46,12,27.500000000000004,8.75,18.75,72.5,57.49999999999999,15
E00052309,153,44,12,32,109,93,16,28.75816993464052,7.8431372549019605,20.915032679738562,71.24183006535948,60.78431372549019,10.457516339869281
E00052310,135,37,13,24,98,84,14,27.40740740740741,9.62962962962963,17.77777777777778,72.5925925925926,62.22222222222222,10.37037037037037
E00052311,180,43,7,36,137,120,17,23.88888888888889,3.888888888888889,20,76.11111111111111,66.66666666666666,9.444444444444445
E00052312,126,43,15,28,83,78,5,34.12698412698413,11.904761904761903,22.22222222222222,65.87301587301587,61.904761904761905,3.968253968253968
E00052313,108,39,12,27,69,57,12,36.11111111111111,11.11111111111111,25,63.888888888888886,52.77777777777778,11.11111111111111
E00052314,149,40,10,30,109,94,15,26.845637583892618,6.7114093959731544,20.13422818791946,73.15436241610739,63.08724832214765,10.06711409395973
E00052315,160,49,17,32,111,102,9,30.625000000000004,10.625,20,69.375,63.74999999999999,5.625
E00052316,155,44,17,27,111,98,13,28.387096774193548,10.967741935483872,17.419354838709676,71.61290322580646,63.2258064516129,8.38709677419355
E00052317,162,44,14,30,118,106,12,27.160493827160494,8.641975308641975,18.51851851851852,72.8395061728395,65.4320987654321,7.4074074074074066
E00052318,130,38,13,25,92,76,16,29.230769230769234,10,19.230769230769234,70.76923076923077,58.46153846153847,12.307692307692308
E00052319,150,34,9,25,116,103,13,22.666666666666664,6,16.666666666666664,77.33333333333333,68.66666666666667,8.666666666666668
E00052320,92,31,12,19,61,49,12,33.69565217391305,13.043478260869565,20.652173913043477,66.30434782608695,53.2608695652174,13.043478260869565
E00052321,166,48,13,35,118,105,13,28.915662650602407,7.83132530120482,21.084337349397593,71.08433734939759,63.25301204819277,7.83132530120482
E00052322,165,46,15,31,119,103,16,27.878787878787882,9.090909090909092,18.787878787878785,72.12121212121212,62.42424242424243,9.696969696969697
E00052323,110,33,11,22,77,66,11,30,10,20,70,60,10
E00052324,138,43,14,29,95,81,14,31.15942028985507,10.144927536231885,21.014492753623188,68.84057971014492,58.69565217391305,10.144927536231885
E00052325,153,35,11,24,118,107,11,22.875816993464053,7.18954248366013,15.686274509803921,77.12418300653596,69.93464052287581,7.18954248366013
E00052326,127,28,7,21,99,90,9,22.04724409448819,5.511811023622047,16.535433070866144,77.95275590551181,70.86614173228347,7.086614173228346
E00052327,160,47,15,32,113,100,13,29.375,9.375,20,70.625,62.5,8.125
E00052328,128,36,15,21,92,76,16,28.125,11.71875,16.40625,71.875,59.375,12.5
E00052329,148,53,14,39,95,80,15,35.810810810810814,9.45945945945946,26.351351351351347,64.1891891891892,54.054054054054056,10.135135135135135
E00052330,148,37,12,25,111,97,14,25,8.108108108108109,16.89189189189189,75,65.54054054054053,9.45945945945946
E00052332,179,61,18,43,118,109,9,34.07821229050279,10.05586592178771,24.022346368715084,65.92178770949721,60.893854748603346,5.027932960893855
E00052333,140,37,8,29,103,96,7,26.42857142857143,5.714285714285714,20.714285714285715,73.57142857142858,68.57142857142857,5
E00052334,144,42,18,24,102,84,18,29.166666666666668,12.5,16.666666666666664,70.83333333333334,58.333333333333336,12.5
E00052335,190,56,15,41,134,112,22,29.47368421052631,7.894736842105263,21.578947368421055,70.52631578947368,58.94736842105262,11.578947368421053
E00052336,137,38,5,33,99,84,15,27.73722627737226,3.64963503649635,24.087591240875913,72.26277372262774,61.31386861313869,10.948905109489052
E00052337,149,50,13,37,99,89,10,33.557046979865774,8.724832214765101,24.832214765100673,66.44295302013423,59.73154362416108,6.7114093959731544
E00052338,201,63,15,48,138,124,14,31.343283582089555,7.462686567164178,23.88059701492537,68.65671641791045,61.69154228855721,6.965174129353234
E00052339,126,34,12,22,92,83,9,26.984126984126984,9.523809523809524,17.46031746031746,73.01587301587301,65.87301587301587,7.142857142857142
E00052340,124,46,15,31,78,69,9,37.096774193548384,12.096774193548388,25,62.903225806451616,55.64516129032258,7.258064516129033
E00052341,129,46,19,27,83,77,6,35.65891472868217,14.728682170542637,20.930232558139537,64.34108527131784,59.68992248062015,4.651162790697675
E00052342,151,50,15,35,101,90,11,33.11258278145696,9.933774834437086,23.178807947019866,66.88741721854305,59.60264900662252,7.28476821192053
E00052343,163,65,13,52,98,87,11,39.87730061349693,7.975460122699387,31.901840490797547,60.122699386503065,53.37423312883436,6.748466257668712
E00052344,138,58,21,37,80,65,15,42.028985507246375,15.217391304347828,26.811594202898554,57.971014492753625,47.10144927536232,10.869565217391305
E00052345,136,45,21,24,91,85,6,33.088235294117645,15.441176470588236,17.647058823529413,66.91176470588235,62.5,4.411764705882353
E00052346,149,45,9,36,104,98,6,30.201342281879196,6.0402684563758395,24.161073825503358,69.79865771812081,65.77181208053692,4.026845637583892
E00052347,84,36,14,22,48,48,0,42.857142857142854,16.666666666666664,26.190476190476193,57.14285714285714,57.14285714285714,0
E00052349,150,55,15,40,95,84,11,36.666666666666664,10,26.666666666666668,63.33333333333333,56.00000000000001,7.333333333333333
E00052350,99,41,10,31,58,49,9,41.41414141414141,10.1010101010101,31.313131313131315,58.58585858585859,49.494949494949495,9.090909090909092
E00052351,154,49,17,32,105,96,9,31.818181818181817,11.03896103896104,20.77922077922078,68.18181818181817,62.33766233766234,5.844155844155844
E00052352,123,42,9,33,81,76,5,34.146341463414636,7.317073170731707,26.82926829268293,65.85365853658537,61.78861788617886,4.0650406504065035
E00052353,92,46,17,29,46,38,8,50,18.478260869565215,31.521739130434785,50,41.30434782608695,8.695652173913043
E00052354,100,43,13,30,57,50,7,43,13,30,56.99999999999999,50,7.000000000000001
E00052355,135,71,26,45,64,55,9,52.59259259259259,19.25925925925926,33.33333333333333,47.40740740740741,40.74074074074074,6.666666666666667
E00052356,134,57,17,40,77,65,12,42.53731343283582,12.686567164179104,29.850746268656714,57.46268656716418,48.507462686567166,8.955223880597014
E00052357,141,40,12,28,101,89,12,28.368794326241137,8.51063829787234,19.858156028368796,71.63120567375887,63.12056737588653,8.51063829787234
E00052358,91,25,8,17,66,59,7,27.472527472527474,8.791208791208792,18.681318681318682,72.52747252747253,64.83516483516483,7.6923076923076925
E00052359,141,52,16,36,89,82,7,36.87943262411347,11.347517730496454,25.53191489361702,63.12056737588653,58.156028368794324,4.964539007092199
E00052360,142,50,15,35,92,80,12,35.2112676056338,10.56338028169014,24.647887323943664,64.7887323943662,56.33802816901409,8.450704225352112
E00052361,110,33,15,18,77,64,13,30,13.636363636363635,16.363636363636363,70,58.18181818181818,11.818181818181818
E00052362,146,65,22,43,81,72,9,44.52054794520548,15.068493150684931,29.45205479452055,55.47945205479452,49.31506849315068,6.164383561643835
E00052363,145,56,12,44,89,79,10,38.62068965517241,8.275862068965518,30.344827586206897,61.37931034482759,54.48275862068965,6.896551724137931
E00052364,148,54,15,39,94,80,14,36.486486486486484,10.135135135135135,26.351351351351347,63.51351351351351,54.054054054054056,9.45945945945946
E00052365,120,44,13,31,76,67,9,36.666666666666664,10.833333333333334,25.833333333333336,63.33333333333333,55.833333333333336,7.5
E00052366,164,58,21,37,106,91,15,35.36585365853659,12.804878048780488,22.5609756097561,64.63414634146342,55.487804878048784,9.146341463414634
E00052367,149,55,15,40,94,85,9,36.91275167785235,10.06711409395973,26.845637583892618,63.08724832214765,57.04697986577181,6.0402684563758395
E00052368,108,37,7,30,71,60,11,34.25925925925926,6.481481481481481,27.77777777777778,65.74074074074075,55.55555555555556,10.185185185185185
E00052369,190,66,27,39,124,113,11,34.73684210526316,14.210526315789473,20.526315789473685,65.26315789473685,59.473684210526315,5.7894736842105265
E00052370,153,50,13,37,103,93,10,32.6797385620915,8.49673202614379,24.183006535947712,67.3202614379085,60.78431372549019,6.535947712418301
E00052371,158,62,12,50,96,90,6,39.24050632911392,7.59493670886076,31.645569620253166,60.75949367088608,56.9620253164557,3.79746835443038
E00052372,103,35,9,26,68,58,10,33.980582524271846,8.737864077669903,25.24271844660194,66.01941747572816,56.310679611650485,9.70873786407767
E00052373,91,39,5,34,52,42,10,42.857142857142854,5.4945054945054945,37.362637362637365,57.14285714285714,46.15384615384615,10.989010989010989
E00052374,122,43,11,32,79,74,5,35.24590163934426,9.01639344262295,26.229508196721312,64.75409836065575,60.65573770491803,4.098360655737705
E00052375,115,44,7,37,71,62,9,38.26086956521739,6.086956521739131,32.17391304347826,61.73913043478261,53.91304347826087,7.82608695652174
E00052376,226,70,30,40,156,124,32,30.973451327433626,13.274336283185843,17.699115044247787,69.02654867256636,54.86725663716814,14.15929203539823
E00052377,107,48,11,37,59,54,5,44.85981308411215,10.2803738317757,34.57943925233645,55.140186915887845,50.467289719626166,4.672897196261682
E00052378,82,26,11,15,56,51,5,31.70731707317073,13.414634146341465,18.29268292682927,68.29268292682927,62.19512195121951,6.097560975609756
E00052379,148,59,23,36,89,77,12,39.86486486486486,15.54054054054054,24.324324324324326,60.13513513513513,52.02702702702703,8.108108108108109
E00052381,139,38,10,28,101,92,9,27.33812949640288,7.1942446043165464,20.14388489208633,72.66187050359713,66.18705035971223,6.474820143884892
E00052384,110,48,18,30,62,50,12,43.63636363636363,16.363636363636363,27.27272727272727,56.36363636363636,45.45454545454545,10.909090909090908
E00052385,116,33,7,26,83,75,8,28.448275862068968,6.0344827586206895,22.413793103448278,71.55172413793103,64.65517241379311,6.896551724137931
E00052386,207,65,14,51,142,123,19,31.40096618357488,6.763285024154589,24.637681159420293,68.59903381642512,59.42028985507246,9.178743961352657
E00052387,162,54,10,44,108,98,10,33.33333333333333,6.172839506172839,27.160493827160494,66.66666666666666,60.49382716049383,6.172839506172839
E00052388,131,46,13,33,85,85,0,35.11450381679389,9.923664122137405,25.190839694656486,64.8854961832061,64.8854961832061,0
E00052389,135,51,18,33,84,74,10,37.77777777777778,13.333333333333334,24.444444444444443,62.22222222222222,54.81481481481482,7.4074074074074066
E00052391,80,19,7,12,61,52,9,23.75,8.75,15,76.25,65,11.25
E00052392,147,54,10,44,93,82,11,36.734693877551024,6.802721088435375,29.931972789115648,63.26530612244898,55.78231292517006,7.482993197278912
E00052393,72,30,10,20,42,42,0,41.66666666666667,13.88888888888889,27.77777777777778,58.333333333333336,58.333333333333336,0
E00052395,139,40,10,30,99,73,26,28.776978417266186,7.1942446043165464,21.58273381294964,71.22302158273382,52.51798561151079,18.705035971223023
E00052396,183,51,14,37,132,112,20,27.86885245901639,7.650273224043716,20.21857923497268,72.1311475409836,61.20218579234973,10.92896174863388
E00052397,79,29,13,16,50,48,2,36.708860759493675,16.455696202531644,20.253164556962027,63.29113924050633,60.75949367088608,2.5316455696202533
E00052399,139,62,21,41,77,77,0,44.60431654676259,15.107913669064748,29.496402877697843,55.39568345323741,55.39568345323741,0
E00052400,109,39,14,25,70,64,6,35.77981651376147,12.844036697247708,22.93577981651376,64.22018348623854,58.71559633027523,5.5045871559633035
E00052401,109,60,26,34,49,46,3,55.04587155963303,23.853211009174313,31.19266055045872,44.95412844036697,42.201834862385326,2.7522935779816518
E00052402,85,40,20,20,45,41,4,47.05882352941176,23.52941176470588,23.52941176470588,52.94117647058824,48.23529411764706,4.705882352941177
E00052404,173,53,23,30,120,106,14,30.63583815028902,13.294797687861271,17.341040462427745,69.36416184971098,61.27167630057804,8.092485549132949
E00052406,131,45,9,36,86,75,11,34.35114503816794,6.870229007633588,27.480916030534353,65.64885496183206,57.25190839694656,8.396946564885496
E00052407,162,38,9,29,124,106,18,23.456790123456788,5.555555555555555,17.901234567901234,76.5432098765432,65.4320987654321,11.11111111111111
E00052408,93,40,11,29,53,52,1,43.01075268817204,11.827956989247312,31.182795698924732,56.98924731182796,55.91397849462365,1.0752688172043012
E00052409,178,54,19,35,124,110,14,30.337078651685395,10.674157303370785,19.662921348314608,69.66292134831461,61.79775280898876,7.865168539325842
E00052410,94,28,3,25,66,55,11,29.78723404255319,3.1914893617021276,26.595744680851062,70.2127659574468,58.51063829787234,11.702127659574469
E00052411,134,45,20,25,89,66,23,33.582089552238806,14.925373134328357,18.65671641791045,66.4179104477612,49.25373134328358,17.16417910447761
E00052412,129,35,13,22,94,79,15,27.131782945736433,10.077519379844961,17.05426356589147,72.86821705426357,61.240310077519375,11.627906976744185
E00052413,125,37,12,25,88,78,10,29.599999999999998,9.6,20,70.39999999999999,62.4,8
E00052414,66,24,8,16,42,42,0,36.36363636363637,12.121212121212121,24.242424242424242,63.63636363636363,63.63636363636363,0
E00052415,136,32,8,24,104,88,16,23.52941176470588,5.88235294117647,17.647058823529413,76.47058823529412,64.70588235294117,11.76470588235294
E00052416,152,39,15,24,113,89,24,25.657894736842106,9.868421052631579,15.789473684210526,74.3421052631579,58.55263157894737,15.789473684210526
E00052417,155,45,15,30,110,96,14,29.03225806451613,9.67741935483871,19.35483870967742,70.96774193548387,61.935483870967744,9.032258064516128
E00052418,132,36,15,21,96,84,12,27.27272727272727,11.363636363636363,15.909090909090908,72.72727272727273,63.63636363636363,9.090909090909092
E00052419,158,46,16,30,112,102,10,29.11392405063291,10.126582278481013,18.9873417721519,70.88607594936708,64.55696202531645,6.329113924050633
E00052420,133,41,12,29,92,78,14,30.82706766917293,9.022556390977442,21.804511278195488,69.17293233082707,58.64661654135338,10.526315789473683
E00052421,123,34,10,24,89,78,11,27.64227642276423,8.130081300813007,19.51219512195122,72.35772357723577,63.41463414634146,8.94308943089431
E00052422,116,31,10,21,85,70,15,26.72413793103448,8.620689655172415,18.103448275862068,73.27586206896551,60.3448275862069,12.931034482758621
E00052423,191,56,18,38,135,119,16,29.31937172774869,9.424083769633508,19.895287958115183,70.68062827225131,62.30366492146597,8.37696335078534
E00052424,157,51,14,37,106,90,16,32.48407643312102,8.9171974522293,23.56687898089172,67.51592356687898,57.324840764331206,10.191082802547772
E00052425,120,29,8,21,91,85,6,24.166666666666668,6.666666666666667,17.5,75.83333333333333,70.83333333333334,5
E00052426,105,31,10,21,74,68,6,29.523809523809526,9.523809523809524,20,70.47619047619048,64.76190476190476,5.714285714285714
E00052427,310,72,18,54,238,208,30,23.225806451612904,5.806451612903226,17.419354838709676,76.77419354838709,67.0967741935484,9.67741935483871
E00052428,67,13,3,10,54,50,4,19.402985074626866,4.477611940298507,14.925373134328357,80.59701492537313,74.6268656716418,5.970149253731343
E00052429,131,34,8,26,97,87,10,25.954198473282442,6.106870229007633,19.84732824427481,74.04580152671755,66.41221374045801,7.633587786259542
E00052430,149,42,17,25,107,95,12,28.187919463087248,11.409395973154362,16.778523489932887,71.81208053691275,63.758389261744966,8.053691275167784
E00052431,150,40,9,31,110,90,20,26.666666666666668,6,20.666666666666668,73.33333333333333,60,13.333333333333334
E00052432,140,40,14,26,100,84,16,28.57142857142857,10,18.571428571428573,71.42857142857143,60,11.428571428571429
E00052433,133,40,10,30,93,79,14,30.075187969924812,7.518796992481203,22.55639097744361,69.92481203007519,59.3984962406015,10.526315789473683
E00052434,165,34,10,24,131,115,16,20.606060606060606,6.0606060606060606,14.545454545454545,79.39393939393939,69.6969696969697,9.696969696969697
E00052435,128,33,7,26,95,82,13,25.78125,5.46875,20.3125,74.21875,64.0625,10.15625
E00052436,96,24,9,15,72,63,9,25,9.375,15.625,75,65.625,9.375
E00052437,118,34,4,30,84,69,15,28.8135593220339,3.389830508474576,25.423728813559322,71.1864406779661,58.47457627118644,12.711864406779661
E00052438,217,55,15,40,162,139,23,25.34562211981567,6.912442396313365,18.433179723502306,74.65437788018433,64.0552995391705,10.599078341013826
E00052439,97,28,10,18,69,61,8,28.865979381443296,10.309278350515463,18.556701030927837,71.1340206185567,62.88659793814433,8.24742268041237
E00052440,144,39,11,28,105,94,11,27.083333333333332,7.638888888888889,19.444444444444446,72.91666666666666,65.27777777777779,7.638888888888889
E00052441,105,24,8,16,81,75,6,22.857142857142858,7.6190476190476195,15.238095238095239,77.14285714285715,71.42857142857143,5.714285714285714
E00052442,139,37,13,24,102,85,17,26.618705035971225,9.352517985611511,17.26618705035971,73.38129496402878,61.15107913669065,12.23021582733813
E00052443,84,24,9,15,60,55,5,28.57142857142857,10.714285714285714,17.857142857142858,71.42857142857143,65.47619047619048,5.952380952380952
E00052444,109,32,8,24,77,70,7,29.357798165137616,7.339449541284404,22.018348623853214,70.64220183486239,64.22018348623854,6.422018348623854
E00052445,138,35,9,26,103,91,12,25.36231884057971,6.521739130434782,18.84057971014493,74.63768115942028,65.94202898550725,8.695652173913043
E00052446,137,41,8,33,96,84,12,29.927007299270077,5.839416058394161,24.087591240875913,70.07299270072993,61.31386861313869,8.75912408759124
E00052447,135,28,6,22,107,96,11,20.74074074074074,4.444444444444445,16.296296296296298,79.25925925925927,71.11111111111111,8.148148148148149
E00052448,179,41,12,29,138,123,15,22.905027932960895,6.70391061452514,16.201117318435752,77.09497206703911,68.71508379888269,8.379888268156424
E00052449,172,35,11,24,137,115,22,20.348837209302324,6.395348837209303,13.953488372093023,79.65116279069767,66.86046511627907,12.790697674418606
E00052450,166,50,8,42,116,104,12,30.120481927710845,4.819277108433735,25.301204819277107,69.87951807228916,62.65060240963856,7.228915662650602
E00052451,131,36,15,21,95,84,11,27.480916030534353,11.450381679389313,16.030534351145036,72.51908396946564,64.12213740458014,8.396946564885496
E00052452,130,41,12,29,89,77,12,31.538461538461537,9.230769230769232,22.30769230769231,68.46153846153847,59.23076923076923,9.230769230769232
E00052453,113,29,7,22,84,77,7,25.663716814159294,6.1946902654867255,19.469026548672566,74.33628318584071,68.14159292035397,6.1946902654867255
E00052454,179,60,22,38,119,86,33,33.5195530726257,12.290502793296088,21.22905027932961,66.4804469273743,48.04469273743017,18.435754189944134
E00052455,161,47,11,36,114,95,19,29.19254658385093,6.832298136645963,22.36024844720497,70.80745341614907,59.006211180124225,11.801242236024844
E00052456,163,37,12,25,126,112,14,22.699386503067483,7.361963190184049,15.337423312883436,77.30061349693251,68.71165644171779,8.588957055214724
E00052457,133,39,17,22,94,74,20,29.32330827067669,12.781954887218044,16.541353383458645,70.67669172932331,55.639097744360896,15.037593984962406
E00052458,119,33,14,19,86,69,17,27.73109243697479,11.76470588235294,15.966386554621847,72.26890756302521,57.98319327731093,14.285714285714285
E00052459,100,26,9,17,74,63,11,26,9,17,74,63,11
E00052460,136,40,17,23,96,88,8,29.411764705882355,12.5,16.911764705882355,70.58823529411765,64.70588235294117,5.88235294117647
E00052461,126,35,7,28,91,78,13,27.77777777777778,5.555555555555555,22.22222222222222,72.22222222222221,61.904761904761905,10.317460317460316
E00052462,110,25,7,18,85,63,22,22.727272727272727,6.363636363636363,16.363636363636363,77.27272727272727,57.27272727272727,20
E00052463,108,24,4,20,84,74,10,22.22222222222222,3.7037037037037033,18.51851851851852,77.77777777777779,68.51851851851852,9.25925925925926
E00052464,158,48,13,35,110,91,19,30.37974683544304,8.227848101265822,22.151898734177212,69.62025316455697,57.59493670886076,12.025316455696203
E00052465,172,50,19,31,122,98,24,29.069767441860467,11.046511627906977,18.023255813953487,70.93023255813954,56.97674418604651,13.953488372093023
E00052466,162,50,15,35,112,98,14,30.864197530864196,9.25925925925926,21.604938271604937,69.1358024691358,60.49382716049383,8.641975308641975
E00052467,194,62,25,37,132,108,24,31.958762886597935,12.886597938144329,19.072164948453608,68.04123711340206,55.670103092783506,12.371134020618557
E00052468,132,32,14,18,100,80,20,24.242424242424242,10.606060606060606,13.636363636363635,75.75757575757575,60.60606060606061,15.151515151515152
E00052469,149,39,15,24,110,96,14,26.174496644295303,10.06711409395973,16.10738255033557,73.8255033557047,64.42953020134227,9.395973154362416
E00052470,122,21,9,12,101,85,16,17.21311475409836,7.377049180327869,9.836065573770492,82.78688524590164,69.67213114754098,13.114754098360656
E00052471,110,23,4,19,87,76,11,20.909090909090907,3.6363636363636362,17.272727272727273,79.0909090909091,69.0909090909091,10
E00052472,165,40,11,29,125,109,16,24.242424242424242,6.666666666666667,17.575757575757574,75.75757575757575,66.06060606060606,9.696969696969697
E00052473,273,65,13,52,208,169,39,23.809523809523807,4.761904761904762,19.047619047619047,76.19047619047619,61.904761904761905,14.285714285714285
E00052474,108,29,11,18,79,71,8,26.851851851851855,10.185185185185185,16.666666666666664,73.14814814814815,65.74074074074075,7.4074074074074066
E00052475,144,41,9,32,103,92,11,28.47222222222222,6.25,22.22222222222222,71.52777777777779,63.888888888888886,7.638888888888889
E00052476,26,6,2,4,20,16,4,23.076923076923077,7.6923076923076925,15.384615384615385,76.92307692307693,61.53846153846154,15.384615384615385
E00052478,175,49,18,31,126,106,20,28.000000000000004,10.285714285714285,17.71428571428571,72,60.57142857142858,11.428571428571429
E00052479,172,48,16,32,124,111,13,27.906976744186046,9.30232558139535,18.6046511627907,72.09302325581395,64.53488372093024,7.55813953488372
E00052481,158,51,19,32,107,86,21,32.278481012658226,12.025316455696203,20.253164556962027,67.72151898734177,54.43037974683544,13.291139240506327
E00052482,145,39,12,27,106,89,17,26.89655172413793,8.275862068965518,18.620689655172416,73.10344827586206,61.37931034482759,11.724137931034482
E00052483,118,38,18,20,80,70,10,32.20338983050847,15.254237288135593,16.94915254237288,67.79661016949152,59.32203389830508,8.47457627118644
E00052484,190,61,20,41,129,107,22,32.10526315789474,10.526315789473683,21.578947368421055,67.89473684210526,56.315789473684205,11.578947368421053
E00052485,170,52,14,38,118,93,25,30.58823529411765,8.235294117647058,22.35294117647059,69.41176470588235,54.70588235294118,14.705882352941178
E00052487,131,48,20,28,83,65,18,36.6412213740458,15.267175572519085,21.374045801526716,63.358778625954194,49.61832061068702,13.740458015267176
E00052488,97,26,13,13,71,57,14,26.804123711340207,13.402061855670103,13.402061855670103,73.19587628865979,58.76288659793815,14.432989690721648
E00052489,156,50,24,26,106,79,27,32.05128205128205,15.384615384615385,16.666666666666664,67.94871794871796,50.641025641025635,17.307692307692307
E00052490,145,42,18,24,103,81,22,28.965517241379313,12.413793103448276,16.551724137931036,71.03448275862068,55.86206896551724,15.172413793103448
E00052491,136,44,17,27,92,76,16,32.35294117647059,12.5,19.852941176470587,67.64705882352942,55.88235294117647,11.76470588235294
E00052492,131,50,21,29,81,71,10,38.16793893129771,16.030534351145036,22.137404580152673,61.832061068702295,54.19847328244275,7.633587786259542
E00052493,174,52,15,37,122,100,22,29.88505747126437,8.620689655172415,21.26436781609195,70.11494252873564,57.47126436781609,12.643678160919542
E00052494,163,50,17,33,113,103,10,30.67484662576687,10.429447852760736,20.245398773006134,69.32515337423312,63.190184049079754,6.134969325153374
E00052495,133,35,11,24,98,86,12,26.31578947368421,8.270676691729323,18.045112781954884,73.68421052631578,64.66165413533834,9.022556390977442
E00052496,131,37,9,28,94,82,12,28.24427480916031,6.870229007633588,21.374045801526716,71.7557251908397,62.59541984732825,9.16030534351145
E00052497,196,50,16,34,146,117,29,25.510204081632654,8.16326530612245,17.346938775510203,74.48979591836735,59.693877551020414,14.795918367346939
E00052498,233,60,22,38,173,154,19,25.75107296137339,9.44206008583691,16.30901287553648,74.2489270386266,66.09442060085837,8.15450643776824
E00052499,165,40,10,30,125,114,11,24.242424242424242,6.0606060606060606,18.181818181818183,75.75757575757575,69.0909090909091,6.666666666666667
E00052500,175,51,15,36,124,112,12,29.142857142857142,8.571428571428571,20.57142857142857,70.85714285714285,64,6.857142857142858
E00052501,168,44,14,30,124,107,17,26.190476190476193,8.333333333333332,17.857142857142858,73.80952380952381,63.69047619047619,10.119047619047619
E00052502,112,32,5,27,80,71,9,28.57142857142857,4.464285714285714,24.107142857142858,71.42857142857143,63.39285714285714,8.035714285714286
E00052503,182,53,16,37,129,113,16,29.120879120879124,8.791208791208792,20.32967032967033,70.87912087912088,62.08791208791209,8.791208791208792
E00052504,85,31,8,23,54,48,6,36.470588235294116,9.411764705882353,27.058823529411764,63.52941176470588,56.470588235294116,7.0588235294117645
E00052505,176,58,17,41,118,103,15,32.95454545454545,9.659090909090908,23.295454545454543,67.04545454545455,58.52272727272727,8.522727272727272
E00052506,132,40,12,28,92,83,9,30.303030303030305,9.090909090909092,21.21212121212121,69.6969696969697,62.878787878787875,6.8181818181818175
E00052507,138,34,15,19,104,92,12,24.637681159420293,10.869565217391305,13.768115942028986,75.36231884057972,66.66666666666666,8.695652173913043
E00052508,162,46,12,34,116,105,11,28.39506172839506,7.4074074074074066,20.98765432098765,71.60493827160494,64.81481481481481,6.790123456790123
E00052509,147,41,10,31,106,92,14,27.89115646258503,6.802721088435375,21.08843537414966,72.10884353741497,62.585034013605444,9.523809523809524
E00052510,106,33,10,23,73,64,9,31.132075471698112,9.433962264150944,21.69811320754717,68.86792452830188,60.37735849056604,8.49056603773585
E00052511,165,49,22,27,116,101,15,29.6969696969697,13.333333333333334,16.363636363636363,70.3030303030303,61.212121212121204,9.090909090909092
E00052512,173,41,10,31,132,111,21,23.699421965317917,5.780346820809249,17.91907514450867,76.30057803468208,64.16184971098265,12.138728323699421
E00052513,144,32,10,22,112,96,16,22.22222222222222,6.944444444444445,15.277777777777779,77.77777777777779,66.66666666666666,11.11111111111111
E00052514,138,20,5,15,118,98,20,14.492753623188406,3.6231884057971016,10.869565217391305,85.5072463768116,71.01449275362319,14.492753623188406
E00052515,102,29,11,18,73,66,7,28.431372549019606,10.784313725490197,17.647058823529413,71.56862745098039,64.70588235294117,6.862745098039216
E00052516,113,37,7,30,76,61,15,32.743362831858406,6.1946902654867255,26.548672566371685,67.2566371681416,53.98230088495575,13.274336283185843
E00052517,192,59,22,37,133,118,15,30.729166666666668,11.458333333333332,19.270833333333336,69.27083333333334,61.458333333333336,7.8125
E00052518,171,56,16,40,115,107,8,32.748538011695906,9.35672514619883,23.391812865497073,67.2514619883041,62.57309941520468,4.678362573099415
E00052519,169,40,12,28,129,118,11,23.668639053254438,7.100591715976331,16.56804733727811,76.33136094674556,69.8224852071006,6.508875739644971
E00052520,98,36,9,27,62,52,10,36.734693877551024,9.183673469387756,27.55102040816326,63.26530612244898,53.06122448979592,10.204081632653061
E00052521,94,31,7,24,63,58,5,32.97872340425532,7.446808510638298,25.53191489361702,67.02127659574468,61.702127659574465,5.319148936170213
E00052522,134,25,3,22,109,91,18,18.65671641791045,2.2388059701492535,16.417910447761194,81.34328358208955,67.91044776119402,13.432835820895523
E00052523,155,31,7,24,124,108,16,20,4.516129032258064,15.483870967741936,80,69.6774193548387,10.32258064516129
E00052524,123,34,7,27,89,78,11,27.64227642276423,5.691056910569105,21.951219512195124,72.35772357723577,63.41463414634146,8.94308943089431
E00052525,117,47,18,29,70,59,11,40.17094017094017,15.384615384615385,24.786324786324787,59.82905982905983,50.427350427350426,9.401709401709402
E00052526,153,45,14,31,108,96,12,29.411764705882355,9.15032679738562,20.26143790849673,70.58823529411765,62.745098039215684,7.8431372549019605
E00052527,113,41,10,31,72,63,9,36.283185840707965,8.849557522123893,27.43362831858407,63.716814159292035,55.75221238938053,7.964601769911504
E00052528,131,40,13,27,91,85,6,30.53435114503817,9.923664122137405,20.610687022900763,69.46564885496184,64.8854961832061,4.580152671755725
E00052529,125,32,11,21,93,74,19,25.6,8.799999999999999,16.8,74.4,59.199999999999996,15.2
E00052530,79,23,4,19,56,47,9,29.11392405063291,5.063291139240507,24.050632911392405,70.88607594936708,59.49367088607595,11.39240506329114
E00052531,181,54,15,39,127,110,17,29.83425414364641,8.287292817679557,21.54696132596685,70.1657458563536,60.773480662983424,9.392265193370166
E00052532,162,55,11,44,107,96,11,33.95061728395062,6.790123456790123,27.160493827160494,66.0493827160494,59.25925925925925,6.790123456790123
E00052533,192,46,12,34,146,130,16,23.958333333333336,6.25,17.708333333333336,76.04166666666666,67.70833333333334,8.333333333333332
E00052534,171,52,19,33,119,113,6,30.409356725146196,11.11111111111111,19.298245614035086,69.5906432748538,66.08187134502924,3.508771929824561
E00052535,128,40,12,28,88,78,10,31.25,9.375,21.875,68.75,60.9375,7.8125
E00052536,160,43,10,33,117,107,10,26.875,6.25,20.625,73.125,66.875,6.25
E00052537,166,57,14,43,109,95,14,34.33734939759036,8.433734939759036,25.903614457831324,65.66265060240963,57.22891566265061,8.433734939759036
E00052538,95,38,7,31,57,49,8,40,7.368421052631578,32.631578947368425,60,51.578947368421055,8.421052631578947
E00052539,124,45,10,35,79,70,9,36.29032258064516,8.064516129032258,28.225806451612907,63.70967741935484,56.451612903225815,7.258064516129033
E00052540,235,58,24,34,177,150,27,24.680851063829788,10.212765957446807,14.468085106382977,75.31914893617021,63.829787234042556,11.48936170212766
E00052541,171,49,20,29,122,107,15,28.654970760233915,11.695906432748536,16.95906432748538,71.34502923976608,62.57309941520468,8.771929824561402
E00052542,247,60,20,40,187,165,22,24.291497975708502,8.097165991902834,16.194331983805668,75.7085020242915,66.80161943319838,8.906882591093117
E00052543,194,46,15,31,148,135,13,23.711340206185564,7.731958762886598,15.979381443298967,76.28865979381443,69.58762886597938,6.701030927835052
E00052544,163,43,14,29,120,99,21,26.380368098159508,8.588957055214724,17.791411042944784,73.61963190184049,60.73619631901841,12.883435582822086
E00052545,165,48,12,36,117,99,18,29.09090909090909,7.2727272727272725,21.818181818181817,70.9090909090909,60,10.909090909090908
E00052546,167,45,10,35,122,112,10,26.94610778443114,5.9880239520958085,20.958083832335326,73.05389221556887,67.06586826347305,5.9880239520958085
E00052547,165,56,23,33,109,97,12,33.939393939393945,13.939393939393941,20,66.06060606060606,58.78787878787879,7.2727272727272725
E00052548,143,27,4,23,116,103,13,18.88111888111888,2.797202797202797,16.083916083916083,81.11888111888112,72.02797202797203,9.090909090909092
E00052549,90,24,8,16,66,61,5,26.666666666666668,8.88888888888889,17.77777777777778,73.33333333333333,67.77777777777779,5.555555555555555
E00052550,177,49,15,34,128,115,13,27.683615819209038,8.47457627118644,19.2090395480226,72.31638418079096,64.97175141242938,7.344632768361582
E00052551,153,39,8,31,114,98,16,25.49019607843137,5.228758169934641,20.26143790849673,74.50980392156863,64.05228758169935,10.457516339869281
E00052552,190,64,34,30,126,110,16,33.68421052631579,17.894736842105264,15.789473684210526,66.3157894736842,57.89473684210527,8.421052631578947
E00052553,139,43,16,27,96,87,9,30.935251798561154,11.510791366906476,19.424460431654676,69.06474820143885,62.589928057553955,6.474820143884892
E00052554,121,34,8,26,87,78,9,28.09917355371901,6.6115702479338845,21.487603305785125,71.900826446281,64.46280991735537,7.43801652892562
E00052555,146,53,23,30,93,88,5,36.3013698630137,15.753424657534246,20.54794520547945,63.6986301369863,60.273972602739725,3.4246575342465753
E00052557,157,53,15,38,104,94,10,33.75796178343949,9.554140127388536,24.203821656050955,66.2420382165605,59.87261146496815,6.369426751592357
E00052558,139,47,8,39,92,71,21,33.81294964028777,5.755395683453238,28.05755395683453,66.18705035971223,51.07913669064749,15.107913669064748
E00052559,110,33,10,23,77,69,8,30,9.090909090909092,20.909090909090907,70,62.727272727272734,7.2727272727272725
E00052560,150,38,11,27,112,101,11,25.333333333333336,7.333333333333333,18,74.66666666666667,67.33333333333333,7.333333333333333
E00052561,198,65,16,49,133,113,20,32.82828282828283,8.080808080808081,24.747474747474747,67.17171717171718,57.07070707070707,10.1010101010101
E00052562,194,57,16,41,137,117,20,29.381443298969074,8.24742268041237,21.1340206185567,70.61855670103093,60.30927835051546,10.309278350515463
E00052563,119,30,11,19,89,80,9,25.210084033613445,9.243697478991598,15.966386554621847,74.78991596638656,67.22689075630252,7.563025210084033
E00052564,118,40,15,25,78,71,7,33.89830508474576,12.711864406779661,21.1864406779661,66.10169491525424,60.16949152542372,5.932203389830509
E00052565,57,16,6,10,41,34,7,28.07017543859649,10.526315789473683,17.543859649122805,71.9298245614035,59.64912280701754,12.280701754385964
E00052566,98,27,6,21,71,61,10,27.55102040816326,6.122448979591836,21.428571428571427,72.44897959183673,62.244897959183675,10.204081632653061
E00052567,143,33,8,25,110,92,18,23.076923076923077,5.594405594405594,17.482517482517483,76.92307692307693,64.33566433566433,12.587412587412588
E00052568,106,36,11,25,70,64,6,33.9622641509434,10.377358490566039,23.58490566037736,66.0377358490566,60.37735849056604,5.660377358490567
E00052569,164,38,14,24,126,112,14,23.170731707317074,8.536585365853659,14.634146341463413,76.82926829268293,68.29268292682927,8.536585365853659
E00052570,136,37,9,28,99,84,15,27.205882352941174,6.61764705882353,20.588235294117645,72.79411764705883,61.76470588235294,11.029411764705882
E00052571,181,46,11,35,135,116,19,25.41436464088398,6.077348066298343,19.337016574585636,74.58563535911603,64.08839779005525,10.497237569060774
E00052572,163,45,16,29,118,107,11,27.607361963190186,9.815950920245399,17.791411042944784,72.39263803680981,65.6441717791411,6.748466257668712
E00052573,137,47,16,31,90,79,11,34.306569343065696,11.678832116788321,22.62773722627737,65.69343065693431,57.66423357664233,8.02919708029197
E00052574,136,30,3,27,106,91,15,22.058823529411764,2.2058823529411766,19.852941176470587,77.94117647058823,66.91176470588235,11.029411764705882
E00052575,105,40,10,30,65,60,5,38.095238095238095,9.523809523809524,28.57142857142857,61.904761904761905,57.14285714285714,4.761904761904762
E00052576,147,53,20,33,94,84,10,36.054421768707485,13.60544217687075,22.448979591836736,63.94557823129252,57.14285714285714,6.802721088435375
E00052577,250,68,23,45,182,157,25,27.200000000000003,9.2,18,72.8,62.8,10
E00168239,153,97,44,53,56,50,6,63.39869281045751,28.75816993464052,34.64052287581699,36.60130718954248,32.6797385620915,3.9215686274509802
E00168240,76,12,2,10,64,43,21,15.789473684210526,2.631578947368421,13.157894736842104,84.21052631578947,56.57894736842105,27.631578947368425
E00168241,72,40,21,19,32,25,7,55.55555555555556,29.166666666666668,26.38888888888889,44.44444444444444,34.72222222222222,9.722222222222223
E00168243,148,31,4,27,117,108,9,20.945945945945947,2.7027027027027026,18.243243243243242,79.05405405405406,72.97297297297297,6.081081081081082
E00168244,127,50,17,33,77,72,5,39.37007874015748,13.385826771653544,25.984251968503933,60.629921259842526,56.69291338582677,3.937007874015748
E00168245,118,43,18,25,75,70,5,36.440677966101696,15.254237288135593,21.1864406779661,63.559322033898304,59.32203389830508,4.23728813559322
E00168246,123,37,15,22,86,77,9,30.081300813008134,12.195121951219512,17.88617886178862,69.91869918699187,62.601626016260155,7.317073170731707
E00168247,162,38,11,27,124,105,19,23.456790123456788,6.790123456790123,16.666666666666664,76.5432098765432,64.81481481481481,11.728395061728394
E00168248,175,47,8,39,128,108,20,26.857142857142858,4.571428571428571,22.285714285714285,73.14285714285714,61.71428571428571,11.428571428571429
E00168249,151,35,14,21,116,96,20,23.178807947019866,9.271523178807946,13.90728476821192,76.82119205298014,63.576158940397356,13.245033112582782
E00168250,101,26,5,21,75,65,10,25.742574257425744,4.9504950495049505,20.792079207920793,74.25742574257426,64.35643564356435,9.900990099009901
E00168251,54,25,10,15,29,24,5,46.2962962962963,18.51851851851852,27.77777777777778,53.70370370370371,44.44444444444444,9.25925925925926
E00168252,175,54,13,41,121,107,14,30.857142857142854,7.428571428571429,23.42857142857143,69.14285714285714,61.142857142857146,8
E00168253,136,43,13,30,93,92,1,31.61764705882353,9.558823529411764,22.058823529411764,68.38235294117648,67.64705882352942,0.7352941176470588
E00168254,147,46,7,39,101,83,18,31.292517006802722,4.761904761904762,26.53061224489796,68.70748299319727,56.4625850340136,12.244897959183673
E00168255,145,66,27,39,79,66,13,45.51724137931035,18.620689655172416,26.89655172413793,54.48275862068965,45.51724137931035,8.96551724137931
E00168256,183,51,12,39,132,113,19,27.86885245901639,6.557377049180328,21.311475409836063,72.1311475409836,61.74863387978142,10.382513661202186
E00168257,92,23,10,13,69,60,9,25,10.869565217391305,14.130434782608695,75,65.21739130434783,9.782608695652174
E00168258,129,24,7,17,105,94,11,18.6046511627907,5.426356589147287,13.178294573643413,81.3953488372093,72.86821705426357,8.527131782945736
E00168259,278,58,7,51,220,195,25,20.863309352517987,2.5179856115107913,18.345323741007196,79.13669064748201,70.14388489208633,8.992805755395683
E00168260,322,70,19,51,252,211,41,21.73913043478261,5.900621118012422,15.838509316770185,78.26086956521739,65.527950310559,12.732919254658384
E00168261,153,41,7,34,112,96,16,26.797385620915033,4.57516339869281,22.22222222222222,73.20261437908496,62.745098039215684,10.457516339869281
E00168262,193,53,14,39,140,113,27,27.461139896373055,7.253886010362693,20.207253886010363,72.53886010362694,58.549222797927456,13.989637305699482
E00168263,168,48,13,35,120,99,21,28.57142857142857,7.738095238095238,20.833333333333336,71.42857142857143,58.92857142857143,12.5
E00168264,245,56,13,43,189,163,26,22.857142857142858,5.3061224489795915,17.551020408163264,77.14285714285715,66.53061224489795,10.612244897959183
E00168265,262,64,18,46,198,168,30,24.427480916030532,6.870229007633588,17.557251908396946,75.57251908396947,64.12213740458014,11.450381679389313
E00168266,261,67,16,51,194,171,23,25.67049808429119,6.130268199233716,19.54022988505747,74.32950191570882,65.51724137931035,8.812260536398467
E00168267,164,52,23,29,112,96,16,31.70731707317073,14.02439024390244,17.682926829268293,68.29268292682927,58.536585365853654,9.75609756097561
E00168268,150,41,14,27,109,94,15,27.333333333333332,9.333333333333334,18,72.66666666666667,62.66666666666667,10
E00168269,127,37,9,28,90,77,13,29.133858267716533,7.086614173228346,22.04724409448819,70.86614173228347,60.629921259842526,10.236220472440944
E00168271,143,43,11,32,100,86,14,30.069930069930066,7.6923076923076925,22.377622377622377,69.93006993006993,60.13986013986013,9.79020979020979
E00168272,159,45,11,34,114,101,13,28.30188679245283,6.918238993710692,21.38364779874214,71.69811320754717,63.52201257861635,8.176100628930817
E00168273,152,52,15,37,100,96,4,34.21052631578947,9.868421052631579,24.342105263157894,65.78947368421053,63.1578947368421,2.631578947368421
E00168275,225,70,24,46,155,124,31,31.11111111111111,10.666666666666668,20.444444444444446,68.88888888888889,55.111111111111114,13.777777777777779
E00168276,164,58,19,39,106,89,17,35.36585365853659,11.585365853658537,23.78048780487805,64.63414634146342,54.268292682926834,10.365853658536585
E00177373,81,26,8,18,55,47,8,32.098765432098766,9.876543209876543,22.22222222222222,67.90123456790124,58.0246913580247,9.876543209876543
E00177375,215,75,13,62,140,131,9,34.883720930232556,6.046511627906977,28.837209302325583,65.11627906976744,60.93023255813953,4.186046511627907
E00177378,74,22,5,17,52,46,6,29.72972972972973,6.756756756756757,22.972972972972975,70.27027027027027,62.16216216216216,8.108108108108109
E00177379,80,18,6,12,62,49,13,22.5,7.5,15,77.5,61.25000000000001,16.25
E00177381,153,25,8,17,128,117,11,16.33986928104575,5.228758169934641,11.11111111111111,83.66013071895425,76.47058823529412,7.18954248366013
E00177386,239,65,24,41,174,154,20,27.19665271966527,10.0418410041841,17.154811715481173,72.80334728033473,64.43514644351464,8.368200836820083
E00177390,122,40,4,36,82,72,10,32.78688524590164,3.278688524590164,29.508196721311474,67.21311475409836,59.01639344262295,8.19672131147541
E00177392,130,24,4,20,106,96,10,18.461538461538463,3.076923076923077,15.384615384615385,81.53846153846153,73.84615384615385,7.6923076923076925
E00177393,110,45,10,35,65,59,6,40.909090909090914,9.090909090909092,31.818181818181817,59.09090909090909,53.63636363636364,5.454545454545454
E00177394,260,70,17,53,190,168,22,26.923076923076923,6.538461538461539,20.384615384615383,73.07692307692307,64.61538461538461,8.461538461538462
E00177396,36,14,5,9,22,20,2,38.88888888888889,13.88888888888889,25,61.111111111111114,55.55555555555556,5.555555555555555
E00177397,169,40,15,25,129,109,20,23.668639053254438,8.875739644970414,14.792899408284024,76.33136094674556,64.49704142011834,11.834319526627219
E00177402,45,24,3,21,21,16,5,53.333333333333336,6.666666666666667,46.666666666666664,46.666666666666664,35.55555555555556,11.11111111111111
E00177403,152,41,13,28,111,109,2,26.973684210526315,8.552631578947368,18.421052631578945,73.02631578947368,71.71052631578947,1.3157894736842104
E00177405,156,58,15,43,98,86,12,37.17948717948718,9.615384615384617,27.564102564102566,62.82051282051282,55.12820512820513,7.6923076923076925
E00177406,171,59,18,41,112,102,10,34.50292397660819,10.526315789473683,23.976608187134502,65.49707602339181,59.64912280701754,5.847953216374268
E00177408,186,40,12,28,146,131,15,21.50537634408602,6.451612903225806,15.053763440860216,78.49462365591397,70.43010752688173,8.064516129032258
E00177409,124,23,10,13,101,91,10,18.548387096774192,8.064516129032258,10.483870967741936,81.45161290322581,73.38709677419355,8.064516129032258
E00177411,168,39,12,27,129,116,13,23.214285714285715,7.142857142857142,16.071428571428573,76.78571428571429,69.04761904761905,7.738095238095238
E00177418,267,82,21,61,185,166,19,30.711610486891384,7.865168539325842,22.846441947565545,69.28838951310861,62.172284644194754,7.116104868913857
E00177419,66,20,9,11,46,42,4,30.303030303030305,13.636363636363635,16.666666666666664,69.6969696969697,63.63636363636363,6.0606060606060606
E00177424,146,59,18,41,87,78,9,40.41095890410959,12.32876712328767,28.08219178082192,59.589041095890416,53.42465753424658,6.164383561643835
E00177426,121,43,11,32,78,68,10,35.53719008264463,9.090909090909092,26.446280991735538,64.46280991735537,56.19834710743802,8.264462809917356
E00177429,123,43,10,33,80,74,6,34.959349593495936,8.130081300813007,26.82926829268293,65.04065040650406,60.16260162601627,4.878048780487805
E00177430,143,21,6,15,122,110,12,14.685314685314685,4.195804195804196,10.48951048951049,85.3146853146853,76.92307692307693,8.391608391608392
E00177432,30,11,1,10,19,14,5,36.666666666666664,3.3333333333333335,33.33333333333333,63.33333333333333,46.666666666666664,16.666666666666664
E00177434,145,35,7,28,110,99,11,24.137931034482758,4.827586206896552,19.310344827586206,75.86206896551724,68.27586206896552,7.586206896551724
E00177437,94,20,8,12,74,65,9,21.27659574468085,8.51063829787234,12.76595744680851,78.72340425531915,69.14893617021278,9.574468085106384
E00177439,254,51,10,41,203,182,21,20.078740157480315,3.937007874015748,16.141732283464567,79.92125984251969,71.65354330708661,8.267716535433072
E00177441,54,18,6,12,36,30,6,33.33333333333333,11.11111111111111,22.22222222222222,66.66666666666666,55.55555555555556,11.11111111111111
E00177444,110,25,7,18,85,72,13,22.727272727272727,6.363636363636363,16.363636363636363,77.27272727272727,65.45454545454545,11.818181818181818
E00177454,229,49,12,37,180,156,24,21.397379912663755,5.240174672489083,16.157205240174672,78.60262008733623,68.12227074235808,10.480349344978166
E00177455,140,36,8,28,104,96,8,25.71428571428571,5.714285714285714,20,74.28571428571429,68.57142857142857,5.714285714285714
E00177456,81,25,13,12,56,45,11,30.864197530864196,16.049382716049383,14.814814814814813,69.1358024691358,55.55555555555556,13.580246913580247
E00177464,157,34,11,23,123,111,12,21.656050955414013,7.006369426751593,14.64968152866242,78.343949044586,70.70063694267516,7.643312101910828
E00177465,154,50,15,35,104,94,10,32.467532467532465,9.740259740259742,22.727272727272727,67.53246753246754,61.038961038961034,6.493506493506493
E00177467,117,34,14,20,83,65,18,29.059829059829063,11.965811965811966,17.094017094017094,70.94017094017094,55.55555555555556,15.384615384615385
E00177475,117,16,7,9,101,89,12,13.675213675213676,5.982905982905983,7.6923076923076925,86.32478632478633,76.06837606837607,10.256410256410255
E00177480,105,36,10,26,69,66,3,34.285714285714285,9.523809523809524,24.761904761904763,65.71428571428571,62.857142857142854,2.857142857142857
