OA,ts0380001,ts0380002,ts0380003,ts0380004,ts0380005,ts0380006,ts0380007,ts0380002_PCT,ts0380003_PCT,ts0380004_PCT,ts0380005_PCT,ts0380006_PCT,ts0380007_PCT
E00075091,302,69,29,40,233,22,211,22.8476821192053,9.602649006622517,13.245033112582782,77.15231788079471,7.28476821192053,69.86754966887418
E00075093,378,52,16,36,326,31,295,13.756613756613756,4.232804232804233,9.523809523809524,86.24338624338624,8.201058201058201,78.04232804232805
E00075095,436,97,55,42,339,36,303,22.24770642201835,12.614678899082568,9.63302752293578,77.75229357798165,8.256880733944955,69.4954128440367
E00075096,337,40,13,27,297,30,267,11.869436201780417,3.857566765578635,8.011869436201781,88.13056379821958,8.902077151335313,79.22848664688428
E00075097,365,56,16,40,309,39,270,15.342465753424658,4.383561643835616,10.95890410958904,84.65753424657534,10.684931506849315,73.97260273972603
E00075098,318,57,22,35,261,27,234,17.92452830188679,6.918238993710692,11.0062893081761,82.0754716981132,8.49056603773585,73.58490566037736
E00075099,336,53,23,30,283,30,253,15.773809523809524,6.845238095238096,8.928571428571429,84.22619047619048,8.928571428571429,75.29761904761905
E00075100,282,43,18,25,239,23,216,15.24822695035461,6.382978723404255,8.865248226950355,84.75177304964538,8.156028368794328,76.59574468085107
E00075101,291,51,14,37,240,22,218,17.525773195876287,4.810996563573884,12.714776632302405,82.4742268041237,7.560137457044673,74.91408934707904
E00075102,310,59,18,41,251,26,225,19.032258064516128,5.806451612903226,13.225806451612904,80.96774193548387,8.38709677419355,72.58064516129032
E00075103,322,62,27,35,260,19,241,19.25465838509317,8.385093167701864,10.869565217391305,80.74534161490683,5.900621118012422,74.84472049689441
E00075104,346,42,12,30,304,30,274,12.138728323699421,3.4682080924855487,8.670520231213873,87.861271676300575,8.670520231213873,79.1907514450867
E00075105,300,82,32,50,218,29,189,27.333333333333332,10.666666666666668,16.666666666666664,72.66666666666667,9.666666666666666,63
E00075106,281,62,29,33,219,22,197,22.064056939501782,10.320284697508896,11.743772241992882,77.93594306049823,7.829181494661921,70.1067615658363
E00075107,320,55,17,38,265,35,230,17.1875,5.3125,11.875,82.8125,10.9375,71.875
E00075108,354,51,15,36,303,36,267,14.40677966101695,4.23728813559322,10.16949152542373,85.59322033898306,10.16949152542373,75.42372881355932
E00075109,259,40,11,29,219,16,203,15.444015444015443,4.247104247104247,11.196911196911197,84.55598455598455,6.177606177606178,78.37837837837837
E00075110,255,62,20,42,193,21,172,24.313725490196077,7.8431372549019605,16.470588235294116,75.68627450980392,8.235294117647058,67.45098039215686
E00075111,456,54,21,33,402,22,380,11.842105263157894,4.605263157894736,7.236842105263158,88.1578947368421,4.824561403508771,83.33333333333334
E00075112,525,66,18,48,459,39,420,12.571428571428573,3.428571428571429,9.142857142857142,87.42857142857143,7.428571428571429,80
E00075113,284,36,13,23,248,24,224,12.676056338028168,4.577464788732395,8.098591549295776,87.32394366197182,8.450704225352112,78.87323943661971
E00075114,281,37,15,22,244,20,224,13.167259786476867,5.338078291814947,7.829181494661921,86.83274021352312,7.11743772241993,79.7153024911032
E00075115,233,52,21,31,181,24,157,22.317596566523605,9.012875536480687,13.304721030042918,77.6824034334764,10.300429184549357,67.38197424892704
E00075116,332,32,14,18,300,16,284,9.63855421686747,4.216867469879518,5.421686746987952,90.36144578313254,4.819277108433735,85.54216867469879
E00075117,259,42,19,23,217,18,199,16.216216216216218,7.335907335907336,8.880308880308881,83.78378378378379,6.94980694980695,76.83397683397683
E00075118,243,52,24,28,191,19,172,21.39917695473251,9.876543209876543,11.522633744855968,78.60082304526749,7.818930041152264,70.78189300411523
E00075119,339,50,19,31,289,25,264,14.749262536873156,5.604719764011799,9.144542772861357,85.25073746312685,7.374631268436578,77.87610619469027
E00075120,368,54,18,36,314,25,289,14.673913043478262,4.891304347826087,9.782608695652174,85.32608695652173,6.7934782608695645,78.53260869565217
E00075121,399,82,35,47,317,30,287,20.551378446115287,8.771929824561402,11.779448621553884,79.4486215538847,7.518796992481203,71.9298245614035
E00075122,254,27,10,17,227,24,203,10.62992125984252,3.937007874015748,6.692913385826772,89.37007874015748,9.448818897637794,79.92125984251969
E00075123,374,55,17,38,319,22,297,14.705882352941178,4.545454545454546,10.16042780748663,85.29411764705883,5.88235294117647,79.41176470588235
E00075124,288,41,19,22,247,16,231,14.23611111111111,6.597222222222222,7.638888888888889,85.76388888888889,5.555555555555555,80.20833333333334
E00075125,377,49,15,34,328,45,283,12.9973474801061,3.978779840848806,9.018567639257293,87.0026525198939,11.936339522546419,75.06631299734748
E00075126,256,46,20,26,210,19,191,17.96875,7.8125,10.15625,82.03125,7.421875,74.609375
E00075127,285,42,15,27,243,14,229,14.736842105263156,5.263157894736842,9.473684210526317,85.26315789473684,4.912280701754386,80.35087719298247
E00075128,375,54,13,41,321,29,292,14.399999999999999,3.4666666666666663,10.933333333333334,85.6,7.733333333333333,77.86666666666666
E00075129,289,47,12,35,242,28,214,16.26297577854671,4.1522491349480966,12.110726643598616,83.73702422145328,9.688581314878892,74.0484429065744
E00075132,338,52,18,34,286,35,251,15.384615384615385,5.325443786982249,10.059171597633137,84.61538461538461,10.355029585798817,74.2603550295858
E00075133,210,57,29,28,153,14,139,27.142857142857142,13.80952380952381,13.333333333333334,72.85714285714285,6.666666666666667,66.19047619047619
E00075134,319,57,24,33,262,28,234,17.86833855799373,7.523510971786834,10.344827586206897,82.13166144200626,8.77742946708464,73.35423197492163
E00075136,305,38,13,25,267,19,248,12.459016393442624,4.2622950819672125,8.19672131147541,87.54098360655738,6.229508196721312,81.31147540983606
E00075137,326,47,18,29,279,21,258,14.417177914110429,5.521472392638037,8.895705521472392,85.58282208588957,6.441717791411043,79.14110429447852
E00075138,439,68,13,55,371,32,339,15.489749430523919,2.9612756264236904,12.52847380410023,84.51025056947609,7.289293849658314,77.22095671981776
E00075139,351,56,17,39,295,14,281,15.954415954415953,4.843304843304843,11.11111111111111,84.04558404558404,3.9886039886039883,80.05698005698005
E00075140,282,65,25,40,217,30,187,23.04964539007092,8.865248226950355,14.184397163120568,76.95035460992908,10.638297872340425,66.31205673758865
E00075141,320,50,14,36,270,27,243,15.625,4.375,11.25,84.375,8.4375,75.9375
E00075142,280,41,17,24,239,28,211,14.642857142857144,6.071428571428571,8.571428571428571,85.35714285714285,10,75.35714285714286
E00075143,328,43,19,24,285,21,264,13.109756097560975,5.7926829268292686,7.317073170731707,86.89024390243902,6.402439024390244,80.48780487804879
E00075144,367,47,12,35,320,28,292,12.806539509536785,3.2697547683923704,9.536784741144414,87.19346049046321,7.629427792915531,79.56403269754769
E00075145,239,38,9,29,201,16,185,15.899581589958158,3.765690376569038,12.133891213389122,84.10041841004184,6.694560669456067,77.40585774058577
E00075146,299,30,10,20,269,18,251,10.033444816053512,3.3444816053511706,6.688963210702341,89.96655518394648,6.0200668896321075,83.94648829431438
E00075147,385,47,11,36,338,39,299,12.207792207792208,2.857142857142857,9.35064935064935,87.79220779220779,10.129870129870131,77.66233766233766
E00075148,202,29,7,22,173,17,156,14.356435643564355,3.4653465346534658,10.891089108910892,85.64356435643565,8.415841584158416,77.22772277227723
E00075149,456,39,9,30,417,38,379,8.552631578947368,1.9736842105263157,6.578947368421052,91.44736842105263,8.333333333333332,83.1140350877193
E00075150,291,37,15,22,254,24,230,12.714776632302405,5.154639175257731,7.560137457044673,87.2852233676976,8.24742268041237,79.03780068728523
E00075151,262,38,13,25,224,16,208,14.50381679389313,4.961832061068702,9.541984732824428,85.49618320610686,6.106870229007633,79.38931297709924
E00075152,307,39,7,32,268,23,245,12.703583061889251,2.2801302931596092,10.423452768729643,87.29641693811075,7.491856677524431,79.80456026058633
E00075153,220,27,7,20,193,10,183,12.272727272727273,3.1818181818181817,9.090909090909092,87.72727272727273,4.545454545454546,83.18181818181817
E00075154,197,24,7,17,173,10,163,12.18274111675127,3.5532994923857872,8.629441624365482,87.81725888324873,5.0761421319796955,82.74111675126903
E00075155,277,40,16,24,237,26,211,14.440433212996389,5.776173285198556,8.664259927797833,85.5595667870036,9.386281588447654,76.17328519855594
E00075156,313,42,8,34,271,21,250,13.418530351437699,2.5559105431309903,10.86261980830671,86.5814696485623,6.7092651757188495,79.87220447284345
E00075157,337,35,4,31,302,33,269,10.385756676557865,1.1869436201780417,9.198813056379821,89.61424332344214,9.792284866468842,79.82195845697329
E00075158,362,49,17,32,313,32,281,13.535911602209943,4.696132596685083,8.83977900552486,86.46408839779005,8.83977900552486,77.62430939226519
E00075159,260,33,12,21,227,24,203,12.692307692307692,4.615384615384616,8.076923076923077,87.3076923076923,9.230769230769232,78.07692307692308
E00075160,372,36,16,20,336,32,304,9.67741935483871,4.301075268817205,5.376344086021505,90.32258064516128,8.60215053763441,81.72043010752688
E00075161,319,35,10,25,284,18,266,10.9717868338558,3.1347962382445136,7.836990595611286,89.0282131661442,5.6426332288401255,83.38557993730407
E00075162,349,40,18,22,309,21,288,11.461318051575931,5.157593123209169,6.303724928366762,88.53868194842407,6.017191977077363,82.52148997134671
E00075163,376,39,16,23,337,24,313,10.372340425531915,4.25531914893617,6.117021276595745,89.62765957446808,6.382978723404255,83.24468085106383
E00075164,244,28,7,21,216,15,201,11.475409836065573,2.8688524590163933,8.60655737704918,88.52459016393442,6.147540983606557,82.37704918032787
E00075165,312,37,15,22,275,25,250,11.858974358974358,4.807692307692308,7.051282051282051,88.14102564102564,8.012820512820513,80.12820512820514
E00075166,345,37,8,29,308,24,284,10.72463768115942,2.318840579710145,8.405797101449275,89.27536231884058,6.956521739130435,82.31884057971014
E00075167,206,26,2,24,180,14,166,12.62135922330097,0.9708737864077669,11.650485436893204,87.37864077669903,6.796116504854369,80.58252427184466
E00075168,332,34,6,28,298,31,267,10.240963855421686,1.8072289156626504,8.433734939759036,89.7590361445783,9.33734939759036,80.42168674698796
E00075169,232,28,7,21,204,16,188,12.068965517241379,3.0172413793103448,9.051724137931034,87.93103448275862,6.896551724137931,81.03448275862068
E00075170,371,36,10,26,335,32,303,9.703504043126685,2.6954177897574128,7.008086253369273,90.29649595687331,8.62533692722372,81.6711590296496
E00075171,313,33,9,24,280,19,261,10.543130990415335,2.8753993610223643,7.667731629392971,89.45686900958466,6.070287539936102,83.38658146964856
E00075172,323,33,14,19,290,21,269,10.21671826625387,4.3343653250774,5.88235294117647,89.78328173374614,6.5015479876160995,83.28173374613003
E00075173,270,37,7,30,233,22,211,13.703703703703704,2.5925925925925926,11.11111111111111,86.29629629629629,8.148148148148149,78.14814814814814
E00075174,199,26,7,19,173,8,165,13.06532663316583,3.5175879396984926,9.547738693467336,86.93467336683418,4.0201005025125625,82.91457286432161
E00075175,351,49,17,32,302,31,271,13.96011396011396,4.843304843304843,9.116809116809117,86.03988603988604,8.831908831908832,77.20797720797721
E00075176,218,81,37,44,137,19,118,37.15596330275229,16.972477064220186,20.18348623853211,62.84403669724771,8.715596330275229,54.12844036697248
E00075177,570,53,12,41,517,43,474,9.298245614035087,2.1052631578947367,7.192982456140351,90.70175438596492,7.5438596491228065,83.15789473684211
E00075178,290,25,6,19,265,23,242,8.620689655172415,2.0689655172413794,6.551724137931035,91.37931034482759,7.931034482758621,83.44827586206897
E00075179,298,36,9,27,262,24,238,12.080536912751679,3.0201342281879198,9.060402684563758,87.91946308724832,8.053691275167784,79.86577181208054
E00075180,290,32,7,25,258,22,236,11.03448275862069,2.413793103448276,8.620689655172415,88.96551724137932,7.586206896551724,81.37931034482759
E00075181,320,40,13,27,280,23,257,12.5,4.0625,8.4375,87.5,7.187499999999999,80.3125
E00075182,262,19,8,11,243,15,228,7.251908396946565,3.0534351145038165,4.198473282442748,92.74809160305344,5.7251908396946565,87.02290076335878
E00075183,275,32,8,24,243,23,220,11.636363636363637,2.909090909090909,8.727272727272728,88.36363636363636,8.363636363636363,80
E00075184,340,38,15,23,302,20,282,11.176470588235295,4.411764705882353,6.764705882352941,88.8235294117647,5.88235294117647,82.94117647058825
E00075185,185,19,9,10,166,13,153,10.27027027027027,4.864864864864865,5.405405405405405,89.72972972972974,7.027027027027027,82.70270270270271
E00075186,304,26,6,20,278,25,253,8.552631578947368,1.9736842105263157,6.578947368421052,91.44736842105263,8.223684210526317,83.22368421052632
E00075187,343,37,7,30,306,29,277,10.787172011661808,2.0408163265306123,8.746355685131196,89.21282798833819,8.454810495626822,80.75801749271136
E00075188,382,40,16,24,342,26,316,10.471204188481675,4.18848167539267,6.282722513089005,89.52879581151832,6.806282722513089,82.72251308900523
E00075189,325,25,8,17,300,22,278,7.6923076923076925,2.4615384615384617,5.230769230769231,92.3076923076923,6.769230769230769,85.53846153846155
E00075190,384,69,33,36,315,20,295,17.96875,8.59375,9.375,82.03125,5.208333333333334,76.82291666666666
E00075191,405,57,19,38,348,24,324,14.074074074074074,4.691358024691358,9.382716049382717,85.92592592592592,5.9259259259259265,80
E00075193,324,51,21,30,273,27,246,15.74074074074074,6.481481481481481,9.25925925925926,84.25925925925925,8.333333333333332,75.92592592592592
E00075194,327,41,11,30,286,29,257,12.538226299694188,3.3639143730886847,9.174311926605505,87.46177370030581,8.868501529051988,78.59327217125383
E00075195,237,26,12,14,211,28,183,10.970464135021098,5.063291139240507,5.9071729957805905,89.0295358649789,11.814345991561181,77.21518987341773
E00075196,341,50,9,41,291,29,262,14.66275659824047,2.6392961876832843,12.023460410557185,85.33724340175954,8.504398826979472,76.83284457478005
E00075198,293,23,5,18,270,28,242,7.849829351535837,1.7064846416382253,6.143344709897611,92.15017064846417,9.556313993174061,82.5938566552901
E00075199,520,116,47,69,404,30,374,22.30769230769231,9.038461538461538,13.26923076923077,77.6923076923077,5.769230769230769,71.92307692307692
E00075200,321,71,39,32,250,22,228,22.118380062305295,12.149532710280374,9.968847352024921,77.88161993769471,6.853582554517133,71.02803738317756
E00075201,265,29,4,25,236,18,218,10.943396226415095,1.509433962264151,9.433962264150944,89.05660377358491,6.7924528301886795,82.26415094339623
E00075202,568,58,18,40,510,51,459,10.211267605633804,3.169014084507042,7.042253521126761,89.7887323943662,8.97887323943662,80.80985915492957
E00075203,319,38,11,27,281,27,254,11.912225705329153,3.4482758620689653,8.463949843260188,88.08777429467085,8.463949843260188,79.62382445141067
E00075204,287,25,9,16,262,20,242,8.710801393728223,3.1358885017421603,5.574912891986063,91.28919860627178,6.968641114982578,84.3205574912892
E00075205,356,33,9,24,323,26,297,9.269662921348315,2.528089887640449,6.741573033707865,90.73033707865169,7.303370786516854,83.42696629213484
E00075206,266,51,10,41,215,39,176,19.172932330827066,3.7593984962406015,15.413533834586465,80.82706766917293,14.661654135338345,66.16541353383458
E00075207,280,33,10,23,247,26,221,11.785714285714285,3.571428571428571,8.214285714285714,88.21428571428571,9.285714285714286,78.92857142857143
E00075208,476,53,15,38,423,48,375,11.134453781512606,3.1512605042016806,7.9831932773109235,88.8655462184874,10.084033613445378,78.78151260504201
E00075210,292,41,16,25,251,32,219,14.04109589041096,5.47945205479452,8.561643835616438,85.95890410958904,10.95890410958904,75
E00075211,147,21,9,12,126,12,114,14.285714285714285,6.122448979591836,8.16326530612245,85.71428571428571,8.16326530612245,77.55102040816327
E00075212,164,39,18,21,125,9,116,23.78048780487805,10.975609756097562,12.804878048780488,76.21951219512195,5.487804878048781,70.73170731707317
E00075213,323,42,8,34,281,29,252,13.003095975232199,2.476780185758514,10.526315789473683,86.9969040247678,8.978328173374612,78.0185758513932
E00075214,371,42,16,26,329,28,301,11.320754716981133,4.31266846361186,7.008086253369273,88.67924528301887,7.547169811320755,81.13207547169812
E00075216,369,33,12,21,336,20,316,8.94308943089431,3.2520325203252036,5.691056910569105,91.05691056910568,5.420054200542006,85.63685636856368
E00075217,172,20,8,12,152,17,135,11.627906976744185,4.651162790697675,6.976744186046512,88.37209302325581,9.883720930232558,78.48837209302324
E00075218,290,51,17,34,239,28,211,17.586206896551722,5.862068965517241,11.724137931034482,82.41379310344827,9.655172413793103,72.75862068965517
E00075219,274,42,18,24,232,30,202,15.328467153284672,6.569343065693431,8.75912408759124,84.67153284671532,10.948905109489052,73.72262773722628
E00075220,244,52,19,33,192,29,163,21.311475409836063,7.786885245901639,13.524590163934427,78.68852459016394,11.885245901639344,66.80327868852459
E00075221,298,41,18,23,257,33,224,13.758389261744966,6.0402684563758395,7.718120805369128,86.24161073825503,11.073825503355705,75.16778523489933
E00075222,279,53,17,36,226,22,204,18.996415770609318,6.093189964157706,12.903225806451612,81.00358422939068,7.885304659498208,73.11827956989248
E00075223,318,50,18,32,268,28,240,15.723270440251572,5.660377358490567,10.062893081761008,84.27672955974843,8.80503144654088,75.47169811320755
E00075224,279,67,23,44,212,19,193,24.014336917562723,8.24372759856631,15.770609318996415,75.98566308243727,6.810035842293908,69.17562724014337
E00075226,282,66,25,41,216,15,201,23.404255319148938,8.865248226950355,14.539007092198581,76.59574468085107,5.319148936170213,71.27659574468085
E00075227,302,38,7,31,264,29,235,12.582781456953644,2.3178807947019866,10.264900662251655,87.41721854304636,9.602649006622517,77.81456953642383
E00075228,262,39,10,29,223,26,197,14.885496183206106,3.816793893129771,11.068702290076336,85.1145038167939,9.923664122137405,75.19083969465649
E00075229,276,34,12,22,242,29,213,12.318840579710146,4.3478260869565215,7.971014492753622,87.68115942028986,10.507246376811594,77.17391304347827
E00075230,333,53,21,32,280,27,253,15.915915915915916,6.306306306306306,9.60960960960961,84.08408408408408,8.108108108108109,75.97597597597597
E00075231,280,42,17,25,238,26,212,15,6.071428571428571,8.928571428571429,85,9.285714285714286,75.71428571428571
E00075232,245,59,26,33,186,16,170,24.081632653061224,10.612244897959183,13.46938775510204,75.91836734693878,6.530612244897959,69.38775510204081
E00075233,274,56,20,36,218,19,199,20.437956204379564,7.2992700729927,13.138686131386862,79.56204379562044,6.934306569343065,72.62773722627736
E00075234,245,64,34,30,181,10,171,26.122448979591837,13.877551020408163,12.244897959183673,73.87755102040816,4.081632653061225,69.79591836734694
E00075235,253,47,16,31,206,14,192,18.57707509881423,6.324110671936759,12.25296442687747,81.42292490118577,5.533596837944664,75.8893280632411
E00075236,291,51,20,31,240,32,208,17.525773195876287,6.872852233676976,10.652920962199312,82.4742268041237,10.996563573883162,71.47766323024055
E00075237,180,76,45,31,104,11,93,42.22222222222222,25,17.22222222222222,57.77777777777777,6.111111111111111,51.66666666666667
E00075238,256,32,7,25,224,26,198,12.5,2.734375,9.765625,87.5,10.15625,77.34375
E00075239,265,31,11,20,234,28,206,11.69811320754717,4.150943396226415,7.547169811320755,88.30188679245283,10.566037735849058,77.73584905660378
E00075240,348,41,15,26,307,37,270,11.781609195402298,4.310344827586207,7.471264367816093,88.2183908045977,10.632183908045976,77.58620689655173
E00075241,258,38,12,26,220,19,201,14.728682170542637,4.651162790697675,10.077519379844961,85.27131782945736,7.3643410852713185,77.90697674418605
E00075242,412,50,18,32,362,19,343,12.135922330097088,4.368932038834951,7.766990291262135,87.86407766990291,4.611650485436893,83.25242718446601
E00075243,267,30,11,19,237,34,203,11.235955056179774,4.119850187265917,7.116104868913857,88.76404494382022,12.734082397003746,76.02996254681648
E00075244,290,38,11,27,252,29,223,13.10344827586207,3.793103448275862,9.310344827586208,86.89655172413792,10,76.89655172413794
E00075245,359,72,28,44,287,36,251,20.055710306406684,7.7994428969359335,12.256267409470752,79.94428969359332,10.027855153203342,69.91643454038997
E00075246,370,70,27,43,300,30,270,18.91891891891892,7.297297297297297,11.621621621621623,81.08108108108108,8.108108108108109,72.97297297297297
E00075247,449,59,22,37,390,29,361,13.140311804008908,4.8997772828507795,8.240534521158128,86.8596881959911,6.45879732739421,80.40089086859689
E00075248,107,22,7,15,85,6,79,20.5607476635514,6.5420560747663545,14.018691588785046,79.43925233644859,5.607476635514018,73.83177570093457
E00075249,352,58,15,43,294,39,255,16.477272727272727,4.261363636363636,12.215909090909092,83.52272727272727,11.079545454545455,72.44318181818183
E00075250,348,43,12,31,305,27,278,12.35632183908046,3.4482758620689653,8.908045977011495,87.643678160919535,7.758620689655173,79.88505747126436
E00075251,323,64,25,39,259,28,231,19.814241486068113,7.739938080495357,12.074303405572756,80.18575851393189,8.6687306501548,71.51702786377709
E00075252,362,54,22,32,308,20,288,14.917127071823206,6.077348066298343,8.83977900552486,85.0828729281768,5.524861878453039,79.55801104972376
E00075253,332,50,15,35,282,23,259,15.060240963855422,4.518072289156627,10.542168674698797,84.93975903614458,6.927710843373494,78.01204819277109
E00075254,345,44,13,31,301,30,271,12.753623188405797,3.768115942028986,8.985507246376812,87.2463768115942,8.695652173913043,78.55072463768116
E00075255,323,30,10,20,293,27,266,9.287925696594428,3.0959752321981426,6.191950464396285,90.71207430340557,8.359133126934983,82.35294117647058
E00075256,306,40,16,24,266,15,251,13.071895424836603,5.228758169934641,7.8431372549019605,86.9281045751634,4.901960784313726,82.02614379084967
E00075257,329,42,22,20,287,26,261,12.76595744680851,6.68693009118541,6.079027355623101,87.2340425531915,7.90273556231003,79.33130699088146
E00075258,414,73,26,47,341,30,311,17.632850241545896,6.280193236714976,11.352657004830919,82.3671497584541,7.246376811594203,75.1207729468599
E00075259,327,46,13,33,281,24,257,14.067278287461773,3.9755351681957185,10.091743119266056,85.93272171253822,7.339449541284404,78.59327217125383
E00075260,357,58,17,41,299,25,274,16.246498599439775,4.761904761904762,11.484593837535014,83.75350140056022,7.002801120448179,76.75070028011206
E00075261,377,60,19,41,317,24,293,15.915119363395224,5.039787798408488,10.875331564986737,84.08488063660478,6.36604774535809,77.71883289124668
E00075262,258,42,14,28,216,21,195,16.27906976744186,5.426356589147287,10.852713178294573,83.72093023255815,8.13953488372093,75.5813953488372
E00075263,348,60,22,38,288,29,259,17.24137931034483,6.321839080459771,10.919540229885058,82.75862068965517,8.333333333333332,74.42528735632183
E00075264,310,49,20,29,261,23,238,15.806451612903224,6.451612903225806,9.35483870967742,84.19354838709677,7.419354838709677,76.77419354838709
E00075265,285,29,12,17,256,31,225,10.175438596491228,4.2105263157894735,5.964912280701754,89.82456140350877,10.87719298245614,78.94736842105263
E00075266,332,60,19,41,272,25,247,18.072289156626507,5.72289156626506,12.349397590361445,81.92771084337349,7.530120481927711,74.3975903614458
E00075267,313,44,17,27,269,29,240,14.057507987220447,5.431309904153355,8.626198083067091,85.94249201277955,9.26517571884984,76.6773162939297
E00075268,285,36,7,29,249,26,223,12.631578947368421,2.456140350877193,10.175438596491228,87.36842105263159,9.12280701754386,78.24561403508771
E00075269,233,56,18,38,177,21,156,24.034334763948497,7.725321888412018,16.30901287553648,75.9656652360515,9.012875536480687,66.95278969957081
E00075270,193,29,7,22,164,16,148,15.025906735751295,3.6269430051813467,11.398963730569948,84.97409326424871,8.290155440414509,76.68393782383419
E00075271,253,86,42,44,167,19,148,33.99209486166008,16.600790513833992,17.391304347826086,66.00790513833992,7.5098814229249005,58.498023715415016
E00075272,405,89,29,60,316,23,293,21.975308641975307,7.160493827160494,14.814814814814813,78.02469135802468,5.679012345679013,72.34567901234567
E00075273,501,87,29,58,414,38,376,17.365269461077844,5.788423153692615,11.57684630738523,82.63473053892216,7.584830339321358,75.0499001996008
E00075274,245,58,23,35,187,15,172,23.6734693877551,9.387755102040817,14.285714285714285,76.32653061224491,6.122448979591836,70.20408163265306
E00075275,233,42,14,28,191,18,173,18.025751072961373,6.008583690987124,12.017167381974248,81.97424892703863,7.725321888412018,74.2489270386266
E00075276,297,55,19,36,242,34,208,18.51851851851852,6.397306397306397,12.121212121212121,81.48148148148148,11.447811447811448,70.03367003367003
E00075277,374,89,53,36,285,33,252,23.796791443850267,14.171122994652407,9.62566844919786,76.20320855614973,8.823529411764707,67.37967914438502
E00075278,514,73,26,47,441,37,404,14.202334630350194,5.058365758754864,9.14396887159533,85.7976653696498,7.198443579766536,78.59922178988327
E00075279,359,51,16,35,308,38,270,14.206128133704734,4.456824512534819,9.749303621169917,85.79387186629526,10.584958217270195,75.20891364902506
E00075280,352,79,25,54,273,24,249,22.443181818181817,7.1022727272727275,15.340909090909092,77.55681818181817,6.8181818181818175,70.73863636363636
E00075281,359,90,50,40,269,23,246,25.069637883008355,13.92757660167131,11.142061281337048,74.93036211699165,6.406685236768802,68.52367688022284
E00075282,297,43,14,29,254,24,230,14.47811447811448,4.713804713804714,9.764309764309765,85.52188552188552,8.080808080808081,77.44107744107744
E00075283,419,65,21,44,354,29,325,15.513126491646778,5.011933174224343,10.501193317422434,84.48687350835323,6.921241050119331,77.56563245823389
E00075284,320,44,15,29,276,23,253,13.750000000000002,4.6875,9.0625,86.25,7.187499999999999,79.0625
E00075285,309,56,17,39,253,35,218,18.12297734627832,5.501618122977346,12.62135922330097,81.87702265372168,11.326860841423949,70.55016181229773
E00075286,333,41,9,32,292,26,266,12.312312312312311,2.7027027027027026,9.60960960960961,87.68768768768768,7.807807807807808,79.87987987987988
E00075287,362,50,20,30,312,31,281,13.812154696132598,5.524861878453039,8.287292817679557,86.1878453038674,8.56353591160221,77.62430939226519
E00075288,448,55,17,38,393,33,360,12.276785714285714,3.7946428571428568,8.482142857142858,87.72321428571429,7.366071428571429,80.35714285714286
E00075289,309,37,12,25,272,18,254,11.974110032362459,3.8834951456310676,8.090614886731391,88.02588996763754,5.825242718446602,82.20064724919094
E00075290,338,41,14,27,297,29,268,12.1301775147929,4.142011834319527,7.988165680473373,87.86982248520711,8.579881656804734,79.28994082840237
E00075291,347,35,13,22,312,32,280,10.086455331412104,3.7463976945244957,6.340057636887608,89.9135446685879,9.221902017291066,80.69164265129683
E00075292,367,56,27,29,311,29,282,15.258855585831062,7.3569482288828345,7.901907356948229,84.74114441416893,7.901907356948229,76.83923705722071
E00075293,304,40,18,22,264,25,239,13.157894736842104,5.921052631578947,7.236842105263158,86.8421052631579,8.223684210526317,78.61842105263158
E00075294,359,39,12,27,320,24,296,10.86350974930362,3.3426183844011144,7.520891364902507,89.13649025069638,6.685236768802229,82.45125348189416
E00075295,344,45,18,27,299,26,273,13.08139534883721,5.232558139534884,7.848837209302325,86.9186046511628,7.55813953488372,79.36046511627907
E00075296,313,51,26,25,262,26,236,16.293929712460063,8.30670926517572,7.987220447284344,83.70607028753993,8.30670926517572,75.39936102236422
E00075297,322,36,16,20,286,26,260,11.180124223602485,4.968944099378882,6.211180124223603,88.81987577639751,8.074534161490684,80.74534161490683
E00075298,306,45,14,31,261,19,242,14.705882352941178,4.57516339869281,10.130718954248366,85.29411764705883,6.209150326797386,79.08496732026144
E00075299,267,51,25,26,216,20,196,19.101123595505616,9.363295880149813,9.737827715355806,80.89887640449437,7.490636704119851,73.40823970037454
E00075300,388,65,28,37,323,36,287,16.752577319587626,7.216494845360824,9.536082474226804,83.24742268041237,9.278350515463918,73.96907216494846
E00075301,330,43,13,30,287,27,260,13.030303030303031,3.939393939393939,9.090909090909092,86.96969696969697,8.181818181818182,78.78787878787878
E00075302,316,31,14,17,285,26,259,9.81012658227848,4.430379746835443,5.379746835443038,90.18987341772153,8.227848101265822,81.9620253164557
E00075303,287,40,11,29,247,21,226,13.937282229965156,3.8327526132404177,10.104529616724738,86.06271777003485,7.317073170731707,78.74564459930313
E00075304,391,88,44,44,303,29,274,22.506393861892583,11.253196930946292,11.253196930946292,77.49360613810742,7.41687979539642,70.076726342711
E00075305,351,34,18,16,317,33,284,9.686609686609685,5.128205128205128,4.5584045584045585,90.31339031339031,9.401709401709402,80.91168091168092
E00075306,245,61,23,38,184,19,165,24.897959183673468,9.387755102040817,15.510204081632653,75.10204081632654,7.755102040816326,67.3469387755102
E00075307,222,54,18,36,168,17,151,24.324324324324326,8.108108108108109,16.216216216216218,75.67567567567568,7.657657657657657,68.01801801801803
E00075308,409,56,22,34,353,30,323,13.691931540342297,5.378973105134474,8.312958435207824,86.3080684596577,7.334963325183375,78.97310513447434
E00075309,333,43,14,29,290,30,260,12.912912912912914,4.2042042042042045,8.708708708708707,87.08708708708708,9.00900900900901,78.07807807807808
E00075310,353,70,33,37,283,35,248,19.8300283286119,9.34844192634561,10.48158640226629,80.16997167138811,9.91501416430595,70.25495750708215
E00075311,327,51,20,31,276,23,253,15.59633027522936,6.116207951070336,9.480122324159021,84.40366972477065,7.033639143730887,77.37003058103976
E00075312,329,78,23,55,251,22,229,23.70820668693009,6.990881458966565,16.717325227963524,76.29179331306992,6.68693009118541,69.6048632218845
E00075313,335,45,12,33,290,29,261,13.432835820895523,3.582089552238806,9.850746268656717,86.56716417910447,8.656716417910449,77.91044776119404
E00075314,382,62,20,42,320,34,286,16.230366492146597,5.2356020942408374,10.99476439790576,83.7696335078534,8.900523560209423,74.86910994764398
E00075315,330,33,10,23,297,20,277,10,3.0303030303030303,6.969696969696971,90,6.0606060606060606,83.93939393939394
E00075316,360,70,23,47,290,24,266,19.444444444444446,6.388888888888888,13.055555555555557,80.55555555555556,6.666666666666667,73.88888888888889
E00075317,311,63,24,39,248,27,221,20.257234726688104,7.717041800643088,12.540192926045016,79.7427652733119,8.681672025723474,71.06109324758843
E00075318,309,68,30,38,241,24,217,22.006472491909385,9.70873786407767,12.297734627831716,77.99352750809061,7.766990291262135,70.22653721682848
E00075319,355,46,11,35,309,24,285,12.957746478873238,3.0985915492957745,9.859154929577464,87.04225352112675,6.760563380281689,80.28169014084507
E00075320,437,74,18,56,363,24,339,16.933638443935926,4.118993135011442,12.814645308924485,83.06636155606407,5.491990846681922,77.57437070938215
E00075321,161,55,21,34,106,16,90,34.161490683229815,13.043478260869565,21.11801242236025,65.83850931677019,9.937888198757763,55.90062111801242
E00075322,348,54,20,34,294,24,270,15.517241379310345,5.747126436781609,9.770114942528735,84.48275862068965,6.896551724137931,77.58620689655173
E00075323,301,41,10,31,260,23,237,13.621262458471762,3.322259136212625,10.299003322259136,86.37873754152824,7.641196013289036,78.7375415282392
E00075324,328,55,12,43,273,30,243,16.76829268292683,3.6585365853658534,13.109756097560975,83.23170731707317,9.146341463414634,74.08536585365853
E00075325,208,89,47,42,119,11,108,42.78846153846153,22.596153846153847,20.192307692307693,57.21153846153846,5.288461538461538,51.92307692307693
E00075326,285,60,29,31,225,17,208,21.052631578947366,10.175438596491228,10.87719298245614,78.94736842105263,5.964912280701754,72.98245614035088
E00075327,364,52,20,32,312,26,286,14.285714285714285,5.4945054945054945,8.791208791208792,85.71428571428571,7.142857142857142,78.57142857142857
E00075328,315,54,15,39,261,27,234,17.142857142857142,4.761904761904762,12.380952380952381,82.85714285714286,8.571428571428571,74.28571428571429
E00075329,288,68,26,42,220,20,200,23.61111111111111,9.027777777777777,14.583333333333334,76.38888888888889,6.944444444444445,69.44444444444444
E00075330,346,59,21,38,287,15,272,17.052023121387283,6.069364161849711,10.982658959537572,82.94797687861272,4.335260115606936,78.61271676300578
E00075331,228,74,42,32,154,16,138,32.45614035087719,18.421052631578945,14.035087719298245,67.54385964912281,7.017543859649122,60.526315789473685
E00075332,331,55,19,36,276,19,257,16.61631419939577,5.740181268882175,10.876132930513595,83.38368580060424,5.740181268882175,77.64350453172206
E00075333,349,56,20,36,293,24,269,16.045845272206304,5.730659025787966,10.315186246418339,83.95415472779369,6.876790830945559,77.07736389684814
E00075334,411,72,22,50,339,39,300,17.51824817518248,5.35279805352798,12.165450121654501,82.48175182481752,9.48905109489051,72.99270072992701
E00075335,357,53,19,34,304,36,268,14.84593837535014,5.322128851540616,9.523809523809524,85.15406162464986,10.084033613445378,75.07002801120449
E00075336,361,59,19,40,302,43,259,16.343490304709142,5.263157894736842,11.080332409972298,83.65650969529086,11.911357340720222,71.74515235457064
E00075337,519,67,21,46,452,32,420,12.909441233140656,4.046242774566474,8.863198458574182,87.09055876685935,6.165703275529865,80.92485549132948
E00075338,357,58,24,34,299,35,264,16.246498599439775,6.722689075630252,9.523809523809524,83.75350140056022,9.803921568627452,73.94957983193278
E00075339,500,95,32,63,405,32,373,19,6.4,12.6,81,6.4,74.6
E00075340,368,60,18,42,308,35,273,16.304347826086957,4.891304347826087,11.41304347826087,83.69565217391305,9.510869565217392,74.18478260869566
E00075341,343,43,16,27,300,28,272,12.536443148688047,4.664723032069971,7.871720116618077,87.46355685131195,8.16326530612245,79.30029154518951
E00075342,311,45,23,22,266,32,234,14.469453376205788,7.395498392282958,7.07395498392283,85.53054662379421,10.289389067524116,75.2411575562701
E00075343,388,66,29,37,322,26,296,17.010309278350515,7.474226804123711,9.536082474226804,82.9896907216495,6.701030927835052,76.28865979381443
E00075344,323,33,12,21,290,30,260,10.21671826625387,3.7151702786377707,6.5015479876160995,89.78328173374614,9.287925696594428,80.4953560371517
E00075345,306,42,19,23,264,17,247,13.725490196078432,6.209150326797386,7.516339869281046,86.27450980392157,5.555555555555555,80.71895424836602
E00075346,327,44,13,31,283,18,265,13.455657492354739,3.9755351681957185,9.480122324159021,86.54434250764525,5.5045871559633035,81.03975535168195
E00075347,328,48,14,34,280,25,255,14.634146341463413,4.2682926829268295,10.365853658536585,85.36585365853658,7.621951219512195,77.7439024390244
E00075348,397,48,14,34,349,41,308,12.090680100755668,3.5264483627204033,8.564231738035264,87.90931989924434,10.327455919395465,77.58186397984886
E00075349,384,49,14,35,335,30,305,12.760416666666666,3.6458333333333335,9.114583333333332,87.23958333333334,7.8125,79.42708333333334
E00075350,417,58,19,39,359,37,322,13.908872901678656,4.556354916067146,9.352517985611511,86.09112709832134,8.872901678657074,77.21822541966426
E00075351,585,113,41,72,472,26,446,19.31623931623932,7.0085470085470085,12.307692307692308,80.68376068376068,4.444444444444445,76.23931623931624
E00075352,364,54,22,32,310,21,289,14.835164835164836,6.043956043956044,8.791208791208792,85.16483516483517,5.769230769230769,79.3956043956044
E00075353,334,79,42,37,255,20,235,23.652694610778443,12.574850299401197,11.077844311377245,76.34730538922156,5.9880239520958085,70.35928143712576
E00075354,315,50,16,34,265,28,237,15.873015873015872,5.079365079365079,10.793650793650794,84.12698412698413,8.88888888888889,75.23809523809524
E00075355,291,71,35,36,220,9,211,24.398625429553263,12.027491408934708,12.371134020618557,75.60137457044674,3.0927835051546393,72.5085910652921
E00075356,340,47,11,36,293,22,271,13.823529411764707,3.2352941176470593,10.588235294117647,86.1764705882353,6.470588235294119,79.70588235294119
E00075358,481,69,27,42,412,34,378,14.345114345114347,5.613305613305614,8.731808731808732,85.65488565488566,7.0686070686070686,78.5862785862786
E00075359,307,47,18,29,260,28,232,15.309446254071663,5.863192182410423,9.446254071661238,84.69055374592834,9.120521172638437,75.57003257328991
E00075361,328,54,26,28,274,32,242,16.463414634146343,7.926829268292683,8.536585365853659,83.53658536585365,9.75609756097561,73.78048780487805
E00075362,313,57,26,31,256,23,233,18.210862619808307,8.30670926517572,9.904153354632587,81.78913738019169,7.348242811501597,74.4408945686901
E00075363,423,73,25,48,350,30,320,17.257683215130022,5.91016548463357,11.347517730496454,82.74231678486997,7.092198581560284,75.65011820330969
E00075364,311,59,16,43,252,17,235,18.971061093247588,5.144694533762058,13.826366559485532,81.02893890675242,5.466237942122187,75.56270096463022
E00075365,339,50,22,28,289,27,262,14.749262536873156,6.489675516224189,8.259587020648967,85.25073746312685,7.964601769911504,77.28613569321534
E00075366,316,50,18,32,266,25,241,15.822784810126583,5.69620253164557,10.126582278481013,84.17721518987342,7.9113924050632916,76.26582278481013
E00075367,285,38,7,31,247,29,218,13.333333333333334,2.456140350877193,10.87719298245614,86.66666666666667,10.175438596491228,76.49122807017544
E00075368,255,55,28,27,200,17,183,21.568627450980394,10.980392156862745,10.588235294117647,78.43137254901961,6.666666666666667,71.76470588235294
E00075369,373,67,26,41,306,27,279,17.962466487935657,6.970509383378016,10.991957104557642,82.03753351206434,7.238605898123325,74.79892761394102
E00075370,335,46,19,27,289,24,265,13.73134328358209,5.6716417910447765,8.059701492537313,86.26865671641791,7.164179104477612,79.1044776119403
E00075371,322,65,33,32,257,23,234,20.18633540372671,10.248447204968944,9.937888198757763,79.8136645962733,7.142857142857142,72.67080745341616
E00075372,326,50,11,39,276,26,250,15.337423312883436,3.374233128834356,11.96319018404908,84.66257668711657,7.975460122699387,76.68711656441718
E00075373,328,48,16,32,280,13,267,14.634146341463413,4.878048780487805,9.75609756097561,85.36585365853658,3.9634146341463414,81.40243902439023
E00075374,356,35,12,23,321,36,285,9.831460674157304,3.3707865168539324,6.460674157303371,90.1685393258427,10.112359550561797,80.0561797752809
E00075375,327,43,18,25,284,26,258,13.149847094801222,5.5045871559633035,7.64525993883792,86.85015290519877,7.951070336391437,78.89908256880734
E00075376,252,66,39,27,186,12,174,26.190476190476193,15.476190476190476,10.714285714285714,73.80952380952381,4.761904761904762,69.04761904761905
E00075377,387,56,24,32,331,23,308,14.470284237726098,6.2015503875969,8.2687338501292,85.52971576227391,5.943152454780361,79.58656330749353
E00075378,305,47,22,25,258,28,230,15.40983606557377,7.213114754098362,8.19672131147541,84.59016393442623,9.180327868852459,75.40983606557377
E00075379,261,33,11,22,228,20,208,12.643678160919542,4.21455938697318,8.42911877394636,87.356321839080465,7.662835249042145,79.6934865900383
E00075380,308,76,27,49,232,23,209,24.675324675324674,8.766233766233766,15.909090909090908,75.32467532467533,7.467532467532467,67.85714285714286
E00075381,292,42,14,28,250,23,227,14.383561643835616,4.794520547945205,9.58904109589041,85.61643835616438,7.876712328767123,77.73972602739725
E00075382,360,60,27,33,300,31,269,16.666666666666664,7.5,9.166666666666666,83.33333333333334,8.61111111111111,74.72222222222223
E00075383,387,65,33,32,322,29,293,16.795865633074936,8.527131782945736,8.2687338501292,83.20413436692506,7.493540051679587,75.71059431524549
E00075384,335,82,32,50,253,34,219,24.47761194029851,9.55223880597015,14.925373134328357,75.5223880597015,10.149253731343283,65.3731343283582
E00075385,373,78,42,36,295,35,260,20.91152815013405,11.26005361930295,9.651474530831099,79.08847184986595,9.383378016085791,69.70509383378017
E00075386,276,76,34,42,200,18,182,27.536231884057973,12.318840579710146,15.217391304347828,72.46376811594203,6.521739130434782,65.94202898550725
E00075387,340,69,34,35,271,33,238,20.294117647058822,10,10.294117647058822,79.70588235294119,9.705882352941178,70
E00075388,334,51,18,33,283,22,261,15.269461077844312,5.389221556886228,9.880239520958083,84.73053892215569,6.58682634730539,78.1437125748503
E00075389,302,56,24,32,246,20,226,18.543046357615893,7.9470198675496695,10.596026490066226,81.45695364238411,6.622516556291391,74.83443708609272
E00075390,393,66,21,45,327,22,305,16.793893129770993,5.343511450381679,11.450381679389313,83.20610687022901,5.597964376590331,77.60814249363868
E00075391,338,49,23,26,289,29,260,14.497041420118343,6.8047337278106506,7.6923076923076925,85.50295857988166,8.579881656804734,76.92307692307693
E00075392,265,46,14,32,219,20,199,17.358490566037734,5.283018867924529,12.075471698113208,82.64150943396227,7.547169811320755,75.09433962264151
E00075393,262,68,34,34,194,19,175,25.954198473282442,12.977099236641221,12.977099236641221,74.04580152671755,7.251908396946565,66.79389312977099
E00075394,297,55,24,31,242,13,229,18.51851851851852,8.080808080808081,10.437710437710438,81.48148148148148,4.377104377104377,77.10437710437711
E00075395,385,89,31,58,296,19,277,23.116883116883116,8.051948051948052,15.064935064935064,76.88311688311688,4.935064935064935,71.94805194805195
E00075396,356,45,23,22,311,27,284,12.640449438202248,6.460674157303371,6.179775280898876,87.35955056179775,7.584269662921349,79.7752808988764
E00075397,288,52,25,27,236,13,223,18.055555555555554,8.680555555555555,9.375,81.94444444444444,4.513888888888888,77.43055555555556
E00075398,348,100,50,50,248,19,229,28.735632183908045,14.367816091954023,14.367816091954023,71.26436781609196,5.459770114942529,65.80459770114942
E00075399,253,67,31,36,186,19,167,26.48221343873518,12.25296442687747,14.229249011857709,73.51778656126481,7.5098814229249005,66.00790513833992
E00075400,302,38,11,27,264,19,245,12.582781456953644,3.642384105960265,8.940397350993377,87.41721854304636,6.291390728476822,81.12582781456953
E00075401,426,76,25,51,350,36,314,17.84037558685446,5.868544600938967,11.971830985915492,82.15962441314554,8.450704225352112,73.70892018779342
E00075402,309,66,20,46,243,19,224,21.35922330097087,6.472491909385113,14.886731391585762,78.64077669902912,6.148867313915858,72.49190938511327
E00075403,352,78,31,47,274,26,248,22.15909090909091,8.806818181818182,13.352272727272727,77.8409090909091,7.386363636363637,70.45454545454545
E00075404,304,51,24,27,253,15,238,16.776315789473685,7.894736842105263,8.881578947368421,83.22368421052632,4.934210526315789,78.28947368421053
E00075405,347,70,36,34,277,15,262,20.172910662824208,10.37463976945245,9.798270893371757,79.82708933717579,4.322766570605188,75.50432276657061
E00075406,213,45,25,20,168,12,156,21.12676056338028,11.737089201877934,9.389671361502346,78.87323943661971,5.633802816901409,73.23943661971832
E00075407,453,107,61,46,346,38,308,23.62030905077263,13.46578366445916,10.154525386313466,76.37969094922738,8.388520971302428,67.99116997792495
E00075408,330,67,27,40,263,23,240,20.303030303030305,8.181818181818182,12.121212121212121,79.6969696969697,6.969696969696971,72.72727272727273
E00075409,193,44,22,22,149,8,141,22.797927461139896,11.398963730569948,11.398963730569948,77.2020725388601,4.145077720207254,73.05699481865285
E00075410,369,76,32,44,293,19,274,20.59620596205962,8.672086720867208,11.924119241192411,79.40379403794037,5.149051490514905,74.25474254742548
E00075411,409,67,28,39,342,26,316,16.381418092909534,6.845965770171149,9.5354523227383865,83.61858190709046,6.356968215158925,77.26161369193154
E00075412,383,111,58,53,272,25,247,28.98172323759791,15.143603133159269,13.838120104438643,71.01827676240208,6.527415143603134,64.49086161879896
E00075413,235,26,10,16,209,22,187,11.063829787234042,4.25531914893617,6.808510638297872,88.93617021276596,9.361702127659575,79.57446808510639
E00075414,310,62,23,39,248,16,232,20,7.419354838709677,12.580645161290322,80,5.161290322580645,74.83870967741936
E00075415,354,113,79,34,241,23,218,31.92090395480226,22.316384180790962,9.6045197740113,68.07909604519774,6.497175141242938,61.5819209039548
E00075416,292,72,41,31,220,13,207,24.65753424657534,14.04109589041096,10.616438356164384,75.34246575342466,4.4520547945205475,70.8904109589041
E00075417,251,55,35,20,196,13,183,21.91235059760956,13.94422310756972,7.968127490039841,78.08764940239044,5.179282868525896,72.90836653386454
E00075418,275,43,21,22,232,29,203,15.636363636363637,7.636363636363637,8,84.36363636363636,10.545454545454545,73.81818181818181
E00075419,404,89,31,58,315,25,290,22.02970297029703,7.673267326732673,14.356435643564355,77.97029702970298,6.188118811881188,71.78217821782178
E00075420,313,55,18,37,258,16,242,17.57188498402556,5.7507987220447285,11.821086261980831,82.42811501597444,5.111821086261981,77.31629392971246
E00075421,370,68,31,37,302,30,272,18.37837837837838,8.378378378378379,10,81.62162162162161,8.108108108108109,73.51351351351352
E00075422,295,54,17,37,241,32,209,18.305084745762713,5.762711864406779,12.54237288135593,81.69491525423729,10.847457627118644,70.84745762711864
E00075423,359,69,31,38,290,27,263,19.220055710306408,8.635097493036211,10.584958217270195,80.77994428969359,7.520891364902507,73.25905292479109
E00075424,340,43,17,26,297,22,275,12.647058823529411,5,7.647058823529412,87.3529411764706,6.470588235294119,80.88235294117648
E00075425,316,36,16,20,280,27,253,11.39240506329114,5.063291139240507,6.329113924050633,88.60759493670885,8.544303797468354,80.0632911392405
E00075426,275,87,42,45,188,16,172,31.636363636363633,15.272727272727273,16.363636363636363,68.36363636363636,5.818181818181818,62.54545454545455
E00075427,134,23,7,16,111,11,100,17.16417910447761,5.223880597014925,11.940298507462686,82.83582089552239,8.208955223880597,74.6268656716418
E00075428,159,27,9,18,132,8,124,16.9811320754717,5.660377358490567,11.320754716981133,83.01886792452831,5.031446540880504,77.9874213836478
E00075429,257,31,6,25,226,19,207,12.062256809338521,2.3346303501945527,9.72762645914397,87.93774319066148,7.392996108949417,80.54474708171206
E00075430,321,49,19,30,272,28,244,15.264797507788161,5.919003115264798,9.345794392523365,84.73520249221184,8.722741433021806,76.01246105919003
E00075431,226,63,30,33,163,13,150,27.876106194690266,13.274336283185843,14.601769911504425,72.12389380530973,5.752212389380531,66.3716814159292
E00075432,409,64,22,42,345,36,309,15.647921760391197,5.378973105134474,10.268948655256724,84.3520782396088,8.80195599022005,75.55012224938875
E00075433,404,71,25,46,333,31,302,17.574257425742573,6.188118811881188,11.386138613861387,82.42574257425743,7.673267326732673,74.75247524752476
E00075434,354,58,32,26,296,26,270,16.38418079096045,9.03954802259887,7.344632768361582,83.61581920903954,7.344632768361582,76.27118644067797
E00075435,450,72,28,44,378,36,342,16,6.222222222222222,9.777777777777779,84,8,76
E00075436,305,35,11,24,270,25,245,11.475409836065573,3.606557377049181,7.868852459016394,88.52459016393442,8.19672131147541,80.32786885245902
E00075437,383,55,24,31,328,29,299,14.360313315926893,6.266318537859007,8.093994778067886,85.6396866840731,7.5718015665796345,78.06788511749347
E00075438,331,26,3,23,305,16,289,7.854984894259818,0.906344410876133,6.948640483383686,92.14501510574019,4.833836858006042,87.31117824773413
E00075439,341,37,11,26,304,30,274,10.850439882697946,3.225806451612903,7.624633431085044,89.14956011730204,8.797653958944283,80.35190615835776
E00075440,277,61,30,31,216,16,200,22.021660649819495,10.830324909747292,11.191335740072201,77.9783393501805,5.776173285198556,72.20216606498195
E00075441,584,77,27,50,507,54,453,13.184931506849315,4.623287671232877,8.561643835616438,86.81506849315068,9.246575342465754,77.56849315068493
E00075442,350,61,27,34,289,39,250,17.42857142857143,7.7142857142857135,9.714285714285714,82.57142857142857,11.142857142857142,71.42857142857143
E00075443,410,71,24,47,339,30,309,17.317073170731707,5.853658536585367,11.463414634146343,82.68292682926828,7.317073170731707,75.36585365853658
E00075444,296,56,18,38,240,18,222,18.91891891891892,6.081081081081082,12.837837837837837,81.08108108108108,6.081081081081082,75
E00075445,329,66,27,39,263,41,222,20.060790273556233,8.206686930091186,11.854103343465045,79.93920972644378,12.462006079027356,67.47720364741642
E00075446,291,50,18,32,241,23,218,17.18213058419244,6.185567010309279,10.996563573883162,82.81786941580756,7.903780068728522,74.91408934707904
E00075447,313,61,26,35,252,31,221,19.488817891373802,8.30670926517572,11.182108626198083,80.5111821086262,9.904153354632587,70.6070287539936
E00075448,257,47,14,33,210,17,193,18.28793774319066,5.447470817120623,12.840466926070038,81.71206225680933,6.614785992217899,75.09727626459144
E00075449,237,50,16,34,187,18,169,21.09704641350211,6.751054852320674,14.345991561181433,78.90295358649789,7.59493670886076,71.30801687763713
E00075450,289,44,8,36,245,28,217,15.22491349480969,2.768166089965398,12.45674740484429,84.77508650519032,9.688581314878892,75.08650519031141
E00075451,285,42,19,23,243,22,221,14.736842105263156,6.666666666666667,8.070175438596491,85.26315789473684,7.719298245614035,77.54385964912281
E00075452,281,32,11,21,249,28,221,11.387900355871885,3.9145907473309607,7.473309608540925,88.61209964412812,9.9644128113879,78.64768683274022
E00075453,242,57,26,31,185,16,169,23.553719008264462,10.743801652892563,12.8099173553719,76.44628099173553,6.6115702479338845,69.83471074380165
E00075454,270,42,13,29,228,19,209,15.555555555555555,4.814814814814815,10.74074074074074,84.44444444444444,7.037037037037037,77.4074074074074
E00075455,303,54,22,32,249,21,228,17.82178217821782,7.2607260726072615,10.561056105610561,82.17821782178217,6.9306930693069315,75.24752475247524
E00075456,258,34,9,25,224,19,205,13.178294573643413,3.488372093023256,9.689922480620156,86.82170542635659,7.3643410852713185,79.45736434108527
E00075457,306,33,7,26,273,28,245,10.784313725490197,2.287581699346405,8.49673202614379,89.2156862745098,9.15032679738562,80.06535947712419
E00075458,208,44,15,29,164,21,143,21.153846153846153,7.211538461538461,13.942307692307693,78.84615384615384,10.096153846153847,68.75
E00075459,285,70,28,42,215,22,193,24.561403508771928,9.824561403508772,14.736842105263156,75.43859649122807,7.719298245614035,67.71929824561404
E00075460,271,44,15,29,227,26,201,16.236162361623617,5.535055350553505,10.70110701107011,83.76383763837639,9.59409594095941,74.16974169741697
E00075461,284,30,10,20,254,25,229,10.56338028169014,3.5211267605633805,7.042253521126761,89.43661971830986,8.80281690140845,80.63380281690141
E00075462,279,51,23,28,228,26,202,18.27956989247312,8.24372759856631,10.03584229390681,81.72043010752688,9.31899641577061,72.40143369175627
E00075463,344,41,16,25,303,25,278,11.918604651162791,4.651162790697675,7.267441860465117,88.0813953488372,7.267441860465117,80.81395348837209
E00075464,271,57,21,36,214,23,191,21.033210332103323,7.7490774907749085,13.284132841328415,78.96678966789668,8.487084870848708,70.47970479704797
E00075465,286,31,12,19,255,18,237,10.839160839160838,4.195804195804196,6.643356643356643,89.16083916083916,6.293706293706294,82.86713286713287
E00075466,317,46,16,30,271,23,248,14.511041009463725,5.047318611987381,9.46372239747634,85.48895899053628,7.255520504731862,78.23343848580441
E00075467,371,58,26,32,313,23,290,15.633423180592992,7.008086253369273,8.62533692722372,84.36657681940702,6.199460916442049,78.16711590296495
E00075468,321,58,25,33,263,21,242,18.06853582554517,7.78816199376947,10.2803738317757,81.93146417445483,6.5420560747663545,75.38940809968847
E00075469,361,48,15,33,313,30,283,13.29639889196676,4.1551246537396125,9.141274238227147,86.70360110803324,8.310249307479225,78.39335180055402
E00075470,314,64,23,41,250,24,226,20.382165605095544,7.32484076433121,13.05732484076433,79.61783439490446,7.643312101910828,71.97452229299363
E00075471,403,73,34,39,330,10,320,18.11414392059553,8.436724565756824,9.67741935483871,81.88585607940446,2.481389578163772,79.4044665012407
E00075472,316,50,20,30,266,36,230,15.822784810126583,6.329113924050633,9.49367088607595,84.17721518987342,11.39240506329114,72.78481012658227
E00075473,323,38,11,27,285,49,236,11.76470588235294,3.4055727554179565,8.359133126934983,88.23529411764706,15.170278637770899,73.06501547987617
E00075474,316,38,8,30,278,16,262,12.025316455696203,2.5316455696202533,9.49367088607595,87.9746835443038,5.063291139240507,82.91139240506328
E00075475,318,37,10,27,281,37,244,11.635220125786164,3.1446540880503147,8.49056603773585,88.36477987421384,11.635220125786164,76.72955974842768
E00075476,299,64,31,33,235,21,214,21.40468227424749,10.367892976588628,11.036789297658862,78.59531772575251,7.023411371237458,71.57190635451505
E00075477,383,49,16,33,334,26,308,12.793733681462141,4.177545691906006,8.616187989556137,87.20626631853786,6.7885117493472595,80.4177545691906
E00075478,337,69,18,51,268,30,238,20.474777448071215,5.341246290801187,15.133531157270031,79.52522255192879,8.902077151335313,70.62314540059347
E00075479,317,44,15,29,273,15,258,13.880126182965299,4.73186119873817,9.14826498422713,86.1198738170347,4.73186119873817,81.38801261829653
E00075480,304,54,29,25,250,28,222,17.763157894736842,9.539473684210527,8.223684210526317,82.23684210526315,9.210526315789473,73.02631578947368
E00075481,312,48,17,31,264,23,241,15.384615384615385,5.448717948717949,9.935897435897436,84.61538461538461,7.371794871794872,77.24358974358975
E00075482,337,54,23,31,283,33,250,16.023738872403563,6.824925816023739,9.198813056379821,83.97626112759644,9.792284866468842,74.1839762611276
E00075483,298,56,18,38,242,21,221,18.79194630872483,6.0402684563758395,12.751677852348994,81.20805369127517,7.046979865771812,74.16107382550335
E00075484,284,34,11,23,250,19,231,11.971830985915492,3.873239436619718,8.098591549295776,88.02816901408451,6.690140845070422,81.33802816901408
E00075485,328,37,14,23,291,24,267,11.28048780487805,4.2682926829268295,7.01219512195122,88.71951219512195,7.317073170731707,81.40243902439023
E00075486,343,72,32,40,271,23,248,20.99125364431487,9.329446064139942,11.661807580174926,79.00874635568513,6.705539358600583,72.30320699708454
E00075487,296,35,10,25,261,33,228,11.824324324324325,3.3783783783783785,8.445945945945946,88.17567567567568,11.14864864864865,77.02702702702703
E00075488,315,38,11,27,277,28,249,12.063492063492063,3.492063492063492,8.571428571428571,87.93650793650794,8.88888888888889,79.04761904761905
E00075489,353,30,7,23,323,25,298,8.498583569405099,1.9830028328611897,6.515580736543909,91.5014164305949,7.0821529745042495,84.41926345609065
E00075490,345,66,20,46,279,21,258,19.130434782608695,5.797101449275362,13.333333333333334,80.8695652173913,6.086956521739131,74.78260869565217
E00075491,337,43,15,28,294,30,264,12.759643916913946,4.451038575667656,8.30860534124629,87.24035608308606,8.902077151335313,78.33827893175074
E00075492,264,35,18,17,229,11,218,13.257575757575758,6.8181818181818175,6.4393939393939394,86.74242424242425,4.166666666666666,82.57575757575758
E00075493,293,44,21,23,249,28,221,15.017064846416384,7.167235494880546,7.849829351535837,84.98293515358361,9.556313993174061,75.42662116040955
E00075494,318,58,26,32,260,25,235,18.238993710691823,8.176100628930817,10.062893081761008,81.76100628930818,7.861635220125786,73.89937106918238
E00075495,272,71,46,25,201,19,182,26.10294117647059,16.911764705882355,9.191176470588236,73.89705882352942,6.985294117647059,66.91176470588235
E00075496,400,93,44,49,307,18,289,23.25,11,12.25,76.75,4.5,72.25
E00075497,298,58,31,27,240,21,219,19.463087248322147,10.40268456375839,9.060402684563758,80.53691275167785,7.046979865771812,73.48993288590604
E00075498,321,40,15,25,281,30,251,12.461059190031152,4.672897196261682,7.78816199376947,87.53894080996885,9.345794392523365,78.19314641744548
E00075499,310,70,35,35,240,24,216,22.58064516129032,11.29032258064516,11.29032258064516,77.41935483870968,7.741935483870968,69.6774193548387
E00075500,295,64,33,31,231,20,211,21.694915254237287,11.186440677966102,10.508474576271185,78.30508474576271,6.779661016949152,71.52542372881356
E00075501,280,51,29,22,229,14,215,18.21428571428571,10.357142857142858,7.857142857142857,81.78571428571428,5,76.78571428571429
E00075502,295,70,31,39,225,16,209,23.728813559322035,10.508474576271185,13.220338983050848,76.27118644067797,5.423728813559322,70.84745762711864
E00075503,338,66,23,43,272,20,252,19.526627218934912,6.8047337278106506,12.721893491124261,80.4733727810651,5.9171597633136095,74.55621301775149
E00075504,282,51,20,31,231,17,214,18.085106382978726,7.092198581560284,10.99290780141844,81.91489361702128,6.028368794326241,75.88652482269504
E00075505,262,28,4,24,234,20,214,10.687022900763358,1.5267175572519083,9.16030534351145,89.31297709923665,7.633587786259542,81.67938931297711
E00075506,305,35,10,25,270,20,250,11.475409836065573,3.278688524590164,8.19672131147541,88.52459016393442,6.557377049180328,81.9672131147541
E00075507,235,43,13,30,192,24,168,18.29787234042553,5.531914893617021,12.76595744680851,81.70212765957446,10.212765957446807,71.48936170212767
E00075508,327,30,8,22,297,25,272,9.174311926605505,2.4464831804281344,6.727828746177369,90.82568807339449,7.64525993883792,83.18042813455658
E00075509,428,63,27,36,365,35,330,14.719626168224298,6.308411214953271,8.411214953271028,85.2803738317757,8.177570093457943,77.10280373831776
E00075510,318,27,10,17,291,21,270,8.49056603773585,3.1446540880503147,5.345911949685535,91.50943396226415,6.60377358490566,84.90566037735849
E00075511,393,30,8,22,363,32,331,7.633587786259542,2.035623409669211,5.597964376590331,92.36641221374046,8.142493638676845,84.22391857506362
E00075512,302,57,20,37,245,16,229,18.874172185430464,6.622516556291391,12.251655629139073,81.12582781456953,5.298013245033113,75.82781456953643
E00075513,242,51,25,26,191,23,168,21.074380165289256,10.330578512396695,10.743801652892563,78.92561983471074,9.50413223140496,69.42148760330579
E00075514,292,51,28,23,241,15,226,17.465753424657535,9.58904109589041,7.876712328767123,82.53424657534246,5.136986301369863,77.3972602739726
E00075515,320,57,27,30,263,21,242,17.8125,8.4375,9.375,82.1875,6.5625,75.625
E00075516,314,59,29,30,255,15,240,18.789808917197455,9.235668789808917,9.554140127388536,81.21019108280255,4.777070063694268,76.43312101910828
E00075517,259,57,22,35,202,16,186,22.00772200772201,8.494208494208493,13.513513513513514,77.99227799227799,6.177606177606178,71.81467181467181
E00075518,262,74,35,39,188,15,173,28.24427480916031,13.358778625954198,14.885496183206106,71.7557251908397,5.7251908396946565,66.03053435114504
E00075519,315,55,23,32,260,29,231,17.46031746031746,7.301587301587302,10.158730158730158,82.53968253968253,9.206349206349207,73.33333333333333
E00075520,318,67,27,40,251,20,231,21.069182389937108,8.49056603773585,12.578616352201259,78.9308176100629,6.289308176100629,72.64150943396226
E00075521,283,49,17,32,234,16,218,17.314487632508836,6.007067137809187,11.307420494699647,82.68551236749117,5.6537102473498235,77.03180212014135
E00075522,280,50,14,36,230,17,213,17.857142857142858,5,12.857142857142856,82.14285714285714,6.071428571428571,76.07142857142857
E00075523,309,70,29,41,239,17,222,22.653721682847898,9.385113268608414,13.268608414239482,77.34627831715211,5.501618122977346,71.84466019417476
E00075524,313,49,16,33,264,21,243,15.654952076677317,5.111821086261981,10.543130990415335,84.34504792332268,6.7092651757188495,77.63578274760383
E00075525,302,55,23,32,247,23,224,18.211920529801322,7.6158940397351,10.596026490066226,81.78807947019867,7.6158940397351,74.17218543046357
E00075526,364,54,18,36,310,23,287,14.835164835164836,4.945054945054945,9.89010989010989,85.16483516483517,6.318681318681318,78.84615384615384
E00075527,293,67,30,37,226,19,207,22.866894197952217,10.238907849829351,12.627986348122866,77.13310580204778,6.484641638225256,70.64846416382252
E00075528,301,44,15,29,257,11,246,14.61794019933555,4.983388704318937,9.634551495016613,85.38205980066445,3.6544850498338874,81.72757475083057
E00075529,372,56,19,37,316,27,289,15.053763440860216,5.10752688172043,9.946236559139784,84.94623655913979,7.258064516129033,77.68817204301075
E00075530,307,56,20,36,251,19,232,18.241042345276874,6.514657980456026,11.726384364820847,81.75895765472313,6.188925081433225,75.57003257328991
E00075531,155,51,31,20,104,13,91,32.903225806451616,20,12.903225806451612,67.0967741935484,8.38709677419355,58.70967741935483
E00075532,328,47,13,34,281,19,262,14.329268292682926,3.9634146341463414,10.365853658536585,85.67073170731707,5.7926829268292686,79.8780487804878
E00075533,297,54,21,33,243,11,232,18.181818181818183,7.07070707070707,11.11111111111111,81.81818181818183,3.7037037037037033,78.11447811447812
E00075534,311,41,15,26,270,20,250,13.183279742765272,4.823151125401929,8.360128617363344,86.81672025723472,6.430868167202572,80.38585209003215
E00075535,259,46,21,25,213,21,192,17.760617760617762,8.108108108108109,9.652509652509652,82.23938223938224,8.108108108108109,74.13127413127413
E00075536,386,71,34,37,315,21,294,18.393782383419687,8.808290155440414,9.585492227979273,81.60621761658031,5.4404145077720205,76.16580310880829
E00075537,338,59,21,38,279,31,248,17.45562130177515,6.21301775147929,11.242603550295858,82.54437869822485,9.171597633136095,73.37278106508876
E00075538,337,43,12,31,294,25,269,12.759643916913946,3.5608308605341246,9.198813056379821,87.24035608308606,7.418397626112759,79.82195845697329
E00075539,380,70,29,41,310,28,282,18.421052631578945,7.631578947368421,10.789473684210527,81.57894736842105,7.368421052631578,74.21052631578947
E00075542,251,42,20,22,209,20,189,16.733067729083665,7.968127490039841,8.764940239043826,83.26693227091634,7.968127490039841,75.2988047808765
E00075543,273,47,19,28,226,25,201,17.216117216117215,6.95970695970696,10.256410256410255,82.78388278388277,9.157509157509157,73.62637362637363
E00075544,262,54,20,34,208,29,179,20.610687022900763,7.633587786259542,12.977099236641221,79.38931297709924,11.068702290076336,68.32061068702289
E00075545,296,47,19,28,249,21,228,15.878378378378377,6.418918918918918,9.45945945945946,84.12162162162163,7.094594594594595,77.02702702702703
E00075546,295,57,21,36,238,20,218,19.322033898305087,7.118644067796611,12.203389830508476,80.67796610169492,6.779661016949152,73.89830508474576
E00075547,369,68,17,51,301,20,281,18.428184281842817,4.607046070460704,13.821138211382115,81.57181571815718,5.420054200542006,76.15176151761518
E00075548,309,49,19,30,260,30,230,15.857605177993527,6.148867313915858,9.70873786407767,84.14239482200647,9.70873786407767,74.4336569579288
E00075549,310,40,13,27,270,28,242,12.903225806451612,4.193548387096775,8.709677419354838,87.09677419354838,9.032258064516128,78.06451612903226
E00075550,386,56,17,39,330,20,310,14.507772020725387,4.404145077720207,10.103626943005182,85.49222797927462,5.181347150259067,80.31088082901555
E00075551,350,57,19,38,293,27,266,16.28571428571429,5.428571428571429,10.857142857142858,83.71428571428572,7.7142857142857135,76
E00075552,297,59,23,36,238,15,223,19.865319865319865,7.744107744107744,12.121212121212121,80.13468013468014,5.05050505050505,75.08417508417509
E00075553,319,88,37,51,231,29,202,27.586206896551722,11.598746081504702,15.987460815047022,72.41379310344827,9.090909090909092,63.322884012539184
E00075554,310,36,16,20,274,20,254,11.612903225806452,5.161290322580645,6.451612903225806,88.38709677419355,6.451612903225806,81.93548387096774
E00075555,324,68,26,42,256,27,229,20.98765432098765,8.024691358024691,12.962962962962962,79.01234567901234,8.333333333333332,70.67901234567901
E00075556,348,56,22,34,292,25,267,16.091954022988507,6.321839080459771,9.770114942528735,83.9080459770115,7.183908045977011,76.72413793103449
E00075557,286,48,17,31,238,23,215,16.783216783216783,5.944055944055944,10.839160839160838,83.21678321678321,8.041958041958042,75.17482517482517
E00075558,364,51,16,35,313,31,282,14.010989010989011,4.395604395604396,9.615384615384617,85.98901098901099,8.516483516483516,77.47252747252747
E00075559,299,68,25,43,231,24,207,22.74247491638796,8.361204013377927,14.381270903010032,77.25752508361204,8.02675585284281,69.23076923076923
E00075560,413,57,15,42,356,34,322,13.801452784503631,3.631961259079903,10.16949152542373,86.19854721549636,8.232445520581114,77.96610169491525
E00075561,326,47,14,33,279,22,257,14.417177914110429,4.294478527607362,10.122699386503067,85.58282208588957,6.748466257668712,78.83435582822086
E00075562,393,70,33,37,323,28,295,17.8117048346056,8.396946564885496,9.414758269720101,82.1882951653944,7.124681933842239,75.06361323155217
E00075563,358,84,38,46,274,17,257,23.463687150837988,10.614525139664805,12.849162011173185,76.53631284916202,4.748603351955307,71.7877094972067
E00075564,328,50,18,32,278,20,258,15.24390243902439,5.487804878048781,9.75609756097561,84.7560975609756,6.097560975609756,78.65853658536585
E00075565,304,66,22,44,238,19,219,21.710526315789476,7.236842105263158,14.473684210526317,78.28947368421053,6.25,72.03947368421053
E00075566,390,69,30,39,321,14,307,17.692307692307693,7.6923076923076925,10,82.3076923076923,3.5897435897435894,78.71794871794872
E00075567,344,65,19,46,279,19,260,18.8953488372093,5.523255813953488,13.372093023255813,81.1046511627907,5.523255813953488,75.5813953488372
E00075568,328,61,24,37,267,20,247,18.597560975609756,7.317073170731707,11.28048780487805,81.40243902439023,6.097560975609756,75.3048780487805
E00075569,324,59,28,31,265,18,247,18.209876543209877,8.641975308641975,9.5679012345679,81.79012345679013,5.555555555555555,76.23456790123457
E00075570,445,67,26,41,378,32,346,15.056179775280897,5.842696629213483,9.213483146067416,84.9438202247191,7.191011235955057,77.75280898876404
E00075571,245,87,41,46,158,11,147,35.51020408163265,16.73469387755102,18.775510204081634,64.48979591836735,4.489795918367347,60
E00075572,344,36,12,24,308,26,282,10.465116279069768,3.488372093023256,6.976744186046512,89.53488372093024,7.55813953488372,81.97674418604652
E00075573,320,66,29,37,254,23,231,20.625,9.0625,11.5625,79.375,7.187499999999999,72.1875
E00075574,280,45,17,28,235,25,210,16.071428571428573,6.071428571428571,10,83.92857142857143,8.928571428571429,75
E00075575,267,55,30,25,212,8,204,20.59925093632959,11.235955056179774,9.363295880149813,79.40074906367042,2.9962546816479403,76.40449438202246
E00075576,294,35,8,27,259,22,237,11.904761904761903,2.7210884353741496,9.183673469387756,88.09523809523809,7.482993197278912,80.61224489795919
E00075577,311,50,14,36,261,25,236,16.077170418006432,4.501607717041801,11.57556270096463,83.92282958199357,8.038585209003216,75.88424437299035
E00075578,305,51,20,31,254,34,220,16.721311475409838,6.557377049180328,10.163934426229508,83.27868852459017,11.147540983606557,72.1311475409836
E00075579,293,38,16,22,255,25,230,12.969283276450511,5.460750853242321,7.508532423208192,87.03071672354949,8.532423208191126,78.49829351535837
E00075580,331,46,16,30,285,32,253,13.897280966767372,4.833836858006042,9.06344410876133,86.10271903323263,9.667673716012084,76.43504531722054
E00075581,334,54,19,35,280,24,256,16.16766467065868,5.688622754491018,10.479041916167663,83.8323353293413,7.18562874251497,76.64670658682635
E00075582,294,45,16,29,249,24,225,15.306122448979592,5.442176870748299,9.863945578231291,84.6938775510204,8.16326530612245,76.53061224489795
E00075583,296,47,22,25,249,14,235,15.878378378378377,7.4324324324324325,8.445945945945946,84.12162162162163,4.72972972972973,79.3918918918919
E00075584,272,80,37,43,192,16,176,29.411764705882355,13.602941176470587,15.808823529411764,70.58823529411765,5.88235294117647,64.70588235294117
E00075585,301,47,17,30,254,39,215,15.614617940199334,5.647840531561462,9.966777408637874,84.38538205980066,12.956810631229235,71.42857142857143
E00075586,306,57,23,34,249,13,236,18.627450980392158,7.516339869281046,11.11111111111111,81.37254901960785,4.248366013071895,77.12418300653596
E00075587,297,46,21,25,251,19,232,15.488215488215488,7.07070707070707,8.417508417508419,84.51178451178451,6.397306397306397,78.11447811447812
E00075588,337,45,14,31,292,28,264,13.353115727002967,4.154302670623145,9.198813056379821,86.64688427299704,8.30860534124629,78.33827893175074
E00075589,201,30,7,23,171,23,148,14.925373134328357,3.482587064676617,11.442786069651742,85.07462686567165,11.442786069651742,73.6318407960199
E00075590,312,42,15,27,270,23,247,13.461538461538462,4.807692307692308,8.653846153846153,86.53846153846155,7.371794871794872,79.16666666666666
E00075591,120,16,4,12,104,11,93,13.333333333333334,3.3333333333333335,10,86.66666666666667,9.166666666666666,77.5
E00075592,410,46,14,32,364,39,325,11.219512195121952,3.414634146341464,7.804878048780488,88.78048780487805,9.512195121951219,79.26829268292683
E00075593,349,42,15,27,307,33,274,12.034383954154727,4.297994269340974,7.736389684813753,87.96561604584528,9.455587392550143,78.51002865329512
E00075594,446,59,16,43,387,43,344,13.228699551569505,3.587443946188341,9.641255605381167,86.7713004484305,9.641255605381167,77.13004484304933
E00075595,386,73,24,49,313,22,291,18.911917098445596,6.217616580310881,12.694300518134716,81.0880829015544,5.699481865284974,75.38860103626943
E00075596,232,24,9,15,208,12,196,10.344827586206897,3.8793103448275863,6.4655172413793105,89.65517241379311,5.172413793103448,84.48275862068965
E00075597,252,31,11,20,221,16,205,12.3015873015873,4.365079365079365,7.936507936507936,87.6984126984127,6.349206349206349,81.34920634920636
E00075598,200,39,17,22,161,15,146,19.5,8.5,11,80.5,7.5,73
E00075599,247,48,16,32,199,19,180,19.4331983805668,6.477732793522267,12.955465587044534,80.5668016194332,7.6923076923076925,72.8744939271255
E00075600,306,44,15,29,262,26,236,14.37908496732026,4.901960784313726,9.477124183006536,85.62091503267973,8.49673202614379,77.12418300653596
E00075601,166,27,8,19,139,14,125,16.265060240963855,4.819277108433735,11.44578313253012,83.73493975903614,8.433734939759036,75.30120481927712
E00075602,493,53,19,34,440,33,407,10.75050709939148,3.8539553752535496,6.896551724137931,89.24949290060852,6.693711967545639,82.55578093306288
E00075604,484,67,25,42,417,28,389,13.842975206611571,5.1652892561983474,8.677685950413224,86.15702479338843,5.785123966942149,80.37190082644628
E00075605,380,37,6,31,343,20,323,9.736842105263158,1.5789473684210527,8.157894736842106,90.26315789473685,5.263157894736842,85
E00075607,242,23,10,13,219,22,197,9.50413223140496,4.132231404958678,5.371900826446281,90.49586776859503,9.090909090909092,81.40495867768594
E00075608,431,51,17,34,380,52,328,11.832946635730858,3.944315545243619,7.888631090487238,88.16705336426914,12.064965197215777,76.10208816705337
E00075609,232,43,13,30,189,27,162,18.53448275862069,5.603448275862069,12.931034482758621,81.46551724137932,11.637931034482758,69.82758620689656
E00075610,282,30,7,23,252,19,233,10.638297872340425,2.4822695035460995,8.156028368794328,89.36170212765957,6.73758865248227,82.62411347517731
E00075611,335,27,7,20,308,18,290,8.059701492537313,2.0895522388059704,5.970149253731343,91.94029850746269,5.3731343283582085,86.56716417910447
E00075612,391,56,20,36,335,34,301,14.322250639386189,5.115089514066496,9.207161125319693,85.6777493606138,8.695652173913043,76.98209718670077
E00075613,306,40,18,22,266,24,242,13.071895424836603,5.88235294117647,7.18954248366013,86.9281045751634,7.8431372549019605,79.08496732026144
E00075614,309,39,16,23,270,18,252,12.62135922330097,5.177993527508091,7.443365695792881,87.37864077669903,5.825242718446602,81.55339805825243
E00075615,464,60,18,42,404,35,369,12.931034482758621,3.8793103448275863,9.051724137931034,87.06896551724138,7.543103448275862,79.52586206896551
E00075616,295,55,16,39,240,29,211,18.64406779661017,5.423728813559322,13.220338983050848,81.35593220338984,9.830508474576272,71.52542372881356
E00075617,133,41,16,25,92,8,84,30.82706766917293,12.030075187969924,18.796992481203006,69.17293233082707,6.015037593984962,63.1578947368421
E00075618,317,53,17,36,264,37,227,16.7192429022082,5.3627760252365935,11.35646687697161,83.2807570977918,11.67192429022082,71.60883280757098
E00075619,290,68,29,39,222,13,209,23.448275862068964,10,13.448275862068964,76.55172413793103,4.482758620689655,72.06896551724138
E00075620,337,80,36,44,257,18,239,23.738872403560833,10.682492581602373,13.056379821958458,76.26112759643917,5.341246290801187,70.91988130563797
E00075621,415,112,58,54,303,29,274,26.987951807228917,13.975903614457833,13.012048192771083,73.01204819277109,6.987951807228916,66.02409638554217
E00075622,202,27,8,19,175,25,150,13.366336633663368,3.9603960396039604,9.405940594059405,86.63366336633663,12.376237623762377,74.25742574257426
E00075623,332,63,24,39,269,27,242,18.97590361445783,7.228915662650602,11.74698795180723,81.02409638554217,8.132530120481928,72.89156626506023
E00075624,292,61,29,32,231,16,215,20.89041095890411,9.931506849315069,10.95890410958904,79.1095890410959,5.47945205479452,73.63013698630137
E00075626,263,45,17,28,218,25,193,17.110266159695815,6.4638783269961975,10.646387832699618,82.88973384030417,9.505703422053232,73.38403041825094
E00075627,332,66,28,38,266,35,231,19.879518072289155,8.433734939759036,11.44578313253012,80.12048192771084,10.542168674698797,69.57831325301204
E00075628,280,64,30,34,216,5,211,22.857142857142858,10.714285714285714,12.142857142857142,77.14285714285715,1.7857142857142856,75.35714285714286
E00075629,305,35,10,25,270,29,241,11.475409836065573,3.278688524590164,8.19672131147541,88.52459016393442,9.508196721311474,79.01639344262294
E00075631,425,44,6,38,381,36,345,10.352941176470589,1.411764705882353,8.941176470588236,89.64705882352942,8.470588235294118,81.17647058823529
E00075632,395,57,20,37,338,36,302,14.430379746835442,5.063291139240507,9.367088607594937,85.56962025316456,9.113924050632912,76.45569620253164
E00075633,400,71,25,46,329,28,301,17.75,6.25,11.5,82.25,7.000000000000001,75.25
E00075634,484,65,17,48,419,45,374,13.429752066115702,3.512396694214876,9.917355371900827,86.57024793388429,9.297520661157025,77.27272727272727
E00075637,314,40,11,29,274,23,251,12.738853503184714,3.5031847133757963,9.235668789808917,87.26114649681529,7.32484076433121,79.93630573248409
E00075638,198,58,24,34,140,14,126,29.292929292929294,12.121212121212121,17.17171717171717,70.70707070707071,7.07070707070707,63.63636363636363
E00075639,404,69,30,39,335,28,307,17.07920792079208,7.425742574257425,9.653465346534654,82.92079207920791,6.9306930693069315,75.99009900990099
E00075640,285,62,34,28,223,11,212,21.75438596491228,11.929824561403509,9.824561403508772,78.24561403508771,3.8596491228070176,74.3859649122807
E00075641,524,49,19,30,475,27,448,9.351145038167939,3.6259541984732824,5.7251908396946565,90.64885496183206,5.152671755725191,85.49618320610686
E00075642,226,56,25,31,170,16,154,24.778761061946902,11.061946902654867,13.716814159292035,75.22123893805309,7.079646017699115,68.14159292035397
E00075643,350,56,20,36,294,27,267,16,5.714285714285714,10.285714285714285,84,7.7142857142857135,76.28571428571429
E00075644,358,34,4,30,324,26,298,9.497206703910614,1.1173184357541899,8.379888268156424,90.5027932960894,7.262569832402235,83.24022346368714
E00075645,317,40,12,28,277,25,252,12.618296529968454,3.7854889589905363,8.832807570977918,87.38170347003155,7.886435331230284,79.49526813880126
E00075646,380,33,9,24,347,30,317,8.68421052631579,2.368421052631579,6.315789473684211,91.3157894736842,7.894736842105263,83.42105263157895
E00075647,355,42,15,27,313,14,299,11.830985915492958,4.225352112676056,7.605633802816901,88.16901408450704,3.943661971830986,84.22535211267605
E00075648,356,84,39,45,272,21,251,23.595505617977526,10.955056179775282,12.640449438202248,76.40449438202246,5.8988764044943816,70.50561797752809
E00075649,393,80,29,51,313,25,288,20.35623409669211,7.37913486005089,12.977099236641221,79.64376590330788,6.361323155216285,73.2824427480916
E00075650,360,66,26,40,294,31,263,18.333333333333332,7.222222222222221,11.11111111111111,81.66666666666667,8.61111111111111,73.05555555555556
E00075651,276,93,40,53,183,20,163,33.69565217391305,14.492753623188406,19.202898550724637,66.30434782608695,7.246376811594203,59.05797101449275
E00075652,293,34,14,20,259,23,236,11.604095563139932,4.778156996587031,6.825938566552901,88.39590443686008,7.849829351535837,80.54607508532423
E00075653,233,64,29,35,169,15,154,27.467811158798284,12.446351931330472,15.021459227467812,72.53218884120172,6.437768240343347,66.09442060085837
E00075654,376,61,25,36,315,24,291,16.22340425531915,6.648936170212766,9.574468085106384,83.77659574468085,6.382978723404255,77.3936170212766
E00075655,355,67,31,36,288,19,269,18.87323943661972,8.732394366197182,10.140845070422536,81.12676056338029,5.352112676056338,75.77464788732394
E00075656,293,65,25,40,228,16,212,22.18430034129693,8.532423208191126,13.651877133105803,77.81569965870307,5.460750853242321,72.35494880546075
E00075657,299,60,24,36,239,19,220,20.066889632107024,8.02675585284281,12.040133779264215,79.93311036789298,6.354515050167224,73.57859531772574
E00075658,363,66,23,43,297,35,262,18.181818181818183,6.336088154269973,11.84573002754821,81.81818181818183,9.641873278236915,72.1763085399449
E00075659,320,51,18,33,269,21,248,15.937499999999998,5.625,10.3125,84.0625,6.5625,77.5
E00075660,342,72,32,40,270,19,251,21.052631578947366,9.35672514619883,11.695906432748536,78.94736842105263,5.555555555555555,73.39181286549707
E00075661,345,69,18,51,276,15,261,20,5.217391304347826,14.782608695652174,80,4.3478260869565215,75.65217391304347
E00075662,261,53,21,32,208,13,195,20.306513409961685,8.045977011494253,12.260536398467432,79.6934865900383,4.980842911877394,74.71264367816092
E00075663,313,48,17,31,265,20,245,15.335463258785943,5.431309904153355,9.904153354632587,84.66453674121406,6.3897763578274756,78.27476038338658
E00075664,366,57,18,39,309,31,278,15.573770491803279,4.918032786885246,10.655737704918032,84.42622950819673,8.469945355191257,75.95628415300546
E00075665,325,94,48,46,231,32,199,28.923076923076923,14.76923076923077,14.153846153846153,71.07692307692308,9.846153846153847,61.23076923076923
E00075666,333,51,19,32,282,26,256,15.315315315315313,5.7057057057057055,9.60960960960961,84.68468468468468,7.807807807807808,76.87687687687688
E00075667,344,91,48,43,253,27,226,26.453488372093027,13.953488372093023,12.5,73.54651162790698,7.848837209302325,65.69767441860465
E00075668,410,69,21,48,341,29,312,16.82926829268293,5.121951219512195,11.707317073170733,83.17073170731707,7.073170731707316,76.09756097560975
E00075669,368,65,31,34,303,26,277,17.66304347826087,8.423913043478262,9.239130434782608,82.33695652173914,7.065217391304348,75.27173913043478
E00075670,277,40,17,23,237,21,216,14.440433212996389,6.137184115523466,8.303249097472925,85.5595667870036,7.581227436823104,77.9783393501805
E00075671,301,76,33,43,225,23,202,25.249169435215947,10.96345514950166,14.285714285714285,74.75083056478405,7.641196013289036,67.109634551495
E00075672,296,70,42,28,226,19,207,23.64864864864865,14.18918918918919,9.45945945945946,76.35135135135135,6.418918918918918,69.93243243243244
E00075673,314,41,18,23,273,25,248,13.05732484076433,5.7324840764331215,7.32484076433121,86.94267515923568,7.961783439490445,78.98089171974523
E00075674,235,42,12,30,193,30,163,17.872340425531917,5.106382978723404,12.76595744680851,82.12765957446808,12.76595744680851,69.36170212765957
E00075675,340,55,19,36,285,35,250,16.176470588235293,5.588235294117648,10.588235294117647,83.82352941176471,10.294117647058822,73.52941176470588
E00075676,362,54,15,39,308,33,275,14.917127071823206,4.143646408839778,10.773480662983426,85.0828729281768,9.116022099447514,75.96685082872928
E00075677,256,36,6,30,220,24,196,14.0625,2.34375,11.71875,85.9375,9.375,76.5625
E00075678,259,17,1,16,242,25,217,6.563706563706563,0.3861003861003861,6.177606177606178,93.43629343629344,9.652509652509652,83.78378378378379
E00075679,337,58,20,38,279,41,238,17.210682492581604,5.934718100890208,11.275964391691394,82.7893175074184,12.166172106824925,70.62314540059347
E00075680,265,36,4,32,229,33,196,13.584905660377359,1.509433962264151,12.075471698113208,86.41509433962264,12.452830188679245,73.9622641509434
E00075681,339,37,9,28,302,33,269,10.914454277286136,2.6548672566371683,8.259587020648967,89.08554572271386,9.734513274336283,79.35103244837758
E00075682,315,61,27,34,254,16,238,19.365079365079367,8.571428571428571,10.793650793650794,80.63492063492063,5.079365079365079,75.55555555555556
E00075683,278,41,15,26,237,35,202,14.748201438848922,5.39568345323741,9.352517985611511,85.25179856115108,12.589928057553957,72.66187050359713
E00075684,313,35,9,26,278,32,246,11.182108626198083,2.8753993610223643,8.30670926517572,88.81789137380191,10.223642172523961,78.59424920127796
E00075685,294,39,8,31,255,26,229,13.26530612244898,2.7210884353741496,10.54421768707483,86.73469387755102,8.843537414965986,77.89115646258503
E00075686,308,50,20,30,258,23,235,16.233766233766232,6.493506493506493,9.740259740259742,83.76623376623377,7.467532467532467,76.2987012987013
E00075687,238,46,10,36,192,15,177,19.327731092436977,4.201680672268908,15.126050420168067,80.67226890756302,6.302521008403361,74.36974789915966
E00075688,370,88,60,28,282,32,250,23.783783783783786,16.216216216216218,7.567567567567568,76.21621621621621,8.64864864864865,67.56756756756756
E00075689,333,47,18,29,286,35,251,14.114114114114114,5.405405405405405,8.708708708708707,85.88588588588588,10.51051051051051,75.37537537537537
E00075691,227,42,19,23,185,18,167,18.502202643171806,8.370044052863436,10.13215859030837,81.4977973568282,7.929515418502203,73.568281938326
E00075692,526,80,24,56,446,34,412,15.209125475285171,4.562737642585551,10.646387832699618,84.79087452471484,6.4638783269961975,78.32699619771863
E00075693,321,39,17,22,282,31,251,12.149532710280374,5.29595015576324,6.853582554517133,87.85046728971963,9.657320872274143,78.19314641744548
E00075694,219,51,16,35,168,28,140,23.28767123287671,7.30593607305936,15.981735159817351,76.71232876712328,12.785388127853881,63.926940639269404
E00075695,273,36,15,21,237,18,219,13.186813186813188,5.4945054945054945,7.6923076923076925,86.81318681318682,6.593406593406594,80.21978021978022
E00075696,330,54,16,38,276,22,254,16.363636363636363,4.848484848484849,11.515151515151516,83.63636363636363,6.666666666666667,76.96969696969697
E00075697,289,55,20,35,234,29,205,19.031141868512112,6.920415224913495,12.110726643598616,80.96885813148789,10.034602076124568,70.93425605536332
E00075698,365,44,10,34,321,39,282,12.054794520547945,2.73972602739726,9.315068493150685,87.94520547945206,10.684931506849315,77.26027397260275
E00075699,399,99,45,54,300,24,276,24.81203007518797,11.278195488721805,13.533834586466165,75.18796992481202,6.015037593984962,69.17293233082707
E00075700,283,33,9,24,250,15,235,11.66077738515901,3.180212014134275,8.480565371024735,88.33922261484098,5.30035335689046,83.03886925795054
E00075701,290,61,18,43,229,25,204,21.03448275862069,6.206896551724138,14.827586206896552,78.96551724137932,8.620689655172415,70.34482758620689
E00075702,280,47,21,26,233,13,220,16.785714285714285,7.5,9.285714285714286,83.21428571428572,4.642857142857143,78.57142857142857
E00075703,183,65,36,29,118,13,105,35.51912568306011,19.672131147540984,15.846994535519126,64.48087431693989,7.103825136612022,57.377049180327866
E00075704,292,63,30,33,229,26,203,21.575342465753426,10.273972602739725,11.301369863013697,78.42465753424658,8.904109589041095,69.52054794520548
E00075705,345,68,23,45,277,24,253,19.710144927536234,6.666666666666667,13.043478260869565,80.28985507246377,6.956521739130435,73.33333333333333
E00075706,346,44,21,23,302,32,270,12.716763005780345,6.069364161849711,6.6473988439306355,87.28323699421965,9.248554913294797,78.03468208092485
E00075707,325,50,19,31,275,19,256,15.384615384615385,5.846153846153846,9.538461538461538,84.61538461538461,5.846153846153846,78.76923076923077
E00075708,311,34,7,27,277,31,246,10.932475884244374,2.2508038585209005,8.681672025723474,89.06752411575563,9.967845659163988,79.09967845659163
E00075709,297,35,11,24,262,16,246,11.784511784511785,3.7037037037037033,8.080808080808081,88.21548821548821,5.387205387205387,82.82828282828282
E00075710,572,217,90,127,355,65,290,37.93706293706294,15.734265734265735,22.202797202797203,62.06293706293706,11.363636363636363,50.6993006993007
E00075711,263,44,16,28,219,38,181,16.730038022813687,6.083650190114068,10.646387832699618,83.26996197718631,14.44866920152091,68.8212927756654
E00075712,268,51,16,35,217,24,193,19.029850746268657,5.970149253731343,13.059701492537313,80.97014925373134,8.955223880597014,72.01492537313433
E00075713,264,35,9,26,229,26,203,13.257575757575758,3.4090909090909087,9.848484848484848,86.74242424242425,9.848484848484848,76.89393939393939
E00075716,250,60,20,40,190,23,167,24,8,16,76,9.2,66.8
E00075717,555,106,41,65,449,46,403,19.0990990990991,7.3873873873873865,11.711711711711711,80.9009009009009,8.288288288288289,72.61261261261261
E00075718,262,41,15,26,221,24,197,15.648854961832063,5.7251908396946565,9.923664122137405,84.35114503816794,9.16030534351145,75.19083969465649
E00075719,323,42,15,27,281,31,250,13.003095975232199,4.643962848297214,8.359133126934983,86.9969040247678,9.597523219814242,77.39938080495357
E00075720,233,36,12,24,197,29,168,15.450643776824036,5.150214592274678,10.300429184549357,84.54935622317596,12.446351931330472,72.1030042918455
E00075721,279,50,13,37,229,23,206,17.921146953405017,4.659498207885305,13.261648745519713,82.07885304659499,8.24372759856631,73.83512544802868
E00075722,338,64,14,50,274,34,240,18.93491124260355,4.142011834319527,14.792899408284024,81.06508875739645,10.059171597633137,71.00591715976331
E00075723,350,56,19,37,294,30,264,16,5.428571428571429,10.571428571428571,84,8.571428571428571,75.42857142857143
E00075724,286,70,30,40,216,18,198,24.475524475524477,10.48951048951049,13.986013986013987,75.52447552447552,6.293706293706294,69.23076923076923
E00075725,361,73,38,35,288,23,265,20.221606648199447,10.526315789473683,9.695290858725762,79.77839335180056,6.3711911357340725,73.40720221606648
E00075726,435,98,54,44,337,38,299,22.528735632183906,12.413793103448276,10.114942528735632,77.47126436781609,8.735632183908045,68.73563218390805
E00075728,292,47,11,36,245,19,226,16.095890410958905,3.767123287671233,12.32876712328767,83.9041095890411,6.506849315068493,77.3972602739726
E00075729,376,103,49,54,273,26,247,27.393617021276594,13.031914893617023,14.361702127659576,72.6063829787234,6.914893617021277,65.69148936170212
E00075730,314,52,14,38,262,17,245,16.560509554140125,4.45859872611465,12.101910828025478,83.43949044585987,5.414012738853503,78.02547770700637
E00075732,272,42,10,32,230,18,212,15.441176470588236,3.6764705882352944,11.76470588235294,84.55882352941177,6.61764705882353,77.94117647058823
E00075733,314,56,14,42,258,34,224,17.8343949044586,4.45859872611465,13.375796178343949,82.16560509554141,10.828025477707007,71.3375796178344
E00075734,294,30,15,15,264,23,241,10.204081632653061,5.1020408163265305,5.1020408163265305,89.79591836734694,7.8231292517006805,81.97278911564626
E00075735,386,66,36,30,320,52,268,17.098445595854923,9.32642487046632,7.772020725388601,82.90155440414507,13.471502590673575,69.43005181347151
E00075736,285,46,11,35,239,35,204,16.140350877192983,3.8596491228070176,12.280701754385964,83.85964912280703,12.280701754385964,71.57894736842105
E00075737,290,60,17,43,230,24,206,20.689655172413794,5.862068965517241,14.827586206896552,79.3103448275862,8.275862068965518,71.03448275862068
E00075738,297,48,13,35,249,41,208,16.161616161616163,4.377104377104377,11.784511784511785,83.83838383838383,13.804713804713806,70.03367003367003
E00075739,209,46,22,24,163,22,141,22.00956937799043,10.526315789473683,11.483253588516746,77.99043062200957,10.526315789473683,67.46411483253588
E00075740,316,63,25,38,253,25,228,19.936708860759495,7.9113924050632916,12.025316455696203,80.0632911392405,7.9113924050632916,72.15189873417721
E00075741,258,29,7,22,229,24,205,11.24031007751938,2.7131782945736433,8.527131782945736,88.75968992248062,9.30232558139535,79.45736434108527
E00075742,199,75,39,36,124,21,103,37.68844221105528,19.597989949748744,18.090452261306535,62.311557788944725,10.552763819095476,51.75879396984925
E00075743,265,52,22,30,213,18,195,19.622641509433965,8.30188679245283,11.320754716981133,80.37735849056604,6.7924528301886795,73.58490566037736
E00075744,294,62,20,42,232,33,199,21.08843537414966,6.802721088435375,14.285714285714285,78.91156462585033,11.224489795918368,67.68707482993197
E00075745,267,44,11,33,223,25,198,16.479400749063668,4.119850187265917,12.359550561797752,83.52059925093633,9.363295880149813,74.15730337078652
E00075746,129,13,5,8,116,11,105,10.077519379844961,3.875968992248062,6.2015503875969,89.92248062015504,8.527131782945736,81.3953488372093
E00075747,314,55,17,38,259,28,231,17.51592356687898,5.414012738853503,12.101910828025478,82.48407643312102,8.9171974522293,73.56687898089172
E00075748,341,69,25,44,272,32,240,20.234604105571847,7.331378299120235,12.903225806451612,79.76539589442815,9.3841642228739,70.38123167155426
E00075749,312,85,39,46,227,19,208,27.24358974358974,12.5,14.743589743589745,72.75641025641025,6.089743589743589,66.66666666666666
E00075750,348,75,26,49,273,20,253,21.551724137931032,7.471264367816093,14.080459770114942,78.44827586206897,5.747126436781609,72.70114942528735
E00075751,486,60,24,36,426,34,392,12.345679012345679,4.938271604938271,7.4074074074074066,87.65432098765432,6.995884773662551,80.65843621399176
E00075752,316,48,18,30,268,24,244,15.18987341772152,5.69620253164557,9.49367088607595,84.81012658227847,7.59493670886076,77.21518987341773
E00075753,506,94,57,37,412,22,390,18.57707509881423,11.264822134387352,7.312252964426877,81.42292490118577,4.3478260869565215,77.07509881422925
E00075754,302,51,17,34,251,19,232,16.887417218543046,5.629139072847682,11.258278145695364,83.11258278145695,6.291390728476822,76.82119205298014
E00075755,186,59,25,34,127,11,116,31.72043010752688,13.440860215053762,18.27956989247312,68.27956989247312,5.913978494623656,62.365591397849464
E00075756,235,30,13,17,205,9,196,12.76595744680851,5.531914893617021,7.234042553191489,87.2340425531915,3.829787234042553,83.40425531914893
E00075757,257,64,34,30,193,26,167,24.90272373540856,13.229571984435799,11.673151750972762,75.09727626459144,10.116731517509727,64.98054474708171
E00075758,147,30,16,14,117,16,101,20.408163265306122,10.884353741496598,9.523809523809524,79.59183673469387,10.884353741496598,68.70748299319727
E00075759,305,77,31,46,228,25,203,25.245901639344265,10.163934426229508,15.081967213114755,74.75409836065575,8.19672131147541,66.55737704918033
E00075760,427,56,19,37,371,29,342,13.114754098360656,4.449648711943794,8.665105386416862,86.88524590163934,6.791569086651054,80.09367681498829
E00075761,333,54,19,35,279,30,249,16.216216216216218,5.7057057057057055,10.51051051051051,83.78378378378379,9.00900900900901,74.77477477477478
E00075762,299,60,20,40,239,21,218,20.066889632107024,6.688963210702341,13.377926421404682,79.93311036789298,7.023411371237458,72.90969899665552
E00075763,293,51,22,29,242,27,215,17.4061433447099,7.508532423208192,9.897610921501707,82.5938566552901,9.215017064846416,73.37883959044369
E00075764,274,50,16,34,224,26,198,18.248175182481752,5.839416058394161,12.408759124087592,81.75182481751825,9.48905109489051,72.26277372262774
E00075766,417,61,15,46,356,36,320,14.628297362110313,3.5971223021582732,11.031175059952037,85.37170263788968,8.633093525179856,76.73860911270984
E00075767,326,30,4,26,296,24,272,9.202453987730062,1.2269938650306749,7.975460122699387,90.79754601226993,7.361963190184049,83.43558282208589
E00075768,422,168,112,56,254,35,219,39.81042654028436,26.540284360189574,13.270142180094787,60.18957345971564,8.293838862559241,51.8957345971564
E00075770,471,94,45,49,377,38,339,19.957537154989385,9.554140127388536,10.40339702760085,80.04246284501062,8.067940552016985,71.97452229299363
E00075771,251,39,15,24,212,19,193,15.53784860557769,5.9760956175298805,9.56175298804781,84.4621513944223,7.569721115537849,76.89243027888446
E00075772,298,45,20,25,253,21,232,15.100671140939598,6.7114093959731544,8.389261744966444,84.8993288590604,7.046979865771812,77.85234899328859
E00075773,378,58,17,41,320,36,284,15.343915343915343,4.497354497354497,10.846560846560847,84.65608465608466,9.523809523809524,75.13227513227513
E00075775,311,49,18,31,262,16,246,15.755627009646304,5.787781350482315,9.967845659163988,84.2443729903537,5.144694533762058,79.09967845659163
E00075776,337,35,12,23,302,26,276,10.385756676557865,3.5608308605341246,6.824925816023739,89.61424332344214,7.71513353115727,81.89910979228486
E00075777,320,43,18,25,277,22,255,13.4375,5.625,7.8125,86.5625,6.875000000000001,79.6875
E00075778,358,68,30,38,290,26,264,18.994413407821227,8.379888268156424,10.614525139664805,81.00558659217877,7.262569832402235,73.74301675977654
E00075779,256,63,30,33,193,17,176,24.609375,11.71875,12.890625,75.390625,6.640625,68.75
E00075780,233,50,27,23,183,12,171,21.45922746781116,11.587982832618025,9.871244635193133,78.54077253218884,5.150214592274678,73.39055793991416
E00075781,277,52,19,33,225,18,207,18.772563176895307,6.859205776173286,11.913357400722022,81.2274368231047,6.4981949458483745,74.72924187725631
E00075782,286,66,27,39,220,26,194,23.076923076923077,9.44055944055944,13.636363636363635,76.92307692307693,9.090909090909092,67.83216783216784
E00075783,380,117,79,38,263,30,233,30.789473684210527,20.789473684210527,10,69.21052631578948,7.894736842105263,61.31578947368421
E00075784,414,52,28,24,362,34,328,12.560386473429952,6.763285024154589,5.797101449275362,87.43961352657004,8.212560386473431,79.22705314009661
E00075785,306,47,13,34,259,27,232,15.359477124183007,4.248366013071895,11.11111111111111,84.640522875817,8.823529411764707,75.81699346405229
E00075786,338,58,25,33,280,20,260,17.159763313609467,7.396449704142012,9.763313609467456,82.84023668639054,5.9171597633136095,76.92307692307693
E00075787,237,61,28,33,176,16,160,25.738396624472575,11.814345991561181,13.924050632911392,74.26160337552743,6.751054852320674,67.51054852320675
E00075788,355,66,31,35,289,29,260,18.591549295774648,8.732394366197182,9.859154929577464,81.40845070422536,8.169014084507042,73.23943661971832
E00075789,319,57,20,37,262,20,242,17.86833855799373,6.269592476489027,11.598746081504702,82.13166144200626,6.269592476489027,75.86206896551724
E00075790,319,73,30,43,246,24,222,22.884012539184955,9.404388714733543,13.479623824451412,77.11598746081505,7.523510971786834,69.59247648902821
E00075791,314,41,11,30,273,23,250,13.05732484076433,3.5031847133757963,9.554140127388536,86.94267515923568,7.32484076433121,79.61783439490446
E00075792,307,43,11,32,264,23,241,14.006514657980457,3.5830618892508146,10.423452768729643,85.99348534201955,7.491856677524431,78.50162866449512
E00075793,366,42,13,29,324,27,297,11.475409836065573,3.551912568306011,7.923497267759563,88.52459016393442,7.377049180327869,81.14754098360656
E00075794,403,53,16,37,350,43,307,13.151364764267989,3.970223325062035,9.181141439205955,86.848635235732,10.669975186104217,76.1786600496278
E00075795,350,102,70,32,248,18,230,29.142857142857142,20,9.142857142857142,70.85714285714285,5.142857142857142,65.71428571428571
E00075796,331,51,17,34,280,20,260,15.407854984894259,5.13595166163142,10.27190332326284,84.59214501510573,6.042296072507553,78.54984894259819
E00075797,298,66,36,30,232,19,213,22.14765100671141,12.080536912751679,10.06711409395973,77.85234899328859,6.375838926174497,71.47651006711409
E00075798,409,48,17,31,361,33,328,11.7359413202934,4.156479217603912,7.579462102689487,88.26405867970661,8.06845965770171,80.1955990220049
E00075799,355,60,24,36,295,13,282,16.901408450704224,6.760563380281689,10.140845070422536,83.09859154929578,3.6619718309859155,79.43661971830987
E00075800,327,69,20,49,258,45,213,21.100917431192663,6.116207951070336,14.984709480122325,78.89908256880734,13.761467889908257,65.13761467889908
E00075801,371,42,15,27,329,28,301,11.320754716981133,4.0431266846361185,7.277628032345014,88.67924528301887,7.547169811320755,81.13207547169812
E00075802,284,65,33,32,219,18,201,22.887323943661972,11.619718309859154,11.267605633802818,77.11267605633803,6.338028169014084,70.77464788732394
E00075803,326,55,21,34,271,30,241,16.87116564417178,6.441717791411043,10.429447852760736,83.12883435582822,9.202453987730062,73.92638036809815
E00075804,311,57,21,36,254,27,227,18.327974276527332,6.752411575562702,11.57556270096463,81.67202572347267,8.681672025723474,72.9903536977492
E00075805,311,52,25,27,259,28,231,16.720257234726688,8.038585209003216,8.681672025723474,83.27974276527331,9.003215434083602,74.27652733118971
E00075806,551,80,30,50,471,39,432,14.519056261343014,5.44464609800363,9.074410163339383,85.48094373865699,7.078039927404718,78.40290381125227
E00075807,328,47,16,31,281,25,256,14.329268292682926,4.878048780487805,9.451219512195122,85.67073170731707,7.621951219512195,78.04878048780488
E00075808,323,43,18,25,280,18,262,13.312693498452013,5.572755417956656,7.739938080495357,86.687306501548,5.572755417956656,81.11455108359134
E00075809,277,32,10,22,245,27,218,11.552346570397113,3.6101083032490973,7.9422382671480145,88.4476534296029,9.747292418772563,78.70036101083032
E00075810,300,39,14,25,261,27,234,13,4.666666666666667,8.333333333333332,87,9,78
E00075811,308,39,9,30,269,28,241,12.662337662337661,2.922077922077922,9.740259740259742,87.33766233766234,9.090909090909092,78.24675324675324
E00075812,330,45,14,31,285,22,263,13.636363636363635,4.242424242424243,9.393939393939393,86.36363636363636,6.666666666666667,79.6969696969697
E00075813,335,63,22,41,272,18,254,18.80597014925373,6.567164179104477,12.238805970149254,81.19402985074626,5.3731343283582085,75.82089552238806
E00075814,390,83,36,47,307,30,277,21.28205128205128,9.230769230769232,12.051282051282051,78.71794871794872,7.6923076923076925,71.02564102564102
E00075815,550,113,56,57,437,40,397,20.545454545454543,10.181818181818182,10.363636363636363,79.45454545454545,7.2727272727272725,72.18181818181819
E00075816,311,61,26,35,250,27,223,19.614147909967848,8.360128617363344,11.254019292604502,80.38585209003215,8.681672025723474,71.70418006430869
E00075817,339,61,28,33,278,35,243,17.99410029498525,8.259587020648967,9.734513274336283,82.00589970501476,10.32448377581121,71.68141592920354
E00075818,504,112,46,66,392,40,352,22.22222222222222,9.126984126984127,13.095238095238097,77.77777777777779,7.936507936507936,69.84126984126983
E00075819,307,42,15,27,265,32,233,13.680781758957655,4.88599348534202,8.794788273615636,86.31921824104235,10.423452768729643,75.8957654723127
E00075820,372,88,48,40,284,19,265,23.655913978494624,12.903225806451612,10.75268817204301,76.34408602150538,5.10752688172043,71.23655913978494
E00075822,444,70,25,45,374,34,340,15.765765765765765,5.63063063063063,10.135135135135135,84.23423423423422,7.657657657657657,76.57657657657657
E00075823,330,52,16,36,278,25,253,15.757575757575756,4.848484848484849,10.909090909090908,84.24242424242424,7.575757575757576,76.66666666666667
E00075824,327,58,24,34,269,26,243,17.737003058103976,7.339449541284404,10.397553516819572,82.26299694189603,7.951070336391437,74.31192660550458
E00075825,406,74,29,45,332,20,312,18.226600985221676,7.142857142857142,11.083743842364532,81.77339901477832,4.926108374384237,76.84729064039408
E00075826,382,47,22,25,335,36,299,12.30366492146597,5.7591623036649215,6.544502617801047,87.69633507853402,9.424083769633508,78.27225130890052
E00075827,276,56,25,31,220,23,197,20.28985507246377,9.057971014492754,11.231884057971014,79.71014492753623,8.333333333333332,71.37681159420289
E00075828,325,76,29,47,249,23,226,23.384615384615383,8.923076923076923,14.461538461538462,76.61538461538461,7.076923076923077,69.53846153846153
E00075829,290,69,35,34,221,16,205,23.79310344827586,12.068965517241379,11.724137931034482,76.20689655172413,5.517241379310345,70.6896551724138
E00075830,476,96,42,54,380,26,354,20.168067226890756,8.823529411764707,11.344537815126051,79.83193277310924,5.46218487394958,74.36974789915966
E00075831,299,63,20,43,236,26,210,21.070234113712374,6.688963210702341,14.381270903010032,78.92976588628763,8.695652173913043,70.23411371237458
E00075832,171,57,31,26,114,8,106,33.33333333333333,18.128654970760234,15.204678362573098,66.66666666666666,4.678362573099415,61.98830409356725
E00075833,352,131,75,56,221,14,207,37.215909090909086,21.306818181818183,15.909090909090908,62.78409090909091,3.977272727272727,58.80681818181818
E00075835,287,63,29,34,224,23,201,21.951219512195124,10.104529616724738,11.846689895470384,78.04878048780488,8.013937282229964,70.03484320557492
E00075836,298,78,26,52,220,25,195,26.174496644295303,8.724832214765101,17.449664429530202,73.8255033557047,8.389261744966444,65.43624161073825
E00075837,464,81,31,50,383,29,354,17.45689655172414,6.68103448275862,10.775862068965516,82.54310344827587,6.25,76.29310344827587
E00075838,323,57,15,42,266,29,237,17.647058823529413,4.643962848297214,13.003095975232199,82.35294117647058,8.978328173374612,73.37461300309597
E00075839,309,61,20,41,248,18,230,19.741100323624593,6.472491909385113,13.268608414239482,80.2588996763754,5.825242718446602,74.4336569579288
E00075840,271,48,22,26,223,20,203,17.712177121771216,8.118081180811808,9.59409594095941,82.28782287822878,7.380073800738007,74.90774907749078
E00075841,321,44,18,26,277,21,256,13.707165109034266,5.607476635514018,8.09968847352025,86.29283489096574,6.5420560747663545,79.75077881619937
E00075842,352,57,19,38,295,26,269,16.193181818181817,5.3977272727272725,10.795454545454545,83.80681818181817,7.386363636363637,76.42045454545455
E00075843,247,66,21,45,181,14,167,26.720647773279353,8.502024291497975,18.218623481781375,73.27935222672065,5.668016194331984,67.61133603238866
E00075844,312,52,19,33,260,25,235,16.666666666666664,6.089743589743589,10.576923076923077,83.33333333333334,8.012820512820513,75.32051282051282
E00075845,354,57,22,35,297,39,258,16.101694915254235,6.214689265536723,9.887005649717514,83.89830508474576,11.016949152542372,72.88135593220339
E00075846,295,45,19,26,250,29,221,15.254237288135593,6.440677966101695,8.813559322033898,84.7457627118644,9.830508474576272,74.91525423728814
E00075847,303,50,17,33,253,31,222,16.5016501650165,5.6105610561056105,10.891089108910892,83.4983498349835,10.231023102310232,73.26732673267327
E00075848,490,68,35,33,422,37,385,13.877551020408163,7.142857142857142,6.73469387755102,86.12244897959184,7.551020408163265,78.57142857142857
E00075849,326,46,24,22,280,18,262,14.11042944785276,7.361963190184049,6.748466257668712,85.88957055214725,5.521472392638037,80.3680981595092
E00075850,322,47,17,30,275,23,252,14.596273291925465,5.279503105590062,9.316770186335404,85.40372670807453,7.142857142857142,78.26086956521739
E00075851,493,117,73,44,376,31,345,23.732251521298174,14.807302231237324,8.924949290060852,76.26774847870182,6.288032454361055,69.97971602434076
E00075852,273,42,18,24,231,30,201,15.384615384615385,6.593406593406594,8.791208791208792,84.61538461538461,10.989010989010989,73.62637362637363
E00075853,316,53,21,32,263,28,235,16.77215189873418,6.6455696202531636,10.126582278481013,83.22784810126582,8.860759493670885,74.36708860759494
E00075854,242,60,28,32,182,15,167,24.793388429752067,11.570247933884298,13.223140495867769,75.20661157024794,6.198347107438017,69.00826446280992
E00075855,253,44,10,34,209,20,189,17.391304347826086,3.9525691699604746,13.438735177865613,82.6086956521739,7.905138339920949,74.70355731225297
E00075856,272,64,27,37,208,25,183,23.52941176470588,9.926470588235293,13.602941176470587,76.47058823529412,9.191176470588236,67.27941176470588
E00075857,294,61,25,36,233,23,210,20.74829931972789,8.503401360544217,12.244897959183673,79.25170068027211,7.8231292517006805,71.42857142857143
E00075859,320,35,4,31,285,42,243,10.9375,1.25,9.6875,89.0625,13.125,75.9375
E00075860,234,29,9,20,205,19,186,12.393162393162394,3.8461538461538463,8.547008547008547,87.6068376068376,8.11965811965812,79.48717948717949
E00075861,454,60,20,40,394,42,352,13.215859030837004,4.405286343612335,8.81057268722467,86.78414096916299,9.251101321585903,77.5330396475771
E00075862,432,45,16,29,387,30,357,10.416666666666668,3.7037037037037033,6.712962962962964,89.58333333333334,6.944444444444445,82.63888888888889
E00075863,278,26,3,23,252,18,234,9.352517985611511,1.079136690647482,8.273381294964029,90.64748201438849,6.474820143884892,84.17266187050359
E00075864,310,35,9,26,275,25,250,11.29032258064516,2.903225806451613,8.38709677419355,88.70967741935483,8.064516129032258,80.64516129032258
E00075865,305,31,12,19,274,29,245,10.163934426229508,3.934426229508197,6.229508196721312,89.8360655737705,9.508196721311474,80.32786885245902
E00075866,309,39,11,28,270,28,242,12.62135922330097,3.559870550161812,9.06148867313916,87.37864077669903,9.06148867313916,78.31715210355988
E00075867,226,37,15,22,189,9,180,16.371681415929203,6.637168141592921,9.734513274336283,83.6283185840708,3.982300884955752,79.64601769911505
E00075868,279,45,14,31,234,23,211,16.129032258064516,5.017921146953405,11.11111111111111,83.87096774193549,8.24372759856631,75.62724014336918
E00075869,285,39,8,31,246,27,219,13.684210526315791,2.807017543859649,10.87719298245614,86.31578947368422,9.473684210526317,76.84210526315789
E00075870,298,48,19,29,250,28,222,16.10738255033557,6.375838926174497,9.731543624161073,83.89261744966443,9.395973154362416,74.49664429530202
E00075871,349,69,26,43,280,25,255,19.770773638968482,7.4498567335243555,12.320916905444127,80.22922636103151,7.163323782234957,73.06590257879655
E00075872,330,49,15,34,281,34,247,14.84848484848485,4.545454545454546,10.303030303030303,85.15151515151516,10.303030303030303,74.84848484848486
E00075873,278,35,10,25,243,21,222,12.589928057553957,3.5971223021582732,8.992805755395683,87.41007194244604,7.553956834532374,79.85611510791367
E00075874,234,36,18,18,198,18,180,15.384615384615385,7.6923076923076925,7.6923076923076925,84.61538461538461,7.6923076923076925,76.92307692307693
E00075875,223,53,23,30,170,28,142,23.766816143497756,10.31390134529148,13.452914798206278,76.23318385650224,12.556053811659194,63.67713004484305
E00075876,255,45,16,29,210,25,185,17.647058823529413,6.2745098039215685,11.372549019607844,82.35294117647058,9.803921568627452,72.54901960784314
E00075877,357,54,20,34,303,21,282,15.126050420168067,5.602240896358544,9.523809523809524,84.87394957983193,5.88235294117647,78.99159663865547
E00075878,331,49,19,30,282,23,259,14.803625377643503,5.740181268882175,9.06344410876133,85.1963746223565,6.948640483383686,78.24773413897282
E00075879,306,43,19,24,263,24,239,14.052287581699346,6.209150326797386,7.8431372549019605,85.94771241830065,7.8431372549019605,78.10457516339869
E00075880,253,60,24,36,193,15,178,23.715415019762844,9.486166007905137,14.229249011857709,76.28458498023716,5.928853754940711,70.35573122529645
E00075881,254,40,8,32,214,22,192,15.748031496062993,3.149606299212598,12.598425196850393,84.25196850393701,8.661417322834646,75.59055118110236
E00075882,305,51,16,35,254,23,231,16.721311475409838,5.245901639344262,11.475409836065573,83.27868852459017,7.540983606557377,75.73770491803279
E00075883,352,99,65,34,253,21,232,28.125,18.46590909090909,9.659090909090908,71.875,5.965909090909091,65.9090909090909
E00075884,346,76,40,36,270,32,238,21.965317919075144,11.560693641618498,10.404624277456648,78.03468208092485,9.248554913294797,68.78612716763006
E00075885,296,50,16,34,246,20,226,16.89189189189189,5.405405405405405,11.486486486486488,83.1081081081081,6.756756756756757,76.35135135135135
E00075886,333,74,32,42,259,26,233,22.22222222222222,9.60960960960961,12.612612612612612,77.77777777777779,7.807807807807808,69.96996996996997
E00075887,347,58,24,34,289,23,266,16.714697406340058,6.9164265129683,9.798270893371757,83.28530259365994,6.628242074927954,76.657060518732
E00075888,344,68,29,39,276,22,254,19.767441860465116,8.430232558139535,11.337209302325581,80.23255813953489,6.395348837209303,73.83720930232558
E00075889,275,43,12,31,232,13,219,15.636363636363637,4.363636363636364,11.272727272727273,84.36363636363636,4.7272727272727275,79.63636363636364
E00075890,242,41,14,27,201,21,180,16.94214876033058,5.785123966942149,11.15702479338843,83.05785123966942,8.677685950413224,74.3801652892562
E00075891,320,73,35,38,247,23,224,22.8125,10.9375,11.875,77.1875,7.187499999999999,70
E00075892,319,80,32,48,239,21,218,25.07836990595611,10.031347962382444,15.047021943573668,74.92163009404389,6.583072100313479,68.3385579937304
E00075893,339,53,15,38,286,34,252,15.634218289085547,4.424778761061947,11.209439528023598,84.36578171091446,10.029498525073747,74.33628318584071
E00173030,406,28,5,23,378,39,339,6.896551724137931,1.2315270935960592,5.665024630541872,93.10344827586206,9.60591133004926,83.49753694581281
E00173032,364,59,22,37,305,25,280,16.208791208791208,6.043956043956044,10.164835164835164,83.79120879120879,6.868131868131869,76.92307692307693
E00173033,148,19,4,15,129,8,121,12.837837837837837,2.7027027027027026,10.135135135135135,87.16216216216216,5.405405405405405,81.75675675675676
E00173038,185,24,8,16,161,13,148,12.972972972972974,4.324324324324325,8.64864864864865,87.02702702702703,7.027027027027027,80
E00173043,243,27,3,24,216,19,197,11.11111111111111,1.2345679012345678,9.876543209876543,88.88888888888889,7.818930041152264,81.06995884773663
E00173044,382,26,9,17,356,25,331,6.806282722513089,2.356020942408377,4.450261780104712,93.19371727748691,6.544502617801047,86.64921465968587
E00173046,285,39,10,29,246,19,227,13.684210526315791,3.508771929824561,10.175438596491228,86.31578947368422,6.666666666666667,79.64912280701755
E00173047,437,51,12,39,386,28,358,11.670480549199084,2.745995423340961,8.924485125858125,88.32951945080092,6.407322654462242,81.92219679633868
E00173049,392,51,15,36,341,29,312,13.010204081632654,3.826530612244898,9.183673469387756,86.98979591836735,7.3979591836734695,79.59183673469387
E00173050,298,39,10,29,259,26,233,13.087248322147651,3.3557046979865772,9.731543624161073,86.91275167785236,8.724832214765101,78.18791946308725
E00173052,269,27,7,20,242,19,223,10.037174721189592,2.6022304832713754,7.434944237918216,89.96282527881041,7.063197026022305,82.8996282527881
E00173054,345,24,3,21,321,26,295,6.956521739130435,0.8695652173913043,6.086956521739131,93.04347826086956,7.536231884057972,85.5072463768116
E00173055,307,33,12,21,274,31,243,10.749185667752444,3.908794788273615,6.840390879478828,89.25081433224756,10.097719869706841,79.15309446254072
E00173057,135,15,4,11,120,11,109,11.11111111111111,2.9629629629629632,8.148148148148149,88.88888888888889,8.148148148148149,80.74074074074075
E00173058,328,49,13,36,279,16,263,14.939024390243901,3.9634146341463414,10.975609756097562,85.0609756097561,4.878048780487805,80.1829268292683
E00173060,357,50,17,33,307,22,285,14.005602240896359,4.761904761904762,9.243697478991598,85.99439775910365,6.162464985994398,79.83193277310924
E00173061,315,49,14,35,266,19,247,15.555555555555555,4.444444444444445,11.11111111111111,84.44444444444444,6.031746031746032,78.41269841269842
E00173063,450,57,20,37,393,29,364,12.666666666666668,4.444444444444445,8.222222222222223,87.33333333333333,6.444444444444445,80.88888888888889
E00173064,355,31,8,23,324,23,301,8.732394366197182,2.2535211267605635,6.478873239436619,91.26760563380282,6.478873239436619,84.78873239436619
E00173066,304,82,39,43,222,17,205,26.973684210526315,12.828947368421053,14.144736842105262,73.02631578947368,5.592105263157895,67.43421052631578
E00173068,404,43,7,36,361,27,334,10.643564356435643,1.7326732673267329,8.91089108910891,89.35643564356435,6.683168316831684,82.67326732673267
E00173069,613,203,59,144,410,88,322,33.115823817292004,9.624796084828711,23.491027732463294,66.88417618270799,14.355628058727568,52.52854812398042
E00173071,275,56,19,37,219,13,206,20.363636363636363,6.909090909090909,13.454545454545455,79.63636363636364,4.7272727272727275,74.90909090909092
E00173072,322,48,24,24,274,20,254,14.906832298136646,7.453416149068323,7.453416149068323,85.09316770186336,6.211180124223603,78.88198757763976
E00173074,372,44,19,25,328,32,296,11.827956989247312,5.10752688172043,6.720430107526881,88.17204301075269,8.60215053763441,79.56989247311827
E00173075,162,23,10,13,139,14,125,14.19753086419753,6.172839506172839,8.024691358024691,85.80246913580247,8.641975308641975,77.1604938271605
E00173077,252,44,21,23,208,18,190,17.46031746031746,8.333333333333332,9.126984126984127,82.53968253968253,7.142857142857142,75.39682539682539
E00173078,312,31,13,18,281,19,262,9.935897435897436,4.166666666666666,5.769230769230769,90.06410256410257,6.089743589743589,83.97435897435898
E00173080,461,40,10,30,421,33,388,8.676789587852495,2.1691973969631237,6.507592190889371,91.3232104121475,7.158351409978309,84.1648590021692
E00173082,210,56,30,26,154,13,141,26.666666666666668,14.285714285714285,12.380952380952381,73.33333333333333,6.190476190476191,67.14285714285714
E00173083,307,30,8,22,277,26,251,9.77198697068404,2.6058631921824107,7.166123778501629,90.22801302931596,8.469055374592834,81.75895765472313
E00173085,272,30,8,22,242,15,227,11.029411764705882,2.941176470588235,8.088235294117647,88.97058823529412,5.514705882352941,83.45588235294117
E00173086,324,31,10,21,293,29,264,9.5679012345679,3.0864197530864197,6.481481481481481,90.4320987654321,8.950617283950617,81.48148148148148
E00173088,282,36,14,22,246,27,219,12.76595744680851,4.964539007092199,7.801418439716312,87.2340425531915,9.574468085106384,77.6595744680851
E00173089,1902,215,45,170,1687,141,1546,11.303890641430074,2.365930599369085,8.937960042060988,88.69610935856993,7.413249211356467,81.28286014721347
E00173091,257,43,8,35,214,15,199,16.731517509727624,3.11284046692607,13.618677042801556,83.26848249027238,5.836575875486381,77.431906614786
E00173092,238,31,12,19,207,14,193,13.025210084033615,5.042016806722689,7.9831932773109235,86.97478991596638,5.88235294117647,81.09243697478992
E00173094,327,36,14,22,291,27,264,11.009174311926607,4.281345565749235,6.727828746177369,88.9908256880734,8.256880733944955,80.73394495412845
E00173096,371,35,11,24,336,25,311,9.433962264150944,2.964959568733154,6.46900269541779,90.56603773584906,6.738544474393531,83.82749326145552
E00189444,292,58,27,31,234,23,211,19.863013698630137,9.246575342465754,10.616438356164384,80.13698630136986,7.876712328767123,72.26027397260275
E00189445,215,33,14,19,182,20,162,15.348837209302326,6.511627906976744,8.837209302325581,84.65116279069768,9.30232558139535,75.34883720930232
E00189446,589,68,28,40,521,38,483,11.544991511035652,4.753820033955857,6.791171477079796,88.45500848896435,6.451612903225806,82.00339558573853
E00189451,288,30,14,16,258,21,237,10.416666666666668,4.861111111111112,5.555555555555555,89.58333333333334,7.291666666666667,82.29166666666666
E00189452,422,50,19,31,372,31,341,11.848341232227488,4.502369668246446,7.345971563981042,88.15165876777252,7.345971563981042,80.80568720379146
E00189453,266,34,15,19,232,18,214,12.781954887218044,5.639097744360902,7.142857142857142,87.21804511278195,6.7669172932330826,80.45112781954887
E00189455,182,44,20,24,138,11,127,24.175824175824175,10.989010989010989,13.186813186813188,75.82417582417582,6.043956043956044,69.78021978021978
E00189456,283,33,17,16,250,20,230,11.66077738515901,6.007067137809187,5.6537102473498235,88.33922261484098,7.06713780918728,81.2720848056537
E00189463,357,31,19,12,326,21,305,8.683473389355742,5.322128851540616,3.361344537815126,91.31652661064426,5.88235294117647,85.43417366946778
E00189464,383,59,23,36,324,26,298,15.404699738903393,6.005221932114883,9.39947780678851,84.59530026109661,6.7885117493472595,77.80678851174935
E00189465,292,28,9,19,264,22,242,9.58904109589041,3.0821917808219177,6.506849315068493,90.41095890410958,7.534246575342466,82.87671232876713
E00189467,403,58,24,34,345,28,317,14.392059553349876,5.955334987593052,8.436724565756824,85.60794044665012,6.9478908188585615,78.66004962779157
E00189469,329,47,20,27,282,28,254,14.285714285714285,6.079027355623101,8.206686930091186,85.71428571428571,8.51063829787234,77.20364741641338
E00189470,348,43,14,29,305,18,287,12.35632183908046,4.022988505747127,8.333333333333332,87.643678160919535,5.172413793103448,82.47126436781609
E00189473,281,40,13,27,241,23,218,14.23487544483986,4.6263345195729535,9.608540925266903,85.76512455516014,8.185053380782918,77.58007117437722
E00189476,246,14,6,8,232,20,212,5.691056910569105,2.4390243902439024,3.2520325203252036,94.3089430894309,8.130081300813007,86.1788617886179
E00189477,460,40,15,25,420,20,400,8.695652173913043,3.260869565217391,5.434782608695652,91.30434782608695,4.3478260869565215,86.95652173913044
E00189478,257,27,11,16,230,13,217,10.505836575875486,4.280155642023346,6.22568093385214,89.49416342412452,5.058365758754864,84.43579766536965
E00189480,279,47,13,34,232,17,215,16.845878136200717,4.659498207885305,12.186379928315413,83.15412186379928,6.093189964157706,77.06093189964157
E00189485,273,34,10,24,239,24,215,12.454212454212454,3.6630036630036633,8.791208791208792,87.54578754578755,8.791208791208792,78.75457875457876
E00189486,315,59,25,34,256,30,226,18.73015873015873,7.936507936507936,10.793650793650794,81.26984126984127,9.523809523809524,71.74603174603175
E00189488,355,57,26,31,298,22,276,16.056338028169016,7.323943661971831,8.732394366197182,83.94366197183099,6.197183098591549,77.74647887323944
E00189490,299,34,9,25,265,23,242,11.37123745819398,3.0100334448160537,8.361204013377927,88.62876254180601,7.6923076923076925,80.93645484949833
E00189493,260,40,14,26,220,16,204,15.384615384615385,5.384615384615385,10,84.61538461538461,6.153846153846154,78.46153846153847
E00189495,269,62,35,27,207,16,191,23.04832713754647,13.011152416356877,10.037174721189592,76.95167286245353,5.947955390334572,71.00371747211895
E00189497,303,33,12,21,270,30,240,10.891089108910892,3.9603960396039604,6.9306930693069315,89.10891089108911,9.900990099009901,79.20792079207921
E00189498,381,41,17,24,340,23,317,10.761154855643044,4.4619422572178475,6.299212598425196,89.23884514435696,6.036745406824147,83.2020997375328
E00189499,265,41,18,23,224,13,211,15.471698113207546,6.7924528301886795,8.679245283018867,84.52830188679246,4.905660377358491,79.62264150943396
E00189501,342,48,12,36,294,29,265,14.035087719298245,3.508771929824561,10.526315789473683,85.96491228070175,8.47953216374269,77.48538011695906
E00189505,295,28,13,15,267,15,252,9.491525423728813,4.406779661016949,5.084745762711865,90.5084745762712,5.084745762711865,85.42372881355932
E00189506,385,54,19,35,331,18,313,14.025974025974024,4.935064935064935,9.090909090909092,85.97402597402596,4.675324675324675,81.2987012987013
E00189508,223,65,28,37,158,15,143,29.14798206278027,12.556053811659194,16.591928251121075,70.85201793721974,6.726457399103139,64.12556053811659
E00189510,354,51,17,34,303,22,281,14.40677966101695,4.80225988700565,9.6045197740113,85.59322033898306,6.214689265536723,79.37853107344633
E00189511,462,41,5,36,421,35,386,8.874458874458876,1.0822510822510822,7.792207792207792,91.12554112554112,7.575757575757576,83.54978354978356
E00189512,308,25,7,18,283,22,261,8.116883116883116,2.272727272727273,5.844155844155844,91.88311688311688,7.142857142857142,84.74025974025975
E00189513,317,30,15,15,287,26,261,9.46372239747634,4.73186119873817,4.73186119873817,90.53627760252367,8.201892744479496,82.33438485804416
E00189517,293,24,8,16,269,25,244,8.19112627986348,2.7303754266211606,5.460750853242321,91.80887372013652,8.532423208191126,83.27645051194538
E00189518,427,93,37,56,334,23,311,21.779859484777518,8.665105386416862,13.114754098360656,78.22014051522248,5.386416861826698,72.8337236533958
E00189521,377,46,16,30,331,19,312,12.20159151193634,4.244031830238726,7.957559681697612,87.79840848806366,5.039787798408488,82.75862068965517
E00189523,323,38,20,18,285,22,263,11.76470588235294,6.191950464396285,5.572755417956656,88.23529411764706,6.811145510835913,81.42414860681114
E00189528,278,26,12,14,252,30,222,9.352517985611511,4.316546762589928,5.0359712230215825,90.64748201438849,10.79136690647482,79.85611510791367
E00189531,539,188,47,141,351,63,288,34.87940630797773,8.719851576994433,26.159554730983302,65.12059369202227,11.688311688311687,53.432282003710576
E00189534,280,45,11,34,235,15,220,16.071428571428573,3.9285714285714284,12.142857142857142,83.92857142857143,5.357142857142857,78.57142857142857
E00189536,348,49,19,30,299,29,270,14.080459770114942,5.459770114942529,8.620689655172415,85.91954022988506,8.333333333333332,77.58620689655173
E00189538,315,47,17,30,268,17,251,14.920634920634921,5.396825396825397,9.523809523809524,85.07936507936508,5.396825396825397,79.68253968253968
E00189540,343,55,23,32,288,30,258,16.034985422740526,6.705539358600583,9.329446064139942,83.96501457725948,8.746355685131196,75.21865889212827
E00189541,292,34,17,17,258,11,247,11.643835616438356,5.821917808219178,5.821917808219178,88.35616438356165,3.767123287671233,84.58904109589042
E00189542,472,69,25,44,403,22,381,14.61864406779661,5.296610169491525,9.322033898305085,85.38135593220339,4.661016949152542,80.72033898305084
E00189543,330,54,19,35,276,17,259,16.363636363636363,5.757575757575758,10.606060606060606,83.63636363636363,5.151515151515151,78.48484848484848
E00189544,383,56,26,30,327,42,285,14.621409921671018,6.7885117493472595,7.83289817232376,85.37859007832898,10.966057441253264,74.41253263707573
E00189546,332,24,1,23,308,13,295,7.228915662650602,0.30120481927710846,6.927710843373494,92.7710843373494,3.91566265060241,88.85542168674698
E00189547,279,32,19,13,247,14,233,11.469534050179211,6.810035842293908,4.659498207885305,88.5304659498208,5.017921146953405,83.51254480286738
E00189550,336,39,10,29,297,18,279,11.607142857142858,2.976190476190476,8.630952380952381,88.39285714285714,5.357142857142857,83.03571428571429
E00189551,363,50,15,35,313,18,295,13.774104683195592,4.132231404958678,9.641873278236915,86.22589531680441,4.958677685950414,81.26721763085399
E00189556,318,43,15,28,275,17,258,13.522012578616351,4.716981132075472,8.80503144654088,86.47798742138365,5.345911949685535,81.13207547169812
E00189557,624,131,52,79,493,50,443,20.993589743589745,8.333333333333332,12.660256410256409,79.00641025641025,8.012820512820513,70.99358974358975
E00189558,326,14,5,9,312,23,289,4.294478527607362,1.5337423312883436,2.7607361963190185,95.70552147239265,7.05521472392638,88.65030674846625
E00189559,305,27,6,21,278,18,260,8.852459016393443,1.9672131147540985,6.885245901639345,91.14754098360656,5.901639344262295,85.24590163934425
E00189561,401,53,25,28,348,26,322,13.216957605985039,6.234413965087282,6.982543640897755,86.78304239401497,6.483790523690773,80.29925187032418
E00189563,214,17,6,11,197,10,187,7.943925233644859,2.803738317757009,5.14018691588785,92.05607476635514,4.672897196261682,87.38317757009347
E00189564,261,28,13,15,233,11,222,10.727969348659004,4.980842911877394,5.747126436781609,89.272030651341,4.21455938697318,85.0574712643678
E00189565,429,58,21,37,371,26,345,13.51981351981352,4.895104895104895,8.624708624708624,86.48018648018649,6.0606060606060606,80.41958041958041
E00189566,225,34,18,16,191,13,178,15.11111111111111,8,7.111111111111111,84.88888888888889,5.777777777777778,79.11111111111111
E00189570,317,34,10,24,283,19,264,10.725552050473187,3.1545741324921135,7.570977917981073,89.27444794952682,5.993690851735016,83.2807570977918
E00189573,379,36,8,28,343,16,327,9.498680738786279,2.1108179419525066,7.387862796833773,90.50131926121372,4.221635883905013,86.2796833773087
E00189574,327,40,17,23,287,20,267,12.232415902140673,5.198776758409786,7.033639143730887,87.76758409785933,6.116207951070336,81.65137614678899
E00189575,264,31,11,20,233,12,221,11.742424242424242,4.166666666666666,7.575757575757576,88.25757575757575,4.545454545454546,83.71212121212122
E00189576,336,43,24,19,293,25,268,12.797619047619047,7.142857142857142,5.654761904761905,87.20238095238095,7.440476190476191,79.76190476190477
E00189577,236,33,11,22,203,17,186,13.983050847457626,4.661016949152542,9.322033898305085,86.01694915254238,7.203389830508475,78.8135593220339
E00189580,297,24,8,16,273,15,258,8.080808080808081,2.6936026936026933,5.387205387205387,91.91919191919192,5.05050505050505,86.86868686868688
E00189582,337,40,11,29,297,18,279,11.869436201780417,3.2640949554896146,8.605341246290802,88.13056379821958,5.341246290801187,82.7893175074184
E00189585,305,33,13,20,272,20,252,10.819672131147541,4.2622950819672125,6.557377049180328,89.18032786885246,6.557377049180328,82.62295081967214
E00189586,312,34,10,24,278,19,259,10.897435897435898,3.205128205128205,7.6923076923076925,89.1025641025641,6.089743589743589,83.01282051282051
E00189587,360,61,21,40,299,26,273,16.944444444444446,5.833333333333333,11.11111111111111,83.05555555555556,7.222222222222221,75.83333333333333
E00189588,340,65,25,40,275,19,256,19.11764705882353,7.352941176470589,11.76470588235294,80.88235294117648,5.588235294117648,75.29411764705883
E00189594,282,53,30,23,229,13,216,18.79432624113475,10.638297872340425,8.156028368794328,81.20567375886525,4.609929078014184,76.59574468085107
E00189596,307,41,14,27,266,19,247,13.355048859934854,4.5602605863192185,8.794788273615636,86.64495114006515,6.188925081433225,80.45602605863192
E00189598,385,58,27,31,327,24,303,15.064935064935064,7.012987012987012,8.051948051948052,84.93506493506493,6.233766233766234,78.70129870129871
E00189599,401,67,29,38,334,28,306,16.708229426433917,7.231920199501247,9.476309226932669,83.29177057356608,6.982543640897755,76.30922693266832
E00189600,263,71,43,28,192,16,176,26.996197718631176,16.34980988593156,10.646387832699618,73.00380228136882,6.083650190114068,66.92015209125475
E00189602,360,31,11,20,329,20,309,8.61111111111111,3.0555555555555554,5.555555555555555,91.38888888888889,5.555555555555555,85.83333333333333
E00189604,264,28,15,13,236,20,216,10.606060606060606,5.681818181818182,4.924242424242424,89.39393939393939,7.575757575757576,81.81818181818183
E00189605,313,47,14,33,266,25,241,15.015974440894569,4.472843450479233,10.543130990415335,84.98402555910543,7.987220447284344,76.99680511182109
E00189606,351,55,21,34,296,19,277,15.669515669515668,5.982905982905983,9.686609686609685,84.33048433048434,5.413105413105413,78.91737891737893
E00189607,291,53,18,35,238,16,222,18.213058419243985,6.185567010309279,12.027491408934708,81.78694158075601,5.498281786941581,76.28865979381443
E00189608,289,48,20,28,241,30,211,16.608996539792386,6.920415224913495,9.688581314878892,83.39100346020761,10.380622837370241,73.01038062283737
E00189612,221,37,9,28,184,11,173,16.7420814479638,4.072398190045249,12.669683257918551,83.2579185520362,4.97737556561086,78.28054298642535
E00189613,294,31,16,15,263,29,234,10.54421768707483,5.442176870748299,5.1020408163265305,89.45578231292517,9.863945578231291,79.59183673469387
