OA,ts0590001,ts0590002,ts0590003,ts0590004,ts0590005,ts0590006,ts0590007,ts0590002_PCT,ts0590003_PCT,ts0590004_PCT,ts0590005_PCT,ts0590006_PCT,ts0590007_PCT
E00075091,136,43,17,26,93,78,15,31.61764705882353,12.5,19.11764705882353,68.38235294117648,57.35294117647059,11.029411764705882
E00075093,176,57,21,36,119,97,22,32.38636363636363,11.931818181818182,20.454545454545457,67.61363636363636,55.11363636363637,12.5
E00075095,179,56,25,31,123,97,26,31.28491620111732,13.966480446927374,17.318435754189945,68.71508379888269,54.18994413407822,14.52513966480447
E00075096,158,52,22,30,106,89,17,32.91139240506329,13.924050632911392,18.9873417721519,67.08860759493672,56.32911392405063,10.759493670886076
E00075097,146,55,25,30,91,66,25,37.67123287671233,17.123287671232877,20.54794520547945,62.328767123287676,45.20547945205479,17.123287671232877
E00075098,167,41,16,25,126,97,29,24.550898203592812,9.580838323353294,14.97005988023952,75.44910179640718,58.08383233532935,17.365269461077844
E00075099,177,52,26,26,125,92,33,29.37853107344633,14.689265536723164,14.689265536723164,70.62146892655367,51.9774011299435,18.64406779661017
E00075100,155,49,19,30,106,80,26,31.61290322580645,12.258064516129032,19.35483870967742,68.38709677419355,51.61290322580645,16.7741935483871
E00075101,100,32,11,21,68,57,11,32,11,21,68,56.99999999999999,11
E00075102,148,55,26,29,93,80,13,37.16216216216216,17.56756756756757,19.594594594594593,62.83783783783784,54.054054054054056,8.783783783783784
E00075103,163,46,14,32,117,83,34,28.22085889570552,8.588957055214724,19.631901840490798,71.77914110429448,50.920245398773,20.858895705521473
E00075104,155,37,15,22,118,95,23,23.870967741935484,9.67741935483871,14.193548387096774,76.12903225806451,61.29032258064516,14.838709677419354
E00075105,137,46,14,32,91,84,7,33.57664233576642,10.218978102189782,23.357664233576642,66.42335766423358,61.31386861313869,5.109489051094891
E00075106,104,33,18,15,71,64,7,31.73076923076923,17.307692307692307,14.423076923076922,68.26923076923077,61.53846153846154,6.730769230769231
E00075107,117,33,13,20,84,69,15,28.205128205128204,11.11111111111111,17.094017094017094,71.7948717948718,58.97435897435898,12.82051282051282
E00075108,175,53,25,28,122,108,14,30.28571428571429,14.285714285714285,16,69.71428571428572,61.71428571428571,8
E00075109,111,39,12,27,72,62,10,35.13513513513514,10.81081081081081,24.324324324324326,64.86486486486487,55.85585585585585,9.00900900900901
E00075110,90,33,16,17,57,44,13,36.666666666666664,17.77777777777778,18.88888888888889,63.33333333333333,48.888888888888886,14.444444444444443
E00075111,232,80,29,51,152,116,36,34.48275862068966,12.5,21.982758620689655,65.51724137931035,50,15.517241379310345
E00075112,298,82,18,64,216,189,27,27.516778523489933,6.0402684563758395,21.476510067114095,72.48322147651007,63.42281879194631,9.060402684563758
E00075113,153,43,18,25,110,94,16,28.104575163398692,11.76470588235294,16.33986928104575,71.89542483660131,61.43790849673203,10.457516339869281
E00075114,123,46,18,28,77,68,9,37.39837398373984,14.634146341463413,22.76422764227642,62.601626016260155,55.28455284552846,7.317073170731707
E00075115,95,30,9,21,65,53,12,31.57894736842105,9.473684210526317,22.105263157894736,68.42105263157895,55.78947368421052,12.631578947368421
E00075116,175,62,17,45,113,97,16,35.42857142857142,9.714285714285714,25.71428571428571,64.57142857142857,55.42857142857143,9.142857142857142
E00075117,147,46,18,28,101,80,21,31.292517006802722,12.244897959183673,19.047619047619047,68.70748299319727,54.421768707483,14.285714285714285
E00075118,121,34,12,22,87,76,11,28.09917355371901,9.917355371900827,18.181818181818183,71.900826446281,62.8099173553719,9.090909090909092
E00075119,200,56,20,36,144,121,23,28.000000000000004,10,18,72,60.5,11.5
E00075120,198,69,21,48,129,116,13,34.84848484848485,10.606060606060606,24.242424242424242,65.15151515151516,58.58585858585859,6.565656565656567
E00075121,176,71,22,49,105,95,10,40.340909090909086,12.5,27.84090909090909,59.65909090909091,53.97727272727273,5.681818181818182
E00075122,130,44,16,28,86,62,24,33.84615384615385,12.307692307692308,21.53846153846154,66.15384615384615,47.69230769230769,18.461538461538463
E00075123,182,63,29,34,119,89,30,34.61538461538461,15.934065934065933,18.681318681318682,65.38461538461539,48.9010989010989,16.483516483516482
E00075124,150,42,13,29,108,82,26,28.000000000000004,8.666666666666668,19.333333333333332,72,54.666666666666664,17.333333333333336
E00075125,173,66,29,37,107,78,29,38.15028901734104,16.76300578034682,21.38728323699422,61.849710982658955,45.08670520231214,16.76300578034682
E00075126,104,40,16,24,64,58,6,38.46153846153847,15.384615384615385,23.076923076923077,61.53846153846154,55.769230769230774,5.769230769230769
E00075127,146,43,15,28,103,76,27,29.45205479452055,10.273972602739725,19.17808219178082,70.54794520547945,52.054794520547944,18.493150684931507
E00075128,193,70,26,44,123,91,32,36.26943005181347,13.471502590673575,22.797927461139896,63.730569948186535,47.15025906735752,16.580310880829018
E00075129,151,37,10,27,114,95,19,24.503311258278146,6.622516556291391,17.880794701986755,75.49668874172185,62.913907284768214,12.582781456953644
E00075132,147,40,12,28,107,90,17,27.2108843537415,8.16326530612245,19.047619047619047,72.78911564625851,61.224489795918366,11.564625850340136
E00075133,75,32,10,22,43,38,5,42.66666666666667,13.333333333333334,29.333333333333332,57.333333333333336,50.66666666666667,6.666666666666667
E00075134,149,44,12,32,105,91,14,29.53020134228188,8.053691275167784,21.476510067114095,70.46979865771812,61.07382550335571,9.395973154362416
E00075136,177,58,17,41,119,106,13,32.7683615819209,9.6045197740113,23.163841807909606,67.2316384180791,59.887005649717516,7.344632768361582
E00075137,171,49,18,31,122,105,17,28.654970760233915,10.526315789473683,18.128654970760234,71.34502923976608,61.40350877192983,9.941520467836257
E00075138,225,66,17,49,159,137,22,29.333333333333332,7.555555555555555,21.777777777777775,70.66666666666667,60.88888888888889,9.777777777777779
E00075139,164,53,9,44,111,96,15,32.31707317073171,5.487804878048781,26.82926829268293,67.6829268292683,58.536585365853654,9.146341463414634
E00075140,120,38,8,30,82,71,11,31.666666666666664,6.666666666666667,25,68.33333333333333,59.166666666666664,9.166666666666666
E00075141,156,53,19,34,103,75,28,33.97435897435898,12.179487179487179,21.794871794871796,66.02564102564102,48.07692307692308,17.94871794871795
E00075142,147,52,15,37,95,89,6,35.374149659863946,10.204081632653061,25.170068027210885,64.62585034013605,60.544217687074834,4.081632653061225
E00075143,152,51,22,29,101,79,22,33.55263157894737,14.473684210526317,19.078947368421055,66.44736842105263,51.973684210526315,14.473684210526317
E00075144,175,60,21,39,115,91,24,34.285714285714285,12,22.285714285714285,65.71428571428571,52,13.714285714285715
E00075145,150,30,7,23,120,108,12,20,4.666666666666667,15.333333333333332,80,72,8
E00075146,212,50,25,25,162,147,15,23.58490566037736,11.79245283018868,11.79245283018868,76.41509433962264,69.33962264150944,7.0754716981132075
E00075147,230,61,19,42,169,147,22,26.521739130434785,8.26086956521739,18.26086956521739,73.47826086956522,63.91304347826087,9.565217391304348
E00075148,109,27,6,21,82,74,8,24.770642201834864,5.5045871559633035,19.26605504587156,75.22935779816514,67.88990825688074,7.339449541284404
E00075149,273,77,19,58,196,163,33,28.205128205128204,6.95970695970696,21.245421245421245,71.7948717948718,59.70695970695971,12.087912087912088
E00075150,181,37,12,25,144,134,10,20.441988950276244,6.629834254143646,13.812154696132598,79.55801104972376,74.03314917127072,5.524861878453039
E00075151,199,40,10,30,159,146,13,20.100502512562816,5.025125628140704,15.07537688442211,79.89949748743719,73.36683417085426,6.532663316582915
E00075152,191,47,13,34,144,129,15,24.60732984293194,6.806282722513089,17.801047120418847,75.39267015706807,67.5392670157068,7.853403141361256
E00075153,155,38,7,31,117,105,12,24.516129032258064,4.516129032258064,20,75.48387096774194,67.74193548387096,7.741935483870968
E00075154,119,30,14,16,89,81,8,25.210084033613445,11.76470588235294,13.445378151260504,74.78991596638656,68.0672268907563,6.722689075630252
E00075155,144,42,14,28,102,89,13,29.166666666666668,9.722222222222223,19.444444444444446,70.83333333333334,61.80555555555556,9.027777777777777
E00075156,207,63,17,46,144,136,8,30.434782608695656,8.212560386473431,22.22222222222222,69.56521739130434,65.70048309178745,3.864734299516908
E00075157,203,74,16,58,129,110,19,36.45320197044335,7.8817733990147785,28.57142857142857,63.54679802955665,54.187192118226605,9.35960591133005
E00075158,189,42,16,26,147,133,14,22.22222222222222,8.465608465608465,13.756613756613756,77.77777777777779,70.37037037037037,7.4074074074074066
E00075159,156,37,8,29,119,106,13,23.717948717948715,5.128205128205128,18.58974358974359,76.28205128205127,67.94871794871796,8.333333333333332
E00075160,226,47,11,36,179,162,17,20.79646017699115,4.867256637168142,15.929203539823009,79.20353982300885,71.68141592920354,7.52212389380531
E00075161,181,49,13,36,132,116,16,27.071823204419886,7.18232044198895,19.88950276243094,72.92817679558011,64.08839779005525,8.83977900552486
E00075162,209,52,17,35,157,142,15,24.880382775119617,8.133971291866029,16.74641148325359,75.11961722488039,67.94258373205741,7.177033492822966
E00075163,248,59,20,39,189,173,16,23.790322580645164,8.064516129032258,15.725806451612904,76.20967741935483,69.75806451612904,6.451612903225806
E00075164,149,41,19,22,108,101,7,27.516778523489933,12.751677852348994,14.76510067114094,72.48322147651007,67.78523489932886,4.697986577181208
E00075165,200,51,16,35,149,134,15,25.5,8,17.5,74.5,67,7.5
E00075166,209,47,8,39,162,147,15,22.48803827751196,3.827751196172249,18.660287081339714,77.51196172248804,70.33492822966507,7.177033492822966
E00075167,140,15,0,15,125,113,12,10.714285714285714,0,10.714285714285714,89.28571428571429,80.71428571428572,8.571428571428571
E00075168,184,59,14,45,125,103,22,32.065217391304344,7.608695652173914,24.456521739130434,67.93478260869566,55.97826086956522,11.956521739130435
E00075169,135,37,14,23,98,87,11,27.40740740740741,10.37037037037037,17.037037037037038,72.5925925925926,64.44444444444444,8.148148148148149
E00075170,235,59,20,39,176,158,18,25.106382978723403,8.51063829787234,16.595744680851062,74.8936170212766,67.23404255319149,7.659574468085106
E00075171,206,53,19,34,153,138,15,25.728155339805824,9.223300970873787,16.50485436893204,74.27184466019418,66.99029126213593,7.281553398058252
E00075172,189,44,15,29,145,130,15,23.28042328042328,7.936507936507936,15.343915343915343,76.71957671957672,68.78306878306879,7.936507936507936
E00075173,172,31,8,23,141,128,13,18.023255813953487,4.651162790697675,13.372093023255813,81.97674418604652,74.4186046511628,7.55813953488372
E00075174,115,25,7,18,90,83,7,21.73913043478261,6.086956521739131,15.65217391304348,78.26086956521739,72.17391304347827,6.086956521739131
E00075175,178,47,18,29,131,120,11,26.40449438202247,10.112359550561797,16.292134831460675,73.59550561797754,67.41573033707866,6.179775280898876
E00075176,33,16,9,7,17,16,1,48.484848484848484,27.27272727272727,21.21212121212121,51.515151515151516,48.484848484848484,3.0303030303030303
E00075177,315,76,20,56,239,212,27,24.126984126984127,6.349206349206349,17.77777777777778,75.87301587301587,67.3015873015873,8.571428571428571
E00075178,179,47,16,31,132,110,22,26.256983240223462,8.938547486033519,17.318435754189945,73.74301675977654,61.452513966480446,12.290502793296088
E00075179,204,35,10,25,169,148,21,17.15686274509804,4.901960784313726,12.254901960784313,82.84313725490196,72.54901960784314,10.294117647058822
E00075180,181,44,18,26,137,117,20,24.30939226519337,9.94475138121547,14.3646408839779,75.69060773480662,64.64088397790056,11.049723756906078
E00075181,175,32,11,21,143,133,10,18.285714285714285,6.2857142857142865,12,81.71428571428572,76,5.714285714285714
E00075182,166,31,5,26,135,119,16,18.67469879518072,3.0120481927710845,15.66265060240964,81.32530120481928,71.6867469879518,9.63855421686747
E00075183,169,43,21,22,126,112,14,25.443786982248522,12.42603550295858,13.017751479289942,74.55621301775149,66.27218934911244,8.284023668639055
E00075184,195,50,12,38,145,129,16,25.64102564102564,6.153846153846154,19.48717948717949,74.35897435897436,66.15384615384615,8.205128205128204
E00075185,137,24,6,18,113,102,11,17.51824817518248,4.37956204379562,13.138686131386862,82.48175182481752,74.45255474452554,8.02919708029197
E00075186,189,46,15,31,143,124,19,24.33862433862434,7.936507936507936,16.402116402116402,75.66137566137566,65.60846560846561,10.052910052910052
E00075187,207,51,17,34,156,137,19,24.637681159420293,8.212560386473431,16.425120772946862,75.36231884057972,66.18357487922705,9.178743961352657
E00075188,225,67,24,43,158,142,16,29.777777777777775,10.666666666666668,19.11111111111111,70.22222222222221,63.11111111111111,7.111111111111111
E00075189,184,65,22,43,119,105,14,35.32608695652174,11.956521739130435,23.369565217391305,64.67391304347827,57.065217391304344,7.608695652173914
E00075190,222,54,17,37,168,145,23,24.324324324324326,7.657657657657657,16.666666666666664,75.67567567567568,65.31531531531532,10.36036036036036
E00075191,231,59,18,41,172,158,14,25.541125541125542,7.792207792207792,17.74891774891775,74.45887445887446,68.3982683982684,6.0606060606060606
E00075193,144,36,19,17,108,93,15,25,13.194444444444445,11.805555555555555,75,64.58333333333334,10.416666666666668
E00075194,197,40,10,30,157,139,18,20.304568527918782,5.0761421319796955,15.228426395939088,79.69543147208121,70.55837563451777,9.137055837563452
E00075195,133,41,9,32,92,80,12,30.82706766917293,6.7669172932330826,24.06015037593985,69.17293233082707,60.150375939849624,9.022556390977442
E00075196,228,47,16,31,181,166,15,20.614035087719298,7.017543859649122,13.596491228070176,79.3859649122807,72.80701754385966,6.578947368421052
E00075198,186,38,12,26,148,136,12,20.43010752688172,6.451612903225806,13.978494623655912,79.56989247311827,73.11827956989248,6.451612903225806
E00075199,234,65,22,43,169,156,13,27.77777777777778,9.401709401709402,18.37606837606838,72.22222222222221,66.66666666666666,5.555555555555555
E00075200,151,50,17,33,101,86,15,33.11258278145696,11.258278145695364,21.85430463576159,66.88741721854305,56.95364238410596,9.933774834437086
E00075201,161,39,15,24,122,106,16,24.22360248447205,9.316770186335404,14.906832298136646,75.77639751552795,65.83850931677019,9.937888198757763
E00075202,338,84,33,51,254,230,24,24.85207100591716,9.763313609467456,15.088757396449704,75.14792899408283,68.04733727810651,7.100591715976331
E00075203,206,38,10,28,168,150,18,18.446601941747574,4.854368932038835,13.592233009708737,81.55339805825243,72.81553398058253,8.737864077669903
E00075204,171,40,10,30,131,117,14,23.391812865497073,5.847953216374268,17.543859649122805,76.60818713450293,68.42105263157895,8.187134502923977
E00075205,203,55,18,37,148,134,14,27.093596059113302,8.866995073891626,18.226600985221676,72.9064039408867,66.00985221674877,6.896551724137931
E00075206,145,50,13,37,95,83,12,34.48275862068966,8.96551724137931,25.517241379310345,65.51724137931035,57.24137931034483,8.275862068965518
E00075207,149,51,16,35,98,78,20,34.22818791946309,10.738255033557047,23.48993288590604,65.77181208053692,52.348993288590606,13.422818791946309
E00075208,263,73,30,43,190,161,29,27.756653992395435,11.406844106463879,16.34980988593156,72.24334600760456,61.21673003802282,11.02661596958175
E00075210,170,46,10,36,124,112,12,27.058823529411764,5.88235294117647,21.176470588235293,72.94117647058823,65.88235294117646,7.0588235294117645
E00075211,77,24,9,15,53,43,10,31.16883116883117,11.688311688311687,19.480519480519483,68.83116883116884,55.84415584415584,12.987012987012985
E00075212,72,24,10,14,48,48,0,33.33333333333333,13.88888888888889,19.444444444444446,66.66666666666666,66.66666666666666,0
E00075213,209,65,19,46,144,124,20,31.100478468899524,9.090909090909092,22.00956937799043,68.89952153110048,59.33014354066985,9.569377990430622
E00075214,185,60,18,42,125,110,15,32.432432432432435,9.72972972972973,22.702702702702705,67.56756756756756,59.45945945945946,8.108108108108109
E00075216,222,61,31,30,161,123,38,27.47747747747748,13.963963963963963,13.513513513513514,72.52252252252252,55.4054054054054,17.117117117117118
E00075217,115,37,12,25,78,55,23,32.17391304347826,10.434782608695652,21.73913043478261,67.82608695652173,47.82608695652174,20
E00075218,132,40,14,26,92,79,13,30.303030303030305,10.606060606060606,19.696969696969695,69.6969696969697,59.84848484848485,9.848484848484848
E00075219,148,44,9,35,104,95,9,29.72972972972973,6.081081081081082,23.64864864864865,70.27027027027027,64.1891891891892,6.081081081081082
E00075220,105,34,13,21,71,63,8,32.38095238095238,12.380952380952381,20,67.61904761904762,60,7.6190476190476195
E00075221,142,40,5,35,102,90,12,28.169014084507044,3.5211267605633805,24.647887323943664,71.83098591549296,63.38028169014085,8.450704225352112
E00075222,125,38,12,26,87,75,12,30.4,9.6,20.8,69.6,60,9.6
E00075223,157,46,19,27,111,95,16,29.29936305732484,12.101910828025478,17.197452229299362,70.70063694267516,60.509554140127385,10.191082802547772
E00075224,133,45,16,29,88,75,13,33.83458646616541,12.030075187969924,21.804511278195488,66.16541353383458,56.390977443609025,9.774436090225564
E00075226,140,41,14,27,99,87,12,29.28571428571429,10,19.28571428571429,70.71428571428572,62.142857142857146,8.571428571428571
E00075227,185,60,19,41,125,108,17,32.432432432432435,10.27027027027027,22.162162162162165,67.56756756756756,58.37837837837838,9.18918918918919
E00075228,109,31,13,18,78,67,11,28.440366972477065,11.926605504587156,16.51376146788991,71.55963302752293,61.46788990825688,10.091743119266056
E00075229,168,56,24,32,112,100,12,33.33333333333333,14.285714285714285,19.047619047619047,66.66666666666666,59.523809523809526,7.142857142857142
E00075230,135,49,20,29,86,77,9,36.2962962962963,14.814814814814813,21.48148148148148,63.70370370370371,57.03703703703704,6.666666666666667
E00075231,106,46,16,30,60,54,6,43.39622641509434,15.09433962264151,28.30188679245283,56.60377358490566,50.943396226415096,5.660377358490567
E00075232,123,41,13,28,82,68,14,33.33333333333333,10.569105691056912,22.76422764227642,66.66666666666666,55.28455284552846,11.38211382113821
E00075233,120,38,16,22,82,73,9,31.666666666666664,13.333333333333334,18.333333333333332,68.33333333333333,60.83333333333333,7.5
E00075234,97,31,15,16,66,57,9,31.958762886597935,15.463917525773196,16.49484536082474,68.04123711340206,58.76288659793815,9.278350515463918
E00075235,122,31,10,21,91,75,16,25.40983606557377,8.19672131147541,17.21311475409836,74.59016393442623,61.47540983606557,13.114754098360656
E00075236,137,58,21,37,79,66,13,42.33576642335766,15.328467153284672,27.00729927007299,57.66423357664233,48.175182481751825,9.48905109489051
E00075237,40,18,5,13,22,22,0,45,12.5,32.5,55.00000000000001,55.00000000000001,0
E00075238,148,41,14,27,107,89,18,27.7027027027027,9.45945945945946,18.243243243243242,72.2972972972973,60.13513513513513,12.162162162162163
E00075239,113,48,18,30,65,56,9,42.47787610619469,15.929203539823009,26.548672566371685,57.52212389380531,49.557522123893804,7.964601769911504
E00075240,185,51,19,32,134,102,32,27.56756756756757,10.27027027027027,17.2972972972973,72.43243243243244,55.13513513513514,17.2972972972973
E00075241,138,44,14,30,94,68,26,31.88405797101449,10.144927536231885,21.73913043478261,68.11594202898551,49.275362318840585,18.84057971014493
E00075242,216,70,28,42,146,99,47,32.407407407407405,12.962962962962962,19.444444444444446,67.5925925925926,45.83333333333333,21.75925925925926
E00075243,141,47,12,35,94,78,16,33.33333333333333,8.51063829787234,24.822695035460992,66.66666666666666,55.319148936170215,11.347517730496454
E00075244,146,48,17,31,98,70,28,32.87671232876712,11.643835616438356,21.232876712328768,67.12328767123287,47.94520547945205,19.17808219178082
E00075245,176,64,27,37,112,92,20,36.36363636363637,15.340909090909092,21.022727272727273,63.63636363636363,52.27272727272727,11.363636363636363
E00075246,158,62,21,41,96,85,11,39.24050632911392,13.291139240506327,25.949367088607595,60.75949367088608,53.79746835443038,6.962025316455696
E00075247,224,88,43,45,136,101,35,39.285714285714285,19.196428571428573,20.089285714285715,60.71428571428571,45.089285714285715,15.625
E00075248,55,18,11,7,37,26,11,32.72727272727273,20,12.727272727272727,67.27272727272727,47.27272727272727,20
E00075249,202,59,29,30,143,101,42,29.207920792079207,14.356435643564355,14.85148514851485,70.79207920792079,50,20.792079207920793
E00075250,192,72,28,44,120,90,30,37.5,14.583333333333334,22.916666666666664,62.5,46.875,15.625
E00075251,146,51,20,31,95,69,26,34.93150684931507,13.698630136986301,21.232876712328768,65.06849315068493,47.26027397260274,17.80821917808219
E00075252,203,62,22,40,141,128,13,30.541871921182267,10.83743842364532,19.704433497536947,69.45812807881774,63.05418719211823,6.403940886699508
E00075253,177,52,20,32,125,112,13,29.37853107344633,11.299435028248588,18.07909604519774,70.62146892655367,63.2768361581921,7.344632768361582
E00075254,205,63,23,40,142,129,13,30.73170731707317,11.219512195121952,19.51219512195122,69.26829268292683,62.926829268292686,6.341463414634147
E00075255,189,53,14,39,136,116,20,28.04232804232804,7.4074074074074066,20.634920634920633,71.95767195767195,61.37566137566137,10.582010582010582
E00075256,174,43,14,29,131,116,15,24.71264367816092,8.045977011494253,16.666666666666664,75.28735632183908,66.66666666666666,8.620689655172415
E00075257,178,47,20,27,131,123,8,26.40449438202247,11.235955056179774,15.168539325842698,73.59550561797754,69.10112359550563,4.49438202247191
E00075258,204,73,25,48,131,112,19,35.78431372549019,12.254901960784313,23.52941176470588,64.2156862745098,54.90196078431373,9.313725490196079
E00075259,188,53,16,37,135,116,19,28.191489361702125,8.51063829787234,19.680851063829788,71.80851063829788,61.702127659574465,10.106382978723403
E00075260,195,54,21,33,141,126,15,27.692307692307693,10.76923076923077,16.923076923076923,72.3076923076923,64.61538461538461,7.6923076923076925
E00075261,216,72,25,47,144,122,22,33.33333333333333,11.574074074074074,21.75925925925926,66.66666666666666,56.481481481481474,10.185185185185185
E00075262,149,42,17,25,107,95,12,28.187919463087248,11.409395973154362,16.778523489932887,71.81208053691275,63.758389261744966,8.053691275167784
E00075263,196,68,20,48,128,114,14,34.69387755102041,10.204081632653061,24.489795918367346,65.3061224489796,58.16326530612245,7.142857142857142
E00075264,183,62,19,43,121,106,15,33.87978142076503,10.382513661202186,23.497267759562842,66.12021857923497,57.92349726775956,8.19672131147541
E00075265,168,56,22,34,112,96,16,33.33333333333333,13.095238095238097,20.238095238095237,66.66666666666666,57.14285714285714,9.523809523809524
E00075266,173,61,23,38,112,104,8,35.26011560693642,13.294797687861271,21.965317919075144,64.73988439306359,60.115606936416185,4.624277456647398
E00075267,183,47,9,38,136,118,18,25.683060109289617,4.918032786885246,20.76502732240437,74.31693989071039,64.48087431693989,9.836065573770492
E00075268,142,38,16,22,104,92,12,26.76056338028169,11.267605633802818,15.492957746478872,73.23943661971832,64.7887323943662,8.450704225352112
E00075269,111,39,18,21,72,62,10,35.13513513513514,16.216216216216218,18.91891891891892,64.86486486486487,55.85585585585585,9.00900900900901
E00075270,113,30,9,21,83,70,13,26.548672566371685,7.964601769911504,18.58407079646018,73.45132743362832,61.94690265486725,11.504424778761061
E00075271,101,36,10,26,65,60,5,35.64356435643564,9.900990099009901,25.742574257425744,64.35643564356435,59.4059405940594,4.9504950495049505
E00075272,209,58,16,42,151,131,20,27.751196172248804,7.655502392344498,20.095693779904305,72.24880382775119,62.67942583732058,9.569377990430622
E00075273,264,65,20,45,199,172,27,24.62121212121212,7.575757575757576,17.045454545454543,75.37878787878788,65.15151515151516,10.227272727272728
E00075274,103,40,17,23,63,48,15,38.83495145631068,16.50485436893204,22.330097087378643,61.165048543689316,46.601941747572816,14.563106796116504
E00075275,102,33,14,19,69,58,11,32.35294117647059,13.725490196078432,18.627450980392158,67.64705882352942,56.86274509803921,10.784313725490197
E00075276,137,39,9,30,98,79,19,28.467153284671532,6.569343065693431,21.897810218978105,71.53284671532847,57.66423357664233,13.86861313868613
E00075277,189,46,14,32,143,122,21,24.33862433862434,7.4074074074074066,16.93121693121693,75.66137566137566,64.55026455026454,11.11111111111111
E00075278,274,90,29,61,184,167,17,32.846715328467155,10.583941605839415,22.26277372262774,67.15328467153284,60.94890510948905,6.204379562043796
E00075279,179,60,21,39,119,104,15,33.5195530726257,11.731843575418994,21.787709497206702,66.4804469273743,58.10055865921788,8.379888268156424
E00075280,165,52,14,38,113,99,14,31.515151515151512,8.484848484848486,23.03030303030303,68.48484848484848,60,8.484848484848486
E00075281,172,44,19,25,128,118,10,25.581395348837212,11.046511627906977,14.534883720930234,74.4186046511628,68.6046511627907,5.813953488372093
E00075282,130,37,7,30,93,73,20,28.46153846153846,5.384615384615385,23.076923076923077,71.53846153846153,56.15384615384615,15.384615384615385
E00075283,210,50,16,34,160,141,19,23.809523809523807,7.6190476190476195,16.19047619047619,76.19047619047619,67.14285714285714,9.047619047619047
E00075284,175,44,12,32,131,110,21,25.142857142857146,6.857142857142858,18.285714285714285,74.85714285714286,62.857142857142854,12
E00075285,154,61,24,37,93,86,7,39.61038961038961,15.584415584415584,24.025974025974026,60.3896103896104,55.84415584415584,4.545454545454546
E00075286,184,59,14,45,125,112,13,32.065217391304344,7.608695652173914,24.456521739130434,67.93478260869566,60.86956521739131,7.065217391304348
E00075287,168,58,21,37,110,84,26,34.523809523809526,12.5,22.023809523809522,65.47619047619048,50,15.476190476190476
E00075288,240,83,19,64,157,133,24,34.583333333333336,7.916666666666666,26.666666666666668,65.41666666666667,55.41666666666667,10
E00075289,149,58,15,43,91,77,14,38.92617449664429,10.06711409395973,28.859060402684566,61.07382550335571,51.67785234899329,9.395973154362416
E00075290,176,51,12,39,125,103,22,28.97727272727273,6.8181818181818175,22.15909090909091,71.02272727272727,58.52272727272727,12.5
E00075291,197,65,23,42,132,117,15,32.99492385786802,11.6751269035533,21.31979695431472,67.00507614213198,59.390862944162436,7.614213197969544
E00075292,147,42,10,32,105,82,23,28.57142857142857,6.802721088435375,21.768707482993197,71.42857142857143,55.78231292517006,15.646258503401361
E00075293,135,54,16,38,81,72,9,40,11.851851851851853,28.14814814814815,60,53.333333333333336,6.666666666666667
E00075294,198,79,23,56,119,106,13,39.8989898989899,11.616161616161616,28.28282828282828,60.1010101010101,53.535353535353536,6.565656565656567
E00075295,177,57,12,45,120,104,16,32.20338983050847,6.779661016949152,25.423728813559322,67.79661016949152,58.75706214689266,9.03954802259887
E00075296,130,45,9,36,85,79,6,34.61538461538461,6.923076923076923,27.692307692307693,65.38461538461539,60.76923076923077,4.615384615384616
E00075297,171,61,18,43,110,94,16,35.67251461988304,10.526315789473683,25.146198830409354,64.32748538011695,54.97076023391813,9.35672514619883
E00075298,154,43,15,28,111,89,22,27.92207792207792,9.740259740259742,18.181818181818183,72.07792207792207,57.7922077922078,14.285714285714285
E00075299,126,44,8,36,82,72,10,34.92063492063492,6.349206349206349,28.57142857142857,65.07936507936508,57.14285714285714,7.936507936507936
E00075300,192,67,26,41,125,111,14,34.89583333333333,13.541666666666666,21.354166666666664,65.10416666666666,57.8125,7.291666666666667
E00075301,171,47,12,35,124,95,29,27.485380116959064,7.017543859649122,20.46783625730994,72.51461988304094,55.55555555555556,16.95906432748538
E00075302,156,39,10,29,117,92,25,25,6.41025641025641,18.58974358974359,75,58.97435897435898,16.025641025641026
E00075303,135,44,17,27,91,73,18,32.592592592592595,12.592592592592592,20,67.4074074074074,54.074074074074076,13.333333333333334
E00075304,194,57,14,43,137,117,20,29.381443298969074,7.216494845360824,22.164948453608247,70.61855670103093,60.30927835051546,10.309278350515463
E00075305,189,62,32,30,127,110,17,32.804232804232804,16.93121693121693,15.873015873015872,67.1957671957672,58.201058201058196,8.994708994708994
E00075306,126,37,17,20,89,79,10,29.365079365079367,13.492063492063492,15.873015873015872,70.63492063492063,62.698412698412696,7.936507936507936
E00075307,88,23,8,15,65,58,7,26.136363636363637,9.090909090909092,17.045454545454543,73.86363636363636,65.9090909090909,7.954545454545454
E00075308,237,67,24,43,170,150,20,28.270042194092827,10.126582278481013,18.143459915611814,71.72995780590718,63.29113924050633,8.438818565400844
E00075309,156,42,13,29,114,106,8,26.923076923076923,8.333333333333332,18.58974358974359,73.07692307692307,67.94871794871796,5.128205128205128
E00075310,138,30,8,22,108,99,9,21.73913043478261,5.797101449275362,15.942028985507244,78.26086956521739,71.73913043478261,6.521739130434782
E00075311,155,55,14,41,100,88,12,35.483870967741936,9.032258064516128,26.451612903225808,64.51612903225806,56.774193548387096,7.741935483870968
E00075312,167,53,19,34,114,95,19,31.736526946107784,11.377245508982035,20.359281437125748,68.26347305389223,56.886227544910184,11.377245508982035
E00075313,203,53,15,38,150,131,19,26.108374384236456,7.389162561576355,18.7192118226601,73.89162561576354,64.5320197044335,9.35960591133005
E00075314,200,48,17,31,152,141,11,24,8.5,15.5,76,70.5,5.5
E00075315,177,60,20,40,117,104,13,33.89830508474576,11.299435028248588,22.598870056497177,66.10169491525424,58.75706214689266,7.344632768361582
E00075316,185,57,21,36,128,122,6,30.810810810810814,11.351351351351353,19.45945945945946,69.1891891891892,65.94594594594595,3.2432432432432434
E00075317,123,51,22,29,72,67,5,41.46341463414634,17.88617886178862,23.577235772357724,58.536585365853654,54.47154471544715,4.0650406504065035
E00075318,132,51,19,32,81,76,5,38.63636363636363,14.393939393939394,24.242424242424242,61.36363636363637,57.57575757575758,3.787878787878788
E00075319,190,53,11,42,137,120,17,27.89473684210526,5.7894736842105265,22.105263157894736,72.10526315789474,63.1578947368421,8.947368421052632
E00075320,194,65,30,35,129,116,13,33.50515463917525,15.463917525773196,18.04123711340206,66.49484536082474,59.79381443298969,6.701030927835052
E00075321,43,16,2,14,27,26,1,37.2093023255814,4.651162790697675,32.55813953488372,62.7906976744186,60.46511627906976,2.3255813953488373
E00075322,166,47,14,33,119,105,14,28.313253012048197,8.433734939759036,19.879518072289155,71.6867469879518,63.25301204819277,8.433734939759036
E00075323,168,54,23,31,114,102,12,32.142857142857146,13.690476190476192,18.452380952380953,67.85714285714286,60.71428571428571,7.142857142857142
E00075324,185,59,27,32,126,113,13,31.891891891891895,14.594594594594595,17.2972972972973,68.10810810810811,61.08108108108108,7.027027027027027
E00075325,47,22,9,13,25,24,1,46.808510638297875,19.148936170212767,27.659574468085108,53.191489361702125,51.06382978723404,2.127659574468085
E00075326,135,49,11,38,86,76,10,36.2962962962963,8.148148148148149,28.14814814814815,63.70370370370371,56.2962962962963,7.4074074074074066
E00075327,213,61,22,39,152,140,12,28.638497652582164,10.328638497652582,18.30985915492958,71.36150234741784,65.72769953051643,5.633802816901409
E00075328,181,37,17,20,144,130,14,20.441988950276244,9.392265193370166,11.049723756906078,79.55801104972376,71.8232044198895,7.734806629834254
E00075329,150,48,14,34,102,93,9,32,9.333333333333334,22.666666666666664,68,62,6
E00075330,177,57,21,36,120,107,13,32.20338983050847,11.864406779661017,20.33898305084746,67.79661016949152,60.451977401129945,7.344632768361582
E00075331,75,27,8,19,48,42,6,36,10.666666666666668,25.333333333333336,64,56.00000000000001,8
E00075332,172,65,23,42,107,100,7,37.7906976744186,13.372093023255813,24.418604651162788,62.2093023255814,58.139534883720934,4.069767441860465
E00075333,175,64,23,41,111,99,12,36.57142857142857,13.142857142857142,23.42857142857143,63.42857142857142,56.57142857142857,6.857142857142858
E00075334,219,74,31,43,145,127,18,33.789954337899545,14.15525114155251,19.63470319634703,66.21004566210046,57.99086757990868,8.21917808219178
E00075335,194,61,9,52,133,123,10,31.443298969072163,4.639175257731959,26.804123711340207,68.55670103092784,63.4020618556701,5.154639175257731
E00075336,183,57,27,30,126,118,8,31.147540983606557,14.754098360655737,16.39344262295082,68.85245901639344,64.48087431693989,4.371584699453552
E00075337,269,96,35,61,173,153,20,35.687732342007436,13.011152416356877,22.676579925650557,64.31226765799256,56.877323420074354,7.434944237918216
E00075338,194,58,21,37,136,117,19,29.896907216494846,10.824742268041238,19.072164948453608,70.10309278350515,60.30927835051546,9.793814432989691
E00075339,233,70,27,43,163,150,13,30.042918454935624,11.587982832618025,18.4549356223176,69.95708154506438,64.37768240343348,5.579399141630901
E00075340,209,51,11,40,158,145,13,24.401913875598087,5.263157894736842,19.138755980861244,75.5980861244019,69.377990430622,6.220095693779904
E00075341,171,60,24,36,111,92,19,35.08771929824561,14.035087719298245,21.052631578947366,64.91228070175438,53.80116959064327,11.11111111111111
E00075342,119,50,17,33,69,55,14,42.016806722689076,14.285714285714285,27.73109243697479,57.98319327731093,46.21848739495798,11.76470588235294
E00075343,170,65,24,41,105,90,15,38.23529411764706,14.117647058823529,24.11764705882353,61.76470588235294,52.94117647058824,8.823529411764707
E00075344,161,38,8,30,123,112,11,23.60248447204969,4.968944099378882,18.633540372670808,76.3975155279503,69.56521739130434,6.832298136645963
E00075345,163,52,13,39,111,100,11,31.901840490797547,7.975460122699387,23.92638036809816,68.09815950920245,61.34969325153374,6.748466257668712
E00075346,152,52,18,34,100,91,9,34.21052631578947,11.842105263157894,22.36842105263158,65.78947368421053,59.86842105263158,5.921052631578947
E00075347,154,47,14,33,107,93,14,30.519480519480517,9.090909090909092,21.428571428571427,69.48051948051948,60.3896103896104,9.090909090909092
E00075348,194,56,15,41,138,125,13,28.865979381443296,7.731958762886598,21.1340206185567,71.1340206185567,64.43298969072166,6.701030927835052
E00075349,182,58,12,46,124,108,16,31.868131868131865,6.593406593406594,25.274725274725274,68.13186813186813,59.34065934065934,8.791208791208792
E00075350,206,67,26,41,139,121,18,32.5242718446602,12.62135922330097,19.902912621359224,67.47572815533981,58.7378640776699,8.737864077669903
E00075351,278,74,30,44,204,186,18,26.618705035971225,10.79136690647482,15.827338129496402,73.38129496402878,66.90647482014388,6.474820143884892
E00075352,184,46,15,31,138,122,16,25,8.152173913043478,16.847826086956523,75,66.30434782608695,8.695652173913043
E00075353,121,41,16,25,80,74,6,33.88429752066116,13.223140495867769,20.66115702479339,66.11570247933885,61.15702479338842,4.958677685950414
E00075354,140,56,21,35,84,78,6,40,15,25,60,55.714285714285715,4.285714285714286
E00075355,111,41,9,32,70,63,7,36.93693693693694,8.108108108108109,28.82882882882883,63.06306306306306,56.75675675675676,6.306306306306306
E00075356,179,53,18,35,126,108,18,29.608938547486037,10.05586592178771,19.553072625698324,70.39106145251397,60.33519553072626,10.05586592178771
E00075358,218,84,33,51,134,103,31,38.53211009174312,15.137614678899084,23.394495412844037,61.46788990825688,47.24770642201835,14.220183486238533
E00075359,143,50,16,34,93,79,14,34.96503496503497,11.188811188811188,23.776223776223777,65.03496503496503,55.24475524475524,9.79020979020979
E00075361,143,60,25,35,83,75,8,41.95804195804196,17.482517482517483,24.475524475524477,58.04195804195804,52.44755244755245,5.594405594405594
E00075362,142,46,15,31,96,86,10,32.3943661971831,10.56338028169014,21.830985915492956,67.6056338028169,60.56338028169014,7.042253521126761
E00075363,188,64,15,49,124,108,16,34.04255319148936,7.9787234042553195,26.063829787234045,65.95744680851064,57.446808510638306,8.51063829787234
E00075364,142,54,18,36,88,79,9,38.028169014084504,12.676056338028168,25.352112676056336,61.97183098591549,55.633802816901415,6.338028169014084
E00075365,158,49,20,29,109,92,17,31.0126582278481,12.658227848101266,18.354430379746837,68.9873417721519,58.22784810126582,10.759493670886076
E00075366,156,52,14,38,104,93,11,33.33333333333333,8.974358974358974,24.358974358974358,66.66666666666666,59.61538461538461,7.051282051282051
E00075367,146,46,16,30,100,91,9,31.506849315068493,10.95890410958904,20.54794520547945,68.4931506849315,62.328767123287676,6.164383561643835
E00075368,107,38,12,26,69,60,9,35.51401869158878,11.214953271028037,24.299065420560748,64.48598130841121,56.074766355140184,8.411214953271028
E00075369,172,52,17,35,120,103,17,30.23255813953488,9.883720930232558,20.348837209302324,69.76744186046511,59.883720930232556,9.883720930232558
E00075370,170,59,20,39,111,97,14,34.705882352941174,11.76470588235294,22.941176470588236,65.29411764705883,57.05882352941176,8.235294117647058
E00075371,141,47,12,35,94,83,11,33.33333333333333,8.51063829787234,24.822695035460992,66.66666666666666,58.86524822695035,7.801418439716312
E00075372,166,44,15,29,122,108,14,26.506024096385545,9.036144578313253,17.46987951807229,73.49397590361446,65.06024096385542,8.433734939759036
E00075373,158,40,12,28,118,101,17,25.31645569620253,7.59493670886076,17.72151898734177,74.68354430379746,63.92405063291139,10.759493670886076
E00075374,198,50,18,32,148,131,17,25.252525252525253,9.090909090909092,16.161616161616163,74.74747474747475,66.16161616161617,8.585858585858585
E00075375,173,58,20,38,115,103,12,33.52601156069364,11.560693641618498,21.965317919075144,66.47398843930635,59.53757225433526,6.9364161849710975
E00075376,111,30,9,21,81,71,10,27.027027027027028,8.108108108108109,18.91891891891892,72.97297297297297,63.96396396396396,9.00900900900901
E00075377,189,66,21,45,123,101,22,34.92063492063492,11.11111111111111,23.809523809523807,65.07936507936508,53.43915343915344,11.64021164021164
E00075378,147,45,15,30,102,84,18,30.612244897959183,10.204081632653061,20.408163265306122,69.38775510204081,57.14285714285714,12.244897959183673
E00075379,157,47,14,33,110,90,20,29.936305732484076,8.9171974522293,21.019108280254777,70.06369426751591,57.324840764331206,12.738853503184714
E00075380,127,46,11,35,81,71,10,36.22047244094488,8.661417322834646,27.559055118110237,63.77952755905512,55.90551181102362,7.874015748031496
E00075381,148,50,22,28,98,88,10,33.78378378378378,14.864864864864865,18.91891891891892,66.21621621621621,59.45945945945946,6.756756756756757
E00075382,205,65,18,47,140,121,19,31.70731707317073,8.780487804878048,22.926829268292686,68.29268292682927,59.02439024390244,9.268292682926829
E00075383,184,53,13,40,131,116,15,28.804347826086957,7.065217391304348,21.73913043478261,71.19565217391305,63.04347826086957,8.152173913043478
E00075384,169,59,18,41,110,98,12,34.9112426035503,10.650887573964498,24.2603550295858,65.08875739644971,57.98816568047337,7.100591715976331
E00075385,161,48,10,38,113,98,15,29.81366459627329,6.211180124223603,23.60248447204969,70.1863354037267,60.86956521739131,9.316770186335404
E00075386,103,42,13,29,61,52,9,40.77669902912621,12.62135922330097,28.155339805825243,59.22330097087378,50.48543689320388,8.737864077669903
E00075387,180,47,14,33,133,116,17,26.111111111111114,7.777777777777778,18.333333333333332,73.88888888888889,64.44444444444444,9.444444444444445
E00075388,169,56,15,41,113,99,14,33.13609467455622,8.875739644970414,24.2603550295858,66.86390532544378,58.57988165680473,8.284023668639055
E00075389,133,42,18,24,91,83,8,31.57894736842105,13.533834586466165,18.045112781954884,68.42105263157895,62.40601503759399,6.015037593984962
E00075390,221,78,22,56,143,122,21,35.294117647058826,9.95475113122172,25.339366515837103,64.70588235294117,55.203619909502265,9.502262443438914
E00075391,183,56,13,43,127,114,13,30.601092896174865,7.103825136612022,23.497267759562842,69.39890710382514,62.295081967213115,7.103825136612022
E00075392,126,35,9,26,91,83,8,27.77777777777778,7.142857142857142,20.634920634920633,72.22222222222221,65.87301587301587,6.349206349206349
E00075393,112,35,10,25,77,62,15,31.25,8.928571428571429,22.321428571428573,68.75,55.35714285714286,13.392857142857142
E00075394,143,47,13,34,96,84,12,32.86713286713287,9.090909090909092,23.776223776223777,67.13286713286713,58.74125874125874,8.391608391608392
E00075395,197,69,20,49,128,114,14,35.025380710659896,10.152284263959391,24.873096446700508,64.9746192893401,57.868020304568525,7.1065989847715745
E00075396,184,45,11,34,139,131,8,24.456521739130434,5.978260869565218,18.478260869565215,75.54347826086956,71.19565217391305,4.3478260869565215
E00075397,139,45,13,32,94,85,9,32.37410071942446,9.352517985611511,23.021582733812952,67.62589928057554,61.15107913669065,6.474820143884892
E00075398,148,48,13,35,100,91,9,32.432432432432435,8.783783783783784,23.64864864864865,67.56756756756756,61.48648648648649,6.081081081081082
E00075399,122,35,13,22,87,78,9,28.688524590163933,10.655737704918032,18.0327868852459,71.31147540983606,63.934426229508205,7.377049180327869
E00075400,165,48,14,34,117,102,15,29.09090909090909,8.484848484848486,20.606060606060606,70.9090909090909,61.81818181818181,9.090909090909092
E00075401,244,64,20,44,180,161,19,26.229508196721312,8.19672131147541,18.0327868852459,73.77049180327869,65.98360655737704,7.786885245901639
E00075402,131,47,5,42,84,71,13,35.87786259541985,3.816793893129771,32.06106870229007,64.12213740458014,54.19847328244275,9.923664122137405
E00075403,161,52,15,37,109,97,12,32.298136645962735,9.316770186335404,22.981366459627328,67.70186335403726,60.24844720496895,7.453416149068323
E00075404,183,58,15,43,125,111,14,31.693989071038253,8.19672131147541,23.497267759562842,68.30601092896174,60.65573770491803,7.650273224043716
E00075405,167,47,13,34,120,105,15,28.143712574850298,7.784431137724551,20.359281437125748,71.8562874251497,62.874251497005986,8.982035928143713
E00075406,125,22,9,13,103,90,13,17.599999999999998,7.199999999999999,10.4,82.39999999999999,72,10.4
E00075407,262,64,20,44,198,166,32,24.427480916030532,7.633587786259542,16.793893129770993,75.57251908396947,63.358778625954194,12.213740458015266
E00075408,170,48,21,27,122,111,11,28.235294117647058,12.352941176470589,15.88235294117647,71.76470588235294,65.29411764705883,6.470588235294119
E00075409,109,15,6,9,94,84,10,13.761467889908257,5.5045871559633035,8.256880733944955,86.23853211009175,77.06422018348624,9.174311926605505
E00075410,215,53,15,38,162,139,23,24.651162790697676,6.976744186046512,17.674418604651162,75.34883720930232,64.65116279069767,10.69767441860465
E00075411,226,58,18,40,168,146,22,25.663716814159294,7.964601769911504,17.699115044247787,74.33628318584071,64.60176991150442,9.734513274336283
E00075412,165,44,15,29,121,100,21,26.666666666666668,9.090909090909092,17.575757575757574,73.33333333333333,60.60606060606061,12.727272727272727
E00075413,132,46,12,34,86,78,8,34.84848484848485,9.090909090909092,25.757575757575758,65.15151515151516,59.09090909090909,6.0606060606060606
E00075414,167,44,10,34,123,112,11,26.34730538922156,5.9880239520958085,20.359281437125748,73.65269461077844,67.06586826347305,6.58682634730539
E00075415,129,44,16,28,85,79,6,34.10852713178294,12.4031007751938,21.705426356589147,65.89147286821705,61.240310077519375,4.651162790697675
E00075416,143,48,15,33,95,86,9,33.56643356643357,10.48951048951049,23.076923076923077,66.43356643356644,60.13986013986013,6.293706293706294
E00075417,113,31,6,25,82,76,6,27.43362831858407,5.3097345132743365,22.123893805309734,72.56637168141593,67.2566371681416,5.3097345132743365
E00075418,146,44,20,24,102,86,16,30.136986301369863,13.698630136986301,16.43835616438356,69.86301369863014,58.9041095890411,10.95890410958904
E00075419,212,48,11,37,164,151,13,22.641509433962266,5.188679245283019,17.452830188679243,77.35849056603774,71.22641509433963,6.132075471698113
E00075420,178,63,17,46,115,100,15,35.39325842696629,9.550561797752808,25.842696629213485,64.60674157303372,56.17977528089888,8.426966292134832
E00075421,193,53,19,34,140,125,15,27.461139896373055,9.844559585492227,17.616580310880828,72.53886010362694,64.76683937823834,7.772020725388601
E00075422,151,51,17,34,100,86,14,33.77483443708609,11.258278145695364,22.516556291390728,66.22516556291392,56.95364238410596,9.271523178807946
E00075423,155,52,15,37,103,93,10,33.5483870967742,9.67741935483871,23.870967741935484,66.45161290322581,60,6.451612903225806
E00075424,187,52,17,35,135,122,13,27.807486631016044,9.090909090909092,18.71657754010695,72.19251336898395,65.24064171122996,6.951871657754011
E00075425,170,50,20,30,120,117,3,29.411764705882355,11.76470588235294,17.647058823529413,70.58823529411765,68.82352941176471,1.7647058823529411
E00075426,110,38,7,31,72,63,9,34.54545454545455,6.363636363636363,28.18181818181818,65.45454545454545,57.27272727272727,8.181818181818182
E00075427,63,17,4,13,46,34,12,26.984126984126984,6.349206349206349,20.634920634920633,73.01587301587301,53.96825396825397,19.047619047619047
E00075428,77,34,15,19,43,33,10,44.15584415584416,19.480519480519483,24.675324675324674,55.84415584415584,42.857142857142854,12.987012987012985
E00075429,125,37,14,23,88,70,18,29.599999999999998,11.200000000000001,18.4,70.39999999999999,56.00000000000001,14.399999999999999
E00075430,171,64,24,40,107,78,29,37.42690058479532,14.035087719298245,23.391812865497073,62.57309941520468,45.614035087719294,16.95906432748538
E00075431,102,40,11,29,62,56,6,39.21568627450981,10.784313725490197,28.431372549019606,60.78431372549019,54.90196078431373,5.88235294117647
E00075432,242,72,23,49,170,139,31,29.75206611570248,9.50413223140496,20.24793388429752,70.24793388429752,57.438016528925615,12.8099173553719
E00075433,226,73,30,43,153,121,32,32.30088495575221,13.274336283185843,19.02654867256637,67.69911504424779,53.53982300884957,14.15929203539823
E00075434,178,49,17,32,129,107,22,27.52808988764045,9.550561797752808,17.97752808988764,72.47191011235955,60.1123595505618,12.359550561797752
E00075435,246,88,39,49,158,134,24,35.77235772357724,15.853658536585366,19.91869918699187,64.22764227642277,54.47154471544715,9.75609756097561
E00075436,156,62,22,40,94,76,18,39.743589743589745,14.102564102564102,25.64102564102564,60.256410256410255,48.717948717948715,11.538461538461538
E00075437,211,70,28,42,141,97,44,33.175355450236964,13.270142180094787,19.90521327014218,66.82464454976304,45.97156398104265,20.85308056872038
E00075438,182,71,21,50,111,94,17,39.010989010989015,11.538461538461538,27.472527472527474,60.98901098901099,51.64835164835166,9.340659340659341
E00075439,180,49,14,35,131,112,19,27.22222222222222,7.777777777777778,19.444444444444446,72.77777777777777,62.22222222222222,10.555555555555555
E00075440,133,45,17,28,88,71,17,33.83458646616541,12.781954887218044,21.052631578947366,66.16541353383458,53.383458646616546,12.781954887218044
E00075441,294,82,24,58,212,177,35,27.89115646258503,8.16326530612245,19.727891156462583,72.10884353741497,60.204081632653065,11.904761904761903
E00075442,173,55,16,39,118,94,24,31.79190751445087,9.248554913294797,22.54335260115607,68.20809248554913,54.33526011560693,13.872832369942195
E00075443,199,66,20,46,133,110,23,33.165829145728644,10.050251256281408,23.115577889447238,66.83417085427136,55.27638190954774,11.557788944723619
E00075444,153,48,9,39,105,89,16,31.372549019607842,5.88235294117647,25.49019607843137,68.62745098039215,58.16993464052288,10.457516339869281
E00075445,157,46,16,30,111,92,19,29.29936305732484,10.191082802547772,19.10828025477707,70.70063694267516,58.59872611464968,12.101910828025478
E00075446,121,54,19,35,67,59,8,44.62809917355372,15.702479338842975,28.92561983471074,55.371900826446286,48.760330578512395,6.6115702479338845
E00075447,141,57,13,44,84,66,18,40.42553191489361,9.219858156028367,31.20567375886525,59.57446808510638,46.808510638297875,12.76595744680851
E00075448,142,37,17,20,105,91,14,26.056338028169012,11.971830985915492,14.084507042253522,73.94366197183099,64.08450704225352,9.859154929577464
E00075449,132,30,10,20,102,87,15,22.727272727272727,7.575757575757576,15.151515151515152,77.27272727272727,65.9090909090909,11.363636363636363
E00075450,161,42,9,33,119,107,12,26.08695652173913,5.590062111801243,20.496894409937887,73.91304347826086,66.45962732919256,7.453416149068323
E00075451,157,47,16,31,110,101,9,29.936305732484076,10.191082802547772,19.745222929936308,70.06369426751591,64.3312101910828,5.7324840764331215
E00075452,147,50,12,38,97,87,10,34.01360544217687,8.16326530612245,25.850340136054424,65.98639455782312,59.183673469387756,6.802721088435375
E00075453,99,32,9,23,67,58,9,32.323232323232325,9.090909090909092,23.232323232323232,67.67676767676768,58.58585858585859,9.090909090909092
E00075454,142,44,13,31,98,87,11,30.985915492957744,9.15492957746479,21.830985915492956,69.01408450704226,61.267605633802816,7.746478873239436
E00075455,142,50,23,27,92,80,12,35.2112676056338,16.19718309859155,19.014084507042252,64.7887323943662,56.33802816901409,8.450704225352112
E00075456,165,52,18,34,113,99,14,31.515151515151512,10.909090909090908,20.606060606060606,68.48484848484848,60,8.484848484848486
E00075457,179,54,13,41,125,116,9,30.16759776536313,7.262569832402235,22.905027932960895,69.83240223463687,64.80446927374301,5.027932960893855
E00075458,119,25,9,16,94,83,11,21.008403361344538,7.563025210084033,13.445378151260504,78.99159663865547,69.74789915966386,9.243697478991598
E00075459,125,39,13,26,86,77,9,31.2,10.4,20.8,68.8,61.6,7.199999999999999
E00075460,136,41,11,30,95,81,14,30.14705882352941,8.088235294117647,22.058823529411764,69.85294117647058,59.55882352941176,10.294117647058822
E00075461,126,42,8,34,84,71,13,33.33333333333333,6.349206349206349,26.984126984126984,66.66666666666666,56.34920634920635,10.317460317460316
E00075462,130,44,12,32,86,74,12,33.84615384615385,9.230769230769232,24.615384615384617,66.15384615384615,56.92307692307692,9.230769230769232
E00075463,179,62,12,50,117,98,19,34.63687150837989,6.70391061452514,27.932960893854748,65.36312849162012,54.7486033519553,10.614525139664805
E00075464,127,35,15,20,92,84,8,27.559055118110237,11.811023622047244,15.748031496062993,72.44094488188976,66.14173228346458,6.299212598425196
E00075465,149,41,11,30,108,93,15,27.516778523489933,7.38255033557047,20.13422818791946,72.48322147651007,62.41610738255034,10.06711409395973
E00075466,165,54,15,39,111,99,12,32.72727272727273,9.090909090909092,23.636363636363637,67.27272727272727,60,7.2727272727272725
E00075467,190,62,19,43,128,107,21,32.631578947368425,10,22.63157894736842,67.36842105263158,56.315789473684205,11.052631578947368
E00075468,139,46,19,27,93,72,21,33.093525179856115,13.66906474820144,19.424460431654676,66.90647482014388,51.798561151079134,15.107913669064748
E00075469,170,65,18,47,105,95,10,38.23529411764706,10.588235294117647,27.647058823529413,61.76470588235294,55.88235294117647,5.88235294117647
E00075470,146,42,12,30,104,89,15,28.767123287671232,8.21917808219178,20.54794520547945,71.23287671232876,60.95890410958904,10.273972602739725
E00075471,219,61,13,48,158,138,20,27.85388127853881,5.93607305936073,21.91780821917808,72.14611872146118,63.013698630136986,9.1324200913242
E00075472,145,49,12,37,96,83,13,33.793103448275865,8.275862068965518,25.517241379310345,66.20689655172414,57.24137931034483,8.96551724137931
E00075473,163,62,20,42,101,88,13,38.036809815950924,12.269938650306749,25.766871165644172,61.963190184049076,53.987730061349694,7.975460122699387
E00075474,175,67,21,46,108,95,13,38.285714285714285,12,26.285714285714285,61.71428571428571,54.285714285714285,7.428571428571429
E00075475,200,57,19,38,143,133,10,28.499999999999996,9.5,19,71.5,66.5,5
E00075476,156,44,16,28,112,97,15,28.205128205128204,10.256410256410255,17.94871794871795,71.7948717948718,62.17948717948718,9.615384615384617
E00075477,204,65,30,35,139,117,22,31.862745098039213,14.705882352941178,17.15686274509804,68.13725490196079,57.35294117647059,10.784313725490197
E00075478,179,78,22,56,101,85,16,43.575418994413404,12.290502793296088,31.28491620111732,56.424581005586596,47.486033519553075,8.938547486033519
E00075479,166,65,16,49,101,89,12,39.1566265060241,9.63855421686747,29.518072289156628,60.8433734939759,53.6144578313253,7.228915662650602
E00075480,145,53,18,35,92,82,10,36.55172413793103,12.413793103448276,24.137931034482758,63.44827586206897,56.55172413793104,6.896551724137931
E00075481,165,53,23,30,112,105,7,32.121212121212125,13.939393939393941,18.181818181818183,67.87878787878789,63.63636363636363,4.242424242424243
E00075482,179,63,18,45,116,102,14,35.19553072625698,10.05586592178771,25.139664804469277,64.80446927374301,56.98324022346368,7.82122905027933
E00075483,164,58,16,42,106,92,14,35.36585365853659,9.75609756097561,25.609756097560975,64.63414634146342,56.09756097560976,8.536585365853659
E00075484,147,45,13,32,102,86,16,30.612244897959183,8.843537414965986,21.768707482993197,69.38775510204081,58.50340136054422,10.884353741496598
E00075485,177,60,20,40,117,97,20,33.89830508474576,11.299435028248588,22.598870056497177,66.10169491525424,54.80225988700565,11.299435028248588
E00075486,163,55,13,42,108,97,11,33.74233128834356,7.975460122699387,25.766871165644172,66.25766871165644,59.50920245398773,6.748466257668712
E00075487,190,42,12,30,148,133,15,22.105263157894736,6.315789473684211,15.789473684210526,77.89473684210526,70,7.894736842105263
E00075488,183,55,17,38,128,118,10,30.05464480874317,9.289617486338798,20.76502732240437,69.94535519125684,64.48087431693989,5.46448087431694
E00075489,195,77,17,60,118,102,16,39.48717948717949,8.717948717948717,30.76923076923077,60.51282051282051,52.307692307692314,8.205128205128204
E00075490,159,42,9,33,117,96,21,26.41509433962264,5.660377358490567,20.754716981132077,73.58490566037736,60.37735849056604,13.20754716981132
E00075491,213,67,18,49,146,125,21,31.455399061032864,8.450704225352112,23.004694835680752,68.54460093896714,58.68544600938967,9.859154929577464
E00075492,162,39,8,31,123,109,14,24.074074074074073,4.938271604938271,19.1358024691358,75.92592592592592,67.28395061728395,8.641975308641975
E00075493,165,53,12,41,112,96,16,32.121212121212125,7.2727272727272725,24.848484848484848,67.87878787878789,58.18181818181818,9.696969696969697
E00075494,154,44,14,30,110,93,17,28.57142857142857,9.090909090909092,19.480519480519483,71.42857142857143,60.3896103896104,11.03896103896104
E00075495,107,36,12,24,71,61,10,33.64485981308411,11.214953271028037,22.429906542056074,66.35514018691589,57.009345794392516,9.345794392523365
E00075496,182,62,29,33,120,104,16,34.065934065934066,15.934065934065933,18.13186813186813,65.93406593406593,57.14285714285714,8.791208791208792
E00075497,142,42,14,28,100,84,16,29.577464788732392,9.859154929577464,19.718309859154928,70.4225352112676,59.154929577464785,11.267605633802818
E00075498,165,56,17,39,109,97,12,33.939393939393945,10.303030303030303,23.636363636363637,66.06060606060606,58.78787878787879,7.2727272727272725
E00075499,152,49,11,38,103,88,15,32.23684210526316,7.236842105263158,25,67.76315789473685,57.89473684210527,9.868421052631579
E00075500,124,42,7,35,82,69,13,33.87096774193548,5.64516129032258,28.225806451612907,66.12903225806451,55.64516129032258,10.483870967741936
E00075501,126,36,12,24,90,79,11,28.57142857142857,9.523809523809524,19.047619047619047,71.42857142857143,62.698412698412696,8.73015873015873
E00075502,141,36,8,28,105,82,23,25.53191489361702,5.673758865248227,19.858156028368796,74.46808510638297,58.156028368794324,16.312056737588655
E00075503,174,54,8,46,120,106,14,31.03448275862069,4.597701149425287,26.436781609195403,68.96551724137932,60.91954022988506,8.045977011494253
E00075504,135,29,4,25,106,94,12,21.48148148148148,2.9629629629629632,18.51851851851852,78.51851851851852,69.62962962962963,8.88888888888889
E00075505,189,43,7,36,146,129,17,22.75132275132275,3.7037037037037033,19.047619047619047,77.24867724867724,68.25396825396825,8.994708994708994
E00075506,195,46,14,32,149,137,12,23.589743589743588,7.179487179487179,16.41025641025641,76.41025641025641,70.25641025641025,6.153846153846154
E00075507,166,36,5,31,130,119,11,21.686746987951807,3.0120481927710845,18.67469879518072,78.3132530120482,71.6867469879518,6.626506024096386
E00075508,198,56,18,38,142,121,21,28.28282828282828,9.090909090909092,19.19191919191919,71.71717171717171,61.111111111111114,10.606060606060606
E00075509,247,67,26,41,180,145,35,27.125506072874494,10.526315789473683,16.599190283400812,72.8744939271255,58.70445344129555,14.17004048582996
E00075510,204,73,23,50,131,116,15,35.78431372549019,11.27450980392157,24.509803921568626,64.2156862745098,56.86274509803921,7.352941176470589
E00075511,243,83,25,58,160,139,21,34.15637860082305,10.2880658436214,23.868312757201647,65.84362139917695,57.20164609053497,8.641975308641975
E00075512,148,45,15,30,103,94,9,30.405405405405407,10.135135135135135,20.27027027027027,69.5945945945946,63.51351351351351,6.081081081081082
E00075513,121,34,10,24,87,75,12,28.09917355371901,8.264462809917356,19.834710743801654,71.900826446281,61.98347107438017,9.917355371900827
E00075514,132,37,14,23,95,79,16,28.030303030303028,10.606060606060606,17.424242424242426,71.96969696969697,59.84848484848485,12.121212121212121
E00075515,162,31,13,18,131,109,22,19.1358024691358,8.024691358024691,11.11111111111111,80.8641975308642,67.28395061728395,13.580246913580247
E00075516,145,38,15,23,107,96,11,26.20689655172414,10.344827586206897,15.862068965517242,73.79310344827587,66.20689655172414,7.586206896551724
E00075517,126,34,13,21,92,88,4,26.984126984126984,10.317460317460316,16.666666666666664,73.01587301587301,69.84126984126983,3.1746031746031744
E00075518,113,34,12,22,79,65,14,30.08849557522124,10.619469026548673,19.469026548672566,69.91150442477876,57.52212389380531,12.389380530973451
E00075519,173,45,14,31,128,110,18,26.011560693641616,8.092485549132949,17.91907514450867,73.98843930635837,63.58381502890174,10.404624277456648
E00075520,152,47,16,31,105,91,14,30.92105263157895,10.526315789473683,20.394736842105264,69.07894736842105,59.86842105263158,9.210526315789473
E00075521,120,39,13,26,81,68,13,32.5,10.833333333333334,21.666666666666668,67.5,56.666666666666664,10.833333333333334
E00075522,163,39,15,24,124,111,13,23.92638036809816,9.202453987730062,14.723926380368098,76.07361963190185,68.09815950920245,7.975460122699387
E00075523,147,44,9,35,103,91,12,29.931972789115648,6.122448979591836,23.809523809523807,70.06802721088435,61.904761904761905,8.16326530612245
E00075524,170,46,20,26,124,113,11,27.058823529411764,11.76470588235294,15.294117647058824,72.94117647058823,66.47058823529412,6.470588235294119
E00075525,146,51,17,34,95,82,13,34.93150684931507,11.643835616438356,23.28767123287671,65.06849315068493,56.16438356164384,8.904109589041095
E00075526,208,50,18,32,158,145,13,24.03846153846154,8.653846153846153,15.384615384615385,75.96153846153845,69.71153846153845,6.25
E00075527,127,43,14,29,84,73,11,33.85826771653544,11.023622047244094,22.83464566929134,66.14173228346458,57.48031496062992,8.661417322834646
E00075528,168,52,12,40,116,103,13,30.952380952380953,7.142857142857142,23.809523809523807,69.04761904761905,61.30952380952381,7.738095238095238
E00075529,179,65,20,45,114,106,8,36.312849162011176,11.1731843575419,25.139664804469277,63.687150837988824,59.217877094972074,4.4692737430167595
E00075530,154,43,17,26,111,103,8,27.92207792207792,11.03896103896104,16.883116883116884,72.07792207792207,66.88311688311688,5.194805194805195
E00075531,46,21,5,16,25,20,5,45.65217391304348,10.869565217391305,34.78260869565217,54.347826086956516,43.47826086956522,10.869565217391305
E00075532,168,53,15,38,115,103,12,31.547619047619047,8.928571428571429,22.61904761904762,68.45238095238095,61.30952380952381,7.142857142857142
E00075533,167,40,10,30,127,113,14,23.952095808383234,5.9880239520958085,17.964071856287426,76.04790419161677,67.66467065868264,8.383233532934131
E00075534,176,39,13,26,137,125,12,22.15909090909091,7.386363636363637,14.772727272727273,77.8409090909091,71.02272727272727,6.8181818181818175
E00075535,115,37,9,28,78,64,14,32.17391304347826,7.82608695652174,24.347826086956523,67.82608695652173,55.65217391304348,12.173913043478262
E00075536,209,50,14,36,159,139,20,23.923444976076556,6.698564593301436,17.22488038277512,76.07655502392345,66.50717703349282,9.569377990430622
E00075537,189,49,13,36,140,128,12,25.925925925925924,6.878306878306878,19.047619047619047,74.07407407407408,67.72486772486772,6.349206349206349
E00075538,190,44,11,33,146,133,13,23.157894736842106,5.7894736842105265,17.36842105263158,76.84210526315789,70,6.842105263157896
E00075539,189,52,13,39,137,120,17,27.513227513227513,6.878306878306878,20.634920634920633,72.4867724867725,63.49206349206349,8.994708994708994
E00075542,142,36,9,27,106,95,11,25.352112676056336,6.338028169014084,19.014084507042252,74.64788732394366,66.90140845070422,7.746478873239436
E00075543,156,42,12,30,114,103,11,26.923076923076923,7.6923076923076925,19.230769230769234,73.07692307692307,66.02564102564102,7.051282051282051
E00075544,131,40,16,24,91,81,10,30.53435114503817,12.213740458015266,18.3206106870229,69.46564885496184,61.832061068702295,7.633587786259542
E00075545,172,57,14,43,115,103,12,33.13953488372093,8.13953488372093,25,66.86046511627907,59.883720930232556,6.976744186046512
E00075546,161,44,18,26,117,100,17,27.32919254658385,11.180124223602485,16.149068322981368,72.67080745341616,62.11180124223602,10.559006211180124
E00075547,206,63,21,42,143,124,19,30.582524271844658,10.194174757281553,20.388349514563107,69.41747572815534,60.19417475728155,9.223300970873787
E00075548,170,39,7,32,131,121,10,22.941176470588236,4.117647058823529,18.823529411764707,77.05882352941177,71.17647058823529,5.88235294117647
E00075549,171,37,11,26,134,114,20,21.637426900584796,6.432748538011696,15.204678362573098,78.3625730994152,66.66666666666666,11.695906432748536
E00075550,200,63,27,36,137,106,31,31.5,13.5,18,68.5,53,15.5
E00075551,170,48,16,32,122,102,20,28.235294117647058,9.411764705882353,18.823529411764707,71.76470588235294,60,11.76470588235294
E00075552,151,36,10,26,115,100,15,23.841059602649008,6.622516556291391,17.218543046357617,76.15894039735099,66.22516556291392,9.933774834437086
E00075553,137,49,10,39,88,76,12,35.76642335766424,7.2992700729927,28.467153284671532,64.23357664233576,55.47445255474452,8.75912408759124
E00075554,182,49,13,36,133,115,18,26.923076923076923,7.142857142857142,19.78021978021978,73.07692307692307,63.18681318681318,9.89010989010989
E00075555,169,54,21,33,115,103,12,31.952662721893493,12.42603550295858,19.526627218934912,68.04733727810651,60.946745562130175,7.100591715976331
E00075556,184,51,19,32,133,108,25,27.717391304347828,10.326086956521738,17.391304347826086,72.28260869565217,58.69565217391305,13.586956521739129
E00075557,141,42,12,30,99,79,20,29.78723404255319,8.51063829787234,21.27659574468085,70.2127659574468,56.02836879432624,14.184397163120568
E00075558,189,59,14,45,130,110,20,31.216931216931215,7.4074074074074066,23.809523809523807,68.78306878306879,58.201058201058196,10.582010582010582
E00075559,126,46,15,31,80,73,7,36.507936507936506,11.904761904761903,24.6031746031746,63.49206349206349,57.936507936507944,5.555555555555555
E00075560,227,61,24,37,166,149,17,26.87224669603524,10.572687224669604,16.299559471365637,73.12775330396477,65.63876651982379,7.488986784140969
E00075561,170,55,22,33,115,103,12,32.35294117647059,12.941176470588237,19.411764705882355,67.64705882352942,60.588235294117645,7.0588235294117645
E00075562,198,64,17,47,134,125,9,32.323232323232325,8.585858585858585,23.737373737373737,67.67676767676768,63.13131313131313,4.545454545454546
E00075563,155,56,14,42,99,91,8,36.12903225806451,9.032258064516128,27.09677419354839,63.87096774193548,58.70967741935483,5.161290322580645
E00075564,153,53,13,40,100,92,8,34.64052287581699,8.49673202614379,26.143790849673206,65.359477124183,60.130718954248366,5.228758169934641
E00075565,137,42,10,32,95,86,9,30.656934306569344,7.2992700729927,23.357664233576642,69.34306569343066,62.77372262773723,6.569343065693431
E00075566,203,57,18,39,146,127,19,28.078817733990146,8.866995073891626,19.21182266009852,71.92118226600985,62.5615763546798,9.35960591133005
E00075567,195,53,12,41,142,124,18,27.17948717948718,6.153846153846154,21.025641025641026,72.82051282051282,63.589743589743584,9.230769230769232
E00075568,164,60,14,46,104,91,13,36.58536585365854,8.536585365853659,28.04878048780488,63.41463414634146,55.487804878048784,7.926829268292683
E00075569,150,61,17,44,89,81,8,40.666666666666664,11.333333333333332,29.333333333333332,59.333333333333336,54,5.333333333333334
E00075570,214,84,25,59,130,105,25,39.25233644859813,11.682242990654206,27.570093457943923,60.747663551401864,49.06542056074766,11.682242990654206
E00075571,74,33,10,23,41,34,7,44.5945945945946,13.513513513513514,31.08108108108108,55.4054054054054,45.94594594594595,9.45945945945946
E00075572,171,47,16,31,124,106,18,27.485380116959064,9.35672514619883,18.128654970760234,72.51461988304094,61.98830409356725,10.526315789473683
E00075573,145,42,14,28,103,84,19,28.965517241379313,9.655172413793103,19.310344827586206,71.03448275862068,57.931034482758626,13.10344827586207
E00075574,148,51,15,36,97,84,13,34.45945945945946,10.135135135135135,24.324324324324326,65.54054054054053,56.75675675675676,8.783783783783784
E00075575,131,41,12,29,90,81,9,31.297709923664126,9.16030534351145,22.137404580152673,68.70229007633588,61.832061068702295,6.870229007633588
E00075576,166,47,17,30,119,103,16,28.313253012048197,10.240963855421686,18.072289156626507,71.6867469879518,62.048192771084345,9.63855421686747
E00075577,169,59,20,39,110,100,10,34.9112426035503,11.834319526627219,23.076923076923077,65.08875739644971,59.171597633136095,5.9171597633136095
E00075578,155,42,8,34,113,104,9,27.09677419354839,5.161290322580645,21.935483870967744,72.90322580645162,67.0967741935484,5.806451612903226
E00075579,143,32,8,24,111,98,13,22.377622377622377,5.594405594405594,16.783216783216783,77.62237762237763,68.53146853146853,9.090909090909092
E00075580,179,49,12,37,130,111,19,27.37430167597765,6.70391061452514,20.670391061452513,72.62569832402235,62.01117318435754,10.614525139664805
E00075581,170,52,14,38,118,107,11,30.58823529411765,8.235294117647058,22.35294117647059,69.41176470588235,62.94117647058823,6.470588235294119
E00075582,149,49,8,41,100,84,16,32.88590604026846,5.369127516778524,27.516778523489933,67.11409395973155,56.375838926174495,10.738255033557047
E00075583,150,46,16,30,104,92,12,30.666666666666664,10.666666666666668,20,69.33333333333334,61.33333333333333,8
E00075584,119,38,12,26,81,69,12,31.932773109243694,10.084033613445378,21.84873949579832,68.0672268907563,57.98319327731093,10.084033613445378
E00075585,168,50,11,39,118,108,10,29.761904761904763,6.547619047619048,23.214285714285715,70.23809523809523,64.28571428571429,5.952380952380952
E00075586,120,45,10,35,75,67,8,37.5,8.333333333333332,29.166666666666668,62.5,55.833333333333336,6.666666666666667
E00075587,138,45,9,36,93,81,12,32.608695652173914,6.521739130434782,26.08695652173913,67.3913043478261,58.69565217391305,8.695652173913043
E00075588,162,56,20,36,106,94,12,34.5679012345679,12.345679012345679,22.22222222222222,65.4320987654321,58.0246913580247,7.4074074074074066
E00075589,110,36,14,22,74,57,17,32.72727272727273,12.727272727272727,20,67.27272727272727,51.81818181818182,15.454545454545453
E00075590,157,46,14,32,111,85,26,29.29936305732484,8.9171974522293,20.382165605095544,70.70063694267516,54.14012738853503,16.560509554140125
E00075591,62,19,12,7,43,30,13,30.64516129032258,19.35483870967742,11.29032258064516,69.35483870967742,48.38709677419355,20.967741935483872
E00075592,223,71,32,39,152,117,35,31.838565022421523,14.349775784753364,17.48878923766816,68.16143497757847,52.46636771300448,15.695067264573993
E00075593,161,55,32,23,106,94,12,34.161490683229815,19.875776397515526,14.285714285714285,65.83850931677019,58.38509316770186,7.453416149068323
E00075594,202,61,24,37,141,111,30,30.198019801980198,11.881188118811881,18.316831683168317,69.80198019801979,54.95049504950495,14.85148514851485
E00075595,164,66,22,44,98,79,19,40.243902439024396,13.414634146341465,26.82926829268293,59.756097560975604,48.170731707317074,11.585365853658537
E00075596,124,35,9,26,89,67,22,28.225806451612907,7.258064516129033,20.967741935483872,71.7741935483871,54.03225806451613,17.741935483870968
E00075597,122,46,21,25,76,62,14,37.704918032786885,17.21311475409836,20.491803278688526,62.295081967213115,50.81967213114754,11.475409836065573
E00075598,94,34,7,27,60,52,8,36.17021276595745,7.446808510638298,28.723404255319153,63.829787234042556,55.319148936170215,8.51063829787234
E00075599,102,50,19,31,52,45,7,49.01960784313725,18.627450980392158,30.392156862745097,50.98039215686274,44.11764705882353,6.862745098039216
E00075600,132,35,13,22,97,78,19,26.515151515151516,9.848484848484848,16.666666666666664,73.48484848484848,59.09090909090909,14.393939393939394
E00075601,84,27,6,21,57,49,8,32.142857142857146,7.142857142857142,25,67.85714285714286,58.333333333333336,9.523809523809524
E00075602,259,82,28,54,177,152,25,31.66023166023166,10.81081081081081,20.84942084942085,68.33976833976834,58.68725868725869,9.652509652509652
E00075604,279,74,30,44,205,178,27,26.523297491039425,10.75268817204301,15.770609318996415,73.47670250896059,63.799283154121866,9.67741935483871
E00075605,215,65,25,40,150,135,15,30.23255813953488,11.627906976744185,18.6046511627907,69.76744186046511,62.7906976744186,6.976744186046512
E00075607,146,34,10,24,112,98,14,23.28767123287671,6.8493150684931505,16.43835616438356,76.71232876712328,67.12328767123287,9.58904109589041
E00075608,238,65,22,43,173,146,27,27.310924369747898,9.243697478991598,18.067226890756302,72.68907563025209,61.34453781512605,11.344537815126051
E00075609,103,36,9,27,67,55,12,34.95145631067961,8.737864077669903,26.21359223300971,65.0485436893204,53.398058252427184,11.650485436893204
E00075610,165,46,13,33,119,103,16,27.878787878787882,7.878787878787878,20,72.12121212121212,62.42424242424243,9.696969696969697
E00075611,208,56,18,38,152,139,13,26.923076923076923,8.653846153846153,18.269230769230766,73.07692307692307,66.82692307692307,6.25
E00075612,192,65,23,42,127,108,19,33.85416666666667,11.979166666666668,21.875,66.14583333333334,56.25,9.895833333333332
E00075613,145,48,14,34,97,88,9,33.10344827586207,9.655172413793103,23.448275862068964,66.89655172413794,60.689655172413794,6.206896551724138
E00075614,185,50,17,33,135,118,17,27.027027027027028,9.18918918918919,17.83783783783784,72.97297297297297,63.78378378378379,9.18918918918919
E00075615,255,72,30,42,183,160,23,28.235294117647058,11.76470588235294,16.470588235294116,71.76470588235294,62.745098039215684,9.019607843137255
E00075616,136,50,16,34,86,76,10,36.76470588235294,11.76470588235294,25,63.23529411764706,55.88235294117647,7.352941176470589
E00075617,32,13,8,5,19,15,4,40.625,25,15.625,59.375,46.875,12.5
E00075618,161,54,14,40,107,100,7,33.54037267080746,8.695652173913043,24.84472049689441,66.45962732919256,62.11180124223602,4.3478260869565215
E00075619,138,45,13,32,93,77,16,32.608695652173914,9.420289855072465,23.18840579710145,67.3913043478261,55.79710144927537,11.594202898550725
E00075620,170,58,13,45,112,96,16,34.11764705882353,7.647058823529412,26.47058823529412,65.88235294117646,56.470588235294116,9.411764705882353
E00075621,171,60,23,37,111,97,14,35.08771929824561,13.450292397660817,21.637426900584796,64.91228070175438,56.72514619883041,8.187134502923977
E00075622,118,36,15,21,82,73,9,30.508474576271187,12.711864406779661,17.796610169491526,69.49152542372882,61.86440677966102,7.627118644067797
E00075623,163,50,13,37,113,96,17,30.67484662576687,7.975460122699387,22.699386503067483,69.32515337423312,58.895705521472394,10.429447852760736
E00075624,150,52,20,32,98,84,14,34.66666666666667,13.333333333333334,21.333333333333336,65.33333333333333,56.00000000000001,9.333333333333334
E00075626,124,45,15,30,79,71,8,36.29032258064516,12.096774193548388,24.193548387096776,63.70967741935484,57.25806451612904,6.451612903225806
E00075627,151,40,8,32,111,90,21,26.490066225165563,5.298013245033113,21.192052980132452,73.50993377483444,59.60264900662252,13.90728476821192
E00075628,132,43,14,29,89,76,13,32.57575757575758,10.606060606060606,21.96969696969697,67.42424242424242,57.57575757575758,9.848484848484848
E00075629,164,49,20,29,115,97,18,29.878048780487802,12.195121951219512,17.682926829268293,70.1219512195122,59.14634146341463,10.975609756097562
E00075631,237,73,26,47,164,140,24,30.801687763713083,10.970464135021098,19.831223628691983,69.19831223628692,59.07172995780591,10.126582278481013
E00075632,205,54,14,40,151,134,17,26.34146341463415,6.829268292682928,19.51219512195122,73.65853658536585,65.3658536585366,8.292682926829269
E00075633,190,45,10,35,145,128,17,23.684210526315788,5.263157894736842,18.421052631578945,76.31578947368422,67.36842105263158,8.947368421052632
E00075634,263,84,27,57,179,153,26,31.93916349809886,10.26615969581749,21.673003802281368,68.06083650190115,58.174904942965775,9.885931558935361
E00075637,159,41,8,33,118,99,19,25.78616352201258,5.031446540880504,20.754716981132077,74.21383647798741,62.264150943396224,11.949685534591195
E00075638,89,28,3,25,61,49,12,31.46067415730337,3.3707865168539324,28.08988764044944,68.53932584269663,55.0561797752809,13.48314606741573
E00075639,227,69,22,47,158,132,26,30.396475770925107,9.691629955947137,20.704845814977972,69.60352422907489,58.14977973568281,11.45374449339207
E00075640,148,42,23,19,106,92,14,28.37837837837838,15.54054054054054,12.837837837837837,71.62162162162163,62.16216216216216,9.45945945945946
E00075641,319,106,36,70,213,175,38,33.22884012539185,11.285266457680251,21.9435736677116,66.77115987460816,54.858934169278996,11.912225705329153
E00075642,90,22,8,14,68,59,9,24.444444444444443,8.88888888888889,15.555555555555555,75.55555555555556,65.55555555555556,10
E00075643,167,56,22,34,111,93,18,33.532934131736525,13.17365269461078,20.359281437125748,66.46706586826348,55.688622754491014,10.778443113772456
E00075644,185,61,18,43,124,104,20,32.972972972972975,9.72972972972973,23.243243243243246,67.02702702702703,56.21621621621622,10.81081081081081
E00075645,135,49,14,35,86,74,12,36.2962962962963,10.37037037037037,25.925925925925924,63.70370370370371,54.81481481481482,8.88888888888889
E00075646,201,59,13,46,142,126,16,29.35323383084577,6.467661691542288,22.885572139303484,70.64676616915423,62.68656716417911,7.960199004975125
E00075647,187,39,12,27,148,123,25,20.855614973262032,6.417112299465241,14.43850267379679,79.14438502673798,65.77540106951871,13.368983957219251
E00075648,148,55,28,27,93,79,14,37.16216216216216,18.91891891891892,18.243243243243242,62.83783783783784,53.37837837837838,9.45945945945946
E00075649,213,56,23,33,157,143,14,26.291079812206576,10.7981220657277,15.492957746478872,73.70892018779342,67.13615023474179,6.572769953051644
E00075650,173,54,17,37,119,103,16,31.213872832369944,9.826589595375722,21.38728323699422,68.78612716763006,59.53757225433526,9.248554913294797
E00075651,124,46,18,28,78,59,19,37.096774193548384,14.516129032258066,22.58064516129032,62.903225806451616,47.58064516129033,15.32258064516129
E00075652,163,44,9,35,119,103,16,26.993865030674847,5.521472392638037,21.472392638036812,73.00613496932516,63.190184049079754,9.815950920245399
E00075653,71,30,14,16,41,41,0,42.25352112676056,19.718309859154928,22.535211267605636,57.74647887323944,57.74647887323944,0
E00075654,199,65,24,41,134,118,16,32.663316582914575,12.060301507537687,20.603015075376884,67.33668341708542,59.2964824120603,8.040201005025125
E00075655,146,52,18,34,94,82,12,35.61643835616438,12.32876712328767,23.28767123287671,64.38356164383562,56.16438356164384,8.21917808219178
E00075656,87,46,19,27,41,38,3,52.87356321839081,21.839080459770116,31.03448275862069,47.12643678160919,43.67816091954023,3.4482758620689653
E00075657,173,52,18,34,121,107,14,30.057803468208093,10.404624277456648,19.653179190751445,69.94219653179191,61.849710982658955,8.092485549132949
E00075658,210,52,20,32,158,146,12,24.761904761904763,9.523809523809524,15.238095238095239,75.23809523809524,69.52380952380952,5.714285714285714
E00075659,200,49,12,37,151,133,18,24.5,6,18.5,75.5,66.5,9
E00075660,191,51,13,38,140,125,15,26.701570680628272,6.806282722513089,19.895287958115183,73.29842931937172,65.44502617801047,7.853403141361256
E00075661,168,58,20,38,110,101,9,34.523809523809526,11.904761904761903,22.61904761904762,65.47619047619048,60.11904761904761,5.357142857142857
E00075662,134,45,13,32,89,80,9,33.582089552238806,9.701492537313433,23.88059701492537,66.4179104477612,59.70149253731343,6.7164179104477615
E00075663,153,54,21,33,99,90,9,35.294117647058826,13.725490196078432,21.568627450980394,64.70588235294117,58.82352941176471,5.88235294117647
E00075664,195,51,12,39,144,132,12,26.153846153846157,6.153846153846154,20,73.84615384615385,67.6923076923077,6.153846153846154
E00075665,142,46,10,36,96,83,13,32.3943661971831,7.042253521126761,25.352112676056336,67.6056338028169,58.45070422535211,9.15492957746479
E00075666,166,52,10,42,114,104,10,31.32530120481928,6.024096385542169,25.301204819277107,68.67469879518072,62.65060240963856,6.024096385542169
E00075667,135,57,14,43,78,66,12,42.22222222222222,10.37037037037037,31.851851851851855,57.77777777777777,48.888888888888886,8.88888888888889
E00075668,235,65,21,44,170,150,20,27.659574468085108,8.936170212765958,18.72340425531915,72.3404255319149,63.829787234042556,8.51063829787234
E00075669,211,54,11,43,157,145,12,25.59241706161137,5.213270142180095,20.379146919431278,74.40758293838863,68.72037914691943,5.687203791469194
E00075670,158,50,13,37,108,97,11,31.645569620253166,8.227848101265822,23.417721518987342,68.35443037974683,61.39240506329114,6.962025316455696
E00075671,127,47,9,38,80,72,8,37.00787401574803,7.086614173228346,29.92125984251969,62.99212598425197,56.69291338582677,6.299212598425196
E00075672,131,38,6,32,93,85,8,29.00763358778626,4.580152671755725,24.427480916030532,70.99236641221374,64.8854961832061,6.106870229007633
E00075673,192,53,19,34,139,131,8,27.604166666666668,9.895833333333332,17.708333333333336,72.39583333333334,68.22916666666666,4.166666666666666
E00075674,139,49,19,30,90,82,8,35.25179856115108,13.66906474820144,21.58273381294964,64.74820143884892,58.992805755395686,5.755395683453238
E00075675,181,48,17,31,133,120,13,26.519337016574585,9.392265193370166,17.12707182320442,73.48066298342542,66.29834254143645,7.18232044198895
E00075676,191,49,16,33,142,125,17,25.654450261780106,8.37696335078534,17.277486910994764,74.3455497382199,65.44502617801047,8.900523560209423
E00075677,137,28,7,21,109,100,9,20.437956204379564,5.109489051094891,15.328467153284672,79.56204379562044,72.99270072992701,6.569343065693431
E00075678,173,49,11,38,124,104,20,28.32369942196532,6.358381502890173,21.965317919075144,71.67630057803468,60.115606936416185,11.560693641618498
E00075679,177,48,15,33,129,118,11,27.11864406779661,8.47457627118644,18.64406779661017,72.88135593220339,66.66666666666666,6.214689265536723
E00075680,143,37,10,27,106,96,10,25.874125874125873,6.993006993006993,18.88111888111888,74.12587412587412,67.13286713286713,6.993006993006993
E00075681,207,63,18,45,144,126,18,30.434782608695656,8.695652173913043,21.73913043478261,69.56521739130434,60.86956521739131,8.695652173913043
E00075682,160,51,16,35,109,95,14,31.874999999999996,10,21.875,68.125,59.375,8.75
E00075683,159,38,9,29,121,109,12,23.89937106918239,5.660377358490567,18.238993710691823,76.10062893081762,68.55345911949685,7.547169811320755
E00075684,180,52,21,31,128,115,13,28.888888888888886,11.666666666666666,17.22222222222222,71.11111111111111,63.888888888888886,7.222222222222221
E00075685,141,41,12,29,100,91,9,29.078014184397162,8.51063829787234,20.56737588652482,70.92198581560284,64.53900709219859,6.382978723404255
E00075686,155,49,16,33,106,86,20,31.61290322580645,10.32258064516129,21.29032258064516,68.38709677419355,55.483870967741936,12.903225806451612
E00075687,133,40,11,29,93,79,14,30.075187969924812,8.270676691729323,21.804511278195488,69.92481203007519,59.3984962406015,10.526315789473683
E00075688,164,48,19,29,116,111,5,29.268292682926827,11.585365853658537,17.682926829268293,70.73170731707317,67.6829268292683,3.048780487804878
E00075689,199,40,11,29,159,143,16,20.100502512562816,5.527638190954774,14.572864321608039,79.89949748743719,71.85929648241206,8.040201005025125
E00075691,137,27,6,21,110,102,8,19.708029197080293,4.37956204379562,15.328467153284672,80.2919708029197,74.45255474452554,5.839416058394161
E00075692,292,74,29,45,218,204,14,25.34246575342466,9.931506849315069,15.41095890410959,74.65753424657534,69.86301369863014,4.794520547945205
E00075693,165,39,12,27,126,119,7,23.636363636363637,7.2727272727272725,16.363636363636363,76.36363636363637,72.12121212121212,4.242424242424243
E00075694,112,29,10,19,83,74,9,25.892857142857146,8.928571428571429,16.964285714285715,74.10714285714286,66.07142857142857,8.035714285714286
E00075695,141,31,9,22,110,95,15,21.98581560283688,6.382978723404255,15.602836879432624,78.01418439716312,67.37588652482269,10.638297872340425
E00075696,181,61,16,45,120,106,14,33.70165745856354,8.83977900552486,24.861878453038674,66.29834254143645,58.5635359116022,7.734806629834254
E00075697,130,34,14,20,96,82,14,26.153846153846157,10.76923076923077,15.384615384615385,73.84615384615385,63.07692307692307,10.76923076923077
E00075698,209,61,21,40,148,129,19,29.1866028708134,10.047846889952153,19.138755980861244,70.81339712918661,61.72248803827751,9.090909090909092
E00075699,171,58,16,42,113,105,8,33.91812865497076,9.35672514619883,24.561403508771928,66.08187134502924,61.40350877192983,4.678362573099415
E00075700,174,43,11,32,131,124,7,24.71264367816092,6.321839080459771,18.39080459770115,75.28735632183908,71.26436781609196,4.022988505747127
E00075701,150,47,19,28,103,93,10,31.333333333333336,12.666666666666668,18.666666666666668,68.66666666666667,62,6.666666666666667
E00075702,150,30,4,26,120,104,16,20,2.666666666666667,17.333333333333336,80,69.33333333333334,10.666666666666668
E00075703,63,31,13,18,32,25,7,49.2063492063492,20.634920634920633,28.57142857142857,50.79365079365079,39.682539682539684,11.11111111111111
E00075704,136,35,12,23,101,92,9,25.735294117647058,8.823529411764707,16.911764705882355,74.26470588235294,67.64705882352942,6.61764705882353
E00075705,169,57,21,36,112,100,12,33.72781065088758,12.42603550295858,21.301775147928996,66.27218934911244,59.171597633136095,7.100591715976331
E00075706,181,57,19,38,124,114,10,31.491712707182316,10.497237569060774,20.994475138121548,68.50828729281768,62.98342541436463,5.524861878453039
E00075707,160,52,18,34,108,101,7,32.5,11.25,21.25,67.5,63.125,4.375
E00075708,170,54,21,33,116,107,9,31.76470588235294,12.352941176470589,19.411764705882355,68.23529411764706,62.94117647058823,5.294117647058823
E00075709,174,49,16,33,125,100,25,28.160919540229884,9.195402298850574,18.96551724137931,71.83908045977012,57.47126436781609,14.367816091954023
E00075710,180,52,26,26,128,101,27,28.888888888888886,14.444444444444443,14.444444444444443,71.11111111111111,56.111111111111114,15
E00075711,129,43,11,32,86,70,16,33.33333333333333,8.527131782945736,24.8062015503876,66.66666666666666,54.263565891472865,12.4031007751938
E00075712,120,40,16,24,80,78,2,33.33333333333333,13.333333333333334,20,66.66666666666666,65,1.6666666666666667
E00075713,133,38,13,25,95,80,15,28.57142857142857,9.774436090225564,18.796992481203006,71.42857142857143,60.150375939849624,11.278195488721805
E00075716,67,31,10,21,36,27,9,46.26865671641791,14.925373134328357,31.343283582089555,53.73134328358209,40.298507462686565,13.432835820895523
E00075717,275,66,20,46,209,189,20,24,7.2727272727272725,16.727272727272727,76,68.72727272727272,7.2727272727272725
E00075718,118,28,10,18,90,85,5,23.728813559322035,8.47457627118644,15.254237288135593,76.27118644067797,72.03389830508475,4.23728813559322
E00075719,153,51,18,33,102,94,8,33.33333333333333,11.76470588235294,21.568627450980394,66.66666666666666,61.43790849673203,5.228758169934641
E00075720,114,40,16,24,74,66,8,35.08771929824561,14.035087719298245,21.052631578947366,64.91228070175438,57.89473684210527,7.017543859649122
E00075721,124,33,12,21,91,79,12,26.61290322580645,9.67741935483871,16.93548387096774,73.38709677419355,63.70967741935484,9.67741935483871
E00075722,119,36,10,26,83,76,7,30.252100840336134,8.403361344537815,21.84873949579832,69.74789915966386,63.86554621848739,5.88235294117647
E00075723,164,55,20,35,109,93,16,33.53658536585366,12.195121951219512,21.341463414634145,66.46341463414635,56.70731707317073,9.75609756097561
E00075724,122,43,15,28,79,68,11,35.24590163934426,12.295081967213115,22.950819672131146,64.75409836065575,55.73770491803278,9.01639344262295
E00075725,174,61,14,47,113,103,10,35.05747126436782,8.045977011494253,27.011494252873565,64.9425287356322,59.195402298850574,5.747126436781609
E00075726,172,50,17,33,122,86,36,29.069767441860467,9.883720930232558,19.186046511627907,70.93023255813954,50,20.930232558139537
E00075728,136,41,11,30,95,77,18,30.14705882352941,8.088235294117647,22.058823529411764,69.85294117647058,56.61764705882353,13.23529411764706
E00075729,165,54,10,44,111,98,13,32.72727272727273,6.0606060606060606,26.666666666666668,67.27272727272727,59.3939393939394,7.878787878787878
E00075730,141,47,11,36,94,84,10,33.33333333333333,7.801418439716312,25.53191489361702,66.66666666666666,59.57446808510638,7.092198581560284
E00075732,134,43,19,24,91,73,18,32.08955223880597,14.17910447761194,17.91044776119403,67.91044776119402,54.47761194029851,13.432835820895523
E00075733,137,41,19,22,96,89,7,29.927007299270077,13.86861313868613,16.05839416058394,70.07299270072993,64.96350364963503,5.109489051094891
E00075734,163,51,12,39,112,99,13,31.28834355828221,7.361963190184049,23.92638036809816,68.71165644171779,60.73619631901841,7.975460122699387
E00075735,215,63,24,39,152,133,19,29.30232558139535,11.162790697674419,18.13953488372093,70.69767441860465,61.86046511627907,8.837209302325581
E00075736,125,40,20,20,85,73,12,32,16,16,68,58.4,9.6
E00075737,125,44,17,27,81,70,11,35.199999999999996,13.600000000000001,21.6,64.8,56.00000000000001,8.799999999999999
E00075738,142,37,11,26,105,90,15,26.056338028169012,7.746478873239436,18.30985915492958,73.94366197183099,63.38028169014085,10.56338028169014
E00075739,108,37,18,19,71,56,15,34.25925925925926,16.666666666666664,17.59259259259259,65.74074074074075,51.85185185185185,13.88888888888889
E00075740,142,44,14,30,98,81,17,30.985915492957744,9.859154929577464,21.12676056338028,69.01408450704226,57.04225352112676,11.971830985915492
E00075741,120,44,9,35,76,64,12,36.666666666666664,7.5,29.166666666666668,63.33333333333333,53.333333333333336,10
E00075742,69,22,10,12,47,37,10,31.88405797101449,14.492753623188406,17.391304347826086,68.11594202898551,53.62318840579711,14.492753623188406
E00075743,126,31,8,23,95,88,7,24.6031746031746,6.349206349206349,18.253968253968253,75.39682539682539,69.84126984126983,5.555555555555555
E00075744,107,35,14,21,72,63,9,32.71028037383177,13.084112149532709,19.626168224299064,67.28971962616822,58.87850467289719,8.411214953271028
E00075745,124,27,6,21,97,88,9,21.774193548387096,4.838709677419355,16.93548387096774,78.2258064516129,70.96774193548387,7.258064516129033
E00075746,66,22,10,12,44,37,7,33.33333333333333,15.151515151515152,18.181818181818183,66.66666666666666,56.060606060606055,10.606060606060606
E00075747,177,59,16,43,118,110,8,33.33333333333333,9.03954802259887,24.293785310734464,66.66666666666666,62.14689265536724,4.519774011299435
E00075748,175,40,15,25,135,115,20,22.857142857142858,8.571428571428571,14.285714285714285,77.14285714285715,65.71428571428571,11.428571428571429
E00075749,125,38,12,26,87,78,9,30.4,9.6,20.8,69.6,62.4,7.199999999999999
E00075750,163,58,16,42,105,94,11,35.58282208588957,9.815950920245399,25.766871165644172,64.41717791411043,57.668711656441715,6.748466257668712
E00075751,248,76,31,45,172,151,21,30.64516129032258,12.5,18.14516129032258,69.35483870967742,60.88709677419355,8.46774193548387
E00075752,161,47,16,31,114,91,23,29.19254658385093,9.937888198757763,19.25465838509317,70.80745341614907,56.52173913043478,14.285714285714285
E00075753,243,65,23,42,178,146,32,26.748971193415638,9.465020576131687,17.28395061728395,73.25102880658436,60.08230452674898,13.168724279835391
E00075754,175,54,24,30,121,107,14,30.857142857142854,13.714285714285715,17.142857142857142,69.14285714285714,61.142857142857146,8
E00075755,47,22,9,13,25,22,3,46.808510638297875,19.148936170212767,27.659574468085108,53.191489361702125,46.808510638297875,6.382978723404255
E00075756,129,36,13,23,93,67,26,27.906976744186046,10.077519379844961,17.829457364341085,72.09302325581395,51.93798449612403,20.155038759689923
E00075757,106,35,15,20,71,64,7,33.0188679245283,14.150943396226415,18.867924528301888,66.98113207547169,60.37735849056604,6.60377358490566
E00075758,71,18,5,13,53,49,4,25.352112676056336,7.042253521126761,18.30985915492958,74.64788732394366,69.01408450704226,5.633802816901409
E00075759,134,45,10,35,89,74,15,33.582089552238806,7.462686567164178,26.119402985074625,66.4179104477612,55.223880597014926,11.194029850746269
E00075760,243,85,24,61,158,132,26,34.97942386831276,9.876543209876543,25.102880658436217,65.02057613168725,54.32098765432099,10.699588477366255
E00075761,161,51,12,39,110,96,14,31.67701863354037,7.453416149068323,24.22360248447205,68.32298136645963,59.62732919254658,8.695652173913043
E00075762,123,39,13,26,84,69,15,31.70731707317073,10.569105691056912,21.138211382113823,68.29268292682927,56.09756097560976,12.195121951219512
E00075763,133,49,15,34,84,75,9,36.84210526315789,11.278195488721805,25.563909774436087,63.1578947368421,56.390977443609025,6.7669172932330826
E00075764,113,40,16,24,73,64,9,35.39823008849557,14.15929203539823,21.238938053097346,64.60176991150442,56.63716814159292,7.964601769911504
E00075766,214,68,25,43,146,126,20,31.775700934579437,11.682242990654206,20.093457943925234,68.22429906542055,58.87850467289719,9.345794392523365
E00075767,165,52,17,35,113,94,19,31.515151515151512,10.303030303030303,21.21212121212121,68.48484848484848,56.96969696969697,11.515151515151516
E00075768,177,48,17,31,129,119,10,27.11864406779661,9.6045197740113,17.51412429378531,72.88135593220339,67.2316384180791,5.649717514124294
E00075770,215,66,17,49,149,124,25,30.697674418604652,7.906976744186046,22.790697674418606,69.30232558139535,57.674418604651166,11.627906976744185
E00075771,121,39,13,26,82,72,10,32.231404958677686,10.743801652892563,21.487603305785125,67.76859504132231,59.50413223140496,8.264462809917356
E00075772,122,39,17,22,83,66,17,31.967213114754102,13.934426229508196,18.0327868852459,68.0327868852459,54.09836065573771,13.934426229508196
E00075773,184,59,20,39,125,103,22,32.065217391304344,10.869565217391305,21.195652173913043,67.93478260869566,55.97826086956522,11.956521739130435
E00075775,139,37,9,28,102,96,6,26.618705035971225,6.474820143884892,20.14388489208633,73.38129496402878,69.06474820143885,4.316546762589928
E00075776,164,50,14,36,114,104,10,30.48780487804878,8.536585365853659,21.951219512195124,69.51219512195121,63.41463414634146,6.097560975609756
E00075777,174,51,14,37,123,111,12,29.310344827586203,8.045977011494253,21.26436781609195,70.6896551724138,63.793103448275865,6.896551724137931
E00075778,181,53,14,39,128,113,15,29.2817679558011,7.734806629834254,21.54696132596685,70.71823204419888,62.430939226519335,8.287292817679557
E00075779,100,31,12,19,69,59,10,31,12,19,69,59,10
E00075780,85,31,11,20,54,47,7,36.470588235294116,12.941176470588237,23.52941176470588,63.52941176470588,55.294117647058826,8.235294117647058
E00075781,130,44,7,37,86,77,9,33.84615384615385,5.384615384615385,28.46153846153846,66.15384615384615,59.23076923076923,6.923076923076923
E00075782,117,40,15,25,77,70,7,34.18803418803419,12.82051282051282,21.367521367521366,65.8119658119658,59.82905982905983,5.982905982905983
E00075783,144,46,8,38,98,88,10,31.944444444444443,5.555555555555555,26.38888888888889,68.05555555555556,61.111111111111114,6.944444444444445
E00075784,205,59,18,41,146,120,26,28.780487804878046,8.780487804878048,20,71.21951219512195,58.536585365853654,12.682926829268293
E00075785,137,52,15,37,85,71,14,37.95620437956204,10.948905109489052,27.00729927007299,62.04379562043796,51.82481751824818,10.218978102189782
E00075786,165,52,16,36,113,97,16,31.515151515151512,9.696969696969697,21.818181818181817,68.48484848484848,58.78787878787879,9.696969696969697
E00075787,88,18,2,16,70,56,14,20.454545454545457,2.272727272727273,18.181818181818183,79.54545454545455,63.63636363636363,15.909090909090908
E00075788,171,49,15,34,122,113,9,28.654970760233915,8.771929824561402,19.883040935672515,71.34502923976608,66.08187134502924,5.263157894736842
E00075789,134,50,15,35,84,76,8,37.3134328358209,11.194029850746269,26.119402985074625,62.68656716417911,56.71641791044776,5.970149253731343
E00075790,157,49,17,32,108,92,16,31.210191082802545,10.828025477707007,20.382165605095544,68.78980891719745,58.59872611464968,10.191082802547772
E00075791,148,66,28,38,82,76,6,44.5945945945946,18.91891891891892,25.675675675675674,55.4054054054054,51.35135135135135,4.054054054054054
E00075792,156,51,16,35,105,93,12,32.69230769230769,10.256410256410255,22.435897435897438,67.3076923076923,59.61538461538461,7.6923076923076925
E00075793,180,54,17,37,126,106,20,30,9.444444444444445,20.555555555555554,70,58.88888888888889,11.11111111111111
E00075794,235,54,9,45,181,155,26,22.97872340425532,3.829787234042553,19.148936170212767,77.02127659574468,65.95744680851064,11.063829787234042
E00075795,175,49,14,35,126,113,13,28.000000000000004,8,20,72,64.57142857142857,7.428571428571429
E00075796,179,58,17,41,121,111,10,32.402234636871505,9.497206703910614,22.905027932960895,67.59776536312849,62.01117318435754,5.58659217877095
E00075797,139,51,16,35,88,78,10,36.69064748201439,11.510791366906476,25.179856115107913,63.30935251798561,56.11510791366906,7.1942446043165464
E00075798,226,69,23,46,157,134,23,30.53097345132743,10.176991150442479,20.353982300884958,69.46902654867256,59.29203539823009,10.176991150442479
E00075799,166,40,13,27,126,116,10,24.096385542168676,7.83132530120482,16.265060240963855,75.90361445783132,69.87951807228916,6.024096385542169
E00075800,152,38,10,28,114,92,22,25,6.578947368421052,18.421052631578945,75,60.526315789473685,14.473684210526317
E00075801,197,57,16,41,140,121,19,28.934010152284262,8.121827411167512,20.812182741116754,71.06598984771574,61.42131979695431,9.644670050761421
E00075802,120,38,13,25,82,72,10,31.666666666666664,10.833333333333334,20.833333333333336,68.33333333333333,60,8.333333333333332
E00075803,173,50,13,37,123,106,17,28.901734104046245,7.514450867052023,21.38728323699422,71.09826589595376,61.27167630057804,9.826589595375722
E00075804,167,46,15,31,121,104,17,27.54491017964072,8.982035928143713,18.562874251497004,72.45508982035929,62.27544910179641,10.179640718562874
E00075805,148,45,12,33,103,95,8,30.405405405405407,8.108108108108109,22.2972972972973,69.5945945945946,64.1891891891892,5.405405405405405
E00075806,273,67,21,46,206,185,21,24.54212454212454,7.6923076923076925,16.84981684981685,75.45787545787546,67.76556776556777,7.6923076923076925
E00075807,194,35,12,23,159,140,19,18.04123711340206,6.185567010309279,11.855670103092782,81.95876288659794,72.16494845360825,9.793814432989691
E00075808,180,63,28,35,117,108,9,35,15.555555555555555,19.444444444444446,65,60,5
E00075809,140,38,12,26,102,89,13,27.142857142857142,8.571428571428571,18.571428571428573,72.85714285714285,63.57142857142857,9.285714285714286
E00075810,159,53,10,43,106,95,11,33.33333333333333,6.289308176100629,27.044025157232703,66.66666666666666,59.74842767295597,6.918238993710692
E00075811,157,56,12,44,101,92,9,35.6687898089172,7.643312101910828,28.02547770700637,64.3312101910828,58.59872611464968,5.7324840764331215
E00075812,149,49,8,41,100,86,14,32.88590604026846,5.369127516778524,27.516778523489933,67.11409395973155,57.71812080536913,9.395973154362416
E00075813,158,52,12,40,106,96,10,32.91139240506329,7.59493670886076,25.31645569620253,67.08860759493672,60.75949367088608,6.329113924050633
E00075814,214,59,27,32,155,140,15,27.570093457943923,12.616822429906541,14.953271028037381,72.42990654205607,65.42056074766354,7.009345794392523
E00075815,316,87,25,62,229,209,20,27.531645569620256,7.9113924050632916,19.62025316455696,72.46835443037975,66.13924050632912,6.329113924050633
E00075816,161,57,16,41,104,91,13,35.40372670807454,9.937888198757763,25.465838509316768,64.59627329192547,56.52173913043478,8.074534161490684
E00075817,196,54,14,40,142,132,10,27.55102040816326,7.142857142857142,20.408163265306122,72.44897959183673,67.3469387755102,5.1020408163265305
E00075818,264,73,24,49,191,175,16,27.65151515151515,9.090909090909092,18.560606060606062,72.34848484848484,66.28787878787878,6.0606060606060606
E00075819,167,45,16,29,122,114,8,26.94610778443114,9.580838323353294,17.365269461077844,73.05389221556887,68.26347305389223,4.790419161676647
E00075820,178,57,20,37,121,106,15,32.02247191011236,11.235955056179774,20.786516853932586,67.97752808988764,59.55056179775281,8.426966292134832
E00075822,216,66,16,50,150,131,19,30.555555555555557,7.4074074074074066,23.14814814814815,69.44444444444444,60.64814814814815,8.796296296296296
E00075823,160,46,13,33,114,102,12,28.749999999999996,8.125,20.625,71.25,63.74999999999999,7.5
E00075824,180,59,12,47,121,109,12,32.77777777777778,6.666666666666667,26.111111111111114,67.22222222222223,60.55555555555555,6.666666666666667
E00075825,216,89,27,62,127,113,14,41.2037037037037,12.5,28.703703703703702,58.79629629629629,52.31481481481482,6.481481481481481
E00075826,232,56,19,37,176,145,31,24.137931034482758,8.189655172413794,15.948275862068966,75.86206896551724,62.5,13.36206896551724
E00075827,141,51,13,38,90,82,8,36.17021276595745,9.219858156028367,26.95035460992908,63.829787234042556,58.156028368794324,5.673758865248227
E00075828,147,44,8,36,103,92,11,29.931972789115648,5.442176870748299,24.489795918367346,70.06802721088435,62.585034013605444,7.482993197278912
E00075829,142,48,18,30,94,85,9,33.80281690140845,12.676056338028168,21.12676056338028,66.19718309859155,59.859154929577464,6.338028169014084
E00075830,205,61,25,36,144,129,15,29.756097560975608,12.195121951219512,17.560975609756095,70.24390243902438,62.926829268292686,7.317073170731707
E00075831,160,48,18,30,112,95,17,30,11.25,18.75,70,59.375,10.625
E00075832,57,12,0,12,45,39,6,21.052631578947366,0,21.052631578947366,78.94736842105263,68.42105263157895,10.526315789473683
E00075833,119,38,13,25,81,72,9,31.932773109243694,10.92436974789916,21.008403361344538,68.0672268907563,60.50420168067227,7.563025210084033
E00075835,124,34,10,24,90,78,12,27.419354838709676,8.064516129032258,19.35483870967742,72.58064516129032,62.903225806451616,9.67741935483871
E00075836,125,43,13,30,82,71,11,34.4,10.4,24,65.60000000000001,56.8,8.799999999999999
E00075837,238,69,21,48,169,139,30,28.991596638655466,8.823529411764707,20.168067226890756,71.00840336134453,58.40336134453782,12.605042016806722
E00075838,169,52,16,36,117,98,19,30.76923076923077,9.467455621301776,21.301775147928996,69.23076923076923,57.98816568047337,11.242603550295858
E00075839,149,39,12,27,110,97,13,26.174496644295303,8.053691275167784,18.120805369127517,73.8255033557047,65.1006711409396,8.724832214765101
E00075840,133,30,5,25,103,86,17,22.55639097744361,3.7593984962406015,18.796992481203006,77.44360902255639,64.66165413533834,12.781954887218044
E00075841,172,52,9,43,120,110,10,30.23255813953488,5.232558139534884,25,69.76744186046511,63.95348837209303,5.813953488372093
E00075842,188,54,18,36,134,120,14,28.723404255319153,9.574468085106384,19.148936170212767,71.27659574468085,63.829787234042556,7.446808510638298
E00075843,80,18,7,11,62,51,11,22.5,8.75,13.750000000000002,77.5,63.74999999999999,13.750000000000002
E00075844,164,42,13,29,122,109,13,25.609756097560975,7.926829268292683,17.682926829268293,74.39024390243902,66.46341463414635,7.926829268292683
E00075845,207,69,12,57,138,123,15,33.33333333333333,5.797101449275362,27.536231884057973,66.66666666666666,59.42028985507246,7.246376811594203
E00075846,169,42,16,26,127,113,14,24.85207100591716,9.467455621301776,15.384615384615385,75.14792899408283,66.86390532544378,8.284023668639055
E00075847,156,51,12,39,105,91,14,32.69230769230769,7.6923076923076925,25,67.3076923076923,58.333333333333336,8.974358974358974
E00075848,258,90,34,56,168,145,23,34.883720930232556,13.178294573643413,21.705426356589147,65.11627906976744,56.201550387596896,8.914728682170542
E00075849,182,54,17,37,128,110,18,29.67032967032967,9.340659340659341,20.32967032967033,70.32967032967034,60.43956043956044,9.89010989010989
E00075850,184,44,8,36,140,118,22,23.91304347826087,4.3478260869565215,19.565217391304348,76.08695652173914,64.13043478260869,11.956521739130435
E00075851,246,79,25,54,167,142,25,32.113821138211385,10.16260162601626,21.951219512195124,67.88617886178862,57.72357723577236,10.16260162601626
E00075852,155,51,16,35,104,91,13,32.903225806451616,10.32258064516129,22.58064516129032,67.0967741935484,58.70967741935483,8.38709677419355
E00075853,165,59,21,38,106,94,12,35.75757575757576,12.727272727272727,23.03030303030303,64.24242424242425,56.96969696969697,7.2727272727272725
E00075854,93,29,9,20,64,53,11,31.182795698924732,9.67741935483871,21.50537634408602,68.81720430107528,56.98924731182796,11.827956989247312
E00075855,140,35,13,22,105,88,17,25,9.285714285714286,15.714285714285714,75,62.857142857142854,12.142857142857142
E00075856,133,37,15,22,96,90,6,27.819548872180448,11.278195488721805,16.541353383458645,72.18045112781954,67.66917293233082,4.511278195488721
E00075857,140,44,16,28,96,76,20,31.428571428571427,11.428571428571429,20,68.57142857142857,54.285714285714285,14.285714285714285
E00075859,204,54,17,37,150,129,21,26.47058823529412,8.333333333333332,18.137254901960784,73.52941176470588,63.23529411764706,10.294117647058822
E00075860,161,43,14,29,118,106,12,26.70807453416149,8.695652173913043,18.012422360248447,73.29192546583852,65.83850931677019,7.453416149068323
E00075861,275,59,17,42,216,192,24,21.454545454545453,6.181818181818182,15.272727272727273,78.54545454545455,69.81818181818183,8.727272727272728
E00075862,251,88,35,53,163,141,22,35.0597609561753,13.94422310756972,21.115537848605577,64.9402390438247,56.17529880478087,8.764940239043826
E00075863,161,64,27,37,97,85,12,39.75155279503105,16.77018633540373,22.981366459627328,60.24844720496895,52.79503105590062,7.453416149068323
E00075864,131,50,17,33,81,61,20,38.16793893129771,12.977099236641221,25.190839694656486,61.832061068702295,46.56488549618321,15.267175572519085
E00075865,153,52,16,36,101,80,21,33.98692810457516,10.457516339869281,23.52941176470588,66.01307189542483,52.28758169934641,13.725490196078432
E00075866,156,55,15,40,101,84,17,35.256410256410255,9.615384615384617,25.64102564102564,64.74358974358975,53.84615384615385,10.897435897435898
E00075867,109,34,10,24,75,69,6,31.19266055045872,9.174311926605505,22.018348623853214,68.80733944954129,63.30275229357798,5.5045871559633035
E00075868,114,41,11,30,73,61,12,35.96491228070175,9.649122807017543,26.31578947368421,64.03508771929825,53.50877192982456,10.526315789473683
E00075869,148,46,12,34,102,90,12,31.08108108108108,8.108108108108109,22.972972972972975,68.91891891891892,60.810810810810814,8.108108108108109
E00075870,151,47,12,35,104,89,15,31.125827814569533,7.9470198675496695,23.178807947019866,68.87417218543047,58.94039735099338,9.933774834437086
E00075871,177,58,19,39,119,104,15,32.7683615819209,10.734463276836157,22.033898305084744,67.2316384180791,58.75706214689266,8.47457627118644
E00075872,167,63,26,37,104,91,13,37.72455089820359,15.568862275449103,22.15568862275449,62.27544910179641,54.49101796407185,7.784431137724551
E00075873,176,47,10,37,129,117,12,26.704545454545453,5.681818181818182,21.022727272727273,73.29545454545455,66.47727272727273,6.8181818181818175
E00075874,110,27,4,23,83,73,10,24.545454545454547,3.6363636363636362,20.909090909090907,75.45454545454545,66.36363636363637,9.090909090909092
E00075875,106,35,11,24,71,61,10,33.0188679245283,10.377358490566039,22.641509433962266,66.98113207547169,57.54716981132076,9.433962264150944
E00075876,140,45,15,30,95,86,9,32.142857142857146,10.714285714285714,21.428571428571427,67.85714285714286,61.42857142857143,6.428571428571428
E00075877,188,55,17,38,133,117,16,29.25531914893617,9.042553191489363,20.212765957446805,70.74468085106383,62.23404255319149,8.51063829787234
E00075878,200,48,17,31,152,130,22,24,8.5,15.5,76,65,11
E00075879,151,51,17,34,100,92,8,33.77483443708609,11.258278145695364,22.516556291390728,66.22516556291392,60.9271523178808,5.298013245033113
E00075880,117,32,7,25,85,74,11,27.350427350427353,5.982905982905983,21.367521367521366,72.64957264957265,63.24786324786324,9.401709401709402
E00075881,138,43,13,30,95,85,10,31.15942028985507,9.420289855072465,21.73913043478261,68.84057971014492,61.59420289855072,7.246376811594203
E00075882,166,48,20,28,118,97,21,28.915662650602407,12.048192771084338,16.867469879518072,71.08433734939759,58.43373493975904,12.650602409638553
E00075883,167,38,11,27,129,125,4,22.75449101796407,6.58682634730539,16.16766467065868,77.24550898203593,74.8502994011976,2.3952095808383236
E00075884,158,44,15,29,114,97,17,27.848101265822784,9.49367088607595,18.354430379746837,72.15189873417721,61.39240506329114,10.759493670886076
E00075885,164,42,8,34,122,108,14,25.609756097560975,4.878048780487805,20.73170731707317,74.39024390243902,65.85365853658537,8.536585365853659
E00075886,145,44,14,30,101,89,12,30.344827586206897,9.655172413793103,20.689655172413794,69.6551724137931,61.37931034482759,8.275862068965518
E00075887,205,65,19,46,140,126,14,31.70731707317073,9.268292682926829,22.439024390243905,68.29268292682927,61.46341463414634,6.829268292682928
E00075888,155,53,22,31,102,88,14,34.193548387096776,14.193548387096774,20,65.80645161290323,56.774193548387096,9.032258064516128
E00075889,151,43,15,28,108,100,8,28.47682119205298,9.933774834437086,18.543046357615893,71.52317880794702,66.22516556291392,5.298013245033113
E00075890,150,32,4,28,118,100,18,21.333333333333336,2.666666666666667,18.666666666666668,78.66666666666666,66.66666666666666,12
E00075891,154,51,21,30,103,96,7,33.116883116883116,13.636363636363635,19.480519480519483,66.88311688311688,62.33766233766234,4.545454545454546
E00075892,144,56,18,38,88,82,6,38.88888888888889,12.5,26.38888888888889,61.111111111111114,56.94444444444444,4.166666666666666
E00075893,186,68,32,36,118,104,14,36.55913978494624,17.20430107526882,19.35483870967742,63.44086021505376,55.91397849462365,7.526881720430108
E00173030,245,69,34,35,176,149,27,28.163265306122447,13.877551020408163,14.285714285714285,71.83673469387755,60.816326530612244,11.020408163265307
E00173032,178,52,21,31,126,111,15,29.213483146067414,11.797752808988763,17.415730337078653,70.78651685393258,62.35955056179775,8.426966292134832
E00173033,72,24,11,13,48,39,9,33.33333333333333,15.277777777777779,18.055555555555554,66.66666666666666,54.166666666666664,12.5
E00173038,110,18,4,14,92,77,15,16.363636363636363,3.6363636363636362,12.727272727272727,83.63636363636363,70,13.636363636363635
E00173043,131,37,17,20,94,83,11,28.24427480916031,12.977099236641221,15.267175572519085,71.7557251908397,63.358778625954194,8.396946564885496
E00173044,199,48,13,35,151,131,20,24.120603015075375,6.532663316582915,17.587939698492463,75.87939698492463,65.82914572864321,10.050251256281408
E00173046,182,46,12,34,136,123,13,25.274725274725274,6.593406593406594,18.681318681318682,74.72527472527473,67.58241758241759,7.142857142857142
E00173047,243,70,29,41,173,141,32,28.80658436213992,11.934156378600823,16.872427983539097,71.19341563786008,58.0246913580247,13.168724279835391
E00173049,215,68,18,50,147,133,14,31.627906976744185,8.372093023255815,23.25581395348837,68.37209302325581,61.86046511627907,6.511627906976744
E00173050,183,46,9,37,137,115,22,25.136612021857925,4.918032786885246,20.21857923497268,74.86338797814209,62.841530054644814,12.021857923497267
E00173052,171,28,12,16,143,126,17,16.374269005847953,7.017543859649122,9.35672514619883,83.62573099415205,73.68421052631578,9.941520467836257
E00173054,180,38,9,29,142,112,30,21.11111111111111,5,16.11111111111111,78.88888888888889,62.22222222222222,16.666666666666664
E00173055,169,52,23,29,117,85,32,30.76923076923077,13.609467455621301,17.159763313609467,69.23076923076923,50.29585798816568,18.93491124260355
E00173057,108,22,0,22,86,74,12,20.37037037037037,0,20.37037037037037,79.62962962962963,68.51851851851852,11.11111111111111
E00173058,185,50,9,41,135,123,12,27.027027027027028,4.864864864864865,22.162162162162165,72.97297297297297,66.48648648648648,6.486486486486487
E00173060,174,60,10,50,114,104,10,34.48275862068966,5.747126436781609,28.735632183908045,65.51724137931035,59.77011494252874,5.747126436781609
E00173061,167,53,14,39,114,104,10,31.736526946107784,8.383233532934131,23.353293413173652,68.26347305389223,62.27544910179641,5.9880239520958085
E00173063,259,64,18,46,195,168,27,24.71042471042471,6.94980694980695,17.760617760617762,75.2895752895753,64.86486486486487,10.424710424710424
E00173064,220,41,11,30,179,152,27,18.636363636363637,5,13.636363636363635,81.36363636363636,69.0909090909091,12.272727272727273
E00173066,119,41,16,25,78,68,10,34.45378151260504,13.445378151260504,21.008403361344538,65.54621848739495,57.14285714285714,8.403361344537815
E00173068,234,49,12,37,185,167,18,20.94017094017094,5.128205128205128,15.81196581196581,79.05982905982906,71.36752136752136,7.6923076923076925
E00173069,169,94,36,58,75,64,11,55.62130177514793,21.301775147928996,34.319526627218934,44.37869822485207,37.8698224852071,6.508875739644971
E00173071,150,47,14,33,103,81,22,31.333333333333336,9.333333333333334,22,68.66666666666667,54,14.666666666666666
E00173072,187,47,22,25,140,114,26,25.13368983957219,11.76470588235294,13.368983957219251,74.8663101604278,60.962566844919785,13.903743315508022
E00173074,212,66,20,46,146,122,24,31.132075471698112,9.433962264150944,21.69811320754717,68.86792452830188,57.54716981132076,11.320754716981133
E00173075,88,19,5,14,69,54,15,21.59090909090909,5.681818181818182,15.909090909090908,78.4090909090909,61.36363636363637,17.045454545454543
E00173077,128,44,20,24,84,69,15,34.375,15.625,18.75,65.625,53.90625,11.71875
E00173078,151,50,18,32,101,88,13,33.11258278145696,11.920529801324504,21.192052980132452,66.88741721854305,58.27814569536424,8.609271523178808
E00173080,276,64,22,42,212,195,17,23.18840579710145,7.971014492753622,15.217391304347828,76.81159420289855,70.65217391304348,6.159420289855073
E00173082,77,34,13,21,43,39,4,44.15584415584416,16.883116883116884,27.27272727272727,55.84415584415584,50.649350649350644,5.194805194805195
E00173083,191,40,17,23,151,135,16,20.94240837696335,8.900523560209423,12.041884816753926,79.05759162303664,70.68062827225131,8.37696335078534
E00173085,164,40,10,30,124,111,13,24.390243902439025,6.097560975609756,18.29268292682927,75.60975609756098,67.6829268292683,7.926829268292683
E00173086,171,45,16,29,126,109,17,26.31578947368421,9.35672514619883,16.95906432748538,73.68421052631578,63.74269005847953,9.941520467836257
E00173088,184,34,11,23,150,128,22,18.478260869565215,5.978260869565218,12.5,81.52173913043478,69.56521739130434,11.956521739130435
E00173089,256,186,129,57,70,61,9,72.65625,50.390625,22.265625,27.34375,23.828125,3.515625
E00173091,125,52,22,30,73,63,10,41.6,17.599999999999998,24,58.4,50.4,8
E00173092,155,39,15,24,116,101,15,25.161290322580644,9.67741935483871,15.483870967741936,74.83870967741936,65.16129032258064,9.67741935483871
E00173094,189,65,14,51,124,111,13,34.39153439153439,7.4074074074074066,26.984126984126984,65.60846560846561,58.730158730158735,6.878306878306878
E00173096,231,68,21,47,163,145,18,29.43722943722944,9.090909090909092,20.346320346320347,70.56277056277057,62.77056277056276,7.792207792207792
E00189444,147,47,16,31,100,78,22,31.97278911564626,10.884353741496598,21.08843537414966,68.02721088435374,53.06122448979592,14.965986394557824
E00189445,120,30,9,21,90,74,16,25,7.5,17.5,75,61.66666666666667,13.333333333333334
E00189446,377,68,18,50,309,257,52,18.037135278514587,4.774535809018567,13.262599469496022,81.9628647214854,68.16976127320955,13.793103448275861
E00189451,165,32,11,21,133,123,10,19.393939393939394,6.666666666666667,12.727272727272727,80.60606060606061,74.54545454545455,6.0606060606060606
E00189452,222,57,11,46,165,150,15,25.675675675675674,4.954954954954955,20.72072072072072,74.32432432432432,67.56756756756756,6.756756756756757
E00189453,161,35,11,24,126,119,7,21.73913043478261,6.832298136645963,14.906832298136646,78.26086956521739,73.91304347826086,4.3478260869565215
E00189455,86,22,6,16,64,58,6,25.581395348837212,6.976744186046512,18.6046511627907,74.4186046511628,67.44186046511628,6.976744186046512
E00189456,167,20,4,16,147,136,11,11.976047904191617,2.3952095808383236,9.580838323353294,88.02395209580838,81.437125748502993,6.58682634730539
E00189463,201,43,16,27,158,134,24,21.393034825870647,7.960199004975125,13.432835820895523,78.60696517412936,66.66666666666666,11.940298507462686
E00189464,190,53,11,42,137,110,27,27.89473684210526,5.7894736842105265,22.105263157894736,72.10526315789474,57.89473684210527,14.210526315789473
E00189465,166,36,14,22,130,107,23,21.686746987951807,8.433734939759036,13.253012048192772,78.3132530120482,64.45783132530121,13.855421686746988
E00189467,219,53,18,35,166,143,23,24.200913242009133,8.21917808219178,15.981735159817351,75.79908675799086,65.29680365296804,10.50228310502283
E00189469,171,43,12,31,128,116,12,25.146198830409354,7.017543859649122,18.128654970760234,74.85380116959064,67.83625730994152,7.017543859649122
E00189470,181,52,15,37,129,105,24,28.7292817679558,8.287292817679557,20.441988950276244,71.27071823204419,58.011049723756905,13.259668508287293
E00189473,144,46,10,36,98,79,19,31.944444444444443,6.944444444444445,25,68.05555555555556,54.861111111111114,13.194444444444445
E00189476,93,40,21,19,53,49,4,43.01075268817204,22.58064516129032,20.43010752688172,56.98924731182796,52.68817204301075,4.301075268817205
E00189477,256,83,31,52,173,160,13,32.421875,12.109375,20.3125,67.578125,62.5,5.078125
E00189478,156,25,9,16,131,120,11,16.025641025641026,5.769230769230769,10.256410256410255,83.97435897435898,76.92307692307693,7.051282051282051
E00189480,137,50,17,33,87,76,11,36.496350364963504,12.408759124087592,24.087591240875913,63.503649635036496,55.47445255474452,8.02919708029197
E00189485,182,22,5,17,160,146,14,12.087912087912088,2.7472527472527473,9.340659340659341,87.91208791208791,80.21978021978022,7.6923076923076925
E00189486,143,39,17,22,104,92,12,27.27272727272727,11.888111888111888,15.384615384615385,72.72727272727273,64.33566433566433,8.391608391608392
E00189488,209,43,11,32,166,137,29,20.574162679425836,5.263157894736842,15.311004784688995,79.42583732057416,65.55023923444976,13.875598086124402
E00189490,176,30,11,19,146,133,13,17.045454545454543,6.25,10.795454545454545,82.95454545454545,75.56818181818183,7.386363636363637
E00189493,149,34,9,25,115,109,6,22.818791946308725,6.0402684563758395,16.778523489932887,77.18120805369128,73.15436241610739,4.026845637583892
E00189495,138,24,6,18,114,101,13,17.391304347826086,4.3478260869565215,13.043478260869565,82.6086956521739,73.18840579710145,9.420289855072465
E00189497,191,27,8,19,164,145,19,14.136125654450263,4.18848167539267,9.947643979057592,85.86387434554975,75.91623036649214,9.947643979057592
E00189498,226,60,20,40,166,152,14,26.548672566371685,8.849557522123893,17.699115044247787,73.45132743362832,67.2566371681416,6.1946902654867255
E00189499,142,36,20,16,106,94,12,25.352112676056336,14.084507042253522,11.267605633802818,74.64788732394366,66.19718309859155,8.450704225352112
E00189501,185,56,18,38,129,113,16,30.270270270270274,9.72972972972973,20.54054054054054,69.72972972972973,61.08108108108108,8.64864864864865
E00189505,192,41,9,32,151,132,19,21.354166666666664,4.6875,16.666666666666664,78.64583333333334,68.75,9.895833333333332
E00189506,185,54,22,32,131,113,18,29.18918918918919,11.891891891891893,17.2972972972973,70.8108108108108,61.08108108108108,9.72972972972973
E00189508,81,23,5,18,58,54,4,28.39506172839506,6.172839506172839,22.22222222222222,71.60493827160494,66.66666666666666,4.938271604938271
E00189510,176,45,10,35,131,111,20,25.568181818181817,5.681818181818182,19.886363636363637,74.43181818181817,63.06818181818182,11.363636363636363
E00189511,220,63,23,40,157,141,16,28.636363636363637,10.454545454545453,18.181818181818183,71.36363636363636,64.0909090909091,7.2727272727272725
E00189512,175,33,7,26,142,123,19,18.857142857142858,4,14.857142857142858,81.14285714285714,70.28571428571428,10.857142857142858
E00189513,199,45,18,27,154,133,21,22.613065326633166,9.045226130653267,13.5678391959799,77.38693467336684,66.83417085427136,10.552763819095476
E00189517,168,42,13,29,126,113,13,25,7.738095238095238,17.261904761904763,75,67.26190476190477,7.738095238095238
E00189518,49,26,15,11,23,22,1,53.06122448979592,30.612244897959183,22.448979591836736,46.93877551020408,44.89795918367347,2.0408163265306123
E00189521,198,46,15,31,152,124,28,23.232323232323232,7.575757575757576,15.656565656565657,76.76767676767676,62.62626262626263,14.14141414141414
E00189523,167,51,15,36,116,102,14,30.538922155688624,8.982035928143713,21.55688622754491,69.46107784431138,61.07784431137725,8.383233532934131
E00189528,175,52,13,39,123,112,11,29.714285714285715,7.428571428571429,22.285714285714285,70.28571428571428,64,6.2857142857142865
E00189531,130,73,28,45,57,53,4,56.15384615384615,21.53846153846154,34.61538461538461,43.84615384615385,40.76923076923077,3.076923076923077
E00189534,151,40,12,28,111,93,18,26.490066225165563,7.9470198675496695,18.543046357615893,73.50993377483444,61.58940397350994,11.920529801324504
E00189536,156,37,14,23,119,88,31,23.717948717948715,8.974358974358974,14.743589743589745,76.28205128205127,56.41025641025641,19.871794871794872
E00189538,175,41,8,33,134,122,12,23.42857142857143,4.571428571428571,18.857142857142858,76.57142857142857,69.71428571428572,6.857142857142858
E00189540,190,50,18,32,140,122,18,26.31578947368421,9.473684210526317,16.842105263157894,73.68421052631578,64.21052631578948,9.473684210526317
E00189541,172,31,9,22,141,131,10,18.023255813953487,5.232558139534884,12.790697674418606,81.97674418604652,76.16279069767442,5.813953488372093
E00189542,235,52,19,33,183,153,30,22.127659574468083,8.085106382978724,14.042553191489363,77.87234042553192,65.1063829787234,12.76595744680851
E00189543,189,27,9,18,162,149,13,14.285714285714285,4.761904761904762,9.523809523809524,85.71428571428571,78.83597883597884,6.878306878306878
E00189544,196,45,16,29,151,134,17,22.95918367346939,8.16326530612245,14.795918367346939,77.04081632653062,68.36734693877551,8.673469387755102
E00189546,185,39,10,29,146,127,19,21.08108108108108,5.405405405405405,15.675675675675677,78.91891891891892,68.64864864864865,10.27027027027027
E00189547,155,38,14,24,117,105,12,24.516129032258064,9.032258064516128,15.483870967741936,75.48387096774194,67.74193548387096,7.741935483870968
E00189550,172,44,15,29,128,110,18,25.581395348837212,8.720930232558139,16.86046511627907,74.4186046511628,63.95348837209303,10.465116279069768
E00189551,177,74,41,33,103,93,10,41.80790960451977,23.163841807909606,18.64406779661017,58.19209039548022,52.54237288135594,5.649717514124294
E00189556,176,50,13,37,126,109,17,28.40909090909091,7.386363636363637,21.022727272727273,71.5909090909091,61.93181818181818,9.659090909090908
E00189557,85,53,36,17,32,28,4,62.35294117647059,42.35294117647059,20,37.64705882352941,32.94117647058823,4.705882352941177
E00189558,197,39,14,25,158,140,18,19.796954314720814,7.1065989847715745,12.690355329949238,80.20304568527918,71.06598984771574,9.137055837563452
E00189559,206,30,12,18,176,152,24,14.563106796116504,5.825242718446602,8.737864077669903,85.43689320388349,73.7864077669903,11.650485436893204
E00189561,210,57,14,43,153,134,19,27.142857142857142,6.666666666666667,20.476190476190474,72.85714285714285,63.8095238095238,9.047619047619047
E00189563,123,17,5,12,106,98,8,13.821138211382115,4.0650406504065035,9.75609756097561,86.1788617886179,79.67479674796748,6.504065040650407
E00189564,161,30,7,23,131,118,13,18.633540372670808,4.3478260869565215,14.285714285714285,81.36645962732919,73.29192546583852,8.074534161490684
E00189565,221,67,30,37,154,122,32,30.316742081447963,13.574660633484163,16.7420814479638,69.68325791855203,55.203619909502265,14.479638009049776
E00189566,97,26,16,10,71,65,6,26.804123711340207,16.49484536082474,10.309278350515463,73.19587628865979,67.0103092783505,6.185567010309279
E00189570,157,41,12,29,116,103,13,26.11464968152866,7.643312101910828,18.471337579617835,73.88535031847134,65.60509554140127,8.280254777070063
E00189573,215,55,14,41,160,146,14,25.581395348837212,6.511627906976744,19.069767441860467,74.4186046511628,67.90697674418604,6.511627906976744
E00189574,167,43,14,29,124,103,21,25.748502994011975,8.383233532934131,17.365269461077844,74.25149700598801,61.67664670658682,12.574850299401197
E00189575,178,25,3,22,153,134,19,14.04494382022472,1.6853932584269662,12.359550561797752,85.95505617977528,75.28089887640449,10.674157303370785
E00189576,165,36,14,22,129,118,11,21.818181818181817,8.484848484848486,13.333333333333334,78.18181818181819,71.51515151515152,6.666666666666667
E00189577,135,32,8,24,103,97,6,23.703703703703706,5.9259259259259265,17.77777777777778,76.29629629629629,71.85185185185186,4.444444444444445
E00189580,150,40,12,28,110,98,12,26.666666666666668,8,18.666666666666668,73.33333333333333,65.33333333333333,8
E00189582,198,60,17,43,138,121,17,30.303030303030305,8.585858585858585,21.71717171717172,69.6969696969697,61.111111111111114,8.585858585858585
E00189585,195,36,7,29,159,148,11,18.461538461538463,3.5897435897435894,14.871794871794872,81.53846153846153,75.8974358974359,5.641025641025641
E00189586,176,42,9,33,134,123,11,23.863636363636363,5.113636363636364,18.75,76.13636363636364,69.88636363636364,6.25
E00189587,187,53,20,33,134,119,15,28.342245989304814,10.695187165775401,17.647058823529413,71.65775401069519,63.63636363636363,8.0213903743315509
E00189588,156,44,17,27,112,100,12,28.205128205128204,10.897435897435898,17.307692307692307,71.7948717948718,64.1025641025641,7.6923076923076925
E00189594,150,31,14,17,119,106,13,20.666666666666668,9.333333333333334,11.333333333333332,79.33333333333333,70.66666666666667,8.666666666666668
E00189596,168,29,8,21,139,122,17,17.261904761904763,4.761904761904762,12.5,82.73809523809523,72.61904761904762,10.119047619047619
E00189598,174,39,16,23,135,121,14,22.413793103448278,9.195402298850574,13.218390804597702,77.58620689655173,69.54022988505747,8.045977011494253
E00189599,172,55,25,30,117,104,13,31.976744186046513,14.534883720930234,17.441860465116278,68.02325581395348,60.46511627906976,7.55813953488372
E00189600,93,31,10,21,62,46,16,33.33333333333333,10.75268817204301,22.58064516129032,66.66666666666666,49.46236559139785,17.20430107526882
E00189602,178,55,15,40,123,105,18,30.89887640449438,8.426966292134832,22.47191011235955,69.10112359550563,58.98876404494382,10.112359550561797
E00189604,125,25,6,19,100,83,17,20,4.8,15.2,80,66.4,13.600000000000001
E00189605,147,34,9,25,113,102,11,23.12925170068027,6.122448979591836,17.006802721088434,76.87074829931973,69.38775510204081,7.482993197278912
E00189606,177,56,16,40,121,103,18,31.63841807909605,9.03954802259887,22.598870056497177,68.36158192090396,58.19209039548022,10.16949152542373
E00189607,163,35,16,19,128,117,11,21.472392638036812,9.815950920245399,11.65644171779141,78.52760736196319,71.77914110429448,6.748466257668712
E00189608,168,48,11,37,120,108,12,28.57142857142857,6.547619047619048,22.023809523809522,71.42857142857143,64.28571428571429,7.142857142857142
E00189612,119,26,10,16,93,80,13,21.84873949579832,8.403361344537815,13.445378151260504,78.15126050420169,67.22689075630252,10.92436974789916
E00189613,167,37,10,27,130,115,15,22.15568862275449,5.9880239520958085,16.16766467065868,77.84431137724552,68.8622754491018,8.982035928143713
