OA,ts0590001,ts0590002,ts0590003,ts0590004,ts0590005,ts0590006,ts0590007,ts0590002_PCT,ts0590003_PCT,ts0590004_PCT,ts0590005_PCT,ts0590006_PCT,ts0590007_PCT
E00048204,169,58,23,35,111,99,12,34.319526627218934,13.609467455621301,20.710059171597635,65.68047337278107,58.57988165680473,7.100591715976331
E00048205,127,27,12,15,100,87,13,21.25984251968504,9.448818897637794,11.811023622047244,78.74015748031496,68.50393700787401,10.236220472440944
E00048206,137,42,14,28,95,82,13,30.656934306569344,10.218978102189782,20.437956204379564,69.34306569343066,59.854014598540154,9.48905109489051
E00048207,157,44,15,29,113,98,15,28.02547770700637,9.554140127388536,18.471337579617835,71.97452229299363,62.42038216560509,9.554140127388536
E00048208,88,35,21,14,53,48,5,39.77272727272727,23.863636363636363,15.909090909090908,60.22727272727273,54.54545454545454,5.681818181818182
E00048209,142,43,10,33,99,83,16,30.28169014084507,7.042253521126761,23.239436619718308,69.71830985915493,58.45070422535211,11.267605633802818
E00048210,190,49,15,34,141,132,9,25.789473684210527,7.894736842105263,17.894736842105264,74.21052631578947,69.47368421052632,4.736842105263158
E00048211,145,39,12,27,106,96,10,26.89655172413793,8.275862068965518,18.620689655172416,73.10344827586206,66.20689655172414,6.896551724137931
E00048213,124,37,11,26,87,80,7,29.838709677419356,8.870967741935484,20.967741935483872,70.16129032258065,64.51612903225806,5.64516129032258
E00048214,169,47,10,37,122,94,28,27.810650887573964,5.9171597633136095,21.893491124260358,72.18934911242604,55.62130177514793,16.56804733727811
E00048215,45,13,2,11,32,29,3,28.888888888888886,4.444444444444445,24.444444444444443,71.11111111111111,64.44444444444444,6.666666666666667
E00048216,179,52,20,32,127,114,13,29.05027932960894,11.1731843575419,17.877094972067038,70.94972067039106,63.687150837988824,7.262569832402235
E00048217,153,28,7,21,125,111,14,18.30065359477124,4.57516339869281,13.725490196078432,81.69934640522875,72.54901960784314,9.15032679738562
E00048218,190,51,9,42,139,119,20,26.842105263157894,4.736842105263158,22.105263157894736,73.15789473684211,62.63157894736842,10.526315789473683
E00048219,135,33,11,22,102,95,7,24.444444444444443,8.148148148148149,16.296296296296298,75.55555555555556,70.37037037037037,5.185185185185185
E00048220,146,41,10,31,105,91,14,28.08219178082192,6.8493150684931505,21.232876712328768,71.91780821917808,62.328767123287676,9.58904109589041
E00048221,182,57,17,40,125,119,6,31.318681318681318,9.340659340659341,21.978021978021978,68.68131868131869,65.38461538461539,3.296703296703297
E00048222,128,23,11,12,105,91,14,17.96875,8.59375,9.375,82.03125,71.09375,10.9375
E00048223,120,30,13,17,90,83,7,25,10.833333333333334,14.166666666666666,75,69.16666666666667,5.833333333333333
E00048224,118,33,10,23,85,69,16,27.966101694915253,8.47457627118644,19.491525423728813,72.03389830508475,58.47457627118644,13.559322033898304
E00048225,163,52,22,30,111,100,11,31.901840490797547,13.496932515337424,18.404907975460123,68.09815950920245,61.34969325153374,6.748466257668712
E00048226,153,41,7,34,112,99,13,26.797385620915033,4.57516339869281,22.22222222222222,73.20261437908496,64.70588235294117,8.49673202614379
E00048227,138,36,11,25,102,95,7,26.08695652173913,7.971014492753622,18.115942028985508,73.91304347826086,68.84057971014492,5.072463768115942
E00048228,199,54,13,41,145,130,15,27.1356783919598,6.532663316582915,20.603015075376884,72.8643216080402,65.32663316582915,7.537688442211055
E00048229,184,51,14,37,133,115,18,27.717391304347828,7.608695652173914,20.108695652173914,72.28260869565217,62.5,9.782608695652174
E00048230,201,47,14,33,154,135,19,23.383084577114428,6.965174129353234,16.417910447761194,76.61691542288557,67.16417910447761,9.45273631840796
E00048231,150,55,10,45,95,84,11,36.666666666666664,6.666666666666667,30,63.33333333333333,56.00000000000001,7.333333333333333
E00048232,142,42,10,32,100,92,8,29.577464788732392,7.042253521126761,22.535211267605636,70.4225352112676,64.7887323943662,5.633802816901409
E00048233,183,65,21,44,118,99,19,35.51912568306011,11.475409836065573,24.043715846994534,64.48087431693989,54.09836065573771,10.382513661202186
E00048234,141,41,7,34,100,90,10,29.078014184397162,4.964539007092199,24.113475177304963,70.92198581560284,63.829787234042556,7.092198581560284
E00048235,122,34,14,20,88,76,12,27.86885245901639,11.475409836065573,16.39344262295082,72.1311475409836,62.295081967213115,9.836065573770492
E00048236,123,25,7,18,98,81,17,20.32520325203252,5.691056910569105,14.634146341463413,79.67479674796748,65.85365853658537,13.821138211382115
E00048237,237,53,11,42,184,158,26,22.362869198312236,4.641350210970464,17.72151898734177,77.63713080168776,66.66666666666666,10.970464135021098
E00048238,129,41,17,24,88,70,18,31.782945736434108,13.178294573643413,18.6046511627907,68.21705426356588,54.263565891472865,13.953488372093023
E00048239,112,29,13,16,83,67,16,25.892857142857146,11.607142857142858,14.285714285714285,74.10714285714286,59.82142857142857,14.285714285714285
E00048240,159,38,7,31,121,110,11,23.89937106918239,4.40251572327044,19.49685534591195,76.10062893081762,69.18238993710692,6.918238993710692
E00048241,133,41,18,23,92,78,14,30.82706766917293,13.533834586466165,17.293233082706767,69.17293233082707,58.64661654135338,10.526315789473683
E00048242,99,26,8,18,73,67,6,26.262626262626267,8.080808080808081,18.181818181818183,73.73737373737373,67.67676767676768,6.0606060606060606
E00048243,111,22,5,17,89,78,11,19.81981981981982,4.504504504504505,15.315315315315313,80.18018018018019,70.27027027027027,9.90990990990991
E00048244,71,19,6,13,52,47,5,26.76056338028169,8.450704225352112,18.30985915492958,73.23943661971832,66.19718309859155,7.042253521126761
E00048245,115,37,16,21,78,67,11,32.17391304347826,13.91304347826087,18.26086956521739,67.82608695652173,58.26086956521739,9.565217391304348
E00048246,204,56,11,45,148,138,10,27.450980392156865,5.392156862745098,22.058823529411764,72.54901960784314,67.64705882352942,4.901960784313726
E00048247,164,37,9,28,127,111,16,22.5609756097561,5.487804878048781,17.073170731707318,77.4390243902439,67.6829268292683,9.75609756097561
E00048248,142,47,19,28,95,76,19,33.098591549295776,13.380281690140844,19.718309859154928,66.90140845070422,53.52112676056338,13.380281690140844
E00048249,187,56,30,26,131,110,21,29.946524064171122,16.042780748663102,13.903743315508022,70.05347593582889,58.82352941176471,11.229946524064172
E00048250,30,7,1,6,23,18,5,23.333333333333332,3.3333333333333335,20,76.66666666666667,60,16.666666666666664
E00048251,184,44,14,30,140,119,21,23.91304347826087,7.608695652173914,16.304347826086957,76.08695652173914,64.67391304347827,11.41304347826087
E00048252,150,57,24,33,93,76,17,38,16,22,62,50.66666666666667,11.333333333333332
E00048253,233,80,36,44,153,118,35,34.33476394849785,15.450643776824036,18.88412017167382,65.66523605150213,50.64377682403433,15.021459227467812
E00048254,106,23,11,12,83,74,9,21.69811320754717,10.377358490566039,11.320754716981133,78.30188679245283,69.81132075471697,8.49056603773585
E00048255,141,50,23,27,91,82,9,35.46099290780142,16.312056737588655,19.148936170212767,64.53900709219859,58.156028368794324,6.382978723404255
E00048256,147,35,10,25,112,105,7,23.809523809523807,6.802721088435375,17.006802721088434,76.19047619047619,71.42857142857143,4.761904761904762
E00048257,120,33,7,26,87,74,13,27.500000000000004,5.833333333333333,21.666666666666668,72.5,61.66666666666667,10.833333333333334
E00048258,173,45,12,33,128,110,18,26.011560693641616,6.9364161849710975,19.07514450867052,73.98843930635837,63.58381502890174,10.404624277456648
E00048259,136,53,13,40,83,77,6,38.970588235294116,9.558823529411764,29.411764705882355,61.029411764705884,56.61764705882353,4.411764705882353
E00048260,117,39,10,29,78,71,7,33.33333333333333,8.547008547008547,24.786324786324787,66.66666666666666,60.68376068376068,5.982905982905983
E00048261,99,21,6,15,78,70,8,21.21212121212121,6.0606060606060606,15.151515151515152,78.78787878787878,70.70707070707071,8.080808080808081
E00048262,104,28,3,25,76,70,6,26.923076923076923,2.8846153846153846,24.03846153846154,73.07692307692307,67.3076923076923,5.769230769230769
E00048263,104,28,11,17,76,66,10,26.923076923076923,10.576923076923077,16.346153846153847,73.07692307692307,63.46153846153846,9.615384615384617
E00048264,201,42,13,29,159,142,17,20.8955223880597,6.467661691542288,14.427860696517413,79.1044776119403,70.64676616915423,8.45771144278607
E00048265,143,35,9,26,108,97,11,24.475524475524477,6.293706293706294,18.181818181818183,75.52447552447552,67.83216783216784,7.6923076923076925
E00048266,107,32,9,23,75,70,5,29.906542056074763,8.411214953271028,21.49532710280374,70.09345794392523,65.42056074766354,4.672897196261682
E00048267,108,23,6,17,85,74,11,21.296296296296298,5.555555555555555,15.74074074074074,78.70370370370371,68.51851851851852,10.185185185185185
E00048268,156,51,16,35,105,85,20,32.69230769230769,10.256410256410255,22.435897435897438,67.3076923076923,54.48717948717948,12.82051282051282
E00048269,97,30,14,16,67,62,5,30.927835051546392,14.432989690721648,16.49484536082474,69.0721649484536,63.91752577319587,5.154639175257731
E00048270,92,23,5,18,69,62,7,25,5.434782608695652,19.565217391304348,75,67.3913043478261,7.608695652173914
E00048271,112,29,6,23,83,78,5,25.892857142857146,5.357142857142857,20.535714285714285,74.10714285714286,69.64285714285714,4.464285714285714
E00048272,120,33,12,21,87,76,11,27.500000000000004,10,17.5,72.5,63.33333333333333,9.166666666666666
E00048273,140,32,10,22,108,94,14,22.857142857142858,7.142857142857142,15.714285714285714,77.14285714285715,67.14285714285714,10
E00048274,166,56,15,41,110,97,13,33.734939759036145,9.036144578313253,24.69879518072289,66.26506024096386,58.43373493975904,7.83132530120482
E00048275,173,46,15,31,127,111,16,26.589595375722542,8.670520231213873,17.91907514450867,73.41040462427746,64.16184971098265,9.248554913294797
E00048276,115,34,15,19,81,69,12,29.565217391304348,13.043478260869565,16.52173913043478,70.43478260869566,60,10.434782608695652
E00048277,156,33,13,20,123,106,17,21.153846153846153,8.333333333333332,12.82051282051282,78.84615384615384,67.94871794871796,10.897435897435898
E00048278,156,37,11,26,119,103,16,23.717948717948715,7.051282051282051,16.666666666666664,76.28205128205127,66.02564102564102,10.256410256410255
E00048279,126,29,3,26,97,88,9,23.015873015873016,2.380952380952381,20.634920634920633,76.98412698412699,69.84126984126983,7.142857142857142
E00048280,149,38,16,22,111,106,5,25.503355704697988,10.738255033557047,14.76510067114094,74.49664429530202,71.14093959731544,3.3557046979865772
E00048281,131,31,6,25,100,89,11,23.66412213740458,4.580152671755725,19.083969465648856,76.33587786259542,67.93893129770993,8.396946564885496
E00048283,138,27,11,16,111,104,7,19.565217391304348,7.971014492753622,11.594202898550725,80.43478260869566,75.36231884057972,5.072463768115942
E00048284,85,26,8,18,59,56,3,30.58823529411765,9.411764705882353,21.176470588235293,69.41176470588235,65.88235294117646,3.5294117647058822
E00048285,130,33,8,25,97,85,12,25.384615384615383,6.153846153846154,19.230769230769234,74.61538461538461,65.38461538461539,9.230769230769232
E00048286,110,34,9,25,76,69,7,30.909090909090907,8.181818181818182,22.727272727272727,69.0909090909091,62.727272727272734,6.363636363636363
E00048287,110,27,6,21,83,68,15,24.545454545454547,5.454545454545454,19.090909090909093,75.45454545454545,61.81818181818181,13.636363636363635
E00048288,136,33,8,25,103,92,11,24.264705882352942,5.88235294117647,18.38235294117647,75.73529411764706,67.64705882352942,8.088235294117647
E00048289,108,33,9,24,75,68,7,30.555555555555557,8.333333333333332,22.22222222222222,69.44444444444444,62.96296296296296,6.481481481481481
E00048290,88,28,6,22,60,54,6,31.818181818181817,6.8181818181818175,25,68.18181818181817,61.36363636363637,6.8181818181818175
E00048291,127,27,8,19,100,96,4,21.25984251968504,6.299212598425196,14.960629921259844,78.74015748031496,75.59055118110236,3.149606299212598
E00048292,167,34,10,24,133,120,13,20.359281437125748,5.9880239520958085,14.37125748502994,79.64071856287424,71.8562874251497,7.784431137724551
E00048293,138,37,9,28,101,90,11,26.811594202898554,6.521739130434782,20.28985507246377,73.18840579710145,65.21739130434783,7.971014492753622
E00048294,97,27,7,20,70,63,7,27.835051546391753,7.216494845360824,20.618556701030926,72.16494845360825,64.94845360824742,7.216494845360824
E00048296,107,31,17,14,76,63,13,28.971962616822427,15.887850467289718,13.084112149532709,71.02803738317756,58.87850467289719,12.149532710280374
E00048297,114,41,12,29,73,67,6,35.96491228070175,10.526315789473683,25.438596491228072,64.03508771929825,58.77192982456141,5.263157894736842
E00048298,76,32,8,24,44,39,5,42.10526315789473,10.526315789473683,31.57894736842105,57.89473684210527,51.31578947368421,6.578947368421052
E00048299,115,37,13,24,78,78,0,32.17391304347826,11.304347826086957,20.869565217391305,67.82608695652173,67.82608695652173,0
E00048300,164,60,21,39,104,97,7,36.58536585365854,12.804878048780488,23.78048780487805,63.41463414634146,59.14634146341463,4.2682926829268295
E00048301,123,35,7,28,88,77,11,28.455284552845526,5.691056910569105,22.76422764227642,71.54471544715447,62.601626016260155,8.94308943089431
E00048302,87,25,7,18,62,58,4,28.735632183908045,8.045977011494253,20.689655172413794,71.26436781609196,66.66666666666666,4.597701149425287
E00048303,119,43,16,27,76,71,5,36.134453781512605,13.445378151260504,22.689075630252102,63.86554621848739,59.66386554621849,4.201680672268908
E00048304,151,37,7,30,114,101,13,24.503311258278146,4.635761589403973,19.867549668874172,75.49668874172185,66.88741721854305,8.609271523178808
E00048306,117,24,2,22,93,82,11,20.51282051282051,1.7094017094017095,18.803418803418804,79.48717948717949,70.08547008547008,9.401709401709402
E00048307,195,43,8,35,152,143,9,22.05128205128205,4.102564102564102,17.94871794871795,77.94871794871796,73.33333333333333,4.615384615384616
E00048308,181,58,15,43,123,112,11,32.04419889502763,8.287292817679557,23.756906077348066,67.95580110497238,61.87845303867403,6.077348066298343
E00048309,66,22,8,14,44,44,0,33.33333333333333,12.121212121212121,21.21212121212121,66.66666666666666,66.66666666666666,0
E00048311,114,36,5,31,78,70,8,31.57894736842105,4.385964912280701,27.192982456140353,68.42105263157895,61.40350877192983,7.017543859649122
E00048313,147,45,7,38,102,86,16,30.612244897959183,4.761904761904762,25.850340136054424,69.38775510204081,58.50340136054422,10.884353741496598
E00048314,109,33,10,23,76,65,11,30.275229357798167,9.174311926605505,21.100917431192663,69.72477064220183,59.63302752293578,10.091743119266056
E00048315,93,32,9,23,61,56,5,34.40860215053764,9.67741935483871,24.731182795698924,65.59139784946237,60.215053763440864,5.376344086021505
E00048316,151,25,7,18,126,118,8,16.55629139072848,4.635761589403973,11.920529801324504,83.44370860927152,78.1456953642384,5.298013245033113
E00048318,148,30,11,19,118,105,13,20.27027027027027,7.4324324324324325,12.837837837837837,79.72972972972973,70.94594594594594,8.783783783783784
E00048319,105,33,10,23,72,66,6,31.428571428571427,9.523809523809524,21.904761904761905,68.57142857142857,62.857142857142854,5.714285714285714
E00048320,140,30,7,23,110,102,8,21.428571428571427,5,16.428571428571427,78.57142857142857,72.85714285714285,5.714285714285714
E00048321,168,51,15,36,117,98,19,30.357142857142854,8.928571428571429,21.428571428571427,69.64285714285714,58.333333333333336,11.30952380952381
E00048322,113,39,10,29,74,68,6,34.51327433628318,8.849557522123893,25.663716814159294,65.48672566371681,60.17699115044248,5.3097345132743365
E00048323,186,44,14,30,142,123,19,23.655913978494624,7.526881720430108,16.129032258064516,76.34408602150538,66.12903225806451,10.21505376344086
E00048324,137,41,10,31,96,89,7,29.927007299270077,7.2992700729927,22.62773722627737,70.07299270072993,64.96350364963503,5.109489051094891
E00048325,128,23,6,17,105,96,9,17.96875,4.6875,13.28125,82.03125,75,7.03125
E00048326,125,27,6,21,98,89,9,21.6,4.8,16.8,78.4,71.2,7.199999999999999
E00048327,118,32,13,19,86,80,6,27.11864406779661,11.016949152542372,16.101694915254235,72.88135593220339,67.79661016949152,5.084745762711865
E00048328,125,24,9,15,101,94,7,19.2,7.199999999999999,12,80.80000000000001,75.2,5.6000000000000005
E00048330,114,24,13,11,90,75,15,21.052631578947366,11.403508771929824,9.649122807017543,78.94736842105263,65.78947368421053,13.157894736842104
E00048331,150,43,13,30,107,92,15,28.666666666666668,8.666666666666668,20,71.33333333333334,61.33333333333333,10
E00048332,127,32,10,22,95,87,8,25.196850393700785,7.874015748031496,17.322834645669293,74.80314960629921,68.50393700787401,6.299212598425196
E00048334,149,39,12,27,110,91,19,26.174496644295303,8.053691275167784,18.120805369127517,73.8255033557047,61.07382550335571,12.751677852348994
E00048335,167,45,11,34,122,106,16,26.94610778443114,6.58682634730539,20.359281437125748,73.05389221556887,63.47305389221557,9.580838323353294
E00048336,72,21,4,17,51,49,2,29.166666666666668,5.555555555555555,23.61111111111111,70.83333333333334,68.05555555555556,2.7777777777777777
E00048337,121,34,9,25,87,72,15,28.09917355371901,7.43801652892562,20.66115702479339,71.900826446281,59.50413223140496,12.396694214876034
E00048338,100,14,6,8,86,75,11,14.000000000000002,6,8,86,75,11
E00048339,148,35,6,29,113,106,7,23.64864864864865,4.054054054054054,19.594594594594593,76.35135135135135,71.62162162162163,4.72972972972973
E00048340,133,43,19,24,90,83,7,32.33082706766917,14.285714285714285,18.045112781954884,67.66917293233082,62.40601503759399,5.263157894736842
E00048341,118,38,12,26,80,68,12,32.20338983050847,10.16949152542373,22.033898305084744,67.79661016949152,57.6271186440678,10.16949152542373
E00048342,187,51,15,36,136,122,14,27.27272727272727,8.0213903743315509,19.25133689839572,72.72727272727273,65.24064171122996,7.4866310160427805
E00048343,153,42,16,26,111,94,17,27.450980392156865,10.457516339869281,16.99346405228758,72.54901960784314,61.43790849673203,11.11111111111111
E00048344,144,25,10,15,119,95,24,17.36111111111111,6.944444444444445,10.416666666666668,82.63888888888889,65.97222222222221,16.666666666666664
E00048345,172,48,17,31,124,107,17,27.906976744186046,9.883720930232558,18.023255813953487,72.09302325581395,62.2093023255814,9.883720930232558
E00048346,128,30,13,17,98,86,12,23.4375,10.15625,13.28125,76.5625,67.1875,9.375
E00048347,82,23,10,13,59,47,12,28.04878048780488,12.195121951219512,15.853658536585366,71.95121951219512,57.3170731707317,14.634146341463413
E00048348,159,45,11,34,114,105,9,28.30188679245283,6.918238993710692,21.38364779874214,71.69811320754717,66.0377358490566,5.660377358490567
E00048349,137,25,7,18,112,96,16,18.248175182481752,5.109489051094891,13.138686131386862,81.75182481751825,70.07299270072993,11.678832116788321
E00048350,91,19,5,14,72,62,10,20.87912087912088,5.4945054945054945,15.384615384615385,79.12087912087912,68.13186813186813,10.989010989010989
E00048352,192,49,7,42,143,135,8,25.520833333333332,3.6458333333333335,21.875,74.47916666666666,70.3125,4.166666666666666
E00048353,121,40,13,27,81,69,12,33.057851239669425,10.743801652892563,22.31404958677686,66.94214876033058,57.02479338842975,9.917355371900827
E00048354,118,33,12,21,85,78,7,27.966101694915253,10.16949152542373,17.796610169491526,72.03389830508475,66.10169491525424,5.932203389830509
E00048355,188,43,16,27,145,137,8,22.872340425531913,8.51063829787234,14.361702127659576,77.12765957446808,72.87234042553192,4.25531914893617
E00048356,133,32,9,23,101,93,8,24.06015037593985,6.7669172932330826,17.293233082706767,75.93984962406014,69.92481203007519,6.015037593984962
E00048357,144,44,13,31,100,90,10,30.555555555555557,9.027777777777777,21.52777777777778,69.44444444444444,62.5,6.944444444444445
E00048358,119,29,10,19,90,83,7,24.369747899159663,8.403361344537815,15.966386554621847,75.63025210084034,69.74789915966386,5.88235294117647
E00048359,132,36,11,25,96,89,7,27.27272727272727,8.333333333333332,18.939393939393938,72.72727272727273,67.42424242424242,5.303030303030303
E00048360,146,44,12,32,102,94,8,30.136986301369863,8.21917808219178,21.91780821917808,69.86301369863014,64.38356164383562,5.47945205479452
E00048361,49,10,5,5,39,34,5,20.408163265306122,10.204081632653061,10.204081632653061,79.59183673469387,69.38775510204081,10.204081632653061
E00048362,158,25,5,20,133,125,8,15.822784810126583,3.1645569620253164,12.658227848101266,84.17721518987342,79.11392405063292,5.063291139240507
E00048363,179,42,11,31,137,128,9,23.463687150837988,6.145251396648044,17.318435754189945,76.53631284916202,71.50837988826815,5.027932960893855
E00048364,113,17,8,9,96,88,8,15.04424778761062,7.079646017699115,7.964601769911504,84.95575221238938,77.87610619469027,7.079646017699115
E00048365,117,25,8,17,92,87,5,21.367521367521366,6.837606837606838,14.529914529914532,78.63247863247864,74.35897435897436,4.273504273504273
E00048366,130,37,10,27,93,83,10,28.46153846153846,7.6923076923076925,20.76923076923077,71.53846153846153,63.84615384615384,7.6923076923076925
E00048367,182,45,8,37,137,125,12,24.725274725274726,4.395604395604396,20.32967032967033,75.27472527472527,68.68131868131869,6.593406593406594
E00048369,92,26,10,16,66,63,3,28.26086956521739,10.869565217391305,17.391304347826086,71.73913043478261,68.47826086956522,3.260869565217391
E00048370,176,40,19,21,136,116,20,22.727272727272727,10.795454545454545,11.931818181818182,77.27272727272727,65.9090909090909,11.363636363636363
E00048371,147,55,19,36,92,77,15,37.41496598639456,12.925170068027212,24.489795918367346,62.585034013605444,52.38095238095239,10.204081632653061
E00048372,168,44,14,30,124,97,27,26.190476190476193,8.333333333333332,17.857142857142858,73.80952380952381,57.738095238095234,16.071428571428573
E00048373,158,39,21,18,119,105,14,24.68354430379747,13.291139240506327,11.39240506329114,75.31645569620254,66.45569620253164,8.860759493670885
E00048374,170,54,19,35,116,95,21,31.76470588235294,11.176470588235295,20.588235294117645,68.23529411764706,55.88235294117647,12.352941176470589
E00048375,127,49,17,32,78,68,10,38.582677165354326,13.385826771653544,25.196850393700785,61.417322834645674,53.54330708661418,7.874015748031496
E00048376,114,33,10,23,81,75,6,28.947368421052634,8.771929824561402,20.175438596491226,71.05263157894737,65.78947368421053,5.263157894736842
E00048377,123,35,18,17,88,74,14,28.455284552845526,14.634146341463413,13.821138211382115,71.54471544715447,60.16260162601627,11.38211382113821
E00048378,164,54,24,30,110,98,12,32.926829268292686,14.634146341463413,18.29268292682927,67.07317073170732,59.756097560975604,7.317073170731707
E00048379,106,26,10,16,80,71,9,24.528301886792452,9.433962264150944,15.09433962264151,75.47169811320755,66.98113207547169,8.49056603773585
E00048380,175,41,14,27,134,113,21,23.42857142857143,8,15.428571428571427,76.57142857142857,64.57142857142857,12
E00048381,143,50,9,41,93,73,20,34.96503496503497,6.293706293706294,28.671328671328673,65.03496503496503,51.048951048951054,13.986013986013987
E00048382,146,42,14,28,104,87,17,28.767123287671232,9.58904109589041,19.17808219178082,71.23287671232876,59.589041095890416,11.643835616438356
E00048383,136,30,8,22,106,92,14,22.058823529411764,5.88235294117647,16.176470588235293,77.94117647058823,67.64705882352942,10.294117647058822
E00048384,120,32,5,27,88,79,9,26.666666666666668,4.166666666666666,22.5,73.33333333333333,65.83333333333333,7.5
E00048385,150,35,14,21,115,107,8,23.333333333333332,9.333333333333334,14.000000000000002,76.66666666666667,71.33333333333334,5.333333333333334
E00048386,173,56,18,38,117,104,13,32.369942196531795,10.404624277456648,21.965317919075144,67.63005780346822,60.115606936416185,7.514450867052023
E00048387,153,45,19,26,108,88,20,29.411764705882355,12.418300653594772,16.99346405228758,70.58823529411765,57.51633986928104,13.071895424836603
E00048388,195,49,15,34,146,133,13,25.128205128205128,7.6923076923076925,17.435897435897434,74.87179487179488,68.2051282051282,6.666666666666667
E00048389,103,24,6,18,79,71,8,23.300970873786408,5.825242718446602,17.475728155339805,76.69902912621359,68.93203883495146,7.766990291262135
E00048390,177,55,17,38,122,109,13,31.07344632768362,9.6045197740113,21.468926553672315,68.92655367231639,61.5819209039548,7.344632768361582
E00048391,73,21,7,14,52,51,1,28.767123287671232,9.58904109589041,19.17808219178082,71.23287671232876,69.86301369863014,1.36986301369863
E00048392,139,38,11,27,101,86,15,27.33812949640288,7.913669064748201,19.424460431654676,72.66187050359713,61.87050359712231,10.79136690647482
E00048393,136,32,9,23,104,88,16,23.52941176470588,6.61764705882353,16.911764705882355,76.47058823529412,64.70588235294117,11.76470588235294
E00048394,178,49,15,34,129,114,15,27.52808988764045,8.426966292134832,19.101123595505616,72.47191011235955,64.04494382022472,8.426966292134832
E00048395,126,38,10,28,88,86,2,30.158730158730158,7.936507936507936,22.22222222222222,69.84126984126983,68.25396825396825,1.5873015873015872
E00048396,127,30,6,24,97,86,11,23.62204724409449,4.724409448818897,18.89763779527559,76.37795275590551,67.71653543307087,8.661417322834646
E00048398,100,43,13,30,57,52,5,43,13,30,56.99999999999999,52,5
E00048399,138,47,17,30,91,80,11,34.05797101449276,12.318840579710146,21.73913043478261,65.94202898550725,57.971014492753625,7.971014492753622
E00048400,125,33,17,16,92,83,9,26.400000000000002,13.600000000000001,12.8,73.6,66.4,7.199999999999999
E00048401,111,31,10,21,80,68,12,27.927927927927925,9.00900900900901,18.91891891891892,72.07207207207207,61.261261261261254,10.81081081081081
E00048402,122,38,17,21,84,75,9,31.147540983606557,13.934426229508196,17.21311475409836,68.85245901639344,61.47540983606557,7.377049180327869
E00048403,156,38,18,20,118,99,19,24.358974358974358,11.538461538461538,12.82051282051282,75.64102564102564,63.46153846153846,12.179487179487179
E00048404,153,30,7,23,123,108,15,19.607843137254903,4.57516339869281,15.032679738562091,80.3921568627451,70.58823529411765,9.803921568627452
E00048405,164,38,16,22,126,113,13,23.170731707317074,9.75609756097561,13.414634146341465,76.82926829268293,68.90243902439023,7.926829268292683
E00048406,80,20,8,12,60,47,13,25,10,15,75,58.75,16.25
E00048407,162,44,18,26,118,102,16,27.160493827160494,11.11111111111111,16.049382716049383,72.8395061728395,62.96296296296296,9.876543209876543
E00048408,96,31,15,16,65,60,5,32.29166666666667,15.625,16.666666666666664,67.70833333333334,62.5,5.208333333333334
E00048409,153,33,9,24,120,113,7,21.568627450980394,5.88235294117647,15.686274509803921,78.43137254901961,73.8562091503268,4.57516339869281
E00048410,85,17,11,6,68,55,13,20,12.941176470588237,7.0588235294117645,80,64.70588235294117,15.294117647058824
E00048411,134,49,26,23,85,66,19,36.56716417910448,19.402985074626866,17.16417910447761,63.43283582089553,49.25373134328358,14.17910447761194
E00048412,123,37,18,19,86,77,9,30.081300813008134,14.634146341463413,15.447154471544716,69.91869918699187,62.601626016260155,7.317073170731707
E00048413,129,29,15,14,100,86,14,22.48062015503876,11.627906976744185,10.852713178294573,77.51937984496125,66.66666666666666,10.852713178294573
E00048414,90,23,12,11,67,51,16,25.555555555555554,13.333333333333334,12.222222222222221,74.44444444444444,56.666666666666664,17.77777777777778
E00048415,178,54,25,29,124,102,22,30.337078651685395,14.04494382022472,16.292134831460675,69.66292134831461,57.30337078651685,12.359550561797752
E00048416,145,35,20,15,110,89,21,24.137931034482758,13.793103448275861,10.344827586206897,75.86206896551724,61.37931034482759,14.482758620689657
E00048417,128,32,10,22,96,82,14,25,7.8125,17.1875,75,64.0625,10.9375
E00048418,158,55,28,27,103,84,19,34.810126582278485,17.72151898734177,17.088607594936708,65.18987341772153,53.16455696202531,12.025316455696203
E00048419,145,39,9,30,106,93,13,26.89655172413793,6.206896551724138,20.689655172413794,73.10344827586206,64.13793103448275,8.96551724137931
E00048420,221,65,16,49,156,129,27,29.411764705882355,7.239819004524888,22.171945701357465,70.58823529411765,58.371040723981906,12.217194570135746
E00048421,69,25,11,14,44,40,4,36.231884057971016,15.942028985507244,20.28985507246377,63.76811594202898,57.971014492753625,5.797101449275362
E00048422,152,36,11,25,116,97,19,23.684210526315788,7.236842105263158,16.447368421052634,76.31578947368422,63.81578947368421,12.5
E00048423,175,55,25,30,120,111,9,31.428571428571427,14.285714285714285,17.142857142857142,68.57142857142857,63.42857142857142,5.142857142857142
E00048425,163,28,12,16,135,114,21,17.177914110429448,7.361963190184049,9.815950920245399,82.82208588957054,69.93865030674846,12.883435582822086
E00048427,125,58,22,36,67,63,4,46.400000000000006,17.599999999999998,28.799999999999997,53.6,50.4,3.2
E00048428,101,51,22,29,50,46,4,50.495049504950494,21.782178217821784,28.71287128712871,49.504950495049506,45.54455445544555,3.9603960396039604
E00048429,109,41,16,25,68,58,10,37.61467889908257,14.678899082568808,22.93577981651376,62.38532110091744,53.21100917431193,9.174311926605505
E00048431,137,45,11,34,92,79,13,32.846715328467155,8.02919708029197,24.817518248175183,67.15328467153284,57.66423357664233,9.48905109489051
E00048432,131,34,9,25,97,84,13,25.954198473282442,6.870229007633588,19.083969465648856,74.04580152671755,64.12213740458014,9.923664122137405
E00048433,162,43,15,28,119,99,20,26.543209876543212,9.25925925925926,17.28395061728395,73.4567901234568,61.111111111111114,12.345679012345679
E00048434,251,65,13,52,186,165,21,25.89641434262948,5.179282868525896,20.717131474103585,74.10358565737052,65.73705179282868,8.366533864541832
E00048435,152,36,11,25,116,109,7,23.684210526315788,7.236842105263158,16.447368421052634,76.31578947368422,71.71052631578947,4.605263157894736
E00048436,163,56,23,33,107,101,6,34.355828220858896,14.11042944785276,20.245398773006134,65.6441717791411,61.963190184049076,3.6809815950920246
E00048437,176,54,20,34,122,112,10,30.681818181818183,11.363636363636363,19.318181818181817,69.31818181818183,63.63636363636363,5.681818181818182
E00048438,165,59,16,43,106,100,6,35.75757575757576,9.696969696969697,26.060606060606062,64.24242424242425,60.60606060606061,3.6363636363636362
E00048439,126,37,11,26,89,84,5,29.365079365079367,8.73015873015873,20.634920634920633,70.63492063492063,66.66666666666666,3.968253968253968
E00048440,170,55,13,42,115,95,20,32.35294117647059,7.647058823529412,24.705882352941178,67.64705882352942,55.88235294117647,11.76470588235294
E00048441,128,46,10,36,82,78,4,35.9375,7.8125,28.125,64.0625,60.9375,3.125
E00048442,200,61,17,44,139,125,14,30.5,8.5,22,69.5,62.5,7.000000000000001
E00048443,144,50,14,36,94,84,10,34.72222222222222,9.722222222222223,25,65.27777777777779,58.333333333333336,6.944444444444445
E00048444,53,17,6,11,36,28,8,32.075471698113205,11.320754716981133,20.754716981132077,67.9245283018868,52.83018867924528,15.09433962264151
E00048445,240,72,25,47,168,139,29,30,10.416666666666668,19.583333333333332,70,57.91666666666667,12.083333333333334
E00048446,171,63,17,46,108,95,13,36.84210526315789,9.941520467836257,26.900584795321635,63.1578947368421,55.55555555555556,7.602339181286549
E00048447,130,51,14,37,79,75,4,39.23076923076923,10.76923076923077,28.46153846153846,60.76923076923077,57.692307692307686,3.076923076923077
E00048448,148,42,12,30,106,96,10,28.37837837837838,8.108108108108109,20.27027027027027,71.62162162162163,64.86486486486487,6.756756756756757
E00048449,162,52,12,40,110,103,7,32.098765432098766,7.4074074074074066,24.691358024691358,67.90123456790124,63.580246913580254,4.320987654320987
E00048450,149,48,18,30,101,90,11,32.21476510067114,12.080536912751679,20.13422818791946,67.78523489932886,60.40268456375839,7.38255033557047
E00048451,110,30,6,24,80,70,10,27.27272727272727,5.454545454545454,21.818181818181817,72.72727272727273,63.63636363636363,9.090909090909092
E00048452,35,6,0,6,29,27,2,17.142857142857142,0,17.142857142857142,82.85714285714286,77.14285714285715,5.714285714285714
E00048454,152,56,10,46,96,87,9,36.84210526315789,6.578947368421052,30.263157894736842,63.1578947368421,57.23684210526315,5.921052631578947
E00048455,83,26,7,19,57,51,6,31.32530120481928,8.433734939759036,22.89156626506024,68.67469879518072,61.44578313253012,7.228915662650602
E00048456,167,66,20,46,101,95,6,39.52095808383233,11.976047904191617,27.54491017964072,60.47904191616767,56.886227544910184,3.592814371257485
E00048457,140,53,14,39,87,79,8,37.857142857142854,10,27.857142857142858,62.142857142857146,56.42857142857143,5.714285714285714
E00048458,143,48,14,34,95,84,11,33.56643356643357,9.79020979020979,23.776223776223777,66.43356643356644,58.74125874125874,7.6923076923076925
E00048459,162,49,15,34,113,104,9,30.246913580246915,9.25925925925926,20.98765432098765,69.75308641975309,64.19753086419753,5.555555555555555
E00048461,101,30,8,22,71,66,5,29.7029702970297,7.920792079207921,21.782178217821784,70.29702970297029,65.34653465346535,4.9504950495049505
E00048462,74,18,6,12,56,46,10,24.324324324324326,8.108108108108109,16.216216216216218,75.67567567567568,62.16216216216216,13.513513513513514
E00048463,157,61,21,40,96,85,11,38.853503184713375,13.375796178343949,25.477707006369428,61.146496815286625,54.14012738853503,7.006369426751593
E00048464,253,81,21,60,172,154,18,32.015810276679844,8.300395256916996,23.715415019762844,67.98418972332016,60.86956521739131,7.114624505928854
E00048465,131,43,10,33,88,74,14,32.82442748091603,7.633587786259542,25.190839694656486,67.17557251908397,56.48854961832062,10.687022900763358
E00048466,157,77,26,51,80,71,9,49.044585987261144,16.560509554140125,32.48407643312102,50.955414012738856,45.22292993630573,5.7324840764331215
E00048467,110,46,19,27,64,60,4,41.81818181818181,17.272727272727273,24.545454545454547,58.18181818181818,54.54545454545454,3.6363636363636362
E00048468,169,71,16,55,98,94,4,42.01183431952663,9.467455621301776,32.544378698224854,57.98816568047337,55.62130177514793,2.366863905325444
E00048469,146,61,22,39,85,81,4,41.78082191780822,15.068493150684931,26.71232876712329,58.21917808219178,55.47945205479452,2.73972602739726
E00048470,93,30,12,18,63,54,9,32.25806451612903,12.903225806451612,19.35483870967742,67.74193548387096,58.06451612903226,9.67741935483871
E00048471,189,52,17,35,137,120,17,27.513227513227513,8.994708994708994,18.51851851851852,72.4867724867725,63.49206349206349,8.994708994708994
E00048472,148,38,10,28,110,99,11,25.675675675675674,6.756756756756757,18.91891891891892,74.32432432432432,66.8918918918919,7.4324324324324325
E00048473,114,33,7,26,81,74,7,28.947368421052634,6.140350877192982,22.807017543859647,71.05263157894737,64.91228070175438,6.140350877192982
E00048474,211,67,17,50,144,134,10,31.753554502369667,8.056872037914692,23.696682464454977,68.24644549763033,63.507109004739334,4.739336492890995
E00048475,218,47,11,36,171,159,12,21.55963302752294,5.045871559633028,16.51376146788991,78.44036697247707,72.93577981651376,5.5045871559633035
E00048476,100,29,10,19,71,62,9,28.999999999999996,10,19,71,62,9
E00048477,201,49,17,32,152,136,16,24.378109452736318,8.45771144278607,15.92039800995025,75.62189054726367,67.66169154228857,7.960199004975125
E00048478,119,34,13,21,85,77,8,28.57142857142857,10.92436974789916,17.647058823529413,71.42857142857143,64.70588235294117,6.722689075630252
E00048479,114,50,10,40,64,57,7,43.859649122807014,8.771929824561402,35.08771929824561,56.14035087719298,50,6.140350877192982
E00048480,151,39,6,33,112,99,13,25.82781456953642,3.9735099337748347,21.85430463576159,74.17218543046357,65.56291390728477,8.609271523178808
E00048481,153,52,15,37,101,84,17,33.98692810457516,9.803921568627452,24.183006535947712,66.01307189542483,54.90196078431373,11.11111111111111
E00048482,153,38,10,28,115,100,15,24.836601307189543,6.535947712418301,18.30065359477124,75.16339869281046,65.359477124183,9.803921568627452
E00048485,50,15,3,12,35,34,1,30,6,24,70,68,2
E00048486,86,21,6,15,65,58,7,24.418604651162788,6.976744186046512,17.441860465116278,75.5813953488372,67.44186046511628,8.13953488372093
E00048487,230,71,18,53,159,149,10,30.869565217391305,7.82608695652174,23.043478260869566,69.1304347826087,64.78260869565217,4.3478260869565215
E00048488,163,40,7,33,123,113,10,24.539877300613497,4.294478527607362,20.245398773006134,75.4601226993865,69.32515337423312,6.134969325153374
E00048489,124,28,7,21,96,91,5,22.58064516129032,5.64516129032258,16.93548387096774,77.41935483870968,73.38709677419355,4.032258064516129
E00048491,165,37,10,27,128,116,12,22.424242424242426,6.0606060606060606,16.363636363636363,77.57575757575758,70.3030303030303,7.2727272727272725
E00048492,104,27,6,21,77,66,11,25.961538461538463,5.769230769230769,20.192307692307693,74.03846153846155,63.46153846153846,10.576923076923077
E00048494,153,44,12,32,109,95,14,28.75816993464052,7.8431372549019605,20.915032679738562,71.24183006535948,62.091503267973856,9.15032679738562
E00048495,161,51,12,39,110,99,11,31.67701863354037,7.453416149068323,24.22360248447205,68.32298136645963,61.49068322981367,6.832298136645963
E00048496,167,44,11,33,123,114,9,26.34730538922156,6.58682634730539,19.760479041916167,73.65269461077844,68.26347305389223,5.389221556886228
E00048497,109,43,14,29,66,60,6,39.44954128440367,12.844036697247708,26.605504587155966,60.550458715596335,55.04587155963303,5.5045871559633035
E00048498,122,31,14,17,91,84,7,25.40983606557377,11.475409836065573,13.934426229508196,74.59016393442623,68.85245901639344,5.737704918032787
E00048499,162,38,12,26,124,113,11,23.456790123456788,7.4074074074074066,16.049382716049383,76.5432098765432,69.75308641975309,6.790123456790123
E00048500,107,43,13,30,64,63,1,40.18691588785047,12.149532710280374,28.037383177570092,59.813084112149525,58.87850467289719,0.9345794392523363
E00048501,85,20,7,13,65,58,7,23.52941176470588,8.235294117647058,15.294117647058824,76.47058823529412,68.23529411764706,8.235294117647058
E00048502,180,48,9,39,132,114,18,26.666666666666668,5,21.666666666666668,73.33333333333333,63.33333333333333,10
E00048503,138,46,14,32,92,82,10,33.33333333333333,10.144927536231885,23.18840579710145,66.66666666666666,59.42028985507246,7.246376811594203
E00048504,186,54,10,44,132,121,11,29.03225806451613,5.376344086021505,23.655913978494624,70.96774193548387,65.05376344086021,5.913978494623656
E00048505,275,62,12,50,213,197,16,22.545454545454547,4.363636363636364,18.181818181818183,77.45454545454545,71.63636363636363,5.818181818181818
E00048506,84,32,14,18,52,45,7,38.095238095238095,16.666666666666664,21.428571428571427,61.904761904761905,53.57142857142857,8.333333333333332
E00048507,141,47,10,37,94,83,11,33.33333333333333,7.092198581560284,26.24113475177305,66.66666666666666,58.86524822695035,7.801418439716312
E00048508,171,55,14,41,116,104,12,32.16374269005848,8.187134502923977,23.976608187134502,67.83625730994152,60.81871345029239,7.017543859649122
E00048509,214,70,21,49,144,129,15,32.71028037383177,9.813084112149532,22.897196261682243,67.28971962616822,60.280373831775705,7.009345794392523
E00048510,103,23,10,13,80,76,4,22.330097087378643,9.70873786407767,12.62135922330097,77.66990291262135,73.7864077669903,3.8834951456310676
E00048511,189,43,12,31,146,129,17,22.75132275132275,6.349206349206349,16.402116402116402,77.24867724867724,68.25396825396825,8.994708994708994
E00048514,87,33,11,22,54,51,3,37.93103448275862,12.643678160919542,25.287356321839084,62.06896551724138,58.620689655172406,3.4482758620689653
E00048516,63,18,7,11,45,37,8,28.57142857142857,11.11111111111111,17.46031746031746,71.42857142857143,58.730158730158735,12.698412698412698
E00048517,63,24,0,24,39,36,3,38.095238095238095,0,38.095238095238095,61.904761904761905,57.14285714285714,4.761904761904762
E00048518,160,47,19,28,113,97,16,29.375,11.875,17.5,70.625,60.62499999999999,10
E00048519,203,49,15,34,154,142,12,24.137931034482758,7.389162561576355,16.748768472906402,75.86206896551724,69.95073891625616,5.911330049261084
E00048520,192,47,10,37,145,133,12,24.479166666666664,5.208333333333334,19.270833333333336,75.52083333333334,69.27083333333334,6.25
E00048521,119,38,7,31,81,76,5,31.932773109243694,5.88235294117647,26.05042016806723,68.0672268907563,63.86554621848739,4.201680672268908
E00048522,94,28,9,19,66,58,8,29.78723404255319,9.574468085106384,20.212765957446805,70.2127659574468,61.702127659574465,8.51063829787234
E00048523,116,28,5,23,88,79,9,24.137931034482758,4.310344827586207,19.82758620689655,75.86206896551724,68.10344827586206,7.758620689655173
E00048524,118,21,5,16,97,94,3,17.796610169491526,4.23728813559322,13.559322033898304,82.20338983050848,79.66101694915254,2.5423728813559325
E00048525,100,24,6,18,76,68,8,24,6,18,76,68,8
E00048526,132,30,14,16,102,99,3,22.727272727272727,10.606060606060606,12.121212121212121,77.27272727272727,75,2.272727272727273
E00048527,56,19,4,15,37,30,7,33.92857142857143,7.142857142857142,26.785714285714285,66.07142857142857,53.57142857142857,12.5
E00048528,159,47,19,28,112,100,12,29.559748427672954,11.949685534591195,17.61006289308176,70.44025157232704,62.893081761006286,7.547169811320755
E00048529,139,36,17,19,103,96,7,25.899280575539567,12.23021582733813,13.66906474820144,74.10071942446042,69.06474820143885,5.0359712230215825
E00048532,143,37,11,26,106,92,14,25.874125874125873,7.6923076923076925,18.181818181818183,74.12587412587412,64.33566433566433,9.79020979020979
E00048533,161,50,20,30,111,102,9,31.05590062111801,12.422360248447205,18.633540372670808,68.94409937888199,63.35403726708074,5.590062111801243
E00048534,129,36,11,25,93,85,8,27.906976744186046,8.527131782945736,19.379844961240313,72.09302325581395,65.89147286821705,6.2015503875969
E00048535,165,52,19,33,113,105,8,31.515151515151512,11.515151515151516,20,68.48484848484848,63.63636363636363,4.848484848484849
E00048536,159,56,17,39,103,96,7,35.22012578616352,10.69182389937107,24.528301886792452,64.77987421383648,60.37735849056604,4.40251572327044
E00048537,295,78,23,55,217,193,24,26.440677966101696,7.796610169491526,18.64406779661017,73.5593220338983,65.42372881355932,8.135593220338983
E00048538,169,39,15,24,130,112,18,23.076923076923077,8.875739644970414,14.201183431952662,76.92307692307693,66.27218934911244,10.650887573964498
E00048539,132,36,15,21,96,88,8,27.27272727272727,11.363636363636363,15.909090909090908,72.72727272727273,66.66666666666666,6.0606060606060606
E00048540,212,56,14,42,156,133,23,26.41509433962264,6.60377358490566,19.81132075471698,73.58490566037736,62.735849056603776,10.849056603773585
E00048541,107,32,6,26,75,69,6,29.906542056074763,5.607476635514018,24.299065420560748,70.09345794392523,64.48598130841121,5.607476635514018
E00048542,147,52,18,34,95,88,7,35.374149659863946,12.244897959183673,23.12925170068027,64.62585034013605,59.863945578231295,4.761904761904762
E00048543,129,33,9,24,96,92,4,25.581395348837212,6.976744186046512,18.6046511627907,74.4186046511628,71.31782945736434,3.10077519379845
E00048544,132,42,11,31,90,79,11,31.818181818181817,8.333333333333332,23.484848484848484,68.18181818181817,59.84848484848485,8.333333333333332
E00048545,153,42,14,28,111,98,13,27.450980392156865,9.15032679738562,18.30065359477124,72.54901960784314,64.05228758169935,8.49673202614379
E00048546,156,32,8,24,124,112,12,20.51282051282051,5.128205128205128,15.384615384615385,79.48717948717949,71.7948717948718,7.6923076923076925
E00048547,147,43,8,35,104,85,19,29.25170068027211,5.442176870748299,23.809523809523807,70.74829931972789,57.82312925170068,12.925170068027212
E00048548,86,28,9,19,58,52,6,32.55813953488372,10.465116279069768,22.093023255813954,67.44186046511628,60.46511627906976,6.976744186046512
E00048549,126,35,9,26,91,80,11,27.77777777777778,7.142857142857142,20.634920634920633,72.22222222222221,63.49206349206349,8.73015873015873
E00048550,188,50,10,40,138,119,19,26.595744680851062,5.319148936170213,21.27659574468085,73.40425531914893,63.297872340425535,10.106382978723403
E00048551,146,41,12,29,105,97,8,28.08219178082192,8.21917808219178,19.863013698630137,71.91780821917808,66.43835616438356,5.47945205479452
E00048552,105,30,3,27,75,71,4,28.57142857142857,2.857142857142857,25.71428571428571,71.42857142857143,67.61904761904762,3.8095238095238098
E00048553,153,35,12,23,118,100,18,22.875816993464053,7.8431372549019605,15.032679738562091,77.12418300653596,65.359477124183,11.76470588235294
E00048554,114,31,10,21,83,80,3,27.192982456140353,8.771929824561402,18.421052631578945,72.80701754385966,70.17543859649122,2.631578947368421
E00048555,210,68,23,45,142,134,8,32.38095238095238,10.952380952380953,21.428571428571427,67.61904761904762,63.8095238095238,3.8095238095238098
E00048556,145,38,9,29,107,98,9,26.20689655172414,6.206896551724138,20,73.79310344827587,67.58620689655173,6.206896551724138
E00048557,154,56,17,39,98,88,10,36.36363636363637,11.03896103896104,25.324675324675322,63.63636363636363,57.14285714285714,6.493506493506493
E00048558,130,46,17,29,84,79,5,35.38461538461539,13.076923076923078,22.30769230769231,64.61538461538461,60.76923076923077,3.8461538461538463
E00048560,150,39,14,25,111,95,16,26,9.333333333333334,16.666666666666664,74,63.33333333333333,10.666666666666668
E00048561,199,47,20,27,152,144,8,23.618090452261306,10.050251256281408,13.5678391959799,76.38190954773869,72.36180904522614,4.0201005025125625
E00048562,140,46,11,35,94,89,5,32.857142857142854,7.857142857142857,25,67.14285714285714,63.57142857142857,3.571428571428571
E00048563,151,43,10,33,108,102,6,28.47682119205298,6.622516556291391,21.85430463576159,71.52317880794702,67.54966887417218,3.9735099337748347
E00048564,205,52,12,40,153,141,12,25.365853658536587,5.853658536585367,19.51219512195122,74.63414634146342,68.78048780487805,5.853658536585367
E00048565,209,61,20,41,148,131,17,29.1866028708134,9.569377990430622,19.617224880382775,70.81339712918661,62.67942583732058,8.133971291866029
E00048566,91,34,11,23,57,52,5,37.362637362637365,12.087912087912088,25.274725274725274,62.637362637362635,57.14285714285714,5.4945054945054945
E00048567,166,42,12,30,124,118,6,25.301204819277107,7.228915662650602,18.072289156626507,74.69879518072288,71.08433734939759,3.614457831325301
E00048568,304,88,27,61,216,188,28,28.947368421052634,8.881578947368421,20.065789473684212,71.05263157894737,61.8421052631579,9.210526315789473
E00048569,168,53,11,42,115,100,15,31.547619047619047,6.547619047619048,25,68.45238095238095,59.523809523809526,8.928571428571429
E00048571,126,37,13,24,89,78,11,29.365079365079367,10.317460317460316,19.047619047619047,70.63492063492063,61.904761904761905,8.73015873015873
E00048572,144,44,15,29,100,89,11,30.555555555555557,10.416666666666668,20.13888888888889,69.44444444444444,61.80555555555556,7.638888888888889
E00048574,256,59,20,39,197,171,26,23.046875,7.8125,15.234375,76.953125,66.796875,10.15625
E00048575,177,44,15,29,133,119,14,24.858757062146893,8.47457627118644,16.38418079096045,75.14124293785311,67.2316384180791,7.909604519774012
E00048576,96,29,6,23,67,62,5,30.208333333333332,6.25,23.958333333333336,69.79166666666666,64.58333333333334,5.208333333333334
E00048577,146,43,12,31,103,93,10,29.45205479452055,8.21917808219178,21.232876712328768,70.54794520547945,63.6986301369863,6.8493150684931505
E00048578,180,48,14,34,132,116,16,26.666666666666668,7.777777777777778,18.88888888888889,73.33333333333333,64.44444444444444,8.88888888888889
E00048579,125,43,12,31,82,75,7,34.4,9.6,24.8,65.60000000000001,60,5.6000000000000005
E00048580,138,52,14,38,86,81,5,37.68115942028986,10.144927536231885,27.536231884057973,62.31884057971014,58.69565217391305,3.6231884057971016
E00048581,175,45,18,27,130,113,17,25.71428571428571,10.285714285714285,15.428571428571427,74.28571428571429,64.57142857142857,9.714285714285714
E00048582,235,55,15,40,180,159,21,23.404255319148938,6.382978723404255,17.02127659574468,76.59574468085107,67.65957446808511,8.936170212765958
E00048583,120,46,15,31,74,68,6,38.333333333333336,12.5,25.833333333333336,61.66666666666667,56.666666666666664,5
E00048584,91,35,4,31,56,56,0,38.46153846153847,4.395604395604396,34.065934065934066,61.53846153846154,61.53846153846154,0
E00048585,110,48,15,33,62,58,4,43.63636363636363,13.636363636363635,30,56.36363636363636,52.72727272727272,3.6363636363636362
E00048586,147,44,9,35,103,97,6,29.931972789115648,6.122448979591836,23.809523809523807,70.06802721088435,65.98639455782312,4.081632653061225
E00048587,145,40,12,28,105,96,9,27.586206896551722,8.275862068965518,19.310344827586206,72.41379310344827,66.20689655172414,6.206896551724138
E00048588,121,38,15,23,83,80,3,31.40495867768595,12.396694214876034,19.00826446280992,68.59504132231406,66.11570247933885,2.479338842975207
E00048589,118,46,14,32,72,66,6,38.983050847457626,11.864406779661017,27.11864406779661,61.016949152542374,55.932203389830505,5.084745762711865
E00048590,243,71,26,45,172,157,15,29.218106995884774,10.699588477366255,18.51851851851852,70.78189300411523,64.60905349794238,6.172839506172839
E00048591,121,23,4,19,98,85,13,19.00826446280992,3.3057851239669422,15.702479338842975,80.99173553719008,70.24793388429752,10.743801652892563
E00048592,157,37,12,25,120,103,17,23.56687898089172,7.643312101910828,15.92356687898089,76.43312101910828,65.60509554140127,10.828025477707007
E00048593,180,38,8,30,142,125,17,21.11111111111111,4.444444444444445,16.666666666666664,78.88888888888889,69.44444444444444,9.444444444444445
E00048594,139,41,14,27,98,79,19,29.496402877697843,10.071942446043165,19.424460431654676,70.50359712230215,56.83453237410072,13.66906474820144
E00048595,147,49,10,39,98,91,7,33.33333333333333,6.802721088435375,26.53061224489796,66.66666666666666,61.904761904761905,4.761904761904762
E00048596,113,46,10,36,67,61,6,40.707964601769916,8.849557522123893,31.858407079646017,59.29203539823009,53.98230088495575,5.3097345132743365
E00048597,144,40,10,30,104,98,6,27.77777777777778,6.944444444444445,20.833333333333336,72.22222222222221,68.05555555555556,4.166666666666666
E00048598,130,28,2,26,102,89,13,21.53846153846154,1.5384615384615385,20,78.46153846153847,68.46153846153847,10
E00048599,108,35,8,27,73,64,9,32.407407407407405,7.4074074074074066,25,67.5925925925926,59.25925925925925,8.333333333333332
E00048600,92,32,9,23,60,53,7,34.78260869565217,9.782608695652174,25,65.21739130434783,57.608695652173914,7.608695652173914
E00048601,93,27,9,18,66,62,4,29.03225806451613,9.67741935483871,19.35483870967742,70.96774193548387,66.66666666666666,4.301075268817205
E00048602,200,42,15,27,158,141,17,21,7.5,13.5,79,70.5,8.5
E00048603,169,47,16,31,122,112,10,27.810650887573964,9.467455621301776,18.34319526627219,72.18934911242604,66.27218934911244,5.9171597633136095
E00048604,136,36,10,26,100,88,12,26.47058823529412,7.352941176470589,19.11764705882353,73.52941176470588,64.70588235294117,8.823529411764707
E00048605,21,11,4,7,10,8,2,52.38095238095239,19.047619047619047,33.33333333333333,47.61904761904761,38.095238095238095,9.523809523809524
E00048606,288,76,24,52,212,197,15,26.38888888888889,8.333333333333332,18.055555555555554,73.61111111111111,68.40277777777779,5.208333333333334
E00048607,193,45,14,31,148,136,12,23.316062176165804,7.253886010362693,16.06217616580311,76.68393782383419,70.46632124352331,6.217616580310881
E00048608,152,31,8,23,121,112,9,20.394736842105264,5.263157894736842,15.131578947368421,79.60526315789474,73.68421052631578,5.921052631578947
E00048609,199,46,21,25,153,133,20,23.115577889447238,10.552763819095476,12.562814070351758,76.88442211055276,66.83417085427136,10.050251256281408
E00048610,173,48,16,32,125,113,12,27.74566473988439,9.248554913294797,18.497109826589593,72.25433526011561,65.3179190751445,6.9364161849710975
E00048611,120,36,13,23,84,73,11,30,10.833333333333334,19.166666666666668,70,60.83333333333333,9.166666666666666
E00048612,92,29,6,23,63,57,6,31.521739130434785,6.521739130434782,25,68.47826086956522,61.95652173913043,6.521739130434782
E00048613,122,45,17,28,77,71,6,36.885245901639344,13.934426229508196,22.950819672131146,63.114754098360656,58.19672131147541,4.918032786885246
E00048614,212,56,20,36,156,143,13,26.41509433962264,9.433962264150944,16.9811320754717,73.58490566037736,67.45283018867924,6.132075471698113
E00048615,126,31,4,27,95,84,11,24.6031746031746,3.1746031746031744,21.428571428571427,75.39682539682539,66.66666666666666,8.73015873015873
E00048616,117,27,7,20,90,83,7,23.076923076923077,5.982905982905983,17.094017094017094,76.92307692307693,70.94017094017094,5.982905982905983
E00048617,112,28,7,21,84,77,7,25,6.25,18.75,75,68.75,6.25
E00048618,102,39,13,26,63,56,7,38.23529411764706,12.745098039215685,25.49019607843137,61.76470588235294,54.90196078431373,6.862745098039216
E00048619,68,15,1,14,53,45,8,22.058823529411764,1.4705882352941175,20.588235294117645,77.94117647058823,66.17647058823529,11.76470588235294
E00048620,91,30,12,18,61,58,3,32.967032967032964,13.186813186813188,19.78021978021978,67.03296703296702,63.73626373626373,3.296703296703297
E00048621,140,43,20,23,97,88,9,30.714285714285715,14.285714285714285,16.428571428571427,69.28571428571428,62.857142857142854,6.428571428571428
E00048622,154,31,9,22,123,113,10,20.12987012987013,5.844155844155844,14.285714285714285,79.87012987012987,73.37662337662337,6.493506493506493
E00048623,160,37,10,27,123,103,20,23.125,6.25,16.875,76.875,64.375,12.5
E00048624,177,60,11,49,117,104,13,33.89830508474576,6.214689265536723,27.683615819209038,66.10169491525424,58.75706214689266,7.344632768361582
E00048625,123,42,12,30,81,74,7,34.146341463414636,9.75609756097561,24.390243902439025,65.85365853658537,60.16260162601627,5.691056910569105
E00048626,118,41,17,24,77,66,11,34.74576271186441,14.40677966101695,20.33898305084746,65.2542372881356,55.932203389830505,9.322033898305085
E00048627,149,51,19,32,98,87,11,34.22818791946309,12.751677852348994,21.476510067114095,65.77181208053692,58.38926174496645,7.38255033557047
E00048628,143,31,9,22,112,101,11,21.678321678321677,6.293706293706294,15.384615384615385,78.32167832167832,70.62937062937063,7.6923076923076925
E00048629,126,28,10,18,98,93,5,22.22222222222222,7.936507936507936,14.285714285714285,77.77777777777779,73.80952380952381,3.968253968253968
E00048630,108,34,8,26,74,69,5,31.48148148148148,7.4074074074074066,24.074074074074073,68.51851851851852,63.888888888888886,4.62962962962963
E00048631,144,49,16,33,95,83,12,34.02777777777778,11.11111111111111,22.916666666666664,65.97222222222221,57.638888888888886,8.333333333333332
E00048632,124,30,6,24,94,88,6,24.193548387096776,4.838709677419355,19.35483870967742,75.80645161290323,70.96774193548387,4.838709677419355
E00048633,122,45,13,32,77,70,7,36.885245901639344,10.655737704918032,26.229508196721312,63.114754098360656,57.377049180327866,5.737704918032787
E00048634,82,21,5,16,61,57,4,25.609756097560975,6.097560975609756,19.51219512195122,74.39024390243902,69.51219512195121,4.878048780487805
E00048635,154,49,12,37,105,93,12,31.818181818181817,7.792207792207792,24.025974025974026,68.18181818181817,60.3896103896104,7.792207792207792
E00048637,130,37,8,29,93,80,13,28.46153846153846,6.153846153846154,22.30769230769231,71.53846153846153,61.53846153846154,10
E00048638,32,7,2,5,25,20,5,21.875,6.25,15.625,78.125,62.5,15.625
E00048639,98,34,13,21,64,58,6,34.69387755102041,13.26530612244898,21.428571428571427,65.3061224489796,59.183673469387756,6.122448979591836
E00048640,134,42,13,29,92,87,5,31.343283582089555,9.701492537313433,21.641791044776117,68.65671641791045,64.92537313432835,3.731343283582089
E00048641,105,40,11,29,65,59,6,38.095238095238095,10.476190476190476,27.61904761904762,61.904761904761905,56.19047619047619,5.714285714285714
E00048642,169,52,13,39,117,105,12,30.76923076923077,7.6923076923076925,23.076923076923077,69.23076923076923,62.1301775147929,7.100591715976331
E00048643,155,34,9,25,121,111,10,21.935483870967744,5.806451612903226,16.129032258064516,78.06451612903226,71.61290322580646,6.451612903225806
E00048644,153,48,15,33,105,92,13,31.372549019607842,9.803921568627452,21.568627450980394,68.62745098039215,60.130718954248366,8.49673202614379
E00048645,152,46,7,39,106,98,8,30.263157894736842,4.605263157894736,25.657894736842106,69.73684210526315,64.47368421052632,5.263157894736842
E00048646,161,44,19,25,117,103,14,27.32919254658385,11.801242236024844,15.527950310559005,72.67080745341616,63.975155279503106,8.695652173913043
E00048647,240,62,17,45,178,155,23,25.833333333333336,7.083333333333333,18.75,74.16666666666667,64.58333333333334,9.583333333333334
E00048648,132,59,14,45,73,70,3,44.696969696969695,10.606060606060606,34.090909090909086,55.3030303030303,53.03030303030303,2.272727272727273
E00048649,135,46,9,37,89,79,10,34.074074074074076,6.666666666666667,27.40740740740741,65.92592592592592,58.51851851851851,7.4074074074074066
E00048650,143,51,21,30,92,82,10,35.66433566433567,14.685314685314685,20.97902097902098,64.33566433566433,57.34265734265735,6.993006993006993
E00048651,164,33,13,20,131,120,11,20.121951219512198,7.926829268292683,12.195121951219512,79.8780487804878,73.17073170731707,6.707317073170732
E00048652,147,39,13,26,108,97,11,26.53061224489796,8.843537414965986,17.687074829931973,73.46938775510205,65.98639455782312,7.482993197278912
E00048653,140,44,16,28,96,85,11,31.428571428571427,11.428571428571429,20,68.57142857142857,60.71428571428571,7.857142857142857
E00048654,138,45,17,28,93,85,8,32.608695652173914,12.318840579710146,20.28985507246377,67.3913043478261,61.59420289855072,5.797101449275362
E00048656,135,32,5,27,103,92,11,23.703703703703706,3.7037037037037033,20,76.29629629629629,68.14814814814815,8.148148148148149
E00048657,149,52,16,36,97,85,12,34.899328859060404,10.738255033557047,24.161073825503358,65.1006711409396,57.04697986577181,8.053691275167784
E00048658,137,40,19,21,97,89,8,29.1970802919708,13.86861313868613,15.328467153284672,70.8029197080292,64.96350364963503,5.839416058394161
E00048659,110,32,8,24,78,72,6,29.09090909090909,7.2727272727272725,21.818181818181817,70.9090909090909,65.45454545454545,5.454545454545454
E00048660,204,53,18,35,151,137,14,25.98039215686275,8.823529411764707,17.15686274509804,74.01960784313727,67.15686274509804,6.862745098039216
E00048661,189,42,13,29,147,133,14,22.22222222222222,6.878306878306878,15.343915343915343,77.77777777777779,70.37037037037037,7.4074074074074066
E00048662,130,44,13,31,86,81,5,33.84615384615385,10,23.846153846153847,66.15384615384615,62.30769230769231,3.8461538461538463
E00048663,153,44,12,32,109,94,15,28.75816993464052,7.8431372549019605,20.915032679738562,71.24183006535948,61.43790849673203,9.803921568627452
E00048664,158,37,12,25,121,115,6,23.417721518987342,7.59493670886076,15.822784810126583,76.58227848101265,72.78481012658227,3.79746835443038
E00048665,199,52,20,32,147,127,20,26.13065326633166,10.050251256281408,16.08040201005025,73.86934673366834,63.81909547738693,10.050251256281408
E00048666,149,43,11,32,106,97,9,28.859060402684566,7.38255033557047,21.476510067114095,71.14093959731544,65.1006711409396,6.0402684563758395
E00048667,144,52,20,32,92,80,12,36.11111111111111,13.88888888888889,22.22222222222222,63.888888888888886,55.55555555555556,8.333333333333332
E00048668,143,41,17,24,102,89,13,28.671328671328673,11.888111888111888,16.783216783216783,71.32867132867133,62.23776223776224,9.090909090909092
E00048669,152,34,13,21,118,105,13,22.36842105263158,8.552631578947368,13.815789473684212,77.63157894736842,69.07894736842105,8.552631578947368
E00048670,160,42,8,34,118,109,9,26.25,5,21.25,73.75,68.125,5.625
E00048671,141,40,13,27,101,90,11,28.368794326241137,9.219858156028367,19.148936170212767,71.63120567375887,63.829787234042556,7.801418439716312
E00048672,176,53,23,30,123,112,11,30.113636363636363,13.068181818181818,17.045454545454543,69.88636363636364,63.63636363636363,6.25
E00048673,170,54,18,36,116,106,10,31.76470588235294,10.588235294117647,21.176470588235293,68.23529411764706,62.35294117647059,5.88235294117647
E00048674,145,48,14,34,97,82,15,33.10344827586207,9.655172413793103,23.448275862068964,66.89655172413794,56.55172413793104,10.344827586206897
E00048675,157,31,9,22,126,121,5,19.745222929936308,5.7324840764331215,14.012738853503185,80.2547770700637,77.07006369426752,3.1847133757961785
E00048677,154,58,25,33,96,83,13,37.66233766233766,16.233766233766232,21.428571428571427,62.33766233766234,53.896103896103895,8.441558441558442
E00048678,161,48,17,31,113,103,10,29.81366459627329,10.559006211180124,19.25465838509317,70.1863354037267,63.975155279503106,6.211180124223603
E00048679,189,48,19,29,141,121,20,25.396825396825395,10.052910052910052,15.343915343915343,74.60317460317461,64.02116402116403,10.582010582010582
E00048680,183,39,19,20,144,130,14,21.311475409836063,10.382513661202186,10.92896174863388,78.68852459016394,71.03825136612022,7.650273224043716
E00048681,159,43,15,28,116,100,16,27.044025157232703,9.433962264150944,17.61006289308176,72.95597484276729,62.893081761006286,10.062893081761008
E00048682,178,42,8,34,136,117,19,23.595505617977526,4.49438202247191,19.101123595505616,76.40449438202246,65.73033707865169,10.674157303370785
E00048683,190,56,19,37,134,122,12,29.47368421052631,10,19.473684210526315,70.52631578947368,64.21052631578948,6.315789473684211
E00048684,147,53,25,28,94,85,9,36.054421768707485,17.006802721088434,19.047619047619047,63.94557823129252,57.82312925170068,6.122448979591836
E00048685,128,54,24,30,74,63,11,42.1875,18.75,23.4375,57.8125,49.21875,8.59375
E00048686,161,51,17,34,110,101,9,31.67701863354037,10.559006211180124,21.11801242236025,68.32298136645963,62.732919254658384,5.590062111801243
E00048687,119,32,15,17,87,79,8,26.89075630252101,12.605042016806722,14.285714285714285,73.10924369747899,66.38655462184873,6.722689075630252
E00048688,131,48,19,29,83,74,9,36.6412213740458,14.50381679389313,22.137404580152673,63.358778625954194,56.48854961832062,6.870229007633588
E00048689,151,65,13,52,86,74,12,43.04635761589404,8.609271523178808,34.437086092715234,56.95364238410596,49.00662251655629,7.9470198675496695
E00048690,208,67,23,44,141,125,16,32.21153846153847,11.057692307692307,21.153846153846153,67.78846153846155,60.09615384615385,7.6923076923076925
E00048691,96,28,7,21,68,59,9,29.166666666666668,7.291666666666667,21.875,70.83333333333334,61.458333333333336,9.375
E00048693,134,45,16,29,89,76,13,33.582089552238806,11.940298507462686,21.641791044776117,66.4179104477612,56.71641791044776,9.701492537313433
E00048694,113,31,5,26,82,71,11,27.43362831858407,4.424778761061947,23.008849557522122,72.56637168141593,62.83185840707964,9.734513274336283
E00048696,115,25,7,18,90,82,8,21.73913043478261,6.086956521739131,15.65217391304348,78.26086956521739,71.30434782608695,6.956521739130435
E00048697,134,42,13,29,92,85,7,31.343283582089555,9.701492537313433,21.641791044776117,68.65671641791045,63.43283582089553,5.223880597014925
E00048698,138,35,9,26,103,90,13,25.36231884057971,6.521739130434782,18.84057971014493,74.63768115942028,65.21739130434783,9.420289855072465
E00048699,141,46,4,42,95,88,7,32.62411347517731,2.8368794326241136,29.78723404255319,67.37588652482269,62.4113475177305,4.964539007092199
E00048700,178,50,12,38,128,116,12,28.08988764044944,6.741573033707865,21.34831460674157,71.91011235955057,65.1685393258427,6.741573033707865
E00048701,128,36,13,23,92,82,10,28.125,10.15625,17.96875,71.875,64.0625,7.8125
E00048702,133,43,15,28,90,86,4,32.33082706766917,11.278195488721805,21.052631578947366,67.66917293233082,64.66165413533834,3.007518796992481
E00048703,285,69,27,42,216,199,17,24.210526315789473,9.473684210526317,14.736842105263156,75.78947368421053,69.82456140350877,5.964912280701754
E00048704,140,49,18,31,91,83,8,35,12.857142857142856,22.142857142857142,65,59.285714285714285,5.714285714285714
E00048705,84,34,9,25,50,46,4,40.476190476190474,10.714285714285714,29.761904761904763,59.523809523809526,54.761904761904766,4.761904761904762
E00048706,21,10,4,6,11,9,2,47.61904761904761,19.047619047619047,28.57142857142857,52.38095238095239,42.857142857142854,9.523809523809524
E00048707,141,34,16,18,107,93,14,24.113475177304963,11.347517730496454,12.76595744680851,75.88652482269504,65.95744680851064,9.929078014184398
E00048708,149,53,23,30,96,87,9,35.57046979865772,15.436241610738255,20.13422818791946,64.42953020134227,58.38926174496645,6.0402684563758395
E00048709,99,25,9,16,74,68,6,25.252525252525253,9.090909090909092,16.161616161616163,74.74747474747475,68.68686868686868,6.0606060606060606
E00048710,114,31,11,20,83,70,13,27.192982456140353,9.649122807017543,17.543859649122805,72.80701754385966,61.40350877192983,11.403508771929824
E00048711,172,47,15,32,125,113,12,27.325581395348834,8.720930232558139,18.6046511627907,72.67441860465115,65.69767441860465,6.976744186046512
E00048712,119,35,9,26,84,73,11,29.411764705882355,7.563025210084033,21.84873949579832,70.58823529411765,61.34453781512605,9.243697478991598
E00048713,131,43,11,32,88,79,9,32.82442748091603,8.396946564885496,24.427480916030532,67.17557251908397,60.30534351145038,6.870229007633588
E00048714,43,14,10,4,29,28,1,32.55813953488372,23.25581395348837,9.30232558139535,67.44186046511628,65.11627906976744,2.3255813953488373
E00048715,152,49,14,35,103,91,12,32.23684210526316,9.210526315789473,23.026315789473685,67.76315789473685,59.86842105263158,7.894736842105263
E00048716,125,37,8,29,88,80,8,29.599999999999998,6.4,23.200000000000003,70.39999999999999,64,6.4
E00048717,137,36,8,28,101,90,11,26.277372262773724,5.839416058394161,20.437956204379564,73.72262773722628,65.69343065693431,8.02919708029197
E00048718,131,41,13,28,90,81,9,31.297709923664126,9.923664122137405,21.374045801526716,68.70229007633588,61.832061068702295,6.870229007633588
E00048719,147,51,13,38,96,88,8,34.69387755102041,8.843537414965986,25.850340136054424,65.3061224489796,59.863945578231295,5.442176870748299
E00048720,114,35,18,17,79,77,2,30.701754385964914,15.789473684210526,14.912280701754385,69.2982456140351,67.54385964912281,1.7543859649122806
E00048721,216,51,12,39,165,150,15,23.61111111111111,5.555555555555555,18.055555555555554,76.38888888888889,69.44444444444444,6.944444444444445
E00048722,106,28,8,20,78,71,7,26.41509433962264,7.547169811320755,18.867924528301888,73.58490566037736,66.98113207547169,6.60377358490566
E00048723,123,40,8,32,83,77,6,32.52032520325203,6.504065040650407,26.01626016260163,67.47967479674797,62.601626016260155,4.878048780487805
E00048724,126,39,10,29,87,78,9,30.952380952380953,7.936507936507936,23.015873015873016,69.04761904761905,61.904761904761905,7.142857142857142
E00048725,153,44,10,34,109,102,7,28.75816993464052,6.535947712418301,22.22222222222222,71.24183006535948,66.66666666666666,4.57516339869281
E00048726,173,56,15,41,117,107,10,32.369942196531795,8.670520231213873,23.699421965317917,67.63005780346822,61.849710982658955,5.780346820809249
E00048727,130,43,14,29,87,80,7,33.07692307692307,10.76923076923077,22.30769230769231,66.92307692307692,61.53846153846154,5.384615384615385
E00048728,118,37,14,23,81,72,9,31.35593220338983,11.864406779661017,19.491525423728813,68.64406779661016,61.016949152542374,7.627118644067797
E00048729,153,49,15,34,104,96,8,32.02614379084967,9.803921568627452,22.22222222222222,67.97385620915033,62.745098039215684,5.228758169934641
E00048730,155,46,14,32,109,94,15,29.677419354838708,9.032258064516128,20.64516129032258,70.3225806451613,60.64516129032258,9.67741935483871
E00048731,169,48,19,29,121,106,15,28.402366863905325,11.242603550295858,17.159763313609467,71.59763313609467,62.721893491124256,8.875739644970414
E00048732,96,28,6,22,68,68,0,29.166666666666668,6.25,22.916666666666664,70.83333333333334,70.83333333333334,0
E00048734,223,68,21,47,155,141,14,30.493273542600896,9.417040358744394,21.076233183856502,69.50672645739911,63.22869955156951,6.278026905829597
E00048735,124,31,13,18,93,82,11,25,10.483870967741936,14.516129032258066,75,66.12903225806451,8.870967741935484
E00048736,180,49,18,31,131,116,15,27.22222222222222,10,17.22222222222222,72.77777777777777,64.44444444444444,8.333333333333332
E00048738,129,39,12,27,90,82,8,30.23255813953488,9.30232558139535,20.930232558139537,69.76744186046511,63.565891472868216,6.2015503875969
E00048739,143,44,15,29,99,90,9,30.76923076923077,10.48951048951049,20.27972027972028,69.23076923076923,62.93706293706294,6.293706293706294
E00048740,172,47,13,34,125,109,16,27.325581395348834,7.55813953488372,19.767441860465116,72.67441860465115,63.372093023255815,9.30232558139535
E00048741,151,40,13,27,111,103,8,26.490066225165563,8.609271523178808,17.880794701986755,73.50993377483444,68.21192052980133,5.298013245033113
E00048742,123,36,13,23,87,80,7,29.268292682926827,10.569105691056912,18.69918699186992,70.73170731707317,65.04065040650406,5.691056910569105
E00048743,133,39,10,29,94,83,11,29.32330827067669,7.518796992481203,21.804511278195488,70.67669172932331,62.40601503759399,8.270676691729323
E00048744,120,40,15,25,80,68,12,33.33333333333333,12.5,20.833333333333336,66.66666666666666,56.666666666666664,10
E00048745,222,52,20,32,170,142,28,23.423423423423422,9.00900900900901,14.414414414414415,76.57657657657657,63.96396396396396,12.612612612612612
E00048746,242,74,35,39,168,149,19,30.57851239669421,14.46280991735537,16.115702479338843,69.42148760330579,61.57024793388429,7.851239669421488
E00048747,140,49,19,30,91,78,13,35,13.571428571428571,21.428571428571427,65,55.714285714285715,9.285714285714286
E00048748,150,39,11,28,111,103,8,26,7.333333333333333,18.666666666666668,74,68.66666666666667,5.333333333333334
E00048749,137,32,8,24,105,91,14,23.357664233576642,5.839416058394161,17.51824817518248,76.64233576642336,66.42335766423358,10.218978102189782
E00048750,166,48,13,35,118,114,4,28.915662650602407,7.83132530120482,21.084337349397593,71.08433734939759,68.67469879518072,2.4096385542168677
E00048751,100,27,8,19,73,62,11,27,8,19,73,62,11
E00048752,170,72,35,37,98,90,8,42.35294117647059,20.588235294117645,21.764705882352942,57.647058823529406,52.94117647058824,4.705882352941177
E00048753,163,67,29,38,96,91,5,41.104294478527606,17.791411042944784,23.31288343558282,58.895705521472394,55.828220858895705,3.067484662576687
E00048754,125,56,19,37,69,60,9,44.800000000000004,15.2,29.599999999999998,55.2,48,7.199999999999999
E00048755,148,54,14,40,94,89,5,36.486486486486484,9.45945945945946,27.027027027027028,63.51351351351351,60.13513513513513,3.3783783783783785
E00048756,136,56,20,36,80,70,10,41.17647058823529,14.705882352941178,26.47058823529412,58.82352941176471,51.470588235294116,7.352941176470589
E00048757,145,64,16,48,81,69,12,44.13793103448276,11.03448275862069,33.10344827586207,55.86206896551724,47.58620689655172,8.275862068965518
E00048758,121,54,28,26,67,61,6,44.62809917355372,23.140495867768596,21.487603305785125,55.371900826446286,50.413223140495866,4.958677685950414
E00048759,174,67,20,47,107,98,9,38.50574712643678,11.494252873563218,27.011494252873565,61.49425287356321,56.32183908045977,5.172413793103448
E00048760,118,39,19,20,79,75,4,33.05084745762712,16.101694915254235,16.94915254237288,66.94915254237289,63.559322033898304,3.389830508474576
E00048761,106,45,14,31,61,57,4,42.45283018867924,13.20754716981132,29.245283018867923,57.54716981132076,53.77358490566038,3.7735849056603774
E00048762,125,55,21,34,70,69,1,44,16.8,27.200000000000003,56.00000000000001,55.2,0.8
E00048764,220,65,21,44,155,139,16,29.545454545454547,9.545454545454547,20,70.45454545454545,63.18181818181819,7.2727272727272725
E00048765,166,69,19,50,97,85,12,41.566265060240966,11.44578313253012,30.120481927710845,58.43373493975904,51.204819277108435,7.228915662650602
E00048766,121,54,16,38,67,60,7,44.62809917355372,13.223140495867769,31.40495867768595,55.371900826446286,49.586776859504134,5.785123966942149
E00048767,107,41,14,27,66,56,10,38.31775700934579,13.084112149532709,25.233644859813083,61.6822429906542,52.336448598130836,9.345794392523365
E00048768,124,48,20,28,76,69,7,38.70967741935484,16.129032258064516,22.58064516129032,61.29032258064516,55.64516129032258,5.64516129032258
E00048769,107,49,16,33,58,49,9,45.794392523364486,14.953271028037381,30.8411214953271,54.20560747663551,45.794392523364486,8.411214953271028
E00048770,65,26,6,20,39,38,1,40,9.230769230769232,30.76923076923077,60,58.46153846153847,1.5384615384615385
E00048772,98,39,18,21,59,53,6,39.795918367346935,18.367346938775512,21.428571428571427,60.204081632653065,54.08163265306123,6.122448979591836
E00048773,134,46,17,29,88,81,7,34.32835820895522,12.686567164179104,21.641791044776117,65.67164179104478,60.447761194029844,5.223880597014925
E00048774,140,54,14,40,86,74,12,38.57142857142858,10,28.57142857142857,61.42857142857143,52.85714285714286,8.571428571428571
E00048775,279,75,22,53,204,181,23,26.881720430107524,7.885304659498208,18.996415770609318,73.11827956989248,64.87455197132617,8.24372759856631
E00048776,144,63,29,34,81,77,4,43.75,20.13888888888889,23.61111111111111,56.25,53.47222222222222,2.7777777777777777
E00048778,119,49,17,32,70,61,9,41.17647058823529,14.285714285714285,26.89075630252101,58.82352941176471,51.26050420168067,7.563025210084033
E00048781,121,47,17,30,74,68,6,38.84297520661157,14.049586776859504,24.793388429752067,61.15702479338842,56.19834710743802,4.958677685950414
E00048783,126,54,19,35,72,66,6,42.857142857142854,15.079365079365079,27.77777777777778,57.14285714285714,52.38095238095239,4.761904761904762
E00048784,96,49,16,33,47,38,9,51.041666666666664,16.666666666666664,34.375,48.95833333333333,39.58333333333333,9.375
E00048788,111,39,17,22,72,68,4,35.13513513513514,15.315315315315313,19.81981981981982,64.86486486486487,61.261261261261254,3.6036036036036037
E00048790,132,62,31,31,70,64,6,46.96969696969697,23.484848484848484,23.484848484848484,53.03030303030303,48.484848484848484,4.545454545454546
E00048791,131,48,28,20,83,76,7,36.6412213740458,21.374045801526716,15.267175572519085,63.358778625954194,58.01526717557252,5.343511450381679
E00048793,138,61,27,34,77,67,10,44.20289855072464,19.565217391304348,24.637681159420293,55.79710144927537,48.55072463768116,7.246376811594203
E00048796,122,62,39,23,60,52,8,50.81967213114754,31.967213114754102,18.852459016393443,49.18032786885246,42.62295081967213,6.557377049180328
E00048797,187,66,33,33,121,113,8,35.294117647058826,17.647058823529413,17.647058823529413,64.70588235294117,60.42780748663101,4.27807486631016
E00048798,161,88,38,50,73,68,5,54.6583850931677,23.60248447204969,31.05590062111801,45.3416149068323,42.2360248447205,3.1055900621118013
E00048799,202,67,36,31,135,128,7,33.16831683168317,17.82178217821782,15.346534653465346,66.83168316831683,63.366336633663366,3.4653465346534658
E00048800,111,21,7,14,90,79,11,18.91891891891892,6.306306306306306,12.612612612612612,81.08108108108108,71.17117117117117,9.90990990990991
E00048801,124,37,15,22,87,81,6,29.838709677419356,12.096774193548388,17.741935483870968,70.16129032258065,65.32258064516128,4.838709677419355
E00048802,163,41,15,26,122,109,13,25.153374233128833,9.202453987730062,15.950920245398773,74.84662576687117,66.87116564417178,7.975460122699387
E00048803,156,45,15,30,111,96,15,28.846153846153843,9.615384615384617,19.230769230769234,71.15384615384616,61.53846153846154,9.615384615384617
E00048804,133,32,10,22,101,94,7,24.06015037593985,7.518796992481203,16.541353383458645,75.93984962406014,70.67669172932331,5.263157894736842
E00048805,206,51,20,31,155,132,23,24.75728155339806,9.70873786407767,15.048543689320388,75.24271844660194,64.07766990291263,11.165048543689322
E00048806,166,34,10,24,132,117,15,20.481927710843372,6.024096385542169,14.457831325301203,79.51807228915662,70.48192771084338,9.036144578313253
E00048807,123,33,11,22,90,80,10,26.82926829268293,8.94308943089431,17.88617886178862,73.17073170731707,65.04065040650406,8.130081300813007
E00048808,177,43,8,35,134,120,14,24.293785310734464,4.519774011299435,19.774011299435028,75.70621468926554,67.79661016949152,7.909604519774012
E00048809,208,58,25,33,150,141,9,27.884615384615387,12.01923076923077,15.865384615384615,72.11538461538461,67.78846153846155,4.326923076923077
E00048810,164,34,6,28,130,115,15,20.73170731707317,3.6585365853658534,17.073170731707318,79.26829268292683,70.1219512195122,9.146341463414634
E00048811,123,31,7,24,92,87,5,25.203252032520325,5.691056910569105,19.51219512195122,74.79674796747967,70.73170731707317,4.0650406504065035
E00048812,141,33,17,16,108,96,12,23.404255319148938,12.056737588652481,11.347517730496454,76.59574468085107,68.08510638297872,8.51063829787234
E00048813,147,46,9,37,101,87,14,31.292517006802722,6.122448979591836,25.170068027210885,68.70748299319727,59.183673469387756,9.523809523809524
E00048814,137,32,11,21,105,95,10,23.357664233576642,8.02919708029197,15.328467153284672,76.64233576642336,69.34306569343066,7.2992700729927
E00048815,140,40,15,25,100,91,9,28.57142857142857,10.714285714285714,17.857142857142858,71.42857142857143,65,6.428571428571428
E00048816,161,53,13,40,108,91,17,32.91925465838509,8.074534161490684,24.84472049689441,67.08074534161491,56.52173913043478,10.559006211180124
E00048818,151,39,20,19,112,99,13,25.82781456953642,13.245033112582782,12.582781456953644,74.17218543046357,65.56291390728477,8.609271523178808
E00048819,138,40,17,23,98,82,16,28.985507246376812,12.318840579710146,16.666666666666664,71.01449275362319,59.42028985507246,11.594202898550725
E00048820,135,36,11,25,99,81,18,26.666666666666668,8.148148148148149,18.51851851851852,73.33333333333333,60,13.333333333333334
E00048821,180,34,8,26,146,134,12,18.88888888888889,4.444444444444445,14.444444444444443,81.11111111111111,74.44444444444444,6.666666666666667
E00048822,102,25,8,17,77,67,10,24.509803921568626,7.8431372549019605,16.666666666666664,75.49019607843137,65.68627450980392,9.803921568627452
E00048823,125,28,9,19,97,79,18,22.400000000000002,7.199999999999999,15.2,77.60000000000001,63.2,14.399999999999999
E00048824,212,49,18,31,163,145,18,23.11320754716981,8.49056603773585,14.622641509433961,76.88679245283019,68.39622641509435,8.49056603773585
E00048825,85,27,14,13,58,52,6,31.76470588235294,16.470588235294116,15.294117647058824,68.23529411764706,61.1764705882353,7.0588235294117645
E00048826,113,24,7,17,89,83,6,21.238938053097346,6.1946902654867255,15.04424778761062,78.76106194690266,73.45132743362832,5.3097345132743365
E00048827,133,29,10,19,104,90,14,21.804511278195488,7.518796992481203,14.285714285714285,78.19548872180451,67.66917293233082,10.526315789473683
E00048828,115,30,16,14,85,75,10,26.08695652173913,13.91304347826087,12.173913043478262,73.91304347826086,65.21739130434783,8.695652173913043
E00048829,161,37,14,23,124,111,13,22.981366459627328,8.695652173913043,14.285714285714285,77.01863354037268,68.94409937888199,8.074534161490684
E00048830,159,42,19,23,117,106,11,26.41509433962264,11.949685534591195,14.465408805031446,73.58490566037736,66.66666666666666,6.918238993710692
E00048831,71,28,8,20,43,36,7,39.436619718309856,11.267605633802818,28.169014084507044,60.56338028169014,50.70422535211267,9.859154929577464
E00048832,138,52,14,38,86,79,7,37.68115942028986,10.144927536231885,27.536231884057973,62.31884057971014,57.2463768115942,5.072463768115942
E00048833,137,53,32,21,84,80,4,38.68613138686132,23.357664233576642,15.328467153284672,61.31386861313869,58.3941605839416,2.9197080291970803
E00048834,148,34,11,23,114,106,8,22.972972972972975,7.4324324324324325,15.54054054054054,77.02702702702703,71.62162162162163,5.405405405405405
E00048835,90,24,6,18,66,61,5,26.666666666666668,6.666666666666667,20,73.33333333333333,67.77777777777779,5.555555555555555
E00048836,145,36,14,22,109,95,14,24.82758620689655,9.655172413793103,15.172413793103448,75.17241379310344,65.51724137931035,9.655172413793103
E00048837,93,24,10,14,69,63,6,25.806451612903224,10.75268817204301,15.053763440860216,74.19354838709677,67.74193548387096,6.451612903225806
E00048838,57,10,2,8,47,40,7,17.543859649122805,3.508771929824561,14.035087719298245,82.45614035087719,70.17543859649122,12.280701754385964
E00048839,94,53,27,26,41,40,1,56.38297872340425,28.723404255319153,27.659574468085108,43.61702127659575,42.5531914893617,1.0638297872340425
E00048840,165,48,13,35,117,104,13,29.09090909090909,7.878787878787878,21.21212121212121,70.9090909090909,63.030303030303024,7.878787878787878
E00048841,112,25,7,18,87,78,9,22.321428571428573,6.25,16.071428571428573,77.67857142857143,69.64285714285714,8.035714285714286
E00048842,202,50,14,36,152,134,18,24.752475247524753,6.9306930693069315,17.82178217821782,75.24752475247524,66.33663366336634,8.91089108910891
E00048843,158,44,19,25,114,103,11,27.848101265822784,12.025316455696203,15.822784810126583,72.15189873417721,65.18987341772153,6.962025316455696
E00048844,159,36,13,23,123,109,14,22.641509433962266,8.176100628930817,14.465408805031446,77.35849056603774,68.55345911949685,8.80503144654088
E00048845,157,42,13,29,115,102,13,26.751592356687897,8.280254777070063,18.471337579617835,73.24840764331209,64.96815286624204,8.280254777070063
E00048846,145,30,6,24,115,99,16,20.689655172413794,4.137931034482759,16.551724137931036,79.3103448275862,68.27586206896552,11.03448275862069
E00048847,117,31,11,20,86,78,8,26.495726495726498,9.401709401709402,17.094017094017094,73.50427350427351,66.66666666666666,6.837606837606838
E00048848,183,62,22,40,121,109,12,33.87978142076503,12.021857923497267,21.85792349726776,66.12021857923497,59.56284153005464,6.557377049180328
E00048849,163,52,18,34,111,100,11,31.901840490797547,11.042944785276074,20.858895705521473,68.09815950920245,61.34969325153374,6.748466257668712
E00048850,171,30,7,23,141,131,10,17.543859649122805,4.093567251461988,13.450292397660817,82.45614035087719,76.60818713450293,5.847953216374268
E00048851,133,30,11,19,103,94,9,22.55639097744361,8.270676691729323,14.285714285714285,77.44360902255639,70.67669172932331,6.7669172932330826
E00048852,188,48,12,36,140,118,22,25.53191489361702,6.382978723404255,19.148936170212767,74.46808510638297,62.76595744680851,11.702127659574469
E00048853,140,40,14,26,100,94,6,28.57142857142857,10,18.571428571428573,71.42857142857143,67.14285714285714,4.285714285714286
E00048854,159,36,11,25,123,108,15,22.641509433962266,6.918238993710692,15.723270440251572,77.35849056603774,67.9245283018868,9.433962264150944
E00048855,137,34,8,26,103,94,9,24.817518248175183,5.839416058394161,18.97810218978102,75.18248175182481,68.61313868613139,6.569343065693431
E00048856,151,33,12,21,118,100,18,21.85430463576159,7.9470198675496695,13.90728476821192,78.1456953642384,66.22516556291392,11.920529801324504
E00048857,161,66,28,38,95,89,6,40.993788819875775,17.391304347826086,23.60248447204969,59.006211180124225,55.27950310559007,3.7267080745341614
E00048858,166,41,22,19,125,118,7,24.69879518072289,13.253012048192772,11.44578313253012,75.30120481927712,71.08433734939759,4.216867469879518
E00048859,191,58,15,43,133,125,8,30.36649214659686,7.853403141361256,22.5130890052356,69.63350785340315,65.44502617801047,4.18848167539267
E00048860,117,41,12,29,76,76,0,35.04273504273504,10.256410256410255,24.786324786324787,64.95726495726495,64.95726495726495,0
E00048861,149,44,6,38,105,98,7,29.53020134228188,4.026845637583892,25.503355704697988,70.46979865771812,65.77181208053692,4.697986577181208
E00048862,118,37,4,33,81,69,12,31.35593220338983,3.389830508474576,27.966101694915253,68.64406779661016,58.47457627118644,10.16949152542373
E00048863,151,39,10,29,112,101,11,25.82781456953642,6.622516556291391,19.205298013245034,74.17218543046357,66.88741721854305,7.28476821192053
E00048864,130,37,6,31,93,85,8,28.46153846153846,4.615384615384616,23.846153846153847,71.53846153846153,65.38461538461539,6.153846153846154
E00048865,152,36,11,25,116,104,12,23.684210526315788,7.236842105263158,16.447368421052634,76.31578947368422,68.42105263157895,7.894736842105263
E00048866,156,49,9,40,107,103,4,31.41025641025641,5.769230769230769,25.64102564102564,68.58974358974359,66.02564102564102,2.564102564102564
E00048867,161,45,14,31,116,103,13,27.95031055900621,8.695652173913043,19.25465838509317,72.04968944099379,63.975155279503106,8.074534161490684
E00048868,150,42,10,32,108,99,9,28.000000000000004,6.666666666666667,21.333333333333336,72,66,6
E00048869,171,39,7,32,132,122,10,22.807017543859647,4.093567251461988,18.71345029239766,77.19298245614034,71.34502923976608,5.847953216374268
E00048870,157,49,15,34,108,96,12,31.210191082802545,9.554140127388536,21.656050955414013,68.78980891719745,61.146496815286625,7.643312101910828
E00048871,136,29,8,21,107,100,7,21.323529411764707,5.88235294117647,15.441176470588236,78.67647058823529,73.52941176470588,5.147058823529411
E00048872,116,21,5,16,95,87,8,18.103448275862068,4.310344827586207,13.793103448275861,81.89655172413794,75,6.896551724137931
E00048873,146,33,9,24,113,98,15,22.602739726027394,6.164383561643835,16.43835616438356,77.3972602739726,67.12328767123287,10.273972602739725
E00048874,148,43,15,28,105,94,11,29.054054054054053,10.135135135135135,18.91891891891892,70.94594594594594,63.51351351351351,7.4324324324324325
E00048875,184,51,11,40,133,120,13,27.717391304347828,5.978260869565218,21.73913043478261,72.28260869565217,65.21739130434783,7.065217391304348
E00048876,152,42,16,26,110,106,4,27.631578947368425,10.526315789473683,17.105263157894736,72.36842105263158,69.73684210526315,2.631578947368421
E00048877,177,47,6,41,130,120,10,26.55367231638418,3.389830508474576,23.163841807909606,73.44632768361582,67.79661016949152,5.649717514124294
E00048878,206,63,26,37,143,136,7,30.582524271844658,12.62135922330097,17.96116504854369,69.41747572815534,66.01941747572816,3.3980582524271843
E00048879,118,32,9,23,86,77,9,27.11864406779661,7.627118644067797,19.491525423728813,72.88135593220339,65.2542372881356,7.627118644067797
E00048880,154,45,13,32,109,100,9,29.22077922077922,8.441558441558442,20.77922077922078,70.77922077922078,64.93506493506493,5.844155844155844
E00048881,182,44,11,33,138,129,9,24.175824175824175,6.043956043956044,18.13186813186813,75.82417582417582,70.87912087912088,4.945054945054945
E00048882,36,11,0,11,25,22,3,30.555555555555557,0,30.555555555555557,69.44444444444444,61.111111111111114,8.333333333333332
E00048883,145,42,17,25,103,98,5,28.965517241379313,11.724137931034482,17.24137931034483,71.03448275862068,67.58620689655173,3.4482758620689653
E00048884,141,44,14,30,97,91,6,31.20567375886525,9.929078014184398,21.27659574468085,68.79432624113475,64.53900709219859,4.25531914893617
E00048885,129,35,7,28,94,86,8,27.131782945736433,5.426356589147287,21.705426356589147,72.86821705426357,66.66666666666666,6.2015503875969
E00048886,108,43,17,26,65,62,3,39.81481481481482,15.74074074074074,24.074074074074073,60.18518518518518,57.407407407407405,2.7777777777777777
E00048887,169,53,17,36,116,103,13,31.360946745562128,10.059171597633137,21.301775147928996,68.63905325443787,60.946745562130175,7.6923076923076925
E00048888,129,44,16,28,85,78,7,34.10852713178294,12.4031007751938,21.705426356589147,65.89147286821705,60.46511627906976,5.426356589147287
E00048889,157,45,14,31,112,99,13,28.662420382165603,8.9171974522293,19.745222929936308,71.3375796178344,63.05732484076433,8.280254777070063
E00048890,193,50,19,31,143,135,8,25.906735751295333,9.844559585492227,16.06217616580311,74.09326424870466,69.94818652849742,4.145077720207254
E00048891,211,49,25,24,162,155,7,23.22274881516588,11.848341232227488,11.374407582938389,76.77725118483413,73.45971563981043,3.3175355450236967
E00048892,176,42,15,27,134,126,8,23.863636363636363,8.522727272727272,15.340909090909092,76.13636363636364,71.5909090909091,4.545454545454546
E00048893,154,37,19,18,117,101,16,24.025974025974026,12.337662337662337,11.688311688311687,75.97402597402598,65.5844155844156,10.38961038961039
E00048894,171,44,16,28,127,117,10,25.730994152046783,9.35672514619883,16.374269005847953,74.26900584795322,68.42105263157895,5.847953216374268
E00048895,180,57,21,36,123,116,7,31.666666666666664,11.666666666666666,20,68.33333333333333,64.44444444444444,3.888888888888889
E00048896,172,63,22,41,109,106,3,36.627906976744185,12.790697674418606,23.837209302325583,63.372093023255815,61.627906976744185,1.744186046511628
E00048897,90,26,9,17,64,59,5,28.888888888888886,10,18.88888888888889,71.11111111111111,65.55555555555556,5.555555555555555
E00048898,170,52,17,35,118,104,14,30.58823529411765,10,20.588235294117645,69.41176470588235,61.1764705882353,8.235294117647058
E00048899,146,34,11,23,112,98,14,23.28767123287671,7.534246575342466,15.753424657534246,76.71232876712328,67.12328767123287,9.58904109589041
E00048900,132,40,12,28,92,81,11,30.303030303030305,9.090909090909092,21.21212121212121,69.6969696969697,61.36363636363637,8.333333333333332
E00048901,111,29,8,21,82,78,4,26.126126126126124,7.207207207207207,18.91891891891892,73.87387387387388,70.27027027027027,3.6036036036036037
E00048902,119,31,8,23,88,80,8,26.05042016806723,6.722689075630252,19.327731092436977,73.94957983193278,67.22689075630252,6.722689075630252
E00048903,80,23,4,19,57,54,3,28.749999999999996,5,23.75,71.25,67.5,3.75
E00048904,172,55,14,41,117,104,13,31.976744186046513,8.13953488372093,23.837209302325583,68.02325581395348,60.46511627906976,7.55813953488372
E00048905,149,45,15,30,104,92,12,30.201342281879196,10.06711409395973,20.13422818791946,69.79865771812081,61.74496644295302,8.053691275167784
E00048906,154,41,12,29,113,106,7,26.623376623376622,7.792207792207792,18.83116883116883,73.37662337662337,68.83116883116884,4.545454545454546
E00048907,128,34,6,28,94,87,7,26.5625,4.6875,21.875,73.4375,67.96875,5.46875
E00048908,153,36,12,24,117,104,13,23.52941176470588,7.8431372549019605,15.686274509803921,76.47058823529412,67.97385620915033,8.49673202614379
E00048909,156,45,17,28,111,100,11,28.846153846153843,10.897435897435898,17.94871794871795,71.15384615384616,64.1025641025641,7.051282051282051
E00048910,173,45,12,33,128,109,19,26.011560693641616,6.9364161849710975,19.07514450867052,73.98843930635837,63.005780346820806,10.982658959537572
E00048911,261,67,13,54,194,174,20,25.67049808429119,4.980842911877394,20.689655172413794,74.32950191570882,66.66666666666666,7.662835249042145
E00048912,138,32,12,20,106,96,10,23.18840579710145,8.695652173913043,14.492753623188406,76.81159420289855,69.56521739130434,7.246376811594203
E00048913,139,38,13,25,101,85,16,27.33812949640288,9.352517985611511,17.985611510791365,72.66187050359713,61.15107913669065,11.510791366906476
E00048914,67,20,12,8,47,34,13,29.850746268656714,17.91044776119403,11.940298507462686,70.1492537313433,50.74626865671642,19.402985074626866
E00048915,68,17,8,9,51,44,7,25,11.76470588235294,13.23529411764706,75,64.70588235294117,10.294117647058822
E00048916,92,25,9,16,67,53,14,27.173913043478258,9.782608695652174,17.391304347826086,72.82608695652173,57.608695652173914,15.217391304347828
E00048917,150,42,11,31,108,95,13,28.000000000000004,7.333333333333333,20.666666666666668,72,63.33333333333333,8.666666666666668
E00048918,165,44,21,23,121,109,12,26.666666666666668,12.727272727272727,13.939393939393941,73.33333333333333,66.06060606060606,7.2727272727272725
E00048919,194,56,15,41,138,120,18,28.865979381443296,7.731958762886598,21.1340206185567,71.1340206185567,61.855670103092784,9.278350515463918
E00048920,151,33,12,21,118,101,17,21.85430463576159,7.9470198675496695,13.90728476821192,78.1456953642384,66.88741721854305,11.258278145695364
E00048921,163,36,11,25,127,112,15,22.085889570552148,6.748466257668712,15.337423312883436,77.91411042944786,68.71165644171779,9.202453987730062
E00048923,90,37,17,20,53,52,1,41.11111111111111,18.88888888888889,22.22222222222222,58.88888888888889,57.77777777777777,1.1111111111111112
E00048924,107,32,9,23,75,65,10,29.906542056074763,8.411214953271028,21.49532710280374,70.09345794392523,60.747663551401864,9.345794392523365
E00048925,184,56,20,36,128,101,27,30.434782608695656,10.869565217391305,19.565217391304348,69.56521739130434,54.891304347826086,14.673913043478262
E00048926,99,37,16,21,62,55,7,37.37373737373738,16.161616161616163,21.21212121212121,62.62626262626263,55.55555555555556,7.07070707070707
E00048927,160,43,21,22,117,102,15,26.875,13.125,13.750000000000002,73.125,63.74999999999999,9.375
E00048928,145,36,8,28,109,98,11,24.82758620689655,5.517241379310345,19.310344827586206,75.17241379310344,67.58620689655173,7.586206896551724
E00048929,189,42,15,27,147,134,13,22.22222222222222,7.936507936507936,14.285714285714285,77.77777777777779,70.8994708994709,6.878306878306878
E00048930,155,38,11,27,117,101,16,24.516129032258064,7.096774193548387,17.419354838709676,75.48387096774194,65.16129032258064,10.32258064516129
E00048931,130,32,9,23,98,82,16,24.615384615384617,6.923076923076923,17.692307692307693,75.38461538461539,63.07692307692307,12.307692307692308
E00048932,102,24,7,17,78,69,9,23.52941176470588,6.862745098039216,16.666666666666664,76.47058823529412,67.64705882352942,8.823529411764707
E00048933,179,53,16,37,126,116,10,29.608938547486037,8.938547486033519,20.670391061452513,70.39106145251397,64.80446927374301,5.58659217877095
E00048934,115,36,7,29,79,67,12,31.30434782608696,6.086956521739131,25.217391304347824,68.69565217391305,58.26086956521739,10.434782608695652
E00048935,159,37,10,27,122,101,21,23.270440251572328,6.289308176100629,16.9811320754717,76.72955974842768,63.52201257861635,13.20754716981132
E00048936,112,30,18,12,82,68,14,26.785714285714285,16.071428571428573,10.714285714285714,73.21428571428571,60.71428571428571,12.5
E00048937,128,39,15,24,89,76,13,30.46875,11.71875,18.75,69.53125,59.375,10.15625
E00048938,163,49,15,34,114,99,15,30.061349693251532,9.202453987730062,20.858895705521473,69.93865030674846,60.73619631901841,9.202453987730062
E00048939,134,34,12,22,100,86,14,25.37313432835821,8.955223880597014,16.417910447761194,74.6268656716418,64.17910447761194,10.44776119402985
E00048941,101,29,15,14,72,63,9,28.71287128712871,14.85148514851485,13.861386138613863,71.28712871287128,62.37623762376238,8.91089108910891
E00048942,154,42,19,23,112,88,24,27.27272727272727,12.337662337662337,14.935064935064934,72.72727272727273,57.14285714285714,15.584415584415584
E00048943,153,51,17,34,102,82,20,33.33333333333333,11.11111111111111,22.22222222222222,66.66666666666666,53.59477124183007,13.071895424836603
E00048944,89,36,17,19,53,42,11,40.44943820224719,19.101123595505616,21.34831460674157,59.55056179775281,47.19101123595505,12.359550561797752
E00048945,165,50,15,35,115,98,17,30.303030303030305,9.090909090909092,21.21212121212121,69.6969696969697,59.3939393939394,10.303030303030303
E00048946,118,29,9,20,89,74,15,24.576271186440678,7.627118644067797,16.94915254237288,75.42372881355932,62.71186440677966,12.711864406779661
E00048947,144,37,15,22,107,89,18,25.694444444444443,10.416666666666668,15.277777777777779,74.30555555555556,61.80555555555556,12.5
E00048948,138,50,20,30,88,76,12,36.231884057971016,14.492753623188406,21.73913043478261,63.76811594202898,55.072463768115945,8.695652173913043
E00048949,68,36,27,9,32,26,6,52.94117647058824,39.705882352941174,13.23529411764706,47.05882352941176,38.23529411764706,8.823529411764707
E00048950,190,68,28,40,122,104,18,35.78947368421053,14.736842105263156,21.052631578947366,64.21052631578948,54.736842105263165,9.473684210526317
E00048951,145,40,8,32,105,96,9,27.586206896551722,5.517241379310345,22.06896551724138,72.41379310344827,66.20689655172414,6.206896551724138
E00048952,165,50,19,31,115,107,8,30.303030303030305,11.515151515151516,18.787878787878785,69.6969696969697,64.84848484848484,4.848484848484849
E00048953,120,33,14,19,87,67,20,27.500000000000004,11.666666666666666,15.833333333333332,72.5,55.833333333333336,16.666666666666664
E00048954,140,39,11,28,101,88,13,27.857142857142858,7.857142857142857,20,72.14285714285714,62.857142857142854,9.285714285714286
E00048956,61,27,13,14,34,31,3,44.26229508196721,21.311475409836063,22.950819672131146,55.73770491803278,50.81967213114754,4.918032786885246
E00048958,180,43,11,32,137,121,16,23.88888888888889,6.111111111111111,17.77777777777778,76.11111111111111,67.22222222222223,8.88888888888889
E00048959,148,41,14,27,107,91,16,27.7027027027027,9.45945945945946,18.243243243243242,72.2972972972973,61.48648648648649,10.81081081081081
E00048960,207,58,29,29,149,128,21,28.019323671497588,14.009661835748794,14.009661835748794,71.98067632850241,61.83574879227053,10.144927536231885
E00048961,102,24,6,18,78,70,8,23.52941176470588,5.88235294117647,17.647058823529413,76.47058823529412,68.62745098039215,7.8431372549019605
E00048962,162,60,14,46,102,92,10,37.03703703703704,8.641975308641975,28.39506172839506,62.96296296296296,56.79012345679012,6.172839506172839
E00048963,153,63,22,41,90,85,5,41.17647058823529,14.37908496732026,26.797385620915033,58.82352941176471,55.55555555555556,3.2679738562091507
E00048964,140,45,15,30,95,85,10,32.142857142857146,10.714285714285714,21.428571428571427,67.85714285714286,60.71428571428571,7.142857142857142
E00048965,167,36,11,25,131,111,20,21.55688622754491,6.58682634730539,14.97005988023952,78.44311377245509,66.46706586826348,11.976047904191617
E00048966,141,36,8,28,105,91,14,25.53191489361702,5.673758865248227,19.858156028368796,74.46808510638297,64.53900709219859,9.929078014184398
E00048967,161,39,8,31,122,109,13,24.22360248447205,4.968944099378882,19.25465838509317,75.77639751552795,67.70186335403726,8.074534161490684
E00048968,113,26,8,18,87,79,8,23.008849557522122,7.079646017699115,15.929203539823009,76.99115044247787,69.91150442477876,7.079646017699115
E00048969,156,36,6,30,120,107,13,23.076923076923077,3.8461538461538463,19.230769230769234,76.92307692307693,68.58974358974359,8.333333333333332
E00048970,158,33,10,23,125,117,8,20.88607594936709,6.329113924050633,14.556962025316455,79.11392405063292,74.0506329113924,5.063291139240507
E00048971,187,59,29,30,128,118,10,31.550802139037433,15.508021390374333,16.042780748663102,68.44919786096256,63.101604278074866,5.347593582887701
E00048972,151,44,8,36,107,96,11,29.13907284768212,5.298013245033113,23.841059602649008,70.86092715231787,63.576158940397356,7.28476821192053
E00048973,129,32,9,23,97,86,11,24.8062015503876,6.976744186046512,17.829457364341085,75.1937984496124,66.66666666666666,8.527131782945736
E00048974,239,51,15,36,188,173,15,21.338912133891213,6.2761506276150625,15.062761506276152,78.66108786610879,72.38493723849372,6.2761506276150625
E00048975,329,71,18,53,258,229,29,21.580547112462007,5.47112462006079,16.109422492401215,78.419452887538,69.6048632218845,8.814589665653495
E00048976,181,58,15,43,123,117,6,32.04419889502763,8.287292817679557,23.756906077348066,67.95580110497238,64.64088397790056,3.314917127071823
E00048977,106,23,6,17,83,75,8,21.69811320754717,5.660377358490567,16.037735849056602,78.30188679245283,70.75471698113208,7.547169811320755
E00048978,132,31,13,18,101,89,12,23.484848484848484,9.848484848484848,13.636363636363635,76.51515151515152,67.42424242424242,9.090909090909092
E00048979,90,22,7,15,68,60,8,24.444444444444443,7.777777777777778,16.666666666666664,75.55555555555556,66.66666666666666,8.88888888888889
E00048980,149,35,11,24,114,100,14,23.48993288590604,7.38255033557047,16.10738255033557,76.51006711409396,67.11409395973155,9.395973154362416
E00048981,113,31,9,22,82,79,3,27.43362831858407,7.964601769911504,19.469026548672566,72.56637168141593,69.91150442477876,2.6548672566371683
E00048982,153,30,11,19,123,112,11,19.607843137254903,7.18954248366013,12.418300653594772,80.3921568627451,73.20261437908496,7.18954248366013
E00048983,123,29,7,22,94,75,19,23.577235772357724,5.691056910569105,17.88617886178862,76.42276422764228,60.97560975609756,15.447154471544716
E00048984,143,34,13,21,109,98,11,23.776223776223777,9.090909090909092,14.685314685314685,76.22377622377621,68.53146853146853,7.6923076923076925
E00048985,174,52,16,36,122,106,16,29.88505747126437,9.195402298850574,20.689655172413794,70.11494252873564,60.91954022988506,9.195402298850574
E00048987,84,37,16,21,47,47,0,44.047619047619044,19.047619047619047,25,55.952380952380956,55.952380952380956,0
E00048988,85,32,15,17,53,51,2,37.64705882352941,17.647058823529413,20,62.35294117647059,60,2.3529411764705883
E00048989,140,68,32,36,72,63,9,48.57142857142857,22.857142857142858,25.71428571428571,51.42857142857142,45,6.428571428571428
E00048991,139,55,30,25,84,72,12,39.568345323741006,21.58273381294964,17.985611510791365,60.431654676258994,51.798561151079134,8.633093525179856
E00048992,82,28,8,20,54,46,8,34.146341463414636,9.75609756097561,24.390243902439025,65.85365853658537,56.09756097560976,9.75609756097561
E00048993,119,43,16,27,76,67,9,36.134453781512605,13.445378151260504,22.689075630252102,63.86554621848739,56.30252100840336,7.563025210084033
E00048994,72,23,7,16,49,44,5,31.944444444444443,9.722222222222223,22.22222222222222,68.05555555555556,61.111111111111114,6.944444444444445
E00048995,148,59,20,39,89,84,5,39.86486486486486,13.513513513513514,26.351351351351347,60.13513513513513,56.75675675675676,3.3783783783783785
E00048997,71,27,16,11,44,40,4,38.028169014084504,22.535211267605636,15.492957746478872,61.97183098591549,56.33802816901409,5.633802816901409
E00048999,69,33,14,19,36,30,6,47.82608695652174,20.28985507246377,27.536231884057973,52.17391304347826,43.47826086956522,8.695652173913043
E00049001,70,31,17,14,39,35,4,44.285714285714285,24.285714285714285,20,55.714285714285715,50,5.714285714285714
E00049002,105,56,33,23,49,46,3,53.333333333333336,31.428571428571427,21.904761904761905,46.666666666666664,43.80952380952381,2.857142857142857
E00049003,126,46,24,22,80,69,11,36.507936507936506,19.047619047619047,17.46031746031746,63.49206349206349,54.761904761904766,8.73015873015873
E00049004,126,21,7,14,105,97,8,16.666666666666664,5.555555555555555,11.11111111111111,83.33333333333334,76.98412698412699,6.349206349206349
E00049005,173,50,22,28,123,115,8,28.901734104046245,12.716763005780345,16.184971098265898,71.09826589595376,66.47398843930635,4.624277456647398
E00049006,125,42,24,18,83,69,14,33.6,19.2,14.399999999999999,66.4,55.2,11.200000000000001
E00049007,121,31,22,9,90,82,8,25.6198347107438,18.181818181818183,7.43801652892562,74.3801652892562,67.76859504132231,6.6115702479338845
E00049008,85,25,7,18,60,54,6,29.411764705882355,8.235294117647058,21.176470588235293,70.58823529411765,63.52941176470588,7.0588235294117645
E00049009,167,45,17,28,122,108,14,26.94610778443114,10.179640718562874,16.766467065868262,73.05389221556887,64.67065868263472,8.383233532934131
E00049010,126,36,10,26,90,77,13,28.57142857142857,7.936507936507936,20.634920634920633,71.42857142857143,61.111111111111114,10.317460317460316
E00049011,142,41,14,27,101,90,11,28.87323943661972,9.859154929577464,19.014084507042252,71.12676056338029,63.38028169014085,7.746478873239436
E00049012,148,37,11,26,111,101,10,25,7.4324324324324325,17.56756756756757,75,68.24324324324324,6.756756756756757
E00049013,102,21,6,15,81,75,6,20.588235294117645,5.88235294117647,14.705882352941178,79.41176470588235,73.52941176470588,5.88235294117647
E00049014,184,61,19,42,123,115,8,33.15217391304348,10.326086956521738,22.82608695652174,66.84782608695652,62.5,4.3478260869565215
E00049015,188,55,22,33,133,113,20,29.25531914893617,11.702127659574469,17.5531914893617,70.74468085106383,60.1063829787234,10.638297872340425
E00049016,120,34,12,22,86,78,8,28.333333333333332,10,18.333333333333332,71.66666666666667,65,6.666666666666667
E00049017,130,38,11,27,92,84,8,29.230769230769234,8.461538461538462,20.76923076923077,70.76923076923077,64.61538461538461,6.153846153846154
E00049018,128,36,11,25,92,86,6,28.125,8.59375,19.53125,71.875,67.1875,4.6875
E00049019,178,61,19,42,117,107,10,34.26966292134831,10.674157303370785,23.595505617977526,65.73033707865169,60.1123595505618,5.617977528089887
E00049020,124,37,10,27,87,79,8,29.838709677419356,8.064516129032258,21.774193548387096,70.16129032258065,63.70967741935484,6.451612903225806
E00049021,120,19,1,18,101,92,9,15.833333333333332,0.8333333333333334,15,84.16666666666667,76.66666666666667,7.5
E00049022,115,31,8,23,84,70,14,26.956521739130434,6.956521739130435,20,73.04347826086956,60.86956521739131,12.173913043478262
E00049023,116,34,10,24,82,76,6,29.310344827586203,8.620689655172415,20.689655172413794,70.6896551724138,65.51724137931035,5.172413793103448
E00049024,189,44,12,32,145,135,10,23.28042328042328,6.349206349206349,16.93121693121693,76.71957671957672,71.42857142857143,5.291005291005291
E00049025,104,25,11,14,79,72,7,24.03846153846154,10.576923076923077,13.461538461538462,75.96153846153845,69.23076923076923,6.730769230769231
E00049026,87,20,6,14,67,59,8,22.988505747126435,6.896551724137931,16.091954022988507,77.01149425287356,67.81609195402298,9.195402298850574
E00049027,124,48,19,29,76,67,9,38.70967741935484,15.32258064516129,23.387096774193548,61.29032258064516,54.03225806451613,7.258064516129033
E00049028,144,31,7,24,113,107,6,21.52777777777778,4.861111111111112,16.666666666666664,78.47222222222221,74.30555555555556,4.166666666666666
E00049029,174,40,12,28,134,123,11,22.988505747126435,6.896551724137931,16.091954022988507,77.01149425287356,70.6896551724138,6.321839080459771
E00049030,144,36,13,23,108,92,16,25,9.027777777777777,15.972222222222221,75,63.888888888888886,11.11111111111111
E00049031,162,41,14,27,121,116,5,25.308641975308642,8.641975308641975,16.666666666666664,74.69135802469135,71.60493827160494,3.0864197530864197
E00049032,166,42,14,28,124,112,12,25.301204819277107,8.433734939759036,16.867469879518072,74.69879518072288,67.46987951807229,7.228915662650602
E00049033,136,41,13,28,95,81,14,30.14705882352941,9.558823529411764,20.588235294117645,69.85294117647058,59.55882352941176,10.294117647058822
E00049034,169,29,9,20,140,126,14,17.159763313609467,5.325443786982249,11.834319526627219,82.84023668639054,74.55621301775149,8.284023668639055
E00049035,146,33,8,25,113,104,9,22.602739726027394,5.47945205479452,17.123287671232877,77.3972602739726,71.23287671232876,6.164383561643835
E00049036,92,28,15,13,64,60,4,30.434782608695656,16.304347826086957,14.130434782608695,69.56521739130434,65.21739130434783,4.3478260869565215
E00049037,149,55,27,28,94,83,11,36.91275167785235,18.120805369127517,18.79194630872483,63.08724832214765,55.70469798657718,7.38255033557047
E00049038,123,41,18,23,82,75,7,33.33333333333333,14.634146341463413,18.69918699186992,66.66666666666666,60.97560975609756,5.691056910569105
E00049039,116,31,9,22,85,72,13,26.72413793103448,7.758620689655173,18.96551724137931,73.27586206896551,62.06896551724138,11.206896551724139
E00049040,141,56,24,32,85,73,12,39.71631205673759,17.02127659574468,22.69503546099291,60.28368794326241,51.77304964539007,8.51063829787234
E00049041,149,37,12,25,112,103,9,24.832214765100673,8.053691275167784,16.778523489932887,75.16778523489933,69.12751677852349,6.0402684563758395
E00049042,118,25,7,18,93,81,12,21.1864406779661,5.932203389830509,15.254237288135593,78.8135593220339,68.64406779661016,10.16949152542373
E00049043,139,35,11,24,104,90,14,25.179856115107913,7.913669064748201,17.26618705035971,74.82014388489209,64.74820143884892,10.071942446043165
E00049044,146,47,21,26,99,91,8,32.19178082191781,14.383561643835616,17.80821917808219,67.8082191780822,62.328767123287676,5.47945205479452
E00049046,133,22,8,14,111,96,15,16.541353383458645,6.015037593984962,10.526315789473683,83.45864661654136,72.18045112781954,11.278195488721805
E00049047,182,38,15,23,144,121,23,20.87912087912088,8.241758241758241,12.637362637362637,79.12087912087912,66.48351648351648,12.637362637362637
E00049048,125,32,13,19,93,77,16,25.6,10.4,15.2,74.4,61.6,12.8
E00049049,143,38,21,17,105,88,17,26.573426573426573,14.685314685314685,11.888111888111888,73.42657342657343,61.53846153846154,11.888111888111888
E00049050,146,44,7,37,102,92,10,30.136986301369863,4.794520547945205,25.34246575342466,69.86301369863014,63.013698630136986,6.8493150684931505
E00049051,158,33,13,20,125,110,15,20.88607594936709,8.227848101265822,12.658227848101266,79.11392405063292,69.62025316455697,9.49367088607595
E00049052,139,47,18,29,92,82,10,33.81294964028777,12.949640287769784,20.863309352517987,66.18705035971223,58.992805755395686,7.1942446043165464
E00049053,147,42,18,24,105,92,13,28.57142857142857,12.244897959183673,16.3265306122449,71.42857142857143,62.585034013605444,8.843537414965986
E00049054,133,34,20,14,99,87,12,25.563909774436087,15.037593984962406,10.526315789473683,74.43609022556392,65.41353383458647,9.022556390977442
E00049055,155,49,21,28,106,98,8,31.61290322580645,13.548387096774196,18.064516129032256,68.38709677419355,63.2258064516129,5.161290322580645
E00049056,117,31,14,17,86,81,5,26.495726495726498,11.965811965811966,14.529914529914532,73.50427350427351,69.23076923076923,4.273504273504273
E00049057,107,21,3,18,86,78,8,19.626168224299064,2.803738317757009,16.822429906542055,80.37383177570094,72.89719626168224,7.476635514018691
E00049058,127,33,7,26,94,83,11,25.984251968503933,5.511811023622047,20.47244094488189,74.01574803149606,65.35433070866141,8.661417322834646
E00049059,69,16,0,16,53,49,4,23.18840579710145,0,23.18840579710145,76.81159420289855,71.01449275362319,5.797101449275362
E00049060,178,44,13,31,134,124,10,24.719101123595504,7.303370786516854,17.415730337078653,75.28089887640449,69.66292134831461,5.617977528089887
E00049061,156,49,17,32,107,92,15,31.41025641025641,10.897435897435898,20.51282051282051,68.58974358974359,58.97435897435898,9.615384615384617
E00049062,146,45,14,31,101,85,16,30.82191780821918,9.58904109589041,21.232876712328768,69.17808219178082,58.21917808219178,10.95890410958904
E00049063,127,20,3,17,107,93,14,15.748031496062993,2.3622047244094486,13.385826771653544,84.25196850393701,73.22834645669292,11.023622047244094
E00049064,133,24,5,19,109,100,9,18.045112781954884,3.7593984962406015,14.285714285714285,81.95488721804512,75.18796992481202,6.7669172932330826
E00049065,145,37,13,24,108,101,7,25.517241379310345,8.96551724137931,16.551724137931036,74.48275862068967,69.6551724137931,4.827586206896552
E00049066,144,32,8,24,112,99,13,22.22222222222222,5.555555555555555,16.666666666666664,77.77777777777779,68.75,9.027777777777777
E00049067,114,23,7,16,91,83,8,20.175438596491226,6.140350877192982,14.035087719298245,79.82456140350878,72.80701754385966,7.017543859649122
E00049068,113,19,5,14,94,79,15,16.8141592920354,4.424778761061947,12.389380530973451,83.1858407079646,69.91150442477876,13.274336283185843
E00049069,136,40,15,25,96,88,8,29.411764705882355,11.029411764705882,18.38235294117647,70.58823529411765,64.70588235294117,5.88235294117647
E00049070,128,38,13,25,90,76,14,29.6875,10.15625,19.53125,70.3125,59.375,10.9375
E00049071,216,52,12,40,164,148,16,24.074074074074073,5.555555555555555,18.51851851851852,75.92592592592592,68.51851851851852,7.4074074074074066
E00049072,222,57,18,39,165,136,29,25.675675675675674,8.108108108108109,17.56756756756757,74.32432432432432,61.261261261261254,13.063063063063062
E00049073,160,48,8,40,112,103,9,30,5,25,70,64.375,5.625
E00049074,72,16,2,14,56,47,9,22.22222222222222,2.7777777777777777,19.444444444444446,77.77777777777779,65.27777777777779,12.5
E00049075,75,23,6,17,52,48,4,30.666666666666664,8,22.666666666666664,69.33333333333334,64,5.333333333333334
E00049076,91,38,11,27,53,46,7,41.75824175824176,12.087912087912088,29.67032967032967,58.24175824175825,50.54945054945055,7.6923076923076925
E00049077,85,24,1,23,61,57,4,28.235294117647058,1.1764705882352942,27.058823529411764,71.76470588235294,67.05882352941175,4.705882352941177
E00049078,222,56,18,38,166,150,16,25.225225225225223,8.108108108108109,17.117117117117118,74.77477477477478,67.56756756756756,7.207207207207207
E00049079,72,21,10,11,51,48,3,29.166666666666668,13.88888888888889,15.277777777777779,70.83333333333334,66.66666666666666,4.166666666666666
E00049080,129,33,8,25,96,86,10,25.581395348837212,6.2015503875969,19.379844961240313,74.4186046511628,66.66666666666666,7.751937984496124
E00049081,124,31,8,23,93,87,6,25,6.451612903225806,18.548387096774192,75,70.16129032258065,4.838709677419355
E00049082,33,11,3,8,22,18,4,33.33333333333333,9.090909090909092,24.242424242424242,66.66666666666666,54.54545454545454,12.121212121212121
E00049083,148,43,14,29,105,91,14,29.054054054054053,9.45945945945946,19.594594594594593,70.94594594594594,61.48648648648649,9.45945945945946
E00049085,79,26,9,17,53,50,3,32.91139240506329,11.39240506329114,21.518987341772153,67.08860759493672,63.29113924050633,3.79746835443038
E00049086,88,19,5,14,69,67,2,21.59090909090909,5.681818181818182,15.909090909090908,78.4090909090909,76.13636363636364,2.272727272727273
E00049087,41,10,2,8,31,26,5,24.390243902439025,4.878048780487805,19.51219512195122,75.60975609756098,63.41463414634146,12.195121951219512
E00049088,147,35,11,24,112,94,18,23.809523809523807,7.482993197278912,16.3265306122449,76.19047619047619,63.94557823129252,12.244897959183673
E00049089,106,24,12,12,82,70,12,22.641509433962266,11.320754716981133,11.320754716981133,77.35849056603774,66.0377358490566,11.320754716981133
E00049090,110,25,8,17,85,70,15,22.727272727272727,7.2727272727272725,15.454545454545453,77.27272727272727,63.63636363636363,13.636363636363635
E00049091,180,41,10,31,139,126,13,22.77777777777778,5.555555555555555,17.22222222222222,77.22222222222223,70,7.222222222222221
E00049092,70,24,11,13,46,39,7,34.285714285714285,15.714285714285714,18.571428571428573,65.71428571428571,55.714285714285715,10
E00049093,124,28,10,18,96,86,10,22.58064516129032,8.064516129032258,14.516129032258066,77.41935483870968,69.35483870967742,8.064516129032258
E00049094,151,37,11,26,114,101,13,24.503311258278146,7.28476821192053,17.218543046357617,75.49668874172185,66.88741721854305,8.609271523178808
E00049095,133,27,6,21,106,94,12,20.30075187969925,4.511278195488721,15.789473684210526,79.69924812030075,70.67669172932331,9.022556390977442
E00049096,147,30,9,21,117,107,10,20.408163265306122,6.122448979591836,14.285714285714285,79.59183673469387,72.78911564625851,6.802721088435375
E00049097,119,34,13,21,85,68,17,28.57142857142857,10.92436974789916,17.647058823529413,71.42857142857143,57.14285714285714,14.285714285714285
E00049098,167,48,18,30,119,106,13,28.74251497005988,10.778443113772456,17.964071856287426,71.25748502994011,63.47305389221557,7.784431137724551
E00049099,133,34,11,23,99,74,25,25.563909774436087,8.270676691729323,17.293233082706767,74.43609022556392,55.639097744360896,18.796992481203006
E00049100,168,44,6,38,124,112,12,26.190476190476193,3.571428571428571,22.61904761904762,73.80952380952381,66.66666666666666,7.142857142857142
E00049102,153,34,8,26,119,107,12,22.22222222222222,5.228758169934641,16.99346405228758,77.77777777777779,69.93464052287581,7.8431372549019605
E00049103,124,34,9,25,90,74,16,27.419354838709676,7.258064516129033,20.161290322580644,72.58064516129032,59.67741935483871,12.903225806451612
E00049104,142,33,8,25,109,100,9,23.239436619718308,5.633802816901409,17.6056338028169,76.76056338028168,70.4225352112676,6.338028169014084
E00049105,67,17,5,12,50,40,10,25.37313432835821,7.462686567164178,17.91044776119403,74.6268656716418,59.70149253731343,14.925373134328357
E00049106,135,40,8,32,95,87,8,29.629629629629626,5.9259259259259265,23.703703703703706,70.37037037037037,64.44444444444444,5.9259259259259265
E00049107,146,33,9,24,113,98,15,22.602739726027394,6.164383561643835,16.43835616438356,77.3972602739726,67.12328767123287,10.273972602739725
E00049108,94,26,8,18,68,62,6,27.659574468085108,8.51063829787234,19.148936170212767,72.3404255319149,65.95744680851064,6.382978723404255
E00049109,161,30,10,20,131,120,11,18.633540372670808,6.211180124223603,12.422360248447205,81.36645962732919,74.53416149068323,6.832298136645963
E00049110,70,15,2,13,55,52,3,21.428571428571427,2.857142857142857,18.571428571428573,78.57142857142857,74.28571428571429,4.285714285714286
E00049111,73,18,5,13,55,47,8,24.65753424657534,6.8493150684931505,17.80821917808219,75.34246575342466,64.38356164383562,10.95890410958904
E00049112,138,30,12,18,108,98,10,21.73913043478261,8.695652173913043,13.043478260869565,78.26086956521739,71.01449275362319,7.246376811594203
E00049113,125,33,1,32,92,78,14,26.400000000000002,0.8,25.6,73.6,62.4,11.200000000000001
E00049114,100,15,4,11,85,79,6,15,4,11,85,79,6
E00049115,111,25,4,21,86,77,9,22.52252252252252,3.6036036036036037,18.91891891891892,77.47747747747748,69.36936936936937,8.108108108108109
E00049116,120,34,14,20,86,83,3,28.333333333333332,11.666666666666666,16.666666666666664,71.66666666666667,69.16666666666667,2.5
E00049117,150,45,9,36,105,93,12,30,6,24,70,62,8
E00049118,122,19,0,19,103,96,7,15.573770491803279,0,15.573770491803279,84.42622950819673,78.68852459016394,5.737704918032787
E00049119,91,23,10,13,68,63,5,25.274725274725274,10.989010989010989,14.285714285714285,74.72527472527473,69.23076923076923,5.4945054945054945
E00049120,120,40,11,29,80,72,8,33.33333333333333,9.166666666666666,24.166666666666668,66.66666666666666,60,6.666666666666667
E00049121,95,32,5,27,63,59,4,33.68421052631579,5.263157894736842,28.421052631578945,66.3157894736842,62.10526315789474,4.2105263157894735
E00049122,81,22,5,17,59,54,5,27.160493827160494,6.172839506172839,20.98765432098765,72.8395061728395,66.66666666666666,6.172839506172839
E00049123,82,22,7,15,60,52,8,26.82926829268293,8.536585365853659,18.29268292682927,73.17073170731707,63.41463414634146,9.75609756097561
E00049124,161,43,13,30,118,111,7,26.70807453416149,8.074534161490684,18.633540372670808,73.29192546583852,68.94409937888199,4.3478260869565215
E00049125,95,19,8,11,76,71,5,20,8.421052631578947,11.578947368421053,80,74.73684210526315,5.263157894736842
E00049126,114,27,7,20,87,74,13,23.684210526315788,6.140350877192982,17.543859649122805,76.31578947368422,64.91228070175438,11.403508771929824
E00049127,165,50,16,34,115,99,16,30.303030303030305,9.696969696969697,20.606060606060606,69.6969696969697,60,9.696969696969697
E00049128,149,33,8,25,116,106,10,22.14765100671141,5.369127516778524,16.778523489932887,77.85234899328859,71.14093959731544,6.7114093959731544
E00049129,171,41,16,25,130,115,15,23.976608187134502,9.35672514619883,14.619883040935672,76.0233918128655,67.2514619883041,8.771929824561402
E00049130,198,40,12,28,158,142,16,20.2020202020202,6.0606060606060606,14.14141414141414,79.7979797979798,71.71717171717171,8.080808080808081
E00049131,146,39,12,27,107,97,10,26.71232876712329,8.21917808219178,18.493150684931507,73.28767123287672,66.43835616438356,6.8493150684931505
E00049132,178,52,11,41,126,114,12,29.213483146067414,6.179775280898876,23.03370786516854,70.78651685393258,64.04494382022472,6.741573033707865
E00049133,136,41,13,28,95,90,5,30.14705882352941,9.558823529411764,20.588235294117645,69.85294117647058,66.17647058823529,3.6764705882352944
E00049134,185,55,17,38,130,115,15,29.72972972972973,9.18918918918919,20.54054054054054,70.27027027027027,62.16216216216216,8.108108108108109
E00049135,159,45,12,33,114,102,12,28.30188679245283,7.547169811320755,20.754716981132077,71.69811320754717,64.15094339622641,7.547169811320755
E00049136,176,49,14,35,127,115,12,27.84090909090909,7.954545454545454,19.886363636363637,72.1590909090909,65.3409090909091,6.8181818181818175
E00049137,137,36,13,23,101,90,11,26.277372262773724,9.48905109489051,16.78832116788321,73.72262773722628,65.69343065693431,8.02919708029197
E00049138,101,43,12,31,58,54,4,42.57425742574257,11.881188118811881,30.693069306930692,57.42574257425742,53.46534653465347,3.9603960396039604
E00049139,144,40,11,29,104,98,6,27.77777777777778,7.638888888888889,20.13888888888889,72.22222222222221,68.05555555555556,4.166666666666666
E00049140,158,47,17,30,111,102,9,29.746835443037973,10.759493670886076,18.9873417721519,70.25316455696202,64.55696202531645,5.69620253164557
E00049141,157,45,7,38,112,99,13,28.662420382165603,4.45859872611465,24.203821656050955,71.3375796178344,63.05732484076433,8.280254777070063
E00049142,127,34,13,21,93,85,8,26.77165354330709,10.236220472440944,16.535433070866144,73.22834645669292,66.92913385826772,6.299212598425196
E00049143,116,20,6,14,96,80,16,17.24137931034483,5.172413793103448,12.068965517241379,82.75862068965517,68.96551724137932,13.793103448275861
E00049144,151,40,9,31,111,107,4,26.490066225165563,5.960264900662252,20.52980132450331,73.50993377483444,70.86092715231787,2.6490066225165565
E00049145,129,34,10,24,95,90,5,26.356589147286826,7.751937984496124,18.6046511627907,73.64341085271317,69.76744186046511,3.875968992248062
E00049146,116,30,9,21,86,80,6,25.862068965517242,7.758620689655173,18.103448275862068,74.13793103448276,68.96551724137932,5.172413793103448
E00049147,73,16,1,15,57,56,1,21.91780821917808,1.36986301369863,20.54794520547945,78.08219178082192,76.71232876712328,1.36986301369863
E00049148,302,79,16,63,223,187,36,26.158940397350992,5.298013245033113,20.86092715231788,73.84105960264901,61.920529801324506,11.920529801324504
E00049149,135,33,12,21,102,89,13,24.444444444444443,8.88888888888889,15.555555555555555,75.55555555555556,65.92592592592592,9.62962962962963
E00049150,114,31,10,21,83,77,6,27.192982456140353,8.771929824561402,18.421052631578945,72.80701754385966,67.54385964912281,5.263157894736842
E00049151,98,22,9,13,76,73,3,22.448979591836736,9.183673469387756,13.26530612244898,77.55102040816327,74.48979591836735,3.061224489795918
E00049152,179,42,6,36,137,126,11,23.463687150837988,3.35195530726257,20.11173184357542,76.53631284916202,70.39106145251397,6.145251396648044
E00049153,240,54,9,45,186,168,18,22.5,3.75,18.75,77.5,70,7.5
E00049154,149,33,10,23,116,104,12,22.14765100671141,6.7114093959731544,15.436241610738255,77.85234899328859,69.79865771812081,8.053691275167784
E00049157,111,37,18,19,74,68,6,33.33333333333333,16.216216216216218,17.117117117117118,66.66666666666666,61.261261261261254,5.405405405405405
E00049158,129,45,12,33,84,77,7,34.883720930232556,9.30232558139535,25.581395348837212,65.11627906976744,59.68992248062015,5.426356589147287
E00049159,123,26,10,16,97,91,6,21.138211382113823,8.130081300813007,13.008130081300814,78.86178861788618,73.98373983739837,4.878048780487805
E00049161,103,23,9,14,80,73,7,22.330097087378643,8.737864077669903,13.592233009708737,77.66990291262135,70.87378640776699,6.796116504854369
E00049162,129,26,5,21,103,94,9,20.155038759689923,3.875968992248062,16.27906976744186,79.84496124031007,72.86821705426357,6.976744186046512
E00049163,143,30,9,21,113,101,12,20.97902097902098,6.293706293706294,14.685314685314685,79.02097902097903,70.62937062937063,8.391608391608392
E00049164,161,51,13,38,110,104,6,31.67701863354037,8.074534161490684,23.60248447204969,68.32298136645963,64.59627329192547,3.7267080745341614
E00049165,156,44,6,38,112,101,11,28.205128205128204,3.8461538461538463,24.358974358974358,71.7948717948718,64.74358974358975,7.051282051282051
E00049166,156,45,16,29,111,99,12,28.846153846153843,10.256410256410255,18.58974358974359,71.15384615384616,63.46153846153846,7.6923076923076925
E00049167,156,37,10,27,119,107,12,23.717948717948715,6.41025641025641,17.307692307692307,76.28205128205127,68.58974358974359,7.6923076923076925
E00049168,135,36,5,31,99,94,5,26.666666666666668,3.7037037037037033,22.962962962962962,73.33333333333333,69.62962962962963,3.7037037037037033
E00049169,91,31,7,24,60,56,4,34.065934065934066,7.6923076923076925,26.373626373626376,65.93406593406593,61.53846153846154,4.395604395604396
E00049170,150,41,13,28,109,96,13,27.333333333333332,8.666666666666668,18.666666666666668,72.66666666666667,64,8.666666666666668
E00049171,162,44,19,25,118,112,6,27.160493827160494,11.728395061728394,15.432098765432098,72.8395061728395,69.1358024691358,3.7037037037037033
E00049172,158,46,11,35,112,96,16,29.11392405063291,6.962025316455696,22.151898734177212,70.88607594936708,60.75949367088608,10.126582278481013
E00049173,155,47,14,33,108,96,12,30.32258064516129,9.032258064516128,21.29032258064516,69.6774193548387,61.935483870967744,7.741935483870968
E00049174,171,49,14,35,122,111,11,28.654970760233915,8.187134502923977,20.46783625730994,71.34502923976608,64.91228070175438,6.432748538011696
E00049175,168,46,19,27,122,110,12,27.380952380952383,11.30952380952381,16.071428571428573,72.61904761904762,65.47619047619048,7.142857142857142
E00049176,110,33,11,22,77,70,7,30,10,20,70,63.63636363636363,6.363636363636363
E00049177,156,49,12,37,107,98,9,31.41025641025641,7.6923076923076925,23.717948717948715,68.58974358974359,62.82051282051282,5.769230769230769
E00049178,124,26,7,19,98,90,8,20.967741935483872,5.64516129032258,15.32258064516129,79.03225806451613,72.58064516129032,6.451612903225806
E00049179,123,32,8,24,91,80,11,26.01626016260163,6.504065040650407,19.51219512195122,73.98373983739837,65.04065040650406,8.94308943089431
E00049180,174,49,17,32,125,112,13,28.160919540229884,9.770114942528735,18.39080459770115,71.83908045977012,64.36781609195403,7.471264367816093
E00049181,152,34,8,26,118,107,11,22.36842105263158,5.263157894736842,17.105263157894736,77.63157894736842,70.39473684210526,7.236842105263158
E00049182,115,21,5,16,94,87,7,18.26086956521739,4.3478260869565215,13.91304347826087,81.73913043478261,75.65217391304347,6.086956521739131
E00165739,215,46,21,25,169,154,15,21.3953488372093,9.767441860465116,11.627906976744185,78.6046511627907,71.62790697674419,6.976744186046512
E00165740,126,28,8,20,98,90,8,22.22222222222222,6.349206349206349,15.873015873015872,77.77777777777779,71.42857142857143,6.349206349206349
E00165741,248,71,19,52,177,163,14,28.62903225806452,7.661290322580645,20.967741935483872,71.37096774193549,65.7258064516129,5.64516129032258
E00165742,173,64,11,53,109,104,5,36.99421965317919,6.358381502890173,30.63583815028902,63.005780346820806,60.115606936416185,2.8901734104046244
E00165743,183,63,12,51,120,107,13,34.42622950819672,6.557377049180328,27.86885245901639,65.57377049180327,58.46994535519126,7.103825136612022
E00165745,123,28,9,19,95,89,6,22.76422764227642,7.317073170731707,15.447154471544716,77.23577235772358,72.35772357723577,4.878048780487805
E00165746,144,35,13,22,109,90,19,24.305555555555554,9.027777777777777,15.277777777777779,75.69444444444444,62.5,13.194444444444445
E00165813,202,55,16,39,147,133,14,27.22772277227723,7.920792079207921,19.306930693069308,72.77227722772277,65.84158415841584,6.9306930693069315
E00172147,120,41,14,27,79,55,24,34.166666666666664,11.666666666666666,22.5,65.83333333333333,45.83333333333333,20
E00172148,190,52,13,39,138,118,20,27.368421052631582,6.842105263157896,20.526315789473685,72.63157894736842,62.10526315789474,10.526315789473683
E00172149,192,51,21,30,141,108,33,26.5625,10.9375,15.625,73.4375,56.25,17.1875
E00172150,422,285,232,53,137,110,27,67.53554502369668,54.976303317535546,12.559241706161137,32.46445497630332,26.066350710900476,6.398104265402843
E00172151,113,33,9,24,80,53,27,29.20353982300885,7.964601769911504,21.238938053097346,70.79646017699115,46.902654867256636,23.893805309734514
E00172152,321,70,30,40,251,230,21,21.806853582554517,9.345794392523365,12.461059190031152,78.19314641744548,71.65109034267913,6.5420560747663545
E00172153,153,34,12,22,119,95,24,22.22222222222222,7.8431372549019605,14.37908496732026,77.77777777777779,62.091503267973856,15.686274509803921
E00172154,171,41,16,25,130,115,15,23.976608187134502,9.35672514619883,14.619883040935672,76.0233918128655,67.2514619883041,8.771929824561402
E00172155,183,47,20,27,136,119,17,25.683060109289617,10.92896174863388,14.754098360655737,74.31693989071039,65.02732240437157,9.289617486338798
E00172156,243,62,24,38,181,152,29,25.514403292181072,9.876543209876543,15.637860082304528,74.48559670781893,62.55144032921811,11.934156378600823
E00172158,159,41,13,28,118,102,16,25.78616352201258,8.176100628930817,17.61006289308176,74.21383647798741,64.15094339622641,10.062893081761008
E00172159,165,42,11,31,123,106,17,25.454545454545453,6.666666666666667,18.787878787878785,74.54545454545455,64.24242424242425,10.303030303030303
E00172160,169,60,21,39,109,105,4,35.50295857988166,12.42603550295858,23.076923076923077,64.49704142011834,62.1301775147929,2.366863905325444
E00172161,178,42,11,31,136,128,8,23.595505617977526,6.179775280898876,17.415730337078653,76.40449438202246,71.91011235955057,4.49438202247191
E00172162,138,33,7,26,105,100,5,23.91304347826087,5.072463768115942,18.84057971014493,76.08695652173914,72.46376811594203,3.6231884057971016
E00172163,172,48,17,31,124,107,17,27.906976744186046,9.883720930232558,18.023255813953487,72.09302325581395,62.2093023255814,9.883720930232558
E00172164,103,34,9,25,69,64,5,33.00970873786408,8.737864077669903,24.271844660194176,66.99029126213593,62.13592233009708,4.854368932038835
E00172165,99,25,11,14,74,69,5,25.252525252525253,11.11111111111111,14.14141414141414,74.74747474747475,69.6969696969697,5.05050505050505
E00172166,178,67,37,30,111,86,25,37.640449438202246,20.786516853932586,16.853932584269664,62.35955056179775,48.31460674157304,14.04494382022472
E00172167,79,31,12,19,48,39,9,39.24050632911392,15.18987341772152,24.050632911392405,60.75949367088608,49.36708860759494,11.39240506329114
E00172168,129,38,12,26,91,76,15,29.457364341085274,9.30232558139535,20.155038759689923,70.54263565891473,58.91472868217055,11.627906976744185
E00172169,171,49,19,30,122,99,23,28.654970760233915,11.11111111111111,17.543859649122805,71.34502923976608,57.89473684210527,13.450292397660817
E00172170,175,67,44,23,108,104,4,38.285714285714285,25.142857142857146,13.142857142857142,61.71428571428571,59.42857142857143,2.2857142857142856
E00172171,138,36,20,16,102,89,13,26.08695652173913,14.492753623188406,11.594202898550725,73.91304347826086,64.4927536231884,9.420289855072465
E00172172,327,262,176,86,65,56,9,80.1223241590214,53.822629969418955,26.299694189602445,19.877675840978593,17.12538226299694,2.7522935779816518
E00172174,46,18,7,11,28,25,3,39.130434782608695,15.217391304347828,23.91304347826087,60.86956521739131,54.347826086956516,6.521739130434782
E00172176,156,39,17,22,117,103,14,25,10.897435897435898,14.102564102564102,75,66.02564102564102,8.974358974358974
E00172177,192,45,21,24,147,130,17,23.4375,10.9375,12.5,76.5625,67.70833333333334,8.854166666666668
E00172178,170,53,15,38,117,108,9,31.176470588235293,8.823529411764707,22.35294117647059,68.82352941176471,63.52941176470588,5.294117647058823
E00172179,163,39,15,24,124,105,19,23.92638036809816,9.202453987730062,14.723926380368098,76.07361963190185,64.41717791411043,11.65644171779141
E00172180,176,54,23,31,122,115,7,30.681818181818183,13.068181818181818,17.613636363636363,69.31818181818183,65.3409090909091,3.977272727272727
E00172181,149,47,15,32,102,92,10,31.543624161073826,10.06711409395973,21.476510067114095,68.45637583892618,61.74496644295302,6.7114093959731544
E00172182,140,102,60,42,38,38,0,72.85714285714285,42.857142857142854,30,27.142857142857142,27.142857142857142,0
E00172183,65,21,10,11,44,44,0,32.30769230769231,15.384615384615385,16.923076923076923,67.6923076923077,67.6923076923077,0
E00172184,89,73,31,42,16,15,1,82.02247191011236,34.831460674157306,47.19101123595505,17.97752808988764,16.853932584269664,1.1235955056179776
E00172185,79,32,13,19,47,44,3,40.50632911392405,16.455696202531644,24.050632911392405,59.49367088607595,55.69620253164557,3.79746835443038
E00172186,190,54,15,39,136,122,14,28.421052631578945,7.894736842105263,20.526315789473685,71.57894736842105,64.21052631578948,7.368421052631578
E00172187,262,61,22,39,201,181,20,23.282442748091604,8.396946564885496,14.885496183206106,76.7175572519084,69.08396946564885,7.633587786259542
E00172189,228,49,19,30,179,155,24,21.49122807017544,8.333333333333332,13.157894736842104,78.50877192982456,67.98245614035088,10.526315789473683
E00172191,118,44,23,21,74,68,6,37.28813559322034,19.491525423728813,17.796610169491526,62.71186440677966,57.6271186440678,5.084745762711865
E00172192,114,23,14,9,91,85,6,20.175438596491226,12.280701754385964,7.894736842105263,79.82456140350878,74.56140350877193,5.263157894736842
E00172193,58,23,16,7,35,31,4,39.6551724137931,27.586206896551722,12.068965517241379,60.3448275862069,53.44827586206896,6.896551724137931
E00172194,67,23,6,17,44,37,7,34.32835820895522,8.955223880597014,25.37313432835821,65.67164179104478,55.223880597014926,10.44776119402985
E00172195,57,13,2,11,44,44,0,22.807017543859647,3.508771929824561,19.298245614035086,77.19298245614034,77.19298245614034,0
E00172196,86,23,10,13,63,57,6,26.744186046511626,11.627906976744185,15.11627906976744,73.25581395348837,66.27906976744185,6.976744186046512
E00172197,51,16,6,10,35,31,4,31.372549019607842,11.76470588235294,19.607843137254903,68.62745098039215,60.78431372549019,7.8431372549019605
E00172200,74,25,6,19,49,46,3,33.78378378378378,8.108108108108109,25.675675675675674,66.21621621621621,62.16216216216216,4.054054054054054
E00172201,56,25,14,11,31,31,0,44.642857142857146,25,19.642857142857142,55.35714285714286,55.35714285714286,0
E00172202,170,110,74,36,60,60,0,64.70588235294117,43.529411764705884,21.176470588235293,35.294117647058826,35.294117647058826,0
E00172203,99,40,22,18,59,51,8,40.4040404040404,22.22222222222222,18.181818181818183,59.59595959595959,51.515151515151516,8.080808080808081
E00172204,83,31,9,22,52,45,7,37.34939759036144,10.843373493975903,26.506024096385545,62.65060240963856,54.21686746987952,8.433734939759036
E00172205,87,36,15,21,51,46,5,41.37931034482759,17.24137931034483,24.137931034482758,58.620689655172406,52.87356321839081,5.747126436781609
E00172206,298,61,16,45,237,211,26,20.469798657718123,5.369127516778524,15.100671140939598,79.53020134228188,70.80536912751678,8.724832214765101
E00172212,117,38,9,29,79,74,5,32.47863247863248,7.6923076923076925,24.786324786324787,67.52136752136752,63.24786324786324,4.273504273504273
E00172213,82,29,15,14,53,51,2,35.36585365853659,18.29268292682927,17.073170731707318,64.63414634146342,62.19512195121951,2.4390243902439024
E00185034,227,52,11,41,175,167,8,22.90748898678414,4.845814977973569,18.06167400881057,77.09251101321586,73.568281938326,3.524229074889868
E00185035,162,105,64,41,57,49,8,64.81481481481481,39.50617283950617,25.308641975308642,35.18518518518518,30.246913580246915,4.938271604938271
E00185036,63,26,18,8,37,27,10,41.269841269841265,28.57142857142857,12.698412698412698,58.730158730158735,42.857142857142854,15.873015873015872
E00185040,63,17,9,8,46,46,0,26.984126984126984,14.285714285714285,12.698412698412698,73.01587301587301,73.01587301587301,0
E00185041,202,46,9,37,156,143,13,22.772277227722775,4.455445544554455,18.316831683168317,77.22772277227723,70.79207920792079,6.435643564356436
E00185042,102,33,5,28,69,63,6,32.35294117647059,4.901960784313726,27.450980392156865,67.64705882352942,61.76470588235294,5.88235294117647
E00185043,177,31,9,22,146,135,11,17.51412429378531,5.084745762711865,12.429378531073446,82.485875706214685,76.27118644067797,6.214689265536723
E00185044,121,30,7,23,91,78,13,24.793388429752067,5.785123966942149,19.00826446280992,75.20661157024794,64.46280991735537,10.743801652892563
E00185046,90,42,10,32,48,47,1,46.666666666666664,11.11111111111111,35.55555555555556,53.333333333333336,52.22222222222223,1.1111111111111112
E00185048,56,20,6,14,36,33,3,35.714285714285715,10.714285714285714,25,64.28571428571429,58.92857142857143,5.357142857142857
E00185049,295,55,18,37,240,220,20,18.64406779661017,6.101694915254238,12.54237288135593,81.35593220338984,74.57627118644068,6.779661016949152
E00185050,141,56,22,34,85,81,4,39.71631205673759,15.602836879432624,24.113475177304963,60.28368794326241,57.446808510638306,2.8368794326241136
E00185051,118,22,0,22,96,87,9,18.64406779661017,0,18.64406779661017,81.35593220338984,73.72881355932203,7.627118644067797
E00185052,132,21,7,14,111,101,10,15.909090909090908,5.303030303030303,10.606060606060606,84.0909090909091,76.51515151515152,7.575757575757576
E00185053,238,64,20,44,174,153,21,26.89075630252101,8.403361344537815,18.487394957983195,73.10924369747899,64.28571428571429,8.823529411764707
E00185054,128,32,0,32,96,78,18,25,0,25,75,60.9375,14.0625
E00185055,309,71,15,56,238,216,22,22.97734627831715,4.854368932038835,18.12297734627832,77.02265372168284,69.90291262135922,7.119741100323624
E00185056,70,14,3,11,56,51,5,20,4.285714285714286,15.714285714285714,80,72.85714285714285,7.142857142857142
E00185059,157,62,15,47,95,81,14,39.490445859872615,9.554140127388536,29.936305732484076,60.509554140127385,51.59235668789809,8.9171974522293
E00185061,152,67,49,18,85,77,8,44.07894736842105,32.23684210526316,11.842105263157894,55.92105263157895,50.6578947368421,5.263157894736842
E00185065,178,46,10,36,132,126,6,25.842696629213485,5.617977528089887,20.224719101123593,74.15730337078652,70.78651685393258,3.3707865168539324
E00185066,325,59,16,43,266,236,30,18.153846153846153,4.923076923076923,13.230769230769232,81.84615384615384,72.61538461538461,9.230769230769232
E00185067,48,18,8,10,30,28,2,37.5,16.666666666666664,20.833333333333336,62.5,58.333333333333336,4.166666666666666
E00185068,61,14,1,13,47,44,3,22.950819672131146,1.639344262295082,21.311475409836063,77.04918032786885,72.1311475409836,4.918032786885246
E00185069,149,56,32,24,93,88,5,37.58389261744966,21.476510067114095,16.10738255033557,62.41610738255034,59.06040268456376,3.3557046979865772
E00185070,82,38,24,14,44,39,5,46.34146341463415,29.268292682926827,17.073170731707318,53.65853658536586,47.5609756097561,6.097560975609756
E00185071,81,19,5,14,62,56,6,23.456790123456788,6.172839506172839,17.28395061728395,76.5432098765432,69.1358024691358,7.4074074074074066
E00185072,106,34,11,23,72,61,11,32.075471698113205,10.377358490566039,21.69811320754717,67.9245283018868,57.54716981132076,10.377358490566039
E00185073,157,38,6,32,119,103,16,24.203821656050955,3.821656050955414,20.382165605095544,75.79617834394905,65.60509554140127,10.191082802547772
E00185074,347,70,17,53,277,244,33,20.172910662824208,4.899135446685879,15.273775216138327,79.82708933717579,70.31700288184439,9.510086455331413
E00185075,161,76,48,28,85,76,9,47.20496894409938,29.81366459627329,17.391304347826086,52.79503105590062,47.20496894409938,5.590062111801243
E00185076,237,63,32,31,174,149,25,26.582278481012654,13.502109704641349,13.080168776371309,73.41772151898735,62.869198312236286,10.548523206751055
E00185077,103,18,9,9,85,78,7,17.475728155339805,8.737864077669903,8.737864077669903,82.52427184466019,75.72815533980582,6.796116504854369
E00185079,109,19,8,11,90,87,3,17.431192660550458,7.339449541284404,10.091743119266056,82.56880733944955,79.81651376146789,2.7522935779816518
E00185080,246,46,10,36,200,167,33,18.69918699186992,4.0650406504065035,14.634146341463413,81.30081300813008,67.88617886178862,13.414634146341465
E00185081,169,90,46,44,79,73,6,53.25443786982249,27.218934911242602,26.035502958579883,46.74556213017752,43.19526627218935,3.5502958579881656
E00185084,110,20,6,14,90,83,7,18.181818181818183,5.454545454545454,12.727272727272727,81.81818181818183,75.45454545454545,6.363636363636363
E00185085,117,32,6,26,85,77,8,27.350427350427353,5.128205128205128,22.22222222222222,72.64957264957265,65.8119658119658,6.837606837606838
E00185087,78,33,20,13,45,41,4,42.30769230769231,25.64102564102564,16.666666666666664,57.692307692307686,52.56410256410257,5.128205128205128
E00185088,384,70,17,53,314,284,30,18.229166666666664,4.427083333333334,13.802083333333334,81.77083333333334,73.95833333333334,7.8125
E00185089,104,30,12,18,74,62,12,28.846153846153843,11.538461538461538,17.307692307692307,71.15384615384616,59.61538461538461,11.538461538461538
E00185090,143,99,65,34,44,38,6,69.23076923076923,45.45454545454545,23.776223776223777,30.76923076923077,26.573426573426573,4.195804195804196
E00185091,131,48,20,28,83,80,3,36.6412213740458,15.267175572519085,21.374045801526716,63.358778625954194,61.06870229007634,2.2900763358778624
E00185092,106,26,6,20,80,78,2,24.528301886792452,5.660377358490567,18.867924528301888,75.47169811320755,73.58490566037736,1.8867924528301887
E00185094,89,27,1,26,62,55,7,30.337078651685395,1.1235955056179776,29.213483146067414,69.66292134831461,61.79775280898876,7.865168539325842
E00185097,116,60,45,15,56,47,9,51.724137931034484,38.793103448275865,12.931034482758621,48.275862068965516,40.51724137931034,7.758620689655173
E00185098,104,35,18,17,69,57,12,33.65384615384615,17.307692307692307,16.346153846153847,66.34615384615384,54.807692307692314,11.538461538461538
E00185099,265,68,23,45,197,173,24,25.660377358490567,8.679245283018867,16.9811320754717,74.33962264150942,65.28301886792453,9.056603773584905
E00185100,217,29,6,23,188,173,15,13.36405529953917,2.7649769585253456,10.599078341013826,86.63594470046083,79.72350230414746,6.912442396313365
E00185101,175,44,15,29,131,120,11,25.142857142857146,8.571428571428571,16.57142857142857,74.85714285714286,68.57142857142857,6.2857142857142865
E00185102,114,24,8,16,90,74,16,21.052631578947366,7.017543859649122,14.035087719298245,78.94736842105263,64.91228070175438,14.035087719298245
E00185103,213,46,15,31,167,150,17,21.5962441314554,7.042253521126761,14.553990610328638,78.40375586854461,70.4225352112676,7.981220657276995
E00185105,54,13,4,9,41,38,3,24.074074074074073,7.4074074074074066,16.666666666666664,75.92592592592592,70.37037037037037,5.555555555555555
E00185106,118,41,19,22,77,72,5,34.74576271186441,16.101694915254235,18.64406779661017,65.2542372881356,61.016949152542374,4.23728813559322
E00185107,72,24,11,13,48,46,2,33.33333333333333,15.277777777777779,18.055555555555554,66.66666666666666,63.888888888888886,2.7777777777777777
E00185108,181,30,9,21,151,136,15,16.574585635359114,4.972375690607735,11.602209944751381,83.42541436464089,75.13812154696133,8.287292817679557
E00185109,240,56,14,42,184,170,14,23.333333333333332,5.833333333333333,17.5,76.66666666666667,70.83333333333334,5.833333333333333
E00185110,109,26,8,18,83,74,9,23.853211009174313,7.339449541284404,16.51376146788991,76.14678899082568,67.88990825688074,8.256880733944955
E00185111,77,29,9,20,48,47,1,37.66233766233766,11.688311688311687,25.97402597402597,62.33766233766234,61.038961038961034,1.2987012987012987
E00185113,363,64,19,45,299,264,35,17.63085399449036,5.234159779614325,12.396694214876034,82.36914600550963,72.72727272727273,9.641873278236915
E00185114,182,65,15,50,117,105,12,35.714285714285715,8.241758241758241,27.472527472527474,64.28571428571429,57.692307692307686,6.593406593406594
E00185115,153,57,35,22,96,84,12,37.254901960784316,22.875816993464053,14.37908496732026,62.745098039215684,54.90196078431373,7.8431372549019605
E00185116,284,77,26,51,207,184,23,27.11267605633803,9.15492957746479,17.95774647887324,72.88732394366197,64.7887323943662,8.098591549295776
E00185117,150,43,14,29,107,98,9,28.666666666666668,9.333333333333334,19.333333333333332,71.33333333333334,65.33333333333333,6
E00185118,199,45,12,33,154,139,15,22.613065326633166,6.030150753768844,16.582914572864322,77.38693467336684,69.84924623115577,7.537688442211055
E00185119,169,12,5,7,157,147,10,7.100591715976331,2.9585798816568047,4.142011834319527,92.89940828402366,86.98224852071006,5.9171597633136095
E00185120,62,21,10,11,41,36,5,33.87096774193548,16.129032258064516,17.741935483870968,66.12903225806451,58.06451612903226,8.064516129032258
E00185121,157,37,10,27,120,112,8,23.56687898089172,6.369426751592357,17.197452229299362,76.43312101910828,71.3375796178344,5.095541401273886
E00185122,114,26,17,9,88,81,7,22.807017543859647,14.912280701754385,7.894736842105263,77.19298245614034,71.05263157894737,6.140350877192982
E00185123,98,66,38,28,32,31,1,67.3469387755102,38.775510204081634,28.57142857142857,32.6530612244898,31.63265306122449,1.0204081632653061
E00185125,130,48,24,24,82,68,14,36.92307692307693,18.461538461538463,18.461538461538463,63.07692307692307,52.307692307692314,10.76923076923077
E00185127,121,16,7,9,105,86,19,13.223140495867769,5.785123966942149,7.43801652892562,86.77685950413223,71.07438016528926,15.702479338842975
E00185129,172,56,17,39,116,98,18,32.55813953488372,9.883720930232558,22.674418604651162,67.44186046511628,56.97674418604651,10.465116279069768
E00185130,82,23,8,15,59,53,6,28.04878048780488,9.75609756097561,18.29268292682927,71.95121951219512,64.63414634146342,7.317073170731707
E00185132,249,51,13,38,198,182,16,20.481927710843372,5.220883534136546,15.261044176706829,79.51807228915662,73.09236947791165,6.425702811244979
E00185133,132,18,4,14,114,106,8,13.636363636363635,3.0303030303030303,10.606060606060606,86.36363636363636,80.3030303030303,6.0606060606060606
E00185135,301,60,24,36,241,217,24,19.93355481727575,7.973421926910299,11.960132890365449,80.06644518272425,72.09302325581395,7.973421926910299
E00185136,53,17,6,11,36,33,3,32.075471698113205,11.320754716981133,20.754716981132077,67.9245283018868,62.264150943396224,5.660377358490567
