OA,ts0380001,ts0380002,ts0380003,ts0380004,ts0380005,ts0380006,ts0380007,ts0380002_PCT,ts0380003_PCT,ts0380004_PCT,ts0380005_PCT,ts0380006_PCT,ts0380007_PCT
E00048204,334,57,22,35,277,25,252,17.065868263473057,6.58682634730539,10.479041916167663,82.93413173652695,7.48502994011976,75.44910179640718
E00048205,301,52,27,25,249,10,239,17.275747508305646,8.970099667774086,8.305647840531561,82.72425249169434,3.322259136212625,79.40199335548172
E00048206,274,40,14,26,234,18,216,14.5985401459854,5.109489051094891,9.48905109489051,85.40145985401459,6.569343065693431,78.83211678832117
E00048207,317,65,32,33,252,24,228,20.50473186119874,10.094637223974763,10.410094637223976,79.49526813880126,7.570977917981073,71.92429022082018
E00048208,440,76,45,31,364,20,344,17.272727272727273,10.227272727272728,7.045454545454545,82.72727272727273,4.545454545454546,78.18181818181819
E00048209,262,41,19,22,221,19,202,15.648854961832063,7.251908396946565,8.396946564885496,84.35114503816794,7.251908396946565,77.09923664122137
E00048210,345,55,18,37,290,20,270,15.942028985507244,5.217391304347826,10.72463768115942,84.05797101449275,5.797101449275362,78.26086956521739
E00048211,321,65,30,35,256,21,235,20.24922118380062,9.345794392523365,10.903426791277258,79.75077881619937,6.5420560747663545,73.20872274143302
E00048213,302,63,21,42,239,12,227,20.86092715231788,6.95364238410596,13.90728476821192,79.13907284768213,3.9735099337748347,75.16556291390728
E00048214,360,87,47,40,273,25,248,24.166666666666668,13.055555555555557,11.11111111111111,75.83333333333333,6.944444444444445,68.88888888888889
E00048215,152,63,29,34,89,11,78,41.44736842105263,19.078947368421055,22.36842105263158,58.55263157894737,7.236842105263158,51.31578947368421
E00048216,324,41,15,26,283,26,257,12.654320987654321,4.62962962962963,8.024691358024691,87.34567901234568,8.024691358024691,79.32098765432099
E00048217,326,79,51,28,247,17,230,24.233128834355828,15.644171779141105,8.588957055214724,75.76687116564416,5.214723926380368,70.5521472392638
E00048218,359,40,20,20,319,24,295,11.142061281337048,5.571030640668524,5.571030640668524,88.85793871866295,6.685236768802229,82.17270194986072
E00048219,289,51,20,31,238,20,218,17.647058823529413,6.920415224913495,10.726643598615917,82.35294117647058,6.920415224913495,75.4325259515571
E00048220,348,95,52,43,253,26,227,27.298850574712645,14.942528735632186,12.35632183908046,72.70114942528735,7.471264367816093,65.22988505747126
E00048221,367,50,21,29,317,27,290,13.623978201634879,5.722070844686648,7.901907356948229,86.37602179836512,7.3569482288828345,79.01907356948229
E00048222,259,58,27,31,201,17,184,22.393822393822393,10.424710424710424,11.96911196911197,77.60617760617761,6.563706563706563,71.04247104247105
E00048223,228,51,26,25,177,15,162,22.36842105263158,11.403508771929824,10.964912280701753,77.63157894736842,6.578947368421052,71.05263157894737
E00048224,263,53,19,34,210,22,188,20.15209125475285,7.224334600760455,12.927756653992395,79.84790874524715,8.365019011406844,71.48288973384031
E00048225,334,52,26,26,282,25,257,15.568862275449103,7.784431137724551,7.784431137724551,84.4311377245509,7.48502994011976,76.94610778443113
E00048226,286,33,15,18,253,20,233,11.538461538461538,5.244755244755245,6.293706293706294,88.46153846153845,6.993006993006993,81.46853146853147
E00048227,273,51,13,38,222,20,202,18.681318681318682,4.761904761904762,13.91941391941392,81.31868131868131,7.326007326007327,73.992673992674
E00048228,369,46,17,29,323,35,288,12.466124661246612,4.607046070460704,7.8590785907859075,87.53387533875339,9.48509485094851,78.04878048780488
E00048229,360,48,15,33,312,26,286,13.333333333333334,4.166666666666666,9.166666666666666,86.66666666666667,7.222222222222221,79.44444444444444
E00048230,365,49,23,26,316,30,286,13.424657534246576,6.301369863013699,7.123287671232877,86.57534246575342,8.21917808219178,78.35616438356165
E00048231,318,48,16,32,270,17,253,15.09433962264151,5.031446540880504,10.062893081761008,84.90566037735849,5.345911949685535,79.55974842767296
E00048232,297,43,19,24,254,24,230,14.47811447811448,6.397306397306397,8.080808080808081,85.52188552188552,8.080808080808081,77.44107744107744
E00048233,356,46,17,29,310,29,281,12.921348314606742,4.775280898876404,8.146067415730338,87.07865168539325,8.146067415730338,78.93258426966293
E00048234,298,49,10,39,249,15,234,16.44295302013423,3.3557046979865772,13.087248322147651,83.55704697986577,5.033557046979865,78.52348993288591
E00048235,283,46,15,31,237,27,210,16.25441696113074,5.30035335689046,10.954063604240282,83.74558303886926,9.540636042402827,74.20494699646643
E00048236,254,44,16,28,210,26,184,17.322834645669293,6.299212598425196,11.023622047244094,82.67716535433071,10.236220472440944,72.44094488188976
E00048237,469,60,30,30,409,34,375,12.79317697228145,6.396588486140725,6.396588486140725,87.20682302771856,7.249466950959488,79.95735607675905
E00048238,260,39,17,22,221,22,199,15,6.538461538461539,8.461538461538462,85,8.461538461538462,76.53846153846153
E00048239,257,45,15,30,212,13,199,17.509727626459142,5.836575875486381,11.673151750972762,82.49027237354085,5.058365758754864,77.431906614786
E00048240,324,53,25,28,271,28,243,16.358024691358025,7.716049382716049,8.641975308641975,83.64197530864197,8.641975308641975,75
E00048241,283,37,12,25,246,25,221,13.074204946996467,4.240282685512367,8.8339222614841,86.92579505300353,8.8339222614841,78.09187279151944
E00048242,238,46,23,23,192,12,180,19.327731092436977,9.663865546218489,9.663865546218489,80.67226890756302,5.042016806722689,75.63025210084034
E00048243,253,59,31,28,194,15,179,23.3201581027668,12.25296442687747,11.067193675889328,76.6798418972332,5.928853754940711,70.7509881422925
E00048244,217,50,22,28,167,14,153,23.04147465437788,10.138248847926267,12.903225806451612,76.95852534562212,6.451612903225806,70.50691244239631
E00048245,290,49,23,26,241,16,225,16.896551724137932,7.931034482758621,8.96551724137931,83.10344827586206,5.517241379310345,77.58620689655173
E00048246,406,58,24,34,348,29,319,14.285714285714285,5.911330049261084,8.374384236453201,85.71428571428571,7.142857142857142,78.57142857142857
E00048247,357,64,30,34,293,17,276,17.92717086834734,8.403361344537815,9.523809523809524,82.07282913165265,4.761904761904762,77.31092436974791
E00048248,283,48,22,26,235,17,218,16.96113074204947,7.773851590106007,9.187279151943462,83.03886925795054,6.007067137809187,77.03180212014135
E00048249,370,53,23,30,317,31,286,14.324324324324325,6.216216216216217,8.108108108108109,85.67567567567568,8.378378378378379,77.29729729729729
E00048250,172,82,54,28,90,7,83,47.674418604651166,31.3953488372093,16.27906976744186,52.32558139534884,4.069767441860465,48.25581395348838
E00048251,363,47,19,28,316,34,282,12.947658402203857,5.234159779614325,7.7134986225895315,87.05234159779614,9.366391184573002,77.68595041322314
E00048252,305,42,20,22,263,19,244,13.77049180327869,6.557377049180328,7.213114754098362,86.22950819672131,6.229508196721312,80
E00048253,605,141,95,46,464,44,420,23.305785123966942,15.702479338842975,7.6033057851239665,76.69421487603306,7.2727272727272725,69.42148760330579
E00048254,202,44,13,31,158,11,147,21.782178217821784,6.435643564356436,15.346534653465346,78.21782178217822,5.445544554455446,72.77227722772277
E00048255,297,50,20,30,247,18,229,16.835016835016837,6.7340067340067336,10.1010101010101,83.16498316498317,6.0606060606060606,77.10437710437711
E00048256,315,73,28,45,242,11,231,23.174603174603174,8.88888888888889,14.285714285714285,76.82539682539684,3.492063492063492,73.33333333333333
E00048257,308,72,34,38,236,21,215,23.376623376623375,11.03896103896104,12.337662337662337,76.62337662337663,6.8181818181818175,69.8051948051948
E00048258,396,87,44,43,309,23,286,21.96969696969697,11.11111111111111,10.85858585858586,78.03030303030303,5.808080808080808,72.22222222222221
E00048259,430,74,31,43,356,13,343,17.209302325581397,7.209302325581396,10,82.7906976744186,3.0232558139534884,79.76744186046511
E00048260,330,84,54,30,246,13,233,25.454545454545453,16.363636363636363,9.090909090909092,74.54545454545455,3.939393939393939,70.60606060606061
E00048261,219,69,26,43,150,11,139,31.506849315068493,11.87214611872146,19.63470319634703,68.4931506849315,5.0228310502283104,63.4703196347032
E00048262,246,53,35,18,193,9,184,21.544715447154474,14.227642276422763,7.317073170731707,78.45528455284553,3.6585365853658534,74.79674796747967
E00048263,284,73,43,30,211,12,199,25.704225352112676,15.140845070422534,10.56338028169014,74.29577464788733,4.225352112676056,70.07042253521126
E00048264,358,42,16,26,316,26,290,11.731843575418994,4.4692737430167595,7.262569832402235,88.26815642458101,7.262569832402235,81.00558659217877
E00048265,301,63,26,37,238,16,222,20.930232558139537,8.637873754152823,12.29235880398671,79.06976744186046,5.3156146179401995,73.75415282392026
E00048266,264,66,28,38,198,8,190,25,10.606060606060606,14.393939393939394,75,3.0303030303030303,71.96969696969697
E00048267,285,81,40,41,204,15,189,28.421052631578945,14.035087719298245,14.385964912280702,71.57894736842105,5.263157894736842,66.3157894736842
E00048268,328,68,24,44,260,21,239,20.73170731707317,7.317073170731707,13.414634146341465,79.26829268292683,6.402439024390244,72.86585365853658
E00048269,274,56,30,26,218,5,213,20.437956204379564,10.948905109489052,9.48905109489051,79.56204379562044,1.824817518248175,77.73722627737226
E00048270,218,43,25,18,175,14,161,19.724770642201836,11.46788990825688,8.256880733944955,80.27522935779817,6.422018348623854,73.85321100917432
E00048271,297,66,28,38,231,19,212,22.22222222222222,9.427609427609427,12.794612794612794,77.77777777777779,6.397306397306397,71.38047138047138
E00048272,274,56,22,34,218,16,202,20.437956204379564,8.02919708029197,12.408759124087592,79.56204379562044,5.839416058394161,73.72262773722628
E00048273,297,51,26,25,246,28,218,17.17171717171717,8.754208754208754,8.417508417508419,82.82828282828282,9.427609427609427,73.4006734006734
E00048274,337,61,19,42,276,22,254,18.100890207715135,5.637982195845697,12.462908011869436,81.89910979228486,6.528189910979229,75.37091988130564
E00048275,328,26,13,13,302,22,280,7.926829268292683,3.9634146341463414,3.9634146341463414,92.07317073170732,6.707317073170732,85.36585365853658
E00048276,249,42,19,23,207,18,189,16.867469879518072,7.630522088353414,9.236947791164658,83.13253012048193,7.228915662650602,75.90361445783132
E00048277,273,36,6,30,237,29,208,13.186813186813188,2.197802197802198,10.989010989010989,86.81318681318682,10.622710622710622,76.19047619047619
E00048278,332,38,22,16,294,21,273,11.44578313253012,6.626506024096386,4.819277108433735,88.55421686746988,6.325301204819277,82.2289156626506
E00048279,283,47,21,26,236,22,214,16.607773851590103,7.420494699646643,9.187279151943462,83.3922261484099,7.773851590106007,75.61837455830388
E00048280,303,54,18,36,249,19,230,17.82178217821782,5.9405940594059405,11.881188118811881,82.17821782178217,6.270627062706271,75.9075907590759
E00048281,276,36,11,25,240,20,220,13.043478260869565,3.985507246376811,9.057971014492754,86.95652173913044,7.246376811594203,79.71014492753623
E00048283,298,44,15,29,254,24,230,14.76510067114094,5.033557046979865,9.731543624161073,85.23489932885906,8.053691275167784,77.18120805369128
E00048284,255,59,26,33,196,23,173,23.137254901960784,10.196078431372548,12.941176470588237,76.86274509803923,9.019607843137255,67.84313725490196
E00048285,288,60,26,34,228,14,214,20.833333333333336,9.027777777777777,11.805555555555555,79.16666666666666,4.861111111111112,74.30555555555556
E00048286,245,55,17,38,190,14,176,22.448979591836736,6.938775510204081,15.510204081632653,77.55102040816327,5.714285714285714,71.83673469387755
E00048287,293,74,33,41,219,14,205,25.25597269624573,11.262798634812286,13.993174061433447,74.74402730375427,4.778156996587031,69.96587030716724
E00048288,300,58,25,33,242,15,227,19.333333333333332,8.333333333333332,11,80.66666666666666,5,75.66666666666667
E00048289,253,58,20,38,195,15,180,22.92490118577075,7.905138339920949,15.019762845849801,77.07509881422925,5.928853754940711,71.14624505928853
E00048290,245,84,50,34,161,12,149,34.285714285714285,20.408163265306122,13.877551020408163,65.71428571428571,4.8979591836734695,60.816326530612244
E00048291,298,43,20,23,255,15,240,14.429530201342283,6.7114093959731544,7.718120805369128,85.57046979865773,5.033557046979865,80.53691275167785
E00048292,308,56,21,35,252,14,238,18.181818181818183,6.8181818181818175,11.363636363636363,81.81818181818183,4.545454545454546,77.27272727272727
E00048293,300,73,33,40,227,15,212,24.333333333333336,11,13.333333333333334,75.66666666666667,5,70.66666666666667
E00048294,259,87,57,30,172,16,156,33.59073359073359,22.00772200772201,11.583011583011583,66.40926640926641,6.177606177606178,60.231660231660236
E00048296,256,47,23,24,209,9,200,18.359375,8.984375,9.375,81.640625,3.515625,78.125
E00048297,319,68,36,32,251,15,236,21.316614420062695,11.285266457680251,10.031347962382444,78.68338557993731,4.702194357366771,73.98119122257053
E00048298,248,62,32,30,186,15,171,25,12.903225806451612,12.096774193548388,75,6.048387096774194,68.95161290322581
E00048299,237,49,29,20,188,23,165,20.675105485232066,12.236286919831224,8.438818565400844,79.32489451476793,9.70464135021097,69.62025316455697
E00048300,434,58,27,31,376,8,368,13.36405529953917,6.221198156682028,7.142857142857142,86.63594470046083,1.8433179723502304,84.7926267281106
E00048301,354,65,28,37,289,10,279,18.361581920903955,7.909604519774012,10.451977401129943,81.63841807909604,2.824858757062147,78.8135593220339
E00048302,241,66,38,28,175,11,164,27.385892116182575,15.767634854771783,11.618257261410788,72.61410788381743,4.564315352697095,68.04979253112033
E00048303,411,86,45,41,325,11,314,20.92457420924574,10.948905109489052,9.975669099756692,79.07542579075427,2.67639902676399,76.39902676399026
E00048304,299,60,36,24,239,16,223,20.066889632107024,12.040133779264215,8.02675585284281,79.93311036789298,5.351170568561873,74.5819397993311
E00048306,340,108,54,54,232,11,221,31.76470588235294,15.88235294117647,15.88235294117647,68.23529411764706,3.2352941176470593,65
E00048307,507,90,45,45,417,29,388,17.75147928994083,8.875739644970414,8.875739644970414,82.24852071005917,5.719921104536489,76.52859960552269
E00048308,410,105,47,58,305,25,280,25.609756097560975,11.463414634146343,14.146341463414632,74.39024390243902,6.097560975609756,68.29268292682927
E00048309,238,87,39,48,151,5,146,36.554621848739494,16.386554621848738,20.168067226890756,63.4453781512605,2.100840336134454,61.34453781512605
E00048311,316,75,30,45,241,19,222,23.734177215189874,9.49367088607595,14.240506329113925,76.26582278481013,6.012658227848101,70.25316455696202
E00048313,333,78,43,35,255,13,242,23.423423423423422,12.912912912912914,10.51051051051051,76.57657657657657,3.903903903903904,72.67267267267268
E00048314,276,75,38,37,201,13,188,27.173913043478258,13.768115942028986,13.405797101449277,72.82608695652173,4.710144927536232,68.11594202898551
E00048315,225,62,34,28,163,14,149,27.555555555555557,15.11111111111111,12.444444444444445,72.44444444444444,6.222222222222222,66.22222222222223
E00048316,286,63,45,18,223,21,202,22.02797202797203,15.734265734265735,6.293706293706294,77.97202797202797,7.3426573426573425,70.62937062937063
E00048318,297,37,18,19,260,19,241,12.457912457912458,6.0606060606060606,6.397306397306397,87.54208754208754,6.397306397306397,81.14478114478115
E00048319,235,37,21,16,198,20,178,15.74468085106383,8.936170212765958,6.808510638297872,84.25531914893617,8.51063829787234,75.74468085106383
E00048320,271,45,14,31,226,15,211,16.605166051660518,5.166051660516605,11.439114391143912,83.39483394833948,5.535055350553505,77.85977859778598
E00048321,366,56,26,30,310,26,284,15.300546448087433,7.103825136612022,8.19672131147541,84.69945355191257,7.103825136612022,77.59562841530054
E00048322,265,47,23,24,218,8,210,17.735849056603772,8.679245283018867,9.056603773584905,82.26415094339623,3.018867924528302,79.24528301886792
E00048323,337,53,25,28,284,30,254,15.727002967359049,7.418397626112759,8.30860534124629,84.27299703264094,8.902077151335313,75.37091988130564
E00048324,327,83,49,34,244,17,227,25.382262996941897,14.984709480122325,10.397553516819572,74.61773700305811,5.198776758409786,69.41896024464832
E00048325,245,42,18,24,203,12,191,17.142857142857142,7.346938775510205,9.795918367346939,82.85714285714286,4.8979591836734695,77.9591836734694
E00048326,242,34,15,19,208,11,197,14.049586776859504,6.198347107438017,7.851239669421488,85.9504132231405,4.545454545454546,81.40495867768594
E00048327,232,44,15,29,188,12,176,18.96551724137931,6.4655172413793105,12.5,81.03448275862068,5.172413793103448,75.86206896551724
E00048328,249,35,19,16,214,23,191,14.056224899598394,7.630522088353414,6.425702811244979,85.94377510040161,9.236947791164658,76.70682730923694
E00048330,324,82,51,31,242,12,230,25.308641975308642,15.74074074074074,9.5679012345679,74.69135802469135,3.7037037037037033,70.98765432098766
E00048331,282,33,15,18,249,18,231,11.702127659574469,5.319148936170213,6.382978723404255,88.29787234042553,6.382978723404255,81.91489361702128
E00048332,237,43,21,22,194,23,171,18.143459915611814,8.860759493670885,9.282700421940929,81.85654008438819,9.70464135021097,72.15189873417721
E00048334,313,46,10,36,267,30,237,14.696485623003195,3.1948881789137378,11.501597444089457,85.3035143769968,9.584664536741213,75.71884984025559
E00048335,359,40,18,22,319,22,297,11.142061281337048,5.013927576601671,6.128133704735376,88.85793871866295,6.128133704735376,82.72980501392759
E00048336,235,101,75,26,134,11,123,42.97872340425532,31.914893617021278,11.063829787234042,57.02127659574469,4.680851063829787,52.34042553191489
E00048337,268,51,24,27,217,26,191,19.029850746268657,8.955223880597014,10.074626865671641,80.97014925373134,9.701492537313433,71.26865671641791
E00048338,204,33,12,21,171,13,158,16.176470588235293,5.88235294117647,10.294117647058822,83.82352941176471,6.372549019607843,77.45098039215686
E00048339,282,30,12,18,252,20,232,10.638297872340425,4.25531914893617,6.382978723404255,89.36170212765957,7.092198581560284,82.26950354609929
E00048340,310,58,27,31,252,15,237,18.70967741935484,8.709677419354838,10,81.29032258064515,4.838709677419355,76.45161290322581
E00048341,245,40,22,18,205,13,192,16.3265306122449,8.979591836734693,7.346938775510205,83.6734693877551,5.3061224489795915,78.36734693877551
E00048342,374,69,32,37,305,11,294,18.449197860962567,8.55614973262032,9.893048128342247,81.55080213903744,2.941176470588235,78.6096256684492
E00048343,303,48,16,32,255,21,234,15.841584158415841,5.2805280528052805,10.561056105610561,84.15841584158416,6.9306930693069315,77.22772277227723
E00048344,257,30,13,17,227,21,206,11.673151750972762,5.058365758754864,6.614785992217899,88.32684824902724,8.171206225680933,80.1556420233463
E00048345,337,48,13,35,289,25,264,14.243323442136498,3.857566765578635,10.385756676557865,85.7566765578635,7.418397626112759,78.33827893175074
E00048346,234,32,8,24,202,12,190,13.675213675213676,3.418803418803419,10.256410256410255,86.32478632478633,5.128205128205128,81.19658119658119
E00048347,243,85,42,43,158,5,153,34.97942386831276,17.28395061728395,17.695473251028808,65.02057613168725,2.05761316872428,62.96296296296296
E00048348,316,38,8,30,278,16,262,12.025316455696203,2.5316455696202533,9.49367088607595,87.9746835443038,5.063291139240507,82.91139240506328
E00048349,266,44,19,25,222,16,206,16.541353383458645,7.142857142857142,9.398496240601503,83.45864661654136,6.015037593984962,77.44360902255639
E00048350,232,52,22,30,180,19,161,22.413793103448278,9.482758620689655,12.931034482758621,77.58620689655173,8.189655172413794,69.39655172413794
E00048352,387,47,18,29,340,25,315,12.144702842377262,4.651162790697675,7.493540051679587,87.85529715762273,6.459948320413436,81.3953488372093
E00048353,304,56,21,35,248,13,235,18.421052631578945,6.907894736842106,11.513157894736842,81.57894736842105,4.276315789473684,77.30263157894737
E00048354,254,54,24,30,200,21,179,21.25984251968504,9.448818897637794,11.811023622047244,78.74015748031496,8.267716535433072,70.47244094488188
E00048355,340,57,25,32,283,28,255,16.76470588235294,7.352941176470589,9.411764705882353,83.23529411764706,8.235294117647058,75
E00048356,318,49,18,31,269,30,239,15.40880503144654,5.660377358490567,9.748427672955975,84.59119496855347,9.433962264150944,75.15723270440252
E00048357,298,47,14,33,251,26,225,15.771812080536913,4.697986577181208,11.073825503355705,84.22818791946308,8.724832214765101,75.50335570469798
E00048358,258,46,22,24,212,18,194,17.829457364341085,8.527131782945736,9.30232558139535,82.17054263565892,6.976744186046512,75.1937984496124
E00048359,344,72,32,40,272,15,257,20.930232558139537,9.30232558139535,11.627906976744185,79.06976744186046,4.3604651162790695,74.70930232558139
E00048360,369,63,38,25,306,21,285,17.073170731707318,10.29810298102981,6.775067750677506,82.92682926829268,5.691056910569105,77.23577235772358
E00048361,153,54,25,29,99,7,92,35.294117647058826,16.33986928104575,18.954248366013072,64.70588235294117,4.57516339869281,60.130718954248366
E00048362,320,48,19,29,272,21,251,15,5.9375,9.0625,85,6.5625,78.4375
E00048363,355,45,18,27,310,38,272,12.676056338028168,5.070422535211268,7.605633802816901,87.32394366197182,10.704225352112676,76.61971830985915
E00048364,264,38,16,22,226,14,212,14.393939393939394,6.0606060606060606,8.333333333333332,85.60606060606061,5.303030303030303,80.3030303030303
E00048365,244,46,19,27,198,16,182,18.852459016393443,7.786885245901639,11.065573770491802,81.14754098360656,6.557377049180328,74.59016393442623
E00048366,317,60,30,30,257,36,221,18.92744479495268,9.46372239747634,9.46372239747634,81.07255520504731,11.35646687697161,69.71608832807571
E00048367,374,55,20,35,319,17,302,14.705882352941178,5.347593582887701,9.358288770053475,85.29411764705883,4.545454545454546,80.74866310160428
E00048369,198,33,15,18,165,10,155,16.666666666666664,7.575757575757576,9.090909090909092,83.33333333333334,5.05050505050505,78.28282828282829
E00048370,320,46,11,35,274,23,251,14.374999999999998,3.4375000000000004,10.9375,85.625,7.187499999999999,78.4375
E00048371,331,46,13,33,285,35,250,13.897280966767372,3.927492447129909,9.969788519637463,86.10271903323263,10.574018126888216,75.52870090634441
E00048372,315,43,13,30,272,34,238,13.65079365079365,4.1269841269841265,9.523809523809524,86.34920634920636,10.793650793650794,75.55555555555556
E00048373,314,52,22,30,262,35,227,16.560509554140125,7.006369426751593,9.554140127388536,83.43949044585987,11.146496815286625,72.29299363057325
E00048374,383,77,24,53,306,31,275,20.10443864229765,6.266318537859007,13.838120104438643,79.89556135770235,8.093994778067886,71.80156657963447
E00048375,304,53,18,35,251,30,221,17.434210526315788,5.921052631578947,11.513157894736842,82.56578947368422,9.868421052631579,72.69736842105263
E00048376,261,43,17,26,218,22,196,16.47509578544061,6.513409961685824,9.961685823754788,83.5249042145594,8.42911877394636,75.09578544061303
E00048377,296,37,7,30,259,18,241,12.5,2.364864864864865,10.135135135135135,87.5,6.081081081081082,81.41891891891892
E00048378,361,47,13,34,314,25,289,13.019390581717452,3.6011080332409975,9.418282548476455,86.98060941828255,6.9252077562326875,80.05540166204986
E00048379,247,38,7,31,209,14,195,15.384615384615385,2.834008097165992,12.550607287449392,84.61538461538461,5.668016194331984,78.94736842105263
E00048380,343,46,14,32,297,34,263,13.411078717201166,4.081632653061225,9.329446064139942,86.58892128279884,9.912536443148689,76.67638483965014
E00048381,285,25,11,14,260,18,242,8.771929824561402,3.8596491228070176,4.912280701754386,91.22807017543859,6.315789473684211,84.91228070175438
E00048382,278,36,14,22,242,12,230,12.949640287769784,5.0359712230215825,7.913669064748201,87.05035971223022,4.316546762589928,82.73381294964028
E00048383,316,41,13,28,275,28,247,12.974683544303797,4.113924050632911,8.860759493670885,87.0253164556962,8.860759493670885,78.16455696202532
E00048384,296,56,24,32,240,28,212,18.91891891891892,8.108108108108109,10.81081081081081,81.08108108108108,9.45945945945946,71.62162162162163
E00048385,327,68,24,44,259,26,233,20.795107033639145,7.339449541284404,13.455657492354739,79.20489296636084,7.951070336391437,71.25382262996942
E00048386,329,40,11,29,289,24,265,12.158054711246201,3.343465045592705,8.814589665653495,87.84194528875379,7.29483282674772,80.54711246200608
E00048387,297,33,14,19,264,17,247,11.11111111111111,4.713804713804714,6.397306397306397,88.88888888888889,5.723905723905724,83.16498316498317
E00048388,360,35,11,24,325,18,307,9.722222222222223,3.0555555555555554,6.666666666666667,90.27777777777779,5,85.27777777777777
E00048389,229,53,23,30,176,19,157,23.144104803493452,10.043668122270741,13.100436681222707,76.85589519650655,8.296943231441048,68.5589519650655
E00048390,367,45,18,27,322,18,304,12.26158038147139,4.904632152588556,7.3569482288828345,87.73841961852861,4.904632152588556,82.83378746594006
E00048391,186,62,33,29,124,8,116,33.33333333333333,17.741935483870968,15.591397849462366,66.66666666666666,4.301075268817205,62.365591397849464
E00048392,295,38,15,23,257,15,242,12.88135593220339,5.084745762711865,7.796610169491526,87.11864406779661,5.084745762711865,82.03389830508473
E00048393,291,49,21,28,242,29,213,16.83848797250859,7.216494845360824,9.621993127147768,83.16151202749141,9.965635738831615,73.19587628865979
E00048394,354,36,16,20,318,23,295,10.16949152542373,4.519774011299435,5.649717514124294,89.83050847457628,6.497175141242938,83.33333333333334
E00048395,303,60,29,31,243,20,223,19.801980198019802,9.570957095709572,10.231023102310232,80.19801980198021,6.6006600660066,73.5973597359736
E00048396,295,66,27,39,229,12,217,22.372881355932204,9.152542372881356,13.220338983050848,77.62711864406779,4.067796610169491,73.5593220338983
E00048398,236,68,40,28,168,12,156,28.8135593220339,16.94915254237288,11.864406779661017,71.1864406779661,5.084745762711865,66.10169491525424
E00048399,274,42,16,26,232,20,212,15.328467153284672,5.839416058394161,9.48905109489051,84.67153284671532,7.2992700729927,77.37226277372264
E00048400,218,27,5,22,191,17,174,12.385321100917432,2.293577981651376,10.091743119266056,87.61467889908256,7.79816513761468,79.81651376146789
E00048401,218,45,15,30,173,20,153,20.642201834862387,6.8807339449541285,13.761467889908257,79.35779816513761,9.174311926605505,70.18348623853211
E00048402,271,48,20,28,223,22,201,17.712177121771216,7.380073800738007,10.33210332103321,82.28782287822878,8.118081180811808,74.16974169741697
E00048403,324,39,11,28,285,22,263,12.037037037037036,3.3950617283950617,8.641975308641975,87.96296296296296,6.790123456790123,81.17283950617285
E00048404,263,43,7,36,220,31,189,16.34980988593156,2.6615969581749046,13.688212927756654,83.65019011406845,11.787072243346007,71.86311787072243
E00048405,403,95,48,47,308,25,283,23.573200992555833,11.910669975186105,11.662531017369728,76.42679900744417,6.20347394540943,70.22332506203473
E00048406,214,58,23,35,156,21,135,27.102803738317753,10.74766355140187,16.355140186915886,72.89719626168224,9.813084112149532,63.084112149532714
E00048407,349,57,25,32,292,30,262,16.332378223495702,7.163323782234957,9.169054441260744,83.66762177650429,8.595988538681947,75.07163323782235
E00048408,255,54,34,20,201,14,187,21.176470588235293,13.333333333333334,7.8431372549019605,78.82352941176471,5.490196078431373,73.33333333333333
E00048409,260,31,11,20,229,28,201,11.923076923076923,4.230769230769231,7.6923076923076925,88.07692307692308,10.76923076923077,77.3076923076923
E00048410,198,56,30,26,142,15,127,28.28282828282828,15.151515151515152,13.131313131313133,71.71717171717171,7.575757575757576,64.14141414141415
E00048411,337,71,34,37,266,35,231,21.068249258160236,10.089020771513352,10.979228486646884,78.93175074183976,10.385756676557865,68.5459940652819
E00048412,248,33,15,18,215,24,191,13.306451612903224,6.048387096774194,7.258064516129033,86.69354838709677,9.67741935483871,77.01612903225806
E00048413,270,42,11,31,228,18,210,15.555555555555555,4.074074074074074,11.481481481481481,84.44444444444444,6.666666666666667,77.77777777777779
E00048414,233,61,21,40,172,19,153,26.180257510729614,9.012875536480687,17.167381974248926,73.8197424892704,8.15450643776824,65.66523605150213
E00048415,379,37,12,25,342,43,299,9.762532981530343,3.16622691292876,6.596306068601583,90.23746701846966,11.345646437994723,78.89182058047494
E00048416,353,78,31,47,275,34,241,22.096317280453256,8.78186968838527,13.314447592067987,77.90368271954674,9.631728045325778,68.27195467422096
E00048417,260,51,19,32,209,22,187,19.615384615384617,7.307692307692308,12.307692307692308,80.38461538461539,8.461538461538462,71.92307692307692
E00048418,337,49,12,37,288,25,263,14.540059347181009,3.5608308605341246,10.979228486646884,85.45994065281899,7.418397626112759,78.04154302670622
E00048419,292,33,9,24,259,22,237,11.301369863013697,3.0821917808219177,8.21917808219178,88.6986301369863,7.534246575342466,81.16438356164383
E00048420,579,78,47,31,501,17,484,13.471502590673575,8.117443868739207,5.354058721934369,86.52849740932642,2.936096718480138,83.59240069084629
E00048421,215,36,17,19,179,8,171,16.74418604651163,7.906976744186046,8.837209302325581,83.25581395348837,3.7209302325581395,79.53488372093022
E00048422,412,73,38,35,339,18,321,17.718446601941746,9.223300970873787,8.495145631067961,82.28155339805825,4.368932038834951,77.9126213592233
E00048423,508,74,40,34,434,13,421,14.566929133858267,7.874015748031496,6.692913385826772,85.43307086614173,2.559055118110236,82.8740157480315
E00048425,373,49,29,20,324,16,308,13.136729222520108,7.774798927613941,5.361930294906166,86.8632707774799,4.289544235924933,82.57372654155496
E00048427,344,35,15,20,309,9,300,10.174418604651162,4.3604651162790695,5.813953488372093,89.82558139534885,2.616279069767442,87.20930232558139
E00048428,301,55,23,32,246,10,236,18.272425249169437,7.641196013289036,10.631229235880399,81.72757475083057,3.322259136212625,78.40531561461795
E00048429,316,40,20,20,276,3,273,12.658227848101266,6.329113924050633,6.329113924050633,87.34177215189874,0.949367088607595,86.39240506329115
E00048431,354,31,18,13,323,17,306,8.757062146892656,5.084745762711865,3.672316384180791,91.24293785310734,4.80225988700565,86.4406779661017
E00048432,292,48,19,29,244,10,234,16.43835616438356,6.506849315068493,9.931506849315069,83.56164383561644,3.4246575342465753,80.13698630136986
E00048433,351,62,35,27,289,16,273,17.663817663817664,9.971509971509972,7.6923076923076925,82.33618233618233,4.5584045584045585,77.77777777777779
E00048434,602,72,30,42,530,20,510,11.960132890365449,4.983388704318937,6.976744186046512,88.03986710963456,3.322259136212625,84.71760797342192
E00048435,409,70,39,31,339,11,328,17.114914425427873,9.5354523227383865,7.579462102689487,82.88508557457213,2.689486552567237,80.1955990220049
E00048436,429,63,35,28,366,18,348,14.685314685314685,8.158508158508159,6.526806526806526,85.3146853146853,4.195804195804196,81.11888111888112
E00048437,460,80,38,42,380,27,353,17.391304347826086,8.26086956521739,9.130434782608695,82.6086956521739,5.869565217391305,76.73913043478261
E00048438,387,65,32,33,322,9,313,16.795865633074936,8.2687338501292,8.527131782945736,83.20413436692506,2.3255813953488373,80.87855297157623
E00048439,329,43,17,26,286,15,271,13.069908814589665,5.167173252279635,7.90273556231003,86.93009118541033,4.5592705167173255,82.37082066869301
E00048440,448,63,29,34,385,9,376,14.0625,6.4732142857142865,7.5892857142857135,85.9375,2.0089285714285716,83.92857142857143
E00048441,438,100,51,49,338,20,318,22.831050228310502,11.643835616438356,11.187214611872145,77.1689497716895,4.5662100456621,72.6027397260274
E00048442,487,67,34,33,420,18,402,13.75770020533881,6.981519507186857,6.7761806981519515,86.242299794661193,3.696098562628337,82.54620123203286
E00048443,377,50,25,25,327,8,319,13.262599469496022,6.631299734748011,6.631299734748011,86.73740053050398,2.122015915119363,84.61538461538461
E00048444,141,26,5,21,115,7,108,18.439716312056735,3.546099290780142,14.893617021276595,81.56028368794325,4.964539007092199,76.59574468085107
E00048445,621,72,33,39,549,11,538,11.594202898550725,5.314009661835748,6.280193236714976,88.40579710144928,1.7713365539452495,86.63446054750402
E00048446,468,69,41,28,399,17,382,14.743589743589745,8.76068376068376,5.982905982905983,85.25641025641025,3.632478632478633,81.62393162393163
E00048447,427,48,26,22,379,8,371,11.241217798594848,6.0889929742388755,5.152224824355972,88.75878220140515,1.873536299765808,86.88524590163934
E00048448,346,40,21,19,306,18,288,11.560693641618498,6.069364161849711,5.491329479768786,88.4393063583815,5.202312138728324,83.23699421965318
E00048449,515,81,47,34,434,10,424,15.728155339805824,9.12621359223301,6.601941747572816,84.27184466019418,1.9417475728155338,82.33009708737865
E00048450,400,44,21,23,356,16,340,11,5.25,5.75,89,4,85
E00048451,266,58,28,30,208,14,194,21.804511278195488,10.526315789473683,11.278195488721805,78.19548872180451,5.263157894736842,72.93233082706767
E00048452,116,52,38,14,64,5,59,44.827586206896555,32.758620689655174,12.068965517241379,55.172413793103445,4.310344827586207,50.86206896551724
E00048454,431,50,16,34,381,10,371,11.600928074245939,3.7122969837587005,7.888631090487238,88.39907192575406,2.320185614849188,86.07888631090486
E00048455,244,59,32,27,185,9,176,24.18032786885246,13.114754098360656,11.065573770491802,75.81967213114754,3.6885245901639343,72.1311475409836
E00048456,451,61,29,32,390,13,377,13.52549889135255,6.430155210643015,7.095343680709535,86.47450110864744,2.882483370288248,83.5920177383592
E00048457,411,74,36,38,337,14,323,18.004866180048662,8.75912408759124,9.245742092457421,81.99513381995133,3.40632603406326,78.58880778588808
E00048458,416,49,23,26,367,14,353,11.778846153846153,5.528846153846153,6.25,88.22115384615384,3.3653846153846154,84.85576923076923
E00048459,370,73,23,50,297,10,287,19.72972972972973,6.216216216216217,13.513513513513514,80.27027027027027,2.7027027027027026,77.56756756756756
E00048461,319,46,24,22,273,17,256,14.420062695924765,7.523510971786834,6.896551724137931,85.57993730407524,5.329153605015674,80.25078369905955
E00048462,221,49,31,18,172,6,166,22.171945701357465,14.027149321266968,8.144796380090497,77.82805429864254,2.7149321266968327,75.1131221719457
E00048463,452,72,36,36,380,20,360,15.929203539823009,7.964601769911504,7.964601769911504,84.070796460177,4.424778761061947,79.64601769911505
E00048464,609,94,46,48,515,17,498,15.435139573070607,7.55336617405583,7.8817733990147785,84.56486042692939,2.7914614121510675,81.77339901477832
E00048465,373,51,14,37,322,11,311,13.672922252010725,3.753351206434316,9.919571045576408,86.32707774798928,2.949061662198391,83.37801608579089
E00048466,474,54,29,25,420,17,403,11.39240506329114,6.118143459915612,5.274261603375527,88.60759493670885,3.5864978902953584,85.0210970464135
E00048467,402,63,26,37,339,14,325,15.671641791044777,6.467661691542288,9.203980099502488,84.32835820895522,3.482587064676617,80.84577114427861
E00048468,487,56,29,27,431,9,422,11.498973305954825,5.95482546201232,5.544147843942506,88.50102669404517,1.8480492813141685,86.652977412731
E00048469,412,60,25,35,352,14,338,14.563106796116504,6.067961165048544,8.495145631067961,85.43689320388349,3.3980582524271843,82.03883495145631
E00048470,278,45,22,23,233,7,226,16.18705035971223,7.913669064748201,8.273381294964029,83.81294964028777,2.5179856115107913,81.29496402877699
E00048471,351,41,13,28,310,26,284,11.68091168091168,3.7037037037037033,7.977207977207977,88.31908831908832,7.4074074074074066,80.91168091168092
E00048472,291,60,36,24,231,16,215,20.618556701030926,12.371134020618557,8.24742268041237,79.38144329896907,5.498281786941581,73.8831615120275
E00048473,252,67,32,35,185,10,175,26.58730158730159,12.698412698412698,13.88888888888889,73.4126984126984,3.968253968253968,69.44444444444444
E00048474,446,75,33,42,371,31,340,16.81614349775785,7.399103139013453,9.417040358744394,83.18385650224215,6.950672645739911,76.23318385650224
E00048475,470,79,34,45,391,30,361,16.80851063829787,7.234042553191489,9.574468085106384,83.19148936170212,6.382978723404255,76.80851063829788
E00048476,253,53,22,31,200,19,181,20.948616600790515,8.695652173913043,12.25296442687747,79.05138339920948,7.5098814229249005,71.54150197628458
E00048477,441,80,37,43,361,22,339,18.140589569160998,8.390022675736962,9.750566893424036,81.85941043083899,4.988662131519274,76.87074829931973
E00048478,244,40,19,21,204,20,184,16.39344262295082,7.786885245901639,8.60655737704918,83.60655737704919,8.19672131147541,75.40983606557377
E00048479,391,97,47,50,294,19,275,24.808184143222505,12.020460358056265,12.787723785166241,75.1918158567775,4.859335038363171,70.33248081841433
E00048480,299,46,25,21,253,14,239,15.384615384615385,8.361204013377927,7.023411371237458,84.61538461538461,4.682274247491638,79.93311036789298
E00048481,402,61,26,35,341,15,326,15.17412935323383,6.467661691542288,8.706467661691542,84.82587064676616,3.731343283582089,81.09452736318407
E00048482,301,55,21,34,246,20,226,18.272425249169437,6.976744186046512,11.295681063122924,81.72757475083057,6.64451827242525,75.08305647840533
E00048485,189,33,18,15,156,10,146,17.46031746031746,9.523809523809524,7.936507936507936,82.53968253968253,5.291005291005291,77.24867724867724
E00048486,249,53,28,25,196,10,186,21.285140562248998,11.244979919678714,10.040160642570282,78.714859437751,4.016064257028113,74.69879518072288
E00048487,531,103,37,66,428,39,389,19.397363465160076,6.96798493408663,12.429378531073446,80.60263653483992,7.344632768361582,73.25800376647834
E00048488,295,50,21,29,245,20,225,16.94915254237288,7.118644067796611,9.830508474576272,83.05084745762711,6.779661016949152,76.27118644067797
E00048489,255,43,20,23,212,20,192,16.862745098039216,7.8431372549019605,9.019607843137255,83.13725490196079,7.8431372549019605,75.29411764705883
E00048491,327,44,22,22,283,15,268,13.455657492354739,6.727828746177369,6.727828746177369,86.54434250764525,4.587155963302752,81.9571865443425
E00048492,296,69,32,37,227,15,212,23.31081081081081,10.81081081081081,12.5,76.6891891891892,5.0675675675675675,71.62162162162163
E00048494,322,51,25,26,271,27,244,15.838509316770185,7.763975155279502,8.074534161490684,84.16149068322981,8.385093167701864,75.77639751552795
E00048495,399,44,17,27,355,12,343,11.027568922305765,4.260651629072681,6.7669172932330826,88.97243107769424,3.007518796992481,85.96491228070175
E00048496,354,51,24,27,303,16,287,14.40677966101695,6.779661016949152,7.627118644067797,85.59322033898306,4.519774011299435,81.07344632768361
E00048497,368,79,43,36,289,14,275,21.467391304347828,11.684782608695652,9.782608695652174,78.53260869565217,3.804347826086957,74.72826086956522
E00048498,269,57,33,24,212,19,193,21.189591078066915,12.267657992565056,8.921933085501859,78.81040892193309,7.063197026022305,71.74721189591078
E00048499,403,93,65,28,310,33,277,23.076923076923077,16.129032258064516,6.9478908188585615,76.92307692307693,8.188585607940446,68.73449131513648
E00048500,365,72,37,35,293,22,271,19.726027397260275,10.136986301369863,9.58904109589041,80.27397260273973,6.027397260273973,74.24657534246575
E00048501,197,57,23,34,140,12,128,28.934010152284262,11.6751269035533,17.258883248730964,71.06598984771574,6.091370558375635,64.9746192893401
E00048502,350,69,34,35,281,22,259,19.714285714285715,9.714285714285714,10,80.28571428571428,6.2857142857142865,74
E00048503,330,50,24,26,280,37,243,15.151515151515152,7.2727272727272725,7.878787878787878,84.84848484848484,11.212121212121213,73.63636363636363
E00048504,342,38,14,24,304,32,272,11.11111111111111,4.093567251461988,7.017543859649122,88.88888888888889,9.35672514619883,79.53216374269006
E00048505,547,90,37,53,457,30,427,16.453382084095065,6.764168190127971,9.689213893967093,83.54661791590493,5.484460694698354,78.06215722120659
E00048506,256,84,37,47,172,6,166,32.8125,14.453125,18.359375,67.1875,2.34375,64.84375
E00048507,304,42,23,19,262,17,245,13.815789473684212,7.565789473684211,6.25,86.18421052631578,5.592105263157895,80.5921052631579
E00048508,467,85,40,45,382,26,356,18.201284796573873,8.565310492505352,9.635974304068522,81.79871520342613,5.567451820128479,76.23126338329764
E00048509,565,109,62,47,456,13,443,19.29203539823009,10.973451327433628,8.31858407079646,80.70796460176992,2.3008849557522124,78.40707964601769
E00048510,219,55,33,22,164,18,146,25.11415525114155,15.068493150684931,10.045662100456621,74.88584474885845,8.21917808219178,66.66666666666666
E00048511,369,48,16,32,321,18,303,13.008130081300814,4.336043360433604,8.672086720867208,86.99186991869918,4.878048780487805,82.11382113821138
E00048514,331,60,35,25,271,14,257,18.12688821752266,10.574018126888216,7.552870090634441,81.87311178247734,4.229607250755287,77.64350453172206
E00048516,209,58,29,29,151,9,142,27.751196172248804,13.875598086124402,13.875598086124402,72.24880382775119,4.30622009569378,67.94258373205741
E00048517,255,54,24,30,201,8,193,21.176470588235293,9.411764705882353,11.76470588235294,78.82352941176471,3.1372549019607843,75.68627450980392
E00048518,319,60,16,44,259,17,242,18.808777429467085,5.015673981191222,13.793103448275861,81.19122257053291,5.329153605015674,75.86206896551724
E00048519,424,66,37,29,358,32,326,15.566037735849056,8.726415094339622,6.8396226415094334,84.43396226415094,7.547169811320755,76.88679245283019
E00048520,374,67,31,36,307,28,279,17.914438502673796,8.288770053475936,9.62566844919786,82.0855614973262,7.4866310160427805,74.59893048128342
E00048521,284,54,23,31,230,12,218,19.014084507042252,8.098591549295776,10.915492957746478,80.98591549295774,4.225352112676056,76.76056338028168
E00048522,230,51,27,24,179,21,158,22.17391304347826,11.73913043478261,10.434782608695652,77.82608695652173,9.130434782608695,68.69565217391305
E00048523,257,53,19,34,204,11,193,20.622568093385212,7.392996108949417,13.229571984435799,79.37743190661479,4.280155642023346,75.09727626459144
E00048524,257,36,12,24,221,9,212,14.007782101167315,4.669260700389105,9.33852140077821,85.99221789883269,3.501945525291829,82.49027237354085
E00048525,198,35,17,18,163,12,151,17.67676767676768,8.585858585858585,9.090909090909092,82.32323232323232,6.0606060606060606,76.26262626262627
E00048526,305,53,26,27,252,9,243,17.37704918032787,8.524590163934425,8.852459016393443,82.62295081967214,2.9508196721311477,79.67213114754098
E00048527,219,85,44,41,134,7,127,38.81278538812785,20.091324200913242,18.72146118721461,61.18721461187214,3.1963470319634704,57.99086757990868
E00048528,388,79,33,46,309,12,297,20.36082474226804,8.505154639175258,11.855670103092782,79.63917525773195,3.0927835051546393,76.5463917525773
E00048529,288,41,21,20,247,19,228,14.23611111111111,7.291666666666667,6.944444444444445,85.76388888888889,6.597222222222222,79.16666666666666
E00048532,339,69,39,30,270,23,247,20.353982300884958,11.504424778761061,8.849557522123893,79.64601769911505,6.784660766961652,72.86135693215338
E00048533,355,77,33,44,278,25,253,21.69014084507042,9.295774647887324,12.394366197183098,78.30985915492957,7.042253521126761,71.26760563380282
E00048534,346,59,22,37,287,10,277,17.052023121387283,6.358381502890173,10.69364161849711,82.94797687861272,2.8901734104046244,80.05780346820809
E00048535,346,53,22,31,293,17,276,15.31791907514451,6.358381502890173,8.959537572254336,84.6820809248555,4.913294797687861,79.76878612716763
E00048536,340,47,21,26,293,19,274,13.823529411764707,6.176470588235294,7.647058823529412,86.1764705882353,5.588235294117648,80.58823529411765
E00048537,617,93,35,58,524,46,478,15.07293354943274,5.6726094003241485,9.40032414910859,84.92706645056725,7.455429497568882,77.47163695299838
E00048538,388,65,27,38,323,32,291,16.752577319587626,6.958762886597938,9.793814432989691,83.24742268041237,8.24742268041237,75
E00048539,310,54,30,24,256,21,235,17.419354838709676,9.67741935483871,7.741935483870968,82.58064516129032,6.774193548387098,75.80645161290323
E00048540,421,66,23,43,355,31,324,15.676959619952493,5.463182897862233,10.21377672209026,84.32304038004752,7.363420427553444,76.95961995249407
E00048541,294,57,29,28,237,20,217,19.387755102040817,9.863945578231291,9.523809523809524,80.61224489795919,6.802721088435375,73.80952380952381
E00048542,346,47,22,25,299,16,283,13.583815028901732,6.358381502890173,7.225433526011561,86.41618497109826,4.624277456647398,81.79190751445087
E00048543,273,43,10,33,230,26,204,15.75091575091575,3.6630036630036633,12.087912087912088,84.24908424908425,9.523809523809524,74.72527472527473
E00048544,301,57,34,23,244,19,225,18.93687707641196,11.295681063122924,7.641196013289036,81.06312292358804,6.312292358803987,74.75083056478405
E00048545,338,43,27,16,295,7,288,12.721893491124261,7.988165680473373,4.733727810650888,87.27810650887574,2.0710059171597637,85.20710059171599
E00048546,319,57,20,37,262,27,235,17.86833855799373,6.269592476489027,11.598746081504702,82.13166144200626,8.463949843260188,73.66771159874608
E00048547,327,37,22,15,290,16,274,11.314984709480122,6.727828746177369,4.587155963302752,88.68501529051987,4.892966360856269,83.79204892966361
E00048548,178,28,12,16,150,7,143,15.730337078651685,6.741573033707865,8.98876404494382,84.26966292134831,3.932584269662921,80.33707865168539
E00048549,275,35,17,18,240,9,231,12.727272727272727,6.181818181818182,6.545454545454546,87.27272727272727,3.272727272727273,84
E00048550,372,50,21,29,322,22,300,13.440860215053762,5.64516129032258,7.795698924731183,86.55913978494624,5.913978494623656,80.64516129032258
E00048551,298,42,18,24,256,18,238,14.093959731543624,6.0402684563758395,8.053691275167784,85.90604026845638,6.0402684563758395,79.86577181208054
E00048552,235,57,29,28,178,8,170,24.25531914893617,12.340425531914894,11.914893617021278,75.74468085106383,3.404255319148936,72.3404255319149
E00048553,339,45,23,22,294,10,284,13.274336283185843,6.784660766961652,6.489675516224189,86.72566371681415,2.949852507374631,83.77581120943954
E00048554,254,52,27,25,202,10,192,20.47244094488189,10.62992125984252,9.84251968503937,79.52755905511812,3.937007874015748,75.59055118110236
E00048555,456,86,33,53,370,29,341,18.859649122807017,7.236842105263158,11.62280701754386,81.14035087719299,6.359649122807018,74.78070175438597
E00048556,323,57,29,28,266,16,250,17.647058823529413,8.978328173374612,8.6687306501548,82.35294117647058,4.953560371517028,77.39938080495357
E00048557,372,54,25,29,318,15,303,14.516129032258066,6.720430107526881,7.795698924731183,85.48387096774194,4.032258064516129,81.45161290322581
E00048558,332,49,26,23,283,14,269,14.759036144578314,7.83132530120482,6.927710843373494,85.2409638554217,4.216867469879518,81.02409638554217
E00048560,353,84,51,33,269,13,256,23.79603399433428,14.44759206798867,9.34844192634561,76.20396600566572,3.6827195467422094,72.52124645892351
E00048561,394,58,24,34,336,22,314,14.720812182741117,6.091370558375635,8.629441624365482,85.27918781725889,5.583756345177665,79.69543147208121
E00048562,287,40,14,26,247,17,230,13.937282229965156,4.878048780487805,9.059233449477352,86.06271777003485,5.923344947735192,80.13937282229965
E00048563,346,49,23,26,297,12,285,14.16184971098266,6.6473988439306355,7.514450867052023,85.83815028901735,3.4682080924855487,82.36994219653178
E00048564,455,48,23,25,407,21,386,10.54945054945055,5.054945054945055,5.4945054945054945,89.45054945054946,4.615384615384616,84.83516483516483
E00048565,491,125,53,72,366,25,341,25.45824847250509,10.79429735234216,14.663951120162933,74.54175152749491,5.091649694501019,69.4501018329939
E00048566,254,66,48,18,188,8,180,25.984251968503933,18.89763779527559,7.086614173228346,74.01574803149606,3.149606299212598,70.86614173228347
E00048567,362,55,18,37,307,17,290,15.193370165745856,4.972375690607735,10.220994475138122,84.80662983425414,4.696132596685083,80.11049723756905
E00048568,570,71,31,40,499,26,473,12.456140350877194,5.43859649122807,7.017543859649122,87.54385964912281,4.56140350877193,82.98245614035088
E00048569,357,69,38,31,288,18,270,19.327731092436977,10.644257703081232,8.683473389355742,80.67226890756302,5.042016806722689,75.63025210084034
E00048571,323,57,32,25,266,11,255,17.647058823529413,9.907120743034056,7.739938080495357,82.35294117647058,3.4055727554179565,78.94736842105263
E00048572,320,33,19,14,287,20,267,10.3125,5.9375,4.375,89.6875,6.25,83.4375
E00048574,505,78,30,48,427,32,395,15.445544554455445,5.9405940594059405,9.504950495049505,84.55445544554455,6.336633663366337,78.21782178217822
E00048575,338,40,16,24,298,27,271,11.834319526627219,4.733727810650888,7.100591715976331,88.16568047337277,7.988165680473373,80.1775147928994
E00048576,225,51,32,19,174,12,162,22.666666666666664,14.222222222222221,8.444444444444445,77.33333333333333,5.333333333333334,72
E00048577,317,49,19,30,268,18,250,15.457413249211358,5.993690851735016,9.46372239747634,84.54258675078864,5.678233438485805,78.86435331230284
E00048578,342,43,14,29,299,23,276,12.573099415204677,4.093567251461988,8.47953216374269,87.42690058479532,6.725146198830409,80.7017543859649
E00048579,328,70,35,35,258,14,244,21.341463414634145,10.670731707317072,10.670731707317072,78.65853658536585,4.2682926829268295,74.39024390243902
E00048580,301,51,16,35,250,20,230,16.943521594684384,5.3156146179401995,11.627906976744185,83.05647840531562,6.64451827242525,76.41196013289037
E00048581,387,84,44,40,303,40,263,21.705426356589147,11.369509043927648,10.335917312661499,78.29457364341084,10.335917312661499,67.95865633074936
E00048582,453,78,36,42,375,31,344,17.218543046357617,7.9470198675496695,9.271523178807946,82.78145695364239,6.843267108167771,75.93818984547461
E00048583,320,47,25,22,273,13,260,14.6875,7.8125,6.875000000000001,85.3125,4.0625,81.25
E00048584,295,64,33,31,231,12,219,21.694915254237287,11.186440677966102,10.508474576271185,78.30508474576271,4.067796610169491,74.23728813559322
E00048585,373,78,44,34,295,13,282,20.91152815013405,11.796246648793565,9.115281501340483,79.08847184986595,3.485254691689008,75.60321715817693
E00048586,279,55,31,24,224,14,210,19.71326164874552,11.11111111111111,8.60215053763441,80.28673835125448,5.017921146953405,75.26881720430107
E00048587,349,73,36,37,276,14,262,20.916905444126073,10.315186246418339,10.601719197707736,79.08309455587393,4.011461318051576,75.07163323782235
E00048588,296,67,36,31,229,18,211,22.635135135135133,12.162162162162163,10.472972972972974,77.36486486486487,6.081081081081082,71.28378378378379
E00048589,253,57,32,25,196,13,183,22.529644268774703,12.648221343873518,9.881422924901186,77.4703557312253,5.138339920948617,72.33201581027669
E00048590,473,63,24,39,410,35,375,13.31923890063425,5.07399577167019,8.24524312896406,86.68076109936575,7.399577167019028,79.28118393234672
E00048591,241,52,28,24,189,16,173,21.57676348547718,11.618257261410788,9.95850622406639,78.42323651452283,6.639004149377594,71.78423236514523
E00048592,323,65,33,32,258,22,236,20.123839009287924,10.21671826625387,9.907120743034056,79.87616099071208,6.811145510835913,73.06501547987617
E00048593,361,57,19,38,304,23,281,15.789473684210526,5.263157894736842,10.526315789473683,84.21052631578947,6.3711911357340725,77.8393351800554
E00048594,338,63,25,38,275,20,255,18.639053254437872,7.396449704142012,11.242603550295858,81.36094674556213,5.9171597633136095,75.44378698224851
E00048595,298,61,29,32,237,10,227,20.469798657718123,9.731543624161073,10.738255033557047,79.53020134228188,3.3557046979865772,76.1744966442953
E00048596,279,66,34,32,213,14,199,23.655913978494624,12.186379928315413,11.469534050179211,76.34408602150538,5.017921146953405,71.32616487455196
E00048597,341,52,17,35,289,9,280,15.249266862170089,4.9853372434017595,10.263929618768328,84.75073313782991,2.6392961876832843,82.11143695014663
E00048598,269,57,31,26,212,10,202,21.189591078066915,11.524163568773234,9.66542750929368,78.81040892193309,3.717472118959108,75.09293680297398
E00048599,290,44,25,19,246,10,236,15.172413793103448,8.620689655172415,6.551724137931035,84.82758620689656,3.4482758620689653,81.37931034482759
E00048600,294,55,24,31,239,10,229,18.70748299319728,8.16326530612245,10.54421768707483,81.29251700680273,3.4013605442176873,77.89115646258503
E00048601,212,53,31,22,159,8,151,25,14.622641509433961,10.377358490566039,75,3.7735849056603774,71.22641509433963
E00048602,412,72,24,48,340,23,317,17.475728155339805,5.825242718446602,11.650485436893204,82.52427184466019,5.582524271844661,76.94174757281553
E00048603,366,53,24,29,313,17,296,14.48087431693989,6.557377049180328,7.923497267759563,85.51912568306011,4.644808743169399,80.87431693989072
E00048604,310,73,32,41,237,17,220,23.548387096774192,10.32258064516129,13.225806451612904,76.45161290322581,5.483870967741936,70.96774193548387
E00048605,200,79,41,38,121,14,107,39.5,20.5,19,60.5,7.000000000000001,53.5
E00048606,593,95,45,50,498,34,464,16.020236087689714,7.588532883642496,8.431703204047219,83.97976391231029,5.733558178752108,78.24620573355818
E00048607,374,52,23,29,322,19,303,13.903743315508022,6.149732620320856,7.754010695187167,86.09625668449198,5.080213903743315,81.01604278074866
E00048608,262,39,16,23,223,24,199,14.885496183206106,6.106870229007633,8.778625954198473,85.1145038167939,9.16030534351145,75.95419847328245
E00048609,392,83,45,38,309,27,282,21.1734693877551,11.479591836734695,9.693877551020408,78.8265306122449,6.887755102040815,71.93877551020408
E00048610,321,87,45,42,234,29,205,27.102803738317753,14.018691588785046,13.084112149532709,72.89719626168224,9.034267912772584,63.862928348909655
E00048611,237,47,20,27,190,26,164,19.831223628691983,8.438818565400844,11.39240506329114,80.16877637130801,10.970464135021098,69.19831223628692
E00048612,224,62,26,36,162,10,152,27.67857142857143,11.607142857142858,16.071428571428573,72.32142857142857,4.464285714285714,67.85714285714286
E00048613,324,74,39,35,250,18,232,22.839506172839506,12.037037037037036,10.802469135802468,77.1604938271605,5.555555555555555,71.60493827160494
E00048614,394,47,21,26,347,25,322,11.928934010152284,5.32994923857868,6.598984771573605,88.07106598984772,6.345177664974619,81.7258883248731
E00048615,311,70,29,41,241,12,229,22.508038585209004,9.32475884244373,13.183279742765272,77.491961414791,3.858520900321544,73.63344051446946
E00048616,283,63,30,33,220,6,214,22.261484098939928,10.60070671378092,11.66077738515901,77.73851590106007,2.1201413427561837,75.61837455830388
E00048617,264,35,13,22,229,12,217,13.257575757575758,4.924242424242424,8.333333333333332,86.74242424242425,4.545454545454546,82.1969696969697
E00048618,273,54,25,29,219,15,204,19.78021978021978,9.157509157509157,10.622710622710622,80.21978021978022,5.4945054945054945,74.72527472527473
E00048619,173,44,22,22,129,13,116,25.43352601156069,12.716763005780345,12.716763005780345,74.56647398843931,7.514450867052023,67.05202312138728
E00048620,212,44,23,21,168,17,151,20.754716981132077,10.849056603773585,9.90566037735849,79.24528301886792,8.018867924528301,71.22641509433963
E00048621,276,46,17,29,230,12,218,16.666666666666664,6.159420289855073,10.507246376811594,83.33333333333334,4.3478260869565215,78.98550724637681
E00048622,359,97,47,50,262,16,246,27.019498607242337,13.09192200557103,13.92757660167131,72.98050139275766,4.456824512534819,68.52367688022284
E00048623,313,41,20,21,272,8,264,13.099041533546327,6.3897763578274756,6.7092651757188495,86.90095846645367,2.5559105431309903,84.34504792332268
E00048624,364,54,26,28,310,13,297,14.835164835164836,7.142857142857142,7.6923076923076925,85.16483516483517,3.571428571428571,81.5934065934066
E00048625,317,59,32,27,258,7,251,18.61198738170347,10.094637223974763,8.517350157728707,81.38801261829653,2.2082018927444795,79.17981072555204
E00048626,267,55,31,24,212,7,205,20.59925093632959,11.610486891385769,8.98876404494382,79.40074906367042,2.6217228464419478,76.77902621722846
E00048627,334,51,25,26,283,13,270,15.269461077844312,7.48502994011976,7.784431137724551,84.73053892215569,3.8922155688622757,80.83832335329342
E00048628,246,38,16,22,208,18,190,15.447154471544716,6.504065040650407,8.94308943089431,84.5528455284553,7.317073170731707,77.23577235772358
E00048629,281,42,21,21,239,12,227,14.94661921708185,7.473309608540925,7.473309608540925,85.05338078291815,4.270462633451958,80.78291814946618
E00048630,361,84,40,44,277,16,261,23.26869806094183,11.080332409972298,12.18836565096953,76.73130193905817,4.43213296398892,72.29916897506925
E00048631,358,39,13,26,319,9,310,10.893854748603351,3.6312849162011176,7.262569832402235,89.10614525139665,2.5139664804469275,86.59217877094973
E00048632,269,52,23,29,217,14,203,19.33085501858736,8.550185873605948,10.780669144981413,80.66914498141264,5.204460966542751,75.46468401486989
E00048633,333,83,51,32,250,10,240,24.924924924924923,15.315315315315313,9.60960960960961,75.07507507507508,3.003003003003003,72.07207207207207
E00048634,257,84,39,45,173,9,164,32.68482490272373,15.17509727626459,17.509727626459142,67.31517509727627,3.501945525291829,63.81322957198443
E00048635,336,42,18,24,294,12,282,12.5,5.357142857142857,7.142857142857142,87.5,3.571428571428571,83.92857142857143
E00048637,323,61,21,40,262,18,244,18.885448916408667,6.5015479876160995,12.38390092879257,81.11455108359134,5.572755417956656,75.54179566563467
E00048638,134,36,22,14,98,7,91,26.865671641791046,16.417910447761194,10.44776119402985,73.13432835820896,5.223880597014925,67.91044776119402
E00048639,270,69,32,37,201,13,188,25.555555555555554,11.851851851851853,13.703703703703704,74.44444444444444,4.814814814814815,69.62962962962963
E00048640,336,63,30,33,273,12,261,18.75,8.928571428571429,9.821428571428571,81.25,3.571428571428571,77.67857142857143
E00048641,384,93,46,47,291,21,270,24.21875,11.979166666666668,12.239583333333332,75.78125,5.46875,70.3125
E00048642,313,44,20,24,269,17,252,14.057507987220447,6.3897763578274756,7.667731629392971,85.94249201277955,5.431309904153355,80.5111821086262
E00048643,304,62,38,24,242,20,222,20.394736842105264,12.5,7.894736842105263,79.60526315789474,6.578947368421052,73.02631578947368
E00048644,298,38,13,25,260,19,241,12.751677852348994,4.3624161073825505,8.389261744966444,87.24832214765101,6.375838926174497,80.87248322147651
E00048645,306,53,19,34,253,18,235,17.320261437908496,6.209150326797386,11.11111111111111,82.6797385620915,5.88235294117647,76.79738562091504
E00048646,320,38,9,29,282,26,256,11.875,2.8125,9.0625,88.125,8.125,80
E00048647,443,74,33,41,369,20,349,16.70428893905192,7.44920993227991,9.255079006772009,83.29571106094808,4.514672686230249,78.78103837471784
E00048648,435,74,40,34,361,11,350,17.011494252873565,9.195402298850574,7.816091954022989,82.98850574712644,2.528735632183908,80.45977011494253
E00048649,397,66,22,44,331,16,315,16.624685138539043,5.541561712846348,11.083123425692696,83.37531486146096,4.030226700251889,79.34508816120906
E00048650,347,59,28,31,288,9,279,17.002881844380404,8.069164265129682,8.93371757925072,82.9971181556196,2.5936599423631126,80.403458213256485
E00048651,444,83,45,38,361,26,335,18.693693693693696,10.135135135135135,8.558558558558559,81.30630630630631,5.8558558558558556,75.45045045045045
E00048652,368,81,43,38,287,11,276,22.01086956521739,11.684782608695652,10.326086956521738,77.98913043478261,2.989130434782609,75
E00048653,326,70,41,29,256,17,239,21.472392638036812,12.576687116564417,8.895705521472392,78.52760736196319,5.214723926380368,73.31288343558282
E00048654,392,68,36,32,324,23,301,17.346938775510203,9.183673469387756,8.16326530612245,82.6530612244898,5.86734693877551,76.78571428571429
E00048656,282,53,26,27,229,16,213,18.79432624113475,9.219858156028367,9.574468085106384,81.20567375886525,5.673758865248227,75.53191489361703
E00048657,308,54,25,29,254,20,234,17.532467532467532,8.116883116883116,9.415584415584416,82.46753246753246,6.493506493506493,75.97402597402598
E00048658,284,52,22,30,232,24,208,18.30985915492958,7.746478873239436,10.56338028169014,81.69014084507043,8.450704225352112,73.23943661971832
E00048659,238,46,21,25,192,15,177,19.327731092436977,8.823529411764707,10.504201680672269,80.67226890756302,6.302521008403361,74.36974789915966
E00048660,426,66,30,36,360,28,332,15.492957746478872,7.042253521126761,8.450704225352112,84.50704225352112,6.572769953051644,77.93427230046949
E00048661,378,55,24,31,323,32,291,14.550264550264549,6.349206349206349,8.201058201058201,85.44973544973546,8.465608465608465,76.98412698412699
E00048662,284,42,18,24,242,12,230,14.788732394366196,6.338028169014084,8.450704225352112,85.2112676056338,4.225352112676056,80.98591549295774
E00048663,306,53,20,33,253,20,233,17.320261437908496,6.535947712418301,10.784313725490197,82.6797385620915,6.535947712418301,76.1437908496732
E00048664,358,43,20,23,315,17,298,12.011173184357542,5.58659217877095,6.424581005586592,87.98882681564247,4.748603351955307,83.24022346368714
E00048665,340,61,23,38,279,23,256,17.941176470588236,6.764705882352941,11.176470588235295,82.05882352941177,6.764705882352941,75.29411764705883
E00048666,285,53,19,34,232,12,220,18.596491228070175,6.666666666666667,11.929824561403509,81.40350877192982,4.2105263157894735,77.19298245614034
E00048667,324,34,9,25,290,17,273,10.493827160493826,2.7777777777777777,7.716049382716049,89.50617283950618,5.246913580246913,84.25925925925925
E00048668,273,41,19,22,232,19,213,15.018315018315018,6.95970695970696,8.058608058608058,84.98168498168498,6.95970695970696,78.02197802197803
E00048669,263,39,13,26,224,20,204,14.82889733840304,4.942965779467681,9.885931558935361,85.17110266159695,7.604562737642586,77.56653992395437
E00048670,313,51,21,30,262,10,252,16.293929712460063,6.7092651757188495,9.584664536741213,83.70607028753993,3.1948881789137378,80.5111821086262
E00048671,283,43,18,25,240,24,216,15.19434628975265,6.36042402826855,8.8339222614841,84.80565371024736,8.480565371024735,76.32508833922262
E00048672,401,59,24,35,342,28,314,14.713216957605985,5.985037406483791,8.728179551122196,85.286783042394,6.982543640897755,78.30423940149626
E00048673,296,51,7,44,245,22,223,17.22972972972973,2.364864864864865,14.864864864864865,82.77027027027027,7.4324324324324325,75.33783783783784
E00048674,291,50,22,28,241,15,226,17.18213058419244,7.560137457044673,9.621993127147768,82.81786941580756,5.154639175257731,77.66323024054984
E00048675,317,42,18,24,275,16,259,13.249211356466878,5.678233438485805,7.570977917981073,86.75078864353313,5.047318611987381,81.70347003154575
E00048677,395,63,26,37,332,18,314,15.949367088607595,6.582278481012659,9.367088607594937,84.05063291139241,4.556962025316456,79.49367088607595
E00048678,290,42,18,24,248,15,233,14.482758620689657,6.206896551724138,8.275862068965518,85.51724137931035,5.172413793103448,80.3448275862069
E00048679,349,47,14,33,302,30,272,13.46704871060172,4.011461318051576,9.455587392550143,86.53295128939828,8.595988538681947,77.93696275071633
E00048680,379,59,28,31,320,22,298,15.567282321899736,7.387862796833773,8.179419525065963,84.43271767810026,5.804749340369393,78.62796833773086
E00048681,391,61,29,32,330,20,310,15.601023017902813,7.41687979539642,8.184143222506394,84.39897698209718,5.115089514066496,79.28388746803068
E00048682,344,63,22,41,281,22,259,18.313953488372093,6.395348837209303,11.918604651162791,81.68604651162791,6.395348837209303,75.29069767441861
E00048683,395,58,21,37,337,21,316,14.683544303797468,5.3164556962025316,9.367088607594937,85.31645569620252,5.3164556962025316,80
E00048684,308,37,19,18,271,15,256,12.012987012987013,6.1688311688311686,5.844155844155844,87.98701298701299,4.870129870129871,83.11688311688312
E00048685,378,75,36,39,303,9,294,19.841269841269842,9.523809523809524,10.317460317460316,80.15873015873017,2.380952380952381,77.77777777777779
E00048686,358,57,20,37,301,17,284,15.921787709497206,5.58659217877095,10.335195530726256,84.07821229050279,4.748603351955307,79.3296089385475
E00048687,303,93,61,32,210,15,195,30.693069306930692,20.13201320132013,10.561056105610561,69.3069306930693,4.9504950495049505,64.35643564356435
E00048688,303,45,17,28,258,23,235,14.85148514851485,5.6105610561056105,9.24092409240924,85.14851485148515,7.590759075907591,77.55775577557755
E00048689,483,75,42,33,408,14,394,15.527950310559005,8.695652173913043,6.832298136645963,84.472049689441,2.898550724637681,81.57349896480332
E00048690,418,47,17,30,371,21,350,11.24401913875598,4.0669856459330145,7.177033492822966,88.75598086124403,5.023923444976076,83.73205741626795
E00048691,468,81,36,45,387,19,368,17.307692307692307,7.6923076923076925,9.615384615384617,82.6923076923077,4.05982905982906,78.63247863247864
E00048693,284,59,27,32,225,18,207,20.774647887323944,9.507042253521126,11.267605633802818,79.22535211267606,6.338028169014084,72.88732394366197
E00048694,316,61,31,30,255,15,240,19.303797468354432,9.81012658227848,9.49367088607595,80.69620253164557,4.746835443037975,75.9493670886076
E00048696,244,61,34,27,183,17,166,25,13.934426229508196,11.065573770491802,75,6.967213114754098,68.0327868852459
E00048697,299,43,20,23,256,14,242,14.381270903010032,6.688963210702341,7.6923076923076925,85.61872909698997,4.682274247491638,80.93645484949833
E00048698,317,62,31,31,255,17,238,19.558359621451103,9.779179810725552,9.779179810725552,80.4416403785489,5.3627760252365935,75.0788643533123
E00048699,355,116,66,50,239,17,222,32.67605633802817,18.591549295774648,14.084507042253522,67.32394366197182,4.788732394366197,62.53521126760564
E00048700,426,80,39,41,346,23,323,18.779342723004692,9.15492957746479,9.624413145539906,81.2206572769953,5.39906103286385,75.82159624413146
E00048701,303,65,21,44,238,16,222,21.45214521452145,6.9306930693069315,14.521452145214523,78.54785478547855,5.2805280528052805,73.26732673267327
E00048702,296,45,21,24,251,10,241,15.202702702702704,7.094594594594595,8.108108108108109,84.7972972972973,3.3783783783783785,81.41891891891892
E00048703,504,74,24,50,430,19,411,14.682539682539684,4.761904761904762,9.920634920634921,85.31746031746032,3.7698412698412698,81.54761904761905
E00048704,331,71,35,36,260,21,239,21.45015105740181,10.574018126888216,10.876132930513595,78.54984894259819,6.3444108761329305,72.20543806646525
E00048705,312,36,28,8,276,23,253,11.538461538461538,8.974358974358974,2.564102564102564,88.46153846153845,7.371794871794872,81.08974358974359
E00048706,141,60,34,26,81,5,76,42.5531914893617,24.113475177304963,18.439716312056735,57.446808510638306,3.546099290780142,53.90070921985816
E00048707,292,53,23,30,239,14,225,18.15068493150685,7.876712328767123,10.273972602739725,81.84931506849315,4.794520547945205,77.05479452054794
E00048708,372,90,40,50,282,19,263,24.193548387096776,10.75268817204301,13.440860215053762,75.80645161290323,5.10752688172043,70.6989247311828
E00048709,239,70,47,23,169,6,163,29.288702928870293,19.665271966527197,9.623430962343097,70.7112970711297,2.510460251046025,68.20083682008368
E00048710,253,41,21,20,212,10,202,16.205533596837945,8.300395256916996,7.905138339920949,83.79446640316206,3.9525691699604746,79.84189723320159
E00048711,365,61,27,34,304,11,293,16.71232876712329,7.397260273972603,9.315068493150685,83.28767123287672,3.0136986301369864,80.27397260273973
E00048712,269,46,22,24,223,12,211,17.100371747211895,8.178438661710038,8.921933085501859,82.8996282527881,4.4609665427509295,78.43866171003717
E00048713,280,39,11,28,241,19,222,13.928571428571429,3.9285714285714284,10,86.07142857142858,6.785714285714286,79.28571428571428
E00048714,127,49,27,22,78,6,72,38.582677165354326,21.25984251968504,17.322834645669293,61.417322834645674,4.724409448818897,56.69291338582677
E00048715,328,45,19,26,283,16,267,13.719512195121952,5.7926829268292686,7.926829268292683,86.28048780487805,4.878048780487805,81.40243902439023
E00048716,267,38,15,23,229,16,213,14.232209737827715,5.617977528089887,8.614232209737828,85.76779026217228,5.992509363295881,79.7752808988764
E00048717,314,49,24,25,265,10,255,15.605095541401273,7.643312101910828,7.961783439490445,84.39490445859873,3.1847133757961785,81.21019108280255
E00048718,388,122,95,27,266,24,242,31.443298969072163,24.484536082474225,6.958762886597938,68.55670103092784,6.185567010309279,62.371134020618555
E00048719,318,37,21,16,281,18,263,11.635220125786164,6.60377358490566,5.031446540880504,88.36477987421384,5.660377358490567,82.70440251572327
E00048720,322,83,42,41,239,29,210,25.77639751552795,13.043478260869565,12.732919254658384,74.22360248447205,9.006211180124224,65.21739130434783
E00048721,452,69,36,33,383,18,365,15.265486725663715,7.964601769911504,7.300884955752212,84.7345132743363,3.982300884955752,80.75221238938053
E00048722,255,73,43,30,182,8,174,28.627450980392155,16.862745098039216,11.76470588235294,71.37254901960785,3.1372549019607843,68.23529411764706
E00048723,274,50,22,28,224,15,209,18.248175182481752,8.02919708029197,10.218978102189782,81.75182481751825,5.474452554744526,76.27737226277372
E00048724,255,44,15,29,211,21,190,17.254901960784313,5.88235294117647,11.372549019607844,82.74509803921568,8.235294117647058,74.50980392156863
E00048725,335,47,18,29,288,21,267,14.029850746268657,5.3731343283582085,8.656716417910449,85.97014925373134,6.26865671641791,79.70149253731343
E00048726,370,75,38,37,295,15,280,20.27027027027027,10.27027027027027,10,79.72972972972973,4.054054054054054,75.67567567567568
E00048727,260,31,12,19,229,17,212,11.923076923076923,4.615384615384616,7.307692307692308,88.07692307692308,6.538461538461539,81.53846153846153
E00048728,247,46,25,21,201,21,180,18.62348178137652,10.121457489878543,8.502024291497975,81.37651821862349,8.502024291497975,72.8744939271255
E00048729,348,44,21,23,304,14,290,12.643678160919542,6.0344827586206895,6.609195402298851,87.356321839080465,4.022988505747127,83.33333333333334
E00048730,327,54,23,31,273,15,258,16.51376146788991,7.033639143730887,9.480122324159021,83.4862385321101,4.587155963302752,78.89908256880734
E00048731,343,66,29,37,277,18,259,19.24198250728863,8.454810495626822,10.787172011661808,80.75801749271136,5.247813411078718,75.51020408163265
E00048732,244,66,43,23,178,11,167,27.049180327868854,17.62295081967213,9.426229508196721,72.95081967213115,4.508196721311475,68.44262295081968
E00048734,480,69,29,40,411,19,392,14.374999999999998,6.041666666666667,8.333333333333332,85.625,3.958333333333333,81.66666666666667
E00048735,271,59,28,31,212,15,197,21.771217712177123,10.33210332103321,11.439114391143912,78.22878228782287,5.535055350553505,72.69372693726937
E00048736,355,54,23,31,301,24,277,15.211267605633802,6.478873239436619,8.732394366197182,84.78873239436619,6.760563380281689,78.0281690140845
E00048738,309,60,28,32,249,9,240,19.41747572815534,9.06148867313916,10.355987055016183,80.58252427184466,2.912621359223301,77.66990291262135
E00048739,333,50,28,22,283,25,258,15.015015015015015,8.408408408408409,6.606606606606606,84.98498498498499,7.5075075075075075,77.47747747747748
E00048740,411,61,30,31,350,16,334,14.841849148418493,7.2992700729927,7.542579075425791,85.15815085158151,3.8929440389294405,81.26520681265207
E00048741,326,49,26,23,277,21,256,15.030674846625766,7.975460122699387,7.05521472392638,84.96932515337423,6.441717791411043,78.52760736196319
E00048742,295,52,17,35,243,15,228,17.627118644067796,5.762711864406779,11.864406779661017,82.37288135593221,5.084745762711865,77.28813559322035
E00048743,320,70,29,41,250,10,240,21.875,9.0625,12.812499999999998,78.125,3.125,75
E00048744,311,54,32,22,257,9,248,17.363344051446948,10.289389067524116,7.07395498392283,82.63665594855306,2.8938906752411575,79.7427652733119
E00048745,547,77,29,48,470,32,438,14.076782449725778,5.301645338208409,8.775137111517367,85.92321755027422,5.850091407678245,80.07312614259597
E00048746,576,75,34,41,501,30,471,13.020833333333334,5.902777777777778,7.118055555555555,86.97916666666666,5.208333333333334,81.77083333333334
E00048747,387,75,31,44,312,17,295,19.379844961240313,8.010335917312661,11.369509043927648,80.62015503875969,4.3927648578811365,76.22739018087856
E00048748,341,63,36,27,278,7,271,18.475073313782993,10.557184750733137,7.9178885630498534,81.52492668621701,2.0527859237536656,79.47214076246334
E00048749,325,55,26,29,270,10,260,16.923076923076923,8,8.923076923076923,83.07692307692308,3.076923076923077,80
E00048750,356,55,21,34,301,12,289,15.44943820224719,5.8988764044943816,9.550561797752808,84.5505617977528,3.3707865168539324,81.17977528089888
E00048751,285,76,36,40,209,13,196,26.666666666666668,12.631578947368421,14.035087719298245,73.33333333333333,4.56140350877193,68.77192982456141
E00048752,449,66,29,37,383,18,365,14.699331848552339,6.45879732739421,8.240534521158128,85.30066815144765,4.008908685968819,81.29175946547885
E00048753,450,44,19,25,406,18,388,9.777777777777779,4.222222222222222,5.555555555555555,90.22222222222223,4,86.22222222222223
E00048754,339,56,22,34,283,10,273,16.519174041297934,6.489675516224189,10.029498525073747,83.48082595870207,2.949852507374631,80.53097345132744
E00048755,432,73,35,38,359,8,351,16.89814814814815,8.101851851851851,8.796296296296296,83.10185185185185,1.8518518518518516,81.25
E00048756,415,51,23,28,364,18,346,12.289156626506024,5.542168674698795,6.746987951807229,87.71084337349397,4.337349397590361,83.37349397590361
E00048757,330,32,12,20,298,13,285,9.696969696969697,3.6363636363636362,6.0606060606060606,90.30303030303031,3.939393939393939,86.36363636363636
E00048758,345,36,10,26,309,14,295,10.434782608695652,2.898550724637681,7.536231884057972,89.56521739130436,4.057971014492753,85.5072463768116
E00048759,455,53,21,32,402,19,383,11.648351648351648,4.615384615384616,7.032967032967033,88.35164835164835,4.175824175824175,84.17582417582418
E00048760,267,36,10,26,231,5,226,13.48314606741573,3.7453183520599254,9.737827715355806,86.51685393258427,1.8726591760299627,84.6441947565543
E00048761,300,51,16,35,249,18,231,17,5.333333333333334,11.666666666666666,83,6,77
E00048762,399,69,31,38,330,12,318,17.293233082706767,7.769423558897243,9.523809523809524,82.70676691729322,3.007518796992481,79.69924812030075
E00048764,522,64,26,38,458,19,439,12.260536398467432,4.980842911877394,7.2796934865900385,87.73946360153256,3.6398467432950192,84.09961685823755
E00048765,498,60,29,31,438,14,424,12.048192771084338,5.8232931726907635,6.2248995983935735,87.95180722891565,2.8112449799196786,85.14056224899599
E00048766,376,50,24,26,326,1,325,13.297872340425531,6.382978723404255,6.914893617021277,86.70212765957447,0.26595744680851063,86.43617021276596
E00048767,335,45,18,27,290,12,278,13.432835820895523,5.3731343283582085,8.059701492537313,86.56716417910447,3.582089552238806,82.98507462686567
E00048768,442,65,26,39,377,15,362,14.705882352941178,5.88235294117647,8.823529411764707,85.29411764705883,3.3936651583710407,81.90045248868778
E00048769,350,54,26,28,296,15,281,15.428571428571427,7.428571428571429,8,84.57142857142857,4.285714285714286,80.28571428571428
E00048770,248,40,18,22,208,6,202,16.129032258064516,7.258064516129033,8.870967741935484,83.87096774193549,2.4193548387096775,81.45161290322581
E00048772,356,64,23,41,292,9,283,17.97752808988764,6.460674157303371,11.51685393258427,82.02247191011236,2.528089887640449,79.49438202247191
E00048773,353,38,23,15,315,11,304,10.764872521246458,6.515580736543909,4.2492917847025495,89.23512747875354,3.1161473087818696,86.11898016997166
E00048774,392,53,25,28,339,9,330,13.520408163265307,6.377551020408164,7.142857142857142,86.4795918367347,2.295918367346939,84.18367346938776
E00048775,600,78,26,52,522,23,499,13,4.333333333333334,8.666666666666668,87,3.833333333333333,83.16666666666667
E00048776,416,69,37,32,347,15,332,16.58653846153846,8.89423076923077,7.6923076923076925,83.41346153846155,3.6057692307692304,79.8076923076923
E00048778,429,51,17,34,378,10,368,11.888111888111888,3.9627039627039626,7.925407925407925,88.11188811188812,2.331002331002331,85.78088578088578
E00048781,302,36,10,26,266,4,262,11.920529801324504,3.3112582781456954,8.609271523178808,88.0794701986755,1.3245033112582782,86.75496688741721
E00048783,396,62,31,31,334,12,322,15.656565656565657,7.828282828282829,7.828282828282829,84.34343434343434,3.0303030303030303,81.31313131313132
E00048784,289,61,30,31,228,8,220,21.10726643598616,10.380622837370241,10.726643598615917,78.89273356401384,2.768166089965398,76.12456747404845
E00048788,307,48,21,27,259,14,245,15.63517915309446,6.840390879478828,8.794788273615636,84.36482084690554,4.5602605863192185,79.80456026058633
E00048790,371,47,20,27,324,20,304,12.668463611859837,5.3908355795148255,7.277628032345014,87.33153638814017,5.3908355795148255,81.94070080862534
E00048791,355,41,8,33,314,12,302,11.549295774647888,2.2535211267605635,9.295774647887324,88.45070422535211,3.3802816901408446,85.07042253521126
E00048793,357,49,21,28,308,18,290,13.725490196078432,5.88235294117647,7.8431372549019605,86.27450980392157,5.042016806722689,81.23249299719888
E00048796,345,32,8,24,313,17,296,9.27536231884058,2.318840579710145,6.956521739130435,90.72463768115942,4.9275362318840585,85.79710144927536
E00048797,397,48,18,30,349,23,326,12.090680100755668,4.534005037783375,7.5566750629722925,87.90931989924434,5.793450881612091,82.11586901763224
E00048798,494,48,13,35,446,27,419,9.7165991902834,2.631578947368421,7.08502024291498,90.2834008097166,5.465587044534413,84.81781376518218
E00048799,461,44,18,26,417,15,402,9.544468546637743,3.9045553145336225,5.639913232104121,90.45553145336225,3.2537960954446854,87.20173535791757
E00048800,220,37,18,19,183,20,163,16.818181818181817,8.181818181818182,8.636363636363637,83.18181818181817,9.090909090909092,74.0909090909091
E00048801,279,44,22,22,235,8,227,15.770609318996415,7.885304659498208,7.885304659498208,84.22939068100358,2.867383512544803,81.36200716845879
E00048802,321,61,26,35,260,18,242,19.003115264797508,8.09968847352025,10.903426791277258,80.99688473520249,5.607476635514018,75.38940809968847
E00048803,334,59,19,40,275,18,257,17.664670658682635,5.688622754491018,11.976047904191617,82.33532934131736,5.389221556886228,76.94610778443113
E00048804,286,49,20,29,237,20,217,17.132867132867133,6.993006993006993,10.13986013986014,82.86713286713287,6.993006993006993,75.87412587412588
E00048805,398,52,12,40,346,18,328,13.06532663316583,3.015075376884422,10.050251256281408,86.93467336683418,4.522613065326634,82.41206030150754
E00048806,312,40,15,25,272,12,260,12.82051282051282,4.807692307692308,8.012820512820513,87.17948717948718,3.8461538461538463,83.33333333333334
E00048807,246,36,13,23,210,18,192,14.634146341463413,5.284552845528456,9.34959349593496,85.36585365853658,7.317073170731707,78.04878048780488
E00048808,337,47,14,33,290,27,263,13.94658753709199,4.154302670623145,9.792284866468842,86.05341246290801,8.011869436201781,78.04154302670622
E00048809,336,42,16,26,294,14,280,12.5,4.761904761904762,7.738095238095238,87.5,4.166666666666666,83.33333333333334
E00048810,295,45,17,28,250,30,220,15.254237288135593,5.762711864406779,9.491525423728813,84.7457627118644,10.16949152542373,74.57627118644068
E00048811,262,40,17,23,222,12,210,15.267175572519085,6.488549618320611,8.778625954198473,84.7328244274809,4.580152671755725,80.1526717557252
E00048812,261,40,12,28,221,26,195,15.32567049808429,4.597701149425287,10.727969348659004,84.67432950191571,9.961685823754788,74.71264367816092
E00048813,265,34,12,22,231,19,212,12.830188679245284,4.528301886792453,8.30188679245283,87.16981132075472,7.169811320754717,80
E00048814,270,29,11,18,241,21,220,10.74074074074074,4.074074074074074,6.666666666666667,89.25925925925927,7.777777777777778,81.48148148148148
E00048815,263,31,16,15,232,27,205,11.787072243346007,6.083650190114068,5.7034220532319395,88.212927756654,10.26615969581749,77.9467680608365
E00048816,356,64,35,29,292,17,275,17.97752808988764,9.831460674157304,8.146067415730338,82.02247191011236,4.775280898876404,77.24719101123596
E00048818,285,49,23,26,236,21,215,17.192982456140353,8.070175438596491,9.12280701754386,82.80701754385966,7.368421052631578,75.43859649122807
E00048819,271,46,27,19,225,21,204,16.974169741697416,9.96309963099631,7.011070110701106,83.02583025830258,7.7490774907749085,75.27675276752768
E00048820,257,41,17,24,216,14,202,15.953307392996107,6.614785992217899,9.33852140077821,84.04669260700389,5.447470817120623,78.59922178988327
E00048821,322,36,11,25,286,29,257,11.180124223602485,3.4161490683229814,7.763975155279502,88.81987577639751,9.006211180124224,79.8136645962733
E00048822,248,60,24,36,188,14,174,24.193548387096776,9.67741935483871,14.516129032258066,75.80645161290323,5.64516129032258,70.16129032258065
E00048823,249,35,12,23,214,26,188,14.056224899598394,4.819277108433735,9.236947791164658,85.94377510040161,10.441767068273093,75.50200803212851
E00048824,395,58,21,37,337,33,304,14.683544303797468,5.3164556962025316,9.367088607594937,85.31645569620252,8.354430379746836,76.9620253164557
E00048825,151,26,5,21,125,16,109,17.218543046357617,3.3112582781456954,13.90728476821192,82.78145695364239,10.596026490066226,72.18543046357617
E00048826,225,41,13,28,184,21,163,18.22222222222222,5.777777777777778,12.444444444444445,81.77777777777779,9.333333333333334,72.44444444444444
E00048827,270,41,15,26,229,21,208,15.185185185185185,5.555555555555555,9.62962962962963,84.81481481481481,7.777777777777778,77.03703703703704
E00048828,246,49,22,27,197,12,185,19.91869918699187,8.94308943089431,10.975609756097562,80.08130081300813,4.878048780487805,75.20325203252033
E00048829,326,45,16,29,281,22,259,13.803680981595093,4.9079754601226995,8.895705521472392,86.1963190184049,6.748466257668712,79.4478527607362
E00048830,305,58,42,16,247,17,230,19.01639344262295,13.77049180327869,5.245901639344262,80.98360655737706,5.573770491803279,75.40983606557377
E00048831,274,54,27,27,220,11,209,19.708029197080293,9.854014598540147,9.854014598540147,80.2919708029197,4.014598540145985,76.27737226277372
E00048832,254,49,18,31,205,13,192,19.291338582677163,7.086614173228346,12.204724409448819,80.70866141732283,5.118110236220472,75.59055118110236
E00048833,378,59,29,30,319,20,299,15.608465608465607,7.671957671957672,7.936507936507936,84.39153439153439,5.291005291005291,79.1005291005291
E00048834,299,45,12,33,254,19,235,15.050167224080269,4.013377926421405,11.036789297658862,84.94983277591973,6.354515050167224,78.59531772575251
E00048835,233,50,22,28,183,10,173,21.45922746781116,9.44206008583691,12.017167381974248,78.54077253218884,4.291845493562231,74.2489270386266
E00048836,308,50,19,31,258,18,240,16.233766233766232,6.1688311688311686,10.064935064935066,83.76623376623377,5.844155844155844,77.92207792207793
E00048837,241,49,19,30,192,13,179,20.33195020746888,7.883817427385892,12.448132780082988,79.66804979253112,5.394190871369295,74.27385892116183
E00048838,158,65,45,20,93,6,87,41.139240506329116,28.48101265822785,12.658227848101266,58.86075949367089,3.79746835443038,55.06329113924051
E00048839,355,78,29,49,277,17,260,21.971830985915496,8.169014084507042,13.802816901408452,78.0281690140845,4.788732394366197,73.23943661971832
E00048840,314,40,13,27,274,27,247,12.738853503184714,4.140127388535031,8.598726114649681,87.26114649681529,8.598726114649681,78.6624203821656
E00048841,278,50,22,28,228,23,205,17.985611510791365,7.913669064748201,10.071942446043165,82.01438848920863,8.273381294964029,73.7410071942446
E00048842,386,51,20,31,335,24,311,13.21243523316062,5.181347150259067,8.031088082901555,86.78756476683938,6.217616580310881,80.56994818652849
E00048843,309,40,16,24,269,25,244,12.944983818770226,5.177993527508091,7.766990291262135,87.05501618122977,8.090614886731391,78.96440129449837
E00048844,305,44,9,35,261,18,243,14.426229508196723,2.9508196721311477,11.475409836065573,85.57377049180329,5.901639344262295,79.67213114754098
E00048845,299,35,13,22,264,20,244,11.705685618729097,4.3478260869565215,7.357859531772576,88.2943143812709,6.688963210702341,81.60535117056857
E00048846,310,48,14,34,262,25,237,15.483870967741936,4.516129032258064,10.967741935483872,84.51612903225806,8.064516129032258,76.45161290322581
E00048847,213,43,12,31,170,20,150,20.187793427230048,5.633802816901409,14.553990610328638,79.81220657276995,9.389671361502346,70.4225352112676
E00048848,345,43,14,29,302,19,283,12.46376811594203,4.057971014492753,8.405797101449275,87.53623188405797,5.507246376811594,82.02898550724638
E00048849,336,60,17,43,276,19,257,17.857142857142858,5.059523809523809,12.797619047619047,82.14285714285714,5.654761904761905,76.48809523809523
E00048850,332,55,30,25,277,13,264,16.566265060240966,9.036144578313253,7.530120481927711,83.43373493975903,3.91566265060241,79.51807228915662
E00048851,242,35,9,26,207,14,193,14.46280991735537,3.71900826446281,10.743801652892563,85.53719008264463,5.785123966942149,79.75206611570248
E00048852,362,50,13,37,312,32,280,13.812154696132598,3.591160220994475,10.220994475138122,86.1878453038674,8.83977900552486,77.34806629834254
E00048853,285,42,15,27,243,15,228,14.736842105263156,5.263157894736842,9.473684210526317,85.26315789473684,5.263157894736842,80
E00048854,316,50,23,27,266,25,241,15.822784810126583,7.2784810126582276,8.544303797468354,84.17721518987342,7.9113924050632916,76.26582278481013
E00048855,273,36,19,17,237,21,216,13.186813186813188,6.95970695970696,6.227106227106227,86.81318681318682,7.6923076923076925,79.12087912087912
E00048856,321,48,18,30,273,20,253,14.953271028037381,5.607476635514018,9.345794392523365,85.04672897196261,6.230529595015576,78.81619937694704
E00048857,353,57,17,40,296,18,278,16.147308781869686,4.815864022662889,11.3314447592068,83.85269121813032,5.099150141643059,78.75354107648725
E00048858,399,48,14,34,351,15,336,12.030075187969924,3.508771929824561,8.521303258145362,87.96992481203007,3.7593984962406015,84.21052631578947
E00048859,403,57,26,31,346,21,325,14.1439205955335,6.451612903225806,7.6923076923076925,85.8560794044665,5.2109181141439205,80.64516129032258
E00048860,303,79,46,33,224,18,206,26.072607260726073,15.181518151815181,10.891089108910892,73.92739273927393,5.9405940594059405,67.98679867986799
E00048861,344,79,36,43,265,16,249,22.96511627906977,10.465116279069768,12.5,77.03488372093024,4.651162790697675,72.38372093023256
E00048862,269,39,20,19,230,13,217,14.49814126394052,7.434944237918216,7.063197026022305,85.50185873605948,4.83271375464684,80.66914498141264
E00048863,285,50,22,28,235,16,219,17.543859649122805,7.719298245614035,9.824561403508772,82.45614035087719,5.614035087719298,76.84210526315789
E00048864,281,56,27,29,225,11,214,19.9288256227758,9.608540925266903,10.320284697508896,80.0711743772242,3.9145907473309607,76.15658362989323
E00048865,289,56,27,29,233,8,225,19.377162629757784,9.342560553633218,10.034602076124568,80.62283737024222,2.768166089965398,77.85467128027682
E00048866,327,42,23,19,285,20,265,12.844036697247708,7.033639143730887,5.81039755351682,87.1559633027523,6.116207951070336,81.03975535168195
E00048867,432,116,61,55,316,16,300,26.851851851851855,14.120370370370368,12.731481481481483,73.14814814814815,3.7037037037037033,69.44444444444444
E00048868,320,46,20,26,274,9,265,14.374999999999998,6.25,8.125,85.625,2.8125,82.8125
E00048869,334,53,16,37,281,13,268,15.868263473053892,4.790419161676647,11.077844311377245,84.13173652694611,3.8922155688622757,80.23952095808383
E00048870,297,49,20,29,248,16,232,16.4983164983165,6.7340067340067336,9.764309764309765,83.5016835016835,5.387205387205387,78.11447811447812
E00048871,251,41,11,30,210,21,189,16.334661354581673,4.382470119521913,11.952191235059761,83.66533864541833,8.366533864541832,75.2988047808765
E00048872,257,47,25,22,210,24,186,18.28793774319066,9.72762645914397,8.560311284046692,81.71206225680933,9.33852140077821,72.37354085603113
E00048873,287,32,15,17,255,14,241,11.149825783972126,5.2264808362369335,5.923344947735192,88.85017421602788,4.878048780487805,83.97212543554006
E00048874,303,38,18,20,265,16,249,12.541254125412541,5.9405940594059405,6.6006600660066,87.45874587458746,5.2805280528052805,82.17821782178217
E00048875,342,43,21,22,299,27,272,12.573099415204677,6.140350877192982,6.432748538011696,87.42690058479532,7.894736842105263,79.53216374269006
E00048876,477,42,19,23,435,8,427,8.80503144654088,3.9832285115303985,4.821802935010482,91.19496855345912,1.6771488469601679,89.51781970649894
E00048877,352,44,20,24,308,19,289,12.5,5.681818181818182,6.8181818181818175,87.5,5.3977272727272725,82.10227272727273
E00048878,406,64,23,41,342,28,314,15.763546798029557,5.665024630541872,10.098522167487685,84.23645320197043,6.896551724137931,77.33990147783251
E00048879,280,51,26,25,229,11,218,18.21428571428571,9.285714285714286,8.928571428571429,81.78571428571428,3.9285714285714284,77.85714285714286
E00048880,323,67,41,26,256,16,240,20.743034055727556,12.693498452012383,8.04953560371517,79.25696594427245,4.953560371517028,74.30340557275542
E00048881,338,54,25,29,284,29,255,15.976331360946746,7.396449704142012,8.579881656804734,84.02366863905326,8.579881656804734,75.44378698224851
E00048882,118,69,48,21,49,4,45,58.47457627118644,40.67796610169492,17.796610169491526,41.52542372881356,3.389830508474576,38.13559322033898
E00048883,308,36,20,16,272,23,249,11.688311688311687,6.493506493506493,5.194805194805195,88.31168831168831,7.467532467532467,80.84415584415584
E00048884,334,57,28,29,277,17,260,17.065868263473057,8.383233532934131,8.682634730538922,82.93413173652695,5.089820359281437,77.84431137724552
E00048885,306,57,22,35,249,20,229,18.627450980392158,7.18954248366013,11.437908496732026,81.37254901960785,6.535947712418301,74.83660130718954
E00048886,315,52,31,21,263,10,253,16.507936507936506,9.841269841269842,6.666666666666667,83.4920634920635,3.1746031746031744,80.31746031746032
E00048887,331,51,18,33,280,14,266,15.407854984894259,5.438066465256798,9.969788519637463,84.59214501510573,4.229607250755287,80.36253776435045
E00048888,326,57,28,29,269,13,256,17.484662576687114,8.588957055214724,8.895705521472392,82.51533742331289,3.9877300613496933,78.52760736196319
E00048889,349,50,25,25,299,5,294,14.326647564469914,7.163323782234957,7.163323782234957,85.67335243553008,1.4326647564469914,84.2406876790831
E00048890,430,62,22,40,368,19,349,14.418604651162791,5.116279069767442,9.30232558139535,85.5813953488372,4.4186046511627906,81.16279069767441
E00048891,376,46,23,23,330,13,317,12.23404255319149,6.117021276595745,6.117021276595745,87.7659574468085,3.4574468085106385,84.30851063829788
E00048892,399,51,27,24,348,11,337,12.781954887218044,6.7669172932330826,6.015037593984962,87.21804511278195,2.756892230576441,84.46115288220551
E00048893,313,63,32,31,250,12,238,20.12779552715655,10.223642172523961,9.904153354632587,79.87220447284345,3.8338658146964857,76.03833865814697
E00048894,368,49,21,28,319,18,301,13.31521739130435,5.706521739130435,7.608695652173914,86.68478260869566,4.891304347826087,81.79347826086956
E00048895,472,60,26,34,412,18,394,12.711864406779661,5.508474576271186,7.203389830508475,87.28813559322035,3.8135593220338984,83.47457627118644
E00048896,440,69,26,43,371,20,351,15.681818181818183,5.909090909090909,9.772727272727273,84.31818181818181,4.545454545454546,79.77272727272727
E00048897,257,72,35,37,185,12,173,28.01556420233463,13.618677042801556,14.396887159533073,71.98443579766537,4.669260700389105,67.31517509727627
E00048898,417,54,25,29,363,24,339,12.949640287769784,5.995203836930456,6.954436450839328,87.05035971223022,5.755395683453238,81.29496402877699
E00048899,296,62,21,41,234,17,217,20.945945945945947,7.094594594594595,13.85135135135135,79.05405405405406,5.743243243243244,73.3108108108108
E00048900,278,60,28,32,218,20,198,21.58273381294964,10.071942446043165,11.510791366906476,78.41726618705036,7.1942446043165464,71.22302158273382
E00048901,295,77,30,47,218,22,196,26.101694915254235,10.16949152542373,15.932203389830507,73.89830508474576,7.457627118644068,66.44067796610169
E00048902,228,43,10,33,185,12,173,18.859649122807017,4.385964912280701,14.473684210526317,81.14035087719299,5.263157894736842,75.87719298245614
E00048903,261,67,32,35,194,12,182,25.67049808429119,12.260536398467432,13.409961685823754,74.32950191570882,4.597701149425287,69.73180076628353
E00048904,386,51,26,25,335,25,310,13.21243523316062,6.7357512953367875,6.476683937823833,86.78756476683938,6.476683937823833,80.31088082901555
E00048905,341,58,24,34,283,21,262,17.008797653958943,7.038123167155426,9.970674486803519,82.99120234604106,6.158357771260997,76.83284457478005
E00048906,310,47,23,24,263,15,248,15.161290322580644,7.419354838709677,7.741935483870968,84.83870967741936,4.838709677419355,80
E00048907,282,58,26,32,224,17,207,20.56737588652482,9.219858156028367,11.347517730496454,79.43262411347519,6.028368794326241,73.40425531914893
E00048908,339,58,27,31,281,14,267,17.10914454277286,7.964601769911504,9.144542772861357,82.89085545722715,4.129793510324483,78.76106194690266
E00048909,347,50,19,31,297,29,268,14.409221902017292,5.475504322766571,8.93371757925072,85.5907780979827,8.357348703170029,77.23342939481267
E00048910,391,64,35,29,327,13,314,16.36828644501279,8.951406649616368,7.41687979539642,83.63171355498721,3.324808184143223,80.30690537084399
E00048911,510,42,16,26,468,19,449,8.235294117647058,3.1372549019607843,5.098039215686274,91.76470588235294,3.7254901960784315,88.0392156862745
E00048912,283,50,18,32,233,19,214,17.6678445229682,6.36042402826855,11.307420494699647,82.3321554770318,6.713780918727916,75.61837455830388
E00048913,318,62,27,35,256,7,249,19.49685534591195,8.49056603773585,11.0062893081761,80.50314465408806,2.20125786163522,78.30188679245283
E00048914,287,49,18,31,238,11,227,17.073170731707318,6.2717770034843205,10.801393728222997,82.92682926829268,3.8327526132404177,79.09407665505228
E00048915,205,45,22,23,160,18,142,21.951219512195124,10.731707317073171,11.219512195121952,78.04878048780488,8.780487804878048,69.26829268292683
E00048916,235,41,16,25,194,13,181,17.4468085106383,6.808510638297872,10.638297872340425,82.5531914893617,5.531914893617021,77.02127659574468
E00048917,328,44,15,29,284,20,264,13.414634146341465,4.573170731707317,8.841463414634147,86.58536585365853,6.097560975609756,80.48780487804879
E00048918,344,56,21,35,288,20,268,16.27906976744186,6.104651162790697,10.174418604651162,83.72093023255815,5.813953488372093,77.90697674418605
E00048919,362,43,18,25,319,31,288,11.878453038674033,4.972375690607735,6.906077348066299,88.12154696132598,8.56353591160221,79.55801104972376
E00048920,321,41,20,21,280,28,252,12.77258566978193,6.230529595015576,6.5420560747663545,87.22741433021807,8.722741433021806,78.50467289719626
E00048921,347,31,17,14,316,29,287,8.93371757925072,4.899135446685879,4.034582132564841,91.06628242074927,8.357348703170029,82.70893371757924
E00048923,210,47,17,30,163,11,152,22.380952380952383,8.095238095238095,14.285714285714285,77.61904761904762,5.238095238095238,72.38095238095238
E00048924,278,48,19,29,230,25,205,17.26618705035971,6.83453237410072,10.431654676258994,82.73381294964028,8.992805755395683,73.7410071942446
E00048925,366,45,14,31,321,26,295,12.295081967213115,3.825136612021858,8.469945355191257,87.70491803278688,7.103825136612022,80.60109289617486
E00048926,308,49,19,30,259,24,235,15.909090909090908,6.1688311688311686,9.740259740259742,84.0909090909091,7.792207792207792,76.2987012987013
E00048927,317,59,22,37,258,20,238,18.61198738170347,6.940063091482649,11.67192429022082,81.38801261829653,6.309148264984227,75.0788643533123
E00048928,288,52,22,30,236,17,219,18.055555555555554,7.638888888888889,10.416666666666668,81.94444444444444,5.902777777777778,76.04166666666666
E00048929,374,36,10,26,338,35,303,9.62566844919786,2.6737967914438503,6.951871657754011,90.37433155080214,9.358288770053475,81.01604278074866
E00048930,329,46,14,32,283,29,254,13.98176291793313,4.25531914893617,9.72644376899696,86.01823708206688,8.814589665653495,77.20364741641338
E00048931,308,53,21,32,255,20,235,17.20779220779221,6.8181818181818175,10.38961038961039,82.79220779220779,6.493506493506493,76.2987012987013
E00048932,292,59,28,31,233,23,210,20.205479452054796,9.58904109589041,10.616438356164384,79.7945205479452,7.876712328767123,71.91780821917808
E00048933,332,52,30,22,280,23,257,15.66265060240964,9.036144578313253,6.626506024096386,84.33734939759037,6.927710843373494,77.40963855421687
E00048934,236,31,11,20,205,20,185,13.135593220338984,4.661016949152542,8.47457627118644,86.86440677966102,8.47457627118644,78.38983050847457
E00048935,339,38,17,21,301,29,272,11.209439528023598,5.014749262536873,6.1946902654867255,88.79056047197639,8.55457227138643,80.23598820058997
E00048936,253,35,16,19,218,15,203,13.83399209486166,6.324110671936759,7.5098814229249005,86.16600790513834,5.928853754940711,80.23715415019763
E00048937,298,36,11,25,262,34,228,12.080536912751679,3.691275167785235,8.389261744966444,87.91946308724832,11.409395973154362,76.51006711409396
E00048938,337,46,19,27,291,15,276,13.649851632047477,5.637982195845697,8.011869436201781,86.35014836795251,4.451038575667656,81.89910979228486
E00048939,305,55,32,23,250,21,229,18.0327868852459,10.491803278688524,7.540983606557377,81.9672131147541,6.885245901639345,75.08196721311475
E00048941,284,34,14,20,250,26,224,11.971830985915492,4.929577464788732,7.042253521126761,88.02816901408451,9.15492957746479,78.87323943661971
E00048942,344,41,7,34,303,19,284,11.918604651162791,2.0348837209302326,9.883720930232558,88.0813953488372,5.523255813953488,82.55813953488372
E00048943,324,56,15,41,268,36,232,17.28395061728395,4.62962962962963,12.654320987654321,82.71604938271605,11.11111111111111,71.60493827160494
E00048944,277,52,23,29,225,30,195,18.772563176895307,8.303249097472925,10.469314079422382,81.2274368231047,10.830324909747292,70.3971119133574
E00048945,354,41,16,25,313,15,298,11.581920903954803,4.519774011299435,7.062146892655368,88.4180790960452,4.23728813559322,84.18079096045197
E00048946,287,42,17,25,245,22,223,14.634146341463413,5.923344947735192,8.710801393728223,85.36585365853658,7.665505226480835,77.70034843205575
E00048947,339,49,24,25,290,26,264,14.454277286135694,7.079646017699115,7.374631268436578,85.54572271386431,7.669616519174041,77.87610619469027
E00048948,294,49,16,33,245,21,224,16.666666666666664,5.442176870748299,11.224489795918368,83.33333333333334,7.142857142857142,76.19047619047619
E00048949,218,39,13,26,179,12,167,17.889908256880734,5.963302752293578,11.926605504587156,82.11009174311926,5.5045871559633035,76.60550458715596
E00048950,404,47,15,32,357,25,332,11.633663366336634,3.7128712871287126,7.920792079207921,88.36633663366337,6.188118811881188,82.17821782178217
E00048951,306,46,15,31,260,18,242,15.032679738562091,4.901960784313726,10.130718954248366,84.9673202614379,5.88235294117647,79.08496732026144
E00048952,319,46,19,27,273,14,259,14.420062695924765,5.956112852664576,8.463949843260188,85.57993730407524,4.38871473354232,81.19122257053291
E00048953,309,44,21,23,265,19,246,14.239482200647249,6.796116504854369,7.443365695792881,85.76051779935275,6.148867313915858,79.6116504854369
E00048954,307,55,21,34,252,18,234,17.91530944625407,6.840390879478828,11.074918566775244,82.08469055374593,5.863192182410423,76.2214983713355
E00048956,282,60,21,39,222,16,206,21.27659574468085,7.446808510638298,13.829787234042554,78.72340425531915,5.673758865248227,73.04964539007092
E00048958,341,56,17,39,285,28,257,16.422287390029325,4.9853372434017595,11.436950146627565,83.57771260997067,8.211143695014663,75.366568914956
E00048959,298,46,15,31,252,27,225,15.436241610738255,5.033557046979865,10.40268456375839,84.56375838926175,9.060402684563758,75.50335570469798
E00048960,412,74,30,44,338,34,304,17.96116504854369,7.281553398058252,10.679611650485436,82.03883495145631,8.25242718446602,73.7864077669903
E00048961,239,51,31,20,188,17,171,21.338912133891213,12.97071129707113,8.368200836820083,78.66108786610879,7.112970711297072,71.54811715481172
E00048962,380,82,51,31,298,19,279,21.578947368421055,13.421052631578947,8.157894736842106,78.42105263157895,5,73.42105263157895
E00048963,505,104,54,50,401,21,380,20.594059405940595,10.693069306930694,9.900990099009901,79.40594059405942,4.1584158415841586,75.24752475247524
E00048964,298,46,20,26,252,27,225,15.436241610738255,6.7114093959731544,8.724832214765101,84.56375838926175,9.060402684563758,75.50335570469798
E00048965,302,51,19,32,251,20,231,16.887417218543046,6.291390728476822,10.596026490066226,83.11258278145695,6.622516556291391,76.49006622516556
E00048966,274,50,20,30,224,19,205,18.248175182481752,7.2992700729927,10.948905109489052,81.75182481751825,6.934306569343065,74.81751824817519
E00048967,313,49,24,25,264,16,248,15.654952076677317,7.667731629392971,7.987220447284344,84.34504792332268,5.111821086261981,79.2332268370607
E00048968,247,47,23,24,200,19,181,19.02834008097166,9.31174089068826,9.7165991902834,80.97165991902834,7.6923076923076925,73.27935222672065
E00048969,310,53,21,32,257,20,237,17.096774193548388,6.774193548387098,10.32258064516129,82.9032258064516,6.451612903225806,76.45161290322581
E00048970,343,59,22,37,284,17,267,17.20116618075802,6.41399416909621,10.787172011661808,82.79883381924198,4.956268221574344,77.84256559766763
E00048971,375,75,32,43,300,25,275,20,8.533333333333333,11.466666666666667,80,6.666666666666667,73.33333333333333
E00048972,288,35,15,20,253,25,228,12.152777777777777,5.208333333333334,6.944444444444445,87.84722222222221,8.680555555555555,79.16666666666666
E00048973,268,52,19,33,216,24,192,19.402985074626866,7.08955223880597,12.313432835820896,80.59701492537313,8.955223880597014,71.64179104477611
E00048974,490,72,30,42,418,34,384,14.69387755102041,6.122448979591836,8.571428571428571,85.3061224489796,6.938775510204081,78.36734693877551
E00048975,624,95,29,66,529,41,488,15.224358974358973,4.647435897435898,10.576923076923077,84.77564102564102,6.570512820512821,78.2051282051282
E00048976,573,123,70,53,450,31,419,21.465968586387437,12.216404886561955,9.24956369982548,78.53403141361257,5.4101221640488655,73.1239092495637
E00048977,280,39,9,30,241,18,223,13.928571428571429,3.214285714285714,10.714285714285714,86.07142857142858,6.428571428571428,79.64285714285714
E00048978,251,44,22,22,207,21,186,17.52988047808765,8.764940239043826,8.764940239043826,82.47011952191235,8.366533864541832,74.10358565737052
E00048979,234,59,35,24,175,14,161,25.213675213675213,14.957264957264957,10.256410256410255,74.78632478632478,5.982905982905983,68.80341880341881
E00048980,351,88,54,34,263,23,240,25.071225071225072,15.384615384615385,9.686609686609685,74.92877492877493,6.552706552706552,68.37606837606837
E00048981,254,70,31,39,184,9,175,27.559055118110237,12.204724409448819,15.354330708661418,72.44094488188976,3.543307086614173,68.89763779527559
E00048982,286,43,18,25,243,20,223,15.034965034965033,6.293706293706294,8.741258741258742,84.96503496503497,6.993006993006993,77.97202797202797
E00048983,283,51,21,30,232,27,205,18.021201413427562,7.420494699646643,10.60070671378092,81.97879858657244,9.540636042402827,72.43816254416961
E00048984,282,71,33,38,211,16,195,25.177304964539005,11.702127659574469,13.47517730496454,74.822695035461,5.673758865248227,69.14893617021278
E00048985,421,51,20,31,370,25,345,12.114014251781473,4.750593824228028,7.363420427553444,87.88598574821853,5.938242280285035,81.94774346793349
E00048987,258,50,20,30,208,14,194,19.379844961240313,7.751937984496124,11.627906976744185,80.62015503875969,5.426356589147287,75.1937984496124
E00048988,312,46,17,29,266,15,251,14.743589743589745,5.448717948717949,9.294871794871796,85.25641025641025,4.807692307692308,80.44871794871796
E00048989,525,93,39,54,432,37,395,17.71428571428571,7.428571428571429,10.285714285714285,82.28571428571428,7.0476190476190474,75.23809523809524
E00048991,421,79,32,47,342,20,322,18.76484560570071,7.600950118764846,11.163895486935866,81.23515439429929,4.750593824228028,76.48456057007125
E00048992,273,77,45,32,196,17,179,28.205128205128204,16.483516483516482,11.72161172161172,71.7948717948718,6.227106227106227,65.56776556776556
E00048993,321,70,39,31,251,15,236,21.806853582554517,12.149532710280374,9.657320872274143,78.19314641744548,4.672897196261682,73.5202492211838
E00048994,222,56,25,31,166,14,152,25.225225225225223,11.26126126126126,13.963963963963963,74.77477477477478,6.306306306306306,68.46846846846847
E00048995,430,75,32,43,355,10,345,17.441860465116278,7.441860465116279,10,82.55813953488372,2.3255813953488373,80.23255813953489
E00048997,296,56,26,30,240,15,225,18.91891891891892,8.783783783783784,10.135135135135135,81.08108108108108,5.0675675675675675,76.01351351351352
E00048999,232,49,20,29,183,18,165,21.120689655172413,8.620689655172415,12.5,78.87931034482759,7.758620689655173,71.12068965517241
E00049001,346,43,16,27,303,23,280,12.427745664739884,4.624277456647398,7.803468208092486,87.57225433526011,6.6473988439306355,80.92485549132948
E00049002,542,71,24,47,471,37,434,13.099630996309964,4.428044280442804,8.671586715867159,86.90036900369003,6.826568265682657,80.07380073800738
E00049003,267,50,11,39,217,28,189,18.726591760299627,4.119850187265917,14.606741573033707,81.27340823970037,10.486891385767791,70.78651685393258
E00049004,214,25,7,18,189,18,171,11.682242990654206,3.2710280373831773,8.411214953271028,88.3177570093458,8.411214953271028,79.90654205607477
E00049005,309,53,14,39,256,40,216,17.15210355987055,4.53074433656958,12.62135922330097,82.84789644012946,12.944983818770226,69.90291262135922
E00049006,317,51,21,30,266,28,238,16.08832807570978,6.624605678233439,9.46372239747634,83.91167192429022,8.832807570977918,75.0788643533123
E00049007,284,53,11,42,231,22,209,18.661971830985916,3.873239436619718,14.788732394366196,81.33802816901408,7.746478873239436,73.59154929577466
E00049008,289,92,57,35,197,16,181,31.833910034602077,19.72318339100346,12.110726643598616,68.16608996539793,5.536332179930796,62.629757785467135
E00049009,358,52,21,31,306,25,281,14.52513966480447,5.865921787709497,8.659217877094973,85.47486033519553,6.983240223463687,78.49162011173185
E00049010,254,46,16,30,208,14,194,18.11023622047244,6.299212598425196,11.811023622047244,81.88976377952756,5.511811023622047,76.37795275590551
E00049011,300,53,25,28,247,18,229,17.666666666666668,8.333333333333332,9.333333333333334,82.33333333333334,6,76.33333333333333
E00049012,269,41,15,26,228,26,202,15.241635687732341,5.5762081784386615,9.66542750929368,84.75836431226766,9.66542750929368,75.09293680297398
E00049013,260,68,43,25,192,10,182,26.153846153846157,16.538461538461537,9.615384615384617,73.84615384615385,3.8461538461538463,70
E00049014,467,130,66,64,337,34,303,27.8372591006424,14.132762312633835,13.704496788008566,72.1627408993576,7.28051391862955,64.88222698072805
E00049015,375,59,21,38,316,38,278,15.733333333333333,5.6000000000000005,10.133333333333333,84.26666666666667,10.133333333333333,74.13333333333333
E00049016,244,45,17,28,199,17,182,18.442622950819672,6.967213114754098,11.475409836065573,81.55737704918032,6.967213114754098,74.59016393442623
E00049017,269,28,10,18,241,16,225,10.408921933085502,3.717472118959108,6.691449814126393,89.59107806691449,5.947955390334572,83.64312267657994
E00049018,253,48,18,30,205,14,191,18.972332015810274,7.114624505928854,11.857707509881422,81.02766798418972,5.533596837944664,75.49407114624506
E00049019,343,39,13,26,304,27,277,11.370262390670554,3.7900874635568513,7.580174927113703,88.62973760932945,7.871720116618077,80.75801749271136
E00049020,262,63,24,39,199,16,183,24.045801526717558,9.16030534351145,14.885496183206106,75.95419847328245,6.106870229007633,69.8473282442748
E00049021,200,31,17,14,169,13,156,15.5,8.5,7.000000000000001,84.5,6.5,78
E00049022,302,105,75,30,197,23,174,34.7682119205298,24.834437086092713,9.933774834437086,65.23178807947019,7.6158940397351,57.615894039735096
E00049023,226,36,18,18,190,12,178,15.929203539823009,7.964601769911504,7.964601769911504,84.070796460177,5.3097345132743365,78.76106194690266
E00049024,365,57,18,39,308,22,286,15.616438356164384,4.931506849315069,10.684931506849315,84.38356164383562,6.027397260273973,78.35616438356165
E00049025,236,67,38,29,169,14,155,28.389830508474578,16.101694915254235,12.288135593220339,71.61016949152543,5.932203389830509,65.67796610169492
E00049026,187,35,18,17,152,16,136,18.71657754010695,9.62566844919786,9.090909090909092,81.28342245989305,8.55614973262032,72.72727272727273
E00049027,268,74,30,44,194,12,182,27.611940298507463,11.194029850746269,16.417910447761194,72.38805970149254,4.477611940298507,67.91044776119402
E00049028,287,35,13,22,252,21,231,12.195121951219512,4.529616724738676,7.665505226480835,87.8048780487805,7.317073170731707,80.48780487804879
E00049029,297,52,18,34,245,26,219,17.50841750841751,6.0606060606060606,11.447811447811448,82.49158249158249,8.754208754208754,73.73737373737373
E00049030,248,47,18,29,201,22,179,18.951612903225808,7.258064516129033,11.693548387096774,81.04838709677419,8.870967741935484,72.17741935483872
E00049031,297,23,9,14,274,27,247,7.744107744107744,3.0303030303030303,4.713804713804714,92.25589225589226,9.090909090909092,83.16498316498317
E00049032,314,53,22,31,261,32,229,16.878980891719745,7.006369426751593,9.872611464968154,83.12101910828027,10.191082802547772,72.92993630573248
E00049033,271,40,19,21,231,20,211,14.760147601476014,7.011070110701106,7.7490774907749085,85.23985239852398,7.380073800738007,77.85977859778598
E00049034,339,48,15,33,291,24,267,14.15929203539823,4.424778761061947,9.734513274336283,85.84070796460178,7.079646017699115,78.76106194690266
E00049035,251,26,8,18,225,24,201,10.358565737051793,3.187250996015936,7.171314741035857,89.64143426294821,9.56175298804781,80.0796812749004
E00049036,247,44,21,23,203,16,187,17.813765182186234,8.502024291497975,9.31174089068826,82.18623481781377,6.477732793522267,75.7085020242915
E00049037,294,47,24,23,247,19,228,15.98639455782313,8.16326530612245,7.8231292517006805,84.01360544217688,6.462585034013606,77.55102040816327
E00049038,297,41,19,22,256,23,233,13.804713804713806,6.397306397306397,7.4074074074074066,86.19528619528619,7.744107744107744,78.45117845117845
E00049039,223,41,15,26,182,18,164,18.385650224215247,6.726457399103139,11.659192825112108,81.61434977578476,8.071748878923767,73.54260089686099
E00049040,279,31,12,19,248,21,227,11.11111111111111,4.301075268817205,6.810035842293908,88.88888888888889,7.526881720430108,81.36200716845879
E00049041,240,43,13,30,197,20,177,17.916666666666668,5.416666666666667,12.5,82.08333333333333,8.333333333333332,73.75
E00049042,210,31,10,21,179,14,165,14.761904761904763,4.761904761904762,10,85.23809523809524,6.666666666666667,78.57142857142857
E00049043,289,35,5,30,254,23,231,12.110726643598616,1.7301038062283738,10.380622837370241,87.88927335640139,7.958477508650519,79.93079584775087
E00049044,281,48,24,24,233,20,213,17.08185053380783,8.540925266903916,8.540925266903916,82.91814946619218,7.11743772241993,75.80071174377224
E00049046,219,30,11,19,189,16,173,13.698630136986301,5.0228310502283104,8.67579908675799,86.3013698630137,7.30593607305936,78.99543378995433
E00049047,347,52,21,31,295,20,275,14.985590778097983,6.051873198847262,8.93371757925072,85.01440922190201,5.763688760806916,79.2507204610951
E00049048,274,44,11,33,230,22,208,16.05839416058394,4.014598540145985,12.043795620437956,83.94160583941606,8.02919708029197,75.91240875912408
E00049049,247,40,18,22,207,18,189,16.194331983805668,7.28744939271255,8.906882591093117,83.80566801619433,7.28744939271255,76.51821862348179
E00049050,314,49,22,27,265,28,237,15.605095541401273,7.006369426751593,8.598726114649681,84.39490445859873,8.9171974522293,75.47770700636943
E00049051,297,55,27,28,242,42,200,18.51851851851852,9.090909090909092,9.427609427609427,81.48148148148148,14.14141414141414,67.34006734006735
E00049052,301,56,17,39,245,25,220,18.6046511627907,5.647840531561462,12.956810631229235,81.3953488372093,8.305647840531561,73.08970099667775
E00049053,277,34,7,27,243,28,215,12.274368231046932,2.527075812274368,9.747292418772563,87.72563176895306,10.108303249097473,77.6173285198556
E00049054,264,51,17,34,213,15,198,19.318181818181817,6.4393939393939394,12.878787878787879,80.68181818181817,5.681818181818182,75
E00049055,313,43,8,35,270,27,243,13.738019169329075,2.5559105431309903,11.182108626198083,86.26198083067092,8.626198083067091,77.63578274760383
E00049056,236,39,11,28,197,23,174,16.52542372881356,4.661016949152542,11.864406779661017,83.47457627118644,9.745762711864407,73.72881355932203
E00049057,236,35,17,18,201,19,182,14.83050847457627,7.203389830508475,7.627118644067797,85.16949152542372,8.050847457627118,77.11864406779661
E00049058,297,65,21,44,232,26,206,21.885521885521886,7.07070707070707,14.814814814814813,78.11447811447812,8.754208754208754,69.36026936026936
E00049059,140,29,7,22,111,13,98,20.714285714285715,5,15.714285714285714,79.28571428571428,9.285714285714286,70
E00049060,358,31,7,24,327,24,303,8.659217877094973,1.9553072625698324,6.70391061452514,91.34078212290503,6.70391061452514,84.63687150837988
E00049061,305,34,13,21,271,27,244,11.147540983606557,4.2622950819672125,6.885245901639345,88.85245901639345,8.852459016393443,80
E00049062,306,63,20,43,243,23,220,20.588235294117645,6.535947712418301,14.052287581699346,79.41176470588235,7.516339869281046,71.89542483660131
E00049063,245,39,17,22,206,21,185,15.918367346938775,6.938775510204081,8.979591836734693,84.08163265306122,8.571428571428571,75.51020408163265
E00049064,290,39,13,26,251,29,222,13.448275862068964,4.482758620689655,8.96551724137931,86.55172413793103,10,76.55172413793103
E00049065,285,44,22,22,241,24,217,15.43859649122807,7.719298245614035,7.719298245614035,84.56140350877193,8.421052631578947,76.14035087719299
E00049066,347,55,19,36,292,30,262,15.85014409221902,5.475504322766571,10.37463976945245,84.14985590778097,8.645533141210375,75.50432276657061
E00049067,252,43,12,31,209,19,190,17.063492063492063,4.761904761904762,12.3015873015873,82.93650793650794,7.5396825396825395,75.39682539682539
E00049068,239,43,11,32,196,20,176,17.99163179916318,4.602510460251046,13.389121338912133,82.00836820083683,8.368200836820083,73.64016736401673
E00049069,325,57,24,33,268,20,248,17.53846153846154,7.384615384615385,10.153846153846153,82.46153846153847,6.153846153846154,76.3076923076923
E00049070,262,32,13,19,230,17,213,12.213740458015266,4.961832061068702,7.251908396946565,87.78625954198473,6.488549618320611,81.29770992366412
E00049071,451,105,51,54,346,27,319,23.28159645232816,11.30820399113082,11.973392461197339,76.71840354767184,5.986696230598669,70.73170731707317
E00049072,385,46,20,26,339,34,305,11.948051948051948,5.194805194805195,6.753246753246753,88.05194805194805,8.831168831168831,79.22077922077922
E00049073,383,84,43,41,299,16,283,21.93211488250653,11.22715404699739,10.704960835509137,78.06788511749347,4.177545691906006,73.89033942558747
E00049074,193,44,20,24,149,11,138,22.797927461139896,10.362694300518134,12.435233160621761,77.2020725388601,5.699481865284974,71.50259067357513
E00049075,219,67,41,26,152,13,139,30.59360730593607,18.72146118721461,11.87214611872146,69.40639269406392,5.93607305936073,63.4703196347032
E00049076,245,53,24,29,192,15,177,21.63265306122449,9.795918367346939,11.83673469387755,78.36734693877551,6.122448979591836,72.24489795918367
E00049077,245,63,28,35,182,12,170,25.71428571428571,11.428571428571429,14.285714285714285,74.28571428571429,4.8979591836734695,69.38775510204081
E00049078,471,84,34,50,387,35,352,17.8343949044586,7.218683651804671,10.615711252653929,82.16560509554141,7.43099787685775,74.73460721868365
E00049079,226,71,43,28,155,12,143,31.41592920353982,19.02654867256637,12.389380530973451,68.58407079646017,5.3097345132743365,63.27433628318584
E00049080,263,26,6,20,237,21,216,9.885931558935361,2.2813688212927756,7.604562737642586,90.11406844106465,7.984790874524715,82.12927756653993
E00049081,250,44,14,30,206,17,189,17.599999999999998,5.6000000000000005,12,82.39999999999999,6.800000000000001,75.6
E00049082,131,55,31,24,76,12,64,41.98473282442748,23.66412213740458,18.3206106870229,58.01526717557252,9.16030534351145,48.854961832061065
E00049083,345,60,30,30,285,26,259,17.391304347826086,8.695652173913043,8.695652173913043,82.6086956521739,7.536231884057972,75.07246376811594
E00049085,188,43,22,21,145,12,133,22.872340425531913,11.702127659574469,11.170212765957446,77.12765957446808,6.382978723404255,70.74468085106383
E00049086,245,61,30,31,184,13,171,24.897959183673468,12.244897959183673,12.653061224489795,75.10204081632654,5.3061224489795915,69.79591836734694
E00049087,119,38,23,15,81,7,74,31.932773109243694,19.327731092436977,12.605042016806722,68.0672268907563,5.88235294117647,62.18487394957983
E00049088,287,49,14,35,238,23,215,17.073170731707318,4.878048780487805,12.195121951219512,82.92682926829268,8.013937282229964,74.91289198606272
E00049089,240,34,11,23,206,15,191,14.166666666666666,4.583333333333333,9.583333333333334,85.83333333333333,6.25,79.58333333333333
E00049090,250,34,9,25,216,17,199,13.600000000000001,3.5999999999999996,10,86.4,6.800000000000001,79.60000000000001
E00049091,356,56,23,33,300,36,264,15.730337078651685,6.460674157303371,9.269662921348315,84.26966292134831,10.112359550561797,74.15730337078652
E00049092,180,20,6,14,160,13,147,11.11111111111111,3.3333333333333335,7.777777777777778,88.88888888888889,7.222222222222221,81.66666666666667
E00049093,289,57,29,28,232,23,209,19.72318339100346,10.034602076124568,9.688581314878892,80.27681660899654,7.958477508650519,72.31833910034602
E00049094,292,33,13,20,259,10,249,11.301369863013697,4.4520547945205475,6.8493150684931505,88.6986301369863,3.4246575342465753,85.27397260273972
E00049095,263,48,19,29,215,23,192,18.250950570342205,7.224334600760455,11.02661596958175,81.74904942965779,8.745247148288973,73.00380228136882
E00049096,303,46,13,33,257,23,234,15.181518151815181,4.29042904290429,10.891089108910892,84.81848184818482,7.590759075907591,77.22772277227723
E00049097,291,47,17,30,244,31,213,16.151202749140893,5.841924398625429,10.309278350515463,83.8487972508591,10.652920962199312,73.19587628865979
E00049098,317,48,18,30,269,31,238,15.141955835962145,5.678233438485805,9.46372239747634,84.85804416403786,9.779179810725552,75.0788643533123
E00049099,294,65,31,34,229,17,212,22.108843537414966,10.54421768707483,11.564625850340136,77.89115646258503,5.782312925170068,72.10884353741497
E00049100,343,45,19,26,298,23,275,13.119533527696792,5.539358600583091,7.580174927113703,86.88046647230321,6.705539358600583,80.17492711370262
E00049102,284,33,14,19,251,20,231,11.619718309859154,4.929577464788732,6.690140845070422,88.38028169014085,7.042253521126761,81.33802816901408
E00049103,285,66,24,42,219,22,197,23.157894736842106,8.421052631578947,14.736842105263156,76.84210526315789,7.719298245614035,69.12280701754386
E00049104,297,43,21,22,254,18,236,14.47811447811448,7.07070707070707,7.4074074074074066,85.52188552188552,6.0606060606060606,79.46127946127946
E00049105,149,38,20,18,111,9,102,25.503355704697988,13.422818791946309,12.080536912751679,74.49664429530202,6.0402684563758395,68.45637583892618
E00049106,284,56,18,38,228,27,201,19.718309859154928,6.338028169014084,13.380281690140844,80.28169014084507,9.507042253521126,70.77464788732394
E00049107,321,56,17,39,265,31,234,17.445482866043612,5.29595015576324,12.149532710280374,82.55451713395638,9.657320872274143,72.89719626168224
E00049108,226,38,15,23,188,16,172,16.8141592920354,6.637168141592921,10.176991150442479,83.1858407079646,7.079646017699115,76.10619469026548
E00049109,331,81,42,39,250,15,235,24.47129909365559,12.688821752265861,11.782477341389729,75.52870090634441,4.531722054380665,70.99697885196375
E00049110,161,49,22,27,112,7,105,30.434782608695656,13.664596273291925,16.77018633540373,69.56521739130434,4.3478260869565215,65.21739130434783
E00049111,167,28,8,20,139,12,127,16.766467065868262,4.790419161676647,11.976047904191617,83.23353293413174,7.18562874251497,76.04790419161677
E00049112,243,40,16,24,203,29,174,16.46090534979424,6.584362139917696,9.876543209876543,83.53909465020575,11.934156378600823,71.60493827160494
E00049113,276,42,20,22,234,22,212,15.217391304347828,7.246376811594203,7.971014492753622,84.78260869565217,7.971014492753622,76.81159420289855
E00049114,216,69,24,45,147,11,136,31.944444444444443,11.11111111111111,20.833333333333336,68.05555555555556,5.092592592592593,62.96296296296296
E00049115,291,56,25,31,235,18,217,19.243986254295535,8.59106529209622,10.652920962199312,80.75601374570446,6.185567010309279,74.5704467353952
E00049116,383,149,108,41,234,13,221,38.90339425587467,28.198433420365536,10.704960835509137,61.096605744125334,3.3942558746736298,57.702349869451695
E00049117,333,50,16,34,283,21,262,15.015015015015015,4.804804804804805,10.21021021021021,84.98498498498499,6.306306306306306,78.67867867867868
E00049118,300,57,22,35,243,26,217,19,7.333333333333333,11.666666666666666,81,8.666666666666668,72.33333333333334
E00049119,257,83,43,40,174,8,166,32.295719844357976,16.731517509727624,15.56420233463035,67.70428015564202,3.11284046692607,64.59143968871595
E00049120,319,67,33,34,252,12,240,21.003134796238246,10.344827586206897,10.658307210031348,78.99686520376176,3.761755485893417,75.23510971786834
E00049121,315,71,29,42,244,12,232,22.53968253968254,9.206349206349207,13.333333333333334,77.46031746031747,3.8095238095238098,73.65079365079366
E00049122,208,54,28,26,154,7,147,25.961538461538463,13.461538461538462,12.5,74.03846153846155,3.3653846153846154,70.67307692307693
E00049123,240,89,48,41,151,19,132,37.083333333333336,20,17.083333333333332,62.916666666666664,7.916666666666666,55.00000000000001
E00049124,356,67,33,34,289,26,263,18.820224719101123,9.269662921348315,9.550561797752808,81.17977528089888,7.303370786516854,73.87640449438202
E00049125,251,73,47,26,178,17,161,29.08366533864542,18.725099601593627,10.358565737051793,70.91633466135458,6.772908366533864,64.14342629482071
E00049126,235,30,11,19,205,10,195,12.76595744680851,4.680851063829787,8.085106382978724,87.2340425531915,4.25531914893617,82.97872340425532
E00049127,323,40,15,25,283,21,262,12.38390092879257,4.643962848297214,7.739938080495357,87.61609907120743,6.5015479876160995,81.11455108359134
E00049128,281,37,17,20,244,22,222,13.167259786476867,6.049822064056939,7.11743772241993,86.83274021352312,7.829181494661921,79.00355871886121
E00049129,351,54,28,26,297,19,278,15.384615384615385,7.977207977207977,7.4074074074074066,84.61538461538461,5.413105413105413,79.2022792022792
E00049130,363,46,17,29,317,22,295,12.672176308539946,4.683195592286501,7.988980716253444,87.32782369146005,6.0606060606060606,81.26721763085399
E00049131,332,47,17,30,285,26,259,14.156626506024098,5.120481927710843,9.036144578313253,85.8433734939759,7.83132530120482,78.01204819277109
E00049132,351,53,19,34,298,17,281,15.0997150997151,5.413105413105413,9.686609686609685,84.9002849002849,4.843304843304843,80.05698005698005
E00049133,306,48,21,27,258,19,239,15.686274509803921,6.862745098039216,8.823529411764707,84.31372549019608,6.209150326797386,78.10457516339869
E00049134,431,63,29,34,368,15,353,14.617169373549885,6.728538283062645,7.888631090487238,85.38283062645012,3.480278422273782,81.90255220417633
E00049135,303,48,19,29,255,19,236,15.841584158415841,6.270627062706271,9.570957095709572,84.15841584158416,6.270627062706271,77.88778877887789
E00049136,355,47,21,26,308,23,285,13.239436619718308,5.915492957746479,7.323943661971831,86.76056338028168,6.478873239436619,80.28169014084507
E00049137,359,75,42,33,284,16,268,20.891364902506965,11.699164345403899,9.192200557103064,79.10863509749304,4.456824512534819,74.65181058495823
E00049138,308,68,34,34,240,19,221,22.07792207792208,11.03896103896104,11.03896103896104,77.92207792207793,6.1688311688311686,71.75324675324676
E00049139,330,63,29,34,267,20,247,19.090909090909093,8.787878787878787,10.303030303030303,80.9090909090909,6.0606060606060606,74.84848484848486
E00049140,303,44,17,27,259,23,236,14.521452145214523,5.6105610561056105,8.91089108910891,85.47854785478548,7.590759075907591,77.88778877887789
E00049141,322,51,23,28,271,17,254,15.838509316770185,7.142857142857142,8.695652173913043,84.16149068322981,5.279503105590062,78.88198757763976
E00049142,286,40,13,27,246,19,227,13.986013986013987,4.545454545454546,9.44055944055944,86.01398601398601,6.643356643356643,79.37062937062937
E00049143,277,64,33,31,213,14,199,23.104693140794225,11.913357400722022,11.191335740072201,76.89530685920577,5.054151624548736,71.84115523465704
E00049144,308,37,22,15,271,24,247,12.012987012987013,7.142857142857142,4.870129870129871,87.98701298701299,7.792207792207792,80.1948051948052
E00049145,243,32,11,21,211,24,187,13.168724279835391,4.526748971193416,8.641975308641975,86.83127572016461,9.876543209876543,76.95473251028807
E00049146,273,60,26,34,213,26,187,21.978021978021978,9.523809523809524,12.454212454212454,78.02197802197803,9.523809523809524,68.4981684981685
E00049147,213,74,39,35,139,16,123,34.74178403755869,18.30985915492958,16.431924882629108,65.25821596244131,7.511737089201878,57.74647887323944
E00049148,567,81,30,51,486,48,438,14.285714285714285,5.291005291005291,8.994708994708994,85.71428571428571,8.465608465608465,77.24867724867724
E00049149,278,52,19,33,226,13,213,18.705035971223023,6.83453237410072,11.870503597122301,81.29496402877699,4.676258992805756,76.61870503597122
E00049150,240,49,25,24,191,15,176,20.416666666666668,10.416666666666668,10,79.58333333333333,6.25,73.33333333333333
E00049151,210,49,27,22,161,19,142,23.333333333333332,12.857142857142856,10.476190476190476,76.66666666666667,9.047619047619047,67.61904761904762
E00049152,370,75,43,32,295,21,274,20.27027027027027,11.621621621621623,8.64864864864865,79.72972972972973,5.675675675675676,74.05405405405405
E00049153,442,66,31,35,376,47,329,14.93212669683258,7.013574660633484,7.918552036199094,85.06787330316742,10.633484162895927,74.43438914027149
E00049154,267,39,9,30,228,16,212,14.606741573033707,3.3707865168539324,11.235955056179774,85.39325842696628,5.992509363295881,79.40074906367042
E00049157,395,77,41,36,318,12,306,19.49367088607595,10.379746835443038,9.113924050632912,80.50632911392405,3.0379746835443036,77.46835443037975
E00049158,375,57,29,28,318,12,306,15.2,7.733333333333333,7.466666666666668,84.8,3.2,81.6
E00049159,234,30,14,16,204,12,192,12.82051282051282,5.982905982905983,6.837606837606838,87.17948717948718,5.128205128205128,82.05128205128204
E00049161,208,30,13,17,178,11,167,14.423076923076922,6.25,8.173076923076923,85.57692307692307,5.288461538461538,80.28846153846155
E00049162,276,44,23,21,232,20,212,15.942028985507244,8.333333333333332,7.608695652173914,84.05797101449275,7.246376811594203,76.81159420289855
E00049163,288,48,17,31,240,26,214,16.666666666666664,5.902777777777778,10.76388888888889,83.33333333333334,9.027777777777777,74.30555555555556
E00049164,314,37,16,21,277,24,253,11.78343949044586,5.095541401273886,6.687898089171974,88.21656050955414,7.643312101910828,80.57324840764332
E00049165,321,58,23,35,263,25,238,18.06853582554517,7.165109034267912,10.903426791277258,81.93146417445483,7.78816199376947,74.14330218068535
E00049166,283,23,6,17,260,14,246,8.12720848056537,2.1201413427561837,6.007067137809187,91.87279151943463,4.946996466431095,86.92579505300353
E00049167,299,49,18,31,250,13,237,16.387959866220736,6.0200668896321075,10.367892976588628,83.61204013377926,4.3478260869565215,79.26421404682274
E00049168,319,67,38,29,252,13,239,21.003134796238246,11.912225705329153,9.090909090909092,78.99686520376176,4.075235109717868,74.92163009404389
E00049169,208,35,20,15,173,11,162,16.826923076923077,9.615384615384617,7.211538461538461,83.17307692307693,5.288461538461538,77.88461538461539
E00049170,282,35,17,18,247,16,231,12.411347517730496,6.028368794326241,6.382978723404255,87.58865248226951,5.673758865248227,81.91489361702128
E00049171,323,43,19,24,280,22,258,13.312693498452013,5.88235294117647,7.430340557275541,86.687306501548,6.811145510835913,79.87616099071208
E00049172,315,46,20,26,269,20,249,14.603174603174605,6.349206349206349,8.253968253968253,85.39682539682539,6.349206349206349,79.04761904761905
E00049173,297,48,15,33,249,19,230,16.161616161616163,5.05050505050505,11.11111111111111,83.83838383838383,6.397306397306397,77.44107744107744
E00049174,346,58,24,34,288,20,268,16.76300578034682,6.9364161849710975,9.826589595375722,83.23699421965318,5.780346820809249,77.45664739884393
E00049175,331,39,12,27,292,25,267,11.782477341389729,3.625377643504532,8.157099697885197,88.21752265861026,7.552870090634441,80.66465256797582
E00049176,273,41,21,20,232,11,221,15.018315018315018,7.6923076923076925,7.326007326007327,84.98168498168498,4.029304029304029,80.95238095238095
E00049177,327,49,18,31,278,18,260,14.984709480122325,5.5045871559633035,9.480122324159021,85.01529051987767,5.5045871559633035,79.51070336391437
E00049178,283,45,25,20,238,18,220,15.901060070671377,8.8339222614841,7.06713780918728,84.09893992932862,6.36042402826855,77.73851590106007
E00049179,246,35,12,23,211,14,197,14.227642276422763,4.878048780487805,9.34959349593496,85.77235772357723,5.691056910569105,80.08130081300813
E00049180,380,54,27,27,326,17,309,14.210526315789473,7.105263157894736,7.105263157894736,85.78947368421052,4.473684210526316,81.3157894736842
E00049181,301,45,25,20,256,19,237,14.950166112956811,8.305647840531561,6.64451827242525,85.04983388704319,6.312292358803987,78.7375415282392
E00049182,245,52,19,33,193,22,171,21.224489795918366,7.755102040816326,13.46938775510204,78.77551020408163,8.979591836734693,69.79591836734694
E00165739,423,54,19,35,369,25,344,12.76595744680851,4.491725768321513,8.274231678486997,87.2340425531915,5.91016548463357,81.32387706855792
E00165740,282,52,21,31,230,21,209,18.439716312056735,7.446808510638298,10.99290780141844,81.56028368794325,7.446808510638298,74.11347517730496
E00165741,502,91,48,43,411,27,384,18.127490039840637,9.56175298804781,8.565737051792828,81.87250996015936,5.378486055776892,76.49402390438247
E00165742,442,118,67,51,324,8,316,26.69683257918552,15.158371040723981,11.538461538461538,73.303167420814475,1.809954751131222,71.49321266968326
E00165743,481,111,45,66,370,26,344,23.076923076923077,9.355509355509357,13.721413721413722,76.92307692307693,5.405405405405405,71.51767151767152
E00165745,285,66,28,38,219,13,206,23.157894736842106,9.824561403508772,13.333333333333334,76.84210526315789,4.56140350877193,72.28070175438597
E00165746,277,37,16,21,240,23,217,13.357400722021662,5.776173285198556,7.581227436823104,86.64259927797833,8.303249097472925,78.33935018050542
E00165813,503,91,43,48,412,25,387,18.09145129224652,8.548707753479125,9.542743538767395,81.90854870775348,4.970178926441352,76.93836978131213
E00172147,267,30,8,22,237,24,213,11.235955056179774,2.9962546816479403,8.239700374531834,88.76404494382022,8.98876404494382,79.7752808988764
E00172148,335,27,9,18,308,14,294,8.059701492537313,2.6865671641791042,5.3731343283582085,91.94029850746269,4.179104477611941,87.76119402985074
E00172149,356,34,18,16,322,21,301,9.550561797752808,5.056179775280898,4.49438202247191,90.4494382022472,5.8988764044943816,84.5505617977528
E00172150,3121,337,72,265,2784,217,2567,10.797821211150273,2.306952899711631,8.490868311438641,89.20217878884972,6.952899711630887,82.24927907721884
E00172151,235,23,11,12,212,8,204,9.787234042553191,4.680851063829787,5.106382978723404,90.2127659574468,3.404255319148936,86.80851063829788
E00172152,618,69,33,36,549,48,501,11.165048543689322,5.339805825242718,5.825242718446602,88.83495145631069,7.766990291262135,81.06796116504854
E00172153,277,38,12,26,239,11,228,13.718411552346572,4.332129963898916,9.386281588447654,86.28158844765343,3.9711191335740073,82.31046931407943
E00172154,286,28,7,21,258,25,233,9.79020979020979,2.4475524475524475,7.3426573426573425,90.20979020979021,8.741258741258742,81.46853146853147
E00172155,393,123,70,53,270,33,237,31.297709923664126,17.8117048346056,13.486005089058525,68.70229007633588,8.396946564885496,60.30534351145038
E00172156,407,37,9,28,370,25,345,9.090909090909092,2.211302211302211,6.87960687960688,90.9090909090909,6.142506142506143,84.76658476658476
E00172158,370,69,32,37,301,21,280,18.64864864864865,8.64864864864865,10,81.35135135135135,5.675675675675676,75.67567567567568
E00172159,294,31,13,18,263,15,248,10.54421768707483,4.421768707482993,6.122448979591836,89.45578231292517,5.1020408163265305,84.35374149659864
E00172160,415,58,37,21,357,10,347,13.975903614457833,8.91566265060241,5.0602409638554215,86.02409638554217,2.4096385542168677,83.61445783132531
E00172161,434,35,19,16,399,12,387,8.064516129032258,4.377880184331797,3.686635944700461,91.93548387096774,2.7649769585253456,89.17050691244239
E00172162,298,34,11,23,264,15,249,11.409395973154362,3.691275167785235,7.718120805369128,88.59060402684564,5.033557046979865,83.55704697986577
E00172163,341,47,19,28,294,14,280,13.78299120234604,5.571847507331378,8.211143695014663,86.21700879765396,4.105571847507331,82.11143695014663
E00172164,576,142,99,43,434,11,423,24.65277777777778,17.1875,7.465277777777778,75.34722222222221,1.9097222222222223,73.4375
E00172165,177,32,12,20,145,9,136,18.07909604519774,6.779661016949152,11.299435028248588,81.92090395480226,5.084745762711865,76.8361581920904
E00172166,341,52,11,41,289,20,269,15.249266862170089,3.225806451612903,12.023460410557185,84.75073313782991,5.865102639296188,78.88563049853371
E00172167,168,24,12,12,144,7,137,14.285714285714285,7.142857142857142,7.142857142857142,85.71428571428571,4.166666666666666,81.54761904761905
E00172168,300,45,16,29,255,23,232,15,5.333333333333334,9.666666666666666,85,7.666666666666666,77.33333333333333
E00172169,310,25,11,14,285,23,262,8.064516129032258,3.5483870967741935,4.516129032258064,91.93548387096774,7.419354838709677,84.51612903225806
E00172170,535,133,69,64,402,28,374,24.85981308411215,12.897196261682243,11.962616822429908,75.14018691588785,5.233644859813085,69.90654205607477
E00172171,297,23,5,18,274,12,262,7.744107744107744,1.6835016835016834,6.0606060606060606,92.25589225589226,4.040404040404041,88.21548821548821
E00172172,1786,133,15,118,1653,85,1568,7.446808510638298,0.8398656215005599,6.606942889137738,92.5531914893617,4.759238521836506,87.79395296752519
E00172174,152,60,34,26,92,8,84,39.473684210526315,22.36842105263158,17.105263157894736,60.526315789473685,5.263157894736842,55.26315789473685
E00172176,328,37,20,17,291,14,277,11.28048780487805,6.097560975609756,5.182926829268292,88.71951219512195,4.2682926829268295,84.45121951219512
E00172177,408,52,24,28,356,21,335,12.745098039215685,5.88235294117647,6.862745098039216,87.25490196078431,5.147058823529411,82.1078431372549
E00172178,343,40,19,21,303,20,283,11.661807580174926,5.539358600583091,6.122448979591836,88.33819241982506,5.830903790087463,82.5072886297376
E00172179,299,28,15,13,271,17,254,9.364548494983277,5.016722408026756,4.3478260869565215,90.63545150501672,5.68561872909699,84.94983277591973
E00172180,438,41,18,23,397,13,384,9.360730593607306,4.10958904109589,5.251141552511415,90.6392694063927,2.968036529680365,87.67123287671232
E00172181,326,48,14,34,278,16,262,14.723926380368098,4.294478527607362,10.429447852760736,85.2760736196319,4.9079754601226995,80.3680981595092
E00172182,557,71,24,47,486,24,462,12.746858168761221,4.308797127468582,8.43806104129264,87.25314183123878,4.308797127468582,82.9443447037702
E00172183,201,29,12,17,172,10,162,14.427860696517413,5.970149253731343,8.45771144278607,85.57213930348259,4.975124378109453,80.59701492537313
E00172184,464,56,12,44,408,14,394,12.068965517241379,2.586206896551724,9.482758620689655,87.93103448275862,3.0172413793103448,84.91379310344827
E00172185,235,62,39,23,173,9,164,26.382978723404253,16.595744680851062,9.787234042553191,73.61702127659574,3.829787234042553,69.7872340425532
E00172186,351,48,17,31,303,22,281,13.675213675213676,4.843304843304843,8.831908831908832,86.32478632478633,6.267806267806268,80.05698005698005
E00172187,479,71,41,30,408,23,385,14.822546972860126,8.559498956158663,6.263048016701461,85.17745302713988,4.801670146137787,80.3757828810021
E00172189,477,57,21,36,420,26,394,11.949685534591195,4.40251572327044,7.547169811320755,88.0503144654088,5.450733752620545,82.59958071278825
E00172191,228,26,4,22,202,15,187,11.403508771929824,1.7543859649122806,9.649122807017543,88.59649122807018,6.578947368421052,82.01754385964912
E00172192,181,6,0,6,175,12,163,3.314917127071823,0,3.314917127071823,96.68508287292818,6.629834254143646,90.05524861878453
E00172193,233,21,7,14,212,5,207,9.012875536480687,3.004291845493562,6.008583690987124,90.98712446351931,2.1459227467811157,88.8412017167382
E00172194,184,47,20,27,137,5,132,25.543478260869566,10.869565217391305,14.673913043478262,74.45652173913044,2.717391304347826,71.73913043478261
E00172195,100,13,3,10,87,9,78,13,3,10,87,9,78
E00172196,172,16,4,12,156,16,140,9.30232558139535,2.3255813953488373,6.976744186046512,90.69767441860465,9.30232558139535,81.3953488372093
E00172197,143,18,8,10,125,2,123,12.587412587412588,5.594405594405594,6.993006993006993,87.41258741258741,1.3986013986013985,86.01398601398601
E00172200,281,51,29,22,230,9,221,18.14946619217082,10.320284697508896,7.829181494661921,81.85053380782918,3.202846975088968,78.64768683274022
E00172201,169,19,9,10,150,7,143,11.242603550295858,5.325443786982249,5.9171597633136095,88.75739644970415,4.142011834319527,84.61538461538461
E00172202,879,106,23,83,773,56,717,12.059158134243459,2.6166097838452784,9.442548350398178,87.94084186575654,6.370875995449373,81.56996587030717
E00172203,349,29,8,21,320,11,309,8.30945558739255,2.292263610315186,6.017191977077363,91.69054441260745,3.151862464183381,88.53868194842407
E00172204,288,58,31,27,230,11,219,20.13888888888889,10.76388888888889,9.375,79.86111111111111,3.8194444444444446,76.04166666666666
E00172205,169,16,1,15,153,5,148,9.467455621301776,0.591715976331361,8.875739644970414,90.53254437869822,2.9585798816568047,87.57396449704143
E00172206,523,61,17,44,462,28,434,11.663479923518166,3.2504780114722758,8.413001912045889,88.33652007648183,5.353728489483748,82.98279158699809
E00172212,490,96,45,51,394,16,378,19.591836734693878,9.183673469387756,10.408163265306122,80.40816326530611,3.2653061224489797,77.14285714285715
E00172213,361,58,27,31,303,21,282,16.06648199445983,7.479224376731302,8.587257617728532,83.93351800554017,5.8171745152354575,78.1163434903047
E00185034,523,78,35,43,445,27,418,14.91395793499044,6.692160611854685,8.221797323135755,85.08604206500956,5.162523900573614,79.92351816443595
E00185035,839,89,24,65,750,43,707,10.607866507747318,2.860548271752086,7.747318235995232,89.39213349225268,5.125148986889154,84.26698450536352
E00185036,444,76,27,49,368,21,347,17.117117117117118,6.081081081081082,11.036036036036036,82.88288288288288,4.72972972972973,78.15315315315316
E00185040,295,25,12,13,270,4,266,8.47457627118644,4.067796610169491,4.406779661016949,91.52542372881356,1.3559322033898304,90.16949152542372
E00185041,404,37,14,23,367,20,347,9.158415841584159,3.4653465346534658,5.693069306930694,90.84158415841584,4.9504950495049505,85.89108910891089
E00185042,320,40,16,24,280,8,272,12.5,5,7.5,87.5,2.5,85
E00185043,274,11,0,11,263,9,254,4.014598540145985,0,4.014598540145985,95.98540145985402,3.2846715328467155,92.7007299270073
E00185044,225,32,15,17,193,11,182,14.222222222222221,6.666666666666667,7.555555555555555,85.77777777777777,4.888888888888889,80.88888888888889
E00185046,351,38,17,21,313,16,297,10.826210826210826,4.843304843304843,5.982905982905983,89.17378917378917,4.5584045584045585,84.61538461538461
E00185048,174,35,19,16,139,12,127,20.114942528735632,10.919540229885058,9.195402298850574,79.88505747126436,6.896551724137931,72.98850574712644
E00185049,555,42,10,32,513,37,476,7.567567567567568,1.8018018018018018,5.7657657657657655,92.43243243243244,6.666666666666667,85.76576576576576
E00185050,491,81,35,46,410,20,390,16.4969450101833,7.128309572301425,9.368635437881874,83.5030549898167,4.0733197556008145,79.42973523421588
E00185051,227,9,1,8,218,7,211,3.9647577092511015,0.4405286343612335,3.524229074889868,96.0352422907489,3.0837004405286343,92.95154185022027
E00185052,245,10,1,9,235,7,228,4.081632653061225,0.40816326530612246,3.6734693877551026,95.91836734693877,2.857142857142857,93.06122448979592
E00185053,485,50,22,28,435,20,415,10.309278350515463,4.536082474226804,5.77319587628866,89.69072164948454,4.123711340206185,85.56701030927834
E00185054,244,36,16,20,208,14,194,14.754098360655737,6.557377049180328,8.19672131147541,85.24590163934425,5.737704918032787,79.50819672131148
E00185055,616,48,20,28,568,14,554,7.792207792207792,3.2467532467532463,4.545454545454546,92.20779220779221,2.272727272727273,89.93506493506493
E00185056,112,11,5,6,101,4,97,9.821428571428571,4.464285714285714,5.357142857142857,90.17857142857143,3.571428571428571,86.60714285714286
E00185059,476,60,30,30,416,18,398,12.605042016806722,6.302521008403361,6.302521008403361,87.39495798319328,3.7815126050420167,83.61344537815127
E00185061,385,54,16,38,331,15,316,14.025974025974024,4.1558441558441555,9.87012987012987,85.97402597402596,3.896103896103896,82.07792207792208
E00185065,440,93,39,54,347,21,326,21.136363636363637,8.863636363636363,12.272727272727273,78.86363636363637,4.772727272727273,74.0909090909091
E00185066,608,53,21,32,555,22,533,8.717105263157894,3.453947368421053,5.263157894736842,91.2828947368421,3.618421052631579,87.66447368421053
E00185067,119,18,6,12,101,4,97,15.126050420168067,5.042016806722689,10.084033613445378,84.87394957983193,3.361344537815126,81.5126050420168
E00185068,105,19,7,12,86,15,71,18.095238095238095,6.666666666666667,11.428571428571429,81.9047619047619,14.285714285714285,67.61904761904762
E00185069,433,46,17,29,387,25,362,10.623556581986143,3.9260969976905313,6.697459584295612,89.37644341801386,5.773672055427252,83.60277136258661
E00185070,282,33,7,26,249,14,235,11.702127659574469,2.4822695035460995,9.219858156028367,88.29787234042553,4.964539007092199,83.33333333333334
E00185071,174,17,9,8,157,12,145,9.770114942528735,5.172413793103448,4.597701149425287,90.22988505747126,6.896551724137931,83.33333333333334
E00185072,276,99,54,45,177,23,154,35.869565217391305,19.565217391304348,16.304347826086957,64.13043478260869,8.333333333333332,55.79710144927537
E00185073,322,37,18,19,285,24,261,11.490683229813664,5.590062111801243,5.900621118012422,88.50931677018633,7.453416149068323,81.05590062111801
E00185074,582,52,23,29,530,26,504,8.934707903780069,3.951890034364261,4.982817869415808,91.06529209621993,4.4673539518900345,86.5979381443299
E00185075,761,91,28,63,670,29,641,11.957950065703022,3.679369250985545,8.278580814717477,88.04204993429697,3.8107752956636007,84.23127463863338
E00185076,435,58,27,31,377,31,346,13.333333333333334,6.206896551724138,7.126436781609195,86.66666666666667,7.126436781609195,79.54022988505747
E00185077,139,18,0,18,121,13,108,12.949640287769784,0,12.949640287769784,87.05035971223022,9.352517985611511,77.6978417266187
E00185079,173,20,4,16,153,16,137,11.560693641618498,2.312138728323699,9.248554913294797,88.4393063583815,9.248554913294797,79.1907514450867
E00185080,476,47,20,27,429,22,407,9.873949579831933,4.201680672268908,5.6722689075630255,90.12605042016807,4.621848739495799,85.50420168067227
E00185081,615,52,18,34,563,36,527,8.455284552845528,2.9268292682926833,5.528455284552845,91.54471544715447,5.853658536585367,85.6910569105691
E00185084,210,11,5,6,199,15,184,5.238095238095238,2.380952380952381,2.857142857142857,94.76190476190476,7.142857142857142,87.61904761904762
E00185085,236,20,11,9,216,17,199,8.47457627118644,4.661016949152542,3.8135593220338984,91.52542372881356,7.203389830508475,84.32203389830508
E00185087,282,40,28,12,242,10,232,14.184397163120568,9.929078014184398,4.25531914893617,85.81560283687944,3.546099290780142,82.26950354609929
E00185088,623,42,15,27,581,23,558,6.741573033707865,2.4077046548956664,4.333868378812198,93.25842696629213,3.6918138041733553,89.56661316211878
E00185089,235,26,15,11,209,12,197,11.063829787234042,6.382978723404255,4.680851063829787,88.93617021276596,5.106382978723404,83.82978723404256
E00185090,838,77,14,63,761,29,732,9.188544152744631,1.6706443914081146,7.517899761336516,90.81145584725537,3.4606205250596656,87.3508353221957
E00185091,472,67,47,20,405,10,395,14.194915254237289,9.957627118644067,4.23728813559322,85.80508474576271,2.11864406779661,83.6864406779661
E00185092,327,47,16,31,280,4,276,14.37308868501529,4.892966360856269,9.480122324159021,85.62691131498471,1.2232415902140672,84.40366972477065
E00185094,205,24,11,13,181,19,162,11.707317073170733,5.365853658536586,6.341463414634147,88.29268292682927,9.268292682926829,79.02439024390245
E00185097,471,92,29,63,379,44,335,19.53290870488323,6.1571125265392785,13.375796178343949,80.46709129511677,9.341825902335456,71.12526539278132
E00185098,391,47,21,26,344,16,328,12.020460358056265,5.3708439897698215,6.649616368286446,87.97953964194375,4.092071611253197,83.88746803069054
E00185099,514,53,13,40,461,31,430,10.311284046692606,2.529182879377432,7.782101167315175,89.6887159533074,6.031128404669261,83.65758754863813
E00185100,369,38,16,22,331,23,308,10.29810298102981,4.336043360433604,5.9620596205962055,89.70189701897019,6.233062330623306,83.46883468834689
E00185101,344,34,10,24,310,13,297,9.883720930232558,2.9069767441860463,6.976744186046512,90.11627906976744,3.77906976744186,86.33720930232558
E00185102,165,15,5,10,150,12,138,9.090909090909092,3.0303030303030303,6.0606060606060606,90.9090909090909,7.2727272727272725,83.63636363636363
E00185103,391,18,8,10,373,10,363,4.603580562659847,2.0460358056265986,2.557544757033248,95.39641943734016,2.557544757033248,92.8388746803069
E00185105,118,17,12,5,101,4,97,14.40677966101695,10.16949152542373,4.23728813559322,85.59322033898306,3.389830508474576,82.20338983050848
E00185106,443,44,22,22,399,9,390,9.932279909706546,4.966139954853273,4.966139954853273,90.06772009029346,2.0316027088036117,88.036117381489845
E00185107,180,39,16,23,141,13,128,21.666666666666668,8.88888888888889,12.777777777777777,78.33333333333333,7.222222222222221,71.11111111111111
E00185108,328,24,4,20,304,16,288,7.317073170731707,1.2195121951219512,6.097560975609756,92.6829268292683,4.878048780487805,87.8048780487805
E00185109,448,13,4,9,435,15,420,2.9017857142857144,0.8928571428571428,2.0089285714285716,97.09821428571429,3.3482142857142856,93.75
E00185110,187,12,2,10,175,6,169,6.417112299465241,1.06951871657754,5.347593582887701,93.58288770053476,3.2085561497326207,90.37433155080214
E00185111,259,64,37,27,195,9,186,24.71042471042471,14.285714285714285,10.424710424710424,75.2895752895753,3.474903474903475,71.81467181467181
E00185113,598,45,17,28,553,40,513,7.5250836120401345,2.842809364548495,4.682274247491638,92.47491638795987,6.688963210702341,85.78595317725753
E00185114,445,56,24,32,389,4,385,12.584269662921349,5.393258426966292,7.191011235955057,87.41573033707866,0.8988764044943821,86.51685393258427
E00185115,446,56,4,52,390,33,357,12.556053811659194,0.8968609865470852,11.659192825112108,87.4439461883408,7.399103139013453,80.04484304932735
E00185116,612,98,34,64,514,23,491,16.013071895424837,5.555555555555555,10.457516339869281,83.98692810457517,3.758169934640523,80.22875816993465
E00185117,362,52,32,20,310,28,282,14.3646408839779,8.83977900552486,5.524861878453039,85.6353591160221,7.734806629834254,77.90055248618785
E00185118,424,69,29,40,355,17,338,16.27358490566038,6.8396226415094334,9.433962264150944,83.72641509433963,4.009433962264151,79.71698113207547
E00185119,248,27,11,16,221,20,201,10.887096774193548,4.435483870967742,6.451612903225806,89.11290322580645,8.064516129032258,81.04838709677419
E00185120,443,196,103,93,247,33,214,44.24379232505643,23.25056433408578,20.993227990970656,55.75620767494357,7.44920993227991,48.306997742663654
E00185121,375,70,32,38,305,22,283,18.666666666666668,8.533333333333333,10.133333333333333,81.33333333333333,5.866666666666666,75.46666666666667
E00185122,196,36,7,29,160,16,144,18.367346938775512,3.571428571428571,14.795918367346939,81.63265306122449,8.16326530612245,73.46938775510205
E00185123,608,65,16,49,543,19,524,10.69078947368421,2.631578947368421,8.05921052631579,89.30921052631578,3.125,86.18421052631578
E00185125,353,55,23,32,298,16,282,15.58073654390935,6.515580736543909,9.06515580736544,84.41926345609065,4.53257790368272,79.88668555240793
E00185127,229,11,4,7,218,13,205,4.8034934497816595,1.7467248908296942,3.056768558951965,95.19650655021834,5.676855895196507,89.51965065502183
E00185129,443,61,31,30,382,12,370,13.769751693002258,6.997742663656885,6.772009029345373,86.23024830699775,2.708803611738149,83.52144469525959
E00185130,150,17,8,9,133,14,119,11.333333333333332,5.333333333333334,6,88.66666666666667,9.333333333333334,79.33333333333333
E00185132,469,23,3,20,446,22,424,4.904051172707889,0.6396588486140725,4.264392324093817,95.0959488272921,4.690831556503198,90.40511727078892
E00185133,189,8,1,7,181,8,173,4.232804232804233,0.5291005291005291,3.7037037037037033,95.76719576719577,4.232804232804233,91.53439153439153
E00185135,530,32,10,22,498,33,465,6.037735849056604,1.8867924528301887,4.150943396226415,93.9622641509434,6.226415094339623,87.73584905660378
E00185136,148,23,8,15,125,9,116,15.54054054054054,5.405405405405405,10.135135135135135,84.45945945945947,6.081081081081082,78.37837837837837
