OA,ts0590001,ts0590002,ts0590003,ts0590004,ts0590005,ts0590006,ts0590007,ts0590002_PCT,ts0590003_PCT,ts0590004_PCT,ts0590005_PCT,ts0590006_PCT,ts0590007_PCT
E00124281,119,38,14,24,81,65,16,31.932773109243694,11.76470588235294,20.168067226890756,68.0672268907563,54.621848739495796,13.445378151260504
E00124282,129,43,14,29,86,78,8,33.33333333333333,10.852713178294573,22.48062015503876,66.66666666666666,60.46511627906976,6.2015503875969
E00124283,123,41,15,26,82,73,9,33.33333333333333,12.195121951219512,21.138211382113823,66.66666666666666,59.34959349593496,7.317073170731707
E00124284,86,23,10,13,63,49,14,26.744186046511626,11.627906976744185,15.11627906976744,73.25581395348837,56.97674418604651,16.27906976744186
E00124285,84,32,10,22,52,41,11,38.095238095238095,11.904761904761903,26.190476190476193,61.904761904761905,48.80952380952381,13.095238095238097
E00124286,97,33,12,21,64,51,13,34.02061855670103,12.371134020618557,21.649484536082475,65.97938144329896,52.57731958762887,13.402061855670103
E00124287,101,37,16,21,64,57,7,36.633663366336634,15.841584158415841,20.792079207920793,63.366336633663366,56.43564356435643,6.9306930693069315
E00124288,52,17,6,11,35,27,8,32.69230769230769,11.538461538461538,21.153846153846153,67.3076923076923,51.92307692307693,15.384615384615385
E00124289,137,46,16,30,91,74,17,33.57664233576642,11.678832116788321,21.897810218978105,66.42335766423358,54.01459854014598,12.408759124087592
E00124290,92,35,10,25,57,44,13,38.04347826086957,10.869565217391305,27.173913043478258,61.95652173913043,47.82608695652174,14.130434782608695
E00124291,68,27,9,18,41,38,3,39.705882352941174,13.23529411764706,26.47058823529412,60.29411764705882,55.88235294117647,4.411764705882353
E00124292,70,17,7,10,53,44,9,24.285714285714285,10,14.285714285714285,75.71428571428571,62.857142857142854,12.857142857142856
E00124293,94,35,15,20,59,42,17,37.234042553191486,15.957446808510639,21.27659574468085,62.76595744680851,44.680851063829785,18.085106382978726
E00124294,107,38,13,25,69,57,12,35.51401869158878,12.149532710280374,23.364485981308412,64.48598130841121,53.271028037383175,11.214953271028037
E00124295,172,56,10,46,116,90,26,32.55813953488372,5.813953488372093,26.744186046511626,67.44186046511628,52.32558139534884,15.11627906976744
E00124296,114,28,9,19,86,69,17,24.561403508771928,7.894736842105263,16.666666666666664,75.43859649122807,60.526315789473685,14.912280701754385
E00124297,60,21,3,18,39,32,7,35,5,30,65,53.333333333333336,11.666666666666666
E00124298,69,21,7,14,48,40,8,30.434782608695656,10.144927536231885,20.28985507246377,69.56521739130434,57.971014492753625,11.594202898550725
E00124299,59,21,6,15,38,34,4,35.59322033898305,10.16949152542373,25.423728813559322,64.40677966101694,57.6271186440678,6.779661016949152
E00124300,66,26,8,18,40,31,9,39.39393939393939,12.121212121212121,27.27272727272727,60.60606060606061,46.96969696969697,13.636363636363635
E00124301,116,29,8,21,87,74,13,25,6.896551724137931,18.103448275862068,75,63.793103448275865,11.206896551724139
E00124302,116,41,18,23,75,64,11,35.3448275862069,15.517241379310345,19.82758620689655,64.65517241379311,55.172413793103445,9.482758620689655
E00124303,134,47,16,31,87,69,18,35.07462686567165,11.940298507462686,23.134328358208954,64.92537313432835,51.49253731343284,13.432835820895523
E00124304,147,57,27,30,90,67,23,38.775510204081634,18.367346938775512,20.408163265306122,61.224489795918366,45.57823129251701,15.646258503401361
E00124305,139,46,24,22,93,73,20,33.093525179856115,17.26618705035971,15.827338129496402,66.90647482014388,52.51798561151079,14.388489208633093
E00124306,89,32,8,24,57,42,15,35.95505617977528,8.98876404494382,26.96629213483146,64.04494382022472,47.19101123595505,16.853932584269664
E00124307,140,52,20,32,88,62,26,37.142857142857146,14.285714285714285,22.857142857142858,62.857142857142854,44.285714285714285,18.571428571428573
E00124308,117,40,18,22,77,50,27,34.18803418803419,15.384615384615385,18.803418803418804,65.8119658119658,42.73504273504273,23.076923076923077
E00124309,132,56,17,39,76,62,14,42.42424242424242,12.878787878787879,29.545454545454547,57.57575757575758,46.96969696969697,10.606060606060606
E00124310,152,42,13,29,110,92,18,27.631578947368425,8.552631578947368,19.078947368421055,72.36842105263158,60.526315789473685,11.842105263157894
E00124311,168,48,12,36,120,101,19,28.57142857142857,7.142857142857142,21.428571428571427,71.42857142857143,60.11904761904761,11.30952380952381
E00124312,107,28,8,20,79,62,17,26.168224299065418,7.476635514018691,18.69158878504673,73.83177570093457,57.943925233644855,15.887850467289718
E00124313,150,49,17,32,101,79,22,32.666666666666664,11.333333333333332,21.333333333333336,67.33333333333333,52.666666666666664,14.666666666666666
E00124314,167,51,17,34,116,103,13,30.538922155688624,10.179640718562874,20.359281437125748,69.46107784431138,61.67664670658682,7.784431137724551
E00124315,193,65,20,45,128,115,13,33.67875647668394,10.362694300518134,23.316062176165804,66.32124352331607,59.58549222797927,6.7357512953367875
E00124316,172,35,13,22,137,128,9,20.348837209302324,7.55813953488372,12.790697674418606,79.65116279069767,74.4186046511628,5.232558139534884
E00124317,122,37,11,26,85,73,12,30.327868852459016,9.01639344262295,21.311475409836063,69.67213114754098,59.83606557377049,9.836065573770492
E00124318,176,60,18,42,116,101,15,34.090909090909086,10.227272727272728,23.863636363636363,65.9090909090909,57.38636363636363,8.522727272727272
E00124319,184,67,25,42,117,102,15,36.41304347826087,13.586956521739129,22.82608695652174,63.58695652173913,55.434782608695656,8.152173913043478
E00124320,191,60,18,42,131,120,11,31.413612565445025,9.424083769633508,21.98952879581152,68.58638743455498,62.82722513089005,5.7591623036649215
E00124321,210,46,21,25,164,131,33,21.904761904761905,10,11.904761904761903,78.0952380952381,62.38095238095238,15.714285714285714
E00124322,145,53,14,39,92,78,14,36.55172413793103,9.655172413793103,26.89655172413793,63.44827586206897,53.79310344827586,9.655172413793103
E00124323,80,26,9,17,54,45,9,32.5,11.25,21.25,67.5,56.25,11.25
E00124324,183,60,19,41,123,108,15,32.78688524590164,10.382513661202186,22.404371584699454,67.21311475409836,59.01639344262295,8.19672131147541
E00124325,264,88,29,59,176,139,37,33.33333333333333,10.984848484848484,22.348484848484848,66.66666666666666,52.65151515151515,14.015151515151514
E00124326,220,61,17,44,159,139,20,27.727272727272727,7.727272727272727,20,72.27272727272728,63.18181818181819,9.090909090909092
E00124327,240,66,25,41,174,151,23,27.500000000000004,10.416666666666668,17.083333333333332,72.5,62.916666666666664,9.583333333333334
E00124328,171,48,17,31,123,104,19,28.07017543859649,9.941520467836257,18.128654970760234,71.9298245614035,60.81871345029239,11.11111111111111
E00124329,194,53,13,40,141,119,22,27.31958762886598,6.701030927835052,20.618556701030926,72.68041237113401,61.34020618556701,11.34020618556701
E00124330,164,61,22,39,103,73,30,37.19512195121951,13.414634146341465,23.78048780487805,62.80487804878049,44.51219512195122,18.29268292682927
E00124332,200,69,23,46,131,116,15,34.5,11.5,23,65.5,57.99999999999999,7.5
E00124333,147,50,15,35,97,81,16,34.01360544217687,10.204081632653061,23.809523809523807,65.98639455782312,55.10204081632652,10.884353741496598
E00124334,104,36,10,26,68,52,16,34.61538461538461,9.615384615384617,25,65.38461538461539,50,15.384615384615385
E00124335,128,55,19,36,73,66,7,42.96875,14.84375,28.125,57.03125,51.5625,5.46875
E00124336,130,35,12,23,95,79,16,26.923076923076923,9.230769230769232,17.692307692307693,73.07692307692307,60.76923076923077,12.307692307692308
E00124337,128,39,17,22,89,80,9,30.46875,13.28125,17.1875,69.53125,62.5,7.03125
E00124338,127,41,11,30,86,76,10,32.28346456692913,8.661417322834646,23.62204724409449,67.71653543307087,59.84251968503938,7.874015748031496
E00124339,152,67,26,41,85,75,10,44.07894736842105,17.105263157894736,26.973684210526315,55.92105263157895,49.34210526315789,6.578947368421052
E00124340,73,25,7,18,48,44,4,34.24657534246575,9.58904109589041,24.65753424657534,65.75342465753424,60.273972602739725,5.47945205479452
E00124341,164,55,14,41,109,84,25,33.53658536585366,8.536585365853659,25,66.46341463414635,51.21951219512195,15.24390243902439
E00124342,150,56,14,42,94,84,10,37.333333333333336,9.333333333333334,28.000000000000004,62.66666666666667,56.00000000000001,6.666666666666667
E00124343,119,44,18,26,75,64,11,36.97478991596639,15.126050420168067,21.84873949579832,63.02521008403361,53.78151260504202,9.243697478991598
E00124344,109,36,11,25,73,62,11,33.02752293577982,10.091743119266056,22.93577981651376,66.97247706422019,56.88073394495413,10.091743119266056
E00124345,159,52,17,35,107,90,17,32.70440251572327,10.69182389937107,22.0125786163522,67.29559748427673,56.60377358490566,10.69182389937107
E00124346,105,39,9,30,66,57,9,37.142857142857146,8.571428571428571,28.57142857142857,62.857142857142854,54.285714285714285,8.571428571428571
E00124347,109,28,9,19,81,70,11,25.688073394495415,8.256880733944955,17.431192660550458,74.31192660550458,64.22018348623854,10.091743119266056
E00124348,123,41,15,26,82,70,12,33.33333333333333,12.195121951219512,21.138211382113823,66.66666666666666,56.91056910569105,9.75609756097561
E00124349,134,49,15,34,85,72,13,36.56716417910448,11.194029850746269,25.37313432835821,63.43283582089553,53.73134328358209,9.701492537313433
E00124350,154,44,14,30,110,104,6,28.57142857142857,9.090909090909092,19.480519480519483,71.42857142857143,67.53246753246754,3.896103896103896
E00124351,68,21,7,14,47,38,9,30.88235294117647,10.294117647058822,20.588235294117645,69.11764705882352,55.88235294117647,13.23529411764706
E00124352,152,50,11,39,102,84,18,32.89473684210527,7.236842105263158,25.657894736842106,67.10526315789474,55.26315789473685,11.842105263157894
E00124353,132,37,12,25,95,81,14,28.030303030303028,9.090909090909092,18.939393939393938,71.96969696969697,61.36363636363637,10.606060606060606
E00124354,124,43,20,23,81,75,6,34.67741935483871,16.129032258064516,18.548387096774192,65.32258064516128,60.483870967741936,4.838709677419355
E00124355,165,52,10,42,113,97,16,31.515151515151512,6.0606060606060606,25.454545454545453,68.48484848484848,58.78787878787879,9.696969696969697
E00124356,149,47,17,30,102,94,8,31.543624161073826,11.409395973154362,20.13422818791946,68.45637583892618,63.08724832214765,5.369127516778524
E00124357,138,32,6,26,106,91,15,23.18840579710145,4.3478260869565215,18.84057971014493,76.81159420289855,65.94202898550725,10.869565217391305
E00124358,153,52,20,32,101,90,11,33.98692810457516,13.071895424836603,20.915032679738562,66.01307189542483,58.82352941176471,7.18954248366013
E00124359,161,56,15,41,105,79,26,34.78260869565217,9.316770186335404,25.465838509316768,65.21739130434783,49.06832298136646,16.149068322981368
E00124360,158,59,16,43,99,87,12,37.34177215189873,10.126582278481013,27.21518987341772,62.65822784810127,55.06329113924051,7.59493670886076
E00124361,145,46,13,33,99,90,9,31.724137931034484,8.96551724137931,22.758620689655174,68.27586206896552,62.06896551724138,6.206896551724138
E00124362,146,49,18,31,97,85,12,33.56164383561644,12.32876712328767,21.232876712328768,66.43835616438356,58.21917808219178,8.21917808219178
E00124363,130,48,16,32,82,68,14,36.92307692307693,12.307692307692308,24.615384615384617,63.07692307692307,52.307692307692314,10.76923076923077
E00124364,191,63,24,39,128,112,16,32.98429319371728,12.56544502617801,20.418848167539267,67.01570680628272,58.63874345549738,8.37696335078534
E00124365,173,56,22,34,117,103,14,32.369942196531795,12.716763005780345,19.653179190751445,67.63005780346822,59.53757225433526,8.092485549132949
E00124366,153,51,18,33,102,87,15,33.33333333333333,11.76470588235294,21.568627450980394,66.66666666666666,56.86274509803921,9.803921568627452
E00124367,117,50,8,42,67,56,11,42.73504273504273,6.837606837606838,35.8974358974359,57.26495726495726,47.863247863247864,9.401709401709402
E00124368,100,34,7,27,66,57,9,34,7.000000000000001,27,66,56.99999999999999,9
E00124369,156,60,22,38,96,81,15,38.46153846153847,14.102564102564102,24.358974358974358,61.53846153846154,51.92307692307693,9.615384615384617
E00124370,100,43,11,32,57,49,8,43,11,32,56.99999999999999,49,8
E00124371,155,56,18,38,99,81,18,36.12903225806451,11.612903225806452,24.516129032258064,63.87096774193548,52.25806451612903,11.612903225806452
E00124372,78,25,9,16,53,44,9,32.05128205128205,11.538461538461538,20.51282051282051,67.94871794871796,56.41025641025641,11.538461538461538
E00124373,72,25,5,20,47,42,5,34.72222222222222,6.944444444444445,27.77777777777778,65.27777777777779,58.333333333333336,6.944444444444445
E00124374,133,46,16,30,87,80,7,34.58646616541353,12.030075187969924,22.55639097744361,65.41353383458647,60.150375939849624,5.263157894736842
E00124375,116,35,8,27,81,72,9,30.17241379310345,6.896551724137931,23.275862068965516,69.82758620689656,62.06896551724138,7.758620689655173
E00124376,152,43,12,31,109,87,22,28.289473684210524,7.894736842105263,20.394736842105264,71.71052631578947,57.23684210526315,14.473684210526317
E00124377,118,43,17,26,75,64,11,36.440677966101696,14.40677966101695,22.033898305084744,63.559322033898304,54.23728813559322,9.322033898305085
E00124378,133,45,11,34,88,71,17,33.83458646616541,8.270676691729323,25.563909774436087,66.16541353383458,53.383458646616546,12.781954887218044
E00124379,108,34,9,25,74,63,11,31.48148148148148,8.333333333333332,23.14814814814815,68.51851851851852,58.333333333333336,10.185185185185185
E00124380,117,43,12,31,74,67,7,36.75213675213676,10.256410256410255,26.495726495726498,63.24786324786324,57.26495726495726,5.982905982905983
E00124381,152,51,18,33,101,90,11,33.55263157894737,11.842105263157894,21.710526315789476,66.44736842105263,59.210526315789465,7.236842105263158
E00124382,135,41,12,29,94,84,10,30.37037037037037,8.88888888888889,21.48148148148148,69.62962962962963,62.22222222222222,7.4074074074074066
E00124383,133,49,13,36,84,71,13,36.84210526315789,9.774436090225564,27.06766917293233,63.1578947368421,53.383458646616546,9.774436090225564
E00124384,180,45,19,26,135,104,31,25,10.555555555555555,14.444444444444443,75,57.77777777777777,17.22222222222222
E00124386,156,56,24,32,100,82,18,35.8974358974359,15.384615384615385,20.51282051282051,64.1025641025641,52.56410256410257,11.538461538461538
E00124387,131,23,9,14,108,97,11,17.557251908396946,6.870229007633588,10.687022900763358,82.44274809160305,74.04580152671755,8.396946564885496
E00124388,155,46,15,31,109,92,17,29.677419354838708,9.67741935483871,20,70.3225806451613,59.354838709677416,10.967741935483872
E00124389,85,22,8,14,63,53,10,25.882352941176475,9.411764705882353,16.470588235294116,74.11764705882354,62.35294117647059,11.76470588235294
E00124390,125,51,12,39,74,67,7,40.8,9.6,31.2,59.199999999999996,53.6,5.6000000000000005
E00124391,92,42,15,27,50,43,7,45.65217391304348,16.304347826086957,29.347826086956523,54.347826086956516,46.73913043478261,7.608695652173914
E00124392,87,34,11,23,53,45,8,39.08045977011494,12.643678160919542,26.436781609195403,60.91954022988506,51.724137931034484,9.195402298850574
E00124393,131,44,13,31,87,78,9,33.587786259541986,9.923664122137405,23.66412213740458,66.41221374045801,59.541984732824424,6.870229007633588
E00124394,51,18,5,13,33,26,7,35.294117647058826,9.803921568627452,25.49019607843137,64.70588235294117,50.98039215686274,13.725490196078432
E00124396,154,40,13,27,114,98,16,25.97402597402597,8.441558441558442,17.532467532467532,74.02597402597402,63.63636363636363,10.38961038961039
E00124397,132,37,4,33,95,80,15,28.030303030303028,3.0303030303030303,25,71.96969696969697,60.60606060606061,11.363636363636363
E00124398,229,61,24,37,168,145,23,26.637554585152838,10.480349344978166,16.157205240174672,73.36244541484717,63.31877729257642,10.043668122270741
E00124399,153,36,19,17,117,105,12,23.52941176470588,12.418300653594772,11.11111111111111,76.47058823529412,68.62745098039215,7.8431372549019605
E00124400,138,44,16,28,94,80,14,31.88405797101449,11.594202898550725,20.28985507246377,68.11594202898551,57.971014492753625,10.144927536231885
E00124401,166,61,22,39,105,93,12,36.74698795180723,13.253012048192772,23.49397590361446,63.25301204819277,56.024096385542165,7.228915662650602
E00124403,56,21,5,16,35,29,6,37.5,8.928571428571429,28.57142857142857,62.5,51.78571428571429,10.714285714285714
E00124404,128,40,13,27,88,77,11,31.25,10.15625,21.09375,68.75,60.15625,8.59375
E00124405,128,23,9,14,105,89,16,17.96875,7.03125,10.9375,82.03125,69.53125,12.5
E00124406,94,29,16,13,65,47,18,30.851063829787233,17.02127659574468,13.829787234042554,69.14893617021278,50,19.148936170212767
E00124407,182,51,21,30,131,106,25,28.021978021978022,11.538461538461538,16.483516483516482,71.97802197802197,58.24175824175825,13.736263736263737
E00124408,109,32,14,18,77,64,13,29.357798165137616,12.844036697247708,16.51376146788991,70.64220183486239,58.71559633027523,11.926605504587156
E00124410,142,33,9,24,109,90,19,23.239436619718308,6.338028169014084,16.901408450704224,76.76056338028168,63.38028169014085,13.380281690140844
E00124411,139,49,15,34,90,75,15,35.25179856115108,10.79136690647482,24.46043165467626,64.74820143884892,53.956834532374096,10.79136690647482
E00124412,144,30,14,16,114,92,22,20.833333333333336,9.722222222222223,11.11111111111111,79.16666666666666,63.888888888888886,15.277777777777779
E00124413,128,29,16,13,99,80,19,22.65625,12.5,10.15625,77.34375,62.5,14.84375
E00124414,139,34,10,24,105,87,18,24.46043165467626,7.1942446043165464,17.26618705035971,75.53956834532374,62.589928057553955,12.949640287769784
E00124415,185,65,28,37,120,97,23,35.13513513513514,15.135135135135137,20,64.86486486486487,52.43243243243243,12.432432432432433
E00124416,175,32,13,19,143,116,27,18.285714285714285,7.428571428571429,10.857142857142858,81.71428571428572,66.28571428571428,15.428571428571427
E00124417,134,36,9,27,98,86,12,26.865671641791046,6.7164179104477615,20.149253731343283,73.13432835820896,64.17910447761194,8.955223880597014
E00124418,29,13,4,9,16,13,3,44.827586206896555,13.793103448275861,31.03448275862069,55.172413793103445,44.827586206896555,10.344827586206897
E00124419,236,80,22,58,156,136,20,33.89830508474576,9.322033898305085,24.576271186440678,66.10169491525424,57.6271186440678,8.47457627118644
E00124420,174,75,31,44,99,88,11,43.103448275862064,17.81609195402299,25.287356321839084,56.896551724137936,50.57471264367817,6.321839080459771
E00124421,168,46,16,30,122,99,23,27.380952380952383,9.523809523809524,17.857142857142858,72.61904761904762,58.92857142857143,13.690476190476192
E00124422,154,47,16,31,107,90,17,30.519480519480517,10.38961038961039,20.12987012987013,69.48051948051948,58.44155844155844,11.03896103896104
E00124423,138,45,13,32,93,76,17,32.608695652173914,9.420289855072465,23.18840579710145,67.3913043478261,55.072463768115945,12.318840579710146
E00124424,154,48,20,28,106,90,16,31.16883116883117,12.987012987012985,18.181818181818183,68.83116883116884,58.44155844155844,10.38961038961039
E00124425,156,55,23,32,101,82,19,35.256410256410255,14.743589743589745,20.51282051282051,64.74358974358975,52.56410256410257,12.179487179487179
E00124426,137,45,12,33,92,76,16,32.846715328467155,8.75912408759124,24.087591240875913,67.15328467153284,55.47445255474452,11.678832116788321
E00124427,151,51,26,25,100,74,26,33.77483443708609,17.218543046357617,16.55629139072848,66.22516556291392,49.00662251655629,17.218543046357617
E00124428,178,52,23,29,126,111,15,29.213483146067414,12.921348314606742,16.292134831460675,70.78651685393258,62.35955056179775,8.426966292134832
E00124429,156,41,9,32,115,107,8,26.282051282051285,5.769230769230769,20.51282051282051,73.71794871794873,68.58974358974359,5.128205128205128
E00124430,135,45,16,29,90,73,17,33.33333333333333,11.851851851851853,21.48148148148148,66.66666666666666,54.074074074074076,12.592592592592592
E00124431,156,59,25,34,97,82,15,37.82051282051282,16.025641025641026,21.794871794871796,62.17948717948718,52.56410256410257,9.615384615384617
E00124432,183,53,21,32,130,109,21,28.96174863387978,11.475409836065573,17.48633879781421,71.03825136612022,59.56284153005464,11.475409836065573
E00124433,178,53,17,36,125,106,19,29.775280898876407,9.550561797752808,20.224719101123593,70.2247191011236,59.55056179775281,10.674157303370785
E00124434,158,51,19,32,107,82,25,32.278481012658226,12.025316455696203,20.253164556962027,67.72151898734177,51.89873417721519,15.822784810126583
E00124435,186,52,17,35,134,110,24,27.956989247311824,9.13978494623656,18.817204301075268,72.04301075268818,59.13978494623656,12.903225806451612
E00124436,127,31,8,23,96,86,10,24.409448818897637,6.299212598425196,18.11023622047244,75.59055118110236,67.71653543307087,7.874015748031496
E00124437,117,42,20,22,75,71,4,35.8974358974359,17.094017094017094,18.803418803418804,64.1025641025641,60.68376068376068,3.418803418803419
E00124438,195,63,22,41,132,111,21,32.30769230769231,11.282051282051283,21.025641025641026,67.6923076923077,56.92307692307692,10.76923076923077
E00124439,115,42,8,34,73,68,5,36.52173913043478,6.956521739130435,29.565217391304348,63.47826086956522,59.130434782608695,4.3478260869565215
E00124440,159,54,13,41,105,87,18,33.9622641509434,8.176100628930817,25.78616352201258,66.0377358490566,54.71698113207547,11.320754716981133
E00124441,110,42,16,26,68,55,13,38.18181818181819,14.545454545454545,23.636363636363637,61.81818181818181,50,11.818181818181818
E00124442,111,20,7,13,91,77,14,18.01801801801802,6.306306306306306,11.711711711711711,81.98198198198197,69.36936936936937,12.612612612612612
E00124443,104,27,9,18,77,69,8,25.961538461538463,8.653846153846153,17.307692307692307,74.03846153846155,66.34615384615384,7.6923076923076925
E00124444,165,54,20,34,111,87,24,32.72727272727273,12.121212121212121,20.606060606060606,67.27272727272727,52.72727272727272,14.545454545454545
E00124445,192,69,20,49,123,106,17,35.9375,10.416666666666668,25.520833333333332,64.0625,55.208333333333336,8.854166666666668
E00124446,281,89,28,61,192,154,38,31.672597864768683,9.9644128113879,21.70818505338078,68.32740213523132,54.804270462633454,13.523131672597867
E00124447,150,41,13,28,109,98,11,27.333333333333332,8.666666666666668,18.666666666666668,72.66666666666667,65.33333333333333,7.333333333333333
E00124448,160,41,17,24,119,105,14,25.624999999999996,10.625,15,74.375,65.625,8.75
E00124449,151,40,17,23,111,91,20,26.490066225165563,11.258278145695364,15.2317880794702,73.50993377483444,60.264900662251655,13.245033112582782
E00124450,171,48,18,30,123,113,10,28.07017543859649,10.526315789473683,17.543859649122805,71.9298245614035,66.08187134502924,5.847953216374268
E00124451,165,41,14,27,124,110,14,24.848484848484848,8.484848484848486,16.363636363636363,75.15151515151514,66.66666666666666,8.484848484848486
E00124452,226,72,24,48,154,136,18,31.858407079646017,10.619469026548673,21.238938053097346,68.14159292035397,60.17699115044248,7.964601769911504
E00124453,156,52,25,27,104,86,18,33.33333333333333,16.025641025641026,17.307692307692307,66.66666666666666,55.12820512820513,11.538461538461538
E00124454,131,37,15,22,94,74,20,28.24427480916031,11.450381679389313,16.793893129770993,71.7557251908397,56.48854961832062,15.267175572519085
E00124455,186,58,19,39,128,112,16,31.182795698924732,10.21505376344086,20.967741935483872,68.81720430107528,60.215053763440864,8.60215053763441
E00124456,199,66,23,43,133,118,15,33.165829145728644,11.557788944723619,21.608040201005025,66.83417085427136,59.2964824120603,7.537688442211055
E00124458,83,32,9,23,51,41,10,38.55421686746988,10.843373493975903,27.710843373493976,61.44578313253012,49.39759036144578,12.048192771084338
E00124459,153,44,17,27,109,88,21,28.75816993464052,11.11111111111111,17.647058823529413,71.24183006535948,57.51633986928104,13.725490196078432
E00124460,92,32,8,24,60,54,6,34.78260869565217,8.695652173913043,26.08695652173913,65.21739130434783,58.69565217391305,6.521739130434782
E00124461,139,48,22,26,91,78,13,34.53237410071942,15.827338129496402,18.705035971223023,65.46762589928058,56.11510791366906,9.352517985611511
E00124462,124,44,24,20,80,56,24,35.483870967741936,19.35483870967742,16.129032258064516,64.51612903225806,45.16129032258064,19.35483870967742
E00124463,151,64,29,35,87,67,20,42.384105960264904,19.205298013245034,23.178807947019866,57.615894039735096,44.370860927152314,13.245033112582782
E00124464,75,23,12,11,52,41,11,30.666666666666664,16,14.666666666666666,69.33333333333334,54.666666666666664,14.666666666666666
E00124465,120,39,13,26,81,65,16,32.5,10.833333333333334,21.666666666666668,67.5,54.166666666666664,13.333333333333334
E00124466,103,38,15,23,65,52,13,36.89320388349515,14.563106796116504,22.330097087378643,63.10679611650486,50.48543689320388,12.62135922330097
E00124467,147,52,14,38,95,81,14,35.374149659863946,9.523809523809524,25.850340136054424,64.62585034013605,55.10204081632652,9.523809523809524
E00124468,108,32,15,17,76,60,16,29.629629629629626,13.88888888888889,15.74074074074074,70.37037037037037,55.55555555555556,14.814814814814813
E00124469,93,31,10,21,62,53,9,33.33333333333333,10.75268817204301,22.58064516129032,66.66666666666666,56.98924731182796,9.67741935483871
E00124470,103,31,12,19,72,54,18,30.097087378640776,11.650485436893204,18.446601941747574,69.90291262135922,52.42718446601942,17.475728155339805
E00124471,159,49,23,26,110,91,19,30.81761006289308,14.465408805031446,16.352201257861633,69.18238993710692,57.23270440251572,11.949685534591195
E00124472,97,31,14,17,66,61,5,31.958762886597935,14.432989690721648,17.525773195876287,68.04123711340206,62.88659793814433,5.154639175257731
E00124473,135,45,24,21,90,62,28,33.33333333333333,17.77777777777778,15.555555555555555,66.66666666666666,45.925925925925924,20.74074074074074
E00124474,130,44,27,17,86,64,22,33.84615384615385,20.76923076923077,13.076923076923078,66.15384615384615,49.23076923076923,16.923076923076923
E00124475,117,46,16,30,71,58,13,39.31623931623932,13.675213675213676,25.64102564102564,60.68376068376068,49.572649572649574,11.11111111111111
E00124476,136,43,15,28,93,71,22,31.61764705882353,11.029411764705882,20.588235294117645,68.38235294117648,52.20588235294118,16.176470588235293
E00124477,83,32,14,18,51,44,7,38.55421686746988,16.867469879518072,21.686746987951807,61.44578313253012,53.01204819277109,8.433734939759036
E00124478,45,18,5,13,27,26,1,40,11.11111111111111,28.888888888888886,60,57.77777777777777,2.2222222222222223
E00124479,104,40,16,24,64,54,10,38.46153846153847,15.384615384615385,23.076923076923077,61.53846153846154,51.92307692307693,9.615384615384617
E00124480,111,33,13,20,78,66,12,29.72972972972973,11.711711711711711,18.01801801801802,70.27027027027027,59.45945945945946,10.81081081081081
E00124481,84,33,12,21,51,44,7,39.285714285714285,14.285714285714285,25,60.71428571428571,52.38095238095239,8.333333333333332
E00124482,119,42,13,29,77,66,11,35.294117647058826,10.92436974789916,24.369747899159663,64.70588235294117,55.46218487394958,9.243697478991598
E00124483,111,46,22,24,65,57,8,41.44144144144144,19.81981981981982,21.62162162162162,58.55855855855856,51.35135135135135,7.207207207207207
E00124484,58,25,14,11,33,27,6,43.103448275862064,24.137931034482758,18.96551724137931,56.896551724137936,46.55172413793103,10.344827586206897
E00124485,40,14,2,12,26,16,10,35,5,30,65,40,25
E00124486,115,41,18,23,74,67,7,35.65217391304348,15.65217391304348,20,64.34782608695652,58.26086956521739,6.086956521739131
E00124487,43,17,5,12,26,15,11,39.53488372093023,11.627906976744185,27.906976744186046,60.46511627906976,34.883720930232556,25.581395348837212
E00124488,115,55,24,31,60,46,14,47.82608695652174,20.869565217391305,26.956521739130434,52.17391304347826,40,12.173913043478262
E00124489,108,44,18,26,64,55,9,40.74074074074074,16.666666666666664,24.074074074074073,59.25925925925925,50.92592592592593,8.333333333333332
E00124490,108,37,15,22,71,59,12,34.25925925925926,13.88888888888889,20.37037037037037,65.74074074074075,54.629629629629626,11.11111111111111
E00124491,124,41,13,28,83,71,12,33.064516129032256,10.483870967741936,22.58064516129032,66.93548387096774,57.25806451612904,9.67741935483871
E00124492,135,63,27,36,72,55,17,46.666666666666664,20,26.666666666666668,53.333333333333336,40.74074074074074,12.592592592592592
E00124493,172,59,22,37,113,90,23,34.30232558139535,12.790697674418606,21.511627906976745,65.69767441860465,52.32558139534884,13.372093023255813
E00124494,148,55,25,30,93,78,15,37.16216216216216,16.89189189189189,20.27027027027027,62.83783783783784,52.702702702702695,10.135135135135135
E00124495,145,47,20,27,98,86,12,32.41379310344827,13.793103448275861,18.620689655172416,67.58620689655173,59.310344827586206,8.275862068965518
E00124496,135,47,15,32,88,65,23,34.81481481481482,11.11111111111111,23.703703703703706,65.18518518518519,48.148148148148145,17.037037037037038
E00124497,84,23,10,13,61,51,10,27.380952380952383,11.904761904761903,15.476190476190476,72.61904761904762,60.71428571428571,11.904761904761903
E00124498,121,44,24,20,77,62,15,36.36363636363637,19.834710743801654,16.528925619834713,63.63636363636363,51.2396694214876,12.396694214876034
E00124499,75,27,15,12,48,39,9,36,20,16,64,52,12
E00124500,108,34,11,23,74,60,14,31.48148148148148,10.185185185185185,21.296296296296298,68.51851851851852,55.55555555555556,12.962962962962962
E00124501,177,53,14,39,124,100,24,29.943502824858758,7.909604519774012,22.033898305084744,70.05649717514125,56.49717514124294,13.559322033898304
E00124503,90,25,7,18,65,57,8,27.77777777777778,7.777777777777778,20,72.22222222222221,63.33333333333333,8.88888888888889
E00124504,138,54,17,37,84,69,15,39.130434782608695,12.318840579710146,26.811594202898554,60.86956521739131,50,10.869565217391305
E00124505,83,29,7,22,54,48,6,34.93975903614458,8.433734939759036,26.506024096385545,65.06024096385542,57.831325301204814,7.228915662650602
E00124506,131,46,11,35,85,72,13,35.11450381679389,8.396946564885496,26.717557251908396,64.8854961832061,54.961832061068705,9.923664122137405
E00124507,108,35,16,19,73,59,14,32.407407407407405,14.814814814814813,17.59259259259259,67.5925925925926,54.629629629629626,12.962962962962962
E00124508,62,18,7,11,44,34,10,29.03225806451613,11.29032258064516,17.741935483870968,70.96774193548387,54.83870967741935,16.129032258064516
E00124509,86,27,7,20,59,47,12,31.3953488372093,8.13953488372093,23.25581395348837,68.6046511627907,54.65116279069767,13.953488372093023
E00124510,194,48,16,32,146,119,27,24.742268041237114,8.24742268041237,16.49484536082474,75.25773195876289,61.34020618556701,13.917525773195877
E00124511,110,39,18,21,71,54,17,35.45454545454545,16.363636363636363,19.090909090909093,64.54545454545455,49.09090909090909,15.454545454545453
E00124512,130,41,17,24,89,75,14,31.538461538461537,13.076923076923078,18.461538461538463,68.46153846153847,57.692307692307686,10.76923076923077
E00124513,113,36,16,20,77,67,10,31.858407079646017,14.15929203539823,17.699115044247787,68.14159292035397,59.29203539823009,8.849557522123893
E00124514,114,32,16,16,82,70,12,28.07017543859649,14.035087719298245,14.035087719298245,71.9298245614035,61.40350877192983,10.526315789473683
E00124515,122,41,14,27,81,71,10,33.60655737704918,11.475409836065573,22.131147540983605,66.39344262295081,58.19672131147541,8.19672131147541
E00124516,137,43,15,28,94,74,20,31.386861313868614,10.948905109489052,20.437956204379564,68.61313868613139,54.01459854014598,14.5985401459854
E00124517,115,29,14,15,86,75,11,25.217391304347824,12.173913043478262,13.043478260869565,74.78260869565217,65.21739130434783,9.565217391304348
E00124518,232,71,31,40,161,138,23,30.603448275862068,13.36206896551724,17.24137931034483,69.39655172413794,59.48275862068966,9.913793103448276
E00124519,90,19,5,14,71,57,14,21.11111111111111,5.555555555555555,15.555555555555555,78.88888888888889,63.33333333333333,15.555555555555555
E00124520,143,50,14,36,93,79,14,34.96503496503497,9.79020979020979,25.174825174825177,65.03496503496503,55.24475524475524,9.79020979020979
E00124521,138,49,16,33,89,68,21,35.507246376811594,11.594202898550725,23.91304347826087,64.4927536231884,49.275362318840585,15.217391304347828
E00124522,176,63,27,36,113,90,23,35.79545454545455,15.340909090909092,20.454545454545457,64.20454545454545,51.13636363636363,13.068181818181818
E00124523,131,38,18,20,93,75,18,29.00763358778626,13.740458015267176,15.267175572519085,70.99236641221374,57.25190839694656,13.740458015267176
E00124524,162,53,20,33,109,88,21,32.71604938271605,12.345679012345679,20.37037037037037,67.28395061728395,54.32098765432099,12.962962962962962
E00124525,125,37,18,19,88,76,12,29.599999999999998,14.399999999999999,15.2,70.39999999999999,60.8,9.6
E00124526,130,40,18,22,90,71,19,30.76923076923077,13.846153846153847,16.923076923076923,69.23076923076923,54.61538461538461,14.615384615384617
E00124527,183,62,20,42,121,93,28,33.87978142076503,10.92896174863388,22.950819672131146,66.12021857923497,50.81967213114754,15.300546448087433
E00124528,112,33,12,21,79,68,11,29.464285714285715,10.714285714285714,18.75,70.53571428571429,60.71428571428571,9.821428571428571
E00124529,120,34,9,25,86,70,16,28.333333333333332,7.5,20.833333333333336,71.66666666666667,58.333333333333336,13.333333333333334
E00124530,125,34,7,27,91,72,19,27.200000000000003,5.6000000000000005,21.6,72.8,57.599999999999994,15.2
E00124531,85,28,12,16,57,50,7,32.94117647058823,14.117647058823529,18.823529411764707,67.05882352941175,58.82352941176471,8.235294117647058
E00124532,134,38,15,23,96,79,17,28.35820895522388,11.194029850746269,17.16417910447761,71.64179104477611,58.95522388059702,12.686567164179104
E00124533,159,58,20,38,101,80,21,36.477987421383645,12.578616352201259,23.89937106918239,63.52201257861635,50.314465408805034,13.20754716981132
E00124534,126,37,10,27,89,75,14,29.365079365079367,7.936507936507936,21.428571428571427,70.63492063492063,59.523809523809526,11.11111111111111
E00124535,82,23,8,15,59,53,6,28.04878048780488,9.75609756097561,18.29268292682927,71.95121951219512,64.63414634146342,7.317073170731707
E00124536,60,18,8,10,42,28,14,30,13.333333333333334,16.666666666666664,70,46.666666666666664,23.333333333333332
E00124537,98,26,10,16,72,60,12,26.53061224489796,10.204081632653061,16.3265306122449,73.46938775510205,61.224489795918366,12.244897959183673
E00124538,153,50,17,33,103,86,17,32.6797385620915,11.11111111111111,21.568627450980394,67.3202614379085,56.209150326797385,11.11111111111111
E00124539,121,34,15,19,87,70,17,28.09917355371901,12.396694214876034,15.702479338842975,71.900826446281,57.85123966942148,14.049586776859504
E00124540,129,42,7,35,87,75,12,32.55813953488372,5.426356589147287,27.131782945736433,67.44186046511628,58.139534883720934,9.30232558139535
E00124541,115,37,11,26,78,59,19,32.17391304347826,9.565217391304348,22.608695652173914,67.82608695652173,51.30434782608696,16.52173913043478
E00124542,213,69,27,42,144,110,34,32.3943661971831,12.676056338028168,19.718309859154928,67.6056338028169,51.64319248826291,15.96244131455399
E00124543,99,33,12,21,66,59,7,33.33333333333333,12.121212121212121,21.21212121212121,66.66666666666666,59.59595959595959,7.07070707070707
E00124544,119,47,18,29,72,53,19,39.49579831932773,15.126050420168067,24.369747899159663,60.50420168067227,44.537815126050425,15.966386554621847
E00124545,130,39,16,23,91,67,24,30,12.307692307692308,17.692307692307693,70,51.53846153846153,18.461538461538463
E00124546,123,49,18,31,74,60,14,39.83739837398374,14.634146341463413,25.203252032520325,60.16260162601627,48.78048780487805,11.38211382113821
E00124547,98,31,10,21,67,56,11,31.63265306122449,10.204081632653061,21.428571428571427,68.36734693877551,57.14285714285714,11.224489795918368
E00124548,116,44,21,23,72,58,14,37.93103448275862,18.103448275862068,19.82758620689655,62.06896551724138,50,12.068965517241379
E00124549,147,51,17,34,96,82,14,34.69387755102041,11.564625850340136,23.12925170068027,65.3061224489796,55.78231292517006,9.523809523809524
E00124550,92,40,16,24,52,37,15,43.47826086956522,17.391304347826086,26.08695652173913,56.52173913043478,40.21739130434783,16.304347826086957
E00124551,96,34,14,20,62,52,10,35.41666666666667,14.583333333333334,20.833333333333336,64.58333333333334,54.166666666666664,10.416666666666668
E00124552,108,27,10,17,81,71,10,25,9.25925925925926,15.74074074074074,75,65.74074074074075,9.25925925925926
E00124553,97,31,16,15,66,59,7,31.958762886597935,16.49484536082474,15.463917525773196,68.04123711340206,60.824742268041234,7.216494845360824
E00124554,108,35,9,26,73,59,14,32.407407407407405,8.333333333333332,24.074074074074073,67.5925925925926,54.629629629629626,12.962962962962962
E00124555,145,42,16,26,103,87,16,28.965517241379313,11.03448275862069,17.93103448275862,71.03448275862068,60,11.03448275862069
E00124556,84,31,6,25,53,46,7,36.904761904761905,7.142857142857142,29.761904761904763,63.095238095238095,54.761904761904766,8.333333333333332
E00124557,83,27,10,17,56,46,10,32.53012048192771,12.048192771084338,20.481927710843372,67.46987951807229,55.42168674698795,12.048192771084338
E00124558,140,43,16,27,97,85,12,30.714285714285715,11.428571428571429,19.28571428571429,69.28571428571428,60.71428571428571,8.571428571428571
E00124559,153,51,16,35,102,83,19,33.33333333333333,10.457516339869281,22.875816993464053,66.66666666666666,54.248366013071895,12.418300653594772
E00124560,112,35,10,25,77,66,11,31.25,8.928571428571429,22.321428571428573,68.75,58.92857142857143,9.821428571428571
E00124561,111,38,15,23,73,63,10,34.234234234234236,13.513513513513514,20.72072072072072,65.76576576576578,56.75675675675676,9.00900900900901
E00124562,123,47,22,25,76,65,11,38.21138211382114,17.88617886178862,20.32520325203252,61.78861788617886,52.84552845528455,8.94308943089431
E00124563,169,45,9,36,124,107,17,26.627218934911244,5.325443786982249,21.301775147928996,73.37278106508876,63.31360946745562,10.059171597633137
E00124564,219,58,18,40,161,133,28,26.48401826484018,8.21917808219178,18.2648401826484,73.51598173515981,60.73059360730594,12.785388127853881
E00124565,115,32,6,26,83,68,15,27.82608695652174,5.217391304347826,22.608695652173914,72.17391304347827,59.130434782608695,13.043478260869565
E00124566,84,24,8,16,60,40,20,28.57142857142857,9.523809523809524,19.047619047619047,71.42857142857143,47.61904761904761,23.809523809523807
E00124567,208,52,15,37,156,137,19,25,7.211538461538461,17.78846153846154,75,65.86538461538461,9.134615384615383
E00124568,178,44,12,32,134,121,13,24.719101123595504,6.741573033707865,17.97752808988764,75.28089887640449,67.97752808988764,7.303370786516854
E00124571,173,61,29,32,112,88,24,35.26011560693642,16.76300578034682,18.497109826589593,64.73988439306359,50.86705202312138,13.872832369942195
E00124572,301,81,28,53,220,195,25,26.910299003322258,9.30232558139535,17.60797342192691,73.08970099667775,64.78405315614619,8.305647840531561
E00124573,226,73,23,50,153,133,20,32.30088495575221,10.176991150442479,22.123893805309734,67.69911504424779,58.849557522123895,8.849557522123893
E00124574,169,42,12,30,127,103,24,24.85207100591716,7.100591715976331,17.75147928994083,75.14792899408283,60.946745562130175,14.201183431952662
E00124576,132,44,17,27,88,74,14,33.33333333333333,12.878787878787879,20.454545454545457,66.66666666666666,56.060606060606055,10.606060606060606
E00124578,86,35,19,16,51,44,7,40.69767441860465,22.093023255813954,18.6046511627907,59.30232558139535,51.162790697674424,8.13953488372093
E00124580,165,50,16,34,115,86,29,30.303030303030305,9.696969696969697,20.606060606060606,69.6969696969697,52.121212121212125,17.575757575757574
E00124581,153,40,13,27,113,89,24,26.143790849673206,8.49673202614379,17.647058823529413,73.8562091503268,58.16993464052288,15.686274509803921
E00124582,122,39,16,23,83,68,15,31.967213114754102,13.114754098360656,18.852459016393443,68.0327868852459,55.73770491803278,12.295081967213115
E00124583,132,47,18,29,85,65,20,35.60606060606061,13.636363636363635,21.96969696969697,64.39393939393939,49.24242424242424,15.151515151515152
E00124584,156,50,23,27,106,79,27,32.05128205128205,14.743589743589745,17.307692307692307,67.94871794871796,50.641025641025635,17.307692307692307
E00124585,110,40,17,23,70,58,12,36.36363636363637,15.454545454545453,20.909090909090907,63.63636363636363,52.72727272727272,10.909090909090908
E00124586,153,56,23,33,97,76,21,36.60130718954248,15.032679738562091,21.568627450980394,63.39869281045751,49.673202614379086,13.725490196078432
E00124587,144,43,22,21,101,80,21,29.86111111111111,15.277777777777779,14.583333333333334,70.13888888888889,55.55555555555556,14.583333333333334
E00124588,75,28,8,20,47,41,6,37.333333333333336,10.666666666666668,26.666666666666668,62.66666666666667,54.666666666666664,8
E00124589,158,56,23,33,102,87,15,35.44303797468354,14.556962025316455,20.88607594936709,64.55696202531645,55.06329113924051,9.49367088607595
E00124590,75,28,7,21,47,38,9,37.333333333333336,9.333333333333334,28.000000000000004,62.66666666666667,50.66666666666667,12
E00124591,117,38,17,21,79,66,13,32.47863247863248,14.529914529914532,17.94871794871795,67.52136752136752,56.41025641025641,11.11111111111111
E00124592,87,25,11,14,62,49,13,28.735632183908045,12.643678160919542,16.091954022988507,71.26436781609196,56.32183908045977,14.942528735632186
E00124593,104,38,18,20,66,55,11,36.53846153846153,17.307692307692307,19.230769230769234,63.46153846153846,52.88461538461539,10.576923076923077
E00124594,86,34,15,19,52,44,8,39.53488372093023,17.441860465116278,22.093023255813954,60.46511627906976,51.162790697674424,9.30232558139535
E00124595,128,35,19,16,93,84,9,27.34375,14.84375,12.5,72.65625,65.625,7.03125
E00124596,279,83,20,63,196,152,44,29.749103942652326,7.168458781362006,22.58064516129032,70.25089605734766,54.48028673835126,15.770609318996415
E00124597,204,55,16,39,149,120,29,26.96078431372549,7.8431372549019605,19.11764705882353,73.0392156862745,58.82352941176471,14.215686274509803
E00124598,191,66,23,43,125,98,27,34.55497382198953,12.041884816753926,22.5130890052356,65.44502617801047,51.30890052356021,14.136125654450263
E00124599,179,66,35,31,113,68,45,36.87150837988827,19.553072625698324,17.318435754189945,63.128491620111724,37.988826815642454,25.139664804469277
E00124600,191,61,23,38,130,98,32,31.93717277486911,12.041884816753926,19.895287958115183,68.06282722513089,51.30890052356021,16.75392670157068
E00124601,52,16,5,11,36,27,9,30.76923076923077,9.615384615384617,21.153846153846153,69.23076923076923,51.92307692307693,17.307692307692307
E00124602,154,48,24,24,106,74,32,31.16883116883117,15.584415584415584,15.584415584415584,68.83116883116884,48.05194805194805,20.77922077922078
E00124603,168,63,18,45,105,79,26,37.5,10.714285714285714,26.785714285714285,62.5,47.023809523809526,15.476190476190476
E00124604,139,53,22,31,86,63,23,38.1294964028777,15.827338129496402,22.302158273381295,61.87050359712231,45.32374100719424,16.546762589928058
E00124605,158,49,19,30,109,78,31,31.0126582278481,12.025316455696203,18.9873417721519,68.9873417721519,49.36708860759494,19.62025316455696
E00124606,105,27,11,16,78,57,21,25.71428571428571,10.476190476190476,15.238095238095239,74.28571428571429,54.285714285714285,20
E00124607,180,56,20,36,124,93,31,31.11111111111111,11.11111111111111,20,68.88888888888889,51.66666666666667,17.22222222222222
E00124608,71,20,5,15,51,44,7,28.169014084507044,7.042253521126761,21.12676056338028,71.83098591549296,61.97183098591549,9.859154929577464
E00124609,111,33,16,17,78,65,13,29.72972972972973,14.414414414414415,15.315315315315313,70.27027027027027,58.55855855855856,11.711711711711711
E00124610,153,51,20,31,102,83,19,33.33333333333333,13.071895424836603,20.26143790849673,66.66666666666666,54.248366013071895,12.418300653594772
E00124611,58,17,9,8,41,35,6,29.310344827586203,15.517241379310345,13.793103448275861,70.6896551724138,60.3448275862069,10.344827586206897
E00124612,101,22,7,15,79,72,7,21.782178217821784,6.9306930693069315,14.85148514851485,78.21782178217822,71.28712871287128,6.9306930693069315
E00124613,87,29,14,15,58,44,14,33.33333333333333,16.091954022988507,17.24137931034483,66.66666666666666,50.57471264367817,16.091954022988507
E00124614,117,38,11,27,79,60,19,32.47863247863248,9.401709401709402,23.076923076923077,67.52136752136752,51.28205128205128,16.23931623931624
E00124615,119,43,20,23,76,63,13,36.134453781512605,16.80672268907563,19.327731092436977,63.86554621848739,52.94117647058824,10.92436974789916
E00124616,126,40,16,24,86,63,23,31.746031746031743,12.698412698412698,19.047619047619047,68.25396825396825,50,18.253968253968253
E00171559,86,28,6,22,58,52,6,32.55813953488372,6.976744186046512,25.581395348837212,67.44186046511628,60.46511627906976,6.976744186046512
E00171560,104,27,7,20,77,61,16,25.961538461538463,6.730769230769231,19.230769230769234,74.03846153846155,58.65384615384615,15.384615384615385
E00171561,170,56,19,37,114,97,17,32.94117647058823,11.176470588235295,21.764705882352942,67.05882352941175,57.05882352941176,10
E00171562,85,19,7,12,66,55,11,22.35294117647059,8.235294117647058,14.117647058823529,77.64705882352942,64.70588235294117,12.941176470588237
E00171563,84,27,10,17,57,47,10,32.142857142857146,11.904761904761903,20.238095238095237,67.85714285714286,55.952380952380956,11.904761904761903
E00171564,170,54,23,31,116,97,19,31.76470588235294,13.529411764705882,18.235294117647058,68.23529411764706,57.05882352941176,11.176470588235295
E00171565,185,49,13,36,136,123,13,26.486486486486488,7.027027027027027,19.45945945945946,73.51351351351352,66.48648648648648,7.027027027027027
E00171566,157,35,14,21,122,98,24,22.29299363057325,8.9171974522293,13.375796178343949,77.70700636942675,62.42038216560509,15.286624203821656
E00171567,154,39,11,28,115,92,23,25.324675324675322,7.142857142857142,18.181818181818183,74.67532467532467,59.74025974025974,14.935064935064934
E00171568,289,86,28,58,203,173,30,29.757785467128027,9.688581314878892,20.069204152249135,70.24221453287197,59.86159169550172,10.380622837370241
E00171569,164,40,6,34,124,106,18,24.390243902439025,3.6585365853658534,20.73170731707317,75.60975609756098,64.63414634146342,10.975609756097562
E00171570,194,59,32,27,135,111,24,30.412371134020617,16.49484536082474,13.917525773195877,69.58762886597938,57.21649484536082,12.371134020618557
E00171571,118,40,12,28,78,65,13,33.89830508474576,10.16949152542373,23.728813559322035,66.10169491525424,55.08474576271186,11.016949152542372
E00171572,176,53,15,38,123,104,19,30.113636363636363,8.522727272727272,21.59090909090909,69.88636363636364,59.09090909090909,10.795454545454545
E00171573,140,32,13,19,108,89,19,22.857142857142858,9.285714285714286,13.571428571428571,77.14285714285715,63.57142857142857,13.571428571428571
E00171574,136,41,11,30,95,83,12,30.14705882352941,8.088235294117647,22.058823529411764,69.85294117647058,61.029411764705884,8.823529411764707
E00171575,183,52,16,36,131,102,29,28.415300546448087,8.743169398907105,19.672131147540984,71.58469945355192,55.73770491803278,15.846994535519126
E00171576,90,26,10,16,64,51,13,28.888888888888886,11.11111111111111,17.77777777777778,71.11111111111111,56.666666666666664,14.444444444444443
E00171577,185,45,14,31,140,121,19,24.324324324324326,7.567567567567568,16.756756756756758,75.67567567567568,65.4054054054054,10.27027027027027
E00171578,96,35,13,22,61,51,10,36.45833333333333,13.541666666666666,22.916666666666664,63.541666666666664,53.125,10.416666666666668
E00190160,100,22,4,18,78,62,16,22,4,18,78,62,16
E00190162,167,33,13,20,134,111,23,19.760479041916167,7.784431137724551,11.976047904191617,80.23952095808383,66.46706586826348,13.77245508982036
E00190171,162,55,24,31,107,91,16,33.95061728395062,14.814814814814813,19.1358024691358,66.0493827160494,56.17283950617284,9.876543209876543
E00190172,209,55,15,40,154,134,20,26.31578947368421,7.177033492822966,19.138755980861244,73.68421052631578,64.11483253588517,9.569377990430622
E00190180,172,51,19,32,121,99,22,29.651162790697676,11.046511627906977,18.6046511627907,70.34883720930233,57.55813953488372,12.790697674418606
E00190181,105,36,12,24,69,60,9,34.285714285714285,11.428571428571429,22.857142857142858,65.71428571428571,57.14285714285714,8.571428571428571
E00190182,302,69,32,37,233,156,77,22.8476821192053,10.596026490066226,12.251655629139073,77.15231788079471,51.65562913907284,25.496688741721858
E00190191,216,46,15,31,170,142,28,21.296296296296298,6.944444444444445,14.351851851851851,78.70370370370371,65.74074074074075,12.962962962962962
E00190204,179,63,29,34,116,94,22,35.19553072625698,16.201117318435752,18.994413407821227,64.80446927374301,52.513966480446925,12.290502793296088
E00190214,147,48,14,34,99,77,22,32.6530612244898,9.523809523809524,23.12925170068027,67.3469387755102,52.38095238095239,14.965986394557824
