OA,ts0380001,ts0380002,ts0380003,ts0380004,ts0380005,ts0380006,ts0380007,ts0380002_PCT,ts0380003_PCT,ts0380004_PCT,ts0380005_PCT,ts0380006_PCT,ts0380007_PCT
E00034486,278,56,16,40,222,19,203,20.14388489208633,5.755395683453238,14.388489208633093,79.85611510791367,6.83453237410072,73.02158273381295
E00034487,250,50,24,26,200,24,176,20,9.6,10.4,80,9.6,70.39999999999999
E00034488,291,52,22,30,239,19,220,17.869415807560138,7.560137457044673,10.309278350515463,82.13058419243985,6.529209621993128,75.60137457044674
E00034489,256,54,25,29,202,20,182,21.09375,9.765625,11.328125,78.90625,7.8125,71.09375
E00034490,241,56,32,24,185,13,172,23.236514522821576,13.278008298755188,9.95850622406639,76.76348547717843,5.394190871369295,71.36929460580913
E00034491,293,47,16,31,246,43,203,16.040955631399317,5.460750853242321,10.580204778156997,83.95904436860067,14.675767918088736,69.28327645051195
E00034492,257,48,14,34,209,16,193,18.67704280155642,5.447470817120623,13.229571984435799,81.32295719844358,6.22568093385214,75.09727626459144
E00034493,318,86,47,39,232,25,207,27.044025157232703,14.779874213836477,12.264150943396226,72.95597484276729,7.861635220125786,65.09433962264151
E00034494,253,61,38,23,192,26,166,24.110671936758894,15.019762845849801,9.090909090909092,75.8893280632411,10.276679841897234,65.61264822134387
E00034495,280,64,35,29,216,18,198,22.857142857142858,12.5,10.357142857142858,77.14285714285715,6.428571428571428,70.71428571428572
E00034496,309,72,33,39,237,17,220,23.300970873786408,10.679611650485436,12.62135922330097,76.69902912621359,5.501618122977346,71.19741100323624
E00034497,246,53,24,29,193,17,176,21.544715447154474,9.75609756097561,11.788617886178862,78.45528455284553,6.910569105691057,71.54471544715447
E00034498,273,47,17,30,226,20,206,17.216117216117215,6.227106227106227,10.989010989010989,82.78388278388277,7.326007326007327,75.45787545787546
E00034499,304,75,33,42,229,24,205,24.671052631578945,10.855263157894738,13.815789473684212,75.32894736842105,7.894736842105263,67.43421052631578
E00034500,306,77,40,37,229,25,204,25.163398692810457,13.071895424836603,12.091503267973856,74.83660130718954,8.169934640522875,66.66666666666666
E00034501,247,52,25,27,195,15,180,21.052631578947366,10.121457489878543,10.931174089068826,78.94736842105263,6.0728744939271255,72.8744939271255
E00034502,257,61,27,34,196,14,182,23.73540856031128,10.505836575875486,13.229571984435799,76.26459143968872,5.447470817120623,70.8171206225681
E00034503,329,65,32,33,264,34,230,19.756838905775076,9.72644376899696,10.030395136778116,80.24316109422493,10.33434650455927,69.90881458966565
E00034504,284,53,19,34,231,31,200,18.661971830985916,6.690140845070422,11.971830985915492,81.33802816901408,10.915492957746478,70.4225352112676
E00034505,290,61,32,29,229,15,214,21.03448275862069,11.03448275862069,10,78.96551724137932,5.172413793103448,73.79310344827587
E00034506,277,44,7,37,233,27,206,15.884476534296029,2.527075812274368,13.357400722021662,84.11552346570397,9.747292418772563,74.36823104693141
E00034507,299,49,28,21,250,31,219,16.387959866220736,9.364548494983277,7.023411371237458,83.61204013377926,10.367892976588628,73.24414715719062
E00034508,308,47,18,29,261,21,240,15.259740259740258,5.844155844155844,9.415584415584416,84.74025974025975,6.8181818181818175,77.92207792207793
E00034509,299,59,31,28,240,16,224,19.732441471571907,10.367892976588628,9.364548494983277,80.2675585284281,5.351170568561873,74.91638795986621
E00034510,314,83,30,53,231,14,217,26.43312101910828,9.554140127388536,16.878980891719745,73.56687898089172,4.45859872611465,69.10828025477707
E00034511,223,56,21,35,167,12,155,25.112107623318387,9.417040358744394,15.695067264573993,74.88789237668162,5.381165919282512,69.50672645739911
E00034512,319,105,60,45,214,19,195,32.9153605015674,18.808777429467085,14.106583072100312,67.0846394984326,5.956112852664576,61.12852664576802
E00034513,324,84,49,35,240,29,211,25.925925925925924,15.123456790123457,10.802469135802468,74.07407407407408,8.950617283950617,65.12345679012346
E00034514,299,48,25,23,251,30,221,16.05351170568562,8.361204013377927,7.6923076923076925,83.94648829431438,10.033444816053512,73.91304347826086
E00034515,283,35,14,21,248,23,225,12.36749116607774,4.946996466431095,7.420494699646643,87.63250883392226,8.12720848056537,79.50530035335689
E00034516,278,40,13,27,238,38,200,14.388489208633093,4.676258992805756,9.712230215827338,85.61151079136691,13.66906474820144,71.94244604316546
E00034517,285,43,17,26,242,20,222,15.087719298245613,5.964912280701754,9.12280701754386,84.91228070175438,7.017543859649122,77.89473684210526
E00034518,300,63,25,38,237,29,208,21,8.333333333333332,12.666666666666668,79,9.666666666666666,69.33333333333334
E00034519,236,46,24,22,190,15,175,19.491525423728813,10.16949152542373,9.322033898305085,80.50847457627118,6.3559322033898304,74.15254237288136
E00034520,339,52,26,26,287,23,264,15.339233038348082,7.669616519174041,7.669616519174041,84.66076696165192,6.784660766961652,77.87610619469027
E00034521,306,55,28,27,251,29,222,17.973856209150327,9.15032679738562,8.823529411764707,82.02614379084967,9.477124183006536,72.54901960784314
E00034522,253,58,27,31,195,17,178,22.92490118577075,10.67193675889328,12.25296442687747,77.07509881422925,6.719367588932807,70.35573122529645
E00034523,256,52,19,33,204,21,183,20.3125,7.421875,12.890625,79.6875,8.203125,71.484375
E00034524,278,46,21,25,232,26,206,16.546762589928058,7.553956834532374,8.992805755395683,83.45323741007195,9.352517985611511,74.10071942446042
E00034525,242,45,19,26,197,17,180,18.59504132231405,7.851239669421488,10.743801652892563,81.40495867768594,7.024793388429752,74.3801652892562
E00034526,323,87,47,40,236,22,214,26.93498452012384,14.551083591331269,12.38390092879257,73.06501547987617,6.811145510835913,66.25386996904025
E00034527,221,65,31,34,156,18,138,29.411764705882355,14.027149321266968,15.384615384615385,70.58823529411765,8.144796380090497,62.44343891402715
E00034528,285,60,23,37,225,27,198,21.052631578947366,8.070175438596491,12.982456140350877,78.94736842105263,9.473684210526317,69.47368421052632
E00034529,261,60,27,33,201,18,183,22.988505747126435,10.344827586206897,12.643678160919542,77.01149425287356,6.896551724137931,70.11494252873564
E00034530,254,48,24,24,206,19,187,18.89763779527559,9.448818897637794,9.448818897637794,81.10236220472441,7.480314960629922,73.62204724409449
E00034531,293,68,39,29,225,32,193,23.208191126279864,13.310580204778159,9.897610921501707,76.79180887372013,10.921501706484642,65.8703071672355
E00034532,263,84,46,38,179,18,161,31.93916349809886,17.490494296577946,14.44866920152091,68.06083650190115,6.844106463878327,61.21673003802282
E00034533,257,56,23,33,201,23,178,21.78988326848249,8.949416342412452,12.840466926070038,78.21011673151752,8.949416342412452,69.26070038910505
E00034534,273,57,28,29,216,28,188,20.87912087912088,10.256410256410255,10.622710622710622,79.12087912087912,10.256410256410255,68.86446886446886
E00034535,345,66,33,33,279,19,260,19.130434782608695,9.565217391304348,9.565217391304348,80.8695652173913,5.507246376811594,75.36231884057972
E00034536,304,55,25,30,249,26,223,18.092105263157894,8.223684210526317,9.868421052631579,81.9078947368421,8.552631578947368,73.35526315789474
E00034537,299,71,29,42,228,24,204,23.745819397993312,9.698996655518394,14.046822742474916,76.2541806020067,8.02675585284281,68.22742474916387
E00034538,262,77,37,40,185,18,167,29.389312977099237,14.122137404580155,15.267175572519085,70.61068702290076,6.870229007633588,63.74045801526718
E00034539,231,47,19,28,184,24,160,20.346320346320347,8.225108225108226,12.121212121212121,79.65367965367966,10.38961038961039,69.26406926406926
E00034540,228,82,50,32,146,15,131,35.96491228070175,21.929824561403507,14.035087719298245,64.03508771929825,6.578947368421052,57.45614035087719
E00034541,281,71,31,40,210,13,197,25.26690391459075,11.032028469750891,14.23487544483986,74.73309608540926,4.6263345195729535,70.1067615658363
E00034542,250,43,18,25,207,19,188,17.2,7.199999999999999,10,82.8,7.6,75.2
E00034543,268,80,40,40,188,19,169,29.850746268656714,14.925373134328357,14.925373134328357,70.1492537313433,7.08955223880597,63.059701492537314
E00034544,246,56,33,23,190,15,175,22.76422764227642,13.414634146341465,9.34959349593496,77.23577235772358,6.097560975609756,71.13821138211382
E00034545,286,72,28,44,214,17,197,25.174825174825177,9.79020979020979,15.384615384615385,74.82517482517483,5.944055944055944,68.88111888111888
E00034546,322,57,26,31,265,26,239,17.70186335403727,8.074534161490684,9.627329192546584,82.29813664596274,8.074534161490684,74.22360248447205
E00034547,269,80,39,41,189,8,181,29.739776951672862,14.49814126394052,15.241635687732341,70.26022304832715,2.973977695167286,67.28624535315984
E00034548,281,46,22,24,235,18,217,16.370106761565836,7.829181494661921,8.540925266903916,83.62989323843416,6.405693950177936,77.22419928825623
E00034549,320,82,42,40,238,14,224,25.624999999999996,13.125,12.5,74.375,4.375,70
E00034550,247,66,36,30,181,16,165,26.720647773279353,14.5748987854251,12.145748987854251,73.27935222672065,6.477732793522267,66.80161943319838
E00034551,295,72,33,39,223,13,210,24.40677966101695,11.186440677966102,13.220338983050848,75.59322033898304,4.406779661016949,71.1864406779661
E00034552,307,57,24,33,250,21,229,18.566775244299674,7.81758957654723,10.749185667752444,81.43322475570032,6.840390879478828,74.5928338762215
E00034553,340,94,50,44,246,21,225,27.647058823529413,14.705882352941178,12.941176470588237,72.35294117647058,6.176470588235294,66.17647058823529
E00034554,246,62,29,33,184,20,164,25.203252032520325,11.788617886178862,13.414634146341465,74.79674796747967,8.130081300813007,66.66666666666666
E00034555,421,80,43,37,341,27,314,19.002375296912113,10.21377672209026,8.788598574821853,80.9976247030879,6.413301662707839,74.58432304038006
E00034556,330,62,29,33,268,20,248,18.787878787878785,8.787878787878787,10,81.21212121212122,6.0606060606060606,75.15151515151514
E00034557,280,67,27,40,213,12,201,23.92857142857143,9.642857142857144,14.285714285714285,76.07142857142857,4.285714285714286,71.78571428571429
E00034558,406,92,44,48,314,19,295,22.660098522167488,10.83743842364532,11.822660098522167,77.33990147783251,4.679802955665025,72.66009852216749
E00034559,455,71,24,47,384,23,361,15.604395604395604,5.274725274725275,10.329670329670328,84.3956043956044,5.054945054945055,79.34065934065934
E00034560,232,77,42,35,155,16,139,33.189655172413794,18.103448275862068,15.086206896551724,66.8103448275862,6.896551724137931,59.91379310344828
E00034561,229,62,32,30,167,11,156,27.074235807860266,13.973799126637553,13.100436681222707,72.92576419213974,4.8034934497816595,68.12227074235808
E00034562,267,78,37,41,189,16,173,29.213483146067414,13.857677902621724,15.355805243445692,70.78651685393258,5.992509363295881,64.7940074906367
E00034563,248,52,23,29,196,18,178,20.967741935483872,9.274193548387096,11.693548387096774,79.03225806451613,7.258064516129033,71.7741935483871
E00034564,440,119,66,53,321,18,303,27.045454545454543,15,12.045454545454545,72.95454545454545,4.090909090909091,68.86363636363636
E00034565,251,69,39,30,182,15,167,27.490039840637447,15.53784860557769,11.952191235059761,72.50996015936255,5.9760956175298805,66.53386454183267
E00034566,273,58,32,26,215,13,202,21.245421245421245,11.72161172161172,9.523809523809524,78.75457875457876,4.761904761904762,73.992673992674
E00034567,249,81,45,36,168,7,161,32.53012048192771,18.072289156626507,14.457831325301203,67.46987951807229,2.8112449799196786,64.65863453815261
E00034568,367,108,57,51,259,18,241,29.427792915531338,15.531335149863759,13.896457765667575,70.57220708446866,4.904632152588556,65.66757493188011
E00034569,280,62,31,31,218,25,193,22.142857142857142,11.071428571428571,11.071428571428571,77.85714285714286,8.928571428571429,68.92857142857143
E00034570,284,81,47,34,203,9,194,28.52112676056338,16.549295774647888,11.971830985915492,71.47887323943662,3.169014084507042,68.30985915492957
E00034571,355,102,55,47,253,24,229,28.732394366197184,15.492957746478872,13.239436619718308,71.26760563380282,6.760563380281689,64.50704225352113
E00034572,245,78,44,34,167,10,157,31.83673469387755,17.959183673469386,13.877551020408163,68.16326530612244,4.081632653061225,64.08163265306122
E00034573,250,62,37,25,188,18,170,24.8,14.799999999999999,10,75.2,7.199999999999999,68
E00034574,296,77,48,29,219,19,200,26.013513513513516,16.216216216216218,9.797297297297296,73.98648648648648,6.418918918918918,67.56756756756756
E00034575,301,88,37,51,213,20,193,29.2358803986711,12.29235880398671,16.943521594684384,70.7641196013289,6.64451827242525,64.11960132890366
E00034576,329,105,51,54,224,24,200,31.914893617021278,15.501519756838904,16.41337386018237,68.08510638297872,7.29483282674772,60.790273556231
E00034577,346,93,49,44,253,24,229,26.878612716763005,14.16184971098266,12.716763005780345,73.121387283237,6.9364161849710975,66.1849710982659
E00034578,256,76,44,32,180,12,168,29.6875,17.1875,12.5,70.3125,4.6875,65.625
E00034579,322,104,57,47,218,17,201,32.298136645962735,17.70186335403727,14.596273291925465,67.70186335403726,5.279503105590062,62.422360248447205
E00034580,209,89,50,39,120,10,110,42.58373205741627,23.923444976076556,18.660287081339714,57.41626794258373,4.784688995215311,52.63157894736842
E00034581,259,57,29,28,202,23,179,22.00772200772201,11.196911196911197,10.81081081081081,77.99227799227799,8.880308880308881,69.1119691119691
E00034582,288,52,25,27,236,23,213,18.055555555555554,8.680555555555555,9.375,81.94444444444444,7.986111111111111,73.95833333333334
E00034583,346,67,33,34,279,28,251,19.36416184971098,9.53757225433526,9.826589595375722,80.63583815028902,8.092485549132949,72.54335260115607
E00034584,312,76,41,35,236,27,209,24.358974358974358,13.141025641025642,11.217948717948719,75.64102564102564,8.653846153846153,66.98717948717949
E00034585,270,50,17,33,220,23,197,18.51851851851852,6.296296296296296,12.222222222222221,81.48148148148148,8.518518518518519,72.96296296296296
E00034586,369,52,20,32,317,23,294,14.092140921409213,5.420054200542006,8.672086720867208,85.90785907859079,6.233062330623306,79.67479674796748
E00034587,331,53,21,32,278,21,257,16.012084592145015,6.3444108761329305,9.667673716012084,83.98791540785498,6.3444108761329305,77.64350453172206
E00034588,270,37,15,22,233,20,213,13.703703703703704,5.555555555555555,8.148148148148149,86.29629629629629,7.4074074074074066,78.88888888888889
E00034589,319,51,17,34,268,28,240,15.987460815047022,5.329153605015674,10.658307210031348,84.01253918495298,8.77742946708464,75.23510971786834
E00034590,297,32,11,21,265,26,239,10.774410774410773,3.7037037037037033,7.07070707070707,89.22558922558923,8.754208754208754,80.47138047138047
E00034591,319,54,23,31,265,24,241,16.927899686520377,7.210031347962382,9.717868338557993,83.07210031347962,7.523510971786834,75.54858934169279
E00034592,285,43,23,20,242,21,221,15.087719298245613,8.070175438596491,7.017543859649122,84.91228070175438,7.368421052631578,77.54385964912281
E00034593,315,43,15,28,272,21,251,13.65079365079365,4.761904761904762,8.88888888888889,86.34920634920636,6.666666666666667,79.68253968253968
E00034594,158,25,9,16,133,2,131,15.822784810126583,5.69620253164557,10.126582278481013,84.17721518987342,1.2658227848101267,82.91139240506328
E00034595,294,47,13,34,247,31,216,15.98639455782313,4.421768707482993,11.564625850340136,84.01360544217688,10.54421768707483,73.46938775510205
E00034596,275,58,17,41,217,17,200,21.09090909090909,6.181818181818182,14.909090909090908,78.9090909090909,6.181818181818182,72.72727272727273
E00034597,288,36,17,19,252,25,227,12.5,5.902777777777778,6.597222222222222,87.5,8.680555555555555,78.81944444444444
E00034598,260,33,9,24,227,33,194,12.692307692307692,3.4615384615384617,9.230769230769232,87.3076923076923,12.692307692307692,74.61538461538461
E00034599,282,50,15,35,232,15,217,17.73049645390071,5.319148936170213,12.411347517730496,82.26950354609929,5.319148936170213,76.95035460992908
E00034600,436,60,29,31,376,40,336,13.761467889908257,6.651376146788992,7.110091743119266,86.23853211009175,9.174311926605505,77.06422018348624
E00034601,260,41,16,25,219,16,203,15.769230769230768,6.153846153846154,9.615384615384617,84.23076923076923,6.153846153846154,78.07692307692308
E00034602,276,41,19,22,235,31,204,14.855072463768115,6.884057971014493,7.971014492753622,85.14492753623189,11.231884057971014,73.91304347826086
E00034603,128,56,29,27,72,5,67,43.75,22.65625,21.09375,56.25,3.90625,52.34375
E00034604,290,78,43,35,212,12,200,26.89655172413793,14.827586206896552,12.068965517241379,73.10344827586206,4.137931034482759,68.96551724137932
E00034605,416,76,42,34,340,35,305,18.269230769230766,10.096153846153847,8.173076923076923,81.73076923076923,8.413461538461538,73.3173076923077
E00034606,231,75,35,40,156,17,139,32.467532467532465,15.151515151515152,17.316017316017316,67.53246753246754,7.35930735930736,60.17316017316018
E00034607,283,111,67,44,172,20,152,39.2226148409894,23.674911660777383,15.547703180212014,60.7773851590106,7.06713780918728,53.71024734982333
E00034608,278,53,31,22,225,26,199,19.06474820143885,11.151079136690647,7.913669064748201,80.93525179856115,9.352517985611511,71.58273381294964
E00034609,266,45,15,30,221,19,202,16.917293233082706,5.639097744360902,11.278195488721805,83.0827067669173,7.142857142857142,75.93984962406014
E00034610,375,47,23,24,328,28,300,12.533333333333333,6.133333333333333,6.4,87.46666666666667,7.466666666666668,80
E00034611,379,54,20,34,325,30,295,14.24802110817942,5.277044854881266,8.970976253298153,85.75197889182058,7.9155672823219,77.83641160949868
E00034612,298,57,28,29,241,27,214,19.12751677852349,9.395973154362416,9.731543624161073,80.87248322147651,9.060402684563758,71.81208053691275
E00034613,239,47,18,29,192,19,173,19.665271966527197,7.531380753138076,12.133891213389122,80.3347280334728,7.949790794979079,72.38493723849372
E00034614,247,38,16,22,209,18,191,15.384615384615385,6.477732793522267,8.906882591093117,84.61538461538461,7.28744939271255,77.32793522267207
E00034615,241,52,25,27,189,12,177,21.57676348547718,10.37344398340249,11.20331950207469,78.42323651452283,4.979253112033195,73.44398340248964
E00034616,270,49,24,25,221,22,199,18.14814814814815,8.88888888888889,9.25925925925926,81.85185185185185,8.148148148148149,73.70370370370371
E00034617,254,45,17,28,209,14,195,17.716535433070867,6.692913385826772,11.023622047244094,82.28346456692913,5.511811023622047,76.77165354330708
E00034618,260,61,16,45,199,18,181,23.46153846153846,6.153846153846154,17.307692307692307,76.53846153846153,6.923076923076923,69.61538461538461
E00034619,306,43,21,22,263,29,234,14.052287581699346,6.862745098039216,7.18954248366013,85.94771241830065,9.477124183006536,76.47058823529412
E00034620,351,64,26,38,287,37,250,18.233618233618234,7.4074074074074066,10.826210826210826,81.76638176638177,10.541310541310542,71.22507122507122
E00034621,341,66,30,36,275,23,252,19.35483870967742,8.797653958944283,10.557184750733137,80.64516129032258,6.744868035190615,73.90029325513197
E00034622,356,88,47,41,268,29,239,24.719101123595504,13.202247191011235,11.51685393258427,75.28089887640449,8.146067415730338,67.13483146067416
E00034623,330,37,14,23,293,25,268,11.212121212121213,4.242424242424243,6.969696969696971,88.7878787878788,7.575757575757576,81.21212121212122
E00034624,285,51,24,27,234,26,208,17.894736842105264,8.421052631578947,9.473684210526317,82.10526315789474,9.12280701754386,72.98245614035088
E00034626,456,77,31,46,379,40,339,16.885964912280702,6.798245614035088,10.087719298245613,83.1140350877193,8.771929824561402,74.3421052631579
E00034627,239,85,46,39,154,17,137,35.56485355648535,19.246861924686193,16.317991631799163,64.43514644351464,7.112970711297072,57.32217573221757
E00034628,245,56,25,31,189,17,172,22.857142857142858,10.204081632653061,12.653061224489795,77.14285714285715,6.938775510204081,70.20408163265306
E00034630,209,54,26,28,155,12,143,25.837320574162682,12.440191387559809,13.397129186602871,74.16267942583733,5.741626794258373,68.42105263157895
E00034631,492,73,34,39,419,41,378,14.83739837398374,6.910569105691057,7.926829268292683,85.16260162601627,8.333333333333332,76.82926829268293
E00034632,293,83,55,28,210,17,193,28.327645051194537,18.771331058020476,9.556313993174061,71.67235494880546,5.802047781569966,65.8703071672355
E00034633,238,63,36,27,175,22,153,26.47058823529412,15.126050420168067,11.344537815126051,73.52941176470588,9.243697478991598,64.28571428571429
E00034634,241,50,23,27,191,11,180,20.74688796680498,9.54356846473029,11.20331950207469,79.25311203319502,4.564315352697095,74.68879668049793
E00034635,314,52,27,25,262,29,233,16.560509554140125,8.598726114649681,7.961783439490445,83.43949044585987,9.235668789808917,74.20382165605095
E00034636,342,114,58,56,228,17,211,33.33333333333333,16.95906432748538,16.374269005847953,66.66666666666666,4.970760233918129,61.69590643274854
E00034637,222,40,15,25,182,24,158,18.01801801801802,6.756756756756757,11.26126126126126,81.98198198198197,10.81081081081081,71.17117117117117
E00034638,239,36,16,20,203,20,183,15.062761506276152,6.694560669456067,8.368200836820083,84.93723849372385,8.368200836820083,76.56903765690377
E00034639,319,66,36,30,253,14,239,20.689655172413794,11.285266457680251,9.404388714733543,79.3103448275862,4.38871473354232,74.92163009404389
E00034640,236,62,25,37,174,16,158,26.27118644067797,10.59322033898305,15.677966101694915,73.72881355932203,6.779661016949152,66.94915254237289
E00034641,268,50,21,29,218,20,198,18.65671641791045,7.835820895522389,10.820895522388058,81.34328358208955,7.462686567164178,73.88059701492537
E00034642,276,58,25,33,218,15,203,21.014492753623188,9.057971014492754,11.956521739130435,78.98550724637681,5.434782608695652,73.55072463768117
E00034643,163,48,30,18,115,12,103,29.447852760736197,18.404907975460123,11.042944785276074,70.5521472392638,7.361963190184049,63.190184049079754
E00034644,303,62,31,31,241,16,225,20.462046204620464,10.231023102310232,10.231023102310232,79.53795379537954,5.2805280528052805,74.25742574257426
E00034645,246,53,29,24,193,17,176,21.544715447154474,11.788617886178862,9.75609756097561,78.45528455284553,6.910569105691057,71.54471544715447
E00034646,284,45,25,20,239,23,216,15.845070422535212,8.80281690140845,7.042253521126761,84.15492957746478,8.098591549295776,76.05633802816901
E00034647,252,74,43,31,178,18,160,29.365079365079367,17.063492063492063,12.3015873015873,70.63492063492063,7.142857142857142,63.49206349206349
E00034648,451,85,40,45,366,27,339,18.8470066518847,8.869179600886918,9.977827050997783,81.1529933481153,5.986696230598669,75.16629711751663
E00034649,274,57,27,30,217,28,189,20.802919708029197,9.854014598540147,10.948905109489052,79.1970802919708,10.218978102189782,68.97810218978103
E00034650,266,52,22,30,214,17,197,19.548872180451127,8.270676691729323,11.278195488721805,80.45112781954887,6.390977443609022,74.06015037593986
E00034651,276,40,21,19,236,20,216,14.492753623188406,7.608695652173914,6.884057971014493,85.5072463768116,7.246376811594203,78.26086956521739
E00034652,389,82,42,40,307,23,284,21.079691516709513,10.796915167095115,10.282776349614396,78.9203084832905,5.912596401028278,73.00771208226222
E00034653,407,138,80,58,269,20,249,33.90663390663391,19.656019656019655,14.250614250614252,66.09336609336609,4.914004914004914,61.17936117936118
E00034654,350,101,59,42,249,25,224,28.857142857142858,16.857142857142858,12,71.14285714285714,7.142857142857142,64
E00034655,344,53,17,36,291,19,272,15.406976744186046,4.941860465116279,10.465116279069768,84.59302325581395,5.523255813953488,79.06976744186046
E00034656,223,66,28,38,157,19,138,29.596412556053814,12.556053811659194,17.040358744394617,70.4035874439462,8.520179372197308,61.88340807174888
E00034657,261,60,29,31,201,12,189,22.988505747126435,11.11111111111111,11.877394636015326,77.01149425287356,4.597701149425287,72.41379310344827
E00034658,265,83,56,27,182,18,164,31.32075471698113,21.132075471698116,10.18867924528302,68.67924528301886,6.7924528301886795,61.886792452830186
E00034659,483,119,56,63,364,16,348,24.637681159420293,11.594202898550725,13.043478260869565,75.36231884057972,3.3126293995859215,72.04968944099379
E00034660,349,91,44,47,258,18,240,26.07449856733524,12.607449856733524,13.46704871060172,73.92550143266476,5.157593123209169,68.76790830945558
E00034661,374,52,16,36,322,28,294,13.903743315508022,4.27807486631016,9.62566844919786,86.09625668449198,7.4866310160427805,78.6096256684492
E00034662,339,83,38,45,256,27,229,24.48377581120944,11.209439528023598,13.274336283185843,75.51622418879056,7.964601769911504,67.55162241887905
E00034663,281,60,32,28,221,20,201,21.352313167259787,11.387900355871885,9.9644128113879,78.64768683274022,7.11743772241993,71.53024911032028
E00034664,255,72,42,30,183,28,155,28.235294117647058,16.470588235294116,11.76470588235294,71.76470588235294,10.980392156862745,60.78431372549019
E00034665,245,55,25,30,190,26,164,22.448979591836736,10.204081632653061,12.244897959183673,77.55102040816327,10.612244897959183,66.93877551020408
E00034666,236,72,39,33,164,11,153,30.508474576271187,16.52542372881356,13.983050847457626,69.49152542372882,4.661016949152542,64.83050847457628
E00034667,326,100,51,49,226,21,205,30.67484662576687,15.644171779141105,15.030674846625766,69.32515337423312,6.441717791411043,62.88343558282209
E00034668,274,52,16,36,222,29,193,18.97810218978102,5.839416058394161,13.138686131386862,81.02189781021897,10.583941605839415,70.43795620437956
E00034669,261,60,29,31,201,16,185,22.988505747126435,11.11111111111111,11.877394636015326,77.01149425287356,6.130268199233716,70.88122605363985
E00034670,326,59,18,41,267,28,239,18.098159509202453,5.521472392638037,12.576687116564417,81.90184049079755,8.588957055214724,73.31288343558282
E00034671,334,67,30,37,267,20,247,20.059880239520957,8.982035928143713,11.077844311377245,79.94011976047905,5.9880239520958085,73.95209580838323
E00034672,358,119,51,68,239,18,221,33.24022346368715,14.24581005586592,18.994413407821227,66.75977653631286,5.027932960893855,61.731843575419
E00034673,300,61,35,26,239,29,210,20.333333333333332,11.666666666666666,8.666666666666668,79.66666666666666,9.666666666666666,70
E00034674,197,52,30,22,145,11,134,26.39593908629442,15.228426395939088,11.16751269035533,73.60406091370558,5.583756345177665,68.02030456852792
E00034675,290,71,31,40,219,21,198,24.482758620689655,10.689655172413794,13.793103448275861,75.51724137931033,7.241379310344828,68.27586206896552
E00034676,146,55,34,21,91,5,86,37.67123287671233,23.28767123287671,14.383561643835616,62.328767123287676,3.4246575342465753,58.9041095890411
E00034677,339,71,36,35,268,20,248,20.943952802359885,10.619469026548673,10.32448377581121,79.05604719764013,5.899705014749262,73.15634218289085
E00034678,392,123,67,56,269,24,245,31.377551020408163,17.091836734693878,14.285714285714285,68.62244897959184,6.122448979591836,62.5
E00034679,301,73,34,39,228,20,208,24.25249169435216,11.295681063122924,12.956810631229235,75.74750830564784,6.64451827242525,69.10299003322258
E00034680,341,81,36,45,260,17,243,23.75366568914956,10.557184750733137,13.196480938416421,76.24633431085044,4.9853372434017595,71.26099706744868
E00034681,308,58,21,37,250,16,234,18.83116883116883,6.8181818181818175,12.012987012987013,81.16883116883116,5.194805194805195,75.97402597402598
E00034682,241,34,11,23,207,29,178,14.107883817427386,4.564315352697095,9.54356846473029,85.89211618257261,12.033195020746888,73.85892116182573
E00034683,348,81,37,44,267,23,244,23.275862068965516,10.632183908045976,12.643678160919542,76.72413793103449,6.609195402298851,70.11494252873564
E00034684,292,70,34,36,222,12,210,23.972602739726025,11.643835616438356,12.32876712328767,76.02739726027397,4.10958904109589,71.91780821917808
E00034685,295,67,40,27,228,24,204,22.71186440677966,13.559322033898304,9.152542372881356,77.28813559322035,8.135593220338983,69.15254237288136
E00034686,293,75,33,42,218,17,201,25.597269624573375,11.262798634812286,14.334470989761092,74.40273037542661,5.802047781569966,68.60068259385666
E00034687,333,70,34,36,263,23,240,21.02102102102102,10.21021021021021,10.81081081081081,78.97897897897897,6.906906906906906,72.07207207207207
E00034688,224,54,24,30,170,13,157,24.107142857142858,10.714285714285714,13.392857142857142,75.89285714285714,5.803571428571429,70.08928571428571
E00034689,246,67,45,22,179,13,166,27.235772357723576,18.29268292682927,8.94308943089431,72.76422764227642,5.284552845528456,67.47967479674797
E00034690,298,80,38,42,218,23,195,26.845637583892618,12.751677852348994,14.093959731543624,73.15436241610739,7.718120805369128,65.43624161073825
E00034691,275,72,25,47,203,22,181,26.181818181818183,9.090909090909092,17.09090909090909,73.81818181818181,8,65.81818181818181
E00034692,266,71,39,32,195,23,172,26.691729323308273,14.661654135338345,12.030075187969924,73.30827067669173,8.646616541353383,64.66165413533834
E00034693,305,51,27,24,254,19,235,16.721311475409838,8.852459016393443,7.868852459016394,83.27868852459017,6.229508196721312,77.04918032786885
E00034694,273,67,38,29,206,28,178,24.54212454212454,13.91941391941392,10.622710622710622,75.45787545787546,10.256410256410255,65.2014652014652
E00034695,498,109,62,47,389,27,362,21.88755020080321,12.449799196787147,9.437751004016064,78.1124497991968,5.421686746987952,72.69076305220884
E00034696,301,71,41,30,230,17,213,23.588039867109632,13.621262458471762,9.966777408637874,76.41196013289037,5.647840531561462,70.7641196013289
E00034697,229,66,31,35,163,13,150,28.82096069868996,13.537117903930133,15.283842794759824,71.17903930131004,5.676855895196507,65.50218340611353
E00034698,363,77,39,38,286,22,264,21.21212121212121,10.743801652892563,10.46831955922865,78.78787878787878,6.0606060606060606,72.72727272727273
E00034699,288,80,40,40,208,17,191,27.77777777777778,13.88888888888889,13.88888888888889,72.22222222222221,5.902777777777778,66.31944444444444
E00034700,278,60,19,41,218,17,201,21.58273381294964,6.83453237410072,14.748201438848922,78.41726618705036,6.115107913669065,72.3021582733813
E00034701,240,78,41,37,162,13,149,32.5,17.083333333333332,15.416666666666668,67.5,5.416666666666667,62.083333333333336
E00034702,240,84,39,45,156,12,144,35,16.25,18.75,65,5,60
E00034703,292,63,24,39,229,10,219,21.575342465753426,8.21917808219178,13.356164383561644,78.42465753424658,3.4246575342465753,75
E00034704,346,59,24,35,287,23,264,17.052023121387283,6.9364161849710975,10.115606936416185,82.94797687861272,6.6473988439306355,76.30057803468208
E00034705,266,58,34,24,208,18,190,21.804511278195488,12.781954887218044,9.022556390977442,78.19548872180451,6.7669172932330826,71.42857142857143
E00034706,258,45,18,27,213,20,193,17.441860465116278,6.976744186046512,10.465116279069768,82.55813953488372,7.751937984496124,74.8062015503876
E00034707,286,80,41,39,206,12,194,27.972027972027973,14.335664335664337,13.636363636363635,72.02797202797203,4.195804195804196,67.83216783216784
E00034708,311,87,38,49,224,15,209,27.974276527331188,12.218649517684888,15.755627009646304,72.02572347266882,4.823151125401929,67.20257234726688
E00034709,291,64,29,35,227,16,211,21.993127147766323,9.965635738831615,12.027491408934708,78.00687285223368,5.498281786941581,72.5085910652921
E00034710,231,47,21,26,184,17,167,20.346320346320347,9.090909090909092,11.255411255411255,79.65367965367966,7.35930735930736,72.2943722943723
E00034711,444,102,47,55,342,33,309,22.972972972972975,10.585585585585585,12.387387387387387,77.02702702702703,7.4324324324324325,69.5945945945946
E00034712,336,88,49,39,248,17,231,26.190476190476193,14.583333333333334,11.607142857142858,73.80952380952381,5.059523809523809,68.75
E00034713,275,72,40,32,203,20,183,26.181818181818183,14.545454545454545,11.636363636363637,73.81818181818181,7.2727272727272725,66.54545454545455
E00034714,260,57,35,22,203,9,194,21.923076923076923,13.461538461538462,8.461538461538462,78.07692307692308,3.4615384615384617,74.61538461538461
E00034715,268,37,12,25,231,23,208,13.805970149253731,4.477611940298507,9.328358208955224,86.19402985074626,8.582089552238806,77.61194029850746
E00034716,319,115,71,44,204,13,191,36.05015673981191,22.25705329153605,13.793103448275861,63.94984326018809,4.075235109717868,59.87460815047022
E00034717,399,103,53,50,296,27,269,25.81453634085213,13.283208020050125,12.531328320802004,74.18546365914787,6.7669172932330826,67.41854636591479
E00034718,244,75,37,38,169,23,146,30.737704918032787,15.163934426229508,15.573770491803279,69.26229508196722,9.426229508196721,59.83606557377049
E00034719,273,67,27,40,206,22,184,24.54212454212454,9.89010989010989,14.652014652014653,75.45787545787546,8.058608058608058,67.3992673992674
E00034720,272,66,30,36,206,27,179,24.264705882352942,11.029411764705882,13.23529411764706,75.73529411764706,9.926470588235293,65.80882352941177
E00034721,233,58,34,24,175,12,163,24.892703862660944,14.592274678111588,10.300429184549357,75.10729613733905,5.150214592274678,69.95708154506438
E00034722,292,76,45,31,216,23,193,26.027397260273972,15.41095890410959,10.616438356164384,73.97260273972603,7.876712328767123,66.0958904109589
E00034723,367,91,43,48,276,16,260,24.795640326975477,11.716621253405995,13.079019073569482,75.20435967302453,4.35967302452316,70.84468664850137
E00034724,303,44,23,21,259,22,237,14.521452145214523,7.590759075907591,6.9306930693069315,85.47854785478548,7.2607260726072615,78.21782178217822
E00034725,228,62,35,27,166,17,149,27.192982456140353,15.350877192982457,11.842105263157894,72.80701754385966,7.456140350877193,65.35087719298247
E00034726,261,50,28,22,211,16,195,19.157088122605366,10.727969348659004,8.42911877394636,80.84291187739464,6.130268199233716,74.71264367816092
E00034727,296,59,29,30,237,22,215,19.93243243243243,9.797297297297296,10.135135135135135,80.06756756756756,7.4324324324324325,72.63513513513513
E00034728,270,53,26,27,217,17,200,19.62962962962963,9.62962962962963,10,80.37037037037037,6.296296296296296,74.07407407407408
E00034729,183,94,56,38,89,13,76,51.36612021857923,30.601092896174865,20.76502732240437,48.63387978142077,7.103825136612022,41.53005464480874
E00034731,225,48,17,31,177,15,162,21.333333333333336,7.555555555555555,13.777777777777779,78.66666666666666,6.666666666666667,72
E00034732,186,64,32,32,122,9,113,34.40860215053764,17.20430107526882,17.20430107526882,65.59139784946237,4.838709677419355,60.752688172043015
E00034733,242,55,26,29,187,28,159,22.727272727272727,10.743801652892563,11.983471074380166,77.27272727272727,11.570247933884298,65.70247933884298
E00034734,338,56,27,29,282,32,250,16.56804733727811,7.988165680473373,8.579881656804734,83.4319526627219,9.467455621301776,73.96449704142012
E00034735,314,71,40,31,243,22,221,22.611464968152866,12.738853503184714,9.872611464968154,77.38853503184714,7.006369426751593,70.38216560509554
E00034736,284,46,21,25,238,15,223,16.19718309859155,7.394366197183098,8.80281690140845,83.80281690140845,5.28169014084507,78.52112676056338
E00034737,205,61,30,31,144,12,132,29.756097560975608,14.634146341463413,15.121951219512194,70.24390243902438,5.853658536585367,64.39024390243902
E00034738,272,47,21,26,225,23,202,17.27941176470588,7.720588235294118,9.558823529411764,82.72058823529412,8.455882352941178,74.26470588235294
E00034739,311,68,24,44,243,21,222,21.864951768488748,7.717041800643088,14.14790996784566,78.13504823151125,6.752411575562702,71.38263665594855
E00034740,321,69,34,35,252,23,229,21.49532710280374,10.59190031152648,10.903426791277258,78.50467289719626,7.165109034267912,71.33956386292834
E00034741,302,58,26,32,244,24,220,19.205298013245034,8.609271523178808,10.596026490066226,80.79470198675497,7.9470198675496695,72.84768211920529
E00034742,292,75,40,35,217,15,202,25.684931506849317,13.698630136986301,11.986301369863012,74.31506849315068,5.136986301369863,69.17808219178082
E00034743,279,59,29,30,220,24,196,21.14695340501792,10.39426523297491,10.75268817204301,78.85304659498208,8.60215053763441,70.25089605734766
E00034744,366,113,66,47,253,16,237,30.87431693989071,18.0327868852459,12.841530054644808,69.12568306010928,4.371584699453552,64.75409836065575
E00034745,289,81,43,38,208,25,183,28.027681660899656,14.878892733564014,13.148788927335639,71.97231833910035,8.650519031141869,63.32179930795848
E00034746,257,48,17,31,209,17,192,18.67704280155642,6.614785992217899,12.062256809338521,81.32295719844358,6.614785992217899,74.70817120622569
E00034747,290,52,19,33,238,26,212,17.93103448275862,6.551724137931035,11.379310344827587,82.06896551724138,8.96551724137931,73.10344827586206
E00034748,297,67,38,29,230,19,211,22.55892255892256,12.794612794612794,9.764309764309765,77.44107744107744,6.397306397306397,71.04377104377105
E00034749,271,71,32,39,200,23,177,26.199261992619927,11.808118081180812,14.391143911439114,73.80073800738008,8.487084870848708,65.31365313653137
E00034750,306,77,41,36,229,13,216,25.163398692810457,13.398692810457517,11.76470588235294,74.83660130718954,4.248366013071895,70.58823529411765
E00034751,274,76,34,42,198,19,179,27.73722627737226,12.408759124087592,15.328467153284672,72.26277372262774,6.934306569343065,65.32846715328468
E00034752,317,72,41,31,245,19,226,22.71293375394322,12.933753943217665,9.779179810725552,77.28706624605678,5.993690851735016,71.29337539432177
E00034753,287,78,41,37,209,13,196,27.177700348432055,14.285714285714285,12.89198606271777,72.82229965156795,4.529616724738676,68.29268292682927
E00034754,395,108,74,34,287,17,270,27.341772151898734,18.734177215189874,8.60759493670886,72.65822784810126,4.30379746835443,68.35443037974683
E00034755,259,82,44,38,177,14,163,31.66023166023166,16.988416988416986,14.671814671814673,68.33976833976834,5.405405405405405,62.93436293436293
E00034756,358,43,22,21,315,24,291,12.011173184357542,6.145251396648044,5.865921787709497,87.98882681564247,6.70391061452514,81.28491620111731
E00034757,451,75,31,44,376,25,351,16.62971175166297,6.873614190687362,9.75609756097561,83.37028824833703,5.543237250554324,77.8270509977827
E00034758,348,71,33,38,277,25,252,20.402298850574713,9.482758620689655,10.919540229885058,79.59770114942529,7.183908045977011,72.41379310344827
E00034759,339,93,58,35,246,13,233,27.43362831858407,17.10914454277286,10.32448377581121,72.56637168141593,3.8348082595870205,68.73156342182891
E00034760,287,55,26,29,232,26,206,19.16376306620209,9.059233449477352,10.104529616724738,80.8362369337979,9.059233449477352,71.77700348432056
E00034761,450,66,31,35,384,36,348,14.666666666666666,6.888888888888889,7.777777777777778,85.33333333333334,8,77.33333333333333
E00034762,458,87,38,49,371,27,344,18.995633187772924,8.296943231441048,10.698689956331878,81.00436681222706,5.895196506550218,75.10917030567686
E00034763,255,48,17,31,207,17,190,18.823529411764707,6.666666666666667,12.156862745098039,81.17647058823529,6.666666666666667,74.50980392156863
E00034764,222,48,23,25,174,15,159,21.62162162162162,10.36036036036036,11.26126126126126,78.37837837837837,6.756756756756757,71.62162162162163
E00034765,408,87,41,46,321,36,285,21.323529411764707,10.049019607843137,11.27450980392157,78.67647058823529,8.823529411764707,69.85294117647058
E00034766,254,36,17,19,218,26,192,14.173228346456693,6.692913385826772,7.480314960629922,85.8267716535433,10.236220472440944,75.59055118110236
E00034767,108,21,7,14,87,11,76,19.444444444444446,6.481481481481481,12.962962962962962,80.55555555555556,10.185185185185185,70.37037037037037
E00034768,311,61,25,36,250,16,234,19.614147909967848,8.038585209003216,11.57556270096463,80.38585209003215,5.144694533762058,75.2411575562701
E00034769,270,73,31,42,197,18,179,27.037037037037038,11.481481481481481,15.555555555555555,72.96296296296296,6.666666666666667,66.2962962962963
E00034770,264,58,38,20,206,13,193,21.96969696969697,14.393939393939394,7.575757575757576,78.03030303030303,4.924242424242424,73.10606060606061
E00034771,368,95,54,41,273,16,257,25.815217391304344,14.673913043478262,11.141304347826086,74.18478260869566,4.3478260869565215,69.83695652173914
E00034772,286,27,10,17,259,20,239,9.44055944055944,3.4965034965034967,5.944055944055944,90.55944055944056,6.993006993006993,83.56643356643356
E00034773,290,90,65,25,200,9,191,31.03448275862069,22.413793103448278,8.620689655172415,68.96551724137932,3.103448275862069,65.86206896551724
E00034774,207,50,30,20,157,14,143,24.154589371980677,14.492753623188406,9.66183574879227,75.84541062801932,6.763285024154589,69.08212560386472
E00034776,255,100,48,52,155,15,140,39.21568627450981,18.823529411764707,20.392156862745097,60.78431372549019,5.88235294117647,54.90196078431373
E00034778,321,55,16,39,266,33,233,17.133956386292834,4.984423676012461,12.149532710280374,82.86604361370716,10.2803738317757,72.58566978193146
E00034779,283,50,21,29,233,24,209,17.6678445229682,7.420494699646643,10.247349823321555,82.3321554770318,8.480565371024735,73.85159010600707
E00034780,409,47,17,30,362,29,333,11.491442542787286,4.156479217603912,7.334963325183375,88.50855745721272,7.090464547677261,81.41809290953546
E00034781,225,49,20,29,176,24,152,21.777777777777775,8.88888888888889,12.88888888888889,78.22222222222223,10.666666666666668,67.55555555555556
E00034782,308,31,13,18,277,23,254,10.064935064935066,4.220779220779221,5.844155844155844,89.93506493506493,7.467532467532467,82.46753246753246
E00034783,235,53,25,28,182,12,170,22.5531914893617,10.638297872340425,11.914893617021278,77.4468085106383,5.106382978723404,72.3404255319149
E00034784,251,43,11,32,208,20,188,17.131474103585656,4.382470119521913,12.749003984063744,82.86852589641434,7.968127490039841,74.9003984063745
E00034785,320,35,9,26,285,33,252,10.9375,2.8125,8.125,89.0625,10.3125,78.75
E00034786,262,55,19,36,207,24,183,20.99236641221374,7.251908396946565,13.740458015267176,79.00763358778626,9.16030534351145,69.8473282442748
E00034787,421,76,32,44,345,29,316,18.052256532066508,7.600950118764846,10.451306413301662,81.94774346793349,6.88836104513064,75.05938242280284
E00034788,268,73,34,39,195,17,178,27.238805970149254,12.686567164179104,14.55223880597015,72.76119402985076,6.343283582089552,66.4179104477612
E00034789,297,54,19,35,243,25,218,18.181818181818183,6.397306397306397,11.784511784511785,81.81818181818183,8.417508417508419,73.4006734006734
E00034790,317,88,48,40,229,20,209,27.760252365930597,15.141955835962145,12.618296529968454,72.2397476340694,6.309148264984227,65.93059936908517
E00034791,348,96,48,48,252,13,239,27.586206896551722,13.793103448275861,13.793103448275861,72.41379310344827,3.7356321839080464,68.67816091954023
E00034792,300,50,22,28,250,22,228,16.666666666666664,7.333333333333333,9.333333333333334,83.33333333333334,7.333333333333333,76
E00034793,244,77,38,39,167,12,155,31.557377049180328,15.573770491803279,15.983606557377051,68.44262295081968,4.918032786885246,63.52459016393443
E00034794,248,89,57,32,159,14,145,35.88709677419355,22.983870967741936,12.903225806451612,64.11290322580645,5.64516129032258,58.46774193548387
E00034795,227,57,32,25,170,15,155,25.11013215859031,14.096916299559473,11.013215859030836,74.8898678414097,6.607929515418502,68.28193832599119
E00034796,501,65,22,43,436,41,395,12.974051896207584,4.39121756487026,8.582834331337326,87.02594810379242,8.183632734530939,78.84231536926147
E00034797,558,59,22,37,499,45,454,10.57347670250896,3.942652329749104,6.630824372759856,89.42652329749103,8.064516129032258,81.36200716845879
E00034798,449,75,30,45,374,37,337,16.70378619153675,6.6815144766147,10.022271714922049,83.29621380846325,8.240534521158128,75.05567928730513
E00034799,412,74,39,35,338,22,316,17.96116504854369,9.466019417475728,8.495145631067961,82.03883495145631,5.339805825242718,76.69902912621359
E00034800,291,59,31,28,232,10,222,20.274914089347078,10.652920962199312,9.621993127147768,79.72508591065292,3.436426116838488,76.28865979381443
E00034801,351,72,34,38,279,33,246,20.51282051282051,9.686609686609685,10.826210826210826,79.48717948717949,9.401709401709402,70.08547008547008
E00034802,321,65,30,35,256,23,233,20.24922118380062,9.345794392523365,10.903426791277258,79.75077881619937,7.165109034267912,72.58566978193146
E00034803,337,85,46,39,252,20,232,25.222551928783382,13.649851632047477,11.572700296735905,74.77744807121661,5.934718100890208,68.84272997032642
E00034804,451,68,26,42,383,27,356,15.077605321507761,5.764966740576496,9.312638580931264,84.92239467849224,5.986696230598669,78.93569844789357
E00034805,341,100,58,42,241,22,219,29.32551319648094,17.008797653958943,12.316715542521994,70.67448680351906,6.451612903225806,64.22287390029325
E00034806,256,60,32,28,196,14,182,23.4375,12.5,10.9375,76.5625,5.46875,71.09375
E00034807,228,49,24,25,179,18,161,21.49122807017544,10.526315789473683,10.964912280701753,78.50877192982456,7.894736842105263,70.6140350877193
E00034808,344,77,41,36,267,20,247,22.38372093023256,11.918604651162791,10.465116279069768,77.61627906976744,5.813953488372093,71.80232558139535
E00034809,260,44,12,32,216,20,196,16.923076923076923,4.615384615384616,12.307692307692308,83.07692307692308,7.6923076923076925,75.38461538461539
E00034810,406,68,31,37,338,37,301,16.748768472906402,7.635467980295567,9.113300492610838,83.2512315270936,9.113300492610838,74.13793103448276
E00034811,334,82,43,39,252,9,243,24.550898203592812,12.874251497005988,11.676646706586826,75.44910179640718,2.694610778443114,72.75449101796407
E00034812,455,66,29,37,389,38,351,14.505494505494507,6.373626373626373,8.131868131868131,85.49450549450549,8.35164835164835,77.14285714285715
E00034813,379,57,25,32,322,32,290,15.03957783641161,6.596306068601583,8.443271767810026,84.96042216358839,8.443271767810026,76.51715039577837
E00034814,292,85,44,41,207,29,178,29.10958904109589,15.068493150684931,14.04109589041096,70.8904109589041,9.931506849315069,60.95890410958904
E00034815,267,60,28,32,207,15,192,22.47191011235955,10.486891385767791,11.985018726591761,77.52808988764045,5.617977528089887,71.91011235955057
E00034816,319,70,36,34,249,16,233,21.9435736677116,11.285266457680251,10.658307210031348,78.0564263322884,5.015673981191222,73.04075235109718
E00034817,279,74,34,40,205,19,186,26.523297491039425,12.186379928315413,14.336917562724013,73.47670250896059,6.810035842293908,66.66666666666666
E00034818,263,119,77,42,144,7,137,45.247148288973385,29.277566539923956,15.96958174904943,54.752851711026615,2.6615969581749046,52.09125475285171
E00034819,238,59,25,34,179,13,166,24.789915966386555,10.504201680672269,14.285714285714285,75.21008403361344,5.46218487394958,69.74789915966386
E00034821,359,82,44,38,277,15,262,22.841225626740947,12.256267409470752,10.584958217270195,77.15877437325905,4.178272980501393,72.98050139275766
E00034822,201,54,29,25,147,11,136,26.865671641791046,14.427860696517413,12.437810945273633,73.13432835820896,5.472636815920398,67.66169154228857
E00034823,349,82,40,42,267,30,237,23.49570200573066,11.461318051575931,12.034383954154727,76.50429799426934,8.595988538681947,67.90830945558739
E00034824,295,83,47,36,212,16,196,28.135593220338983,15.932203389830507,12.203389830508476,71.86440677966101,5.423728813559322,66.44067796610169
E00034825,307,68,24,44,239,24,215,22.149837133550488,7.81758957654723,14.332247557003258,77.85016286644951,7.81758957654723,70.03257328990227
E00034826,374,96,49,47,278,24,254,25.668449197860966,13.101604278074866,12.566844919786096,74.33155080213903,6.417112299465241,67.9144385026738
E00034827,333,86,42,44,247,30,217,25.825825825825827,12.612612612612612,13.213213213213212,74.17417417417418,9.00900900900901,65.16516516516516
E00034828,382,72,33,39,310,38,272,18.848167539267017,8.638743455497382,10.209424083769633,81.15183246073299,9.947643979057592,71.20418848167539
E00034829,237,83,44,39,154,15,139,35.0210970464135,18.565400843881857,16.455696202531644,64.9789029535865,6.329113924050633,58.64978902953587
E00034830,216,73,47,26,143,12,131,33.7962962962963,21.75925925925926,12.037037037037036,66.20370370370371,5.555555555555555,60.64814814814815
E00034832,225,73,43,30,152,16,136,32.44444444444444,19.11111111111111,13.333333333333334,67.55555555555556,7.111111111111111,60.44444444444444
E00034833,304,111,51,60,193,15,178,36.51315789473684,16.776315789473685,19.736842105263158,63.48684210526315,4.934210526315789,58.55263157894737
E00034834,284,104,55,49,180,13,167,36.61971830985916,19.366197183098592,17.253521126760564,63.38028169014085,4.577464788732395,58.80281690140845
E00034835,307,71,38,33,236,16,220,23.12703583061889,12.37785016286645,10.749185667752444,76.8729641693811,5.211726384364821,71.66123778501628
E00034836,215,67,37,30,148,12,136,31.16279069767442,17.209302325581397,13.953488372093023,68.83720930232559,5.5813953488372094,63.25581395348837
E00034837,276,66,35,31,210,13,197,23.91304347826087,12.681159420289855,11.231884057971014,76.08695652173914,4.710144927536232,71.37681159420289
E00034838,438,90,39,51,348,25,323,20.54794520547945,8.904109589041095,11.643835616438356,79.45205479452055,5.707762557077626,73.74429223744292
E00034839,307,75,36,39,232,26,206,24.429967426710096,11.726384364820847,12.703583061889251,75.57003257328991,8.469055374592834,67.10097719869707
E00034840,267,70,40,30,197,19,178,26.217228464419474,14.981273408239701,11.235955056179774,73.78277153558052,7.116104868913857,66.66666666666666
E00034841,332,68,39,29,264,24,240,20.481927710843372,11.74698795180723,8.734939759036145,79.51807228915662,7.228915662650602,72.28915662650603
E00034842,505,170,100,70,335,12,323,33.663366336633665,19.801980198019802,13.861386138613863,66.33663366336634,2.376237623762376,63.960396039603964
E00034844,276,59,22,37,217,14,203,21.3768115942029,7.971014492753622,13.405797101449277,78.62318840579711,5.072463768115942,73.55072463768117
E00034845,238,62,24,38,176,28,148,26.05042016806723,10.084033613445378,15.966386554621847,73.94957983193278,11.76470588235294,62.18487394957983
E00034846,294,103,54,49,191,10,181,35.034013605442176,18.367346938775512,16.666666666666664,64.96598639455783,3.4013605442176873,61.564625850340136
E00034847,280,86,49,37,194,15,179,30.714285714285715,17.5,13.214285714285715,69.28571428571428,5.357142857142857,63.92857142857142
E00034848,265,66,24,42,199,10,189,24.90566037735849,9.056603773584905,15.849056603773585,75.09433962264151,3.7735849056603774,71.32075471698113
E00034849,294,58,29,29,236,20,216,19.727891156462583,9.863945578231291,9.863945578231291,80.27210884353741,6.802721088435375,73.46938775510205
E00034850,412,116,66,50,296,20,276,28.155339805825243,16.019417475728158,12.135922330097088,71.84466019417476,4.854368932038835,66.99029126213593
E00034851,341,76,30,46,265,32,233,22.28739002932551,8.797653958944283,13.48973607038123,77.71260997067448,9.3841642228739,68.32844574780059
E00034852,373,106,48,58,267,19,248,28.418230563002684,12.868632707774799,15.549597855227882,71.58176943699732,5.093833780160858,66.48793565683646
E00034853,354,84,31,53,270,21,249,23.728813559322035,8.757062146892656,14.971751412429379,76.27118644067797,5.932203389830509,70.33898305084746
E00034854,233,72,35,37,161,14,147,30.90128755364807,15.021459227467812,15.879828326180256,69.09871244635193,6.008583690987124,63.0901287553648
E00034855,202,69,40,29,133,10,123,34.15841584158416,19.801980198019802,14.356435643564355,65.84158415841584,4.9504950495049505,60.89108910891089
E00034856,284,80,46,34,204,11,193,28.169014084507044,16.19718309859155,11.971830985915492,71.83098591549296,3.873239436619718,67.95774647887323
E00034857,288,103,61,42,185,21,164,35.76388888888889,21.180555555555554,14.583333333333334,64.23611111111111,7.291666666666667,56.94444444444444
E00034858,199,59,33,26,140,20,120,29.64824120603015,16.582914572864322,13.06532663316583,70.35175879396985,10.050251256281408,60.30150753768844
E00034859,180,86,59,27,94,6,88,47.77777777777778,32.77777777777778,15,52.22222222222223,3.3333333333333335,48.888888888888886
E00034860,342,71,33,38,271,32,239,20.760233918128655,9.649122807017543,11.11111111111111,79.23976608187134,9.35672514619883,69.88304093567251
E00034861,281,71,31,40,210,20,190,25.26690391459075,11.032028469750891,14.23487544483986,74.73309608540926,7.11743772241993,67.61565836298932
E00034862,404,139,79,60,265,19,246,34.4059405940594,19.554455445544555,14.85148514851485,65.5940594059406,4.702970297029703,60.89108910891089
E00034863,285,61,25,36,224,21,203,21.403508771929825,8.771929824561402,12.631578947368421,78.59649122807018,7.368421052631578,71.2280701754386
E00034864,194,74,43,31,120,12,108,38.144329896907216,22.164948453608247,15.979381443298967,61.855670103092784,6.185567010309279,55.670103092783506
E00034865,296,80,55,25,216,19,197,27.027027027027028,18.58108108108108,8.445945945945946,72.97297297297297,6.418918918918918,66.55405405405406
E00034866,223,88,45,43,135,10,125,39.46188340807175,20.179372197309416,19.282511210762333,60.53811659192825,4.484304932735426,56.05381165919282
E00034867,345,87,50,37,258,14,244,25.217391304347824,14.492753623188406,10.72463768115942,74.78260869565217,4.057971014492753,70.72463768115942
E00034868,237,61,31,30,176,29,147,25.738396624472575,13.080168776371309,12.658227848101266,74.26160337552743,12.236286919831224,62.0253164556962
E00034869,263,76,38,38,187,19,168,28.89733840304182,14.44866920152091,14.44866920152091,71.10266159695817,7.224334600760455,63.87832699619772
E00034870,263,90,54,36,173,13,160,34.22053231939163,20.53231939163498,13.688212927756654,65.77946768060836,4.942965779467681,60.836501901140686
E00034871,259,57,26,31,202,19,183,22.00772200772201,10.038610038610038,11.96911196911197,77.99227799227799,7.335907335907336,70.65637065637065
E00034872,281,63,34,29,218,14,204,22.419928825622776,12.099644128113878,10.320284697508896,77.58007117437722,4.98220640569395,72.59786476868328
E00034873,243,66,32,34,177,23,154,27.160493827160494,13.168724279835391,13.991769547325102,72.8395061728395,9.465020576131687,63.37448559670782
E00034874,300,68,29,39,232,27,205,22.666666666666664,9.666666666666666,13,77.33333333333333,9,68.33333333333333
E00034875,237,71,32,39,166,21,145,29.957805907172997,13.502109704641349,16.455696202531644,70.042194092827,8.860759493670885,61.18143459915611
E00034876,280,67,40,27,213,17,196,23.92857142857143,14.285714285714285,9.642857142857144,76.07142857142857,6.071428571428571,70
E00034877,260,67,38,29,193,14,179,25.769230769230766,14.615384615384617,11.153846153846155,74.23076923076923,5.384615384615385,68.84615384615384
E00034878,283,83,45,38,200,22,178,29.328621908127207,15.901060070671377,13.427561837455832,70.6713780918728,7.773851590106007,62.89752650176679
E00034879,235,76,40,36,159,23,136,32.340425531914896,17.02127659574468,15.319148936170212,67.65957446808511,9.787234042553191,57.87234042553191
E00034880,141,66,49,17,75,8,67,46.808510638297875,34.751773049645394,12.056737588652481,53.191489361702125,5.673758865248227,47.5177304964539
E00034881,199,46,21,25,153,23,130,23.115577889447238,10.552763819095476,12.562814070351758,76.88442211055276,11.557788944723619,65.32663316582915
E00034882,212,85,52,33,127,9,118,40.09433962264151,24.528301886792452,15.566037735849056,59.905660377358494,4.245283018867925,55.660377358490564
E00034883,273,57,24,33,216,13,203,20.87912087912088,8.791208791208792,12.087912087912088,79.12087912087912,4.761904761904762,74.35897435897436
E00034884,216,62,29,33,154,11,143,28.703703703703702,13.425925925925927,15.277777777777779,71.29629629629629,5.092592592592593,66.20370370370371
E00034885,322,69,31,38,253,22,231,21.428571428571427,9.627329192546584,11.801242236024844,78.57142857142857,6.832298136645963,71.73913043478261
E00034886,221,65,28,37,156,24,132,29.411764705882355,12.669683257918551,16.7420814479638,70.58823529411765,10.85972850678733,59.72850678733032
E00034887,233,80,49,31,153,14,139,34.33476394849785,21.030042918454935,13.304721030042918,65.66523605150213,6.008583690987124,59.65665236051502
E00034888,316,78,39,39,238,29,209,24.68354430379747,12.341772151898734,12.341772151898734,75.31645569620254,9.177215189873419,66.13924050632912
E00034889,226,92,57,35,134,10,124,40.707964601769916,25.221238938053098,15.486725663716813,59.29203539823009,4.424778761061947,54.86725663716814
E00034890,220,51,18,33,169,10,159,23.18181818181818,8.181818181818182,15,76.81818181818181,4.545454545454546,72.27272727272728
E00034891,265,103,69,34,162,19,143,38.86792452830189,26.037735849056602,12.830188679245284,61.13207547169811,7.169811320754717,53.9622641509434
E00034892,275,56,19,37,219,25,194,20.363636363636363,6.909090909090909,13.454545454545455,79.63636363636364,9.090909090909092,70.54545454545455
E00034893,253,63,24,39,190,19,171,24.90118577075099,9.486166007905137,15.41501976284585,75.09881422924902,7.5098814229249005,67.58893280632411
E00034894,270,51,15,36,219,23,196,18.88888888888889,5.555555555555555,13.333333333333334,81.11111111111111,8.518518518518519,72.5925925925926
E00034895,328,60,24,36,268,30,238,18.29268292682927,7.317073170731707,10.975609756097562,81.70731707317073,9.146341463414634,72.5609756097561
E00034896,355,61,26,35,294,26,268,17.183098591549296,7.323943661971831,9.859154929577464,82.8169014084507,7.323943661971831,75.49295774647888
E00034897,295,53,24,29,242,22,220,17.966101694915253,8.135593220338983,9.830508474576272,82.03389830508473,7.457627118644068,74.57627118644068
E00034898,279,28,14,14,251,32,219,10.03584229390681,5.017921146953405,5.017921146953405,89.96415770609319,11.469534050179211,78.49462365591397
E00034899,298,51,23,28,247,31,216,17.114093959731544,7.718120805369128,9.395973154362416,82.88590604026845,10.40268456375839,72.48322147651007
E00034900,322,67,31,36,255,30,225,20.80745341614907,9.627329192546584,11.180124223602485,79.19254658385093,9.316770186335404,69.87577639751554
E00034901,226,37,20,17,189,30,159,16.371681415929203,8.849557522123893,7.52212389380531,83.6283185840708,13.274336283185843,70.35398230088495
E00034902,237,63,26,37,174,23,151,26.582278481012654,10.970464135021098,15.611814345991561,73.41772151898735,9.70464135021097,63.71308016877637
E00034903,384,70,33,37,314,24,290,18.229166666666664,8.59375,9.635416666666668,81.77083333333334,6.25,75.52083333333334
E00034904,293,39,15,24,254,23,231,13.310580204778159,5.1194539249146755,8.19112627986348,86.68941979522185,7.849829351535837,78.839590443686
E00034905,268,63,33,30,205,18,187,23.507462686567166,12.313432835820896,11.194029850746269,76.49253731343283,6.7164179104477615,69.77611940298507
E00034906,312,56,30,26,256,29,227,17.94871794871795,9.615384615384617,8.333333333333332,82.05128205128204,9.294871794871796,72.75641025641025
E00034907,205,29,11,18,176,21,155,14.146341463414632,5.365853658536586,8.780487804878048,85.85365853658537,10.24390243902439,75.60975609756098
E00034908,214,44,14,30,170,15,155,20.5607476635514,6.5420560747663545,14.018691588785046,79.43925233644859,7.009345794392523,72.42990654205607
E00034909,240,58,29,29,182,19,163,24.166666666666668,12.083333333333334,12.083333333333334,75.83333333333333,7.916666666666666,67.91666666666667
E00034910,303,67,32,35,236,24,212,22.112211221122113,10.561056105610561,11.55115511551155,77.88778877887789,7.920792079207921,69.96699669966998
E00034911,281,44,23,21,237,12,225,15.658362989323843,8.185053380782918,7.473309608540925,84.34163701067615,4.270462633451958,80.0711743772242
E00034912,276,55,33,22,221,34,187,19.92753623188406,11.956521739130435,7.971014492753622,80.07246376811594,12.318840579710146,67.7536231884058
E00034913,283,59,29,30,224,24,200,20.848056537102476,10.247349823321555,10.60070671378092,79.15194346289752,8.480565371024735,70.6713780918728
E00034914,308,56,28,28,252,29,223,18.181818181818183,9.090909090909092,9.090909090909092,81.81818181818183,9.415584415584416,72.40259740259741
E00034915,285,42,24,18,243,32,211,14.736842105263156,8.421052631578947,6.315789473684211,85.26315789473684,11.228070175438596,74.03508771929825
E00034916,250,50,27,23,200,17,183,20,10.8,9.2,80,6.800000000000001,73.2
E00034917,262,47,22,25,215,23,192,17.938931297709924,8.396946564885496,9.541984732824428,82.06106870229007,8.778625954198473,73.2824427480916
E00034918,283,45,23,22,238,25,213,15.901060070671377,8.12720848056537,7.773851590106007,84.09893992932862,8.8339222614841,75.26501766784452
E00034919,287,54,23,31,233,26,207,18.81533101045296,8.013937282229964,10.801393728222997,81.18466898954703,9.059233449477352,72.12543554006969
E00034920,325,58,18,40,267,21,246,17.846153846153847,5.538461538461538,12.307692307692308,82.15384615384616,6.461538461538462,75.6923076923077
E00034921,217,37,16,21,180,19,161,17.050691244239633,7.373271889400922,9.67741935483871,82.94930875576037,8.755760368663594,74.19354838709677
E00034922,252,33,11,22,219,19,200,13.095238095238097,4.365079365079365,8.73015873015873,86.90476190476191,7.5396825396825395,79.36507936507937
E00034923,551,111,61,50,440,42,398,20.14519056261343,11.070780399274046,9.074410163339383,79.85480943738656,7.6225045372050815,72.23230490018149
E00034924,262,49,21,28,213,13,200,18.702290076335878,8.015267175572518,10.687022900763358,81.29770992366412,4.961832061068702,76.33587786259542
E00034925,248,71,26,45,177,20,157,28.62903225806452,10.483870967741936,18.14516129032258,71.37096774193549,8.064516129032258,63.306451612903224
E00034926,292,57,25,32,235,33,202,19.52054794520548,8.561643835616438,10.95890410958904,80.47945205479452,11.301369863013697,69.17808219178082
E00034927,312,95,55,40,217,22,195,30.448717948717945,17.628205128205128,12.82051282051282,69.55128205128204,7.051282051282051,62.5
E00034928,275,54,24,30,221,27,194,19.636363636363637,8.727272727272728,10.909090909090908,80.36363636363636,9.818181818181818,70.54545454545455
E00034929,286,43,20,23,243,21,222,15.034965034965033,6.993006993006993,8.041958041958042,84.96503496503497,7.3426573426573425,77.62237762237763
E00034930,344,95,64,31,249,24,225,27.61627906976744,18.6046511627907,9.011627906976743,72.38372093023256,6.976744186046512,65.40697674418605
E00034931,291,52,22,30,239,16,223,17.869415807560138,7.560137457044673,10.309278350515463,82.13058419243985,5.498281786941581,76.6323024054983
E00034932,305,41,18,23,264,21,243,13.442622950819672,5.901639344262295,7.540983606557377,86.55737704918033,6.885245901639345,79.67213114754098
E00034933,280,55,18,37,225,20,205,19.642857142857142,6.428571428571428,13.214285714285715,80.35714285714286,7.142857142857142,73.21428571428571
E00034934,312,58,32,26,254,18,236,18.58974358974359,10.256410256410255,8.333333333333332,81.41025641025641,5.769230769230769,75.64102564102564
E00034935,277,48,24,24,229,25,204,17.328519855595665,8.664259927797833,8.664259927797833,82.67148014440433,9.025270758122744,73.6462093862816
E00034936,308,49,16,33,259,19,240,15.909090909090908,5.194805194805195,10.714285714285714,84.0909090909091,6.1688311688311686,77.92207792207793
E00034937,261,42,25,17,219,31,188,16.091954022988507,9.578544061302683,6.513409961685824,83.9080459770115,11.877394636015326,72.03065134099617
E00034938,277,77,35,42,200,17,183,27.79783393501805,12.63537906137184,15.162454873646208,72.20216606498195,6.137184115523466,66.06498194945848
E00034939,253,61,27,34,192,28,164,24.110671936758894,10.67193675889328,13.438735177865613,75.8893280632411,11.067193675889328,64.82213438735178
E00034940,292,80,44,36,212,16,196,27.397260273972602,15.068493150684931,12.32876712328767,72.6027397260274,5.47945205479452,67.12328767123287
E00034941,257,48,29,19,209,19,190,18.67704280155642,11.284046692607005,7.392996108949417,81.32295719844358,7.392996108949417,73.92996108949417
E00034942,310,107,69,38,203,19,184,34.516129032258064,22.258064516129032,12.258064516129032,65.48387096774194,6.129032258064516,59.354838709677416
E00034944,251,49,20,29,202,22,180,19.52191235059761,7.968127490039841,11.553784860557768,80.47808764940238,8.764940239043826,71.71314741035857
E00034945,315,80,34,46,235,18,217,25.396825396825395,10.793650793650794,14.603174603174605,74.60317460317461,5.714285714285714,68.88888888888889
E00034946,335,69,27,42,266,22,244,20.597014925373134,8.059701492537313,12.53731343283582,79.40298507462687,6.567164179104477,72.83582089552239
E00034947,331,71,29,42,260,15,245,21.45015105740181,8.761329305135952,12.688821752265861,78.54984894259819,4.531722054380665,74.01812688821752
E00034949,275,55,25,30,220,20,200,20,9.090909090909092,10.909090909090908,80,7.2727272727272725,72.72727272727273
E00034950,291,48,18,30,243,29,214,16.49484536082474,6.185567010309279,10.309278350515463,83.50515463917526,9.965635738831615,73.53951890034365
E00034951,310,61,25,36,249,27,222,19.67741935483871,8.064516129032258,11.612903225806452,80.3225806451613,8.709677419354838,71.61290322580646
E00034952,183,65,33,32,118,8,110,35.51912568306011,18.0327868852459,17.48633879781421,64.48087431693989,4.371584699453552,60.10928961748634
E00034953,375,73,27,46,302,21,281,19.466666666666665,7.199999999999999,12.266666666666666,80.53333333333333,5.6000000000000005,74.93333333333332
E00034954,251,53,24,29,198,19,179,21.115537848605577,9.56175298804781,11.553784860557768,78.88446215139442,7.569721115537849,71.31474103585657
E00034955,242,50,17,33,192,20,172,20.66115702479339,7.024793388429752,13.636363636363635,79.33884297520662,8.264462809917356,71.07438016528926
E00034956,249,60,30,30,189,23,166,24.096385542168676,12.048192771084338,12.048192771084338,75.90361445783132,9.236947791164658,66.66666666666666
E00034957,268,55,20,35,213,18,195,20.522388059701495,7.462686567164178,13.059701492537313,79.47761194029852,6.7164179104477615,72.76119402985076
E00034958,277,55,27,28,222,24,198,19.855595667870034,9.747292418772563,10.108303249097473,80.14440433212997,8.664259927797833,71.48014440433214
E00034959,340,98,48,50,242,29,213,28.823529411764703,14.117647058823529,14.705882352941178,71.17647058823529,8.529411764705882,62.64705882352941
E00034960,303,54,21,33,249,22,227,17.82178217821782,6.9306930693069315,10.891089108910892,82.17821782178217,7.2607260726072615,74.91749174917491
E00034961,289,68,35,33,221,20,201,23.52941176470588,12.110726643598616,11.418685121107266,76.47058823529412,6.920415224913495,69.55017301038062
E00034962,297,44,21,23,253,31,222,14.814814814814813,7.07070707070707,7.744107744107744,85.18518518518519,10.437710437710438,74.74747474747475
E00034963,333,70,30,40,263,26,237,21.02102102102102,9.00900900900901,12.012012012012011,78.97897897897897,7.807807807807808,71.17117117117117
E00034964,255,81,54,27,174,17,157,31.76470588235294,21.176470588235293,10.588235294117647,68.23529411764706,6.666666666666667,61.568627450980394
E00034965,222,44,20,24,178,18,160,19.81981981981982,9.00900900900901,10.81081081081081,80.18018018018019,8.108108108108109,72.07207207207207
E00034966,342,79,43,36,263,16,247,23.099415204678362,12.573099415204677,10.526315789473683,76.90058479532163,4.678362573099415,72.22222222222221
E00034967,372,148,95,53,224,26,198,39.784946236559136,25.537634408602152,14.24731182795699,60.215053763440864,6.989247311827956,53.2258064516129
E00034969,277,78,39,39,199,16,183,28.158844765342963,14.079422382671481,14.079422382671481,71.84115523465704,5.776173285198556,66.06498194945848
E00034970,459,100,58,42,359,34,325,21.78649237472767,12.636165577342048,9.15032679738562,78.21350762527233,7.4074074074074066,70.80610021786492
E00034972,364,66,32,34,298,33,265,18.13186813186813,8.791208791208792,9.340659340659341,81.86813186813187,9.065934065934066,72.8021978021978
E00034973,321,49,22,27,272,42,230,15.264797507788161,6.853582554517133,8.411214953271028,84.73520249221184,13.084112149532709,71.65109034267913
E00034974,417,69,29,40,348,30,318,16.546762589928058,6.954436450839328,9.59232613908873,83.45323741007195,7.1942446043165464,76.2589928057554
E00034975,281,100,55,45,181,14,167,35.587188612099645,19.572953736654807,16.014234875444842,64.41281138790036,4.98220640569395,59.430604982206404
E00034976,433,64,26,38,369,34,335,14.780600461893764,6.0046189376443415,8.775981524249422,85.21939953810623,7.852193995381063,77.36720554272517
E00034977,247,44,17,27,203,24,179,17.813765182186234,6.882591093117409,10.931174089068826,82.18623481781377,9.7165991902834,72.46963562753037
E00034978,312,67,44,23,245,26,219,21.474358974358974,14.102564102564102,7.371794871794872,78.52564102564102,8.333333333333332,70.1923076923077
E00034979,325,63,32,31,262,15,247,19.384615384615383,9.846153846153847,9.538461538461538,80.61538461538461,4.615384615384616,76
E00034980,351,53,28,25,298,20,278,15.0997150997151,7.977207977207977,7.122507122507122,84.9002849002849,5.698005698005698,79.2022792022792
E00034981,380,90,50,40,290,17,273,23.684210526315788,13.157894736842104,10.526315789473683,76.31578947368422,4.473684210526316,71.84210526315789
E00034982,256,68,37,31,188,8,180,26.5625,14.453125,12.109375,73.4375,3.125,70.3125
E00034983,504,109,51,58,395,35,360,21.626984126984127,10.119047619047619,11.507936507936508,78.37301587301587,6.944444444444445,71.42857142857143
E00034984,275,71,36,35,204,13,191,25.818181818181817,13.090909090909092,12.727272727272727,74.18181818181819,4.7272727272727275,69.45454545454545
E00034986,345,71,37,34,274,16,258,20.579710144927535,10.72463768115942,9.855072463768117,79.42028985507247,4.63768115942029,74.78260869565217
E00034987,286,44,27,17,242,21,221,15.384615384615385,9.44055944055944,5.944055944055944,84.61538461538461,7.3426573426573425,77.27272727272727
E00034989,269,78,43,35,191,12,179,28.99628252788104,15.985130111524162,13.011152416356877,71.00371747211895,4.4609665427509295,66.54275092936803
E00034990,267,49,22,27,218,15,203,18.352059925093634,8.239700374531834,10.112359550561797,81.64794007490637,5.617977528089887,76.02996254681648
E00034992,436,137,86,51,299,19,280,31.422018348623855,19.724770642201836,11.697247706422019,68.57798165137615,4.3577981651376145,64.22018348623854
E00034993,290,67,45,22,223,18,205,23.103448275862068,15.517241379310345,7.586206896551724,76.89655172413794,6.206896551724138,70.6896551724138
E00034994,255,82,46,36,173,16,157,32.15686274509804,18.03921568627451,14.117647058823529,67.84313725490196,6.2745098039215685,61.568627450980394
E00034995,254,67,38,29,187,25,162,26.37795275590551,14.960629921259844,11.41732283464567,73.62204724409449,9.84251968503937,63.77952755905512
E00034996,267,80,41,39,187,23,164,29.962546816479403,15.355805243445692,14.606741573033707,70.0374531835206,8.614232209737828,61.42322097378277
E00034997,300,82,40,42,218,19,199,27.333333333333332,13.333333333333334,14.000000000000002,72.66666666666667,6.333333333333334,66.33333333333333
E00034998,272,58,30,28,214,17,197,21.323529411764707,11.029411764705882,10.294117647058822,78.67647058823529,6.25,72.42647058823529
E00034999,283,55,28,27,228,20,208,19.434628975265017,9.89399293286219,9.540636042402827,80.56537102473497,7.06713780918728,73.4982332155477
E00035000,386,96,47,49,290,27,263,24.870466321243523,12.176165803108809,12.694300518134716,75.12953367875647,6.994818652849741,68.13471502590673
E00035001,310,70,29,41,240,21,219,22.58064516129032,9.35483870967742,13.225806451612904,77.41935483870968,6.774193548387098,70.64516129032258
E00035002,266,53,20,33,213,19,194,19.924812030075188,7.518796992481203,12.406015037593985,80.07518796992481,7.142857142857142,72.93233082706767
E00035004,309,51,23,28,258,23,235,16.50485436893204,7.443365695792881,9.06148867313916,83.49514563106796,7.443365695792881,76.05177993527508
E00035005,314,71,29,42,243,19,224,22.611464968152866,9.235668789808917,13.375796178343949,77.38853503184714,6.050955414012739,71.3375796178344
E00035006,363,85,46,39,278,21,257,23.415977961432507,12.672176308539946,10.743801652892563,76.5840220385675,5.785123966942149,70.79889807162535
E00035007,204,73,39,34,131,8,123,35.78431372549019,19.11764705882353,16.666666666666664,64.2156862745098,3.9215686274509802,60.29411764705882
E00035008,312,70,39,31,242,24,218,22.435897435897438,12.5,9.935897435897436,77.56410256410257,7.6923076923076925,69.87179487179486
E00035009,250,84,45,39,166,7,159,33.6,18,15.6,66.4,2.8000000000000003,63.6
E00035010,178,60,37,23,118,15,103,33.70786516853933,20.786516853932586,12.921348314606742,66.29213483146067,8.426966292134832,57.865168539325836
E00035011,186,63,34,29,123,18,105,33.87096774193548,18.27956989247312,15.591397849462366,66.12903225806451,9.67741935483871,56.451612903225815
E00035012,275,73,40,33,202,11,191,26.545454545454543,14.545454545454545,12,73.45454545454545,4,69.45454545454545
E00035013,241,92,58,34,149,11,138,38.17427385892116,24.066390041493776,14.107883817427386,61.82572614107884,4.564315352697095,57.26141078838174
E00035014,284,102,55,47,182,16,166,35.91549295774648,19.366197183098592,16.549295774647888,64.08450704225352,5.633802816901409,58.45070422535211
E00035015,299,99,52,47,200,14,186,33.11036789297659,17.391304347826086,15.719063545150503,66.88963210702342,4.682274247491638,62.207357859531776
E00035016,330,94,46,48,236,9,227,28.484848484848484,13.939393939393941,14.545454545454545,71.51515151515152,2.727272727272727,68.78787878787878
E00035017,281,65,35,30,216,28,188,23.131672597864767,12.455516014234876,10.676156583629894,76.86832740213522,9.9644128113879,66.90391459074732
E00035018,252,63,30,33,189,14,175,25,11.904761904761903,13.095238095238097,75,5.555555555555555,69.44444444444444
E00035019,358,89,47,42,269,16,253,24.860335195530723,13.128491620111731,11.731843575418994,75.13966480446928,4.4692737430167595,70.6703910614525
E00035020,273,49,17,32,224,14,210,17.94871794871795,6.227106227106227,11.72161172161172,82.05128205128204,5.128205128205128,76.92307692307693
E00035021,312,71,36,35,241,22,219,22.756410256410255,11.538461538461538,11.217948717948719,77.24358974358975,7.051282051282051,70.1923076923077
E00035022,188,87,48,39,101,9,92,46.27659574468085,25.53191489361702,20.74468085106383,53.72340425531915,4.787234042553192,48.93617021276596
E00035023,232,64,29,35,168,18,150,27.586206896551722,12.5,15.086206896551724,72.41379310344827,7.758620689655173,64.65517241379311
E00035024,316,74,33,41,242,18,224,23.417721518987342,10.443037974683545,12.974683544303797,76.58227848101265,5.69620253164557,70.88607594936708
E00035025,278,87,49,38,191,16,175,31.294964028776977,17.62589928057554,13.66906474820144,68.70503597122301,5.755395683453238,62.94964028776978
E00035026,279,56,23,33,223,27,196,20.07168458781362,8.24372759856631,11.827956989247312,79.92831541218638,9.67741935483871,70.25089605734766
E00035027,287,52,29,23,235,24,211,18.118466898954704,10.104529616724738,8.013937282229964,81.8815331010453,8.362369337979095,73.5191637630662
E00035028,356,72,32,40,284,21,263,20.224719101123593,8.98876404494382,11.235955056179774,79.7752808988764,5.8988764044943816,73.87640449438202
E00035029,349,86,43,43,263,22,241,24.641833810888254,12.320916905444127,12.320916905444127,75.35816618911176,6.303724928366762,69.05444126074498
E00035030,353,82,39,43,271,18,253,23.229461756373937,11.048158640226628,12.181303116147308,76.77053824362606,5.099150141643059,71.671388101983
E00035031,221,70,32,38,151,15,136,31.674208144796378,14.479638009049776,17.194570135746606,68.32579185520362,6.787330316742081,61.53846153846154
E00035032,287,76,42,34,211,14,197,26.480836236933797,14.634146341463413,11.846689895470384,73.5191637630662,4.878048780487805,68.6411149825784
E00035033,272,73,48,25,199,16,183,26.838235294117645,17.647058823529413,9.191176470588236,73.16176470588235,5.88235294117647,67.27941176470588
E00035034,474,96,47,49,378,27,351,20.253164556962027,9.915611814345992,10.337552742616033,79.74683544303798,5.69620253164557,74.0506329113924
E00035035,583,110,52,58,473,37,436,18.867924528301888,8.919382504288166,9.948542024013722,81.13207547169812,6.34648370497427,74.78559176672384
E00035036,365,77,45,32,288,27,261,21.095890410958905,12.32876712328767,8.767123287671232,78.9041095890411,7.397260273972603,71.5068493150685
E00035037,379,100,43,57,279,22,257,26.385224274406333,11.345646437994723,15.03957783641161,73.61477572559367,5.804749340369393,67.81002638522428
E00035038,280,79,38,41,201,15,186,28.214285714285715,13.571428571428571,14.642857142857144,71.78571428571429,5.357142857142857,66.42857142857143
E00035039,333,92,43,49,241,10,231,27.627627627627625,12.912912912912914,14.714714714714713,72.37237237237237,3.003003003003003,69.36936936936937
E00035040,456,108,53,55,348,23,325,23.684210526315788,11.62280701754386,12.06140350877193,76.31578947368422,5.0438596491228065,71.27192982456141
E00035041,318,75,37,38,243,21,222,23.58490566037736,11.635220125786164,11.949685534591195,76.41509433962264,6.60377358490566,69.81132075471697
E00035042,388,97,55,42,291,26,265,25,14.175257731958762,10.824742268041238,75,6.701030927835052,68.29896907216495
E00035043,366,104,58,46,262,21,241,28.415300546448087,15.846994535519126,12.568306010928962,71.58469945355192,5.737704918032787,65.84699453551912
E00035044,268,70,32,38,198,15,183,26.119402985074625,11.940298507462686,14.17910447761194,73.88059701492537,5.597014925373134,68.28358208955224
E00035045,246,76,41,35,170,22,148,30.89430894308943,16.666666666666664,14.227642276422763,69.10569105691057,8.94308943089431,60.16260162601627
E00035046,313,92,50,42,221,22,199,29.39297124600639,15.974440894568689,13.418530351437699,70.6070287539936,7.0287539936102235,63.578274760383394
E00035047,309,61,30,31,248,28,220,19.741100323624593,9.70873786407767,10.032362459546926,80.2588996763754,9.06148867313916,71.19741100323624
E00035048,303,116,66,50,187,12,175,38.28382838283829,21.782178217821784,16.5016501650165,61.71617161716172,3.9603960396039604,57.755775577557756
E00035049,354,72,30,42,282,28,254,20.33898305084746,8.47457627118644,11.864406779661017,79.66101694915254,7.909604519774012,71.75141242937853
E00035050,433,77,33,44,356,24,332,17.782909930715935,7.621247113163972,10.161662817551962,82.21709006928405,5.542725173210162,76.6743648960739
E00035051,273,43,18,25,230,14,216,15.75091575091575,6.593406593406594,9.157509157509157,84.24908424908425,5.128205128205128,79.12087912087912
E00035052,278,61,32,29,217,21,196,21.942446043165468,11.510791366906476,10.431654676258994,78.05755395683454,7.553956834532374,70.50359712230215
E00035053,335,63,26,37,272,31,241,18.80597014925373,7.761194029850746,11.044776119402986,81.19402985074626,9.253731343283581,71.94029850746269
E00035054,329,80,28,52,249,33,216,24.316109422492403,8.51063829787234,15.80547112462006,75.6838905775076,10.030395136778116,65.65349544072949
E00035055,306,49,16,33,257,23,234,16.013071895424837,5.228758169934641,10.784313725490197,83.98692810457517,7.516339869281046,76.47058823529412
E00035056,353,61,22,39,292,32,260,17.280453257790366,6.232294617563739,11.048158640226628,82.71954674220963,9.06515580736544,73.65439093484419
E00035057,288,52,24,28,236,27,209,18.055555555555554,8.333333333333332,9.722222222222223,81.94444444444444,9.375,72.56944444444444
E00035058,450,74,29,45,376,38,338,16.444444444444446,6.444444444444445,10,83.55555555555556,8.444444444444445,75.1111111111111
E00035059,323,100,56,44,223,18,205,30.959752321981426,17.3374613003096,13.622291021671826,69.04024767801857,5.572755417956656,63.46749226006192
E00035060,286,83,43,40,203,17,186,29.02097902097902,15.034965034965033,13.986013986013987,70.97902097902097,5.944055944055944,65.03496503496503
E00035061,368,92,47,45,276,22,254,25,12.771739130434783,12.228260869565217,75,5.978260869565218,69.02173913043478
E00035062,369,102,46,56,267,14,253,27.64227642276423,12.466124661246612,15.176151761517614,72.35772357723577,3.7940379403794036,68.56368563685636
E00035063,294,69,37,32,225,12,213,23.46938775510204,12.585034013605442,10.884353741496598,76.53061224489795,4.081632653061225,72.44897959183673
E00035064,292,96,50,46,196,16,180,32.87671232876712,17.123287671232877,15.753424657534246,67.12328767123287,5.47945205479452,61.64383561643836
E00035065,299,47,18,29,252,22,230,15.719063545150503,6.0200668896321075,9.698996655518394,84.2809364548495,7.357859531772576,76.92307692307693
E00035066,331,39,18,21,292,22,270,11.782477341389729,5.438066465256798,6.3444108761329305,88.21752265861026,6.646525679758309,81.57099697885197
E00035067,358,49,14,35,309,34,275,13.687150837988826,3.910614525139665,9.776536312849162,86.31284916201118,9.497206703910614,76.81564245810057
E00035068,348,55,22,33,293,30,263,15.804597701149426,6.321839080459771,9.482758620689655,84.19540229885058,8.620689655172415,75.57471264367817
E00035069,295,37,22,15,258,30,228,12.54237288135593,7.457627118644068,5.084745762711865,87.45762711864407,10.16949152542373,77.28813559322035
E00035070,331,46,18,28,285,29,256,13.897280966767372,5.438066465256798,8.459214501510575,86.10271903323263,8.761329305135952,77.34138972809667
E00035071,313,57,14,43,256,30,226,18.210862619808307,4.472843450479233,13.738019169329075,81.78913738019169,9.584664536741213,72.20447284345049
E00035072,302,54,29,25,248,24,224,17.880794701986755,9.602649006622517,8.27814569536424,82.11920529801324,7.9470198675496695,74.17218543046357
E00168427,245,70,41,29,175,14,161,28.57142857142857,16.73469387755102,11.83673469387755,71.42857142857143,5.714285714285714,65.71428571428571
E00168428,276,40,13,27,236,20,216,14.492753623188406,4.710144927536232,9.782608695652174,85.5072463768116,7.246376811594203,78.26086956521739
E00168429,377,95,70,25,282,22,260,25.198938992042443,18.56763925729443,6.631299734748011,74.80106100795756,5.835543766578249,68.96551724137932
E00168430,330,38,14,24,292,20,272,11.515151515151516,4.242424242424243,7.2727272727272725,88.48484848484848,6.0606060606060606,82.42424242424242
E00168431,288,42,17,25,246,18,228,14.583333333333334,5.902777777777778,8.680555555555555,85.41666666666666,6.25,79.16666666666666
E00168432,285,67,26,41,218,14,204,23.50877192982456,9.12280701754386,14.385964912280702,76.49122807017544,4.912280701754386,71.57894736842105
E00168433,305,49,27,22,256,19,237,16.065573770491802,8.852459016393443,7.213114754098362,83.93442622950819,6.229508196721312,77.70491803278688
E00168434,269,38,14,24,231,25,206,14.12639405204461,5.204460966542751,8.921933085501859,85.87360594795538,9.293680297397769,76.57992565055763
E00168435,263,32,9,23,231,19,212,12.167300380228136,3.4220532319391634,8.745247148288973,87.83269961977186,7.224334600760455,80.6083650190114
E00168436,350,49,16,33,301,29,272,14.000000000000002,4.571428571428571,9.428571428571429,86,8.285714285714285,77.71428571428571
E00168437,315,54,19,35,261,28,233,17.142857142857142,6.031746031746032,11.11111111111111,82.85714285714286,8.88888888888889,73.96825396825398
E00168438,148,41,26,15,107,5,102,27.7027027027027,17.56756756756757,10.135135135135135,72.2972972972973,3.3783783783783785,68.91891891891892
E00168439,366,68,30,38,298,18,280,18.579234972677597,8.19672131147541,10.382513661202186,81.4207650273224,4.918032786885246,76.50273224043715
E00168440,389,38,14,24,351,33,318,9.768637532133676,3.5989717223650386,6.169665809768637,90.23136246786633,8.483290488431876,81.74807197943444
E00168441,342,35,9,26,307,17,290,10.23391812865497,2.631578947368421,7.602339181286549,89.76608187134502,4.970760233918129,84.7953216374269
E00168442,486,55,23,32,431,39,392,11.316872427983538,4.732510288065844,6.584362139917696,88.68312757201646,8.024691358024691,80.65843621399176
E00168444,105,68,37,31,37,4,33,64.76190476190476,35.23809523809524,29.523809523809526,35.23809523809524,3.8095238095238098,31.428571428571427
E00168445,290,72,39,33,218,20,198,24.82758620689655,13.448275862068964,11.379310344827587,75.17241379310344,6.896551724137931,68.27586206896552
E00168446,160,28,13,15,132,14,118,17.5,8.125,9.375,82.5,8.75,73.75
E00168447,254,70,32,38,184,17,167,27.559055118110237,12.598425196850393,14.960629921259844,72.44094488188976,6.692913385826772,65.74803149606299
E00168448,256,34,6,28,222,19,203,13.28125,2.34375,10.9375,86.71875,7.421875,79.296875
E00168449,533,105,50,55,428,45,383,19.69981238273921,9.380863039399625,10.318949343339586,80.30018761726079,8.442776735459661,71.85741088180112
E00176987,398,41,10,31,357,20,337,10.301507537688442,2.512562814070352,7.788944723618091,89.69849246231156,5.025125628140704,84.67336683417085
E00176988,508,33,12,21,475,27,448,6.496062992125983,2.3622047244094486,4.133858267716536,93.50393700787401,5.31496062992126,88.18897637795276
E00176990,257,74,42,32,183,27,156,28.793774319066145,16.342412451361866,12.45136186770428,71.20622568093385,10.505836575875486,60.70038910505836
E00176995,341,23,13,10,318,19,299,6.744868035190615,3.812316715542522,2.932551319648094,93.25513196480938,5.571847507331378,87.68328445747801
E00176997,292,50,24,26,242,18,224,17.123287671232877,8.21917808219178,8.904109589041095,82.87671232876713,6.164383561643835,76.71232876712328
E00176998,113,32,17,15,81,12,69,28.31858407079646,15.04424778761062,13.274336283185843,71.68141592920354,10.619469026548673,61.06194690265486
E00176999,255,27,13,14,228,17,211,10.588235294117647,5.098039215686274,5.490196078431373,89.41176470588236,6.666666666666667,82.74509803921568
E00177000,454,88,41,47,366,29,337,19.383259911894275,9.030837004405285,10.352422907488986,80.61674008810573,6.387665198237885,74.22907488986785
E00177002,169,15,5,10,154,20,134,8.875739644970414,2.9585798816568047,5.9171597633136095,91.12426035502959,11.834319526627219,79.28994082840237
E00177006,421,57,25,32,364,41,323,13.539192399049881,5.938242280285035,7.600950118764846,86.46080760095012,9.73871733966746,76.72209026128266
E00177010,542,41,6,35,501,33,468,7.564575645756458,1.107011070110701,6.4575645756457565,92.43542435424355,6.088560885608856,86.34686346863468
E00177011,461,36,14,22,425,25,400,7.809110629067245,3.036876355748373,4.772234273318872,92.19088937093277,5.42299349240781,86.76789587852495
E00177012,138,39,17,22,99,7,92,28.26086956521739,12.318840579710146,15.942028985507244,71.73913043478261,5.072463768115942,66.66666666666666
E00177014,126,12,2,10,114,5,109,9.523809523809524,1.5873015873015872,7.936507936507936,90.47619047619048,3.968253968253968,86.5079365079365
E00177017,309,24,7,17,285,20,265,7.766990291262135,2.26537216828479,5.501618122977346,92.23300970873787,6.472491909385113,85.76051779935275
E00177019,136,37,17,20,99,10,89,27.205882352941174,12.5,14.705882352941178,72.79411764705883,7.352941176470589,65.44117647058823
E00177020,200,20,9,11,180,8,172,10,4.5,5.5,90,4,86
E00177021,242,60,29,31,182,16,166,24.793388429752067,11.983471074380166,12.8099173553719,75.20661157024794,6.6115702479338845,68.59504132231406
E00177023,371,25,5,20,346,43,303,6.738544474393531,1.3477088948787064,5.3908355795148255,93.26145552560648,11.590296495956872,81.6711590296496
E00177024,352,79,38,41,273,34,239,22.443181818181817,10.795454545454545,11.647727272727272,77.55681818181817,9.659090909090908,67.89772727272727
E00177028,612,59,22,37,553,38,515,9.640522875816995,3.594771241830065,6.045751633986928,90.359477124183,6.209150326797386,84.15032679738562
E00177029,242,33,17,16,209,16,193,13.636363636363635,7.024793388429752,6.6115702479338845,86.36363636363636,6.6115702479338845,79.75206611570248
