OA,ts0590001,ts0590002,ts0590003,ts0590004,ts0590005,ts0590006,ts0590007,ts0590002_PCT,ts0590003_PCT,ts0590004_PCT,ts0590005_PCT,ts0590006_PCT,ts0590007_PCT
E00132154,96,42,16,26,54,46,8,43.75,16.666666666666664,27.083333333333332,56.25,47.91666666666667,8.333333333333332
E00132155,84,23,4,19,61,48,13,27.380952380952383,4.761904761904762,22.61904761904762,72.61904761904762,57.14285714285714,15.476190476190476
E00132156,147,51,11,40,96,81,15,34.69387755102041,7.482993197278912,27.2108843537415,65.3061224489796,55.10204081632652,10.204081632653061
E00132157,121,45,11,34,76,62,14,37.1900826446281,9.090909090909092,28.09917355371901,62.8099173553719,51.2396694214876,11.570247933884298
E00132158,128,32,6,26,96,78,18,25,4.6875,20.3125,75,60.9375,14.0625
E00132159,123,45,15,30,78,54,24,36.58536585365854,12.195121951219512,24.390243902439025,63.41463414634146,43.90243902439025,19.51219512195122
E00132160,110,37,14,23,73,56,17,33.63636363636363,12.727272727272727,20.909090909090907,66.36363636363637,50.90909090909091,15.454545454545453
E00132161,196,68,21,47,128,102,26,34.69387755102041,10.714285714285714,23.97959183673469,65.3061224489796,52.04081632653062,13.26530612244898
E00132162,161,72,25,47,89,71,18,44.72049689440994,15.527950310559005,29.19254658385093,55.27950310559007,44.099378881987576,11.180124223602485
E00132163,163,49,11,38,114,78,36,30.061349693251532,6.748466257668712,23.31288343558282,69.93865030674846,47.85276073619632,22.085889570552148
E00132164,107,40,6,34,67,53,14,37.38317757009346,5.607476635514018,31.775700934579437,62.616822429906534,49.532710280373834,13.084112149532709
E00132165,87,22,10,12,65,52,13,25.287356321839084,11.494252873563218,13.793103448275861,74.71264367816092,59.77011494252874,14.942528735632186
E00132166,102,38,20,18,64,52,12,37.254901960784316,19.607843137254903,17.647058823529413,62.745098039215684,50.98039215686274,11.76470588235294
E00132167,144,51,17,34,93,64,29,35.41666666666667,11.805555555555555,23.61111111111111,64.58333333333334,44.44444444444444,20.13888888888889
E00132168,78,30,9,21,48,38,10,38.46153846153847,11.538461538461538,26.923076923076923,61.53846153846154,48.717948717948715,12.82051282051282
E00132169,85,27,19,8,58,52,6,31.76470588235294,22.35294117647059,9.411764705882353,68.23529411764706,61.1764705882353,7.0588235294117645
E00132170,133,48,18,30,85,69,16,36.09022556390977,13.533834586466165,22.55639097744361,63.90977443609023,51.8796992481203,12.030075187969924
E00132171,125,41,12,29,84,70,14,32.800000000000004,9.6,23.200000000000003,67.2,56.00000000000001,11.200000000000001
E00132172,64,19,8,11,45,27,18,29.6875,12.5,17.1875,70.3125,42.1875,28.125
E00132173,95,33,17,16,62,54,8,34.73684210526316,17.894736842105264,16.842105263157894,65.26315789473685,56.84210526315789,8.421052631578947
E00132174,109,31,14,17,78,54,24,28.440366972477065,12.844036697247708,15.59633027522936,71.55963302752293,49.54128440366973,22.018348623853214
E00132175,127,47,18,29,80,55,25,37.00787401574803,14.173228346456693,22.83464566929134,62.99212598425197,43.30708661417323,19.68503937007874
E00132176,199,79,33,46,120,97,23,39.698492462311556,16.582914572864322,23.115577889447238,60.30150753768844,48.743718592964825,11.557788944723619
E00132177,111,39,14,25,72,56,16,35.13513513513514,12.612612612612612,22.52252252252252,64.86486486486487,50.45045045045045,14.414414414414415
E00132178,96,39,18,21,57,44,13,40.625,18.75,21.875,59.375,45.83333333333333,13.541666666666666
E00132179,129,49,16,33,80,60,20,37.98449612403101,12.4031007751938,25.581395348837212,62.01550387596899,46.51162790697674,15.503875968992247
E00132180,72,27,7,20,45,32,13,37.5,9.722222222222223,27.77777777777778,62.5,44.44444444444444,18.055555555555554
E00132181,71,28,7,21,43,37,6,39.436619718309856,9.859154929577464,29.577464788732392,60.56338028169014,52.112676056338024,8.450704225352112
E00132182,79,31,10,21,48,40,8,39.24050632911392,12.658227848101266,26.582278481012654,60.75949367088608,50.63291139240506,10.126582278481013
E00132183,142,48,14,34,94,73,21,33.80281690140845,9.859154929577464,23.943661971830984,66.19718309859155,51.40845070422535,14.788732394366196
E00132184,129,42,10,32,87,72,15,32.55813953488372,7.751937984496124,24.8062015503876,67.44186046511628,55.81395348837209,11.627906976744185
E00132185,128,58,24,34,70,50,20,45.3125,18.75,26.5625,54.6875,39.0625,15.625
E00132186,67,20,7,13,47,38,9,29.850746268656714,10.44776119402985,19.402985074626866,70.1492537313433,56.71641791044776,13.432835820895523
E00132187,78,34,8,26,44,28,16,43.58974358974359,10.256410256410255,33.33333333333333,56.41025641025641,35.8974358974359,20.51282051282051
E00132188,70,24,4,20,46,41,5,34.285714285714285,5.714285714285714,28.57142857142857,65.71428571428571,58.57142857142858,7.142857142857142
E00132189,126,61,25,36,65,50,15,48.41269841269841,19.841269841269842,28.57142857142857,51.587301587301596,39.682539682539684,11.904761904761903
E00132190,47,17,9,8,30,21,9,36.17021276595745,19.148936170212767,17.02127659574468,63.829787234042556,44.680851063829785,19.148936170212767
E00132191,74,24,7,17,50,40,10,32.432432432432435,9.45945945945946,22.972972972972975,67.56756756756756,54.054054054054056,13.513513513513514
E00132192,79,19,7,12,60,51,9,24.050632911392405,8.860759493670885,15.18987341772152,75.9493670886076,64.55696202531645,11.39240506329114
E00132193,88,47,14,33,41,31,10,53.40909090909091,15.909090909090908,37.5,46.590909090909086,35.22727272727273,11.363636363636363
E00132194,57,27,6,21,30,22,8,47.368421052631575,10.526315789473683,36.84210526315789,52.63157894736842,38.59649122807017,14.035087719298245
E00132195,81,26,6,20,55,43,12,32.098765432098766,7.4074074074074066,24.691358024691358,67.90123456790124,53.086419753086425,14.814814814814813
E00132196,47,19,5,14,28,21,7,40.42553191489361,10.638297872340425,29.78723404255319,59.57446808510638,44.680851063829785,14.893617021276595
E00132197,81,44,19,25,37,30,7,54.32098765432099,23.456790123456788,30.864197530864196,45.67901234567901,37.03703703703704,8.641975308641975
E00132198,140,58,14,44,82,60,22,41.42857142857143,10,31.428571428571427,58.57142857142858,42.857142857142854,15.714285714285714
E00132199,95,38,13,25,57,41,16,40,13.684210526315791,26.31578947368421,60,43.15789473684211,16.842105263157894
E00132200,86,25,7,18,61,53,8,29.069767441860467,8.13953488372093,20.930232558139537,70.93023255813954,61.627906976744185,9.30232558139535
E00132201,113,32,8,24,81,70,11,28.31858407079646,7.079646017699115,21.238938053097346,71.68141592920354,61.94690265486725,9.734513274336283
E00132202,194,57,24,33,137,117,20,29.381443298969074,12.371134020618557,17.010309278350515,70.61855670103093,60.30927835051546,10.309278350515463
E00132204,153,34,15,19,119,105,14,22.22222222222222,9.803921568627452,12.418300653594772,77.77777777777779,68.62745098039215,9.15032679738562
E00132207,47,13,4,9,34,25,9,27.659574468085108,8.51063829787234,19.148936170212767,72.3404255319149,53.191489361702125,19.148936170212767
E00132208,116,28,10,18,88,74,14,24.137931034482758,8.620689655172415,15.517241379310345,75.86206896551724,63.793103448275865,12.068965517241379
E00132209,159,54,18,36,105,81,24,33.9622641509434,11.320754716981133,22.641509433962266,66.0377358490566,50.943396226415096,15.09433962264151
E00132210,241,63,24,39,178,151,27,26.141078838174277,9.95850622406639,16.182572614107883,73.85892116182573,62.655601659751035,11.20331950207469
E00132211,84,30,7,23,54,43,11,35.714285714285715,8.333333333333332,27.380952380952383,64.28571428571429,51.19047619047619,13.095238095238097
E00132212,102,29,8,21,73,58,15,28.431372549019606,7.8431372549019605,20.588235294117645,71.56862745098039,56.86274509803921,14.705882352941178
E00132213,221,71,22,49,150,123,27,32.126696832579185,9.95475113122172,22.171945701357465,67.87330316742081,55.65610859728507,12.217194570135746
E00132214,128,48,21,27,80,60,20,37.5,16.40625,21.09375,62.5,46.875,15.625
E00132215,223,58,21,37,165,133,32,26.00896860986547,9.417040358744394,16.591928251121075,73.99103139013454,59.64125560538116,14.349775784753364
E00132217,162,40,10,30,122,106,16,24.691358024691358,6.172839506172839,18.51851851851852,75.30864197530865,65.4320987654321,9.876543209876543
E00132218,132,39,16,23,93,74,19,29.545454545454547,12.121212121212121,17.424242424242426,70.45454545454545,56.060606060606055,14.393939393939394
E00132219,51,18,5,13,33,24,9,35.294117647058826,9.803921568627452,25.49019607843137,64.70588235294117,47.05882352941176,17.647058823529413
E00132220,126,56,23,33,70,54,16,44.44444444444444,18.253968253968253,26.190476190476193,55.55555555555556,42.857142857142854,12.698412698412698
E00132221,113,39,11,28,74,55,19,34.51327433628318,9.734513274336283,24.778761061946902,65.48672566371681,48.67256637168141,16.8141592920354
E00132222,160,58,24,34,102,70,32,36.25,15,21.25,63.74999999999999,43.75,20
E00132223,138,51,20,31,87,72,15,36.95652173913043,14.492753623188406,22.463768115942027,63.04347826086957,52.17391304347826,10.869565217391305
E00132224,117,45,13,32,72,45,27,38.46153846153847,11.11111111111111,27.350427350427353,61.53846153846154,38.46153846153847,23.076923076923077
E00132225,86,24,13,11,62,44,18,27.906976744186046,15.11627906976744,12.790697674418606,72.09302325581395,51.162790697674424,20.930232558139537
E00132226,63,28,10,18,35,23,12,44.44444444444444,15.873015873015872,28.57142857142857,55.55555555555556,36.507936507936506,19.047619047619047
E00132227,156,53,28,25,103,72,31,33.97435897435898,17.94871794871795,16.025641025641026,66.02564102564102,46.15384615384615,19.871794871794872
E00132228,137,50,15,35,87,63,24,36.496350364963504,10.948905109489052,25.547445255474454,63.503649635036496,45.98540145985402,17.51824817518248
E00132229,151,37,16,21,114,84,30,24.503311258278146,10.596026490066226,13.90728476821192,75.49668874172185,55.62913907284768,19.867549668874172
E00132230,147,48,18,30,99,76,23,32.6530612244898,12.244897959183673,20.408163265306122,67.3469387755102,51.70068027210885,15.646258503401361
E00132231,138,51,14,37,87,68,19,36.95652173913043,10.144927536231885,26.811594202898554,63.04347826086957,49.275362318840585,13.768115942028986
E00132232,142,45,18,27,97,69,28,31.690140845070424,12.676056338028168,19.014084507042252,68.30985915492957,48.59154929577465,19.718309859154928
E00132233,162,54,27,27,108,74,34,33.33333333333333,16.666666666666664,16.666666666666664,66.66666666666666,45.67901234567901,20.98765432098765
E00132234,44,13,6,7,31,23,8,29.545454545454547,13.636363636363635,15.909090909090908,70.45454545454545,52.27272727272727,18.181818181818183
E00132235,163,51,15,36,112,91,21,31.28834355828221,9.202453987730062,22.085889570552148,68.71165644171779,55.828220858895705,12.883435582822086
E00132236,148,47,18,29,101,76,25,31.756756756756754,12.162162162162163,19.594594594594593,68.24324324324324,51.35135135135135,16.89189189189189
E00132237,115,33,9,24,82,65,17,28.695652173913043,7.82608695652174,20.869565217391305,71.30434782608695,56.52173913043478,14.782608695652174
E00132239,157,57,15,42,100,77,23,36.30573248407643,9.554140127388536,26.751592356687897,63.69426751592356,49.044585987261144,14.64968152866242
E00132240,98,33,7,26,65,51,14,33.6734693877551,7.142857142857142,26.53061224489796,66.3265306122449,52.04081632653062,14.285714285714285
E00132241,90,36,14,22,54,39,15,40,15.555555555555555,24.444444444444443,60,43.333333333333336,16.666666666666664
E00132242,134,45,19,26,89,59,30,33.582089552238806,14.17910447761194,19.402985074626866,66.4179104477612,44.02985074626866,22.388059701492537
E00132243,144,53,22,31,91,63,28,36.80555555555556,15.277777777777779,21.52777777777778,63.19444444444444,43.75,19.444444444444446
E00132244,134,59,26,33,75,56,19,44.02985074626866,19.402985074626866,24.62686567164179,55.970149253731336,41.7910447761194,14.17910447761194
E00132245,200,83,28,55,117,91,26,41.5,14.000000000000002,27.500000000000004,58.5,45.5,13
E00132246,160,55,23,32,105,93,12,34.375,14.374999999999998,20,65.625,58.12500000000001,7.5
E00132247,75,29,14,15,46,35,11,38.666666666666664,18.666666666666668,20,61.33333333333333,46.666666666666664,14.666666666666666
E00132248,132,42,19,23,90,64,26,31.818181818181817,14.393939393939394,17.424242424242426,68.18181818181817,48.484848484848484,19.696969696969695
E00132249,140,42,13,29,98,84,14,30,9.285714285714286,20.714285714285715,70,60,10
E00132250,141,47,10,37,94,68,26,33.33333333333333,7.092198581560284,26.24113475177305,66.66666666666666,48.226950354609926,18.439716312056735
E00132251,146,56,23,33,90,74,16,38.35616438356164,15.753424657534246,22.602739726027394,61.64383561643836,50.68493150684932,10.95890410958904
E00132252,106,39,9,30,67,52,15,36.79245283018868,8.49056603773585,28.30188679245283,63.20754716981132,49.056603773584904,14.150943396226415
E00132253,139,46,11,35,93,75,18,33.093525179856115,7.913669064748201,25.179856115107913,66.90647482014388,53.956834532374096,12.949640287769784
E00132255,119,50,23,27,69,59,10,42.016806722689076,19.327731092436977,22.689075630252102,57.98319327731093,49.57983193277311,8.403361344537815
E00132256,122,43,16,27,79,61,18,35.24590163934426,13.114754098360656,22.131147540983605,64.75409836065575,50,14.754098360655737
E00132257,99,27,9,18,72,59,13,27.27272727272727,9.090909090909092,18.181818181818183,72.72727272727273,59.59595959595959,13.131313131313133
E00132258,96,27,8,19,69,58,11,28.125,8.333333333333332,19.791666666666664,71.875,60.416666666666664,11.458333333333332
E00132259,126,43,14,29,83,66,17,34.12698412698413,11.11111111111111,23.015873015873016,65.87301587301587,52.38095238095239,13.492063492063492
E00132260,99,28,4,24,71,62,9,28.28282828282828,4.040404040404041,24.242424242424242,71.71717171717171,62.62626262626263,9.090909090909092
E00132261,214,64,16,48,150,121,29,29.906542056074763,7.476635514018691,22.429906542056074,70.09345794392523,56.54205607476636,13.551401869158877
E00132262,146,56,19,37,90,77,13,38.35616438356164,13.013698630136986,25.34246575342466,61.64383561643836,52.73972602739726,8.904109589041095
E00132263,99,39,12,27,60,52,8,39.39393939393939,12.121212121212121,27.27272727272727,60.60606060606061,52.52525252525253,8.080808080808081
E00132264,211,70,24,46,141,114,27,33.175355450236964,11.374407582938389,21.80094786729858,66.82464454976304,54.02843601895735,12.796208530805686
E00132265,110,41,12,29,69,57,12,37.27272727272727,10.909090909090908,26.36363636363636,62.727272727272734,51.81818181818182,10.909090909090908
E00132266,141,50,18,32,91,76,15,35.46099290780142,12.76595744680851,22.69503546099291,64.53900709219859,53.90070921985816,10.638297872340425
E00132267,158,42,9,33,116,97,19,26.582278481012654,5.69620253164557,20.88607594936709,73.41772151898735,61.39240506329114,12.025316455696203
E00132268,154,51,17,34,103,83,20,33.116883116883116,11.03896103896104,22.07792207792208,66.88311688311688,53.896103896103895,12.987012987012985
E00132269,116,36,9,27,80,71,9,31.03448275862069,7.758620689655173,23.275862068965516,68.96551724137932,61.206896551724135,7.758620689655173
E00132270,99,28,11,17,71,55,16,28.28282828282828,11.11111111111111,17.17171717171717,71.71717171717171,55.55555555555556,16.161616161616163
E00132271,277,97,27,70,180,155,25,35.018050541516246,9.747292418772563,25.27075812274368,64.98194945848375,55.95667870036101,9.025270758122744
E00132272,205,69,29,40,136,104,32,33.65853658536586,14.146341463414632,19.51219512195122,66.34146341463415,50.73170731707317,15.609756097560975
E00132273,53,16,8,8,37,29,8,30.18867924528302,15.09433962264151,15.09433962264151,69.81132075471697,54.71698113207547,15.09433962264151
E00132274,112,43,13,30,69,57,12,38.392857142857146,11.607142857142858,26.785714285714285,61.60714285714286,50.89285714285714,10.714285714285714
E00132275,169,45,13,32,124,102,22,26.627218934911244,7.6923076923076925,18.93491124260355,73.37278106508876,60.35502958579882,13.017751479289942
E00132276,153,62,20,42,91,78,13,40.52287581699346,13.071895424836603,27.450980392156865,59.47712418300654,50.98039215686274,8.49673202614379
E00132277,182,58,24,34,124,102,22,31.868131868131865,13.186813186813188,18.681318681318682,68.13186813186813,56.043956043956044,12.087912087912088
E00132278,181,61,25,36,120,100,20,33.70165745856354,13.812154696132598,19.88950276243094,66.29834254143645,55.24861878453039,11.049723756906078
E00132279,99,36,11,25,63,53,10,36.36363636363637,11.11111111111111,25.252525252525253,63.63636363636363,53.535353535353536,10.1010101010101
E00132280,98,35,15,20,63,48,15,35.714285714285715,15.306122448979592,20.408163265306122,64.28571428571429,48.97959183673469,15.306122448979592
E00132281,84,30,9,21,54,43,11,35.714285714285715,10.714285714285714,25,64.28571428571429,51.19047619047619,13.095238095238097
E00132282,79,30,13,17,49,43,6,37.9746835443038,16.455696202531644,21.518987341772153,62.0253164556962,54.43037974683544,7.59493670886076
E00132283,133,40,14,26,93,67,26,30.075187969924812,10.526315789473683,19.548872180451127,69.92481203007519,50.37593984962406,19.548872180451127
E00132284,53,15,2,13,38,26,12,28.30188679245283,3.7735849056603774,24.528301886792452,71.69811320754717,49.056603773584904,22.641509433962266
E00132285,64,20,11,9,44,31,13,31.25,17.1875,14.0625,68.75,48.4375,20.3125
E00132286,82,30,8,22,52,39,13,36.58536585365854,9.75609756097561,26.82926829268293,63.41463414634146,47.5609756097561,15.853658536585366
E00132287,115,42,18,24,73,58,15,36.52173913043478,15.65217391304348,20.869565217391305,63.47826086956522,50.43478260869565,13.043478260869565
E00132289,108,36,11,25,72,54,18,33.33333333333333,10.185185185185185,23.14814814814815,66.66666666666666,50,16.666666666666664
E00132290,88,30,10,20,58,41,17,34.090909090909086,11.363636363636363,22.727272727272727,65.9090909090909,46.590909090909086,19.318181818181817
E00132292,66,25,12,13,41,34,7,37.878787878787875,18.181818181818183,19.696969696969695,62.121212121212125,51.515151515151516,10.606060606060606
E00132293,47,15,8,7,32,19,13,31.914893617021278,17.02127659574468,14.893617021276595,68.08510638297872,40.42553191489361,27.659574468085108
E00132294,85,40,15,25,45,38,7,47.05882352941176,17.647058823529413,29.411764705882355,52.94117647058824,44.70588235294118,8.235294117647058
E00132295,78,36,14,22,42,33,9,46.15384615384615,17.94871794871795,28.205128205128204,53.84615384615385,42.30769230769231,11.538461538461538
E00132296,135,60,30,30,75,52,23,44.44444444444444,22.22222222222222,22.22222222222222,55.55555555555556,38.51851851851852,17.037037037037038
E00132297,76,33,14,19,43,27,16,43.42105263157895,18.421052631578945,25,56.57894736842105,35.526315789473685,21.052631578947366
E00132298,94,46,16,30,48,40,8,48.93617021276596,17.02127659574468,31.914893617021278,51.06382978723404,42.5531914893617,8.51063829787234
E00132299,149,70,21,49,79,68,11,46.97986577181208,14.093959731543624,32.88590604026846,53.02013422818792,45.63758389261745,7.38255033557047
E00132300,80,26,12,14,54,38,16,32.5,15,17.5,67.5,47.5,20
E00132301,24,11,3,8,13,11,2,45.83333333333333,12.5,33.33333333333333,54.166666666666664,45.83333333333333,8.333333333333332
E00132302,175,68,23,45,107,92,15,38.857142857142854,13.142857142857142,25.71428571428571,61.142857142857146,52.57142857142857,8.571428571428571
E00132303,106,35,9,26,71,53,18,33.0188679245283,8.49056603773585,24.528301886792452,66.98113207547169,50,16.9811320754717
E00132304,138,43,13,30,95,69,26,31.15942028985507,9.420289855072465,21.73913043478261,68.84057971014492,50,18.84057971014493
E00132305,167,52,18,34,115,95,20,31.137724550898206,10.778443113772456,20.359281437125748,68.8622754491018,56.886227544910184,11.976047904191617
E00132306,158,61,28,33,97,74,23,38.607594936708864,17.72151898734177,20.88607594936709,61.39240506329114,46.835443037974684,14.556962025316455
E00132307,147,49,20,29,98,74,24,33.33333333333333,13.60544217687075,19.727891156462583,66.66666666666666,50.34013605442177,16.3265306122449
E00132308,51,23,10,13,28,20,8,45.09803921568628,19.607843137254903,25.49019607843137,54.90196078431373,39.21568627450981,15.686274509803921
E00132309,120,48,20,28,72,49,23,40,16.666666666666664,23.333333333333332,60,40.833333333333336,19.166666666666668
E00132312,63,25,9,16,38,34,4,39.682539682539684,14.285714285714285,25.396825396825395,60.317460317460316,53.96825396825397,6.349206349206349
E00132313,87,31,14,17,56,41,15,35.63218390804598,16.091954022988507,19.54022988505747,64.36781609195403,47.12643678160919,17.24137931034483
E00132314,81,31,13,18,50,32,18,38.2716049382716,16.049382716049383,22.22222222222222,61.72839506172839,39.50617283950617,22.22222222222222
E00132315,147,53,13,40,94,69,25,36.054421768707485,8.843537414965986,27.2108843537415,63.94557823129252,46.93877551020408,17.006802721088434
E00132316,63,19,8,11,44,31,13,30.158730158730158,12.698412698412698,17.46031746031746,69.84126984126983,49.2063492063492,20.634920634920633
E00132317,45,16,5,11,29,21,8,35.55555555555556,11.11111111111111,24.444444444444443,64.44444444444444,46.666666666666664,17.77777777777778
E00132318,150,42,11,31,108,85,23,28.000000000000004,7.333333333333333,20.666666666666668,72,56.666666666666664,15.333333333333332
E00132319,127,53,18,35,74,55,19,41.732283464566926,14.173228346456693,27.559055118110237,58.26771653543307,43.30708661417323,14.960629921259844
E00132320,79,36,22,14,43,37,6,45.56962025316456,27.848101265822784,17.72151898734177,54.43037974683544,46.835443037974684,7.59493670886076
E00132321,60,19,5,14,41,34,7,31.666666666666664,8.333333333333332,23.333333333333332,68.33333333333333,56.666666666666664,11.666666666666666
E00132322,58,21,12,9,37,32,5,36.206896551724135,20.689655172413794,15.517241379310345,63.793103448275865,55.172413793103445,8.620689655172415
E00132323,101,42,12,30,59,51,8,41.584158415841586,11.881188118811881,29.7029702970297,58.415841584158414,50.495049504950494,7.920792079207921
E00132324,173,83,20,63,90,73,17,47.97687861271676,11.560693641618498,36.41618497109826,52.02312138728323,42.19653179190752,9.826589595375722
E00132325,94,46,10,36,48,36,12,48.93617021276596,10.638297872340425,38.297872340425535,51.06382978723404,38.297872340425535,12.76595744680851
E00132326,51,22,7,15,29,22,7,43.13725490196079,13.725490196078432,29.411764705882355,56.86274509803921,43.13725490196079,13.725490196078432
E00132327,73,30,9,21,43,32,11,41.0958904109589,12.32876712328767,28.767123287671232,58.9041095890411,43.83561643835616,15.068493150684931
E00132328,62,25,6,19,37,33,4,40.32258064516129,9.67741935483871,30.64516129032258,59.67741935483871,53.2258064516129,6.451612903225806
E00132329,54,23,9,14,31,29,2,42.592592592592595,16.666666666666664,25.925925925925924,57.407407407407405,53.70370370370371,3.7037037037037033
E00132330,54,27,5,22,27,23,4,50,9.25925925925926,40.74074074074074,50,42.592592592592595,7.4074074074074066
E00132331,69,32,13,19,37,31,6,46.3768115942029,18.84057971014493,27.536231884057973,53.62318840579711,44.927536231884055,8.695652173913043
E00132332,40,17,3,14,23,23,0,42.5,7.5,35,57.49999999999999,57.49999999999999,0
E00132333,99,42,16,26,57,44,13,42.42424242424242,16.161616161616163,26.262626262626267,57.57575757575758,44.44444444444444,13.131313131313133
E00132334,109,50,14,36,59,44,15,45.87155963302752,12.844036697247708,33.02752293577982,54.12844036697248,40.36697247706422,13.761467889908257
E00132335,123,59,26,33,64,51,13,47.96747967479675,21.138211382113823,26.82926829268293,52.03252032520326,41.46341463414634,10.569105691056912
E00132336,87,38,11,27,49,44,5,43.67816091954023,12.643678160919542,31.03448275862069,56.32183908045977,50.57471264367817,5.747126436781609
E00132337,82,34,12,22,48,42,6,41.46341463414634,14.634146341463413,26.82926829268293,58.536585365853654,51.21951219512195,7.317073170731707
E00132339,90,34,9,25,56,46,10,37.77777777777778,10,27.77777777777778,62.22222222222222,51.11111111111111,11.11111111111111
E00132340,49,23,8,15,26,21,5,46.93877551020408,16.3265306122449,30.612244897959183,53.06122448979592,42.857142857142854,10.204081632653061
E00132341,83,25,5,20,58,48,10,30.120481927710845,6.024096385542169,24.096385542168676,69.87951807228916,57.831325301204814,12.048192771084338
E00132342,71,24,10,14,47,33,14,33.80281690140845,14.084507042253522,19.718309859154928,66.19718309859155,46.478873239436616,19.718309859154928
E00132343,155,44,16,28,111,79,32,28.387096774193548,10.32258064516129,18.064516129032256,71.61290322580646,50.967741935483865,20.64516129032258
E00132344,137,50,18,32,87,65,22,36.496350364963504,13.138686131386862,23.357664233576642,63.503649635036496,47.44525547445255,16.05839416058394
E00132345,86,35,14,21,51,40,11,40.69767441860465,16.27906976744186,24.418604651162788,59.30232558139535,46.51162790697674,12.790697674418606
E00132346,110,30,16,14,80,50,30,27.27272727272727,14.545454545454545,12.727272727272727,72.72727272727273,45.45454545454545,27.27272727272727
E00132347,91,37,17,20,54,39,15,40.65934065934066,18.681318681318682,21.978021978021978,59.34065934065934,42.857142857142854,16.483516483516482
E00132348,143,48,20,28,95,71,24,33.56643356643357,13.986013986013987,19.58041958041958,66.43356643356644,49.65034965034965,16.783216783216783
E00132349,76,24,10,14,52,34,18,31.57894736842105,13.157894736842104,18.421052631578945,68.42105263157895,44.73684210526316,23.684210526315788
E00132350,83,26,7,19,57,37,20,31.32530120481928,8.433734939759036,22.89156626506024,68.67469879518072,44.57831325301205,24.096385542168676
E00132351,106,44,16,28,62,42,20,41.509433962264154,15.09433962264151,26.41509433962264,58.490566037735846,39.62264150943396,18.867924528301888
E00132352,103,36,15,21,67,50,17,34.95145631067961,14.563106796116504,20.388349514563107,65.0485436893204,48.54368932038835,16.50485436893204
E00132353,51,25,9,16,26,16,10,49.01960784313725,17.647058823529413,31.372549019607842,50.98039215686274,31.372549019607842,19.607843137254903
E00132354,131,45,14,31,86,65,21,34.35114503816794,10.687022900763358,23.66412213740458,65.64885496183206,49.61832061068702,16.030534351145036
E00132355,97,31,7,24,66,51,15,31.958762886597935,7.216494845360824,24.742268041237114,68.04123711340206,52.57731958762887,15.463917525773196
E00132356,85,29,13,16,56,45,11,34.11764705882353,15.294117647058824,18.823529411764707,65.88235294117646,52.94117647058824,12.941176470588237
E00132357,187,60,29,31,127,99,28,32.085561497326204,15.508021390374333,16.577540106951872,67.9144385026738,52.94117647058824,14.973262032085561
E00132358,112,34,14,20,78,61,17,30.357142857142854,12.5,17.857142857142858,69.64285714285714,54.46428571428571,15.178571428571427
E00132359,57,25,10,15,32,17,15,43.859649122807014,17.543859649122805,26.31578947368421,56.14035087719298,29.82456140350877,26.31578947368421
E00132360,219,75,29,46,144,121,23,34.24657534246575,13.24200913242009,21.00456621004566,65.75342465753424,55.25114155251142,10.50228310502283
E00132361,62,21,10,11,41,31,10,33.87096774193548,16.129032258064516,17.741935483870968,66.12903225806451,50,16.129032258064516
E00132362,115,41,13,28,74,61,13,35.65217391304348,11.304347826086957,24.347826086956523,64.34782608695652,53.04347826086957,11.304347826086957
E00132363,169,66,19,47,103,84,19,39.053254437869825,11.242603550295858,27.810650887573964,60.946745562130175,49.70414201183432,11.242603550295858
E00132364,97,22,9,13,75,56,19,22.68041237113402,9.278350515463918,13.402061855670103,77.31958762886599,57.73195876288659,19.587628865979383
E00132365,129,42,14,28,87,72,15,32.55813953488372,10.852713178294573,21.705426356589147,67.44186046511628,55.81395348837209,11.627906976744185
E00132366,112,34,11,23,78,70,8,30.357142857142854,9.821428571428571,20.535714285714285,69.64285714285714,62.5,7.142857142857142
E00132367,124,34,11,23,90,77,13,27.419354838709676,8.870967741935484,18.548387096774192,72.58064516129032,62.096774193548384,10.483870967741936
E00132368,101,39,12,27,62,46,16,38.613861386138616,11.881188118811881,26.732673267326735,61.386138613861384,45.54455445544555,15.841584158415841
E00132369,152,60,18,42,92,68,24,39.473684210526315,11.842105263157894,27.631578947368425,60.526315789473685,44.73684210526316,15.789473684210526
E00132370,86,28,8,20,58,40,18,32.55813953488372,9.30232558139535,23.25581395348837,67.44186046511628,46.51162790697674,20.930232558139537
E00132371,81,36,15,21,45,29,16,44.44444444444444,18.51851851851852,25.925925925925924,55.55555555555556,35.80246913580247,19.753086419753085
E00132372,146,57,21,36,89,66,23,39.04109589041096,14.383561643835616,24.65753424657534,60.95890410958904,45.20547945205479,15.753424657534246
E00132373,93,35,12,23,58,44,14,37.634408602150536,12.903225806451612,24.731182795698924,62.365591397849464,47.31182795698925,15.053763440860216
E00132374,110,33,10,23,77,58,19,30,9.090909090909092,20.909090909090907,70,52.72727272727272,17.272727272727273
E00132375,163,60,23,37,103,76,27,36.809815950920246,14.11042944785276,22.699386503067483,63.190184049079754,46.62576687116564,16.56441717791411
E00132376,97,33,13,20,64,41,23,34.02061855670103,13.402061855670103,20.618556701030926,65.97938144329896,42.2680412371134,23.711340206185564
E00132377,90,23,12,11,67,48,19,25.555555555555554,13.333333333333334,12.222222222222221,74.44444444444444,53.333333333333336,21.11111111111111
E00132378,124,48,19,29,76,62,14,38.70967741935484,15.32258064516129,23.387096774193548,61.29032258064516,50,11.29032258064516
E00132379,74,26,9,17,48,38,10,35.13513513513514,12.162162162162163,22.972972972972975,64.86486486486487,51.35135135135135,13.513513513513514
E00132380,63,20,5,15,43,25,18,31.746031746031743,7.936507936507936,23.809523809523807,68.25396825396825,39.682539682539684,28.57142857142857
E00132381,142,39,11,28,103,80,23,27.464788732394368,7.746478873239436,19.718309859154928,72.53521126760563,56.33802816901409,16.19718309859155
E00132382,82,28,11,17,54,41,13,34.146341463414636,13.414634146341465,20.73170731707317,65.85365853658537,50,15.853658536585366
E00132383,85,26,6,20,59,47,12,30.58823529411765,7.0588235294117645,23.52941176470588,69.41176470588235,55.294117647058826,14.117647058823529
E00132384,104,32,12,20,72,57,15,30.76923076923077,11.538461538461538,19.230769230769234,69.23076923076923,54.807692307692314,14.423076923076922
E00132385,131,52,19,33,79,58,21,39.69465648854962,14.50381679389313,25.190839694656486,60.30534351145038,44.274809160305345,16.030534351145036
E00132386,146,53,16,37,93,74,19,36.3013698630137,10.95890410958904,25.34246575342466,63.6986301369863,50.68493150684932,13.013698630136986
E00132387,132,42,13,29,90,80,10,31.818181818181817,9.848484848484848,21.96969696969697,68.18181818181817,60.60606060606061,7.575757575757576
E00132388,119,39,14,25,80,65,15,32.773109243697476,11.76470588235294,21.008403361344538,67.22689075630252,54.621848739495796,12.605042016806722
E00132389,106,35,13,22,71,58,13,33.0188679245283,12.264150943396226,20.754716981132077,66.98113207547169,54.71698113207547,12.264150943396226
E00132390,110,34,7,27,76,62,14,30.909090909090907,6.363636363636363,24.545454545454547,69.0909090909091,56.36363636363636,12.727272727272727
E00132391,99,32,10,22,67,58,9,32.323232323232325,10.1010101010101,22.22222222222222,67.67676767676768,58.58585858585859,9.090909090909092
E00132392,90,30,11,19,60,42,18,33.33333333333333,12.222222222222221,21.11111111111111,66.66666666666666,46.666666666666664,20
E00132393,181,46,20,26,135,104,31,25.41436464088398,11.049723756906078,14.3646408839779,74.58563535911603,57.4585635359116,17.12707182320442
E00132394,65,29,12,17,36,29,7,44.61538461538462,18.461538461538463,26.153846153846157,55.38461538461539,44.61538461538462,10.76923076923077
E00132395,55,19,10,9,36,26,10,34.54545454545455,18.181818181818183,16.363636363636363,65.45454545454545,47.27272727272727,18.181818181818183
E00132396,102,34,19,15,68,50,18,33.33333333333333,18.627450980392158,14.705882352941178,66.66666666666666,49.01960784313725,17.647058823529413
E00132397,160,53,13,40,107,78,29,33.125,8.125,25,66.875,48.75,18.125
E00132398,110,30,6,24,80,52,28,27.27272727272727,5.454545454545454,21.818181818181817,72.72727272727273,47.27272727272727,25.454545454545453
E00132399,105,45,15,30,60,46,14,42.857142857142854,14.285714285714285,28.57142857142857,57.14285714285714,43.80952380952381,13.333333333333334
E00132400,117,46,18,28,71,50,21,39.31623931623932,15.384615384615385,23.931623931623932,60.68376068376068,42.73504273504273,17.94871794871795
E00132401,112,51,17,34,61,44,17,45.535714285714285,15.178571428571427,30.357142857142854,54.46428571428571,39.285714285714285,15.178571428571427
E00132402,32,11,0,11,21,17,4,34.375,0,34.375,65.625,53.125,12.5
E00132404,90,39,15,24,51,44,7,43.333333333333336,16.666666666666664,26.666666666666668,56.666666666666664,48.888888888888886,7.777777777777778
E00132405,64,27,5,22,37,34,3,42.1875,7.8125,34.375,57.8125,53.125,4.6875
E00132408,115,47,10,37,68,59,9,40.869565217391305,8.695652173913043,32.17391304347826,59.130434782608695,51.30434782608696,7.82608695652174
E00132409,36,10,5,5,26,21,5,27.77777777777778,13.88888888888889,13.88888888888889,72.22222222222221,58.333333333333336,13.88888888888889
E00132410,84,30,7,23,54,47,7,35.714285714285715,8.333333333333332,27.380952380952383,64.28571428571429,55.952380952380956,8.333333333333332
E00132411,60,31,8,23,29,24,5,51.66666666666667,13.333333333333334,38.333333333333336,48.333333333333336,40,8.333333333333332
E00132412,63,34,8,26,29,23,6,53.96825396825397,12.698412698412698,41.269841269841265,46.03174603174603,36.507936507936506,9.523809523809524
E00132413,83,36,9,27,47,38,9,43.373493975903614,10.843373493975903,32.53012048192771,56.62650602409639,45.78313253012048,10.843373493975903
E00132414,89,35,12,23,54,47,7,39.325842696629216,13.48314606741573,25.842696629213485,60.67415730337079,52.80898876404494,7.865168539325842
E00132415,77,28,11,17,49,40,9,36.36363636363637,14.285714285714285,22.07792207792208,63.63636363636363,51.94805194805194,11.688311688311687
E00132416,165,53,6,47,112,93,19,32.121212121212125,3.6363636363636362,28.484848484848484,67.87878787878789,56.36363636363636,11.515151515151516
E00132417,82,31,11,20,51,44,7,37.80487804878049,13.414634146341465,24.390243902439025,62.19512195121951,53.65853658536586,8.536585365853659
E00132418,46,20,6,14,26,26,0,43.47826086956522,13.043478260869565,30.434782608695656,56.52173913043478,56.52173913043478,0
E00132420,55,27,4,23,28,25,3,49.09090909090909,7.2727272727272725,41.81818181818181,50.90909090909091,45.45454545454545,5.454545454545454
E00132421,187,65,18,47,122,99,23,34.75935828877005,9.62566844919786,25.13368983957219,65.24064171122996,52.94117647058824,12.299465240641712
E00132422,149,54,16,38,95,77,18,36.241610738255034,10.738255033557047,25.503355704697988,63.758389261744966,51.67785234899329,12.080536912751679
E00132423,124,28,9,19,96,72,24,22.58064516129032,7.258064516129033,15.32258064516129,77.41935483870968,58.06451612903226,19.35483870967742
E00132424,111,52,16,36,59,42,17,46.846846846846844,14.414414414414415,32.432432432432435,53.153153153153156,37.83783783783784,15.315315315315313
E00132425,200,54,21,33,146,127,19,27,10.5,16.5,73,63.5,9.5
E00132426,112,28,4,24,84,72,12,25,3.571428571428571,21.428571428571427,75,64.28571428571429,10.714285714285714
E00132427,119,37,11,26,82,73,9,31.092436974789916,9.243697478991598,21.84873949579832,68.90756302521008,61.34453781512605,7.563025210084033
E00132428,138,39,14,25,99,81,18,28.26086956521739,10.144927536231885,18.115942028985508,71.73913043478261,58.69565217391305,13.043478260869565
E00132430,138,47,10,37,91,77,14,34.05797101449276,7.246376811594203,26.811594202898554,65.94202898550725,55.79710144927537,10.144927536231885
E00132431,162,51,18,33,111,94,17,31.48148148148148,11.11111111111111,20.37037037037037,68.51851851851852,58.0246913580247,10.493827160493826
E00132432,116,37,6,31,79,68,11,31.896551724137932,5.172413793103448,26.72413793103448,68.10344827586206,58.620689655172406,9.482758620689655
E00132433,76,22,4,18,54,43,11,28.947368421052634,5.263157894736842,23.684210526315788,71.05263157894737,56.57894736842105,14.473684210526317
E00132434,211,57,17,40,154,133,21,27.014218009478675,8.056872037914692,18.95734597156398,72.98578199052133,63.03317535545023,9.95260663507109
E00132435,93,33,7,26,60,47,13,35.483870967741936,7.526881720430108,27.956989247311824,64.51612903225806,50.53763440860215,13.978494623655912
E00132436,85,32,10,22,53,41,12,37.64705882352941,11.76470588235294,25.882352941176475,62.35294117647059,48.23529411764706,14.117647058823529
E00132437,88,31,9,22,57,49,8,35.22727272727273,10.227272727272728,25,64.77272727272727,55.68181818181818,9.090909090909092
E00132438,140,55,19,36,85,68,17,39.285714285714285,13.571428571428571,25.71428571428571,60.71428571428571,48.57142857142857,12.142857142857142
E00132439,108,31,15,16,77,61,16,28.703703703703702,13.88888888888889,14.814814814814813,71.29629629629629,56.481481481481474,14.814814814814813
E00132440,112,42,19,23,70,57,13,37.5,16.964285714285715,20.535714285714285,62.5,50.89285714285714,11.607142857142858
E00132441,68,23,11,12,45,31,14,33.82352941176471,16.176470588235293,17.647058823529413,66.17647058823529,45.588235294117645,20.588235294117645
E00132442,107,33,14,19,74,63,11,30.8411214953271,13.084112149532709,17.75700934579439,69.1588785046729,58.87850467289719,10.2803738317757
E00132443,134,52,30,22,82,59,23,38.80597014925373,22.388059701492537,16.417910447761194,61.19402985074627,44.02985074626866,17.16417910447761
E00132444,83,25,14,11,58,47,11,30.120481927710845,16.867469879518072,13.253012048192772,69.87951807228916,56.62650602409639,13.253012048192772
E00132445,117,39,14,25,78,56,22,33.33333333333333,11.965811965811966,21.367521367521366,66.66666666666666,47.863247863247864,18.803418803418804
E00132446,111,33,8,25,78,68,10,29.72972972972973,7.207207207207207,22.52252252252252,70.27027027027027,61.261261261261254,9.00900900900901
E00132447,146,59,17,42,87,76,11,40.41095890410959,11.643835616438356,28.767123287671232,59.589041095890416,52.054794520547944,7.534246575342466
E00132448,134,49,16,33,85,72,13,36.56716417910448,11.940298507462686,24.62686567164179,63.43283582089553,53.73134328358209,9.701492537313433
E00132449,68,23,5,18,45,41,4,33.82352941176471,7.352941176470589,26.47058823529412,66.17647058823529,60.29411764705882,5.88235294117647
E00132450,152,49,20,29,103,84,19,32.23684210526316,13.157894736842104,19.078947368421055,67.76315789473685,55.26315789473685,12.5
E00132451,146,40,13,27,106,82,24,27.397260273972602,8.904109589041095,18.493150684931507,72.6027397260274,56.16438356164384,16.43835616438356
E00132452,162,52,16,36,110,89,21,32.098765432098766,9.876543209876543,22.22222222222222,67.90123456790124,54.93827160493827,12.962962962962962
E00132453,122,48,19,29,74,62,12,39.34426229508197,15.573770491803279,23.770491803278688,60.65573770491803,50.81967213114754,9.836065573770492
E00132454,114,43,20,23,71,60,11,37.719298245614034,17.543859649122805,20.175438596491226,62.28070175438597,52.63157894736842,9.649122807017543
E00132455,68,20,4,16,48,39,9,29.411764705882355,5.88235294117647,23.52941176470588,70.58823529411765,57.35294117647059,13.23529411764706
E00132456,107,40,14,26,67,53,14,37.38317757009346,13.084112149532709,24.299065420560748,62.616822429906534,49.532710280373834,13.084112149532709
E00132457,104,55,13,42,49,45,4,52.88461538461539,12.5,40.38461538461539,47.11538461538461,43.269230769230774,3.8461538461538463
E00132459,59,25,4,21,34,25,9,42.3728813559322,6.779661016949152,35.59322033898305,57.6271186440678,42.3728813559322,15.254237288135593
E00132460,79,40,16,24,39,30,9,50.63291139240506,20.253164556962027,30.37974683544304,49.36708860759494,37.9746835443038,11.39240506329114
E00132461,97,39,12,27,58,51,7,40.20618556701031,12.371134020618557,27.835051546391753,59.79381443298969,52.57731958762887,7.216494845360824
E00132462,86,27,9,18,59,49,10,31.3953488372093,10.465116279069768,20.930232558139537,68.6046511627907,56.97674418604651,11.627906976744185
E00132463,75,24,6,18,51,44,7,32,8,24,68,58.666666666666664,9.333333333333334
E00132464,60,19,4,15,41,33,8,31.666666666666664,6.666666666666667,25,68.33333333333333,55.00000000000001,13.333333333333334
E00132465,72,34,14,20,38,32,6,47.22222222222222,19.444444444444446,27.77777777777778,52.77777777777778,44.44444444444444,8.333333333333332
E00132466,131,53,9,44,78,64,14,40.458015267175576,6.870229007633588,33.587786259541986,59.541984732824424,48.854961832061065,10.687022900763358
E00132467,91,34,8,26,57,47,10,37.362637362637365,8.791208791208792,28.57142857142857,62.637362637362635,51.64835164835166,10.989010989010989
E00132468,166,63,23,40,103,84,19,37.95180722891566,13.855421686746988,24.096385542168676,62.048192771084345,50.602409638554214,11.44578313253012
E00132469,128,54,18,36,74,60,14,42.1875,14.0625,28.125,57.8125,46.875,10.9375
E00132470,99,29,11,18,70,57,13,29.292929292929294,11.11111111111111,18.181818181818183,70.70707070707071,57.57575757575758,13.131313131313133
E00132471,148,54,17,37,94,79,15,36.486486486486484,11.486486486486488,25,63.51351351351351,53.37837837837838,10.135135135135135
E00132472,100,39,11,28,61,51,10,39,11,28.000000000000004,61,51,10
E00132473,86,20,6,14,66,55,11,23.25581395348837,6.976744186046512,16.27906976744186,76.74418604651163,63.95348837209303,12.790697674418606
E00132474,50,25,8,17,25,18,7,50,16,34,50,36,14.000000000000002
E00132475,142,46,19,27,96,80,16,32.3943661971831,13.380281690140844,19.014084507042252,67.6056338028169,56.33802816901409,11.267605633802818
E00132476,156,56,18,38,100,80,20,35.8974358974359,11.538461538461538,24.358974358974358,64.1025641025641,51.28205128205128,12.82051282051282
E00132477,136,65,27,38,71,64,7,47.794117647058826,19.852941176470587,27.941176470588236,52.20588235294118,47.05882352941176,5.147058823529411
E00132478,167,57,21,36,110,93,17,34.13173652694611,12.574850299401197,21.55688622754491,65.86826347305389,55.688622754491014,10.179640718562874
E00132479,129,49,16,33,80,62,18,37.98449612403101,12.4031007751938,25.581395348837212,62.01550387596899,48.06201550387597,13.953488372093023
E00132480,122,37,14,23,85,59,26,30.327868852459016,11.475409836065573,18.852459016393443,69.67213114754098,48.36065573770492,21.311475409836063
E00132481,111,36,18,18,75,60,15,32.432432432432435,16.216216216216218,16.216216216216218,67.56756756756756,54.054054054054056,13.513513513513514
E00132482,112,55,14,41,57,49,8,49.107142857142854,12.5,36.607142857142854,50.89285714285714,43.75,7.142857142857142
E00132483,67,22,7,15,45,35,10,32.83582089552239,10.44776119402985,22.388059701492537,67.16417910447761,52.23880597014925,14.925373134328357
E00132484,51,24,7,17,27,21,6,47.05882352941176,13.725490196078432,33.33333333333333,52.94117647058824,41.17647058823529,11.76470588235294
E00132485,131,47,16,31,84,69,15,35.87786259541985,12.213740458015266,23.66412213740458,64.12213740458014,52.67175572519084,11.450381679389313
E00132486,219,66,21,45,153,123,30,30.136986301369863,9.58904109589041,20.54794520547945,69.86301369863014,56.16438356164384,13.698630136986301
E00132487,91,29,8,21,62,49,13,31.868131868131865,8.791208791208792,23.076923076923077,68.13186813186813,53.84615384615385,14.285714285714285
E00132488,149,53,17,36,96,71,25,35.57046979865772,11.409395973154362,24.161073825503358,64.42953020134227,47.651006711409394,16.778523489932887
E00132489,119,42,15,27,77,45,32,35.294117647058826,12.605042016806722,22.689075630252102,64.70588235294117,37.81512605042017,26.89075630252101
E00132490,79,28,9,19,51,41,10,35.44303797468354,11.39240506329114,24.050632911392405,64.55696202531645,51.89873417721519,12.658227848101266
E00132491,89,35,11,24,54,43,11,39.325842696629216,12.359550561797752,26.96629213483146,60.67415730337079,48.31460674157304,12.359550561797752
E00132492,144,46,10,36,98,82,16,31.944444444444443,6.944444444444445,25,68.05555555555556,56.94444444444444,11.11111111111111
E00132493,73,32,14,18,41,29,12,43.83561643835616,19.17808219178082,24.65753424657534,56.16438356164384,39.726027397260275,16.43835616438356
E00132494,34,13,6,7,21,16,5,38.23529411764706,17.647058823529413,20.588235294117645,61.76470588235294,47.05882352941176,14.705882352941178
E00132495,105,41,21,20,64,35,29,39.04761904761905,20,19.047619047619047,60.952380952380956,33.33333333333333,27.61904761904762
E00132496,77,37,15,22,40,29,11,48.05194805194805,19.480519480519483,28.57142857142857,51.94805194805194,37.66233766233766,14.285714285714285
E00132497,74,26,12,14,48,33,15,35.13513513513514,16.216216216216218,18.91891891891892,64.86486486486487,44.5945945945946,20.27027027027027
E00132498,69,29,11,18,40,25,15,42.028985507246375,15.942028985507244,26.08695652173913,57.971014492753625,36.231884057971016,21.73913043478261
E00132499,117,55,23,32,62,42,20,47.008547008547005,19.65811965811966,27.350427350427353,52.991452991452995,35.8974358974359,17.094017094017094
E00132500,114,41,18,23,73,58,15,35.96491228070175,15.789473684210526,20.175438596491226,64.03508771929825,50.877192982456144,13.157894736842104
E00132501,103,39,17,22,64,52,12,37.86407766990291,16.50485436893204,21.35922330097087,62.13592233009708,50.48543689320388,11.650485436893204
E00132502,151,37,6,31,114,92,22,24.503311258278146,3.9735099337748347,20.52980132450331,75.49668874172185,60.9271523178808,14.56953642384106
E00132503,63,33,9,24,30,30,0,52.38095238095239,14.285714285714285,38.095238095238095,47.61904761904761,47.61904761904761,0
E00132504,197,75,22,53,122,97,25,38.07106598984771,11.16751269035533,26.903553299492383,61.92893401015228,49.23857868020304,12.690355329949238
E00132506,173,67,18,49,106,84,22,38.72832369942196,10.404624277456648,28.32369942196532,61.27167630057804,48.554913294797686,12.716763005780345
E00132507,146,56,15,41,90,72,18,38.35616438356164,10.273972602739725,28.08219178082192,61.64383561643836,49.31506849315068,12.32876712328767
E00132508,122,34,12,22,88,62,26,27.86885245901639,9.836065573770492,18.0327868852459,72.1311475409836,50.81967213114754,21.311475409836063
E00132509,160,56,17,39,104,82,22,35,10.625,24.375,65,51.24999999999999,13.750000000000002
E00132510,97,33,10,23,64,50,14,34.02061855670103,10.309278350515463,23.711340206185564,65.97938144329896,51.546391752577314,14.432989690721648
E00132511,69,11,5,6,58,48,10,15.942028985507244,7.246376811594203,8.695652173913043,84.05797101449275,69.56521739130434,14.492753623188406
E00132512,134,40,10,30,94,72,22,29.850746268656714,7.462686567164178,22.388059701492537,70.1492537313433,53.73134328358209,16.417910447761194
E00132513,198,52,16,36,146,103,43,26.262626262626267,8.080808080808081,18.181818181818183,73.73737373737373,52.02020202020202,21.71717171717172
E00132514,195,68,22,46,127,104,23,34.87179487179487,11.282051282051283,23.589743589743588,65.12820512820512,53.333333333333336,11.794871794871794
E00132515,191,68,27,41,123,98,25,35.602094240837694,14.136125654450263,21.465968586387437,64.3979057591623,51.30890052356021,13.089005235602095
E00132516,54,23,11,12,31,27,4,42.592592592592595,20.37037037037037,22.22222222222222,57.407407407407405,50,7.4074074074074066
E00132517,55,22,6,16,33,29,4,40,10.909090909090908,29.09090909090909,60,52.72727272727272,7.2727272727272725
E00132518,119,46,15,31,73,55,18,38.655462184873954,12.605042016806722,26.05042016806723,61.34453781512605,46.21848739495798,15.126050420168067
E00132519,68,23,6,17,45,36,9,33.82352941176471,8.823529411764707,25,66.17647058823529,52.94117647058824,13.23529411764706
E00132520,51,13,5,8,38,35,3,25.49019607843137,9.803921568627452,15.686274509803921,74.50980392156863,68.62745098039215,5.88235294117647
E00132521,88,44,12,32,44,30,14,50,13.636363636363635,36.36363636363637,50,34.090909090909086,15.909090909090908
E00132522,66,26,7,19,40,32,8,39.39393939393939,10.606060606060606,28.78787878787879,60.60606060606061,48.484848484848484,12.121212121212121
E00132523,36,19,4,15,17,17,0,52.77777777777778,11.11111111111111,41.66666666666667,47.22222222222222,47.22222222222222,0
E00132524,92,38,17,21,54,41,13,41.30434782608695,18.478260869565215,22.82608695652174,58.69565217391305,44.565217391304344,14.130434782608695
E00132525,58,28,10,18,30,26,4,48.275862068965516,17.24137931034483,31.03448275862069,51.724137931034484,44.827586206896555,6.896551724137931
E00132526,83,41,12,29,42,33,9,49.39759036144578,14.457831325301203,34.93975903614458,50.602409638554214,39.75903614457831,10.843373493975903
E00132527,39,14,6,8,25,16,9,35.8974358974359,15.384615384615385,20.51282051282051,64.1025641025641,41.02564102564102,23.076923076923077
E00132528,49,15,5,10,34,25,9,30.612244897959183,10.204081632653061,20.408163265306122,69.38775510204081,51.02040816326531,18.367346938775512
E00132529,49,15,5,10,34,27,7,30.612244897959183,10.204081632653061,20.408163265306122,69.38775510204081,55.10204081632652,14.285714285714285
E00132530,48,23,7,16,25,19,6,47.91666666666667,14.583333333333334,33.33333333333333,52.083333333333336,39.58333333333333,12.5
E00132531,72,35,11,24,37,31,6,48.61111111111111,15.277777777777779,33.33333333333333,51.388888888888886,43.05555555555556,8.333333333333332
E00132532,128,43,17,26,85,51,34,33.59375,13.28125,20.3125,66.40625,39.84375,26.5625
E00132533,77,31,11,20,46,27,19,40.25974025974026,14.285714285714285,25.97402597402597,59.74025974025974,35.064935064935064,24.675324675324674
E00132534,84,37,16,21,47,33,14,44.047619047619044,19.047619047619047,25,55.952380952380956,39.285714285714285,16.666666666666664
E00132535,160,60,23,37,100,76,24,37.5,14.374999999999998,23.125,62.5,47.5,15
E00132536,88,29,11,18,59,39,20,32.95454545454545,12.5,20.454545454545457,67.04545454545455,44.31818181818182,22.727272727272727
E00132537,67,22,6,16,45,36,9,32.83582089552239,8.955223880597014,23.88059701492537,67.16417910447761,53.73134328358209,13.432835820895523
E00132538,60,24,7,17,36,25,11,40,11.666666666666666,28.333333333333332,60,41.66666666666667,18.333333333333332
E00132539,188,85,28,57,103,69,34,45.21276595744681,14.893617021276595,30.319148936170215,54.78723404255319,36.702127659574465,18.085106382978726
E00132540,113,35,14,21,78,58,20,30.973451327433626,12.389380530973451,18.58407079646018,69.02654867256636,51.32743362831859,17.699115044247787
E00132541,202,62,25,37,140,115,25,30.693069306930692,12.376237623762377,18.316831683168317,69.3069306930693,56.930693069306926,12.376237623762377
E00132542,132,46,20,26,86,61,25,34.84848484848485,15.151515151515152,19.696969696969695,65.15151515151516,46.21212121212121,18.939393939393938
E00132543,117,45,18,27,72,52,20,38.46153846153847,15.384615384615385,23.076923076923077,61.53846153846154,44.44444444444444,17.094017094017094
E00132544,91,25,10,15,66,50,16,27.472527472527474,10.989010989010989,16.483516483516482,72.52747252747253,54.94505494505495,17.582417582417584
E00132545,196,60,25,35,136,103,33,30.612244897959183,12.755102040816327,17.857142857142858,69.38775510204081,52.55102040816326,16.83673469387755
E00132546,157,64,31,33,93,70,23,40.76433121019109,19.745222929936308,21.019108280254777,59.23566878980891,44.5859872611465,14.64968152866242
E00132547,106,34,10,24,72,51,21,32.075471698113205,9.433962264150944,22.641509433962266,67.9245283018868,48.113207547169814,19.81132075471698
E00132548,128,39,13,26,89,69,20,30.46875,10.15625,20.3125,69.53125,53.90625,15.625
E00132549,132,51,15,36,81,71,10,38.63636363636363,11.363636363636363,27.27272727272727,61.36363636363637,53.78787878787878,7.575757575757576
E00132550,268,74,22,52,194,159,35,27.611940298507463,8.208955223880597,19.402985074626866,72.38805970149254,59.32835820895522,13.059701492537313
E00132551,117,38,4,34,79,70,9,32.47863247863248,3.418803418803419,29.059829059829063,67.52136752136752,59.82905982905983,7.6923076923076925
E00132552,96,30,8,22,66,59,7,31.25,8.333333333333332,22.916666666666664,68.75,61.458333333333336,7.291666666666667
E00132553,111,42,5,37,69,52,17,37.83783783783784,4.504504504504505,33.33333333333333,62.16216216216216,46.846846846846844,15.315315315315313
E00132554,128,45,13,32,83,66,17,35.15625,10.15625,25,64.84375,51.5625,13.28125
E00132555,173,41,12,29,132,119,13,23.699421965317917,6.9364161849710975,16.76300578034682,76.30057803468208,68.78612716763006,7.514450867052023
E00132556,87,28,8,20,59,49,10,32.18390804597701,9.195402298850574,22.988505747126435,67.81609195402298,56.32183908045977,11.494252873563218
E00132557,78,24,5,19,54,40,14,30.76923076923077,6.41025641025641,24.358974358974358,69.23076923076923,51.28205128205128,17.94871794871795
E00132558,39,15,3,12,24,17,7,38.46153846153847,7.6923076923076925,30.76923076923077,61.53846153846154,43.58974358974359,17.94871794871795
E00132562,61,28,11,17,33,28,5,45.90163934426229,18.0327868852459,27.86885245901639,54.09836065573771,45.90163934426229,8.19672131147541
E00132563,103,38,13,25,65,52,13,36.89320388349515,12.62135922330097,24.271844660194176,63.10679611650486,50.48543689320388,12.62135922330097
E00132564,114,33,10,23,81,57,24,28.947368421052634,8.771929824561402,20.175438596491226,71.05263157894737,50,21.052631578947366
E00132565,110,56,21,35,54,43,11,50.90909090909091,19.090909090909093,31.818181818181817,49.09090909090909,39.09090909090909,10
E00132566,108,43,16,27,65,45,20,39.81481481481482,14.814814814814813,25,60.18518518518518,41.66666666666667,18.51851851851852
E00132567,134,50,20,30,84,69,15,37.3134328358209,14.925373134328357,22.388059701492537,62.68656716417911,51.49253731343284,11.194029850746269
E00132568,96,26,7,19,70,53,17,27.083333333333332,7.291666666666667,19.791666666666664,72.91666666666666,55.208333333333336,17.708333333333336
E00132569,82,32,7,25,50,38,12,39.02439024390244,8.536585365853659,30.48780487804878,60.97560975609756,46.34146341463415,14.634146341463413
E00132570,125,44,13,31,81,69,12,35.199999999999996,10.4,24.8,64.8,55.2,9.6
E00132571,61,31,13,18,30,23,7,50.81967213114754,21.311475409836063,29.508196721311474,49.18032786885246,37.704918032786885,11.475409836065573
E00132572,142,62,16,46,80,64,16,43.66197183098591,11.267605633802818,32.3943661971831,56.33802816901409,45.07042253521127,11.267605633802818
E00132573,78,34,12,22,44,37,7,43.58974358974359,15.384615384615385,28.205128205128204,56.41025641025641,47.43589743589743,8.974358974358974
E00132574,142,56,22,34,86,58,28,39.436619718309856,15.492957746478872,23.943661971830984,60.56338028169014,40.845070422535215,19.718309859154928
E00132575,126,45,14,31,81,65,16,35.714285714285715,11.11111111111111,24.6031746031746,64.28571428571429,51.587301587301596,12.698412698412698
E00132576,72,18,4,14,54,41,13,25,5.555555555555555,19.444444444444446,75,56.94444444444444,18.055555555555554
E00132577,51,17,5,12,34,26,8,33.33333333333333,9.803921568627452,23.52941176470588,66.66666666666666,50.98039215686274,15.686274509803921
E00132578,46,12,6,6,34,21,13,26.08695652173913,13.043478260869565,13.043478260869565,73.91304347826086,45.65217391304348,28.26086956521739
E00132579,137,45,19,26,92,67,25,32.846715328467155,13.86861313868613,18.97810218978102,67.15328467153284,48.9051094890511,18.248175182481752
E00132580,144,53,24,29,91,67,24,36.80555555555556,16.666666666666664,20.13888888888889,63.19444444444444,46.52777777777778,16.666666666666664
E00132581,58,19,6,13,39,29,10,32.758620689655174,10.344827586206897,22.413793103448278,67.24137931034483,50,17.24137931034483
E00132582,87,33,10,23,54,33,21,37.93103448275862,11.494252873563218,26.436781609195403,62.06896551724138,37.93103448275862,24.137931034482758
E00132583,124,48,14,34,76,59,17,38.70967741935484,11.29032258064516,27.419354838709676,61.29032258064516,47.58064516129033,13.709677419354838
E00132584,90,29,11,18,61,41,20,32.22222222222222,12.222222222222221,20,67.77777777777779,45.55555555555556,22.22222222222222
E00132585,59,23,6,17,36,28,8,38.983050847457626,10.16949152542373,28.8135593220339,61.016949152542374,47.45762711864407,13.559322033898304
E00132586,99,39,13,26,60,52,8,39.39393939393939,13.131313131313133,26.262626262626267,60.60606060606061,52.52525252525253,8.080808080808081
E00132587,134,40,14,26,94,68,26,29.850746268656714,10.44776119402985,19.402985074626866,70.1492537313433,50.74626865671642,19.402985074626866
E00132588,97,37,13,24,60,50,10,38.144329896907216,13.402061855670103,24.742268041237114,61.855670103092784,51.546391752577314,10.309278350515463
E00132589,103,30,5,25,73,62,11,29.126213592233007,4.854368932038835,24.271844660194176,70.87378640776699,60.19417475728155,10.679611650485436
E00132590,55,19,6,13,36,27,9,34.54545454545455,10.909090909090908,23.636363636363637,65.45454545454545,49.09090909090909,16.363636363636363
E00132591,97,40,15,25,57,47,10,41.23711340206185,15.463917525773196,25.773195876288657,58.76288659793815,48.45360824742268,10.309278350515463
E00132592,148,67,23,44,81,70,11,45.27027027027027,15.54054054054054,29.72972972972973,54.729729729729726,47.2972972972973,7.4324324324324325
E00132593,47,21,11,10,26,19,7,44.680851063829785,23.404255319148938,21.27659574468085,55.319148936170215,40.42553191489361,14.893617021276595
E00132594,160,73,31,42,87,68,19,45.625,19.375,26.25,54.37499999999999,42.5,11.875
E00132595,152,56,21,35,96,74,22,36.84210526315789,13.815789473684212,23.026315789473685,63.1578947368421,48.68421052631579,14.473684210526317
E00132596,82,30,11,19,52,44,8,36.58536585365854,13.414634146341465,23.170731707317074,63.41463414634146,53.65853658536586,9.75609756097561
E00132597,148,53,33,20,95,74,21,35.810810810810814,22.2972972972973,13.513513513513514,64.1891891891892,50,14.18918918918919
E00132598,99,34,14,20,65,46,19,34.34343434343434,14.14141414141414,20.2020202020202,65.65656565656566,46.464646464646464,19.19191919191919
E00132599,135,43,12,31,92,74,18,31.851851851851855,8.88888888888889,22.962962962962962,68.14814814814815,54.81481481481482,13.333333333333334
E00132600,95,35,12,23,60,47,13,36.84210526315789,12.631578947368421,24.210526315789473,63.1578947368421,49.473684210526315,13.684210526315791
E00132601,103,40,13,27,63,54,9,38.83495145631068,12.62135922330097,26.21359223300971,61.165048543689316,52.42718446601942,8.737864077669903
E00132602,72,20,4,16,52,36,16,27.77777777777778,5.555555555555555,22.22222222222222,72.22222222222221,50,22.22222222222222
E00132603,73,26,12,14,47,27,20,35.61643835616438,16.43835616438356,19.17808219178082,64.38356164383562,36.986301369863014,27.397260273972602
E00132604,120,51,21,30,69,53,16,42.5,17.5,25,57.49999999999999,44.166666666666664,13.333333333333334
E00132605,57,18,5,13,39,30,9,31.57894736842105,8.771929824561402,22.807017543859647,68.42105263157895,52.63157894736842,15.789473684210526
E00132606,131,47,18,29,84,53,31,35.87786259541985,13.740458015267176,22.137404580152673,64.12213740458014,40.458015267175576,23.66412213740458
E00132607,116,41,17,24,75,47,28,35.3448275862069,14.655172413793101,20.689655172413794,64.65517241379311,40.51724137931034,24.137931034482758
E00132608,72,32,9,23,40,29,11,44.44444444444444,12.5,31.944444444444443,55.55555555555556,40.27777777777778,15.277777777777779
E00132609,138,54,23,31,84,57,27,39.130434782608695,16.666666666666664,22.463768115942027,60.86956521739131,41.30434782608695,19.565217391304348
E00132610,136,46,18,28,90,67,23,33.82352941176471,13.23529411764706,20.588235294117645,66.17647058823529,49.26470588235294,16.911764705882355
E00132611,137,44,20,24,93,78,15,32.11678832116788,14.5985401459854,17.51824817518248,67.88321167883211,56.934306569343065,10.948905109489052
E00132612,155,43,18,25,112,89,23,27.741935483870968,11.612903225806452,16.129032258064516,72.25806451612902,57.41935483870968,14.838709677419354
E00132614,160,57,25,32,103,84,19,35.625,15.625,20,64.375,52.5,11.875
E00132615,128,46,19,27,82,63,19,35.9375,14.84375,21.09375,64.0625,49.21875,14.84375
E00132616,102,40,15,25,62,45,17,39.21568627450981,14.705882352941178,24.509803921568626,60.78431372549019,44.11764705882353,16.666666666666664
E00132617,66,17,6,11,49,34,15,25.757575757575758,9.090909090909092,16.666666666666664,74.24242424242425,51.515151515151516,22.727272727272727
E00132618,84,30,15,15,54,46,8,35.714285714285715,17.857142857142858,17.857142857142858,64.28571428571429,54.761904761904766,9.523809523809524
E00132619,96,33,14,19,63,49,14,34.375,14.583333333333334,19.791666666666664,65.625,51.041666666666664,14.583333333333334
E00132620,72,21,11,10,51,39,12,29.166666666666668,15.277777777777779,13.88888888888889,70.83333333333334,54.166666666666664,16.666666666666664
E00132621,148,55,25,30,93,73,20,37.16216216216216,16.89189189189189,20.27027027027027,62.83783783783784,49.32432432432432,13.513513513513514
E00132622,103,34,7,27,69,61,8,33.00970873786408,6.796116504854369,26.21359223300971,66.99029126213593,59.22330097087378,7.766990291262135
E00132623,173,55,17,38,118,88,30,31.79190751445087,9.826589595375722,21.965317919075144,68.20809248554913,50.86705202312138,17.341040462427745
E00132624,97,25,7,18,72,50,22,25.773195876288657,7.216494845360824,18.556701030927837,74.22680412371135,51.546391752577314,22.68041237113402
E00132625,54,12,4,8,42,29,13,22.22222222222222,7.4074074074074066,14.814814814814813,77.77777777777779,53.70370370370371,24.074074074074073
E00132626,139,51,17,34,88,67,21,36.69064748201439,12.23021582733813,24.46043165467626,63.30935251798561,48.201438848920866,15.107913669064748
E00132628,95,29,8,21,66,58,8,30.526315789473685,8.421052631578947,22.105263157894736,69.47368421052632,61.05263157894737,8.421052631578947
E00132629,126,26,8,18,100,80,20,20.634920634920633,6.349206349206349,14.285714285714285,79.36507936507937,63.49206349206349,15.873015873015872
E00132630,98,33,8,25,65,52,13,33.6734693877551,8.16326530612245,25.510204081632654,66.3265306122449,53.06122448979592,13.26530612244898
E00169331,101,34,14,20,67,52,15,33.663366336633665,13.861386138613863,19.801980198019802,66.33663366336634,51.48514851485149,14.85148514851485
E00169332,145,40,10,30,105,88,17,27.586206896551722,6.896551724137931,20.689655172413794,72.41379310344827,60.689655172413794,11.724137931034482
E00169333,36,16,6,10,20,17,3,44.44444444444444,16.666666666666664,27.77777777777778,55.55555555555556,47.22222222222222,8.333333333333332
E00169334,191,50,13,37,141,113,28,26.17801047120419,6.806282722513089,19.3717277486911,73.82198952879581,59.16230366492147,14.659685863874344
E00169335,94,23,4,19,71,58,13,24.46808510638298,4.25531914893617,20.212765957446805,75.53191489361703,61.702127659574465,13.829787234042554
E00169336,60,19,6,13,41,36,5,31.666666666666664,10,21.666666666666668,68.33333333333333,60,8.333333333333332
E00169337,101,31,4,27,70,66,4,30.693069306930692,3.9603960396039604,26.732673267326735,69.3069306930693,65.34653465346535,3.9603960396039604
E00169339,100,38,17,21,62,51,11,38,17,21,62,51,11
E00169340,143,31,9,22,112,91,21,21.678321678321677,6.293706293706294,15.384615384615385,78.32167832167832,63.63636363636363,14.685314685314685
E00169341,82,24,8,16,58,43,15,29.268292682926827,9.75609756097561,19.51219512195122,70.73170731707317,52.4390243902439,18.29268292682927
E00169342,162,43,11,32,119,93,26,26.543209876543212,6.790123456790123,19.753086419753085,73.4567901234568,57.407407407407405,16.049382716049383
E00169343,43,10,2,8,33,26,7,23.25581395348837,4.651162790697675,18.6046511627907,76.74418604651163,60.46511627906976,16.27906976744186
E00169344,96,33,17,16,63,50,13,34.375,17.708333333333336,16.666666666666664,65.625,52.083333333333336,13.541666666666666
E00169345,100,36,15,21,64,53,11,36,15,21,64,53,11
E00169346,74,30,5,25,44,33,11,40.54054054054054,6.756756756756757,33.78378378378378,59.45945945945946,44.5945945945946,14.864864864864865
E00169347,42,12,7,5,30,23,7,28.57142857142857,16.666666666666664,11.904761904761903,71.42857142857143,54.761904761904766,16.666666666666664
E00169348,144,48,15,33,96,68,28,33.33333333333333,10.416666666666668,22.916666666666664,66.66666666666666,47.22222222222222,19.444444444444446
E00169349,108,35,14,21,73,58,15,32.407407407407405,12.962962962962962,19.444444444444446,67.5925925925926,53.70370370370371,13.88888888888889
E00185263,157,64,15,49,93,77,16,40.76433121019109,9.554140127388536,31.210191082802545,59.23566878980891,49.044585987261144,10.191082802547772
E00185264,144,65,19,46,79,71,8,45.13888888888889,13.194444444444445,31.944444444444443,54.861111111111114,49.30555555555556,5.555555555555555
E00185265,129,48,17,31,81,66,15,37.2093023255814,13.178294573643413,24.031007751937985,62.7906976744186,51.162790697674424,11.627906976744185
E00185267,152,46,15,31,106,92,14,30.263157894736842,9.868421052631579,20.394736842105264,69.73684210526315,60.526315789473685,9.210526315789473
E00185268,182,46,10,36,136,115,21,25.274725274725274,5.4945054945054945,19.78021978021978,74.72527472527473,63.18681318681318,11.538461538461538
E00185269,103,19,7,12,84,67,17,18.446601941747574,6.796116504854369,11.650485436893204,81.55339805825243,65.0485436893204,16.50485436893204
E00185272,120,42,10,32,78,67,11,35,8.333333333333332,26.666666666666668,65,55.833333333333336,9.166666666666666
E00185323,64,24,3,21,40,32,8,37.5,4.6875,32.8125,62.5,50,12.5
E00185335,126,34,15,19,92,72,20,26.984126984126984,11.904761904761903,15.079365079365079,73.01587301587301,57.14285714285714,15.873015873015872
E00185343,204,61,18,43,143,117,26,29.901960784313726,8.823529411764707,21.07843137254902,70.09803921568627,57.35294117647059,12.745098039215685
E00185344,149,40,13,27,109,92,17,26.845637583892618,8.724832214765101,18.120805369127517,73.15436241610739,61.74496644295302,11.409395973154362
E00185350,167,44,12,32,123,99,24,26.34730538922156,7.18562874251497,19.16167664670659,73.65269461077844,59.281437125748504,14.37125748502994
E00185369,104,46,9,37,58,44,14,44.230769230769226,8.653846153846153,35.57692307692308,55.769230769230774,42.30769230769231,13.461538461538462
E00185375,689,58,9,49,631,531,100,8.417997097242381,1.3062409288824384,7.111756168359943,91.58200290275762,77.06821480406386,14.513788098693759
E00185376,157,46,15,31,111,98,13,29.29936305732484,9.554140127388536,19.745222929936308,70.70063694267516,62.42038216560509,8.280254777070063
E00185388,162,32,9,23,130,108,22,19.753086419753085,5.555555555555555,14.19753086419753,80.24691358024691,66.66666666666666,13.580246913580247
E00185414,113,40,13,27,73,62,11,35.39823008849557,11.504424778761061,23.893805309734514,64.60176991150442,54.86725663716814,9.734513274336283
E00185433,36,15,7,8,21,15,6,41.66666666666667,19.444444444444446,22.22222222222222,58.333333333333336,41.66666666666667,16.666666666666664
E00185435,33,11,3,8,22,16,6,33.33333333333333,9.090909090909092,24.242424242424242,66.66666666666666,48.484848484848484,18.181818181818183
E00185440,124,49,17,32,75,69,6,39.516129032258064,13.709677419354838,25.806451612903224,60.483870967741936,55.64516129032258,4.838709677419355
E00185452,180,58,21,37,122,100,22,32.22222222222222,11.666666666666666,20.555555555555554,67.77777777777779,55.55555555555556,12.222222222222221
E00185462,69,39,8,31,30,23,7,56.52173913043478,11.594202898550725,44.927536231884055,43.47826086956522,33.33333333333333,10.144927536231885
E00185463,46,16,3,13,30,17,13,34.78260869565217,6.521739130434782,28.26086956521739,65.21739130434783,36.95652173913043,28.26086956521739
E00185464,140,41,7,34,99,77,22,29.28571428571429,5,24.285714285714285,70.71428571428572,55.00000000000001,15.714285714285714
