OA,ts0380001,ts0380002,ts0380003,ts0380004,ts0380005,ts0380006,ts0380007,ts0380002_PCT,ts0380003_PCT,ts0380004_PCT,ts0380005_PCT,ts0380006_PCT,ts0380007_PCT
E00132154,275,79,26,53,196,20,176,28.72727272727273,9.454545454545455,19.272727272727273,71.27272727272728,7.2727272727272725,64
E00132155,245,52,22,30,193,14,179,21.224489795918366,8.979591836734693,12.244897959183673,78.77551020408163,5.714285714285714,73.06122448979592
E00132156,355,87,40,47,268,21,247,24.507042253521128,11.267605633802818,13.239436619718308,75.49295774647888,5.915492957746479,69.57746478873239
E00132157,313,79,39,40,234,15,219,25.23961661341853,12.460063897763577,12.779552715654951,74.76038338658148,4.792332268370607,69.96805111821087
E00132158,344,104,57,47,240,29,211,30.23255813953488,16.569767441860463,13.662790697674417,69.76744186046511,8.430232558139535,61.337209302325576
E00132159,267,77,27,50,190,13,177,28.83895131086142,10.112359550561797,18.726591760299627,71.16104868913857,4.868913857677903,66.29213483146067
E00132160,306,95,58,37,211,21,190,31.045751633986928,18.954248366013072,12.091503267973856,68.95424836601308,6.862745098039216,62.091503267973856
E00132161,521,127,55,72,394,42,352,24.37619961612284,10.556621880998081,13.81957773512476,75.62380038387715,8.061420345489443,67.56238003838772
E00132162,499,132,66,66,367,23,344,26.452905811623246,13.226452905811623,13.226452905811623,73.54709418837675,4.609218436873747,68.93787575150301
E00132163,379,92,38,54,287,15,272,24.274406332453825,10.026385224274406,14.24802110817942,75.72559366754618,3.95778364116095,71.76781002638522
E00132164,323,80,36,44,243,22,221,24.76780185758514,11.145510835913312,13.622291021671826,75.23219814241486,6.811145510835913,68.42105263157895
E00132165,239,48,25,23,191,26,165,20.0836820083682,10.460251046025103,9.623430962343097,79.9163179916318,10.87866108786611,69.0376569037657
E00132166,253,57,23,34,196,17,179,22.529644268774703,9.090909090909092,13.438735177865613,77.4703557312253,6.719367588932807,70.7509881422925
E00132167,388,108,53,55,280,20,260,27.835051546391753,13.65979381443299,14.175257731958762,72.16494845360825,5.154639175257731,67.0103092783505
E00132168,220,70,30,40,150,21,129,31.818181818181817,13.636363636363635,18.181818181818183,68.18181818181817,9.545454545454547,58.63636363636363
E00132169,269,49,21,28,220,32,188,18.21561338289963,7.806691449814126,10.408921933085502,81.78438661710037,11.895910780669144,69.88847583643123
E00132170,366,109,55,54,257,23,234,29.78142076502732,15.027322404371585,14.754098360655737,70.21857923497268,6.284153005464481,63.934426229508205
E00132171,287,68,35,33,219,32,187,23.693379790940767,12.195121951219512,11.498257839721255,76.30662020905923,11.149825783972126,65.1567944250871
E00132172,134,28,11,17,106,7,99,20.8955223880597,8.208955223880597,12.686567164179104,79.1044776119403,5.223880597014925,73.88059701492537
E00132173,278,73,26,47,205,19,186,26.258992805755394,9.352517985611511,16.906474820143885,73.7410071942446,6.83453237410072,66.90647482014388
E00132174,242,61,26,35,181,18,163,25.206611570247933,10.743801652892563,14.46280991735537,74.79338842975206,7.43801652892562,67.35537190082644
E00132175,304,77,31,46,227,23,204,25.32894736842105,10.197368421052632,15.131578947368421,74.67105263157895,7.565789473684211,67.10526315789474
E00132176,444,91,44,47,353,40,313,20.495495495495494,9.90990990990991,10.585585585585585,79.5045045045045,9.00900900900901,70.4954954954955
E00132177,244,56,18,38,188,25,163,22.950819672131146,7.377049180327869,15.573770491803279,77.04918032786885,10.245901639344263,66.80327868852459
E00132178,246,66,35,31,180,9,171,26.82926829268293,14.227642276422763,12.601626016260163,73.17073170731707,3.6585365853658534,69.51219512195121
E00132179,311,64,19,45,247,16,231,20.578778135048232,6.109324758842444,14.469453376205788,79.42122186495176,5.144694533762058,74.27652733118971
E00132180,225,59,26,33,166,16,150,26.222222222222225,11.555555555555555,14.666666666666666,73.77777777777777,7.111111111111111,66.66666666666666
E00132181,232,67,31,36,165,16,149,28.879310344827587,13.36206896551724,15.517241379310345,71.12068965517241,6.896551724137931,64.22413793103449
E00132182,225,63,31,32,162,13,149,28.000000000000004,13.777777777777779,14.222222222222221,72,5.777777777777778,66.22222222222223
E00132183,344,52,22,30,292,25,267,15.11627906976744,6.395348837209303,8.720930232558139,84.88372093023256,7.267441860465117,77.61627906976744
E00132184,340,91,36,55,249,16,233,26.764705882352942,10.588235294117647,16.176470588235293,73.23529411764706,4.705882352941177,68.52941176470588
E00132185,362,109,44,65,253,26,227,30.11049723756906,12.154696132596685,17.955801104972377,69.88950276243095,7.18232044198895,62.70718232044199
E00132186,246,87,34,53,159,15,144,35.36585365853659,13.821138211382115,21.544715447154474,64.63414634146342,6.097560975609756,58.536585365853654
E00132187,296,95,49,46,201,28,173,32.0945945945946,16.554054054054053,15.54054054054054,67.9054054054054,9.45945945945946,58.445945945945944
E00132188,259,93,56,37,166,15,151,35.907335907335906,21.62162162162162,14.285714285714285,64.0926640926641,5.7915057915057915,58.301158301158296
E00132189,462,164,93,71,298,31,267,35.4978354978355,20.12987012987013,15.367965367965366,64.5021645021645,6.70995670995671,57.7922077922078
E00132190,238,84,47,37,154,11,143,35.294117647058826,19.747899159663866,15.546218487394958,64.70588235294117,4.621848739495799,60.08403361344538
E00132191,270,100,53,47,170,16,154,37.03703703703704,19.62962962962963,17.40740740740741,62.96296296296296,5.9259259259259265,57.03703703703704
E00132192,265,88,49,39,177,16,161,33.20754716981132,18.49056603773585,14.716981132075471,66.79245283018868,6.037735849056604,60.75471698113207
E00132193,316,109,62,47,207,28,179,34.49367088607595,19.62025316455696,14.873417721518987,65.50632911392405,8.860759493670885,56.64556962025317
E00132194,247,95,45,50,152,17,135,38.46153846153847,18.218623481781375,20.242914979757085,61.53846153846154,6.882591093117409,54.655870445344135
E00132195,285,101,52,49,184,30,154,35.43859649122807,18.24561403508772,17.192982456140353,64.56140350877193,10.526315789473683,54.03508771929825
E00132196,240,88,43,45,152,16,136,36.666666666666664,17.916666666666668,18.75,63.33333333333333,6.666666666666667,56.666666666666664
E00132197,315,103,49,54,212,22,190,32.698412698412696,15.555555555555555,17.142857142857142,67.3015873015873,6.984126984126984,60.317460317460316
E00132198,351,91,42,49,260,23,237,25.925925925925924,11.965811965811966,13.96011396011396,74.07407407407408,6.552706552706552,67.52136752136752
E00132199,292,94,51,43,198,13,185,32.19178082191781,17.465753424657535,14.726027397260275,67.8082191780822,4.4520547945205475,63.35616438356164
E00132200,300,91,44,47,209,20,189,30.333333333333336,14.666666666666666,15.666666666666668,69.66666666666667,6.666666666666667,63
E00132201,277,50,21,29,227,22,205,18.050541516245488,7.581227436823104,10.469314079422382,81.94945848375451,7.9422382671480145,74.0072202166065
E00132202,442,101,53,48,341,29,312,22.850678733031675,11.990950226244344,10.85972850678733,77.14932126696833,6.561085972850679,70.58823529411765
E00132204,299,21,2,19,278,17,261,7.023411371237458,0.6688963210702341,6.354515050167224,92.97658862876254,5.68561872909699,87.29096989966555
E00132207,103,20,7,13,83,8,75,19.41747572815534,6.796116504854369,12.62135922330097,80.58252427184466,7.766990291262135,72.81553398058253
E00132208,248,49,17,32,199,21,178,19.758064516129032,6.854838709677419,12.903225806451612,80.24193548387096,8.46774193548387,71.7741935483871
E00132209,288,60,22,38,228,25,203,20.833333333333336,7.638888888888889,13.194444444444445,79.16666666666666,8.680555555555555,70.48611111111111
E00132210,476,77,27,50,399,39,360,16.176470588235293,5.6722689075630255,10.504201680672269,83.82352941176471,8.193277310924369,75.63025210084034
E00132211,235,57,24,33,178,20,158,24.25531914893617,10.212765957446807,14.042553191489363,75.74468085106383,8.51063829787234,67.23404255319149
E00132212,274,76,44,32,198,18,180,27.73722627737226,16.05839416058394,11.678832116788321,72.26277372262774,6.569343065693431,65.69343065693431
E00132213,418,62,29,33,356,35,321,14.832535885167463,6.937799043062201,7.894736842105263,85.16746411483254,8.373205741626794,76.79425837320574
E00132214,342,95,48,47,247,18,229,27.77777777777778,14.035087719298245,13.742690058479532,72.22222222222221,5.263157894736842,66.95906432748538
E00132215,449,72,29,43,377,36,341,16.035634743875278,6.45879732739421,9.57683741648107,83.96436525612472,8.017817371937639,75.94654788418708
E00132217,350,80,32,48,270,31,239,22.857142857142858,9.142857142857142,13.714285714285715,77.14285714285715,8.857142857142856,68.28571428571428
E00132218,299,75,34,41,224,23,201,25.08361204013378,11.37123745819398,13.712374581939798,74.91638795986621,7.6923076923076925,67.22408026755853
E00132219,136,32,16,16,104,12,92,23.52941176470588,11.76470588235294,11.76470588235294,76.47058823529412,8.823529411764707,67.64705882352942
E00132220,305,72,22,50,233,23,210,23.60655737704918,7.213114754098362,16.39344262295082,76.39344262295083,7.540983606557377,68.85245901639344
E00132221,287,67,37,30,220,17,203,23.34494773519164,12.89198606271777,10.452961672473867,76.65505226480836,5.923344947735192,70.73170731707317
E00132222,315,53,17,36,262,21,241,16.825396825396826,5.396825396825397,11.428571428571429,83.17460317460318,6.666666666666667,76.5079365079365
E00132223,311,79,40,39,232,22,210,25.401929260450164,12.861736334405144,12.540192926045016,74.59807073954984,7.07395498392283,67.52411575562701
E00132224,301,51,18,33,250,19,231,16.943521594684384,5.980066445182724,10.96345514950166,83.05647840531562,6.312292358803987,76.74418604651163
E00132225,199,51,19,32,148,15,133,25.628140703517587,9.547738693467336,16.08040201005025,74.37185929648241,7.537688442211055,66.83417085427136
E00132226,192,43,18,25,149,16,133,22.395833333333336,9.375,13.020833333333334,77.60416666666666,8.333333333333332,69.27083333333334
E00132227,372,80,35,45,292,25,267,21.50537634408602,9.408602150537634,12.096774193548388,78.49462365591397,6.720430107526881,71.7741935483871
E00132228,283,68,21,47,215,24,191,24.02826855123675,7.420494699646643,16.607773851590103,75.97173144876325,8.480565371024735,67.49116607773851
E00132229,303,63,26,37,240,17,223,20.792079207920793,8.58085808580858,12.211221122112212,79.20792079207921,5.6105610561056105,73.5973597359736
E00132230,285,55,22,33,230,29,201,19.298245614035086,7.719298245614035,11.578947368421053,80.7017543859649,10.175438596491228,70.52631578947368
E00132231,290,49,20,29,241,31,210,16.896551724137932,6.896551724137931,10,83.10344827586206,10.689655172413794,72.41379310344827
E00132232,351,105,47,58,246,19,227,29.914529914529915,13.390313390313391,16.524216524216524,70.08547008547008,5.413105413105413,64.67236467236467
E00132233,341,59,13,46,282,12,270,17.302052785923756,3.812316715542522,13.48973607038123,82.69794721407625,3.519061583577713,79.17888563049853
E00132234,103,24,6,18,79,9,70,23.300970873786408,5.825242718446602,17.475728155339805,76.69902912621359,8.737864077669903,67.96116504854369
E00132235,370,72,32,40,298,28,270,19.45945945945946,8.64864864864865,10.81081081081081,80.54054054054053,7.567567567567568,72.97297297297297
E00132236,347,86,32,54,261,42,219,24.78386167146974,9.221902017291066,15.561959654178676,75.21613832853026,12.103746397694524,63.112391930835734
E00132237,250,50,24,26,200,23,177,20,9.6,10.4,80,9.2,70.8
E00132239,354,75,24,51,279,27,252,21.1864406779661,6.779661016949152,14.40677966101695,78.8135593220339,7.627118644067797,71.1864406779661
E00132240,187,34,6,28,153,23,130,18.181818181818183,3.2085561497326207,14.973262032085561,81.81818181818183,12.299465240641712,69.5187165775401
E00132241,216,63,21,42,153,18,135,29.166666666666668,9.722222222222223,19.444444444444446,70.83333333333334,8.333333333333332,62.5
E00132242,312,57,16,41,255,30,225,18.269230769230766,5.128205128205128,13.141025641025642,81.73076923076923,9.615384615384617,72.11538461538461
E00132243,342,75,30,45,267,21,246,21.929824561403507,8.771929824561402,13.157894736842104,78.0701754385965,6.140350877192982,71.9298245614035
E00132244,296,84,39,45,212,27,185,28.37837837837838,13.175675675675674,15.202702702702704,71.62162162162163,9.121621621621621,62.5
E00132245,519,145,64,81,374,45,329,27.9383429672447,12.33140655105973,15.606936416184972,72.0616570327553,8.670520231213873,63.39113680154143
E00132246,452,146,65,81,306,22,284,32.30088495575221,14.380530973451327,17.920353982300885,67.69911504424779,4.867256637168142,62.83185840707964
E00132247,235,72,31,41,163,16,147,30.638297872340424,13.191489361702127,17.4468085106383,69.36170212765957,6.808510638297872,62.5531914893617
E00132248,341,102,43,59,239,27,212,29.91202346041056,12.609970674486803,17.302052785923756,70.08797653958945,7.9178885630498534,62.17008797653959
E00132249,289,50,26,24,239,27,212,17.301038062283737,8.996539792387544,8.304498269896193,82.69896193771626,9.342560553633218,73.35640138408304
E00132250,314,44,13,31,270,30,240,14.012738853503185,4.140127388535031,9.872611464968154,85.98726114649682,9.554140127388536,76.43312101910828
E00132251,295,40,13,27,255,30,225,13.559322033898304,4.406779661016949,9.152542372881356,86.4406779661017,10.16949152542373,76.27118644067797
E00132252,291,79,30,49,212,26,186,27.147766323024054,10.309278350515463,16.83848797250859,72.85223367697594,8.934707903780069,63.91752577319587
E00132253,282,50,16,34,232,16,216,17.73049645390071,5.673758865248227,12.056737588652481,82.26950354609929,5.673758865248227,76.59574468085107
E00132255,309,48,17,31,261,16,245,15.53398058252427,5.501618122977346,10.032362459546926,84.46601941747572,5.177993527508091,79.28802588996764
E00132256,293,59,20,39,234,23,211,20.13651877133106,6.825938566552901,13.310580204778159,79.86348122866895,7.849829351535837,72.01365187713311
E00132257,252,78,39,39,174,13,161,30.952380952380953,15.476190476190476,15.476190476190476,69.04761904761905,5.158730158730158,63.888888888888886
E00132258,259,74,32,42,185,18,167,28.57142857142857,12.355212355212355,16.216216216216218,71.42857142857143,6.94980694980695,64.47876447876449
E00132259,275,53,16,37,222,28,194,19.272727272727273,5.818181818181818,13.454545454545455,80.72727272727272,10.181818181818182,70.54545454545455
E00132260,267,54,13,41,213,26,187,20.224719101123593,4.868913857677903,15.355805243445692,79.7752808988764,9.737827715355806,70.0374531835206
E00132261,528,96,37,59,432,42,390,18.181818181818183,7.007575757575757,11.174242424242424,81.81818181818183,7.954545454545454,73.86363636363636
E00132262,320,80,27,53,240,27,213,25,8.4375,16.5625,75,8.4375,66.5625
E00132263,268,72,29,43,196,16,180,26.865671641791046,10.820895522388058,16.044776119402986,73.13432835820896,5.970149253731343,67.16417910447761
E00132264,434,97,33,64,337,27,310,22.350230414746544,7.603686635944701,14.746543778801843,77.64976958525345,6.221198156682028,71.42857142857143
E00132265,266,55,23,32,211,22,189,20.676691729323306,8.646616541353383,12.030075187969924,79.32330827067669,8.270676691729323,71.05263157894737
E00132266,261,71,33,38,190,22,168,27.203065134099617,12.643678160919542,14.559386973180077,72.79693486590038,8.42911877394636,64.36781609195403
E00132267,322,66,23,43,256,25,231,20.496894409937887,7.142857142857142,13.354037267080745,79.5031055900621,7.763975155279502,71.73913043478261
E00132268,308,64,21,43,244,21,223,20.77922077922078,6.8181818181818175,13.96103896103896,79.22077922077922,6.8181818181818175,72.40259740259741
E00132269,267,51,17,34,216,20,196,19.101123595505616,6.367041198501873,12.734082397003746,80.89887640449437,7.490636704119851,73.40823970037454
E00132270,237,66,27,39,171,17,154,27.848101265822784,11.39240506329114,16.455696202531644,72.15189873417721,7.172995780590717,64.9789029535865
E00132271,603,100,35,65,503,51,452,16.58374792703151,5.804311774461028,10.779436152570481,83.41625207296849,8.45771144278607,74.95854063018243
E00132272,421,98,41,57,323,41,282,23.27790973871734,9.73871733966746,13.539192399049881,76.72209026128266,9.73871733966746,66.9833729216152
E00132273,231,105,66,39,126,17,109,45.45454545454545,28.57142857142857,16.883116883116884,54.54545454545454,7.35930735930736,47.18614718614719
E00132274,301,76,33,43,225,44,181,25.249169435215947,10.96345514950166,14.285714285714285,74.75083056478405,14.61794019933555,60.13289036544851
E00132275,360,71,23,48,289,25,264,19.72222222222222,6.388888888888888,13.333333333333334,80.27777777777779,6.944444444444445,73.33333333333333
E00132276,458,109,48,61,349,28,321,23.799126637554586,10.480349344978166,13.318777292576419,76.2008733624454,6.11353711790393,70.08733624454149
E00132277,309,49,18,31,260,28,232,15.857605177993527,5.825242718446602,10.032362459546926,84.14239482200647,9.06148867313916,75.08090614886731
E00132278,460,120,78,42,340,16,324,26.08695652173913,16.956521739130434,9.130434782608695,73.91304347826086,3.4782608695652173,70.43478260869566
E00132279,217,51,18,33,166,18,148,23.502304147465438,8.294930875576037,15.207373271889402,76.49769585253456,8.294930875576037,68.20276497695853
E00132280,234,58,19,39,176,20,156,24.786324786324787,8.11965811965812,16.666666666666664,75.21367521367522,8.547008547008547,66.66666666666666
E00132281,243,71,26,45,172,15,157,29.218106995884774,10.699588477366255,18.51851851851852,70.78189300411523,6.172839506172839,64.60905349794238
E00132282,245,66,25,41,179,24,155,26.93877551020408,10.204081632653061,16.73469387755102,73.06122448979592,9.795918367346939,63.26530612244898
E00132283,258,80,30,50,178,25,153,31.007751937984494,11.627906976744185,19.379844961240313,68.9922480620155,9.689922480620156,59.30232558139535
E00132284,159,45,27,18,114,11,103,28.30188679245283,16.9811320754717,11.320754716981133,71.69811320754717,6.918238993710692,64.77987421383648
E00132285,161,25,9,16,136,21,115,15.527950310559005,5.590062111801243,9.937888198757763,84.472049689441,13.043478260869565,71.42857142857143
E00132286,196,39,14,25,157,15,142,19.897959183673468,7.142857142857142,12.755102040816327,80.10204081632652,7.653061224489796,72.44897959183673
E00132287,249,52,20,32,197,20,177,20.883534136546185,8.032128514056225,12.851405622489958,79.11646586345381,8.032128514056225,71.08433734939759
E00132289,261,63,32,31,198,16,182,24.137931034482758,12.260536398467432,11.877394636015326,75.86206896551724,6.130268199233716,69.73180076628353
E00132290,193,48,17,31,145,18,127,24.870466321243523,8.808290155440414,16.06217616580311,75.12953367875647,9.32642487046632,65.80310880829016
E00132292,141,32,17,15,109,12,97,22.69503546099291,12.056737588652481,10.638297872340425,77.30496453900709,8.51063829787234,68.79432624113475
E00132293,127,22,11,11,105,11,94,17.322834645669293,8.661417322834646,8.661417322834646,82.67716535433071,8.661417322834646,74.01574803149606
E00132294,188,46,21,25,142,11,131,24.46808510638298,11.170212765957446,13.297872340425531,75.53191489361703,5.851063829787234,69.68085106382979
E00132295,137,27,11,16,110,10,100,19.708029197080293,8.02919708029197,11.678832116788321,80.2919708029197,7.2992700729927,72.99270072992701
E00132296,340,92,50,42,248,26,222,27.058823529411764,14.705882352941178,12.352941176470589,72.94117647058823,7.647058823529412,65.29411764705883
E00132297,293,109,60,49,184,14,170,37.20136518771331,20.477815699658702,16.723549488054605,62.79863481228669,4.778156996587031,58.02047781569966
E00132298,357,128,64,64,229,16,213,35.85434173669468,17.92717086834734,17.92717086834734,64.14565826330532,4.481792717086835,59.66386554621849
E00132299,537,175,90,85,362,36,326,32.588454376163874,16.75977653631285,15.828677839851025,67.41154562383612,6.70391061452514,60.70763500931099
E00132300,246,85,39,46,161,21,140,34.552845528455286,15.853658536585366,18.69918699186992,65.4471544715447,8.536585365853659,56.91056910569105
E00132301,167,55,23,32,112,13,99,32.93413173652694,13.77245508982036,19.16167664670659,67.06586826347305,7.784431137724551,59.281437125748504
E00132302,330,73,38,35,257,19,238,22.12121212121212,11.515151515151516,10.606060606060606,77.87878787878788,5.757575757575758,72.12121212121212
E00132303,219,39,19,20,180,22,158,17.80821917808219,8.67579908675799,9.1324200913242,82.1917808219178,10.045662100456621,72.14611872146118
E00132304,282,48,26,22,234,26,208,17.02127659574468,9.219858156028367,7.801418439716312,82.97872340425532,9.219858156028367,73.75886524822694
E00132305,358,71,23,48,287,17,270,19.832402234636874,6.424581005586592,13.40782122905028,80.16759776536313,4.748603351955307,75.41899441340783
E00132306,343,54,21,33,289,21,268,15.743440233236154,6.122448979591836,9.620991253644315,84.25655976676384,6.122448979591836,78.134110787172
E00132307,369,78,29,49,291,23,268,21.138211382113823,7.8590785907859075,13.279132791327914,78.86178861788618,6.233062330623306,72.62872628726286
E00132308,155,31,14,17,124,13,111,20,9.032258064516128,10.967741935483872,80,8.38709677419355,71.61290322580646
E00132309,255,47,12,35,208,20,188,18.43137254901961,4.705882352941177,13.725490196078432,81.56862745098039,7.8431372549019605,73.72549019607844
E00132312,156,30,15,15,126,15,111,19.230769230769234,9.615384615384617,9.615384615384617,80.76923076923077,9.615384615384617,71.15384615384616
E00132313,194,45,16,29,149,16,133,23.195876288659793,8.24742268041237,14.948453608247423,76.80412371134021,8.24742268041237,68.55670103092784
E00132314,179,37,17,20,142,24,118,20.670391061452513,9.497206703910614,11.1731843575419,79.3296089385475,13.40782122905028,65.92178770949721
E00132315,346,77,31,46,269,11,258,22.254335260115607,8.959537572254336,13.294797687861271,77.74566473988439,3.1791907514450863,74.56647398843931
E00132316,155,19,5,14,136,16,120,12.258064516129032,3.225806451612903,9.032258064516128,87.74193548387098,10.32258064516129,77.41935483870968
E00132317,104,24,10,14,80,5,75,23.076923076923077,9.615384615384617,13.461538461538462,76.92307692307693,4.807692307692308,72.11538461538461
E00132318,385,102,41,61,283,30,253,26.49350649350649,10.649350649350648,15.844155844155845,73.50649350649351,7.792207792207792,65.71428571428571
E00132319,279,46,15,31,233,17,216,16.48745519713262,5.376344086021505,11.11111111111111,83.51254480286738,6.093189964157706,77.41935483870968
E00132320,146,36,11,25,110,8,102,24.65753424657534,7.534246575342466,17.123287671232877,75.34246575342466,5.47945205479452,69.86301369863014
E00132321,157,33,11,22,124,19,105,21.019108280254777,7.006369426751593,14.012738853503185,78.98089171974523,12.101910828025478,66.87898089171973
E00132322,231,89,48,41,142,13,129,38.52813852813853,20.77922077922078,17.74891774891775,61.471861471861466,5.627705627705628,55.84415584415584
E00132323,348,112,62,50,236,11,225,32.18390804597701,17.81609195402299,14.367816091954023,67.81609195402298,3.1609195402298855,64.65517241379311
E00132324,597,195,129,66,402,29,373,32.663316582914575,21.608040201005025,11.055276381909549,67.33668341708542,4.857621440536013,62.47906197654941
E00132325,444,136,68,68,308,29,279,30.630630630630627,15.315315315315313,15.315315315315313,69.36936936936937,6.531531531531531,62.83783783783784
E00132326,245,91,42,49,154,19,135,37.142857142857146,17.142857142857142,20,62.857142857142854,7.755102040816326,55.10204081632652
E00132327,287,109,61,48,178,22,156,37.97909407665505,21.254355400696863,16.72473867595819,62.02090592334495,7.665505226480835,54.35540069686411
E00132328,175,51,25,26,124,10,114,29.142857142857142,14.285714285714285,14.857142857142858,70.85714285714285,5.714285714285714,65.14285714285715
E00132329,318,127,69,58,191,19,172,39.937106918238996,21.69811320754717,18.238993710691823,60.062893081761004,5.9748427672955975,54.088050314465406
E00132330,215,95,46,49,120,19,101,44.18604651162791,21.3953488372093,22.790697674418606,55.81395348837209,8.837209302325581,46.97674418604651
E00132331,260,89,48,41,171,19,152,34.23076923076923,18.461538461538463,15.769230769230768,65.76923076923077,7.307692307692308,58.46153846153847
E00132332,262,133,71,62,129,10,119,50.76335877862596,27.099236641221374,23.66412213740458,49.23664122137404,3.816793893129771,45.41984732824427
E00132333,284,82,29,53,202,28,174,28.87323943661972,10.211267605633804,18.661971830985916,71.12676056338029,9.859154929577464,61.267605633802816
E00132334,293,100,47,53,193,31,162,34.129692832764505,16.040955631399317,18.088737201365188,65.8703071672355,10.580204778156997,55.2901023890785
E00132335,305,64,35,29,241,24,217,20.983606557377048,11.475409836065573,9.508196721311474,79.01639344262294,7.868852459016394,71.14754098360656
E00132336,352,108,69,39,244,18,226,30.681818181818183,19.602272727272727,11.079545454545455,69.31818181818183,5.113636363636364,64.20454545454545
E00132337,312,116,58,58,196,11,185,37.17948717948718,18.58974358974359,18.58974358974359,62.82051282051282,3.5256410256410255,59.294871794871796
E00132339,278,90,45,45,188,13,175,32.37410071942446,16.18705035971223,16.18705035971223,67.62589928057554,4.676258992805756,62.94964028776978
E00132340,225,85,37,48,140,17,123,37.77777777777778,16.444444444444446,21.333333333333336,62.22222222222222,7.555555555555555,54.666666666666664
E00132341,271,92,57,35,179,14,165,33.94833948339483,21.033210332103323,12.915129151291513,66.05166051660517,5.166051660516605,60.88560885608856
E00132342,253,83,39,44,170,10,160,32.80632411067194,15.41501976284585,17.391304347826086,67.19367588932806,3.9525691699604746,63.24110671936759
E00132343,363,87,31,56,276,25,251,23.96694214876033,8.539944903581267,15.426997245179063,76.03305785123968,6.887052341597796,69.14600550964187
E00132344,354,85,39,46,269,25,244,24.01129943502825,11.016949152542372,12.994350282485875,75.98870056497175,7.062146892655368,68.92655367231639
E00132345,255,75,30,45,180,16,164,29.411764705882355,11.76470588235294,17.647058823529413,70.58823529411765,6.2745098039215685,64.31372549019608
E00132346,254,83,33,50,171,14,157,32.677165354330704,12.992125984251967,19.68503937007874,67.32283464566929,5.511811023622047,61.811023622047244
E00132347,209,54,25,29,155,10,145,25.837320574162682,11.961722488038278,13.875598086124402,74.16267942583733,4.784688995215311,69.377990430622
E00132348,332,81,38,43,251,21,230,24.397590361445783,11.44578313253012,12.951807228915662,75.6024096385542,6.325301204819277,69.27710843373494
E00132349,224,56,23,33,168,18,150,25,10.267857142857142,14.732142857142858,75,8.035714285714286,66.96428571428571
E00132350,194,40,21,19,154,23,131,20.618556701030926,10.824742268041238,9.793814432989691,79.38144329896907,11.855670103092782,67.5257731958763
E00132351,267,62,23,39,205,26,179,23.220973782771537,8.614232209737828,14.606741573033707,76.77902621722846,9.737827715355806,67.04119850187266
E00132352,211,38,13,25,173,15,158,18.009478672985782,6.161137440758294,11.848341232227488,81.99052132701422,7.109004739336493,74.88151658767772
E00132353,127,28,8,20,99,15,84,22.04724409448819,6.299212598425196,15.748031496062993,77.95275590551181,11.811023622047244,66.14173228346458
E00132354,332,63,27,36,269,32,237,18.97590361445783,8.132530120481928,10.843373493975903,81.02409638554217,9.63855421686747,71.3855421686747
E00132355,223,44,20,24,179,21,158,19.730941704035875,8.968609865470851,10.762331838565023,80.26905829596413,9.417040358744394,70.85201793721974
E00132356,174,38,15,23,136,18,118,21.839080459770116,8.620689655172415,13.218390804597702,78.16091954022988,10.344827586206897,67.81609195402298
E00132357,413,88,35,53,325,31,294,21.307506053268767,8.47457627118644,12.832929782082324,78.69249394673123,7.506053268765134,71.1864406779661
E00132358,357,89,35,54,268,25,243,24.92997198879552,9.803921568627452,15.126050420168067,75.07002801120449,7.002801120448179,68.0672268907563
E00132359,163,55,27,28,108,13,95,33.74233128834356,16.56441717791411,17.177914110429448,66.25766871165644,7.975460122699387,58.282208588957054
E00132360,454,60,14,46,394,35,359,13.215859030837004,3.0837004405286343,10.13215859030837,86.78414096916299,7.709251101321586,79.07488986784142
E00132361,160,62,28,34,98,11,87,38.75,17.5,21.25,61.25000000000001,6.875000000000001,54.37499999999999
E00132362,302,80,36,44,222,16,206,26.490066225165563,11.920529801324504,14.56953642384106,73.50993377483444,5.298013245033113,68.21192052980133
E00132363,517,138,77,61,379,28,351,26.692456479690524,14.893617021276595,11.798839458413926,73.30754352030948,5.415860735009671,67.8916827852998
E00132364,250,80,41,39,170,13,157,32,16.400000000000002,15.6,68,5.2,62.8
E00132365,295,61,30,31,234,21,213,20.677966101694913,10.16949152542373,10.508474576271185,79.3220338983051,7.118644067796611,72.20338983050848
E00132366,359,112,52,60,247,27,220,31.197771587743734,14.484679665738161,16.71309192200557,68.80222841225627,7.520891364902507,61.28133704735376
E00132367,276,51,25,26,225,18,207,18.478260869565215,9.057971014492754,9.420289855072465,81.52173913043478,6.521739130434782,75
E00132368,279,80,30,50,199,19,180,28.673835125448026,10.75268817204301,17.921146953405017,71.32616487455196,6.810035842293908,64.51612903225806
E00132369,378,90,41,49,288,18,270,23.809523809523807,10.846560846560847,12.962962962962962,76.19047619047619,4.761904761904762,71.42857142857143
E00132370,224,55,19,36,169,13,156,24.553571428571427,8.482142857142858,16.071428571428573,75.44642857142857,5.803571428571429,69.64285714285714
E00132371,246,51,22,29,195,24,171,20.73170731707317,8.94308943089431,11.788617886178862,79.26829268292683,9.75609756097561,69.51219512195121
E00132372,330,75,32,43,255,23,232,22.727272727272727,9.696969696969697,13.030303030303031,77.27272727272727,6.969696969696971,70.3030303030303
E00132373,254,73,33,40,181,23,158,28.74015748031496,12.992125984251967,15.748031496062993,71.25984251968504,9.05511811023622,62.20472440944882
E00132374,229,64,25,39,165,14,151,27.947598253275107,10.91703056768559,17.03056768558952,72.0524017467249,6.11353711790393,65.93886462882097
E00132375,337,44,19,25,293,29,264,13.056379821958458,5.637982195845697,7.418397626112759,86.94362017804154,8.605341246290802,78.33827893175074
E00132376,201,46,20,26,155,20,135,22.885572139303484,9.950248756218906,12.935323383084576,77.11442786069652,9.950248756218906,67.16417910447761
E00132377,198,23,10,13,175,28,147,11.616161616161616,5.05050505050505,6.565656565656567,88.38383838383838,14.14141414141414,74.24242424242425
E00132378,296,48,13,35,248,29,219,16.216216216216218,4.391891891891892,11.824324324324325,83.78378378378379,9.797297297297296,73.98648648648648
E00132379,246,53,26,27,193,26,167,21.544715447154474,10.569105691056912,10.975609756097562,78.45528455284553,10.569105691056912,67.88617886178862
E00132380,202,49,21,28,153,16,137,24.257425742574256,10.396039603960396,13.861386138613863,75.74257425742574,7.920792079207921,67.82178217821783
E00132381,348,51,18,33,297,35,262,14.655172413793101,5.172413793103448,9.482758620689655,85.34482758620689,10.057471264367816,75.28735632183908
E00132382,147,22,7,15,125,13,112,14.965986394557824,4.761904761904762,10.204081632653061,85.03401360544217,8.843537414965986,76.19047619047619
E00132383,232,51,27,24,181,14,167,21.982758620689655,11.637931034482758,10.344827586206897,78.01724137931035,6.0344827586206895,71.98275862068965
E00132384,289,85,40,45,204,19,185,29.411764705882355,13.84083044982699,15.570934256055363,70.58823529411765,6.5743944636678195,64.01384083044984
E00132385,273,72,31,41,201,21,180,26.373626373626376,11.355311355311356,15.018315018315018,73.62637362637363,7.6923076923076925,65.93406593406593
E00132386,285,54,19,35,231,25,206,18.947368421052634,6.666666666666667,12.280701754385964,81.05263157894737,8.771929824561402,72.28070175438597
E00132387,234,39,12,27,195,17,178,16.666666666666664,5.128205128205128,11.538461538461538,83.33333333333334,7.264957264957266,76.06837606837607
E00132388,243,51,12,39,192,22,170,20.98765432098765,4.938271604938271,16.049382716049383,79.01234567901234,9.053497942386832,69.95884773662551
E00132389,312,49,21,28,263,37,226,15.705128205128204,6.730769230769231,8.974358974358974,84.2948717948718,11.858974358974358,72.43589743589743
E00132390,204,44,16,28,160,16,144,21.568627450980394,7.8431372549019605,13.725490196078432,78.43137254901961,7.8431372549019605,70.58823529411765
E00132391,260,64,33,31,196,22,174,24.615384615384617,12.692307692307692,11.923076923076923,75.38461538461539,8.461538461538462,66.92307692307692
E00132392,215,42,17,25,173,17,156,19.53488372093023,7.906976744186046,11.627906976744185,80.46511627906978,7.906976744186046,72.55813953488372
E00132393,372,104,61,43,268,18,250,27.956989247311824,16.397849462365592,11.559139784946236,72.04301075268818,4.838709677419355,67.20430107526882
E00132394,141,39,21,18,102,10,92,27.659574468085108,14.893617021276595,12.76595744680851,72.3404255319149,7.092198581560284,65.24822695035462
E00132395,132,27,9,18,105,7,98,20.454545454545457,6.8181818181818175,13.636363636363635,79.54545454545455,5.303030303030303,74.24242424242425
E00132396,252,63,32,31,189,21,168,25,12.698412698412698,12.3015873015873,75,8.333333333333332,66.66666666666666
E00132397,309,56,22,34,253,25,228,18.12297734627832,7.119741100323624,11.003236245954692,81.87702265372168,8.090614886731391,73.7864077669903
E00132398,318,86,26,60,232,29,203,27.044025157232703,8.176100628930817,18.867924528301888,72.95597484276729,9.119496855345911,63.83647798742138
E00132399,348,97,48,49,251,27,224,27.873563218390807,13.793103448275861,14.080459770114942,72.12643678160919,7.758620689655173,64.36781609195403
E00132400,271,48,25,23,223,15,208,17.712177121771216,9.22509225092251,8.487084870848708,82.28782287822878,5.535055350553505,76.75276752767527
E00132401,359,113,55,58,246,12,234,31.47632311977716,15.32033426183844,16.15598885793872,68.52367688022284,3.3426183844011144,65.18105849582173
E00132402,273,106,53,53,167,10,157,38.82783882783883,19.413919413919416,19.413919413919416,61.172161172161175,3.6630036630036633,57.509157509157504
E00132404,243,66,40,26,177,14,163,27.160493827160494,16.46090534979424,10.699588477366255,72.8395061728395,5.761316872427984,67.07818930041152
E00132405,246,102,57,45,144,11,133,41.46341463414634,23.170731707317074,18.29268292682927,58.536585365853654,4.471544715447155,54.0650406504065
E00132408,308,86,29,57,222,19,203,27.92207792207792,9.415584415584416,18.506493506493506,72.07792207792207,6.1688311688311686,65.9090909090909
E00132409,104,40,19,21,64,9,55,38.46153846153847,18.269230769230766,20.192307692307693,61.53846153846154,8.653846153846153,52.88461538461539
E00132410,256,83,44,39,173,12,161,32.421875,17.1875,15.234375,67.578125,4.6875,62.890625
E00132411,138,29,15,14,109,10,99,21.014492753623188,10.869565217391305,10.144927536231885,78.98550724637681,7.246376811594203,71.73913043478261
E00132412,211,67,37,30,144,12,132,31.753554502369667,17.535545023696685,14.218009478672986,68.24644549763033,5.687203791469194,62.55924170616114
E00132413,279,86,40,46,193,13,180,30.824372759856633,14.336917562724013,16.48745519713262,69.17562724014337,4.659498207885305,64.51612903225806
E00132414,258,93,59,34,165,11,154,36.04651162790697,22.868217054263564,13.178294573643413,63.95348837209303,4.263565891472868,59.68992248062015
E00132415,199,55,20,35,144,13,131,27.63819095477387,10.050251256281408,17.587939698492463,72.36180904522614,6.532663316582915,65.82914572864321
E00132416,362,83,37,46,279,20,259,22.92817679558011,10.220994475138122,12.70718232044199,77.07182320441989,5.524861878453039,71.54696132596685
E00132417,295,106,51,55,189,9,180,35.932203389830505,17.28813559322034,18.64406779661017,64.0677966101695,3.050847457627119,61.016949152542374
E00132418,203,73,40,33,130,8,122,35.960591133004925,19.704433497536947,16.25615763546798,64.03940886699507,3.9408866995073892,60.09852216748769
E00132420,259,86,46,40,173,9,164,33.204633204633204,17.760617760617762,15.444015444015443,66.79536679536679,3.474903474903475,63.32046332046332
E00132421,488,105,55,50,383,38,345,21.51639344262295,11.270491803278688,10.245901639344263,78.48360655737704,7.786885245901639,70.69672131147541
E00132422,297,71,34,37,226,26,200,23.905723905723907,11.447811447811448,12.457912457912458,76.0942760942761,8.754208754208754,67.34006734006735
E00132423,250,54,19,35,196,25,171,21.6,7.6,14.000000000000002,78.4,10,68.4
E00132424,280,80,31,49,200,23,177,28.57142857142857,11.071428571428571,17.5,71.42857142857143,8.214285714285714,63.21428571428571
E00132425,404,76,27,49,328,24,304,18.81188118811881,6.683168316831684,12.128712871287128,81.1881188118812,5.9405940594059405,75.24752475247524
E00132426,266,52,22,30,214,20,194,19.548872180451127,8.270676691729323,11.278195488721805,80.45112781954887,7.518796992481203,72.93233082706767
E00132427,290,78,26,52,212,25,187,26.89655172413793,8.96551724137931,17.93103448275862,73.10344827586206,8.620689655172415,64.48275862068965
E00132428,285,61,24,37,224,23,201,21.403508771929825,8.421052631578947,12.982456140350877,78.59649122807018,8.070175438596491,70.52631578947368
E00132430,294,64,23,41,230,25,205,21.768707482993197,7.8231292517006805,13.945578231292515,78.2312925170068,8.503401360544217,69.72789115646259
E00132431,447,132,81,51,315,47,268,29.53020134228188,18.120805369127517,11.409395973154362,70.46979865771812,10.51454138702461,59.95525727069351
E00132432,291,58,28,30,233,21,212,19.93127147766323,9.621993127147768,10.309278350515463,80.06872852233677,7.216494845360824,72.85223367697594
E00132433,245,75,42,33,170,8,162,30.612244897959183,17.142857142857142,13.46938775510204,69.38775510204081,3.2653061224489797,66.12244897959184
E00132434,418,74,30,44,344,29,315,17.703349282296653,7.177033492822966,10.526315789473683,82.29665071770334,6.937799043062201,75.35885167464114
E00132435,241,54,22,32,187,21,166,22.40663900414938,9.12863070539419,13.278008298755188,77.59336099585063,8.71369294605809,68.87966804979253
E00132436,290,86,37,49,204,20,184,29.655172413793103,12.758620689655173,16.896551724137932,70.34482758620689,6.896551724137931,63.44827586206897
E00132437,229,63,22,41,166,23,143,27.510917030567683,9.606986899563319,17.903930131004365,72.48908296943232,10.043668122270741,62.44541484716157
E00132438,296,60,24,36,236,25,211,20.27027027027027,8.108108108108109,12.162162162162163,79.72972972972973,8.445945945945946,71.28378378378379
E00132439,266,43,19,24,223,24,199,16.165413533834585,7.142857142857142,9.022556390977442,83.83458646616542,9.022556390977442,74.81203007518798
E00132440,249,47,20,27,202,20,182,18.87550200803213,8.032128514056225,10.843373493975903,81.12449799196787,8.032128514056225,73.09236947791165
E00132441,218,48,19,29,170,19,151,22.018348623853214,8.715596330275229,13.302752293577983,77.98165137614679,8.715596330275229,69.26605504587155
E00132442,218,40,13,27,178,14,164,18.34862385321101,5.963302752293578,12.385321100917432,81.65137614678899,6.422018348623854,75.22935779816514
E00132443,313,41,13,28,272,23,249,13.099041533546327,4.15335463258786,8.945686900958465,86.90095846645367,7.348242811501597,79.55271565495208
E00132444,214,54,14,40,160,17,143,25.233644859813083,6.5420560747663545,18.69158878504673,74.76635514018692,7.943925233644859,66.82242990654206
E00132445,392,138,83,55,254,34,220,35.204081632653065,21.1734693877551,14.030612244897958,64.79591836734694,8.673469387755102,56.12244897959183
E00132446,299,67,30,37,232,27,205,22.40802675585284,10.033444816053512,12.37458193979933,77.59197324414716,9.03010033444816,68.56187290969899
E00132447,354,97,46,51,257,43,214,27.401129943502823,12.994350282485875,14.40677966101695,72.59887005649718,12.146892655367232,60.451977401129945
E00132448,306,78,32,46,228,21,207,25.49019607843137,10.457516339869281,15.032679738562091,74.50980392156863,6.862745098039216,67.64705882352942
E00132449,210,77,31,46,133,10,123,36.666666666666664,14.761904761904763,21.904761904761905,63.33333333333333,4.761904761904762,58.57142857142858
E00132450,317,49,17,32,268,25,243,15.457413249211358,5.3627760252365935,10.094637223974763,84.54258675078864,7.886435331230284,76.65615141955836
E00132451,290,40,14,26,250,29,221,13.793103448275861,4.827586206896552,8.96551724137931,86.20689655172413,10,76.20689655172413
E00132452,332,51,22,29,281,34,247,15.36144578313253,6.626506024096386,8.734939759036145,84.63855421686746,10.240963855421686,74.3975903614458
E00132453,278,84,38,46,194,19,175,30.215827338129497,13.66906474820144,16.546762589928058,69.7841726618705,6.83453237410072,62.94964028776978
E00132454,258,78,40,38,180,14,166,30.23255813953488,15.503875968992247,14.728682170542637,69.76744186046511,5.426356589147287,64.34108527131784
E00132455,236,90,50,40,146,9,137,38.13559322033898,21.1864406779661,16.94915254237288,61.86440677966102,3.8135593220338984,58.05084745762712
E00132456,259,50,21,29,209,17,192,19.305019305019304,8.108108108108109,11.196911196911197,80.6949806949807,6.563706563706563,74.13127413127413
E00132457,353,111,57,54,242,16,226,31.444759206798867,16.147308781869686,15.29745042492918,68.55524079320114,4.53257790368272,64.02266288951841
E00132459,231,75,38,37,156,18,138,32.467532467532465,16.450216450216452,16.017316017316016,67.53246753246754,7.792207792207792,59.74025974025974
E00132460,216,46,20,26,170,9,161,21.296296296296298,9.25925925925926,12.037037037037036,78.70370370370371,4.166666666666666,74.53703703703704
E00132461,279,59,19,40,220,16,204,21.14695340501792,6.810035842293908,14.336917562724013,78.85304659498208,5.734767025089606,73.11827956989248
E00132462,237,69,29,40,168,15,153,29.11392405063291,12.236286919831224,16.877637130801688,70.88607594936708,6.329113924050633,64.55696202531645
E00132463,205,57,21,36,148,10,138,27.80487804878049,10.24390243902439,17.560975609756095,72.1951219512195,4.878048780487805,67.31707317073172
E00132464,234,70,30,40,164,18,146,29.914529914529915,12.82051282051282,17.094017094017094,70.08547008547008,7.6923076923076925,62.39316239316239
E00132465,245,70,35,35,175,16,159,28.57142857142857,14.285714285714285,14.285714285714285,71.42857142857143,6.530612244897959,64.89795918367346
E00132466,316,66,26,40,250,26,224,20.88607594936709,8.227848101265822,12.658227848101266,79.11392405063292,8.227848101265822,70.88607594936708
E00132467,223,69,36,33,154,8,146,30.94170403587444,16.143497757847534,14.798206278026907,69.05829596412556,3.587443946188341,65.47085201793722
E00132468,391,88,36,52,303,24,279,22.506393861892583,9.207161125319693,13.299232736572892,77.49360613810742,6.138107416879795,71.35549872122762
E00132469,327,62,24,38,265,27,238,18.960244648318042,7.339449541284404,11.62079510703364,81.03975535168195,8.256880733944955,72.78287461773701
E00132470,239,73,39,34,166,22,144,30.543933054393307,16.317991631799163,14.225941422594143,69.4560669456067,9.205020920502092,60.25104602510461
E00132471,313,71,30,41,242,17,225,22.683706070287542,9.584664536741213,13.099041533546327,77.31629392971246,5.431309904153355,71.8849840255591
E00132472,282,67,33,34,215,14,201,23.75886524822695,11.702127659574469,12.056737588652481,76.24113475177306,4.964539007092199,71.27659574468085
E00132473,252,82,34,48,170,21,149,32.53968253968254,13.492063492063492,19.047619047619047,67.46031746031747,8.333333333333332,59.12698412698413
E00132474,179,65,41,24,114,5,109,36.312849162011176,22.905027932960895,13.40782122905028,63.687150837988824,2.793296089385475,60.893854748603346
E00132475,326,82,41,41,244,30,214,25.153374233128833,12.576687116564417,12.576687116564417,74.84662576687117,9.202453987730062,65.6441717791411
E00132476,306,56,18,38,250,23,227,18.30065359477124,5.88235294117647,12.418300653594772,81.69934640522875,7.516339869281046,74.18300653594771
E00132477,319,87,57,30,232,26,206,27.27272727272727,17.86833855799373,9.404388714733543,72.72727272727273,8.150470219435736,64.57680250783699
E00132478,307,45,14,31,262,14,248,14.65798045602606,4.5602605863192185,10.097719869706841,85.34201954397395,4.5602605863192185,80.78175895765473
E00132479,311,50,21,29,261,24,237,16.077170418006432,6.752411575562702,9.32475884244373,83.92282958199357,7.717041800643088,76.20578778135048
E00132480,293,52,15,37,241,22,219,17.747440273037544,5.1194539249146755,12.627986348122866,82.25255972696246,7.508532423208192,74.74402730375427
E00132481,288,92,38,54,196,18,178,31.944444444444443,13.194444444444445,18.75,68.05555555555556,6.25,61.80555555555556
E00132482,327,110,56,54,217,17,200,33.63914373088685,17.12538226299694,16.51376146788991,66.36085626911316,5.198776758409786,61.16207951070336
E00132483,218,72,37,35,146,14,132,33.02752293577982,16.972477064220186,16.055045871559635,66.97247706422019,6.422018348623854,60.550458715596335
E00132484,209,67,31,36,142,19,123,32.057416267942585,14.832535885167463,17.22488038277512,67.94258373205741,9.090909090909092,58.85167464114832
E00132485,411,170,105,65,241,34,207,41.3625304136253,25.547445255474454,15.815085158150852,58.63746958637469,8.27250608272506,50.36496350364964
E00132486,458,91,35,56,367,30,337,19.868995633187772,7.641921397379912,12.22707423580786,80.13100436681223,6.550218340611353,73.58078602620087
E00132487,228,62,29,33,166,5,161,27.192982456140353,12.719298245614036,14.473684210526317,72.80701754385966,2.1929824561403506,70.6140350877193
E00132488,291,46,19,27,245,29,216,15.807560137457044,6.529209621993128,9.278350515463918,84.19243986254295,9.965635738831615,74.22680412371135
E00132489,308,68,32,36,240,15,225,22.07792207792208,10.38961038961039,11.688311688311687,77.92207792207793,4.870129870129871,73.05194805194806
E00132490,205,47,18,29,158,18,140,22.926829268292686,8.780487804878048,14.146341463414632,77.07317073170732,8.780487804878048,68.29268292682927
E00132491,257,58,25,33,199,22,177,22.56809338521401,9.72762645914397,12.840466926070038,77.431906614786,8.560311284046692,68.8715953307393
E00132492,286,47,16,31,239,22,217,16.433566433566433,5.594405594405594,10.839160839160838,83.56643356643356,7.6923076923076925,75.87412587412588
E00132493,144,26,8,18,118,14,104,18.055555555555554,5.555555555555555,12.5,81.94444444444444,9.722222222222223,72.22222222222221
E00132494,121,32,12,20,89,13,76,26.446280991735538,9.917355371900827,16.528925619834713,73.55371900826447,10.743801652892563,62.8099173553719
E00132495,293,63,31,32,230,15,215,21.501706484641637,10.580204778156997,10.921501706484642,78.49829351535837,5.1194539249146755,73.37883959044369
E00132496,222,77,48,29,145,9,136,34.68468468468468,21.62162162162162,13.063063063063062,65.31531531531532,4.054054054054054,61.261261261261254
E00132497,188,58,24,34,130,16,114,30.851063829787233,12.76595744680851,18.085106382978726,69.14893617021278,8.51063829787234,60.63829787234043
E00132498,184,36,20,16,148,15,133,19.565217391304348,10.869565217391305,8.695652173913043,80.43478260869566,8.152173913043478,72.28260869565217
E00132499,328,103,49,54,225,24,201,31.402439024390244,14.939024390243901,16.463414634146343,68.59756097560977,7.317073170731707,61.28048780487805
E00132500,274,65,27,38,209,23,186,23.722627737226276,9.854014598540147,13.86861313868613,76.27737226277372,8.394160583941606,67.88321167883211
E00132501,272,75,35,40,197,23,174,27.573529411764707,12.867647058823529,14.705882352941178,72.42647058823529,8.455882352941178,63.970588235294116
E00132502,393,75,34,41,318,27,291,19.083969465648856,8.651399491094146,10.432569974554708,80.91603053435115,6.870229007633588,74.04580152671755
E00132503,280,112,58,54,168,11,157,40,20.714285714285715,19.28571428571429,60,3.9285714285714284,56.07142857142857
E00132504,448,80,21,59,368,39,329,17.857142857142858,4.6875,13.169642857142858,82.14285714285714,8.705357142857142,73.4375
E00132506,446,93,39,54,353,29,324,20.85201793721973,8.74439461883408,12.10762331838565,79.14798206278026,6.502242152466367,72.6457399103139
E00132507,382,130,62,68,252,18,234,34.031413612565444,16.230366492146597,17.801047120418847,65.96858638743456,4.712041884816754,61.25654450261781
E00132508,335,117,46,71,218,19,199,34.92537313432836,13.73134328358209,21.19402985074627,65.07462686567163,5.6716417910447765,59.40298507462687
E00132509,329,66,26,40,263,26,237,20.060790273556233,7.90273556231003,12.158054711246201,79.93920972644378,7.90273556231003,72.03647416413374
E00132510,245,62,29,33,183,23,160,25.30612244897959,11.83673469387755,13.46938775510204,74.6938775510204,9.387755102040817,65.3061224489796
E00132511,151,38,16,22,113,3,110,25.165562913907287,10.596026490066226,14.56953642384106,74.83443708609272,1.9867549668874174,72.84768211920529
E00132512,345,87,42,45,258,23,235,25.217391304347824,12.173913043478262,13.043478260869565,74.78260869565217,6.666666666666667,68.11594202898551
E00132513,456,100,45,55,356,43,313,21.929824561403507,9.868421052631579,12.06140350877193,78.0701754385965,9.429824561403509,68.64035087719299
E00132514,520,116,40,76,404,33,371,22.30769230769231,7.6923076923076925,14.615384615384617,77.6923076923077,6.346153846153846,71.34615384615385
E00132515,418,90,38,52,328,33,295,21.5311004784689,9.090909090909092,12.440191387559809,78.4688995215311,7.894736842105263,70.57416267942584
E00132516,170,50,24,26,120,11,109,29.411764705882355,14.117647058823529,15.294117647058824,70.58823529411765,6.470588235294119,64.11764705882354
E00132517,216,72,36,36,144,18,126,33.33333333333333,16.666666666666664,16.666666666666664,66.66666666666666,8.333333333333332,58.333333333333336
E00132518,424,137,69,68,287,23,264,32.31132075471698,16.27358490566038,16.037735849056602,67.68867924528303,5.4245283018867925,62.264150943396224
E00132519,280,117,79,38,163,15,148,41.785714285714285,28.214285714285715,13.571428571428571,58.214285714285715,5.357142857142857,52.85714285714286
E00132520,255,100,62,38,155,11,144,39.21568627450981,24.313725490196077,14.901960784313726,60.78431372549019,4.313725490196078,56.470588235294116
E00132521,346,112,54,58,234,16,218,32.369942196531795,15.606936416184972,16.76300578034682,67.63005780346822,4.624277456647398,63.005780346820806
E00132522,318,133,77,56,185,19,166,41.82389937106918,24.21383647798742,17.61006289308176,58.17610062893082,5.9748427672955975,52.20125786163522
E00132523,181,66,31,35,115,11,104,36.46408839779006,17.12707182320442,19.337016574585636,63.53591160220995,6.077348066298343,57.4585635359116
E00132524,301,90,32,58,211,26,185,29.900332225913623,10.631229235880399,19.269102990033225,70.09966777408638,8.637873754152823,61.461794019933556
E00132525,303,93,37,56,210,25,185,30.693069306930692,12.211221122112212,18.48184818481848,69.3069306930693,8.25082508250825,61.05610561056105
E00132526,299,88,44,44,211,16,195,29.431438127090303,14.715719063545151,14.715719063545151,70.5685618729097,5.351170568561873,65.21739130434783
E00132527,231,74,35,39,157,20,137,32.03463203463203,15.151515151515152,16.883116883116884,67.96536796536796,8.658008658008658,59.307359307359306
E00132528,226,62,25,37,164,21,143,27.43362831858407,11.061946902654867,16.371681415929203,72.56637168141593,9.29203539823009,63.27433628318584
E00132529,215,76,43,33,139,8,131,35.348837209302324,20,15.348837209302326,64.65116279069767,3.7209302325581395,60.93023255813953
E00132530,294,77,39,38,217,32,185,26.190476190476193,13.26530612244898,12.925170068027212,73.80952380952381,10.884353741496598,62.925170068027214
E00132531,284,94,39,55,190,23,167,33.098591549295776,13.732394366197184,19.366197183098592,66.90140845070422,8.098591549295776,58.80281690140845
E00132532,261,46,16,30,215,22,193,17.624521072796934,6.130268199233716,11.494252873563218,82.37547892720306,8.42911877394636,73.9463601532567
E00132533,164,30,12,18,134,14,120,18.29268292682927,7.317073170731707,10.975609756097562,81.70731707317073,8.536585365853659,73.17073170731707
E00132534,152,38,17,21,114,14,100,25,11.18421052631579,13.815789473684212,75,9.210526315789473,65.78947368421053
E00132535,348,56,14,42,292,38,254,16.091954022988507,4.022988505747127,12.068965517241379,83.9080459770115,10.919540229885058,72.98850574712644
E00132536,215,36,11,25,179,22,157,16.74418604651163,5.116279069767442,11.627906976744185,83.25581395348837,10.232558139534884,73.0232558139535
E00132537,153,30,13,17,123,8,115,19.607843137254903,8.49673202614379,11.11111111111111,80.3921568627451,5.228758169934641,75.16339869281046
E00132538,135,18,6,12,117,9,108,13.333333333333334,4.444444444444445,8.88888888888889,86.66666666666667,6.666666666666667,80
E00132539,479,124,71,53,355,47,308,25.887265135699373,14.822546972860126,11.064718162839249,74.11273486430062,9.812108559498958,64.30062630480167
E00132540,269,61,33,28,208,22,186,22.676579925650557,12.267657992565056,10.408921933085502,77.32342007434944,8.178438661710038,69.14498141263941
E00132541,472,115,49,66,357,35,322,24.364406779661017,10.38135593220339,13.983050847457626,75.63559322033898,7.415254237288135,68.22033898305084
E00132542,272,50,25,25,222,28,194,18.38235294117647,9.191176470588236,9.191176470588236,81.61764705882352,10.294117647058822,71.32352941176471
E00132543,240,39,11,28,201,14,187,16.25,4.583333333333333,11.666666666666666,83.75,5.833333333333333,77.91666666666667
E00132544,237,68,33,35,169,16,153,28.691983122362867,13.924050632911392,14.767932489451477,71.30801687763713,6.751054852320674,64.55696202531645
E00132545,444,88,33,55,356,36,320,19.81981981981982,7.4324324324324325,12.387387387387387,80.18018018018019,8.108108108108109,72.07207207207207
E00132546,318,47,17,30,271,18,253,14.779874213836477,5.345911949685535,9.433962264150944,85.22012578616352,5.660377358490567,79.55974842767296
E00132547,255,34,16,18,221,23,198,13.333333333333334,6.2745098039215685,7.0588235294117645,86.66666666666667,9.019607843137255,77.64705882352942
E00132548,282,58,24,34,224,20,204,20.56737588652482,8.51063829787234,12.056737588652481,79.43262411347519,7.092198581560284,72.3404255319149
E00132549,384,135,63,72,249,22,227,35.15625,16.40625,18.75,64.84375,5.729166666666666,59.114583333333336
E00132550,516,66,21,45,450,34,416,12.790697674418606,4.069767441860465,8.720930232558139,87.20930232558139,6.5891472868217065,80.62015503875969
E00132551,338,101,52,49,237,18,219,29.88165680473373,15.384615384615385,14.497041420118343,70.11834319526628,5.325443786982249,64.79289940828401
E00132552,257,69,27,42,188,20,168,26.848249027237355,10.505836575875486,16.342412451361866,73.15175097276264,7.782101167315175,65.36964980544747
E00132553,272,66,32,34,206,15,191,24.264705882352942,11.76470588235294,12.5,75.73529411764706,5.514705882352941,70.22058823529412
E00132554,370,92,43,49,278,19,259,24.864864864864867,11.621621621621623,13.243243243243244,75.13513513513513,5.135135135135135,70
E00132555,336,64,28,36,272,19,253,19.047619047619047,8.333333333333332,10.714285714285714,80.95238095238095,5.654761904761905,75.29761904761905
E00132556,289,98,52,46,191,18,173,33.910034602076124,17.99307958477509,15.916955017301039,66.08996539792388,6.228373702422145,59.86159169550172
E00132557,361,110,64,46,251,24,227,30.47091412742382,17.72853185595568,12.742382271468145,69.52908587257618,6.64819944598338,62.880886426592795
E00132558,259,102,47,55,157,24,133,39.38223938223938,18.146718146718147,21.235521235521233,60.61776061776062,9.266409266409266,51.35135135135135
E00132562,297,113,49,64,184,27,157,38.04713804713805,16.4983164983165,21.548821548821547,61.95286195286195,9.090909090909092,52.861952861952865
E00132563,329,123,67,56,206,23,183,37.38601823708207,20.364741641337385,17.02127659574468,62.61398176291794,6.990881458966565,55.62310030395137
E00132564,294,75,42,33,219,14,205,25.510204081632654,14.285714285714285,11.224489795918368,74.48979591836735,4.761904761904762,69.72789115646259
E00132565,313,85,42,43,228,21,207,27.15654952076677,13.418530351437699,13.738019169329075,72.84345047923323,6.7092651757188495,66.13418530351439
E00132566,287,62,29,33,225,16,209,21.602787456445995,10.104529616724738,11.498257839721255,78.397212543554,5.574912891986063,72.82229965156795
E00132567,326,78,39,39,248,21,227,23.92638036809816,11.96319018404908,11.96319018404908,76.07361963190185,6.441717791411043,69.6319018404908
E00132568,286,61,25,36,225,25,200,21.328671328671327,8.741258741258742,12.587412587412588,78.67132867132867,8.741258741258742,69.93006993006993
E00132569,250,73,53,20,177,4,173,29.2,21.2,8,70.8,1.6,69.19999999999999
E00132570,280,65,28,37,215,16,199,23.214285714285715,10,13.214285714285715,76.78571428571429,5.714285714285714,71.07142857142857
E00132571,183,44,19,25,139,7,132,24.043715846994534,10.382513661202186,13.661202185792352,75.95628415300546,3.825136612021858,72.1311475409836
E00132572,358,91,48,43,267,26,241,25.41899441340782,13.40782122905028,12.011173184357542,74.58100558659217,7.262569832402235,67.31843575418995
E00132573,321,100,45,55,221,23,198,31.15264797507788,14.018691588785046,17.133956386292834,68.84735202492212,7.165109034267912,61.6822429906542
E00132574,367,90,43,47,277,17,260,24.52316076294278,11.716621253405995,12.806539509536785,75.47683923705722,4.632152588555858,70.84468664850137
E00132575,401,106,53,53,295,12,283,26.433915211970078,13.216957605985039,13.216957605985039,73.56608478802993,2.9925187032418954,70.57356608478803
E00132576,275,98,53,45,177,23,154,35.63636363636364,19.272727272727273,16.363636363636363,64.36363636363637,8.363636363636363,56.00000000000001
E00132577,131,29,11,18,102,7,95,22.137404580152673,8.396946564885496,13.740458015267176,77.86259541984732,5.343511450381679,72.51908396946564
E00132578,106,24,9,15,82,11,71,22.641509433962266,8.49056603773585,14.150943396226415,77.35849056603774,10.377358490566039,66.98113207547169
E00132579,432,134,66,68,298,42,256,31.01851851851852,15.277777777777779,15.74074074074074,68.98148148148148,9.722222222222223,59.25925925925925
E00132580,357,91,34,57,266,19,247,25.49019607843137,9.523809523809524,15.966386554621847,74.50980392156863,5.322128851540616,69.187675070028
E00132581,129,29,1,28,100,8,92,22.48062015503876,0.7751937984496124,21.705426356589147,77.51937984496125,6.2015503875969,71.31782945736434
E00132582,224,59,28,31,165,13,152,26.339285714285715,12.5,13.839285714285715,73.66071428571429,5.803571428571429,67.85714285714286
E00132583,362,102,42,60,260,18,242,28.176795580110497,11.602209944751381,16.574585635359114,71.8232044198895,4.972375690607735,66.85082872928176
E00132584,233,47,23,24,186,27,159,20.171673819742487,9.871244635193133,10.300429184549357,79.82832618025752,11.587982832618025,68.24034334763948
E00132585,234,89,52,37,145,14,131,38.034188034188034,22.22222222222222,15.81196581196581,61.965811965811966,5.982905982905983,55.98290598290598
E00132586,245,54,21,33,191,19,172,22.040816326530614,8.571428571428571,13.46938775510204,77.9591836734694,7.755102040816326,70.20408163265306
E00132587,338,85,45,40,253,17,236,25.14792899408284,13.313609467455622,11.834319526627219,74.85207100591717,5.029585798816568,69.8224852071006
E00132588,286,94,50,44,192,23,169,32.86713286713287,17.482517482517483,15.384615384615385,67.13286713286713,8.041958041958042,59.09090909090909
E00132589,274,65,34,31,209,13,196,23.722627737226276,12.408759124087592,11.313868613138686,76.27737226277372,4.744525547445255,71.53284671532847
E00132590,231,76,37,39,155,9,146,32.900432900432904,16.017316017316016,16.883116883116884,67.09956709956711,3.896103896103896,63.20346320346321
E00132591,307,94,46,48,213,18,195,30.618892508143325,14.983713355048861,15.63517915309446,69.38110749185668,5.863192182410423,63.51791530944625
E00132592,482,149,81,68,333,24,309,30.91286307053942,16.804979253112034,14.107883817427386,69.08713692946058,4.979253112033195,64.10788381742739
E00132593,214,69,40,29,145,14,131,32.242990654205606,18.69158878504673,13.551401869158877,67.7570093457944,6.5420560747663545,61.21495327102804
E00132594,340,65,22,43,275,18,257,19.11764705882353,6.470588235294119,12.647058823529411,80.88235294117648,5.294117647058823,75.58823529411765
E00132595,337,57,24,33,280,17,263,16.913946587537094,7.121661721068249,9.792284866468842,83.08605341246292,5.044510385756676,78.04154302670622
E00132596,226,55,25,30,171,10,161,24.336283185840706,11.061946902654867,13.274336283185843,75.66371681415929,4.424778761061947,71.23893805309734
E00132597,315,69,44,25,246,17,229,21.904761904761905,13.968253968253968,7.936507936507936,78.0952380952381,5.396825396825397,72.6984126984127
E00132598,263,81,36,45,182,20,162,30.798479087452474,13.688212927756654,17.110266159695815,69.20152091254754,7.604562737642586,61.59695817490495
E00132599,321,65,23,42,256,20,236,20.24922118380062,7.165109034267912,13.084112149532709,79.75077881619937,6.230529595015576,73.5202492211838
E00132600,240,65,28,37,175,13,162,27.083333333333332,11.666666666666666,15.416666666666668,72.91666666666666,5.416666666666667,67.5
E00132601,362,107,54,53,255,14,241,29.55801104972376,14.917127071823206,14.64088397790055,70.44198895027624,3.867403314917127,66.57458563535911
E00132602,186,51,27,24,135,12,123,27.419354838709676,14.516129032258066,12.903225806451612,72.58064516129032,6.451612903225806,66.12903225806451
E00132603,169,33,16,17,136,14,122,19.526627218934912,9.467455621301776,10.059171597633137,80.4733727810651,8.284023668639055,72.18934911242604
E00132604,268,65,32,33,203,13,190,24.253731343283583,11.940298507462686,12.313432835820896,75.74626865671642,4.850746268656716,70.8955223880597
E00132605,137,39,17,22,98,17,81,28.467153284671532,12.408759124087592,16.05839416058394,71.53284671532847,12.408759124087592,59.12408759124088
E00132606,363,100,47,53,263,29,234,27.548209366391184,12.947658402203857,14.600550964187327,72.45179063360881,7.988980716253444,64.46280991735537
E00132607,203,47,18,29,156,10,146,23.15270935960591,8.866995073891626,14.285714285714285,76.84729064039408,4.926108374384237,71.92118226600985
E00132608,198,55,30,25,143,14,129,27.77777777777778,15.151515151515152,12.626262626262626,72.22222222222221,7.07070707070707,65.15151515151516
E00132609,415,130,62,68,285,27,258,31.32530120481928,14.93975903614458,16.3855421686747,68.67469879518072,6.506024096385541,62.16867469879518
E00132610,311,62,23,39,249,28,221,19.935691318327976,7.395498392282958,12.540192926045016,80.06430868167203,9.003215434083602,71.06109324758843
E00132611,291,46,19,27,245,26,219,15.807560137457044,6.529209621993128,9.278350515463918,84.19243986254295,8.934707903780069,75.25773195876289
E00132612,412,79,39,40,333,35,298,19.174757281553397,9.466019417475728,9.70873786407767,80.8252427184466,8.495145631067961,72.33009708737865
E00132614,406,98,49,49,308,32,276,24.137931034482758,12.068965517241379,12.068965517241379,75.86206896551724,7.8817733990147785,67.98029556650246
E00132615,293,68,27,41,225,16,209,23.208191126279864,9.215017064846416,13.993174061433447,76.79180887372013,5.460750853242321,71.33105802047781
E00132616,278,45,17,28,233,28,205,16.18705035971223,6.115107913669065,10.071942446043165,83.81294964028777,10.071942446043165,73.7410071942446
E00132617,237,60,17,43,177,19,158,25.31645569620253,7.172995780590717,18.143459915611814,74.68354430379746,8.016877637130802,66.66666666666666
E00132618,291,89,38,51,202,20,182,30.584192439862544,13.058419243986256,17.525773195876287,69.41580756013745,6.872852233676976,62.54295532646048
E00132619,200,44,13,31,156,12,144,22,6.5,15.5,78,6,72
E00132620,274,97,56,41,177,19,158,35.4014598540146,20.437956204379564,14.963503649635038,64.59854014598541,6.934306569343065,57.66423357664233
E00132621,323,62,21,41,261,24,237,19.195046439628484,6.5015479876160995,12.693498452012383,80.80495356037152,7.430340557275541,73.37461300309597
E00132622,249,49,18,31,200,11,189,19.67871485943775,7.228915662650602,12.449799196787147,80.32128514056225,4.417670682730924,75.90361445783132
E00132623,391,85,26,59,306,33,273,21.73913043478261,6.649616368286446,15.089514066496163,78.26086956521739,8.439897698209718,69.82097186700767
E00132624,207,47,14,33,160,18,142,22.705314009661837,6.763285024154589,15.942028985507244,77.29468599033817,8.695652173913043,68.59903381642512
E00132625,134,23,5,18,111,8,103,17.16417910447761,3.731343283582089,13.432835820895523,82.83582089552239,5.970149253731343,76.86567164179104
E00132626,283,71,28,43,212,16,196,25.08833922261484,9.89399293286219,15.19434628975265,74.91166077738515,5.6537102473498235,69.25795053003534
E00132628,264,60,24,36,204,18,186,22.727272727272727,9.090909090909092,13.636363636363635,77.27272727272727,6.8181818181818175,70.45454545454545
E00132629,324,72,32,40,252,26,226,22.22222222222222,9.876543209876543,12.345679012345679,77.77777777777779,8.024691358024691,69.75308641975309
E00132630,276,69,31,38,207,25,182,25,11.231884057971014,13.768115942028986,75,9.057971014492754,65.94202898550725
E00169331,224,32,13,19,192,15,177,14.285714285714285,5.803571428571429,8.482142857142858,85.71428571428571,6.696428571428571,79.01785714285714
E00169332,282,46,10,36,236,22,214,16.312056737588655,3.546099290780142,12.76595744680851,83.68794326241135,7.801418439716312,75.88652482269504
E00169333,107,20,6,14,87,10,77,18.69158878504673,5.607476635514018,13.084112149532709,81.30841121495327,9.345794392523365,71.96261682242991
E00169334,382,65,25,40,317,32,285,17.015706806282722,6.544502617801047,10.471204188481675,82.98429319371728,8.37696335078534,74.60732984293193
E00169335,187,42,15,27,145,15,130,22.459893048128343,8.0213903743315509,14.43850267379679,77.54010695187165,8.0213903743315509,69.5187165775401
E00169336,149,48,21,27,101,16,85,32.21476510067114,14.093959731543624,18.120805369127517,67.78523489932886,10.738255033557047,57.04697986577181
E00169337,229,44,13,31,185,16,169,19.213973799126638,5.676855895196507,13.537117903930133,80.78602620087337,6.986899563318777,73.7991266375546
E00169339,207,95,59,36,112,12,100,45.893719806763286,28.502415458937197,17.391304347826086,54.106280193236714,5.797101449275362,48.309178743961354
E00169340,288,32,7,25,256,13,243,11.11111111111111,2.430555555555556,8.680555555555555,88.88888888888889,4.513888888888888,84.375
E00169341,215,50,19,31,165,9,156,23.25581395348837,8.837209302325581,14.418604651162791,76.74418604651163,4.186046511627907,72.55813953488372
E00169342,326,54,30,24,272,21,251,16.56441717791411,9.202453987730062,7.361963190184049,83.43558282208589,6.441717791411043,76.99386503067484
E00169343,107,28,12,16,79,4,75,26.168224299065418,11.214953271028037,14.953271028037381,73.83177570093457,3.7383177570093453,70.09345794392523
E00169344,329,69,16,53,260,37,223,20.972644376899694,4.86322188449848,16.109422492401215,79.0273556231003,11.246200607902736,67.78115501519757
E00169345,259,46,25,21,213,20,193,17.760617760617762,9.652509652509652,8.108108108108109,82.23938223938224,7.722007722007722,74.5173745173745
E00169346,282,75,32,43,207,30,177,26.595744680851062,11.347517730496454,15.24822695035461,73.40425531914893,10.638297872340425,62.76595744680851
E00169347,101,19,2,17,82,10,72,18.81188118811881,1.9801980198019802,16.831683168316832,81.1881188118812,9.900990099009901,71.28712871287128
E00169348,284,38,16,22,246,22,224,13.380281690140844,5.633802816901409,7.746478873239436,86.61971830985915,7.746478873239436,78.87323943661971
E00169349,219,46,19,27,173,20,153,21.00456621004566,8.67579908675799,12.32876712328767,78.99543378995433,9.1324200913242,69.86301369863014
E00185263,483,160,85,75,323,21,302,33.126293995859214,17.598343685300208,15.527950310559005,66.87370600414079,4.3478260869565215,62.52587991718427
E00185264,355,86,39,47,269,18,251,24.225352112676056,10.985915492957748,13.239436619718308,75.77464788732394,5.070422535211268,70.70422535211267
E00185265,459,187,108,79,272,31,241,40.74074074074074,23.52941176470588,17.21132897603486,59.25925925925925,6.753812636165578,52.505446623093675
E00185267,378,103,51,52,275,21,254,27.24867724867725,13.492063492063492,13.756613756613756,72.75132275132276,5.555555555555555,67.1957671957672
E00185268,313,28,10,18,285,21,264,8.945686900958465,3.1948881789137378,5.7507987220447285,91.05431309904152,6.7092651757188495,84.34504792332268
E00185269,185,28,8,20,157,10,147,15.135135135135137,4.324324324324325,10.81081081081081,84.86486486486487,5.405405405405405,79.45945945945945
E00185272,446,150,82,68,296,29,267,33.6322869955157,18.385650224215247,15.246636771300448,66.3677130044843,6.502242152466367,59.865470852017935
E00185323,138,20,10,10,118,9,109,14.492753623188406,7.246376811594203,7.246376811594203,85.5072463768116,6.521739130434782,78.98550724637681
E00185335,490,132,57,75,358,49,309,26.93877551020408,11.63265306122449,15.306122448979592,73.06122448979592,10,63.06122448979592
E00185343,420,66,25,41,354,37,317,15.714285714285714,5.952380952380952,9.761904761904763,84.28571428571429,8.80952380952381,75.47619047619048
E00185344,335,48,21,27,287,27,260,14.328358208955224,6.26865671641791,8.059701492537313,85.67164179104478,8.059701492537313,77.61194029850746
E00185350,327,52,24,28,275,22,253,15.902140672782874,7.339449541284404,8.56269113149847,84.09785932721712,6.727828746177369,77.37003058103976
E00185369,348,118,61,57,230,26,204,33.90804597701149,17.52873563218391,16.379310344827587,66.0919540229885,7.471264367816093,58.620689655172406
E00185375,854,66,20,46,788,49,739,7.728337236533958,2.3419203747072603,5.386416861826698,92.27166276346604,5.737704918032787,86.53395784543325
E00185376,300,50,16,34,250,28,222,16.666666666666664,5.333333333333334,11.333333333333332,83.33333333333334,9.333333333333334,74
E00185388,274,27,10,17,247,18,229,9.854014598540147,3.64963503649635,6.204379562043796,90.14598540145985,6.569343065693431,83.57664233576642
E00185414,247,51,23,28,196,23,173,20.647773279352226,9.31174089068826,11.336032388663968,79.35222672064778,9.31174089068826,70.04048582995951
E00185433,118,39,21,18,79,16,63,33.05084745762712,17.796610169491526,15.254237288135593,66.94915254237289,13.559322033898304,53.38983050847458
E00185435,113,43,21,22,70,15,55,38.05309734513274,18.58407079646018,19.469026548672566,61.94690265486725,13.274336283185843,48.67256637168141
E00185440,413,79,35,44,334,12,322,19.128329297820823,8.47457627118644,10.653753026634384,80.87167070217917,2.9055690072639226,77.96610169491525
E00185452,335,54,20,34,281,29,252,16.119402985074625,5.970149253731343,10.149253731343283,83.88059701492537,8.656716417910449,75.22388059701493
E00185462,278,93,47,46,185,22,163,33.45323741007194,16.906474820143885,16.546762589928058,66.54676258992805,7.913669064748201,58.63309352517986
E00185463,124,23,15,8,101,9,92,18.548387096774192,12.096774193548388,6.451612903225806,81.45161290322581,7.258064516129033,74.19354838709677
E00185464,306,43,14,29,263,18,245,14.052287581699346,4.57516339869281,9.477124183006536,85.94771241830065,5.88235294117647,80.06535947712419
