OA,ts0380001,ts0380002,ts0380003,ts0380004,ts0380005,ts0380006,ts0380007,ts0380002_PCT,ts0380003_PCT,ts0380004_PCT,ts0380005_PCT,ts0380006_PCT,ts0380007_PCT
E00014675,379,56,19,37,323,25,298,14.775725593667547,5.013192612137203,9.762532981530343,85.22427440633246,6.596306068601583,78.62796833773086
E00014676,345,33,8,25,312,25,287,9.565217391304348,2.318840579710145,7.246376811594203,90.43478260869566,7.246376811594203,83.18840579710145
E00014677,399,60,25,35,339,22,317,15.037593984962406,6.265664160401002,8.771929824561402,84.9624060150376,5.513784461152882,79.4486215538847
E00014678,365,47,22,25,318,16,302,12.876712328767123,6.027397260273973,6.8493150684931505,87.12328767123287,4.383561643835616,82.73972602739727
E00014679,383,41,18,23,342,22,320,10.704960835509137,4.699738903394255,6.005221932114883,89.29503916449086,5.7441253263707575,83.5509138381201
E00014680,384,63,16,47,321,25,296,16.40625,4.166666666666666,12.239583333333332,83.59375,6.510416666666667,77.08333333333334
E00014681,352,37,11,26,315,23,292,10.511363636363637,3.125,7.386363636363637,89.48863636363636,6.534090909090909,82.95454545454545
E00014682,308,37,12,25,271,20,251,12.012987012987013,3.896103896103896,8.116883116883116,87.98701298701299,6.493506493506493,81.4935064935065
E00014683,349,35,11,24,314,25,289,10.028653295128938,3.151862464183381,6.876790830945559,89.97134670487105,7.163323782234957,82.8080229226361
E00014684,323,29,9,20,294,25,269,8.978328173374612,2.786377708978328,6.191950464396285,91.02167182662538,7.739938080495357,83.28173374613003
E00014686,360,26,8,18,334,17,317,7.222222222222221,2.2222222222222223,5,92.77777777777779,4.722222222222222,88.05555555555556
E00014687,399,33,12,21,366,24,342,8.270676691729323,3.007518796992481,5.263157894736842,91.72932330827066,6.015037593984962,85.71428571428571
E00014688,373,53,16,37,320,10,310,14.209115281501342,4.289544235924933,9.919571045576408,85.79088471849866,2.680965147453083,83.10991957104558
E00014689,432,49,19,30,383,17,366,11.342592592592593,4.398148148148148,6.944444444444445,88.6574074074074,3.935185185185185,84.72222222222221
E00014690,256,64,25,39,192,20,172,25,9.765625,15.234375,75,7.8125,67.1875
E00014691,360,43,12,31,317,15,302,11.944444444444445,3.3333333333333335,8.61111111111111,88.05555555555556,4.166666666666666,83.88888888888889
E00014692,342,48,11,37,294,29,265,14.035087719298245,3.216374269005848,10.818713450292398,85.96491228070175,8.47953216374269,77.48538011695906
E00014693,325,24,6,18,301,17,284,7.384615384615385,1.8461538461538463,5.538461538461538,92.61538461538461,5.230769230769231,87.38461538461539
E00014694,292,47,18,29,245,21,224,16.095890410958905,6.164383561643835,9.931506849315069,83.9041095890411,7.191780821917808,76.71232876712328
E00014695,315,39,14,25,276,23,253,12.380952380952381,4.444444444444445,7.936507936507936,87.61904761904762,7.301587301587302,80.31746031746032
E00014696,322,35,12,23,287,30,257,10.869565217391305,3.7267080745341614,7.142857142857142,89.13043478260869,9.316770186335404,79.8136645962733
E00014697,382,50,16,34,332,25,307,13.089005235602095,4.18848167539267,8.900523560209423,86.91099476439791,6.544502617801047,80.36649214659685
E00014698,345,41,16,25,304,25,279,11.884057971014492,4.63768115942029,7.246376811594203,88.1159420289855,7.246376811594203,80.8695652173913
E00014699,304,55,14,41,249,18,231,18.092105263157894,4.605263157894736,13.486842105263158,81.9078947368421,5.921052631578947,75.98684210526315
E00014700,339,31,12,19,308,20,288,9.144542772861357,3.5398230088495577,5.604719764011799,90.85545722713864,5.899705014749262,84.95575221238938
E00014701,364,50,21,29,314,25,289,13.736263736263737,5.769230769230769,7.967032967032966,86.26373626373626,6.868131868131869,79.3956043956044
E00014702,285,64,36,28,221,21,200,22.45614035087719,12.631578947368421,9.824561403508772,77.54385964912281,7.368421052631578,70.17543859649122
E00014703,299,30,5,25,269,31,238,10.033444816053512,1.6722408026755853,8.361204013377927,89.96655518394648,10.367892976588628,79.59866220735786
E00014704,249,33,9,24,216,14,202,13.253012048192772,3.614457831325301,9.63855421686747,86.74698795180723,5.622489959839357,81.12449799196787
E00014705,230,31,9,22,199,15,184,13.478260869565217,3.91304347826087,9.565217391304348,86.52173913043478,6.521739130434782,80
E00014706,289,32,5,27,257,15,242,11.072664359861593,1.7301038062283738,9.342560553633218,88.92733564013841,5.190311418685121,83.73702422145328
E00014707,392,47,9,38,345,28,317,11.989795918367346,2.295918367346939,9.693877551020408,88.01020408163265,7.142857142857142,80.86734693877551
E00014708,325,42,12,30,283,28,255,12.923076923076923,3.6923076923076925,9.230769230769232,87.07692307692308,8.615384615384615,78.46153846153847
E00014709,196,32,11,21,164,16,148,16.3265306122449,5.612244897959184,10.714285714285714,83.6734693877551,8.16326530612245,75.51020408163265
E00014710,325,54,15,39,271,18,253,16.615384615384617,4.615384615384616,12,83.38461538461537,5.538461538461538,77.84615384615384
E00014711,187,69,35,34,118,14,104,36.898395721925134,18.71657754010695,18.181818181818183,63.101604278074866,7.4866310160427805,55.61497326203209
E00014712,216,31,9,22,185,14,171,14.351851851851851,4.166666666666666,10.185185185185185,85.64814814814815,6.481481481481481,79.16666666666666
E00014713,230,27,4,23,203,18,185,11.73913043478261,1.7391304347826086,10,88.26086956521739,7.82608695652174,80.43478260869566
E00014714,148,27,15,12,121,11,110,18.243243243243242,10.135135135135135,8.108108108108109,81.75675675675676,7.4324324324324325,74.32432432432432
E00014715,212,20,5,15,192,17,175,9.433962264150944,2.358490566037736,7.0754716981132075,90.56603773584906,8.018867924528301,82.54716981132076
E00014716,214,15,6,9,199,19,180,7.009345794392523,2.803738317757009,4.205607476635514,92.99065420560748,8.878504672897195,84.11214953271028
E00014717,302,43,15,28,259,22,237,14.23841059602649,4.966887417218543,9.271523178807946,85.76158940397352,7.28476821192053,78.47682119205298
E00014718,292,31,7,24,261,20,241,10.616438356164384,2.3972602739726026,8.21917808219178,89.38356164383562,6.8493150684931505,82.53424657534246
E00014719,330,36,13,23,294,23,271,10.909090909090908,3.939393939393939,6.969696969696971,89.0909090909091,6.969696969696971,82.12121212121211
E00014720,308,32,3,29,276,32,244,10.38961038961039,0.974025974025974,9.415584415584416,89.6103896103896,10.38961038961039,79.22077922077922
E00014721,353,39,11,28,314,27,287,11.048158640226628,3.1161473087818696,7.932011331444759,88.95184135977338,7.64872521246459,81.30311614730878
E00014722,349,43,17,26,306,40,266,12.320916905444127,4.871060171919771,7.4498567335243555,87.67908309455588,11.461318051575931,76.21776504297995
E00014723,212,19,8,11,193,15,178,8.962264150943396,3.7735849056603774,5.188679245283019,91.0377358490566,7.0754716981132075,83.9622641509434
E00014724,231,36,15,21,195,23,172,15.584415584415584,6.493506493506493,9.090909090909092,84.4155844155844,9.956709956709958,74.45887445887446
E00014725,233,43,19,24,190,25,165,18.4549356223176,8.15450643776824,10.300429184549357,81.54506437768241,10.72961373390558,70.81545064377683
E00014726,329,35,13,22,294,24,270,10.638297872340425,3.951367781155015,6.68693009118541,89.36170212765957,7.29483282674772,82.06686930091185
E00014727,218,36,19,17,182,12,170,16.51376146788991,8.715596330275229,7.79816513761468,83.4862385321101,5.5045871559633035,77.98165137614679
E00014728,216,21,4,17,195,18,177,9.722222222222223,1.8518518518518516,7.87037037037037,90.27777777777779,8.333333333333332,81.94444444444444
E00014729,331,50,17,33,281,28,253,15.105740181268882,5.13595166163142,9.969788519637463,84.89425981873111,8.459214501510575,76.43504531722054
E00014730,448,79,34,45,369,22,347,17.633928571428573,7.5892857142857135,10.044642857142858,82.36607142857143,4.910714285714286,77.45535714285714
E00014731,248,38,10,28,210,19,191,15.32258064516129,4.032258064516129,11.29032258064516,84.67741935483872,7.661290322580645,77.01612903225806
E00014732,271,64,25,39,207,23,184,23.616236162361623,9.22509225092251,14.391143911439114,76.38376383763837,8.487084870848708,67.89667896678966
E00014733,240,59,23,36,181,20,161,24.583333333333332,9.583333333333334,15,75.41666666666667,8.333333333333332,67.08333333333333
E00014734,348,46,22,24,302,29,273,13.218390804597702,6.321839080459771,6.896551724137931,86.7816091954023,8.333333333333332,78.44827586206897
E00014735,207,56,21,35,151,14,137,27.053140096618357,10.144927536231885,16.908212560386474,72.94685990338165,6.763285024154589,66.18357487922705
E00014736,335,43,15,28,292,31,261,12.835820895522387,4.477611940298507,8.358208955223882,87.16417910447761,9.253731343283581,77.91044776119404
E00014737,158,15,9,6,143,10,133,9.49367088607595,5.69620253164557,3.79746835443038,90.50632911392405,6.329113924050633,84.17721518987342
E00014738,328,51,24,27,277,27,250,15.548780487804878,7.317073170731707,8.231707317073171,84.45121951219512,8.231707317073171,76.21951219512195
E00014739,510,67,30,37,443,30,413,13.137254901960786,5.88235294117647,7.254901960784315,86.86274509803921,5.88235294117647,80.98039215686275
E00014740,398,39,14,25,359,16,343,9.798994974874372,3.5175879396984926,6.281407035175879,90.20100502512562,4.0201005025125625,86.18090452261306
E00014741,322,48,16,32,274,24,250,14.906832298136646,4.968944099378882,9.937888198757763,85.09316770186336,7.453416149068323,77.63975155279503
E00014742,454,76,55,21,378,25,353,16.740088105726873,12.114537444933921,4.6255506607929515,83.25991189427313,5.506607929515418,77.75330396475772
E00014743,311,46,19,27,265,14,251,14.790996784565916,6.109324758842444,8.681672025723474,85.20900321543408,4.501607717041801,80.70739549839229
E00014744,590,72,30,42,518,24,494,12.203389830508476,5.084745762711865,7.118644067796611,87.79661016949153,4.067796610169491,83.72881355932203
E00014745,339,67,34,33,272,19,253,19.76401179941003,10.029498525073747,9.734513274336283,80.23598820058997,5.604719764011799,74.63126843657817
E00014746,367,39,17,22,328,23,305,10.626702997275205,4.632152588555858,5.994550408719346,89.3732970027248,6.267029972752043,83.10626702997274
E00014747,342,44,15,29,298,25,273,12.865497076023392,4.385964912280701,8.47953216374269,87.13450292397661,7.309941520467836,79.82456140350878
E00014748,360,40,15,25,320,26,294,11.11111111111111,4.166666666666666,6.944444444444445,88.88888888888889,7.222222222222221,81.66666666666667
E00014749,343,45,20,25,298,20,278,13.119533527696792,5.830903790087463,7.288629737609329,86.88046647230321,5.830903790087463,81.04956268221575
E00014750,289,65,31,34,224,19,205,22.491349480968857,10.726643598615917,11.76470588235294,77.50865051903114,6.5743944636678195,70.93425605536332
E00014751,430,92,49,43,338,30,308,21.3953488372093,11.395348837209303,10,78.6046511627907,6.976744186046512,71.62790697674419
E00014752,313,34,12,22,279,21,258,10.86261980830671,3.8338658146964857,7.0287539936102235,89.1373801916933,6.7092651757188495,82.42811501597444
E00014753,365,32,10,22,333,35,298,8.767123287671232,2.73972602739726,6.027397260273973,91.23287671232877,9.58904109589041,81.64383561643835
E00014754,325,34,17,17,291,24,267,10.461538461538462,5.230769230769231,5.230769230769231,89.53846153846153,7.384615384615385,82.15384615384616
E00014755,347,42,18,24,305,13,292,12.103746397694524,5.187319884726225,6.9164265129683,87.89625360230548,3.7463976945244957,84.14985590778097
E00014756,332,36,13,23,296,27,269,10.843373493975903,3.91566265060241,6.927710843373494,89.1566265060241,8.132530120481928,81.02409638554217
E00014757,399,50,14,36,349,29,320,12.531328320802004,3.508771929824561,9.022556390977442,87.468671679198,7.268170426065162,80.20050125313283
E00014758,359,38,10,28,321,25,296,10.584958217270195,2.785515320334262,7.7994428969359335,89.41504178272982,6.963788300835655,82.45125348189416
E00014759,373,57,40,17,316,18,298,15.281501340482572,10.723860589812332,4.557640750670242,84.71849865951742,4.825737265415549,79.89276139410187
E00014760,339,32,10,22,307,21,286,9.43952802359882,2.949852507374631,6.489675516224189,90.56047197640117,6.1946902654867255,84.36578171091446
E00014761,371,39,17,22,332,24,308,10.512129380053908,4.5822102425876015,5.929919137466308,89.4878706199461,6.46900269541779,83.01886792452831
E00014762,366,43,15,28,323,25,298,11.748633879781421,4.098360655737705,7.650273224043716,88.25136612021858,6.830601092896176,81.4207650273224
E00014763,293,31,13,18,262,27,235,10.580204778156997,4.436860068259386,6.143344709897611,89.419795221843,9.215017064846416,80.2047781569966
E00014764,380,45,16,29,335,17,318,11.842105263157894,4.2105263157894735,7.631578947368421,88.1578947368421,4.473684210526316,83.6842105263158
E00014765,373,39,13,26,334,29,305,10.455764075067025,3.485254691689008,6.970509383378016,89.54423592493298,7.774798927613941,81.76943699731903
E00014767,325,59,30,29,266,21,245,18.153846153846153,9.230769230769232,8.923076923076923,81.84615384615384,6.461538461538462,75.38461538461539
E00014768,322,30,8,22,292,23,269,9.316770186335404,2.484472049689441,6.832298136645963,90.6832298136646,7.142857142857142,83.54037267080744
E00014769,327,32,15,17,295,23,272,9.785932721712538,4.587155963302752,5.198776758409786,90.21406727828746,7.033639143730887,83.18042813455658
E00014770,293,35,14,21,258,11,247,11.945392491467576,4.778156996587031,7.167235494880546,88.05460750853243,3.754266211604096,84.30034129692832
E00014771,355,37,13,24,318,27,291,10.422535211267606,3.6619718309859155,6.760563380281689,89.5774647887324,7.605633802816901,81.97183098591549
E00014772,316,20,6,14,296,26,270,6.329113924050633,1.89873417721519,4.430379746835443,93.67088607594937,8.227848101265822,85.44303797468355
E00014773,346,28,11,17,318,18,300,8.092485549132949,3.1791907514450863,4.913294797687861,91.90751445086705,5.202312138728324,86.70520231213872
E00014774,323,36,11,25,287,30,257,11.145510835913312,3.4055727554179565,7.739938080495357,88.85448916408669,9.287925696594428,79.56656346749226
E00014775,419,94,38,56,325,28,297,22.434367541766107,9.069212410501192,13.365155131264917,77.56563245823389,6.682577565632458,70.88305489260142
E00014776,393,44,13,31,349,24,325,11.195928753180661,3.307888040712468,7.888040712468193,88.80407124681933,6.106870229007633,82.69720101781171
E00014777,294,33,15,18,261,20,241,11.224489795918368,5.1020408163265305,6.122448979591836,88.77551020408163,6.802721088435375,81.97278911564626
E00014778,316,29,14,15,287,23,264,9.177215189873419,4.430379746835443,4.746835443037975,90.82278481012658,7.2784810126582276,83.54430379746836
E00014779,356,36,11,25,320,15,305,10.112359550561797,3.089887640449438,7.02247191011236,89.8876404494382,4.213483146067416,85.67415730337079
E00014780,408,44,18,26,364,23,341,10.784313725490197,4.411764705882353,6.372549019607843,89.2156862745098,5.637254901960785,83.57843137254902
E00014781,390,28,4,24,362,18,344,7.179487179487179,1.0256410256410255,6.153846153846154,92.82051282051282,4.615384615384616,88.2051282051282
E00014782,270,39,13,26,231,18,213,14.444444444444443,4.814814814814815,9.62962962962963,85.55555555555556,6.666666666666667,78.88888888888889
E00014783,379,29,10,19,350,33,317,7.651715039577836,2.638522427440633,5.013192612137203,92.34828496042216,8.70712401055409,83.64116094986808
E00014784,311,50,15,35,261,23,238,16.077170418006432,4.823151125401929,11.254019292604502,83.92282958199357,7.395498392282958,76.52733118971061
E00014785,418,30,7,23,388,29,359,7.177033492822966,1.674641148325359,5.502392344497608,92.82296650717703,6.937799043062201,85.88516746411483
E00014786,372,34,11,23,338,32,306,9.13978494623656,2.956989247311828,6.182795698924731,90.86021505376344,8.60215053763441,82.25806451612904
E00014787,354,22,7,15,332,24,308,6.214689265536723,1.977401129943503,4.23728813559322,93.78531073446328,6.779661016949152,87.00564971751412
E00014788,332,39,10,29,293,23,270,11.74698795180723,3.0120481927710845,8.734939759036145,88.25301204819277,6.927710843373494,81.32530120481928
E00014789,345,51,18,33,294,28,266,14.782608695652174,5.217391304347826,9.565217391304348,85.21739130434783,8.115942028985506,77.10144927536233
E00014790,276,60,25,35,216,16,200,21.73913043478261,9.057971014492754,12.681159420289855,78.26086956521739,5.797101449275362,72.46376811594203
E00014791,382,35,12,23,347,20,327,9.162303664921465,3.1413612565445024,6.020942408376963,90.83769633507853,5.2356020942408374,85.6020942408377
E00014792,378,35,16,19,343,18,325,9.25925925925926,4.232804232804233,5.026455026455026,90.74074074074075,4.761904761904762,85.97883597883597
E00014794,326,44,25,19,282,22,260,13.496932515337424,7.668711656441718,5.828220858895705,86.50306748466258,6.748466257668712,79.75460122699386
E00014795,283,25,12,13,258,20,238,8.8339222614841,4.240282685512367,4.593639575971731,91.16607773851591,7.06713780918728,84.09893992932862
E00014796,380,30,10,20,350,23,327,7.894736842105263,2.631578947368421,5.263157894736842,92.10526315789474,6.052631578947368,86.05263157894737
E00014797,330,34,9,25,296,29,267,10.303030303030303,2.727272727272727,7.575757575757576,89.6969696969697,8.787878787878787,80.9090909090909
E00014798,407,38,19,19,369,22,347,9.336609336609335,4.668304668304668,4.668304668304668,90.66339066339066,5.405405405405405,85.25798525798525
E00014799,341,35,10,25,306,15,291,10.263929618768328,2.932551319648094,7.331378299120235,89.73607038123167,4.398826979472141,85.33724340175954
E00014801,298,44,14,30,254,17,237,14.76510067114094,4.697986577181208,10.06711409395973,85.23489932885906,5.704697986577181,79.53020134228188
E00014802,431,79,32,47,352,22,330,18.329466357308586,7.424593967517401,10.904872389791183,81.67053364269141,5.104408352668213,76.5661252900232
E00014803,322,48,17,31,274,31,243,14.906832298136646,5.279503105590062,9.627329192546584,85.09316770186336,9.627329192546584,75.46583850931677
E00014804,380,62,26,36,318,21,297,16.315789473684212,6.842105263157896,9.473684210526317,83.6842105263158,5.526315789473684,78.15789473684211
E00014805,372,68,28,40,304,27,277,18.27956989247312,7.526881720430108,10.75268817204301,81.72043010752688,7.258064516129033,74.46236559139786
E00014806,302,51,18,33,251,12,239,16.887417218543046,5.960264900662252,10.927152317880795,83.11258278145695,3.9735099337748347,79.13907284768213
E00014807,399,60,20,40,339,27,312,15.037593984962406,5.012531328320802,10.025062656641603,84.9624060150376,6.7669172932330826,78.19548872180451
E00014808,324,62,27,35,262,33,229,19.1358024691358,8.333333333333332,10.802469135802468,80.8641975308642,10.185185185185185,70.67901234567901
E00014809,320,42,18,24,278,16,262,13.125,5.625,7.5,86.875,5,81.875
E00014810,302,36,15,21,266,15,251,11.920529801324504,4.966887417218543,6.95364238410596,88.0794701986755,4.966887417218543,83.11258278145695
E00014811,380,54,19,35,326,30,296,14.210526315789473,5,9.210526315789473,85.78947368421052,7.894736842105263,77.89473684210526
E00014812,297,40,15,25,257,31,226,13.468013468013467,5.05050505050505,8.417508417508419,86.53198653198653,10.437710437710438,76.0942760942761
E00014813,311,43,15,28,268,28,240,13.826366559485532,4.823151125401929,9.003215434083602,86.17363344051448,9.003215434083602,77.17041800643086
E00014814,376,44,15,29,332,30,302,11.702127659574469,3.9893617021276597,7.712765957446808,88.29787234042553,7.9787234042553195,80.31914893617021
E00014815,345,37,10,27,308,25,283,10.72463768115942,2.898550724637681,7.82608695652174,89.27536231884058,7.246376811594203,82.02898550724638
E00014816,351,56,25,31,295,28,267,15.954415954415953,7.122507122507122,8.831908831908832,84.04558404558404,7.977207977207977,76.06837606837607
E00014817,329,53,28,25,276,17,259,16.109422492401215,8.51063829787234,7.598784194528875,83.89057750759878,5.167173252279635,78.72340425531915
E00014818,387,67,34,33,320,22,298,17.31266149870801,8.785529715762273,8.527131782945736,82.68733850129199,5.684754521963824,77.00258397932816
E00014819,188,62,31,31,126,15,111,32.97872340425532,16.48936170212766,16.48936170212766,67.02127659574468,7.9787234042553195,59.04255319148937
E00014820,360,42,13,29,318,27,291,11.666666666666666,3.6111111111111107,8.055555555555555,88.33333333333333,7.5,80.83333333333333
E00014821,355,39,10,29,316,24,292,10.985915492957748,2.8169014084507045,8.169014084507042,89.01408450704226,6.760563380281689,82.25352112676056
E00014822,306,53,25,28,253,14,239,17.320261437908496,8.169934640522875,9.15032679738562,82.6797385620915,4.57516339869281,78.10457516339869
E00014823,329,46,23,23,283,24,259,13.98176291793313,6.990881458966565,6.990881458966565,86.01823708206688,7.29483282674772,78.72340425531915
E00014824,328,48,21,27,280,30,250,14.634146341463413,6.402439024390244,8.231707317073171,85.36585365853658,9.146341463414634,76.21951219512195
E00014825,356,63,25,38,293,22,271,17.696629213483146,7.02247191011236,10.674157303370785,82.30337078651685,6.179775280898876,76.12359550561798
E00014826,393,78,31,47,315,29,286,19.84732824427481,7.888040712468193,11.959287531806616,80.1526717557252,7.37913486005089,72.7735368956743
E00014827,327,47,14,33,280,14,266,14.37308868501529,4.281345565749235,10.091743119266056,85.62691131498471,4.281345565749235,81.34556574923548
E00014828,343,42,8,34,301,20,281,12.244897959183673,2.3323615160349855,9.912536443148689,87.75510204081633,5.830903790087463,81.92419825072886
E00014829,347,40,12,28,307,33,274,11.527377521613833,3.45821325648415,8.069164265129682,88.47262247838617,9.510086455331413,78.96253602305475
E00014830,260,37,11,26,223,33,190,14.23076923076923,4.230769230769231,10,85.76923076923076,12.692307692307692,73.07692307692307
E00014831,376,58,24,34,318,27,291,15.425531914893616,6.382978723404255,9.042553191489363,84.57446808510637,7.180851063829788,77.3936170212766
E00014832,276,58,28,30,218,30,188,21.014492753623188,10.144927536231885,10.869565217391305,78.98550724637681,10.869565217391305,68.11594202898551
E00014833,358,63,25,38,295,26,269,17.59776536312849,6.983240223463687,10.614525139664805,82.40223463687151,7.262569832402235,75.13966480446928
E00014834,323,34,12,22,289,31,258,10.526315789473683,3.7151702786377707,6.811145510835913,89.47368421052632,9.597523219814242,79.87616099071208
E00014835,250,25,10,15,225,16,209,10,4,6,90,6.4,83.6
E00014836,320,38,6,32,282,28,254,11.875,1.875,10,88.125,8.75,79.375
E00014837,326,46,18,28,280,27,253,14.11042944785276,5.521472392638037,8.588957055214724,85.88957055214725,8.282208588957054,77.60736196319019
E00014838,300,36,10,26,264,24,240,12,3.3333333333333335,8.666666666666668,88,8,80
E00014839,322,45,15,30,277,32,245,13.975155279503104,4.658385093167702,9.316770186335404,86.0248447204969,9.937888198757763,76.08695652173914
E00014840,316,58,27,31,258,20,238,18.354430379746837,8.544303797468354,9.81012658227848,81.64556962025317,6.329113924050633,75.31645569620254
E00014841,300,33,12,21,267,23,244,11,4,7.000000000000001,89,7.666666666666666,81.33333333333333
E00014842,333,41,11,30,292,21,271,12.312312312312311,3.303303303303303,9.00900900900901,87.68768768768768,6.306306306306306,81.38138138138137
E00014843,300,43,19,24,257,18,239,14.333333333333334,6.333333333333334,8,85.66666666666667,6,79.66666666666666
E00014844,308,48,19,29,260,23,237,15.584415584415584,6.1688311688311686,9.415584415584416,84.4155844155844,7.467532467532467,76.94805194805194
E00014845,530,92,42,50,438,28,410,17.358490566037734,7.9245283018867925,9.433962264150944,82.64150943396227,5.283018867924529,77.35849056603774
E00014846,311,32,8,24,279,27,252,10.289389067524116,2.572347266881029,7.717041800643088,89.71061093247589,8.681672025723474,81.02893890675242
E00014847,323,39,13,26,284,18,266,12.074303405572756,4.024767801857585,8.04953560371517,87.92569659442725,5.572755417956656,82.35294117647058
E00014848,299,43,23,20,256,18,238,14.381270903010032,7.6923076923076925,6.688963210702341,85.61872909698997,6.0200668896321075,79.59866220735786
E00014849,349,24,8,16,325,21,304,6.876790830945559,2.292263610315186,4.584527220630372,93.12320916905445,6.017191977077363,87.10601719197709
E00014850,462,61,19,42,401,30,371,13.203463203463203,4.112554112554113,9.090909090909092,86.7965367965368,6.493506493506493,80.3030303030303
E00014851,316,34,14,20,282,21,261,10.759493670886076,4.430379746835443,6.329113924050633,89.24050632911393,6.6455696202531636,82.59493670886076
E00014852,329,45,12,33,284,25,259,13.677811550151976,3.64741641337386,10.030395136778116,86.32218844984803,7.598784194528875,78.72340425531915
E00014853,210,31,10,21,179,13,166,14.761904761904763,4.761904761904762,10,85.23809523809524,6.190476190476191,79.04761904761905
E00014854,224,37,8,29,187,24,163,16.517857142857142,3.571428571428571,12.946428571428573,83.48214285714286,10.714285714285714,72.76785714285714
E00014855,287,39,11,28,248,19,229,13.588850174216027,3.8327526132404177,9.75609756097561,86.41114982578398,6.620209059233449,79.79094076655052
E00014856,435,64,29,35,371,26,345,14.71264367816092,6.666666666666667,8.045977011494253,85.28735632183908,5.977011494252873,79.3103448275862
E00014857,565,122,55,67,443,45,398,21.5929203539823,9.734513274336283,11.858407079646017,78.40707964601769,7.964601769911504,70.4424778761062
E00014858,430,65,30,35,365,31,334,15.11627906976744,6.976744186046512,8.13953488372093,84.88372093023256,7.209302325581396,77.67441860465117
E00014859,348,51,23,28,297,24,273,14.655172413793101,6.609195402298851,8.045977011494253,85.34482758620689,6.896551724137931,78.44827586206897
E00014860,290,42,18,24,248,14,234,14.482758620689657,6.206896551724138,8.275862068965518,85.51724137931035,4.827586206896552,80.6896551724138
E00014861,504,88,54,34,416,22,394,17.46031746031746,10.714285714285714,6.746031746031746,82.53968253968253,4.365079365079365,78.17460317460318
E00014862,402,39,14,25,363,23,340,9.701492537313433,3.482587064676617,6.218905472636816,90.29850746268657,5.721393034825871,84.5771144278607
E00014863,314,34,15,19,280,18,262,10.828025477707007,4.777070063694268,6.050955414012739,89.171974522293,5.7324840764331215,83.43949044585987
E00014865,279,31,10,21,248,24,224,11.11111111111111,3.584229390681003,7.526881720430108,88.88888888888889,8.60215053763441,80.28673835125448
E00014866,395,41,12,29,354,26,328,10.379746835443038,3.0379746835443036,7.341772151898734,89.62025316455696,6.582278481012659,83.0379746835443
E00014867,261,48,23,25,213,16,197,18.39080459770115,8.812260536398467,9.578544061302683,81.60919540229885,6.130268199233716,75.47892720306514
E00014868,265,79,50,29,186,14,172,29.81132075471698,18.867924528301888,10.943396226415095,70.18867924528301,5.283018867924529,64.90566037735849
E00014869,371,103,61,42,268,13,255,27.762803234501348,16.442048517520217,11.320754716981133,72.23719676549865,3.5040431266846364,68.73315363881402
E00014870,405,50,21,29,355,17,338,12.345679012345679,5.185185185185185,7.160493827160494,87.65432098765432,4.197530864197531,83.4567901234568
E00014871,327,52,23,29,275,10,265,15.902140672782874,7.033639143730887,8.868501529051988,84.09785932721712,3.058103975535168,81.03975535168195
E00014872,324,42,14,28,282,11,271,12.962962962962962,4.320987654320987,8.641975308641975,87.03703703703704,3.3950617283950617,83.64197530864197
E00014873,300,32,12,20,268,10,258,10.666666666666668,4,6.666666666666667,89.33333333333333,3.3333333333333335,86
E00014874,327,69,45,24,258,18,240,21.100917431192663,13.761467889908257,7.339449541284404,78.89908256880734,5.5045871559633035,73.39449541284404
E00014875,289,47,21,26,242,10,232,16.26297577854671,7.26643598615917,8.996539792387544,83.73702422145328,3.4602076124567476,80.27681660899654
E00014876,273,30,14,16,243,15,228,10.989010989010989,5.128205128205128,5.86080586080586,89.01098901098901,5.4945054945054945,83.51648351648352
E00014877,419,34,9,25,385,21,364,8.1145584725537,2.1479713603818613,5.966587112171838,91.8854415274463,5.011933174224343,86.87350835322196
E00014878,321,32,7,25,289,19,270,9.968847352024921,2.1806853582554515,7.78816199376947,90.03115264797508,5.919003115264798,84.11214953271028
E00014879,290,24,8,16,266,18,248,8.275862068965518,2.7586206896551726,5.517241379310345,91.72413793103448,6.206896551724138,85.51724137931035
E00014880,318,42,17,25,276,10,266,13.20754716981132,5.345911949685535,7.861635220125786,86.79245283018868,3.1446540880503147,83.64779874213836
E00014881,434,36,16,20,398,31,367,8.294930875576037,3.686635944700461,4.6082949308755765,91.70506912442397,7.142857142857142,84.56221198156682
E00014882,271,26,9,17,245,16,229,9.59409594095941,3.3210332103321036,6.273062730627306,90.40590405904058,5.904059040590406,84.50184501845018
E00014883,356,52,21,31,304,18,286,14.606741573033707,5.8988764044943816,8.707865168539326,85.39325842696628,5.056179775280898,80.33707865168539
E00014884,310,47,22,25,263,21,242,15.161290322580644,7.096774193548387,8.064516129032258,84.83870967741936,6.774193548387098,78.06451612903226
E00014885,332,37,13,24,295,21,274,11.144578313253012,3.91566265060241,7.228915662650602,88.85542168674698,6.325301204819277,82.53012048192771
E00014886,276,28,11,17,248,22,226,10.144927536231885,3.985507246376811,6.159420289855073,89.85507246376811,7.971014492753622,81.88405797101449
E00014887,300,31,9,22,269,18,251,10.333333333333334,3,7.333333333333333,89.66666666666666,6,83.66666666666667
E00014888,353,28,10,18,325,25,300,7.932011331444759,2.8328611898017,5.099150141643059,92.06798866855524,7.0821529745042495,84.98583569405099
E00014889,438,58,26,32,380,26,354,13.24200913242009,5.93607305936073,7.30593607305936,86.7579908675799,5.93607305936073,80.82191780821918
E00014890,263,54,29,25,209,17,192,20.53231939163498,11.02661596958175,9.505703422053232,79.46768060836501,6.4638783269961975,73.00380228136882
E00014891,391,49,21,28,342,17,325,12.531969309462914,5.3708439897698215,7.161125319693094,87.46803069053708,4.3478260869565215,83.12020460358056
E00014892,337,41,12,29,296,23,273,12.166172106824925,3.5608308605341246,8.605341246290802,87.83382789317507,6.824925816023739,81.00890207715133
E00014893,351,34,10,24,317,26,291,9.686609686609685,2.849002849002849,6.837606837606838,90.31339031339031,7.4074074074074066,82.90598290598291
E00014894,336,33,10,23,303,32,271,9.821428571428571,2.976190476190476,6.845238095238096,90.17857142857143,9.523809523809524,80.65476190476191
E00014895,301,25,6,19,276,28,248,8.305647840531561,1.9933554817275747,6.312292358803987,91.69435215946844,9.30232558139535,82.39202657807309
E00014896,316,34,17,17,282,30,252,10.759493670886076,5.379746835443038,5.379746835443038,89.24050632911393,9.49367088607595,79.74683544303798
E00014897,321,27,6,21,294,11,283,8.411214953271028,1.8691588785046727,6.5420560747663545,91.58878504672897,3.4267912772585665,88.1619937694704
E00014898,281,37,18,19,244,16,228,13.167259786476867,6.405693950177936,6.761565836298933,86.83274021352312,5.6939501779359425,81.13879003558719
E00014899,392,39,14,25,353,21,332,9.948979591836734,3.571428571428571,6.377551020408164,90.05102040816327,5.357142857142857,84.6938775510204
E00014900,338,49,25,24,289,23,266,14.497041420118343,7.396449704142012,7.100591715976331,85.50295857988166,6.8047337278106506,78.69822485207101
E00014901,338,31,11,20,307,17,290,9.171597633136095,3.2544378698224854,5.9171597633136095,90.8284023668639,5.029585798816568,85.79881656804734
E00014902,360,39,14,25,321,20,301,10.833333333333334,3.888888888888889,6.944444444444445,89.16666666666667,5.555555555555555,83.61111111111111
E00014903,319,37,11,26,282,27,255,11.598746081504702,3.4482758620689653,8.150470219435736,88.40125391849529,8.463949843260188,79.9373040752351
E00014904,380,48,18,30,332,23,309,12.631578947368421,4.736842105263158,7.894736842105263,87.36842105263159,6.052631578947368,81.3157894736842
E00014905,364,36,8,28,328,32,296,9.89010989010989,2.197802197802198,7.6923076923076925,90.10989010989012,8.791208791208792,81.31868131868131
E00014906,216,23,8,15,193,9,184,10.648148148148149,3.7037037037037033,6.944444444444445,89.35185185185185,4.166666666666666,85.18518518518519
E00014907,378,52,15,37,326,26,300,13.756613756613756,3.968253968253968,9.788359788359788,86.24338624338624,6.878306878306878,79.36507936507937
E00014908,348,41,8,33,307,23,284,11.781609195402298,2.2988505747126435,9.482758620689655,88.2183908045977,6.609195402298851,81.60919540229885
E00014909,345,39,13,26,306,25,281,11.304347826086957,3.768115942028986,7.536231884057972,88.69565217391305,7.246376811594203,81.44927536231884
E00014910,319,29,8,21,290,27,263,9.090909090909092,2.507836990595611,6.583072100313479,90.9090909090909,8.463949843260188,82.44514106583071
E00014911,369,51,22,29,318,20,298,13.821138211382115,5.9620596205962055,7.8590785907859075,86.1788617886179,5.420054200542006,80.75880758807588
E00014912,324,25,4,21,299,38,261,7.716049382716049,1.2345679012345678,6.481481481481481,92.28395061728395,11.728395061728394,80.55555555555556
E00014913,361,25,10,15,336,13,323,6.9252077562326875,2.7700831024930745,4.1551246537396125,93.07479224376732,3.6011080332409975,89.47368421052632
E00014914,316,39,12,27,277,23,254,12.341772151898734,3.79746835443038,8.544303797468354,87.65822784810126,7.2784810126582276,80.37974683544303
E00014915,346,42,17,25,304,21,283,12.138728323699421,4.913294797687861,7.225433526011561,87.861271676300575,6.069364161849711,81.79190751445087
E00014916,403,71,32,39,332,21,311,17.617866004962778,7.94044665012407,9.67741935483871,82.38213399503722,5.2109181141439205,77.1712158808933
E00014917,380,31,7,24,349,23,326,8.157894736842106,1.8421052631578945,6.315789473684211,91.84210526315789,6.052631578947368,85.78947368421052
E00014918,221,36,17,19,185,12,173,16.289592760180994,7.6923076923076925,8.597285067873303,83.710407239819,5.429864253393665,78.28054298642535
E00014919,370,57,18,39,313,20,293,15.405405405405407,4.864864864864865,10.54054054054054,84.5945945945946,5.405405405405405,79.1891891891892
E00014920,462,58,24,34,404,28,376,12.554112554112553,5.194805194805195,7.35930735930736,87.44588744588745,6.0606060606060606,81.38528138528139
E00014921,467,79,31,48,388,40,348,16.916488222698074,6.638115631691649,10.278372591006423,83.08351177730194,8.565310492505352,74.51820128479658
E00014922,220,47,20,27,173,15,158,21.363636363636363,9.090909090909092,12.272727272727273,78.63636363636364,6.8181818181818175,71.81818181818181
E00014923,351,57,19,38,294,24,270,16.23931623931624,5.413105413105413,10.826210826210826,83.76068376068376,6.837606837606838,76.92307692307693
E00014924,405,52,17,35,353,23,330,12.839506172839506,4.197530864197531,8.641975308641975,87.1604938271605,5.679012345679013,81.48148148148148
E00014926,330,57,13,44,273,32,241,17.272727272727273,3.939393939393939,13.333333333333334,82.72727272727273,9.696969696969697,73.03030303030303
E00014927,349,46,14,32,303,28,275,13.18051575931232,4.011461318051576,9.169054441260744,86.81948424068769,8.022922636103152,78.79656160458453
E00014928,329,59,19,40,270,18,252,17.933130699088146,5.775075987841945,12.158054711246201,82.06686930091185,5.47112462006079,76.59574468085107
E00014929,521,109,29,80,412,42,370,20.92130518234165,5.566218809980806,15.355086372360843,79.07869481765835,8.061420345489443,71.017274472168907
E00014930,460,64,30,34,396,37,359,13.91304347826087,6.521739130434782,7.391304347826087,86.08695652173914,8.043478260869565,78.04347826086956
E00014931,316,30,9,21,286,22,264,9.49367088607595,2.848101265822785,6.6455696202531636,90.50632911392405,6.962025316455696,83.54430379746836
E00014932,337,33,10,23,304,17,287,9.792284866468842,2.967359050445104,6.824925816023739,90.20771513353115,5.044510385756676,85.16320474777447
E00014933,385,52,15,37,333,29,304,13.506493506493506,3.896103896103896,9.61038961038961,86.49350649350649,7.532467532467532,78.96103896103897
E00014934,453,72,37,35,381,27,354,15.894039735099339,8.167770419426049,7.72626931567329,84.10596026490066,5.960264900662252,78.1456953642384
E00014935,288,44,10,34,244,22,222,15.277777777777779,3.4722222222222223,11.805555555555555,84.72222222222221,7.638888888888889,77.08333333333334
E00014936,336,33,8,25,303,30,273,9.821428571428571,2.380952380952381,7.440476190476191,90.17857142857143,8.928571428571429,81.25
E00014937,367,49,20,29,318,23,295,13.35149863760218,5.449591280653951,7.901907356948229,86.64850136239782,6.267029972752043,80.38147138964578
E00014939,312,44,18,26,268,11,257,14.102564102564102,5.769230769230769,8.333333333333332,85.8974358974359,3.5256410256410255,82.37179487179486
E00014940,253,42,18,24,211,17,194,16.600790513833992,7.114624505928854,9.486166007905137,83.399209486166,6.719367588932807,76.6798418972332
E00014941,227,32,11,21,195,23,172,14.096916299559473,4.845814977973569,9.251101321585903,85.90308370044053,10.13215859030837,75.77092511013215
E00014942,362,45,7,38,317,25,292,12.430939226519337,1.9337016574585635,10.497237569060774,87.56906077348067,6.906077348066299,80.66298342541437
E00014943,233,27,4,23,206,12,194,11.587982832618025,1.7167381974248928,9.871244635193133,88.41201716738198,5.150214592274678,83.2618025751073
E00014944,254,35,11,24,219,23,196,13.779527559055119,4.330708661417323,9.448818897637794,86.22047244094489,9.05511811023622,77.16535433070865
E00014945,262,32,10,22,230,19,211,12.213740458015266,3.816793893129771,8.396946564885496,87.78625954198473,7.251908396946565,80.53435114503816
E00014946,236,25,8,17,211,17,194,10.59322033898305,3.389830508474576,7.203389830508475,89.40677966101694,7.203389830508475,82.20338983050848
E00014947,286,38,13,25,248,24,224,13.286713286713287,4.545454545454546,8.741258741258742,86.7132867132867,8.391608391608392,78.32167832167832
E00014948,401,58,17,41,343,29,314,14.463840399002494,4.239401496259352,10.224438902743142,85.53615960099751,7.231920199501247,78.30423940149626
E00014950,354,47,16,31,307,18,289,13.27683615819209,4.519774011299435,8.757062146892656,86.7231638418079,5.084745762711865,81.63841807909604
E00014951,245,23,10,13,222,22,200,9.387755102040817,4.081632653061225,5.3061224489795915,90.61224489795919,8.979591836734693,81.63265306122449
E00014952,383,66,27,39,317,14,303,17.232375979112273,7.049608355091384,10.182767624020887,82.76762402088774,3.6553524804177546,79.11227154046998
E00014953,334,50,19,31,284,10,274,14.97005988023952,5.688622754491018,9.281437125748502,85.02994011976048,2.9940119760479043,82.03592814371258
E00014955,303,29,9,20,274,25,249,9.570957095709572,2.9702970297029703,6.6006600660066,90.42904290429043,8.25082508250825,82.17821782178217
E00014956,321,30,9,21,291,22,269,9.345794392523365,2.803738317757009,6.5420560747663545,90.65420560747664,6.853582554517133,83.8006230529595
E00014957,314,48,19,29,266,25,241,15.286624203821656,6.050955414012739,9.235668789808917,84.71337579617835,7.961783439490445,76.75159235668791
E00014958,561,78,35,43,483,30,453,13.903743315508022,6.23885918003565,7.66488413547237,86.09625668449198,5.347593582887701,80.74866310160428
E00014959,417,70,34,36,347,34,313,16.786570743405278,8.15347721822542,8.633093525179856,83.21342925659472,8.15347721822542,75.0599520383693
E00014960,346,40,15,25,306,29,277,11.560693641618498,4.335260115606936,7.225433526011561,88.4393063583815,8.38150289017341,80.05780346820809
E00014961,362,50,8,42,312,31,281,13.812154696132598,2.209944751381215,11.602209944751381,86.1878453038674,8.56353591160221,77.62430939226519
E00014962,456,75,27,48,381,21,360,16.447368421052634,5.921052631578947,10.526315789473683,83.55263157894737,4.605263157894736,78.94736842105263
E00014963,315,52,17,35,263,16,247,16.507936507936506,5.396825396825397,11.11111111111111,83.4920634920635,5.079365079365079,78.41269841269842
E00014964,436,50,16,34,386,24,362,11.46788990825688,3.669724770642202,7.79816513761468,88.53211009174312,5.5045871559633035,83.02752293577981
E00014965,350,59,26,33,291,10,281,16.857142857142858,7.428571428571429,9.428571428571429,83.14285714285714,2.857142857142857,80.28571428571428
E00014966,434,46,18,28,388,38,350,10.599078341013826,4.147465437788019,6.451612903225806,89.40092165898618,8.755760368663594,80.64516129032258
E00014967,389,49,25,24,340,18,322,12.596401028277635,6.426735218508997,6.169665809768637,87.40359897172236,4.627249357326478,82.77634961439588
E00014968,264,56,26,30,208,10,198,21.21212121212121,9.848484848484848,11.363636363636363,78.78787878787878,3.787878787878788,75
E00014969,294,56,18,38,238,22,216,19.047619047619047,6.122448979591836,12.925170068027212,80.95238095238095,7.482993197278912,73.46938775510205
E00014970,410,79,33,46,331,25,306,19.26829268292683,8.048780487804878,11.219512195121952,80.73170731707317,6.097560975609756,74.63414634146342
E00014971,404,39,15,24,365,21,344,9.653465346534654,3.7128712871287126,5.9405940594059405,90.34653465346535,5.198019801980198,85.14851485148515
E00014972,283,59,32,27,224,7,217,20.848056537102476,11.307420494699647,9.540636042402827,79.15194346289752,2.4734982332155475,76.67844522968198
E00014973,437,76,36,40,361,17,344,17.391304347826086,8.237986270022883,9.153318077803203,82.6086956521739,3.8901601830663615,78.71853546910755
E00014974,186,35,14,21,151,10,141,18.817204301075268,7.526881720430108,11.29032258064516,81.18279569892472,5.376344086021505,75.80645161290323
E00014975,468,90,31,59,378,35,343,19.230769230769234,6.623931623931624,12.606837606837606,80.76923076923077,7.478632478632479,73.29059829059828
E00014976,361,28,2,26,333,35,298,7.756232686980609,0.554016620498615,7.202216066481995,92.24376731301939,9.695290858725762,82.54847645429363
E00014977,390,32,18,14,358,27,331,8.205128205128204,4.615384615384616,3.5897435897435894,91.7948717948718,6.923076923076923,84.87179487179488
E00014978,423,57,24,33,366,24,342,13.47517730496454,5.673758865248227,7.801418439716312,86.52482269503547,5.673758865248227,80.85106382978722
E00014979,310,46,17,29,264,22,242,14.838709677419354,5.483870967741936,9.35483870967742,85.16129032258064,7.096774193548387,78.06451612903226
E00014980,295,38,14,24,257,15,242,12.88135593220339,4.745762711864407,8.135593220338983,87.11864406779661,5.084745762711865,82.03389830508473
E00014981,580,66,27,39,514,25,489,11.379310344827587,4.655172413793104,6.724137931034482,88.62068965517241,4.310344827586207,84.3103448275862
E00014982,385,69,32,37,316,12,304,17.92207792207792,8.311688311688311,9.61038961038961,82.07792207792208,3.116883116883117,78.96103896103897
E00014983,346,29,11,18,317,35,282,8.38150289017341,3.1791907514450863,5.202312138728324,91.61849710982659,10.115606936416185,81.5028901734104
E00014984,332,41,10,31,291,20,271,12.349397590361445,3.0120481927710845,9.33734939759036,87.65060240963855,6.024096385542169,81.62650602409639
E00014985,314,59,31,28,255,23,232,18.789808917197455,9.872611464968154,8.9171974522293,81.21019108280255,7.32484076433121,73.88535031847134
E00014986,258,45,12,33,213,16,197,17.441860465116278,4.651162790697675,12.790697674418606,82.55813953488372,6.2015503875969,76.35658914728683
E00014987,359,39,10,29,320,26,294,10.86350974930362,2.785515320334262,8.07799442896936,89.13649025069638,7.242339832869081,81.89415041782729
E00014988,314,18,4,14,296,30,266,5.7324840764331215,1.2738853503184715,4.45859872611465,94.26751592356688,9.554140127388536,84.71337579617835
E00014989,331,29,11,18,302,17,285,8.761329305135952,3.3232628398791544,5.438066465256798,91.23867069486404,5.13595166163142,86.10271903323263
E00014990,384,57,34,23,327,25,302,14.84375,8.854166666666668,5.989583333333334,85.15625,6.510416666666667,78.64583333333334
E00014991,416,55,28,27,361,25,336,13.221153846153847,6.730769230769231,6.490384615384616,86.77884615384616,6.009615384615385,80.76923076923077
E00014992,337,39,19,20,298,17,281,11.572700296735905,5.637982195845697,5.934718100890208,88.4272997032641,5.044510385756676,83.38278931750742
E00014993,399,54,20,34,345,23,322,13.533834586466165,5.012531328320802,8.521303258145362,86.46616541353383,5.764411027568922,80.7017543859649
E00014994,362,42,10,32,320,24,296,11.602209944751381,2.7624309392265194,8.83977900552486,88.39779005524862,6.629834254143646,81.76795580110497
E00014995,331,46,18,28,285,13,272,13.897280966767372,5.438066465256798,8.459214501510575,86.10271903323263,3.927492447129909,82.17522658610272
E00014996,313,54,25,29,259,17,242,17.252396166134183,7.987220447284344,9.26517571884984,82.74760383386581,5.431309904153355,77.31629392971246
E00014997,403,47,16,31,356,16,340,11.662531017369728,3.970223325062035,7.6923076923076925,88.33746898263027,3.970223325062035,84.36724565756823
E00014998,214,25,10,15,189,21,168,11.682242990654206,4.672897196261682,7.009345794392523,88.3177570093458,9.813084112149532,78.50467289719626
E00014999,326,72,36,36,254,11,243,22.085889570552148,11.042944785276074,11.042944785276074,77.91411042944786,3.374233128834356,74.5398773006135
E00015000,338,43,20,23,295,26,269,12.721893491124261,5.9171597633136095,6.8047337278106506,87.27810650887574,7.6923076923076925,79.58579881656804
E00015001,330,52,23,29,278,22,256,15.757575757575756,6.969696969696971,8.787878787878787,84.24242424242424,6.666666666666667,77.57575757575758
E00015002,340,41,15,26,299,15,284,12.058823529411764,4.411764705882353,7.647058823529412,87.94117647058823,4.411764705882353,83.52941176470588
E00015003,334,43,15,28,291,17,274,12.874251497005988,4.491017964071856,8.383233532934131,87.12574850299401,5.089820359281437,82.03592814371258
E00015004,365,37,11,26,328,30,298,10.136986301369863,3.0136986301369864,7.123287671232877,89.86301369863014,8.21917808219178,81.64383561643835
E00015005,322,38,12,26,284,15,269,11.801242236024844,3.7267080745341614,8.074534161490684,88.19875776397515,4.658385093167702,83.54037267080744
E00015006,308,47,17,30,261,27,234,15.259740259740258,5.51948051948052,9.740259740259742,84.74025974025975,8.766233766233766,75.97402597402598
E00015007,351,48,23,25,303,24,279,13.675213675213676,6.552706552706552,7.122507122507122,86.32478632478633,6.837606837606838,79.48717948717949
E00015008,447,136,97,39,311,21,290,30.42505592841163,21.700223713646533,8.724832214765101,69.57494407158836,4.697986577181208,64.87695749440716
E00015009,357,36,19,17,321,23,298,10.084033613445378,5.322128851540616,4.761904761904762,89.91596638655463,6.442577030812324,83.4733893557423
E00015010,346,36,9,27,310,7,303,10.404624277456648,2.601156069364162,7.803468208092486,89.59537572254335,2.023121387283237,87.57225433526011
E00015011,261,44,15,29,217,16,201,16.85823754789272,5.747126436781609,11.11111111111111,83.14176245210729,6.130268199233716,77.01149425287356
E00015012,375,34,9,25,341,18,323,9.066666666666666,2.4,6.666666666666667,90.93333333333334,4.8,86.13333333333333
E00015013,447,67,22,45,380,22,358,14.988814317673377,4.921700223713646,10.06711409395973,85.01118568232661,4.921700223713646,80.08948545861297
E00015014,372,38,16,22,334,25,309,10.21505376344086,4.301075268817205,5.913978494623656,89.78494623655914,6.720430107526881,83.06451612903226
E00015015,339,30,13,17,309,27,282,8.849557522123893,3.8348082595870205,5.014749262536873,91.1504424778761,7.964601769911504,83.1858407079646
E00015016,393,58,21,37,335,24,311,14.75826972010178,5.343511450381679,9.414758269720101,85.24173027989822,6.106870229007633,79.13486005089058
E00015017,291,26,9,17,265,25,240,8.934707903780069,3.0927835051546393,5.841924398625429,91.06529209621993,8.59106529209622,82.4742268041237
E00015018,341,42,18,24,299,14,285,12.316715542521994,5.278592375366569,7.038123167155426,87.68328445747801,4.105571847507331,83.57771260997067
E00015019,221,52,24,28,169,14,155,23.52941176470588,10.85972850678733,12.669683257918551,76.47058823529412,6.334841628959276,70.13574660633483
E00015020,390,33,12,21,357,22,335,8.461538461538462,3.076923076923077,5.384615384615385,91.53846153846153,5.641025641025641,85.8974358974359
E00015021,362,36,12,24,326,12,314,9.94475138121547,3.314917127071823,6.629834254143646,90.05524861878453,3.314917127071823,86.74033149171271
E00015022,295,45,16,29,250,26,224,15.254237288135593,5.423728813559322,9.830508474576272,84.7457627118644,8.813559322033898,75.9322033898305
E00015023,314,25,12,13,289,16,273,7.961783439490445,3.821656050955414,4.140127388535031,92.03821656050955,5.095541401273886,86.94267515923568
E00015024,268,35,14,21,233,21,212,13.059701492537313,5.223880597014925,7.835820895522389,86.94029850746269,7.835820895522389,79.1044776119403
E00015025,316,68,40,28,248,17,231,21.518987341772153,12.658227848101266,8.860759493670885,78.48101265822784,5.379746835443038,73.10126582278481
E00015026,347,43,18,25,304,27,277,12.39193083573487,5.187319884726225,7.204610951008646,87.60806916426513,7.780979827089338,79.82708933717579
E00015027,354,46,22,24,308,13,295,12.994350282485875,6.214689265536723,6.779661016949152,87.00564971751412,3.672316384180791,83.33333333333334
E00015028,377,48,25,23,329,26,303,12.73209549071618,6.631299734748011,6.10079575596817,87.26790450928382,6.896551724137931,80.37135278514589
E00015029,305,44,18,26,261,21,240,14.426229508196723,5.901639344262295,8.524590163934425,85.57377049180329,6.885245901639345,78.68852459016394
E00015030,371,48,15,33,323,22,301,12.93800539083558,4.0431266846361185,8.89487870619946,87.06199460916442,5.929919137466308,81.13207547169812
E00015031,363,74,53,21,289,20,269,20.385674931129476,14.600550964187327,5.785123966942149,79.61432506887053,5.5096418732782375,74.10468319559229
E00015032,324,48,19,29,276,19,257,14.814814814814813,5.864197530864197,8.950617283950617,85.18518518518519,5.864197530864197,79.32098765432099
E00015033,396,73,47,26,323,21,302,18.434343434343432,11.868686868686869,6.565656565656567,81.56565656565657,5.303030303030303,76.26262626262627
E00015034,309,46,12,34,263,18,245,14.886731391585762,3.8834951456310676,11.003236245954692,85.11326860841424,5.825242718446602,79.28802588996764
E00015035,197,28,8,20,169,16,153,14.213197969543149,4.060913705583756,10.152284263959391,85.78680203045685,8.121827411167512,77.66497461928934
E00015036,352,44,16,28,308,29,279,12.5,4.545454545454546,7.954545454545454,87.5,8.238636363636363,79.26136363636364
E00015037,342,54,19,35,288,23,265,15.789473684210526,5.555555555555555,10.23391812865497,84.21052631578947,6.725146198830409,77.48538011695906
E00015038,298,25,7,18,273,22,251,8.389261744966444,2.348993288590604,6.0402684563758395,91.61073825503355,7.38255033557047,84.22818791946308
E00015039,214,30,11,19,184,26,158,14.018691588785046,5.14018691588785,8.878504672897195,85.98130841121495,12.149532710280374,73.83177570093457
E00015041,240,32,9,23,208,28,180,13.333333333333334,3.75,9.583333333333334,86.66666666666667,11.666666666666666,75
E00015042,265,25,9,16,240,24,216,9.433962264150944,3.3962264150943398,6.037735849056604,90.56603773584906,9.056603773584905,81.50943396226415
E00015043,205,21,7,14,184,12,172,10.24390243902439,3.414634146341464,6.829268292682928,89.75609756097562,5.853658536585367,83.90243902439025
E00015044,286,37,15,22,249,14,235,12.937062937062937,5.244755244755245,7.6923076923076925,87.06293706293707,4.895104895104895,82.16783216783216
E00015046,256,37,14,23,219,20,199,14.453125,5.46875,8.984375,85.546875,7.8125,77.734375
E00015047,240,28,7,21,212,16,196,11.666666666666666,2.9166666666666665,8.75,88.33333333333333,6.666666666666667,81.66666666666667
E00015048,259,26,11,15,233,19,214,10.038610038610038,4.247104247104247,5.7915057915057915,89.96138996138995,7.335907335907336,82.62548262548263
E00015049,290,29,11,18,261,25,236,10,3.793103448275862,6.206896551724138,90,8.620689655172415,81.37931034482759
E00015050,259,31,13,18,228,16,212,11.96911196911197,5.019305019305019,6.94980694980695,88.03088803088804,6.177606177606178,81.85328185328186
E00015051,255,22,7,15,233,16,217,8.627450980392156,2.7450980392156863,5.88235294117647,91.37254901960785,6.2745098039215685,85.09803921568627
E00015052,245,23,5,18,222,20,202,9.387755102040817,2.0408163265306123,7.346938775510205,90.61224489795919,8.16326530612245,82.44897959183673
E00015053,241,17,6,11,224,15,209,7.053941908713693,2.4896265560165975,4.564315352697095,92.9460580912863,6.224066390041494,86.72199170124482
E00015054,320,39,15,24,281,24,257,12.1875,4.6875,7.5,87.8125,7.5,80.3125
E00015055,261,32,12,20,229,14,215,12.260536398467432,4.597701149425287,7.662835249042145,87.73946360153256,5.363984674329502,82.37547892720306
E00015056,275,28,5,23,247,21,226,10.181818181818182,1.8181818181818181,8.363636363636363,89.81818181818181,7.636363636363637,82.18181818181817
E00015057,217,41,14,27,176,19,157,18.89400921658986,6.451612903225806,12.442396313364055,81.10599078341014,8.755760368663594,72.35023041474655
E00015058,260,49,30,19,211,18,193,18.846153846153847,11.538461538461538,7.307692307692308,81.15384615384616,6.923076923076923,74.23076923076923
E00015059,290,21,4,17,269,26,243,7.241379310344828,1.3793103448275863,5.862068965517241,92.75862068965517,8.96551724137931,83.79310344827586
E00015060,196,24,8,16,172,21,151,12.244897959183673,4.081632653061225,8.16326530612245,87.75510204081633,10.714285714285714,77.04081632653062
E00015061,198,22,3,19,176,15,161,11.11111111111111,1.5151515151515151,9.595959595959595,88.88888888888889,7.575757575757576,81.31313131313132
E00015062,254,28,10,18,226,24,202,11.023622047244094,3.937007874015748,7.086614173228346,88.9763779527559,9.448818897637794,79.52755905511812
E00015063,248,22,8,14,226,24,202,8.870967741935484,3.225806451612903,5.64516129032258,91.12903225806451,9.67741935483871,81.45161290322581
E00015065,157,10,4,6,147,9,138,6.369426751592357,2.547770700636943,3.821656050955414,93.63057324840764,5.7324840764331215,87.89808917197452
E00015066,422,34,9,25,388,24,364,8.056872037914692,2.132701421800948,5.924170616113744,91.9431279620853,5.687203791469194,86.25592417061611
E00015067,429,72,20,52,357,29,328,16.783216783216783,4.662004662004662,12.121212121212121,83.21678321678321,6.75990675990676,76.45687645687646
E00015068,332,50,17,33,282,30,252,15.060240963855422,5.120481927710843,9.939759036144578,84.93975903614458,9.036144578313253,75.90361445783132
E00015069,246,27,3,24,219,22,197,10.975609756097562,1.2195121951219512,9.75609756097561,89.02439024390245,8.94308943089431,80.08130081300813
E00015070,368,58,26,32,310,17,293,15.760869565217392,7.065217391304348,8.695652173913043,84.23913043478261,4.619565217391304,79.61956521739131
E00015071,247,24,9,15,223,21,202,9.7165991902834,3.643724696356275,6.0728744939271255,90.2834008097166,8.502024291497975,81.78137651821862
E00015072,288,28,9,19,260,22,238,9.722222222222223,3.125,6.597222222222222,90.27777777777779,7.638888888888889,82.63888888888889
E00015073,322,50,13,37,272,24,248,15.527950310559005,4.037267080745342,11.490683229813664,84.472049689441,7.453416149068323,77.01863354037268
E00015074,365,44,17,27,321,20,301,12.054794520547945,4.657534246575342,7.397260273972603,87.94520547945206,5.47945205479452,82.46575342465754
E00015075,308,75,53,22,233,25,208,24.350649350649352,17.20779220779221,7.142857142857142,75.64935064935064,8.116883116883116,67.53246753246754
E00015076,244,24,10,14,220,19,201,9.836065573770492,4.098360655737705,5.737704918032787,90.1639344262295,7.786885245901639,82.37704918032787
E00015077,321,33,10,23,288,18,270,10.2803738317757,3.115264797507788,7.165109034267912,89.7196261682243,5.607476635514018,84.11214953271028
E00015078,170,18,7,11,152,14,138,10.588235294117647,4.117647058823529,6.470588235294119,89.41176470588236,8.235294117647058,81.17647058823529
E00015079,189,20,8,12,169,15,154,10.582010582010582,4.232804232804233,6.349206349206349,89.41798941798942,7.936507936507936,81.48148148148148
E00015080,299,60,27,33,239,18,221,20.066889632107024,9.03010033444816,11.036789297658862,79.93311036789298,6.0200668896321075,73.91304347826086
E00015081,426,93,54,39,333,26,307,21.830985915492956,12.676056338028168,9.15492957746479,78.16901408450704,6.103286384976526,72.06572769953051
E00015082,217,26,8,18,191,18,173,11.981566820276496,3.686635944700461,8.294930875576037,88.0184331797235,8.294930875576037,79.72350230414746
E00015083,300,37,6,31,263,30,233,12.333333333333334,2,10.333333333333334,87.66666666666667,10,77.66666666666666
E00015084,287,29,5,24,258,25,233,10.104529616724738,1.7421602787456445,8.362369337979095,89.89547038327527,8.710801393728223,81.18466898954703
E00015085,274,53,37,16,221,15,206,19.34306569343066,13.503649635036496,5.839416058394161,80.65693430656934,5.474452554744526,75.18248175182481
E00015086,295,36,13,23,259,23,236,12.203389830508476,4.406779661016949,7.796610169491526,87.79661016949153,7.796610169491526,80
E00015087,379,59,32,27,320,18,302,15.567282321899736,8.443271767810026,7.12401055408971,84.43271767810026,4.749340369393139,79.68337730870712
E00015088,296,37,14,23,259,25,234,12.5,4.72972972972973,7.77027027027027,87.5,8.445945945945946,79.05405405405406
E00015089,275,36,15,21,239,10,229,13.090909090909092,5.454545454545454,7.636363636363637,86.9090909090909,3.6363636363636362,83.27272727272728
E00015090,265,36,10,26,229,20,209,13.584905660377359,3.7735849056603774,9.811320754716983,86.41509433962264,7.547169811320755,78.8679245283019
E00015091,404,116,80,36,288,29,259,28.71287128712871,19.801980198019802,8.91089108910891,71.28712871287128,7.1782178217821775,64.10891089108911
E00015092,319,31,12,19,288,23,265,9.717868338557993,3.761755485893417,5.956112852664576,90.28213166144201,7.210031347962382,83.07210031347962
E00015093,245,30,11,19,215,17,198,12.244897959183673,4.489795918367347,7.755102040816326,87.75510204081633,6.938775510204081,80.81632653061224
E00015094,353,39,12,27,314,27,287,11.048158640226628,3.39943342776204,7.64872521246459,88.95184135977338,7.64872521246459,81.30311614730878
E00015095,314,32,11,21,282,15,267,10.191082802547772,3.5031847133757963,6.687898089171974,89.80891719745223,4.777070063694268,85.03184713375796
E00015096,324,40,17,23,284,32,252,12.345679012345679,5.246913580246913,7.098765432098765,87.65432098765432,9.876543209876543,77.77777777777779
E00015097,275,21,10,11,254,18,236,7.636363636363637,3.6363636363636362,4,92.36363636363636,6.545454545454546,85.81818181818181
E00015098,348,42,10,32,306,13,293,12.068965517241379,2.8735632183908044,9.195402298850574,87.93103448275862,3.7356321839080464,84.19540229885058
E00015099,318,33,14,19,285,22,263,10.377358490566039,4.40251572327044,5.9748427672955975,89.62264150943396,6.918238993710692,82.70440251572327
E00015100,300,31,13,18,269,31,238,10.333333333333334,4.333333333333334,6,89.66666666666666,10.333333333333334,79.33333333333333
E00015101,201,25,11,14,176,17,159,12.437810945273633,5.472636815920398,6.965174129353234,87.56218905472637,8.45771144278607,79.1044776119403
E00015102,247,34,9,25,213,20,193,13.765182186234817,3.643724696356275,10.121457489878543,86.23481781376519,8.097165991902834,78.13765182186235
E00015103,266,33,8,25,233,22,211,12.406015037593985,3.007518796992481,9.398496240601503,87.59398496240601,8.270676691729323,79.32330827067669
E00015104,278,29,12,17,249,20,229,10.431654676258994,4.316546762589928,6.115107913669065,89.568345323741,7.1942446043165464,82.37410071942446
E00015105,216,31,11,20,185,15,170,14.351851851851851,5.092592592592593,9.25925925925926,85.64814814814815,6.944444444444445,78.70370370370371
E00015106,187,23,7,16,164,16,148,12.299465240641712,3.7433155080213902,8.55614973262032,87.70053475935828,8.55614973262032,79.14438502673798
E00015107,166,30,12,18,136,7,129,18.072289156626507,7.228915662650602,10.843373493975903,81.92771084337349,4.216867469879518,77.71084337349397
E00015108,299,72,34,38,227,16,211,24.08026755852843,11.37123745819398,12.709030100334449,75.91973244147158,5.351170568561873,70.5685618729097
E00015109,332,50,19,31,282,18,264,15.060240963855422,5.72289156626506,9.33734939759036,84.93975903614458,5.421686746987952,79.51807228915662
E00015110,319,49,18,31,270,19,251,15.360501567398119,5.6426332288401255,9.717868338557993,84.63949843260188,5.956112852664576,78.68338557993731
E00015111,339,31,9,22,308,23,285,9.144542772861357,2.6548672566371683,6.489675516224189,90.85545722713864,6.784660766961652,84.070796460177
E00015112,260,25,12,13,235,17,218,9.615384615384617,4.615384615384616,5,90.38461538461539,6.538461538461539,83.84615384615385
E00015113,280,29,6,23,251,13,238,10.357142857142858,2.142857142857143,8.214285714285714,89.64285714285715,4.642857142857143,85
E00015114,291,38,10,28,253,22,231,13.058419243986256,3.436426116838488,9.621993127147768,86.94158075601375,7.560137457044673,79.38144329896907
E00015115,302,44,19,25,258,13,245,14.56953642384106,6.291390728476822,8.27814569536424,85.43046357615894,4.304635761589404,81.12582781456953
E00015116,310,60,29,31,250,6,244,19.35483870967742,9.35483870967742,10,80.64516129032258,1.935483870967742,78.70967741935485
E00015117,489,58,21,37,431,28,403,11.860940695296524,4.294478527607362,7.566462167689162,88.13905930470347,5.725971370143149,82.41308793456032
E00015118,400,56,24,32,344,22,322,14.000000000000002,6,8,86,5.5,80.5
E00015119,377,42,14,28,335,31,304,11.140583554376658,3.7135278514588856,7.427055702917771,88.85941644562334,8.222811671087534,80.63660477453581
E00015120,440,50,15,35,390,29,361,11.363636363636363,3.4090909090909087,7.954545454545454,88.63636363636364,6.59090909090909,82.04545454545455
E00015121,422,52,22,30,370,32,338,12.322274881516588,5.213270142180095,7.109004739336493,87.67772511848341,7.5829383886255926,80.09478672985783
E00015122,302,53,19,34,249,15,234,17.549668874172188,6.291390728476822,11.258278145695364,82.45033112582782,4.966887417218543,77.48344370860927
E00015123,387,54,16,38,333,21,312,13.953488372093023,4.1343669250646,9.819121447028424,86.04651162790698,5.426356589147287,80.62015503875969
E00015124,311,42,15,27,269,11,258,13.504823151125404,4.823151125401929,8.681672025723474,86.49517684887459,3.536977491961415,82.95819935691318
E00015125,324,52,25,27,272,18,254,16.049382716049383,7.716049382716049,8.333333333333332,83.9506172839506,5.555555555555555,78.39506172839506
E00015126,409,46,18,28,363,22,341,11.246943765281173,4.400977995110025,6.845965770171149,88.75305623471883,5.378973105134474,83.37408312958435
E00015127,265,60,27,33,205,20,185,22.641509433962266,10.18867924528302,12.452830188679245,77.35849056603774,7.547169811320755,69.81132075471697
E00015128,335,38,12,26,297,21,276,11.343283582089553,3.582089552238806,7.761194029850746,88.65671641791046,6.26865671641791,82.38805970149254
E00015129,308,42,12,30,266,18,248,13.636363636363635,3.896103896103896,9.740259740259742,86.36363636363636,5.844155844155844,80.51948051948052
E00015130,361,35,10,25,326,24,302,9.695290858725762,2.7700831024930745,6.9252077562326875,90.30470914127424,6.64819944598338,83.65650969529086
E00015131,321,33,8,25,288,10,278,10.2803738317757,2.4922118380062304,7.78816199376947,89.7196261682243,3.115264797507788,86.6043613707165
E00015132,324,39,10,29,285,19,266,12.037037037037036,3.0864197530864197,8.950617283950617,87.96296296296296,5.864197530864197,82.09876543209876
E00015133,334,37,12,25,297,20,277,11.077844311377245,3.592814371257485,7.48502994011976,88.92215568862275,5.9880239520958085,82.93413173652695
E00015135,385,43,13,30,342,21,321,11.168831168831169,3.3766233766233764,7.792207792207792,88.83116883116882,5.454545454545454,83.37662337662337
E00015136,354,43,14,29,311,18,293,12.146892655367232,3.954802259887006,8.192090395480225,87.85310734463276,5.084745762711865,82.7683615819209
E00015137,381,42,15,27,339,19,320,11.023622047244094,3.937007874015748,7.086614173228346,88.9763779527559,4.986876640419948,83.98950131233596
E00015138,240,30,6,24,210,16,194,12.5,2.5,10,87.5,6.666666666666667,80.83333333333333
E00015139,359,47,18,29,312,19,293,13.09192200557103,5.013927576601671,8.07799442896936,86.90807799442896,5.2924791086350975,81.61559888579387
E00015140,425,46,11,35,379,19,360,10.823529411764705,2.588235294117647,8.235294117647058,89.17647058823529,4.470588235294118,84.70588235294117
E00015141,287,37,18,19,250,22,228,12.89198606271777,6.2717770034843205,6.620209059233449,87.10801393728222,7.665505226480835,79.44250871080139
E00015142,365,54,23,31,311,24,287,14.794520547945206,6.301369863013699,8.493150684931507,85.2054794520548,6.575342465753424,78.63013698630137
E00015143,305,41,20,21,264,21,243,13.442622950819672,6.557377049180328,6.885245901639345,86.55737704918033,6.885245901639345,79.67213114754098
E00015144,349,34,9,25,315,14,301,9.742120343839542,2.5787965616045847,7.163323782234957,90.25787965616045,4.011461318051576,86.24641833810888
E00015145,449,31,15,16,418,31,387,6.904231625835189,3.34075723830735,3.5634743875278394,93.0957683741648,6.904231625835189,86.19153674832963
E00015146,361,32,7,25,329,24,305,8.86426592797784,1.9390581717451523,6.9252077562326875,91.13573407202216,6.64819944598338,84.48753462603878
E00015147,339,40,10,30,299,30,269,11.799410029498524,2.949852507374631,8.849557522123893,88.20058997050147,8.849557522123893,79.35103244837758
E00015148,327,31,6,25,296,20,276,9.480122324159021,1.834862385321101,7.64525993883792,90.51987767584097,6.116207951070336,84.40366972477065
E00015149,380,34,11,23,346,32,314,8.947368421052632,2.8947368421052633,6.052631578947368,91.05263157894737,8.421052631578947,82.63157894736842
E00015150,385,38,9,29,347,22,325,9.87012987012987,2.3376623376623376,7.532467532467532,90.12987012987013,5.714285714285714,84.4155844155844
E00015151,358,32,11,21,326,26,300,8.938547486033519,3.072625698324022,5.865921787709497,91.06145251396647,7.262569832402235,83.79888268156425
E00015152,365,37,13,24,328,20,308,10.136986301369863,3.5616438356164384,6.575342465753424,89.86301369863014,5.47945205479452,84.38356164383562
E00015153,385,52,13,39,333,19,314,13.506493506493506,3.3766233766233764,10.129870129870131,86.49350649350649,4.935064935064935,81.55844155844156
E00015154,283,50,22,28,233,21,212,17.6678445229682,7.773851590106007,9.89399293286219,82.3321554770318,7.420494699646643,74.91166077738515
E00015155,345,40,10,30,305,20,285,11.594202898550725,2.898550724637681,8.695652173913043,88.40579710144928,5.797101449275362,82.6086956521739
E00015156,317,39,11,28,278,24,254,12.302839116719243,3.4700315457413247,8.832807570977918,87.69716088328076,7.570977917981073,80.12618296529969
E00015157,405,32,8,24,373,36,337,7.901234567901234,1.9753086419753085,5.9259259259259265,92.09876543209876,8.88888888888889,83.20987654320989
E00015158,353,47,16,31,306,32,274,13.314447592067987,4.53257790368272,8.78186968838527,86.68555240793201,9.06515580736544,77.62039660056658
E00015159,384,32,8,24,352,30,322,8.333333333333332,2.083333333333333,6.25,91.66666666666666,7.8125,83.85416666666666
E00015160,335,34,8,26,301,25,276,10.149253731343283,2.3880597014925375,7.761194029850746,89.8507462686567,7.462686567164178,82.38805970149254
E00015161,327,55,19,36,272,28,244,16.819571865443425,5.81039755351682,11.009174311926607,83.18042813455658,8.56269113149847,74.61773700305811
E00015162,346,22,4,18,324,26,298,6.358381502890173,1.1560693641618496,5.202312138728324,93.64161849710982,7.514450867052023,86.1271676300578
E00015163,332,36,8,28,296,23,273,10.843373493975903,2.4096385542168677,8.433734939759036,89.1566265060241,6.927710843373494,82.2289156626506
E00015164,285,55,26,29,230,18,212,19.298245614035086,9.12280701754386,10.175438596491228,80.7017543859649,6.315789473684211,74.3859649122807
E00015165,389,33,15,18,356,24,332,8.483290488431876,3.8560411311053984,4.627249357326478,91.51670951156812,6.169665809768637,85.34704370179949
E00174866,186,22,6,16,164,6,158,11.827956989247312,3.225806451612903,8.60215053763441,88.17204301075269,3.225806451612903,84.94623655913979
E00174867,238,28,11,17,210,18,192,11.76470588235294,4.621848739495799,7.142857142857142,88.23529411764706,7.563025210084033,80.67226890756302
E00174868,219,22,4,18,197,16,181,10.045662100456621,1.82648401826484,8.21917808219178,89.95433789954338,7.30593607305936,82.64840182648402
E00174869,443,55,16,39,388,28,360,12.415349887133182,3.611738148984198,8.803611738148984,87.58465011286681,6.320541760722348,81.26410835214448
E00174870,204,18,7,11,186,16,170,8.823529411764707,3.431372549019608,5.392156862745098,91.17647058823529,7.8431372549019605,83.33333333333334
E00174871,513,62,37,25,451,27,424,12.085769980506821,7.212475633528265,4.8732943469785575,87.91423001949317,5.263157894736842,82.65107212475633
E00174872,180,23,6,17,157,21,136,12.777777777777777,3.3333333333333335,9.444444444444445,87.22222222222223,11.666666666666666,75.55555555555556
E00174873,166,7,0,7,159,8,151,4.216867469879518,0,4.216867469879518,95.78313253012048,4.819277108433735,90.96385542168674
E00174874,504,35,12,23,469,30,439,6.944444444444445,2.380952380952381,4.563492063492063,93.05555555555556,5.952380952380952,87.10317460317461
E00174876,131,12,4,8,119,9,110,9.16030534351145,3.0534351145038165,6.106870229007633,90.83969465648855,6.870229007633588,83.96946564885496
E00174877,620,61,16,45,559,54,505,9.838709677419356,2.5806451612903225,7.258064516129033,90.16129032258064,8.709677419354838,81.45161290322581
E00174878,234,24,5,19,210,17,193,10.256410256410255,2.1367521367521367,8.11965811965812,89.74358974358975,7.264957264957266,82.47863247863248
E00174879,293,22,11,11,271,21,250,7.508532423208192,3.754266211604096,3.754266211604096,92.4914675767918,7.167235494880546,85.32423208191126
E00184339,373,51,25,26,322,27,295,13.672922252010725,6.702412868632708,6.970509383378016,86.32707774798928,7.238605898123325,79.08847184986595
E00184346,492,109,50,59,383,25,358,22.15447154471545,10.16260162601626,11.991869918699187,77.84552845528455,5.08130081300813,72.76422764227642
E00184347,219,13,3,10,206,7,199,5.93607305936073,1.36986301369863,4.5662100456621,94.06392694063926,3.1963470319634704,90.8675799086758
E00184349,120,17,5,12,103,8,95,14.166666666666666,4.166666666666666,10,85.83333333333333,6.666666666666667,79.16666666666666
E00184352,278,21,1,20,257,27,230,7.553956834532374,0.3597122302158274,7.1942446043165464,92.44604316546763,9.712230215827338,82.73381294964028
E00184353,419,38,14,24,381,28,353,9.069212410501192,3.341288782816229,5.727923627684964,90.9307875894988,6.682577565632458,84.24821002386635
E00184355,204,33,17,16,171,9,162,16.176470588235293,8.333333333333332,7.8431372549019605,83.82352941176471,4.411764705882353,79.41176470588235
E00184356,206,14,2,12,192,13,179,6.796116504854369,0.9708737864077669,5.825242718446602,93.20388349514563,6.310679611650485,86.89320388349515
E00184358,300,37,9,28,263,23,240,12.333333333333334,3,9.333333333333334,87.66666666666667,7.666666666666666,80
E00184360,320,16,1,15,304,16,288,5,0.3125,4.6875,95,5,90
E00184366,263,40,12,28,223,19,204,15.209125475285171,4.562737642585551,10.646387832699618,84.79087452471484,7.224334600760455,77.56653992395437
E00184368,105,10,4,6,95,4,91,9.523809523809524,3.8095238095238098,5.714285714285714,90.47619047619048,3.8095238095238098,86.66666666666667
E00184369,470,61,25,36,409,32,377,12.978723404255318,5.319148936170213,7.659574468085106,87.02127659574468,6.808510638297872,80.2127659574468
E00184370,113,9,5,4,104,10,94,7.964601769911504,4.424778761061947,3.5398230088495577,92.03539823008849,8.849557522123893,83.1858407079646
E00184371,419,43,11,32,376,35,341,10.26252983293556,2.6252983293556085,7.637231503579953,89.73747016706443,8.353221957040573,81.38424821002387
E00184372,115,18,7,11,97,3,94,15.65217391304348,6.086956521739131,9.565217391304348,84.34782608695653,2.608695652173913,81.73913043478261
E00184379,225,25,12,13,200,11,189,11.11111111111111,5.333333333333334,5.777777777777778,88.88888888888889,4.888888888888889,84
E00184382,340,32,9,23,308,15,293,9.411764705882353,2.6470588235294117,6.764705882352941,90.58823529411765,4.411764705882353,86.1764705882353
E00184383,513,80,14,66,433,52,381,15.594541910331383,2.729044834307992,12.865497076023392,84.40545808966861,10.1364522417154,74.26900584795322
E00184385,373,41,11,30,332,26,306,10.991957104557642,2.949061662198391,8.04289544235925,89.00804289544236,6.970509383378016,82.03753351206434
E00184386,329,27,12,15,302,19,283,8.206686930091186,3.64741641337386,4.5592705167173255,91.7933130699088,5.775075987841945,86.01823708206688
