OA,ts0590001,ts0590002,ts0590003,ts0590004,ts0590005,ts0590006,ts0590007,ts0590002_PCT,ts0590003_PCT,ts0590004_PCT,ts0590005_PCT,ts0590006_PCT,ts0590007_PCT
E00088132,171,39,13,26,132,115,17,22.807017543859647,7.602339181286549,15.204678362573098,77.19298245614034,67.2514619883041,9.941520467836257
E00088133,137,49,14,35,88,82,6,35.76642335766424,10.218978102189782,25.547445255474454,64.23357664233576,59.854014598540154,4.37956204379562
E00088134,134,35,12,23,99,85,14,26.119402985074625,8.955223880597014,17.16417910447761,73.88059701492537,63.43283582089553,10.44776119402985
E00088135,141,49,17,32,92,75,17,34.751773049645394,12.056737588652481,22.69503546099291,65.24822695035462,53.191489361702125,12.056737588652481
E00088136,138,50,14,36,88,79,9,36.231884057971016,10.144927536231885,26.08695652173913,63.76811594202898,57.2463768115942,6.521739130434782
E00088137,137,42,17,25,95,83,12,30.656934306569344,12.408759124087592,18.248175182481752,69.34306569343066,60.58394160583942,8.75912408759124
E00088138,134,37,12,25,97,75,22,27.611940298507463,8.955223880597014,18.65671641791045,72.38805970149254,55.970149253731336,16.417910447761194
E00088139,127,54,15,39,73,61,12,42.51968503937008,11.811023622047244,30.708661417322837,57.48031496062992,48.031496062992126,9.448818897637794
E00088140,120,41,13,28,79,62,17,34.166666666666664,10.833333333333334,23.333333333333332,65.83333333333333,51.66666666666667,14.166666666666666
E00088141,132,44,10,34,88,75,13,33.33333333333333,7.575757575757576,25.757575757575758,66.66666666666666,56.81818181818182,9.848484848484848
E00088142,172,50,19,31,122,109,13,29.069767441860467,11.046511627906977,18.023255813953487,70.93023255813954,63.372093023255815,7.55813953488372
E00088143,172,45,23,22,127,92,35,26.16279069767442,13.372093023255813,12.790697674418606,73.83720930232558,53.48837209302325,20.348837209302324
E00088144,131,37,13,24,94,77,17,28.24427480916031,9.923664122137405,18.3206106870229,71.7557251908397,58.778625954198475,12.977099236641221
E00088145,96,32,10,22,64,55,9,33.33333333333333,10.416666666666668,22.916666666666664,66.66666666666666,57.291666666666664,9.375
E00088146,155,40,14,26,115,98,17,25.806451612903224,9.032258064516128,16.7741935483871,74.19354838709677,63.2258064516129,10.967741935483872
E00088147,146,36,12,24,110,99,11,24.65753424657534,8.21917808219178,16.43835616438356,75.34246575342466,67.8082191780822,7.534246575342466
E00088148,139,50,18,32,89,75,14,35.97122302158273,12.949640287769784,23.021582733812952,64.02877697841727,53.956834532374096,10.071942446043165
E00088149,140,51,12,39,89,77,12,36.42857142857142,8.571428571428571,27.857142857142858,63.57142857142857,55.00000000000001,8.571428571428571
E00088150,135,48,24,24,87,75,12,35.55555555555556,17.77777777777778,17.77777777777778,64.44444444444444,55.55555555555556,8.88888888888889
E00088151,129,33,9,24,96,85,11,25.581395348837212,6.976744186046512,18.6046511627907,74.4186046511628,65.89147286821705,8.527131782945736
E00088152,140,42,22,20,98,83,15,30,15.714285714285714,14.285714285714285,70,59.285714285714285,10.714285714285714
E00088153,135,35,17,18,100,80,20,25.925925925925924,12.592592592592592,13.333333333333334,74.07407407407408,59.25925925925925,14.814814814814813
E00088154,116,35,17,18,81,64,17,30.17241379310345,14.655172413793101,15.517241379310345,69.82758620689656,55.172413793103445,14.655172413793101
E00088155,59,9,0,9,50,45,5,15.254237288135593,0,15.254237288135593,84.7457627118644,76.27118644067797,8.47457627118644
E00088156,104,35,11,24,69,58,11,33.65384615384615,10.576923076923077,23.076923076923077,66.34615384615384,55.769230769230774,10.576923076923077
E00088157,116,22,7,15,94,85,9,18.96551724137931,6.0344827586206895,12.931034482758621,81.03448275862068,73.27586206896551,7.758620689655173
E00088158,152,35,10,25,117,99,18,23.026315789473685,6.578947368421052,16.447368421052634,76.97368421052632,65.13157894736842,11.842105263157894
E00088159,76,21,10,11,55,48,7,27.631578947368425,13.157894736842104,14.473684210526317,72.36842105263158,63.1578947368421,9.210526315789473
E00088161,165,46,20,26,119,89,30,27.878787878787882,12.121212121212121,15.757575757575756,72.12121212121212,53.939393939393945,18.181818181818183
E00088162,144,39,18,21,105,77,28,27.083333333333332,12.5,14.583333333333334,72.91666666666666,53.47222222222222,19.444444444444446
E00088163,173,53,29,24,120,89,31,30.63583815028902,16.76300578034682,13.872832369942195,69.36416184971098,51.445086705202314,17.91907514450867
E00088165,159,49,21,28,110,86,24,30.81761006289308,13.20754716981132,17.61006289308176,69.18238993710692,54.088050314465406,15.09433962264151
E00088168,138,48,25,23,90,75,15,34.78260869565217,18.115942028985508,16.666666666666664,65.21739130434783,54.347826086956516,10.869565217391305
E00088169,207,58,23,35,149,126,23,28.019323671497588,11.11111111111111,16.908212560386474,71.98067632850241,60.86956521739131,11.11111111111111
E00088171,178,43,16,27,135,110,25,24.15730337078652,8.98876404494382,15.168539325842698,75.84269662921348,61.79775280898876,14.04494382022472
E00088172,170,55,16,39,115,98,17,32.35294117647059,9.411764705882353,22.941176470588236,67.64705882352942,57.647058823529406,10
E00088173,177,50,19,31,127,105,22,28.24858757062147,10.734463276836157,17.51412429378531,71.75141242937853,59.32203389830508,12.429378531073446
E00088174,122,43,24,19,79,60,19,35.24590163934426,19.672131147540984,15.573770491803279,64.75409836065575,49.18032786885246,15.573770491803279
E00088175,166,52,25,27,114,89,25,31.32530120481928,15.060240963855422,16.265060240963855,68.67469879518072,53.6144578313253,15.060240963855422
E00088176,109,35,10,25,74,60,14,32.11009174311927,9.174311926605505,22.93577981651376,67.88990825688074,55.04587155963303,12.844036697247708
E00088177,99,30,12,18,69,58,11,30.303030303030305,12.121212121212121,18.181818181818183,69.6969696969697,58.58585858585859,11.11111111111111
E00088178,141,34,7,27,107,92,15,24.113475177304963,4.964539007092199,19.148936170212767,75.88652482269504,65.24822695035462,10.638297872340425
E00088179,102,31,6,25,71,50,21,30.392156862745097,5.88235294117647,24.509803921568626,69.6078431372549,49.01960784313725,20.588235294117645
E00088181,157,43,16,27,114,99,15,27.388535031847134,10.191082802547772,17.197452229299362,72.61146496815286,63.05732484076433,9.554140127388536
E00088182,153,46,20,26,107,89,18,30.065359477124183,13.071895424836603,16.99346405228758,69.93464052287581,58.16993464052288,11.76470588235294
E00088183,275,74,27,47,201,173,28,26.90909090909091,9.818181818181818,17.09090909090909,73.0909090909091,62.909090909090914,10.181818181818182
E00088184,125,33,11,22,92,77,15,26.400000000000002,8.799999999999999,17.599999999999998,73.6,61.6,12
E00088185,99,33,17,16,66,44,22,33.33333333333333,17.17171717171717,16.161616161616163,66.66666666666666,44.44444444444444,22.22222222222222
E00088186,184,47,18,29,137,107,30,25.543478260869566,9.782608695652174,15.760869565217392,74.45652173913044,58.152173913043484,16.304347826086957
E00088187,149,46,14,32,103,75,28,30.87248322147651,9.395973154362416,21.476510067114095,69.12751677852349,50.33557046979866,18.79194630872483
E00088188,161,55,37,18,106,82,24,34.161490683229815,22.981366459627328,11.180124223602485,65.83850931677019,50.931677018633536,14.906832298136646
E00088189,64,29,9,20,35,26,9,45.3125,14.0625,31.25,54.6875,40.625,14.0625
E00088190,130,33,9,24,97,67,30,25.384615384615383,6.923076923076923,18.461538461538463,74.61538461538461,51.53846153846153,23.076923076923077
E00088191,94,40,14,26,54,38,16,42.5531914893617,14.893617021276595,27.659574468085108,57.446808510638306,40.42553191489361,17.02127659574468
E00088192,106,41,14,27,65,48,17,38.67924528301887,13.20754716981132,25.471698113207548,61.32075471698113,45.28301886792453,16.037735849056602
E00088193,146,38,18,20,108,73,35,26.027397260273972,12.32876712328767,13.698630136986301,73.97260273972603,50,23.972602739726025
E00088194,61,18,9,9,43,39,4,29.508196721311474,14.754098360655737,14.754098360655737,70.49180327868852,63.934426229508205,6.557377049180328
E00088195,181,43,17,26,138,110,28,23.756906077348066,9.392265193370166,14.3646408839779,76.24309392265194,60.773480662983424,15.469613259668508
E00088196,166,41,21,20,125,109,16,24.69879518072289,12.650602409638553,12.048192771084338,75.30120481927712,65.66265060240963,9.63855421686747
E00088197,170,39,14,25,131,107,24,22.941176470588236,8.235294117647058,14.705882352941178,77.05882352941177,62.94117647058823,14.117647058823529
E00088198,122,28,14,14,94,74,20,22.950819672131146,11.475409836065573,11.475409836065573,77.04918032786885,60.65573770491803,16.39344262295082
E00088199,163,45,17,28,118,108,10,27.607361963190186,10.429447852760736,17.177914110429448,72.39263803680981,66.25766871165644,6.134969325153374
E00088201,186,35,15,20,151,136,15,18.817204301075268,8.064516129032258,10.75268817204301,81.18279569892472,73.11827956989248,8.064516129032258
E00088202,163,54,20,34,109,85,24,33.12883435582822,12.269938650306749,20.858895705521473,66.87116564417178,52.14723926380368,14.723926380368098
E00088203,138,29,8,21,109,93,16,21.014492753623188,5.797101449275362,15.217391304347828,78.98550724637681,67.3913043478261,11.594202898550725
E00088204,168,48,18,30,120,114,6,28.57142857142857,10.714285714285714,17.857142857142858,71.42857142857143,67.85714285714286,3.571428571428571
E00088205,127,33,15,18,94,71,23,25.984251968503933,11.811023622047244,14.173228346456693,74.01574803149606,55.90551181102362,18.11023622047244
E00088206,165,44,12,32,121,112,9,26.666666666666668,7.2727272727272725,19.393939393939394,73.33333333333333,67.87878787878789,5.454545454545454
E00088207,176,44,17,27,132,109,23,25,9.659090909090908,15.340909090909092,75,61.93181818181818,13.068181818181818
E00088208,182,52,18,34,130,110,20,28.57142857142857,9.89010989010989,18.681318681318682,71.42857142857143,60.43956043956044,10.989010989010989
E00088210,131,37,19,18,94,80,14,28.24427480916031,14.50381679389313,13.740458015267176,71.7557251908397,61.06870229007634,10.687022900763358
E00088211,119,30,14,16,89,77,12,25.210084033613445,11.76470588235294,13.445378151260504,74.78991596638656,64.70588235294117,10.084033613445378
E00088212,174,54,17,37,120,103,17,31.03448275862069,9.770114942528735,21.26436781609195,68.96551724137932,59.195402298850574,9.770114942528735
E00088213,102,35,9,26,67,57,10,34.31372549019608,8.823529411764707,25.49019607843137,65.68627450980392,55.88235294117647,9.803921568627452
E00088214,174,52,20,32,122,105,17,29.88505747126437,11.494252873563218,18.39080459770115,70.11494252873564,60.3448275862069,9.770114942528735
E00088215,217,48,13,35,169,135,34,22.119815668202765,5.990783410138248,16.129032258064516,77.88018433179722,62.21198156682027,15.668202764976957
E00088216,142,48,19,29,94,81,13,33.80281690140845,13.380281690140844,20.422535211267608,66.19718309859155,57.04225352112676,9.15492957746479
E00088217,154,47,20,27,107,86,21,30.519480519480517,12.987012987012985,17.532467532467532,69.48051948051948,55.84415584415584,13.636363636363635
E00088218,221,64,22,42,157,139,18,28.95927601809955,9.95475113122172,19.004524886877828,71.04072398190046,62.89592760180995,8.144796380090497
E00088219,153,36,13,23,117,98,19,23.52941176470588,8.49673202614379,15.032679738562091,76.47058823529412,64.05228758169935,12.418300653594772
E00088220,123,27,14,13,96,82,14,21.951219512195124,11.38211382113821,10.569105691056912,78.04878048780488,66.66666666666666,11.38211382113821
E00088221,152,31,9,22,121,90,31,20.394736842105264,5.921052631578947,14.473684210526317,79.60526315789474,59.210526315789465,20.394736842105264
E00088222,219,66,28,38,153,130,23,30.136986301369863,12.785388127853881,17.35159817351598,69.86301369863014,59.3607305936073,10.50228310502283
E00088223,64,22,9,13,42,35,7,34.375,14.0625,20.3125,65.625,54.6875,10.9375
E00088225,177,39,11,28,138,121,17,22.033898305084744,6.214689265536723,15.819209039548024,77.96610169491525,68.36158192090396,9.6045197740113
E00088226,240,51,20,31,189,160,29,21.25,8.333333333333332,12.916666666666668,78.75,66.66666666666666,12.083333333333334
E00088227,197,48,13,35,149,135,14,24.36548223350254,6.598984771573605,17.766497461928935,75.63451776649747,68.52791878172589,7.1065989847715745
E00088228,192,49,20,29,143,117,26,25.520833333333332,10.416666666666668,15.104166666666666,74.47916666666666,60.9375,13.541666666666666
E00088229,192,49,19,30,143,125,18,25.520833333333332,9.895833333333332,15.625,74.47916666666666,65.10416666666666,9.375
E00088230,206,45,21,24,161,144,17,21.844660194174757,10.194174757281553,11.650485436893204,78.15533980582524,69.90291262135922,8.25242718446602
E00088231,142,54,17,37,88,79,9,38.028169014084504,11.971830985915492,26.056338028169012,61.97183098591549,55.633802816901415,6.338028169014084
E00088232,178,55,17,38,123,103,20,30.89887640449438,9.550561797752808,21.34831460674157,69.10112359550563,57.865168539325836,11.235955056179774
E00088233,171,53,19,34,118,105,13,30.994152046783626,11.11111111111111,19.883040935672515,69.00584795321637,61.40350877192983,7.602339181286549
E00088234,87,26,8,18,61,53,8,29.88505747126437,9.195402298850574,20.689655172413794,70.11494252873564,60.91954022988506,9.195402298850574
E00088235,150,44,13,31,106,90,16,29.333333333333332,8.666666666666668,20.666666666666668,70.66666666666667,60,10.666666666666668
E00088236,86,40,7,33,46,41,5,46.51162790697674,8.13953488372093,38.372093023255815,53.48837209302325,47.674418604651166,5.813953488372093
E00088237,179,60,10,50,119,97,22,33.5195530726257,5.58659217877095,27.932960893854748,66.4804469273743,54.18994413407822,12.290502793296088
E00088240,266,59,15,44,207,181,26,22.18045112781955,5.639097744360902,16.541353383458645,77.81954887218046,68.04511278195488,9.774436090225564
E00088242,139,43,15,28,96,82,14,30.935251798561154,10.79136690647482,20.14388489208633,69.06474820143885,58.992805755395686,10.071942446043165
E00088244,188,47,22,25,141,122,19,25,11.702127659574469,13.297872340425531,75,64.8936170212766,10.106382978723403
E00088245,87,25,10,15,62,57,5,28.735632183908045,11.494252873563218,17.24137931034483,71.26436781609196,65.51724137931035,5.747126436781609
E00088246,167,42,15,27,125,112,13,25.149700598802394,8.982035928143713,16.16766467065868,74.8502994011976,67.06586826347305,7.784431137724551
E00088247,177,58,20,38,119,107,12,32.7683615819209,11.299435028248588,21.468926553672315,67.2316384180791,60.451977401129945,6.779661016949152
E00088248,142,57,22,35,85,78,7,40.140845070422536,15.492957746478872,24.647887323943664,59.859154929577464,54.929577464788736,4.929577464788732
E00088249,255,80,15,65,175,157,18,31.372549019607842,5.88235294117647,25.49019607843137,68.62745098039215,61.568627450980394,7.0588235294117645
E00088250,118,37,13,24,81,62,19,31.35593220338983,11.016949152542372,20.33898305084746,68.64406779661016,52.54237288135594,16.101694915254235
E00088252,135,31,9,22,104,89,15,22.962962962962962,6.666666666666667,16.296296296296298,77.03703703703704,65.92592592592592,11.11111111111111
E00088253,108,36,11,25,72,56,16,33.33333333333333,10.185185185185185,23.14814814814815,66.66666666666666,51.85185185185185,14.814814814814813
E00088254,112,42,12,30,70,52,18,37.5,10.714285714285714,26.785714285714285,62.5,46.42857142857143,16.071428571428573
E00088255,173,48,19,29,125,109,16,27.74566473988439,10.982658959537572,16.76300578034682,72.25433526011561,63.005780346820806,9.248554913294797
E00088256,148,42,11,31,106,94,12,28.37837837837838,7.4324324324324325,20.945945945945947,71.62162162162163,63.51351351351351,8.108108108108109
E00088257,81,32,7,25,49,38,11,39.50617283950617,8.641975308641975,30.864197530864196,60.49382716049383,46.913580246913575,13.580246913580247
E00088258,146,50,12,38,96,85,11,34.24657534246575,8.21917808219178,26.027397260273972,65.75342465753424,58.21917808219178,7.534246575342466
E00088259,143,40,11,29,103,85,18,27.972027972027973,7.6923076923076925,20.27972027972028,72.02797202797203,59.44055944055944,12.587412587412588
E00088260,114,33,12,21,81,61,20,28.947368421052634,10.526315789473683,18.421052631578945,71.05263157894737,53.50877192982456,17.543859649122805
E00088261,155,39,19,20,116,98,18,25.161290322580644,12.258064516129032,12.903225806451612,74.83870967741936,63.2258064516129,11.612903225806452
E00088262,227,51,18,33,176,141,35,22.46696035242291,7.929515418502203,14.537444933920703,77.5330396475771,62.11453744493392,15.418502202643172
E00088263,144,37,7,30,107,96,11,25.694444444444443,4.861111111111112,20.833333333333336,74.30555555555556,66.66666666666666,7.638888888888889
E00088264,195,60,20,40,135,107,28,30.76923076923077,10.256410256410255,20.51282051282051,69.23076923076923,54.871794871794876,14.358974358974358
E00088265,167,43,18,25,124,98,26,25.748502994011975,10.778443113772456,14.97005988023952,74.25149700598801,58.68263473053892,15.568862275449103
E00088266,198,53,23,30,145,103,42,26.767676767676768,11.616161616161616,15.151515151515152,73.23232323232324,52.02020202020202,21.21212121212121
E00088267,167,48,22,26,119,94,25,28.74251497005988,13.17365269461078,15.568862275449103,71.25748502994011,56.287425149700596,14.97005988023952
E00088268,131,32,16,16,99,74,25,24.427480916030532,12.213740458015266,12.213740458015266,75.57251908396947,56.48854961832062,19.083969465648856
E00088269,136,36,15,21,100,82,18,26.47058823529412,11.029411764705882,15.441176470588236,73.52941176470588,60.29411764705882,13.23529411764706
E00088270,134,45,17,28,89,73,16,33.582089552238806,12.686567164179104,20.8955223880597,66.4179104477612,54.47761194029851,11.940298507462686
E00088271,127,39,10,29,88,75,13,30.708661417322837,7.874015748031496,22.83464566929134,69.29133858267717,59.055118110236215,10.236220472440944
E00088272,125,31,10,21,94,76,18,24.8,8,16.8,75.2,60.8,14.399999999999999
E00088273,117,43,19,24,74,60,14,36.75213675213676,16.23931623931624,20.51282051282051,63.24786324786324,51.28205128205128,11.965811965811966
E00088274,131,27,15,12,104,90,14,20.610687022900763,11.450381679389313,9.16030534351145,79.38931297709924,68.70229007633588,10.687022900763358
E00088275,141,35,20,15,106,92,14,24.822695035460992,14.184397163120568,10.638297872340425,75.177304964539,65.24822695035462,9.929078014184398
E00088276,149,26,16,10,123,103,20,17.449664429530202,10.738255033557047,6.7114093959731544,82.5503355704698,69.12751677852349,13.422818791946309
E00088277,142,42,17,25,100,83,17,29.577464788732392,11.971830985915492,17.6056338028169,70.4225352112676,58.45070422535211,11.971830985915492
E00088278,99,23,8,15,76,60,16,23.232323232323232,8.080808080808081,15.151515151515152,76.76767676767676,60.60606060606061,16.161616161616163
E00088279,163,35,13,22,128,108,20,21.472392638036812,7.975460122699387,13.496932515337424,78.52760736196319,66.25766871165644,12.269938650306749
E00088280,100,28,6,22,72,59,13,28.000000000000004,6,22,72,59,13
E00088281,122,31,10,21,91,74,17,25.40983606557377,8.19672131147541,17.21311475409836,74.59016393442623,60.65573770491803,13.934426229508196
E00088282,241,55,24,31,186,160,26,22.821576763485478,9.95850622406639,12.863070539419086,77.17842323651453,66.39004149377593,10.78838174273859
E00088283,232,50,22,28,182,147,35,21.551724137931032,9.482758620689655,12.068965517241379,78.44827586206897,63.36206896551724,15.086206896551724
E00088285,249,86,34,52,163,131,32,34.53815261044177,13.654618473895583,20.883534136546185,65.46184738955823,52.610441767068274,12.851405622489958
E00088286,180,54,20,34,126,99,27,30,11.11111111111111,18.88888888888889,70,55.00000000000001,15
E00088288,166,38,11,27,128,110,18,22.89156626506024,6.626506024096386,16.265060240963855,77.10843373493977,66.26506024096386,10.843373493975903
E00088289,220,57,20,37,163,139,24,25.90909090909091,9.090909090909092,16.818181818181817,74.0909090909091,63.18181818181819,10.909090909090908
E00088290,97,25,8,17,72,63,9,25.773195876288657,8.24742268041237,17.525773195876287,74.22680412371135,64.94845360824742,9.278350515463918
E00088291,324,86,32,54,238,201,37,26.543209876543212,9.876543209876543,16.666666666666664,73.4567901234568,62.03703703703704,11.419753086419753
E00088293,152,51,14,37,101,93,8,33.55263157894737,9.210526315789473,24.342105263157894,66.44736842105263,61.18421052631579,5.263157894736842
E00088294,171,52,21,31,119,97,22,30.409356725146196,12.280701754385964,18.128654970760234,69.5906432748538,56.72514619883041,12.865497076023392
E00088295,171,49,17,32,122,104,18,28.654970760233915,9.941520467836257,18.71345029239766,71.34502923976608,60.81871345029239,10.526315789473683
E00088296,139,46,13,33,93,83,10,33.093525179856115,9.352517985611511,23.741007194244602,66.90647482014388,59.71223021582733,7.1942446043165464
E00088297,108,34,12,22,74,66,8,31.48148148148148,11.11111111111111,20.37037037037037,68.51851851851852,61.111111111111114,7.4074074074074066
E00088298,136,34,15,19,102,85,17,25,11.029411764705882,13.970588235294118,75,62.5,12.5
E00088299,105,40,14,26,65,52,13,38.095238095238095,13.333333333333334,24.761904761904763,61.904761904761905,49.523809523809526,12.380952380952381
E00088300,114,41,12,29,73,73,0,35.96491228070175,10.526315789473683,25.438596491228072,64.03508771929825,64.03508771929825,0
E00088301,166,59,17,42,107,92,15,35.54216867469879,10.240963855421686,25.301204819277107,64.45783132530121,55.42168674698795,9.036144578313253
E00088302,130,46,13,33,84,73,11,35.38461538461539,10,25.384615384615383,64.61538461538461,56.15384615384615,8.461538461538462
E00088303,160,48,14,34,112,103,9,30,8.75,21.25,70,64.375,5.625
E00088304,150,42,15,27,108,100,8,28.000000000000004,10,18,72,66.66666666666666,5.333333333333334
E00088305,130,50,17,33,80,73,7,38.46153846153847,13.076923076923078,25.384615384615383,61.53846153846154,56.15384615384615,5.384615384615385
E00088306,130,28,6,22,102,88,14,21.53846153846154,4.615384615384616,16.923076923076923,78.46153846153847,67.6923076923077,10.76923076923077
E00088307,58,19,5,14,39,33,6,32.758620689655174,8.620689655172415,24.137931034482758,67.24137931034483,56.896551724137936,10.344827586206897
E00088308,119,37,11,26,82,74,8,31.092436974789916,9.243697478991598,21.84873949579832,68.90756302521008,62.18487394957983,6.722689075630252
E00088309,144,46,15,31,98,85,13,31.944444444444443,10.416666666666668,21.52777777777778,68.05555555555556,59.02777777777778,9.027777777777777
E00088310,152,50,17,33,102,92,10,32.89473684210527,11.18421052631579,21.710526315789476,67.10526315789474,60.526315789473685,6.578947368421052
E00088311,169,52,16,36,117,113,4,30.76923076923077,9.467455621301776,21.301775147928996,69.23076923076923,66.86390532544378,2.366863905325444
E00088312,119,35,8,27,84,74,10,29.411764705882355,6.722689075630252,22.689075630252102,70.58823529411765,62.18487394957983,8.403361344537815
E00088313,162,53,20,33,109,90,19,32.71604938271605,12.345679012345679,20.37037037037037,67.28395061728395,55.55555555555556,11.728395061728394
E00088314,153,42,16,26,111,98,13,27.450980392156865,10.457516339869281,16.99346405228758,72.54901960784314,64.05228758169935,8.49673202614379
E00088315,169,48,23,25,121,107,14,28.402366863905325,13.609467455621301,14.792899408284024,71.59763313609467,63.31360946745562,8.284023668639055
E00088316,148,40,7,33,108,101,7,27.027027027027028,4.72972972972973,22.2972972972973,72.97297297297297,68.24324324324324,4.72972972972973
E00088317,111,39,11,28,72,64,8,35.13513513513514,9.90990990990991,25.225225225225223,64.86486486486487,57.65765765765766,7.207207207207207
E00088318,140,38,12,26,102,85,17,27.142857142857142,8.571428571428571,18.571428571428573,72.85714285714285,60.71428571428571,12.142857142857142
E00088319,154,50,19,31,104,97,7,32.467532467532465,12.337662337662337,20.12987012987013,67.53246753246754,62.98701298701299,4.545454545454546
E00088320,131,35,5,30,96,82,14,26.717557251908396,3.816793893129771,22.900763358778626,73.2824427480916,62.59541984732825,10.687022900763358
E00088321,152,45,12,33,107,96,11,29.605263157894733,7.894736842105263,21.710526315789476,70.39473684210526,63.1578947368421,7.236842105263158
E00088322,131,50,15,35,81,70,11,38.16793893129771,11.450381679389313,26.717557251908396,61.832061068702295,53.43511450381679,8.396946564885496
E00088324,158,36,11,25,122,89,33,22.78481012658228,6.962025316455696,15.822784810126583,77.21518987341773,56.32911392405063,20.88607594936709
E00088325,102,25,10,15,77,65,12,24.509803921568626,9.803921568627452,14.705882352941178,75.49019607843137,63.725490196078425,11.76470588235294
E00088326,124,36,15,21,88,77,11,29.03225806451613,12.096774193548388,16.93548387096774,70.96774193548387,62.096774193548384,8.870967741935484
E00088327,259,70,29,41,189,144,45,27.027027027027028,11.196911196911197,15.83011583011583,72.97297297297297,55.5984555984556,17.374517374517374
E00088328,167,40,12,28,127,102,25,23.952095808383234,7.18562874251497,16.766467065868262,76.04790419161677,61.07784431137725,14.97005988023952
E00088329,215,77,39,38,138,102,36,35.81395348837209,18.13953488372093,17.674418604651162,64.18604651162791,47.44186046511628,16.74418604651163
E00088330,195,44,21,23,151,122,29,22.564102564102566,10.76923076923077,11.794871794871794,77.435897435897445,62.56410256410256,14.871794871794872
E00088331,140,50,24,26,90,75,15,35.714285714285715,17.142857142857142,18.571428571428573,64.28571428571429,53.57142857142857,10.714285714285714
E00088332,151,50,13,37,101,84,17,33.11258278145696,8.609271523178808,24.503311258278146,66.88741721854305,55.62913907284768,11.258278145695364
E00088333,119,39,14,25,80,60,20,32.773109243697476,11.76470588235294,21.008403361344538,67.22689075630252,50.42016806722689,16.80672268907563
E00088334,86,26,13,13,60,43,17,30.23255813953488,15.11627906976744,15.11627906976744,69.76744186046511,50,19.767441860465116
E00088336,109,33,14,19,76,52,24,30.275229357798167,12.844036697247708,17.431192660550458,69.72477064220183,47.706422018348626,22.018348623853214
E00088337,166,47,15,32,119,87,32,28.313253012048197,9.036144578313253,19.27710843373494,71.6867469879518,52.40963855421686,19.27710843373494
E00088338,191,65,26,39,126,100,26,34.031413612565444,13.612565445026178,20.418848167539267,65.96858638743456,52.35602094240838,13.612565445026178
E00088340,176,56,24,32,120,98,22,31.818181818181817,13.636363636363635,18.181818181818183,68.18181818181817,55.68181818181818,12.5
E00088341,177,48,21,27,129,95,34,27.11864406779661,11.864406779661017,15.254237288135593,72.88135593220339,53.672316384180796,19.2090395480226
E00088342,106,28,10,18,78,72,6,26.41509433962264,9.433962264150944,16.9811320754717,73.58490566037736,67.9245283018868,5.660377358490567
E00088343,138,27,11,16,111,85,26,19.565217391304348,7.971014492753622,11.594202898550725,80.43478260869566,61.59420289855072,18.84057971014493
E00088344,139,33,12,21,106,85,21,23.741007194244602,8.633093525179856,15.107913669064748,76.2589928057554,61.15107913669065,15.107913669064748
E00088345,26,4,2,2,22,20,2,15.384615384615385,7.6923076923076925,7.6923076923076925,84.61538461538461,76.92307692307693,7.6923076923076925
E00088346,90,35,14,21,55,48,7,38.88888888888889,15.555555555555555,23.333333333333332,61.111111111111114,53.333333333333336,7.777777777777778
E00088347,106,24,9,15,82,66,16,22.641509433962266,8.49056603773585,14.150943396226415,77.35849056603774,62.264150943396224,15.09433962264151
E00088348,135,35,11,24,100,79,21,25.925925925925924,8.148148148148149,17.77777777777778,74.07407407407408,58.51851851851851,15.555555555555555
E00088350,161,33,7,26,128,118,10,20.496894409937887,4.3478260869565215,16.149068322981368,79.5031055900621,73.29192546583852,6.211180124223603
E00088352,104,18,11,7,86,76,10,17.307692307692307,10.576923076923077,6.730769230769231,82.6923076923077,73.07692307692307,9.615384615384617
E00088353,177,43,20,23,134,113,21,24.293785310734464,11.299435028248588,12.994350282485875,75.70621468926554,63.84180790960452,11.864406779661017
E00088354,173,42,18,24,131,112,19,24.277456647398843,10.404624277456648,13.872832369942195,75.72254335260115,64.73988439306359,10.982658959537572
E00088355,155,36,12,24,119,107,12,23.225806451612904,7.741935483870968,15.483870967741936,76.77419354838709,69.03225806451613,7.741935483870968
E00088356,130,33,12,21,97,77,20,25.384615384615383,9.230769230769232,16.153846153846153,74.61538461538461,59.23076923076923,15.384615384615385
E00088357,114,11,4,7,103,93,10,9.649122807017543,3.508771929824561,6.140350877192982,90.35087719298247,81.57894736842105,8.771929824561402
E00088358,124,29,10,19,95,85,10,23.387096774193548,8.064516129032258,15.32258064516129,76.61290322580645,68.54838709677419,8.064516129032258
E00088359,143,46,14,32,97,83,14,32.16783216783217,9.79020979020979,22.377622377622377,67.83216783216784,58.04195804195804,9.79020979020979
E00088360,174,53,17,36,121,102,19,30.45977011494253,9.770114942528735,20.689655172413794,69.54022988505747,58.620689655172406,10.919540229885058
E00088361,145,33,10,23,112,93,19,22.758620689655174,6.896551724137931,15.862068965517242,77.24137931034483,64.13793103448275,13.10344827586207
E00088362,169,51,15,36,118,98,20,30.17751479289941,8.875739644970414,21.301775147928996,69.8224852071006,57.98816568047337,11.834319526627219
E00088363,155,37,16,21,118,99,19,23.870967741935484,10.32258064516129,13.548387096774196,76.12903225806451,63.87096774193548,12.258064516129032
E00088364,149,47,15,32,102,87,15,31.543624161073826,10.06711409395973,21.476510067114095,68.45637583892618,58.38926174496645,10.06711409395973
E00088365,172,41,13,28,131,114,17,23.837209302325583,7.55813953488372,16.27906976744186,76.16279069767442,66.27906976744185,9.883720930232558
E00088366,103,28,11,17,75,66,9,27.184466019417474,10.679611650485436,16.50485436893204,72.81553398058253,64.07766990291263,8.737864077669903
E00088367,94,24,15,9,70,60,10,25.53191489361702,15.957446808510639,9.574468085106384,74.46808510638297,63.829787234042556,10.638297872340425
E00088368,140,37,18,19,103,93,10,26.42857142857143,12.857142857142856,13.571428571428571,73.57142857142858,66.42857142857143,7.142857142857142
E00088369,167,40,14,26,127,106,21,23.952095808383234,8.383233532934131,15.568862275449103,76.04790419161677,63.47305389221557,12.574850299401197
E00088370,32,11,7,4,21,17,4,34.375,21.875,12.5,65.625,53.125,12.5
E00088371,165,45,21,24,120,107,13,27.27272727272727,12.727272727272727,14.545454545454545,72.72727272727273,64.84848484848484,7.878787878787878
E00088372,41,16,9,7,25,22,3,39.02439024390244,21.951219512195124,17.073170731707318,60.97560975609756,53.65853658536586,7.317073170731707
E00088373,153,49,12,37,104,78,26,32.02614379084967,7.8431372549019605,24.183006535947712,67.97385620915033,50.98039215686274,16.99346405228758
E00088374,288,74,24,50,214,171,43,25.694444444444443,8.333333333333332,17.36111111111111,74.30555555555556,59.375,14.930555555555555
E00088375,222,80,30,50,142,104,38,36.03603603603604,13.513513513513514,22.52252252252252,63.96396396396396,46.846846846846844,17.117117117117118
E00088376,184,59,23,36,125,100,25,32.065217391304344,12.5,19.565217391304348,67.93478260869566,54.347826086956516,13.586956521739129
E00088377,140,46,22,24,94,67,27,32.857142857142854,15.714285714285714,17.142857142857142,67.14285714285714,47.85714285714286,19.28571428571429
E00088378,216,69,28,41,147,112,35,31.944444444444443,12.962962962962962,18.98148148148148,68.05555555555556,51.85185185185185,16.203703703703702
E00088379,164,48,18,30,116,92,24,29.268292682926827,10.975609756097562,18.29268292682927,70.73170731707317,56.09756097560976,14.634146341463413
E00088380,128,37,13,24,91,80,11,28.90625,10.15625,18.75,71.09375,62.5,8.59375
E00088381,150,42,11,31,108,87,21,28.000000000000004,7.333333333333333,20.666666666666668,72,57.99999999999999,14.000000000000002
E00088382,208,41,16,25,167,152,15,19.71153846153846,7.6923076923076925,12.01923076923077,80.28846153846155,73.07692307692307,7.211538461538461
E00088383,169,33,12,21,136,122,14,19.526627218934912,7.100591715976331,12.42603550295858,80.4733727810651,72.18934911242604,8.284023668639055
E00088384,151,43,12,31,108,98,10,28.47682119205298,7.9470198675496695,20.52980132450331,71.52317880794702,64.90066225165563,6.622516556291391
E00088385,187,53,18,35,134,117,17,28.342245989304814,9.62566844919786,18.71657754010695,71.65775401069519,62.56684491978609,9.090909090909092
E00088386,151,54,17,37,97,84,13,35.76158940397351,11.258278145695364,24.503311258278146,64.23841059602648,55.62913907284768,8.609271523178808
E00088387,199,57,16,41,142,126,16,28.643216080402013,8.040201005025125,20.603015075376884,71.35678391959799,63.31658291457286,8.040201005025125
E00088388,182,51,19,32,131,109,22,28.021978021978022,10.43956043956044,17.582417582417584,71.97802197802197,59.89010989010989,12.087912087912088
E00088389,183,45,14,31,138,125,13,24.59016393442623,7.650273224043716,16.939890710382514,75.40983606557377,68.30601092896174,7.103825136612022
E00088390,184,58,24,34,126,119,7,31.521739130434785,13.043478260869565,18.478260869565215,68.47826086956522,64.67391304347827,3.804347826086957
E00088391,118,22,7,15,96,77,19,18.64406779661017,5.932203389830509,12.711864406779661,81.35593220338984,65.2542372881356,16.101694915254235
E00088392,160,56,13,43,104,96,8,35,8.125,26.875,65,60,5
E00088393,150,34,12,22,116,101,15,22.666666666666664,8,14.666666666666666,77.33333333333333,67.33333333333333,10
E00088394,203,54,9,45,149,134,15,26.60098522167488,4.433497536945813,22.167487684729064,73.39901477832512,66.00985221674877,7.389162561576355
E00088395,171,51,19,32,120,103,17,29.82456140350877,11.11111111111111,18.71345029239766,70.17543859649122,60.23391812865497,9.941520467836257
E00088396,89,28,10,18,61,55,6,31.46067415730337,11.235955056179774,20.224719101123593,68.53932584269663,61.79775280898876,6.741573033707865
E00088397,168,53,13,40,115,107,8,31.547619047619047,7.738095238095238,23.809523809523807,68.45238095238095,63.69047619047619,4.761904761904762
E00088398,150,39,12,27,111,94,17,26,8,18,74,62.66666666666667,11.333333333333332
E00088399,183,52,15,37,131,111,20,28.415300546448087,8.19672131147541,20.21857923497268,71.58469945355192,60.65573770491803,10.92896174863388
E00088400,175,53,17,36,122,105,17,30.28571428571429,9.714285714285714,20.57142857142857,69.71428571428572,60,9.714285714285714
E00088401,218,67,21,46,151,132,19,30.73394495412844,9.63302752293578,21.100917431192663,69.26605504587155,60.550458715596335,8.715596330275229
E00088402,154,48,13,35,106,96,10,31.16883116883117,8.441558441558442,22.727272727272727,68.83116883116884,62.33766233766234,6.493506493506493
E00088403,159,60,16,44,99,87,12,37.735849056603776,10.062893081761008,27.67295597484277,62.264150943396224,54.71698113207547,7.547169811320755
E00088404,160,43,18,25,117,102,15,26.875,11.25,15.625,73.125,63.74999999999999,9.375
E00088405,103,26,7,19,77,63,14,25.24271844660194,6.796116504854369,18.446601941747574,74.75728155339806,61.165048543689316,13.592233009708737
E00088406,178,48,17,31,130,116,14,26.96629213483146,9.550561797752808,17.415730337078653,73.03370786516854,65.1685393258427,7.865168539325842
E00088407,200,73,19,54,127,113,14,36.5,9.5,27,63.5,56.49999999999999,7.000000000000001
E00088410,185,46,16,30,139,112,27,24.864864864864867,8.64864864864865,16.216216216216218,75.13513513513513,60.54054054054055,14.594594594594595
E00088411,209,54,20,34,155,136,19,25.837320574162682,9.569377990430622,16.267942583732058,74.16267942583733,65.07177033492823,9.090909090909092
E00088412,148,39,14,25,109,92,17,26.351351351351347,9.45945945945946,16.89189189189189,73.64864864864865,62.16216216216216,11.486486486486488
E00088413,184,55,19,36,129,112,17,29.891304347826086,10.326086956521738,19.565217391304348,70.1086956521739,60.86956521739131,9.239130434782608
E00088414,117,27,7,20,90,80,10,23.076923076923077,5.982905982905983,17.094017094017094,76.92307692307693,68.37606837606837,8.547008547008547
E00088415,69,28,6,22,41,30,11,40.57971014492754,8.695652173913043,31.88405797101449,59.42028985507246,43.47826086956522,15.942028985507244
E00088416,138,40,14,26,98,81,17,28.985507246376812,10.144927536231885,18.84057971014493,71.01449275362319,58.69565217391305,12.318840579710146
E00088417,154,43,17,26,111,93,18,27.92207792207792,11.03896103896104,16.883116883116884,72.07792207792207,60.3896103896104,11.688311688311687
E00088418,167,38,10,28,129,110,19,22.75449101796407,5.9880239520958085,16.766467065868262,77.24550898203593,65.86826347305389,11.377245508982035
E00088419,173,60,15,45,113,99,14,34.68208092485549,8.670520231213873,26.011560693641616,65.3179190751445,57.22543352601156,8.092485549132949
E00088420,188,56,12,44,132,112,20,29.78723404255319,6.382978723404255,23.404255319148938,70.2127659574468,59.57446808510638,10.638297872340425
E00088421,141,48,10,38,93,85,8,34.04255319148936,7.092198581560284,26.95035460992908,65.95744680851064,60.28368794326241,5.673758865248227
E00088422,189,63,21,42,126,116,10,33.33333333333333,11.11111111111111,22.22222222222222,66.66666666666666,61.37566137566137,5.291005291005291
E00088423,179,36,13,23,143,125,18,20.11173184357542,7.262569832402235,12.849162011173185,79.88826815642457,69.83240223463687,10.05586592178771
E00088424,193,49,12,37,144,120,24,25.38860103626943,6.217616580310881,19.170984455958546,74.61139896373057,62.17616580310881,12.435233160621761
E00088426,122,37,21,16,85,70,15,30.327868852459016,17.21311475409836,13.114754098360656,69.67213114754098,57.377049180327866,12.295081967213115
E00088427,174,54,16,38,120,102,18,31.03448275862069,9.195402298850574,21.839080459770116,68.96551724137932,58.620689655172406,10.344827586206897
E00088428,183,44,19,25,139,126,13,24.043715846994534,10.382513661202186,13.661202185792352,75.95628415300546,68.85245901639344,7.103825136612022
E00088429,145,44,19,25,101,88,13,30.344827586206897,13.10344827586207,17.24137931034483,69.6551724137931,60.689655172413794,8.96551724137931
E00088430,167,47,20,27,120,105,15,28.143712574850298,11.976047904191617,16.16766467065868,71.8562874251497,62.874251497005986,8.982035928143713
E00088431,184,58,14,44,126,107,19,31.521739130434785,7.608695652173914,23.91304347826087,68.47826086956522,58.152173913043484,10.326086956521738
E00088432,147,34,8,26,113,96,17,23.12925170068027,5.442176870748299,17.687074829931973,76.87074829931973,65.3061224489796,11.564625850340136
E00088433,173,47,19,28,126,117,9,27.167630057803464,10.982658959537572,16.184971098265898,72.83236994219652,67.63005780346822,5.202312138728324
E00088434,158,52,23,29,106,95,11,32.91139240506329,14.556962025316455,18.354430379746837,67.08860759493672,60.12658227848101,6.962025316455696
E00088435,218,61,24,37,157,133,24,27.981651376146786,11.009174311926607,16.972477064220186,72.01834862385321,61.00917431192661,11.009174311926607
E00088436,129,34,12,22,95,86,9,26.356589147286826,9.30232558139535,17.05426356589147,73.64341085271317,66.66666666666666,6.976744186046512
E00088437,157,43,11,32,114,103,11,27.388535031847134,7.006369426751593,20.382165605095544,72.61146496815286,65.60509554140127,7.006369426751593
E00088438,192,48,13,35,144,122,22,25,6.770833333333333,18.229166666666664,75,63.541666666666664,11.458333333333332
E00088439,145,44,9,35,101,91,10,30.344827586206897,6.206896551724138,24.137931034482758,69.6551724137931,62.758620689655174,6.896551724137931
E00088440,138,36,10,26,102,94,8,26.08695652173913,7.246376811594203,18.84057971014493,73.91304347826086,68.11594202898551,5.797101449275362
E00088441,158,53,19,34,105,91,14,33.54430379746836,12.025316455696203,21.518987341772153,66.45569620253164,57.59493670886076,8.860759493670885
E00088442,114,25,9,16,89,68,21,21.929824561403507,7.894736842105263,14.035087719298245,78.0701754385965,59.64912280701754,18.421052631578945
E00088443,141,32,10,22,109,94,15,22.69503546099291,7.092198581560284,15.602836879432624,77.30496453900709,66.66666666666666,10.638297872340425
E00088444,172,62,33,29,110,97,13,36.04651162790697,19.186046511627907,16.86046511627907,63.95348837209303,56.395348837209305,7.55813953488372
E00088445,159,47,11,36,112,100,12,29.559748427672954,6.918238993710692,22.641509433962266,70.44025157232704,62.893081761006286,7.547169811320755
E00088446,133,55,18,37,78,71,7,41.35338345864661,13.533834586466165,27.819548872180448,58.64661654135338,53.383458646616546,5.263157894736842
E00088447,279,50,10,40,229,216,13,17.921146953405017,3.584229390681003,14.336917562724013,82.07885304659499,77.41935483870968,4.659498207885305
E00088448,132,48,16,32,84,74,10,36.36363636363637,12.121212121212121,24.242424242424242,63.63636363636363,56.060606060606055,7.575757575757576
E00088449,152,42,17,25,110,95,15,27.631578947368425,11.18421052631579,16.447368421052634,72.36842105263158,62.5,9.868421052631579
E00088450,160,57,18,39,103,91,12,35.625,11.25,24.375,64.375,56.875,7.5
E00088451,128,42,14,28,86,70,16,32.8125,10.9375,21.875,67.1875,54.6875,12.5
E00088452,148,45,13,32,103,90,13,30.405405405405407,8.783783783783784,21.62162162162162,69.5945945945946,60.810810810810814,8.783783783783784
E00088453,144,52,14,38,92,78,14,36.11111111111111,9.722222222222223,26.38888888888889,63.888888888888886,54.166666666666664,9.722222222222223
E00088454,190,56,15,41,134,112,22,29.47368421052631,7.894736842105263,21.578947368421055,70.52631578947368,58.94736842105262,11.578947368421053
E00088455,135,27,12,15,108,90,18,20,8.88888888888889,11.11111111111111,80,66.66666666666666,13.333333333333334
E00088456,165,37,13,24,128,112,16,22.424242424242426,7.878787878787878,14.545454545454545,77.57575757575758,67.87878787878789,9.696969696969697
E00088457,145,31,11,20,114,95,19,21.379310344827587,7.586206896551724,13.793103448275861,78.62068965517241,65.51724137931035,13.10344827586207
E00088458,154,50,15,35,104,92,12,32.467532467532465,9.740259740259742,22.727272727272727,67.53246753246754,59.74025974025974,7.792207792207792
E00088459,160,37,18,19,123,111,12,23.125,11.25,11.875,76.875,69.375,7.5
E00088460,161,47,17,30,114,97,17,29.19254658385093,10.559006211180124,18.633540372670808,70.80745341614907,60.24844720496895,10.559006211180124
E00088461,205,65,21,44,140,124,16,31.70731707317073,10.24390243902439,21.463414634146343,68.29268292682927,60.48780487804878,7.804878048780488
E00088462,192,43,10,33,149,130,19,22.395833333333336,5.208333333333334,17.1875,77.60416666666666,67.70833333333334,9.895833333333332
E00088463,254,66,27,39,188,161,27,25.984251968503933,10.62992125984252,15.354330708661418,74.01574803149606,63.38582677165354,10.62992125984252
E00088464,153,37,19,18,116,99,17,24.183006535947712,12.418300653594772,11.76470588235294,75.81699346405229,64.70588235294117,11.11111111111111
E00088465,130,35,10,25,95,87,8,26.923076923076923,7.6923076923076925,19.230769230769234,73.07692307692307,66.92307692307692,6.153846153846154
E00088466,143,41,17,24,102,89,13,28.671328671328673,11.888111888111888,16.783216783216783,71.32867132867133,62.23776223776224,9.090909090909092
E00088467,109,23,10,13,86,77,9,21.100917431192663,9.174311926605505,11.926605504587156,78.89908256880734,70.64220183486239,8.256880733944955
E00088468,167,49,13,36,118,103,15,29.34131736526946,7.784431137724551,21.55688622754491,70.65868263473054,61.67664670658682,8.982035928143713
E00088469,163,39,8,31,124,109,15,23.92638036809816,4.9079754601226995,19.018404907975462,76.07361963190185,66.87116564417178,9.202453987730062
E00088470,213,45,10,35,168,151,17,21.12676056338028,4.694835680751173,16.431924882629108,78.87323943661971,70.89201877934272,7.981220657276995
E00088471,217,70,22,48,147,131,16,32.25806451612903,10.138248847926267,22.119815668202765,67.74193548387096,60.36866359447005,7.373271889400922
E00088472,185,31,6,25,154,138,16,16.756756756756758,3.2432432432432434,13.513513513513514,83.24324324324324,74.5945945945946,8.64864864864865
E00088473,155,32,10,22,123,102,21,20.64516129032258,6.451612903225806,14.193548387096774,79.35483870967742,65.80645161290323,13.548387096774196
E00088474,170,39,12,27,131,110,21,22.941176470588236,7.0588235294117645,15.88235294117647,77.05882352941177,64.70588235294117,12.352941176470589
E00088475,177,47,14,33,130,114,16,26.55367231638418,7.909604519774012,18.64406779661017,73.44632768361582,64.40677966101694,9.03954802259887
E00088476,140,34,11,23,106,94,12,24.285714285714285,7.857142857142857,16.428571428571427,75.71428571428571,67.14285714285714,8.571428571428571
E00088477,218,66,15,51,152,127,25,30.275229357798167,6.8807339449541285,23.394495412844037,69.72477064220183,58.256880733944946,11.46788990825688
E00088478,97,39,12,27,58,53,5,40.20618556701031,12.371134020618557,27.835051546391753,59.79381443298969,54.63917525773196,5.154639175257731
E00088479,169,47,18,29,122,103,19,27.810650887573964,10.650887573964498,17.159763313609467,72.18934911242604,60.946745562130175,11.242603550295858
E00088480,200,61,23,38,139,118,21,30.5,11.5,19,69.5,59,10.5
E00088481,159,45,14,31,114,98,16,28.30188679245283,8.80503144654088,19.49685534591195,71.69811320754717,61.63522012578616,10.062893081761008
E00088482,162,52,19,33,110,90,20,32.098765432098766,11.728395061728394,20.37037037037037,67.90123456790124,55.55555555555556,12.345679012345679
E00088483,163,46,13,33,117,104,13,28.22085889570552,7.975460122699387,20.245398773006134,71.77914110429448,63.80368098159509,7.975460122699387
E00088484,146,43,20,23,103,89,14,29.45205479452055,13.698630136986301,15.753424657534246,70.54794520547945,60.95890410958904,9.58904109589041
E00088485,181,57,20,37,124,103,21,31.491712707182316,11.049723756906078,20.441988950276244,68.50828729281768,56.9060773480663,11.602209944751381
E00088486,173,36,14,22,137,117,20,20.809248554913296,8.092485549132949,12.716763005780345,79.1907514450867,67.63005780346822,11.560693641618498
E00088487,151,36,11,25,115,101,14,23.841059602649008,7.28476821192053,16.55629139072848,76.15894039735099,66.88741721854305,9.271523178807946
E00088488,140,35,14,21,105,95,10,25,10,15,75,67.85714285714286,7.142857142857142
E00088489,160,38,15,23,122,107,15,23.75,9.375,14.374999999999998,76.25,66.875,9.375
E00088490,101,30,9,21,71,58,13,29.7029702970297,8.91089108910891,20.792079207920793,70.29702970297029,57.42574257425742,12.871287128712872
E00088491,198,64,26,38,134,104,30,32.323232323232325,13.131313131313133,19.19191919191919,67.67676767676768,52.52525252525253,15.151515151515152
E00088492,143,40,16,24,103,81,22,27.972027972027973,11.188811188811188,16.783216783216783,72.02797202797203,56.64335664335665,15.384615384615385
E00088493,175,53,19,34,122,104,18,30.28571428571429,10.857142857142858,19.428571428571427,69.71428571428572,59.42857142857143,10.285714285714285
E00088494,183,62,13,49,121,101,20,33.87978142076503,7.103825136612022,26.775956284153008,66.12021857923497,55.19125683060109,10.92896174863388
E00088495,166,53,19,34,113,91,22,31.92771084337349,11.44578313253012,20.481927710843372,68.07228915662651,54.81927710843374,13.253012048192772
E00088496,222,65,22,43,157,135,22,29.27927927927928,9.90990990990991,19.36936936936937,70.72072072072072,60.810810810810814,9.90990990990991
E00088497,146,57,20,37,89,66,23,39.04109589041096,13.698630136986301,25.34246575342466,60.95890410958904,45.20547945205479,15.753424657534246
E00088498,161,54,18,36,107,94,13,33.54037267080746,11.180124223602485,22.36024844720497,66.45962732919256,58.38509316770186,8.074534161490684
E00088499,154,44,10,34,110,90,20,28.57142857142857,6.493506493506493,22.07792207792208,71.42857142857143,58.44155844155844,12.987012987012985
E00088500,88,22,9,13,66,54,12,25,10.227272727272728,14.772727272727273,75,61.36363636363637,13.636363636363635
E00088501,127,28,6,22,99,87,12,22.04724409448819,4.724409448818897,17.322834645669293,77.95275590551181,68.50393700787401,9.448818897637794
E00088502,89,33,14,19,56,51,5,37.07865168539326,15.730337078651685,21.34831460674157,62.92134831460674,57.30337078651685,5.617977528089887
E00088503,125,37,11,26,88,74,14,29.599999999999998,8.799999999999999,20.8,70.39999999999999,59.199999999999996,11.200000000000001
E00088504,122,32,12,20,90,83,7,26.229508196721312,9.836065573770492,16.39344262295082,73.77049180327869,68.0327868852459,5.737704918032787
E00088505,153,39,14,25,114,100,14,25.49019607843137,9.15032679738562,16.33986928104575,74.50980392156863,65.359477124183,9.15032679738562
E00088506,121,44,18,26,77,63,14,36.36363636363637,14.87603305785124,21.487603305785125,63.63636363636363,52.066115702479344,11.570247933884298
E00088507,130,40,15,25,90,80,10,30.76923076923077,11.538461538461538,19.230769230769234,69.23076923076923,61.53846153846154,7.6923076923076925
E00088508,146,44,14,30,102,77,25,30.136986301369863,9.58904109589041,20.54794520547945,69.86301369863014,52.73972602739726,17.123287671232877
E00088509,168,63,28,35,105,89,16,37.5,16.666666666666664,20.833333333333336,62.5,52.976190476190474,9.523809523809524
E00088510,139,41,16,25,98,87,11,29.496402877697843,11.510791366906476,17.985611510791365,70.50359712230215,62.589928057553955,7.913669064748201
E00088511,164,38,10,28,126,109,17,23.170731707317074,6.097560975609756,17.073170731707318,76.82926829268293,66.46341463414635,10.365853658536585
E00088512,142,47,20,27,95,79,16,33.098591549295776,14.084507042253522,19.014084507042252,66.90140845070422,55.633802816901415,11.267605633802818
E00088513,178,47,15,32,131,115,16,26.40449438202247,8.426966292134832,17.97752808988764,73.59550561797754,64.60674157303372,8.98876404494382
E00088514,178,57,26,31,121,100,21,32.02247191011236,14.606741573033707,17.415730337078653,67.97752808988764,56.17977528089888,11.797752808988763
E00088515,136,44,20,24,92,78,14,32.35294117647059,14.705882352941178,17.647058823529413,67.64705882352942,57.35294117647059,10.294117647058822
E00088516,131,45,19,26,86,79,7,34.35114503816794,14.50381679389313,19.84732824427481,65.64885496183206,60.30534351145038,5.343511450381679
E00088517,150,39,16,23,111,93,18,26,10.666666666666668,15.333333333333332,74,62,12
E00088518,133,45,20,25,88,75,13,33.83458646616541,15.037593984962406,18.796992481203006,66.16541353383458,56.390977443609025,9.774436090225564
E00088519,74,31,8,23,43,40,3,41.891891891891895,10.81081081081081,31.08108108108108,58.108108108108105,54.054054054054056,4.054054054054054
E00088520,129,36,17,19,93,87,6,27.906976744186046,13.178294573643413,14.728682170542637,72.09302325581395,67.44186046511628,4.651162790697675
E00088521,149,27,9,18,122,103,19,18.120805369127517,6.0402684563758395,12.080536912751679,81.87919463087249,69.12751677852349,12.751677852348994
E00088522,142,39,19,20,103,85,18,27.464788732394368,13.380281690140844,14.084507042253522,72.53521126760563,59.859154929577464,12.676056338028168
E00088523,121,36,14,22,85,72,13,29.75206611570248,11.570247933884298,18.181818181818183,70.24793388429752,59.50413223140496,10.743801652892563
E00088524,151,66,16,50,85,72,13,43.70860927152318,10.596026490066226,33.11258278145696,56.29139072847682,47.682119205298015,8.609271523178808
E00088526,175,61,20,41,114,105,9,34.85714285714286,11.428571428571429,23.42857142857143,65.14285714285715,60,5.142857142857142
E00088527,185,76,23,53,109,96,13,41.08108108108108,12.432432432432433,28.64864864864865,58.91891891891892,51.891891891891895,7.027027027027027
E00088528,119,55,17,38,64,56,8,46.21848739495798,14.285714285714285,31.932773109243694,53.78151260504202,47.05882352941176,6.722689075630252
E00088529,163,61,18,43,102,89,13,37.423312883435585,11.042944785276074,26.380368098159508,62.57668711656442,54.601226993865026,7.975460122699387
E00088531,115,50,12,38,65,59,6,43.47826086956522,10.434782608695652,33.04347826086956,56.52173913043478,51.30434782608696,5.217391304347826
E00088532,209,85,26,59,124,110,14,40.66985645933015,12.440191387559809,28.22966507177033,59.33014354066985,52.63157894736842,6.698564593301436
E00088533,160,43,15,28,117,101,16,26.875,9.375,17.5,73.125,63.125,10
E00088534,188,65,24,41,123,111,12,34.57446808510639,12.76595744680851,21.808510638297875,65.42553191489363,59.04255319148937,6.382978723404255
E00088535,145,43,11,32,102,91,11,29.655172413793103,7.586206896551724,22.06896551724138,70.34482758620689,62.758620689655174,7.586206896551724
E00088536,200,77,27,50,123,103,20,38.5,13.5,25,61.5,51.5,10
E00088537,178,82,43,39,96,85,11,46.06741573033708,24.15730337078652,21.910112359550563,53.93258426966292,47.752808988764045,6.179775280898876
E00088538,167,70,20,50,97,91,6,41.91616766467065,11.976047904191617,29.94011976047904,58.08383233532935,54.49101796407185,3.592814371257485
E00088540,185,60,27,33,125,108,17,32.432432432432435,14.594594594594595,17.83783783783784,67.56756756756756,58.37837837837838,9.18918918918919
E00088541,127,48,18,30,79,68,11,37.79527559055118,14.173228346456693,23.62204724409449,62.20472440944882,53.54330708661418,8.661417322834646
E00088542,196,71,33,38,125,115,10,36.224489795918366,16.83673469387755,19.387755102040817,63.775510204081634,58.673469387755105,5.1020408163265305
E00088543,164,49,20,29,115,98,17,29.878048780487802,12.195121951219512,17.682926829268293,70.1219512195122,59.756097560975604,10.365853658536585
E00088544,182,47,25,22,135,98,37,25.82417582417583,13.736263736263737,12.087912087912088,74.17582417582418,53.84615384615385,20.32967032967033
E00088545,184,55,23,32,129,95,34,29.891304347826086,12.5,17.391304347826086,70.1086956521739,51.63043478260869,18.478260869565215
E00088546,195,62,32,30,133,100,33,31.794871794871792,16.41025641025641,15.384615384615385,68.2051282051282,51.28205128205128,16.923076923076923
E00088547,111,34,16,18,77,53,24,30.630630630630627,14.414414414414415,16.216216216216218,69.36936936936937,47.74774774774775,21.62162162162162
E00088548,124,45,23,22,79,64,15,36.29032258064516,18.548387096774192,17.741935483870968,63.70967741935484,51.61290322580645,12.096774193548388
E00088549,194,70,28,42,124,100,24,36.08247422680412,14.432989690721648,21.649484536082475,63.91752577319587,51.546391752577314,12.371134020618557
E00088550,187,61,25,36,126,104,22,32.62032085561498,13.368983957219251,19.25133689839572,67.37967914438502,55.61497326203209,11.76470588235294
E00088551,131,40,15,25,91,79,12,30.53435114503817,11.450381679389313,19.083969465648856,69.46564885496184,60.30534351145038,9.16030534351145
E00088552,53,13,6,7,40,36,4,24.528301886792452,11.320754716981133,13.20754716981132,75.47169811320755,67.9245283018868,7.547169811320755
E00088553,223,69,27,42,154,109,45,30.94170403587444,12.10762331838565,18.83408071748879,69.05829596412556,48.87892376681614,20.179372197309416
E00088554,229,72,25,47,157,117,40,31.4410480349345,10.91703056768559,20.52401746724891,68.5589519650655,51.09170305676856,17.46724890829694
E00088555,164,41,16,25,123,95,28,25,9.75609756097561,15.24390243902439,75,57.92682926829268,17.073170731707318
E00088556,153,38,17,21,115,91,24,24.836601307189543,11.11111111111111,13.725490196078432,75.16339869281046,59.47712418300654,15.686274509803921
E00088557,230,71,28,43,159,121,38,30.869565217391305,12.173913043478262,18.695652173913043,69.1304347826087,52.60869565217391,16.52173913043478
E00088558,159,35,18,17,124,104,20,22.0125786163522,11.320754716981133,10.69182389937107,77.9874213836478,65.40880503144653,12.578616352201259
E00088559,193,57,21,36,136,108,28,29.533678756476682,10.880829015544041,18.65284974093264,70.46632124352331,55.95854922279793,14.507772020725387
E00088560,189,55,25,30,134,85,49,29.100529100529098,13.227513227513226,15.873015873015872,70.8994708994709,44.97354497354497,25.925925925925924
E00088561,127,35,14,21,92,80,12,27.559055118110237,11.023622047244094,16.535433070866144,72.44094488188976,62.99212598425197,9.448818897637794
E00088562,193,62,19,43,131,87,44,32.12435233160622,9.844559585492227,22.279792746113987,67.87564766839378,45.07772020725388,22.797927461139896
E00088563,102,34,14,20,68,55,13,33.33333333333333,13.725490196078432,19.607843137254903,66.66666666666666,53.92156862745098,12.745098039215685
E00088564,144,40,18,22,104,76,28,27.77777777777778,12.5,15.277777777777779,72.22222222222221,52.77777777777778,19.444444444444446
E00088565,179,56,17,39,123,98,25,31.28491620111732,9.497206703910614,21.787709497206702,68.71508379888269,54.7486033519553,13.966480446927374
E00088567,110,30,15,15,80,66,14,27.27272727272727,13.636363636363635,13.636363636363635,72.72727272727273,60,12.727272727272727
E00088568,79,19,8,11,60,47,13,24.050632911392405,10.126582278481013,13.924050632911392,75.9493670886076,59.49367088607595,16.455696202531644
E00088569,112,28,9,19,84,77,7,25,8.035714285714286,16.964285714285715,75,68.75,6.25
E00088570,172,46,17,29,126,99,27,26.744186046511626,9.883720930232558,16.86046511627907,73.25581395348837,57.55813953488372,15.69767441860465
E00088571,149,41,17,24,108,86,22,27.516778523489933,11.409395973154362,16.10738255033557,72.48322147651007,57.71812080536913,14.76510067114094
E00088572,136,29,6,23,107,90,17,21.323529411764707,4.411764705882353,16.911764705882355,78.67647058823529,66.17647058823529,12.5
E00088573,167,57,27,30,110,83,27,34.13173652694611,16.16766467065868,17.964071856287426,65.86826347305389,49.700598802395206,16.16766467065868
E00088574,198,53,27,26,145,106,39,26.767676767676768,13.636363636363635,13.131313131313133,73.23232323232324,53.535353535353536,19.696969696969695
E00088575,127,44,15,29,83,61,22,34.645669291338585,11.811023622047244,22.83464566929134,65.35433070866141,48.031496062992126,17.322834645669293
E00088576,151,45,16,29,106,82,24,29.80132450331126,10.596026490066226,19.205298013245034,70.19867549668875,54.3046357615894,15.894039735099339
E00088577,115,41,19,22,74,66,8,35.65217391304348,16.52173913043478,19.130434782608695,64.34782608695652,57.391304347826086,6.956521739130435
E00088578,145,48,20,28,97,75,22,33.10344827586207,13.793103448275861,19.310344827586206,66.89655172413794,51.724137931034484,15.172413793103448
E00088579,171,32,11,21,139,109,30,18.71345029239766,6.432748538011696,12.280701754385964,81.28654970760235,63.74269005847953,17.543859649122805
E00088580,230,42,11,31,188,153,35,18.26086956521739,4.782608695652174,13.478260869565217,81.73913043478261,66.52173913043478,15.217391304347828
E00088581,186,46,17,29,140,113,27,24.731182795698924,9.13978494623656,15.591397849462366,75.26881720430107,60.752688172043015,14.516129032258066
E00088582,170,33,8,25,137,118,19,19.411764705882355,4.705882352941177,14.705882352941178,80.58823529411765,69.41176470588235,11.176470588235295
E00088585,129,39,12,27,90,75,15,30.23255813953488,9.30232558139535,20.930232558139537,69.76744186046511,58.139534883720934,11.627906976744185
E00088587,132,34,11,23,98,78,20,25.757575757575758,8.333333333333332,17.424242424242426,74.24242424242425,59.09090909090909,15.151515151515152
E00088588,59,16,10,6,43,29,14,27.11864406779661,16.94915254237288,10.16949152542373,72.88135593220339,49.152542372881356,23.728813559322035
E00088589,89,25,13,12,64,58,6,28.08988764044944,14.606741573033707,13.48314606741573,71.91011235955057,65.1685393258427,6.741573033707865
E00088590,172,40,13,27,132,110,22,23.25581395348837,7.55813953488372,15.69767441860465,76.74418604651163,63.95348837209303,12.790697674418606
E00088591,177,43,9,34,134,118,16,24.293785310734464,5.084745762711865,19.2090395480226,75.70621468926554,66.66666666666666,9.03954802259887
E00088594,183,49,15,34,134,110,24,26.775956284153008,8.19672131147541,18.579234972677597,73.224043715847,60.10928961748634,13.114754098360656
E00088595,196,39,15,24,157,129,28,19.897959183673468,7.653061224489796,12.244897959183673,80.10204081632652,65.81632653061224,14.285714285714285
E00088596,73,18,8,10,55,44,11,24.65753424657534,10.95890410958904,13.698630136986301,75.34246575342466,60.273972602739725,15.068493150684931
E00088598,192,61,21,40,131,107,24,31.770833333333332,10.9375,20.833333333333336,68.22916666666666,55.729166666666664,12.5
E00088600,151,43,17,26,108,88,20,28.47682119205298,11.258278145695364,17.218543046357617,71.52317880794702,58.27814569536424,13.245033112582782
E00088601,132,30,14,16,102,89,13,22.727272727272727,10.606060606060606,12.121212121212121,77.27272727272727,67.42424242424242,9.848484848484848
E00088602,159,41,15,26,118,103,15,25.78616352201258,9.433962264150944,16.352201257861633,74.21383647798741,64.77987421383648,9.433962264150944
E00088603,299,86,31,55,213,193,20,28.762541806020064,10.367892976588628,18.394648829431436,71.23745819397993,64.54849498327759,6.688963210702341
E00088604,304,83,35,48,221,177,44,27.302631578947366,11.513157894736842,15.789473684210526,72.69736842105263,58.223684210526315,14.473684210526317
E00088605,126,41,15,26,85,76,9,32.53968253968254,11.904761904761903,20.634920634920633,67.46031746031747,60.317460317460316,7.142857142857142
E00088606,238,60,22,38,178,149,29,25.210084033613445,9.243697478991598,15.966386554621847,74.78991596638656,62.60504201680672,12.184873949579831
E00088608,153,45,14,31,108,97,11,29.411764705882355,9.15032679738562,20.26143790849673,70.58823529411765,63.39869281045751,7.18954248366013
E00088609,155,47,18,29,108,95,13,30.32258064516129,11.612903225806452,18.70967741935484,69.6774193548387,61.29032258064516,8.38709677419355
E00088610,126,48,25,23,78,66,12,38.095238095238095,19.841269841269842,18.253968253968253,61.904761904761905,52.38095238095239,9.523809523809524
E00173745,176,59,20,39,117,92,25,33.52272727272727,11.363636363636363,22.15909090909091,66.47727272727273,52.27272727272727,14.204545454545455
E00173746,184,50,16,34,134,108,26,27.173913043478258,8.695652173913043,18.478260869565215,72.82608695652173,58.69565217391305,14.130434782608695
E00173747,233,55,15,40,178,158,20,23.605150214592275,6.437768240343347,17.167381974248926,76.39484978540773,67.81115879828327,8.583690987124463
E00173748,130,38,17,21,92,76,16,29.230769230769234,13.076923076923078,16.153846153846153,70.76923076923077,58.46153846153847,12.307692307692308
E00173749,83,29,15,14,54,41,13,34.93975903614458,18.072289156626507,16.867469879518072,65.06024096385542,49.39759036144578,15.66265060240964
E00173750,110,31,13,18,79,62,17,28.18181818181818,11.818181818181818,16.363636363636363,71.81818181818181,56.36363636363636,15.454545454545453
E00173751,118,32,13,19,86,74,12,27.11864406779661,11.016949152542372,16.101694915254235,72.88135593220339,62.71186440677966,10.16949152542373
E00173752,286,87,29,58,199,171,28,30.419580419580424,10.13986013986014,20.27972027972028,69.58041958041959,59.790209790209794,9.79020979020979
E00173753,179,52,16,36,127,107,20,29.05027932960894,8.938547486033519,20.11173184357542,70.94972067039106,59.77653631284916,11.1731843575419
E00173754,101,24,8,16,77,60,17,23.762376237623762,7.920792079207921,15.841584158415841,76.23762376237624,59.4059405940594,16.831683168316832
E00173756,169,41,14,27,128,114,14,24.2603550295858,8.284023668639055,15.976331360946746,75.7396449704142,67.45562130177515,8.284023668639055
E00173757,178,36,10,26,142,117,25,20.224719101123593,5.617977528089887,14.606741573033707,79.7752808988764,65.73033707865169,14.04494382022472
E00173758,194,41,19,22,153,130,23,21.1340206185567,9.793814432989691,11.34020618556701,78.8659793814433,67.0103092783505,11.855670103092782
E00173759,249,63,23,40,186,167,19,25.301204819277107,9.236947791164658,16.06425702811245,74.69879518072288,67.06827309236948,7.630522088353414
E00173760,196,47,18,29,149,122,27,23.97959183673469,9.183673469387756,14.795918367346939,76.0204081632653,62.244897959183675,13.77551020408163
E00173763,249,63,27,36,186,170,16,25.301204819277107,10.843373493975903,14.457831325301203,74.69879518072288,68.27309236947792,6.425702811244979
E00173764,89,29,11,18,60,57,3,32.58426966292135,12.359550561797752,20.224719101123593,67.41573033707866,64.04494382022472,3.3707865168539324
E00173765,142,26,7,19,116,105,11,18.30985915492958,4.929577464788732,13.380281690140844,81.69014084507043,73.94366197183099,7.746478873239436
E00173766,142,34,9,25,108,98,10,23.943661971830984,6.338028169014084,17.6056338028169,76.05633802816901,69.01408450704226,7.042253521126761
E00173767,150,50,20,30,100,95,5,33.33333333333333,13.333333333333334,20,66.66666666666666,63.33333333333333,3.3333333333333335
E00173768,124,66,41,25,58,55,3,53.2258064516129,33.064516129032256,20.161290322580644,46.774193548387096,44.354838709677416,2.4193548387096775
E00173769,99,33,12,21,66,56,10,33.33333333333333,12.121212121212121,21.21212121212121,66.66666666666666,56.56565656565656,10.1010101010101
E00173772,125,25,11,14,100,90,10,20,8.799999999999999,11.200000000000001,80,72,8
E00173773,113,23,12,11,90,74,16,20.353982300884958,10.619469026548673,9.734513274336283,79.64601769911505,65.48672566371681,14.15929203539823
E00173774,192,25,8,17,167,152,15,13.020833333333334,4.166666666666666,8.854166666666668,86.97916666666666,79.16666666666666,7.8125
E00173776,181,47,10,37,134,121,13,25.96685082872928,5.524861878453039,20.441988950276244,74.03314917127072,66.85082872928176,7.18232044198895
E00173777,173,49,19,30,124,112,12,28.32369942196532,10.982658959537572,17.341040462427745,71.67630057803468,64.73988439306359,6.9364161849710975
E00173778,191,66,23,43,125,109,16,34.55497382198953,12.041884816753926,22.5130890052356,65.44502617801047,57.06806282722513,8.37696335078534
E00173779,228,52,12,40,176,147,29,22.807017543859647,5.263157894736842,17.543859649122805,77.19298245614034,64.47368421052632,12.719298245614036
E00173780,208,53,25,28,155,124,31,25.48076923076923,12.01923076923077,13.461538461538462,74.51923076923077,59.61538461538461,14.903846153846153
E00183425,36,8,1,7,28,23,5,22.22222222222222,2.7777777777777777,19.444444444444446,77.77777777777779,63.888888888888886,13.88888888888889
E00183426,849,200,64,136,649,552,97,23.557126030624264,7.538280329799764,16.0188457008245,76.44287396937574,65.01766784452296,11.42520612485277
E00183427,916,184,56,128,732,632,100,20.087336244541483,6.11353711790393,13.973799126637553,79.91266375545851,68.99563318777294,10.91703056768559
E00183432,290,73,28,45,217,192,25,25.17241379310345,9.655172413793103,15.517241379310345,74.82758620689656,66.20689655172414,8.620689655172415
E00183474,192,32,6,26,160,141,19,16.666666666666664,3.125,13.541666666666666,83.33333333333334,73.4375,9.895833333333332
E00183475,204,66,31,35,138,119,19,32.35294117647059,15.196078431372548,17.15686274509804,67.64705882352942,58.333333333333336,9.313725490196079
E00183476,173,40,17,23,133,116,17,23.121387283236995,9.826589595375722,13.294797687861271,76.878612716763,67.05202312138728,9.826589595375722
E00183477,170,49,22,27,121,94,27,28.823529411764703,12.941176470588237,15.88235294117647,71.17647058823529,55.294117647058826,15.88235294117647
E00183478,257,51,14,37,206,170,36,19.844357976653697,5.447470817120623,14.396887159533073,80.1556420233463,66.14785992217898,14.007782101167315
E00183479,299,72,25,47,227,203,24,24.08026755852843,8.361204013377927,15.719063545150503,75.91973244147158,67.89297658862876,8.02675585284281
E00183480,151,44,21,23,107,73,34,29.13907284768212,13.90728476821192,15.2317880794702,70.86092715231787,48.34437086092716,22.516556291390728
E00183481,127,31,8,23,96,81,15,24.409448818897637,6.299212598425196,18.11023622047244,75.59055118110236,63.77952755905512,11.811023622047244
E00183482,76,25,10,15,51,47,4,32.89473684210527,13.157894736842104,19.736842105263158,67.10526315789474,61.8421052631579,5.263157894736842
E00183483,205,20,7,13,185,163,22,9.75609756097561,3.414634146341464,6.341463414634147,90.2439024390244,79.51219512195122,10.731707317073171
E00183484,91,25,10,15,66,52,14,27.472527472527474,10.989010989010989,16.483516483516482,72.52747252747253,57.14285714285714,15.384615384615385
E00183485,225,42,20,22,183,158,25,18.666666666666668,8.88888888888889,9.777777777777779,81.33333333333333,70.22222222222221,11.11111111111111
E00183486,189,45,18,27,144,126,18,23.809523809523807,9.523809523809524,14.285714285714285,76.19047619047619,66.66666666666666,9.523809523809524
E00183487,163,39,13,26,124,114,10,23.92638036809816,7.975460122699387,15.950920245398773,76.07361963190185,69.93865030674846,6.134969325153374
E00183488,212,50,21,29,162,143,19,23.58490566037736,9.90566037735849,13.679245283018867,76.41509433962264,67.45283018867924,8.962264150943396
E00183489,66,14,2,12,52,48,4,21.21212121212121,3.0303030303030303,18.181818181818183,78.78787878787878,72.72727272727273,6.0606060606060606
E00183490,263,68,22,46,195,170,25,25.85551330798479,8.365019011406844,17.490494296577946,74.1444866920152,64.63878326996198,9.505703422053232
E00183491,306,45,14,31,261,219,42,14.705882352941178,4.57516339869281,10.130718954248366,85.29411764705883,71.56862745098039,13.725490196078432
E00183492,73,15,6,9,58,52,6,20.54794520547945,8.21917808219178,12.32876712328767,79.45205479452055,71.23287671232876,8.21917808219178
E00183493,211,40,18,22,171,153,18,18.95734597156398,8.530805687203792,10.42654028436019,81.04265402843602,72.51184834123224,8.530805687203792
E00183494,177,29,8,21,148,134,14,16.38418079096045,4.519774011299435,11.864406779661017,83.61581920903954,75.70621468926554,7.909604519774012
E00183495,239,55,13,42,184,166,18,23.01255230125523,5.439330543933055,17.573221757322173,76.98744769874477,69.4560669456067,7.531380753138076
E00183496,104,37,14,23,67,53,14,35.57692307692308,13.461538461538462,22.115384615384613,64.42307692307693,50.96153846153846,13.461538461538462
E00183497,141,41,12,29,100,88,12,29.078014184397162,8.51063829787234,20.56737588652482,70.92198581560284,62.4113475177305,8.51063829787234
E00183498,217,27,6,21,190,163,27,12.442396313364055,2.7649769585253456,9.67741935483871,87.55760368663594,75.11520737327189,12.442396313364055
E00183499,190,38,12,26,152,130,22,20,6.315789473684211,13.684210526315791,80,68.42105263157895,11.578947368421053
E00183500,152,39,11,28,113,101,12,25.657894736842106,7.236842105263158,18.421052631578945,74.3421052631579,66.44736842105263,7.894736842105263
E00183501,203,56,20,36,147,121,26,27.586206896551722,9.852216748768473,17.733990147783253,72.41379310344827,59.60591133004927,12.807881773399016
E00183502,135,26,12,14,109,98,11,19.25925925925926,8.88888888888889,10.37037037037037,80.74074074074075,72.5925925925926,8.148148148148149
E00183503,138,33,14,19,105,94,11,23.91304347826087,10.144927536231885,13.768115942028986,76.08695652173914,68.11594202898551,7.971014492753622
E00183504,202,33,12,21,169,145,24,16.33663366336634,5.9405940594059405,10.396039603960396,83.66336633663366,71.78217821782178,11.881188118811881
E00183505,131,27,9,18,104,77,27,20.610687022900763,6.870229007633588,13.740458015267176,79.38931297709924,58.778625954198475,20.610687022900763
E00183506,337,82,25,57,255,211,44,24.33234421364985,7.418397626112759,16.913946587537094,75.66765578635015,62.61127596439169,13.056379821958458
E00183507,153,38,11,27,115,92,23,24.836601307189543,7.18954248366013,17.647058823529413,75.16339869281046,60.130718954248366,15.032679738562091
E00183508,12,2,0,2,10,6,4,16.666666666666664,0,16.666666666666664,83.33333333333334,50,33.33333333333333
E00183509,177,46,16,30,131,110,21,25.98870056497175,9.03954802259887,16.94915254237288,74.01129943502825,62.14689265536724,11.864406779661017
E00183510,81,15,4,11,66,54,12,18.51851851851852,4.938271604938271,13.580246913580247,81.48148148148148,66.66666666666666,14.814814814814813
E00183511,336,54,12,42,282,240,42,16.071428571428573,3.571428571428571,12.5,83.92857142857143,71.42857142857143,12.5
E00183512,105,33,7,26,72,66,6,31.428571428571427,6.666666666666667,24.761904761904763,68.57142857142857,62.857142857142854,5.714285714285714
E00183513,241,48,15,33,193,167,26,19.91701244813278,6.224066390041494,13.692946058091287,80.08298755186722,69.29460580912863,10.78838174273859
E00183514,284,63,21,42,221,193,28,22.183098591549296,7.394366197183098,14.788732394366196,77.8169014084507,67.95774647887323,9.859154929577464
E00183515,165,42,9,33,123,96,27,25.454545454545453,5.454545454545454,20,74.54545454545455,58.18181818181818,16.363636363636363
E00183516,170,48,17,31,122,104,18,28.235294117647058,10,18.235294117647058,71.76470588235294,61.1764705882353,10.588235294117647
E00183517,300,65,21,44,235,193,42,21.666666666666668,7.000000000000001,14.666666666666666,78.33333333333333,64.33333333333333,14.000000000000002
E00183518,36,11,5,6,25,21,4,30.555555555555557,13.88888888888889,16.666666666666664,69.44444444444444,58.333333333333336,11.11111111111111
E00183519,323,83,30,53,240,215,25,25.696594427244584,9.287925696594428,16.408668730650156,74.30340557275542,66.56346749226006,7.739938080495357
E00183520,330,64,26,38,266,211,55,19.393939393939394,7.878787878787878,11.515151515151516,80.60606060606061,63.93939393939394,16.666666666666664
E00183521,94,22,8,14,72,66,6,23.404255319148938,8.51063829787234,14.893617021276595,76.59574468085107,70.2127659574468,6.382978723404255
E00183522,252,53,19,34,199,172,27,21.03174603174603,7.5396825396825395,13.492063492063492,78.96825396825396,68.25396825396825,10.714285714285714
E00183523,105,28,10,18,77,62,15,26.666666666666668,9.523809523809524,17.142857142857142,73.33333333333333,59.04761904761905,14.285714285714285
E00183571,134,30,7,23,104,88,16,22.388059701492537,5.223880597014925,17.16417910447761,77.61194029850746,65.67164179104478,11.940298507462686
E00183572,325,69,17,52,256,223,33,21.23076923076923,5.230769230769231,16,78.76923076923077,68.61538461538461,10.153846153846153
E00183573,126,31,9,22,95,83,12,24.6031746031746,7.142857142857142,17.46031746031746,75.39682539682539,65.87301587301587,9.523809523809524
E00183574,86,19,3,16,67,58,9,22.093023255813954,3.488372093023256,18.6046511627907,77.90697674418605,67.44186046511628,10.465116279069768
E00183575,300,67,21,46,233,201,32,22.333333333333332,7.000000000000001,15.333333333333332,77.66666666666666,67,10.666666666666668
E00183576,78,15,6,9,63,55,8,19.230769230769234,7.6923076923076925,11.538461538461538,80.76923076923077,70.51282051282051,10.256410256410255
E00183577,200,44,7,37,156,134,22,22,3.5000000000000004,18.5,78,67,11
E00183578,166,43,21,22,123,105,18,25.903614457831324,12.650602409638553,13.253012048192772,74.09638554216868,63.25301204819277,10.843373493975903
E00183579,270,44,21,23,226,206,20,16.296296296296298,7.777777777777778,8.518518518518519,83.7037037037037,76.29629629629629,7.4074074074074066
E00183580,242,49,15,34,193,171,22,20.24793388429752,6.198347107438017,14.049586776859504,79.75206611570248,70.66115702479338,9.090909090909092
E00183581,109,15,4,11,94,84,10,13.761467889908257,3.669724770642202,10.091743119266056,86.23853211009175,77.06422018348624,9.174311926605505
E00183582,161,34,8,26,127,105,22,21.11801242236025,4.968944099378882,16.149068322981368,78.88198757763976,65.21739130434783,13.664596273291925
E00183583,255,41,17,24,214,183,31,16.07843137254902,6.666666666666667,9.411764705882353,83.92156862745098,71.76470588235294,12.156862745098039
E00183584,224,39,12,27,185,168,17,17.410714285714285,5.357142857142857,12.053571428571429,82.58928571428571,75,7.5892857142857135
E00183585,141,35,12,23,106,97,9,24.822695035460992,8.51063829787234,16.312056737588655,75.177304964539,68.79432624113475,6.382978723404255
E00183586,187,42,14,28,145,127,18,22.459893048128343,7.4866310160427805,14.973262032085561,77.54010695187165,67.9144385026738,9.62566844919786
E00183587,170,53,18,35,117,105,12,31.176470588235293,10.588235294117647,20.588235294117645,68.82352941176471,61.76470588235294,7.0588235294117645
E00183588,150,33,11,22,117,99,18,22,7.333333333333333,14.666666666666666,78,66,12
E00183589,126,10,3,7,116,103,13,7.936507936507936,2.380952380952381,5.555555555555555,92.06349206349206,81.74603174603175,10.317460317460316
E00183590,179,43,12,31,136,115,21,24.022346368715084,6.70391061452514,17.318435754189945,75.97765363128491,64.24581005586593,11.731843575418994
E00183591,210,39,8,31,171,149,22,18.571428571428573,3.8095238095238098,14.761904761904763,81.42857142857143,70.95238095238095,10.476190476190476
E00183592,242,48,22,26,194,163,31,19.834710743801654,9.090909090909092,10.743801652892563,80.16528925619835,67.35537190082644,12.8099173553719
E00183593,274,58,23,35,216,173,43,21.16788321167883,8.394160583941606,12.773722627737227,78.83211678832117,63.138686131386855,15.693430656934307
E00183594,102,25,10,15,77,69,8,24.509803921568626,9.803921568627452,14.705882352941178,75.49019607843137,67.64705882352942,7.8431372549019605
E00183595,128,17,7,10,111,94,17,13.28125,5.46875,7.8125,86.71875,73.4375,13.28125
E00183596,141,39,20,19,102,87,15,27.659574468085108,14.184397163120568,13.47517730496454,72.3404255319149,61.702127659574465,10.638297872340425
E00183597,222,33,12,21,189,166,23,14.864864864864865,5.405405405405405,9.45945945945946,85.13513513513513,74.77477477477478,10.36036036036036
E00183598,217,49,16,33,168,136,32,22.58064516129032,7.373271889400922,15.207373271889402,77.41935483870968,62.67281105990783,14.746543778801843
E00183599,231,64,27,37,167,142,25,27.705627705627705,11.688311688311687,16.017316017316016,72.2943722943723,61.471861471861466,10.822510822510822
E00183600,69,21,3,18,48,43,5,30.434782608695656,4.3478260869565215,26.08695652173913,69.56521739130434,62.31884057971014,7.246376811594203
E00183601,212,50,20,30,162,145,17,23.58490566037736,9.433962264150944,14.150943396226415,76.41509433962264,68.39622641509435,8.018867924528301
E00183602,30,11,6,5,19,17,2,36.666666666666664,20,16.666666666666664,63.33333333333333,56.666666666666664,6.666666666666667
E00183603,193,62,21,41,131,116,15,32.12435233160622,10.880829015544041,21.243523316062177,67.87564766839378,60.10362694300518,7.772020725388601
E00183604,25,11,2,9,14,13,1,44,8,36,56.00000000000001,52,4
E00183605,126,32,11,21,94,80,14,25.396825396825395,8.73015873015873,16.666666666666664,74.60317460317461,63.49206349206349,11.11111111111111
E00183606,58,15,5,10,43,37,6,25.862068965517242,8.620689655172415,17.24137931034483,74.13793103448276,63.793103448275865,10.344827586206897
E00183607,261,66,20,46,195,167,28,25.287356321839084,7.662835249042145,17.624521072796934,74.71264367816092,63.984674329501914,10.727969348659004
E00183608,178,40,11,29,138,113,25,22.47191011235955,6.179775280898876,16.292134831460675,77.52808988764045,63.48314606741573,14.04494382022472
