OA,ts0380001,ts0380002,ts0380003,ts0380004,ts0380005,ts0380006,ts0380007,ts0380002_PCT,ts0380003_PCT,ts0380004_PCT,ts0380005_PCT,ts0380006_PCT,ts0380007_PCT
E00079934,362,71,32,39,291,13,278,19.613259668508288,8.83977900552486,10.773480662983426,80.38674033149171,3.591160220994475,76.79558011049724
E00079935,317,53,29,24,264,19,245,16.7192429022082,9.14826498422713,7.570977917981073,83.2807570977918,5.993690851735016,77.28706624605678
E00079936,272,48,17,31,224,16,208,17.647058823529413,6.25,11.397058823529411,82.35294117647058,5.88235294117647,76.47058823529412
E00079937,262,54,21,33,208,25,183,20.610687022900763,8.015267175572518,12.595419847328243,79.38931297709924,9.541984732824428,69.8473282442748
E00079938,303,39,15,24,264,20,244,12.871287128712872,4.9504950495049505,7.920792079207921,87.12871287128714,6.6006600660066,80.52805280528052
E00079939,250,78,35,43,172,15,157,31.2,14.000000000000002,17.2,68.8,6,62.8
E00079940,259,58,29,29,201,21,180,22.393822393822393,11.196911196911197,11.196911196911197,77.60617760617761,8.108108108108109,69.4980694980695
E00079941,300,38,11,27,262,19,243,12.666666666666668,3.6666666666666665,9,87.33333333333333,6.333333333333334,81
E00079942,299,60,25,35,239,20,219,20.066889632107024,8.361204013377927,11.705685618729097,79.93311036789298,6.688963210702341,73.24414715719062
E00079943,322,64,23,41,258,18,240,19.875776397515526,7.142857142857142,12.732919254658384,80.12422360248446,5.590062111801243,74.53416149068323
E00079944,303,65,30,35,238,21,217,21.45214521452145,9.900990099009901,11.55115511551155,78.54785478547855,6.9306930693069315,71.61716171617162
E00079945,290,69,33,36,221,20,201,23.79310344827586,11.379310344827587,12.413793103448276,76.20689655172413,6.896551724137931,69.3103448275862
E00079946,275,44,20,24,231,17,214,16,7.2727272727272725,8.727272727272728,84,6.181818181818182,77.81818181818181
E00079947,347,60,27,33,287,33,254,17.29106628242075,7.780979827089338,9.510086455331413,82.70893371757924,9.510086455331413,73.19884726224784
E00079948,288,62,23,39,226,23,203,21.52777777777778,7.986111111111111,13.541666666666666,78.47222222222221,7.986111111111111,70.48611111111111
E00079949,307,51,19,32,256,15,241,16.612377850162865,6.188925081433225,10.423452768729643,83.38762214983714,4.88599348534202,78.50162866449512
E00079950,346,72,34,38,274,17,257,20.809248554913296,9.826589595375722,10.982658959537572,79.1907514450867,4.913294797687861,74.27745664739885
E00079951,271,43,19,24,228,30,198,15.867158671586715,7.011070110701106,8.856088560885608,84.13284132841329,11.07011070110701,73.06273062730627
E00079952,309,53,25,28,256,26,230,17.15210355987055,8.090614886731391,9.06148867313916,82.84789644012946,8.414239482200648,74.4336569579288
E00079953,257,53,19,34,204,21,183,20.622568093385212,7.392996108949417,13.229571984435799,79.37743190661479,8.171206225680933,71.20622568093385
E00079954,272,52,21,31,220,19,201,19.11764705882353,7.720588235294118,11.397058823529411,80.88235294117648,6.985294117647059,73.89705882352942
E00079955,204,61,39,22,143,16,127,29.901960784313726,19.11764705882353,10.784313725490197,70.09803921568627,7.8431372549019605,62.254901960784316
E00079956,262,51,16,35,211,19,192,19.46564885496183,6.106870229007633,13.358778625954198,80.53435114503816,7.251908396946565,73.2824427480916
E00079957,269,44,19,25,225,10,215,16.356877323420075,7.063197026022305,9.293680297397769,83.64312267657994,3.717472118959108,79.92565055762083
E00079958,230,50,21,29,180,23,157,21.73913043478261,9.130434782608695,12.608695652173912,78.26086956521739,10,68.26086956521739
E00079959,273,50,27,23,223,12,211,18.315018315018314,9.89010989010989,8.424908424908425,81.68498168498168,4.395604395604396,77.2893772893773
E00079960,248,40,15,25,208,11,197,16.129032258064516,6.048387096774194,10.080645161290322,83.87096774193549,4.435483870967742,79.43548387096774
E00079961,309,67,38,29,242,25,217,21.68284789644013,12.297734627831716,9.385113268608414,78.31715210355988,8.090614886731391,70.22653721682848
E00079962,299,32,16,16,267,33,234,10.702341137123746,5.351170568561873,5.351170568561873,89.29765886287625,11.036789297658862,78.26086956521739
E00079963,409,61,19,42,348,22,326,14.91442542787286,4.645476772616137,10.268948655256724,85.08557457212714,5.378973105134474,79.70660146699267
E00079964,180,58,31,27,122,14,108,32.22222222222222,17.22222222222222,15,67.77777777777779,7.777777777777778,60
E00079965,279,35,10,25,244,21,223,12.544802867383511,3.584229390681003,8.960573476702509,87.45519713261649,7.526881720430108,79.92831541218638
E00079966,270,55,26,29,215,14,201,20.37037037037037,9.62962962962963,10.74074074074074,79.62962962962963,5.185185185185185,74.44444444444444
E00079967,344,32,12,20,312,37,275,9.30232558139535,3.488372093023256,5.813953488372093,90.69767441860465,10.755813953488373,79.94186046511628
E00079968,337,97,54,43,240,10,230,28.783382789317507,16.023738872403563,12.759643916913946,71.2166172106825,2.967359050445104,68.24925816023739
E00079969,301,77,41,36,224,15,209,25.581395348837212,13.621262458471762,11.960132890365449,74.4186046511628,4.983388704318937,69.43521594684385
E00079970,294,90,45,45,204,11,193,30.612244897959183,15.306122448979592,15.306122448979592,69.38775510204081,3.741496598639456,65.64625850340136
E00079971,304,45,18,27,259,29,230,14.802631578947366,5.921052631578947,8.881578947368421,85.19736842105263,9.539473684210527,75.6578947368421
E00079972,322,76,38,38,246,19,227,23.60248447204969,11.801242236024844,11.801242236024844,76.3975155279503,5.900621118012422,70.4968944099379
E00079973,310,37,10,27,273,24,249,11.935483870967742,3.225806451612903,8.709677419354838,88.06451612903226,7.741935483870968,80.3225806451613
E00079974,403,120,52,68,283,25,258,29.776674937965257,12.903225806451612,16.87344913151365,70.22332506203473,6.20347394540943,64.01985111662532
E00079975,346,62,27,35,284,25,259,17.91907514450867,7.803468208092486,10.115606936416185,82.08092485549133,7.225433526011561,74.85549132947978
E00079976,360,42,12,30,318,28,290,11.666666666666666,3.3333333333333335,8.333333333333332,88.33333333333333,7.777777777777778,80.55555555555556
E00079977,381,55,28,27,326,27,299,14.435695538057743,7.349081364829396,7.086614173228346,85.56430446194226,7.086614173228346,78.4776902887139
E00079978,378,62,28,34,316,31,285,16.402116402116402,7.4074074074074066,8.994708994708994,83.5978835978836,8.201058201058201,75.39682539682539
E00079979,318,60,31,29,258,19,239,18.867924528301888,9.748427672955975,9.119496855345911,81.13207547169812,5.9748427672955975,75.15723270440252
E00079980,367,67,27,40,300,22,278,18.256130790190735,7.3569482288828345,10.899182561307901,81.74386920980926,5.994550408719346,75.74931880108991
E00079981,371,91,39,52,280,22,258,24.528301886792452,10.512129380053908,14.016172506738545,75.47169811320755,5.929919137466308,69.54177897574124
E00079982,345,55,23,32,290,16,274,15.942028985507244,6.666666666666667,9.27536231884058,84.05797101449275,4.63768115942029,79.42028985507247
E00079983,410,99,37,62,311,10,301,24.146341463414632,9.024390243902438,15.121951219512194,75.85365853658537,2.4390243902439024,73.41463414634146
E00079984,355,44,18,26,311,26,285,12.394366197183098,5.070422535211268,7.323943661971831,87.60563380281691,7.323943661971831,80.28169014084507
E00079985,297,69,33,36,228,16,212,23.232323232323232,11.11111111111111,12.121212121212121,76.76767676767676,5.387205387205387,71.38047138047138
E00079986,231,72,27,45,159,11,148,31.16883116883117,11.688311688311687,19.480519480519483,68.83116883116884,4.761904761904762,64.06926406926407
E00079987,337,59,32,27,278,17,261,17.50741839762611,9.495548961424333,8.011869436201781,82.49258160237389,5.044510385756676,77.44807121661721
E00079988,296,80,49,31,216,17,199,27.027027027027028,16.554054054054053,10.472972972972974,72.97297297297297,5.743243243243244,67.22972972972973
E00079989,328,48,19,29,280,26,254,14.634146341463413,5.7926829268292686,8.841463414634147,85.36585365853658,7.926829268292683,77.4390243902439
E00079990,380,68,27,41,312,17,295,17.894736842105264,7.105263157894736,10.789473684210527,82.10526315789474,4.473684210526316,77.63157894736842
E00079991,336,40,17,23,296,28,268,11.904761904761903,5.059523809523809,6.845238095238096,88.09523809523809,8.333333333333332,79.76190476190477
E00079992,254,75,40,35,179,20,159,29.527559055118108,15.748031496062993,13.779527559055119,70.47244094488188,7.874015748031496,62.59842519685039
E00079993,427,104,45,59,323,22,301,24.355971896955502,10.53864168618267,13.817330210772832,75.64402810304449,5.152224824355972,70.49180327868852
E00079994,365,68,25,43,297,26,271,18.63013698630137,6.8493150684931505,11.78082191780822,81.36986301369863,7.123287671232877,74.24657534246575
E00079995,205,46,24,22,159,17,142,22.439024390243905,11.707317073170733,10.731707317073171,77.5609756097561,8.292682926829269,69.26829268292683
E00079996,308,45,16,29,263,30,233,14.61038961038961,5.194805194805195,9.415584415584416,85.3896103896104,9.740259740259742,75.64935064935064
E00079997,316,77,35,42,239,33,206,24.367088607594937,11.075949367088606,13.291139240506327,75.63291139240506,10.443037974683545,65.18987341772153
E00079998,228,74,43,31,154,16,138,32.45614035087719,18.859649122807017,13.596491228070176,67.54385964912281,7.017543859649122,60.526315789473685
E00079999,451,53,20,33,398,33,365,11.751662971175167,4.434589800443459,7.317073170731707,88.24833702882484,7.317073170731707,80.93126385809313
E00080000,314,30,11,19,284,15,269,9.554140127388536,3.5031847133757963,6.050955414012739,90.44585987261146,4.777070063694268,85.6687898089172
E00080001,325,35,8,27,290,29,261,10.76923076923077,2.4615384615384617,8.307692307692308,89.23076923076924,8.923076923076923,80.3076923076923
E00080002,311,84,47,37,227,26,201,27.009646302250808,15.112540192926044,11.89710610932476,72.9903536977492,8.360128617363344,64.63022508038586
E00080003,358,75,25,50,283,18,265,20.949720670391063,6.983240223463687,13.966480446927374,79.05027932960894,5.027932960893855,74.02234636871509
E00080004,426,102,63,39,324,33,291,23.943661971830984,14.788732394366196,9.15492957746479,76.05633802816901,7.746478873239436,68.30985915492957
E00080005,280,33,9,24,247,24,223,11.785714285714285,3.214285714285714,8.571428571428571,88.21428571428571,8.571428571428571,79.64285714285714
E00080006,281,50,19,31,231,24,207,17.793594306049823,6.761565836298933,11.032028469750891,82.20640569395017,8.540925266903916,73.66548042704626
E00080007,294,87,46,41,207,23,184,29.591836734693878,15.646258503401361,13.945578231292515,70.40816326530613,7.8231292517006805,62.585034013605444
E00080008,262,58,23,35,204,17,187,22.137404580152673,8.778625954198473,13.358778625954198,77.86259541984732,6.488549618320611,71.37404580152672
E00080009,270,23,12,11,247,19,228,8.518518518518519,4.444444444444445,4.074074074074074,91.48148148148148,7.037037037037037,84.44444444444444
E00080010,248,29,7,22,219,20,199,11.693548387096774,2.82258064516129,8.870967741935484,88.30645161290323,8.064516129032258,80.24193548387096
E00080011,336,115,72,43,221,16,205,34.226190476190474,21.428571428571427,12.797619047619047,65.77380952380952,4.761904761904762,61.011904761904766
E00080012,288,37,10,27,251,35,216,12.847222222222221,3.4722222222222223,9.375,87.15277777777779,12.152777777777777,75
E00080013,352,61,30,31,291,29,262,17.329545454545457,8.522727272727272,8.806818181818182,82.67045454545455,8.238636363636363,74.43181818181817
E00080014,263,57,21,36,206,24,182,21.673003802281368,7.984790874524715,13.688212927756654,78.32699619771863,9.125475285171103,69.20152091254754
E00080015,248,32,9,23,216,23,193,12.903225806451612,3.6290322580645165,9.274193548387096,87.09677419354838,9.274193548387096,77.82258064516128
E00080016,346,96,58,38,250,23,227,27.74566473988439,16.76300578034682,10.982658959537572,72.25433526011561,6.6473988439306355,65.60693641618496
E00080017,231,111,59,52,120,22,98,48.05194805194805,25.541125541125542,22.51082251082251,51.94805194805194,9.523809523809524,42.42424242424242
E00080018,347,47,19,28,300,30,270,13.544668587896252,5.475504322766571,8.069164265129682,86.45533141210375,8.645533141210375,77.80979827089337
E00080019,249,44,21,23,205,15,190,17.670682730923694,8.433734939759036,9.236947791164658,82.32931726907631,6.024096385542169,76.30522088353415
E00080020,249,76,48,28,173,16,157,30.522088353413658,19.27710843373494,11.244979919678714,69.47791164658635,6.425702811244979,63.05220883534136
E00080021,382,80,42,38,302,24,278,20.94240837696335,10.99476439790576,9.947643979057592,79.05759162303664,6.282722513089005,72.77486910994764
E00080022,322,55,18,37,267,33,234,17.080745341614907,5.590062111801243,11.490683229813664,82.91925465838509,10.248447204968944,72.67080745341616
E00080023,243,49,16,33,194,16,178,20.16460905349794,6.584362139917696,13.580246913580247,79.83539094650206,6.584362139917696,73.25102880658436
E00080024,252,37,10,27,215,22,193,14.682539682539684,3.968253968253968,10.714285714285714,85.31746031746032,8.73015873015873,76.5873015873016
E00080025,262,39,11,28,223,18,205,14.885496183206106,4.198473282442748,10.687022900763358,85.1145038167939,6.870229007633588,78.2442748091603
E00080026,404,105,66,39,299,26,273,25.99009900990099,16.33663366336634,9.653465346534654,74.00990099009901,6.435643564356436,67.57425742574257
E00080027,264,41,14,27,223,24,199,15.530303030303031,5.303030303030303,10.227272727272728,84.46969696969697,9.090909090909092,75.37878787878788
E00080028,192,48,24,24,144,14,130,25,12.5,12.5,75,7.291666666666667,67.70833333333334
E00080029,302,32,8,24,270,26,244,10.596026490066226,2.6490066225165565,7.9470198675496695,89.40397350993378,8.609271523178808,80.79470198675497
E00080030,356,55,34,21,301,21,280,15.44943820224719,9.550561797752808,5.8988764044943816,84.5505617977528,5.8988764044943816,78.65168539325843
E00080031,381,66,43,23,315,39,276,17.322834645669293,11.286089238845145,6.036745406824147,82.67716535433071,10.236220472440944,72.44094488188976
E00080032,286,62,28,34,224,15,209,21.678321678321677,9.79020979020979,11.888111888111888,78.32167832167832,5.244755244755245,73.07692307692307
E00080033,327,61,22,39,266,31,235,18.654434250764528,6.727828746177369,11.926605504587156,81.34556574923548,9.480122324159021,71.86544342507645
E00080034,272,47,17,30,225,17,208,17.27941176470588,6.25,11.029411764705882,82.72058823529412,6.25,76.47058823529412
E00080035,357,33,11,22,324,34,290,9.243697478991598,3.081232492997199,6.162464985994398,90.75630252100841,9.523809523809524,81.23249299719888
E00080036,322,40,14,26,282,28,254,12.422360248447205,4.3478260869565215,8.074534161490684,87.5776397515528,8.695652173913043,78.88198757763976
E00080037,256,50,19,31,206,21,185,19.53125,7.421875,12.109375,80.46875,8.203125,72.265625
E00080038,263,47,21,26,216,22,194,17.870722433460077,7.984790874524715,9.885931558935361,82.12927756653993,8.365019011406844,73.76425855513308
E00080039,288,35,7,28,253,24,229,12.152777777777777,2.430555555555556,9.722222222222223,87.84722222222221,8.333333333333332,79.51388888888889
E00080040,254,37,19,18,217,15,202,14.566929133858267,7.480314960629922,7.086614173228346,85.43307086614173,5.905511811023622,79.52755905511812
E00080041,292,45,24,21,247,17,230,15.41095890410959,8.21917808219178,7.191780821917808,84.58904109589042,5.821917808219178,78.76712328767124
E00080042,314,52,19,33,262,16,246,16.560509554140125,6.050955414012739,10.509554140127388,83.43949044585987,5.095541401273886,78.343949044586
E00080043,318,55,18,37,263,24,239,17.29559748427673,5.660377358490567,11.635220125786164,82.70440251572327,7.547169811320755,75.15723270440252
E00080044,307,35,16,19,272,24,248,11.400651465798045,5.211726384364821,6.188925081433225,88.59934853420195,7.81758957654723,80.78175895765473
E00080045,326,51,21,30,275,27,248,15.644171779141105,6.441717791411043,9.202453987730062,84.3558282208589,8.282208588957054,76.07361963190185
E00080046,237,66,35,31,171,14,157,27.848101265822784,14.767932489451477,13.080168776371309,72.15189873417721,5.9071729957805905,66.24472573839662
E00080047,295,53,15,38,242,28,214,17.966101694915253,5.084745762711865,12.88135593220339,82.03389830508473,9.491525423728813,72.54237288135593
E00080048,289,64,28,36,225,27,198,22.145328719723185,9.688581314878892,12.45674740484429,77.85467128027682,9.342560553633218,68.5121107266436
E00080049,284,48,13,35,236,21,215,16.901408450704224,4.577464788732395,12.323943661971832,83.09859154929578,7.394366197183098,75.70422535211267
E00080050,338,96,50,46,242,22,220,28.402366863905325,14.792899408284024,13.609467455621301,71.59763313609467,6.508875739644971,65.08875739644971
E00080051,306,52,23,29,254,23,231,16.99346405228758,7.516339869281046,9.477124183006536,83.00653594771242,7.516339869281046,75.49019607843137
E00080052,331,87,48,39,244,15,229,26.283987915407852,14.501510574018129,11.782477341389729,73.71601208459214,4.531722054380665,69.18429003021149
E00080053,305,25,10,15,280,27,253,8.19672131147541,3.278688524590164,4.918032786885246,91.80327868852459,8.852459016393443,82.95081967213115
E00080054,250,31,15,16,219,9,210,12.4,6,6.4,87.6,3.5999999999999996,84
E00080055,329,35,13,22,294,21,273,10.638297872340425,3.951367781155015,6.68693009118541,89.36170212765957,6.382978723404255,82.97872340425532
E00080056,325,51,19,32,274,38,236,15.692307692307692,5.846153846153846,9.846153846153847,84.3076923076923,11.692307692307692,72.61538461538461
E00080057,294,50,14,36,244,23,221,17.006802721088434,4.761904761904762,12.244897959183673,82.99319727891157,7.8231292517006805,75.17006802721087
E00080058,226,47,17,30,179,18,161,20.79646017699115,7.52212389380531,13.274336283185843,79.20353982300885,7.964601769911504,71.23893805309734
E00080059,246,41,14,27,205,16,189,16.666666666666664,5.691056910569105,10.975609756097562,83.33333333333334,6.504065040650407,76.82926829268293
E00080060,265,47,13,34,218,23,195,17.735849056603772,4.905660377358491,12.830188679245284,82.26415094339623,8.679245283018867,73.58490566037736
E00080061,349,70,25,45,279,25,254,20.057306590257877,7.163323782234957,12.893982808022923,79.94269340974212,7.163323782234957,72.77936962750717
E00080062,257,52,25,27,205,19,186,20.233463035019454,9.72762645914397,10.505836575875486,79.76653696498055,7.392996108949417,72.37354085603113
E00080063,331,40,16,24,291,15,276,12.084592145015106,4.833836858006042,7.250755287009064,87.91540785498489,4.531722054380665,83.38368580060424
E00080064,301,54,19,35,247,33,214,17.940199335548172,6.312292358803987,11.627906976744185,82.05980066445183,10.96345514950166,71.09634551495017
E00080065,350,50,15,35,300,33,267,14.285714285714285,4.285714285714286,10,85.71428571428571,9.428571428571429,76.28571428571429
E00080066,312,109,60,49,203,27,176,34.93589743589743,19.230769230769234,15.705128205128204,65.06410256410257,8.653846153846153,56.41025641025641
E00080067,238,60,29,31,178,18,160,25.210084033613445,12.184873949579831,13.025210084033615,74.78991596638656,7.563025210084033,67.22689075630252
E00080068,348,54,15,39,294,24,270,15.517241379310345,4.310344827586207,11.206896551724139,84.48275862068965,6.896551724137931,77.58620689655173
E00080069,353,61,33,28,292,34,258,17.280453257790366,9.34844192634561,7.932011331444759,82.71954674220963,9.631728045325778,73.08781869688386
E00080070,258,32,16,16,226,20,206,12.4031007751938,6.2015503875969,6.2015503875969,87.59689922480621,7.751937984496124,79.84496124031007
E00080071,308,60,25,35,248,20,228,19.480519480519483,8.116883116883116,11.363636363636363,80.51948051948052,6.493506493506493,74.02597402597402
E00080072,441,93,36,57,348,28,320,21.08843537414966,8.16326530612245,12.925170068027212,78.91156462585033,6.349206349206349,72.56235827664399
E00080073,293,47,24,23,246,14,232,16.040955631399317,8.19112627986348,7.849829351535837,83.95904436860067,4.778156996587031,79.18088737201366
E00080074,151,67,42,25,84,6,78,44.370860927152314,27.81456953642384,16.55629139072848,55.62913907284768,3.9735099337748347,51.65562913907284
E00080075,297,64,26,38,233,20,213,21.548821548821547,8.754208754208754,12.794612794612794,78.45117845117845,6.7340067340067336,71.71717171717171
E00080076,399,79,41,38,320,33,287,19.799498746867165,10.275689223057643,9.523809523809524,80.20050125313283,8.270676691729323,71.9298245614035
E00080077,420,83,35,48,337,16,321,19.761904761904763,8.333333333333332,11.428571428571429,80.23809523809524,3.8095238095238098,76.42857142857142
E00080078,288,68,28,40,220,21,199,23.61111111111111,9.722222222222223,13.88888888888889,76.38888888888889,7.291666666666667,69.09722222222221
E00080079,343,68,25,43,275,14,261,19.825072886297377,7.288629737609329,12.536443148688047,80.17492711370262,4.081632653061225,76.0932944606414
E00080080,359,84,47,37,275,22,253,23.398328690807798,13.09192200557103,10.30640668523677,76.6016713091922,6.128133704735376,70.47353760445682
E00080081,355,103,43,60,252,18,234,29.014084507042252,12.112676056338028,16.901408450704224,70.98591549295776,5.070422535211268,65.91549295774648
E00080082,482,59,22,37,423,28,395,12.240663900414937,4.564315352697095,7.676348547717843,87.75933609958506,5.809128630705394,81.95020746887967
E00080084,349,98,39,59,251,23,228,28.08022922636103,11.174785100286533,16.9054441260745,71.91977077363897,6.59025787965616,65.32951289398281
E00080085,231,45,26,19,186,9,177,19.480519480519483,11.255411255411255,8.225108225108226,80.51948051948052,3.896103896103896,76.62337662337663
E00080086,322,79,41,38,243,17,226,24.53416149068323,12.732919254658384,11.801242236024844,75.46583850931677,5.279503105590062,70.1863354037267
E00080087,304,86,38,48,218,28,190,28.289473684210524,12.5,15.789473684210526,71.71052631578947,9.210526315789473,62.5
E00080088,241,76,35,41,165,19,146,31.535269709543567,14.522821576763487,17.012448132780083,68.46473029045643,7.883817427385892,60.58091286307054
E00080091,302,56,29,27,246,15,231,18.543046357615893,9.602649006622517,8.940397350993377,81.45695364238411,4.966887417218543,76.49006622516556
E00080092,426,58,22,36,368,29,339,13.615023474178404,5.164319248826291,8.450704225352112,86.3849765258216,6.807511737089202,79.5774647887324
E00080093,288,44,21,23,244,33,211,15.277777777777779,7.291666666666667,7.986111111111111,84.72222222222221,11.458333333333332,73.26388888888889
E00080094,260,63,21,42,197,11,186,24.23076923076923,8.076923076923077,16.153846153846153,75.76923076923077,4.230769230769231,71.53846153846153
E00080095,237,37,13,24,200,12,188,15.611814345991561,5.485232067510549,10.126582278481013,84.38818565400844,5.063291139240507,79.32489451476793
E00080096,181,77,48,29,104,12,92,42.5414364640884,26.519337016574585,16.022099447513813,57.4585635359116,6.629834254143646,50.82872928176796
E00080097,354,76,21,55,278,19,259,21.468926553672315,5.932203389830509,15.53672316384181,78.53107344632768,5.367231638418079,73.1638418079096
E00080099,357,34,7,27,323,34,289,9.523809523809524,1.9607843137254901,7.563025210084033,90.47619047619048,9.523809523809524,80.95238095238095
E00080100,254,40,7,33,214,24,190,15.748031496062993,2.7559055118110236,12.992125984251967,84.25196850393701,9.448818897637794,74.80314960629921
E00080101,283,30,11,19,253,17,236,10.60070671378092,3.8869257950530036,6.713780918727916,89.39929328621908,6.007067137809187,83.3922261484099
E00080102,332,32,9,23,300,27,273,9.63855421686747,2.710843373493976,6.927710843373494,90.36144578313254,8.132530120481928,82.2289156626506
E00080103,227,23,5,18,204,18,186,10.13215859030837,2.2026431718061676,7.929515418502203,89.86784140969164,7.929515418502203,81.93832599118943
E00080104,249,39,17,22,210,17,193,15.66265060240964,6.827309236947792,8.835341365461847,84.33734939759037,6.827309236947792,77.51004016064257
E00080105,349,38,17,21,311,22,289,10.888252148997136,4.871060171919771,6.017191977077363,89.11174785100286,6.303724928366762,82.8080229226361
E00080106,263,24,11,13,239,22,217,9.125475285171103,4.182509505703422,4.942965779467681,90.8745247148289,8.365019011406844,82.50950570342205
E00080107,296,41,20,21,255,23,232,13.85135135135135,6.756756756756757,7.094594594594595,86.14864864864865,7.77027027027027,78.37837837837837
E00080108,336,45,11,34,291,20,271,13.392857142857142,3.273809523809524,10.119047619047619,86.60714285714286,5.952380952380952,80.65476190476191
E00080109,361,49,11,38,312,19,293,13.573407202216067,3.0470914127423825,10.526315789473683,86.42659279778393,5.263157894736842,81.16343490304709
E00080110,265,32,13,19,233,27,206,12.075471698113208,4.905660377358491,7.169811320754717,87.9245283018868,10.18867924528302,77.73584905660378
E00080111,282,50,20,30,232,22,210,17.73049645390071,7.092198581560284,10.638297872340425,82.26950354609929,7.801418439716312,74.46808510638297
E00080112,300,41,20,21,259,23,236,13.666666666666666,6.666666666666667,7.000000000000001,86.33333333333333,7.666666666666666,78.66666666666666
E00080113,305,39,14,25,266,24,242,12.786885245901638,4.590163934426229,8.19672131147541,87.21311475409837,7.868852459016394,79.34426229508198
E00080114,298,39,13,26,259,21,238,13.087248322147651,4.3624161073825505,8.724832214765101,86.91275167785236,7.046979865771812,79.86577181208054
E00080115,342,41,19,22,301,30,271,11.988304093567251,5.555555555555555,6.432748538011696,88.01169590643275,8.771929824561402,79.23976608187134
E00080116,278,30,8,22,248,25,223,10.79136690647482,2.877697841726619,7.913669064748201,89.20863309352518,8.992805755395683,80.2158273381295
E00080117,238,35,17,18,203,23,180,14.705882352941178,7.142857142857142,7.563025210084033,85.29411764705883,9.663865546218489,75.63025210084034
E00080118,294,32,7,25,262,35,227,10.884353741496598,2.380952380952381,8.503401360544217,89.1156462585034,11.904761904761903,77.21088435374149
E00080119,261,41,21,20,220,15,205,15.708812260536398,8.045977011494253,7.662835249042145,84.2911877394636,5.747126436781609,78.544061302682
E00080120,118,43,17,26,75,5,70,36.440677966101696,14.40677966101695,22.033898305084744,63.559322033898304,4.23728813559322,59.32203389830508
E00080121,275,46,19,27,229,23,206,16.727272727272727,6.909090909090909,9.818181818181818,83.27272727272728,8.363636363636363,74.90909090909092
E00080122,196,38,16,22,158,15,143,19.387755102040817,8.16326530612245,11.224489795918368,80.61224489795919,7.653061224489796,72.95918367346938
E00080123,347,53,18,35,294,31,263,15.273775216138327,5.187319884726225,10.086455331412104,84.72622478386167,8.93371757925072,75.79250720461094
E00080124,291,39,14,25,252,19,233,13.402061855670103,4.810996563573884,8.59106529209622,86.5979381443299,6.529209621993128,80.06872852233677
E00080125,203,27,9,18,176,11,165,13.30049261083744,4.433497536945813,8.866995073891626,86.69950738916256,5.41871921182266,81.2807881773399
E00080126,267,35,19,16,232,20,212,13.108614232209737,7.116104868913857,5.992509363295881,86.89138576779027,7.490636704119851,79.40074906367042
E00080127,205,30,13,17,175,27,148,14.634146341463413,6.341463414634147,8.292682926829269,85.36585365853658,13.170731707317074,72.1951219512195
E00080128,245,28,11,17,217,18,199,11.428571428571429,4.489795918367347,6.938775510204081,88.57142857142857,7.346938775510205,81.22448979591836
E00080129,256,40,18,22,216,21,195,15.625,7.03125,8.59375,84.375,8.203125,76.171875
E00080130,321,38,13,25,283,24,259,11.838006230529595,4.049844236760125,7.78816199376947,88.1619937694704,7.476635514018691,80.68535825545172
E00080131,264,24,9,15,240,20,220,9.090909090909092,3.4090909090909087,5.681818181818182,90.9090909090909,7.575757575757576,83.33333333333334
E00080132,232,58,23,35,174,14,160,25,9.913793103448276,15.086206896551724,75,6.0344827586206895,68.96551724137932
E00080133,233,40,14,26,193,20,173,17.167381974248926,6.008583690987124,11.158798283261802,82.83261802575107,8.583690987124463,74.2489270386266
E00080134,258,25,8,17,233,21,212,9.689922480620156,3.10077519379845,6.5891472868217065,90.31007751937985,8.13953488372093,82.17054263565892
E00080135,313,64,18,46,249,17,232,20.447284345047922,5.7507987220447285,14.696485623003195,79.55271565495208,5.431309904153355,74.12140575079871
E00080136,294,53,17,36,241,19,222,18.027210884353742,5.782312925170068,12.244897959183673,81.97278911564626,6.462585034013606,75.51020408163265
E00080137,375,88,38,50,287,30,257,23.466666666666665,10.133333333333333,13.333333333333334,76.53333333333333,8,68.53333333333333
E00080138,400,64,24,40,336,23,313,16,6,10,84,5.75,78.25
E00080139,203,56,21,35,147,14,133,27.586206896551722,10.344827586206897,17.24137931034483,72.41379310344827,6.896551724137931,65.51724137931035
E00080140,299,67,28,39,232,13,219,22.40802675585284,9.364548494983277,13.043478260869565,77.59197324414716,4.3478260869565215,73.24414715719062
E00080141,218,43,18,25,175,17,158,19.724770642201836,8.256880733944955,11.46788990825688,80.27522935779817,7.79816513761468,72.47706422018348
E00080142,148,62,26,36,86,12,74,41.891891891891895,17.56756756756757,24.324324324324326,58.108108108108105,8.108108108108109,50
E00080143,436,108,55,53,328,29,299,24.770642201834864,12.614678899082568,12.155963302752294,75.22935779816514,6.651376146788992,68.57798165137615
E00080144,260,43,16,27,217,18,199,16.538461538461537,6.153846153846154,10.384615384615385,83.46153846153847,6.923076923076923,76.53846153846153
E00080145,425,63,21,42,362,25,337,14.823529411764705,4.941176470588235,9.88235294117647,85.1764705882353,5.88235294117647,79.29411764705883
E00080146,337,79,43,36,258,26,232,23.44213649851632,12.759643916913946,10.682492581602373,76.55786350148368,7.71513353115727,68.84272997032642
E00080147,316,67,19,48,249,25,224,21.202531645569618,6.012658227848101,15.18987341772152,78.79746835443038,7.9113924050632916,70.88607594936708
E00080148,186,42,11,31,144,14,130,22.58064516129032,5.913978494623656,16.666666666666664,77.41935483870968,7.526881720430108,69.89247311827957
E00080149,223,58,25,33,165,23,142,26.00896860986547,11.210762331838566,14.798206278026907,73.99103139013454,10.31390134529148,63.67713004484305
E00080150,225,58,23,35,167,21,146,25.77777777777778,10.222222222222223,15.555555555555555,74.22222222222223,9.333333333333334,64.88888888888889
E00080151,231,49,17,32,182,25,157,21.21212121212121,7.35930735930736,13.852813852813853,78.78787878787878,10.822510822510822,67.96536796536796
E00080152,422,113,57,56,309,26,283,26.77725118483412,13.507109004739338,13.270142180094787,73.22274881516587,6.161137440758294,67.06161137440758
E00080153,258,30,6,24,228,10,218,11.627906976744185,2.3255813953488373,9.30232558139535,88.37209302325581,3.875968992248062,84.49612403100775
E00080154,204,33,18,15,171,15,156,16.176470588235293,8.823529411764707,7.352941176470589,83.82352941176471,7.352941176470589,76.47058823529412
E00080155,352,74,36,38,278,19,259,21.022727272727273,10.227272727272728,10.795454545454545,78.97727272727273,5.3977272727272725,73.57954545454545
E00080156,226,36,16,20,190,12,178,15.929203539823009,7.079646017699115,8.849557522123893,84.070796460177,5.3097345132743365,78.76106194690266
E00080157,240,32,9,23,208,14,194,13.333333333333334,3.75,9.583333333333334,86.66666666666667,5.833333333333333,80.83333333333333
E00080158,439,88,30,58,351,26,325,20.045558086560362,6.83371298405467,13.211845102505695,79.95444191343964,5.922551252847381,74.03189066059225
E00080159,244,44,14,30,200,14,186,18.0327868852459,5.737704918032787,12.295081967213115,81.9672131147541,5.737704918032787,76.22950819672131
E00080160,284,62,29,33,222,21,201,21.830985915492956,10.211267605633804,11.619718309859154,78.16901408450704,7.394366197183098,70.77464788732394
E00080162,348,78,28,50,270,26,244,22.413793103448278,8.045977011494253,14.367816091954023,77.58620689655173,7.471264367816093,70.11494252873564
E00080163,337,73,36,37,264,20,244,21.66172106824926,10.682492581602373,10.979228486646884,78.33827893175074,5.934718100890208,72.40356083086054
E00080164,341,48,19,29,293,19,274,14.076246334310852,5.571847507331378,8.504398826979472,85.92375366568915,5.571847507331378,80.35190615835776
E00080165,331,55,17,38,276,30,246,16.61631419939577,5.13595166163142,11.48036253776435,83.38368580060424,9.06344410876133,74.32024169184291
E00080166,357,47,19,28,310,38,272,13.165266106442578,5.322128851540616,7.8431372549019605,86.83473389355743,10.644257703081232,76.19047619047619
E00080167,317,89,49,40,228,28,200,28.075709779179807,15.457413249211358,12.618296529968454,71.92429022082018,8.832807570977918,63.09148264984227
E00080168,394,78,36,42,316,24,292,19.796954314720814,9.137055837563452,10.65989847715736,80.20304568527918,6.091370558375635,74.11167512690355
E00080169,418,82,27,55,336,24,312,19.617224880382775,6.4593301435406705,13.157894736842104,80.38277511961722,5.741626794258373,74.64114832535886
E00080170,156,44,15,29,112,9,103,28.205128205128204,9.615384615384617,18.58974358974359,71.7948717948718,5.769230769230769,66.02564102564102
E00080171,411,70,27,43,341,27,314,17.0316301703163,6.569343065693431,10.46228710462287,82.9683698296837,6.569343065693431,76.39902676399026
E00080172,287,48,20,28,239,13,226,16.72473867595819,6.968641114982578,9.75609756097561,83.27526132404182,4.529616724738676,78.74564459930313
E00080173,209,61,28,33,148,12,136,29.1866028708134,13.397129186602871,15.789473684210526,70.81339712918661,5.741626794258373,65.07177033492823
E00080174,384,60,27,33,324,21,303,15.625,7.03125,8.59375,84.375,5.46875,78.90625
E00080175,338,88,42,46,250,15,235,26.035502958579883,12.42603550295858,13.609467455621301,73.96449704142012,4.437869822485207,69.5266272189349
E00080176,430,72,29,43,358,27,331,16.74418604651163,6.744186046511628,10,83.25581395348837,6.279069767441861,76.9767441860465
E00080177,343,71,36,35,272,23,249,20.699708454810494,10.495626822157435,10.204081632653061,79.30029154518951,6.705539358600583,72.59475218658892
E00080178,437,97,54,43,340,18,322,22.19679633867277,12.356979405034325,9.839816933638444,77.80320366132723,4.118993135011442,73.68421052631578
E00080179,386,52,26,26,334,20,314,13.471502590673575,6.7357512953367875,6.7357512953367875,86.52849740932642,5.181347150259067,81.34715025906736
E00080180,277,57,22,35,220,20,200,20.577617328519857,7.9422382671480145,12.63537906137184,79.42238267148014,7.2202166064981945,72.20216606498195
E00080181,281,55,23,32,226,19,207,19.572953736654807,8.185053380782918,11.387900355871885,80.42704626334519,6.761565836298933,73.66548042704626
E00080182,375,53,18,35,322,27,295,14.133333333333335,4.8,9.333333333333334,85.86666666666667,7.199999999999999,78.66666666666666
E00080183,331,63,25,38,268,17,251,19.033232628398792,7.552870090634441,11.48036253776435,80.96676737160121,5.13595166163142,75.83081570996978
E00080184,304,56,22,34,248,22,226,18.421052631578945,7.236842105263158,11.18421052631579,81.57894736842105,7.236842105263158,74.3421052631579
E00080185,334,47,23,24,287,20,267,14.071856287425149,6.88622754491018,7.18562874251497,85.92814371257485,5.9880239520958085,79.94011976047905
E00080186,265,46,18,28,219,22,197,17.358490566037734,6.7924528301886795,10.566037735849058,82.64150943396227,8.30188679245283,74.33962264150942
E00080187,273,51,18,33,222,23,199,18.681318681318682,6.593406593406594,12.087912087912088,81.31868131868131,8.424908424908425,72.89377289377289
E00080188,349,47,16,31,302,25,277,13.46704871060172,4.584527220630372,8.882521489971348,86.53295128939828,7.163323782234957,79.36962750716332
E00080189,335,45,17,28,290,32,258,13.432835820895523,5.074626865671641,8.358208955223882,86.56716417910447,9.55223880597015,77.01492537313432
E00080190,312,54,22,32,258,18,240,17.307692307692307,7.051282051282051,10.256410256410255,82.6923076923077,5.769230769230769,76.92307692307693
E00080191,398,53,21,32,345,31,314,13.316582914572864,5.276381909547738,8.040201005025125,86.68341708542714,7.788944723618091,78.89447236180904
E00080192,390,54,15,39,336,28,308,13.846153846153847,3.8461538461538463,10,86.15384615384616,7.179487179487179,78.97435897435898
E00080193,243,58,15,43,185,12,173,23.868312757201647,6.172839506172839,17.695473251028808,76.13168724279835,4.938271604938271,71.19341563786008
E00080194,334,58,28,30,276,20,256,17.365269461077844,8.383233532934131,8.982035928143713,82.63473053892216,5.9880239520958085,76.64670658682635
E00080195,364,50,16,34,314,26,288,13.736263736263737,4.395604395604396,9.340659340659341,86.26373626373626,7.142857142857142,79.12087912087912
E00080196,289,33,18,15,256,31,225,11.418685121107266,6.228373702422145,5.190311418685121,88.58131487889274,10.726643598615917,77.85467128027682
E00080197,312,42,17,25,270,20,250,13.461538461538462,5.448717948717949,8.012820512820513,86.53846153846155,6.41025641025641,80.12820512820514
E00080198,288,47,21,26,241,21,220,16.319444444444446,7.291666666666667,9.027777777777777,83.68055555555556,7.291666666666667,76.38888888888889
E00080199,301,60,26,34,241,18,223,19.93355481727575,8.637873754152823,11.295681063122924,80.06644518272425,5.980066445182724,74.08637873754152
E00080200,309,63,22,41,246,21,225,20.388349514563107,7.119741100323624,13.268608414239482,79.6116504854369,6.796116504854369,72.81553398058253
E00080201,237,99,52,47,138,11,127,41.77215189873418,21.940928270042196,19.831223628691983,58.22784810126582,4.641350210970464,53.58649789029536
E00080202,340,43,18,25,297,30,267,12.647058823529411,5.294117647058823,7.352941176470589,87.3529411764706,8.823529411764707,78.52941176470588
E00080203,273,40,18,22,233,25,208,14.652014652014653,6.593406593406594,8.058608058608058,85.34798534798534,9.157509157509157,76.19047619047619
E00080204,352,51,23,28,301,24,277,14.488636363636365,6.534090909090909,7.954545454545454,85.51136363636364,6.8181818181818175,78.69318181818183
E00080205,315,34,13,21,281,17,264,10.793650793650794,4.1269841269841265,6.666666666666667,89.20634920634922,5.396825396825397,83.80952380952381
E00080206,243,80,28,52,163,13,150,32.92181069958848,11.522633744855968,21.39917695473251,67.07818930041152,5.349794238683128,61.72839506172839
E00080207,315,68,24,44,247,30,217,21.58730158730159,7.6190476190476195,13.968253968253968,78.41269841269842,9.523809523809524,68.88888888888889
E00080208,325,65,27,38,260,25,235,20,8.307692307692308,11.692307692307692,80,7.6923076923076925,72.3076923076923
E00080209,324,62,25,37,262,18,244,19.1358024691358,7.716049382716049,11.419753086419753,80.8641975308642,5.555555555555555,75.30864197530865
E00080210,280,33,8,25,247,26,221,11.785714285714285,2.857142857142857,8.928571428571429,88.21428571428571,9.285714285714286,78.92857142857143
E00080211,289,26,8,18,263,21,242,8.996539792387544,2.768166089965398,6.228373702422145,91.00346020761245,7.26643598615917,83.73702422145328
E00080212,390,71,28,43,319,28,291,18.205128205128204,7.179487179487179,11.025641025641026,81.7948717948718,7.179487179487179,74.61538461538461
E00080213,296,58,25,33,238,16,222,19.594594594594593,8.445945945945946,11.14864864864865,80.4054054054054,5.405405405405405,75
E00080214,299,83,41,42,216,14,202,27.759197324414714,13.712374581939798,14.046822742474916,72.24080267558529,4.682274247491638,67.55852842809364
E00080215,374,90,45,45,284,22,262,24.06417112299465,12.032085561497325,12.032085561497325,75.93582887700535,5.88235294117647,70.05347593582889
E00080216,239,44,14,30,195,19,176,18.410041841004183,5.857740585774058,12.552301255230125,81.58995815899581,7.949790794979079,73.64016736401673
E00080217,578,75,27,48,503,35,468,12.975778546712801,4.671280276816609,8.304498269896193,87.0242214532872,6.055363321799308,80.96885813148789
E00080218,346,62,28,34,284,22,262,17.91907514450867,8.092485549132949,9.826589595375722,82.08092485549133,6.358381502890173,75.72254335260115
E00080219,405,81,36,45,324,26,298,20,8.88888888888889,11.11111111111111,80,6.419753086419753,73.58024691358025
E00080220,254,45,18,27,209,17,192,17.716535433070867,7.086614173228346,10.62992125984252,82.28346456692913,6.692913385826772,75.59055118110236
E00080221,302,75,35,40,227,24,203,24.834437086092713,11.589403973509933,13.245033112582782,75.16556291390728,7.9470198675496695,67.21854304635761
E00080222,332,42,13,29,290,32,258,12.650602409638553,3.91566265060241,8.734939759036145,87.34939759036145,9.63855421686747,77.71084337349397
E00080223,281,43,18,25,238,14,224,15.302491103202847,6.405693950177936,8.896797153024911,84.69750889679716,4.98220640569395,79.7153024911032
E00080225,328,53,22,31,275,23,252,16.158536585365855,6.707317073170732,9.451219512195122,83.84146341463415,7.01219512195122,76.82926829268293
E00080226,222,29,12,17,193,11,182,13.063063063063062,5.405405405405405,7.657657657657657,86.93693693693693,4.954954954954955,81.98198198198197
E00080227,176,42,14,28,134,14,120,23.863636363636363,7.954545454545454,15.909090909090908,76.13636363636364,7.954545454545454,68.18181818181817
E00080228,327,38,16,22,289,20,269,11.62079510703364,4.892966360856269,6.727828746177369,88.37920489296636,6.116207951070336,82.26299694189603
E00080229,293,76,36,40,217,12,205,25.938566552901023,12.286689419795222,13.651877133105803,74.06143344709898,4.09556313993174,69.96587030716724
E00080230,230,55,25,30,175,12,163,23.91304347826087,10.869565217391305,13.043478260869565,76.08695652173914,5.217391304347826,70.86956521739131
E00080231,242,43,14,29,199,28,171,17.768595041322314,5.785123966942149,11.983471074380166,82.23140495867769,11.570247933884298,70.66115702479338
E00080232,145,40,19,21,105,12,93,27.586206896551722,13.10344827586207,14.482758620689657,72.41379310344827,8.275862068965518,64.13793103448275
E00080233,317,40,16,24,277,29,248,12.618296529968454,5.047318611987381,7.570977917981073,87.38170347003155,9.14826498422713,78.23343848580441
E00080234,279,61,26,35,218,15,203,21.863799283154123,9.31899641577061,12.544802867383511,78.13620071684588,5.376344086021505,72.75985663082437
E00080235,279,52,17,35,227,22,205,18.63799283154122,6.093189964157706,12.544802867383511,81.36200716845879,7.885304659498208,73.47670250896059
E00080236,301,57,21,36,244,20,224,18.93687707641196,6.976744186046512,11.960132890365449,81.06312292358804,6.64451827242525,74.4186046511628
E00080237,370,104,53,51,266,24,242,28.10810810810811,14.324324324324325,13.783783783783784,71.89189189189189,6.486486486486487,65.4054054054054
E00080238,247,65,37,28,182,10,172,26.31578947368421,14.979757085020243,11.336032388663968,73.68421052631578,4.048582995951417,69.63562753036437
E00080239,326,61,29,32,265,21,244,18.711656441717793,8.895705521472392,9.815950920245399,81.28834355828221,6.441717791411043,74.84662576687117
E00080240,305,65,30,35,240,16,224,21.311475409836063,9.836065573770492,11.475409836065573,78.68852459016394,5.245901639344262,73.44262295081967
E00080241,488,76,24,52,412,36,376,15.573770491803279,4.918032786885246,10.655737704918032,84.42622950819673,7.377049180327869,77.04918032786885
E00080242,311,50,22,28,261,20,241,16.077170418006432,7.07395498392283,9.003215434083602,83.92282958199357,6.430868167202572,77.491961414791
E00080243,345,60,19,41,285,20,265,17.391304347826086,5.507246376811594,11.884057971014492,82.6086956521739,5.797101449275362,76.81159420289855
E00080244,298,55,26,29,243,34,209,18.456375838926174,8.724832214765101,9.731543624161073,81.54362416107382,11.409395973154362,70.13422818791946
E00080245,340,73,25,48,267,27,240,21.470588235294116,7.352941176470589,14.117647058823529,78.52941176470588,7.941176470588235,70.58823529411765
E00080246,313,61,25,36,252,23,229,19.488817891373802,7.987220447284344,11.501597444089457,80.5111821086262,7.348242811501597,73.1629392971246
E00080247,284,38,15,23,246,21,225,13.380281690140844,5.28169014084507,8.098591549295776,86.61971830985915,7.394366197183098,79.22535211267606
E00080248,364,59,27,32,305,22,283,16.208791208791208,7.417582417582418,8.791208791208792,83.79120879120879,6.043956043956044,77.74725274725274
E00080249,272,53,21,32,219,23,196,19.485294117647058,7.720588235294118,11.76470588235294,80.51470588235294,8.455882352941178,72.05882352941177
E00080250,302,42,18,24,260,22,238,13.90728476821192,5.960264900662252,7.9470198675496695,86.09271523178808,7.28476821192053,78.80794701986756
E00080251,319,54,16,38,265,18,247,16.927899686520377,5.015673981191222,11.912225705329153,83.07210031347962,5.6426332288401255,77.4294670846395
E00080252,311,56,22,34,255,17,238,18.006430868167204,7.07395498392283,10.932475884244374,81.9935691318328,5.466237942122187,76.52733118971061
E00080253,169,29,12,17,140,17,123,17.159763313609467,7.100591715976331,10.059171597633137,82.84023668639054,10.059171597633137,72.7810650887574
E00080254,212,36,14,22,176,16,160,16.9811320754717,6.60377358490566,10.377358490566039,83.01886792452831,7.547169811320755,75.47169811320755
E00080255,295,45,17,28,250,21,229,15.254237288135593,5.762711864406779,9.491525423728813,84.7457627118644,7.118644067796611,77.62711864406779
E00080256,352,47,13,34,305,21,284,13.352272727272727,3.6931818181818183,9.659090909090908,86.64772727272727,5.965909090909091,80.68181818181817
E00080257,220,43,16,27,177,12,165,19.545454545454547,7.2727272727272725,12.272727272727273,80.45454545454545,5.454545454545454,75
E00080258,321,66,35,31,255,20,235,20.5607476635514,10.903426791277258,9.657320872274143,79.43925233644859,6.230529595015576,73.20872274143302
E00080259,313,52,16,36,261,29,232,16.61341853035144,5.111821086261981,11.501597444089457,83.38658146964856,9.26517571884984,74.12140575079871
E00080260,304,60,34,26,244,15,229,19.736842105263158,11.18421052631579,8.552631578947368,80.26315789473685,4.934210526315789,75.32894736842105
E00080261,309,66,20,46,243,24,219,21.35922330097087,6.472491909385113,14.886731391585762,78.64077669902912,7.766990291262135,70.87378640776699
E00080262,398,99,40,59,299,21,278,24.87437185929648,10.050251256281408,14.824120603015075,75.12562814070351,5.276381909547738,69.84924623115577
E00080263,202,83,45,38,119,12,107,41.089108910891085,22.277227722772277,18.81188118811881,58.91089108910891,5.9405940594059405,52.97029702970298
E00080264,387,99,40,59,288,25,263,25.581395348837212,10.335917312661499,15.245478036175712,74.4186046511628,6.459948320413436,67.95865633074936
E00080265,337,68,24,44,269,16,253,20.178041543026705,7.121661721068249,13.056379821958458,79.82195845697329,4.747774480712167,75.07418397626114
E00080266,367,48,15,33,319,20,299,13.079019073569482,4.087193460490464,8.991825613079019,86.92098092643052,5.449591280653951,81.47138964577657
E00080267,290,53,20,33,237,18,219,18.275862068965516,6.896551724137931,11.379310344827587,81.72413793103448,6.206896551724138,75.51724137931033
E00080268,452,90,34,56,362,36,326,19.911504424778762,7.52212389380531,12.389380530973451,80.08849557522124,7.964601769911504,72.12389380530973
E00080269,245,70,39,31,175,13,162,28.57142857142857,15.918367346938775,12.653061224489795,71.42857142857143,5.3061224489795915,66.12244897959184
E00080270,288,50,14,36,238,22,216,17.36111111111111,4.861111111111112,12.5,82.63888888888889,7.638888888888889,75
E00080271,220,57,27,30,163,14,149,25.90909090909091,12.272727272727273,13.636363636363635,74.0909090909091,6.363636363636363,67.72727272727272
E00080272,284,62,29,33,222,13,209,21.830985915492956,10.211267605633804,11.619718309859154,78.16901408450704,4.577464788732395,73.59154929577466
E00080273,365,70,32,38,295,19,276,19.17808219178082,8.767123287671232,10.41095890410959,80.82191780821918,5.205479452054795,75.61643835616438
E00080274,294,47,24,23,247,19,228,15.98639455782313,8.16326530612245,7.8231292517006805,84.01360544217688,6.462585034013606,77.55102040816327
E00080275,209,50,18,32,159,13,146,23.923444976076556,8.61244019138756,15.311004784688995,76.07655502392345,6.220095693779904,69.85645933014354
E00080276,381,101,48,53,280,24,256,26.509186351706038,12.598425196850393,13.910761154855644,73.49081364829397,6.299212598425196,67.19160104986877
E00080277,264,53,27,26,211,12,199,20.075757575757574,10.227272727272728,9.848484848484848,79.92424242424242,4.545454545454546,75.37878787878788
E00080278,366,108,58,50,258,18,240,29.508196721311474,15.846994535519126,13.661202185792352,70.49180327868852,4.918032786885246,65.57377049180327
E00080279,397,98,41,57,299,24,275,24.68513853904282,10.327455919395465,14.357682619647354,75.31486146095719,6.045340050377834,69.26952141057934
E00080282,273,40,10,30,233,25,208,14.652014652014653,3.6630036630036633,10.989010989010989,85.34798534798534,9.157509157509157,76.19047619047619
E00080283,215,36,12,24,179,10,169,16.74418604651163,5.5813953488372094,11.162790697674419,83.25581395348837,4.651162790697675,78.6046511627907
E00080284,287,38,15,23,249,20,229,13.240418118466899,5.2264808362369335,8.013937282229964,86.7595818815331,6.968641114982578,79.79094076655052
E00080285,312,109,56,53,203,22,181,34.93589743589743,17.94871794871795,16.98717948717949,65.06410256410257,7.051282051282051,58.01282051282052
E00080286,244,57,29,28,187,24,163,23.36065573770492,11.885245901639344,11.475409836065573,76.63934426229508,9.836065573770492,66.80327868852459
E00080287,316,69,26,43,247,23,224,21.835443037974684,8.227848101265822,13.60759493670886,78.16455696202532,7.2784810126582276,70.88607594936708
E00080288,272,61,21,40,211,27,184,22.426470588235293,7.720588235294118,14.705882352941178,77.57352941176471,9.926470588235293,67.64705882352942
E00080289,298,45,17,28,253,29,224,15.100671140939598,5.704697986577181,9.395973154362416,84.8993288590604,9.731543624161073,75.16778523489933
E00080290,270,66,26,40,204,17,187,24.444444444444443,9.62962962962963,14.814814814814813,75.55555555555556,6.296296296296296,69.25925925925925
E00080291,260,56,19,37,204,28,176,21.53846153846154,7.307692307692308,14.23076923076923,78.46153846153847,10.76923076923077,67.6923076923077
E00080292,329,84,37,47,245,19,226,25.53191489361702,11.246200607902736,14.285714285714285,74.46808510638297,5.775075987841945,68.69300911854104
E00080293,307,68,26,42,239,28,211,22.149837133550488,8.469055374592834,13.680781758957655,77.85016286644951,9.120521172638437,68.72964169381108
E00080295,323,50,21,29,273,20,253,15.479876160990713,6.5015479876160995,8.978328173374612,84.52012383900929,6.191950464396285,78.328173374613
E00080296,296,35,13,22,261,21,240,11.824324324324325,4.391891891891892,7.4324324324324325,88.17567567567568,7.094594594594595,81.08108108108108
E00080297,269,45,11,34,224,25,199,16.728624535315987,4.089219330855019,12.639405204460965,83.27137546468401,9.293680297397769,73.97769516728626
E00080298,243,59,25,34,184,23,161,24.279835390946502,10.2880658436214,13.991769547325102,75.7201646090535,9.465020576131687,66.2551440329218
E00080299,316,70,32,38,246,27,219,22.151898734177212,10.126582278481013,12.025316455696203,77.84810126582279,8.544303797468354,69.30379746835443
E00080300,365,105,43,62,260,23,237,28.767123287671232,11.78082191780822,16.986301369863014,71.23287671232876,6.301369863013699,64.93150684931507
E00080301,334,79,48,31,255,24,231,23.652694610778443,14.37125748502994,9.281437125748502,76.34730538922156,7.18562874251497,69.16167664670658
E00080302,308,59,21,38,249,22,227,19.155844155844157,6.8181818181818175,12.337662337662337,80.84415584415584,7.142857142857142,73.7012987012987
E00080303,285,62,22,40,223,17,206,21.75438596491228,7.719298245614035,14.035087719298245,78.24561403508771,5.964912280701754,72.28070175438597
E00080304,318,67,27,40,251,23,228,21.069182389937108,8.49056603773585,12.578616352201259,78.9308176100629,7.232704402515723,71.69811320754717
E00080305,418,94,48,46,324,31,293,22.48803827751196,11.483253588516746,11.004784688995215,77.51196172248804,7.4162679425837315,70.09569377990431
E00080306,274,78,37,41,196,17,179,28.467153284671532,13.503649635036496,14.963503649635038,71.53284671532847,6.204379562043796,65.32846715328468
E00080307,198,45,24,21,153,12,141,22.727272727272727,12.121212121212121,10.606060606060606,77.27272727272727,6.0606060606060606,71.21212121212122
E00080308,359,46,20,26,313,29,284,12.813370473537605,5.571030640668524,7.242339832869081,87.1866295264624,8.07799442896936,79.10863509749304
E00080310,309,85,49,36,224,17,207,27.508090614886733,15.857605177993527,11.650485436893204,72.49190938511327,5.501618122977346,66.99029126213593
E00080311,353,84,38,46,269,18,251,23.79603399433428,10.764872521246458,13.031161473087819,76.20396600566572,5.099150141643059,71.10481586402267
E00080312,376,98,52,46,278,23,255,26.063829787234045,13.829787234042554,12.23404255319149,73.93617021276596,6.117021276595745,67.81914893617021
E00080313,323,82,38,44,241,17,224,25.386996904024766,11.76470588235294,13.622291021671826,74.61300309597523,5.263157894736842,69.3498452012384
E00080314,317,32,11,21,285,27,258,10.094637223974763,3.4700315457413247,6.624605678233439,89.90536277602523,8.517350157728707,81.38801261829653
E00080315,330,49,16,33,281,21,260,14.84848484848485,4.848484848484849,10,85.15151515151516,6.363636363636363,78.78787878787878
E00080316,333,74,32,42,259,20,239,22.22222222222222,9.60960960960961,12.612612612612612,77.77777777777779,6.006006006006006,71.77177177177178
E00080317,390,101,50,51,289,21,268,25.8974358974359,12.82051282051282,13.076923076923078,74.1025641025641,5.384615384615385,68.71794871794872
E00080318,290,79,41,38,211,7,204,27.241379310344826,14.13793103448276,13.10344827586207,72.75862068965517,2.413793103448276,70.34482758620689
E00080319,249,67,35,32,182,9,173,26.907630522088354,14.056224899598394,12.851405622489958,73.09236947791165,3.614457831325301,69.47791164658635
E00080320,301,76,46,30,225,15,210,25.249169435215947,15.282392026578073,9.966777408637874,74.75083056478405,4.983388704318937,69.76744186046511
E00080321,302,69,35,34,233,15,218,22.8476821192053,11.589403973509933,11.258278145695364,77.15231788079471,4.966887417218543,72.18543046357617
E00080322,275,92,43,49,183,19,164,33.45454545454545,15.636363636363637,17.81818181818182,66.54545454545455,6.909090909090909,59.63636363636363
E00080323,286,42,16,26,244,23,221,14.685314685314685,5.594405594405594,9.090909090909092,85.3146853146853,8.041958041958042,77.27272727272727
E00080324,312,106,71,35,206,18,188,33.97435897435898,22.756410256410255,11.217948717948719,66.02564102564102,5.769230769230769,60.256410256410255
E00080325,247,55,26,29,192,26,166,22.267206477732792,10.526315789473683,11.740890688259109,77.7327935222672,10.526315789473683,67.20647773279353
E00080326,315,75,34,41,240,18,222,23.809523809523807,10.793650793650794,13.015873015873018,76.19047619047619,5.714285714285714,70.47619047619048
E00080327,312,64,28,36,248,30,218,20.51282051282051,8.974358974358974,11.538461538461538,79.48717948717949,9.615384615384617,69.87179487179486
E00080328,303,81,34,47,222,23,199,26.732673267326735,11.221122112211221,15.51155115511551,73.26732673267327,7.590759075907591,65.67656765676567
E00080329,278,44,17,27,234,26,208,15.827338129496402,6.115107913669065,9.712230215827338,84.17266187050359,9.352517985611511,74.82014388489209
E00080330,316,37,17,20,279,26,253,11.708860759493671,5.379746835443038,6.329113924050633,88.29113924050634,8.227848101265822,80.0632911392405
E00080331,252,42,26,16,210,15,195,16.666666666666664,10.317460317460316,6.349206349206349,83.33333333333334,5.952380952380952,77.38095238095238
E00080332,335,55,21,34,280,23,257,16.417910447761194,6.26865671641791,10.149253731343283,83.5820895522388,6.865671641791045,76.71641791044776
E00080333,275,37,7,30,238,28,210,13.454545454545455,2.5454545454545454,10.909090909090908,86.54545454545455,10.181818181818182,76.36363636363637
E00080334,245,38,8,30,207,24,183,15.510204081632653,3.2653061224489797,12.244897959183673,84.48979591836735,9.795918367346939,74.6938775510204
E00080335,292,48,20,28,244,21,223,16.43835616438356,6.8493150684931505,9.58904109589041,83.56164383561644,7.191780821917808,76.36986301369863
E00080336,300,49,18,31,251,35,216,16.333333333333332,6,10.333333333333334,83.66666666666667,11.666666666666666,72
E00080337,265,39,12,27,226,17,209,14.716981132075471,4.528301886792453,10.18867924528302,85.28301886792453,6.415094339622642,78.8679245283019
E00080338,326,42,13,29,284,28,256,12.883435582822086,3.9877300613496933,8.895705521472392,87.11656441717791,8.588957055214724,78.52760736196319
E00080339,458,82,34,48,376,32,344,17.903930131004365,7.423580786026202,10.480349344978166,82.09606986899564,6.986899563318777,75.10917030567686
E00080340,294,36,10,26,258,23,235,12.244897959183673,3.4013605442176873,8.843537414965986,87.75510204081633,7.8231292517006805,79.93197278911565
E00080341,232,47,21,26,185,21,164,20.25862068965517,9.051724137931034,11.206896551724139,79.74137931034483,9.051724137931034,70.6896551724138
E00080342,304,52,21,31,252,18,234,17.105263157894736,6.907894736842106,10.197368421052632,82.89473684210526,5.921052631578947,76.97368421052632
E00080343,293,69,35,34,224,21,203,23.549488054607508,11.945392491467576,11.604095563139932,76.45051194539249,7.167235494880546,69.28327645051195
E00080344,308,63,24,39,245,15,230,20.454545454545457,7.792207792207792,12.662337662337661,79.54545454545455,4.870129870129871,74.67532467532467
E00080345,324,34,9,25,290,33,257,10.493827160493826,2.7777777777777777,7.716049382716049,89.50617283950618,10.185185185185185,79.32098765432099
E00080346,255,60,26,34,195,26,169,23.52941176470588,10.196078431372548,13.333333333333334,76.47058823529412,10.196078431372548,66.27450980392156
E00080347,215,43,20,23,172,18,154,20,9.30232558139535,10.69767441860465,80,8.372093023255815,71.62790697674419
E00080348,289,31,10,21,258,21,237,10.726643598615917,3.4602076124567476,7.26643598615917,89.27335640138409,7.26643598615917,82.00692041522491
E00080349,286,39,13,26,247,23,224,13.636363636363635,4.545454545454546,9.090909090909092,86.36363636363636,8.041958041958042,78.32167832167832
E00080350,240,41,13,28,199,16,183,17.083333333333332,5.416666666666667,11.666666666666666,82.91666666666667,6.666666666666667,76.25
E00080351,278,45,20,25,233,21,212,16.18705035971223,7.1942446043165464,8.992805755395683,83.81294964028777,7.553956834532374,76.2589928057554
E00080352,309,64,22,42,245,20,225,20.711974110032365,7.119741100323624,13.592233009708737,79.28802588996764,6.472491909385113,72.81553398058253
E00080353,388,62,23,39,326,32,294,15.979381443298967,5.927835051546391,10.051546391752577,84.02061855670104,8.24742268041237,75.77319587628865
E00080354,293,42,16,26,251,29,222,14.334470989761092,5.460750853242321,8.873720136518772,85.6655290102389,9.897610921501707,75.76791808873719
E00080355,284,39,12,27,245,24,221,13.732394366197184,4.225352112676056,9.507042253521126,86.26760563380282,8.450704225352112,77.8169014084507
E00080356,319,42,10,32,277,29,248,13.166144200626958,3.1347962382445136,10.031347962382444,86.83385579937304,9.090909090909092,77.74294670846395
E00080357,244,41,13,28,203,30,173,16.80327868852459,5.327868852459016,11.475409836065573,83.19672131147541,12.295081967213115,70.90163934426229
E00080358,192,62,24,38,130,15,115,32.29166666666667,12.5,19.791666666666664,67.70833333333334,7.8125,59.895833333333336
E00080359,400,45,17,28,355,28,327,11.25,4.25,7.000000000000001,88.75,7.000000000000001,81.75
E00080360,268,56,30,26,212,18,194,20.8955223880597,11.194029850746269,9.701492537313433,79.1044776119403,6.7164179104477615,72.38805970149254
E00080361,295,47,17,30,248,25,223,15.932203389830507,5.762711864406779,10.16949152542373,84.06779661016948,8.47457627118644,75.59322033898304
E00080362,291,50,21,29,241,28,213,17.18213058419244,7.216494845360824,9.965635738831615,82.81786941580756,9.621993127147768,73.19587628865979
E00080363,324,43,20,23,281,33,248,13.271604938271606,6.172839506172839,7.098765432098765,86.72839506172839,10.185185185185185,76.5432098765432
E00080364,375,46,14,32,329,32,297,12.266666666666666,3.733333333333334,8.533333333333333,87.73333333333333,8.533333333333333,79.2
E00080365,352,47,8,39,305,22,283,13.352272727272727,2.272727272727273,11.079545454545455,86.64772727272727,6.25,80.39772727272727
E00080366,319,52,19,33,267,19,248,16.30094043887147,5.956112852664576,10.344827586206897,83.69905956112854,5.956112852664576,77.74294670846395
E00080367,259,67,22,45,192,26,166,25.868725868725868,8.494208494208493,17.374517374517374,74.13127413127413,10.038610038610038,64.0926640926641
E00080368,274,52,22,30,222,28,194,18.97810218978102,8.02919708029197,10.948905109489052,81.02189781021897,10.218978102189782,70.8029197080292
E00080369,307,40,17,23,267,20,247,13.029315960912053,5.537459283387622,7.491856677524431,86.97068403908796,6.514657980456026,80.45602605863192
E00080370,315,33,14,19,282,34,248,10.476190476190476,4.444444444444445,6.031746031746032,89.52380952380953,10.793650793650794,78.73015873015873
E00080371,278,40,12,28,238,22,216,14.388489208633093,4.316546762589928,10.071942446043165,85.61151079136691,7.913669064748201,77.6978417266187
E00080372,268,101,51,50,167,12,155,37.6865671641791,19.029850746268657,18.65671641791045,62.31343283582089,4.477611940298507,57.83582089552238
E00080373,340,61,20,41,279,27,252,17.941176470588236,5.88235294117647,12.058823529411764,82.05882352941177,7.941176470588235,74.11764705882354
E00080374,350,86,54,32,264,26,238,24.571428571428573,15.428571428571427,9.142857142857142,75.42857142857143,7.428571428571429,68
E00080375,323,67,27,40,256,17,239,20.743034055727556,8.359133126934983,12.38390092879257,79.25696594427245,5.263157894736842,73.9938080495356
E00080376,446,66,19,47,380,29,351,14.798206278026907,4.260089686098654,10.538116591928251,85.20179372197309,6.502242152466367,78.69955156950674
E00080377,321,58,30,28,263,31,232,18.06853582554517,9.345794392523365,8.722741433021806,81.93146417445483,9.657320872274143,72.27414330218068
E00080378,267,67,37,30,200,14,186,25.0936329588015,13.857677902621724,11.235955056179774,74.90636704119851,5.2434456928838955,69.66292134831461
E00080379,214,61,34,27,153,10,143,28.504672897196258,15.887850467289718,12.616822429906541,71.49532710280374,4.672897196261682,66.82242990654206
E00080380,132,66,37,29,66,8,58,50,28.030303030303028,21.96969696969697,50,6.0606060606060606,43.93939393939394
E00080381,234,67,36,31,167,8,159,28.63247863247863,15.384615384615385,13.247863247863249,71.36752136752136,3.418803418803419,67.94871794871796
E00080383,295,44,12,32,251,19,232,14.915254237288137,4.067796610169491,10.847457627118644,85.08474576271186,6.440677966101695,78.64406779661017
E00080384,394,75,30,45,319,25,294,19.035532994923855,7.614213197969544,11.421319796954315,80.96446700507614,6.345177664974619,74.61928934010153
E00080385,247,63,27,36,184,13,171,25.506072874493928,10.931174089068826,14.5748987854251,74.49392712550608,5.263157894736842,69.23076923076923
E00080386,426,97,44,53,329,25,304,22.769953051643192,10.328638497652582,12.44131455399061,77.23004694835682,5.868544600938967,71.36150234741784
E00080387,325,81,42,39,244,14,230,24.923076923076923,12.923076923076923,12,75.07692307692308,4.3076923076923075,70.76923076923077
E00080388,244,52,26,26,192,15,177,21.311475409836063,10.655737704918032,10.655737704918032,78.68852459016394,6.147540983606557,72.54098360655738
E00080390,422,64,36,28,358,30,328,15.165876777251185,8.530805687203792,6.6350710900473935,84.83412322274881,7.109004739336493,77.72511848341233
E00080391,284,75,41,34,209,18,191,26.408450704225352,14.43661971830986,11.971830985915492,73.59154929577466,6.338028169014084,67.25352112676056
E00080392,261,47,19,28,214,23,191,18.007662835249043,7.2796934865900385,10.727969348659004,81.99233716475096,8.812260536398467,73.18007662835248
E00080393,369,55,23,32,314,25,289,14.905149051490515,6.233062330623306,8.672086720867208,85.09485094850947,6.775067750677506,78.31978319783198
E00080394,376,76,42,34,300,31,269,20.212765957446805,11.170212765957446,9.042553191489363,79.7872340425532,8.24468085106383,71.54255319148936
E00080395,401,84,34,50,317,28,289,20.947630922693268,8.478802992518704,12.468827930174564,79.05236907730672,6.982543640897755,72.06982543640898
E00080396,322,68,28,40,254,19,235,21.11801242236025,8.695652173913043,12.422360248447205,78.88198757763976,5.900621118012422,72.98136645962732
E00080397,405,72,34,38,333,22,311,17.77777777777778,8.395061728395062,9.382716049382717,82.22222222222221,5.432098765432099,76.79012345679013
E00080398,275,55,16,39,220,21,199,20,5.818181818181818,14.181818181818182,80,7.636363636363637,72.36363636363636
E00080399,319,59,24,35,260,16,244,18.495297805642632,7.523510971786834,10.9717868338558,81.50470219435736,5.015673981191222,76.48902821316614
E00080400,409,77,34,43,332,24,308,18.82640586797066,8.312958435207824,10.513447432762836,81.17359413202934,5.8679706601467,75.30562347188264
E00080401,368,58,18,40,310,24,286,15.760869565217392,4.891304347826087,10.869565217391305,84.23913043478261,6.521739130434782,77.71739130434783
E00080402,320,50,16,34,270,25,245,15.625,5,10.625,84.375,7.8125,76.5625
E00080403,400,99,43,56,301,34,267,24.75,10.75,14.000000000000002,75.25,8.5,66.75
E00080404,353,53,32,21,300,15,285,15.01416430594901,9.06515580736544,5.94900849858357,84.98583569405099,4.2492917847025495,80.73654390934844
E00080405,242,39,19,20,203,14,189,16.115702479338843,7.851239669421488,8.264462809917356,83.88429752066115,5.785123966942149,78.099173553719
E00080406,249,41,14,27,208,16,192,16.46586345381526,5.622489959839357,10.843373493975903,83.53413654618474,6.425702811244979,77.10843373493977
E00080407,362,42,21,21,320,20,300,11.602209944751381,5.801104972375691,5.801104972375691,88.39779005524862,5.524861878453039,82.87292817679558
E00080408,400,69,24,45,331,31,300,17.25,6,11.25,82.75,7.75,75
E00080409,284,50,26,24,234,21,213,17.6056338028169,9.15492957746479,8.450704225352112,82.3943661971831,7.394366197183098,75
E00080410,368,57,16,41,311,25,286,15.489130434782608,4.3478260869565215,11.141304347826086,84.51086956521739,6.7934782608695645,77.71739130434783
E00080411,311,43,19,24,268,22,246,13.826366559485532,6.109324758842444,7.717041800643088,86.17363344051448,7.07395498392283,79.09967845659163
E00080412,471,78,35,43,393,42,351,16.560509554140125,7.43099787685775,9.129511677282377,83.43949044585987,8.9171974522293,74.52229299363057
E00080413,295,52,20,32,243,17,226,17.627118644067796,6.779661016949152,10.847457627118644,82.37288135593221,5.762711864406779,76.61016949152543
E00080414,319,50,24,26,269,24,245,15.673981191222571,7.523510971786834,8.150470219435736,84.32601880877742,7.523510971786834,76.8025078369906
E00080415,325,48,17,31,277,20,257,14.76923076923077,5.230769230769231,9.538461538461538,85.23076923076923,6.153846153846154,79.07692307692308
E00080416,352,60,22,38,292,19,273,17.045454545454543,6.25,10.795454545454545,82.95454545454545,5.3977272727272725,77.55681818181817
E00080417,345,74,25,49,271,17,254,21.44927536231884,7.246376811594203,14.202898550724639,78.55072463768116,4.9275362318840585,73.62318840579711
E00080418,319,44,14,30,275,24,251,13.793103448275861,4.38871473354232,9.404388714733543,86.20689655172413,7.523510971786834,78.68338557993731
E00080419,272,41,17,24,231,29,202,15.073529411764705,6.25,8.823529411764707,84.92647058823529,10.661764705882353,74.26470588235294
E00080420,387,42,11,31,345,28,317,10.852713178294573,2.842377260981912,8.010335917312661,89.14728682170544,7.235142118863049,81.91214470284238
E00080421,215,53,26,27,162,10,152,24.651162790697676,12.093023255813954,12.558139534883722,75.34883720930232,4.651162790697675,70.69767441860465
E00080422,361,53,15,38,308,31,277,14.681440443213297,4.1551246537396125,10.526315789473683,85.3185595567867,8.587257617728532,76.73130193905817
E00080423,409,66,30,36,343,25,318,16.13691931540342,7.334963325183375,8.80195599022005,83.86308068459658,6.112469437652812,77.75061124694376
E00080424,300,36,14,22,264,18,246,12,4.666666666666667,7.333333333333333,88,6,82
E00080425,306,42,15,27,264,20,244,13.725490196078432,4.901960784313726,8.823529411764707,86.27450980392157,6.535947712418301,79.73856209150327
E00080426,340,66,32,34,274,22,252,19.411764705882355,9.411764705882353,10,80.58823529411765,6.470588235294119,74.11764705882354
E00080427,296,42,13,29,254,30,224,14.18918918918919,4.391891891891892,9.797297297297296,85.8108108108108,10.135135135135135,75.67567567567568
E00080428,260,46,17,29,214,19,195,17.692307692307693,6.538461538461539,11.153846153846155,82.3076923076923,7.307692307692308,75
E00080429,275,46,16,30,229,26,203,16.727272727272727,5.818181818181818,10.909090909090908,83.27272727272728,9.454545454545455,73.81818181818181
E00080430,312,60,26,34,252,24,228,19.230769230769234,8.333333333333332,10.897435897435898,80.76923076923077,7.6923076923076925,73.07692307692307
E00080431,288,45,13,32,243,24,219,15.625,4.513888888888888,11.11111111111111,84.375,8.333333333333332,76.04166666666666
E00080432,310,60,24,36,250,25,225,19.35483870967742,7.741935483870968,11.612903225806452,80.64516129032258,8.064516129032258,72.58064516129032
E00080433,290,32,9,23,258,20,238,11.03448275862069,3.103448275862069,7.931034482758621,88.96551724137932,6.896551724137931,82.06896551724138
E00080434,324,86,54,32,238,15,223,26.543209876543212,16.666666666666664,9.876543209876543,73.4567901234568,4.62962962962963,68.82716049382715
E00080435,267,38,18,20,229,21,208,14.232209737827715,6.741573033707865,7.490636704119851,85.76779026217228,7.865168539325842,77.90262172284645
E00080436,351,54,25,29,297,28,269,15.384615384615385,7.122507122507122,8.262108262108262,84.61538461538461,7.977207977207977,76.63817663817663
E00080437,354,71,31,40,283,23,260,20.056497175141246,8.757062146892656,11.299435028248588,79.94350282485875,6.497175141242938,73.44632768361582
E00080438,369,57,25,32,312,25,287,15.447154471544716,6.775067750677506,8.672086720867208,84.5528455284553,6.775067750677506,77.77777777777779
E00080439,240,35,10,25,205,12,193,14.583333333333334,4.166666666666666,10.416666666666668,85.41666666666666,5,80.41666666666667
E00080440,379,65,29,36,314,22,292,17.150395778364118,7.651715039577836,9.498680738786279,82.84960422163589,5.804749340369393,77.04485488126649
E00080441,256,34,14,20,222,23,199,13.28125,5.46875,7.8125,86.71875,8.984375,77.734375
E00080442,331,61,27,34,270,16,254,18.429003021148034,8.157099697885197,10.27190332326284,81.57099697885197,4.833836858006042,76.73716012084593
E00080443,252,42,17,25,210,23,187,16.666666666666664,6.746031746031746,9.920634920634921,83.33333333333334,9.126984126984127,74.20634920634922
E00080444,263,40,18,22,223,15,208,15.209125475285171,6.844106463878327,8.365019011406844,84.79087452471484,5.7034220532319395,79.08745247148289
E00080445,356,26,10,16,330,27,303,7.303370786516854,2.8089887640449436,4.49438202247191,92.69662921348315,7.584269662921349,85.1123595505618
E00080446,356,29,7,22,327,26,301,8.146067415730338,1.9662921348314606,6.179775280898876,91.85393258426966,7.303370786516854,84.5505617977528
E00080447,304,25,7,18,279,15,264,8.223684210526317,2.302631578947368,5.921052631578947,91.77631578947368,4.934210526315789,86.8421052631579
E00080448,308,45,18,27,263,27,236,14.61038961038961,5.844155844155844,8.766233766233766,85.3896103896104,8.766233766233766,76.62337662337663
E00080449,361,31,10,21,330,27,303,8.587257617728532,2.7700831024930745,5.8171745152354575,91.41274238227147,7.479224376731302,83.93351800554017
E00080450,329,43,13,30,286,27,259,13.069908814589665,3.951367781155015,9.118541033434651,86.93009118541033,8.206686930091186,78.72340425531915
E00080451,312,30,9,21,282,20,262,9.615384615384617,2.8846153846153846,6.730769230769231,90.38461538461539,6.41025641025641,83.97435897435898
E00080452,319,31,10,21,288,20,268,9.717868338557993,3.1347962382445136,6.583072100313479,90.28213166144201,6.269592476489027,84.01253918495298
E00080453,315,41,12,29,274,23,251,13.015873015873018,3.8095238095238098,9.206349206349207,86.98412698412699,7.301587301587302,79.68253968253968
E00080454,288,45,18,27,243,22,221,15.625,6.25,9.375,84.375,7.638888888888889,76.73611111111111
E00080455,332,36,7,29,296,28,268,10.843373493975903,2.108433734939759,8.734939759036145,89.1566265060241,8.433734939759036,80.72289156626506
E00080456,300,37,13,24,263,28,235,12.333333333333334,4.333333333333334,8,87.66666666666667,9.333333333333334,78.33333333333333
E00080457,295,50,16,34,245,24,221,16.94915254237288,5.423728813559322,11.525423728813559,83.05084745762711,8.135593220338983,74.91525423728814
E00080458,339,28,5,23,311,25,286,8.259587020648967,1.4749262536873156,6.784660766961652,91.74041297935102,7.374631268436578,84.36578171091446
E00080459,347,32,12,20,315,23,292,9.221902017291066,3.45821325648415,5.763688760806916,90.77809798270894,6.628242074927954,84.14985590778097
E00080460,325,53,19,34,272,24,248,16.307692307692307,5.846153846153846,10.461538461538462,83.6923076923077,7.384615384615385,76.3076923076923
E00080461,316,48,21,27,268,29,239,15.18987341772152,6.6455696202531636,8.544303797468354,84.81012658227847,9.177215189873419,75.63291139240506
E00080462,265,42,16,26,223,24,199,15.849056603773585,6.037735849056604,9.811320754716983,84.15094339622642,9.056603773584905,75.09433962264151
E00080463,281,40,19,21,241,26,215,14.23487544483986,6.761565836298933,7.473309608540925,85.76512455516014,9.252669039145907,76.51245551601423
E00080464,331,42,14,28,289,21,268,12.688821752265861,4.229607250755287,8.459214501510575,87.31117824773413,6.3444108761329305,80.96676737160121
E00080465,311,28,9,19,283,23,260,9.003215434083602,2.8938906752411575,6.109324758842444,90.9967845659164,7.395498392282958,83.60128617363344
E00080466,324,21,8,13,303,22,281,6.481481481481481,2.4691358024691357,4.012345679012346,93.51851851851852,6.790123456790123,86.72839506172839
E00080467,283,34,11,23,249,16,233,12.014134275618375,3.8869257950530036,8.12720848056537,87.98586572438163,5.6537102473498235,82.3321554770318
E00080468,316,48,10,38,268,31,237,15.18987341772152,3.1645569620253164,12.025316455696203,84.81012658227847,9.81012658227848,75
E00080469,237,34,11,23,203,14,189,14.345991561181433,4.641350210970464,9.70464135021097,85.65400843881856,5.9071729957805905,79.74683544303798
E00080470,284,29,12,17,255,21,234,10.211267605633804,4.225352112676056,5.985915492957746,89.7887323943662,7.394366197183098,82.3943661971831
E00080471,382,20,6,14,362,24,338,5.2356020942408374,1.5706806282722512,3.664921465968586,94.76439790575915,6.282722513089005,88.48167539267016
E00080472,343,53,19,34,290,20,270,15.451895043731778,5.539358600583091,9.912536443148689,84.54810495626822,5.830903790087463,78.71720116618076
E00080473,278,51,21,30,227,20,207,18.345323741007196,7.553956834532374,10.79136690647482,81.65467625899281,7.1942446043165464,74.46043165467626
E00080474,315,91,48,43,224,24,200,28.888888888888886,15.238095238095239,13.65079365079365,71.11111111111111,7.6190476190476195,63.49206349206349
E00080475,350,72,37,35,278,15,263,20.57142857142857,10.571428571428571,10,79.42857142857143,4.285714285714286,75.14285714285714
E00080476,291,55,17,38,236,19,217,18.900343642611684,5.841924398625429,13.058419243986256,81.09965635738831,6.529209621993128,74.5704467353952
E00080477,394,37,13,24,357,27,330,9.390862944162437,3.2994923857868024,6.091370558375635,90.60913705583756,6.852791878172589,83.75634517766497
E00080478,320,43,14,29,277,26,251,13.4375,4.375,9.0625,86.5625,8.125,78.4375
E00080479,299,38,13,25,261,14,247,12.709030100334449,4.3478260869565215,8.361204013377927,87.29096989966555,4.682274247491638,82.6086956521739
E00080480,287,62,23,39,225,34,191,21.602787456445995,8.013937282229964,13.588850174216027,78.397212543554,11.846689895470384,66.55052264808361
E00080481,289,50,20,30,239,16,223,17.301038062283737,6.920415224913495,10.380622837370241,82.69896193771626,5.536332179930796,77.16262975778547
E00080482,293,37,13,24,256,27,229,12.627986348122866,4.436860068259386,8.19112627986348,87.37201365187714,9.215017064846416,78.15699658703072
E00080483,239,37,15,22,202,14,188,15.481171548117153,6.2761506276150625,9.205020920502092,84.51882845188284,5.857740585774058,78.66108786610879
E00080484,293,45,22,23,248,23,225,15.358361774744028,7.508532423208192,7.849829351535837,84.64163822525597,7.849829351535837,76.79180887372013
E00080485,339,36,8,28,303,27,276,10.619469026548673,2.359882005899705,8.259587020648967,89.38053097345133,7.964601769911504,81.41592920353983
E00080486,324,43,17,26,281,31,250,13.271604938271606,5.246913580246913,8.024691358024691,86.72839506172839,9.5679012345679,77.1604938271605
E00080487,262,47,16,31,215,17,198,17.938931297709924,6.106870229007633,11.83206106870229,82.06106870229007,6.488549618320611,75.57251908396947
E00080488,379,80,42,38,299,17,282,21.108179419525065,11.081794195250659,10.026385224274406,78.89182058047494,4.485488126649076,74.40633245382587
E00080489,298,55,29,26,243,13,230,18.456375838926174,9.731543624161073,8.724832214765101,81.54362416107382,4.3624161073825505,77.18120805369128
E00080490,291,65,27,38,226,19,207,22.336769759450174,9.278350515463918,13.058419243986256,77.66323024054984,6.529209621993128,71.1340206185567
E00080491,375,107,61,46,268,24,244,28.53333333333333,16.266666666666666,12.266666666666666,71.46666666666667,6.4,65.06666666666666
E00080492,367,90,37,53,277,17,260,24.52316076294278,10.08174386920981,14.441416893732969,75.47683923705722,4.632152588555858,70.84468664850137
E00080493,365,50,20,30,315,28,287,13.698630136986301,5.47945205479452,8.21917808219178,86.3013698630137,7.671232876712329,78.63013698630137
E00080494,415,89,36,53,326,24,302,21.44578313253012,8.674698795180722,12.771084337349398,78.55421686746989,5.783132530120482,72.77108433734941
E00080495,336,44,18,26,292,19,273,13.095238095238097,5.357142857142857,7.738095238095238,86.90476190476191,5.654761904761905,81.25
E00080496,338,58,21,37,280,20,260,17.159763313609467,6.21301775147929,10.946745562130179,82.84023668639054,5.9171597633136095,76.92307692307693
E00080497,312,43,14,29,269,17,252,13.782051282051283,4.487179487179487,9.294871794871796,86.21794871794873,5.448717948717949,80.76923076923077
E00080498,274,69,29,40,205,12,193,25.18248175182482,10.583941605839415,14.5985401459854,74.81751824817519,4.37956204379562,70.43795620437956
E00080499,386,52,19,33,334,28,306,13.471502590673575,4.922279792746114,8.549222797927461,86.52849740932642,7.253886010362693,79.27461139896373
E00080500,391,111,53,58,280,26,254,28.388746803069054,13.554987212276215,14.83375959079284,71.61125319693095,6.649616368286446,64.9616368286445
E00080501,340,77,39,38,263,13,250,22.647058823529413,11.470588235294118,11.176470588235295,77.3529411764706,3.823529411764706,73.52941176470588
E00080502,357,62,28,34,295,17,278,17.366946778711483,7.8431372549019605,9.523809523809524,82.6330532212885,4.761904761904762,77.87114845938376
E00080503,317,53,22,31,264,34,230,16.7192429022082,6.940063091482649,9.779179810725552,83.2807570977918,10.725552050473187,72.55520504731862
E00169993,312,65,27,38,247,19,228,20.833333333333336,8.653846153846153,12.179487179487179,79.16666666666666,6.089743589743589,73.07692307692307
E00169994,288,66,21,45,222,26,196,22.916666666666664,7.291666666666667,15.625,77.08333333333334,9.027777777777777,68.05555555555556
E00169995,321,55,22,33,266,16,250,17.133956386292834,6.853582554517133,10.2803738317757,82.86604361370716,4.984423676012461,77.88161993769471
E00169996,302,64,34,30,238,15,223,21.192052980132452,11.258278145695364,9.933774834437086,78.80794701986756,4.966887417218543,73.84105960264901
E00169997,490,85,41,44,405,23,382,17.346938775510203,8.36734693877551,8.979591836734693,82.6530612244898,4.6938775510204085,77.9591836734694
E00169998,580,53,16,37,527,52,475,9.137931034482758,2.7586206896551726,6.379310344827586,90.86206896551724,8.96551724137931,81.89655172413794
E00169999,293,44,11,33,249,25,224,15.017064846416384,3.754266211604096,11.262798634812286,84.98293515358361,8.532423208191126,76.45051194539249
E00170000,327,74,37,37,253,11,242,22.629969418960243,11.314984709480122,11.314984709480122,77.37003058103976,3.3639143730886847,74.00611620795107
E00170001,265,47,13,34,218,17,201,17.735849056603772,4.905660377358491,12.830188679245284,82.26415094339623,6.415094339622642,75.84905660377359
E00180465,338,58,25,33,280,14,266,17.159763313609467,7.396449704142012,9.763313609467456,82.84023668639054,4.142011834319527,78.69822485207101
E00180466,253,47,17,30,206,13,193,18.57707509881423,6.719367588932807,11.857707509881422,81.42292490118577,5.138339920948617,76.28458498023716
E00180474,358,62,29,33,296,20,276,17.318435754189945,8.100558659217876,9.217877094972067,82.68156424581005,5.58659217877095,77.09497206703911
E00180480,280,39,17,22,241,9,232,13.928571428571429,6.071428571428571,7.857142857142857,86.07142857142858,3.214285714285714,82.85714285714286
E00180486,160,28,16,12,132,6,126,17.5,10,7.5,82.5,3.75,78.75
E00180490,579,46,16,30,533,39,494,7.9447322970639025,2.763385146804836,5.181347150259067,92.05526770293609,6.7357512953367875,85.31951640759931
E00180492,101,40,25,15,61,9,52,39.603960396039604,24.752475247524753,14.85148514851485,60.396039603960396,8.91089108910891,51.48514851485149
E00180502,376,66,25,41,310,31,279,17.5531914893617,6.648936170212766,10.904255319148938,82.4468085106383,8.24468085106383,74.20212765957447
E00180503,256,38,24,14,218,19,199,14.84375,9.375,5.46875,85.15625,7.421875,77.734375
E00180507,241,81,37,44,160,7,153,33.60995850622407,15.352697095435685,18.25726141078838,66.39004149377593,2.904564315352697,63.48547717842323
E00180508,135,30,9,21,105,9,96,22.22222222222222,6.666666666666667,15.555555555555555,77.77777777777779,6.666666666666667,71.11111111111111
E00180513,280,39,21,18,241,27,214,13.928571428571429,7.5,6.428571428571428,86.07142857142858,9.642857142857144,76.42857142857142
E00180531,382,68,15,53,314,34,280,17.801047120418847,3.926701570680628,13.874345549738221,82.19895287958116,8.900523560209423,73.29842931937172
E00180542,354,85,43,42,269,12,257,24.01129943502825,12.146892655367232,11.864406779661017,75.98870056497175,3.389830508474576,72.59887005649718
E00180544,298,55,28,27,243,16,227,18.456375838926174,9.395973154362416,9.060402684563758,81.54362416107382,5.369127516778524,76.1744966442953
E00180545,119,15,6,9,104,9,95,12.605042016806722,5.042016806722689,7.563025210084033,87.39495798319328,7.563025210084033,79.83193277310924
E00180550,350,70,27,43,280,22,258,20,7.7142857142857135,12.285714285714286,80,6.2857142857142865,73.71428571428571
E00180553,283,27,9,18,256,13,243,9.540636042402827,3.180212014134275,6.36042402826855,90.45936395759718,4.593639575971731,85.86572438162544
E00180557,448,56,21,35,392,21,371,12.5,4.6875,7.8125,87.5,4.6875,82.8125
E00180558,186,19,6,13,167,16,151,10.21505376344086,3.225806451612903,6.989247311827956,89.78494623655914,8.60215053763441,81.18279569892472
