OA,ts0590001,ts0590002,ts0590003,ts0590004,ts0590005,ts0590006,ts0590007,ts0590002_PCT,ts0590003_PCT,ts0590004_PCT,ts0590005_PCT,ts0590006_PCT,ts0590007_PCT
E00083414,143,44,18,26,99,87,12,30.76923076923077,12.587412587412588,18.181818181818183,69.23076923076923,60.83916083916085,8.391608391608392
E00083415,170,54,27,27,116,71,45,31.76470588235294,15.88235294117647,15.88235294117647,68.23529411764706,41.76470588235294,26.47058823529412
E00083416,221,70,26,44,151,112,39,31.674208144796378,11.76470588235294,19.90950226244344,68.32579185520362,50.678733031674206,17.647058823529413
E00083417,215,52,33,19,163,113,50,24.186046511627907,15.348837209302326,8.837209302325581,75.81395348837209,52.55813953488372,23.25581395348837
E00083418,131,33,11,22,98,72,26,25.190839694656486,8.396946564885496,16.793893129770993,74.80916030534351,54.961832061068705,19.84732824427481
E00083419,210,63,30,33,147,84,63,30,14.285714285714285,15.714285714285714,70,40,30
E00083420,159,47,20,27,112,77,35,29.559748427672954,12.578616352201259,16.9811320754717,70.44025157232704,48.42767295597484,22.0125786163522
E00083421,101,32,11,21,69,61,8,31.683168316831683,10.891089108910892,20.792079207920793,68.31683168316832,60.396039603960396,7.920792079207921
E00083422,228,71,39,32,157,103,54,31.140350877192986,17.105263157894736,14.035087719298245,68.85964912280701,45.17543859649123,23.684210526315788
E00083423,73,24,12,12,49,36,13,32.87671232876712,16.43835616438356,16.43835616438356,67.12328767123287,49.31506849315068,17.80821917808219
E00083424,139,45,26,19,94,61,33,32.37410071942446,18.705035971223023,13.66906474820144,67.62589928057554,43.884892086330936,23.741007194244602
E00083425,179,46,18,28,133,108,25,25.69832402234637,10.05586592178771,15.64245810055866,74.30167597765363,60.33519553072626,13.966480446927374
E00083426,217,59,30,29,158,106,52,27.188940092165897,13.82488479262673,13.36405529953917,72.81105990783409,48.8479262672811,23.963133640552993
E00083427,148,70,36,34,78,65,13,47.2972972972973,24.324324324324326,22.972972972972975,52.702702702702695,43.91891891891892,8.783783783783784
E00083429,239,77,26,51,162,137,25,32.21757322175732,10.87866108786611,21.338912133891213,67.78242677824268,57.32217573221757,10.460251046025103
E00083430,230,47,22,25,183,147,36,20.434782608695652,9.565217391304348,10.869565217391305,79.56521739130434,63.91304347826087,15.65217391304348
E00083431,168,29,14,15,139,115,24,17.261904761904763,8.333333333333332,8.928571428571429,82.73809523809523,68.45238095238095,14.285714285714285
E00083432,191,46,20,26,145,126,19,24.083769633507853,10.471204188481675,13.612565445026178,75.91623036649214,65.96858638743456,9.947643979057592
E00083433,220,53,17,36,167,131,36,24.09090909090909,7.727272727272727,16.363636363636363,75.9090909090909,59.54545454545455,16.363636363636363
E00083434,227,69,37,32,158,120,38,30.396475770925107,16.299559471365637,14.096916299559473,69.60352422907489,52.863436123348016,16.740088105726873
E00083435,193,50,18,32,143,105,38,25.906735751295333,9.32642487046632,16.580310880829018,74.09326424870466,54.40414507772021,19.689119170984455
E00083436,187,41,15,26,146,121,25,21.92513368983957,8.0213903743315509,13.903743315508022,78.07486631016043,64.70588235294117,13.368983957219251
E00083437,158,42,21,21,116,102,14,26.582278481012654,13.291139240506327,13.291139240506327,73.41772151898735,64.55696202531645,8.860759493670885
E00083438,192,37,19,18,155,136,19,19.270833333333336,9.895833333333332,9.375,80.72916666666666,70.83333333333334,9.895833333333332
E00083439,195,37,14,23,158,136,22,18.974358974358974,7.179487179487179,11.794871794871794,81.02564102564102,69.74358974358974,11.282051282051283
E00083440,186,41,11,30,145,122,23,22.043010752688172,5.913978494623656,16.129032258064516,77.95698924731182,65.59139784946237,12.365591397849462
E00083441,288,76,30,46,212,187,25,26.38888888888889,10.416666666666668,15.972222222222221,73.61111111111111,64.93055555555556,8.680555555555555
E00083442,203,74,29,45,129,122,7,36.45320197044335,14.285714285714285,22.167487684729064,63.54679802955665,60.09852216748769,3.4482758620689653
E00083443,162,39,11,28,123,100,23,24.074074074074073,6.790123456790123,17.28395061728395,75.92592592592592,61.72839506172839,14.19753086419753
E00083444,216,61,19,42,155,140,15,28.240740740740737,8.796296296296296,19.444444444444446,71.75925925925925,64.81481481481481,6.944444444444445
E00083445,153,26,12,14,127,106,21,16.99346405228758,7.8431372549019605,9.15032679738562,83.00653594771242,69.28104575163398,13.725490196078432
E00083446,165,44,23,21,121,94,27,26.666666666666668,13.939393939393941,12.727272727272727,73.33333333333333,56.96969696969697,16.363636363636363
E00083447,188,57,20,37,131,120,11,30.319148936170215,10.638297872340425,19.680851063829788,69.68085106382979,63.829787234042556,5.851063829787234
E00083448,210,52,24,28,158,129,29,24.761904761904763,11.428571428571429,13.333333333333334,75.23809523809524,61.42857142857143,13.80952380952381
E00083449,217,36,12,24,181,158,23,16.589861751152075,5.529953917050691,11.059907834101383,83.41013824884793,72.81105990783409,10.599078341013826
E00083450,154,46,19,27,108,89,19,29.87012987012987,12.337662337662337,17.532467532467532,70.12987012987013,57.7922077922078,12.337662337662337
E00083451,179,41,15,26,138,111,27,22.905027932960895,8.379888268156424,14.52513966480447,77.09497206703911,62.01117318435754,15.083798882681565
E00083452,163,33,12,21,130,109,21,20.245398773006134,7.361963190184049,12.883435582822086,79.75460122699386,66.87116564417178,12.883435582822086
E00083453,181,39,12,27,142,120,22,21.54696132596685,6.629834254143646,14.917127071823206,78.45303867403315,66.29834254143645,12.154696132596685
E00083454,114,30,11,19,84,60,24,26.31578947368421,9.649122807017543,16.666666666666664,73.68421052631578,52.63157894736842,21.052631578947366
E00083455,157,51,26,25,106,72,34,32.48407643312102,16.560509554140125,15.92356687898089,67.51592356687898,45.85987261146497,21.656050955414013
E00083456,158,52,22,30,106,73,33,32.91139240506329,13.924050632911392,18.9873417721519,67.08860759493672,46.20253164556962,20.88607594936709
E00083457,60,26,15,11,34,27,7,43.333333333333336,25,18.333333333333332,56.666666666666664,45,11.666666666666666
E00083458,192,64,23,41,128,106,22,33.33333333333333,11.979166666666668,21.354166666666664,66.66666666666666,55.208333333333336,11.458333333333332
E00083459,69,16,5,11,53,45,8,23.18840579710145,7.246376811594203,15.942028985507244,76.81159420289855,65.21739130434783,11.594202898550725
E00083460,171,46,19,27,125,105,20,26.900584795321635,11.11111111111111,15.789473684210526,73.09941520467837,61.40350877192983,11.695906432748536
E00083461,181,47,15,32,134,100,34,25.96685082872928,8.287292817679557,17.67955801104972,74.03314917127072,55.24861878453039,18.784530386740332
E00083462,112,24,12,12,88,73,15,21.428571428571427,10.714285714285714,10.714285714285714,78.57142857142857,65.17857142857143,13.392857142857142
E00083463,160,39,18,21,121,91,30,24.375,11.25,13.125,75.625,56.875,18.75
E00083464,167,54,26,28,113,87,26,32.33532934131736,15.568862275449103,16.766467065868262,67.66467065868264,52.09580838323353,15.568862275449103
E00083465,168,50,24,26,118,96,22,29.761904761904763,14.285714285714285,15.476190476190476,70.23809523809523,57.14285714285714,13.095238095238097
E00083466,188,51,20,31,137,97,40,27.127659574468083,10.638297872340425,16.48936170212766,72.87234042553192,51.59574468085106,21.27659574468085
E00083467,165,54,29,25,111,79,32,32.72727272727273,17.575757575757574,15.151515151515152,67.27272727272727,47.878787878787875,19.393939393939394
E00083468,102,33,12,21,69,61,8,32.35294117647059,11.76470588235294,20.588235294117645,67.64705882352942,59.80392156862745,7.8431372549019605
E00083469,148,54,26,28,94,77,17,36.486486486486484,17.56756756756757,18.91891891891892,63.51351351351351,52.02702702702703,11.486486486486488
E00083470,104,30,18,12,74,49,25,28.846153846153843,17.307692307692307,11.538461538461538,71.15384615384616,47.11538461538461,24.03846153846154
E00083471,174,49,18,31,125,89,36,28.160919540229884,10.344827586206897,17.81609195402299,71.83908045977012,51.14942528735632,20.689655172413794
E00083472,152,49,17,32,103,73,30,32.23684210526316,11.18421052631579,21.052631578947366,67.76315789473685,48.026315789473685,19.736842105263158
E00083473,178,59,30,29,119,74,45,33.146067415730336,16.853932584269664,16.292134831460675,66.85393258426966,41.57303370786517,25.280898876404496
E00083474,213,67,26,41,146,102,44,31.455399061032864,12.206572769953052,19.248826291079812,68.54460093896714,47.88732394366197,20.657276995305164
E00083475,149,44,12,32,105,72,33,29.53020134228188,8.053691275167784,21.476510067114095,70.46979865771812,48.322147651006716,22.14765100671141
E00083476,120,26,10,16,94,78,16,21.666666666666668,8.333333333333332,13.333333333333334,78.33333333333333,65,13.333333333333334
E00083477,157,44,18,26,113,100,13,28.02547770700637,11.464968152866243,16.560509554140125,71.97452229299363,63.69426751592356,8.280254777070063
E00083478,182,53,25,28,129,93,36,29.120879120879124,13.736263736263737,15.384615384615385,70.87912087912088,51.098901098901095,19.78021978021978
E00083480,166,46,15,31,120,101,19,27.710843373493976,9.036144578313253,18.67469879518072,72.28915662650603,60.8433734939759,11.44578313253012
E00083481,201,47,17,30,154,128,26,23.383084577114428,8.45771144278607,14.925373134328357,76.61691542288557,63.681592039801,12.935323383084576
E00083482,261,83,31,52,178,146,32,31.800766283524908,11.877394636015326,19.923371647509576,68.19923371647509,55.938697318007655,12.260536398467432
E00083483,165,38,19,19,127,119,8,23.03030303030303,11.515151515151516,11.515151515151516,76.96969696969697,72.12121212121212,4.848484848484849
E00083484,146,34,12,22,112,84,28,23.28767123287671,8.21917808219178,15.068493150684931,76.71232876712328,57.534246575342465,19.17808219178082
E00083485,142,31,15,16,111,84,27,21.830985915492956,10.56338028169014,11.267605633802818,78.16901408450704,59.154929577464785,19.014084507042252
E00083486,191,53,27,26,138,126,12,27.748691099476442,14.136125654450263,13.612565445026178,72.25130890052355,65.96858638743456,6.282722513089005
E00083487,144,40,13,27,104,79,25,27.77777777777778,9.027777777777777,18.75,72.22222222222221,54.861111111111114,17.36111111111111
E00083488,118,28,13,15,90,66,24,23.728813559322035,11.016949152542372,12.711864406779661,76.27118644067797,55.932203389830505,20.33898305084746
E00083489,162,33,12,21,129,98,31,20.37037037037037,7.4074074074074066,12.962962962962962,79.62962962962963,60.49382716049383,19.1358024691358
E00083490,203,43,20,23,160,124,36,21.182266009852217,9.852216748768473,11.330049261083744,78.81773399014779,61.083743842364534,17.733990147783253
E00083491,271,48,24,24,223,191,32,17.712177121771216,8.856088560885608,8.856088560885608,82.28782287822878,70.47970479704797,11.808118081180812
E00083492,190,55,31,24,135,105,30,28.947368421052634,16.315789473684212,12.631578947368421,71.05263157894737,55.26315789473685,15.789473684210526
E00083493,208,41,17,24,167,145,22,19.71153846153846,8.173076923076923,11.538461538461538,80.28846153846155,69.71153846153845,10.576923076923077
E00083494,173,40,10,30,133,109,24,23.121387283236995,5.780346820809249,17.341040462427745,76.878612716763,63.005780346820806,13.872832369942195
E00083495,203,53,23,30,150,120,30,26.108374384236456,11.330049261083744,14.77832512315271,73.89162561576354,59.11330049261084,14.77832512315271
E00083496,187,49,20,29,138,108,30,26.203208556149733,10.695187165775401,15.508021390374333,73.79679144385027,57.75401069518716,16.042780748663102
E00083497,137,29,8,21,108,89,19,21.16788321167883,5.839416058394161,15.328467153284672,78.83211678832117,64.96350364963503,13.86861313868613
E00083498,129,33,18,15,96,88,8,25.581395348837212,13.953488372093023,11.627906976744185,74.4186046511628,68.21705426356588,6.2015503875969
E00083499,205,49,21,28,156,120,36,23.902439024390244,10.24390243902439,13.658536585365855,76.09756097560975,58.536585365853654,17.560975609756095
E00083500,151,48,23,25,103,68,35,31.788079470198678,15.2317880794702,16.55629139072848,68.21192052980133,45.033112582781456,23.178807947019866
E00083501,72,24,7,17,48,34,14,33.33333333333333,9.722222222222223,23.61111111111111,66.66666666666666,47.22222222222222,19.444444444444446
E00083502,114,27,11,16,87,53,34,23.684210526315788,9.649122807017543,14.035087719298245,76.31578947368422,46.49122807017544,29.82456140350877
E00083503,181,43,17,26,138,92,46,23.756906077348066,9.392265193370166,14.3646408839779,76.24309392265194,50.82872928176796,25.41436464088398
E00083504,185,48,21,27,137,100,37,25.945945945945947,11.351351351351353,14.594594594594595,74.05405405405405,54.054054054054056,20
E00083505,198,56,25,31,142,119,23,28.28282828282828,12.626262626262626,15.656565656565657,71.71717171717171,60.1010101010101,11.616161616161616
E00083506,242,71,26,45,171,129,42,29.338842975206614,10.743801652892563,18.59504132231405,70.66115702479338,53.30578512396694,17.355371900826448
E00083507,168,35,16,19,133,103,30,20.833333333333336,9.523809523809524,11.30952380952381,79.16666666666666,61.30952380952381,17.857142857142858
E00083508,159,42,17,25,117,98,19,26.41509433962264,10.69182389937107,15.723270440251572,73.58490566037736,61.63522012578616,11.949685534591195
E00083509,174,46,14,32,128,106,22,26.436781609195403,8.045977011494253,18.39080459770115,73.5632183908046,60.91954022988506,12.643678160919542
E00083510,173,45,19,26,128,102,26,26.011560693641616,10.982658959537572,15.028901734104046,73.98843930635837,58.95953757225434,15.028901734104046
E00083511,113,33,7,26,80,70,10,29.20353982300885,6.1946902654867255,23.008849557522122,70.79646017699115,61.94690265486725,8.849557522123893
E00083512,192,54,22,32,138,106,32,28.125,11.458333333333332,16.666666666666664,71.875,55.208333333333336,16.666666666666664
E00083513,117,39,10,29,78,60,18,33.33333333333333,8.547008547008547,24.786324786324787,66.66666666666666,51.28205128205128,15.384615384615385
E00083514,171,41,12,29,130,115,15,23.976608187134502,7.017543859649122,16.95906432748538,76.0233918128655,67.2514619883041,8.771929824561402
E00083515,132,39,7,32,93,79,14,29.545454545454547,5.303030303030303,24.242424242424242,70.45454545454545,59.84848484848485,10.606060606060606
E00083516,162,49,18,31,113,85,28,30.246913580246915,11.11111111111111,19.1358024691358,69.75308641975309,52.46913580246913,17.28395061728395
E00083517,145,40,19,21,105,80,25,27.586206896551722,13.10344827586207,14.482758620689657,72.41379310344827,55.172413793103445,17.24137931034483
E00083518,127,39,16,23,88,64,24,30.708661417322837,12.598425196850393,18.11023622047244,69.29133858267717,50.39370078740157,18.89763779527559
E00083519,153,29,13,16,124,102,22,18.954248366013072,8.49673202614379,10.457516339869281,81.04575163398692,66.66666666666666,14.37908496732026
E00083520,138,38,18,20,100,68,32,27.536231884057973,13.043478260869565,14.492753623188406,72.46376811594203,49.275362318840585,23.18840579710145
E00083521,173,46,23,23,127,88,39,26.589595375722542,13.294797687861271,13.294797687861271,73.41040462427746,50.86705202312138,22.54335260115607
E00083522,118,29,10,19,89,72,17,24.576271186440678,8.47457627118644,16.101694915254235,75.42372881355932,61.016949152542374,14.40677966101695
E00083523,173,30,13,17,143,100,43,17.341040462427745,7.514450867052023,9.826589595375722,82.65895953757226,57.80346820809249,24.85549132947977
E00083524,158,33,14,19,125,82,43,20.88607594936709,8.860759493670885,12.025316455696203,79.11392405063292,51.89873417721519,27.21518987341772
E00083525,173,34,19,15,139,116,23,19.653179190751445,10.982658959537572,8.670520231213873,80.34682080924856,67.05202312138728,13.294797687861271
E00083526,148,43,15,28,105,80,25,29.054054054054053,10.135135135135135,18.91891891891892,70.94594594594594,54.054054054054056,16.89189189189189
E00083527,183,39,12,27,144,109,35,21.311475409836063,6.557377049180328,14.754098360655737,78.68852459016394,59.56284153005464,19.12568306010929
E00083528,116,25,12,13,91,65,26,21.551724137931032,10.344827586206897,11.206896551724139,78.44827586206897,56.03448275862068,22.413793103448278
E00083529,184,41,21,20,143,97,46,22.282608695652172,11.41304347826087,10.869565217391305,77.71739130434783,52.71739130434783,25
E00083530,188,45,15,30,143,117,26,23.93617021276596,7.9787234042553195,15.957446808510639,76.06382978723404,62.23404255319149,13.829787234042554
E00083531,82,28,14,14,54,41,13,34.146341463414636,17.073170731707318,17.073170731707318,65.85365853658537,50,15.853658536585366
E00083532,204,39,15,24,165,119,46,19.11764705882353,7.352941176470589,11.76470588235294,80.88235294117648,58.333333333333336,22.54901960784314
E00083533,404,45,18,27,359,205,154,11.138613861386139,4.455445544554455,6.683168316831684,88.86138613861387,50.742574257425744,38.11881188118812
E00083534,232,47,19,28,185,152,33,20.25862068965517,8.189655172413794,12.068965517241379,79.74137931034483,65.51724137931035,14.224137931034484
E00083535,155,32,18,14,123,99,24,20.64516129032258,11.612903225806452,9.032258064516128,79.35483870967742,63.87096774193548,15.483870967741936
E00083536,152,27,12,15,125,82,43,17.763157894736842,7.894736842105263,9.868421052631579,82.23684210526315,53.94736842105263,28.289473684210524
E00083537,168,39,19,20,129,98,31,23.214285714285715,11.30952380952381,11.904761904761903,76.78571428571429,58.333333333333336,18.452380952380953
E00083538,196,36,14,22,160,137,23,18.367346938775512,7.142857142857142,11.224489795918368,81.63265306122449,69.89795918367348,11.73469387755102
E00083539,136,37,20,17,99,61,38,27.205882352941174,14.705882352941178,12.5,72.79411764705883,44.85294117647059,27.941176470588236
E00083540,161,35,12,23,126,102,24,21.73913043478261,7.453416149068323,14.285714285714285,78.26086956521739,63.35403726708074,14.906832298136646
E00083541,101,19,10,9,82,54,28,18.81188118811881,9.900990099009901,8.91089108910891,81.1881188118812,53.46534653465347,27.722772277227726
E00083542,178,32,19,13,146,125,21,17.97752808988764,10.674157303370785,7.303370786516854,82.02247191011236,70.2247191011236,11.797752808988763
E00083543,192,27,15,12,165,130,35,14.0625,7.8125,6.25,85.9375,67.70833333333334,18.229166666666664
E00083544,182,39,17,22,143,121,22,21.428571428571427,9.340659340659341,12.087912087912088,78.57142857142857,66.48351648351648,12.087912087912088
E00083545,166,32,9,23,134,104,30,19.27710843373494,5.421686746987952,13.855421686746988,80.72289156626506,62.65060240963856,18.072289156626507
E00083546,163,34,15,19,129,106,23,20.858895705521473,9.202453987730062,11.65644171779141,79.14110429447852,65.03067484662577,14.11042944785276
E00083547,227,45,20,25,182,134,48,19.823788546255507,8.81057268722467,11.013215859030836,80.1762114537445,59.03083700440529,21.145374449339208
E00083548,276,64,33,31,212,166,46,23.18840579710145,11.956521739130435,11.231884057971014,76.81159420289855,60.14492753623188,16.666666666666664
E00083549,273,68,25,43,205,166,39,24.90842490842491,9.157509157509157,15.75091575091575,75.0915750915751,60.8058608058608,14.285714285714285
E00083550,152,35,15,20,117,84,33,23.026315789473685,9.868421052631579,13.157894736842104,76.97368421052632,55.26315789473685,21.710526315789476
E00083551,164,40,17,23,124,103,21,24.390243902439025,10.365853658536585,14.02439024390244,75.60975609756098,62.80487804878049,12.804878048780488
E00083552,151,38,18,20,113,88,25,25.165562913907287,11.920529801324504,13.245033112582782,74.83443708609272,58.27814569536424,16.55629139072848
E00083553,149,38,17,21,111,92,19,25.503355704697988,11.409395973154362,14.093959731543624,74.49664429530202,61.74496644295302,12.751677852348994
E00083554,177,44,17,27,133,107,26,24.858757062146893,9.6045197740113,15.254237288135593,75.14124293785311,60.451977401129945,14.689265536723164
E00083555,267,43,16,27,224,130,94,16.10486891385768,5.992509363295881,10.112359550561797,83.89513108614233,48.68913857677903,35.2059925093633
E00083556,214,63,20,43,151,114,37,29.439252336448597,9.345794392523365,20.093457943925234,70.56074766355141,53.271028037383175,17.289719626168225
E00083557,147,26,10,16,121,105,16,17.687074829931973,6.802721088435375,10.884353741496598,82.31292517006803,71.42857142857143,10.884353741496598
E00083558,162,47,15,32,115,91,24,29.01234567901235,9.25925925925926,19.753086419753085,70.98765432098766,56.17283950617284,14.814814814814813
E00083559,86,26,10,16,60,49,11,30.23255813953488,11.627906976744185,18.6046511627907,69.76744186046511,56.97674418604651,12.790697674418606
E00083560,135,35,21,14,100,82,18,25.925925925925924,15.555555555555555,10.37037037037037,74.07407407407408,60.74074074074074,13.333333333333334
E00083561,130,34,13,21,96,79,17,26.153846153846157,10,16.153846153846153,73.84615384615385,60.76923076923077,13.076923076923078
E00083562,329,66,29,37,263,189,74,20.060790273556233,8.814589665653495,11.246200607902736,79.93920972644378,57.446808510638306,22.492401215805472
E00083563,157,48,23,25,109,83,26,30.573248407643312,14.64968152866242,15.92356687898089,69.42675159235668,52.86624203821656,16.560509554140125
E00083564,158,48,15,33,110,86,24,30.37974683544304,9.49367088607595,20.88607594936709,69.62025316455697,54.43037974683544,15.18987341772152
E00083565,149,35,22,13,114,97,17,23.48993288590604,14.76510067114094,8.724832214765101,76.51006711409396,65.1006711409396,11.409395973154362
E00083566,165,46,19,27,119,99,20,27.878787878787882,11.515151515151516,16.363636363636363,72.12121212121212,60,12.121212121212121
E00083567,166,38,12,26,128,105,23,22.89156626506024,7.228915662650602,15.66265060240964,77.10843373493977,63.25301204819277,13.855421686746988
E00083568,129,34,14,20,95,80,15,26.356589147286826,10.852713178294573,15.503875968992247,73.64341085271317,62.01550387596899,11.627906976744185
E00083569,146,45,19,26,101,86,15,30.82191780821918,13.013698630136986,17.80821917808219,69.17808219178082,58.9041095890411,10.273972602739725
E00083570,154,40,13,27,114,99,15,25.97402597402597,8.441558441558442,17.532467532467532,74.02597402597402,64.28571428571429,9.740259740259742
E00083571,196,49,15,34,147,125,22,25,7.653061224489796,17.346938775510203,75,63.775510204081634,11.224489795918368
E00083572,211,68,29,39,143,119,24,32.22748815165877,13.744075829383887,18.48341232227488,67.77251184834124,56.39810426540285,11.374407582938389
E00083573,221,65,21,44,156,130,26,29.411764705882355,9.502262443438914,19.90950226244344,70.58823529411765,58.82352941176471,11.76470588235294
E00083574,116,39,10,29,77,69,8,33.62068965517241,8.620689655172415,25,66.37931034482759,59.48275862068966,6.896551724137931
E00083575,175,41,15,26,134,117,17,23.42857142857143,8.571428571428571,14.857142857142858,76.57142857142857,66.85714285714286,9.714285714285714
E00083576,199,49,20,29,150,135,15,24.623115577889447,10.050251256281408,14.572864321608039,75.37688442211056,67.8391959798995,7.537688442211055
E00083577,108,28,11,17,80,71,9,25.925925925925924,10.185185185185185,15.74074074074074,74.07407407407408,65.74074074074075,8.333333333333332
E00083578,184,42,14,28,142,118,24,22.82608695652174,7.608695652173914,15.217391304347828,77.17391304347827,64.13043478260869,13.043478260869565
E00083579,133,41,14,27,92,72,20,30.82706766917293,10.526315789473683,20.30075187969925,69.17293233082707,54.13533834586466,15.037593984962406
E00083580,163,46,12,34,117,102,15,28.22085889570552,7.361963190184049,20.858895705521473,71.77914110429448,62.57668711656442,9.202453987730062
E00083581,156,43,17,26,113,94,19,27.564102564102566,10.897435897435898,16.666666666666664,72.43589743589743,60.256410256410255,12.179487179487179
E00083582,176,48,15,33,128,108,20,27.27272727272727,8.522727272727272,18.75,72.72727272727273,61.36363636363637,11.363636363636363
E00083583,142,37,19,18,105,80,25,26.056338028169012,13.380281690140844,12.676056338028168,73.94366197183099,56.33802816901409,17.6056338028169
E00083584,147,30,9,21,117,96,21,20.408163265306122,6.122448979591836,14.285714285714285,79.59183673469387,65.3061224489796,14.285714285714285
E00083585,102,40,13,27,62,57,5,39.21568627450981,12.745098039215685,26.47058823529412,60.78431372549019,55.88235294117647,4.901960784313726
E00083586,116,29,6,23,87,71,16,25,5.172413793103448,19.82758620689655,75,61.206896551724135,13.793103448275861
E00083587,118,44,13,31,74,63,11,37.28813559322034,11.016949152542372,26.27118644067797,62.71186440677966,53.38983050847458,9.322033898305085
E00083588,136,39,17,22,97,84,13,28.676470588235293,12.5,16.176470588235293,71.32352941176471,61.76470588235294,9.558823529411764
E00083589,103,25,9,16,78,68,10,24.271844660194176,8.737864077669903,15.53398058252427,75.72815533980582,66.01941747572816,9.70873786407767
E00083590,163,51,27,24,112,95,17,31.28834355828221,16.56441717791411,14.723926380368098,68.71165644171779,58.282208588957054,10.429447852760736
E00083591,145,48,15,33,97,79,18,33.10344827586207,10.344827586206897,22.758620689655174,66.89655172413794,54.48275862068965,12.413793103448276
E00083592,160,37,10,27,123,110,13,23.125,6.25,16.875,76.875,68.75,8.125
E00083593,128,38,18,20,90,76,14,29.6875,14.0625,15.625,70.3125,59.375,10.9375
E00083594,95,29,9,20,66,55,11,30.526315789473685,9.473684210526317,21.052631578947366,69.47368421052632,57.89473684210527,11.578947368421053
E00083595,160,46,17,29,114,92,22,28.749999999999996,10.625,18.125,71.25,57.49999999999999,13.750000000000002
E00083596,119,40,10,30,79,73,6,33.61344537815126,8.403361344537815,25.210084033613445,66.38655462184873,61.34453781512605,5.042016806722689
E00083597,155,37,16,21,118,93,25,23.870967741935484,10.32258064516129,13.548387096774196,76.12903225806451,60,16.129032258064516
E00083598,138,36,10,26,102,83,19,26.08695652173913,7.246376811594203,18.84057971014493,73.91304347826086,60.14492753623188,13.768115942028986
E00083599,162,44,9,35,118,104,14,27.160493827160494,5.555555555555555,21.604938271604937,72.8395061728395,64.19753086419753,8.641975308641975
E00083600,168,55,21,34,113,98,15,32.73809523809524,12.5,20.238095238095237,67.26190476190477,58.333333333333336,8.928571428571429
E00083601,106,27,12,15,79,73,6,25.471698113207548,11.320754716981133,14.150943396226415,74.52830188679245,68.86792452830188,5.660377358490567
E00083602,176,61,25,36,115,87,28,34.659090909090914,14.204545454545455,20.454545454545457,65.3409090909091,49.43181818181818,15.909090909090908
E00083603,182,31,8,23,151,96,55,17.032967032967033,4.395604395604396,12.637362637362637,82.96703296703298,52.74725274725275,30.21978021978022
E00083604,230,46,9,37,184,115,69,20,3.91304347826087,16.08695652173913,80,50,30
E00083605,112,27,7,20,85,70,15,24.107142857142858,6.25,17.857142857142858,75.89285714285714,62.5,13.392857142857142
E00083606,166,45,15,30,121,97,24,27.10843373493976,9.036144578313253,18.072289156626507,72.89156626506023,58.43373493975904,14.457831325301203
E00083607,160,43,14,29,117,106,11,26.875,8.75,18.125,73.125,66.25,6.875000000000001
E00083608,154,48,11,37,106,98,8,31.16883116883117,7.142857142857142,24.025974025974026,68.83116883116884,63.63636363636363,5.194805194805195
E00083609,228,59,21,38,169,133,36,25.877192982456144,9.210526315789473,16.666666666666664,74.12280701754386,58.333333333333336,15.789473684210526
E00083610,222,66,22,44,156,141,15,29.72972972972973,9.90990990990991,19.81981981981982,70.27027027027027,63.51351351351351,6.756756756756757
E00083611,163,47,8,39,116,110,6,28.834355828220858,4.9079754601226995,23.92638036809816,71.16564417177914,67.48466257668711,3.6809815950920246
E00083612,182,49,22,27,133,109,24,26.923076923076923,12.087912087912088,14.835164835164836,73.07692307692307,59.89010989010989,13.186813186813188
E00083613,169,39,16,23,130,100,30,23.076923076923077,9.467455621301776,13.609467455621301,76.92307692307693,59.171597633136095,17.75147928994083
E00083614,144,42,13,29,102,86,16,29.166666666666668,9.027777777777777,20.13888888888889,70.83333333333334,59.72222222222222,11.11111111111111
E00083615,208,52,17,35,156,135,21,25,8.173076923076923,16.826923076923077,75,64.90384615384616,10.096153846153847
E00083616,147,29,12,17,118,101,17,19.727891156462583,8.16326530612245,11.564625850340136,80.27210884353741,68.70748299319727,11.564625850340136
E00083617,131,31,15,16,100,83,17,23.66412213740458,11.450381679389313,12.213740458015266,76.33587786259542,63.358778625954194,12.977099236641221
E00083618,237,49,14,35,188,166,22,20.675105485232066,5.9071729957805905,14.767932489451477,79.32489451476793,70.042194092827,9.282700421940929
E00083619,175,34,14,20,141,125,16,19.428571428571427,8,11.428571428571429,80.57142857142857,71.42857142857143,9.142857142857142
E00083620,170,44,22,22,126,106,20,25.882352941176475,12.941176470588237,12.941176470588237,74.11764705882354,62.35294117647059,11.76470588235294
E00083621,143,35,12,23,108,89,19,24.475524475524477,8.391608391608392,16.083916083916083,75.52447552447552,62.23776223776224,13.286713286713287
E00083622,145,38,14,24,107,95,12,26.20689655172414,9.655172413793103,16.551724137931036,73.79310344827587,65.51724137931035,8.275862068965518
E00083623,161,43,19,24,118,107,11,26.70807453416149,11.801242236024844,14.906832298136646,73.29192546583852,66.45962732919256,6.832298136645963
E00083624,134,41,14,27,93,78,15,30.597014925373134,10.44776119402985,20.149253731343283,69.40298507462687,58.2089552238806,11.194029850746269
E00083625,184,49,22,27,135,110,25,26.6304347826087,11.956521739130435,14.673913043478262,73.36956521739131,59.78260869565217,13.586956521739129
E00083626,171,50,16,34,121,111,10,29.239766081871345,9.35672514619883,19.883040935672515,70.76023391812866,64.91228070175438,5.847953216374268
E00083627,169,42,19,23,127,104,23,24.85207100591716,11.242603550295858,13.609467455621301,75.14792899408283,61.53846153846154,13.609467455621301
E00083628,169,35,14,21,134,109,25,20.710059171597635,8.284023668639055,12.42603550295858,79.28994082840237,64.49704142011834,14.792899408284024
E00083629,179,42,16,26,137,112,25,23.463687150837988,8.938547486033519,14.52513966480447,76.53631284916202,62.56983240223464,13.966480446927374
E00083630,181,53,18,35,128,114,14,29.2817679558011,9.94475138121547,19.337016574585636,70.71823204419888,62.98342541436463,7.734806629834254
E00083631,141,27,10,17,114,80,34,19.148936170212767,7.092198581560284,12.056737588652481,80.85106382978722,56.73758865248227,24.113475177304963
E00083632,181,35,9,26,146,125,21,19.337016574585636,4.972375690607735,14.3646408839779,80.66298342541437,69.06077348066299,11.602209944751381
E00083633,180,37,15,22,143,108,35,20.555555555555554,8.333333333333332,12.222222222222221,79.44444444444444,60,19.444444444444446
E00083634,170,43,9,34,127,105,22,25.294117647058822,5.294117647058823,20,74.70588235294117,61.76470588235294,12.941176470588237
E00083635,155,43,16,27,112,89,23,27.741935483870968,10.32258064516129,17.419354838709676,72.25806451612902,57.41935483870968,14.838709677419354
E00083636,140,29,11,18,111,102,9,20.714285714285715,7.857142857142857,12.857142857142856,79.28571428571428,72.85714285714285,6.428571428571428
E00083637,165,48,28,20,117,94,23,29.09090909090909,16.969696969696972,12.121212121212121,70.9090909090909,56.96969696969697,13.939393939393941
E00083638,169,43,11,32,126,93,33,25.443786982248522,6.508875739644971,18.93491124260355,74.55621301775149,55.02958579881657,19.526627218934912
E00083639,113,33,11,22,80,60,20,29.20353982300885,9.734513274336283,19.469026548672566,70.79646017699115,53.09734513274337,17.699115044247787
E00083640,147,43,16,27,104,86,18,29.25170068027211,10.884353741496598,18.367346938775512,70.74829931972789,58.50340136054422,12.244897959183673
E00083641,151,46,16,30,105,79,26,30.4635761589404,10.596026490066226,19.867549668874172,69.5364238410596,52.317880794701985,17.218543046357617
E00083642,213,63,32,31,150,107,43,29.577464788732392,15.023474178403756,14.553990610328638,70.4225352112676,50.23474178403756,20.187793427230048
E00083643,143,46,25,21,97,64,33,32.16783216783217,17.482517482517483,14.685314685314685,67.83216783216784,44.75524475524475,23.076923076923077
E00083644,90,22,10,12,68,45,23,24.444444444444443,11.11111111111111,13.333333333333334,75.55555555555556,50,25.555555555555554
E00083645,92,20,5,15,72,55,17,21.73913043478261,5.434782608695652,16.304347826086957,78.26086956521739,59.78260869565217,18.478260869565215
E00083647,193,50,25,25,143,109,34,25.906735751295333,12.953367875647666,12.953367875647666,74.09326424870466,56.476683937823836,17.616580310880828
E00083648,182,55,23,32,127,104,23,30.21978021978022,12.637362637362637,17.582417582417584,69.78021978021978,57.14285714285714,12.637362637362637
E00083650,130,33,12,21,97,77,20,25.384615384615383,9.230769230769232,16.153846153846153,74.61538461538461,59.23076923076923,15.384615384615385
E00083651,158,36,14,22,122,107,15,22.78481012658228,8.860759493670885,13.924050632911392,77.21518987341773,67.72151898734177,9.49367088607595
E00083652,153,41,20,21,112,90,22,26.797385620915033,13.071895424836603,13.725490196078432,73.20261437908496,58.82352941176471,14.37908496732026
E00083653,155,36,13,23,119,100,19,23.225806451612904,8.38709677419355,14.838709677419354,76.77419354838709,64.51612903225806,12.258064516129032
E00083654,189,49,20,29,140,117,23,25.925925925925924,10.582010582010582,15.343915343915343,74.07407407407408,61.904761904761905,12.16931216931217
E00083655,108,32,11,21,76,66,10,29.629629629629626,10.185185185185185,19.444444444444446,70.37037037037037,61.111111111111114,9.25925925925926
E00083656,155,33,12,21,122,104,18,21.29032258064516,7.741935483870968,13.548387096774196,78.70967741935485,67.0967741935484,11.612903225806452
E00083657,144,53,25,28,91,84,7,36.80555555555556,17.36111111111111,19.444444444444446,63.19444444444444,58.333333333333336,4.861111111111112
E00083658,138,38,19,19,100,78,22,27.536231884057973,13.768115942028986,13.768115942028986,72.46376811594203,56.52173913043478,15.942028985507244
E00083659,194,57,20,37,137,117,20,29.381443298969074,10.309278350515463,19.072164948453608,70.61855670103093,60.30927835051546,10.309278350515463
E00083660,162,40,15,25,122,99,23,24.691358024691358,9.25925925925926,15.432098765432098,75.30864197530865,61.111111111111114,14.19753086419753
E00083661,206,52,12,40,154,127,27,25.24271844660194,5.825242718446602,19.41747572815534,74.75728155339806,61.6504854368932,13.106796116504855
E00083662,220,74,29,45,146,116,30,33.63636363636363,13.18181818181818,20.454545454545457,66.36363636363637,52.72727272727272,13.636363636363635
E00083663,142,40,21,19,102,90,12,28.169014084507044,14.788732394366196,13.380281690140844,71.83098591549296,63.38028169014085,8.450704225352112
E00083664,157,45,17,28,112,101,11,28.662420382165603,10.828025477707007,17.8343949044586,71.3375796178344,64.3312101910828,7.006369426751593
E00083665,150,50,22,28,100,85,15,33.33333333333333,14.666666666666666,18.666666666666668,66.66666666666666,56.666666666666664,10
E00083666,183,57,20,37,126,113,13,31.147540983606557,10.92896174863388,20.21857923497268,68.85245901639344,61.74863387978142,7.103825136612022
E00083667,164,48,20,28,116,99,17,29.268292682926827,12.195121951219512,17.073170731707318,70.73170731707317,60.36585365853659,10.365853658536585
E00083668,165,44,16,28,121,105,16,26.666666666666668,9.696969696969697,16.969696969696972,73.33333333333333,63.63636363636363,9.696969696969697
E00083670,192,52,18,34,140,116,24,27.083333333333332,9.375,17.708333333333336,72.91666666666666,60.416666666666664,12.5
E00083671,212,73,28,45,139,119,20,34.43396226415094,13.20754716981132,21.22641509433962,65.56603773584906,56.132075471698116,9.433962264150944
E00083672,124,29,12,17,95,89,6,23.387096774193548,9.67741935483871,13.709677419354838,76.61290322580645,71.7741935483871,4.838709677419355
E00083673,173,53,17,36,120,99,21,30.63583815028902,9.826589595375722,20.809248554913296,69.36416184971098,57.22543352601156,12.138728323699421
E00083674,136,42,17,25,94,83,11,30.88235294117647,12.5,18.38235294117647,69.11764705882352,61.029411764705884,8.088235294117647
E00083675,170,51,25,26,119,101,18,30,14.705882352941178,15.294117647058824,70,59.411764705882355,10.588235294117647
E00083676,144,33,13,20,111,94,17,22.916666666666664,9.027777777777777,13.88888888888889,77.08333333333334,65.27777777777779,11.805555555555555
E00083677,124,42,25,17,82,72,10,33.87096774193548,20.161290322580644,13.709677419354838,66.12903225806451,58.06451612903226,8.064516129032258
E00083678,149,49,18,31,100,86,14,32.88590604026846,12.080536912751679,20.80536912751678,67.11409395973155,57.71812080536913,9.395973154362416
E00083679,128,48,11,37,80,68,12,37.5,8.59375,28.90625,62.5,53.125,9.375
E00083680,187,53,22,31,134,116,18,28.342245989304814,11.76470588235294,16.577540106951872,71.65775401069519,62.03208556149733,9.62566844919786
E00083681,268,74,26,48,194,161,33,27.611940298507463,9.701492537313433,17.91044776119403,72.38805970149254,60.07462686567165,12.313432835820896
E00083682,181,46,16,30,135,120,15,25.41436464088398,8.83977900552486,16.574585635359114,74.58563535911603,66.29834254143645,8.287292817679557
E00083683,194,42,25,17,152,120,32,21.649484536082475,12.886597938144329,8.762886597938143,78.35051546391753,61.855670103092784,16.49484536082474
E00083684,130,26,6,20,104,81,23,20,4.615384615384616,15.384615384615385,80,62.30769230769231,17.692307692307693
E00083685,197,49,25,24,148,111,37,24.873096446700508,12.690355329949238,12.18274111675127,75.1269035532995,56.34517766497462,18.781725888324875
E00083686,229,56,23,33,173,141,32,24.45414847161572,10.043668122270741,14.41048034934498,75.54585152838428,61.572052401746724,13.973799126637553
E00083687,213,62,32,30,151,121,30,29.107981220657276,15.023474178403756,14.084507042253522,70.89201877934272,56.8075117370892,14.084507042253522
E00083688,249,78,24,54,171,141,30,31.32530120481928,9.63855421686747,21.686746987951807,68.67469879518072,56.62650602409639,12.048192771084338
E00083689,199,58,24,34,141,106,35,29.145728643216078,12.060301507537687,17.08542713567839,70.85427135678391,53.266331658291456,17.587939698492463
E00083690,101,20,11,9,81,63,18,19.801980198019802,10.891089108910892,8.91089108910891,80.19801980198021,62.37623762376238,17.82178217821782
E00083691,155,49,21,28,106,91,15,31.61290322580645,13.548387096774196,18.064516129032256,68.38709677419355,58.70967741935483,9.67741935483871
E00083692,210,67,24,43,143,118,25,31.9047619047619,11.428571428571429,20.476190476190474,68.0952380952381,56.19047619047619,11.904761904761903
E00083693,170,47,21,26,123,92,31,27.647058823529413,12.352941176470589,15.294117647058824,72.35294117647058,54.11764705882353,18.235294117647058
E00083694,154,43,12,31,111,89,22,27.92207792207792,7.792207792207792,20.12987012987013,72.07792207792207,57.7922077922078,14.285714285714285
E00083695,114,42,17,25,72,55,17,36.84210526315789,14.912280701754385,21.929824561403507,63.1578947368421,48.24561403508772,14.912280701754385
E00083696,100,31,12,19,69,57,12,31,12,19,69,56.99999999999999,12
E00083697,116,37,14,23,79,63,16,31.896551724137932,12.068965517241379,19.82758620689655,68.10344827586206,54.310344827586206,13.793103448275861
E00083698,174,60,30,30,114,80,34,34.48275862068966,17.24137931034483,17.24137931034483,65.51724137931035,45.97701149425287,19.54022988505747
E00083699,178,56,28,28,122,79,43,31.46067415730337,15.730337078651685,15.730337078651685,68.53932584269663,44.38202247191011,24.15730337078652
E00083700,178,47,19,28,131,104,27,26.40449438202247,10.674157303370785,15.730337078651685,73.59550561797754,58.42696629213483,15.168539325842698
E00083701,173,44,20,24,129,89,40,25.43352601156069,11.560693641618498,13.872832369942195,74.56647398843931,51.445086705202314,23.121387283236995
E00083702,83,29,15,14,54,39,15,34.93975903614458,18.072289156626507,16.867469879518072,65.06024096385542,46.98795180722892,18.072289156626507
E00083703,203,61,19,42,142,104,38,30.049261083743843,9.35960591133005,20.689655172413794,69.95073891625616,51.231527093596064,18.7192118226601
E00083704,123,33,12,21,90,68,22,26.82926829268293,9.75609756097561,17.073170731707318,73.17073170731707,55.28455284552846,17.88617886178862
E00083705,162,43,17,26,119,85,34,26.543209876543212,10.493827160493826,16.049382716049383,73.4567901234568,52.46913580246913,20.98765432098765
E00083706,126,33,15,18,93,79,14,26.190476190476193,11.904761904761903,14.285714285714285,73.80952380952381,62.698412698412696,11.11111111111111
E00083707,200,46,19,27,154,111,43,23,9.5,13.5,77,55.50000000000001,21.5
E00083708,216,54,17,37,162,100,62,25,7.87037037037037,17.12962962962963,75,46.2962962962963,28.703703703703702
E00083709,166,44,16,28,122,106,16,26.506024096385545,9.63855421686747,16.867469879518072,73.49397590361446,63.85542168674698,9.63855421686747
E00083710,175,47,13,34,128,110,18,26.857142857142858,7.428571428571429,19.428571428571427,73.14285714285714,62.857142857142854,10.285714285714285
E00083711,166,47,19,28,119,99,20,28.313253012048197,11.44578313253012,16.867469879518072,71.6867469879518,59.63855421686747,12.048192771084338
E00083712,95,25,3,22,70,61,9,26.31578947368421,3.1578947368421053,23.157894736842106,73.68421052631578,64.21052631578948,9.473684210526317
E00083713,161,50,16,34,111,99,12,31.05590062111801,9.937888198757763,21.11801242236025,68.94409937888199,61.49068322981367,7.453416149068323
E00083714,143,42,14,28,101,80,21,29.37062937062937,9.79020979020979,19.58041958041958,70.62937062937063,55.94405594405595,14.685314685314685
E00083715,154,47,26,21,107,77,30,30.519480519480517,16.883116883116884,13.636363636363635,69.48051948051948,50,19.480519480519483
E00083716,139,25,12,13,114,85,29,17.985611510791365,8.633093525179856,9.352517985611511,82.01438848920863,61.15107913669065,20.863309352517987
E00083717,192,51,23,28,141,117,24,26.5625,11.979166666666668,14.583333333333334,73.4375,60.9375,12.5
E00083718,208,67,26,41,141,125,16,32.21153846153847,12.5,19.71153846153846,67.78846153846155,60.09615384615385,7.6923076923076925
E00083719,180,65,37,28,115,96,19,36.11111111111111,20.555555555555554,15.555555555555555,63.888888888888886,53.333333333333336,10.555555555555555
E00083720,193,43,14,29,150,114,36,22.279792746113987,7.253886010362693,15.025906735751295,77.720207253886,59.067357512953365,18.65284974093264
E00083721,168,50,19,31,118,91,27,29.761904761904763,11.30952380952381,18.452380952380953,70.23809523809523,54.166666666666664,16.071428571428573
E00083722,166,52,28,24,114,76,38,31.32530120481928,16.867469879518072,14.457831325301203,68.67469879518072,45.78313253012048,22.89156626506024
E00083723,163,46,24,22,117,90,27,28.22085889570552,14.723926380368098,13.496932515337424,71.77914110429448,55.21472392638037,16.56441717791411
E00083724,140,44,20,24,96,77,19,31.428571428571427,14.285714285714285,17.142857142857142,68.57142857142857,55.00000000000001,13.571428571428571
E00083725,162,50,18,32,112,84,28,30.864197530864196,11.11111111111111,19.753086419753085,69.1358024691358,51.85185185185185,17.28395061728395
E00083726,174,55,20,35,119,106,13,31.60919540229885,11.494252873563218,20.114942528735632,68.39080459770115,60.91954022988506,7.471264367816093
E00083727,171,39,16,23,132,105,27,22.807017543859647,9.35672514619883,13.450292397660817,77.19298245614034,61.40350877192983,15.789473684210526
E00083728,159,47,16,31,112,88,24,29.559748427672954,10.062893081761008,19.49685534591195,70.44025157232704,55.34591194968554,15.09433962264151
E00083729,230,56,20,36,174,144,30,24.347826086956523,8.695652173913043,15.65217391304348,75.65217391304347,62.60869565217392,13.043478260869565
E00083730,177,58,21,37,119,103,16,32.7683615819209,11.864406779661017,20.903954802259886,67.2316384180791,58.19209039548022,9.03954802259887
E00083731,162,50,27,23,112,89,23,30.864197530864196,16.666666666666664,14.19753086419753,69.1358024691358,54.93827160493827,14.19753086419753
E00083732,129,29,13,16,100,74,26,22.48062015503876,10.077519379844961,12.4031007751938,77.51937984496125,57.36434108527132,20.155038759689923
E00083735,173,35,18,17,138,111,27,20.23121387283237,10.404624277456648,9.826589595375722,79.76878612716763,64.16184971098265,15.606936416184972
E00083736,179,44,21,23,135,114,21,24.581005586592177,11.731843575418994,12.849162011173185,75.41899441340783,63.687150837988824,11.731843575418994
E00083737,134,24,8,16,110,85,25,17.91044776119403,5.970149253731343,11.940298507462686,82.08955223880598,63.43283582089553,18.65671641791045
E00083738,89,39,16,23,50,42,8,43.82022471910113,17.97752808988764,25.842696629213485,56.17977528089888,47.19101123595505,8.98876404494382
E00083739,160,53,17,36,107,93,14,33.125,10.625,22.5,66.875,58.12500000000001,8.75
E00083740,167,43,15,28,124,111,13,25.748502994011975,8.982035928143713,16.766467065868262,74.25149700598801,66.46706586826348,7.784431137724551
E00083741,165,56,30,26,109,88,21,33.939393939393945,18.181818181818183,15.757575757575756,66.06060606060606,53.333333333333336,12.727272727272727
E00083742,150,51,25,26,99,77,22,34,16.666666666666664,17.333333333333336,66,51.33333333333333,14.666666666666666
E00083743,172,40,12,28,132,99,33,23.25581395348837,6.976744186046512,16.27906976744186,76.74418604651163,57.55813953488372,19.186046511627907
E00083744,211,55,22,33,156,128,28,26.066350710900476,10.42654028436019,15.639810426540285,73.93364928909952,60.66350710900474,13.270142180094787
E00083745,161,50,23,27,111,88,23,31.05590062111801,14.285714285714285,16.77018633540373,68.94409937888199,54.6583850931677,14.285714285714285
E00083746,160,34,13,21,126,91,35,21.25,8.125,13.125,78.75,56.875,21.875
E00083747,187,54,15,39,133,110,23,28.87700534759358,8.0213903743315509,20.855614973262032,71.12299465240642,58.82352941176471,12.299465240641712
E00083748,168,52,26,26,116,89,27,30.952380952380953,15.476190476190476,15.476190476190476,69.04761904761905,52.976190476190474,16.071428571428573
E00083749,239,46,18,28,193,150,43,19.246861924686193,7.531380753138076,11.715481171548117,80.75313807531381,62.76150627615063,17.99163179916318
E00083750,162,45,20,25,117,90,27,27.77777777777778,12.345679012345679,15.432098765432098,72.22222222222221,55.55555555555556,16.666666666666664
E00083751,190,54,19,35,136,111,25,28.421052631578945,10,18.421052631578945,71.57894736842105,58.42105263157895,13.157894736842104
E00083752,114,27,10,17,87,66,21,23.684210526315788,8.771929824561402,14.912280701754385,76.31578947368422,57.89473684210527,18.421052631578945
E00083753,60,23,5,18,37,23,14,38.333333333333336,8.333333333333332,30,61.66666666666667,38.333333333333336,23.333333333333332
E00083754,111,36,9,27,75,65,10,32.432432432432435,8.108108108108109,24.324324324324326,67.56756756756756,58.55855855855856,9.00900900900901
E00083755,185,54,22,32,131,98,33,29.18918918918919,11.891891891891893,17.2972972972973,70.8108108108108,52.972972972972975,17.83783783783784
E00083756,124,34,18,16,90,60,30,27.419354838709676,14.516129032258066,12.903225806451612,72.58064516129032,48.38709677419355,24.193548387096776
E00083757,226,64,20,44,162,136,26,28.31858407079646,8.849557522123893,19.469026548672566,71.68141592920354,60.17699115044248,11.504424778761061
E00083758,253,61,18,43,192,142,50,24.110671936758894,7.114624505928854,16.99604743083004,75.8893280632411,56.126482213438734,19.76284584980237
E00083760,199,45,13,32,154,130,24,22.613065326633166,6.532663316582915,16.08040201005025,77.38693467336684,65.32663316582915,12.060301507537687
E00083761,190,54,25,29,136,120,16,28.421052631578945,13.157894736842104,15.263157894736842,71.57894736842105,63.1578947368421,8.421052631578947
E00083762,187,51,31,20,136,99,37,27.27272727272727,16.577540106951872,10.695187165775401,72.72727272727273,52.94117647058824,19.786096256684495
E00083763,238,45,21,24,193,164,29,18.907563025210084,8.823529411764707,10.084033613445378,81.09243697478992,68.90756302521008,12.184873949579831
E00083764,202,53,30,23,149,112,37,26.237623762376238,14.85148514851485,11.386138613861387,73.76237623762376,55.44554455445545,18.316831683168317
E00083765,186,48,16,32,138,115,23,25.806451612903224,8.60215053763441,17.20430107526882,74.19354838709677,61.82795698924731,12.365591397849462
E00083766,203,55,23,32,148,128,20,27.093596059113302,11.330049261083744,15.763546798029557,72.9064039408867,63.05418719211823,9.852216748768473
E00083769,175,35,21,14,140,114,26,20,12,8,80,65.14285714285715,14.857142857142858
E00083772,193,35,9,26,158,137,21,18.134715025906736,4.66321243523316,13.471502590673575,81.86528497409327,70.98445595854922,10.880829015544041
E00083773,254,57,29,28,197,165,32,22.440944881889763,11.41732283464567,11.023622047244094,77.55905511811024,64.96062992125984,12.598425196850393
E00083774,171,53,22,31,118,84,34,30.994152046783626,12.865497076023392,18.128654970760234,69.00584795321637,49.122807017543856,19.883040935672515
E00083775,203,41,8,33,162,143,19,20.19704433497537,3.9408866995073892,16.25615763546798,79.80295566502463,70.44334975369459,9.35960591133005
E00083776,167,56,22,34,111,101,10,33.532934131736525,13.17365269461078,20.359281437125748,66.46706586826348,60.47904191616767,5.9880239520958085
E00083777,107,34,15,19,73,66,7,31.775700934579437,14.018691588785046,17.75700934579439,68.22429906542055,61.6822429906542,6.5420560747663545
E00083778,171,64,15,49,107,94,13,37.42690058479532,8.771929824561402,28.654970760233915,62.57309941520468,54.97076023391813,7.602339181286549
E00083779,195,48,10,38,147,128,19,24.615384615384617,5.128205128205128,19.48717948717949,75.38461538461539,65.64102564102564,9.7435897435897445
E00083780,186,38,12,26,148,127,21,20.43010752688172,6.451612903225806,13.978494623655912,79.56989247311827,68.27956989247312,11.29032258064516
E00083781,122,44,20,24,78,65,13,36.0655737704918,16.39344262295082,19.672131147540984,63.934426229508205,53.278688524590166,10.655737704918032
E00083782,189,56,12,44,133,111,22,29.629629629629626,6.349206349206349,23.28042328042328,70.37037037037037,58.730158730158735,11.64021164021164
E00083783,186,40,19,21,146,94,52,21.50537634408602,10.21505376344086,11.29032258064516,78.49462365591397,50.53763440860215,27.956989247311824
E00083784,181,43,20,23,138,120,18,23.756906077348066,11.049723756906078,12.70718232044199,76.24309392265194,66.29834254143645,9.94475138121547
E00083785,232,56,28,28,176,125,51,24.137931034482758,12.068965517241379,12.068965517241379,75.86206896551724,53.879310344827594,21.982758620689655
E00083786,163,30,15,15,133,102,31,18.404907975460123,9.202453987730062,9.202453987730062,81.59509202453987,62.57668711656442,19.018404907975462
E00083787,170,39,12,27,131,92,39,22.941176470588236,7.0588235294117645,15.88235294117647,77.05882352941177,54.11764705882353,22.941176470588236
E00083788,197,54,22,32,143,111,32,27.411167512690355,11.16751269035533,16.243654822335024,72.58883248730965,56.34517766497462,16.243654822335024
E00083789,145,42,14,28,103,81,22,28.965517241379313,9.655172413793103,19.310344827586206,71.03448275862068,55.86206896551724,15.172413793103448
E00083790,187,45,16,29,142,115,27,24.06417112299465,8.55614973262032,15.508021390374333,75.93582887700535,61.49732620320856,14.43850267379679
E00083791,206,50,20,30,156,108,48,24.271844660194176,9.70873786407767,14.563106796116504,75.72815533980582,52.42718446601942,23.300970873786408
E00083792,217,39,14,25,178,148,30,17.972350230414747,6.451612903225806,11.52073732718894,82.02764976958525,68.20276497695853,13.82488479262673
E00083793,102,31,14,17,71,54,17,30.392156862745097,13.725490196078432,16.666666666666664,69.6078431372549,52.94117647058824,16.666666666666664
E00083794,198,51,17,34,147,122,25,25.757575757575758,8.585858585858585,17.17171717171717,74.24242424242425,61.61616161616161,12.626262626262626
E00083795,143,46,19,27,97,75,22,32.16783216783217,13.286713286713287,18.88111888111888,67.83216783216784,52.44755244755245,15.384615384615385
E00083796,170,51,22,29,119,93,26,30,12.941176470588237,17.058823529411764,70,54.70588235294118,15.294117647058824
E00083797,162,49,18,31,113,92,21,30.246913580246915,11.11111111111111,19.1358024691358,69.75308641975309,56.79012345679012,12.962962962962962
E00083798,162,32,7,25,130,110,20,19.753086419753085,4.320987654320987,15.432098765432098,80.24691358024691,67.90123456790124,12.345679012345679
E00083799,129,45,21,24,84,60,24,34.883720930232556,16.27906976744186,18.6046511627907,65.11627906976744,46.51162790697674,18.6046511627907
E00083800,172,45,20,25,127,98,29,26.16279069767442,11.627906976744185,14.534883720930234,73.83720930232558,56.97674418604651,16.86046511627907
E00083801,118,29,5,24,89,71,18,24.576271186440678,4.23728813559322,20.33898305084746,75.42372881355932,60.16949152542372,15.254237288135593
E00083802,152,39,11,28,113,91,22,25.657894736842106,7.236842105263158,18.421052631578945,74.3421052631579,59.86842105263158,14.473684210526317
E00083803,185,62,29,33,123,96,27,33.513513513513516,15.675675675675677,17.83783783783784,66.48648648648648,51.891891891891895,14.594594594594595
E00083804,197,48,16,32,149,126,23,24.36548223350254,8.121827411167512,16.243654822335024,75.63451776649747,63.95939086294417,11.6751269035533
E00083805,148,41,16,25,107,88,19,27.7027027027027,10.81081081081081,16.89189189189189,72.2972972972973,59.45945945945946,12.837837837837837
E00083806,184,60,29,31,124,99,25,32.608695652173914,15.760869565217392,16.847826086956523,67.3913043478261,53.80434782608695,13.586956521739129
E00083807,150,40,23,17,110,84,26,26.666666666666668,15.333333333333332,11.333333333333332,73.33333333333333,56.00000000000001,17.333333333333336
E00083808,226,58,20,38,168,138,30,25.663716814159294,8.849557522123893,16.8141592920354,74.33628318584071,61.06194690265486,13.274336283185843
E00083809,105,32,10,22,73,48,25,30.476190476190478,9.523809523809524,20.952380952380953,69.52380952380952,45.714285714285715,23.809523809523807
E00083810,158,56,30,26,102,71,31,35.44303797468354,18.9873417721519,16.455696202531644,64.55696202531645,44.936708860759495,19.62025316455696
E00083811,160,51,20,31,109,84,25,31.874999999999996,12.5,19.375,68.125,52.5,15.625
E00083812,158,56,17,39,102,90,12,35.44303797468354,10.759493670886076,24.68354430379747,64.55696202531645,56.9620253164557,7.59493670886076
E00083813,158,50,11,39,108,98,10,31.645569620253166,6.962025316455696,24.68354430379747,68.35443037974683,62.0253164556962,6.329113924050633
E00083814,142,49,16,33,93,72,21,34.50704225352113,11.267605633802818,23.239436619718308,65.49295774647888,50.70422535211267,14.788732394366196
E00083815,204,60,27,33,144,125,19,29.411764705882355,13.23529411764706,16.176470588235293,70.58823529411765,61.274509803921575,9.313725490196079
E00083816,159,37,11,26,122,99,23,23.270440251572328,6.918238993710692,16.352201257861633,76.72955974842768,62.264150943396224,14.465408805031446
E00083817,117,33,17,16,84,64,20,28.205128205128204,14.529914529914532,13.675213675213676,71.7948717948718,54.700854700854705,17.094017094017094
E00083818,177,39,17,22,138,118,20,22.033898305084744,9.6045197740113,12.429378531073446,77.96610169491525,66.66666666666666,11.299435028248588
E00083819,150,52,21,31,98,79,19,34.66666666666667,14.000000000000002,20.666666666666668,65.33333333333333,52.666666666666664,12.666666666666668
E00083820,126,34,12,22,92,55,37,26.984126984126984,9.523809523809524,17.46031746031746,73.01587301587301,43.65079365079365,29.365079365079367
E00083821,148,37,16,21,111,81,30,25,10.81081081081081,14.18918918918919,75,54.729729729729726,20.27027027027027
E00083822,151,52,27,25,99,59,40,34.437086092715234,17.880794701986755,16.55629139072848,65.56291390728477,39.0728476821192,26.490066225165563
E00083823,225,58,25,33,167,121,46,25.77777777777778,11.11111111111111,14.666666666666666,74.22222222222223,53.77777777777778,20.444444444444446
E00083824,90,35,11,24,55,43,12,38.88888888888889,12.222222222222221,26.666666666666668,61.111111111111114,47.77777777777778,13.333333333333334
E00083827,161,42,17,25,119,91,28,26.08695652173913,10.559006211180124,15.527950310559005,73.91304347826086,56.52173913043478,17.391304347826086
E00083828,179,40,18,22,139,104,35,22.3463687150838,10.05586592178771,12.290502793296088,77.6536312849162,58.10055865921788,19.553072625698324
E00083829,132,38,11,27,94,70,24,28.78787878787879,8.333333333333332,20.454545454545457,71.21212121212122,53.03030303030303,18.181818181818183
E00083830,157,50,19,31,107,87,20,31.84713375796178,12.101910828025478,19.745222929936308,68.15286624203821,55.4140127388535,12.738853503184714
E00083831,140,38,13,25,102,75,27,27.142857142857142,9.285714285714286,17.857142857142858,72.85714285714285,53.57142857142857,19.28571428571429
E00083832,151,48,17,31,103,69,34,31.788079470198678,11.258278145695364,20.52980132450331,68.21192052980133,45.6953642384106,22.516556291390728
E00083833,155,46,22,24,109,88,21,29.677419354838708,14.193548387096774,15.483870967741936,70.3225806451613,56.774193548387096,13.548387096774196
E00083834,114,33,16,17,81,66,15,28.947368421052634,14.035087719298245,14.912280701754385,71.05263157894737,57.89473684210527,13.157894736842104
E00083835,171,47,26,21,124,84,40,27.485380116959064,15.204678362573098,12.280701754385964,72.51461988304094,49.122807017543856,23.391812865497073
E00083836,169,50,30,20,119,78,41,29.585798816568047,17.75147928994083,11.834319526627219,70.41420118343196,46.15384615384615,24.2603550295858
E00083837,194,58,26,32,136,99,37,29.896907216494846,13.402061855670103,16.49484536082474,70.10309278350515,51.03092783505154,19.072164948453608
E00083838,175,49,16,33,126,99,27,28.000000000000004,9.142857142857142,18.857142857142858,72,56.57142857142857,15.428571428571427
E00083839,173,55,23,32,118,87,31,31.79190751445087,13.294797687861271,18.497109826589593,68.20809248554913,50.28901734104046,17.91907514450867
E00083840,162,47,15,32,115,104,11,29.01234567901235,9.25925925925926,19.753086419753085,70.98765432098766,64.19753086419753,6.790123456790123
E00083841,187,49,24,25,138,106,32,26.203208556149733,12.834224598930483,13.368983957219251,73.79679144385027,56.68449197860963,17.11229946524064
E00083842,154,42,15,27,112,91,21,27.27272727272727,9.740259740259742,17.532467532467532,72.72727272727273,59.09090909090909,13.636363636363635
E00083843,168,42,17,25,126,97,29,25,10.119047619047619,14.880952380952381,75,57.738095238095234,17.261904761904763
E00083844,159,43,13,30,116,94,22,27.044025157232703,8.176100628930817,18.867924528301888,72.95597484276729,59.11949685534591,13.836477987421384
E00083845,179,55,20,35,124,89,35,30.726256983240223,11.1731843575419,19.553072625698324,69.27374301675978,49.72067039106145,19.553072625698324
E00083846,165,47,19,28,118,96,22,28.484848484848484,11.515151515151516,16.969696969696972,71.51515151515152,58.18181818181818,13.333333333333334
E00083847,99,21,5,16,78,51,27,21.21212121212121,5.05050505050505,16.161616161616163,78.78787878787878,51.515151515151516,27.27272727272727
E00083848,177,45,22,23,132,101,31,25.423728813559322,12.429378531073446,12.994350282485875,74.57627118644068,57.06214689265536,17.51412429378531
E00083850,129,45,26,19,84,57,27,34.883720930232556,20.155038759689923,14.728682170542637,65.11627906976744,44.18604651162791,20.930232558139537
E00083851,165,45,26,19,120,77,43,27.27272727272727,15.757575757575756,11.515151515151516,72.72727272727273,46.666666666666664,26.060606060606062
E00083852,191,59,28,31,132,95,37,30.89005235602094,14.659685863874344,16.230366492146597,69.10994764397905,49.73821989528796,19.3717277486911
E00083853,176,39,17,22,137,111,26,22.15909090909091,9.659090909090908,12.5,77.8409090909091,63.06818181818182,14.772727272727273
E00083854,168,46,17,29,122,105,17,27.380952380952383,10.119047619047619,17.261904761904763,72.61904761904762,62.5,10.119047619047619
E00083855,142,43,10,33,99,83,16,30.28169014084507,7.042253521126761,23.239436619718308,69.71830985915493,58.45070422535211,11.267605633802818
E00083856,154,43,22,21,111,91,20,27.92207792207792,14.285714285714285,13.636363636363635,72.07792207792207,59.09090909090909,12.987012987012985
E00083857,158,49,13,36,109,79,30,31.0126582278481,8.227848101265822,22.78481012658228,68.9873417721519,50,18.9873417721519
E00166721,82,29,13,16,53,21,32,35.36585365853659,15.853658536585366,19.51219512195122,64.63414634146342,25.609756097560975,39.02439024390244
E00166722,128,36,17,19,92,54,38,28.125,13.28125,14.84375,71.875,42.1875,29.6875
E00166723,141,42,21,21,99,71,28,29.78723404255319,14.893617021276595,14.893617021276595,70.2127659574468,50.35460992907801,19.858156028368796
E00166724,163,31,8,23,132,100,32,19.018404907975462,4.9079754601226995,14.11042944785276,80.98159509202453,61.34969325153374,19.631901840490798
E00166726,317,45,18,27,272,153,119,14.195583596214512,5.678233438485805,8.517350157728707,85.8044164037855,48.26498422712934,37.53943217665615
E00166727,304,84,30,54,220,202,18,27.631578947368425,9.868421052631579,17.763157894736842,72.36842105263158,66.44736842105263,5.921052631578947
E00166728,225,71,21,50,154,135,19,31.555555555555554,9.333333333333334,22.22222222222222,68.44444444444444,60,8.444444444444445
E00166729,224,45,22,23,179,155,24,20.089285714285715,9.821428571428571,10.267857142857142,79.91071428571429,69.19642857142857,10.714285714285714
E00166730,152,39,16,23,113,91,22,25.657894736842106,10.526315789473683,15.131578947368421,74.3421052631579,59.86842105263158,14.473684210526317
E00166731,148,24,13,11,124,94,30,16.216216216216218,8.783783783783784,7.4324324324324325,83.78378378378379,63.51351351351351,20.27027027027027
E00166732,21,10,6,4,11,11,0,47.61904761904761,28.57142857142857,19.047619047619047,52.38095238095239,52.38095238095239,0
E00166733,151,30,16,14,121,109,12,19.867549668874172,10.596026490066226,9.271523178807946,80.13245033112582,72.18543046357617,7.9470198675496695
E00166734,191,61,35,26,130,80,50,31.93717277486911,18.32460732984293,13.612565445026178,68.06282722513089,41.8848167539267,26.17801047120419
E00188337,173,31,15,16,142,91,51,17.91907514450867,8.670520231213873,9.248554913294797,82.08092485549133,52.601156069364166,29.47976878612717
E00188354,160,45,20,25,115,100,15,28.125,12.5,15.625,71.875,62.5,9.375
E00188403,69,11,4,7,58,48,10,15.942028985507244,5.797101449275362,10.144927536231885,84.05797101449275,69.56521739130434,14.492753623188406
E00188418,153,18,6,12,135,116,19,11.76470588235294,3.9215686274509802,7.8431372549019605,88.23529411764706,75.81699346405229,12.418300653594772
E00188427,170,43,17,26,127,100,27,25.294117647058822,10,15.294117647058824,74.70588235294117,58.82352941176471,15.88235294117647
E00188433,188,24,9,15,164,138,26,12.76595744680851,4.787234042553192,7.9787234042553195,87.2340425531915,73.40425531914893,13.829787234042554
E00188436,153,44,18,26,109,82,27,28.75816993464052,11.76470588235294,16.99346405228758,71.24183006535948,53.59477124183007,17.647058823529413
E00188438,133,20,4,16,113,90,23,15.037593984962406,3.007518796992481,12.030075187969924,84.9624060150376,67.66917293233082,17.293233082706767
E00188446,150,28,11,17,122,104,18,18.666666666666668,7.333333333333333,11.333333333333332,81.33333333333333,69.33333333333334,12
E00188458,174,15,4,11,159,141,18,8.620689655172415,2.2988505747126435,6.321839080459771,91.37931034482759,81.03448275862068,10.344827586206897
E00188507,148,23,8,15,125,98,27,15.54054054054054,5.405405405405405,10.135135135135135,84.45945945945947,66.21621621621621,18.243243243243242
E00188513,157,33,12,21,124,104,20,21.019108280254777,7.643312101910828,13.375796178343949,78.98089171974523,66.2420382165605,12.738853503184714
E00188518,197,34,14,20,163,135,28,17.258883248730964,7.1065989847715745,10.152284263959391,82.74111675126903,68.52791878172589,14.213197969543149
E00188521,117,17,4,13,100,80,20,14.529914529914532,3.418803418803419,11.11111111111111,85.47008547008546,68.37606837606837,17.094017094017094
E00188534,189,61,17,44,128,107,21,32.27513227513227,8.994708994708994,23.28042328042328,67.72486772486772,56.613756613756614,11.11111111111111
E00188539,196,22,6,16,174,151,23,11.224489795918368,3.061224489795918,8.16326530612245,88.77551020408163,77.04081632653062,11.73469387755102
