OA,ts0380001,ts0380002,ts0380003,ts0380004,ts0380005,ts0380006,ts0380007,ts0380002_PCT,ts0380003_PCT,ts0380004_PCT,ts0380005_PCT,ts0380006_PCT,ts0380007_PCT
E00083414,301,41,15,26,260,19,241,13.621262458471762,4.983388704318937,8.637873754152823,86.37873754152824,6.312292358803987,80.06644518272425
E00083415,442,39,14,25,403,28,375,8.823529411764707,3.167420814479638,5.656108597285068,91.17647058823529,6.334841628959276,84.84162895927602
E00083416,413,44,14,30,369,35,334,10.653753026634384,3.389830508474576,7.263922518159806,89.34624697336562,8.47457627118644,80.87167070217917
E00083417,451,59,30,29,392,26,366,13.082039911308204,6.651884700665188,6.430155210643015,86.91796008869179,5.764966740576496,81.1529933481153
E00083418,288,29,12,17,259,28,231,10.069444444444445,4.166666666666666,5.902777777777778,89.93055555555556,9.722222222222223,80.20833333333334
E00083419,431,74,48,26,357,26,331,17.16937354988399,11.1368909512761,6.0324825986078885,82.830626450116,6.0324825986078885,76.79814385150812
E00083420,378,44,14,30,334,25,309,11.64021164021164,3.7037037037037033,7.936507936507936,88.35978835978835,6.613756613756613,81.74603174603175
E00083421,251,32,13,19,219,20,199,12.749003984063744,5.179282868525896,7.569721115537849,87.25099601593625,7.968127490039841,79.2828685258964
E00083422,449,43,8,35,406,28,378,9.57683741648107,1.7817371937639197,7.795100222717149,90.42316258351893,6.23608017817372,84.18708240534521
E00083423,170,19,8,11,151,23,128,11.176470588235295,4.705882352941177,6.470588235294119,88.8235294117647,13.529411764705882,75.29411764705883
E00083424,329,28,9,19,301,30,271,8.51063829787234,2.735562310030395,5.775075987841945,91.48936170212765,9.118541033434651,82.37082066869301
E00083425,329,20,8,12,309,28,281,6.079027355623101,2.43161094224924,3.64741641337386,93.9209726443769,8.51063829787234,85.41033434650456
E00083426,471,43,11,32,428,41,387,9.129511677282377,2.335456475583864,6.794055201698514,90.87048832271762,8.70488322717622,82.16560509554141
E00083427,312,43,15,28,269,27,242,13.782051282051283,4.807692307692308,8.974358974358974,86.21794871794873,8.653846153846153,77.56410256410257
E00083429,437,40,15,25,397,25,372,9.153318077803203,3.4324942791762014,5.720823798627003,90.8466819221968,5.720823798627003,85.1258581235698
E00083430,363,28,6,22,335,29,306,7.7134986225895315,1.6528925619834711,6.0606060606060606,92.28650137741047,7.988980716253444,84.29752066115702
E00083431,308,46,13,33,262,23,239,14.935064935064934,4.220779220779221,10.714285714285714,85.06493506493507,7.467532467532467,77.59740259740259
E00083432,376,50,21,29,326,31,295,13.297872340425531,5.585106382978723,7.712765957446808,86.70212765957447,8.24468085106383,78.45744680851064
E00083433,363,37,7,30,326,36,290,10.192837465564738,1.9283746556473829,8.264462809917356,89.80716253443526,9.917355371900827,79.88980716253444
E00083434,406,33,9,24,373,33,340,8.12807881773399,2.2167487684729066,5.911330049261084,91.87192118226602,8.12807881773399,83.74384236453201
E00083435,423,55,26,29,368,26,342,13.002364066193852,6.1465721040189125,6.8557919621749415,86.99763593380615,6.1465721040189125,80.85106382978722
E00083436,338,31,8,23,307,34,273,9.171597633136095,2.366863905325444,6.8047337278106506,90.8284023668639,10.059171597633137,80.76923076923077
E00083437,287,33,9,24,254,22,232,11.498257839721255,3.1358885017421603,8.362369337979095,88.50174216027874,7.665505226480835,80.8362369337979
E00083438,316,23,5,18,293,28,265,7.2784810126582276,1.5822784810126582,5.69620253164557,92.72151898734177,8.860759493670885,83.86075949367088
E00083439,375,80,61,19,295,22,273,21.333333333333336,16.266666666666666,5.066666666666666,78.66666666666666,5.866666666666666,72.8
E00083440,310,25,11,14,285,23,262,8.064516129032258,3.5483870967741935,4.516129032258064,91.93548387096774,7.419354838709677,84.51612903225806
E00083441,548,67,29,38,481,23,458,12.226277372262775,5.291970802919708,6.934306569343065,87.77372262773723,4.197080291970803,83.57664233576642
E00083442,506,84,33,51,422,14,408,16.600790513833992,6.521739130434782,10.079051383399209,83.399209486166,2.766798418972332,80.63241106719367
E00083443,309,29,9,20,280,19,261,9.385113268608414,2.912621359223301,6.472491909385113,90.614886731391593,6.148867313915858,84.46601941747572
E00083444,390,44,17,27,346,22,324,11.282051282051283,4.358974358974359,6.923076923076923,88.71794871794872,5.641025641025641,83.07692307692308
E00083445,302,35,9,26,267,29,238,11.589403973509933,2.980132450331126,8.609271523178808,88.41059602649007,9.602649006622517,78.80794701986756
E00083446,343,27,8,19,316,27,289,7.871720116618077,2.3323615160349855,5.539358600583091,92.12827988338192,7.871720116618077,84.25655976676384
E00083447,353,46,18,28,307,23,284,13.031161473087819,5.099150141643059,7.932011331444759,86.96883852691218,6.515580736543909,80.45325779036827
E00083448,376,24,7,17,352,29,323,6.382978723404255,1.8617021276595744,4.521276595744681,93.61702127659575,7.712765957446808,85.90425531914893
E00083449,395,48,16,32,347,13,334,12.151898734177214,4.050632911392405,8.10126582278481,87.84810126582279,3.2911392405063293,84.55696202531645
E00083450,312,27,12,15,285,19,266,8.653846153846153,3.8461538461538463,4.807692307692308,91.34615384615384,6.089743589743589,85.25641025641025
E00083451,324,31,8,23,293,32,261,9.5679012345679,2.4691358024691357,7.098765432098765,90.4320987654321,9.876543209876543,80.55555555555556
E00083452,286,22,8,14,264,21,243,7.6923076923076925,2.797202797202797,4.895104895104895,92.3076923076923,7.3426573426573425,84.96503496503497
E00083453,333,46,17,29,287,24,263,13.813813813813812,5.105105105105105,8.708708708708707,86.18618618618619,7.207207207207207,78.97897897897897
E00083454,260,36,18,18,224,27,197,13.846153846153847,6.923076923076923,6.923076923076923,86.15384615384616,10.384615384615385,75.76923076923077
E00083455,316,58,34,24,258,36,222,18.354430379746837,10.759493670886076,7.59493670886076,81.64556962025317,11.39240506329114,70.25316455696202
E00083456,333,36,7,29,297,23,274,10.81081081081081,2.1021021021021022,8.708708708708707,89.1891891891892,6.906906906906906,82.28228228228228
E00083457,163,33,21,12,130,7,123,20.245398773006134,12.883435582822086,7.361963190184049,79.75460122699386,4.294478527607362,75.4601226993865
E00083458,418,54,16,38,364,46,318,12.918660287081341,3.827751196172249,9.090909090909092,87.08133971291866,11.004784688995215,76.07655502392345
E00083459,130,11,7,4,119,12,107,8.461538461538462,5.384615384615385,3.076923076923077,91.53846153846153,9.230769230769232,82.3076923076923
E00083460,333,38,14,24,295,33,262,11.411411411411411,4.2042042042042045,7.207207207207207,88.58858858858859,9.90990990990991,78.67867867867868
E00083461,341,33,14,19,308,29,279,9.67741935483871,4.105571847507331,5.571847507331378,90.32258064516128,8.504398826979472,81.81818181818183
E00083462,246,30,10,20,216,16,200,12.195121951219512,4.0650406504065035,8.130081300813007,87.8048780487805,6.504065040650407,81.30081300813008
E00083463,278,32,14,18,246,20,226,11.510791366906476,5.0359712230215825,6.474820143884892,88.48920863309353,7.1942446043165464,81.29496402877699
E00083464,344,44,12,32,300,23,277,12.790697674418606,3.488372093023256,9.30232558139535,87.20930232558139,6.686046511627906,80.52325581395348
E00083465,341,29,11,18,312,19,293,8.504398826979472,3.225806451612903,5.278592375366569,91.49560117302052,5.571847507331378,85.92375366568915
E00083466,424,57,35,22,367,29,338,13.443396226415095,8.254716981132075,5.188679245283019,86.55660377358491,6.8396226415094334,79.71698113207547
E00083467,350,33,12,21,317,25,292,9.428571428571429,3.428571428571429,6,90.57142857142857,7.142857142857142,83.42857142857143
E00083468,254,59,27,32,195,22,173,23.228346456692915,10.62992125984252,12.598425196850393,76.77165354330708,8.661417322834646,68.11023622047244
E00083469,340,73,36,37,267,11,256,21.470588235294116,10.588235294117647,10.882352941176471,78.52941176470588,3.2352941176470593,75.29411764705883
E00083470,198,22,2,20,176,23,153,11.11111111111111,1.0101010101010102,10.1010101010101,88.88888888888889,11.616161616161616,77.27272727272727
E00083471,367,72,36,36,295,18,277,19.618528610354225,9.809264305177113,9.809264305177113,80.38147138964578,4.904632152588556,75.47683923705722
E00083472,331,30,8,22,301,18,283,9.06344410876133,2.416918429003021,6.646525679758309,90.93655589123867,5.438066465256798,85.49848942598187
E00083473,356,18,4,14,338,31,307,5.056179775280898,1.1235955056179776,3.932584269662921,94.9438202247191,8.707865168539326,86.23595505617978
E00083474,382,30,7,23,352,18,334,7.853403141361256,1.832460732984293,6.020942408376963,92.14659685863874,4.712041884816754,87.43455497382199
E00083475,326,29,15,14,297,24,273,8.895705521472392,4.601226993865031,4.294478527607362,91.1042944785276,7.361963190184049,83.74233128834356
E00083476,225,21,5,16,204,12,192,9.333333333333334,2.2222222222222223,7.111111111111111,90.66666666666666,5.333333333333334,85.33333333333334
E00083477,279,24,4,20,255,23,232,8.60215053763441,1.4336917562724014,7.168458781362006,91.39784946236558,8.24372759856631,83.15412186379928
E00083478,400,52,14,38,348,18,330,13,3.5000000000000004,9.5,87,4.5,82.5
E00083480,348,47,18,29,301,23,278,13.505747126436782,5.172413793103448,8.333333333333332,86.49425287356321,6.609195402298851,79.88505747126436
E00083481,396,37,12,25,359,23,336,9.343434343434344,3.0303030303030303,6.313131313131313,90.65656565656566,5.808080808080808,84.84848484848484
E00083482,475,53,17,36,422,32,390,11.157894736842106,3.578947368421052,7.578947368421053,88.8421052631579,6.7368421052631575,82.10526315789474
E00083483,361,41,14,27,320,24,296,11.357340720221606,3.8781163434903045,7.479224376731302,88.64265927977839,6.64819944598338,81.99445983379502
E00083484,288,29,12,17,259,14,245,10.069444444444445,4.166666666666666,5.902777777777778,89.93055555555556,4.861111111111112,85.06944444444444
E00083485,314,38,15,23,276,21,255,12.101910828025478,4.777070063694268,7.32484076433121,87.89808917197452,6.687898089171974,81.21019108280255
E00083486,366,34,10,24,332,21,311,9.289617486338798,2.73224043715847,6.557377049180328,90.7103825136612,5.737704918032787,84.97267759562843
E00083487,290,34,17,17,256,21,235,11.724137931034482,5.862068965517241,5.862068965517241,88.27586206896552,7.241379310344828,81.03448275862068
E00083488,216,47,31,16,169,15,154,21.75925925925926,14.351851851851851,7.4074074074074066,78.24074074074075,6.944444444444445,71.29629629629629
E00083489,295,37,8,29,258,15,243,12.54237288135593,2.711864406779661,9.830508474576272,87.45762711864407,5.084745762711865,82.37288135593221
E00083490,337,26,6,20,311,22,289,7.71513353115727,1.7804154302670623,5.934718100890208,92.28486646884274,6.528189910979229,85.7566765578635
E00083491,481,73,24,49,408,33,375,15.176715176715177,4.98960498960499,10.187110187110187,84.82328482328482,6.860706860706861,77.96257796257797
E00083492,386,39,7,32,347,31,316,10.103626943005182,1.8134715025906734,8.290155440414509,89.89637305699482,8.031088082901555,81.86528497409327
E00083493,361,30,8,22,331,27,304,8.310249307479225,2.21606648199446,6.094182825484765,91.68975069252078,7.479224376731302,84.21052631578947
E00083494,307,28,11,17,279,26,253,9.120521172638437,3.5830618892508146,5.537459283387622,90.87947882736157,8.469055374592834,82.41042345276874
E00083495,363,27,0,27,336,17,319,7.43801652892562,0,7.43801652892562,92.56198347107438,4.683195592286501,87.87878787878788
E00083496,373,46,14,32,327,26,301,12.332439678284182,3.753351206434316,8.579088471849866,87.66756032171583,6.970509383378016,80.6970509383378
E00083497,230,21,7,14,209,11,198,9.130434782608695,3.0434782608695654,6.086956521739131,90.8695652173913,4.782608695652174,86.08695652173914
E00083498,291,40,10,30,251,25,226,13.745704467353953,3.436426116838488,10.309278350515463,86.25429553264605,8.59106529209622,77.66323024054984
E00083499,360,39,12,27,321,29,292,10.833333333333334,3.3333333333333335,7.5,89.16666666666667,8.055555555555555,81.11111111111111
E00083500,283,31,9,22,252,31,221,10.954063604240282,3.180212014134275,7.773851590106007,89.04593639575971,10.954063604240282,78.09187279151944
E00083501,133,14,6,8,119,5,114,10.526315789473683,4.511278195488721,6.015037593984962,89.47368421052632,3.7593984962406015,85.71428571428571
E00083502,240,28,8,20,212,24,188,11.666666666666666,3.3333333333333335,8.333333333333332,88.33333333333333,10,78.33333333333333
E00083503,367,54,20,34,313,15,298,14.713896457765669,5.449591280653951,9.264305177111716,85.28610354223434,4.087193460490464,81.19891008174388
E00083504,405,30,14,16,375,24,351,7.4074074074074066,3.45679012345679,3.950617283950617,92.5925925925926,5.9259259259259265,86.66666666666667
E00083505,404,55,15,40,349,21,328,13.613861386138614,3.7128712871287126,9.900990099009901,86.38613861386139,5.198019801980198,81.1881188118812
E00083506,481,56,16,40,425,27,398,11.642411642411643,3.3264033264033266,8.316008316008316,88.35758835758836,5.613305613305614,82.74428274428274
E00083507,331,38,8,30,293,25,268,11.48036253776435,2.416918429003021,9.06344410876133,88.51963746223565,7.552870090634441,80.96676737160121
E00083508,313,31,11,20,282,22,260,9.904153354632587,3.5143769968051117,6.3897763578274756,90.09584664536742,7.0287539936102235,83.06709265175719
E00083509,334,47,20,27,287,29,258,14.071856287425149,5.9880239520958085,8.08383233532934,85.92814371257485,8.682634730538922,77.24550898203593
E00083510,361,38,12,26,323,20,303,10.526315789473683,3.32409972299169,7.202216066481995,89.47368421052632,5.540166204986149,83.93351800554017
E00083511,239,40,17,23,199,15,184,16.736401673640167,7.112970711297072,9.623430962343097,83.26359832635984,6.2761506276150625,76.98744769874477
E00083512,371,45,21,24,326,21,305,12.129380053908356,5.660377358490567,6.46900269541779,87.87061994609164,5.660377358490567,82.21024258760107
E00083513,255,45,23,22,210,19,191,17.647058823529413,9.019607843137255,8.627450980392156,82.35294117647058,7.450980392156863,74.90196078431373
E00083514,348,35,10,25,313,14,299,10.057471264367816,2.8735632183908044,7.183908045977011,89.9425287356322,4.022988505747127,85.91954022988506
E00083515,295,41,16,25,254,25,229,13.898305084745763,5.423728813559322,8.47457627118644,86.10169491525423,8.47457627118644,77.62711864406779
E00083516,338,38,16,22,300,30,270,11.242603550295858,4.733727810650888,6.508875739644971,88.75739644970415,8.875739644970414,79.88165680473372
E00083517,280,41,13,28,239,21,218,14.642857142857144,4.642857142857143,10,85.35714285714285,7.5,77.85714285714286
E00083518,260,30,7,23,230,18,212,11.538461538461538,2.6923076923076925,8.846153846153847,88.46153846153845,6.923076923076923,81.53846153846153
E00083519,304,34,11,23,270,23,247,11.18421052631579,3.618421052631579,7.565789473684211,88.81578947368422,7.565789473684211,81.25
E00083520,290,40,11,29,250,19,231,13.793103448275861,3.793103448275862,10,86.20689655172413,6.551724137931035,79.65517241379311
E00083521,522,65,18,47,457,21,436,12.452107279693486,3.4482758620689653,9.003831417624522,87.5478927203065,4.022988505747127,83.5249042145594
E00083522,226,30,12,18,196,23,173,13.274336283185843,5.3097345132743365,7.964601769911504,86.72566371681415,10.176991150442479,76.54867256637168
E00083523,282,29,8,21,253,13,240,10.28368794326241,2.8368794326241136,7.446808510638298,89.71631205673759,4.609929078014184,85.1063829787234
E00083524,279,19,4,15,260,27,233,6.810035842293908,1.4336917562724014,5.376344086021505,93.1899641577061,9.67741935483871,83.51254480286738
E00083525,295,39,16,23,256,23,233,13.220338983050848,5.423728813559322,7.796610169491526,86.77966101694915,7.796610169491526,78.98305084745762
E00083526,252,31,8,23,221,19,202,12.3015873015873,3.1746031746031744,9.126984126984127,87.6984126984127,7.5396825396825395,80.15873015873017
E00083527,286,29,9,20,257,17,240,10.13986013986014,3.146853146853147,6.993006993006993,89.86013986013987,5.944055944055944,83.91608391608392
E00083528,249,39,15,24,210,17,193,15.66265060240964,6.024096385542169,9.63855421686747,84.33734939759037,6.827309236947792,77.51004016064257
E00083529,311,24,6,18,287,30,257,7.717041800643088,1.929260450160772,5.787781350482315,92.28295819935691,9.646302250803858,82.63665594855306
E00083530,382,49,18,31,333,24,309,12.827225130890053,4.712041884816754,8.115183246073299,87.17277486910994,6.282722513089005,80.89005235602095
E00083531,173,30,16,14,143,5,138,17.341040462427745,9.248554913294797,8.092485549132949,82.65895953757226,2.8901734104046244,79.76878612716763
E00083532,350,40,11,29,310,21,289,11.428571428571429,3.1428571428571432,8.285714285714285,88.57142857142857,6,82.57142857142857
E00083533,565,34,13,21,531,25,506,6.017699115044247,2.3008849557522124,3.7168141592920354,93.98230088495575,4.424778761061947,89.5575221238938
E00083534,372,37,15,22,335,26,309,9.946236559139784,4.032258064516129,5.913978494623656,90.05376344086021,6.989247311827956,83.06451612903226
E00083535,271,23,12,11,248,11,237,8.487084870848708,4.428044280442804,4.059040590405904,91.5129151291513,4.059040590405904,87.4538745387454
E00083536,279,23,8,15,256,18,238,8.24372759856631,2.867383512544803,5.376344086021505,91.75627240143369,6.451612903225806,85.30465949820788
E00083537,277,31,10,21,246,27,219,11.191335740072201,3.6101083032490973,7.581227436823104,88.8086642599278,9.747292418772563,79.06137184115524
E00083538,310,37,6,31,273,21,252,11.935483870967742,1.935483870967742,10,88.06451612903226,6.774193548387098,81.29032258064515
E00083539,267,24,7,17,243,20,223,8.98876404494382,2.6217228464419478,6.367041198501873,91.01123595505618,7.490636704119851,83.52059925093633
E00083540,260,15,1,14,245,18,227,5.769230769230769,0.38461538461538464,5.384615384615385,94.23076923076923,6.923076923076923,87.3076923076923
E00083541,242,28,4,24,214,16,198,11.570247933884298,1.6528925619834711,9.917355371900827,88.42975206611571,6.6115702479338845,81.81818181818183
E00083542,297,24,4,20,273,22,251,8.080808080808081,1.3468013468013467,6.7340067340067336,91.91919191919192,7.4074074074074066,84.51178451178451
E00083543,300,16,0,16,284,22,262,5.333333333333334,0,5.333333333333334,94.66666666666667,7.333333333333333,87.33333333333333
E00083544,306,17,6,11,289,19,270,5.555555555555555,1.9607843137254901,3.594771241830065,94.44444444444444,6.209150326797386,88.23529411764706
E00083545,261,31,3,28,230,18,212,11.877394636015326,1.1494252873563218,10.727969348659004,88.12260536398468,6.896551724137931,81.22605363984674
E00083546,285,24,6,18,261,16,245,8.421052631578947,2.1052631578947367,6.315789473684211,91.57894736842105,5.614035087719298,85.96491228070175
E00083547,337,21,12,9,316,31,285,6.231454005934718,3.5608308605341246,2.6706231454005933,93.76854599406528,9.198813056379821,84.56973293768546
E00083548,529,50,16,34,479,38,441,9.45179584120983,3.0245746691871456,6.427221172022684,90.54820415879017,7.183364839319471,83.36483931947069
E00083549,485,48,14,34,437,28,409,9.896907216494846,2.88659793814433,7.010309278350515,90.10309278350516,5.77319587628866,84.3298969072165
E00083550,321,55,25,30,266,27,239,17.133956386292834,7.78816199376947,9.345794392523365,82.86604361370716,8.411214953271028,74.45482866043614
E00083551,325,52,24,28,273,18,255,16,7.384615384615385,8.615384615384615,84,5.538461538461538,78.46153846153847
E00083552,281,29,7,22,252,18,234,10.320284697508896,2.491103202846975,7.829181494661921,89.6797153024911,6.405693950177936,83.27402135231317
E00083553,302,23,8,15,279,28,251,7.6158940397351,2.6490066225165565,4.966887417218543,92.3841059602649,9.271523178807946,83.11258278145695
E00083554,340,44,13,31,296,23,273,12.941176470588237,3.823529411764706,9.117647058823529,87.05882352941177,6.764705882352941,80.29411764705883
E00083555,396,24,6,18,372,24,348,6.0606060606060606,1.5151515151515151,4.545454545454546,93.93939393939394,6.0606060606060606,87.87878787878788
E00083556,424,65,33,32,359,26,333,15.330188679245282,7.783018867924528,7.547169811320755,84.66981132075472,6.132075471698113,78.5377358490566
E00083557,253,10,6,4,243,25,218,3.9525691699604746,2.371541501976284,1.5810276679841897,96.04743083003953,9.881422924901186,86.16600790513834
E00083558,357,53,19,34,304,25,279,14.84593837535014,5.322128851540616,9.523809523809524,85.15406162464986,7.002801120448179,78.15126050420169
E00083559,247,53,29,24,194,6,188,21.45748987854251,11.740890688259109,9.7165991902834,78.54251012145748,2.42914979757085,76.11336032388664
E00083560,274,37,10,27,237,14,223,13.503649635036496,3.64963503649635,9.854014598540147,86.4963503649635,5.109489051094891,81.38686131386861
E00083561,306,49,21,28,257,27,230,16.013071895424837,6.862745098039216,9.15032679738562,83.98692810457517,8.823529411764707,75.16339869281046
E00083562,557,47,15,32,510,42,468,8.43806104129264,2.6929982046678633,5.745062836624776,91.56193895870736,7.5403949730700175,84.02154398563735
E00083563,389,80,33,47,309,20,289,20.565552699228792,8.483290488431876,12.082262210796916,79.43444730077121,5.141388174807198,74.293059125964
E00083564,306,45,16,29,261,20,241,14.705882352941178,5.228758169934641,9.477124183006536,85.29411764705883,6.535947712418301,78.75816993464052
E00083565,328,37,12,25,291,28,263,11.28048780487805,3.6585365853658534,7.621951219512195,88.71951219512195,8.536585365853659,80.1829268292683
E00083566,303,43,11,32,260,15,245,14.19141914191419,3.6303630363036308,10.561056105610561,85.8085808580858,4.9504950495049505,80.85808580858085
E00083567,356,41,12,29,315,26,289,11.51685393258427,3.3707865168539324,8.146067415730338,88.48314606741573,7.303370786516854,81.17977528089888
E00083568,302,43,20,23,259,28,231,14.23841059602649,6.622516556291391,7.6158940397351,85.76158940397352,9.271523178807946,76.49006622516556
E00083569,322,39,12,27,283,21,262,12.111801242236025,3.7267080745341614,8.385093167701864,87.88819875776397,6.521739130434782,81.36645962732919
E00083570,284,33,11,22,251,27,224,11.619718309859154,3.873239436619718,7.746478873239436,88.38028169014085,9.507042253521126,78.87323943661971
E00083571,363,52,19,33,311,15,296,14.325068870523417,5.234159779614325,9.090909090909092,85.67493112947659,4.132231404958678,81.5426997245179
E00083572,373,39,16,23,334,17,317,10.455764075067025,4.289544235924933,6.166219839142091,89.54423592493298,4.557640750670242,84.98659517426273
E00083573,416,52,16,36,364,28,336,12.5,3.8461538461538463,8.653846153846153,87.5,6.730769230769231,80.76923076923077
E00083574,282,51,23,28,231,20,211,18.085106382978726,8.156028368794328,9.929078014184398,81.91489361702128,7.092198581560284,74.822695035461
E00083575,350,45,18,27,305,22,283,12.857142857142856,5.142857142857142,7.7142857142857135,87.14285714285714,6.2857142857142865,80.85714285714286
E00083576,371,44,18,26,327,30,297,11.859838274932615,4.8517520215633425,7.008086253369273,88.14016172506739,8.086253369272237,80.05390835579514
E00083577,237,53,20,33,184,17,167,22.362869198312236,8.438818565400844,13.924050632911392,77.63713080168776,7.172995780590717,70.46413502109705
E00083578,446,142,81,61,304,29,275,31.838565022421523,18.161434977578477,13.67713004484305,68.16143497757847,6.502242152466367,61.65919282511211
E00083579,325,37,13,24,288,26,262,11.384615384615385,4,7.384615384615385,88.61538461538461,8,80.61538461538461
E00083580,371,62,28,34,309,21,288,16.711590296495956,7.547169811320755,9.164420485175203,83.28840970350404,5.660377358490567,77.62803234501348
E00083581,300,41,17,24,259,23,236,13.666666666666666,5.666666666666666,8,86.33333333333333,7.666666666666666,78.66666666666666
E00083582,318,33,9,24,285,21,264,10.377358490566039,2.8301886792452833,7.547169811320755,89.62264150943396,6.60377358490566,83.01886792452831
E00083583,317,34,9,25,283,24,259,10.725552050473187,2.8391167192429023,7.886435331230284,89.27444794952682,7.570977917981073,81.70347003154575
E00083584,300,31,11,20,269,18,251,10.333333333333334,3.6666666666666665,6.666666666666667,89.66666666666666,6,83.66666666666667
E00083585,307,62,25,37,245,20,225,20.195439739413683,8.143322475570033,12.052117263843648,79.80456026058633,6.514657980456026,73.28990228013029
E00083586,213,25,11,14,188,17,171,11.737089201877934,5.164319248826291,6.572769953051644,88.26291079812206,7.981220657276995,80.28169014084507
E00083587,349,83,32,51,266,29,237,23.78223495702006,9.169054441260744,14.613180515759314,76.21776504297995,8.30945558739255,67.90830945558739
E00083588,291,43,16,27,248,5,243,14.776632302405499,5.498281786941581,9.278350515463918,85.2233676975945,1.718213058419244,83.50515463917526
E00083589,229,27,11,16,202,19,183,11.790393013100436,4.8034934497816595,6.986899563318777,88.20960698689956,8.296943231441048,79.91266375545851
E00083590,327,42,20,22,285,17,268,12.844036697247708,6.116207951070336,6.727828746177369,87.1559633027523,5.198776758409786,81.9571865443425
E00083591,313,41,20,21,272,11,261,13.099041533546327,6.3897763578274756,6.7092651757188495,86.90095846645367,3.5143769968051117,83.38658146964856
E00083592,297,38,16,22,259,12,247,12.794612794612794,5.387205387205387,7.4074074074074066,87.20538720538721,4.040404040404041,83.16498316498317
E00083593,255,40,16,24,215,9,206,15.686274509803921,6.2745098039215685,9.411764705882353,84.31372549019608,3.5294117647058822,80.7843137254902
E00083594,249,35,17,18,214,17,197,14.056224899598394,6.827309236947792,7.228915662650602,85.94377510040161,6.827309236947792,79.11646586345381
E00083595,394,56,21,35,338,19,319,14.213197969543149,5.32994923857868,8.883248730964468,85.78680203045685,4.822335025380711,80.96446700507614
E00083596,249,36,13,23,213,18,195,14.457831325301203,5.220883534136546,9.236947791164658,85.54216867469879,7.228915662650602,78.3132530120482
E00083597,268,26,5,21,242,22,220,9.701492537313433,1.8656716417910446,7.835820895522389,90.29850746268657,8.208955223880597,82.08955223880598
E00083598,294,44,15,29,250,27,223,14.965986394557824,5.1020408163265305,9.863945578231291,85.03401360544217,9.183673469387756,75.85034013605441
E00083599,344,50,22,28,294,23,271,14.534883720930234,6.395348837209303,8.13953488372093,85.46511627906976,6.686046511627906,78.77906976744185
E00083600,355,63,27,36,292,23,269,17.74647887323944,7.605633802816901,10.140845070422536,82.25352112676056,6.478873239436619,75.77464788732394
E00083601,264,66,34,32,198,7,191,25,12.878787878787879,12.121212121212121,75,2.6515151515151514,72.34848484848484
E00083602,334,58,27,31,276,16,260,17.365269461077844,8.08383233532934,9.281437125748502,82.63473053892216,4.790419161676647,77.84431137724552
E00083603,374,38,20,18,336,20,316,10.16042780748663,5.347593582887701,4.81283422459893,89.83957219251337,5.347593582887701,84.49197860962568
E00083604,412,28,14,14,384,23,361,6.796116504854369,3.3980582524271843,3.3980582524271843,93.20388349514563,5.582524271844661,87.62135922330097
E00083605,265,45,21,24,220,22,198,16.9811320754717,7.9245283018867925,9.056603773584905,83.01886792452831,8.30188679245283,74.71698113207546
E00083606,341,31,8,23,310,27,283,9.090909090909092,2.346041055718475,6.744868035190615,90.9090909090909,7.9178885630498534,82.99120234604106
E00083607,304,28,8,20,276,25,251,9.210526315789473,2.631578947368421,6.578947368421052,90.78947368421053,8.223684210526317,82.56578947368422
E00083608,327,36,12,24,291,14,277,11.009174311926607,3.669724770642202,7.339449541284404,88.9908256880734,4.281345565749235,84.70948012232415
E00083609,476,56,11,45,420,32,388,11.76470588235294,2.3109243697478994,9.453781512605042,88.23529411764706,6.722689075630252,81.5126050420168
E00083610,410,43,13,30,367,29,338,10.487804878048781,3.1707317073170733,7.317073170731707,89.51219512195122,7.073170731707316,82.4390243902439
E00083611,326,51,19,32,275,22,253,15.644171779141105,5.828220858895705,9.815950920245399,84.3558282208589,6.748466257668712,77.60736196319019
E00083612,360,51,18,33,309,24,285,14.166666666666666,5,9.166666666666666,85.83333333333333,6.666666666666667,79.16666666666666
E00083613,346,29,10,19,317,25,292,8.38150289017341,2.8901734104046244,5.491329479768786,91.61849710982659,7.225433526011561,84.39306358381504
E00083614,327,43,9,34,284,29,255,13.149847094801222,2.7522935779816518,10.397553516819572,86.85015290519877,8.868501529051988,77.98165137614679
E00083615,411,41,15,26,370,33,337,9.975669099756692,3.64963503649635,6.326034063260341,90.02433090024331,8.02919708029197,81.99513381995133
E00083616,291,29,9,20,262,28,234,9.965635738831615,3.0927835051546393,6.872852233676976,90.03436426116839,9.621993127147768,80.41237113402062
E00083617,325,55,25,30,270,23,247,16.923076923076923,7.6923076923076925,9.230769230769232,83.07692307692308,7.076923076923077,76
E00083618,460,23,7,16,437,10,427,5,1.5217391304347827,3.4782608695652173,95,2.1739130434782608,92.82608695652173
E00083619,331,32,8,24,299,16,283,9.667673716012084,2.416918429003021,7.250755287009064,90.33232628398792,4.833836858006042,85.49848942598187
E00083620,355,41,14,27,314,26,288,11.549295774647888,3.943661971830986,7.605633802816901,88.45070422535211,7.323943661971831,81.12676056338029
E00083621,309,32,15,17,277,15,262,10.355987055016183,4.854368932038835,5.501618122977346,89.64401294498381,4.854368932038835,84.78964401294499
E00083622,314,54,32,22,260,21,239,17.197452229299362,10.191082802547772,7.006369426751593,82.80254777070064,6.687898089171974,76.11464968152866
E00083623,333,49,22,27,284,21,263,14.714714714714713,6.606606606606606,8.108108108108109,85.28528528528528,6.306306306306306,78.97897897897897
E00083624,297,58,27,31,239,15,224,19.52861952861953,9.090909090909092,10.437710437710438,80.47138047138047,5.05050505050505,75.42087542087542
E00083625,358,38,8,30,320,18,302,10.614525139664805,2.2346368715083798,8.379888268156424,89.3854748603352,5.027932960893855,84.35754189944134
E00083626,349,46,15,31,303,30,273,13.18051575931232,4.297994269340974,8.882521489971348,86.81948424068769,8.595988538681947,78.22349570200574
E00083627,339,56,31,25,283,7,276,16.519174041297934,9.144542772861357,7.374631268436578,83.48082595870207,2.0648967551622417,81.41592920353983
E00083628,272,25,11,14,247,14,233,9.191176470588236,4.044117647058823,5.147058823529411,90.80882352941177,5.147058823529411,85.66176470588235
E00083629,322,49,24,25,273,15,258,15.217391304347828,7.453416149068323,7.763975155279502,84.78260869565217,4.658385093167702,80.12422360248446
E00083630,392,53,23,30,339,13,326,13.520408163265307,5.86734693877551,7.653061224489796,86.4795918367347,3.316326530612245,83.16326530612244
E00083631,310,37,18,19,273,14,259,11.935483870967742,5.806451612903226,6.129032258064516,88.06451612903226,4.516129032258064,83.54838709677419
E00083632,385,49,15,34,336,22,314,12.727272727272727,3.896103896103896,8.831168831168831,87.27272727272727,5.714285714285714,81.55844155844156
E00083633,349,37,13,24,312,15,297,10.601719197707736,3.7249283667621778,6.876790830945559,89.39828080229226,4.297994269340974,85.10028653295129
E00083634,332,50,22,28,282,22,260,15.060240963855422,6.626506024096386,8.433734939759036,84.93975903614458,6.626506024096386,78.3132530120482
E00083635,289,43,16,27,246,16,230,14.878892733564014,5.536332179930796,9.342560553633218,85.12110726643598,5.536332179930796,79.58477508650519
E00083636,320,49,19,30,271,12,259,15.312500000000002,5.9375,9.375,84.6875,3.75,80.9375
E00083637,289,26,6,20,263,18,245,8.996539792387544,2.0761245674740483,6.920415224913495,91.00346020761245,6.228373702422145,84.77508650519032
E00083638,353,41,14,27,312,15,297,11.614730878186968,3.9660056657223794,7.64872521246459,88.38526912181302,4.2492917847025495,84.13597733711048
E00083639,218,51,17,34,167,14,153,23.394495412844037,7.79816513761468,15.59633027522936,76.60550458715596,6.422018348623854,70.18348623853211
E00083640,262,39,15,24,223,11,212,14.885496183206106,5.7251908396946565,9.16030534351145,85.1145038167939,4.198473282442748,80.91603053435115
E00083641,326,42,26,16,284,21,263,12.883435582822086,7.975460122699387,4.9079754601226995,87.11656441717791,6.441717791411043,80.67484662576688
E00083642,390,31,10,21,359,29,330,7.948717948717948,2.564102564102564,5.384615384615385,92.05128205128204,7.435897435897436,84.61538461538461
E00083643,263,24,8,16,239,23,216,9.125475285171103,3.041825095057034,6.083650190114068,90.8745247148289,8.745247148288973,82.12927756653993
E00083644,133,12,5,7,121,7,114,9.022556390977442,3.7593984962406015,5.263157894736842,90.97744360902256,5.263157894736842,85.71428571428571
E00083645,165,22,8,14,143,17,126,13.333333333333334,4.848484848484849,8.484848484848486,86.66666666666667,10.303030303030303,76.36363636363637
E00083647,293,27,6,21,266,20,246,9.215017064846416,2.04778156996587,7.167235494880546,90.78498293515358,6.825938566552901,83.95904436860067
E00083648,319,42,18,24,277,34,243,13.166144200626958,5.6426332288401255,7.523510971786834,86.83385579937304,10.658307210031348,76.17554858934169
E00083650,251,37,16,21,214,17,197,14.741035856573706,6.374501992031872,8.366533864541832,85.2589641434263,6.772908366533864,78.48605577689243
E00083651,279,29,15,14,250,19,231,10.39426523297491,5.376344086021505,5.017921146953405,89.6057347670251,6.810035842293908,82.79569892473118
E00083652,299,43,13,30,256,28,228,14.381270903010032,4.3478260869565215,10.033444816053512,85.61872909698997,9.364548494983277,76.2541806020067
E00083653,337,57,19,38,280,19,261,16.913946587537094,5.637982195845697,11.275964391691394,83.08605341246292,5.637982195845697,77.44807121661721
E00083654,350,54,11,43,296,26,270,15.428571428571427,3.1428571428571432,12.285714285714286,84.57142857142857,7.428571428571429,77.14285714285715
E00083655,222,34,11,23,188,15,173,15.315315315315313,4.954954954954955,10.36036036036036,84.68468468468468,6.756756756756757,77.92792792792793
E00083656,311,33,16,17,278,26,252,10.610932475884244,5.144694533762058,5.466237942122187,89.38906752411575,8.360128617363344,81.02893890675242
E00083657,297,64,19,45,233,25,208,21.548821548821547,6.397306397306397,15.151515151515152,78.45117845117845,8.417508417508419,70.03367003367003
E00083658,301,45,15,30,256,27,229,14.950166112956811,4.983388704318937,9.966777408637874,85.04983388704319,8.970099667774086,76.0797342192691
E00083659,379,44,16,28,335,25,310,11.609498680738787,4.221635883905013,7.387862796833773,88.39050131926122,6.596306068601583,81.79419525065963
E00083660,356,31,11,20,325,34,291,8.707865168539326,3.089887640449438,5.617977528089887,91.29213483146067,9.550561797752808,81.74157303370787
E00083661,414,37,15,22,377,32,345,8.937198067632849,3.6231884057971016,5.314009661835748,91.06280193236715,7.729468599033816,83.33333333333334
E00083662,411,27,5,22,384,35,349,6.569343065693431,1.2165450121654502,5.35279805352798,93.43065693430657,8.51581508515815,84.91484184914842
E00083663,305,32,10,22,273,23,250,10.491803278688524,3.278688524590164,7.213114754098362,89.50819672131148,7.540983606557377,81.9672131147541
E00083664,327,35,13,22,292,26,266,10.703363914373089,3.9755351681957185,6.727828746177369,89.29663608562691,7.951070336391437,81.34556574923548
E00083665,308,37,8,29,271,14,257,12.012987012987013,2.5974025974025974,9.415584415584416,87.98701298701299,4.545454545454546,83.44155844155844
E00083666,425,87,28,59,338,19,319,20.47058823529412,6.588235294117648,13.882352941176471,79.52941176470588,4.470588235294118,75.05882352941177
E00083667,372,63,35,28,309,18,291,16.93548387096774,9.408602150537634,7.526881720430108,83.06451612903226,4.838709677419355,78.2258064516129
E00083668,385,69,26,43,316,26,290,17.92207792207792,6.753246753246753,11.168831168831169,82.07792207792208,6.753246753246753,75.32467532467533
E00083670,356,30,11,19,326,20,306,8.426966292134832,3.089887640449438,5.337078651685393,91.57303370786516,5.617977528089887,85.95505617977528
E00083671,392,36,9,27,356,26,330,9.183673469387756,2.295918367346939,6.887755102040815,90.81632653061224,6.63265306122449,84.18367346938776
E00083672,295,50,31,19,245,13,232,16.94915254237288,10.508474576271185,6.440677966101695,83.05084745762711,4.406779661016949,78.64406779661017
E00083673,389,47,17,30,342,34,308,12.082262210796916,4.370179948586118,7.712082262210797,87.91773778920309,8.740359897172237,79.17737789203085
E00083674,274,19,9,10,255,32,223,6.934306569343065,3.2846715328467155,3.64963503649635,93.06569343065694,11.678832116788321,81.38686131386861
E00083675,358,32,11,21,326,45,281,8.938547486033519,3.072625698324022,5.865921787709497,91.06145251396647,12.569832402234638,78.49162011173185
E00083676,247,27,5,22,220,16,204,10.931174089068826,2.0242914979757085,8.906882591093117,89.06882591093117,6.477732793522267,82.5910931174089
E00083677,281,59,23,36,222,18,204,20.99644128113879,8.185053380782918,12.811387900355871,79.00355871886121,6.405693950177936,72.59786476868328
E00083678,326,70,29,41,256,19,237,21.472392638036812,8.895705521472392,12.576687116564417,78.52760736196319,5.828220858895705,72.69938650306749
E00083679,285,44,18,26,241,11,230,15.43859649122807,6.315789473684211,9.12280701754386,84.56140350877193,3.8596491228070176,80.7017543859649
E00083680,356,51,25,26,305,22,283,14.325842696629213,7.02247191011236,7.303370786516854,85.67415730337079,6.179775280898876,79.49438202247191
E00083681,475,65,21,44,410,19,391,13.684210526315791,4.421052631578947,9.263157894736842,86.31578947368422,4,82.3157894736842
E00083682,371,53,19,34,318,21,297,14.285714285714285,5.121293800539084,9.164420485175203,85.71428571428571,5.660377358490567,80.05390835579514
E00083683,431,44,14,30,387,22,365,10.208816705336426,3.248259860788863,6.960556844547564,89.79118329466357,5.104408352668213,84.68677494199535
E00083684,264,43,18,25,221,15,206,16.28787878787879,6.8181818181818175,9.469696969696969,83.71212121212122,5.681818181818182,78.03030303030303
E00083685,406,61,30,31,345,16,329,15.024630541871922,7.389162561576355,7.635467980295567,84.97536945812809,3.9408866995073892,81.03448275862068
E00083686,438,45,19,26,393,14,379,10.273972602739725,4.337899543378995,5.93607305936073,89.72602739726028,3.1963470319634704,86.5296803652968
E00083687,375,36,16,20,339,19,320,9.6,4.266666666666667,5.333333333333334,90.4,5.066666666666666,85.33333333333334
E00083688,446,55,17,38,391,18,373,12.331838565022421,3.811659192825112,8.520179372197308,87.66816143497758,4.0358744394618835,83.6322869955157
E00083689,388,42,16,26,346,17,329,10.824742268041238,4.123711340206185,6.701030927835052,89.17525773195877,4.381443298969072,84.79381443298969
E00083690,246,40,19,21,206,20,186,16.260162601626014,7.723577235772358,8.536585365853659,83.73983739837398,8.130081300813007,75.60975609756098
E00083691,303,47,15,32,256,16,240,15.51155115511551,4.9504950495049505,10.561056105610561,84.48844884488449,5.2805280528052805,79.20792079207921
E00083692,419,69,40,29,350,18,332,16.467780429594274,9.54653937947494,6.921241050119331,83.53221957040573,4.295942720763723,79.23627684964201
E00083693,333,30,12,18,303,23,280,9.00900900900901,3.6036036036036037,5.405405405405405,90.990990990991,6.906906906906906,84.08408408408408
E00083694,325,33,7,26,292,23,269,10.153846153846153,2.1538461538461537,8,89.84615384615384,7.076923076923077,82.76923076923077
E00083695,236,27,9,18,209,24,185,11.440677966101696,3.8135593220338984,7.627118644067797,88.5593220338983,10.16949152542373,78.38983050847457
E00083696,230,52,24,28,178,22,156,22.608695652173914,10.434782608695652,12.173913043478262,77.39130434782608,9.565217391304348,67.82608695652173
E00083697,207,23,3,20,184,11,173,11.11111111111111,1.4492753623188406,9.66183574879227,88.88888888888889,5.314009661835748,83.57487922705315
E00083698,357,33,12,21,324,19,305,9.243697478991598,3.361344537815126,5.88235294117647,90.75630252100841,5.322128851540616,85.43417366946778
E00083699,333,23,7,16,310,29,281,6.906906906906906,2.1021021021021022,4.804804804804805,93.09309309309309,8.708708708708707,84.38438438438438
E00083700,372,45,12,33,327,33,294,12.096774193548388,3.225806451612903,8.870967741935484,87.90322580645162,8.870967741935484,79.03225806451613
E00083701,278,31,8,23,247,17,230,11.151079136690647,2.877697841726619,8.273381294964029,88.84892086330936,6.115107913669065,82.73381294964028
E00083702,168,16,3,13,152,8,144,9.523809523809524,1.7857142857142856,7.738095238095238,90.47619047619048,4.761904761904762,85.71428571428571
E00083703,439,68,23,45,371,30,341,15.489749430523919,5.239179954441914,10.250569476082005,84.51025056947609,6.83371298405467,77.67653758542141
E00083704,264,20,5,15,244,24,220,7.575757575757576,1.893939393939394,5.681818181818182,92.42424242424242,9.090909090909092,83.33333333333334
E00083705,304,27,9,18,277,15,262,8.881578947368421,2.9605263157894735,5.921052631578947,91.11842105263158,4.934210526315789,86.18421052631578
E00083706,239,30,16,14,209,25,184,12.552301255230125,6.694560669456067,5.857740585774058,87.44769874476988,10.460251046025103,76.98744769874477
E00083707,413,47,20,27,366,25,341,11.380145278450362,4.8426150121065374,6.5375302663438255,88.61985472154964,6.053268765133172,82.56658595641646
E00083708,470,61,25,36,409,30,379,12.978723404255318,5.319148936170213,7.659574468085106,87.02127659574468,6.382978723404255,80.63829787234043
E00083709,391,77,47,30,314,24,290,19.69309462915601,12.020460358056265,7.672634271099745,80.30690537084399,6.138107416879795,74.16879795396419
E00083710,371,52,15,37,319,28,291,14.016172506738545,4.0431266846361185,9.973045822102426,85.98382749326146,7.547169811320755,78.4366576819407
E00083711,315,75,35,40,240,28,212,23.809523809523807,11.11111111111111,12.698412698412698,76.19047619047619,8.88888888888889,67.3015873015873
E00083712,250,64,24,40,186,20,166,25.6,9.6,16,74.4,8,66.4
E00083713,323,52,22,30,271,18,253,16.09907120743034,6.811145510835913,9.287925696594428,83.90092879256966,5.572755417956656,78.328173374613
E00083714,298,36,11,25,262,20,242,12.080536912751679,3.691275167785235,8.389261744966444,87.91946308724832,6.7114093959731544,81.20805369127517
E00083715,306,42,21,21,264,13,251,13.725490196078432,6.862745098039216,6.862745098039216,86.27450980392157,4.248366013071895,82.02614379084967
E00083716,244,24,9,15,220,15,205,9.836065573770492,3.6885245901639343,6.147540983606557,90.1639344262295,6.147540983606557,84.01639344262296
E00083717,334,26,6,20,308,32,276,7.784431137724551,1.7964071856287425,5.9880239520958085,92.21556886227546,9.580838323353294,82.63473053892216
E00083718,436,62,29,33,374,25,349,14.220183486238533,6.651376146788992,7.568807339449542,85.77981651376146,5.73394495412844,80.04587155963303
E00083719,428,42,21,21,386,14,372,9.813084112149532,4.906542056074766,4.906542056074766,90.18691588785047,3.2710280373831773,86.91588785046729
E00083720,373,29,10,19,344,28,316,7.774798927613941,2.680965147453083,5.093833780160858,92.22520107238606,7.506702412868632,84.71849865951742
E00083721,381,47,11,36,334,33,301,12.335958005249344,2.8871391076115485,9.448818897637794,87.66404199475065,8.661417322834646,79.00262467191601
E00083722,366,45,18,27,321,28,293,12.295081967213115,4.918032786885246,7.377049180327869,87.70491803278688,7.650273224043716,80.05464480874316
E00083723,311,37,12,25,274,19,255,11.89710610932476,3.858520900321544,8.038585209003216,88.10289389067523,6.109324758842444,81.9935691318328
E00083724,280,24,7,17,256,17,239,8.571428571428571,2.5,6.071428571428571,91.42857142857143,6.071428571428571,85.35714285714285
E00083725,337,34,9,25,303,34,269,10.089020771513352,2.6706231454005933,7.418397626112759,89.91097922848664,10.089020771513352,79.82195845697329
E00083726,396,45,16,29,351,14,337,11.363636363636363,4.040404040404041,7.3232323232323235,88.63636363636364,3.535353535353535,85.1010101010101
E00083727,308,29,8,21,279,20,259,9.415584415584416,2.5974025974025974,6.8181818181818175,90.5844155844156,6.493506493506493,84.0909090909091
E00083728,325,27,6,21,298,32,266,8.307692307692308,1.8461538461538463,6.461538461538462,91.6923076923077,9.846153846153847,81.84615384615384
E00083729,431,44,13,31,387,27,360,10.208816705336426,3.0162412993039442,7.192575406032482,89.79118329466357,6.2645011600928076,83.52668213457076
E00083730,357,46,13,33,311,25,286,12.885154061624648,3.6414565826330536,9.243697478991598,87.11484593837535,7.002801120448179,80.11204481792717
E00083731,309,37,7,30,272,30,242,11.974110032362459,2.26537216828479,9.70873786407767,88.02588996763754,9.70873786407767,78.31715210355988
E00083732,261,37,10,27,224,16,208,14.17624521072797,3.8314176245210727,10.344827586206897,85.82375478927203,6.130268199233716,79.6934865900383
E00083735,288,39,13,26,249,17,232,13.541666666666666,4.513888888888888,9.027777777777777,86.45833333333334,5.902777777777778,80.55555555555556
E00083736,323,41,13,28,282,20,262,12.693498452012383,4.024767801857585,8.6687306501548,87.30650154798761,6.191950464396285,81.11455108359134
E00083737,242,31,10,21,211,24,187,12.8099173553719,4.132231404958678,8.677685950413224,87.19008264462809,9.917355371900827,77.27272727272727
E00083738,254,54,22,32,200,25,175,21.25984251968504,8.661417322834646,12.598425196850393,78.74015748031496,9.84251968503937,68.89763779527559
E00083739,364,43,13,30,321,22,299,11.813186813186812,3.571428571428571,8.241758241758241,88.18681318681318,6.043956043956044,82.14285714285714
E00083740,347,66,20,46,281,22,259,19.020172910662826,5.763688760806916,13.256484149855908,80.97982708933718,6.340057636887608,74.63976945244957
E00083741,322,35,9,26,287,18,269,10.869565217391305,2.7950310559006213,8.074534161490684,89.13043478260869,5.590062111801243,83.54037267080744
E00083742,344,52,24,28,292,24,268,15.11627906976744,6.976744186046512,8.13953488372093,84.88372093023256,6.976744186046512,77.90697674418605
E00083743,304,31,13,18,273,19,254,10.197368421052632,4.276315789473684,5.921052631578947,89.80263157894737,6.25,83.55263157894737
E00083744,466,48,28,20,418,18,400,10.300429184549357,6.008583690987124,4.291845493562231,89.69957081545064,3.862660944206009,85.83690987124464
E00083745,338,30,12,18,308,23,285,8.875739644970414,3.5502958579881656,5.325443786982249,91.12426035502959,6.8047337278106506,84.31952662721893
E00083746,330,29,12,17,301,15,286,8.787878787878787,3.6363636363636362,5.151515151515151,91.21212121212122,4.545454545454546,86.66666666666667
E00083747,379,43,12,31,336,23,313,11.345646437994723,3.16622691292876,8.179419525065963,88.65435356200527,6.068601583113456,82.58575197889182
E00083748,335,33,12,21,302,15,287,9.850746268656717,3.582089552238806,6.26865671641791,90.14925373134328,4.477611940298507,85.67164179104478
E00083749,442,47,20,27,395,34,361,10.633484162895927,4.524886877828054,6.108597285067873,89.36651583710407,7.6923076923076925,81.67420814479638
E00083750,359,82,68,14,277,25,252,22.841225626740947,18.94150417827298,3.8997214484679668,77.15877437325905,6.963788300835655,70.19498607242339
E00083751,349,37,10,27,312,15,297,10.601719197707736,2.865329512893983,7.736389684813753,89.39828080229226,4.297994269340974,85.10028653295129
E00083752,250,44,16,28,206,20,186,17.599999999999998,6.4,11.200000000000001,82.39999999999999,8,74.4
E00083753,183,55,32,23,128,14,114,30.05464480874317,17.48633879781421,12.568306010928962,69.94535519125684,7.650273224043716,62.295081967213115
E00083754,258,49,28,21,209,23,186,18.992248062015506,10.852713178294573,8.13953488372093,81.0077519379845,8.914728682170542,72.09302325581395
E00083755,316,47,13,34,269,27,242,14.873417721518987,4.113924050632911,10.759493670886076,85.12658227848101,8.544303797468354,76.58227848101265
E00083756,323,31,10,21,292,23,269,9.597523219814242,3.0959752321981426,6.5015479876160995,90.40247678018576,7.120743034055728,83.28173374613003
E00083757,534,99,40,59,435,31,404,18.53932584269663,7.490636704119851,11.04868913857678,81.46067415730337,5.805243445692884,75.65543071161048
E00083758,501,47,23,24,454,33,421,9.3812375249501,4.590818363273453,4.790419161676647,90.61876247504989,6.58682634730539,84.03193612774452
E00083760,431,77,36,41,354,28,326,17.865429234338748,8.352668213457076,9.51276102088167,82.13457076566125,6.496519721577726,75.63805104408353
E00083761,381,61,28,33,320,11,309,16.010498687664043,7.349081364829396,8.661417322834646,83.98950131233596,2.8871391076115485,81.10236220472441
E00083762,360,45,24,21,315,22,293,12.5,6.666666666666667,5.833333333333333,87.5,6.111111111111111,81.38888888888889
E00083763,472,102,74,28,370,28,342,21.610169491525426,15.677966101694915,5.932203389830509,78.38983050847457,5.932203389830509,72.45762711864407
E00083764,415,44,13,31,371,25,346,10.602409638554217,3.132530120481928,7.46987951807229,89.39759036144578,6.024096385542169,83.37349397590361
E00083765,350,62,24,38,288,25,263,17.71428571428571,6.857142857142858,10.857142857142858,82.28571428571428,7.142857142857142,75.14285714285714
E00083766,359,59,29,30,300,33,267,16.434540389972145,8.07799442896936,8.356545961002785,83.56545961002786,9.192200557103064,74.3732590529248
E00083769,353,27,8,19,326,37,289,7.64872521246459,2.26628895184136,5.382436260623229,92.3512747875354,10.48158640226629,81.86968838526913
E00083772,338,29,5,24,309,21,288,8.579881656804734,1.4792899408284024,7.100591715976331,91.42011834319527,6.21301775147929,85.20710059171599
E00083773,493,35,9,26,458,25,433,7.099391480730223,1.8255578093306288,5.273833671399594,92.90060851926978,5.070993914807302,87.82961460446246
E00083774,350,33,12,21,317,22,295,9.428571428571429,3.428571428571429,6,90.57142857142857,6.2857142857142865,84.28571428571429
E00083775,308,20,4,16,288,20,268,6.493506493506493,1.2987012987012987,5.194805194805195,93.5064935064935,6.493506493506493,87.01298701298701
E00083776,376,67,26,41,309,29,280,17.819148936170212,6.914893617021277,10.904255319148938,82.18085106382979,7.712765957446808,74.46808510638297
E00083777,232,73,43,30,159,20,139,31.46551724137931,18.53448275862069,12.931034482758621,68.53448275862068,8.620689655172415,59.91379310344828
E00083778,356,39,15,24,317,26,291,10.955056179775282,4.213483146067416,6.741573033707865,89.04494382022472,7.303370786516854,81.74157303370787
E00083779,431,65,28,37,366,21,345,15.081206496519723,6.496519721577726,8.584686774941995,84.91879350348029,4.872389791183294,80.04640371229699
E00083780,339,45,16,29,294,21,273,13.274336283185843,4.71976401179941,8.55457227138643,86.72566371681415,6.1946902654867255,80.53097345132744
E00083781,301,41,13,28,260,29,231,13.621262458471762,4.318936877076411,9.30232558139535,86.37873754152824,9.634551495016613,76.74418604651163
E00083782,373,54,17,37,319,19,300,14.47721179624665,4.557640750670242,9.919571045576408,85.52278820375335,5.093833780160858,80.42895442359249
E00083783,389,32,10,22,357,27,330,8.226221079691516,2.570694087403599,5.655526992287918,91.77377892030847,6.940874035989718,84.83290488431876
E00083784,403,80,40,40,323,18,305,19.851116625310176,9.925558312655088,9.925558312655088,80.14888337468983,4.466501240694789,75.68238213399503
E00083785,427,44,13,31,383,33,350,10.304449648711945,3.0444964871194378,7.259953161592506,89.69555035128806,7.728337236533958,81.9672131147541
E00083786,278,23,5,18,255,25,230,8.273381294964029,1.7985611510791366,6.474820143884892,91.72661870503596,8.992805755395683,82.73381294964028
E00083787,340,26,6,20,314,23,291,7.647058823529412,1.7647058823529411,5.88235294117647,92.3529411764706,6.764705882352941,85.58823529411764
E00083788,359,35,11,24,324,22,302,9.749303621169917,3.064066852367688,6.685236768802229,90.25069637883009,6.128133704735376,84.12256267409471
E00083789,304,37,10,27,267,18,249,12.171052631578947,3.289473684210526,8.881578947368421,87.82894736842105,5.921052631578947,81.9078947368421
E00083790,389,42,10,32,347,23,324,10.796915167095115,2.570694087403599,8.226221079691516,89.20308483290489,5.912596401028278,83.29048843187661
E00083791,381,22,5,17,359,21,338,5.774278215223097,1.3123359580052494,4.4619422572178475,94.22572178477691,5.511811023622047,88.71391076115486
E00083792,369,16,3,13,353,28,325,4.336043360433604,0.8130081300813009,3.523035230352303,95.6639566395664,7.588075880758807,88.07588075880759
E00083793,229,28,13,15,201,18,183,12.22707423580786,5.676855895196507,6.550218340611353,87.77292576419214,7.860262008733625,79.91266375545851
E00083794,329,34,15,19,295,24,271,10.33434650455927,4.5592705167173255,5.775075987841945,89.66565349544074,7.29483282674772,82.37082066869301
E00083795,307,42,12,30,265,27,238,13.680781758957655,3.908794788273615,9.77198697068404,86.31921824104235,8.794788273615636,77.52442996742671
E00083796,338,46,17,29,292,16,276,13.609467455621301,5.029585798816568,8.579881656804734,86.3905325443787,4.733727810650888,81.65680473372781
E00083797,347,59,29,30,288,20,268,17.002881844380404,8.357348703170029,8.645533141210375,82.9971181556196,5.763688760806916,77.23342939481267
E00083798,321,35,8,27,286,26,260,10.903426791277258,2.4922118380062304,8.411214953271028,89.09657320872275,8.09968847352025,80.99688473520249
E00083799,302,39,15,24,263,13,250,12.91390728476821,4.966887417218543,7.9470198675496695,87.08609271523179,4.304635761589404,82.78145695364239
E00083800,425,67,16,51,358,15,343,15.764705882352942,3.7647058823529407,12,84.23529411764706,3.5294117647058822,80.70588235294117
E00083801,264,62,33,29,202,16,186,23.484848484848484,12.5,10.984848484848484,76.51515151515152,6.0606060606060606,70.45454545454545
E00083802,264,28,9,19,236,21,215,10.606060606060606,3.4090909090909087,7.196969696969697,89.39393939393939,7.954545454545454,81.43939393939394
E00083803,367,53,21,32,314,26,288,14.441416893732969,5.722070844686648,8.71934604904632,85.55858310626702,7.084468664850137,78.4741144414169
E00083804,371,42,14,28,329,36,293,11.320754716981133,3.7735849056603774,7.547169811320755,88.67924528301887,9.703504043126685,78.97574123989219
E00083805,293,38,14,24,255,17,238,12.969283276450511,4.778156996587031,8.19112627986348,87.03071672354949,5.802047781569966,81.22866894197952
E00083806,339,25,6,19,314,29,285,7.374631268436578,1.7699115044247788,5.604719764011799,92.62536873156341,8.55457227138643,84.070796460177
E00083807,349,94,73,21,255,27,228,26.93409742120344,20.916905444126073,6.017191977077363,73.06590257879655,7.736389684813753,65.32951289398281
E00083808,430,53,16,37,377,31,346,12.325581395348838,3.7209302325581395,8.604651162790699,87.67441860465117,7.209302325581396,80.46511627906978
E00083809,173,19,4,15,154,16,138,10.982658959537572,2.312138728323699,8.670520231213873,89.01734104046243,9.248554913294797,79.76878612716763
E00083810,293,40,16,24,253,17,236,13.651877133105803,5.460750853242321,8.19112627986348,86.3481228668942,5.802047781569966,80.54607508532423
E00083811,352,35,16,19,317,25,292,9.943181818181818,4.545454545454546,5.3977272727272725,90.05681818181817,7.1022727272727275,82.95454545454545
E00083812,377,68,27,41,309,24,285,18.037135278514587,7.161803713527852,10.875331564986737,81.9628647214854,6.36604774535809,75.59681697612733
E00083813,301,33,15,18,268,12,256,10.96345514950166,4.983388704318937,5.980066445182724,89.03654485049833,3.9867109634551494,85.04983388704319
E00083814,293,37,15,22,256,25,231,12.627986348122866,5.1194539249146755,7.508532423208192,87.37201365187714,8.532423208191126,78.839590443686
E00083815,390,81,31,50,309,30,279,20.76923076923077,7.948717948717948,12.82051282051282,79.23076923076923,7.6923076923076925,71.53846153846153
E00083816,340,44,20,24,296,19,277,12.941176470588237,5.88235294117647,7.0588235294117645,87.05882352941177,5.588235294117648,81.47058823529412
E00083817,295,52,25,27,243,29,214,17.627118644067796,8.47457627118644,9.152542372881356,82.37288135593221,9.830508474576272,72.54237288135593
E00083818,313,25,5,20,288,23,265,7.987220447284344,1.5974440894568689,6.3897763578274756,92.01277955271566,7.348242811501597,84.66453674121406
E00083819,306,38,14,24,268,24,244,12.418300653594772,4.57516339869281,7.8431372549019605,87.58169934640523,7.8431372549019605,79.73856209150327
E00083820,289,20,8,12,269,15,254,6.920415224913495,2.768166089965398,4.1522491349480966,93.07958477508652,5.190311418685121,87.88927335640139
E00083821,285,22,4,18,263,24,239,7.719298245614035,1.4035087719298245,6.315789473684211,92.28070175438596,8.421052631578947,83.85964912280703
E00083822,310,28,8,20,282,25,257,9.032258064516128,2.5806451612903225,6.451612903225806,90.96774193548387,8.064516129032258,82.9032258064516
E00083823,499,49,23,26,450,27,423,9.819639278557114,4.609218436873747,5.210420841683367,90.18036072144288,5.410821643286573,84.76953907815631
E00083824,301,87,62,25,214,25,189,28.903654485049834,20.59800664451827,8.305647840531561,71.09634551495017,8.305647840531561,62.7906976744186
E00083827,327,37,12,25,290,25,265,11.314984709480122,3.669724770642202,7.64525993883792,88.68501529051987,7.64525993883792,81.03975535168195
E00083828,381,69,29,40,312,26,286,18.11023622047244,7.611548556430446,10.498687664041995,81.88976377952756,6.824146981627297,75.06561679790026
E00083829,288,44,10,34,244,14,230,15.277777777777779,3.4722222222222223,11.805555555555555,84.72222222222221,4.861111111111112,79.86111111111111
E00083830,431,80,37,43,351,34,317,18.561484918793504,8.584686774941995,9.976798143851507,81.4385150812065,7.888631090487238,73.54988399071925
E00083831,334,34,14,20,300,28,272,10.179640718562874,4.191616766467066,5.9880239520958085,89.82035928143712,8.383233532934131,81.437125748502993
E00083832,385,56,23,33,329,19,310,14.545454545454545,5.974025974025974,8.571428571428571,85.45454545454545,4.935064935064935,80.51948051948052
E00083833,299,38,9,29,261,13,248,12.709030100334449,3.0100334448160537,9.698996655518394,87.29096989966555,4.3478260869565215,82.94314381270902
E00083834,195,22,11,11,173,7,166,11.282051282051283,5.641025641025641,5.641025641025641,88.71794871794872,3.5897435897435894,85.12820512820512
E00083835,411,37,8,29,374,22,352,9.002433090024331,1.9464720194647203,7.0559610705596105,90.99756690997567,5.35279805352798,85.64476885644768
E00083836,382,29,9,20,353,22,331,7.591623036649215,2.356020942408377,5.2356020942408374,92.40837696335078,5.7591623036649215,86.64921465968587
E00083837,442,38,14,24,404,28,376,8.597285067873303,3.167420814479638,5.429864253393665,91.4027149321267,6.334841628959276,85.06787330316742
E00083838,329,38,10,28,291,21,270,11.55015197568389,3.0395136778115504,8.51063829787234,88.44984802431611,6.382978723404255,82.06686930091185
E00083839,362,26,7,19,336,30,306,7.18232044198895,1.9337016574585635,5.248618784530387,92.81767955801105,8.287292817679557,84.5303867403315
E00083840,342,42,18,24,300,29,271,12.280701754385964,5.263157894736842,7.017543859649122,87.71929824561403,8.47953216374269,79.23976608187134
E00083841,328,30,8,22,298,23,275,9.146341463414634,2.4390243902439024,6.707317073170732,90.85365853658537,7.01219512195122,83.84146341463415
E00083842,298,40,14,26,258,23,235,13.422818791946309,4.697986577181208,8.724832214765101,86.57718120805369,7.718120805369128,78.85906040268456
E00083843,289,39,16,23,250,27,223,13.494809688581316,5.536332179930796,7.958477508650519,86.50519031141869,9.342560553633218,77.16262975778547
E00083844,309,45,17,28,264,27,237,14.563106796116504,5.501618122977346,9.06148867313916,85.43689320388349,8.737864077669903,76.69902912621359
E00083845,335,39,15,24,296,27,269,11.641791044776118,4.477611940298507,7.164179104477612,88.35820895522389,8.059701492537313,80.29850746268656
E00083846,310,36,13,23,274,25,249,11.612903225806452,4.193548387096775,7.419354838709677,88.38709677419355,8.064516129032258,80.3225806451613
E00083847,275,78,55,23,197,13,184,28.363636363636363,20,8.363636363636363,71.63636363636363,4.7272727272727275,66.9090909090909
E00083848,348,35,14,21,313,19,294,10.057471264367816,4.022988505747127,6.0344827586206895,89.9425287356322,5.459770114942529,84.48275862068965
E00083850,343,53,27,26,290,26,264,15.451895043731778,7.871720116618077,7.580174927113703,84.54810495626822,7.580174927113703,76.96793002915452
E00083851,344,24,9,15,320,26,294,6.976744186046512,2.616279069767442,4.3604651162790695,93.02325581395348,7.55813953488372,85.46511627906976
E00083852,358,34,11,23,324,19,305,9.497206703910614,3.072625698324022,6.424581005586592,90.5027932960894,5.307262569832402,85.19553072625699
E00083853,371,54,16,38,317,33,284,14.555256064690028,4.31266846361186,10.242587601078167,85.44474393530997,8.89487870619946,76.54986522911051
E00083854,306,41,16,25,265,26,239,13.398692810457517,5.228758169934641,8.169934640522875,86.60130718954248,8.49673202614379,78.10457516339869
E00083855,276,43,15,28,233,17,216,15.579710144927535,5.434782608695652,10.144927536231885,84.42028985507247,6.159420289855073,78.26086956521739
E00083856,321,24,4,20,297,26,271,7.476635514018691,1.2461059190031152,6.230529595015576,92.5233644859813,8.09968847352025,84.42367601246106
E00083857,306,33,9,24,273,26,247,10.784313725490197,2.941176470588235,7.8431372549019605,89.2156862745098,8.49673202614379,80.71895424836602
E00166721,537,66,10,56,471,34,437,12.290502793296088,1.86219739292365,10.42830540037244,87.70949720670392,6.33147113594041,81.3780260707635
E00166722,329,17,2,15,312,18,294,5.167173252279635,0.60790273556231,4.5592705167173255,94.83282674772036,5.47112462006079,89.36170212765957
E00166723,325,50,12,38,275,25,250,15.384615384615385,3.6923076923076925,11.692307692307692,84.61538461538461,7.6923076923076925,76.92307692307693
E00166724,221,19,6,13,202,20,182,8.597285067873303,2.7149321266968327,5.88235294117647,91.4027149321267,9.049773755656108,82.35294117647058
E00166726,1705,82,10,72,1623,81,1542,4.809384164222874,0.5865102639296188,4.222873900293255,95.19061583577712,4.750733137829912,90.43988269794721
E00166727,553,64,21,43,489,16,473,11.573236889692586,3.79746835443038,7.775768535262206,88.42676311030742,2.8933092224231465,85.53345388788426
E00166728,402,29,12,17,373,12,361,7.213930348258707,2.9850746268656714,4.228855721393035,92.7860696517413,2.9850746268656714,89.80099502487562
E00166729,411,41,6,35,370,28,342,9.975669099756692,1.4598540145985401,8.51581508515815,90.02433090024331,6.81265206812652,83.21167883211679
E00166730,254,34,14,20,220,14,206,13.385826771653544,5.511811023622047,7.874015748031496,86.61417322834646,5.511811023622047,81.10236220472441
E00166731,279,41,20,21,238,14,224,14.695340501792115,7.168458781362006,7.526881720430108,85.30465949820788,5.017921146953405,80.28673835125448
E00166732,124,59,38,21,65,14,51,47.58064516129033,30.64516129032258,16.93548387096774,52.41935483870967,11.29032258064516,41.12903225806452
E00166733,264,30,11,19,234,12,222,11.363636363636363,4.166666666666666,7.196969696969697,88.63636363636364,4.545454545454546,84.0909090909091
E00166734,522,60,24,36,462,24,438,11.494252873563218,4.597701149425287,6.896551724137931,88.50574712643679,4.597701149425287,83.9080459770115
E00188337,296,31,11,20,265,19,246,10.472972972972974,3.7162162162162162,6.756756756756757,89.52702702702703,6.418918918918918,83.1081081081081
E00188354,319,34,14,20,285,22,263,10.658307210031348,4.38871473354232,6.269592476489027,89.34169278996865,6.896551724137931,82.44514106583071
E00188403,191,43,16,27,148,8,140,22.5130890052356,8.37696335078534,14.136125654450263,77.4869109947644,4.18848167539267,73.29842931937172
E00188418,211,17,4,13,194,9,185,8.056872037914692,1.8957345971563981,6.161137440758294,91.9431279620853,4.265402843601896,87.67772511848341
E00188427,326,26,6,20,300,29,271,7.975460122699387,1.8404907975460123,6.134969325153374,92.02453987730061,8.895705521472392,83.12883435582822
E00188433,307,19,7,12,288,18,270,6.188925081433225,2.2801302931596092,3.908794788273615,93.81107491856677,5.863192182410423,87.94788273615634
E00188436,334,30,13,17,304,26,278,8.982035928143713,3.8922155688622757,5.089820359281437,91.01796407185628,7.784431137724551,83.23353293413174
E00188438,183,9,1,8,174,8,166,4.918032786885246,0.546448087431694,4.371584699453552,95.08196721311475,4.371584699453552,90.7103825136612
E00188446,301,38,12,26,263,24,239,12.624584717607974,3.9867109634551494,8.637873754152823,87.37541528239203,7.973421926910299,79.40199335548172
E00188458,253,13,1,12,240,13,227,5.138339920948617,0.3952569169960474,4.743083003952568,94.86166007905138,5.138339920948617,89.72332015810277
E00188507,215,11,2,9,204,7,197,5.116279069767442,0.9302325581395349,4.186046511627907,94.88372093023256,3.255813953488372,91.62790697674419
E00188513,330,43,20,23,287,13,274,13.030303030303031,6.0606060606060606,6.969696969696971,86.96969696969697,3.939393939393939,83.03030303030303
E00188518,322,21,6,15,301,12,289,6.521739130434782,1.8633540372670807,4.658385093167702,93.47826086956522,3.7267080745341614,89.75155279503106
E00188521,201,30,7,23,171,16,155,14.925373134328357,3.482587064676617,11.442786069651742,85.07462686567165,7.960199004975125,77.11442786069652
E00188534,357,41,10,31,316,21,295,11.484593837535014,2.801120448179272,8.683473389355742,88.51540616246498,5.88235294117647,82.6330532212885
E00188539,261,16,5,11,245,12,233,6.130268199233716,1.9157088122605364,4.21455938697318,93.86973180076629,4.597701149425287,89.272030651341
