OA,ts0590001,ts0590002,ts0590003,ts0590004,ts0590005,ts0590006,ts0590007,ts0590002_PCT,ts0590003_PCT,ts0590004_PCT,ts0590005_PCT,ts0590006_PCT,ts0590007_PCT
E00122515,157,36,12,24,121,100,21,22.929936305732486,7.643312101910828,15.286624203821656,77.07006369426752,63.69426751592356,13.375796178343949
E00122517,193,63,16,47,130,111,19,32.64248704663213,8.290155440414509,24.352331606217618,67.35751295336787,57.51295336787565,9.844559585492227
E00122518,168,44,8,36,124,102,22,26.190476190476193,4.761904761904762,21.428571428571427,73.80952380952381,60.71428571428571,13.095238095238097
E00122519,115,33,11,22,82,70,12,28.695652173913043,9.565217391304348,19.130434782608695,71.30434782608695,60.86956521739131,10.434782608695652
E00122521,166,45,18,27,121,105,16,27.10843373493976,10.843373493975903,16.265060240963855,72.89156626506023,63.25301204819277,9.63855421686747
E00122522,235,71,28,43,164,136,28,30.21276595744681,11.914893617021278,18.29787234042553,69.7872340425532,57.87234042553191,11.914893617021278
E00122523,156,45,17,28,111,99,12,28.846153846153843,10.897435897435898,17.94871794871795,71.15384615384616,63.46153846153846,7.6923076923076925
E00122524,163,45,20,25,118,101,17,27.607361963190186,12.269938650306749,15.337423312883436,72.39263803680981,61.963190184049076,10.429447852760736
E00122525,171,54,16,38,117,100,17,31.57894736842105,9.35672514619883,22.22222222222222,68.42105263157895,58.47953216374269,9.941520467836257
E00122526,167,42,9,33,125,111,14,25.149700598802394,5.389221556886228,19.760479041916167,74.8502994011976,66.46706586826348,8.383233532934131
E00122527,131,37,11,26,94,82,12,28.24427480916031,8.396946564885496,19.84732824427481,71.7557251908397,62.59541984732825,9.16030534351145
E00122528,146,48,17,31,98,91,7,32.87671232876712,11.643835616438356,21.232876712328768,67.12328767123287,62.328767123287676,4.794520547945205
E00122529,132,40,8,32,92,75,17,30.303030303030305,6.0606060606060606,24.242424242424242,69.6969696969697,56.81818181818182,12.878787878787879
E00122530,177,42,15,27,135,109,26,23.728813559322035,8.47457627118644,15.254237288135593,76.27118644067797,61.5819209039548,14.689265536723164
E00122531,223,60,19,41,163,136,27,26.905829596412556,8.520179372197308,18.385650224215247,73.09417040358744,60.98654708520179,12.10762331838565
E00122532,135,32,12,20,103,84,19,23.703703703703706,8.88888888888889,14.814814814814813,76.29629629629629,62.22222222222222,14.074074074074074
E00122533,136,40,15,25,96,85,11,29.411764705882355,11.029411764705882,18.38235294117647,70.58823529411765,62.5,8.088235294117647
E00122534,223,66,25,41,157,124,33,29.596412556053814,11.210762331838566,18.385650224215247,70.4035874439462,55.60538116591929,14.798206278026907
E00122535,184,59,17,42,125,103,22,32.065217391304344,9.239130434782608,22.82608695652174,67.93478260869566,55.97826086956522,11.956521739130435
E00122536,139,32,8,24,107,95,12,23.021582733812952,5.755395683453238,17.26618705035971,76.97841726618705,68.34532374100719,8.633093525179856
E00122538,157,46,16,30,111,95,16,29.29936305732484,10.191082802547772,19.10828025477707,70.70063694267516,60.509554140127385,10.191082802547772
E00122539,157,41,19,22,116,103,13,26.11464968152866,12.101910828025478,14.012738853503185,73.88535031847134,65.60509554140127,8.280254777070063
E00122540,132,30,12,18,102,95,7,22.727272727272727,9.090909090909092,13.636363636363635,77.27272727272727,71.96969696969697,5.303030303030303
E00122541,114,17,7,10,97,80,17,14.912280701754385,6.140350877192982,8.771929824561402,85.08771929824562,70.17543859649122,14.912280701754385
E00122542,209,63,21,42,146,129,17,30.14354066985646,10.047846889952153,20.095693779904305,69.85645933014354,61.72248803827751,8.133971291866029
E00122543,147,36,18,18,111,96,15,24.489795918367346,12.244897959183673,12.244897959183673,75.51020408163265,65.3061224489796,10.204081632653061
E00122545,210,60,15,45,150,122,28,28.57142857142857,7.142857142857142,21.428571428571427,71.42857142857143,58.0952380952381,13.333333333333334
E00122546,138,44,17,27,94,86,8,31.88405797101449,12.318840579710146,19.565217391304348,68.11594202898551,62.31884057971014,5.797101449275362
E00122547,153,40,19,21,113,95,18,26.143790849673206,12.418300653594772,13.725490196078432,73.8562091503268,62.091503267973856,11.76470588235294
E00122548,175,45,15,30,130,117,13,25.71428571428571,8.571428571428571,17.142857142857142,74.28571428571429,66.85714285714286,7.428571428571429
E00122549,170,37,14,23,133,112,21,21.764705882352942,8.235294117647058,13.529411764705882,78.23529411764706,65.88235294117646,12.352941176470589
E00122550,152,41,11,30,111,94,17,26.973684210526315,7.236842105263158,19.736842105263158,73.02631578947368,61.8421052631579,11.18421052631579
E00122551,82,25,6,19,57,49,8,30.48780487804878,7.317073170731707,23.170731707317074,69.51219512195121,59.756097560975604,9.75609756097561
E00122552,131,29,16,13,102,90,12,22.137404580152673,12.213740458015266,9.923664122137405,77.86259541984732,68.70229007633588,9.16030534351145
E00122553,180,42,10,32,138,118,20,23.333333333333332,5.555555555555555,17.77777777777778,76.66666666666667,65.55555555555556,11.11111111111111
E00122554,153,32,9,23,121,104,17,20.915032679738562,5.88235294117647,15.032679738562091,79.08496732026144,67.97385620915033,11.11111111111111
E00122555,180,35,11,24,145,118,27,19.444444444444446,6.111111111111111,13.333333333333334,80.55555555555556,65.55555555555556,15
E00122556,146,31,15,16,115,98,17,21.232876712328768,10.273972602739725,10.95890410958904,78.76712328767124,67.12328767123287,11.643835616438356
E00122558,205,61,24,37,144,130,14,29.756097560975608,11.707317073170733,18.048780487804876,70.24390243902438,63.41463414634146,6.829268292682928
E00122560,175,47,17,30,128,107,21,26.857142857142858,9.714285714285714,17.142857142857142,73.14285714285714,61.142857142857146,12
E00122562,158,41,15,26,117,99,18,25.949367088607595,9.49367088607595,16.455696202531644,74.0506329113924,62.65822784810127,11.39240506329114
E00122564,142,31,9,22,111,96,15,21.830985915492956,6.338028169014084,15.492957746478872,78.16901408450704,67.6056338028169,10.56338028169014
E00122566,144,34,7,27,110,95,15,23.61111111111111,4.861111111111112,18.75,76.38888888888889,65.97222222222221,10.416666666666668
E00122567,215,69,16,53,146,117,29,32.093023255813954,7.441860465116279,24.651162790697676,67.90697674418604,54.418604651162795,13.488372093023257
E00122568,134,34,14,20,100,88,12,25.37313432835821,10.44776119402985,14.925373134328357,74.6268656716418,65.67164179104478,8.955223880597014
E00122570,190,55,21,34,135,106,29,28.947368421052634,11.052631578947368,17.894736842105264,71.05263157894737,55.78947368421052,15.263157894736842
E00122571,168,31,4,27,137,115,22,18.452380952380953,2.380952380952381,16.071428571428573,81.54761904761905,68.45238095238095,13.095238095238097
E00122572,213,61,21,40,152,125,27,28.638497652582164,9.859154929577464,18.779342723004692,71.36150234741784,58.68544600938967,12.676056338028168
E00122573,200,61,24,37,139,119,20,30.5,12,18.5,69.5,59.5,10
E00122574,203,54,21,33,149,125,24,26.60098522167488,10.344827586206897,16.25615763546798,73.39901477832512,61.57635467980296,11.822660098522167
E00122575,161,53,30,23,108,94,14,32.91925465838509,18.633540372670808,14.285714285714285,67.08074534161491,58.38509316770186,8.695652173913043
E00122576,204,52,16,36,152,113,39,25.49019607843137,7.8431372549019605,17.647058823529413,74.50980392156863,55.392156862745104,19.11764705882353
E00122577,108,25,8,17,83,77,6,23.14814814814815,7.4074074074074066,15.74074074074074,76.85185185185185,71.29629629629629,5.555555555555555
E00122578,163,46,11,35,117,106,11,28.22085889570552,6.748466257668712,21.472392638036812,71.77914110429448,65.03067484662577,6.748466257668712
E00122579,220,65,17,48,155,134,21,29.545454545454547,7.727272727272727,21.818181818181817,70.45454545454545,60.909090909090914,9.545454545454547
E00122580,171,48,17,31,123,106,17,28.07017543859649,9.941520467836257,18.128654970760234,71.9298245614035,61.98830409356725,9.941520467836257
E00122581,205,68,25,43,137,120,17,33.170731707317074,12.195121951219512,20.975609756097562,66.82926829268293,58.536585365853654,8.292682926829269
E00122582,176,38,19,19,138,115,23,21.59090909090909,10.795454545454545,10.795454545454545,78.4090909090909,65.3409090909091,13.068181818181818
E00122583,143,36,11,25,107,88,19,25.174825174825177,7.6923076923076925,17.482517482517483,74.82517482517483,61.53846153846154,13.286713286713287
E00122584,197,53,18,35,144,128,16,26.903553299492383,9.137055837563452,17.766497461928935,73.09644670050761,64.9746192893401,8.121827411167512
E00122585,174,45,16,29,129,113,16,25.862068965517242,9.195402298850574,16.666666666666664,74.13793103448276,64.9425287356322,9.195402298850574
E00122586,153,37,7,30,116,96,20,24.183006535947712,4.57516339869281,19.607843137254903,75.81699346405229,62.745098039215684,13.071895424836603
E00122587,162,53,20,33,109,92,17,32.71604938271605,12.345679012345679,20.37037037037037,67.28395061728395,56.79012345679012,10.493827160493826
E00122588,154,50,14,36,104,84,20,32.467532467532465,9.090909090909092,23.376623376623375,67.53246753246754,54.54545454545454,12.987012987012985
E00122589,169,45,15,30,124,108,16,26.627218934911244,8.875739644970414,17.75147928994083,73.37278106508876,63.905325443786985,9.467455621301776
E00122590,139,38,16,22,101,86,15,27.33812949640288,11.510791366906476,15.827338129496402,72.66187050359713,61.87050359712231,10.79136690647482
E00122593,165,58,22,36,107,100,7,35.15151515151515,13.333333333333334,21.818181818181817,64.84848484848484,60.60606060606061,4.242424242424243
E00122595,280,65,26,39,215,184,31,23.214285714285715,9.285714285714286,13.928571428571429,76.78571428571429,65.71428571428571,11.071428571428571
E00122596,259,67,19,48,192,173,19,25.868725868725868,7.335907335907336,18.53281853281853,74.13127413127413,66.79536679536679,7.335907335907336
E00122597,136,36,7,29,100,82,18,26.47058823529412,5.147058823529411,21.323529411764707,73.52941176470588,60.29411764705882,13.23529411764706
E00122598,108,37,15,22,71,62,9,34.25925925925926,13.88888888888889,20.37037037037037,65.74074074074075,57.407407407407405,8.333333333333332
E00122599,121,30,10,20,91,80,11,24.793388429752067,8.264462809917356,16.528925619834713,75.20661157024794,66.11570247933885,9.090909090909092
E00122600,216,63,24,39,153,128,25,29.166666666666668,11.11111111111111,18.055555555555554,70.83333333333334,59.25925925925925,11.574074074074074
E00122601,78,18,4,14,60,53,7,23.076923076923077,5.128205128205128,17.94871794871795,76.92307692307693,67.94871794871796,8.974358974358974
E00122602,51,20,5,15,31,30,1,39.21568627450981,9.803921568627452,29.411764705882355,60.78431372549019,58.82352941176471,1.9607843137254901
E00122603,58,27,7,20,31,24,7,46.55172413793103,12.068965517241379,34.48275862068966,53.44827586206896,41.37931034482759,12.068965517241379
E00122604,198,57,22,35,141,121,20,28.78787878787879,11.11111111111111,17.67676767676768,71.21212121212122,61.111111111111114,10.1010101010101
E00122605,168,40,10,30,128,113,15,23.809523809523807,5.952380952380952,17.857142857142858,76.19047619047619,67.26190476190477,8.928571428571429
E00122606,113,35,12,23,78,63,15,30.973451327433626,10.619469026548673,20.353982300884958,69.02654867256636,55.75221238938053,13.274336283185843
E00122607,155,44,18,26,111,90,21,28.387096774193548,11.612903225806452,16.7741935483871,71.61290322580646,58.06451612903226,13.548387096774196
E00122608,144,41,8,33,103,85,18,28.47222222222222,5.555555555555555,22.916666666666664,71.52777777777779,59.02777777777778,12.5
E00122609,151,53,21,32,98,87,11,35.099337748344375,13.90728476821192,21.192052980132452,64.90066225165563,57.615894039735096,7.28476821192053
E00122610,36,19,8,11,17,14,3,52.77777777777778,22.22222222222222,30.555555555555557,47.22222222222222,38.88888888888889,8.333333333333332
E00122611,168,48,15,33,120,99,21,28.57142857142857,8.928571428571429,19.642857142857142,71.42857142857143,58.92857142857143,12.5
E00122613,140,37,9,28,103,90,13,26.42857142857143,6.428571428571428,20,73.57142857142858,64.28571428571429,9.285714285714286
E00122614,128,38,11,27,90,68,22,29.6875,8.59375,21.09375,70.3125,53.125,17.1875
E00122615,119,42,17,25,77,63,14,35.294117647058826,14.285714285714285,21.008403361344538,64.70588235294117,52.94117647058824,11.76470588235294
E00122616,179,59,22,37,120,97,23,32.960893854748605,12.290502793296088,20.670391061452513,67.0391061452514,54.18994413407822,12.849162011173185
E00122617,172,56,20,36,116,93,23,32.55813953488372,11.627906976744185,20.930232558139537,67.44186046511628,54.06976744186046,13.372093023255813
E00122618,221,71,35,36,150,107,43,32.126696832579185,15.837104072398189,16.289592760180994,67.87330316742081,48.41628959276018,19.457013574660635
E00122619,111,38,15,23,73,66,7,34.234234234234236,13.513513513513514,20.72072072072072,65.76576576576578,59.45945945945946,6.306306306306306
E00122620,114,30,9,21,84,69,15,26.31578947368421,7.894736842105263,18.421052631578945,73.68421052631578,60.526315789473685,13.157894736842104
E00122621,93,31,9,22,62,47,15,33.33333333333333,9.67741935483871,23.655913978494624,66.66666666666666,50.53763440860215,16.129032258064516
E00122622,156,45,13,32,111,99,12,28.846153846153843,8.333333333333332,20.51282051282051,71.15384615384616,63.46153846153846,7.6923076923076925
E00122623,138,27,10,17,111,101,10,19.565217391304348,7.246376811594203,12.318840579710146,80.43478260869566,73.18840579710145,7.246376811594203
E00122624,120,27,8,19,93,80,13,22.5,6.666666666666667,15.833333333333332,77.5,66.66666666666666,10.833333333333334
E00122625,124,17,4,13,107,98,9,13.709677419354838,3.225806451612903,10.483870967741936,86.29032258064517,79.03225806451613,7.258064516129033
E00122626,128,25,9,16,103,89,14,19.53125,7.03125,12.5,80.46875,69.53125,10.9375
E00122629,108,35,9,26,73,59,14,32.407407407407405,8.333333333333332,24.074074074074073,67.5925925925926,54.629629629629626,12.962962962962962
E00122630,142,45,13,32,97,89,8,31.690140845070424,9.15492957746479,22.535211267605636,68.30985915492957,62.676056338028175,5.633802816901409
E00122631,110,34,12,22,76,64,12,30.909090909090907,10.909090909090908,20,69.0909090909091,58.18181818181818,10.909090909090908
E00122632,149,36,14,22,113,95,18,24.161073825503358,9.395973154362416,14.76510067114094,75.83892617449665,63.758389261744966,12.080536912751679
E00122633,133,48,16,32,85,77,8,36.09022556390977,12.030075187969924,24.06015037593985,63.90977443609023,57.89473684210527,6.015037593984962
E00122634,135,39,12,27,96,92,4,28.888888888888886,8.88888888888889,20,71.11111111111111,68.14814814814815,2.9629629629629632
E00122635,195,56,21,35,139,118,21,28.717948717948715,10.76923076923077,17.94871794871795,71.28205128205128,60.51282051282051,10.76923076923077
E00122636,185,48,17,31,137,113,24,25.945945945945947,9.18918918918919,16.756756756756758,74.05405405405405,61.08108108108108,12.972972972972974
E00122637,170,52,21,31,118,84,34,30.58823529411765,12.352941176470589,18.235294117647058,69.41176470588235,49.411764705882355,20
E00122638,136,44,21,23,92,80,12,32.35294117647059,15.441176470588236,16.911764705882355,67.64705882352942,58.82352941176471,8.823529411764707
E00122639,153,54,24,30,99,79,20,35.294117647058826,15.686274509803921,19.607843137254903,64.70588235294117,51.633986928104584,13.071895424836603
E00122640,160,49,13,36,111,93,18,30.625000000000004,8.125,22.5,69.375,58.12500000000001,11.25
E00122641,170,56,15,41,114,98,16,32.94117647058823,8.823529411764707,24.11764705882353,67.05882352941175,57.647058823529406,9.411764705882353
E00122642,137,45,21,24,92,76,16,32.846715328467155,15.328467153284672,17.51824817518248,67.15328467153284,55.47445255474452,11.678832116788321
E00122643,155,43,15,28,112,94,18,27.741935483870968,9.67741935483871,18.064516129032256,72.25806451612902,60.64516129032258,11.612903225806452
E00122644,173,41,11,30,132,106,26,23.699421965317917,6.358381502890173,17.341040462427745,76.30057803468208,61.27167630057804,15.028901734104046
E00122646,153,50,23,27,103,86,17,32.6797385620915,15.032679738562091,17.647058823529413,67.3202614379085,56.209150326797385,11.11111111111111
E00122647,215,62,16,46,153,119,34,28.837209302325583,7.441860465116279,21.3953488372093,71.16279069767441,55.348837209302324,15.813953488372093
E00122648,157,50,29,21,107,78,29,31.84713375796178,18.471337579617835,13.375796178343949,68.15286624203821,49.681528662420384,18.471337579617835
E00122649,126,42,19,23,84,63,21,33.33333333333333,15.079365079365079,18.253968253968253,66.66666666666666,50,16.666666666666664
E00122650,113,31,13,18,82,72,10,27.43362831858407,11.504424778761061,15.929203539823009,72.56637168141593,63.716814159292035,8.849557522123893
E00122651,112,47,14,33,65,49,16,41.964285714285715,12.5,29.464285714285715,58.03571428571429,43.75,14.285714285714285
E00122652,211,70,33,37,141,112,29,33.175355450236964,15.639810426540285,17.535545023696685,66.82464454976304,53.08056872037915,13.744075829383887
E00122653,120,36,15,21,84,67,17,30,12.5,17.5,70,55.833333333333336,14.166666666666666
E00122654,253,84,42,42,169,128,41,33.201581027667984,16.600790513833992,16.600790513833992,66.79841897233202,50.59288537549407,16.205533596837945
E00122655,133,41,10,31,92,70,22,30.82706766917293,7.518796992481203,23.308270676691727,69.17293233082707,52.63157894736842,16.541353383458645
E00122656,124,33,12,21,91,81,10,26.61290322580645,9.67741935483871,16.93548387096774,73.38709677419355,65.32258064516128,8.064516129032258
E00122657,144,43,16,27,101,86,15,29.86111111111111,11.11111111111111,18.75,70.13888888888889,59.72222222222222,10.416666666666668
E00122658,214,59,18,41,155,141,14,27.570093457943923,8.411214953271028,19.158878504672895,72.42990654205607,65.88785046728972,6.5420560747663545
E00122659,180,39,13,26,141,118,23,21.666666666666668,7.222222222222221,14.444444444444443,78.33333333333333,65.55555555555556,12.777777777777777
E00122660,146,38,17,21,108,100,8,26.027397260273972,11.643835616438356,14.383561643835616,73.97260273972603,68.4931506849315,5.47945205479452
E00122661,158,40,12,28,118,105,13,25.31645569620253,7.59493670886076,17.72151898734177,74.68354430379746,66.45569620253164,8.227848101265822
E00122662,114,20,3,17,94,74,20,17.543859649122805,2.631578947368421,14.912280701754385,82.45614035087719,64.91228070175438,17.543859649122805
E00122663,222,68,32,36,154,130,24,30.630630630630627,14.414414414414415,16.216216216216218,69.36936936936937,58.55855855855856,10.81081081081081
E00122664,211,54,24,30,157,136,21,25.59241706161137,11.374407582938389,14.218009478672986,74.40758293838863,64.45497630331754,9.95260663507109
E00122665,133,23,10,13,110,94,16,17.293233082706767,7.518796992481203,9.774436090225564,82.70676691729322,70.67669172932331,12.030075187969924
E00122666,174,50,20,30,124,111,13,28.735632183908045,11.494252873563218,17.24137931034483,71.26436781609196,63.793103448275865,7.471264367816093
E00122667,149,30,10,20,119,104,15,20.13422818791946,6.7114093959731544,13.422818791946309,79.86577181208054,69.79865771812081,10.06711409395973
E00122668,162,42,11,31,120,104,16,25.925925925925924,6.790123456790123,19.1358024691358,74.07407407407408,64.19753086419753,9.876543209876543
E00122669,156,34,9,25,122,109,13,21.794871794871796,5.769230769230769,16.025641025641026,78.2051282051282,69.87179487179486,8.333333333333332
E00122670,183,65,23,42,118,104,14,35.51912568306011,12.568306010928962,22.950819672131146,64.48087431693989,56.830601092896174,7.650273224043716
E00122671,166,45,21,24,121,100,21,27.10843373493976,12.650602409638553,14.457831325301203,72.89156626506023,60.24096385542169,12.650602409638553
E00122672,179,60,14,46,119,100,19,33.5195530726257,7.82122905027933,25.69832402234637,66.4804469273743,55.865921787709496,10.614525139664805
E00122673,201,56,19,37,145,128,17,27.860696517412936,9.45273631840796,18.407960199004975,72.13930348258707,63.681592039801,8.45771144278607
E00122674,204,36,19,17,168,149,19,17.647058823529413,9.313725490196079,8.333333333333332,82.35294117647058,73.0392156862745,9.313725490196079
E00122675,166,44,14,30,122,112,10,26.506024096385545,8.433734939759036,18.072289156626507,73.49397590361446,67.46987951807229,6.024096385542169
E00122676,234,73,27,46,161,144,17,31.196581196581196,11.538461538461538,19.65811965811966,68.80341880341881,61.53846153846154,7.264957264957266
E00122678,172,53,15,38,119,99,20,30.813953488372093,8.720930232558139,22.093023255813954,69.18604651162791,57.55813953488372,11.627906976744185
E00122679,112,34,8,26,78,68,10,30.357142857142854,7.142857142857142,23.214285714285715,69.64285714285714,60.71428571428571,8.928571428571429
E00122680,159,50,16,34,109,91,18,31.446540880503143,10.062893081761008,21.38364779874214,68.55345911949685,57.23270440251572,11.320754716981133
E00122681,205,67,24,43,138,117,21,32.6829268292683,11.707317073170733,20.975609756097562,67.31707317073172,57.073170731707314,10.24390243902439
E00122682,152,52,14,38,100,84,16,34.21052631578947,9.210526315789473,25,65.78947368421053,55.26315789473685,10.526315789473683
E00122683,214,56,21,35,158,136,22,26.168224299065418,9.813084112149532,16.355140186915886,73.83177570093457,63.55140186915887,10.2803738317757
E00122684,196,52,20,32,144,121,23,26.53061224489796,10.204081632653061,16.3265306122449,73.46938775510205,61.73469387755102,11.73469387755102
E00122685,83,26,14,12,57,53,4,31.32530120481928,16.867469879518072,14.457831325301203,68.67469879518072,63.85542168674698,4.819277108433735
E00122686,155,49,15,34,106,86,20,31.61290322580645,9.67741935483871,21.935483870967744,68.38709677419355,55.483870967741936,12.903225806451612
E00122687,87,25,6,19,62,56,6,28.735632183908045,6.896551724137931,21.839080459770116,71.26436781609196,64.36781609195403,6.896551724137931
E00122688,120,31,11,20,89,76,13,25.833333333333336,9.166666666666666,16.666666666666664,74.16666666666667,63.33333333333333,10.833333333333334
E00122689,143,47,17,30,96,82,14,32.86713286713287,11.888111888111888,20.97902097902098,67.13286713286713,57.34265734265735,9.79020979020979
E00122690,139,43,15,28,96,90,6,30.935251798561154,10.79136690647482,20.14388489208633,69.06474820143885,64.74820143884892,4.316546762589928
E00122691,157,47,17,30,110,98,12,29.936305732484076,10.828025477707007,19.10828025477707,70.06369426751591,62.42038216560509,7.643312101910828
E00122692,168,57,22,35,111,98,13,33.92857142857143,13.095238095238097,20.833333333333336,66.07142857142857,58.333333333333336,7.738095238095238
E00122693,120,30,13,17,90,78,12,25,10.833333333333334,14.166666666666666,75,65,10
E00122694,199,54,14,40,145,123,22,27.1356783919598,7.035175879396985,20.100502512562816,72.8643216080402,61.80904522613066,11.055276381909549
E00122695,113,43,16,27,70,60,10,38.05309734513274,14.15929203539823,23.893805309734514,61.94690265486725,53.09734513274337,8.849557522123893
E00122696,213,59,17,42,154,123,31,27.699530516431924,7.981220657276995,19.718309859154928,72.30046948356808,57.74647887323944,14.553990610328638
E00122697,157,44,13,31,113,96,17,28.02547770700637,8.280254777070063,19.745222929936308,71.97452229299363,61.146496815286625,10.828025477707007
E00122698,209,47,15,32,162,131,31,22.48803827751196,7.177033492822966,15.311004784688995,77.51196172248804,62.67942583732058,14.832535885167463
E00122699,278,61,16,45,217,190,27,21.942446043165468,5.755395683453238,16.18705035971223,78.05755395683454,68.34532374100719,9.712230215827338
E00122700,198,51,20,31,147,132,15,25.757575757575758,10.1010101010101,15.656565656565657,74.24242424242425,66.66666666666666,7.575757575757576
E00122701,205,51,19,32,154,131,23,24.878048780487806,9.268292682926829,15.609756097560975,75.1219512195122,63.90243902439025,11.219512195121952
E00122702,187,50,18,32,137,122,15,26.737967914438503,9.62566844919786,17.11229946524064,73.2620320855615,65.24064171122996,8.0213903743315509
E00122703,113,30,11,19,83,74,9,26.548672566371685,9.734513274336283,16.8141592920354,73.45132743362832,65.48672566371681,7.964601769911504
E00122704,165,46,15,31,119,101,18,27.878787878787882,9.090909090909092,18.787878787878785,72.12121212121212,61.212121212121204,10.909090909090908
E00122706,99,36,11,25,63,55,8,36.36363636363637,11.11111111111111,25.252525252525253,63.63636363636363,55.55555555555556,8.080808080808081
E00122707,95,26,6,20,69,63,6,27.368421052631582,6.315789473684211,21.052631578947366,72.63157894736842,66.3157894736842,6.315789473684211
E00122708,183,62,25,37,121,108,13,33.87978142076503,13.661202185792352,20.21857923497268,66.12021857923497,59.01639344262295,7.103825136612022
E00122709,124,36,16,20,88,76,12,29.03225806451613,12.903225806451612,16.129032258064516,70.96774193548387,61.29032258064516,9.67741935483871
E00122710,169,44,11,33,125,109,16,26.035502958579883,6.508875739644971,19.526627218934912,73.96449704142012,64.49704142011834,9.467455621301776
E00122711,116,42,13,29,74,66,8,36.206896551724135,11.206896551724139,25,63.793103448275865,56.896551724137936,6.896551724137931
E00122712,126,28,8,20,98,93,5,22.22222222222222,6.349206349206349,15.873015873015872,77.77777777777779,73.80952380952381,3.968253968253968
E00122713,193,46,20,26,147,134,13,23.83419689119171,10.362694300518134,13.471502590673575,76.16580310880829,69.43005181347151,6.7357512953367875
E00122714,255,68,25,43,187,156,31,26.666666666666668,9.803921568627452,16.862745098039216,73.33333333333333,61.1764705882353,12.156862745098039
E00122715,134,32,13,19,102,90,12,23.88059701492537,9.701492537313433,14.17910447761194,76.11940298507463,67.16417910447761,8.955223880597014
E00122716,161,47,14,33,114,100,14,29.19254658385093,8.695652173913043,20.496894409937887,70.80745341614907,62.11180124223602,8.695652173913043
E00122717,125,20,10,10,105,81,24,16,8,8,84,64.8,19.2
E00122718,124,17,8,9,107,93,14,13.709677419354838,6.451612903225806,7.258064516129033,86.29032258064517,75,11.29032258064516
E00122719,182,32,14,18,150,122,28,17.582417582417584,7.6923076923076925,9.89010989010989,82.41758241758241,67.03296703296702,15.384615384615385
E00122720,142,32,7,25,110,96,14,22.535211267605636,4.929577464788732,17.6056338028169,77.46478873239437,67.6056338028169,9.859154929577464
E00122721,178,50,14,36,128,114,14,28.08988764044944,7.865168539325842,20.224719101123593,71.91011235955057,64.04494382022472,7.865168539325842
E00122722,193,52,19,33,141,115,26,26.94300518134715,9.844559585492227,17.098445595854923,73.05699481865285,59.58549222797927,13.471502590673575
E00122723,104,29,14,15,75,61,14,27.884615384615387,13.461538461538462,14.423076923076922,72.11538461538461,58.65384615384615,13.461538461538462
E00122724,219,70,26,44,149,115,34,31.963470319634702,11.87214611872146,20.091324200913242,68.0365296803653,52.51141552511416,15.52511415525114
E00122725,190,54,16,38,136,115,21,28.421052631578945,8.421052631578947,20,71.57894736842105,60.526315789473685,11.052631578947368
E00122726,104,34,14,20,70,65,5,32.69230769230769,13.461538461538462,19.230769230769234,67.3076923076923,62.5,4.807692307692308
E00122727,171,46,20,26,125,104,21,26.900584795321635,11.695906432748536,15.204678362573098,73.09941520467837,60.81871345029239,12.280701754385964
E00122728,199,62,29,33,137,102,35,31.155778894472363,14.572864321608039,16.582914572864322,68.84422110552764,51.256281407035175,17.587939698492463
E00122729,142,39,13,26,103,92,11,27.464788732394368,9.15492957746479,18.30985915492958,72.53521126760563,64.7887323943662,7.746478873239436
E00122730,147,34,12,22,113,99,14,23.12925170068027,8.16326530612245,14.965986394557824,76.87074829931973,67.3469387755102,9.523809523809524
E00122731,176,43,17,26,133,117,16,24.431818181818183,9.659090909090908,14.772727272727273,75.56818181818183,66.47727272727273,9.090909090909092
E00122732,131,40,16,24,91,80,11,30.53435114503817,12.213740458015266,18.3206106870229,69.46564885496184,61.06870229007634,8.396946564885496
E00122733,134,34,11,23,100,84,16,25.37313432835821,8.208955223880597,17.16417910447761,74.6268656716418,62.68656716417911,11.940298507462686
E00122734,205,48,15,33,157,122,35,23.414634146341466,7.317073170731707,16.097560975609756,76.58536585365854,59.512195121951216,17.073170731707318
E00122735,174,43,14,29,131,109,22,24.71264367816092,8.045977011494253,16.666666666666664,75.28735632183908,62.643678160919535,12.643678160919542
E00122736,132,42,14,28,90,82,8,31.818181818181817,10.606060606060606,21.21212121212121,68.18181818181817,62.121212121212125,6.0606060606060606
E00122737,127,38,10,28,89,78,11,29.92125984251969,7.874015748031496,22.04724409448819,70.07874015748031,61.417322834645674,8.661417322834646
E00122739,137,40,12,28,97,84,13,29.1970802919708,8.75912408759124,20.437956204379564,70.8029197080292,61.31386861313869,9.48905109489051
E00122740,111,31,13,18,80,71,9,27.927927927927925,11.711711711711711,16.216216216216218,72.07207207207207,63.96396396396396,8.108108108108109
E00122742,156,53,24,29,103,92,11,33.97435897435898,15.384615384615385,18.58974358974359,66.02564102564102,58.97435897435898,7.051282051282051
E00122743,179,45,17,28,134,112,22,25.139664804469277,9.497206703910614,15.64245810055866,74.86033519553072,62.56983240223464,12.290502793296088
E00122744,146,44,14,30,102,86,16,30.136986301369863,9.58904109589041,20.54794520547945,69.86301369863014,58.9041095890411,10.95890410958904
E00122745,145,40,16,24,105,87,18,27.586206896551722,11.03448275862069,16.551724137931036,72.41379310344827,60,12.413793103448276
E00122746,158,35,7,28,123,107,16,22.151898734177212,4.430379746835443,17.72151898734177,77.84810126582279,67.72151898734177,10.126582278481013
E00122747,169,48,12,36,121,103,18,28.402366863905325,7.100591715976331,21.301775147928996,71.59763313609467,60.946745562130175,10.650887573964498
E00122748,142,49,16,33,93,80,13,34.50704225352113,11.267605633802818,23.239436619718308,65.49295774647888,56.33802816901409,9.15492957746479
E00122749,156,50,12,38,106,92,14,32.05128205128205,7.6923076923076925,24.358974358974358,67.94871794871796,58.97435897435898,8.974358974358974
E00122750,149,32,8,24,117,101,16,21.476510067114095,5.369127516778524,16.10738255033557,78.52348993288591,67.78523489932886,10.738255033557047
E00122751,120,30,9,21,90,76,14,25,7.5,17.5,75,63.33333333333333,11.666666666666666
E00122752,112,45,12,33,67,53,14,40.17857142857143,10.714285714285714,29.464285714285715,59.82142857142857,47.32142857142857,12.5
E00122753,87,33,10,23,54,45,9,37.93103448275862,11.494252873563218,26.436781609195403,62.06896551724138,51.724137931034484,10.344827586206897
E00122755,152,43,12,31,109,93,16,28.289473684210524,7.894736842105263,20.394736842105264,71.71052631578947,61.18421052631579,10.526315789473683
E00122756,169,50,16,34,119,103,16,29.585798816568047,9.467455621301776,20.118343195266274,70.41420118343196,60.946745562130175,9.467455621301776
E00122757,297,70,22,48,227,200,27,23.56902356902357,7.4074074074074066,16.161616161616163,76.43097643097643,67.34006734006735,9.090909090909092
E00122758,186,49,13,36,137,123,14,26.344086021505376,6.989247311827956,19.35483870967742,73.65591397849462,66.12903225806451,7.526881720430108
E00122759,159,38,14,24,121,105,16,23.89937106918239,8.80503144654088,15.09433962264151,76.10062893081762,66.0377358490566,10.062893081761008
E00122760,175,52,20,32,123,110,13,29.714285714285715,11.428571428571429,18.285714285714285,70.28571428571428,62.857142857142854,7.428571428571429
E00122766,128,40,12,28,88,77,11,31.25,9.375,21.875,68.75,60.15625,8.59375
E00122768,165,39,9,30,126,107,19,23.636363636363637,5.454545454545454,18.181818181818183,76.36363636363637,64.84848484848484,11.515151515151516
E00122769,169,48,13,35,121,105,16,28.402366863905325,7.6923076923076925,20.710059171597635,71.59763313609467,62.1301775147929,9.467455621301776
E00122771,157,50,12,38,107,88,19,31.84713375796178,7.643312101910828,24.203821656050955,68.15286624203821,56.05095541401274,12.101910828025478
E00122772,164,50,17,33,114,91,23,30.48780487804878,10.365853658536585,20.121951219512198,69.51219512195121,55.487804878048784,14.02439024390244
E00122773,199,61,23,38,138,118,20,30.65326633165829,11.557788944723619,19.09547738693467,69.34673366834171,59.2964824120603,10.050251256281408
E00122774,168,45,16,29,123,105,18,26.785714285714285,9.523809523809524,17.261904761904763,73.21428571428571,62.5,10.714285714285714
E00122776,182,65,25,40,117,96,21,35.714285714285715,13.736263736263737,21.978021978021978,64.28571428571429,52.74725274725275,11.538461538461538
E00122777,153,53,19,34,100,77,23,34.64052287581699,12.418300653594772,22.22222222222222,65.359477124183,50.326797385620914,15.032679738562091
E00122778,196,51,9,42,145,113,32,26.02040816326531,4.591836734693878,21.428571428571427,73.9795918367347,57.6530612244898,16.3265306122449
E00122779,158,49,18,31,109,89,20,31.0126582278481,11.39240506329114,19.62025316455696,68.9873417721519,56.32911392405063,12.658227848101266
E00122780,151,43,14,29,108,93,15,28.47682119205298,9.271523178807946,19.205298013245034,71.52317880794702,61.58940397350994,9.933774834437086
E00122781,167,50,20,30,117,103,14,29.94011976047904,11.976047904191617,17.964071856287426,70.05988023952095,61.67664670658682,8.383233532934131
E00122783,213,65,26,39,148,125,23,30.51643192488263,12.206572769953052,18.30985915492958,69.48356807511738,58.68544600938967,10.7981220657277
E00122784,168,52,21,31,116,107,9,30.952380952380953,12.5,18.452380952380953,69.04761904761905,63.69047619047619,5.357142857142857
E00122785,176,48,11,37,128,108,20,27.27272727272727,6.25,21.022727272727273,72.72727272727273,61.36363636363637,11.363636363636363
E00122786,195,63,21,42,132,116,16,32.30769230769231,10.76923076923077,21.53846153846154,67.6923076923077,59.48717948717949,8.205128205128204
E00122787,113,31,12,19,82,72,10,27.43362831858407,10.619469026548673,16.8141592920354,72.56637168141593,63.716814159292035,8.849557522123893
E00122788,138,41,11,30,97,77,20,29.71014492753623,7.971014492753622,21.73913043478261,70.28985507246377,55.79710144927537,14.492753623188406
E00122789,169,46,17,29,123,104,19,27.218934911242602,10.059171597633137,17.159763313609467,72.7810650887574,61.53846153846154,11.242603550295858
E00122790,127,42,15,27,85,77,8,33.07086614173229,11.811023622047244,21.25984251968504,66.92913385826772,60.629921259842526,6.299212598425196
E00122791,147,45,14,31,102,90,12,30.612244897959183,9.523809523809524,21.08843537414966,69.38775510204081,61.224489795918366,8.16326530612245
E00122792,171,46,15,31,125,102,23,26.900584795321635,8.771929824561402,18.128654970760234,73.09941520467837,59.64912280701754,13.450292397660817
E00122793,189,57,24,33,132,110,22,30.158730158730158,12.698412698412698,17.46031746031746,69.84126984126983,58.201058201058196,11.64021164021164
E00122794,166,45,23,22,121,99,22,27.10843373493976,13.855421686746988,13.253012048192772,72.89156626506023,59.63855421686747,13.253012048192772
E00122795,175,46,15,31,129,109,20,26.285714285714285,8.571428571428571,17.71428571428571,73.71428571428571,62.28571428571429,11.428571428571429
E00122796,191,43,17,26,148,113,35,22.5130890052356,8.900523560209423,13.612565445026178,77.4869109947644,59.16230366492147,18.32460732984293
E00122797,223,70,24,46,153,124,29,31.390134529147986,10.762331838565023,20.62780269058296,68.60986547085201,55.60538116591929,13.004484304932735
E00122798,149,45,15,30,104,89,15,30.201342281879196,10.06711409395973,20.13422818791946,69.79865771812081,59.73154362416108,10.06711409395973
E00167421,167,34,7,27,133,114,19,20.359281437125748,4.191616766467066,16.16766467065868,79.64071856287424,68.26347305389223,11.377245508982035
E00167422,186,40,11,29,146,120,26,21.50537634408602,5.913978494623656,15.591397849462366,78.49462365591397,64.51612903225806,13.978494623655912
E00167423,115,27,9,18,88,74,14,23.47826086956522,7.82608695652174,15.65217391304348,76.52173913043478,64.34782608695652,12.173913043478262
E00167424,160,45,13,32,115,98,17,28.125,8.125,20,71.875,61.25000000000001,10.625
E00167425,168,43,10,33,125,114,11,25.595238095238095,5.952380952380952,19.642857142857142,74.40476190476191,67.85714285714286,6.547619047619048
E00167426,146,38,11,27,108,100,8,26.027397260273972,7.534246575342466,18.493150684931507,73.97260273972603,68.4931506849315,5.47945205479452
E00167427,128,30,6,24,98,86,12,23.4375,4.6875,18.75,76.5625,67.1875,9.375
E00167428,178,51,16,35,127,110,17,28.651685393258425,8.98876404494382,19.662921348314608,71.34831460674157,61.79775280898876,9.550561797752808
E00167429,157,30,10,20,127,106,21,19.10828025477707,6.369426751592357,12.738853503184714,80.89171974522293,67.51592356687898,13.375796178343949
E00167430,177,29,7,22,148,130,18,16.38418079096045,3.954802259887006,12.429378531073446,83.61581920903954,73.44632768361582,10.16949152542373
E00167431,190,40,16,24,150,132,18,21.052631578947366,8.421052631578947,12.631578947368421,78.94736842105263,69.47368421052632,9.473684210526317
E00167432,141,24,8,16,117,105,12,17.02127659574468,5.673758865248227,11.347517730496454,82.97872340425532,74.46808510638297,8.51063829787234
E00167433,151,47,26,21,104,90,14,31.125827814569533,17.218543046357617,13.90728476821192,68.87417218543047,59.60264900662252,9.271523178807946
E00167435,172,25,10,15,147,129,18,14.534883720930234,5.813953488372093,8.720930232558139,85.46511627906976,75,10.465116279069768
E00167436,322,56,19,37,266,216,50,17.391304347826086,5.900621118012422,11.490683229813664,82.6086956521739,67.08074534161491,15.527950310559005
E00167437,173,41,20,21,132,110,22,23.699421965317917,11.560693641618498,12.138728323699421,76.30057803468208,63.58381502890174,12.716763005780345
E00167438,176,35,12,23,141,116,25,19.886363636363637,6.8181818181818175,13.068181818181818,80.11363636363636,65.9090909090909,14.204545454545455
E00167439,124,22,8,14,102,77,25,17.741935483870968,6.451612903225806,11.29032258064516,82.25806451612904,62.096774193548384,20.161290322580644
E00167440,146,22,10,12,124,98,26,15.068493150684931,6.8493150684931505,8.21917808219178,84.93150684931507,67.12328767123287,17.80821917808219
E00167441,165,35,13,22,130,109,21,21.21212121212121,7.878787878787878,13.333333333333334,78.78787878787878,66.06060606060606,12.727272727272727
E00167442,134,40,11,29,94,85,9,29.850746268656714,8.208955223880597,21.641791044776117,70.1492537313433,63.43283582089553,6.7164179104477615
E00167443,141,31,12,19,110,89,21,21.98581560283688,8.51063829787234,13.47517730496454,78.01418439716312,63.12056737588653,14.893617021276595
E00167444,150,31,10,21,119,89,30,20.666666666666668,6.666666666666667,14.000000000000002,79.33333333333333,59.333333333333336,20
E00167446,187,30,12,18,157,120,37,16.042780748663102,6.417112299465241,9.62566844919786,83.9572192513369,64.171122994652407,19.786096256684495
E00167447,182,38,12,26,144,128,16,20.87912087912088,6.593406593406594,14.285714285714285,79.12087912087912,70.32967032967034,8.791208791208792
E00167448,136,18,7,11,118,101,17,13.23529411764706,5.147058823529411,8.088235294117647,86.76470588235294,74.26470588235294,12.5
E00167449,163,39,11,28,124,108,16,23.92638036809816,6.748466257668712,17.177914110429448,76.07361963190185,66.25766871165644,9.815950920245399
E00167450,166,43,12,31,123,106,17,25.903614457831324,7.228915662650602,18.67469879518072,74.09638554216868,63.85542168674698,10.240963855421686
E00167451,186,45,14,31,141,122,19,24.193548387096776,7.526881720430108,16.666666666666664,75.80645161290323,65.59139784946237,10.21505376344086
E00167452,121,23,8,15,98,78,20,19.00826446280992,6.6115702479338845,12.396694214876034,80.99173553719008,64.46280991735537,16.528925619834713
E00167453,172,37,19,18,135,109,26,21.511627906976745,11.046511627906977,10.465116279069768,78.48837209302324,63.372093023255815,15.11627906976744
E00167454,196,58,26,32,138,110,28,29.591836734693878,13.26530612244898,16.3265306122449,70.40816326530613,56.12244897959183,14.285714285714285
E00167455,184,43,20,23,141,110,31,23.369565217391305,10.869565217391305,12.5,76.63043478260869,59.78260869565217,16.847826086956523
E00167456,332,86,32,54,246,213,33,25.903614457831324,9.63855421686747,16.265060240963855,74.09638554216868,64.1566265060241,9.939759036144578
E00167458,142,34,15,19,108,92,16,23.943661971830984,10.56338028169014,13.380281690140844,76.05633802816901,64.7887323943662,11.267605633802818
E00167459,145,36,13,23,109,88,21,24.82758620689655,8.96551724137931,15.862068965517242,75.17241379310344,60.689655172413794,14.482758620689657
E00189615,187,41,16,25,146,122,24,21.92513368983957,8.55614973262032,13.368983957219251,78.07486631016043,65.24064171122996,12.834224598930483
E00189616,56,18,8,10,38,30,8,32.142857142857146,14.285714285714285,17.857142857142858,67.85714285714286,53.57142857142857,14.285714285714285
E00189617,64,16,6,10,48,38,10,25,9.375,15.625,75,59.375,15.625
E00189618,122,30,9,21,92,84,8,24.59016393442623,7.377049180327869,17.21311475409836,75.40983606557377,68.85245901639344,6.557377049180328
E00189619,210,31,11,20,179,152,27,14.761904761904763,5.238095238095238,9.523809523809524,85.23809523809524,72.38095238095238,12.857142857142856
E00189620,161,41,16,25,120,101,19,25.465838509316768,9.937888198757763,15.527950310559005,74.53416149068323,62.732919254658384,11.801242236024844
E00189621,242,71,26,45,171,137,34,29.338842975206614,10.743801652892563,18.59504132231405,70.66115702479338,56.611570247933884,14.049586776859504
E00189623,133,40,7,33,93,84,9,30.075187969924812,5.263157894736842,24.81203007518797,69.92481203007519,63.1578947368421,6.7669172932330826
E00189624,185,52,23,29,133,110,23,28.10810810810811,12.432432432432433,15.675675675675677,71.89189189189189,59.45945945945946,12.432432432432433
E00189626,167,44,10,34,123,104,19,26.34730538922156,5.9880239520958085,20.359281437125748,73.65269461077844,62.27544910179641,11.377245508982035
E00189627,245,69,20,49,176,144,32,28.163265306122447,8.16326530612245,20,71.83673469387755,58.77551020408164,13.061224489795919
E00189628,129,33,11,22,96,90,6,25.581395348837212,8.527131782945736,17.05426356589147,74.4186046511628,69.76744186046511,4.651162790697675
E00189634,185,27,5,22,158,137,21,14.594594594594595,2.7027027027027026,11.891891891891893,85.4054054054054,74.05405405405405,11.351351351351353
E00189639,202,31,9,22,171,130,41,15.346534653465346,4.455445544554455,10.891089108910892,84.65346534653465,64.35643564356435,20.2970297029703
E00189646,207,46,15,31,161,135,26,22.22222222222222,7.246376811594203,14.975845410628018,77.77777777777779,65.21739130434783,12.560386473429952
E00189647,188,28,8,20,160,139,21,14.893617021276595,4.25531914893617,10.638297872340425,85.1063829787234,73.93617021276596,11.170212765957446
E00189653,195,36,14,22,159,135,24,18.461538461538463,7.179487179487179,11.282051282051283,81.53846153846153,69.23076923076923,12.307692307692308
E00189663,138,24,3,21,114,88,26,17.391304347826086,2.1739130434782608,15.217391304347828,82.6086956521739,63.76811594202898,18.84057971014493
E00189664,153,41,13,28,112,88,24,26.797385620915033,8.49673202614379,18.30065359477124,73.20261437908496,57.51633986928104,15.686274509803921
E00189666,147,40,8,32,107,96,11,27.2108843537415,5.442176870748299,21.768707482993197,72.78911564625851,65.3061224489796,7.482993197278912
E00189670,118,24,10,14,94,81,13,20.33898305084746,8.47457627118644,11.864406779661017,79.66101694915254,68.64406779661016,11.016949152542372
E00189672,166,44,17,27,122,103,19,26.506024096385545,10.240963855421686,16.265060240963855,73.49397590361446,62.048192771084345,11.44578313253012
E00189673,173,20,11,9,153,133,20,11.560693641618498,6.358381502890173,5.202312138728324,88.4393063583815,76.878612716763,11.560693641618498
E00189675,164,45,11,34,119,107,12,27.439024390243905,6.707317073170732,20.73170731707317,72.5609756097561,65.2439024390244,7.317073170731707
E00189676,215,38,13,25,177,149,28,17.674418604651162,6.046511627906977,11.627906976744185,82.32558139534883,69.30232558139535,13.023255813953488
E00189680,166,30,8,22,136,103,33,18.072289156626507,4.819277108433735,13.253012048192772,81.92771084337349,62.048192771084345,19.879518072289155
E00189683,187,37,7,30,150,128,22,19.786096256684495,3.7433155080213902,16.042780748663102,80.21390374331551,68.44919786096256,11.76470588235294
E00189684,200,34,12,22,166,152,14,17,6,11,83,76,7.000000000000001
E00189686,176,21,7,14,155,123,32,11.931818181818182,3.977272727272727,7.954545454545454,88.06818181818183,69.88636363636364,18.181818181818183
E00189689,194,38,13,25,156,127,29,19.587628865979383,6.701030927835052,12.886597938144329,80.41237113402062,65.4639175257732,14.948453608247423
E00189691,152,38,15,23,114,98,16,25,9.868421052631579,15.131578947368421,75,64.47368421052632,10.526315789473683
E00189692,201,20,5,15,181,158,23,9.950248756218906,2.4875621890547266,7.462686567164178,90.04975124378109,78.60696517412936,11.442786069651742
E00189699,142,38,15,23,104,88,16,26.76056338028169,10.56338028169014,16.19718309859155,73.23943661971832,61.97183098591549,11.267605633802818
E00189702,199,30,11,19,169,137,32,15.07537688442211,5.527638190954774,9.547738693467336,84.92462311557789,68.84422110552764,16.08040201005025
E00189705,169,31,10,21,138,115,23,18.34319526627219,5.9171597633136095,12.42603550295858,81.65680473372781,68.04733727810651,13.609467455621301
E00189707,80,19,5,14,61,54,7,23.75,6.25,17.5,76.25,67.5,8.75
E00189708,214,43,12,31,171,144,27,20.093457943925234,5.607476635514018,14.485981308411214,79.90654205607477,67.28971962616822,12.616822429906541
E00189709,204,45,24,21,159,144,15,22.058823529411764,11.76470588235294,10.294117647058822,77.94117647058823,70.58823529411765,7.352941176470589
E00189710,121,32,13,19,89,74,15,26.446280991735538,10.743801652892563,15.702479338842975,73.55371900826447,61.15702479338842,12.396694214876034
E00189711,144,28,9,19,116,99,17,19.444444444444446,6.25,13.194444444444445,80.55555555555556,68.75,11.805555555555555
E00189714,93,18,7,11,75,69,6,19.35483870967742,7.526881720430108,11.827956989247312,80.64516129032258,74.19354838709677,6.451612903225806
E00189715,117,25,6,19,92,79,13,21.367521367521366,5.128205128205128,16.23931623931624,78.63247863247864,67.52136752136752,11.11111111111111
E00189718,223,40,16,24,183,160,23,17.937219730941703,7.174887892376682,10.762331838565023,82.0627802690583,71.74887892376681,10.31390134529148
E00189719,180,41,10,31,139,122,17,22.77777777777778,5.555555555555555,17.22222222222222,77.22222222222223,67.77777777777779,9.444444444444445
E00189721,82,14,5,9,68,60,8,17.073170731707318,6.097560975609756,10.975609756097562,82.92682926829268,73.17073170731707,9.75609756097561
E00189722,133,22,4,18,111,95,16,16.541353383458645,3.007518796992481,13.533834586466165,83.45864661654136,71.42857142857143,12.030075187969924
E00189726,203,26,7,19,177,142,35,12.807881773399016,3.4482758620689653,9.35960591133005,87.192118226601,69.95073891625616,17.24137931034483
E00189729,176,30,6,24,146,124,22,17.045454545454543,3.4090909090909087,13.636363636363635,82.95454545454545,70.45454545454545,12.5
E00189731,209,31,11,20,178,161,17,14.832535885167463,5.263157894736842,9.569377990430622,85.16746411483254,77.03349282296651,8.133971291866029
E00189739,175,38,15,23,137,114,23,21.714285714285715,8.571428571428571,13.142857142857142,78.28571428571428,65.14285714285715,13.142857142857142
E00189744,208,63,18,45,145,131,14,30.288461538461537,8.653846153846153,21.634615384615387,69.71153846153845,62.980769230769226,6.730769230769231
E00189747,207,33,15,18,174,156,18,15.942028985507244,7.246376811594203,8.695652173913043,84.05797101449275,75.36231884057972,8.695652173913043
E00189749,171,27,12,15,144,128,16,15.789473684210526,7.017543859649122,8.771929824561402,84.21052631578947,74.85380116959064,9.35672514619883
E00189750,200,38,11,27,162,149,13,19,5.5,13.5,81,74.5,6.5
E00189751,198,44,11,33,154,133,21,22.22222222222222,5.555555555555555,16.666666666666664,77.77777777777779,67.17171717171718,10.606060606060606
E00189759,222,36,12,24,186,157,29,16.216216216216218,5.405405405405405,10.81081081081081,83.78378378378379,70.72072072072072,13.063063063063062
E00189761,242,45,13,32,197,176,21,18.59504132231405,5.371900826446281,13.223140495867769,81.40495867768594,72.72727272727273,8.677685950413224
E00189764,198,21,6,15,177,151,26,10.606060606060606,3.0303030303030303,7.575757575757576,89.39393939393939,76.26262626262627,13.131313131313133
E00189765,157,54,23,31,103,90,13,34.394904458598724,14.64968152866242,19.745222929936308,65.60509554140127,57.324840764331206,8.280254777070063
E00189770,222,49,23,26,173,148,25,22.07207207207207,10.36036036036036,11.711711711711711,77.92792792792793,66.66666666666666,11.26126126126126
E00189773,188,32,11,21,156,125,31,17.02127659574468,5.851063829787234,11.170212765957446,82.97872340425532,66.48936170212765,16.48936170212766
E00189774,211,35,12,23,176,147,29,16.587677725118482,5.687203791469194,10.90047393364929,83.41232227488152,69.66824644549763,13.744075829383887
E00189775,168,40,17,23,128,107,21,23.809523809523807,10.119047619047619,13.690476190476192,76.19047619047619,63.69047619047619,12.5
E00189777,195,34,16,18,161,138,23,17.435897435897434,8.205128205128204,9.230769230769232,82.564102564102555,70.76923076923077,11.794871794871794
E00189778,267,48,12,36,219,195,24,17.97752808988764,4.49438202247191,13.48314606741573,82.02247191011236,73.03370786516854,8.98876404494382
E00189781,155,27,6,21,128,112,16,17.419354838709676,3.870967741935484,13.548387096774196,82.58064516129032,72.25806451612902,10.32258064516129
E00189785,175,38,14,24,137,116,21,21.714285714285715,8,13.714285714285715,78.28571428571428,66.28571428571428,12
E00189788,90,13,2,11,77,68,9,14.444444444444443,2.2222222222222223,12.222222222222221,85.55555555555556,75.55555555555556,10
E00189790,199,29,11,18,170,138,32,14.572864321608039,5.527638190954774,9.045226130653267,85.42713567839196,69.34673366834171,16.08040201005025
E00189793,130,29,14,15,101,87,14,22.30769230769231,10.76923076923077,11.538461538461538,77.6923076923077,66.92307692307692,10.76923076923077
E00189794,196,29,13,16,167,147,20,14.795918367346939,6.63265306122449,8.16326530612245,85.20408163265306,75,10.204081632653061
