OA,ts0380001,ts0380002,ts0380003,ts0380004,ts0380005,ts0380006,ts0380007,ts0380002_PCT,ts0380003_PCT,ts0380004_PCT,ts0380005_PCT,ts0380006_PCT,ts0380007_PCT
E00096409,298,49,24,25,249,22,227,16.44295302013423,8.053691275167784,8.389261744966444,83.55704697986577,7.38255033557047,76.1744966442953
E00096410,311,40,9,31,271,40,231,12.861736334405144,2.8938906752411575,9.967845659163988,87.13826366559485,12.861736334405144,74.27652733118971
E00096411,266,60,29,31,206,8,198,22.55639097744361,10.902255639097744,11.654135338345863,77.44360902255639,3.007518796992481,74.43609022556392
E00096413,261,53,17,36,208,22,186,20.306513409961685,6.513409961685824,13.793103448275861,79.6934865900383,8.42911877394636,71.26436781609196
E00096414,295,44,17,27,251,35,216,14.915254237288137,5.762711864406779,9.152542372881356,85.08474576271186,11.864406779661017,73.22033898305085
E00096415,315,48,17,31,267,40,227,15.238095238095239,5.396825396825397,9.841269841269842,84.76190476190476,12.698412698412698,72.06349206349206
E00096416,252,32,6,26,220,31,189,12.698412698412698,2.380952380952381,10.317460317460316,87.3015873015873,12.3015873015873,75
E00096417,255,59,20,39,196,24,172,23.137254901960784,7.8431372549019605,15.294117647058824,76.86274509803923,9.411764705882353,67.45098039215686
E00096418,314,67,17,50,247,31,216,21.337579617834397,5.414012738853503,15.92356687898089,78.6624203821656,9.872611464968154,68.78980891719745
E00096419,250,40,16,24,210,19,191,16,6.4,9.6,84,7.6,76.4
E00096420,240,41,17,24,199,24,175,17.083333333333332,7.083333333333333,10,82.91666666666667,10,72.91666666666666
E00096421,271,56,25,31,215,11,204,20.66420664206642,9.22509225092251,11.439114391143912,79.33579335793358,4.059040590405904,75.27675276752768
E00096422,257,59,29,30,198,18,180,22.957198443579767,11.284046692607005,11.673151750972762,77.04280155642024,7.003891050583658,70.03891050583657
E00096423,275,50,20,30,225,16,209,18.181818181818183,7.2727272727272725,10.909090909090908,81.81818181818183,5.818181818181818,76
E00096424,253,37,11,26,216,20,196,14.624505928853754,4.3478260869565215,10.276679841897234,85.37549407114624,7.905138339920949,77.4703557312253
E00096425,278,53,25,28,225,18,207,19.06474820143885,8.992805755395683,10.071942446043165,80.93525179856115,6.474820143884892,74.46043165467626
E00096426,246,54,27,27,192,12,180,21.951219512195124,10.975609756097562,10.975609756097562,78.04878048780488,4.878048780487805,73.17073170731707
E00096427,309,50,20,30,259,26,233,16.181229773462782,6.472491909385113,9.70873786407767,83.81877022653723,8.414239482200648,75.40453074433657
E00096428,298,88,48,40,210,18,192,29.53020134228188,16.10738255033557,13.422818791946309,70.46979865771812,6.0402684563758395,64.42953020134227
E00096429,346,80,43,37,266,19,247,23.121387283236995,12.427745664739884,10.69364161849711,76.878612716763,5.491329479768786,71.38728323699422
E00096430,298,47,21,26,251,20,231,15.771812080536913,7.046979865771812,8.724832214765101,84.22818791946308,6.7114093959731544,77.51677852348993
E00096431,254,47,20,27,207,25,182,18.503937007874015,7.874015748031496,10.62992125984252,81.49606299212599,9.84251968503937,71.65354330708661
E00096432,364,109,57,52,255,24,231,29.945054945054945,15.659340659340659,14.285714285714285,70.05494505494505,6.593406593406594,63.46153846153846
E00096433,343,60,32,28,283,28,255,17.49271137026239,9.329446064139942,8.16326530612245,82.5072886297376,8.16326530612245,74.34402332361516
E00096434,316,65,30,35,251,18,233,20.569620253164558,9.49367088607595,11.075949367088606,79.43037974683544,5.69620253164557,73.73417721518987
E00096435,288,54,20,34,234,21,213,18.75,6.944444444444445,11.805555555555555,81.25,7.291666666666667,73.95833333333334
E00096436,383,50,20,30,333,39,294,13.054830287206268,5.221932114882506,7.83289817232376,86.94516971279373,10.182767624020887,76.76240208877284
E00096437,299,41,17,24,258,27,231,13.712374581939798,5.68561872909699,8.02675585284281,86.2876254180602,9.03010033444816,77.25752508361204
E00096438,310,53,15,38,257,35,222,17.096774193548388,4.838709677419355,12.258064516129032,82.9032258064516,11.29032258064516,71.61290322580646
E00096439,224,43,19,24,181,11,170,19.196428571428573,8.482142857142858,10.714285714285714,80.80357142857143,4.910714285714286,75.89285714285714
E00096440,235,37,17,20,198,27,171,15.74468085106383,7.234042553191489,8.51063829787234,84.25531914893617,11.48936170212766,72.76595744680851
E00096441,362,61,22,39,301,21,280,16.85082872928177,6.077348066298343,10.773480662983426,83.14917127071824,5.801104972375691,77.34806629834254
E00096442,380,43,12,31,337,35,302,11.31578947368421,3.1578947368421053,8.157894736842106,88.68421052631578,9.210526315789473,79.47368421052632
E00096443,300,57,24,33,243,30,213,19,8,11,81,10,71
E00096444,386,73,32,41,313,34,279,18.911917098445596,8.290155440414509,10.621761658031089,81.0880829015544,8.808290155440414,72.279792746114
E00096446,423,53,13,40,370,38,332,12.529550827423167,3.0732860520094563,9.456264775413711,87.47044917257683,8.983451536643026,78.4869976359338
E00096447,337,69,33,36,268,16,252,20.474777448071215,9.792284866468842,10.682492581602373,79.52522255192879,4.747774480712167,74.77744807121661
E00096448,271,44,20,24,227,26,201,16.236162361623617,7.380073800738007,8.856088560885608,83.76383763837639,9.59409594095941,74.16974169741697
E00096449,261,46,22,24,215,25,190,17.624521072796934,8.42911877394636,9.195402298850574,82.37547892720306,9.578544061302683,72.79693486590038
E00096450,311,62,26,36,249,24,225,19.935691318327976,8.360128617363344,11.57556270096463,80.06430868167203,7.717041800643088,72.34726688102894
E00096451,300,41,16,25,259,22,237,13.666666666666666,5.333333333333334,8.333333333333332,86.33333333333333,7.333333333333333,79
E00096452,285,51,18,33,234,26,208,17.894736842105264,6.315789473684211,11.578947368421053,82.10526315789474,9.12280701754386,72.98245614035088
E00096453,379,44,19,25,335,48,287,11.609498680738787,5.013192612137203,6.596306068601583,88.39050131926122,12.66490765171504,75.72559366754618
E00096454,243,60,23,37,183,21,162,24.691358024691358,9.465020576131687,15.22633744855967,75.30864197530865,8.641975308641975,66.66666666666666
E00096455,357,104,64,40,253,24,229,29.13165266106443,17.92717086834734,11.204481792717088,70.86834733893558,6.722689075630252,64.14565826330532
E00096456,283,56,25,31,227,17,210,19.78798586572438,8.8339222614841,10.954063604240282,80.21201413427562,6.007067137809187,74.20494699646643
E00096457,357,35,19,16,322,34,288,9.803921568627452,5.322128851540616,4.481792717086835,90.19607843137256,9.523809523809524,80.67226890756302
E00096458,244,53,15,38,191,36,155,21.721311475409834,6.147540983606557,15.573770491803279,78.27868852459017,14.754098360655737,63.52459016393443
E00096459,293,44,15,29,249,26,223,15.017064846416384,5.1194539249146755,9.897610921501707,84.98293515358361,8.873720136518772,76.10921501706484
E00096460,400,105,67,38,295,19,276,26.25,16.75,9.5,73.75,4.75,69
E00096461,213,69,30,39,144,22,122,32.3943661971831,14.084507042253522,18.30985915492958,67.6056338028169,10.328638497652582,57.27699530516433
E00096462,280,70,34,36,210,18,192,25,12.142857142857142,12.857142857142856,75,6.428571428571428,68.57142857142857
E00096463,203,58,25,33,145,17,128,28.57142857142857,12.31527093596059,16.25615763546798,71.42857142857143,8.374384236453201,63.05418719211823
E00096464,258,35,16,19,223,25,198,13.565891472868216,6.2015503875969,7.3643410852713185,86.43410852713178,9.689922480620156,76.74418604651163
E00096465,286,45,16,29,241,33,208,15.734265734265735,5.594405594405594,10.13986013986014,84.26573426573427,11.538461538461538,72.72727272727273
E00096466,365,78,31,47,287,28,259,21.36986301369863,8.493150684931507,12.876712328767123,78.63013698630137,7.671232876712329,70.95890410958904
E00096467,224,51,24,27,173,10,163,22.767857142857142,10.714285714285714,12.053571428571429,77.23214285714286,4.464285714285714,72.76785714285714
E00096468,297,63,37,26,234,14,220,21.21212121212121,12.457912457912458,8.754208754208754,78.78787878787878,4.713804713804714,74.07407407407408
E00096469,241,56,23,33,185,20,165,23.236514522821576,9.54356846473029,13.692946058091287,76.76348547717843,8.29875518672199,68.46473029045643
E00096470,486,90,34,56,396,42,354,18.51851851851852,6.995884773662551,11.522633744855968,81.48148148148148,8.641975308641975,72.8395061728395
E00096472,309,52,19,33,257,23,234,16.828478964401295,6.148867313915858,10.679611650485436,83.1715210355987,7.443365695792881,75.72815533980582
E00096474,279,52,13,39,227,21,206,18.63799283154122,4.659498207885305,13.978494623655912,81.36200716845879,7.526881720430108,73.83512544802868
E00096475,251,27,8,19,224,23,201,10.756972111553784,3.187250996015936,7.569721115537849,89.2430278884462,9.163346613545817,80.0796812749004
E00096477,133,13,6,7,120,17,103,9.774436090225564,4.511278195488721,5.263157894736842,90.22556390977444,12.781954887218044,77.44360902255639
E00096478,419,57,16,41,362,42,320,13.60381861575179,3.8186157517899764,9.785202863961814,86.39618138424821,10.023866348448687,76.37231503579952
E00096479,399,73,33,40,326,40,286,18.295739348370926,8.270676691729323,10.025062656641603,81.70426065162907,10.025062656641603,71.67919799498746
E00096480,344,40,10,30,304,33,271,11.627906976744185,2.9069767441860463,8.720930232558139,88.37209302325581,9.593023255813954,78.77906976744185
E00096481,251,50,19,31,201,24,177,19.9203187250996,7.569721115537849,12.350597609561753,80.0796812749004,9.56175298804781,70.5179282868526
E00096482,334,63,22,41,271,33,238,18.862275449101794,6.58682634730539,12.275449101796406,81.1377245508982,9.880239520958083,71.25748502994011
E00096484,274,38,13,25,236,30,206,13.86861313868613,4.744525547445255,9.124087591240876,86.13138686131386,10.948905109489052,75.18248175182481
E00096485,128,28,10,18,100,12,88,21.875,7.8125,14.0625,78.125,9.375,68.75
E00096486,222,45,12,33,177,22,155,20.27027027027027,5.405405405405405,14.864864864864865,79.72972972972973,9.90990990990991,69.81981981981981
E00096488,162,32,13,19,130,7,123,19.753086419753085,8.024691358024691,11.728395061728394,80.24691358024691,4.320987654320987,75.92592592592592
E00096489,334,30,9,21,304,26,278,8.982035928143713,2.694610778443114,6.287425149700598,91.01796407185628,7.784431137724551,83.23353293413174
E00096490,280,56,29,27,224,18,206,20,10.357142857142858,9.642857142857144,80,6.428571428571428,73.57142857142858
E00096491,280,44,12,32,236,19,217,15.714285714285714,4.285714285714286,11.428571428571429,84.28571428571429,6.785714285714286,77.5
E00096492,196,35,16,19,161,15,146,17.857142857142858,8.16326530612245,9.693877551020408,82.14285714285714,7.653061224489796,74.48979591836735
E00096493,140,27,18,9,113,15,98,19.28571428571429,12.857142857142856,6.428571428571428,80.71428571428572,10.714285714285714,70
E00096494,126,32,13,19,94,9,85,25.396825396825395,10.317460317460316,15.079365079365079,74.60317460317461,7.142857142857142,67.46031746031747
E00096495,351,70,34,36,281,20,261,19.943019943019944,9.686609686609685,10.256410256410255,80.05698005698005,5.698005698005698,74.35897435897436
E00096497,323,41,15,26,282,26,256,12.693498452012383,4.643962848297214,8.04953560371517,87.30650154798761,8.04953560371517,79.25696594427245
E00096498,308,49,21,28,259,21,238,15.909090909090908,6.8181818181818175,9.090909090909092,84.0909090909091,6.8181818181818175,77.27272727272727
E00096499,277,50,23,27,227,15,212,18.050541516245488,8.303249097472925,9.747292418772563,81.94945848375451,5.415162454873646,76.53429602888086
E00096500,296,50,24,26,246,20,226,16.89189189189189,8.108108108108109,8.783783783783784,83.1081081081081,6.756756756756757,76.35135135135135
E00096501,370,79,52,27,291,24,267,21.35135135135135,14.054054054054054,7.297297297297297,78.64864864864865,6.486486486486487,72.16216216216216
E00096502,261,59,30,29,202,20,182,22.60536398467433,11.494252873563218,11.11111111111111,77.39463601532567,7.662835249042145,69.73180076628353
E00096503,426,80,41,39,346,40,306,18.779342723004692,9.624413145539906,9.15492957746479,81.2206572769953,9.389671361502346,71.83098591549296
E00096504,289,48,20,28,241,23,218,16.608996539792386,6.920415224913495,9.688581314878892,83.39100346020761,7.958477508650519,75.4325259515571
E00096505,301,36,10,26,265,12,253,11.960132890365449,3.322259136212625,8.637873754152823,88.03986710963456,3.9867109634551494,84.0531561461794
E00096506,305,45,17,28,260,17,243,14.754098360655737,5.573770491803279,9.180327868852459,85.24590163934425,5.573770491803279,79.67213114754098
E00096507,252,64,32,32,188,14,174,25.396825396825395,12.698412698412698,12.698412698412698,74.60317460317461,5.555555555555555,69.04761904761905
E00096508,271,51,30,21,220,11,209,18.81918819188192,11.07011070110701,7.7490774907749085,81.18081180811808,4.059040590405904,77.12177121771218
E00096509,315,98,61,37,217,17,200,31.11111111111111,19.365079365079367,11.746031746031745,68.88888888888889,5.396825396825397,63.49206349206349
E00096510,293,60,28,32,233,27,206,20.477815699658702,9.556313993174061,10.921501706484642,79.5221843003413,9.215017064846416,70.30716723549489
E00096511,263,72,33,39,191,16,175,27.376425855513308,12.547528517110266,14.82889733840304,72.6235741444867,6.083650190114068,66.53992395437263
E00096512,265,63,27,36,202,12,190,23.77358490566038,10.18867924528302,13.584905660377359,76.22641509433963,4.528301886792453,71.69811320754717
E00096513,289,89,41,48,200,19,181,30.79584775086505,14.186851211072666,16.608996539792386,69.20415224913495,6.5743944636678195,62.629757785467135
E00096514,333,63,33,30,270,17,253,18.91891891891892,9.90990990990991,9.00900900900901,81.08108108108108,5.105105105105105,75.97597597597597
E00096515,486,81,35,46,405,28,377,16.666666666666664,7.20164609053498,9.465020576131687,83.33333333333334,5.761316872427984,77.57201646090535
E00096516,296,95,56,39,201,23,178,32.0945945945946,18.91891891891892,13.175675675675674,67.9054054054054,7.77027027027027,60.13513513513513
E00096517,314,63,36,27,251,23,228,20.063694267515924,11.464968152866243,8.598726114649681,79.93630573248409,7.32484076433121,72.61146496815286
E00096518,305,93,55,38,212,21,191,30.491803278688522,18.0327868852459,12.459016393442624,69.50819672131148,6.885245901639345,62.62295081967213
E00096519,302,70,37,33,232,19,213,23.178807947019866,12.251655629139073,10.927152317880795,76.82119205298014,6.291390728476822,70.52980132450331
E00096520,345,101,59,42,244,12,232,29.275362318840582,17.101449275362317,12.173913043478262,70.72463768115942,3.4782608695652173,67.2463768115942
E00096521,291,68,28,40,223,17,206,23.367697594501717,9.621993127147768,13.745704467353953,76.6323024054983,5.841924398625429,70.79037800687286
E00096522,247,51,21,30,196,18,178,20.647773279352226,8.502024291497975,12.145748987854251,79.35222672064778,7.28744939271255,72.06477732793523
E00096523,258,75,36,39,183,14,169,29.069767441860467,13.953488372093023,15.11627906976744,70.93023255813954,5.426356589147287,65.50387596899225
E00096524,267,36,14,22,231,27,204,13.48314606741573,5.2434456928838955,8.239700374531834,86.51685393258427,10.112359550561797,76.40449438202246
E00096525,312,69,35,34,243,18,225,22.115384615384613,11.217948717948719,10.897435897435898,77.88461538461539,5.769230769230769,72.11538461538461
E00096526,241,49,30,19,192,16,176,20.33195020746888,12.448132780082988,7.883817427385892,79.66804979253112,6.639004149377594,73.02904564315352
E00096527,306,73,37,36,233,15,218,23.856209150326798,12.091503267973856,11.76470588235294,76.1437908496732,4.901960784313726,71.24183006535948
E00096528,255,55,33,22,200,8,192,21.568627450980394,12.941176470588237,8.627450980392156,78.43137254901961,3.1372549019607843,75.29411764705883
E00096529,357,89,38,51,268,25,243,24.92997198879552,10.644257703081232,14.285714285714285,75.07002801120449,7.002801120448179,68.0672268907563
E00096530,244,61,15,46,183,18,165,25,6.147540983606557,18.852459016393443,75,7.377049180327869,67.62295081967213
E00096531,216,63,21,42,153,12,141,29.166666666666668,9.722222222222223,19.444444444444446,70.83333333333334,5.555555555555555,65.27777777777779
E00096532,332,56,29,27,276,25,251,16.867469879518072,8.734939759036145,8.132530120481928,83.13253012048193,7.530120481927711,75.6024096385542
E00096533,324,43,25,18,281,25,256,13.271604938271606,7.716049382716049,5.555555555555555,86.72839506172839,7.716049382716049,79.01234567901234
E00096534,230,87,46,41,143,12,131,37.826086956521735,20,17.82608695652174,62.17391304347826,5.217391304347826,56.95652173913044
E00096536,293,48,16,32,245,18,227,16.38225255972696,5.460750853242321,10.921501706484642,83.61774744027304,6.143344709897611,77.47440273037543
E00096537,304,53,29,24,251,20,231,17.434210526315788,9.539473684210527,7.894736842105263,82.56578947368422,6.578947368421052,75.98684210526315
E00096538,271,40,18,22,231,22,209,14.760147601476014,6.642066420664207,8.118081180811808,85.23985239852398,8.118081180811808,77.12177121771218
E00096539,473,82,41,41,391,34,357,17.33615221987315,8.668076109936575,8.668076109936575,82.66384778012686,7.188160676532769,75.47568710359408
E00096540,340,64,29,35,276,25,251,18.823529411764707,8.529411764705882,10.294117647058822,81.17647058823529,7.352941176470589,73.82352941176471
E00096541,202,45,16,29,157,11,146,22.277227722772277,7.920792079207921,14.356435643564355,77.72277227722772,5.445544554455446,72.27722772277228
E00096542,235,66,26,40,169,14,155,28.085106382978726,11.063829787234042,17.02127659574468,71.91489361702128,5.957446808510639,65.95744680851064
E00096543,437,79,37,42,358,31,327,18.07780320366133,8.466819221967963,9.610983981693364,81.92219679633868,7.093821510297483,74.8283752860412
E00096544,320,83,40,43,237,20,217,25.937500000000004,12.5,13.4375,74.0625,6.25,67.8125
E00096545,413,71,29,42,342,25,317,17.191283292978206,7.021791767554479,10.16949152542373,82.80871670702179,6.053268765133172,76.75544794188862
E00096546,258,30,9,21,228,20,208,11.627906976744185,3.488372093023256,8.13953488372093,88.37209302325581,7.751937984496124,80.62015503875969
E00096547,246,41,16,25,205,19,186,16.666666666666664,6.504065040650407,10.16260162601626,83.33333333333334,7.723577235772358,75.60975609756098
E00096548,224,43,14,29,181,11,170,19.196428571428573,6.25,12.946428571428573,80.80357142857143,4.910714285714286,75.89285714285714
E00096549,249,32,10,22,217,28,189,12.851405622489958,4.016064257028113,8.835341365461847,87.14859437751004,11.244979919678714,75.90361445783132
E00096550,241,52,25,27,189,27,162,21.57676348547718,10.37344398340249,11.20331950207469,78.42323651452283,11.20331950207469,67.21991701244814
E00096551,190,43,13,30,147,15,132,22.63157894736842,6.842105263157896,15.789473684210526,77.36842105263158,7.894736842105263,69.47368421052632
E00096552,252,46,23,23,206,23,183,18.253968253968253,9.126984126984127,9.126984126984127,81.74603174603175,9.126984126984127,72.61904761904762
E00096553,224,35,8,27,189,27,162,15.625,3.571428571428571,12.053571428571429,84.375,12.053571428571429,72.32142857142857
E00096554,326,53,28,25,273,27,246,16.257668711656443,8.588957055214724,7.668711656441718,83.74233128834356,8.282208588957054,75.4601226993865
E00096555,409,68,22,46,341,25,316,16.625916870415647,5.378973105134474,11.246943765281173,83.37408312958435,6.112469437652812,77.26161369193154
E00096556,194,31,13,18,163,16,147,15.979381443298967,6.701030927835052,9.278350515463918,84.02061855670104,8.24742268041237,75.77319587628865
E00096557,294,44,16,28,250,26,224,14.965986394557824,5.442176870748299,9.523809523809524,85.03401360544217,8.843537414965986,76.19047619047619
E00096558,247,93,45,48,154,11,143,37.65182186234818,18.218623481781375,19.4331983805668,62.34817813765182,4.4534412955465585,57.89473684210527
E00096559,262,80,47,33,182,18,164,30.53435114503817,17.938931297709924,12.595419847328243,69.46564885496184,6.870229007633588,62.59541984732825
E00096560,251,58,18,40,193,13,180,23.107569721115535,7.171314741035857,15.936254980079681,76.89243027888446,5.179282868525896,71.71314741035857
E00096561,192,24,4,20,168,22,146,12.5,2.083333333333333,10.416666666666668,87.5,11.458333333333332,76.04166666666666
E00096562,199,37,13,24,162,15,147,18.592964824120603,6.532663316582915,12.060301507537687,81.4070351758794,7.537688442211055,73.86934673366834
E00096563,201,31,9,22,170,18,152,15.422885572139302,4.477611940298507,10.945273631840797,84.5771144278607,8.955223880597014,75.62189054726367
E00096564,404,49,18,31,355,34,321,12.128712871287128,4.455445544554455,7.673267326732673,87.87128712871286,8.415841584158416,79.45544554455446
E00096565,227,48,16,32,179,21,158,21.145374449339208,7.048458149779736,14.096916299559473,78.8546255506608,9.251101321585903,69.60352422907489
E00096566,274,51,23,28,223,17,206,18.613138686131386,8.394160583941606,10.218978102189782,81.38686131386861,6.204379562043796,75.18248175182481
E00096567,314,85,36,49,229,33,196,27.070063694267514,11.464968152866243,15.605095541401273,72.92993630573248,10.509554140127388,62.42038216560509
E00096568,227,36,12,24,191,26,165,15.859030837004406,5.286343612334802,10.572687224669604,84.14096916299559,11.45374449339207,72.68722466960352
E00096569,495,66,29,37,429,39,390,13.333333333333334,5.858585858585859,7.474747474747474,86.66666666666667,7.878787878787878,78.78787878787878
E00096570,266,79,40,39,187,21,166,29.69924812030075,15.037593984962406,14.661654135338345,70.30075187969925,7.894736842105263,62.40601503759399
E00096571,276,51,23,28,225,19,206,18.478260869565215,8.333333333333332,10.144927536231885,81.52173913043478,6.884057971014493,74.63768115942028
E00096572,275,61,34,27,214,14,200,22.181818181818183,12.363636363636363,9.818181818181818,77.81818181818181,5.090909090909091,72.72727272727273
E00096573,228,53,24,29,175,23,152,23.24561403508772,10.526315789473683,12.719298245614036,76.75438596491229,10.087719298245613,66.66666666666666
E00096574,348,62,29,33,286,16,270,17.81609195402299,8.333333333333332,9.482758620689655,82.18390804597702,4.597701149425287,77.58620689655173
E00096575,253,63,33,30,190,22,168,24.90118577075099,13.043478260869565,11.857707509881422,75.09881422924902,8.695652173913043,66.40316205533597
E00096576,262,81,47,34,181,16,165,30.916030534351147,17.938931297709924,12.977099236641221,69.08396946564885,6.106870229007633,62.97709923664122
E00096577,320,76,35,41,244,18,226,23.75,10.9375,12.812499999999998,76.25,5.625,70.625
E00096578,262,63,33,30,199,23,176,24.045801526717558,12.595419847328243,11.450381679389313,75.95419847328245,8.778625954198473,67.17557251908397
E00096579,310,76,44,32,234,16,218,24.516129032258064,14.193548387096774,10.32258064516129,75.48387096774194,5.161290322580645,70.3225806451613
E00096580,287,82,49,33,205,16,189,28.57142857142857,17.073170731707318,11.498257839721255,71.42857142857143,5.574912891986063,65.85365853658537
E00096581,247,66,33,33,181,12,169,26.720647773279353,13.360323886639677,13.360323886639677,73.27935222672065,4.8582995951417,68.42105263157895
E00096582,316,66,28,38,250,21,229,20.88607594936709,8.860759493670885,12.025316455696203,79.11392405063292,6.6455696202531636,72.46835443037975
E00096583,288,71,37,34,217,18,199,24.65277777777778,12.847222222222221,11.805555555555555,75.34722222222221,6.25,69.09722222222221
E00096584,332,70,34,36,262,16,246,21.084337349397593,10.240963855421686,10.843373493975903,78.91566265060241,4.819277108433735,74.09638554216868
E00096585,281,50,24,26,231,21,210,17.793594306049823,8.540925266903916,9.252669039145907,82.20640569395017,7.473309608540925,74.73309608540926
E00096586,298,97,54,43,201,16,185,32.5503355704698,18.120805369127517,14.429530201342283,67.4496644295302,5.369127516778524,62.08053691275168
E00096587,290,71,33,38,219,14,205,24.482758620689655,11.379310344827587,13.10344827586207,75.51724137931033,4.827586206896552,70.6896551724138
E00096588,262,71,35,36,191,16,175,27.099236641221374,13.358778625954198,13.740458015267176,72.90076335877863,6.106870229007633,66.79389312977099
E00096590,301,80,36,44,221,11,210,26.578073089701,11.960132890365449,14.61794019933555,73.421926910299,3.6544850498338874,69.76744186046511
E00096591,207,69,31,38,138,14,124,33.33333333333333,14.975845410628018,18.357487922705314,66.66666666666666,6.763285024154589,59.90338164251207
E00096592,232,89,47,42,143,10,133,38.362068965517246,20.25862068965517,18.103448275862068,61.63793103448276,4.310344827586207,57.327586206896555
E00096593,382,134,53,81,248,19,229,35.07853403141361,13.874345549738221,21.20418848167539,64.92146596858639,4.973821989528796,59.947643979057595
E00096594,241,65,31,34,176,16,160,26.970954356846473,12.863070539419086,14.107883817427386,73.02904564315352,6.639004149377594,66.39004149377593
E00096595,326,99,56,43,227,16,211,30.368098159509206,17.177914110429448,13.190184049079754,69.6319018404908,4.9079754601226995,64.7239263803681
E00096596,321,73,36,37,248,18,230,22.741433021806852,11.214953271028037,11.526479750778815,77.25856697819314,5.607476635514018,71.65109034267913
E00096597,340,75,34,41,265,15,250,22.058823529411764,10,12.058823529411764,77.94117647058823,4.411764705882353,73.52941176470588
E00096598,378,96,43,53,282,19,263,25.396825396825395,11.375661375661375,14.02116402116402,74.60317460317461,5.026455026455026,69.57671957671958
E00096599,387,139,87,52,248,15,233,35.917312661498705,22.48062015503876,13.436692506459949,64.08268733850129,3.875968992248062,60.20671834625323
E00096600,297,74,44,30,223,13,210,24.915824915824917,14.814814814814813,10.1010101010101,75.08417508417509,4.377104377104377,70.70707070707071
E00096601,309,64,26,38,245,24,221,20.711974110032365,8.414239482200648,12.297734627831716,79.28802588996764,7.766990291262135,71.52103559870551
E00096602,313,107,62,45,206,18,188,34.185303514377,19.808306709265175,14.376996805111823,65.814696485623,5.7507987220447285,60.063897763578275
E00096603,277,71,37,34,206,20,186,25.63176895306859,13.357400722021662,12.274368231046932,74.36823104693141,7.2202166064981945,67.14801444043322
E00096604,230,64,36,28,166,11,155,27.82608695652174,15.65217391304348,12.173913043478262,72.17391304347827,4.782608695652174,67.3913043478261
E00096605,297,60,33,27,237,21,216,20.2020202020202,11.11111111111111,9.090909090909092,79.7979797979798,7.07070707070707,72.72727272727273
E00096606,256,86,42,44,170,16,154,33.59375,16.40625,17.1875,66.40625,6.25,60.15625
E00096607,320,105,62,43,215,18,197,32.8125,19.375,13.4375,67.1875,5.625,61.5625
E00096608,307,46,21,25,261,20,241,14.983713355048861,6.840390879478828,8.143322475570033,85.01628664495115,6.514657980456026,78.50162866449512
E00096609,246,50,26,24,196,30,166,20.32520325203252,10.569105691056912,9.75609756097561,79.67479674796748,12.195121951219512,67.47967479674797
E00096610,298,58,30,28,240,17,223,19.463087248322147,10.06711409395973,9.395973154362416,80.53691275167785,5.704697986577181,74.83221476510067
E00096611,263,43,17,26,220,18,202,16.34980988593156,6.4638783269961975,9.885931558935361,83.65019011406845,6.844106463878327,76.80608365019012
E00096612,165,52,25,27,113,9,104,31.515151515151512,15.151515151515152,16.363636363636363,68.48484848484848,5.454545454545454,63.030303030303024
E00096613,335,84,34,50,251,26,225,25.07462686567164,10.149253731343283,14.925373134328357,74.92537313432835,7.761194029850746,67.16417910447761
E00096614,263,53,18,35,210,22,188,20.15209125475285,6.844106463878327,13.307984790874524,79.84790874524715,8.365019011406844,71.48288973384031
E00096615,231,51,20,31,180,21,159,22.07792207792208,8.658008658008658,13.41991341991342,77.92207792207793,9.090909090909092,68.83116883116884
E00096616,235,38,23,15,197,21,176,16.170212765957448,9.787234042553191,6.382978723404255,83.82978723404256,8.936170212765958,74.8936170212766
E00096617,224,53,28,25,171,14,157,23.660714285714285,12.5,11.160714285714286,76.33928571428571,6.25,70.08928571428571
E00096618,242,35,19,16,207,23,184,14.46280991735537,7.851239669421488,6.6115702479338845,85.53719008264463,9.50413223140496,76.03305785123968
E00096619,250,56,27,29,194,18,176,22.400000000000002,10.8,11.600000000000001,77.60000000000001,7.199999999999999,70.39999999999999
E00096620,226,49,27,22,177,18,159,21.68141592920354,11.946902654867257,9.734513274336283,78.31858407079646,7.964601769911504,70.35398230088495
E00096621,167,40,21,19,127,14,113,23.952095808383234,12.574850299401197,11.377245508982035,76.04790419161677,8.383233532934131,67.66467065868264
E00096622,292,64,16,48,228,26,202,21.91780821917808,5.47945205479452,16.43835616438356,78.08219178082192,8.904109589041095,69.17808219178082
E00096623,281,51,17,34,230,22,208,18.14946619217082,6.049822064056939,12.099644128113878,81.85053380782918,7.829181494661921,74.02135231316726
E00096624,293,57,18,39,236,22,214,19.453924914675767,6.143344709897611,13.310580204778159,80.54607508532423,7.508532423208192,73.03754266211604
E00096625,277,41,15,26,236,17,219,14.801444043321299,5.415162454873646,9.386281588447654,85.1985559566787,6.137184115523466,79.06137184115524
E00096626,253,56,27,29,197,16,181,22.134387351778656,10.67193675889328,11.462450592885375,77.86561264822134,6.324110671936759,71.54150197628458
E00096627,534,71,26,45,463,43,420,13.295880149812733,4.868913857677903,8.426966292134832,86.70411985018727,8.05243445692884,78.65168539325843
E00096628,329,112,81,31,217,22,195,34.04255319148936,24.620060790273556,9.422492401215806,65.95744680851064,6.68693009118541,59.27051671732523
E00096629,274,41,16,25,233,27,206,14.963503649635038,5.839416058394161,9.124087591240876,85.03649635036497,9.854014598540147,75.18248175182481
E00096630,250,50,21,29,200,27,173,20,8.4,11.600000000000001,80,10.8,69.19999999999999
E00096631,316,51,24,27,265,29,236,16.139240506329113,7.59493670886076,8.544303797468354,83.86075949367088,9.177215189873419,74.68354430379746
E00096632,291,45,21,24,246,27,219,15.463917525773196,7.216494845360824,8.24742268041237,84.5360824742268,9.278350515463918,75.25773195876289
E00096633,188,41,13,28,147,11,136,21.808510638297875,6.914893617021277,14.893617021276595,78.19148936170212,5.851063829787234,72.3404255319149
E00096634,273,58,27,31,215,17,198,21.245421245421245,9.89010989010989,11.355311355311356,78.75457875457876,6.227106227106227,72.52747252747253
E00096635,297,77,30,47,220,22,198,25.925925925925924,10.1010101010101,15.824915824915825,74.07407407407408,7.4074074074074066,66.66666666666666
E00096636,291,90,42,48,201,25,176,30.927835051546392,14.432989690721648,16.49484536082474,69.0721649484536,8.59106529209622,60.48109965635739
E00096637,311,66,30,36,245,13,232,21.221864951768488,9.646302250803858,11.57556270096463,78.77813504823152,4.180064308681672,74.59807073954984
E00096638,219,54,30,24,165,17,148,24.65753424657534,13.698630136986301,10.95890410958904,75.34246575342466,7.76255707762557,67.57990867579909
E00096639,215,68,28,40,147,16,131,31.627906976744185,13.023255813953488,18.6046511627907,68.37209302325581,7.441860465116279,60.93023255813953
E00096640,278,62,28,34,216,16,200,22.302158273381295,10.071942446043165,12.23021582733813,77.6978417266187,5.755395683453238,71.94244604316546
E00096641,168,62,33,29,106,16,90,36.904761904761905,19.642857142857142,17.261904761904763,63.095238095238095,9.523809523809524,53.57142857142857
E00096642,256,59,26,33,197,21,176,23.046875,10.15625,12.890625,76.953125,8.203125,68.75
E00096643,185,63,36,27,122,8,114,34.054054054054056,19.45945945945946,14.594594594594595,65.94594594594595,4.324324324324325,61.62162162162163
E00096644,251,66,29,37,185,12,173,26.294820717131472,11.553784860557768,14.741035856573706,73.70517928286853,4.780876494023905,68.92430278884463
E00096645,246,35,17,18,211,21,190,14.227642276422763,6.910569105691057,7.317073170731707,85.77235772357723,8.536585365853659,77.23577235772358
E00096646,251,39,20,19,212,20,192,15.53784860557769,7.968127490039841,7.569721115537849,84.4621513944223,7.968127490039841,76.49402390438247
E00096647,237,38,13,25,199,28,171,16.033755274261605,5.485232067510549,10.548523206751055,83.96624472573839,11.814345991561181,72.15189873417721
E00096648,320,79,36,43,241,23,218,24.6875,11.25,13.4375,75.3125,7.187499999999999,68.125
E00096649,311,83,45,38,228,9,219,26.688102893890676,14.469453376205788,12.218649517684888,73.31189710610933,2.8938906752411575,70.41800643086816
E00096650,182,64,36,28,118,4,114,35.16483516483517,19.78021978021978,15.384615384615385,64.83516483516483,2.197802197802198,62.637362637362635
E00096651,250,84,46,38,166,6,160,33.6,18.4,15.2,66.4,2.4,64
E00096652,154,35,16,19,119,12,107,22.727272727272727,10.38961038961039,12.337662337662337,77.27272727272727,7.792207792207792,69.48051948051948
E00096653,369,51,18,33,318,21,297,13.821138211382115,4.878048780487805,8.94308943089431,86.1788617886179,5.691056910569105,80.48780487804879
E00096654,326,48,25,23,278,26,252,14.723926380368098,7.668711656441718,7.05521472392638,85.2760736196319,7.975460122699387,77.30061349693251
E00096655,290,57,17,40,233,38,195,19.655172413793103,5.862068965517241,13.793103448275861,80.3448275862069,13.10344827586207,67.24137931034483
E00096656,245,47,22,25,198,19,179,19.183673469387756,8.979591836734693,10.204081632653061,80.81632653061224,7.755102040816326,73.06122448979592
E00096657,307,61,16,45,246,25,221,19.86970684039088,5.211726384364821,14.65798045602606,80.13029315960912,8.143322475570033,71.9869706840391
E00096658,338,53,28,25,285,25,260,15.680473372781064,8.284023668639055,7.396449704142012,84.31952662721893,7.396449704142012,76.92307692307693
E00096659,532,81,35,46,451,38,413,15.225563909774436,6.578947368421052,8.646616541353383,84.77443609022556,7.142857142857142,77.63157894736842
E00096660,284,63,35,28,221,14,207,22.183098591549296,12.323943661971832,9.859154929577464,77.8169014084507,4.929577464788732,72.88732394366197
E00096661,316,68,31,37,248,17,231,21.518987341772153,9.81012658227848,11.708860759493671,78.48101265822784,5.379746835443038,73.10126582278481
E00096662,477,50,14,36,427,26,401,10.482180293501047,2.9350104821802936,7.547169811320755,89.51781970649894,5.450733752620545,84.0670859538784
E00096663,285,50,27,23,235,17,218,17.543859649122805,9.473684210526317,8.070175438596491,82.45614035087719,5.964912280701754,76.49122807017544
E00096664,274,34,14,20,240,23,217,12.408759124087592,5.109489051094891,7.2992700729927,87.59124087591242,8.394160583941606,79.1970802919708
E00096665,259,46,18,28,213,22,191,17.760617760617762,6.94980694980695,10.81081081081081,82.23938223938224,8.494208494208493,73.74517374517374
E00096666,216,49,21,28,167,10,157,22.685185185185187,9.722222222222223,12.962962962962962,77.31481481481481,4.62962962962963,72.68518518518519
E00096667,264,35,13,22,229,27,202,13.257575757575758,4.924242424242424,8.333333333333332,86.74242424242425,10.227272727272728,76.51515151515152
E00096668,268,48,16,32,220,31,189,17.91044776119403,5.970149253731343,11.940298507462686,82.08955223880598,11.567164179104477,70.52238805970148
E00096669,348,72,23,49,276,15,261,20.689655172413794,6.609195402298851,14.080459770114942,79.3103448275862,4.310344827586207,75
E00096670,340,84,44,40,256,27,229,24.705882352941178,12.941176470588237,11.76470588235294,75.29411764705883,7.941176470588235,67.3529411764706
E00096671,314,58,20,38,256,36,220,18.471337579617835,6.369426751592357,12.101910828025478,81.52866242038218,11.464968152866243,70.06369426751591
E00096672,260,44,15,29,216,19,197,16.923076923076923,5.769230769230769,11.153846153846155,83.07692307692308,7.307692307692308,75.76923076923077
E00096673,206,54,29,25,152,13,139,26.21359223300971,14.077669902912621,12.135922330097088,73.7864077669903,6.310679611650485,67.47572815533981
E00096674,272,42,22,20,230,14,216,15.441176470588236,8.088235294117647,7.352941176470589,84.55882352941177,5.147058823529411,79.41176470588235
E00096675,303,72,34,38,231,20,211,23.762376237623762,11.221122112211221,12.541254125412541,76.23762376237624,6.6006600660066,69.63696369636963
E00096676,405,108,56,52,297,23,274,26.666666666666668,13.82716049382716,12.839506172839506,73.33333333333333,5.679012345679013,67.65432098765433
E00096677,270,75,41,34,195,20,175,27.77777777777778,15.185185185185185,12.592592592592592,72.22222222222221,7.4074074074074066,64.81481481481481
E00096678,264,72,34,38,192,30,162,27.27272727272727,12.878787878787879,14.393939393939394,72.72727272727273,11.363636363636363,61.36363636363637
E00096679,175,69,33,36,106,7,99,39.42857142857143,18.857142857142858,20.57142857142857,60.57142857142858,4,56.57142857142857
E00096680,278,27,6,21,251,21,230,9.712230215827338,2.158273381294964,7.553956834532374,90.28776978417267,7.553956834532374,82.73381294964028
E00096681,276,43,17,26,233,22,211,15.579710144927535,6.159420289855073,9.420289855072465,84.42028985507247,7.971014492753622,76.44927536231883
E00096682,217,46,18,28,171,16,155,21.19815668202765,8.294930875576037,12.903225806451612,78.80184331797236,7.373271889400922,71.42857142857143
E00096683,359,84,33,51,275,32,243,23.398328690807798,9.192200557103064,14.206128133704734,76.6016713091922,8.913649025069638,67.68802228412257
E00096684,272,58,30,28,214,24,190,21.323529411764707,11.029411764705882,10.294117647058822,78.67647058823529,8.823529411764707,69.85294117647058
E00096685,238,46,20,26,192,13,179,19.327731092436977,8.403361344537815,10.92436974789916,80.67226890756302,5.46218487394958,75.21008403361344
E00096686,310,80,43,37,230,24,206,25.806451612903224,13.870967741935484,11.935483870967742,74.19354838709677,7.741935483870968,66.45161290322581
E00096687,286,55,20,35,231,19,212,19.230769230769234,6.993006993006993,12.237762237762238,80.76923076923077,6.643356643356643,74.12587412587412
E00096688,324,43,10,33,281,24,257,13.271604938271606,3.0864197530864197,10.185185185185185,86.72839506172839,7.4074074074074066,79.32098765432099
E00096690,413,56,25,31,357,38,319,13.559322033898304,6.053268765133172,7.506053268765134,86.4406779661017,9.200968523002421,77.23970944309927
E00096691,424,55,21,34,369,24,345,12.971698113207546,4.952830188679245,8.018867924528301,87.02830188679245,5.660377358490567,81.36792452830188
E00096692,260,37,12,25,223,25,198,14.23076923076923,4.615384615384616,9.615384615384617,85.76923076923076,9.615384615384617,76.15384615384615
E00096693,376,62,27,35,314,30,284,16.48936170212766,7.180851063829788,9.308510638297872,83.51063829787235,7.9787234042553195,75.53191489361703
E00096694,230,53,19,34,177,19,158,23.043478260869566,8.26086956521739,14.782608695652174,76.95652173913044,8.26086956521739,68.69565217391305
E00096695,493,76,25,51,417,37,380,15.415821501014198,5.070993914807302,10.344827586206897,84.58417849898579,7.505070993914807,77.079107505071
E00096696,299,55,19,36,244,25,219,18.394648829431436,6.354515050167224,12.040133779264215,81.60535117056857,8.361204013377927,73.24414715719062
E00096697,399,64,36,28,335,34,301,16.040100250626566,9.022556390977442,7.017543859649122,83.95989974937343,8.521303258145362,75.43859649122807
E00096698,352,48,16,32,304,30,274,13.636363636363635,4.545454545454546,9.090909090909092,86.36363636363636,8.522727272727272,77.8409090909091
E00096699,447,57,25,32,390,39,351,12.751677852348994,5.592841163310962,7.158836689038031,87.24832214765101,8.724832214765101,78.52348993288591
E00096700,368,57,24,33,311,32,279,15.489130434782608,6.521739130434782,8.967391304347826,84.51086956521739,8.695652173913043,75.81521739130434
E00096701,155,35,15,20,120,6,114,22.58064516129032,9.67741935483871,12.903225806451612,77.41935483870968,3.870967741935484,73.54838709677419
E00096702,340,64,25,39,276,24,252,18.823529411764707,7.352941176470589,11.470588235294118,81.17647058823529,7.0588235294117645,74.11764705882354
E00096703,201,45,24,21,156,9,147,22.388059701492537,11.940298507462686,10.44776119402985,77.61194029850746,4.477611940298507,73.13432835820896
E00096704,273,38,15,23,235,15,220,13.91941391941392,5.4945054945054945,8.424908424908425,86.08058608058609,5.4945054945054945,80.58608058608058
E00096705,320,60,16,44,260,21,239,18.75,5,13.750000000000002,81.25,6.5625,74.6875
E00096706,514,84,26,58,430,35,395,16.342412451361866,5.058365758754864,11.284046692607005,83.65758754863813,6.809338521400778,76.84824902723736
E00096707,436,70,34,36,366,48,318,16.055045871559635,7.79816513761468,8.256880733944955,83.94495412844036,11.009174311926607,72.93577981651376
E00096708,426,77,32,45,349,40,309,18.07511737089202,7.511737089201878,10.56338028169014,81.92488262910797,9.389671361502346,72.53521126760563
E00096709,307,58,18,40,249,30,219,18.892508143322477,5.863192182410423,13.029315960912053,81.10749185667753,9.77198697068404,71.33550488599349
E00096710,354,48,20,28,306,21,285,13.559322033898304,5.649717514124294,7.909604519774012,86.4406779661017,5.932203389830509,80.50847457627118
E00096711,287,60,26,34,227,22,205,20.905923344947734,9.059233449477352,11.846689895470384,79.09407665505228,7.665505226480835,71.42857142857143
E00096712,276,46,22,24,230,24,206,16.666666666666664,7.971014492753622,8.695652173913043,83.33333333333334,8.695652173913043,74.63768115942028
E00096713,208,44,11,33,164,14,150,21.153846153846153,5.288461538461538,15.865384615384615,78.84615384615384,6.730769230769231,72.11538461538461
E00096714,210,56,26,30,154,19,135,26.666666666666668,12.380952380952381,14.285714285714285,73.33333333333333,9.047619047619047,64.28571428571429
E00096715,311,69,30,39,242,12,230,22.186495176848876,9.646302250803858,12.540192926045016,77.81350482315112,3.858520900321544,73.95498392282958
E00096716,300,50,20,30,250,18,232,16.666666666666664,6.666666666666667,10,83.33333333333334,6,77.33333333333333
E00096717,289,66,30,36,223,20,203,22.837370242214533,10.380622837370241,12.45674740484429,77.16262975778547,6.920415224913495,70.24221453287197
E00096718,294,56,21,35,238,26,212,19.047619047619047,7.142857142857142,11.904761904761903,80.95238095238095,8.843537414965986,72.10884353741497
E00096719,346,122,76,46,224,17,207,35.26011560693642,21.965317919075144,13.294797687861271,64.73988439306359,4.913294797687861,59.82658959537572
E00096720,269,60,27,33,209,22,187,22.304832713754646,10.037174721189592,12.267657992565056,77.69516728624535,8.178438661710038,69.51672862453532
E00096721,314,68,26,42,246,21,225,21.656050955414013,8.280254777070063,13.375796178343949,78.343949044586,6.687898089171974,71.656050955414
E00096722,221,65,29,36,156,13,143,29.411764705882355,13.122171945701359,16.289592760180994,70.58823529411765,5.88235294117647,64.70588235294117
E00096723,263,61,30,31,202,28,174,23.193916349809886,11.406844106463879,11.787072243346007,76.80608365019012,10.646387832699618,66.15969581749049
E00096724,525,74,27,47,451,31,420,14.095238095238095,5.142857142857142,8.952380952380953,85.90476190476191,5.904761904761905,80
E00096725,355,70,28,42,285,22,263,19.718309859154928,7.887323943661972,11.830985915492958,80.28169014084507,6.197183098591549,74.08450704225352
E00096726,538,65,23,42,473,41,432,12.0817843866171,4.275092936802974,7.806691449814126,87.9182156133829,7.6208178438661704,80.29739776951673
E00096727,392,89,41,48,303,28,275,22.70408163265306,10.459183673469388,12.244897959183673,77.29591836734694,7.142857142857142,70.1530612244898
E00096728,617,74,27,47,543,49,494,11.9935170178282,4.376012965964344,7.6175040518638575,88.0064829821718,7.941653160453808,80.06482982171799
E00179282,438,71,26,45,367,48,319,16.210045662100455,5.93607305936073,10.273972602739725,83.78995433789954,10.95890410958904,72.8310502283105
E00179283,287,42,16,26,245,21,224,14.634146341463413,5.574912891986063,9.059233449477352,85.36585365853658,7.317073170731707,78.04878048780488
E00179289,123,22,8,14,101,8,93,17.88617886178862,6.504065040650407,11.38211382113821,82.11382113821138,6.504065040650407,75.60975609756098
E00179301,367,45,11,34,322,34,288,12.26158038147139,2.997275204359673,9.264305177111716,87.73841961852861,9.264305177111716,78.4741144414169
E00179307,278,52,19,33,226,27,199,18.705035971223023,6.83453237410072,11.870503597122301,81.29496402877699,9.712230215827338,71.58273381294964
E00179308,258,61,31,30,197,13,184,23.643410852713178,12.015503875968992,11.627906976744185,76.35658914728683,5.038759689922481,71.31782945736434
E00179312,440,42,15,27,398,29,369,9.545454545454547,3.4090909090909087,6.136363636363637,90.45454545454545,6.59090909090909,83.86363636363636
E00179313,532,65,22,43,467,39,428,12.218045112781954,4.135338345864661,8.082706766917292,87.78195488721805,7.330827067669173,80.45112781954887
E00179315,111,40,20,20,71,2,69,36.03603603603604,18.01801801801802,18.01801801801802,63.96396396396396,1.8018018018018018,62.16216216216216
E00179317,136,15,7,8,121,4,117,11.029411764705882,5.147058823529411,5.88235294117647,88.97058823529412,2.941176470588235,86.02941176470588
E00179326,458,77,38,39,381,14,367,16.812227074235807,8.296943231441048,8.51528384279476,83.1877729257642,3.056768558951965,80.13100436681223
E00179328,256,24,5,19,232,23,209,9.375,1.953125,7.421875,90.625,8.984375,81.640625
E00179332,208,29,12,17,179,20,159,13.942307692307693,5.769230769230769,8.173076923076923,86.0576923076923,9.615384615384617,76.4423076923077
E00179335,335,33,12,21,302,21,281,9.850746268656717,3.582089552238806,6.26865671641791,90.14925373134328,6.26865671641791,83.88059701492537
E00179337,290,69,32,37,221,17,204,23.79310344827586,11.03448275862069,12.758620689655173,76.20689655172413,5.862068965517241,70.34482758620689
E00179339,448,43,12,31,405,31,374,9.598214285714286,2.6785714285714284,6.919642857142858,90.40178571428571,6.919642857142858,83.48214285714286
E00179341,245,26,10,16,219,25,194,10.612244897959183,4.081632653061225,6.530612244897959,89.38775510204081,10.204081632653061,79.18367346938776
