OA,ts0590001,ts0590002,ts0590003,ts0590004,ts0590005,ts0590006,ts0590007,ts0590002_PCT,ts0590003_PCT,ts0590004_PCT,ts0590005_PCT,ts0590006_PCT,ts0590007_PCT
E00130256,109,29,7,22,80,68,12,26.605504587155966,6.422018348623854,20.18348623853211,73.39449541284404,62.38532110091744,11.009174311926607
E00130257,196,56,12,44,140,125,15,28.57142857142857,6.122448979591836,22.448979591836736,71.42857142857143,63.775510204081634,7.653061224489796
E00130258,176,49,18,31,127,115,12,27.84090909090909,10.227272727272728,17.613636363636363,72.1590909090909,65.3409090909091,6.8181818181818175
E00130259,261,80,30,50,181,157,24,30.65134099616858,11.494252873563218,19.157088122605366,69.34865900383141,60.15325670498084,9.195402298850574
E00130260,142,51,15,36,91,73,18,35.91549295774648,10.56338028169014,25.352112676056336,64.08450704225352,51.40845070422535,12.676056338028168
E00130261,91,34,16,18,57,53,4,37.362637362637365,17.582417582417584,19.78021978021978,62.637362637362635,58.24175824175825,4.395604395604396
E00130262,128,25,11,14,103,88,15,19.53125,8.59375,10.9375,80.46875,68.75,11.71875
E00130263,205,61,17,44,144,124,20,29.756097560975608,8.292682926829269,21.463414634146343,70.24390243902438,60.48780487804878,9.75609756097561
E00130264,146,40,15,25,106,93,13,27.397260273972602,10.273972602739725,17.123287671232877,72.6027397260274,63.6986301369863,8.904109589041095
E00130268,118,42,17,25,76,68,8,35.59322033898305,14.40677966101695,21.1864406779661,64.40677966101694,57.6271186440678,6.779661016949152
E00130269,138,40,11,29,98,84,14,28.985507246376812,7.971014492753622,21.014492753623188,71.01449275362319,60.86956521739131,10.144927536231885
E00130270,133,42,18,24,91,76,15,31.57894736842105,13.533834586466165,18.045112781954884,68.42105263157895,57.14285714285714,11.278195488721805
E00130272,187,57,16,41,130,108,22,30.481283422459892,8.55614973262032,21.92513368983957,69.5187165775401,57.75401069518716,11.76470588235294
E00130273,168,47,14,33,121,107,14,27.976190476190478,8.333333333333332,19.642857142857142,72.02380952380952,63.69047619047619,8.333333333333332
E00130274,155,36,7,29,119,103,16,23.225806451612904,4.516129032258064,18.70967741935484,76.77419354838709,66.45161290322581,10.32258064516129
E00130276,112,30,15,15,82,72,10,26.785714285714285,13.392857142857142,13.392857142857142,73.21428571428571,64.28571428571429,8.928571428571429
E00130278,127,33,14,19,94,69,25,25.984251968503933,11.023622047244094,14.960629921259844,74.01574803149606,54.330708661417326,19.68503937007874
E00130279,203,73,21,52,130,106,24,35.960591133004925,10.344827586206897,25.615763546798032,64.03940886699507,52.21674876847291,11.822660098522167
E00130280,225,59,21,38,166,143,23,26.222222222222225,9.333333333333334,16.88888888888889,73.77777777777777,63.55555555555556,10.222222222222223
E00130281,70,19,9,10,51,36,15,27.142857142857142,12.857142857142856,14.285714285714285,72.85714285714285,51.42857142857142,21.428571428571427
E00130282,175,55,20,35,120,95,25,31.428571428571427,11.428571428571429,20,68.57142857142857,54.285714285714285,14.285714285714285
E00130283,195,46,18,28,149,136,13,23.589743589743588,9.230769230769232,14.358974358974358,76.41025641025641,69.74358974358974,6.666666666666667
E00130284,159,46,19,27,113,93,20,28.930817610062892,11.949685534591195,16.9811320754717,71.0691823899371,58.490566037735846,12.578616352201259
E00130285,147,43,12,31,104,85,19,29.25170068027211,8.16326530612245,21.08843537414966,70.74829931972789,57.82312925170068,12.925170068027212
E00130286,151,54,17,37,97,85,12,35.76158940397351,11.258278145695364,24.503311258278146,64.23841059602648,56.29139072847682,7.9470198675496695
E00130288,141,47,14,33,94,80,14,33.33333333333333,9.929078014184398,23.404255319148938,66.66666666666666,56.73758865248227,9.929078014184398
E00130289,123,32,11,21,91,81,10,26.01626016260163,8.94308943089431,17.073170731707318,73.98373983739837,65.85365853658537,8.130081300813007
E00130290,161,43,14,29,118,104,14,26.70807453416149,8.695652173913043,18.012422360248447,73.29192546583852,64.59627329192547,8.695652173913043
E00130291,107,33,17,16,74,64,10,30.8411214953271,15.887850467289718,14.953271028037381,69.1588785046729,59.813084112149525,9.345794392523365
E00130292,75,18,8,10,57,49,8,24,10.666666666666668,13.333333333333334,76,65.33333333333333,10.666666666666668
E00130293,191,49,19,30,142,123,19,25.654450261780106,9.947643979057592,15.706806282722512,74.3455497382199,64.3979057591623,9.947643979057592
E00130294,101,30,12,18,71,62,9,29.7029702970297,11.881188118811881,17.82178217821782,70.29702970297029,61.386138613861384,8.91089108910891
E00130295,179,56,20,36,123,112,11,31.28491620111732,11.1731843575419,20.11173184357542,68.71508379888269,62.56983240223464,6.145251396648044
E00130296,164,50,17,33,114,103,11,30.48780487804878,10.365853658536585,20.121951219512198,69.51219512195121,62.80487804878049,6.707317073170732
E00130297,168,51,18,33,117,104,13,30.357142857142854,10.714285714285714,19.642857142857142,69.64285714285714,61.904761904761905,7.738095238095238
E00130298,142,46,7,39,96,85,11,32.3943661971831,4.929577464788732,27.464788732394368,67.6056338028169,59.859154929577464,7.746478873239436
E00130299,169,64,23,41,105,97,8,37.8698224852071,13.609467455621301,24.2603550295858,62.1301775147929,57.396449704142015,4.733727810650888
E00130300,150,42,13,29,108,102,6,28.000000000000004,8.666666666666668,19.333333333333332,72,68,4
E00130301,143,31,13,18,112,99,13,21.678321678321677,9.090909090909092,12.587412587412588,78.32167832167832,69.23076923076923,9.090909090909092
E00130302,153,43,12,31,110,100,10,28.104575163398692,7.8431372549019605,20.26143790849673,71.89542483660131,65.359477124183,6.535947712418301
E00130303,214,66,14,52,148,130,18,30.8411214953271,6.5420560747663545,24.299065420560748,69.1588785046729,60.747663551401864,8.411214953271028
E00130304,157,44,10,34,113,105,8,28.02547770700637,6.369426751592357,21.656050955414013,71.97452229299363,66.87898089171973,5.095541401273886
E00130305,211,55,16,39,156,140,16,26.066350710900476,7.5829383886255926,18.48341232227488,73.93364928909952,66.35071090047393,7.5829383886255926
E00130306,206,69,21,48,137,117,20,33.49514563106796,10.194174757281553,23.300970873786408,66.50485436893204,56.79611650485437,9.70873786407767
E00130307,132,46,19,27,86,74,12,34.84848484848485,14.393939393939394,20.454545454545457,65.15151515151516,56.060606060606055,9.090909090909092
E00130308,134,43,13,30,91,88,3,32.08955223880597,9.701492537313433,22.388059701492537,67.91044776119402,65.67164179104478,2.2388059701492535
E00130310,90,32,9,23,58,56,2,35.55555555555556,10,25.555555555555554,64.44444444444444,62.22222222222222,2.2222222222222223
E00130311,178,48,16,32,130,114,16,26.96629213483146,8.98876404494382,17.97752808988764,73.03370786516854,64.04494382022472,8.98876404494382
E00130312,168,49,15,34,119,111,8,29.166666666666668,8.928571428571429,20.238095238095237,70.83333333333334,66.07142857142857,4.761904761904762
E00130313,178,73,29,44,105,89,16,41.01123595505618,16.292134831460675,24.719101123595504,58.98876404494382,50,8.98876404494382
E00130314,181,63,22,41,118,99,19,34.806629834254146,12.154696132596685,22.65193370165746,65.19337016574586,54.69613259668509,10.497237569060774
E00130315,175,57,11,46,118,105,13,32.57142857142858,6.2857142857142865,26.285714285714285,67.42857142857143,60,7.428571428571429
E00130316,174,60,23,37,114,100,14,34.48275862068966,13.218390804597702,21.26436781609195,65.51724137931035,57.47126436781609,8.045977011494253
E00130317,111,30,11,19,81,68,13,27.027027027027028,9.90990990990991,17.117117117117118,72.97297297297297,61.261261261261254,11.711711711711711
E00130318,141,42,10,32,99,86,13,29.78723404255319,7.092198581560284,22.69503546099291,70.2127659574468,60.99290780141844,9.219858156028367
E00130319,213,68,23,45,145,132,13,31.92488262910798,10.7981220657277,21.12676056338028,68.07511737089203,61.97183098591549,6.103286384976526
E00130320,169,44,15,29,125,104,21,26.035502958579883,8.875739644970414,17.159763313609467,73.96449704142012,61.53846153846154,12.42603550295858
E00130321,215,65,19,46,150,140,10,30.23255813953488,8.837209302325581,21.3953488372093,69.76744186046511,65.11627906976744,4.651162790697675
E00130322,113,41,11,30,72,64,8,36.283185840707965,9.734513274336283,26.548672566371685,63.716814159292035,56.63716814159292,7.079646017699115
E00130323,157,55,8,47,102,89,13,35.03184713375796,5.095541401273886,29.936305732484076,64.96815286624204,56.68789808917197,8.280254777070063
E00130324,115,36,9,27,79,73,6,31.30434782608696,7.82608695652174,23.47826086956522,68.69565217391305,63.47826086956522,5.217391304347826
E00130325,141,44,13,31,97,82,15,31.20567375886525,9.219858156028367,21.98581560283688,68.79432624113475,58.156028368794324,10.638297872340425
E00130326,171,47,12,35,124,106,18,27.485380116959064,7.017543859649122,20.46783625730994,72.51461988304094,61.98830409356725,10.526315789473683
E00130327,143,45,12,33,98,81,17,31.46853146853147,8.391608391608392,23.076923076923077,68.53146853146853,56.64335664335665,11.888111888111888
E00130328,82,31,11,20,51,46,5,37.80487804878049,13.414634146341465,24.390243902439025,62.19512195121951,56.09756097560976,6.097560975609756
E00130329,158,43,11,32,115,106,9,27.21518987341772,6.962025316455696,20.253164556962027,72.78481012658227,67.08860759493672,5.69620253164557
E00130330,146,46,17,29,100,82,18,31.506849315068493,11.643835616438356,19.863013698630137,68.4931506849315,56.16438356164384,12.32876712328767
E00130331,85,23,5,18,62,55,7,27.058823529411764,5.88235294117647,21.176470588235293,72.94117647058823,64.70588235294117,8.235294117647058
E00130332,145,48,12,36,97,83,14,33.10344827586207,8.275862068965518,24.82758620689655,66.89655172413794,57.24137931034483,9.655172413793103
E00130333,237,64,18,46,173,154,19,27.004219409282697,7.59493670886076,19.40928270042194,72.9957805907173,64.9789029535865,8.016877637130802
E00130334,129,37,14,23,92,84,8,28.68217054263566,10.852713178294573,17.829457364341085,71.31782945736434,65.11627906976744,6.2015503875969
E00130336,40,14,5,9,26,24,2,35,12.5,22.5,65,60,5
E00130338,101,33,12,21,68,61,7,32.67326732673268,11.881188118811881,20.792079207920793,67.32673267326733,60.396039603960396,6.9306930693069315
E00130339,166,65,33,32,101,72,29,39.1566265060241,19.879518072289155,19.27710843373494,60.8433734939759,43.373493975903614,17.46987951807229
E00130340,122,41,16,25,81,62,19,33.60655737704918,13.114754098360656,20.491803278688526,66.39344262295081,50.81967213114754,15.573770491803279
E00130341,121,38,18,20,83,52,31,31.40495867768595,14.87603305785124,16.528925619834713,68.59504132231406,42.97520661157025,25.6198347107438
E00130342,136,39,21,18,97,79,18,28.676470588235293,15.441176470588236,13.23529411764706,71.32352941176471,58.08823529411765,13.23529411764706
E00130343,131,45,13,32,86,67,19,34.35114503816794,9.923664122137405,24.427480916030532,65.64885496183206,51.14503816793893,14.50381679389313
E00130344,167,55,19,36,112,95,17,32.93413173652694,11.377245508982035,21.55688622754491,67.06586826347305,56.886227544910184,10.179640718562874
E00130345,124,36,15,21,88,69,19,29.03225806451613,12.096774193548388,16.93548387096774,70.96774193548387,55.64516129032258,15.32258064516129
E00130346,129,45,20,25,84,62,22,34.883720930232556,15.503875968992247,19.379844961240313,65.11627906976744,48.06201550387597,17.05426356589147
E00130347,110,38,18,20,72,49,23,34.54545454545455,16.363636363636363,18.181818181818183,65.45454545454545,44.54545454545455,20.909090909090907
E00130349,84,26,6,20,58,48,10,30.952380952380953,7.142857142857142,23.809523809523807,69.04761904761905,57.14285714285714,11.904761904761903
E00130350,137,50,26,24,87,75,12,36.496350364963504,18.97810218978102,17.51824817518248,63.503649635036496,54.74452554744526,8.75912408759124
E00130351,123,44,22,22,79,72,7,35.77235772357724,17.88617886178862,17.88617886178862,64.22764227642277,58.536585365853654,5.691056910569105
E00130352,138,56,19,37,82,75,7,40.57971014492754,13.768115942028986,26.811594202898554,59.42028985507246,54.347826086956516,5.072463768115942
E00130353,196,61,19,42,135,121,14,31.122448979591837,9.693877551020408,21.428571428571427,68.87755102040816,61.73469387755102,7.142857142857142
E00130354,152,61,29,32,91,78,13,40.131578947368425,19.078947368421055,21.052631578947366,59.86842105263158,51.31578947368421,8.552631578947368
E00130356,307,223,177,46,84,74,10,72.63843648208469,57.65472312703584,14.983713355048861,27.36156351791531,24.104234527687296,3.257328990228013
E00130357,158,58,12,46,100,83,17,36.708860759493675,7.59493670886076,29.11392405063291,63.29113924050633,52.53164556962025,10.759493670886076
E00130359,70,22,8,14,48,40,8,31.428571428571427,11.428571428571429,20,68.57142857142857,57.14285714285714,11.428571428571429
E00130361,168,58,18,40,110,102,8,34.523809523809526,10.714285714285714,23.809523809523807,65.47619047619048,60.71428571428571,4.761904761904762
E00130362,160,52,16,36,108,95,13,32.5,10,22.5,67.5,59.375,8.125
E00130363,139,39,12,27,100,88,12,28.05755395683453,8.633093525179856,19.424460431654676,71.94244604316546,63.30935251798561,8.633093525179856
E00130365,78,28,11,17,50,47,3,35.8974358974359,14.102564102564102,21.794871794871796,64.1025641025641,60.256410256410255,3.8461538461538463
E00130366,42,16,4,12,26,23,3,38.095238095238095,9.523809523809524,28.57142857142857,61.904761904761905,54.761904761904766,7.142857142857142
E00130367,106,32,12,20,74,68,6,30.18867924528302,11.320754716981133,18.867924528301888,69.81132075471697,64.15094339622641,5.660377358490567
E00130368,99,28,7,21,71,61,10,28.28282828282828,7.07070707070707,21.21212121212121,71.71717171717171,61.61616161616161,10.1010101010101
E00130369,226,79,25,54,147,131,16,34.95575221238938,11.061946902654867,23.893805309734514,65.04424778761062,57.9646017699115,7.079646017699115
E00130370,131,40,8,32,91,78,13,30.53435114503817,6.106870229007633,24.427480916030532,69.46564885496184,59.541984732824424,9.923664122137405
E00130371,134,40,15,25,94,85,9,29.850746268656714,11.194029850746269,18.65671641791045,70.1492537313433,63.43283582089553,6.7164179104477615
E00130372,240,63,18,45,177,154,23,26.25,7.5,18.75,73.75,64.16666666666667,9.583333333333334
E00130373,197,48,15,33,149,130,19,24.36548223350254,7.614213197969544,16.751269035532996,75.63451776649747,65.98984771573603,9.644670050761421
E00130374,134,39,16,23,95,80,15,29.1044776119403,11.940298507462686,17.16417910447761,70.8955223880597,59.70149253731343,11.194029850746269
E00130375,83,26,12,14,57,48,9,31.32530120481928,14.457831325301203,16.867469879518072,68.67469879518072,57.831325301204814,10.843373493975903
E00130376,140,43,13,30,97,79,18,30.714285714285715,9.285714285714286,21.428571428571427,69.28571428571428,56.42857142857143,12.857142857142856
E00130377,131,35,12,23,96,81,15,26.717557251908396,9.16030534351145,17.557251908396946,73.2824427480916,61.832061068702295,11.450381679389313
E00130378,212,55,18,37,157,131,26,25.943396226415093,8.49056603773585,17.452830188679243,74.05660377358491,61.79245283018868,12.264150943396226
E00130379,161,51,15,36,110,94,16,31.67701863354037,9.316770186335404,22.36024844720497,68.32298136645963,58.38509316770186,9.937888198757763
E00130380,77,18,7,11,59,52,7,23.376623376623375,9.090909090909092,14.285714285714285,76.62337662337663,67.53246753246754,9.090909090909092
E00130381,137,38,10,28,99,86,13,27.73722627737226,7.2992700729927,20.437956204379564,72.26277372262774,62.77372262773723,9.48905109489051
E00130382,120,17,3,14,103,94,9,14.166666666666666,2.5,11.666666666666666,85.83333333333333,78.33333333333333,7.5
E00130383,96,23,6,17,73,70,3,23.958333333333336,6.25,17.708333333333336,76.04166666666666,72.91666666666666,3.125
E00130384,158,46,11,35,112,100,12,29.11392405063291,6.962025316455696,22.151898734177212,70.88607594936708,63.29113924050633,7.59493670886076
E00130385,141,34,8,26,107,90,17,24.113475177304963,5.673758865248227,18.439716312056735,75.88652482269504,63.829787234042556,12.056737588652481
E00130386,114,30,12,18,84,83,1,26.31578947368421,10.526315789473683,15.789473684210526,73.68421052631578,72.80701754385966,0.8771929824561403
E00130387,98,30,9,21,68,54,14,30.612244897959183,9.183673469387756,21.428571428571427,69.38775510204081,55.10204081632652,14.285714285714285
E00130388,148,38,15,23,110,98,12,25.675675675675674,10.135135135135135,15.54054054054054,74.32432432432432,66.21621621621621,8.108108108108109
E00130389,208,60,18,42,148,130,18,28.846153846153843,8.653846153846153,20.192307692307693,71.15384615384616,62.5,8.653846153846153
E00130390,135,44,9,35,91,79,12,32.592592592592595,6.666666666666667,25.925925925925924,67.4074074074074,58.51851851851851,8.88888888888889
E00130391,14,8,5,3,6,5,1,57.14285714285714,35.714285714285715,21.428571428571427,42.857142857142854,35.714285714285715,7.142857142857142
E00130392,173,50,10,40,123,109,14,28.901734104046245,5.780346820809249,23.121387283236995,71.09826589595376,63.005780346820806,8.092485549132949
E00130393,128,41,12,29,87,74,13,32.03125,9.375,22.65625,67.96875,57.8125,10.15625
E00130394,69,24,11,13,45,41,4,34.78260869565217,15.942028985507244,18.84057971014493,65.21739130434783,59.42028985507246,5.797101449275362
E00130395,94,31,13,18,63,52,11,32.97872340425532,13.829787234042554,19.148936170212767,67.02127659574468,55.319148936170215,11.702127659574469
E00130396,130,42,15,27,88,71,17,32.30769230769231,11.538461538461538,20.76923076923077,67.6923076923077,54.61538461538461,13.076923076923078
E00130397,167,53,20,33,114,104,10,31.736526946107784,11.976047904191617,19.760479041916167,68.26347305389223,62.27544910179641,5.9880239520958085
E00130398,175,47,11,36,128,112,16,26.857142857142858,6.2857142857142865,20.57142857142857,73.14285714285714,64,9.142857142857142
E00130399,268,79,31,48,189,175,14,29.47761194029851,11.567164179104477,17.91044776119403,70.52238805970148,65.29850746268657,5.223880597014925
E00130400,225,92,28,64,133,117,16,40.88888888888889,12.444444444444445,28.444444444444443,59.111111111111114,52,7.111111111111111
E00130401,92,27,10,17,65,57,8,29.347826086956523,10.869565217391305,18.478260869565215,70.65217391304348,61.95652173913043,8.695652173913043
E00130402,206,62,24,38,144,125,19,30.097087378640776,11.650485436893204,18.446601941747574,69.90291262135922,60.679611650485434,9.223300970873787
E00130404,90,29,11,18,61,58,3,32.22222222222222,12.222222222222221,20,67.77777777777779,64.44444444444444,3.3333333333333335
E00130405,87,23,9,14,64,56,8,26.436781609195403,10.344827586206897,16.091954022988507,73.5632183908046,64.36781609195403,9.195402298850574
E00130406,98,46,21,25,52,45,7,46.93877551020408,21.428571428571427,25.510204081632654,53.06122448979592,45.91836734693878,7.142857142857142
E00130407,237,58,18,40,179,157,22,24.47257383966245,7.59493670886076,16.877637130801688,75.52742616033755,66.24472573839662,9.282700421940929
E00130408,78,25,9,16,53,42,11,32.05128205128205,11.538461538461538,20.51282051282051,67.94871794871796,53.84615384615385,14.102564102564102
E00130409,147,41,17,24,106,90,16,27.89115646258503,11.564625850340136,16.3265306122449,72.10884353741497,61.224489795918366,10.884353741496598
E00130410,89,29,14,15,60,49,11,32.58426966292135,15.730337078651685,16.853932584269664,67.41573033707866,55.0561797752809,12.359550561797752
E00130411,125,39,9,30,86,78,8,31.2,7.199999999999999,24,68.8,62.4,6.4
E00130412,122,36,11,25,86,71,15,29.508196721311474,9.01639344262295,20.491803278688526,70.49180327868852,58.19672131147541,12.295081967213115
E00130413,138,40,8,32,98,89,9,28.985507246376812,5.797101449275362,23.18840579710145,71.01449275362319,64.4927536231884,6.521739130434782
E00130414,186,82,24,58,104,92,12,44.086021505376344,12.903225806451612,31.182795698924732,55.91397849462365,49.46236559139785,6.451612903225806
E00130415,112,36,13,23,76,66,10,32.142857142857146,11.607142857142858,20.535714285714285,67.85714285714286,58.92857142857143,8.928571428571429
E00130416,57,17,5,12,40,40,0,29.82456140350877,8.771929824561402,21.052631578947366,70.17543859649122,70.17543859649122,0
E00130417,154,62,21,41,92,84,8,40.25974025974026,13.636363636363635,26.623376623376622,59.74025974025974,54.54545454545454,5.194805194805195
E00130418,141,40,14,26,101,84,17,28.368794326241137,9.929078014184398,18.439716312056735,71.63120567375887,59.57446808510638,12.056737588652481
E00130419,139,49,13,36,90,77,13,35.25179856115108,9.352517985611511,25.899280575539567,64.74820143884892,55.39568345323741,9.352517985611511
E00130420,213,76,32,44,137,122,15,35.68075117370892,15.023474178403756,20.657276995305164,64.31924882629107,57.27699530516433,7.042253521126761
E00130421,258,78,26,52,180,159,21,30.23255813953488,10.077519379844961,20.155038759689923,69.76744186046511,61.627906976744185,8.13953488372093
E00130422,93,31,9,22,62,52,10,33.33333333333333,9.67741935483871,23.655913978494624,66.66666666666666,55.91397849462365,10.75268817204301
E00130423,281,92,26,66,189,165,24,32.74021352313167,9.252669039145907,23.487544483985765,67.25978647686833,58.718861209964416,8.540925266903916
E00130424,149,33,14,19,116,107,9,22.14765100671141,9.395973154362416,12.751677852348994,77.85234899328859,71.81208053691275,6.0402684563758395
E00130425,195,61,26,35,134,115,19,31.28205128205128,13.333333333333334,17.94871794871795,68.71794871794872,58.97435897435898,9.7435897435897445
E00130426,266,88,30,58,178,164,14,33.08270676691729,11.278195488721805,21.804511278195488,66.9172932330827,61.65413533834586,5.263157894736842
E00130427,114,49,17,32,65,56,9,42.98245614035088,14.912280701754385,28.07017543859649,57.01754385964912,49.122807017543856,7.894736842105263
E00130428,104,34,15,19,70,61,9,32.69230769230769,14.423076923076922,18.269230769230766,67.3076923076923,58.65384615384615,8.653846153846153
E00130430,163,50,19,31,113,104,9,30.67484662576687,11.65644171779141,19.018404907975462,69.32515337423312,63.80368098159509,5.521472392638037
E00130431,136,43,15,28,93,83,10,31.61764705882353,11.029411764705882,20.588235294117645,68.38235294117648,61.029411764705884,7.352941176470589
E00130433,164,43,13,30,121,107,14,26.21951219512195,7.926829268292683,18.29268292682927,73.78048780487805,65.2439024390244,8.536585365853659
E00130434,236,89,30,59,147,123,24,37.71186440677966,12.711864406779661,25,62.28813559322034,52.118644067796616,10.16949152542373
E00130435,70,29,12,17,41,40,1,41.42857142857143,17.142857142857142,24.285714285714285,58.57142857142858,57.14285714285714,1.4285714285714286
E00130436,102,27,7,20,75,65,10,26.47058823529412,6.862745098039216,19.607843137254903,73.52941176470588,63.725490196078425,9.803921568627452
E00130437,100,26,7,19,74,69,5,26,7.000000000000001,19,74,69,5
E00130438,123,35,11,24,88,78,10,28.455284552845526,8.94308943089431,19.51219512195122,71.54471544715447,63.41463414634146,8.130081300813007
E00130439,134,36,11,25,98,82,16,26.865671641791046,8.208955223880597,18.65671641791045,73.13432835820896,61.19402985074627,11.940298507462686
E00130441,86,30,12,18,56,50,6,34.883720930232556,13.953488372093023,20.930232558139537,65.11627906976744,58.139534883720934,6.976744186046512
E00130442,74,28,11,17,46,34,12,37.83783783783784,14.864864864864865,22.972972972972975,62.16216216216216,45.94594594594595,16.216216216216218
E00130443,115,40,18,22,75,69,6,34.78260869565217,15.65217391304348,19.130434782608695,65.21739130434783,60,5.217391304347826
E00130444,128,36,11,25,92,80,12,28.125,8.59375,19.53125,71.875,62.5,9.375
E00130445,95,33,14,19,62,51,11,34.73684210526316,14.736842105263156,20,65.26315789473685,53.68421052631579,11.578947368421053
E00130447,179,56,21,35,123,98,25,31.28491620111732,11.731843575418994,19.553072625698324,68.71508379888269,54.7486033519553,13.966480446927374
E00130448,186,66,20,46,120,90,30,35.483870967741936,10.75268817204301,24.731182795698924,64.51612903225806,48.38709677419355,16.129032258064516
E00130449,82,20,4,16,62,54,8,24.390243902439025,4.878048780487805,19.51219512195122,75.60975609756098,65.85365853658537,9.75609756097561
E00130450,143,48,17,31,95,90,5,33.56643356643357,11.888111888111888,21.678321678321677,66.43356643356644,62.93706293706294,3.4965034965034967
E00130451,205,86,46,40,119,96,23,41.951219512195124,22.439024390243905,19.51219512195122,58.048780487804876,46.82926829268293,11.219512195121952
E00130452,130,47,17,30,83,71,12,36.15384615384615,13.076923076923078,23.076923076923077,63.84615384615384,54.61538461538461,9.230769230769232
E00130453,158,46,16,30,112,85,27,29.11392405063291,10.126582278481013,18.9873417721519,70.88607594936708,53.79746835443038,17.088607594936708
E00130454,135,51,16,35,84,73,11,37.77777777777778,11.851851851851853,25.925925925925924,62.22222222222222,54.074074074074076,8.148148148148149
E00130455,134,50,23,27,84,69,15,37.3134328358209,17.16417910447761,20.149253731343283,62.68656716417911,51.49253731343284,11.194029850746269
E00130456,73,26,9,17,47,43,4,35.61643835616438,12.32876712328767,23.28767123287671,64.38356164383562,58.9041095890411,5.47945205479452
E00130457,118,43,7,36,75,63,12,36.440677966101696,5.932203389830509,30.508474576271187,63.559322033898304,53.38983050847458,10.16949152542373
E00130458,175,41,17,24,134,106,28,23.42857142857143,9.714285714285714,13.714285714285715,76.57142857142857,60.57142857142858,16
E00130459,105,27,10,17,78,68,10,25.71428571428571,9.523809523809524,16.19047619047619,74.28571428571429,64.76190476190476,9.523809523809524
E00130460,104,37,14,23,67,49,18,35.57692307692308,13.461538461538462,22.115384615384613,64.42307692307693,47.11538461538461,17.307692307692307
E00130461,113,42,12,30,71,59,12,37.16814159292036,10.619469026548673,26.548672566371685,62.83185840707964,52.21238938053098,10.619469026548673
E00130462,115,39,15,24,76,66,10,33.91304347826087,13.043478260869565,20.869565217391305,66.08695652173913,57.391304347826086,8.695652173913043
E00130463,164,59,23,36,105,86,19,35.97560975609756,14.02439024390244,21.951219512195124,64.02439024390245,52.4390243902439,11.585365853658537
E00130464,100,31,6,25,69,59,10,31,6,25,69,59,10
E00130465,131,42,20,22,89,74,15,32.06106870229007,15.267175572519085,16.793893129770993,67.93893129770993,56.48854961832062,11.450381679389313
E00130466,136,45,23,22,91,72,19,33.088235294117645,16.911764705882355,16.176470588235293,66.91176470588235,52.94117647058824,13.970588235294118
E00130467,170,47,15,32,123,111,12,27.647058823529413,8.823529411764707,18.823529411764707,72.35294117647058,65.29411764705883,7.0588235294117645
E00130468,249,78,18,60,171,151,20,31.32530120481928,7.228915662650602,24.096385542168676,68.67469879518072,60.6425702811245,8.032128514056225
E00130469,182,65,23,42,117,101,16,35.714285714285715,12.637362637362637,23.076923076923077,64.28571428571429,55.494505494505496,8.791208791208792
E00130470,119,44,15,29,75,67,8,36.97478991596639,12.605042016806722,24.369747899159663,63.02521008403361,56.30252100840336,6.722689075630252
E00130471,133,55,17,38,78,66,12,41.35338345864661,12.781954887218044,28.57142857142857,58.64661654135338,49.62406015037594,9.022556390977442
E00130472,212,81,34,47,131,102,29,38.20754716981132,16.037735849056602,22.169811320754718,61.79245283018868,48.113207547169814,13.679245283018867
E00130473,149,50,14,36,99,82,17,33.557046979865774,9.395973154362416,24.161073825503358,66.44295302013423,55.033557046979865,11.409395973154362
E00130475,183,53,18,35,130,119,11,28.96174863387978,9.836065573770492,19.12568306010929,71.03825136612022,65.02732240437157,6.0109289617486334
E00130476,155,36,12,24,119,99,20,23.225806451612904,7.741935483870968,15.483870967741936,76.77419354838709,63.87096774193548,12.903225806451612
E00130478,119,40,13,27,79,66,13,33.61344537815126,10.92436974789916,22.689075630252102,66.38655462184873,55.46218487394958,10.92436974789916
E00130480,140,32,12,20,108,88,20,22.857142857142858,8.571428571428571,14.285714285714285,77.14285714285715,62.857142857142854,14.285714285714285
E00130481,81,31,8,23,50,43,7,38.2716049382716,9.876543209876543,28.39506172839506,61.72839506172839,53.086419753086425,8.641975308641975
E00130482,188,39,9,30,149,129,20,20.74468085106383,4.787234042553192,15.957446808510639,79.25531914893617,68.61702127659575,10.638297872340425
E00130483,151,54,25,29,97,87,10,35.76158940397351,16.55629139072848,19.205298013245034,64.23841059602648,57.615894039735096,6.622516556291391
E00130484,121,37,14,23,84,70,14,30.57851239669421,11.570247933884298,19.00826446280992,69.42148760330579,57.85123966942148,11.570247933884298
E00130485,168,50,13,37,118,103,15,29.761904761904763,7.738095238095238,22.023809523809522,70.23809523809523,61.30952380952381,8.928571428571429
E00130486,126,57,15,42,69,59,10,45.23809523809524,11.904761904761903,33.33333333333333,54.761904761904766,46.82539682539682,7.936507936507936
E00130487,82,50,36,14,32,31,1,60.97560975609756,43.90243902439025,17.073170731707318,39.02439024390244,37.80487804878049,1.2195121951219512
E00130489,117,68,37,31,49,38,11,58.119658119658126,31.62393162393162,26.495726495726498,41.88034188034188,32.47863247863248,9.401709401709402
E00130491,98,30,11,19,68,55,13,30.612244897959183,11.224489795918368,19.387755102040817,69.38775510204081,56.12244897959183,13.26530612244898
E00130492,150,40,8,32,110,96,14,26.666666666666668,5.333333333333334,21.333333333333336,73.33333333333333,64,9.333333333333334
E00130493,151,70,37,33,81,70,11,46.35761589403973,24.503311258278146,21.85430463576159,53.64238410596026,46.35761589403973,7.28476821192053
E00130495,159,63,28,35,96,91,5,39.62264150943396,17.61006289308176,22.0125786163522,60.37735849056604,57.23270440251572,3.1446540880503147
E00130496,132,42,24,18,90,76,14,31.818181818181817,18.181818181818183,13.636363636363635,68.18181818181817,57.57575757575758,10.606060606060606
E00130497,144,41,18,23,103,80,23,28.47222222222222,12.5,15.972222222222221,71.52777777777779,55.55555555555556,15.972222222222221
E00130498,72,31,6,25,41,33,8,43.05555555555556,8.333333333333332,34.72222222222222,56.94444444444444,45.83333333333333,11.11111111111111
E00130499,143,35,9,26,108,88,20,24.475524475524477,6.293706293706294,18.181818181818183,75.52447552447552,61.53846153846154,13.986013986013987
E00130500,120,44,17,27,76,65,11,36.666666666666664,14.166666666666666,22.5,63.33333333333333,54.166666666666664,9.166666666666666
E00130501,156,55,20,35,101,83,18,35.256410256410255,12.82051282051282,22.435897435897438,64.74358974358975,53.205128205128204,11.538461538461538
E00130502,148,80,41,39,68,56,12,54.054054054054056,27.7027027027027,26.351351351351347,45.94594594594595,37.83783783783784,8.108108108108109
E00130503,88,38,24,14,50,38,12,43.18181818181818,27.27272727272727,15.909090909090908,56.81818181818182,43.18181818181818,13.636363636363635
E00130505,109,54,39,15,55,50,5,49.54128440366973,35.77981651376147,13.761467889908257,50.45871559633027,45.87155963302752,4.587155963302752
E00130506,48,18,6,12,30,24,6,37.5,12.5,25,62.5,50,12.5
E00130507,127,35,12,23,92,83,9,27.559055118110237,9.448818897637794,18.11023622047244,72.44094488188976,65.35433070866141,7.086614173228346
E00130508,138,37,15,22,101,90,11,26.811594202898554,10.869565217391305,15.942028985507244,73.18840579710145,65.21739130434783,7.971014492753622
E00130509,114,37,9,28,77,66,11,32.45614035087719,7.894736842105263,24.561403508771928,67.54385964912281,57.89473684210527,9.649122807017543
E00130510,73,33,15,18,40,37,3,45.20547945205479,20.54794520547945,24.65753424657534,54.794520547945204,50.68493150684932,4.10958904109589
E00130511,112,25,7,18,87,72,15,22.321428571428573,6.25,16.071428571428573,77.67857142857143,64.28571428571429,13.392857142857142
E00130512,192,81,43,38,111,96,15,42.1875,22.395833333333336,19.791666666666664,57.8125,50,7.8125
E00130513,105,30,4,26,75,67,8,28.57142857142857,3.8095238095238098,24.761904761904763,71.42857142857143,63.8095238095238,7.6190476190476195
E00130514,132,39,8,31,93,83,10,29.545454545454547,6.0606060606060606,23.484848484848484,70.45454545454545,62.878787878787875,7.575757575757576
E00130515,135,38,17,21,97,77,20,28.14814814814815,12.592592592592592,15.555555555555555,71.85185185185186,57.03703703703704,14.814814814814813
E00130516,140,56,41,15,84,77,7,40,29.28571428571429,10.714285714285714,60,55.00000000000001,5
E00130517,105,49,37,12,56,53,3,46.666666666666664,35.23809523809524,11.428571428571429,53.333333333333336,50.476190476190474,2.857142857142857
E00130518,109,44,20,24,65,60,5,40.36697247706422,18.34862385321101,22.018348623853214,59.63302752293578,55.04587155963303,4.587155963302752
E00130519,105,21,11,10,84,70,14,20,10.476190476190476,9.523809523809524,80,66.66666666666666,13.333333333333334
E00130521,176,48,12,36,128,121,7,27.27272727272727,6.8181818181818175,20.454545454545457,72.72727272727273,68.75,3.977272727272727
E00130522,165,52,15,37,113,102,11,31.515151515151512,9.090909090909092,22.424242424242426,68.48484848484848,61.81818181818181,6.666666666666667
E00130524,151,49,15,34,102,88,14,32.450331125827816,9.933774834437086,22.516556291390728,67.54966887417218,58.27814569536424,9.271523178807946
E00130525,212,53,16,37,159,136,23,25,7.547169811320755,17.452830188679243,75,64.15094339622641,10.849056603773585
E00130526,108,28,9,19,80,71,9,25.925925925925924,8.333333333333332,17.59259259259259,74.07407407407408,65.74074074074075,8.333333333333332
E00130527,204,48,7,41,156,141,15,23.52941176470588,3.431372549019608,20.098039215686274,76.47058823529412,69.11764705882352,7.352941176470589
E00130528,225,48,18,30,177,150,27,21.333333333333336,8,13.333333333333334,78.66666666666666,66.66666666666666,12
E00130529,165,45,17,28,120,99,21,27.27272727272727,10.303030303030303,16.969696969696972,72.72727272727273,60,12.727272727272727
E00130530,214,71,25,46,143,119,24,33.177570093457945,11.682242990654206,21.49532710280374,66.82242990654206,55.60747663551402,11.214953271028037
E00130531,140,33,10,23,107,94,13,23.57142857142857,7.142857142857142,16.428571428571427,76.42857142857142,67.14285714285714,9.285714285714286
E00130532,159,48,22,26,111,95,16,30.18867924528302,13.836477987421384,16.352201257861633,69.81132075471697,59.74842767295597,10.062893081761008
E00130533,142,42,14,28,100,92,8,29.577464788732392,9.859154929577464,19.718309859154928,70.4225352112676,64.7887323943662,5.633802816901409
E00130534,84,33,13,20,51,40,11,39.285714285714285,15.476190476190476,23.809523809523807,60.71428571428571,47.61904761904761,13.095238095238097
E00130535,157,46,14,32,111,99,12,29.29936305732484,8.9171974522293,20.382165605095544,70.70063694267516,63.05732484076433,7.643312101910828
E00130536,123,44,16,28,79,67,12,35.77235772357724,13.008130081300814,22.76422764227642,64.22764227642277,54.47154471544715,9.75609756097561
E00130537,129,53,22,31,76,64,12,41.08527131782946,17.05426356589147,24.031007751937985,58.91472868217055,49.6124031007752,9.30232558139535
E00130538,205,52,16,36,153,127,26,25.365853658536587,7.804878048780488,17.560975609756095,74.63414634146342,61.951219512195124,12.682926829268293
E00130539,47,17,6,11,30,24,6,36.17021276595745,12.76595744680851,23.404255319148938,63.829787234042556,51.06382978723404,12.76595744680851
E00130540,115,25,8,17,90,75,15,21.73913043478261,6.956521739130435,14.782608695652174,78.26086956521739,65.21739130434783,13.043478260869565
E00130541,100,40,12,28,60,56,4,40,12,28.000000000000004,60,56.00000000000001,4
E00130542,121,29,3,26,92,83,9,23.96694214876033,2.479338842975207,21.487603305785125,76.03305785123968,68.59504132231406,7.43801652892562
E00130543,144,44,18,26,100,81,19,30.555555555555557,12.5,18.055555555555554,69.44444444444444,56.25,13.194444444444445
E00130545,163,54,20,34,109,88,21,33.12883435582822,12.269938650306749,20.858895705521473,66.87116564417178,53.987730061349694,12.883435582822086
E00130546,124,38,10,28,86,77,9,30.64516129032258,8.064516129032258,22.58064516129032,69.35483870967742,62.096774193548384,7.258064516129033
E00130547,141,44,14,30,97,83,14,31.20567375886525,9.929078014184398,21.27659574468085,68.79432624113475,58.86524822695035,9.929078014184398
E00130548,133,40,17,23,93,83,10,30.075187969924812,12.781954887218044,17.293233082706767,69.92481203007519,62.40601503759399,7.518796992481203
E00130549,129,41,10,31,88,76,12,31.782945736434108,7.751937984496124,24.031007751937985,68.21705426356588,58.91472868217055,9.30232558139535
E00130550,319,95,31,64,224,197,27,29.780564263322884,9.717868338557993,20.06269592476489,70.21943573667711,61.75548589341693,8.463949843260188
E00130551,107,28,6,22,79,69,10,26.168224299065418,5.607476635514018,20.5607476635514,73.83177570093457,64.48598130841121,9.345794392523365
E00130553,137,39,16,23,98,72,26,28.467153284671532,11.678832116788321,16.78832116788321,71.53284671532847,52.55474452554745,18.97810218978102
E00130554,157,39,11,28,118,107,11,24.840764331210192,7.006369426751593,17.8343949044586,75.15923566878982,68.15286624203821,7.006369426751593
E00130555,215,58,15,43,157,126,31,26.976744186046513,6.976744186046512,20,73.0232558139535,58.6046511627907,14.418604651162791
E00130556,159,44,14,30,115,99,16,27.67295597484277,8.80503144654088,18.867924528301888,72.32704402515722,62.264150943396224,10.062893081761008
E00130557,164,48,16,32,116,97,19,29.268292682926827,9.75609756097561,19.51219512195122,70.73170731707317,59.14634146341463,11.585365853658537
E00130558,178,58,24,34,120,93,27,32.58426966292135,13.48314606741573,19.101123595505616,67.41573033707866,52.24719101123596,15.168539325842698
E00130560,188,56,28,28,132,107,25,29.78723404255319,14.893617021276595,14.893617021276595,70.2127659574468,56.91489361702128,13.297872340425531
E00130561,244,67,31,36,177,146,31,27.459016393442624,12.704918032786885,14.754098360655737,72.54098360655738,59.83606557377049,12.704918032786885
E00130562,145,55,17,38,90,70,20,37.93103448275862,11.724137931034482,26.20689655172414,62.06896551724138,48.275862068965516,13.793103448275861
E00130563,152,53,16,37,99,83,16,34.868421052631575,10.526315789473683,24.342105263157894,65.13157894736842,54.60526315789473,10.526315789473683
E00130564,117,39,14,25,78,67,11,33.33333333333333,11.965811965811966,21.367521367521366,66.66666666666666,57.26495726495726,9.401709401709402
E00130565,169,49,21,28,120,103,17,28.994082840236686,12.42603550295858,16.56804733727811,71.00591715976331,60.946745562130175,10.059171597633137
E00130566,159,50,13,37,109,96,13,31.446540880503143,8.176100628930817,23.270440251572328,68.55345911949685,60.37735849056604,8.176100628930817
E00130567,172,54,18,36,118,99,19,31.3953488372093,10.465116279069768,20.930232558139537,68.6046511627907,57.55813953488372,11.046511627906977
E00130568,147,51,26,25,96,77,19,34.69387755102041,17.687074829931973,17.006802721088434,65.3061224489796,52.38095238095239,12.925170068027212
E00130569,96,31,12,19,65,59,6,32.29166666666667,12.5,19.791666666666664,67.70833333333334,61.458333333333336,6.25
E00130570,106,23,6,17,83,69,14,21.69811320754717,5.660377358490567,16.037735849056602,78.30188679245283,65.09433962264151,13.20754716981132
E00130571,116,24,8,16,92,75,17,20.689655172413794,6.896551724137931,13.793103448275861,79.3103448275862,64.65517241379311,14.655172413793101
E00130572,129,45,18,27,84,64,20,34.883720930232556,13.953488372093023,20.930232558139537,65.11627906976744,49.6124031007752,15.503875968992247
E00130573,178,50,18,32,128,99,29,28.08988764044944,10.112359550561797,17.97752808988764,71.91011235955057,55.61797752808989,16.292134831460675
E00130574,186,60,22,38,126,96,30,32.25806451612903,11.827956989247312,20.43010752688172,67.74193548387096,51.61290322580645,16.129032258064516
E00130576,159,43,23,20,116,100,16,27.044025157232703,14.465408805031446,12.578616352201259,72.95597484276729,62.893081761006286,10.062893081761008
E00130577,263,87,24,63,176,148,28,33.07984790874524,9.125475285171103,23.954372623574145,66.92015209125475,56.27376425855514,10.646387832699618
E00130578,110,38,18,20,72,57,15,34.54545454545455,16.363636363636363,18.181818181818183,65.45454545454545,51.81818181818182,13.636363636363635
E00130579,234,69,21,48,165,125,40,29.48717948717949,8.974358974358974,20.51282051282051,70.51282051282051,53.41880341880342,17.094017094017094
E00130581,168,56,21,35,112,85,27,33.33333333333333,12.5,20.833333333333336,66.66666666666666,50.595238095238095,16.071428571428573
E00130583,238,72,23,49,166,133,33,30.252100840336134,9.663865546218489,20.588235294117645,69.74789915966386,55.88235294117647,13.865546218487395
E00130584,98,32,12,20,66,52,14,32.6530612244898,12.244897959183673,20.408163265306122,67.3469387755102,53.06122448979592,14.285714285714285
E00130585,133,41,14,27,92,80,12,30.82706766917293,10.526315789473683,20.30075187969925,69.17293233082707,60.150375939849624,9.022556390977442
E00130586,254,74,24,50,180,153,27,29.133858267716533,9.448818897637794,19.68503937007874,70.86614173228347,60.23622047244095,10.62992125984252
E00130587,100,30,13,17,70,46,24,30,13,17,70,46,24
E00130588,129,37,17,20,92,67,25,28.68217054263566,13.178294573643413,15.503875968992247,71.31782945736434,51.93798449612403,19.379844961240313
E00130589,111,35,16,19,76,67,9,31.53153153153153,14.414414414414415,17.117117117117118,68.46846846846847,60.36036036036037,8.108108108108109
E00130590,138,47,12,35,91,75,16,34.05797101449276,8.695652173913043,25.36231884057971,65.94202898550725,54.347826086956516,11.594202898550725
E00130591,127,41,11,30,86,64,22,32.28346456692913,8.661417322834646,23.62204724409449,67.71653543307087,50.39370078740157,17.322834645669293
E00130592,136,40,16,24,96,77,19,29.411764705882355,11.76470588235294,17.647058823529413,70.58823529411765,56.61764705882353,13.970588235294118
E00130593,195,43,19,24,152,132,20,22.05128205128205,9.7435897435897445,12.307692307692308,77.94871794871796,67.6923076923077,10.256410256410255
E00130594,114,31,13,18,83,60,23,27.192982456140353,11.403508771929824,15.789473684210526,72.80701754385966,52.63157894736842,20.175438596491226
E00130595,133,41,15,26,92,81,11,30.82706766917293,11.278195488721805,19.548872180451127,69.17293233082707,60.902255639097746,8.270676691729323
E00130596,119,34,14,20,85,69,16,28.57142857142857,11.76470588235294,16.80672268907563,71.42857142857143,57.98319327731093,13.445378151260504
E00130597,189,46,17,29,143,111,32,24.33862433862434,8.994708994708994,15.343915343915343,75.66137566137566,58.730158730158735,16.93121693121693
E00130598,151,39,15,24,112,105,7,25.82781456953642,9.933774834437086,15.894039735099339,74.17218543046357,69.5364238410596,4.635761589403973
E00130599,156,34,14,20,122,108,14,21.794871794871796,8.974358974358974,12.82051282051282,78.2051282051282,69.23076923076923,8.974358974358974
E00130600,159,36,8,28,123,104,19,22.641509433962266,5.031446540880504,17.61006289308176,77.35849056603774,65.40880503144653,11.949685534591195
E00130601,147,46,16,30,101,88,13,31.292517006802722,10.884353741496598,20.408163265306122,68.70748299319727,59.863945578231295,8.843537414965986
E00130602,109,38,10,28,71,60,11,34.862385321100916,9.174311926605505,25.688073394495415,65.13761467889908,55.04587155963303,10.091743119266056
E00130603,171,48,19,29,123,112,11,28.07017543859649,11.11111111111111,16.95906432748538,71.9298245614035,65.49707602339181,6.432748538011696
E00130604,121,25,8,17,96,83,13,20.66115702479339,6.6115702479338845,14.049586776859504,79.33884297520662,68.59504132231406,10.743801652892563
E00130605,130,29,7,22,101,83,18,22.30769230769231,5.384615384615385,16.923076923076923,77.6923076923077,63.84615384615384,13.846153846153847
E00130606,166,52,13,39,114,96,18,31.32530120481928,7.83132530120482,23.49397590361446,68.67469879518072,57.831325301204814,10.843373493975903
E00130607,157,58,14,44,99,78,21,36.94267515923567,8.9171974522293,28.02547770700637,63.05732484076433,49.681528662420384,13.375796178343949
E00130608,184,64,26,38,120,108,12,34.78260869565217,14.130434782608695,20.652173913043477,65.21739130434783,58.69565217391305,6.521739130434782
E00130609,142,41,15,26,101,93,8,28.87323943661972,10.56338028169014,18.30985915492958,71.12676056338029,65.49295774647888,5.633802816901409
E00130610,99,26,5,21,73,66,7,26.262626262626267,5.05050505050505,21.21212121212121,73.73737373737373,66.66666666666666,7.07070707070707
E00130611,164,37,7,30,127,109,18,22.5609756097561,4.2682926829268295,18.29268292682927,77.4390243902439,66.46341463414635,10.975609756097562
E00130612,155,34,17,17,121,109,12,21.935483870967744,10.967741935483872,10.967741935483872,78.06451612903226,70.3225806451613,7.741935483870968
E00130613,132,35,7,28,97,85,12,26.515151515151516,5.303030303030303,21.21212121212121,73.48484848484848,64.39393939393939,9.090909090909092
E00130615,236,74,26,48,162,144,18,31.35593220338983,11.016949152542372,20.33898305084746,68.64406779661016,61.016949152542374,7.627118644067797
E00130616,140,48,12,36,92,77,15,34.285714285714285,8.571428571428571,25.71428571428571,65.71428571428571,55.00000000000001,10.714285714285714
E00130617,142,42,12,30,100,90,10,29.577464788732392,8.450704225352112,21.12676056338028,70.4225352112676,63.38028169014085,7.042253521126761
E00130618,99,29,9,20,70,61,9,29.292929292929294,9.090909090909092,20.2020202020202,70.70707070707071,61.61616161616161,9.090909090909092
E00130620,133,43,18,25,90,76,14,32.33082706766917,13.533834586466165,18.796992481203006,67.66917293233082,57.14285714285714,10.526315789473683
E00130621,155,48,11,37,107,96,11,30.967741935483872,7.096774193548387,23.870967741935484,69.03225806451613,61.935483870967744,7.096774193548387
E00130622,117,32,6,26,85,74,11,27.350427350427353,5.128205128205128,22.22222222222222,72.64957264957265,63.24786324786324,9.401709401709402
E00130624,238,60,22,38,178,153,25,25.210084033613445,9.243697478991598,15.966386554621847,74.78991596638656,64.28571428571429,10.504201680672269
E00130625,143,44,8,36,99,80,19,30.76923076923077,5.594405594405594,25.174825174825177,69.23076923076923,55.94405594405595,13.286713286713287
E00130626,125,36,16,20,89,70,19,28.799999999999997,12.8,16,71.2,56.00000000000001,15.2
E00130628,262,69,14,55,193,170,23,26.33587786259542,5.343511450381679,20.99236641221374,73.66412213740458,64.8854961832061,8.778625954198473
E00130629,110,19,6,13,91,76,15,17.272727272727273,5.454545454545454,11.818181818181818,82.72727272727273,69.0909090909091,13.636363636363635
E00130630,209,60,13,47,149,134,15,28.708133971291865,6.220095693779904,22.48803827751196,71.29186602870813,64.11483253588517,7.177033492822966
E00130631,139,40,15,25,99,86,13,28.776978417266186,10.79136690647482,17.985611510791365,71.22302158273382,61.87050359712231,9.352517985611511
E00130632,125,36,5,31,89,79,10,28.799999999999997,4,24.8,71.2,63.2,8
E00130633,137,35,14,21,102,92,10,25.547445255474454,10.218978102189782,15.328467153284672,74.45255474452554,67.15328467153284,7.2992700729927
E00130634,102,39,18,21,63,56,7,38.23529411764706,17.647058823529413,20.588235294117645,61.76470588235294,54.90196078431373,6.862745098039216
E00130635,146,36,18,18,110,91,19,24.65753424657534,12.32876712328767,12.32876712328767,75.34246575342466,62.328767123287676,13.013698630136986
E00130636,154,42,14,28,112,96,16,27.27272727272727,9.090909090909092,18.181818181818183,72.72727272727273,62.33766233766234,10.38961038961039
E00130637,146,36,8,28,110,94,16,24.65753424657534,5.47945205479452,19.17808219178082,75.34246575342466,64.38356164383562,10.95890410958904
E00130638,156,47,17,30,109,94,15,30.128205128205128,10.897435897435898,19.230769230769234,69.87179487179486,60.256410256410255,9.615384615384617
E00130639,228,66,21,45,162,145,17,28.947368421052634,9.210526315789473,19.736842105263158,71.05263157894737,63.59649122807017,7.456140350877193
E00130640,140,33,8,25,107,93,14,23.57142857142857,5.714285714285714,17.857142857142858,76.42857142857142,66.42857142857143,10
E00130641,153,49,17,32,104,92,12,32.02614379084967,11.11111111111111,20.915032679738562,67.97385620915033,60.130718954248366,7.8431372549019605
E00130642,269,73,22,51,196,165,31,27.137546468401485,8.178438661710038,18.95910780669145,72.86245353159852,61.33828996282528,11.524163568773234
E00130643,173,49,17,32,124,108,16,28.32369942196532,9.826589595375722,18.497109826589593,71.67630057803468,62.42774566473989,9.248554913294797
E00130644,158,45,12,33,113,95,18,28.48101265822785,7.59493670886076,20.88607594936709,71.51898734177216,60.12658227848101,11.39240506329114
E00130645,281,74,19,55,207,178,29,26.334519572953734,6.761565836298933,19.572953736654807,73.66548042704626,63.345195729537366,10.320284697508896
E00130647,76,24,9,15,52,47,5,31.57894736842105,11.842105263157894,19.736842105263158,68.42105263157895,61.8421052631579,6.578947368421052
E00130648,218,58,18,40,160,135,25,26.605504587155966,8.256880733944955,18.34862385321101,73.39449541284404,61.92660550458715,11.46788990825688
E00130649,288,70,18,52,218,192,26,24.305555555555554,6.25,18.055555555555554,75.69444444444444,66.66666666666666,9.027777777777777
E00130650,163,46,7,39,117,95,22,28.22085889570552,4.294478527607362,23.92638036809816,71.77914110429448,58.282208588957054,13.496932515337424
E00130651,149,55,14,41,94,84,10,36.91275167785235,9.395973154362416,27.516778523489933,63.08724832214765,56.375838926174495,6.7114093959731544
E00130652,139,42,10,32,97,79,18,30.215827338129497,7.1942446043165464,23.021582733812952,69.7841726618705,56.83453237410072,12.949640287769784
E00130653,151,49,21,28,102,87,15,32.450331125827816,13.90728476821192,18.543046357615893,67.54966887417218,57.615894039735096,9.933774834437086
E00130654,257,66,16,50,191,167,24,25.680933852140075,6.22568093385214,19.45525291828794,74.31906614785993,64.98054474708171,9.33852140077821
E00130655,165,53,15,38,112,96,16,32.121212121212125,9.090909090909092,23.03030303030303,67.87878787878789,58.18181818181818,9.696969696969697
E00130656,157,33,8,25,124,109,15,21.019108280254777,5.095541401273886,15.92356687898089,78.98089171974523,69.42675159235668,9.554140127388536
E00130658,133,41,12,29,92,80,12,30.82706766917293,9.022556390977442,21.804511278195488,69.17293233082707,60.150375939849624,9.022556390977442
E00130659,170,48,14,34,122,109,13,28.235294117647058,8.235294117647058,20,71.76470588235294,64.11764705882354,7.647058823529412
E00130661,286,69,22,47,217,193,24,24.125874125874127,7.6923076923076925,16.433566433566433,75.87412587412588,67.48251748251748,8.391608391608392
E00130662,133,47,18,29,86,78,8,35.338345864661655,13.533834586466165,21.804511278195488,64.66165413533834,58.64661654135338,6.015037593984962
E00130663,172,52,19,33,120,111,9,30.23255813953488,11.046511627906977,19.186046511627907,69.76744186046511,64.53488372093024,5.232558139534884
E00130664,115,34,8,26,81,68,13,29.565217391304348,6.956521739130435,22.608695652173914,70.43478260869566,59.130434782608695,11.304347826086957
E00130665,192,60,20,40,132,122,10,31.25,10.416666666666668,20.833333333333336,68.75,63.541666666666664,5.208333333333334
E00130666,146,52,12,40,94,80,14,35.61643835616438,8.21917808219178,27.397260273972602,64.38356164383562,54.794520547945204,9.58904109589041
E00130667,97,36,15,21,61,50,11,37.11340206185567,15.463917525773196,21.649484536082475,62.88659793814433,51.546391752577314,11.34020618556701
E00130668,118,30,12,18,88,80,8,25.423728813559322,10.16949152542373,15.254237288135593,74.57627118644068,67.79661016949152,6.779661016949152
E00130669,246,53,15,38,193,175,18,21.544715447154474,6.097560975609756,15.447154471544716,78.45528455284553,71.13821138211382,7.317073170731707
E00130670,112,33,11,22,79,67,12,29.464285714285715,9.821428571428571,19.642857142857142,70.53571428571429,59.82142857142857,10.714285714285714
E00130671,109,34,12,22,75,62,13,31.19266055045872,11.009174311926607,20.18348623853211,68.80733944954129,56.88073394495413,11.926605504587156
E00130672,170,48,18,30,122,103,19,28.235294117647058,10.588235294117647,17.647058823529413,71.76470588235294,60.588235294117645,11.176470588235295
E00130673,126,40,11,29,86,74,12,31.746031746031743,8.73015873015873,23.015873015873016,68.25396825396825,58.730158730158735,9.523809523809524
E00130674,165,48,10,38,117,99,18,29.09090909090909,6.0606060606060606,23.03030303030303,70.9090909090909,60,10.909090909090908
E00130675,169,51,15,36,118,100,18,30.17751479289941,8.875739644970414,21.301775147928996,69.8224852071006,59.171597633136095,10.650887573964498
E00130676,132,43,15,28,89,80,9,32.57575757575758,11.363636363636363,21.21212121212121,67.42424242424242,60.60606060606061,6.8181818181818175
E00130677,145,49,18,31,96,86,10,33.793103448275865,12.413793103448276,21.379310344827587,66.20689655172414,59.310344827586206,6.896551724137931
E00130678,200,52,11,41,148,126,22,26,5.5,20.5,74,63,11
E00130680,275,65,23,42,210,178,32,23.636363636363637,8.363636363636363,15.272727272727273,76.36363636363637,64.72727272727272,11.636363636363637
E00130681,159,40,18,22,119,106,13,25.157232704402517,11.320754716981133,13.836477987421384,74.84276729559748,66.66666666666666,8.176100628930817
E00130683,99,41,6,35,58,52,6,41.41414141414141,6.0606060606060606,35.35353535353536,58.58585858585859,52.52525252525253,6.0606060606060606
E00130684,99,39,16,23,60,44,16,39.39393939393939,16.161616161616163,23.232323232323232,60.60606060606061,44.44444444444444,16.161616161616163
E00130685,82,26,10,16,56,51,5,31.70731707317073,12.195121951219512,19.51219512195122,68.29268292682927,62.19512195121951,6.097560975609756
E00130686,147,54,21,33,93,83,10,36.734693877551024,14.285714285714285,22.448979591836736,63.26530612244898,56.4625850340136,6.802721088435375
E00130687,135,42,13,29,93,83,10,31.11111111111111,9.62962962962963,21.48148148148148,68.88888888888889,61.48148148148148,7.4074074074074066
E00130688,122,31,13,18,91,83,8,25.40983606557377,10.655737704918032,14.754098360655737,74.59016393442623,68.0327868852459,6.557377049180328
E00130689,89,21,5,16,68,54,14,23.595505617977526,5.617977528089887,17.97752808988764,76.40449438202246,60.67415730337079,15.730337078651685
E00130690,170,51,13,38,119,108,11,30,7.647058823529412,22.35294117647059,70,63.52941176470588,6.470588235294119
E00130691,75,23,4,19,52,45,7,30.666666666666664,5.333333333333334,25.333333333333336,69.33333333333334,60,9.333333333333334
E00130692,175,45,11,34,130,114,16,25.71428571428571,6.2857142857142865,19.428571428571427,74.28571428571429,65.14285714285715,9.142857142857142
E00130693,155,49,20,29,106,92,14,31.61290322580645,12.903225806451612,18.70967741935484,68.38709677419355,59.354838709677416,9.032258064516128
E00130694,104,29,9,20,75,66,9,27.884615384615387,8.653846153846153,19.230769230769234,72.11538461538461,63.46153846153846,8.653846153846153
E00130695,171,40,11,29,131,115,16,23.391812865497073,6.432748538011696,16.95906432748538,76.60818713450293,67.2514619883041,9.35672514619883
E00130696,275,84,31,53,191,156,35,30.545454545454547,11.272727272727273,19.272727272727273,69.45454545454545,56.72727272727273,12.727272727272727
E00130697,183,50,20,30,133,105,28,27.322404371584703,10.92896174863388,16.39344262295082,72.6775956284153,57.377049180327866,15.300546448087433
E00130698,180,56,24,32,124,111,13,31.11111111111111,13.333333333333334,17.77777777777778,68.88888888888889,61.66666666666667,7.222222222222221
E00130699,180,55,28,27,125,90,35,30.555555555555557,15.555555555555555,15,69.44444444444444,50,19.444444444444446
E00130700,125,45,19,26,80,59,21,36,15.2,20.8,64,47.199999999999996,16.8
E00130701,246,68,27,41,178,128,50,27.64227642276423,10.975609756097562,16.666666666666664,72.35772357723577,52.03252032520326,20.32520325203252
E00130702,205,71,25,46,134,100,34,34.63414634146341,12.195121951219512,22.439024390243905,65.3658536585366,48.78048780487805,16.585365853658537
E00130703,259,65,29,36,194,148,46,25.096525096525095,11.196911196911197,13.8996138996139,74.9034749034749,57.14285714285714,17.760617760617762
E00130704,151,45,18,27,106,94,12,29.80132450331126,11.920529801324504,17.880794701986755,70.19867549668875,62.251655629139066,7.9470198675496695
E00130705,133,42,15,27,91,86,5,31.57894736842105,11.278195488721805,20.30075187969925,68.42105263157895,64.66165413533834,3.7593984962406015
E00130706,120,36,12,24,84,78,6,30,10,20,70,65,5
E00130707,171,47,5,42,124,112,12,27.485380116959064,2.923976608187134,24.561403508771928,72.51461988304094,65.49707602339181,7.017543859649122
E00130708,86,26,8,18,60,56,4,30.23255813953488,9.30232558139535,20.930232558139537,69.76744186046511,65.11627906976744,4.651162790697675
E00130709,179,53,16,37,126,112,14,29.608938547486037,8.938547486033519,20.670391061452513,70.39106145251397,62.56983240223464,7.82122905027933
E00130710,149,35,8,27,114,95,19,23.48993288590604,5.369127516778524,18.120805369127517,76.51006711409396,63.758389261744966,12.751677852348994
E00130711,152,53,14,39,99,87,12,34.868421052631575,9.210526315789473,25.657894736842106,65.13157894736842,57.23684210526315,7.894736842105263
E00130712,129,40,13,27,89,78,11,31.007751937984494,10.077519379844961,20.930232558139537,68.9922480620155,60.46511627906976,8.527131782945736
E00130713,151,42,7,35,109,99,10,27.81456953642384,4.635761589403973,23.178807947019866,72.18543046357617,65.56291390728477,6.622516556291391
E00130714,149,44,6,38,105,90,15,29.53020134228188,4.026845637583892,25.503355704697988,70.46979865771812,60.40268456375839,10.06711409395973
E00130715,190,45,9,36,145,133,12,23.684210526315788,4.736842105263158,18.947368421052634,76.31578947368422,70,6.315789473684211
E00130716,139,35,9,26,104,97,7,25.179856115107913,6.474820143884892,18.705035971223023,74.82014388489209,69.7841726618705,5.0359712230215825
E00130717,147,46,18,28,101,91,10,31.292517006802722,12.244897959183673,19.047619047619047,68.70748299319727,61.904761904761905,6.802721088435375
E00130718,164,45,15,30,119,107,12,27.439024390243905,9.146341463414634,18.29268292682927,72.5609756097561,65.2439024390244,7.317073170731707
E00130719,139,37,12,25,102,97,5,26.618705035971225,8.633093525179856,17.985611510791365,73.38129496402878,69.7841726618705,3.5971223021582732
E00130720,108,38,16,22,70,61,9,35.18518518518518,14.814814814814813,20.37037037037037,64.81481481481481,56.481481481481474,8.333333333333332
E00130721,121,43,17,26,78,71,7,35.53719008264463,14.049586776859504,21.487603305785125,64.46280991735537,58.67768595041323,5.785123966942149
E00130723,193,56,16,40,137,121,16,29.015544041450774,8.290155440414509,20.72538860103627,70.98445595854922,62.69430051813472,8.290155440414509
E00130724,166,68,27,41,98,87,11,40.963855421686745,16.265060240963855,24.69879518072289,59.036144578313255,52.40963855421686,6.626506024096386
E00130725,217,73,18,55,144,126,18,33.6405529953917,8.294930875576037,25.34562211981567,66.3594470046083,58.06451612903226,8.294930875576037
E00130726,98,25,6,19,73,69,4,25.510204081632654,6.122448979591836,19.387755102040817,74.48979591836735,70.40816326530613,4.081632653061225
E00130727,163,55,15,40,108,95,13,33.74233128834356,9.202453987730062,24.539877300613497,66.25766871165644,58.282208588957054,7.975460122699387
E00130728,138,44,14,30,94,81,13,31.88405797101449,10.144927536231885,21.73913043478261,68.11594202898551,58.69565217391305,9.420289855072465
E00130729,181,69,22,47,112,102,10,38.12154696132597,12.154696132596685,25.96685082872928,61.87845303867403,56.353591160220994,5.524861878453039
E00130730,115,45,12,33,70,65,5,39.130434782608695,10.434782608695652,28.695652173913043,60.86956521739131,56.52173913043478,4.3478260869565215
E00130731,174,54,20,34,120,107,13,31.03448275862069,11.494252873563218,19.54022988505747,68.96551724137932,61.49425287356321,7.471264367816093
E00130732,172,49,14,35,123,111,12,28.488372093023255,8.13953488372093,20.348837209302324,71.51162790697676,64.53488372093024,6.976744186046512
E00130733,126,33,16,17,93,63,30,26.190476190476193,12.698412698412698,13.492063492063492,73.80952380952381,50,23.809523809523807
E00130734,99,35,13,22,64,50,14,35.35353535353536,13.131313131313133,22.22222222222222,64.64646464646465,50.505050505050505,14.14141414141414
E00130735,82,22,12,10,60,44,16,26.82926829268293,14.634146341463413,12.195121951219512,73.17073170731707,53.65853658536586,19.51219512195122
E00130736,249,84,33,51,165,130,35,33.734939759036145,13.253012048192772,20.481927710843372,66.26506024096386,52.208835341365464,14.056224899598394
E00130737,134,55,21,34,79,60,19,41.04477611940299,15.671641791044777,25.37313432835821,58.95522388059702,44.776119402985074,14.17910447761194
E00130738,204,66,27,39,138,108,30,32.35294117647059,13.23529411764706,19.11764705882353,67.64705882352942,52.94117647058824,14.705882352941178
E00130739,154,49,12,37,105,83,22,31.818181818181817,7.792207792207792,24.025974025974026,68.18181818181817,53.896103896103895,14.285714285714285
E00130740,142,51,18,33,91,67,24,35.91549295774648,12.676056338028168,23.239436619718308,64.08450704225352,47.183098591549296,16.901408450704224
E00130741,100,28,10,18,72,63,9,28.000000000000004,10,18,72,63,9
E00130742,167,54,21,33,113,90,23,32.33532934131736,12.574850299401197,19.760479041916167,67.66467065868264,53.89221556886228,13.77245508982036
E00173293,39,16,4,12,23,16,7,41.02564102564102,10.256410256410255,30.76923076923077,58.97435897435898,41.02564102564102,17.94871794871795
E00173296,157,52,18,34,105,92,13,33.12101910828025,11.464968152866243,21.656050955414013,66.87898089171973,58.59872611464968,8.280254777070063
E00173297,141,49,19,30,92,65,27,34.751773049645394,13.47517730496454,21.27659574468085,65.24822695035462,46.09929078014184,19.148936170212767
E00173298,89,35,26,9,54,40,14,39.325842696629216,29.213483146067414,10.112359550561797,60.67415730337079,44.9438202247191,15.730337078651685
E00173299,211,31,9,22,180,157,23,14.691943127962084,4.265402843601896,10.42654028436019,85.30805687203792,74.40758293838863,10.90047393364929
E00173301,135,34,9,25,101,84,17,25.185185185185183,6.666666666666667,18.51851851851852,74.81481481481481,62.22222222222222,12.592592592592592
E00173303,158,34,12,22,124,104,20,21.518987341772153,7.59493670886076,13.924050632911392,78.48101265822784,65.82278481012658,12.658227848101266
E00173304,93,41,25,16,52,49,3,44.086021505376344,26.881720430107524,17.20430107526882,55.91397849462365,52.68817204301075,3.225806451612903
E00173305,159,55,22,33,104,83,21,34.59119496855346,13.836477987421384,20.754716981132077,65.40880503144653,52.20125786163522,13.20754716981132
E00173307,173,46,14,32,127,107,20,26.589595375722542,8.092485549132949,18.497109826589593,73.41040462427746,61.849710982658955,11.560693641618498
E00173309,88,20,8,12,68,59,9,22.727272727272727,9.090909090909092,13.636363636363635,77.27272727272727,67.04545454545455,10.227272727272728
E00173310,103,29,12,17,74,65,9,28.155339805825243,11.650485436893204,16.50485436893204,71.84466019417476,63.10679611650486,8.737864077669903
E00173311,182,38,12,26,144,127,17,20.87912087912088,6.593406593406594,14.285714285714285,79.12087912087912,69.78021978021978,9.340659340659341
E00173312,96,17,7,10,79,62,17,17.708333333333336,7.291666666666667,10.416666666666668,82.29166666666666,64.58333333333334,17.708333333333336
E00173313,109,34,8,26,75,65,10,31.19266055045872,7.339449541284404,23.853211009174313,68.80733944954129,59.63302752293578,9.174311926605505
E00173314,166,42,16,26,124,109,15,25.301204819277107,9.63855421686747,15.66265060240964,74.69879518072288,65.66265060240963,9.036144578313253
E00173315,101,68,44,24,33,27,6,67.32673267326733,43.56435643564357,23.762376237623762,32.67326732673268,26.732673267326735,5.9405940594059405
E00173316,274,66,27,39,208,166,42,24.087591240875913,9.854014598540147,14.233576642335766,75.91240875912408,60.58394160583942,15.328467153284672
E00173317,190,47,12,35,143,121,22,24.736842105263158,6.315789473684211,18.421052631578945,75.26315789473685,63.68421052631579,11.578947368421053
E00173318,101,43,27,16,58,52,6,42.57425742574257,26.732673267326735,15.841584158415841,57.42574257425742,51.48514851485149,5.9405940594059405
E00173319,107,60,44,16,47,36,11,56.074766355140184,41.1214953271028,14.953271028037381,43.925233644859816,33.64485981308411,10.2803738317757
E00173320,65,36,15,21,29,25,4,55.38461538461539,23.076923076923077,32.30769230769231,44.61538461538462,38.46153846153847,6.153846153846154
E00173321,63,16,4,12,47,39,8,25.396825396825395,6.349206349206349,19.047619047619047,74.60317460317461,61.904761904761905,12.698412698412698
E00173322,73,15,6,9,58,51,7,20.54794520547945,8.21917808219178,12.32876712328767,79.45205479452055,69.86301369863014,9.58904109589041
E00173323,102,61,39,22,41,31,10,59.80392156862745,38.23529411764706,21.568627450980394,40.19607843137255,30.392156862745097,9.803921568627452
E00173324,109,53,32,21,56,45,11,48.62385321100918,29.357798165137616,19.26605504587156,51.37614678899083,41.284403669724774,10.091743119266056
E00173325,155,46,13,33,109,90,19,29.677419354838708,8.38709677419355,21.29032258064516,70.3225806451613,58.06451612903226,12.258064516129032
E00173326,126,20,6,14,106,93,13,15.873015873015872,4.761904761904762,11.11111111111111,84.12698412698413,73.80952380952381,10.317460317460316
E00173327,257,72,25,47,185,165,20,28.01556420233463,9.72762645914397,18.28793774319066,71.98443579766537,64.2023346303502,7.782101167315175
E00173328,117,39,6,33,78,71,7,33.33333333333333,5.128205128205128,28.205128205128204,66.66666666666666,60.68376068376068,5.982905982905983
E00173329,115,29,11,18,86,64,22,25.217391304347824,9.565217391304348,15.65217391304348,74.78260869565217,55.65217391304348,19.130434782608695
E00173332,186,44,12,32,142,116,26,23.655913978494624,6.451612903225806,17.20430107526882,76.34408602150538,62.365591397849464,13.978494623655912
E00173333,80,16,3,13,64,54,10,20,3.75,16.25,80,67.5,12.5
E00173334,145,32,12,20,113,98,15,22.06896551724138,8.275862068965518,13.793103448275861,77.93103448275862,67.58620689655173,10.344827586206897
E00173335,175,49,18,31,126,100,26,28.000000000000004,10.285714285714285,17.71428571428571,72,57.14285714285714,14.857142857142858
E00173336,241,71,25,46,170,157,13,29.460580912863072,10.37344398340249,19.08713692946058,70.53941908713693,65.14522821576763,5.394190871369295
E00173338,144,37,10,27,107,92,15,25.694444444444443,6.944444444444445,18.75,74.30555555555556,63.888888888888886,10.416666666666668
E00173339,182,47,13,34,135,113,22,25.82417582417583,7.142857142857142,18.681318681318682,74.17582417582418,62.08791208791209,12.087912087912088
E00173341,113,28,8,20,85,73,12,24.778761061946902,7.079646017699115,17.699115044247787,75.22123893805309,64.60176991150442,10.619469026548673
E00173342,174,51,15,36,123,106,17,29.310344827586203,8.620689655172415,20.689655172413794,70.6896551724138,60.91954022988506,9.770114942528735
E00173344,285,82,24,58,203,159,44,28.771929824561404,8.421052631578947,20.350877192982455,71.2280701754386,55.78947368421052,15.43859649122807
E00173345,152,34,7,27,118,97,21,22.36842105263158,4.605263157894736,17.763157894736842,77.63157894736842,63.81578947368421,13.815789473684212
E00173346,149,42,12,30,107,96,11,28.187919463087248,8.053691275167784,20.13422818791946,71.81208053691275,64.42953020134227,7.38255033557047
E00173347,128,35,6,29,93,78,15,27.34375,4.6875,22.65625,72.65625,60.9375,11.71875
E00173348,178,52,6,46,126,89,37,29.213483146067414,3.3707865168539324,25.842696629213485,70.78651685393258,50,20.786516853932586
E00173349,109,37,11,26,72,60,12,33.94495412844037,10.091743119266056,23.853211009174313,66.05504587155964,55.04587155963303,11.009174311926607
E00173350,114,37,12,25,77,65,12,32.45614035087719,10.526315789473683,21.929824561403507,67.54385964912281,57.01754385964912,10.526315789473683
E00173351,71,20,8,12,51,44,7,28.169014084507044,11.267605633802818,16.901408450704224,71.83098591549296,61.97183098591549,9.859154929577464
E00173352,236,74,27,47,162,127,35,31.35593220338983,11.440677966101696,19.915254237288135,68.64406779661016,53.813559322033896,14.83050847457627
E00178462,136,65,37,28,71,59,12,47.794117647058826,27.205882352941174,20.588235294117645,52.20588235294118,43.38235294117647,8.823529411764707
E00178467,166,56,14,42,110,95,15,33.734939759036145,8.433734939759036,25.301204819277107,66.26506024096386,57.22891566265061,9.036144578313253
E00178468,231,52,22,30,179,143,36,22.51082251082251,9.523809523809524,12.987012987012985,77.48917748917748,61.904761904761905,15.584415584415584
E00178470,149,37,7,30,112,98,14,24.832214765100673,4.697986577181208,20.13422818791946,75.16778523489933,65.77181208053692,9.395973154362416
E00178472,150,29,9,20,121,106,15,19.333333333333332,6,13.333333333333334,80.66666666666666,70.66666666666667,10
E00178475,137,32,5,27,105,91,14,23.357664233576642,3.64963503649635,19.708029197080293,76.64233576642336,66.42335766423358,10.218978102189782
E00178478,255,43,11,32,212,181,31,16.862745098039216,4.313725490196078,12.549019607843137,83.13725490196079,70.98039215686275,12.156862745098039
E00178479,163,38,9,29,125,108,17,23.31288343558282,5.521472392638037,17.791411042944784,76.68711656441718,66.25766871165644,10.429447852760736
E00178480,226,52,6,46,174,153,21,23.008849557522122,2.6548672566371683,20.353982300884958,76.99115044247787,67.69911504424779,9.29203539823009
E00178482,156,34,10,24,122,104,18,21.794871794871796,6.41025641025641,15.384615384615385,78.2051282051282,66.66666666666666,11.538461538461538
E00178483,162,44,11,33,118,105,13,27.160493827160494,6.790123456790123,20.37037037037037,72.8395061728395,64.81481481481481,8.024691358024691
E00178484,137,51,27,24,86,80,6,37.22627737226277,19.708029197080293,17.51824817518248,62.77372262773723,58.3941605839416,4.37956204379562
E00178486,80,25,9,16,55,49,6,31.25,11.25,20,68.75,61.25000000000001,7.5
E00178490,265,65,24,41,200,163,37,24.528301886792452,9.056603773584905,15.471698113207546,75.47169811320755,61.50943396226415,13.962264150943396
E00178492,274,61,23,38,213,187,26,22.26277372262774,8.394160583941606,13.86861313868613,77.73722627737226,68.24817518248175,9.48905109489051
E00178493,82,45,34,11,37,33,4,54.87804878048781,41.46341463414634,13.414634146341465,45.1219512195122,40.243902439024396,4.878048780487805
E00178497,177,48,15,33,129,111,18,27.11864406779661,8.47457627118644,18.64406779661017,72.88135593220339,62.71186440677966,10.16949152542373
E00178500,321,92,25,67,229,194,35,28.66043613707165,7.78816199376947,20.87227414330218,71.33956386292834,60.43613707165109,10.903426791277258
E00178503,43,15,8,7,28,25,3,34.883720930232556,18.6046511627907,16.27906976744186,65.11627906976744,58.139534883720934,6.976744186046512
E00178514,165,49,16,33,116,95,21,29.6969696969697,9.696969696969697,20,70.3030303030303,57.57575757575758,12.727272727272727
E00178515,235,54,14,40,181,151,30,22.97872340425532,5.957446808510639,17.02127659574468,77.02127659574468,64.25531914893618,12.76595744680851
E00178520,67,24,3,21,43,40,3,35.82089552238806,4.477611940298507,31.343283582089555,64.17910447761194,59.70149253731343,4.477611940298507
E00178521,93,24,8,16,69,54,15,25.806451612903224,8.60215053763441,17.20430107526882,74.19354838709677,58.06451612903226,16.129032258064516
E00178522,333,76,27,49,257,212,45,22.822822822822822,8.108108108108109,14.714714714714713,77.17717717717719,63.66366366366366,13.513513513513514
E00178523,67,18,5,13,49,42,7,26.865671641791046,7.462686567164178,19.402985074626866,73.13432835820896,62.68656716417911,10.44776119402985
E00178525,208,39,14,25,169,146,23,18.75,6.730769230769231,12.01923076923077,81.25,70.1923076923077,11.057692307692307
E00178526,60,15,4,11,45,37,8,25,6.666666666666667,18.333333333333332,75,61.66666666666667,13.333333333333334
E00178527,119,60,32,28,59,53,6,50.42016806722689,26.89075630252101,23.52941176470588,49.57983193277311,44.537815126050425,5.042016806722689
E00178530,265,47,10,37,218,185,33,17.735849056603772,3.7735849056603774,13.962264150943396,82.26415094339623,69.81132075471697,12.452830188679245
E00178535,146,19,5,14,127,109,18,13.013698630136986,3.4246575342465753,9.58904109589041,86.98630136986301,74.65753424657534,12.32876712328767
E00178539,136,42,17,25,94,76,18,30.88235294117647,12.5,18.38235294117647,69.11764705882352,55.88235294117647,13.23529411764706
E00178541,95,36,17,19,59,53,6,37.89473684210527,17.894736842105264,20,62.10526315789474,55.78947368421052,6.315789473684211
E00178543,58,19,4,15,39,36,3,32.758620689655174,6.896551724137931,25.862068965517242,67.24137931034483,62.06896551724138,5.172413793103448
E00178544,299,86,26,60,213,180,33,28.762541806020064,8.695652173913043,20.066889632107024,71.23745819397993,60.200668896321076,11.036789297658862
E00178546,319,63,13,50,256,224,32,19.74921630094044,4.075235109717868,15.673981191222571,80.25078369905955,70.21943573667711,10.031347962382444
E00178547,134,41,11,30,93,77,16,30.597014925373134,8.208955223880597,22.388059701492537,69.40298507462687,57.46268656716418,11.940298507462686
E00178548,115,48,26,22,67,61,6,41.73913043478261,22.608695652173914,19.130434782608695,58.26086956521739,53.04347826086957,5.217391304347826
E00178550,100,28,12,16,72,61,11,28.000000000000004,12,16,72,61,11
E00178553,176,50,17,33,126,103,23,28.40909090909091,9.659090909090908,18.75,71.5909090909091,58.52272727272727,13.068181818181818
E00178554,139,61,31,30,78,70,8,43.884892086330936,22.302158273381295,21.58273381294964,56.11510791366906,50.35971223021583,5.755395683453238
E00178555,148,46,14,32,102,89,13,31.08108108108108,9.45945945945946,21.62162162162162,68.91891891891892,60.13513513513513,8.783783783783784
E00178556,190,40,15,25,150,122,28,21.052631578947366,7.894736842105263,13.157894736842104,78.94736842105263,64.21052631578948,14.736842105263156
E00178558,324,83,34,49,241,225,16,25.617283950617285,10.493827160493826,15.123456790123457,74.38271604938271,69.44444444444444,4.938271604938271
E00178561,104,33,6,27,71,64,7,31.73076923076923,5.769230769230769,25.961538461538463,68.26923076923077,61.53846153846154,6.730769230769231
E00178562,264,57,20,37,207,194,13,21.59090909090909,7.575757575757576,14.015151515151514,78.4090909090909,73.48484848484848,4.924242424242424
E00178565,140,43,20,23,97,79,18,30.714285714285715,14.285714285714285,16.428571428571427,69.28571428571428,56.42857142857143,12.857142857142856
E00178574,145,42,11,31,103,79,24,28.965517241379313,7.586206896551724,21.379310344827587,71.03448275862068,54.48275862068965,16.551724137931036
E00178577,262,53,13,40,209,182,27,20.229007633587788,4.961832061068702,15.267175572519085,79.77099236641222,69.46564885496184,10.305343511450381
E00178581,176,54,21,33,122,105,17,30.681818181818183,11.931818181818182,18.75,69.31818181818183,59.65909090909091,9.659090909090908
E00178584,389,72,21,51,317,270,47,18.50899742930591,5.3984575835475574,13.110539845758353,81.49100257069408,69.40874035989717,12.082262210796916
E00178585,191,56,27,29,135,101,34,29.31937172774869,14.136125654450263,15.18324607329843,70.68062827225131,52.879581151832454,17.801047120418847
E00178590,75,53,40,13,22,22,0,70.66666666666667,53.333333333333336,17.333333333333336,29.333333333333332,29.333333333333332,0
E00178593,101,32,8,24,69,64,5,31.683168316831683,7.920792079207921,23.762376237623762,68.31683168316832,63.366336633663366,4.9504950495049505
E00178594,173,51,18,33,122,103,19,29.47976878612717,10.404624277456648,19.07514450867052,70.52023121387283,59.53757225433526,10.982658959537572
E00178596,321,73,16,57,248,218,30,22.741433021806852,4.984423676012461,17.75700934579439,77.25856697819314,67.91277258566979,9.345794392523365
E00178598,63,18,8,10,45,35,10,28.57142857142857,12.698412698412698,15.873015873015872,71.42857142857143,55.55555555555556,15.873015873015872
E00178599,61,6,3,3,55,46,9,9.836065573770492,4.918032786885246,4.918032786885246,90.1639344262295,75.40983606557377,14.754098360655737
E00178603,167,44,14,30,123,95,28,26.34730538922156,8.383233532934131,17.964071856287426,73.65269461077844,56.886227544910184,16.766467065868262
E00178605,54,18,8,10,36,29,7,33.33333333333333,14.814814814814813,18.51851851851852,66.66666666666666,53.70370370370371,12.962962962962962
E00178609,187,55,18,37,132,113,19,29.411764705882355,9.62566844919786,19.786096256684495,70.58823529411765,60.42780748663101,10.16042780748663
E00178610,86,47,31,16,39,35,4,54.65116279069767,36.04651162790697,18.6046511627907,45.348837209302324,40.69767441860465,4.651162790697675
E00178611,200,41,7,34,159,139,20,20.5,3.5000000000000004,17,79.5,69.5,10
E00178613,53,24,9,15,29,29,0,45.28301886792453,16.9811320754717,28.30188679245283,54.71698113207547,54.71698113207547,0
E00178617,226,57,18,39,169,141,28,25.221238938053098,7.964601769911504,17.25663716814159,74.77876106194691,62.38938053097345,12.389380530973451
E00178618,135,35,11,24,100,83,17,25.925925925925924,8.148148148148149,17.77777777777778,74.07407407407408,61.48148148148148,12.592592592592592
E00178619,73,19,4,15,54,45,9,26.027397260273972,5.47945205479452,20.54794520547945,73.97260273972603,61.64383561643836,12.32876712328767
E00178621,118,27,5,22,91,84,7,22.88135593220339,4.23728813559322,18.64406779661017,77.11864406779661,71.1864406779661,5.932203389830509
E00178622,163,43,11,32,120,100,20,26.380368098159508,6.748466257668712,19.631901840490798,73.61963190184049,61.34969325153374,12.269938650306749
E00178625,156,82,45,37,74,67,7,52.56410256410257,28.846153846153843,23.717948717948715,47.43589743589743,42.94871794871795,4.487179487179487
E00178629,54,18,6,12,36,29,7,33.33333333333333,11.11111111111111,22.22222222222222,66.66666666666666,53.70370370370371,12.962962962962962
E00178631,205,49,18,31,156,133,23,23.902439024390244,8.780487804878048,15.121951219512194,76.09756097560975,64.8780487804878,11.219512195121952
E00178633,230,76,20,56,154,130,24,33.04347826086956,8.695652173913043,24.347826086956523,66.95652173913044,56.52173913043478,10.434782608695652
E00178634,271,58,14,44,213,191,22,21.40221402214022,5.166051660516605,16.236162361623617,78.59778597785979,70.47970479704797,8.118081180811808
