OA,ts0380001,ts0380002,ts0380003,ts0380004,ts0380005,ts0380006,ts0380007,ts0380002_PCT,ts0380003_PCT,ts0380004_PCT,ts0380005_PCT,ts0380006_PCT,ts0380007_PCT
E00130256,262,63,27,36,199,21,178,24.045801526717558,10.305343511450381,13.740458015267176,75.95419847328245,8.015267175572518,67.93893129770993
E00130257,353,60,19,41,293,23,270,16.997167138810198,5.382436260623229,11.614730878186968,83.0028328611898,6.515580736543909,76.48725212464589
E00130258,366,61,29,32,305,43,262,16.666666666666664,7.923497267759563,8.743169398907105,83.33333333333334,11.748633879781421,71.58469945355192
E00130259,586,75,23,52,511,43,468,12.798634812286688,3.9249146757679183,8.873720136518772,87.20136518771331,7.337883959044368,79.86348122866895
E00130260,264,53,12,41,211,22,189,20.075757575757574,4.545454545454546,15.530303030303031,79.92424242424242,8.333333333333332,71.5909090909091
E00130261,237,70,41,29,167,17,150,29.535864978902953,17.29957805907173,12.236286919831224,70.46413502109705,7.172995780590717,63.29113924050633
E00130262,212,41,12,29,171,19,152,19.339622641509436,5.660377358490567,13.679245283018867,80.66037735849056,8.962264150943396,71.69811320754717
E00130263,440,69,22,47,371,36,335,15.681818181818183,5,10.681818181818182,84.31818181818181,8.181818181818182,76.13636363636364
E00130264,320,68,34,34,252,27,225,21.25,10.625,10.625,78.75,8.4375,70.3125
E00130268,295,49,17,32,246,25,221,16.610169491525422,5.762711864406779,10.847457627118644,83.38983050847457,8.47457627118644,74.91525423728814
E00130269,320,46,16,30,274,26,248,14.374999999999998,5,9.375,85.625,8.125,77.5
E00130270,276,35,11,24,241,24,217,12.681159420289855,3.985507246376811,8.695652173913043,87.31884057971014,8.695652173913043,78.62318840579711
E00130272,323,57,25,32,266,20,246,17.647058823529413,7.739938080495357,9.907120743034056,82.35294117647058,6.191950464396285,76.16099071207431
E00130273,351,55,21,34,296,19,277,15.669515669515668,5.982905982905983,9.686609686609685,84.33048433048434,5.413105413105413,78.91737891737893
E00130274,310,52,17,35,258,22,236,16.7741935483871,5.483870967741936,11.29032258064516,83.22580645161291,7.096774193548387,76.12903225806451
E00130276,260,60,14,46,200,17,183,23.076923076923077,5.384615384615385,17.692307692307693,76.92307692307693,6.538461538461539,70.38461538461539
E00130278,282,44,9,35,238,25,213,15.602836879432624,3.1914893617021276,12.411347517730496,84.39716312056737,8.865248226950355,75.53191489361703
E00130279,442,93,41,52,349,39,310,21.040723981900452,9.276018099547512,11.76470588235294,78.95927601809954,8.823529411764707,70.13574660633483
E00130280,443,83,30,53,360,28,332,18.735891647855528,6.772009029345373,11.963882618510159,81.26410835214448,6.320541760722348,74.94356659142211
E00130281,168,53,30,23,115,7,108,31.547619047619047,17.857142857142858,13.690476190476192,68.45238095238095,4.166666666666666,64.28571428571429
E00130282,382,52,19,33,330,25,305,13.612565445026178,4.973821989528796,8.638743455497382,86.38743455497382,6.544502617801047,79.84293193717278
E00130283,331,66,30,36,265,33,232,19.939577039274926,9.06344410876133,10.876132930513595,80.06042296072508,9.969788519637463,70.09063444108762
E00130284,285,33,11,22,252,26,226,11.578947368421053,3.8596491228070176,7.719298245614035,88.42105263157895,9.12280701754386,79.2982456140351
E00130285,315,56,16,40,259,22,237,17.77777777777778,5.079365079365079,12.698412698412698,82.22222222222221,6.984126984126984,75.23809523809524
E00130286,297,46,21,25,251,21,230,15.488215488215488,7.07070707070707,8.417508417508419,84.51178451178451,7.07070707070707,77.44107744107744
E00130288,302,39,12,27,263,30,233,12.91390728476821,3.9735099337748347,8.940397350993377,87.08609271523179,9.933774834437086,77.15231788079471
E00130289,292,60,25,35,232,35,197,20.54794520547945,8.561643835616438,11.986301369863012,79.45205479452055,11.986301369863012,67.46575342465754
E00130290,304,41,14,27,263,27,236,13.486842105263158,4.605263157894736,8.881578947368421,86.51315789473685,8.881578947368421,77.63157894736842
E00130291,274,65,21,44,209,18,191,23.722627737226276,7.664233576642336,16.05839416058394,76.27737226277372,6.569343065693431,69.7080291970803
E00130292,172,29,17,12,143,13,130,16.86046511627907,9.883720930232558,6.976744186046512,83.13953488372093,7.55813953488372,75.5813953488372
E00130293,367,64,29,35,303,25,278,17.43869209809264,7.901907356948229,9.536784741144414,82.56130790190736,6.811989100817439,75.74931880108991
E00130294,277,60,25,35,217,23,194,21.660649819494584,9.025270758122744,12.63537906137184,78.33935018050542,8.303249097472925,70.03610108303249
E00130295,340,55,16,39,285,22,263,16.176470588235293,4.705882352941177,11.470588235294118,83.82352941176471,6.470588235294119,77.3529411764706
E00130296,328,39,12,27,289,23,266,11.890243902439025,3.6585365853658534,8.231707317073171,88.10975609756098,7.01219512195122,81.09756097560977
E00130297,346,46,14,32,300,22,278,13.294797687861271,4.046242774566474,9.248554913294797,86.70520231213872,6.358381502890173,80.34682080924856
E00130298,295,43,15,28,252,23,229,14.576271186440678,5.084745762711865,9.491525423728813,85.42372881355932,7.796610169491526,77.62711864406779
E00130299,354,52,18,34,302,22,280,14.689265536723164,5.084745762711865,9.6045197740113,85.31073446327684,6.214689265536723,79.09604519774011
E00130300,296,46,18,28,250,26,224,15.54054054054054,6.081081081081082,9.45945945945946,84.45945945945947,8.783783783783784,75.67567567567568
E00130301,295,42,16,26,253,21,232,14.237288135593221,5.423728813559322,8.813559322033898,85.76271186440678,7.118644067796611,78.64406779661017
E00130302,324,38,17,21,286,31,255,11.728395061728394,5.246913580246913,6.481481481481481,88.27160493827161,9.5679012345679,78.70370370370371
E00130303,402,54,10,44,348,28,320,13.432835820895523,2.4875621890547266,10.945273631840797,86.56716417910447,6.965174129353234,79.60199004975125
E00130304,324,55,29,26,269,23,246,16.97530864197531,8.950617283950617,8.024691358024691,83.0246913580247,7.098765432098765,75.92592592592592
E00130305,369,60,23,37,309,24,285,16.260162601626014,6.233062330623306,10.02710027100271,83.73983739837398,6.504065040650407,77.23577235772358
E00130306,396,46,16,30,350,22,328,11.616161616161616,4.040404040404041,7.575757575757576,88.38383838383838,5.555555555555555,82.82828282828282
E00130307,265,48,17,31,217,17,200,18.11320754716981,6.415094339622642,11.69811320754717,81.88679245283019,6.415094339622642,75.47169811320755
E00130308,289,50,20,30,239,18,221,17.301038062283737,6.920415224913495,10.380622837370241,82.69896193771626,6.228373702422145,76.47058823529412
E00130310,291,83,36,47,208,23,185,28.52233676975945,12.371134020618557,16.151202749140893,71.47766323024055,7.903780068728522,63.57388316151202
E00130311,336,64,18,46,272,20,252,19.047619047619047,5.357142857142857,13.690476190476192,80.95238095238095,5.952380952380952,75
E00130312,310,39,17,22,271,27,244,12.580645161290322,5.483870967741936,7.096774193548387,87.41935483870968,8.709677419354838,78.70967741935485
E00130313,390,57,21,36,333,30,303,14.615384615384617,5.384615384615385,9.230769230769232,85.38461538461539,7.6923076923076925,77.6923076923077
E00130314,381,67,30,37,314,22,292,17.585301837270343,7.874015748031496,9.711286089238845,82.41469816272966,5.774278215223097,76.64041994750657
E00130315,341,48,13,35,293,17,276,14.076246334310852,3.812316715542522,10.263929618768328,85.92375366568915,4.9853372434017595,80.93841642228739
E00130316,363,67,29,38,296,23,273,18.457300275482094,7.988980716253444,10.46831955922865,81.5426997245179,6.336088154269973,75.20661157024794
E00130317,277,49,22,27,228,27,201,17.689530685920577,7.9422382671480145,9.747292418772563,82.31046931407943,9.747292418772563,72.56317689530685
E00130318,315,76,32,44,239,21,218,24.126984126984127,10.158730158730158,13.968253968253968,75.87301587301587,6.666666666666667,69.2063492063492
E00130319,379,50,19,31,329,23,306,13.192612137203167,5.013192612137203,8.179419525065963,86.80738786279683,6.068601583113456,80.73878627968337
E00130320,320,45,21,24,275,18,257,14.0625,6.5625,7.5,85.9375,5.625,80.3125
E00130321,394,59,18,41,335,25,310,14.974619289340103,4.568527918781726,10.406091370558377,85.0253807106599,6.345177664974619,78.68020304568529
E00130322,269,50,17,33,219,17,202,18.587360594795538,6.319702602230483,12.267657992565056,81.41263940520446,6.319702602230483,75.09293680297398
E00130323,297,42,18,24,255,16,239,14.14141414141414,6.0606060606060606,8.080808080808081,85.85858585858585,5.387205387205387,80.47138047138047
E00130324,239,54,27,27,185,24,161,22.594142259414227,11.297071129707113,11.297071129707113,77.40585774058577,10.0418410041841,67.36401673640168
E00130325,287,47,10,37,240,26,214,16.376306620209057,3.484320557491289,12.89198606271777,83.62369337979094,9.059233449477352,74.56445993031359
E00130326,319,45,15,30,274,21,253,14.106583072100312,4.702194357366771,9.404388714733543,85.8934169278997,6.583072100313479,79.3103448275862
E00130327,309,59,27,32,250,28,222,19.093851132686083,8.737864077669903,10.355987055016183,80.90614886731392,9.06148867313916,71.84466019417476
E00130328,249,77,29,48,172,20,152,30.923694779116467,11.646586345381527,19.27710843373494,69.07630522088354,8.032128514056225,61.044176706827315
E00130329,314,61,23,38,253,22,231,19.426751592356688,7.32484076433121,12.101910828025478,80.57324840764332,7.006369426751593,73.56687898089172
E00130330,287,45,14,31,242,28,214,15.6794425087108,4.878048780487805,10.801393728222997,84.3205574912892,9.75609756097561,74.56445993031359
E00130331,179,30,15,15,149,13,136,16.75977653631285,8.379888268156424,8.379888268156424,83.24022346368714,7.262569832402235,75.97765363128491
E00130332,348,91,39,52,257,28,229,26.14942528735632,11.206896551724139,14.942528735632186,73.85057471264368,8.045977011494253,65.80459770114942
E00130333,466,64,19,45,402,38,364,13.733905579399142,4.07725321888412,9.656652360515022,86.26609442060087,8.15450643776824,78.11158798283262
E00130334,268,39,11,28,229,19,210,14.55223880597015,4.104477611940299,10.44776119402985,85.44776119402985,7.08955223880597,78.35820895522389
E00130336,123,59,45,14,64,6,58,47.96747967479675,36.58536585365854,11.38211382113821,52.03252032520326,4.878048780487805,47.15447154471545
E00130338,199,24,8,16,175,17,158,12.060301507537687,4.0201005025125625,8.040201005025125,87.93969849246231,8.542713567839195,79.39698492462311
E00130339,337,38,14,24,299,16,283,11.275964391691394,4.154302670623145,7.121661721068249,88.72403560830861,4.747774480712167,83.97626112759644
E00130340,281,39,19,20,242,22,220,13.87900355871886,6.761565836298933,7.11743772241993,86.12099644128114,7.829181494661921,78.29181494661923
E00130341,244,38,11,27,206,17,189,15.573770491803279,4.508196721311475,11.065573770491802,84.42622950819673,6.967213114754098,77.45901639344262
E00130342,272,32,14,18,240,21,219,11.76470588235294,5.147058823529411,6.61764705882353,88.23529411764706,7.720588235294118,80.51470588235294
E00130343,234,21,1,20,213,16,197,8.974358974358974,0.4273504273504274,8.547008547008547,91.02564102564102,6.837606837606838,84.1880341880342
E00130344,380,80,32,48,300,33,267,21.052631578947366,8.421052631578947,12.631578947368421,78.94736842105263,8.68421052631579,70.26315789473684
E00130345,284,45,18,27,239,26,213,15.845070422535212,6.338028169014084,9.507042253521126,84.15492957746478,9.15492957746479,75
E00130346,277,46,20,26,231,18,213,16.60649819494585,7.2202166064981945,9.386281588447654,83.39350180505414,6.4981949458483745,76.89530685920577
E00130347,238,32,19,13,206,17,189,13.445378151260504,7.9831932773109235,5.46218487394958,86.5546218487395,7.142857142857142,79.41176470588235
E00130349,202,22,5,17,180,11,169,10.891089108910892,2.4752475247524752,8.415841584158416,89.10891089108911,5.445544554455446,83.66336633663366
E00130350,365,79,38,41,286,28,258,21.643835616438356,10.41095890410959,11.232876712328768,78.35616438356165,7.671232876712329,70.68493150684931
E00130351,394,108,52,56,286,17,269,27.411167512690355,13.19796954314721,14.213197969543149,72.58883248730965,4.314720812182741,68.2741116751269
E00130352,383,83,33,50,300,21,279,21.671018276762403,8.616187989556137,13.054830287206268,78.3289817232376,5.483028720626632,72.84595300261097
E00130353,543,90,32,58,453,37,416,16.574585635359114,5.893186003683241,10.681399631675875,83.42541436464089,6.8139963167587485,76.61141804788214
E00130354,439,84,36,48,355,16,339,19.134396355353076,8.200455580865604,10.933940774487471,80.86560364464692,3.644646924829157,77.22095671981776
E00130356,3092,298,52,246,2794,242,2552,9.63777490297542,1.6817593790426906,7.95601552393273,90.36222509702458,7.826649417852523,82.53557567917206
E00130357,396,82,44,38,314,21,293,20.707070707070706,11.11111111111111,9.595959595959595,79.29292929292929,5.303030303030303,73.98989898989899
E00130359,216,39,18,21,177,13,164,18.055555555555554,8.333333333333332,9.722222222222223,81.94444444444444,6.018518518518518,75.92592592592592
E00130361,386,56,24,32,330,36,294,14.507772020725387,6.217616580310881,8.290155440414509,85.49222797927462,9.32642487046632,76.16580310880829
E00130362,340,58,20,38,282,20,262,17.058823529411764,5.88235294117647,11.176470588235295,82.94117647058825,5.88235294117647,77.05882352941177
E00130363,255,33,7,26,222,19,203,12.941176470588237,2.7450980392156863,10.196078431372548,87.05882352941177,7.450980392156863,79.6078431372549
E00130365,186,50,24,26,136,4,132,26.881720430107524,12.903225806451612,13.978494623655912,73.11827956989248,2.1505376344086025,70.96774193548387
E00130366,136,38,14,24,98,5,93,27.941176470588236,10.294117647058822,17.647058823529413,72.05882352941177,3.6764705882352944,68.38235294117648
E00130367,197,33,17,16,164,18,146,16.751269035532996,8.629441624365482,8.121827411167512,83.24873096446701,9.137055837563452,74.11167512690355
E00130368,247,38,10,28,209,29,180,15.384615384615385,4.048582995951417,11.336032388663968,84.61538461538461,11.740890688259109,72.8744939271255
E00130369,442,100,41,59,342,31,311,22.624434389140273,9.276018099547512,13.34841628959276,77.37556561085974,7.013574660633484,70.36199095022624
E00130370,271,46,16,30,225,20,205,16.974169741697416,5.904059040590406,11.07011070110701,83.02583025830258,7.380073800738007,75.64575645756457
E00130371,276,46,24,22,230,18,212,16.666666666666664,8.695652173913043,7.971014492753622,83.33333333333334,6.521739130434782,76.81159420289855
E00130372,481,62,26,36,419,35,384,12.889812889812891,5.405405405405405,7.484407484407485,87.11018711018711,7.276507276507277,79.83367983367984
E00130373,419,61,22,39,358,37,321,14.558472553699284,5.250596658711217,9.307875894988067,85.44152744630071,8.83054892601432,76.6109785202864
E00130374,261,61,27,34,200,26,174,23.371647509578544,10.344827586206897,13.026819923371647,76.62835249042146,9.961685823754788,66.66666666666666
E00130375,241,41,18,23,200,35,165,17.012448132780083,7.468879668049793,9.54356846473029,82.98755186721992,14.522821576763487,68.46473029045643
E00130376,250,38,17,21,212,31,181,15.2,6.800000000000001,8.4,84.8,12.4,72.39999999999999
E00130377,263,35,10,25,228,24,204,13.307984790874524,3.802281368821293,9.505703422053232,86.69201520912547,9.125475285171103,77.56653992395437
E00130378,435,56,21,35,379,38,341,12.873563218390805,4.827586206896552,8.045977011494253,87.1264367816092,8.735632183908045,78.39080459770115
E00130379,325,47,11,36,278,31,247,14.461538461538462,3.3846153846153846,11.076923076923077,85.53846153846155,9.538461538461538,76
E00130380,260,104,71,33,156,13,143,40,27.307692307692307,12.692307692307692,60,5,55.00000000000001
E00130381,308,42,15,27,266,28,238,13.636363636363635,4.870129870129871,8.766233766233766,86.36363636363636,9.090909090909092,77.27272727272727
E00130382,221,52,19,33,169,13,156,23.52941176470588,8.597285067873303,14.93212669683258,76.47058823529412,5.88235294117647,70.58823529411765
E00130383,241,51,24,27,190,19,171,21.16182572614108,9.95850622406639,11.20331950207469,78.83817427385893,7.883817427385892,70.95435684647303
E00130384,282,40,12,28,242,30,212,14.184397163120568,4.25531914893617,9.929078014184398,85.81560283687944,10.638297872340425,75.177304964539
E00130385,346,54,12,42,292,40,252,15.606936416184972,3.4682080924855487,12.138728323699421,84.39306358381504,11.560693641618498,72.83236994219652
E00130386,202,34,10,24,168,14,154,16.831683168316832,4.9504950495049505,11.881188118811881,83.16831683168317,6.9306930693069315,76.23762376237624
E00130387,245,47,17,30,198,26,172,19.183673469387756,6.938775510204081,12.244897959183673,80.81632653061224,10.612244897959183,70.20408163265306
E00130388,322,45,14,31,277,27,250,13.975155279503104,4.3478260869565215,9.627329192546584,86.0248447204969,8.385093167701864,77.63975155279503
E00130389,404,42,14,28,362,33,329,10.396039603960396,3.4653465346534658,6.9306930693069315,89.60396039603961,8.16831683168317,81.43564356435643
E00130390,310,50,20,30,260,21,239,16.129032258064516,6.451612903225806,9.67741935483871,83.87096774193549,6.774193548387098,77.09677419354838
E00130391,106,54,26,28,52,9,43,50.943396226415096,24.528301886792452,26.41509433962264,49.056603773584904,8.49056603773585,40.56603773584906
E00130392,309,35,12,23,274,29,245,11.326860841423949,3.8834951456310676,7.443365695792881,88.67313915857605,9.385113268608414,79.28802588996764
E00130393,273,39,15,24,234,23,211,14.285714285714285,5.4945054945054945,8.791208791208792,85.71428571428571,8.424908424908425,77.2893772893773
E00130394,201,47,20,27,154,10,144,23.383084577114428,9.950248756218906,13.432835820895523,76.61691542288557,4.975124378109453,71.64179104477611
E00130395,222,54,27,27,168,16,152,24.324324324324326,12.162162162162163,12.162162162162163,75.67567567567568,7.207207207207207,68.46846846846847
E00130396,310,42,20,22,268,24,244,13.548387096774196,6.451612903225806,7.096774193548387,86.45161290322581,7.741935483870968,78.70967741935485
E00130397,310,53,17,36,257,24,233,17.096774193548388,5.483870967741936,11.612903225806452,82.9032258064516,7.741935483870968,75.16129032258064
E00130398,313,43,11,32,270,31,239,13.738019169329075,3.5143769968051117,10.223642172523961,86.26198083067092,9.904153354632587,76.35782747603834
E00130399,472,79,24,55,393,31,362,16.73728813559322,5.084745762711865,11.652542372881355,83.26271186440678,6.567796610169492,76.69491525423729
E00130400,541,121,53,68,420,33,387,22.36598890942699,9.796672828096119,12.56931608133087,77.63401109057301,6.099815157116451,71.53419593345656
E00130401,228,65,29,36,163,17,146,28.50877192982456,12.719298245614036,15.789473684210526,71.49122807017544,7.456140350877193,64.03508771929825
E00130402,432,84,33,51,348,29,319,19.444444444444446,7.638888888888889,11.805555555555555,80.55555555555556,6.712962962962964,73.8425925925926
E00130404,227,56,20,36,171,9,162,24.669603524229075,8.81057268722467,15.859030837004406,75.33039647577093,3.9647577092511015,71.36563876651982
E00130405,207,57,29,28,150,10,140,27.536231884057973,14.009661835748794,13.526570048309178,72.46376811594203,4.830917874396135,67.6328502415459
E00130406,230,65,30,35,165,8,157,28.26086956521739,13.043478260869565,15.217391304347828,71.73913043478261,3.4782608695652173,68.26086956521739
E00130407,463,88,30,58,375,33,342,19.00647948164147,6.479481641468683,12.526997840172784,80.99352051835854,7.127429805615551,73.86609071274299
E00130408,151,47,21,26,104,6,98,31.125827814569533,13.90728476821192,17.218543046357617,68.87417218543047,3.9735099337748347,64.90066225165563
E00130409,278,44,13,31,234,30,204,15.827338129496402,4.676258992805756,11.151079136690647,84.17266187050359,10.79136690647482,73.38129496402878
E00130410,179,41,17,24,138,13,125,22.905027932960895,9.497206703910614,13.40782122905028,77.09497206703911,7.262569832402235,69.83240223463687
E00130411,262,46,16,30,216,13,203,17.557251908396946,6.106870229007633,11.450381679389313,82.44274809160305,4.961832061068702,77.48091603053436
E00130412,252,43,15,28,209,24,185,17.063492063492063,5.952380952380952,11.11111111111111,82.93650793650794,9.523809523809524,73.4126984126984
E00130413,245,35,15,20,210,29,181,14.285714285714285,6.122448979591836,8.16326530612245,85.71428571428571,11.83673469387755,73.87755102040816
E00130414,420,59,29,30,361,18,343,14.047619047619047,6.904761904761905,7.142857142857142,85.95238095238096,4.285714285714286,81.66666666666667
E00130415,239,62,30,32,177,15,162,25.94142259414226,12.552301255230125,13.389121338912133,74.05857740585773,6.2761506276150625,67.78242677824268
E00130416,178,66,29,37,112,16,96,37.07865168539326,16.292134831460675,20.786516853932586,62.92134831460674,8.98876404494382,53.93258426966292
E00130417,390,91,38,53,299,28,271,23.333333333333332,9.7435897435897445,13.58974358974359,76.66666666666667,7.179487179487179,69.48717948717949
E00130418,272,57,23,34,215,22,193,20.955882352941178,8.455882352941178,12.5,79.04411764705883,8.088235294117647,70.95588235294117
E00130419,274,43,15,28,231,22,209,15.693430656934307,5.474452554744526,10.218978102189782,84.30656934306569,8.02919708029197,76.27737226277372
E00130420,384,38,6,32,346,29,317,9.895833333333332,1.5625,8.333333333333332,90.10416666666666,7.552083333333333,82.55208333333334
E00130421,517,93,43,50,424,25,399,17.988394584139265,8.317214700193423,9.671179883945841,82.01160541586073,4.835589941972921,77.17601547388782
E00130422,182,46,20,26,136,7,129,25.274725274725274,10.989010989010989,14.285714285714285,74.72527472527473,3.8461538461538463,70.87912087912088
E00130423,615,99,44,55,516,35,481,16.097560975609756,7.154471544715448,8.94308943089431,83.90243902439025,5.691056910569105,78.21138211382113
E00130424,270,37,8,29,233,23,210,13.703703703703704,2.9629629629629632,10.74074074074074,86.29629629629629,8.518518518518519,77.77777777777779
E00130425,440,94,44,50,346,27,319,21.363636363636363,10,11.363636363636363,78.63636363636364,6.136363636363637,72.5
E00130426,574,90,32,58,484,37,447,15.6794425087108,5.574912891986063,10.104529616724738,84.3205574912892,6.445993031358885,77.87456445993031
E00130427,267,64,26,38,203,19,184,23.970037453183522,9.737827715355806,14.232209737827715,76.02996254681648,7.116104868913857,68.91385767790263
E00130428,184,14,7,7,170,10,160,7.608695652173914,3.804347826086957,3.804347826086957,92.3913043478261,5.434782608695652,86.95652173913044
E00130430,368,53,22,31,315,19,296,14.402173913043478,5.978260869565218,8.423913043478262,85.59782608695652,5.163043478260869,80.43478260869566
E00130431,319,76,37,39,243,25,218,23.824451410658305,11.598746081504702,12.225705329153605,76.17554858934169,7.836990595611286,68.3385579937304
E00130433,321,47,15,32,274,23,251,14.641744548286603,4.672897196261682,9.968847352024921,85.35825545171339,7.165109034267912,78.19314641744548
E00130434,542,63,27,36,479,39,440,11.623616236162361,4.981549815498155,6.642066420664207,88.37638376383764,7.195571955719557,81.18081180811808
E00130435,174,59,21,38,115,11,104,33.90804597701149,12.068965517241379,21.839080459770116,66.0919540229885,6.321839080459771,59.77011494252874
E00130436,224,48,24,24,176,25,151,21.428571428571427,10.714285714285714,10.714285714285714,78.57142857142857,11.160714285714286,67.41071428571429
E00130437,230,23,8,15,207,10,197,10,3.4782608695652173,6.521739130434782,90,4.3478260869565215,85.65217391304348
E00130438,308,58,24,34,250,31,219,18.83116883116883,7.792207792207792,11.03896103896104,81.16883116883116,10.064935064935066,71.1038961038961
E00130439,346,49,13,36,297,24,273,14.16184971098266,3.7572254335260116,10.404624277456648,85.83815028901735,6.9364161849710975,78.90173410404624
E00130441,187,24,1,23,163,12,151,12.834224598930483,0.53475935828877,12.299465240641712,87.16577540106952,6.417112299465241,80.74866310160428
E00130442,206,33,9,24,173,7,166,16.019417475728158,4.368932038834951,11.650485436893204,83.98058252427184,3.3980582524271843,80.58252427184466
E00130443,262,34,9,25,228,19,209,12.977099236641221,3.435114503816794,9.541984732824428,87.02290076335878,7.251908396946565,79.77099236641222
E00130444,288,48,18,30,240,30,210,16.666666666666664,6.25,10.416666666666668,83.33333333333334,10.416666666666668,72.91666666666666
E00130445,281,43,12,31,238,25,213,15.302491103202847,4.270462633451958,11.032028469750891,84.69750889679716,8.896797153024911,75.80071174377224
E00130447,388,29,6,23,359,40,319,7.474226804123711,1.5463917525773196,5.927835051546391,92.5257731958763,10.309278350515463,82.21649484536083
E00130448,392,44,7,37,348,42,306,11.224489795918368,1.7857142857142856,9.438775510204081,88.77551020408163,10.714285714285714,78.06122448979592
E00130449,166,14,3,11,152,8,144,8.433734939759036,1.8072289156626504,6.626506024096386,91.56626506024097,4.819277108433735,86.74698795180723
E00130450,305,44,15,29,261,27,234,14.426229508196723,4.918032786885246,9.508196721311474,85.57377049180329,8.852459016393443,76.72131147540983
E00130451,567,67,13,54,500,60,440,11.816578483245149,2.2927689594356258,9.523809523809524,88.18342151675485,10.582010582010582,77.60141093474427
E00130452,301,48,15,33,253,23,230,15.946843853820598,4.983388704318937,10.96345514950166,84.0531561461794,7.641196013289036,76.41196013289037
E00130453,332,44,20,24,288,18,270,13.253012048192772,6.024096385542169,7.228915662650602,86.74698795180723,5.421686746987952,81.32530120481928
E00130454,336,48,18,30,288,18,270,14.285714285714285,5.357142857142857,8.928571428571429,85.71428571428571,5.357142857142857,80.35714285714286
E00130455,285,47,14,33,238,31,207,16.49122807017544,4.912280701754386,11.578947368421053,83.50877192982456,10.87719298245614,72.63157894736842
E00130456,250,61,25,36,189,17,172,24.4,10,14.399999999999999,75.6,6.800000000000001,68.8
E00130457,289,61,16,45,228,26,202,21.10726643598616,5.536332179930796,15.570934256055363,78.89273356401384,8.996539792387544,69.8961937716263
E00130458,371,44,12,32,327,47,280,11.859838274932615,3.234501347708895,8.62533692722372,88.14016172506739,12.668463611859837,75.47169811320755
E00130459,297,56,20,36,241,31,210,18.855218855218855,6.7340067340067336,12.121212121212121,81.14478114478115,10.437710437710438,70.70707070707071
E00130460,265,81,38,43,184,15,169,30.566037735849054,14.339622641509434,16.22641509433962,69.43396226415094,5.660377358490567,63.77358490566037
E00130461,274,54,22,32,220,31,189,19.708029197080293,8.02919708029197,11.678832116788321,80.2919708029197,11.313868613138686,68.97810218978103
E00130462,272,58,21,37,214,23,191,21.323529411764707,7.720588235294118,13.602941176470587,78.67647058823529,8.455882352941178,70.22058823529412
E00130463,371,61,20,41,310,32,278,16.442048517520217,5.3908355795148255,11.05121293800539,83.55795148247978,8.62533692722372,74.93261455525607
E00130464,249,41,9,32,208,22,186,16.46586345381526,3.614457831325301,12.851405622489958,83.53413654618474,8.835341365461847,74.69879518072288
E00130465,335,72,26,46,263,33,230,21.492537313432834,7.761194029850746,13.73134328358209,78.50746268656717,9.850746268656717,68.65671641791045
E00130466,274,49,18,31,225,25,200,17.88321167883212,6.569343065693431,11.313868613138686,82.11678832116789,9.124087591240876,72.99270072992701
E00130467,311,44,18,26,267,30,237,14.14790996784566,5.787781350482315,8.360128617363344,85.85209003215434,9.646302250803858,76.20578778135048
E00130468,615,141,70,71,474,31,443,22.926829268292686,11.38211382113821,11.544715447154472,77.07317073170732,5.040650406504065,72.03252032520325
E00130469,463,121,66,55,342,27,315,26.13390928725702,14.254859611231103,11.879049676025918,73.86609071274299,5.831533477321814,68.03455723542116
E00130470,349,98,40,58,251,29,222,28.08022922636103,11.461318051575931,16.6189111747851,71.91977077363897,8.30945558739255,63.61031518624641
E00130471,287,69,31,38,218,15,203,24.041811846689896,10.801393728222997,13.240418118466899,75.9581881533101,5.2264808362369335,70.73170731707317
E00130472,411,56,23,33,355,40,315,13.62530413625304,5.59610705596107,8.02919708029197,86.37469586374696,9.732360097323602,76.64233576642336
E00130473,324,74,37,37,250,26,224,22.839506172839506,11.419753086419753,11.419753086419753,77.1604938271605,8.024691358024691,69.1358024691358
E00130475,397,82,30,52,315,30,285,20.65491183879093,7.5566750629722925,13.09823677581864,79.34508816120906,7.5566750629722925,71.78841309823679
E00130476,286,26,7,19,260,29,231,9.090909090909092,2.4475524475524475,6.643356643356643,90.9090909090909,10.13986013986014,80.76923076923077
E00130478,222,36,11,25,186,16,170,16.216216216216218,4.954954954954955,11.26126126126126,83.78378378378379,7.207207207207207,76.57657657657657
E00130480,339,85,36,49,254,26,228,25.073746312684364,10.619469026548673,14.454277286135694,74.92625368731564,7.669616519174041,67.2566371681416
E00130481,205,34,7,27,171,20,151,16.585365853658537,3.414634146341464,13.170731707317074,83.41463414634146,9.75609756097561,73.65853658536585
E00130482,289,48,10,38,241,27,214,16.608996539792386,3.4602076124567476,13.148788927335639,83.39100346020761,9.342560553633218,74.0484429065744
E00130483,289,49,15,34,240,26,214,16.955017301038062,5.190311418685121,11.76470588235294,83.04498269896193,8.996539792387544,74.0484429065744
E00130484,221,38,15,23,183,23,160,17.194570135746606,6.787330316742081,10.407239819004525,82.80542986425338,10.407239819004525,72.39819004524887
E00130485,420,92,42,50,328,24,304,21.904761904761905,10,11.904761904761903,78.0952380952381,5.714285714285714,72.38095238095238
E00130486,338,60,27,33,278,14,264,17.75147928994083,7.988165680473373,9.763313609467456,82.24852071005917,4.142011834319527,78.10650887573965
E00130487,485,66,17,49,419,30,389,13.608247422680412,3.5051546391752577,10.103092783505154,86.3917525773196,6.185567010309279,80.20618556701031
E00130489,456,70,33,37,386,29,357,15.350877192982457,7.236842105263158,8.114035087719298,84.64912280701753,6.359649122807018,78.28947368421053
E00130491,247,52,15,37,195,19,176,21.052631578947366,6.0728744939271255,14.979757085020243,78.94736842105263,7.6923076923076925,71.25506072874494
E00130492,335,63,29,34,272,25,247,18.80597014925373,8.656716417910449,10.149253731343283,81.19402985074626,7.462686567164178,73.73134328358208
E00130493,516,110,60,50,406,32,374,21.31782945736434,11.627906976744185,9.689922480620156,78.68217054263566,6.2015503875969,72.48062015503875
E00130495,375,57,22,35,318,30,288,15.2,5.866666666666666,9.333333333333334,84.8,8,76.8
E00130496,305,36,12,24,269,26,243,11.80327868852459,3.934426229508197,7.868852459016394,88.19672131147541,8.524590163934425,79.67213114754098
E00130497,358,50,19,31,308,30,278,13.966480446927374,5.307262569832402,8.659217877094973,86.03351955307262,8.379888268156424,77.6536312849162
E00130498,204,72,36,36,132,16,116,35.294117647058826,17.647058823529413,17.647058823529413,64.70588235294117,7.8431372549019605,56.86274509803921
E00130499,289,40,17,23,249,26,223,13.84083044982699,5.88235294117647,7.958477508650519,86.159169550173,8.996539792387544,77.16262975778547
E00130500,301,47,19,28,254,28,226,15.614617940199334,6.312292358803987,9.30232558139535,84.38538205980066,9.30232558139535,75.08305647840533
E00130501,321,51,15,36,270,28,242,15.887850467289718,4.672897196261682,11.214953271028037,84.11214953271028,8.722741433021806,75.38940809968847
E00130502,528,51,12,39,477,30,447,9.659090909090908,2.272727272727273,7.386363636363637,90.3409090909091,5.681818181818182,84.6590909090909
E00130503,365,55,20,35,310,22,288,15.068493150684931,5.47945205479452,9.58904109589041,84.93150684931507,6.027397260273973,78.9041095890411
E00130505,526,62,13,49,464,48,416,11.787072243346007,2.4714828897338403,9.315589353612168,88.212927756654,9.125475285171103,79.08745247148289
E00130506,164,68,30,38,96,6,90,41.46341463414634,18.29268292682927,23.170731707317074,58.536585365853654,3.6585365853658534,54.87804878048781
E00130507,282,79,32,47,203,16,187,28.01418439716312,11.347517730496454,16.666666666666664,71.98581560283688,5.673758865248227,66.31205673758865
E00130508,332,64,26,38,268,15,253,19.27710843373494,7.83132530120482,11.44578313253012,80.72289156626506,4.518072289156627,76.20481927710844
E00130509,241,46,14,32,195,15,180,19.08713692946058,5.809128630705394,13.278008298755188,80.91286307053942,6.224066390041494,74.68879668049793
E00130510,226,40,12,28,186,7,179,17.699115044247787,5.3097345132743365,12.389380530973451,82.30088495575221,3.0973451327433628,79.20353982300885
E00130511,268,64,18,46,204,12,192,23.88059701492537,6.7164179104477615,17.16417910447761,76.11940298507463,4.477611940298507,71.64179104477611
E00130512,556,75,25,50,481,42,439,13.489208633093524,4.496402877697841,8.992805755395683,86.51079136690647,7.553956834532374,78.9568345323741
E00130513,262,92,47,45,170,13,157,35.11450381679389,17.938931297709924,17.17557251908397,64.8854961832061,4.961832061068702,59.92366412213741
E00130514,349,80,29,51,269,21,248,22.922636103151863,8.30945558739255,14.613180515759314,77.07736389684814,6.017191977077363,71.06017191977078
E00130515,267,58,19,39,209,22,187,21.722846441947567,7.116104868913857,14.606741573033707,78.27715355805243,8.239700374531834,70.0374531835206
E00130516,389,41,7,34,348,25,323,10.539845758354756,1.7994858611825193,8.740359897172237,89.46015424164524,6.426735218508997,83.03341902313625
E00130517,414,47,11,36,367,31,336,11.352657004830919,2.657004830917874,8.695652173913043,88.64734299516908,7.487922705314009,81.15942028985508
E00130518,310,106,71,35,204,18,186,34.193548387096776,22.903225806451612,11.29032258064516,65.80645161290323,5.806451612903226,60
E00130519,305,72,43,29,233,10,223,23.60655737704918,14.098360655737704,9.508196721311474,76.39344262295083,3.278688524590164,73.11475409836066
E00130521,353,40,15,25,313,32,281,11.3314447592068,4.2492917847025495,7.0821529745042495,88.6685552407932,9.06515580736544,79.60339943342775
E00130522,274,28,10,18,246,27,219,10.218978102189782,3.64963503649635,6.569343065693431,89.78102189781022,9.854014598540147,79.92700729927007
E00130524,301,35,10,25,266,27,239,11.627906976744185,3.322259136212625,8.305647840531561,88.37209302325581,8.970099667774086,79.40199335548172
E00130525,392,39,11,28,353,30,323,9.948979591836734,2.806122448979592,7.142857142857142,90.05102040816327,7.653061224489796,82.39795918367348
E00130526,227,49,22,27,178,16,162,21.58590308370044,9.691629955947137,11.894273127753303,78.41409691629956,7.048458149779736,71.36563876651982
E00130527,370,52,17,35,318,37,281,14.054054054054054,4.594594594594595,9.45945945945946,85.94594594594595,10,75.94594594594595
E00130528,433,80,36,44,353,39,314,18.475750577367204,8.314087759815243,10.161662817551962,81.5242494226328,9.006928406466514,72.51732101616628
E00130529,359,81,37,44,278,29,249,22.56267409470752,10.30640668523677,12.256267409470752,77.43732590529248,8.07799442896936,69.35933147632312
E00130530,373,31,9,22,342,41,301,8.310991957104557,2.4128686327077746,5.898123324396782,91.68900804289544,10.991957104557642,80.6970509383378
E00130531,288,54,21,33,234,26,208,18.75,7.291666666666667,11.458333333333332,81.25,9.027777777777777,72.22222222222221
E00130532,346,47,22,25,299,21,278,13.583815028901732,6.358381502890173,7.225433526011561,86.41618497109826,6.069364161849711,80.34682080924856
E00130533,212,29,9,20,183,17,166,13.679245283018867,4.245283018867925,9.433962264150944,86.32075471698113,8.018867924528301,78.30188679245283
E00130534,177,23,4,19,154,21,133,12.994350282485875,2.2598870056497176,10.734463276836157,87.00564971751412,11.864406779661017,75.14124293785311
E00130535,262,23,7,16,239,22,217,8.778625954198473,2.6717557251908395,6.106870229007633,91.22137404580153,8.396946564885496,82.82442748091603
E00130536,226,48,19,29,178,23,155,21.238938053097346,8.4070796460177,12.831858407079647,78.76106194690266,10.176991150442479,68.58407079646017
E00130537,322,95,48,47,227,20,207,29.503105590062113,14.906832298136646,14.596273291925465,70.4968944099379,6.211180124223603,64.28571428571429
E00130538,361,38,6,32,323,26,297,10.526315789473683,1.662049861495845,8.86426592797784,89.47368421052632,7.202216066481995,82.27146814404432
E00130539,125,36,13,23,89,17,72,28.799999999999997,10.4,18.4,71.2,13.600000000000001,57.599999999999994
E00130540,217,40,7,33,177,25,152,18.433179723502306,3.225806451612903,15.207373271889402,81.5668202764977,11.52073732718894,70.04608294930875
E00130541,304,73,27,46,231,11,220,24.013157894736842,8.881578947368421,15.131578947368421,75.98684210526315,3.618421052631579,72.36842105263158
E00130542,241,45,22,23,196,15,181,18.672199170124482,9.12863070539419,9.54356846473029,81.32780082987551,6.224066390041494,75.10373443983403
E00130543,296,38,12,26,258,20,238,12.837837837837837,4.054054054054054,8.783783783783784,87.16216216216216,6.756756756756757,80.4054054054054
E00130545,327,51,19,32,276,32,244,15.59633027522936,5.81039755351682,9.785932721712538,84.40366972477065,9.785932721712538,74.61773700305811
E00130546,262,47,18,29,215,27,188,17.938931297709924,6.870229007633588,11.068702290076336,82.06106870229007,10.305343511450381,71.7557251908397
E00130547,343,69,34,35,274,33,241,20.11661807580175,9.912536443148689,10.204081632653061,79.88338192419825,9.620991253644315,70.26239067055393
E00130548,295,49,11,38,246,11,235,16.610169491525422,3.728813559322034,12.88135593220339,83.38983050847457,3.728813559322034,79.66101694915254
E00130549,259,45,17,28,214,32,182,17.374517374517374,6.563706563706563,10.81081081081081,82.62548262548263,12.355212355212355,70.27027027027027
E00130550,621,86,34,52,535,35,500,13.848631239935589,5.475040257648954,8.373590982286634,86.15136876006441,5.636070853462158,80.51529790660226
E00130551,248,47,16,31,201,22,179,18.951612903225808,6.451612903225806,12.5,81.04838709677419,8.870967741935484,72.17741935483872
E00130553,270,37,12,25,233,14,219,13.703703703703704,4.444444444444445,9.25925925925926,86.29629629629629,5.185185185185185,81.11111111111111
E00130554,305,47,14,33,258,22,236,15.40983606557377,4.590163934426229,10.819672131147541,84.59016393442623,7.213114754098362,77.37704918032787
E00130555,371,72,27,45,299,30,269,19.40700808625337,7.277628032345014,12.129380053908356,80.59299191374663,8.086253369272237,72.50673854447439
E00130556,297,65,35,30,232,27,205,21.885521885521886,11.784511784511785,10.1010101010101,78.11447811447812,9.090909090909092,69.02356902356902
E00130557,331,59,25,34,272,27,245,17.82477341389728,7.552870090634441,10.27190332326284,82.17522658610272,8.157099697885197,74.01812688821752
E00130558,360,47,12,35,313,34,279,13.055555555555557,3.3333333333333335,9.722222222222223,86.94444444444444,9.444444444444445,77.5
E00130560,364,48,22,26,316,35,281,13.186813186813188,6.043956043956044,7.142857142857142,86.81318681318682,9.615384615384617,77.1978021978022
E00130561,542,81,29,52,461,47,414,14.944649446494465,5.350553505535055,9.59409594095941,85.05535055350553,8.671586715867159,76.38376383763837
E00130562,320,47,18,29,273,33,240,14.6875,5.625,9.0625,85.3125,10.3125,75
E00130563,321,66,29,37,255,25,230,20.5607476635514,9.034267912772584,11.526479750778815,79.43925233644859,7.78816199376947,71.65109034267913
E00130564,241,35,13,22,206,20,186,14.522821576763487,5.394190871369295,9.12863070539419,85.47717842323651,8.29875518672199,77.17842323651453
E00130565,312,29,7,22,283,35,248,9.294871794871796,2.2435897435897436,7.051282051282051,90.7051282051282,11.217948717948719,79.48717948717949
E00130566,306,50,25,25,256,19,237,16.33986928104575,8.169934640522875,8.169934640522875,83.66013071895425,6.209150326797386,77.45098039215686
E00130567,355,42,16,26,313,32,281,11.830985915492958,4.507042253521127,7.323943661971831,88.16901408450704,9.014084507042254,79.15492957746478
E00130568,280,35,15,20,245,28,217,12.5,5.357142857142857,7.142857142857142,87.5,10,77.5
E00130569,251,56,19,37,195,19,176,22.31075697211155,7.569721115537849,14.741035856573706,77.68924302788844,7.569721115537849,70.1195219123506
E00130570,187,24,11,13,163,17,146,12.834224598930483,5.88235294117647,6.951871657754011,87.16577540106952,9.090909090909092,78.07486631016043
E00130571,290,86,37,49,204,23,181,29.655172413793103,12.758620689655173,16.896551724137932,70.34482758620689,7.931034482758621,62.41379310344828
E00130572,326,37,13,24,289,30,259,11.349693251533742,3.9877300613496933,7.361963190184049,88.65030674846625,9.202453987730062,79.4478527607362
E00130573,404,54,15,39,350,32,318,13.366336633663368,3.7128712871287126,9.653465346534654,86.63366336633663,7.920792079207921,78.71287128712872
E00130574,367,36,12,24,331,32,299,9.809264305177113,3.2697547683923704,6.539509536784741,90.19073569482289,8.71934604904632,81.47138964577657
E00130576,322,56,20,36,266,30,236,17.391304347826086,6.211180124223603,11.180124223602485,82.6086956521739,9.316770186335404,73.29192546583852
E00130577,536,57,20,37,479,41,438,10.634328358208956,3.731343283582089,6.902985074626866,89.36567164179104,7.649253731343284,81.71641791044776
E00130578,214,34,14,20,180,17,163,15.887850467289718,6.5420560747663545,9.345794392523365,84.11214953271028,7.943925233644859,76.16822429906543
E00130579,419,38,9,29,381,30,351,9.069212410501192,2.1479713603818613,6.921241050119331,90.9307875894988,7.159904534606206,83.7708830548926
E00130581,350,31,9,22,319,29,290,8.857142857142856,2.571428571428571,6.2857142857142865,91.14285714285715,8.285714285714285,82.85714285714286
E00130583,543,75,24,51,468,40,428,13.812154696132598,4.41988950276243,9.392265193370166,86.1878453038674,7.366482504604052,78.82136279926335
E00130584,257,62,21,41,195,14,181,24.124513618677042,8.171206225680933,15.953307392996107,75.87548638132296,5.447470817120623,70.42801556420234
E00130585,314,69,28,41,245,17,228,21.97452229299363,8.9171974522293,13.05732484076433,78.02547770700637,5.414012738853503,72.61146496815286
E00130586,460,57,19,38,403,44,359,12.391304347826088,4.130434782608695,8.26086956521739,87.60869565217392,9.565217391304348,78.04347826086956
E00130587,255,23,10,13,232,15,217,9.019607843137255,3.9215686274509802,5.098039215686274,90.98039215686275,5.88235294117647,85.09803921568627
E00130588,290,58,17,41,232,27,205,20,5.862068965517241,14.13793103448276,80,9.310344827586208,70.6896551724138
E00130589,271,70,28,42,201,23,178,25.830258302583026,10.33210332103321,15.498154981549817,74.16974169741697,8.487084870848708,65.68265682656826
E00130590,271,46,13,33,225,25,200,16.974169741697416,4.797047970479705,12.177121771217712,83.02583025830258,9.22509225092251,73.80073800738008
E00130591,292,42,15,27,250,23,227,14.383561643835616,5.136986301369863,9.246575342465754,85.61643835616438,7.876712328767123,77.73972602739725
E00130592,268,29,9,20,239,24,215,10.820895522388058,3.3582089552238807,7.462686567164178,89.17910447761194,8.955223880597014,80.22388059701493
E00130593,337,41,12,29,296,23,273,12.166172106824925,3.5608308605341246,8.605341246290802,87.83382789317507,6.824925816023739,81.00890207715133
E00130594,259,48,14,34,211,27,184,18.53281853281853,5.405405405405405,13.127413127413126,81.46718146718148,10.424710424710424,71.04247104247105
E00130595,290,37,8,29,253,21,232,12.758620689655173,2.7586206896551726,10,87.24137931034483,7.241379310344828,80
E00130596,239,36,15,21,203,29,174,15.062761506276152,6.2761506276150625,8.786610878661087,84.93723849372385,12.133891213389122,72.80334728033473
E00130597,371,88,35,53,283,22,261,23.71967654986523,9.433962264150944,14.285714285714285,76.28032345013477,5.929919137466308,70.35040431266847
E00130598,300,59,29,30,241,37,204,19.666666666666664,9.666666666666666,10,80.33333333333333,12.333333333333334,68
E00130599,315,52,19,33,263,35,228,16.507936507936506,6.031746031746032,10.476190476190476,83.4920634920635,11.11111111111111,72.38095238095238
E00130600,283,48,18,30,235,30,205,16.96113074204947,6.36042402826855,10.60070671378092,83.03886925795054,10.60070671378092,72.43816254416961
E00130601,245,35,8,27,210,20,190,14.285714285714285,3.2653061224489797,11.020408163265307,85.71428571428571,8.16326530612245,77.55102040816327
E00130602,274,55,24,31,219,19,200,20.072992700729927,8.75912408759124,11.313868613138686,79.92700729927007,6.934306569343065,72.99270072992701
E00130603,331,90,57,33,241,28,213,27.19033232628399,17.220543806646525,9.969788519637463,72.80966767371602,8.459214501510575,64.35045317220543
E00130604,240,56,19,37,184,22,162,23.333333333333332,7.916666666666666,15.416666666666668,76.66666666666667,9.166666666666666,67.5
E00130605,313,58,18,40,255,37,218,18.53035143769968,5.7507987220447285,12.779552715654951,81.46964856230032,11.821086261980831,69.6485623003195
E00130606,471,176,123,53,295,26,269,37.367303609341825,26.11464968152866,11.252653927813164,62.63269639065817,5.520169851380043,57.11252653927813
E00130607,366,102,44,58,264,18,246,27.86885245901639,12.021857923497267,15.846994535519126,72.1311475409836,4.918032786885246,67.21311475409836
E00130608,351,55,16,39,296,37,259,15.669515669515668,4.5584045584045585,11.11111111111111,84.33048433048434,10.541310541310542,73.78917378917379
E00130609,258,47,18,29,211,27,184,18.217054263565892,6.976744186046512,11.24031007751938,81.78294573643412,10.465116279069768,71.31782945736434
E00130610,204,50,18,32,154,14,140,24.509803921568626,8.823529411764707,15.686274509803921,75.49019607843137,6.862745098039216,68.62745098039215
E00130611,326,78,13,65,248,40,208,23.92638036809816,3.9877300613496933,19.938650306748464,76.07361963190185,12.269938650306749,63.80368098159509
E00130612,305,71,27,44,234,25,209,23.278688524590162,8.852459016393443,14.426229508196723,76.72131147540983,8.19672131147541,68.52459016393443
E00130613,295,57,25,32,238,20,218,19.322033898305087,8.47457627118644,10.847457627118644,80.67796610169492,6.779661016949152,73.89830508474576
E00130615,468,82,27,55,386,33,353,17.52136752136752,5.769230769230769,11.752136752136751,82.47863247863248,7.051282051282051,75.42735042735043
E00130616,363,115,56,59,248,29,219,31.68044077134986,15.426997245179063,16.2534435261708,68.31955922865014,7.988980716253444,60.33057851239669
E00130617,294,54,27,27,240,22,218,18.367346938775512,9.183673469387756,9.183673469387756,81.63265306122449,7.482993197278912,74.14965986394559
E00130618,245,50,26,24,195,11,184,20.408163265306122,10.612244897959183,9.795918367346939,79.59183673469387,4.489795918367347,75.10204081632654
E00130620,233,35,16,19,198,20,178,15.021459227467812,6.866952789699571,8.15450643776824,84.97854077253218,8.583690987124463,76.39484978540773
E00130621,408,88,32,56,320,29,291,21.568627450980394,7.8431372549019605,13.725490196078432,78.43137254901961,7.107843137254902,71.32352941176471
E00130622,294,71,26,45,223,25,198,24.149659863945576,8.843537414965986,15.306122448979592,75.85034013605441,8.503401360544217,67.3469387755102
E00130624,434,55,21,34,379,35,344,12.672811059907835,4.838709677419355,7.834101382488479,87.32718894009217,8.064516129032258,79.26267281105991
E00130625,234,45,12,33,189,19,170,19.230769230769234,5.128205128205128,14.102564102564102,80.76923076923077,8.11965811965812,72.64957264957265
E00130626,272,57,25,32,215,18,197,20.955882352941178,9.191176470588236,11.76470588235294,79.04411764705883,6.61764705882353,72.42647058823529
E00130628,441,49,16,33,392,34,358,11.11111111111111,3.6281179138321997,7.482993197278912,88.88888888888889,7.709750566893423,81.17913832199547
E00130629,191,49,11,38,142,15,127,25.654450261780106,5.7591623036649215,19.895287958115183,74.3455497382199,7.853403141361256,66.49214659685863
E00130630,350,52,16,36,298,25,273,14.857142857142858,4.571428571428571,10.285714285714285,85.14285714285714,7.142857142857142,78
E00130631,282,49,16,33,233,28,205,17.375886524822697,5.673758865248227,11.702127659574469,82.62411347517731,9.929078014184398,72.69503546099291
E00130632,246,47,20,27,199,22,177,19.10569105691057,8.130081300813007,10.975609756097562,80.89430894308943,8.94308943089431,71.95121951219512
E00130633,224,32,10,22,192,22,170,14.285714285714285,4.464285714285714,9.821428571428571,85.71428571428571,9.821428571428571,75.89285714285714
E00130634,232,31,13,18,201,13,188,13.36206896551724,5.603448275862069,7.758620689655173,86.63793103448276,5.603448275862069,81.03448275862068
E00130635,332,67,29,38,265,28,237,20.180722891566266,8.734939759036145,11.44578313253012,79.81927710843374,8.433734939759036,71.3855421686747
E00130636,329,91,34,57,238,32,206,27.659574468085108,10.33434650455927,17.325227963525837,72.3404255319149,9.72644376899696,62.61398176291794
E00130637,333,93,41,52,240,21,219,27.927927927927925,12.312312312312311,15.615615615615615,72.07207207207207,6.306306306306306,65.76576576576578
E00130638,329,95,46,49,234,14,220,28.87537993920973,13.98176291793313,14.893617021276595,71.12462006079028,4.25531914893617,66.8693009118541
E00130639,424,56,19,37,368,40,328,13.20754716981132,4.481132075471698,8.726415094339622,86.79245283018868,9.433962264150944,77.35849056603774
E00130640,295,62,25,37,233,15,218,21.01694915254237,8.47457627118644,12.54237288135593,78.98305084745762,5.084745762711865,73.89830508474576
E00130641,334,93,35,58,241,24,217,27.844311377245507,10.479041916167663,17.365269461077844,72.15568862275448,7.18562874251497,64.97005988023952
E00130642,447,58,18,40,389,33,356,12.97539149888143,4.026845637583892,8.94854586129754,87.02460850111858,7.38255033557047,79.64205816554811
E00130643,328,50,18,32,278,29,249,15.24390243902439,5.487804878048781,9.75609756097561,84.7560975609756,8.841463414634147,75.91463414634147
E00130644,322,70,23,47,252,32,220,21.73913043478261,7.142857142857142,14.596273291925465,78.26086956521739,9.937888198757763,68.32298136645963
E00130645,502,87,29,58,415,45,370,17.330677290836654,5.776892430278884,11.553784860557768,82.66932270916335,8.964143426294822,73.70517928286853
E00130647,191,50,26,24,141,10,131,26.17801047120419,13.612565445026178,12.56544502617801,73.82198952879581,5.2356020942408374,68.58638743455498
E00130648,367,45,16,29,322,26,296,12.26158038147139,4.35967302452316,7.901907356948229,87.73841961852861,7.084468664850137,80.65395095367847
E00130649,598,87,28,59,511,47,464,14.54849498327759,4.682274247491638,9.866220735785953,85.45150501672241,7.859531772575251,77.59197324414716
E00130650,300,48,17,31,252,33,219,16,5.666666666666666,10.333333333333334,84,11,73
E00130651,272,47,14,33,225,25,200,17.27941176470588,5.147058823529411,12.132352941176471,82.72058823529412,9.191176470588236,73.52941176470588
E00130652,313,56,16,40,257,15,242,17.89137380191693,5.111821086261981,12.779552715654951,82.10862619808307,4.792332268370607,77.31629392971246
E00130653,309,66,22,44,243,26,217,21.35922330097087,7.119741100323624,14.239482200647249,78.64077669902912,8.414239482200648,70.22653721682848
E00130654,438,70,20,50,368,41,327,15.981735159817351,4.5662100456621,11.415525114155251,84.01826484018264,9.360730593607306,74.65753424657534
E00130655,352,63,23,40,289,24,265,17.897727272727273,6.534090909090909,11.363636363636363,82.10227272727273,6.8181818181818175,75.2840909090909
E00130656,294,44,14,30,250,18,232,14.965986394557824,4.761904761904762,10.204081632653061,85.03401360544217,6.122448979591836,78.91156462585033
E00130658,255,46,18,28,209,26,183,18.03921568627451,7.0588235294117645,10.980392156862745,81.96078431372548,10.196078431372548,71.76470588235294
E00130659,320,57,23,34,263,29,234,17.8125,7.187499999999999,10.625,82.1875,9.0625,73.125
E00130661,493,88,36,52,405,39,366,17.849898580121703,7.302231237322515,10.547667342799189,82.1501014198783,7.910750507099391,74.2393509127789
E00130662,273,43,16,27,230,19,211,15.75091575091575,5.86080586080586,9.89010989010989,84.24908424908425,6.95970695970696,77.2893772893773
E00130663,360,57,21,36,303,30,273,15.833333333333332,5.833333333333333,10,84.16666666666667,8.333333333333332,75.83333333333333
E00130664,265,65,27,38,200,17,183,24.528301886792452,10.18867924528302,14.339622641509434,75.47169811320755,6.415094339622642,69.0566037735849
E00130665,418,81,38,43,337,27,310,19.37799043062201,9.090909090909092,10.287081339712918,80.622009569378,6.4593301435406705,74.16267942583733
E00130666,377,93,35,58,284,26,258,24.6684350132626,9.283819628647215,15.384615384615385,75.3315649867374,6.896551724137931,68.43501326259947
E00130667,226,49,22,27,177,18,159,21.68141592920354,9.734513274336283,11.946902654867257,78.31858407079646,7.964601769911504,70.35398230088495
E00130668,256,40,11,29,216,15,201,15.625,4.296875,11.328125,84.375,5.859375,78.515625
E00130669,460,38,18,20,422,35,387,8.26086956521739,3.91304347826087,4.3478260869565215,91.73913043478261,7.608695652173914,84.1304347826087
E00130670,209,34,13,21,175,16,159,16.267942583732058,6.220095693779904,10.047846889952153,83.73205741626795,7.655502392344498,76.07655502392345
E00130671,313,83,48,35,230,20,210,26.517571884984026,15.335463258785943,11.182108626198083,73.48242811501598,6.3897763578274756,67.0926517571885
E00130672,364,55,21,34,309,26,283,15.10989010989011,5.769230769230769,9.340659340659341,84.89010989010988,7.142857142857142,77.74725274725274
E00130673,295,71,36,35,224,16,208,24.06779661016949,12.203389830508476,11.864406779661017,75.9322033898305,5.423728813559322,70.50847457627118
E00130674,331,38,20,18,293,20,273,11.48036253776435,6.042296072507553,5.438066465256798,88.51963746223565,6.042296072507553,82.4773413897281
E00130675,294,49,9,40,245,22,223,16.666666666666664,3.061224489795918,13.60544217687075,83.33333333333334,7.482993197278912,75.85034013605441
E00130676,303,48,24,24,255,23,232,15.841584158415841,7.920792079207921,7.920792079207921,84.15841584158416,7.590759075907591,76.56765676567657
E00130677,262,45,9,36,217,21,196,17.17557251908397,3.435114503816794,13.740458015267176,82.82442748091603,8.015267175572518,74.80916030534351
E00130678,331,54,20,34,277,22,255,16.314199395770395,6.042296072507553,10.27190332326284,83.68580060422961,6.646525679758309,77.0392749244713
E00130680,519,104,37,67,415,47,368,20.03853564547206,7.129094412331407,12.909441233140656,79.96146435452793,9.05587668593449,70.90558766859345
E00130681,310,41,18,23,269,17,252,13.225806451612904,5.806451612903226,7.419354838709677,86.7741935483871,5.483870967741936,81.29032258064515
E00130683,301,92,46,46,209,16,193,30.564784053156146,15.282392026578073,15.282392026578073,69.43521594684385,5.3156146179401995,64.11960132890366
E00130684,258,67,27,40,191,11,180,25.968992248062015,10.465116279069768,15.503875968992247,74.03100775193798,4.263565891472868,69.76744186046511
E00130685,202,50,24,26,152,16,136,24.752475247524753,11.881188118811881,12.871287128712872,75.24752475247524,7.920792079207921,67.32673267326733
E00130686,293,50,16,34,243,10,233,17.064846416382252,5.460750853242321,11.604095563139932,82.93515358361775,3.4129692832764507,79.5221843003413
E00130687,248,36,13,23,212,15,197,14.516129032258066,5.241935483870968,9.274193548387096,85.48387096774194,6.048387096774194,79.43548387096774
E00130688,258,44,20,24,214,20,194,17.05426356589147,7.751937984496124,9.30232558139535,82.94573643410853,7.751937984496124,75.1937984496124
E00130689,169,25,11,14,144,10,134,14.792899408284024,6.508875739644971,8.284023668639055,85.20710059171599,5.9171597633136095,79.28994082840237
E00130690,331,39,15,24,292,21,271,11.782477341389729,4.531722054380665,7.250755287009064,88.21752265861026,6.3444108761329305,81.87311178247734
E00130691,167,31,11,20,136,11,125,18.562874251497004,6.58682634730539,11.976047904191617,81.437125748502993,6.58682634730539,74.8502994011976
E00130692,372,46,17,29,326,30,296,12.365591397849462,4.56989247311828,7.795698924731183,87.63440860215054,8.064516129032258,79.56989247311827
E00130693,267,36,11,25,231,28,203,13.48314606741573,4.119850187265917,9.363295880149813,86.51685393258427,10.486891385767791,76.02996254681648
E00130694,178,20,8,12,158,17,141,11.235955056179774,4.49438202247191,6.741573033707865,88.76404494382022,9.550561797752808,79.21348314606742
E00130695,277,47,16,31,230,18,212,16.967509025270758,5.776173285198556,11.191335740072201,83.03249097472924,6.4981949458483745,76.53429602888086
E00130696,530,66,21,45,464,37,427,12.452830188679245,3.9622641509433962,8.49056603773585,87.54716981132076,6.981132075471698,80.56603773584906
E00130697,389,45,11,34,344,33,311,11.568123393316196,2.827763496143959,8.740359897172237,88.4318766066838,8.483290488431876,79.94858611825192
E00130698,342,45,18,27,297,30,267,13.157894736842104,5.263157894736842,7.894736842105263,86.8421052631579,8.771929824561402,78.0701754385965
E00130699,370,60,20,40,310,34,276,16.216216216216218,5.405405405405405,10.81081081081081,83.78378378378379,9.18918918918919,74.5945945945946
E00130700,260,44,12,32,216,23,193,16.923076923076923,4.615384615384616,12.307692307692308,83.07692307692308,8.846153846153847,74.23076923076923
E00130701,445,45,12,33,400,25,375,10.112359550561797,2.696629213483146,7.415730337078652,89.8876404494382,5.617977528089887,84.26966292134831
E00130702,406,48,15,33,358,33,325,11.822660098522167,3.6945812807881775,8.12807881773399,88.17733990147784,8.12807881773399,80.04926108374384
E00130703,516,75,19,56,441,36,405,14.534883720930234,3.6821705426356592,10.852713178294573,85.46511627906976,6.976744186046512,78.48837209302324
E00130704,349,44,16,28,305,19,286,12.607449856733524,4.584527220630372,8.022922636103152,87.39255014326648,5.444126074498568,81.9484240687679
E00130705,307,43,21,22,264,20,244,14.006514657980457,6.840390879478828,7.166123778501629,85.99348534201955,6.514657980456026,79.47882736156352
E00130706,279,62,30,32,217,17,200,22.22222222222222,10.75268817204301,11.469534050179211,77.77777777777779,6.093189964157706,71.68458781362007
E00130707,356,69,31,38,287,18,269,19.382022471910112,8.707865168539326,10.674157303370785,80.6179775280899,5.056179775280898,75.56179775280899
E00130708,179,43,18,25,136,12,124,24.022346368715084,10.05586592178771,13.966480446927374,75.97765363128491,6.70391061452514,69.27374301675978
E00130709,362,64,28,36,298,17,281,17.67955801104972,7.734806629834254,9.94475138121547,82.32044198895028,4.696132596685083,77.62430939226519
E00130710,321,64,25,39,257,24,233,19.937694704049843,7.78816199376947,12.149532710280374,80.06230529595015,7.476635514018691,72.58566978193146
E00130711,328,64,26,38,264,16,248,19.51219512195122,7.926829268292683,11.585365853658537,80.48780487804879,4.878048780487805,75.60975609756098
E00130712,287,78,46,32,209,11,198,27.177700348432055,16.02787456445993,11.149825783972126,72.82229965156795,3.8327526132404177,68.98954703832753
E00130713,297,44,18,26,253,28,225,14.814814814814813,6.0606060606060606,8.754208754208754,85.18518518518519,9.427609427609427,75.75757575757575
E00130714,375,73,27,46,302,23,279,19.466666666666665,7.199999999999999,12.266666666666666,80.53333333333333,6.133333333333333,74.4
E00130715,360,42,13,29,318,20,298,11.666666666666666,3.6111111111111107,8.055555555555555,88.33333333333333,5.555555555555555,82.77777777777777
E00130716,342,64,27,37,278,19,259,18.71345029239766,7.894736842105263,10.818713450292398,81.28654970760235,5.555555555555555,75.73099415204678
E00130717,302,60,23,37,242,16,226,19.867549668874172,7.6158940397351,12.251655629139073,80.13245033112582,5.298013245033113,74.83443708609272
E00130718,334,63,20,43,271,21,250,18.862275449101794,5.9880239520958085,12.874251497005988,81.1377245508982,6.287425149700598,74.8502994011976
E00130719,313,81,32,49,232,23,209,25.878594249201274,10.223642172523961,15.654952076677317,74.12140575079871,7.348242811501597,66.77316293929712
E00130720,276,50,25,25,226,16,210,18.115942028985508,9.057971014492754,9.057971014492754,81.88405797101449,5.797101449275362,76.08695652173914
E00130721,263,41,25,16,222,13,209,15.5893536121673,9.505703422053232,6.083650190114068,84.4106463878327,4.942965779467681,79.46768060836501
E00130723,348,50,13,37,298,22,276,14.367816091954023,3.7356321839080464,10.632183908045976,85.63218390804597,6.321839080459771,79.3103448275862
E00130724,382,78,44,34,304,24,280,20.418848167539267,11.518324607329843,8.900523560209423,79.58115183246073,6.282722513089005,73.29842931937172
E00130725,465,104,62,42,361,29,332,22.365591397849464,13.333333333333334,9.032258064516128,77.63440860215054,6.236559139784946,71.3978494623656
E00130726,226,57,30,27,169,13,156,25.221238938053098,13.274336283185843,11.946902654867257,74.77876106194691,5.752212389380531,69.02654867256636
E00130727,342,44,17,27,298,25,273,12.865497076023392,4.970760233918129,7.894736842105263,87.13450292397661,7.309941520467836,79.82456140350878
E00130728,302,54,25,29,248,18,230,17.880794701986755,8.27814569536424,9.602649006622517,82.11920529801324,5.960264900662252,76.15894039735099
E00130729,373,41,17,24,332,19,313,10.991957104557642,4.557640750670242,6.434316353887399,89.00804289544236,5.093833780160858,83.91420911528151
E00130730,291,48,18,30,243,22,221,16.49484536082474,6.185567010309279,10.309278350515463,83.50515463917526,7.560137457044673,75.94501718213058
E00130731,344,51,22,29,293,29,264,14.825581395348838,6.395348837209303,8.430232558139535,85.17441860465115,8.430232558139535,76.74418604651163
E00130732,336,53,21,32,283,14,269,15.773809523809524,6.25,9.523809523809524,84.22619047619048,4.166666666666666,80.05952380952381
E00130733,303,39,14,25,264,21,243,12.871287128712872,4.62046204620462,8.25082508250825,87.12871287128714,6.9306930693069315,80.19801980198021
E00130734,240,38,19,19,202,26,176,15.833333333333332,7.916666666666666,7.916666666666666,84.16666666666667,10.833333333333334,73.33333333333333
E00130735,171,25,6,19,146,10,136,14.619883040935672,3.508771929824561,11.11111111111111,85.38011695906432,5.847953216374268,79.53216374269006
E00130736,452,46,16,30,406,30,376,10.176991150442479,3.5398230088495577,6.637168141592921,89.82300884955751,6.637168141592921,83.1858407079646
E00130737,331,56,34,22,275,35,240,16.91842900302115,10.27190332326284,6.646525679758309,83.08157099697885,10.574018126888216,72.50755287009063
E00130738,396,36,14,22,360,30,330,9.090909090909092,3.535353535353535,5.555555555555555,90.9090909090909,7.575757575757576,83.33333333333334
E00130739,310,45,16,29,265,24,241,14.516129032258066,5.161290322580645,9.35483870967742,85.48387096774194,7.741935483870968,77.74193548387098
E00130740,259,42,16,26,217,27,190,16.216216216216218,6.177606177606178,10.038610038610038,83.78378378378379,10.424710424710424,73.35907335907336
E00130741,262,41,11,30,221,27,194,15.648854961832063,4.198473282442748,11.450381679389313,84.35114503816794,10.305343511450381,74.04580152671755
E00130742,305,21,9,12,284,29,255,6.885245901639345,2.9508196721311477,3.934426229508197,93.11475409836065,9.508196721311474,83.60655737704919
E00173293,159,46,24,22,113,5,108,28.930817610062892,15.09433962264151,13.836477987421384,71.0691823899371,3.1446540880503147,67.9245283018868
E00173296,380,90,40,50,290,17,273,23.684210526315788,10.526315789473683,13.157894736842104,76.31578947368422,4.473684210526316,71.84210526315789
E00173297,389,24,5,19,365,23,342,6.169665809768637,1.2853470437017995,4.884318766066838,93.83033419023135,5.912596401028278,87.91773778920309
E00173298,216,29,11,18,187,22,165,13.425925925925927,5.092592592592593,8.333333333333332,86.57407407407408,10.185185185185185,76.38888888888889
E00173299,371,47,18,29,324,28,296,12.668463611859837,4.8517520215633425,7.816711590296496,87.33153638814017,7.547169811320755,79.78436657681941
E00173301,260,28,8,20,232,21,211,10.76923076923077,3.076923076923077,7.6923076923076925,89.23076923076924,8.076923076923077,81.15384615384616
E00173303,253,22,6,16,231,24,207,8.695652173913043,2.371541501976284,6.324110671936759,91.30434782608695,9.486166007905137,81.81818181818183
E00173304,370,44,7,37,326,30,296,11.891891891891893,1.891891891891892,10,88.10810810810811,8.108108108108109,80
E00173305,415,53,13,40,362,26,336,12.771084337349398,3.132530120481928,9.63855421686747,87.2289156626506,6.265060240963856,80.96385542168674
E00173307,325,37,5,32,288,30,258,11.384615384615385,1.5384615384615385,9.846153846153847,88.61538461538461,9.230769230769232,79.38461538461539
E00173309,178,47,17,30,131,13,118,26.40449438202247,9.550561797752808,16.853932584269664,73.59550561797754,7.303370786516854,66.29213483146067
E00173310,231,21,9,12,210,15,195,9.090909090909092,3.896103896103896,5.194805194805195,90.9090909090909,6.493506493506493,84.4155844155844
E00173311,282,42,11,31,240,17,223,14.893617021276595,3.900709219858156,10.99290780141844,85.1063829787234,6.028368794326241,79.07801418439716
E00173312,193,44,37,7,149,8,141,22.797927461139896,19.170984455958546,3.6269430051813467,77.2020725388601,4.145077720207254,73.05699481865285
E00173313,192,40,15,25,152,11,141,20.833333333333336,7.8125,13.020833333333334,79.16666666666666,5.729166666666666,73.4375
E00173314,295,42,5,37,253,20,233,14.237288135593221,1.694915254237288,12.54237288135593,85.76271186440678,6.779661016949152,78.98305084745762
E00173315,471,67,19,48,404,39,365,14.225053078556263,4.033970276008493,10.191082802547772,85.77494692144374,8.280254777070063,77.49469214437367
E00173316,542,68,33,35,474,56,418,12.546125461254611,6.088560885608856,6.4575645756457565,87.4538745387454,10.33210332103321,77.12177121771218
E00173317,332,46,14,32,286,34,252,13.855421686746988,4.216867469879518,9.63855421686747,86.14457831325302,10.240963855421686,75.90361445783132
E00173318,503,42,8,34,461,41,420,8.34990059642147,1.5904572564612325,6.759443339960239,91.65009940357854,8.151093439363818,83.49900596421472
E00173319,612,66,23,43,546,53,493,10.784313725490197,3.758169934640523,7.026143790849673,89.2156862745098,8.660130718954248,80.55555555555556
E00173320,499,54,11,43,445,34,411,10.821643286573146,2.2044088176352705,8.617234468937877,89.17835671342685,6.813627254509018,82.36472945891784
E00173321,178,35,15,20,143,7,136,19.662921348314608,8.426966292134832,11.235955056179774,80.33707865168539,3.932584269662921,76.40449438202246
E00173322,135,18,5,13,117,11,106,13.333333333333334,3.7037037037037033,9.62962962962963,86.66666666666667,8.148148148148149,78.51851851851852
E00173323,588,62,14,48,526,46,480,10.54421768707483,2.380952380952381,8.16326530612245,89.45578231292517,7.8231292517006805,81.63265306122449
E00173324,401,43,12,31,358,35,323,10.723192019950124,2.9925187032418954,7.73067331670823,89.27680798004988,8.728179551122196,80.54862842892769
E00173325,298,42,16,26,256,30,226,14.093959731543624,5.369127516778524,8.724832214765101,85.90604026845638,10.06711409395973,75.83892617449665
E00173326,213,42,12,30,171,17,154,19.718309859154928,5.633802816901409,14.084507042253522,80.28169014084507,7.981220657276995,72.30046948356808
E00173327,497,73,31,42,424,34,390,14.688128772635814,6.237424547283702,8.450704225352112,85.3118712273642,6.841046277665996,78.4708249496982
E00173328,275,61,26,35,214,17,197,22.181818181818183,9.454545454545455,12.727272727272727,77.81818181818181,6.181818181818182,71.63636363636363
E00173329,243,41,20,21,202,23,179,16.872427983539097,8.23045267489712,8.641975308641975,83.1275720164609,9.465020576131687,73.66255144032921
E00173332,354,52,13,39,302,30,272,14.689265536723164,3.672316384180791,11.016949152542372,85.31073446327684,8.47457627118644,76.8361581920904
E00173333,157,34,11,23,123,9,114,21.656050955414013,7.006369426751593,14.64968152866242,78.343949044586,5.7324840764331215,72.61146496815286
E00173334,277,38,13,25,239,16,223,13.718411552346572,4.693140794223827,9.025270758122744,86.28158844765343,5.776173285198556,80.50541516245488
E00173335,338,50,15,35,288,25,263,14.792899408284024,4.437869822485207,10.355029585798817,85.20710059171599,7.396449704142012,77.81065088757396
E00173336,471,53,16,37,418,23,395,11.252653927813164,3.397027600849257,7.855626326963907,88.74734607218684,4.8832271762208075,83.86411889596603
E00173338,278,48,13,35,230,16,214,17.26618705035971,4.676258992805756,12.589928057553957,82.73381294964028,5.755395683453238,76.97841726618705
E00173339,323,34,7,27,289,25,264,10.526315789473683,2.1671826625387,8.359133126934983,89.47368421052632,7.739938080495357,81.73374613003097
E00173341,214,58,33,25,156,16,140,27.102803738317753,15.42056074766355,11.682242990654206,72.89719626168224,7.476635514018691,65.42056074766354
E00173342,342,67,46,21,275,21,254,19.5906432748538,13.450292397660817,6.140350877192982,80.4093567251462,6.140350877192982,74.26900584795322
E00173344,495,48,19,29,447,43,404,9.696969696969697,3.8383838383838382,5.858585858585859,90.30303030303031,8.686868686868687,81.61616161616162
E00173345,260,41,17,24,219,18,201,15.769230769230768,6.538461538461539,9.230769230769232,84.23076923076923,6.923076923076923,77.3076923076923
E00173346,293,54,18,36,239,28,211,18.43003412969283,6.143344709897611,12.286689419795222,81.56996587030717,9.556313993174061,72.01365187713311
E00173347,276,49,16,33,227,20,207,17.753623188405797,5.797101449275362,11.956521739130435,82.2463768115942,7.246376811594203,75
E00173348,349,53,20,33,296,26,270,15.18624641833811,5.730659025787966,9.455587392550143,84.81375358166189,7.4498567335243555,77.36389684813754
E00173349,232,26,6,20,206,21,185,11.206896551724139,2.586206896551724,8.620689655172415,88.79310344827587,9.051724137931034,79.74137931034483
E00173350,269,50,19,31,219,28,191,18.587360594795538,7.063197026022305,11.524163568773234,81.41263940520446,10.408921933085502,71.00371747211895
E00173351,120,14,3,11,106,16,90,11.666666666666666,2.5,9.166666666666666,88.33333333333333,13.333333333333334,75
E00173352,435,48,19,29,387,37,350,11.03448275862069,4.3678160919540225,6.666666666666667,88.96551724137932,8.505747126436782,80.45977011494253
E00178462,512,60,20,40,452,22,430,11.71875,3.90625,7.8125,88.28125,4.296875,83.984375
E00178467,349,66,22,44,283,23,260,18.911174785100286,6.303724928366762,12.607449856733524,81.08882521489971,6.59025787965616,74.49856733524355
E00178468,347,27,8,19,320,19,301,7.780979827089338,2.3054755043227666,5.475504322766571,92.21902017291066,5.475504322766571,86.74351585014409
E00178470,254,28,9,19,226,12,214,11.023622047244094,3.543307086614173,7.480314960629922,88.9763779527559,4.724409448818897,84.25196850393701
E00178472,235,29,11,18,206,16,190,12.340425531914894,4.680851063829787,7.659574468085106,87.65957446808511,6.808510638297872,80.85106382978722
E00178475,251,33,15,18,218,15,203,13.147410358565736,5.9760956175298805,7.171314741035857,86.85258964143426,5.9760956175298805,80.87649402390437
E00178478,440,35,7,28,405,27,378,7.954545454545454,1.5909090909090908,6.363636363636363,92.04545454545455,6.136363636363637,85.9090909090909
E00178479,238,16,5,11,222,17,205,6.722689075630252,2.100840336134454,4.621848739495799,93.27731092436974,7.142857142857142,86.1344537815126
E00178480,383,33,7,26,350,27,323,8.616187989556137,1.8276762402088773,6.7885117493472595,91.38381201044386,7.049608355091384,84.33420365535248
E00178482,265,16,4,12,249,11,238,6.037735849056604,1.509433962264151,4.528301886792453,93.9622641509434,4.150943396226415,89.81132075471699
E00178483,333,59,41,18,274,29,245,17.71771771771772,12.312312312312311,5.405405405405405,82.28228228228228,8.708708708708707,73.57357357357357
E00178484,354,45,15,30,309,14,295,12.711864406779661,4.23728813559322,8.47457627118644,87.28813559322035,3.954802259887006,83.33333333333334
E00178486,174,28,14,14,146,9,137,16.091954022988507,8.045977011494253,8.045977011494253,83.9080459770115,5.172413793103448,78.73563218390804
E00178490,463,39,7,32,424,35,389,8.423326133909287,1.511879049676026,6.911447084233262,91.5766738660907,7.559395248380129,84.01727861771057
E00178492,476,44,14,30,432,29,403,9.243697478991598,2.941176470588235,6.302521008403361,90.75630252100841,6.092436974789916,84.66386554621849
E00178493,597,81,22,59,516,35,481,13.5678391959799,3.6850921273031827,9.882747068676718,86.4321608040201,5.8626465661641545,80.56951423785594
E00178497,353,44,16,28,309,15,294,12.464589235127479,4.53257790368272,7.932011331444759,87.53541076487252,4.2492917847025495,83.28611898016997
E00178500,590,69,20,49,521,34,487,11.694915254237289,3.389830508474576,8.305084745762711,88.30508474576271,5.762711864406779,82.54237288135593
E00178503,151,18,5,13,133,10,123,11.920529801324504,3.3112582781456954,8.609271523178808,88.0794701986755,6.622516556291391,81.45695364238411
E00178514,284,32,11,21,252,22,230,11.267605633802818,3.873239436619718,7.394366197183098,88.73239436619718,7.746478873239436,80.98591549295774
E00178515,491,91,48,43,400,33,367,18.533604887983707,9.775967413441954,8.757637474541752,81.4663951120163,6.720977596741344,74.74541751527495
E00178520,164,46,23,23,118,8,110,28.04878048780488,14.02439024390244,14.02439024390244,71.95121951219512,4.878048780487805,67.07317073170732
E00178521,231,40,18,22,191,14,177,17.316017316017316,7.792207792207792,9.523809523809524,82.68398268398268,6.0606060606060606,76.62337662337663
E00178522,620,51,13,38,569,32,537,8.225806451612904,2.0967741935483875,6.129032258064516,91.77419354838709,5.161290322580645,86.61290322580645
E00178523,145,28,12,16,117,8,109,19.310344827586206,8.275862068965518,11.03448275862069,80.6896551724138,5.517241379310345,75.17241379310344
E00178525,367,71,30,41,296,16,280,19.346049046321525,8.174386920980927,11.1716621253406,80.65395095367847,4.35967302452316,76.29427792915531
E00178526,118,18,6,12,100,8,92,15.254237288135593,5.084745762711865,10.16949152542373,84.7457627118644,6.779661016949152,77.96610169491525
E00178527,572,64,30,34,508,24,484,11.188811188811188,5.244755244755245,5.944055944055944,88.81118881118881,4.195804195804196,84.61538461538461
E00178530,437,31,9,22,406,28,378,7.093821510297483,2.059496567505721,5.034324942791762,92.90617848970251,6.407322654462242,86.49885583524028
E00178535,204,13,1,12,191,19,172,6.372549019607843,0.49019607843137253,5.88235294117647,93.62745098039215,9.313725490196079,84.31372549019608
E00178539,295,41,17,24,254,32,222,13.898305084745763,5.762711864406779,8.135593220338983,86.10169491525423,10.847457627118644,75.2542372881356
E00178541,173,22,8,14,151,20,131,12.716763005780345,4.624277456647398,8.092485549132949,87.28323699421965,11.560693641618498,75.72254335260115
E00178543,108,13,4,9,95,7,88,12.037037037037036,3.7037037037037033,8.333333333333332,87.96296296296296,6.481481481481481,81.48148148148148
E00178544,574,71,19,52,503,38,465,12.369337979094077,3.3101045296167246,9.059233449477352,87.63066202090593,6.620209059233449,81.01045296167247
E00178546,550,48,9,39,502,34,468,8.727272727272728,1.6363636363636365,7.090909090909091,91.27272727272727,6.181818181818182,85.0909090909091
E00178547,318,54,22,32,264,25,239,16.9811320754717,6.918238993710692,10.062893081761008,83.01886792452831,7.861635220125786,75.15723270440252
E00178548,313,46,16,30,267,13,254,14.696485623003195,5.111821086261981,9.584664536741213,85.3035143769968,4.15335463258786,81.15015974440894
E00178550,148,19,5,14,129,9,120,12.837837837837837,3.3783783783783785,9.45945945945946,87.16216216216216,6.081081081081082,81.08108108108108
E00178553,380,65,25,40,315,37,278,17.105263157894736,6.578947368421052,10.526315789473683,82.89473684210526,9.736842105263158,73.15789473684211
E00178554,462,99,57,42,363,33,330,21.428571428571427,12.337662337662337,9.090909090909092,78.57142857142857,7.142857142857142,71.42857142857143
E00178555,440,123,42,81,317,24,293,27.954545454545453,9.545454545454547,18.409090909090907,72.04545454545455,5.454545454545454,66.5909090909091
E00178556,326,28,7,21,298,25,273,8.588957055214724,2.147239263803681,6.441717791411043,91.41104294478528,7.668711656441718,83.74233128834356
E00178558,615,53,20,33,562,28,534,8.617886178861788,3.2520325203252036,5.365853658536586,91.3821138211382,4.5528455284552845,86.82926829268293
E00178561,227,40,11,29,187,15,172,17.62114537444934,4.845814977973569,12.77533039647577,82.37885462555066,6.607929515418502,75.77092511013215
E00178562,428,32,5,27,396,23,373,7.476635514018691,1.1682242990654206,6.308411214953271,92.5233644859813,5.373831775700935,87.14953271028037
E00178565,270,37,14,23,233,18,215,13.703703703703704,5.185185185185185,8.518518518518519,86.29629629629629,6.666666666666667,79.62962962962963
E00178574,285,38,9,29,247,14,233,13.333333333333334,3.1578947368421053,10.175438596491228,86.66666666666667,4.912280701754386,81.75438596491227
E00178577,466,51,15,36,415,22,393,10.944206008583691,3.2188841201716736,7.725321888412018,89.05579399141631,4.721030042918455,84.33476394849787
E00178581,290,38,12,26,252,34,218,13.10344827586207,4.137931034482759,8.96551724137931,86.89655172413792,11.724137931034482,75.17241379310344
E00178584,623,44,6,38,579,38,541,7.062600321027287,0.9630818619582664,6.099518459069021,92.93739967897271,6.099518459069021,86.8378812199037
E00178585,387,41,12,29,346,39,307,10.594315245478036,3.10077519379845,7.493540051679587,89.40568475452196,10.077519379844961,79.32816537467701
E00178590,480,58,14,44,422,29,393,12.083333333333334,2.9166666666666665,9.166666666666666,87.91666666666667,6.041666666666667,81.875
E00178593,205,21,11,10,184,13,171,10.24390243902439,5.365853658536586,4.878048780487805,89.75609756097562,6.341463414634147,83.41463414634146
E00178594,363,60,22,38,303,39,264,16.528925619834713,6.0606060606060606,10.46831955922865,83.47107438016529,10.743801652892563,72.72727272727273
E00178596,551,47,15,32,504,22,482,8.52994555353902,2.722323049001815,5.807622504537205,91.47005444646098,3.9927404718693285,87.47731397459165
E00178598,142,17,5,12,125,11,114,11.971830985915492,3.5211267605633805,8.450704225352112,88.02816901408451,7.746478873239436,80.28169014084507
E00178599,117,21,6,15,96,6,90,17.94871794871795,5.128205128205128,12.82051282051282,82.05128205128204,5.128205128205128,76.92307692307693
E00178603,349,49,8,41,300,32,268,14.040114613180515,2.292263610315186,11.74785100286533,85.95988538681948,9.169054441260744,76.79083094555874
E00178605,172,24,9,15,148,12,136,13.953488372093023,5.232558139534884,8.720930232558139,86.04651162790698,6.976744186046512,79.06976744186046
E00178609,372,57,25,32,315,42,273,15.32258064516129,6.720430107526881,8.60215053763441,84.67741935483872,11.29032258064516,73.38709677419355
E00178610,338,39,11,28,299,20,279,11.538461538461538,3.2544378698224854,8.284023668639055,88.46153846153845,5.9171597633136095,82.54437869822485
E00178611,305,25,5,20,280,14,266,8.19672131147541,1.639344262295082,6.557377049180328,91.80327868852459,4.590163934426229,87.21311475409837
E00178613,186,42,26,16,144,7,137,22.58064516129032,13.978494623655912,8.60215053763441,77.41935483870968,3.763440860215054,73.65591397849462
E00178617,414,69,26,43,345,32,313,16.666666666666664,6.280193236714976,10.38647342995169,83.33333333333334,7.729468599033816,75.60386473429952
E00178618,271,29,7,22,242,16,226,10.70110701107011,2.5830258302583027,8.118081180811808,89.2988929889299,5.904059040590406,83.39483394833948
E00178619,132,19,4,15,113,13,100,14.393939393939394,3.0303030303030303,11.363636363636363,85.60606060606061,9.848484848484848,75.75757575757575
E00178621,207,29,11,18,178,14,164,14.009661835748794,5.314009661835748,8.695652173913043,85.99033816425121,6.763285024154589,79.22705314009661
E00178622,302,29,8,21,273,21,252,9.602649006622517,2.6490066225165565,6.95364238410596,90.39735099337747,6.95364238410596,83.44370860927152
E00178625,557,53,9,44,504,42,462,9.515260323159785,1.615798922800718,7.899461400359066,90.48473967684022,7.5403949730700175,82.9443447037702
E00178629,110,28,10,18,82,9,73,25.454545454545453,9.090909090909092,16.363636363636363,74.54545454545455,8.181818181818182,66.36363636363637
E00178631,347,30,5,25,317,17,300,8.645533141210375,1.440922190201729,7.204610951008646,91.35446685878964,4.899135446685879,86.45533141210375
E00178633,513,90,36,54,423,36,387,17.543859649122805,7.017543859649122,10.526315789473683,82.45614035087719,7.017543859649122,75.43859649122807
E00178634,455,46,17,29,409,35,374,10.10989010989011,3.7362637362637363,6.373626373626373,89.8901098901099,7.6923076923076925,82.19780219780219
