OA,ts0590001,ts0590002,ts0590003,ts0590004,ts0590005,ts0590006,ts0590007,ts0590002_PCT,ts0590003_PCT,ts0590004_PCT,ts0590005_PCT,ts0590006_PCT,ts0590007_PCT
W00005608,131,39,19,20,92,69,23,29.770992366412212,14.50381679389313,15.267175572519085,70.22900763358778,52.67175572519084,17.557251908396946
W00005609,82,24,7,17,58,48,10,29.268292682926827,8.536585365853659,20.73170731707317,70.73170731707317,58.536585365853654,12.195121951219512
W00005610,96,30,12,18,66,59,7,31.25,12.5,18.75,68.75,61.458333333333336,7.291666666666667
W00005611,141,41,16,25,100,89,11,29.078014184397162,11.347517730496454,17.73049645390071,70.92198581560284,63.12056737588653,7.801418439716312
W00005613,118,36,16,20,82,64,18,30.508474576271187,13.559322033898304,16.94915254237288,69.49152542372882,54.23728813559322,15.254237288135593
W00005614,71,27,15,12,44,31,13,38.028169014084504,21.12676056338028,16.901408450704224,61.97183098591549,43.66197183098591,18.30985915492958
W00005615,207,63,16,47,144,124,20,30.434782608695656,7.729468599033816,22.705314009661837,69.56521739130434,59.90338164251207,9.66183574879227
W00005616,182,56,18,38,126,110,16,30.76923076923077,9.89010989010989,20.87912087912088,69.23076923076923,60.43956043956044,8.791208791208792
W00005617,165,47,11,36,118,108,10,28.484848484848484,6.666666666666667,21.818181818181817,71.51515151515152,65.45454545454545,6.0606060606060606
W00005618,129,33,8,25,96,83,13,25.581395348837212,6.2015503875969,19.379844961240313,74.4186046511628,64.34108527131784,10.077519379844961
W00005619,129,28,8,20,101,89,12,21.705426356589147,6.2015503875969,15.503875968992247,78.29457364341084,68.9922480620155,9.30232558139535
W00005620,119,42,14,28,77,66,11,35.294117647058826,11.76470588235294,23.52941176470588,64.70588235294117,55.46218487394958,9.243697478991598
W00005621,139,41,14,27,98,86,12,29.496402877697843,10.071942446043165,19.424460431654676,70.50359712230215,61.87050359712231,8.633093525179856
W00005622,87,25,12,13,62,53,9,28.735632183908045,13.793103448275861,14.942528735632186,71.26436781609196,60.91954022988506,10.344827586206897
W00005623,105,34,10,24,71,58,13,32.38095238095238,9.523809523809524,22.857142857142858,67.61904761904762,55.23809523809524,12.380952380952381
W00005624,184,65,15,50,119,97,22,35.32608695652174,8.152173913043478,27.173913043478258,64.67391304347827,52.71739130434783,11.956521739130435
W00005625,144,47,19,28,97,86,11,32.63888888888889,13.194444444444445,19.444444444444446,67.36111111111111,59.72222222222222,7.638888888888889
W00005627,161,42,14,28,119,108,11,26.08695652173913,8.695652173913043,17.391304347826086,73.91304347826086,67.08074534161491,6.832298136645963
W00005628,115,38,11,27,77,62,15,33.04347826086956,9.565217391304348,23.47826086956522,66.95652173913044,53.91304347826087,13.043478260869565
W00005629,166,65,18,47,101,85,16,39.1566265060241,10.843373493975903,28.313253012048197,60.8433734939759,51.204819277108435,9.63855421686747
W00005630,142,40,13,27,102,93,9,28.169014084507044,9.15492957746479,19.014084507042252,71.83098591549296,65.49295774647888,6.338028169014084
W00005631,172,51,13,38,121,107,14,29.651162790697676,7.55813953488372,22.093023255813954,70.34883720930233,62.2093023255814,8.13953488372093
W00005632,66,27,2,25,39,38,1,40.909090909090914,3.0303030303030303,37.878787878787875,59.09090909090909,57.57575757575758,1.5151515151515151
W00005633,113,45,18,27,68,62,6,39.823008849557525,15.929203539823009,23.893805309734514,60.17699115044248,54.86725663716814,5.3097345132743365
W00005634,137,39,17,22,98,85,13,28.467153284671532,12.408759124087592,16.05839416058394,71.53284671532847,62.04379562043796,9.48905109489051
W00005635,165,60,20,40,105,95,10,36.36363636363637,12.121212121212121,24.242424242424242,63.63636363636363,57.57575757575758,6.0606060606060606
W00005636,108,38,15,23,70,66,4,35.18518518518518,13.88888888888889,21.296296296296298,64.81481481481481,61.111111111111114,3.7037037037037033
W00005637,163,66,20,46,97,81,16,40.49079754601227,12.269938650306749,28.22085889570552,59.50920245398773,49.693251533742334,9.815950920245399
W00005638,115,42,4,38,73,65,8,36.52173913043478,3.4782608695652173,33.04347826086956,63.47826086956522,56.52173913043478,6.956521739130435
W00005639,122,38,4,34,84,77,7,31.147540983606557,3.278688524590164,27.86885245901639,68.85245901639344,63.114754098360656,5.737704918032787
W00005640,113,43,16,27,70,64,6,38.05309734513274,14.15929203539823,23.893805309734514,61.94690265486725,56.63716814159292,5.3097345132743365
W00005641,100,38,13,25,62,59,3,38,13,25,62,59,3
W00005642,136,55,15,40,81,70,11,40.44117647058824,11.029411764705882,29.411764705882355,59.55882352941176,51.470588235294116,8.088235294117647
W00005643,130,44,13,31,86,77,9,33.84615384615385,10,23.846153846153847,66.15384615384615,59.23076923076923,6.923076923076923
W00005644,94,36,9,27,58,54,4,38.297872340425535,9.574468085106384,28.723404255319153,61.702127659574465,57.446808510638306,4.25531914893617
W00005645,108,40,14,26,68,62,6,37.03703703703704,12.962962962962962,24.074074074074073,62.96296296296296,57.407407407407405,5.555555555555555
W00005646,111,37,13,24,74,68,6,33.33333333333333,11.711711711711711,21.62162162162162,66.66666666666666,61.261261261261254,5.405405405405405
W00005647,167,56,14,42,111,97,14,33.532934131736525,8.383233532934131,25.149700598802394,66.46706586826348,58.08383233532935,8.383233532934131
W00005648,108,37,11,26,71,67,4,34.25925925925926,10.185185185185185,24.074074074074073,65.74074074074075,62.03703703703704,3.7037037037037033
W00005650,154,36,12,24,118,104,14,23.376623376623375,7.792207792207792,15.584415584415584,76.62337662337663,67.53246753246754,9.090909090909092
W00005651,192,56,16,40,136,120,16,29.166666666666668,8.333333333333332,20.833333333333336,70.83333333333334,62.5,8.333333333333332
W00005652,162,47,17,30,115,95,20,29.01234567901235,10.493827160493826,18.51851851851852,70.98765432098766,58.64197530864198,12.345679012345679
W00005653,101,30,13,17,71,61,10,29.7029702970297,12.871287128712872,16.831683168316832,70.29702970297029,60.396039603960396,9.900990099009901
W00005654,167,51,15,36,116,101,15,30.538922155688624,8.982035928143713,21.55688622754491,69.46107784431138,60.47904191616767,8.982035928143713
W00005655,101,29,6,23,72,62,10,28.71287128712871,5.9405940594059405,22.772277227722775,71.28712871287128,61.386138613861384,9.900990099009901
W00005656,85,40,9,31,45,39,6,47.05882352941176,10.588235294117647,36.470588235294116,52.94117647058824,45.88235294117647,7.0588235294117645
W00005657,120,48,17,31,72,61,11,40,14.166666666666666,25.833333333333336,60,50.83333333333333,9.166666666666666
W00005658,59,26,4,22,33,27,6,44.06779661016949,6.779661016949152,37.28813559322034,55.932203389830505,45.76271186440678,10.16949152542373
W00005659,190,51,11,40,139,125,14,26.842105263157894,5.7894736842105265,21.052631578947366,73.15789473684211,65.78947368421053,7.368421052631578
W00005660,130,50,8,42,80,73,7,38.46153846153847,6.153846153846154,32.30769230769231,61.53846153846154,56.15384615384615,5.384615384615385
W00005661,153,52,13,39,101,92,9,33.98692810457516,8.49673202614379,25.49019607843137,66.01307189542483,60.130718954248366,5.88235294117647
W00005662,121,39,17,22,82,76,6,32.231404958677686,14.049586776859504,18.181818181818183,67.76859504132231,62.8099173553719,4.958677685950414
W00005663,110,42,10,32,68,63,5,38.18181818181819,9.090909090909092,29.09090909090909,61.81818181818181,57.27272727272727,4.545454545454546
W00005664,120,37,9,28,83,74,9,30.833333333333336,7.5,23.333333333333332,69.16666666666667,61.66666666666667,7.5
W00005665,185,58,15,43,127,116,11,31.351351351351354,8.108108108108109,23.243243243243246,68.64864864864865,62.70270270270271,5.9459459459459465
W00005666,99,36,11,25,63,58,5,36.36363636363637,11.11111111111111,25.252525252525253,63.63636363636363,58.58585858585859,5.05050505050505
W00005667,175,46,10,36,129,118,11,26.285714285714285,5.714285714285714,20.57142857142857,73.71428571428571,67.42857142857143,6.2857142857142865
W00005668,140,52,13,39,88,80,8,37.142857142857146,9.285714285714286,27.857142857142858,62.857142857142854,57.14285714285714,5.714285714285714
W00005669,106,38,7,31,68,56,12,35.84905660377358,6.60377358490566,29.245283018867923,64.15094339622641,52.83018867924528,11.320754716981133
W00005670,125,41,14,27,84,76,8,32.800000000000004,11.200000000000001,21.6,67.2,60.8,6.4
W00005671,114,33,6,27,81,72,9,28.947368421052634,5.263157894736842,23.684210526315788,71.05263157894737,63.1578947368421,7.894736842105263
W00005672,108,33,10,23,75,68,7,30.555555555555557,9.25925925925926,21.296296296296298,69.44444444444444,62.96296296296296,6.481481481481481
W00005673,253,97,30,67,156,133,23,38.3399209486166,11.857707509881422,26.48221343873518,61.6600790513834,52.569169960474305,9.090909090909092
W00005674,68,39,7,32,29,23,6,57.35294117647059,10.294117647058822,47.05882352941176,42.64705882352941,33.82352941176471,8.823529411764707
W00005675,85,28,5,23,57,51,6,32.94117647058823,5.88235294117647,27.058823529411764,67.05882352941175,60,7.0588235294117645
W00005676,155,59,9,50,96,84,12,38.064516129032256,5.806451612903226,32.25806451612903,61.935483870967744,54.19354838709678,7.741935483870968
W00005677,63,30,13,17,33,24,9,47.61904761904761,20.634920634920633,26.984126984126984,52.38095238095239,38.095238095238095,14.285714285714285
W00005678,126,36,3,33,90,77,13,28.57142857142857,2.380952380952381,26.190476190476193,71.42857142857143,61.111111111111114,10.317460317460316
W00005679,128,48,9,39,80,65,15,37.5,7.03125,30.46875,62.5,50.78125,11.71875
W00005680,147,39,5,34,108,96,12,26.53061224489796,3.4013605442176873,23.12925170068027,73.46938775510205,65.3061224489796,8.16326530612245
W00005681,136,38,11,27,98,89,9,27.941176470588236,8.088235294117647,19.852941176470587,72.05882352941177,65.44117647058823,6.61764705882353
W00005683,128,46,16,30,82,67,15,35.9375,12.5,23.4375,64.0625,52.34375,11.71875
W00005684,143,44,12,32,99,90,9,30.76923076923077,8.391608391608392,22.377622377622377,69.23076923076923,62.93706293706294,6.293706293706294
W00005686,144,60,15,45,84,74,10,41.66666666666667,10.416666666666668,31.25,58.333333333333336,51.388888888888886,6.944444444444445
W00005687,159,62,17,45,97,89,8,38.9937106918239,10.69182389937107,28.30188679245283,61.0062893081761,55.9748427672956,5.031446540880504
W00005688,132,44,12,32,88,76,12,33.33333333333333,9.090909090909092,24.242424242424242,66.66666666666666,57.57575757575758,9.090909090909092
W00005689,158,55,21,34,103,91,12,34.810126582278485,13.291139240506327,21.518987341772153,65.18987341772153,57.59493670886076,7.59493670886076
W00005690,99,34,14,20,65,52,13,34.34343434343434,14.14141414141414,20.2020202020202,65.65656565656566,52.52525252525253,13.131313131313133
W00005691,149,40,9,31,109,95,14,26.845637583892618,6.0402684563758395,20.80536912751678,73.15436241610739,63.758389261744966,9.395973154362416
W00005692,143,44,12,32,99,86,13,30.76923076923077,8.391608391608392,22.377622377622377,69.23076923076923,60.13986013986013,9.090909090909092
W00005693,154,48,21,27,106,92,14,31.16883116883117,13.636363636363635,17.532467532467532,68.83116883116884,59.74025974025974,9.090909090909092
W00005694,139,44,15,29,95,86,9,31.654676258992804,10.79136690647482,20.863309352517987,68.34532374100719,61.87050359712231,6.474820143884892
W00005695,139,42,14,28,97,90,7,30.215827338129497,10.071942446043165,20.14388489208633,69.7841726618705,64.74820143884892,5.0359712230215825
W00005696,138,47,13,34,91,78,13,34.05797101449276,9.420289855072465,24.637681159420293,65.94202898550725,56.52173913043478,9.420289855072465
W00005697,156,50,15,35,106,95,11,32.05128205128205,9.615384615384617,22.435897435897438,67.94871794871796,60.89743589743589,7.051282051282051
W00005698,138,47,18,29,91,76,15,34.05797101449276,13.043478260869565,21.014492753623188,65.94202898550725,55.072463768115945,10.869565217391305
W00005699,149,39,11,28,110,103,7,26.174496644295303,7.38255033557047,18.79194630872483,73.8255033557047,69.12751677852349,4.697986577181208
W00005700,85,29,9,20,56,50,6,34.11764705882353,10.588235294117647,23.52941176470588,65.88235294117646,58.82352941176471,7.0588235294117645
W00005701,145,48,18,30,97,90,7,33.10344827586207,12.413793103448276,20.689655172413794,66.89655172413794,62.06896551724138,4.827586206896552
W00005702,146,47,17,30,99,84,15,32.19178082191781,11.643835616438356,20.54794520547945,67.8082191780822,57.534246575342465,10.273972602739725
W00005703,179,43,14,29,136,113,23,24.022346368715084,7.82122905027933,16.201117318435752,75.97765363128491,63.128491620111724,12.849162011173185
W00005704,101,44,10,34,57,51,6,43.56435643564357,9.900990099009901,33.663366336633665,56.43564356435643,50.495049504950494,5.9405940594059405
W00005705,141,42,9,33,99,85,14,29.78723404255319,6.382978723404255,23.404255319148938,70.2127659574468,60.28368794326241,9.929078014184398
W00005706,95,34,7,27,61,52,9,35.78947368421053,7.368421052631578,28.421052631578945,64.21052631578948,54.736842105263165,9.473684210526317
W00005707,146,52,19,33,94,88,6,35.61643835616438,13.013698630136986,22.602739726027394,64.38356164383562,60.273972602739725,4.10958904109589
W00005708,148,48,10,38,100,93,7,32.432432432432435,6.756756756756757,25.675675675675674,67.56756756756756,62.83783783783784,4.72972972972973
W00005709,106,30,6,24,76,69,7,28.30188679245283,5.660377358490567,22.641509433962266,71.69811320754717,65.09433962264151,6.60377358490566
W00005710,134,39,11,28,95,78,17,29.1044776119403,8.208955223880597,20.8955223880597,70.8955223880597,58.2089552238806,12.686567164179104
W00005711,137,52,15,37,85,73,12,37.95620437956204,10.948905109489052,27.00729927007299,62.04379562043796,53.284671532846716,8.75912408759124
W00005712,144,53,19,34,91,81,10,36.80555555555556,13.194444444444445,23.61111111111111,63.19444444444444,56.25,6.944444444444445
W00005713,158,54,9,45,104,92,12,34.177215189873415,5.69620253164557,28.48101265822785,65.82278481012658,58.22784810126582,7.59493670886076
W00005714,132,43,8,35,89,76,13,32.57575757575758,6.0606060606060606,26.515151515151516,67.42424242424242,57.57575757575758,9.848484848484848
W00005715,152,43,10,33,109,96,13,28.289473684210524,6.578947368421052,21.710526315789476,71.71052631578947,63.1578947368421,8.552631578947368
W00005716,197,56,15,41,141,125,16,28.426395939086298,7.614213197969544,20.812182741116754,71.57360406091371,63.45177664974619,8.121827411167512
W00005717,111,47,11,36,64,61,3,42.34234234234234,9.90990990990991,32.432432432432435,57.65765765765766,54.95495495495496,2.7027027027027026
W00005718,146,49,12,37,97,89,8,33.56164383561644,8.21917808219178,25.34246575342466,66.43835616438356,60.95890410958904,5.47945205479452
W00005719,156,52,17,35,104,79,25,33.33333333333333,10.897435897435898,22.435897435897438,66.66666666666666,50.641025641025635,16.025641025641026
W00005720,73,19,5,14,54,46,8,26.027397260273972,6.8493150684931505,19.17808219178082,73.97260273972603,63.013698630136986,10.95890410958904
W00005721,68,26,5,21,42,33,9,38.23529411764706,7.352941176470589,30.88235294117647,61.76470588235294,48.529411764705884,13.23529411764706
W00005722,121,40,19,21,81,62,19,33.057851239669425,15.702479338842975,17.355371900826448,66.94214876033058,51.2396694214876,15.702479338842975
W00005723,185,57,22,35,128,102,26,30.810810810810814,11.891891891891893,18.91891891891892,69.1891891891892,55.13513513513514,14.054054054054054
W00005724,97,36,11,25,61,47,14,37.11340206185567,11.34020618556701,25.773195876288657,62.88659793814433,48.45360824742268,14.432989690721648
W00005725,86,29,11,18,57,44,13,33.72093023255814,12.790697674418606,20.930232558139537,66.27906976744185,51.162790697674424,15.11627906976744
W00005726,156,53,21,32,103,72,31,33.97435897435898,13.461538461538462,20.51282051282051,66.02564102564102,46.15384615384615,19.871794871794872
W00005727,103,30,12,18,73,60,13,29.126213592233007,11.650485436893204,17.475728155339805,70.87378640776699,58.252427184466015,12.62135922330097
W00005728,123,46,20,26,77,60,17,37.39837398373984,16.260162601626014,21.138211382113823,62.601626016260155,48.78048780487805,13.821138211382115
W00005729,108,39,17,22,69,55,14,36.11111111111111,15.74074074074074,20.37037037037037,63.888888888888886,50.92592592592593,12.962962962962962
W00005730,90,25,11,14,65,54,11,27.77777777777778,12.222222222222221,15.555555555555555,72.22222222222221,60,12.222222222222221
W00005731,123,47,25,22,76,61,15,38.21138211382114,20.32520325203252,17.88617886178862,61.78861788617886,49.59349593495935,12.195121951219512
W00005732,89,25,8,17,64,50,14,28.08988764044944,8.98876404494382,19.101123595505616,71.91011235955057,56.17977528089888,15.730337078651685
W00005733,115,29,9,20,86,72,14,25.217391304347824,7.82608695652174,17.391304347826086,74.78260869565217,62.60869565217392,12.173913043478262
W00005734,174,64,17,47,110,79,31,36.7816091954023,9.770114942528735,27.011494252873565,63.2183908045977,45.40229885057471,17.81609195402299
W00005735,71,25,12,13,46,35,11,35.2112676056338,16.901408450704224,18.30985915492958,64.7887323943662,49.29577464788733,15.492957746478872
W00005736,251,72,20,52,179,128,51,28.68525896414343,7.968127490039841,20.717131474103585,71.31474103585657,50.99601593625498,20.318725099601593
W00005737,211,63,29,34,148,116,32,29.85781990521327,13.744075829383887,16.113744075829384,70.14218009478674,54.976303317535546,15.165876777251185
W00005738,165,42,19,23,123,106,17,25.454545454545453,11.515151515151516,13.939393939393941,74.54545454545455,64.24242424242425,10.303030303030303
W00005739,130,37,16,21,93,72,21,28.46153846153846,12.307692307692308,16.153846153846153,71.53846153846153,55.38461538461539,16.153846153846153
W00005740,137,43,11,32,94,77,17,31.386861313868614,8.02919708029197,23.357664233576642,68.61313868613139,56.20437956204379,12.408759124087592
W00005741,144,44,16,28,100,89,11,30.555555555555557,11.11111111111111,19.444444444444446,69.44444444444444,61.80555555555556,7.638888888888889
W00005742,120,37,14,23,83,72,11,30.833333333333336,11.666666666666666,19.166666666666668,69.16666666666667,60,9.166666666666666
W00005743,306,74,19,55,232,204,28,24.183006535947712,6.209150326797386,17.973856209150327,75.81699346405229,66.66666666666666,9.15032679738562
W00005744,121,32,9,23,89,75,14,26.446280991735538,7.43801652892562,19.00826446280992,73.55371900826447,61.98347107438017,11.570247933884298
W00005745,189,69,15,54,120,101,19,36.507936507936506,7.936507936507936,28.57142857142857,63.49206349206349,53.43915343915344,10.052910052910052
W00005746,135,34,7,27,101,96,5,25.185185185185183,5.185185185185185,20,74.81481481481481,71.11111111111111,3.7037037037037033
W00005747,140,38,18,20,102,93,9,27.142857142857142,12.857142857142856,14.285714285714285,72.85714285714285,66.42857142857143,6.428571428571428
W00005748,119,36,9,27,83,73,10,30.252100840336134,7.563025210084033,22.689075630252102,69.74789915966386,61.34453781512605,8.403361344537815
W00005749,146,37,13,24,109,85,24,25.34246575342466,8.904109589041095,16.43835616438356,74.65753424657534,58.21917808219178,16.43835616438356
W00005750,129,51,11,40,78,69,9,39.53488372093023,8.527131782945736,31.007751937984494,60.46511627906976,53.48837209302325,6.976744186046512
W00005751,143,46,17,29,97,85,12,32.16783216783217,11.888111888111888,20.27972027972028,67.83216783216784,59.44055944055944,8.391608391608392
W00005752,124,40,8,32,84,65,19,32.25806451612903,6.451612903225806,25.806451612903224,67.74193548387096,52.41935483870967,15.32258064516129
W00005753,133,39,12,27,94,80,14,29.32330827067669,9.022556390977442,20.30075187969925,70.67669172932331,60.150375939849624,10.526315789473683
W00005754,108,38,13,25,70,61,9,35.18518518518518,12.037037037037036,23.14814814814815,64.81481481481481,56.481481481481474,8.333333333333332
W00005755,131,44,15,29,87,62,25,33.587786259541986,11.450381679389313,22.137404580152673,66.41221374045801,47.32824427480916,19.083969465648856
W00005756,122,35,8,27,87,73,14,28.688524590163933,6.557377049180328,22.131147540983605,71.31147540983606,59.83606557377049,11.475409836065573
W00005757,157,41,13,28,116,104,12,26.11464968152866,8.280254777070063,17.8343949044586,73.88535031847134,66.2420382165605,7.643312101910828
W00005758,69,19,7,12,50,44,6,27.536231884057973,10.144927536231885,17.391304347826086,72.46376811594203,63.76811594202898,8.695652173913043
W00005759,122,49,17,32,73,58,15,40.16393442622951,13.934426229508196,26.229508196721312,59.83606557377049,47.540983606557376,12.295081967213115
W00005760,141,50,19,31,91,68,23,35.46099290780142,13.47517730496454,21.98581560283688,64.53900709219859,48.226950354609926,16.312056737588655
W00005761,133,38,13,25,95,82,13,28.57142857142857,9.774436090225564,18.796992481203006,71.42857142857143,61.65413533834586,9.774436090225564
W00005762,248,70,26,44,178,154,24,28.225806451612907,10.483870967741936,17.741935483870968,71.7741935483871,62.096774193548384,9.67741935483871
W00005763,109,38,13,25,71,59,12,34.862385321100916,11.926605504587156,22.93577981651376,65.13761467889908,54.12844036697248,11.009174311926607
W00005764,98,32,7,25,66,57,9,32.6530612244898,7.142857142857142,25.510204081632654,67.3469387755102,58.16326530612245,9.183673469387756
W00005765,173,57,19,38,116,82,34,32.947976878612714,10.982658959537572,21.965317919075144,67.05202312138728,47.398843930635834,19.653179190751445
W00005766,142,27,5,22,115,104,11,19.014084507042252,3.5211267605633805,15.492957746478872,80.98591549295774,73.23943661971832,7.746478873239436
W00005767,153,52,6,46,101,93,8,33.98692810457516,3.9215686274509802,30.065359477124183,66.01307189542483,60.78431372549019,5.228758169934641
W00005768,99,26,9,17,73,61,12,26.262626262626267,9.090909090909092,17.17171717171717,73.73737373737373,61.61616161616161,12.121212121212121
W00005769,130,43,10,33,87,78,9,33.07692307692307,7.6923076923076925,25.384615384615383,66.92307692307692,60,6.923076923076923
W00005770,107,35,10,25,72,61,11,32.71028037383177,9.345794392523365,23.364485981308412,67.28971962616822,57.009345794392516,10.2803738317757
W00005771,129,42,13,29,87,75,12,32.55813953488372,10.077519379844961,22.48062015503876,67.44186046511628,58.139534883720934,9.30232558139535
W00005773,99,27,5,22,72,62,10,27.27272727272727,5.05050505050505,22.22222222222222,72.72727272727273,62.62626262626263,10.1010101010101
W00005774,120,41,10,31,79,64,15,34.166666666666664,8.333333333333332,25.833333333333336,65.83333333333333,53.333333333333336,12.5
W00005775,116,39,8,31,77,61,16,33.62068965517241,6.896551724137931,26.72413793103448,66.37931034482759,52.58620689655172,13.793103448275861
W00005776,81,32,8,24,49,43,6,39.50617283950617,9.876543209876543,29.629629629629626,60.49382716049383,53.086419753086425,7.4074074074074066
W00005777,131,35,9,26,96,83,13,26.717557251908396,6.870229007633588,19.84732824427481,73.2824427480916,63.358778625954194,9.923664122137405
W00005778,145,47,14,33,98,79,19,32.41379310344827,9.655172413793103,22.758620689655174,67.58620689655173,54.48275862068965,13.10344827586207
W00005779,99,26,6,20,73,66,7,26.262626262626267,6.0606060606060606,20.2020202020202,73.73737373737373,66.66666666666666,7.07070707070707
W00005780,100,32,7,25,68,66,2,32,7.000000000000001,25,68,66,2
W00005781,134,39,11,28,95,86,9,29.1044776119403,8.208955223880597,20.8955223880597,70.8955223880597,64.17910447761194,6.7164179104477615
W00005782,121,46,8,38,75,67,8,38.01652892561984,6.6115702479338845,31.40495867768595,61.98347107438017,55.371900826446286,6.6115702479338845
W00005783,125,42,11,31,83,76,7,33.6,8.799999999999999,24.8,66.4,60.8,5.6000000000000005
W00005784,164,59,13,46,105,88,17,35.97560975609756,7.926829268292683,28.04878048780488,64.02439024390245,53.65853658536586,10.365853658536585
W00005785,160,81,23,58,79,68,11,50.625,14.374999999999998,36.25,49.375,42.5,6.875000000000001
W00005786,140,54,12,42,86,77,9,38.57142857142858,8.571428571428571,30,61.42857142857143,55.00000000000001,6.428571428571428
W00005787,90,40,12,28,50,41,9,44.44444444444444,13.333333333333334,31.11111111111111,55.55555555555556,45.55555555555556,10
W00005788,78,23,9,14,55,44,11,29.48717948717949,11.538461538461538,17.94871794871795,70.51282051282051,56.41025641025641,14.102564102564102
W00005789,93,28,8,20,65,58,7,30.107526881720432,8.60215053763441,21.50537634408602,69.89247311827957,62.365591397849464,7.526881720430108
W00005790,103,43,13,30,60,54,6,41.74757281553398,12.62135922330097,29.126213592233007,58.252427184466015,52.42718446601942,5.825242718446602
W00005791,160,32,7,25,128,121,7,20,4.375,15.625,80,75.625,4.375
W00005792,81,27,7,20,54,46,8,33.33333333333333,8.641975308641975,24.691358024691358,66.66666666666666,56.79012345679012,9.876543209876543
W00005793,96,25,5,20,71,66,5,26.041666666666668,5.208333333333334,20.833333333333336,73.95833333333334,68.75,5.208333333333334
W00005794,118,38,9,29,80,71,9,32.20338983050847,7.627118644067797,24.576271186440678,67.79661016949152,60.16949152542372,7.627118644067797
W00005795,99,39,8,31,60,55,5,39.39393939393939,8.080808080808081,31.313131313131315,60.60606060606061,55.55555555555556,5.05050505050505
W00005796,138,50,18,32,88,76,12,36.231884057971016,13.043478260869565,23.18840579710145,63.76811594202898,55.072463768115945,8.695652173913043
W00005797,209,61,15,46,148,130,18,29.1866028708134,7.177033492822966,22.00956937799043,70.81339712918661,62.20095693779905,8.61244019138756
W00005798,70,27,8,19,43,43,0,38.57142857142858,11.428571428571429,27.142857142857142,61.42857142857143,61.42857142857143,0
W00005799,111,38,7,31,73,65,8,34.234234234234236,6.306306306306306,27.927927927927925,65.76576576576578,58.55855855855856,7.207207207207207
W00005800,103,38,15,23,65,60,5,36.89320388349515,14.563106796116504,22.330097087378643,63.10679611650486,58.252427184466015,4.854368932038835
W00005801,143,50,12,38,93,75,18,34.96503496503497,8.391608391608392,26.573426573426573,65.03496503496503,52.44755244755245,12.587412587412588
W00005802,112,41,9,32,71,62,9,36.607142857142854,8.035714285714286,28.57142857142857,63.39285714285714,55.35714285714286,8.035714285714286
W00005803,125,46,15,31,79,68,11,36.8,12,24.8,63.2,54.400000000000006,8.799999999999999
W00005804,134,42,10,32,92,76,16,31.343283582089555,7.462686567164178,23.88059701492537,68.65671641791045,56.71641791044776,11.940298507462686
W00005805,103,34,10,24,69,61,8,33.00970873786408,9.70873786407767,23.300970873786408,66.99029126213593,59.22330097087378,7.766990291262135
W00005806,94,34,15,19,60,46,14,36.17021276595745,15.957446808510639,20.212765957446805,63.829787234042556,48.93617021276596,14.893617021276595
W00005807,77,40,6,34,37,32,5,51.94805194805194,7.792207792207792,44.15584415584416,48.05194805194805,41.55844155844156,6.493506493506493
W00005808,117,39,7,32,78,69,9,33.33333333333333,5.982905982905983,27.350427350427353,66.66666666666666,58.97435897435898,7.6923076923076925
W00005809,102,29,7,22,73,60,13,28.431372549019606,6.862745098039216,21.568627450980394,71.56862745098039,58.82352941176471,12.745098039215685
W00005810,78,25,7,18,53,48,5,32.05128205128205,8.974358974358974,23.076923076923077,67.94871794871796,61.53846153846154,6.41025641025641
W00005811,130,42,18,24,88,73,15,32.30769230769231,13.846153846153847,18.461538461538463,67.6923076923077,56.15384615384615,11.538461538461538
W00005812,215,54,19,35,161,145,16,25.116279069767444,8.837209302325581,16.27906976744186,74.88372093023256,67.44186046511628,7.441860465116279
W00005813,144,45,13,32,99,90,9,31.25,9.027777777777777,22.22222222222222,68.75,62.5,6.25
W00005814,178,54,19,35,124,110,14,30.337078651685395,10.674157303370785,19.662921348314608,69.66292134831461,61.79775280898876,7.865168539325842
W00005815,133,33,9,24,100,86,14,24.81203007518797,6.7669172932330826,18.045112781954884,75.18796992481202,64.66165413533834,10.526315789473683
W00005816,157,47,13,34,110,97,13,29.936305732484076,8.280254777070063,21.656050955414013,70.06369426751591,61.78343949044586,8.280254777070063
W00005817,185,52,13,39,133,115,18,28.10810810810811,7.027027027027027,21.08108108108108,71.89189189189189,62.16216216216216,9.72972972972973
W00005818,170,51,15,36,119,110,9,30,8.823529411764707,21.176470588235293,70,64.70588235294117,5.294117647058823
W00005819,121,38,11,27,83,78,5,31.40495867768595,9.090909090909092,22.31404958677686,68.59504132231406,64.46280991735537,4.132231404958678
W00005820,162,41,8,33,121,107,14,25.308641975308642,4.938271604938271,20.37037037037037,74.69135802469135,66.0493827160494,8.641975308641975
W00005821,191,60,14,46,131,119,12,31.413612565445025,7.329842931937172,24.083769633507853,68.58638743455498,62.30366492146597,6.282722513089005
W00005822,167,42,14,28,125,109,16,25.149700598802394,8.383233532934131,16.766467065868262,74.8502994011976,65.26946107784431,9.580838323353294
W00005823,147,37,9,28,110,94,16,25.170068027210885,6.122448979591836,19.047619047619047,74.82993197278913,63.94557823129252,10.884353741496598
W00005824,156,54,11,43,102,90,12,34.61538461538461,7.051282051282051,27.564102564102566,65.38461538461539,57.692307692307686,7.6923076923076925
W00005825,113,32,9,23,81,72,9,28.31858407079646,7.964601769911504,20.353982300884958,71.68141592920354,63.716814159292035,7.964601769911504
W00005826,90,24,6,18,66,58,8,26.666666666666668,6.666666666666667,20,73.33333333333333,64.44444444444444,8.88888888888889
W00005827,89,21,3,18,68,60,8,23.595505617977526,3.3707865168539324,20.224719101123593,76.40449438202246,67.41573033707866,8.98876404494382
W00005828,120,35,13,22,85,78,7,29.166666666666668,10.833333333333334,18.333333333333332,70.83333333333334,65,5.833333333333333
W00005829,153,40,13,27,113,106,7,26.143790849673206,8.49673202614379,17.647058823529413,73.8562091503268,69.28104575163398,4.57516339869281
W00005830,128,34,8,26,94,82,12,26.5625,6.25,20.3125,73.4375,64.0625,9.375
W00005831,160,28,8,20,132,117,15,17.5,5,12.5,82.5,73.125,9.375
W00005832,134,34,14,20,100,85,15,25.37313432835821,10.44776119402985,14.925373134328357,74.6268656716418,63.43283582089553,11.194029850746269
W00005833,190,56,10,46,134,120,14,29.47368421052631,5.263157894736842,24.210526315789473,70.52631578947368,63.1578947368421,7.368421052631578
W00005834,92,29,12,17,63,54,9,31.521739130434785,13.043478260869565,18.478260869565215,68.47826086956522,58.69565217391305,9.782608695652174
W00005835,117,28,9,19,89,83,6,23.931623931623932,7.6923076923076925,16.23931623931624,76.06837606837607,70.94017094017094,5.128205128205128
W00005836,284,84,22,62,200,156,44,29.577464788732392,7.746478873239436,21.830985915492956,70.4225352112676,54.929577464788736,15.492957746478872
W00005837,194,62,21,41,132,99,33,31.958762886597935,10.824742268041238,21.1340206185567,68.04123711340206,51.03092783505154,17.010309278350515
W00005838,131,54,17,37,77,61,16,41.221374045801525,12.977099236641221,28.24427480916031,58.778625954198475,46.56488549618321,12.213740458015266
W00005839,168,42,20,22,126,91,35,25,11.904761904761903,13.095238095238097,75,54.166666666666664,20.833333333333336
W00005840,148,41,18,23,107,81,26,27.7027027027027,12.162162162162163,15.54054054054054,72.2972972972973,54.729729729729726,17.56756756756757
W00005841,207,63,18,45,144,114,30,30.434782608695656,8.695652173913043,21.73913043478261,69.56521739130434,55.072463768115945,14.492753623188406
W00005842,181,50,20,30,131,102,29,27.624309392265197,11.049723756906078,16.574585635359114,72.37569060773481,56.353591160220994,16.022099447513813
W00005843,156,45,17,28,111,85,26,28.846153846153843,10.897435897435898,17.94871794871795,71.15384615384616,54.48717948717948,16.666666666666664
W00005844,78,27,8,19,51,46,5,34.61538461538461,10.256410256410255,24.358974358974358,65.38461538461539,58.97435897435898,6.41025641025641
W00005845,148,40,18,22,108,99,9,27.027027027027028,12.162162162162163,14.864864864864865,72.97297297297297,66.8918918918919,6.081081081081082
W00005846,71,26,6,20,45,38,7,36.61971830985916,8.450704225352112,28.169014084507044,63.38028169014085,53.52112676056338,9.859154929577464
W00005847,291,61,17,44,230,197,33,20.962199312714777,5.841924398625429,15.120274914089347,79.03780068728523,67.69759450171821,11.34020618556701
W00005848,144,40,11,29,104,91,13,27.77777777777778,7.638888888888889,20.13888888888889,72.22222222222221,63.19444444444444,9.027777777777777
W00005849,138,51,13,38,87,74,13,36.95652173913043,9.420289855072465,27.536231884057973,63.04347826086957,53.62318840579711,9.420289855072465
W00005850,128,35,7,28,93,79,14,27.34375,5.46875,21.875,72.65625,61.71875,10.9375
W00005851,101,28,8,20,73,64,9,27.722772277227726,7.920792079207921,19.801980198019802,72.27722772277228,63.366336633663366,8.91089108910891
W00005852,99,34,11,23,65,56,9,34.34343434343434,11.11111111111111,23.232323232323232,65.65656565656566,56.56565656565656,9.090909090909092
W00005853,113,36,15,21,77,70,7,31.858407079646017,13.274336283185843,18.58407079646018,68.14159292035397,61.94690265486725,6.1946902654867255
W00005854,137,40,15,25,97,90,7,29.1970802919708,10.948905109489052,18.248175182481752,70.8029197080292,65.69343065693431,5.109489051094891
W00005855,136,37,11,26,99,91,8,27.205882352941174,8.088235294117647,19.11764705882353,72.79411764705883,66.91176470588235,5.88235294117647
W00005856,135,42,13,29,93,80,13,31.11111111111111,9.62962962962963,21.48148148148148,68.88888888888889,59.25925925925925,9.62962962962963
W00005857,24,18,6,12,6,6,0,75,25,50,25,25,0
W00005858,164,38,11,27,126,108,18,23.170731707317074,6.707317073170732,16.463414634146343,76.82926829268293,65.85365853658537,10.975609756097562
W00005859,129,33,11,22,96,78,18,25.581395348837212,8.527131782945736,17.05426356589147,74.4186046511628,60.46511627906976,13.953488372093023
W00005860,132,46,15,31,86,69,17,34.84848484848485,11.363636363636363,23.484848484848484,65.15151515151516,52.27272727272727,12.878787878787879
W00005861,111,27,9,18,84,71,13,24.324324324324326,8.108108108108109,16.216216216216218,75.67567567567568,63.96396396396396,11.711711711711711
W00005863,93,28,11,17,65,44,21,30.107526881720432,11.827956989247312,18.27956989247312,69.89247311827957,47.31182795698925,22.58064516129032
W00005864,157,40,11,29,117,94,23,25.477707006369428,7.006369426751593,18.471337579617835,74.52229299363057,59.87261146496815,14.64968152866242
W00005865,114,34,10,24,80,66,14,29.82456140350877,8.771929824561402,21.052631578947366,70.17543859649122,57.89473684210527,12.280701754385964
W00005866,142,43,10,33,99,92,7,30.28169014084507,7.042253521126761,23.239436619718308,69.71830985915493,64.7887323943662,4.929577464788732
W00005867,96,34,13,21,62,52,10,35.41666666666667,13.541666666666666,21.875,64.58333333333334,54.166666666666664,10.416666666666668
W00005868,118,31,18,13,87,76,11,26.27118644067797,15.254237288135593,11.016949152542372,73.72881355932203,64.40677966101694,9.322033898305085
W00005869,124,33,9,24,91,75,16,26.61290322580645,7.258064516129033,19.35483870967742,73.38709677419355,60.483870967741936,12.903225806451612
W00005870,124,45,11,34,79,69,10,36.29032258064516,8.870967741935484,27.419354838709676,63.70967741935484,55.64516129032258,8.064516129032258
W00005871,127,38,17,21,89,75,14,29.92125984251969,13.385826771653544,16.535433070866144,70.07874015748031,59.055118110236215,11.023622047244094
W00005872,96,25,7,18,71,66,5,26.041666666666668,7.291666666666667,18.75,73.95833333333334,68.75,5.208333333333334
W00005873,163,38,11,27,125,110,15,23.31288343558282,6.748466257668712,16.56441717791411,76.68711656441718,67.48466257668711,9.202453987730062
W00005874,104,31,13,18,73,63,10,29.807692307692307,12.5,17.307692307692307,70.1923076923077,60.57692307692307,9.615384615384617
W00005875,106,38,9,29,68,62,6,35.84905660377358,8.49056603773585,27.358490566037734,64.15094339622641,58.490566037735846,5.660377358490567
W00005876,91,30,15,15,61,48,13,32.967032967032964,16.483516483516482,16.483516483516482,67.03296703296702,52.74725274725275,14.285714285714285
W00005878,234,73,34,39,161,115,46,31.196581196581196,14.529914529914532,16.666666666666664,68.80341880341881,49.14529914529914,19.65811965811966
W00005879,219,67,20,47,152,101,51,30.59360730593607,9.1324200913242,21.461187214611872,69.40639269406392,46.118721461187214,23.28767123287671
W00005880,93,27,10,17,66,48,18,29.03225806451613,10.75268817204301,18.27956989247312,70.96774193548387,51.61290322580645,19.35483870967742
W00005881,77,26,8,18,51,44,7,33.76623376623377,10.38961038961039,23.376623376623375,66.23376623376623,57.14285714285714,9.090909090909092
W00005882,195,59,14,45,136,105,31,30.256410256410255,7.179487179487179,23.076923076923077,69.74358974358974,53.84615384615385,15.897435897435896
W00005883,267,87,31,56,180,126,54,32.58426966292135,11.610486891385769,20.973782771535582,67.41573033707866,47.19101123595505,20.224719101123593
W00005884,131,36,10,26,95,81,14,27.480916030534353,7.633587786259542,19.84732824427481,72.51908396946564,61.832061068702295,10.687022900763358
W00005885,152,39,17,22,113,87,26,25.657894736842106,11.18421052631579,14.473684210526317,74.3421052631579,57.23684210526315,17.105263157894736
W00005886,62,19,11,8,43,37,6,30.64516129032258,17.741935483870968,12.903225806451612,69.35483870967742,59.67741935483871,9.67741935483871
W00005887,124,36,13,23,88,68,20,29.03225806451613,10.483870967741936,18.548387096774192,70.96774193548387,54.83870967741935,16.129032258064516
W00005888,123,42,15,27,81,64,17,34.146341463414636,12.195121951219512,21.951219512195124,65.85365853658537,52.03252032520326,13.821138211382115
W00005889,160,54,18,36,106,87,19,33.75,11.25,22.5,66.25,54.37499999999999,11.875
W00005890,172,57,16,41,115,100,15,33.13953488372093,9.30232558139535,23.837209302325583,66.86046511627907,58.139534883720934,8.720930232558139
W00005891,116,40,18,22,76,54,22,34.48275862068966,15.517241379310345,18.96551724137931,65.51724137931035,46.55172413793103,18.96551724137931
W00005892,143,50,14,36,93,73,20,34.96503496503497,9.79020979020979,25.174825174825177,65.03496503496503,51.048951048951054,13.986013986013987
W00005894,140,38,13,25,102,75,27,27.142857142857142,9.285714285714286,17.857142857142858,72.85714285714285,53.57142857142857,19.28571428571429
W00005895,136,44,23,21,92,65,27,32.35294117647059,16.911764705882355,15.441176470588236,67.64705882352942,47.794117647058826,19.852941176470587
W00005896,126,36,9,27,90,82,8,28.57142857142857,7.142857142857142,21.428571428571427,71.42857142857143,65.07936507936508,6.349206349206349
W00005897,127,41,13,28,86,73,13,32.28346456692913,10.236220472440944,22.04724409448819,67.71653543307087,57.48031496062992,10.236220472440944
W00005898,112,38,12,26,74,64,10,33.92857142857143,10.714285714285714,23.214285714285715,66.07142857142857,57.14285714285714,8.928571428571429
W00005899,113,41,16,25,72,52,20,36.283185840707965,14.15929203539823,22.123893805309734,63.716814159292035,46.017699115044245,17.699115044247787
W00005900,180,48,18,30,132,99,33,26.666666666666668,10,16.666666666666664,73.33333333333333,55.00000000000001,18.333333333333332
W00005901,203,66,24,42,137,97,40,32.51231527093596,11.822660098522167,20.689655172413794,67.48768472906403,47.783251231527096,19.704433497536947
W00005902,133,39,15,24,94,83,11,29.32330827067669,11.278195488721805,18.045112781954884,70.67669172932331,62.40601503759399,8.270676691729323
W00005903,192,49,15,34,143,123,20,25.520833333333332,7.8125,17.708333333333336,74.47916666666666,64.0625,10.416666666666668
W00005905,65,24,5,19,41,35,6,36.92307692307693,7.6923076923076925,29.230769230769234,63.07692307692307,53.84615384615385,9.230769230769232
W00005906,163,48,27,21,115,85,30,29.447852760736197,16.56441717791411,12.883435582822086,70.5521472392638,52.14723926380368,18.404907975460123
W00005907,133,32,10,22,101,94,7,24.06015037593985,7.518796992481203,16.541353383458645,75.93984962406014,70.67669172932331,5.263157894736842
W00005908,111,36,13,23,75,68,7,32.432432432432435,11.711711711711711,20.72072072072072,67.56756756756756,61.261261261261254,6.306306306306306
W00005909,125,42,13,29,83,73,10,33.6,10.4,23.200000000000003,66.4,58.4,8
W00005910,74,24,8,16,50,44,6,32.432432432432435,10.81081081081081,21.62162162162162,67.56756756756756,59.45945945945946,8.108108108108109
W00005911,104,32,13,19,72,60,12,30.76923076923077,12.5,18.269230769230766,69.23076923076923,57.692307692307686,11.538461538461538
W00005913,135,50,12,38,85,73,12,37.03703703703704,8.88888888888889,28.14814814814815,62.96296296296296,54.074074074074076,8.88888888888889
W00005914,198,64,14,50,134,106,28,32.323232323232325,7.07070707070707,25.252525252525253,67.67676767676768,53.535353535353536,14.14141414141414
W00005915,119,35,12,23,84,70,14,29.411764705882355,10.084033613445378,19.327731092436977,70.58823529411765,58.82352941176471,11.76470588235294
W00005916,109,29,9,20,80,72,8,26.605504587155966,8.256880733944955,18.34862385321101,73.39449541284404,66.05504587155964,7.339449541284404
W00005917,81,28,9,19,53,49,4,34.5679012345679,11.11111111111111,23.456790123456788,65.4320987654321,60.49382716049383,4.938271604938271
W00005918,136,39,13,26,97,84,13,28.676470588235293,9.558823529411764,19.11764705882353,71.32352941176471,61.76470588235294,9.558823529411764
W00005919,146,45,15,30,101,88,13,30.82191780821918,10.273972602739725,20.54794520547945,69.17808219178082,60.273972602739725,8.904109589041095
W00005920,210,67,25,42,143,114,29,31.9047619047619,11.904761904761903,20,68.0952380952381,54.285714285714285,13.80952380952381
W00005921,153,43,12,31,110,97,13,28.104575163398692,7.8431372549019605,20.26143790849673,71.89542483660131,63.39869281045751,8.49673202614379
W00005922,132,43,14,29,89,81,8,32.57575757575758,10.606060606060606,21.96969696969697,67.42424242424242,61.36363636363637,6.0606060606060606
W00005925,164,39,14,25,125,106,19,23.78048780487805,8.536585365853659,15.24390243902439,76.21951219512195,64.63414634146342,11.585365853658537
W00005926,108,21,7,14,87,69,18,19.444444444444446,6.481481481481481,12.962962962962962,80.55555555555556,63.888888888888886,16.666666666666664
W00005927,115,32,14,18,83,70,13,27.82608695652174,12.173913043478262,15.65217391304348,72.17391304347827,60.86956521739131,11.304347826086957
W00005928,193,58,20,38,135,111,24,30.05181347150259,10.362694300518134,19.689119170984455,69.94818652849742,57.51295336787565,12.435233160621761
W00005929,135,51,21,30,84,72,12,37.77777777777778,15.555555555555555,22.22222222222222,62.22222222222222,53.333333333333336,8.88888888888889
W00005930,101,29,10,19,72,64,8,28.71287128712871,9.900990099009901,18.81188118811881,71.28712871287128,63.366336633663366,7.920792079207921
W00005931,88,32,13,19,56,45,11,36.36363636363637,14.772727272727273,21.59090909090909,63.63636363636363,51.13636363636363,12.5
W00005933,156,55,11,44,101,87,14,35.256410256410255,7.051282051282051,28.205128205128204,64.74358974358975,55.769230769230774,8.974358974358974
W00005934,130,46,16,30,84,72,12,35.38461538461539,12.307692307692308,23.076923076923077,64.61538461538461,55.38461538461539,9.230769230769232
W00005935,161,50,15,35,111,99,12,31.05590062111801,9.316770186335404,21.73913043478261,68.94409937888199,61.49068322981367,7.453416149068323
W00005936,146,41,10,31,105,93,12,28.08219178082192,6.8493150684931505,21.232876712328768,71.91780821917808,63.6986301369863,8.21917808219178
W00005938,134,51,17,34,83,75,8,38.059701492537314,12.686567164179104,25.37313432835821,61.940298507462686,55.970149253731336,5.970149253731343
W00005939,148,42,12,30,106,90,16,28.37837837837838,8.108108108108109,20.27027027027027,71.62162162162163,60.810810810810814,10.81081081081081
W00005940,135,39,10,29,96,85,11,28.888888888888886,7.4074074074074066,21.48148148148148,71.11111111111111,62.96296296296296,8.148148148148149
W00005941,203,64,23,41,139,119,20,31.527093596059114,11.330049261083744,20.19704433497537,68.4729064039409,58.620689655172406,9.852216748768473
W00005942,107,41,17,24,66,52,14,38.31775700934579,15.887850467289718,22.429906542056074,61.6822429906542,48.598130841121495,13.084112149532709
W00005943,137,40,11,29,97,82,15,29.1970802919708,8.02919708029197,21.16788321167883,70.8029197080292,59.854014598540154,10.948905109489052
W00005944,120,29,5,24,91,83,8,24.166666666666668,4.166666666666666,20,75.83333333333333,69.16666666666667,6.666666666666667
W00005945,70,24,8,16,46,37,9,34.285714285714285,11.428571428571429,22.857142857142858,65.71428571428571,52.85714285714286,12.857142857142856
W00005946,118,38,14,24,80,69,11,32.20338983050847,11.864406779661017,20.33898305084746,67.79661016949152,58.47457627118644,9.322033898305085
W00005947,180,40,17,23,140,109,31,22.22222222222222,9.444444444444445,12.777777777777777,77.77777777777779,60.55555555555555,17.22222222222222
W00005948,122,26,7,19,96,75,21,21.311475409836063,5.737704918032787,15.573770491803279,78.68852459016394,61.47540983606557,17.21311475409836
W00005949,129,31,17,14,98,79,19,24.031007751937985,13.178294573643413,10.852713178294573,75.96899224806202,61.240310077519375,14.728682170542637
W00005950,118,29,11,18,89,72,17,24.576271186440678,9.322033898305085,15.254237288135593,75.42372881355932,61.016949152542374,14.40677966101695
W00005951,175,47,21,26,128,98,30,26.857142857142858,12,14.857142857142858,73.14285714285714,56.00000000000001,17.142857142857142
W00005952,140,43,22,21,97,78,19,30.714285714285715,15.714285714285714,15,69.28571428571428,55.714285714285715,13.571428571428571
W00005953,169,48,24,24,121,105,16,28.402366863905325,14.201183431952662,14.201183431952662,71.59763313609467,62.1301775147929,9.467455621301776
W00005954,159,58,23,35,101,87,14,36.477987421383645,14.465408805031446,22.0125786163522,63.52201257861635,54.71698113207547,8.80503144654088
W00005956,163,47,19,28,116,96,20,28.834355828220858,11.65644171779141,17.177914110429448,71.16564417177914,58.895705521472394,12.269938650306749
W00005957,197,60,27,33,137,111,26,30.456852791878177,13.705583756345177,16.751269035532996,69.54314720812182,56.34517766497462,13.19796954314721
W00005958,237,60,27,33,177,137,40,25.31645569620253,11.39240506329114,13.924050632911392,74.68354430379746,57.80590717299579,16.877637130801688
W00005959,147,50,21,29,97,80,17,34.01360544217687,14.285714285714285,19.727891156462583,65.98639455782312,54.421768707483,11.564625850340136
W00005960,158,40,10,30,118,103,15,25.31645569620253,6.329113924050633,18.9873417721519,74.68354430379746,65.18987341772153,9.49367088607595
W00005961,162,45,11,34,117,98,19,27.77777777777778,6.790123456790123,20.98765432098765,72.22222222222221,60.49382716049383,11.728395061728394
W00005962,293,91,25,66,202,181,21,31.058020477815703,8.532423208191126,22.525597269624573,68.94197952218431,61.774744027303754,7.167235494880546
W00005963,129,47,7,40,82,73,9,36.434108527131784,5.426356589147287,31.007751937984494,63.565891472868216,56.58914728682171,6.976744186046512
W00005964,79,33,14,19,46,40,6,41.77215189873418,17.72151898734177,24.050632911392405,58.22784810126582,50.63291139240506,7.59493670886076
W00005965,109,39,6,33,70,65,5,35.77981651376147,5.5045871559633035,30.275229357798167,64.22018348623854,59.63302752293578,4.587155963302752
W00005966,91,38,9,29,53,50,3,41.75824175824176,9.89010989010989,31.868131868131865,58.24175824175825,54.94505494505495,3.296703296703297
W00005967,169,49,7,42,120,105,15,28.994082840236686,4.142011834319527,24.85207100591716,71.00591715976331,62.1301775147929,8.875739644970414
W00005968,150,48,12,36,102,83,19,32,8,24,68,55.333333333333336,12.666666666666668
W00005969,299,90,21,69,209,167,42,30.100334448160538,7.023411371237458,23.076923076923077,69.89966555183946,55.852842809364546,14.046822742474916
W00005970,169,59,25,34,110,88,22,34.9112426035503,14.792899408284024,20.118343195266274,65.08875739644971,52.071005917159766,13.017751479289942
W00005971,164,47,13,34,117,90,27,28.65853658536585,7.926829268292683,20.73170731707317,71.34146341463415,54.87804878048781,16.463414634146343
W00005972,97,27,10,17,70,53,17,27.835051546391753,10.309278350515463,17.525773195876287,72.16494845360825,54.63917525773196,17.525773195876287
W00005973,127,39,11,28,88,74,14,30.708661417322837,8.661417322834646,22.04724409448819,69.29133858267717,58.26771653543307,11.023622047244094
W00005975,93,41,18,23,52,45,7,44.086021505376344,19.35483870967742,24.731182795698924,55.91397849462365,48.38709677419355,7.526881720430108
W00005976,160,58,18,40,102,79,23,36.25,11.25,25,63.74999999999999,49.375,14.374999999999998
W00005977,151,51,18,33,100,90,10,33.77483443708609,11.920529801324504,21.85430463576159,66.22516556291392,59.60264900662252,6.622516556291391
W00005978,128,34,10,24,94,79,15,26.5625,7.8125,18.75,73.4375,61.71875,11.71875
W00005979,103,37,19,18,66,53,13,35.92233009708738,18.446601941747574,17.475728155339805,64.07766990291263,51.45631067961165,12.62135922330097
W00005980,128,43,15,28,85,78,7,33.59375,11.71875,21.875,66.40625,60.9375,5.46875
W00005981,187,57,20,37,130,104,26,30.481283422459892,10.695187165775401,19.786096256684495,69.5187165775401,55.61497326203209,13.903743315508022
W00005982,100,39,16,23,61,52,9,39,16,23,61,52,9
W00005983,155,49,22,27,106,89,17,31.61290322580645,14.193548387096774,17.419354838709676,68.38709677419355,57.41935483870968,10.967741935483872
W00005984,99,34,12,22,65,56,9,34.34343434343434,12.121212121212121,22.22222222222222,65.65656565656566,56.56565656565656,9.090909090909092
W00005985,164,53,17,36,111,97,14,32.31707317073171,10.365853658536585,21.951219512195124,67.6829268292683,59.14634146341463,8.536585365853659
W00005986,120,32,10,22,88,78,10,26.666666666666668,8.333333333333332,18.333333333333332,73.33333333333333,65,8.333333333333332
W00005987,191,58,21,37,133,107,26,30.36649214659686,10.99476439790576,19.3717277486911,69.63350785340315,56.02094240837696,13.612565445026178
W00005990,302,73,30,43,229,190,39,24.17218543046358,9.933774834437086,14.23841059602649,75.82781456953643,62.913907284768214,12.91390728476821
W00005991,122,46,14,32,76,62,14,37.704918032786885,11.475409836065573,26.229508196721312,62.295081967213115,50.81967213114754,11.475409836065573
W00005994,118,54,19,35,64,57,7,45.76271186440678,16.101694915254235,29.66101694915254,54.23728813559322,48.30508474576271,5.932203389830509
W00005995,85,19,9,10,66,56,10,22.35294117647059,10.588235294117647,11.76470588235294,77.64705882352942,65.88235294117646,11.76470588235294
W00009821,168,55,12,43,113,93,20,32.73809523809524,7.142857142857142,25.595238095238095,67.26190476190477,55.35714285714286,11.904761904761903
W00009822,145,32,7,25,113,100,13,22.06896551724138,4.827586206896552,17.24137931034483,77.93103448275862,68.96551724137932,8.96551724137931
W00009823,241,75,16,59,166,135,31,31.12033195020747,6.639004149377594,24.481327800829874,68.87966804979253,56.016597510373444,12.863070539419086
W00009824,109,20,4,16,89,76,13,18.34862385321101,3.669724770642202,14.678899082568808,81.65137614678899,69.72477064220183,11.926605504587156
W00009825,183,53,15,38,130,106,24,28.96174863387978,8.19672131147541,20.76502732240437,71.03825136612022,57.92349726775956,13.114754098360656
W00009826,106,23,11,12,83,51,32,21.69811320754717,10.377358490566039,11.320754716981133,78.30188679245283,48.113207547169814,30.18867924528302
W00009827,124,46,14,32,78,69,9,37.096774193548384,11.29032258064516,25.806451612903224,62.903225806451616,55.64516129032258,7.258064516129033
W00009828,115,34,8,26,81,72,9,29.565217391304348,6.956521739130435,22.608695652173914,70.43478260869566,62.60869565217392,7.82608695652174
W00009829,100,39,10,29,61,57,4,39,10,28.999999999999996,61,56.99999999999999,4
W00009830,112,34,18,16,78,65,13,30.357142857142854,16.071428571428573,14.285714285714285,69.64285714285714,58.03571428571429,11.607142857142858
W00009831,57,14,1,13,43,39,4,24.561403508771928,1.7543859649122806,22.807017543859647,75.43859649122807,68.42105263157895,7.017543859649122
W00009832,166,46,7,39,120,105,15,27.710843373493976,4.216867469879518,23.49397590361446,72.28915662650603,63.25301204819277,9.036144578313253
W00009833,125,36,8,28,89,68,21,28.799999999999997,6.4,22.400000000000002,71.2,54.400000000000006,16.8
W00009835,132,36,12,24,96,82,14,27.27272727272727,9.090909090909092,18.181818181818183,72.72727272727273,62.121212121212125,10.606060606060606
W00009836,200,50,22,28,150,120,30,25,11,14.000000000000002,75,60,15
W00009837,75,24,5,19,51,42,9,32,6.666666666666667,25.333333333333336,68,56.00000000000001,12
W00009838,54,13,2,11,41,39,2,24.074074074074073,3.7037037037037033,20.37037037037037,75.92592592592592,72.22222222222221,3.7037037037037033
W00009839,114,22,10,12,92,83,9,19.298245614035086,8.771929824561402,10.526315789473683,80.7017543859649,72.80701754385966,7.894736842105263
W00009840,154,43,17,26,111,89,22,27.92207792207792,11.03896103896104,16.883116883116884,72.07792207792207,57.7922077922078,14.285714285714285
W00009842,155,53,20,33,102,91,11,34.193548387096776,12.903225806451612,21.29032258064516,65.80645161290323,58.70967741935483,7.096774193548387
W00009843,166,60,25,35,106,96,10,36.144578313253014,15.060240963855422,21.084337349397593,63.85542168674698,57.831325301204814,6.024096385542169
W00009844,141,50,14,36,91,77,14,35.46099290780142,9.929078014184398,25.53191489361702,64.53900709219859,54.60992907801418,9.929078014184398
W00009845,65,10,5,5,55,35,20,15.384615384615385,7.6923076923076925,7.6923076923076925,84.61538461538461,53.84615384615385,30.76923076923077
W00009846,117,39,13,26,78,63,15,33.33333333333333,11.11111111111111,22.22222222222222,66.66666666666666,53.84615384615385,12.82051282051282
W00009847,166,37,9,28,129,118,11,22.289156626506024,5.421686746987952,16.867469879518072,77.71084337349397,71.08433734939759,6.626506024096386
W00009848,285,84,21,63,201,162,39,29.47368421052631,7.368421052631578,22.105263157894736,70.52631578947368,56.84210526315789,13.684210526315791
W00009849,154,47,17,30,107,84,23,30.519480519480517,11.03896103896104,19.480519480519483,69.48051948051948,54.54545454545454,14.935064935064934
W00009850,139,49,16,33,90,78,12,35.25179856115108,11.510791366906476,23.741007194244602,64.74820143884892,56.11510791366906,8.633093525179856
W00009851,43,20,12,8,23,21,2,46.51162790697674,27.906976744186046,18.6046511627907,53.48837209302325,48.837209302325576,4.651162790697675
W00009852,53,14,3,11,39,31,8,26.41509433962264,5.660377358490567,20.754716981132077,73.58490566037736,58.490566037735846,15.09433962264151
W00009853,57,12,8,4,45,35,10,21.052631578947366,14.035087719298245,7.017543859649122,78.94736842105263,61.40350877192983,17.543859649122805
W00009854,168,51,13,38,117,98,19,30.357142857142854,7.738095238095238,22.61904761904762,69.64285714285714,58.333333333333336,11.30952380952381
W00010495,495,61,15,46,434,352,82,12.323232323232324,3.0303030303030303,9.292929292929292,87.67676767676768,71.11111111111111,16.565656565656568
W00010501,166,33,10,23,133,125,8,19.879518072289155,6.024096385542169,13.855421686746988,80.12048192771084,75.30120481927712,4.819277108433735
W00010503,140,43,12,31,97,86,11,30.714285714285715,8.571428571428571,22.142857142857142,69.28571428571428,61.42857142857143,7.857142857142857
W00010504,195,26,0,26,169,147,22,13.333333333333334,0,13.333333333333334,86.66666666666667,75.38461538461539,11.282051282051283
W00010505,114,27,8,19,87,78,9,23.684210526315788,7.017543859649122,16.666666666666664,76.31578947368422,68.42105263157895,7.894736842105263
W00010508,239,67,15,52,172,159,13,28.03347280334728,6.2761506276150625,21.75732217573222,71.96652719665272,66.52719665271967,5.439330543933055
W00010513,129,35,10,25,94,84,10,27.131782945736433,7.751937984496124,19.379844961240313,72.86821705426357,65.11627906976744,7.751937984496124
W00010516,68,16,0,16,52,46,6,23.52941176470588,0,23.52941176470588,76.47058823529412,67.64705882352942,8.823529411764707
W00010525,166,33,7,26,133,122,11,19.879518072289155,4.216867469879518,15.66265060240964,80.12048192771084,73.49397590361446,6.626506024096386
W00010530,185,31,7,24,154,141,13,16.756756756756758,3.783783783783784,12.972972972972974,83.24324324324324,76.21621621621621,7.027027027027027
W00010531,187,41,13,28,146,132,14,21.92513368983957,6.951871657754011,14.973262032085561,78.07486631016043,70.58823529411765,7.4866310160427805
W00010539,163,58,18,40,105,95,10,35.58282208588957,11.042944785276074,24.539877300613497,64.41717791411043,58.282208588957054,6.134969325153374
W00010543,139,44,9,35,95,81,14,31.654676258992804,6.474820143884892,25.179856115107913,68.34532374100719,58.27338129496403,10.071942446043165
W00010550,153,31,10,21,122,97,25,20.26143790849673,6.535947712418301,13.725490196078432,79.73856209150327,63.39869281045751,16.33986928104575
W00010554,119,40,12,28,79,70,9,33.61344537815126,10.084033613445378,23.52941176470588,66.38655462184873,58.82352941176471,7.563025210084033
W00010564,157,43,18,25,114,99,15,27.388535031847134,11.464968152866243,15.92356687898089,72.61146496815286,63.05732484076433,9.554140127388536
W00010570,135,26,8,18,109,92,17,19.25925925925926,5.9259259259259265,13.333333333333334,80.74074074074075,68.14814814814815,12.592592592592592
W00010571,117,38,16,22,79,62,17,32.47863247863248,13.675213675213676,18.803418803418804,67.52136752136752,52.991452991452995,14.529914529914532
W00010575,175,53,18,35,122,98,24,30.28571428571429,10.285714285714285,20,69.71428571428572,56.00000000000001,13.714285714285715
W00010576,164,40,10,30,124,113,11,24.390243902439025,6.097560975609756,18.29268292682927,75.60975609756098,68.90243902439023,6.707317073170732
W00010577,267,70,19,51,197,168,29,26.217228464419474,7.116104868913857,19.101123595505616,73.78277153558052,62.92134831460674,10.861423220973784
W00010578,146,42,13,29,104,92,12,28.767123287671232,8.904109589041095,19.863013698630137,71.23287671232876,63.013698630136986,8.21917808219178
W00010582,188,32,4,28,156,135,21,17.02127659574468,2.127659574468085,14.893617021276595,82.97872340425532,71.80851063829788,11.170212765957446
W00010590,128,33,12,21,95,80,15,25.78125,9.375,16.40625,74.21875,62.5,11.71875
W00010591,295,89,26,63,206,184,22,30.16949152542373,8.813559322033898,21.35593220338983,69.83050847457626,62.37288135593221,7.457627118644068
W00010598,175,58,25,33,117,82,35,33.14285714285714,14.285714285714285,18.857142857142858,66.85714285714286,46.85714285714286,20
W00010610,140,37,18,19,103,86,17,26.42857142857143,12.857142857142856,13.571428571428571,73.57142857142858,61.42857142857143,12.142857142857142
W00010614,179,32,8,24,147,129,18,17.877094972067038,4.4692737430167595,13.40782122905028,82.12290502793296,72.06703910614524,10.05586592178771
W00010617,136,47,13,34,89,77,12,34.55882352941176,9.558823529411764,25,65.44117647058823,56.61764705882353,8.823529411764707
W00010618,60,21,5,16,39,36,3,35,8.333333333333332,26.666666666666668,65,60,5
W00010622,150,32,11,21,118,109,9,21.333333333333336,7.333333333333333,14.000000000000002,78.66666666666666,72.66666666666667,6
W00010627,105,19,9,10,86,74,12,18.095238095238095,8.571428571428571,9.523809523809524,81.9047619047619,70.47619047619048,11.428571428571429
W00010634,215,53,19,34,162,129,33,24.651162790697676,8.837209302325581,15.813953488372093,75.34883720930232,60,15.348837209302326
W00010642,156,43,10,33,113,91,22,27.564102564102566,6.41025641025641,21.153846153846153,72.43589743589743,58.333333333333336,14.102564102564102
W00010647,196,40,14,26,156,138,18,20.408163265306122,7.142857142857142,13.26530612244898,79.59183673469387,70.40816326530613,9.183673469387756
