OA,ts0590001,ts0590002,ts0590003,ts0590004,ts0590005,ts0590006,ts0590007,ts0590002_PCT,ts0590003_PCT,ts0590004_PCT,ts0590005_PCT,ts0590006_PCT,ts0590007_PCT
W00004706,184,38,9,29,146,132,14,20.652173913043477,4.891304347826087,15.760869565217392,79.34782608695652,71.73913043478261,7.608695652173914
W00004707,144,47,10,37,97,86,11,32.63888888888889,6.944444444444445,25.694444444444443,67.36111111111111,59.72222222222222,7.638888888888889
W00004709,106,31,10,21,75,71,4,29.245283018867923,9.433962264150944,19.81132075471698,70.75471698113208,66.98113207547169,3.7735849056603774
W00004710,134,32,9,23,102,93,9,23.88059701492537,6.7164179104477615,17.16417910447761,76.11940298507463,69.40298507462687,6.7164179104477615
W00004711,140,49,18,31,91,81,10,35,12.857142857142856,22.142857142857142,65,57.85714285714286,7.142857142857142
W00004712,103,30,9,21,73,62,11,29.126213592233007,8.737864077669903,20.388349514563107,70.87378640776699,60.19417475728155,10.679611650485436
W00004713,100,34,10,24,66,54,12,34,10,24,66,54,12
W00004714,143,44,11,33,99,89,10,30.76923076923077,7.6923076923076925,23.076923076923077,69.23076923076923,62.23776223776224,6.993006993006993
W00004715,115,31,11,20,84,76,8,26.956521739130434,9.565217391304348,17.391304347826086,73.04347826086956,66.08695652173913,6.956521739130435
W00004716,64,24,6,18,40,34,6,37.5,9.375,28.125,62.5,53.125,9.375
W00004717,120,42,12,30,78,66,12,35,10,25,65,55.00000000000001,10
W00004718,86,24,8,16,62,51,11,27.906976744186046,9.30232558139535,18.6046511627907,72.09302325581395,59.30232558139535,12.790697674418606
W00004719,126,39,13,26,87,77,10,30.952380952380953,10.317460317460316,20.634920634920633,69.04761904761905,61.111111111111114,7.936507936507936
W00004720,109,33,11,22,76,64,12,30.275229357798167,10.091743119266056,20.18348623853211,69.72477064220183,58.71559633027523,11.009174311926607
W00004721,109,26,7,19,83,73,10,23.853211009174313,6.422018348623854,17.431192660550458,76.14678899082568,66.97247706422019,9.174311926605505
W00004722,74,24,5,19,50,46,4,32.432432432432435,6.756756756756757,25.675675675675674,67.56756756756756,62.16216216216216,5.405405405405405
W00004723,93,33,10,23,60,57,3,35.483870967741936,10.75268817204301,24.731182795698924,64.51612903225806,61.29032258064516,3.225806451612903
W00004724,174,44,13,31,130,112,18,25.287356321839084,7.471264367816093,17.81609195402299,74.71264367816092,64.36781609195403,10.344827586206897
W00004725,120,42,16,26,78,70,8,35,13.333333333333334,21.666666666666668,65,58.333333333333336,6.666666666666667
W00004726,88,20,1,19,68,49,19,22.727272727272727,1.1363636363636365,21.59090909090909,77.27272727272727,55.68181818181818,21.59090909090909
W00004728,160,36,9,27,124,106,18,22.5,5.625,16.875,77.5,66.25,11.25
W00004729,68,23,6,17,45,37,8,33.82352941176471,8.823529411764707,25,66.17647058823529,54.41176470588235,11.76470588235294
W00004730,165,45,10,35,120,103,17,27.27272727272727,6.0606060606060606,21.21212121212121,72.72727272727273,62.42424242424243,10.303030303030303
W00004731,136,39,10,29,97,86,11,28.676470588235293,7.352941176470589,21.323529411764707,71.32352941176471,63.23529411764706,8.088235294117647
W00004732,178,43,10,33,135,115,20,24.15730337078652,5.617977528089887,18.53932584269663,75.84269662921348,64.60674157303372,11.235955056179774
W00004733,155,47,12,35,108,99,9,30.32258064516129,7.741935483870968,22.58064516129032,69.6774193548387,63.87096774193548,5.806451612903226
W00004735,174,53,18,35,121,106,15,30.45977011494253,10.344827586206897,20.114942528735632,69.54022988505747,60.91954022988506,8.620689655172415
W00004736,139,27,11,16,112,90,22,19.424460431654676,7.913669064748201,11.510791366906476,80.57553956834532,64.74820143884892,15.827338129496402
W00004737,129,44,14,30,85,71,14,34.10852713178294,10.852713178294573,23.25581395348837,65.89147286821705,55.03875968992248,10.852713178294573
W00004738,147,33,6,27,114,97,17,22.448979591836736,4.081632653061225,18.367346938775512,77.55102040816327,65.98639455782312,11.564625850340136
W00004739,132,37,11,26,95,86,9,28.030303030303028,8.333333333333332,19.696969696969695,71.96969696969697,65.15151515151516,6.8181818181818175
W00004740,128,41,7,34,87,82,5,32.03125,5.46875,26.5625,67.96875,64.0625,3.90625
W00004741,223,57,9,48,166,147,19,25.56053811659193,4.0358744394618835,21.524663677130047,74.43946188340807,65.91928251121077,8.520179372197308
W00004742,128,30,11,19,98,93,5,23.4375,8.59375,14.84375,76.5625,72.65625,3.90625
W00004743,120,37,7,30,83,75,8,30.833333333333336,5.833333333333333,25,69.16666666666667,62.5,6.666666666666667
W00004744,205,49,10,39,156,132,24,23.902439024390244,4.878048780487805,19.024390243902438,76.09756097560975,64.39024390243902,11.707317073170733
W00004745,163,37,11,26,126,117,9,22.699386503067483,6.748466257668712,15.950920245398773,77.30061349693251,71.77914110429448,5.521472392638037
W00004746,116,31,12,19,85,78,7,26.72413793103448,10.344827586206897,16.379310344827587,73.27586206896551,67.24137931034483,6.0344827586206895
W00004747,102,23,1,22,79,64,15,22.54901960784314,0.9803921568627451,21.568627450980394,77.45098039215686,62.745098039215684,14.705882352941178
W00004748,96,20,3,17,76,65,11,20.833333333333336,3.125,17.708333333333336,79.16666666666666,67.70833333333334,11.458333333333332
W00004749,112,27,7,20,85,75,10,24.107142857142858,6.25,17.857142857142858,75.89285714285714,66.96428571428571,8.928571428571429
W00004750,140,34,5,29,106,97,9,24.285714285714285,3.571428571428571,20.714285714285715,75.71428571428571,69.28571428571428,6.428571428571428
W00004751,103,21,10,11,82,69,13,20.388349514563107,9.70873786407767,10.679611650485436,79.6116504854369,66.99029126213593,12.62135922330097
W00004752,143,33,12,21,110,94,16,23.076923076923077,8.391608391608392,14.685314685314685,76.92307692307693,65.73426573426573,11.188811188811188
W00004753,165,45,16,29,120,109,11,27.27272727272727,9.696969696969697,17.575757575757574,72.72727272727273,66.06060606060606,6.666666666666667
W00004754,173,48,6,42,125,114,11,27.74566473988439,3.4682080924855487,24.277456647398843,72.25433526011561,65.89595375722543,6.358381502890173
W00004755,100,27,7,20,73,65,8,27,7.000000000000001,20,73,65,8
W00004756,192,58,11,47,134,119,15,30.208333333333332,5.729166666666666,24.479166666666664,69.79166666666666,61.979166666666664,7.8125
W00004757,159,44,20,24,115,105,10,27.67295597484277,12.578616352201259,15.09433962264151,72.32704402515722,66.0377358490566,6.289308176100629
W00004758,113,26,10,16,87,79,8,23.008849557522122,8.849557522123893,14.15929203539823,76.99115044247787,69.91150442477876,7.079646017699115
W00004759,112,24,6,18,88,76,12,21.428571428571427,5.357142857142857,16.071428571428573,78.57142857142857,67.85714285714286,10.714285714285714
W00004760,120,25,2,23,95,83,12,20.833333333333336,1.6666666666666667,19.166666666666668,79.16666666666666,69.16666666666667,10
W00004761,126,33,9,24,93,78,15,26.190476190476193,7.142857142857142,19.047619047619047,73.80952380952381,61.904761904761905,11.904761904761903
W00004762,147,40,7,33,107,92,15,27.2108843537415,4.761904761904762,22.448979591836736,72.78911564625851,62.585034013605444,10.204081632653061
W00004763,79,23,10,13,56,46,10,29.11392405063291,12.658227848101266,16.455696202531644,70.88607594936708,58.22784810126582,12.658227848101266
W00004764,99,27,6,21,72,61,11,27.27272727272727,6.0606060606060606,21.21212121212121,72.72727272727273,61.61616161616161,11.11111111111111
W00004765,95,23,5,18,72,65,7,24.210526315789473,5.263157894736842,18.947368421052634,75.78947368421053,68.42105263157895,7.368421052631578
W00004766,119,30,4,26,89,81,8,25.210084033613445,3.361344537815126,21.84873949579832,74.78991596638656,68.0672268907563,6.722689075630252
W00004767,38,15,7,8,23,18,5,39.473684210526315,18.421052631578945,21.052631578947366,60.526315789473685,47.368421052631575,13.157894736842104
W00004768,121,29,5,24,92,78,14,23.96694214876033,4.132231404958678,19.834710743801654,76.03305785123968,64.46280991735537,11.570247933884298
W00004769,117,43,10,33,74,62,12,36.75213675213676,8.547008547008547,28.205128205128204,63.24786324786324,52.991452991452995,10.256410256410255
W00004770,181,61,20,41,120,105,15,33.70165745856354,11.049723756906078,22.65193370165746,66.29834254143645,58.011049723756905,8.287292817679557
W00004771,91,20,4,16,71,60,11,21.978021978021978,4.395604395604396,17.582417582417584,78.02197802197803,65.93406593406593,12.087912087912088
W00004772,125,30,7,23,95,84,11,24,5.6000000000000005,18.4,76,67.2,8.799999999999999
W00004773,121,44,13,31,77,68,9,36.36363636363637,10.743801652892563,25.6198347107438,63.63636363636363,56.19834710743802,7.43801652892562
W00004774,84,27,6,21,57,52,5,32.142857142857146,7.142857142857142,25,67.85714285714286,61.904761904761905,5.952380952380952
W00004775,118,43,14,29,75,70,5,36.440677966101696,11.864406779661017,24.576271186440678,63.559322033898304,59.32203389830508,4.23728813559322
W00004776,122,28,7,21,94,85,9,22.950819672131146,5.737704918032787,17.21311475409836,77.04918032786885,69.67213114754098,7.377049180327869
W00004777,123,32,10,22,91,82,9,26.01626016260163,8.130081300813007,17.88617886178862,73.98373983739837,66.66666666666666,7.317073170731707
W00004778,96,23,11,12,73,66,7,23.958333333333336,11.458333333333332,12.5,76.04166666666666,68.75,7.291666666666667
W00004779,86,23,6,17,63,53,10,26.744186046511626,6.976744186046512,19.767441860465116,73.25581395348837,61.627906976744185,11.627906976744185
W00004780,113,35,14,21,78,69,9,30.973451327433626,12.389380530973451,18.58407079646018,69.02654867256636,61.06194690265486,7.964601769911504
W00004781,102,37,9,28,65,57,8,36.27450980392157,8.823529411764707,27.450980392156865,63.725490196078425,55.88235294117647,7.8431372549019605
W00004782,106,29,5,24,77,69,8,27.358490566037734,4.716981132075472,22.641509433962266,72.64150943396226,65.09433962264151,7.547169811320755
W00004783,95,26,6,20,69,64,5,27.368421052631582,6.315789473684211,21.052631578947366,72.63157894736842,67.36842105263158,5.263157894736842
W00004784,95,25,9,16,70,68,2,26.31578947368421,9.473684210526317,16.842105263157894,73.68421052631578,71.57894736842105,2.1052631578947367
W00004785,135,42,11,31,93,79,14,31.11111111111111,8.148148148148149,22.962962962962962,68.88888888888889,58.51851851851851,10.37037037037037
W00004786,120,36,10,26,84,78,6,30,8.333333333333332,21.666666666666668,70,65,5
W00004787,117,39,11,28,78,69,9,33.33333333333333,9.401709401709402,23.931623931623932,66.66666666666666,58.97435897435898,7.6923076923076925
W00004788,132,29,7,22,103,95,8,21.96969696969697,5.303030303030303,16.666666666666664,78.03030303030303,71.96969696969697,6.0606060606060606
W00004789,166,41,15,26,125,101,24,24.69879518072289,9.036144578313253,15.66265060240964,75.30120481927712,60.8433734939759,14.457831325301203
W00004790,118,30,10,20,88,81,7,25.423728813559322,8.47457627118644,16.94915254237288,74.57627118644068,68.64406779661016,5.932203389830509
W00004791,120,38,10,28,82,72,10,31.666666666666664,8.333333333333332,23.333333333333332,68.33333333333333,60,8.333333333333332
W00004792,287,73,17,56,214,184,30,25.435540069686414,5.923344947735192,19.51219512195122,74.56445993031359,64.11149825783971,10.452961672473867
W00004793,144,38,13,25,106,84,22,26.38888888888889,9.027777777777777,17.36111111111111,73.61111111111111,58.333333333333336,15.277777777777779
W00004794,135,37,5,32,98,86,12,27.40740740740741,3.7037037037037033,23.703703703703706,72.5925925925926,63.70370370370371,8.88888888888889
W00004795,99,28,5,23,71,63,8,28.28282828282828,5.05050505050505,23.232323232323232,71.71717171717171,63.63636363636363,8.080808080808081
W00004796,112,30,10,20,82,71,11,26.785714285714285,8.928571428571429,17.857142857142858,73.21428571428571,63.39285714285714,9.821428571428571
W00004797,127,32,10,22,95,79,16,25.196850393700785,7.874015748031496,17.322834645669293,74.80314960629921,62.20472440944882,12.598425196850393
W00004798,116,23,7,16,93,83,10,19.82758620689655,6.0344827586206895,13.793103448275861,80.17241379310344,71.55172413793103,8.620689655172415
W00004799,100,33,12,21,67,60,7,33,12,21,67,60,7.000000000000001
W00004800,83,26,9,17,57,51,6,31.32530120481928,10.843373493975903,20.481927710843372,68.67469879518072,61.44578313253012,7.228915662650602
W00004801,141,48,17,31,93,77,16,34.04255319148936,12.056737588652481,21.98581560283688,65.95744680851064,54.60992907801418,11.347517730496454
W00004802,146,46,11,35,100,85,15,31.506849315068493,7.534246575342466,23.972602739726025,68.4931506849315,58.21917808219178,10.273972602739725
W00004803,127,34,9,25,93,83,10,26.77165354330709,7.086614173228346,19.68503937007874,73.22834645669292,65.35433070866141,7.874015748031496
W00004804,113,39,12,27,74,67,7,34.51327433628318,10.619469026548673,23.893805309734514,65.48672566371681,59.29203539823009,6.1946902654867255
W00004805,69,23,7,16,46,42,4,33.33333333333333,10.144927536231885,23.18840579710145,66.66666666666666,60.86956521739131,5.797101449275362
W00004806,57,19,7,12,38,36,2,33.33333333333333,12.280701754385964,21.052631578947366,66.66666666666666,63.1578947368421,3.508771929824561
W00004807,138,41,9,32,97,83,14,29.71014492753623,6.521739130434782,23.18840579710145,70.28985507246377,60.14492753623188,10.144927536231885
W00004808,120,25,7,18,95,80,15,20.833333333333336,5.833333333333333,15,79.16666666666666,66.66666666666666,12.5
W00004809,216,55,20,35,161,142,19,25.462962962962965,9.25925925925926,16.203703703703702,74.53703703703704,65.74074074074075,8.796296296296296
W00004810,139,42,11,31,97,89,8,30.215827338129497,7.913669064748201,22.302158273381295,69.7841726618705,64.02877697841727,5.755395683453238
W00004811,151,37,12,25,114,98,16,24.503311258278146,7.9470198675496695,16.55629139072848,75.49668874172185,64.90066225165563,10.596026490066226
W00004812,129,40,18,22,89,79,10,31.007751937984494,13.953488372093023,17.05426356589147,68.9922480620155,61.240310077519375,7.751937984496124
W00004813,67,22,7,15,45,28,17,32.83582089552239,10.44776119402985,22.388059701492537,67.16417910447761,41.7910447761194,25.37313432835821
W00004814,97,29,11,18,68,58,10,29.896907216494846,11.34020618556701,18.556701030927837,70.10309278350515,59.79381443298969,10.309278350515463
W00004815,120,32,13,19,88,77,11,26.666666666666668,10.833333333333334,15.833333333333332,73.33333333333333,64.16666666666667,9.166666666666666
W00004816,69,18,1,17,51,43,8,26.08695652173913,1.4492753623188406,24.637681159420293,73.91304347826086,62.31884057971014,11.594202898550725
W00004817,96,26,4,22,70,54,16,27.083333333333332,4.166666666666666,22.916666666666664,72.91666666666666,56.25,16.666666666666664
W00004818,101,33,8,25,68,64,4,32.67326732673268,7.920792079207921,24.752475247524753,67.32673267326733,63.366336633663366,3.9603960396039604
W00004819,93,25,8,17,68,60,8,26.881720430107524,8.60215053763441,18.27956989247312,73.11827956989248,64.51612903225806,8.60215053763441
W00004820,94,35,8,27,59,57,2,37.234042553191486,8.51063829787234,28.723404255319153,62.76595744680851,60.63829787234043,2.127659574468085
W00004821,121,31,8,23,90,84,6,25.6198347107438,6.6115702479338845,19.00826446280992,74.3801652892562,69.42148760330579,4.958677685950414
W00004822,158,38,16,22,120,107,13,24.050632911392405,10.126582278481013,13.924050632911392,75.9493670886076,67.72151898734177,8.227848101265822
W00004823,177,51,15,36,126,106,20,28.8135593220339,8.47457627118644,20.33898305084746,71.1864406779661,59.887005649717516,11.299435028248588
W00004824,237,64,22,42,173,143,30,27.004219409282697,9.282700421940929,17.72151898734177,72.9957805907173,60.337552742616026,12.658227848101266
W00004825,95,29,7,22,66,61,5,30.526315789473685,7.368421052631578,23.157894736842106,69.47368421052632,64.21052631578948,5.263157894736842
W00004826,98,21,6,15,77,64,13,21.428571428571427,6.122448979591836,15.306122448979592,78.57142857142857,65.3061224489796,13.26530612244898
W00004827,99,30,9,21,69,59,10,30.303030303030305,9.090909090909092,21.21212121212121,69.6969696969697,59.59595959595959,10.1010101010101
W00004828,74,22,4,18,52,51,1,29.72972972972973,5.405405405405405,24.324324324324326,70.27027027027027,68.91891891891892,1.3513513513513513
W00004829,83,25,11,14,58,50,8,30.120481927710845,13.253012048192772,16.867469879518072,69.87951807228916,60.24096385542169,9.63855421686747
W00004830,113,45,13,32,68,61,7,39.823008849557525,11.504424778761061,28.31858407079646,60.17699115044248,53.98230088495575,6.1946902654867255
W00004831,121,42,11,31,79,67,12,34.710743801652896,9.090909090909092,25.6198347107438,65.28925619834712,55.371900826446286,9.917355371900827
W00004832,98,33,10,23,65,57,8,33.6734693877551,10.204081632653061,23.46938775510204,66.3265306122449,58.16326530612245,8.16326530612245
W00004833,293,81,20,61,212,181,31,27.64505119453925,6.825938566552901,20.819112627986346,72.35494880546075,61.774744027303754,10.580204778156997
W00004834,108,30,9,21,78,71,7,27.77777777777778,8.333333333333332,19.444444444444446,72.22222222222221,65.74074074074075,6.481481481481481
W00004836,109,21,4,17,88,73,15,19.26605504587156,3.669724770642202,15.59633027522936,80.73394495412845,66.97247706422019,13.761467889908257
W00004837,96,21,11,10,75,63,12,21.875,11.458333333333332,10.416666666666668,78.125,65.625,12.5
W00004838,154,39,13,26,115,98,17,25.324675324675322,8.441558441558442,16.883116883116884,74.67532467532467,63.63636363636363,11.03896103896104
W00004839,115,37,13,24,78,62,16,32.17391304347826,11.304347826086957,20.869565217391305,67.82608695652173,53.91304347826087,13.91304347826087
W00004840,135,33,8,25,102,92,10,24.444444444444443,5.9259259259259265,18.51851851851852,75.55555555555556,68.14814814814815,7.4074074074074066
W00004841,111,22,8,14,89,75,14,19.81981981981982,7.207207207207207,12.612612612612612,80.18018018018019,67.56756756756756,12.612612612612612
W00004842,124,42,13,29,82,72,10,33.87096774193548,10.483870967741936,23.387096774193548,66.12903225806451,58.06451612903226,8.064516129032258
W00004843,132,33,12,21,99,89,10,25,9.090909090909092,15.909090909090908,75,67.42424242424242,7.575757575757576
W00004844,142,43,13,30,99,93,6,30.28169014084507,9.15492957746479,21.12676056338028,69.71830985915493,65.49295774647888,4.225352112676056
W00004845,94,21,3,18,73,66,7,22.340425531914892,3.1914893617021276,19.148936170212767,77.6595744680851,70.2127659574468,7.446808510638298
W00004846,105,27,6,21,78,66,12,25.71428571428571,5.714285714285714,20,74.28571428571429,62.857142857142854,11.428571428571429
W00004847,123,35,11,24,88,81,7,28.455284552845526,8.94308943089431,19.51219512195122,71.54471544715447,65.85365853658537,5.691056910569105
W00004848,109,29,4,25,80,71,9,26.605504587155966,3.669724770642202,22.93577981651376,73.39449541284404,65.13761467889908,8.256880733944955
W00004849,69,15,8,7,54,49,5,21.73913043478261,11.594202898550725,10.144927536231885,78.26086956521739,71.01449275362319,7.246376811594203
W00004850,97,23,4,19,74,66,8,23.711340206185564,4.123711340206185,19.587628865979383,76.28865979381443,68.04123711340206,8.24742268041237
W00004851,193,48,18,30,145,125,20,24.870466321243523,9.32642487046632,15.544041450777202,75.12953367875647,64.76683937823834,10.362694300518134
W00004852,140,41,6,35,99,87,12,29.28571428571429,4.285714285714286,25,70.71428571428572,62.142857142857146,8.571428571428571
W00004853,95,31,6,25,64,53,11,32.631578947368425,6.315789473684211,26.31578947368421,67.36842105263158,55.78947368421052,11.578947368421053
W00004854,120,33,3,30,87,77,10,27.500000000000004,2.5,25,72.5,64.16666666666667,8.333333333333332
W00004855,99,27,9,18,72,67,5,27.27272727272727,9.090909090909092,18.181818181818183,72.72727272727273,67.67676767676768,5.05050505050505
W00004856,147,39,11,28,108,93,15,26.53061224489796,7.482993197278912,19.047619047619047,73.46938775510205,63.26530612244898,10.204081632653061
W00004857,144,28,9,19,116,101,15,19.444444444444446,6.25,13.194444444444445,80.55555555555556,70.13888888888889,10.416666666666668
W00004858,145,40,12,28,105,90,15,27.586206896551722,8.275862068965518,19.310344827586206,72.41379310344827,62.06896551724138,10.344827586206897
W00004859,121,37,8,29,84,77,7,30.57851239669421,6.6115702479338845,23.96694214876033,69.42148760330579,63.63636363636363,5.785123966942149
W00004860,134,39,11,28,95,85,10,29.1044776119403,8.208955223880597,20.8955223880597,70.8955223880597,63.43283582089553,7.462686567164178
W00004861,118,28,11,17,90,84,6,23.728813559322035,9.322033898305085,14.40677966101695,76.27118644067797,71.1864406779661,5.084745762711865
W00004862,152,55,15,40,97,88,9,36.18421052631579,9.868421052631579,26.31578947368421,63.81578947368421,57.89473684210527,5.921052631578947
W00004863,115,41,9,32,74,64,10,35.65217391304348,7.82608695652174,27.82608695652174,64.34782608695652,55.65217391304348,8.695652173913043
W00004864,114,37,3,34,77,71,6,32.45614035087719,2.631578947368421,29.82456140350877,67.54385964912281,62.28070175438597,5.263157894736842
W00004865,112,39,13,26,73,66,7,34.82142857142857,11.607142857142858,23.214285714285715,65.17857142857143,58.92857142857143,6.25
W00004866,142,44,16,28,98,83,15,30.985915492957744,11.267605633802818,19.718309859154928,69.01408450704226,58.45070422535211,10.56338028169014
W00004867,121,39,8,31,82,77,5,32.231404958677686,6.6115702479338845,25.6198347107438,67.76859504132231,63.63636363636363,4.132231404958678
W00004868,138,37,10,27,101,88,13,26.811594202898554,7.246376811594203,19.565217391304348,73.18840579710145,63.76811594202898,9.420289855072465
W00004869,104,32,8,24,72,55,17,30.76923076923077,7.6923076923076925,23.076923076923077,69.23076923076923,52.88461538461539,16.346153846153847
W00004870,136,43,9,34,93,85,8,31.61764705882353,6.61764705882353,25,68.38235294117648,62.5,5.88235294117647
W00004871,141,44,12,32,97,85,12,31.20567375886525,8.51063829787234,22.69503546099291,68.79432624113475,60.28368794326241,8.51063829787234
W00004872,128,35,12,23,93,80,13,27.34375,9.375,17.96875,72.65625,62.5,10.15625
W00004873,132,43,8,35,89,77,12,32.57575757575758,6.0606060606060606,26.515151515151516,67.42424242424242,58.333333333333336,9.090909090909092
W00004874,140,38,8,30,102,92,10,27.142857142857142,5.714285714285714,21.428571428571427,72.85714285714285,65.71428571428571,7.142857142857142
W00004875,141,43,10,33,98,86,12,30.49645390070922,7.092198581560284,23.404255319148938,69.50354609929079,60.99290780141844,8.51063829787234
W00004877,126,41,10,31,85,82,3,32.53968253968254,7.936507936507936,24.6031746031746,67.46031746031747,65.07936507936508,2.380952380952381
W00004879,303,75,19,56,228,199,29,24.752475247524753,6.270627062706271,18.48184818481848,75.24752475247524,65.67656765676567,9.570957095709572
W00004882,132,37,11,26,95,81,14,28.030303030303028,8.333333333333332,19.696969696969695,71.96969696969697,61.36363636363637,10.606060606060606
W00004883,149,29,13,16,120,101,19,19.463087248322147,8.724832214765101,10.738255033557047,80.53691275167785,67.78523489932886,12.751677852348994
W00004884,121,30,9,21,91,71,20,24.793388429752067,7.43801652892562,17.355371900826448,75.20661157024794,58.67768595041323,16.528925619834713
W00004885,139,32,11,21,107,95,12,23.021582733812952,7.913669064748201,15.107913669064748,76.97841726618705,68.34532374100719,8.633093525179856
W00004886,144,38,9,29,106,95,11,26.38888888888889,6.25,20.13888888888889,73.61111111111111,65.97222222222221,7.638888888888889
W00004887,100,39,8,31,61,53,8,39,8,31,61,53,8
W00004888,168,46,14,32,122,105,17,27.380952380952383,8.333333333333332,19.047619047619047,72.61904761904762,62.5,10.119047619047619
W00004889,147,37,10,27,110,96,14,25.170068027210885,6.802721088435375,18.367346938775512,74.82993197278913,65.3061224489796,9.523809523809524
W00004890,96,38,9,29,58,49,9,39.58333333333333,9.375,30.208333333333332,60.416666666666664,51.041666666666664,9.375
W00004891,147,39,5,34,108,86,22,26.53061224489796,3.4013605442176873,23.12925170068027,73.46938775510205,58.50340136054422,14.965986394557824
W00004892,110,25,6,19,85,71,14,22.727272727272727,5.454545454545454,17.272727272727273,77.27272727272727,64.54545454545455,12.727272727272727
W00004893,35,13,5,8,22,22,0,37.142857142857146,14.285714285714285,22.857142857142858,62.857142857142854,62.857142857142854,0
W00004894,125,26,11,15,99,82,17,20.8,8.799999999999999,12,79.2,65.60000000000001,13.600000000000001
W00004895,106,30,9,21,76,69,7,28.30188679245283,8.49056603773585,19.81132075471698,71.69811320754717,65.09433962264151,6.60377358490566
W00004896,107,35,15,20,72,54,18,32.71028037383177,14.018691588785046,18.69158878504673,67.28971962616822,50.467289719626166,16.822429906542055
W00004897,125,35,14,21,90,76,14,28.000000000000004,11.200000000000001,16.8,72,60.8,11.200000000000001
W00004898,154,53,20,33,101,87,14,34.41558441558442,12.987012987012985,21.428571428571427,65.5844155844156,56.493506493506494,9.090909090909092
W00004899,84,39,9,30,45,38,7,46.42857142857143,10.714285714285714,35.714285714285715,53.57142857142857,45.23809523809524,8.333333333333332
W00004900,50,14,1,13,36,28,8,28.000000000000004,2,26,72,56.00000000000001,16
W00004901,64,30,9,21,34,28,6,46.875,14.0625,32.8125,53.125,43.75,9.375
W00004902,78,28,7,21,50,45,5,35.8974358974359,8.974358974358974,26.923076923076923,64.1025641025641,57.692307692307686,6.41025641025641
W00004903,101,31,5,26,70,65,5,30.693069306930692,4.9504950495049505,25.742574257425744,69.3069306930693,64.35643564356435,4.9504950495049505
W00004904,59,16,5,11,43,31,12,27.11864406779661,8.47457627118644,18.64406779661017,72.88135593220339,52.54237288135594,20.33898305084746
W00004905,126,36,11,25,90,82,8,28.57142857142857,8.73015873015873,19.841269841269842,71.42857142857143,65.07936507936508,6.349206349206349
W00004906,92,33,5,28,59,59,0,35.869565217391305,5.434782608695652,30.434782608695656,64.13043478260869,64.13043478260869,0
W00004907,120,45,13,32,75,67,8,37.5,10.833333333333334,26.666666666666668,62.5,55.833333333333336,6.666666666666667
W00004908,106,31,7,24,75,68,7,29.245283018867923,6.60377358490566,22.641509433962266,70.75471698113208,64.15094339622641,6.60377358490566
W00004909,149,37,11,26,112,99,13,24.832214765100673,7.38255033557047,17.449664429530202,75.16778523489933,66.44295302013423,8.724832214765101
W00004910,100,30,6,24,70,62,8,30,6,24,70,62,8
W00004911,110,33,8,25,77,67,10,30,7.2727272727272725,22.727272727272727,70,60.909090909090914,9.090909090909092
W00004912,122,42,12,30,80,68,12,34.42622950819672,9.836065573770492,24.59016393442623,65.57377049180327,55.73770491803278,9.836065573770492
W00004913,151,40,8,32,111,95,16,26.490066225165563,5.298013245033113,21.192052980132452,73.50993377483444,62.913907284768214,10.596026490066226
W00004914,58,18,6,12,40,36,4,31.03448275862069,10.344827586206897,20.689655172413794,68.96551724137932,62.06896551724138,6.896551724137931
W00004915,67,23,8,15,44,39,5,34.32835820895522,11.940298507462686,22.388059701492537,65.67164179104478,58.2089552238806,7.462686567164178
W00004916,103,27,5,22,76,64,12,26.21359223300971,4.854368932038835,21.35922330097087,73.7864077669903,62.13592233009708,11.650485436893204
W00004917,115,28,9,19,87,80,7,24.347826086956523,7.82608695652174,16.52173913043478,75.65217391304347,69.56521739130434,6.086956521739131
W00004918,74,20,8,12,54,49,5,27.027027027027028,10.81081081081081,16.216216216216218,72.97297297297297,66.21621621621621,6.756756756756757
W00004919,121,27,5,22,94,81,13,22.31404958677686,4.132231404958678,18.181818181818183,77.68595041322314,66.94214876033058,10.743801652892563
W00004920,100,37,6,31,63,54,9,37,6,31,63,54,9
W00004921,131,42,12,30,89,80,9,32.06106870229007,9.16030534351145,22.900763358778626,67.93893129770993,61.06870229007634,6.870229007633588
W00004922,112,30,4,26,82,70,12,26.785714285714285,3.571428571428571,23.214285714285715,73.21428571428571,62.5,10.714285714285714
W00004923,150,35,12,23,115,105,10,23.333333333333332,8,15.333333333333332,76.66666666666667,70,6.666666666666667
W00004924,69,20,3,17,49,38,11,28.985507246376812,4.3478260869565215,24.637681159420293,71.01449275362319,55.072463768115945,15.942028985507244
W00004925,117,39,10,29,78,66,12,33.33333333333333,8.547008547008547,24.786324786324787,66.66666666666666,56.41025641025641,10.256410256410255
W00004926,133,33,16,17,100,83,17,24.81203007518797,12.030075187969924,12.781954887218044,75.18796992481202,62.40601503759399,12.781954887218044
W00004927,147,34,6,28,113,99,14,23.12925170068027,4.081632653061225,19.047619047619047,76.87074829931973,67.3469387755102,9.523809523809524
W00004928,120,27,9,18,93,73,20,22.5,7.5,15,77.5,60.83333333333333,16.666666666666664
W00004929,104,36,7,29,68,54,14,34.61538461538461,6.730769230769231,27.884615384615387,65.38461538461539,51.92307692307693,13.461538461538462
W00004930,93,23,3,20,70,58,12,24.731182795698924,3.225806451612903,21.50537634408602,75.26881720430107,62.365591397849464,12.903225806451612
W00004931,172,47,12,35,125,102,23,27.325581395348834,6.976744186046512,20.348837209302324,72.67441860465115,59.30232558139535,13.372093023255813
W00004932,172,51,15,36,121,110,11,29.651162790697676,8.720930232558139,20.930232558139537,70.34883720930233,63.95348837209303,6.395348837209303
W00004934,141,51,15,36,90,81,9,36.17021276595745,10.638297872340425,25.53191489361702,63.829787234042556,57.446808510638306,6.382978723404255
W00004935,107,36,13,23,71,62,9,33.64485981308411,12.149532710280374,21.49532710280374,66.35514018691589,57.943925233644855,8.411214953271028
W00004936,124,46,15,31,78,69,9,37.096774193548384,12.096774193548388,25,62.903225806451616,55.64516129032258,7.258064516129033
W00004937,82,23,7,16,59,52,7,28.04878048780488,8.536585365853659,19.51219512195122,71.95121951219512,63.41463414634146,8.536585365853659
W00004938,115,40,17,23,75,61,14,34.78260869565217,14.782608695652174,20,65.21739130434783,53.04347826086957,12.173913043478262
W00004939,122,40,12,28,82,71,11,32.78688524590164,9.836065573770492,22.950819672131146,67.21311475409836,58.19672131147541,9.01639344262295
W00004940,41,10,0,10,31,25,6,24.390243902439025,0,24.390243902439025,75.60975609756098,60.97560975609756,14.634146341463413
W00004941,141,44,17,27,97,82,15,31.20567375886525,12.056737588652481,19.148936170212767,68.79432624113475,58.156028368794324,10.638297872340425
W00004942,62,17,4,13,45,40,5,27.419354838709676,6.451612903225806,20.967741935483872,72.58064516129032,64.51612903225806,8.064516129032258
W00004943,97,27,3,24,70,60,10,27.835051546391753,3.0927835051546393,24.742268041237114,72.16494845360825,61.855670103092784,10.309278350515463
W00004944,140,35,8,27,105,88,17,25,5.714285714285714,19.28571428571429,75,62.857142857142854,12.142857142857142
W00004945,108,31,7,24,77,67,10,28.703703703703702,6.481481481481481,22.22222222222222,71.29629629629629,62.03703703703704,9.25925925925926
W00004946,63,26,8,18,37,37,0,41.269841269841265,12.698412698412698,28.57142857142857,58.730158730158735,58.730158730158735,0
W00004947,108,34,9,25,74,65,9,31.48148148148148,8.333333333333332,23.14814814814815,68.51851851851852,60.18518518518518,8.333333333333332
W00004948,49,15,8,7,34,30,4,30.612244897959183,16.3265306122449,14.285714285714285,69.38775510204081,61.224489795918366,8.16326530612245
W00004949,50,12,5,7,38,35,3,24,10,14.000000000000002,76,70,6
W00004950,105,35,10,25,70,63,7,33.33333333333333,9.523809523809524,23.809523809523807,66.66666666666666,60,6.666666666666667
W00004951,103,31,5,26,72,67,5,30.097087378640776,4.854368932038835,25.24271844660194,69.90291262135922,65.0485436893204,4.854368932038835
W00004952,144,38,8,30,106,91,15,26.38888888888889,5.555555555555555,20.833333333333336,73.61111111111111,63.19444444444444,10.416666666666668
W00004953,180,58,11,47,122,107,15,32.22222222222222,6.111111111111111,26.111111111111114,67.77777777777779,59.44444444444444,8.333333333333332
W00004954,115,31,6,25,84,68,16,26.956521739130434,5.217391304347826,21.73913043478261,73.04347826086956,59.130434782608695,13.91304347826087
W00004955,168,55,15,40,113,96,17,32.73809523809524,8.928571428571429,23.809523809523807,67.26190476190477,57.14285714285714,10.119047619047619
W00004956,98,23,4,19,75,69,6,23.46938775510204,4.081632653061225,19.387755102040817,76.53061224489795,70.40816326530613,6.122448979591836
W00004958,173,49,20,29,124,88,36,28.32369942196532,11.560693641618498,16.76300578034682,71.67630057803468,50.86705202312138,20.809248554913296
W00004960,148,35,11,24,113,97,16,23.64864864864865,7.4324324324324325,16.216216216216218,76.35135135135135,65.54054054054053,10.81081081081081
W00004961,98,20,2,18,78,73,5,20.408163265306122,2.0408163265306123,18.367346938775512,79.59183673469387,74.48979591836735,5.1020408163265305
W00004962,126,25,5,20,101,93,8,19.841269841269842,3.968253968253968,15.873015873015872,80.15873015873017,73.80952380952381,6.349206349206349
W00004963,90,33,10,23,57,49,8,36.666666666666664,11.11111111111111,25.555555555555554,63.33333333333333,54.44444444444444,8.88888888888889
W00004964,85,27,7,20,58,52,6,31.76470588235294,8.235294117647058,23.52941176470588,68.23529411764706,61.1764705882353,7.0588235294117645
W00004965,155,35,4,31,120,107,13,22.58064516129032,2.5806451612903225,20,77.41935483870968,69.03225806451613,8.38709677419355
W00004966,101,31,9,22,70,64,6,30.693069306930692,8.91089108910891,21.782178217821784,69.3069306930693,63.366336633663366,5.9405940594059405
W00004968,114,33,6,27,81,70,11,28.947368421052634,5.263157894736842,23.684210526315788,71.05263157894737,61.40350877192983,9.649122807017543
W00004969,90,37,9,28,53,47,6,41.11111111111111,10,31.11111111111111,58.88888888888889,52.22222222222223,6.666666666666667
W00004970,80,28,5,23,52,46,6,35,6.25,28.749999999999996,65,57.49999999999999,7.5
W00004971,103,34,6,28,69,58,11,33.00970873786408,5.825242718446602,27.184466019417474,66.99029126213593,56.310679611650485,10.679611650485436
W00004972,102,26,5,21,76,66,10,25.49019607843137,4.901960784313726,20.588235294117645,74.50980392156863,64.70588235294117,9.803921568627452
W00004973,95,30,13,17,65,59,6,31.57894736842105,13.684210526315791,17.894736842105264,68.42105263157895,62.10526315789474,6.315789473684211
W00004974,79,20,9,11,59,50,9,25.31645569620253,11.39240506329114,13.924050632911392,74.68354430379746,63.29113924050633,11.39240506329114
W00004975,118,39,9,30,79,72,7,33.05084745762712,7.627118644067797,25.423728813559322,66.94915254237289,61.016949152542374,5.932203389830509
W00004976,71,30,9,21,41,40,1,42.25352112676056,12.676056338028168,29.577464788732392,57.74647887323944,56.33802816901409,1.4084507042253522
W00004977,113,39,16,23,74,65,9,34.51327433628318,14.15929203539823,20.353982300884958,65.48672566371681,57.52212389380531,7.964601769911504
W00004978,64,22,8,14,42,35,7,34.375,12.5,21.875,65.625,54.6875,10.9375
W00004979,113,27,8,19,86,80,6,23.893805309734514,7.079646017699115,16.8141592920354,76.10619469026548,70.79646017699115,5.3097345132743365
W00004980,111,48,14,34,63,55,8,43.24324324324324,12.612612612612612,30.630630630630627,56.75675675675676,49.549549549549546,7.207207207207207
W00004981,119,33,10,23,86,79,7,27.73109243697479,8.403361344537815,19.327731092436977,72.26890756302521,66.38655462184873,5.88235294117647
W00004982,77,18,5,13,59,55,4,23.376623376623375,6.493506493506493,16.883116883116884,76.62337662337663,71.42857142857143,5.194805194805195
W00004983,112,31,7,24,81,71,10,27.67857142857143,6.25,21.428571428571427,72.32142857142857,63.39285714285714,8.928571428571429
W00004984,88,22,8,14,66,55,11,25,9.090909090909092,15.909090909090908,75,62.5,12.5
W00004985,61,20,4,16,41,38,3,32.78688524590164,6.557377049180328,26.229508196721312,67.21311475409836,62.295081967213115,4.918032786885246
W00004986,114,41,10,31,73,68,5,35.96491228070175,8.771929824561402,27.192982456140353,64.03508771929825,59.64912280701754,4.385964912280701
W00004987,73,40,11,29,33,33,0,54.794520547945204,15.068493150684931,39.726027397260275,45.20547945205479,45.20547945205479,0
W00004988,83,23,6,17,60,51,9,27.710843373493976,7.228915662650602,20.481927710843372,72.28915662650603,61.44578313253012,10.843373493975903
W00004989,97,27,5,22,70,62,8,27.835051546391753,5.154639175257731,22.68041237113402,72.16494845360825,63.91752577319587,8.24742268041237
W00004990,92,32,5,27,60,54,6,34.78260869565217,5.434782608695652,29.347826086956523,65.21739130434783,58.69565217391305,6.521739130434782
W00004991,109,26,0,26,83,72,11,23.853211009174313,0,23.853211009174313,76.14678899082568,66.05504587155964,10.091743119266056
W00004992,41,12,3,9,29,26,3,29.268292682926827,7.317073170731707,21.951219512195124,70.73170731707317,63.41463414634146,7.317073170731707
W00004993,83,29,8,21,54,46,8,34.93975903614458,9.63855421686747,25.301204819277107,65.06024096385542,55.42168674698795,9.63855421686747
W00004994,75,25,5,20,50,45,5,33.33333333333333,6.666666666666667,26.666666666666668,66.66666666666666,60,6.666666666666667
W00004995,53,26,9,17,27,26,1,49.056603773584904,16.9811320754717,32.075471698113205,50.943396226415096,49.056603773584904,1.8867924528301887
W00004996,64,21,6,15,43,41,2,32.8125,9.375,23.4375,67.1875,64.0625,3.125
W00004997,85,27,7,20,58,48,10,31.76470588235294,8.235294117647058,23.52941176470588,68.23529411764706,56.470588235294116,11.76470588235294
W00004998,151,55,15,40,96,89,7,36.423841059602644,9.933774834437086,26.490066225165563,63.576158940397356,58.94039735099338,4.635761589403973
W00004999,150,48,13,35,102,85,17,32,8.666666666666668,23.333333333333332,68,56.666666666666664,11.333333333333332
W00005000,96,31,7,24,65,57,8,32.29166666666667,7.291666666666667,25,67.70833333333334,59.375,8.333333333333332
W00005001,113,31,12,19,82,75,7,27.43362831858407,10.619469026548673,16.8141592920354,72.56637168141593,66.3716814159292,6.1946902654867255
W00005002,117,31,6,25,86,82,4,26.495726495726498,5.128205128205128,21.367521367521366,73.50427350427351,70.08547008547008,3.418803418803419
W00005003,94,32,14,18,62,50,12,34.04255319148936,14.893617021276595,19.148936170212767,65.95744680851064,53.191489361702125,12.76595744680851
W00005004,89,28,5,23,61,51,10,31.46067415730337,5.617977528089887,25.842696629213485,68.53932584269663,57.30337078651685,11.235955056179774
W00005005,155,37,12,25,118,106,12,23.870967741935484,7.741935483870968,16.129032258064516,76.12903225806451,68.38709677419355,7.741935483870968
W00005006,138,35,12,23,103,88,15,25.36231884057971,8.695652173913043,16.666666666666664,74.63768115942028,63.76811594202898,10.869565217391305
W00005007,121,33,9,24,88,81,7,27.27272727272727,7.43801652892562,19.834710743801654,72.72727272727273,66.94214876033058,5.785123966942149
W00005008,124,40,12,28,84,79,5,32.25806451612903,9.67741935483871,22.58064516129032,67.74193548387096,63.70967741935484,4.032258064516129
W00005009,126,36,16,20,90,79,11,28.57142857142857,12.698412698412698,15.873015873015872,71.42857142857143,62.698412698412696,8.73015873015873
W00005010,134,34,17,17,100,86,14,25.37313432835821,12.686567164179104,12.686567164179104,74.6268656716418,64.17910447761194,10.44776119402985
W00005011,144,37,7,30,107,98,9,25.694444444444443,4.861111111111112,20.833333333333336,74.30555555555556,68.05555555555556,6.25
W00005012,125,43,10,33,82,69,13,34.4,8,26.400000000000002,65.60000000000001,55.2,10.4
W00005013,122,39,8,31,83,76,7,31.967213114754102,6.557377049180328,25.40983606557377,68.0327868852459,62.295081967213115,5.737704918032787
W00005014,115,25,6,19,90,82,8,21.73913043478261,5.217391304347826,16.52173913043478,78.26086956521739,71.30434782608695,6.956521739130435
W00005015,133,53,12,41,80,72,8,39.849624060150376,9.022556390977442,30.82706766917293,60.150375939849624,54.13533834586466,6.015037593984962
W00005016,123,35,7,28,88,80,8,28.455284552845526,5.691056910569105,22.76422764227642,71.54471544715447,65.04065040650406,6.504065040650407
W00005017,91,20,6,14,71,56,15,21.978021978021978,6.593406593406594,15.384615384615385,78.02197802197803,61.53846153846154,16.483516483516482
W00005018,72,16,2,14,56,48,8,22.22222222222222,2.7777777777777777,19.444444444444446,77.77777777777779,66.66666666666666,11.11111111111111
W00005019,173,56,15,41,117,98,19,32.369942196531795,8.670520231213873,23.699421965317917,67.63005780346822,56.64739884393064,10.982658959537572
W00005020,125,48,10,38,77,64,13,38.4,8,30.4,61.6,51.2,10.4
W00005021,149,33,8,25,116,103,13,22.14765100671141,5.369127516778524,16.778523489932887,77.85234899328859,69.12751677852349,8.724832214765101
W00005022,120,36,12,24,84,70,14,30,10,20,70,58.333333333333336,11.666666666666666
W00005023,110,22,8,14,88,80,8,20,7.2727272727272725,12.727272727272727,80,72.72727272727273,7.2727272727272725
W00005024,122,30,9,21,92,76,16,24.59016393442623,7.377049180327869,17.21311475409836,75.40983606557377,62.295081967213115,13.114754098360656
W00005025,150,33,11,22,117,101,16,22,7.333333333333333,14.666666666666666,78,67.33333333333333,10.666666666666668
W00005026,172,54,15,39,118,92,26,31.3953488372093,8.720930232558139,22.674418604651162,68.6046511627907,53.48837209302325,15.11627906976744
W00005027,151,55,18,37,96,83,13,36.423841059602644,11.920529801324504,24.503311258278146,63.576158940397356,54.966887417218544,8.609271523178808
W00005028,229,56,16,40,173,154,19,24.45414847161572,6.986899563318777,17.46724890829694,75.54585152838428,67.24890829694323,8.296943231441048
W00005029,192,60,9,51,132,120,12,31.25,4.6875,26.5625,68.75,62.5,6.25
W00005030,211,59,14,45,152,135,17,27.96208530805687,6.6350710900473935,21.32701421800948,72.03791469194313,63.98104265402843,8.056872037914692
W00005031,84,28,12,16,56,47,9,33.33333333333333,14.285714285714285,19.047619047619047,66.66666666666666,55.952380952380956,10.714285714285714
W00005032,147,55,19,36,92,76,16,37.41496598639456,12.925170068027212,24.489795918367346,62.585034013605444,51.70068027210885,10.884353741496598
W00005033,78,18,8,10,60,57,3,23.076923076923077,10.256410256410255,12.82051282051282,76.92307692307693,73.07692307692307,3.8461538461538463
W00005034,104,26,7,19,78,62,16,25,6.730769230769231,18.269230769230766,75,59.61538461538461,15.384615384615385
W00005035,143,42,15,27,101,97,4,29.37062937062937,10.48951048951049,18.88111888111888,70.62937062937063,67.83216783216784,2.797202797202797
W00005036,133,44,12,32,89,77,12,33.08270676691729,9.022556390977442,24.06015037593985,66.9172932330827,57.89473684210527,9.022556390977442
W00005037,135,35,9,26,100,90,10,25.925925925925924,6.666666666666667,19.25925925925926,74.07407407407408,66.66666666666666,7.4074074074074066
W00005038,155,49,15,34,106,96,10,31.61290322580645,9.67741935483871,21.935483870967744,68.38709677419355,61.935483870967744,6.451612903225806
W00005039,97,41,16,25,56,52,4,42.2680412371134,16.49484536082474,25.773195876288657,57.73195876288659,53.608247422680414,4.123711340206185
W00005040,103,36,12,24,67,59,8,34.95145631067961,11.650485436893204,23.300970873786408,65.0485436893204,57.28155339805825,7.766990291262135
W00005041,248,81,22,59,167,149,18,32.66129032258064,8.870967741935484,23.790322580645164,67.33870967741935,60.08064516129033,7.258064516129033
W00005042,148,50,12,38,98,88,10,33.78378378378378,8.108108108108109,25.675675675675674,66.21621621621621,59.45945945945946,6.756756756756757
W00005044,117,28,10,18,89,71,18,23.931623931623932,8.547008547008547,15.384615384615385,76.06837606837607,60.68376068376068,15.384615384615385
W00005045,153,54,15,39,99,91,8,35.294117647058826,9.803921568627452,25.49019607843137,64.70588235294117,59.47712418300654,5.228758169934641
W00005046,125,32,5,27,93,86,7,25.6,4,21.6,74.4,68.8,5.6000000000000005
W00005047,128,46,18,28,82,69,13,35.9375,14.0625,21.875,64.0625,53.90625,10.15625
W00005048,127,31,8,23,96,88,8,24.409448818897637,6.299212598425196,18.11023622047244,75.59055118110236,69.29133858267717,6.299212598425196
W00005049,135,38,9,29,97,90,7,28.14814814814815,6.666666666666667,21.48148148148148,71.85185185185186,66.66666666666666,5.185185185185185
W00005050,146,46,11,35,100,88,12,31.506849315068493,7.534246575342466,23.972602739726025,68.4931506849315,60.273972602739725,8.21917808219178
W00005051,122,22,3,19,100,87,13,18.0327868852459,2.459016393442623,15.573770491803279,81.9672131147541,71.31147540983606,10.655737704918032
W00005052,126,41,12,29,85,78,7,32.53968253968254,9.523809523809524,23.015873015873016,67.46031746031747,61.904761904761905,5.555555555555555
W00005053,218,60,17,43,158,141,17,27.522935779816514,7.79816513761468,19.724770642201836,72.47706422018348,64.6788990825688,7.79816513761468
W00005054,139,46,12,34,93,84,9,33.093525179856115,8.633093525179856,24.46043165467626,66.90647482014388,60.431654676258994,6.474820143884892
W00005055,125,40,5,35,85,74,11,32,4,28.000000000000004,68,59.199999999999996,8.799999999999999
W00005056,123,32,12,20,91,83,8,26.01626016260163,9.75609756097561,16.260162601626014,73.98373983739837,67.47967479674797,6.504065040650407
W00005057,133,44,12,32,89,81,8,33.08270676691729,9.022556390977442,24.06015037593985,66.9172932330827,60.902255639097746,6.015037593984962
W00005058,121,42,14,28,79,66,13,34.710743801652896,11.570247933884298,23.140495867768596,65.28925619834712,54.54545454545454,10.743801652892563
W00005059,133,47,10,37,86,73,13,35.338345864661655,7.518796992481203,27.819548872180448,64.66165413533834,54.88721804511278,9.774436090225564
W00005060,123,28,6,22,95,80,15,22.76422764227642,4.878048780487805,17.88617886178862,77.23577235772358,65.04065040650406,12.195121951219512
W00005061,84,14,5,9,70,59,11,16.666666666666664,5.952380952380952,10.714285714285714,83.33333333333334,70.23809523809523,13.095238095238097
W00005062,117,35,8,27,82,73,9,29.914529914529915,6.837606837606838,23.076923076923077,70.08547008547008,62.39316239316239,7.6923076923076925
W00005063,76,25,6,19,51,46,5,32.89473684210527,7.894736842105263,25,67.10526315789474,60.526315789473685,6.578947368421052
W00005064,123,37,8,29,86,79,7,30.081300813008134,6.504065040650407,23.577235772357724,69.91869918699187,64.22764227642277,5.691056910569105
W00005065,130,40,14,26,90,78,12,30.76923076923077,10.76923076923077,20,69.23076923076923,60,9.230769230769232
W00005066,109,29,9,20,80,73,7,26.605504587155966,8.256880733944955,18.34862385321101,73.39449541284404,66.97247706422019,6.422018348623854
W00005067,118,34,12,22,84,78,6,28.8135593220339,10.16949152542373,18.64406779661017,71.1864406779661,66.10169491525424,5.084745762711865
W00005068,133,37,7,30,96,77,19,27.819548872180448,5.263157894736842,22.55639097744361,72.18045112781954,57.89473684210527,14.285714285714285
W00005069,140,42,11,31,98,82,16,30,7.857142857142857,22.142857142857142,70,58.57142857142858,11.428571428571429
W00005070,115,22,6,16,93,78,15,19.130434782608695,5.217391304347826,13.91304347826087,80.8695652173913,67.82608695652173,13.043478260869565
W00005071,90,29,9,20,61,54,7,32.22222222222222,10,22.22222222222222,67.77777777777779,60,7.777777777777778
W00005072,208,76,27,49,132,113,19,36.53846153846153,12.980769230769232,23.557692307692307,63.46153846153846,54.32692307692307,9.134615384615383
W00005073,64,22,6,16,42,32,10,34.375,9.375,25,65.625,50,15.625
W00005074,126,38,11,27,88,82,6,30.158730158730158,8.73015873015873,21.428571428571427,69.84126984126983,65.07936507936508,4.761904761904762
W00005075,156,54,12,42,102,85,17,34.61538461538461,7.6923076923076925,26.923076923076923,65.38461538461539,54.48717948717948,10.897435897435898
W00005076,253,57,16,41,196,167,29,22.529644268774703,6.324110671936759,16.205533596837945,77.4703557312253,66.00790513833992,11.462450592885375
W00005077,72,31,10,21,41,37,4,43.05555555555556,13.88888888888889,29.166666666666668,56.94444444444444,51.388888888888886,5.555555555555555
W00005078,130,28,11,17,102,86,16,21.53846153846154,8.461538461538462,13.076923076923078,78.46153846153847,66.15384615384615,12.307692307692308
W00005080,67,25,6,19,42,37,5,37.3134328358209,8.955223880597014,28.35820895522388,62.68656716417911,55.223880597014926,7.462686567164178
W00005081,99,30,7,23,69,58,11,30.303030303030305,7.07070707070707,23.232323232323232,69.6969696969697,58.58585858585859,11.11111111111111
W00005082,85,24,6,18,61,54,7,28.235294117647058,7.0588235294117645,21.176470588235293,71.76470588235294,63.52941176470588,8.235294117647058
W00005083,116,42,15,27,74,63,11,36.206896551724135,12.931034482758621,23.275862068965516,63.793103448275865,54.310344827586206,9.482758620689655
W00005084,133,39,7,32,94,86,8,29.32330827067669,5.263157894736842,24.06015037593985,70.67669172932331,64.66165413533834,6.015037593984962
W00005085,65,21,4,17,44,41,3,32.30769230769231,6.153846153846154,26.153846153846157,67.6923076923077,63.07692307692307,4.615384615384616
W00005086,55,17,5,12,38,31,7,30.909090909090907,9.090909090909092,21.818181818181817,69.0909090909091,56.36363636363636,12.727272727272727
W00005087,82,24,2,22,58,50,8,29.268292682926827,2.4390243902439024,26.82926829268293,70.73170731707317,60.97560975609756,9.75609756097561
W00005088,166,55,17,38,111,90,21,33.13253012048193,10.240963855421686,22.89156626506024,66.86746987951807,54.21686746987952,12.650602409638553
W00005089,155,37,7,30,118,111,7,23.870967741935484,4.516129032258064,19.35483870967742,76.12903225806451,71.61290322580646,4.516129032258064
W00005090,100,31,5,26,69,61,8,31,5,26,69,61,8
W00005091,127,37,10,27,90,80,10,29.133858267716533,7.874015748031496,21.25984251968504,70.86614173228347,62.99212598425197,7.874015748031496
W00005092,75,17,2,15,58,51,7,22.666666666666664,2.666666666666667,20,77.33333333333333,68,9.333333333333334
W00005093,130,37,11,26,93,85,8,28.46153846153846,8.461538461538462,20,71.53846153846153,65.38461538461539,6.153846153846154
W00005094,59,17,4,13,42,36,6,28.8135593220339,6.779661016949152,22.033898305084744,71.1864406779661,61.016949152542374,10.16949152542373
W00005095,91,30,9,21,61,55,6,32.967032967032964,9.89010989010989,23.076923076923077,67.03296703296702,60.43956043956044,6.593406593406594
W00005096,100,33,7,26,67,58,9,33,7.000000000000001,26,67,57.99999999999999,9
W00005097,122,36,16,20,86,82,4,29.508196721311474,13.114754098360656,16.39344262295082,70.49180327868852,67.21311475409836,3.278688524590164
W00005098,143,38,10,28,105,96,9,26.573426573426573,6.993006993006993,19.58041958041958,73.42657342657343,67.13286713286713,6.293706293706294
W00005099,93,37,12,25,56,51,5,39.784946236559136,12.903225806451612,26.881720430107524,60.215053763440864,54.83870967741935,5.376344086021505
W00005100,124,41,11,30,83,68,15,33.064516129032256,8.870967741935484,24.193548387096776,66.93548387096774,54.83870967741935,12.096774193548388
W00005101,71,23,5,18,48,38,10,32.3943661971831,7.042253521126761,25.352112676056336,67.6056338028169,53.52112676056338,14.084507042253522
W00005102,125,41,8,33,84,77,7,32.800000000000004,6.4,26.400000000000002,67.2,61.6,5.6000000000000005
W00005103,119,40,13,27,79,71,8,33.61344537815126,10.92436974789916,22.689075630252102,66.38655462184873,59.66386554621849,6.722689075630252
W00005104,85,26,7,19,59,53,6,30.58823529411765,8.235294117647058,22.35294117647059,69.41176470588235,62.35294117647059,7.0588235294117645
W00005105,89,29,5,24,60,45,15,32.58426966292135,5.617977528089887,26.96629213483146,67.41573033707866,50.56179775280899,16.853932584269664
W00005106,95,29,7,22,66,61,5,30.526315789473685,7.368421052631578,23.157894736842106,69.47368421052632,64.21052631578948,5.263157894736842
W00005107,114,28,5,23,86,76,10,24.561403508771928,4.385964912280701,20.175438596491226,75.43859649122807,66.66666666666666,8.771929824561402
W00005108,110,42,13,29,68,57,11,38.18181818181819,11.818181818181818,26.36363636363636,61.81818181818181,51.81818181818182,10
W00005109,104,30,11,19,74,60,14,28.846153846153843,10.576923076923077,18.269230769230766,71.15384615384616,57.692307692307686,13.461538461538462
W00005110,84,23,10,13,61,57,4,27.380952380952383,11.904761904761903,15.476190476190476,72.61904761904762,67.85714285714286,4.761904761904762
W00005111,112,35,4,31,77,67,10,31.25,3.571428571428571,27.67857142857143,68.75,59.82142857142857,8.928571428571429
W00005112,90,34,10,24,56,55,1,37.77777777777778,11.11111111111111,26.666666666666668,62.22222222222222,61.111111111111114,1.1111111111111112
W00005113,133,46,17,29,87,76,11,34.58646616541353,12.781954887218044,21.804511278195488,65.41353383458647,57.14285714285714,8.270676691729323
W00005114,114,47,13,34,67,57,10,41.228070175438596,11.403508771929824,29.82456140350877,58.77192982456141,50,8.771929824561402
W00005115,117,32,6,26,85,73,12,27.350427350427353,5.128205128205128,22.22222222222222,72.64957264957265,62.39316239316239,10.256410256410255
W00005116,100,32,12,20,68,58,10,32,12,20,68,57.99999999999999,10
W00005117,116,36,12,24,80,76,4,31.03448275862069,10.344827586206897,20.689655172413794,68.96551724137932,65.51724137931035,3.4482758620689653
W00005118,95,25,0,25,70,64,6,26.31578947368421,0,26.31578947368421,73.68421052631578,67.36842105263158,6.315789473684211
W00005119,141,39,11,28,102,87,15,27.659574468085108,7.801418439716312,19.858156028368796,72.3404255319149,61.702127659574465,10.638297872340425
W00005120,127,39,6,33,88,83,5,30.708661417322837,4.724409448818897,25.984251968503933,69.29133858267717,65.35433070866141,3.937007874015748
W00005121,106,34,3,31,72,63,9,32.075471698113205,2.8301886792452833,29.245283018867923,67.9245283018868,59.43396226415094,8.49056603773585
W00005122,90,29,6,23,61,56,5,32.22222222222222,6.666666666666667,25.555555555555554,67.77777777777779,62.22222222222222,5.555555555555555
W00005123,109,30,13,17,79,62,17,27.522935779816514,11.926605504587156,15.59633027522936,72.47706422018348,56.88073394495413,15.59633027522936
W00005124,82,25,7,18,57,52,5,30.48780487804878,8.536585365853659,21.951219512195124,69.51219512195121,63.41463414634146,6.097560975609756
W00005125,141,39,5,34,102,85,17,27.659574468085108,3.546099290780142,24.113475177304963,72.3404255319149,60.28368794326241,12.056737588652481
W00005126,117,38,11,27,79,66,13,32.47863247863248,9.401709401709402,23.076923076923077,67.52136752136752,56.41025641025641,11.11111111111111
W00005127,125,37,13,24,88,77,11,29.599999999999998,10.4,19.2,70.39999999999999,61.6,8.799999999999999
W00005128,103,32,8,24,71,63,8,31.06796116504854,7.766990291262135,23.300970873786408,68.93203883495146,61.165048543689316,7.766990291262135
W00005129,96,28,9,19,68,61,7,29.166666666666668,9.375,19.791666666666664,70.83333333333334,63.541666666666664,7.291666666666667
W00005130,80,26,15,11,54,53,1,32.5,18.75,13.750000000000002,67.5,66.25,1.25
W00005131,143,39,5,34,104,96,8,27.27272727272727,3.4965034965034967,23.776223776223777,72.72727272727273,67.13286713286713,5.594405594405594
W00005132,121,34,9,25,87,81,6,28.09917355371901,7.43801652892562,20.66115702479339,71.900826446281,66.94214876033058,4.958677685950414
W00005133,126,43,16,27,83,72,11,34.12698412698413,12.698412698412698,21.428571428571427,65.87301587301587,57.14285714285714,8.73015873015873
W00005134,109,43,19,24,66,56,10,39.44954128440367,17.431192660550458,22.018348623853214,60.550458715596335,51.37614678899083,9.174311926605505
W00005135,152,47,13,34,105,95,10,30.92105263157895,8.552631578947368,22.36842105263158,69.07894736842105,62.5,6.578947368421052
W00005136,139,27,6,21,112,98,14,19.424460431654676,4.316546762589928,15.107913669064748,80.57553956834532,70.50359712230215,10.071942446043165
W00005137,110,37,14,23,73,63,10,33.63636363636363,12.727272727272727,20.909090909090907,66.36363636363637,57.27272727272727,9.090909090909092
W00005138,143,45,11,34,98,84,14,31.46853146853147,7.6923076923076925,23.776223776223777,68.53146853146853,58.74125874125874,9.79020979020979
W00005139,125,30,6,24,95,81,14,24,4.8,19.2,76,64.8,11.200000000000001
W00005140,132,38,9,29,94,81,13,28.78787878787879,6.8181818181818175,21.96969696969697,71.21212121212122,61.36363636363637,9.848484848484848
W00005141,109,36,6,30,73,67,6,33.02752293577982,5.5045871559633035,27.522935779816514,66.97247706422019,61.46788990825688,5.5045871559633035
W00005142,102,30,8,22,72,60,12,29.411764705882355,7.8431372549019605,21.568627450980394,70.58823529411765,58.82352941176471,11.76470588235294
W00005143,83,22,4,18,61,54,7,26.506024096385545,4.819277108433735,21.686746987951807,73.49397590361446,65.06024096385542,8.433734939759036
W00005144,92,18,4,14,74,60,14,19.565217391304348,4.3478260869565215,15.217391304347828,80.43478260869566,65.21739130434783,15.217391304347828
W00005145,216,64,22,42,152,135,17,29.629629629629626,10.185185185185185,19.444444444444446,70.37037037037037,62.5,7.87037037037037
W00005146,122,29,10,19,93,86,7,23.770491803278688,8.19672131147541,15.573770491803279,76.22950819672131,70.49180327868852,5.737704918032787
W00005147,94,26,4,22,68,59,9,27.659574468085108,4.25531914893617,23.404255319148938,72.3404255319149,62.76595744680851,9.574468085106384
W00005148,341,80,15,65,261,231,30,23.46041055718475,4.398826979472141,19.06158357771261,76.53958944281524,67.74193548387096,8.797653958944283
W00005149,139,43,7,36,96,85,11,30.935251798561154,5.0359712230215825,25.899280575539567,69.06474820143885,61.15107913669065,7.913669064748201
W00005150,113,27,13,14,86,75,11,23.893805309734514,11.504424778761061,12.389380530973451,76.10619469026548,66.3716814159292,9.734513274336283
W00005151,201,69,18,51,132,117,15,34.32835820895522,8.955223880597014,25.37313432835821,65.67164179104478,58.2089552238806,7.462686567164178
W00005152,113,30,3,27,83,76,7,26.548672566371685,2.6548672566371683,23.893805309734514,73.45132743362832,67.2566371681416,6.1946902654867255
W00005153,117,33,8,25,84,74,10,28.205128205128204,6.837606837606838,21.367521367521366,71.7948717948718,63.24786324786324,8.547008547008547
W00005154,93,25,5,20,68,62,6,26.881720430107524,5.376344086021505,21.50537634408602,73.11827956989248,66.66666666666666,6.451612903225806
W00005155,160,46,12,34,114,106,8,28.749999999999996,7.5,21.25,71.25,66.25,5
W00005156,115,34,16,18,81,61,20,29.565217391304348,13.91304347826087,15.65217391304348,70.43478260869566,53.04347826086957,17.391304347826086
W00005157,151,51,20,31,100,89,11,33.77483443708609,13.245033112582782,20.52980132450331,66.22516556291392,58.94039735099338,7.28476821192053
W00005158,120,35,8,27,85,74,11,29.166666666666668,6.666666666666667,22.5,70.83333333333334,61.66666666666667,9.166666666666666
W00005159,141,45,21,24,96,83,13,31.914893617021278,14.893617021276595,17.02127659574468,68.08510638297872,58.86524822695035,9.219858156028367
W00005160,110,33,6,27,77,60,17,30,5.454545454545454,24.545454545454547,70,54.54545454545454,15.454545454545453
W00005161,101,29,10,19,72,64,8,28.71287128712871,9.900990099009901,18.81188118811881,71.28712871287128,63.366336633663366,7.920792079207921
W00005162,114,32,16,16,82,74,8,28.07017543859649,14.035087719298245,14.035087719298245,71.9298245614035,64.91228070175438,7.017543859649122
W00005163,136,45,15,30,91,78,13,33.088235294117645,11.029411764705882,22.058823529411764,66.91176470588235,57.35294117647059,9.558823529411764
W00005164,117,44,10,34,73,63,10,37.60683760683761,8.547008547008547,29.059829059829063,62.39316239316239,53.84615384615385,8.547008547008547
W00005165,103,26,4,22,77,67,10,25.24271844660194,3.8834951456310676,21.35922330097087,74.75728155339806,65.0485436893204,9.70873786407767
W00005166,98,37,15,22,61,56,5,37.755102040816325,15.306122448979592,22.448979591836736,62.244897959183675,57.14285714285714,5.1020408163265305
W00005167,92,30,6,24,62,58,4,32.608695652173914,6.521739130434782,26.08695652173913,67.3913043478261,63.04347826086957,4.3478260869565215
W00005168,73,26,9,17,47,40,7,35.61643835616438,12.32876712328767,23.28767123287671,64.38356164383562,54.794520547945204,9.58904109589041
W00005169,126,46,5,41,80,70,10,36.507936507936506,3.968253968253968,32.53968253968254,63.49206349206349,55.55555555555556,7.936507936507936
W00005171,113,37,8,29,76,62,14,32.743362831858406,7.079646017699115,25.663716814159294,67.2566371681416,54.86725663716814,12.389380530973451
W00009773,68,28,6,22,40,37,3,41.17647058823529,8.823529411764707,32.35294117647059,58.82352941176471,54.41176470588235,4.411764705882353
W00009934,175,39,6,33,136,114,22,22.285714285714285,3.428571428571429,18.857142857142858,77.71428571428571,65.14285714285715,12.571428571428573
W00009935,141,34,6,28,107,92,15,24.113475177304963,4.25531914893617,19.858156028368796,75.88652482269504,65.24822695035462,10.638297872340425
W00009936,163,34,8,26,129,116,13,20.858895705521473,4.9079754601226995,15.950920245398773,79.14110429447852,71.16564417177914,7.975460122699387
W00009937,93,22,4,18,71,68,3,23.655913978494624,4.301075268817205,19.35483870967742,76.34408602150538,73.11827956989248,3.225806451612903
W00009938,86,31,5,26,55,45,10,36.04651162790697,5.813953488372093,30.23255813953488,63.95348837209303,52.32558139534884,11.627906976744185
W00009939,196,52,18,34,144,128,16,26.53061224489796,9.183673469387756,17.346938775510203,73.46938775510205,65.3061224489796,8.16326530612245
W00009940,109,26,7,19,83,77,6,23.853211009174313,6.422018348623854,17.431192660550458,76.14678899082568,70.64220183486239,5.5045871559633035
W00009941,168,42,14,28,126,105,21,25,8.333333333333332,16.666666666666664,75,62.5,12.5
W00009942,146,32,7,25,114,104,10,21.91780821917808,4.794520547945205,17.123287671232877,78.08219178082192,71.23287671232876,6.8493150684931505
W00009943,175,43,13,30,132,100,32,24.571428571428573,7.428571428571429,17.142857142857142,75.42857142857143,57.14285714285714,18.285714285714285
W00009944,169,49,16,33,120,96,24,28.994082840236686,9.467455621301776,19.526627218934912,71.00591715976331,56.80473372781065,14.201183431952662
W00009945,171,43,12,31,128,108,20,25.146198830409354,7.017543859649122,18.128654970760234,74.85380116959064,63.1578947368421,11.695906432748536
W00009946,130,31,6,25,99,91,8,23.846153846153847,4.615384615384616,19.230769230769234,76.15384615384615,70,6.153846153846154
W00010370,163,51,12,39,112,96,16,31.28834355828221,7.361963190184049,23.92638036809816,68.71165644171779,58.895705521472394,9.815950920245399
W00010379,87,28,5,23,59,51,8,32.18390804597701,5.747126436781609,26.436781609195403,67.81609195402298,58.620689655172406,9.195402298850574
W00010382,174,120,81,39,54,42,12,68.96551724137932,46.55172413793103,22.413793103448278,31.03448275862069,24.137931034482758,6.896551724137931
W00010383,239,62,16,46,177,152,25,25.94142259414226,6.694560669456067,19.246861924686193,74.05857740585773,63.59832635983263,10.460251046025103
W00010386,207,47,20,27,160,138,22,22.705314009661837,9.66183574879227,13.043478260869565,77.29468599033817,66.66666666666666,10.628019323671497
W00010388,78,15,2,13,63,56,7,19.230769230769234,2.564102564102564,16.666666666666664,80.76923076923077,71.7948717948718,8.974358974358974
W00010396,140,29,8,21,111,100,11,20.714285714285715,5.714285714285714,15,79.28571428571428,71.42857142857143,7.857142857142857
W00010398,199,58,16,42,141,121,20,29.145728643216078,8.040201005025125,21.105527638190953,70.85427135678391,60.80402010050251,10.050251256281408
W00010401,191,37,7,30,154,135,19,19.3717277486911,3.664921465968586,15.706806282722512,80.6282722513089,70.68062827225131,9.947643979057592
W00010408,65,19,6,13,46,42,4,29.230769230769234,9.230769230769232,20,70.76923076923077,64.61538461538461,6.153846153846154
W00010409,184,50,12,38,134,127,7,27.173913043478258,6.521739130434782,20.652173913043477,72.82608695652173,69.02173913043478,3.804347826086957
W00010416,229,63,13,50,166,144,22,27.510917030567683,5.676855895196507,21.83406113537118,72.48908296943232,62.882096069869,9.606986899563319
W00010418,183,33,7,26,150,136,14,18.0327868852459,3.825136612021858,14.207650273224044,81.9672131147541,74.31693989071039,7.650273224043716
W00010425,134,34,9,25,100,92,8,25.37313432835821,6.7164179104477615,18.65671641791045,74.6268656716418,68.65671641791045,5.970149253731343
W00010426,110,34,6,28,76,70,6,30.909090909090907,5.454545454545454,25.454545454545453,69.0909090909091,63.63636363636363,5.454545454545454
W00010430,177,45,16,29,132,112,20,25.423728813559322,9.03954802259887,16.38418079096045,74.57627118644068,63.2768361581921,11.299435028248588
W00010435,183,37,14,23,146,134,12,20.21857923497268,7.650273224043716,12.568306010928962,79.78142076502732,73.224043715847,6.557377049180328
W00010437,166,47,14,33,119,101,18,28.313253012048197,8.433734939759036,19.879518072289155,71.6867469879518,60.8433734939759,10.843373493975903
W00010439,185,46,10,36,139,115,24,24.864864864864867,5.405405405405405,19.45945945945946,75.13513513513513,62.16216216216216,12.972972972972974
W00010440,96,27,5,22,69,62,7,28.125,5.208333333333334,22.916666666666664,71.875,64.58333333333334,7.291666666666667
