OA,ts0380001,ts0380002,ts0380003,ts0380004,ts0380005,ts0380006,ts0380007,ts0380002_PCT,ts0380003_PCT,ts0380004_PCT,ts0380005_PCT,ts0380006_PCT,ts0380007_PCT
E00041363,186,65,32,33,121,13,108,34.946236559139784,17.20430107526882,17.741935483870968,65.05376344086021,6.989247311827956,58.06451612903226
E00041364,417,57,20,37,360,12,348,13.66906474820144,4.796163069544365,8.872901678657074,86.33093525179856,2.877697841726619,83.45323741007195
E00041366,204,37,18,19,167,11,156,18.137254901960784,8.823529411764707,9.313725490196079,81.86274509803921,5.392156862745098,76.47058823529412
E00041367,232,53,18,35,179,21,158,22.844827586206897,7.758620689655173,15.086206896551724,77.15517241379311,9.051724137931034,68.10344827586206
E00041368,307,69,28,41,238,15,223,22.475570032573287,9.120521172638437,13.355048859934854,77.52442996742671,4.88599348534202,72.63843648208469
E00041369,377,82,41,41,295,10,285,21.750663129973475,10.875331564986737,10.875331564986737,78.24933687002653,2.6525198938992043,75.59681697612733
E00041371,353,113,67,46,240,23,217,32.01133144475921,18.980169971671387,13.031161473087819,67.98866855524079,6.515580736543909,61.47308781869688
E00041372,249,41,22,19,208,14,194,16.46586345381526,8.835341365461847,7.630522088353414,83.53413654618474,5.622489959839357,77.91164658634538
E00041377,192,102,64,38,90,8,82,53.125,33.33333333333333,19.791666666666664,46.875,4.166666666666666,42.70833333333333
E00041378,252,39,18,21,213,25,188,15.476190476190476,7.142857142857142,8.333333333333332,84.52380952380952,9.920634920634921,74.60317460317461
E00041381,222,51,21,30,171,15,156,22.972972972972975,9.45945945945946,13.513513513513514,77.02702702702703,6.756756756756757,70.27027027027027
E00041382,120,45,22,23,75,15,60,37.5,18.333333333333332,19.166666666666668,62.5,12.5,50
E00041383,269,56,22,34,213,19,194,20.817843866171003,8.178438661710038,12.639405204460965,79.182156133829,7.063197026022305,72.11895910780669
E00041384,397,62,22,40,335,30,305,15.617128463476071,5.541561712846348,10.075566750629724,84.38287153652394,7.5566750629722925,76.82619647355163
E00041385,210,83,61,22,127,11,116,39.523809523809526,29.04761904761905,10.476190476190476,60.476190476190474,5.238095238095238,55.23809523809524
E00041386,458,40,9,31,418,28,390,8.73362445414847,1.9650655021834063,6.768558951965066,91.26637554585153,6.11353711790393,85.1528384279476
E00041388,341,82,47,35,259,14,245,24.04692082111437,13.78299120234604,10.263929618768328,75.95307917888563,4.105571847507331,71.8475073313783
E00041389,194,43,21,22,151,17,134,22.164948453608247,10.824742268041238,11.34020618556701,77.83505154639175,8.762886597938143,69.0721649484536
E00041390,386,153,103,50,233,15,218,39.637305699481864,26.683937823834196,12.953367875647666,60.362694300518136,3.8860103626943006,56.476683937823836
E00041393,291,50,24,26,241,18,223,17.18213058419244,8.24742268041237,8.934707903780069,82.81786941580756,6.185567010309279,76.6323024054983
E00041394,378,62,23,39,316,24,292,16.402116402116402,6.084656084656085,10.317460317460316,83.5978835978836,6.349206349206349,77.24867724867724
E00041395,471,82,44,38,389,42,347,17.40976645435244,9.341825902335456,8.067940552016985,82.59023354564756,8.9171974522293,73.67303609341825
E00041397,273,92,46,46,181,18,163,33.6996336996337,16.84981684981685,16.84981684981685,66.30036630036629,6.593406593406594,59.70695970695971
E00041399,229,55,26,29,174,13,161,24.017467248908297,11.353711790393014,12.663755458515283,75.9825327510917,5.676855895196507,70.3056768558952
E00041400,301,91,55,36,210,25,185,30.23255813953488,18.272425249169437,11.960132890365449,69.76744186046511,8.305647840531561,61.461794019933556
E00041401,276,50,23,27,226,21,205,18.115942028985508,8.333333333333332,9.782608695652174,81.88405797101449,7.608695652173914,74.27536231884058
E00041402,366,66,25,41,300,25,275,18.0327868852459,6.830601092896176,11.202185792349727,81.9672131147541,6.830601092896176,75.13661202185791
E00041404,308,78,45,33,230,20,210,25.324675324675322,14.61038961038961,10.714285714285714,74.67532467532467,6.493506493506493,68.18181818181817
E00041405,145,73,42,31,72,4,68,50.3448275862069,28.965517241379313,21.379310344827587,49.6551724137931,2.7586206896551726,46.89655172413793
E00041406,256,66,24,42,190,16,174,25.78125,9.375,16.40625,74.21875,6.25,67.96875
E00041407,316,63,31,32,253,20,233,19.936708860759495,9.81012658227848,10.126582278481013,80.0632911392405,6.329113924050633,73.73417721518987
E00041408,243,53,22,31,190,12,178,21.810699588477366,9.053497942386832,12.757201646090536,78.18930041152264,4.938271604938271,73.25102880658436
E00041409,312,75,43,32,237,12,225,24.03846153846154,13.782051282051283,10.256410256410255,75.96153846153845,3.8461538461538463,72.11538461538461
E00041410,223,53,33,20,170,21,149,23.766816143497756,14.798206278026907,8.968609865470851,76.23318385650224,9.417040358744394,66.81614349775785
E00041411,121,52,33,19,69,8,61,42.97520661157025,27.27272727272727,15.702479338842975,57.02479338842975,6.6115702479338845,50.413223140495866
E00041413,189,53,42,11,136,15,121,28.04232804232804,22.22222222222222,5.82010582010582,71.95767195767195,7.936507936507936,64.02116402116403
E00041414,212,37,15,22,175,11,164,17.452830188679243,7.0754716981132075,10.377358490566039,82.54716981132076,5.188679245283019,77.35849056603774
E00041415,226,63,32,31,163,20,143,27.876106194690266,14.15929203539823,13.716814159292035,72.12389380530973,8.849557522123893,63.27433628318584
E00041416,310,75,42,33,235,23,212,24.193548387096776,13.548387096774196,10.64516129032258,75.80645161290323,7.419354838709677,68.38709677419355
E00041417,274,56,14,42,218,22,196,20.437956204379564,5.109489051094891,15.328467153284672,79.56204379562044,8.02919708029197,71.53284671532847
E00041418,267,84,45,39,183,10,173,31.46067415730337,16.853932584269664,14.606741573033707,68.53932584269663,3.7453183520599254,64.7940074906367
E00041419,284,84,46,38,200,24,176,29.577464788732392,16.19718309859155,13.380281690140844,70.4225352112676,8.450704225352112,61.97183098591549
E00041420,306,68,37,31,238,21,217,22.22222222222222,12.091503267973856,10.130718954248366,77.77777777777779,6.862745098039216,70.91503267973856
E00041421,334,65,22,43,269,37,232,19.46107784431138,6.58682634730539,12.874251497005988,80.53892215568862,11.077844311377245,69.46107784431138
E00041422,220,75,44,31,145,14,131,34.090909090909086,20,14.09090909090909,65.9090909090909,6.363636363636363,59.54545454545455
E00041423,291,70,33,37,221,16,205,24.054982817869416,11.34020618556701,12.714776632302405,75.94501718213058,5.498281786941581,70.44673539518901
E00041424,325,62,27,35,263,27,236,19.076923076923077,8.307692307692308,10.76923076923077,80.92307692307692,8.307692307692308,72.61538461538461
E00041425,241,71,45,26,170,10,160,29.460580912863072,18.672199170124482,10.78838174273859,70.53941908713693,4.149377593360995,66.39004149377593
E00041426,269,64,33,31,205,18,187,23.79182156133829,12.267657992565056,11.524163568773234,76.2081784386617,6.691449814126393,69.51672862453532
E00041427,327,119,46,73,208,18,190,36.391437308868504,14.067278287461773,22.32415902140673,63.608562691131496,5.5045871559633035,58.103975535168196
E00041429,263,107,60,47,156,13,143,40.68441064638783,22.813688212927758,17.870722433460077,59.31558935361216,4.942965779467681,54.372623574144484
E00041430,373,121,69,52,252,21,231,32.43967828418231,18.498659517426276,13.941018766756033,67.5603217158177,5.630026809651475,61.93029490616622
E00041431,232,40,17,23,192,21,171,17.24137931034483,7.327586206896551,9.913793103448276,82.75862068965517,9.051724137931034,73.70689655172413
E00041432,265,89,56,33,176,12,164,33.58490566037736,21.132075471698116,12.452830188679245,66.41509433962264,4.528301886792453,61.886792452830186
E00041433,216,50,25,25,166,18,148,23.14814814814815,11.574074074074074,11.574074074074074,76.85185185185185,8.333333333333332,68.51851851851852
E00041434,256,71,31,40,185,14,171,27.734375,12.109375,15.625,72.265625,5.46875,66.796875
E00041435,356,122,83,39,234,23,211,34.26966292134831,23.314606741573034,10.955056179775282,65.73033707865169,6.460674157303371,59.269662921348306
E00041436,264,52,22,30,212,15,197,19.696969696969695,8.333333333333332,11.363636363636363,80.3030303030303,5.681818181818182,74.62121212121212
E00041437,252,62,32,30,190,22,168,24.6031746031746,12.698412698412698,11.904761904761903,75.39682539682539,8.73015873015873,66.66666666666666
E00041438,307,46,19,27,261,23,238,14.983713355048861,6.188925081433225,8.794788273615636,85.01628664495115,7.491856677524431,77.52442996742671
E00041439,268,62,33,29,206,20,186,23.134328358208954,12.313432835820896,10.820895522388058,76.86567164179104,7.462686567164178,69.40298507462687
E00041440,321,61,23,38,260,19,241,19.003115264797508,7.165109034267912,11.838006230529595,80.99688473520249,5.919003115264798,75.0778816199377
E00041441,305,46,23,23,259,22,237,15.081967213114755,7.540983606557377,7.540983606557377,84.91803278688525,7.213114754098362,77.70491803278688
E00041442,275,39,16,23,236,30,206,14.181818181818182,5.818181818181818,8.363636363636363,85.81818181818181,10.909090909090908,74.90909090909092
E00041443,271,52,18,34,219,21,198,19.18819188191882,6.642066420664207,12.546125461254611,80.81180811808119,7.7490774907749085,73.06273062730627
E00041444,321,61,27,34,260,18,242,19.003115264797508,8.411214953271028,10.59190031152648,80.99688473520249,5.607476635514018,75.38940809968847
E00041445,257,50,17,33,207,15,192,19.45525291828794,6.614785992217899,12.840466926070038,80.54474708171206,5.836575875486381,74.70817120622569
E00041446,256,52,21,31,204,13,191,20.3125,8.203125,12.109375,79.6875,5.078125,74.609375
E00041447,278,42,10,32,236,25,211,15.107913669064748,3.5971223021582732,11.510791366906476,84.89208633093526,8.992805755395683,75.89928057553958
E00041448,176,21,7,14,155,28,127,11.931818181818182,3.977272727272727,7.954545454545454,88.06818181818183,15.909090909090908,72.1590909090909
E00041449,242,61,37,24,181,21,160,25.206611570247933,15.289256198347106,9.917355371900827,74.79338842975206,8.677685950413224,66.11570247933885
E00041450,259,39,14,25,220,13,207,15.057915057915059,5.405405405405405,9.652509652509652,84.94208494208493,5.019305019305019,79.92277992277992
E00041451,317,70,29,41,247,27,220,22.082018927444793,9.14826498422713,12.933753943217665,77.91798107255521,8.517350157728707,69.4006309148265
E00041452,289,39,9,30,250,27,223,13.494809688581316,3.1141868512110724,10.380622837370241,86.50519031141869,9.342560553633218,77.16262975778547
E00041453,471,49,22,27,422,44,378,10.40339702760085,4.670912951167728,5.7324840764331215,89.59660297239915,9.341825902335456,80.2547770700637
E00041454,318,74,35,39,244,18,226,23.270440251572328,11.0062893081761,12.264150943396226,76.72955974842768,5.660377358490567,71.0691823899371
E00041455,309,97,58,39,212,16,196,31.3915857605178,18.77022653721683,12.62135922330097,68.6084142394822,5.177993527508091,63.43042071197411
E00041456,242,90,42,48,152,13,139,37.1900826446281,17.355371900826448,19.834710743801654,62.8099173553719,5.371900826446281,57.438016528925615
E00041457,236,62,41,21,174,23,151,26.27118644067797,17.372881355932204,8.898305084745763,73.72881355932203,9.745762711864407,63.983050847457626
E00041458,308,55,31,24,253,23,230,17.857142857142858,10.064935064935066,7.792207792207792,82.14285714285714,7.467532467532467,74.67532467532467
E00041459,276,57,28,29,219,22,197,20.652173913043477,10.144927536231885,10.507246376811594,79.34782608695652,7.971014492753622,71.37681159420289
E00041460,424,49,13,36,375,32,343,11.556603773584905,3.0660377358490565,8.49056603773585,88.44339622641509,7.547169811320755,80.89622641509435
E00041461,384,89,49,40,295,21,274,23.177083333333336,12.760416666666666,10.416666666666668,76.82291666666666,5.46875,71.35416666666666
E00041462,262,48,24,24,214,20,194,18.3206106870229,9.16030534351145,9.16030534351145,81.67938931297711,7.633587786259542,74.04580152671755
E00041463,244,53,18,35,191,17,174,21.721311475409834,7.377049180327869,14.344262295081966,78.27868852459017,6.967213114754098,71.31147540983606
E00041464,309,58,29,29,251,22,229,18.77022653721683,9.385113268608414,9.385113268608414,81.22977346278317,7.119741100323624,74.11003236245955
E00041465,256,61,22,39,195,18,177,23.828125,8.59375,15.234375,76.171875,7.03125,69.140625
E00041466,332,90,45,45,242,14,228,27.10843373493976,13.55421686746988,13.55421686746988,72.89156626506023,4.216867469879518,68.67469879518072
E00041467,295,43,17,26,252,34,218,14.576271186440678,5.762711864406779,8.813559322033898,85.42372881355932,11.525423728813559,73.89830508474576
E00041468,362,119,84,35,243,18,225,32.87292817679558,23.204419889502763,9.668508287292818,67.12707182320442,4.972375690607735,62.15469613259669
E00041469,132,27,11,16,105,7,98,20.454545454545457,8.333333333333332,12.121212121212121,79.54545454545455,5.303030303030303,74.24242424242425
E00041470,233,53,18,35,180,25,155,22.746781115879827,7.725321888412018,15.021459227467812,77.25321888412017,10.72961373390558,66.52360515021459
E00041471,269,73,33,40,196,13,183,27.137546468401485,12.267657992565056,14.869888475836431,72.86245353159852,4.83271375464684,68.02973977695167
E00041472,286,44,17,27,242,28,214,15.384615384615385,5.944055944055944,9.44055944055944,84.61538461538461,9.79020979020979,74.82517482517483
E00041473,300,58,24,34,242,28,214,19.333333333333332,8,11.333333333333332,80.66666666666666,9.333333333333334,71.33333333333334
E00041474,250,51,22,29,199,21,178,20.4,8.799999999999999,11.600000000000001,79.60000000000001,8.4,71.2
E00041475,278,82,32,50,196,19,177,29.496402877697843,11.510791366906476,17.985611510791365,70.50359712230215,6.83453237410072,63.66906474820144
E00041476,241,42,15,27,199,21,178,17.42738589211618,6.224066390041494,11.20331950207469,82.57261410788381,8.71369294605809,73.85892116182573
E00041477,295,38,17,21,257,36,221,12.88135593220339,5.762711864406779,7.118644067796611,87.11864406779661,12.203389830508476,74.91525423728814
E00041478,255,39,8,31,216,27,189,15.294117647058824,3.1372549019607843,12.156862745098039,84.70588235294117,10.588235294117647,74.11764705882354
E00041479,180,58,35,23,122,7,115,32.22222222222222,19.444444444444446,12.777777777777777,67.77777777777779,3.888888888888889,63.888888888888886
E00041480,296,88,55,33,208,19,189,29.72972972972973,18.58108108108108,11.14864864864865,70.27027027027027,6.418918918918918,63.85135135135135
E00041481,234,56,18,38,178,16,162,23.931623931623932,7.6923076923076925,16.23931623931624,76.06837606837607,6.837606837606838,69.23076923076923
E00041482,274,67,29,38,207,16,191,24.45255474452555,10.583941605839415,13.86861313868613,75.54744525547446,5.839416058394161,69.7080291970803
E00041483,252,87,41,46,165,20,145,34.523809523809526,16.26984126984127,18.253968253968253,65.47619047619048,7.936507936507936,57.53968253968254
E00041485,271,37,13,24,234,28,206,13.653136531365314,4.797047970479705,8.856088560885608,86.34686346863468,10.33210332103321,76.01476014760148
E00041486,267,38,18,20,229,31,198,14.232209737827715,6.741573033707865,7.490636704119851,85.76779026217228,11.610486891385769,74.15730337078652
E00041487,264,52,17,35,212,25,187,19.696969696969695,6.4393939393939394,13.257575757575758,80.3030303030303,9.469696969696969,70.83333333333334
E00041488,211,75,38,37,136,17,119,35.54502369668246,18.009478672985782,17.535545023696685,64.45497630331754,8.056872037914692,56.39810426540285
E00041489,312,70,25,45,242,26,216,22.435897435897438,8.012820512820513,14.423076923076922,77.56410256410257,8.333333333333332,69.23076923076923
E00041490,318,79,36,43,239,24,215,24.842767295597483,11.320754716981133,13.522012578616351,75.15723270440252,7.547169811320755,67.61006289308176
E00041491,287,68,36,32,219,20,199,23.693379790940767,12.543554006968641,11.149825783972126,76.30662020905923,6.968641114982578,69.33797909407666
E00041492,301,61,28,33,240,22,218,20.26578073089701,9.30232558139535,10.96345514950166,79.734219269103,7.308970099667775,72.42524916943522
E00041493,251,47,16,31,204,24,180,18.725099601593627,6.374501992031872,12.350597609561753,81.27490039840637,9.56175298804781,71.71314741035857
E00041494,265,87,51,36,178,16,162,32.83018867924528,19.245283018867926,13.584905660377359,67.16981132075472,6.037735849056604,61.13207547169811
E00041495,314,60,16,44,254,25,229,19.10828025477707,5.095541401273886,14.012738853503185,80.89171974522293,7.961783439490445,72.92993630573248
E00041496,265,71,33,38,194,23,171,26.79245283018868,12.452830188679245,14.339622641509434,73.20754716981132,8.679245283018867,64.52830188679245
E00041497,245,73,32,41,172,16,156,29.795918367346943,13.061224489795919,16.73469387755102,70.20408163265306,6.530612244897959,63.6734693877551
E00041498,430,83,45,38,347,30,317,19.302325581395348,10.465116279069768,8.837209302325581,80.69767441860465,6.976744186046512,73.72093023255813
E00041499,297,107,59,48,190,19,171,36.02693602693603,19.865319865319865,16.161616161616163,63.97306397306397,6.397306397306397,57.57575757575758
E00041500,238,81,40,41,157,11,146,34.03361344537815,16.80672268907563,17.22689075630252,65.96638655462185,4.621848739495799,61.34453781512605
E00041501,240,81,43,38,159,13,146,33.75,17.916666666666668,15.833333333333332,66.25,5.416666666666667,60.83333333333333
E00041502,226,62,28,34,164,12,152,27.43362831858407,12.389380530973451,15.04424778761062,72.56637168141593,5.3097345132743365,67.2566371681416
E00041503,198,57,22,35,141,11,130,28.78787878787879,11.11111111111111,17.67676767676768,71.21212121212122,5.555555555555555,65.65656565656566
E00041504,282,30,10,20,252,33,219,10.638297872340425,3.546099290780142,7.092198581560284,89.36170212765957,11.702127659574469,77.6595744680851
E00041505,197,66,38,28,131,11,120,33.50253807106599,19.289340101522843,14.213197969543149,66.49746192893402,5.583756345177665,60.913705583756354
E00041506,328,57,26,31,271,29,242,17.378048780487802,7.926829268292683,9.451219512195122,82.6219512195122,8.841463414634147,73.78048780487805
E00041507,386,93,47,46,293,30,263,24.093264248704664,12.176165803108809,11.917098445595855,75.90673575129534,7.772020725388601,68.13471502590673
E00041508,247,73,39,34,174,17,157,29.554655870445345,15.789473684210526,13.765182186234817,70.44534412955466,6.882591093117409,63.56275303643725
E00041509,220,43,17,26,177,24,153,19.545454545454547,7.727272727272727,11.818181818181818,80.45454545454545,10.909090909090908,69.54545454545455
E00041510,286,42,14,28,244,28,216,14.685314685314685,4.895104895104895,9.79020979020979,85.3146853146853,9.79020979020979,75.52447552447552
E00041511,281,72,29,43,209,30,179,25.622775800711743,10.320284697508896,15.302491103202847,74.37722419928826,10.676156583629894,63.70106761565836
E00041512,366,113,81,32,253,34,219,30.87431693989071,22.131147540983605,8.743169398907105,69.12568306010928,9.289617486338798,59.83606557377049
E00041513,325,95,28,67,230,20,210,29.230769230769234,8.615384615384615,20.615384615384617,70.76923076923077,6.153846153846154,64.61538461538461
E00041514,265,31,10,21,234,19,215,11.69811320754717,3.7735849056603774,7.9245283018867925,88.30188679245283,7.169811320754717,81.13207547169812
E00041515,252,40,15,25,212,13,199,15.873015873015872,5.952380952380952,9.920634920634921,84.12698412698413,5.158730158730158,78.96825396825396
E00041516,283,52,20,32,231,21,210,18.374558303886925,7.06713780918728,11.307420494699647,81.62544169611307,7.420494699646643,74.20494699646643
E00041517,244,33,18,15,211,22,189,13.524590163934427,7.377049180327869,6.147540983606557,86.47540983606558,9.01639344262295,77.45901639344262
E00041518,258,44,18,26,214,18,196,17.05426356589147,6.976744186046512,10.077519379844961,82.94573643410853,6.976744186046512,75.96899224806202
E00041519,310,44,19,25,266,24,242,14.193548387096774,6.129032258064516,8.064516129032258,85.80645161290322,7.741935483870968,78.06451612903226
E00041520,292,62,26,36,230,19,211,21.232876712328768,8.904109589041095,12.32876712328767,78.76712328767124,6.506849315068493,72.26027397260275
E00041521,189,49,23,26,140,6,134,25.925925925925924,12.16931216931217,13.756613756613756,74.07407407407408,3.1746031746031744,70.8994708994709
E00041522,259,60,25,35,199,15,184,23.166023166023166,9.652509652509652,13.513513513513514,76.83397683397683,5.7915057915057915,71.04247104247105
E00041523,272,54,29,25,218,18,200,19.852941176470587,10.661764705882353,9.191176470588236,80.14705882352942,6.61764705882353,73.52941176470588
E00041524,284,49,22,27,235,25,210,17.253521126760564,7.746478873239436,9.507042253521126,82.74647887323944,8.80281690140845,73.94366197183099
E00041525,225,69,40,29,156,20,136,30.666666666666664,17.77777777777778,12.88888888888889,69.33333333333334,8.88888888888889,60.44444444444444
E00041526,264,84,53,31,180,14,166,31.818181818181817,20.075757575757574,11.742424242424242,68.18181818181817,5.303030303030303,62.878787878787875
E00041527,286,81,48,33,205,15,190,28.321678321678323,16.783216783216783,11.538461538461538,71.67832167832168,5.244755244755245,66.43356643356644
E00041528,330,70,34,36,260,20,240,21.21212121212121,10.303030303030303,10.909090909090908,78.78787878787878,6.0606060606060606,72.72727272727273
E00041529,202,63,33,30,139,9,130,31.18811881188119,16.33663366336634,14.85148514851485,68.8118811881188,4.455445544554455,64.35643564356435
E00041530,168,68,41,27,100,10,90,40.476190476190474,24.404761904761905,16.071428571428573,59.523809523809526,5.952380952380952,53.57142857142857
E00041531,228,53,26,27,175,17,158,23.24561403508772,11.403508771929824,11.842105263157894,76.75438596491229,7.456140350877193,69.2982456140351
E00041532,281,65,31,34,216,14,202,23.131672597864767,11.032028469750891,12.099644128113878,76.86832740213522,4.98220640569395,71.88612099644128
E00041533,146,68,32,36,78,13,65,46.57534246575342,21.91780821917808,24.65753424657534,53.42465753424658,8.904109589041095,44.52054794520548
E00041534,219,62,28,34,157,15,142,28.31050228310502,12.785388127853881,15.52511415525114,71.68949771689498,6.8493150684931505,64.84018264840182
E00041535,278,58,31,27,220,21,199,20.863309352517987,11.151079136690647,9.712230215827338,79.13669064748201,7.553956834532374,71.58273381294964
E00041536,352,108,75,33,244,20,224,30.681818181818183,21.306818181818183,9.375,69.31818181818183,5.681818181818182,63.63636363636363
E00041537,355,109,59,50,246,28,218,30.704225352112672,16.619718309859156,14.084507042253522,69.29577464788733,7.887323943661972,61.408450704225345
E00041538,262,58,26,32,204,16,188,22.137404580152673,9.923664122137405,12.213740458015266,77.86259541984732,6.106870229007633,71.7557251908397
E00041539,225,54,25,29,171,20,151,24,11.11111111111111,12.88888888888889,76,8.88888888888889,67.11111111111111
E00041540,457,49,20,29,408,30,378,10.722100656455142,4.3763676148796495,6.3457330415754925,89.27789934354486,6.564551422319474,82.71334792122538
E00041541,255,37,8,29,218,30,188,14.50980392156863,3.1372549019607843,11.372549019607844,85.49019607843137,11.76470588235294,73.72549019607844
E00041542,244,64,34,30,180,15,165,26.229508196721312,13.934426229508196,12.295081967213115,73.77049180327869,6.147540983606557,67.62295081967213
E00041543,220,39,8,31,181,19,162,17.727272727272727,3.6363636363636362,14.09090909090909,82.27272727272728,8.636363636363637,73.63636363636363
E00041545,207,39,12,27,168,19,149,18.84057971014493,5.797101449275362,13.043478260869565,81.15942028985508,9.178743961352657,71.98067632850241
E00041546,236,34,8,26,202,19,183,14.40677966101695,3.389830508474576,11.016949152542372,85.59322033898306,8.050847457627118,77.54237288135593
E00041547,368,55,18,37,313,38,275,14.945652173913043,4.891304347826087,10.054347826086957,85.05434782608695,10.326086956521738,74.72826086956522
E00041549,378,76,41,35,302,21,281,20.105820105820104,10.846560846560847,9.25925925925926,79.8941798941799,5.555555555555555,74.33862433862434
E00041550,302,39,16,23,263,20,243,12.91390728476821,5.298013245033113,7.6158940397351,87.08609271523179,6.622516556291391,80.4635761589404
E00041551,314,55,22,33,259,28,231,17.51592356687898,7.006369426751593,10.509554140127388,82.48407643312102,8.9171974522293,73.56687898089172
E00041552,347,65,37,28,282,34,248,18.73198847262248,10.662824207492795,8.069164265129682,81.26801152737752,9.798270893371757,71.46974063400576
E00041553,317,58,27,31,259,22,237,18.29652996845426,8.517350157728707,9.779179810725552,81.70347003154575,6.940063091482649,74.76340694006309
E00041554,206,45,14,31,161,20,141,21.844660194174757,6.796116504854369,15.048543689320388,78.15533980582524,9.70873786407767,68.44660194174757
E00041555,296,65,33,32,231,15,216,21.95945945945946,11.14864864864865,10.81081081081081,78.04054054054053,5.0675675675675675,72.97297297297297
E00041556,182,39,15,24,143,16,127,21.428571428571427,8.241758241758241,13.186813186813188,78.57142857142857,8.791208791208792,69.78021978021978
E00041557,570,93,36,57,477,53,424,16.315789473684212,6.315789473684211,10,83.6842105263158,9.298245614035087,74.3859649122807
E00041558,269,71,30,41,198,15,183,26.394052044609666,11.152416356877323,15.241635687732341,73.60594795539033,5.5762081784386615,68.02973977695167
E00041559,246,41,13,28,205,21,184,16.666666666666664,5.284552845528456,11.38211382113821,83.33333333333334,8.536585365853659,74.79674796747967
E00041560,207,61,33,28,146,15,131,29.468599033816425,15.942028985507244,13.526570048309178,70.53140096618358,7.246376811594203,63.28502415458937
E00041561,286,67,21,46,219,25,194,23.426573426573427,7.3426573426573425,16.083916083916083,76.57342657342657,8.741258741258742,67.83216783216784
E00041562,321,55,16,39,266,39,227,17.133956386292834,4.984423676012461,12.149532710280374,82.86604361370716,12.149532710280374,70.7165109034268
E00041563,278,46,27,19,232,32,200,16.546762589928058,9.712230215827338,6.83453237410072,83.45323741007195,11.510791366906476,71.94244604316546
E00041564,471,115,55,60,356,33,323,24.416135881104033,11.67728237791932,12.738853503184714,75.58386411889597,7.006369426751593,68.57749469214437
E00041565,259,51,22,29,208,21,187,19.69111969111969,8.494208494208493,11.196911196911197,80.3088803088803,8.108108108108109,72.2007722007722
E00041566,396,73,26,47,323,32,291,18.434343434343432,6.565656565656567,11.868686868686869,81.56565656565657,8.080808080808081,73.48484848484848
E00041567,218,43,17,26,175,22,153,19.724770642201836,7.79816513761468,11.926605504587156,80.27522935779817,10.091743119266056,70.18348623853211
E00041568,218,38,15,23,180,16,164,17.431192660550458,6.8807339449541285,10.550458715596331,82.56880733944955,7.339449541284404,75.22935779816514
E00041569,284,112,59,53,172,22,150,39.436619718309856,20.774647887323944,18.661971830985916,60.56338028169014,7.746478873239436,52.816901408450704
E00041570,266,37,16,21,229,21,208,13.909774436090224,6.015037593984962,7.894736842105263,86.09022556390977,7.894736842105263,78.19548872180451
E00041571,204,48,21,27,156,10,146,23.52941176470588,10.294117647058822,13.23529411764706,76.47058823529412,4.901960784313726,71.56862745098039
E00041572,275,81,44,37,194,13,181,29.454545454545457,16,13.454545454545455,70.54545454545455,4.7272727272727275,65.81818181818181
E00041573,373,79,28,51,294,18,276,21.179624664879356,7.506702412868632,13.672922252010725,78.82037533512064,4.825737265415549,73.9946380697051
E00041574,303,87,40,47,216,22,194,28.71287128712871,13.2013201320132,15.51155115511551,71.28712871287128,7.2607260726072615,64.02640264026402
E00041575,280,64,31,33,216,11,205,22.857142857142858,11.071428571428571,11.785714285714285,77.14285714285715,3.9285714285714284,73.21428571428571
E00041576,295,70,23,47,225,26,199,23.728813559322035,7.796610169491526,15.932203389830507,76.27118644067797,8.813559322033898,67.45762711864407
E00041577,272,62,24,38,210,16,194,22.794117647058822,8.823529411764707,13.970588235294118,77.20588235294117,5.88235294117647,71.32352941176471
E00041578,357,45,10,35,312,31,281,12.605042016806722,2.801120448179272,9.803921568627452,87.39495798319328,8.683473389355742,78.71148459383754
E00041579,311,80,34,46,231,15,216,25.723472668810288,10.932475884244374,14.790996784565916,74.27652733118971,4.823151125401929,69.45337620578779
E00041580,241,68,35,33,173,8,165,28.21576763485477,14.522821576763487,13.692946058091287,71.78423236514523,3.319502074688797,68.46473029045643
E00041581,290,79,37,42,211,15,196,27.241379310344826,12.758620689655173,14.482758620689657,72.75862068965517,5.172413793103448,67.58620689655173
E00041582,367,103,53,50,264,13,251,28.065395095367844,14.441416893732969,13.623978201634879,71.93460490463215,3.5422343324250685,68.39237057220708
E00041583,240,58,26,32,182,20,162,24.166666666666668,10.833333333333334,13.333333333333334,75.83333333333333,8.333333333333332,67.5
E00041584,306,73,39,34,233,10,223,23.856209150326798,12.745098039215685,11.11111111111111,76.1437908496732,3.2679738562091507,72.87581699346404
E00041585,357,92,44,48,265,15,250,25.770308123249297,12.324929971988796,13.445378151260504,74.2296918767507,4.201680672268908,70.02801120448179
E00041586,287,81,44,37,206,17,189,28.222996515679444,15.33101045296167,12.89198606271777,71.77700348432056,5.923344947735192,65.85365853658537
E00041587,263,61,33,28,202,16,186,23.193916349809886,12.547528517110266,10.646387832699618,76.80608365019012,6.083650190114068,70.72243346007605
E00041588,242,67,39,28,175,12,163,27.685950413223143,16.115702479338843,11.570247933884298,72.31404958677686,4.958677685950414,67.35537190082644
E00041589,249,64,27,37,185,18,167,25.702811244979916,10.843373493975903,14.859437751004014,74.29718875502009,7.228915662650602,67.06827309236948
E00041590,271,86,51,35,185,12,173,31.73431734317343,18.81918819188192,12.915129151291513,68.26568265682657,4.428044280442804,63.837638376383765
E00041591,384,79,38,41,305,24,281,20.572916666666664,9.895833333333332,10.677083333333332,79.42708333333334,6.25,73.17708333333334
E00041592,286,80,44,36,206,14,192,27.972027972027973,15.384615384615385,12.587412587412588,72.02797202797203,4.895104895104895,67.13286713286713
E00041593,171,40,14,26,131,21,110,23.391812865497073,8.187134502923977,15.204678362573098,76.60818713450293,12.280701754385964,64.32748538011695
E00041594,283,46,19,27,237,33,204,16.25441696113074,6.713780918727916,9.540636042402827,83.74558303886926,11.66077738515901,72.08480565371025
E00041595,248,55,24,31,193,16,177,22.177419354838708,9.67741935483871,12.5,77.82258064516128,6.451612903225806,71.37096774193549
E00041596,231,48,20,28,183,25,158,20.77922077922078,8.658008658008658,12.121212121212121,79.22077922077922,10.822510822510822,68.3982683982684
E00041597,239,45,21,24,194,15,179,18.828451882845187,8.786610878661087,10.0418410041841,81.17154811715481,6.2761506276150625,74.89539748953975
E00041598,247,34,15,19,213,16,197,13.765182186234817,6.0728744939271255,7.6923076923076925,86.23481781376519,6.477732793522267,79.75708502024291
E00041599,345,88,36,52,257,18,239,25.507246376811594,10.434782608695652,15.072463768115943,74.4927536231884,5.217391304347826,69.27536231884058
E00041600,228,68,39,29,160,18,142,29.82456140350877,17.105263157894736,12.719298245614036,70.17543859649122,7.894736842105263,62.28070175438597
E00041601,294,78,31,47,216,30,186,26.53061224489796,10.54421768707483,15.98639455782313,73.46938775510205,10.204081632653061,63.26530612244898
E00041602,329,68,29,39,261,32,229,20.66869300911854,8.814589665653495,11.854103343465045,79.33130699088146,9.72644376899696,69.6048632218845
E00041603,284,73,32,41,211,25,186,25.704225352112676,11.267605633802818,14.43661971830986,74.29577464788733,8.80281690140845,65.49295774647888
E00041604,252,73,39,34,179,22,157,28.968253968253972,15.476190476190476,13.492063492063492,71.03174603174604,8.73015873015873,62.301587301587304
E00041605,314,56,28,28,258,21,237,17.8343949044586,8.9171974522293,8.9171974522293,82.16560509554141,6.687898089171974,75.47770700636943
E00041606,271,45,16,29,226,30,196,16.605166051660518,5.904059040590406,10.70110701107011,83.39483394833948,11.07011070110701,72.32472324723247
E00041607,210,26,5,21,184,23,161,12.380952380952381,2.380952380952381,10,87.61904761904762,10.952380952380953,76.66666666666667
E00041608,279,77,45,32,202,21,181,27.598566308243726,16.129032258064516,11.469534050179211,72.40143369175627,7.526881720430108,64.87455197132617
E00041610,352,82,41,41,270,15,255,23.295454545454543,11.647727272727272,11.647727272727272,76.70454545454545,4.261363636363636,72.44318181818183
E00041611,203,36,12,24,167,15,152,17.733990147783253,5.911330049261084,11.822660098522167,82.26600985221675,7.389162561576355,74.8768472906404
E00041612,315,74,37,37,241,20,221,23.49206349206349,11.746031746031745,11.746031746031745,76.5079365079365,6.349206349206349,70.15873015873015
E00041614,233,68,29,39,165,16,149,29.184549356223176,12.446351931330472,16.738197424892704,70.81545064377683,6.866952789699571,63.94849785407726
E00041615,270,54,27,27,216,20,196,20,10,10,80,7.4074074074074066,72.5925925925926
E00041616,179,36,12,24,143,19,124,20.11173184357542,6.70391061452514,13.40782122905028,79.88826815642457,10.614525139664805,69.27374301675978
E00041617,314,64,27,37,250,28,222,20.382165605095544,8.598726114649681,11.78343949044586,79.61783439490446,8.9171974522293,70.70063694267516
E00041618,268,55,22,33,213,19,194,20.522388059701495,8.208955223880597,12.313432835820896,79.47761194029852,7.08955223880597,72.38805970149254
E00041619,211,60,27,33,151,10,141,28.436018957345972,12.796208530805686,15.639810426540285,71.56398104265402,4.739336492890995,66.82464454976304
E00041620,301,67,33,34,234,25,209,22.259136212624583,10.96345514950166,11.295681063122924,77.74086378737542,8.305647840531561,69.43521594684385
E00041621,207,33,15,18,174,13,161,15.942028985507244,7.246376811594203,8.695652173913043,84.05797101449275,6.280193236714976,77.77777777777779
E00041622,274,53,29,24,221,23,198,19.34306569343066,10.583941605839415,8.75912408759124,80.65693430656934,8.394160583941606,72.26277372262774
E00041623,284,44,19,25,240,14,226,15.492957746478872,6.690140845070422,8.80281690140845,84.50704225352112,4.929577464788732,79.5774647887324
E00041624,347,63,30,33,284,19,265,18.155619596541786,8.645533141210375,9.510086455331413,81.84438040345822,5.475504322766571,76.36887608069163
E00041625,253,43,25,18,210,27,183,16.99604743083004,9.881422924901186,7.114624505928854,83.00395256916995,10.67193675889328,72.33201581027669
E00041626,278,54,26,28,224,26,198,19.424460431654676,9.352517985611511,10.071942446043165,80.57553956834532,9.352517985611511,71.22302158273382
E00041627,217,44,21,23,173,13,160,20.276497695852534,9.67741935483871,10.599078341013826,79.72350230414746,5.990783410138248,73.73271889400922
E00041629,248,60,19,41,188,20,168,24.193548387096776,7.661290322580645,16.532258064516128,75.80645161290323,8.064516129032258,67.74193548387096
E00041630,309,64,24,40,245,25,220,20.711974110032365,7.766990291262135,12.944983818770226,79.28802588996764,8.090614886731391,71.19741100323624
E00041631,278,63,37,26,215,19,196,22.66187050359712,13.309352517985612,9.352517985611511,77.33812949640287,6.83453237410072,70.50359712230215
E00041632,258,77,35,42,181,12,169,29.844961240310074,13.565891472868216,16.27906976744186,70.15503875968993,4.651162790697675,65.50387596899225
E00041633,286,67,35,32,219,20,199,23.426573426573427,12.237762237762238,11.188811188811188,76.57342657342657,6.993006993006993,69.58041958041959
E00041634,208,89,42,47,119,20,99,42.78846153846153,20.192307692307693,22.596153846153847,57.21153846153846,9.615384615384617,47.59615384615385
E00041635,286,87,47,40,199,27,172,30.419580419580424,16.433566433566433,13.986013986013987,69.58041958041959,9.44055944055944,60.13986013986013
E00041636,474,104,52,52,370,21,349,21.940928270042196,10.970464135021098,10.970464135021098,78.05907172995781,4.430379746835443,73.62869198312237
E00041637,129,34,16,18,95,11,84,26.356589147286826,12.4031007751938,13.953488372093023,73.64341085271317,8.527131782945736,65.11627906976744
E00041638,263,84,45,39,179,17,162,31.93916349809886,17.110266159695815,14.82889733840304,68.06083650190115,6.4638783269961975,61.59695817490495
E00041639,247,49,17,32,198,20,178,19.838056680161944,6.882591093117409,12.955465587044534,80.16194331983806,8.097165991902834,72.06477732793523
E00041640,361,73,27,46,288,24,264,20.221606648199447,7.479224376731302,12.742382271468145,79.77839335180056,6.64819944598338,73.13019390581718
E00041641,316,85,47,38,231,14,217,26.89873417721519,14.873417721518987,12.025316455696203,73.10126582278481,4.430379746835443,68.67088607594937
E00041642,293,84,42,42,209,19,190,28.668941979522184,14.334470989761092,14.334470989761092,71.33105802047781,6.484641638225256,64.84641638225256
E00041643,273,89,47,42,184,16,168,32.6007326007326,17.216117216117215,15.384615384615385,67.3992673992674,5.86080586080586,61.53846153846154
E00041644,224,55,25,30,169,17,152,24.553571428571427,11.160714285714286,13.392857142857142,75.44642857142857,7.5892857142857135,67.85714285714286
E00041645,452,135,75,60,317,15,302,29.867256637168143,16.5929203539823,13.274336283185843,70.13274336283186,3.3185840707964607,66.8141592920354
E00041646,245,66,27,39,179,10,169,26.93877551020408,11.020408163265307,15.918367346938775,73.06122448979592,4.081632653061225,68.9795918367347
E00041647,200,40,20,20,160,9,151,20,10,10,80,4.5,75.5
E00041648,305,75,33,42,230,14,216,24.59016393442623,10.819672131147541,13.77049180327869,75.40983606557377,4.590163934426229,70.81967213114754
E00041649,575,130,77,53,445,32,413,22.608695652173914,13.391304347826086,9.217391304347826,77.39130434782608,5.565217391304348,71.82608695652173
E00041650,185,80,38,42,105,13,92,43.24324324324324,20.54054054054054,22.702702702702705,56.75675675675676,7.027027027027027,49.72972972972973
E00041651,175,63,30,33,112,16,96,36,17.142857142857142,18.857142857142858,64,9.142857142857142,54.85714285714286
E00041652,360,77,37,40,283,21,262,21.38888888888889,10.277777777777777,11.11111111111111,78.61111111111111,5.833333333333333,72.77777777777777
E00041653,184,57,29,28,127,14,113,30.978260869565215,15.760869565217392,15.217391304347828,69.02173913043478,7.608695652173914,61.41304347826087
E00041654,174,54,29,25,120,9,111,31.03448275862069,16.666666666666664,14.367816091954023,68.96551724137932,5.172413793103448,63.793103448275865
E00041657,223,62,36,26,161,21,140,27.802690582959645,16.143497757847534,11.659192825112108,72.19730941704036,9.417040358744394,62.78026905829597
E00041658,225,82,34,48,143,18,125,36.44444444444444,15.11111111111111,21.333333333333336,63.55555555555556,8,55.55555555555556
E00041659,235,54,26,28,181,15,166,22.97872340425532,11.063829787234042,11.914893617021278,77.02127659574468,6.382978723404255,70.63829787234043
E00041660,229,78,38,40,151,11,140,34.06113537117904,16.593886462882097,17.46724890829694,65.93886462882097,4.8034934497816595,61.135371179039296
E00041661,398,126,44,82,272,27,245,31.65829145728643,11.055276381909549,20.603015075376884,68.34170854271356,6.78391959798995,61.55778894472361
E00041662,314,64,33,31,250,16,234,20.382165605095544,10.509554140127388,9.872611464968154,79.61783439490446,5.095541401273886,74.52229299363057
E00041663,171,62,39,23,109,9,100,36.25730994152047,22.807017543859647,13.450292397660817,63.74269005847953,5.263157894736842,58.47953216374269
E00041665,421,53,19,34,368,26,342,12.589073634204276,4.513064133016627,8.076009501187649,87.41092636579573,6.175771971496437,81.23515439429929
E00041666,236,53,25,28,183,18,165,22.45762711864407,10.59322033898305,11.864406779661017,77.54237288135593,7.627118644067797,69.91525423728814
E00041667,206,87,43,44,119,11,108,42.23300970873786,20.87378640776699,21.35922330097087,57.76699029126213,5.339805825242718,52.42718446601942
E00041668,279,58,25,33,221,14,207,20.78853046594982,8.960573476702509,11.827956989247312,79.21146953405018,5.017921146953405,74.19354838709677
E00041670,361,91,49,42,270,18,252,25.20775623268698,13.573407202216067,11.634349030470915,74.79224376731301,4.986149584487535,69.80609418282549
E00041671,321,86,47,39,235,19,216,26.791277258566975,14.641744548286603,12.149532710280374,73.20872274143302,5.919003115264798,67.28971962616822
E00041672,346,94,46,48,252,19,233,27.167630057803464,13.294797687861271,13.872832369942195,72.83236994219652,5.491329479768786,67.34104046242774
E00041675,284,66,43,23,218,16,202,23.239436619718308,15.140845070422534,8.098591549295776,76.76056338028168,5.633802816901409,71.12676056338029
E00041676,318,66,38,28,252,28,224,20.754716981132077,11.949685534591195,8.80503144654088,79.24528301886792,8.80503144654088,70.44025157232704
E00041677,228,46,21,25,182,20,162,20.175438596491226,9.210526315789473,10.964912280701753,79.82456140350878,8.771929824561402,71.05263157894737
E00041678,200,58,33,25,142,10,132,28.999999999999996,16.5,12.5,71,5,66
E00041679,308,65,28,37,243,16,227,21.1038961038961,9.090909090909092,12.012987012987013,78.8961038961039,5.194805194805195,73.7012987012987
E00041680,311,73,30,43,238,12,226,23.47266881028939,9.646302250803858,13.826366559485532,76.52733118971061,3.858520900321544,72.66881028938906
E00041681,212,91,58,33,121,6,115,42.924528301886795,27.358490566037734,15.566037735849056,57.07547169811321,2.8301886792452833,54.24528301886793
E00041682,218,52,24,28,166,15,151,23.853211009174313,11.009174311926607,12.844036697247708,76.14678899082568,6.8807339449541285,69.26605504587155
E00041683,304,95,47,48,209,12,197,31.25,15.460526315789474,15.789473684210526,68.75,3.9473684210526314,64.80263157894737
E00041684,184,98,59,39,86,5,81,53.2608695652174,32.065217391304344,21.195652173913043,46.73913043478261,2.717391304347826,44.02173913043478
E00041685,226,47,20,27,179,19,160,20.79646017699115,8.849557522123893,11.946902654867257,79.20353982300885,8.4070796460177,70.79646017699115
E00041686,256,65,35,30,191,27,164,25.390625,13.671875,11.71875,74.609375,10.546875,64.0625
E00041687,258,62,31,31,196,13,183,24.031007751937985,12.015503875968992,12.015503875968992,75.96899224806202,5.038759689922481,70.93023255813954
E00041688,234,71,32,39,163,16,147,30.34188034188034,13.675213675213676,16.666666666666664,69.65811965811966,6.837606837606838,62.82051282051282
E00041689,310,91,39,52,219,20,199,29.354838709677416,12.580645161290322,16.7741935483871,70.64516129032258,6.451612903225806,64.19354838709678
E00041690,245,67,31,36,178,20,158,27.346938775510203,12.653061224489795,14.69387755102041,72.6530612244898,8.16326530612245,64.48979591836735
E00041691,426,51,16,35,375,28,347,11.971830985915492,3.755868544600939,8.215962441314554,88.02816901408451,6.572769953051644,81.45539906103286
E00041693,310,66,36,30,244,18,226,21.29032258064516,11.612903225806452,9.67741935483871,78.70967741935485,5.806451612903226,72.90322580645162
E00041694,253,64,35,29,189,21,168,25.296442687747035,13.83399209486166,11.462450592885375,74.70355731225297,8.300395256916996,66.40316205533597
E00041695,263,54,24,30,209,23,186,20.53231939163498,9.125475285171103,11.406844106463879,79.46768060836501,8.745247148288973,70.72243346007605
E00041696,359,93,44,49,266,15,251,25.90529247910863,12.256267409470752,13.649025069637883,74.09470752089136,4.178272980501393,69.91643454038997
E00041697,347,101,60,41,246,18,228,29.106628242074926,17.29106628242075,11.815561959654179,70.89337175792507,5.187319884726225,65.70605187319885
E00041698,314,82,42,40,232,10,222,26.11464968152866,13.375796178343949,12.738853503184714,73.88535031847134,3.1847133757961785,70.70063694267516
E00041699,334,88,41,47,246,19,227,26.34730538922156,12.275449101796406,14.071856287425149,73.65269461077844,5.688622754491018,67.96407185628742
E00041700,236,71,33,38,165,21,144,30.08474576271186,13.983050847457626,16.101694915254235,69.91525423728814,8.898305084745763,61.016949152542374
E00041701,347,73,32,41,274,25,249,21.037463976945244,9.221902017291066,11.815561959654179,78.96253602305475,7.204610951008646,71.75792507204612
E00041702,279,59,24,35,220,15,205,21.14695340501792,8.60215053763441,12.544802867383511,78.85304659498208,5.376344086021505,73.47670250896059
E00041703,247,75,40,35,172,17,155,30.364372469635626,16.194331983805668,14.17004048582996,69.63562753036437,6.882591093117409,62.75303643724697
E00041704,479,74,36,38,405,36,369,15.44885177453027,7.515657620041753,7.933194154488518,84.55114822546973,7.515657620041753,77.03549060542797
E00041705,277,76,43,33,201,15,186,27.436823104693143,15.523465703971121,11.913357400722022,72.56317689530685,5.415162454873646,67.14801444043322
E00041706,320,136,89,47,184,23,161,42.5,27.8125,14.6875,57.49999999999999,7.187499999999999,50.31250000000001
E00041707,252,52,19,33,200,19,181,20.634920634920633,7.5396825396825395,13.095238095238097,79.36507936507937,7.5396825396825395,71.82539682539682
E00041708,296,41,20,21,255,31,224,13.85135135135135,6.756756756756757,7.094594594594595,86.14864864864865,10.472972972972974,75.67567567567568
E00041709,242,44,20,24,198,15,183,18.181818181818183,8.264462809917356,9.917355371900827,81.81818181818183,6.198347107438017,75.6198347107438
E00041710,334,84,45,39,250,19,231,25.149700598802394,13.47305389221557,11.676646706586826,74.8502994011976,5.688622754491018,69.16167664670658
E00041711,242,70,29,41,172,19,153,28.92561983471074,11.983471074380166,16.94214876033058,71.07438016528926,7.851239669421488,63.22314049586777
E00041712,275,60,31,29,215,16,199,21.818181818181817,11.272727272727273,10.545454545454545,78.18181818181819,5.818181818181818,72.36363636363636
E00041713,371,71,35,36,300,21,279,19.137466307277627,9.433962264150944,9.703504043126685,80.86253369272237,5.660377358490567,75.2021563342318
E00041714,237,47,24,23,190,23,167,19.831223628691983,10.126582278481013,9.70464135021097,80.16877637130801,9.70464135021097,70.46413502109705
E00041715,250,55,26,29,195,28,167,22,10.4,11.600000000000001,78,11.200000000000001,66.8
E00041716,271,53,25,28,218,27,191,19.557195571955717,9.22509225092251,10.33210332103321,80.44280442804428,9.96309963099631,70.47970479704797
E00041717,249,96,52,44,153,12,141,38.55421686746988,20.883534136546185,17.670682730923694,61.44578313253012,4.819277108433735,56.62650602409639
E00041718,299,78,36,42,221,18,203,26.08695652173913,12.040133779264215,14.046822742474916,73.91304347826086,6.0200668896321075,67.89297658862876
E00041719,268,84,46,38,184,19,165,31.343283582089555,17.16417910447761,14.17910447761194,68.65671641791045,7.08955223880597,61.56716417910447
E00041720,279,77,47,30,202,18,184,27.598566308243726,16.845878136200717,10.75268817204301,72.40143369175627,6.451612903225806,65.94982078853047
E00041721,421,102,52,50,319,25,294,24.228028503562946,12.351543942992874,11.87648456057007,75.77197149643705,5.938242280285035,69.83372921615202
E00041722,219,51,24,27,168,20,148,23.28767123287671,10.95890410958904,12.32876712328767,76.71232876712328,9.1324200913242,67.57990867579909
E00041723,344,67,39,28,277,19,258,19.476744186046513,11.337209302325581,8.13953488372093,80.52325581395348,5.523255813953488,75
E00041724,282,61,25,36,221,21,200,21.631205673758867,8.865248226950355,12.76595744680851,78.36879432624113,7.446808510638298,70.92198581560284
E00041725,211,50,17,33,161,14,147,23.696682464454977,8.056872037914692,15.639810426540285,76.30331753554502,6.6350710900473935,69.66824644549763
E00041726,285,52,21,31,233,22,211,18.24561403508772,7.368421052631578,10.87719298245614,81.75438596491227,7.719298245614035,74.03508771929825
E00041727,276,77,41,36,199,16,183,27.898550724637683,14.855072463768115,13.043478260869565,72.10144927536231,5.797101449275362,66.30434782608695
E00041728,238,49,31,18,189,11,178,20.588235294117645,13.025210084033615,7.563025210084033,79.41176470588235,4.621848739495799,74.78991596638656
E00041729,259,60,27,33,199,13,186,23.166023166023166,10.424710424710424,12.741312741312742,76.83397683397683,5.019305019305019,71.81467181467181
E00041730,254,71,43,28,183,17,166,27.95275590551181,16.92913385826772,11.023622047244094,72.04724409448819,6.692913385826772,65.35433070866141
E00041731,389,74,27,47,315,20,295,19.02313624678663,6.940874035989718,12.082262210796916,80.97686375321337,5.141388174807198,75.83547557840618
E00041732,191,68,32,36,123,9,114,35.602094240837694,16.75392670157068,18.848167539267017,64.3979057591623,4.712041884816754,59.68586387434554
E00041733,201,29,13,16,172,24,148,14.427860696517413,6.467661691542288,7.960199004975125,85.57213930348259,11.940298507462686,73.6318407960199
E00041734,221,40,19,21,181,18,163,18.099547511312217,8.597285067873303,9.502262443438914,81.90045248868778,8.144796380090497,73.7556561085973
E00041735,292,43,16,27,249,32,217,14.726027397260275,5.47945205479452,9.246575342465754,85.27397260273972,10.95890410958904,74.31506849315068
E00041736,253,73,44,29,180,23,157,28.85375494071146,17.391304347826086,11.462450592885375,71.14624505928853,9.090909090909092,62.055335968379445
E00041737,255,67,29,38,188,15,173,26.27450980392157,11.372549019607844,14.901960784313726,73.72549019607844,5.88235294117647,67.84313725490196
E00041738,305,43,19,24,262,33,229,14.098360655737704,6.229508196721312,7.868852459016394,85.90163934426229,10.819672131147541,75.08196721311475
E00041739,264,64,30,34,200,12,188,24.242424242424242,11.363636363636363,12.878787878787879,75.75757575757575,4.545454545454546,71.21212121212122
E00041740,307,60,32,28,247,13,234,19.54397394136808,10.423452768729643,9.120521172638437,80.45602605863192,4.234527687296417,76.2214983713355
E00041741,329,93,53,40,236,10,226,28.267477203647417,16.109422492401215,12.158054711246201,71.73252279635258,3.0395136778115504,68.69300911854104
E00041742,352,75,37,38,277,10,267,21.306818181818183,10.511363636363637,10.795454545454545,78.69318181818183,2.840909090909091,75.85227272727273
E00041743,269,72,38,34,197,14,183,26.765799256505574,14.12639405204461,12.639405204460965,73.23420074349443,5.204460966542751,68.02973977695167
E00041744,372,100,55,45,272,18,254,26.881720430107524,14.78494623655914,12.096774193548388,73.11827956989248,4.838709677419355,68.27956989247312
E00041745,386,129,66,63,257,16,241,33.41968911917099,17.098445595854923,16.321243523316063,66.58031088082902,4.145077720207254,62.43523316062176
E00041746,282,72,37,35,210,22,188,25.53191489361702,13.120567375886525,12.411347517730496,74.46808510638297,7.801418439716312,66.66666666666666
E00041747,312,68,32,36,244,35,209,21.794871794871796,10.256410256410255,11.538461538461538,78.2051282051282,11.217948717948719,66.98717948717949
E00041748,427,106,54,52,321,33,288,24.824355971896956,12.646370023419204,12.177985948477751,75.17564402810304,7.728337236533958,67.44730679156909
E00041749,231,73,44,29,158,16,142,31.601731601731604,19.047619047619047,12.554112554112553,68.3982683982684,6.926406926406926,61.471861471861466
E00041750,190,41,23,18,149,15,134,21.578947368421055,12.105263157894736,9.473684210526317,78.42105263157895,7.894736842105263,70.52631578947368
E00041751,273,45,21,24,228,24,204,16.483516483516482,7.6923076923076925,8.791208791208792,83.51648351648352,8.791208791208792,74.72527472527473
E00041752,230,57,24,33,173,20,153,24.782608695652176,10.434782608695652,14.347826086956522,75.21739130434783,8.695652173913043,66.52173913043478
E00041753,333,48,17,31,285,19,266,14.414414414414415,5.105105105105105,9.30930930930931,85.58558558558559,5.7057057057057055,79.87987987987988
E00041754,279,43,16,27,236,30,206,15.412186379928317,5.734767025089606,9.67741935483871,84.58781362007169,10.75268817204301,73.83512544802868
E00041755,367,53,18,35,314,38,276,14.441416893732969,4.904632152588556,9.536784741144414,85.55858310626702,10.354223433242508,75.20435967302453
E00041756,233,48,19,29,185,14,171,20.600858369098713,8.15450643776824,12.446351931330472,79.39914163090128,6.008583690987124,73.39055793991416
E00041757,335,39,16,23,296,38,258,11.641791044776118,4.776119402985075,6.865671641791045,88.35820895522389,11.343283582089553,77.01492537313432
E00041758,207,52,24,28,155,12,143,25.120772946859905,11.594202898550725,13.526570048309178,74.8792270531401,5.797101449275362,69.08212560386472
E00041759,305,47,14,33,258,26,232,15.40983606557377,4.590163934426229,10.819672131147541,84.59016393442623,8.524590163934425,76.0655737704918
E00041760,291,42,19,23,249,22,227,14.432989690721648,6.529209621993128,7.903780068728522,85.56701030927834,7.560137457044673,78.00687285223368
E00041761,253,41,14,27,212,21,191,16.205533596837945,5.533596837944664,10.67193675889328,83.79446640316206,8.300395256916996,75.49407114624506
E00041762,241,48,22,26,193,19,174,19.91701244813278,9.12863070539419,10.78838174273859,80.08298755186722,7.883817427385892,72.19917012448133
E00041763,351,44,15,29,307,34,273,12.535612535612536,4.273504273504273,8.262108262108262,87.46438746438746,9.686609686609685,77.77777777777779
E00041764,278,40,13,27,238,26,212,14.388489208633093,4.676258992805756,9.712230215827338,85.61151079136691,9.352517985611511,76.2589928057554
E00041765,297,69,26,43,228,24,204,23.232323232323232,8.754208754208754,14.47811447811448,76.76767676767676,8.080808080808081,68.68686868686868
E00041766,243,37,17,20,206,14,192,15.22633744855967,6.995884773662551,8.23045267489712,84.77366255144034,5.761316872427984,79.01234567901234
E00041767,294,37,15,22,257,18,239,12.585034013605442,5.1020408163265305,7.482993197278912,87.41496598639455,6.122448979591836,81.29251700680273
E00041768,270,33,5,28,237,20,217,12.222222222222221,1.8518518518518516,10.37037037037037,87.77777777777777,7.4074074074074066,80.37037037037037
E00041769,187,55,26,29,132,15,117,29.411764705882355,13.903743315508022,15.508021390374333,70.58823529411765,8.0213903743315509,62.56684491978609
E00041770,154,64,35,29,90,9,81,41.55844155844156,22.727272727272727,18.83116883116883,58.44155844155844,5.844155844155844,52.5974025974026
E00041771,336,40,16,24,296,31,265,11.904761904761903,4.761904761904762,7.142857142857142,88.09523809523809,9.226190476190476,78.86904761904762
E00041772,265,61,26,35,204,25,179,23.0188679245283,9.811320754716983,13.20754716981132,76.9811320754717,9.433962264150944,67.54716981132076
E00041773,331,32,10,22,299,25,274,9.667673716012084,3.0211480362537766,6.646525679758309,90.33232628398792,7.552870090634441,82.77945619335347
E00041774,310,55,24,31,255,25,230,17.741935483870968,7.741935483870968,10,82.25806451612904,8.064516129032258,74.19354838709677
E00041775,279,35,10,25,244,18,226,12.544802867383511,3.584229390681003,8.960573476702509,87.45519713261649,6.451612903225806,81.00358422939068
E00041776,265,46,20,26,219,16,203,17.358490566037734,7.547169811320755,9.811320754716983,82.64150943396227,6.037735849056604,76.60377358490567
E00041777,249,50,23,27,199,27,172,20.080321285140563,9.236947791164658,10.843373493975903,79.91967871485943,10.843373493975903,69.07630522088354
E00041778,327,39,11,28,288,33,255,11.926605504587156,3.3639143730886847,8.56269113149847,88.07339449541286,10.091743119266056,77.98165137614679
E00041779,278,43,13,30,235,22,213,15.467625899280577,4.676258992805756,10.79136690647482,84.53237410071942,7.913669064748201,76.61870503597122
E00041780,367,57,24,33,310,39,271,15.531335149863759,6.539509536784741,8.991825613079019,84.46866485013625,10.626702997275205,73.84196185286103
E00041781,255,44,16,28,211,13,198,17.254901960784313,6.2745098039215685,10.980392156862745,82.74509803921568,5.098039215686274,77.64705882352942
E00041782,205,34,15,19,171,21,150,16.585365853658537,7.317073170731707,9.268292682926829,83.41463414634146,10.24390243902439,73.17073170731707
E00041783,281,43,17,26,238,27,211,15.302491103202847,6.049822064056939,9.252669039145907,84.69750889679716,9.608540925266903,75.08896797153025
E00041784,317,66,31,35,251,17,234,20.82018927444795,9.779179810725552,11.041009463722396,79.17981072555204,5.3627760252365935,73.81703470031546
E00041785,267,34,17,17,233,23,210,12.734082397003746,6.367041198501873,6.367041198501873,87.26591760299625,8.614232209737828,78.65168539325843
E00041786,281,56,27,29,225,26,199,19.9288256227758,9.608540925266903,10.320284697508896,80.0711743772242,9.252669039145907,70.8185053380783
E00041787,264,63,30,33,201,25,176,23.863636363636363,11.363636363636363,12.5,76.13636363636364,9.469696969696969,66.66666666666666
E00041788,300,74,37,37,226,25,201,24.666666666666668,12.333333333333334,12.333333333333334,75.33333333333333,8.333333333333332,67
E00041789,275,56,24,32,219,23,196,20.363636363636363,8.727272727272728,11.636363636363637,79.63636363636364,8.363636363636363,71.27272727272728
E00041790,258,53,25,28,205,19,186,20.54263565891473,9.689922480620156,10.852713178294573,79.45736434108527,7.3643410852713185,72.09302325581395
E00041791,244,53,28,25,191,18,173,21.721311475409834,11.475409836065573,10.245901639344263,78.27868852459017,7.377049180327869,70.90163934426229
E00041792,241,42,21,21,199,19,180,17.42738589211618,8.71369294605809,8.71369294605809,82.57261410788381,7.883817427385892,74.68879668049793
E00041793,315,71,34,37,244,24,220,22.53968253968254,10.793650793650794,11.746031746031745,77.46031746031747,7.6190476190476195,69.84126984126983
E00041794,293,82,51,31,211,11,200,27.986348122866893,17.4061433447099,10.580204778156997,72.01365187713311,3.754266211604096,68.25938566552901
E00041795,296,84,38,46,212,21,191,28.37837837837838,12.837837837837837,15.54054054054054,71.62162162162163,7.094594594594595,64.52702702702703
E00041796,388,91,52,39,297,22,275,23.45360824742268,13.402061855670103,10.051546391752577,76.5463917525773,5.670103092783505,70.87628865979381
E00041797,317,70,30,40,247,18,229,22.082018927444793,9.46372239747634,12.618296529968454,77.91798107255521,5.678233438485805,72.2397476340694
E00041798,255,47,25,22,208,16,192,18.43137254901961,9.803921568627452,8.627450980392156,81.56862745098039,6.2745098039215685,75.29411764705883
E00041799,249,67,31,36,182,19,163,26.907630522088354,12.449799196787147,14.457831325301203,73.09236947791165,7.630522088353414,65.46184738955823
E00041800,281,58,26,32,223,22,201,20.640569395017792,9.252669039145907,11.387900355871885,79.35943060498221,7.829181494661921,71.53024911032028
E00041801,281,36,15,21,245,29,216,12.811387900355871,5.338078291814947,7.473309608540925,87.18861209964413,10.320284697508896,76.86832740213522
E00041802,206,69,39,30,137,13,124,33.49514563106796,18.932038834951456,14.563106796116504,66.50485436893204,6.310679611650485,60.19417475728155
E00041803,192,43,17,26,149,15,134,22.395833333333336,8.854166666666668,13.541666666666666,77.60416666666666,7.8125,69.79166666666666
E00041804,229,38,16,22,191,15,176,16.593886462882097,6.986899563318777,9.606986899563319,83.4061135371179,6.550218340611353,76.85589519650655
E00041805,261,65,25,40,196,19,177,24.904214559386972,9.578544061302683,15.32567049808429,75.09578544061303,7.2796934865900385,67.81609195402298
E00041806,217,41,14,27,176,14,162,18.89400921658986,6.451612903225806,12.442396313364055,81.10599078341014,6.451612903225806,74.65437788018433
E00041807,237,59,25,34,178,20,158,24.894514767932492,10.548523206751055,14.345991561181433,75.10548523206751,8.438818565400844,66.66666666666666
E00041809,198,43,13,30,155,20,135,21.71717171717172,6.565656565656567,15.151515151515152,78.28282828282829,10.1010101010101,68.18181818181817
E00041810,325,68,33,35,257,25,232,20.923076923076923,10.153846153846153,10.76923076923077,79.07692307692308,7.6923076923076925,71.38461538461539
E00041811,255,53,24,29,202,18,184,20.784313725490197,9.411764705882353,11.372549019607844,79.2156862745098,7.0588235294117645,72.15686274509804
E00041812,347,73,32,41,274,21,253,21.037463976945244,9.221902017291066,11.815561959654179,78.96253602305475,6.051873198847262,72.91066282420749
E00041813,258,98,29,69,160,12,148,37.98449612403101,11.24031007751938,26.744186046511626,62.01550387596899,4.651162790697675,57.36434108527132
E00041814,255,54,29,25,201,23,178,21.176470588235293,11.372549019607844,9.803921568627452,78.82352941176471,9.019607843137255,69.80392156862744
E00041815,271,50,14,36,221,25,196,18.45018450184502,5.166051660516605,13.284132841328415,81.54981549815497,9.22509225092251,72.32472324723247
E00041816,238,52,24,28,186,16,170,21.84873949579832,10.084033613445378,11.76470588235294,78.15126050420169,6.722689075630252,71.42857142857143
E00041817,298,51,19,32,247,24,223,17.114093959731544,6.375838926174497,10.738255033557047,82.88590604026845,8.053691275167784,74.83221476510067
E00041818,275,47,18,29,228,20,208,17.09090909090909,6.545454545454546,10.545454545454545,82.9090909090909,7.2727272727272725,75.63636363636364
E00041819,222,53,21,32,169,18,151,23.873873873873876,9.45945945945946,14.414414414414415,76.12612612612612,8.108108108108109,68.01801801801803
E00041820,257,73,38,35,184,13,171,28.404669260700388,14.785992217898833,13.618677042801556,71.59533073929961,5.058365758754864,66.53696498054474
E00041821,267,43,12,31,224,21,203,16.10486891385768,4.49438202247191,11.610486891385769,83.89513108614233,7.865168539325842,76.02996254681648
E00041823,295,69,25,44,226,25,201,23.389830508474578,8.47457627118644,14.915254237288137,76.61016949152543,8.47457627118644,68.13559322033899
E00041824,301,64,27,37,237,29,208,21.262458471760798,8.970099667774086,12.29235880398671,78.7375415282392,9.634551495016613,69.10299003322258
E00041825,259,58,24,34,201,23,178,22.393822393822393,9.266409266409266,13.127413127413126,77.60617760617761,8.880308880308881,68.72586872586872
E00041826,273,64,25,39,209,24,185,23.44322344322344,9.157509157509157,14.285714285714285,76.55677655677655,8.791208791208792,67.76556776556777
E00041827,223,45,14,31,178,18,160,20.179372197309416,6.278026905829597,13.901345291479823,79.82062780269058,8.071748878923767,71.74887892376681
E00041828,268,70,28,42,198,15,183,26.119402985074625,10.44776119402985,15.671641791044777,73.88059701492537,5.597014925373134,68.28358208955224
E00041829,259,58,22,36,201,28,173,22.393822393822393,8.494208494208493,13.8996138996139,77.60617760617761,10.81081081081081,66.79536679536679
E00041830,272,59,29,30,213,16,197,21.691176470588236,10.661764705882353,11.029411764705882,78.30882352941177,5.88235294117647,72.42647058823529
E00041831,308,51,18,33,257,21,236,16.558441558441558,5.844155844155844,10.714285714285714,83.44155844155844,6.8181818181818175,76.62337662337663
E00041832,219,63,29,34,156,20,136,28.767123287671232,13.24200913242009,15.52511415525114,71.23287671232876,9.1324200913242,62.10045662100456
E00041833,264,74,33,41,190,29,161,28.030303030303028,12.5,15.530303030303031,71.96969696969697,10.984848484848484,60.984848484848484
E00041834,278,38,16,22,240,24,216,13.66906474820144,5.755395683453238,7.913669064748201,86.33093525179856,8.633093525179856,77.6978417266187
E00041835,272,62,36,26,210,22,188,22.794117647058822,13.23529411764706,9.558823529411764,77.20588235294117,8.088235294117647,69.11764705882352
E00041836,235,70,38,32,165,12,153,29.78723404255319,16.170212765957448,13.617021276595745,70.2127659574468,5.106382978723404,65.1063829787234
E00041837,265,47,14,33,218,27,191,17.735849056603772,5.283018867924529,12.452830188679245,82.26415094339623,10.18867924528302,72.0754716981132
E00041838,293,45,13,32,248,29,219,15.358361774744028,4.436860068259386,10.921501706484642,84.64163822525597,9.897610921501707,74.74402730375427
E00041839,288,41,12,29,247,19,228,14.23611111111111,4.166666666666666,10.069444444444445,85.76388888888889,6.597222222222222,79.16666666666666
E00041840,263,48,20,28,215,33,182,18.250950570342205,7.604562737642586,10.646387832699618,81.74904942965779,12.547528517110266,69.20152091254754
E00041841,311,45,16,29,266,26,240,14.469453376205788,5.144694533762058,9.32475884244373,85.53054662379421,8.360128617363344,77.17041800643086
E00041842,234,50,27,23,184,20,164,21.367521367521366,11.538461538461538,9.82905982905983,78.63247863247864,8.547008547008547,70.08547008547008
E00041843,308,36,11,25,272,23,249,11.688311688311687,3.571428571428571,8.116883116883116,88.31168831168831,7.467532467532467,80.84415584415584
E00041844,270,35,13,22,235,23,212,12.962962962962962,4.814814814814815,8.148148148148149,87.03703703703704,8.518518518518519,78.51851851851852
E00041845,347,78,25,53,269,24,245,22.478386167146976,7.204610951008646,15.273775216138327,77.52161383285303,6.9164265129683,70.60518731988472
E00041846,261,48,18,30,213,17,196,18.39080459770115,6.896551724137931,11.494252873563218,81.60919540229885,6.513409961685824,75.09578544061303
E00041847,237,46,25,21,191,12,179,19.40928270042194,10.548523206751055,8.860759493670885,80.59071729957806,5.063291139240507,75.52742616033755
E00041848,129,46,27,19,83,4,79,35.65891472868217,20.930232558139537,14.728682170542637,64.34108527131784,3.10077519379845,61.240310077519375
E00041849,262,37,13,24,225,15,210,14.122137404580155,4.961832061068702,9.16030534351145,85.87786259541986,5.7251908396946565,80.1526717557252
E00041850,364,63,25,38,301,17,284,17.307692307692307,6.868131868131869,10.43956043956044,82.6923076923077,4.670329670329671,78.02197802197803
E00041851,387,69,25,44,318,17,301,17.829457364341085,6.459948320413436,11.369509043927648,82.17054263565892,4.3927648578811365,77.77777777777779
E00041852,261,43,16,27,218,15,203,16.47509578544061,6.130268199233716,10.344827586206897,83.5249042145594,5.747126436781609,77.77777777777779
E00041853,128,37,11,26,91,9,82,28.90625,8.59375,20.3125,71.09375,7.03125,64.0625
E00041854,195,50,18,32,145,14,131,25.64102564102564,9.230769230769232,16.41025641025641,74.35897435897436,7.179487179487179,67.17948717948717
E00041855,193,43,18,25,150,8,142,22.279792746113987,9.32642487046632,12.953367875647666,77.720207253886,4.145077720207254,73.57512953367875
E00041856,291,39,15,24,252,25,227,13.402061855670103,5.154639175257731,8.24742268041237,86.5979381443299,8.59106529209622,78.00687285223368
E00041857,234,45,20,25,189,14,175,19.230769230769234,8.547008547008547,10.683760683760683,80.76923076923077,5.982905982905983,74.78632478632478
E00041858,270,51,22,29,219,27,192,18.88888888888889,8.148148148148149,10.74074074074074,81.11111111111111,10,71.11111111111111
E00041859,259,39,16,23,220,22,198,15.057915057915059,6.177606177606178,8.880308880308881,84.94208494208493,8.494208494208493,76.44787644787645
E00041861,241,32,12,20,209,21,188,13.278008298755188,4.979253112033195,8.29875518672199,86.72199170124482,8.71369294605809,78.00829875518673
E00041862,268,70,39,31,198,14,184,26.119402985074625,14.55223880597015,11.567164179104477,73.88059701492537,5.223880597014925,68.65671641791045
E00041863,222,57,32,25,165,26,139,25.675675675675674,14.414414414414415,11.26126126126126,74.32432432432432,11.711711711711711,62.612612612612615
E00041864,241,52,28,24,189,15,174,21.57676348547718,11.618257261410788,9.95850622406639,78.42323651452283,6.224066390041494,72.19917012448133
E00041865,290,71,40,31,219,13,206,24.482758620689655,13.793103448275861,10.689655172413794,75.51724137931033,4.482758620689655,71.03448275862068
E00041866,382,67,39,28,315,20,295,17.539267015706805,10.209424083769633,7.329842931937172,82.4607329842932,5.2356020942408374,77.22513089005236
E00041867,204,23,11,12,181,9,172,11.27450980392157,5.392156862745098,5.88235294117647,88.72549019607843,4.411764705882353,84.31372549019608
E00041868,254,42,20,22,212,11,201,16.535433070866144,7.874015748031496,8.661417322834646,83.46456692913385,4.330708661417323,79.13385826771653
E00041869,273,54,19,35,219,20,199,19.78021978021978,6.95970695970696,12.82051282051282,80.21978021978022,7.326007326007327,72.89377289377289
E00041870,212,41,17,24,171,17,154,19.339622641509436,8.018867924528301,11.320754716981133,80.66037735849056,8.018867924528301,72.64150943396226
E00041871,310,58,30,28,252,22,230,18.70967741935484,9.67741935483871,9.032258064516128,81.29032258064515,7.096774193548387,74.19354838709677
E00041872,170,41,17,24,129,8,121,24.11764705882353,10,14.117647058823529,75.88235294117646,4.705882352941177,71.17647058823529
E00041873,227,41,12,29,186,16,170,18.06167400881057,5.286343612334802,12.77533039647577,81.93832599118943,7.048458149779736,74.8898678414097
E00041874,298,53,19,34,245,15,230,17.78523489932886,6.375838926174497,11.409395973154362,82.21476510067114,5.033557046979865,77.18120805369128
E00041875,234,33,15,18,201,15,186,14.102564102564102,6.41025641025641,7.6923076923076925,85.8974358974359,6.41025641025641,79.48717948717949
E00041876,237,76,38,38,161,14,147,32.06751054852321,16.033755274261605,16.033755274261605,67.9324894514768,5.9071729957805905,62.0253164556962
E00041877,359,47,24,23,312,31,281,13.09192200557103,6.685236768802229,6.406685236768802,86.90807799442896,8.635097493036211,78.27298050139275
E00041878,265,65,29,36,200,22,178,24.528301886792452,10.943396226415095,13.584905660377359,75.47169811320755,8.30188679245283,67.16981132075472
E00041879,300,57,27,30,243,22,221,19,9,10,81,7.333333333333333,73.66666666666667
E00041880,256,67,38,29,189,18,171,26.171875,14.84375,11.328125,73.828125,7.03125,66.796875
E00041882,282,74,36,38,208,11,197,26.24113475177305,12.76595744680851,13.47517730496454,73.75886524822694,3.900709219858156,69.8581560283688
E00041883,351,55,24,31,296,23,273,15.669515669515668,6.837606837606838,8.831908831908832,84.33048433048434,6.552706552706552,77.77777777777779
E00041884,243,18,5,13,225,24,201,7.4074074074074066,2.05761316872428,5.349794238683128,92.5925925925926,9.876543209876543,82.71604938271605
E00041885,403,84,35,49,319,36,283,20.843672456575682,8.6848635235732,12.158808933002481,79.15632754342433,8.933002481389577,70.22332506203473
E00041886,274,78,48,30,196,12,184,28.467153284671532,17.51824817518248,10.948905109489052,71.53284671532847,4.37956204379562,67.15328467153284
E00041887,266,18,7,11,248,13,235,6.7669172932330826,2.631578947368421,4.135338345864661,93.23308270676691,4.887218045112782,88.34586466165413
E00041888,297,95,47,48,202,18,184,31.986531986531986,15.824915824915825,16.161616161616163,68.01346801346801,6.0606060606060606,61.95286195286195
E00041889,234,57,33,24,177,14,163,24.358974358974358,14.102564102564102,10.256410256410255,75.64102564102564,5.982905982905983,69.65811965811966
E00041890,278,68,35,33,210,23,187,24.46043165467626,12.589928057553957,11.870503597122301,75.53956834532374,8.273381294964029,67.26618705035972
E00041891,327,74,32,42,253,16,237,22.629969418960243,9.785932721712538,12.844036697247708,77.37003058103976,4.892966360856269,72.47706422018348
E00041892,233,49,24,25,184,10,174,21.030042918454935,10.300429184549357,10.72961373390558,78.96995708154506,4.291845493562231,74.67811158798283
E00041893,334,64,27,37,270,30,240,19.16167664670659,8.08383233532934,11.077844311377245,80.83832335329342,8.982035928143713,71.8562874251497
E00041894,286,53,27,26,233,31,202,18.53146853146853,9.44055944055944,9.090909090909092,81.46853146853147,10.839160839160838,70.62937062937063
E00041895,305,66,25,41,239,18,221,21.639344262295083,8.19672131147541,13.442622950819672,78.36065573770492,5.901639344262295,72.45901639344262
E00041896,175,41,14,27,134,23,111,23.42857142857143,8,15.428571428571427,76.57142857142857,13.142857142857142,63.42857142857142
E00041897,270,44,16,28,226,24,202,16.296296296296298,5.9259259259259265,10.37037037037037,83.7037037037037,8.88888888888889,74.81481481481481
E00041898,347,82,49,33,265,29,236,23.631123919308358,14.121037463976945,9.510086455331413,76.36887608069163,8.357348703170029,68.01152737752162
E00041902,282,94,44,50,188,13,175,33.33333333333333,15.602836879432624,17.73049645390071,66.66666666666666,4.609929078014184,62.056737588652474
E00041903,259,89,57,32,170,7,163,34.36293436293436,22.00772200772201,12.355212355212355,65.63706563706563,2.7027027027027026,62.93436293436293
E00041904,213,59,31,28,154,15,139,27.699530516431924,14.553990610328638,13.145539906103288,72.30046948356808,7.042253521126761,65.25821596244131
E00041905,386,91,41,50,295,18,277,23.57512953367876,10.621761658031089,12.953367875647666,76.42487046632125,4.66321243523316,71.76165803108809
E00041907,492,103,51,52,389,22,367,20.934959349593495,10.365853658536585,10.569105691056912,79.0650406504065,4.471544715447155,74.59349593495935
E00041908,319,115,74,41,204,16,188,36.05015673981191,23.197492163009404,12.852664576802509,63.94984326018809,5.015673981191222,58.93416927899686
E00041909,299,101,65,36,198,15,183,33.77926421404682,21.73913043478261,12.040133779264215,66.22073578595318,5.016722408026756,61.20401337792642
E00041910,242,83,41,42,159,24,135,34.29752066115703,16.94214876033058,17.355371900826448,65.70247933884298,9.917355371900827,55.78512396694215
E00041911,378,107,69,38,271,26,245,28.306878306878307,18.253968253968253,10.052910052910052,71.6931216931217,6.878306878306878,64.81481481481481
E00041912,273,34,13,21,239,26,213,12.454212454212454,4.761904761904762,7.6923076923076925,87.54578754578755,9.523809523809524,78.02197802197803
E00041913,344,42,17,25,302,31,271,12.209302325581394,4.941860465116279,7.267441860465117,87.79069767441861,9.011627906976743,78.77906976744185
E00041914,262,48,15,33,214,16,198,18.3206106870229,5.7251908396946565,12.595419847328243,81.67938931297711,6.106870229007633,75.57251908396947
E00041915,277,51,24,27,226,14,212,18.4115523465704,8.664259927797833,9.747292418772563,81.58844765342961,5.054151624548736,76.53429602888086
E00041916,275,58,33,25,217,14,203,21.09090909090909,12,9.090909090909092,78.9090909090909,5.090909090909091,73.81818181818181
E00041917,291,49,25,24,242,25,217,16.83848797250859,8.59106529209622,8.24742268041237,83.16151202749141,8.59106529209622,74.5704467353952
E00041918,270,33,6,27,237,20,217,12.222222222222221,2.2222222222222223,10,87.77777777777777,7.4074074074074066,80.37037037037037
E00041919,304,37,9,28,267,27,240,12.171052631578947,2.9605263157894735,9.210526315789473,87.82894736842105,8.881578947368421,78.94736842105263
E00041920,309,67,30,37,242,26,216,21.68284789644013,9.70873786407767,11.974110032362459,78.31715210355988,8.414239482200648,69.90291262135922
E00041921,210,47,21,26,163,21,142,22.380952380952383,10,12.380952380952381,77.61904761904762,10,67.61904761904762
E00041922,274,112,75,37,162,21,141,40.87591240875913,27.37226277372263,13.503649635036496,59.12408759124088,7.664233576642336,51.45985401459854
E00041923,278,38,12,26,240,19,221,13.66906474820144,4.316546762589928,9.352517985611511,86.33093525179856,6.83453237410072,79.49640287769785
E00041924,236,56,28,28,180,25,155,23.728813559322035,11.864406779661017,11.864406779661017,76.27118644067797,10.59322033898305,65.67796610169492
E00041925,303,77,39,38,226,24,202,25.412541254125415,12.871287128712872,12.541254125412541,74.58745874587459,7.920792079207921,66.66666666666666
E00041926,334,59,21,38,275,37,238,17.664670658682635,6.287425149700598,11.377245508982035,82.33532934131736,11.077844311377245,71.25748502994011
E00041927,258,58,17,41,200,19,181,22.48062015503876,6.5891472868217065,15.891472868217054,77.51937984496125,7.3643410852713185,70.15503875968993
E00041928,295,50,20,30,245,39,206,16.94915254237288,6.779661016949152,10.16949152542373,83.05084745762711,13.220338983050848,69.83050847457626
E00041929,234,62,27,35,172,21,151,26.495726495726498,11.538461538461538,14.957264957264957,73.50427350427351,8.974358974358974,64.52991452991454
E00041930,265,47,11,36,218,32,186,17.735849056603772,4.150943396226415,13.584905660377359,82.26415094339623,12.075471698113208,70.18867924528301
E00041931,285,39,14,25,246,24,222,13.684210526315791,4.912280701754386,8.771929824561402,86.31578947368422,8.421052631578947,77.89473684210526
E00041932,204,92,46,46,112,13,99,45.09803921568628,22.54901960784314,22.54901960784314,54.90196078431373,6.372549019607843,48.529411764705884
E00041933,164,63,38,25,101,12,89,38.41463414634146,23.170731707317074,15.24390243902439,61.58536585365854,7.317073170731707,54.268292682926834
E00041934,258,75,34,41,183,27,156,29.069767441860467,13.178294573643413,15.891472868217054,70.93023255813954,10.465116279069768,60.46511627906976
E00041935,309,50,22,28,259,27,232,16.181229773462782,7.119741100323624,9.06148867313916,83.81877022653723,8.737864077669903,75.08090614886731
E00041936,285,70,27,43,215,25,190,24.561403508771928,9.473684210526317,15.087719298245613,75.43859649122807,8.771929824561402,66.66666666666666
E00041937,233,52,31,21,181,24,157,22.317596566523605,13.304721030042918,9.012875536480687,77.6824034334764,10.300429184549357,67.38197424892704
E00041938,288,36,10,26,252,26,226,12.5,3.4722222222222223,9.027777777777777,87.5,9.027777777777777,78.47222222222221
E00041940,296,52,20,32,244,23,221,17.56756756756757,6.756756756756757,10.81081081081081,82.43243243243244,7.77027027027027,74.66216216216216
E00041941,262,73,30,43,189,20,169,27.86259541984733,11.450381679389313,16.412213740458014,72.13740458015268,7.633587786259542,64.50381679389314
E00041942,258,70,23,47,188,23,165,27.131782945736433,8.914728682170542,18.217054263565892,72.86821705426357,8.914728682170542,63.95348837209303
E00041943,264,49,17,32,215,21,194,18.560606060606062,6.4393939393939394,12.121212121212121,81.43939393939394,7.954545454545454,73.48484848484848
E00041944,344,81,41,40,263,19,244,23.546511627906977,11.918604651162791,11.627906976744185,76.45348837209302,5.523255813953488,70.93023255813954
E00041945,293,60,32,28,233,24,209,20.477815699658702,10.921501706484642,9.556313993174061,79.5221843003413,8.19112627986348,71.33105802047781
E00041946,401,63,26,37,338,39,299,15.710723192019952,6.483790523690773,9.226932668329177,84.28927680798004,9.72568578553616,74.56359102244389
E00041947,300,37,11,26,263,21,242,12.333333333333334,3.6666666666666665,8.666666666666668,87.66666666666667,7.000000000000001,80.66666666666666
E00041948,233,49,15,34,184,16,168,21.030042918454935,6.437768240343347,14.592274678111588,78.96995708154506,6.866952789699571,72.1030042918455
E00041949,248,40,10,30,208,24,184,16.129032258064516,4.032258064516129,12.096774193548388,83.87096774193549,9.67741935483871,74.19354838709677
E00041950,314,34,13,21,280,30,250,10.828025477707007,4.140127388535031,6.687898089171974,89.171974522293,9.554140127388536,79.61783439490446
E00041951,258,60,33,27,198,20,178,23.25581395348837,12.790697674418606,10.465116279069768,76.74418604651163,7.751937984496124,68.9922480620155
E00041952,289,41,11,30,248,18,230,14.186851211072666,3.8062283737024223,10.380622837370241,85.81314878892734,6.228373702422145,79.58477508650519
E00041953,244,62,30,32,182,24,158,25.40983606557377,12.295081967213115,13.114754098360656,74.59016393442623,9.836065573770492,64.75409836065575
E00041954,245,44,15,29,201,18,183,17.959183673469386,6.122448979591836,11.83673469387755,82.0408163265306,7.346938775510205,74.6938775510204
E00041955,264,37,15,22,227,21,206,14.015151515151514,5.681818181818182,8.333333333333332,85.98484848484848,7.954545454545454,78.03030303030303
E00041956,292,46,18,28,246,25,221,15.753424657534246,6.164383561643835,9.58904109589041,84.24657534246576,8.561643835616438,75.68493150684932
E00041957,307,41,11,30,266,30,236,13.355048859934854,3.5830618892508146,9.77198697068404,86.64495114006515,9.77198697068404,76.8729641693811
E00041958,204,47,24,23,157,19,138,23.03921568627451,11.76470588235294,11.27450980392157,76.9607843137255,9.313725490196079,67.64705882352942
E00041959,255,47,18,29,208,22,186,18.43137254901961,7.0588235294117645,11.372549019607844,81.56862745098039,8.627450980392156,72.94117647058823
E00041960,312,50,13,37,262,19,243,16.025641025641026,4.166666666666666,11.858974358974358,83.97435897435898,6.089743589743589,77.88461538461539
E00041961,312,49,21,28,263,32,231,15.705128205128204,6.730769230769231,8.974358974358974,84.2948717948718,10.256410256410255,74.03846153846155
E00041962,277,51,20,31,226,23,203,18.4115523465704,7.2202166064981945,11.191335740072201,81.58844765342961,8.303249097472925,73.28519855595668
E00041963,267,45,12,33,222,26,196,16.853932584269664,4.49438202247191,12.359550561797752,83.14606741573034,9.737827715355806,73.40823970037454
E00041964,296,53,16,37,243,19,224,17.905405405405407,5.405405405405405,12.5,82.0945945945946,6.418918918918918,75.67567567567568
E00041965,263,40,19,21,223,30,193,15.209125475285171,7.224334600760455,7.984790874524715,84.79087452471484,11.406844106463879,73.38403041825094
E00041966,250,36,14,22,214,18,196,14.399999999999999,5.6000000000000005,8.799999999999999,85.6,7.199999999999999,78.4
E00041967,449,50,12,38,399,32,367,11.1358574610245,2.6726057906458798,8.463251670378618,88.8641425389755,7.126948775055679,81.73719376391982
E00041968,265,30,16,14,235,19,216,11.320754716981133,6.037735849056604,5.283018867924529,88.67924528301887,7.169811320754717,81.50943396226415
E00041969,298,52,17,35,246,24,222,17.449664429530202,5.704697986577181,11.74496644295302,82.5503355704698,8.053691275167784,74.49664429530202
E00041970,254,55,19,36,199,25,174,21.653543307086615,7.480314960629922,14.173228346456693,78.34645669291339,9.84251968503937,68.50393700787401
E00041971,272,72,38,34,200,19,181,26.47058823529412,13.970588235294118,12.5,73.52941176470588,6.985294117647059,66.54411764705883
E00041972,247,46,15,31,201,19,182,18.62348178137652,6.0728744939271255,12.550607287449392,81.37651821862349,7.6923076923076925,73.68421052631578
E00041973,252,69,35,34,183,18,165,27.380952380952383,13.88888888888889,13.492063492063492,72.61904761904762,7.142857142857142,65.47619047619048
E00041974,284,70,31,39,214,22,192,24.647887323943664,10.915492957746478,13.732394366197184,75.35211267605634,7.746478873239436,67.6056338028169
E00041975,234,45,13,32,189,19,170,19.230769230769234,5.555555555555555,13.675213675213676,80.76923076923077,8.11965811965812,72.64957264957265
E00041976,304,35,10,25,269,24,245,11.513157894736842,3.289473684210526,8.223684210526317,88.48684210526315,7.894736842105263,80.5921052631579
E00041977,280,35,11,24,245,29,216,12.5,3.9285714285714284,8.571428571428571,87.5,10.357142857142858,77.14285714285715
E00041978,298,50,14,36,248,21,227,16.778523489932887,4.697986577181208,12.080536912751679,83.22147651006712,7.046979865771812,76.1744966442953
E00041979,280,40,15,25,240,29,211,14.285714285714285,5.357142857142857,8.928571428571429,85.71428571428571,10.357142857142858,75.35714285714286
E00041980,328,91,39,52,237,20,217,27.743902439024392,11.890243902439025,15.853658536585366,72.2560975609756,6.097560975609756,66.15853658536585
E00041981,321,49,19,30,272,27,245,15.264797507788161,5.919003115264798,9.345794392523365,84.73520249221184,8.411214953271028,76.32398753894081
E00041982,246,49,18,31,197,21,176,19.91869918699187,7.317073170731707,12.601626016260163,80.08130081300813,8.536585365853659,71.54471544715447
E00041983,414,112,65,47,302,29,273,27.053140096618357,15.70048309178744,11.352657004830919,72.94685990338165,7.004830917874397,65.94202898550725
E00041984,230,54,25,29,176,12,164,23.47826086956522,10.869565217391305,12.608695652173912,76.52173913043478,5.217391304347826,71.30434782608695
E00041985,260,51,22,29,209,20,189,19.615384615384617,8.461538461538462,11.153846153846155,80.38461538461539,7.6923076923076925,72.6923076923077
E00041986,339,61,27,34,278,26,252,17.99410029498525,7.964601769911504,10.029498525073747,82.00589970501476,7.669616519174041,74.33628318584071
E00041987,362,83,34,49,279,24,255,22.92817679558011,9.392265193370166,13.535911602209943,77.07182320441989,6.629834254143646,70.44198895027624
E00041988,339,83,36,47,256,18,238,24.48377581120944,10.619469026548673,13.864306784660767,75.51622418879056,5.3097345132743365,70.20648967551622
E00041989,322,37,12,25,285,28,257,11.490683229813664,3.7267080745341614,7.763975155279502,88.50931677018633,8.695652173913043,79.8136645962733
E00041990,292,63,28,35,229,18,211,21.575342465753426,9.58904109589041,11.986301369863012,78.42465753424658,6.164383561643835,72.26027397260275
E00041991,235,53,22,31,182,22,160,22.5531914893617,9.361702127659575,13.191489361702127,77.4468085106383,9.361702127659575,68.08510638297872
E00041992,159,50,32,18,109,5,104,31.446540880503143,20.125786163522015,11.320754716981133,68.55345911949685,3.1446540880503147,65.40880503144653
E00041993,251,51,19,32,200,15,185,20.318725099601593,7.569721115537849,12.749003984063744,79.6812749003984,5.9760956175298805,73.70517928286853
E00041994,277,62,20,42,215,22,193,22.382671480144403,7.2202166064981945,15.162454873646208,77.6173285198556,7.9422382671480145,69.67509025270758
E00041995,265,46,23,23,219,16,203,17.358490566037734,8.679245283018867,8.679245283018867,82.64150943396227,6.037735849056604,76.60377358490567
E00041996,199,63,32,31,136,11,125,31.65829145728643,16.08040201005025,15.577889447236181,68.34170854271356,5.527638190954774,62.8140703517588
E00041997,281,49,13,36,232,19,213,17.437722419928825,4.6263345195729535,12.811387900355871,82.56227758007117,6.761565836298933,75.80071174377224
E00041998,241,46,19,27,195,19,176,19.08713692946058,7.883817427385892,11.20331950207469,80.91286307053942,7.883817427385892,73.02904564315352
E00041999,252,55,27,28,197,20,177,21.825396825396826,10.714285714285714,11.11111111111111,78.17460317460318,7.936507936507936,70.23809523809523
E00042000,274,58,19,39,216,28,188,21.16788321167883,6.934306569343065,14.233576642335766,78.83211678832117,10.218978102189782,68.61313868613139
E00042001,322,39,15,24,283,34,249,12.111801242236025,4.658385093167702,7.453416149068323,87.88819875776397,10.559006211180124,77.32919254658384
E00042002,306,80,35,45,226,13,213,26.143790849673206,11.437908496732026,14.705882352941178,73.8562091503268,4.248366013071895,69.6078431372549
E00042003,241,58,31,27,183,22,161,24.066390041493776,12.863070539419086,11.20331950207469,75.93360995850622,9.12863070539419,66.80497925311202
E00042004,290,61,22,39,229,23,206,21.03448275862069,7.586206896551724,13.448275862068964,78.96551724137932,7.931034482758621,71.03448275862068
E00042005,299,59,22,37,240,27,213,19.732441471571907,7.357859531772576,12.37458193979933,80.2675585284281,9.03010033444816,71.23745819397993
E00042006,300,85,50,35,215,29,186,28.333333333333332,16.666666666666664,11.666666666666666,71.66666666666667,9.666666666666666,62
E00042008,485,66,25,41,419,33,386,13.608247422680412,5.154639175257731,8.45360824742268,86.3917525773196,6.804123711340206,79.58762886597938
E00042009,251,63,32,31,188,19,169,25.099601593625497,12.749003984063744,12.350597609561753,74.9003984063745,7.569721115537849,67.33067729083665
E00042010,478,195,134,61,283,24,259,40.79497907949791,28.03347280334728,12.761506276150628,59.20502092050209,5.02092050209205,54.18410041841004
E00042011,281,74,31,43,207,22,185,26.334519572953734,11.032028469750891,15.302491103202847,73.66548042704626,7.829181494661921,65.83629893238434
E00042012,295,77,40,37,218,17,201,26.101694915254235,13.559322033898304,12.54237288135593,73.89830508474576,5.762711864406779,68.13559322033899
E00042013,330,79,32,47,251,15,236,23.939393939393938,9.696969696969697,14.242424242424242,76.06060606060606,4.545454545454546,71.51515151515152
E00042014,264,71,33,38,193,8,185,26.89393939393939,12.5,14.393939393939394,73.10606060606061,3.0303030303030303,70.07575757575758
E00042015,334,101,51,50,233,16,217,30.239520958083833,15.269461077844312,14.97005988023952,69.76047904191617,4.790419161676647,64.97005988023952
E00042016,287,95,49,46,192,20,172,33.10104529616725,17.073170731707318,16.02787456445993,66.89895470383276,6.968641114982578,59.93031358885017
E00042017,294,86,41,45,208,22,186,29.25170068027211,13.945578231292515,15.306122448979592,70.74829931972789,7.482993197278912,63.26530612244898
E00042018,231,56,31,25,175,15,160,24.242424242424242,13.41991341991342,10.822510822510822,75.75757575757575,6.493506493506493,69.26406926406926
E00042019,161,78,58,20,83,8,75,48.4472049689441,36.024844720496894,12.422360248447205,51.5527950310559,4.968944099378882,46.58385093167702
E00042020,193,29,11,18,164,11,153,15.025906735751295,5.699481865284974,9.32642487046632,84.97409326424871,5.699481865284974,79.27461139896373
E00042021,194,45,23,22,149,15,134,23.195876288659793,11.855670103092782,11.34020618556701,76.80412371134021,7.731958762886598,69.0721649484536
E00042022,275,73,40,33,202,12,190,26.545454545454543,14.545454545454545,12,73.45454545454545,4.363636363636364,69.0909090909091
E00042023,292,64,28,36,228,22,206,21.91780821917808,9.58904109589041,12.32876712328767,78.08219178082192,7.534246575342466,70.54794520547945
E00042024,271,53,33,20,218,14,204,19.557195571955717,12.177121771217712,7.380073800738007,80.44280442804428,5.166051660516605,75.27675276752768
E00042025,229,60,38,22,169,13,156,26.200873362445414,16.593886462882097,9.606986899563319,73.7991266375546,5.676855895196507,68.12227074235808
E00042026,250,40,19,21,210,19,191,16,7.6,8.4,84,7.6,76.4
E00042027,226,57,22,35,169,21,148,25.221238938053098,9.734513274336283,15.486725663716813,74.77876106194691,9.29203539823009,65.48672566371681
E00042028,256,31,5,26,225,16,209,12.109375,1.953125,10.15625,87.890625,6.25,81.640625
E00042029,269,61,20,41,208,24,184,22.676579925650557,7.434944237918216,15.241635687732341,77.32342007434944,8.921933085501859,68.40148698884758
E00042030,216,63,31,32,153,14,139,29.166666666666668,14.351851851851851,14.814814814814813,70.83333333333334,6.481481481481481,64.35185185185185
E00042031,298,74,41,33,224,13,211,24.832214765100673,13.758389261744966,11.073825503355705,75.16778523489933,4.3624161073825505,70.80536912751678
E00042032,205,53,24,29,152,10,142,25.853658536585368,11.707317073170733,14.146341463414632,74.14634146341463,4.878048780487805,69.26829268292683
E00042033,160,31,15,16,129,14,115,19.375,9.375,10,80.625,8.75,71.875
E00042034,286,38,7,31,248,30,218,13.286713286713287,2.4475524475524475,10.839160839160838,86.7132867132867,10.48951048951049,76.22377622377621
E00042035,262,59,31,28,203,27,176,22.519083969465647,11.83206106870229,10.687022900763358,77.48091603053436,10.305343511450381,67.17557251908397
E00042036,285,76,35,41,209,15,194,26.666666666666668,12.280701754385964,14.385964912280702,73.33333333333333,5.263157894736842,68.0701754385965
E00042037,301,49,18,31,252,30,222,16.27906976744186,5.980066445182724,10.299003322259136,83.72093023255815,9.966777408637874,73.75415282392026
E00042038,291,63,32,31,228,21,207,21.649484536082475,10.996563573883162,10.652920962199312,78.35051546391753,7.216494845360824,71.1340206185567
E00042039,310,58,24,34,252,22,230,18.70967741935484,7.741935483870968,10.967741935483872,81.29032258064515,7.096774193548387,74.19354838709677
E00042040,230,52,36,16,178,11,167,22.608695652173914,15.65217391304348,6.956521739130435,77.39130434782608,4.782608695652174,72.60869565217392
E00042041,217,48,24,24,169,14,155,22.119815668202765,11.059907834101383,11.059907834101383,77.88018433179722,6.451612903225806,71.42857142857143
E00165672,318,90,57,33,228,20,208,28.30188679245283,17.92452830188679,10.377358490566039,71.69811320754717,6.289308176100629,65.40880503144653
E00166169,513,149,66,83,364,29,335,29.0448343079922,12.865497076023392,16.17933723196881,70.9551656920078,5.653021442495127,65.30214424951268
E00166170,108,24,12,12,84,7,77,22.22222222222222,11.11111111111111,11.11111111111111,77.77777777777779,6.481481481481481,71.29629629629629
E00166172,214,19,6,13,195,13,182,8.878504672897195,2.803738317757009,6.074766355140187,91.1214953271028,6.074766355140187,85.04672897196261
E00166174,150,38,13,25,112,5,107,25.333333333333336,8.666666666666668,16.666666666666664,74.66666666666667,3.3333333333333335,71.33333333333334
E00166175,208,21,2,19,187,17,170,10.096153846153847,0.9615384615384616,9.134615384615383,89.90384615384616,8.173076923076923,81.73076923076923
E00166179,516,91,37,54,425,28,397,17.635658914728683,7.170542635658915,10.465116279069768,82.36434108527132,5.426356589147287,76.93798449612403
E00166180,825,147,41,106,678,62,616,17.81818181818182,4.96969696969697,12.848484848484848,82.18181818181817,7.515151515151515,74.66666666666667
E00166182,462,36,15,21,426,15,411,7.792207792207792,3.2467532467532463,4.545454545454546,92.20779220779221,3.2467532467532463,88.96103896103897
E00166183,141,11,5,6,130,10,120,7.801418439716312,3.546099290780142,4.25531914893617,92.19858156028369,7.092198581560284,85.1063829787234
E00166185,234,35,18,17,199,8,191,14.957264957264957,7.6923076923076925,7.264957264957266,85.04273504273505,3.418803418803419,81.62393162393163
E00166187,207,23,5,18,184,8,176,11.11111111111111,2.4154589371980677,8.695652173913043,88.88888888888889,3.864734299516908,85.02415458937197
E00166188,146,40,21,19,106,8,98,27.397260273972602,14.383561643835616,13.013698630136986,72.6027397260274,5.47945205479452,67.12328767123287
E00166190,243,46,22,24,197,15,182,18.930041152263374,9.053497942386832,9.876543209876543,81.06995884773663,6.172839506172839,74.8971193415638
E00166192,170,19,3,16,151,14,137,11.176470588235295,1.7647058823529411,9.411764705882353,88.8235294117647,8.235294117647058,80.58823529411765
E00166195,163,26,6,20,137,14,123,15.950920245398773,3.6809815950920246,12.269938650306749,84.04907975460122,8.588957055214724,75.4601226993865
E00166196,181,11,3,8,170,16,154,6.077348066298343,1.6574585635359116,4.41988950276243,93.92265193370166,8.83977900552486,85.0828729281768
E00166198,128,10,2,8,118,14,104,7.8125,1.5625,6.25,92.1875,10.9375,81.25
E00166200,202,45,25,20,157,12,145,22.277227722772277,12.376237623762377,9.900990099009901,77.72277227722772,5.9405940594059405,71.78217821782178
E00166201,426,70,32,38,356,23,333,16.431924882629108,7.511737089201878,8.92018779342723,83.56807511737088,5.39906103286385,78.16901408450704
E00166208,468,52,25,27,416,14,402,11.11111111111111,5.3418803418803416,5.769230769230769,88.88888888888889,2.9914529914529915,85.8974358974359
E00166209,205,7,2,5,198,5,193,3.414634146341464,0.975609756097561,2.4390243902439024,96.58536585365853,2.4390243902439024,94.14634146341463
E00166211,241,26,12,14,215,10,205,10.78838174273859,4.979253112033195,5.809128630705394,89.21161825726142,4.149377593360995,85.06224066390041
E00166213,141,29,15,14,112,8,104,20.56737588652482,10.638297872340425,9.929078014184398,79.43262411347519,5.673758865248227,73.75886524822694
E00166214,305,51,10,41,254,25,229,16.721311475409838,3.278688524590164,13.442622950819672,83.27868852459017,8.19672131147541,75.08196721311475
E00166216,340,84,35,49,256,34,222,24.705882352941178,10.294117647058822,14.411764705882351,75.29411764705883,10,65.29411764705883
E00166221,308,40,10,30,268,24,244,12.987012987012985,3.2467532467532463,9.740259740259742,87.01298701298701,7.792207792207792,79.22077922077922
E00166224,243,33,9,24,210,21,189,13.580246913580247,3.7037037037037033,9.876543209876543,86.41975308641975,8.641975308641975,77.77777777777779
E00170010,266,35,10,25,231,23,208,13.157894736842104,3.7593984962406015,9.398496240601503,86.8421052631579,8.646616541353383,78.19548872180451
E00170012,291,54,21,33,237,16,221,18.556701030927837,7.216494845360824,11.34020618556701,81.44329896907216,5.498281786941581,75.94501718213058
E00170013,234,65,23,42,169,16,153,27.77777777777778,9.82905982905983,17.94871794871795,72.22222222222221,6.837606837606838,65.38461538461539
E00170015,239,79,31,48,160,15,145,33.054393305439326,12.97071129707113,20.0836820083682,66.94560669456067,6.2761506276150625,60.66945606694561
E00170016,535,64,21,43,471,35,436,11.962616822429908,3.925233644859813,8.037383177570094,88.03738317757009,6.5420560747663545,81.49532710280374
E00170018,234,54,25,29,180,13,167,23.076923076923077,10.683760683760683,12.393162393162394,76.92307692307693,5.555555555555555,71.36752136752136
E00170020,217,75,47,28,142,10,132,34.56221198156682,21.658986175115206,12.903225806451612,65.43778801843318,4.6082949308755765,60.82949308755761
E00170021,124,29,13,16,95,9,86,23.387096774193548,10.483870967741936,12.903225806451612,76.61290322580645,7.258064516129033,69.35483870967742
E00170023,104,20,5,15,84,5,79,19.230769230769234,4.807692307692308,14.423076923076922,80.76923076923077,4.807692307692308,75.96153846153845
E00170024,299,25,7,18,274,29,245,8.361204013377927,2.341137123745819,6.0200668896321075,91.63879598662207,9.698996655518394,81.93979933110369
E00170026,302,52,18,34,250,22,228,17.218543046357617,5.960264900662252,11.258278145695364,82.78145695364239,7.28476821192053,75.49668874172185
E00170027,224,55,26,29,169,11,158,24.553571428571427,11.607142857142858,12.946428571428573,75.44642857142857,4.910714285714286,70.53571428571429
E00170029,340,37,10,27,303,18,285,10.882352941176471,2.941176470588235,7.941176470588235,89.11764705882354,5.294117647058823,83.82352941176471
E00170030,301,19,7,12,282,24,258,6.312292358803987,2.3255813953488373,3.9867109634551494,93.68770764119601,7.973421926910299,85.71428571428571
E00189916,239,25,6,19,214,11,203,10.460251046025103,2.510460251046025,7.949790794979079,89.5397489539749,4.602510460251046,84.93723849372385
E00189917,134,46,20,26,88,10,78,34.32835820895522,14.925373134328357,19.402985074626866,65.67164179104478,7.462686567164178,58.2089552238806
E00189918,239,29,9,20,210,17,193,12.133891213389122,3.765690376569038,8.368200836820083,87.86610878661088,7.112970711297072,80.75313807531381
E00189919,337,59,28,31,278,28,250,17.50741839762611,8.30860534124629,9.198813056379821,82.49258160237389,8.30860534124629,74.1839762611276
E00189920,305,96,40,56,209,24,185,31.475409836065577,13.114754098360656,18.360655737704917,68.52459016393443,7.868852459016394,60.65573770491803
E00189921,365,160,96,64,205,20,185,43.83561643835616,26.301369863013697,17.534246575342465,56.16438356164384,5.47945205479452,50.68493150684932
E00189922,243,77,34,43,166,8,158,31.68724279835391,13.991769547325102,17.695473251028808,68.3127572016461,3.292181069958848,65.02057613168725
E00189931,407,37,10,27,370,22,348,9.090909090909092,2.457002457002457,6.6339066339066335,90.9090909090909,5.405405405405405,85.5036855036855
E00189935,360,12,1,11,348,29,319,3.3333333333333335,0.2777777777777778,3.0555555555555554,96.66666666666667,8.055555555555555,88.61111111111111
E00189941,199,18,6,12,181,13,168,9.045226130653267,3.015075376884422,6.030150753768844,90.95477386934674,6.532663316582915,84.42211055276381
E00189946,197,15,3,12,182,11,171,7.614213197969544,1.5228426395939088,6.091370558375635,92.38578680203045,5.583756345177665,86.80203045685279
E00189949,249,24,1,23,225,20,205,9.63855421686747,0.4016064257028112,9.236947791164658,90.36144578313254,8.032128514056225,82.32931726907631
E00189950,223,15,5,10,208,18,190,6.726457399103139,2.242152466367713,4.484304932735426,93.27354260089686,8.071748878923767,85.20179372197309
E00189968,340,75,36,39,265,15,250,22.058823529411764,10.588235294117647,11.470588235294118,77.94117647058823,4.411764705882353,73.52941176470588
E00189973,319,33,9,24,286,25,261,10.344827586206897,2.8213166144200628,7.523510971786834,89.65517241379311,7.836990595611286,81.81818181818183
E00189979,361,21,4,17,340,29,311,5.8171745152354575,1.10803324099723,4.7091412742382275,94.18282548476455,8.033240997229916,86.14958448753463
E00189982,306,26,4,22,280,20,260,8.49673202614379,1.3071895424836601,7.18954248366013,91.50326797385621,6.535947712418301,84.9673202614379
E00189995,278,15,1,14,263,30,233,5.39568345323741,0.3597122302158274,5.0359712230215825,94.60431654676259,10.79136690647482,83.81294964028777
E00189997,243,46,15,31,197,30,167,18.930041152263374,6.172839506172839,12.757201646090536,81.06995884773663,12.345679012345679,68.72427983539094
E00190001,351,25,5,20,326,32,294,7.122507122507122,1.4245014245014245,5.698005698005698,92.87749287749287,9.116809116809117,83.76068376068376
E00190007,321,22,3,19,299,26,273,6.853582554517133,0.9345794392523363,5.919003115264798,93.14641744548287,8.09968847352025,85.04672897196261
E00190009,321,32,5,27,289,21,268,9.968847352024921,1.557632398753894,8.411214953271028,90.03115264797508,6.5420560747663545,83.48909657320873
E00190012,294,113,62,51,181,22,159,38.435374149659864,21.08843537414966,17.346938775510203,61.564625850340136,7.482993197278912,54.08163265306123
