OA,ts0590001,ts0590002,ts0590003,ts0590004,ts0590005,ts0590006,ts0590007,ts0590002_PCT,ts0590003_PCT,ts0590004_PCT,ts0590005_PCT,ts0590006_PCT,ts0590007_PCT
E00041363,69,21,8,13,48,44,4,30.434782608695656,11.594202898550725,18.84057971014493,69.56521739130434,63.76811594202898,5.797101449275362
E00041364,141,70,14,56,71,64,7,49.645390070921984,9.929078014184398,39.71631205673759,50.35460992907801,45.39007092198582,4.964539007092199
E00041366,101,34,14,20,67,57,10,33.663366336633665,13.861386138613863,19.801980198019802,66.33663366336634,56.43564356435643,9.900990099009901
E00041367,104,35,15,20,69,64,5,33.65384615384615,14.423076923076922,19.230769230769234,66.34615384615384,61.53846153846154,4.807692307692308
E00041368,105,42,11,31,63,57,6,40,10.476190476190476,29.523809523809526,60,54.285714285714285,5.714285714285714
E00041369,145,53,10,43,92,79,13,36.55172413793103,6.896551724137931,29.655172413793103,63.44827586206897,54.48275862068965,8.96551724137931
E00041371,137,45,15,30,92,85,7,32.846715328467155,10.948905109489052,21.897810218978105,67.15328467153284,62.04379562043796,5.109489051094891
E00041372,82,42,8,34,40,36,4,51.21951219512195,9.75609756097561,41.46341463414634,48.78048780487805,43.90243902439025,4.878048780487805
E00041377,34,15,7,8,19,16,3,44.11764705882353,20.588235294117645,23.52941176470588,55.88235294117647,47.05882352941176,8.823529411764707
E00041378,160,41,10,31,119,109,10,25.624999999999996,6.25,19.375,74.375,68.125,6.25
E00041381,113,31,8,23,82,73,9,27.43362831858407,7.079646017699115,20.353982300884958,72.56637168141593,64.60176991150442,7.964601769911504
E00041382,40,13,3,10,27,26,1,32.5,7.5,25,67.5,65,2.5
E00041383,119,42,13,29,77,73,4,35.294117647058826,10.92436974789916,24.369747899159663,64.70588235294117,61.34453781512605,3.361344537815126
E00041384,254,58,14,44,196,178,18,22.83464566929134,5.511811023622047,17.322834645669293,77.16535433070865,70.07874015748031,7.086614173228346
E00041385,78,24,2,22,54,52,2,30.76923076923077,2.564102564102564,28.205128205128204,69.23076923076923,66.66666666666666,2.564102564102564
E00041386,328,54,20,34,274,253,21,16.463414634146343,6.097560975609756,10.365853658536585,83.53658536585365,77.13414634146342,6.402439024390244
E00041388,136,43,10,33,93,85,8,31.61764705882353,7.352941176470589,24.264705882352942,68.38235294117648,62.5,5.88235294117647
E00041389,79,28,8,20,51,47,4,35.44303797468354,10.126582278481013,25.31645569620253,64.55696202531645,59.49367088607595,5.063291139240507
E00041390,119,29,8,21,90,83,7,24.369747899159663,6.722689075630252,17.647058823529413,75.63025210084034,69.74789915966386,5.88235294117647
E00041393,119,46,14,32,73,68,5,38.655462184873954,11.76470588235294,26.89075630252101,61.34453781512605,57.14285714285714,4.201680672268908
E00041394,197,63,18,45,134,118,16,31.979695431472084,9.137055837563452,22.84263959390863,68.02030456852792,59.89847715736041,8.121827411167512
E00041395,108,45,8,37,63,59,4,41.66666666666667,7.4074074074074066,34.25925925925926,58.333333333333336,54.629629629629626,3.7037037037037033
E00041397,96,31,7,24,65,57,8,32.29166666666667,7.291666666666667,25,67.70833333333334,59.375,8.333333333333332
E00041399,108,25,7,18,83,70,13,23.14814814814815,6.481481481481481,16.666666666666664,76.85185185185185,64.81481481481481,12.037037037037036
E00041400,109,41,6,35,68,65,3,37.61467889908257,5.5045871559633035,32.11009174311927,62.38532110091744,59.63302752293578,2.7522935779816518
E00041401,112,42,8,34,70,64,6,37.5,7.142857142857142,30.357142857142854,62.5,57.14285714285714,5.357142857142857
E00041402,146,74,20,54,72,66,6,50.68493150684932,13.698630136986301,36.986301369863014,49.31506849315068,45.20547945205479,4.10958904109589
E00041404,133,46,10,36,87,75,12,34.58646616541353,7.518796992481203,27.06766917293233,65.41353383458647,56.390977443609025,9.022556390977442
E00041405,18,8,3,5,10,10,0,44.44444444444444,16.666666666666664,27.77777777777778,55.55555555555556,55.55555555555556,0
E00041406,120,36,7,29,84,74,10,30,5.833333333333333,24.166666666666668,70,61.66666666666667,8.333333333333332
E00041407,130,53,18,35,77,68,9,40.76923076923077,13.846153846153847,26.923076923076923,59.23076923076923,52.307692307692314,6.923076923076923
E00041408,100,31,15,16,69,61,8,31,15,16,69,61,8
E00041409,113,49,11,38,64,60,4,43.36283185840708,9.734513274336283,33.6283185840708,56.63716814159292,53.09734513274337,3.5398230088495577
E00041410,102,30,9,21,72,68,4,29.411764705882355,8.823529411764707,20.588235294117645,70.58823529411765,66.66666666666666,3.9215686274509802
E00041411,35,15,8,7,20,15,5,42.857142857142854,22.857142857142858,20,57.14285714285714,42.857142857142854,14.285714285714285
E00041413,59,21,5,16,38,37,1,35.59322033898305,8.47457627118644,27.11864406779661,64.40677966101694,62.71186440677966,1.694915254237288
E00041414,76,41,9,32,35,29,6,53.94736842105263,11.842105263157894,42.10526315789473,46.05263157894737,38.15789473684211,7.894736842105263
E00041415,111,36,17,19,75,74,1,32.432432432432435,15.315315315315313,17.117117117117118,67.56756756756756,66.66666666666666,0.9009009009009009
E00041416,139,43,8,35,96,88,8,30.935251798561154,5.755395683453238,25.179856115107913,69.06474820143885,63.30935251798561,5.755395683453238
E00041417,111,28,8,20,83,77,6,25.225225225225223,7.207207207207207,18.01801801801802,74.77477477477478,69.36936936936937,5.405405405405405
E00041418,93,21,5,16,72,64,8,22.58064516129032,5.376344086021505,17.20430107526882,77.41935483870968,68.81720430107528,8.60215053763441
E00041419,123,35,9,26,88,81,7,28.455284552845526,7.317073170731707,21.138211382113823,71.54471544715447,65.85365853658537,5.691056910569105
E00041420,128,50,11,39,78,70,8,39.0625,8.59375,30.46875,60.9375,54.6875,6.25
E00041421,162,36,8,28,126,115,11,22.22222222222222,4.938271604938271,17.28395061728395,77.77777777777779,70.98765432098766,6.790123456790123
E00041422,82,32,5,27,50,42,8,39.02439024390244,6.097560975609756,32.926829268292686,60.97560975609756,51.21951219512195,9.75609756097561
E00041423,126,43,7,36,83,76,7,34.12698412698413,5.555555555555555,28.57142857142857,65.87301587301587,60.317460317460316,5.555555555555555
E00041424,146,38,9,29,108,98,10,26.027397260273972,6.164383561643835,19.863013698630137,73.97260273972603,67.12328767123287,6.8493150684931505
E00041425,82,26,10,16,56,50,6,31.70731707317073,12.195121951219512,19.51219512195122,68.29268292682927,60.97560975609756,7.317073170731707
E00041426,134,52,12,40,82,75,7,38.80597014925373,8.955223880597014,29.850746268656714,61.19402985074627,55.970149253731336,5.223880597014925
E00041427,119,40,7,33,79,76,3,33.61344537815126,5.88235294117647,27.73109243697479,66.38655462184873,63.86554621848739,2.5210084033613445
E00041429,70,25,10,15,45,44,1,35.714285714285715,14.285714285714285,21.428571428571427,64.28571428571429,62.857142857142854,1.4285714285714286
E00041430,145,44,16,28,101,91,10,30.344827586206897,11.03448275862069,19.310344827586206,69.6551724137931,62.758620689655174,6.896551724137931
E00041431,122,34,13,21,88,82,6,27.86885245901639,10.655737704918032,17.21311475409836,72.1311475409836,67.21311475409836,4.918032786885246
E00041432,98,17,1,16,81,68,13,17.346938775510203,1.0204081632653061,16.3265306122449,82.6530612244898,69.38775510204081,13.26530612244898
E00041433,95,25,6,19,70,61,9,26.31578947368421,6.315789473684211,20,73.68421052631578,64.21052631578948,9.473684210526317
E00041434,121,38,11,27,83,76,7,31.40495867768595,9.090909090909092,22.31404958677686,68.59504132231406,62.8099173553719,5.785123966942149
E00041435,148,36,12,24,112,98,14,24.324324324324326,8.108108108108109,16.216216216216218,75.67567567567568,66.21621621621621,9.45945945945946
E00041436,139,40,11,29,99,87,12,28.776978417266186,7.913669064748201,20.863309352517987,71.22302158273382,62.589928057553955,8.633093525179856
E00041437,71,23,5,18,48,42,6,32.3943661971831,7.042253521126761,25.352112676056336,67.6056338028169,59.154929577464785,8.450704225352112
E00041438,134,31,3,28,103,94,9,23.134328358208954,2.2388059701492535,20.8955223880597,76.86567164179104,70.1492537313433,6.7164179104477615
E00041439,98,26,9,17,72,63,9,26.53061224489796,9.183673469387756,17.346938775510203,73.46938775510205,64.28571428571429,9.183673469387756
E00041440,149,40,14,26,109,99,10,26.845637583892618,9.395973154362416,17.449664429530202,73.15436241610739,66.44295302013423,6.7114093959731544
E00041441,142,43,10,33,99,84,15,30.28169014084507,7.042253521126761,23.239436619718308,69.71830985915493,59.154929577464785,10.56338028169014
E00041442,122,32,11,21,90,76,14,26.229508196721312,9.01639344262295,17.21311475409836,73.77049180327869,62.295081967213115,11.475409836065573
E00041443,119,43,11,32,76,62,14,36.134453781512605,9.243697478991598,26.89075630252101,63.86554621848739,52.10084033613446,11.76470588235294
E00041444,161,45,8,37,116,100,16,27.95031055900621,4.968944099378882,22.981366459627328,72.04968944099379,62.11180124223602,9.937888198757763
E00041445,111,31,9,22,80,73,7,27.927927927927925,8.108108108108109,19.81981981981982,72.07207207207207,65.76576576576578,6.306306306306306
E00041446,136,27,9,18,109,102,7,19.852941176470587,6.61764705882353,13.23529411764706,80.14705882352942,75,5.147058823529411
E00041447,150,38,15,23,112,106,6,25.333333333333336,10,15.333333333333332,74.66666666666667,70.66666666666667,4
E00041448,99,22,7,15,77,73,4,22.22222222222222,7.07070707070707,15.151515151515152,77.77777777777779,73.73737373737373,4.040404040404041
E00041449,68,25,6,19,43,37,6,36.76470588235294,8.823529411764707,27.941176470588236,63.23529411764706,54.41176470588235,8.823529411764707
E00041450,122,36,9,27,86,73,13,29.508196721311474,7.377049180327869,22.131147540983605,70.49180327868852,59.83606557377049,10.655737704918032
E00041451,128,37,17,20,91,82,9,28.90625,13.28125,15.625,71.09375,64.0625,7.03125
E00041452,192,47,21,26,145,130,15,24.479166666666664,10.9375,13.541666666666666,75.52083333333334,67.70833333333334,7.8125
E00041453,284,49,21,28,235,212,23,17.253521126760564,7.394366197183098,9.859154929577464,82.74647887323944,74.64788732394366,8.098591549295776
E00041454,110,42,9,33,68,65,3,38.18181818181819,8.181818181818182,30,61.81818181818181,59.09090909090909,2.727272727272727
E00041455,132,32,5,27,100,87,13,24.242424242424242,3.787878787878788,20.454545454545457,75.75757575757575,65.9090909090909,9.848484848484848
E00041456,88,28,12,16,60,59,1,31.818181818181817,13.636363636363635,18.181818181818183,68.18181818181817,67.04545454545455,1.1363636363636365
E00041457,93,32,5,27,61,52,9,34.40860215053764,5.376344086021505,29.03225806451613,65.59139784946237,55.91397849462365,9.67741935483871
E00041458,123,37,5,32,86,72,14,30.081300813008134,4.0650406504065035,26.01626016260163,69.91869918699187,58.536585365853654,11.38211382113821
E00041459,115,31,11,20,84,68,16,26.956521739130434,9.565217391304348,17.391304347826086,73.04347826086956,59.130434782608695,13.91304347826087
E00041460,223,58,18,40,165,133,32,26.00896860986547,8.071748878923767,17.937219730941703,73.99103139013454,59.64125560538116,14.349775784753364
E00041461,178,44,8,36,134,119,15,24.719101123595504,4.49438202247191,20.224719101123593,75.28089887640449,66.85393258426966,8.426966292134832
E00041462,102,31,11,20,71,61,10,30.392156862745097,10.784313725490197,19.607843137254903,69.6078431372549,59.80392156862745,9.803921568627452
E00041463,122,35,6,29,87,78,9,28.688524590163933,4.918032786885246,23.770491803278688,71.31147540983606,63.934426229508205,7.377049180327869
E00041464,171,49,13,36,122,109,13,28.654970760233915,7.602339181286549,21.052631578947366,71.34502923976608,63.74269005847953,7.602339181286549
E00041465,105,31,6,25,74,65,9,29.523809523809526,5.714285714285714,23.809523809523807,70.47619047619048,61.904761904761905,8.571428571428571
E00041466,137,33,16,17,104,95,9,24.087591240875913,11.678832116788321,12.408759124087592,75.91240875912408,69.34306569343066,6.569343065693431
E00041467,149,40,7,33,109,97,12,26.845637583892618,4.697986577181208,22.14765100671141,73.15436241610739,65.1006711409396,8.053691275167784
E00041468,148,36,10,26,112,94,18,24.324324324324326,6.756756756756757,17.56756756756757,75.67567567567568,63.51351351351351,12.162162162162163
E00041469,77,13,2,11,64,53,11,16.883116883116884,2.5974025974025974,14.285714285714285,83.11688311688312,68.83116883116884,14.285714285714285
E00041470,126,31,10,21,95,84,11,24.6031746031746,7.936507936507936,16.666666666666664,75.39682539682539,66.66666666666666,8.73015873015873
E00041471,134,43,17,26,91,80,11,32.08955223880597,12.686567164179104,19.402985074626866,67.91044776119402,59.70149253731343,8.208955223880597
E00041472,178,39,12,27,139,118,21,21.910112359550563,6.741573033707865,15.168539325842698,78.08988764044943,66.29213483146067,11.797752808988763
E00041473,160,43,12,31,117,108,9,26.875,7.5,19.375,73.125,67.5,5.625
E00041474,125,34,12,22,91,82,9,27.200000000000003,9.6,17.599999999999998,72.8,65.60000000000001,7.199999999999999
E00041475,127,44,12,32,83,73,10,34.645669291338585,9.448818897637794,25.196850393700785,65.35433070866141,57.48031496062992,7.874015748031496
E00041476,120,29,12,17,91,75,16,24.166666666666668,10,14.166666666666666,75.83333333333333,62.5,13.333333333333334
E00041477,160,39,11,28,121,103,18,24.375,6.875000000000001,17.5,75.625,64.375,11.25
E00041478,105,26,8,18,79,66,13,24.761904761904763,7.6190476190476195,17.142857142857142,75.23809523809524,62.857142857142854,12.380952380952381
E00041479,44,10,2,8,34,29,5,22.727272727272727,4.545454545454546,18.181818181818183,77.27272727272727,65.9090909090909,11.363636363636363
E00041480,105,37,7,30,68,60,8,35.23809523809524,6.666666666666667,28.57142857142857,64.76190476190476,57.14285714285714,7.6190476190476195
E00041481,97,49,23,26,48,42,6,50.51546391752577,23.711340206185564,26.804123711340207,49.48453608247423,43.29896907216495,6.185567010309279
E00041482,106,29,9,20,77,69,8,27.358490566037734,8.49056603773585,18.867924528301888,72.64150943396226,65.09433962264151,7.547169811320755
E00041483,70,26,11,15,44,39,5,37.142857142857146,15.714285714285714,21.428571428571427,62.857142857142854,55.714285714285715,7.142857142857142
E00041485,136,40,17,23,96,87,9,29.411764705882355,12.5,16.911764705882355,70.58823529411765,63.970588235294116,6.61764705882353
E00041486,123,42,17,25,81,74,7,34.146341463414636,13.821138211382115,20.32520325203252,65.85365853658537,60.16260162601627,5.691056910569105
E00041487,126,37,15,22,89,78,11,29.365079365079367,11.904761904761903,17.46031746031746,70.63492063492063,61.904761904761905,8.73015873015873
E00041488,77,23,3,20,54,45,9,29.87012987012987,3.896103896103896,25.97402597402597,70.12987012987013,58.44155844155844,11.688311688311687
E00041489,142,42,17,25,100,85,15,29.577464788732392,11.971830985915492,17.6056338028169,70.4225352112676,59.859154929577464,10.56338028169014
E00041490,117,41,6,35,76,66,10,35.04273504273504,5.128205128205128,29.914529914529915,64.95726495726495,56.41025641025641,8.547008547008547
E00041491,118,25,7,18,93,80,13,21.1864406779661,5.932203389830509,15.254237288135593,78.8135593220339,67.79661016949152,11.016949152542372
E00041492,122,49,18,31,73,61,12,40.16393442622951,14.754098360655737,25.40983606557377,59.83606557377049,50,9.836065573770492
E00041493,109,34,13,21,75,60,15,31.19266055045872,11.926605504587156,19.26605504587156,68.80733944954129,55.04587155963303,13.761467889908257
E00041494,70,26,6,20,44,44,0,37.142857142857146,8.571428571428571,28.57142857142857,62.857142857142854,62.857142857142854,0
E00041495,156,39,10,29,117,102,15,25,6.41025641025641,18.58974358974359,75,65.38461538461539,9.615384615384617
E00041496,100,28,4,24,72,59,13,28.000000000000004,4,24,72,59,13
E00041497,105,37,12,25,68,63,5,35.23809523809524,11.428571428571429,23.809523809523807,64.76190476190476,60,4.761904761904762
E00041498,201,53,15,38,148,129,19,26.368159203980102,7.462686567164178,18.90547263681592,73.6318407960199,64.17910447761194,9.45273631840796
E00041499,66,31,12,19,35,32,3,46.96969696969697,18.181818181818183,28.78787878787879,53.03030303030303,48.484848484848484,4.545454545454546
E00041500,75,26,11,15,49,45,4,34.66666666666667,14.666666666666666,20,65.33333333333333,60,5.333333333333334
E00041501,80,27,6,21,53,43,10,33.75,7.5,26.25,66.25,53.75,12.5
E00041502,107,25,3,22,82,76,6,23.364485981308412,2.803738317757009,20.5607476635514,76.63551401869158,71.02803738317756,5.607476635514018
E00041503,70,20,7,13,50,44,6,28.57142857142857,10,18.571428571428573,71.42857142857143,62.857142857142854,8.571428571428571
E00041504,142,41,15,26,101,82,19,28.87323943661972,10.56338028169014,18.30985915492958,71.12676056338029,57.74647887323944,13.380281690140844
E00041505,68,21,5,16,47,42,5,30.88235294117647,7.352941176470589,23.52941176470588,69.11764705882352,61.76470588235294,7.352941176470589
E00041506,132,39,14,25,93,77,16,29.545454545454547,10.606060606060606,18.939393939393938,70.45454545454545,58.333333333333336,12.121212121212121
E00041507,181,56,17,39,125,116,9,30.939226519337016,9.392265193370166,21.54696132596685,69.06077348066299,64.08839779005525,4.972375690607735
E00041508,96,26,6,20,70,66,4,27.083333333333332,6.25,20.833333333333336,72.91666666666666,68.75,4.166666666666666
E00041509,107,25,6,19,82,76,6,23.364485981308412,5.607476635514018,17.75700934579439,76.63551401869158,71.02803738317756,5.607476635514018
E00041510,133,38,11,27,95,89,6,28.57142857142857,8.270676691729323,20.30075187969925,71.42857142857143,66.9172932330827,4.511278195488721
E00041511,106,33,12,21,73,66,7,31.132075471698112,11.320754716981133,19.81132075471698,68.86792452830188,62.264150943396224,6.60377358490566
E00041512,145,49,17,32,96,85,11,33.793103448275865,11.724137931034482,22.06896551724138,66.20689655172414,58.620689655172406,7.586206896551724
E00041513,131,34,10,24,97,89,8,25.954198473282442,7.633587786259542,18.3206106870229,74.04580152671755,67.93893129770993,6.106870229007633
E00041514,153,38,11,27,115,105,10,24.836601307189543,7.18954248366013,17.647058823529413,75.16339869281046,68.62745098039215,6.535947712418301
E00041515,125,36,13,23,89,78,11,28.799999999999997,10.4,18.4,71.2,62.4,8.799999999999999
E00041516,128,36,12,24,92,85,7,28.125,9.375,18.75,71.875,66.40625,5.46875
E00041517,121,27,10,17,94,83,11,22.31404958677686,8.264462809917356,14.049586776859504,77.68595041322314,68.59504132231406,9.090909090909092
E00041518,123,38,10,28,85,74,11,30.89430894308943,8.130081300813007,22.76422764227642,69.10569105691057,60.16260162601627,8.94308943089431
E00041519,158,37,7,30,121,105,16,23.417721518987342,4.430379746835443,18.9873417721519,76.58227848101265,66.45569620253164,10.126582278481013
E00041520,129,40,7,33,89,82,7,31.007751937984494,5.426356589147287,25.581395348837212,68.9922480620155,63.565891472868216,5.426356589147287
E00041521,83,24,7,17,59,50,9,28.915662650602407,8.433734939759036,20.481927710843372,71.08433734939759,60.24096385542169,10.843373493975903
E00041522,111,34,8,26,77,69,8,30.630630630630627,7.207207207207207,23.423423423423422,69.36936936936937,62.16216216216216,7.207207207207207
E00041523,129,40,6,34,89,80,9,31.007751937984494,4.651162790697675,26.356589147286826,68.9922480620155,62.01550387596899,6.976744186046512
E00041524,132,30,6,24,102,91,11,22.727272727272727,4.545454545454546,18.181818181818183,77.27272727272727,68.93939393939394,8.333333333333332
E00041525,96,24,10,14,72,63,9,25,10.416666666666668,14.583333333333334,75,65.625,9.375
E00041526,104,29,7,22,75,70,5,27.884615384615387,6.730769230769231,21.153846153846153,72.11538461538461,67.3076923076923,4.807692307692308
E00041527,107,31,10,21,76,64,12,28.971962616822427,9.345794392523365,19.626168224299064,71.02803738317756,59.813084112149525,11.214953271028037
E00041528,138,34,9,25,104,91,13,24.637681159420293,6.521739130434782,18.115942028985508,75.36231884057972,65.94202898550725,9.420289855072465
E00041529,67,30,5,25,37,34,3,44.776119402985074,7.462686567164178,37.3134328358209,55.223880597014926,50.74626865671642,4.477611940298507
E00041530,67,20,7,13,47,39,8,29.850746268656714,10.44776119402985,19.402985074626866,70.1492537313433,58.2089552238806,11.940298507462686
E00041531,88,23,9,14,65,64,1,26.136363636363637,10.227272727272728,15.909090909090908,73.86363636363636,72.72727272727273,1.1363636363636365
E00041532,121,43,11,32,78,73,5,35.53719008264463,9.090909090909092,26.446280991735538,64.46280991735537,60.33057851239669,4.132231404958678
E00041533,46,14,4,10,32,31,1,30.434782608695656,8.695652173913043,21.73913043478261,69.56521739130434,67.3913043478261,2.1739130434782608
E00041534,87,28,11,17,59,54,5,32.18390804597701,12.643678160919542,19.54022988505747,67.81609195402298,62.06896551724138,5.747126436781609
E00041535,121,49,9,40,72,70,2,40.49586776859504,7.43801652892562,33.057851239669425,59.50413223140496,57.85123966942148,1.6528925619834711
E00041536,160,51,11,40,109,92,17,31.874999999999996,6.875000000000001,25,68.125,57.49999999999999,10.625
E00041537,157,38,16,22,119,108,11,24.203821656050955,10.191082802547772,14.012738853503185,75.79617834394905,68.78980891719745,7.006369426751593
E00041538,125,33,14,19,92,86,6,26.400000000000002,11.200000000000001,15.2,73.6,68.8,4.8
E00041539,101,29,11,18,72,67,5,28.71287128712871,10.891089108910892,17.82178217821782,71.28712871287128,66.33663366336634,4.9504950495049505
E00041540,255,39,15,24,216,193,23,15.294117647058824,5.88235294117647,9.411764705882353,84.70588235294117,75.68627450980392,9.019607843137255
E00041541,115,38,11,27,77,69,8,33.04347826086956,9.565217391304348,23.47826086956522,66.95652173913044,60,6.956521739130435
E00041542,92,23,6,17,69,64,5,25,6.521739130434782,18.478260869565215,75,69.56521739130434,5.434782608695652
E00041543,104,33,3,30,71,68,3,31.73076923076923,2.8846153846153846,28.846153846153843,68.26923076923077,65.38461538461539,2.8846153846153846
E00041545,92,34,11,23,58,55,3,36.95652173913043,11.956521739130435,25,63.04347826086957,59.78260869565217,3.260869565217391
E00041546,127,34,8,26,93,80,13,26.77165354330709,6.299212598425196,20.47244094488189,73.22834645669292,62.99212598425197,10.236220472440944
E00041547,197,47,16,31,150,115,35,23.85786802030457,8.121827411167512,15.736040609137056,76.14213197969542,58.37563451776649,17.766497461928935
E00041549,185,66,15,51,119,99,20,35.67567567567568,8.108108108108109,27.56756756756757,64.32432432432432,53.51351351351351,10.81081081081081
E00041550,152,44,9,35,108,95,13,28.947368421052634,5.921052631578947,23.026315789473685,71.05263157894737,62.5,8.552631578947368
E00041551,157,47,19,28,110,97,13,29.936305732484076,12.101910828025478,17.8343949044586,70.06369426751591,61.78343949044586,8.280254777070063
E00041552,172,42,16,26,130,108,22,24.418604651162788,9.30232558139535,15.11627906976744,75.5813953488372,62.7906976744186,12.790697674418606
E00041553,155,42,9,33,113,103,10,27.09677419354839,5.806451612903226,21.29032258064516,72.90322580645162,66.45161290322581,6.451612903225806
E00041554,112,27,8,19,85,70,15,24.107142857142858,7.142857142857142,16.964285714285715,75.89285714285714,62.5,13.392857142857142
E00041555,132,39,12,27,93,72,21,29.545454545454547,9.090909090909092,20.454545454545457,70.45454545454545,54.54545454545454,15.909090909090908
E00041556,99,32,7,25,67,60,7,32.323232323232325,7.07070707070707,25.252525252525253,67.67676767676768,60.60606060606061,7.07070707070707
E00041557,296,81,26,55,215,182,33,27.364864864864863,8.783783783783784,18.58108108108108,72.63513513513513,61.48648648648649,11.14864864864865
E00041558,128,38,8,30,90,79,11,29.6875,6.25,23.4375,70.3125,61.71875,8.59375
E00041559,105,32,10,22,73,66,7,30.476190476190478,9.523809523809524,20.952380952380953,69.52380952380952,62.857142857142854,6.666666666666667
E00041560,78,23,3,20,55,49,6,29.48717948717949,3.8461538461538463,25.64102564102564,70.51282051282051,62.82051282051282,7.6923076923076925
E00041561,121,37,11,26,84,65,19,30.57851239669421,9.090909090909092,21.487603305785125,69.42148760330579,53.71900826446281,15.702479338842975
E00041562,170,59,23,36,111,98,13,34.705882352941174,13.529411764705882,21.176470588235293,65.29411764705883,57.647058823529406,7.647058823529412
E00041563,132,38,13,25,94,87,7,28.78787878787879,9.848484848484848,18.939393939393938,71.21212121212122,65.9090909090909,5.303030303030303
E00041564,224,55,19,36,169,148,21,24.553571428571427,8.482142857142858,16.071428571428573,75.44642857142857,66.07142857142857,9.375
E00041565,109,36,13,23,73,63,10,33.02752293577982,11.926605504587156,21.100917431192663,66.97247706422019,57.798165137614674,9.174311926605505
E00041566,209,49,11,38,160,144,16,23.444976076555022,5.263157894736842,18.181818181818183,76.55502392344498,68.89952153110048,7.655502392344498
E00041567,95,26,11,15,69,59,10,27.368421052631582,11.578947368421053,15.789473684210526,72.63157894736842,62.10526315789474,10.526315789473683
E00041568,127,33,11,22,94,87,7,25.984251968503933,8.661417322834646,17.322834645669293,74.01574803149606,68.50393700787401,5.511811023622047
E00041569,121,27,10,17,94,80,14,22.31404958677686,8.264462809917356,14.049586776859504,77.68595041322314,66.11570247933885,11.570247933884298
E00041570,139,44,16,28,95,91,4,31.654676258992804,11.510791366906476,20.14388489208633,68.34532374100719,65.46762589928058,2.877697841726619
E00041571,81,26,8,18,55,48,7,32.098765432098766,9.876543209876543,22.22222222222222,67.90123456790124,59.25925925925925,8.641975308641975
E00041572,91,32,6,26,59,58,1,35.16483516483517,6.593406593406594,28.57142857142857,64.83516483516483,63.73626373626373,1.098901098901099
E00041573,147,43,5,38,104,91,13,29.25170068027211,3.4013605442176873,25.850340136054424,70.74829931972789,61.904761904761905,8.843537414965986
E00041574,106,44,7,37,62,56,6,41.509433962264154,6.60377358490566,34.90566037735849,58.490566037735846,52.83018867924528,5.660377358490567
E00041575,103,30,5,25,73,58,15,29.126213592233007,4.854368932038835,24.271844660194176,70.87378640776699,56.310679611650485,14.563106796116504
E00041576,107,32,11,21,75,56,19,29.906542056074763,10.2803738317757,19.626168224299064,70.09345794392523,52.336448598130836,17.75700934579439
E00041577,124,32,11,21,92,84,8,25.806451612903224,8.870967741935484,16.93548387096774,74.19354838709677,67.74193548387096,6.451612903225806
E00041578,167,36,7,29,131,103,28,21.55688622754491,4.191616766467066,17.365269461077844,78.44311377245509,61.67664670658682,16.766467065868262
E00041579,121,52,15,37,69,63,6,42.97520661157025,12.396694214876034,30.57851239669421,57.02479338842975,52.066115702479344,4.958677685950414
E00041580,82,28,5,23,54,51,3,34.146341463414636,6.097560975609756,28.04878048780488,65.85365853658537,62.19512195121951,3.6585365853658534
E00041581,101,31,7,24,70,58,12,30.693069306930692,6.9306930693069315,23.762376237623762,69.3069306930693,57.42574257425742,11.881188118811881
E00041582,112,42,11,31,70,61,9,37.5,9.821428571428571,27.67857142857143,62.5,54.46428571428571,8.035714285714286
E00041583,107,25,8,17,82,72,10,23.364485981308412,7.476635514018691,15.887850467289718,76.63551401869158,67.28971962616822,9.345794392523365
E00041584,98,44,10,34,54,54,0,44.89795918367347,10.204081632653061,34.69387755102041,55.10204081632652,55.10204081632652,0
E00041585,131,51,15,36,80,71,9,38.93129770992366,11.450381679389313,27.480916030534353,61.06870229007634,54.19847328244275,6.870229007633588
E00041586,129,44,13,31,85,85,0,34.10852713178294,10.077519379844961,24.031007751937985,65.89147286821705,65.89147286821705,0
E00041587,121,32,13,19,89,78,11,26.446280991735538,10.743801652892563,15.702479338842975,73.55371900826447,64.46280991735537,9.090909090909092
E00041588,74,34,6,28,40,36,4,45.94594594594595,8.108108108108109,37.83783783783784,54.054054054054056,48.64864864864865,5.405405405405405
E00041589,114,37,10,27,77,69,8,32.45614035087719,8.771929824561402,23.684210526315788,67.54385964912281,60.526315789473685,7.017543859649122
E00041590,85,33,8,25,52,48,4,38.82352941176471,9.411764705882353,29.411764705882355,61.1764705882353,56.470588235294116,4.705882352941177
E00041591,189,49,6,43,140,123,17,25.925925925925924,3.1746031746031744,22.75132275132275,74.07407407407408,65.07936507936508,8.994708994708994
E00041592,123,31,11,20,92,84,8,25.203252032520325,8.94308943089431,16.260162601626014,74.79674796747967,68.29268292682927,6.504065040650407
E00041593,80,19,4,15,61,56,5,23.75,5,18.75,76.25,70,6.25
E00041594,157,29,5,24,128,112,16,18.471337579617835,3.1847133757961785,15.286624203821656,81.52866242038218,71.3375796178344,10.191082802547772
E00041595,114,29,11,18,85,81,4,25.438596491228072,9.649122807017543,15.789473684210526,74.56140350877193,71.05263157894737,3.508771929824561
E00041596,104,31,8,23,73,66,7,29.807692307692307,7.6923076923076925,22.115384615384613,70.1923076923077,63.46153846153846,6.730769230769231
E00041597,127,38,12,26,89,83,6,29.92125984251969,9.448818897637794,20.47244094488189,70.07874015748031,65.35433070866141,4.724409448818897
E00041598,153,33,9,24,120,104,16,21.568627450980394,5.88235294117647,15.686274509803921,78.43137254901961,67.97385620915033,10.457516339869281
E00041599,134,49,17,32,85,79,6,36.56716417910448,12.686567164179104,23.88059701492537,63.43283582089553,58.95522388059702,4.477611940298507
E00041600,102,36,15,21,66,61,5,35.294117647058826,14.705882352941178,20.588235294117645,64.70588235294117,59.80392156862745,4.901960784313726
E00041601,121,38,5,33,83,67,16,31.40495867768595,4.132231404958678,27.27272727272727,68.59504132231406,55.371900826446286,13.223140495867769
E00041602,155,46,13,33,109,97,12,29.677419354838708,8.38709677419355,21.29032258064516,70.3225806451613,62.58064516129033,7.741935483870968
E00041603,130,38,11,27,92,85,7,29.230769230769234,8.461538461538462,20.76923076923077,70.76923076923077,65.38461538461539,5.384615384615385
E00041604,116,42,15,27,74,69,5,36.206896551724135,12.931034482758621,23.275862068965516,63.793103448275865,59.48275862068966,4.310344827586207
E00041605,153,40,9,31,113,102,11,26.143790849673206,5.88235294117647,20.26143790849673,73.8562091503268,66.66666666666666,7.18954248366013
E00041606,144,41,11,30,103,92,11,28.47222222222222,7.638888888888889,20.833333333333336,71.52777777777779,63.888888888888886,7.638888888888889
E00041607,107,22,10,12,85,74,11,20.5607476635514,9.345794392523365,11.214953271028037,79.43925233644859,69.1588785046729,10.2803738317757
E00041608,105,36,8,28,69,58,11,34.285714285714285,7.6190476190476195,26.666666666666668,65.71428571428571,55.23809523809524,10.476190476190476
E00041610,142,53,21,32,89,83,6,37.32394366197183,14.788732394366196,22.535211267605636,62.676056338028175,58.45070422535211,4.225352112676056
E00041611,117,29,7,22,88,69,19,24.786324786324787,5.982905982905983,18.803418803418804,75.21367521367522,58.97435897435898,16.23931623931624
E00041612,128,27,3,24,101,86,15,21.09375,2.34375,18.75,78.90625,67.1875,11.71875
E00041614,96,23,7,16,73,62,11,23.958333333333336,7.291666666666667,16.666666666666664,76.04166666666666,64.58333333333334,11.458333333333332
E00041615,125,34,12,22,91,82,9,27.200000000000003,9.6,17.599999999999998,72.8,65.60000000000001,7.199999999999999
E00041616,103,24,9,15,79,71,8,23.300970873786408,8.737864077669903,14.563106796116504,76.69902912621359,68.93203883495146,7.766990291262135
E00041617,161,38,10,28,123,110,13,23.60248447204969,6.211180124223603,17.391304347826086,76.3975155279503,68.32298136645963,8.074534161490684
E00041618,138,37,10,27,101,92,9,26.811594202898554,7.246376811594203,19.565217391304348,73.18840579710145,66.66666666666666,6.521739130434782
E00041619,87,31,7,24,56,48,8,35.63218390804598,8.045977011494253,27.586206896551722,64.36781609195403,55.172413793103445,9.195402298850574
E00041620,144,43,10,33,101,89,12,29.86111111111111,6.944444444444445,22.916666666666664,70.13888888888889,61.80555555555556,8.333333333333332
E00041621,110,30,5,25,80,73,7,27.27272727272727,4.545454545454546,22.727272727272727,72.72727272727273,66.36363636363637,6.363636363636363
E00041622,126,27,5,22,99,87,12,21.428571428571427,3.968253968253968,17.46031746031746,78.57142857142857,69.04761904761905,9.523809523809524
E00041623,142,45,12,33,97,92,5,31.690140845070424,8.450704225352112,23.239436619718308,68.30985915492957,64.7887323943662,3.5211267605633805
E00041624,152,49,20,29,103,86,17,32.23684210526316,13.157894736842104,19.078947368421055,67.76315789473685,56.57894736842105,11.18421052631579
E00041625,107,29,7,22,78,72,6,27.102803738317753,6.5420560747663545,20.5607476635514,72.89719626168224,67.28971962616822,5.607476635514018
E00041626,136,34,11,23,102,90,12,25,8.088235294117647,16.911764705882355,75,66.17647058823529,8.823529411764707
E00041627,105,31,8,23,74,66,8,29.523809523809526,7.6190476190476195,21.904761904761905,70.47619047619048,62.857142857142854,7.6190476190476195
E00041629,126,35,18,17,91,85,6,27.77777777777778,14.285714285714285,13.492063492063492,72.22222222222221,67.46031746031747,4.761904761904762
E00041630,141,42,6,36,99,94,5,29.78723404255319,4.25531914893617,25.53191489361702,70.2127659574468,66.66666666666666,3.546099290780142
E00041631,106,38,13,25,68,61,7,35.84905660377358,12.264150943396226,23.58490566037736,64.15094339622641,57.54716981132076,6.60377358490566
E00041632,110,39,13,26,71,66,5,35.45454545454545,11.818181818181818,23.636363636363637,64.54545454545455,60,4.545454545454546
E00041633,129,35,10,25,94,83,11,27.131782945736433,7.751937984496124,19.379844961240313,72.86821705426357,64.34108527131784,8.527131782945736
E00041634,68,23,4,19,45,40,5,33.82352941176471,5.88235294117647,27.941176470588236,66.17647058823529,58.82352941176471,7.352941176470589
E00041635,113,42,10,32,71,63,8,37.16814159292036,8.849557522123893,28.31858407079646,62.83185840707964,55.75221238938053,7.079646017699115
E00041636,211,48,15,33,163,139,24,22.748815165876778,7.109004739336493,15.639810426540285,77.25118483412322,65.87677725118483,11.374407582938389
E00041637,44,20,8,12,24,24,0,45.45454545454545,18.181818181818183,27.27272727272727,54.54545454545454,54.54545454545454,0
E00041638,94,37,6,31,57,49,8,39.361702127659576,6.382978723404255,32.97872340425532,60.63829787234043,52.12765957446809,8.51063829787234
E00041639,115,28,11,17,87,80,7,24.347826086956523,9.565217391304348,14.782608695652174,75.65217391304347,69.56521739130434,6.086956521739131
E00041640,176,53,16,37,123,114,9,30.113636363636363,9.090909090909092,21.022727272727273,69.88636363636364,64.77272727272727,5.113636363636364
E00041641,109,38,16,22,71,64,7,34.862385321100916,14.678899082568808,20.18348623853211,65.13761467889908,58.71559633027523,6.422018348623854
E00041642,122,44,9,35,78,75,3,36.0655737704918,7.377049180327869,28.688524590163933,63.934426229508205,61.47540983606557,2.459016393442623
E00041643,92,27,8,19,65,55,10,29.347826086956523,8.695652173913043,20.652173913043477,70.65217391304348,59.78260869565217,10.869565217391305
E00041644,100,26,0,26,74,70,4,26,0,26,74,70,4
E00041645,165,47,13,34,118,102,16,28.484848484848484,7.878787878787878,20.606060606060606,71.51515151515152,61.81818181818181,9.696969696969697
E00041646,66,32,6,26,34,30,4,48.484848484848484,9.090909090909092,39.39393939393939,51.515151515151516,45.45454545454545,6.0606060606060606
E00041647,60,19,5,14,41,38,3,31.666666666666664,8.333333333333332,23.333333333333332,68.33333333333333,63.33333333333333,5
E00041648,86,41,8,33,45,41,4,47.674418604651166,9.30232558139535,38.372093023255815,52.32558139534884,47.674418604651166,4.651162790697675
E00041649,209,64,16,48,145,132,13,30.62200956937799,7.655502392344498,22.966507177033492,69.377990430622,63.1578947368421,6.220095693779904
E00041650,44,14,4,10,30,30,0,31.818181818181817,9.090909090909092,22.727272727272727,68.18181818181817,68.18181818181817,0
E00041651,73,18,0,18,55,53,2,24.65753424657534,0,24.65753424657534,75.34246575342466,72.6027397260274,2.73972602739726
E00041652,119,42,10,32,77,76,1,35.294117647058826,8.403361344537815,26.89075630252101,64.70588235294117,63.86554621848739,0.8403361344537815
E00041653,74,18,5,13,56,50,6,24.324324324324326,6.756756756756757,17.56756756756757,75.67567567567568,67.56756756756756,8.108108108108109
E00041654,52,15,4,11,37,27,10,28.846153846153843,7.6923076923076925,21.153846153846153,71.15384615384616,51.92307692307693,19.230769230769234
E00041657,105,33,10,23,72,67,5,31.428571428571427,9.523809523809524,21.904761904761905,68.57142857142857,63.8095238095238,4.761904761904762
E00041658,79,30,8,22,49,42,7,37.9746835443038,10.126582278481013,27.848101265822784,62.0253164556962,53.16455696202531,8.860759493670885
E00041659,94,27,6,21,67,62,5,28.723404255319153,6.382978723404255,22.340425531914892,71.27659574468085,65.95744680851064,5.319148936170213
E00041660,94,21,9,12,73,62,11,22.340425531914892,9.574468085106384,12.76595744680851,77.6595744680851,65.95744680851064,11.702127659574469
E00041661,175,48,14,34,127,111,16,27.42857142857143,8,19.428571428571427,72.57142857142857,63.42857142857142,9.142857142857142
E00041662,130,34,9,25,96,89,7,26.153846153846157,6.923076923076923,19.230769230769234,73.84615384615385,68.46153846153847,5.384615384615385
E00041663,66,25,7,18,41,41,0,37.878787878787875,10.606060606060606,27.27272727272727,62.121212121212125,62.121212121212125,0
E00041665,267,65,22,43,202,187,15,24.344569288389515,8.239700374531834,16.10486891385768,75.65543071161048,70.0374531835206,5.617977528089887
E00041666,83,33,11,22,50,47,3,39.75903614457831,13.253012048192772,26.506024096385545,60.24096385542169,56.62650602409639,3.614457831325301
E00041667,54,15,3,12,39,35,4,27.77777777777778,5.555555555555555,22.22222222222222,72.22222222222221,64.81481481481481,7.4074074074074066
E00041668,91,27,3,24,64,59,5,29.67032967032967,3.296703296703297,26.373626373626376,70.32967032967034,64.83516483516483,5.4945054945054945
E00041670,162,50,16,34,112,106,6,30.864197530864196,9.876543209876543,20.98765432098765,69.1358024691358,65.4320987654321,3.7037037037037033
E00041671,156,50,16,34,106,97,9,32.05128205128205,10.256410256410255,21.794871794871796,67.94871794871796,62.17948717948718,5.769230769230769
E00041672,124,48,12,36,76,72,4,38.70967741935484,9.67741935483871,29.03225806451613,61.29032258064516,58.06451612903226,3.225806451612903
E00041675,109,34,6,28,75,69,6,31.19266055045872,5.5045871559633035,25.688073394495415,68.80733944954129,63.30275229357798,5.5045871559633035
E00041676,130,48,9,39,82,78,4,36.92307692307693,6.923076923076923,30,63.07692307692307,60,3.076923076923077
E00041677,113,19,10,9,94,86,8,16.8141592920354,8.849557522123893,7.964601769911504,83.1858407079646,76.10619469026548,7.079646017699115
E00041678,77,26,8,18,51,46,5,33.76623376623377,10.38961038961039,23.376623376623375,66.23376623376623,59.74025974025974,6.493506493506493
E00041679,139,48,13,35,91,84,7,34.53237410071942,9.352517985611511,25.179856115107913,65.46762589928058,60.431654676258994,5.0359712230215825
E00041680,132,48,10,38,84,78,6,36.36363636363637,7.575757575757576,28.78787878787879,63.63636363636363,59.09090909090909,4.545454545454546
E00041681,46,12,3,9,34,33,1,26.08695652173913,6.521739130434782,19.565217391304348,73.91304347826086,71.73913043478261,2.1739130434782608
E00041682,105,39,11,28,66,65,1,37.142857142857146,10.476190476190476,26.666666666666668,62.857142857142854,61.904761904761905,0.9523809523809524
E00041683,98,38,12,26,60,54,6,38.775510204081634,12.244897959183673,26.53061224489796,61.224489795918366,55.10204081632652,6.122448979591836
E00041684,45,13,3,10,32,30,2,28.888888888888886,6.666666666666667,22.22222222222222,71.11111111111111,66.66666666666666,4.444444444444445
E00041685,101,41,8,33,60,53,7,40.5940594059406,7.920792079207921,32.67326732673268,59.4059405940594,52.475247524752476,6.9306930693069315
E00041686,97,29,6,23,68,63,5,29.896907216494846,6.185567010309279,23.711340206185564,70.10309278350515,64.94845360824742,5.154639175257731
E00041687,85,34,12,22,51,46,5,40,14.117647058823529,25.882352941176475,60,54.11764705882353,5.88235294117647
E00041688,118,38,8,30,80,76,4,32.20338983050847,6.779661016949152,25.423728813559322,67.79661016949152,64.40677966101694,3.389830508474576
E00041689,127,39,14,25,88,75,13,30.708661417322837,11.023622047244094,19.68503937007874,69.29133858267717,59.055118110236215,10.236220472440944
E00041690,88,18,5,13,70,65,5,20.454545454545457,5.681818181818182,14.772727272727273,79.54545454545455,73.86363636363636,5.681818181818182
E00041691,226,47,7,40,179,165,14,20.79646017699115,3.0973451327433628,17.699115044247787,79.20353982300885,73.00884955752213,6.1946902654867255
E00041693,114,40,11,29,74,71,3,35.08771929824561,9.649122807017543,25.438596491228072,64.91228070175438,62.28070175438597,2.631578947368421
E00041694,109,35,14,21,74,63,11,32.11009174311927,12.844036697247708,19.26605504587156,67.88990825688074,57.798165137614674,10.091743119266056
E00041695,111,30,10,20,81,71,10,27.027027027027028,9.00900900900901,18.01801801801802,72.97297297297297,63.96396396396396,9.00900900900901
E00041696,149,53,20,33,96,87,9,35.57046979865772,13.422818791946309,22.14765100671141,64.42953020134227,58.38926174496645,6.0402684563758395
E00041697,80,37,11,26,43,36,7,46.25,13.750000000000002,32.5,53.75,45,8.75
E00041698,145,47,16,31,98,87,11,32.41379310344827,11.03448275862069,21.379310344827587,67.58620689655173,60,7.586206896551724
E00041699,116,43,11,32,73,67,6,37.06896551724138,9.482758620689655,27.586206896551722,62.93103448275862,57.758620689655174,5.172413793103448
E00041700,66,21,7,14,45,45,0,31.818181818181817,10.606060606060606,21.21212121212121,68.18181818181817,68.18181818181817,0
E00041701,157,39,9,30,118,110,8,24.840764331210192,5.7324840764331215,19.10828025477707,75.15923566878982,70.06369426751591,5.095541401273886
E00041702,121,47,15,32,74,68,6,38.84297520661157,12.396694214876034,26.446280991735538,61.15702479338842,56.19834710743802,4.958677685950414
E00041703,94,29,10,19,65,56,9,30.851063829787233,10.638297872340425,20.212765957446805,69.14893617021278,59.57446808510638,9.574468085106384
E00041704,245,60,24,36,185,162,23,24.489795918367346,9.795918367346939,14.69387755102041,75.51020408163265,66.12244897959184,9.387755102040817
E00041705,123,28,8,20,95,78,17,22.76422764227642,6.504065040650407,16.260162601626014,77.23577235772358,63.41463414634146,13.821138211382115
E00041706,110,34,5,29,76,67,9,30.909090909090907,4.545454545454546,26.36363636363636,69.0909090909091,60.909090909090914,8.181818181818182
E00041707,134,27,13,14,107,93,14,20.149253731343283,9.701492537313433,10.44776119402985,79.8507462686567,69.40298507462687,10.44776119402985
E00041708,160,46,16,30,114,84,30,28.749999999999996,10,18.75,71.25,52.5,18.75
E00041709,104,29,12,17,75,65,10,27.884615384615387,11.538461538461538,16.346153846153847,72.11538461538461,62.5,9.615384615384617
E00041710,124,32,10,22,92,71,21,25.806451612903224,8.064516129032258,17.741935483870968,74.19354838709677,57.25806451612904,16.93548387096774
E00041711,106,36,16,20,70,58,12,33.9622641509434,15.09433962264151,18.867924528301888,66.0377358490566,54.71698113207547,11.320754716981133
E00041712,118,28,5,23,90,84,6,23.728813559322035,4.23728813559322,19.491525423728813,76.27118644067797,71.1864406779661,5.084745762711865
E00041713,181,52,14,38,129,110,19,28.7292817679558,7.734806629834254,20.994475138121548,71.27071823204419,60.773480662983424,10.497237569060774
E00041714,104,33,13,20,71,67,4,31.73076923076923,12.5,19.230769230769234,68.26923076923077,64.42307692307693,3.8461538461538463
E00041715,105,34,6,28,71,62,9,32.38095238095238,5.714285714285714,26.666666666666668,67.61904761904762,59.04761904761905,8.571428571428571
E00041716,122,30,9,21,92,79,13,24.59016393442623,7.377049180327869,17.21311475409836,75.40983606557377,64.75409836065575,10.655737704918032
E00041717,86,30,8,22,56,48,8,34.883720930232556,9.30232558139535,25.581395348837212,65.11627906976744,55.81395348837209,9.30232558139535
E00041718,127,51,13,38,76,70,6,40.15748031496063,10.236220472440944,29.92125984251969,59.84251968503938,55.118110236220474,4.724409448818897
E00041719,86,29,7,22,57,53,4,33.72093023255814,8.13953488372093,25.581395348837212,66.27906976744185,61.627906976744185,4.651162790697675
E00041720,109,26,5,21,83,70,13,23.853211009174313,4.587155963302752,19.26605504587156,76.14678899082568,64.22018348623854,11.926605504587156
E00041721,170,68,19,49,102,97,5,40,11.176470588235295,28.823529411764703,60,57.05882352941176,2.941176470588235
E00041722,100,21,5,16,79,68,11,21,5,16,79,68,11
E00041723,96,36,10,26,60,60,0,37.5,10.416666666666668,27.083333333333332,62.5,62.5,0
E00041724,105,36,11,25,69,62,7,34.285714285714285,10.476190476190476,23.809523809523807,65.71428571428571,59.04761904761905,6.666666666666667
E00041725,89,18,6,12,71,62,9,20.224719101123593,6.741573033707865,13.48314606741573,79.7752808988764,69.66292134831461,10.112359550561797
E00041726,158,31,12,19,127,115,12,19.62025316455696,7.59493670886076,12.025316455696203,80.37974683544303,72.78481012658227,7.59493670886076
E00041727,107,27,10,17,80,76,4,25.233644859813083,9.345794392523365,15.887850467289718,74.76635514018692,71.02803738317756,3.7383177570093453
E00041728,105,27,4,23,78,70,8,25.71428571428571,3.8095238095238098,21.904761904761905,74.28571428571429,66.66666666666666,7.6190476190476195
E00041729,86,21,2,19,65,55,10,24.418604651162788,2.3255813953488373,22.093023255813954,75.5813953488372,63.95348837209303,11.627906976744185
E00041730,103,27,6,21,76,71,5,26.21359223300971,5.825242718446602,20.388349514563107,73.7864077669903,68.93203883495146,4.854368932038835
E00041731,191,58,16,42,133,119,14,30.36649214659686,8.37696335078534,21.98952879581152,69.63350785340315,62.30366492146597,7.329842931937172
E00041732,55,9,1,8,46,38,8,16.363636363636363,1.8181818181818181,14.545454545454545,83.63636363636363,69.0909090909091,14.545454545454545
E00041733,122,26,10,16,96,84,12,21.311475409836063,8.19672131147541,13.114754098360656,78.68852459016394,68.85245901639344,9.836065573770492
E00041734,118,33,13,20,85,72,13,27.966101694915253,11.016949152542372,16.94915254237288,72.03389830508475,61.016949152542374,11.016949152542372
E00041735,130,32,9,23,98,89,9,24.615384615384617,6.923076923076923,17.692307692307693,75.38461538461539,68.46153846153847,6.923076923076923
E00041736,94,36,10,26,58,54,4,38.297872340425535,10.638297872340425,27.659574468085108,61.702127659574465,57.446808510638306,4.25531914893617
E00041737,115,28,5,23,87,77,10,24.347826086956523,4.3478260869565215,20,75.65217391304347,66.95652173913044,8.695652173913043
E00041738,148,42,13,29,106,98,8,28.37837837837838,8.783783783783784,19.594594594594593,71.62162162162163,66.21621621621621,5.405405405405405
E00041739,115,31,5,26,84,75,9,26.956521739130434,4.3478260869565215,22.608695652173914,73.04347826086956,65.21739130434783,7.82608695652174
E00041740,129,30,4,26,99,91,8,23.25581395348837,3.10077519379845,20.155038759689923,76.74418604651163,70.54263565891473,6.2015503875969
E00041741,107,48,16,32,59,56,3,44.85981308411215,14.953271028037381,29.906542056074763,55.140186915887845,52.336448598130836,2.803738317757009
E00041742,125,39,7,32,86,77,9,31.2,5.6000000000000005,25.6,68.8,61.6,7.199999999999999
E00041743,109,34,7,27,75,67,8,31.19266055045872,6.422018348623854,24.770642201834864,68.80733944954129,61.46788990825688,7.339449541284404
E00041744,108,47,13,34,61,57,4,43.51851851851852,12.037037037037036,31.48148148148148,56.481481481481474,52.77777777777778,3.7037037037037033
E00041745,121,46,19,27,75,70,5,38.01652892561984,15.702479338842975,22.31404958677686,61.98347107438017,57.85123966942148,4.132231404958678
E00041746,113,35,9,26,78,77,1,30.973451327433626,7.964601769911504,23.008849557522122,69.02654867256636,68.14159292035397,0.8849557522123894
E00041747,152,38,8,30,114,103,11,25,5.263157894736842,19.736842105263158,75,67.76315789473685,7.236842105263158
E00041748,195,54,14,40,141,127,14,27.692307692307693,7.179487179487179,20.51282051282051,72.3076923076923,65.12820512820512,7.179487179487179
E00041749,80,32,7,25,48,48,0,40,8.75,31.25,60,60,0
E00041750,78,20,9,11,58,49,9,25.64102564102564,11.538461538461538,14.102564102564102,74.35897435897436,62.82051282051282,11.538461538461538
E00041751,153,37,9,28,116,102,14,24.183006535947712,5.88235294117647,18.30065359477124,75.81699346405229,66.66666666666666,9.15032679738562
E00041752,123,24,5,19,99,87,12,19.51219512195122,4.0650406504065035,15.447154471544716,80.48780487804879,70.73170731707317,9.75609756097561
E00041753,162,51,13,38,111,95,16,31.48148148148148,8.024691358024691,23.456790123456788,68.51851851851852,58.64197530864198,9.876543209876543
E00041754,157,41,17,24,116,98,18,26.11464968152866,10.828025477707007,15.286624203821656,73.88535031847134,62.42038216560509,11.464968152866243
E00041755,187,55,16,39,132,120,12,29.411764705882355,8.55614973262032,20.855614973262032,70.58823529411765,64.171122994652407,6.417112299465241
E00041756,129,28,11,17,101,89,12,21.705426356589147,8.527131782945736,13.178294573643413,78.29457364341084,68.9922480620155,9.30232558139535
E00041757,171,51,17,34,120,100,20,29.82456140350877,9.941520467836257,19.883040935672515,70.17543859649122,58.47953216374269,11.695906432748536
E00041758,100,24,6,18,76,63,13,24,6,18,76,63,13
E00041759,174,54,8,46,120,106,14,31.03448275862069,4.597701149425287,26.436781609195403,68.96551724137932,60.91954022988506,8.045977011494253
E00041760,155,42,15,27,113,98,15,27.09677419354839,9.67741935483871,17.419354838709676,72.90322580645162,63.2258064516129,9.67741935483871
E00041761,148,35,11,24,113,90,23,23.64864864864865,7.4324324324324325,16.216216216216218,76.35135135135135,60.810810810810814,15.54054054054054
E00041762,117,23,6,17,94,81,13,19.65811965811966,5.128205128205128,14.529914529914532,80.34188034188034,69.23076923076923,11.11111111111111
E00041763,174,50,12,38,124,110,14,28.735632183908045,6.896551724137931,21.839080459770116,71.26436781609196,63.2183908045977,8.045977011494253
E00041764,134,37,10,27,97,82,15,27.611940298507463,7.462686567164178,20.149253731343283,72.38805970149254,61.19402985074627,11.194029850746269
E00041765,112,27,7,20,85,73,12,24.107142857142858,6.25,17.857142857142858,75.89285714285714,65.17857142857143,10.714285714285714
E00041766,120,33,8,25,87,76,11,27.500000000000004,6.666666666666667,20.833333333333336,72.5,63.33333333333333,9.166666666666666
E00041767,150,35,10,25,115,93,22,23.333333333333332,6.666666666666667,16.666666666666664,76.66666666666667,62,14.666666666666666
E00041768,135,37,9,28,98,84,14,27.40740740740741,6.666666666666667,20.74074074074074,72.5925925925926,62.22222222222222,10.37037037037037
E00041769,88,20,3,17,68,59,9,22.727272727272727,3.4090909090909087,19.318181818181817,77.27272727272727,67.04545454545455,10.227272727272728
E00041770,51,10,0,10,41,36,5,19.607843137254903,0,19.607843137254903,80.3921568627451,70.58823529411765,9.803921568627452
E00041771,186,52,10,42,134,116,18,27.956989247311824,5.376344086021505,22.58064516129032,72.04301075268818,62.365591397849464,9.67741935483871
E00041772,120,34,17,17,86,77,9,28.333333333333332,14.166666666666666,14.166666666666666,71.66666666666667,64.16666666666667,7.5
E00041773,167,36,10,26,131,115,16,21.55688622754491,5.9880239520958085,15.568862275449103,78.44311377245509,68.8622754491018,9.580838323353294
E00041774,150,37,11,26,113,97,16,24.666666666666668,7.333333333333333,17.333333333333336,75.33333333333333,64.66666666666666,10.666666666666668
E00041775,121,30,10,20,91,79,12,24.793388429752067,8.264462809917356,16.528925619834713,75.20661157024794,65.28925619834712,9.917355371900827
E00041776,145,50,20,30,95,76,19,34.48275862068966,13.793103448275861,20.689655172413794,65.51724137931035,52.41379310344828,13.10344827586207
E00041777,118,35,6,29,83,78,5,29.66101694915254,5.084745762711865,24.576271186440678,70.33898305084746,66.10169491525424,4.23728813559322
E00041778,176,38,14,24,138,121,17,21.59090909090909,7.954545454545454,13.636363636363635,78.4090909090909,68.75,9.659090909090908
E00041779,117,33,12,21,84,72,12,28.205128205128204,10.256410256410255,17.94871794871795,71.7948717948718,61.53846153846154,10.256410256410255
E00041780,176,53,18,35,123,103,20,30.113636363636363,10.227272727272728,19.886363636363637,69.88636363636364,58.52272727272727,11.363636363636363
E00041781,104,25,5,20,79,70,9,24.03846153846154,4.807692307692308,19.230769230769234,75.96153846153845,67.3076923076923,8.653846153846153
E00041782,128,25,11,14,103,92,11,19.53125,8.59375,10.9375,80.46875,71.875,8.59375
E00041783,155,44,17,27,111,95,16,28.387096774193548,10.967741935483872,17.419354838709676,71.61290322580646,61.29032258064516,10.32258064516129
E00041784,122,36,10,26,86,74,12,29.508196721311474,8.19672131147541,21.311475409836063,70.49180327868852,60.65573770491803,9.836065573770492
E00041785,113,25,4,21,88,81,7,22.123893805309734,3.5398230088495577,18.58407079646018,77.87610619469027,71.68141592920354,6.1946902654867255
E00041786,137,37,12,25,100,93,7,27.00729927007299,8.75912408759124,18.248175182481752,72.99270072992701,67.88321167883211,5.109489051094891
E00041787,126,36,14,22,90,84,6,28.57142857142857,11.11111111111111,17.46031746031746,71.42857142857143,66.66666666666666,4.761904761904762
E00041788,136,44,11,33,92,85,7,32.35294117647059,8.088235294117647,24.264705882352942,67.64705882352942,62.5,5.147058823529411
E00041789,125,23,6,17,102,90,12,18.4,4.8,13.600000000000001,81.6,72,9.6
E00041790,108,31,5,26,77,68,9,28.703703703703702,4.62962962962963,24.074074074074073,71.29629629629629,62.96296296296296,8.333333333333332
E00041791,99,34,8,26,65,58,7,34.34343434343434,8.080808080808081,26.262626262626267,65.65656565656566,58.58585858585859,7.07070707070707
E00041792,112,24,5,19,88,64,24,21.428571428571427,4.464285714285714,16.964285714285715,78.57142857142857,57.14285714285714,21.428571428571427
E00041793,143,46,10,36,97,83,14,32.16783216783217,6.993006993006993,25.174825174825177,67.83216783216784,58.04195804195804,9.79020979020979
E00041794,112,29,10,19,83,76,7,25.892857142857146,8.928571428571429,16.964285714285715,74.10714285714286,67.85714285714286,6.25
E00041795,152,43,11,32,109,102,7,28.289473684210524,7.236842105263158,21.052631578947366,71.71052631578947,67.10526315789474,4.605263157894736
E00041796,172,44,7,37,128,116,12,25.581395348837212,4.069767441860465,21.511627906976745,74.4186046511628,67.44186046511628,6.976744186046512
E00041797,136,38,12,26,98,88,10,27.941176470588236,8.823529411764707,19.11764705882353,72.05882352941177,64.70588235294117,7.352941176470589
E00041798,117,30,9,21,87,76,11,25.64102564102564,7.6923076923076925,17.94871794871795,74.35897435897436,64.95726495726495,9.401709401709402
E00041799,111,21,6,15,90,84,6,18.91891891891892,5.405405405405405,13.513513513513514,81.08108108108108,75.67567567567568,5.405405405405405
E00041800,126,22,3,19,104,98,6,17.46031746031746,2.380952380952381,15.079365079365079,82.53968253968253,77.77777777777779,4.761904761904762
E00041801,167,47,11,36,120,111,9,28.143712574850298,6.58682634730539,21.55688622754491,71.8562874251497,66.46706586826348,5.389221556886228
E00041802,66,12,2,10,54,45,9,18.181818181818183,3.0303030303030303,15.151515151515152,81.81818181818183,68.18181818181817,13.636363636363635
E00041803,90,27,7,20,63,57,6,30,7.777777777777778,22.22222222222222,70,63.33333333333333,6.666666666666667
E00041804,107,20,4,16,87,75,12,18.69158878504673,3.7383177570093453,14.953271028037381,81.30841121495327,70.09345794392523,11.214953271028037
E00041805,104,24,6,18,80,73,7,23.076923076923077,5.769230769230769,17.307692307692307,76.92307692307693,70.1923076923077,6.730769230769231
E00041806,142,39,14,25,103,99,4,27.464788732394368,9.859154929577464,17.6056338028169,72.53521126760563,69.71830985915493,2.8169014084507045
E00041807,107,35,12,23,72,64,8,32.71028037383177,11.214953271028037,21.49532710280374,67.28971962616822,59.813084112149525,7.476635514018691
E00041809,103,29,7,22,74,62,12,28.155339805825243,6.796116504854369,21.35922330097087,71.84466019417476,60.19417475728155,11.650485436893204
E00041810,150,41,12,29,109,104,5,27.333333333333332,8,19.333333333333332,72.66666666666667,69.33333333333334,3.3333333333333335
E00041811,107,23,7,16,84,74,10,21.49532710280374,6.5420560747663545,14.953271028037381,78.50467289719626,69.1588785046729,9.345794392523365
E00041812,162,44,15,29,118,109,9,27.160493827160494,9.25925925925926,17.901234567901234,72.8395061728395,67.28395061728395,5.555555555555555
E00041813,82,26,10,16,56,46,10,31.70731707317073,12.195121951219512,19.51219512195122,68.29268292682927,56.09756097560976,12.195121951219512
E00041814,124,42,12,30,82,77,5,33.87096774193548,9.67741935483871,24.193548387096776,66.12903225806451,62.096774193548384,4.032258064516129
E00041815,148,35,7,28,113,106,7,23.64864864864865,4.72972972972973,18.91891891891892,76.35135135135135,71.62162162162163,4.72972972972973
E00041816,85,32,8,24,53,47,6,37.64705882352941,9.411764705882353,28.235294117647058,62.35294117647059,55.294117647058826,7.0588235294117645
E00041817,147,35,14,21,112,89,23,23.809523809523807,9.523809523809524,14.285714285714285,76.19047619047619,60.544217687074834,15.646258503401361
E00041818,124,43,17,26,81,73,8,34.67741935483871,13.709677419354838,20.967741935483872,65.32258064516128,58.87096774193549,6.451612903225806
E00041819,62,17,7,10,45,41,4,27.419354838709676,11.29032258064516,16.129032258064516,72.58064516129032,66.12903225806451,6.451612903225806
E00041820,100,35,16,19,65,61,4,35,16,19,65,61,4
E00041821,149,45,13,32,104,85,19,30.201342281879196,8.724832214765101,21.476510067114095,69.79865771812081,57.04697986577181,12.751677852348994
E00041823,129,47,14,33,82,74,8,36.434108527131784,10.852713178294573,25.581395348837212,63.565891472868216,57.36434108527132,6.2015503875969
E00041824,152,49,14,35,103,93,10,32.23684210526316,9.210526315789473,23.026315789473685,67.76315789473685,61.18421052631579,6.578947368421052
E00041825,116,32,7,25,84,78,6,27.586206896551722,6.0344827586206895,21.551724137931032,72.41379310344827,67.24137931034483,5.172413793103448
E00041826,126,45,15,30,81,75,6,35.714285714285715,11.904761904761903,23.809523809523807,64.28571428571429,59.523809523809526,4.761904761904762
E00041827,71,23,7,16,48,40,8,32.3943661971831,9.859154929577464,22.535211267605636,67.6056338028169,56.33802816901409,11.267605633802818
E00041828,99,35,11,24,64,64,0,35.35353535353536,11.11111111111111,24.242424242424242,64.64646464646465,64.64646464646465,0
E00041829,119,32,9,23,87,76,11,26.89075630252101,7.563025210084033,19.327731092436977,73.10924369747899,63.86554621848739,9.243697478991598
E00041830,99,29,7,22,70,65,5,29.292929292929294,7.07070707070707,22.22222222222222,70.70707070707071,65.65656565656566,5.05050505050505
E00041831,149,40,18,22,109,90,19,26.845637583892618,12.080536912751679,14.76510067114094,73.15436241610739,60.40268456375839,12.751677852348994
E00041832,96,38,8,30,58,47,11,39.58333333333333,8.333333333333332,31.25,60.416666666666664,48.95833333333333,11.458333333333332
E00041833,110,26,8,18,84,75,9,23.636363636363637,7.2727272727272725,16.363636363636363,76.36363636363637,68.18181818181817,8.181818181818182
E00041834,142,37,12,25,105,87,18,26.056338028169012,8.450704225352112,17.6056338028169,73.94366197183099,61.267605633802816,12.676056338028168
E00041835,92,32,10,22,60,52,8,34.78260869565217,10.869565217391305,23.91304347826087,65.21739130434783,56.52173913043478,8.695652173913043
E00041836,81,16,7,9,65,59,6,19.753086419753085,8.641975308641975,11.11111111111111,80.24691358024691,72.8395061728395,7.4074074074074066
E00041837,141,43,8,35,98,88,10,30.49645390070922,5.673758865248227,24.822695035460992,69.50354609929079,62.4113475177305,7.092198581560284
E00041838,136,39,15,24,97,81,16,28.676470588235293,11.029411764705882,17.647058823529413,71.32352941176471,59.55882352941176,11.76470588235294
E00041839,152,38,12,26,114,100,14,25,7.894736842105263,17.105263157894736,75,65.78947368421053,9.210526315789473
E00041840,136,41,17,24,95,82,13,30.14705882352941,12.5,17.647058823529413,69.85294117647058,60.29411764705882,9.558823529411764
E00041841,181,45,12,33,136,126,10,24.861878453038674,6.629834254143646,18.23204419889503,75.13812154696133,69.61325966850829,5.524861878453039
E00041842,98,39,8,31,59,55,4,39.795918367346935,8.16326530612245,31.63265306122449,60.204081632653065,56.12244897959183,4.081632653061225
E00041843,163,53,23,30,110,93,17,32.515337423312886,14.11042944785276,18.404907975460123,67.48466257668711,57.05521472392638,10.429447852760736
E00041844,111,43,10,33,68,60,8,38.73873873873874,9.00900900900901,29.72972972972973,61.261261261261254,54.054054054054056,7.207207207207207
E00041845,159,66,20,46,93,84,9,41.509433962264154,12.578616352201259,28.930817610062892,58.490566037735846,52.83018867924528,5.660377358490567
E00041846,121,32,7,25,89,75,14,26.446280991735538,5.785123966942149,20.66115702479339,73.55371900826447,61.98347107438017,11.570247933884298
E00041847,105,36,10,26,69,63,6,34.285714285714285,9.523809523809524,24.761904761904763,65.71428571428571,60,5.714285714285714
E00041848,50,10,3,7,40,37,3,20,6,14.000000000000002,80,74,6
E00041849,136,52,15,37,84,76,8,38.23529411764706,11.029411764705882,27.205882352941174,61.76470588235294,55.88235294117647,5.88235294117647
E00041850,142,71,14,57,71,61,10,50,9.859154929577464,40.140845070422536,50,42.95774647887324,7.042253521126761
E00041851,162,54,9,45,108,94,14,33.33333333333333,5.555555555555555,27.77777777777778,66.66666666666666,58.0246913580247,8.641975308641975
E00041852,118,49,12,37,69,62,7,41.52542372881356,10.16949152542373,31.35593220338983,58.47457627118644,52.54237288135594,5.932203389830509
E00041853,56,13,3,10,43,38,5,23.214285714285715,5.357142857142857,17.857142857142858,76.78571428571429,67.85714285714286,8.928571428571429
E00041854,99,27,3,24,72,65,7,27.27272727272727,3.0303030303030303,24.242424242424242,72.72727272727273,65.65656565656566,7.07070707070707
E00041855,83,27,9,18,56,53,3,32.53012048192771,10.843373493975903,21.686746987951807,67.46987951807229,63.85542168674698,3.614457831325301
E00041856,166,41,14,27,125,117,8,24.69879518072289,8.433734939759036,16.265060240963855,75.30120481927712,70.48192771084338,4.819277108433735
E00041857,123,34,13,21,89,80,9,27.64227642276423,10.569105691056912,17.073170731707318,72.35772357723577,65.04065040650406,7.317073170731707
E00041858,173,40,11,29,133,125,8,23.121387283236995,6.358381502890173,16.76300578034682,76.878612716763,72.25433526011561,4.624277456647398
E00041859,144,47,15,32,97,79,18,32.63888888888889,10.416666666666668,22.22222222222222,67.36111111111111,54.861111111111114,12.5
E00041861,140,24,9,15,116,104,12,17.142857142857142,6.428571428571428,10.714285714285714,82.85714285714286,74.28571428571429,8.571428571428571
E00041862,112,36,12,24,76,68,8,32.142857142857146,10.714285714285714,21.428571428571427,67.85714285714286,60.71428571428571,7.142857142857142
E00041863,96,32,14,18,64,54,10,33.33333333333333,14.583333333333334,18.75,66.66666666666666,56.25,10.416666666666668
E00041864,107,29,9,20,78,71,7,27.102803738317753,8.411214953271028,18.69158878504673,72.89719626168224,66.35514018691589,6.5420560747663545
E00041865,120,45,11,34,75,62,13,37.5,9.166666666666666,28.333333333333332,62.5,51.66666666666667,10.833333333333334
E00041866,124,76,15,61,48,43,5,61.29032258064516,12.096774193548388,49.193548387096776,38.70967741935484,34.67741935483871,4.032258064516129
E00041867,85,29,7,22,56,53,3,34.11764705882353,8.235294117647058,25.882352941176475,65.88235294117646,62.35294117647059,3.5294117647058822
E00041868,115,38,7,31,77,68,9,33.04347826086956,6.086956521739131,26.956521739130434,66.95652173913044,59.130434782608695,7.82608695652174
E00041869,132,38,16,22,94,81,13,28.78787878787879,12.121212121212121,16.666666666666664,71.21212121212122,61.36363636363637,9.848484848484848
E00041870,101,32,12,20,69,60,9,31.683168316831683,11.881188118811881,19.801980198019802,68.31683168316832,59.4059405940594,8.91089108910891
E00041871,157,51,21,30,106,90,16,32.48407643312102,13.375796178343949,19.10828025477707,67.51592356687898,57.324840764331206,10.191082802547772
E00041872,74,19,10,9,55,51,4,25.675675675675674,13.513513513513514,12.162162162162163,74.32432432432432,68.91891891891892,5.405405405405405
E00041873,108,36,18,18,72,65,7,33.33333333333333,16.666666666666664,16.666666666666664,66.66666666666666,60.18518518518518,6.481481481481481
E00041874,135,26,9,17,109,104,5,19.25925925925926,6.666666666666667,12.592592592592592,80.74074074074075,77.03703703703704,3.7037037037037033
E00041875,119,28,6,22,91,85,6,23.52941176470588,5.042016806722689,18.487394957983195,76.47058823529412,71.42857142857143,5.042016806722689
E00041876,79,32,10,22,47,43,4,40.50632911392405,12.658227848101266,27.848101265822784,59.49367088607595,54.43037974683544,5.063291139240507
E00041877,192,56,14,42,136,113,23,29.166666666666668,7.291666666666667,21.875,70.83333333333334,58.854166666666664,11.979166666666668
E00041878,127,50,11,39,77,73,4,39.37007874015748,8.661417322834646,30.708661417322837,60.629921259842526,57.48031496062992,3.149606299212598
E00041879,133,36,10,26,97,86,11,27.06766917293233,7.518796992481203,19.548872180451127,72.93233082706767,64.66165413533834,8.270676691729323
E00041880,87,31,13,18,56,52,4,35.63218390804598,14.942528735632186,20.689655172413794,64.36781609195403,59.77011494252874,4.597701149425287
E00041882,107,38,16,22,69,60,9,35.51401869158878,14.953271028037381,20.5607476635514,64.48598130841121,56.074766355140184,8.411214953271028
E00041883,199,59,21,38,140,122,18,29.64824120603015,10.552763819095476,19.09547738693467,70.35175879396985,61.30653266331658,9.045226130653267
E00041884,159,35,17,18,124,111,13,22.0125786163522,10.69182389937107,11.320754716981133,77.9874213836478,69.81132075471697,8.176100628930817
E00041885,212,52,12,40,160,130,30,24.528301886792452,5.660377358490567,18.867924528301888,75.47169811320755,61.32075471698113,14.150943396226415
E00041886,113,34,12,22,79,77,2,30.08849557522124,10.619469026548673,19.469026548672566,69.91150442477876,68.14159292035397,1.7699115044247788
E00041887,172,45,14,31,127,110,17,26.16279069767442,8.13953488372093,18.023255813953487,73.83720930232558,63.95348837209303,9.883720930232558
E00041888,105,41,11,30,64,60,4,39.04761904761905,10.476190476190476,28.57142857142857,60.952380952380956,57.14285714285714,3.8095238095238098
E00041889,93,27,12,15,66,58,8,29.03225806451613,12.903225806451612,16.129032258064516,70.96774193548387,62.365591397849464,8.60215053763441
E00041890,108,36,12,24,72,59,13,33.33333333333333,11.11111111111111,22.22222222222222,66.66666666666666,54.629629629629626,12.037037037037036
E00041891,143,39,7,32,104,91,13,27.27272727272727,4.895104895104895,22.377622377622377,72.72727272727273,63.63636363636363,9.090909090909092
E00041892,114,35,8,27,79,70,9,30.701754385964914,7.017543859649122,23.684210526315788,69.2982456140351,61.40350877192983,7.894736842105263
E00041893,163,48,13,35,115,107,8,29.447852760736197,7.975460122699387,21.472392638036812,70.5521472392638,65.6441717791411,4.9079754601226995
E00041894,136,36,7,29,100,92,8,26.47058823529412,5.147058823529411,21.323529411764707,73.52941176470588,67.64705882352942,5.88235294117647
E00041895,130,40,11,29,90,87,3,30.76923076923077,8.461538461538462,22.30769230769231,69.23076923076923,66.92307692307692,2.307692307692308
E00041896,94,21,6,15,73,60,13,22.340425531914892,6.382978723404255,15.957446808510639,77.6595744680851,63.829787234042556,13.829787234042554
E00041897,150,48,14,34,102,94,8,32,9.333333333333334,22.666666666666664,68,62.66666666666667,5.333333333333334
E00041898,157,46,11,35,111,97,14,29.29936305732484,7.006369426751593,22.29299363057325,70.70063694267516,61.78343949044586,8.9171974522293
E00041902,86,39,13,26,47,43,4,45.348837209302324,15.11627906976744,30.23255813953488,54.65116279069767,50,4.651162790697675
E00041903,73,36,12,24,37,36,1,49.31506849315068,16.43835616438356,32.87671232876712,50.68493150684932,49.31506849315068,1.36986301369863
E00041904,116,26,4,22,90,77,13,22.413793103448278,3.4482758620689653,18.96551724137931,77.58620689655173,66.37931034482759,11.206896551724139
E00041905,158,56,8,48,102,93,9,35.44303797468354,5.063291139240507,30.37974683544304,64.55696202531645,58.86075949367089,5.69620253164557
E00041907,212,68,23,45,144,128,16,32.075471698113205,10.849056603773585,21.22641509433962,67.9245283018868,60.37735849056604,7.547169811320755
E00041908,109,37,18,19,72,64,8,33.94495412844037,16.51376146788991,17.431192660550458,66.05504587155964,58.71559633027523,7.339449541284404
E00041909,83,39,10,29,44,38,6,46.98795180722892,12.048192771084338,34.93975903614458,53.01204819277109,45.78313253012048,7.228915662650602
E00041910,94,34,9,25,60,57,3,36.17021276595745,9.574468085106384,26.595744680851062,63.829787234042556,60.63829787234043,3.1914893617021276
E00041911,140,26,12,14,114,85,29,18.571428571428573,8.571428571428571,10,81.42857142857143,60.71428571428571,20.714285714285715
E00041912,125,39,15,24,86,65,21,31.2,12,19.2,68.8,52,16.8
E00041913,158,52,17,35,106,85,21,32.91139240506329,10.759493670886076,22.151898734177212,67.08860759493672,53.79746835443038,13.291139240506327
E00041914,125,33,10,23,92,81,11,26.400000000000002,8,18.4,73.6,64.8,8.799999999999999
E00041915,139,53,12,41,86,80,6,38.1294964028777,8.633093525179856,29.496402877697843,61.87050359712231,57.55395683453237,4.316546762589928
E00041916,122,31,6,25,91,85,6,25.40983606557377,4.918032786885246,20.491803278688526,74.59016393442623,69.67213114754098,4.918032786885246
E00041917,161,40,9,31,121,104,17,24.84472049689441,5.590062111801243,19.25465838509317,75.15527950310559,64.59627329192547,10.559006211180124
E00041918,139,40,12,28,99,89,10,28.776978417266186,8.633093525179856,20.14388489208633,71.22302158273382,64.02877697841727,7.1942446043165464
E00041919,167,48,14,34,119,98,21,28.74251497005988,8.383233532934131,20.359281437125748,71.25748502994011,58.68263473053892,12.574850299401197
E00041920,159,44,16,28,115,107,8,27.67295597484277,10.062893081761008,17.61006289308176,72.32704402515722,67.29559748427673,5.031446540880504
E00041921,107,25,2,23,82,75,7,23.364485981308412,1.8691588785046727,21.49532710280374,76.63551401869158,70.09345794392523,6.5420560747663545
E00041922,95,21,8,13,74,66,8,22.105263157894736,8.421052631578947,13.684210526315791,77.89473684210526,69.47368421052632,8.421052631578947
E00041923,135,48,12,36,87,75,12,35.55555555555556,8.88888888888889,26.666666666666668,64.44444444444444,55.55555555555556,8.88888888888889
E00041924,113,37,9,28,76,70,6,32.743362831858406,7.964601769911504,24.778761061946902,67.2566371681416,61.94690265486725,5.3097345132743365
E00041925,152,42,12,30,110,98,12,27.631578947368425,7.894736842105263,19.736842105263158,72.36842105263158,64.47368421052632,7.894736842105263
E00041926,147,50,21,29,97,82,15,34.01360544217687,14.285714285714285,19.727891156462583,65.98639455782312,55.78231292517006,10.204081632653061
E00041927,117,26,14,12,91,79,12,22.22222222222222,11.965811965811966,10.256410256410255,77.77777777777779,67.52136752136752,10.256410256410255
E00041928,169,33,8,25,136,123,13,19.526627218934912,4.733727810650888,14.792899408284024,80.4733727810651,72.7810650887574,7.6923076923076925
E00041929,91,36,14,22,55,44,11,39.56043956043956,15.384615384615385,24.175824175824175,60.43956043956044,48.35164835164835,12.087912087912088
E00041930,118,32,13,19,86,75,11,27.11864406779661,11.016949152542372,16.101694915254235,72.88135593220339,63.559322033898304,9.322033898305085
E00041931,113,32,10,22,81,66,15,28.31858407079646,8.849557522123893,19.469026548672566,71.68141592920354,58.4070796460177,13.274336283185843
E00041932,54,22,4,18,32,26,6,40.74074074074074,7.4074074074074066,33.33333333333333,59.25925925925925,48.148148148148145,11.11111111111111
E00041933,34,12,2,10,22,21,1,35.294117647058826,5.88235294117647,29.411764705882355,64.70588235294117,61.76470588235294,2.941176470588235
E00041934,65,24,7,17,41,34,7,36.92307692307693,10.76923076923077,26.153846153846157,63.07692307692307,52.307692307692314,10.76923076923077
E00041935,150,40,8,32,110,96,14,26.666666666666668,5.333333333333334,21.333333333333336,73.33333333333333,64,9.333333333333334
E00041936,126,41,6,35,85,75,10,32.53968253968254,4.761904761904762,27.77777777777778,67.46031746031747,59.523809523809526,7.936507936507936
E00041937,113,31,12,19,82,72,10,27.43362831858407,10.619469026548673,16.8141592920354,72.56637168141593,63.716814159292035,8.849557522123893
E00041938,124,25,4,21,99,84,15,20.161290322580644,3.225806451612903,16.93548387096774,79.83870967741935,67.74193548387096,12.096774193548388
E00041940,156,45,7,38,111,87,24,28.846153846153843,4.487179487179487,24.358974358974358,71.15384615384616,55.769230769230774,15.384615384615385
E00041941,132,42,17,25,90,90,0,31.818181818181817,12.878787878787879,18.939393939393938,68.18181818181817,68.18181818181817,0
E00041942,121,41,7,34,80,67,13,33.88429752066116,5.785123966942149,28.09917355371901,66.11570247933885,55.371900826446286,10.743801652892563
E00041943,128,33,12,21,95,82,13,25.78125,9.375,16.40625,74.21875,64.0625,10.15625
E00041944,118,41,14,27,77,68,9,34.74576271186441,11.864406779661017,22.88135593220339,65.2542372881356,57.6271186440678,7.627118644067797
E00041945,144,42,13,29,102,91,11,29.166666666666668,9.027777777777777,20.13888888888889,70.83333333333334,63.19444444444444,7.638888888888889
E00041946,208,58,20,38,150,124,26,27.884615384615387,9.615384615384617,18.269230769230766,72.11538461538461,59.61538461538461,12.5
E00041947,140,42,11,31,98,85,13,30,7.857142857142857,22.142857142857142,70,60.71428571428571,9.285714285714286
E00041948,103,44,13,31,59,55,4,42.71844660194174,12.62135922330097,30.097087378640776,57.28155339805825,53.398058252427184,3.8834951456310676
E00041949,108,33,6,27,75,66,9,30.555555555555557,5.555555555555555,25,69.44444444444444,61.111111111111114,8.333333333333332
E00041950,161,43,15,28,118,103,15,26.70807453416149,9.316770186335404,17.391304347826086,73.29192546583852,63.975155279503106,9.316770186335404
E00041951,88,27,10,17,61,57,4,30.681818181818183,11.363636363636363,19.318181818181817,69.31818181818183,64.77272727272727,4.545454545454546
E00041952,124,43,15,28,81,69,12,34.67741935483871,12.096774193548388,22.58064516129032,65.32258064516128,55.64516129032258,9.67741935483871
E00041953,82,27,3,24,55,47,8,32.926829268292686,3.6585365853658534,29.268292682926827,67.07317073170732,57.3170731707317,9.75609756097561
E00041954,114,39,6,33,75,63,12,34.21052631578947,5.263157894736842,28.947368421052634,65.78947368421053,55.26315789473685,10.526315789473683
E00041955,136,39,15,24,97,80,17,28.676470588235293,11.029411764705882,17.647058823529413,71.32352941176471,58.82352941176471,12.5
E00041956,129,38,10,28,91,82,9,29.457364341085274,7.751937984496124,21.705426356589147,70.54263565891473,63.565891472868216,6.976744186046512
E00041957,113,28,9,19,85,70,15,24.778761061946902,7.964601769911504,16.8141592920354,75.22123893805309,61.94690265486725,13.274336283185843
E00041958,46,16,4,12,30,30,0,34.78260869565217,8.695652173913043,26.08695652173913,65.21739130434783,65.21739130434783,0
E00041959,105,30,8,22,75,67,8,28.57142857142857,7.6190476190476195,20.952380952380953,71.42857142857143,63.8095238095238,7.6190476190476195
E00041960,131,29,11,18,102,81,21,22.137404580152673,8.396946564885496,13.740458015267176,77.86259541984732,61.832061068702295,16.030534351145036
E00041961,123,40,13,27,83,66,17,32.52032520325203,10.569105691056912,21.951219512195124,67.47967479674797,53.65853658536586,13.821138211382115
E00041962,102,27,11,16,75,63,12,26.47058823529412,10.784313725490197,15.686274509803921,73.52941176470588,61.76470588235294,11.76470588235294
E00041963,104,26,5,21,78,69,9,25,4.807692307692308,20.192307692307693,75,66.34615384615384,8.653846153846153
E00041964,129,26,12,14,103,85,18,20.155038759689923,9.30232558139535,10.852713178294573,79.84496124031007,65.89147286821705,13.953488372093023
E00041965,144,35,5,30,109,104,5,24.305555555555554,3.4722222222222223,20.833333333333336,75.69444444444444,72.22222222222221,3.4722222222222223
E00041966,120,28,6,22,92,84,8,23.333333333333332,5,18.333333333333332,76.66666666666667,70,6.666666666666667
E00041967,231,49,21,28,182,161,21,21.21212121212121,9.090909090909092,12.121212121212121,78.78787878787878,69.6969696969697,9.090909090909092
E00041968,134,38,12,26,96,86,10,28.35820895522388,8.955223880597014,19.402985074626866,71.64179104477611,64.17910447761194,7.462686567164178
E00041969,118,30,7,23,88,77,11,25.423728813559322,5.932203389830509,19.491525423728813,74.57627118644068,65.2542372881356,9.322033898305085
E00041970,114,30,10,20,84,76,8,26.31578947368421,8.771929824561402,17.543859649122805,73.68421052631578,66.66666666666666,7.017543859649122
E00041971,103,32,7,25,71,63,8,31.06796116504854,6.796116504854369,24.271844660194176,68.93203883495146,61.165048543689316,7.766990291262135
E00041972,119,28,6,22,91,78,13,23.52941176470588,5.042016806722689,18.487394957983195,76.47058823529412,65.54621848739495,10.92436974789916
E00041973,97,25,9,16,72,55,17,25.773195876288657,9.278350515463918,16.49484536082474,74.22680412371135,56.70103092783505,17.525773195876287
E00041974,113,36,8,28,77,70,7,31.858407079646017,7.079646017699115,24.778761061946902,68.14159292035397,61.94690265486725,6.1946902654867255
E00041975,118,33,6,27,85,75,10,27.966101694915253,5.084745762711865,22.88135593220339,72.03389830508475,63.559322033898304,8.47457627118644
E00041976,143,45,17,28,98,81,17,31.46853146853147,11.888111888111888,19.58041958041958,68.53146853146853,56.64335664335665,11.888111888111888
E00041977,121,37,13,24,84,75,9,30.57851239669421,10.743801652892563,19.834710743801654,69.42148760330579,61.98347107438017,7.43801652892562
E00041978,129,36,12,24,93,77,16,27.906976744186046,9.30232558139535,18.6046511627907,72.09302325581395,59.68992248062015,12.4031007751938
E00041979,114,34,9,25,80,76,4,29.82456140350877,7.894736842105263,21.929824561403507,70.17543859649122,66.66666666666666,3.508771929824561
E00041980,117,45,8,37,72,68,4,38.46153846153847,6.837606837606838,31.62393162393162,61.53846153846154,58.119658119658126,3.418803418803419
E00041981,164,47,14,33,117,100,17,28.65853658536585,8.536585365853659,20.121951219512198,71.34146341463415,60.97560975609756,10.365853658536585
E00041982,88,30,8,22,58,51,7,34.090909090909086,9.090909090909092,25,65.9090909090909,57.95454545454546,7.954545454545454
E00041983,176,50,13,37,126,106,20,28.40909090909091,7.386363636363637,21.022727272727273,71.5909090909091,60.22727272727273,11.363636363636363
E00041984,95,23,4,19,72,58,14,24.210526315789473,4.2105263157894735,20,75.78947368421053,61.05263157894737,14.736842105263156
E00041985,140,36,17,19,104,91,13,25.71428571428571,12.142857142857142,13.571428571428571,74.28571428571429,65,9.285714285714286
E00041986,140,37,11,26,103,92,11,26.42857142857143,7.857142857142857,18.571428571428573,73.57142857142858,65.71428571428571,7.857142857142857
E00041987,160,57,17,40,103,93,10,35.625,10.625,25,64.375,58.12500000000001,6.25
E00041988,154,48,9,39,106,99,7,31.16883116883117,5.844155844155844,25.324675324675322,68.83116883116884,64.28571428571429,4.545454545454546
E00041989,168,53,17,36,115,98,17,31.547619047619047,10.119047619047619,21.428571428571427,68.45238095238095,58.333333333333336,10.119047619047619
E00041990,123,40,14,26,83,75,8,32.52032520325203,11.38211382113821,21.138211382113823,67.47967479674797,60.97560975609756,6.504065040650407
E00041991,86,24,7,17,62,52,10,27.906976744186046,8.13953488372093,19.767441860465116,72.09302325581395,60.46511627906976,11.627906976744185
E00041992,43,16,8,8,27,26,1,37.2093023255814,18.6046511627907,18.6046511627907,62.7906976744186,60.46511627906976,2.3255813953488373
E00041993,102,33,7,26,69,61,8,32.35294117647059,6.862745098039216,25.49019607843137,67.64705882352942,59.80392156862745,7.8431372549019605
E00041994,87,22,6,16,65,59,6,25.287356321839084,6.896551724137931,18.39080459770115,74.71264367816092,67.81609195402298,6.896551724137931
E00041995,123,42,13,29,81,71,10,34.146341463414636,10.569105691056912,23.577235772357724,65.85365853658537,57.72357723577236,8.130081300813007
E00041996,63,19,5,14,44,40,4,30.158730158730158,7.936507936507936,22.22222222222222,69.84126984126983,63.49206349206349,6.349206349206349
E00041997,130,34,8,26,96,85,11,26.153846153846157,6.153846153846154,20,73.84615384615385,65.38461538461539,8.461538461538462
E00041998,139,46,16,30,93,82,11,33.093525179856115,11.510791366906476,21.58273381294964,66.90647482014388,58.992805755395686,7.913669064748201
E00041999,117,26,12,14,91,86,5,22.22222222222222,10.256410256410255,11.965811965811966,77.77777777777779,73.50427350427351,4.273504273504273
E00042000,118,37,16,21,81,66,15,31.35593220338983,13.559322033898304,17.796610169491526,68.64406779661016,55.932203389830505,12.711864406779661
E00042001,162,46,21,25,116,96,20,28.39506172839506,12.962962962962962,15.432098765432098,71.60493827160494,59.25925925925925,12.345679012345679
E00042002,121,39,12,27,82,74,8,32.231404958677686,9.917355371900827,22.31404958677686,67.76859504132231,61.15702479338842,6.6115702479338845
E00042003,104,34,11,23,70,66,4,32.69230769230769,10.576923076923077,22.115384615384613,67.3076923076923,63.46153846153846,3.8461538461538463
E00042004,126,40,7,33,86,74,12,31.746031746031743,5.555555555555555,26.190476190476193,68.25396825396825,58.730158730158735,9.523809523809524
E00042005,140,42,12,30,98,90,8,30,8.571428571428571,21.428571428571427,70,64.28571428571429,5.714285714285714
E00042006,134,32,16,16,102,87,15,23.88059701492537,11.940298507462686,11.940298507462686,76.11940298507463,64.92537313432835,11.194029850746269
E00042008,301,81,20,61,220,195,25,26.910299003322258,6.64451827242525,20.26578073089701,73.08970099667775,64.78405315614619,8.305647840531561
E00042009,104,32,8,24,72,64,8,30.76923076923077,7.6923076923076925,23.076923076923077,69.23076923076923,61.53846153846154,7.6923076923076925
E00042010,151,49,13,36,102,94,8,32.450331125827816,8.609271523178808,23.841059602649008,67.54966887417218,62.251655629139066,5.298013245033113
E00042011,123,34,7,27,89,82,7,27.64227642276423,5.691056910569105,21.951219512195124,72.35772357723577,66.66666666666666,5.691056910569105
E00042012,126,32,5,27,94,86,8,25.396825396825395,3.968253968253968,21.428571428571427,74.60317460317461,68.25396825396825,6.349206349206349
E00042013,149,55,17,38,94,81,13,36.91275167785235,11.409395973154362,25.503355704697988,63.08724832214765,54.36241610738255,8.724832214765101
E00042014,80,26,4,22,54,49,5,32.5,5,27.500000000000004,67.5,61.25000000000001,6.25
E00042015,119,33,7,26,86,79,7,27.73109243697479,5.88235294117647,21.84873949579832,72.26890756302521,66.38655462184873,5.88235294117647
E00042016,117,31,7,24,86,76,10,26.495726495726498,5.982905982905983,20.51282051282051,73.50427350427351,64.95726495726495,8.547008547008547
E00042017,116,33,7,26,83,79,4,28.448275862068968,6.0344827586206895,22.413793103448278,71.55172413793103,68.10344827586206,3.4482758620689653
E00042018,107,40,7,33,67,61,6,37.38317757009346,6.5420560747663545,30.8411214953271,62.616822429906534,57.009345794392516,5.607476635514018
E00042019,38,13,6,7,25,24,1,34.21052631578947,15.789473684210526,18.421052631578945,65.78947368421053,63.1578947368421,2.631578947368421
E00042020,111,25,4,21,86,74,12,22.52252252252252,3.6036036036036037,18.91891891891892,77.47747747747748,66.66666666666666,10.81081081081081
E00042021,103,26,9,17,77,68,9,25.24271844660194,8.737864077669903,16.50485436893204,74.75728155339806,66.01941747572816,8.737864077669903
E00042022,97,28,11,17,69,59,10,28.865979381443296,11.34020618556701,17.525773195876287,71.1340206185567,60.824742268041234,10.309278350515463
E00042023,125,38,13,25,87,80,7,30.4,10.4,20,69.6,64,5.6000000000000005
E00042024,98,23,7,16,75,68,7,23.46938775510204,7.142857142857142,16.3265306122449,76.53061224489795,69.38775510204081,7.142857142857142
E00042025,70,19,7,12,51,44,7,27.142857142857142,10,17.142857142857142,72.85714285714285,62.857142857142854,10
E00042026,143,43,18,25,100,92,8,30.069930069930066,12.587412587412588,17.482517482517483,69.93006993006993,64.33566433566433,5.594405594405594
E00042027,85,33,8,25,52,46,6,38.82352941176471,9.411764705882353,29.411764705882355,61.1764705882353,54.11764705882353,7.0588235294117645
E00042028,134,34,8,26,100,93,7,25.37313432835821,5.970149253731343,19.402985074626866,74.6268656716418,69.40298507462687,5.223880597014925
E00042029,117,34,14,20,83,75,8,29.059829059829063,11.965811965811966,17.094017094017094,70.94017094017094,64.1025641025641,6.837606837606838
E00042030,62,16,5,11,46,41,5,25.806451612903224,8.064516129032258,17.741935483870968,74.19354838709677,66.12903225806451,8.064516129032258
E00042031,121,45,10,35,76,66,10,37.1900826446281,8.264462809917356,28.92561983471074,62.8099173553719,54.54545454545454,8.264462809917356
E00042032,83,23,5,18,60,54,6,27.710843373493976,6.024096385542169,21.686746987951807,72.28915662650603,65.06024096385542,7.228915662650602
E00042033,81,24,6,18,57,50,7,29.629629629629626,7.4074074074074066,22.22222222222222,70.37037037037037,61.72839506172839,8.641975308641975
E00042034,152,37,7,30,115,103,12,24.342105263157894,4.605263157894736,19.736842105263158,75.6578947368421,67.76315789473685,7.894736842105263
E00042035,119,37,13,24,82,70,12,31.092436974789916,10.92436974789916,20.168067226890756,68.90756302521008,58.82352941176471,10.084033613445378
E00042036,110,30,8,22,80,74,6,27.27272727272727,7.2727272727272725,20,72.72727272727273,67.27272727272727,5.454545454545454
E00042037,132,34,6,28,98,90,8,25.757575757575758,4.545454545454546,21.21212121212121,74.24242424242425,68.18181818181817,6.0606060606060606
E00042038,133,43,16,27,90,79,11,32.33082706766917,12.030075187969924,20.30075187969925,67.66917293233082,59.3984962406015,8.270676691729323
E00042039,127,45,9,36,82,77,5,35.43307086614173,7.086614173228346,28.346456692913385,64.56692913385827,60.629921259842526,3.937007874015748
E00042040,77,25,10,15,52,43,9,32.467532467532465,12.987012987012985,19.480519480519483,67.53246753246754,55.84415584415584,11.688311688311687
E00042041,94,32,7,25,62,55,7,34.04255319148936,7.446808510638298,26.595744680851062,65.95744680851064,58.51063829787234,7.446808510638298
E00165672,132,34,10,24,98,90,8,25.757575757575758,7.575757575757576,18.181818181818183,74.24242424242425,68.18181818181817,6.0606060606060606
E00166169,169,63,24,39,106,98,8,37.278106508875744,14.201183431952662,23.076923076923077,62.721893491124256,57.98816568047337,4.733727810650888
E00166170,43,17,4,13,26,22,4,39.53488372093023,9.30232558139535,30.23255813953488,60.46511627906976,51.162790697674424,9.30232558139535
E00166172,144,26,10,16,118,105,13,18.055555555555554,6.944444444444445,11.11111111111111,81.94444444444444,72.91666666666666,9.027777777777777
E00166174,85,19,6,13,66,56,10,22.35294117647059,7.0588235294117645,15.294117647058824,77.64705882352942,65.88235294117646,11.76470588235294
E00166175,154,34,19,15,120,105,15,22.07792207792208,12.337662337662337,9.740259740259742,77.92207792207793,68.18181818181817,9.740259740259742
E00166179,258,67,22,45,191,165,26,25.968992248062015,8.527131782945736,17.441860465116278,74.03100775193798,63.95348837209303,10.077519379844961
E00166180,175,138,93,45,37,32,5,78.85714285714286,53.142857142857146,25.71428571428571,21.142857142857142,18.285714285714285,2.857142857142857
E00166182,153,98,18,80,55,48,7,64.05228758169935,11.76470588235294,52.28758169934641,35.947712418300654,31.372549019607842,4.57516339869281
E00166183,56,44,10,34,12,12,0,78.57142857142857,17.857142857142858,60.71428571428571,21.428571428571427,21.428571428571427,0
E00166185,88,49,18,31,39,31,8,55.68181818181818,20.454545454545457,35.22727272727273,44.31818181818182,35.22727272727273,9.090909090909092
E00166187,137,32,9,23,105,95,10,23.357664233576642,6.569343065693431,16.78832116788321,76.64233576642336,69.34306569343066,7.2992700729927
E00166188,44,18,11,7,26,24,2,40.909090909090914,25,15.909090909090908,59.09090909090909,54.54545454545454,4.545454545454546
E00166190,125,24,6,18,101,88,13,19.2,4.8,14.399999999999999,80.80000000000001,70.39999999999999,10.4
E00166192,141,21,11,10,120,101,19,14.893617021276595,7.801418439716312,7.092198581560284,85.1063829787234,71.63120567375887,13.47517730496454
E00166195,118,22,4,18,96,90,6,18.64406779661017,3.389830508474576,15.254237288135593,81.35593220338984,76.27118644067797,5.084745762711865
E00166196,148,14,6,8,134,116,18,9.45945945945946,4.054054054054054,5.405405405405405,90.54054054054053,78.37837837837837,12.162162162162163
E00166198,113,11,4,7,102,94,8,9.734513274336283,3.5398230088495577,6.1946902654867255,90.2654867256637,83.1858407079646,7.079646017699115
E00166200,100,36,5,31,64,55,9,36,5,31,64,55.00000000000001,9
E00166201,163,114,38,76,49,45,4,69.93865030674846,23.31288343558282,46.62576687116564,30.061349693251532,27.607361963190186,2.4539877300613497
E00166208,173,130,29,101,43,40,3,75.14450867052022,16.76300578034682,58.38150289017341,24.85549132947977,23.121387283236995,1.7341040462427744
E00166209,78,54,17,37,24,18,6,69.23076923076923,21.794871794871796,47.43589743589743,30.76923076923077,23.076923076923077,7.6923076923076925
E00166211,75,52,12,40,23,21,2,69.33333333333334,16,53.333333333333336,30.666666666666664,28.000000000000004,2.666666666666667
E00166213,43,32,5,27,11,10,1,74.4186046511628,11.627906976744185,62.7906976744186,25.581395348837212,23.25581395348837,2.3255813953488373
E00166214,178,33,7,26,145,127,18,18.53932584269663,3.932584269662921,14.606741573033707,81.46067415730337,71.34831460674157,10.112359550561797
E00166216,168,49,10,39,119,107,12,29.166666666666668,5.952380952380952,23.214285714285715,70.83333333333334,63.69047619047619,7.142857142857142
E00166221,227,32,12,20,195,179,16,14.096916299559473,5.286343612334802,8.81057268722467,85.90308370044053,78.8546255506608,7.048458149779736
E00166224,162,30,12,18,132,125,7,18.51851851851852,7.4074074074074066,11.11111111111111,81.48148148148148,77.1604938271605,4.320987654320987
E00170010,162,30,8,22,132,113,19,18.51851851851852,4.938271604938271,13.580246913580247,81.48148148148148,69.75308641975309,11.728395061728394
E00170012,161,27,8,19,134,115,19,16.77018633540373,4.968944099378882,11.801242236024844,83.22981366459628,71.42857142857143,11.801242236024844
E00170013,122,28,8,20,94,82,12,22.950819672131146,6.557377049180328,16.39344262295082,77.04918032786885,67.21311475409836,9.836065573770492
E00170015,74,22,10,12,52,48,4,29.72972972972973,13.513513513513514,16.216216216216218,70.27027027027027,64.86486486486487,5.405405405405405
E00170016,288,69,17,52,219,188,31,23.958333333333336,5.902777777777778,18.055555555555554,76.04166666666666,65.27777777777779,10.76388888888889
E00170018,99,32,12,20,67,57,10,32.323232323232325,12.121212121212121,20.2020202020202,67.67676767676768,57.57575757575758,10.1010101010101
E00170020,86,25,7,18,61,49,12,29.069767441860467,8.13953488372093,20.930232558139537,70.93023255813954,56.97674418604651,13.953488372093023
E00170021,71,11,4,7,60,56,4,15.492957746478872,5.633802816901409,9.859154929577464,84.50704225352112,78.87323943661971,5.633802816901409
E00170023,54,12,3,9,42,36,6,22.22222222222222,5.555555555555555,16.666666666666664,77.77777777777779,66.66666666666666,11.11111111111111
E00170024,175,43,9,34,132,119,13,24.571428571428573,5.142857142857142,19.428571428571427,75.42857142857143,68,7.428571428571429
E00170026,170,52,12,40,118,99,19,30.58823529411765,7.0588235294117645,23.52941176470588,69.41176470588235,58.235294117647065,11.176470588235295
E00170027,97,27,4,23,70,68,2,27.835051546391753,4.123711340206185,23.711340206185564,72.16494845360825,70.10309278350515,2.0618556701030926
E00170029,174,41,17,24,133,113,20,23.563218390804597,9.770114942528735,13.793103448275861,76.4367816091954,64.9425287356322,11.494252873563218
E00170030,195,49,13,36,146,127,19,25.128205128205128,6.666666666666667,18.461538461538463,74.87179487179488,65.12820512820512,9.7435897435897445
E00189916,193,26,8,18,167,139,28,13.471502590673575,4.145077720207254,9.32642487046632,86.52849740932642,72.02072538860104,14.507772020725387
E00189917,47,9,7,2,38,36,2,19.148936170212767,14.893617021276595,4.25531914893617,80.85106382978722,76.59574468085107,4.25531914893617
E00189918,188,30,12,18,158,131,27,15.957446808510639,6.382978723404255,9.574468085106384,84.04255319148936,69.68085106382979,14.361702127659576
E00189919,167,57,22,35,110,90,20,34.13173652694611,13.17365269461078,20.958083832335326,65.86826347305389,53.89221556886228,11.976047904191617
E00189920,104,34,10,24,70,59,11,32.69230769230769,9.615384615384617,23.076923076923077,67.3076923076923,56.730769230769226,10.576923076923077
E00189921,107,47,8,39,60,56,4,43.925233644859816,7.476635514018691,36.44859813084112,56.074766355140184,52.336448598130836,3.7383177570093453
E00189922,82,28,6,22,54,47,7,34.146341463414636,7.317073170731707,26.82926829268293,65.85365853658537,57.3170731707317,8.536585365853659
E00189931,252,64,24,40,188,164,24,25.396825396825395,9.523809523809524,15.873015873015872,74.60317460317461,65.07936507936508,9.523809523809524
E00189935,247,37,10,27,210,188,22,14.979757085020243,4.048582995951417,10.931174089068826,85.02024291497976,76.11336032388664,8.906882591093117
E00189941,108,26,7,19,82,63,19,24.074074074074073,6.481481481481481,17.59259259259259,75.92592592592592,58.333333333333336,17.59259259259259
E00189946,170,16,9,7,154,144,10,9.411764705882353,5.294117647058823,4.117647058823529,90.58823529411765,84.70588235294117,5.88235294117647
E00189949,201,25,7,18,176,164,12,12.437810945273633,3.482587064676617,8.955223880597014,87.56218905472637,81.59203980099502,5.970149253731343
E00189950,207,20,10,10,187,164,23,9.66183574879227,4.830917874396135,4.830917874396135,90.33816425120773,79.22705314009661,11.11111111111111
E00189968,144,43,13,30,101,87,14,29.86111111111111,9.027777777777777,20.833333333333336,70.13888888888889,60.416666666666664,9.722222222222223
E00189973,196,40,8,32,156,139,17,20.408163265306122,4.081632653061225,16.3265306122449,79.59183673469387,70.91836734693877,8.673469387755102
E00189979,234,41,13,28,193,167,26,17.52136752136752,5.555555555555555,11.965811965811966,82.47863247863248,71.36752136752136,11.11111111111111
E00189982,203,23,3,20,180,154,26,11.330049261083744,1.477832512315271,9.852216748768473,88.66995073891626,75.86206896551724,12.807881773399016
E00189995,202,39,17,22,163,135,28,19.306930693069308,8.415841584158416,10.891089108910892,80.6930693069307,66.83168316831683,13.861386138613863
E00189997,105,32,8,24,73,62,11,30.476190476190478,7.6190476190476195,22.857142857142858,69.52380952380952,59.04761904761905,10.476190476190476
E00190001,216,45,12,33,171,147,24,20.833333333333336,5.555555555555555,15.277777777777779,79.16666666666666,68.05555555555556,11.11111111111111
E00190007,189,32,8,24,157,140,17,16.93121693121693,4.232804232804233,12.698412698412698,83.06878306878306,74.07407407407408,8.994708994708994
E00190009,210,39,9,30,171,146,25,18.571428571428573,4.285714285714286,14.285714285714285,81.42857142857143,69.52380952380952,11.904761904761903
E00190012,93,29,3,26,64,58,6,31.182795698924732,3.225806451612903,27.956989247311824,68.81720430107528,62.365591397849464,6.451612903225806
