OA,ts0380001,ts0380002,ts0380003,ts0380004,ts0380005,ts0380006,ts0380007,ts0380002_PCT,ts0380003_PCT,ts0380004_PCT,ts0380005_PCT,ts0380006_PCT,ts0380007_PCT
E00077179,333,49,15,34,284,18,266,14.714714714714713,4.504504504504505,10.21021021021021,85.28528528528528,5.405405405405405,79.87987987987988
E00077180,275,50,24,26,225,29,196,18.181818181818183,8.727272727272728,9.454545454545455,81.81818181818183,10.545454545454545,71.27272727272728
E00077181,341,51,21,30,290,30,260,14.95601173020528,6.158357771260997,8.797653958944283,85.04398826979472,8.797653958944283,76.24633431085044
E00077183,342,44,19,25,298,18,280,12.865497076023392,5.555555555555555,7.309941520467836,87.13450292397661,5.263157894736842,81.87134502923976
E00077184,357,75,38,37,282,20,262,21.008403361344538,10.644257703081232,10.364145658263306,78.99159663865547,5.602240896358544,73.38935574229691
E00077185,284,42,10,32,242,17,225,14.788732394366196,3.5211267605633805,11.267605633802818,85.2112676056338,5.985915492957746,79.22535211267606
E00077186,359,56,19,37,303,32,271,15.598885793871867,5.2924791086350975,10.30640668523677,84.40111420612814,8.913649025069638,75.4874651810585
E00077187,323,85,36,49,238,30,208,26.31578947368421,11.145510835913312,15.170278637770899,73.68421052631578,9.287925696594428,64.39628482972137
E00077188,468,91,40,51,377,26,351,19.444444444444446,8.547008547008547,10.897435897435898,80.55555555555556,5.555555555555555,75
E00077189,363,72,30,42,291,20,271,19.834710743801654,8.264462809917356,11.570247933884298,80.16528925619835,5.5096418732782375,74.65564738292011
E00077190,302,65,24,41,237,27,210,21.52317880794702,7.9470198675496695,13.57615894039735,78.47682119205298,8.940397350993377,69.5364238410596
E00077191,263,45,15,30,218,21,197,17.110266159695815,5.7034220532319395,11.406844106463879,82.88973384030417,7.984790874524715,74.90494296577947
E00077192,380,68,30,38,312,26,286,17.894736842105264,7.894736842105263,10,82.10526315789474,6.842105263157896,75.26315789473685
E00077193,277,61,23,38,216,30,186,22.021660649819495,8.303249097472925,13.718411552346572,77.9783393501805,10.830324909747292,67.14801444043322
E00077194,332,43,10,33,289,24,265,12.951807228915662,3.0120481927710845,9.939759036144578,87.04819277108435,7.228915662650602,79.81927710843374
E00077195,209,43,12,31,166,11,155,20.574162679425836,5.741626794258373,14.832535885167463,79.42583732057416,5.263157894736842,74.16267942583733
E00077196,366,48,16,32,318,29,289,13.114754098360656,4.371584699453552,8.743169398907105,86.88524590163934,7.923497267759563,78.96174863387978
E00077197,411,55,20,35,356,30,326,13.381995133819952,4.866180048661801,8.51581508515815,86.61800486618006,7.2992700729927,79.31873479318735
E00077198,306,47,16,31,259,30,229,15.359477124183007,5.228758169934641,10.130718954248366,84.640522875817,9.803921568627452,74.83660130718954
E00077199,342,62,35,27,280,23,257,18.128654970760234,10.23391812865497,7.894736842105263,81.87134502923976,6.725146198830409,75.14619883040936
E00077200,304,51,16,35,253,31,222,16.776315789473685,5.263157894736842,11.513157894736842,83.22368421052632,10.197368421052632,73.02631578947368
E00077201,258,34,14,20,224,25,199,13.178294573643413,5.426356589147287,7.751937984496124,86.82170542635659,9.689922480620156,77.13178294573643
E00077202,408,123,81,42,285,22,263,30.14705882352941,19.852941176470587,10.294117647058822,69.85294117647058,5.392156862745098,64.4607843137255
E00077203,299,62,25,37,237,24,213,20.735785953177256,8.361204013377927,12.37458193979933,79.26421404682274,8.02675585284281,71.23745819397993
E00077204,452,72,19,53,380,36,344,15.929203539823009,4.20353982300885,11.725663716814159,84.070796460177,7.964601769911504,76.10619469026548
E00077205,416,72,32,40,344,33,311,17.307692307692307,7.6923076923076925,9.615384615384617,82.6923076923077,7.9326923076923075,74.75961538461539
E00077206,395,53,21,32,342,39,303,13.41772151898734,5.3164556962025316,8.10126582278481,86.58227848101265,9.873417721518987,76.70886075949367
E00077207,380,75,35,40,305,19,286,19.736842105263158,9.210526315789473,10.526315789473683,80.26315789473685,5,75.26315789473685
E00077208,332,57,20,37,275,20,255,17.16867469879518,6.024096385542169,11.144578313253012,82.83132530120481,6.024096385542169,76.80722891566265
E00077209,368,58,15,43,310,32,278,15.760869565217392,4.076086956521739,11.684782608695652,84.23913043478261,8.695652173913043,75.54347826086956
E00077210,355,73,23,50,282,11,271,20.56338028169014,6.478873239436619,14.084507042253522,79.43661971830987,3.0985915492957745,76.33802816901408
E00077211,322,78,41,37,244,14,230,24.22360248447205,12.732919254658384,11.490683229813664,75.77639751552795,4.3478260869565215,71.42857142857143
E00077212,276,67,34,33,209,21,188,24.27536231884058,12.318840579710146,11.956521739130435,75.72463768115942,7.608695652173914,68.11594202898551
E00077213,523,144,77,67,379,26,353,27.533460803059274,14.722753346080305,12.810707456978967,72.46653919694073,4.97131931166348,67.49521988527725
E00077214,325,65,30,35,260,24,236,20,9.230769230769232,10.76923076923077,80,7.384615384615385,72.61538461538461
E00077217,286,49,21,28,237,22,215,17.132867132867133,7.3426573426573425,9.79020979020979,82.86713286713287,7.6923076923076925,75.17482517482517
E00077218,308,82,46,36,226,25,201,26.623376623376622,14.935064935064934,11.688311688311687,73.37662337662337,8.116883116883116,65.25974025974025
E00077220,222,84,41,43,138,13,125,37.83783783783784,18.46846846846847,19.36936936936937,62.16216216216216,5.8558558558558556,56.30630630630631
E00077221,322,44,24,20,278,18,260,13.664596273291925,7.453416149068323,6.211180124223603,86.33540372670807,5.590062111801243,80.74534161490683
E00077222,372,64,33,31,308,15,293,17.20430107526882,8.870967741935484,8.333333333333332,82.79569892473118,4.032258064516129,78.76344086021506
E00077223,219,32,14,18,187,8,179,14.61187214611872,6.392694063926941,8.21917808219178,85.38812785388129,3.65296803652968,81.7351598173516
E00077224,239,51,30,21,188,19,169,21.338912133891213,12.552301255230125,8.786610878661087,78.66108786610879,7.949790794979079,70.7112970711297
E00077225,223,34,14,20,189,13,176,15.246636771300448,6.278026905829597,8.968609865470851,84.75336322869956,5.829596412556054,78.9237668161435
E00077226,207,42,22,20,165,10,155,20.28985507246377,10.628019323671497,9.66183574879227,79.71014492753623,4.830917874396135,74.8792270531401
E00077227,342,84,56,28,258,25,233,24.561403508771928,16.374269005847953,8.187134502923977,75.43859649122807,7.309941520467836,68.12865497076024
E00077229,390,64,25,39,326,16,310,16.41025641025641,6.41025641025641,10,83.58974358974359,4.102564102564102,79.48717948717949
E00077230,176,41,19,22,135,8,127,23.295454545454543,10.795454545454545,12.5,76.70454545454545,4.545454545454546,72.1590909090909
E00077231,248,54,27,27,194,10,184,21.774193548387096,10.887096774193548,10.887096774193548,78.2258064516129,4.032258064516129,74.19354838709677
E00077232,283,54,22,32,229,22,207,19.081272084805654,7.773851590106007,11.307420494699647,80.91872791519434,7.773851590106007,73.14487632508833
E00077233,367,99,40,59,268,22,246,26.975476839237057,10.899182561307901,16.076294277929154,73.02452316076294,5.994550408719346,67.0299727520436
E00077234,212,48,16,32,164,12,152,22.641509433962266,7.547169811320755,15.09433962264151,77.35849056603774,5.660377358490567,71.69811320754717
E00077235,137,55,30,25,82,7,75,40.14598540145985,21.897810218978105,18.248175182481752,59.854014598540154,5.109489051094891,54.74452554744526
E00077236,269,90,45,45,179,7,172,33.457249070631974,16.728624535315987,16.728624535315987,66.54275092936803,2.6022304832713754,63.94052044609665
E00077237,293,83,46,37,210,20,190,28.327645051194537,15.699658703071673,12.627986348122866,71.67235494880546,6.825938566552901,64.84641638225256
E00077239,269,47,21,26,222,13,209,17.472118959107807,7.806691449814126,9.66542750929368,82.5278810408922,4.83271375464684,77.69516728624535
E00077240,170,71,42,29,99,10,89,41.76470588235294,24.705882352941178,17.058823529411764,58.235294117647065,5.88235294117647,52.352941176470594
E00077241,273,58,26,32,215,20,195,21.245421245421245,9.523809523809524,11.72161172161172,78.75457875457876,7.326007326007327,71.42857142857143
E00077242,317,87,41,46,230,14,216,27.444794952681388,12.933753943217665,14.511041009463725,72.55520504731862,4.416403785488959,68.13880126182966
E00077244,263,65,24,41,198,26,172,24.714828897338403,9.125475285171103,15.5893536121673,75.2851711026616,9.885931558935361,65.39923954372624
E00077245,302,40,22,18,262,21,241,13.245033112582782,7.28476821192053,5.960264900662252,86.75496688741721,6.95364238410596,79.80132450331125
E00077246,293,80,35,45,213,13,200,27.303754266211605,11.945392491467576,15.358361774744028,72.6962457337884,4.436860068259386,68.25938566552901
E00077247,330,58,23,35,272,21,251,17.575757575757574,6.969696969696971,10.606060606060606,82.42424242424242,6.363636363636363,76.06060606060606
E00077248,272,86,44,42,186,19,167,31.61764705882353,16.176470588235293,15.441176470588236,68.38235294117648,6.985294117647059,61.39705882352941
E00077249,299,39,11,28,260,23,237,13.043478260869565,3.678929765886288,9.364548494983277,86.95652173913044,7.6923076923076925,79.26421404682274
E00077250,219,46,21,25,173,20,153,21.00456621004566,9.58904109589041,11.415525114155251,78.99543378995433,9.1324200913242,69.86301369863014
E00077251,223,31,9,22,192,16,176,13.901345291479823,4.0358744394618835,9.865470852017937,86.09865470852019,7.174887892376682,78.9237668161435
E00077252,613,155,38,117,458,54,404,25.28548123980424,6.199021207177815,19.086460032626427,74.71451876019576,8.809135399673735,65.90538336052202
E00077255,338,37,16,21,301,13,288,10.946745562130179,4.733727810650888,6.21301775147929,89.05325443786982,3.8461538461538463,85.20710059171599
E00077256,317,61,20,41,256,20,236,19.242902208201894,6.309148264984227,12.933753943217665,80.7570977917981,6.309148264984227,74.44794952681389
E00077258,392,38,12,26,354,15,339,9.693877551020408,3.061224489795918,6.63265306122449,90.3061224489796,3.826530612244898,86.4795918367347
E00077259,307,61,24,37,246,17,229,19.86970684039088,7.81758957654723,12.052117263843648,80.13029315960912,5.537459283387622,74.5928338762215
E00077260,301,25,6,19,276,16,260,8.305647840531561,1.9933554817275747,6.312292358803987,91.69435215946844,5.3156146179401995,86.37873754152824
E00077262,450,62,23,39,388,33,355,13.777777777777779,5.111111111111112,8.666666666666668,86.22222222222223,7.333333333333333,78.88888888888889
E00077264,319,59,25,34,260,26,234,18.495297805642632,7.836990595611286,10.658307210031348,81.50470219435736,8.150470219435736,73.35423197492163
E00077265,246,35,10,25,211,15,196,14.227642276422763,4.0650406504065035,10.16260162601626,85.77235772357723,6.097560975609756,79.67479674796748
E00077266,454,72,18,54,382,33,349,15.859030837004406,3.9647577092511015,11.894273127753303,84.14096916299559,7.268722466960352,76.87224669603523
E00077267,172,58,36,22,114,12,102,33.72093023255814,20.930232558139537,12.790697674418606,66.27906976744185,6.976744186046512,59.30232558139535
E00077268,385,63,21,42,322,17,305,16.363636363636363,5.454545454545454,10.909090909090908,83.63636363636363,4.415584415584416,79.22077922077922
E00077269,223,47,21,26,176,21,155,21.076233183856502,9.417040358744394,11.659192825112108,78.9237668161435,9.417040358744394,69.50672645739911
E00077270,342,94,49,45,248,22,226,27.485380116959064,14.327485380116958,13.157894736842104,72.51461988304094,6.432748538011696,66.08187134502924
E00077271,271,50,18,32,221,34,187,18.45018450184502,6.642066420664207,11.808118081180812,81.54981549815497,12.546125461254611,69.00369003690037
E00077273,250,48,13,35,202,12,190,19.2,5.2,14.000000000000002,80.80000000000001,4.8,76
E00077274,322,64,27,37,258,21,237,19.875776397515526,8.385093167701864,11.490683229813664,80.12422360248446,6.521739130434782,73.6024844720497
E00077275,357,22,4,18,335,20,315,6.162464985994398,1.1204481792717087,5.042016806722689,93.8375350140056,5.602240896358544,88.23529411764706
E00077276,247,26,2,24,221,12,209,10.526315789473683,0.8097165991902834,9.7165991902834,89.47368421052632,4.8582995951417,84.61538461538461
E00077277,398,68,27,41,330,28,302,17.08542713567839,6.78391959798995,10.301507537688442,82.91457286432161,7.035175879396985,75.87939698492463
E00077278,195,45,23,22,150,12,138,23.076923076923077,11.794871794871794,11.282051282051283,76.92307692307693,6.153846153846154,70.76923076923077
E00077279,345,52,18,34,293,18,275,15.072463768115943,5.217391304347826,9.855072463768117,84.92753623188406,5.217391304347826,79.71014492753623
E00077280,439,79,32,47,360,35,325,17.995444191343964,7.289293849658314,10.70615034168565,82.00455580865604,7.972665148063782,74.03189066059225
E00077281,400,71,39,32,329,20,309,17.75,9.75,8,82.25,5,77.25
E00077282,235,39,21,18,196,16,180,16.595744680851062,8.936170212765958,7.659574468085106,83.40425531914893,6.808510638297872,76.59574468085107
E00077283,237,43,14,29,194,14,180,18.143459915611814,5.9071729957805905,12.236286919831224,81.85654008438819,5.9071729957805905,75.9493670886076
E00077284,266,59,20,39,207,33,174,22.18045112781955,7.518796992481203,14.661654135338345,77.81954887218046,12.406015037593985,65.41353383458647
E00077285,472,76,31,45,396,23,373,16.101694915254235,6.567796610169492,9.533898305084746,83.89830508474576,4.872881355932203,79.02542372881356
E00077286,311,59,31,28,252,24,228,18.971061093247588,9.967845659163988,9.003215434083602,81.02893890675242,7.717041800643088,73.31189710610933
E00077287,283,55,21,34,228,15,213,19.434628975265017,7.420494699646643,12.014134275618375,80.56537102473497,5.30035335689046,75.26501766784452
E00077288,296,48,20,28,248,19,229,16.216216216216218,6.756756756756757,9.45945945945946,83.78378378378379,6.418918918918918,77.36486486486487
E00077289,396,81,33,48,315,26,289,20.454545454545457,8.333333333333332,12.121212121212121,79.54545454545455,6.565656565656567,72.97979797979798
E00077292,445,102,39,63,343,19,324,22.92134831460674,8.764044943820224,14.157303370786517,77.07865168539327,4.269662921348314,72.80898876404494
E00077293,330,61,19,42,269,19,250,18.484848484848484,5.757575757575758,12.727272727272727,81.51515151515152,5.757575757575758,75.75757575757575
E00077294,371,62,23,39,309,20,289,16.711590296495956,6.199460916442049,10.512129380053908,83.28840970350404,5.3908355795148255,77.89757412398922
E00077295,397,61,25,36,336,28,308,15.365239294710328,6.297229219143577,9.06801007556675,84.63476070528966,7.052896725440807,77.58186397984886
E00077296,414,62,25,37,352,36,316,14.975845410628018,6.038647342995169,8.937198067632849,85.02415458937197,8.695652173913043,76.32850241545893
E00077297,253,70,33,37,183,9,174,27.66798418972332,13.043478260869565,14.624505928853754,72.33201581027669,3.557312252964427,68.77470355731225
E00077298,216,80,42,38,136,3,133,37.03703703703704,19.444444444444446,17.59259259259259,62.96296296296296,1.3888888888888888,61.57407407407407
E00077299,321,51,17,34,270,16,254,15.887850467289718,5.29595015576324,10.59190031152648,84.11214953271028,4.984423676012461,79.12772585669782
E00077301,513,77,40,37,436,30,406,15.009746588693956,7.797270955165692,7.212475633528265,84.99025341130604,5.847953216374268,79.14230019493176
E00077302,302,72,35,37,230,20,210,23.841059602649008,11.589403973509933,12.251655629139073,76.15894039735099,6.622516556291391,69.5364238410596
E00077303,376,63,26,37,313,20,293,16.75531914893617,6.914893617021277,9.840425531914894,83.24468085106383,5.319148936170213,77.92553191489363
E00077304,487,87,50,37,400,33,367,17.864476386036962,10.266940451745379,7.597535934291582,82.13552361396303,6.7761806981519515,75.35934291581108
E00077305,470,117,52,65,353,26,327,24.893617021276597,11.063829787234042,13.829787234042554,75.1063829787234,5.531914893617021,69.57446808510637
E00077306,228,61,29,32,167,19,148,26.75438596491228,12.719298245614036,14.035087719298245,73.24561403508771,8.333333333333332,64.91228070175438
E00077307,333,50,24,26,283,14,269,15.015015015015015,7.207207207207207,7.807807807807808,84.98498498498499,4.2042042042042045,80.78078078078079
E00077308,459,78,31,47,381,29,352,16.99346405228758,6.753812636165578,10.239651416122005,83.00653594771242,6.318082788671024,76.68845315904139
E00077309,340,61,20,41,279,20,259,17.941176470588236,5.88235294117647,12.058823529411764,82.05882352941177,5.88235294117647,76.17647058823529
E00077310,240,56,31,25,184,23,161,23.333333333333332,12.916666666666668,10.416666666666668,76.66666666666667,9.583333333333334,67.08333333333333
E00077311,254,44,16,28,210,24,186,17.322834645669293,6.299212598425196,11.023622047244094,82.67716535433071,9.448818897637794,73.22834645669292
E00077312,206,34,13,21,172,14,158,16.50485436893204,6.310679611650485,10.194174757281553,83.49514563106796,6.796116504854369,76.69902912621359
E00077313,345,73,34,39,272,32,240,21.15942028985507,9.855072463768117,11.304347826086957,78.84057971014494,9.27536231884058,69.56521739130434
E00077314,361,70,31,39,291,13,278,19.390581717451525,8.587257617728532,10.80332409972299,80.60941828254848,3.6011080332409975,77.00831024930747
E00077315,453,116,64,52,337,31,306,25.607064017660043,14.1280353200883,11.479028697571744,74.39293598233996,6.843267108167771,67.54966887417218
E00077316,308,44,12,32,264,20,244,14.285714285714285,3.896103896103896,10.38961038961039,85.71428571428571,6.493506493506493,79.22077922077922
E00077317,261,56,29,27,205,18,187,21.455938697318008,11.11111111111111,10.344827586206897,78.544061302682,6.896551724137931,71.64750957854406
E00077318,301,68,33,35,233,28,205,22.591362126245848,10.96345514950166,11.627906976744185,77.40863787375415,9.30232558139535,68.10631229235881
E00077319,278,30,14,16,248,19,229,10.79136690647482,5.0359712230215825,5.755395683453238,89.20863309352518,6.83453237410072,82.37410071942446
E00077320,308,42,17,25,266,26,240,13.636363636363635,5.51948051948052,8.116883116883116,86.36363636363636,8.441558441558442,77.92207792207793
E00077321,299,55,16,39,244,30,214,18.394648829431436,5.351170568561873,13.043478260869565,81.60535117056857,10.033444816053512,71.57190635451505
E00077322,278,56,11,45,222,24,198,20.14388489208633,3.9568345323741005,16.18705035971223,79.85611510791367,8.633093525179856,71.22302158273382
E00077323,166,33,11,22,133,14,119,19.879518072289155,6.626506024096386,13.253012048192772,80.12048192771084,8.433734939759036,71.6867469879518
E00077324,451,148,72,76,303,39,264,32.8159645232816,15.96452328159645,16.851441241685144,67.1840354767184,8.647450110864744,58.536585365853654
E00077325,334,46,15,31,288,26,262,13.77245508982036,4.491017964071856,9.281437125748502,86.22754491017965,7.784431137724551,78.44311377245509
E00077326,333,70,31,39,263,22,241,21.02102102102102,9.30930930930931,11.711711711711711,78.97897897897897,6.606606606606606,72.37237237237237
E00077327,216,49,18,31,167,12,155,22.685185185185187,8.333333333333332,14.351851851851851,77.31481481481481,5.555555555555555,71.75925925925925
E00077328,347,49,17,32,298,40,258,14.121037463976945,4.899135446685879,9.221902017291066,85.87896253602305,11.527377521613833,74.35158501440922
E00077329,341,80,30,50,261,29,232,23.46041055718475,8.797653958944283,14.66275659824047,76.53958944281524,8.504398826979472,68.03519061583577
E00077330,246,35,17,18,211,20,191,14.227642276422763,6.910569105691057,7.317073170731707,85.77235772357723,8.130081300813007,77.64227642276423
E00077331,312,79,35,44,233,23,210,25.320512820512818,11.217948717948719,14.102564102564102,74.67948717948718,7.371794871794872,67.3076923076923
E00077332,260,32,13,19,228,21,207,12.307692307692308,5,7.307692307692308,87.6923076923077,8.076923076923077,79.61538461538461
E00077333,295,44,16,28,251,24,227,14.915254237288137,5.423728813559322,9.491525423728813,85.08474576271186,8.135593220338983,76.94915254237287
E00077334,302,44,11,33,258,28,230,14.56953642384106,3.642384105960265,10.927152317880795,85.43046357615894,9.271523178807946,76.15894039735099
E00077335,326,54,26,28,272,26,246,16.56441717791411,7.975460122699387,8.588957055214724,83.43558282208589,7.975460122699387,75.4601226993865
E00077336,276,45,27,18,231,22,209,16.304347826086957,9.782608695652174,6.521739130434782,83.69565217391305,7.971014492753622,75.72463768115942
E00077337,257,57,17,40,200,29,171,22.17898832684825,6.614785992217899,15.56420233463035,77.82101167315176,11.284046692607005,66.53696498054474
E00077338,280,50,20,30,230,19,211,17.857142857142858,7.142857142857142,10.714285714285714,82.14285714285714,6.785714285714286,75.35714285714286
E00077339,294,62,26,36,232,27,205,21.08843537414966,8.843537414965986,12.244897959183673,78.91156462585033,9.183673469387756,69.72789115646259
E00077340,311,40,11,29,271,36,235,12.861736334405144,3.536977491961415,9.32475884244373,87.13826366559485,11.57556270096463,75.56270096463022
E00077341,389,61,21,40,328,29,299,15.681233933161954,5.3984575835475574,10.282776349614396,84.31876606683805,7.455012853470437,76.86375321336762
E00077342,313,46,16,30,267,29,238,14.696485623003195,5.111821086261981,9.584664536741213,85.3035143769968,9.26517571884984,76.03833865814697
E00077343,271,51,17,34,220,16,204,18.81918819188192,6.273062730627306,12.546125461254611,81.18081180811808,5.904059040590406,75.27675276752768
E00077344,357,60,27,33,297,29,268,16.80672268907563,7.563025210084033,9.243697478991598,83.19327731092437,8.123249299719888,75.07002801120449
E00077345,293,45,13,32,248,20,228,15.358361774744028,4.436860068259386,10.921501706484642,84.64163822525597,6.825938566552901,77.81569965870307
E00077346,200,41,16,25,159,19,140,20.5,8,12.5,79.5,9.5,70
E00077347,229,53,25,28,176,18,158,23.144104803493452,10.91703056768559,12.22707423580786,76.85589519650655,7.860262008733625,68.99563318777294
E00077348,347,132,88,44,215,23,192,38.04034582132565,25.360230547550433,12.680115273775217,61.95965417867435,6.628242074927954,55.3314121037464
E00077349,291,46,21,25,245,24,221,15.807560137457044,7.216494845360824,8.59106529209622,84.19243986254295,8.24742268041237,75.94501718213058
E00077350,279,76,45,31,203,21,182,27.24014336917563,16.129032258064516,11.11111111111111,72.75985663082437,7.526881720430108,65.23297491039428
E00077351,328,76,36,40,252,22,230,23.170731707317074,10.975609756097562,12.195121951219512,76.82926829268293,6.707317073170732,70.1219512195122
E00077352,314,119,69,50,195,10,185,37.898089171974526,21.97452229299363,15.92356687898089,62.101910828025474,3.1847133757961785,58.917197452229296
E00077353,300,72,29,43,228,26,202,24,9.666666666666666,14.333333333333334,76,8.666666666666668,67.33333333333333
E00077354,292,67,31,36,225,19,206,22.945205479452056,10.616438356164384,12.32876712328767,77.05479452054794,6.506849315068493,70.54794520547945
E00077355,292,70,35,35,222,15,207,23.972602739726025,11.986301369863012,11.986301369863012,76.02739726027397,5.136986301369863,70.8904109589041
E00077356,350,92,31,61,258,24,234,26.285714285714285,8.857142857142856,17.42857142857143,73.71428571428571,6.857142857142858,66.85714285714286
E00077357,310,68,39,29,242,21,221,21.935483870967744,12.580645161290322,9.35483870967742,78.06451612903226,6.774193548387098,71.29032258064515
E00077359,297,58,21,37,239,17,222,19.52861952861953,7.07070707070707,12.457912457912458,80.47138047138047,5.723905723905724,74.74747474747475
E00077360,460,98,47,51,362,45,317,21.304347826086957,10.217391304347826,11.08695652173913,78.69565217391305,9.782608695652174,68.91304347826087
E00077361,337,71,28,43,266,24,242,21.068249258160236,8.30860534124629,12.759643916913946,78.93175074183976,7.121661721068249,71.81008902077151
E00077362,297,57,31,26,240,28,212,19.19191919191919,10.437710437710438,8.754208754208754,80.8080808080808,9.427609427609427,71.38047138047138
E00077363,283,71,38,33,212,20,192,25.08833922261484,13.427561837455832,11.66077738515901,74.91166077738515,7.06713780918728,67.84452296819788
E00077364,339,70,34,36,269,23,246,20.64896755162242,10.029498525073747,10.619469026548673,79.35103244837758,6.784660766961652,72.56637168141593
E00077365,347,79,42,37,268,34,234,22.76657060518732,12.103746397694524,10.662824207492795,77.23342939481267,9.798270893371757,67.43515850144092
E00077367,322,94,47,47,228,22,206,29.19254658385093,14.596273291925465,14.596273291925465,70.80745341614907,6.832298136645963,63.975155279503106
E00077368,292,57,26,31,235,27,208,19.52054794520548,8.904109589041095,10.616438356164384,80.47945205479452,9.246575342465754,71.23287671232876
E00077369,315,73,38,35,242,21,221,23.174603174603174,12.063492063492063,11.11111111111111,76.82539682539684,6.666666666666667,70.15873015873015
E00077370,304,47,12,35,257,27,230,15.460526315789474,3.9473684210526314,11.513157894736842,84.53947368421053,8.881578947368421,75.6578947368421
E00077371,327,69,41,28,258,27,231,21.100917431192663,12.538226299694188,8.56269113149847,78.89908256880734,8.256880733944955,70.64220183486239
E00077372,305,79,40,39,226,27,199,25.901639344262296,13.114754098360656,12.786885245901638,74.09836065573771,8.852459016393443,65.24590163934427
E00077373,440,68,36,32,372,24,348,15.454545454545453,8.181818181818182,7.2727272727272725,84.54545454545455,5.454545454545454,79.0909090909091
E00077374,275,64,38,26,211,19,192,23.272727272727273,13.818181818181818,9.454545454545455,76.72727272727272,6.909090909090909,69.81818181818183
E00077375,291,59,26,33,232,16,216,20.274914089347078,8.934707903780069,11.34020618556701,79.72508591065292,5.498281786941581,74.22680412371135
E00077376,285,81,47,34,204,17,187,28.421052631578945,16.49122807017544,11.929824561403509,71.57894736842105,5.964912280701754,65.6140350877193
E00077377,265,47,24,23,218,21,197,17.735849056603772,9.056603773584905,8.679245283018867,82.26415094339623,7.9245283018867925,74.33962264150942
E00077378,268,70,40,30,198,20,178,26.119402985074625,14.925373134328357,11.194029850746269,73.88059701492537,7.462686567164178,66.4179104477612
E00077379,303,80,40,40,223,22,201,26.4026402640264,13.2013201320132,13.2013201320132,73.5973597359736,7.2607260726072615,66.33663366336634
E00077380,292,77,38,39,215,20,195,26.36986301369863,13.013698630136986,13.356164383561644,73.63013698630137,6.8493150684931505,66.78082191780823
E00077381,534,141,66,75,393,27,366,26.40449438202247,12.359550561797752,14.04494382022472,73.59550561797754,5.056179775280898,68.53932584269663
E00077382,281,59,23,36,222,16,206,20.99644128113879,8.185053380782918,12.811387900355871,79.00355871886121,5.6939501779359425,73.30960854092527
E00077383,578,122,60,62,456,32,424,21.10726643598616,10.380622837370241,10.726643598615917,78.89273356401384,5.536332179930796,73.35640138408304
E00077384,364,94,43,51,270,22,248,25.82417582417583,11.813186813186812,14.010989010989011,74.17582417582418,6.043956043956044,68.13186813186813
E00077385,272,60,25,35,212,16,196,22.058823529411764,9.191176470588236,12.867647058823529,77.94117647058823,5.88235294117647,72.05882352941177
E00077386,265,55,28,27,210,23,187,20.754716981132077,10.566037735849058,10.18867924528302,79.24528301886792,8.679245283018867,70.56603773584905
E00077387,258,57,22,35,201,20,181,22.093023255813954,8.527131782945736,13.565891472868216,77.90697674418605,7.751937984496124,70.15503875968993
E00077388,334,106,60,46,228,20,208,31.736526946107784,17.964071856287426,13.77245508982036,68.26347305389223,5.9880239520958085,62.27544910179641
E00077389,301,77,42,35,224,29,195,25.581395348837212,13.953488372093023,11.627906976744185,74.4186046511628,9.634551495016613,64.78405315614619
E00077390,349,69,28,41,280,16,264,19.770773638968482,8.022922636103152,11.74785100286533,80.22922636103151,4.584527220630372,75.64469914040114
E00077391,369,95,37,58,274,28,246,25.745257452574528,10.02710027100271,15.718157181571815,74.25474254742548,7.588075880758807,66.66666666666666
E00077392,290,79,44,35,211,20,191,27.241379310344826,15.172413793103448,12.068965517241379,72.75862068965517,6.896551724137931,65.86206896551724
E00077393,305,98,52,46,207,16,191,32.131147540983605,17.04918032786885,15.081967213114755,67.8688524590164,5.245901639344262,62.62295081967213
E00077394,271,83,44,39,188,12,176,30.627306273062732,16.236162361623617,14.391143911439114,69.37269372693727,4.428044280442804,64.94464944649447
E00077395,263,59,27,32,204,19,185,22.433460076045627,10.26615969581749,12.167300380228136,77.56653992395437,7.224334600760455,70.34220532319392
E00077396,319,96,52,44,223,18,205,30.094043887147336,16.30094043887147,13.793103448275861,69.90595611285266,5.6426332288401255,64.26332288401254
E00077397,349,57,25,32,292,23,269,16.332378223495702,7.163323782234957,9.169054441260744,83.66762177650429,6.59025787965616,77.07736389684814
E00077398,284,73,32,41,211,13,198,25.704225352112676,11.267605633802818,14.43661971830986,74.29577464788733,4.577464788732395,69.71830985915493
E00077399,268,72,41,31,196,17,179,26.865671641791046,15.298507462686567,11.567164179104477,73.13432835820896,6.343283582089552,66.7910447761194
E00077400,334,90,39,51,244,20,224,26.94610778443114,11.676646706586826,15.269461077844312,73.05389221556887,5.9880239520958085,67.06586826347305
E00077401,314,81,46,35,233,16,217,25.796178343949045,14.64968152866242,11.146496815286625,74.20382165605095,5.095541401273886,69.10828025477707
E00077402,353,59,24,35,294,32,262,16.71388101983003,6.79886685552408,9.91501416430595,83.28611898016997,9.06515580736544,74.22096317280453
E00077403,354,77,29,48,277,30,247,21.75141242937853,8.192090395480225,13.559322033898304,78.24858757062147,8.47457627118644,69.77401129943502
E00077404,337,89,52,37,248,11,237,26.409495548961427,15.43026706231454,10.979228486646884,73.59050445103857,3.2640949554896146,70.32640949554896
E00077405,408,80,20,60,328,24,304,19.607843137254903,4.901960784313726,14.705882352941178,80.3921568627451,5.88235294117647,74.50980392156863
E00077406,368,95,39,56,273,21,252,25.815217391304344,10.597826086956522,15.217391304347828,74.18478260869566,5.706521739130435,68.47826086956522
E00077407,262,77,46,31,185,19,166,29.389312977099237,17.557251908396946,11.83206106870229,70.61068702290076,7.251908396946565,63.358778625954194
E00077408,265,63,29,34,202,14,188,23.77358490566038,10.943396226415095,12.830188679245284,76.22641509433963,5.283018867924529,70.94339622641509
E00077409,316,58,25,33,258,21,237,18.354430379746837,7.9113924050632916,10.443037974683545,81.64556962025317,6.6455696202531636,75
E00077410,303,75,33,42,228,28,200,24.752475247524753,10.891089108910892,13.861386138613863,75.24752475247524,9.24092409240924,66.006600660066
E00077411,183,60,30,30,123,9,114,32.78688524590164,16.39344262295082,16.39344262295082,67.21311475409836,4.918032786885246,62.295081967213115
E00077412,293,70,26,44,223,27,196,23.890784982935152,8.873720136518772,15.017064846416384,76.10921501706484,9.215017064846416,66.89419795221842
E00077413,295,69,28,41,226,18,208,23.389830508474578,9.491525423728813,13.898305084745763,76.61016949152543,6.101694915254238,70.50847457627118
E00077414,210,27,11,16,183,15,168,12.857142857142856,5.238095238095238,7.6190476190476195,87.14285714285714,7.142857142857142,80
E00077415,335,47,11,36,288,21,267,14.029850746268657,3.2835820895522385,10.746268656716417,85.97014925373134,6.26865671641791,79.70149253731343
E00077417,301,35,11,24,266,29,237,11.627906976744185,3.6544850498338874,7.973421926910299,88.37209302325581,9.634551495016613,78.7375415282392
E00077418,300,36,11,25,264,23,241,12,3.6666666666666665,8.333333333333332,88,7.666666666666666,80.33333333333333
E00077419,332,53,28,25,279,26,253,15.963855421686745,8.433734939759036,7.530120481927711,84.03614457831326,7.83132530120482,76.20481927710844
E00077420,292,36,13,23,256,23,233,12.32876712328767,4.4520547945205475,7.876712328767123,87.67123287671232,7.876712328767123,79.7945205479452
E00077421,321,41,10,31,280,25,255,12.77258566978193,3.115264797507788,9.657320872274143,87.22741433021807,7.78816199376947,79.43925233644859
E00077422,304,43,11,32,261,22,239,14.144736842105262,3.618421052631579,10.526315789473683,85.85526315789474,7.236842105263158,78.61842105263158
E00077423,287,47,18,29,240,29,211,16.376306620209057,6.2717770034843205,10.104529616724738,83.62369337979094,10.104529616724738,73.5191637630662
E00077424,312,40,13,27,272,21,251,12.82051282051282,4.166666666666666,8.653846153846153,87.17948717948718,6.730769230769231,80.44871794871796
E00077425,308,27,13,14,281,19,262,8.766233766233766,4.220779220779221,4.545454545454546,91.23376623376623,6.1688311688311686,85.06493506493507
E00077426,324,42,17,25,282,26,256,12.962962962962962,5.246913580246913,7.716049382716049,87.03703703703704,8.024691358024691,79.01234567901234
E00077427,460,86,23,63,374,41,333,18.695652173913043,5,13.695652173913043,81.30434782608695,8.91304347826087,72.3913043478261
E00077428,363,42,17,25,321,24,297,11.570247933884298,4.683195592286501,6.887052341597796,88.42975206611571,6.6115702479338845,81.81818181818183
E00077429,311,38,19,19,273,21,252,12.218649517684888,6.109324758842444,6.109324758842444,87.78135048231512,6.752411575562702,81.02893890675242
E00077430,347,37,8,29,310,23,287,10.662824207492795,2.3054755043227666,8.357348703170029,89.33717579250721,6.628242074927954,82.70893371757924
E00077431,347,44,18,26,303,31,272,12.680115273775217,5.187319884726225,7.492795389048991,87.31988472622479,8.93371757925072,78.38616714697406
E00077432,330,57,18,39,273,24,249,17.272727272727273,5.454545454545454,11.818181818181818,82.72727272727273,7.2727272727272725,75.45454545454545
E00077433,305,71,37,34,234,22,212,23.278688524590162,12.131147540983607,11.147540983606557,76.72131147540983,7.213114754098362,69.50819672131148
E00077434,369,86,36,50,283,24,259,23.306233062330623,9.75609756097561,13.550135501355012,76.69376693766937,6.504065040650407,70.18970189701898
E00077435,311,50,23,27,261,19,242,16.077170418006432,7.395498392282958,8.681672025723474,83.92282958199357,6.109324758842444,77.81350482315112
E00077436,316,52,16,36,264,26,238,16.455696202531644,5.063291139240507,11.39240506329114,83.54430379746836,8.227848101265822,75.31645569620254
E00077437,281,62,27,35,219,19,200,22.064056939501782,9.608540925266903,12.455516014234876,77.93594306049823,6.761565836298933,71.17437722419929
E00077438,341,39,14,25,302,19,283,11.436950146627565,4.105571847507331,7.331378299120235,88.56304985337243,5.571847507331378,82.99120234604106
E00077439,322,39,12,27,283,29,254,12.111801242236025,3.7267080745341614,8.385093167701864,87.88819875776397,9.006211180124224,78.88198757763976
E00077440,317,73,35,38,244,23,221,23.02839116719243,11.041009463722396,11.987381703470032,76.97160883280758,7.255520504731862,69.71608832807571
E00077441,342,44,12,32,298,24,274,12.865497076023392,3.508771929824561,9.35672514619883,87.13450292397661,7.017543859649122,80.11695906432749
E00077442,417,66,19,47,351,25,326,15.827338129496402,4.556354916067146,11.270983213429256,84.17266187050359,5.995203836930456,78.17745803357315
E00077443,364,77,31,46,287,24,263,21.153846153846153,8.516483516483516,12.637362637362637,78.84615384615384,6.593406593406594,72.25274725274726
E00077444,293,55,23,32,238,24,214,18.771331058020476,7.849829351535837,10.921501706484642,81.22866894197952,8.19112627986348,73.03754266211604
E00077445,377,49,17,32,328,29,299,12.9973474801061,4.509283819628647,8.488063660477453,87.0026525198939,7.6923076923076925,79.3103448275862
E00077446,356,46,17,29,310,21,289,12.921348314606742,4.775280898876404,8.146067415730338,87.07865168539325,5.8988764044943816,81.17977528089888
E00077447,336,46,23,23,290,27,263,13.690476190476192,6.845238095238096,6.845238095238096,86.30952380952381,8.035714285714286,78.27380952380952
E00077448,349,42,13,29,307,28,279,12.034383954154727,3.7249283667621778,8.30945558739255,87.96561604584528,8.022922636103152,79.94269340974212
E00077449,340,52,24,28,288,31,257,15.294117647058824,7.0588235294117645,8.235294117647058,84.70588235294117,9.117647058823529,75.58823529411765
E00077450,159,56,36,20,103,9,94,35.22012578616352,22.641509433962266,12.578616352201259,64.77987421383648,5.660377358490567,59.11949685534591
E00077451,328,44,16,28,284,19,265,13.414634146341465,4.878048780487805,8.536585365853659,86.58536585365853,5.7926829268292686,80.79268292682927
E00077452,335,56,11,45,279,19,260,16.716417910447763,3.2835820895522385,13.432835820895523,83.28358208955224,5.6716417910447765,77.61194029850746
E00077453,324,48,14,34,276,33,243,14.814814814814813,4.320987654320987,10.493827160493826,85.18518518518519,10.185185185185185,75
E00077454,295,62,30,32,233,20,213,21.01694915254237,10.16949152542373,10.847457627118644,78.98305084745762,6.779661016949152,72.20338983050848
E00077455,331,47,17,30,284,20,264,14.19939577039275,5.13595166163142,9.06344410876133,85.80060422960725,6.042296072507553,79.7583081570997
E00077456,329,66,28,38,263,28,235,20.060790273556233,8.51063829787234,11.55015197568389,79.93920972644378,8.51063829787234,71.42857142857143
E00077457,307,39,16,23,268,19,249,12.703583061889251,5.211726384364821,7.491856677524431,87.29641693811075,6.188925081433225,81.10749185667753
E00077458,409,53,17,36,356,26,330,12.95843520782396,4.156479217603912,8.80195599022005,87.04156479217605,6.356968215158925,80.68459657701712
E00077459,383,54,14,40,329,30,299,14.099216710182768,3.6553524804177546,10.443864229765012,85.90078328981723,7.83289817232376,78.06788511749347
E00077460,395,51,21,30,344,27,317,12.91139240506329,5.3164556962025316,7.59493670886076,87.0886075949367,6.8354430379746836,80.25316455696202
E00077461,333,66,25,41,267,23,244,19.81981981981982,7.5075075075075075,12.312312312312311,80.18018018018019,6.906906906906906,73.27327327327328
E00077462,332,32,7,25,300,28,272,9.63855421686747,2.108433734939759,7.530120481927711,90.36144578313254,8.433734939759036,81.92771084337349
E00077463,381,59,23,36,322,27,295,15.485564304461944,6.036745406824147,9.448818897637794,84.51443569553805,7.086614173228346,77.42782152230971
E00077464,354,48,16,32,306,32,274,13.559322033898304,4.519774011299435,9.03954802259887,86.4406779661017,9.03954802259887,77.40112994350282
E00077465,345,31,13,18,314,26,288,8.985507246376812,3.768115942028986,5.217391304347826,91.01449275362319,7.536231884057972,83.47826086956522
E00077466,388,48,16,32,340,30,310,12.371134020618557,4.123711340206185,8.24742268041237,87.62886597938144,7.731958762886598,79.89690721649485
E00077467,376,45,26,19,331,28,303,11.96808510638298,6.914893617021277,5.053191489361701,88.03191489361703,7.446808510638298,80.58510638297872
E00077468,351,53,19,34,298,33,265,15.0997150997151,5.413105413105413,9.686609686609685,84.9002849002849,9.401709401709402,75.49857549857549
E00077469,298,46,18,28,252,18,234,15.436241610738255,6.0402684563758395,9.395973154362416,84.56375838926175,6.0402684563758395,78.52348993288591
E00077470,313,34,20,14,279,22,257,10.86261980830671,6.3897763578274756,4.472843450479233,89.1373801916933,7.0287539936102235,82.10862619808307
E00077471,345,40,13,27,305,21,284,11.594202898550725,3.768115942028986,7.82608695652174,88.40579710144928,6.086956521739131,82.31884057971014
E00077472,348,30,11,19,318,26,292,8.620689655172415,3.1609195402298855,5.459770114942529,91.37931034482759,7.471264367816093,83.9080459770115
E00077473,319,31,7,24,288,25,263,9.717868338557993,2.19435736677116,7.523510971786834,90.28213166144201,7.836990595611286,82.44514106583071
E00077474,397,67,27,40,330,38,292,16.876574307304786,6.801007556675064,10.075566750629724,83.12342569269522,9.571788413098236,73.55163727959699
E00077475,415,63,21,42,352,15,337,15.180722891566264,5.0602409638554215,10.120481927710843,84.81927710843374,3.614457831325301,81.20481927710843
E00077477,403,44,12,32,359,32,327,10.918114143920596,2.977667493796526,7.94044665012407,89.0818858560794,7.94044665012407,81.14143920595534
E00077478,435,84,49,35,351,21,330,19.310344827586206,11.264367816091953,8.045977011494253,80.6896551724138,4.827586206896552,75.86206896551724
E00077479,464,75,31,44,389,26,363,16.163793103448278,6.68103448275862,9.482758620689655,83.83620689655173,5.603448275862069,78.23275862068965
E00077480,257,36,17,19,221,16,205,14.007782101167315,6.614785992217899,7.392996108949417,85.99221789883269,6.22568093385214,79.76653696498055
E00077481,288,35,15,20,253,25,228,12.152777777777777,5.208333333333334,6.944444444444445,87.84722222222221,8.680555555555555,79.16666666666666
E00077482,396,63,17,46,333,26,307,15.909090909090908,4.292929292929292,11.616161616161616,84.0909090909091,6.565656565656567,77.52525252525253
E00077483,339,54,20,34,285,24,261,15.929203539823009,5.899705014749262,10.029498525073747,84.070796460177,7.079646017699115,76.99115044247787
E00077484,288,42,14,28,246,12,234,14.583333333333334,4.861111111111112,9.722222222222223,85.41666666666666,4.166666666666666,81.25
E00077485,323,50,24,26,273,24,249,15.479876160990713,7.430340557275541,8.04953560371517,84.52012383900929,7.430340557275541,77.08978328173374
E00077486,369,52,12,40,317,27,290,14.092140921409213,3.2520325203252036,10.840108401084011,85.90785907859079,7.317073170731707,78.59078590785907
E00077487,393,57,13,44,336,25,311,14.50381679389313,3.307888040712468,11.195928753180661,85.49618320610686,6.361323155216285,79.13486005089058
E00077488,325,44,23,21,281,17,264,13.538461538461538,7.076923076923077,6.461538461538462,86.46153846153845,5.230769230769231,81.23076923076923
E00077489,410,79,32,47,331,29,302,19.26829268292683,7.804878048780488,11.463414634146343,80.73170731707317,7.073170731707316,73.65853658536585
E00077490,276,34,9,25,242,22,220,12.318840579710146,3.260869565217391,9.057971014492754,87.68115942028986,7.971014492753622,79.71014492753623
E00077491,291,49,14,35,242,20,222,16.83848797250859,4.810996563573884,12.027491408934708,83.16151202749141,6.872852233676976,76.28865979381443
E00077492,348,57,22,35,291,21,270,16.379310344827587,6.321839080459771,10.057471264367816,83.62068965517241,6.0344827586206895,77.58620689655173
E00077493,520,93,39,54,427,36,391,17.884615384615383,7.5,10.384615384615385,82.11538461538461,6.923076923076923,75.1923076923077
E00077494,382,75,34,41,307,28,279,19.63350785340314,8.900523560209423,10.732984293193718,80.36649214659685,7.329842931937172,73.03664921465969
E00077495,357,52,14,38,305,30,275,14.565826330532214,3.9215686274509802,10.644257703081232,85.43417366946778,8.403361344537815,77.03081232492998
E00077496,496,69,25,44,427,37,390,13.911290322580644,5.040322580645161,8.870967741935484,86.08870967741935,7.459677419354839,78.62903225806451
E00077497,140,61,33,28,79,3,76,43.57142857142857,23.57142857142857,20,56.42857142857143,2.142857142857143,54.285714285714285
E00077498,341,52,22,30,289,14,275,15.249266862170089,6.451612903225806,8.797653958944283,84.75073313782991,4.105571847507331,80.64516129032258
E00077499,410,102,47,55,308,33,275,24.878048780487806,11.463414634146343,13.414634146341465,75.1219512195122,8.048780487804878,67.07317073170732
E00077500,339,63,30,33,276,20,256,18.58407079646018,8.849557522123893,9.734513274336283,81.41592920353983,5.899705014749262,75.51622418879056
E00077501,309,55,22,33,254,16,238,17.79935275080906,7.119741100323624,10.679611650485436,82.20064724919094,5.177993527508091,77.02265372168284
E00077502,383,66,29,37,317,25,292,17.232375979112273,7.5718015665796345,9.660574412532636,82.76762402088774,6.527415143603134,76.2402088772846
E00077503,349,47,16,31,302,29,273,13.46704871060172,4.584527220630372,8.882521489971348,86.53295128939828,8.30945558739255,78.22349570200574
E00077504,277,90,58,32,187,22,165,32.49097472924188,20.938628158844764,11.552346570397113,67.50902527075813,7.9422382671480145,59.56678700361011
E00077505,288,52,21,31,236,20,216,18.055555555555554,7.291666666666667,10.76388888888889,81.94444444444444,6.944444444444445,75
E00077506,294,38,14,24,256,30,226,12.925170068027212,4.761904761904762,8.16326530612245,87.07482993197279,10.204081632653061,76.87074829931973
E00077507,324,59,31,28,265,23,242,18.209876543209877,9.5679012345679,8.641975308641975,81.79012345679013,7.098765432098765,74.69135802469135
E00077508,297,41,14,27,256,21,235,13.804713804713806,4.713804713804714,9.090909090909092,86.19528619528619,7.07070707070707,79.12457912457911
E00077509,302,77,40,37,225,20,205,25.496688741721858,13.245033112582782,12.251655629139073,74.50331125827815,6.622516556291391,67.88079470198676
E00077510,379,73,31,42,306,32,274,19.261213720316622,8.179419525065963,11.081794195250659,80.73878627968337,8.443271767810026,72.29551451187335
E00077511,316,45,17,28,271,22,249,14.240506329113925,5.379746835443038,8.860759493670885,85.75949367088607,6.962025316455696,78.79746835443038
E00077512,323,53,18,35,270,25,245,16.408668730650156,5.572755417956656,10.8359133126935,83.59133126934985,7.739938080495357,75.85139318885449
E00077513,474,135,72,63,339,29,310,28.48101265822785,15.18987341772152,13.291139240506327,71.51898734177216,6.118143459915612,65.40084388185655
E00077514,323,62,21,41,261,32,229,19.195046439628484,6.5015479876160995,12.693498452012383,80.80495356037152,9.907120743034056,70.89783281733746
E00077515,297,66,27,39,231,23,208,22.22222222222222,9.090909090909092,13.131313131313133,77.77777777777779,7.744107744107744,70.03367003367003
E00077516,262,56,28,28,206,20,186,21.374045801526716,10.687022900763358,10.687022900763358,78.62595419847328,7.633587786259542,70.99236641221374
E00077517,348,56,20,36,292,28,264,16.091954022988507,5.747126436781609,10.344827586206897,83.9080459770115,8.045977011494253,75.86206896551724
E00077518,283,57,27,30,226,29,197,20.141342756183743,9.540636042402827,10.60070671378092,79.85865724381625,10.247349823321555,69.6113074204947
E00077519,305,73,35,38,232,23,209,23.934426229508198,11.475409836065573,12.459016393442624,76.0655737704918,7.540983606557377,68.52459016393443
E00077520,332,44,12,32,288,28,260,13.253012048192772,3.614457831325301,9.63855421686747,86.74698795180723,8.433734939759036,78.3132530120482
E00077521,308,59,24,35,249,28,221,19.155844155844157,7.792207792207792,11.363636363636363,80.84415584415584,9.090909090909092,71.75324675324676
E00077522,304,66,27,39,238,16,222,21.710526315789476,8.881578947368421,12.828947368421053,78.28947368421053,5.263157894736842,73.02631578947368
E00077523,335,46,13,33,289,35,254,13.73134328358209,3.880597014925373,9.850746268656717,86.26865671641791,10.44776119402985,75.82089552238806
E00077524,431,85,37,48,346,31,315,19.721577726218097,8.584686774941995,11.1368909512761,80.2784222737819,7.192575406032482,73.08584686774941
E00077525,313,58,20,38,255,23,232,18.53035143769968,6.3897763578274756,12.140575079872203,81.46964856230032,7.348242811501597,74.12140575079871
E00077526,386,73,24,49,313,42,271,18.911917098445596,6.217616580310881,12.694300518134716,81.0880829015544,10.880829015544041,70.20725388601036
E00077528,304,52,22,30,252,13,239,17.105263157894736,7.236842105263158,9.868421052631579,82.89473684210526,4.276315789473684,78.61842105263158
E00077529,296,59,23,36,237,34,203,19.93243243243243,7.77027027027027,12.162162162162163,80.06756756756756,11.486486486486488,68.58108108108108
E00077530,402,70,29,41,332,20,312,17.412935323383085,7.213930348258707,10.199004975124378,82.58706467661692,4.975124378109453,77.61194029850746
E00077531,312,59,17,42,253,24,229,18.91025641025641,5.448717948717949,13.461538461538462,81.08974358974359,7.6923076923076925,73.3974358974359
E00077532,346,48,19,29,298,25,273,13.872832369942195,5.491329479768786,8.38150289017341,86.1271676300578,7.225433526011561,78.90173410404624
E00077533,331,58,21,37,273,28,245,17.522658610271904,6.3444108761329305,11.178247734138973,82.4773413897281,8.459214501510575,74.01812688821752
E00077534,324,68,30,38,256,29,227,20.98765432098765,9.25925925925926,11.728395061728394,79.01234567901234,8.950617283950617,70.06172839506173
E00077535,391,82,40,42,309,23,286,20.971867007672635,10.230179028132993,10.741687979539643,79.02813299232737,5.88235294117647,73.1457800511509
E00077536,392,66,29,37,326,30,296,16.83673469387755,7.3979591836734695,9.438775510204081,83.16326530612244,7.653061224489796,75.51020408163265
E00077538,239,73,36,37,166,22,144,30.543933054393307,15.062761506276152,15.481171548117153,69.4560669456067,9.205020920502092,60.25104602510461
E00077539,280,60,26,34,220,31,189,21.428571428571427,9.285714285714286,12.142857142857142,78.57142857142857,11.071428571428571,67.5
E00077540,309,57,23,34,252,30,222,18.446601941747574,7.443365695792881,11.003236245954692,81.55339805825243,9.70873786407767,71.84466019417476
E00077541,263,50,21,29,213,14,199,19.011406844106464,7.984790874524715,11.02661596958175,80.98859315589354,5.323193916349809,75.66539923954373
E00077542,330,49,15,34,281,21,260,14.84848484848485,4.545454545454546,10.303030303030303,85.15151515151516,6.363636363636363,78.78787878787878
E00077543,261,43,16,27,218,28,190,16.47509578544061,6.130268199233716,10.344827586206897,83.5249042145594,10.727969348659004,72.79693486590038
E00077544,315,37,17,20,278,21,257,11.746031746031745,5.396825396825397,6.349206349206349,88.25396825396825,6.666666666666667,81.58730158730158
E00077545,295,37,16,21,258,25,233,12.54237288135593,5.423728813559322,7.118644067796611,87.45762711864407,8.47457627118644,78.98305084745762
E00077546,295,40,15,25,255,23,232,13.559322033898304,5.084745762711865,8.47457627118644,86.4406779661017,7.796610169491526,78.64406779661017
E00077547,347,44,10,34,303,35,268,12.680115273775217,2.881844380403458,9.798270893371757,87.31988472622479,10.086455331412104,77.23342939481267
E00077548,341,44,8,36,297,20,277,12.903225806451612,2.346041055718475,10.557184750733137,87.09677419354838,5.865102639296188,81.23167155425219
E00077549,319,37,15,22,282,18,264,11.598746081504702,4.702194357366771,6.896551724137931,88.40125391849529,5.6426332288401255,82.75862068965517
E00077550,134,22,3,19,112,5,107,16.417910447761194,2.2388059701492535,14.17910447761194,83.5820895522388,3.731343283582089,79.8507462686567
E00077551,235,74,33,41,161,18,143,31.48936170212766,14.042553191489363,17.4468085106383,68.51063829787233,7.659574468085106,60.851063829787236
E00077552,346,85,42,43,261,18,243,24.566473988439306,12.138728323699421,12.427745664739884,75.43352601156069,5.202312138728324,70.23121387283237
E00077553,362,52,26,26,310,32,278,14.3646408839779,7.18232044198895,7.18232044198895,85.6353591160221,8.83977900552486,76.79558011049724
E00077554,288,66,29,37,222,19,203,22.916666666666664,10.069444444444445,12.847222222222221,77.08333333333334,6.597222222222222,70.48611111111111
E00077555,317,56,26,30,261,17,244,17.665615141955836,8.201892744479496,9.46372239747634,82.33438485804416,5.3627760252365935,76.97160883280758
E00077556,394,77,36,41,317,33,284,19.543147208121827,9.137055837563452,10.406091370558377,80.45685279187818,8.375634517766498,72.08121827411168
E00077557,221,78,37,41,143,21,122,35.294117647058826,16.7420814479638,18.552036199095024,64.70588235294117,9.502262443438914,55.203619909502265
E00077558,408,93,35,58,315,31,284,22.794117647058822,8.57843137254902,14.215686274509803,77.20588235294117,7.598039215686274,69.6078431372549
E00077559,310,88,46,42,222,18,204,28.387096774193548,14.838709677419354,13.548387096774196,71.61290322580646,5.806451612903226,65.80645161290323
E00077560,306,90,36,54,216,16,200,29.411764705882355,11.76470588235294,17.647058823529413,70.58823529411765,5.228758169934641,65.359477124183
E00077561,276,85,48,37,191,14,177,30.79710144927536,17.391304347826086,13.405797101449277,69.20289855072464,5.072463768115942,64.13043478260869
E00077562,313,43,17,26,270,21,249,13.738019169329075,5.431309904153355,8.30670926517572,86.26198083067092,6.7092651757188495,79.55271565495208
E00077563,270,78,39,39,192,26,166,28.888888888888886,14.444444444444443,14.444444444444443,71.11111111111111,9.62962962962963,61.48148148148148
E00077564,318,45,25,20,273,19,254,14.150943396226415,7.861635220125786,6.289308176100629,85.84905660377359,5.9748427672955975,79.87421383647799
E00077565,265,95,60,35,170,11,159,35.84905660377358,22.641509433962266,13.20754716981132,64.15094339622641,4.150943396226415,60
E00077566,322,85,39,46,237,18,219,26.39751552795031,12.111801242236025,14.285714285714285,73.6024844720497,5.590062111801243,68.01242236024845
E00077567,327,77,49,28,250,13,237,23.547400611620795,14.984709480122325,8.56269113149847,76.45259938837921,3.9755351681957185,72.47706422018348
E00077568,495,130,70,60,365,37,328,26.262626262626267,14.14141414141414,12.121212121212121,73.73737373737373,7.474747474747474,66.26262626262627
E00077569,266,93,56,37,173,16,157,34.962406015037594,21.052631578947366,13.909774436090224,65.0375939849624,6.015037593984962,59.02255639097744
E00077570,291,51,27,24,240,29,211,17.525773195876287,9.278350515463918,8.24742268041237,82.4742268041237,9.965635738831615,72.5085910652921
E00077571,229,41,23,18,188,20,168,17.903930131004365,10.043668122270741,7.860262008733625,82.09606986899564,8.73362445414847,73.36244541484717
E00077572,318,80,47,33,238,25,213,25.157232704402517,14.779874213836477,10.377358490566039,74.84276729559748,7.861635220125786,66.98113207547169
E00077573,351,80,31,49,271,22,249,22.79202279202279,8.831908831908832,13.96011396011396,77.20797720797721,6.267806267806268,70.94017094017094
E00077574,507,63,18,45,444,41,403,12.42603550295858,3.5502958579881656,8.875739644970414,87.57396449704143,8.086785009861932,79.48717948717949
E00077575,363,54,18,36,309,19,290,14.87603305785124,4.958677685950414,9.917355371900827,85.12396694214877,5.234159779614325,79.88980716253444
E00077576,261,37,10,27,224,27,197,14.17624521072797,3.8314176245210727,10.344827586206897,85.82375478927203,10.344827586206897,75.47892720306514
E00077577,255,35,10,25,220,12,208,13.725490196078432,3.9215686274509802,9.803921568627452,86.27450980392157,4.705882352941177,81.56862745098039
E00077578,261,37,14,23,224,14,210,14.17624521072797,5.363984674329502,8.812260536398467,85.82375478927203,5.363984674329502,80.45977011494253
E00077579,269,48,16,32,221,20,201,17.843866171003718,5.947955390334572,11.895910780669144,82.15613382899627,7.434944237918216,74.72118959107806
E00077580,390,42,11,31,348,17,331,10.76923076923077,2.8205128205128207,7.948717948717948,89.23076923076924,4.358974358974359,84.87179487179488
E00077581,214,38,15,23,176,10,166,17.75700934579439,7.009345794392523,10.74766355140187,82.2429906542056,4.672897196261682,77.57009345794393
E00077582,372,67,29,38,305,29,276,18.010752688172044,7.795698924731183,10.21505376344086,81.98924731182797,7.795698924731183,74.19354838709677
E00077583,381,65,18,47,316,35,281,17.060367454068242,4.724409448818897,12.335958005249344,82.93963254593176,9.186351706036746,73.75328083989501
E00077584,338,60,20,40,278,20,258,17.75147928994083,5.9171597633136095,11.834319526627219,82.24852071005917,5.9171597633136095,76.33136094674556
E00077585,313,35,11,24,278,23,255,11.182108626198083,3.5143769968051117,7.667731629392971,88.81789137380191,7.348242811501597,81.46964856230032
E00077586,305,49,21,28,256,27,229,16.065573770491802,6.885245901639345,9.180327868852459,83.93442622950819,8.852459016393443,75.08196721311475
E00077587,290,55,23,32,235,19,216,18.96551724137931,7.931034482758621,11.03448275862069,81.03448275862068,6.551724137931035,74.48275862068967
E00077588,326,35,13,22,291,20,271,10.736196319018406,3.9877300613496933,6.748466257668712,89.2638036809816,6.134969325153374,83.12883435582822
E00077589,347,61,21,40,286,20,266,17.579250720461097,6.051873198847262,11.527377521613833,82.42074927953891,5.763688760806916,76.657060518732
E00077590,361,30,10,20,331,31,300,8.310249307479225,2.7700831024930745,5.540166204986149,91.68975069252078,8.587257617728532,83.10249307479224
E00077591,368,41,12,29,327,27,300,11.141304347826086,3.260869565217391,7.880434782608696,88.8586956521739,7.336956521739131,81.52173913043478
E00077592,263,36,10,26,227,14,213,13.688212927756654,3.802281368821293,9.885931558935361,86.31178707224335,5.323193916349809,80.98859315589354
E00077593,307,47,15,32,260,21,239,15.309446254071663,4.88599348534202,10.423452768729643,84.69055374592834,6.840390879478828,77.85016286644951
E00077594,365,69,30,39,296,24,272,18.904109589041095,8.21917808219178,10.684931506849315,81.0958904109589,6.575342465753424,74.52054794520548
E00077595,286,85,54,31,201,20,181,29.72027972027972,18.88111888111888,10.839160839160838,70.27972027972028,6.993006993006993,63.286713286713294
E00077596,342,51,19,32,291,23,268,14.912280701754385,5.555555555555555,9.35672514619883,85.08771929824562,6.725146198830409,78.3625730994152
E00077597,280,79,48,31,201,14,187,28.214285714285715,17.142857142857142,11.071428571428571,71.78571428571429,5,66.78571428571428
E00077598,463,53,16,37,410,27,383,11.447084233261338,3.455723542116631,7.991360691144708,88.55291576673866,5.831533477321814,82.72138228941685
E00077599,354,58,22,36,296,26,270,16.38418079096045,6.214689265536723,10.16949152542373,83.61581920903954,7.344632768361582,76.27118644067797
E00077600,320,65,40,25,255,18,237,20.3125,12.5,7.8125,79.6875,5.625,74.0625
E00077601,283,36,10,26,247,21,226,12.7208480565371,3.53356890459364,9.187279151943462,87.27915194346289,7.420494699646643,79.85865724381625
E00077602,236,35,12,23,201,14,187,14.83050847457627,5.084745762711865,9.745762711864407,85.16949152542372,5.932203389830509,79.23728813559322
E00077603,483,115,76,39,368,38,330,23.809523809523807,15.734989648033126,8.074534161490684,76.19047619047619,7.867494824016563,68.32298136645963
E00077604,332,54,21,33,278,27,251,16.265060240963855,6.325301204819277,9.939759036144578,83.73493975903614,8.132530120481928,75.6024096385542
E00077605,316,61,29,32,255,31,224,19.303797468354432,9.177215189873419,10.126582278481013,80.69620253164557,9.81012658227848,70.88607594936708
E00077606,310,53,23,30,257,24,233,17.096774193548388,7.419354838709677,9.67741935483871,82.9032258064516,7.741935483870968,75.16129032258064
E00077607,411,72,31,41,339,26,313,17.51824817518248,7.542579075425791,9.975669099756692,82.48175182481752,6.326034063260341,76.15571776155717
E00077608,331,42,10,32,289,12,277,12.688821752265861,3.0211480362537766,9.667673716012084,87.31117824773413,3.625377643504532,83.68580060422961
E00077609,289,45,19,26,244,25,219,15.570934256055363,6.5743944636678195,8.996539792387544,84.42906574394463,8.650519031141869,75.77854671280276
E00077610,289,42,24,18,247,23,224,14.53287197231834,8.304498269896193,6.228373702422145,85.46712802768167,7.958477508650519,77.50865051903114
E00077611,348,52,19,33,296,33,263,14.942528735632186,5.459770114942529,9.482758620689655,85.0574712643678,9.482758620689655,75.57471264367817
E00077612,304,46,16,30,258,15,243,15.131578947368421,5.263157894736842,9.868421052631579,84.86842105263158,4.934210526315789,79.93421052631578
E00077613,374,60,21,39,314,19,295,16.042780748663102,5.614973262032086,10.427807486631016,83.9572192513369,5.080213903743315,78.87700534759358
E00077614,275,47,16,31,228,21,207,17.09090909090909,5.818181818181818,11.272727272727273,82.9090909090909,7.636363636363637,75.27272727272727
E00077615,285,49,22,27,236,25,211,17.192982456140353,7.719298245614035,9.473684210526317,82.80701754385966,8.771929824561402,74.03508771929825
E00077616,350,46,12,34,304,22,282,13.142857142857142,3.428571428571429,9.714285714285714,86.85714285714286,6.2857142857142865,80.57142857142857
E00077617,335,47,21,26,288,27,261,14.029850746268657,6.26865671641791,7.761194029850746,85.97014925373134,8.059701492537313,77.91044776119404
E00077618,308,34,10,24,274,27,247,11.03896103896104,3.2467532467532463,7.792207792207792,88.96103896103897,8.766233766233766,80.1948051948052
E00077619,277,56,20,36,221,18,203,20.216606498194945,7.2202166064981945,12.996389891696749,79.78339350180505,6.4981949458483745,73.28519855595668
E00077620,397,76,33,43,321,23,298,19.143576826196472,8.312342569269521,10.831234256926953,80.85642317380352,5.793450881612091,75.06297229219143
E00077621,315,55,12,43,260,32,228,17.46031746031746,3.8095238095238098,13.65079365079365,82.53968253968253,10.158730158730158,72.38095238095238
E00077622,176,42,23,19,134,14,120,23.863636363636363,13.068181818181818,10.795454545454545,76.13636363636364,7.954545454545454,68.18181818181817
E00077623,505,81,32,49,424,37,387,16.03960396039604,6.336633663366337,9.702970297029703,83.96039603960396,7.326732673267326,76.63366336633663
E00077624,362,53,25,28,309,23,286,14.64088397790055,6.906077348066299,7.734806629834254,85.35911602209944,6.353591160220995,79.00552486187846
E00077625,304,53,25,28,251,24,227,17.434210526315788,8.223684210526317,9.210526315789473,82.56578947368422,7.894736842105263,74.67105263157895
E00077626,285,46,19,27,239,32,207,16.140350877192983,6.666666666666667,9.473684210526317,83.85964912280703,11.228070175438596,72.63157894736842
E00077627,251,41,13,28,210,18,192,16.334661354581673,5.179282868525896,11.155378486055776,83.66533864541833,7.171314741035857,76.49402390438247
E00077628,300,45,14,31,255,30,225,15,4.666666666666667,10.333333333333334,85,10,75
E00077629,279,52,35,17,227,23,204,18.63799283154122,12.544802867383511,6.093189964157706,81.36200716845879,8.24372759856631,73.11827956989248
E00077630,529,124,57,67,405,41,364,23.440453686200378,10.775047258979207,12.665406427221171,76.55954631379961,7.750472589792061,68.80907372400756
E00077631,297,86,40,46,211,20,191,28.95622895622896,13.468013468013467,15.488215488215488,71.04377104377105,6.7340067340067336,64.3097643097643
E00077632,365,64,22,42,301,32,269,17.534246575342465,6.027397260273973,11.506849315068493,82.46575342465754,8.767123287671232,73.6986301369863
E00077633,215,98,54,44,117,11,106,45.58139534883721,25.116279069767444,20.46511627906977,54.418604651162795,5.116279069767442,49.30232558139535
E00077634,424,68,20,48,356,29,327,16.037735849056602,4.716981132075472,11.320754716981133,83.9622641509434,6.8396226415094334,77.12264150943396
E00077635,302,103,56,47,199,19,180,34.105960264900666,18.543046357615893,15.562913907284766,65.89403973509934,6.291390728476822,59.60264900662252
E00077636,447,76,34,42,371,35,336,17.002237136465325,7.606263982102908,9.395973154362416,82.99776286353467,7.829977628635347,75.16778523489933
E00077637,302,69,28,41,233,17,216,22.8476821192053,9.271523178807946,13.57615894039735,77.15231788079471,5.629139072847682,71.52317880794702
E00077638,352,55,19,36,297,36,261,15.625,5.3977272727272725,10.227272727272728,84.375,10.227272727272728,74.14772727272727
E00077639,246,72,35,37,174,21,153,29.268292682926827,14.227642276422763,15.040650406504067,70.73170731707317,8.536585365853659,62.19512195121951
E00077640,375,84,49,35,291,22,269,22.400000000000002,13.066666666666665,9.333333333333334,77.60000000000001,5.866666666666666,71.73333333333333
E00077641,297,72,34,38,225,24,201,24.242424242424242,11.447811447811448,12.794612794612794,75.75757575757575,8.080808080808081,67.67676767676768
E00077642,286,67,26,41,219,15,204,23.426573426573427,9.090909090909092,14.335664335664337,76.57342657342657,5.244755244755245,71.32867132867133
E00077643,303,61,26,35,242,21,221,20.13201320132013,8.58085808580858,11.55115511551155,79.86798679867987,6.9306930693069315,72.93729372937293
E00077644,297,69,31,38,228,20,208,23.232323232323232,10.437710437710438,12.794612794612794,76.76767676767676,6.7340067340067336,70.03367003367003
E00077645,388,49,14,35,339,23,316,12.628865979381443,3.608247422680412,9.02061855670103,87.37113402061856,5.927835051546391,81.44329896907216
E00077646,410,56,26,30,354,18,336,13.658536585365855,6.341463414634147,7.317073170731707,86.34146341463415,4.390243902439024,81.95121951219512
E00077647,459,64,17,47,395,31,364,13.943355119825709,3.7037037037037033,10.239651416122005,86.05664488017429,6.753812636165578,79.30283224400871
E00077648,287,48,19,29,239,21,218,16.72473867595819,6.620209059233449,10.104529616724738,83.27526132404182,7.317073170731707,75.9581881533101
E00077649,334,41,7,34,293,25,268,12.275449101796406,2.095808383233533,10.179640718562874,87.72455089820359,7.48502994011976,80.23952095808383
E00077650,344,41,12,29,303,18,285,11.918604651162791,3.488372093023256,8.430232558139535,88.0813953488372,5.232558139534884,82.84883720930233
E00077651,436,80,29,51,356,36,320,18.34862385321101,6.651376146788992,11.697247706422019,81.65137614678899,8.256880733944955,73.39449541284404
E00077652,371,44,12,32,327,35,292,11.859838274932615,3.234501347708895,8.62533692722372,88.14016172506739,9.433962264150944,78.70619946091644
E00077653,384,58,16,42,326,39,287,15.104166666666666,4.166666666666666,10.9375,84.89583333333334,10.15625,74.73958333333334
E00077654,381,59,22,37,322,25,297,15.485564304461944,5.774278215223097,9.711286089238845,84.51443569553805,6.561679790026247,77.95275590551181
E00077655,422,59,25,34,363,32,331,13.981042654028435,5.924170616113744,8.056872037914692,86.01895734597157,7.5829383886255926,78.43601895734598
E00077656,444,75,12,63,369,30,339,16.89189189189189,2.7027027027027026,14.18918918918919,83.1081081081081,6.756756756756757,76.35135135135135
E00077657,272,63,25,38,209,17,192,23.161764705882355,9.191176470588236,13.970588235294118,76.83823529411765,6.25,70.58823529411765
E00077658,308,60,20,40,248,27,221,19.480519480519483,6.493506493506493,12.987012987012985,80.51948051948052,8.766233766233766,71.75324675324676
E00077659,317,40,14,26,277,27,250,12.618296529968454,4.416403785488959,8.201892744479496,87.38170347003155,8.517350157728707,78.86435331230284
E00077660,237,70,39,31,167,11,156,29.535864978902953,16.455696202531644,13.080168776371309,70.46413502109705,4.641350210970464,65.82278481012658
E00077662,250,75,34,41,175,23,152,30,13.600000000000001,16.400000000000002,70,9.2,60.8
E00077663,329,66,30,36,263,21,242,20.060790273556233,9.118541033434651,10.94224924012158,79.93920972644378,6.382978723404255,73.55623100303951
E00077664,317,42,16,26,275,19,256,13.249211356466878,5.047318611987381,8.201892744479496,86.75078864353313,5.993690851735016,80.7570977917981
E00077665,311,59,22,37,252,24,228,18.971061093247588,7.07395498392283,11.89710610932476,81.02893890675242,7.717041800643088,73.31189710610933
E00077666,339,72,29,43,267,19,248,21.238938053097346,8.55457227138643,12.684365781710916,78.76106194690266,5.604719764011799,73.15634218289085
E00077667,316,75,34,41,241,18,223,23.734177215189874,10.759493670886076,12.974683544303797,76.26582278481013,5.69620253164557,70.56962025316456
E00077668,364,56,22,34,308,32,276,15.384615384615385,6.043956043956044,9.340659340659341,84.61538461538461,8.791208791208792,75.82417582417582
E00077669,311,54,18,36,257,28,229,17.363344051446948,5.787781350482315,11.57556270096463,82.63665594855306,9.003215434083602,73.63344051446946
E00077670,266,98,54,44,168,15,153,36.84210526315789,20.30075187969925,16.541353383458645,63.1578947368421,5.639097744360902,57.5187969924812
E00077671,239,80,59,21,159,20,139,33.47280334728033,24.686192468619247,8.786610878661087,66.52719665271967,8.368200836820083,58.15899581589959
E00077672,405,87,49,38,318,40,278,21.48148148148148,12.098765432098766,9.382716049382717,78.51851851851852,9.876543209876543,68.64197530864197
E00077673,290,67,33,34,223,23,200,23.103448275862068,11.379310344827587,11.724137931034482,76.89655172413794,7.931034482758621,68.96551724137932
E00077674,304,51,22,29,253,23,230,16.776315789473685,7.236842105263158,9.539473684210527,83.22368421052632,7.565789473684211,75.6578947368421
E00077675,401,63,28,35,338,20,318,15.710723192019952,6.982543640897755,8.728179551122196,84.28927680798004,4.987531172069826,79.30174563591022
E00077676,327,54,17,37,273,20,253,16.51376146788991,5.198776758409786,11.314984709480122,83.4862385321101,6.116207951070336,77.37003058103976
E00077677,328,62,21,41,266,18,248,18.902439024390244,6.402439024390244,12.5,81.09756097560977,5.487804878048781,75.60975609756098
E00077678,335,72,40,32,263,24,239,21.492537313432834,11.940298507462686,9.55223880597015,78.50746268656717,7.164179104477612,71.34328358208955
E00077679,330,47,17,30,283,22,261,14.242424242424242,5.151515151515151,9.090909090909092,85.75757575757575,6.666666666666667,79.0909090909091
E00077680,337,38,13,25,299,26,273,11.275964391691394,3.857566765578635,7.418397626112759,88.72403560830861,7.71513353115727,81.00890207715133
E00077681,330,43,12,31,287,25,262,13.030303030303031,3.6363636363636362,9.393939393939393,86.96969696969697,7.575757575757576,79.39393939393939
E00077682,320,37,13,24,283,31,252,11.5625,4.0625,7.5,88.4375,9.6875,78.75
E00077683,409,76,35,41,333,34,299,18.581907090464547,8.557457212713937,10.024449877750612,81.41809290953546,8.312958435207824,73.10513447432763
E00077684,360,45,14,31,315,29,286,12.5,3.888888888888889,8.61111111111111,87.5,8.055555555555555,79.44444444444444
E00077685,317,47,15,32,270,19,251,14.826498422712934,4.73186119873817,10.094637223974763,85.17350157728707,5.993690851735016,79.17981072555204
E00077686,312,51,23,28,261,22,239,16.346153846153847,7.371794871794872,8.974358974358974,83.65384615384616,7.051282051282051,76.6025641025641
E00077687,315,56,27,29,259,24,235,17.77777777777778,8.571428571428571,9.206349206349207,82.22222222222221,7.6190476190476195,74.60317460317461
E00077688,334,44,13,31,290,20,270,13.17365269461078,3.8922155688622757,9.281437125748502,86.82634730538922,5.9880239520958085,80.83832335329342
E00077689,322,35,15,20,287,20,267,10.869565217391305,4.658385093167702,6.211180124223603,89.13043478260869,6.211180124223603,82.91925465838509
E00077690,237,48,21,27,189,16,173,20.253164556962027,8.860759493670885,11.39240506329114,79.74683544303798,6.751054852320674,72.9957805907173
E00077691,284,76,37,39,208,11,197,26.76056338028169,13.028169014084506,13.732394366197184,73.23943661971832,3.873239436619718,69.36619718309859
E00077692,257,37,14,23,220,32,188,14.396887159533073,5.447470817120623,8.949416342412452,85.60311284046692,12.45136186770428,73.15175097276264
E00077693,389,49,18,31,340,19,321,12.596401028277635,4.627249357326478,7.969151670951156,87.40359897172236,4.884318766066838,82.51928020565553
E00077694,363,82,46,36,281,20,261,22.58953168044077,12.672176308539946,9.917355371900827,77.41046831955923,5.5096418732782375,71.900826446281
E00077695,237,39,10,29,198,20,178,16.455696202531644,4.219409282700422,12.236286919831224,83.54430379746836,8.438818565400844,75.10548523206751
E00077696,259,62,33,29,197,20,177,23.93822393822394,12.741312741312742,11.196911196911197,76.06177606177607,7.722007722007722,68.33976833976834
E00077697,216,59,23,36,157,17,140,27.314814814814813,10.648148148148149,16.666666666666664,72.68518518518519,7.87037037037037,64.81481481481481
E00077698,190,50,25,25,140,20,120,26.31578947368421,13.157894736842104,13.157894736842104,73.68421052631578,10.526315789473683,63.1578947368421
E00077699,542,66,21,45,476,37,439,12.177121771217712,3.8745387453874542,8.302583025830259,87.82287822878229,6.826568265682657,80.99630996309963
E00077700,233,44,18,26,189,19,170,18.88412017167382,7.725321888412018,11.158798283261802,81.11587982832617,8.15450643776824,72.96137339055794
E00077701,302,31,11,20,271,21,250,10.264900662251655,3.642384105960265,6.622516556291391,89.73509933774835,6.95364238410596,82.78145695364239
E00077702,194,45,15,30,149,12,137,23.195876288659793,7.731958762886598,15.463917525773196,76.80412371134021,6.185567010309279,70.61855670103093
E00077703,327,42,16,26,285,26,259,12.844036697247708,4.892966360856269,7.951070336391437,87.1559633027523,7.951070336391437,79.20489296636084
E00077704,249,46,14,32,203,22,181,18.473895582329316,5.622489959839357,12.851405622489958,81.52610441767068,8.835341365461847,72.69076305220884
E00077705,216,26,7,19,190,17,173,12.037037037037036,3.2407407407407405,8.796296296296296,87.96296296296296,7.87037037037037,80.0925925925926
E00077706,163,35,16,19,128,13,115,21.472392638036812,9.815950920245399,11.65644171779141,78.52760736196319,7.975460122699387,70.5521472392638
E00077707,236,42,9,33,194,21,173,17.796610169491526,3.8135593220338984,13.983050847457626,82.20338983050848,8.898305084745763,73.30508474576271
E00077708,397,42,7,35,355,22,333,10.579345088161208,1.7632241813602016,8.816120906801007,89.4206549118388,5.541561712846348,83.87909319899244
E00077709,121,16,8,8,105,9,96,13.223140495867769,6.6115702479338845,6.6115702479338845,86.77685950413223,7.43801652892562,79.33884297520662
E00077710,219,51,23,28,168,16,152,23.28767123287671,10.50228310502283,12.785388127853881,76.71232876712328,7.30593607305936,69.40639269406392
E00077711,186,81,38,43,105,13,92,43.54838709677419,20.43010752688172,23.118279569892472,56.451612903225815,6.989247311827956,49.46236559139785
E00077712,255,36,13,23,219,29,190,14.117647058823529,5.098039215686274,9.019607843137255,85.88235294117646,11.372549019607844,74.50980392156863
E00077713,150,49,20,29,101,14,87,32.666666666666664,13.333333333333334,19.333333333333332,67.33333333333333,9.333333333333334,57.99999999999999
E00077714,380,80,29,51,300,25,275,21.052631578947366,7.631578947368421,13.421052631578947,78.94736842105263,6.578947368421052,72.36842105263158
E00077715,275,65,24,41,210,23,187,23.636363636363637,8.727272727272728,14.909090909090908,76.36363636363637,8.363636363636363,68
E00077716,202,39,17,22,163,12,151,19.306930693069308,8.415841584158416,10.891089108910892,80.6930693069307,5.9405940594059405,74.75247524752476
E00077717,245,47,18,29,198,15,183,19.183673469387756,7.346938775510205,11.83673469387755,80.81632653061224,6.122448979591836,74.6938775510204
E00077719,255,35,16,19,220,20,200,13.725490196078432,6.2745098039215685,7.450980392156863,86.27450980392157,7.8431372549019605,78.43137254901961
E00077720,382,130,96,34,252,21,231,34.031413612565444,25.13089005235602,8.900523560209423,65.96858638743456,5.49738219895288,60.47120418848168
E00077721,245,38,16,22,207,22,185,15.510204081632653,6.530612244897959,8.979591836734693,84.48979591836735,8.979591836734693,75.51020408163265
E00077722,274,34,12,22,240,18,222,12.408759124087592,4.37956204379562,8.02919708029197,87.59124087591242,6.569343065693431,81.02189781021897
E00077723,231,48,19,29,183,25,158,20.77922077922078,8.225108225108226,12.554112554112553,79.22077922077922,10.822510822510822,68.3982683982684
E00077725,180,27,10,17,153,10,143,15,5.555555555555555,9.444444444444445,85,5.555555555555555,79.44444444444444
E00077726,203,42,17,25,161,19,142,20.689655172413794,8.374384236453201,12.31527093596059,79.3103448275862,9.35960591133005,69.95073891625616
E00077727,502,75,34,41,427,32,395,14.940239043824702,6.772908366533864,8.167330677290837,85.0597609561753,6.374501992031872,78.68525896414343
E00077728,382,59,23,36,323,29,294,15.44502617801047,6.020942408376963,9.424083769633508,84.55497382198953,7.591623036649215,76.96335078534031
E00077729,439,58,17,41,381,25,356,13.211845102505695,3.8724373576309796,9.339407744874716,86.78815489749431,5.694760820045558,81.09339407744875
E00077730,525,96,31,65,429,21,408,18.285714285714285,5.904761904761905,12.380952380952381,81.71428571428572,4,77.71428571428571
E00077731,378,58,21,37,320,29,291,15.343915343915343,5.555555555555555,9.788359788359788,84.65608465608466,7.671957671957672,76.98412698412699
E00077732,414,60,18,42,354,31,323,14.492753623188406,4.3478260869565215,10.144927536231885,85.5072463768116,7.487922705314009,78.01932367149759
E00077733,433,60,23,37,373,33,340,13.856812933025402,5.311778290993072,8.545034642032332,86.14318706697459,7.621247113163972,78.52193995381063
E00077734,389,51,17,34,338,30,308,13.110539845758353,4.370179948586118,8.740359897172237,86.88946015424165,7.712082262210797,79.17737789203085
E00077735,419,58,13,45,361,29,332,13.842482100238662,3.1026252983293556,10.739856801909307,86.15751789976133,6.921241050119331,79.23627684964201
E00077736,370,53,16,37,317,35,282,14.324324324324325,4.324324324324325,10,85.67567567567568,9.45945945945946,76.21621621621621
E00077737,287,36,13,23,251,23,228,12.543554006968641,4.529616724738676,8.013937282229964,87.45644599303137,8.013937282229964,79.44250871080139
E00077738,391,53,12,41,338,35,303,13.554987212276215,3.0690537084398977,10.485933503836318,86.44501278772378,8.951406649616368,77.49360613810742
E00077739,303,54,25,29,249,24,225,17.82178217821782,8.25082508250825,9.570957095709572,82.17821782178217,7.920792079207921,74.25742574257426
E00077740,286,50,20,30,236,26,210,17.482517482517483,6.993006993006993,10.48951048951049,82.51748251748252,9.090909090909092,73.42657342657343
E00077741,377,60,26,34,317,20,297,15.915119363395224,6.896551724137931,9.018567639257293,84.08488063660478,5.305039787798409,78.77984084880637
E00077743,577,127,56,71,450,37,413,22.0103986135182,9.705372616984402,12.305025996533796,77.9896013864818,6.412478336221837,71.57712305025996
E00077744,351,52,21,31,299,25,274,14.814814814814813,5.982905982905983,8.831908831908832,85.18518518518519,7.122507122507122,78.06267806267806
E00077745,353,55,17,38,298,24,274,15.58073654390935,4.815864022662889,10.764872521246458,84.41926345609065,6.79886685552408,77.62039660056658
E00077746,394,60,24,36,334,32,302,15.228426395939088,6.091370558375635,9.137055837563452,84.77157360406092,8.121827411167512,76.6497461928934
E00077747,311,40,10,30,271,33,238,12.861736334405144,3.215434083601286,9.646302250803858,87.13826366559485,10.610932475884244,76.52733118971061
E00077748,336,62,18,44,274,27,247,18.452380952380953,5.357142857142857,13.095238095238097,81.54761904761905,8.035714285714286,73.51190476190477
E00077749,321,60,27,33,261,21,240,18.69158878504673,8.411214953271028,10.2803738317757,81.30841121495327,6.5420560747663545,74.76635514018692
E00077750,415,63,22,41,352,26,326,15.180722891566264,5.301204819277109,9.879518072289157,84.81927710843374,6.265060240963856,78.55421686746989
E00077751,323,40,12,28,283,30,253,12.38390092879257,3.7151702786377707,8.6687306501548,87.61609907120743,9.287925696594428,78.328173374613
E00077752,439,40,15,25,399,24,375,9.111617312072893,3.416856492027335,5.694760820045558,90.8883826879271,5.466970387243736,85.42141230068337
E00077753,474,59,9,50,415,31,384,12.447257383966246,1.89873417721519,10.548523206751055,87.55274261603375,6.5400843881856545,81.0126582278481
E00077754,405,49,17,32,356,30,326,12.098765432098766,4.197530864197531,7.901234567901234,87.90123456790123,7.4074074074074066,80.49382716049382
E00077755,346,46,17,29,300,18,282,13.294797687861271,4.913294797687861,8.38150289017341,86.70520231213872,5.202312138728324,81.5028901734104
E00077756,393,66,17,49,327,36,291,16.793893129770993,4.325699745547073,12.46819338422392,83.20610687022901,9.16030534351145,74.04580152671755
E00077757,373,52,16,36,321,31,290,13.941018766756033,4.289544235924933,9.651474530831099,86.05898123324397,8.310991957104557,77.7479892761394
E00077758,347,64,22,42,283,29,254,18.443804034582133,6.340057636887608,12.103746397694524,81.55619596541787,8.357348703170029,73.19884726224784
E00077759,310,67,30,37,243,16,227,21.612903225806452,9.67741935483871,11.935483870967742,78.38709677419354,5.161290322580645,73.22580645161291
E00077760,404,71,22,49,333,33,300,17.574257425742573,5.445544554455446,12.128712871287128,82.42574257425743,8.16831683168317,74.25742574257426
E00077761,259,62,28,34,197,20,177,23.93822393822394,10.81081081081081,13.127413127413126,76.06177606177607,7.722007722007722,68.33976833976834
E00077762,303,70,37,33,233,20,213,23.1023102310231,12.211221122112212,10.891089108910892,76.89768976897689,6.6006600660066,70.29702970297029
E00077763,296,84,32,52,212,28,184,28.37837837837838,10.81081081081081,17.56756756756757,71.62162162162163,9.45945945945946,62.16216216216216
E00077764,376,62,25,37,314,29,285,16.48936170212766,6.648936170212766,9.840425531914894,83.51063829787235,7.712765957446808,75.79787234042553
E00077765,371,67,31,36,304,28,276,18.059299191374663,8.355795148247978,9.703504043126685,81.94070080862534,7.547169811320755,74.39353099730458
E00077766,303,66,25,41,237,22,215,21.782178217821784,8.25082508250825,13.531353135313532,78.21782178217822,7.2607260726072615,70.95709570957096
E00077767,401,92,42,50,309,25,284,22.942643391521198,10.473815461346634,12.468827930174564,77.0573566084788,6.234413965087282,70.82294264339151
E00077768,239,54,14,40,185,24,161,22.594142259414227,5.857740585774058,16.736401673640167,77.40585774058577,10.0418410041841,67.36401673640168
E00077769,356,53,24,29,303,32,271,14.887640449438203,6.741573033707865,8.146067415730338,85.1123595505618,8.98876404494382,76.12359550561798
E00077770,327,59,18,41,268,25,243,18.04281345565749,5.5045871559633035,12.538226299694188,81.9571865443425,7.64525993883792,74.31192660550458
E00077771,311,43,14,29,268,21,247,13.826366559485532,4.501607717041801,9.32475884244373,86.17363344051448,6.752411575562702,79.42122186495176
E00077772,317,51,29,22,266,23,243,16.08832807570978,9.14826498422713,6.940063091482649,83.91167192429022,7.255520504731862,76.65615141955836
E00077773,403,92,51,41,311,24,287,22.8287841191067,12.655086848635236,10.173697270471465,77.1712158808933,5.955334987593052,71.21588089330024
E00077774,467,130,59,71,337,19,318,27.8372591006424,12.633832976445397,15.203426124197003,72.1627408993576,4.068522483940043,68.09421841541756
E00077775,300,85,42,43,215,25,190,28.333333333333332,14.000000000000002,14.333333333333334,71.66666666666667,8.333333333333332,63.33333333333333
E00077776,297,58,25,33,239,24,215,19.52861952861953,8.417508417508419,11.11111111111111,80.47138047138047,8.080808080808081,72.39057239057239
E00077777,372,80,35,45,292,19,273,21.50537634408602,9.408602150537634,12.096774193548388,78.49462365591397,5.10752688172043,73.38709677419355
E00077778,364,87,28,59,277,19,258,23.9010989010989,7.6923076923076925,16.208791208791208,76.0989010989011,5.21978021978022,70.87912087912088
E00077779,323,83,38,45,240,29,211,25.696594427244584,11.76470588235294,13.93188854489164,74.30340557275542,8.978328173374612,65.3250773993808
E00077780,305,45,19,26,260,23,237,14.754098360655737,6.229508196721312,8.524590163934425,85.24590163934425,7.540983606557377,77.70491803278688
E00077781,356,78,35,43,278,29,249,21.910112359550563,9.831460674157304,12.07865168539326,78.08988764044943,8.146067415730338,69.9438202247191
E00077782,187,65,41,24,122,11,111,34.75935828877005,21.92513368983957,12.834224598930483,65.24064171122996,5.88235294117647,59.35828877005348
E00077783,372,72,40,32,300,25,275,19.35483870967742,10.75268817204301,8.60215053763441,80.64516129032258,6.720430107526881,73.9247311827957
E00077784,350,82,38,44,268,23,245,23.42857142857143,10.857142857142858,12.571428571428573,76.57142857142857,6.571428571428571,70
E00077785,336,102,69,33,234,14,220,30.357142857142854,20.535714285714285,9.821428571428571,69.64285714285714,4.166666666666666,65.47619047619048
E00077786,396,82,41,41,314,23,291,20.707070707070706,10.353535353535353,10.353535353535353,79.29292929292929,5.808080808080808,73.48484848484848
E00077787,256,53,24,29,203,17,186,20.703125,9.375,11.328125,79.296875,6.640625,72.65625
E00077788,246,71,37,34,175,14,161,28.86178861788618,15.040650406504067,13.821138211382115,71.13821138211382,5.691056910569105,65.4471544715447
E00077789,417,117,62,55,300,30,270,28.05755395683453,14.86810551558753,13.189448441247004,71.94244604316546,7.1942446043165464,64.74820143884892
E00077790,297,65,29,36,232,19,213,21.885521885521886,9.764309764309765,12.121212121212121,78.11447811447812,6.397306397306397,71.71717171717171
E00077791,266,50,15,35,216,23,193,18.796992481203006,5.639097744360902,13.157894736842104,81.203007518797,8.646616541353383,72.55639097744361
E00077792,288,55,26,29,233,31,202,19.09722222222222,9.027777777777777,10.069444444444445,80.90277777777779,10.76388888888889,70.13888888888889
E00077793,343,64,26,38,279,23,256,18.658892128279884,7.580174927113703,11.078717201166182,81.34110787172013,6.705539358600583,74.63556851311954
E00077794,303,47,19,28,256,17,239,15.51155115511551,6.270627062706271,9.24092409240924,84.48844884488449,5.6105610561056105,78.87788778877888
E00077795,341,90,42,48,251,22,229,26.392961876832842,12.316715542521994,14.076246334310852,73.60703812316716,6.451612903225806,67.15542521994135
E00077796,279,36,14,22,243,14,229,12.903225806451612,5.017921146953405,7.885304659498208,87.09677419354838,5.017921146953405,82.07885304659499
E00077797,250,41,18,23,209,15,194,16.400000000000002,7.199999999999999,9.2,83.6,6,77.60000000000001
E00077798,304,57,19,38,247,25,222,18.75,6.25,12.5,81.25,8.223684210526317,73.02631578947368
E00077799,370,61,22,39,309,26,283,16.486486486486488,5.9459459459459465,10.54054054054054,83.51351351351352,7.027027027027027,76.48648648648648
E00077800,255,37,8,29,218,18,200,14.50980392156863,3.1372549019607843,11.372549019607844,85.49019607843137,7.0588235294117645,78.43137254901961
E00077801,205,56,21,35,149,16,133,27.31707317073171,10.24390243902439,17.073170731707318,72.6829268292683,7.804878048780488,64.8780487804878
E00077802,204,38,18,20,166,17,149,18.627450980392158,8.823529411764707,9.803921568627452,81.37254901960785,8.333333333333332,73.0392156862745
E00077803,236,69,31,38,167,25,142,29.23728813559322,13.135593220338984,16.101694915254235,70.76271186440678,10.59322033898305,60.16949152542372
E00077804,357,61,20,41,296,28,268,17.086834733893557,5.602240896358544,11.484593837535014,82.91316526610645,7.8431372549019605,75.07002801120449
E00077805,335,55,21,34,280,20,260,16.417910447761194,6.26865671641791,10.149253731343283,83.5820895522388,5.970149253731343,77.61194029850746
E00077806,286,41,16,25,245,23,222,14.335664335664337,5.594405594405594,8.741258741258742,85.66433566433567,8.041958041958042,77.62237762237763
E00077807,300,63,22,41,237,24,213,21,7.333333333333333,13.666666666666666,79,8,71
E00077808,487,95,33,62,392,31,361,19.50718685831622,6.7761806981519515,12.73100616016427,80.49281314168378,6.365503080082135,74.12731006160165
E00077809,276,61,13,48,215,27,188,22.10144927536232,4.710144927536232,17.391304347826086,77.89855072463769,9.782608695652174,68.11594202898551
E00077810,458,68,19,49,390,46,344,14.847161572052403,4.148471615720524,10.698689956331878,85.1528384279476,10.043668122270741,75.10917030567686
E00077811,266,40,10,30,226,18,208,15.037593984962406,3.7593984962406015,11.278195488721805,84.9624060150376,6.7669172932330826,78.19548872180451
E00077812,346,51,17,34,295,32,263,14.739884393063585,4.913294797687861,9.826589595375722,85.26011560693641,9.248554913294797,76.01156069364163
E00077813,254,54,25,29,200,25,175,21.25984251968504,9.84251968503937,11.41732283464567,78.74015748031496,9.84251968503937,68.89763779527559
E00077814,332,35,7,28,297,32,265,10.542168674698797,2.108433734939759,8.433734939759036,89.45783132530121,9.63855421686747,79.81927710843374
E00077815,330,59,22,37,271,37,234,17.87878787878788,6.666666666666667,11.212121212121213,82.12121212121211,11.212121212121213,70.9090909090909
E00077816,368,82,34,48,286,33,253,22.282608695652172,9.239130434782608,13.043478260869565,77.71739130434783,8.967391304347826,68.75
E00077817,314,55,18,37,259,25,234,17.51592356687898,5.7324840764331215,11.78343949044586,82.48407643312102,7.961783439490445,74.52229299363057
E00077818,366,62,18,44,304,18,286,16.939890710382514,4.918032786885246,12.021857923497267,83.06010928961749,4.918032786885246,78.14207650273224
E00077819,315,60,26,34,255,33,222,19.047619047619047,8.253968253968253,10.793650793650794,80.95238095238095,10.476190476190476,70.47619047619048
E00077820,286,39,11,28,247,24,223,13.636363636363635,3.8461538461538463,9.79020979020979,86.36363636363636,8.391608391608392,77.97202797202797
E00077821,321,42,10,32,279,28,251,13.084112149532709,3.115264797507788,9.968847352024921,86.91588785046729,8.722741433021806,78.19314641744548
E00077822,347,63,20,43,284,21,263,18.155619596541786,5.763688760806916,12.39193083573487,81.84438040345822,6.051873198847262,75.79250720461094
E00077823,320,60,25,35,260,20,240,18.75,7.8125,10.9375,81.25,6.25,75
E00077824,213,42,21,21,171,17,154,19.718309859154928,9.859154929577464,9.859154929577464,80.28169014084507,7.981220657276995,72.30046948356808
E00077825,263,35,17,18,228,24,204,13.307984790874524,6.4638783269961975,6.844106463878327,86.69201520912547,9.125475285171103,77.56653992395437
E00077826,368,64,28,36,304,27,277,17.391304347826086,7.608695652173914,9.782608695652174,82.6086956521739,7.336956521739131,75.27173913043478
E00077827,337,52,15,37,285,28,257,15.43026706231454,4.451038575667656,10.979228486646884,84.56973293768546,8.30860534124629,76.26112759643917
E00077828,327,46,18,28,281,20,261,14.067278287461773,5.5045871559633035,8.56269113149847,85.93272171253822,6.116207951070336,79.81651376146789
E00077829,341,67,18,49,274,28,246,19.64809384164223,5.278592375366569,14.369501466275661,80.35190615835776,8.211143695014663,72.14076246334311
E00077830,294,40,18,22,254,18,236,13.60544217687075,6.122448979591836,7.482993197278912,86.39455782312925,6.122448979591836,80.27210884353741
E00077831,263,45,13,32,218,23,195,17.110266159695815,4.942965779467681,12.167300380228136,82.88973384030417,8.745247148288973,74.1444866920152
E00077832,327,51,23,28,276,34,242,15.59633027522936,7.033639143730887,8.56269113149847,84.40366972477065,10.397553516819572,74.00611620795107
E00077833,285,41,14,27,244,16,228,14.385964912280702,4.912280701754386,9.473684210526317,85.6140350877193,5.614035087719298,80
E00077834,343,49,16,33,294,33,261,14.285714285714285,4.664723032069971,9.620991253644315,85.71428571428571,9.620991253644315,76.0932944606414
E00077835,285,53,23,30,232,32,200,18.596491228070175,8.070175438596491,10.526315789473683,81.40350877192982,11.228070175438596,70.17543859649122
E00077836,363,60,16,44,303,17,286,16.528925619834713,4.40771349862259,12.121212121212121,83.47107438016529,4.683195592286501,78.78787878787878
E00077837,296,38,18,20,258,32,226,12.837837837837837,6.081081081081082,6.756756756756757,87.16216216216216,10.81081081081081,76.35135135135135
E00077838,355,43,12,31,312,27,285,12.112676056338028,3.3802816901408446,8.732394366197182,87.88732394366198,7.605633802816901,80.28169014084507
E00077839,351,46,13,33,305,33,272,13.105413105413104,3.7037037037037033,9.401709401709402,86.8945868945869,9.401709401709402,77.49287749287748
E00077840,324,46,7,39,278,30,248,14.19753086419753,2.1604938271604937,12.037037037037036,85.80246913580247,9.25925925925926,76.5432098765432
E00077841,322,48,21,27,274,28,246,14.906832298136646,6.521739130434782,8.385093167701864,85.09316770186336,8.695652173913043,76.3975155279503
E00077842,258,94,47,47,164,19,145,36.434108527131784,18.217054263565892,18.217054263565892,63.565891472868216,7.3643410852713185,56.201550387596896
E00077843,291,50,19,31,241,26,215,17.18213058419244,6.529209621993128,10.652920962199312,82.81786941580756,8.934707903780069,73.8831615120275
E00077844,334,42,7,35,292,27,265,12.574850299401197,2.095808383233533,10.479041916167663,87.42514970059881,8.08383233532934,79.34131736526946
E00077845,396,64,14,50,332,32,300,16.161616161616163,3.535353535353535,12.626262626262626,83.83838383838383,8.080808080808081,75.75757575757575
E00077846,233,43,15,28,190,26,164,18.4549356223176,6.437768240343347,12.017167381974248,81.54506437768241,11.158798283261802,70.3862660944206
E00077847,325,45,10,35,280,33,247,13.846153846153847,3.076923076923077,10.76923076923077,86.15384615384616,10.153846153846153,76
E00077848,273,53,17,36,220,18,202,19.413919413919416,6.227106227106227,13.186813186813188,80.58608058608058,6.593406593406594,73.992673992674
E00077849,317,54,13,41,263,37,226,17.034700315457414,4.100946372239748,12.933753943217665,82.96529968454259,11.67192429022082,71.29337539432177
E00077850,296,55,19,36,241,20,221,18.58108108108108,6.418918918918918,12.162162162162163,81.41891891891892,6.756756756756757,74.66216216216216
E00077851,312,59,22,37,253,33,220,18.91025641025641,7.051282051282051,11.858974358974358,81.08974358974359,10.576923076923077,70.51282051282051
E00077852,290,38,7,31,252,41,211,13.10344827586207,2.413793103448276,10.689655172413794,86.89655172413792,14.13793103448276,72.75862068965517
E00077853,325,29,9,20,296,24,272,8.923076923076923,2.769230769230769,6.153846153846154,91.07692307692308,7.384615384615385,83.6923076923077
E00077854,281,37,6,31,244,32,212,13.167259786476867,2.135231316725979,11.032028469750891,86.83274021352312,11.387900355871885,75.44483985765125
E00077855,285,41,19,22,244,18,226,14.385964912280702,6.666666666666667,7.719298245614035,85.6140350877193,6.315789473684211,79.2982456140351
E00077856,346,28,6,22,318,35,283,8.092485549132949,1.7341040462427744,6.358381502890173,91.90751445086705,10.115606936416185,81.79190751445087
E00077857,394,46,13,33,348,33,315,11.6751269035533,3.2994923857868024,8.375634517766498,88.3248730964467,8.375634517766498,79.94923857868021
E00077858,271,34,16,18,237,29,208,12.546125461254611,5.904059040590406,6.642066420664207,87.4538745387454,10.70110701107011,76.75276752767527
E00077859,271,47,17,30,224,26,198,17.343173431734318,6.273062730627306,11.07011070110701,82.65682656826569,9.59409594095941,73.06273062730627
E00077860,342,75,16,59,267,33,234,21.929824561403507,4.678362573099415,17.251461988304094,78.0701754385965,9.649122807017543,68.42105263157895
E00077861,292,50,15,35,242,14,228,17.123287671232877,5.136986301369863,11.986301369863012,82.87671232876713,4.794520547945205,78.08219178082192
E00077862,347,81,43,38,266,30,236,23.34293948126801,12.39193083573487,10.951008645533141,76.657060518732,8.645533141210375,68.01152737752162
E00077863,364,92,52,40,272,24,248,25.274725274725274,14.285714285714285,10.989010989010989,74.72527472527473,6.593406593406594,68.13186813186813
E00077864,249,61,16,45,188,16,172,24.497991967871485,6.425702811244979,18.072289156626507,75.50200803212851,6.425702811244979,69.07630522088354
E00077865,278,38,14,24,240,23,217,13.66906474820144,5.0359712230215825,8.633093525179856,86.33093525179856,8.273381294964029,78.05755395683454
E00077866,350,27,10,17,323,22,301,7.7142857142857135,2.857142857142857,4.857142857142857,92.28571428571428,6.2857142857142865,86
E00077867,233,51,17,34,182,24,158,21.888412017167383,7.296137339055794,14.592274678111588,78.11158798283262,10.300429184549357,67.81115879828327
E00077868,347,43,20,23,304,34,270,12.39193083573487,5.763688760806916,6.628242074927954,87.60806916426513,9.798270893371757,77.80979827089337
E00077869,306,56,24,32,250,22,228,18.30065359477124,7.8431372549019605,10.457516339869281,81.69934640522875,7.18954248366013,74.50980392156863
E00077870,328,59,29,30,269,17,252,17.98780487804878,8.841463414634147,9.146341463414634,82.01219512195121,5.182926829268292,76.82926829268293
E00077871,269,33,8,25,236,21,215,12.267657992565056,2.973977695167286,9.293680297397769,87.73234200743495,7.806691449814126,79.92565055762083
E00077872,363,60,20,40,303,22,281,16.528925619834713,5.5096418732782375,11.019283746556475,83.47107438016529,6.0606060606060606,77.41046831955923
E00077873,294,97,60,37,197,11,186,32.99319727891156,20.408163265306122,12.585034013605442,67.00680272108843,3.741496598639456,63.26530612244898
E00077874,180,38,17,21,142,20,122,21.11111111111111,9.444444444444445,11.666666666666666,78.88888888888889,11.11111111111111,67.77777777777779
E00077875,367,56,20,36,311,31,280,15.258855585831062,5.449591280653951,9.809264305177113,84.74114441416893,8.446866485013624,76.29427792915531
E00077876,264,29,12,17,235,24,211,10.984848484848484,4.545454545454546,6.4393939393939394,89.01515151515152,9.090909090909092,79.92424242424242
E00077877,238,59,19,40,179,29,150,24.789915966386555,7.9831932773109235,16.80672268907563,75.21008403361344,12.184873949579831,63.02521008403361
E00077878,400,81,54,27,319,23,296,20.25,13.5,6.75,79.75,5.75,74
E00077879,251,48,23,25,203,20,183,19.12350597609562,9.163346613545817,9.9601593625498,80.87649402390437,7.968127490039841,72.90836653386454
E00077880,309,34,8,26,275,25,250,11.003236245954692,2.5889967637540456,8.414239482200648,88.9967637540453,8.090614886731391,80.90614886731392
E00077881,220,80,53,27,140,14,126,36.36363636363637,24.09090909090909,12.272727272727273,63.63636363636363,6.363636363636363,57.27272727272727
E00077882,403,84,45,39,319,37,282,20.843672456575682,11.166253101736972,9.67741935483871,79.15632754342433,9.181141439205955,69.97518610421837
E00077883,284,33,13,20,251,24,227,11.619718309859154,4.577464788732395,7.042253521126761,88.38028169014085,8.450704225352112,79.92957746478874
E00077884,415,104,72,32,311,34,277,25.060240963855424,17.349397590361445,7.710843373493977,74.93975903614458,8.19277108433735,66.74698795180723
E00077885,391,37,5,32,354,28,326,9.462915601023019,1.278772378516624,8.184143222506394,90.53708439897699,7.161125319693094,83.37595907928389
E00077886,304,44,13,31,260,30,230,14.473684210526317,4.276315789473684,10.197368421052632,85.52631578947368,9.868421052631579,75.6578947368421
E00077887,189,52,21,31,137,19,118,27.513227513227513,11.11111111111111,16.402116402116402,72.4867724867725,10.052910052910052,62.43386243386243
E00077888,322,72,29,43,250,24,226,22.36024844720497,9.006211180124224,13.354037267080745,77.63975155279503,7.453416149068323,70.1863354037267
E00077889,224,38,16,22,186,16,170,16.964285714285715,7.142857142857142,9.821428571428571,83.03571428571429,7.142857142857142,75.89285714285714
E00077890,239,47,15,32,192,23,169,19.665271966527197,6.2761506276150625,13.389121338912133,80.3347280334728,9.623430962343097,70.7112970711297
E00077891,370,43,14,29,327,30,297,11.621621621621623,3.783783783783784,7.837837837837839,88.37837837837837,8.108108108108109,80.27027027027027
E00077892,272,55,24,31,217,33,184,20.22058823529412,8.823529411764707,11.397058823529411,79.77941176470588,12.132352941176471,67.64705882352942
E00077893,181,25,3,22,156,19,137,13.812154696132598,1.6574585635359116,12.154696132596685,86.1878453038674,10.497237569060774,75.69060773480662
E00077894,333,37,18,19,296,24,272,11.11111111111111,5.405405405405405,5.7057057057057055,88.88888888888889,7.207207207207207,81.68168168168168
E00077895,244,34,13,21,210,23,187,13.934426229508196,5.327868852459016,8.60655737704918,86.0655737704918,9.426229508196721,76.63934426229508
E00077896,163,53,29,24,110,10,100,32.515337423312886,17.791411042944784,14.723926380368098,67.48466257668711,6.134969325153374,61.34969325153374
E00077897,175,41,16,25,134,16,118,23.42857142857143,9.142857142857142,14.285714285714285,76.57142857142857,9.142857142857142,67.42857142857143
E00077898,212,51,29,22,161,23,138,24.056603773584907,13.679245283018867,10.377358490566039,75.94339622641509,10.849056603773585,65.09433962264151
E00077899,186,43,18,25,143,13,130,23.118279569892472,9.67741935483871,13.440860215053762,76.88172043010752,6.989247311827956,69.89247311827957
E00077900,280,80,28,52,200,22,178,28.57142857142857,10,18.571428571428573,71.42857142857143,7.857142857142857,63.57142857142857
E00077901,193,40,16,24,153,13,140,20.72538860103627,8.290155440414509,12.435233160621761,79.27461139896373,6.7357512953367875,72.53886010362694
E00077902,378,112,52,60,266,17,249,29.629629629629626,13.756613756613756,15.873015873015872,70.37037037037037,4.497354497354497,65.87301587301587
E00077903,296,64,22,42,232,23,209,21.62162162162162,7.4324324324324325,14.18918918918919,78.37837837837837,7.77027027027027,70.6081081081081
E00077905,289,47,10,37,242,22,220,16.26297577854671,3.4602076124567476,12.802768166089965,83.73702422145328,7.612456747404845,76.12456747404845
E00077906,329,84,33,51,245,21,224,25.53191489361702,10.030395136778116,15.501519756838904,74.46808510638297,6.382978723404255,68.08510638297872
E00077907,325,72,38,34,253,21,232,22.153846153846153,11.692307692307692,10.461538461538462,77.84615384615384,6.461538461538462,71.38461538461539
E00077908,273,40,14,26,233,19,214,14.652014652014653,5.128205128205128,9.523809523809524,85.34798534798534,6.95970695970696,78.3882783882784
E00077909,219,37,13,24,182,22,160,16.894977168949772,5.93607305936073,10.95890410958904,83.10502283105022,10.045662100456621,73.0593607305936
E00077910,231,41,14,27,190,14,176,17.74891774891775,6.0606060606060606,11.688311688311687,82.25108225108225,6.0606060606060606,76.19047619047619
E00077911,258,46,17,29,212,21,191,17.829457364341085,6.5891472868217065,11.24031007751938,82.17054263565892,8.13953488372093,74.03100775193798
E00077912,315,42,14,28,273,17,256,13.333333333333334,4.444444444444445,8.88888888888889,86.66666666666667,5.396825396825397,81.26984126984127
E00077913,320,48,17,31,272,28,244,15,5.3125,9.6875,85,8.75,76.25
E00077914,269,52,19,33,217,25,192,19.33085501858736,7.063197026022305,12.267657992565056,80.66914498141264,9.293680297397769,71.37546468401487
E00077915,411,52,14,38,359,29,330,12.652068126520682,3.40632603406326,9.245742092457421,87.34793187347933,7.0559610705596105,80.2919708029197
E00077916,303,46,17,29,257,21,236,15.181518151815181,5.6105610561056105,9.570957095709572,84.81848184818482,6.9306930693069315,77.88778877887789
E00077917,305,56,21,35,249,19,230,18.360655737704917,6.885245901639345,11.475409836065573,81.63934426229508,6.229508196721312,75.40983606557377
E00077918,374,61,20,41,313,36,277,16.31016042780749,5.347593582887701,10.962566844919785,83.68983957219251,9.62566844919786,74.06417112299465
E00077919,357,60,19,41,297,31,266,16.80672268907563,5.322128851540616,11.484593837535014,83.19327731092437,8.683473389355742,74.50980392156863
E00077920,370,60,18,42,310,37,273,16.216216216216218,4.864864864864865,11.351351351351353,83.78378378378379,10,73.78378378378379
E00077921,345,49,16,33,296,21,275,14.202898550724639,4.63768115942029,9.565217391304348,85.79710144927536,6.086956521739131,79.71014492753623
E00077922,272,45,16,29,227,14,213,16.544117647058822,5.88235294117647,10.661764705882353,83.45588235294117,5.147058823529411,78.30882352941177
E00077923,314,67,25,42,247,23,224,21.337579617834397,7.961783439490445,13.375796178343949,78.6624203821656,7.32484076433121,71.3375796178344
E00077924,321,70,20,50,251,23,228,21.806853582554517,6.230529595015576,15.57632398753894,78.19314641744548,7.165109034267912,71.02803738317756
E00077925,282,39,14,25,243,23,220,13.829787234042554,4.964539007092199,8.865248226950355,86.17021276595744,8.156028368794328,78.01418439716312
E00077926,370,39,10,29,331,41,290,10.54054054054054,2.7027027027027026,7.837837837837839,89.45945945945945,11.081081081081082,78.37837837837837
E00077927,268,48,17,31,220,15,205,17.91044776119403,6.343283582089552,11.567164179104477,82.08955223880598,5.597014925373134,76.49253731343283
E00077928,325,69,37,32,256,27,229,21.23076923076923,11.384615384615385,9.846153846153847,78.76923076923077,8.307692307692308,70.46153846153847
E00077929,261,69,33,36,192,21,171,26.436781609195403,12.643678160919542,13.793103448275861,73.5632183908046,8.045977011494253,65.51724137931035
E00077930,295,49,22,27,246,24,222,16.610169491525422,7.457627118644068,9.152542372881356,83.38983050847457,8.135593220338983,75.2542372881356
E00077931,307,65,26,39,242,13,229,21.172638436482085,8.469055374592834,12.703583061889251,78.82736156351791,4.234527687296417,74.5928338762215
E00077932,345,92,42,50,253,25,228,26.666666666666668,12.173913043478262,14.492753623188406,73.33333333333333,7.246376811594203,66.08695652173913
E00077933,341,62,20,42,279,17,262,18.181818181818183,5.865102639296188,12.316715542521994,81.81818181818183,4.9853372434017595,76.83284457478005
E00077934,387,97,51,46,290,34,256,25.064599483204137,13.178294573643413,11.886304909560723,74.93540051679587,8.785529715762273,66.1498708010336
E00077935,293,67,43,24,226,20,206,22.866894197952217,14.675767918088736,8.19112627986348,77.13310580204778,6.825938566552901,70.30716723549489
E00077936,308,40,15,25,268,21,247,12.987012987012985,4.870129870129871,8.116883116883116,87.01298701298701,6.8181818181818175,80.1948051948052
E00077937,341,72,29,43,269,20,249,21.114369501466275,8.504398826979472,12.609970674486803,78.88563049853371,5.865102639296188,73.02052785923753
E00077938,298,51,17,34,247,26,221,17.114093959731544,5.704697986577181,11.409395973154362,82.88590604026845,8.724832214765101,74.16107382550335
E00077939,258,45,13,32,213,26,187,17.441860465116278,5.038759689922481,12.4031007751938,82.55813953488372,10.077519379844961,72.48062015503875
E00077940,368,54,15,39,314,30,284,14.673913043478262,4.076086956521739,10.597826086956522,85.32608695652173,8.152173913043478,77.17391304347827
E00077941,344,34,11,23,310,37,273,9.883720930232558,3.1976744186046515,6.686046511627906,90.11627906976744,10.755813953488373,79.36046511627907
E00077942,289,46,13,33,243,38,205,15.916955017301039,4.498269896193772,11.418685121107266,84.08304498269896,13.148788927335639,70.93425605536332
E00077943,256,35,11,24,221,23,198,13.671875,4.296875,9.375,86.328125,8.984375,77.34375
E00077944,290,57,22,35,233,23,210,19.655172413793103,7.586206896551724,12.068965517241379,80.3448275862069,7.931034482758621,72.41379310344827
E00077945,314,52,19,33,262,24,238,16.560509554140125,6.050955414012739,10.509554140127388,83.43949044585987,7.643312101910828,75.79617834394905
E00077946,293,77,37,40,216,32,184,26.27986348122867,12.627986348122866,13.651877133105803,73.72013651877133,10.921501706484642,62.79863481228669
E00077947,381,135,88,47,246,17,229,35.43307086614173,23.097112860892388,12.335958005249344,64.56692913385827,4.4619422572178475,60.10498687664042
E00077948,257,46,17,29,211,29,182,17.898832684824903,6.614785992217899,11.284046692607005,82.10116731517509,11.284046692607005,70.8171206225681
E00077949,279,57,24,33,222,26,196,20.43010752688172,8.60215053763441,11.827956989247312,79.56989247311827,9.31899641577061,70.25089605734766
E00077950,329,56,12,44,273,19,254,17.02127659574468,3.64741641337386,13.37386018237082,82.97872340425532,5.775075987841945,77.20364741641338
E00077951,208,37,13,24,171,23,148,17.78846153846154,6.25,11.538461538461538,82.21153846153845,11.057692307692307,71.15384615384616
E00077952,336,35,12,23,301,36,265,10.416666666666668,3.571428571428571,6.845238095238096,89.58333333333334,10.714285714285714,78.86904761904762
E00077953,262,60,23,37,202,27,175,22.900763358778626,8.778625954198473,14.122137404580155,77.09923664122137,10.305343511450381,66.79389312977099
E00077954,253,73,29,44,180,24,156,28.85375494071146,11.462450592885375,17.391304347826086,71.14624505928853,9.486166007905137,61.6600790513834
E00077955,291,47,17,30,244,31,213,16.151202749140893,5.841924398625429,10.309278350515463,83.8487972508591,10.652920962199312,73.19587628865979
E00077956,266,41,10,31,225,25,200,15.413533834586465,3.7593984962406015,11.654135338345863,84.58646616541353,9.398496240601503,75.18796992481202
E00077957,365,78,30,48,287,20,267,21.36986301369863,8.21917808219178,13.150684931506849,78.63013698630137,5.47945205479452,73.15068493150685
E00077958,312,77,36,41,235,24,211,24.679487179487182,11.538461538461538,13.141025641025642,75.32051282051282,7.6923076923076925,67.62820512820514
E00077959,281,71,33,38,210,24,186,25.26690391459075,11.743772241992882,13.523131672597867,74.73309608540926,8.540925266903916,66.19217081850533
E00077960,319,58,21,37,261,19,242,18.181818181818183,6.583072100313479,11.598746081504702,81.81818181818183,5.956112852664576,75.86206896551724
E00077961,254,47,27,20,207,17,190,18.503937007874015,10.62992125984252,7.874015748031496,81.49606299212599,6.692913385826772,74.80314960629921
E00077962,350,71,32,39,279,33,246,20.285714285714285,9.142857142857142,11.142857142857142,79.71428571428572,9.428571428571429,70.28571428571428
E00077963,327,71,33,38,256,20,236,21.712538226299692,10.091743119266056,11.62079510703364,78.2874617737003,6.116207951070336,72.17125382262996
E00077964,296,41,14,27,255,31,224,13.85135135135135,4.72972972972973,9.121621621621621,86.14864864864865,10.472972972972974,75.67567567567568
E00077965,312,71,25,46,241,21,220,22.756410256410255,8.012820512820513,14.743589743589745,77.24358974358975,6.730769230769231,70.51282051282051
E00077966,351,88,44,44,263,16,247,25.071225071225072,12.535612535612536,12.535612535612536,74.92877492877493,4.5584045584045585,70.37037037037037
E00077967,300,69,29,40,231,26,205,23,9.666666666666666,13.333333333333334,77,8.666666666666668,68.33333333333333
E00077968,248,73,23,50,175,28,147,29.435483870967744,9.274193548387096,20.161290322580644,70.56451612903226,11.29032258064516,59.2741935483871
E00077969,273,66,30,36,207,18,189,24.175824175824175,10.989010989010989,13.186813186813188,75.82417582417582,6.593406593406594,69.23076923076923
E00077970,241,29,9,20,212,11,201,12.033195020746888,3.7344398340248963,8.29875518672199,87.96680497925311,4.564315352697095,83.40248962655602
E00077971,342,80,34,46,262,25,237,23.391812865497073,9.941520467836257,13.450292397660817,76.60818713450293,7.309941520467836,69.2982456140351
E00077972,297,69,33,36,228,19,209,23.232323232323232,11.11111111111111,12.121212121212121,76.76767676767676,6.397306397306397,70.37037037037037
E00077973,223,33,8,25,190,16,174,14.798206278026907,3.587443946188341,11.210762331838566,85.20179372197309,7.174887892376682,78.02690582959642
E00077974,334,50,13,37,284,26,258,14.97005988023952,3.8922155688622757,11.077844311377245,85.02994011976048,7.784431137724551,77.24550898203593
E00077975,322,52,15,37,270,30,240,16.149068322981368,4.658385093167702,11.490683229813664,83.85093167701864,9.316770186335404,74.53416149068323
E00077976,267,42,11,31,225,21,204,15.730337078651685,4.119850187265917,11.610486891385769,84.26966292134831,7.865168539325842,76.40449438202246
E00077977,290,34,9,25,256,14,242,11.724137931034482,3.103448275862069,8.620689655172415,88.27586206896552,4.827586206896552,83.44827586206897
E00077978,310,43,9,34,267,26,241,13.870967741935484,2.903225806451613,10.967741935483872,86.12903225806451,8.38709677419355,77.74193548387098
E00077979,306,45,22,23,261,20,241,14.705882352941178,7.18954248366013,7.516339869281046,85.29411764705883,6.535947712418301,78.75816993464052
E00077980,293,52,13,39,241,23,218,17.747440273037544,4.436860068259386,13.310580204778159,82.25255972696246,7.849829351535837,74.40273037542661
E00077981,298,54,23,31,244,31,213,18.120805369127517,7.718120805369128,10.40268456375839,81.87919463087249,10.40268456375839,71.47651006711409
E00077982,427,83,43,40,344,25,319,19.437939110070257,10.070257611241217,9.367681498829041,80.56206088992974,5.85480093676815,74.7072599531616
E00077983,401,64,29,35,337,38,299,15.96009975062344,7.231920199501247,8.728179551122196,84.03990024937656,9.476309226932669,74.56359102244389
E00077984,312,65,27,38,247,26,221,20.833333333333336,8.653846153846153,12.179487179487179,79.16666666666666,8.333333333333332,70.83333333333334
E00077985,379,83,39,44,296,21,275,21.899736147757256,10.29023746701847,11.609498680738787,78.10026385224275,5.540897097625329,72.55936675461741
E00077986,299,74,33,41,225,27,198,24.74916387959866,11.036789297658862,13.712374581939798,75.25083612040135,9.03010033444816,66.22073578595318
E00077987,431,138,79,59,293,19,274,32.01856148491879,18.329466357308586,13.68909512761021,67.98143851508121,4.408352668213457,63.57308584686775
E00077989,316,75,36,39,241,22,219,23.734177215189874,11.39240506329114,12.341772151898734,76.26582278481013,6.962025316455696,69.30379746835443
E00077990,301,47,24,23,254,22,232,15.614617940199334,7.973421926910299,7.641196013289036,84.38538205980066,7.308970099667775,77.0764119601329
E00077991,354,78,44,34,276,20,256,22.033898305084744,12.429378531073446,9.6045197740113,77.96610169491525,5.649717514124294,72.31638418079096
E00077992,513,87,28,59,426,46,380,16.95906432748538,5.458089668615984,11.500974658869396,83.04093567251462,8.966861598440545,74.07407407407408
E00077993,308,54,32,22,254,24,230,17.532467532467532,10.38961038961039,7.142857142857142,82.46753246753246,7.792207792207792,74.67532467532467
E00077994,210,36,16,20,174,17,157,17.142857142857142,7.6190476190476195,9.523809523809524,82.85714285714286,8.095238095238095,74.76190476190476
E00077995,282,47,19,28,235,27,208,16.666666666666664,6.73758865248227,9.929078014184398,83.33333333333334,9.574468085106384,73.75886524822694
E00077996,308,52,18,34,256,28,228,16.883116883116884,5.844155844155844,11.03896103896104,83.11688311688312,9.090909090909092,74.02597402597402
E00077997,497,20,7,13,477,23,454,4.0241448692152915,1.4084507042253522,2.61569416498994,95.97585513078471,4.627766599597585,91.34808853118712
E00077998,397,64,20,44,333,37,296,16.120906801007557,5.037783375314862,11.083123425692696,83.87909319899244,9.319899244332493,74.55919395465995
E00077999,366,83,52,31,283,32,251,22.6775956284153,14.207650273224044,8.469945355191257,77.3224043715847,8.743169398907105,68.5792349726776
E00078000,416,115,52,63,301,27,274,27.64423076923077,12.5,15.144230769230768,72.35576923076923,6.490384615384616,65.86538461538461
E00078001,296,48,18,30,248,22,226,16.216216216216218,6.081081081081082,10.135135135135135,83.78378378378379,7.4324324324324325,76.35135135135135
E00078002,346,49,22,27,297,16,281,14.16184971098266,6.358381502890173,7.803468208092486,85.83815028901735,4.624277456647398,81.21387283236994
E00078003,412,90,29,61,322,25,297,21.844660194174757,7.038834951456311,14.805825242718445,78.15533980582524,6.067961165048544,72.0873786407767
E00078004,288,34,10,24,254,20,234,11.805555555555555,3.4722222222222223,8.333333333333332,88.19444444444444,6.944444444444445,81.25
E00078005,367,83,34,49,284,25,259,22.615803814713896,9.264305177111716,13.35149863760218,77.3841961852861,6.811989100817439,70.57220708446866
E00078006,331,65,31,34,266,23,243,19.637462235649547,9.365558912386707,10.27190332326284,80.36253776435045,6.948640483383686,73.41389728096676
E00078007,422,82,38,44,340,20,320,19.431279620853083,9.004739336492891,10.42654028436019,80.56872037914692,4.739336492890995,75.82938388625593
E00078008,325,101,56,45,224,17,207,31.076923076923073,17.23076923076923,13.846153846153847,68.92307692307692,5.230769230769231,63.69230769230769
E00078009,321,86,46,40,235,24,211,26.791277258566975,14.330218068535824,12.461059190031152,73.20872274143302,7.476635514018691,65.73208722741433
E00078010,264,50,16,34,214,20,194,18.939393939393938,6.0606060606060606,12.878787878787879,81.06060606060606,7.575757575757576,73.48484848484848
E00078011,298,56,23,33,242,25,217,18.79194630872483,7.718120805369128,11.073825503355705,81.20805369127517,8.389261744966444,72.81879194630872
E00078012,353,66,23,43,287,28,259,18.69688385269122,6.515580736543909,12.181303116147308,81.30311614730878,7.932011331444759,73.37110481586402
E00078013,234,43,21,22,191,20,171,18.37606837606838,8.974358974358974,9.401709401709402,81.62393162393163,8.547008547008547,73.07692307692307
E00078014,470,70,29,41,400,34,366,14.893617021276595,6.170212765957447,8.72340425531915,85.1063829787234,7.234042553191489,77.87234042553192
E00078015,411,66,31,35,345,29,316,16.05839416058394,7.542579075425791,8.51581508515815,83.94160583941606,7.0559610705596105,76.88564476885644
E00078016,292,46,18,28,246,17,229,15.753424657534246,6.164383561643835,9.58904109589041,84.24657534246576,5.821917808219178,78.42465753424658
E00078017,328,55,22,33,273,18,255,16.76829268292683,6.707317073170732,10.060975609756099,83.23170731707317,5.487804878048781,77.7439024390244
E00078018,395,46,15,31,349,36,313,11.645569620253164,3.79746835443038,7.848101265822785,88.35443037974684,9.113924050632912,79.24050632911393
E00078019,272,48,24,24,224,25,199,17.647058823529413,8.823529411764707,8.823529411764707,82.35294117647058,9.191176470588236,73.16176470588235
E00078020,310,54,25,29,256,19,237,17.419354838709676,8.064516129032258,9.35483870967742,82.58064516129032,6.129032258064516,76.45161290322581
E00078021,336,69,28,41,267,27,240,20.535714285714285,8.333333333333332,12.202380952380953,79.46428571428571,8.035714285714286,71.42857142857143
E00078023,209,36,11,25,173,19,154,17.22488038277512,5.263157894736842,11.961722488038278,82.77511961722487,9.090909090909092,73.68421052631578
E00078024,290,39,12,27,251,26,225,13.448275862068964,4.137931034482759,9.310344827586208,86.55172413793103,8.96551724137931,77.58620689655173
E00078025,324,68,28,40,256,28,228,20.98765432098765,8.641975308641975,12.345679012345679,79.01234567901234,8.641975308641975,70.37037037037037
E00078026,352,30,11,19,322,24,298,8.522727272727272,3.125,5.3977272727272725,91.47727272727273,6.8181818181818175,84.6590909090909
E00078027,256,54,20,34,202,23,179,21.09375,7.8125,13.28125,78.90625,8.984375,69.921875
E00078028,250,41,11,30,209,25,184,16.400000000000002,4.3999999999999995,12,83.6,10,73.6
E00078029,290,47,10,37,243,19,224,16.206896551724135,3.4482758620689653,12.758620689655173,83.79310344827586,6.551724137931035,77.24137931034483
E00078030,302,71,29,42,231,23,208,23.509933774834437,9.602649006622517,13.90728476821192,76.49006622516556,7.6158940397351,68.87417218543047
E00078031,270,54,21,33,216,29,187,20,7.777777777777778,12.222222222222221,80,10.74074074074074,69.25925925925925
E00078032,282,44,16,28,238,22,216,15.602836879432624,5.673758865248227,9.929078014184398,84.39716312056737,7.801418439716312,76.59574468085107
E00078033,298,39,9,30,259,37,222,13.087248322147651,3.0201342281879198,10.06711409395973,86.91275167785236,12.416107382550337,74.49664429530202
E00078034,316,50,16,34,266,27,239,15.822784810126583,5.063291139240507,10.759493670886076,84.17721518987342,8.544303797468354,75.63291139240506
E00078035,302,36,12,24,266,24,242,11.920529801324504,3.9735099337748347,7.9470198675496695,88.0794701986755,7.9470198675496695,80.13245033112582
E00078036,324,58,14,44,266,38,228,17.901234567901234,4.320987654320987,13.580246913580247,82.09876543209876,11.728395061728394,70.37037037037037
E00078037,321,49,20,29,272,33,239,15.264797507788161,6.230529595015576,9.034267912772584,84.73520249221184,10.2803738317757,74.45482866043614
E00078038,313,50,19,31,263,27,236,15.974440894568689,6.070287539936102,9.904153354632587,84.02555910543131,8.626198083067091,75.39936102236422
E00078039,350,59,22,37,291,36,255,16.857142857142858,6.2857142857142865,10.571428571428571,83.14285714285714,10.285714285714285,72.85714285714285
E00078040,295,51,14,37,244,27,217,17.28813559322034,4.745762711864407,12.54237288135593,82.71186440677965,9.152542372881356,73.5593220338983
E00078041,170,58,24,34,112,15,97,34.11764705882353,14.117647058823529,20,65.88235294117646,8.823529411764707,57.05882352941176
E00078042,399,70,45,25,329,39,290,17.543859649122805,11.278195488721805,6.265664160401002,82.45614035087719,9.774436090225564,72.68170426065163
E00078043,269,36,10,26,233,30,203,13.382899628252787,3.717472118959108,9.66542750929368,86.61710037174721,11.152416356877323,75.46468401486989
E00078044,352,49,9,40,303,37,266,13.920454545454545,2.556818181818182,11.363636363636363,86.07954545454545,10.511363636363637,75.56818181818183
E00078046,384,72,27,45,312,41,271,18.75,7.03125,11.71875,81.25,10.677083333333332,70.57291666666666
E00078047,376,80,34,46,296,34,262,21.27659574468085,9.042553191489363,12.23404255319149,78.72340425531915,9.042553191489363,69.68085106382979
E00078048,339,43,18,25,296,17,279,12.684365781710916,5.3097345132743365,7.374631268436578,87.31563421828909,5.014749262536873,82.30088495575221
E00078049,333,50,17,33,283,24,259,15.015015015015015,5.105105105105105,9.90990990990991,84.98498498498499,7.207207207207207,77.77777777777779
E00078050,269,37,18,19,232,33,199,13.754646840148698,6.691449814126393,7.063197026022305,86.2453531598513,12.267657992565056,73.97769516728626
E00078051,403,56,19,37,347,37,310,13.895781637717123,4.714640198511166,9.181141439205955,86.10421836228288,9.181141439205955,76.92307692307693
E00078052,417,61,27,34,356,27,329,14.628297362110313,6.474820143884892,8.15347721822542,85.37170263788968,6.474820143884892,78.8968824940048
E00078053,379,68,28,40,311,23,288,17.941952506596305,7.387862796833773,10.554089709762533,82.05804749340369,6.068601583113456,75.98944591029023
E00078054,343,62,31,31,281,25,256,18.075801749271136,9.037900874635568,9.037900874635568,81.92419825072886,7.288629737609329,74.63556851311954
E00078055,381,70,23,47,311,23,288,18.37270341207349,6.036745406824147,12.335958005249344,81.62729658792651,6.036745406824147,75.59055118110236
E00078056,302,31,10,21,271,26,245,10.264900662251655,3.3112582781456954,6.95364238410596,89.73509933774835,8.609271523178808,81.12582781456953
E00078057,485,114,55,59,371,21,350,23.505154639175256,11.34020618556701,12.164948453608247,76.49484536082474,4.329896907216495,72.16494845360825
E00078058,397,69,21,48,328,28,300,17.38035264483627,5.289672544080604,12.090680100755668,82.61964735516372,7.052896725440807,75.56675062972292
E00078059,361,57,22,35,304,26,278,15.789473684210526,6.094182825484765,9.695290858725762,84.21052631578947,7.202216066481995,77.00831024930747
E00078060,307,34,13,21,273,35,238,11.074918566775244,4.234527687296417,6.840390879478828,88.92508143322475,11.400651465798045,77.52442996742671
E00078061,298,31,11,20,267,30,237,10.40268456375839,3.691275167785235,6.7114093959731544,89.59731543624162,10.06711409395973,79.53020134228188
E00078062,319,51,16,35,268,29,239,15.987460815047022,5.015673981191222,10.9717868338558,84.01253918495298,9.090909090909092,74.92163009404389
E00078063,362,82,30,52,280,26,254,22.65193370165746,8.287292817679557,14.3646408839779,77.34806629834254,7.18232044198895,70.1657458563536
E00078064,330,65,26,39,265,26,239,19.696969696969695,7.878787878787878,11.818181818181818,80.3030303030303,7.878787878787878,72.42424242424242
E00078065,344,41,13,28,303,21,282,11.918604651162791,3.77906976744186,8.13953488372093,88.0813953488372,6.104651162790697,81.97674418604652
E00078066,386,59,22,37,327,32,295,15.284974093264248,5.699481865284974,9.585492227979273,84.71502590673575,8.290155440414509,76.42487046632125
E00078067,205,59,32,27,146,15,131,28.780487804878046,15.609756097560975,13.170731707317074,71.21951219512195,7.317073170731707,63.90243902439025
E00078068,293,63,29,34,230,28,202,21.501706484641637,9.897610921501707,11.604095563139932,78.49829351535837,9.556313993174061,68.94197952218431
E00078069,353,67,29,38,286,33,253,18.980169971671387,8.21529745042493,10.764872521246458,81.01983002832861,9.34844192634561,71.671388101983
E00078070,339,125,63,62,214,20,194,36.87315634218289,18.58407079646018,18.289085545722713,63.12684365781711,5.899705014749262,57.227138643067846
E00078071,578,125,53,72,453,40,413,21.626297577854672,9.16955017301038,12.45674740484429,78.37370242214533,6.920415224913495,71.45328719723183
E00078072,338,59,20,39,279,23,256,17.45562130177515,5.9171597633136095,11.538461538461538,82.54437869822485,6.8047337278106506,75.7396449704142
E00078073,396,61,31,30,335,24,311,15.404040404040403,7.828282828282829,7.575757575757576,84.59595959595958,6.0606060606060606,78.53535353535354
E00078074,404,86,34,52,318,29,289,21.287128712871286,8.415841584158416,12.871287128712872,78.71287128712872,7.1782178217821775,71.53465346534654
E00078075,426,65,31,34,361,28,333,15.258215962441316,7.276995305164319,7.981220657276995,84.74178403755869,6.572769953051644,78.16901408450704
E00078076,326,94,49,45,232,21,211,28.834355828220858,15.030674846625766,13.803680981595093,71.16564417177914,6.441717791411043,64.7239263803681
E00078077,405,77,28,49,328,30,298,19.012345679012345,6.91358024691358,12.098765432098766,80.98765432098766,7.4074074074074066,73.58024691358025
E00078078,335,60,24,36,275,29,246,17.91044776119403,7.164179104477612,10.746268656716417,82.08955223880598,8.656716417910449,73.43283582089552
E00078079,152,35,18,17,117,12,105,23.026315789473685,11.842105263157894,11.18421052631579,76.97368421052632,7.894736842105263,69.07894736842105
E00078080,318,74,24,50,244,26,218,23.270440251572328,7.547169811320755,15.723270440251572,76.72955974842768,8.176100628930817,68.55345911949685
E00078081,325,50,21,29,275,29,246,15.384615384615385,6.461538461538462,8.923076923076923,84.61538461538461,8.923076923076923,75.6923076923077
E00078082,316,70,34,36,246,17,229,22.151898734177212,10.759493670886076,11.39240506329114,77.84810126582279,5.379746835443038,72.46835443037975
E00078083,272,64,32,32,208,19,189,23.52941176470588,11.76470588235294,11.76470588235294,76.47058823529412,6.985294117647059,69.48529411764706
E00078084,350,69,24,45,281,20,261,19.714285714285715,6.857142857142858,12.857142857142856,80.28571428571428,5.714285714285714,74.57142857142857
E00078085,395,92,41,51,303,18,285,23.29113924050633,10.379746835443038,12.91139240506329,76.70886075949367,4.556962025316456,72.15189873417721
E00078086,323,66,21,45,257,16,241,20.43343653250774,6.5015479876160995,13.93188854489164,79.56656346749226,4.953560371517028,74.61300309597523
E00078087,295,58,18,40,237,22,215,19.661016949152543,6.101694915254238,13.559322033898304,80.33898305084746,7.457627118644068,72.88135593220339
E00078088,309,56,25,31,253,22,231,18.12297734627832,8.090614886731391,10.032362459546926,81.87702265372168,7.119741100323624,74.75728155339806
E00078089,267,37,11,26,230,18,212,13.857677902621724,4.119850187265917,9.737827715355806,86.14232209737828,6.741573033707865,79.40074906367042
E00078090,322,47,18,29,275,22,253,14.596273291925465,5.590062111801243,9.006211180124224,85.40372670807453,6.832298136645963,78.57142857142857
E00078091,348,49,12,37,299,24,275,14.080459770114942,3.4482758620689653,10.632183908045976,85.91954022988506,6.896551724137931,79.02298850574712
E00078092,349,46,18,28,303,33,270,13.18051575931232,5.157593123209169,8.022922636103152,86.81948424068769,9.455587392550143,77.36389684813754
E00078093,407,59,21,38,348,39,309,14.496314496314497,5.159705159705159,9.336609336609335,85.5036855036855,9.582309582309582,75.92137592137593
E00078094,344,67,29,38,277,29,248,19.476744186046513,8.430232558139535,11.046511627906977,80.52325581395348,8.430232558139535,72.09302325581395
E00078095,294,41,12,29,253,27,226,13.945578231292515,4.081632653061225,9.863945578231291,86.05442176870748,9.183673469387756,76.87074829931973
E00078096,337,56,26,30,281,24,257,16.61721068249258,7.71513353115727,8.902077151335313,83.38278931750742,7.121661721068249,76.26112759643917
E00078097,372,66,38,28,306,24,282,17.741935483870968,10.21505376344086,7.526881720430108,82.25806451612904,6.451612903225806,75.80645161290323
E00078098,363,68,23,45,295,24,271,18.732782369146005,6.336088154269973,12.396694214876034,81.26721763085399,6.6115702479338845,74.65564738292011
E00078099,326,60,27,33,266,23,243,18.404907975460123,8.282208588957054,10.122699386503067,81.59509202453987,7.05521472392638,74.5398773006135
E00078100,351,65,26,39,286,18,268,18.51851851851852,7.4074074074074066,11.11111111111111,81.48148148148148,5.128205128205128,76.35327635327636
E00078101,390,72,26,46,318,42,276,18.461538461538463,6.666666666666667,11.794871794871794,81.53846153846153,10.76923076923077,70.76923076923077
E00078102,520,88,40,48,432,34,398,16.923076923076923,7.6923076923076925,9.230769230769232,83.07692307692308,6.538461538461539,76.53846153846153
E00078103,297,83,38,45,214,23,191,27.946127946127948,12.794612794612794,15.151515151515152,72.05387205387206,7.744107744107744,64.3097643097643
E00078104,297,38,18,20,259,20,239,12.794612794612794,6.0606060606060606,6.7340067340067336,87.20538720538721,6.7340067340067336,80.47138047138047
E00078105,395,54,14,40,341,30,311,13.670886075949367,3.5443037974683547,10.126582278481013,86.32911392405063,7.59493670886076,78.73417721518987
E00078106,291,43,17,26,248,23,225,14.776632302405499,5.841924398625429,8.934707903780069,85.2233676975945,7.903780068728522,77.31958762886599
E00078107,266,56,29,27,210,22,188,21.052631578947366,10.902255639097744,10.150375939849624,78.94736842105263,8.270676691729323,70.67669172932331
E00078108,323,36,15,21,287,25,262,11.145510835913312,4.643962848297214,6.5015479876160995,88.85448916408669,7.739938080495357,81.11455108359134
E00078109,347,78,37,41,269,29,240,22.478386167146976,10.662824207492795,11.815561959654179,77.52161383285303,8.357348703170029,69.164265129683
E00078110,352,119,76,43,233,17,216,33.80681818181818,21.59090909090909,12.215909090909092,66.19318181818183,4.829545454545454,61.36363636363637
E00078111,268,49,15,34,219,15,204,18.28358208955224,5.597014925373134,12.686567164179104,81.71641791044776,5.597014925373134,76.11940298507463
E00078112,319,48,17,31,271,27,244,15.047021943573668,5.329153605015674,9.717868338557993,84.95297805642633,8.463949843260188,76.48902821316614
E00078113,393,76,26,50,317,26,291,19.338422391857506,6.615776081424936,12.72264631043257,80.6615776081425,6.615776081424936,74.04580152671755
E00078114,422,44,19,25,378,32,346,10.42654028436019,4.502369668246446,5.924170616113744,89.57345971563981,7.5829383886255926,81.99052132701422
E00078115,236,78,47,31,158,15,143,33.05084745762712,19.915254237288135,13.135593220338984,66.94915254237289,6.3559322033898304,60.59322033898306
E00078116,320,60,27,33,260,30,230,18.75,8.4375,10.3125,81.25,9.375,71.875
E00078117,329,52,19,33,277,32,245,15.80547112462006,5.775075987841945,10.030395136778116,84.19452887537993,9.72644376899696,74.46808510638297
E00078118,328,52,18,34,276,20,256,15.853658536585366,5.487804878048781,10.365853658536585,84.14634146341463,6.097560975609756,78.04878048780488
E00078119,200,79,42,37,121,13,108,39.5,21,18.5,60.5,6.5,54
E00078120,323,49,9,40,274,26,248,15.170278637770899,2.786377708978328,12.38390092879257,84.82972136222911,8.04953560371517,76.78018575851394
E00078121,307,54,29,25,253,41,212,17.58957654723127,9.446254071661238,8.143322475570033,82.41042345276874,13.355048859934854,69.05537459283387
E00078122,352,66,23,43,286,20,266,18.75,6.534090909090909,12.215909090909092,81.25,5.681818181818182,75.56818181818183
E00078123,290,45,14,31,245,23,222,15.517241379310345,4.827586206896552,10.689655172413794,84.48275862068965,7.931034482758621,76.55172413793103
E00078124,318,54,17,37,264,29,235,16.9811320754717,5.345911949685535,11.635220125786164,83.01886792452831,9.119496855345911,73.89937106918238
E00078125,312,67,27,40,245,26,219,21.474358974358974,8.653846153846153,12.82051282051282,78.52564102564102,8.333333333333332,70.1923076923077
E00078126,276,32,13,19,244,22,222,11.594202898550725,4.710144927536232,6.884057971014493,88.40579710144928,7.971014492753622,80.43478260869566
E00078127,270,28,9,19,242,27,215,10.37037037037037,3.3333333333333335,7.037037037037037,89.62962962962962,10,79.62962962962963
E00078128,311,61,25,36,250,20,230,19.614147909967848,8.038585209003216,11.57556270096463,80.38585209003215,6.430868167202572,73.95498392282958
E00078129,381,43,14,29,338,26,312,11.286089238845145,3.674540682414698,7.611548556430446,88.71391076115486,6.824146981627297,81.88976377952756
E00078130,363,61,28,33,302,37,265,16.804407713498623,7.7134986225895315,9.090909090909092,83.19559228650138,10.192837465564738,73.00275482093664
E00078131,250,47,17,30,203,18,185,18.8,6.800000000000001,12,81.2,7.199999999999999,74
E00078132,362,41,9,32,321,25,296,11.32596685082873,2.4861878453038675,8.83977900552486,88.67403314917127,6.906077348066299,81.76795580110497
E00078133,278,39,9,30,239,22,217,14.028776978417264,3.237410071942446,10.79136690647482,85.97122302158273,7.913669064748201,78.05755395683454
E00078134,405,47,17,30,358,27,331,11.604938271604938,4.197530864197531,7.4074074074074066,88.39506172839506,6.666666666666667,81.72839506172839
E00078135,411,49,14,35,362,34,328,11.922141119221411,3.40632603406326,8.51581508515815,88.07785888077859,8.27250608272506,79.80535279805353
E00078136,203,28,10,18,175,17,158,13.793103448275861,4.926108374384237,8.866995073891626,86.20689655172413,8.374384236453201,77.83251231527095
E00078137,339,36,11,25,303,21,282,10.619469026548673,3.2448377581120944,7.374631268436578,89.38053097345133,6.1946902654867255,83.1858407079646
E00078138,265,36,7,29,229,21,208,13.584905660377359,2.6415094339622645,10.943396226415095,86.41509433962264,7.9245283018867925,78.49056603773586
E00078139,295,34,12,22,261,21,240,11.525423728813559,4.067796610169491,7.457627118644068,88.47457627118645,7.118644067796611,81.35593220338984
E00078140,157,52,24,28,105,12,93,33.12101910828025,15.286624203821656,17.8343949044586,66.87898089171973,7.643312101910828,59.23566878980891
E00078141,283,31,14,17,252,30,222,10.954063604240282,4.946996466431095,6.007067137809187,89.04593639575971,10.60070671378092,78.4452296819788
E00078142,322,34,11,23,288,16,272,10.559006211180124,3.4161490683229814,7.142857142857142,89.44099378881988,4.968944099378882,84.472049689441
E00078143,363,35,11,24,328,16,312,9.641873278236915,3.0303030303030303,6.6115702479338845,90.35812672176309,4.40771349862259,85.9504132231405
E00078144,193,31,13,18,162,12,150,16.06217616580311,6.7357512953367875,9.32642487046632,83.93782383419689,6.217616580310881,77.720207253886
E00078145,316,34,10,24,282,29,253,10.759493670886076,3.1645569620253164,7.59493670886076,89.24050632911393,9.177215189873419,80.0632911392405
E00078146,326,42,15,27,284,18,266,12.883435582822086,4.601226993865031,8.282208588957054,87.11656441717791,5.521472392638037,81.59509202453987
E00078147,235,41,20,21,194,25,169,17.4468085106383,8.51063829787234,8.936170212765958,82.5531914893617,10.638297872340425,71.91489361702128
E00078148,254,36,12,24,218,23,195,14.173228346456693,4.724409448818897,9.448818897637794,85.8267716535433,9.05511811023622,76.77165354330708
E00078149,266,52,24,28,214,20,194,19.548872180451127,9.022556390977442,10.526315789473683,80.45112781954887,7.518796992481203,72.93233082706767
E00078150,337,69,26,43,268,18,250,20.474777448071215,7.71513353115727,12.759643916913946,79.52522255192879,5.341246290801187,74.1839762611276
E00078151,494,95,47,48,399,26,373,19.230769230769234,9.51417004048583,9.7165991902834,80.76923076923077,5.263157894736842,75.50607287449392
E00078152,311,72,29,43,239,23,216,23.15112540192926,9.32475884244373,13.826366559485532,76.84887459807074,7.395498392282958,69.45337620578779
E00078153,292,62,24,38,230,23,207,21.232876712328768,8.21917808219178,13.013698630136986,78.76712328767124,7.876712328767123,70.8904109589041
E00078154,363,55,22,33,308,27,281,15.151515151515152,6.0606060606060606,9.090909090909092,84.84848484848484,7.43801652892562,77.41046831955923
E00078155,386,92,52,40,294,28,266,23.83419689119171,13.471502590673575,10.362694300518134,76.16580310880829,7.253886010362693,68.9119170984456
E00078156,301,99,59,40,202,20,182,32.89036544850498,19.601328903654487,13.2890365448505,67.109634551495,6.64451827242525,60.46511627906976
E00078157,344,83,35,48,261,27,234,24.12790697674419,10.174418604651162,13.953488372093023,75.87209302325581,7.848837209302325,68.02325581395348
E00078158,184,76,41,35,108,9,99,41.30434782608695,22.282608695652172,19.021739130434785,58.69565217391305,4.891304347826087,53.80434782608695
E00078159,300,60,15,45,240,25,215,20,5,15,80,8.333333333333332,71.66666666666667
E00078160,224,60,29,31,164,19,145,26.785714285714285,12.946428571428573,13.839285714285715,73.21428571428571,8.482142857142858,64.73214285714286
E00078161,225,27,12,15,198,22,176,12,5.333333333333334,6.666666666666667,88,9.777777777777779,78.22222222222223
E00078163,342,38,12,26,304,29,275,11.11111111111111,3.508771929824561,7.602339181286549,88.88888888888889,8.47953216374269,80.4093567251462
E00078164,273,36,8,28,237,21,216,13.186813186813188,2.93040293040293,10.256410256410255,86.81318681318682,7.6923076923076925,79.12087912087912
E00078165,303,36,10,26,267,32,235,11.881188118811881,3.3003300330033,8.58085808580858,88.11881188118812,10.561056105610561,77.55775577557755
E00078166,320,56,34,22,264,21,243,17.5,10.625,6.875000000000001,82.5,6.5625,75.9375
E00078167,307,36,7,29,271,38,233,11.726384364820847,2.2801302931596092,9.446254071661238,88.27361563517914,12.37785016286645,75.8957654723127
E00078168,376,42,17,25,334,36,298,11.170212765957446,4.521276595744681,6.648936170212766,88.82978723404256,9.574468085106384,79.25531914893617
E00078169,392,62,20,42,330,33,297,15.816326530612246,5.1020408163265305,10.714285714285714,84.18367346938776,8.418367346938775,75.76530612244898
E00078170,446,76,24,52,370,40,330,17.040358744394617,5.381165919282512,11.659192825112108,82.95964125560538,8.968609865470851,73.99103139013454
E00078171,285,36,15,21,249,18,231,12.631578947368421,5.263157894736842,7.368421052631578,87.36842105263159,6.315789473684211,81.05263157894737
E00078172,398,41,18,23,357,33,324,10.301507537688442,4.522613065326634,5.778894472361809,89.69849246231156,8.291457286432161,81.4070351758794
E00078173,264,39,14,25,225,21,204,14.772727272727273,5.303030303030303,9.469696969696969,85.22727272727273,7.954545454545454,77.27272727272727
E00078174,352,43,16,27,309,37,272,12.215909090909092,4.545454545454546,7.670454545454546,87.7840909090909,10.511363636363637,77.27272727272727
E00078175,329,36,12,24,293,32,261,10.94224924012158,3.64741641337386,7.29483282674772,89.05775075987842,9.72644376899696,79.33130699088146
E00078176,250,44,18,26,206,13,193,17.599999999999998,7.199999999999999,10.4,82.39999999999999,5.2,77.2
E00078177,328,34,13,21,294,24,270,10.365853658536585,3.9634146341463414,6.402439024390244,89.63414634146342,7.317073170731707,82.3170731707317
E00078178,261,45,16,29,216,14,202,17.24137931034483,6.130268199233716,11.11111111111111,82.75862068965517,5.363984674329502,77.39463601532567
E00078179,269,35,13,22,234,21,213,13.011152416356877,4.83271375464684,8.178438661710038,86.98884758364312,7.806691449814126,79.182156133829
E00078180,325,41,12,29,284,30,254,12.615384615384615,3.6923076923076925,8.923076923076923,87.38461538461539,9.230769230769232,78.15384615384615
E00078181,366,42,11,31,324,28,296,11.475409836065573,3.0054644808743167,8.469945355191257,88.52459016393442,7.650273224043716,80.87431693989072
E00078182,276,15,6,9,261,18,243,5.434782608695652,2.1739130434782608,3.260869565217391,94.56521739130434,6.521739130434782,88.04347826086956
E00078183,321,37,7,30,284,27,257,11.526479750778815,2.1806853582554515,9.345794392523365,88.47352024922118,8.411214953271028,80.06230529595015
E00078184,294,38,17,21,256,22,234,12.925170068027212,5.782312925170068,7.142857142857142,87.07482993197279,7.482993197278912,79.59183673469387
E00078185,267,41,14,27,226,19,207,15.355805243445692,5.2434456928838955,10.112359550561797,84.6441947565543,7.116104868913857,77.52808988764045
E00078186,324,56,22,34,268,27,241,17.28395061728395,6.790123456790123,10.493827160493826,82.71604938271605,8.333333333333332,74.38271604938271
E00078187,341,67,31,36,274,25,249,19.64809384164223,9.090909090909092,10.557184750733137,80.35190615835776,7.331378299120235,73.02052785923753
E00078188,278,73,41,32,205,23,182,26.258992805755394,14.748201438848922,11.510791366906476,73.7410071942446,8.273381294964029,65.46762589928058
E00078189,378,33,11,22,345,26,319,8.73015873015873,2.91005291005291,5.82010582010582,91.26984126984127,6.878306878306878,84.39153439153439
E00078190,377,58,21,37,319,39,280,15.384615384615385,5.570291777188329,9.814323607427056,84.61538461538461,10.344827586206897,74.27055702917772
E00078191,375,49,16,33,326,27,299,13.066666666666665,4.266666666666667,8.799999999999999,86.93333333333332,7.199999999999999,79.73333333333333
E00078192,390,69,32,37,321,26,295,17.692307692307693,8.205128205128204,9.487179487179487,82.3076923076923,6.666666666666667,75.64102564102564
E00078193,345,53,27,26,292,26,266,15.36231884057971,7.82608695652174,7.536231884057972,84.63768115942028,7.536231884057972,77.10144927536233
E00078194,403,61,25,36,342,24,318,15.136476426799009,6.20347394540943,8.933002481389577,84.863523573201,5.955334987593052,78.90818858560795
E00078195,269,64,23,41,205,23,182,23.79182156133829,8.550185873605948,15.241635687732341,76.2081784386617,8.550185873605948,67.65799256505576
E00078196,440,58,23,35,382,27,355,13.18181818181818,5.227272727272727,7.954545454545454,86.81818181818181,6.136363636363637,80.68181818181817
E00078197,349,37,11,26,312,24,288,10.601719197707736,3.151862464183381,7.4498567335243555,89.39828080229226,6.876790830945559,82.52148997134671
E00078198,214,26,5,21,188,15,173,12.149532710280374,2.336448598130841,9.813084112149532,87.85046728971963,7.009345794392523,80.8411214953271
E00078199,280,95,45,50,185,16,169,33.92857142857143,16.071428571428573,17.857142857142858,66.07142857142857,5.714285714285714,60.357142857142854
E00078200,188,34,17,17,154,17,137,18.085106382978726,9.042553191489363,9.042553191489363,81.91489361702128,9.042553191489363,72.87234042553192
E00078201,233,39,16,23,194,21,173,16.738197424892704,6.866952789699571,9.871244635193133,83.2618025751073,9.012875536480687,74.2489270386266
E00078202,194,32,10,22,162,27,135,16.49484536082474,5.154639175257731,11.34020618556701,83.50515463917526,13.917525773195877,69.58762886597938
E00078203,311,51,21,30,260,20,240,16.39871382636656,6.752411575562702,9.646302250803858,83.60128617363344,6.430868167202572,77.17041800643086
E00078204,273,96,60,36,177,19,158,35.16483516483517,21.978021978021978,13.186813186813188,64.83516483516483,6.95970695970696,57.87545787545788
E00078205,338,48,20,28,290,30,260,14.201183431952662,5.9171597633136095,8.284023668639055,85.79881656804734,8.875739644970414,76.92307692307693
E00078207,154,60,43,17,94,9,85,38.961038961038966,27.92207792207792,11.03896103896104,61.038961038961034,5.844155844155844,55.1948051948052
E00078208,326,93,49,44,233,24,209,28.52760736196319,15.030674846625766,13.496932515337424,71.47239263803681,7.361963190184049,64.11042944785275
E00078210,290,72,37,35,218,21,197,24.82758620689655,12.758620689655173,12.068965517241379,75.17241379310344,7.241379310344828,67.93103448275862
E00078211,266,73,36,37,193,19,174,27.44360902255639,13.533834586466165,13.909774436090224,72.55639097744361,7.142857142857142,65.41353383458647
E00078212,268,48,17,31,220,18,202,17.91044776119403,6.343283582089552,11.567164179104477,82.08955223880598,6.7164179104477615,75.3731343283582
E00078213,282,39,12,27,243,25,218,13.829787234042554,4.25531914893617,9.574468085106384,86.17021276595744,8.865248226950355,77.30496453900709
E00078214,359,55,20,35,304,22,282,15.32033426183844,5.571030640668524,9.749303621169917,84.67966573816156,6.128133704735376,78.55153203342618
E00078215,300,66,22,44,234,26,208,22,7.333333333333333,14.666666666666666,78,8.666666666666668,69.33333333333334
E00078216,331,58,22,36,273,29,244,17.522658610271904,6.646525679758309,10.876132930513595,82.4773413897281,8.761329305135952,73.71601208459214
E00078217,330,48,14,34,282,22,260,14.545454545454545,4.242424242424243,10.303030303030303,85.45454545454545,6.666666666666667,78.78787878787878
E00078218,406,85,40,45,321,24,297,20.935960591133004,9.852216748768473,11.083743842364532,79.06403940886699,5.911330049261084,73.15270935960592
E00078219,320,45,14,31,275,14,261,14.0625,4.375,9.6875,85.9375,4.375,81.5625
E00078221,384,93,33,60,291,26,265,24.21875,8.59375,15.625,75.78125,6.770833333333333,69.01041666666666
E00078222,310,78,31,47,232,23,209,25.161290322580644,10,15.161290322580644,74.83870967741936,7.419354838709677,67.41935483870968
E00078223,243,81,36,45,162,23,139,33.33333333333333,14.814814814814813,18.51851851851852,66.66666666666666,9.465020576131687,57.20164609053497
E00078224,295,74,52,22,221,23,198,25.08474576271186,17.627118644067796,7.457627118644068,74.91525423728814,7.796610169491526,67.11864406779661
E00078225,394,70,31,39,324,32,292,17.766497461928935,7.868020304568528,9.898477157360407,82.23350253807106,8.121827411167512,74.11167512690355
E00078226,346,74,28,46,272,23,249,21.38728323699422,8.092485549132949,13.294797687861271,78.61271676300578,6.6473988439306355,71.96531791907515
E00078227,426,75,30,45,351,40,311,17.6056338028169,7.042253521126761,10.56338028169014,82.3943661971831,9.389671361502346,73.00469483568075
E00078228,475,90,48,42,385,25,360,18.947368421052634,10.105263157894736,8.842105263157894,81.05263157894737,5.263157894736842,75.78947368421053
E00078229,231,70,39,31,161,18,143,30.303030303030305,16.883116883116884,13.41991341991342,69.6969696969697,7.792207792207792,61.904761904761905
E00103069,310,82,33,49,228,36,192,26.451612903225808,10.64516129032258,15.806451612903224,73.54838709677419,11.612903225806452,61.935483870967744
E00103070,302,38,13,25,264,27,237,12.582781456953644,4.304635761589404,8.27814569536424,87.41721854304636,8.940397350993377,78.47682119205298
E00103071,309,38,7,31,271,29,242,12.297734627831716,2.26537216828479,10.032362459546926,87.70226537216828,9.385113268608414,78.31715210355988
E00103072,269,43,22,21,226,22,204,15.985130111524162,8.178438661710038,7.806691449814126,84.01486988847584,8.178438661710038,75.8364312267658
E00103073,348,121,44,77,227,24,203,34.770114942528735,12.643678160919542,22.126436781609197,65.22988505747126,6.896551724137931,58.333333333333336
E00103074,340,68,24,44,272,32,240,20,7.0588235294117645,12.941176470588237,80,9.411764705882353,70.58823529411765
E00103075,218,60,26,34,158,17,141,27.522935779816514,11.926605504587156,15.59633027522936,72.47706422018348,7.79816513761468,64.6788990825688
E00103076,275,32,10,22,243,21,222,11.636363636363637,3.6363636363636362,8,88.36363636363636,7.636363636363637,80.72727272727272
E00103077,248,42,11,31,206,22,184,16.93548387096774,4.435483870967742,12.5,83.06451612903226,8.870967741935484,74.19354838709677
E00103078,333,45,15,30,288,28,260,13.513513513513514,4.504504504504505,9.00900900900901,86.48648648648648,8.408408408408409,78.07807807807808
E00103079,331,59,16,43,272,21,251,17.82477341389728,4.833836858006042,12.990936555891238,82.17522658610272,6.3444108761329305,75.83081570996978
E00103080,276,59,33,26,217,20,197,21.3768115942029,11.956521739130435,9.420289855072465,78.62318840579711,7.246376811594203,71.37681159420289
E00103081,320,45,14,31,275,28,247,14.0625,4.375,9.6875,85.9375,8.75,77.1875
E00103082,286,74,33,41,212,24,188,25.874125874125873,11.538461538461538,14.335664335664337,74.12587412587412,8.391608391608392,65.73426573426573
E00103083,186,32,13,19,154,18,136,17.20430107526882,6.989247311827956,10.21505376344086,82.79569892473118,9.67741935483871,73.11827956989248
E00103084,321,71,33,38,250,13,237,22.118380062305295,10.2803738317757,11.838006230529595,77.88161993769471,4.049844236760125,73.83177570093457
E00103085,337,66,26,40,271,23,248,19.584569732937684,7.71513353115727,11.869436201780417,80.41543026706232,6.824925816023739,73.59050445103857
E00103086,193,63,27,36,130,14,116,32.64248704663213,13.989637305699482,18.65284974093264,67.35751295336787,7.253886010362693,60.10362694300518
E00103087,305,73,38,35,232,27,205,23.934426229508198,12.459016393442624,11.475409836065573,76.0655737704918,8.852459016393443,67.21311475409836
E00103088,297,72,24,48,225,14,211,24.242424242424242,8.080808080808081,16.161616161616163,75.75757575757575,4.713804713804714,71.04377104377105
E00103089,319,79,33,46,240,27,213,24.76489028213166,10.344827586206897,14.420062695924765,75.23510971786834,8.463949843260188,66.77115987460816
E00103090,341,73,40,33,268,28,240,21.407624633431084,11.730205278592376,9.67741935483871,78.59237536656892,8.211143695014663,70.38123167155426
E00103091,343,68,39,29,275,25,250,19.825072886297377,11.370262390670554,8.454810495626822,80.17492711370262,7.288629737609329,72.8862973760933
E00103092,312,90,51,39,222,20,202,28.846153846153843,16.346153846153847,12.5,71.15384615384616,6.41025641025641,64.74358974358975
E00103093,242,68,36,32,174,18,156,28.09917355371901,14.87603305785124,13.223140495867769,71.900826446281,7.43801652892562,64.46280991735537
E00103094,350,119,54,65,231,27,204,34,15.428571428571427,18.571428571428573,66,7.7142857142857135,58.285714285714285
E00103095,212,59,30,29,153,8,145,27.830188679245282,14.150943396226415,13.679245283018867,72.16981132075472,3.7735849056603774,68.39622641509435
E00103096,339,79,39,40,260,29,231,23.303834808259587,11.504424778761061,11.799410029498524,76.69616519174042,8.55457227138643,68.14159292035397
E00103097,256,60,29,31,196,15,181,23.4375,11.328125,12.109375,76.5625,5.859375,70.703125
E00103098,249,53,23,30,196,17,179,21.285140562248998,9.236947791164658,12.048192771084338,78.714859437751,6.827309236947792,71.8875502008032
E00103099,198,38,21,17,160,20,140,19.19191919191919,10.606060606060606,8.585858585858585,80.8080808080808,10.1010101010101,70.70707070707071
E00103100,366,57,28,29,309,22,287,15.573770491803279,7.650273224043716,7.923497267759563,84.42622950819673,6.0109289617486334,78.41530054644808
E00103101,270,81,27,54,189,16,173,30,10,20,70,5.9259259259259265,64.07407407407408
E00103102,237,56,27,29,181,23,158,23.628691983122362,11.39240506329114,12.236286919831224,76.37130801687763,9.70464135021097,66.66666666666666
E00103103,245,64,25,39,181,28,153,26.122448979591837,10.204081632653061,15.918367346938775,73.87755102040816,11.428571428571429,62.44897959183674
E00103104,152,53,18,35,99,11,88,34.868421052631575,11.842105263157894,23.026315789473685,65.13157894736842,7.236842105263158,57.89473684210527
E00103105,186,47,18,29,139,21,118,25.268817204301076,9.67741935483871,15.591397849462366,74.73118279569893,11.29032258064516,63.44086021505376
E00103106,263,57,18,39,206,20,186,21.673003802281368,6.844106463878327,14.82889733840304,78.32699619771863,7.604562737642586,70.72243346007605
E00103107,242,55,20,35,187,34,153,22.727272727272727,8.264462809917356,14.46280991735537,77.27272727272727,14.049586776859504,63.22314049586777
E00103108,426,110,39,71,316,36,280,25.821596244131456,9.15492957746479,16.666666666666664,74.17840375586854,8.450704225352112,65.72769953051643
E00103109,341,117,78,39,224,27,197,34.31085043988269,22.87390029325513,11.436950146627565,65.6891495601173,7.9178885630498534,57.77126099706745
E00103110,256,68,26,42,188,30,158,26.5625,10.15625,16.40625,73.4375,11.71875,61.71875
E00103111,283,60,24,36,223,27,196,21.20141342756184,8.480565371024735,12.7208480565371,78.79858657243817,9.540636042402827,69.25795053003534
E00103112,212,55,27,28,157,18,139,25.943396226415093,12.735849056603774,13.20754716981132,74.05660377358491,8.49056603773585,65.56603773584906
E00103113,372,69,28,41,303,43,260,18.548387096774192,7.526881720430108,11.021505376344086,81.45161290322581,11.559139784946236,69.89247311827957
E00103114,275,51,24,27,224,20,204,18.545454545454547,8.727272727272728,9.818181818181818,81.45454545454545,7.2727272727272725,74.18181818181819
E00103115,437,154,104,50,283,35,248,35.24027459954233,23.79862700228833,11.441647597254006,64.75972540045767,8.009153318077804,56.75057208237986
E00103116,360,54,18,36,306,21,285,15,5,10,85,5.833333333333333,79.16666666666666
E00103117,251,64,29,35,187,24,163,25.49800796812749,11.553784860557768,13.94422310756972,74.5019920318725,9.56175298804781,64.9402390438247
E00103118,291,49,20,29,242,23,219,16.83848797250859,6.872852233676976,9.965635738831615,83.16151202749141,7.903780068728522,75.25773195876289
E00103119,332,86,46,40,246,15,231,25.903614457831324,13.855421686746988,12.048192771084338,74.09638554216868,4.518072289156627,69.57831325301204
E00103120,291,54,22,32,237,14,223,18.556701030927837,7.560137457044673,10.996563573883162,81.44329896907216,4.810996563573884,76.6323024054983
E00103121,393,66,21,45,327,33,294,16.793893129770993,5.343511450381679,11.450381679389313,83.20610687022901,8.396946564885496,74.80916030534351
E00103122,326,44,15,29,282,17,265,13.496932515337424,4.601226993865031,8.895705521472392,86.50306748466258,5.214723926380368,81.28834355828221
E00103123,358,52,24,28,306,20,286,14.52513966480447,6.70391061452514,7.82122905027933,85.47486033519553,5.58659217877095,79.88826815642457
E00103124,313,62,24,38,251,34,217,19.808306709265175,7.667731629392971,12.140575079872203,80.19169329073482,10.86261980830671,69.32907348242811
E00103125,315,47,22,25,268,33,235,14.920634920634921,6.984126984126984,7.936507936507936,85.07936507936508,10.476190476190476,74.60317460317461
E00103126,515,88,46,42,427,27,400,17.0873786407767,8.932038834951456,8.155339805825243,82.91262135922331,5.242718446601942,77.66990291262135
E00103127,321,60,27,33,261,25,236,18.69158878504673,8.411214953271028,10.2803738317757,81.30841121495327,7.78816199376947,73.5202492211838
E00103128,236,31,4,27,205,17,188,13.135593220338984,1.694915254237288,11.440677966101696,86.86440677966102,7.203389830508475,79.66101694915254
E00103129,286,58,19,39,228,33,195,20.27972027972028,6.643356643356643,13.636363636363635,79.72027972027972,11.538461538461538,68.18181818181817
E00103130,280,45,16,29,235,10,225,16.071428571428573,5.714285714285714,10.357142857142858,83.92857142857143,3.571428571428571,80.35714285714286
E00103131,267,46,14,32,221,26,195,17.228464419475657,5.2434456928838955,11.985018726591761,82.77153558052434,9.737827715355806,73.03370786516854
E00103132,286,44,19,25,242,34,208,15.384615384615385,6.643356643356643,8.741258741258742,84.61538461538461,11.888111888111888,72.72727272727273
E00103133,259,51,15,36,208,22,186,19.69111969111969,5.7915057915057915,13.8996138996139,80.3088803088803,8.494208494208493,71.81467181467181
E00103134,253,57,27,30,196,17,179,22.529644268774703,10.67193675889328,11.857707509881422,77.4703557312253,6.719367588932807,70.7509881422925
E00103135,241,42,26,16,199,17,182,17.42738589211618,10.78838174273859,6.639004149377594,82.57261410788381,7.053941908713693,75.51867219917013
E00103136,349,91,43,48,258,27,231,26.07449856733524,12.320916905444127,13.753581661891118,73.92550143266476,7.736389684813753,66.189111747851
E00103137,308,52,15,37,256,37,219,16.883116883116884,4.870129870129871,12.012987012987013,83.11688311688312,12.012987012987013,71.1038961038961
E00103138,267,46,10,36,221,30,191,17.228464419475657,3.7453183520599254,13.48314606741573,82.77153558052434,11.235955056179774,71.53558052434457
E00103139,313,46,17,29,267,19,248,14.696485623003195,5.431309904153355,9.26517571884984,85.3035143769968,6.070287539936102,79.2332268370607
E00103140,235,66,23,43,169,29,140,28.085106382978726,9.787234042553191,18.29787234042553,71.91489361702128,12.340425531914894,59.57446808510638
E00103141,256,39,16,23,217,30,187,15.234375,6.25,8.984375,84.765625,11.71875,73.046875
E00103142,236,43,21,22,193,23,170,18.220338983050848,8.898305084745763,9.322033898305085,81.77966101694916,9.745762711864407,72.03389830508475
E00103143,221,48,20,28,173,21,152,21.71945701357466,9.049773755656108,12.669683257918551,78.28054298642535,9.502262443438914,68.77828054298642
E00103144,325,59,17,42,266,31,235,18.153846153846153,5.230769230769231,12.923076923076923,81.84615384615384,9.538461538461538,72.3076923076923
E00103145,108,55,37,18,53,5,48,50.92592592592593,34.25925925925926,16.666666666666664,49.074074074074076,4.62962962962963,44.44444444444444
E00103146,274,51,14,37,223,17,206,18.613138686131386,5.109489051094891,13.503649635036496,81.38686131386861,6.204379562043796,75.18248175182481
E00103147,313,45,16,29,268,30,238,14.376996805111823,5.111821086261981,9.26517571884984,85.62300319488818,9.584664536741213,76.03833865814697
E00103148,374,48,18,30,326,43,283,12.834224598930483,4.81283422459893,8.0213903743315509,87.16577540106952,11.497326203208557,75.66844919786097
E00103149,389,47,22,25,342,31,311,12.082262210796916,5.655526992287918,6.426735218508997,87.91773778920309,7.969151670951156,79.94858611825192
E00103150,295,54,20,34,241,28,213,18.305084745762713,6.779661016949152,11.525423728813559,81.69491525423729,9.491525423728813,72.20338983050848
E00103151,293,35,9,26,258,29,229,11.945392491467576,3.0716723549488054,8.873720136518772,88.05460750853243,9.897610921501707,78.15699658703072
E00103152,234,62,29,33,172,18,154,26.495726495726498,12.393162393162394,14.102564102564102,73.50427350427351,7.6923076923076925,65.8119658119658
E00103153,256,62,25,37,194,18,176,24.21875,9.765625,14.453125,75.78125,7.03125,68.75
E00103154,293,72,24,48,221,22,199,24.573378839590443,8.19112627986348,16.38225255972696,75.42662116040955,7.508532423208192,67.91808873720136
E00103155,329,59,15,44,270,35,235,17.933130699088146,4.5592705167173255,13.37386018237082,82.06686930091185,10.638297872340425,71.42857142857143
E00103156,320,70,31,39,250,26,224,21.875,9.6875,12.1875,78.125,8.125,70
E00103157,286,47,15,32,239,22,217,16.433566433566433,5.244755244755245,11.188811188811188,83.56643356643356,7.6923076923076925,75.87412587412588
E00103158,341,76,31,45,265,29,236,22.28739002932551,9.090909090909092,13.196480938416421,77.71260997067448,8.504398826979472,69.20821114369502
E00103159,334,36,16,20,298,26,272,10.778443113772456,4.790419161676647,5.9880239520958085,89.22155688622755,7.784431137724551,81.437125748502993
E00103160,330,75,37,38,255,34,221,22.727272727272727,11.212121212121213,11.515151515151516,77.27272727272727,10.303030303030303,66.96969696969697
E00103161,300,68,37,31,232,20,212,22.666666666666664,12.333333333333334,10.333333333333334,77.33333333333333,6.666666666666667,70.66666666666667
E00103162,477,88,42,46,389,37,352,18.448637316561843,8.80503144654088,9.643605870020965,81.55136268343816,7.756813417190776,73.79454926624737
E00103163,381,73,24,49,308,21,287,19.160104986876643,6.299212598425196,12.860892388451445,80.83989501312337,5.511811023622047,75.32808398950131
E00103164,256,30,14,16,226,34,192,11.71875,5.46875,6.25,88.28125,13.28125,75
E00103165,350,78,46,32,272,35,237,22.285714285714285,13.142857142857142,9.142857142857142,77.71428571428571,10,67.71428571428572
E00103166,339,54,20,34,285,30,255,15.929203539823009,5.899705014749262,10.029498525073747,84.070796460177,8.849557522123893,75.22123893805309
E00103167,247,66,32,34,181,20,161,26.720647773279353,12.955465587044534,13.765182186234817,73.27935222672065,8.097165991902834,65.18218623481782
E00103168,337,57,27,30,280,26,254,16.913946587537094,8.011869436201781,8.902077151335313,83.08605341246292,7.71513353115727,75.37091988130564
E00103169,347,45,14,31,302,24,278,12.968299711815561,4.034582132564841,8.93371757925072,87.03170028818444,6.9164265129683,80.11527377521614
E00103170,337,60,26,34,277,23,254,17.804154302670625,7.71513353115727,10.089020771513352,82.19584569732937,6.824925816023739,75.37091988130564
E00103171,410,50,23,27,360,27,333,12.195121951219512,5.609756097560976,6.585365853658537,87.8048780487805,6.585365853658537,81.21951219512195
E00103172,419,87,38,49,332,27,305,20.763723150357997,9.069212410501192,11.694510739856803,79.23627684964201,6.443914081145586,72.79236276849642
E00103173,241,44,20,24,197,11,186,18.25726141078838,8.29875518672199,9.95850622406639,81.74273858921161,4.564315352697095,77.17842323651453
E00103174,248,60,22,38,188,21,167,24.193548387096776,8.870967741935484,15.32258064516129,75.80645161290323,8.46774193548387,67.33870967741935
E00103175,279,48,18,30,231,31,200,17.20430107526882,6.451612903225806,10.75268817204301,82.79569892473118,11.11111111111111,71.68458781362007
E00103176,249,57,20,37,192,24,168,22.89156626506024,8.032128514056225,14.859437751004014,77.10843373493977,9.63855421686747,67.46987951807229
E00103177,212,52,26,26,160,21,139,24.528301886792452,12.264150943396226,12.264150943396226,75.47169811320755,9.90566037735849,65.56603773584906
E00103178,295,53,25,28,242,25,217,17.966101694915253,8.47457627118644,9.491525423728813,82.03389830508473,8.47457627118644,73.5593220338983
E00103179,285,52,29,23,233,24,209,18.24561403508772,10.175438596491228,8.070175438596491,81.75438596491227,8.421052631578947,73.33333333333333
E00103180,288,34,18,16,254,22,232,11.805555555555555,6.25,5.555555555555555,88.19444444444444,7.638888888888889,80.55555555555556
E00103181,315,41,14,27,274,26,248,13.015873015873018,4.444444444444445,8.571428571428571,86.98412698412699,8.253968253968253,78.73015873015873
E00103182,349,83,50,33,266,33,233,23.78223495702006,14.326647564469914,9.455587392550143,76.21776504297995,9.455587392550143,66.7621776504298
E00103183,243,45,17,28,198,19,179,18.51851851851852,6.995884773662551,11.522633744855968,81.48148148148148,7.818930041152264,73.66255144032921
E00103184,301,81,40,41,220,21,199,26.910299003322258,13.2890365448505,13.621262458471762,73.08970099667775,6.976744186046512,66.11295681063123
E00103185,290,49,19,30,241,27,214,16.896551724137932,6.551724137931035,10.344827586206897,83.10344827586206,9.310344827586208,73.79310344827587
E00103186,295,73,23,50,222,26,196,24.74576271186441,7.796610169491526,16.94915254237288,75.2542372881356,8.813559322033898,66.44067796610169
E00103187,301,80,36,44,221,20,201,26.578073089701,11.960132890365449,14.61794019933555,73.421926910299,6.64451827242525,66.77740863787376
E00103188,280,63,21,42,217,16,201,22.5,7.5,15,77.5,5.714285714285714,71.78571428571429
E00103189,354,52,20,32,302,28,274,14.689265536723164,5.649717514124294,9.03954802259887,85.31073446327684,7.909604519774012,77.40112994350282
E00103190,288,55,14,41,233,23,210,19.09722222222222,4.861111111111112,14.23611111111111,80.90277777777779,7.986111111111111,72.91666666666666
E00103191,345,67,21,46,278,33,245,19.420289855072465,6.086956521739131,13.333333333333334,80.57971014492755,9.565217391304348,71.01449275362319
E00103192,297,56,18,38,241,14,227,18.855218855218855,6.0606060606060606,12.794612794612794,81.14478114478115,4.713804713804714,76.43097643097643
E00103193,271,63,23,40,208,30,178,23.247232472324722,8.487084870848708,14.760147601476014,76.75276752767527,11.07011070110701,65.68265682656826
E00103194,296,67,28,39,229,34,195,22.635135135135133,9.45945945945946,13.175675675675674,77.36486486486487,11.486486486486488,65.87837837837837
E00103195,342,64,20,44,278,26,252,18.71345029239766,5.847953216374268,12.865497076023392,81.28654970760235,7.602339181286549,73.68421052631578
E00103196,287,36,15,21,251,22,229,12.543554006968641,5.2264808362369335,7.317073170731707,87.45644599303137,7.665505226480835,79.79094076655052
E00103197,361,63,24,39,298,39,259,17.451523545706372,6.64819944598338,10.80332409972299,82.54847645429363,10.80332409972299,71.74515235457064
E00103198,348,60,20,40,288,25,263,17.24137931034483,5.747126436781609,11.494252873563218,82.75862068965517,7.183908045977011,75.57471264367817
E00103200,382,58,16,42,324,20,304,15.18324607329843,4.18848167539267,10.99476439790576,84.81675392670157,5.2356020942408374,79.58115183246073
E00103201,277,77,28,49,200,18,182,27.79783393501805,10.108303249097473,17.689530685920577,72.20216606498195,6.4981949458483745,65.70397111913357
E00103202,243,54,20,34,189,16,173,22.22222222222222,8.23045267489712,13.991769547325102,77.77777777777779,6.584362139917696,71.19341563786008
E00103203,281,48,17,31,233,27,206,17.08185053380783,6.049822064056939,11.032028469750891,82.91814946619218,9.608540925266903,73.30960854092527
E00103204,276,41,11,30,235,22,213,14.855072463768115,3.985507246376811,10.869565217391305,85.14492753623189,7.971014492753622,77.17391304347827
E00103205,307,73,30,43,234,30,204,23.778501628664493,9.77198697068404,14.006514657980457,76.2214983713355,9.77198697068404,66.44951140065146
E00103206,377,70,25,45,307,35,272,18.56763925729443,6.631299734748011,11.936339522546419,81.43236074270557,9.283819628647215,72.14854111405835
E00103207,267,61,18,43,206,26,180,22.846441947565545,6.741573033707865,16.10486891385768,77.15355805243446,9.737827715355806,67.41573033707866
E00103208,284,62,28,34,222,17,205,21.830985915492956,9.859154929577464,11.971830985915492,78.16901408450704,5.985915492957746,72.1830985915493
E00103209,358,55,19,36,303,37,266,15.363128491620111,5.307262569832402,10.05586592178771,84.63687150837988,10.335195530726256,74.30167597765363
E00103210,272,58,25,33,214,16,198,21.323529411764707,9.191176470588236,12.132352941176471,78.67647058823529,5.88235294117647,72.79411764705883
E00103211,229,46,17,29,183,18,165,20.087336244541483,7.423580786026202,12.663755458515283,79.91266375545851,7.860262008733625,72.0524017467249
E00103212,213,41,17,24,172,21,151,19.248826291079812,7.981220657276995,11.267605633802818,80.75117370892019,9.859154929577464,70.89201877934272
E00103213,238,42,18,24,196,21,175,17.647058823529413,7.563025210084033,10.084033613445378,82.35294117647058,8.823529411764707,73.52941176470588
E00103214,373,86,41,45,287,15,272,23.056300268096514,10.991957104557642,12.064343163538874,76.94369973190348,4.021447721179625,72.92225201072387
E00103215,311,56,19,37,255,22,233,18.006430868167204,6.109324758842444,11.89710610932476,81.9935691318328,7.07395498392283,74.91961414790997
E00103216,275,61,29,32,214,26,188,22.181818181818183,10.545454545454545,11.636363636363637,77.81818181818181,9.454545454545455,68.36363636363636
E00103217,249,54,23,31,195,22,173,21.686746987951807,9.236947791164658,12.449799196787147,78.3132530120482,8.835341365461847,69.47791164658635
E00103218,289,39,12,27,250,14,236,13.494809688581316,4.1522491349480966,9.342560553633218,86.50519031141869,4.844290657439446,81.66089965397923
E00103219,269,70,29,41,199,24,175,26.022304832713754,10.780669144981413,15.241635687732341,73.97769516728626,8.921933085501859,65.05576208178438
E00103220,316,59,19,40,257,17,240,18.670886075949365,6.012658227848101,12.658227848101266,81.32911392405063,5.379746835443038,75.9493670886076
E00103221,306,53,21,32,253,25,228,17.320261437908496,6.862745098039216,10.457516339869281,82.6797385620915,8.169934640522875,74.50980392156863
E00103223,279,51,16,35,228,30,198,18.27956989247312,5.734767025089606,12.544802867383511,81.72043010752688,10.75268817204301,70.96774193548387
E00103224,313,60,23,37,253,22,231,19.169329073482427,7.348242811501597,11.821086261980831,80.83067092651757,7.0287539936102235,73.80191693290735
E00103225,288,41,14,27,247,22,225,14.23611111111111,4.861111111111112,9.375,85.76388888888889,7.638888888888889,78.125
E00103226,250,47,19,28,203,21,182,18.8,7.6,11.200000000000001,81.2,8.4,72.8
E00103227,261,61,25,36,200,18,182,23.371647509578544,9.578544061302683,13.793103448275861,76.62835249042146,6.896551724137931,69.73180076628353
E00103228,303,82,44,38,221,21,200,27.062706270627064,14.521452145214523,12.541254125412541,72.93729372937293,6.9306930693069315,66.006600660066
E00103229,227,44,13,31,183,23,160,19.383259911894275,5.726872246696035,13.656387665198238,80.61674008810573,10.13215859030837,70.48458149779736
E00103230,456,68,21,47,388,38,350,14.912280701754385,4.605263157894736,10.307017543859649,85.08771929824562,8.333333333333332,76.75438596491229
E00103231,291,20,4,16,271,39,232,6.872852233676976,1.3745704467353952,5.498281786941581,93.12714776632302,13.402061855670103,79.72508591065292
E00103232,303,52,19,33,251,24,227,17.16171617161716,6.270627062706271,10.891089108910892,82.83828382838284,7.920792079207921,74.91749174917491
E00103233,237,51,21,30,186,19,167,21.518987341772153,8.860759493670885,12.658227848101266,78.48101265822784,8.016877637130802,70.46413502109705
E00103234,291,74,27,47,217,23,194,25.42955326460481,9.278350515463918,16.151202749140893,74.5704467353952,7.903780068728522,66.66666666666666
E00172087,218,36,18,18,182,22,160,16.51376146788991,8.256880733944955,8.256880733944955,83.4862385321101,10.091743119266056,73.39449541284404
E00172091,255,46,16,30,209,22,187,18.03921568627451,6.2745098039215685,11.76470588235294,81.96078431372548,8.627450980392156,73.33333333333333
E00172092,161,51,28,23,110,13,97,31.67701863354037,17.391304347826086,14.285714285714285,68.32298136645963,8.074534161490684,60.24844720496895
E00172093,165,41,23,18,124,14,110,24.848484848484848,13.939393939393941,10.909090909090908,75.15151515151514,8.484848484848486,66.66666666666666
E00172094,342,76,25,51,266,18,248,22.22222222222222,7.309941520467836,14.912280701754385,77.77777777777779,5.263157894736842,72.51461988304094
E00172095,405,80,26,54,325,24,301,19.753086419753085,6.419753086419753,13.333333333333334,80.24691358024691,5.9259259259259265,74.32098765432099
E00172096,311,41,14,27,270,31,239,13.183279742765272,4.501607717041801,8.681672025723474,86.81672025723472,9.967845659163988,76.84887459807074
E00172097,316,91,42,49,225,18,207,28.79746835443038,13.291139240506327,15.50632911392405,71.20253164556962,5.69620253164557,65.50632911392405
E00172098,256,39,15,24,217,18,199,15.234375,5.859375,9.375,84.765625,7.03125,77.734375
E00172727,183,27,15,12,156,9,147,14.754098360655737,8.19672131147541,6.557377049180328,85.24590163934425,4.918032786885246,80.32786885245902
E00172732,147,16,4,12,131,7,124,10.884353741496598,2.7210884353741496,8.16326530612245,89.1156462585034,4.761904761904762,84.35374149659864
E00172733,205,43,13,30,162,13,149,20.975609756097562,6.341463414634147,14.634146341463413,79.02439024390245,6.341463414634147,72.6829268292683
E00172735,171,23,8,15,148,14,134,13.450292397660817,4.678362573099415,8.771929824561402,86.54970760233918,8.187134502923977,78.3625730994152
E00172736,252,30,14,16,222,17,205,11.904761904761903,5.555555555555555,6.349206349206349,88.09523809523809,6.746031746031746,81.34920634920636
E00172738,244,38,21,17,206,13,193,15.573770491803279,8.60655737704918,6.967213114754098,84.42622950819673,5.327868852459016,79.09836065573771
E00172741,172,35,13,22,137,12,125,20.348837209302324,7.55813953488372,12.790697674418606,79.65116279069767,6.976744186046512,72.67441860465115
E00172743,174,40,22,18,134,9,125,22.988505747126435,12.643678160919542,10.344827586206897,77.01149425287356,5.172413793103448,71.83908045977012
E00172744,238,32,17,15,206,24,182,13.445378151260504,7.142857142857142,6.302521008403361,86.5546218487395,10.084033613445378,76.47058823529412
E00172745,762,76,3,73,686,55,631,9.973753280839896,0.39370078740157477,9.580052493438322,90.02624671916011,7.217847769028872,82.80839895013123
E00172746,472,81,33,48,391,38,353,17.16101694915254,6.991525423728813,10.16949152542373,82.83898305084746,8.050847457627118,74.78813559322035
E00172747,183,32,17,15,151,20,131,17.48633879781421,9.289617486338798,8.19672131147541,82.5136612021858,10.92896174863388,71.58469945355192
E00172748,168,38,19,19,130,15,115,22.61904761904762,11.30952380952381,11.30952380952381,77.38095238095238,8.928571428571429,68.45238095238095
E00172749,387,110,50,60,277,30,247,28.42377260981912,12.919896640826872,15.503875968992247,71.57622739018088,7.751937984496124,63.82428940568475
E00172750,334,73,29,44,261,12,249,21.856287425149702,8.682634730538922,13.17365269461078,78.1437125748503,3.592814371257485,74.55089820359282
E00172751,225,41,20,21,184,24,160,18.22222222222222,8.88888888888889,9.333333333333334,81.77777777777779,10.666666666666668,71.11111111111111
E00172752,1306,191,35,156,1115,94,1021,14.624808575803982,2.679938744257274,11.944869831546708,85.37519142419602,7.197549770290965,78.17764165390506
E00172753,269,38,15,23,231,16,215,14.12639405204461,5.5762081784386615,8.550185873605948,85.87360594795538,5.947955390334572,79.92565055762083
E00172754,256,38,15,23,218,12,206,14.84375,5.859375,8.984375,85.15625,4.6875,80.46875
E00172755,231,35,15,20,196,20,176,15.151515151515152,6.493506493506493,8.658008658008658,84.84848484848484,8.658008658008658,76.19047619047619
E00172756,130,23,9,14,107,9,98,17.692307692307693,6.923076923076923,10.76923076923077,82.3076923076923,6.923076923076923,75.38461538461539
E00172757,283,45,25,20,238,16,222,15.901060070671377,8.8339222614841,7.06713780918728,84.09893992932862,5.6537102473498235,78.4452296819788
E00172758,165,24,9,15,141,13,128,14.545454545454545,5.454545454545454,9.090909090909092,85.45454545454545,7.878787878787878,77.57575757575758
E00172759,203,40,17,23,163,6,157,19.704433497536947,8.374384236453201,11.330049261083744,80.29556650246306,2.955665024630542,77.33990147783251
E00172760,175,17,3,14,158,17,141,9.714285714285714,1.7142857142857144,8,90.28571428571428,9.714285714285714,80.57142857142857
E00172761,337,53,21,32,284,23,261,15.727002967359049,6.231454005934718,9.495548961424333,84.27299703264094,6.824925816023739,77.44807121661721
E00172762,144,29,14,15,115,4,111,20.13888888888889,9.722222222222223,10.416666666666668,79.86111111111111,2.7777777777777777,77.08333333333334
E00172763,392,38,13,25,354,24,330,9.693877551020408,3.316326530612245,6.377551020408164,90.3061224489796,6.122448979591836,84.18367346938776
E00172764,234,22,5,17,212,10,202,9.401709401709402,2.1367521367521367,7.264957264957266,90.5982905982906,4.273504273504273,86.32478632478633
E00180400,440,72,21,51,368,32,336,16.363636363636363,4.772727272727273,11.59090909090909,83.63636363636363,7.2727272727272725,76.36363636363637
E00180401,618,54,11,43,564,42,522,8.737864077669903,1.779935275080906,6.957928802588997,91.2621359223301,6.796116504854369,84.46601941747572
E00180403,184,36,13,23,148,13,135,19.565217391304348,7.065217391304348,12.5,80.43478260869566,7.065217391304348,73.36956521739131
E00180404,274,65,30,35,209,12,197,23.722627737226276,10.948905109489052,12.773722627737227,76.27737226277372,4.37956204379562,71.8978102189781
E00180405,614,86,12,74,528,47,481,14.006514657980457,1.9543973941368076,12.052117263843648,85.99348534201955,7.654723127035831,78.33876221498372
E00180406,122,5,1,4,117,9,108,4.098360655737705,0.819672131147541,3.278688524590164,95.90163934426229,7.377049180327869,88.52459016393442
E00180408,124,30,10,20,94,10,84,24.193548387096776,8.064516129032258,16.129032258064516,75.80645161290323,8.064516129032258,67.74193548387096
E00180409,196,30,19,11,166,10,156,15.306122448979592,9.693877551020408,5.612244897959184,84.6938775510204,5.1020408163265305,79.59183673469387
E00180413,113,7,1,6,106,5,101,6.1946902654867255,0.8849557522123894,5.3097345132743365,93.80530973451327,4.424778761061947,89.38053097345133
E00180414,592,65,13,52,527,40,487,10.97972972972973,2.195945945945946,8.783783783783784,89.02027027027027,6.756756756756757,82.26351351351352
E00180415,1625,277,83,194,1348,124,1224,17.046153846153846,5.107692307692307,11.938461538461539,82.95384615384616,7.630769230769231,75.32307692307693
E00180418,468,48,15,33,420,26,394,10.256410256410255,3.205128205128205,7.051282051282051,89.74358974358975,5.555555555555555,84.1880341880342
E00180419,172,32,12,20,140,10,130,18.6046511627907,6.976744186046512,11.627906976744185,81.3953488372093,5.813953488372093,75.5813953488372
E00180420,217,50,22,28,167,13,154,23.04147465437788,10.138248847926267,12.903225806451612,76.95852534562212,5.990783410138248,70.96774193548387
E00180421,175,23,8,15,152,13,139,13.142857142857142,4.571428571428571,8.571428571428571,86.85714285714286,7.428571428571429,79.42857142857143
E00180422,594,120,33,87,474,38,436,20.2020202020202,5.555555555555555,14.646464646464647,79.7979797979798,6.397306397306397,73.4006734006734
E00180423,138,15,3,12,123,12,111,10.869565217391305,2.1739130434782608,8.695652173913043,89.13043478260869,8.695652173913043,80.43478260869566
E00180426,394,35,12,23,359,27,332,8.883248730964468,3.0456852791878175,5.83756345177665,91.11675126903553,6.852791878172589,84.26395939086294
E00180428,350,59,24,35,291,40,251,16.857142857142858,6.857142857142858,10,83.14285714285714,11.428571428571429,71.71428571428572
E00180429,168,16,5,11,152,16,136,9.523809523809524,2.976190476190476,6.547619047619048,90.47619047619048,9.523809523809524,80.95238095238095
E00180430,414,68,24,44,346,24,322,16.425120772946862,5.797101449275362,10.628019323671497,83.57487922705315,5.797101449275362,77.77777777777779
E00180432,453,91,43,48,362,32,330,20.08830022075055,9.492273730684326,10.596026490066226,79.91169977924945,7.06401766004415,72.84768211920529
E00180433,408,96,50,46,312,26,286,23.52941176470588,12.254901960784313,11.27450980392157,76.47058823529412,6.372549019607843,70.09803921568627
E00180434,346,71,31,40,275,31,244,20.520231213872833,8.959537572254336,11.560693641618498,79.47976878612717,8.959537572254336,70.52023121387283
E00180435,338,78,41,37,260,24,236,23.076923076923077,12.1301775147929,10.946745562130179,76.92307692307693,7.100591715976331,69.8224852071006
E00180437,592,87,25,62,505,52,453,14.695945945945946,4.222972972972973,10.472972972972974,85.30405405405406,8.783783783783784,76.52027027027027
E00180441,422,97,32,65,325,29,296,22.985781990521325,7.5829383886255926,15.402843601895736,77.01421800947867,6.872037914691943,70.14218009478674
E00180442,626,91,23,68,535,37,498,14.536741214057509,3.6741214057507987,10.86261980830671,85.4632587859425,5.9105431309904155,79.55271565495208
E00180444,230,34,13,21,196,26,170,14.782608695652174,5.6521739130434785,9.130434782608695,85.21739130434783,11.304347826086957,73.91304347826086
E00180445,279,43,20,23,236,20,216,15.412186379928317,7.168458781362006,8.24372759856631,84.58781362007169,7.168458781362006,77.41935483870968
E00180447,338,74,32,42,264,26,238,21.893491124260358,9.467455621301776,12.42603550295858,78.10650887573965,7.6923076923076925,70.41420118343196
E00180448,160,34,11,23,126,14,112,21.25,6.875000000000001,14.374999999999998,78.75,8.75,70
E00180449,135,24,11,13,111,5,106,17.77777777777778,8.148148148148149,9.62962962962963,82.22222222222221,3.7037037037037033,78.51851851851852
E00180451,444,55,23,32,389,32,357,12.387387387387387,5.18018018018018,7.207207207207207,87.61261261261262,7.207207207207207,80.4054054054054
E00180453,375,40,13,27,335,21,314,10.666666666666668,3.4666666666666663,7.199999999999999,89.33333333333333,5.6000000000000005,83.73333333333333
E00180454,100,17,6,11,83,7,76,17,6,11,83,7.000000000000001,76
E00180455,153,9,1,8,144,13,131,5.88235294117647,0.6535947712418301,5.228758169934641,94.11764705882352,8.49673202614379,85.62091503267973
E00180456,549,61,25,36,488,40,448,11.11111111111111,4.553734061930783,6.557377049180328,88.88888888888889,7.285974499089254,81.60291438979964
E00180458,108,13,2,11,95,3,92,12.037037037037036,1.8518518518518516,10.185185185185185,87.96296296296296,2.7777777777777777,85.18518518518519
