OA,ts0590001,ts0590002,ts0590003,ts0590004,ts0590005,ts0590006,ts0590007,ts0590002_PCT,ts0590003_PCT,ts0590004_PCT,ts0590005_PCT,ts0590006_PCT,ts0590007_PCT
E00077179,141,64,17,47,77,62,15,45.39007092198582,12.056737588652481,33.33333333333333,54.60992907801418,43.97163120567376,10.638297872340425
E00077180,115,48,21,27,67,51,16,41.73913043478261,18.26086956521739,23.47826086956522,58.26086956521739,44.34782608695652,13.91304347826087
E00077181,174,56,20,36,118,108,10,32.18390804597701,11.494252873563218,20.689655172413794,67.81609195402298,62.06896551724138,5.747126436781609
E00077183,167,65,21,44,102,87,15,38.92215568862276,12.574850299401197,26.34730538922156,61.07784431137725,52.09580838323353,8.982035928143713
E00077184,177,60,22,38,117,103,14,33.89830508474576,12.429378531073446,21.468926553672315,66.10169491525424,58.19209039548022,7.909604519774012
E00077185,155,39,13,26,116,96,20,25.161290322580644,8.38709677419355,16.7741935483871,74.83870967741936,61.935483870967744,12.903225806451612
E00077186,173,55,14,41,118,100,18,31.79190751445087,8.092485549132949,23.699421965317917,68.20809248554913,57.80346820809249,10.404624277456648
E00077187,146,52,23,29,94,80,14,35.61643835616438,15.753424657534246,19.863013698630137,64.38356164383562,54.794520547945204,9.58904109589041
E00077188,225,68,29,39,157,138,19,30.22222222222222,12.88888888888889,17.333333333333336,69.77777777777779,61.33333333333333,8.444444444444445
E00077189,184,57,21,36,127,110,17,30.978260869565215,11.41304347826087,19.565217391304348,69.02173913043478,59.78260869565217,9.239130434782608
E00077190,142,50,22,28,92,82,10,35.2112676056338,15.492957746478872,19.718309859154928,64.7887323943662,57.74647887323944,7.042253521126761
E00077191,156,46,17,29,110,94,16,29.48717948717949,10.897435897435898,18.58974358974359,70.51282051282051,60.256410256410255,10.256410256410255
E00077192,218,62,22,40,156,138,18,28.440366972477065,10.091743119266056,18.34862385321101,71.55963302752293,63.30275229357798,8.256880733944955
E00077193,128,42,10,32,86,68,18,32.8125,7.8125,25,67.1875,53.125,14.0625
E00077194,159,61,28,33,98,76,22,38.36477987421384,17.61006289308176,20.754716981132077,61.63522012578616,47.79874213836478,13.836477987421384
E00077195,69,19,8,11,50,38,12,27.536231884057973,11.594202898550725,15.942028985507244,72.46376811594203,55.072463768115945,17.391304347826086
E00077196,132,43,23,20,89,62,27,32.57575757575758,17.424242424242426,15.151515151515152,67.42424242424242,46.96969696969697,20.454545454545457
E00077197,192,67,28,39,125,106,19,34.89583333333333,14.583333333333334,20.3125,65.10416666666666,55.208333333333336,9.895833333333332
E00077198,161,44,14,30,117,102,15,27.32919254658385,8.695652173913043,18.633540372670808,72.67080745341616,63.35403726708074,9.316770186335404
E00077199,142,51,18,33,91,77,14,35.91549295774648,12.676056338028168,23.239436619718308,64.08450704225352,54.22535211267606,9.859154929577464
E00077200,144,50,13,37,94,79,15,34.72222222222222,9.027777777777777,25.694444444444443,65.27777777777779,54.861111111111114,10.416666666666668
E00077201,138,39,17,22,99,85,14,28.26086956521739,12.318840579710146,15.942028985507244,71.73913043478261,61.59420289855072,10.144927536231885
E00077202,178,48,13,35,130,113,17,26.96629213483146,7.303370786516854,19.662921348314608,73.03370786516854,63.48314606741573,9.550561797752808
E00077203,150,44,17,27,106,91,15,29.333333333333332,11.333333333333332,18,70.66666666666667,60.66666666666667,10
E00077204,240,87,30,57,153,134,19,36.25,12.5,23.75,63.74999999999999,55.833333333333336,7.916666666666666
E00077205,183,70,31,39,113,96,17,38.25136612021858,16.939890710382514,21.311475409836063,61.74863387978142,52.459016393442624,9.289617486338798
E00077206,213,71,32,39,142,118,24,33.33333333333333,15.023474178403756,18.30985915492958,66.66666666666666,55.39906103286385,11.267605633802818
E00077207,176,64,23,41,112,102,10,36.36363636363637,13.068181818181818,23.295454545454543,63.63636363636363,57.95454545454546,5.681818181818182
E00077208,176,56,24,32,120,110,10,31.818181818181817,13.636363636363635,18.181818181818183,68.18181818181817,62.5,5.681818181818182
E00077209,189,46,17,29,143,118,25,24.33862433862434,8.994708994708994,15.343915343915343,75.66137566137566,62.43386243386243,13.227513227513226
E00077210,179,62,16,46,117,105,12,34.63687150837989,8.938547486033519,25.69832402234637,65.36312849162012,58.659217877094974,6.70391061452514
E00077211,147,47,25,22,100,86,14,31.97278911564626,17.006802721088434,14.965986394557824,68.02721088435374,58.50340136054422,9.523809523809524
E00077212,143,43,11,32,100,90,10,30.069930069930066,7.6923076923076925,22.377622377622377,69.93006993006993,62.93706293706294,6.993006993006993
E00077213,254,79,35,44,175,155,20,31.10236220472441,13.779527559055119,17.322834645669293,68.89763779527559,61.023622047244096,7.874015748031496
E00077214,191,44,20,24,147,128,19,23.036649214659686,10.471204188481675,12.56544502617801,76.96335078534031,67.01570680628272,9.947643979057592
E00077217,172,61,26,35,111,92,19,35.46511627906977,15.11627906976744,20.348837209302324,64.53488372093024,53.48837209302325,11.046511627906977
E00077218,178,46,19,27,132,112,20,25.842696629213485,10.674157303370785,15.168539325842698,74.15730337078652,62.92134831460674,11.235955056179774
E00077220,74,32,10,22,42,37,5,43.24324324324324,13.513513513513514,29.72972972972973,56.75675675675676,50,6.756756756756757
E00077221,180,57,22,35,123,115,8,31.666666666666664,12.222222222222221,19.444444444444446,68.33333333333333,63.888888888888886,4.444444444444445
E00077222,195,48,14,34,147,123,24,24.615384615384617,7.179487179487179,17.435897435897434,75.38461538461539,63.07692307692307,12.307692307692308
E00077223,131,18,5,13,113,95,18,13.740458015267176,3.816793893129771,9.923664122137405,86.25954198473282,72.51908396946564,13.740458015267176
E00077224,112,28,9,19,84,71,13,25,8.035714285714286,16.964285714285715,75,63.39285714285714,11.607142857142858
E00077225,135,43,11,32,92,77,15,31.851851851851855,8.148148148148149,23.703703703703706,68.14814814814815,57.03703703703704,11.11111111111111
E00077226,118,31,12,19,87,78,9,26.27118644067797,10.16949152542373,16.101694915254235,73.72881355932203,66.10169491525424,7.627118644067797
E00077227,161,48,22,26,113,94,19,29.81366459627329,13.664596273291925,16.149068322981368,70.1863354037267,58.38509316770186,11.801242236024844
E00077229,228,71,30,41,157,143,14,31.140350877192986,13.157894736842104,17.982456140350877,68.85964912280701,62.71929824561403,6.140350877192982
E00077230,97,32,15,17,65,53,12,32.98969072164948,15.463917525773196,17.525773195876287,67.0103092783505,54.63917525773196,12.371134020618557
E00077231,122,34,12,22,88,83,5,27.86885245901639,9.836065573770492,18.0327868852459,72.1311475409836,68.0327868852459,4.098360655737705
E00077232,144,49,13,36,95,89,6,34.02777777777778,9.027777777777777,25,65.97222222222221,61.80555555555556,4.166666666666666
E00077233,185,68,27,41,117,107,10,36.75675675675676,14.594594594594595,22.162162162162165,63.24324324324324,57.83783783783784,5.405405405405405
E00077234,104,29,10,19,75,64,11,27.884615384615387,9.615384615384617,18.269230769230766,72.11538461538461,61.53846153846154,10.576923076923077
E00077235,47,14,1,13,33,30,3,29.78723404255319,2.127659574468085,27.659574468085108,70.2127659574468,63.829787234042556,6.382978723404255
E00077236,121,38,17,21,83,67,16,31.40495867768595,14.049586776859504,17.355371900826448,68.59504132231406,55.371900826446286,13.223140495867769
E00077237,140,48,24,24,92,82,10,34.285714285714285,17.142857142857142,17.142857142857142,65.71428571428571,58.57142857142858,7.142857142857142
E00077239,120,30,13,17,90,82,8,25,10.833333333333334,14.166666666666666,75,68.33333333333333,6.666666666666667
E00077240,73,16,6,10,57,51,6,21.91780821917808,8.21917808219178,13.698630136986301,78.08219178082192,69.86301369863014,8.21917808219178
E00077241,146,49,13,36,97,84,13,33.56164383561644,8.904109589041095,24.65753424657534,66.43835616438356,57.534246575342465,8.904109589041095
E00077242,138,52,21,31,86,73,13,37.68115942028986,15.217391304347828,22.463768115942027,62.31884057971014,52.89855072463768,9.420289855072465
E00077244,91,36,18,18,55,47,8,39.56043956043956,19.78021978021978,19.78021978021978,60.43956043956044,51.64835164835166,8.791208791208792
E00077245,152,48,20,28,104,80,24,31.57894736842105,13.157894736842104,18.421052631578945,68.42105263157895,52.63157894736842,15.789473684210526
E00077246,112,23,7,16,89,76,13,20.535714285714285,6.25,14.285714285714285,79.46428571428571,67.85714285714286,11.607142857142858
E00077247,195,43,18,25,152,137,15,22.05128205128205,9.230769230769232,12.82051282051282,77.94871794871796,70.25641025641025,7.6923076923076925
E00077248,101,25,5,20,76,65,11,24.752475247524753,4.9504950495049505,19.801980198019802,75.24752475247524,64.35643564356435,10.891089108910892
E00077249,152,44,20,24,108,101,7,28.947368421052634,13.157894736842104,15.789473684210526,71.05263157894737,66.44736842105263,4.605263157894736
E00077250,128,35,12,23,93,74,19,27.34375,9.375,17.96875,72.65625,57.8125,14.84375
E00077251,142,25,14,11,117,99,18,17.6056338028169,9.859154929577464,7.746478873239436,82.3943661971831,69.71830985915493,12.676056338028168
E00077252,242,77,44,33,165,147,18,31.818181818181817,18.181818181818183,13.636363636363635,68.18181818181817,60.74380165289256,7.43801652892562
E00077255,193,43,15,28,150,127,23,22.279792746113987,7.772020725388601,14.507772020725387,77.720207253886,65.80310880829016,11.917098445595855
E00077256,177,57,23,34,120,111,9,32.20338983050847,12.994350282485875,19.2090395480226,67.79661016949152,62.71186440677966,5.084745762711865
E00077258,242,78,31,47,164,132,32,32.231404958677686,12.8099173553719,19.421487603305785,67.76859504132231,54.54545454545454,13.223140495867769
E00077259,190,46,17,29,144,125,19,24.210526315789473,8.947368421052632,15.263157894736842,75.78947368421053,65.78947368421053,10
E00077260,200,73,26,47,127,112,15,36.5,13,23.5,63.5,56.00000000000001,7.5
E00077262,202,52,26,26,150,129,21,25.742574257425744,12.871287128712872,12.871287128712872,74.25742574257426,63.86138613861386,10.396039603960396
E00077264,171,44,13,31,127,112,15,25.730994152046783,7.602339181286549,18.128654970760234,74.26900584795322,65.49707602339181,8.771929824561402
E00077265,151,35,15,20,116,100,16,23.178807947019866,9.933774834437086,13.245033112582782,76.82119205298014,66.22516556291392,10.596026490066226
E00077266,272,62,31,31,210,185,25,22.794117647058822,11.397058823529411,11.397058823529411,77.20588235294117,68.01470588235294,9.191176470588236
E00077267,52,19,7,12,33,29,4,36.53846153846153,13.461538461538462,23.076923076923077,63.46153846153846,55.769230769230774,7.6923076923076925
E00077268,221,74,24,50,147,126,21,33.4841628959276,10.85972850678733,22.624434389140273,66.51583710407239,57.01357466063348,9.502262443438914
E00077269,83,22,9,13,61,56,5,26.506024096385545,10.843373493975903,15.66265060240964,73.49397590361446,67.46987951807229,6.024096385542169
E00077270,137,51,25,26,86,72,14,37.22627737226277,18.248175182481752,18.97810218978102,62.77372262773723,52.55474452554745,10.218978102189782
E00077271,161,41,22,19,120,106,14,25.465838509316768,13.664596273291925,11.801242236024844,74.53416149068323,65.83850931677019,8.695652173913043
E00077273,126,32,9,23,94,77,17,25.396825396825395,7.142857142857142,18.253968253968253,74.60317460317461,61.111111111111114,13.492063492063492
E00077274,160,42,17,25,118,92,26,26.25,10.625,15.625,73.75,57.49999999999999,16.25
E00077275,228,66,22,44,162,132,30,28.947368421052634,9.649122807017543,19.298245614035086,71.05263157894737,57.89473684210527,13.157894736842104
E00077276,171,50,14,36,121,108,13,29.239766081871345,8.187134502923977,21.052631578947366,70.76023391812866,63.1578947368421,7.602339181286549
E00077277,167,62,19,43,105,98,7,37.12574850299401,11.377245508982035,25.748502994011975,62.874251497005986,58.68263473053892,4.191616766467066
E00077278,95,36,13,23,59,53,6,37.89473684210527,13.684210526315791,24.210526315789473,62.10526315789474,55.78947368421052,6.315789473684211
E00077279,167,46,15,31,121,109,12,27.54491017964072,8.982035928143713,18.562874251497004,72.45508982035929,65.26946107784431,7.18562874251497
E00077280,266,59,16,43,207,182,25,22.18045112781955,6.015037593984962,16.165413533834585,77.81954887218046,68.42105263157895,9.398496240601503
E00077281,208,57,18,39,151,134,17,27.403846153846157,8.653846153846153,18.75,72.59615384615384,64.42307692307693,8.173076923076923
E00077282,94,33,12,21,61,54,7,35.1063829787234,12.76595744680851,22.340425531914892,64.8936170212766,57.446808510638306,7.446808510638298
E00077283,129,27,10,17,102,83,19,20.930232558139537,7.751937984496124,13.178294573643413,79.06976744186046,64.34108527131784,14.728682170542637
E00077284,95,28,13,15,67,58,9,29.47368421052631,13.684210526315791,15.789473684210526,70.52631578947368,61.05263157894737,9.473684210526317
E00077285,233,56,19,37,177,151,26,24.034334763948497,8.15450643776824,15.879828326180256,75.9656652360515,64.8068669527897,11.158798283261802
E00077286,158,52,16,36,106,91,15,32.91139240506329,10.126582278481013,22.78481012658228,67.08860759493672,57.59493670886076,9.49367088607595
E00077287,135,56,15,41,79,74,5,41.48148148148148,11.11111111111111,30.37037037037037,58.51851851851851,54.81481481481482,3.7037037037037033
E00077288,145,37,6,31,108,96,12,25.517241379310345,4.137931034482759,21.379310344827587,74.48275862068967,66.20689655172414,8.275862068965518
E00077289,206,59,19,40,147,135,12,28.640776699029125,9.223300970873787,19.41747572815534,71.35922330097088,65.53398058252428,5.825242718446602
E00077292,219,60,20,40,159,141,18,27.397260273972602,9.1324200913242,18.2648401826484,72.6027397260274,64.38356164383562,8.21917808219178
E00077293,168,60,21,39,108,94,14,35.714285714285715,12.5,23.214285714285715,64.28571428571429,55.952380952380956,8.333333333333332
E00077294,195,55,18,37,140,125,15,28.205128205128204,9.230769230769232,18.974358974358974,71.7948717948718,64.1025641025641,7.6923076923076925
E00077295,212,65,17,48,147,124,23,30.660377358490564,8.018867924528301,22.641509433962266,69.33962264150944,58.490566037735846,10.849056603773585
E00077296,216,67,23,44,149,132,17,31.01851851851852,10.648148148148149,20.37037037037037,68.98148148148148,61.111111111111114,7.87037037037037
E00077297,125,35,17,18,90,84,6,28.000000000000004,13.600000000000001,14.399999999999999,72,67.2,4.8
E00077298,80,25,12,13,55,49,6,31.25,15,16.25,68.75,61.25000000000001,7.5
E00077299,169,53,16,37,116,101,15,31.360946745562128,9.467455621301776,21.893491124260358,68.63905325443787,59.76331360946746,8.875739644970414
E00077301,252,66,23,43,186,168,18,26.190476190476193,9.126984126984127,17.063492063492063,73.80952380952381,66.66666666666666,7.142857142857142
E00077302,172,62,37,25,110,100,10,36.04651162790697,21.511627906976745,14.534883720930234,63.95348837209303,58.139534883720934,5.813953488372093
E00077303,207,59,25,34,148,138,10,28.502415458937197,12.077294685990339,16.425120772946862,71.49758454106279,66.66666666666666,4.830917874396135
E00077304,273,61,18,43,212,187,25,22.344322344322347,6.593406593406594,15.75091575091575,77.65567765567766,68.4981684981685,9.157509157509157
E00077305,241,66,28,38,175,154,21,27.385892116182575,11.618257261410788,15.767634854771783,72.61410788381743,63.90041493775933,8.71369294605809
E00077306,113,32,7,25,81,71,10,28.31858407079646,6.1946902654867255,22.123893805309734,71.68141592920354,62.83185840707964,8.849557522123893
E00077307,199,49,17,32,150,132,18,24.623115577889447,8.542713567839195,16.08040201005025,75.37688442211056,66.33165829145729,9.045226130653267
E00077308,252,68,26,42,184,163,21,26.984126984126984,10.317460317460316,16.666666666666664,73.01587301587301,64.68253968253968,8.333333333333332
E00077309,172,36,15,21,136,114,22,20.930232558139537,8.720930232558139,12.209302325581394,79.06976744186046,66.27906976744185,12.790697674418606
E00077310,54,25,10,15,29,23,6,46.2962962962963,18.51851851851852,27.77777777777778,53.70370370370371,42.592592592592595,11.11111111111111
E00077311,112,37,10,27,75,62,13,33.035714285714285,8.928571428571429,24.107142857142858,66.96428571428571,55.35714285714286,11.607142857142858
E00077312,102,24,11,13,78,63,15,23.52941176470588,10.784313725490197,12.745098039215685,76.47058823529412,61.76470588235294,14.705882352941178
E00077313,184,60,15,45,124,100,24,32.608695652173914,8.152173913043478,24.456521739130434,67.3913043478261,54.347826086956516,13.043478260869565
E00077314,181,56,23,33,125,107,18,30.939226519337016,12.70718232044199,18.23204419889503,69.06077348066299,59.11602209944752,9.94475138121547
E00077315,197,64,18,46,133,121,12,32.48730964467005,9.137055837563452,23.3502538071066,67.51269035532995,61.42131979695431,6.091370558375635
E00077316,149,55,22,33,94,81,13,36.91275167785235,14.76510067114094,22.14765100671141,63.08724832214765,54.36241610738255,8.724832214765101
E00077317,98,40,15,25,58,51,7,40.816326530612244,15.306122448979592,25.510204081632654,59.183673469387756,52.04081632653062,7.142857142857142
E00077318,147,49,17,32,98,82,16,33.33333333333333,11.564625850340136,21.768707482993197,66.66666666666666,55.78231292517006,10.884353741496598
E00077319,143,53,20,33,90,82,8,37.06293706293706,13.986013986013987,23.076923076923077,62.93706293706294,57.34265734265735,5.594405594405594
E00077320,126,49,20,29,77,66,11,38.88888888888889,15.873015873015872,23.015873015873016,61.111111111111114,52.38095238095239,8.73015873015873
E00077321,150,51,22,29,99,90,9,34,14.666666666666666,19.333333333333332,66,60,6
E00077322,103,37,12,25,66,54,12,35.92233009708738,11.650485436893204,24.271844660194176,64.07766990291263,52.42718446601942,11.650485436893204
E00077323,74,24,9,15,50,44,6,32.432432432432435,12.162162162162163,20.27027027027027,67.56756756756756,59.45945945945946,8.108108108108109
E00077324,146,51,17,34,95,80,15,34.93150684931507,11.643835616438356,23.28767123287671,65.06849315068493,54.794520547945204,10.273972602739725
E00077325,151,51,30,21,100,77,23,33.77483443708609,19.867549668874172,13.90728476821192,66.22516556291392,50.993377483443716,15.2317880794702
E00077326,176,49,19,30,127,114,13,27.84090909090909,10.795454545454545,17.045454545454543,72.1590909090909,64.77272727272727,7.386363636363637
E00077327,99,26,3,23,73,64,9,26.262626262626267,3.0303030303030303,23.232323232323232,73.73737373737373,64.64646464646465,9.090909090909092
E00077328,157,44,12,32,113,91,22,28.02547770700637,7.643312101910828,20.382165605095544,71.97452229299363,57.961783439490446,14.012738853503185
E00077329,184,56,19,37,128,112,16,30.434782608695656,10.326086956521738,20.108695652173914,69.56521739130434,60.86956521739131,8.695652173913043
E00077330,97,36,19,17,61,45,16,37.11340206185567,19.587628865979383,17.525773195876287,62.88659793814433,46.391752577319586,16.49484536082474
E00077331,119,46,18,28,73,61,12,38.655462184873954,15.126050420168067,23.52941176470588,61.34453781512605,51.26050420168067,10.084033613445378
E00077332,131,39,13,26,92,79,13,29.770992366412212,9.923664122137405,19.84732824427481,70.22900763358778,60.30534351145038,9.923664122137405
E00077333,139,43,15,28,96,77,19,30.935251798561154,10.79136690647482,20.14388489208633,69.06474820143885,55.39568345323741,13.66906474820144
E00077334,151,56,22,34,95,71,24,37.086092715231786,14.56953642384106,22.516556291390728,62.913907284768214,47.019867549668874,15.894039735099339
E00077335,151,47,14,33,104,76,28,31.125827814569533,9.271523178807946,21.85430463576159,68.87417218543047,50.331125827814574,18.543046357615893
E00077336,86,30,18,12,56,47,9,34.883720930232556,20.930232558139537,13.953488372093023,65.11627906976744,54.65116279069767,10.465116279069768
E00077337,82,29,13,16,53,39,14,35.36585365853659,15.853658536585366,19.51219512195122,64.63414634146342,47.5609756097561,17.073170731707318
E00077338,111,50,19,31,61,43,18,45.04504504504504,17.117117117117118,27.927927927927925,54.95495495495496,38.73873873873874,16.216216216216218
E00077339,100,44,20,24,56,45,11,44,20,24,56.00000000000001,45,11
E00077340,161,64,31,33,97,85,12,39.75155279503105,19.25465838509317,20.496894409937887,60.24844720496895,52.79503105590062,7.453416149068323
E00077341,170,57,21,36,113,101,12,33.52941176470588,12.352941176470589,21.176470588235293,66.47058823529412,59.411764705882355,7.0588235294117645
E00077342,125,41,10,31,84,72,12,32.800000000000004,8,24.8,67.2,57.599999999999994,9.6
E00077343,83,33,13,20,50,44,6,39.75903614457831,15.66265060240964,24.096385542168676,60.24096385542169,53.01204819277109,7.228915662650602
E00077344,170,71,25,46,99,84,15,41.76470588235294,14.705882352941178,27.058823529411764,58.235294117647065,49.411764705882355,8.823529411764707
E00077345,131,45,14,31,86,74,12,34.35114503816794,10.687022900763358,23.66412213740458,65.64885496183206,56.48854961832062,9.16030534351145
E00077346,50,15,3,12,35,27,8,30,6,24,70,54,16
E00077347,98,31,6,25,67,54,13,31.63265306122449,6.122448979591836,25.510204081632654,68.36734693877551,55.10204081632652,13.26530612244898
E00077348,128,37,14,23,91,75,16,28.90625,10.9375,17.96875,71.09375,58.59375,12.5
E00077349,156,54,16,38,102,89,13,34.61538461538461,10.256410256410255,24.358974358974358,65.38461538461539,57.05128205128205,8.333333333333332
E00077350,109,38,11,27,71,63,8,34.862385321100916,10.091743119266056,24.770642201834864,65.13761467889908,57.798165137614674,7.339449541284404
E00077351,148,53,20,33,95,80,15,35.810810810810814,13.513513513513514,22.2972972972973,64.1891891891892,54.054054054054056,10.135135135135135
E00077352,104,42,14,28,62,54,8,40.38461538461539,13.461538461538462,26.923076923076923,59.61538461538461,51.92307692307693,7.6923076923076925
E00077353,131,47,13,34,84,70,14,35.87786259541985,9.923664122137405,25.954198473282442,64.12213740458014,53.43511450381679,10.687022900763358
E00077354,152,53,22,31,99,84,15,34.868421052631575,14.473684210526317,20.394736842105264,65.13157894736842,55.26315789473685,9.868421052631579
E00077355,121,44,15,29,77,63,14,36.36363636363637,12.396694214876034,23.96694214876033,63.63636363636363,52.066115702479344,11.570247933884298
E00077356,159,48,20,28,111,106,5,30.18867924528302,12.578616352201259,17.61006289308176,69.81132075471697,66.66666666666666,3.1446540880503147
E00077357,139,45,17,28,94,85,9,32.37410071942446,12.23021582733813,20.14388489208633,67.62589928057554,61.15107913669065,6.474820143884892
E00077359,120,33,9,24,87,72,15,27.500000000000004,7.5,20,72.5,60,12.5
E00077360,212,79,23,56,133,112,21,37.264150943396224,10.849056603773585,26.41509433962264,62.735849056603776,52.83018867924528,9.90566037735849
E00077361,142,47,13,34,95,80,15,33.098591549295776,9.15492957746479,23.943661971830984,66.90140845070422,56.33802816901409,10.56338028169014
E00077362,130,42,15,27,88,79,9,32.30769230769231,11.538461538461538,20.76923076923077,67.6923076923077,60.76923076923077,6.923076923076923
E00077363,122,44,15,29,78,67,11,36.0655737704918,12.295081967213115,23.770491803278688,63.934426229508205,54.91803278688525,9.01639344262295
E00077364,166,48,16,32,118,95,23,28.915662650602407,9.63855421686747,19.27710843373494,71.08433734939759,57.22891566265061,13.855421686746988
E00077365,122,55,19,36,67,60,7,45.08196721311475,15.573770491803279,29.508196721311474,54.91803278688525,49.18032786885246,5.737704918032787
E00077367,147,60,16,44,87,77,10,40.816326530612244,10.884353741496598,29.931972789115648,59.183673469387756,52.38095238095239,6.802721088435375
E00077368,123,43,17,26,80,73,7,34.959349593495936,13.821138211382115,21.138211382113823,65.04065040650406,59.34959349593496,5.691056910569105
E00077369,152,47,15,32,105,98,7,30.92105263157895,9.868421052631579,21.052631578947366,69.07894736842105,64.47368421052632,4.605263157894736
E00077370,166,53,18,35,113,93,20,31.92771084337349,10.843373493975903,21.084337349397593,68.07228915662651,56.024096385542165,12.048192771084338
E00077371,147,49,13,36,98,83,15,33.33333333333333,8.843537414965986,24.489795918367346,66.66666666666666,56.4625850340136,10.204081632653061
E00077372,126,46,13,33,80,71,9,36.507936507936506,10.317460317460316,26.190476190476193,63.49206349206349,56.34920634920635,7.142857142857142
E00077373,189,58,21,37,131,114,17,30.687830687830687,11.11111111111111,19.576719576719576,69.31216931216932,60.317460317460316,8.994708994708994
E00077374,126,46,18,28,80,63,17,36.507936507936506,14.285714285714285,22.22222222222222,63.49206349206349,50,13.492063492063492
E00077375,114,40,15,25,74,63,11,35.08771929824561,13.157894736842104,21.929824561403507,64.91228070175438,55.26315789473685,9.649122807017543
E00077376,126,39,12,27,87,78,9,30.952380952380953,9.523809523809524,21.428571428571427,69.04761904761905,61.904761904761905,7.142857142857142
E00077377,119,36,15,21,83,73,10,30.252100840336134,12.605042016806722,17.647058823529413,69.74789915966386,61.34453781512605,8.403361344537815
E00077378,102,35,16,19,67,62,5,34.31372549019608,15.686274509803921,18.627450980392158,65.68627450980392,60.78431372549019,4.901960784313726
E00077379,149,45,17,28,104,90,14,30.201342281879196,11.409395973154362,18.79194630872483,69.79865771812081,60.40268456375839,9.395973154362416
E00077380,127,44,11,33,83,74,9,34.645669291338585,8.661417322834646,25.984251968503933,65.35433070866141,58.26771653543307,7.086614173228346
E00077381,172,64,24,40,108,95,13,37.2093023255814,13.953488372093023,23.25581395348837,62.7906976744186,55.23255813953488,7.55813953488372
E00077382,135,43,14,29,92,75,17,31.851851851851855,10.37037037037037,21.48148148148148,68.14814814814815,55.55555555555556,12.592592592592592
E00077383,266,86,26,60,180,154,26,32.33082706766917,9.774436090225564,22.55639097744361,67.66917293233082,57.89473684210527,9.774436090225564
E00077384,156,63,21,42,93,85,8,40.38461538461539,13.461538461538462,26.923076923076923,59.61538461538461,54.48717948717948,5.128205128205128
E00077385,119,32,13,19,87,79,8,26.89075630252101,10.92436974789916,15.966386554621847,73.10924369747899,66.38655462184873,6.722689075630252
E00077386,104,34,9,25,70,66,4,32.69230769230769,8.653846153846153,24.03846153846154,67.3076923076923,63.46153846153846,3.8461538461538463
E00077387,92,32,14,18,60,48,12,34.78260869565217,15.217391304347828,19.565217391304348,65.21739130434783,52.17391304347826,13.043478260869565
E00077388,130,53,20,33,77,67,10,40.76923076923077,15.384615384615385,25.384615384615383,59.23076923076923,51.53846153846153,7.6923076923076925
E00077389,138,46,11,35,92,82,10,33.33333333333333,7.971014492753622,25.36231884057971,66.66666666666666,59.42028985507246,7.246376811594203
E00077390,162,51,16,35,111,95,16,31.48148148148148,9.876543209876543,21.604938271604937,68.51851851851852,58.64197530864198,9.876543209876543
E00077391,183,68,25,43,115,97,18,37.15846994535519,13.661202185792352,23.497267759562842,62.841530054644814,53.00546448087432,9.836065573770492
E00077392,118,43,13,30,75,70,5,36.440677966101696,11.016949152542372,25.423728813559322,63.559322033898304,59.32203389830508,4.23728813559322
E00077393,116,36,11,25,80,64,16,31.03448275862069,9.482758620689655,21.551724137931032,68.96551724137932,55.172413793103445,13.793103448275861
E00077394,111,42,14,28,69,58,11,37.83783783783784,12.612612612612612,25.225225225225223,62.16216216216216,52.25225225225225,9.90990990990991
E00077395,128,38,11,27,90,79,11,29.6875,8.59375,21.09375,70.3125,61.71875,8.59375
E00077396,119,54,20,34,65,59,6,45.378151260504204,16.80672268907563,28.57142857142857,54.621848739495796,49.57983193277311,5.042016806722689
E00077397,149,57,18,39,92,83,9,38.25503355704698,12.080536912751679,26.174496644295303,61.74496644295302,55.70469798657718,6.0402684563758395
E00077398,113,42,10,32,71,61,10,37.16814159292036,8.849557522123893,28.31858407079646,62.83185840707964,53.98230088495575,8.849557522123893
E00077399,116,46,9,37,70,58,12,39.6551724137931,7.758620689655173,31.896551724137932,60.3448275862069,50,10.344827586206897
E00077400,145,61,15,46,84,72,12,42.06896551724138,10.344827586206897,31.724137931034484,57.931034482758626,49.6551724137931,8.275862068965518
E00077401,116,37,7,30,79,69,10,31.896551724137932,6.0344827586206895,25.862068965517242,68.10344827586206,59.48275862068966,8.620689655172415
E00077402,170,53,15,38,117,108,9,31.176470588235293,8.823529411764707,22.35294117647059,68.82352941176471,63.52941176470588,5.294117647058823
E00077403,168,59,21,38,109,88,21,35.11904761904761,12.5,22.61904761904762,64.88095238095238,52.38095238095239,12.5
E00077404,115,43,9,34,72,66,6,37.391304347826086,7.82608695652174,29.565217391304348,62.60869565217392,57.391304347826086,5.217391304347826
E00077405,250,62,19,43,188,164,24,24.8,7.6,17.2,75.2,65.60000000000001,9.6
E00077406,141,44,9,35,97,83,14,31.20567375886525,6.382978723404255,24.822695035460992,68.79432624113475,58.86524822695035,9.929078014184398
E00077407,110,41,13,28,69,59,10,37.27272727272727,11.818181818181818,25.454545454545453,62.727272727272734,53.63636363636364,9.090909090909092
E00077408,141,39,15,24,102,91,11,27.659574468085108,10.638297872340425,17.02127659574468,72.3404255319149,64.53900709219859,7.801418439716312
E00077409,160,54,18,36,106,88,18,33.75,11.25,22.5,66.25,55.00000000000001,11.25
E00077410,131,34,13,21,97,84,13,25.954198473282442,9.923664122137405,16.030534351145036,74.04580152671755,64.12213740458014,9.923664122137405
E00077411,56,22,3,19,34,29,5,39.285714285714285,5.357142857142857,33.92857142857143,60.71428571428571,51.78571428571429,8.928571428571429
E00077412,129,51,22,29,78,74,4,39.53488372093023,17.05426356589147,22.48062015503876,60.46511627906976,57.36434108527132,3.10077519379845
E00077413,117,40,13,27,77,63,14,34.18803418803419,11.11111111111111,23.076923076923077,65.8119658119658,53.84615384615385,11.965811965811966
E00077414,97,29,13,16,68,53,15,29.896907216494846,13.402061855670103,16.49484536082474,70.10309278350515,54.63917525773196,15.463917525773196
E00077415,176,52,26,26,124,104,20,29.545454545454547,14.772727272727273,14.772727272727273,70.45454545454545,59.09090909090909,11.363636363636363
E00077417,146,38,11,27,108,95,13,26.027397260273972,7.534246575342466,18.493150684931507,73.97260273972603,65.06849315068493,8.904109589041095
E00077418,161,51,16,35,110,87,23,31.67701863354037,9.937888198757763,21.73913043478261,68.32298136645963,54.037267080745345,14.285714285714285
E00077419,158,49,23,26,109,100,9,31.0126582278481,14.556962025316455,16.455696202531644,68.9873417721519,63.29113924050633,5.69620253164557
E00077420,146,49,19,30,97,80,17,33.56164383561644,13.013698630136986,20.54794520547945,66.43835616438356,54.794520547945204,11.643835616438356
E00077421,152,46,17,29,106,93,13,30.263157894736842,11.18421052631579,19.078947368421055,69.73684210526315,61.18421052631579,8.552631578947368
E00077422,143,53,19,34,90,79,11,37.06293706293706,13.286713286713287,23.776223776223777,62.93706293706294,55.24475524475524,7.6923076923076925
E00077423,118,50,14,36,68,56,12,42.3728813559322,11.864406779661017,30.508474576271187,57.6271186440678,47.45762711864407,10.16949152542373
E00077424,142,40,19,21,102,82,20,28.169014084507044,13.380281690140844,14.788732394366196,71.83098591549296,57.74647887323944,14.084507042253522
E00077425,137,46,17,29,91,72,19,33.57664233576642,12.408759124087592,21.16788321167883,66.42335766423358,52.55474452554745,13.86861313868613
E00077426,142,44,15,29,98,86,12,30.985915492957744,10.56338028169014,20.422535211267608,69.01408450704226,60.56338028169014,8.450704225352112
E00077427,183,73,26,47,110,90,20,39.89071038251366,14.207650273224044,25.683060109289617,60.10928961748634,49.18032786885246,10.92896174863388
E00077428,185,67,30,37,118,95,23,36.21621621621622,16.216216216216218,20,63.78378378378379,51.35135135135135,12.432432432432433
E00077429,140,38,14,24,102,81,21,27.142857142857142,10,17.142857142857142,72.85714285714285,57.85714285714286,15
E00077430,191,71,19,52,120,99,21,37.17277486910995,9.947643979057592,27.225130890052355,62.82722513089005,51.832460732984295,10.99476439790576
E00077431,187,57,26,31,130,106,24,30.481283422459892,13.903743315508022,16.577540106951872,69.5187165775401,56.68449197860963,12.834224598930483
E00077432,163,59,24,35,104,82,22,36.19631901840491,14.723926380368098,21.472392638036812,63.80368098159509,50.306748466257666,13.496932515337424
E00077433,145,50,22,28,95,82,13,34.48275862068966,15.172413793103448,19.310344827586206,65.51724137931035,56.55172413793104,8.96551724137931
E00077434,163,63,13,50,100,85,15,38.65030674846626,7.975460122699387,30.67484662576687,61.34969325153374,52.14723926380368,9.202453987730062
E00077435,157,54,17,37,103,89,14,34.394904458598724,10.828025477707007,23.56687898089172,65.60509554140127,56.68789808917197,8.9171974522293
E00077436,161,59,23,36,102,81,21,36.64596273291926,14.285714285714285,22.36024844720497,63.35403726708074,50.31055900621118,13.043478260869565
E00077437,119,41,15,26,78,60,18,34.45378151260504,12.605042016806722,21.84873949579832,65.54621848739495,50.42016806722689,15.126050420168067
E00077438,196,62,26,36,134,114,20,31.63265306122449,13.26530612244898,18.367346938775512,68.36734693877551,58.16326530612245,10.204081632653061
E00077439,176,61,22,39,115,99,16,34.659090909090914,12.5,22.15909090909091,65.3409090909091,56.25,9.090909090909092
E00077440,161,62,24,38,99,79,20,38.50931677018634,14.906832298136646,23.60248447204969,61.49068322981367,49.06832298136646,12.422360248447205
E00077441,181,56,18,38,125,104,21,30.939226519337016,9.94475138121547,20.994475138121548,69.06077348066299,57.4585635359116,11.602209944751381
E00077442,247,73,30,43,174,151,23,29.554655870445345,12.145748987854251,17.408906882591094,70.44534412955466,61.1336032388664,9.31174089068826
E00077443,181,64,19,45,117,104,13,35.35911602209944,10.497237569060774,24.861878453038674,64.64088397790056,57.4585635359116,7.18232044198895
E00077444,134,41,13,28,93,85,8,30.597014925373134,9.701492537313433,20.8955223880597,69.40298507462687,63.43283582089553,5.970149253731343
E00077445,191,62,21,41,129,114,15,32.460732984293195,10.99476439790576,21.465968586387437,67.5392670157068,59.68586387434554,7.853403141361256
E00077446,180,61,15,46,119,96,23,33.88888888888889,8.333333333333332,25.555555555555554,66.11111111111111,53.333333333333336,12.777777777777777
E00077447,164,53,19,34,111,95,16,32.31707317073171,11.585365853658537,20.73170731707317,67.6829268292683,57.92682926829268,9.75609756097561
E00077448,170,61,18,43,109,86,23,35.88235294117647,10.588235294117647,25.294117647058822,64.11764705882354,50.588235294117645,13.529411764705882
E00077449,174,46,14,32,128,111,17,26.436781609195403,8.045977011494253,18.39080459770115,73.5632183908046,63.793103448275865,9.770114942528735
E00077450,56,19,7,12,37,35,2,33.92857142857143,12.5,21.428571428571427,66.07142857142857,62.5,3.571428571428571
E00077451,169,65,25,40,104,89,15,38.46153846153847,14.792899408284024,23.668639053254438,61.53846153846154,52.662721893491124,8.875739644970414
E00077452,156,60,21,39,96,84,12,38.46153846153847,13.461538461538462,25,61.53846153846154,53.84615384615385,7.6923076923076925
E00077453,164,58,20,38,106,93,13,35.36585365853659,12.195121951219512,23.170731707317074,64.63414634146342,56.70731707317073,7.926829268292683
E00077454,122,39,8,31,83,70,13,31.967213114754102,6.557377049180328,25.40983606557377,68.0327868852459,57.377049180327866,10.655737704918032
E00077455,149,51,17,34,98,79,19,34.22818791946309,11.409395973154362,22.818791946308725,65.77181208053692,53.02013422818792,12.751677852348994
E00077456,156,60,23,37,96,83,13,38.46153846153847,14.743589743589745,23.717948717948715,61.53846153846154,53.205128205128204,8.333333333333332
E00077457,136,36,7,29,100,88,12,26.47058823529412,5.147058823529411,21.323529411764707,73.52941176470588,64.70588235294117,8.823529411764707
E00077458,199,69,26,43,130,116,14,34.67336683417086,13.06532663316583,21.608040201005025,65.32663316582915,58.291457286432156,7.035175879396985
E00077459,177,72,21,51,105,92,13,40.67796610169492,11.864406779661017,28.8135593220339,59.32203389830508,51.9774011299435,7.344632768361582
E00077460,225,86,32,54,139,125,14,38.22222222222222,14.222222222222221,24,61.77777777777778,55.55555555555556,6.222222222222222
E00077461,148,58,20,38,90,80,10,39.189189189189186,13.513513513513514,25.675675675675674,60.810810810810814,54.054054054054056,6.756756756756757
E00077462,164,59,18,41,105,91,14,35.97560975609756,10.975609756097562,25,64.02439024390245,55.487804878048784,8.536585365853659
E00077463,201,65,25,40,136,124,12,32.33830845771145,12.437810945273633,19.900497512437813,67.66169154228857,61.69154228855721,5.970149253731343
E00077464,194,67,23,44,127,104,23,34.5360824742268,11.855670103092782,22.68041237113402,65.4639175257732,53.608247422680414,11.855670103092782
E00077465,170,61,23,38,109,95,14,35.88235294117647,13.529411764705882,22.35294117647059,64.11764705882354,55.88235294117647,8.235294117647058
E00077466,171,65,19,46,106,95,11,38.01169590643275,11.11111111111111,26.900584795321635,61.98830409356725,55.55555555555556,6.432748538011696
E00077467,194,65,25,40,129,101,28,33.50515463917525,12.886597938144329,20.618556701030926,66.49484536082474,52.0618556701031,14.432989690721648
E00077468,201,66,22,44,135,117,18,32.83582089552239,10.945273631840797,21.890547263681594,67.16417910447761,58.2089552238806,8.955223880597014
E00077469,149,58,18,40,91,78,13,38.92617449664429,12.080536912751679,26.845637583892618,61.07382550335571,52.348993288590606,8.724832214765101
E00077470,165,59,19,40,106,83,23,35.75757575757576,11.515151515151516,24.242424242424242,64.24242424242425,50.303030303030305,13.939393939393941
E00077471,181,64,16,48,117,105,12,35.35911602209944,8.83977900552486,26.519337016574585,64.64088397790056,58.011049723756905,6.629834254143646
E00077472,184,58,26,32,126,111,15,31.521739130434785,14.130434782608695,17.391304347826086,68.47826086956522,60.32608695652174,8.152173913043478
E00077473,179,53,14,39,126,117,9,29.608938547486037,7.82122905027933,21.787709497206702,70.39106145251397,65.36312849162012,5.027932960893855
E00077474,191,78,32,46,113,93,20,40.83769633507853,16.75392670157068,24.083769633507853,59.16230366492147,48.69109947643979,10.471204188481675
E00077475,203,57,18,39,146,132,14,28.078817733990146,8.866995073891626,19.21182266009852,71.92118226600985,65.02463054187191,6.896551724137931
E00077477,215,77,40,37,138,119,19,35.81395348837209,18.6046511627907,17.209302325581397,64.18604651162791,55.348837209302324,8.837209302325581
E00077478,244,54,27,27,190,168,22,22.131147540983605,11.065573770491802,11.065573770491802,77.8688524590164,68.85245901639344,9.01639344262295
E00077479,237,82,24,58,155,135,20,34.59915611814346,10.126582278481013,24.47257383966245,65.40084388185655,56.9620253164557,8.438818565400844
E00077480,147,43,16,27,104,84,20,29.25170068027211,10.884353741496598,18.367346938775512,70.74829931972789,57.14285714285714,13.60544217687075
E00077481,158,58,22,36,100,71,29,36.708860759493675,13.924050632911392,22.78481012658228,63.29113924050633,44.936708860759495,18.354430379746837
E00077482,205,59,19,40,146,133,13,28.780487804878046,9.268292682926829,19.51219512195122,71.21951219512195,64.8780487804878,6.341463414634147
E00077483,167,49,19,30,118,105,13,29.34131736526946,11.377245508982035,17.964071856287426,70.65868263473054,62.874251497005986,7.784431137724551
E00077484,141,43,12,31,98,88,10,30.49645390070922,8.51063829787234,21.98581560283688,69.50354609929079,62.4113475177305,7.092198581560284
E00077485,163,57,22,35,106,90,16,34.96932515337423,13.496932515337424,21.472392638036812,65.03067484662577,55.21472392638037,9.815950920245399
E00077486,190,66,25,41,124,107,17,34.73684210526316,13.157894736842104,21.578947368421055,65.26315789473685,56.315789473684205,8.947368421052632
E00077487,196,57,25,32,139,120,19,29.081632653061224,12.755102040816327,16.3265306122449,70.91836734693877,61.224489795918366,9.693877551020408
E00077488,162,48,15,33,114,101,13,29.629629629629626,9.25925925925926,20.37037037037037,70.37037037037037,62.34567901234568,8.024691358024691
E00077489,229,71,31,40,158,138,20,31.004366812227076,13.537117903930133,17.46724890829694,68.99563318777294,60.26200873362445,8.73362445414847
E00077490,154,36,13,23,118,101,17,23.376623376623375,8.441558441558442,14.935064935064934,76.62337662337663,65.5844155844156,11.03896103896104
E00077491,150,48,11,37,102,86,16,32,7.333333333333333,24.666666666666668,68,57.333333333333336,10.666666666666668
E00077492,184,70,27,43,114,102,12,38.04347826086957,14.673913043478262,23.369565217391305,61.95652173913043,55.434782608695656,6.521739130434782
E00077493,262,97,31,66,165,151,14,37.02290076335878,11.83206106870229,25.190839694656486,62.97709923664122,57.63358778625955,5.343511450381679
E00077494,208,60,31,29,148,128,20,28.846153846153843,14.903846153846153,13.942307692307693,71.15384615384616,61.53846153846154,9.615384615384617
E00077495,176,59,21,38,117,103,14,33.52272727272727,11.931818181818182,21.59090909090909,66.47727272727273,58.52272727272727,7.954545454545454
E00077496,259,72,34,38,187,155,32,27.7992277992278,13.127413127413126,14.671814671814673,72.2007722007722,59.84555984555985,12.355212355212355
E00077497,35,11,3,8,24,21,3,31.428571428571427,8.571428571428571,22.857142857142858,68.57142857142857,60,8.571428571428571
E00077498,174,52,20,32,122,104,18,29.88505747126437,11.494252873563218,18.39080459770115,70.11494252873564,59.77011494252874,10.344827586206897
E00077499,170,55,28,27,115,93,22,32.35294117647059,16.470588235294116,15.88235294117647,67.64705882352942,54.70588235294118,12.941176470588237
E00077500,190,42,17,25,148,135,13,22.105263157894736,8.947368421052632,13.157894736842104,77.89473684210526,71.05263157894737,6.842105263157896
E00077501,179,46,17,29,133,120,13,25.69832402234637,9.497206703910614,16.201117318435752,74.30167597765363,67.0391061452514,7.262569832402235
E00077502,167,62,21,41,105,78,27,37.12574850299401,12.574850299401197,24.550898203592812,62.874251497005986,46.706586826347305,16.16766467065868
E00077503,177,62,26,36,115,106,9,35.02824858757062,14.689265536723164,20.33898305084746,64.97175141242938,59.887005649717516,5.084745762711865
E00077504,73,31,14,17,42,33,9,42.465753424657535,19.17808219178082,23.28767123287671,57.534246575342465,45.20547945205479,12.32876712328767
E00077505,129,44,27,17,85,69,16,34.10852713178294,20.930232558139537,13.178294573643413,65.89147286821705,53.48837209302325,12.4031007751938
E00077506,147,44,23,21,103,81,22,29.931972789115648,15.646258503401361,14.285714285714285,70.06802721088435,55.10204081632652,14.965986394557824
E00077507,176,52,27,25,124,111,13,29.545454545454547,15.340909090909092,14.204545454545455,70.45454545454545,63.06818181818182,7.386363636363637
E00077508,154,55,19,36,99,83,16,35.714285714285715,12.337662337662337,23.376623376623375,64.28571428571429,53.896103896103895,10.38961038961039
E00077509,131,48,17,31,83,68,15,36.6412213740458,12.977099236641221,23.66412213740458,63.358778625954194,51.908396946564885,11.450381679389313
E00077510,177,63,24,39,114,99,15,35.59322033898305,13.559322033898304,22.033898305084744,64.40677966101694,55.932203389830505,8.47457627118644
E00077511,164,51,18,33,113,97,16,31.097560975609756,10.975609756097562,20.121951219512198,68.90243902439023,59.14634146341463,9.75609756097561
E00077512,154,58,13,45,96,79,17,37.66233766233766,8.441558441558442,29.22077922077922,62.33766233766234,51.298701298701296,11.03896103896104
E00077513,190,59,23,36,131,119,12,31.05263157894737,12.105263157894736,18.947368421052634,68.94736842105263,62.63157894736842,6.315789473684211
E00077514,155,50,13,37,105,92,13,32.25806451612903,8.38709677419355,23.870967741935484,67.74193548387096,59.354838709677416,8.38709677419355
E00077515,116,40,15,25,76,68,8,34.48275862068966,12.931034482758621,21.551724137931032,65.51724137931035,58.620689655172406,6.896551724137931
E00077516,109,28,7,21,81,72,9,25.688073394495415,6.422018348623854,19.26605504587156,74.31192660550458,66.05504587155964,8.256880733944955
E00077517,179,72,25,47,107,94,13,40.22346368715084,13.966480446927374,26.256983240223462,59.77653631284916,52.513966480446925,7.262569832402235
E00077518,137,50,17,33,87,76,11,36.496350364963504,12.408759124087592,24.087591240875913,63.503649635036496,55.47445255474452,8.02919708029197
E00077519,131,53,19,34,78,56,22,40.458015267175576,14.50381679389313,25.954198473282442,59.541984732824424,42.74809160305343,16.793893129770993
E00077520,179,59,17,42,120,109,11,32.960893854748605,9.497206703910614,23.463687150837988,67.0391061452514,60.893854748603346,6.145251396648044
E00077521,152,55,20,35,97,88,9,36.18421052631579,13.157894736842104,23.026315789473685,63.81578947368421,57.89473684210527,5.921052631578947
E00077522,142,47,13,34,95,86,9,33.098591549295776,9.15492957746479,23.943661971830984,66.90140845070422,60.56338028169014,6.338028169014084
E00077523,164,54,15,39,110,97,13,32.926829268292686,9.146341463414634,23.78048780487805,67.07317073170732,59.14634146341463,7.926829268292683
E00077524,188,75,35,40,113,95,18,39.8936170212766,18.617021276595743,21.27659574468085,60.1063829787234,50.53191489361703,9.574468085106384
E00077525,149,65,21,44,84,77,7,43.624161073825505,14.093959731543624,29.53020134228188,56.375838926174495,51.67785234899329,4.697986577181208
E00077526,174,58,20,38,116,96,20,33.33333333333333,11.494252873563218,21.839080459770116,66.66666666666666,55.172413793103445,11.494252873563218
E00077528,153,51,19,32,102,88,14,33.33333333333333,12.418300653594772,20.915032679738562,66.66666666666666,57.51633986928104,9.15032679738562
E00077529,150,44,17,27,106,90,16,29.333333333333332,11.333333333333332,18,70.66666666666667,60,10.666666666666668
E00077530,173,54,21,33,119,96,23,31.213872832369944,12.138728323699421,19.07514450867052,68.78612716763006,55.49132947976878,13.294797687861271
E00077531,166,59,19,40,107,97,10,35.54216867469879,11.44578313253012,24.096385542168676,64.45783132530121,58.43373493975904,6.024096385542169
E00077532,183,52,15,37,131,108,23,28.415300546448087,8.19672131147541,20.21857923497268,71.58469945355192,59.01639344262295,12.568306010928962
E00077533,147,56,18,38,91,78,13,38.095238095238095,12.244897959183673,25.850340136054424,61.904761904761905,53.06122448979592,8.843537414965986
E00077534,141,37,12,25,104,88,16,26.24113475177305,8.51063829787234,17.73049645390071,73.75886524822694,62.4113475177305,11.347517730496454
E00077535,192,61,17,44,131,115,16,31.770833333333332,8.854166666666668,22.916666666666664,68.22916666666666,59.895833333333336,8.333333333333332
E00077536,208,64,20,44,144,125,19,30.76923076923077,9.615384615384617,21.153846153846153,69.23076923076923,60.09615384615385,9.134615384615383
E00077538,31,15,4,11,16,11,5,48.38709677419355,12.903225806451612,35.483870967741936,51.61290322580645,35.483870967741936,16.129032258064516
E00077539,121,43,15,28,78,63,15,35.53719008264463,12.396694214876034,23.140495867768596,64.46280991735537,52.066115702479344,12.396694214876034
E00077540,158,47,16,31,111,96,15,29.746835443037973,10.126582278481013,19.62025316455696,70.25316455696202,60.75949367088608,9.49367088607595
E00077541,122,48,6,42,74,68,6,39.34426229508197,4.918032786885246,34.42622950819672,60.65573770491803,55.73770491803278,4.918032786885246
E00077542,154,63,20,43,91,81,10,40.909090909090914,12.987012987012985,27.92207792207792,59.09090909090909,52.5974025974026,6.493506493506493
E00077543,101,28,8,20,73,54,19,27.722772277227726,7.920792079207921,19.801980198019802,72.27722772277228,53.46534653465347,18.81188118811881
E00077544,140,44,19,25,96,79,17,31.428571428571427,13.571428571428571,17.857142857142858,68.57142857142857,56.42857142857143,12.142857142857142
E00077545,142,44,21,23,98,86,12,30.985915492957744,14.788732394366196,16.19718309859155,69.01408450704226,60.56338028169014,8.450704225352112
E00077546,150,59,23,36,91,72,19,39.33333333333333,15.333333333333332,24,60.66666666666667,48,12.666666666666668
E00077547,177,63,25,38,114,91,23,35.59322033898305,14.124293785310735,21.468926553672315,64.40677966101694,51.41242937853108,12.994350282485875
E00077548,163,54,19,35,109,88,21,33.12883435582822,11.65644171779141,21.472392638036812,66.87116564417178,53.987730061349694,12.883435582822086
E00077549,143,43,24,19,100,84,16,30.069930069930066,16.783216783216783,13.286713286713287,69.93006993006993,58.74125874125874,11.188811188811188
E00077550,71,31,11,20,40,29,11,43.66197183098591,15.492957746478872,28.169014084507044,56.33802816901409,40.845070422535215,15.492957746478872
E00077551,72,26,9,17,46,40,6,36.11111111111111,12.5,23.61111111111111,63.888888888888886,55.55555555555556,8.333333333333332
E00077552,144,44,15,29,100,83,17,30.555555555555557,10.416666666666668,20.13888888888889,69.44444444444444,57.638888888888886,11.805555555555555
E00077553,180,72,31,41,108,85,23,40,17.22222222222222,22.77777777777778,60,47.22222222222222,12.777777777777777
E00077554,112,39,6,33,73,65,8,34.82142857142857,5.357142857142857,29.464285714285715,65.17857142857143,58.03571428571429,7.142857142857142
E00077555,141,51,19,32,90,78,12,36.17021276595745,13.47517730496454,22.69503546099291,63.829787234042556,55.319148936170215,8.51063829787234
E00077556,211,70,29,41,141,124,17,33.175355450236964,13.744075829383887,19.431279620853083,66.82464454976304,58.767772511848335,8.056872037914692
E00077557,88,26,10,16,62,58,4,29.545454545454547,11.363636363636363,18.181818181818183,70.45454545454545,65.9090909090909,4.545454545454546
E00077558,208,52,8,44,156,140,16,25,3.8461538461538463,21.153846153846153,75,67.3076923076923,7.6923076923076925
E00077559,114,40,11,29,74,70,4,35.08771929824561,9.649122807017543,25.438596491228072,64.91228070175438,61.40350877192983,3.508771929824561
E00077560,123,40,14,26,83,73,10,32.52032520325203,11.38211382113821,21.138211382113823,67.47967479674797,59.34959349593496,8.130081300813007
E00077561,109,38,12,26,71,61,10,34.862385321100916,11.009174311926607,23.853211009174313,65.13761467889908,55.96330275229357,9.174311926605505
E00077562,134,48,16,32,86,72,14,35.82089552238806,11.940298507462686,23.88059701492537,64.17910447761194,53.73134328358209,10.44776119402985
E00077563,118,42,14,28,76,65,11,35.59322033898305,11.864406779661017,23.728813559322035,64.40677966101694,55.08474576271186,9.322033898305085
E00077564,122,37,10,27,85,75,10,30.327868852459016,8.19672131147541,22.131147540983605,69.67213114754098,61.47540983606557,8.19672131147541
E00077565,91,38,10,28,53,46,7,41.75824175824176,10.989010989010989,30.76923076923077,58.24175824175825,50.54945054945055,7.6923076923076925
E00077566,126,42,9,33,84,77,7,33.33333333333333,7.142857142857142,26.190476190476193,66.66666666666666,61.111111111111114,5.555555555555555
E00077567,140,45,9,36,95,88,7,32.142857142857146,6.428571428571428,25.71428571428571,67.85714285714286,62.857142857142854,5
E00077568,190,74,19,55,116,107,9,38.94736842105263,10,28.947368421052634,61.05263157894737,56.315789473684205,4.736842105263158
E00077569,99,27,8,19,72,62,10,27.27272727272727,8.080808080808081,19.19191919191919,72.72727272727273,62.62626262626263,10.1010101010101
E00077570,119,32,15,17,87,77,10,26.89075630252101,12.605042016806722,14.285714285714285,73.10924369747899,64.70588235294117,8.403361344537815
E00077571,92,28,11,17,64,55,9,30.434782608695656,11.956521739130435,18.478260869565215,69.56521739130434,59.78260869565217,9.782608695652174
E00077572,155,41,10,31,114,93,21,26.451612903225808,6.451612903225806,20,73.54838709677419,60,13.548387096774196
E00077573,210,46,20,26,164,139,25,21.904761904761905,9.523809523809524,12.380952380952381,78.0952380952381,66.19047619047619,11.904761904761903
E00077574,243,71,31,40,172,141,31,29.218106995884774,12.757201646090536,16.46090534979424,70.78189300411523,58.0246913580247,12.757201646090536
E00077575,179,74,32,42,105,94,11,41.340782122905026,17.877094972067038,23.463687150837988,58.659217877094974,52.513966480446925,6.145251396648044
E00077576,145,26,6,20,119,100,19,17.93103448275862,4.137931034482759,13.793103448275861,82.06896551724138,68.96551724137932,13.10344827586207
E00077577,155,39,15,24,116,97,19,25.161290322580644,9.67741935483871,15.483870967741936,74.83870967741936,62.58064516129033,12.258064516129032
E00077578,137,32,11,21,105,92,13,23.357664233576642,8.02919708029197,15.328467153284672,76.64233576642336,67.15328467153284,9.48905109489051
E00077579,150,40,21,19,110,99,11,26.666666666666668,14.000000000000002,12.666666666666668,73.33333333333333,66,7.333333333333333
E00077580,218,53,27,26,165,142,23,24.31192660550459,12.385321100917432,11.926605504587156,75.68807339449542,65.13761467889908,10.550458715596331
E00077581,120,29,7,22,91,77,14,24.166666666666668,5.833333333333333,18.333333333333332,75.83333333333333,64.16666666666667,11.666666666666666
E00077582,149,52,26,26,97,79,18,34.899328859060404,17.449664429530202,17.449664429530202,65.1006711409396,53.02013422818792,12.080536912751679
E00077583,156,64,27,37,92,83,9,41.02564102564102,17.307692307692307,23.717948717948715,58.97435897435898,53.205128205128204,5.769230769230769
E00077584,172,60,23,37,112,97,15,34.883720930232556,13.372093023255813,21.511627906976745,65.11627906976744,56.395348837209305,8.720930232558139
E00077585,149,55,27,28,94,74,20,36.91275167785235,18.120805369127517,18.79194630872483,63.08724832214765,49.664429530201346,13.422818791946309
E00077586,116,53,22,31,63,55,8,45.689655172413794,18.96551724137931,26.72413793103448,54.310344827586206,47.41379310344828,6.896551724137931
E00077587,134,48,11,37,86,75,11,35.82089552238806,8.208955223880597,27.611940298507463,64.17910447761194,55.970149253731336,8.208955223880597
E00077588,158,51,21,30,107,86,21,32.278481012658226,13.291139240506327,18.9873417721519,67.72151898734177,54.43037974683544,13.291139240506327
E00077589,169,74,34,40,95,77,18,43.786982248520715,20.118343195266274,23.668639053254438,56.213017751479285,45.562130177514796,10.650887573964498
E00077590,175,77,36,41,98,75,23,44,20.57142857142857,23.42857142857143,56.00000000000001,42.857142857142854,13.142857142857142
E00077591,161,64,35,29,97,70,27,39.75155279503105,21.73913043478261,18.012422360248447,60.24844720496895,43.47826086956522,16.77018633540373
E00077592,145,42,14,28,103,90,13,28.965517241379313,9.655172413793103,19.310344827586206,71.03448275862068,62.06896551724138,8.96551724137931
E00077593,148,59,29,30,89,76,13,39.86486486486486,19.594594594594593,20.27027027027027,60.13513513513513,51.35135135135135,8.783783783783784
E00077594,174,49,27,22,125,103,22,28.160919540229884,15.517241379310345,12.643678160919542,71.83908045977012,59.195402298850574,12.643678160919542
E00077595,109,43,17,26,66,60,6,39.44954128440367,15.59633027522936,23.853211009174313,60.550458715596335,55.04587155963303,5.5045871559633035
E00077596,199,58,18,40,141,122,19,29.145728643216078,9.045226130653267,20.100502512562816,70.85427135678391,61.30653266331658,9.547738693467336
E00077597,132,38,14,24,94,73,21,28.78787878787879,10.606060606060606,18.181818181818183,71.21212121212122,55.3030303030303,15.909090909090908
E00077598,220,57,21,36,163,128,35,25.90909090909091,9.545454545454547,16.363636363636363,74.0909090909091,58.18181818181818,15.909090909090908
E00077599,154,51,22,29,103,79,24,33.116883116883116,14.285714285714285,18.83116883116883,66.88311688311688,51.298701298701296,15.584415584415584
E00077600,165,45,17,28,120,101,19,27.27272727272727,10.303030303030303,16.969696969696972,72.72727272727273,61.212121212121204,11.515151515151516
E00077601,158,39,10,29,119,104,15,24.68354430379747,6.329113924050633,18.354430379746837,75.31645569620254,65.82278481012658,9.49367088607595
E00077602,137,47,13,34,90,78,12,34.306569343065696,9.48905109489051,24.817518248175183,65.69343065693431,56.934306569343065,8.75912408759124
E00077603,170,57,19,38,113,95,18,33.52941176470588,11.176470588235295,22.35294117647059,66.47058823529412,55.88235294117647,10.588235294117647
E00077604,161,62,24,38,99,92,7,38.50931677018634,14.906832298136646,23.60248447204969,61.49068322981367,57.14285714285714,4.3478260869565215
E00077605,151,63,19,44,88,78,10,41.72185430463576,12.582781456953644,29.13907284768212,58.27814569536424,51.65562913907284,6.622516556291391
E00077606,159,60,22,38,99,86,13,37.735849056603776,13.836477987421384,23.89937106918239,62.264150943396224,54.088050314465406,8.176100628930817
E00077607,183,69,22,47,114,87,27,37.704918032786885,12.021857923497267,25.683060109289617,62.295081967213115,47.540983606557376,14.754098360655737
E00077608,165,62,20,42,103,91,12,37.57575757575757,12.121212121212121,25.454545454545453,62.42424242424243,55.15151515151515,7.2727272727272725
E00077609,122,48,13,35,74,65,9,39.34426229508197,10.655737704918032,28.688524590163933,60.65573770491803,53.278688524590166,7.377049180327869
E00077610,137,49,12,37,88,72,16,35.76642335766424,8.75912408759124,27.00729927007299,64.23357664233576,52.55474452554745,11.678832116788321
E00077611,163,62,20,42,101,84,17,38.036809815950924,12.269938650306749,25.766871165644172,61.963190184049076,51.533742331288344,10.429447852760736
E00077612,149,46,9,37,103,85,18,30.87248322147651,6.0402684563758395,24.832214765100673,69.12751677852349,57.04697986577181,12.080536912751679
E00077613,198,59,10,49,139,118,21,29.797979797979796,5.05050505050505,24.747474747474747,70.2020202020202,59.59595959595959,10.606060606060606
E00077614,146,44,15,29,102,93,9,30.136986301369863,10.273972602739725,19.863013698630137,69.86301369863014,63.6986301369863,6.164383561643835
E00077615,139,51,17,34,88,74,14,36.69064748201439,12.23021582733813,24.46043165467626,63.30935251798561,53.23741007194245,10.071942446043165
E00077616,183,61,18,43,122,109,13,33.33333333333333,9.836065573770492,23.497267759562842,66.66666666666666,59.56284153005464,7.103825136612022
E00077617,175,53,14,39,122,107,15,30.28571428571429,8,22.285714285714285,69.71428571428572,61.142857142857146,8.571428571428571
E00077618,150,52,18,34,98,81,17,34.66666666666667,12,22.666666666666664,65.33333333333333,54,11.333333333333332
E00077619,131,33,9,24,98,85,13,25.190839694656486,6.870229007633588,18.3206106870229,74.80916030534351,64.8854961832061,9.923664122137405
E00077620,198,75,26,49,123,107,16,37.878787878787875,13.131313131313133,24.747474747474747,62.121212121212125,54.04040404040404,8.080808080808081
E00077621,178,57,14,43,121,113,8,32.02247191011236,7.865168539325842,24.15730337078652,67.97752808988764,63.48314606741573,4.49438202247191
E00077622,80,24,8,16,56,44,12,30,10,20,70,55.00000000000001,15
E00077623,263,75,27,48,188,171,17,28.517110266159694,10.26615969581749,18.250950570342205,71.48288973384031,65.0190114068441,6.4638783269961975
E00077624,173,57,16,41,116,105,11,32.947976878612714,9.248554913294797,23.699421965317917,67.05202312138728,60.69364161849711,6.358381502890173
E00077625,148,49,18,31,99,86,13,33.108108108108105,12.162162162162163,20.945945945945947,66.8918918918919,58.108108108108105,8.783783783783784
E00077626,132,52,25,27,80,66,14,39.39393939393939,18.939393939393938,20.454545454545457,60.60606060606061,50,10.606060606060606
E00077627,109,48,17,31,61,44,17,44.03669724770643,15.59633027522936,28.440366972477065,55.96330275229357,40.36697247706422,15.59633027522936
E00077628,137,46,15,31,91,83,8,33.57664233576642,10.948905109489052,22.62773722627737,66.42335766423358,60.58394160583942,5.839416058394161
E00077629,134,53,18,35,81,74,7,39.55223880597015,13.432835820895523,26.119402985074625,60.447761194029844,55.223880597014926,5.223880597014925
E00077630,225,82,35,47,143,125,18,36.44444444444444,15.555555555555555,20.88888888888889,63.55555555555556,55.55555555555556,8
E00077631,115,43,10,33,72,69,3,37.391304347826086,8.695652173913043,28.695652173913043,62.60869565217392,60,2.608695652173913
E00077632,167,58,19,39,109,95,14,34.73053892215569,11.377245508982035,23.353293413173652,65.26946107784431,56.886227544910184,8.383233532934131
E00077633,73,28,9,19,45,39,6,38.35616438356164,12.32876712328767,26.027397260273972,61.64383561643836,53.42465753424658,8.21917808219178
E00077634,173,69,27,42,104,94,10,39.884393063583815,15.606936416184972,24.277456647398843,60.115606936416185,54.33526011560693,5.780346820809249
E00077635,119,36,9,27,83,74,9,30.252100840336134,7.563025210084033,22.689075630252102,69.74789915966386,62.18487394957983,7.563025210084033
E00077636,204,70,39,31,134,120,14,34.31372549019608,19.11764705882353,15.196078431372548,65.68627450980392,58.82352941176471,6.862745098039216
E00077637,129,54,19,35,75,64,11,41.86046511627907,14.728682170542637,27.131782945736433,58.139534883720934,49.6124031007752,8.527131782945736
E00077638,161,59,20,39,102,88,14,36.64596273291926,12.422360248447205,24.22360248447205,63.35403726708074,54.6583850931677,8.695652173913043
E00077639,97,41,12,29,56,53,3,42.2680412371134,12.371134020618557,29.896907216494846,57.73195876288659,54.63917525773196,3.0927835051546393
E00077640,162,53,24,29,109,96,13,32.71604938271605,14.814814814814813,17.901234567901234,67.28395061728395,59.25925925925925,8.024691358024691
E00077641,134,50,24,26,84,76,8,37.3134328358209,17.91044776119403,19.402985074626866,62.68656716417911,56.71641791044776,5.970149253731343
E00077642,136,36,10,26,100,90,10,26.47058823529412,7.352941176470589,19.11764705882353,73.52941176470588,66.17647058823529,7.352941176470589
E00077643,139,49,18,31,90,78,12,35.25179856115108,12.949640287769784,22.302158273381295,64.74820143884892,56.11510791366906,8.633093525179856
E00077644,130,51,17,34,79,72,7,39.23076923076923,13.076923076923078,26.153846153846157,60.76923076923077,55.38461538461539,5.384615384615385
E00077645,192,70,35,35,122,104,18,36.45833333333333,18.229166666666664,18.229166666666664,63.541666666666664,54.166666666666664,9.375
E00077646,198,44,8,36,154,133,21,22.22222222222222,4.040404040404041,18.181818181818183,77.77777777777779,67.17171717171718,10.606060606060606
E00077647,199,64,17,47,135,116,19,32.1608040201005,8.542713567839195,23.618090452261306,67.8391959798995,58.291457286432156,9.547738693467336
E00077648,133,56,23,33,77,67,10,42.10526315789473,17.293233082706767,24.81203007518797,57.89473684210527,50.37593984962406,7.518796992481203
E00077649,167,59,15,44,108,93,15,35.32934131736527,8.982035928143713,26.34730538922156,64.67065868263472,55.688622754491014,8.982035928143713
E00077650,159,65,22,43,94,84,10,40.88050314465409,13.836477987421384,27.044025157232703,59.11949685534591,52.83018867924528,6.289308176100629
E00077651,200,70,25,45,130,115,15,35,12.5,22.5,65,57.49999999999999,7.5
E00077652,147,52,23,29,95,85,10,35.374149659863946,15.646258503401361,19.727891156462583,64.62585034013605,57.82312925170068,6.802721088435375
E00077653,184,70,28,42,114,95,19,38.04347826086957,15.217391304347828,22.82608695652174,61.95652173913043,51.63043478260869,10.326086956521738
E00077654,140,66,27,39,74,63,11,47.14285714285714,19.28571428571429,27.857142857142858,52.85714285714286,45,7.857142857142857
E00077655,194,84,39,45,110,83,27,43.29896907216495,20.103092783505154,23.195876288659793,56.70103092783505,42.78350515463917,13.917525773195877
E00077656,139,58,38,20,81,71,10,41.726618705035975,27.33812949640288,14.388489208633093,58.27338129496403,51.07913669064749,7.1942446043165464
E00077657,98,28,14,14,70,60,10,28.57142857142857,14.285714285714285,14.285714285714285,71.42857142857143,61.224489795918366,10.204081632653061
E00077658,151,46,23,23,105,92,13,30.4635761589404,15.2317880794702,15.2317880794702,69.5364238410596,60.9271523178808,8.609271523178808
E00077659,145,50,15,35,95,86,9,34.48275862068966,10.344827586206897,24.137931034482758,65.51724137931035,59.310344827586206,6.206896551724138
E00077660,100,38,19,19,62,52,10,38,19,19,62,52,10
E00077662,104,48,16,32,56,54,2,46.15384615384615,15.384615384615385,30.76923076923077,53.84615384615385,51.92307692307693,1.9230769230769231
E00077663,167,65,21,44,102,87,15,38.92215568862276,12.574850299401197,26.34730538922156,61.07784431137725,52.09580838323353,8.982035928143713
E00077664,169,52,23,29,117,104,13,30.76923076923077,13.609467455621301,17.159763313609467,69.23076923076923,61.53846153846154,7.6923076923076925
E00077665,188,53,22,31,135,115,20,28.191489361702125,11.702127659574469,16.48936170212766,71.80851063829788,61.170212765957444,10.638297872340425
E00077666,153,53,14,39,100,84,16,34.64052287581699,9.15032679738562,25.49019607843137,65.359477124183,54.90196078431373,10.457516339869281
E00077667,155,60,19,41,95,77,18,38.70967741935484,12.258064516129032,26.451612903225808,61.29032258064516,49.67741935483871,11.612903225806452
E00077668,199,68,22,46,131,113,18,34.17085427135678,11.055276381909549,23.115577889447238,65.82914572864321,56.78391959798995,9.045226130653267
E00077669,163,45,23,22,118,104,14,27.607361963190186,14.11042944785276,13.496932515337424,72.39263803680981,63.80368098159509,8.588957055214724
E00077670,74,24,8,16,50,42,8,32.432432432432435,10.81081081081081,21.62162162162162,67.56756756756756,56.75675675675676,10.81081081081081
E00077671,76,23,9,14,53,43,10,30.263157894736842,11.842105263157894,18.421052631578945,69.73684210526315,56.57894736842105,13.157894736842104
E00077672,209,67,28,39,142,111,31,32.057416267942585,13.397129186602871,18.660287081339714,67.94258373205741,53.110047846889955,14.832535885167463
E00077673,146,56,23,33,90,80,10,38.35616438356164,15.753424657534246,22.602739726027394,61.64383561643836,54.794520547945204,6.8493150684931505
E00077674,155,50,12,38,105,91,14,32.25806451612903,7.741935483870968,24.516129032258064,67.74193548387096,58.70967741935483,9.032258064516128
E00077675,219,78,27,51,141,128,13,35.61643835616438,12.32876712328767,23.28767123287671,64.38356164383562,58.44748858447488,5.93607305936073
E00077676,165,60,21,39,105,86,19,36.36363636363637,12.727272727272727,23.636363636363637,63.63636363636363,52.121212121212125,11.515151515151516
E00077677,179,60,27,33,119,102,17,33.5195530726257,15.083798882681565,18.435754189944134,66.4804469273743,56.98324022346368,9.497206703910614
E00077678,154,46,16,30,108,97,11,29.87012987012987,10.38961038961039,19.480519480519483,70.12987012987013,62.98701298701299,7.142857142857142
E00077679,171,55,18,37,116,99,17,32.16374269005848,10.526315789473683,21.637426900584796,67.83625730994152,57.89473684210527,9.941520467836257
E00077680,173,62,15,47,111,89,22,35.83815028901734,8.670520231213873,27.167630057803464,64.16184971098265,51.445086705202314,12.716763005780345
E00077681,193,66,19,47,127,95,32,34.196891191709845,9.844559585492227,24.352331606217618,65.80310880829016,49.22279792746114,16.580310880829018
E00077682,169,50,18,32,119,101,18,29.585798816568047,10.650887573964498,18.93491124260355,70.41420118343196,59.76331360946746,10.650887573964498
E00077683,220,75,23,52,145,131,14,34.090909090909086,10.454545454545453,23.636363636363637,65.9090909090909,59.54545454545455,6.363636363636363
E00077684,163,65,25,40,98,82,16,39.87730061349693,15.337423312883436,24.539877300613497,60.122699386503065,50.306748466257666,9.815950920245399
E00077685,171,50,18,32,121,94,27,29.239766081871345,10.526315789473683,18.71345029239766,70.76023391812866,54.97076023391813,15.789473684210526
E00077686,183,59,22,37,124,109,15,32.240437158469945,12.021857923497267,20.21857923497268,67.75956284153006,59.56284153005464,8.19672131147541
E00077687,153,55,20,35,98,79,19,35.947712418300654,13.071895424836603,22.875816993464053,64.05228758169935,51.633986928104584,12.418300653594772
E00077688,136,47,23,24,89,71,18,34.55882352941176,16.911764705882355,17.647058823529413,65.44117647058823,52.20588235294118,13.23529411764706
E00077689,166,46,20,26,120,101,19,27.710843373493976,12.048192771084338,15.66265060240964,72.28915662650603,60.8433734939759,11.44578313253012
E00077690,99,24,8,16,75,65,10,24.242424242424242,8.080808080808081,16.161616161616163,75.75757575757575,65.65656565656566,10.1010101010101
E00077691,160,32,17,15,128,108,20,20,10.625,9.375,80,67.5,12.5
E00077692,95,31,15,16,64,56,8,32.631578947368425,15.789473684210526,16.842105263157894,67.36842105263158,58.94736842105262,8.421052631578947
E00077693,231,60,24,36,171,142,29,25.97402597402597,10.38961038961039,15.584415584415584,74.02597402597402,61.471861471861466,12.554112554112553
E00077694,176,35,15,20,141,116,25,19.886363636363637,8.522727272727272,11.363636363636363,80.11363636363636,65.9090909090909,14.204545454545455
E00077695,152,35,9,26,117,101,16,23.026315789473685,5.921052631578947,17.105263157894736,76.97368421052632,66.44736842105263,10.526315789473683
E00077696,155,46,12,34,109,93,16,29.677419354838708,7.741935483870968,21.935483870967744,70.3225806451613,60,10.32258064516129
E00077697,79,26,8,18,53,48,5,32.91139240506329,10.126582278481013,22.78481012658228,67.08860759493672,60.75949367088608,6.329113924050633
E00077698,79,22,9,13,57,47,10,27.848101265822784,11.39240506329114,16.455696202531644,72.15189873417721,59.49367088607595,12.658227848101266
E00077699,347,82,41,41,265,231,34,23.631123919308358,11.815561959654179,11.815561959654179,76.36887608069163,66.57060518731988,9.798270893371757
E00077700,66,22,12,10,44,37,7,33.33333333333333,18.181818181818183,15.151515151515152,66.66666666666666,56.060606060606055,10.606060606060606
E00077701,148,44,14,30,104,85,19,29.72972972972973,9.45945945945946,20.27027027027027,70.27027027027027,57.432432432432435,12.837837837837837
E00077702,75,19,10,9,56,49,7,25.333333333333336,13.333333333333334,12,74.66666666666667,65.33333333333333,9.333333333333334
E00077703,175,34,18,16,141,121,20,19.428571428571427,10.285714285714285,9.142857142857142,80.57142857142857,69.14285714285714,11.428571428571429
E00077704,111,28,13,15,83,67,16,25.225225225225223,11.711711711711711,13.513513513513514,74.77477477477478,60.36036036036037,14.414414414414415
E00077705,101,28,8,20,73,59,14,27.722772277227726,7.920792079207921,19.801980198019802,72.27722772277228,58.415841584158414,13.861386138613863
E00077706,99,26,9,17,73,64,9,26.262626262626267,9.090909090909092,17.17171717171717,73.73737373737373,64.64646464646465,9.090909090909092
E00077707,141,36,15,21,105,89,16,25.53191489361702,10.638297872340425,14.893617021276595,74.46808510638297,63.12056737588653,11.347517730496454
E00077708,250,64,33,31,186,152,34,25.6,13.200000000000001,12.4,74.4,60.8,13.600000000000001
E00077709,67,14,3,11,53,47,6,20.8955223880597,4.477611940298507,16.417910447761194,79.1044776119403,70.1492537313433,8.955223880597014
E00077710,112,30,10,20,82,69,13,26.785714285714285,8.928571428571429,17.857142857142858,73.21428571428571,61.60714285714286,11.607142857142858
E00077711,32,8,1,7,24,21,3,25,3.125,21.875,75,65.625,9.375
E00077712,124,38,14,24,86,73,13,30.64516129032258,11.29032258064516,19.35483870967742,69.35483870967742,58.87096774193549,10.483870967741936
E00077713,50,14,5,9,36,33,3,28.000000000000004,10,18,72,66,6
E00077714,171,34,13,21,137,122,15,19.883040935672515,7.602339181286549,12.280701754385964,80.11695906432749,71.34502923976608,8.771929824561402
E00077715,83,25,4,21,58,51,7,30.120481927710845,4.819277108433735,25.301204819277107,69.87951807228916,61.44578313253012,8.433734939759036
E00077716,95,28,13,15,67,52,15,29.47368421052631,13.684210526315791,15.789473684210526,70.52631578947368,54.736842105263165,15.789473684210526
E00077717,148,35,6,29,113,101,12,23.64864864864865,4.054054054054054,19.594594594594593,76.35135135135135,68.24324324324324,8.108108108108109
E00077719,165,47,21,26,118,104,14,28.484848484848484,12.727272727272727,15.757575757575756,71.51515151515152,63.030303030303024,8.484848484848486
E00077720,137,33,8,25,104,86,18,24.087591240875913,5.839416058394161,18.248175182481752,75.91240875912408,62.77372262773723,13.138686131386862
E00077721,96,32,11,21,64,58,6,33.33333333333333,11.458333333333332,21.875,66.66666666666666,60.416666666666664,6.25
E00077722,166,28,6,22,138,116,22,16.867469879518072,3.614457831325301,13.253012048192772,83.13253012048193,69.87951807228916,13.253012048192772
E00077723,118,23,6,17,95,80,15,19.491525423728813,5.084745762711865,14.40677966101695,80.50847457627118,67.79661016949152,12.711864406779661
E00077725,112,32,11,21,80,70,10,28.57142857142857,9.821428571428571,18.75,71.42857142857143,62.5,8.928571428571429
E00077726,93,29,18,11,64,49,15,31.182795698924732,19.35483870967742,11.827956989247312,68.81720430107528,52.68817204301075,16.129032258064516
E00077727,295,108,41,67,187,165,22,36.610169491525426,13.898305084745763,22.71186440677966,63.389830508474574,55.932203389830505,7.457627118644068
E00077728,158,56,19,37,102,92,10,35.44303797468354,12.025316455696203,23.417721518987342,64.55696202531645,58.22784810126582,6.329113924050633
E00077729,185,88,36,52,97,85,12,47.56756756756757,19.45945945945946,28.10810810810811,52.43243243243243,45.94594594594595,6.486486486486487
E00077730,221,96,42,54,125,109,16,43.43891402714932,19.004524886877828,24.43438914027149,56.56108597285068,49.321266968325794,7.239819004524888
E00077731,193,68,19,49,125,115,10,35.233160621761655,9.844559585492227,25.38860103626943,64.76683937823834,59.58549222797927,5.181347150259067
E00077732,138,58,32,26,80,73,7,42.028985507246375,23.18840579710145,18.84057971014493,57.971014492753625,52.89855072463768,5.072463768115942
E00077733,164,84,46,38,80,68,12,51.21951219512195,28.04878048780488,23.170731707317074,48.78048780487805,41.46341463414634,7.317073170731707
E00077734,183,64,31,33,119,103,16,34.97267759562842,16.939890710382514,18.0327868852459,65.02732240437157,56.284153005464475,8.743169398907105
E00077735,178,76,34,42,102,89,13,42.69662921348314,19.101123595505616,23.595505617977526,57.30337078651685,50,7.303370786516854
E00077736,176,61,30,31,115,100,15,34.659090909090914,17.045454545454543,17.613636363636363,65.3409090909091,56.81818181818182,8.522727272727272
E00077737,105,44,12,32,61,49,12,41.904761904761905,11.428571428571429,30.476190476190478,58.0952380952381,46.666666666666664,11.428571428571429
E00077738,199,62,22,40,137,112,25,31.155778894472363,11.055276381909549,20.100502512562816,68.84422110552764,56.28140703517588,12.562814070351758
E00077739,140,46,12,34,94,83,11,32.857142857142854,8.571428571428571,24.285714285714285,67.14285714285714,59.285714285714285,7.857142857142857
E00077740,143,46,16,30,97,81,16,32.16783216783217,11.188811188811188,20.97902097902098,67.83216783216784,56.64335664335665,11.188811188811188
E00077741,179,52,22,30,127,113,14,29.05027932960894,12.290502793296088,16.75977653631285,70.94972067039106,63.128491620111724,7.82122905027933
E00077743,229,93,48,45,136,121,15,40.61135371179039,20.96069868995633,19.65065502183406,59.388646288209614,52.838427947598255,6.550218340611353
E00077744,167,56,17,39,111,99,12,33.532934131736525,10.179640718562874,23.353293413173652,66.46706586826348,59.281437125748504,7.18562874251497
E00077745,153,54,24,30,99,91,8,35.294117647058826,15.686274509803921,19.607843137254903,64.70588235294117,59.47712418300654,5.228758169934641
E00077746,149,50,24,26,99,88,11,33.557046979865774,16.10738255033557,17.449664429530202,66.44295302013423,59.06040268456376,7.38255033557047
E00077747,168,73,34,39,95,83,12,43.452380952380956,20.238095238095237,23.214285714285715,56.547619047619044,49.404761904761905,7.142857142857142
E00077748,148,55,30,25,93,82,11,37.16216216216216,20.27027027027027,16.89189189189189,62.83783783783784,55.4054054054054,7.4324324324324325
E00077749,174,45,17,28,129,120,9,25.862068965517242,9.770114942528735,16.091954022988507,74.13793103448276,68.96551724137932,5.172413793103448
E00077750,184,63,27,36,121,113,8,34.23913043478261,14.673913043478262,19.565217391304348,65.76086956521739,61.41304347826087,4.3478260869565215
E00077751,169,62,20,42,107,100,7,36.68639053254438,11.834319526627219,24.85207100591716,63.31360946745562,59.171597633136095,4.142011834319527
E00077752,200,83,41,42,117,110,7,41.5,20.5,21,58.5,55.00000000000001,3.5000000000000004
E00077753,173,101,51,50,72,66,6,58.38150289017341,29.47976878612717,28.901734104046245,41.61849710982659,38.15028901734104,3.4682080924855487
E00077754,167,79,36,43,88,79,9,47.30538922155689,21.55688622754491,25.748502994011975,52.69461077844312,47.30538922155689,5.389221556886228
E00077755,186,63,24,39,123,107,16,33.87096774193548,12.903225806451612,20.967741935483872,66.12903225806451,57.52688172043011,8.60215053763441
E00077756,204,80,29,51,124,112,12,39.21568627450981,14.215686274509803,25,60.78431372549019,54.90196078431373,5.88235294117647
E00077757,173,65,26,39,108,97,11,37.57225433526011,15.028901734104046,22.54335260115607,62.42774566473989,56.06936416184971,6.358381502890173
E00077758,150,65,25,40,85,73,12,43.333333333333336,16.666666666666664,26.666666666666668,56.666666666666664,48.66666666666667,8
E00077759,134,49,14,35,85,76,9,36.56716417910448,10.44776119402985,26.119402985074625,63.43283582089553,56.71641791044776,6.7164179104477615
E00077760,201,67,25,42,134,112,22,33.33333333333333,12.437810945273633,20.8955223880597,66.66666666666666,55.72139303482587,10.945273631840797
E00077761,115,32,6,26,83,68,15,27.82608695652174,5.217391304347826,22.608695652173914,72.17391304347827,59.130434782608695,13.043478260869565
E00077762,134,43,11,32,91,80,11,32.08955223880597,8.208955223880597,23.88059701492537,67.91044776119402,59.70149253731343,8.208955223880597
E00077763,131,40,20,20,91,77,14,30.53435114503817,15.267175572519085,15.267175572519085,69.46564885496184,58.778625954198475,10.687022900763358
E00077764,180,62,23,39,118,98,20,34.44444444444444,12.777777777777777,21.666666666666668,65.55555555555556,54.44444444444444,11.11111111111111
E00077765,183,54,16,38,129,100,29,29.508196721311474,8.743169398907105,20.76502732240437,70.49180327868852,54.644808743169406,15.846994535519126
E00077766,137,41,17,24,96,89,7,29.927007299270077,12.408759124087592,17.51824817518248,70.07299270072993,64.96350364963503,5.109489051094891
E00077767,152,43,13,30,109,100,9,28.289473684210524,8.552631578947368,19.736842105263158,71.71052631578947,65.78947368421053,5.921052631578947
E00077768,91,34,11,23,57,52,5,37.362637362637365,12.087912087912088,25.274725274725274,62.637362637362635,57.14285714285714,5.4945054945054945
E00077769,186,58,16,42,128,112,16,31.182795698924732,8.60215053763441,22.58064516129032,68.81720430107528,60.215053763440864,8.60215053763441
E00077770,157,38,9,29,119,101,18,24.203821656050955,5.7324840764331215,18.471337579617835,75.79617834394905,64.3312101910828,11.464968152866243
E00077771,165,46,16,30,119,107,12,27.878787878787882,9.696969696969697,18.181818181818183,72.12121212121212,64.84848484848484,7.2727272727272725
E00077772,172,57,10,47,115,101,14,33.13953488372093,5.813953488372093,27.325581395348834,66.86046511627907,58.720930232558146,8.13953488372093
E00077773,176,66,26,40,110,100,10,37.5,14.772727272727273,22.727272727272727,62.5,56.81818181818182,5.681818181818182
E00077774,192,61,18,43,131,116,15,31.770833333333332,9.375,22.395833333333336,68.22916666666666,60.416666666666664,7.8125
E00077775,95,35,8,27,60,53,7,36.84210526315789,8.421052631578947,28.421052631578945,63.1578947368421,55.78947368421052,7.368421052631578
E00077776,152,52,10,42,100,89,11,34.21052631578947,6.578947368421052,27.631578947368425,65.78947368421053,58.55263157894737,7.236842105263158
E00077777,182,65,21,44,117,97,20,35.714285714285715,11.538461538461538,24.175824175824175,64.28571428571429,53.2967032967033,10.989010989010989
E00077778,187,72,27,45,115,101,14,38.50267379679144,14.43850267379679,24.06417112299465,61.49732620320856,54.01069518716578,7.4866310160427805
E00077779,146,54,19,35,92,81,11,36.986301369863014,13.013698630136986,23.972602739726025,63.013698630136986,55.47945205479452,7.534246575342466
E00077780,148,50,20,30,98,87,11,33.78378378378378,13.513513513513514,20.27027027027027,66.21621621621621,58.78378378378378,7.4324324324324325
E00077781,170,50,19,31,120,103,17,29.411764705882355,11.176470588235295,18.235294117647058,70.58823529411765,60.588235294117645,10
E00077782,54,18,5,13,36,31,5,33.33333333333333,9.25925925925926,24.074074074074073,66.66666666666666,57.407407407407405,9.25925925925926
E00077783,189,49,25,24,140,118,22,25.925925925925924,13.227513227513226,12.698412698412698,74.07407407407408,62.43386243386243,11.64021164021164
E00077784,163,55,23,32,108,97,11,33.74233128834356,14.11042944785276,19.631901840490798,66.25766871165644,59.50920245398773,6.748466257668712
E00077785,128,47,18,29,81,69,12,36.71875,14.0625,22.65625,63.28125,53.90625,9.375
E00077786,161,55,21,34,106,87,19,34.161490683229815,13.043478260869565,21.11801242236025,65.83850931677019,54.037267080745345,11.801242236024844
E00077787,110,38,17,21,72,59,13,34.54545454545455,15.454545454545453,19.090909090909093,65.45454545454545,53.63636363636364,11.818181818181818
E00077788,105,28,9,19,77,64,13,26.666666666666668,8.571428571428571,18.095238095238095,73.33333333333333,60.952380952380956,12.380952380952381
E00077789,166,66,16,50,100,84,16,39.75903614457831,9.63855421686747,30.120481927710845,60.24096385542169,50.602409638554214,9.63855421686747
E00077790,126,52,20,32,74,65,9,41.269841269841265,15.873015873015872,25.396825396825395,58.730158730158735,51.587301587301596,7.142857142857142
E00077791,131,41,7,34,90,83,7,31.297709923664126,5.343511450381679,25.954198473282442,68.70229007633588,63.358778625954194,5.343511450381679
E00077792,137,45,14,31,92,83,9,32.846715328467155,10.218978102189782,22.62773722627737,67.15328467153284,60.58394160583942,6.569343065693431
E00077793,178,59,22,37,119,98,21,33.146067415730336,12.359550561797752,20.786516853932586,66.85393258426966,55.0561797752809,11.797752808988763
E00077794,166,44,16,28,122,105,17,26.506024096385545,9.63855421686747,16.867469879518072,73.49397590361446,63.25301204819277,10.240963855421686
E00077795,146,56,21,35,90,79,11,38.35616438356164,14.383561643835616,23.972602739726025,61.64383561643836,54.109589041095894,7.534246575342466
E00077796,179,54,23,31,125,112,13,30.16759776536313,12.849162011173185,17.318435754189945,69.83240223463687,62.56983240223464,7.262569832402235
E00077797,125,38,11,27,87,73,14,30.4,8.799999999999999,21.6,69.6,58.4,11.200000000000001
E00077798,158,41,15,26,117,106,11,25.949367088607595,9.49367088607595,16.455696202531644,74.0506329113924,67.08860759493672,6.962025316455696
E00077799,184,57,13,44,127,105,22,30.978260869565215,7.065217391304348,23.91304347826087,69.02173913043478,57.065217391304344,11.956521739130435
E00077800,158,39,13,26,119,107,12,24.68354430379747,8.227848101265822,16.455696202531644,75.31645569620254,67.72151898734177,7.59493670886076
E00077801,84,27,8,19,57,52,5,32.142857142857146,9.523809523809524,22.61904761904762,67.85714285714286,61.904761904761905,5.952380952380952
E00077802,99,30,13,17,69,65,4,30.303030303030305,13.131313131313133,17.17171717171717,69.6969696969697,65.65656565656566,4.040404040404041
E00077803,78,31,13,18,47,40,7,39.743589743589745,16.666666666666664,23.076923076923077,60.256410256410255,51.28205128205128,8.974358974358974
E00077804,157,58,25,33,99,80,19,36.94267515923567,15.92356687898089,21.019108280254777,63.05732484076433,50.955414012738856,12.101910828025478
E00077805,139,45,16,29,94,72,22,32.37410071942446,11.510791366906476,20.863309352517987,67.62589928057554,51.798561151079134,15.827338129496402
E00077806,143,40,14,26,103,94,9,27.972027972027973,9.79020979020979,18.181818181818183,72.02797202797203,65.73426573426573,6.293706293706294
E00077807,127,52,25,27,75,63,12,40.94488188976378,19.68503937007874,21.25984251968504,59.055118110236215,49.60629921259843,9.448818897637794
E00077808,182,92,35,57,90,74,16,50.54945054945055,19.230769230769234,31.318681318681318,49.45054945054945,40.65934065934066,8.791208791208792
E00077809,145,50,21,29,95,91,4,34.48275862068966,14.482758620689657,20,65.51724137931035,62.758620689655174,2.7586206896551726
E00077810,245,68,26,42,177,151,26,27.755102040816325,10.612244897959183,17.142857142857142,72.24489795918367,61.63265306122449,10.612244897959183
E00077811,117,43,15,28,74,68,6,36.75213675213676,12.82051282051282,23.931623931623932,63.24786324786324,58.119658119658126,5.128205128205128
E00077812,195,59,29,30,136,122,14,30.256410256410255,14.871794871794872,15.384615384615385,69.74358974358974,62.56410256410256,7.179487179487179
E00077813,97,33,12,21,64,55,9,34.02061855670103,12.371134020618557,21.649484536082475,65.97938144329896,56.70103092783505,9.278350515463918
E00077814,209,60,13,47,149,135,14,28.708133971291865,6.220095693779904,22.48803827751196,71.29186602870813,64.5933014354067,6.698564593301436
E00077815,178,42,15,27,136,127,9,23.595505617977526,8.426966292134832,15.168539325842698,76.40449438202246,71.34831460674157,5.056179775280898
E00077816,165,55,21,34,110,83,27,33.33333333333333,12.727272727272727,20.606060606060606,66.66666666666666,50.303030303030305,16.363636363636363
E00077817,155,54,17,37,101,95,6,34.83870967741935,10.967741935483872,23.870967741935484,65.16129032258064,61.29032258064516,3.870967741935484
E00077818,182,57,21,36,125,111,14,31.318681318681318,11.538461538461538,19.78021978021978,68.68131868131869,60.98901098901099,7.6923076923076925
E00077819,166,42,12,30,124,105,19,25.301204819277107,7.228915662650602,18.072289156626507,74.69879518072288,63.25301204819277,11.44578313253012
E00077820,154,47,17,30,107,94,13,30.519480519480517,11.03896103896104,19.480519480519483,69.48051948051948,61.038961038961034,8.441558441558442
E00077821,179,55,13,42,124,109,15,30.726256983240223,7.262569832402235,23.463687150837988,69.27374301675978,60.893854748603346,8.379888268156424
E00077822,184,53,19,34,131,114,17,28.804347826086957,10.326086956521738,18.478260869565215,71.19565217391305,61.95652173913043,9.239130434782608
E00077823,174,56,21,35,118,106,12,32.18390804597701,12.068965517241379,20.114942528735632,67.81609195402298,60.91954022988506,6.896551724137931
E00077824,106,31,10,21,75,74,1,29.245283018867923,9.433962264150944,19.81132075471698,70.75471698113208,69.81132075471697,0.9433962264150944
E00077825,144,42,16,26,102,86,16,29.166666666666668,11.11111111111111,18.055555555555554,70.83333333333334,59.72222222222222,11.11111111111111
E00077826,198,64,23,41,134,121,13,32.323232323232325,11.616161616161616,20.707070707070706,67.67676767676768,61.111111111111114,6.565656565656567
E00077827,199,57,15,42,142,122,20,28.643216080402013,7.537688442211055,21.105527638190953,71.35678391959799,61.30653266331658,10.050251256281408
E00077828,184,57,10,47,127,113,14,30.978260869565215,5.434782608695652,25.543478260869566,69.02173913043478,61.41304347826087,7.608695652173914
E00077829,186,53,13,40,133,120,13,28.49462365591398,6.989247311827956,21.50537634408602,71.50537634408603,64.51612903225806,6.989247311827956
E00077830,155,44,14,30,111,94,17,28.387096774193548,9.032258064516128,19.35483870967742,71.61290322580646,60.64516129032258,10.967741935483872
E00077831,138,32,10,22,106,92,14,23.18840579710145,7.246376811594203,15.942028985507244,76.81159420289855,66.66666666666666,10.144927536231885
E00077832,180,40,15,25,140,120,20,22.22222222222222,8.333333333333332,13.88888888888889,77.77777777777779,66.66666666666666,11.11111111111111
E00077833,167,52,11,41,115,102,13,31.137724550898206,6.58682634730539,24.550898203592812,68.8622754491018,61.07784431137725,7.784431137724551
E00077834,176,50,14,36,126,115,11,28.40909090909091,7.954545454545454,20.454545454545457,71.5909090909091,65.3409090909091,6.25
E00077835,126,41,13,28,85,71,14,32.53968253968254,10.317460317460316,22.22222222222222,67.46031746031747,56.34920634920635,11.11111111111111
E00077836,194,60,31,29,134,126,8,30.927835051546392,15.979381443298967,14.948453608247423,69.0721649484536,64.94845360824742,4.123711340206185
E00077837,152,47,15,32,105,94,11,30.92105263157895,9.868421052631579,21.052631578947366,69.07894736842105,61.8421052631579,7.236842105263158
E00077838,185,68,27,41,117,95,22,36.75675675675676,14.594594594594595,22.162162162162165,63.24324324324324,51.35135135135135,11.891891891891893
E00077839,169,66,25,41,103,75,28,39.053254437869825,14.792899408284024,24.2603550295858,60.946745562130175,44.37869822485207,16.56804733727811
E00077840,144,54,19,35,90,70,20,37.5,13.194444444444445,24.305555555555554,62.5,48.61111111111111,13.88888888888889
E00077841,141,52,20,32,89,78,11,36.87943262411347,14.184397163120568,22.69503546099291,63.12056737588653,55.319148936170215,7.801418439716312
E00077842,76,24,3,21,52,44,8,31.57894736842105,3.9473684210526314,27.631578947368425,68.42105263157895,57.89473684210527,10.526315789473683
E00077843,136,47,16,31,89,75,14,34.55882352941176,11.76470588235294,22.794117647058822,65.44117647058823,55.14705882352941,10.294117647058822
E00077844,144,55,19,36,89,71,18,38.19444444444444,13.194444444444445,25,61.80555555555556,49.30555555555556,12.5
E00077845,205,82,32,50,123,99,24,40,15.609756097560975,24.390243902439025,60,48.292682926829265,11.707317073170733
E00077846,87,33,13,20,54,42,12,37.93103448275862,14.942528735632186,22.988505747126435,62.06896551724138,48.275862068965516,13.793103448275861
E00077847,157,68,21,47,89,73,16,43.31210191082803,13.375796178343949,29.936305732484076,56.68789808917197,46.496815286624205,10.191082802547772
E00077848,128,43,13,30,85,77,8,33.59375,10.15625,23.4375,66.40625,60.15625,6.25
E00077849,131,45,15,30,86,76,10,34.35114503816794,11.450381679389313,22.900763358778626,65.64885496183206,58.01526717557252,7.633587786259542
E00077850,113,42,16,26,71,58,13,37.16814159292036,14.15929203539823,23.008849557522122,62.83185840707964,51.32743362831859,11.504424778761061
E00077851,134,50,17,33,84,70,14,37.3134328358209,12.686567164179104,24.62686567164179,62.68656716417911,52.23880597014925,10.44776119402985
E00077852,126,45,15,30,81,65,16,35.714285714285715,11.904761904761903,23.809523809523807,64.28571428571429,51.587301587301596,12.698412698412698
E00077853,162,48,18,30,114,98,16,29.629629629629626,11.11111111111111,18.51851851851852,70.37037037037037,60.49382716049383,9.876543209876543
E00077854,152,48,18,30,104,90,14,31.57894736842105,11.842105263157894,19.736842105263158,68.42105263157895,59.210526315789465,9.210526315789473
E00077855,154,58,16,42,96,79,17,37.66233766233766,10.38961038961039,27.27272727272727,62.33766233766234,51.298701298701296,11.03896103896104
E00077856,164,56,20,36,108,87,21,34.146341463414636,12.195121951219512,21.951219512195124,65.85365853658537,53.04878048780488,12.804878048780488
E00077857,243,73,21,52,170,146,24,30.04115226337449,8.641975308641975,21.39917695473251,69.95884773662551,60.08230452674898,9.876543209876543
E00077858,117,43,16,27,74,53,21,36.75213675213676,13.675213675213676,23.076923076923077,63.24786324786324,45.2991452991453,17.94871794871795
E00077859,120,45,20,25,75,61,14,37.5,16.666666666666664,20.833333333333336,62.5,50.83333333333333,11.666666666666666
E00077860,106,39,15,24,67,50,17,36.79245283018868,14.150943396226415,22.641509433962266,63.20754716981132,47.16981132075472,16.037735849056602
E00077861,127,47,19,28,80,68,12,37.00787401574803,14.960629921259844,22.04724409448819,62.99212598425197,53.54330708661418,9.448818897637794
E00077862,140,55,30,25,85,61,24,39.285714285714285,21.428571428571427,17.857142857142858,60.71428571428571,43.57142857142857,17.142857142857142
E00077863,143,60,24,36,83,60,23,41.95804195804196,16.783216783216783,25.174825174825177,58.04195804195804,41.95804195804196,16.083916083916083
E00077864,101,31,9,22,70,62,8,30.693069306930692,8.91089108910891,21.782178217821784,69.3069306930693,61.386138613861384,7.920792079207921
E00077865,115,42,12,30,73,63,10,36.52173913043478,10.434782608695652,26.08695652173913,63.47826086956522,54.78260869565217,8.695652173913043
E00077866,183,70,22,48,113,90,23,38.25136612021858,12.021857923497267,26.229508196721312,61.74863387978142,49.18032786885246,12.568306010928962
E00077867,61,31,10,21,30,22,8,50.81967213114754,16.39344262295082,34.42622950819672,49.18032786885246,36.0655737704918,13.114754098360656
E00077868,172,69,26,43,103,83,20,40.116279069767444,15.11627906976744,25,59.883720930232556,48.25581395348838,11.627906976744185
E00077869,135,44,13,31,91,80,11,32.592592592592595,9.62962962962963,22.962962962962962,67.4074074074074,59.25925925925925,8.148148148148149
E00077870,150,47,19,28,103,85,18,31.333333333333336,12.666666666666668,18.666666666666668,68.66666666666667,56.666666666666664,12
E00077871,98,40,16,24,58,45,13,40.816326530612244,16.3265306122449,24.489795918367346,59.183673469387756,45.91836734693878,13.26530612244898
E00077872,212,50,7,43,162,138,24,23.58490566037736,3.30188679245283,20.28301886792453,76.41509433962264,65.09433962264151,11.320754716981133
E00077873,101,19,5,14,82,67,15,18.81188118811881,4.9504950495049505,13.861386138613863,81.1881188118812,66.33663366336634,14.85148514851485
E00077874,59,12,4,8,47,36,11,20.33898305084746,6.779661016949152,13.559322033898304,79.66101694915254,61.016949152542374,18.64406779661017
E00077875,136,47,18,29,89,69,20,34.55882352941176,13.23529411764706,21.323529411764707,65.44117647058823,50.73529411764706,14.705882352941178
E00077876,88,22,3,19,66,49,17,25,3.4090909090909087,21.59090909090909,75,55.68181818181818,19.318181818181817
E00077877,72,26,7,19,46,37,9,36.11111111111111,9.722222222222223,26.38888888888889,63.888888888888886,51.388888888888886,12.5
E00077878,145,62,32,30,83,53,30,42.758620689655174,22.06896551724138,20.689655172413794,57.24137931034483,36.55172413793103,20.689655172413794
E00077879,77,21,9,12,56,50,6,27.27272727272727,11.688311688311687,15.584415584415584,72.72727272727273,64.93506493506493,7.792207792207792
E00077880,149,53,23,30,96,73,23,35.57046979865772,15.436241610738255,20.13422818791946,64.42953020134227,48.99328859060403,15.436241610738255
E00077881,48,12,5,7,36,30,6,25,10.416666666666668,14.583333333333334,75,62.5,12.5
E00077882,168,42,22,20,126,95,31,25,13.095238095238097,11.904761904761903,75,56.547619047619044,18.452380952380953
E00077883,82,39,18,21,43,26,17,47.5609756097561,21.951219512195124,25.609756097560975,52.4390243902439,31.70731707317073,20.73170731707317
E00077884,159,44,8,36,115,90,25,27.67295597484277,5.031446540880504,22.641509433962266,72.32704402515722,56.60377358490566,15.723270440251572
E00077885,144,41,21,20,103,78,25,28.47222222222222,14.583333333333334,13.88888888888889,71.52777777777779,54.166666666666664,17.36111111111111
E00077886,102,38,19,19,64,42,22,37.254901960784316,18.627450980392158,18.627450980392158,62.745098039215684,41.17647058823529,21.568627450980394
E00077887,35,15,8,7,20,14,6,42.857142857142854,22.857142857142858,20,57.14285714285714,40,17.142857142857142
E00077888,99,35,12,23,64,53,11,35.35353535353536,12.121212121212121,23.232323232323232,64.64646464646465,53.535353535353536,11.11111111111111
E00077889,117,31,15,16,86,68,18,26.495726495726498,12.82051282051282,13.675213675213676,73.50427350427351,58.119658119658126,15.384615384615385
E00077890,68,20,11,9,48,33,15,29.411764705882355,16.176470588235293,13.23529411764706,70.58823529411765,48.529411764705884,22.058823529411764
E00077891,121,44,20,24,77,59,18,36.36363636363637,16.528925619834713,19.834710743801654,63.63636363636363,48.760330578512395,14.87603305785124
E00077892,79,32,18,14,47,30,17,40.50632911392405,22.78481012658228,17.72151898734177,59.49367088607595,37.9746835443038,21.518987341772153
E00077893,75,31,22,9,44,32,12,41.333333333333336,29.333333333333332,12,58.666666666666664,42.66666666666667,16
E00077894,152,57,27,30,95,62,33,37.5,17.763157894736842,19.736842105263158,62.5,40.78947368421053,21.710526315789476
E00077895,108,33,17,16,75,62,13,30.555555555555557,15.74074074074074,14.814814814814813,69.44444444444444,57.407407407407405,12.037037037037036
E00077896,28,7,6,1,21,15,6,25,21.428571428571427,3.571428571428571,75,53.57142857142857,21.428571428571427
E00077897,37,11,3,8,26,19,7,29.72972972972973,8.108108108108109,21.62162162162162,70.27027027027027,51.35135135135135,18.91891891891892
E00077898,62,17,5,12,45,37,8,27.419354838709676,8.064516129032258,19.35483870967742,72.58064516129032,59.67741935483871,12.903225806451612
E00077899,97,31,6,25,66,58,8,31.958762886597935,6.185567010309279,25.773195876288657,68.04123711340206,59.79381443298969,8.24742268041237
E00077900,56,17,5,12,39,31,8,30.357142857142854,8.928571428571429,21.428571428571427,69.64285714285714,55.35714285714286,14.285714285714285
E00077901,67,10,4,6,57,50,7,14.925373134328357,5.970149253731343,8.955223880597014,85.07462686567165,74.6268656716418,10.44776119402985
E00077902,124,40,12,28,84,79,5,32.25806451612903,9.67741935483871,22.58064516129032,67.74193548387096,63.70967741935484,4.032258064516129
E00077903,140,40,15,25,100,86,14,28.57142857142857,10.714285714285714,17.857142857142858,71.42857142857143,61.42857142857143,10
E00077905,153,50,11,39,103,98,5,32.6797385620915,7.18954248366013,25.49019607843137,67.3202614379085,64.05228758169935,3.2679738562091507
E00077906,159,68,22,46,91,81,10,42.76729559748428,13.836477987421384,28.930817610062892,57.23270440251572,50.943396226415096,6.289308176100629
E00077907,159,53,14,39,106,94,12,33.33333333333333,8.80503144654088,24.528301886792452,66.66666666666666,59.11949685534591,7.547169811320755
E00077908,141,38,13,25,103,93,10,26.95035460992908,9.219858156028367,17.73049645390071,73.04964539007092,65.95744680851064,7.092198581560284
E00077909,143,34,14,20,109,94,15,23.776223776223777,9.79020979020979,13.986013986013987,76.22377622377621,65.73426573426573,10.48951048951049
E00077910,149,33,13,20,116,104,12,22.14765100671141,8.724832214765101,13.422818791946309,77.85234899328859,69.79865771812081,8.053691275167784
E00077911,146,39,13,26,107,91,16,26.71232876712329,8.904109589041095,17.80821917808219,73.28767123287672,62.328767123287676,10.95890410958904
E00077912,168,47,19,28,121,106,15,27.976190476190478,11.30952380952381,16.666666666666664,72.02380952380952,63.095238095238095,8.928571428571429
E00077913,190,56,21,35,134,114,20,29.47368421052631,11.052631578947368,18.421052631578945,70.52631578947368,60,10.526315789473683
E00077914,143,37,10,27,106,94,12,25.874125874125873,6.993006993006993,18.88111888111888,74.12587412587412,65.73426573426573,8.391608391608392
E00077915,238,67,20,47,171,154,17,28.15126050420168,8.403361344537815,19.747899159663866,71.84873949579831,64.70588235294117,7.142857142857142
E00077916,154,48,15,33,106,94,12,31.16883116883117,9.740259740259742,21.428571428571427,68.83116883116884,61.038961038961034,7.792207792207792
E00077917,150,48,17,31,102,92,10,32,11.333333333333332,20.666666666666668,68,61.33333333333333,6.666666666666667
E00077918,203,65,22,43,138,119,19,32.01970443349754,10.83743842364532,21.182266009852217,67.98029556650246,58.620689655172406,9.35960591133005
E00077919,166,50,11,39,116,106,10,30.120481927710845,6.626506024096386,23.49397590361446,69.87951807228916,63.85542168674698,6.024096385542169
E00077920,190,67,21,46,123,111,12,35.26315789473684,11.052631578947368,24.210526315789473,64.73684210526316,58.42105263157895,6.315789473684211
E00077921,177,61,20,41,116,104,12,34.463276836158194,11.299435028248588,23.163841807909606,65.5367231638418,58.75706214689266,6.779661016949152
E00077922,120,27,8,19,93,81,12,22.5,6.666666666666667,15.833333333333332,77.5,67.5,10
E00077923,143,44,20,24,99,86,13,30.76923076923077,13.986013986013987,16.783216783216783,69.23076923076923,60.13986013986013,9.090909090909092
E00077924,157,62,21,41,95,82,13,39.490445859872615,13.375796178343949,26.11464968152866,60.509554140127385,52.22929936305732,8.280254777070063
E00077925,150,38,13,25,112,100,12,25.333333333333336,8.666666666666668,16.666666666666664,74.66666666666667,66.66666666666666,8
E00077926,199,70,23,47,129,113,16,35.175879396984925,11.557788944723619,23.618090452261306,64.82412060301507,56.78391959798995,8.040201005025125
E00077927,108,46,21,25,62,50,12,42.592592592592595,19.444444444444446,23.14814814814815,57.407407407407405,46.2962962962963,11.11111111111111
E00077928,151,51,20,31,100,88,12,33.77483443708609,13.245033112582782,20.52980132450331,66.22516556291392,58.27814569536424,7.9470198675496695
E00077929,114,32,17,15,82,79,3,28.07017543859649,14.912280701754385,13.157894736842104,71.9298245614035,69.2982456140351,2.631578947368421
E00077930,106,45,18,27,61,48,13,42.45283018867924,16.9811320754717,25.471698113207548,57.54716981132076,45.28301886792453,12.264150943396226
E00077931,129,35,9,26,94,82,12,27.131782945736433,6.976744186046512,20.155038759689923,72.86821705426357,63.565891472868216,9.30232558139535
E00077932,137,48,9,39,89,77,12,35.03649635036496,6.569343065693431,28.467153284671532,64.96350364963503,56.20437956204379,8.75912408759124
E00077933,180,58,19,39,122,106,16,32.22222222222222,10.555555555555555,21.666666666666668,67.77777777777779,58.88888888888889,8.88888888888889
E00077934,179,52,19,33,127,104,23,29.05027932960894,10.614525139664805,18.435754189944134,70.94972067039106,58.10055865921788,12.849162011173185
E00077935,128,44,17,27,84,76,8,34.375,13.28125,21.09375,65.625,59.375,6.25
E00077936,150,40,16,24,110,99,11,26.666666666666668,10.666666666666668,16,73.33333333333333,66,7.333333333333333
E00077937,148,39,17,22,109,99,10,26.351351351351347,11.486486486486488,14.864864864864865,73.64864864864865,66.8918918918919,6.756756756756757
E00077938,141,38,21,17,103,85,18,26.95035460992908,14.893617021276595,12.056737588652481,73.04964539007092,60.28368794326241,12.76595744680851
E00077939,146,47,13,34,99,93,6,32.19178082191781,8.904109589041095,23.28767123287671,67.8082191780822,63.6986301369863,4.10958904109589
E00077940,180,65,25,40,115,89,26,36.11111111111111,13.88888888888889,22.22222222222222,63.888888888888886,49.44444444444444,14.444444444444443
E00077941,165,57,21,36,108,85,23,34.54545454545455,12.727272727272727,21.818181818181817,65.45454545454545,51.515151515151516,13.939393939393941
E00077942,126,35,11,24,91,70,21,27.77777777777778,8.73015873015873,19.047619047619047,72.22222222222221,55.55555555555556,16.666666666666664
E00077943,153,55,18,37,98,88,10,35.947712418300654,11.76470588235294,24.183006535947712,64.05228758169935,57.51633986928104,6.535947712418301
E00077944,129,37,18,19,92,75,17,28.68217054263566,13.953488372093023,14.728682170542637,71.31782945736434,58.139534883720934,13.178294573643413
E00077945,158,40,14,26,118,102,16,25.31645569620253,8.860759493670885,16.455696202531644,74.68354430379746,64.55696202531645,10.126582278481013
E00077946,126,46,11,35,80,67,13,36.507936507936506,8.73015873015873,27.77777777777778,63.49206349206349,53.17460317460318,10.317460317460316
E00077947,103,34,11,23,69,59,10,33.00970873786408,10.679611650485436,22.330097087378643,66.99029126213593,57.28155339805825,9.70873786407767
E00077948,146,58,20,38,88,74,14,39.726027397260275,13.698630136986301,26.027397260273972,60.273972602739725,50.68493150684932,9.58904109589041
E00077949,108,42,12,30,66,57,9,38.88888888888889,11.11111111111111,27.77777777777778,61.111111111111114,52.77777777777778,8.333333333333332
E00077950,160,50,14,36,110,88,22,31.25,8.75,22.5,68.75,55.00000000000001,13.750000000000002
E00077951,115,38,9,29,77,67,10,33.04347826086956,7.82608695652174,25.217391304347824,66.95652173913044,58.26086956521739,8.695652173913043
E00077952,201,48,9,39,153,125,28,23.88059701492537,4.477611940298507,19.402985074626866,76.11940298507463,62.189054726368155,13.930348258706468
E00077953,135,46,17,29,89,79,10,34.074074074074076,12.592592592592592,21.48148148148148,65.92592592592592,58.51851851851851,7.4074074074074066
E00077954,88,29,9,20,59,53,6,32.95454545454545,10.227272727272728,22.727272727272727,67.04545454545455,60.22727272727273,6.8181818181818175
E00077955,140,50,19,31,90,77,13,35.714285714285715,13.571428571428571,22.142857142857142,64.28571428571429,55.00000000000001,9.285714285714286
E00077956,162,43,13,30,119,106,13,26.543209876543212,8.024691358024691,18.51851851851852,73.4567901234568,65.4320987654321,8.024691358024691
E00077957,150,52,20,32,98,91,7,34.66666666666667,13.333333333333334,21.333333333333336,65.33333333333333,60.66666666666667,4.666666666666667
E00077958,155,48,12,36,107,93,14,30.967741935483872,7.741935483870968,23.225806451612904,69.03225806451613,60,9.032258064516128
E00077959,112,42,13,29,70,67,3,37.5,11.607142857142858,25.892857142857146,62.5,59.82142857142857,2.6785714285714284
E00077960,146,53,21,32,93,71,22,36.3013698630137,14.383561643835616,21.91780821917808,63.6986301369863,48.63013698630137,15.068493150684931
E00077961,115,39,10,29,76,64,12,33.91304347826087,8.695652173913043,25.217391304347824,66.08695652173913,55.65217391304348,10.434782608695652
E00077962,168,56,23,33,112,101,11,33.33333333333333,13.690476190476192,19.642857142857142,66.66666666666666,60.11904761904761,6.547619047619048
E00077963,147,47,17,30,100,84,16,31.97278911564626,11.564625850340136,20.408163265306122,68.02721088435374,57.14285714285714,10.884353741496598
E00077964,135,49,14,35,86,73,13,36.2962962962963,10.37037037037037,25.925925925925924,63.70370370370371,54.074074074074076,9.62962962962963
E00077965,140,52,10,42,88,76,12,37.142857142857146,7.142857142857142,30,62.857142857142854,54.285714285714285,8.571428571428571
E00077966,180,53,13,40,127,113,14,29.444444444444446,7.222222222222221,22.22222222222222,70.55555555555556,62.77777777777778,7.777777777777778
E00077967,128,44,10,34,84,77,7,34.375,7.8125,26.5625,65.625,60.15625,5.46875
E00077968,88,33,9,24,55,48,7,37.5,10.227272727272728,27.27272727272727,62.5,54.54545454545454,7.954545454545454
E00077969,122,39,15,24,83,74,9,31.967213114754102,12.295081967213115,19.672131147540984,68.0327868852459,60.65573770491803,7.377049180327869
E00077970,146,37,11,26,109,98,11,25.34246575342466,7.534246575342466,17.80821917808219,74.65753424657534,67.12328767123287,7.534246575342466
E00077971,152,57,23,34,95,85,10,37.5,15.131578947368421,22.36842105263158,62.5,55.92105263157895,6.578947368421052
E00077972,133,33,14,19,100,88,12,24.81203007518797,10.526315789473683,14.285714285714285,75.18796992481202,66.16541353383458,9.022556390977442
E00077973,138,40,14,26,98,86,12,28.985507246376812,10.144927536231885,18.84057971014493,71.01449275362319,62.31884057971014,8.695652173913043
E00077974,190,54,22,32,136,113,23,28.421052631578945,11.578947368421053,16.842105263157894,71.57894736842105,59.473684210526315,12.105263157894736
E00077975,164,65,17,48,99,89,10,39.63414634146341,10.365853658536585,29.268292682926827,60.36585365853659,54.268292682926834,6.097560975609756
E00077976,157,40,14,26,117,104,13,25.477707006369428,8.9171974522293,16.560509554140125,74.52229299363057,66.2420382165605,8.280254777070063
E00077977,170,45,17,28,125,112,13,26.47058823529412,10,16.470588235294116,73.52941176470588,65.88235294117646,7.647058823529412
E00077978,158,55,23,32,103,89,14,34.810126582278485,14.556962025316455,20.253164556962027,65.18987341772153,56.32911392405063,8.860759493670885
E00077979,160,54,15,39,106,92,14,33.75,9.375,24.375,66.25,57.49999999999999,8.75
E00077980,134,42,13,29,92,74,18,31.343283582089555,9.701492537313433,21.641791044776117,68.65671641791045,55.223880597014926,13.432835820895523
E00077981,139,51,23,28,88,77,11,36.69064748201439,16.546762589928058,20.14388489208633,63.30935251798561,55.39568345323741,7.913669064748201
E00077982,164,50,15,35,114,100,14,30.48780487804878,9.146341463414634,21.341463414634145,69.51219512195121,60.97560975609756,8.536585365853659
E00077983,205,69,25,44,136,117,19,33.65853658536586,12.195121951219512,21.463414634146343,66.34146341463415,57.073170731707314,9.268292682926829
E00077984,150,50,15,35,100,92,8,33.33333333333333,10,23.333333333333332,66.66666666666666,61.33333333333333,5.333333333333334
E00077985,179,62,22,40,117,105,12,34.63687150837989,12.290502793296088,22.3463687150838,65.36312849162012,58.659217877094974,6.70391061452514
E00077986,127,37,14,23,90,78,12,29.133858267716533,11.023622047244094,18.11023622047244,70.86614173228347,61.417322834645674,9.448818897637794
E00077987,178,63,17,46,115,92,23,35.39325842696629,9.550561797752808,25.842696629213485,64.60674157303372,51.68539325842697,12.921348314606742
E00077989,126,36,16,20,90,81,9,28.57142857142857,12.698412698412698,15.873015873015872,71.42857142857143,64.28571428571429,7.142857142857142
E00077990,140,47,24,23,93,69,24,33.57142857142857,17.142857142857142,16.428571428571427,66.42857142857143,49.28571428571429,17.142857142857142
E00077991,138,44,11,33,94,79,15,31.88405797101449,7.971014492753622,23.91304347826087,68.11594202898551,57.2463768115942,10.869565217391305
E00077992,243,66,29,37,177,151,26,27.160493827160494,11.934156378600823,15.22633744855967,72.8395061728395,62.139917695473244,10.699588477366255
E00077993,127,45,12,33,82,74,8,35.43307086614173,9.448818897637794,25.984251968503933,64.56692913385827,58.26771653543307,6.299212598425196
E00077994,93,34,12,22,59,53,6,36.55913978494624,12.903225806451612,23.655913978494624,63.44086021505376,56.98924731182796,6.451612903225806
E00077995,153,46,19,27,107,89,18,30.065359477124183,12.418300653594772,17.647058823529413,69.93464052287581,58.16993464052288,11.76470588235294
E00077996,162,43,15,28,119,98,21,26.543209876543212,9.25925925925926,17.28395061728395,73.4567901234568,60.49382716049383,12.962962962962962
E00077997,310,47,12,35,263,187,76,15.161290322580644,3.870967741935484,11.29032258064516,84.83870967741936,60.322580645161295,24.516129032258064
E00077998,199,51,10,41,148,130,18,25.628140703517587,5.025125628140704,20.603015075376884,74.37185929648241,65.32663316582915,9.045226130653267
E00077999,138,49,17,32,89,78,11,35.507246376811594,12.318840579710146,23.18840579710145,64.4927536231884,56.52173913043478,7.971014492753622
E00078000,183,59,24,35,124,102,22,32.240437158469945,13.114754098360656,19.12568306010929,67.75956284153006,55.73770491803278,12.021857923497267
E00078001,141,35,15,20,106,99,7,24.822695035460992,10.638297872340425,14.184397163120568,75.177304964539,70.2127659574468,4.964539007092199
E00078002,180,49,18,31,131,117,14,27.22222222222222,10,17.22222222222222,72.77777777777777,65,7.777777777777778
E00078003,178,58,13,45,120,109,11,32.58426966292135,7.303370786516854,25.280898876404496,67.41573033707866,61.23595505617978,6.179775280898876
E00078004,185,45,16,29,140,125,15,24.324324324324326,8.64864864864865,15.675675675675677,75.67567567567568,67.56756756756756,8.108108108108109
E00078005,140,58,15,43,82,69,13,41.42857142857143,10.714285714285714,30.714285714285715,58.57142857142858,49.28571428571429,9.285714285714286
E00078006,145,51,13,38,94,88,6,35.172413793103445,8.96551724137931,26.20689655172414,64.82758620689654,60.689655172413794,4.137931034482759
E00078007,178,65,17,48,113,91,22,36.51685393258427,9.550561797752808,26.96629213483146,63.48314606741573,51.12359550561798,12.359550561797752
E00078008,119,36,14,22,83,75,8,30.252100840336134,11.76470588235294,18.487394957983195,69.74789915966386,63.02521008403361,6.722689075630252
E00078009,140,36,9,27,104,88,16,25.71428571428571,6.428571428571428,19.28571428571429,74.28571428571429,62.857142857142854,11.428571428571429
E00078010,154,31,0,31,123,109,14,20.12987012987013,0,20.12987012987013,79.87012987012987,70.77922077922078,9.090909090909092
E00078011,122,39,14,25,83,66,17,31.967213114754102,11.475409836065573,20.491803278688526,68.0327868852459,54.09836065573771,13.934426229508196
E00078012,184,51,11,40,133,113,20,27.717391304347828,5.978260869565218,21.73913043478261,72.28260869565217,61.41304347826087,10.869565217391305
E00078013,114,45,19,26,69,54,15,39.473684210526315,16.666666666666664,22.807017543859647,60.526315789473685,47.368421052631575,13.157894736842104
E00078014,256,62,18,44,194,171,23,24.21875,7.03125,17.1875,75.78125,66.796875,8.984375
E00078015,209,59,25,34,150,130,20,28.22966507177033,11.961722488038278,16.267942583732058,71.77033492822966,62.20095693779905,9.569377990430622
E00078016,117,46,19,27,71,57,14,39.31623931623932,16.23931623931624,23.076923076923077,60.68376068376068,48.717948717948715,11.965811965811966
E00078017,147,48,15,33,99,82,17,32.6530612244898,10.204081632653061,22.448979591836736,67.3469387755102,55.78231292517006,11.564625850340136
E00078018,175,57,13,44,118,103,15,32.57142857142858,7.428571428571429,25.142857142857146,67.42857142857143,58.857142857142854,8.571428571428571
E00078019,138,33,8,25,105,95,10,23.91304347826087,5.797101449275362,18.115942028985508,76.08695652173914,68.84057971014492,7.246376811594203
E00078020,136,42,16,26,94,78,16,30.88235294117647,11.76470588235294,19.11764705882353,69.11764705882352,57.35294117647059,11.76470588235294
E00078021,158,62,19,43,96,85,11,39.24050632911392,12.025316455696203,27.21518987341772,60.75949367088608,53.79746835443038,6.962025316455696
E00078023,96,36,9,27,60,57,3,37.5,9.375,28.125,62.5,59.375,3.125
E00078024,174,58,26,32,116,96,20,33.33333333333333,14.942528735632186,18.39080459770115,66.66666666666666,55.172413793103445,11.494252873563218
E00078025,140,42,19,23,98,84,14,30,13.571428571428571,16.428571428571427,70,60,10
E00078026,191,54,18,36,137,117,20,28.272251308900525,9.424083769633508,18.848167539267017,71.72774869109948,61.25654450261781,10.471204188481675
E00078027,121,35,17,18,86,72,14,28.92561983471074,14.049586776859504,14.87603305785124,71.07438016528926,59.50413223140496,11.570247933884298
E00078028,112,40,14,26,72,58,14,35.714285714285715,12.5,23.214285714285715,64.28571428571429,51.78571428571429,12.5
E00078029,118,44,18,26,74,57,17,37.28813559322034,15.254237288135593,22.033898305084744,62.71186440677966,48.30508474576271,14.40677966101695
E00078030,116,37,19,18,79,59,20,31.896551724137932,16.379310344827587,15.517241379310345,68.10344827586206,50.86206896551724,17.24137931034483
E00078031,107,34,12,22,73,57,16,31.775700934579437,11.214953271028037,20.5607476635514,68.22429906542055,53.271028037383175,14.953271028037381
E00078032,118,40,15,25,78,66,12,33.89830508474576,12.711864406779661,21.1864406779661,66.10169491525424,55.932203389830505,10.16949152542373
E00078033,130,57,18,39,73,66,7,43.84615384615385,13.846153846153847,30,56.15384615384615,50.76923076923077,5.384615384615385
E00078034,132,39,15,24,93,77,16,29.545454545454547,11.363636363636363,18.181818181818183,70.45454545454545,58.333333333333336,12.121212121212121
E00078035,163,59,16,43,104,87,17,36.19631901840491,9.815950920245399,26.380368098159508,63.80368098159509,53.37423312883436,10.429447852760736
E00078036,125,47,15,32,78,68,10,37.6,12,25.6,62.4,54.400000000000006,8
E00078037,138,52,22,30,86,71,15,37.68115942028986,15.942028985507244,21.73913043478261,62.31884057971014,51.449275362318836,10.869565217391305
E00078038,128,41,10,31,87,71,16,32.03125,7.8125,24.21875,67.96875,55.46875,12.5
E00078039,157,49,14,35,108,96,12,31.210191082802545,8.9171974522293,22.29299363057325,68.78980891719745,61.146496815286625,7.643312101910828
E00078040,128,51,19,32,77,66,11,39.84375,14.84375,25,60.15625,51.5625,8.59375
E00078041,59,20,5,15,39,35,4,33.89830508474576,8.47457627118644,25.423728813559322,66.10169491525424,59.32203389830508,6.779661016949152
E00078042,152,59,13,46,93,72,21,38.81578947368421,8.552631578947368,30.263157894736842,61.18421052631579,47.368421052631575,13.815789473684212
E00078043,126,48,22,26,78,66,12,38.095238095238095,17.46031746031746,20.634920634920633,61.904761904761905,52.38095238095239,9.523809523809524
E00078044,170,57,21,36,113,97,16,33.52941176470588,12.352941176470589,21.176470588235293,66.47058823529412,57.05882352941176,9.411764705882353
E00078046,179,57,19,38,122,92,30,31.843575418994412,10.614525139664805,21.22905027932961,68.15642458100558,51.39664804469274,16.75977653631285
E00078047,176,55,19,36,121,109,12,31.25,10.795454545454545,20.454545454545457,68.75,61.93181818181818,6.8181818181818175
E00078048,186,55,13,42,131,114,17,29.56989247311828,6.989247311827956,22.58064516129032,70.43010752688173,61.29032258064516,9.13978494623656
E00078049,152,45,23,22,107,93,14,29.605263157894733,15.131578947368421,14.473684210526317,70.39473684210526,61.18421052631579,9.210526315789473
E00078050,142,42,10,32,100,90,10,29.577464788732392,7.042253521126761,22.535211267605636,70.4225352112676,63.38028169014085,7.042253521126761
E00078051,233,68,16,52,165,146,19,29.184549356223176,6.866952789699571,22.317596566523605,70.81545064377683,62.66094420600859,8.15450643776824
E00078052,241,55,12,43,186,163,23,22.821576763485478,4.979253112033195,17.842323651452283,77.17842323651453,67.63485477178423,9.54356846473029
E00078053,194,55,21,34,139,120,19,28.350515463917525,10.824742268041238,17.525773195876287,71.64948453608247,61.855670103092784,9.793814432989691
E00078054,173,52,13,39,121,104,17,30.057803468208093,7.514450867052023,22.54335260115607,69.94219653179191,60.115606936416185,9.826589595375722
E00078055,199,46,7,39,153,136,17,23.115577889447238,3.5175879396984926,19.597989949748744,76.88442211055276,68.34170854271356,8.542713567839195
E00078056,163,50,12,38,113,102,11,30.67484662576687,7.361963190184049,23.31288343558282,69.32515337423312,62.57668711656442,6.748466257668712
E00078057,223,59,18,41,164,138,26,26.45739910313901,8.071748878923767,18.385650224215247,73.54260089686099,61.88340807174888,11.659192825112108
E00078058,215,56,18,38,159,135,24,26.046511627906977,8.372093023255815,17.674418604651162,73.95348837209302,62.7906976744186,11.162790697674419
E00078059,197,65,23,42,132,118,14,32.99492385786802,11.6751269035533,21.31979695431472,67.00507614213198,59.89847715736041,7.1065989847715745
E00078060,165,53,19,34,112,92,20,32.121212121212125,11.515151515151516,20.606060606060606,67.87878787878789,55.757575757575765,12.121212121212121
E00078061,169,57,18,39,112,100,12,33.72781065088758,10.650887573964498,23.076923076923077,66.27218934911244,59.171597633136095,7.100591715976331
E00078062,173,48,17,31,125,118,7,27.74566473988439,9.826589595375722,17.91907514450867,72.25433526011561,68.20809248554913,4.046242774566474
E00078063,192,57,20,37,135,118,17,29.6875,10.416666666666668,19.270833333333336,70.3125,61.458333333333336,8.854166666666668
E00078064,162,50,16,34,112,101,11,30.864197530864196,9.876543209876543,20.98765432098765,69.1358024691358,62.34567901234568,6.790123456790123
E00078065,200,56,23,33,144,130,14,28.000000000000004,11.5,16.5,72,65,7.000000000000001
E00078066,222,66,21,45,156,140,16,29.72972972972973,9.45945945945946,20.27027027027027,70.27027027027027,63.06306306306306,7.207207207207207
E00078067,76,30,10,20,46,42,4,39.473684210526315,13.157894736842104,26.31578947368421,60.526315789473685,55.26315789473685,5.263157894736842
E00078068,152,44,14,30,108,92,16,28.947368421052634,9.210526315789473,19.736842105263158,71.05263157894737,60.526315789473685,10.526315789473683
E00078069,169,54,17,37,115,101,14,31.952662721893493,10.059171597633137,21.893491124260358,68.04733727810651,59.76331360946746,8.284023668639055
E00078070,111,38,10,28,73,65,8,34.234234234234236,9.00900900900901,25.225225225225223,65.76576576576578,58.55855855855856,7.207207207207207
E00078071,265,95,23,72,170,156,14,35.84905660377358,8.679245283018867,27.169811320754718,64.15094339622641,58.867924528301884,5.283018867924529
E00078072,173,54,18,36,119,101,18,31.213872832369944,10.404624277456648,20.809248554913296,68.78612716763006,58.38150289017341,10.404624277456648
E00078073,182,68,22,46,114,100,14,37.362637362637365,12.087912087912088,25.274725274725274,62.637362637362635,54.94505494505495,7.6923076923076925
E00078074,191,54,15,39,137,115,22,28.272251308900525,7.853403141361256,20.418848167539267,71.72774869109948,60.20942408376963,11.518324607329843
E00078075,222,50,22,28,172,145,27,22.52252252252252,9.90990990990991,12.612612612612612,77.47747747747748,65.31531531531532,12.162162162162163
E00078076,135,35,14,21,100,86,14,25.925925925925924,10.37037037037037,15.555555555555555,74.07407407407408,63.70370370370371,10.37037037037037
E00078077,180,53,12,41,127,105,22,29.444444444444446,6.666666666666667,22.77777777777778,70.55555555555556,58.333333333333336,12.222222222222221
E00078078,160,48,18,30,112,94,18,30,11.25,18.75,70,58.75,11.25
E00078079,60,16,8,8,44,38,6,26.666666666666668,13.333333333333334,13.333333333333334,73.33333333333333,63.33333333333333,10
E00078080,143,40,15,25,103,89,14,27.972027972027973,10.48951048951049,17.482517482517483,72.02797202797203,62.23776223776224,9.79020979020979
E00078081,173,52,17,35,121,103,18,30.057803468208093,9.826589595375722,20.23121387283237,69.94219653179191,59.53757225433526,10.404624277456648
E00078082,148,36,15,21,112,98,14,24.324324324324326,10.135135135135135,14.18918918918919,75.67567567567568,66.21621621621621,9.45945945945946
E00078083,117,47,13,34,70,61,9,40.17094017094017,11.11111111111111,29.059829059829063,59.82905982905983,52.13675213675214,7.6923076923076925
E00078084,187,55,16,39,132,119,13,29.411764705882355,8.55614973262032,20.855614973262032,70.58823529411765,63.63636363636363,6.951871657754011
E00078085,164,54,24,30,110,97,13,32.926829268292686,14.634146341463413,18.29268292682927,67.07317073170732,59.14634146341463,7.926829268292683
E00078086,171,58,17,41,113,103,10,33.91812865497076,9.941520467836257,23.976608187134502,66.08187134502924,60.23391812865497,5.847953216374268
E00078087,128,36,14,22,92,74,18,28.125,10.9375,17.1875,71.875,57.8125,14.0625
E00078088,157,60,26,34,97,84,13,38.21656050955414,16.560509554140125,21.656050955414013,61.78343949044586,53.503184713375795,8.280254777070063
E00078089,155,36,9,27,119,103,16,23.225806451612904,5.806451612903226,17.419354838709676,76.77419354838709,66.45161290322581,10.32258064516129
E00078090,147,45,17,28,102,82,20,30.612244897959183,11.564625850340136,19.047619047619047,69.38775510204081,55.78231292517006,13.60544217687075
E00078091,179,42,15,27,137,115,22,23.463687150837988,8.379888268156424,15.083798882681565,76.53631284916202,64.24581005586593,12.290502793296088
E00078092,167,53,21,32,114,94,20,31.736526946107784,12.574850299401197,19.16167664670659,68.26347305389223,56.287425149700596,11.976047904191617
E00078093,219,80,31,49,139,114,25,36.5296803652968,14.15525114155251,22.37442922374429,63.4703196347032,52.054794520547944,11.415525114155251
E00078094,165,51,18,33,114,98,16,30.909090909090907,10.909090909090908,20,69.0909090909091,59.3939393939394,9.696969696969697
E00078095,148,51,21,30,97,90,7,34.45945945945946,14.18918918918919,20.27027027027027,65.54054054054053,60.810810810810814,4.72972972972973
E00078096,167,47,20,27,120,105,15,28.143712574850298,11.976047904191617,16.16766467065868,71.8562874251497,62.874251497005986,8.982035928143713
E00078097,194,68,21,47,126,114,12,35.051546391752574,10.824742268041238,24.22680412371134,64.94845360824742,58.76288659793815,6.185567010309279
E00078098,177,61,22,39,116,110,6,34.463276836158194,12.429378531073446,22.033898305084744,65.5367231638418,62.14689265536724,3.389830508474576
E00078099,158,53,20,33,105,87,18,33.54430379746836,12.658227848101266,20.88607594936709,66.45569620253164,55.06329113924051,11.39240506329114
E00078100,168,53,22,31,115,101,14,31.547619047619047,13.095238095238097,18.452380952380953,68.45238095238095,60.11904761904761,8.333333333333332
E00078101,219,57,17,40,162,144,18,26.027397260273972,7.76255707762557,18.2648401826484,73.97260273972603,65.75342465753424,8.21917808219178
E00078102,274,65,22,43,209,190,19,23.722627737226276,8.02919708029197,15.693430656934307,76.27737226277372,69.34306569343066,6.934306569343065
E00078103,130,41,18,23,89,74,15,31.538461538461537,13.846153846153847,17.692307692307693,68.46153846153847,56.92307692307692,11.538461538461538
E00078104,123,31,10,21,92,82,10,25.203252032520325,8.130081300813007,17.073170731707318,74.79674796747967,66.66666666666666,8.130081300813007
E00078105,198,69,27,42,129,104,25,34.84848484848485,13.636363636363635,21.21212121212121,65.15151515151516,52.52525252525253,12.626262626262626
E00078106,145,44,18,26,101,88,13,30.344827586206897,12.413793103448276,17.93103448275862,69.6551724137931,60.689655172413794,8.96551724137931
E00078107,117,38,10,28,79,70,9,32.47863247863248,8.547008547008547,23.931623931623932,67.52136752136752,59.82905982905983,7.6923076923076925
E00078108,158,46,12,34,112,96,16,29.11392405063291,7.59493670886076,21.518987341772153,70.88607594936708,60.75949367088608,10.126582278481013
E00078109,168,61,16,45,107,92,15,36.30952380952381,9.523809523809524,26.785714285714285,63.69047619047619,54.761904761904766,8.928571428571429
E00078110,152,52,25,27,100,81,19,34.21052631578947,16.447368421052634,17.763157894736842,65.78947368421053,53.289473684210535,12.5
E00078111,123,36,5,31,87,82,5,29.268292682926827,4.0650406504065035,25.203252032520325,70.73170731707317,66.66666666666666,4.0650406504065035
E00078112,167,51,14,37,116,108,8,30.538922155688624,8.383233532934131,22.15568862275449,69.46107784431138,64.67065868263472,4.790419161676647
E00078113,192,64,15,49,128,117,11,33.33333333333333,7.8125,25.520833333333332,66.66666666666666,60.9375,5.729166666666666
E00078114,227,65,23,42,162,128,34,28.634361233480178,10.13215859030837,18.502202643171806,71.36563876651982,56.38766519823789,14.977973568281937
E00078115,79,27,9,18,52,43,9,34.177215189873415,11.39240506329114,22.78481012658228,65.82278481012658,54.43037974683544,11.39240506329114
E00078116,148,58,16,42,90,78,12,39.189189189189186,10.81081081081081,28.37837837837838,60.810810810810814,52.702702702702695,8.108108108108109
E00078117,170,69,21,48,101,89,12,40.588235294117645,12.352941176470589,28.235294117647058,59.411764705882355,52.352941176470594,7.0588235294117645
E00078118,173,40,12,28,133,109,24,23.121387283236995,6.9364161849710975,16.184971098265898,76.878612716763,63.005780346820806,13.872832369942195
E00078119,71,24,9,15,47,41,6,33.80281690140845,12.676056338028168,21.12676056338028,66.19718309859155,57.74647887323944,8.450704225352112
E00078120,160,53,16,37,107,99,8,33.125,10,23.125,66.875,61.875,5
E00078121,140,50,12,38,90,76,14,35.714285714285715,8.571428571428571,27.142857142857142,64.28571428571429,54.285714285714285,10
E00078122,175,49,17,32,126,106,20,28.000000000000004,9.714285714285714,18.285714285714285,72,60.57142857142858,11.428571428571429
E00078123,151,53,18,35,98,87,11,35.099337748344375,11.920529801324504,23.178807947019866,64.90066225165563,57.615894039735096,7.28476821192053
E00078124,159,49,19,30,110,93,17,30.81761006289308,11.949685534591195,18.867924528301888,69.18238993710692,58.490566037735846,10.69182389937107
E00078125,136,52,24,28,84,69,15,38.23529411764706,17.647058823529413,20.588235294117645,61.76470588235294,50.73529411764706,11.029411764705882
E00078126,127,46,21,25,81,66,15,36.22047244094488,16.535433070866144,19.68503937007874,63.77952755905512,51.96850393700787,11.811023622047244
E00078127,116,45,17,28,71,48,23,38.793103448275865,14.655172413793101,24.137931034482758,61.206896551724135,41.37931034482759,19.82758620689655
E00078128,120,45,18,27,75,54,21,37.5,15,22.5,62.5,45,17.5
E00078129,172,63,25,38,109,91,18,36.627906976744185,14.534883720930234,22.093023255813954,63.372093023255815,52.90697674418605,10.465116279069768
E00078130,133,47,22,25,86,69,17,35.338345864661655,16.541353383458645,18.796992481203006,64.66165413533834,51.8796992481203,12.781954887218044
E00078131,102,28,10,18,74,61,13,27.450980392156865,9.803921568627452,17.647058823529413,72.54901960784314,59.80392156862745,12.745098039215685
E00078132,211,54,14,40,157,129,28,25.59241706161137,6.6350710900473935,18.95734597156398,74.40758293838863,61.137440758293835,13.270142180094787
E00078133,160,41,19,22,119,101,18,25.624999999999996,11.875,13.750000000000002,74.375,63.125,11.25
E00078134,247,58,17,41,189,163,26,23.481781376518217,6.882591093117409,16.599190283400812,76.51821862348179,65.9919028340081,10.526315789473683
E00078135,172,64,23,41,108,75,33,37.2093023255814,13.372093023255813,23.837209302325583,62.7906976744186,43.604651162790695,19.186046511627907
E00078136,122,35,12,23,87,74,13,28.688524590163933,9.836065573770492,18.852459016393443,71.31147540983606,60.65573770491803,10.655737704918032
E00078137,175,49,27,22,126,96,30,28.000000000000004,15.428571428571427,12.571428571428573,72,54.85714285714286,17.142857142857142
E00078138,136,42,14,28,94,84,10,30.88235294117647,10.294117647058822,20.588235294117645,69.11764705882352,61.76470588235294,7.352941176470589
E00078139,164,49,13,36,115,103,12,29.878048780487802,7.926829268292683,21.951219512195124,70.1219512195122,62.80487804878049,7.317073170731707
E00078140,34,10,2,8,24,22,2,29.411764705882355,5.88235294117647,23.52941176470588,70.58823529411765,64.70588235294117,5.88235294117647
E00078141,161,40,14,26,121,106,15,24.84472049689441,8.695652173913043,16.149068322981368,75.15527950310559,65.83850931677019,9.316770186335404
E00078142,150,44,9,35,106,89,17,29.333333333333332,6,23.333333333333332,70.66666666666667,59.333333333333336,11.333333333333332
E00078143,184,54,23,31,130,98,32,29.347826086956523,12.5,16.847826086956523,70.65217391304348,53.2608695652174,17.391304347826086
E00078144,71,20,10,10,51,39,12,28.169014084507044,14.084507042253522,14.084507042253522,71.83098591549296,54.929577464788736,16.901408450704224
E00078145,150,56,21,35,94,80,14,37.333333333333336,14.000000000000002,23.333333333333332,62.66666666666667,53.333333333333336,9.333333333333334
E00078146,140,48,23,25,92,67,25,34.285714285714285,16.428571428571427,17.857142857142858,65.71428571428571,47.85714285714286,17.857142857142858
E00078147,89,27,12,15,62,47,15,30.337078651685395,13.48314606741573,16.853932584269664,69.66292134831461,52.80898876404494,16.853932584269664
E00078148,123,34,17,17,89,73,16,27.64227642276423,13.821138211382115,13.821138211382115,72.35772357723577,59.34959349593496,13.008130081300814
E00078149,125,26,11,15,99,84,15,20.8,8.799999999999999,12,79.2,67.2,12
E00078150,177,68,19,49,109,95,14,38.4180790960452,10.734463276836157,27.683615819209038,61.5819209039548,53.672316384180796,7.909604519774012
E00078151,229,68,25,43,161,135,26,29.694323144104807,10.91703056768559,18.777292576419214,70.3056768558952,58.951965065502186,11.353711790393014
E00078152,153,29,8,21,124,106,18,18.954248366013072,5.228758169934641,13.725490196078432,81.04575163398692,69.28104575163398,11.76470588235294
E00078153,166,50,16,34,116,100,16,30.120481927710845,9.63855421686747,20.481927710843372,69.87951807228916,60.24096385542169,9.63855421686747
E00078154,188,60,17,43,128,112,16,31.914893617021278,9.042553191489363,22.872340425531913,68.08510638297872,59.57446808510638,8.51063829787234
E00078155,195,54,23,31,141,123,18,27.692307692307693,11.794871794871794,15.897435897435896,72.3076923076923,63.07692307692307,9.230769230769232
E00078156,117,18,5,13,99,86,13,15.384615384615385,4.273504273504273,11.11111111111111,84.61538461538461,73.50427350427351,11.11111111111111
E00078157,166,45,11,34,121,104,17,27.10843373493976,6.626506024096386,20.481927710843372,72.89156626506023,62.65060240963856,10.240963855421686
E00078158,54,15,7,8,39,34,5,27.77777777777778,12.962962962962962,14.814814814814813,72.22222222222221,62.96296296296296,9.25925925925926
E00078159,165,51,19,32,114,90,24,30.909090909090907,11.515151515151516,19.393939393939394,69.0909090909091,54.54545454545454,14.545454545454545
E00078160,95,20,4,16,75,59,16,21.052631578947366,4.2105263157894735,16.842105263157894,78.94736842105263,62.10526315789474,16.842105263157894
E00078161,124,29,8,21,95,81,14,23.387096774193548,6.451612903225806,16.93548387096774,76.61290322580645,65.32258064516128,11.29032258064516
E00078163,192,55,20,35,137,109,28,28.645833333333332,10.416666666666668,18.229166666666664,71.35416666666666,56.770833333333336,14.583333333333334
E00078164,134,46,20,26,88,75,13,34.32835820895522,14.925373134328357,19.402985074626866,65.67164179104478,55.970149253731336,9.701492537313433
E00078165,171,45,18,27,126,103,23,26.31578947368421,10.526315789473683,15.789473684210526,73.68421052631578,60.23391812865497,13.450292397660817
E00078166,134,44,19,25,90,68,22,32.83582089552239,14.17910447761194,18.65671641791045,67.16417910447761,50.74626865671642,16.417910447761194
E00078167,124,49,23,26,75,52,23,39.516129032258064,18.548387096774192,20.967741935483872,60.483870967741936,41.935483870967744,18.548387096774192
E00078168,213,66,25,41,147,126,21,30.985915492957744,11.737089201877934,19.248826291079812,69.01408450704226,59.154929577464785,9.859154929577464
E00078169,216,68,28,40,148,127,21,31.48148148148148,12.962962962962962,18.51851851851852,68.51851851851852,58.79629629629629,9.722222222222223
E00078170,235,83,36,47,152,126,26,35.319148936170215,15.319148936170212,20,64.68085106382979,53.61702127659574,11.063829787234042
E00078171,151,54,23,31,97,78,19,35.76158940397351,15.2317880794702,20.52980132450331,64.23841059602648,51.65562913907284,12.582781456953644
E00078172,198,66,31,35,132,94,38,33.33333333333333,15.656565656565657,17.67676767676768,66.66666666666666,47.474747474747474,19.19191919191919
E00078173,120,39,14,25,81,67,14,32.5,11.666666666666666,20.833333333333336,67.5,55.833333333333336,11.666666666666666
E00078174,157,59,29,30,98,73,25,37.57961783439491,18.471337579617835,19.10828025477707,62.42038216560509,46.496815286624205,15.92356687898089
E00078175,149,68,27,41,81,59,22,45.63758389261745,18.120805369127517,27.516778523489933,54.36241610738255,39.59731543624161,14.76510067114094
E00078176,121,43,20,23,78,58,20,35.53719008264463,16.528925619834713,19.00826446280992,64.46280991735537,47.93388429752066,16.528925619834713
E00078177,142,44,15,29,98,62,36,30.985915492957744,10.56338028169014,20.422535211267608,69.01408450704226,43.66197183098591,25.352112676056336
E00078178,104,35,11,24,69,50,19,33.65384615384615,10.576923076923077,23.076923076923077,66.34615384615384,48.07692307692308,18.269230769230766
E00078179,97,36,19,17,61,41,20,37.11340206185567,19.587628865979383,17.525773195876287,62.88659793814433,42.2680412371134,20.618556701030926
E00078180,134,44,23,21,90,66,24,32.83582089552239,17.16417910447761,15.671641791044777,67.16417910447761,49.25373134328358,17.91044776119403
E00078181,153,64,23,41,89,69,20,41.830065359477125,15.032679738562091,26.797385620915033,58.16993464052288,45.09803921568628,13.071895424836603
E00078182,112,42,17,25,70,47,23,37.5,15.178571428571427,22.321428571428573,62.5,41.964285714285715,20.535714285714285
E00078183,140,63,21,42,77,65,12,45,15,30,55.00000000000001,46.42857142857143,8.571428571428571
E00078184,101,30,16,14,71,51,20,29.7029702970297,15.841584158415841,13.861386138613863,70.29702970297029,50.495049504950494,19.801980198019802
E00078185,106,34,14,20,72,57,15,32.075471698113205,13.20754716981132,18.867924528301888,67.9245283018868,53.77358490566038,14.150943396226415
E00078186,170,48,15,33,122,99,23,28.235294117647058,8.823529411764707,19.411764705882355,71.76470588235294,58.235294117647065,13.529411764705882
E00078187,157,57,24,33,100,90,10,36.30573248407643,15.286624203821656,21.019108280254777,63.69426751592356,57.324840764331206,6.369426751592357
E00078188,118,36,11,25,82,69,13,30.508474576271187,9.322033898305085,21.1864406779661,69.49152542372882,58.47457627118644,11.016949152542372
E00078189,193,60,18,42,133,122,11,31.088082901554404,9.32642487046632,21.761658031088082,68.9119170984456,63.212435233160626,5.699481865284974
E00078190,209,59,17,42,150,137,13,28.22966507177033,8.133971291866029,20.095693779904305,71.77033492822966,65.55023923444976,6.220095693779904
E00078191,209,70,25,45,139,114,25,33.49282296650718,11.961722488038278,21.5311004784689,66.50717703349282,54.54545454545454,11.961722488038278
E00078192,195,63,25,38,132,109,23,32.30769230769231,12.82051282051282,19.48717948717949,67.6923076923077,55.8974358974359,11.794871794871794
E00078193,192,51,16,35,141,119,22,26.5625,8.333333333333332,18.229166666666664,73.4375,61.979166666666664,11.458333333333332
E00078194,206,67,22,45,139,122,17,32.5242718446602,10.679611650485436,21.844660194174757,67.47572815533981,59.22330097087378,8.25242718446602
E00078195,149,54,20,34,95,84,11,36.241610738255034,13.422818791946309,22.818791946308725,63.758389261744966,56.375838926174495,7.38255033557047
E00078196,282,61,17,44,221,199,22,21.631205673758867,6.028368794326241,15.602836879432624,78.36879432624113,70.56737588652481,7.801418439716312
E00078197,209,60,26,34,149,119,30,28.708133971291865,12.440191387559809,16.267942583732058,71.29186602870813,56.9377990430622,14.354066985645932
E00078198,114,36,14,22,78,69,9,31.57894736842105,12.280701754385964,19.298245614035086,68.42105263157895,60.526315789473685,7.894736842105263
E00078199,89,34,11,23,55,51,4,38.20224719101123,12.359550561797752,25.842696629213485,61.79775280898876,57.30337078651685,4.49438202247191
E00078200,89,28,11,17,61,51,10,31.46067415730337,12.359550561797752,19.101123595505616,68.53932584269663,57.30337078651685,11.235955056179774
E00078201,116,31,13,18,85,72,13,26.72413793103448,11.206896551724139,15.517241379310345,73.27586206896551,62.06896551724138,11.206896551724139
E00078202,90,24,10,14,66,56,10,26.666666666666668,11.11111111111111,15.555555555555555,73.33333333333333,62.22222222222222,11.11111111111111
E00078203,156,50,15,35,106,91,15,32.05128205128205,9.615384615384617,22.435897435897438,67.94871794871796,58.333333333333336,9.615384615384617
E00078204,95,30,10,20,65,55,10,31.57894736842105,10.526315789473683,21.052631578947366,68.42105263157895,57.89473684210527,10.526315789473683
E00078205,194,58,30,28,136,114,22,29.896907216494846,15.463917525773196,14.432989690721648,70.10309278350515,58.76288659793815,11.34020618556701
E00078207,38,20,5,15,18,17,1,52.63157894736842,13.157894736842104,39.473684210526315,47.368421052631575,44.73684210526316,2.631578947368421
E00078208,138,50,12,38,88,75,13,36.231884057971016,8.695652173913043,27.536231884057973,63.76811594202898,54.347826086956516,9.420289855072465
E00078210,127,52,21,31,75,64,11,40.94488188976378,16.535433070866144,24.409448818897637,59.055118110236215,50.39370078740157,8.661417322834646
E00078211,95,28,9,19,67,67,0,29.47368421052631,9.473684210526317,20,70.52631578947368,70.52631578947368,0
E00078212,150,37,16,21,113,97,16,24.666666666666668,10.666666666666668,14.000000000000002,75.33333333333333,64.66666666666666,10.666666666666668
E00078213,169,41,17,24,128,114,14,24.2603550295858,10.059171597633137,14.201183431952662,75.7396449704142,67.45562130177515,8.284023668639055
E00078214,179,53,12,41,126,114,12,29.608938547486037,6.70391061452514,22.905027932960895,70.39106145251397,63.687150837988824,6.70391061452514
E00078215,142,53,19,34,89,72,17,37.32394366197183,13.380281690140844,23.943661971830984,62.676056338028175,50.70422535211267,11.971830985915492
E00078216,190,46,12,34,144,124,20,24.210526315789473,6.315789473684211,17.894736842105264,75.78947368421053,65.26315789473685,10.526315789473683
E00078217,169,52,20,32,117,103,14,30.76923076923077,11.834319526627219,18.93491124260355,69.23076923076923,60.946745562130175,8.284023668639055
E00078218,209,49,23,26,160,147,13,23.444976076555022,11.004784688995215,12.440191387559809,76.55502392344498,70.33492822966507,6.220095693779904
E00078219,182,47,10,37,135,127,8,25.82417582417583,5.4945054945054945,20.32967032967033,74.17582417582418,69.78021978021978,4.395604395604396
E00078221,149,52,19,33,97,81,16,34.899328859060404,12.751677852348994,22.14765100671141,65.1006711409396,54.36241610738255,10.738255033557047
E00078222,126,26,11,15,100,86,14,20.634920634920633,8.73015873015873,11.904761904761903,79.36507936507937,68.25396825396825,11.11111111111111
E00078223,49,19,8,11,30,25,5,38.775510204081634,16.3265306122449,22.448979591836736,61.224489795918366,51.02040816326531,10.204081632653061
E00078224,106,27,8,19,79,70,9,25.471698113207548,7.547169811320755,17.92452830188679,74.52830188679245,66.0377358490566,8.49056603773585
E00078225,174,46,18,28,128,102,26,26.436781609195403,10.344827586206897,16.091954022988507,73.5632183908046,58.620689655172406,14.942528735632186
E00078226,175,60,17,43,115,104,11,34.285714285714285,9.714285714285714,24.571428571428573,65.71428571428571,59.42857142857143,6.2857142857142865
E00078227,219,58,19,39,161,137,24,26.48401826484018,8.67579908675799,17.80821917808219,73.51598173515981,62.55707762557078,10.95890410958904
E00078228,209,62,22,40,147,132,15,29.665071770334926,10.526315789473683,19.138755980861244,70.33492822966507,63.1578947368421,7.177033492822966
E00078229,77,27,9,18,50,44,6,35.064935064935064,11.688311688311687,23.376623376623375,64.93506493506493,57.14285714285714,7.792207792207792
E00103069,117,40,12,28,77,64,13,34.18803418803419,10.256410256410255,23.931623931623932,65.8119658119658,54.700854700854705,11.11111111111111
E00103070,160,47,15,32,113,97,16,29.375,9.375,20,70.625,60.62499999999999,10
E00103071,170,59,26,33,111,99,12,34.705882352941174,15.294117647058824,19.411764705882355,65.29411764705883,58.235294117647065,7.0588235294117645
E00103072,120,39,10,29,81,69,12,32.5,8.333333333333332,24.166666666666668,67.5,57.49999999999999,10
E00103073,124,54,18,36,70,63,7,43.54838709677419,14.516129032258066,29.03225806451613,56.451612903225815,50.806451612903224,5.64516129032258
E00103074,186,78,29,49,108,89,19,41.935483870967744,15.591397849462366,26.344086021505376,58.06451612903226,47.8494623655914,10.21505376344086
E00103075,83,24,9,15,59,53,6,28.915662650602407,10.843373493975903,18.072289156626507,71.08433734939759,63.85542168674698,7.228915662650602
E00103076,139,48,18,30,91,79,12,34.53237410071942,12.949640287769784,21.58273381294964,65.46762589928058,56.83453237410072,8.633093525179856
E00103077,143,36,3,33,107,93,14,25.174825174825177,2.097902097902098,23.076923076923077,74.82517482517483,65.03496503496503,9.79020979020979
E00103078,168,56,15,41,112,96,16,33.33333333333333,8.928571428571429,24.404761904761905,66.66666666666666,57.14285714285714,9.523809523809524
E00103079,148,60,21,39,88,71,17,40.54054054054054,14.18918918918919,26.351351351351347,59.45945945945946,47.97297297297297,11.486486486486488
E00103080,100,27,11,16,73,59,14,27,11,16,73,59,14.000000000000002
E00103081,148,52,19,33,96,75,21,35.13513513513514,12.837837837837837,22.2972972972973,64.86486486486487,50.67567567567568,14.18918918918919
E00103082,125,45,13,32,80,71,9,36,10.4,25.6,64,56.8,7.199999999999999
E00103083,88,30,14,16,58,41,17,34.090909090909086,15.909090909090908,18.181818181818183,65.9090909090909,46.590909090909086,19.318181818181817
E00103084,130,44,17,27,86,79,7,33.84615384615385,13.076923076923078,20.76923076923077,66.15384615384615,60.76923076923077,5.384615384615385
E00103085,170,64,18,46,106,92,14,37.64705882352941,10.588235294117647,27.058823529411764,62.35294117647059,54.11764705882353,8.235294117647058
E00103086,70,27,10,17,43,37,6,38.57142857142858,14.285714285714285,24.285714285714285,61.42857142857143,52.85714285714286,8.571428571428571
E00103087,125,49,13,36,76,64,12,39.2,10.4,28.799999999999997,60.8,51.2,9.6
E00103088,133,41,16,25,92,77,15,30.82706766917293,12.030075187969924,18.796992481203006,69.17293233082707,57.89473684210527,11.278195488721805
E00103089,142,43,14,29,99,93,6,30.28169014084507,9.859154929577464,20.422535211267608,69.71830985915493,65.49295774647888,4.225352112676056
E00103090,148,46,9,37,102,91,11,31.08108108108108,6.081081081081082,25,68.91891891891892,61.48648648648649,7.4324324324324325
E00103091,160,66,26,40,94,87,7,41.25,16.25,25,58.75,54.37499999999999,4.375
E00103092,119,51,17,34,68,66,2,42.857142857142854,14.285714285714285,28.57142857142857,57.14285714285714,55.46218487394958,1.680672268907563
E00103093,98,32,11,21,66,63,3,32.6530612244898,11.224489795918368,21.428571428571427,67.3469387755102,64.28571428571429,3.061224489795918
E00103094,131,53,16,37,78,71,7,40.458015267175576,12.213740458015266,28.24427480916031,59.541984732824424,54.19847328244275,5.343511450381679
E00103095,80,23,6,17,57,48,9,28.749999999999996,7.5,21.25,71.25,60,11.25
E00103096,169,59,17,42,110,97,13,34.9112426035503,10.059171597633137,24.85207100591716,65.08875739644971,57.396449704142015,7.6923076923076925
E00103097,128,50,16,34,78,67,11,39.0625,12.5,26.5625,60.9375,52.34375,8.59375
E00103098,99,37,15,22,62,48,14,37.37373737373738,15.151515151515152,22.22222222222222,62.62626262626263,48.484848484848484,14.14141414141414
E00103099,84,21,8,13,63,51,12,25,9.523809523809524,15.476190476190476,75,60.71428571428571,14.285714285714285
E00103100,170,56,16,40,114,103,11,32.94117647058823,9.411764705882353,23.52941176470588,67.05882352941175,60.588235294117645,6.470588235294119
E00103101,48,17,7,10,31,26,5,35.41666666666667,14.583333333333334,20.833333333333336,64.58333333333334,54.166666666666664,10.416666666666668
E00103102,55,19,6,13,36,31,5,34.54545454545455,10.909090909090908,23.636363636363637,65.45454545454545,56.36363636363636,9.090909090909092
E00103103,77,35,16,19,42,32,10,45.45454545454545,20.77922077922078,24.675324675324674,54.54545454545454,41.55844155844156,12.987012987012985
E00103104,8,4,1,3,4,3,1,50,12.5,37.5,50,37.5,12.5
E00103105,39,18,2,16,21,13,8,46.15384615384615,5.128205128205128,41.02564102564102,53.84615384615385,33.33333333333333,20.51282051282051
E00103106,99,26,11,15,73,65,8,26.262626262626267,11.11111111111111,15.151515151515152,73.73737373737373,65.65656565656566,8.080808080808081
E00103107,53,18,9,9,35,31,4,33.9622641509434,16.9811320754717,16.9811320754717,66.0377358490566,58.490566037735846,7.547169811320755
E00103108,138,51,13,38,87,77,10,36.95652173913043,9.420289855072465,27.536231884057973,63.04347826086957,55.79710144927537,7.246376811594203
E00103109,75,22,6,16,53,40,13,29.333333333333332,8,21.333333333333336,70.66666666666667,53.333333333333336,17.333333333333336
E00103110,62,19,6,13,43,37,6,30.64516129032258,9.67741935483871,20.967741935483872,69.35483870967742,59.67741935483871,9.67741935483871
E00103111,90,32,14,18,58,42,16,35.55555555555556,15.555555555555555,20,64.44444444444444,46.666666666666664,17.77777777777778
E00103112,62,21,5,16,41,36,5,33.87096774193548,8.064516129032258,25.806451612903224,66.12903225806451,58.06451612903226,8.064516129032258
E00103113,192,43,11,32,149,123,26,22.395833333333336,5.729166666666666,16.666666666666664,77.60416666666666,64.0625,13.541666666666666
E00103114,77,20,7,13,57,53,4,25.97402597402597,9.090909090909092,16.883116883116884,74.02597402597402,68.83116883116884,5.194805194805195
E00103115,179,61,21,40,118,98,20,34.07821229050279,11.731843575418994,22.3463687150838,65.92178770949721,54.7486033519553,11.1731843575419
E00103116,184,69,26,43,115,97,18,37.5,14.130434782608695,23.369565217391305,62.5,52.71739130434783,9.782608695652174
E00103117,108,44,22,22,64,56,8,40.74074074074074,20.37037037037037,20.37037037037037,59.25925925925925,51.85185185185185,7.4074074074074066
E00103118,127,50,23,27,77,55,22,39.37007874015748,18.11023622047244,21.25984251968504,60.629921259842526,43.30708661417323,17.322834645669293
E00103119,113,41,12,29,72,56,16,36.283185840707965,10.619469026548673,25.663716814159294,63.716814159292035,49.557522123893804,14.15929203539823
E00103120,135,45,16,29,90,83,7,33.33333333333333,11.851851851851853,21.48148148148148,66.66666666666666,61.48148148148148,5.185185185185185
E00103121,190,63,25,38,127,109,18,33.1578947368421,13.157894736842104,20,66.84210526315789,57.36842105263158,9.473684210526317
E00103122,155,52,22,30,103,90,13,33.5483870967742,14.193548387096774,19.35483870967742,66.45161290322581,58.06451612903226,8.38709677419355
E00103123,161,50,14,36,111,90,21,31.05590062111801,8.695652173913043,22.36024844720497,68.94409937888199,55.90062111801242,13.043478260869565
E00103124,146,47,13,34,99,88,11,32.19178082191781,8.904109589041095,23.28767123287671,67.8082191780822,60.273972602739725,7.534246575342466
E00103125,139,63,29,34,76,60,16,45.32374100719424,20.863309352517987,24.46043165467626,54.67625899280576,43.16546762589928,11.510791366906476
E00103126,233,82,26,56,151,131,20,35.1931330472103,11.158798283261802,24.034334763948497,64.8068669527897,56.22317596566524,8.583690987124463
E00103127,160,66,16,50,94,81,13,41.25,10,31.25,58.75,50.625,8.125
E00103128,99,37,15,22,62,54,8,37.37373737373738,15.151515151515152,22.22222222222222,62.62626262626263,54.54545454545454,8.080808080808081
E00103129,85,38,15,23,47,33,14,44.70588235294118,17.647058823529413,27.058823529411764,55.294117647058826,38.82352941176471,16.470588235294116
E00103130,112,40,13,27,72,61,11,35.714285714285715,11.607142857142858,24.107142857142858,64.28571428571429,54.46428571428571,9.821428571428571
E00103131,116,40,15,25,76,66,10,34.48275862068966,12.931034482758621,21.551724137931032,65.51724137931035,56.896551724137936,8.620689655172415
E00103132,148,46,8,38,102,88,14,31.08108108108108,5.405405405405405,25.675675675675674,68.91891891891892,59.45945945945946,9.45945945945946
E00103133,81,33,17,16,48,39,9,40.74074074074074,20.98765432098765,19.753086419753085,59.25925925925925,48.148148148148145,11.11111111111111
E00103134,84,36,13,23,48,38,10,42.857142857142854,15.476190476190476,27.380952380952383,57.14285714285714,45.23809523809524,11.904761904761903
E00103135,89,28,8,20,61,48,13,31.46067415730337,8.98876404494382,22.47191011235955,68.53932584269663,53.93258426966292,14.606741573033707
E00103136,109,37,19,18,72,57,15,33.94495412844037,17.431192660550458,16.51376146788991,66.05504587155964,52.293577981651374,13.761467889908257
E00103137,103,41,24,17,62,53,9,39.80582524271845,23.300970873786408,16.50485436893204,60.19417475728155,51.45631067961165,8.737864077669903
E00103138,77,20,10,10,57,45,12,25.97402597402597,12.987012987012985,12.987012987012985,74.02597402597402,58.44155844155844,15.584415584415584
E00103139,154,52,16,36,102,93,9,33.76623376623377,10.38961038961039,23.376623376623375,66.23376623376623,60.3896103896104,5.844155844155844
E00103140,72,29,12,17,43,34,9,40.27777777777778,16.666666666666664,23.61111111111111,59.72222222222222,47.22222222222222,12.5
E00103141,92,44,18,26,48,42,6,47.82608695652174,19.565217391304348,28.26086956521739,52.17391304347826,45.65217391304348,6.521739130434782
E00103142,114,34,13,21,80,65,15,29.82456140350877,11.403508771929824,18.421052631578945,70.17543859649122,57.01754385964912,13.157894736842104
E00103143,63,21,8,13,42,32,10,33.33333333333333,12.698412698412698,20.634920634920633,66.66666666666666,50.79365079365079,15.873015873015872
E00103144,132,57,17,40,75,63,12,43.18181818181818,12.878787878787879,30.303030303030305,56.81818181818182,47.72727272727273,9.090909090909092
E00103145,14,4,3,1,10,8,2,28.57142857142857,21.428571428571427,7.142857142857142,71.42857142857143,57.14285714285714,14.285714285714285
E00103146,99,36,9,27,63,50,13,36.36363636363637,9.090909090909092,27.27272727272727,63.63636363636363,50.505050505050505,13.131313131313133
E00103147,154,64,23,41,90,67,23,41.55844155844156,14.935064935064934,26.623376623376622,58.44155844155844,43.506493506493506,14.935064935064934
E00103148,189,65,25,40,124,104,20,34.39153439153439,13.227513227513226,21.164021164021165,65.60846560846561,55.026455026455025,10.582010582010582
E00103149,182,61,25,36,121,104,17,33.51648351648351,13.736263736263737,19.78021978021978,66.48351648351648,57.14285714285714,9.340659340659341
E00103150,124,45,13,32,79,63,16,36.29032258064516,10.483870967741936,25.806451612903224,63.70967741935484,50.806451612903224,12.903225806451612
E00103151,102,36,20,16,66,58,8,35.294117647058826,19.607843137254903,15.686274509803921,64.70588235294117,56.86274509803921,7.8431372549019605
E00103152,87,22,7,15,65,58,7,25.287356321839084,8.045977011494253,17.24137931034483,74.71264367816092,66.66666666666666,8.045977011494253
E00103153,63,26,15,11,37,30,7,41.269841269841265,23.809523809523807,17.46031746031746,58.730158730158735,47.61904761904761,11.11111111111111
E00103154,105,33,10,23,72,66,6,31.428571428571427,9.523809523809524,21.904761904761905,68.57142857142857,62.857142857142854,5.714285714285714
E00103155,135,47,20,27,88,74,14,34.81481481481482,14.814814814814813,20,65.18518518518519,54.81481481481482,10.37037037037037
E00103156,150,57,20,37,93,78,15,38,13.333333333333334,24.666666666666668,62,52,10
E00103157,150,47,15,32,103,89,14,31.333333333333336,10,21.333333333333336,68.66666666666667,59.333333333333336,9.333333333333334
E00103158,157,61,38,23,96,79,17,38.853503184713375,24.203821656050955,14.64968152866242,61.146496815286625,50.318471337579616,10.828025477707007
E00103159,195,58,15,43,137,119,18,29.743589743589745,7.6923076923076925,22.05128205128205,70.25641025641025,61.02564102564103,9.230769230769232
E00103160,134,48,10,38,86,75,11,35.82089552238806,7.462686567164178,28.35820895522388,64.17910447761194,55.970149253731336,8.208955223880597
E00103161,141,53,22,31,88,71,17,37.5886524822695,15.602836879432624,21.98581560283688,62.4113475177305,50.35460992907801,12.056737588652481
E00103162,237,76,25,51,161,136,25,32.06751054852321,10.548523206751055,21.518987341772153,67.9324894514768,57.383966244725734,10.548523206751055
E00103163,191,73,26,47,118,93,25,38.21989528795812,13.612565445026178,24.60732984293194,61.78010471204188,48.69109947643979,13.089005235602095
E00103164,143,40,11,29,103,88,15,27.972027972027973,7.6923076923076925,20.27972027972028,72.02797202797203,61.53846153846154,10.48951048951049
E00103165,152,60,22,38,92,76,16,39.473684210526315,14.473684210526317,25,60.526315789473685,50,10.526315789473683
E00103166,174,75,26,49,99,85,14,43.103448275862064,14.942528735632186,28.160919540229884,56.896551724137936,48.85057471264368,8.045977011494253
E00103167,103,44,21,23,59,52,7,42.71844660194174,20.388349514563107,22.330097087378643,57.28155339805825,50.48543689320388,6.796116504854369
E00103168,182,65,17,48,117,98,19,35.714285714285715,9.340659340659341,26.373626373626376,64.28571428571429,53.84615384615385,10.43956043956044
E00103169,167,53,18,35,114,100,14,31.736526946107784,10.778443113772456,20.958083832335326,68.26347305389223,59.88023952095808,8.383233532934131
E00103170,153,57,21,36,96,84,12,37.254901960784316,13.725490196078432,23.52941176470588,62.745098039215684,54.90196078431373,7.8431372549019605
E00103171,223,71,18,53,152,125,27,31.838565022421523,8.071748878923767,23.766816143497756,68.16143497757847,56.05381165919282,12.10762331838565
E00103172,178,67,21,46,111,96,15,37.640449438202246,11.797752808988763,25.842696629213485,62.35955056179775,53.93258426966292,8.426966292134832
E00103173,117,36,8,28,81,73,8,30.76923076923077,6.837606837606838,23.931623931623932,69.23076923076923,62.39316239316239,6.837606837606838
E00103174,75,31,10,21,44,37,7,41.333333333333336,13.333333333333334,28.000000000000004,58.666666666666664,49.333333333333336,9.333333333333334
E00103175,128,35,7,28,93,79,14,27.34375,5.46875,21.875,72.65625,61.71875,10.9375
E00103176,90,32,13,19,58,46,12,35.55555555555556,14.444444444444443,21.11111111111111,64.44444444444444,51.11111111111111,13.333333333333334
E00103177,77,21,7,14,56,44,12,27.27272727272727,9.090909090909092,18.181818181818183,72.72727272727273,57.14285714285714,15.584415584415584
E00103178,101,36,14,22,65,49,16,35.64356435643564,13.861386138613863,21.782178217821784,64.35643564356435,48.51485148514851,15.841584158415841
E00103179,108,42,21,21,66,55,11,38.88888888888889,19.444444444444446,19.444444444444446,61.111111111111114,50.92592592592593,10.185185185185185
E00103180,128,46,18,28,82,67,15,35.9375,14.0625,21.875,64.0625,52.34375,11.71875
E00103181,122,44,20,24,78,68,10,36.0655737704918,16.39344262295082,19.672131147540984,63.934426229508205,55.73770491803278,8.19672131147541
E00103182,160,47,15,32,113,98,15,29.375,9.375,20,70.625,61.25000000000001,9.375
E00103183,111,44,16,28,67,59,8,39.63963963963964,14.414414414414415,25.225225225225223,60.36036036036037,53.153153153153156,7.207207207207207
E00103184,151,52,21,31,99,85,14,34.437086092715234,13.90728476821192,20.52980132450331,65.56291390728477,56.29139072847682,9.271523178807946
E00103185,144,51,21,30,93,78,15,35.41666666666667,14.583333333333334,20.833333333333336,64.58333333333334,54.166666666666664,10.416666666666668
E00103186,123,43,22,21,80,71,9,34.959349593495936,17.88617886178862,17.073170731707318,65.04065040650406,57.72357723577236,7.317073170731707
E00103187,115,30,9,21,85,74,11,26.08695652173913,7.82608695652174,18.26086956521739,73.91304347826086,64.34782608695652,9.565217391304348
E00103188,110,46,26,20,64,47,17,41.81818181818181,23.636363636363637,18.181818181818183,58.18181818181818,42.72727272727273,15.454545454545453
E00103189,163,61,16,45,102,89,13,37.423312883435585,9.815950920245399,27.607361963190186,62.57668711656442,54.601226993865026,7.975460122699387
E00103190,111,44,23,21,67,54,13,39.63963963963964,20.72072072072072,18.91891891891892,60.36036036036037,48.64864864864865,11.711711711711711
E00103191,152,51,15,36,101,88,13,33.55263157894737,9.868421052631579,23.684210526315788,66.44736842105263,57.89473684210527,8.552631578947368
E00103192,112,49,19,30,63,54,9,43.75,16.964285714285715,26.785714285714285,56.25,48.214285714285715,8.035714285714286
E00103193,109,41,16,25,68,63,5,37.61467889908257,14.678899082568808,22.93577981651376,62.38532110091744,57.798165137614674,4.587155963302752
E00103194,92,31,6,25,61,44,17,33.69565217391305,6.521739130434782,27.173913043478258,66.30434782608695,47.82608695652174,18.478260869565215
E00103195,145,47,17,30,98,84,14,32.41379310344827,11.724137931034482,20.689655172413794,67.58620689655173,57.931034482758626,9.655172413793103
E00103196,154,59,24,35,95,85,10,38.311688311688314,15.584415584415584,22.727272727272727,61.68831168831169,55.1948051948052,6.493506493506493
E00103197,152,51,24,27,101,80,21,33.55263157894737,15.789473684210526,17.763157894736842,66.44736842105263,52.63157894736842,13.815789473684212
E00103198,141,58,29,29,83,67,16,41.13475177304964,20.56737588652482,20.56737588652482,58.86524822695035,47.5177304964539,11.347517730496454
E00103200,131,52,24,28,79,56,23,39.69465648854962,18.3206106870229,21.374045801526716,60.30534351145038,42.74809160305343,17.557251908396946
E00103201,114,49,19,30,65,53,12,42.98245614035088,16.666666666666664,26.31578947368421,57.01754385964912,46.49122807017544,10.526315789473683
E00103202,73,26,8,18,47,42,5,35.61643835616438,10.95890410958904,24.65753424657534,64.38356164383562,57.534246575342465,6.8493150684931505
E00103203,108,49,15,34,59,42,17,45.370370370370374,13.88888888888889,31.48148148148148,54.629629629629626,38.88888888888889,15.74074074074074
E00103204,128,52,17,35,76,59,17,40.625,13.28125,27.34375,59.375,46.09375,13.28125
E00103205,139,49,16,33,90,82,8,35.25179856115108,11.510791366906476,23.741007194244602,64.74820143884892,58.992805755395686,5.755395683453238
E00103206,179,50,13,37,129,101,28,27.932960893854748,7.262569832402235,20.670391061452513,72.06703910614524,56.424581005586596,15.64245810055866
E00103207,126,46,20,26,80,66,14,36.507936507936506,15.873015873015872,20.634920634920633,63.49206349206349,52.38095238095239,11.11111111111111
E00103208,146,43,19,24,103,87,16,29.45205479452055,13.013698630136986,16.43835616438356,70.54794520547945,59.589041095890416,10.95890410958904
E00103209,167,65,22,43,102,91,11,38.92215568862276,13.17365269461078,25.748502994011975,61.07784431137725,54.49101796407185,6.58682634730539
E00103210,104,36,16,20,68,60,8,34.61538461538461,15.384615384615385,19.230769230769234,65.38461538461539,57.692307692307686,7.6923076923076925
E00103211,66,23,3,20,43,37,6,34.84848484848485,4.545454545454546,30.303030303030305,65.15151515151516,56.060606060606055,9.090909090909092
E00103212,97,35,23,12,62,53,9,36.08247422680412,23.711340206185564,12.371134020618557,63.91752577319587,54.63917525773196,9.278350515463918
E00103213,89,37,17,20,52,44,8,41.57303370786517,19.101123595505616,22.47191011235955,58.42696629213483,49.43820224719101,8.98876404494382
E00103214,147,49,17,32,98,81,17,33.33333333333333,11.564625850340136,21.768707482993197,66.66666666666666,55.10204081632652,11.564625850340136
E00103215,133,49,17,32,84,72,12,36.84210526315789,12.781954887218044,24.06015037593985,63.1578947368421,54.13533834586466,9.022556390977442
E00103216,75,26,13,13,49,42,7,34.66666666666667,17.333333333333336,17.333333333333336,65.33333333333333,56.00000000000001,9.333333333333334
E00103217,86,25,12,13,61,54,7,29.069767441860467,13.953488372093023,15.11627906976744,70.93023255813954,62.7906976744186,8.13953488372093
E00103218,90,31,13,18,59,50,9,34.44444444444444,14.444444444444443,20,65.55555555555556,55.55555555555556,10
E00103219,102,39,14,25,63,54,9,38.23529411764706,13.725490196078432,24.509803921568626,61.76470588235294,52.94117647058824,8.823529411764707
E00103220,112,38,6,32,74,64,10,33.92857142857143,5.357142857142857,28.57142857142857,66.07142857142857,57.14285714285714,8.928571428571429
E00103221,130,42,14,28,88,69,19,32.30769230769231,10.76923076923077,21.53846153846154,67.6923076923077,53.07692307692308,14.615384615384617
E00103223,118,40,15,25,78,67,11,33.89830508474576,12.711864406779661,21.1864406779661,66.10169491525424,56.779661016949156,9.322033898305085
E00103224,147,50,17,33,97,84,13,34.01360544217687,11.564625850340136,22.448979591836736,65.98639455782312,57.14285714285714,8.843537414965986
E00103225,149,49,10,39,100,84,16,32.88590604026846,6.7114093959731544,26.174496644295303,67.11409395973155,56.375838926174495,10.738255033557047
E00103226,119,34,13,21,85,75,10,28.57142857142857,10.92436974789916,17.647058823529413,71.42857142857143,63.02521008403361,8.403361344537815
E00103227,84,43,21,22,41,35,6,51.19047619047619,25,26.190476190476193,48.80952380952381,41.66666666666667,7.142857142857142
E00103228,97,36,10,26,61,50,11,37.11340206185567,10.309278350515463,26.804123711340207,62.88659793814433,51.546391752577314,11.34020618556701
E00103229,90,26,10,16,64,51,13,28.888888888888886,11.11111111111111,17.77777777777778,71.11111111111111,56.666666666666664,14.444444444444443
E00103230,244,81,17,64,163,138,25,33.19672131147541,6.967213114754098,26.229508196721312,66.80327868852459,56.557377049180324,10.245901639344263
E00103231,157,71,26,45,86,66,20,45.22292993630573,16.560509554140125,28.662420382165603,54.77707006369427,42.038216560509554,12.738853503184714
E00103232,124,50,20,30,74,59,15,40.32258064516129,16.129032258064516,24.193548387096776,59.67741935483871,47.58064516129033,12.096774193548388
E00103233,112,38,14,24,74,65,9,33.92857142857143,12.5,21.428571428571427,66.07142857142857,58.03571428571429,8.035714285714286
E00103234,110,36,12,24,74,66,8,32.72727272727273,10.909090909090908,21.818181818181817,67.27272727272727,60,7.2727272727272725
E00172087,102,24,6,18,78,63,15,23.52941176470588,5.88235294117647,17.647058823529413,76.47058823529412,61.76470588235294,14.705882352941178
E00172091,141,38,8,30,103,86,17,26.95035460992908,5.673758865248227,21.27659574468085,73.04964539007092,60.99290780141844,12.056737588652481
E00172092,70,31,12,19,39,33,6,44.285714285714285,17.142857142857142,27.142857142857142,55.714285714285715,47.14285714285714,8.571428571428571
E00172093,79,21,9,12,58,46,12,26.582278481012654,11.39240506329114,15.18987341772152,73.41772151898735,58.22784810126582,15.18987341772152
E00172094,161,46,17,29,115,105,10,28.57142857142857,10.559006211180124,18.012422360248447,71.42857142857143,65.21739130434783,6.211180124223603
E00172095,142,70,33,37,72,65,7,49.29577464788733,23.239436619718308,26.056338028169012,50.70422535211267,45.774647887323944,4.929577464788732
E00172096,184,36,11,25,148,130,18,19.565217391304348,5.978260869565218,13.586956521739129,80.43478260869566,70.65217391304348,9.782608695652174
E00172097,161,36,19,17,125,112,13,22.36024844720497,11.801242236024844,10.559006211180124,77.63975155279503,69.56521739130434,8.074534161490684
E00172098,141,38,9,29,103,96,7,26.95035460992908,6.382978723404255,20.56737588652482,73.04964539007092,68.08510638297872,4.964539007092199
E00172727,96,24,10,14,72,64,8,25,10.416666666666668,14.583333333333334,75,66.66666666666666,8.333333333333332
E00172732,85,25,9,16,60,49,11,29.411764705882355,10.588235294117647,18.823529411764707,70.58823529411765,57.647058823529406,12.941176470588237
E00172733,145,29,9,20,116,101,15,20,6.206896551724138,13.793103448275861,80,69.6551724137931,10.344827586206897
E00172735,99,22,6,16,77,67,10,22.22222222222222,6.0606060606060606,16.161616161616163,77.77777777777779,67.67676767676768,10.1010101010101
E00172736,144,38,11,27,106,93,13,26.38888888888889,7.638888888888889,18.75,73.61111111111111,64.58333333333334,9.027777777777777
E00172738,134,35,15,20,99,99,0,26.119402985074625,11.194029850746269,14.925373134328357,73.88059701492537,73.88059701492537,0
E00172741,90,25,7,18,65,61,4,27.77777777777778,7.777777777777778,20,72.22222222222221,67.77777777777779,4.444444444444445
E00172743,90,18,12,6,72,62,10,20,13.333333333333334,6.666666666666667,80,68.88888888888889,11.11111111111111
E00172744,133,43,21,22,90,75,15,32.33082706766917,15.789473684210526,16.541353383458645,67.66917293233082,56.390977443609025,11.278195488721805
E00172745,205,79,54,25,126,108,18,38.53658536585366,26.34146341463415,12.195121951219512,61.46341463414634,52.6829268292683,8.780487804878048
E00172746,221,91,32,59,130,119,11,41.17647058823529,14.479638009049776,26.69683257918552,58.82352941176471,53.84615384615385,4.97737556561086
E00172747,110,23,12,11,87,76,11,20.909090909090907,10.909090909090908,10,79.0909090909091,69.0909090909091,10
E00172748,91,25,13,12,66,54,12,27.472527472527474,14.285714285714285,13.186813186813188,72.52747252747253,59.34065934065934,13.186813186813188
E00172749,142,59,14,45,83,73,10,41.54929577464789,9.859154929577464,31.690140845070424,58.45070422535211,51.40845070422535,7.042253521126761
E00172750,142,37,14,23,105,95,10,26.056338028169012,9.859154929577464,16.19718309859155,73.94366197183099,66.90140845070422,7.042253521126761
E00172751,96,28,14,14,68,52,16,29.166666666666668,14.583333333333334,14.583333333333334,70.83333333333334,54.166666666666664,16.666666666666664
E00172752,182,131,87,44,51,51,0,71.97802197802197,47.8021978021978,24.175824175824175,28.021978021978022,28.021978021978022,0
E00172753,161,42,13,29,119,97,22,26.08695652173913,8.074534161490684,18.012422360248447,73.91304347826086,60.24844720496895,13.664596273291925
E00172754,160,44,14,30,116,100,16,27.500000000000004,8.75,18.75,72.5,62.5,10
E00172755,131,35,8,27,96,89,7,26.717557251908396,6.106870229007633,20.610687022900763,73.2824427480916,67.93893129770993,5.343511450381679
E00172756,75,21,11,10,54,43,11,28.000000000000004,14.666666666666666,13.333333333333334,72,57.333333333333336,14.666666666666666
E00172757,161,64,25,39,97,80,17,39.75155279503105,15.527950310559005,24.22360248447205,60.24844720496895,49.68944099378882,10.559006211180124
E00172758,94,19,4,15,75,64,11,20.212765957446805,4.25531914893617,15.957446808510639,79.7872340425532,68.08510638297872,11.702127659574469
E00172759,104,32,10,22,72,68,4,30.76923076923077,9.615384615384617,21.153846153846153,69.23076923076923,65.38461538461539,3.8461538461538463
E00172760,112,31,10,21,81,72,9,27.67857142857143,8.928571428571429,18.75,72.32142857142857,64.28571428571429,8.035714285714286
E00172761,197,60,27,33,137,116,21,30.456852791878177,13.705583756345177,16.751269035532996,69.54314720812182,58.88324873096447,10.65989847715736
E00172762,80,22,12,10,58,53,5,27.500000000000004,15,12.5,72.5,66.25,6.25
E00172763,257,49,20,29,208,189,19,19.06614785992218,7.782101167315175,11.284046692607005,80.93385214007782,73.54085603112841,7.392996108949417
E00172764,170,29,9,20,141,128,13,17.058823529411764,5.294117647058823,11.76470588235294,82.94117647058825,75.29411764705883,7.647058823529412
E00180400,232,43,12,31,189,160,29,18.53448275862069,5.172413793103448,13.36206896551724,81.46551724137932,68.96551724137932,12.5
E00180401,146,42,18,24,104,59,45,28.767123287671232,12.32876712328767,16.43835616438356,71.23287671232876,40.41095890410959,30.82191780821918
E00180403,108,22,7,15,86,81,5,20.37037037037037,6.481481481481481,13.88888888888889,79.62962962962963,75,4.62962962962963
E00180404,114,42,19,23,72,67,5,36.84210526315789,16.666666666666664,20.175438596491226,63.1578947368421,58.77192982456141,4.385964912280701
E00180405,166,90,50,40,76,63,13,54.21686746987952,30.120481927710845,24.096385542168676,45.78313253012048,37.95180722891566,7.83132530120482
E00180406,97,23,13,10,74,67,7,23.711340206185564,13.402061855670103,10.309278350515463,76.28865979381443,69.0721649484536,7.216494845360824
E00180408,35,7,2,5,28,28,0,20,5.714285714285714,14.285714285714285,80,80,0
E00180409,100,30,13,17,70,58,12,30,13,17,70,57.99999999999999,12
E00180413,86,24,8,16,62,57,5,27.906976744186046,9.30232558139535,18.6046511627907,72.09302325581395,66.27906976744185,5.813953488372093
E00180414,245,78,40,38,167,150,17,31.83673469387755,16.3265306122449,15.510204081632653,68.16326530612244,61.224489795918366,6.938775510204081
E00180415,173,147,102,45,26,25,1,84.97109826589595,58.95953757225434,26.011560693641616,15.028901734104046,14.450867052023122,0.5780346820809248
E00180418,272,95,33,62,177,161,16,34.92647058823529,12.132352941176471,22.794117647058822,65.07352941176471,59.19117647058824,5.88235294117647
E00180419,101,27,9,18,74,65,9,26.732673267326735,8.91089108910891,17.82178217821782,73.26732673267327,64.35643564356435,8.91089108910891
E00180420,118,31,12,19,87,76,11,26.27118644067797,10.16949152542373,16.101694915254235,73.72881355932203,64.40677966101694,9.322033898305085
E00180421,83,37,14,23,46,38,8,44.57831325301205,16.867469879518072,27.710843373493976,55.42168674698795,45.78313253012048,9.63855421686747
E00180422,204,87,49,38,117,103,14,42.64705882352941,24.019607843137255,18.627450980392158,57.35294117647059,50.49019607843137,6.862745098039216
E00180423,67,23,7,16,44,38,6,34.32835820895522,10.44776119402985,23.88059701492537,65.67164179104478,56.71641791044776,8.955223880597014
E00180426,253,40,15,25,213,176,37,15.810276679841898,5.928853754940711,9.881422924901186,84.18972332015811,69.56521739130434,14.624505928853754
E00180428,171,66,29,37,105,86,19,38.59649122807017,16.95906432748538,21.637426900584796,61.40350877192983,50.29239766081871,11.11111111111111
E00180429,97,33,11,22,64,49,15,34.02061855670103,11.34020618556701,22.68041237113402,65.97938144329896,50.51546391752577,15.463917525773196
E00180430,217,67,21,46,150,139,11,30.87557603686636,9.67741935483871,21.19815668202765,69.12442396313364,64.0552995391705,5.0691244239631335
E00180432,192,79,28,51,113,100,13,41.14583333333333,14.583333333333334,26.5625,58.854166666666664,52.083333333333336,6.770833333333333
E00180433,185,49,27,22,136,115,21,26.486486486486488,14.594594594594595,11.891891891891893,73.51351351351352,62.16216216216216,11.351351351351353
E00180434,152,40,13,27,112,93,19,26.31578947368421,8.552631578947368,17.763157894736842,73.68421052631578,61.18421052631579,12.5
E00180435,185,48,19,29,137,123,14,25.945945945945947,10.27027027027027,15.675675675675677,74.05405405405405,66.48648648648648,7.567567567567568
E00180437,242,86,26,60,156,144,12,35.53719008264463,10.743801652892563,24.793388429752067,64.46280991735537,59.50413223140496,4.958677685950414
E00180441,178,63,24,39,115,103,12,35.39325842696629,13.48314606741573,21.910112359550563,64.60674157303372,57.865168539325836,6.741573033707865
E00180442,192,92,46,46,100,88,12,47.91666666666667,23.958333333333336,23.958333333333336,52.083333333333336,45.83333333333333,6.25
E00180444,132,44,17,27,88,81,7,33.33333333333333,12.878787878787879,20.454545454545457,66.66666666666666,61.36363636363637,5.303030303030303
E00180445,168,39,10,29,129,116,13,23.214285714285715,5.952380952380952,17.261904761904763,76.78571428571429,69.04761904761905,7.738095238095238
E00180447,134,47,17,30,87,76,11,35.07462686567165,12.686567164179104,22.388059701492537,64.92537313432835,56.71641791044776,8.208955223880597
E00180448,93,15,11,4,78,67,11,16.129032258064516,11.827956989247312,4.301075268817205,83.87096774193549,72.04301075268818,11.827956989247312
E00180449,71,16,5,11,55,47,8,22.535211267605636,7.042253521126761,15.492957746478872,77.46478873239437,66.19718309859155,11.267605633802818
E00180451,246,53,20,33,193,171,22,21.544715447154474,8.130081300813007,13.414634146341465,78.45528455284553,69.51219512195121,8.94308943089431
E00180453,255,71,21,50,184,170,14,27.84313725490196,8.235294117647058,19.607843137254903,72.15686274509804,66.66666666666666,5.490196078431373
E00180454,59,11,9,2,48,42,6,18.64406779661017,15.254237288135593,3.389830508474576,81.35593220338984,71.1864406779661,10.16949152542373
E00180455,113,34,9,25,79,68,11,30.08849557522124,7.964601769911504,22.123893805309734,69.91150442477876,60.17699115044248,9.734513274336283
E00180456,309,82,23,59,227,204,23,26.537216828478964,7.443365695792881,19.093851132686083,73.46278317152104,66.01941747572816,7.443365695792881
E00180458,77,13,6,7,64,60,4,16.883116883116884,7.792207792207792,9.090909090909092,83.11688311688312,77.92207792207793,5.194805194805195
