OA,ts0380001,ts0380002,ts0380003,ts0380004,ts0380005,ts0380006,ts0380007,ts0380002_PCT,ts0380003_PCT,ts0380004_PCT,ts0380005_PCT,ts0380006_PCT,ts0380007_PCT
E00088976,378,48,22,26,330,30,300,12.698412698412698,5.82010582010582,6.878306878306878,87.3015873015873,7.936507936507936,79.36507936507937
E00088977,325,71,35,36,254,22,232,21.846153846153847,10.76923076923077,11.076923076923077,78.15384615384615,6.769230769230769,71.38461538461539
E00088978,329,40,7,33,289,24,265,12.158054711246201,2.127659574468085,10.030395136778116,87.84194528875379,7.29483282674772,80.54711246200608
E00088979,495,76,27,49,419,34,385,15.353535353535353,5.454545454545454,9.8989898989899,84.64646464646465,6.8686868686868685,77.77777777777779
E00088981,150,17,6,11,133,19,114,11.333333333333332,4,7.333333333333333,88.66666666666667,12.666666666666668,76
E00088982,274,53,19,34,221,27,194,19.34306569343066,6.934306569343065,12.408759124087592,80.65693430656934,9.854014598540147,70.8029197080292
E00088983,456,53,27,26,403,38,365,11.62280701754386,5.921052631578947,5.701754385964912,88.37719298245614,8.333333333333332,80.04385964912281
E00088984,346,33,9,24,313,24,289,9.53757225433526,2.601156069364162,6.9364161849710975,90.46242774566474,6.9364161849710975,83.52601156069365
E00088985,546,65,18,47,481,47,434,11.904761904761903,3.296703296703297,8.608058608058608,88.09523809523809,8.608058608058608,79.48717948717949
E00088986,383,40,12,28,343,29,314,10.443864229765012,3.1331592689295036,7.310704960835509,89.55613577023499,7.5718015665796345,81.98433420365535
E00088987,359,40,9,31,319,33,286,11.142061281337048,2.5069637883008355,8.635097493036211,88.85793871866295,9.192200557103064,79.66573816155989
E00088988,142,20,5,15,122,11,111,14.084507042253522,3.5211267605633805,10.56338028169014,85.91549295774648,7.746478873239436,78.16901408450704
E00088989,348,57,21,36,291,28,263,16.379310344827587,6.0344827586206895,10.344827586206897,83.62068965517241,8.045977011494253,75.57471264367817
E00088991,382,99,69,30,283,31,252,25.916230366492147,18.06282722513089,7.853403141361256,74.08376963350786,8.115183246073299,65.96858638743456
E00088992,318,53,17,36,265,27,238,16.666666666666664,5.345911949685535,11.320754716981133,83.33333333333334,8.49056603773585,74.84276729559748
E00088993,323,53,20,33,270,25,245,16.408668730650156,6.191950464396285,10.21671826625387,83.59133126934985,7.739938080495357,75.85139318885449
E00088994,268,36,14,22,232,19,213,13.432835820895523,5.223880597014925,8.208955223880597,86.56716417910447,7.08955223880597,79.47761194029852
E00088995,311,33,12,21,278,39,239,10.610932475884244,3.858520900321544,6.752411575562702,89.38906752411575,12.540192926045016,76.84887459807074
E00088996,369,45,15,30,324,29,295,12.195121951219512,4.0650406504065035,8.130081300813007,87.8048780487805,7.8590785907859075,79.94579945799458
E00088997,313,53,15,38,260,13,247,16.93290734824281,4.792332268370607,12.140575079872203,83.06709265175719,4.15335463258786,78.91373801916933
E00088998,330,74,24,50,256,17,239,22.424242424242426,7.2727272727272725,15.151515151515152,77.57575757575758,5.151515151515151,72.42424242424242
E00088999,256,36,18,18,220,27,193,14.0625,7.03125,7.03125,85.9375,10.546875,75.390625
E00089000,276,47,16,31,229,17,212,17.02898550724638,5.797101449275362,11.231884057971014,82.97101449275362,6.159420289855073,76.81159420289855
E00089001,295,34,11,23,261,21,240,11.525423728813559,3.728813559322034,7.796610169491526,88.47457627118645,7.118644067796611,81.35593220338984
E00089005,308,73,34,39,235,17,218,23.7012987012987,11.03896103896104,12.662337662337661,76.2987012987013,5.51948051948052,70.77922077922078
E00089006,394,72,26,46,322,28,294,18.274111675126903,6.598984771573605,11.6751269035533,81.7258883248731,7.1065989847715745,74.61928934010153
E00089007,348,34,12,22,314,22,292,9.770114942528735,3.4482758620689653,6.321839080459771,90.22988505747126,6.321839080459771,83.9080459770115
E00089008,269,50,22,28,219,12,207,18.587360594795538,8.178438661710038,10.408921933085502,81.41263940520446,4.4609665427509295,76.95167286245353
E00089009,389,48,10,38,341,39,302,12.339331619537274,2.570694087403599,9.768637532133676,87.66066838046272,10.025706940874036,77.6349614395887
E00089011,322,60,20,40,262,29,233,18.633540372670808,6.211180124223603,12.422360248447205,81.36645962732919,9.006211180124224,72.36024844720497
E00089013,218,67,37,30,151,18,133,30.73394495412844,16.972477064220186,13.761467889908257,69.26605504587155,8.256880733944955,61.00917431192661
E00089014,288,33,9,24,255,22,233,11.458333333333332,3.125,8.333333333333332,88.54166666666666,7.638888888888889,80.90277777777779
E00089015,310,47,16,31,263,32,231,15.161290322580644,5.161290322580645,10,84.83870967741936,10.32258064516129,74.51612903225806
E00089016,338,41,11,30,297,22,275,12.1301775147929,3.2544378698224854,8.875739644970414,87.86982248520711,6.508875739644971,81.36094674556213
E00089017,315,35,7,28,280,26,254,11.11111111111111,2.2222222222222223,8.88888888888889,88.88888888888889,8.253968253968253,80.63492063492063
E00089018,315,48,25,23,267,24,243,15.238095238095239,7.936507936507936,7.301587301587302,84.76190476190476,7.6190476190476195,77.14285714285715
E00089019,329,46,12,34,283,29,254,13.98176291793313,3.64741641337386,10.33434650455927,86.01823708206688,8.814589665653495,77.20364741641338
E00089020,182,32,11,21,150,18,132,17.582417582417584,6.043956043956044,11.538461538461538,82.41758241758241,9.89010989010989,72.52747252747253
E00089021,307,44,14,30,263,24,239,14.332247557003258,4.5602605863192185,9.77198697068404,85.66775244299674,7.81758957654723,77.85016286644951
E00089022,310,54,16,38,256,25,231,17.419354838709676,5.161290322580645,12.258064516129032,82.58064516129032,8.064516129032258,74.51612903225806
E00089023,360,49,17,32,311,28,283,13.61111111111111,4.722222222222222,8.88888888888889,86.38888888888889,7.777777777777778,78.61111111111111
E00089024,277,47,19,28,230,23,207,16.967509025270758,6.859205776173286,10.108303249097473,83.03249097472924,8.303249097472925,74.72924187725631
E00089025,325,43,12,31,282,29,253,13.230769230769232,3.6923076923076925,9.538461538461538,86.76923076923076,8.923076923076923,77.84615384615384
E00089026,327,56,24,32,271,24,247,17.12538226299694,7.339449541284404,9.785932721712538,82.87461773700305,7.339449541284404,75.53516819571865
E00089027,288,48,14,34,240,26,214,16.666666666666664,4.861111111111112,11.805555555555555,83.33333333333334,9.027777777777777,74.30555555555556
E00089028,319,44,19,25,275,15,260,13.793103448275861,5.956112852664576,7.836990595611286,86.20689655172413,4.702194357366771,81.50470219435736
E00089029,300,40,13,27,260,33,227,13.333333333333334,4.333333333333334,9,86.66666666666667,11,75.66666666666667
E00089030,381,102,55,47,279,31,248,26.77165354330709,14.435695538057743,12.335958005249344,73.22834645669292,8.136482939632545,65.09186351706036
E00089031,263,40,9,31,223,25,198,15.209125475285171,3.4220532319391634,11.787072243346007,84.79087452471484,9.505703422053232,75.2851711026616
E00089032,323,28,7,21,295,22,273,8.6687306501548,2.1671826625387,6.5015479876160995,91.3312693498452,6.811145510835913,84.52012383900929
E00089033,337,47,22,25,290,33,257,13.94658753709199,6.528189910979229,7.418397626112759,86.05341246290801,9.792284866468842,76.26112759643917
E00089034,249,51,32,19,198,20,178,20.481927710843372,12.851405622489958,7.630522088353414,79.51807228915662,8.032128514056225,71.4859437751004
E00089035,326,54,19,35,272,23,249,16.56441717791411,5.828220858895705,10.736196319018406,83.43558282208589,7.05521472392638,76.38036809815951
E00089036,406,44,12,32,362,28,334,10.83743842364532,2.955665024630542,7.8817733990147785,89.16256157635468,6.896551724137931,82.26600985221675
E00089037,343,44,17,27,299,26,273,12.82798833819242,4.956268221574344,7.871720116618077,87.17201166180757,7.580174927113703,79.59183673469387
E00089038,310,46,21,25,264,21,243,14.838709677419354,6.774193548387098,8.064516129032258,85.16129032258064,6.774193548387098,78.38709677419354
E00089039,352,35,9,26,317,41,276,9.943181818181818,2.556818181818182,7.386363636363637,90.05681818181817,11.647727272727272,78.4090909090909
E00089040,280,62,25,37,218,16,202,22.142857142857142,8.928571428571429,13.214285714285715,77.85714285714286,5.714285714285714,72.14285714285714
E00089041,309,42,14,28,267,23,244,13.592233009708737,4.53074433656958,9.06148867313916,86.40776699029125,7.443365695792881,78.96440129449837
E00089042,312,60,16,44,252,28,224,19.230769230769234,5.128205128205128,14.102564102564102,80.76923076923077,8.974358974358974,71.7948717948718
E00089043,446,50,14,36,396,43,353,11.210762331838566,3.1390134529147984,8.071748878923767,88.78923766816143,9.641255605381167,79.14798206278026
E00089044,378,60,26,34,318,27,291,15.873015873015872,6.878306878306878,8.994708994708994,84.12698412698413,7.142857142857142,76.98412698412699
E00089045,230,16,4,12,214,11,203,6.956521739130435,1.7391304347826086,5.217391304347826,93.04347826086956,4.782608695652174,88.26086956521739
E00089047,333,55,25,30,278,19,259,16.516516516516518,7.5075075075075075,9.00900900900901,83.48348348348348,5.7057057057057055,77.77777777777779
E00089048,137,12,4,8,125,10,115,8.75912408759124,2.9197080291970803,5.839416058394161,91.24087591240875,7.2992700729927,83.94160583941606
E00089049,263,33,12,21,230,26,204,12.547528517110266,4.562737642585551,7.984790874524715,87.45247148288973,9.885931558935361,77.56653992395437
E00089050,274,42,15,27,232,29,203,15.328467153284672,5.474452554744526,9.854014598540147,84.67153284671532,10.583941605839415,74.08759124087592
E00089051,301,48,16,32,253,35,218,15.946843853820598,5.3156146179401995,10.631229235880399,84.0531561461794,11.627906976744185,72.42524916943522
E00089052,314,34,9,25,280,27,253,10.828025477707007,2.8662420382165608,7.961783439490445,89.171974522293,8.598726114649681,80.57324840764332
E00089053,297,33,11,22,264,23,241,11.11111111111111,3.7037037037037033,7.4074074074074066,88.88888888888889,7.744107744107744,81.14478114478115
E00089054,361,48,17,31,313,30,283,13.29639889196676,4.7091412742382275,8.587257617728532,86.70360110803324,8.310249307479225,78.39335180055402
E00089055,446,65,21,44,381,43,338,14.573991031390134,4.708520179372197,9.865470852017937,85.42600896860986,9.641255605381167,75.7847533632287
E00089056,326,50,21,29,276,30,246,15.337423312883436,6.441717791411043,8.895705521472392,84.66257668711657,9.202453987730062,75.4601226993865
E00089057,311,46,14,32,265,23,242,14.790996784565916,4.501607717041801,10.289389067524116,85.20900321543408,7.395498392282958,77.81350482315112
E00089058,306,35,10,25,271,25,246,11.437908496732026,3.2679738562091507,8.169934640522875,88.56209150326796,8.169934640522875,80.3921568627451
E00089059,273,44,10,34,229,19,210,16.117216117216117,3.6630036630036633,12.454212454212454,83.88278388278388,6.95970695970696,76.92307692307693
E00089060,346,52,9,43,294,28,266,15.028901734104046,2.601156069364162,12.427745664739884,84.97109826589595,8.092485549132949,76.878612716763
E00089061,282,64,24,40,218,26,192,22.69503546099291,8.51063829787234,14.184397163120568,77.30496453900709,9.219858156028367,68.08510638297872
E00089062,206,32,13,19,174,21,153,15.53398058252427,6.310679611650485,9.223300970873787,84.46601941747572,10.194174757281553,74.27184466019418
E00089063,291,22,5,17,269,27,242,7.560137457044673,1.718213058419244,5.841924398625429,92.43986254295532,9.278350515463918,83.16151202749141
E00089064,201,19,2,17,182,20,162,9.45273631840796,0.9950248756218906,8.45771144278607,90.54726368159204,9.950248756218906,80.59701492537313
E00089066,272,55,18,37,217,25,192,20.22058823529412,6.61764705882353,13.602941176470587,79.77941176470588,9.191176470588236,70.58823529411765
E00089067,337,34,13,21,303,27,276,10.089020771513352,3.857566765578635,6.231454005934718,89.91097922848664,8.011869436201781,81.89910979228486
E00089068,341,45,20,25,296,32,264,13.196480938416421,5.865102639296188,7.331378299120235,86.80351906158357,9.3841642228739,77.41935483870968
E00089069,249,41,12,29,208,22,186,16.46586345381526,4.819277108433735,11.646586345381527,83.53413654618474,8.835341365461847,74.69879518072288
E00089070,244,22,1,21,222,15,207,9.01639344262295,0.4098360655737705,8.60655737704918,90.98360655737704,6.147540983606557,84.8360655737705
E00089071,268,50,22,28,218,28,190,18.65671641791045,8.208955223880597,10.44776119402985,81.34328358208955,10.44776119402985,70.8955223880597
E00089072,285,58,24,34,227,21,206,20.350877192982455,8.421052631578947,11.929824561403509,79.64912280701755,7.368421052631578,72.28070175438597
E00089073,284,36,7,29,248,26,222,12.676056338028168,2.464788732394366,10.211267605633804,87.32394366197182,9.15492957746479,78.16901408450704
E00089074,307,51,22,29,256,32,224,16.612377850162865,7.166123778501629,9.446254071661238,83.38762214983714,10.423452768729643,72.9641693811075
E00089075,348,71,23,48,277,26,251,20.402298850574713,6.609195402298851,13.793103448275861,79.59770114942529,7.471264367816093,72.12643678160919
E00089076,352,65,35,30,287,24,263,18.46590909090909,9.943181818181818,8.522727272727272,81.5340909090909,6.8181818181818175,74.7159090909091
E00089077,323,70,36,34,253,24,229,21.671826625387,11.145510835913312,10.526315789473683,78.328173374613,7.430340557275541,70.89783281733746
E00089078,429,56,18,38,373,34,339,13.053613053613052,4.195804195804196,8.857808857808857,86.94638694638695,7.925407925407925,79.02097902097903
E00089079,334,47,10,37,287,17,270,14.071856287425149,2.9940119760479043,11.077844311377245,85.92814371257485,5.089820359281437,80.83832335329342
E00089080,359,47,15,32,312,24,288,13.09192200557103,4.178272980501393,8.913649025069638,86.90807799442896,6.685236768802229,80.22284122562674
E00089081,353,53,12,41,300,33,267,15.01416430594901,3.39943342776204,11.614730878186968,84.98583569405099,9.34844192634561,75.63739376770539
E00089082,328,48,16,32,280,34,246,14.634146341463413,4.878048780487805,9.75609756097561,85.36585365853658,10.365853658536585,75
E00089084,304,35,11,24,269,30,239,11.513157894736842,3.618421052631579,7.894736842105263,88.48684210526315,9.868421052631579,78.61842105263158
E00089085,294,33,11,22,261,22,239,11.224489795918368,3.741496598639456,7.482993197278912,88.77551020408163,7.482993197278912,81.29251700680273
E00089087,272,34,17,17,238,23,215,12.5,6.25,6.25,87.5,8.455882352941178,79.04411764705883
E00089088,357,45,21,24,312,44,268,12.605042016806722,5.88235294117647,6.722689075630252,87.39495798319328,12.324929971988796,75.07002801120449
E00089090,258,24,7,17,234,28,206,9.30232558139535,2.7131782945736433,6.5891472868217065,90.69767441860465,10.852713178294573,79.84496124031007
E00089091,202,39,13,26,163,14,149,19.306930693069308,6.435643564356436,12.871287128712872,80.6930693069307,6.9306930693069315,73.76237623762376
E00089092,481,79,39,40,402,29,373,16.424116424116423,8.108108108108109,8.316008316008316,83.57588357588358,6.029106029106029,77.54677754677755
E00089093,343,40,10,30,303,30,273,11.661807580174926,2.9154518950437316,8.746355685131196,88.33819241982506,8.746355685131196,79.59183673469387
E00089094,199,28,9,19,171,18,153,14.07035175879397,4.522613065326634,9.547738693467336,85.92964824120602,9.045226130653267,76.88442211055276
E00089095,239,41,10,31,198,30,168,17.154811715481173,4.184100418410042,12.97071129707113,82.84518828451883,12.552301255230125,70.29288702928869
E00089096,255,56,31,25,199,16,183,21.96078431372549,12.156862745098039,9.803921568627452,78.03921568627452,6.2745098039215685,71.76470588235294
E00089097,123,14,3,11,109,11,98,11.38211382113821,2.4390243902439024,8.94308943089431,88.6178861788618,8.94308943089431,79.67479674796748
E00089098,282,31,5,26,251,20,231,10.99290780141844,1.773049645390071,9.219858156028367,89.00709219858156,7.092198581560284,81.91489361702128
E00089099,456,57,16,41,399,35,364,12.5,3.508771929824561,8.991228070175438,87.5,7.675438596491229,79.82456140350878
E00089100,400,53,19,34,347,37,310,13.25,4.75,8.5,86.75,9.25,77.5
E00089101,358,48,14,34,310,37,273,13.40782122905028,3.910614525139665,9.497206703910614,86.59217877094973,10.335195530726256,76.25698324022346
E00089102,302,45,11,34,257,25,232,14.90066225165563,3.642384105960265,11.258278145695364,85.09933774834437,8.27814569536424,76.82119205298014
E00089103,308,34,13,21,274,26,248,11.03896103896104,4.220779220779221,6.8181818181818175,88.96103896103897,8.441558441558442,80.51948051948052
E00089104,286,36,8,28,250,23,227,12.587412587412588,2.797202797202797,9.79020979020979,87.41258741258741,8.041958041958042,79.37062937062937
E00089105,341,61,25,36,280,14,266,17.888563049853374,7.331378299120235,10.557184750733137,82.11143695014663,4.105571847507331,78.00586510263929
E00089106,283,45,13,32,238,32,206,15.901060070671377,4.593639575971731,11.307420494699647,84.09893992932862,11.307420494699647,72.79151943462897
E00089107,238,28,9,19,210,20,190,11.76470588235294,3.7815126050420167,7.9831932773109235,88.23529411764706,8.403361344537815,79.83193277310924
E00089108,462,70,30,40,392,37,355,15.151515151515152,6.493506493506493,8.658008658008658,84.84848484848484,8.008658008658008,76.83982683982684
E00089109,298,31,8,23,267,23,244,10.40268456375839,2.684563758389262,7.718120805369128,89.59731543624162,7.718120805369128,81.87919463087249
E00089110,308,39,11,28,269,27,242,12.662337662337661,3.571428571428571,9.090909090909092,87.33766233766234,8.766233766233766,78.57142857142857
E00089111,243,46,15,31,197,16,181,18.930041152263374,6.172839506172839,12.757201646090536,81.06995884773663,6.584362139917696,74.48559670781893
E00089112,334,48,19,29,286,17,269,14.37125748502994,5.688622754491018,8.682634730538922,85.62874251497006,5.089820359281437,80.53892215568862
E00089113,411,54,23,31,357,21,336,13.138686131386862,5.59610705596107,7.542579075425791,86.86131386861314,5.109489051094891,81.75182481751825
E00089114,174,55,20,35,119,5,114,31.60919540229885,11.494252873563218,20.114942528735632,68.39080459770115,2.8735632183908044,65.51724137931035
E00089115,349,49,18,31,300,21,279,14.040114613180515,5.157593123209169,8.882521489971348,85.95988538681948,6.017191977077363,79.94269340974212
E00089116,468,70,23,47,398,24,374,14.957264957264957,4.914529914529915,10.042735042735043,85.04273504273505,5.128205128205128,79.91452991452992
E00089117,280,28,8,20,252,13,239,10,2.857142857142857,7.142857142857142,90,4.642857142857143,85.35714285714285
E00089118,231,29,8,21,202,26,176,12.554112554112553,3.463203463203463,9.090909090909092,87.44588744588745,11.255411255411255,76.19047619047619
E00089119,339,38,14,24,301,25,276,11.209439528023598,4.129793510324483,7.079646017699115,88.79056047197639,7.374631268436578,81.41592920353983
E00089120,259,34,7,27,225,20,205,13.127413127413126,2.7027027027027026,10.424710424710424,86.87258687258688,7.722007722007722,79.15057915057915
E00089121,318,40,9,31,278,22,256,12.578616352201259,2.8301886792452833,9.748427672955975,87.42138364779875,6.918238993710692,80.50314465408806
E00089122,260,26,6,20,234,19,215,10,2.307692307692308,7.6923076923076925,90,7.307692307692308,82.6923076923077
E00089124,268,23,8,15,245,14,231,8.582089552238806,2.9850746268656714,5.597014925373134,91.4179104477612,5.223880597014925,86.19402985074626
E00089125,330,40,13,27,290,25,265,12.121212121212121,3.939393939393939,8.181818181818182,87.87878787878788,7.575757575757576,80.3030303030303
E00089126,364,39,13,26,325,27,298,10.714285714285714,3.571428571428571,7.142857142857142,89.28571428571429,7.417582417582418,81.86813186813187
E00089127,260,25,7,18,235,25,210,9.615384615384617,2.6923076923076925,6.923076923076923,90.38461538461539,9.615384615384617,80.76923076923077
E00089128,443,46,14,32,397,51,346,10.383747178329571,3.160270880361174,7.223476297968396,89.61625282167043,11.512415349887133,78.1038374717833
E00089129,517,59,17,42,458,35,423,11.411992263056092,3.2882011605415857,8.123791102514506,88.58800773694391,6.769825918762089,81.81818181818183
E00089130,232,39,8,31,193,27,166,16.810344827586206,3.4482758620689653,13.36206896551724,83.1896551724138,11.637931034482758,71.55172413793103
E00089131,185,36,20,16,149,15,134,19.45945945945946,10.81081081081081,8.64864864864865,80.54054054054053,8.108108108108109,72.43243243243244
E00089132,259,35,8,27,224,15,209,13.513513513513514,3.088803088803089,10.424710424710424,86.48648648648648,5.7915057915057915,80.6949806949807
E00089133,312,48,14,34,264,35,229,15.384615384615385,4.487179487179487,10.897435897435898,84.61538461538461,11.217948717948719,73.3974358974359
E00089134,373,47,20,27,326,22,304,12.600536193029491,5.361930294906166,7.238605898123325,87.39946380697052,5.898123324396782,81.50134048257372
E00089135,268,38,12,26,230,28,202,14.17910447761194,4.477611940298507,9.701492537313433,85.82089552238806,10.44776119402985,75.3731343283582
E00089136,231,38,13,25,193,12,181,16.450216450216452,5.627705627705628,10.822510822510822,83.54978354978356,5.194805194805195,78.35497835497836
E00089137,222,12,2,10,210,19,191,5.405405405405405,0.9009009009009009,4.504504504504505,94.5945945945946,8.558558558558559,86.03603603603604
E00089138,325,57,21,36,268,12,256,17.53846153846154,6.461538461538462,11.076923076923077,82.46153846153847,3.6923076923076925,78.76923076923077
E00089139,391,55,22,33,336,30,306,14.066496163682865,5.626598465473146,8.439897698209718,85.93350383631714,7.672634271099745,78.26086956521739
E00089140,371,53,23,30,318,17,301,14.285714285714285,6.199460916442049,8.086253369272237,85.71428571428571,4.5822102425876015,81.13207547169812
E00089141,374,60,20,40,314,23,291,16.042780748663102,5.347593582887701,10.695187165775401,83.9572192513369,6.149732620320856,77.80748663101605
E00089142,371,46,18,28,325,13,312,12.398921832884097,4.8517520215633425,7.547169811320755,87.6010781671159,3.5040431266846364,84.09703504043127
E00089143,249,67,30,37,182,17,165,26.907630522088354,12.048192771084338,14.859437751004014,73.09236947791165,6.827309236947792,66.26506024096386
E00089144,385,46,23,23,339,18,321,11.948051948051948,5.974025974025974,5.974025974025974,88.05194805194805,4.675324675324675,83.37662337662337
E00089145,388,67,28,39,321,20,301,17.2680412371134,7.216494845360824,10.051546391752577,82.73195876288659,5.154639175257731,77.57731958762886
E00089146,310,62,22,40,248,23,225,20,7.096774193548387,12.903225806451612,80,7.419354838709677,72.58064516129032
E00089147,289,52,23,29,237,13,224,17.99307958477509,7.958477508650519,10.034602076124568,82.00692041522491,4.498269896193772,77.50865051903114
E00089148,279,44,20,24,235,18,217,15.770609318996415,7.168458781362006,8.60215053763441,84.22939068100358,6.451612903225806,77.77777777777779
E00089149,331,62,28,34,269,14,255,18.731117824773413,8.459214501510575,10.27190332326284,81.2688821752266,4.229607250755287,77.0392749244713
E00089150,369,71,32,39,298,21,277,19.241192411924118,8.672086720867208,10.569105691056912,80.75880758807588,5.691056910569105,75.06775067750678
E00089151,398,49,20,29,349,17,332,12.311557788944723,5.025125628140704,7.2864321608040195,87.68844221105527,4.271356783919598,83.41708542713567
E00089152,312,39,13,26,273,19,254,12.5,4.166666666666666,8.333333333333332,87.5,6.089743589743589,81.41025641025641
E00089153,324,48,16,32,276,27,249,14.814814814814813,4.938271604938271,9.876543209876543,85.18518518518519,8.333333333333332,76.85185185185185
E00089154,242,34,13,21,208,25,183,14.049586776859504,5.371900826446281,8.677685950413224,85.9504132231405,10.330578512396695,75.6198347107438
E00089155,308,54,20,34,254,18,236,17.532467532467532,6.493506493506493,11.03896103896104,82.46753246753246,5.844155844155844,76.62337662337663
E00089156,301,57,25,32,244,11,233,18.93687707641196,8.305647840531561,10.631229235880399,81.06312292358804,3.6544850498338874,77.40863787375415
E00089157,353,63,26,37,290,21,269,17.847025495750707,7.365439093484419,10.48158640226629,82.15297450424929,5.94900849858357,76.20396600566572
E00089158,357,53,23,30,304,39,265,14.84593837535014,6.442577030812324,8.403361344537815,85.15406162464986,10.92436974789916,74.2296918767507
E00089159,299,39,10,29,260,21,239,13.043478260869565,3.3444816053511706,9.698996655518394,86.95652173913044,7.023411371237458,79.93311036789298
E00089160,199,41,18,23,158,10,148,20.603015075376884,9.045226130653267,11.557788944723619,79.39698492462311,5.025125628140704,74.37185929648241
E00089161,284,30,11,19,254,14,240,10.56338028169014,3.873239436619718,6.690140845070422,89.43661971830986,4.929577464788732,84.50704225352112
E00089162,271,36,9,27,235,17,218,13.284132841328415,3.3210332103321036,9.96309963099631,86.71586715867159,6.273062730627306,80.44280442804428
E00089163,272,36,9,27,236,24,212,13.23529411764706,3.308823529411765,9.926470588235293,86.76470588235294,8.823529411764707,77.94117647058823
E00089164,289,66,32,34,223,14,209,22.837370242214533,11.072664359861593,11.76470588235294,77.16262975778547,4.844290657439446,72.31833910034602
E00089165,282,27,6,21,255,22,233,9.574468085106384,2.127659574468085,7.446808510638298,90.42553191489363,7.801418439716312,82.62411347517731
E00089166,353,53,22,31,300,25,275,15.01416430594901,6.232294617563739,8.78186968838527,84.98583569405099,7.0821529745042495,77.90368271954674
E00089167,306,54,18,36,252,18,234,17.647058823529413,5.88235294117647,11.76470588235294,82.35294117647058,5.88235294117647,76.47058823529412
E00089168,426,72,36,36,354,20,334,16.901408450704224,8.450704225352112,8.450704225352112,83.09859154929578,4.694835680751173,78.40375586854461
E00089169,309,41,16,25,268,31,237,13.268608414239482,5.177993527508091,8.090614886731391,86.73139158576052,10.032362459546926,76.69902912621359
E00089170,269,41,18,23,228,25,203,15.241635687732341,6.691449814126393,8.550185873605948,84.75836431226766,9.293680297397769,75.46468401486989
E00089171,353,59,18,41,294,22,272,16.71388101983003,5.099150141643059,11.614730878186968,83.28611898016997,6.232294617563739,77.05382436260622
E00089172,385,52,20,32,333,21,312,13.506493506493506,5.194805194805195,8.311688311688311,86.49350649350649,5.454545454545454,81.03896103896105
E00089173,263,33,14,19,230,21,209,12.547528517110266,5.323193916349809,7.224334600760455,87.45247148288973,7.984790874524715,79.46768060836501
E00089174,518,58,19,39,460,37,423,11.196911196911197,3.667953667953668,7.5289575289575295,88.8030888030888,7.142857142857142,81.66023166023166
E00089175,304,41,17,24,263,16,247,13.486842105263158,5.592105263157895,7.894736842105263,86.51315789473685,5.263157894736842,81.25
E00089176,441,56,19,37,385,21,364,12.698412698412698,4.308390022675737,8.390022675736962,87.3015873015873,4.761904761904762,82.53968253968253
E00089178,390,89,35,54,301,25,276,22.82051282051282,8.974358974358974,13.846153846153847,77.17948717948718,6.41025641025641,70.76923076923077
E00089179,337,99,61,38,238,20,218,29.376854599406528,18.100890207715135,11.275964391691394,70.62314540059347,5.934718100890208,64.68842729970326
E00089181,299,32,11,21,267,25,242,10.702341137123746,3.678929765886288,7.023411371237458,89.29765886287625,8.361204013377927,80.93645484949833
E00089182,311,51,17,34,260,17,243,16.39871382636656,5.466237942122187,10.932475884244374,83.60128617363344,5.466237942122187,78.13504823151125
E00089183,284,34,12,22,250,22,228,11.971830985915492,4.225352112676056,7.746478873239436,88.02816901408451,7.746478873239436,80.28169014084507
E00089184,418,62,29,33,356,28,328,14.832535885167463,6.937799043062201,7.894736842105263,85.16746411483254,6.698564593301436,78.4688995215311
E00089185,329,52,18,34,277,19,258,15.80547112462006,5.47112462006079,10.33434650455927,84.19452887537993,5.775075987841945,78.419452887538
E00089186,337,44,11,33,293,23,270,13.056379821958458,3.2640949554896146,9.792284866468842,86.94362017804154,6.824925816023739,80.1186943620178
E00089187,316,34,7,27,282,23,259,10.759493670886076,2.2151898734177213,8.544303797468354,89.24050632911393,7.2784810126582276,81.9620253164557
E00089188,315,43,13,30,272,27,245,13.65079365079365,4.1269841269841265,9.523809523809524,86.34920634920636,8.571428571428571,77.77777777777779
E00089189,231,35,11,24,196,15,181,15.151515151515152,4.761904761904762,10.38961038961039,84.84848484848484,6.493506493506493,78.35497835497836
E00089190,506,64,21,43,442,38,404,12.648221343873518,4.150197628458498,8.49802371541502,87.35177865612648,7.5098814229249005,79.84189723320159
E00089191,310,41,17,24,269,18,251,13.225806451612904,5.483870967741936,7.741935483870968,86.7741935483871,5.806451612903226,80.96774193548387
E00089192,431,33,11,22,398,41,357,7.65661252900232,2.5522041763341066,5.104408352668213,92.34338747099768,9.51276102088167,82.830626450116
E00089193,348,48,18,30,300,24,276,13.793103448275861,5.172413793103448,8.620689655172415,86.20689655172413,6.896551724137931,79.3103448275862
E00089195,375,37,9,28,338,25,313,9.866666666666667,2.4,7.466666666666668,90.13333333333333,6.666666666666667,83.46666666666667
E00089196,413,76,27,49,337,45,292,18.401937046004843,6.5375302663438255,11.864406779661017,81.59806295399515,10.895883777239709,70.70217917675545
E00089197,313,46,15,31,267,33,234,14.696485623003195,4.792332268370607,9.904153354632587,85.3035143769968,10.543130990415335,74.76038338658148
E00089198,480,62,22,40,418,49,369,12.916666666666668,4.583333333333333,8.333333333333332,87.08333333333333,10.208333333333334,76.875
E00089199,442,52,14,38,390,56,334,11.76470588235294,3.167420814479638,8.597285067873303,88.23529411764706,12.669683257918551,75.56561085972851
E00089200,395,45,11,34,350,28,322,11.39240506329114,2.7848101265822782,8.60759493670886,88.60759493670885,7.088607594936709,81.51898734177216
E00089201,252,40,9,31,212,21,191,15.873015873015872,3.571428571428571,12.3015873015873,84.12698412698413,8.333333333333332,75.79365079365078
E00089202,519,62,18,44,457,50,407,11.946050096339114,3.4682080924855487,8.477842003853564,88.0539499036609,9.633911368015415,78.42003853564547
E00089203,154,13,3,10,141,11,130,8.441558441558442,1.948051948051948,6.493506493506493,91.55844155844156,7.142857142857142,84.4155844155844
E00089204,257,36,5,31,221,20,201,14.007782101167315,1.9455252918287937,12.062256809338521,85.99221789883269,7.782101167315175,78.21011673151752
E00089205,417,46,17,29,371,31,340,11.031175059952037,4.07673860911271,6.954436450839328,88.96882494004797,7.434052757793765,81.5347721822542
E00089207,308,36,12,24,272,20,252,11.688311688311687,3.896103896103896,7.792207792207792,88.31168831168831,6.493506493506493,81.81818181818183
E00089208,156,19,5,14,137,20,117,12.179487179487179,3.205128205128205,8.974358974358974,87.82051282051282,12.82051282051282,75
E00089209,400,55,22,33,345,32,313,13.750000000000002,5.5,8.25,86.25,8,78.25
E00089210,455,59,24,35,396,36,360,12.967032967032969,5.274725274725275,7.6923076923076925,87.03296703296704,7.9120879120879115,79.12087912087912
E00089211,132,16,8,8,116,11,105,12.121212121212121,6.0606060606060606,6.0606060606060606,87.87878787878788,8.333333333333332,79.54545454545455
E00089212,257,32,8,24,225,36,189,12.45136186770428,3.11284046692607,9.33852140077821,87.54863813229572,14.007782101167315,73.54085603112841
E00089213,313,45,14,31,268,25,243,14.376996805111823,4.472843450479233,9.904153354632587,85.62300319488818,7.987220447284344,77.63578274760383
E00089214,244,34,13,21,210,22,188,13.934426229508196,5.327868852459016,8.60655737704918,86.0655737704918,9.01639344262295,77.04918032786885
E00089215,549,70,20,50,479,47,432,12.750455373406194,3.642987249544627,9.107468123861565,87.24954462659382,8.561020036429873,78.68852459016394
E00089216,470,71,23,48,399,40,359,15.106382978723405,4.8936170212765955,10.212765957446807,84.8936170212766,8.51063829787234,76.38297872340426
E00089217,574,68,20,48,506,47,459,11.846689895470384,3.484320557491289,8.362369337979095,88.15331010452961,8.188153310104529,79.96515679442508
E00089219,314,38,11,27,276,22,254,12.101910828025478,3.5031847133757963,8.598726114649681,87.89808917197452,7.006369426751593,80.89171974522293
E00089220,245,61,29,32,184,16,168,24.897959183673468,11.83673469387755,13.061224489795919,75.10204081632654,6.530612244897959,68.57142857142857
E00089221,167,46,18,28,121,16,105,27.54491017964072,10.778443113772456,16.766467065868262,72.45508982035929,9.580838323353294,62.874251497005986
E00089222,333,52,24,28,281,28,253,15.615615615615615,7.207207207207207,8.408408408408409,84.38438438438438,8.408408408408409,75.97597597597597
E00089223,341,36,10,26,305,30,275,10.557184750733137,2.932551319648094,7.624633431085044,89.44281524926686,8.797653958944283,80.64516129032258
E00089224,308,65,26,39,243,29,214,21.1038961038961,8.441558441558442,12.662337662337661,78.8961038961039,9.415584415584416,69.48051948051948
E00089225,212,29,7,22,183,19,164,13.679245283018867,3.30188679245283,10.377358490566039,86.32075471698113,8.962264150943396,77.35849056603774
E00089226,262,46,17,29,216,26,190,17.557251908396946,6.488549618320611,11.068702290076336,82.44274809160305,9.923664122137405,72.51908396946564
E00089227,269,34,7,27,235,32,203,12.639405204460965,2.6022304832713754,10.037174721189592,87.36059479553904,11.895910780669144,75.46468401486989
E00089228,234,37,12,25,197,26,171,15.81196581196581,5.128205128205128,10.683760683760683,84.1880341880342,11.11111111111111,73.07692307692307
E00089229,303,33,12,21,270,31,239,10.891089108910892,3.9603960396039604,6.9306930693069315,89.10891089108911,10.231023102310232,78.87788778877888
E00089230,305,21,4,17,284,27,257,6.885245901639345,1.3114754098360655,5.573770491803279,93.11475409836065,8.852459016393443,84.26229508196721
E00089231,119,15,4,11,104,6,98,12.605042016806722,3.361344537815126,9.243697478991598,87.39495798319328,5.042016806722689,82.35294117647058
E00089232,186,18,7,11,168,17,151,9.67741935483871,3.763440860215054,5.913978494623656,90.32258064516128,9.13978494623656,81.18279569892472
E00089233,422,55,13,42,367,38,329,13.033175355450238,3.080568720379147,9.95260663507109,86.96682464454977,9.004739336492891,77.96208530805687
E00089234,325,37,7,30,288,28,260,11.384615384615385,2.1538461538461537,9.230769230769232,88.61538461538461,8.615384615384615,80
E00089235,442,44,10,34,398,45,353,9.95475113122172,2.262443438914027,7.6923076923076925,90.04524886877829,10.180995475113122,79.86425339366517
E00089236,370,60,18,42,310,24,286,16.216216216216218,4.864864864864865,11.351351351351353,83.78378378378379,6.486486486486487,77.29729729729729
E00089237,317,84,26,58,233,22,211,26.498422712933756,8.201892744479496,18.29652996845426,73.50157728706624,6.940063091482649,66.5615141955836
E00089238,313,89,60,29,224,23,201,28.434504792332266,19.169329073482427,9.26517571884984,71.56549520766772,7.348242811501597,64.21725239616613
E00089239,527,111,51,60,416,27,389,21.062618595825427,9.67741935483871,11.385199240986717,78.93738140417457,5.1233396584440225,73.81404174573055
E00089240,267,39,14,25,228,20,208,14.606741573033707,5.2434456928838955,9.363295880149813,85.39325842696628,7.490636704119851,77.90262172284645
E00089241,274,28,10,18,246,37,209,10.218978102189782,3.64963503649635,6.569343065693431,89.78102189781022,13.503649635036496,76.27737226277372
E00089242,312,66,23,43,246,29,217,21.153846153846153,7.371794871794872,13.782051282051283,78.84615384615384,9.294871794871796,69.55128205128204
E00089243,278,33,7,26,245,21,224,11.870503597122301,2.5179856115107913,9.352517985611511,88.12949640287769,7.553956834532374,80.57553956834532
E00089244,358,40,10,30,318,29,289,11.1731843575419,2.793296089385475,8.379888268156424,88.8268156424581,8.100558659217876,80.72625698324022
E00089245,320,40,14,26,280,30,250,12.5,4.375,8.125,87.5,9.375,78.125
E00089246,278,23,3,20,255,28,227,8.273381294964029,1.079136690647482,7.1942446043165464,91.72661870503596,10.071942446043165,81.65467625899281
E00089247,131,5,3,2,126,13,113,3.816793893129771,2.2900763358778624,1.5267175572519083,96.18320610687023,9.923664122137405,86.25954198473282
E00089248,413,40,10,30,373,28,345,9.685230024213075,2.4213075060532687,7.263922518159806,90.31476997578693,6.779661016949152,83.53510895883777
E00089249,342,29,8,21,313,27,286,8.47953216374269,2.3391812865497075,6.140350877192982,91.52046783625731,7.894736842105263,83.62573099415205
E00089250,330,30,8,22,300,19,281,9.090909090909092,2.4242424242424243,6.666666666666667,90.9090909090909,5.757575757575758,85.15151515151516
E00089251,278,59,25,34,219,23,196,21.223021582733814,8.992805755395683,12.23021582733813,78.77697841726618,8.273381294964029,70.50359712230215
E00089252,313,28,12,16,285,24,261,8.945686900958465,3.8338658146964857,5.111821086261981,91.05431309904152,7.667731629392971,83.38658146964856
E00089253,280,50,18,32,230,16,214,17.857142857142858,6.428571428571428,11.428571428571429,82.14285714285714,5.714285714285714,76.42857142857142
E00089254,258,56,20,36,202,17,185,21.705426356589147,7.751937984496124,13.953488372093023,78.29457364341084,6.5891472868217065,71.70542635658916
E00089255,538,60,23,37,478,36,442,11.152416356877323,4.275092936802974,6.877323420074349,88.84758364312268,6.691449814126393,82.15613382899627
E00089256,336,41,13,28,295,30,265,12.202380952380953,3.869047619047619,8.333333333333332,87.79761904761905,8.928571428571429,78.86904761904762
E00089257,247,32,13,19,215,22,193,12.955465587044534,5.263157894736842,7.6923076923076925,87.04453441295547,8.906882591093117,78.13765182186235
E00089259,271,35,9,26,236,23,213,12.915129151291513,3.3210332103321036,9.59409594095941,87.08487084870849,8.487084870848708,78.59778597785979
E00089260,155,18,3,15,137,14,123,11.612903225806452,1.935483870967742,9.67741935483871,88.38709677419355,9.032258064516128,79.35483870967742
E00089261,196,30,12,18,166,15,151,15.306122448979592,6.122448979591836,9.183673469387756,84.6938775510204,7.653061224489796,77.04081632653062
E00089263,130,18,6,12,112,13,99,13.846153846153847,4.615384615384616,9.230769230769232,86.15384615384616,10,76.15384615384615
E00089264,253,65,30,35,188,13,175,25.691699604743086,11.857707509881422,13.83399209486166,74.30830039525692,5.138339920948617,69.1699604743083
E00089265,278,42,16,26,236,27,209,15.107913669064748,5.755395683453238,9.352517985611511,84.89208633093526,9.712230215827338,75.17985611510791
E00089266,335,49,32,17,286,40,246,14.626865671641792,9.55223880597015,5.074626865671641,85.37313432835822,11.940298507462686,73.43283582089552
E00089269,199,37,9,28,162,15,147,18.592964824120603,4.522613065326634,14.07035175879397,81.4070351758794,7.537688442211055,73.86934673366834
E00089270,352,59,17,42,293,38,255,16.761363636363637,4.829545454545454,11.931818181818182,83.23863636363636,10.795454545454545,72.44318181818183
E00089271,329,32,3,29,297,29,268,9.72644376899696,0.911854103343465,8.814589665653495,90.27355623100304,8.814589665653495,81.45896656534954
E00089272,382,28,5,23,354,33,321,7.329842931937172,1.3089005235602094,6.020942408376963,92.67015706806284,8.638743455497382,84.03141361256544
E00089273,294,42,18,24,252,14,238,14.285714285714285,6.122448979591836,8.16326530612245,85.71428571428571,4.761904761904762,80.95238095238095
E00089274,385,71,35,36,314,17,297,18.441558441558442,9.090909090909092,9.35064935064935,81.55844155844156,4.415584415584416,77.14285714285715
E00089275,243,21,7,14,222,17,205,8.641975308641975,2.880658436213992,5.761316872427984,91.35802469135803,6.995884773662551,84.36213991769547
E00089276,311,44,13,31,267,31,236,14.14790996784566,4.180064308681672,9.967845659163988,85.85209003215434,9.967845659163988,75.88424437299035
E00089277,291,34,9,25,257,17,240,11.683848797250858,3.0927835051546393,8.59106529209622,88.31615120274914,5.841924398625429,82.4742268041237
E00089278,308,57,22,35,251,13,238,18.506493506493506,7.142857142857142,11.363636363636363,81.4935064935065,4.220779220779221,77.27272727272727
E00089279,411,47,17,30,364,27,337,11.435523114355231,4.13625304136253,7.2992700729927,88.56447688564477,6.569343065693431,81.99513381995133
E00089280,329,88,48,40,241,22,219,26.74772036474164,14.58966565349544,12.158054711246201,73.25227963525836,6.68693009118541,66.56534954407294
E00089281,203,19,3,16,184,15,169,9.35960591133005,1.477832512315271,7.8817733990147785,90.64039408866995,7.389162561576355,83.2512315270936
E00089282,318,53,14,39,265,23,242,16.666666666666664,4.40251572327044,12.264150943396226,83.33333333333334,7.232704402515723,76.10062893081762
E00089283,290,40,13,27,250,23,227,13.793103448275861,4.482758620689655,9.310344827586208,86.20689655172413,7.931034482758621,78.27586206896552
E00089284,274,48,22,26,226,20,206,17.51824817518248,8.02919708029197,9.48905109489051,82.48175182481752,7.2992700729927,75.18248175182481
E00089285,276,34,16,18,242,17,225,12.318840579710146,5.797101449275362,6.521739130434782,87.68115942028986,6.159420289855073,81.52173913043478
E00089286,279,20,3,17,259,29,230,7.168458781362006,1.0752688172043012,6.093189964157706,92.831541218638,10.39426523297491,82.43727598566308
E00089287,314,40,16,24,274,19,255,12.738853503184714,5.095541401273886,7.643312101910828,87.26114649681529,6.050955414012739,81.21019108280255
E00089288,352,33,8,25,319,25,294,9.375,2.272727272727273,7.1022727272727275,90.625,7.1022727272727275,83.52272727272727
E00089289,249,49,17,32,200,16,184,19.67871485943775,6.827309236947792,12.851405622489958,80.32128514056225,6.425702811244979,73.89558232931726
E00089291,312,43,16,27,269,24,245,13.782051282051283,5.128205128205128,8.653846153846153,86.21794871794873,7.6923076923076925,78.52564102564102
E00089293,272,51,21,30,221,14,207,18.75,7.720588235294118,11.029411764705882,81.25,5.147058823529411,76.10294117647058
E00089294,347,47,14,33,300,39,261,13.544668587896252,4.034582132564841,9.510086455331413,86.45533141210375,11.239193083573488,75.21613832853026
E00089296,199,33,19,14,166,18,148,16.582914572864322,9.547738693467336,7.035175879396985,83.41708542713567,9.045226130653267,74.37185929648241
E00089297,281,46,19,27,235,17,218,16.370106761565836,6.761565836298933,9.608540925266903,83.62989323843416,6.049822064056939,77.58007117437722
E00089298,337,44,18,26,293,25,268,13.056379821958458,5.341246290801187,7.71513353115727,86.94362017804154,7.418397626112759,79.52522255192879
E00089299,370,42,12,30,328,29,299,11.351351351351353,3.2432432432432434,8.108108108108109,88.64864864864866,7.837837837837839,80.8108108108108
E00089300,132,15,3,12,117,8,109,11.363636363636363,2.272727272727273,9.090909090909092,88.63636363636364,6.0606060606060606,82.57575757575758
E00089301,293,41,12,29,252,29,223,13.993174061433447,4.09556313993174,9.897610921501707,86.00682593856655,9.897610921501707,76.10921501706484
E00089302,258,58,24,34,200,18,182,22.48062015503876,9.30232558139535,13.178294573643413,77.51937984496125,6.976744186046512,70.54263565891473
E00089303,287,50,25,25,237,29,208,17.421602787456447,8.710801393728223,8.710801393728223,82.57839721254355,10.104529616724738,72.47386759581882
E00089304,325,38,17,21,287,31,256,11.692307692307692,5.230769230769231,6.461538461538462,88.3076923076923,9.538461538461538,78.76923076923077
E00089305,396,43,14,29,353,26,327,10.85858585858586,3.535353535353535,7.3232323232323235,89.14141414141415,6.565656565656567,82.57575757575758
E00089306,287,47,10,37,240,37,203,16.376306620209057,3.484320557491289,12.89198606271777,83.62369337979094,12.89198606271777,70.73170731707317
E00089307,336,41,12,29,295,17,278,12.202380952380953,3.571428571428571,8.630952380952381,87.79761904761905,5.059523809523809,82.73809523809523
E00089308,327,47,17,30,280,27,253,14.37308868501529,5.198776758409786,9.174311926605505,85.62691131498471,8.256880733944955,77.37003058103976
E00089309,318,67,22,45,251,34,217,21.069182389937108,6.918238993710692,14.150943396226415,78.9308176100629,10.69182389937107,68.23899371069182
E00089310,307,61,25,36,246,22,224,19.86970684039088,8.143322475570033,11.726384364820847,80.13029315960912,7.166123778501629,72.9641693811075
E00089311,300,51,27,24,249,17,232,17,9,8,83,5.666666666666666,77.33333333333333
E00089312,246,33,7,26,213,19,194,13.414634146341465,2.8455284552845526,10.569105691056912,86.58536585365853,7.723577235772358,78.86178861788618
E00089313,386,48,14,34,338,25,313,12.435233160621761,3.6269430051813467,8.808290155440414,87.56476683937824,6.476683937823833,81.0880829015544
E00089314,389,79,28,51,310,27,283,20.308483290488432,7.197943444730077,13.110539845758353,79.69151670951156,6.940874035989718,72.75064267352185
E00089315,340,45,19,26,295,20,275,13.23529411764706,5.588235294117648,7.647058823529412,86.76470588235294,5.88235294117647,80.88235294117648
E00089316,309,48,10,38,261,20,241,15.53398058252427,3.2362459546925564,12.297734627831716,84.46601941747572,6.472491909385113,77.99352750809061
E00089317,295,38,11,27,257,15,242,12.88135593220339,3.728813559322034,9.152542372881356,87.11864406779661,5.084745762711865,82.03389830508473
E00089318,305,35,8,27,270,19,251,11.475409836065573,2.622950819672131,8.852459016393443,88.52459016393442,6.229508196721312,82.29508196721311
E00089319,362,39,12,27,323,25,298,10.773480662983426,3.314917127071823,7.458563535911603,89.22651933701657,6.906077348066299,82.32044198895028
E00089320,257,39,13,26,218,23,195,15.17509727626459,5.058365758754864,10.116731517509727,84.8249027237354,8.949416342412452,75.87548638132296
E00089321,324,52,18,34,272,21,251,16.049382716049383,5.555555555555555,10.493827160493826,83.9506172839506,6.481481481481481,77.46913580246914
E00089322,324,58,17,41,266,28,238,17.901234567901234,5.246913580246913,12.654320987654321,82.09876543209876,8.641975308641975,73.4567901234568
E00089323,259,27,7,20,232,25,207,10.424710424710424,2.7027027027027026,7.722007722007722,89.57528957528957,9.652509652509652,79.92277992277992
E00089324,232,42,11,31,190,10,180,18.103448275862068,4.741379310344827,13.36206896551724,81.89655172413794,4.310344827586207,77.58620689655173
E00089325,295,45,16,29,250,28,222,15.254237288135593,5.423728813559322,9.830508474576272,84.7457627118644,9.491525423728813,75.2542372881356
E00089326,315,48,14,34,267,25,242,15.238095238095239,4.444444444444445,10.793650793650794,84.76190476190476,7.936507936507936,76.82539682539684
E00089328,308,45,11,34,263,25,238,14.61038961038961,3.571428571428571,11.03896103896104,85.3896103896104,8.116883116883116,77.27272727272727
E00089329,210,25,6,19,185,9,176,11.904761904761903,2.857142857142857,9.047619047619047,88.09523809523809,4.285714285714286,83.80952380952381
E00089330,239,23,1,22,216,26,190,9.623430962343097,0.41841004184100417,9.205020920502092,90.3765690376569,10.87866108786611,79.49790794979079
E00089331,278,41,16,25,237,15,222,14.748201438848922,5.755395683453238,8.992805755395683,85.25179856115108,5.39568345323741,79.85611510791367
E00089333,336,41,12,29,295,34,261,12.202380952380953,3.571428571428571,8.630952380952381,87.79761904761905,10.119047619047619,77.67857142857143
E00089334,402,67,18,49,335,30,305,16.666666666666664,4.477611940298507,12.189054726368159,83.33333333333334,7.462686567164178,75.87064676616916
E00089335,249,66,33,33,183,17,166,26.506024096385545,13.253012048192772,13.253012048192772,73.49397590361446,6.827309236947792,66.66666666666666
E00089336,363,61,25,36,302,24,278,16.804407713498623,6.887052341597796,9.917355371900827,83.19559228650138,6.6115702479338845,76.5840220385675
E00089337,363,53,15,38,310,34,276,14.600550964187327,4.132231404958678,10.46831955922865,85.39944903581267,9.366391184573002,76.03305785123968
E00089339,425,41,9,32,384,39,345,9.647058823529411,2.1176470588235294,7.529411764705881,90.3529411764706,9.176470588235293,81.17647058823529
E00089340,342,61,24,37,281,24,257,17.83625730994152,7.017543859649122,10.818713450292398,82.16374269005848,7.017543859649122,75.14619883040936
E00089341,533,81,38,43,452,46,406,15.196998123827393,7.129455909943714,8.067542213883677,84.80300187617262,8.630393996247655,76.17260787992495
E00089342,297,38,7,31,259,35,224,12.794612794612794,2.356902356902357,10.437710437710438,87.20538720538721,11.784511784511785,75.42087542087542
E00089343,410,60,27,33,350,30,320,14.634146341463413,6.585365853658537,8.048780487804878,85.36585365853658,7.317073170731707,78.04878048780488
E00089344,317,48,21,27,269,26,243,15.141955835962145,6.624605678233439,8.517350157728707,84.85804416403786,8.201892744479496,76.65615141955836
E00089345,284,53,16,37,231,31,200,18.661971830985916,5.633802816901409,13.028169014084506,81.33802816901408,10.915492957746478,70.4225352112676
E00089346,339,50,25,25,289,18,271,14.749262536873156,7.374631268436578,7.374631268436578,85.25073746312685,5.3097345132743365,79.9410029498525
E00089347,263,50,21,29,213,22,191,19.011406844106464,7.984790874524715,11.02661596958175,80.98859315589354,8.365019011406844,72.6235741444867
E00089348,326,63,27,36,263,21,242,19.32515337423313,8.282208588957054,11.042944785276074,80.67484662576688,6.441717791411043,74.23312883435584
E00089349,332,52,18,34,280,23,257,15.66265060240964,5.421686746987952,10.240963855421686,84.33734939759037,6.927710843373494,77.40963855421687
E00089350,362,51,16,35,311,16,295,14.088397790055248,4.41988950276243,9.668508287292818,85.91160220994475,4.41988950276243,81.49171270718232
E00089352,368,58,27,31,310,13,297,15.760869565217392,7.336956521739131,8.423913043478262,84.23913043478261,3.532608695652174,80.70652173913044
E00089353,337,61,28,33,276,23,253,18.100890207715135,8.30860534124629,9.792284866468842,81.89910979228486,6.824925816023739,75.07418397626114
E00089354,338,58,26,32,280,21,259,17.159763313609467,7.6923076923076925,9.467455621301776,82.84023668639054,6.21301775147929,76.62721893491124
E00089355,298,68,29,39,230,20,210,22.818791946308725,9.731543624161073,13.087248322147651,77.18120805369128,6.7114093959731544,70.46979865771812
E00089356,351,47,15,32,304,13,291,13.390313390313391,4.273504273504273,9.116809116809117,86.6096866096866,3.7037037037037033,82.90598290598291
E00089357,294,29,5,24,265,25,240,9.863945578231291,1.7006802721088436,8.16326530612245,90.1360544217687,8.503401360544217,81.63265306122449
E00089358,424,127,78,49,297,14,283,29.952830188679247,18.39622641509434,11.556603773584905,70.04716981132076,3.30188679245283,66.74528301886792
E00089359,307,60,25,35,247,18,229,19.54397394136808,8.143322475570033,11.400651465798045,80.45602605863192,5.863192182410423,74.5928338762215
E00089360,296,42,18,24,254,31,223,14.18918918918919,6.081081081081082,8.108108108108109,85.8108108108108,10.472972972972974,75.33783783783784
E00089361,374,62,22,40,312,24,288,16.577540106951872,5.88235294117647,10.695187165775401,83.42245989304813,6.417112299465241,77.00534759358288
E00089362,269,30,8,22,239,16,223,11.152416356877323,2.973977695167286,8.178438661710038,88.84758364312268,5.947955390334572,82.8996282527881
E00089363,408,62,33,29,346,18,328,15.196078431372548,8.088235294117647,7.107843137254902,84.80392156862744,4.411764705882353,80.3921568627451
E00089364,359,63,26,37,296,21,275,17.548746518105848,7.242339832869081,10.30640668523677,82.45125348189416,5.8495821727019495,76.6016713091922
E00089365,424,73,35,38,351,21,330,17.21698113207547,8.254716981132075,8.962264150943396,82.78301886792453,4.952830188679245,77.83018867924528
E00089367,417,89,38,51,328,17,311,21.34292565947242,9.112709832134293,12.23021582733813,78.65707434052757,4.07673860911271,74.58033573141488
E00089368,482,78,18,60,404,23,381,16.182572614107883,3.7344398340248963,12.448132780082988,83.81742738589212,4.771784232365145,79.04564315352697
E00089369,278,48,21,27,230,13,217,17.26618705035971,7.553956834532374,9.712230215827338,82.73381294964028,4.676258992805756,78.05755395683454
E00089370,530,65,29,36,465,20,445,12.264150943396226,5.471698113207547,6.7924528301886795,87.73584905660378,3.7735849056603774,83.9622641509434
E00089371,338,56,21,35,282,26,256,16.56804733727811,6.21301775147929,10.355029585798817,83.4319526627219,7.6923076923076925,75.7396449704142
E00089372,436,78,39,39,358,28,330,17.889908256880734,8.944954128440367,8.944954128440367,82.11009174311926,6.422018348623854,75.68807339449542
E00089373,458,91,42,49,367,18,349,19.868995633187772,9.170305676855897,10.698689956331878,80.13100436681223,3.9301310043668125,76.2008733624454
E00089374,294,74,42,32,220,27,193,25.170068027210885,14.285714285714285,10.884353741496598,74.82993197278913,9.183673469387756,65.64625850340136
E00089375,320,65,26,39,255,17,238,20.3125,8.125,12.1875,79.6875,5.3125,74.375
E00089376,396,49,25,24,347,17,330,12.373737373737374,6.313131313131313,6.0606060606060606,87.62626262626263,4.292929292929292,83.33333333333334
E00089377,398,66,22,44,332,18,314,16.582914572864322,5.527638190954774,11.055276381909549,83.41708542713567,4.522613065326634,78.89447236180904
E00089378,428,69,34,35,359,19,340,16.121495327102803,7.943925233644859,8.177570093457943,83.8785046728972,4.439252336448598,79.43925233644859
E00089379,387,61,21,40,326,29,297,15.762273901808785,5.426356589147287,10.335917312661499,84.23772609819122,7.493540051679587,76.74418604651163
E00089380,405,50,14,36,355,40,315,12.345679012345679,3.45679012345679,8.88888888888889,87.65432098765432,9.876543209876543,77.77777777777779
E00089381,159,16,3,13,143,13,130,10.062893081761008,1.8867924528301887,8.176100628930817,89.937106918239,8.176100628930817,81.76100628930818
E00089382,324,41,15,26,283,30,253,12.654320987654321,4.62962962962963,8.024691358024691,87.34567901234568,9.25925925925926,78.08641975308642
E00089383,270,49,17,32,221,25,196,18.14814814814815,6.296296296296296,11.851851851851853,81.85185185185185,9.25925925925926,72.5925925925926
E00089384,602,65,9,56,537,48,489,10.79734219269103,1.495016611295681,9.30232558139535,89.20265780730897,7.973421926910299,81.22923588039868
E00089385,262,66,31,35,196,31,165,25.190839694656486,11.83206106870229,13.358778625954198,74.80916030534351,11.83206106870229,62.97709923664122
E00089386,282,38,11,27,244,20,224,13.47517730496454,3.900709219858156,9.574468085106384,86.52482269503547,7.092198581560284,79.43262411347519
E00089387,297,45,17,28,252,28,224,15.151515151515152,5.723905723905724,9.427609427609427,84.84848484848484,9.427609427609427,75.42087542087542
E00089388,314,49,15,34,265,22,243,15.605095541401273,4.777070063694268,10.828025477707007,84.39490445859873,7.006369426751593,77.38853503184714
E00089389,177,22,8,14,155,14,141,12.429378531073446,4.519774011299435,7.909604519774012,87.57062146892656,7.909604519774012,79.66101694915254
E00089390,325,30,11,19,295,24,271,9.230769230769232,3.3846153846153846,5.846153846153846,90.76923076923077,7.384615384615385,83.38461538461537
E00089391,253,51,29,22,202,18,184,20.158102766798418,11.462450592885375,8.695652173913043,79.84189723320159,7.114624505928854,72.72727272727273
E00089392,209,17,5,12,192,14,178,8.133971291866029,2.3923444976076556,5.741626794258373,91.86602870813397,6.698564593301436,85.16746411483254
E00089393,321,43,20,23,278,18,260,13.395638629283487,6.230529595015576,7.165109034267912,86.6043613707165,5.607476635514018,80.99688473520249
E00089394,319,54,19,35,265,22,243,16.927899686520377,5.956112852664576,10.9717868338558,83.07210031347962,6.896551724137931,76.17554858934169
E00089395,406,55,17,38,351,40,311,13.546798029556651,4.1871921182266005,9.35960591133005,86.45320197044335,9.852216748768473,76.60098522167488
E00089396,376,54,23,31,322,22,300,14.361702127659576,6.117021276595745,8.24468085106383,85.63829787234043,5.851063829787234,79.7872340425532
E00089397,448,50,11,39,398,32,366,11.160714285714286,2.455357142857143,8.705357142857142,88.83928571428571,7.142857142857142,81.69642857142857
E00089398,419,69,31,38,350,35,315,16.467780429594274,7.398568019093078,9.069212410501192,83.53221957040573,8.353221957040573,75.17899761336515
E00089399,164,19,6,13,145,20,125,11.585365853658537,3.6585365853658534,7.926829268292683,88.41463414634147,12.195121951219512,76.21951219512195
E00089400,128,26,9,17,102,11,91,20.3125,7.03125,13.28125,79.6875,8.59375,71.09375
E00089401,354,38,7,31,316,33,283,10.734463276836157,1.977401129943503,8.757062146892656,89.26553672316385,9.322033898305085,79.94350282485875
E00089402,551,84,37,47,467,39,428,15.245009074410163,6.715063520871143,8.52994555353902,84.75499092558984,7.078039927404718,77.6769509981851
E00089403,255,24,9,15,231,15,216,9.411764705882353,3.5294117647058822,5.88235294117647,90.58823529411765,5.88235294117647,84.70588235294117
E00089405,400,51,13,38,349,32,317,12.75,3.25,9.5,87.25,8,79.25
E00089406,579,70,13,57,509,50,459,12.089810017271157,2.2452504317789295,9.844559585492227,87.91018998272885,8.635578583765112,79.27461139896373
E00089407,353,69,26,43,284,35,249,19.54674220963173,7.365439093484419,12.181303116147308,80.45325779036827,9.91501416430595,70.53824362606233
E00089408,197,27,7,20,170,13,157,13.705583756345177,3.5532994923857872,10.152284263959391,86.29441624365482,6.598984771573605,79.69543147208121
E00089410,481,54,20,34,427,37,390,11.226611226611228,4.158004158004158,7.0686070686070686,88.77338877338877,7.6923076923076925,81.08108108108108
E00089411,261,31,11,20,230,15,215,11.877394636015326,4.21455938697318,7.662835249042145,88.12260536398468,5.747126436781609,82.37547892720306
E00089412,145,11,2,9,134,16,118,7.586206896551724,1.3793103448275863,6.206896551724138,92.41379310344827,11.03448275862069,81.37931034482759
E00089415,343,31,8,23,312,29,283,9.037900874635568,2.3323615160349855,6.705539358600583,90.96209912536443,8.454810495626822,82.5072886297376
E00089416,288,39,15,24,249,28,221,13.541666666666666,5.208333333333334,8.333333333333332,86.45833333333334,9.722222222222223,76.73611111111111
E00089417,330,38,14,24,292,25,267,11.515151515151516,4.242424242424243,7.2727272727272725,88.48484848484848,7.575757575757576,80.9090909090909
E00089418,235,64,31,33,171,17,154,27.23404255319149,13.191489361702127,14.042553191489363,72.76595744680851,7.234042553191489,65.53191489361701
E00089419,366,58,12,46,308,27,281,15.846994535519126,3.278688524590164,12.568306010928962,84.15300546448088,7.377049180327869,76.775956284153
E00089420,299,33,8,25,266,29,237,11.036789297658862,2.6755852842809364,8.361204013377927,88.96321070234113,9.698996655518394,79.26421404682274
E00089421,255,19,1,18,236,30,206,7.450980392156863,0.39215686274509803,7.0588235294117645,92.54901960784314,11.76470588235294,80.7843137254902
E00089422,337,34,3,31,303,24,279,10.089020771513352,0.8902077151335311,9.198813056379821,89.91097922848664,7.121661721068249,82.7893175074184
E00089423,217,33,15,18,184,24,160,15.207373271889402,6.912442396313365,8.294930875576037,84.7926267281106,11.059907834101383,73.73271889400922
E00089424,269,33,5,28,236,19,217,12.267657992565056,1.858736059479554,10.408921933085502,87.73234200743495,7.063197026022305,80.66914498141264
E00089425,329,40,10,30,289,21,268,12.158054711246201,3.0395136778115504,9.118541033434651,87.84194528875379,6.382978723404255,81.45896656534954
E00089426,225,37,14,23,188,19,169,16.444444444444446,6.222222222222222,10.222222222222223,83.55555555555556,8.444444444444445,75.1111111111111
E00089427,233,42,12,30,191,20,171,18.025751072961373,5.150214592274678,12.875536480686694,81.97424892703863,8.583690987124463,73.39055793991416
E00089428,360,62,28,34,298,32,266,17.22222222222222,7.777777777777778,9.444444444444445,82.77777777777777,8.88888888888889,73.88888888888889
E00089429,405,69,34,35,336,22,314,17.037037037037038,8.395061728395062,8.641975308641975,82.96296296296296,5.432098765432099,77.53086419753087
E00089430,282,36,17,19,246,22,224,12.76595744680851,6.028368794326241,6.73758865248227,87.2340425531915,7.801418439716312,79.43262411347519
E00089431,339,46,21,25,293,12,281,13.569321533923304,6.1946902654867255,7.374631268436578,86.4306784660767,3.5398230088495577,82.89085545722715
E00089432,319,65,29,36,254,25,229,20.37617554858934,9.090909090909092,11.285266457680251,79.62382445141067,7.836990595611286,71.78683385579937
E00089433,313,45,15,30,268,16,252,14.376996805111823,4.792332268370607,9.584664536741213,85.62300319488818,5.111821086261981,80.5111821086262
E00089434,279,56,21,35,223,11,212,20.07168458781362,7.526881720430108,12.544802867383511,79.92831541218638,3.942652329749104,75.98566308243727
E00089435,365,54,21,33,311,18,293,14.794520547945206,5.7534246575342465,9.04109589041096,85.2054794520548,4.931506849315069,80.27397260273973
E00089436,338,52,19,33,286,20,266,15.384615384615385,5.621301775147929,9.763313609467456,84.61538461538461,5.9171597633136095,78.69822485207101
E00089437,382,54,28,26,328,18,310,14.136125654450263,7.329842931937172,6.806282722513089,85.86387434554975,4.712041884816754,81.15183246073299
E00089438,360,49,21,28,311,22,289,13.61111111111111,5.833333333333333,7.777777777777778,86.38888888888889,6.111111111111111,80.27777777777779
E00089439,357,60,24,36,297,21,276,16.80672268907563,6.722689075630252,10.084033613445378,83.19327731092437,5.88235294117647,77.31092436974791
E00089440,298,37,4,33,261,28,233,12.416107382550337,1.342281879194631,11.073825503355705,87.58389261744966,9.395973154362416,78.18791946308725
E00089442,314,23,4,19,291,27,264,7.32484076433121,1.2738853503184715,6.050955414012739,92.67515923566879,8.598726114649681,84.07643312101911
E00089443,329,39,13,26,290,32,258,11.854103343465045,3.951367781155015,7.90273556231003,88.14589665653494,9.72644376899696,78.419452887538
E00089444,317,44,16,28,273,28,245,13.880126182965299,5.047318611987381,8.832807570977918,86.1198738170347,8.832807570977918,77.28706624605678
E00089446,202,13,4,9,189,11,178,6.435643564356436,1.9801980198019802,4.455445544554455,93.56435643564357,5.445544554455446,88.11881188118812
E00089447,144,30,12,18,114,12,102,20.833333333333336,8.333333333333332,12.5,79.16666666666666,8.333333333333332,70.83333333333334
E00089448,308,37,14,23,271,32,239,12.012987012987013,4.545454545454546,7.467532467532467,87.98701298701299,10.38961038961039,77.59740259740259
E00089449,447,43,12,31,404,32,372,9.619686800894854,2.684563758389262,6.935123042505594,90.38031319910515,7.158836689038031,83.22147651006712
E00089450,290,22,10,12,268,29,239,7.586206896551724,3.4482758620689653,4.137931034482759,92.41379310344827,10,82.41379310344827
E00089451,295,41,17,24,254,32,222,13.898305084745763,5.762711864406779,8.135593220338983,86.10169491525423,10.847457627118644,75.2542372881356
E00089453,262,37,11,26,225,23,202,14.122137404580155,4.198473282442748,9.923664122137405,85.87786259541986,8.778625954198473,77.09923664122137
E00089454,300,43,15,28,257,23,234,14.333333333333334,5,9.333333333333334,85.66666666666667,7.666666666666666,78
E00089455,373,59,16,43,314,31,283,15.81769436997319,4.289544235924933,11.528150134048257,84.1823056300268,8.310991957104557,75.87131367292224
E00089456,459,54,19,35,405,50,355,11.76470588235294,4.139433551198257,7.625272331154684,88.23529411764706,10.893246187363834,77.34204793028321
E00089457,336,43,5,38,293,22,271,12.797619047619047,1.488095238095238,11.30952380952381,87.20238095238095,6.547619047619048,80.65476190476191
E00089458,295,40,19,21,255,22,233,13.559322033898304,6.440677966101695,7.118644067796611,86.4406779661017,7.457627118644068,78.98305084745762
E00089459,184,33,13,20,151,17,134,17.934782608695652,7.065217391304348,10.869565217391305,82.06521739130434,9.239130434782608,72.82608695652173
E00089460,444,32,12,20,412,20,392,7.207207207207207,2.7027027027027026,4.504504504504505,92.7927927927928,4.504504504504505,88.28828828828829
E00089461,301,44,18,26,257,23,234,14.61794019933555,5.980066445182724,8.637873754152823,85.38205980066445,7.641196013289036,77.74086378737542
E00089462,203,58,25,33,145,19,126,28.57142857142857,12.31527093596059,16.25615763546798,71.42857142857143,9.35960591133005,62.06896551724138
E00089463,313,40,7,33,273,25,248,12.779552715654951,2.2364217252396164,10.543130990415335,87.22044728434504,7.987220447284344,79.2332268370607
E00089464,337,54,27,27,283,26,257,16.023738872403563,8.011869436201781,8.011869436201781,83.97626112759644,7.71513353115727,76.26112759643917
E00089465,204,52,15,37,152,22,130,25.49019607843137,7.352941176470589,18.137254901960784,74.50980392156863,10.784313725490197,63.725490196078425
E00089466,345,46,9,37,299,31,268,13.333333333333334,2.608695652173913,10.72463768115942,86.66666666666667,8.985507246376812,77.68115942028986
E00089467,306,47,18,29,259,18,241,15.359477124183007,5.88235294117647,9.477124183006536,84.640522875817,5.88235294117647,78.75816993464052
E00089468,253,51,19,32,202,20,182,20.158102766798418,7.5098814229249005,12.648221343873518,79.84189723320159,7.905138339920949,71.93675889328063
E00089469,262,41,12,29,221,31,190,15.648854961832063,4.580152671755725,11.068702290076336,84.35114503816794,11.83206106870229,72.51908396946564
E00089470,485,98,42,56,387,33,354,20.20618556701031,8.65979381443299,11.54639175257732,79.79381443298969,6.804123711340206,72.98969072164948
E00089471,236,36,17,19,200,23,177,15.254237288135593,7.203389830508475,8.050847457627118,84.7457627118644,9.745762711864407,75
E00089472,318,55,21,34,263,30,233,17.29559748427673,6.60377358490566,10.69182389937107,82.70440251572327,9.433962264150944,73.27044025157232
E00089473,340,90,48,42,250,32,218,26.47058823529412,14.117647058823529,12.352941176470589,73.52941176470588,9.411764705882353,64.11764705882354
E00089474,245,29,11,18,216,13,203,11.83673469387755,4.489795918367347,7.346938775510205,88.16326530612245,5.3061224489795915,82.85714285714286
E00089475,325,30,9,21,295,19,276,9.230769230769232,2.769230769230769,6.461538461538462,90.76923076923077,5.846153846153846,84.92307692307692
E00089476,436,48,14,34,388,44,344,11.009174311926607,3.211009174311927,7.79816513761468,88.9908256880734,10.091743119266056,78.89908256880734
E00089477,296,51,22,29,245,20,225,17.22972972972973,7.4324324324324325,9.797297297297296,82.77027027027027,6.756756756756757,76.01351351351352
E00089478,300,52,14,38,248,26,222,17.333333333333336,4.666666666666667,12.666666666666668,82.66666666666667,8.666666666666668,74
E00089479,426,63,16,47,363,27,336,14.788732394366196,3.755868544600939,11.032863849765258,85.2112676056338,6.338028169014084,78.87323943661971
E00089480,350,42,16,26,308,33,275,12,4.571428571428571,7.428571428571429,88,9.428571428571429,78.57142857142857
E00089481,424,50,17,33,374,29,345,11.79245283018868,4.009433962264151,7.783018867924528,88.20754716981132,6.8396226415094334,81.36792452830188
E00089482,442,57,15,42,385,37,348,12.895927601809957,3.3936651583710407,9.502262443438914,87.10407239819004,8.3710407239819,78.73303167420815
E00089483,397,89,35,54,308,27,281,22.418136020151135,8.816120906801007,13.602015113350127,77.58186397984886,6.801007556675064,70.7808564231738
E00089484,266,47,13,34,219,29,190,17.669172932330827,4.887218045112782,12.781954887218044,82.33082706766918,10.902255639097744,71.42857142857143
E00089485,392,59,27,32,333,34,299,15.051020408163266,6.887755102040815,8.16326530612245,84.94897959183673,8.673469387755102,76.27551020408163
E00089486,138,19,5,14,119,11,108,13.768115942028986,3.6231884057971016,10.144927536231885,86.23188405797102,7.971014492753622,78.26086956521739
E00089487,152,23,6,17,129,11,118,15.131578947368421,3.9473684210526314,11.18421052631579,84.86842105263158,7.236842105263158,77.63157894736842
E00089488,362,47,14,33,315,27,288,12.98342541436464,3.867403314917127,9.116022099447514,87.01657458563537,7.458563535911603,79.55801104972376
E00089489,447,53,20,33,394,40,354,11.856823266219239,4.47427293064877,7.38255033557047,88.14317673378076,8.94854586129754,79.19463087248322
E00089490,441,65,25,40,376,24,352,14.73922902494331,5.6689342403628125,9.070294784580499,85.26077097505669,5.442176870748299,79.81859410430839
E00089491,332,55,26,29,277,21,256,16.566265060240966,7.83132530120482,8.734939759036145,83.43373493975903,6.325301204819277,77.10843373493977
E00089492,288,29,13,16,259,18,241,10.069444444444445,4.513888888888888,5.555555555555555,89.93055555555556,6.25,83.68055555555556
E00089494,342,53,13,40,289,45,244,15.497076023391813,3.8011695906432745,11.695906432748536,84.50292397660819,13.157894736842104,71.34502923976608
E00089495,240,45,15,30,195,20,175,18.75,6.25,12.5,81.25,8.333333333333332,72.91666666666666
E00089496,388,54,22,32,334,36,298,13.917525773195877,5.670103092783505,8.24742268041237,86.08247422680412,9.278350515463918,76.80412371134021
E00089497,211,66,26,40,145,15,130,31.27962085308057,12.322274881516588,18.95734597156398,68.72037914691943,7.109004739336493,61.61137440758294
E00089498,263,51,17,34,212,20,192,19.39163498098859,6.4638783269961975,12.927756653992395,80.6083650190114,7.604562737642586,73.00380228136882
E00089499,299,43,5,38,256,40,216,14.381270903010032,1.6722408026755853,12.709030100334449,85.61872909698997,13.377926421404682,72.24080267558529
E00089500,302,69,35,34,233,21,212,22.8476821192053,11.589403973509933,11.258278145695364,77.15231788079471,6.95364238410596,70.19867549668875
E00089501,202,32,15,17,170,23,147,15.841584158415841,7.425742574257425,8.415841584158416,84.15841584158416,11.386138613861387,72.77227722772277
E00089502,316,51,14,37,265,36,229,16.139240506329113,4.430379746835443,11.708860759493671,83.86075949367088,11.39240506329114,72.46835443037975
E00089503,289,40,18,22,249,27,222,13.84083044982699,6.228373702422145,7.612456747404845,86.159169550173,9.342560553633218,76.8166089965398
E00089504,314,58,23,35,256,42,214,18.471337579617835,7.32484076433121,11.146496815286625,81.52866242038218,13.375796178343949,68.15286624203821
E00089505,266,49,18,31,217,19,198,18.421052631578945,6.7669172932330826,11.654135338345863,81.57894736842105,7.142857142857142,74.43609022556392
E00089506,315,32,8,24,283,23,260,10.158730158730158,2.5396825396825395,7.6190476190476195,89.84126984126985,7.301587301587302,82.53968253968253
E00089507,437,44,12,32,393,38,355,10.068649885583524,2.745995423340961,7.322654462242563,89.93135011441647,8.695652173913043,81.23569794050344
E00089508,320,29,4,25,291,31,260,9.0625,1.25,7.8125,90.9375,9.6875,81.25
E00089509,307,34,15,19,273,34,239,11.074918566775244,4.88599348534202,6.188925081433225,88.92508143322475,11.074918566775244,77.85016286644951
E00089510,293,42,20,22,251,17,234,14.334470989761092,6.825938566552901,7.508532423208192,85.6655290102389,5.802047781569966,79.86348122866895
E00089511,316,42,16,26,274,20,254,13.291139240506327,5.063291139240507,8.227848101265822,86.70886075949366,6.329113924050633,80.37974683544303
E00089512,332,41,8,33,291,30,261,12.349397590361445,2.4096385542168677,9.939759036144578,87.65060240963855,9.036144578313253,78.6144578313253
E00089513,427,38,11,27,389,31,358,8.899297423887589,2.576112412177986,6.323185011709602,91.10070257611241,7.259953161592506,83.8407494145199
E00089514,397,74,31,43,323,23,300,18.639798488664987,7.8085642317380355,10.831234256926953,81.36020151133502,5.793450881612091,75.56675062972292
E00089515,363,25,3,22,338,19,319,6.887052341597796,0.8264462809917356,6.0606060606060606,93.1129476584022,5.234159779614325,87.87878787878788
E00089516,388,42,13,29,346,31,315,10.824742268041238,3.350515463917526,7.474226804123711,89.17525773195877,7.989690721649484,81.18556701030928
E00089517,256,45,20,25,211,22,189,17.578125,7.8125,9.765625,82.421875,8.59375,73.828125
E00089518,335,97,61,36,238,22,216,28.955223880597014,18.208955223880597,10.746268656716417,71.04477611940298,6.567164179104477,64.4776119402985
E00089519,416,54,21,33,362,32,330,12.980769230769232,5.048076923076923,7.9326923076923075,87.01923076923077,7.6923076923076925,79.32692307692307
E00089520,342,66,24,42,276,24,252,19.298245614035086,7.017543859649122,12.280701754385964,80.7017543859649,7.017543859649122,73.68421052631578
E00089521,482,56,15,41,426,34,392,11.618257261410788,3.112033195020747,8.506224066390041,88.38174273858921,7.053941908713693,81.32780082987551
E00089522,345,65,28,37,280,19,261,18.84057971014493,8.115942028985506,10.72463768115942,81.15942028985508,5.507246376811594,75.65217391304347
E00089523,390,32,9,23,358,28,330,8.205128205128204,2.307692307692308,5.897435897435897,91.7948717948718,7.179487179487179,84.61538461538461
E00089524,337,40,15,25,297,20,277,11.869436201780417,4.451038575667656,7.418397626112759,88.13056379821958,5.934718100890208,82.19584569732937
E00089525,322,40,13,27,282,36,246,12.422360248447205,4.037267080745342,8.385093167701864,87.5776397515528,11.180124223602485,76.3975155279503
E00089526,363,43,10,33,320,33,287,11.84573002754821,2.7548209366391188,9.090909090909092,88.1542699724518,9.090909090909092,79.06336088154269
E00089527,461,66,20,46,395,35,360,14.316702819956618,4.3383947939262475,9.97830802603037,85.68329718004338,7.592190889370933,78.09110629067246
E00089528,202,47,16,31,155,15,140,23.26732673267327,7.920792079207921,15.346534653465346,76.73267326732673,7.425742574257425,69.3069306930693
E00089529,267,52,20,32,215,21,194,19.475655430711612,7.490636704119851,11.985018726591761,80.52434456928839,7.865168539325842,72.65917602996255
E00089530,160,20,4,16,140,6,134,12.5,2.5,10,87.5,3.75,83.75
E00089531,329,53,20,33,276,25,251,16.109422492401215,6.079027355623101,10.030395136778116,83.89057750759878,7.598784194528875,76.29179331306992
E00089532,262,27,9,18,235,16,219,10.305343511450381,3.435114503816794,6.870229007633588,89.69465648854961,6.106870229007633,83.58778625954199
E00089533,334,51,17,34,283,22,261,15.269461077844312,5.089820359281437,10.179640718562874,84.73053892215569,6.58682634730539,78.1437125748503
E00089534,308,30,10,20,278,13,265,9.740259740259742,3.2467532467532463,6.493506493506493,90.25974025974025,4.220779220779221,86.03896103896103
E00089535,280,27,10,17,253,14,239,9.642857142857144,3.571428571428571,6.071428571428571,90.35714285714286,5,85.35714285714285
E00089536,267,24,6,18,243,20,223,8.98876404494382,2.247191011235955,6.741573033707865,91.01123595505618,7.490636704119851,83.52059925093633
E00089537,282,32,11,21,250,25,225,11.347517730496454,3.900709219858156,7.446808510638298,88.65248226950354,8.865248226950355,79.7872340425532
E00089538,321,28,4,24,293,24,269,8.722741433021806,1.2461059190031152,7.476635514018691,91.27725856697819,7.476635514018691,83.8006230529595
E00089539,245,34,7,27,211,17,194,13.877551020408163,2.857142857142857,11.020408163265307,86.12244897959184,6.938775510204081,79.18367346938776
E00089540,351,25,6,19,326,32,294,7.122507122507122,1.7094017094017095,5.413105413105413,92.87749287749287,9.116809116809117,83.76068376068376
E00089541,347,27,10,17,320,34,286,7.780979827089338,2.881844380403458,4.899135446685879,92.21902017291066,9.798270893371757,82.42074927953891
E00089542,196,23,7,16,173,16,157,11.73469387755102,3.571428571428571,8.16326530612245,88.26530612244898,8.16326530612245,80.10204081632652
E00089543,297,30,10,20,267,26,241,10.1010101010101,3.3670033670033668,6.7340067340067336,89.8989898989899,8.754208754208754,81.14478114478115
E00089544,282,37,12,25,245,22,223,13.120567375886525,4.25531914893617,8.865248226950355,86.87943262411348,7.801418439716312,79.07801418439716
E00089545,294,60,19,41,234,28,206,20.408163265306122,6.462585034013606,13.945578231292515,79.59183673469387,9.523809523809524,70.06802721088435
E00089546,393,67,28,39,326,30,296,17.048346055979643,7.124681933842239,9.923664122137405,82.95165394402035,7.633587786259542,75.31806615776081
E00089547,346,40,15,25,306,25,281,11.560693641618498,4.335260115606936,7.225433526011561,88.4393063583815,7.225433526011561,81.21387283236994
E00089548,409,35,10,25,374,36,338,8.557457212713937,2.444987775061125,6.112469437652812,91.44254278728606,8.80195599022005,82.64058679706602
E00089549,368,53,12,41,315,32,283,14.402173913043478,3.260869565217391,11.141304347826086,85.59782608695652,8.695652173913043,76.90217391304348
E00089550,382,49,16,33,333,27,306,12.827225130890053,4.18848167539267,8.638743455497382,87.17277486910994,7.068062827225131,80.10471204188482
E00089551,344,39,10,29,305,29,276,11.337209302325581,2.9069767441860463,8.430232558139535,88.66279069767442,8.430232558139535,80.23255813953489
E00089552,299,35,8,27,264,32,232,11.705685618729097,2.6755852842809364,9.03010033444816,88.2943143812709,10.702341137123746,77.59197324414716
E00089553,344,35,11,24,309,31,278,10.174418604651162,3.1976744186046515,6.976744186046512,89.82558139534885,9.011627906976743,80.81395348837209
E00089554,449,32,7,25,417,32,385,7.126948775055679,1.55902004454343,5.56792873051225,92.87305122494432,7.126948775055679,85.74610244988864
E00089555,261,85,39,46,176,24,152,32.56704980842912,14.942528735632186,17.624521072796934,67.43295019157088,9.195402298850574,58.23754789272031
E00089556,326,88,45,43,238,20,218,26.993865030674847,13.803680981595093,13.190184049079754,73.00613496932516,6.134969325153374,66.87116564417178
E00089557,334,41,17,24,293,18,275,12.275449101796406,5.089820359281437,7.18562874251497,87.72455089820359,5.389221556886228,82.33532934131736
E00089558,444,44,14,30,400,29,371,9.90990990990991,3.153153153153153,6.756756756756757,90.09009009009009,6.531531531531531,83.55855855855856
E00089559,539,107,49,58,432,26,406,19.851576994434136,9.090909090909092,10.760667903525047,80.14842300556586,4.823747680890538,75.32467532467533
E00089560,327,44,16,28,283,20,263,13.455657492354739,4.892966360856269,8.56269113149847,86.54434250764525,6.116207951070336,80.42813455657493
E00089561,364,29,11,18,335,22,313,7.967032967032966,3.021978021978022,4.945054945054945,92.03296703296702,6.043956043956044,85.98901098901099
E00089562,297,63,25,38,234,21,213,21.21212121212121,8.417508417508419,12.794612794612794,78.78787878787878,7.07070707070707,71.71717171717171
E00089563,276,28,9,19,248,13,235,10.144927536231885,3.260869565217391,6.884057971014493,89.85507246376811,4.710144927536232,85.14492753623189
E00089564,373,33,14,19,340,32,308,8.847184986595174,3.753351206434316,5.093833780160858,91.15281501340483,8.579088471849866,82.57372654155496
E00089565,243,32,9,23,211,35,176,13.168724279835391,3.7037037037037033,9.465020576131687,86.83127572016461,14.40329218106996,72.42798353909465
E00089566,168,24,8,16,144,14,130,14.285714285714285,4.761904761904762,9.523809523809524,85.71428571428571,8.333333333333332,77.38095238095238
E00089567,209,44,16,28,165,16,149,21.052631578947366,7.655502392344498,13.397129186602871,78.94736842105263,7.655502392344498,71.29186602870813
E00089568,349,39,8,31,310,29,281,11.174785100286533,2.292263610315186,8.882521489971348,88.82521489971347,8.30945558739255,80.51575931232091
E00089569,339,39,12,27,300,23,277,11.504424778761061,3.5398230088495577,7.964601769911504,88.49557522123894,6.784660766961652,81.71091445427729
E00089570,396,63,38,25,333,27,306,15.909090909090908,9.595959595959595,6.313131313131313,84.0909090909091,6.8181818181818175,77.27272727272727
E00089571,309,30,16,14,279,24,255,9.70873786407767,5.177993527508091,4.53074433656958,90.29126213592234,7.766990291262135,82.52427184466019
E00089572,367,32,10,22,335,20,315,8.71934604904632,2.7247956403269753,5.994550408719346,91.28065395095368,5.449591280653951,85.83106267029973
E00089573,379,33,12,21,346,33,313,8.70712401055409,3.16622691292876,5.540897097625329,91.2928759894459,8.70712401055409,82.58575197889182
E00089574,314,35,16,19,279,21,258,11.146496815286625,5.095541401273886,6.050955414012739,88.85350318471338,6.687898089171974,82.16560509554141
E00089575,401,64,15,49,337,33,304,15.96009975062344,3.7406483790523692,12.219451371571072,84.03990024937656,8.229426433915211,75.81047381546135
E00089576,184,18,6,12,166,17,149,9.782608695652174,3.260869565217391,6.521739130434782,90.21739130434783,9.239130434782608,80.97826086956522
E00089577,116,29,6,23,87,10,77,25,5.172413793103448,19.82758620689655,75,8.620689655172415,66.37931034482759
E00089578,220,47,15,32,173,15,158,21.363636363636363,6.8181818181818175,14.545454545454545,78.63636363636364,6.8181818181818175,71.81818181818181
E00089579,412,50,12,38,362,38,324,12.135922330097088,2.912621359223301,9.223300970873787,87.86407766990291,9.223300970873787,78.64077669902912
E00089580,298,35,11,24,263,23,240,11.74496644295302,3.691275167785235,8.053691275167784,88.25503355704699,7.718120805369128,80.53691275167785
E00089581,316,24,7,17,292,28,264,7.59493670886076,2.2151898734177213,5.379746835443038,92.40506329113924,8.860759493670885,83.54430379746836
E00089582,362,69,23,46,293,20,273,19.060773480662984,6.353591160220995,12.70718232044199,80.93922651933701,5.524861878453039,75.41436464088397
E00089583,228,47,26,21,181,11,170,20.614035087719298,11.403508771929824,9.210526315789473,79.3859649122807,4.824561403508771,74.56140350877193
E00089584,376,36,10,26,340,23,317,9.574468085106384,2.6595744680851063,6.914893617021277,90.42553191489363,6.117021276595745,84.30851063829788
E00089585,333,38,8,30,295,30,265,11.411411411411411,2.4024024024024024,9.00900900900901,88.58858858858859,9.00900900900901,79.57957957957959
E00089586,342,42,18,24,300,19,281,12.280701754385964,5.263157894736842,7.017543859649122,87.71929824561403,5.555555555555555,82.16374269005848
E00089587,371,30,8,22,341,30,311,8.086253369272237,2.15633423180593,5.929919137466308,91.91374663072777,8.086253369272237,83.82749326145552
E00089588,342,36,13,23,306,15,291,10.526315789473683,3.8011695906432745,6.725146198830409,89.47368421052632,4.385964912280701,85.08771929824562
E00089590,291,27,6,21,264,21,243,9.278350515463918,2.0618556701030926,7.216494845360824,90.72164948453609,7.216494845360824,83.50515463917526
E00089591,342,37,8,29,305,12,293,10.818713450292398,2.3391812865497075,8.47953216374269,89.18128654970761,3.508771929824561,85.67251461988305
E00089592,342,48,14,34,294,37,257,14.035087719298245,4.093567251461988,9.941520467836257,85.96491228070175,10.818713450292398,75.14619883040936
E00089593,373,30,10,20,343,31,312,8.04289544235925,2.680965147453083,5.361930294906166,91.95710455764075,8.310991957104557,83.6461126005362
E00089594,440,125,76,49,315,13,302,28.40909090909091,17.272727272727273,11.136363636363637,71.5909090909091,2.9545454545454546,68.63636363636364
E00089595,388,43,18,25,345,34,311,11.082474226804123,4.639175257731959,6.443298969072164,88.91752577319588,8.762886597938143,80.15463917525774
E00089596,351,53,29,24,298,19,279,15.0997150997151,8.262108262108262,6.837606837606838,84.9002849002849,5.413105413105413,79.48717948717949
E00089597,411,43,8,35,368,30,338,10.46228710462287,1.9464720194647203,8.51581508515815,89.53771289537713,7.2992700729927,82.23844282238443
E00089598,381,44,10,34,337,23,314,11.548556430446194,2.6246719160104988,8.923884514435695,88.4514435695538,6.036745406824147,82.41469816272966
E00089599,260,45,18,27,215,14,201,17.307692307692307,6.923076923076923,10.384615384615385,82.6923076923077,5.384615384615385,77.3076923076923
E00089600,370,48,18,30,322,30,292,12.972972972972974,4.864864864864865,8.108108108108109,87.02702702702703,8.108108108108109,78.91891891891892
E00089601,376,36,10,26,340,29,311,9.574468085106384,2.6595744680851063,6.914893617021277,90.42553191489363,7.712765957446808,82.7127659574468
E00089602,167,19,5,14,148,9,139,11.377245508982035,2.9940119760479043,8.383233532934131,88.62275449101796,5.389221556886228,83.23353293413174
E00089603,489,133,76,57,356,29,327,27.198364008179958,15.541922290388548,11.65644171779141,72.80163599182005,5.930470347648262,66.87116564417178
E00089604,459,111,57,54,348,23,325,24.183006535947712,12.418300653594772,11.76470588235294,75.81699346405229,5.010893246187364,70.80610021786492
E00089605,387,28,6,22,359,24,335,7.235142118863049,1.550387596899225,5.684754521963824,92.76485788113695,6.2015503875969,86.56330749354005
E00089606,342,37,12,25,305,24,281,10.818713450292398,3.508771929824561,7.309941520467836,89.18128654970761,7.017543859649122,82.16374269005848
E00089607,280,34,15,19,246,21,225,12.142857142857142,5.357142857142857,6.785714285714286,87.85714285714286,7.5,80.35714285714286
E00089608,325,26,5,21,299,35,264,8,1.5384615384615385,6.461538461538462,92,10.76923076923077,81.23076923076923
E00089609,336,36,7,29,300,19,281,10.714285714285714,2.083333333333333,8.630952380952381,89.28571428571429,5.654761904761905,83.63095238095238
E00089610,344,42,11,31,302,30,272,12.209302325581394,3.1976744186046515,9.011627906976743,87.79069767441861,8.720930232558139,79.06976744186046
E00089611,303,43,17,26,260,13,247,14.19141914191419,5.6105610561056105,8.58085808580858,85.8085808580858,4.29042904290429,81.51815181518151
E00089612,310,25,7,18,285,25,260,8.064516129032258,2.258064516129032,5.806451612903226,91.93548387096774,8.064516129032258,83.87096774193549
E00089613,266,29,16,13,237,19,218,10.902255639097744,6.015037593984962,4.887218045112782,89.09774436090225,7.142857142857142,81.95488721804512
E00089614,314,38,14,24,276,24,252,12.101910828025478,4.45859872611465,7.643312101910828,87.89808917197452,7.643312101910828,80.2547770700637
E00089615,288,59,27,32,229,18,211,20.48611111111111,9.375,11.11111111111111,79.51388888888889,6.25,73.26388888888889
E00089616,294,39,11,28,255,23,232,13.26530612244898,3.741496598639456,9.523809523809524,86.73469387755102,7.8231292517006805,78.91156462585033
E00089617,283,39,22,17,244,21,223,13.780918727915195,7.773851590106007,6.007067137809187,86.21908127208481,7.420494699646643,78.79858657243817
E00089618,332,33,12,21,299,21,278,9.939759036144578,3.614457831325301,6.325301204819277,90.06024096385542,6.325301204819277,83.73493975903614
E00089619,415,31,8,23,384,28,356,7.46987951807229,1.9277108433734942,5.542168674698795,92.53012048192771,6.746987951807229,85.78313253012048
E00089620,374,45,14,31,329,35,294,12.032085561497325,3.7433155080213902,8.288770053475936,87.96791443850267,9.358288770053475,78.6096256684492
E00089621,372,37,10,27,335,27,308,9.946236559139784,2.6881720430107525,7.258064516129033,90.05376344086021,7.258064516129033,82.79569892473118
E00089622,245,33,11,22,212,22,190,13.46938775510204,4.489795918367347,8.979591836734693,86.53061224489797,8.979591836734693,77.55102040816327
E00089623,408,42,13,29,366,34,332,10.294117647058822,3.1862745098039214,7.107843137254902,89.70588235294117,8.333333333333332,81.37254901960785
E00089624,254,50,16,34,204,25,179,19.68503937007874,6.299212598425196,13.385826771653544,80.31496062992126,9.84251968503937,70.47244094488188
E00089625,372,46,10,36,326,24,302,12.365591397849462,2.6881720430107525,9.67741935483871,87.63440860215054,6.451612903225806,81.18279569892472
E00089626,327,45,19,26,282,29,253,13.761467889908257,5.81039755351682,7.951070336391437,86.23853211009175,8.868501529051988,77.37003058103976
E00089627,302,31,12,19,271,22,249,10.264900662251655,3.9735099337748347,6.291390728476822,89.73509933774835,7.28476821192053,82.45033112582782
E00089628,344,34,11,23,310,32,278,9.883720930232558,3.1976744186046515,6.686046511627906,90.11627906976744,9.30232558139535,80.81395348837209
E00089629,363,35,12,23,328,31,297,9.641873278236915,3.3057851239669422,6.336088154269973,90.35812672176309,8.539944903581267,81.81818181818183
E00089630,500,73,17,56,427,34,393,14.6,3.4000000000000004,11.200000000000001,85.39999999999999,6.800000000000001,78.60000000000001
E00089631,358,28,7,21,330,23,307,7.82122905027933,1.9553072625698324,5.865921787709497,92.17877094972067,6.424581005586592,85.75418994413407
E00089632,374,46,10,36,328,22,306,12.299465240641712,2.6737967914438503,9.62566844919786,87.70053475935828,5.88235294117647,81.81818181818183
E00089633,266,38,13,25,228,25,203,14.285714285714285,4.887218045112782,9.398496240601503,85.71428571428571,9.398496240601503,76.31578947368422
E00089634,325,24,5,19,301,34,267,7.384615384615385,1.5384615384615385,5.846153846153846,92.61538461538461,10.461538461538462,82.15384615384616
E00089635,286,32,9,23,254,22,232,11.188811188811188,3.146853146853147,8.041958041958042,88.81118881118881,7.6923076923076925,81.11888111888112
E00089636,298,33,11,22,265,29,236,11.073825503355705,3.691275167785235,7.38255033557047,88.9261744966443,9.731543624161073,79.19463087248322
E00089637,334,29,10,19,305,29,276,8.682634730538922,2.9940119760479043,5.688622754491018,91.31736526946108,8.682634730538922,82.63473053892216
E00089638,312,28,6,22,284,26,258,8.974358974358974,1.9230769230769231,7.051282051282051,91.02564102564102,8.333333333333332,82.6923076923077
E00089639,362,34,7,27,328,30,298,9.392265193370166,1.9337016574585635,7.458563535911603,90.60773480662984,8.287292817679557,82.32044198895028
E00089640,379,55,32,23,324,20,304,14.511873350923482,8.443271767810026,6.068601583113456,85.4881266490765,5.277044854881266,80.21108179419525
E00089641,337,43,15,28,294,25,269,12.759643916913946,4.451038575667656,8.30860534124629,87.24035608308606,7.418397626112759,79.82195845697329
E00089642,328,29,7,22,299,28,271,8.841463414634147,2.1341463414634148,6.707317073170732,91.15853658536585,8.536585365853659,82.6219512195122
E00089643,331,33,3,30,298,31,267,9.969788519637463,0.906344410876133,9.06344410876133,90.03021148036254,9.365558912386707,80.66465256797582
E00089644,337,47,15,32,290,23,267,13.94658753709199,4.451038575667656,9.495548961424333,86.05341246290801,6.824925816023739,79.22848664688428
E00089645,281,65,24,41,216,27,189,23.131672597864767,8.540925266903916,14.590747330960854,76.86832740213522,9.608540925266903,67.25978647686833
E00089646,327,39,15,24,288,26,262,11.926605504587156,4.587155963302752,7.339449541284404,88.07339449541286,7.951070336391437,80.1223241590214
E00089647,337,32,11,21,305,38,267,9.495548961424333,3.2640949554896146,6.231454005934718,90.50445103857567,11.275964391691394,79.22848664688428
E00089648,356,42,10,32,314,29,285,11.797752808988763,2.8089887640449436,8.98876404494382,88.20224719101124,8.146067415730338,80.0561797752809
E00089649,334,54,21,33,280,23,257,16.16766467065868,6.287425149700598,9.880239520958083,83.8323353293413,6.88622754491018,76.94610778443113
E00089650,346,35,15,20,311,12,299,10.115606936416185,4.335260115606936,5.780346820809249,89.88439306358381,3.4682080924855487,86.41618497109826
E00089651,348,49,18,31,299,20,279,14.080459770114942,5.172413793103448,8.908045977011495,85.91954022988506,5.747126436781609,80.17241379310344
E00089652,361,58,17,41,303,23,280,16.06648199445983,4.7091412742382275,11.357340720221606,83.93351800554017,6.3711911357340725,77.5623268698061
E00089653,301,68,28,40,233,26,207,22.591362126245848,9.30232558139535,13.2890365448505,77.40863787375415,8.637873754152823,68.77076411960132
E00089654,328,39,16,23,289,23,266,11.890243902439025,4.878048780487805,7.01219512195122,88.10975609756098,7.01219512195122,81.09756097560977
E00089655,323,45,20,25,278,13,265,13.93188854489164,6.191950464396285,7.739938080495357,86.06811145510835,4.024767801857585,82.04334365325077
E00089656,371,28,8,20,343,36,307,7.547169811320755,2.15633423180593,5.3908355795148255,92.45283018867924,9.703504043126685,82.74932614555256
E00089657,229,40,14,26,189,12,177,17.46724890829694,6.11353711790393,11.353711790393014,82.53275109170306,5.240174672489083,77.29257641921397
E00089658,372,56,17,39,316,36,280,15.053763440860216,4.56989247311828,10.483870967741936,84.94623655913979,9.67741935483871,75.26881720430107
E00089659,355,31,6,25,324,27,297,8.732394366197182,1.6901408450704223,7.042253521126761,91.26760563380282,7.605633802816901,83.66197183098592
E00089660,322,20,7,13,302,32,270,6.211180124223603,2.1739130434782608,4.037267080745342,93.7888198757764,9.937888198757763,83.85093167701864
E00089661,266,54,25,29,212,28,184,20.30075187969925,9.398496240601503,10.902255639097744,79.69924812030075,10.526315789473683,69.17293233082707
E00089662,284,37,10,27,247,31,216,13.028169014084506,3.5211267605633805,9.507042253521126,86.97183098591549,10.915492957746478,76.05633802816901
E00089663,242,38,10,28,204,20,184,15.702479338842975,4.132231404958678,11.570247933884298,84.29752066115702,8.264462809917356,76.03305785123968
E00089664,255,27,5,22,228,24,204,10.588235294117647,1.9607843137254901,8.627450980392156,89.41176470588236,9.411764705882353,80
E00089665,255,21,5,16,234,20,214,8.235294117647058,1.9607843137254901,6.2745098039215685,91.76470588235294,7.8431372549019605,83.92156862745098
E00089666,344,35,9,26,309,36,273,10.174418604651162,2.616279069767442,7.55813953488372,89.82558139534885,10.465116279069768,79.36046511627907
E00089667,320,54,14,40,266,31,235,16.875,4.375,12.5,83.125,9.6875,73.4375
E00089668,274,30,7,23,244,31,213,10.948905109489052,2.5547445255474455,8.394160583941606,89.05109489051095,11.313868613138686,77.73722627737226
E00089669,373,41,15,26,332,24,308,10.991957104557642,4.021447721179625,6.970509383378016,89.00804289544236,6.434316353887399,82.57372654155496
E00089670,289,73,31,42,216,11,205,25.259515570934255,10.726643598615917,14.53287197231834,74.74048442906575,3.8062283737024223,70.93425605536332
E00089671,326,47,9,38,279,27,252,14.417177914110429,2.7607361963190185,11.65644171779141,85.58282208588957,8.282208588957054,77.30061349693251
E00089672,327,62,27,35,265,16,249,18.960244648318042,8.256880733944955,10.703363914373089,81.03975535168195,4.892966360856269,76.14678899082568
E00089673,289,48,11,37,241,32,209,16.608996539792386,3.8062283737024223,12.802768166089965,83.39100346020761,11.072664359861593,72.31833910034602
E00089674,312,53,20,33,259,23,236,16.98717948717949,6.41025641025641,10.576923076923077,83.01282051282051,7.371794871794872,75.64102564102564
E00089675,300,46,14,32,254,17,237,15.333333333333332,4.666666666666667,10.666666666666668,84.66666666666667,5.666666666666666,79
E00089676,344,32,6,26,312,27,285,9.30232558139535,1.744186046511628,7.55813953488372,90.69767441860465,7.848837209302325,82.84883720930233
E00089677,318,44,21,23,274,19,255,13.836477987421384,6.60377358490566,7.232704402515723,86.16352201257862,5.9748427672955975,80.18867924528303
E00089678,405,47,16,31,358,30,328,11.604938271604938,3.950617283950617,7.654320987654321,88.39506172839506,7.4074074074074066,80.98765432098766
E00089679,330,54,20,34,276,24,252,16.363636363636363,6.0606060606060606,10.303030303030303,83.63636363636363,7.2727272727272725,76.36363636363637
E00089680,282,39,17,22,243,30,213,13.829787234042554,6.028368794326241,7.801418439716312,86.17021276595744,10.638297872340425,75.53191489361703
E00089681,306,57,24,33,249,19,230,18.627450980392158,7.8431372549019605,10.784313725490197,81.37254901960785,6.209150326797386,75.16339869281046
E00089682,330,36,10,26,294,27,267,10.909090909090908,3.0303030303030303,7.878787878787878,89.0909090909091,8.181818181818182,80.9090909090909
E00089683,324,49,17,32,275,35,240,15.123456790123457,5.246913580246913,9.876543209876543,84.87654320987654,10.802469135802468,74.07407407407408
E00089684,332,33,11,22,299,29,270,9.939759036144578,3.313253012048193,6.626506024096386,90.06024096385542,8.734939759036145,81.32530120481928
E00089685,291,47,15,32,244,27,217,16.151202749140893,5.154639175257731,10.996563573883162,83.8487972508591,9.278350515463918,74.5704467353952
E00089686,329,57,22,35,272,25,247,17.325227963525837,6.68693009118541,10.638297872340425,82.67477203647417,7.598784194528875,75.07598784194529
E00089687,344,53,13,40,291,30,261,15.406976744186046,3.77906976744186,11.627906976744185,84.59302325581395,8.720930232558139,75.87209302325581
E00089688,298,50,14,36,248,20,228,16.778523489932887,4.697986577181208,12.080536912751679,83.22147651006712,6.7114093959731544,76.51006711409396
E00089689,309,91,45,46,218,14,204,29.449838187702266,14.563106796116504,14.886731391585762,70.55016181229773,4.53074433656958,66.01941747572816
E00089691,378,59,24,35,319,30,289,15.608465608465607,6.349206349206349,9.25925925925926,84.39153439153439,7.936507936507936,76.45502645502646
E00089693,344,42,17,25,302,38,264,12.209302325581394,4.941860465116279,7.267441860465117,87.79069767441861,11.046511627906977,76.74418604651163
E00089694,354,32,8,24,322,38,284,9.03954802259887,2.2598870056497176,6.779661016949152,90.96045197740112,10.734463276836157,80.22598870056498
E00089696,362,31,9,22,331,29,302,8.56353591160221,2.4861878453038675,6.077348066298343,91.4364640883978,8.011049723756907,83.42541436464089
E00089697,317,47,16,31,270,17,253,14.826498422712934,5.047318611987381,9.779179810725552,85.17350157728707,5.3627760252365935,79.81072555205047
E00089698,332,52,17,35,280,24,256,15.66265060240964,5.120481927710843,10.542168674698797,84.33734939759037,7.228915662650602,77.10843373493977
E00089699,312,40,13,27,272,16,256,12.82051282051282,4.166666666666666,8.653846153846153,87.17948717948718,5.128205128205128,82.05128205128204
E00089700,337,18,4,14,319,29,290,5.341246290801187,1.1869436201780417,4.154302670623145,94.65875370919882,8.605341246290802,86.05341246290801
E00089701,313,66,31,35,247,10,237,21.08626198083067,9.904153354632587,11.182108626198083,78.91373801916933,3.1948881789137378,75.71884984025559
E00089702,348,39,11,28,309,31,278,11.206896551724139,3.1609195402298855,8.045977011494253,88.79310344827587,8.908045977011495,79.88505747126436
E00089703,338,43,13,30,295,26,269,12.721893491124261,3.8461538461538463,8.875739644970414,87.27810650887574,7.6923076923076925,79.58579881656804
E00089704,402,59,22,37,343,28,315,14.676616915422885,5.472636815920398,9.203980099502488,85.3233830845771,6.965174129353234,78.35820895522389
E00089705,309,39,10,29,270,29,241,12.62135922330097,3.2362459546925564,9.385113268608414,87.37864077669903,9.385113268608414,77.99352750809061
E00089706,390,54,23,31,336,28,308,13.846153846153847,5.897435897435897,7.948717948717948,86.15384615384616,7.179487179487179,78.97435897435898
E00089707,339,41,13,28,298,23,275,12.094395280235988,3.8348082595870205,8.259587020648967,87.90560471976401,6.784660766961652,81.12094395280236
E00089708,378,47,17,30,331,27,304,12.433862433862434,4.497354497354497,7.936507936507936,87.56613756613757,7.142857142857142,80.42328042328042
E00089709,384,36,10,26,348,40,308,9.375,2.604166666666667,6.770833333333333,90.625,10.416666666666668,80.20833333333334
E00089710,275,32,9,23,243,14,229,11.636363636363637,3.272727272727273,8.363636363636363,88.36363636363636,5.090909090909091,83.27272727272728
E00089711,407,78,37,41,329,35,294,19.164619164619165,9.090909090909092,10.073710073710075,80.83538083538083,8.5995085995086,72.23587223587224
E00089712,310,54,17,37,256,15,241,17.419354838709676,5.483870967741936,11.935483870967742,82.58064516129032,4.838709677419355,77.74193548387098
E00089713,329,31,9,22,298,27,271,9.422492401215806,2.735562310030395,6.68693009118541,90.5775075987842,8.206686930091186,82.37082066869301
E00089714,353,31,7,24,322,39,283,8.78186968838527,1.9830028328611897,6.79886685552408,91.21813031161473,11.048158640226628,80.16997167138811
E00089715,311,28,6,22,283,18,265,9.003215434083602,1.929260450160772,7.07395498392283,90.9967845659164,5.787781350482315,85.20900321543408
E00089716,345,37,9,28,308,25,283,10.72463768115942,2.608695652173913,8.115942028985506,89.27536231884058,7.246376811594203,82.02898550724638
E00089717,358,51,13,38,307,15,292,14.24581005586592,3.6312849162011176,10.614525139664805,85.75418994413407,4.189944134078212,81.56424581005587
E00089718,431,44,13,31,387,24,363,10.208816705336426,3.0162412993039442,7.192575406032482,89.79118329466357,5.56844547563805,84.22273781902551
E00089719,492,63,36,27,429,25,404,12.804878048780488,7.317073170731707,5.487804878048781,87.1951219512195,5.08130081300813,82.11382113821138
E00089720,348,38,12,26,310,25,285,10.919540229885058,3.4482758620689653,7.471264367816093,89.08045977011494,7.183908045977011,81.89655172413794
E00089721,425,64,23,41,361,31,330,15.058823529411763,5.411764705882352,9.647058823529411,84.94117647058823,7.294117647058823,77.64705882352942
E00089722,149,34,27,7,115,9,106,22.818791946308725,18.120805369127517,4.697986577181208,77.18120805369128,6.0402684563758395,71.14093959731544
E00089723,131,9,3,6,122,7,115,6.870229007633588,2.2900763358778624,4.580152671755725,93.12977099236642,5.343511450381679,87.78625954198473
E00089724,285,35,11,24,250,27,223,12.280701754385964,3.8596491228070176,8.421052631578947,87.71929824561403,9.473684210526317,78.24561403508771
E00089725,240,31,7,24,209,15,194,12.916666666666668,2.9166666666666665,10,87.08333333333333,6.25,80.83333333333333
E00089726,335,36,9,27,299,28,271,10.746268656716417,2.6865671641791042,8.059701492537313,89.25373134328358,8.358208955223882,80.8955223880597
E00089727,375,61,33,28,314,29,285,16.266666666666666,8.799999999999999,7.466666666666668,83.73333333333333,7.733333333333333,76
E00089728,412,32,10,22,380,39,341,7.766990291262135,2.4271844660194173,5.339805825242718,92.23300970873787,9.466019417475728,82.76699029126213
E00089729,405,32,10,22,373,28,345,7.901234567901234,2.4691358024691357,5.432098765432099,92.09876543209876,6.91358024691358,85.18518518518519
E00089730,347,34,9,25,313,29,284,9.798270893371757,2.5936599423631126,7.204610951008646,90.20172910662824,8.357348703170029,81.84438040345822
E00089731,401,30,8,22,371,25,346,7.4812967581047385,1.99501246882793,5.486284289276807,92.51870324189527,6.234413965087282,86.28428927680798
E00089732,383,25,3,22,358,23,335,6.527415143603134,0.7832898172323759,5.7441253263707575,93.47258485639686,6.005221932114883,87.46736292428199
E00089733,327,23,13,10,304,31,273,7.033639143730887,3.9755351681957185,3.058103975535168,92.96636085626912,9.480122324159021,83.4862385321101
E00089734,330,38,15,23,292,11,281,11.515151515151516,4.545454545454546,6.969696969696971,88.48484848484848,3.3333333333333335,85.15151515151516
E00089735,330,31,8,23,299,33,266,9.393939393939393,2.4242424242424243,6.969696969696971,90.6060606060606,10,80.60606060606061
E00089736,317,49,19,30,268,21,247,15.457413249211358,5.993690851735016,9.46372239747634,84.54258675078864,6.624605678233439,77.91798107255521
E00089737,312,32,9,23,280,29,251,10.256410256410255,2.8846153846153846,7.371794871794872,89.74358974358975,9.294871794871796,80.44871794871796
E00089738,335,57,19,38,278,34,244,17.01492537313433,5.6716417910447765,11.343283582089553,82.98507462686567,10.149253731343283,72.83582089552239
E00089739,304,45,12,33,259,27,232,14.802631578947366,3.9473684210526314,10.855263157894738,85.19736842105263,8.881578947368421,76.31578947368422
E00089740,310,38,21,17,272,30,242,12.258064516129032,6.774193548387098,5.483870967741936,87.74193548387098,9.67741935483871,78.06451612903226
E00089741,188,51,23,28,137,24,113,27.127659574468083,12.23404255319149,14.893617021276595,72.87234042553192,12.76595744680851,60.1063829787234
E00089742,320,44,15,29,276,31,245,13.750000000000002,4.6875,9.0625,86.25,9.6875,76.5625
E00089743,362,36,5,31,326,32,294,9.94475138121547,1.3812154696132597,8.56353591160221,90.05524861878453,8.83977900552486,81.21546961325967
E00089744,283,60,23,37,223,20,203,21.20141342756184,8.12720848056537,13.074204946996467,78.79858657243817,7.06713780918728,71.73144876325088
E00089745,285,24,9,15,261,22,239,8.421052631578947,3.1578947368421053,5.263157894736842,91.57894736842105,7.719298245614035,83.85964912280703
E00089746,312,40,8,32,272,28,244,12.82051282051282,2.564102564102564,10.256410256410255,87.17948717948718,8.974358974358974,78.2051282051282
E00089747,293,63,26,37,230,27,203,21.501706484641637,8.873720136518772,12.627986348122866,78.49829351535837,9.215017064846416,69.28327645051195
E00089748,281,57,26,31,224,16,208,20.284697508896798,9.252669039145907,11.032028469750891,79.7153024911032,5.6939501779359425,74.02135231316726
E00089749,316,40,13,27,276,22,254,12.658227848101266,4.113924050632911,8.544303797468354,87.34177215189874,6.962025316455696,80.37974683544303
E00089750,299,41,18,23,258,26,232,13.712374581939798,6.0200668896321075,7.6923076923076925,86.2876254180602,8.695652173913043,77.59197324414716
E00089751,249,24,4,20,225,23,202,9.63855421686747,1.6064257028112447,8.032128514056225,90.36144578313254,9.236947791164658,81.12449799196787
E00089752,422,42,13,29,380,30,350,9.95260663507109,3.080568720379147,6.872037914691943,90.04739336492891,7.109004739336493,82.93838862559242
E00089753,321,31,8,23,290,31,259,9.657320872274143,2.4922118380062304,7.165109034267912,90.34267912772586,9.657320872274143,80.68535825545172
E00089754,303,50,9,41,253,27,226,16.5016501650165,2.9702970297029703,13.531353135313532,83.4983498349835,8.91089108910891,74.58745874587459
E00089755,325,48,22,26,277,28,249,14.76923076923077,6.769230769230769,8,85.23076923076923,8.615384615384615,76.61538461538461
E00089756,292,20,1,19,272,22,250,6.8493150684931505,0.3424657534246575,6.506849315068493,93.15068493150685,7.534246575342466,85.61643835616438
E00089757,272,28,6,22,244,34,210,10.294117647058822,2.2058823529411766,8.088235294117647,89.70588235294117,12.5,77.20588235294117
E00089758,338,64,29,35,274,32,242,18.93491124260355,8.579881656804734,10.355029585798817,81.06508875739645,9.467455621301776,71.59763313609467
E00089759,474,73,32,41,401,33,368,15.400843881856542,6.751054852320674,8.649789029535865,84.59915611814345,6.962025316455696,77.63713080168776
E00089760,356,59,24,35,297,18,279,16.573033707865168,6.741573033707865,9.831460674157304,83.42696629213484,5.056179775280898,78.37078651685393
E00089761,374,70,29,41,304,27,277,18.71657754010695,7.754010695187167,10.962566844919785,81.28342245989305,7.219251336898395,74.06417112299465
E00089762,365,41,9,32,324,27,297,11.232876712328768,2.4657534246575343,8.767123287671232,88.76712328767124,7.397260273972603,81.36986301369863
E00089763,306,56,25,31,250,16,234,18.30065359477124,8.169934640522875,10.130718954248366,81.69934640522875,5.228758169934641,76.47058823529412
E00089764,289,56,25,31,233,18,215,19.377162629757784,8.650519031141869,10.726643598615917,80.62283737024222,6.228373702422145,74.39446366782006
E00089765,381,47,18,29,334,28,306,12.335958005249344,4.724409448818897,7.611548556430446,87.66404199475065,7.349081364829396,80.31496062992126
E00089766,331,64,20,44,267,26,241,19.335347432024168,6.042296072507553,13.293051359516618,80.66465256797582,7.854984894259818,72.80966767371602
E00089767,322,62,26,36,260,21,239,19.25465838509317,8.074534161490684,11.180124223602485,80.74534161490683,6.521739130434782,74.22360248447205
E00089768,238,50,29,21,188,18,170,21.008403361344538,12.184873949579831,8.823529411764707,78.99159663865547,7.563025210084033,71.42857142857143
E00089769,307,58,17,41,249,36,213,18.892508143322477,5.537459283387622,13.355048859934854,81.10749185667753,11.726384364820847,69.38110749185668
E00089770,275,46,16,30,229,24,205,16.727272727272727,5.818181818181818,10.909090909090908,83.27272727272728,8.727272727272728,74.54545454545455
E00089772,392,43,12,31,349,32,317,10.96938775510204,3.061224489795918,7.908163265306123,89.03061224489795,8.16326530612245,80.86734693877551
E00089773,363,93,51,42,270,23,247,25.6198347107438,14.049586776859504,11.570247933884298,74.3801652892562,6.336088154269973,68.04407713498622
E00089774,393,91,52,39,302,29,273,23.155216284987276,13.231552162849871,9.923664122137405,76.84478371501272,7.37913486005089,69.46564885496184
E00089775,225,32,9,23,193,18,175,14.222222222222221,4,10.222222222222223,85.77777777777777,8,77.77777777777779
E00089776,276,31,8,23,245,15,230,11.231884057971014,2.898550724637681,8.333333333333332,88.76811594202898,5.434782608695652,83.33333333333334
E00089777,312,50,17,33,262,24,238,16.025641025641026,5.448717948717949,10.576923076923077,83.97435897435898,7.6923076923076925,76.28205128205127
E00089778,234,34,10,24,200,19,181,14.529914529914532,4.273504273504273,10.256410256410255,85.47008547008546,8.11965811965812,77.35042735042735
E00089779,288,49,25,24,239,24,215,17.01388888888889,8.680555555555555,8.333333333333332,82.98611111111111,8.333333333333332,74.65277777777779
E00089780,272,34,6,28,238,28,210,12.5,2.2058823529411766,10.294117647058822,87.5,10.294117647058822,77.20588235294117
E00089781,327,48,19,29,279,28,251,14.678899082568808,5.81039755351682,8.868501529051988,85.3211009174312,8.56269113149847,76.75840978593273
E00089782,359,35,10,25,324,28,296,9.749303621169917,2.785515320334262,6.963788300835655,90.25069637883009,7.7994428969359335,82.45125348189416
E00089783,288,33,9,24,255,27,228,11.458333333333332,3.125,8.333333333333332,88.54166666666666,9.375,79.16666666666666
E00089784,361,17,4,13,344,42,302,4.7091412742382275,1.10803324099723,3.6011080332409975,95.29085872576178,11.634349030470915,83.65650969529086
E00089785,260,31,11,20,229,21,208,11.923076923076923,4.230769230769231,7.6923076923076925,88.07692307692308,8.076923076923077,80
E00089786,401,47,10,37,354,22,332,11.72069825436409,2.493765586034913,9.226932668329177,88.2793017456359,5.486284289276807,82.7930174563591
E00089787,330,43,19,24,287,22,265,13.030303030303031,5.757575757575758,7.2727272727272725,86.96969696969697,6.666666666666667,80.3030303030303
E00089788,330,31,7,24,299,21,278,9.393939393939393,2.1212121212121215,7.2727272727272725,90.6060606060606,6.363636363636363,84.24242424242424
E00089789,384,59,19,40,325,29,296,15.364583333333334,4.947916666666666,10.416666666666668,84.63541666666666,7.552083333333333,77.08333333333334
E00089790,345,40,11,29,305,22,283,11.594202898550725,3.1884057971014492,8.405797101449275,88.40579710144928,6.3768115942028984,82.02898550724638
E00089791,354,46,17,29,308,24,284,12.994350282485875,4.80225988700565,8.192090395480225,87.00564971751412,6.779661016949152,80.22598870056498
E00089792,400,71,33,38,329,26,303,17.75,8.25,9.5,82.25,6.5,75.75
E00089793,441,69,27,42,372,24,348,15.646258503401361,6.122448979591836,9.523809523809524,84.35374149659864,5.442176870748299,78.91156462585033
E00089794,363,65,33,32,298,17,281,17.90633608815427,9.090909090909092,8.81542699724518,82.09366391184572,4.683195592286501,77.41046831955923
E00089795,369,34,13,21,335,30,305,9.214092140921409,3.523035230352303,5.691056910569105,90.78590785907859,8.130081300813007,82.65582655826557
E00089796,429,39,10,29,390,34,356,9.090909090909092,2.331002331002331,6.75990675990676,90.9090909090909,7.925407925407925,82.98368298368298
E00089797,346,48,17,31,298,26,272,13.872832369942195,4.913294797687861,8.959537572254336,86.1271676300578,7.514450867052023,78.61271676300578
E00089798,321,38,16,22,283,26,257,11.838006230529595,4.984423676012461,6.853582554517133,88.1619937694704,8.09968847352025,80.06230529595015
E00089799,242,52,23,29,190,23,167,21.487603305785125,9.50413223140496,11.983471074380166,78.51239669421489,9.50413223140496,69.00826446280992
E00089800,381,36,8,28,345,31,314,9.448818897637794,2.099737532808399,7.349081364829396,90.5511811023622,8.136482939632545,82.41469816272966
E00089801,319,52,14,38,267,25,242,16.30094043887147,4.38871473354232,11.912225705329153,83.69905956112854,7.836990595611286,75.86206896551724
E00089802,338,22,3,19,316,22,294,6.508875739644971,0.8875739644970414,5.621301775147929,93.49112426035504,6.508875739644971,86.98224852071006
E00089803,415,79,39,40,336,21,315,19.03614457831325,9.397590361445783,9.63855421686747,80.96385542168674,5.0602409638554215,75.90361445783132
E00089804,311,39,9,30,272,25,247,12.540192926045016,2.8938906752411575,9.646302250803858,87.45980707395499,8.038585209003216,79.42122186495176
E00089805,338,33,9,24,305,27,278,9.763313609467456,2.6627218934911245,7.100591715976331,90.23668639053254,7.988165680473373,82.24852071005917
E00089806,438,84,41,43,354,37,317,19.17808219178082,9.360730593607306,9.817351598173515,80.82191780821918,8.447488584474886,72.3744292237443
E00089807,472,50,21,29,422,37,385,10.59322033898305,4.4491525423728815,6.1440677966101696,89.40677966101694,7.838983050847458,81.5677966101695
E00089808,309,30,14,16,279,30,249,9.70873786407767,4.53074433656958,5.177993527508091,90.29126213592234,9.70873786407767,80.58252427184466
E00089809,317,54,21,33,263,23,240,17.034700315457414,6.624605678233439,10.410094637223976,82.96529968454259,7.255520504731862,75.70977917981072
E00089810,424,70,30,40,354,19,335,16.50943396226415,7.0754716981132075,9.433962264150944,83.49056603773585,4.481132075471698,79.00943396226415
E00089811,470,60,19,41,410,19,391,12.76595744680851,4.042553191489362,8.72340425531915,87.2340425531915,4.042553191489362,83.19148936170212
E00089812,276,28,7,21,248,16,232,10.144927536231885,2.536231884057971,7.608695652173914,89.85507246376811,5.797101449275362,84.05797101449275
E00089813,346,67,29,38,279,21,258,19.36416184971098,8.38150289017341,10.982658959537572,80.63583815028902,6.069364161849711,74.56647398843931
E00089814,515,66,32,34,449,40,409,12.815533980582524,6.213592233009709,6.601941747572816,87.18446601941747,7.766990291262135,79.41747572815534
E00089815,400,43,13,30,357,29,328,10.75,3.25,7.5,89.25,7.249999999999999,82
E00089816,269,36,12,24,233,13,220,13.382899628252787,4.4609665427509295,8.921933085501859,86.61710037174721,4.83271375464684,81.78438661710037
E00089817,615,48,14,34,567,40,527,7.804878048780488,2.2764227642276422,5.528455284552845,92.19512195121952,6.504065040650407,85.6910569105691
E00089818,256,49,16,33,207,18,189,19.140625,6.25,12.890625,80.859375,7.03125,73.828125
E00089819,306,59,26,33,247,18,229,19.28104575163399,8.49673202614379,10.784313725490197,80.71895424836602,5.88235294117647,74.83660130718954
E00089820,380,67,30,37,313,25,288,17.63157894736842,7.894736842105263,9.736842105263158,82.36842105263158,6.578947368421052,75.78947368421053
E00089821,390,52,14,38,338,27,311,13.333333333333334,3.5897435897435894,9.7435897435897445,86.66666666666667,6.923076923076923,79.74358974358975
E00089822,318,33,12,21,285,21,264,10.377358490566039,3.7735849056603774,6.60377358490566,89.62264150943396,6.60377358490566,83.01886792452831
E00089823,398,36,11,25,362,24,338,9.045226130653267,2.763819095477387,6.281407035175879,90.95477386934674,6.030150753768844,84.92462311557789
E00089824,359,36,13,23,323,31,292,10.027855153203342,3.6211699164345403,6.406685236768802,89.97214484679665,8.635097493036211,81.33704735376045
E00089825,434,36,11,25,398,32,366,8.294930875576037,2.5345622119815667,5.76036866359447,91.70506912442397,7.373271889400922,84.33179723502305
E00089826,282,42,12,30,240,16,224,14.893617021276595,4.25531914893617,10.638297872340425,85.1063829787234,5.673758865248227,79.43262411347519
E00089827,458,40,10,30,418,36,382,8.73362445414847,2.1834061135371177,6.550218340611353,91.26637554585153,7.860262008733625,83.4061135371179
E00089828,387,70,53,17,317,25,292,18.087855297157624,13.695090439276486,4.3927648578811365,81.91214470284238,6.459948320413436,75.45219638242894
E00089829,293,41,16,25,252,18,234,13.993174061433447,5.460750853242321,8.532423208191126,86.00682593856655,6.143344709897611,79.86348122866895
E00089830,365,31,10,21,334,22,312,8.493150684931507,2.73972602739726,5.7534246575342465,91.5068493150685,6.027397260273973,85.47945205479452
E00089831,349,43,10,33,306,21,285,12.320916905444127,2.865329512893983,9.455587392550143,87.67908309455588,6.017191977077363,81.66189111747852
E00089832,256,55,15,40,201,14,187,21.484375,5.859375,15.625,78.515625,5.46875,73.046875
E00089833,355,30,9,21,325,21,304,8.450704225352112,2.535211267605634,5.915492957746479,91.54929577464789,5.915492957746479,85.63380281690141
E00089834,342,50,20,30,292,18,274,14.619883040935672,5.847953216374268,8.771929824561402,85.38011695906432,5.263157894736842,80.11695906432749
E00089835,382,39,14,25,343,34,309,10.209424083769633,3.664921465968586,6.544502617801047,89.79057591623037,8.900523560209423,80.89005235602095
E00089836,309,45,23,22,264,12,252,14.563106796116504,7.443365695792881,7.119741100323624,85.43689320388349,3.8834951456310676,81.55339805825243
E00089837,303,42,18,24,261,31,230,13.861386138613863,5.9405940594059405,7.920792079207921,86.13861386138613,10.231023102310232,75.9075907590759
E00089838,320,32,9,23,288,27,261,10,2.8125,7.187499999999999,90,8.4375,81.5625
E00089839,420,68,29,39,352,29,323,16.19047619047619,6.904761904761905,9.285714285714286,83.80952380952381,6.904761904761905,76.90476190476191
E00089840,318,48,23,25,270,24,246,15.09433962264151,7.232704402515723,7.861635220125786,84.90566037735849,7.547169811320755,77.35849056603774
E00089841,240,54,22,32,186,21,165,22.5,9.166666666666666,13.333333333333334,77.5,8.75,68.75
E00089842,341,37,15,22,304,25,279,10.850439882697946,4.398826979472141,6.451612903225806,89.14956011730204,7.331378299120235,81.81818181818183
E00089843,311,39,14,25,272,24,248,12.540192926045016,4.501607717041801,8.038585209003216,87.45980707395499,7.717041800643088,79.7427652733119
E00089844,392,34,14,20,358,23,335,8.673469387755102,3.571428571428571,5.1020408163265305,91.3265306122449,5.86734693877551,85.45918367346938
E00089845,319,43,21,22,276,21,255,13.479623824451412,6.583072100313479,6.896551724137931,86.52037617554859,6.583072100313479,79.9373040752351
E00089846,374,73,31,42,301,23,278,19.518716577540108,8.288770053475936,11.229946524064172,80.4812834224599,6.149732620320856,74.33155080213903
E00089847,332,38,9,29,294,29,265,11.44578313253012,2.710843373493976,8.734939759036145,88.55421686746988,8.734939759036145,79.81927710843374
E00089848,271,54,30,24,217,18,199,19.92619926199262,11.07011070110701,8.856088560885608,80.07380073800738,6.642066420664207,73.43173431734317
E00089849,277,26,13,13,251,18,233,9.386281588447654,4.693140794223827,4.693140794223827,90.61371841155234,6.4981949458483745,84.11552346570397
E00089850,325,56,25,31,269,16,253,17.23076923076923,7.6923076923076925,9.538461538461538,82.76923076923077,4.923076923076923,77.84615384615384
E00089851,328,34,9,25,294,35,259,10.365853658536585,2.7439024390243905,7.621951219512195,89.63414634146342,10.670731707317072,78.96341463414635
E00089852,392,61,30,31,331,25,306,15.561224489795919,7.653061224489796,7.908163265306123,84.43877551020408,6.377551020408164,78.06122448979592
E00089853,322,52,25,27,270,13,257,16.149068322981368,7.763975155279502,8.385093167701864,83.85093167701864,4.037267080745342,79.8136645962733
E00089854,374,44,21,23,330,27,303,11.76470588235294,5.614973262032086,6.149732620320856,88.23529411764706,7.219251336898395,81.01604278074866
E00089855,353,73,30,43,280,15,265,20.679886685552407,8.498583569405099,12.181303116147308,79.3201133144476,4.2492917847025495,75.07082152974505
E00089856,325,35,11,24,290,14,276,10.76923076923077,3.3846153846153846,7.384615384615385,89.23076923076924,4.3076923076923075,84.92307692307692
E00089857,271,30,12,18,241,15,226,11.07011070110701,4.428044280442804,6.642066420664207,88.92988929889299,5.535055350553505,83.39483394833948
E00089858,272,40,21,19,232,24,208,14.705882352941178,7.720588235294118,6.985294117647059,85.29411764705883,8.823529411764707,76.47058823529412
E00089859,270,22,5,17,248,20,228,8.148148148148149,1.8518518518518516,6.296296296296296,91.85185185185185,7.4074074074074066,84.44444444444444
E00089860,453,116,61,55,337,14,323,25.607064017660043,13.46578366445916,12.141280353200882,74.39293598233996,3.090507726269316,71.30242825607064
E00089861,320,42,19,23,278,12,266,13.125,5.9375,7.187499999999999,86.875,3.75,83.125
E00089862,323,39,8,31,284,28,256,12.074303405572756,2.476780185758514,9.597523219814242,87.92569659442725,8.6687306501548,79.25696594427245
E00089864,273,51,18,33,222,19,203,18.681318681318682,6.593406593406594,12.087912087912088,81.31868131868131,6.95970695970696,74.35897435897436
E00089865,331,57,29,28,274,20,254,17.220543806646525,8.761329305135952,8.459214501510575,82.77945619335347,6.042296072507553,76.73716012084593
E00089866,306,53,24,29,253,14,239,17.320261437908496,7.8431372549019605,9.477124183006536,82.6797385620915,4.57516339869281,78.10457516339869
E00089867,284,32,11,21,252,6,246,11.267605633802818,3.873239436619718,7.394366197183098,88.73239436619718,2.112676056338028,86.61971830985915
E00089868,298,31,19,12,267,14,253,10.40268456375839,6.375838926174497,4.026845637583892,89.59731543624162,4.697986577181208,84.8993288590604
E00089869,330,57,23,34,273,20,253,17.272727272727273,6.969696969696971,10.303030303030303,82.72727272727273,6.0606060606060606,76.66666666666667
E00089870,308,50,22,28,258,14,244,16.233766233766232,7.142857142857142,9.090909090909092,83.76623376623377,4.545454545454546,79.22077922077922
E00089871,315,94,61,33,221,14,207,29.841269841269842,19.365079365079367,10.476190476190476,70.15873015873015,4.444444444444445,65.71428571428571
E00089872,327,69,37,32,258,15,243,21.100917431192663,11.314984709480122,9.785932721712538,78.89908256880734,4.587155963302752,74.31192660550458
E00089873,414,56,26,30,358,18,340,13.526570048309178,6.280193236714976,7.246376811594203,86.47342995169082,4.3478260869565215,82.1256038647343
E00089874,496,74,24,50,422,30,392,14.919354838709678,4.838709677419355,10.080645161290322,85.08064516129032,6.048387096774194,79.03225806451613
E00089875,296,30,16,14,266,15,251,10.135135135135135,5.405405405405405,4.72972972972973,89.86486486486487,5.0675675675675675,84.7972972972973
E00089876,334,21,6,15,313,24,289,6.287425149700598,1.7964071856287425,4.491017964071856,93.7125748502994,7.18562874251497,86.52694610778443
E00089877,282,24,4,20,258,29,229,8.51063829787234,1.4184397163120568,7.092198581560284,91.48936170212765,10.28368794326241,81.20567375886525
E00089878,301,38,13,25,263,8,255,12.624584717607974,4.318936877076411,8.305647840531561,87.37541528239203,2.6578073089700998,84.71760797342192
E00089879,301,63,31,32,238,15,223,20.930232558139537,10.299003322259136,10.631229235880399,79.06976744186046,4.983388704318937,74.08637873754152
E00089880,475,64,20,44,411,24,387,13.473684210526315,4.2105263157894735,9.263157894736842,86.52631578947368,5.052631578947368,81.47368421052632
E00089881,404,47,14,33,357,25,332,11.633663366336634,3.4653465346534658,8.16831683168317,88.36633663366337,6.188118811881188,82.17821782178217
E00089882,324,39,13,26,285,34,251,12.037037037037036,4.012345679012346,8.024691358024691,87.96296296296296,10.493827160493826,77.46913580246914
E00089883,302,24,12,12,278,18,260,7.9470198675496695,3.9735099337748347,3.9735099337748347,92.05298013245033,5.960264900662252,86.09271523178808
E00089884,363,44,17,27,319,17,302,12.121212121212121,4.683195592286501,7.43801652892562,87.87878787878788,4.683195592286501,83.19559228650138
E00089885,221,23,11,12,198,16,182,10.407239819004525,4.97737556561086,5.429864253393665,89.59276018099548,7.239819004524888,82.35294117647058
E00089886,354,40,12,28,314,16,298,11.299435028248588,3.389830508474576,7.909604519774012,88.70056497175142,4.519774011299435,84.18079096045197
E00089887,268,29,10,19,239,21,218,10.820895522388058,3.731343283582089,7.08955223880597,89.17910447761194,7.835820895522389,81.34328358208955
E00089888,483,51,19,32,432,35,397,10.559006211180124,3.9337474120082816,6.625258799171843,89.44099378881988,7.246376811594203,82.19461697722568
E00089889,302,66,28,38,236,16,220,21.85430463576159,9.271523178807946,12.582781456953644,78.1456953642384,5.298013245033113,72.84768211920529
E00089890,380,57,35,22,323,18,305,15,9.210526315789473,5.7894736842105265,85,4.736842105263158,80.26315789473685
E00089891,459,52,10,42,407,27,380,11.328976034858387,2.178649237472767,9.15032679738562,88.67102396514161,5.88235294117647,82.78867102396515
E00089892,399,30,9,21,369,35,334,7.518796992481203,2.2556390977443606,5.263157894736842,92.4812030075188,8.771929824561402,83.70927318295739
E00089893,325,66,39,27,259,23,236,20.307692307692307,12,8.307692307692308,79.6923076923077,7.076923076923077,72.61538461538461
E00089894,378,38,16,22,340,36,304,10.052910052910052,4.232804232804233,5.82010582010582,89.94708994708994,9.523809523809524,80.42328042328042
E00089895,349,41,15,26,308,31,277,11.74785100286533,4.297994269340974,7.4498567335243555,88.25214899713467,8.882521489971348,79.36962750716332
E00089896,386,47,7,40,339,22,317,12.176165803108809,1.8134715025906734,10.362694300518134,87.8238341968912,5.699481865284974,82.12435233160622
E00089897,297,40,20,20,257,21,236,13.468013468013467,6.7340067340067336,6.7340067340067336,86.53198653198653,7.07070707070707,79.46127946127946
E00089898,452,58,11,47,394,32,362,12.831858407079647,2.433628318584071,10.398230088495575,87.16814159292035,7.079646017699115,80.08849557522124
E00089899,286,52,23,29,234,21,213,18.181818181818183,8.041958041958042,10.13986013986014,81.81818181818183,7.3426573426573425,74.47552447552448
E00089900,328,34,17,17,294,21,273,10.365853658536585,5.182926829268292,5.182926829268292,89.63414634146342,6.402439024390244,83.23170731707317
E00089901,421,67,42,25,354,29,325,15.914489311163896,9.97624703087886,5.938242280285035,84.08551068883611,6.88836104513064,77.19714964370546
E00089902,549,43,10,33,506,39,467,7.832422586520947,1.8214936247723135,6.0109289617486334,92.16757741347905,7.103825136612022,85.06375227686704
E00089903,526,67,29,38,459,34,425,12.737642585551331,5.513307984790875,7.224334600760455,87.26235741444867,6.4638783269961975,80.79847908745246
E00089904,319,31,11,20,288,19,269,9.717868338557993,3.4482758620689653,6.269592476489027,90.28213166144201,5.956112852664576,84.32601880877742
E00089905,387,35,17,18,352,11,341,9.043927648578812,4.3927648578811365,4.651162790697675,90.95607235142118,2.842377260981912,88.11369509043928
E00089906,355,78,48,30,277,17,260,21.971830985915496,13.521126760563378,8.450704225352112,78.0281690140845,4.788732394366197,73.23943661971832
E00089907,355,23,7,16,332,33,299,6.478873239436619,1.971830985915493,4.507042253521127,93.52112676056338,9.295774647887324,84.22535211267605
E00089908,336,30,7,23,306,19,287,8.928571428571429,2.083333333333333,6.845238095238096,91.07142857142857,5.654761904761905,85.41666666666666
E00089909,335,41,20,21,294,27,267,12.238805970149254,5.970149253731343,6.26865671641791,87.76119402985074,8.059701492537313,79.70149253731343
E00089910,439,39,15,24,400,35,365,8.88382687927107,3.416856492027335,5.466970387243736,91.11617312072893,7.972665148063782,83.14350797266515
E00089911,419,45,17,28,374,33,341,10.739856801909307,4.05727923627685,6.682577565632458,89.26014319809069,7.875894988066825,81.38424821002387
E00089912,316,35,13,22,281,20,261,11.075949367088606,4.113924050632911,6.962025316455696,88.92405063291139,6.329113924050633,82.59493670886076
E00089913,279,28,5,23,251,14,237,10.03584229390681,1.7921146953405016,8.24372759856631,89.96415770609319,5.017921146953405,84.94623655913979
E00089914,379,63,18,45,316,29,287,16.62269129287599,4.749340369393139,11.87335092348285,83.37730870712402,7.651715039577836,75.72559366754618
E00089915,515,94,54,40,421,29,392,18.25242718446602,10.485436893203884,7.766990291262135,81.74757281553397,5.631067961165048,76.11650485436893
E00089916,294,43,17,26,251,22,229,14.625850340136054,5.782312925170068,8.843537414965986,85.37414965986395,7.482993197278912,77.89115646258503
E00089917,404,39,19,20,365,25,340,9.653465346534654,4.702970297029703,4.9504950495049505,90.34653465346535,6.188118811881188,84.15841584158416
E00089918,408,33,10,23,375,31,344,8.088235294117647,2.450980392156863,5.637254901960785,91.91176470588235,7.598039215686274,84.31372549019608
E00089919,431,27,6,21,404,23,381,6.2645011600928076,1.3921113689095126,4.872389791183294,93.7354988399072,5.336426914153132,88.39907192575406
E00089920,241,24,6,18,217,15,202,9.95850622406639,2.4896265560165975,7.468879668049793,90.04149377593362,6.224066390041494,83.81742738589212
E00089921,407,32,11,21,375,19,356,7.862407862407863,2.7027027027027026,5.159705159705159,92.13759213759214,4.668304668304668,87.46928746928747
E00089922,532,48,11,37,484,23,461,9.022556390977442,2.0676691729323307,6.954887218045112,90.97744360902256,4.323308270676692,86.65413533834587
E00089923,407,36,10,26,371,21,350,8.845208845208845,2.457002457002457,6.388206388206388,91.15479115479116,5.159705159705159,85.995085995086
E00089924,411,23,8,15,388,22,366,5.59610705596107,1.9464720194647203,3.64963503649635,94.40389294403893,5.35279805352798,89.05109489051095
E00089925,425,22,6,16,403,32,371,5.176470588235294,1.411764705882353,3.7647058823529407,94.82352941176471,7.529411764705881,87.29411764705883
E00089926,405,37,10,27,368,24,344,9.135802469135802,2.4691358024691357,6.666666666666667,90.8641975308642,5.9259259259259265,84.93827160493828
E00089927,459,40,12,28,419,25,394,8.714596949891067,2.6143790849673203,6.1002178649237475,91.28540305010894,5.446623093681917,85.83877995642702
E00089928,289,24,9,15,265,18,247,8.304498269896193,3.1141868512110724,5.190311418685121,91.6955017301038,6.228373702422145,85.46712802768167
E00089929,255,32,11,21,223,19,204,12.549019607843137,4.313725490196078,8.235294117647058,87.45098039215686,7.450980392156863,80
E00089930,248,29,13,16,219,11,208,11.693548387096774,5.241935483870968,6.451612903225806,88.30645161290323,4.435483870967742,83.87096774193549
E00089931,336,40,13,27,296,24,272,11.904761904761903,3.869047619047619,8.035714285714286,88.09523809523809,7.142857142857142,80.95238095238095
E00089932,327,44,17,27,283,22,261,13.455657492354739,5.198776758409786,8.256880733944955,86.54434250764525,6.727828746177369,79.81651376146789
E00089933,324,26,9,17,298,22,276,8.024691358024691,2.7777777777777777,5.246913580246913,91.9753086419753,6.790123456790123,85.18518518518519
E00089934,242,48,25,23,194,15,179,19.834710743801654,10.330578512396695,9.50413223140496,80.16528925619835,6.198347107438017,73.96694214876032
E00089935,350,39,12,27,311,10,301,11.142857142857142,3.428571428571429,7.7142857142857135,88.85714285714286,2.857142857142857,86
E00089936,293,22,8,14,271,14,257,7.508532423208192,2.7303754266211606,4.778156996587031,92.4914675767918,4.778156996587031,87.71331058020478
E00089937,458,46,11,35,412,33,379,10.043668122270741,2.4017467248908297,7.641921397379912,89.95633187772926,7.20524017467249,82.75109170305677
E00089938,179,20,7,13,159,5,154,11.1731843575419,3.910614525139665,7.262569832402235,88.8268156424581,2.793296089385475,86.03351955307262
E00089939,276,30,12,18,246,12,234,10.869565217391305,4.3478260869565215,6.521739130434782,89.13043478260869,4.3478260869565215,84.78260869565217
E00089940,351,31,12,19,320,26,294,8.831908831908832,3.418803418803419,5.413105413105413,91.16809116809117,7.4074074074074066,83.76068376068376
E00089941,315,35,13,22,280,18,262,11.11111111111111,4.1269841269841265,6.984126984126984,88.88888888888889,5.714285714285714,83.17460317460318
E00089942,196,47,24,23,149,9,140,23.97959183673469,12.244897959183673,11.73469387755102,76.0204081632653,4.591836734693878,71.42857142857143
E00089943,296,38,12,26,258,23,235,12.837837837837837,4.054054054054054,8.783783783783784,87.16216216216216,7.77027027027027,79.3918918918919
E00089944,290,64,28,36,226,19,207,22.06896551724138,9.655172413793103,12.413793103448276,77.93103448275862,6.551724137931035,71.37931034482759
E00089945,333,37,8,29,296,16,280,11.11111111111111,2.4024024024024024,8.708708708708707,88.88888888888889,4.804804804804805,84.08408408408408
E00089946,384,58,20,38,326,25,301,15.104166666666666,5.208333333333334,9.895833333333332,84.89583333333334,6.510416666666667,78.38541666666666
E00089947,439,50,14,36,389,35,354,11.389521640091116,3.189066059225513,8.200455580865604,88.61047835990888,7.972665148063782,80.6378132118451
E00089948,293,62,33,29,231,16,215,21.160409556313994,11.262798634812286,9.897610921501707,78.839590443686,5.460750853242321,73.37883959044369
E00089949,286,57,20,37,229,25,204,19.93006993006993,6.993006993006993,12.937062937062937,80.06993006993007,8.741258741258742,71.32867132867133
E00089950,584,61,21,40,523,40,483,10.445205479452055,3.595890410958904,6.8493150684931505,89.55479452054794,6.8493150684931505,82.7054794520548
E00089951,310,37,14,23,273,22,251,11.935483870967742,4.516129032258064,7.419354838709677,88.06451612903226,7.096774193548387,80.96774193548387
E00089952,320,42,14,28,278,30,248,13.125,4.375,8.75,86.875,9.375,77.5
E00089953,345,51,18,33,294,19,275,14.782608695652174,5.217391304347826,9.565217391304348,85.21739130434783,5.507246376811594,79.71014492753623
E00089954,410,41,18,23,369,21,348,10,4.390243902439024,5.609756097560976,90,5.121951219512195,84.8780487804878
E00089955,312,42,21,21,270,26,244,13.461538461538462,6.730769230769231,6.730769230769231,86.53846153846155,8.333333333333332,78.2051282051282
E00089956,508,50,20,30,458,28,430,9.84251968503937,3.937007874015748,5.905511811023622,90.15748031496062,5.511811023622047,84.64566929133859
E00089957,418,70,31,39,348,25,323,16.74641148325359,7.4162679425837315,9.330143540669857,83.25358851674642,5.980861244019139,77.27272727272727
E00089958,395,37,21,16,358,27,331,9.367088607594937,5.3164556962025316,4.050632911392405,90.63291139240506,6.8354430379746836,83.79746835443038
E00089959,438,48,14,34,390,24,366,10.95890410958904,3.1963470319634704,7.76255707762557,89.04109589041096,5.47945205479452,83.56164383561644
E00089960,447,57,19,38,390,22,368,12.751677852348994,4.250559284116331,8.501118568232663,87.24832214765101,4.921700223713646,82.32662192393735
E00089961,406,38,13,25,368,28,340,9.35960591133005,3.201970443349754,6.157635467980295,90.64039408866995,6.896551724137931,83.74384236453201
E00089962,283,81,45,36,202,15,187,28.621908127208478,15.901060070671377,12.7208480565371,71.37809187279152,5.30035335689046,66.07773851590106
E00089963,325,44,19,25,281,18,263,13.538461538461538,5.846153846153846,7.6923076923076925,86.46153846153845,5.538461538461538,80.92307692307692
E00089964,507,66,39,27,441,28,413,13.017751479289942,7.6923076923076925,5.325443786982249,86.98224852071006,5.522682445759369,81.4595660749507
E00089965,345,47,19,28,298,22,276,13.623188405797102,5.507246376811594,8.115942028985506,86.37681159420289,6.3768115942028984,80
E00089966,530,62,36,26,468,21,447,11.69811320754717,6.7924528301886795,4.905660377358491,88.30188679245283,3.9622641509433962,84.33962264150944
E00089967,343,34,14,20,309,20,289,9.912536443148689,4.081632653061225,5.830903790087463,90.0874635568513,5.830903790087463,84.25655976676384
E00089968,381,35,16,19,346,32,314,9.186351706036746,4.199475065616798,4.986876640419948,90.81364829396325,8.398950131233596,82.41469816272966
E00089969,284,47,18,29,237,14,223,16.549295774647888,6.338028169014084,10.211267605633804,83.45070422535211,4.929577464788732,78.52112676056338
E00089970,358,42,18,24,316,18,298,11.731843575418994,5.027932960893855,6.70391061452514,88.26815642458101,5.027932960893855,83.24022346368714
E00089971,299,33,13,20,266,20,246,11.036789297658862,4.3478260869565215,6.688963210702341,88.96321070234113,6.688963210702341,82.2742474916388
E00089972,353,42,17,25,311,27,284,11.89801699716714,4.815864022662889,7.0821529745042495,88.10198300283287,7.64872521246459,80.45325779036827
E00089973,283,32,11,21,251,14,237,11.307420494699647,3.8869257950530036,7.420494699646643,88.69257950530034,4.946996466431095,83.74558303886926
E00089974,365,48,18,30,317,26,291,13.150684931506849,4.931506849315069,8.21917808219178,86.84931506849315,7.123287671232877,79.72602739726027
E00089975,353,42,16,26,311,29,282,11.89801699716714,4.53257790368272,7.365439093484419,88.10198300283287,8.21529745042493,79.88668555240793
E00089976,370,41,23,18,329,26,303,11.081081081081082,6.216216216216217,4.864864864864865,88.91891891891892,7.027027027027027,81.89189189189189
E00089977,324,44,19,25,280,16,264,13.580246913580247,5.864197530864197,7.716049382716049,86.41975308641975,4.938271604938271,81.48148148148148
E00089978,473,56,34,22,417,25,392,11.839323467230443,7.188160676532769,4.651162790697675,88.16067653276956,5.2854122621564485,82.8752642706131
E00089979,519,55,16,39,464,41,423,10.597302504816955,3.0828516377649327,7.514450867052023,89.40269749518305,7.89980732177264,81.5028901734104
E00089980,536,39,9,30,497,34,463,7.276119402985075,1.6791044776119404,5.597014925373134,92.72388059701493,6.343283582089552,86.38059701492537
E00089982,249,29,13,16,220,14,206,11.646586345381527,5.220883534136546,6.425702811244979,88.35341365461848,5.622489959839357,82.73092369477911
E00089983,364,68,34,34,296,30,266,18.681318681318682,9.340659340659341,9.340659340659341,81.31868131868131,8.241758241758241,73.07692307692307
E00089984,217,22,5,17,195,21,174,10.138248847926267,2.3041474654377883,7.834101382488479,89.86175115207374,9.67741935483871,80.18433179723502
E00089985,307,34,20,14,273,13,260,11.074918566775244,6.514657980456026,4.5602605863192185,88.92508143322475,4.234527687296417,84.69055374592834
E00089987,210,35,19,16,175,18,157,16.666666666666664,9.047619047619047,7.6190476190476195,83.33333333333334,8.571428571428571,74.76190476190476
E00089988,348,59,17,42,289,36,253,16.954022988505745,4.885057471264368,12.068965517241379,83.04597701149426,10.344827586206897,72.70114942528735
E00089989,320,39,18,21,281,18,263,12.1875,5.625,6.5625,87.8125,5.625,82.1875
E00089990,325,52,26,26,273,13,260,16,8,8,84,4,80
E00089991,225,54,25,29,171,22,149,24,11.11111111111111,12.88888888888889,76,9.777777777777779,66.22222222222223
E00089992,244,28,5,23,216,19,197,11.475409836065573,2.0491803278688523,9.426229508196721,88.52459016393442,7.786885245901639,80.73770491803278
E00089993,382,54,29,25,328,15,313,14.136125654450263,7.591623036649215,6.544502617801047,85.86387434554975,3.926701570680628,81.93717277486911
E00089994,400,53,14,39,347,27,320,13.25,3.5000000000000004,9.75,86.75,6.75,80
E00089996,294,24,4,20,270,15,255,8.16326530612245,1.3605442176870748,6.802721088435375,91.83673469387756,5.1020408163265305,86.73469387755102
E00089997,337,95,57,38,242,13,229,28.18991097922849,16.913946587537094,11.275964391691394,71.81008902077151,3.857566765578635,67.95252225519289
E00089998,477,50,15,35,427,21,406,10.482180293501047,3.1446540880503147,7.337526205450734,89.51781970649894,4.40251572327044,85.1153039832285
E00089999,437,38,6,32,399,38,361,8.695652173913043,1.3729977116704806,7.322654462242563,91.30434782608695,8.695652173913043,82.6086956521739
E00090000,461,38,10,28,423,20,403,8.24295010845987,2.1691973969631237,6.073752711496746,91.75704989154013,4.3383947939262475,87.41865509761388
E00090001,339,36,11,25,303,20,283,10.619469026548673,3.2448377581120944,7.374631268436578,89.38053097345133,5.899705014749262,83.48082595870207
E00090002,463,50,17,33,413,26,387,10.799136069114471,3.6717062634989204,7.127429805615551,89.20086393088553,5.615550755939525,83.58531317494601
E00090004,380,63,35,28,317,25,292,16.57894736842105,9.210526315789473,7.368421052631578,83.42105263157895,6.578947368421052,76.84210526315789
E00090005,250,31,9,22,219,25,194,12.4,3.5999999999999996,8.799999999999999,87.6,10,77.60000000000001
E00090006,417,39,15,24,378,31,347,9.352517985611511,3.5971223021582732,5.755395683453238,90.64748201438849,7.434052757793765,83.21342925659472
E00090007,387,36,15,21,351,25,326,9.30232558139535,3.875968992248062,5.426356589147287,90.69767441860465,6.459948320413436,84.23772609819122
E00090009,479,57,22,35,422,29,393,11.899791231732777,4.592901878914405,7.306889352818372,88.10020876826722,6.05427974947808,82.04592901878914
E00090010,511,61,20,41,450,22,428,11.937377690802348,3.9138943248532287,8.023483365949119,88.06262230919765,4.305283757338552,83.75733855185909
E00090013,482,48,20,28,434,21,413,9.95850622406639,4.149377593360995,5.809128630705394,90.04149377593362,4.356846473029045,85.68464730290457
E00090014,380,40,19,21,340,21,319,10.526315789473683,5,5.526315789473684,89.47368421052632,5.526315789473684,83.94736842105263
E00090015,399,48,13,35,351,20,331,12.030075187969924,3.258145363408521,8.771929824561402,87.96992481203007,5.012531328320802,82.95739348370927
E00090016,457,73,27,46,384,20,364,15.973741794310722,5.908096280087528,10.065645514223196,84.02625820568927,4.3763676148796495,79.64989059080962
E00090017,409,55,19,36,354,33,321,13.447432762836186,4.645476772616137,8.80195599022005,86.55256723716381,8.06845965770171,78.4841075794621
E00090018,429,57,24,33,372,18,354,13.286713286713287,5.594405594405594,7.6923076923076925,86.7132867132867,4.195804195804196,82.51748251748252
E00090019,228,29,12,17,199,15,184,12.719298245614036,5.263157894736842,7.456140350877193,87.28070175438597,6.578947368421052,80.7017543859649
E00090020,395,37,6,31,358,32,326,9.367088607594937,1.5189873417721518,7.848101265822785,90.63291139240506,8.10126582278481,82.53164556962025
E00090021,338,41,7,34,297,27,270,12.1301775147929,2.0710059171597637,10.059171597633137,87.86982248520711,7.988165680473373,79.88165680473372
E00090023,409,48,10,38,361,37,324,11.7359413202934,2.444987775061125,9.290953545232274,88.26405867970661,9.04645476772616,79.21760391198043
E00090024,376,44,15,29,332,36,296,11.702127659574469,3.9893617021276597,7.712765957446808,88.29787234042553,9.574468085106384,78.72340425531915
E00090025,353,44,13,31,309,34,275,12.464589235127479,3.6827195467422094,8.78186968838527,87.53541076487252,9.631728045325778,77.90368271954674
E00090027,535,24,4,20,511,39,472,4.485981308411215,0.7476635514018692,3.7383177570093453,95.51401869158879,7.289719626168225,88.22429906542057
E00090028,329,58,29,29,271,27,244,17.62917933130699,8.814589665653495,8.814589665653495,82.37082066869301,8.206686930091186,74.16413373860182
E00090029,214,52,26,26,162,12,150,24.299065420560748,12.149532710280374,12.149532710280374,75.70093457943925,5.607476635514018,70.09345794392523
E00090030,323,53,19,34,270,35,235,16.408668730650156,5.88235294117647,10.526315789473683,83.59133126934985,10.8359133126935,72.75541795665634
E00090031,281,48,17,31,233,24,209,17.08185053380783,6.049822064056939,11.032028469750891,82.91814946619218,8.540925266903916,74.37722419928826
E00090032,272,49,20,29,223,22,201,18.014705882352942,7.352941176470589,10.661764705882353,81.98529411764706,8.088235294117647,73.89705882352942
E00090033,333,57,16,41,276,30,246,17.117117117117118,4.804804804804805,12.312312312312311,82.88288288288288,9.00900900900901,73.87387387387388
E00090034,303,62,31,31,241,18,223,20.462046204620464,10.231023102310232,10.231023102310232,79.53795379537954,5.9405940594059405,73.5973597359736
E00090035,449,61,26,35,388,26,362,13.585746102449889,5.79064587973274,7.795100222717149,86.41425389755011,5.79064587973274,80.62360801781738
E00090036,357,42,10,32,315,29,286,11.76470588235294,2.801120448179272,8.96358543417367,88.23529411764706,8.123249299719888,80.11204481792717
E00090037,340,54,25,29,286,16,270,15.88235294117647,7.352941176470589,8.529411764705882,84.11764705882354,4.705882352941177,79.41176470588235
E00090038,438,127,82,45,311,22,289,28.99543378995434,18.72146118721461,10.273972602739725,71.00456621004567,5.0228310502283104,65.98173515981736
E00090039,422,82,40,42,340,17,323,19.431279620853083,9.47867298578199,9.95260663507109,80.56872037914692,4.028436018957346,76.54028436018957
E00090040,307,62,21,41,245,16,229,20.195439739413683,6.840390879478828,13.355048859934854,79.80456026058633,5.211726384364821,74.5928338762215
E00090041,363,46,15,31,317,26,291,12.672176308539946,4.132231404958678,8.539944903581267,87.32782369146005,7.162534435261708,80.16528925619835
E00090042,250,46,16,30,204,19,185,18.4,6.4,12,81.6,7.6,74
E00090043,386,40,10,30,346,29,317,10.362694300518134,2.5906735751295336,7.772020725388601,89.63730569948186,7.512953367875648,82.12435233160622
E00090044,283,33,13,20,250,38,212,11.66077738515901,4.593639575971731,7.06713780918728,88.33922261484098,13.427561837455832,74.91166077738515
E00090045,258,48,16,32,210,19,191,18.6046511627907,6.2015503875969,12.4031007751938,81.3953488372093,7.3643410852713185,74.03100775193798
E00090046,329,40,11,29,289,27,262,12.158054711246201,3.343465045592705,8.814589665653495,87.84194528875379,8.206686930091186,79.63525835866263
E00090047,367,87,36,51,280,27,253,23.705722070844686,9.809264305177113,13.896457765667575,76.29427792915531,7.3569482288828345,68.93732970027247
E00090048,357,34,9,25,323,27,296,9.523809523809524,2.5210084033613445,7.002801120448179,90.47619047619048,7.563025210084033,82.91316526610645
E00090049,246,23,5,18,223,22,201,9.34959349593496,2.0325203252032518,7.317073170731707,90.65040650406505,8.94308943089431,81.70731707317073
E00090050,344,51,25,26,293,25,268,14.825581395348838,7.267441860465117,7.55813953488372,85.17441860465115,7.267441860465117,77.90697674418605
E00090051,287,36,13,23,251,22,229,12.543554006968641,4.529616724738676,8.013937282229964,87.45644599303137,7.665505226480835,79.79094076655052
E00090052,312,23,6,17,289,30,259,7.371794871794872,1.9230769230769231,5.448717948717949,92.62820512820514,9.615384615384617,83.01282051282051
E00090053,317,62,17,45,255,27,228,19.558359621451103,5.3627760252365935,14.195583596214512,80.4416403785489,8.517350157728707,71.92429022082018
E00090054,295,57,27,30,238,24,214,19.322033898305087,9.152542372881356,10.16949152542373,80.67796610169492,8.135593220338983,72.54237288135593
E00090055,322,52,20,32,270,35,235,16.149068322981368,6.211180124223603,9.937888198757763,83.85093167701864,10.869565217391305,72.98136645962732
E00090056,316,40,21,19,276,25,251,12.658227848101266,6.6455696202531636,6.012658227848101,87.34177215189874,7.9113924050632916,79.43037974683544
E00090057,213,46,17,29,167,17,150,21.5962441314554,7.981220657276995,13.615023474178404,78.40375586854461,7.981220657276995,70.4225352112676
E00090058,237,35,12,23,202,29,173,14.767932489451477,5.063291139240507,9.70464135021097,85.23206751054853,12.236286919831224,72.9957805907173
E00090059,314,36,11,25,278,25,253,11.464968152866243,3.5031847133757963,7.961783439490445,88.53503184713377,7.961783439490445,80.57324840764332
E00090060,389,67,33,34,322,20,302,17.223650385604113,8.483290488431876,8.740359897172237,82.77634961439588,5.141388174807198,77.6349614395887
E00090061,353,53,23,30,300,29,271,15.01416430594901,6.515580736543909,8.498583569405099,84.98583569405099,8.21529745042493,76.77053824362606
E00090062,355,48,14,34,307,19,288,13.521126760563378,3.943661971830986,9.577464788732394,86.47887323943661,5.352112676056338,81.12676056338029
E00090063,210,39,22,17,171,10,161,18.571428571428573,10.476190476190476,8.095238095238095,81.42857142857143,4.761904761904762,76.66666666666667
E00090064,377,47,18,29,330,24,306,12.46684350132626,4.774535809018567,7.6923076923076925,87.53315649867373,6.36604774535809,81.16710875331566
E00090065,480,66,24,42,414,14,400,13.750000000000002,5,8.75,86.25,2.9166666666666665,83.33333333333334
E00090066,446,45,15,30,401,21,380,10.089686098654708,3.3632286995515694,6.726457399103139,89.91031390134529,4.708520179372197,85.20179372197309
E00090067,448,55,21,34,393,15,378,12.276785714285714,4.6875,7.5892857142857135,87.72321428571429,3.3482142857142856,84.375
E00090068,435,53,29,24,382,19,363,12.183908045977011,6.666666666666667,5.517241379310345,87.816091954023,4.3678160919540225,83.44827586206897
E00090069,456,54,25,29,402,27,375,11.842105263157894,5.482456140350877,6.359649122807018,88.1578947368421,5.921052631578947,82.23684210526315
E00090070,317,40,14,26,277,20,257,12.618296529968454,4.416403785488959,8.201892744479496,87.38170347003155,6.309148264984227,81.07255520504731
E00090071,301,43,18,25,258,18,240,14.285714285714285,5.980066445182724,8.305647840531561,85.71428571428571,5.980066445182724,79.734219269103
E00090072,300,40,18,22,260,17,243,13.333333333333334,6,7.333333333333333,86.66666666666667,5.666666666666666,81
E00090073,354,42,17,25,312,17,295,11.864406779661017,4.80225988700565,7.062146892655368,88.13559322033898,4.80225988700565,83.33333333333334
E00090074,487,51,25,26,436,13,423,10.472279260780287,5.133470225872689,5.338809034907597,89.5277207392197,2.6694045174537986,86.85831622176592
E00090075,323,34,10,24,289,29,260,10.526315789473683,3.0959752321981426,7.430340557275541,89.47368421052632,8.978328173374612,80.4953560371517
E00090076,458,67,26,41,391,19,372,14.628820960698691,5.676855895196507,8.951965065502183,85.37117903930131,4.148471615720524,81.22270742358079
E00090077,314,50,16,34,264,25,239,15.92356687898089,5.095541401273886,10.828025477707007,84.07643312101911,7.961783439490445,76.11464968152866
E00090078,389,71,30,41,318,27,291,18.251928020565554,7.712082262210797,10.539845758354756,81.74807197943444,6.940874035989718,74.80719794344472
E00090079,373,51,19,32,322,24,298,13.672922252010725,5.093833780160858,8.579088471849866,86.32707774798928,6.434316353887399,79.89276139410187
E00090080,359,73,31,42,286,23,263,20.334261838440113,8.635097493036211,11.699164345403899,79.66573816155989,6.406685236768802,73.25905292479109
E00090081,369,88,59,29,281,29,252,23.848238482384822,15.989159891598916,7.8590785907859075,76.15176151761518,7.8590785907859075,68.29268292682927
E00090082,409,85,34,51,324,31,293,20.78239608801956,8.312958435207824,12.469437652811736,79.21760391198043,7.579462102689487,71.63814180929096
E00090083,384,45,11,34,339,35,304,11.71875,2.864583333333333,8.854166666666668,88.28125,9.114583333333332,79.16666666666666
E00090084,288,30,4,26,258,31,227,10.416666666666668,1.3888888888888888,9.027777777777777,89.58333333333334,10.76388888888889,78.81944444444444
E00090085,268,33,11,22,235,17,218,12.313432835820896,4.104477611940299,8.208955223880597,87.68656716417911,6.343283582089552,81.34328358208955
E00090086,326,45,17,28,281,26,255,13.803680981595093,5.214723926380368,8.588957055214724,86.1963190184049,7.975460122699387,78.22085889570552
E00090087,264,56,21,35,208,14,194,21.21212121212121,7.954545454545454,13.257575757575758,78.78787878787878,5.303030303030303,73.48484848484848
E00090088,291,41,20,21,250,32,218,14.0893470790378,6.872852233676976,7.216494845360824,85.91065292096219,10.996563573883162,74.91408934707904
E00090089,290,37,7,30,253,26,227,12.758620689655173,2.413793103448276,10.344827586206897,87.24137931034483,8.96551724137931,78.27586206896552
E00090090,366,40,10,30,326,24,302,10.92896174863388,2.73224043715847,8.19672131147541,89.07103825136612,6.557377049180328,82.5136612021858
E00090091,181,36,12,24,145,13,132,19.88950276243094,6.629834254143646,13.259668508287293,80.11049723756905,7.18232044198895,72.92817679558011
E00090092,317,49,12,37,268,34,234,15.457413249211358,3.7854889589905363,11.67192429022082,84.54258675078864,10.725552050473187,73.81703470031546
E00090093,487,60,21,39,427,29,398,12.320328542094455,4.312114989733059,8.008213552361395,87.67967145790554,5.95482546201232,81.72484599589322
E00090094,367,54,18,36,313,20,293,14.713896457765669,4.904632152588556,9.809264305177113,85.28610354223434,5.449591280653951,79.83651226158038
E00090095,616,46,14,32,570,37,533,7.467532467532467,2.272727272727273,5.194805194805195,92.53246753246754,6.0064935064935066,86.52597402597402
E00090096,114,37,16,21,77,7,70,32.45614035087719,14.035087719298245,18.421052631578945,67.54385964912281,6.140350877192982,61.40350877192983
E00090097,300,41,30,11,259,14,245,13.666666666666666,10,3.6666666666666665,86.33333333333333,4.666666666666667,81.66666666666667
E00090098,414,51,15,36,363,17,346,12.318840579710146,3.6231884057971016,8.695652173913043,87.68115942028986,4.1062801932367154,83.57487922705315
E00090099,212,23,10,13,189,14,175,10.849056603773585,4.716981132075472,6.132075471698113,89.15094339622641,6.60377358490566,82.54716981132076
E00090100,395,60,32,28,335,19,316,15.18987341772152,8.10126582278481,7.088607594936709,84.81012658227847,4.810126582278481,80
E00090102,378,36,9,27,342,17,325,9.523809523809524,2.380952380952381,7.142857142857142,90.47619047619048,4.497354497354497,85.97883597883597
E00090103,240,35,15,20,205,8,197,14.583333333333334,6.25,8.333333333333332,85.41666666666666,3.3333333333333335,82.08333333333333
E00090104,328,27,5,22,301,26,275,8.231707317073171,1.524390243902439,6.707317073170732,91.76829268292683,7.926829268292683,83.84146341463415
E00090105,326,64,25,39,262,20,242,19.631901840490798,7.668711656441718,11.96319018404908,80.3680981595092,6.134969325153374,74.23312883435584
E00090106,384,59,23,36,325,27,298,15.364583333333334,5.989583333333334,9.375,84.63541666666666,7.03125,77.60416666666666
E00090107,332,58,20,38,274,10,264,17.46987951807229,6.024096385542169,11.44578313253012,82.53012048192771,3.0120481927710845,79.51807228915662
E00090108,308,50,21,29,258,17,241,16.233766233766232,6.8181818181818175,9.415584415584416,83.76623376623377,5.51948051948052,78.24675324675324
E00090109,360,44,16,28,316,27,289,12.222222222222221,4.444444444444445,7.777777777777778,87.77777777777777,7.5,80.27777777777779
E00090111,394,40,15,25,354,23,331,10.152284263959391,3.807106598984772,6.345177664974619,89.84771573604061,5.83756345177665,84.01015228426397
E00090112,354,46,15,31,308,32,276,12.994350282485875,4.23728813559322,8.757062146892656,87.00564971751412,9.03954802259887,77.96610169491525
E00090113,289,43,14,29,246,31,215,14.878892733564014,4.844290657439446,10.034602076124568,85.12110726643598,10.726643598615917,74.39446366782006
E00090114,394,54,19,35,340,27,313,13.705583756345177,4.822335025380711,8.883248730964468,86.29441624365482,6.852791878172589,79.44162436548223
E00090115,350,42,15,27,308,22,286,12,4.285714285714286,7.7142857142857135,88,6.2857142857142865,81.71428571428572
E00090116,291,39,11,28,252,22,230,13.402061855670103,3.7800687285223367,9.621993127147768,86.5979381443299,7.560137457044673,79.03780068728523
E00090117,372,50,19,31,322,27,295,13.440860215053762,5.10752688172043,8.333333333333332,86.55913978494624,7.258064516129033,79.3010752688172
E00090118,348,34,12,22,314,25,289,9.770114942528735,3.4482758620689653,6.321839080459771,90.22988505747126,7.183908045977011,83.04597701149426
E00090119,263,33,17,16,230,16,214,12.547528517110266,6.4638783269961975,6.083650190114068,87.45247148288973,6.083650190114068,81.36882129277566
E00090120,289,47,10,37,242,27,215,16.26297577854671,3.4602076124567476,12.802768166089965,83.73702422145328,9.342560553633218,74.39446366782006
E00090121,164,16,7,9,148,11,137,9.75609756097561,4.2682926829268295,5.487804878048781,90.2439024390244,6.707317073170732,83.53658536585365
E00090122,409,41,10,31,368,31,337,10.024449877750612,2.444987775061125,7.579462102689487,89.97555012224939,7.579462102689487,82.3960880195599
E00090123,111,15,0,15,96,12,84,13.513513513513514,0,13.513513513513514,86.48648648648648,10.81081081081081,75.67567567567568
E00090124,467,48,13,35,419,50,369,10.278372591006423,2.7837259100642395,7.494646680942184,89.72162740899357,10.706638115631693,79.01498929336188
E00090125,341,44,14,30,297,28,269,12.903225806451612,4.105571847507331,8.797653958944283,87.09677419354838,8.211143695014663,78.88563049853371
E00090126,353,30,8,22,323,35,288,8.498583569405099,2.26628895184136,6.232294617563739,91.5014164305949,9.91501416430595,81.58640226628894
E00090127,367,80,52,28,287,22,265,21.798365122615802,14.168937329700274,7.629427792915531,78.2016348773842,5.994550408719346,72.20708446866485
E00090128,304,41,19,22,263,28,235,13.486842105263158,6.25,7.236842105263158,86.51315789473685,9.210526315789473,77.30263157894737
E00090129,325,28,8,20,297,32,265,8.615384615384615,2.4615384615384617,6.153846153846154,91.38461538461539,9.846153846153847,81.53846153846153
E00090130,257,27,8,19,230,24,206,10.505836575875486,3.11284046692607,7.392996108949417,89.49416342412452,9.33852140077821,80.1556420233463
E00090131,293,36,11,25,257,28,229,12.286689419795222,3.754266211604096,8.532423208191126,87.71331058020478,9.556313993174061,78.15699658703072
E00090132,319,48,14,34,271,27,244,15.047021943573668,4.38871473354232,10.658307210031348,84.95297805642633,8.463949843260188,76.48902821316614
E00090133,291,35,11,24,256,37,219,12.027491408934708,3.7800687285223367,8.24742268041237,87.97250859106529,12.714776632302405,75.25773195876289
E00090134,337,31,8,23,306,24,282,9.198813056379821,2.3738872403560833,6.824925816023739,90.80118694362018,7.121661721068249,83.67952522255193
E00090135,298,40,18,22,258,21,237,13.422818791946309,6.0402684563758395,7.38255033557047,86.57718120805369,7.046979865771812,79.53020134228188
E00090136,328,44,13,31,284,17,267,13.414634146341465,3.9634146341463414,9.451219512195122,86.58536585365853,5.182926829268292,81.40243902439023
E00090137,356,44,12,32,312,35,277,12.359550561797752,3.3707865168539324,8.98876404494382,87.64044943820225,9.831460674157304,77.80898876404494
E00090138,311,38,12,26,273,19,254,12.218649517684888,3.858520900321544,8.360128617363344,87.78135048231512,6.109324758842444,81.67202572347267
E00090139,292,42,14,28,250,29,221,14.383561643835616,4.794520547945205,9.58904109589041,85.61643835616438,9.931506849315069,75.68493150684932
E00090140,333,71,34,37,262,16,246,21.32132132132132,10.21021021021021,11.11111111111111,78.67867867867868,4.804804804804805,73.87387387387388
E00090141,282,50,12,38,232,14,218,17.73049645390071,4.25531914893617,13.47517730496454,82.26950354609929,4.964539007092199,77.30496453900709
E00090142,318,35,5,30,283,37,246,11.0062893081761,1.5723270440251573,9.433962264150944,88.9937106918239,11.635220125786164,77.35849056603774
E00090143,300,59,29,30,241,23,218,19.666666666666664,9.666666666666666,10,80.33333333333333,7.666666666666666,72.66666666666667
E00090144,317,79,36,43,238,20,218,24.9211356466877,11.35646687697161,13.564668769716087,75.0788643533123,6.309148264984227,68.76971608832808
E00090145,312,42,11,31,270,30,240,13.461538461538462,3.5256410256410255,9.935897435897436,86.53846153846155,9.615384615384617,76.92307692307693
E00090146,319,45,21,24,274,18,256,14.106583072100312,6.583072100313479,7.523510971786834,85.8934169278997,5.6426332288401255,80.25078369905955
E00090147,289,22,0,22,267,26,241,7.612456747404845,0,7.612456747404845,92.38754325259517,8.996539792387544,83.39100346020761
E00090148,273,43,16,27,230,22,208,15.75091575091575,5.86080586080586,9.89010989010989,84.24908424908425,8.058608058608058,76.19047619047619
E00090149,314,41,13,28,273,26,247,13.05732484076433,4.140127388535031,8.9171974522293,86.94267515923568,8.280254777070063,78.6624203821656
E00090150,288,37,14,23,251,20,231,12.847222222222221,4.861111111111112,7.986111111111111,87.15277777777779,6.944444444444445,80.20833333333334
E00090151,302,34,14,20,268,21,247,11.258278145695364,4.635761589403973,6.622516556291391,88.74172185430463,6.95364238410596,81.78807947019867
E00090152,377,45,9,36,332,36,296,11.936339522546419,2.3872679045092835,9.549071618037134,88.06366047745358,9.549071618037134,78.51458885941645
E00090153,301,40,18,22,261,28,233,13.2890365448505,5.980066445182724,7.308970099667775,86.71096345514951,9.30232558139535,77.40863787375415
E00090154,316,50,13,37,266,27,239,15.822784810126583,4.113924050632911,11.708860759493671,84.17721518987342,8.544303797468354,75.63291139240506
E00090155,290,39,9,30,251,34,217,13.448275862068964,3.103448275862069,10.344827586206897,86.55172413793103,11.724137931034482,74.82758620689656
E00090156,352,45,14,31,307,27,280,12.784090909090908,3.977272727272727,8.806818181818182,87.2159090909091,7.670454545454546,79.54545454545455
E00090157,309,28,10,18,281,22,259,9.06148867313916,3.2362459546925564,5.825242718446602,90.93851132686083,7.119741100323624,83.81877022653723
E00090158,281,44,13,31,237,29,208,15.658362989323843,4.6263345195729535,11.032028469750891,84.34163701067615,10.320284697508896,74.02135231316726
E00090159,281,37,10,27,244,24,220,13.167259786476867,3.558718861209965,9.608540925266903,86.83274021352312,8.540925266903916,78.29181494661923
E00090160,301,35,6,29,266,27,239,11.627906976744185,1.9933554817275747,9.634551495016613,88.37209302325581,8.970099667774086,79.40199335548172
E00090161,323,47,19,28,276,27,249,14.551083591331269,5.88235294117647,8.6687306501548,85.44891640866872,8.359133126934983,77.08978328173374
E00090162,278,32,13,19,246,27,219,11.510791366906476,4.676258992805756,6.83453237410072,88.48920863309353,9.712230215827338,78.77697841726618
E00090163,403,39,9,30,364,41,323,9.67741935483871,2.2332506203473943,7.444168734491314,90.32258064516128,10.173697270471465,80.14888337468983
E00090164,373,39,13,26,334,33,301,10.455764075067025,3.485254691689008,6.970509383378016,89.54423592493298,8.847184986595174,80.6970509383378
E00090165,311,33,13,20,278,24,254,10.610932475884244,4.180064308681672,6.430868167202572,89.38906752411575,7.717041800643088,81.67202572347267
E00090166,284,38,8,30,246,28,218,13.380281690140844,2.8169014084507045,10.56338028169014,86.61971830985915,9.859154929577464,76.76056338028168
E00090167,299,39,11,28,260,26,234,13.043478260869565,3.678929765886288,9.364548494983277,86.95652173913044,8.695652173913043,78.26086956521739
E00090168,260,31,7,24,229,23,206,11.923076923076923,2.6923076923076925,9.230769230769232,88.07692307692308,8.846153846153847,79.23076923076923
E00090169,374,43,9,34,331,35,296,11.497326203208557,2.406417112299465,9.090909090909092,88.50267379679144,9.358288770053475,79.14438502673798
E00090170,280,31,4,27,249,35,214,11.071428571428571,1.4285714285714286,9.642857142857144,88.92857142857142,12.5,76.42857142857142
E00090171,283,34,8,26,249,30,219,12.014134275618375,2.8268551236749118,9.187279151943462,87.98586572438163,10.60070671378092,77.3851590106007
E00090172,337,33,10,23,304,34,270,9.792284866468842,2.967359050445104,6.824925816023739,90.20771513353115,10.089020771513352,80.1186943620178
E00090173,351,42,13,29,309,30,279,11.965811965811966,3.7037037037037033,8.262108262108262,88.03418803418803,8.547008547008547,79.48717948717949
E00090174,285,33,13,20,252,34,218,11.578947368421053,4.56140350877193,7.017543859649122,88.42105263157895,11.929824561403509,76.49122807017544
E00090175,342,18,5,13,324,18,306,5.263157894736842,1.461988304093567,3.8011695906432745,94.73684210526315,5.263157894736842,89.47368421052632
E00090176,304,35,13,22,269,29,240,11.513157894736842,4.276315789473684,7.236842105263158,88.48684210526315,9.539473684210527,78.94736842105263
E00090177,369,13,0,13,356,29,327,3.523035230352303,0,3.523035230352303,96.4769647696477,7.8590785907859075,88.6178861788618
E00090178,347,26,8,18,321,26,295,7.492795389048991,2.3054755043227666,5.187319884726225,92.507204610951,7.492795389048991,85.01440922190201
E00090179,327,29,10,19,298,26,272,8.868501529051988,3.058103975535168,5.81039755351682,91.13149847094802,7.951070336391437,83.18042813455658
E00090180,293,36,8,28,257,21,236,12.286689419795222,2.7303754266211606,9.556313993174061,87.71331058020478,7.167235494880546,80.54607508532423
E00090181,338,32,11,21,306,24,282,9.467455621301776,3.2544378698224854,6.21301775147929,90.53254437869822,7.100591715976331,83.4319526627219
E00090182,286,48,20,28,238,12,226,16.783216783216783,6.993006993006993,9.79020979020979,83.21678321678321,4.195804195804196,79.02097902097903
E00090183,340,38,11,27,302,22,280,11.176470588235295,3.2352941176470593,7.941176470588235,88.8235294117647,6.470588235294119,82.35294117647058
E00090184,333,26,10,16,307,28,279,7.807807807807808,3.003003003003003,4.804804804804805,92.1921921921922,8.408408408408409,83.78378378378379
E00090185,414,51,15,36,363,34,329,12.318840579710146,3.6231884057971016,8.695652173913043,87.68115942028986,8.212560386473431,79.46859903381642
E00090186,340,38,7,31,302,24,278,11.176470588235295,2.0588235294117645,9.117647058823529,88.8235294117647,7.0588235294117645,81.76470588235294
E00090187,308,43,15,28,265,28,237,13.96103896103896,4.870129870129871,9.090909090909092,86.03896103896103,9.090909090909092,76.94805194805194
E00090188,283,49,17,32,234,24,210,17.314487632508836,6.007067137809187,11.307420494699647,82.68551236749117,8.480565371024735,74.20494699646643
E00090189,360,29,7,22,331,27,304,8.055555555555555,1.9444444444444444,6.111111111111111,91.94444444444444,7.5,84.44444444444444
E00090190,332,35,8,27,297,24,273,10.542168674698797,2.4096385542168677,8.132530120481928,89.45783132530121,7.228915662650602,82.2289156626506
E00090191,223,23,9,14,200,19,181,10.31390134529148,4.0358744394618835,6.278026905829597,89.68609865470853,8.520179372197308,81.16591928251121
E00090193,224,15,0,15,209,14,195,6.696428571428571,0,6.696428571428571,93.30357142857143,6.25,87.05357142857143
E00090194,267,19,6,13,248,17,231,7.116104868913857,2.247191011235955,4.868913857677903,92.88389513108615,6.367041198501873,86.51685393258427
E00090195,226,32,6,26,194,17,177,14.15929203539823,2.6548672566371683,11.504424778761061,85.84070796460178,7.52212389380531,78.31858407079646
E00090196,270,38,12,26,232,23,209,14.074074074074074,4.444444444444445,9.62962962962963,85.92592592592592,8.518518518518519,77.4074074074074
E00090197,315,39,10,29,276,27,249,12.380952380952381,3.1746031746031744,9.206349206349207,87.61904761904762,8.571428571428571,79.04761904761905
E00090198,254,27,7,20,227,12,215,10.62992125984252,2.7559055118110236,7.874015748031496,89.37007874015748,4.724409448818897,84.64566929133859
E00090199,226,29,6,23,197,16,181,12.831858407079647,2.6548672566371683,10.176991150442479,87.16814159292035,7.079646017699115,80.08849557522124
E00090200,348,25,13,12,323,24,299,7.183908045977011,3.7356321839080464,3.4482758620689653,92.81609195402298,6.896551724137931,85.91954022988506
E00090201,277,28,10,18,249,20,229,10.108303249097473,3.6101083032490973,6.4981949458483745,89.89169675090253,7.2202166064981945,82.67148014440433
E00090202,380,39,16,23,341,25,316,10.263157894736842,4.2105263157894735,6.052631578947368,89.73684210526316,6.578947368421052,83.15789473684211
E00090203,380,54,21,33,326,26,300,14.210526315789473,5.526315789473684,8.68421052631579,85.78947368421052,6.842105263157896,78.94736842105263
E00090204,354,62,22,40,292,29,263,17.51412429378531,6.214689265536723,11.299435028248588,82.485875706214685,8.192090395480225,74.29378531073446
E00090205,327,50,17,33,277,16,261,15.29051987767584,5.198776758409786,10.091743119266056,84.70948012232415,4.892966360856269,79.81651376146789
E00090206,429,68,36,32,361,37,324,15.85081585081585,8.391608391608392,7.459207459207459,84.14918414918415,8.624708624708624,75.52447552447552
E00090208,320,50,13,37,270,22,248,15.625,4.0625,11.5625,84.375,6.875000000000001,77.5
E00090209,371,70,26,44,301,26,275,18.867924528301888,7.008086253369273,11.859838274932615,81.13207547169812,7.008086253369273,74.12398921832884
E00090210,336,36,10,26,300,27,273,10.714285714285714,2.976190476190476,7.738095238095238,89.28571428571429,8.035714285714286,81.25
E00090211,335,40,14,26,295,22,273,11.940298507462686,4.179104477611941,7.761194029850746,88.05970149253731,6.567164179104477,81.49253731343283
E00090213,342,34,9,25,308,26,282,9.941520467836257,2.631578947368421,7.309941520467836,90.05847953216374,7.602339181286549,82.45614035087719
E00090214,351,52,22,30,299,29,270,14.814814814814813,6.267806267806268,8.547008547008547,85.18518518518519,8.262108262108262,76.92307692307693
E00090215,413,91,56,35,322,19,303,22.033898305084744,13.559322033898304,8.47457627118644,77.96610169491525,4.600484261501211,73.36561743341404
E00090216,376,35,4,31,341,43,298,9.308510638297872,1.0638297872340425,8.24468085106383,90.69148936170212,11.436170212765957,79.25531914893617
E00090218,313,29,7,22,284,33,251,9.26517571884984,2.2364217252396164,7.0287539936102235,90.73482428115017,10.543130990415335,80.19169329073482
E00090219,243,47,15,32,196,22,174,19.34156378600823,6.172839506172839,13.168724279835391,80.65843621399176,9.053497942386832,71.60493827160494
E00090220,339,29,8,21,310,27,283,8.55457227138643,2.359882005899705,6.1946902654867255,91.44542772861357,7.964601769911504,83.48082595870207
E00090221,343,51,25,26,292,26,266,14.868804664723031,7.288629737609329,7.580174927113703,85.13119533527697,7.580174927113703,77.55102040816327
E00090222,181,47,25,22,134,10,124,25.96685082872928,13.812154696132598,12.154696132596685,74.03314917127072,5.524861878453039,68.50828729281768
E00090223,332,44,14,30,288,26,262,13.253012048192772,4.216867469879518,9.036144578313253,86.74698795180723,7.83132530120482,78.91566265060241
E00090224,311,30,8,22,281,18,263,9.646302250803858,2.572347266881029,7.07395498392283,90.35369774919614,5.787781350482315,84.56591639871382
E00090225,316,46,20,26,270,27,243,14.556962025316455,6.329113924050633,8.227848101265822,85.44303797468355,8.544303797468354,76.89873417721519
E00090226,311,40,14,26,271,15,256,12.861736334405144,4.501607717041801,8.360128617363344,87.13826366559485,4.823151125401929,82.31511254019293
E00090227,345,48,23,25,297,32,265,13.91304347826087,6.666666666666667,7.246376811594203,86.08695652173914,9.27536231884058,76.81159420289855
E00090228,316,43,13,30,273,19,254,13.60759493670886,4.113924050632911,9.49367088607595,86.39240506329115,6.012658227848101,80.37974683544303
E00090229,287,45,15,30,242,32,210,15.6794425087108,5.2264808362369335,10.452961672473867,84.3205574912892,11.149825783972126,73.17073170731707
E00090230,239,30,10,20,209,20,189,12.552301255230125,4.184100418410042,8.368200836820083,87.44769874476988,8.368200836820083,79.07949790794979
E00090231,279,35,16,19,244,26,218,12.544802867383511,5.734767025089606,6.810035842293908,87.45519713261649,9.31899641577061,78.13620071684588
E00090232,279,37,14,23,242,21,221,13.261648745519713,5.017921146953405,8.24372759856631,86.73835125448028,7.526881720430108,79.21146953405018
E00090233,383,57,18,39,326,38,288,14.882506527415144,4.699738903394255,10.182767624020887,85.11749347258485,9.921671018276761,75.19582245430809
E00090234,339,38,8,30,301,36,265,11.209439528023598,2.359882005899705,8.849557522123893,88.79056047197639,10.619469026548673,78.17109144542773
E00090235,358,46,18,28,312,31,281,12.849162011173185,5.027932960893855,7.82122905027933,87.15083798882681,8.659217877094973,78.49162011173185
E00090236,517,66,29,37,451,27,424,12.76595744680851,5.609284332688588,7.156673114119923,87.2340425531915,5.222437137330754,82.01160541586073
E00090238,233,25,15,10,208,20,188,10.72961373390558,6.437768240343347,4.291845493562231,89.27038626609442,8.583690987124463,80.68669527896995
E00090239,161,24,8,16,137,15,122,14.906832298136646,4.968944099378882,9.937888198757763,85.09316770186336,9.316770186335404,75.77639751552795
E00090240,205,34,8,26,171,14,157,16.585365853658537,3.902439024390244,12.682926829268293,83.41463414634146,6.829268292682928,76.58536585365854
E00090241,278,24,10,14,254,31,223,8.633093525179856,3.5971223021582732,5.0359712230215825,91.36690647482014,11.151079136690647,80.2158273381295
E00090242,302,37,11,26,265,21,244,12.251655629139073,3.642384105960265,8.609271523178808,87.74834437086093,6.95364238410596,80.79470198675497
E00090243,296,31,10,21,265,23,242,10.472972972972974,3.3783783783783785,7.094594594594595,89.52702702702703,7.77027027027027,81.75675675675676
E00090244,243,31,8,23,212,27,185,12.757201646090536,3.292181069958848,9.465020576131687,87.24279835390946,11.11111111111111,76.13168724279835
E00090245,306,39,13,26,267,23,244,12.745098039215685,4.248366013071895,8.49673202614379,87.25490196078431,7.516339869281046,79.73856209150327
E00090246,417,28,6,22,389,29,360,6.71462829736211,1.4388489208633095,5.275779376498801,93.28537170263789,6.954436450839328,86.33093525179856
E00090247,283,27,9,18,256,23,233,9.540636042402827,3.180212014134275,6.36042402826855,90.45936395759718,8.12720848056537,82.3321554770318
E00090248,271,40,15,25,231,20,211,14.760147601476014,5.535055350553505,9.22509225092251,85.23985239852398,7.380073800738007,77.85977859778598
E00090249,273,41,13,28,232,20,212,15.018315018315018,4.761904761904762,10.256410256410255,84.98168498168498,7.326007326007327,77.65567765567766
E00090250,372,29,9,20,343,24,319,7.795698924731183,2.4193548387096775,5.376344086021505,92.20430107526882,6.451612903225806,85.75268817204301
E00090251,253,42,14,28,211,11,200,16.600790513833992,5.533596837944664,11.067193675889328,83.399209486166,4.3478260869565215,79.05138339920948
E00090252,329,38,14,24,291,27,264,11.55015197568389,4.25531914893617,7.29483282674772,88.44984802431611,8.206686930091186,80.24316109422493
E00090253,287,41,14,27,246,20,226,14.285714285714285,4.878048780487805,9.40766550522648,85.71428571428571,6.968641114982578,78.74564459930313
E00090254,236,48,19,29,188,21,167,20.33898305084746,8.050847457627118,12.288135593220339,79.66101694915254,8.898305084745763,70.76271186440678
E00090255,296,51,27,24,245,19,226,17.22972972972973,9.121621621621621,8.108108108108109,82.77027027027027,6.418918918918918,76.35135135135135
E00090256,282,61,22,39,221,22,199,21.631205673758867,7.801418439716312,13.829787234042554,78.36879432624113,7.801418439716312,70.56737588652481
E00090257,271,36,8,28,235,24,211,13.284132841328415,2.952029520295203,10.33210332103321,86.71586715867159,8.856088560885608,77.85977859778598
E00090258,319,32,14,18,287,18,269,10.031347962382444,4.38871473354232,5.6426332288401255,89.96865203761756,5.6426332288401255,84.32601880877742
E00090259,266,32,6,26,234,24,210,12.030075187969924,2.2556390977443606,9.774436090225564,87.96992481203007,9.022556390977442,78.94736842105263
E00090260,296,51,20,31,245,24,221,17.22972972972973,6.756756756756757,10.472972972972974,82.77027027027027,8.108108108108109,74.66216216216216
E00090261,376,36,13,23,340,26,314,9.574468085106384,3.4574468085106385,6.117021276595745,90.42553191489363,6.914893617021277,83.51063829787235
E00090262,312,33,9,24,279,19,260,10.576923076923077,2.8846153846153846,7.6923076923076925,89.42307692307693,6.089743589743589,83.33333333333334
E00090263,345,32,15,17,313,26,287,9.27536231884058,4.3478260869565215,4.9275362318840585,90.72463768115942,7.536231884057972,83.18840579710145
E00090264,345,43,17,26,302,28,274,12.46376811594203,4.9275362318840585,7.536231884057972,87.53623188405797,8.115942028985506,79.42028985507247
E00090265,280,29,10,19,251,17,234,10.357142857142858,3.571428571428571,6.785714285714286,89.64285714285715,6.071428571428571,83.57142857142857
E00090266,314,26,5,21,288,20,268,8.280254777070063,1.5923566878980893,6.687898089171974,91.71974522292994,6.369426751592357,85.35031847133759
E00090267,251,27,13,14,224,21,203,10.756972111553784,5.179282868525896,5.577689243027888,89.2430278884462,8.366533864541832,80.87649402390437
E00090268,305,44,14,30,261,31,230,14.426229508196723,4.590163934426229,9.836065573770492,85.57377049180329,10.163934426229508,75.40983606557377
E00090269,347,37,11,26,310,23,287,10.662824207492795,3.170028818443804,7.492795389048991,89.33717579250721,6.628242074927954,82.70893371757924
E00090270,330,38,9,29,292,35,257,11.515151515151516,2.727272727272727,8.787878787878787,88.48484848484848,10.606060606060606,77.87878787878788
E00090271,343,38,11,27,305,33,272,11.078717201166182,3.206997084548105,7.871720116618077,88.92128279883383,9.620991253644315,79.30029154518951
E00090272,398,40,14,26,358,29,329,10.050251256281408,3.5175879396984926,6.532663316582915,89.9497487437186,7.2864321608040195,82.66331658291458
E00090273,350,32,9,23,318,38,280,9.142857142857142,2.571428571428571,6.571428571428571,90.85714285714286,10.857142857142858,80
E00090274,297,35,13,22,262,34,228,11.784511784511785,4.377104377104377,7.4074074074074066,88.21548821548821,11.447811447811448,76.76767676767676
E00090275,404,56,21,35,348,34,314,13.861386138613863,5.198019801980198,8.663366336633663,86.13861386138613,8.415841584158416,77.72277227722772
E00090276,299,28,11,17,271,24,247,9.364548494983277,3.678929765886288,5.68561872909699,90.63545150501672,8.02675585284281,82.6086956521739
E00090277,308,34,13,21,274,31,243,11.03896103896104,4.220779220779221,6.8181818181818175,88.96103896103897,10.064935064935066,78.8961038961039
E00090278,298,45,19,26,253,16,237,15.100671140939598,6.375838926174497,8.724832214765101,84.8993288590604,5.369127516778524,79.53020134228188
E00090279,231,34,11,23,197,21,176,14.71861471861472,4.761904761904762,9.956709956709958,85.28138528138528,9.090909090909092,76.19047619047619
E00090280,327,39,11,28,288,21,267,11.926605504587156,3.3639143730886847,8.56269113149847,88.07339449541286,6.422018348623854,81.65137614678899
E00090281,449,88,55,33,361,27,334,19.599109131403118,12.24944320712695,7.349665924276169,80.40089086859689,6.013363028953229,74.38752783964365
E00090282,298,42,13,29,256,24,232,14.093959731543624,4.3624161073825505,9.731543624161073,85.90604026845638,8.053691275167784,77.85234899328859
E00090283,323,52,18,34,271,17,254,16.09907120743034,5.572755417956656,10.526315789473683,83.90092879256966,5.263157894736842,78.63777089783281
E00090284,265,45,17,28,220,17,203,16.9811320754717,6.415094339622642,10.566037735849058,83.01886792452831,6.415094339622642,76.60377358490567
E00090285,320,42,15,27,278,21,257,13.125,4.6875,8.4375,86.875,6.5625,80.3125
E00090286,304,43,14,29,261,20,241,14.144736842105262,4.605263157894736,9.539473684210527,85.85526315789474,6.578947368421052,79.27631578947368
E00090287,288,26,10,16,262,26,236,9.027777777777777,3.4722222222222223,5.555555555555555,90.97222222222221,9.027777777777777,81.94444444444444
E00090288,320,49,16,33,271,12,259,15.312500000000002,5,10.3125,84.6875,3.75,80.9375
E00090289,312,19,5,14,293,18,275,6.089743589743589,1.6025641025641024,4.487179487179487,93.91025641025641,5.769230769230769,88.14102564102564
E00090290,320,44,17,27,276,15,261,13.750000000000002,5.3125,8.4375,86.25,4.6875,81.5625
E00090291,317,30,9,21,287,17,270,9.46372239747634,2.8391167192429023,6.624605678233439,90.53627760252367,5.3627760252365935,85.17350157728707
E00090292,263,36,20,16,227,14,213,13.688212927756654,7.604562737642586,6.083650190114068,86.31178707224335,5.323193916349809,80.98859315589354
E00090293,202,28,8,20,174,17,157,13.861386138613863,3.9603960396039604,9.900990099009901,86.13861386138613,8.415841584158416,77.72277227722772
E00090294,298,29,6,23,269,27,242,9.731543624161073,2.013422818791946,7.718120805369128,90.26845637583892,9.060402684563758,81.20805369127517
E00090295,251,27,5,22,224,10,214,10.756972111553784,1.9920318725099602,8.764940239043826,89.2430278884462,3.9840637450199203,85.2589641434263
E00090296,308,25,11,14,283,31,252,8.116883116883116,3.571428571428571,4.545454545454546,91.88311688311688,10.064935064935066,81.81818181818183
E00090297,262,26,10,16,236,17,219,9.923664122137405,3.816793893129771,6.106870229007633,90.07633587786259,6.488549618320611,83.58778625954199
E00090298,345,41,13,28,304,19,285,11.884057971014492,3.768115942028986,8.115942028985506,88.1159420289855,5.507246376811594,82.6086956521739
E00090299,448,62,22,40,386,16,370,13.839285714285715,4.910714285714286,8.928571428571429,86.16071428571429,3.571428571428571,82.58928571428571
E00090300,238,44,19,25,194,7,187,18.487394957983195,7.9831932773109235,10.504201680672269,81.5126050420168,2.941176470588235,78.57142857142857
E00090301,321,34,12,22,287,37,250,10.59190031152648,3.7383177570093453,6.853582554517133,89.40809968847351,11.526479750778815,77.88161993769471
E00090302,270,38,15,23,232,18,214,14.074074074074074,5.555555555555555,8.518518518518519,85.92592592592592,6.666666666666667,79.25925925925927
E00090303,314,44,18,26,270,19,251,14.012738853503185,5.7324840764331215,8.280254777070063,85.98726114649682,6.050955414012739,79.93630573248409
E00090304,369,58,22,36,311,24,287,15.718157181571815,5.9620596205962055,9.75609756097561,84.28184281842819,6.504065040650407,77.77777777777779
E00090305,331,46,15,31,285,25,260,13.897280966767372,4.531722054380665,9.365558912386707,86.10271903323263,7.552870090634441,78.54984894259819
E00090306,366,46,16,30,320,17,303,12.568306010928962,4.371584699453552,8.19672131147541,87.43169398907104,4.644808743169399,82.78688524590164
E00090307,260,35,10,25,225,13,212,13.461538461538462,3.8461538461538463,9.615384615384617,86.53846153846155,5,81.53846153846153
E00090308,197,62,20,42,135,12,123,31.472081218274113,10.152284263959391,21.31979695431472,68.52791878172589,6.091370558375635,62.43654822335025
E00090309,397,58,26,32,339,25,314,14.609571788413097,6.54911838790932,8.060453400503778,85.3904282115869,6.297229219143577,79.09319899244332
E00090310,275,35,15,20,240,15,225,12.727272727272727,5.454545454545454,7.2727272727272725,87.27272727272727,5.454545454545454,81.81818181818183
E00090311,331,29,9,20,302,25,277,8.761329305135952,2.719033232628399,6.042296072507553,91.23867069486404,7.552870090634441,83.68580060422961
E00090312,321,55,22,33,266,21,245,17.133956386292834,6.853582554517133,10.2803738317757,82.86604361370716,6.5420560747663545,76.32398753894081
E00090313,345,50,18,32,295,22,273,14.492753623188406,5.217391304347826,9.27536231884058,85.5072463768116,6.3768115942028984,79.13043478260869
E00090314,357,52,24,28,305,26,279,14.565826330532214,6.722689075630252,7.8431372549019605,85.43417366946778,7.282913165266107,78.15126050420169
E00090315,282,54,24,30,228,9,219,19.148936170212767,8.51063829787234,10.638297872340425,80.85106382978722,3.1914893617021276,77.6595744680851
E00090316,447,78,38,40,369,24,345,17.449664429530202,8.501118568232663,8.94854586129754,82.5503355704698,5.369127516778524,77.18120805369128
E00090317,431,55,19,36,376,9,367,12.761020881670534,4.408352668213457,8.352668213457076,87.23897911832947,2.088167053364269,85.1508120649652
E00090318,499,61,20,41,438,19,419,12.224448897795591,4.008016032064128,8.216432865731463,87.7755511022044,3.807615230460922,83.96793587174348
E00090319,584,61,34,27,523,22,501,10.445205479452055,5.821917808219178,4.623287671232877,89.55479452054794,3.767123287671233,85.78767123287672
E00090320,287,44,22,22,243,15,228,15.33101045296167,7.665505226480835,7.665505226480835,84.66898954703834,5.2264808362369335,79.44250871080139
E00090321,263,42,17,25,221,15,206,15.96958174904943,6.4638783269961975,9.505703422053232,84.03041825095056,5.7034220532319395,78.32699619771863
E00090322,348,58,17,41,290,27,263,16.666666666666664,4.885057471264368,11.781609195402298,83.33333333333334,7.758620689655173,75.57471264367817
E00090323,565,76,36,40,489,17,472,13.451327433628318,6.371681415929204,7.079646017699115,86.54867256637168,3.0088495575221237,83.53982300884955
E00090324,465,75,38,37,390,20,370,16.129032258064516,8.172043010752688,7.956989247311828,83.87096774193549,4.301075268817205,79.56989247311827
E00090325,529,59,34,25,470,14,456,11.153119092627598,6.427221172022684,4.725897920604915,88.84688090737241,2.6465028355387523,86.20037807183365
E00090326,404,45,21,24,359,12,347,11.138613861386139,5.198019801980198,5.9405940594059405,88.86138613861387,2.9702970297029703,85.89108910891089
E00090327,440,46,22,24,394,15,379,10.454545454545453,5,5.454545454545454,89.54545454545455,3.4090909090909087,86.13636363636363
E00090328,389,49,25,24,340,11,329,12.596401028277635,6.426735218508997,6.169665809768637,87.40359897172236,2.827763496143959,84.57583547557842
E00090329,423,46,19,27,377,13,364,10.874704491725769,4.491725768321513,6.382978723404255,89.12529550827422,3.0732860520094563,86.05200945626478
E00090330,406,45,15,30,361,7,354,11.083743842364532,3.6945812807881775,7.389162561576355,88.91625615763546,1.7241379310344827,87.192118226601
E00090331,599,70,38,32,529,10,519,11.686143572621036,6.3439065108514185,5.342237061769616,88.31385642737897,1.669449081803005,86.64440734557596
E00090332,542,75,41,34,467,20,447,13.837638376383765,7.564575645756458,6.273062730627306,86.16236162361623,3.6900369003690034,82.47232472324724
E00090333,400,60,28,32,340,22,318,15,7.000000000000001,8,85,5.5,79.5
E00090334,310,56,32,24,254,18,236,18.064516129032256,10.32258064516129,7.741935483870968,81.93548387096774,5.806451612903226,76.12903225806451
E00090335,338,47,20,27,291,14,277,13.905325443786982,5.9171597633136095,7.988165680473373,86.09467455621301,4.142011834319527,81.95266272189349
E00090336,545,69,30,39,476,14,462,12.660550458715598,5.5045871559633035,7.155963302752294,87.33944954128441,2.5688073394495414,84.77064220183486
E00090337,244,24,7,17,220,6,214,9.836065573770492,2.8688524590163933,6.967213114754098,90.1639344262295,2.459016393442623,87.70491803278688
E00090338,314,40,18,22,274,12,262,12.738853503184714,5.7324840764331215,7.006369426751593,87.26114649681529,3.821656050955414,83.43949044585987
E00090339,297,28,12,16,269,26,243,9.427609427609427,4.040404040404041,5.387205387205387,90.57239057239057,8.754208754208754,81.81818181818183
E00090340,305,44,23,21,261,18,243,14.426229508196723,7.540983606557377,6.885245901639345,85.57377049180329,5.901639344262295,79.67213114754098
E00090341,310,36,7,29,274,19,255,11.612903225806452,2.258064516129032,9.35483870967742,88.38709677419355,6.129032258064516,82.25806451612904
E00090342,370,31,9,22,339,30,309,8.378378378378379,2.4324324324324325,5.9459459459459465,91.62162162162161,8.108108108108109,83.51351351351352
E00090343,272,56,16,40,216,27,189,20.588235294117645,5.88235294117647,14.705882352941178,79.41176470588235,9.926470588235293,69.48529411764706
E00090344,225,32,9,23,193,19,174,14.222222222222221,4,10.222222222222223,85.77777777777777,8.444444444444445,77.33333333333333
E00090346,379,52,16,36,327,22,305,13.720316622691293,4.221635883905013,9.498680738786279,86.2796833773087,5.804749340369393,80.47493403693932
E00090347,524,51,17,34,473,51,422,9.732824427480915,3.2442748091603053,6.488549618320611,90.2671755725191,9.732824427480915,80.53435114503816
E00090348,333,52,16,36,281,30,251,15.615615615615615,4.804804804804805,10.81081081081081,84.38438438438438,9.00900900900901,75.37537537537537
E00090349,476,49,14,35,427,50,377,10.294117647058822,2.941176470588235,7.352941176470589,89.70588235294117,10.504201680672269,79.2016806722689
E00090351,417,117,52,65,300,30,270,28.05755395683453,12.470023980815348,15.587529976019185,71.94244604316546,7.1942446043165464,64.74820143884892
E00090353,532,70,30,40,462,31,431,13.157894736842104,5.639097744360902,7.518796992481203,86.8421052631579,5.827067669172932,81.01503759398496
E00090354,346,79,36,43,267,23,244,22.832369942196532,10.404624277456648,12.427745664739884,77.16763005780348,6.6473988439306355,70.52023121387283
E00090355,503,58,21,37,445,23,422,11.530815109343937,4.174950298210735,7.3558648111332,88.46918489065607,4.572564612326044,83.89662027833002
E00090356,324,32,11,21,292,24,268,9.876543209876543,3.3950617283950617,6.481481481481481,90.12345679012346,7.4074074074074066,82.71604938271605
E00090357,346,35,20,15,311,13,298,10.115606936416185,5.780346820809249,4.335260115606936,89.88439306358381,3.7572254335260116,86.1271676300578
E00090358,405,35,19,16,370,17,353,8.641975308641975,4.691358024691358,3.950617283950617,91.35802469135803,4.197530864197531,87.1604938271605
E00090359,365,54,12,42,311,28,283,14.794520547945206,3.287671232876712,11.506849315068493,85.2054794520548,7.671232876712329,77.53424657534246
E00090360,337,47,23,24,290,9,281,13.94658753709199,6.824925816023739,7.121661721068249,86.05341246290801,2.6706231454005933,83.38278931750742
E00090361,347,50,21,29,297,25,272,14.409221902017292,6.051873198847262,8.357348703170029,85.5907780979827,7.204610951008646,78.38616714697406
E00090362,321,41,16,25,280,21,259,12.77258566978193,4.984423676012461,7.78816199376947,87.22741433021807,6.5420560747663545,80.68535825545172
E00090363,415,48,23,25,367,22,345,11.566265060240964,5.542168674698795,6.024096385542169,88.43373493975903,5.301204819277109,83.13253012048193
E00090364,343,38,13,25,305,23,282,11.078717201166182,3.7900874635568513,7.288629737609329,88.92128279883383,6.705539358600583,82.21574344023324
E00090365,329,41,11,30,288,27,261,12.462006079027356,3.343465045592705,9.118541033434651,87.53799392097264,8.206686930091186,79.33130699088146
E00090366,311,38,16,22,273,21,252,12.218649517684888,5.144694533762058,7.07395498392283,87.78135048231512,6.752411575562702,81.02893890675242
E00090367,397,41,10,31,356,20,336,10.327455919395465,2.518891687657431,7.8085642317380355,89.67254408060454,5.037783375314862,84.63476070528966
E00090368,363,51,19,32,312,25,287,14.049586776859504,5.234159779614325,8.81542699724518,85.9504132231405,6.887052341597796,79.06336088154269
E00090369,349,41,12,29,308,17,291,11.74785100286533,3.4383954154727796,8.30945558739255,88.25214899713467,4.871060171919771,83.3810888252149
E00090370,368,79,42,37,289,13,276,21.467391304347828,11.41304347826087,10.054347826086957,78.53260869565217,3.532608695652174,75
E00090371,323,33,19,14,290,23,267,10.21671826625387,5.88235294117647,4.3343653250774,89.78328173374614,7.120743034055728,82.6625386996904
E00090372,394,57,21,36,337,31,306,14.467005076142131,5.32994923857868,9.137055837563452,85.53299492385787,7.868020304568528,77.66497461928934
E00090374,205,32,10,22,173,18,155,15.609756097560975,4.878048780487805,10.731707317073171,84.39024390243902,8.780487804878048,75.60975609756098
E00090375,320,40,12,28,280,32,248,12.5,3.75,8.75,87.5,10,77.5
E00090376,183,27,6,21,156,17,139,14.754098360655737,3.278688524590164,11.475409836065573,85.24590163934425,9.289617486338798,75.95628415300546
E00090377,322,45,17,28,277,23,254,13.975155279503104,5.279503105590062,8.695652173913043,86.0248447204969,7.142857142857142,78.88198757763976
E00090378,483,108,55,53,375,43,332,22.36024844720497,11.387163561076605,10.973084886128365,77.63975155279503,8.902691511387163,68.73706004140787
E00090379,377,43,15,28,334,47,287,11.405835543766578,3.978779840848806,7.427055702917771,88.59416445623343,12.46684350132626,76.12732095490716
E00090380,387,46,11,35,341,40,301,11.886304909560723,2.842377260981912,9.043927648578812,88.11369509043928,10.335917312661499,77.77777777777779
E00090381,430,63,15,48,367,27,340,14.651162790697676,3.488372093023256,11.162790697674419,85.34883720930233,6.279069767441861,79.06976744186046
E00090382,313,47,16,31,266,30,236,15.015974440894569,5.111821086261981,9.904153354632587,84.98402555910543,9.584664536741213,75.39936102236422
E00090383,325,58,32,26,267,23,244,17.846153846153847,9.846153846153847,8,82.15384615384616,7.076923076923077,75.07692307692308
E00090384,364,52,23,29,312,35,277,14.285714285714285,6.318681318681318,7.967032967032966,85.71428571428571,9.615384615384617,76.0989010989011
E00090385,273,69,19,50,204,34,170,25.274725274725274,6.95970695970696,18.315018315018314,74.72527472527473,12.454212454212454,62.27106227106227
E00090386,483,62,17,45,421,29,392,12.836438923395447,3.5196687370600417,9.316770186335404,87.16356107660455,6.004140786749482,81.15942028985508
E00090387,332,66,29,37,266,19,247,19.879518072289155,8.734939759036145,11.144578313253012,80.12048192771084,5.72289156626506,74.3975903614458
E00090388,261,49,9,40,212,27,185,18.773946360153257,3.4482758620689653,15.32567049808429,81.22605363984674,10.344827586206897,70.88122605363985
E00090389,213,24,7,17,189,17,172,11.267605633802818,3.286384976525822,7.981220657276995,88.73239436619718,7.981220657276995,80.75117370892019
E00090390,299,49,20,29,250,27,223,16.387959866220736,6.688963210702341,9.698996655518394,83.61204013377926,9.03010033444816,74.5819397993311
E00090391,284,27,4,23,257,23,234,9.507042253521126,1.4084507042253522,8.098591549295776,90.49295774647888,8.098591549295776,82.3943661971831
E00090392,353,30,5,25,323,29,294,8.498583569405099,1.41643059490085,7.0821529745042495,91.5014164305949,8.21529745042493,83.28611898016997
E00090393,407,53,12,41,354,42,312,13.022113022113022,2.9484029484029484,10.073710073710075,86.97788697788698,10.319410319410318,76.65847665847666
E00090394,286,31,11,20,255,21,234,10.839160839160838,3.8461538461538463,6.993006993006993,89.16083916083916,7.3426573426573425,81.81818181818183
E00090395,332,42,5,37,290,28,262,12.650602409638553,1.5060240963855422,11.144578313253012,87.34939759036145,8.433734939759036,78.91566265060241
E00090396,371,38,15,23,333,29,304,10.242587601078167,4.0431266846361185,6.199460916442049,89.75741239892183,7.816711590296496,81.94070080862534
E00090397,289,38,12,26,251,25,226,13.148788927335639,4.1522491349480966,8.996539792387544,86.85121107266436,8.650519031141869,78.20069204152249
E00090398,400,67,28,39,333,21,312,16.75,7.000000000000001,9.75,83.25,5.25,78
E00090399,310,46,12,34,264,27,237,14.838709677419354,3.870967741935484,10.967741935483872,85.16129032258064,8.709677419354838,76.45161290322581
E00090400,342,43,10,33,299,31,268,12.573099415204677,2.923976608187134,9.649122807017543,87.42690058479532,9.064327485380117,78.3625730994152
E00090401,348,44,15,29,304,29,275,12.643678160919542,4.310344827586207,8.333333333333332,87.356321839080465,8.333333333333332,79.02298850574712
E00090402,385,56,22,34,329,20,309,14.545454545454545,5.714285714285714,8.831168831168831,85.45454545454545,5.194805194805195,80.25974025974027
E00090403,297,23,10,13,274,20,254,7.744107744107744,3.3670033670033668,4.377104377104377,92.25589225589226,6.7340067340067336,85.52188552188552
E00090404,329,47,11,36,282,16,266,14.285714285714285,3.343465045592705,10.94224924012158,85.71428571428571,4.86322188449848,80.85106382978722
E00090405,532,42,9,33,490,35,455,7.894736842105263,1.6917293233082706,6.203007518796992,92.10526315789474,6.578947368421052,85.52631578947368
E00090406,471,58,17,41,413,32,381,12.314225053078557,3.6093418259023355,8.70488322717622,87.68577494692144,6.794055201698514,80.89171974522293
E00090407,353,40,12,28,313,12,301,11.3314447592068,3.39943342776204,7.932011331444759,88.6685552407932,3.39943342776204,85.26912181303116
E00090408,303,47,11,36,256,25,231,15.51155115511551,3.6303630363036308,11.881188118811881,84.48844884488449,8.25082508250825,76.23762376237624
E00090409,302,42,15,27,260,15,245,13.90728476821192,4.966887417218543,8.940397350993377,86.09271523178808,4.966887417218543,81.12582781456953
E00090410,362,41,19,22,321,22,299,11.32596685082873,5.248618784530387,6.077348066298343,88.67403314917127,6.077348066298343,82.59668508287292
E00090411,368,50,14,36,318,20,298,13.586956521739129,3.804347826086957,9.782608695652174,86.41304347826086,5.434782608695652,80.97826086956522
E00090412,308,25,8,17,283,25,258,8.116883116883116,2.5974025974025974,5.51948051948052,91.88311688311688,8.116883116883116,83.76623376623377
E00090413,337,44,15,29,293,25,268,13.056379821958458,4.451038575667656,8.605341246290802,86.94362017804154,7.418397626112759,79.52522255192879
E00090414,355,48,19,29,307,19,288,13.521126760563378,5.352112676056338,8.169014084507042,86.47887323943661,5.352112676056338,81.12676056338029
E00090415,174,45,18,27,129,9,120,25.862068965517242,10.344827586206897,15.517241379310345,74.13793103448276,5.172413793103448,68.96551724137932
E00090416,266,32,11,21,234,25,209,12.030075187969924,4.135338345864661,7.894736842105263,87.96992481203007,9.398496240601503,78.57142857142857
E00090417,225,9,0,9,216,13,203,4,0,4,96,5.777777777777778,90.22222222222223
E00090418,484,63,22,41,421,31,390,13.016528925619836,4.545454545454546,8.47107438016529,86.98347107438018,6.40495867768595,80.57851239669421
E00090420,507,64,27,37,443,26,417,12.6232741617357,5.325443786982249,7.297830374753452,87.3767258382643,5.128205128205128,82.24852071005917
E00090421,332,41,22,19,291,22,269,12.349397590361445,6.626506024096386,5.72289156626506,87.65060240963855,6.626506024096386,81.02409638554217
E00090422,262,56,27,29,206,22,184,21.374045801526716,10.305343511450381,11.068702290076336,78.62595419847328,8.396946564885496,70.22900763358778
E00090423,339,40,18,22,299,21,278,11.799410029498524,5.3097345132743365,6.489675516224189,88.20058997050147,6.1946902654867255,82.00589970501476
E00090424,308,46,20,26,262,18,244,14.935064935064934,6.493506493506493,8.441558441558442,85.06493506493507,5.844155844155844,79.22077922077922
E00090425,341,56,20,36,285,22,263,16.422287390029325,5.865102639296188,10.557184750733137,83.57771260997067,6.451612903225806,77.12609970674487
E00090426,315,41,14,27,274,33,241,13.015873015873018,4.444444444444445,8.571428571428571,86.98412698412699,10.476190476190476,76.5079365079365
E00090427,347,34,10,24,313,25,288,9.798270893371757,2.881844380403458,6.9164265129683,90.20172910662824,7.204610951008646,82.9971181556196
E00090428,273,38,19,19,235,11,224,13.91941391941392,6.95970695970696,6.95970695970696,86.08058608058609,4.029304029304029,82.05128205128204
E00090429,329,34,12,22,295,21,274,10.33434650455927,3.64741641337386,6.68693009118541,89.66565349544074,6.382978723404255,83.28267477203647
E00090430,294,40,16,24,254,16,238,13.60544217687075,5.442176870748299,8.16326530612245,86.39455782312925,5.442176870748299,80.95238095238095
E00090431,445,58,22,36,387,19,368,13.03370786516854,4.943820224719101,8.089887640449438,86.96629213483146,4.269662921348314,82.69662921348313
E00090432,333,42,16,26,291,30,261,12.612612612612612,4.804804804804805,7.807807807807808,87.38738738738738,9.00900900900901,78.37837837837837
E00090433,335,72,26,46,263,25,238,21.492537313432834,7.761194029850746,13.73134328358209,78.50746268656717,7.462686567164178,71.04477611940298
E00090434,475,60,19,41,415,36,379,12.631578947368421,4,8.631578947368421,87.36842105263159,7.578947368421053,79.78947368421052
E00090436,403,63,21,42,340,21,319,15.632754342431761,5.2109181141439205,10.421836228287841,84.36724565756823,5.2109181141439205,79.15632754342433
E00090437,350,58,25,33,292,22,270,16.57142857142857,7.142857142857142,9.428571428571429,83.42857142857143,6.2857142857142865,77.14285714285715
E00090438,329,83,30,53,246,26,220,25.227963525835868,9.118541033434651,16.109422492401215,74.77203647416414,7.90273556231003,66.8693009118541
E00090439,263,61,21,40,202,25,177,23.193916349809886,7.984790874524715,15.209125475285171,76.80608365019012,9.505703422053232,67.30038022813687
E00090440,257,39,10,29,218,25,193,15.17509727626459,3.8910505836575875,11.284046692607005,84.8249027237354,9.72762645914397,75.09727626459144
E00090441,401,75,24,51,326,28,298,18.703241895261847,5.985037406483791,12.718204488778055,81.29675810473816,6.982543640897755,74.3142144638404
E00090442,263,34,13,21,229,17,212,12.927756653992395,4.942965779467681,7.984790874524715,87.07224334600761,6.4638783269961975,80.6083650190114
E00090443,288,52,19,33,236,31,205,18.055555555555554,6.597222222222222,11.458333333333332,81.94444444444444,10.76388888888889,71.18055555555556
E00090444,293,39,13,26,254,32,222,13.310580204778159,4.436860068259386,8.873720136518772,86.68941979522185,10.921501706484642,75.76791808873719
E00090445,139,49,18,31,90,14,76,35.25179856115108,12.949640287769784,22.302158273381295,64.74820143884892,10.071942446043165,54.67625899280576
E00090446,245,69,23,46,176,16,160,28.163265306122447,9.387755102040817,18.775510204081634,71.83673469387755,6.530612244897959,65.3061224489796
E00090447,321,56,21,35,265,30,235,17.445482866043612,6.5420560747663545,10.903426791277258,82.55451713395638,9.345794392523365,73.20872274143302
E00090448,301,57,23,34,244,25,219,18.93687707641196,7.641196013289036,11.295681063122924,81.06312292358804,8.305647840531561,72.75747508305648
E00090449,420,50,11,39,370,33,337,11.904761904761903,2.619047619047619,9.285714285714286,88.09523809523809,7.857142857142857,80.23809523809524
E00090450,370,51,17,34,319,37,282,13.783783783783784,4.594594594594595,9.18918918918919,86.21621621621621,10,76.21621621621621
E00090451,263,40,9,31,223,26,197,15.209125475285171,3.4220532319391634,11.787072243346007,84.79087452471484,9.885931558935361,74.90494296577947
E00090452,103,23,6,17,80,6,74,22.330097087378643,5.825242718446602,16.50485436893204,77.66990291262135,5.825242718446602,71.84466019417476
E00090453,329,38,14,24,291,32,259,11.55015197568389,4.25531914893617,7.29483282674772,88.44984802431611,9.72644376899696,78.72340425531915
E00090454,332,27,6,21,305,27,278,8.132530120481928,1.8072289156626504,6.325301204819277,91.86746987951807,8.132530120481928,83.73493975903614
E00090455,267,42,11,31,225,25,200,15.730337078651685,4.119850187265917,11.610486891385769,84.26966292134831,9.363295880149813,74.90636704119851
E00090456,245,44,21,23,201,27,174,17.959183673469386,8.571428571428571,9.387755102040817,82.0408163265306,11.020408163265307,71.0204081632653
E00090457,253,55,20,35,198,24,174,21.73913043478261,7.905138339920949,13.83399209486166,78.26086956521739,9.486166007905137,68.77470355731225
E00090458,330,52,20,32,278,26,252,15.757575757575756,6.0606060606060606,9.696969696969697,84.24242424242424,7.878787878787878,76.36363636363637
E00090459,397,91,32,59,306,40,266,22.921914357682617,8.060453400503778,14.86146095717884,77.07808564231739,10.075566750629724,67.00251889168766
E00090460,309,46,11,35,263,30,233,14.886731391585762,3.559870550161812,11.326860841423949,85.11326860841424,9.70873786407767,75.40453074433657
E00090461,119,37,20,17,82,16,66,31.092436974789916,16.80672268907563,14.285714285714285,68.90756302521008,13.445378151260504,55.46218487394958
E00090462,265,59,23,36,206,15,191,22.264150943396228,8.679245283018867,13.584905660377359,77.73584905660378,5.660377358490567,72.0754716981132
E00090463,274,75,42,33,199,16,183,27.37226277372263,15.328467153284672,12.043795620437956,72.62773722627736,5.839416058394161,66.78832116788321
E00090464,242,48,23,25,194,30,164,19.834710743801654,9.50413223140496,10.330578512396695,80.16528925619835,12.396694214876034,67.76859504132231
E00090465,345,58,21,37,287,24,263,16.81159420289855,6.086956521739131,10.72463768115942,83.18840579710145,6.956521739130435,76.23188405797102
E00090466,348,61,25,36,287,22,265,17.52873563218391,7.183908045977011,10.344827586206897,82.47126436781609,6.321839080459771,76.14942528735632
E00090467,242,40,11,29,202,20,182,16.528925619834713,4.545454545454546,11.983471074380166,83.47107438016529,8.264462809917356,75.20661157024794
E00090468,253,39,16,23,214,17,197,15.41501976284585,6.324110671936759,9.090909090909092,84.58498023715416,6.719367588932807,77.86561264822134
E00090469,325,38,14,24,287,20,267,11.692307692307692,4.3076923076923075,7.384615384615385,88.3076923076923,6.153846153846154,82.15384615384616
E00090470,323,45,19,26,278,14,264,13.93188854489164,5.88235294117647,8.04953560371517,86.06811145510835,4.3343653250774,81.73374613003097
E00090471,264,33,7,26,231,18,213,12.5,2.6515151515151514,9.848484848484848,87.5,6.8181818181818175,80.68181818181817
E00090472,228,33,12,21,195,24,171,14.473684210526317,5.263157894736842,9.210526315789473,85.52631578947368,10.526315789473683,75
E00090473,288,39,17,22,249,30,219,13.541666666666666,5.902777777777778,7.638888888888889,86.45833333333334,10.416666666666668,76.04166666666666
E00090474,312,36,12,24,276,24,252,11.538461538461538,3.8461538461538463,7.6923076923076925,88.46153846153845,7.6923076923076925,80.76923076923077
E00090475,321,23,10,13,298,27,271,7.165109034267912,3.115264797507788,4.049844236760125,92.83489096573209,8.411214953271028,84.42367601246106
E00090476,231,22,6,16,209,17,192,9.523809523809524,2.5974025974025974,6.926406926406926,90.47619047619048,7.35930735930736,83.11688311688312
E00090477,439,71,30,41,368,25,343,16.173120728929387,6.83371298405467,9.339407744874716,83.82687927107062,5.694760820045558,78.13211845102505
E00090478,348,33,11,22,315,18,297,9.482758620689655,3.1609195402298855,6.321839080459771,90.51724137931035,5.172413793103448,85.34482758620689
E00090479,270,47,17,30,223,17,206,17.40740740740741,6.296296296296296,11.11111111111111,82.5925925925926,6.296296296296296,76.29629629629629
E00090480,539,51,14,37,488,33,455,9.461966604823747,2.5974025974025974,6.8645640074211505,90.53803339517626,6.122448979591836,84.4155844155844
E00090481,234,37,15,22,197,17,180,15.81196581196581,6.41025641025641,9.401709401709402,84.1880341880342,7.264957264957266,76.92307692307693
E00090482,315,37,13,24,278,30,248,11.746031746031745,4.1269841269841265,7.6190476190476195,88.25396825396825,9.523809523809524,78.73015873015873
E00090483,299,32,11,21,267,21,246,10.702341137123746,3.678929765886288,7.023411371237458,89.29765886287625,7.023411371237458,82.2742474916388
E00090484,347,56,29,27,291,15,276,16.138328530259365,8.357348703170029,7.780979827089338,83.86167146974063,4.322766570605188,79.53890489913545
E00090485,289,23,8,15,266,28,238,7.958477508650519,2.768166089965398,5.190311418685121,92.04152249134948,9.688581314878892,82.35294117647058
E00090486,365,38,8,30,327,28,299,10.41095890410959,2.191780821917808,8.21917808219178,89.58904109589041,7.671232876712329,81.91780821917808
E00090487,339,55,25,30,284,25,259,16.224188790560472,7.374631268436578,8.849557522123893,83.77581120943954,7.374631268436578,76.40117994100295
E00090488,316,46,13,33,270,22,248,14.556962025316455,4.113924050632911,10.443037974683545,85.44303797468355,6.962025316455696,78.48101265822784
E00090489,381,56,17,39,325,17,308,14.698162729658792,4.4619422572178475,10.236220472440944,85.30183727034121,4.4619422572178475,80.83989501312337
E00090490,276,48,27,21,228,15,213,17.391304347826086,9.782608695652174,7.608695652173914,82.6086956521739,5.434782608695652,77.17391304347827
E00090491,271,25,9,16,246,21,225,9.22509225092251,3.3210332103321036,5.904059040590406,90.7749077490775,7.7490774907749085,83.02583025830258
E00090492,336,34,12,22,302,25,277,10.119047619047619,3.571428571428571,6.547619047619048,89.88095238095238,7.440476190476191,82.44047619047619
E00090493,324,40,12,28,284,31,253,12.345679012345679,3.7037037037037033,8.641975308641975,87.65432098765432,9.5679012345679,78.08641975308642
E00090494,336,35,10,25,301,30,271,10.416666666666668,2.976190476190476,7.440476190476191,89.58333333333334,8.928571428571429,80.65476190476191
E00090495,270,30,6,24,240,21,219,11.11111111111111,2.2222222222222223,8.88888888888889,88.88888888888889,7.777777777777778,81.11111111111111
E00090496,264,32,9,23,232,19,213,12.121212121212121,3.4090909090909087,8.712121212121213,87.87878787878788,7.196969696969697,80.68181818181817
E00090497,399,31,7,24,368,35,333,7.769423558897243,1.7543859649122806,6.015037593984962,92.23057644110276,8.771929824561402,83.45864661654136
E00090498,367,31,5,26,336,28,308,8.446866485013624,1.3623978201634876,7.084468664850137,91.55313351498637,7.629427792915531,83.92370572207084
E00090499,369,31,13,18,338,23,315,8.401084010840108,3.523035230352303,4.878048780487805,91.59891598915989,6.233062330623306,85.36585365853658
E00090500,368,41,15,26,327,21,306,11.141304347826086,4.076086956521739,7.065217391304348,88.8586956521739,5.706521739130435,83.15217391304348
E00090501,271,34,16,18,237,18,219,12.546125461254611,5.904059040590406,6.642066420664207,87.4538745387454,6.642066420664207,80.81180811808119
E00090502,381,33,6,27,348,29,319,8.661417322834646,1.574803149606299,7.086614173228346,91.33858267716536,7.611548556430446,83.72703412073491
E00090503,365,38,15,23,327,26,301,10.41095890410959,4.10958904109589,6.301369863013699,89.58904109589041,7.123287671232877,82.46575342465754
E00090504,286,28,11,17,258,28,230,9.79020979020979,3.8461538461538463,5.944055944055944,90.20979020979021,9.79020979020979,80.41958041958041
E00090505,337,42,14,28,295,17,278,12.462908011869436,4.154302670623145,8.30860534124629,87.53709198813057,5.044510385756676,82.49258160237389
E00090506,264,36,13,23,228,24,204,13.636363636363635,4.924242424242424,8.712121212121213,86.36363636363636,9.090909090909092,77.27272727272727
E00090507,334,43,12,31,291,31,260,12.874251497005988,3.592814371257485,9.281437125748502,87.12574850299401,9.281437125748502,77.84431137724552
E00090508,400,47,14,33,353,23,330,11.75,3.5000000000000004,8.25,88.25,5.75,82.5
E00090509,124,22,9,13,102,11,91,17.741935483870968,7.258064516129033,10.483870967741936,82.25806451612904,8.870967741935484,73.38709677419355
E00090510,306,49,23,26,257,25,232,16.013071895424837,7.516339869281046,8.49673202614379,83.98692810457517,8.169934640522875,75.81699346405229
E00090511,295,40,16,24,255,36,219,13.559322033898304,5.423728813559322,8.135593220338983,86.4406779661017,12.203389830508476,74.23728813559322
E00165834,321,40,12,28,281,24,257,12.461059190031152,3.7383177570093453,8.722741433021806,87.53894080996885,7.476635514018691,80.06230529595015
E00165835,319,33,11,22,286,37,249,10.344827586206897,3.4482758620689653,6.896551724137931,89.65517241379311,11.598746081504702,78.0564263322884
E00165836,264,36,10,26,228,29,199,13.636363636363635,3.787878787878788,9.848484848484848,86.36363636363636,10.984848484848484,75.37878787878788
E00165837,310,38,9,29,272,25,247,12.258064516129032,2.903225806451613,9.35483870967742,87.74193548387098,8.064516129032258,79.6774193548387
E00169106,355,38,5,33,317,35,282,10.704225352112676,1.4084507042253522,9.295774647887324,89.29577464788733,9.859154929577464,79.43661971830987
E00169108,444,58,17,41,386,27,359,13.063063063063062,3.8288288288288284,9.234234234234235,86.93693693693693,6.081081081081082,80.85585585585585
E00169109,449,69,21,48,380,17,363,15.367483296213807,4.67706013363029,10.690423162583519,84.63251670378618,3.78619153674833,80.84632516703786
E00169111,411,68,30,38,343,28,315,16.54501216545012,7.2992700729927,9.245742092457421,83.45498783454988,6.81265206812652,76.64233576642336
E00169112,269,29,9,20,240,21,219,10.780669144981413,3.3457249070631967,7.434944237918216,89.21933085501858,7.806691449814126,81.41263940520446
E00169114,397,42,15,27,355,31,324,10.579345088161208,3.7783375314861463,6.801007556675064,89.4206549118388,7.8085642317380355,81.61209068010076
E00169117,407,61,16,45,346,36,310,14.987714987714988,3.9312039312039313,11.056511056511056,85.01228501228502,8.845208845208845,76.16707616707616
E00169119,355,42,11,31,313,24,289,11.830985915492958,3.0985915492957745,8.732394366197182,88.16901408450704,6.760563380281689,81.40845070422536
E00169122,554,92,40,52,462,36,426,16.60649819494585,7.2202166064981945,9.386281588447654,83.39350180505414,6.4981949458483745,76.89530685920577
E00169123,166,18,6,12,148,7,141,10.843373493975903,3.614457831325301,7.228915662650602,89.1566265060241,4.216867469879518,84.93975903614458
E00169124,382,38,9,29,344,45,299,9.947643979057592,2.356020942408377,7.591623036649215,90.0523560209424,11.780104712041885,78.27225130890052
E00169125,521,109,26,83,412,61,351,20.92130518234165,4.990403071017274,15.930902111324377,79.07869481765835,11.708253358925145,67.37044145873321
E00169128,550,54,14,40,496,25,471,9.818181818181818,2.5454545454545454,7.2727272727272725,90.18181818181819,4.545454545454546,85.63636363636363
E00169129,229,32,14,18,197,23,174,13.973799126637553,6.11353711790393,7.860262008733625,86.02620087336244,10.043668122270741,75.9825327510917
E00169130,371,40,11,29,331,27,304,10.781671159029651,2.964959568733154,7.816711590296496,89.21832884097036,7.277628032345014,81.94070080862534
E00169131,110,26,16,10,84,10,74,23.636363636363637,14.545454545454545,9.090909090909092,76.36363636363637,9.090909090909092,67.27272727272727
E00169132,326,43,14,29,283,30,253,13.190184049079754,4.294478527607362,8.895705521472392,86.80981595092024,9.202453987730062,77.60736196319019
E00169134,228,24,5,19,204,11,193,10.526315789473683,2.1929824561403506,8.333333333333332,89.47368421052632,4.824561403508771,84.64912280701753
E00169135,284,37,8,29,247,31,216,13.028169014084506,2.8169014084507045,10.211267605633804,86.97183098591549,10.915492957746478,76.05633802816901
E00169136,168,12,3,9,156,16,140,7.142857142857142,1.7857142857142856,5.357142857142857,92.85714285714286,9.523809523809524,83.33333333333334
E00169137,263,38,15,23,225,22,203,14.44866920152091,5.7034220532319395,8.745247148288973,85.55133079847909,8.365019011406844,77.18631178707224
E00169138,264,25,8,17,239,31,208,9.469696969696969,3.0303030303030303,6.4393939393939394,90.53030303030303,11.742424242424242,78.78787878787878
E00169139,383,50,20,30,333,29,304,13.054830287206268,5.221932114882506,7.83289817232376,86.94516971279373,7.5718015665796345,79.37336814621409
E00169141,272,22,6,16,250,24,226,8.088235294117647,2.2058823529411766,5.88235294117647,91.91176470588235,8.823529411764707,83.08823529411765
E00169143,440,56,19,37,384,45,339,12.727272727272727,4.318181818181818,8.409090909090908,87.27272727272727,10.227272727272728,77.04545454545455
E00169144,358,40,13,27,318,21,297,11.1731843575419,3.6312849162011176,7.5418994413407825,88.8268156424581,5.865921787709497,82.9608938547486
E00169145,250,32,10,22,218,23,195,12.8,4,8.799999999999999,87.2,9.2,78
E00169146,185,13,7,6,172,12,160,7.027027027027027,3.783783783783784,3.2432432432432434,92.97297297297298,6.486486486486487,86.48648648648648
E00169148,256,25,8,17,231,11,220,9.765625,3.125,6.640625,90.234375,4.296875,85.9375
E00169149,286,28,11,17,258,21,237,9.79020979020979,3.8461538461538463,5.944055944055944,90.20979020979021,7.3426573426573425,82.86713286713287
E00169150,219,20,7,13,199,26,173,9.1324200913242,3.1963470319634704,5.93607305936073,90.8675799086758,11.87214611872146,78.99543378995433
E00169151,581,51,14,37,530,40,490,8.777969018932874,2.4096385542168677,6.368330464716007,91.22203098106712,6.884681583476763,84.33734939759037
E00169152,439,42,10,32,397,18,379,9.567198177676538,2.277904328018223,7.289293849658314,90.43280182232346,4.100227790432802,86.33257403189066
E00169153,341,46,24,22,295,29,266,13.48973607038123,7.038123167155426,6.451612903225806,86.51026392961877,8.504398826979472,78.00586510263929
E00169155,325,30,10,20,295,20,275,9.230769230769232,3.076923076923077,6.153846153846154,90.76923076923077,6.153846153846154,84.61538461538461
E00169156,282,35,5,30,247,14,233,12.411347517730496,1.773049645390071,10.638297872340425,87.58865248226951,4.964539007092199,82.62411347517731
E00169157,874,72,20,52,802,48,754,8.237986270022883,2.2883295194508007,5.949656750572083,91.76201372997713,5.491990846681922,86.2700228832952
E00169158,221,35,15,20,186,10,176,15.837104072398189,6.787330316742081,9.049773755656108,84.16289592760181,4.524886877828054,79.63800904977376
E00169159,333,33,11,22,300,22,278,9.90990990990991,3.303303303303303,6.606606606606606,90.09009009009009,6.606606606606606,83.48348348348348
E00172599,338,36,4,32,302,36,266,10.650887573964498,1.183431952662722,9.467455621301776,89.3491124260355,10.650887573964498,78.69822485207101
E00172601,399,59,28,31,340,23,317,14.786967418546364,7.017543859649122,7.769423558897243,85.21303258145363,5.764411027568922,79.4486215538847
E00172602,173,29,5,24,144,16,128,16.76300578034682,2.8901734104046244,13.872832369942195,83.23699421965318,9.248554913294797,73.98843930635837
E00172603,210,21,6,15,189,17,172,10,2.857142857142857,7.142857142857142,90,8.095238095238095,81.9047619047619
E00172604,225,23,4,19,202,16,186,10.222222222222223,1.7777777777777777,8.444444444444445,89.77777777777777,7.111111111111111,82.66666666666667
E00172605,362,36,15,21,326,18,308,9.94475138121547,4.143646408839778,5.801104972375691,90.05524861878453,4.972375690607735,85.0828729281768
E00172607,309,50,15,35,259,34,225,16.181229773462782,4.854368932038835,11.326860841423949,83.81877022653723,11.003236245954692,72.81553398058253
E00172609,251,18,2,16,233,23,210,7.171314741035857,0.796812749003984,6.374501992031872,92.82868525896414,9.163346613545817,83.66533864541833
E00172610,340,8,0,8,332,34,298,2.3529411764705883,0,2.3529411764705883,97.6470588235294,10,87.6470588235294
E00172612,302,28,10,18,274,17,257,9.271523178807946,3.3112582781456954,5.960264900662252,90.72847682119205,5.629139072847682,85.09933774834437
E00172613,194,10,2,8,184,23,161,5.154639175257731,1.0309278350515463,4.123711340206185,94.84536082474226,11.855670103092782,82.9896907216495
E00172614,284,42,6,36,242,16,226,14.788732394366196,2.112676056338028,12.676056338028168,85.2112676056338,5.633802816901409,79.5774647887324
E00172615,347,62,27,35,285,20,265,17.86743515850144,7.780979827089338,10.086455331412104,82.13256484149855,5.763688760806916,76.36887608069163
E00172617,293,43,19,24,250,29,221,14.675767918088736,6.484641638225256,8.19112627986348,85.32423208191126,9.897610921501707,75.42662116040955
E00172618,235,25,8,17,210,18,192,10.638297872340425,3.404255319148936,7.234042553191489,89.36170212765957,7.659574468085106,81.70212765957446
E00172619,266,40,18,22,226,21,205,15.037593984962406,6.7669172932330826,8.270676691729323,84.9624060150376,7.894736842105263,77.06766917293233
E00178318,258,34,14,20,224,25,199,13.178294573643413,5.426356589147287,7.751937984496124,86.82170542635659,9.689922480620156,77.13178294573643
E00178319,222,33,12,21,189,31,158,14.864864864864865,5.405405405405405,9.45945945945946,85.13513513513513,13.963963963963963,71.17117117117117
E00178320,982,111,25,86,871,68,803,11.303462321792262,2.5458248472505094,8.757637474541752,88.69653767820775,6.924643584521386,81.77189409368636
E00178321,276,72,27,45,204,25,179,26.08695652173913,9.782608695652174,16.304347826086957,73.91304347826086,9.057971014492754,64.85507246376811
E00178322,428,50,14,36,378,52,326,11.682242990654206,3.2710280373831773,8.411214953271028,88.3177570093458,12.149532710280374,76.16822429906543
E00178323,326,50,20,30,276,25,251,15.337423312883436,6.134969325153374,9.202453987730062,84.66257668711657,7.668711656441718,76.99386503067484
E00178324,616,54,15,39,562,25,537,8.766233766233766,2.4350649350649354,6.331168831168831,91.23376623376623,4.058441558441558,87.17532467532467
E00178325,173,19,6,13,154,17,137,10.982658959537572,3.4682080924855487,7.514450867052023,89.01734104046243,9.826589595375722,79.1907514450867
E00178326,251,19,6,13,232,19,213,7.569721115537849,2.3904382470119523,5.179282868525896,92.43027888446214,7.569721115537849,84.86055776892431
E00178327,620,63,20,43,557,32,525,10.161290322580644,3.225806451612903,6.935483870967742,89.83870967741936,5.161290322580645,84.67741935483872
E00178328,293,16,5,11,277,16,261,5.460750853242321,1.7064846416382253,3.754266211604096,94.53924914675767,5.460750853242321,89.07849829351537
E00178329,162,12,3,9,150,9,141,7.4074074074074066,1.8518518518518516,5.555555555555555,92.5925925925926,5.555555555555555,87.03703703703704
E00178330,553,39,9,30,514,36,478,7.05244122965642,1.62748643761302,5.424954792043399,92.94755877034359,6.50994575045208,86.4376130198915
E00178331,223,19,8,11,204,7,197,8.520179372197308,3.587443946188341,4.932735426008969,91.4798206278027,3.1390134529147984,88.34080717488789
E00178332,260,25,9,16,235,20,215,9.615384615384617,3.4615384615384617,6.153846153846154,90.38461538461539,7.6923076923076925,82.6923076923077
E00178333,250,32,12,20,218,14,204,12.8,4.8,8,87.2,5.6000000000000005,81.6
E00178334,548,122,71,51,426,27,399,22.26277372262774,12.956204379562045,9.306569343065693,77.73722627737226,4.927007299270073,72.8102189781022
E00178335,336,37,15,22,299,20,279,11.011904761904761,4.464285714285714,6.547619047619048,88.98809523809523,5.952380952380952,83.03571428571429
E00178336,110,12,1,11,98,5,93,10.909090909090908,0.9090909090909091,10,89.0909090909091,4.545454545454546,84.54545454545455
E00178337,140,24,7,17,116,18,98,17.142857142857142,5,12.142857142857142,82.85714285714286,12.857142857142856,70
E00178338,373,50,19,31,323,23,300,13.404825737265416,5.093833780160858,8.310991957104557,86.59517426273459,6.166219839142091,80.42895442359249
E00178339,327,23,3,20,304,20,284,7.033639143730887,0.9174311926605505,6.116207951070336,92.96636085626912,6.116207951070336,86.85015290519877
E00178340,595,58,20,38,537,34,503,9.747899159663866,3.361344537815126,6.386554621848739,90.25210084033614,5.714285714285714,84.53781512605042
E00178341,278,19,4,15,259,22,237,6.83453237410072,1.4388489208633095,5.39568345323741,93.16546762589928,7.913669064748201,85.25179856115108
E00178342,491,39,17,22,452,21,431,7.942973523421588,3.462321792260693,4.480651731160896,92.05702647657841,4.276985743380855,87.78004073319755
E00178343,206,27,2,25,179,21,158,13.106796116504855,0.9708737864077669,12.135922330097088,86.89320388349515,10.194174757281553,76.69902912621359
E00178344,594,34,7,27,560,36,524,5.723905723905724,1.1784511784511784,4.545454545454546,94.27609427609428,6.0606060606060606,88.21548821548821
E00178345,440,85,33,52,355,26,329,19.318181818181817,7.5,11.818181818181818,80.68181818181817,5.909090909090909,74.77272727272727
E00178346,509,48,16,32,461,28,433,9.430255402750491,3.143418467583497,6.286836935166994,90.56974459724951,5.50098231827112,85.0687622789784
E00178347,335,46,27,19,289,25,264,13.73134328358209,8.059701492537313,5.6716417910447765,86.26865671641791,7.462686567164178,78.80597014925374
E00178348,436,60,27,33,376,31,345,13.761467889908257,6.192660550458716,7.568807339449542,86.23853211009175,7.110091743119266,79.12844036697247
E00178349,106,8,1,7,98,5,93,7.547169811320755,0.9433962264150944,6.60377358490566,92.45283018867924,4.716981132075472,87.73584905660378
E00178350,345,16,4,12,329,24,305,4.63768115942029,1.1594202898550725,3.4782608695652173,95.3623188405797,6.956521739130435,88.40579710144928
E00178351,223,20,4,16,203,18,185,8.968609865470851,1.7937219730941705,7.174887892376682,91.03139013452915,8.071748878923767,82.95964125560538
E00178352,328,18,9,9,310,17,293,5.487804878048781,2.7439024390243905,2.7439024390243905,94.51219512195121,5.182926829268292,89.32926829268293
E00178353,451,39,16,23,412,20,392,8.647450110864744,3.5476718403547673,5.099778270509978,91.35254988913526,4.434589800443459,86.91796008869179
E00178354,161,11,5,6,150,6,144,6.832298136645963,3.1055900621118013,3.7267080745341614,93.16770186335404,3.7267080745341614,89.44099378881988
E00178355,338,38,12,26,300,26,274,11.242603550295858,3.5502958579881656,7.6923076923076925,88.75739644970415,7.6923076923076925,81.06508875739645
E00178356,375,30,9,21,345,28,317,8,2.4,5.6000000000000005,92,7.466666666666668,84.53333333333333
E00178357,237,19,3,16,218,17,201,8.016877637130802,1.2658227848101267,6.751054852320674,91.9831223628692,7.172995780590717,84.81012658227847
E00178358,421,17,6,11,404,28,376,4.038004750593824,1.4251781472684086,2.6128266033254155,95.96199524940617,6.65083135391924,89.31116389548693
E00178359,449,25,8,17,424,24,400,5.56792873051225,1.7817371937639197,3.78619153674833,94.43207126948775,5.3452115812917596,89.086859688196
E00178360,175,8,1,7,167,6,161,4.571428571428571,0.5714285714285714,4,95.42857142857143,3.428571428571429,92
E00178361,121,16,5,11,105,11,94,13.223140495867769,4.132231404958678,9.090909090909092,86.77685950413223,9.090909090909092,77.68595041322314
E00178362,110,23,4,19,87,9,78,20.909090909090907,3.6363636363636362,17.272727272727273,79.0909090909091,8.181818181818182,70.9090909090909
E00178363,304,27,10,17,277,18,259,8.881578947368421,3.289473684210526,5.592105263157895,91.11842105263158,5.921052631578947,85.19736842105263
E00178364,467,72,24,48,395,32,363,15.417558886509635,5.139186295503212,10.278372591006423,84.58244111349036,6.852248394004283,77.73019271948608
E00178365,257,49,31,18,208,20,188,19.06614785992218,12.062256809338521,7.003891050583658,80.93385214007782,7.782101167315175,73.15175097276264
E00178366,272,30,7,23,242,12,230,11.029411764705882,2.5735294117647056,8.455882352941178,88.97058823529412,4.411764705882353,84.55882352941177
E00178367,386,39,9,30,347,34,313,10.103626943005182,2.33160621761658,7.772020725388601,89.89637305699482,8.808290155440414,81.0880829015544
E00178368,391,37,12,25,354,21,333,9.462915601023019,3.0690537084398977,6.3938618925831205,90.53708439897699,5.3708439897698215,85.16624040920716
E00178369,513,28,6,22,485,39,446,5.458089668615984,1.1695906432748537,4.28849902534113,94.54191033138402,7.602339181286549,86.93957115009746
E00178370,305,9,0,9,296,23,273,2.9508196721311477,0,2.9508196721311477,97.04918032786885,7.540983606557377,89.50819672131148
E00178371,254,37,7,30,217,20,197,14.566929133858267,2.7559055118110236,11.811023622047244,85.43307086614173,7.874015748031496,77.55905511811024
E00178372,490,39,10,29,451,38,413,7.959183673469387,2.0408163265306123,5.918367346938775,92.04081632653062,7.755102040816326,84.28571428571429
E00178373,511,64,28,36,447,38,409,12.524461839530332,5.47945205479452,7.045009784735812,87.47553816046967,7.436399217221135,80.03913894324853
E00178374,542,62,15,47,480,42,438,11.439114391143912,2.7675276752767526,8.671586715867159,88.56088560885608,7.7490774907749085,80.81180811808119
E00178375,523,66,26,40,457,32,425,12.619502868068832,4.97131931166348,7.648183556405354,87.38049713193116,6.118546845124283,81.26195028680688
E00178376,466,24,7,17,442,32,410,5.150214592274678,1.502145922746781,3.648068669527897,94.84978540772532,6.866952789699571,87.98283261802575
E00178377,134,18,5,13,116,11,105,13.432835820895523,3.731343283582089,9.701492537313433,86.56716417910447,8.208955223880597,78.35820895522389
E00178378,484,63,17,46,421,39,382,13.016528925619836,3.512396694214876,9.50413223140496,86.98347107438018,8.057851239669422,78.92561983471074
E00178379,466,65,17,48,401,28,373,13.948497854077251,3.648068669527897,10.300429184549357,86.05150214592274,6.008583690987124,80.04291845493562
E00178380,205,25,7,18,180,10,170,12.195121951219512,3.414634146341464,8.780487804878048,87.8048780487805,4.878048780487805,82.92682926829268
E00178381,332,99,68,31,233,24,209,29.819277108433734,20.481927710843372,9.33734939759036,70.18072289156626,7.228915662650602,62.951807228915655
E00178382,380,32,5,27,348,26,322,8.421052631578947,1.3157894736842104,7.105263157894736,91.57894736842105,6.842105263157896,84.73684210526315
E00178383,192,24,8,16,168,7,161,12.5,4.166666666666666,8.333333333333332,87.5,3.6458333333333335,83.85416666666666
E00178384,316,33,12,21,283,21,262,10.443037974683545,3.79746835443038,6.6455696202531636,89.55696202531645,6.6455696202531636,82.91139240506328
E00178385,305,39,9,30,266,17,249,12.786885245901638,2.9508196721311477,9.836065573770492,87.21311475409837,5.573770491803279,81.63934426229508
E00178386,333,21,4,17,312,24,288,6.306306306306306,1.2012012012012012,5.105105105105105,93.69369369369369,7.207207207207207,86.48648648648648
E00178387,348,40,15,25,308,18,290,11.494252873563218,4.310344827586207,7.183908045977011,88.50574712643679,5.172413793103448,83.33333333333334
E00178388,250,38,12,26,212,15,197,15.2,4.8,10.4,84.8,6,78.8
E00178389,218,24,7,17,194,15,179,11.009174311926607,3.211009174311927,7.79816513761468,88.9908256880734,6.8807339449541285,82.11009174311926
E00178390,330,53,5,48,277,29,248,16.060606060606062,1.5151515151515151,14.545454545454545,83.93939393939394,8.787878787878787,75.15151515151514
E00178391,108,8,1,7,100,5,95,7.4074074074074066,0.9259259259259258,6.481481481481481,92.5925925925926,4.62962962962963,87.96296296296296
E00178392,300,27,11,16,273,26,247,9,3.6666666666666665,5.333333333333334,91,8.666666666666668,82.33333333333334
E00178393,328,36,8,28,292,29,263,10.975609756097562,2.4390243902439024,8.536585365853659,89.02439024390245,8.841463414634147,80.1829268292683
E00178394,376,57,21,36,319,28,291,15.159574468085108,5.585106382978723,9.574468085106384,84.8404255319149,7.446808510638298,77.3936170212766
E00178395,284,167,89,78,117,16,101,58.80281690140845,31.338028169014088,27.464788732394368,41.19718309859155,5.633802816901409,35.563380281690144
E00178396,256,53,25,28,203,13,190,20.703125,9.765625,10.9375,79.296875,5.078125,74.21875
E00178397,457,71,26,45,386,33,353,15.536105032822759,5.689277899343545,9.846827133479213,84.46389496717724,7.2210065645514225,77.24288840262582
E00178398,618,46,9,37,572,31,541,7.443365695792881,1.4563106796116505,5.9870550161812295,92.55663430420712,5.016181229773463,87.54045307443366
E00178399,368,35,16,19,333,17,316,9.510869565217392,4.3478260869565215,5.163043478260869,90.48913043478261,4.619565217391304,85.86956521739131
E00178400,614,34,6,28,580,23,557,5.537459283387622,0.9771986970684038,4.5602605863192185,94.46254071661238,3.7459283387622153,90.71661237785015
E00178401,195,14,6,8,181,8,173,7.179487179487179,3.076923076923077,4.102564102564102,92.82051282051282,4.102564102564102,88.71794871794872
E00178402,356,100,67,33,256,21,235,28.08988764044944,18.820224719101123,9.269662921348315,71.91011235955057,5.8988764044943816,66.01123595505618
E00178403,522,66,19,47,456,38,418,12.643678160919542,3.6398467432950192,9.003831417624522,87.356321839080465,7.2796934865900385,80.07662835249042
E00178404,303,36,9,27,267,16,251,11.881188118811881,2.9702970297029703,8.91089108910891,88.11881188118812,5.2805280528052805,82.83828382838284
E00178405,218,13,1,12,205,7,198,5.963302752293578,0.45871559633027525,5.5045871559633035,94.03669724770643,3.211009174311927,90.82568807339449
E00178406,302,38,13,25,264,23,241,12.582781456953644,4.304635761589404,8.27814569536424,87.41721854304636,7.6158940397351,79.80132450331125
E00178407,556,63,20,43,493,43,450,11.33093525179856,3.5971223021582732,7.7338129496402885,88.66906474820144,7.7338129496402885,80.93525179856115
E00178408,318,31,11,20,287,18,269,9.748427672955975,3.459119496855346,6.289308176100629,90.25157232704403,5.660377358490567,84.59119496855347
E00178409,374,25,7,18,349,14,335,6.684491978609626,1.8716577540106951,4.81283422459893,93.31550802139037,3.7433155080213902,89.57219251336899
E00178410,146,22,4,18,124,13,111,15.068493150684931,2.73972602739726,12.32876712328767,84.93150684931507,8.904109589041095,76.02739726027397
E00178411,401,78,19,59,323,46,277,19.45137157107232,4.738154613466334,14.713216957605985,80.54862842892769,11.471321695760599,69.07730673316709
E00178412,359,53,21,32,306,31,275,14.763231197771587,5.8495821727019495,8.913649025069638,85.23676880222841,8.635097493036211,76.6016713091922
E00178413,401,21,5,16,380,19,361,5.236907730673317,1.2468827930174564,3.99002493765586,94.76309226932669,4.738154613466334,90.02493765586036
E00178414,99,10,3,7,89,6,83,10.1010101010101,3.0303030303030303,7.07070707070707,89.8989898989899,6.0606060606060606,83.83838383838383
E00178415,207,22,7,15,185,11,174,10.628019323671497,3.3816425120772946,7.246376811594203,89.3719806763285,5.314009661835748,84.05797101449275
E00178416,114,14,3,11,100,7,93,12.280701754385964,2.631578947368421,9.649122807017543,87.71929824561403,6.140350877192982,81.57894736842105
E00178417,418,62,22,40,356,33,323,14.832535885167463,5.263157894736842,9.569377990430622,85.16746411483254,7.894736842105263,77.27272727272727
E00178418,242,11,5,6,231,7,224,4.545454545454546,2.066115702479339,2.479338842975207,95.45454545454545,2.8925619834710745,92.56198347107438
E00178419,627,117,50,67,510,42,468,18.660287081339714,7.974481658692185,10.685805422647528,81.3397129186603,6.698564593301436,74.64114832535886
E00178420,142,13,7,6,129,11,118,9.15492957746479,4.929577464788732,4.225352112676056,90.84507042253522,7.746478873239436,83.09859154929578
E00178421,220,21,9,12,199,10,189,9.545454545454547,4.090909090909091,5.454545454545454,90.45454545454545,4.545454545454546,85.9090909090909
E00178422,304,29,12,17,275,23,252,9.539473684210527,3.9473684210526314,5.592105263157895,90.46052631578947,7.565789473684211,82.89473684210526
E00178423,428,49,19,30,379,18,361,11.448598130841122,4.439252336448598,7.009345794392523,88.55140186915888,4.205607476635514,84.34579439252336
E00178424,517,48,17,31,469,30,439,9.284332688588009,3.2882011605415857,5.996131528046422,90.71566731141199,5.802707930367505,84.91295938104449
E00178425,206,23,5,18,183,14,169,11.165048543689322,2.4271844660194173,8.737864077669903,88.83495145631069,6.796116504854369,82.03883495145631
E00178426,394,24,5,19,370,25,345,6.091370558375635,1.2690355329949239,4.822335025380711,93.90862944162437,6.345177664974619,87.56345177664974
E00178427,580,59,20,39,521,31,490,10.172413793103448,3.4482758620689653,6.724137931034482,89.82758620689654,5.344827586206897,84.48275862068965
E00178428,242,21,7,14,221,18,203,8.677685950413224,2.8925619834710745,5.785123966942149,91.32231404958677,7.43801652892562,83.88429752066115
E00178429,307,149,71,78,158,19,139,48.534201954397396,23.12703583061889,25.407166123778502,51.465798045602604,6.188925081433225,45.27687296416938
E00178430,402,37,14,23,365,18,347,9.203980099502488,3.482587064676617,5.721393034825871,90.79601990049751,4.477611940298507,86.31840796019901
E00178431,409,52,21,31,357,19,338,12.71393643031785,5.134474327628362,7.579462102689487,87.28606356968214,4.645476772616137,82.64058679706602
E00178432,589,66,22,44,523,46,477,11.205432937181664,3.7351443123938877,7.470288624787775,88.794567062818345,7.809847198641766,80.98471986417657
E00178433,624,52,18,34,572,38,534,8.333333333333332,2.8846153846153846,5.448717948717949,91.66666666666666,6.089743589743589,85.57692307692307
E00178434,153,21,9,12,132,8,124,13.725490196078432,5.88235294117647,7.8431372549019605,86.27450980392157,5.228758169934641,81.04575163398692
E00178435,125,9,4,5,116,4,112,7.199999999999999,3.2,4,92.80000000000001,3.2,89.60000000000001
E00178436,202,40,18,22,162,8,154,19.801980198019802,8.91089108910891,10.891089108910892,80.19801980198021,3.9603960396039604,76.23762376237624
E00178437,276,35,12,23,241,18,223,12.681159420289855,4.3478260869565215,8.333333333333332,87.31884057971014,6.521739130434782,80.79710144927536
E00178438,259,34,15,19,225,14,211,13.127413127413126,5.7915057915057915,7.335907335907336,86.87258687258688,5.405405405405405,81.46718146718148
E00178439,292,49,17,32,243,16,227,16.78082191780822,5.821917808219178,10.95890410958904,83.21917808219177,5.47945205479452,77.73972602739725
E00178440,303,19,4,15,284,13,271,6.270627062706271,1.3201320132013201,4.9504950495049505,93.72937293729373,4.29042904290429,89.43894389438944
E00178441,793,52,13,39,741,23,718,6.557377049180328,1.639344262295082,4.918032786885246,93.44262295081968,2.900378310214376,90.54224464060529
E00178442,470,62,20,42,408,24,384,13.191489361702127,4.25531914893617,8.936170212765958,86.80851063829788,5.106382978723404,81.70212765957446
E00178443,309,30,11,19,279,17,262,9.70873786407767,3.559870550161812,6.148867313915858,90.29126213592234,5.501618122977346,84.78964401294499
E00178444,383,57,20,37,326,24,302,14.882506527415144,5.221932114882506,9.660574412532636,85.11749347258485,6.266318537859007,78.85117493472585
E00178445,317,23,6,17,294,28,266,7.255520504731862,1.8927444794952681,5.3627760252365935,92.74447949526814,8.832807570977918,83.91167192429022
E00178446,165,11,1,10,154,15,139,6.666666666666667,0.6060606060606061,6.0606060606060606,93.33333333333333,9.090909090909092,84.24242424242424
E00178447,108,12,2,10,96,13,83,11.11111111111111,1.8518518518518516,9.25925925925926,88.88888888888889,12.037037037037036,76.85185185185185
E00178448,542,89,36,53,453,24,429,16.420664206642066,6.642066420664207,9.778597785977858,83.57933579335793,4.428044280442804,79.15129151291514
E00178449,112,11,4,7,101,9,92,9.821428571428571,3.571428571428571,6.25,90.17857142857143,8.035714285714286,82.14285714285714
E00178450,375,104,84,20,271,33,238,27.73333333333333,22.400000000000002,5.333333333333334,72.26666666666667,8.799999999999999,63.46666666666667
E00178451,118,13,3,10,105,7,98,11.016949152542372,2.5423728813559325,8.47457627118644,88.98305084745762,5.932203389830509,83.05084745762711
E00178452,162,16,0,16,146,16,130,9.876543209876543,0,9.876543209876543,90.12345679012346,9.876543209876543,80.24691358024691
E00178453,248,23,5,18,225,19,206,9.274193548387096,2.0161290322580645,7.258064516129033,90.7258064516129,7.661290322580645,83.06451612903226
E00178454,460,22,10,12,438,22,416,4.782608695652174,2.1739130434782608,2.608695652173913,95.21739130434783,4.782608695652174,90.43478260869566
E00178455,252,32,9,23,220,19,201,12.698412698412698,3.571428571428571,9.126984126984127,87.3015873015873,7.5396825396825395,79.76190476190477
E00178456,123,22,12,10,101,10,91,17.88617886178862,9.75609756097561,8.130081300813007,82.11382113821138,8.130081300813007,73.98373983739837
E00178457,334,34,10,24,300,21,279,10.179640718562874,2.9940119760479043,7.18562874251497,89.82035928143712,6.287425149700598,83.53293413173652
E00178458,205,33,12,21,172,14,158,16.097560975609756,5.853658536585367,10.24390243902439,83.90243902439025,6.829268292682928,77.07317073170732
E00178459,270,41,16,25,229,22,207,15.185185185185185,5.9259259259259265,9.25925925925926,84.81481481481481,8.148148148148149,76.66666666666667
