OA,ts0590001,ts0590002,ts0590003,ts0590004,ts0590005,ts0590006,ts0590007,ts0590002_PCT,ts0590003_PCT,ts0590004_PCT,ts0590005_PCT,ts0590006_PCT,ts0590007_PCT
E00000576,160,51,14,37,109,92,17,31.874999999999996,8.75,23.125,68.125,57.49999999999999,10.625
E00000577,106,34,12,22,72,55,17,32.075471698113205,11.320754716981133,20.754716981132077,67.9245283018868,51.886792452830186,16.037735849056602
E00000578,193,49,16,33,144,112,32,25.38860103626943,8.290155440414509,17.098445595854923,74.61139896373057,58.03108808290155,16.580310880829018
E00000579,253,73,30,43,180,158,22,28.85375494071146,11.857707509881422,16.99604743083004,71.14624505928853,62.450592885375485,8.695652173913043
E00000580,167,47,18,29,120,100,20,28.143712574850298,10.778443113772456,17.365269461077844,71.8562874251497,59.88023952095808,11.976047904191617
E00000581,196,62,18,44,134,115,19,31.63265306122449,9.183673469387756,22.448979591836736,68.36734693877551,58.673469387755105,9.693877551020408
E00000583,225,67,23,44,158,134,24,29.777777777777775,10.222222222222223,19.555555555555557,70.22222222222221,59.55555555555555,10.666666666666668
E00000584,174,51,21,30,123,110,13,29.310344827586203,12.068965517241379,17.24137931034483,70.6896551724138,63.2183908045977,7.471264367816093
E00000585,177,52,18,34,125,101,24,29.37853107344633,10.16949152542373,19.2090395480226,70.62146892655367,57.06214689265536,13.559322033898304
E00000586,158,57,18,39,101,80,21,36.075949367088604,11.39240506329114,24.68354430379747,63.92405063291139,50.63291139240506,13.291139240506327
E00000587,164,57,23,34,107,90,17,34.756097560975604,14.02439024390244,20.73170731707317,65.2439024390244,54.87804878048781,10.365853658536585
E00000588,184,54,23,31,130,105,25,29.347826086956523,12.5,16.847826086956523,70.65217391304348,57.065217391304344,13.586956521739129
E00000589,155,53,17,36,102,80,22,34.193548387096776,10.967741935483872,23.225806451612904,65.80645161290323,51.61290322580645,14.193548387096774
E00000590,174,51,16,35,123,103,20,29.310344827586203,9.195402298850574,20.114942528735632,70.6896551724138,59.195402298850574,11.494252873563218
E00000591,172,61,24,37,111,93,18,35.46511627906977,13.953488372093023,21.511627906976745,64.53488372093024,54.06976744186046,10.465116279069768
E00000592,143,50,27,23,93,81,12,34.96503496503497,18.88111888111888,16.083916083916083,65.03496503496503,56.64335664335665,8.391608391608392
E00000593,170,53,14,39,117,96,21,31.176470588235293,8.235294117647058,22.941176470588236,68.82352941176471,56.470588235294116,12.352941176470589
E00000594,155,48,17,31,107,83,24,30.967741935483872,10.967741935483872,20,69.03225806451613,53.5483870967742,15.483870967741936
E00000595,153,64,17,47,89,78,11,41.830065359477125,11.11111111111111,30.718954248366014,58.16993464052288,50.98039215686274,7.18954248366013
E00000596,164,64,27,37,100,85,15,39.02439024390244,16.463414634146343,22.5609756097561,60.97560975609756,51.829268292682926,9.146341463414634
E00000597,178,63,22,41,115,104,11,35.39325842696629,12.359550561797752,23.03370786516854,64.60674157303372,58.42696629213483,6.179775280898876
E00000598,209,58,28,30,151,128,23,27.751196172248804,13.397129186602871,14.354066985645932,72.24880382775119,61.24401913875598,11.004784688995215
E00000599,156,62,31,31,94,72,22,39.743589743589745,19.871794871794872,19.871794871794872,60.256410256410255,46.15384615384615,14.102564102564102
E00000600,185,61,21,40,124,101,23,32.972972972972975,11.351351351351353,21.62162162162162,67.02702702702703,54.59459459459459,12.432432432432433
E00000601,198,73,20,53,125,98,27,36.868686868686865,10.1010101010101,26.767676767676768,63.13131313131313,49.494949494949495,13.636363636363635
E00000602,187,52,27,25,135,118,17,27.807486631016044,14.43850267379679,13.368983957219251,72.19251336898395,63.101604278074866,9.090909090909092
E00000603,166,50,16,34,116,98,18,30.120481927710845,9.63855421686747,20.481927710843372,69.87951807228916,59.036144578313255,10.843373493975903
E00000604,230,77,12,65,153,143,10,33.47826086956522,5.217391304347826,28.26086956521739,66.52173913043478,62.17391304347826,4.3478260869565215
E00000605,207,59,24,35,148,121,27,28.502415458937197,11.594202898550725,16.908212560386474,71.49758454106279,58.454106280193244,13.043478260869565
E00000606,148,58,23,35,90,74,16,39.189189189189186,15.54054054054054,23.64864864864865,60.810810810810814,50,10.81081081081081
E00000607,199,61,21,40,138,115,23,30.65326633165829,10.552763819095476,20.100502512562816,69.34673366834171,57.78894472361809,11.557788944723619
E00000608,173,56,20,36,117,100,17,32.369942196531795,11.560693641618498,20.809248554913296,67.63005780346822,57.80346820809249,9.826589595375722
E00000609,244,88,37,51,156,134,22,36.0655737704918,15.163934426229508,20.901639344262296,63.934426229508205,54.91803278688525,9.01639344262295
E00000610,146,59,24,35,87,73,14,40.41095890410959,16.43835616438356,23.972602739726025,59.589041095890416,50,9.58904109589041
E00000611,163,52,19,33,111,89,22,31.901840490797547,11.65644171779141,20.245398773006134,68.09815950920245,54.601226993865026,13.496932515337424
E00000612,174,55,16,39,119,103,16,31.60919540229885,9.195402298850574,22.413793103448278,68.39080459770115,59.195402298850574,9.195402298850574
E00000613,203,57,27,30,146,112,34,28.078817733990146,13.30049261083744,14.77832512315271,71.92118226600985,55.172413793103445,16.748768472906402
E00000614,164,49,20,29,115,94,21,29.878048780487802,12.195121951219512,17.682926829268293,70.1219512195122,57.3170731707317,12.804878048780488
E00000615,147,46,23,23,101,82,19,31.292517006802722,15.646258503401361,15.646258503401361,68.70748299319727,55.78231292517006,12.925170068027212
E00000616,189,63,18,45,126,105,21,33.33333333333333,9.523809523809524,23.809523809523807,66.66666666666666,55.55555555555556,11.11111111111111
E00000617,160,42,18,24,118,96,22,26.25,11.25,15,73.75,60,13.750000000000002
E00000618,128,39,12,27,89,74,15,30.46875,9.375,21.09375,69.53125,57.8125,11.71875
E00000619,181,53,16,37,128,96,32,29.2817679558011,8.83977900552486,20.441988950276244,70.71823204419888,53.03867403314917,17.67955801104972
E00000620,189,63,26,37,126,101,25,33.33333333333333,13.756613756613756,19.576719576719576,66.66666666666666,53.43915343915344,13.227513227513226
E00000622,99,39,23,16,60,45,15,39.39393939393939,23.232323232323232,16.161616161616163,60.60606060606061,45.45454545454545,15.151515151515152
E00000624,147,49,19,30,98,86,12,33.33333333333333,12.925170068027212,20.408163265306122,66.66666666666666,58.50340136054422,8.16326530612245
E00000625,204,63,22,41,141,117,24,30.88235294117647,10.784313725490197,20.098039215686274,69.11764705882352,57.35294117647059,11.76470588235294
E00000626,128,47,21,26,81,58,23,36.71875,16.40625,20.3125,63.28125,45.3125,17.96875
E00000627,155,67,32,35,88,80,8,43.225806451612904,20.64516129032258,22.58064516129032,56.774193548387096,51.61290322580645,5.161290322580645
E00000628,208,70,32,38,138,123,15,33.65384615384615,15.384615384615385,18.269230769230766,66.34615384615384,59.13461538461539,7.211538461538461
E00000629,203,62,27,35,141,121,20,30.541871921182267,13.30049261083744,17.24137931034483,69.45812807881774,59.60591133004927,9.852216748768473
E00000630,155,35,14,21,120,105,15,22.58064516129032,9.032258064516128,13.548387096774196,77.41935483870968,67.74193548387096,9.67741935483871
E00000631,181,52,17,35,129,115,14,28.7292817679558,9.392265193370166,19.337016574585636,71.27071823204419,63.53591160220995,7.734806629834254
E00000632,131,60,17,43,71,62,9,45.80152671755725,12.977099236641221,32.82442748091603,54.19847328244275,47.32824427480916,6.870229007633588
E00000633,182,63,20,43,119,110,9,34.61538461538461,10.989010989010989,23.626373626373624,65.38461538461539,60.43956043956044,4.945054945054945
E00000634,190,64,25,39,126,108,18,33.68421052631579,13.157894736842104,20.526315789473685,66.3157894736842,56.84210526315789,9.473684210526317
E00000635,149,53,14,39,96,81,15,35.57046979865772,9.395973154362416,26.174496644295303,64.42953020134227,54.36241610738255,10.06711409395973
E00000636,194,67,29,38,127,108,19,34.5360824742268,14.948453608247423,19.587628865979383,65.4639175257732,55.670103092783506,9.793814432989691
E00000637,180,53,12,41,127,109,18,29.444444444444446,6.666666666666667,22.77777777777778,70.55555555555556,60.55555555555555,10
E00000638,166,57,20,37,109,97,12,34.33734939759036,12.048192771084338,22.289156626506024,65.66265060240963,58.43373493975904,7.228915662650602
E00000640,177,56,18,38,121,103,18,31.63841807909605,10.16949152542373,21.468926553672315,68.36158192090396,58.19209039548022,10.16949152542373
E00000641,140,50,22,28,90,78,12,35.714285714285715,15.714285714285714,20,64.28571428571429,55.714285714285715,8.571428571428571
E00000642,156,52,19,33,104,90,14,33.33333333333333,12.179487179487179,21.153846153846153,66.66666666666666,57.692307692307686,8.974358974358974
E00000643,142,48,17,31,94,87,7,33.80281690140845,11.971830985915492,21.830985915492956,66.19718309859155,61.267605633802816,4.929577464788732
E00000644,137,43,12,31,94,80,14,31.386861313868614,8.75912408759124,22.62773722627737,68.61313868613139,58.3941605839416,10.218978102189782
E00000645,137,47,16,31,90,77,13,34.306569343065696,11.678832116788321,22.62773722627737,65.69343065693431,56.20437956204379,9.48905109489051
E00000646,161,61,29,32,100,84,16,37.88819875776397,18.012422360248447,19.875776397515526,62.11180124223602,52.17391304347826,9.937888198757763
E00000647,187,65,17,48,122,104,18,34.75935828877005,9.090909090909092,25.668449197860966,65.24064171122996,55.61497326203209,9.62566844919786
E00000648,158,61,21,40,97,83,14,38.607594936708864,13.291139240506327,25.31645569620253,61.39240506329114,52.53164556962025,8.860759493670885
E00000649,147,48,22,26,99,87,12,32.6530612244898,14.965986394557824,17.687074829931973,67.3469387755102,59.183673469387756,8.16326530612245
E00000650,185,67,18,49,118,102,16,36.21621621621622,9.72972972972973,26.486486486486488,63.78378378378379,55.13513513513514,8.64864864864865
E00000651,230,76,22,54,154,138,16,33.04347826086956,9.565217391304348,23.47826086956522,66.95652173913044,60,6.956521739130435
E00000652,110,41,13,28,69,57,12,37.27272727272727,11.818181818181818,25.454545454545453,62.727272727272734,51.81818181818182,10.909090909090908
E00000653,184,68,26,42,116,98,18,36.95652173913043,14.130434782608695,22.82608695652174,63.04347826086957,53.2608695652174,9.782608695652174
E00000654,170,64,23,41,106,89,17,37.64705882352941,13.529411764705882,24.11764705882353,62.35294117647059,52.352941176470594,10
E00000655,204,66,37,29,138,94,44,32.35294117647059,18.137254901960784,14.215686274509803,67.64705882352942,46.07843137254902,21.568627450980394
E00000656,164,56,26,30,108,90,18,34.146341463414636,15.853658536585366,18.29268292682927,65.85365853658537,54.87804878048781,10.975609756097562
E00000657,179,73,24,49,106,95,11,40.78212290502793,13.40782122905028,27.37430167597765,59.217877094972074,53.072625698324025,6.145251396648044
E00000658,253,97,34,63,156,134,22,38.3399209486166,13.438735177865613,24.90118577075099,61.6600790513834,52.96442687747036,8.695652173913043
E00000659,117,33,14,19,84,74,10,28.205128205128204,11.965811965811966,16.23931623931624,71.7948717948718,63.24786324786324,8.547008547008547
E00000660,171,53,22,31,118,101,17,30.994152046783626,12.865497076023392,18.128654970760234,69.00584795321637,59.06432748538012,9.941520467836257
E00000661,214,65,20,45,149,117,32,30.373831775700932,9.345794392523365,21.02803738317757,69.62616822429906,54.67289719626168,14.953271028037381
E00000662,153,47,10,37,106,91,15,30.718954248366014,6.535947712418301,24.183006535947712,69.28104575163398,59.47712418300654,9.803921568627452
E00000663,91,19,4,15,72,62,10,20.87912087912088,4.395604395604396,16.483516483516482,79.12087912087912,68.13186813186813,10.989010989010989
E00000664,120,50,15,35,70,61,9,41.66666666666667,12.5,29.166666666666668,58.333333333333336,50.83333333333333,7.5
E00000666,157,59,22,37,98,70,28,37.57961783439491,14.012738853503185,23.56687898089172,62.42038216560509,44.5859872611465,17.8343949044586
E00000667,172,62,24,38,110,94,16,36.04651162790697,13.953488372093023,22.093023255813954,63.95348837209303,54.65116279069767,9.30232558139535
E00000668,122,51,22,29,71,62,9,41.80327868852459,18.0327868852459,23.770491803278688,58.19672131147541,50.81967213114754,7.377049180327869
E00000669,188,54,25,29,134,100,34,28.723404255319153,13.297872340425531,15.425531914893616,71.27659574468085,53.191489361702125,18.085106382978726
E00000670,192,78,34,44,114,87,27,40.625,17.708333333333336,22.916666666666664,59.375,45.3125,14.0625
E00000671,159,30,10,20,129,92,37,18.867924528301888,6.289308176100629,12.578616352201259,81.13207547169812,57.861635220125784,23.270440251572328
E00000672,194,56,24,32,138,109,29,28.865979381443296,12.371134020618557,16.49484536082474,71.1340206185567,56.18556701030928,14.948453608247423
E00000674,177,57,23,34,120,76,44,32.20338983050847,12.994350282485875,19.2090395480226,67.79661016949152,42.93785310734463,24.858757062146893
E00000675,161,38,22,16,123,102,21,23.60248447204969,13.664596273291925,9.937888198757763,76.3975155279503,63.35403726708074,13.043478260869565
E00000676,206,51,22,29,155,128,27,24.75728155339806,10.679611650485436,14.077669902912621,75.24271844660194,62.13592233009708,13.106796116504855
E00000677,123,44,22,22,79,64,15,35.77235772357724,17.88617886178862,17.88617886178862,64.22764227642277,52.03252032520326,12.195121951219512
E00000678,135,52,18,34,83,72,11,38.51851851851852,13.333333333333334,25.185185185185183,61.48148148148148,53.333333333333336,8.148148148148149
E00000679,174,57,25,32,117,105,12,32.758620689655174,14.367816091954023,18.39080459770115,67.24137931034483,60.3448275862069,6.896551724137931
E00000681,152,55,21,34,97,79,18,36.18421052631579,13.815789473684212,22.36842105263158,63.81578947368421,51.973684210526315,11.842105263157894
E00000682,143,63,14,49,80,60,20,44.05594405594406,9.79020979020979,34.26573426573427,55.94405594405595,41.95804195804196,13.986013986013987
E00000683,125,46,14,32,79,73,6,36.8,11.200000000000001,25.6,63.2,58.4,4.8
E00000684,141,57,25,32,84,72,12,40.42553191489361,17.73049645390071,22.69503546099291,59.57446808510638,51.06382978723404,8.51063829787234
E00000685,224,82,26,56,142,122,20,36.607142857142854,11.607142857142858,25,63.39285714285714,54.46428571428571,8.928571428571429
E00000686,169,45,20,25,124,103,21,26.627218934911244,11.834319526627219,14.792899408284024,73.37278106508876,60.946745562130175,12.42603550295858
E00000687,159,49,23,26,110,82,28,30.81761006289308,14.465408805031446,16.352201257861633,69.18238993710692,51.57232704402516,17.61006289308176
E00000688,155,64,27,37,91,82,9,41.29032258064516,17.419354838709676,23.870967741935484,58.70967741935483,52.903225806451616,5.806451612903226
E00000689,188,64,31,33,124,111,13,34.04255319148936,16.48936170212766,17.5531914893617,65.95744680851064,59.04255319148937,6.914893617021277
E00000690,158,61,25,36,97,74,23,38.607594936708864,15.822784810126583,22.78481012658228,61.39240506329114,46.835443037974684,14.556962025316455
E00000691,167,58,23,35,109,86,23,34.73053892215569,13.77245508982036,20.958083832335326,65.26946107784431,51.49700598802395,13.77245508982036
E00000692,154,61,31,30,93,72,21,39.61038961038961,20.12987012987013,19.480519480519483,60.3896103896104,46.75324675324675,13.636363636363635
E00000693,147,53,31,22,94,71,23,36.054421768707485,21.08843537414966,14.965986394557824,63.94557823129252,48.29931972789115,15.646258503401361
E00000694,188,45,19,26,143,98,45,23.93617021276596,10.106382978723403,13.829787234042554,76.06382978723404,52.12765957446809,23.93617021276596
E00000695,156,61,27,34,95,68,27,39.1025641025641,17.307692307692307,21.794871794871796,60.89743589743589,43.58974358974359,17.307692307692307
E00000697,167,62,28,34,105,71,34,37.12574850299401,16.766467065868262,20.359281437125748,62.874251497005986,42.51497005988024,20.359281437125748
E00000698,275,79,38,41,196,157,39,28.72727272727273,13.818181818181818,14.909090909090908,71.27272727272728,57.09090909090909,14.181818181818182
E00000699,197,62,29,33,135,106,29,31.472081218274113,14.720812182741117,16.751269035532996,68.52791878172589,53.80710659898477,14.720812182741117
E00000700,165,43,23,20,122,89,33,26.060606060606062,13.939393939393941,12.121212121212121,73.93939393939394,53.939393939393945,20
E00000701,146,39,21,18,107,77,30,26.71232876712329,14.383561643835616,12.32876712328767,73.28767123287672,52.73972602739726,20.54794520547945
E00000702,248,60,25,35,188,145,43,24.193548387096776,10.080645161290322,14.112903225806454,75.80645161290323,58.46774193548387,17.338709677419356
E00000703,138,56,29,27,82,50,32,40.57971014492754,21.014492753623188,19.565217391304348,59.42028985507246,36.231884057971016,23.18840579710145
E00000704,146,53,27,26,93,64,29,36.3013698630137,18.493150684931507,17.80821917808219,63.6986301369863,43.83561643835616,19.863013698630137
E00000705,167,52,27,25,115,71,44,31.137724550898206,16.16766467065868,14.97005988023952,68.8622754491018,42.51497005988024,26.34730538922156
E00000706,153,40,15,25,113,71,42,26.143790849673206,9.803921568627452,16.33986928104575,73.8562091503268,46.40522875816993,27.450980392156865
E00000707,194,56,24,32,138,89,49,28.865979381443296,12.371134020618557,16.49484536082474,71.1340206185567,45.876288659793815,25.257731958762886
E00000708,186,53,25,28,133,99,34,28.49462365591398,13.440860215053762,15.053763440860216,71.50537634408603,53.2258064516129,18.27956989247312
E00000709,141,45,14,31,96,85,11,31.914893617021278,9.929078014184398,21.98581560283688,68.08510638297872,60.28368794326241,7.801418439716312
E00000710,221,86,28,58,135,113,22,38.91402714932127,12.669683257918551,26.244343891402718,61.085972850678736,51.13122171945701,9.95475113122172
E00000711,253,77,30,47,176,123,53,30.434782608695656,11.857707509881422,18.57707509881423,69.56521739130434,48.616600790513836,20.948616600790515
E00000712,181,65,30,35,116,96,20,35.91160220994475,16.574585635359114,19.337016574585636,64.08839779005525,53.03867403314917,11.049723756906078
E00000713,155,52,25,27,103,72,31,33.5483870967742,16.129032258064516,17.419354838709676,66.45161290322581,46.45161290322581,20
E00000714,153,68,27,41,85,61,24,44.44444444444444,17.647058823529413,26.797385620915033,55.55555555555556,39.869281045751634,15.686274509803921
E00000715,188,69,30,39,119,96,23,36.702127659574465,15.957446808510639,20.74468085106383,63.297872340425535,51.06382978723404,12.23404255319149
E00000716,244,64,23,41,180,141,39,26.229508196721312,9.426229508196721,16.80327868852459,73.77049180327869,57.786885245901644,15.983606557377051
E00000717,121,54,21,33,67,63,4,44.62809917355372,17.355371900826448,27.27272727272727,55.371900826446286,52.066115702479344,3.3057851239669422
E00000718,135,48,11,37,87,76,11,35.55555555555556,8.148148148148149,27.40740740740741,64.44444444444444,56.2962962962963,8.148148148148149
E00000719,136,45,19,26,91,77,14,33.088235294117645,13.970588235294118,19.11764705882353,66.91176470588235,56.61764705882353,10.294117647058822
E00000720,168,56,25,31,112,103,9,33.33333333333333,14.880952380952381,18.452380952380953,66.66666666666666,61.30952380952381,5.357142857142857
E00000721,233,94,32,62,139,106,33,40.343347639484975,13.733905579399142,26.609442060085836,59.65665236051502,45.493562231759654,14.163090128755366
E00000722,146,35,19,16,111,66,45,23.972602739726025,13.013698630136986,10.95890410958904,76.02739726027397,45.20547945205479,30.82191780821918
E00000723,144,57,27,30,87,74,13,39.58333333333333,18.75,20.833333333333336,60.416666666666664,51.388888888888886,9.027777777777777
E00000724,116,36,13,23,80,70,10,31.03448275862069,11.206896551724139,19.82758620689655,68.96551724137932,60.3448275862069,8.620689655172415
E00000725,170,46,14,32,124,111,13,27.058823529411764,8.235294117647058,18.823529411764707,72.94117647058823,65.29411764705883,7.647058823529412
E00000726,232,67,28,39,165,137,28,28.879310344827587,12.068965517241379,16.810344827586206,71.12068965517241,59.05172413793104,12.068965517241379
E00000727,198,72,31,41,126,108,18,36.36363636363637,15.656565656565657,20.707070707070706,63.63636363636363,54.54545454545454,9.090909090909092
E00000728,279,65,29,36,214,175,39,23.297491039426525,10.39426523297491,12.903225806451612,76.70250896057348,62.72401433691756,13.978494623655912
E00000730,257,74,26,48,183,148,35,28.793774319066145,10.116731517509727,18.67704280155642,71.20622568093385,57.58754863813229,13.618677042801556
E00000732,224,66,32,34,158,133,25,29.464285714285715,14.285714285714285,15.178571428571427,70.53571428571429,59.375,11.160714285714286
E00000737,121,59,26,33,62,56,6,48.760330578512395,21.487603305785125,27.27272727272727,51.2396694214876,46.28099173553719,4.958677685950414
E00000738,114,45,16,29,69,62,7,39.473684210526315,14.035087719298245,25.438596491228072,60.526315789473685,54.385964912280706,6.140350877192982
E00000739,176,85,45,40,91,78,13,48.29545454545455,25.568181818181817,22.727272727272727,51.70454545454546,44.31818181818182,7.386363636363637
E00000740,102,40,21,19,62,58,4,39.21568627450981,20.588235294117645,18.627450980392158,60.78431372549019,56.86274509803921,3.9215686274509802
E00000742,126,56,22,34,70,66,4,44.44444444444444,17.46031746031746,26.984126984126984,55.55555555555556,52.38095238095239,3.1746031746031744
E00000743,100,38,11,27,62,57,5,38,11,27,62,56.99999999999999,5
E00000745,103,52,19,33,51,49,2,50.48543689320388,18.446601941747574,32.038834951456316,49.51456310679612,47.57281553398058,1.9417475728155338
E00000746,102,37,13,24,65,56,9,36.27450980392157,12.745098039215685,23.52941176470588,63.725490196078425,54.90196078431373,8.823529411764707
E00000747,76,40,15,25,36,31,5,52.63157894736842,19.736842105263158,32.89473684210527,47.368421052631575,40.78947368421053,6.578947368421052
E00000748,234,86,30,56,148,127,21,36.75213675213676,12.82051282051282,23.931623931623932,63.24786324786324,54.27350427350427,8.974358974358974
E00000749,80,35,9,26,45,29,16,43.75,11.25,32.5,56.25,36.25,20
E00000750,94,39,12,27,55,51,4,41.48936170212766,12.76595744680851,28.723404255319153,58.51063829787234,54.25531914893617,4.25531914893617
E00000751,185,73,31,42,112,93,19,39.45945945945946,16.756756756756758,22.702702702702705,60.54054054054055,50.27027027027027,10.27027027027027
E00000752,156,47,20,27,109,92,17,30.128205128205128,12.82051282051282,17.307692307692307,69.87179487179486,58.97435897435898,10.897435897435898
E00000754,189,47,21,26,142,113,29,24.867724867724867,11.11111111111111,13.756613756613756,75.13227513227513,59.78835978835979,15.343915343915343
E00000755,144,39,17,22,105,93,12,27.083333333333332,11.805555555555555,15.277777777777779,72.91666666666666,64.58333333333334,8.333333333333332
E00000756,133,46,19,27,87,76,11,34.58646616541353,14.285714285714285,20.30075187969925,65.41353383458647,57.14285714285714,8.270676691729323
E00000757,147,33,17,16,114,99,15,22.448979591836736,11.564625850340136,10.884353741496598,77.55102040816327,67.3469387755102,10.204081632653061
E00000758,130,48,17,31,82,70,12,36.92307692307693,13.076923076923078,23.846153846153847,63.07692307692307,53.84615384615385,9.230769230769232
E00000761,162,45,16,29,117,108,9,27.77777777777778,9.876543209876543,17.901234567901234,72.22222222222221,66.66666666666666,5.555555555555555
E00000763,121,50,16,34,71,64,7,41.32231404958678,13.223140495867769,28.09917355371901,58.67768595041323,52.892561983471076,5.785123966942149
E00000767,158,66,22,44,92,86,6,41.77215189873418,13.924050632911392,27.848101265822784,58.22784810126582,54.43037974683544,3.79746835443038
E00000768,158,50,21,29,108,82,26,31.645569620253166,13.291139240506327,18.354430379746837,68.35443037974683,51.89873417721519,16.455696202531644
E00000769,348,92,41,51,256,180,76,26.436781609195403,11.781609195402298,14.655172413793101,73.5632183908046,51.724137931034484,21.839080459770116
E00000770,215,76,30,46,139,112,27,35.348837209302324,13.953488372093023,21.3953488372093,64.65116279069767,52.093023255813954,12.558139534883722
E00000771,249,77,31,46,172,125,47,30.923694779116467,12.449799196787147,18.473895582329316,69.07630522088354,50.20080321285141,18.87550200803213
E00000772,124,53,17,36,71,63,8,42.74193548387097,13.709677419354838,29.03225806451613,57.25806451612904,50.806451612903224,6.451612903225806
E00000773,134,49,21,28,85,77,8,36.56716417910448,15.671641791044777,20.8955223880597,63.43283582089553,57.46268656716418,5.970149253731343
E00000774,149,48,16,32,101,91,10,32.21476510067114,10.738255033557047,21.476510067114095,67.78523489932886,61.07382550335571,6.7114093959731544
E00000775,198,47,16,31,151,127,24,23.737373737373737,8.080808080808081,15.656565656565657,76.26262626262627,64.14141414141415,12.121212121212121
E00000776,190,57,16,41,133,105,28,30,8.421052631578947,21.578947368421055,70,55.26315789473685,14.736842105263156
E00000777,152,50,17,33,102,82,20,32.89473684210527,11.18421052631579,21.710526315789476,67.10526315789474,53.94736842105263,13.157894736842104
E00000778,165,54,13,41,111,88,23,32.72727272727273,7.878787878787878,24.848484848484848,67.27272727272727,53.333333333333336,13.939393939393941
E00000779,189,67,29,38,122,94,28,35.44973544973545,15.343915343915343,20.105820105820104,64.55026455026454,49.735449735449734,14.814814814814813
E00000780,153,66,25,41,87,67,20,43.13725490196079,16.33986928104575,26.797385620915033,56.86274509803921,43.790849673202615,13.071895424836603
E00000781,169,66,24,42,103,88,15,39.053254437869825,14.201183431952662,24.85207100591716,60.946745562130175,52.071005917159766,8.875739644970414
E00000782,184,73,32,41,111,97,14,39.67391304347826,17.391304347826086,22.282608695652172,60.32608695652174,52.71739130434783,7.608695652173914
E00000783,133,38,15,23,95,76,19,28.57142857142857,11.278195488721805,17.293233082706767,71.42857142857143,57.14285714285714,14.285714285714285
E00000785,193,68,31,37,125,99,26,35.233160621761655,16.06217616580311,19.170984455958546,64.76683937823834,51.29533678756477,13.471502590673575
E00000786,212,59,26,33,153,131,22,27.830188679245282,12.264150943396226,15.566037735849056,72.16981132075472,61.79245283018868,10.377358490566039
E00000787,171,51,20,31,120,91,29,29.82456140350877,11.695906432748536,18.128654970760234,70.17543859649122,53.216374269005854,16.95906432748538
E00000788,130,52,19,33,78,67,11,40,14.615384615384617,25.384615384615383,60,51.53846153846153,8.461538461538462
E00000789,102,34,11,23,68,60,8,33.33333333333333,10.784313725490197,22.54901960784314,66.66666666666666,58.82352941176471,7.8431372549019605
E00000790,95,25,13,12,70,59,11,26.31578947368421,13.684210526315791,12.631578947368421,73.68421052631578,62.10526315789474,11.578947368421053
E00000791,122,49,19,30,73,63,10,40.16393442622951,15.573770491803279,24.59016393442623,59.83606557377049,51.63934426229508,8.19672131147541
E00000792,154,51,21,30,103,93,10,33.116883116883116,13.636363636363635,19.480519480519483,66.88311688311688,60.3896103896104,6.493506493506493
E00000793,164,46,18,28,118,88,30,28.04878048780488,10.975609756097562,17.073170731707318,71.95121951219512,53.65853658536586,18.29268292682927
E00000794,165,42,11,31,123,113,10,25.454545454545453,6.666666666666667,18.787878787878785,74.54545454545455,68.48484848484848,6.0606060606060606
E00000795,189,59,21,38,130,106,24,31.216931216931215,11.11111111111111,20.105820105820104,68.78306878306879,56.08465608465608,12.698412698412698
E00000796,153,55,20,35,98,91,7,35.947712418300654,13.071895424836603,22.875816993464053,64.05228758169935,59.47712418300654,4.57516339869281
E00000797,162,51,18,33,111,90,21,31.48148148148148,11.11111111111111,20.37037037037037,68.51851851851852,55.55555555555556,12.962962962962962
E00000798,168,63,25,38,105,91,14,37.5,14.880952380952381,22.61904761904762,62.5,54.166666666666664,8.333333333333332
E00000799,163,42,21,21,121,98,23,25.766871165644172,12.883435582822086,12.883435582822086,74.23312883435584,60.122699386503065,14.11042944785276
E00000800,185,62,18,44,123,96,27,33.513513513513516,9.72972972972973,23.783783783783786,66.48648648648648,51.891891891891895,14.594594594594595
E00000801,163,60,21,39,103,90,13,36.809815950920246,12.883435582822086,23.92638036809816,63.190184049079754,55.21472392638037,7.975460122699387
E00000802,139,51,14,37,88,74,14,36.69064748201439,10.071942446043165,26.618705035971225,63.30935251798561,53.23741007194245,10.071942446043165
E00000803,150,48,17,31,102,84,18,32,11.333333333333332,20.666666666666668,68,56.00000000000001,12
E00000804,231,64,31,33,167,125,42,27.705627705627705,13.41991341991342,14.285714285714285,72.2943722943723,54.112554112554115,18.181818181818183
E00000805,227,58,21,37,169,128,41,25.55066079295154,9.251101321585903,16.299559471365637,74.44933920704845,56.38766519823789,18.06167400881057
E00000806,183,57,27,30,126,91,35,31.147540983606557,14.754098360655737,16.39344262295082,68.85245901639344,49.72677595628415,19.12568306010929
E00000807,131,51,21,30,80,68,12,38.93129770992366,16.030534351145036,22.900763358778626,61.06870229007634,51.908396946564885,9.16030534351145
E00000808,161,46,22,24,115,101,14,28.57142857142857,13.664596273291925,14.906832298136646,71.42857142857143,62.732919254658384,8.695652173913043
E00000809,112,49,24,25,63,54,9,43.75,21.428571428571427,22.321428571428573,56.25,48.214285714285715,8.035714285714286
E00000810,146,43,23,20,103,83,20,29.45205479452055,15.753424657534246,13.698630136986301,70.54794520547945,56.849315068493155,13.698630136986301
E00000811,181,54,24,30,127,96,31,29.83425414364641,13.259668508287293,16.574585635359114,70.1657458563536,53.03867403314917,17.12707182320442
E00000812,197,75,33,42,122,92,30,38.07106598984771,16.751269035532996,21.31979695431472,61.92893401015228,46.7005076142132,15.228426395939088
E00000813,203,72,23,49,131,111,20,35.467980295566505,11.330049261083744,24.137931034482758,64.5320197044335,54.679802955665025,9.852216748768473
E00000814,146,44,20,24,102,85,17,30.136986301369863,13.698630136986301,16.43835616438356,69.86301369863014,58.21917808219178,11.643835616438356
E00000815,143,41,10,31,102,89,13,28.671328671328673,6.993006993006993,21.678321678321677,71.32867132867133,62.23776223776224,9.090909090909092
E00000816,173,64,32,32,109,92,17,36.99421965317919,18.497109826589593,18.497109826589593,63.005780346820806,53.179190751445084,9.826589595375722
E00000817,215,82,39,43,133,109,24,38.139534883720934,18.13953488372093,20,61.86046511627907,50.697674418604656,11.162790697674419
E00000818,144,35,16,19,109,87,22,24.305555555555554,11.11111111111111,13.194444444444445,75.69444444444444,60.416666666666664,15.277777777777779
E00000819,138,47,16,31,91,77,14,34.05797101449276,11.594202898550725,22.463768115942027,65.94202898550725,55.79710144927537,10.144927536231885
E00000820,164,50,17,33,114,97,17,30.48780487804878,10.365853658536585,20.121951219512198,69.51219512195121,59.14634146341463,10.365853658536585
E00000821,115,29,13,16,86,70,16,25.217391304347824,11.304347826086957,13.91304347826087,74.78260869565217,60.86956521739131,13.91304347826087
E00000822,123,38,15,23,85,69,16,30.89430894308943,12.195121951219512,18.69918699186992,69.10569105691057,56.09756097560976,13.008130081300814
E00000823,178,60,22,38,118,99,19,33.70786516853933,12.359550561797752,21.34831460674157,66.29213483146067,55.61797752808989,10.674157303370785
E00000824,114,26,9,17,88,73,15,22.807017543859647,7.894736842105263,14.912280701754385,77.19298245614034,64.03508771929825,13.157894736842104
E00000825,127,45,15,30,82,65,17,35.43307086614173,11.811023622047244,23.62204724409449,64.56692913385827,51.181102362204726,13.385826771653544
E00000826,118,34,10,24,84,77,7,28.8135593220339,8.47457627118644,20.33898305084746,71.1864406779661,65.2542372881356,5.932203389830509
E00000827,161,55,22,33,106,86,20,34.161490683229815,13.664596273291925,20.496894409937887,65.83850931677019,53.41614906832298,12.422360248447205
E00000828,128,38,16,22,90,74,16,29.6875,12.5,17.1875,70.3125,57.8125,12.5
E00000829,166,54,32,22,112,94,18,32.53012048192771,19.27710843373494,13.253012048192772,67.46987951807229,56.62650602409639,10.843373493975903
E00000830,277,83,37,46,194,153,41,29.96389891696751,13.357400722021662,16.60649819494585,70.03610108303249,55.23465703971119,14.801444043321299
E00000831,200,58,20,38,142,114,28,28.999999999999996,10,19,71,56.99999999999999,14.000000000000002
E00000832,157,42,12,30,115,90,25,26.751592356687897,7.643312101910828,19.10828025477707,73.24840764331209,57.324840764331206,15.92356687898089
E00000833,118,36,17,19,82,66,16,30.508474576271187,14.40677966101695,16.101694915254235,69.49152542372882,55.932203389830505,13.559322033898304
E00000834,135,54,25,29,81,59,22,40,18.51851851851852,21.48148148148148,60,43.7037037037037,16.296296296296298
E00000835,124,39,14,25,85,65,20,31.451612903225808,11.29032258064516,20.161290322580644,68.54838709677419,52.41935483870967,16.129032258064516
E00000836,154,53,23,30,101,83,18,34.41558441558442,14.935064935064934,19.480519480519483,65.5844155844156,53.896103896103895,11.688311688311687
E00000837,97,37,21,16,60,44,16,38.144329896907216,21.649484536082475,16.49484536082474,61.855670103092784,45.36082474226804,16.49484536082474
E00000838,116,43,16,27,73,58,15,37.06896551724138,13.793103448275861,23.275862068965516,62.93103448275862,50,12.931034482758621
E00000839,137,40,10,30,97,74,23,29.1970802919708,7.2992700729927,21.897810218978105,70.8029197080292,54.01459854014598,16.78832116788321
E00000840,169,69,30,39,100,82,18,40.828402366863905,17.75147928994083,23.076923076923077,59.171597633136095,48.5207100591716,10.650887573964498
E00000841,144,48,23,25,96,75,21,33.33333333333333,15.972222222222221,17.36111111111111,66.66666666666666,52.083333333333336,14.583333333333334
E00000842,203,63,21,42,140,124,16,31.03448275862069,10.344827586206897,20.689655172413794,68.96551724137932,61.083743842364534,7.8817733990147785
E00000843,261,83,29,54,178,152,26,31.800766283524908,11.11111111111111,20.689655172413794,68.19923371647509,58.23754789272031,9.961685823754788
E00000844,157,50,28,22,107,80,27,31.84713375796178,17.8343949044586,14.012738853503185,68.15286624203821,50.955414012738856,17.197452229299362
E00000845,175,75,33,42,100,84,16,42.857142857142854,18.857142857142858,24,57.14285714285714,48,9.142857142857142
E00000846,206,72,15,57,134,111,23,34.95145631067961,7.281553398058252,27.669902912621357,65.0485436893204,53.883495145631066,11.165048543689322
E00000847,147,50,24,26,97,81,16,34.01360544217687,16.3265306122449,17.687074829931973,65.98639455782312,55.10204081632652,10.884353741496598
E00000848,171,56,16,40,115,99,16,32.748538011695906,9.35672514619883,23.391812865497073,67.2514619883041,57.89473684210527,9.35672514619883
E00000849,142,58,18,40,84,76,8,40.845070422535215,12.676056338028168,28.169014084507044,59.154929577464785,53.52112676056338,5.633802816901409
E00000850,128,41,15,26,87,69,18,32.03125,11.71875,20.3125,67.96875,53.90625,14.0625
E00000851,169,48,19,29,121,103,18,28.402366863905325,11.242603550295858,17.159763313609467,71.59763313609467,60.946745562130175,10.650887573964498
E00000852,171,53,13,40,118,92,26,30.994152046783626,7.602339181286549,23.391812865497073,69.00584795321637,53.80116959064327,15.204678362573098
E00000853,134,43,18,25,91,69,22,32.08955223880597,13.432835820895523,18.65671641791045,67.91044776119402,51.49253731343284,16.417910447761194
E00000854,165,54,22,32,111,97,14,32.72727272727273,13.333333333333334,19.393939393939394,67.27272727272727,58.78787878787879,8.484848484848486
E00000855,180,64,17,47,116,103,13,35.55555555555556,9.444444444444445,26.111111111111114,64.44444444444444,57.22222222222222,7.222222222222221
E00000856,169,46,16,30,123,105,18,27.218934911242602,9.467455621301776,17.75147928994083,72.7810650887574,62.1301775147929,10.650887573964498
E00000857,138,40,14,26,98,81,17,28.985507246376812,10.144927536231885,18.84057971014493,71.01449275362319,58.69565217391305,12.318840579710146
E00000858,189,49,22,27,140,115,25,25.925925925925924,11.64021164021164,14.285714285714285,74.07407407407408,60.84656084656085,13.227513227513226
E00000859,90,29,13,16,61,52,9,32.22222222222222,14.444444444444443,17.77777777777778,67.77777777777779,57.77777777777777,10
E00000860,168,46,11,35,122,105,17,27.380952380952383,6.547619047619048,20.833333333333336,72.61904761904762,62.5,10.119047619047619
E00000861,163,57,25,32,106,87,19,34.96932515337423,15.337423312883436,19.631901840490798,65.03067484662577,53.37423312883436,11.65644171779141
E00000863,167,53,31,22,114,100,14,31.736526946107784,18.562874251497004,13.17365269461078,68.26347305389223,59.88023952095808,8.383233532934131
E00000864,180,55,16,39,125,108,17,30.555555555555557,8.88888888888889,21.666666666666668,69.44444444444444,60,9.444444444444445
E00000865,202,59,22,37,143,120,23,29.207920792079207,10.891089108910892,18.316831683168317,70.79207920792079,59.4059405940594,11.386138613861387
E00000866,141,46,20,26,95,66,29,32.62411347517731,14.184397163120568,18.439716312056735,67.37588652482269,46.808510638297875,20.56737588652482
E00000867,163,53,22,31,110,101,9,32.515337423312886,13.496932515337424,19.018404907975462,67.48466257668711,61.963190184049076,5.521472392638037
E00000868,135,47,17,30,88,74,14,34.81481481481482,12.592592592592592,22.22222222222222,65.18518518518519,54.81481481481482,10.37037037037037
E00000869,165,44,12,32,121,107,14,26.666666666666668,7.2727272727272725,19.393939393939394,73.33333333333333,64.84848484848484,8.484848484848486
E00000870,151,44,23,21,107,92,15,29.13907284768212,15.2317880794702,13.90728476821192,70.86092715231787,60.9271523178808,9.933774834437086
E00000871,173,47,16,31,126,97,29,27.167630057803464,9.248554913294797,17.91907514450867,72.83236994219652,56.06936416184971,16.76300578034682
E00000872,85,31,12,19,54,44,10,36.470588235294116,14.117647058823529,22.35294117647059,63.52941176470588,51.76470588235295,11.76470588235294
E00000873,170,43,21,22,127,88,39,25.294117647058822,12.352941176470589,12.941176470588237,74.70588235294117,51.76470588235295,22.941176470588236
E00000874,85,16,5,11,69,56,13,18.823529411764707,5.88235294117647,12.941176470588237,81.17647058823529,65.88235294117646,15.294117647058824
E00000875,119,32,13,19,87,59,28,26.89075630252101,10.92436974789916,15.966386554621847,73.10924369747899,49.57983193277311,23.52941176470588
E00000876,139,24,8,16,115,73,42,17.26618705035971,5.755395683453238,11.510791366906476,82.73381294964028,52.51798561151079,30.215827338129497
E00000877,188,61,25,36,127,91,36,32.4468085106383,13.297872340425531,19.148936170212767,67.5531914893617,48.40425531914894,19.148936170212767
E00000878,245,57,23,34,188,166,22,23.26530612244898,9.387755102040817,13.877551020408163,76.73469387755102,67.75510204081633,8.979591836734693
E00000880,112,47,10,37,65,55,10,41.964285714285715,8.928571428571429,33.035714285714285,58.03571428571429,49.107142857142854,8.928571428571429
E00000881,164,49,17,32,115,103,12,29.878048780487802,10.365853658536585,19.51219512195122,70.1219512195122,62.80487804878049,7.317073170731707
E00000882,177,65,25,40,112,101,11,36.72316384180791,14.124293785310735,22.598870056497177,63.2768361581921,57.06214689265536,6.214689265536723
E00000883,171,53,18,35,118,95,23,30.994152046783626,10.526315789473683,20.46783625730994,69.00584795321637,55.55555555555556,13.450292397660817
E00000884,106,40,8,32,66,56,10,37.735849056603776,7.547169811320755,30.18867924528302,62.264150943396224,52.83018867924528,9.433962264150944
E00000885,133,51,23,28,82,68,14,38.34586466165413,17.293233082706767,21.052631578947366,61.65413533834586,51.127819548872175,10.526315789473683
E00000886,178,36,13,23,142,118,24,20.224719101123593,7.303370786516854,12.921348314606742,79.7752808988764,66.29213483146067,13.48314606741573
E00000887,135,42,16,26,93,83,10,31.11111111111111,11.851851851851853,19.25925925925926,68.88888888888889,61.48148148148148,7.4074074074074066
E00000888,145,29,12,17,116,89,27,20,8.275862068965518,11.724137931034482,80,61.37931034482759,18.620689655172416
E00000889,114,47,23,24,67,62,5,41.228070175438596,20.175438596491226,21.052631578947366,58.77192982456141,54.385964912280706,4.385964912280701
E00000890,233,66,22,44,167,121,46,28.32618025751073,9.44206008583691,18.88412017167382,71.67381974248927,51.931330472103,19.742489270386265
E00000891,190,38,16,22,152,129,23,20,8.421052631578947,11.578947368421053,80,67.89473684210526,12.105263157894736
E00000892,183,58,15,43,125,102,23,31.693989071038253,8.19672131147541,23.497267759562842,68.30601092896174,55.73770491803278,12.568306010928962
E00000893,171,37,13,24,134,98,36,21.637426900584796,7.602339181286549,14.035087719298245,78.3625730994152,57.30994152046783,21.052631578947366
E00000894,148,37,13,24,111,93,18,25,8.783783783783784,16.216216216216218,75,62.83783783783784,12.162162162162163
E00000895,192,50,18,32,142,117,25,26.041666666666668,9.375,16.666666666666664,73.95833333333334,60.9375,13.020833333333334
E00000896,91,24,6,18,67,55,12,26.373626373626376,6.593406593406594,19.78021978021978,73.62637362637363,60.43956043956044,13.186813186813188
E00000897,68,23,10,13,45,41,4,33.82352941176471,14.705882352941178,19.11764705882353,66.17647058823529,60.29411764705882,5.88235294117647
E00000898,148,46,13,33,102,76,26,31.08108108108108,8.783783783783784,22.2972972972973,68.91891891891892,51.35135135135135,17.56756756756757
E00000899,175,58,13,45,117,84,33,33.14285714285714,7.428571428571429,25.71428571428571,66.85714285714286,48,18.857142857142858
E00000900,180,50,19,31,130,105,25,27.77777777777778,10.555555555555555,17.22222222222222,72.22222222222221,58.333333333333336,13.88888888888889
E00000901,164,45,18,27,119,96,23,27.439024390243905,10.975609756097562,16.463414634146343,72.5609756097561,58.536585365853654,14.02439024390244
E00000902,149,60,19,41,89,79,10,40.26845637583892,12.751677852348994,27.516778523489933,59.73154362416108,53.02013422818792,6.7114093959731544
E00000903,125,33,10,23,92,72,20,26.400000000000002,8,18.4,73.6,57.599999999999994,16
E00000904,74,21,10,11,53,45,8,28.37837837837838,13.513513513513514,14.864864864864865,71.62162162162163,60.810810810810814,10.81081081081081
E00000905,160,53,19,34,107,73,34,33.125,11.875,21.25,66.875,45.625,21.25
E00000906,178,62,25,37,116,92,24,34.831460674157306,14.04494382022472,20.786516853932586,65.1685393258427,51.68539325842697,13.48314606741573
E00000907,153,51,23,28,102,74,28,33.33333333333333,15.032679738562091,18.30065359477124,66.66666666666666,48.366013071895424,18.30065359477124
E00000908,155,47,25,22,108,88,20,30.32258064516129,16.129032258064516,14.193548387096774,69.6774193548387,56.774193548387096,12.903225806451612
E00000909,208,56,18,38,152,117,35,26.923076923076923,8.653846153846153,18.269230769230766,73.07692307692307,56.25,16.826923076923077
E00000910,182,48,18,30,134,106,28,26.373626373626376,9.89010989010989,16.483516483516482,73.62637362637363,58.24175824175825,15.384615384615385
E00000911,254,59,28,31,195,164,31,23.228346456692915,11.023622047244094,12.204724409448819,76.77165354330708,64.56692913385827,12.204724409448819
E00000912,147,64,25,39,83,63,20,43.53741496598639,17.006802721088434,26.53061224489796,56.4625850340136,42.857142857142854,13.60544217687075
E00000913,105,35,11,24,70,50,20,33.33333333333333,10.476190476190476,22.857142857142858,66.66666666666666,47.61904761904761,19.047619047619047
E00000914,119,32,11,21,87,65,22,26.89075630252101,9.243697478991598,17.647058823529413,73.10924369747899,54.621848739495796,18.487394957983195
E00000915,172,47,23,24,125,96,29,27.325581395348834,13.372093023255813,13.953488372093023,72.67441860465115,55.81395348837209,16.86046511627907
E00000916,161,38,20,18,123,99,24,23.60248447204969,12.422360248447205,11.180124223602485,76.3975155279503,61.49068322981367,14.906832298136646
E00000917,89,24,10,14,65,51,14,26.96629213483146,11.235955056179774,15.730337078651685,73.03370786516854,57.30337078651685,15.730337078651685
E00000918,118,34,16,18,84,69,15,28.8135593220339,13.559322033898304,15.254237288135593,71.1864406779661,58.47457627118644,12.711864406779661
E00000919,199,52,25,27,147,103,44,26.13065326633166,12.562814070351758,13.5678391959799,73.86934673366834,51.75879396984925,22.110552763819097
E00000920,207,50,22,28,157,127,30,24.154589371980677,10.628019323671497,13.526570048309178,75.84541062801932,61.35265700483091,14.492753623188406
E00000921,169,56,23,33,113,102,11,33.13609467455622,13.609467455621301,19.526627218934912,66.86390532544378,60.35502958579882,6.508875739644971
E00000922,170,55,23,32,115,93,22,32.35294117647059,13.529411764705882,18.823529411764707,67.64705882352942,54.70588235294118,12.941176470588237
E00000923,58,31,13,18,27,24,3,53.44827586206896,22.413793103448278,31.03448275862069,46.55172413793103,41.37931034482759,5.172413793103448
E00000924,151,47,14,33,104,92,12,31.125827814569533,9.271523178807946,21.85430463576159,68.87417218543047,60.9271523178808,7.9470198675496695
E00000925,173,73,27,46,100,70,30,42.19653179190752,15.606936416184972,26.589595375722542,57.80346820809249,40.46242774566474,17.341040462427745
E00000926,185,66,29,37,119,92,27,35.67567567567568,15.675675675675677,20,64.32432432432432,49.72972972972973,14.594594594594595
E00000927,153,52,18,34,101,81,20,33.98692810457516,11.76470588235294,22.22222222222222,66.01307189542483,52.94117647058824,13.071895424836603
E00000928,175,68,22,46,107,85,22,38.857142857142854,12.571428571428573,26.285714285714285,61.142857142857146,48.57142857142857,12.571428571428573
E00000929,215,87,36,51,128,105,23,40.46511627906977,16.74418604651163,23.72093023255814,59.53488372093023,48.837209302325576,10.69767441860465
E00000930,188,65,22,43,123,96,27,34.57446808510639,11.702127659574469,22.872340425531913,65.42553191489363,51.06382978723404,14.361702127659576
E00000931,199,96,35,61,103,68,35,48.24120603015075,17.587939698492463,30.65326633165829,51.75879396984925,34.17085427135678,17.587939698492463
E00000932,197,81,39,42,116,84,32,41.11675126903553,19.796954314720814,21.31979695431472,58.88324873096447,42.63959390862944,16.243654822335024
E00000934,171,82,27,55,89,77,12,47.953216374269005,15.789473684210526,32.16374269005848,52.046783625730995,45.02923976608187,7.017543859649122
E00000935,188,68,27,41,120,89,31,36.17021276595745,14.361702127659576,21.808510638297875,63.829787234042556,47.340425531914896,16.48936170212766
E00000936,268,96,33,63,172,106,66,35.82089552238806,12.313432835820896,23.507462686567166,64.17910447761194,39.55223880597015,24.62686567164179
E00000937,185,54,15,39,131,116,15,29.18918918918919,8.108108108108109,21.08108108108108,70.8108108108108,62.70270270270271,8.108108108108109
E00000938,174,49,9,40,125,110,15,28.160919540229884,5.172413793103448,22.988505747126435,71.83908045977012,63.2183908045977,8.620689655172415
E00000939,198,87,35,52,111,82,29,43.93939393939394,17.67676767676768,26.262626262626267,56.060606060606055,41.41414141414141,14.646464646464647
E00000940,143,59,20,39,84,69,15,41.25874125874126,13.986013986013987,27.27272727272727,58.74125874125874,48.25174825174825,10.48951048951049
E00000941,198,87,35,52,111,93,18,43.93939393939394,17.67676767676768,26.262626262626267,56.060606060606055,46.96969696969697,9.090909090909092
E00000943,246,47,10,37,199,162,37,19.10569105691057,4.0650406504065035,15.040650406504067,80.89430894308943,65.85365853658537,15.040650406504067
E00000944,226,67,34,33,159,135,24,29.646017699115045,15.04424778761062,14.601769911504425,70.35398230088495,59.73451327433629,10.619469026548673
E00000945,142,49,21,28,93,73,20,34.50704225352113,14.788732394366196,19.718309859154928,65.49295774647888,51.40845070422535,14.084507042253522
E00000947,194,72,21,51,122,88,34,37.11340206185567,10.824742268041238,26.288659793814436,62.88659793814433,45.36082474226804,17.525773195876287
E00000948,194,62,26,36,132,91,41,31.958762886597935,13.402061855670103,18.556701030927837,68.04123711340206,46.90721649484536,21.1340206185567
E00000949,130,63,29,34,67,51,16,48.46153846153846,22.30769230769231,26.153846153846157,51.53846153846153,39.23076923076923,12.307692307692308
E00000950,165,63,28,35,102,78,24,38.18181818181819,16.969696969696972,21.21212121212121,61.81818181818181,47.27272727272727,14.545454545454545
E00000951,185,70,29,41,115,85,30,37.83783783783784,15.675675675675677,22.162162162162165,62.16216216216216,45.94594594594595,16.216216216216218
E00000952,199,73,30,43,126,97,29,36.68341708542713,15.07537688442211,21.608040201005025,63.31658291457286,48.743718592964825,14.572864321608039
E00000953,262,95,34,61,167,140,27,36.25954198473282,12.977099236641221,23.282442748091604,63.74045801526718,53.43511450381679,10.305343511450381
E00000954,179,61,19,42,118,95,23,34.07821229050279,10.614525139664805,23.463687150837988,65.92178770949721,53.072625698324025,12.849162011173185
E00000955,193,65,21,44,128,108,20,33.67875647668394,10.880829015544041,22.797927461139896,66.32124352331607,55.95854922279793,10.362694300518134
E00000956,172,76,28,48,96,86,10,44.18604651162791,16.27906976744186,27.906976744186046,55.81395348837209,50,5.813953488372093
E00000958,239,103,39,64,136,114,22,43.09623430962343,16.317991631799163,26.778242677824267,56.903765690376574,47.69874476987448,9.205020920502092
E00000959,208,65,17,48,143,131,12,31.25,8.173076923076923,23.076923076923077,68.75,62.980769230769226,5.769230769230769
E00000960,211,73,26,47,138,110,28,34.59715639810427,12.322274881516588,22.274881516587676,65.40284360189574,52.13270142180095,13.270142180094787
E00000961,208,73,25,48,135,122,13,35.09615384615385,12.01923076923077,23.076923076923077,64.90384615384616,58.65384615384615,6.25
E00000962,224,67,31,36,157,126,31,29.910714285714285,13.839285714285715,16.071428571428573,70.08928571428571,56.25,13.839285714285715
E00000963,153,54,16,38,99,92,7,35.294117647058826,10.457516339869281,24.836601307189543,64.70588235294117,60.130718954248366,4.57516339869281
E00000964,149,57,19,38,92,79,13,38.25503355704698,12.751677852348994,25.503355704697988,61.74496644295302,53.02013422818792,8.724832214765101
E00000965,126,39,14,25,87,73,14,30.952380952380953,11.11111111111111,19.841269841269842,69.04761904761905,57.936507936507944,11.11111111111111
E00000966,140,54,19,35,86,69,17,38.57142857142858,13.571428571428571,25,61.42857142857143,49.28571428571429,12.142857142857142
E00000967,139,51,15,36,88,77,11,36.69064748201439,10.79136690647482,25.899280575539567,63.30935251798561,55.39568345323741,7.913669064748201
E00000968,242,74,29,45,168,141,27,30.57851239669421,11.983471074380166,18.59504132231405,69.42148760330579,58.26446280991735,11.15702479338843
E00000969,136,42,19,23,94,74,20,30.88235294117647,13.970588235294118,16.911764705882355,69.11764705882352,54.41176470588235,14.705882352941178
E00000970,172,55,22,33,117,89,28,31.976744186046513,12.790697674418606,19.186046511627907,68.02325581395348,51.74418604651163,16.27906976744186
E00000971,153,47,32,15,106,78,28,30.718954248366014,20.915032679738562,9.803921568627452,69.28104575163398,50.98039215686274,18.30065359477124
E00000972,172,54,30,24,118,77,41,31.3953488372093,17.441860465116278,13.953488372093023,68.6046511627907,44.76744186046512,23.837209302325583
E00000973,170,58,20,38,112,85,27,34.11764705882353,11.76470588235294,22.35294117647059,65.88235294117646,50,15.88235294117647
E00000974,186,51,21,30,135,107,28,27.419354838709676,11.29032258064516,16.129032258064516,72.58064516129032,57.52688172043011,15.053763440860216
E00000975,158,48,15,33,110,90,20,30.37974683544304,9.49367088607595,20.88607594936709,69.62025316455697,56.9620253164557,12.658227848101266
E00000976,149,56,17,39,93,79,14,37.58389261744966,11.409395973154362,26.174496644295303,62.41610738255034,53.02013422818792,9.395973154362416
E00000977,211,72,33,39,139,101,38,34.12322274881517,15.639810426540285,18.48341232227488,65.87677725118483,47.867298578199055,18.009478672985782
E00000978,162,65,29,36,97,71,26,40.123456790123456,17.901234567901234,22.22222222222222,59.876543209876544,43.82716049382716,16.049382716049383
E00000979,168,55,27,28,113,79,34,32.73809523809524,16.071428571428573,16.666666666666664,67.26190476190477,47.023809523809526,20.238095238095237
E00000980,108,37,19,18,71,61,10,34.25925925925926,17.59259259259259,16.666666666666664,65.74074074074075,56.481481481481474,9.25925925925926
E00000981,194,62,31,31,132,81,51,31.958762886597935,15.979381443298967,15.979381443298967,68.04123711340206,41.75257731958763,26.288659793814436
E00000982,190,72,41,31,118,75,43,37.89473684210527,21.578947368421055,16.315789473684212,62.10526315789474,39.473684210526315,22.63157894736842
E00000983,188,61,28,33,127,85,42,32.4468085106383,14.893617021276595,17.5531914893617,67.5531914893617,45.21276595744681,22.340425531914892
E00000984,222,74,30,44,148,119,29,33.33333333333333,13.513513513513514,19.81981981981982,66.66666666666666,53.6036036036036,13.063063063063062
E00000985,150,52,25,27,98,70,28,34.66666666666667,16.666666666666664,18,65.33333333333333,46.666666666666664,18.666666666666668
E00000986,194,59,22,37,135,104,31,30.412371134020617,11.34020618556701,19.072164948453608,69.58762886597938,53.608247422680414,15.979381443298967
E00000987,171,60,29,31,111,84,27,35.08771929824561,16.95906432748538,18.128654970760234,64.91228070175438,49.122807017543856,15.789473684210526
E00000988,159,51,24,27,108,74,34,32.075471698113205,15.09433962264151,16.9811320754717,67.9245283018868,46.540880503144656,21.38364779874214
E00000990,105,46,25,21,59,33,26,43.80952380952381,23.809523809523807,20,56.19047619047619,31.428571428571427,24.761904761904763
E00000991,139,44,19,25,95,86,9,31.654676258992804,13.66906474820144,17.985611510791365,68.34532374100719,61.87050359712231,6.474820143884892
E00000992,235,71,25,46,164,135,29,30.21276595744681,10.638297872340425,19.574468085106382,69.7872340425532,57.446808510638306,12.340425531914894
E00000993,158,54,26,28,104,64,40,34.177215189873415,16.455696202531644,17.72151898734177,65.82278481012658,40.50632911392405,25.31645569620253
E00000994,86,37,17,20,49,42,7,43.02325581395349,19.767441860465116,23.25581395348837,56.97674418604651,48.837209302325576,8.13953488372093
E00000995,157,41,25,16,116,96,20,26.11464968152866,15.92356687898089,10.191082802547772,73.88535031847134,61.146496815286625,12.738853503184714
E00000996,220,62,28,34,158,126,32,28.18181818181818,12.727272727272727,15.454545454545453,71.81818181818181,57.27272727272727,14.545454545454545
E00000997,260,92,40,52,168,129,39,35.38461538461539,15.384615384615385,20,64.61538461538461,49.61538461538461,15
E00000998,118,37,18,19,81,65,16,31.35593220338983,15.254237288135593,16.101694915254235,68.64406779661016,55.08474576271186,13.559322033898304
E00000999,159,45,21,24,114,86,28,28.30188679245283,13.20754716981132,15.09433962264151,71.69811320754717,54.088050314465406,17.61006289308176
E00001000,117,43,19,24,74,65,9,36.75213675213676,16.23931623931624,20.51282051282051,63.24786324786324,55.55555555555556,7.6923076923076925
E00001001,101,35,10,25,66,55,11,34.65346534653465,9.900990099009901,24.752475247524753,65.34653465346535,54.45544554455446,10.891089108910892
E00001002,205,69,32,37,136,107,29,33.65853658536586,15.609756097560975,18.048780487804876,66.34146341463415,52.19512195121951,14.146341463414632
E00001003,152,54,21,33,98,72,26,35.526315789473685,13.815789473684212,21.710526315789476,64.47368421052632,47.368421052631575,17.105263157894736
E00001004,204,59,26,33,145,120,25,28.921568627450984,12.745098039215685,16.176470588235293,71.07843137254902,58.82352941176471,12.254901960784313
E00001005,206,59,31,28,147,115,32,28.640776699029125,15.048543689320388,13.592233009708737,71.35922330097088,55.8252427184466,15.53398058252427
E00001006,189,81,34,47,108,84,24,42.857142857142854,17.989417989417987,24.867724867724867,57.14285714285714,44.44444444444444,12.698412698412698
E00001007,178,56,28,28,122,92,30,31.46067415730337,15.730337078651685,15.730337078651685,68.53932584269663,51.68539325842697,16.853932584269664
E00001008,164,50,28,22,114,78,36,30.48780487804878,17.073170731707318,13.414634146341465,69.51219512195121,47.5609756097561,21.951219512195124
E00001009,141,58,29,29,83,70,13,41.13475177304964,20.56737588652482,20.56737588652482,58.86524822695035,49.645390070921984,9.219858156028367
E00001010,169,68,28,40,101,79,22,40.23668639053255,16.56804733727811,23.668639053254438,59.76331360946746,46.74556213017752,13.017751479289942
E00001011,169,56,24,32,113,78,35,33.13609467455622,14.201183431952662,18.93491124260355,66.86390532544378,46.15384615384615,20.710059171597635
E00001012,79,29,13,16,50,37,13,36.708860759493675,16.455696202531644,20.253164556962027,63.29113924050633,46.835443037974684,16.455696202531644
E00001013,234,55,28,27,179,129,50,23.504273504273502,11.965811965811966,11.538461538461538,76.49572649572649,55.12820512820513,21.367521367521366
E00001014,192,57,23,34,135,97,38,29.6875,11.979166666666668,17.708333333333336,70.3125,50.520833333333336,19.791666666666664
E00001015,179,64,31,33,115,63,52,35.754189944134076,17.318435754189945,18.435754189944134,64.24581005586593,35.19553072625698,29.05027932960894
E00001016,198,48,15,33,150,103,47,24.242424242424242,7.575757575757576,16.666666666666664,75.75757575757575,52.02020202020202,23.737373737373737
E00001017,135,44,30,14,91,72,19,32.592592592592595,22.22222222222222,10.37037037037037,67.4074074074074,53.333333333333336,14.074074074074074
E00001018,126,43,13,30,83,66,17,34.12698412698413,10.317460317460316,23.809523809523807,65.87301587301587,52.38095238095239,13.492063492063492
E00001019,131,40,19,21,91,75,16,30.53435114503817,14.50381679389313,16.030534351145036,69.46564885496184,57.25190839694656,12.213740458015266
E00001020,170,55,30,25,115,77,38,32.35294117647059,17.647058823529413,14.705882352941178,67.64705882352942,45.294117647058826,22.35294117647059
E00001021,183,73,33,40,110,95,15,39.89071038251366,18.0327868852459,21.85792349726776,60.10928961748634,51.91256830601093,8.19672131147541
E00001022,161,44,14,30,117,78,39,27.32919254658385,8.695652173913043,18.633540372670808,72.67080745341616,48.4472049689441,24.22360248447205
E00001023,146,44,24,20,102,66,36,30.136986301369863,16.43835616438356,13.698630136986301,69.86301369863014,45.20547945205479,24.65753424657534
E00001024,166,56,23,33,110,72,38,33.734939759036145,13.855421686746988,19.879518072289155,66.26506024096386,43.373493975903614,22.89156626506024
E00001025,188,58,33,25,130,85,45,30.851063829787233,17.5531914893617,13.297872340425531,69.14893617021278,45.21276595744681,23.93617021276596
E00001026,193,66,27,39,127,99,28,34.196891191709845,13.989637305699482,20.207253886010363,65.80310880829016,51.29533678756477,14.507772020725387
E00001027,164,50,26,24,114,91,23,30.48780487804878,15.853658536585366,14.634146341463413,69.51219512195121,55.487804878048784,14.02439024390244
E00001028,182,58,28,30,124,80,44,31.868131868131865,15.384615384615385,16.483516483516482,68.13186813186813,43.956043956043956,24.175824175824175
E00001029,122,35,15,20,87,65,22,28.688524590163933,12.295081967213115,16.39344262295082,71.31147540983606,53.278688524590166,18.0327868852459
E00001030,163,47,21,26,116,73,43,28.834355828220858,12.883435582822086,15.950920245398773,71.16564417177914,44.785276073619634,26.380368098159508
E00001031,170,58,33,25,112,67,45,34.11764705882353,19.411764705882355,14.705882352941178,65.88235294117646,39.411764705882355,26.47058823529412
E00001032,146,40,19,21,106,74,32,27.397260273972602,13.013698630136986,14.383561643835616,72.6027397260274,50.68493150684932,21.91780821917808
E00001033,108,34,12,22,74,55,19,31.48148148148148,11.11111111111111,20.37037037037037,68.51851851851852,50.92592592592593,17.59259259259259
E00001034,110,26,9,17,84,65,19,23.636363636363637,8.181818181818182,15.454545454545453,76.36363636363637,59.09090909090909,17.272727272727273
E00001035,191,55,23,32,136,119,17,28.79581151832461,12.041884816753926,16.75392670157068,71.20418848167539,62.30366492146597,8.900523560209423
E00001036,125,46,23,23,79,63,16,36.8,18.4,18.4,63.2,50.4,12.8
E00001037,141,41,15,26,100,70,30,29.078014184397162,10.638297872340425,18.439716312056735,70.92198581560284,49.645390070921984,21.27659574468085
E00001038,146,41,17,24,105,65,40,28.08219178082192,11.643835616438356,16.43835616438356,71.91780821917808,44.52054794520548,27.397260273972602
E00001039,94,18,5,13,76,57,19,19.148936170212767,5.319148936170213,13.829787234042554,80.85106382978722,60.63829787234043,20.212765957446805
E00001040,123,33,16,17,90,63,27,26.82926829268293,13.008130081300814,13.821138211382115,73.17073170731707,51.21951219512195,21.951219512195124
E00001041,37,14,2,12,23,18,5,37.83783783783784,5.405405405405405,32.432432432432435,62.16216216216216,48.64864864864865,13.513513513513514
E00001042,112,36,10,26,76,51,25,32.142857142857146,8.928571428571429,23.214285714285715,67.85714285714286,45.535714285714285,22.321428571428573
E00001043,164,60,32,28,104,64,40,36.58536585365854,19.51219512195122,17.073170731707318,63.41463414634146,39.02439024390244,24.390243902439025
E00001044,132,56,28,28,76,56,20,42.42424242424242,21.21212121212121,21.21212121212121,57.57575757575758,42.42424242424242,15.151515151515152
E00001045,126,49,23,26,77,44,33,38.88888888888889,18.253968253968253,20.634920634920633,61.111111111111114,34.92063492063492,26.190476190476193
E00001046,179,58,33,25,121,82,39,32.402234636871505,18.435754189944134,13.966480446927374,67.59776536312849,45.81005586592179,21.787709497206702
E00001047,190,66,29,37,124,76,48,34.73684210526316,15.263157894736842,19.473684210526315,65.26315789473685,40,25.263157894736842
E00001048,255,87,43,44,168,147,21,34.11764705882353,16.862745098039216,17.254901960784313,65.88235294117646,57.647058823529406,8.235294117647058
E00001049,166,47,24,23,119,69,50,28.313253012048197,14.457831325301203,13.855421686746988,71.6867469879518,41.566265060240966,30.120481927710845
E00001050,190,54,19,35,136,108,28,28.421052631578945,10,18.421052631578945,71.57894736842105,56.84210526315789,14.736842105263156
E00001051,123,35,23,12,88,51,37,28.455284552845526,18.69918699186992,9.75609756097561,71.54471544715447,41.46341463414634,30.081300813008134
E00001052,125,36,22,14,89,65,24,28.799999999999997,17.599999999999998,11.200000000000001,71.2,52,19.2
E00001053,152,57,20,37,95,53,42,37.5,13.157894736842104,24.342105263157894,62.5,34.868421052631575,27.631578947368425
E00001054,121,39,16,23,82,45,37,32.231404958677686,13.223140495867769,19.00826446280992,67.76859504132231,37.1900826446281,30.57851239669421
E00001055,204,81,29,52,123,80,43,39.705882352941174,14.215686274509803,25.49019607843137,60.29411764705882,39.21568627450981,21.07843137254902
E00001056,200,68,27,41,132,91,41,34,13.5,20.5,66,45.5,20.5
E00001057,179,68,33,35,111,78,33,37.988826815642454,18.435754189944134,19.553072625698324,62.01117318435754,43.575418994413404,18.435754189944134
E00001058,157,41,23,18,116,78,38,26.11464968152866,14.64968152866242,11.464968152866243,73.88535031847134,49.681528662420384,24.203821656050955
E00001059,204,64,34,30,140,86,54,31.372549019607842,16.666666666666664,14.705882352941178,68.62745098039215,42.15686274509804,26.47058823529412
E00001060,117,38,15,23,79,62,17,32.47863247863248,12.82051282051282,19.65811965811966,67.52136752136752,52.991452991452995,14.529914529914532
E00001061,191,53,22,31,138,120,18,27.748691099476442,11.518324607329843,16.230366492146597,72.25130890052355,62.82722513089005,9.424083769633508
E00001062,244,108,44,64,136,110,26,44.26229508196721,18.0327868852459,26.229508196721312,55.73770491803278,45.08196721311475,10.655737704918032
E00001063,183,98,44,54,85,57,28,53.551912568306015,24.043715846994534,29.508196721311474,46.44808743169399,31.147540983606557,15.300546448087433
E00001064,153,56,24,32,97,75,22,36.60130718954248,15.686274509803921,20.915032679738562,63.39869281045751,49.01960784313725,14.37908496732026
E00001065,167,86,43,43,81,65,16,51.49700598802395,25.748502994011975,25.748502994011975,48.50299401197605,38.92215568862276,9.580838323353294
E00001066,226,98,30,68,128,107,21,43.36283185840708,13.274336283185843,30.08849557522124,56.63716814159292,47.34513274336283,9.29203539823009
E00001067,203,61,17,44,142,102,40,30.049261083743843,8.374384236453201,21.67487684729064,69.95073891625616,50.24630541871922,19.704433497536947
E00001068,191,96,36,60,95,76,19,50.26178010471204,18.848167539267017,31.413612565445025,49.73821989528796,39.79057591623037,9.947643979057592
E00001069,160,96,37,59,64,53,11,60,23.125,36.875,40,33.125,6.875000000000001
E00001071,174,96,41,55,78,65,13,55.172413793103445,23.563218390804597,31.60919540229885,44.827586206896555,37.35632183908046,7.471264367816093
E00001072,256,120,42,78,136,100,36,46.875,16.40625,30.46875,53.125,39.0625,14.0625
E00001073,175,101,38,63,74,58,16,57.714285714285715,21.714285714285715,36,42.285714285714285,33.14285714285714,9.142857142857142
E00001074,224,101,36,65,123,102,21,45.089285714285715,16.071428571428573,29.017857142857146,54.91071428571429,45.535714285714285,9.375
E00001075,213,90,22,68,123,105,18,42.25352112676056,10.328638497652582,31.92488262910798,57.74647887323944,49.29577464788733,8.450704225352112
E00001076,133,65,22,43,68,62,6,48.87218045112782,16.541353383458645,32.33082706766917,51.127819548872175,46.616541353383454,4.511278195488721
E00001077,218,91,33,58,127,115,12,41.74311926605505,15.137614678899084,26.605504587155966,58.256880733944946,52.752293577981646,5.5045871559633035
E00001078,92,39,12,27,53,48,5,42.391304347826086,13.043478260869565,29.347826086956523,57.608695652173914,52.17391304347826,5.434782608695652
E00001079,85,42,13,29,43,39,4,49.411764705882355,15.294117647058824,34.11764705882353,50.588235294117645,45.88235294117647,4.705882352941177
E00001081,161,64,25,39,97,81,16,39.75155279503105,15.527950310559005,24.22360248447205,60.24844720496895,50.31055900621118,9.937888198757763
E00001082,182,71,30,41,111,98,13,39.010989010989015,16.483516483516482,22.52747252747253,60.98901098901099,53.84615384615385,7.142857142857142
E00001083,149,46,20,26,103,94,9,30.87248322147651,13.422818791946309,17.449664429530202,69.12751677852349,63.08724832214765,6.0402684563758395
E00001084,156,56,18,38,100,78,22,35.8974358974359,11.538461538461538,24.358974358974358,64.1025641025641,50,14.102564102564102
E00001085,165,73,37,36,92,77,15,44.24242424242424,22.424242424242426,21.818181818181817,55.757575757575765,46.666666666666664,9.090909090909092
E00001086,180,69,30,39,111,93,18,38.333333333333336,16.666666666666664,21.666666666666668,61.66666666666667,51.66666666666667,10
E00001087,160,69,18,51,91,70,21,43.125,11.25,31.874999999999996,56.875,43.75,13.125
E00001089,194,74,29,45,120,93,27,38.144329896907216,14.948453608247423,23.195876288659793,61.855670103092784,47.93814432989691,13.917525773195877
E00001090,115,45,24,21,70,56,14,39.130434782608695,20.869565217391305,18.26086956521739,60.86956521739131,48.69565217391305,12.173913043478262
E00001091,176,57,21,36,119,92,27,32.38636363636363,11.931818181818182,20.454545454545457,67.61363636363636,52.27272727272727,15.340909090909092
E00001092,193,69,28,41,124,90,34,35.751295336787564,14.507772020725387,21.243523316062177,64.24870466321244,46.63212435233161,17.616580310880828
E00001093,201,89,33,56,112,76,36,44.27860696517413,16.417910447761194,27.860696517412936,55.72139303482587,37.81094527363184,17.91044776119403
E00001094,205,96,35,61,109,79,30,46.82926829268293,17.073170731707318,29.756097560975608,53.170731707317074,38.53658536585366,14.634146341463413
E00001095,183,75,27,48,108,87,21,40.98360655737705,14.754098360655737,26.229508196721312,59.01639344262295,47.540983606557376,11.475409836065573
E00001096,97,63,19,44,34,25,9,64.94845360824742,19.587628865979383,45.36082474226804,35.051546391752574,25.773195876288657,9.278350515463918
E00001097,205,114,41,73,91,70,21,55.60975609756098,20,35.609756097560975,44.390243902439025,34.146341463414636,10.24390243902439
E00001098,242,86,29,57,156,127,29,35.53719008264463,11.983471074380166,23.553719008264462,64.46280991735537,52.47933884297521,11.983471074380166
E00001099,162,74,23,51,88,69,19,45.67901234567901,14.19753086419753,31.48148148148148,54.32098765432099,42.592592592592595,11.728395061728394
E00001100,149,73,27,46,76,56,20,48.99328859060403,18.120805369127517,30.87248322147651,51.006711409395976,37.58389261744966,13.422818791946309
E00001101,150,53,20,33,97,77,20,35.333333333333336,13.333333333333334,22,64.66666666666666,51.33333333333333,13.333333333333334
E00001102,131,65,27,38,66,43,23,49.61832061068702,20.610687022900763,29.00763358778626,50.38167938931297,32.82442748091603,17.557251908396946
E00001103,212,108,36,72,104,85,19,50.943396226415096,16.9811320754717,33.9622641509434,49.056603773584904,40.09433962264151,8.962264150943396
E00001104,140,69,36,33,71,52,19,49.28571428571429,25.71428571428571,23.57142857142857,50.71428571428571,37.142857142857146,13.571428571428571
E00001105,173,65,25,40,108,83,25,37.57225433526011,14.450867052023122,23.121387283236995,62.42774566473989,47.97687861271676,14.450867052023122
E00001106,171,88,36,52,83,67,16,51.461988304093566,21.052631578947366,30.409356725146196,48.53801169590643,39.1812865497076,9.35672514619883
E00001107,233,87,33,54,146,122,24,37.33905579399141,14.163090128755366,23.17596566523605,62.66094420600859,52.36051502145923,10.300429184549357
E00001108,226,72,34,38,154,112,42,31.858407079646017,15.04424778761062,16.8141592920354,68.14159292035397,49.557522123893804,18.58407079646018
E00001109,183,66,21,45,117,99,18,36.0655737704918,11.475409836065573,24.59016393442623,63.934426229508205,54.09836065573771,9.836065573770492
E00001110,203,50,24,26,153,128,25,24.63054187192118,11.822660098522167,12.807881773399016,75.36945812807882,63.05418719211823,12.31527093596059
E00001111,200,64,27,37,136,115,21,32,13.5,18.5,68,57.49999999999999,10.5
E00001112,167,69,21,48,98,85,13,41.31736526946108,12.574850299401197,28.74251497005988,58.68263473053892,50.898203592814376,7.784431137724551
E00001113,160,54,25,29,106,87,19,33.75,15.625,18.125,66.25,54.37499999999999,11.875
E00001114,274,79,39,40,195,145,50,28.832116788321166,14.233576642335766,14.5985401459854,71.16788321167883,52.919708029197075,18.248175182481752
E00001115,149,51,16,35,98,74,24,34.22818791946309,10.738255033557047,23.48993288590604,65.77181208053692,49.664429530201346,16.10738255033557
E00001116,104,37,8,29,67,53,14,35.57692307692308,7.6923076923076925,27.884615384615387,64.42307692307693,50.96153846153846,13.461538461538462
E00001117,146,43,14,29,103,69,34,29.45205479452055,9.58904109589041,19.863013698630137,70.54794520547945,47.26027397260274,23.28767123287671
E00001118,189,52,22,30,137,113,24,27.513227513227513,11.64021164021164,15.873015873015872,72.4867724867725,59.78835978835979,12.698412698412698
E00001119,142,54,14,40,88,75,13,38.028169014084504,9.859154929577464,28.169014084507044,61.97183098591549,52.816901408450704,9.15492957746479
E00001120,153,60,24,36,93,75,18,39.21568627450981,15.686274509803921,23.52941176470588,60.78431372549019,49.01960784313725,11.76470588235294
E00001121,157,51,21,30,106,93,13,32.48407643312102,13.375796178343949,19.10828025477707,67.51592356687898,59.23566878980891,8.280254777070063
E00001122,143,56,16,40,87,65,22,39.16083916083916,11.188811188811188,27.972027972027973,60.83916083916085,45.45454545454545,15.384615384615385
E00001123,141,48,15,33,93,80,13,34.04255319148936,10.638297872340425,23.404255319148938,65.95744680851064,56.73758865248227,9.219858156028367
E00001124,188,70,27,43,118,102,16,37.234042553191486,14.361702127659576,22.872340425531913,62.76595744680851,54.25531914893617,8.51063829787234
E00001125,175,89,24,65,86,69,17,50.857142857142854,13.714285714285715,37.142857142857146,49.142857142857146,39.42857142857143,9.714285714285714
E00001126,182,48,24,24,134,110,24,26.373626373626376,13.186813186813188,13.186813186813188,73.62637362637363,60.43956043956044,13.186813186813188
E00001127,156,55,20,35,101,84,17,35.256410256410255,12.82051282051282,22.435897435897438,64.74358974358975,53.84615384615385,10.897435897435898
E00001128,228,77,27,50,151,127,24,33.771929824561404,11.842105263157894,21.929824561403507,66.22807017543859,55.70175438596491,10.526315789473683
E00001129,156,50,22,28,106,93,13,32.05128205128205,14.102564102564102,17.94871794871795,67.94871794871796,59.61538461538461,8.333333333333332
E00001130,175,52,20,32,123,102,21,29.714285714285715,11.428571428571429,18.285714285714285,70.28571428571428,58.285714285714285,12
E00001131,179,55,22,33,124,102,22,30.726256983240223,12.290502793296088,18.435754189944134,69.27374301675978,56.98324022346368,12.290502793296088
E00001132,149,55,28,27,94,76,18,36.91275167785235,18.79194630872483,18.120805369127517,63.08724832214765,51.006711409395976,12.080536912751679
E00001133,150,39,15,24,111,91,20,26,10,16,74,60.66666666666667,13.333333333333334
E00001134,161,54,17,37,107,85,22,33.54037267080746,10.559006211180124,22.981366459627328,66.45962732919256,52.79503105590062,13.664596273291925
E00001135,192,63,16,47,129,84,45,32.8125,8.333333333333332,24.479166666666664,67.1875,43.75,23.4375
E00001136,239,72,30,42,167,135,32,30.125523012552303,12.552301255230125,17.573221757322173,69.8744769874477,56.48535564853556,13.389121338912133
E00001137,148,45,24,21,103,80,23,30.405405405405407,16.216216216216218,14.18918918918919,69.5945945945946,54.054054054054056,15.54054054054054
E00001138,175,60,14,46,115,87,28,34.285714285714285,8,26.285714285714285,65.71428571428571,49.714285714285715,16
E00001139,188,59,27,32,129,99,30,31.382978723404253,14.361702127659576,17.02127659574468,68.61702127659575,52.659574468085104,15.957446808510639
E00001140,117,33,8,25,84,66,18,28.205128205128204,6.837606837606838,21.367521367521366,71.7948717948718,56.41025641025641,15.384615384615385
E00001141,199,67,15,52,132,106,26,33.66834170854271,7.537688442211055,26.13065326633166,66.33165829145729,53.266331658291456,13.06532663316583
E00001142,211,72,35,37,139,106,33,34.12322274881517,16.587677725118482,17.535545023696685,65.87677725118483,50.23696682464455,15.639810426540285
E00001143,195,52,27,25,143,115,28,26.666666666666668,13.846153846153847,12.82051282051282,73.33333333333333,58.97435897435898,14.358974358974358
E00001144,186,51,15,36,135,102,33,27.419354838709676,8.064516129032258,19.35483870967742,72.58064516129032,54.83870967741935,17.741935483870968
E00001145,199,74,28,46,125,104,21,37.185929648241206,14.07035175879397,23.115577889447238,62.8140703517588,52.26130653266332,10.552763819095476
E00001146,202,66,34,32,136,115,21,32.67326732673268,16.831683168316832,15.841584158415841,67.32673267326733,56.930693069306926,10.396039603960396
E00001147,187,46,19,27,141,115,26,24.598930481283425,10.16042780748663,14.43850267379679,75.40106951871658,61.49732620320856,13.903743315508022
E00001148,154,53,17,36,101,89,12,34.41558441558442,11.03896103896104,23.376623376623375,65.5844155844156,57.7922077922078,7.792207792207792
E00001149,170,51,23,28,119,93,26,30,13.529411764705882,16.470588235294116,70,54.70588235294118,15.294117647058824
E00001150,204,70,23,47,134,102,32,34.31372549019608,11.27450980392157,23.03921568627451,65.68627450980392,50,15.686274509803921
E00001151,173,64,28,36,109,88,21,36.99421965317919,16.184971098265898,20.809248554913296,63.005780346820806,50.86705202312138,12.138728323699421
E00001152,175,60,30,30,115,85,30,34.285714285714285,17.142857142857142,17.142857142857142,65.71428571428571,48.57142857142857,17.142857142857142
E00001153,218,62,24,38,156,129,27,28.440366972477065,11.009174311926607,17.431192660550458,71.55963302752293,59.174311926605505,12.385321100917432
E00001154,184,55,14,41,129,110,19,29.891304347826086,7.608695652173914,22.282608695652172,70.1086956521739,59.78260869565217,10.326086956521738
E00001155,109,38,22,16,71,49,22,34.862385321100916,20.18348623853211,14.678899082568808,65.13761467889908,44.95412844036697,20.18348623853211
E00001156,75,36,23,13,39,33,6,48,30.666666666666664,17.333333333333336,52,44,8
E00001157,204,62,28,34,142,115,27,30.392156862745097,13.725490196078432,16.666666666666664,69.6078431372549,56.372549019607845,13.23529411764706
E00001158,220,74,32,42,146,116,30,33.63636363636363,14.545454545454545,19.090909090909093,66.36363636363637,52.72727272727272,13.636363636363635
E00001159,194,71,33,38,123,111,12,36.597938144329895,17.010309278350515,19.587628865979383,63.4020618556701,57.21649484536082,6.185567010309279
E00001160,277,92,28,64,185,153,32,33.2129963898917,10.108303249097473,23.104693140794225,66.78700361010831,55.23465703971119,11.552346570397113
E00001161,224,75,30,45,149,126,23,33.482142857142854,13.392857142857142,20.089285714285715,66.51785714285714,56.25,10.267857142857142
E00001162,92,47,12,35,45,41,4,51.08695652173913,13.043478260869565,38.04347826086957,48.91304347826087,44.565217391304344,4.3478260869565215
E00001163,229,88,28,60,141,118,23,38.427947598253276,12.22707423580786,26.200873362445414,61.572052401746724,51.52838427947598,10.043668122270741
E00001164,133,40,17,23,93,78,15,30.075187969924812,12.781954887218044,17.293233082706767,69.92481203007519,58.64661654135338,11.278195488721805
E00001165,207,71,29,42,136,102,34,34.29951690821256,14.009661835748794,20.28985507246377,65.70048309178745,49.275362318840585,16.425120772946862
E00001166,218,74,31,43,144,115,29,33.94495412844037,14.220183486238533,19.724770642201836,66.05504587155964,52.752293577981646,13.302752293577983
E00001167,149,41,15,26,108,78,30,27.516778523489933,10.06711409395973,17.449664429530202,72.48322147651007,52.348993288590606,20.13422818791946
E00001168,180,68,29,39,112,92,20,37.77777777777778,16.11111111111111,21.666666666666668,62.22222222222222,51.11111111111111,11.11111111111111
E00001169,173,61,23,38,112,85,27,35.26011560693642,13.294797687861271,21.965317919075144,64.73988439306359,49.13294797687861,15.606936416184972
E00001170,108,47,14,33,61,61,0,43.51851851851852,12.962962962962962,30.555555555555557,56.481481481481474,56.481481481481474,0
E00001171,144,41,17,24,103,84,19,28.47222222222222,11.805555555555555,16.666666666666664,71.52777777777779,58.333333333333336,13.194444444444445
E00001172,177,70,17,53,107,82,25,39.548022598870055,9.6045197740113,29.943502824858758,60.451977401129945,46.32768361581921,14.124293785310735
E00001173,213,67,32,35,146,122,24,31.455399061032864,15.023474178403756,16.431924882629108,68.54460093896714,57.27699530516433,11.267605633802818
E00001174,250,73,23,50,177,153,24,29.2,9.2,20,70.8,61.199999999999996,9.6
E00001175,128,63,31,32,65,51,14,49.21875,24.21875,25,50.78125,39.84375,10.9375
E00001176,154,58,21,37,96,73,23,37.66233766233766,13.636363636363635,24.025974025974026,62.33766233766234,47.4025974025974,14.935064935064934
E00001177,242,69,23,46,173,135,38,28.512396694214875,9.50413223140496,19.00826446280992,71.48760330578511,55.78512396694215,15.702479338842975
E00001178,224,67,24,43,157,125,32,29.910714285714285,10.714285714285714,19.196428571428573,70.08928571428571,55.80357142857143,14.285714285714285
E00001179,227,70,35,35,157,124,33,30.837004405286343,15.418502202643172,15.418502202643172,69.16299559471366,54.62555066079295,14.537444933920703
E00001180,121,36,9,27,85,72,13,29.75206611570248,7.43801652892562,22.31404958677686,70.24793388429752,59.50413223140496,10.743801652892563
E00001181,218,68,38,30,150,112,38,31.19266055045872,17.431192660550458,13.761467889908257,68.80733944954129,51.37614678899083,17.431192660550458
E00001182,154,55,25,30,99,83,16,35.714285714285715,16.233766233766232,19.480519480519483,64.28571428571429,53.896103896103895,10.38961038961039
E00001183,226,72,33,39,154,96,58,31.858407079646017,14.601769911504425,17.25663716814159,68.14159292035397,42.47787610619469,25.663716814159294
E00001184,208,66,29,37,142,118,24,31.73076923076923,13.942307692307693,17.78846153846154,68.26923076923077,56.730769230769226,11.538461538461538
E00001185,191,68,22,46,123,104,19,35.602094240837694,11.518324607329843,24.083769633507853,64.3979057591623,54.45026178010471,9.947643979057592
E00001186,160,47,19,28,113,92,21,29.375,11.875,17.5,70.625,57.49999999999999,13.125
E00001187,184,70,26,44,114,91,23,38.04347826086957,14.130434782608695,23.91304347826087,61.95652173913043,49.45652173913043,12.5
E00001188,174,74,33,41,100,80,20,42.5287356321839,18.96551724137931,23.563218390804597,57.47126436781609,45.97701149425287,11.494252873563218
E00001189,216,90,35,55,126,99,27,41.66666666666667,16.203703703703702,25.462962962962965,58.333333333333336,45.83333333333333,12.5
E00001191,218,73,33,40,145,118,27,33.48623853211009,15.137614678899084,18.34862385321101,66.5137614678899,54.12844036697248,12.385321100917432
E00001192,147,52,22,30,95,75,20,35.374149659863946,14.965986394557824,20.408163265306122,64.62585034013605,51.02040816326531,13.60544217687075
E00001193,205,77,34,43,128,102,26,37.5609756097561,16.585365853658537,20.975609756097562,62.4390243902439,49.75609756097561,12.682926829268293
E00001194,150,50,18,32,100,88,12,33.33333333333333,12,21.333333333333336,66.66666666666666,58.666666666666664,8
E00001195,129,61,25,36,68,46,22,47.286821705426355,19.379844961240313,27.906976744186046,52.71317829457365,35.65891472868217,17.05426356589147
E00001196,191,74,25,49,117,89,28,38.7434554973822,13.089005235602095,25.654450261780106,61.25654450261781,46.596858638743456,14.659685863874344
E00001197,153,53,29,24,100,80,20,34.64052287581699,18.954248366013072,15.686274509803921,65.359477124183,52.28758169934641,13.071895424836603
E00001198,121,46,11,35,75,64,11,38.01652892561984,9.090909090909092,28.92561983471074,61.98347107438017,52.892561983471076,9.090909090909092
E00001199,196,70,20,50,126,109,17,35.714285714285715,10.204081632653061,25.510204081632654,64.28571428571429,55.61224489795919,8.673469387755102
E00001200,147,67,24,43,80,62,18,45.57823129251701,16.3265306122449,29.25170068027211,54.421768707483,42.17687074829932,12.244897959183673
E00001201,180,83,37,46,97,77,20,46.111111111111114,20.555555555555554,25.555555555555554,53.888888888888886,42.77777777777778,11.11111111111111
E00001202,185,56,28,28,129,108,21,30.270270270270274,15.135135135135137,15.135135135135137,69.72972972972973,58.37837837837838,11.351351351351353
E00001203,120,27,11,16,93,75,18,22.5,9.166666666666666,13.333333333333334,77.5,62.5,15
E00001204,159,48,20,28,111,84,27,30.18867924528302,12.578616352201259,17.61006289308176,69.81132075471697,52.83018867924528,16.9811320754717
E00001205,191,61,29,32,130,99,31,31.93717277486911,15.18324607329843,16.75392670157068,68.06282722513089,51.832460732984295,16.230366492146597
E00001207,149,39,21,18,110,92,18,26.174496644295303,14.093959731543624,12.080536912751679,73.8255033557047,61.74496644295302,12.080536912751679
E00001208,161,63,39,24,98,63,35,39.130434782608695,24.22360248447205,14.906832298136646,60.86956521739131,39.130434782608695,21.73913043478261
E00001209,159,64,31,33,95,70,25,40.25157232704403,19.49685534591195,20.754716981132077,59.74842767295597,44.0251572327044,15.723270440251572
E00001210,182,55,18,37,127,100,27,30.21978021978022,9.89010989010989,20.32967032967033,69.78021978021978,54.94505494505495,14.835164835164836
E00001212,138,50,15,35,88,72,16,36.231884057971016,10.869565217391305,25.36231884057971,63.76811594202898,52.17391304347826,11.594202898550725
E00001213,132,55,26,29,77,54,23,41.66666666666667,19.696969696969695,21.96969696969697,58.333333333333336,40.909090909090914,17.424242424242426
E00001214,101,26,12,14,75,49,26,25.742574257425744,11.881188118811881,13.861386138613863,74.25742574257426,48.51485148514851,25.742574257425744
E00001215,130,49,24,25,81,50,31,37.69230769230769,18.461538461538463,19.230769230769234,62.30769230769231,38.46153846153847,23.846153846153847
E00001216,138,44,26,18,94,72,22,31.88405797101449,18.84057971014493,13.043478260869565,68.11594202898551,52.17391304347826,15.942028985507244
E00001217,167,47,20,27,120,101,19,28.143712574850298,11.976047904191617,16.16766467065868,71.8562874251497,60.47904191616767,11.377245508982035
E00001218,128,46,16,30,82,70,12,35.9375,12.5,23.4375,64.0625,54.6875,9.375
E00001219,185,57,18,39,128,101,27,30.810810810810814,9.72972972972973,21.08108108108108,69.1891891891892,54.59459459459459,14.594594594594595
E00001220,267,81,25,56,186,160,26,30.337078651685395,9.363295880149813,20.973782771535582,69.66292134831461,59.925093632958806,9.737827715355806
E00001221,148,41,15,26,107,80,27,27.7027027027027,10.135135135135135,17.56756756756757,72.2972972972973,54.054054054054056,18.243243243243242
E00001222,169,44,17,27,125,100,25,26.035502958579883,10.059171597633137,15.976331360946746,73.96449704142012,59.171597633136095,14.792899408284024
E00001223,204,62,26,36,142,113,29,30.392156862745097,12.745098039215685,17.647058823529413,69.6078431372549,55.392156862745104,14.215686274509803
E00001224,147,44,15,29,103,85,18,29.931972789115648,10.204081632653061,19.727891156462583,70.06802721088435,57.82312925170068,12.244897959183673
E00001226,133,53,19,34,80,64,16,39.849624060150376,14.285714285714285,25.563909774436087,60.150375939849624,48.1203007518797,12.030075187969924
E00001227,173,52,13,39,121,99,22,30.057803468208093,7.514450867052023,22.54335260115607,69.94219653179191,57.22543352601156,12.716763005780345
E00001228,200,53,28,25,147,118,29,26.5,14.000000000000002,12.5,73.5,59,14.499999999999998
E00001229,161,54,22,32,107,89,18,33.54037267080746,13.664596273291925,19.875776397515526,66.45962732919256,55.27950310559007,11.180124223602485
E00001230,160,45,27,18,115,95,20,28.125,16.875,11.25,71.875,59.375,12.5
E00001231,116,25,8,17,91,81,10,21.551724137931032,6.896551724137931,14.655172413793101,78.44827586206897,69.82758620689656,8.620689655172415
E00001232,101,26,11,15,75,64,11,25.742574257425744,10.891089108910892,14.85148514851485,74.25742574257426,63.366336633663366,10.891089108910892
E00001233,204,46,18,28,158,130,28,22.54901960784314,8.823529411764707,13.725490196078432,77.45098039215686,63.725490196078425,13.725490196078432
E00001234,137,46,17,29,91,62,29,33.57664233576642,12.408759124087592,21.16788321167883,66.42335766423358,45.25547445255474,21.16788321167883
E00001235,262,77,28,49,185,156,29,29.389312977099237,10.687022900763358,18.702290076335878,70.61068702290076,59.541984732824424,11.068702290076336
E00001236,156,44,9,35,112,94,18,28.205128205128204,5.769230769230769,22.435897435897438,71.7948717948718,60.256410256410255,11.538461538461538
E00001237,212,68,26,42,144,115,29,32.075471698113205,12.264150943396226,19.81132075471698,67.9245283018868,54.24528301886793,13.679245283018867
E00001238,169,43,16,27,126,102,24,25.443786982248522,9.467455621301776,15.976331360946746,74.55621301775149,60.35502958579882,14.201183431952662
E00001239,158,43,20,23,115,104,11,27.21518987341772,12.658227848101266,14.556962025316455,72.78481012658227,65.82278481012658,6.962025316455696
E00001240,162,46,20,26,116,95,21,28.39506172839506,12.345679012345679,16.049382716049383,71.60493827160494,58.64197530864198,12.962962962962962
E00001241,133,34,14,20,99,89,10,25.563909774436087,10.526315789473683,15.037593984962406,74.43609022556392,66.9172932330827,7.518796992481203
E00001242,172,44,18,26,128,111,17,25.581395348837212,10.465116279069768,15.11627906976744,74.4186046511628,64.53488372093024,9.883720930232558
E00001243,232,51,15,36,181,131,50,21.982758620689655,6.4655172413793105,15.517241379310345,78.01724137931035,56.46551724137932,21.551724137931032
E00001244,134,43,18,25,91,69,22,32.08955223880597,13.432835820895523,18.65671641791045,67.91044776119402,51.49253731343284,16.417910447761194
E00001245,102,15,5,10,87,79,8,14.705882352941178,4.901960784313726,9.803921568627452,85.29411764705883,77.45098039215686,7.8431372549019605
E00001246,120,39,17,22,81,66,15,32.5,14.166666666666666,18.333333333333332,67.5,55.00000000000001,12.5
E00001247,139,37,17,20,102,91,11,26.618705035971225,12.23021582733813,14.388489208633093,73.38129496402878,65.46762589928058,7.913669064748201
E00001248,174,47,23,24,127,109,18,27.011494252873565,13.218390804597702,13.793103448275861,72.98850574712644,62.643678160919535,10.344827586206897
E00001249,159,57,33,24,102,68,34,35.84905660377358,20.754716981132077,15.09433962264151,64.15094339622641,42.76729559748428,21.38364779874214
E00001250,157,40,15,25,117,104,13,25.477707006369428,9.554140127388536,15.92356687898089,74.52229299363057,66.2420382165605,8.280254777070063
E00001251,188,66,27,39,122,100,22,35.1063829787234,14.361702127659576,20.74468085106383,64.8936170212766,53.191489361702125,11.702127659574469
E00001252,102,32,17,15,70,58,12,31.372549019607842,16.666666666666664,14.705882352941178,68.62745098039215,56.86274509803921,11.76470588235294
E00001253,114,44,24,20,70,48,22,38.59649122807017,21.052631578947366,17.543859649122805,61.40350877192983,42.10526315789473,19.298245614035086
E00001254,181,54,26,28,127,84,43,29.83425414364641,14.3646408839779,15.469613259668508,70.1657458563536,46.408839779005525,23.756906077348066
E00001255,219,62,28,34,157,117,40,28.31050228310502,12.785388127853881,15.52511415525114,71.68949771689498,53.42465753424658,18.2648401826484
E00001256,169,59,28,31,110,97,13,34.9112426035503,16.56804733727811,18.34319526627219,65.08875739644971,57.396449704142015,7.6923076923076925
E00001257,173,58,19,39,115,75,40,33.52601156069364,10.982658959537572,22.54335260115607,66.47398843930635,43.35260115606936,23.121387283236995
E00001258,148,49,26,23,99,80,19,33.108108108108105,17.56756756756757,15.54054054054054,66.8918918918919,54.054054054054056,12.837837837837837
E00001259,141,52,19,33,89,69,20,36.87943262411347,13.47517730496454,23.404255319148938,63.12056737588653,48.93617021276596,14.184397163120568
E00001261,177,65,28,37,112,88,24,36.72316384180791,15.819209039548024,20.903954802259886,63.2768361581921,49.717514124293785,13.559322033898304
E00001262,207,73,38,35,134,98,36,35.26570048309179,18.357487922705314,16.908212560386474,64.73429951690821,47.34299516908212,17.391304347826086
E00001265,175,60,25,35,115,86,29,34.285714285714285,14.285714285714285,20,65.71428571428571,49.142857142857146,16.57142857142857
E00001266,78,27,10,17,51,37,14,34.61538461538461,12.82051282051282,21.794871794871796,65.38461538461539,47.43589743589743,17.94871794871795
E00001267,158,48,21,27,110,87,23,30.37974683544304,13.291139240506327,17.088607594936708,69.62025316455697,55.06329113924051,14.556962025316455
E00001268,183,42,20,22,141,109,32,22.950819672131146,10.92896174863388,12.021857923497267,77.04918032786885,59.56284153005464,17.48633879781421
E00001269,136,51,27,24,85,62,23,37.5,19.852941176470587,17.647058823529413,62.5,45.588235294117645,16.911764705882355
E00001270,296,88,27,61,208,161,47,29.72972972972973,9.121621621621621,20.60810810810811,70.27027027027027,54.391891891891895,15.878378378378377
E00001271,262,81,41,40,181,128,53,30.916030534351147,15.648854961832063,15.267175572519085,69.08396946564885,48.854961832061065,20.229007633587788
E00001272,161,56,13,43,105,88,17,34.78260869565217,8.074534161490684,26.70807453416149,65.21739130434783,54.6583850931677,10.559006211180124
E00001273,219,71,22,49,148,128,20,32.42009132420091,10.045662100456621,22.37442922374429,67.57990867579909,58.44748858447488,9.1324200913242
E00001274,175,51,15,36,124,80,44,29.142857142857142,8.571428571428571,20.57142857142857,70.85714285714285,45.714285714285715,25.142857142857146
E00001275,210,83,38,45,127,97,30,39.523809523809526,18.095238095238095,21.428571428571427,60.476190476190474,46.19047619047619,14.285714285714285
E00001276,167,57,31,26,110,98,12,34.13173652694611,18.562874251497004,15.568862275449103,65.86826347305389,58.68263473053892,7.18562874251497
E00001277,193,68,22,46,125,82,43,35.233160621761655,11.398963730569948,23.83419689119171,64.76683937823834,42.487046632124354,22.279792746113987
E00001278,181,67,33,34,114,98,16,37.01657458563536,18.23204419889503,18.784530386740332,62.98342541436463,54.14364640883977,8.83977900552486
E00001279,159,55,16,39,104,93,11,34.59119496855346,10.062893081761008,24.528301886792452,65.40880503144653,58.490566037735846,6.918238993710692
E00001280,108,40,17,23,68,59,9,37.03703703703704,15.74074074074074,21.296296296296298,62.96296296296296,54.629629629629626,8.333333333333332
E00001281,180,66,28,38,114,91,23,36.666666666666664,15.555555555555555,21.11111111111111,63.33333333333333,50.55555555555556,12.777777777777777
E00001282,188,64,20,44,124,109,15,34.04255319148936,10.638297872340425,23.404255319148938,65.95744680851064,57.97872340425532,7.9787234042553195
E00001283,191,55,21,34,136,108,28,28.79581151832461,10.99476439790576,17.801047120418847,71.20418848167539,56.54450261780105,14.659685863874344
E00001284,127,39,16,23,88,67,21,30.708661417322837,12.598425196850393,18.11023622047244,69.29133858267717,52.75590551181102,16.535433070866144
E00001285,154,58,26,32,96,71,25,37.66233766233766,16.883116883116884,20.77922077922078,62.33766233766234,46.103896103896105,16.233766233766232
E00001286,168,43,14,29,125,109,16,25.595238095238095,8.333333333333332,17.261904761904763,74.40476190476191,64.88095238095238,9.523809523809524
E00001288,287,89,36,53,198,166,32,31.010452961672474,12.543554006968641,18.466898954703833,68.98954703832753,57.8397212543554,11.149825783972126
E00001289,161,50,18,32,111,96,15,31.05590062111801,11.180124223602485,19.875776397515526,68.94409937888199,59.62732919254658,9.316770186335404
E00001290,192,59,21,38,133,106,27,30.729166666666668,10.9375,19.791666666666664,69.27083333333334,55.208333333333336,14.0625
E00001291,264,73,30,43,191,145,46,27.65151515151515,11.363636363636363,16.28787878787879,72.34848484848484,54.92424242424242,17.424242424242426
E00001292,144,39,20,19,105,84,21,27.083333333333332,13.88888888888889,13.194444444444445,72.91666666666666,58.333333333333336,14.583333333333334
E00001293,178,71,31,40,107,92,15,39.8876404494382,17.415730337078653,22.47191011235955,60.1123595505618,51.68539325842697,8.426966292134832
E00001294,269,94,43,51,175,153,22,34.94423791821561,15.985130111524162,18.95910780669145,65.05576208178438,56.877323420074354,8.178438661710038
E00001295,147,42,21,21,105,68,37,28.57142857142857,14.285714285714285,14.285714285714285,71.42857142857143,46.25850340136054,25.170068027210885
E00001296,168,44,17,27,124,97,27,26.190476190476193,10.119047619047619,16.071428571428573,73.80952380952381,57.738095238095234,16.071428571428573
E00001297,200,62,24,38,138,94,44,31,12,19,69,47,22
E00001298,207,67,25,42,140,81,59,32.367149758454104,12.077294685990339,20.28985507246377,67.6328502415459,39.130434782608695,28.502415458937197
E00001299,182,60,26,34,122,95,27,32.967032967032964,14.285714285714285,18.681318681318682,67.03296703296702,52.197802197802204,14.835164835164836
E00001300,185,70,31,39,115,79,36,37.83783783783784,16.756756756756758,21.08108108108108,62.16216216216216,42.7027027027027,19.45945945945946
E00001301,164,36,15,21,128,85,43,21.951219512195124,9.146341463414634,12.804878048780488,78.04878048780488,51.829268292682926,26.21951219512195
E00001302,164,37,17,20,127,95,32,22.5609756097561,10.365853658536585,12.195121951219512,77.4390243902439,57.92682926829268,19.51219512195122
E00001303,157,48,24,24,109,79,30,30.573248407643312,15.286624203821656,15.286624203821656,69.42675159235668,50.318471337579616,19.10828025477707
E00001304,154,41,18,23,113,88,25,26.623376623376622,11.688311688311687,14.935064935064934,73.37662337662337,57.14285714285714,16.233766233766232
E00001305,196,59,24,35,137,101,36,30.102040816326532,12.244897959183673,17.857142857142858,69.89795918367348,51.53061224489795,18.367346938775512
E00001306,214,46,18,28,168,140,28,21.49532710280374,8.411214953271028,13.084112149532709,78.50467289719626,65.42056074766354,13.084112149532709
E00001307,133,37,15,22,96,70,26,27.819548872180448,11.278195488721805,16.541353383458645,72.18045112781954,52.63157894736842,19.548872180451127
E00001308,197,66,37,29,131,99,32,33.50253807106599,18.781725888324875,14.720812182741117,66.49746192893402,50.25380710659898,16.243654822335024
E00001309,143,54,22,32,89,64,25,37.76223776223776,15.384615384615385,22.377622377622377,62.23776223776224,44.75524475524475,17.482517482517483
E00001310,111,39,16,23,72,57,15,35.13513513513514,14.414414414414415,20.72072072072072,64.86486486486487,51.35135135135135,13.513513513513514
E00001311,174,46,24,22,128,90,38,26.436781609195403,13.793103448275861,12.643678160919542,73.5632183908046,51.724137931034484,21.839080459770116
E00001312,164,50,20,30,114,85,29,30.48780487804878,12.195121951219512,18.29268292682927,69.51219512195121,51.829268292682926,17.682926829268293
E00001313,135,51,26,25,84,66,18,37.77777777777778,19.25925925925926,18.51851851851852,62.22222222222222,48.888888888888886,13.333333333333334
E00001314,167,57,27,30,110,88,22,34.13173652694611,16.16766467065868,17.964071856287426,65.86826347305389,52.69461077844312,13.17365269461078
E00001315,113,34,12,22,79,65,14,30.08849557522124,10.619469026548673,19.469026548672566,69.91150442477876,57.52212389380531,12.389380530973451
E00001316,127,37,9,28,90,76,14,29.133858267716533,7.086614173228346,22.04724409448819,70.86614173228347,59.84251968503938,11.023622047244094
E00001317,197,62,21,41,135,109,26,31.472081218274113,10.65989847715736,20.812182741116754,68.52791878172589,55.32994923857868,13.19796954314721
E00001318,147,53,18,35,94,78,16,36.054421768707485,12.244897959183673,23.809523809523807,63.94557823129252,53.06122448979592,10.884353741496598
E00001319,198,67,22,45,131,108,23,33.83838383838384,11.11111111111111,22.727272727272727,66.16161616161617,54.54545454545454,11.616161616161616
E00001320,180,61,23,38,119,95,24,33.88888888888889,12.777777777777777,21.11111111111111,66.11111111111111,52.77777777777778,13.333333333333334
E00001321,163,64,33,31,99,83,16,39.263803680981596,20.245398773006134,19.018404907975462,60.73619631901841,50.920245398773,9.815950920245399
E00001322,252,83,26,57,169,144,25,32.93650793650794,10.317460317460316,22.61904761904762,67.06349206349206,57.14285714285714,9.920634920634921
E00001323,179,56,21,35,123,100,23,31.28491620111732,11.731843575418994,19.553072625698324,68.71508379888269,55.865921787709496,12.849162011173185
E00001324,195,72,25,47,123,107,16,36.92307692307693,12.82051282051282,24.102564102564102,63.07692307692307,54.871794871794876,8.205128205128204
E00001325,136,42,19,23,94,80,14,30.88235294117647,13.970588235294118,16.911764705882355,69.11764705882352,58.82352941176471,10.294117647058822
E00001326,157,39,16,23,118,86,32,24.840764331210192,10.191082802547772,14.64968152866242,75.15923566878982,54.77707006369427,20.382165605095544
E00001327,161,46,23,23,115,88,27,28.57142857142857,14.285714285714285,14.285714285714285,71.42857142857143,54.6583850931677,16.77018633540373
E00001328,167,51,23,28,116,105,11,30.538922155688624,13.77245508982036,16.766467065868262,69.46107784431138,62.874251497005986,6.58682634730539
E00001329,161,75,22,53,86,77,9,46.58385093167702,13.664596273291925,32.91925465838509,53.41614906832298,47.82608695652174,5.590062111801243
E00001330,174,54,29,25,120,91,29,31.03448275862069,16.666666666666664,14.367816091954023,68.96551724137932,52.29885057471264,16.666666666666664
E00001331,105,35,13,22,70,61,9,33.33333333333333,12.380952380952381,20.952380952380953,66.66666666666666,58.0952380952381,8.571428571428571
E00001333,138,33,14,19,105,85,20,23.91304347826087,10.144927536231885,13.768115942028986,76.08695652173914,61.59420289855072,14.492753623188406
E00001334,131,31,12,19,100,81,19,23.66412213740458,9.16030534351145,14.50381679389313,76.33587786259542,61.832061068702295,14.50381679389313
E00001335,173,51,21,30,122,102,20,29.47976878612717,12.138728323699421,17.341040462427745,70.52023121387283,58.95953757225434,11.560693641618498
E00001336,153,47,27,20,106,92,14,30.718954248366014,17.647058823529413,13.071895424836603,69.28104575163398,60.130718954248366,9.15032679738562
E00001337,170,61,28,33,109,90,19,35.88235294117647,16.470588235294116,19.411764705882355,64.11764705882354,52.94117647058824,11.176470588235295
E00001338,166,53,27,26,113,86,27,31.92771084337349,16.265060240963855,15.66265060240964,68.07228915662651,51.80722891566265,16.265060240963855
E00001339,163,45,14,31,118,99,19,27.607361963190186,8.588957055214724,19.018404907975462,72.39263803680981,60.73619631901841,11.65644171779141
E00001340,168,53,19,34,115,95,20,31.547619047619047,11.30952380952381,20.238095238095237,68.45238095238095,56.547619047619044,11.904761904761903
E00001341,128,32,13,19,96,75,21,25,10.15625,14.84375,75,58.59375,16.40625
E00001342,109,32,7,25,77,63,14,29.357798165137616,6.422018348623854,22.93577981651376,70.64220183486239,57.798165137614674,12.844036697247708
E00001343,167,57,26,31,110,90,20,34.13173652694611,15.568862275449103,18.562874251497004,65.86826347305389,53.89221556886228,11.976047904191617
E00001344,163,44,13,31,119,99,20,26.993865030674847,7.975460122699387,19.018404907975462,73.00613496932516,60.73619631901841,12.269938650306749
E00001345,205,61,24,37,144,115,29,29.756097560975608,11.707317073170733,18.048780487804876,70.24390243902438,56.09756097560976,14.146341463414632
E00001346,184,62,24,38,122,101,21,33.69565217391305,13.043478260869565,20.652173913043477,66.30434782608695,54.891304347826086,11.41304347826087
E00001347,187,60,25,35,127,99,28,32.085561497326204,13.368983957219251,18.71657754010695,67.9144385026738,52.94117647058824,14.973262032085561
E00001348,170,55,26,29,115,84,31,32.35294117647059,15.294117647058824,17.058823529411764,67.64705882352942,49.411764705882355,18.235294117647058
E00001349,128,35,10,25,93,69,24,27.34375,7.8125,19.53125,72.65625,53.90625,18.75
E00001350,136,35,12,23,101,94,7,25.735294117647058,8.823529411764707,16.911764705882355,74.26470588235294,69.11764705882352,5.147058823529411
E00001351,86,31,16,15,55,51,4,36.04651162790697,18.6046511627907,17.441860465116278,63.95348837209303,59.30232558139535,4.651162790697675
E00001352,251,66,26,40,185,151,34,26.294820717131472,10.358565737051793,15.936254980079681,73.70517928286853,60.1593625498008,13.545816733067728
E00001353,203,63,21,42,140,114,26,31.03448275862069,10.344827586206897,20.689655172413794,68.96551724137932,56.15763546798029,12.807881773399016
E00001354,144,55,31,24,89,79,10,38.19444444444444,21.52777777777778,16.666666666666664,61.80555555555556,54.861111111111114,6.944444444444445
E00001355,162,52,27,25,110,80,30,32.098765432098766,16.666666666666664,15.432098765432098,67.90123456790124,49.382716049382715,18.51851851851852
E00001356,148,45,14,31,103,87,16,30.405405405405407,9.45945945945946,20.945945945945947,69.5945945945946,58.78378378378378,10.81081081081081
E00001357,125,29,12,17,96,70,26,23.200000000000003,9.6,13.600000000000001,76.8,56.00000000000001,20.8
E00001358,200,53,27,26,147,118,29,26.5,13.5,13,73.5,59,14.499999999999998
E00001359,106,21,12,9,85,75,10,19.81132075471698,11.320754716981133,8.49056603773585,80.18867924528303,70.75471698113208,9.433962264150944
E00001360,180,46,17,29,134,93,41,25.555555555555554,9.444444444444445,16.11111111111111,74.44444444444444,51.66666666666667,22.77777777777778
E00001361,148,53,25,28,95,76,19,35.810810810810814,16.89189189189189,18.91891891891892,64.1891891891892,51.35135135135135,12.837837837837837
E00001362,204,57,23,34,147,102,45,27.941176470588236,11.27450980392157,16.666666666666664,72.05882352941177,50,22.058823529411764
E00001363,162,38,19,19,124,94,30,23.456790123456788,11.728395061728394,11.728395061728394,76.5432098765432,58.0246913580247,18.51851851851852
E00001364,168,53,20,33,115,84,31,31.547619047619047,11.904761904761903,19.642857142857142,68.45238095238095,50,18.452380952380953
E00001365,155,47,21,26,108,80,28,30.32258064516129,13.548387096774196,16.7741935483871,69.6774193548387,51.61290322580645,18.064516129032256
E00001366,174,42,16,26,132,90,42,24.137931034482758,9.195402298850574,14.942528735632186,75.86206896551724,51.724137931034484,24.137931034482758
E00001367,134,35,16,19,99,71,28,26.119402985074625,11.940298507462686,14.17910447761194,73.88059701492537,52.98507462686567,20.8955223880597
E00001368,152,55,24,31,97,58,39,36.18421052631579,15.789473684210526,20.394736842105264,63.81578947368421,38.15789473684211,25.657894736842106
E00001369,163,44,18,26,119,95,24,26.993865030674847,11.042944785276074,15.950920245398773,73.00613496932516,58.282208588957054,14.723926380368098
E00001370,136,44,13,31,92,60,32,32.35294117647059,9.558823529411764,22.794117647058822,67.64705882352942,44.11764705882353,23.52941176470588
E00001371,193,42,16,26,151,109,42,21.761658031088082,8.290155440414509,13.471502590673575,78.23834196891191,56.476683937823836,21.761658031088082
E00001372,151,58,34,24,93,62,31,38.41059602649007,22.516556291390728,15.894039735099339,61.58940397350994,41.05960264900662,20.52980132450331
E00001374,161,55,35,20,106,78,28,34.161490683229815,21.73913043478261,12.422360248447205,65.83850931677019,48.4472049689441,17.391304347826086
E00001375,167,56,21,35,111,69,42,33.532934131736525,12.574850299401197,20.958083832335326,66.46706586826348,41.31736526946108,25.149700598802394
E00001376,185,47,22,25,138,97,41,25.405405405405407,11.891891891891893,13.513513513513514,74.5945945945946,52.43243243243243,22.162162162162165
E00001377,47,12,7,5,35,29,6,25.53191489361702,14.893617021276595,10.638297872340425,74.46808510638297,61.702127659574465,12.76595744680851
E00001378,176,49,21,28,127,110,17,27.84090909090909,11.931818181818182,15.909090909090908,72.1590909090909,62.5,9.659090909090908
E00001379,279,54,25,29,225,188,37,19.35483870967742,8.960573476702509,10.39426523297491,80.64516129032258,67.38351254480287,13.261648745519713
E00001380,164,55,22,33,109,68,41,33.53658536585366,13.414634146341465,20.121951219512198,66.46341463414635,41.46341463414634,25
E00001381,167,57,25,32,110,76,34,34.13173652694611,14.97005988023952,19.16167664670659,65.86826347305389,45.50898203592814,20.359281437125748
E00001382,130,44,10,34,86,73,13,33.84615384615385,7.6923076923076925,26.153846153846157,66.15384615384615,56.15384615384615,10
E00001383,130,38,19,19,92,72,20,29.230769230769234,14.615384615384617,14.615384615384617,70.76923076923077,55.38461538461539,15.384615384615385
E00001384,133,43,17,26,90,74,16,32.33082706766917,12.781954887218044,19.548872180451127,67.66917293233082,55.639097744360896,12.030075187969924
E00001385,175,55,26,29,120,84,36,31.428571428571427,14.857142857142858,16.57142857142857,68.57142857142857,48,20.57142857142857
E00001386,168,55,20,35,113,82,31,32.73809523809524,11.904761904761903,20.833333333333336,67.26190476190477,48.80952380952381,18.452380952380953
E00001387,171,53,22,31,118,104,14,30.994152046783626,12.865497076023392,18.128654970760234,69.00584795321637,60.81871345029239,8.187134502923977
E00001388,196,95,42,53,101,86,15,48.46938775510204,21.428571428571427,27.040816326530614,51.53061224489795,43.87755102040816,7.653061224489796
E00001389,162,55,14,41,107,77,30,33.95061728395062,8.641975308641975,25.308641975308642,66.0493827160494,47.53086419753087,18.51851851851852
E00001390,123,26,8,18,97,76,21,21.138211382113823,6.504065040650407,14.634146341463413,78.86178861788618,61.78861788617886,17.073170731707318
E00001391,152,49,22,27,103,74,29,32.23684210526316,14.473684210526317,17.763157894736842,67.76315789473685,48.68421052631579,19.078947368421055
E00001392,178,41,14,27,137,95,42,23.03370786516854,7.865168539325842,15.168539325842698,76.96629213483146,53.37078651685393,23.595505617977526
E00001393,149,45,17,28,104,83,21,30.201342281879196,11.409395973154362,18.79194630872483,69.79865771812081,55.70469798657718,14.093959731543624
E00001394,189,68,28,40,121,90,31,35.978835978835974,14.814814814814813,21.164021164021165,64.02116402116403,47.61904761904761,16.402116402116402
E00001395,145,56,30,26,89,61,28,38.62068965517241,20.689655172413794,17.93103448275862,61.37931034482759,42.06896551724138,19.310344827586206
E00001396,163,50,29,21,113,96,17,30.67484662576687,17.791411042944784,12.883435582822086,69.32515337423312,58.895705521472394,10.429447852760736
E00001397,174,53,16,37,121,100,21,30.45977011494253,9.195402298850574,21.26436781609195,69.54022988505747,57.47126436781609,12.068965517241379
E00001398,115,44,13,31,71,58,13,38.26086956521739,11.304347826086957,26.956521739130434,61.73913043478261,50.43478260869565,11.304347826086957
E00001399,118,36,15,21,82,69,13,30.508474576271187,12.711864406779661,17.796610169491526,69.49152542372882,58.47457627118644,11.016949152542372
E00001400,152,52,13,39,100,85,15,34.21052631578947,8.552631578947368,25.657894736842106,65.78947368421053,55.92105263157895,9.868421052631579
E00001401,129,49,20,29,80,70,10,37.98449612403101,15.503875968992247,22.48062015503876,62.01550387596899,54.263565891472865,7.751937984496124
E00001402,248,67,31,36,181,158,23,27.016129032258064,12.5,14.516129032258066,72.98387096774194,63.70967741935484,9.274193548387096
E00001403,234,73,24,49,161,140,21,31.196581196581196,10.256410256410255,20.94017094017094,68.80341880341881,59.82905982905983,8.974358974358974
E00001404,149,38,20,18,111,91,20,25.503355704697988,13.422818791946309,12.080536912751679,74.49664429530202,61.07382550335571,13.422818791946309
E00001405,210,72,21,51,138,120,18,34.285714285714285,10,24.285714285714285,65.71428571428571,57.14285714285714,8.571428571428571
E00001406,164,41,17,24,123,102,21,25,10.365853658536585,14.634146341463413,75,62.19512195121951,12.804878048780488
E00001407,242,68,21,47,174,141,33,28.09917355371901,8.677685950413224,19.421487603305785,71.900826446281,58.26446280991735,13.636363636363635
E00001408,114,18,8,10,96,83,13,15.789473684210526,7.017543859649122,8.771929824561402,84.21052631578947,72.80701754385966,11.403508771929824
E00001410,187,55,27,28,132,108,24,29.411764705882355,14.43850267379679,14.973262032085561,70.58823529411765,57.75401069518716,12.834224598930483
E00001411,117,41,16,25,76,57,19,35.04273504273504,13.675213675213676,21.367521367521366,64.95726495726495,48.717948717948715,16.23931623931624
E00001412,123,36,14,22,87,73,14,29.268292682926827,11.38211382113821,17.88617886178862,70.73170731707317,59.34959349593496,11.38211382113821
E00001413,148,56,24,32,92,69,23,37.83783783783784,16.216216216216218,21.62162162162162,62.16216216216216,46.62162162162162,15.54054054054054
E00001415,161,58,24,34,103,85,18,36.024844720496894,14.906832298136646,21.11801242236025,63.975155279503106,52.79503105590062,11.180124223602485
E00001416,145,50,16,34,95,74,21,34.48275862068966,11.03448275862069,23.448275862068964,65.51724137931035,51.03448275862069,14.482758620689657
E00001417,168,66,16,50,102,92,10,39.285714285714285,9.523809523809524,29.761904761904763,60.71428571428571,54.761904761904766,5.952380952380952
E00001418,130,37,18,19,93,77,16,28.46153846153846,13.846153846153847,14.615384615384617,71.53846153846153,59.23076923076923,12.307692307692308
E00001419,158,35,14,21,123,108,15,22.151898734177212,8.860759493670885,13.291139240506327,77.84810126582279,68.35443037974683,9.49367088607595
E00001420,144,47,13,34,97,87,10,32.63888888888889,9.027777777777777,23.61111111111111,67.36111111111111,60.416666666666664,6.944444444444445
E00001421,146,33,14,19,113,98,15,22.602739726027394,9.58904109589041,13.013698630136986,77.3972602739726,67.12328767123287,10.273972602739725
E00001422,59,22,7,15,37,25,12,37.28813559322034,11.864406779661017,25.423728813559322,62.71186440677966,42.3728813559322,20.33898305084746
E00001423,208,64,32,32,144,94,50,30.76923076923077,15.384615384615385,15.384615384615385,69.23076923076923,45.19230769230769,24.03846153846154
E00001424,164,50,17,33,114,84,30,30.48780487804878,10.365853658536585,20.121951219512198,69.51219512195121,51.21951219512195,18.29268292682927
E00001425,130,38,15,23,92,71,21,29.230769230769234,11.538461538461538,17.692307692307693,70.76923076923077,54.61538461538461,16.153846153846153
E00001426,104,33,15,18,71,53,18,31.73076923076923,14.423076923076922,17.307692307692307,68.26923076923077,50.96153846153846,17.307692307692307
E00001427,164,42,17,25,122,110,12,25.609756097560975,10.365853658536585,15.24390243902439,74.39024390243902,67.07317073170732,7.317073170731707
E00001428,164,33,12,21,131,112,19,20.121951219512198,7.317073170731707,12.804878048780488,79.8780487804878,68.29268292682927,11.585365853658537
E00001429,255,67,25,42,188,157,31,26.27450980392157,9.803921568627452,16.470588235294116,73.72549019607844,61.568627450980394,12.156862745098039
E00001430,140,39,12,27,101,83,18,27.857142857142858,8.571428571428571,19.28571428571429,72.14285714285714,59.285714285714285,12.857142857142856
E00001431,108,34,14,20,74,52,22,31.48148148148148,12.962962962962962,18.51851851851852,68.51851851851852,48.148148148148145,20.37037037037037
E00001432,186,54,23,31,132,102,30,29.03225806451613,12.365591397849462,16.666666666666664,70.96774193548387,54.83870967741935,16.129032258064516
E00001433,102,36,15,21,66,50,16,35.294117647058826,14.705882352941178,20.588235294117645,64.70588235294117,49.01960784313725,15.686274509803921
E00001434,159,43,16,27,116,88,28,27.044025157232703,10.062893081761008,16.9811320754717,72.95597484276729,55.34591194968554,17.61006289308176
E00001435,172,45,16,29,127,110,17,26.16279069767442,9.30232558139535,16.86046511627907,73.83720930232558,63.95348837209303,9.883720930232558
E00001436,165,54,14,40,111,93,18,32.72727272727273,8.484848484848486,24.242424242424242,67.27272727272727,56.36363636363636,10.909090909090908
E00001437,116,35,18,17,81,66,15,30.17241379310345,15.517241379310345,14.655172413793101,69.82758620689656,56.896551724137936,12.931034482758621
E00001438,133,32,14,18,101,79,22,24.06015037593985,10.526315789473683,13.533834586466165,75.93984962406014,59.3984962406015,16.541353383458645
E00001439,140,41,10,31,99,87,12,29.28571428571429,7.142857142857142,22.142857142857142,70.71428571428572,62.142857142857146,8.571428571428571
E00001440,137,32,10,22,105,90,15,23.357664233576642,7.2992700729927,16.05839416058394,76.64233576642336,65.69343065693431,10.948905109489052
E00001441,158,44,16,28,114,93,21,27.848101265822784,10.126582278481013,17.72151898734177,72.15189873417721,58.86075949367089,13.291139240506327
E00001442,147,49,14,35,98,80,18,33.33333333333333,9.523809523809524,23.809523809523807,66.66666666666666,54.421768707483,12.244897959183673
E00001443,149,38,14,24,111,90,21,25.503355704697988,9.395973154362416,16.10738255033557,74.49664429530202,60.40268456375839,14.093959731543624
E00001444,158,48,18,30,110,98,12,30.37974683544304,11.39240506329114,18.9873417721519,69.62025316455697,62.0253164556962,7.59493670886076
E00001445,123,35,13,22,88,76,12,28.455284552845526,10.569105691056912,17.88617886178862,71.54471544715447,61.78861788617886,9.75609756097561
E00001446,186,34,10,24,152,111,41,18.27956989247312,5.376344086021505,12.903225806451612,81.72043010752688,59.67741935483871,22.043010752688172
E00001447,216,57,23,34,159,137,22,26.38888888888889,10.648148148148149,15.74074074074074,73.61111111111111,63.42592592592593,10.185185185185185
E00001448,197,45,14,31,152,131,21,22.84263959390863,7.1065989847715745,15.736040609137056,77.15736040609137,66.49746192893402,10.65989847715736
E00001449,179,49,32,17,130,103,27,27.37430167597765,17.877094972067038,9.497206703910614,72.62569832402235,57.54189944134078,15.083798882681565
E00001450,132,34,8,26,98,88,10,25.757575757575758,6.0606060606060606,19.696969696969695,74.24242424242425,66.66666666666666,7.575757575757576
E00001451,164,49,23,26,115,85,30,29.878048780487802,14.02439024390244,15.853658536585366,70.1219512195122,51.829268292682926,18.29268292682927
E00001452,163,44,17,27,119,99,20,26.993865030674847,10.429447852760736,16.56441717791411,73.00613496932516,60.73619631901841,12.269938650306749
E00001453,193,45,21,24,148,122,26,23.316062176165804,10.880829015544041,12.435233160621761,76.68393782383419,63.212435233160626,13.471502590673575
E00001454,99,34,7,27,65,53,12,34.34343434343434,7.07070707070707,27.27272727272727,65.65656565656566,53.535353535353536,12.121212121212121
E00001455,256,57,25,32,199,172,27,22.265625,9.765625,12.5,77.734375,67.1875,10.546875
E00001456,165,44,16,28,121,94,27,26.666666666666668,9.696969696969697,16.969696969696972,73.33333333333333,56.96969696969697,16.363636363636363
E00001457,183,42,15,27,141,108,33,22.950819672131146,8.19672131147541,14.754098360655737,77.04918032786885,59.01639344262295,18.0327868852459
E00001458,178,42,21,21,136,112,24,23.595505617977526,11.797752808988763,11.797752808988763,76.40449438202246,62.92134831460674,13.48314606741573
E00001459,175,49,18,31,126,98,28,28.000000000000004,10.285714285714285,17.71428571428571,72,56.00000000000001,16
E00001460,210,57,29,28,153,116,37,27.142857142857142,13.80952380952381,13.333333333333334,72.85714285714285,55.23809523809524,17.61904761904762
E00001461,142,40,17,23,102,74,28,28.169014084507044,11.971830985915492,16.19718309859155,71.83098591549296,52.112676056338024,19.718309859154928
E00001462,172,54,23,31,118,95,23,31.3953488372093,13.372093023255813,18.023255813953487,68.6046511627907,55.23255813953488,13.372093023255813
E00001463,126,37,12,25,89,78,11,29.365079365079367,9.523809523809524,19.841269841269842,70.63492063492063,61.904761904761905,8.73015873015873
E00001464,212,66,33,33,146,129,17,31.132075471698112,15.566037735849056,15.566037735849056,68.86792452830188,60.84905660377359,8.018867924528301
E00001465,209,65,31,34,144,109,35,31.100478468899524,14.832535885167463,16.267942583732058,68.89952153110048,52.15311004784689,16.74641148325359
E00001466,241,56,18,38,185,149,36,23.236514522821576,7.468879668049793,15.767634854771783,76.76348547717843,61.82572614107884,14.937759336099585
E00001467,173,42,18,24,131,111,20,24.277456647398843,10.404624277456648,13.872832369942195,75.72254335260115,64.16184971098265,11.560693641618498
E00001468,190,57,17,40,133,113,20,30,8.947368421052632,21.052631578947366,70,59.473684210526315,10.526315789473683
E00001469,91,35,16,19,56,50,6,38.46153846153847,17.582417582417584,20.87912087912088,61.53846153846154,54.94505494505495,6.593406593406594
E00001470,119,38,18,20,81,69,12,31.932773109243694,15.126050420168067,16.80672268907563,68.0672268907563,57.98319327731093,10.084033613445378
E00001471,188,47,19,28,141,118,23,25,10.106382978723403,14.893617021276595,75,62.76595744680851,12.23404255319149
E00001472,170,47,22,25,123,79,44,27.647058823529413,12.941176470588237,14.705882352941178,72.35294117647058,46.470588235294116,25.882352941176475
E00001474,210,54,27,27,156,134,22,25.71428571428571,12.857142857142856,12.857142857142856,74.28571428571429,63.8095238095238,10.476190476190476
E00001475,180,55,22,33,125,106,19,30.555555555555557,12.222222222222221,18.333333333333332,69.44444444444444,58.88888888888889,10.555555555555555
E00001476,159,47,20,27,112,79,33,29.559748427672954,12.578616352201259,16.9811320754717,70.44025157232704,49.685534591194966,20.754716981132077
E00001477,118,31,19,12,87,70,17,26.27118644067797,16.101694915254235,10.16949152542373,73.72881355932203,59.32203389830508,14.40677966101695
E00001478,217,66,30,36,151,124,27,30.414746543778804,13.82488479262673,16.589861751152075,69.5852534562212,57.14285714285714,12.442396313364055
E00001479,118,37,17,20,81,61,20,31.35593220338983,14.40677966101695,16.94915254237288,68.64406779661016,51.69491525423729,16.94915254237288
E00001480,145,46,20,26,99,82,17,31.724137931034484,13.793103448275861,17.93103448275862,68.27586206896552,56.55172413793104,11.724137931034482
E00001481,177,50,22,28,127,97,30,28.24858757062147,12.429378531073446,15.819209039548024,71.75141242937853,54.80225988700565,16.94915254237288
E00001482,129,42,17,25,87,72,15,32.55813953488372,13.178294573643413,19.379844961240313,67.44186046511628,55.81395348837209,11.627906976744185
E00001483,169,39,11,28,130,106,24,23.076923076923077,6.508875739644971,16.56804733727811,76.92307692307693,62.721893491124256,14.201183431952662
E00001484,112,44,16,28,68,61,7,39.285714285714285,14.285714285714285,25,60.71428571428571,54.46428571428571,6.25
E00001485,130,40,17,23,90,77,13,30.76923076923077,13.076923076923078,17.692307692307693,69.23076923076923,59.23076923076923,10
E00001486,199,60,28,32,139,122,17,30.15075376884422,14.07035175879397,16.08040201005025,69.84924623115577,61.30653266331658,8.542713567839195
E00001487,183,58,26,32,125,96,29,31.693989071038253,14.207650273224044,17.48633879781421,68.30601092896174,52.459016393442624,15.846994535519126
E00001488,172,42,14,28,130,103,27,24.418604651162788,8.13953488372093,16.27906976744186,75.5813953488372,59.883720930232556,15.69767441860465
E00001489,165,43,22,21,122,93,29,26.060606060606062,13.333333333333334,12.727272727272727,73.93939393939394,56.36363636363636,17.575757575757574
E00001490,202,57,26,31,145,106,39,28.217821782178216,12.871287128712872,15.346534653465346,71.78217821782178,52.475247524752476,19.306930693069308
E00001491,194,51,26,25,143,108,35,26.288659793814436,13.402061855670103,12.886597938144329,73.71134020618557,55.670103092783506,18.04123711340206
E00001492,262,68,24,44,194,167,27,25.954198473282442,9.16030534351145,16.793893129770993,74.04580152671755,63.74045801526718,10.305343511450381
E00001493,195,62,27,35,133,107,26,31.794871794871792,13.846153846153847,17.94871794871795,68.2051282051282,54.871794871794876,13.333333333333334
E00001494,198,67,26,41,131,114,17,33.83838383838384,13.131313131313133,20.707070707070706,66.16161616161617,57.57575757575758,8.585858585858585
E00001495,240,76,43,33,164,137,27,31.666666666666664,17.916666666666668,13.750000000000002,68.33333333333333,57.08333333333333,11.25
E00001496,199,75,20,55,124,110,14,37.68844221105528,10.050251256281408,27.63819095477387,62.311557788944725,55.27638190954774,7.035175879396985
E00001497,205,73,30,43,132,102,30,35.609756097560975,14.634146341463413,20.975609756097562,64.39024390243902,49.75609756097561,14.634146341463413
E00001498,197,68,30,38,129,105,24,34.51776649746193,15.228426395939088,19.289340101522843,65.48223350253807,53.299492385786806,12.18274111675127
E00001499,183,61,33,28,122,101,21,33.33333333333333,18.0327868852459,15.300546448087433,66.66666666666666,55.19125683060109,11.475409836065573
E00001500,206,69,27,42,137,120,17,33.49514563106796,13.106796116504855,20.388349514563107,66.50485436893204,58.252427184466015,8.25242718446602
E00001503,159,47,21,26,112,95,17,29.559748427672954,13.20754716981132,16.352201257861633,70.44025157232704,59.74842767295597,10.69182389937107
E00001504,104,28,17,11,76,68,8,26.923076923076923,16.346153846153847,10.576923076923077,73.07692307692307,65.38461538461539,7.6923076923076925
E00001505,207,93,38,55,114,91,23,44.927536231884055,18.357487922705314,26.570048309178745,55.072463768115945,43.96135265700483,11.11111111111111
E00001506,217,56,21,35,161,131,30,25.806451612903224,9.67741935483871,16.129032258064516,74.19354838709677,60.36866359447005,13.82488479262673
E00001507,99,45,1,44,54,53,1,45.45454545454545,1.0101010101010102,44.44444444444444,54.54545454545454,53.535353535353536,1.0101010101010102
E00001508,182,61,21,40,121,111,10,33.51648351648351,11.538461538461538,21.978021978021978,66.48351648351648,60.98901098901099,5.4945054945054945
E00001509,255,89,29,60,166,132,34,34.90196078431372,11.372549019607844,23.52941176470588,65.09803921568627,51.76470588235295,13.333333333333334
E00001511,191,57,21,36,134,111,23,29.84293193717277,10.99476439790576,18.848167539267017,70.15706806282722,58.1151832460733,12.041884816753926
E00001512,192,57,16,41,135,122,13,29.6875,8.333333333333332,21.354166666666664,70.3125,63.541666666666664,6.770833333333333
E00001514,281,70,25,45,211,171,40,24.91103202846975,8.896797153024911,16.014234875444842,75.08896797153025,60.854092526690394,14.23487544483986
E00001516,223,70,23,47,153,127,26,31.390134529147986,10.31390134529148,21.076233183856502,68.60986547085201,56.95067264573991,11.659192825112108
E00001517,250,91,37,54,159,139,20,36.4,14.799999999999999,21.6,63.6,55.60000000000001,8
E00001518,162,49,17,32,113,98,15,30.246913580246915,10.493827160493826,19.753086419753085,69.75308641975309,60.49382716049383,9.25925925925926
E00001519,202,59,21,38,143,111,32,29.207920792079207,10.396039603960396,18.81188118811881,70.79207920792079,54.95049504950495,15.841584158415841
E00001520,151,45,17,28,106,92,14,29.80132450331126,11.258278145695364,18.543046357615893,70.19867549668875,60.9271523178808,9.271523178807946
E00001521,125,44,18,26,81,67,14,35.199999999999996,14.399999999999999,20.8,64.8,53.6,11.200000000000001
E00001522,313,96,27,69,217,164,53,30.670926517571885,8.626198083067091,22.044728434504794,69.32907348242811,52.39616613418531,16.93290734824281
E00001523,235,74,29,45,161,123,38,31.48936170212766,12.340425531914894,19.148936170212767,68.51063829787233,52.34042553191489,16.170212765957448
E00001524,151,63,26,37,88,69,19,41.72185430463576,17.218543046357617,24.503311258278146,58.27814569536424,45.6953642384106,12.582781456953644
E00001525,241,72,21,51,169,147,22,29.87551867219917,8.71369294605809,21.16182572614108,70.12448132780082,60.99585062240664,9.12863070539419
E00001526,158,59,26,33,99,86,13,37.34177215189873,16.455696202531644,20.88607594936709,62.65822784810127,54.43037974683544,8.227848101265822
E00001527,195,78,32,46,117,88,29,40,16.41025641025641,23.589743589743588,60,45.12820512820513,14.871794871794872
E00001528,175,67,27,40,108,93,15,38.285714285714285,15.428571428571427,22.857142857142858,61.71428571428571,53.142857142857146,8.571428571428571
E00001529,150,44,18,26,106,91,15,29.333333333333332,12,17.333333333333336,70.66666666666667,60.66666666666667,10
E00001530,191,57,26,31,134,116,18,29.84293193717277,13.612565445026178,16.230366492146597,70.15706806282722,60.73298429319372,9.424083769633508
E00001531,187,79,36,43,108,80,28,42.24598930481284,19.25133689839572,22.994652406417114,57.75401069518716,42.780748663101605,14.973262032085561
E00001534,206,60,28,32,146,119,27,29.126213592233007,13.592233009708737,15.53398058252427,70.87378640776699,57.76699029126213,13.106796116504855
E00001535,169,55,24,31,114,94,20,32.544378698224854,14.201183431952662,18.34319526627219,67.45562130177515,55.62130177514793,11.834319526627219
E00001536,266,96,54,42,170,143,27,36.09022556390977,20.30075187969925,15.789473684210526,63.90977443609023,53.75939849624061,10.150375939849624
E00001537,142,41,19,22,101,78,23,28.87323943661972,13.380281690140844,15.492957746478872,71.12676056338029,54.929577464788736,16.19718309859155
E00001538,148,40,20,20,108,93,15,27.027027027027028,13.513513513513514,13.513513513513514,72.97297297297297,62.83783783783784,10.135135135135135
E00001539,198,50,18,32,148,127,21,25.252525252525253,9.090909090909092,16.161616161616163,74.74747474747475,64.14141414141415,10.606060606060606
E00001540,319,97,48,49,222,149,73,30.407523510971785,15.047021943573668,15.360501567398119,69.59247648902821,46.70846394984326,22.884012539184955
E00001541,160,46,15,31,114,97,17,28.749999999999996,9.375,19.375,71.25,60.62499999999999,10.625
E00001542,203,60,30,30,143,111,32,29.55665024630542,14.77832512315271,14.77832512315271,70.44334975369459,54.679802955665025,15.763546798029557
E00001543,161,49,28,21,112,85,27,30.434782608695656,17.391304347826086,13.043478260869565,69.56521739130434,52.79503105590062,16.77018633540373
E00001544,157,44,11,33,113,99,14,28.02547770700637,7.006369426751593,21.019108280254777,71.97452229299363,63.05732484076433,8.9171974522293
E00001545,196,58,18,40,138,111,27,29.591836734693878,9.183673469387756,20.408163265306122,70.40816326530613,56.63265306122449,13.77551020408163
E00001546,246,88,27,61,158,128,30,35.77235772357724,10.975609756097562,24.796747967479675,64.22764227642277,52.03252032520326,12.195121951219512
E00001547,201,72,32,40,129,104,25,35.82089552238806,15.92039800995025,19.900497512437813,64.17910447761194,51.741293532338304,12.437810945273633
E00001548,133,59,17,42,74,64,10,44.3609022556391,12.781954887218044,31.57894736842105,55.639097744360896,48.1203007518797,7.518796992481203
E00001549,173,59,20,39,114,94,20,34.104046242774565,11.560693641618498,22.54335260115607,65.89595375722543,54.33526011560693,11.560693641618498
E00001550,191,53,20,33,138,122,16,27.748691099476442,10.471204188481675,17.277486910994764,72.25130890052355,63.87434554973822,8.37696335078534
E00001551,203,69,27,42,134,109,25,33.99014778325123,13.30049261083744,20.689655172413794,66.00985221674877,53.69458128078818,12.31527093596059
E00001552,74,17,9,8,57,46,11,22.972972972972975,12.162162162162163,10.81081081081081,77.02702702702703,62.16216216216216,14.864864864864865
E00001553,191,71,24,47,120,101,19,37.17277486910995,12.56544502617801,24.60732984293194,62.82722513089005,52.879581151832454,9.947643979057592
E00001554,155,45,20,25,110,78,32,29.03225806451613,12.903225806451612,16.129032258064516,70.96774193548387,50.32258064516129,20.64516129032258
E00001555,202,78,17,61,124,105,19,38.613861386138616,8.415841584158416,30.198019801980198,61.386138613861384,51.98019801980198,9.405940594059405
E00001556,139,43,15,28,96,83,13,30.935251798561154,10.79136690647482,20.14388489208633,69.06474820143885,59.71223021582733,9.352517985611511
E00001557,169,60,25,35,109,89,20,35.50295857988166,14.792899408284024,20.710059171597635,64.49704142011834,52.662721893491124,11.834319526627219
E00001558,123,37,20,17,86,67,19,30.081300813008134,16.260162601626014,13.821138211382115,69.91869918699187,54.47154471544715,15.447154471544716
E00001559,170,72,25,47,98,82,16,42.35294117647059,14.705882352941178,27.647058823529413,57.647058823529406,48.23529411764706,9.411764705882353
E00001560,155,63,21,42,92,72,20,40.64516129032258,13.548387096774196,27.09677419354839,59.354838709677416,46.45161290322581,12.903225806451612
E00001561,145,46,16,30,99,82,17,31.724137931034484,11.03448275862069,20.689655172413794,68.27586206896552,56.55172413793104,11.724137931034482
E00001562,132,45,12,33,87,71,16,34.090909090909086,9.090909090909092,25,65.9090909090909,53.78787878787878,12.121212121212121
E00001563,162,51,23,28,111,89,22,31.48148148148148,14.19753086419753,17.28395061728395,68.51851851851852,54.93827160493827,13.580246913580247
E00001564,145,49,16,33,96,72,24,33.793103448275865,11.03448275862069,22.758620689655174,66.20689655172414,49.6551724137931,16.551724137931036
E00001565,157,33,8,25,124,104,20,21.019108280254777,5.095541401273886,15.92356687898089,78.98089171974523,66.2420382165605,12.738853503184714
E00001566,167,54,17,37,113,88,25,32.33532934131736,10.179640718562874,22.15568862275449,67.66467065868264,52.69461077844312,14.97005988023952
E00001567,283,82,38,44,201,173,28,28.975265017667844,13.427561837455832,15.547703180212014,71.02473498233216,61.130742049469966,9.89399293286219
E00001568,179,55,25,30,124,108,16,30.726256983240223,13.966480446927374,16.75977653631285,69.27374301675978,60.33519553072626,8.938547486033519
E00001570,149,44,12,32,105,89,16,29.53020134228188,8.053691275167784,21.476510067114095,70.46979865771812,59.73154362416108,10.738255033557047
E00001571,204,59,22,37,145,127,18,28.921568627450984,10.784313725490197,18.137254901960784,71.07843137254902,62.254901960784316,8.823529411764707
E00001572,225,54,27,27,171,147,24,24,12,12,76,65.33333333333333,10.666666666666668
E00001574,152,52,20,32,100,77,23,34.21052631578947,13.157894736842104,21.052631578947366,65.78947368421053,50.6578947368421,15.131578947368421
E00001575,171,42,15,27,129,108,21,24.561403508771928,8.771929824561402,15.789473684210526,75.43859649122807,63.1578947368421,12.280701754385964
E00001576,123,33,10,23,90,68,22,26.82926829268293,8.130081300813007,18.69918699186992,73.17073170731707,55.28455284552846,17.88617886178862
E00001577,258,59,25,34,199,166,33,22.868217054263564,9.689922480620156,13.178294573643413,77.13178294573643,64.34108527131784,12.790697674418606
E00001578,191,48,19,29,143,110,33,25.13089005235602,9.947643979057592,15.18324607329843,74.86910994764398,57.59162303664922,17.277486910994764
E00001579,235,59,20,39,176,147,29,25.106382978723403,8.51063829787234,16.595744680851062,74.8936170212766,62.5531914893617,12.340425531914894
E00001580,134,40,15,25,94,76,18,29.850746268656714,11.194029850746269,18.65671641791045,70.1492537313433,56.71641791044776,13.432835820895523
E00001581,153,47,19,28,106,90,16,30.718954248366014,12.418300653594772,18.30065359477124,69.28104575163398,58.82352941176471,10.457516339869281
E00001582,168,66,30,36,102,81,21,39.285714285714285,17.857142857142858,21.428571428571427,60.71428571428571,48.214285714285715,12.5
E00001583,135,45,11,34,90,73,17,33.33333333333333,8.148148148148149,25.185185185185183,66.66666666666666,54.074074074074076,12.592592592592592
E00001584,162,35,12,23,127,99,28,21.604938271604937,7.4074074074074066,14.19753086419753,78.39506172839506,61.111111111111114,17.28395061728395
E00001585,159,49,26,23,110,97,13,30.81761006289308,16.352201257861633,14.465408805031446,69.18238993710692,61.0062893081761,8.176100628930817
E00001586,147,53,20,33,94,74,20,36.054421768707485,13.60544217687075,22.448979591836736,63.94557823129252,50.34013605442177,13.60544217687075
E00001587,148,63,25,38,85,73,12,42.567567567567565,16.89189189189189,25.675675675675674,57.432432432432435,49.32432432432432,8.108108108108109
E00001588,147,47,16,31,100,81,19,31.97278911564626,10.884353741496598,21.08843537414966,68.02721088435374,55.10204081632652,12.925170068027212
E00001589,182,64,21,43,118,102,16,35.16483516483517,11.538461538461538,23.626373626373624,64.83516483516483,56.043956043956044,8.791208791208792
E00001590,210,57,27,30,153,131,22,27.142857142857142,12.857142857142856,14.285714285714285,72.85714285714285,62.38095238095238,10.476190476190476
E00174889,71,21,11,10,50,38,12,29.577464788732392,15.492957746478872,14.084507042253522,70.4225352112676,53.52112676056338,16.901408450704224
E00174894,116,41,21,20,75,66,9,35.3448275862069,18.103448275862068,17.24137931034483,64.65517241379311,56.896551724137936,7.758620689655173
E00174895,80,30,14,16,50,35,15,37.5,17.5,20,62.5,43.75,18.75
E00174896,160,59,27,32,101,71,30,36.875,16.875,20,63.125,44.375,18.75
E00174897,122,26,12,14,96,89,7,21.311475409836063,9.836065573770492,11.475409836065573,78.68852459016394,72.95081967213115,5.737704918032787
E00174898,135,46,23,23,89,75,14,34.074074074074076,17.037037037037038,17.037037037037038,65.92592592592592,55.55555555555556,10.37037037037037
E00174899,187,54,23,31,133,112,21,28.87700534759358,12.299465240641712,16.577540106951872,71.12299465240642,59.893048128342244,11.229946524064172
E00174901,113,42,16,26,71,59,12,37.16814159292036,14.15929203539823,23.008849557522122,62.83185840707964,52.21238938053098,10.619469026548673
E00174902,116,23,6,17,93,78,15,19.82758620689655,5.172413793103448,14.655172413793101,80.17241379310344,67.24137931034483,12.931034482758621
E00174903,191,54,21,33,137,112,25,28.272251308900525,10.99476439790576,17.277486910994764,71.72774869109948,58.63874345549738,13.089005235602095
E00174904,160,69,24,45,91,78,13,43.125,15,28.125,56.875,48.75,8.125
E00174906,130,42,17,25,88,72,16,32.30769230769231,13.076923076923078,19.230769230769234,67.6923076923077,55.38461538461539,12.307692307692308
E00174907,234,57,12,45,177,154,23,24.358974358974358,5.128205128205128,19.230769230769234,75.64102564102564,65.8119658119658,9.82905982905983
E00174908,191,60,28,32,131,110,21,31.413612565445025,14.659685863874344,16.75392670157068,68.58638743455498,57.59162303664922,10.99476439790576
E00174909,133,43,19,24,90,73,17,32.33082706766917,14.285714285714285,18.045112781954884,67.66917293233082,54.88721804511278,12.781954887218044
E00174910,212,42,23,19,170,140,30,19.81132075471698,10.849056603773585,8.962264150943396,80.18867924528303,66.0377358490566,14.150943396226415
E00174912,147,54,21,33,93,81,12,36.734693877551024,14.285714285714285,22.448979591836736,63.26530612244898,55.10204081632652,8.16326530612245
E00174913,280,66,29,37,214,165,49,23.57142857142857,10.357142857142858,13.214285714285715,76.42857142857142,58.92857142857143,17.5
E00174914,142,39,9,30,103,90,13,27.464788732394368,6.338028169014084,21.12676056338028,72.53521126760563,63.38028169014085,9.15492957746479
E00174915,121,32,13,19,89,63,26,26.446280991735538,10.743801652892563,15.702479338842975,73.55371900826447,52.066115702479344,21.487603305785125
E00174916,78,17,2,15,61,53,8,21.794871794871796,2.564102564102564,19.230769230769234,78.2051282051282,67.94871794871796,10.256410256410255
E00174917,247,70,30,40,177,150,27,28.34008097165992,12.145748987854251,16.194331983805668,71.65991902834008,60.72874493927125,10.931174089068826
E00174918,116,51,18,33,65,52,13,43.96551724137931,15.517241379310345,28.448275862068968,56.03448275862068,44.827586206896555,11.206896551724139
E00174919,177,47,17,30,130,112,18,26.55367231638418,9.6045197740113,16.94915254237288,73.44632768361582,63.2768361581921,10.16949152542373
E00174920,157,56,17,39,101,84,17,35.6687898089172,10.828025477707007,24.840764331210192,64.3312101910828,53.503184713375795,10.828025477707007
E00174921,188,41,22,19,147,119,28,21.808510638297875,11.702127659574469,10.106382978723403,78.19148936170212,63.297872340425535,14.893617021276595
E00178723,246,67,29,38,179,146,33,27.235772357723576,11.788617886178862,15.447154471544716,72.76422764227642,59.34959349593496,13.414634146341465
E00178724,291,115,49,66,176,160,16,39.51890034364261,16.83848797250859,22.68041237113402,60.48109965635739,54.98281786941581,5.498281786941581
E00178725,152,36,11,25,116,96,20,23.684210526315788,7.236842105263158,16.447368421052634,76.31578947368422,63.1578947368421,13.157894736842104
E00178726,139,55,18,37,84,74,10,39.568345323741006,12.949640287769784,26.618705035971225,60.431654676258994,53.23741007194245,7.1942446043165464
E00178727,235,68,26,42,167,141,26,28.936170212765955,11.063829787234042,17.872340425531917,71.06382978723404,60,11.063829787234042
E00178733,206,40,13,27,166,146,20,19.41747572815534,6.310679611650485,13.106796116504855,80.58252427184466,70.87378640776699,9.70873786407767
E00178734,124,53,24,29,71,60,11,42.74193548387097,19.35483870967742,23.387096774193548,57.25806451612904,48.38709677419355,8.870967741935484
E00178735,186,37,21,16,149,120,29,19.892473118279568,11.29032258064516,8.60215053763441,80.10752688172043,64.51612903225806,15.591397849462366
E00178736,188,47,18,29,141,125,16,25,9.574468085106384,15.425531914893616,75,66.48936170212765,8.51063829787234
E00178740,207,120,46,74,87,74,13,57.971014492753625,22.22222222222222,35.748792270531396,42.028985507246375,35.748792270531396,6.280193236714976
E00178741,130,44,15,29,86,74,12,33.84615384615385,11.538461538461538,22.30769230769231,66.15384615384615,56.92307692307692,9.230769230769232
E00178743,179,22,7,15,157,131,26,12.290502793296088,3.910614525139665,8.379888268156424,87.70949720670392,73.18435754189943,14.52513966480447
E00178745,149,49,21,28,100,89,11,32.88590604026846,14.093959731543624,18.79194630872483,67.11409395973155,59.73154362416108,7.38255033557047
E00178749,195,38,25,13,157,124,33,19.48717948717949,12.82051282051282,6.666666666666667,80.51282051282051,63.589743589743584,16.923076923076923
E00178750,198,78,25,53,120,101,19,39.39393939393939,12.626262626262626,26.767676767676768,60.60606060606061,51.010101010101,9.595959595959595
E00178751,191,54,21,33,137,115,22,28.272251308900525,10.99476439790576,17.277486910994764,71.72774869109948,60.20942408376963,11.518324607329843
E00178752,66,24,7,17,42,38,4,36.36363636363637,10.606060606060606,25.757575757575758,63.63636363636363,57.57575757575758,6.0606060606060606
E00178754,81,22,7,15,59,49,10,27.160493827160494,8.641975308641975,18.51851851851852,72.8395061728395,60.49382716049383,12.345679012345679
E00178756,98,43,19,24,55,50,5,43.87755102040816,19.387755102040817,24.489795918367346,56.12244897959183,51.02040816326531,5.1020408163265305
E00178757,353,81,38,43,272,218,54,22.946175637393768,10.764872521246458,12.181303116147308,77.05382436260622,61.756373937677054,15.29745042492918
E00178758,76,19,9,10,57,52,5,25,11.842105263157894,13.157894736842104,75,68.42105263157895,6.578947368421052
E00178760,86,27,9,18,59,54,5,31.3953488372093,10.465116279069768,20.930232558139537,68.6046511627907,62.7906976744186,5.813953488372093
E00178761,124,26,11,15,98,86,12,20.967741935483872,8.870967741935484,12.096774193548388,79.03225806451613,69.35483870967742,9.67741935483871
E00178762,126,38,16,22,88,76,12,30.158730158730158,12.698412698412698,17.46031746031746,69.84126984126983,60.317460317460316,9.523809523809524
E00178765,188,73,29,44,115,96,19,38.82978723404255,15.425531914893616,23.404255319148938,61.170212765957444,51.06382978723404,10.106382978723403
E00178767,274,48,16,32,226,179,47,17.51824817518248,5.839416058394161,11.678832116788321,82.48175182481752,65.32846715328468,17.153284671532848
E00178769,126,34,13,21,92,77,15,26.984126984126984,10.317460317460316,16.666666666666664,73.01587301587301,61.111111111111114,11.904761904761903
E00178770,91,29,8,21,62,55,7,31.868131868131865,8.791208791208792,23.076923076923077,68.13186813186813,60.43956043956044,7.6923076923076925
E00178772,204,36,10,26,168,136,32,17.647058823529413,4.901960784313726,12.745098039215685,82.35294117647058,66.66666666666666,15.686274509803921
E00178773,117,25,6,19,92,75,17,21.367521367521366,5.128205128205128,16.23931623931624,78.63247863247864,64.1025641025641,14.529914529914532
E00178774,208,19,7,12,189,151,38,9.134615384615383,3.3653846153846154,5.769230769230769,90.86538461538461,72.59615384615384,18.269230769230766
E00178775,49,20,6,14,29,23,6,40.816326530612244,12.244897959183673,28.57142857142857,59.183673469387756,46.93877551020408,12.244897959183673
E00178777,140,45,16,29,95,76,19,32.142857142857146,11.428571428571429,20.714285714285715,67.85714285714286,54.285714285714285,13.571428571428571
E00178780,216,55,18,37,161,128,33,25.462962962962965,8.333333333333332,17.12962962962963,74.53703703703704,59.25925925925925,15.277777777777779
E00178781,104,30,6,24,74,60,14,28.846153846153843,5.769230769230769,23.076923076923077,71.15384615384616,57.692307692307686,13.461538461538462
E00178782,62,28,12,16,34,32,2,45.16129032258064,19.35483870967742,25.806451612903224,54.83870967741935,51.61290322580645,3.225806451612903
E00178783,209,42,16,26,167,140,27,20.095693779904305,7.655502392344498,12.440191387559809,79.90430622009569,66.98564593301435,12.918660287081341
E00178784,77,14,4,10,63,52,11,18.181818181818183,5.194805194805195,12.987012987012985,81.81818181818183,67.53246753246754,14.285714285714285
E00178785,136,35,9,26,101,83,18,25.735294117647058,6.61764705882353,19.11764705882353,74.26470588235294,61.029411764705884,13.23529411764706
E00178786,74,8,2,6,66,58,8,10.81081081081081,2.7027027027027026,8.108108108108109,89.1891891891892,78.37837837837837,10.81081081081081
E00178787,138,30,14,16,108,91,17,21.73913043478261,10.144927536231885,11.594202898550725,78.26086956521739,65.94202898550725,12.318840579710146
E00178788,90,31,16,15,59,46,13,34.44444444444444,17.77777777777778,16.666666666666664,65.55555555555556,51.11111111111111,14.444444444444443
E00178790,188,82,28,54,106,88,18,43.61702127659575,14.893617021276595,28.723404255319153,56.38297872340425,46.808510638297875,9.574468085106384
E00178791,291,31,10,21,260,222,38,10.652920962199312,3.436426116838488,7.216494845360824,89.3470790378007,76.28865979381443,13.058419243986256
E00178792,73,24,12,12,49,45,4,32.87671232876712,16.43835616438356,16.43835616438356,67.12328767123287,61.64383561643836,5.47945205479452
E00178795,113,43,18,25,70,57,13,38.05309734513274,15.929203539823009,22.123893805309734,61.94690265486725,50.442477876106196,11.504424778761061
E00178796,160,62,31,31,98,89,9,38.75,19.375,19.375,61.25000000000001,55.625,5.625
E00178797,167,41,17,24,126,104,22,24.550898203592812,10.179640718562874,14.37125748502994,75.44910179640718,62.27544910179641,13.17365269461078
E00178798,121,44,15,29,77,61,16,36.36363636363637,12.396694214876034,23.96694214876033,63.63636363636363,50.413223140495866,13.223140495867769
E00178799,115,45,14,31,70,62,8,39.130434782608695,12.173913043478262,26.956521739130434,60.86956521739131,53.91304347826087,6.956521739130435
E00178800,63,21,10,11,42,35,7,33.33333333333333,15.873015873015872,17.46031746031746,66.66666666666666,55.55555555555556,11.11111111111111
E00178803,105,53,18,35,52,45,7,50.476190476190474,17.142857142857142,33.33333333333333,49.523809523809526,42.857142857142854,6.666666666666667
E00178804,123,53,24,29,70,57,13,43.08943089430895,19.51219512195122,23.577235772357724,56.91056910569105,46.34146341463415,10.569105691056912
E00178806,57,22,8,14,35,29,6,38.59649122807017,14.035087719298245,24.561403508771928,61.40350877192983,50.877192982456144,10.526315789473683
E00178808,98,13,3,10,85,72,13,13.26530612244898,3.061224489795918,10.204081632653061,86.73469387755102,73.46938775510205,13.26530612244898
E00178809,188,57,19,38,131,110,21,30.319148936170215,10.106382978723403,20.212765957446805,69.68085106382979,58.51063829787234,11.170212765957446
E00178810,82,17,4,13,65,56,9,20.73170731707317,4.878048780487805,15.853658536585366,79.26829268292683,68.29268292682927,10.975609756097562
E00178811,97,25,11,14,72,62,10,25.773195876288657,11.34020618556701,14.432989690721648,74.22680412371135,63.91752577319587,10.309278350515463
E00178812,192,58,25,33,134,100,34,30.208333333333332,13.020833333333334,17.1875,69.79166666666666,52.083333333333336,17.708333333333336
E00178814,165,49,22,27,116,102,14,29.6969696969697,13.333333333333334,16.363636363636363,70.3030303030303,61.81818181818181,8.484848484848486
E00178815,126,45,30,15,81,70,11,35.714285714285715,23.809523809523807,11.904761904761903,64.28571428571429,55.55555555555556,8.73015873015873
E00178816,177,34,12,22,143,128,15,19.2090395480226,6.779661016949152,12.429378531073446,80.7909604519774,72.31638418079096,8.47457627118644
E00178817,218,30,9,21,188,150,38,13.761467889908257,4.128440366972478,9.63302752293578,86.23853211009175,68.80733944954129,17.431192660550458
E00178820,185,75,30,45,110,88,22,40.54054054054054,16.216216216216218,24.324324324324326,59.45945945945946,47.56756756756757,11.891891891891893
E00178821,258,102,38,64,156,134,22,39.53488372093023,14.728682170542637,24.8062015503876,60.46511627906976,51.93798449612403,8.527131782945736
E00178822,147,56,29,27,91,71,20,38.095238095238095,19.727891156462583,18.367346938775512,61.904761904761905,48.29931972789115,13.60544217687075
E00178823,111,28,9,19,83,73,10,25.225225225225223,8.108108108108109,17.117117117117118,74.77477477477478,65.76576576576578,9.00900900900901
E00178824,134,39,15,24,95,82,13,29.1044776119403,11.194029850746269,17.91044776119403,70.8955223880597,61.19402985074627,9.701492537313433
E00178825,193,81,27,54,112,104,8,41.968911917098445,13.989637305699482,27.979274611398964,58.03108808290155,53.8860103626943,4.145077720207254
E00178826,197,65,19,46,132,109,23,32.99492385786802,9.644670050761421,23.3502538071066,67.00507614213198,55.32994923857868,11.6751269035533
E00178827,78,19,10,9,59,51,8,24.358974358974358,12.82051282051282,11.538461538461538,75.64102564102564,65.38461538461539,10.256410256410255
E00178828,199,84,43,41,115,104,11,42.211055276381906,21.608040201005025,20.603015075376884,57.78894472361809,52.26130653266332,5.527638190954774
E00178829,140,22,8,14,118,99,19,15.714285714285714,5.714285714285714,10,84.28571428571429,70.71428571428572,13.571428571428571
E00178830,112,55,24,31,57,51,6,49.107142857142854,21.428571428571427,27.67857142857143,50.89285714285714,45.535714285714285,5.357142857142857
E00178832,82,41,15,26,41,37,4,50,18.29268292682927,31.70731707317073,50,45.1219512195122,4.878048780487805
E00178833,153,42,8,34,111,98,13,27.450980392156865,5.228758169934641,22.22222222222222,72.54901960784314,64.05228758169935,8.49673202614379
E00178834,178,41,21,20,137,108,29,23.03370786516854,11.797752808988763,11.235955056179774,76.96629213483146,60.67415730337079,16.292134831460675
E00178835,214,68,23,45,146,110,36,31.775700934579437,10.74766355140187,21.02803738317757,68.22429906542055,51.4018691588785,16.822429906542055
E00178836,224,44,15,29,180,151,29,19.642857142857142,6.696428571428571,12.946428571428573,80.35714285714286,67.41071428571429,12.946428571428573
E00178837,251,61,32,29,190,156,34,24.302788844621514,12.749003984063744,11.553784860557768,75.69721115537848,62.15139442231076,13.545816733067728
E00178838,104,29,14,15,75,65,10,27.884615384615387,13.461538461538462,14.423076923076922,72.11538461538461,62.5,9.615384615384617
E00178839,163,32,12,20,131,111,20,19.631901840490798,7.361963190184049,12.269938650306749,80.3680981595092,68.09815950920245,12.269938650306749
E00178840,136,26,7,19,110,85,25,19.11764705882353,5.147058823529411,13.970588235294118,80.88235294117648,62.5,18.38235294117647
E00178841,305,70,28,42,235,213,22,22.950819672131146,9.180327868852459,13.77049180327869,77.04918032786885,69.83606557377048,7.213114754098362
E00178842,103,18,6,12,85,64,21,17.475728155339805,5.825242718446602,11.650485436893204,82.52427184466019,62.13592233009708,20.388349514563107
E00178843,258,89,32,57,169,133,36,34.49612403100775,12.4031007751938,22.093023255813954,65.50387596899225,51.55038759689923,13.953488372093023
E00178844,166,39,16,23,127,103,24,23.49397590361446,9.63855421686747,13.855421686746988,76.50602409638554,62.048192771084345,14.457831325301203
E00178845,188,49,19,30,139,113,26,26.063829787234045,10.106382978723403,15.957446808510639,73.93617021276596,60.1063829787234,13.829787234042554
E00178846,91,44,16,28,47,44,3,48.35164835164835,17.582417582417584,30.76923076923077,51.64835164835166,48.35164835164835,3.296703296703297
E00178847,249,51,15,36,198,156,42,20.481927710843372,6.024096385542169,14.457831325301203,79.51807228915662,62.65060240963856,16.867469879518072
E00178849,77,43,20,23,34,26,8,55.84415584415584,25.97402597402597,29.87012987012987,44.15584415584416,33.76623376623377,10.38961038961039
E00178852,168,43,15,28,125,106,19,25.595238095238095,8.928571428571429,16.666666666666664,74.40476190476191,63.095238095238095,11.30952380952381
E00178853,202,54,20,34,148,126,22,26.732673267326735,9.900990099009901,16.831683168316832,73.26732673267327,62.37623762376238,10.891089108910892
E00178854,181,60,20,40,121,94,27,33.14917127071823,11.049723756906078,22.099447513812155,66.85082872928176,51.93370165745856,14.917127071823206
E00178856,191,68,28,40,123,87,36,35.602094240837694,14.659685863874344,20.94240837696335,64.3979057591623,45.54973821989529,18.848167539267017
E00178857,310,57,25,32,253,212,41,18.387096774193548,8.064516129032258,10.32258064516129,81.61290322580645,68.38709677419355,13.225806451612904
E00178859,148,26,14,12,122,102,20,17.56756756756757,9.45945945945946,8.108108108108109,82.43243243243244,68.91891891891892,13.513513513513514
E00178860,166,58,31,27,108,78,30,34.93975903614458,18.67469879518072,16.265060240963855,65.06024096385542,46.98795180722892,18.072289156626507
E00178861,158,35,16,19,123,91,32,22.151898734177212,10.126582278481013,12.025316455696203,77.84810126582279,57.59493670886076,20.253164556962027
E00178863,221,33,14,19,188,152,36,14.93212669683258,6.334841628959276,8.597285067873303,85.06787330316742,68.77828054298642,16.289592760180994
E00178864,167,35,14,21,132,106,26,20.958083832335326,8.383233532934131,12.574850299401197,79.04191616766467,63.47305389221557,15.568862275449103
E00178865,116,36,15,21,80,56,24,31.03448275862069,12.931034482758621,18.103448275862068,68.96551724137932,48.275862068965516,20.689655172413794
E00178866,204,50,14,36,154,122,32,24.509803921568626,6.862745098039216,17.647058823529413,75.49019607843137,59.80392156862745,15.686274509803921
E00178868,231,59,20,39,172,140,32,25.541125541125542,8.658008658008658,16.883116883116884,74.45887445887446,60.60606060606061,13.852813852813853
E00178869,71,29,4,25,42,41,1,40.845070422535215,5.633802816901409,35.2112676056338,59.154929577464785,57.74647887323944,1.4084507042253522
E00178870,225,56,23,33,169,149,20,24.88888888888889,10.222222222222223,14.666666666666666,75.1111111111111,66.22222222222223,8.88888888888889
E00178871,182,42,17,25,140,119,21,23.076923076923077,9.340659340659341,13.736263736263737,76.92307692307693,65.38461538461539,11.538461538461538
E00178873,150,51,28,23,99,68,31,34,18.666666666666668,15.333333333333332,66,45.33333333333333,20.666666666666668
E00178875,70,14,3,11,56,40,16,20,4.285714285714286,15.714285714285714,80,57.14285714285714,22.857142857142858
E00178876,151,49,19,30,102,95,7,32.450331125827816,12.582781456953644,19.867549668874172,67.54966887417218,62.913907284768214,4.635761589403973
E00178878,206,63,25,38,143,110,33,30.582524271844658,12.135922330097088,18.446601941747574,69.41747572815534,53.398058252427184,16.019417475728158
E00178881,273,57,24,33,216,176,40,20.87912087912088,8.791208791208792,12.087912087912088,79.12087912087912,64.46886446886447,14.652014652014653
E00178882,212,66,25,41,146,125,21,31.132075471698112,11.79245283018868,19.339622641509436,68.86792452830188,58.9622641509434,9.90566037735849
E00178883,296,61,22,39,235,182,53,20.60810810810811,7.4324324324324325,13.175675675675674,79.3918918918919,61.48648648648649,17.905405405405407
E00178884,252,110,18,92,142,116,26,43.65079365079365,7.142857142857142,36.507936507936506,56.34920634920635,46.03174603174603,10.317460317460316
E00178885,174,25,8,17,149,124,25,14.367816091954023,4.597701149425287,9.770114942528735,85.63218390804597,71.26436781609196,14.367816091954023
E00178886,202,57,22,35,145,122,23,28.217821782178216,10.891089108910892,17.326732673267326,71.78217821782178,60.396039603960396,11.386138613861387
E00178887,110,12,4,8,98,84,14,10.909090909090908,3.6363636363636362,7.2727272727272725,89.0909090909091,76.36363636363637,12.727272727272727
E00178888,212,51,22,29,161,123,38,24.056603773584907,10.377358490566039,13.679245283018867,75.94339622641509,58.01886792452831,17.92452830188679
E00178889,72,26,9,17,46,31,15,36.11111111111111,12.5,23.61111111111111,63.888888888888886,43.05555555555556,20.833333333333336
E00178890,85,23,11,12,62,52,10,27.058823529411764,12.941176470588237,14.117647058823529,72.94117647058823,61.1764705882353,11.76470588235294
E00178891,95,24,6,18,71,58,13,25.263157894736842,6.315789473684211,18.947368421052634,74.73684210526315,61.05263157894737,13.684210526315791
E00178892,69,22,7,15,47,42,5,31.88405797101449,10.144927536231885,21.73913043478261,68.11594202898551,60.86956521739131,7.246376811594203
E00178893,88,21,9,12,67,59,8,23.863636363636363,10.227272727272728,13.636363636363635,76.13636363636364,67.04545454545455,9.090909090909092
E00178894,197,69,32,37,128,109,19,35.025380710659896,16.243654822335024,18.781725888324875,64.9746192893401,55.32994923857868,9.644670050761421
E00178895,45,8,3,5,37,36,1,17.77777777777778,6.666666666666667,11.11111111111111,82.22222222222221,80,2.2222222222222223
E00178896,211,66,23,43,145,124,21,31.27962085308057,10.90047393364929,20.379146919431278,68.72037914691943,58.767772511848335,9.95260663507109
E00178897,142,60,21,39,82,71,11,42.25352112676056,14.788732394366196,27.464788732394368,57.74647887323944,50,7.746478873239436
