OA,ts0380001,ts0380002,ts0380003,ts0380004,ts0380005,ts0380006,ts0380007,ts0380002_PCT,ts0380003_PCT,ts0380004_PCT,ts0380005_PCT,ts0380006_PCT,ts0380007_PCT
E00030771,344,27,9,18,317,27,290,7.848837209302325,2.616279069767442,5.232558139534884,92.15116279069767,7.848837209302325,84.30232558139535
E00030772,305,36,15,21,269,13,256,11.80327868852459,4.918032786885246,6.885245901639345,88.19672131147541,4.2622950819672125,83.93442622950819
E00030773,263,29,6,23,234,23,211,11.02661596958175,2.2813688212927756,8.745247148288973,88.97338403041825,8.745247148288973,80.22813688212928
E00030774,285,28,3,25,257,23,234,9.824561403508772,1.0526315789473684,8.771929824561402,90.17543859649123,8.070175438596491,82.10526315789474
E00030775,200,33,15,18,167,13,154,16.5,7.5,9,83.5,6.5,77
E00030776,274,28,7,21,246,26,220,10.218978102189782,2.5547445255474455,7.664233576642336,89.78102189781022,9.48905109489051,80.2919708029197
E00030777,282,32,13,19,250,20,230,11.347517730496454,4.609929078014184,6.73758865248227,88.65248226950354,7.092198581560284,81.56028368794325
E00030778,405,33,9,24,372,40,332,8.148148148148149,2.2222222222222223,5.9259259259259265,91.85185185185185,9.876543209876543,81.9753086419753
E00030779,314,68,32,36,246,14,232,21.656050955414013,10.191082802547772,11.464968152866243,78.343949044586,4.45859872611465,73.88535031847134
E00030780,410,75,54,21,335,32,303,18.29268292682927,13.170731707317074,5.121951219512195,81.70731707317073,7.804878048780488,73.90243902439025
E00030782,351,41,13,28,310,28,282,11.68091168091168,3.7037037037037033,7.977207977207977,88.31908831908832,7.977207977207977,80.34188034188034
E00030783,322,67,34,33,255,22,233,20.80745341614907,10.559006211180124,10.248447204968944,79.19254658385093,6.832298136645963,72.36024844720497
E00030784,221,50,20,30,171,21,150,22.624434389140273,9.049773755656108,13.574660633484163,77.37556561085974,9.502262443438914,67.87330316742081
E00030785,242,42,13,29,200,28,172,17.355371900826448,5.371900826446281,11.983471074380166,82.64462809917356,11.570247933884298,71.07438016528926
E00030786,325,61,28,33,264,20,244,18.76923076923077,8.615384615384615,10.153846153846153,81.23076923076923,6.153846153846154,75.07692307692308
E00030787,244,38,16,22,206,26,180,15.573770491803279,6.557377049180328,9.01639344262295,84.42622950819673,10.655737704918032,73.77049180327869
E00030788,278,42,9,33,236,16,220,15.107913669064748,3.237410071942446,11.870503597122301,84.89208633093526,5.755395683453238,79.13669064748201
E00030789,239,80,41,39,159,15,144,33.47280334728033,17.154811715481173,16.317991631799163,66.52719665271967,6.2761506276150625,60.25104602510461
E00030790,393,40,11,29,353,35,318,10.178117048346055,2.7989821882951653,7.37913486005089,89.82188295165395,8.9058524173028,80.91603053435115
E00030791,277,45,18,27,232,23,209,16.24548736462094,6.4981949458483745,9.747292418772563,83.75451263537906,8.303249097472925,75.45126353790613
E00030792,252,25,6,19,227,22,205,9.920634920634921,2.380952380952381,7.5396825396825395,90.07936507936508,8.73015873015873,81.34920634920636
E00030793,271,64,33,31,207,21,186,23.616236162361623,12.177121771217712,11.439114391143912,76.38376383763837,7.7490774907749085,68.63468634686348
E00030796,371,42,11,31,329,17,312,11.320754716981133,2.964959568733154,8.355795148247978,88.67924528301887,4.5822102425876015,84.09703504043127
E00030797,292,21,6,15,271,25,246,7.191780821917808,2.054794520547945,5.136986301369863,92.8082191780822,8.561643835616438,84.24657534246576
E00030798,336,60,36,24,276,32,244,17.857142857142858,10.714285714285714,7.142857142857142,82.14285714285714,9.523809523809524,72.61904761904762
E00030799,307,31,13,18,276,32,244,10.097719869706841,4.234527687296417,5.863192182410423,89.90228013029315,10.423452768729643,79.47882736156352
E00030800,307,34,17,17,273,24,249,11.074918566775244,5.537459283387622,5.537459283387622,88.92508143322475,7.81758957654723,81.10749185667753
E00030801,332,62,28,34,270,16,254,18.67469879518072,8.433734939759036,10.240963855421686,81.32530120481928,4.819277108433735,76.50602409638554
E00030802,369,49,23,26,320,17,303,13.279132791327914,6.233062330623306,7.046070460704606,86.72086720867209,4.607046070460704,82.11382113821138
E00030803,325,42,15,27,283,30,253,12.923076923076923,4.615384615384616,8.307692307692308,87.07692307692308,9.230769230769232,77.84615384615384
E00030804,321,33,7,26,288,18,270,10.2803738317757,2.1806853582554515,8.09968847352025,89.7196261682243,5.607476635514018,84.11214953271028
E00030805,273,23,10,13,250,18,232,8.424908424908425,3.6630036630036633,4.761904761904762,91.57509157509158,6.593406593406594,84.98168498168498
E00030806,175,57,28,29,118,10,108,32.57142857142858,16,16.57142857142857,67.42857142857143,5.714285714285714,61.71428571428571
E00030807,356,65,34,31,291,24,267,18.258426966292134,9.550561797752808,8.707865168539326,81.74157303370787,6.741573033707865,75
E00030808,335,30,10,20,305,23,282,8.955223880597014,2.9850746268656714,5.970149253731343,91.04477611940298,6.865671641791045,84.17910447761194
E00030809,370,62,34,28,308,23,285,16.756756756756758,9.18918918918919,7.567567567567568,83.24324324324324,6.216216216216217,77.02702702702703
E00030810,349,47,17,30,302,29,273,13.46704871060172,4.871060171919771,8.595988538681947,86.53295128939828,8.30945558739255,78.22349570200574
E00030811,264,20,7,13,244,20,224,7.575757575757576,2.6515151515151514,4.924242424242424,92.42424242424242,7.575757575757576,84.84848484848484
E00030812,355,43,13,30,312,29,283,12.112676056338028,3.6619718309859155,8.450704225352112,87.88732394366198,8.169014084507042,79.71830985915493
E00030813,333,22,6,16,311,29,282,6.606606606606606,1.8018018018018018,4.804804804804805,93.3933933933934,8.708708708708707,84.68468468468468
E00030814,273,42,18,24,231,16,215,15.384615384615385,6.593406593406594,8.791208791208792,84.61538461538461,5.86080586080586,78.75457875457876
E00030815,341,30,11,19,311,23,288,8.797653958944283,3.225806451612903,5.571847507331378,91.20234604105572,6.744868035190615,84.4574780058651
E00030816,399,44,14,30,355,25,330,11.027568922305765,3.508771929824561,7.518796992481203,88.97243107769424,6.265664160401002,82.70676691729322
E00030817,342,43,11,32,299,27,272,12.573099415204677,3.216374269005848,9.35672514619883,87.42690058479532,7.894736842105263,79.53216374269006
E00030818,338,71,33,38,267,21,246,21.005917159763314,9.763313609467456,11.242603550295858,78.99408284023669,6.21301775147929,72.7810650887574
E00030819,352,39,15,24,313,33,280,11.079545454545455,4.261363636363636,6.8181818181818175,88.92045454545455,9.375,79.54545454545455
E00030820,272,29,12,17,243,23,220,10.661764705882353,4.411764705882353,6.25,89.33823529411765,8.455882352941178,80.88235294117648
E00030821,370,38,11,27,332,40,292,10.27027027027027,2.9729729729729732,7.297297297297297,89.72972972972974,10.81081081081081,78.91891891891892
E00030822,319,38,12,26,281,23,258,11.912225705329153,3.761755485893417,8.150470219435736,88.08777429467085,7.210031347962382,80.87774294670847
E00030823,322,58,29,29,264,19,245,18.012422360248447,9.006211180124224,9.006211180124224,81.98757763975155,5.900621118012422,76.08695652173914
E00030824,294,37,19,18,257,35,222,12.585034013605442,6.462585034013606,6.122448979591836,87.41496598639455,11.904761904761903,75.51020408163265
E00030825,317,42,18,24,275,16,259,13.249211356466878,5.678233438485805,7.570977917981073,86.75078864353313,5.047318611987381,81.70347003154575
E00030826,296,29,12,17,267,31,236,9.797297297297296,4.054054054054054,5.743243243243244,90.2027027027027,10.472972972972974,79.72972972972973
E00030827,367,64,36,28,303,19,284,17.43869209809264,9.809264305177113,7.629427792915531,82.56130790190736,5.177111716621254,77.3841961852861
E00030828,329,25,9,16,304,24,280,7.598784194528875,2.735562310030395,4.86322188449848,92.401215805471125,7.29483282674772,85.1063829787234
E00030829,279,49,18,31,230,25,205,17.562724014336915,6.451612903225806,11.11111111111111,82.43727598566308,8.960573476702509,73.47670250896059
E00030830,287,34,15,19,253,19,234,11.846689895470384,5.2264808362369335,6.620209059233449,88.15331010452961,6.620209059233449,81.53310104529616
E00030831,337,26,9,17,311,17,294,7.71513353115727,2.6706231454005933,5.044510385756676,92.28486646884274,5.044510385756676,87.24035608308606
E00030832,352,18,4,14,334,25,309,5.113636363636364,1.1363636363636365,3.977272727272727,94.88636363636364,7.1022727272727275,87.7840909090909
E00030833,271,39,15,24,232,20,212,14.391143911439114,5.535055350553505,8.856088560885608,85.60885608856088,7.380073800738007,78.22878228782287
E00030834,313,43,14,29,270,23,247,13.738019169329075,4.472843450479233,9.26517571884984,86.26198083067092,7.348242811501597,78.91373801916933
E00030835,310,41,13,28,269,19,250,13.225806451612904,4.193548387096775,9.032258064516128,86.7741935483871,6.129032258064516,80.64516129032258
E00030836,318,26,7,19,292,24,268,8.176100628930817,2.20125786163522,5.9748427672955975,91.82389937106919,7.547169811320755,84.27672955974843
E00030837,323,34,9,25,289,23,266,10.526315789473683,2.786377708978328,7.739938080495357,89.47368421052632,7.120743034055728,82.35294117647058
E00030838,322,37,12,25,285,23,262,11.490683229813664,3.7267080745341614,7.763975155279502,88.50931677018633,7.142857142857142,81.36645962732919
E00030839,270,23,13,10,247,27,220,8.518518518518519,4.814814814814815,3.7037037037037033,91.48148148148148,10,81.48148148148148
E00030840,367,82,53,29,285,24,261,22.3433242506812,14.441416893732969,7.901907356948229,77.65667574931881,6.539509536784741,71.11716621253406
E00030841,354,31,5,26,323,19,304,8.757062146892656,1.4124293785310735,7.344632768361582,91.24293785310734,5.367231638418079,85.87570621468926
E00030842,320,27,2,25,293,23,270,8.4375,0.625,7.8125,91.5625,7.187499999999999,84.375
E00030843,369,25,5,20,344,34,310,6.775067750677506,1.3550135501355014,5.420054200542006,93.22493224932249,9.214092140921409,84.01084010840108
E00030844,359,31,8,23,328,29,299,8.635097493036211,2.2284122562674096,6.406685236768802,91.36490250696379,8.07799442896936,83.28690807799443
E00030845,361,54,13,41,307,28,279,14.958448753462603,3.6011080332409975,11.357340720221606,85.0415512465374,7.756232686980609,77.28531855955679
E00030846,209,29,3,26,180,15,165,13.875598086124402,1.4354066985645932,12.440191387559809,86.1244019138756,7.177033492822966,78.94736842105263
E00030847,257,38,12,26,219,22,197,14.785992217898833,4.669260700389105,10.116731517509727,85.21400778210116,8.560311284046692,76.65369649805449
E00030848,342,44,14,30,298,22,276,12.865497076023392,4.093567251461988,8.771929824561402,87.13450292397661,6.432748538011696,80.7017543859649
E00030849,319,38,14,24,281,24,257,11.912225705329153,4.38871473354232,7.523510971786834,88.08777429467085,7.523510971786834,80.56426332288402
E00030850,358,54,25,29,304,13,291,15.083798882681565,6.983240223463687,8.100558659217876,84.91620111731844,3.6312849162011176,81.28491620111731
E00030851,339,44,26,18,295,27,268,12.979351032448378,7.669616519174041,5.3097345132743365,87.02064896755162,7.964601769911504,79.05604719764013
E00030853,375,47,18,29,328,25,303,12.533333333333333,4.8,7.733333333333333,87.46666666666667,6.666666666666667,80.80000000000001
E00030854,365,32,14,18,333,35,298,8.767123287671232,3.8356164383561646,4.931506849315069,91.23287671232877,9.58904109589041,81.64383561643835
E00030855,318,47,11,36,271,29,242,14.779874213836477,3.459119496855346,11.320754716981133,85.22012578616352,9.119496855345911,76.10062893081762
E00030856,302,48,23,25,254,23,231,15.894039735099339,7.6158940397351,8.27814569536424,84.10596026490066,7.6158940397351,76.49006622516556
E00030857,235,40,20,20,195,10,185,17.02127659574468,8.51063829787234,8.51063829787234,82.97872340425532,4.25531914893617,78.72340425531915
E00030858,294,37,13,24,257,25,232,12.585034013605442,4.421768707482993,8.16326530612245,87.41496598639455,8.503401360544217,78.91156462585033
E00030859,295,28,8,20,267,21,246,9.491525423728813,2.711864406779661,6.779661016949152,90.5084745762712,7.118644067796611,83.38983050847457
E00030860,380,97,70,27,283,25,258,25.526315789473685,18.421052631578945,7.105263157894736,74.47368421052632,6.578947368421052,67.89473684210526
E00030861,302,31,10,21,271,33,238,10.264900662251655,3.3112582781456954,6.95364238410596,89.73509933774835,10.927152317880795,78.80794701986756
E00030862,246,55,25,30,191,23,168,22.35772357723577,10.16260162601626,12.195121951219512,77.64227642276423,9.34959349593496,68.29268292682927
E00030863,282,32,9,23,250,26,224,11.347517730496454,3.1914893617021276,8.156028368794328,88.65248226950354,9.219858156028367,79.43262411347519
E00030864,398,47,15,32,351,32,319,11.809045226130653,3.7688442211055273,8.040201005025125,88.19095477386935,8.040201005025125,80.15075376884423
E00030865,235,32,11,21,203,19,184,13.617021276595745,4.680851063829787,8.936170212765958,86.38297872340426,8.085106382978724,78.29787234042553
E00030866,325,43,18,25,282,33,249,13.230769230769232,5.538461538461538,7.6923076923076925,86.76923076923076,10.153846153846153,76.61538461538461
E00030867,298,44,12,32,254,24,230,14.76510067114094,4.026845637583892,10.738255033557047,85.23489932885906,8.053691275167784,77.18120805369128
E00030868,240,35,12,23,205,26,179,14.583333333333334,5,9.583333333333334,85.41666666666666,10.833333333333334,74.58333333333333
E00030869,602,67,28,39,535,49,486,11.129568106312291,4.651162790697675,6.4784053156146175,88.87043189368771,8.13953488372093,80.73089700996677
E00030870,196,38,11,27,158,14,144,19.387755102040817,5.612244897959184,13.77551020408163,80.61224489795919,7.142857142857142,73.46938775510205
E00030871,338,33,7,26,305,32,273,9.763313609467456,2.0710059171597637,7.6923076923076925,90.23668639053254,9.467455621301776,80.76923076923077
E00030872,349,36,12,24,313,28,285,10.315186246418339,3.4383954154727796,6.876790830945559,89.68481375358166,8.022922636103152,81.66189111747852
E00030873,398,42,12,30,356,27,329,10.552763819095476,3.015075376884422,7.537688442211055,89.44723618090453,6.78391959798995,82.66331658291458
E00030874,409,40,19,21,369,29,340,9.7799511002445,4.645476772616137,5.134474327628362,90.2200488997555,7.090464547677261,83.12958435207824
E00030875,373,40,12,28,333,26,307,10.723860589812332,3.2171581769436997,7.506702412868632,89.27613941018767,6.970509383378016,82.30563002680965
E00030876,429,56,14,42,373,37,336,13.053613053613052,3.263403263403263,9.79020979020979,86.94638694638695,8.624708624708624,78.32167832167832
E00030877,430,49,16,33,381,34,347,11.395348837209303,3.7209302325581395,7.674418604651163,88.60465116279069,7.906976744186046,80.69767441860465
E00030878,342,58,21,37,284,28,256,16.95906432748538,6.140350877192982,10.818713450292398,83.04093567251462,8.187134502923977,74.85380116959064
E00030879,507,43,16,27,464,27,437,8.481262327416173,3.155818540433925,5.325443786982249,91.51873767258382,5.325443786982249,86.19329388560158
E00030881,447,40,14,26,407,30,377,8.94854586129754,3.131991051454139,5.8165548098434,91.05145413870245,6.7114093959731544,84.3400447427293
E00030882,354,45,17,28,309,36,273,12.711864406779661,4.80225988700565,7.909604519774012,87.28813559322035,10.16949152542373,77.11864406779661
E00030883,527,51,15,36,476,36,440,9.67741935483871,2.846299810246679,6.83111954459203,90.32258064516128,6.83111954459203,83.49146110056927
E00030884,359,69,38,31,290,27,263,19.220055710306408,10.584958217270195,8.635097493036211,80.77994428969359,7.520891364902507,73.25905292479109
E00030885,312,56,35,21,256,21,235,17.94871794871795,11.217948717948719,6.730769230769231,82.05128205128204,6.730769230769231,75.32051282051282
E00030886,352,41,7,34,311,32,279,11.647727272727272,1.9886363636363635,9.659090909090908,88.35227272727273,9.090909090909092,79.26136363636364
E00030887,205,54,34,20,151,14,137,26.34146341463415,16.585365853658537,9.75609756097561,73.65853658536585,6.829268292682928,66.82926829268293
E00030888,320,40,11,29,280,27,253,12.5,3.4375000000000004,9.0625,87.5,8.4375,79.0625
E00030889,400,38,15,23,362,26,336,9.5,3.75,5.75,90.5,6.5,84
E00030890,356,38,12,26,318,29,289,10.674157303370785,3.3707865168539324,7.303370786516854,89.32584269662921,8.146067415730338,81.17977528089888
E00030891,342,63,37,26,279,34,245,18.421052631578945,10.818713450292398,7.602339181286549,81.57894736842105,9.941520467836257,71.6374269005848
E00030892,312,48,22,26,264,27,237,15.384615384615385,7.051282051282051,8.333333333333332,84.61538461538461,8.653846153846153,75.96153846153845
E00030893,288,39,12,27,249,14,235,13.541666666666666,4.166666666666666,9.375,86.45833333333334,4.861111111111112,81.59722222222221
E00030894,259,53,38,15,206,20,186,20.463320463320464,14.671814671814673,5.7915057915057915,79.53667953667953,7.722007722007722,71.81467181467181
E00030895,336,38,12,26,298,28,270,11.30952380952381,3.571428571428571,7.738095238095238,88.69047619047619,8.333333333333332,80.35714285714286
E00030896,278,35,14,21,243,18,225,12.589928057553957,5.0359712230215825,7.553956834532374,87.41007194244604,6.474820143884892,80.93525179856115
E00030897,290,48,21,27,242,27,215,16.551724137931036,7.241379310344828,9.310344827586208,83.44827586206897,9.310344827586208,74.13793103448276
E00030898,374,48,21,27,326,28,298,12.834224598930483,5.614973262032086,7.219251336898395,87.16577540106952,7.4866310160427805,79.67914438502673
E00030899,309,45,14,31,264,31,233,14.563106796116504,4.53074433656958,10.032362459546926,85.43689320388349,10.032362459546926,75.40453074433657
E00030900,347,40,10,30,307,30,277,11.527377521613833,2.881844380403458,8.645533141210375,88.47262247838617,8.645533141210375,79.82708933717579
E00030901,447,64,24,40,383,33,350,14.317673378076062,5.369127516778524,8.94854586129754,85.68232662192393,7.38255033557047,78.29977628635348
E00030902,340,40,16,24,300,28,272,11.76470588235294,4.705882352941177,7.0588235294117645,88.23529411764706,8.235294117647058,80
E00030903,189,36,15,21,153,20,133,19.047619047619047,7.936507936507936,11.11111111111111,80.95238095238095,10.582010582010582,70.37037037037037
E00030904,266,52,23,29,214,20,194,19.548872180451127,8.646616541353383,10.902255639097744,80.45112781954887,7.518796992481203,72.93233082706767
E00030905,321,31,7,24,290,32,258,9.657320872274143,2.1806853582554515,7.476635514018691,90.34267912772586,9.968847352024921,80.37383177570094
E00030906,359,32,17,15,327,33,294,8.913649025069638,4.735376044568245,4.178272980501393,91.08635097493037,9.192200557103064,81.89415041782729
E00030907,176,21,8,13,155,13,142,11.931818181818182,4.545454545454546,7.386363636363637,88.06818181818183,7.386363636363637,80.68181818181817
E00030908,309,38,14,24,271,24,247,12.297734627831716,4.53074433656958,7.766990291262135,87.70226537216828,7.766990291262135,79.93527508090615
E00030909,434,54,20,34,380,39,341,12.442396313364055,4.6082949308755765,7.834101382488479,87.55760368663594,8.986175115207374,78.57142857142857
E00030910,358,38,12,26,320,27,293,10.614525139664805,3.35195530726257,7.262569832402235,89.3854748603352,7.5418994413407825,81.84357541899442
E00030911,304,41,15,26,263,22,241,13.486842105263158,4.934210526315789,8.552631578947368,86.51315789473685,7.236842105263158,79.27631578947368
E00030912,400,39,12,27,361,20,341,9.75,3,6.75,90.25,5,85.25
E00030913,314,39,14,25,275,21,254,12.420382165605096,4.45859872611465,7.961783439490445,87.57961783439491,6.687898089171974,80.89171974522293
E00030914,196,57,31,26,139,12,127,29.081632653061224,15.816326530612246,13.26530612244898,70.91836734693877,6.122448979591836,64.79591836734694
E00030915,318,28,8,20,290,27,263,8.80503144654088,2.515723270440252,6.289308176100629,91.19496855345912,8.49056603773585,82.70440251572327
E00030916,338,36,11,25,302,21,281,10.650887573964498,3.2544378698224854,7.396449704142012,89.3491124260355,6.21301775147929,83.13609467455622
E00030917,361,28,10,18,333,20,313,7.756232686980609,2.7700831024930745,4.986149584487535,92.24376731301939,5.540166204986149,86.70360110803324
E00030918,317,39,12,27,278,31,247,12.302839116719243,3.7854889589905363,8.517350157728707,87.69716088328076,9.779179810725552,77.91798107255521
E00030919,482,105,53,52,377,30,347,21.78423236514523,10.995850622406639,10.78838174273859,78.21576763485477,6.224066390041494,71.99170124481327
E00030920,303,72,31,41,231,12,219,23.762376237623762,10.231023102310232,13.531353135313532,76.23762376237624,3.9603960396039604,72.27722772277228
E00030921,329,93,47,46,236,18,218,28.267477203647417,14.285714285714285,13.98176291793313,71.73252279635258,5.47112462006079,66.26139817629179
E00030922,269,77,44,33,192,18,174,28.624535315985128,16.356877323420075,12.267657992565056,71.37546468401487,6.691449814126393,64.68401486988847
E00030923,337,69,30,39,268,24,244,20.474777448071215,8.902077151335313,11.572700296735905,79.52522255192879,7.121661721068249,72.40356083086054
E00030924,334,83,37,46,251,14,237,24.850299401197603,11.077844311377245,13.77245508982036,75.1497005988024,4.191616766467066,70.95808383233533
E00030925,288,70,42,28,218,17,201,24.305555555555554,14.583333333333334,9.722222222222223,75.69444444444444,5.902777777777778,69.79166666666666
E00030926,259,69,36,33,190,19,171,26.640926640926644,13.8996138996139,12.741312741312742,73.35907335907336,7.335907335907336,66.02316602316603
E00030927,276,61,25,36,215,16,199,22.10144927536232,9.057971014492754,13.043478260869565,77.89855072463769,5.797101449275362,72.10144927536231
E00030928,290,72,41,31,218,7,211,24.82758620689655,14.13793103448276,10.689655172413794,75.17241379310344,2.413793103448276,72.75862068965517
E00030929,203,55,28,27,148,16,132,27.093596059113302,13.793103448275861,13.30049261083744,72.9064039408867,7.8817733990147785,65.02463054187191
E00030930,246,59,26,33,187,22,165,23.983739837398375,10.569105691056912,13.414634146341465,76.01626016260163,8.94308943089431,67.07317073170732
E00030931,305,45,13,32,260,17,243,14.754098360655737,4.2622950819672125,10.491803278688524,85.24590163934425,5.573770491803279,79.67213114754098
E00030932,292,52,14,38,240,18,222,17.80821917808219,4.794520547945205,13.013698630136986,82.1917808219178,6.164383561643835,76.02739726027397
E00030933,387,96,43,53,291,14,277,24.8062015503876,11.11111111111111,13.695090439276486,75.1937984496124,3.6175710594315245,71.57622739018088
E00030934,233,58,31,27,175,15,160,24.892703862660944,13.304721030042918,11.587982832618025,75.10729613733905,6.437768240343347,68.6695278969957
E00030935,275,68,36,32,207,20,187,24.727272727272727,13.090909090909092,11.636363636363637,75.27272727272727,7.2727272727272725,68
E00030936,354,149,87,62,205,17,188,42.090395480225986,24.576271186440678,17.51412429378531,57.909604519774014,4.80225988700565,53.10734463276836
E00030937,291,57,29,28,234,22,212,19.587628865979383,9.965635738831615,9.621993127147768,80.41237113402062,7.560137457044673,72.85223367697594
E00030938,296,82,38,44,214,16,198,27.7027027027027,12.837837837837837,14.864864864864865,72.2972972972973,5.405405405405405,66.8918918918919
E00030939,264,69,28,41,195,9,186,26.136363636363637,10.606060606060606,15.530303030303031,73.86363636363636,3.4090909090909087,70.45454545454545
E00030940,237,69,31,38,168,9,159,29.11392405063291,13.080168776371309,16.033755274261605,70.88607594936708,3.79746835443038,67.08860759493672
E00030941,235,39,14,25,196,13,183,16.595744680851062,5.957446808510639,10.638297872340425,83.40425531914893,5.531914893617021,77.87234042553192
E00030942,347,83,44,39,264,15,249,23.919308357348704,12.680115273775217,11.239193083573488,76.0806916426513,4.322766570605188,71.75792507204612
E00030943,337,83,38,45,254,11,243,24.629080118694365,11.275964391691394,13.353115727002967,75.37091988130564,3.2640949554896146,72.10682492581603
E00030944,401,99,44,55,302,22,280,24.688279301745634,10.972568578553615,13.715710723192021,75.31172069825436,5.486284289276807,69.82543640897757
E00030945,318,69,43,26,249,15,234,21.69811320754717,13.522012578616351,8.176100628930817,78.30188679245283,4.716981132075472,73.58490566037736
E00030946,485,56,23,33,429,23,406,11.54639175257732,4.742268041237113,6.804123711340206,88.45360824742268,4.742268041237113,83.71134020618557
E00030947,347,61,36,25,286,10,276,17.579250720461097,10.37463976945245,7.204610951008646,82.42074927953891,2.881844380403458,79.53890489913545
E00030950,433,66,34,32,367,24,343,15.242494226327944,7.852193995381063,7.390300230946882,84.75750577367207,5.542725173210162,79.21478060046189
E00030953,361,67,27,40,294,21,273,18.559556786703602,7.479224376731302,11.080332409972298,81.4404432132964,5.8171745152354575,75.62326869806094
E00030954,554,85,46,39,469,28,441,15.342960288808664,8.303249097472925,7.039711191335741,84.65703971119135,5.054151624548736,79.6028880866426
E00030955,485,79,50,29,406,12,394,16.288659793814432,10.309278350515463,5.979381443298969,83.71134020618557,2.4742268041237114,81.23711340206185
E00030956,219,53,26,27,166,13,153,24.200913242009133,11.87214611872146,12.32876712328767,75.79908675799086,5.93607305936073,69.86301369863014
E00030958,417,69,38,31,348,24,324,16.546762589928058,9.112709832134293,7.434052757793765,83.45323741007195,5.755395683453238,77.6978417266187
E00030961,210,58,31,27,152,12,140,27.61904761904762,14.761904761904763,12.857142857142856,72.38095238095238,5.714285714285714,66.66666666666666
E00030962,612,164,105,59,448,28,420,26.797385620915033,17.15686274509804,9.640522875816995,73.20261437908496,4.57516339869281,68.62745098039215
E00030963,450,105,36,69,345,21,324,23.333333333333332,8,15.333333333333332,76.66666666666667,4.666666666666667,72
E00030964,454,72,29,43,382,23,359,15.859030837004406,6.387665198237885,9.47136563876652,84.14096916299559,5.066079295154185,79.07488986784142
E00030965,389,76,41,35,313,12,301,19.53727506426735,10.539845758354756,8.997429305912597,80.46272493573264,3.0848329048843186,77.37789203084833
E00030966,466,68,33,35,398,22,376,14.592274678111588,7.081545064377683,7.510729613733906,85.40772532188842,4.721030042918455,80.68669527896995
E00030967,415,83,42,41,332,22,310,20,10.120481927710843,9.879518072289157,80,5.301204819277109,74.69879518072288
E00030968,394,80,36,44,314,19,295,20.304568527918782,9.137055837563452,11.16751269035533,79.69543147208121,4.822335025380711,74.8730964467005
E00030969,382,67,26,41,315,27,288,17.539267015706805,6.806282722513089,10.732984293193718,82.4607329842932,7.068062827225131,75.39267015706807
E00030970,386,64,29,35,322,18,304,16.580310880829018,7.512953367875648,9.067357512953368,83.41968911917098,4.66321243523316,78.75647668393782
E00030971,389,56,26,30,333,21,312,14.395886889460154,6.683804627249357,7.712082262210797,85.60411311053984,5.3984575835475574,80.20565552699229
E00030972,411,58,33,25,353,18,335,14.111922141119221,8.02919708029197,6.082725060827251,85.88807785888078,4.37956204379562,81.50851581508516
E00030973,343,61,23,38,282,27,255,17.784256559766764,6.705539358600583,11.078717201166182,82.21574344023324,7.871720116618077,74.34402332361516
E00030974,359,82,40,42,277,13,264,22.841225626740947,11.142061281337048,11.699164345403899,77.15877437325905,3.6211699164345403,73.53760445682451
E00030975,300,29,13,16,271,23,248,9.666666666666666,4.333333333333334,5.333333333333334,90.33333333333333,7.666666666666666,82.66666666666667
E00030976,369,80,35,45,289,20,269,21.680216802168022,9.48509485094851,12.195121951219512,78.31978319783198,5.420054200542006,72.89972899728997
E00030977,399,89,53,36,310,15,295,22.305764411027567,13.283208020050125,9.022556390977442,77.69423558897243,3.7593984962406015,73.93483709273183
E00030978,227,40,19,21,187,14,173,17.62114537444934,8.370044052863436,9.251101321585903,82.37885462555066,6.167400881057269,76.2114537444934
E00030979,282,50,23,27,232,15,217,17.73049645390071,8.156028368794328,9.574468085106384,82.26950354609929,5.319148936170213,76.95035460992908
E00030980,266,67,28,39,199,25,174,25.18796992481203,10.526315789473683,14.661654135338345,74.81203007518798,9.398496240601503,65.41353383458647
E00030981,293,55,25,30,238,11,227,18.771331058020476,8.532423208191126,10.238907849829351,81.22866894197952,3.754266211604096,77.47440273037543
E00030982,268,48,25,23,220,15,205,17.91044776119403,9.328358208955224,8.582089552238806,82.08955223880598,5.597014925373134,76.49253731343283
E00030983,343,51,16,35,292,22,270,14.868804664723031,4.664723032069971,10.204081632653061,85.13119533527697,6.41399416909621,78.71720116618076
E00030984,319,61,18,43,258,22,236,19.122257053291534,5.6426332288401255,13.479623824451412,80.87774294670847,6.896551724137931,73.98119122257053
E00030985,324,74,25,49,250,26,224,22.839506172839506,7.716049382716049,15.123456790123457,77.1604938271605,8.024691358024691,69.1358024691358
E00030986,218,69,31,38,149,9,140,31.65137614678899,14.220183486238533,17.431192660550458,68.34862385321101,4.128440366972478,64.22018348623854
E00030987,322,45,14,31,277,26,251,13.975155279503104,4.3478260869565215,9.627329192546584,86.0248447204969,8.074534161490684,77.95031055900621
E00030988,327,51,25,26,276,27,249,15.59633027522936,7.64525993883792,7.951070336391437,84.40366972477065,8.256880733944955,76.14678899082568
E00030989,231,58,37,21,173,18,155,25.108225108225106,16.017316017316016,9.090909090909092,74.89177489177489,7.792207792207792,67.09956709956711
E00030990,420,44,11,33,376,41,335,10.476190476190476,2.619047619047619,7.857142857142857,89.52380952380953,9.761904761904763,79.76190476190477
E00030991,345,48,15,33,297,16,281,13.91304347826087,4.3478260869565215,9.565217391304348,86.08695652173914,4.63768115942029,81.44927536231884
E00030992,353,31,15,16,322,20,302,8.78186968838527,4.2492917847025495,4.53257790368272,91.21813031161473,5.6657223796034,85.55240793201133
E00030993,342,42,19,23,300,24,276,12.280701754385964,5.555555555555555,6.725146198830409,87.71929824561403,7.017543859649122,80.7017543859649
E00030994,351,42,16,26,309,31,278,11.965811965811966,4.5584045584045585,7.4074074074074066,88.03418803418803,8.831908831908832,79.2022792022792
E00030995,319,44,14,30,275,22,253,13.793103448275861,4.38871473354232,9.404388714733543,86.20689655172413,6.896551724137931,79.3103448275862
E00030996,341,50,19,31,291,17,274,14.66275659824047,5.571847507331378,9.090909090909092,85.33724340175954,4.9853372434017595,80.35190615835776
E00030997,334,62,26,36,272,24,248,18.562874251497004,7.784431137724551,10.778443113772456,81.437125748502993,7.18562874251497,74.25149700598801
E00030998,271,31,11,20,240,17,223,11.439114391143912,4.059040590405904,7.380073800738007,88.56088560885608,6.273062730627306,82.28782287822878
E00030999,295,38,19,19,257,34,223,12.88135593220339,6.440677966101695,6.440677966101695,87.11864406779661,11.525423728813559,75.59322033898304
E00031000,281,33,11,22,248,37,211,11.743772241992882,3.9145907473309607,7.829181494661921,88.25622775800713,13.167259786476867,75.08896797153025
E00031001,356,41,15,26,315,30,285,11.51685393258427,4.213483146067416,7.303370786516854,88.48314606741573,8.426966292134832,80.0561797752809
E00031002,321,43,12,31,278,24,254,13.395638629283487,3.7383177570093453,9.657320872274143,86.6043613707165,7.476635514018691,79.12772585669782
E00031003,303,45,14,31,258,29,229,14.85148514851485,4.62046204620462,10.231023102310232,85.14851485148515,9.570957095709572,75.57755775577559
E00031004,326,77,45,32,249,25,224,23.619631901840492,13.803680981595093,9.815950920245399,76.38036809815951,7.668711656441718,68.71165644171779
E00031005,255,28,12,16,227,21,206,10.980392156862745,4.705882352941177,6.2745098039215685,89.01960784313725,8.235294117647058,80.7843137254902
E00031006,323,61,27,34,262,25,237,18.885448916408667,8.359133126934983,10.526315789473683,81.11455108359134,7.739938080495357,73.37461300309597
E00031007,283,49,28,21,234,13,221,17.314487632508836,9.89399293286219,7.420494699646643,82.68551236749117,4.593639575971731,78.09187279151944
E00031008,331,74,31,43,257,25,232,22.356495468277945,9.365558912386707,12.990936555891238,77.64350453172206,7.552870090634441,70.09063444108762
E00031009,355,46,15,31,309,30,279,12.957746478873238,4.225352112676056,8.732394366197182,87.04225352112675,8.450704225352112,78.59154929577464
E00031010,308,47,21,26,261,26,235,15.259740259740258,6.8181818181818175,8.441558441558442,84.74025974025975,8.441558441558442,76.2987012987013
E00031011,294,89,33,56,205,17,188,30.272108843537417,11.224489795918368,19.047619047619047,69.72789115646259,5.782312925170068,63.94557823129252
E00031012,275,39,12,27,236,21,215,14.181818181818182,4.363636363636364,9.818181818181818,85.81818181818181,7.636363636363637,78.18181818181819
E00031013,287,42,15,27,245,26,219,14.634146341463413,5.2264808362369335,9.40766550522648,85.36585365853658,9.059233449477352,76.30662020905923
E00031014,365,62,27,35,303,32,271,16.986301369863014,7.397260273972603,9.58904109589041,83.01369863013699,8.767123287671232,74.24657534246575
E00031015,345,77,43,34,268,23,245,22.318840579710145,12.46376811594203,9.855072463768117,77.68115942028986,6.666666666666667,71.01449275362319
E00031016,375,80,36,44,295,20,275,21.333333333333336,9.6,11.733333333333333,78.66666666666666,5.333333333333334,73.33333333333333
E00031017,322,66,28,38,256,29,227,20.496894409937887,8.695652173913043,11.801242236024844,79.5031055900621,9.006211180124224,70.4968944099379
E00031018,311,52,16,36,259,29,230,16.720257234726688,5.144694533762058,11.57556270096463,83.27974276527331,9.32475884244373,73.95498392282958
E00031019,327,77,44,33,250,16,234,23.547400611620795,13.455657492354739,10.091743119266056,76.45259938837921,4.892966360856269,71.55963302752293
E00031020,307,47,12,35,260,26,234,15.309446254071663,3.908794788273615,11.400651465798045,84.69055374592834,8.469055374592834,76.2214983713355
E00031021,339,75,36,39,264,13,251,22.123893805309734,10.619469026548673,11.504424778761061,77.87610619469027,3.8348082595870205,74.04129793510324
E00031022,295,81,47,34,214,17,197,27.45762711864407,15.932203389830507,11.525423728813559,72.54237288135593,5.762711864406779,66.77966101694915
E00031023,264,74,36,38,190,12,178,28.030303030303028,13.636363636363635,14.393939393939394,71.96969696969697,4.545454545454546,67.42424242424242
E00031024,281,55,27,28,226,17,209,19.572953736654807,9.608540925266903,9.9644128113879,80.42704626334519,6.049822064056939,74.37722419928826
E00031025,247,48,25,23,199,20,179,19.4331983805668,10.121457489878543,9.31174089068826,80.5668016194332,8.097165991902834,72.46963562753037
E00031026,314,49,16,33,265,44,221,15.605095541401273,5.095541401273886,10.509554140127388,84.39490445859873,14.012738853503185,70.38216560509554
E00031027,337,50,16,34,287,28,259,14.836795252225517,4.747774480712167,10.089020771513352,85.16320474777447,8.30860534124629,76.8545994065282
E00031028,314,44,17,27,270,18,252,14.012738853503185,5.414012738853503,8.598726114649681,85.98726114649682,5.7324840764331215,80.2547770700637
E00031029,474,78,35,43,396,28,368,16.455696202531644,7.383966244725738,9.071729957805907,83.54430379746836,5.9071729957805905,77.63713080168776
E00031030,325,46,18,28,279,23,256,14.153846153846153,5.538461538461538,8.615384615384615,85.84615384615385,7.076923076923077,78.76923076923077
E00031031,293,54,25,29,239,22,217,18.43003412969283,8.532423208191126,9.897610921501707,81.56996587030717,7.508532423208192,74.06143344709898
E00031032,286,42,15,27,244,25,219,14.685314685314685,5.244755244755245,9.44055944055944,85.3146853146853,8.741258741258742,76.57342657342657
E00031033,347,71,23,48,276,37,239,20.461095100864554,6.628242074927954,13.8328530259366,79.53890489913545,10.662824207492795,68.87608069164266
E00031034,327,62,23,39,265,25,240,18.960244648318042,7.033639143730887,11.926605504587156,81.03975535168195,7.64525993883792,73.39449541284404
E00031035,261,69,26,43,192,14,178,26.436781609195403,9.961685823754788,16.47509578544061,73.5632183908046,5.363984674329502,68.19923371647509
E00031036,288,46,18,28,242,23,219,15.972222222222221,6.25,9.722222222222223,84.02777777777779,7.986111111111111,76.04166666666666
E00031037,279,48,22,26,231,18,213,17.20430107526882,7.885304659498208,9.31899641577061,82.79569892473118,6.451612903225806,76.34408602150538
E00031038,359,50,19,31,309,29,280,13.92757660167131,5.2924791086350975,8.635097493036211,86.0724233983287,8.07799442896936,77.99442896935933
E00031039,325,38,12,26,287,27,260,11.692307692307692,3.6923076923076925,8,88.3076923076923,8.307692307692308,80
E00031040,305,35,11,24,270,33,237,11.475409836065573,3.606557377049181,7.868852459016394,88.52459016393442,10.819672131147541,77.70491803278688
E00031041,330,44,20,24,286,22,264,13.333333333333334,6.0606060606060606,7.2727272727272725,86.66666666666667,6.666666666666667,80
E00031042,310,78,42,36,232,30,202,25.161290322580644,13.548387096774196,11.612903225806452,74.83870967741936,9.67741935483871,65.16129032258064
E00031043,272,78,34,44,194,24,170,28.676470588235293,12.5,16.176470588235293,71.32352941176471,8.823529411764707,62.5
E00031044,282,79,44,35,203,29,174,28.01418439716312,15.602836879432624,12.411347517730496,71.98581560283688,10.28368794326241,61.702127659574465
E00031045,363,46,19,27,317,24,293,12.672176308539946,5.234159779614325,7.43801652892562,87.32782369146005,6.6115702479338845,80.71625344352617
E00031046,284,42,17,25,242,24,218,14.788732394366196,5.985915492957746,8.80281690140845,85.2112676056338,8.450704225352112,76.76056338028168
E00031047,266,49,21,28,217,27,190,18.421052631578945,7.894736842105263,10.526315789473683,81.57894736842105,10.150375939849624,71.42857142857143
E00031048,276,62,28,34,214,18,196,22.463768115942027,10.144927536231885,12.318840579710146,77.53623188405797,6.521739130434782,71.01449275362319
E00031049,255,58,21,37,197,25,172,22.745098039215687,8.235294117647058,14.50980392156863,77.25490196078432,9.803921568627452,67.45098039215686
E00031050,280,56,23,33,224,38,186,20,8.214285714285714,11.785714285714285,80,13.571428571428571,66.42857142857143
E00031051,305,50,16,34,255,28,227,16.39344262295082,5.245901639344262,11.147540983606557,83.60655737704919,9.180327868852459,74.42622950819671
E00031052,308,28,10,18,280,22,258,9.090909090909092,3.2467532467532463,5.844155844155844,90.9090909090909,7.142857142857142,83.76623376623377
E00031053,312,53,28,25,259,26,233,16.98717948717949,8.974358974358974,8.012820512820513,83.01282051282051,8.333333333333332,74.67948717948718
E00031054,283,50,15,35,233,19,214,17.6678445229682,5.30035335689046,12.36749116607774,82.3321554770318,6.713780918727916,75.61837455830388
E00031055,310,49,21,28,261,21,240,15.806451612903224,6.774193548387098,9.032258064516128,84.19354838709677,6.774193548387098,77.41935483870968
E00031056,275,40,15,25,235,26,209,14.545454545454545,5.454545454545454,9.090909090909092,85.45454545454545,9.454545454545455,76
E00031057,361,76,37,39,285,35,250,21.052631578947366,10.249307479224377,10.80332409972299,78.94736842105263,9.695290858725762,69.25207756232687
E00031058,311,40,10,30,271,39,232,12.861736334405144,3.215434083601286,9.646302250803858,87.13826366559485,12.540192926045016,74.59807073954984
E00031059,253,48,22,26,205,13,192,18.972332015810274,8.695652173913043,10.276679841897234,81.02766798418972,5.138339920948617,75.8893280632411
E00031060,301,84,53,31,217,16,201,27.906976744186046,17.60797342192691,10.299003322259136,72.09302325581395,5.3156146179401995,66.77740863787376
E00031061,363,41,15,26,322,28,294,11.294765840220386,4.132231404958678,7.162534435261708,88.70523415977961,7.7134986225895315,80.99173553719008
E00031062,261,53,28,25,208,25,183,20.306513409961685,10.727969348659004,9.578544061302683,79.6934865900383,9.578544061302683,70.11494252873564
E00031063,341,72,49,23,269,26,243,21.114369501466275,14.369501466275661,6.744868035190615,78.88563049853371,7.624633431085044,71.26099706744868
E00031064,267,51,27,24,216,19,197,19.101123595505616,10.112359550561797,8.98876404494382,80.89887640449437,7.116104868913857,73.78277153558052
E00031065,259,61,29,32,198,19,179,23.552123552123554,11.196911196911197,12.355212355212355,76.44787644787645,7.335907335907336,69.1119691119691
E00031066,288,55,25,30,233,30,203,19.09722222222222,8.680555555555555,10.416666666666668,80.90277777777779,10.416666666666668,70.48611111111111
E00031067,314,57,20,37,257,28,229,18.152866242038215,6.369426751592357,11.78343949044586,81.84713375796179,8.9171974522293,72.92993630573248
E00031068,331,48,10,38,283,25,258,14.501510574018129,3.0211480362537766,11.48036253776435,85.49848942598187,7.552870090634441,77.94561933534743
E00031069,229,43,23,20,186,22,164,18.777292576419214,10.043668122270741,8.73362445414847,81.22270742358079,9.606986899563319,71.61572052401746
E00031070,339,61,23,38,278,34,244,17.99410029498525,6.784660766961652,11.209439528023598,82.00589970501476,10.029498525073747,71.976401179941
E00031071,359,35,15,20,324,28,296,9.749303621169917,4.178272980501393,5.571030640668524,90.25069637883009,7.7994428969359335,82.45125348189416
E00031072,351,53,21,32,298,12,286,15.0997150997151,5.982905982905983,9.116809116809117,84.9002849002849,3.418803418803419,81.48148148148148
E00031073,370,44,15,29,326,24,302,11.891891891891893,4.054054054054054,7.837837837837839,88.10810810810811,6.486486486486487,81.62162162162161
E00031074,362,50,13,37,312,25,287,13.812154696132598,3.591160220994475,10.220994475138122,86.1878453038674,6.906077348066299,79.28176795580112
E00031075,348,46,18,28,302,20,282,13.218390804597702,5.172413793103448,8.045977011494253,86.7816091954023,5.747126436781609,81.03448275862068
E00031076,354,34,7,27,320,26,294,9.6045197740113,1.977401129943503,7.627118644067797,90.3954802259887,7.344632768361582,83.05084745762711
E00031077,362,44,15,29,318,31,287,12.154696132596685,4.143646408839778,8.011049723756907,87.84530386740332,8.56353591160221,79.28176795580112
E00031078,209,38,9,29,171,20,151,18.181818181818183,4.30622009569378,13.875598086124402,81.81818181818183,9.569377990430622,72.24880382775119
E00031079,368,58,23,35,310,18,292,15.760869565217392,6.25,9.510869565217392,84.23913043478261,4.891304347826087,79.34782608695652
E00031080,289,40,17,23,249,20,229,13.84083044982699,5.88235294117647,7.958477508650519,86.159169550173,6.920415224913495,79.23875432525952
E00031081,541,50,14,36,491,43,448,9.242144177449168,2.5878003696857674,6.654343807763401,90.75785582255084,7.948243992606285,82.80961182994456
E00031082,314,37,11,26,277,24,253,11.78343949044586,3.5031847133757963,8.280254777070063,88.21656050955414,7.643312101910828,80.57324840764332
E00031083,320,43,14,29,277,27,250,13.4375,4.375,9.0625,86.5625,8.4375,78.125
E00031084,195,67,36,31,128,10,118,34.35897435897436,18.461538461538463,15.897435897435896,65.64102564102564,5.128205128205128,60.51282051282051
E00031085,405,46,16,30,359,31,328,11.358024691358025,3.950617283950617,7.4074074074074066,88.64197530864197,7.654320987654321,80.98765432098766
E00031086,392,36,6,30,356,29,327,9.183673469387756,1.530612244897959,7.653061224489796,90.81632653061224,7.3979591836734695,83.41836734693877
E00031087,274,62,35,27,212,22,190,22.62773722627737,12.773722627737227,9.854014598540147,77.37226277372264,8.02919708029197,69.34306569343066
E00031088,307,42,20,22,265,15,250,13.680781758957655,6.514657980456026,7.166123778501629,86.31921824104235,4.88599348534202,81.43322475570032
E00031089,355,31,8,23,324,34,290,8.732394366197182,2.2535211267605635,6.478873239436619,91.26760563380282,9.577464788732394,81.69014084507043
E00031090,348,25,6,19,323,31,292,7.183908045977011,1.7241379310344827,5.459770114942529,92.81609195402298,8.908045977011495,83.9080459770115
E00031091,370,24,6,18,346,34,312,6.486486486486487,1.6216216216216217,4.864864864864865,93.51351351351352,9.18918918918919,84.32432432432432
E00031092,328,32,14,18,296,25,271,9.75609756097561,4.2682926829268295,5.487804878048781,90.2439024390244,7.621951219512195,82.6219512195122
E00031093,343,56,19,37,287,20,267,16.3265306122449,5.539358600583091,10.787172011661808,83.6734693877551,5.830903790087463,77.84256559766763
E00031094,365,40,13,27,325,28,297,10.95890410958904,3.5616438356164384,7.397260273972603,89.04109589041096,7.671232876712329,81.36986301369863
E00031095,317,48,19,29,269,24,245,15.141955835962145,5.993690851735016,9.14826498422713,84.85804416403786,7.570977917981073,77.28706624605678
E00031096,354,34,10,24,320,16,304,9.6045197740113,2.824858757062147,6.779661016949152,90.3954802259887,4.519774011299435,85.87570621468926
E00031097,375,35,9,26,340,17,323,9.333333333333334,2.4,6.933333333333333,90.66666666666666,4.533333333333333,86.13333333333333
E00031098,408,116,54,62,292,17,275,28.431372549019606,13.23529411764706,15.196078431372548,71.56862745098039,4.166666666666666,67.40196078431373
E00031099,389,29,5,24,360,29,331,7.455012853470437,1.2853470437017995,6.169665809768637,92.54498714652956,7.455012853470437,85.08997429305913
E00031100,328,29,5,24,299,30,269,8.841463414634147,1.524390243902439,7.317073170731707,91.15853658536585,9.146341463414634,82.01219512195121
E00031101,325,35,10,25,290,22,268,10.76923076923077,3.076923076923077,7.6923076923076925,89.23076923076924,6.769230769230769,82.46153846153847
E00031102,313,30,9,21,283,20,263,9.584664536741213,2.8753993610223643,6.7092651757188495,90.41533546325878,6.3897763578274756,84.02555910543131
E00031103,399,33,13,20,366,21,345,8.270676691729323,3.258145363408521,5.012531328320802,91.72932330827066,5.263157894736842,86.46616541353383
E00031104,342,34,5,29,308,25,283,9.941520467836257,1.461988304093567,8.47953216374269,90.05847953216374,7.309941520467836,82.7485380116959
E00031105,276,50,20,30,226,25,201,18.115942028985508,7.246376811594203,10.869565217391305,81.88405797101449,9.057971014492754,72.82608695652173
E00031106,398,64,21,43,334,25,309,16.08040201005025,5.276381909547738,10.804020100502512,83.91959798994975,6.281407035175879,77.63819095477386
E00031107,221,40,22,18,181,20,161,18.099547511312217,9.95475113122172,8.144796380090497,81.90045248868778,9.049773755656108,72.85067873303167
E00031108,221,82,35,47,139,16,123,37.10407239819005,15.837104072398189,21.266968325791854,62.89592760180995,7.239819004524888,55.65610859728507
E00031109,300,80,40,40,220,17,203,26.666666666666668,13.333333333333334,13.333333333333334,73.33333333333333,5.666666666666666,67.66666666666666
E00031110,307,55,25,30,252,12,240,17.91530944625407,8.143322475570033,9.77198697068404,82.08469055374593,3.908794788273615,78.17589576547232
E00031111,303,66,34,32,237,24,213,21.782178217821784,11.221122112211221,10.561056105610561,78.21782178217822,7.920792079207921,70.29702970297029
E00031112,251,47,26,21,204,11,193,18.725099601593627,10.358565737051793,8.366533864541832,81.27490039840637,4.382470119521913,76.89243027888446
E00031113,208,57,33,24,151,16,135,27.403846153846157,15.865384615384615,11.538461538461538,72.59615384615384,7.6923076923076925,64.90384615384616
E00031114,347,76,47,29,271,22,249,21.902017291066283,13.544668587896252,8.357348703170029,78.09798270893373,6.340057636887608,71.75792507204612
E00031115,339,59,24,35,280,24,256,17.404129793510325,7.079646017699115,10.32448377581121,82.59587020648968,7.079646017699115,75.51622418879056
E00031116,370,64,27,37,306,23,283,17.2972972972973,7.297297297297297,10,82.70270270270271,6.216216216216217,76.48648648648648
E00031117,295,41,16,25,254,19,235,13.898305084745763,5.423728813559322,8.47457627118644,86.10169491525423,6.440677966101695,79.66101694915254
E00031118,443,75,32,43,368,22,346,16.93002257336343,7.223476297968396,9.706546275395034,83.06997742663657,4.966139954853273,78.1038374717833
E00031119,452,58,14,44,394,29,365,12.831858407079647,3.0973451327433628,9.734513274336283,87.16814159292035,6.415929203539823,80.75221238938053
E00031120,365,43,18,25,322,20,302,11.78082191780822,4.931506849315069,6.8493150684931505,88.21917808219179,5.47945205479452,82.73972602739727
E00031121,342,48,19,29,294,31,263,14.035087719298245,5.555555555555555,8.47953216374269,85.96491228070175,9.064327485380117,76.90058479532163
E00031122,402,60,29,31,342,27,315,14.925373134328357,7.213930348258707,7.711442786069651,85.07462686567165,6.7164179104477615,78.35820895522389
E00031123,299,32,13,19,267,24,243,10.702341137123746,4.3478260869565215,6.354515050167224,89.29765886287625,8.02675585284281,81.27090301003345
E00031124,350,61,23,38,289,19,270,17.42857142857143,6.571428571428571,10.857142857142858,82.57142857142857,5.428571428571429,77.14285714285715
E00031125,365,54,18,36,311,26,285,14.794520547945206,4.931506849315069,9.863013698630137,85.2054794520548,7.123287671232877,78.08219178082192
E00031126,275,60,35,25,215,19,196,21.818181818181817,12.727272727272727,9.090909090909092,78.18181818181819,6.909090909090909,71.27272727272728
E00031127,286,45,18,27,241,28,213,15.734265734265735,6.293706293706294,9.44055944055944,84.26573426573427,9.79020979020979,74.47552447552448
E00031128,247,44,15,29,203,21,182,17.813765182186234,6.0728744939271255,11.740890688259109,82.18623481781377,8.502024291497975,73.68421052631578
E00031129,363,49,17,32,314,20,294,13.498622589531681,4.683195592286501,8.81542699724518,86.50137741046832,5.5096418732782375,80.99173553719008
E00031130,341,51,14,37,290,25,265,14.95601173020528,4.105571847507331,10.850439882697946,85.04398826979472,7.331378299120235,77.71260997067448
E00031131,157,31,15,16,126,17,109,19.745222929936308,9.554140127388536,10.191082802547772,80.2547770700637,10.828025477707007,69.42675159235668
E00031132,362,72,20,52,290,20,270,19.88950276243094,5.524861878453039,14.3646408839779,80.11049723756905,5.524861878453039,74.58563535911603
E00031133,249,80,44,36,169,16,153,32.1285140562249,17.670682730923694,14.457831325301203,67.8714859437751,6.425702811244979,61.44578313253012
E00031134,306,37,10,27,269,20,249,12.091503267973856,3.2679738562091507,8.823529411764707,87.90849673202614,6.535947712418301,81.37254901960785
E00031135,280,44,17,27,236,36,200,15.714285714285714,6.071428571428571,9.642857142857144,84.28571428571429,12.857142857142856,71.42857142857143
E00031136,192,70,36,34,122,12,110,36.45833333333333,18.75,17.708333333333336,63.541666666666664,6.25,57.291666666666664
E00031137,497,52,28,24,445,12,433,10.46277665995976,5.633802816901409,4.82897384305835,89.53722334004024,2.414486921529175,87.12273641851107
E00031138,294,32,6,26,262,18,244,10.884353741496598,2.0408163265306123,8.843537414965986,89.1156462585034,6.122448979591836,82.99319727891157
E00031139,322,83,43,40,239,27,212,25.77639751552795,13.354037267080745,12.422360248447205,74.22360248447205,8.385093167701864,65.83850931677019
E00031140,358,34,15,19,324,26,298,9.497206703910614,4.189944134078212,5.307262569832402,90.5027932960894,7.262569832402235,83.24022346368714
E00031141,274,64,33,31,210,22,188,23.357664233576642,12.043795620437956,11.313868613138686,76.64233576642336,8.02919708029197,68.61313868613139
E00031142,297,58,20,38,239,30,209,19.52861952861953,6.7340067340067336,12.794612794612794,80.47138047138047,10.1010101010101,70.37037037037037
E00031143,327,37,10,27,290,34,256,11.314984709480122,3.058103975535168,8.256880733944955,88.68501529051987,10.397553516819572,78.2874617737003
E00031144,365,37,11,26,328,32,296,10.136986301369863,3.0136986301369864,7.123287671232877,89.86301369863014,8.767123287671232,81.0958904109589
E00031145,347,36,8,28,311,16,295,10.37463976945245,2.3054755043227666,8.069164265129682,89.62536023054754,4.610951008645533,85.01440922190201
E00031146,305,39,21,18,266,21,245,12.786885245901638,6.885245901639345,5.901639344262295,87.21311475409837,6.885245901639345,80.32786885245902
E00031147,320,44,17,27,276,20,256,13.750000000000002,5.3125,8.4375,86.25,6.25,80
E00031148,330,41,12,29,289,32,257,12.424242424242424,3.6363636363636362,8.787878787878787,87.57575757575758,9.696969696969697,77.87878787878788
E00031149,341,49,16,33,292,28,264,14.369501466275661,4.69208211143695,9.67741935483871,85.63049853372434,8.211143695014663,77.41935483870968
E00031150,348,49,17,32,299,32,267,14.080459770114942,4.885057471264368,9.195402298850574,85.91954022988506,9.195402298850574,76.72413793103449
E00031151,232,31,14,17,201,27,174,13.36206896551724,6.0344827586206895,7.327586206896551,86.63793103448276,11.637931034482758,75
E00031152,359,38,10,28,321,29,292,10.584958217270195,2.785515320334262,7.7994428969359335,89.41504178272982,8.07799442896936,81.33704735376045
E00031153,353,41,16,25,312,40,272,11.614730878186968,4.53257790368272,7.0821529745042495,88.38526912181302,11.3314447592068,77.05382436260622
E00031154,337,33,13,20,304,26,278,9.792284866468842,3.857566765578635,5.934718100890208,90.20771513353115,7.71513353115727,82.49258160237389
E00031155,324,40,11,29,284,21,263,12.345679012345679,3.3950617283950617,8.950617283950617,87.65432098765432,6.481481481481481,81.17283950617285
E00031156,322,43,22,21,279,28,251,13.354037267080745,6.832298136645963,6.521739130434782,86.64596273291926,8.695652173913043,77.95031055900621
E00031157,380,46,21,25,334,32,302,12.105263157894736,5.526315789473684,6.578947368421052,87.89473684210526,8.421052631578947,79.47368421052632
E00031158,289,44,20,24,245,23,222,15.22491349480969,6.920415224913495,8.304498269896193,84.77508650519032,7.958477508650519,76.8166089965398
E00031159,392,84,49,35,308,31,277,21.428571428571427,12.5,8.928571428571429,78.57142857142857,7.908163265306123,70.66326530612244
E00031160,295,55,23,32,240,16,224,18.64406779661017,7.796610169491526,10.847457627118644,81.35593220338984,5.423728813559322,75.9322033898305
E00031161,402,42,9,33,360,27,333,10.44776119402985,2.2388059701492535,8.208955223880597,89.55223880597015,6.7164179104477615,82.83582089552239
E00031162,280,57,26,31,223,22,201,20.357142857142858,9.285714285714286,11.071428571428571,79.64285714285714,7.857142857142857,71.78571428571429
E00031163,279,40,15,25,239,18,221,14.336917562724013,5.376344086021505,8.960573476702509,85.66308243727599,6.451612903225806,79.21146953405018
E00031164,392,45,16,29,347,37,310,11.479591836734695,4.081632653061225,7.3979591836734695,88.5204081632653,9.438775510204081,79.08163265306123
E00031165,303,43,12,31,260,36,224,14.19141914191419,3.9603960396039604,10.231023102310232,85.8085808580858,11.881188118811881,73.92739273927393
E00031166,275,34,15,19,241,19,222,12.363636363636363,5.454545454545454,6.909090909090909,87.63636363636364,6.909090909090909,80.72727272727272
E00031167,309,38,13,25,271,19,252,12.297734627831716,4.207119741100324,8.090614886731391,87.70226537216828,6.148867313915858,81.55339805825243
E00031168,405,75,32,43,330,34,296,18.51851851851852,7.901234567901234,10.617283950617285,81.48148148148148,8.395061728395062,73.08641975308642
E00031169,415,149,85,64,266,31,235,35.903614457831324,20.481927710843372,15.421686746987953,64.09638554216868,7.46987951807229,56.62650602409639
E00031170,310,51,19,32,259,23,236,16.451612903225808,6.129032258064516,10.32258064516129,83.54838709677419,7.419354838709677,76.12903225806451
E00031171,334,34,14,20,300,28,272,10.179640718562874,4.191616766467066,5.9880239520958085,89.82035928143712,8.383233532934131,81.437125748502993
E00031172,285,41,9,32,244,26,218,14.385964912280702,3.1578947368421053,11.228070175438596,85.6140350877193,9.12280701754386,76.49122807017544
E00031173,356,46,15,31,310,33,277,12.921348314606742,4.213483146067416,8.707865168539326,87.07865168539325,9.269662921348315,77.80898876404494
E00031174,331,60,21,39,271,23,248,18.12688821752266,6.3444108761329305,11.782477341389729,81.87311178247734,6.948640483383686,74.92447129909365
E00031175,239,35,5,30,204,22,182,14.644351464435147,2.092050209205021,12.552301255230125,85.35564853556485,9.205020920502092,76.15062761506276
E00031176,349,55,16,39,294,32,262,15.759312320916905,4.584527220630372,11.174785100286533,84.2406876790831,9.169054441260744,75.07163323782235
E00031177,286,56,19,37,230,28,202,19.58041958041958,6.643356643356643,12.937062937062937,80.41958041958041,9.79020979020979,70.62937062937063
E00031178,309,64,29,35,245,21,224,20.711974110032365,9.385113268608414,11.326860841423949,79.28802588996764,6.796116504854369,72.49190938511327
E00031179,351,44,16,28,307,18,289,12.535612535612536,4.5584045584045585,7.977207977207977,87.46438746438746,5.128205128205128,82.33618233618233
E00031180,355,60,27,33,295,24,271,16.901408450704224,7.605633802816901,9.295774647887324,83.09859154929578,6.760563380281689,76.33802816901408
E00031181,285,54,19,35,231,11,220,18.947368421052634,6.666666666666667,12.280701754385964,81.05263157894737,3.8596491228070176,77.19298245614034
E00031182,168,50,14,36,118,7,111,29.761904761904763,8.333333333333332,21.428571428571427,70.23809523809523,4.166666666666666,66.07142857142857
E00031183,252,28,7,21,224,19,205,11.11111111111111,2.7777777777777777,8.333333333333332,88.88888888888889,7.5396825396825395,81.34920634920636
E00031184,255,37,14,23,218,18,200,14.50980392156863,5.490196078431373,9.019607843137255,85.49019607843137,7.0588235294117645,78.43137254901961
E00031185,292,39,11,28,253,22,231,13.356164383561644,3.767123287671233,9.58904109589041,86.64383561643835,7.534246575342466,79.1095890410959
E00031186,234,40,22,18,194,15,179,17.094017094017094,9.401709401709402,7.6923076923076925,82.90598290598291,6.41025641025641,76.49572649572649
E00031187,383,61,35,26,322,23,299,15.926892950391643,9.138381201044385,6.7885117493472595,84.07310704960835,6.005221932114883,78.06788511749347
E00031188,336,41,23,18,295,25,270,12.202380952380953,6.845238095238096,5.357142857142857,87.79761904761905,7.440476190476191,80.35714285714286
E00031189,241,67,35,32,174,10,164,27.800829875518673,14.522821576763487,13.278008298755188,72.19917012448133,4.149377593360995,68.04979253112033
E00031190,296,46,20,26,250,21,229,15.54054054054054,6.756756756756757,8.783783783783784,84.45945945945947,7.094594594594595,77.36486486486487
E00031191,406,82,39,43,324,21,303,20.19704433497537,9.60591133004926,10.591133004926109,79.80295566502463,5.172413793103448,74.63054187192118
E00031192,355,55,16,39,300,30,270,15.492957746478872,4.507042253521127,10.985915492957748,84.50704225352112,8.450704225352112,76.05633802816901
E00031193,361,55,20,35,306,29,277,15.23545706371191,5.540166204986149,9.695290858725762,84.7645429362881,8.033240997229916,76.73130193905817
E00031194,377,61,27,34,316,26,290,16.180371352785148,7.161803713527852,9.018567639257293,83.81962864721486,6.896551724137931,76.92307692307693
E00031195,379,60,28,32,319,20,299,15.8311345646438,7.387862796833773,8.443271767810026,84.1688654353562,5.277044854881266,78.89182058047494
E00031196,243,45,15,30,198,12,186,18.51851851851852,6.172839506172839,12.345679012345679,81.48148148148148,4.938271604938271,76.5432098765432
E00031197,402,95,50,45,307,22,285,23.6318407960199,12.437810945273633,11.194029850746269,76.3681592039801,5.472636815920398,70.8955223880597
E00031198,294,49,19,30,245,19,226,16.666666666666664,6.462585034013606,10.204081632653061,83.33333333333334,6.462585034013606,76.87074829931973
E00031199,361,81,47,34,280,19,261,22.437673130193904,13.019390581717452,9.418282548476455,77.5623268698061,5.263157894736842,72.29916897506925
E00031200,365,42,12,30,323,31,292,11.506849315068493,3.287671232876712,8.21917808219178,88.4931506849315,8.493150684931507,80
E00031201,366,45,15,30,321,21,300,12.295081967213115,4.098360655737705,8.19672131147541,87.70491803278688,5.737704918032787,81.9672131147541
E00031202,378,55,14,41,323,25,298,14.550264550264549,3.7037037037037033,10.846560846560847,85.44973544973546,6.613756613756613,78.83597883597884
E00031203,346,37,12,25,309,43,266,10.69364161849711,3.4682080924855487,7.225433526011561,89.30635838150289,12.427745664739884,76.878612716763
E00031204,360,74,26,48,286,19,267,20.555555555555554,7.222222222222221,13.333333333333334,79.44444444444444,5.277777777777778,74.16666666666667
E00031205,241,23,12,11,218,25,193,9.54356846473029,4.979253112033195,4.564315352697095,90.45643153526972,10.37344398340249,80.08298755186722
E00031206,328,45,23,22,283,25,258,13.719512195121952,7.01219512195122,6.707317073170732,86.28048780487805,7.621951219512195,78.65853658536585
E00031207,197,68,33,35,129,11,118,34.51776649746193,16.751269035532996,17.766497461928935,65.48223350253807,5.583756345177665,59.89847715736041
E00031208,221,47,30,17,174,18,156,21.266968325791854,13.574660633484163,7.6923076923076925,78.73303167420815,8.144796380090497,70.58823529411765
E00031209,462,66,24,42,396,28,368,14.285714285714285,5.194805194805195,9.090909090909092,85.71428571428571,6.0606060606060606,79.65367965367966
E00031210,345,55,16,39,290,22,268,15.942028985507244,4.63768115942029,11.304347826086957,84.05797101449275,6.3768115942028984,77.68115942028986
E00031211,289,44,19,25,245,31,214,15.22491349480969,6.5743944636678195,8.650519031141869,84.77508650519032,10.726643598615917,74.0484429065744
E00031212,353,34,6,28,319,41,278,9.631728045325778,1.69971671388102,7.932011331444759,90.36827195467421,11.614730878186968,78.75354107648725
E00031213,297,37,12,25,260,24,236,12.457912457912458,4.040404040404041,8.417508417508419,87.54208754208754,8.080808080808081,79.46127946127946
E00031214,268,32,4,28,236,27,209,11.940298507462686,1.4925373134328357,10.44776119402985,88.05970149253731,10.074626865671641,77.98507462686567
E00031215,220,51,22,29,169,10,159,23.18181818181818,10,13.18181818181818,76.81818181818181,4.545454545454546,72.27272727272728
E00031216,297,41,12,29,256,28,228,13.804713804713806,4.040404040404041,9.764309764309765,86.19528619528619,9.427609427609427,76.76767676767676
E00031217,163,52,21,31,111,14,97,31.901840490797547,12.883435582822086,19.018404907975462,68.09815950920245,8.588957055214724,59.50920245398773
E00031218,313,37,6,31,276,19,257,11.821086261980831,1.9169329073482428,9.904153354632587,88.17891373801918,6.070287539936102,82.10862619808307
E00031219,326,37,14,23,289,31,258,11.349693251533742,4.294478527607362,7.05521472392638,88.65030674846625,9.509202453987731,79.14110429447852
E00031220,335,34,12,22,301,27,274,10.149253731343283,3.582089552238806,6.567164179104477,89.8507462686567,8.059701492537313,81.7910447761194
E00031221,192,28,6,22,164,28,136,14.583333333333334,3.125,11.458333333333332,85.41666666666666,14.583333333333334,70.83333333333334
E00031222,304,30,8,22,274,19,255,9.868421052631579,2.631578947368421,7.236842105263158,90.13157894736842,6.25,83.88157894736842
E00031223,261,38,12,26,223,24,199,14.559386973180077,4.597701149425287,9.961685823754788,85.44061302681992,9.195402298850574,76.24521072796935
E00031224,319,26,4,22,293,32,261,8.150470219435736,1.2539184952978055,6.896551724137931,91.84952978056427,10.031347962382444,81.81818181818183
E00031225,279,29,2,27,250,24,226,10.39426523297491,0.7168458781362007,9.67741935483871,89.6057347670251,8.60215053763441,81.00358422939068
E00031226,287,27,9,18,260,25,235,9.40766550522648,3.1358885017421603,6.2717770034843205,90.59233449477352,8.710801393728223,81.8815331010453
E00031227,333,45,9,36,288,27,261,13.513513513513514,2.7027027027027026,10.81081081081081,86.48648648648648,8.108108108108109,78.37837837837837
E00031228,279,46,17,29,233,18,215,16.48745519713262,6.093189964157706,10.39426523297491,83.51254480286738,6.451612903225806,77.06093189964157
E00031229,251,35,14,21,216,31,185,13.94422310756972,5.577689243027888,8.366533864541832,86.05577689243027,12.350597609561753,73.70517928286853
E00031230,298,34,15,19,264,22,242,11.409395973154362,5.033557046979865,6.375838926174497,88.59060402684564,7.38255033557047,81.20805369127517
E00031231,481,64,20,44,417,35,382,13.305613305613306,4.158004158004158,9.147609147609149,86.6943866943867,7.276507276507277,79.41787941787942
E00031232,370,62,19,43,308,31,277,16.756756756756758,5.135135135135135,11.621621621621623,83.24324324324324,8.378378378378379,74.86486486486487
E00031233,344,70,37,33,274,16,258,20.348837209302324,10.755813953488373,9.593023255813954,79.65116279069767,4.651162790697675,75
E00031234,289,42,17,25,247,26,221,14.53287197231834,5.88235294117647,8.650519031141869,85.46712802768167,8.996539792387544,76.47058823529412
E00031235,411,51,26,25,360,35,325,12.408759124087592,6.326034063260341,6.082725060827251,87.59124087591242,8.51581508515815,79.07542579075427
E00031236,354,58,19,39,296,27,269,16.38418079096045,5.367231638418079,11.016949152542372,83.61581920903954,7.627118644067797,75.98870056497175
E00031237,248,25,11,14,223,27,196,10.080645161290322,4.435483870967742,5.64516129032258,89.91935483870968,10.887096774193548,79.03225806451613
E00031239,401,48,11,37,353,29,324,11.970074812967582,2.7431421446384037,9.226932668329177,88.02992518703242,7.231920199501247,80.79800498753117
E00031240,248,27,11,16,221,25,196,10.887096774193548,4.435483870967742,6.451612903225806,89.11290322580645,10.080645161290322,79.03225806451613
E00031241,266,49,15,34,217,19,198,18.421052631578945,5.639097744360902,12.781954887218044,81.57894736842105,7.142857142857142,74.43609022556392
E00031242,351,62,26,36,289,21,268,17.663817663817664,7.4074074074074066,10.256410256410255,82.33618233618233,5.982905982905983,76.35327635327636
E00031243,398,89,51,38,309,22,287,22.36180904522613,12.814070351758794,9.547738693467336,77.63819095477386,5.527638190954774,72.11055276381909
E00031244,269,40,14,26,229,25,204,14.869888475836431,5.204460966542751,9.66542750929368,85.13011152416357,9.293680297397769,75.8364312267658
E00031245,294,59,27,32,235,25,210,20.068027210884352,9.183673469387756,10.884353741496598,79.93197278911565,8.503401360544217,71.42857142857143
E00031246,355,54,29,25,301,25,276,15.211267605633802,8.169014084507042,7.042253521126761,84.78873239436619,7.042253521126761,77.74647887323944
E00031247,479,51,18,33,428,42,386,10.647181628392484,3.7578288100208765,6.8893528183716075,89.35281837160751,8.768267223382047,80.58455114822547
E00031248,244,68,38,30,176,13,163,27.86885245901639,15.573770491803279,12.295081967213115,72.1311475409836,5.327868852459016,66.80327868852459
E00031249,236,56,30,26,180,18,162,23.728813559322035,12.711864406779661,11.016949152542372,76.27118644067797,7.627118644067797,68.64406779661016
E00031250,353,95,44,51,258,28,230,26.912181303116146,12.464589235127479,14.44759206798867,73.08781869688386,7.932011331444759,65.15580736543909
E00031251,230,59,26,33,171,16,155,25.65217391304348,11.304347826086957,14.347826086956522,74.34782608695653,6.956521739130435,67.3913043478261
E00031252,439,122,59,63,317,21,296,27.790432801822323,13.439635535307518,14.350797266514807,72.20956719817767,4.783599088838269,67.42596810933941
E00031253,271,33,9,24,238,21,217,12.177121771217712,3.3210332103321036,8.856088560885608,87.82287822878229,7.7490774907749085,80.07380073800738
E00031254,273,41,18,23,232,17,215,15.018315018315018,6.593406593406594,8.424908424908425,84.98168498168498,6.227106227106227,78.75457875457876
E00031255,279,23,7,16,256,23,233,8.24372759856631,2.5089605734767026,5.734767025089606,91.75627240143369,8.24372759856631,83.51254480286738
E00031256,163,42,21,21,121,12,109,25.766871165644172,12.883435582822086,12.883435582822086,74.23312883435584,7.361963190184049,66.87116564417178
E00031257,271,70,36,34,201,17,184,25.830258302583026,13.284132841328415,12.546125461254611,74.16974169741697,6.273062730627306,67.89667896678966
E00031258,273,63,21,42,210,16,194,23.076923076923077,7.6923076923076925,15.384615384615385,76.92307692307693,5.86080586080586,71.06227106227107
E00031259,255,38,12,26,217,20,197,14.901960784313726,4.705882352941177,10.196078431372548,85.09803921568627,7.8431372549019605,77.25490196078432
E00031260,248,37,22,15,211,20,191,14.919354838709678,8.870967741935484,6.048387096774194,85.08064516129032,8.064516129032258,77.01612903225806
E00031261,194,56,30,26,138,8,130,28.865979381443296,15.463917525773196,13.402061855670103,71.1340206185567,4.123711340206185,67.0103092783505
E00031262,360,50,16,34,310,30,280,13.88888888888889,4.444444444444445,9.444444444444445,86.11111111111111,8.333333333333332,77.77777777777779
E00031263,280,67,37,30,213,21,192,23.92857142857143,13.214285714285715,10.714285714285714,76.07142857142857,7.5,68.57142857142857
E00031264,304,54,22,32,250,17,233,17.763157894736842,7.236842105263158,10.526315789473683,82.23684210526315,5.592105263157895,76.64473684210526
E00031265,267,30,16,14,237,22,215,11.235955056179774,5.992509363295881,5.2434456928838955,88.76404494382022,8.239700374531834,80.52434456928839
E00031266,358,65,29,36,293,13,280,18.156424581005588,8.100558659217876,10.05586592178771,81.84357541899442,3.6312849162011176,78.2122905027933
E00031267,349,47,19,28,302,42,260,13.46704871060172,5.444126074498568,8.022922636103152,86.53295128939828,12.034383954154727,74.49856733524355
E00031268,344,48,25,23,296,23,273,13.953488372093023,7.267441860465117,6.686046511627906,86.04651162790698,6.686046511627906,79.36046511627907
E00031269,292,57,26,31,235,15,220,19.52054794520548,8.904109589041095,10.616438356164384,80.47945205479452,5.136986301369863,75.34246575342466
E00031270,319,61,25,36,258,33,225,19.122257053291534,7.836990595611286,11.285266457680251,80.87774294670847,10.344827586206897,70.53291536050156
E00031271,298,68,43,25,230,23,207,22.818791946308725,14.429530201342283,8.389261744966444,77.18120805369128,7.718120805369128,69.46308724832215
E00031272,314,48,19,29,266,18,248,15.286624203821656,6.050955414012739,9.235668789808917,84.71337579617835,5.7324840764331215,78.98089171974523
E00031273,183,58,31,27,125,8,117,31.693989071038253,16.939890710382514,14.754098360655737,68.30601092896174,4.371584699453552,63.934426229508205
E00031274,345,55,23,32,290,25,265,15.942028985507244,6.666666666666667,9.27536231884058,84.05797101449275,7.246376811594203,76.81159420289855
E00031275,305,44,18,26,261,24,237,14.426229508196723,5.901639344262295,8.524590163934425,85.57377049180329,7.868852459016394,77.70491803278688
E00031276,259,77,45,32,182,11,171,29.72972972972973,17.374517374517374,12.355212355212355,70.27027027027027,4.247104247104247,66.02316602316603
E00031277,194,68,36,32,126,13,113,35.051546391752574,18.556701030927837,16.49484536082474,64.94845360824742,6.701030927835052,58.24742268041238
E00031278,351,78,41,37,273,28,245,22.22222222222222,11.68091168091168,10.541310541310542,77.77777777777779,7.977207977207977,69.8005698005698
E00031279,314,47,19,28,267,28,239,14.968152866242038,6.050955414012739,8.9171974522293,85.03184713375796,8.9171974522293,76.11464968152866
E00031280,273,80,45,35,193,16,177,29.304029304029307,16.483516483516482,12.82051282051282,70.6959706959707,5.86080586080586,64.83516483516483
E00031281,361,88,43,45,273,26,247,24.37673130193906,11.911357340720222,12.465373961218837,75.62326869806094,7.202216066481995,68.42105263157895
E00031282,324,73,36,37,251,17,234,22.530864197530864,11.11111111111111,11.419753086419753,77.46913580246914,5.246913580246913,72.22222222222221
E00031283,370,88,46,42,282,24,258,23.783783783783786,12.432432432432433,11.351351351351353,76.21621621621621,6.486486486486487,69.72972972972973
E00031284,272,75,45,30,197,18,179,27.573529411764707,16.544117647058822,11.029411764705882,72.42647058823529,6.61764705882353,65.80882352941177
E00031285,259,70,29,41,189,15,174,27.027027027027028,11.196911196911197,15.83011583011583,72.97297297297297,5.7915057915057915,67.18146718146718
E00031286,305,34,13,21,271,26,245,11.147540983606557,4.2622950819672125,6.885245901639345,88.85245901639345,8.524590163934425,80.32786885245902
E00031287,295,26,9,17,269,14,255,8.813559322033898,3.050847457627119,5.762711864406779,91.18644067796609,4.745762711864407,86.4406779661017
E00031288,274,68,29,39,206,19,187,24.817518248175183,10.583941605839415,14.233576642335766,75.18248175182481,6.934306569343065,68.24817518248175
E00031289,358,82,38,44,276,23,253,22.905027932960895,10.614525139664805,12.290502793296088,77.09497206703911,6.424581005586592,70.6703910614525
E00031290,298,42,18,24,256,14,242,14.093959731543624,6.0402684563758395,8.053691275167784,85.90604026845638,4.697986577181208,81.20805369127517
E00031291,305,50,16,34,255,22,233,16.39344262295082,5.245901639344262,11.147540983606557,83.60655737704919,7.213114754098362,76.39344262295083
E00031292,288,29,12,17,259,25,234,10.069444444444445,4.166666666666666,5.902777777777778,89.93055555555556,8.680555555555555,81.25
E00031293,329,46,22,24,283,19,264,13.98176291793313,6.68693009118541,7.29483282674772,86.01823708206688,5.775075987841945,80.24316109422493
E00031294,397,58,23,35,339,29,310,14.609571788413097,5.793450881612091,8.816120906801007,85.3904282115869,7.304785894206549,78.08564231738035
E00031295,326,48,20,28,278,35,243,14.723926380368098,6.134969325153374,8.588957055214724,85.2760736196319,10.736196319018406,74.5398773006135
E00031296,271,22,5,17,249,24,225,8.118081180811808,1.8450184501845017,6.273062730627306,91.88191881918819,8.856088560885608,83.02583025830258
E00031297,315,35,12,23,280,30,250,11.11111111111111,3.8095238095238098,7.301587301587302,88.88888888888889,9.523809523809524,79.36507936507937
E00031298,239,43,17,26,196,27,169,17.99163179916318,7.112970711297072,10.87866108786611,82.00836820083683,11.297071129707113,70.7112970711297
E00031299,274,51,14,37,223,15,208,18.613138686131386,5.109489051094891,13.503649635036496,81.38686131386861,5.474452554744526,75.91240875912408
E00031300,273,40,19,21,233,31,202,14.652014652014653,6.95970695970696,7.6923076923076925,85.34798534798534,11.355311355311356,73.992673992674
E00031301,342,52,26,26,290,30,260,15.204678362573098,7.602339181286549,7.602339181286549,84.7953216374269,8.771929824561402,76.0233918128655
E00031302,289,43,19,24,246,23,223,14.878892733564014,6.5743944636678195,8.304498269896193,85.12110726643598,7.958477508650519,77.16262975778547
E00031303,305,45,17,28,260,23,237,14.754098360655737,5.573770491803279,9.180327868852459,85.24590163934425,7.540983606557377,77.70491803278688
E00031304,257,43,21,22,214,22,192,16.731517509727624,8.171206225680933,8.560311284046692,83.26848249027238,8.560311284046692,74.70817120622569
E00031305,330,45,14,31,285,23,262,13.636363636363635,4.242424242424243,9.393939393939393,86.36363636363636,6.969696969696971,79.39393939393939
E00031306,275,38,9,29,237,23,214,13.818181818181818,3.272727272727273,10.545454545454545,86.18181818181819,8.363636363636363,77.81818181818181
E00031307,312,33,13,20,279,24,255,10.576923076923077,4.166666666666666,6.41025641025641,89.42307692307693,7.6923076923076925,81.73076923076923
E00031308,327,41,17,24,286,27,259,12.538226299694188,5.198776758409786,7.339449541284404,87.46177370030581,8.256880733944955,79.20489296636084
E00031309,332,45,23,22,287,33,254,13.55421686746988,6.927710843373494,6.626506024096386,86.44578313253012,9.939759036144578,76.50602409638554
E00031310,326,38,10,28,288,37,251,11.65644171779141,3.067484662576687,8.588957055214724,88.34355828220859,11.349693251533742,76.99386503067484
E00031311,358,76,42,34,282,23,259,21.22905027932961,11.731843575418994,9.497206703910614,78.77094972067039,6.424581005586592,72.3463687150838
E00031312,205,40,24,16,165,18,147,19.51219512195122,11.707317073170733,7.804878048780488,80.48780487804879,8.780487804878048,71.70731707317073
E00031313,257,74,43,31,183,13,170,28.793774319066145,16.731517509727624,12.062256809338521,71.20622568093385,5.058365758754864,66.14785992217898
E00031314,271,56,32,24,215,21,194,20.66420664206642,11.808118081180812,8.856088560885608,79.33579335793358,7.7490774907749085,71.58671586715867
E00031315,203,59,24,35,144,11,133,29.064039408866993,11.822660098522167,17.24137931034483,70.93596059113301,5.41871921182266,65.51724137931035
E00031316,363,54,20,34,309,23,286,14.87603305785124,5.5096418732782375,9.366391184573002,85.12396694214877,6.336088154269973,78.78787878787878
E00031317,275,66,39,27,209,15,194,24,14.181818181818182,9.818181818181818,76,5.454545454545454,70.54545454545455
E00031318,127,17,7,10,110,12,98,13.385826771653544,5.511811023622047,7.874015748031496,86.61417322834646,9.448818897637794,77.16535433070865
E00031319,368,55,22,33,313,20,293,14.945652173913043,5.978260869565218,8.967391304347826,85.05434782608695,5.434782608695652,79.61956521739131
E00031320,434,58,28,30,376,19,357,13.36405529953917,6.451612903225806,6.912442396313365,86.63594470046083,4.377880184331797,82.25806451612904
E00031321,206,65,40,25,141,17,124,31.55339805825243,19.41747572815534,12.135922330097088,68.44660194174757,8.25242718446602,60.19417475728155
E00031322,291,39,14,25,252,11,241,13.402061855670103,4.810996563573884,8.59106529209622,86.5979381443299,3.7800687285223367,82.81786941580756
E00031323,405,52,22,30,353,21,332,12.839506172839506,5.432098765432099,7.4074074074074066,87.1604938271605,5.185185185185185,81.9753086419753
E00031324,307,45,11,34,262,19,243,14.65798045602606,3.5830618892508146,11.074918566775244,85.34201954397395,6.188925081433225,79.15309446254072
E00031325,345,46,20,26,299,22,277,13.333333333333334,5.797101449275362,7.536231884057972,86.66666666666667,6.3768115942028984,80.28985507246377
E00031326,335,56,21,35,279,36,243,16.716417910447763,6.26865671641791,10.44776119402985,83.28358208955224,10.746268656716417,72.53731343283583
E00031327,339,49,22,27,290,19,271,14.454277286135694,6.489675516224189,7.964601769911504,85.54572271386431,5.604719764011799,79.9410029498525
E00031328,370,46,23,23,324,33,291,12.432432432432433,6.216216216216217,6.216216216216217,87.56756756756758,8.91891891891892,78.64864864864865
E00031329,350,61,21,40,289,21,268,17.42857142857143,6,11.428571428571429,82.57142857142857,6,76.57142857142857
E00031330,330,45,14,31,285,26,259,13.636363636363635,4.242424242424243,9.393939393939393,86.36363636363636,7.878787878787878,78.48484848484848
E00031331,336,42,17,25,294,23,271,12.5,5.059523809523809,7.440476190476191,87.5,6.845238095238096,80.65476190476191
E00031332,328,42,17,25,286,24,262,12.804878048780488,5.182926829268292,7.621951219512195,87.1951219512195,7.317073170731707,79.8780487804878
E00031333,274,44,16,28,230,17,213,16.05839416058394,5.839416058394161,10.218978102189782,83.94160583941606,6.204379562043796,77.73722627737226
E00031334,357,50,17,33,307,18,289,14.005602240896359,4.761904761904762,9.243697478991598,85.99439775910365,5.042016806722689,80.95238095238095
E00031335,331,52,18,34,279,26,253,15.709969788519636,5.438066465256798,10.27190332326284,84.29003021148036,7.854984894259818,76.43504531722054
E00031336,361,70,35,35,291,28,263,19.390581717451525,9.695290858725762,9.695290858725762,80.60941828254848,7.756232686980609,72.85318559556787
E00031337,286,48,13,35,238,10,228,16.783216783216783,4.545454545454546,12.237762237762238,83.21678321678321,3.4965034965034967,79.72027972027972
E00031338,259,40,10,30,219,24,195,15.444015444015443,3.861003861003861,11.583011583011583,84.55598455598455,9.266409266409266,75.2895752895753
E00031339,383,82,38,44,301,24,277,21.409921671018274,9.921671018276761,11.488250652741515,78.59007832898173,6.266318537859007,72.32375979112271
E00031340,302,45,19,26,257,15,242,14.90066225165563,6.291390728476822,8.609271523178808,85.09933774834437,4.966887417218543,80.13245033112582
E00031341,256,39,19,20,217,23,194,15.234375,7.421875,7.8125,84.765625,8.984375,75.78125
E00031342,219,47,23,24,172,20,152,21.461187214611872,10.50228310502283,10.95890410958904,78.53881278538812,9.1324200913242,69.40639269406392
E00031343,216,63,29,34,153,13,140,29.166666666666668,13.425925925925927,15.74074074074074,70.83333333333334,6.018518518518518,64.81481481481481
E00031344,253,40,16,24,213,22,191,15.810276679841898,6.324110671936759,9.486166007905137,84.18972332015811,8.695652173913043,75.49407114624506
E00031345,219,40,22,18,179,21,158,18.2648401826484,10.045662100456621,8.21917808219178,81.7351598173516,9.58904109589041,72.14611872146118
E00031346,380,66,34,32,314,22,292,17.36842105263158,8.947368421052632,8.421052631578947,82.63157894736842,5.7894736842105265,76.84210526315789
E00031347,295,57,24,33,238,16,222,19.322033898305087,8.135593220338983,11.186440677966102,80.67796610169492,5.423728813559322,75.2542372881356
E00031348,312,107,63,44,205,20,185,34.294871794871796,20.192307692307693,14.102564102564102,65.7051282051282,6.41025641025641,59.294871794871796
E00031349,368,55,29,26,313,31,282,14.945652173913043,7.880434782608696,7.065217391304348,85.05434782608695,8.423913043478262,76.63043478260869
E00031350,391,54,16,38,337,36,301,13.810741687979538,4.092071611253197,9.718670076726342,86.18925831202046,9.207161125319693,76.98209718670077
E00031351,321,53,14,39,268,16,252,16.510903426791277,4.361370716510903,12.149532710280374,83.48909657320873,4.984423676012461,78.50467289719626
E00031352,348,75,35,40,273,22,251,21.551724137931032,10.057471264367816,11.494252873563218,78.44827586206897,6.321839080459771,72.12643678160919
E00031353,338,54,18,36,284,16,268,15.976331360946746,5.325443786982249,10.650887573964498,84.02366863905326,4.733727810650888,79.28994082840237
E00031354,385,65,22,43,320,34,286,16.883116883116884,5.714285714285714,11.168831168831169,83.11688311688312,8.831168831168831,74.28571428571429
E00031355,576,78,30,48,498,40,458,13.541666666666666,5.208333333333334,8.333333333333332,86.45833333333334,6.944444444444445,79.51388888888889
E00031356,294,39,11,28,255,20,235,13.26530612244898,3.741496598639456,9.523809523809524,86.73469387755102,6.802721088435375,79.93197278911565
E00031357,317,36,16,20,281,23,258,11.35646687697161,5.047318611987381,6.309148264984227,88.64353312302839,7.255520504731862,81.38801261829653
E00031358,341,83,41,42,258,13,245,24.34017595307918,12.023460410557185,12.316715542521994,75.65982404692082,3.812316715542522,71.8475073313783
E00031359,343,52,15,37,291,33,258,15.160349854227405,4.373177842565598,10.787172011661808,84.8396501457726,9.620991253644315,75.21865889212827
E00031360,347,83,39,44,264,17,247,23.919308357348704,11.239193083573488,12.680115273775217,76.0806916426513,4.899135446685879,71.18155619596543
E00031361,383,90,43,47,293,23,270,23.49869451697128,11.22715404699739,12.27154046997389,76.50130548302873,6.005221932114883,70.49608355091384
E00031362,319,62,24,38,257,18,239,19.435736677115987,7.523510971786834,11.912225705329153,80.56426332288402,5.6426332288401255,74.92163009404389
E00031366,496,91,43,48,405,19,386,18.346774193548388,8.669354838709678,9.67741935483871,81.65322580645162,3.8306451612903225,77.82258064516128
E00031367,312,45,16,29,267,14,253,14.423076923076922,5.128205128205128,9.294871794871796,85.57692307692307,4.487179487179487,81.08974358974359
E00031368,307,73,38,35,234,16,218,23.778501628664493,12.37785016286645,11.400651465798045,76.2214983713355,5.211726384364821,71.00977198697068
E00031371,335,52,16,36,283,25,258,15.522388059701491,4.776119402985075,10.746268656716417,84.4776119402985,7.462686567164178,77.01492537313432
E00031373,367,64,30,34,303,13,290,17.43869209809264,8.174386920980927,9.264305177111716,82.56130790190736,3.5422343324250685,79.01907356948229
E00031375,370,45,20,25,325,34,291,12.162162162162163,5.405405405405405,6.756756756756757,87.83783783783784,9.18918918918919,78.64864864864865
E00031376,509,56,21,35,453,22,431,11.00196463654224,4.12573673870334,6.8762278978389,88.99803536345776,4.322200392927308,84.67583497053045
E00031377,228,21,7,14,207,27,180,9.210526315789473,3.070175438596491,6.140350877192982,90.78947368421053,11.842105263157894,78.94736842105263
E00031378,329,54,23,31,275,22,253,16.41337386018237,6.990881458966565,9.422492401215806,83.58662613981764,6.68693009118541,76.89969604863222
E00031379,368,52,18,34,316,24,292,14.130434782608695,4.891304347826087,9.239130434782608,85.86956521739131,6.521739130434782,79.34782608695652
E00031380,383,39,15,24,344,28,316,10.182767624020887,3.91644908616188,6.266318537859007,89.81723237597912,7.310704960835509,82.50652741514361
E00031382,275,35,14,21,240,17,223,12.727272727272727,5.090909090909091,7.636363636363637,87.27272727272727,6.181818181818182,81.0909090909091
E00031383,319,23,7,16,296,23,273,7.210031347962382,2.19435736677116,5.015673981191222,92.78996865203762,7.210031347962382,85.57993730407524
E00031384,320,27,8,19,293,27,266,8.4375,2.5,5.9375,91.5625,8.4375,83.125
E00031385,418,57,19,38,361,24,337,13.636363636363635,4.545454545454546,9.090909090909092,86.36363636363636,5.741626794258373,80.622009569378
E00031386,329,33,9,24,296,27,269,10.030395136778116,2.735562310030395,7.29483282674772,89.96960486322189,8.206686930091186,81.7629179331307
E00031387,291,36,9,27,255,27,228,12.371134020618557,3.0927835051546393,9.278350515463918,87.62886597938144,9.278350515463918,78.35051546391753
E00031388,383,44,18,26,339,28,311,11.488250652741515,4.699738903394255,6.7885117493472595,88.51174934725849,7.310704960835509,81.20104438642298
E00031389,364,32,14,18,332,16,316,8.791208791208792,3.8461538461538463,4.945054945054945,91.20879120879121,4.395604395604396,86.81318681318682
E00031390,341,39,14,25,302,28,274,11.436950146627565,4.105571847507331,7.331378299120235,88.56304985337243,8.211143695014663,80.35190615835776
E00031391,368,42,13,29,326,27,299,11.41304347826087,3.532608695652174,7.880434782608696,88.58695652173914,7.336956521739131,81.25
E00031392,361,41,13,28,320,36,284,11.357340720221606,3.6011080332409975,7.756232686980609,88.64265927977839,9.97229916897507,78.67036011080333
E00031393,309,45,16,29,264,24,240,14.563106796116504,5.177993527508091,9.385113268608414,85.43689320388349,7.766990291262135,77.66990291262135
E00031394,352,50,13,37,302,25,277,14.204545454545455,3.6931818181818183,10.511363636363637,85.79545454545455,7.1022727272727275,78.69318181818183
E00031395,380,47,18,29,333,28,305,12.368421052631579,4.736842105263158,7.631578947368421,87.63157894736841,7.368421052631578,80.26315789473685
E00031396,324,40,15,25,284,28,256,12.345679012345679,4.62962962962963,7.716049382716049,87.65432098765432,8.641975308641975,79.01234567901234
E00031397,357,64,41,23,293,23,270,17.92717086834734,11.484593837535014,6.442577030812324,82.07282913165265,6.442577030812324,75.63025210084034
E00031398,286,33,12,21,253,33,220,11.538461538461538,4.195804195804196,7.3426573426573425,88.46153846153845,11.538461538461538,76.92307692307693
E00031399,275,42,13,29,233,15,218,15.272727272727273,4.7272727272727275,10.545454545454545,84.72727272727273,5.454545454545454,79.27272727272727
E00031400,277,38,20,18,239,39,200,13.718411552346572,7.2202166064981945,6.4981949458483745,86.28158844765343,14.079422382671481,72.20216606498195
E00031401,223,47,22,25,176,18,158,21.076233183856502,9.865470852017937,11.210762331838566,78.9237668161435,8.071748878923767,70.85201793721974
E00031402,356,52,18,34,304,35,269,14.606741573033707,5.056179775280898,9.550561797752808,85.39325842696628,9.831460674157304,75.56179775280899
E00031403,341,36,13,23,305,30,275,10.557184750733137,3.812316715542522,6.744868035190615,89.44281524926686,8.797653958944283,80.64516129032258
E00031404,253,41,18,23,212,16,196,16.205533596837945,7.114624505928854,9.090909090909092,83.79446640316206,6.324110671936759,77.4703557312253
E00031405,320,38,19,19,282,24,258,11.875,5.9375,5.9375,88.125,7.5,80.625
E00031406,336,51,22,29,285,20,265,15.178571428571427,6.547619047619048,8.630952380952381,84.82142857142857,5.952380952380952,78.86904761904762
E00031407,306,41,20,21,265,25,240,13.398692810457517,6.535947712418301,6.862745098039216,86.60130718954248,8.169934640522875,78.43137254901961
E00031408,354,50,25,25,304,31,273,14.124293785310735,7.062146892655368,7.062146892655368,85.87570621468926,8.757062146892656,77.11864406779661
E00031409,392,42,8,34,350,32,318,10.714285714285714,2.0408163265306123,8.673469387755102,89.28571428571429,8.16326530612245,81.12244897959184
E00031410,325,37,16,21,288,27,261,11.384615384615385,4.923076923076923,6.461538461538462,88.61538461538461,8.307692307692308,80.3076923076923
E00031411,344,34,11,23,310,25,285,9.883720930232558,3.1976744186046515,6.686046511627906,90.11627906976744,7.267441860465117,82.84883720930233
E00031412,394,34,6,28,360,33,327,8.629441624365482,1.5228426395939088,7.1065989847715745,91.37055837563452,8.375634517766498,82.99492385786802
E00031413,313,38,12,26,275,29,246,12.140575079872203,3.8338658146964857,8.30670926517572,87.8594249201278,9.26517571884984,78.59424920127796
E00031414,364,50,28,22,314,26,288,13.736263736263737,7.6923076923076925,6.043956043956044,86.26373626373626,7.142857142857142,79.12087912087912
E00031415,336,66,30,36,270,28,242,19.642857142857142,8.928571428571429,10.714285714285714,80.35714285714286,8.333333333333332,72.02380952380952
E00031416,220,65,29,36,155,15,140,29.545454545454547,13.18181818181818,16.363636363636363,70.45454545454545,6.8181818181818175,63.63636363636363
E00031417,278,37,13,24,241,15,226,13.309352517985612,4.676258992805756,8.633093525179856,86.6906474820144,5.39568345323741,81.29496402877699
E00031418,279,47,17,30,232,26,206,16.845878136200717,6.093189964157706,10.75268817204301,83.15412186379928,9.31899641577061,73.83512544802868
E00031419,338,43,14,29,295,34,261,12.721893491124261,4.142011834319527,8.579881656804734,87.27810650887574,10.059171597633137,77.2189349112426
E00031420,301,51,19,32,250,23,227,16.943521594684384,6.312292358803987,10.631229235880399,83.05647840531562,7.641196013289036,75.41528239202658
E00031421,409,130,87,43,279,28,251,31.784841075794624,21.271393643031786,10.513447432762836,68.21515892420538,6.845965770171149,61.36919315403423
E00031422,268,55,27,28,213,19,194,20.522388059701495,10.074626865671641,10.44776119402985,79.47761194029852,7.08955223880597,72.38805970149254
E00031423,231,76,39,37,155,18,137,32.900432900432904,16.883116883116884,16.017316017316016,67.09956709956711,7.792207792207792,59.307359307359306
E00031424,282,52,24,28,230,21,209,18.439716312056735,8.51063829787234,9.929078014184398,81.56028368794325,7.446808510638298,74.11347517730496
E00031425,273,45,16,29,228,14,214,16.483516483516482,5.86080586080586,10.622710622710622,83.51648351648352,5.128205128205128,78.3882783882784
E00031426,387,83,39,44,304,32,272,21.44702842377261,10.077519379844961,11.369509043927648,78.55297157622739,8.2687338501292,70.28423772609818
E00031427,237,64,25,39,173,22,151,27.004219409282697,10.548523206751055,16.455696202531644,72.9957805907173,9.282700421940929,63.71308016877637
E00031428,297,86,49,37,211,26,185,28.95622895622896,16.4983164983165,12.457912457912458,71.04377104377105,8.754208754208754,62.2895622895623
E00031429,270,47,10,37,223,27,196,17.40740740740741,3.7037037037037033,13.703703703703704,82.5925925925926,10,72.5925925925926
E00031430,268,34,14,20,234,23,211,12.686567164179104,5.223880597014925,7.462686567164178,87.31343283582089,8.582089552238806,78.73134328358209
E00031431,308,50,25,25,258,40,218,16.233766233766232,8.116883116883116,8.116883116883116,83.76623376623377,12.987012987012985,70.77922077922078
E00031432,335,37,8,29,298,31,267,11.044776119402986,2.3880597014925375,8.656716417910449,88.95522388059702,9.253731343283581,79.70149253731343
E00031433,249,41,13,28,208,25,183,16.46586345381526,5.220883534136546,11.244979919678714,83.53413654618474,10.040160642570282,73.49397590361446
E00031434,395,75,36,39,320,26,294,18.9873417721519,9.113924050632912,9.873417721518987,81.0126582278481,6.582278481012659,74.43037974683544
E00031435,297,41,12,29,256,20,236,13.804713804713806,4.040404040404041,9.764309764309765,86.19528619528619,6.7340067340067336,79.46127946127946
E00031436,232,70,34,36,162,20,142,30.17241379310345,14.655172413793101,15.517241379310345,69.82758620689656,8.620689655172415,61.206896551724135
E00031437,370,40,14,26,330,27,303,10.81081081081081,3.783783783783784,7.027027027027027,89.1891891891892,7.297297297297297,81.89189189189189
E00031438,363,113,58,55,250,18,232,31.129476584022036,15.977961432506888,15.151515151515152,68.87052341597796,4.958677685950414,63.91184573002755
E00031439,307,47,22,25,260,29,231,15.309446254071663,7.166123778501629,8.143322475570033,84.69055374592834,9.446254071661238,75.2442996742671
E00031440,360,44,18,26,316,31,285,12.222222222222221,5,7.222222222222221,87.77777777777777,8.61111111111111,79.16666666666666
E00031441,243,42,13,29,201,13,188,17.28395061728395,5.349794238683128,11.934156378600823,82.71604938271605,5.349794238683128,77.36625514403292
E00031442,220,38,18,20,182,14,168,17.272727272727273,8.181818181818182,9.090909090909092,82.72727272727273,6.363636363636363,76.36363636363637
E00031443,292,63,28,35,229,28,201,21.575342465753426,9.58904109589041,11.986301369863012,78.42465753424658,9.58904109589041,68.83561643835617
E00031444,272,33,6,27,239,18,221,12.132352941176471,2.2058823529411766,9.926470588235293,87.86764705882352,6.61764705882353,81.25
E00031445,333,50,22,28,283,28,255,15.015015015015015,6.606606606606606,8.408408408408409,84.98498498498499,8.408408408408409,76.57657657657657
E00031446,202,51,24,27,151,18,133,25.247524752475247,11.881188118811881,13.366336633663368,74.75247524752476,8.91089108910891,65.84158415841584
E00031447,245,57,18,39,188,16,172,23.26530612244898,7.346938775510205,15.918367346938775,76.73469387755102,6.530612244897959,70.20408163265306
E00031448,234,42,20,22,192,22,170,17.94871794871795,8.547008547008547,9.401709401709402,82.05128205128204,9.401709401709402,72.64957264957265
E00031450,265,61,20,41,204,21,183,23.0188679245283,7.547169811320755,15.471698113207546,76.9811320754717,7.9245283018867925,69.0566037735849
E00031451,437,70,36,34,367,32,335,16.018306636155607,8.237986270022883,7.780320366132723,83.98169336384439,7.322654462242563,76.65903890160183
E00031452,300,42,12,30,258,20,238,14.000000000000002,4,10,86,6.666666666666667,79.33333333333333
E00031453,384,77,30,47,307,27,280,20.052083333333336,7.8125,12.239583333333332,79.94791666666666,7.03125,72.91666666666666
E00031454,368,83,48,35,285,25,260,22.554347826086957,13.043478260869565,9.510869565217392,77.44565217391305,6.7934782608695645,70.65217391304348
E00031455,275,71,32,39,204,10,194,25.818181818181817,11.636363636363637,14.181818181818182,74.18181818181819,3.6363636363636362,70.54545454545455
E00031456,369,37,9,28,332,25,307,10.02710027100271,2.4390243902439024,7.588075880758807,89.97289972899729,6.775067750677506,83.19783197831978
E00031457,435,126,90,36,309,30,279,28.965517241379313,20.689655172413794,8.275862068965518,71.03448275862068,6.896551724137931,64.13793103448275
E00031458,297,36,9,27,261,22,239,12.121212121212121,3.0303030303030303,9.090909090909092,87.87878787878788,7.4074074074074066,80.47138047138047
E00031459,266,64,31,33,202,12,190,24.06015037593985,11.654135338345863,12.406015037593985,75.93984962406014,4.511278195488721,71.42857142857143
E00031460,263,48,21,27,215,13,202,18.250950570342205,7.984790874524715,10.26615969581749,81.74904942965779,4.942965779467681,76.80608365019012
E00031461,333,74,36,38,259,20,239,22.22222222222222,10.81081081081081,11.411411411411411,77.77777777777779,6.006006006006006,71.77177177177178
E00031462,345,36,11,25,309,24,285,10.434782608695652,3.1884057971014492,7.246376811594203,89.56521739130436,6.956521739130435,82.6086956521739
E00031463,371,75,38,37,296,17,279,20.21563342318059,10.242587601078167,9.973045822102426,79.78436657681941,4.5822102425876015,75.2021563342318
E00031464,247,54,21,33,193,15,178,21.86234817813765,8.502024291497975,13.360323886639677,78.13765182186235,6.0728744939271255,72.06477732793523
E00031465,234,37,16,21,197,20,177,15.81196581196581,6.837606837606838,8.974358974358974,84.1880341880342,8.547008547008547,75.64102564102564
E00031466,328,72,37,35,256,20,236,21.951219512195124,11.28048780487805,10.670731707317072,78.04878048780488,6.097560975609756,71.95121951219512
E00031467,332,43,9,34,289,8,281,12.951807228915662,2.710843373493976,10.240963855421686,87.04819277108435,2.4096385542168677,84.63855421686746
E00031468,414,44,21,23,370,31,339,10.628019323671497,5.072463768115942,5.555555555555555,89.3719806763285,7.487922705314009,81.88405797101449
E00031469,333,26,8,18,307,25,282,7.807807807807808,2.4024024024024024,5.405405405405405,92.1921921921922,7.5075075075075075,84.68468468468468
E00031470,332,35,13,22,297,28,269,10.542168674698797,3.91566265060241,6.626506024096386,89.45783132530121,8.433734939759036,81.02409638554217
E00031471,334,82,34,48,252,9,243,24.550898203592812,10.179640718562874,14.37125748502994,75.44910179640718,2.694610778443114,72.75449101796407
E00031472,187,81,50,31,106,8,98,43.31550802139038,26.737967914438503,16.577540106951872,56.68449197860963,4.27807486631016,52.406417112299465
E00031473,283,59,31,28,224,14,210,20.848056537102476,10.954063604240282,9.89399293286219,79.15194346289752,4.946996466431095,74.20494699646643
E00031474,279,53,23,30,226,21,205,18.996415770609318,8.24372759856631,10.75268817204301,81.00358422939068,7.526881720430108,73.47670250896059
E00031475,333,44,13,31,289,26,263,13.213213213213212,3.903903903903904,9.30930930930931,86.78678678678679,7.807807807807808,78.97897897897897
E00031476,316,56,29,27,260,24,236,17.72151898734177,9.177215189873419,8.544303797468354,82.27848101265823,7.59493670886076,74.68354430379746
E00031477,287,46,16,30,241,21,220,16.02787456445993,5.574912891986063,10.452961672473867,83.97212543554006,7.317073170731707,76.65505226480836
E00031478,316,45,16,29,271,24,247,14.240506329113925,5.063291139240507,9.177215189873419,85.75949367088607,7.59493670886076,78.16455696202532
E00031479,324,61,31,30,263,22,241,18.82716049382716,9.5679012345679,9.25925925925926,81.17283950617285,6.790123456790123,74.38271604938271
E00031480,307,47,17,30,260,33,227,15.309446254071663,5.537459283387622,9.77198697068404,84.69055374592834,10.749185667752444,73.9413680781759
E00031481,328,38,11,27,290,38,252,11.585365853658537,3.353658536585366,8.231707317073171,88.41463414634147,11.585365853658537,76.82926829268293
E00031482,337,37,12,25,300,14,286,10.979228486646884,3.5608308605341246,7.418397626112759,89.02077151335311,4.154302670623145,84.86646884272997
E00031483,403,67,25,42,336,27,309,16.62531017369727,6.20347394540943,10.421836228287841,83.37468982630273,6.699751861042183,76.67493796526055
E00031484,343,58,24,34,285,32,253,16.909620991253643,6.997084548104956,9.912536443148689,83.09037900874635,9.329446064139942,73.76093294460642
E00031485,299,65,32,33,234,12,222,21.73913043478261,10.702341137123746,11.036789297658862,78.26086956521739,4.013377926421405,74.24749163879598
E00031486,294,63,26,37,231,24,207,21.428571428571427,8.843537414965986,12.585034013605442,78.57142857142857,8.16326530612245,70.40816326530613
E00031487,276,67,29,38,209,27,182,24.27536231884058,10.507246376811594,13.768115942028986,75.72463768115942,9.782608695652174,65.94202898550725
E00168584,248,25,5,20,223,18,205,10.080645161290322,2.0161290322580645,8.064516129032258,89.91935483870968,7.258064516129033,82.66129032258065
E00168586,310,55,31,24,255,25,230,17.741935483870968,10,7.741935483870968,82.25806451612904,8.064516129032258,74.19354838709677
E00168587,335,51,27,24,284,30,254,15.223880597014924,8.059701492537313,7.164179104477612,84.77611940298507,8.955223880597014,75.82089552238806
E00168588,115,18,7,11,97,11,86,15.65217391304348,6.086956521739131,9.565217391304348,84.34782608695653,9.565217391304348,74.78260869565217
E00168589,119,14,4,10,105,8,97,11.76470588235294,3.361344537815126,8.403361344537815,88.23529411764706,6.722689075630252,81.5126050420168
E00168590,245,29,9,20,216,19,197,11.83673469387755,3.6734693877551026,8.16326530612245,88.16326530612245,7.755102040816326,80.40816326530611
E00168591,317,70,40,30,247,19,228,22.082018927444793,12.618296529968454,9.46372239747634,77.91798107255521,5.993690851735016,71.92429022082018
E00168592,423,21,3,18,402,29,373,4.964539007092199,0.7092198581560284,4.25531914893617,95.0354609929078,6.8557919621749415,88.17966903073287
E00168593,367,34,12,22,333,30,303,9.264305177111716,3.2697547683923704,5.994550408719346,90.73569482288828,8.174386920980927,82.56130790190736
E00168594,185,20,8,12,165,17,148,10.81081081081081,4.324324324324325,6.486486486486487,89.1891891891892,9.18918918918919,80
E00168595,352,33,8,25,319,29,290,9.375,2.272727272727273,7.1022727272727275,90.625,8.238636363636363,82.38636363636364
E00168596,257,29,8,21,228,19,209,11.284046692607005,3.11284046692607,8.171206225680933,88.715953307393,7.392996108949417,81.32295719844358
E00168599,330,67,33,34,263,16,247,20.303030303030305,10,10.303030303030303,79.6969696969697,4.848484848484849,74.84848484848486
E00168600,325,32,0,32,293,21,272,9.846153846153847,0,9.846153846153847,90.15384615384615,6.461538461538462,83.6923076923077
E00168601,309,42,12,30,267,15,252,13.592233009708737,3.8834951456310676,9.70873786407767,86.40776699029125,4.854368932038835,81.55339805825243
E00168602,337,35,10,25,302,24,278,10.385756676557865,2.967359050445104,7.418397626112759,89.61424332344214,7.121661721068249,82.49258160237389
E00168603,190,25,9,16,165,20,145,13.157894736842104,4.736842105263158,8.421052631578947,86.8421052631579,10.526315789473683,76.31578947368422
E00168604,217,21,7,14,196,20,176,9.67741935483871,3.225806451612903,6.451612903225806,90.32258064516128,9.216589861751153,81.10599078341014
E00181570,496,94,42,52,402,28,374,18.951612903225808,8.46774193548387,10.483870967741936,81.04838709677419,5.64516129032258,75.40322580645162
E00181571,249,18,4,14,231,17,214,7.228915662650602,1.6064257028112447,5.622489959839357,92.7710843373494,6.827309236947792,85.94377510040161
E00181572,328,38,11,27,290,20,270,11.585365853658537,3.353658536585366,8.231707317073171,88.41463414634147,6.097560975609756,82.3170731707317
E00181578,271,45,22,23,226,13,213,16.605166051660518,8.118081180811808,8.487084870848708,83.39483394833948,4.797047970479705,78.59778597785979
E00181579,574,116,56,60,458,24,434,20.209059233449477,9.75609756097561,10.452961672473867,79.79094076655052,4.181184668989547,75.60975609756098
E00181580,575,118,56,62,457,42,415,20.52173913043478,9.73913043478261,10.782608695652174,79.47826086956522,7.304347826086957,72.17391304347827
E00181581,292,36,15,21,256,19,237,12.32876712328767,5.136986301369863,7.191780821917808,87.67123287671232,6.506849315068493,81.16438356164383
E00181582,211,53,31,22,158,4,154,25.118483412322274,14.691943127962084,10.42654028436019,74.88151658767772,1.8957345971563981,72.98578199052133
E00181583,271,39,14,25,232,22,210,14.391143911439114,5.166051660516605,9.22509225092251,85.60885608856088,8.118081180811808,77.49077490774908
E00181584,338,41,16,25,297,10,287,12.1301775147929,4.733727810650888,7.396449704142012,87.86982248520711,2.9585798816568047,84.91124260355029
E00181606,240,29,8,21,211,20,191,12.083333333333334,3.3333333333333335,8.75,87.91666666666667,8.333333333333332,79.58333333333333
E00181619,564,35,12,23,529,46,483,6.205673758865248,2.127659574468085,4.078014184397164,93.79432624113475,8.156028368794328,85.63829787234043
E00181630,193,22,7,15,171,17,154,11.398963730569948,3.6269430051813467,7.772020725388601,88.60103626943005,8.808290155440414,79.79274611398964
E00181635,114,11,5,6,103,5,98,9.649122807017543,4.385964912280701,5.263157894736842,90.35087719298247,4.385964912280701,85.96491228070175
E00181641,461,71,26,45,390,26,364,15.40130151843818,5.639913232104121,9.761388286334057,84.59869848156181,5.639913232104121,78.95878524945769
E00181649,234,21,7,14,213,18,195,8.974358974358974,2.9914529914529915,5.982905982905983,91.02564102564102,7.6923076923076925,83.33333333333334
E00181651,370,34,8,26,336,14,322,9.18918918918919,2.1621621621621623,7.027027027027027,90.81081081081082,3.783783783783784,87.02702702702703
E00181660,154,27,10,17,127,12,115,17.532467532467532,6.493506493506493,11.03896103896104,82.46753246753246,7.792207792207792,74.67532467532467
E00181661,228,19,5,14,209,15,194,8.333333333333332,2.1929824561403506,6.140350877192982,91.66666666666666,6.578947368421052,85.08771929824562
E00181664,243,29,12,17,214,12,202,11.934156378600823,4.938271604938271,6.995884773662551,88.06584362139918,4.938271604938271,83.1275720164609
E00181667,467,21,6,15,446,28,418,4.496788008565311,1.284796573875803,3.2119914346895073,95.50321199143468,5.995717344753747,89.50749464668094
E00181676,249,25,4,21,224,24,200,10.040160642570282,1.6064257028112447,8.433734939759036,89.95983935742971,9.63855421686747,80.32128514056225
E00181681,161,13,7,6,148,13,135,8.074534161490684,4.3478260869565215,3.7267080745341614,91.92546583850931,8.074534161490684,83.85093167701864
E00181703,139,18,7,11,121,16,105,12.949640287769784,5.0359712230215825,7.913669064748201,87.05035971223022,11.510791366906476,75.53956834532374
E00181713,175,27,14,13,148,12,136,15.428571428571427,8,7.428571428571429,84.57142857142857,6.857142857142858,77.71428571428571
