OA,ts0590001,ts0590002,ts0590003,ts0590004,ts0590005,ts0590006,ts0590007,ts0590002_PCT,ts0590003_PCT,ts0590004_PCT,ts0590005_PCT,ts0590006_PCT,ts0590007_PCT
E00030771,174,39,17,22,135,109,26,22.413793103448278,9.770114942528735,12.643678160919542,77.58620689655173,62.643678160919535,14.942528735632186
E00030772,172,37,16,21,135,116,19,21.511627906976745,9.30232558139535,12.209302325581394,78.48837209302324,67.44186046511628,11.046511627906977
E00030773,117,34,9,25,83,61,22,29.059829059829063,7.6923076923076925,21.367521367521366,70.94017094017094,52.13675213675214,18.803418803418804
E00030774,193,35,12,23,158,129,29,18.134715025906736,6.217616580310881,11.917098445595855,81.86528497409327,66.83937823834198,15.025906735751295
E00030775,108,24,7,17,84,66,18,22.22222222222222,6.481481481481481,15.74074074074074,77.77777777777779,61.111111111111114,16.666666666666664
E00030776,153,33,13,20,120,97,23,21.568627450980394,8.49673202614379,13.071895424836603,78.43137254901961,63.39869281045751,15.032679738562091
E00030777,159,40,7,33,119,108,11,25.157232704402517,4.40251572327044,20.754716981132077,74.84276729559748,67.9245283018868,6.918238993710692
E00030778,236,42,18,24,194,180,14,17.796610169491526,7.627118644067797,10.16949152542373,82.20338983050848,76.27118644067797,5.932203389830509
E00030779,144,53,23,30,91,80,11,36.80555555555556,15.972222222222221,20.833333333333336,63.19444444444444,55.55555555555556,7.638888888888889
E00030780,160,51,15,36,109,86,23,31.874999999999996,9.375,22.5,68.125,53.75,14.374999999999998
E00030782,203,43,14,29,160,126,34,21.182266009852217,6.896551724137931,14.285714285714285,78.81773399014779,62.06896551724138,16.748768472906402
E00030783,123,34,13,21,89,61,28,27.64227642276423,10.569105691056912,17.073170731707318,72.35772357723577,49.59349593495935,22.76422764227642
E00030784,75,26,10,16,49,37,12,34.66666666666667,13.333333333333334,21.333333333333336,65.33333333333333,49.333333333333336,16
E00030785,100,33,17,16,67,39,28,33,17,16,67,39,28.000000000000004
E00030786,155,48,18,30,107,83,24,30.967741935483872,11.612903225806452,19.35483870967742,69.03225806451613,53.5483870967742,15.483870967741936
E00030787,79,28,12,16,51,37,14,35.44303797468354,15.18987341772152,20.253164556962027,64.55696202531645,46.835443037974684,17.72151898734177
E00030788,141,36,16,20,105,82,23,25.53191489361702,11.347517730496454,14.184397163120568,74.46808510638297,58.156028368794324,16.312056737588655
E00030789,73,40,9,31,33,30,3,54.794520547945204,12.32876712328767,42.465753424657535,45.20547945205479,41.0958904109589,4.10958904109589
E00030790,168,51,22,29,117,85,32,30.357142857142854,13.095238095238097,17.261904761904763,69.64285714285714,50.595238095238095,19.047619047619047
E00030791,110,36,14,22,74,55,19,32.72727272727273,12.727272727272727,20,67.27272727272727,50,17.272727272727273
E00030792,164,26,8,18,138,118,20,15.853658536585366,4.878048780487805,10.975609756097562,84.14634146341463,71.95121951219512,12.195121951219512
E00030793,114,36,12,24,78,67,11,31.57894736842105,10.526315789473683,21.052631578947366,68.42105263157895,58.77192982456141,9.649122807017543
E00030796,187,45,16,29,142,124,18,24.06417112299465,8.55614973262032,15.508021390374333,75.93582887700535,66.31016042780749,9.62566844919786
E00030797,182,40,10,30,142,129,13,21.978021978021978,5.4945054945054945,16.483516483516482,78.02197802197803,70.87912087912088,7.142857142857142
E00030798,164,38,12,26,126,101,25,23.170731707317074,7.317073170731707,15.853658536585366,76.82926829268293,61.58536585365854,15.24390243902439
E00030799,144,39,13,26,105,90,15,27.083333333333332,9.027777777777777,18.055555555555554,72.91666666666666,62.5,10.416666666666668
E00030800,152,46,19,27,106,83,23,30.263157894736842,12.5,17.763157894736842,69.73684210526315,54.60526315789473,15.131578947368421
E00030801,141,50,13,37,91,78,13,35.46099290780142,9.219858156028367,26.24113475177305,64.53900709219859,55.319148936170215,9.219858156028367
E00030802,174,34,16,18,140,113,27,19.54022988505747,9.195402298850574,10.344827586206897,80.45977011494253,64.9425287356322,15.517241379310345
E00030803,149,46,8,38,103,85,18,30.87248322147651,5.369127516778524,25.503355704697988,69.12751677852349,57.04697986577181,12.080536912751679
E00030804,149,39,14,25,110,85,25,26.174496644295303,9.395973154362416,16.778523489932887,73.8255033557047,57.04697986577181,16.778523489932887
E00030805,152,42,14,28,110,90,20,27.631578947368425,9.210526315789473,18.421052631578945,72.36842105263158,59.210526315789465,13.157894736842104
E00030806,68,28,12,16,40,35,5,41.17647058823529,17.647058823529413,23.52941176470588,58.82352941176471,51.470588235294116,7.352941176470589
E00030807,167,52,15,37,115,101,14,31.137724550898206,8.982035928143713,22.15568862275449,68.8622754491018,60.47904191616767,8.383233532934131
E00030808,182,35,11,24,147,121,26,19.230769230769234,6.043956043956044,13.186813186813188,80.76923076923077,66.48351648351648,14.285714285714285
E00030809,178,58,24,34,120,101,19,32.58426966292135,13.48314606741573,19.101123595505616,67.41573033707866,56.74157303370787,10.674157303370785
E00030810,147,51,16,35,96,72,24,34.69387755102041,10.884353741496598,23.809523809523807,65.3061224489796,48.97959183673469,16.3265306122449
E00030811,140,40,11,29,100,79,21,28.57142857142857,7.857142857142857,20.714285714285715,71.42857142857143,56.42857142857143,15
E00030812,138,52,25,27,86,60,26,37.68115942028986,18.115942028985508,19.565217391304348,62.31884057971014,43.47826086956522,18.84057971014493
E00030813,154,46,18,28,108,74,34,29.87012987012987,11.688311688311687,18.181818181818183,70.12987012987013,48.05194805194805,22.07792207792208
E00030814,138,46,19,27,92,72,20,33.33333333333333,13.768115942028986,19.565217391304348,66.66666666666666,52.17391304347826,14.492753623188406
E00030815,153,44,19,25,109,66,43,28.75816993464052,12.418300653594772,16.33986928104575,71.24183006535948,43.13725490196079,28.104575163398692
E00030816,165,53,23,30,112,88,24,32.121212121212125,13.939393939393941,18.181818181818183,67.87878787878789,53.333333333333336,14.545454545454545
E00030817,148,47,20,27,101,69,32,31.756756756756754,13.513513513513514,18.243243243243242,68.24324324324324,46.62162162162162,21.62162162162162
E00030818,144,48,19,29,96,86,10,33.33333333333333,13.194444444444445,20.13888888888889,66.66666666666666,59.72222222222222,6.944444444444445
E00030819,167,45,25,20,122,90,32,26.94610778443114,14.97005988023952,11.976047904191617,73.05389221556887,53.89221556886228,19.16167664670659
E00030820,131,32,8,24,99,75,24,24.427480916030532,6.106870229007633,18.3206106870229,75.57251908396947,57.25190839694656,18.3206106870229
E00030821,169,52,25,27,117,88,29,30.76923076923077,14.792899408284024,15.976331360946746,69.23076923076923,52.071005917159766,17.159763313609467
E00030822,152,53,19,34,99,72,27,34.868421052631575,12.5,22.36842105263158,65.13157894736842,47.368421052631575,17.763157894736842
E00030823,129,39,20,19,90,76,14,30.23255813953488,15.503875968992247,14.728682170542637,69.76744186046511,58.91472868217055,10.852713178294573
E00030824,172,35,13,22,137,113,24,20.348837209302324,7.55813953488372,12.790697674418606,79.65116279069767,65.69767441860465,13.953488372093023
E00030825,162,43,17,26,119,99,20,26.543209876543212,10.493827160493826,16.049382716049383,73.4567901234568,61.111111111111114,12.345679012345679
E00030826,150,43,22,21,107,84,23,28.666666666666668,14.666666666666666,14.000000000000002,71.33333333333334,56.00000000000001,15.333333333333332
E00030827,134,50,27,23,84,61,23,37.3134328358209,20.149253731343283,17.16417910447761,62.68656716417911,45.52238805970149,17.16417910447761
E00030828,184,56,22,34,128,104,24,30.434782608695656,11.956521739130435,18.478260869565215,69.56521739130434,56.52173913043478,13.043478260869565
E00030829,110,36,15,21,74,55,19,32.72727272727273,13.636363636363635,19.090909090909093,67.27272727272727,50,17.272727272727273
E00030830,136,52,24,28,84,66,18,38.23529411764706,17.647058823529413,20.588235294117645,61.76470588235294,48.529411764705884,13.23529411764706
E00030831,157,54,27,27,103,73,30,34.394904458598724,17.197452229299362,17.197452229299362,65.60509554140127,46.496815286624205,19.10828025477707
E00030832,186,43,17,26,143,98,45,23.118279569892472,9.13978494623656,13.978494623655912,76.88172043010752,52.68817204301075,24.193548387096776
E00030833,128,47,25,22,81,54,27,36.71875,19.53125,17.1875,63.28125,42.1875,21.09375
E00030834,142,34,10,24,108,87,21,23.943661971830984,7.042253521126761,16.901408450704224,76.05633802816901,61.267605633802816,14.788732394366196
E00030835,142,48,28,20,94,73,21,33.80281690140845,19.718309859154928,14.084507042253522,66.19718309859155,51.40845070422535,14.788732394366196
E00030836,181,62,31,31,119,94,25,34.25414364640884,17.12707182320442,17.12707182320442,65.74585635359117,51.93370165745856,13.812154696132598
E00030837,138,41,20,21,97,67,30,29.71014492753623,14.492753623188406,15.217391304347828,70.28985507246377,48.55072463768116,21.73913043478261
E00030838,157,54,23,31,103,73,30,34.394904458598724,14.64968152866242,19.745222929936308,65.60509554140127,46.496815286624205,19.10828025477707
E00030839,122,35,17,18,87,52,35,28.688524590163933,13.934426229508196,14.754098360655737,71.31147540983606,42.62295081967213,28.688524590163933
E00030840,131,41,22,19,90,58,32,31.297709923664126,16.793893129770993,14.50381679389313,68.70229007633588,44.274809160305345,24.427480916030532
E00030841,147,50,17,33,97,69,28,34.01360544217687,11.564625850340136,22.448979591836736,65.98639455782312,46.93877551020408,19.047619047619047
E00030842,149,34,16,18,115,88,27,22.818791946308725,10.738255033557047,12.080536912751679,77.18120805369128,59.06040268456376,18.120805369127517
E00030843,180,50,22,28,130,103,27,27.77777777777778,12.222222222222221,15.555555555555555,72.22222222222221,57.22222222222222,15
E00030844,158,43,24,19,115,68,47,27.21518987341772,15.18987341772152,12.025316455696203,72.78481012658227,43.037974683544306,29.746835443037973
E00030845,164,48,22,26,116,81,35,29.268292682926827,13.414634146341465,15.853658536585366,70.73170731707317,49.390243902439025,21.341463414634145
E00030846,114,35,17,18,79,58,21,30.701754385964914,14.912280701754385,15.789473684210526,69.2982456140351,50.877192982456144,18.421052631578945
E00030847,132,39,9,30,93,66,27,29.545454545454547,6.8181818181818175,22.727272727272727,70.45454545454545,50,20.454545454545457
E00030848,154,55,30,25,99,69,30,35.714285714285715,19.480519480519483,16.233766233766232,64.28571428571429,44.8051948051948,19.480519480519483
E00030849,172,46,12,34,126,115,11,26.744186046511626,6.976744186046512,19.767441860465116,73.25581395348837,66.86046511627907,6.395348837209303
E00030850,160,43,13,30,117,105,12,26.875,8.125,18.75,73.125,65.625,7.5
E00030851,174,50,17,33,124,115,9,28.735632183908045,9.770114942528735,18.96551724137931,71.26436781609196,66.0919540229885,5.172413793103448
E00030853,231,62,17,45,169,153,16,26.83982683982684,7.35930735930736,19.480519480519483,73.16017316017316,66.23376623376623,6.926406926406926
E00030854,186,60,15,45,126,108,18,32.25806451612903,8.064516129032258,24.193548387096776,67.74193548387096,58.06451612903226,9.67741935483871
E00030855,151,35,12,23,116,102,14,23.178807947019866,7.9470198675496695,15.2317880794702,76.82119205298014,67.54966887417218,9.271523178807946
E00030856,135,43,11,32,92,82,10,31.851851851851855,8.148148148148149,23.703703703703706,68.14814814814815,60.74074074074074,7.4074074074074066
E00030857,117,31,8,23,86,77,9,26.495726495726498,6.837606837606838,19.65811965811966,73.50427350427351,65.8119658119658,7.6923076923076925
E00030858,173,37,9,28,136,115,21,21.38728323699422,5.202312138728324,16.184971098265898,78.61271676300578,66.47398843930635,12.138728323699421
E00030859,167,48,11,37,119,104,15,28.74251497005988,6.58682634730539,22.15568862275449,71.25748502994011,62.27544910179641,8.982035928143713
E00030860,167,40,16,24,127,109,18,23.952095808383234,9.580838323353294,14.37125748502994,76.04790419161677,65.26946107784431,10.778443113772456
E00030861,171,38,12,26,133,116,17,22.22222222222222,7.017543859649122,15.204678362573098,77.77777777777779,67.83625730994152,9.941520467836257
E00030862,103,24,0,24,79,72,7,23.300970873786408,0,23.300970873786408,76.69902912621359,69.90291262135922,6.796116504854369
E00030863,154,39,19,20,115,100,15,25.324675324675322,12.337662337662337,12.987012987012985,74.67532467532467,64.93506493506493,9.740259740259742
E00030864,194,67,27,40,127,106,21,34.5360824742268,13.917525773195877,20.618556701030926,65.4639175257732,54.63917525773196,10.824742268041238
E00030865,133,32,7,25,101,93,8,24.06015037593985,5.263157894736842,18.796992481203006,75.93984962406014,69.92481203007519,6.015037593984962
E00030866,121,36,12,24,85,65,20,29.75206611570248,9.917355371900827,19.834710743801654,70.24793388429752,53.71900826446281,16.528925619834713
E00030867,120,27,8,19,93,84,9,22.5,6.666666666666667,15.833333333333332,77.5,70,7.5
E00030868,115,24,6,18,91,83,8,20.869565217391305,5.217391304347826,15.65217391304348,79.13043478260869,72.17391304347827,6.956521739130435
E00030869,291,68,29,39,223,196,27,23.367697594501717,9.965635738831615,13.402061855670103,76.6323024054983,67.35395189003437,9.278350515463918
E00030870,70,27,12,15,43,35,8,38.57142857142858,17.142857142857142,21.428571428571427,61.42857142857143,50,11.428571428571429
E00030871,177,49,12,37,128,109,19,27.683615819209038,6.779661016949152,20.903954802259886,72.31638418079096,61.5819209039548,10.734463276836157
E00030872,171,46,14,32,125,100,25,26.900584795321635,8.187134502923977,18.71345029239766,73.09941520467837,58.47953216374269,14.619883040935672
E00030873,213,57,14,43,156,142,14,26.76056338028169,6.572769953051644,20.187793427230048,73.23943661971832,66.66666666666666,6.572769953051644
E00030874,217,64,22,42,153,135,18,29.493087557603687,10.138248847926267,19.35483870967742,70.50691244239631,62.21198156682027,8.294930875576037
E00030875,169,38,8,30,131,104,27,22.485207100591715,4.733727810650888,17.75147928994083,77.51479289940828,61.53846153846154,15.976331360946746
E00030876,214,67,24,43,147,123,24,31.308411214953267,11.214953271028037,20.093457943925234,68.69158878504673,57.476635514018696,11.214953271028037
E00030877,219,70,22,48,149,130,19,31.963470319634702,10.045662100456621,21.91780821917808,68.0365296803653,59.3607305936073,8.67579908675799
E00030878,175,45,16,29,130,117,13,25.71428571428571,9.142857142857142,16.57142857142857,74.28571428571429,66.85714285714286,7.428571428571429
E00030879,287,58,18,40,229,199,30,20.209059233449477,6.2717770034843205,13.937282229965156,79.79094076655052,69.33797909407666,10.452961672473867
E00030881,243,55,13,42,188,160,28,22.633744855967077,5.349794238683128,17.28395061728395,77.36625514403292,65.84362139917695,11.522633744855968
E00030882,160,37,9,28,123,108,15,23.125,5.625,17.5,76.875,67.5,9.375
E00030883,269,71,25,46,198,178,20,26.394052044609666,9.293680297397769,17.100371747211895,73.60594795539033,66.17100371747212,7.434944237918216
E00030884,155,56,12,44,99,88,11,36.12903225806451,7.741935483870968,28.387096774193548,63.87096774193548,56.774193548387096,7.096774193548387
E00030885,121,39,14,25,82,76,6,32.231404958677686,11.570247933884298,20.66115702479339,67.76859504132231,62.8099173553719,4.958677685950414
E00030886,170,48,18,30,122,98,24,28.235294117647058,10.588235294117647,17.647058823529413,71.76470588235294,57.647058823529406,14.117647058823529
E00030887,82,19,6,13,63,53,10,23.170731707317074,7.317073170731707,15.853658536585366,76.82926829268293,64.63414634146342,12.195121951219512
E00030888,157,48,17,31,109,92,17,30.573248407643312,10.828025477707007,19.745222929936308,69.42675159235668,58.59872611464968,10.828025477707007
E00030889,180,56,26,30,124,104,20,31.11111111111111,14.444444444444443,16.666666666666664,68.88888888888889,57.77777777777777,11.11111111111111
E00030890,154,38,10,28,116,105,11,24.675324675324674,6.493506493506493,18.181818181818183,75.32467532467533,68.18181818181817,7.142857142857142
E00030891,143,29,9,20,114,99,15,20.27972027972028,6.293706293706294,13.986013986013987,79.72027972027972,69.23076923076923,10.48951048951049
E00030892,173,38,14,24,135,112,23,21.965317919075144,8.092485549132949,13.872832369942195,78.03468208092485,64.73988439306359,13.294797687861271
E00030893,164,42,16,26,122,102,20,25.609756097560975,9.75609756097561,15.853658536585366,74.39024390243902,62.19512195121951,12.195121951219512
E00030894,105,21,6,15,84,72,12,20,5.714285714285714,14.285714285714285,80,68.57142857142857,11.428571428571429
E00030895,167,44,16,28,123,103,20,26.34730538922156,9.580838323353294,16.766467065868262,73.65269461077844,61.67664670658682,11.976047904191617
E00030896,145,22,6,16,123,111,12,15.172413793103448,4.137931034482759,11.03448275862069,84.82758620689656,76.55172413793103,8.275862068965518
E00030897,158,24,7,17,134,118,16,15.18987341772152,4.430379746835443,10.759493670886076,84.81012658227847,74.68354430379746,10.126582278481013
E00030898,185,54,10,44,131,116,15,29.18918918918919,5.405405405405405,23.783783783783786,70.8108108108108,62.70270270270271,8.108108108108109
E00030899,148,45,11,34,103,93,10,30.405405405405407,7.4324324324324325,22.972972972972975,69.5945945945946,62.83783783783784,6.756756756756757
E00030900,160,50,20,30,110,94,16,31.25,12.5,18.75,68.75,58.75,10
E00030901,178,40,16,24,138,106,32,22.47191011235955,8.98876404494382,13.48314606741573,77.52808988764045,59.55056179775281,17.97752808988764
E00030902,150,49,19,30,101,89,12,32.666666666666664,12.666666666666668,20,67.33333333333333,59.333333333333336,8
E00030903,78,15,4,11,63,59,4,19.230769230769234,5.128205128205128,14.102564102564102,80.76923076923077,75.64102564102564,5.128205128205128
E00030904,111,38,15,23,73,66,7,34.234234234234236,13.513513513513514,20.72072072072072,65.76576576576578,59.45945945945946,6.306306306306306
E00030905,182,45,15,30,137,116,21,24.725274725274726,8.241758241758241,16.483516483516482,75.27472527472527,63.73626373626373,11.538461538461538
E00030906,173,43,15,28,130,117,13,24.85549132947977,8.670520231213873,16.184971098265898,75.14450867052022,67.63005780346822,7.514450867052023
E00030907,107,30,14,16,77,73,4,28.037383177570092,13.084112149532709,14.953271028037381,71.96261682242991,68.22429906542055,3.7383177570093453
E00030908,134,34,13,21,100,83,17,25.37313432835821,9.701492537313433,15.671641791044777,74.6268656716418,61.940298507462686,12.686567164179104
E00030909,195,62,11,51,133,114,19,31.794871794871792,5.641025641025641,26.153846153846157,68.2051282051282,58.46153846153847,9.7435897435897445
E00030910,174,52,16,36,122,107,15,29.88505747126437,9.195402298850574,20.689655172413794,70.11494252873564,61.49425287356321,8.620689655172415
E00030911,129,28,6,22,101,87,14,21.705426356589147,4.651162790697675,17.05426356589147,78.29457364341084,67.44186046511628,10.852713178294573
E00030912,194,53,16,37,141,124,17,27.31958762886598,8.24742268041237,19.072164948453608,72.68041237113401,63.91752577319587,8.762886597938143
E00030913,167,37,6,31,130,112,18,22.15568862275449,3.592814371257485,18.562874251497004,77.84431137724552,67.06586826347305,10.778443113772456
E00030914,67,18,3,15,49,46,3,26.865671641791046,4.477611940298507,22.388059701492537,73.13432835820896,68.65671641791045,4.477611940298507
E00030915,148,38,16,22,110,96,14,25.675675675675674,10.81081081081081,14.864864864864865,74.32432432432432,64.86486486486487,9.45945945945946
E00030916,179,54,26,28,125,105,20,30.16759776536313,14.52513966480447,15.64245810055866,69.83240223463687,58.659217877094974,11.1731843575419
E00030917,169,36,10,26,133,114,19,21.301775147928996,5.9171597633136095,15.384615384615385,78.69822485207101,67.45562130177515,11.242603550295858
E00030918,154,38,7,31,116,106,10,24.675324675324674,4.545454545454546,20.12987012987013,75.32467532467533,68.83116883116884,6.493506493506493
E00030919,214,61,17,44,153,130,23,28.504672897196258,7.943925233644859,20.5607476635514,71.49532710280374,60.747663551401864,10.74766355140187
E00030920,113,47,16,31,66,63,3,41.5929203539823,14.15929203539823,27.43362831858407,58.4070796460177,55.75221238938053,2.6548672566371683
E00030921,123,49,14,35,74,67,7,39.83739837398374,11.38211382113821,28.455284552845526,60.16260162601627,54.47154471544715,5.691056910569105
E00030922,84,27,9,18,57,53,4,32.142857142857146,10.714285714285714,21.428571428571427,67.85714285714286,63.095238095238095,4.761904761904762
E00030923,128,56,17,39,72,63,9,43.75,13.28125,30.46875,56.25,49.21875,7.03125
E00030924,156,46,17,29,110,96,14,29.48717948717949,10.897435897435898,18.58974358974359,70.51282051282051,61.53846153846154,8.974358974358974
E00030925,96,28,7,21,68,62,6,29.166666666666668,7.291666666666667,21.875,70.83333333333334,64.58333333333334,6.25
E00030926,115,29,9,20,86,78,8,25.217391304347824,7.82608695652174,17.391304347826086,74.78260869565217,67.82608695652173,6.956521739130435
E00030927,149,50,19,31,99,87,12,33.557046979865774,12.751677852348994,20.80536912751678,66.44295302013423,58.38926174496645,8.053691275167784
E00030928,113,36,15,21,77,70,7,31.858407079646017,13.274336283185843,18.58407079646018,68.14159292035397,61.94690265486725,6.1946902654867255
E00030929,88,20,9,11,68,59,9,22.727272727272727,10.227272727272728,12.5,77.27272727272727,67.04545454545455,10.227272727272728
E00030930,108,28,12,16,80,77,3,25.925925925925924,11.11111111111111,14.814814814814813,74.07407407407408,71.29629629629629,2.7777777777777777
E00030931,152,40,14,26,112,106,6,26.31578947368421,9.210526315789473,17.105263157894736,73.68421052631578,69.73684210526315,3.9473684210526314
E00030932,143,42,19,23,101,86,15,29.37062937062937,13.286713286713287,16.083916083916083,70.62937062937063,60.13986013986013,10.48951048951049
E00030933,158,57,15,42,101,86,15,36.075949367088604,9.49367088607595,26.582278481012654,63.92405063291139,54.43037974683544,9.49367088607595
E00030934,108,32,18,14,76,65,11,29.629629629629626,16.666666666666664,12.962962962962962,70.37037037037037,60.18518518518518,10.185185185185185
E00030935,129,50,14,36,79,65,14,38.759689922480625,10.852713178294573,27.906976744186046,61.240310077519375,50.3875968992248,10.852713178294573
E00030936,90,39,9,30,51,48,3,43.333333333333336,10,33.33333333333333,56.666666666666664,53.333333333333336,3.3333333333333335
E00030937,145,49,11,38,96,86,10,33.793103448275865,7.586206896551724,26.20689655172414,66.20689655172414,59.310344827586206,6.896551724137931
E00030938,104,36,10,26,68,57,11,34.61538461538461,9.615384615384617,25,65.38461538461539,54.807692307692314,10.576923076923077
E00030939,106,26,11,15,80,76,4,24.528301886792452,10.377358490566039,14.150943396226415,75.47169811320755,71.69811320754717,3.7735849056603774
E00030940,82,34,12,22,48,43,5,41.46341463414634,14.634146341463413,26.82926829268293,58.536585365853654,52.4390243902439,6.097560975609756
E00030941,119,39,11,28,80,67,13,32.773109243697476,9.243697478991598,23.52941176470588,67.22689075630252,56.30252100840336,10.92436974789916
E00030942,117,42,10,32,75,70,5,35.8974358974359,8.547008547008547,27.350427350427353,64.1025641025641,59.82905982905983,4.273504273504273
E00030943,133,50,15,35,83,73,10,37.59398496240601,11.278195488721805,26.31578947368421,62.40601503759399,54.88721804511278,7.518796992481203
E00030944,127,49,12,37,78,70,8,38.582677165354326,9.448818897637794,29.133858267716533,61.417322834645674,55.118110236220474,6.299212598425196
E00030945,110,36,13,23,74,65,9,32.72727272727273,11.818181818181818,20.909090909090907,67.27272727272727,59.09090909090909,8.181818181818182
E00030946,184,98,36,62,86,76,10,53.2608695652174,19.565217391304348,33.69565217391305,46.73913043478261,41.30434782608695,5.434782608695652
E00030947,151,50,20,30,101,93,8,33.11258278145696,13.245033112582782,19.867549668874172,66.88741721854305,61.58940397350994,5.298013245033113
E00030950,184,54,17,37,130,113,17,29.347826086956523,9.239130434782608,20.108695652173914,70.65217391304348,61.41304347826087,9.239130434782608
E00030953,165,54,24,30,111,96,15,32.72727272727273,14.545454545454545,18.181818181818183,67.27272727272727,58.18181818181818,9.090909090909092
E00030954,177,86,25,61,91,87,4,48.58757062146893,14.124293785310735,34.463276836158194,51.41242937853108,49.152542372881356,2.2598870056497176
E00030955,158,69,16,53,89,82,7,43.67088607594937,10.126582278481013,33.54430379746836,56.32911392405063,51.89873417721519,4.430379746835443
E00030956,70,24,4,20,46,43,3,34.285714285714285,5.714285714285714,28.57142857142857,65.71428571428571,61.42857142857143,4.285714285714286
E00030958,151,68,20,48,83,75,8,45.033112582781456,13.245033112582782,31.788079470198678,54.966887417218544,49.668874172185426,5.298013245033113
E00030961,76,38,11,27,38,37,1,50,14.473684210526317,35.526315789473685,50,48.68421052631579,1.3157894736842104
E00030962,187,73,36,37,114,100,14,39.037433155080215,19.25133689839572,19.786096256684495,60.962566844919785,53.475935828877006,7.4866310160427805
E00030963,151,66,17,49,85,77,8,43.70860927152318,11.258278145695364,32.450331125827816,56.29139072847682,50.993377483443716,5.298013245033113
E00030964,180,85,20,65,95,88,7,47.22222222222222,11.11111111111111,36.11111111111111,52.77777777777778,48.888888888888886,3.888888888888889
E00030965,145,57,13,44,88,79,9,39.310344827586206,8.96551724137931,30.344827586206897,60.689655172413794,54.48275862068965,6.206896551724138
E00030966,178,68,27,41,110,95,15,38.20224719101123,15.168539325842698,23.03370786516854,61.79775280898876,53.37078651685393,8.426966292134832
E00030967,176,75,20,55,101,94,7,42.61363636363637,11.363636363636363,31.25,57.38636363636363,53.40909090909091,3.977272727272727
E00030968,164,71,22,49,93,85,8,43.292682926829265,13.414634146341465,29.878048780487802,56.70731707317073,51.829268292682926,4.878048780487805
E00030969,178,66,22,44,112,94,18,37.07865168539326,12.359550561797752,24.719101123595504,62.92134831460674,52.80898876404494,10.112359550561797
E00030970,166,66,22,44,100,92,8,39.75903614457831,13.253012048192772,26.506024096385545,60.24096385542169,55.42168674698795,4.819277108433735
E00030971,186,53,25,28,133,111,22,28.49462365591398,13.440860215053762,15.053763440860216,71.50537634408603,59.67741935483871,11.827956989247312
E00030972,177,71,30,41,106,94,12,40.11299435028249,16.94915254237288,23.163841807909606,59.887005649717516,53.10734463276836,6.779661016949152
E00030973,177,66,29,37,111,100,11,37.28813559322034,16.38418079096045,20.903954802259886,62.71186440677966,56.49717514124294,6.214689265536723
E00030974,136,53,15,38,83,76,7,38.970588235294116,11.029411764705882,27.941176470588236,61.029411764705884,55.88235294117647,5.147058823529411
E00030975,151,41,9,32,110,98,12,27.1523178807947,5.960264900662252,21.192052980132452,72.84768211920529,64.90066225165563,7.9470198675496695
E00030976,181,57,21,36,124,112,12,31.491712707182316,11.602209944751381,19.88950276243094,68.50828729281768,61.87845303867403,6.629834254143646
E00030977,146,51,22,29,95,87,8,34.93150684931507,15.068493150684931,19.863013698630137,65.06849315068493,59.589041095890416,5.47945205479452
E00030978,110,34,11,23,76,70,6,30.909090909090907,10,20.909090909090907,69.0909090909091,63.63636363636363,5.454545454545454
E00030979,148,34,11,23,114,110,4,22.972972972972975,7.4324324324324325,15.54054054054054,77.02702702702703,74.32432432432432,2.7027027027027026
E00030980,118,31,10,21,87,79,8,26.27118644067797,8.47457627118644,17.796610169491526,73.72881355932203,66.94915254237289,6.779661016949152
E00030981,135,43,10,33,92,77,15,31.851851851851855,7.4074074074074066,24.444444444444443,68.14814814814815,57.03703703703704,11.11111111111111
E00030982,106,26,10,16,80,75,5,24.528301886792452,9.433962264150944,15.09433962264151,75.47169811320755,70.75471698113208,4.716981132075472
E00030983,176,46,9,37,130,118,12,26.136363636363637,5.113636363636364,21.022727272727273,73.86363636363636,67.04545454545455,6.8181818181818175
E00030984,155,39,11,28,116,96,20,25.161290322580644,7.096774193548387,18.064516129032256,74.83870967741936,61.935483870967744,12.903225806451612
E00030985,160,48,18,30,112,100,12,30,11.25,18.75,70,62.5,7.5
E00030986,85,21,6,15,64,55,9,24.705882352941178,7.0588235294117645,17.647058823529413,75.29411764705883,64.70588235294117,10.588235294117647
E00030987,168,47,10,37,121,111,10,27.976190476190478,5.952380952380952,22.023809523809522,72.02380952380952,66.07142857142857,5.952380952380952
E00030988,181,43,16,27,138,127,11,23.756906077348066,8.83977900552486,14.917127071823206,76.24309392265194,70.1657458563536,6.077348066298343
E00030989,84,18,7,11,66,66,0,21.428571428571427,8.333333333333332,13.095238095238097,78.57142857142857,78.57142857142857,0
E00030990,236,46,13,33,190,164,26,19.491525423728813,5.508474576271186,13.983050847457626,80.50847457627118,69.49152542372882,11.016949152542372
E00030991,153,38,9,29,115,104,11,24.836601307189543,5.88235294117647,18.954248366013072,75.16339869281046,67.97385620915033,7.18954248366013
E00030992,164,38,12,26,126,109,17,23.170731707317074,7.317073170731707,15.853658536585366,76.82926829268293,66.46341463414635,10.365853658536585
E00030993,164,50,13,37,114,100,14,30.48780487804878,7.926829268292683,22.5609756097561,69.51219512195121,60.97560975609756,8.536585365853659
E00030994,188,40,5,35,148,127,21,21.27659574468085,2.6595744680851063,18.617021276595743,78.72340425531915,67.5531914893617,11.170212765957446
E00030995,154,36,9,27,118,108,10,23.376623376623375,5.844155844155844,17.532467532467532,76.62337662337663,70.12987012987013,6.493506493506493
E00030996,162,46,9,37,116,101,15,28.39506172839506,5.555555555555555,22.839506172839506,71.60493827160494,62.34567901234568,9.25925925925926
E00030997,181,47,16,31,134,122,12,25.96685082872928,8.83977900552486,17.12707182320442,74.03314917127072,67.40331491712708,6.629834254143646
E00030998,132,44,11,33,88,82,6,33.33333333333333,8.333333333333332,25,66.66666666666666,62.121212121212125,4.545454545454546
E00030999,135,43,15,28,92,86,6,31.851851851851855,11.11111111111111,20.74074074074074,68.14814814814815,63.70370370370371,4.444444444444445
E00031000,141,39,11,28,102,90,12,27.659574468085108,7.801418439716312,19.858156028368796,72.3404255319149,63.829787234042556,8.51063829787234
E00031001,181,51,16,35,130,117,13,28.176795580110497,8.83977900552486,19.337016574585636,71.8232044198895,64.64088397790056,7.18232044198895
E00031002,169,46,17,29,123,110,13,27.218934911242602,10.059171597633137,17.159763313609467,72.7810650887574,65.08875739644971,7.6923076923076925
E00031003,153,41,16,25,112,100,12,26.797385620915033,10.457516339869281,16.33986928104575,73.20261437908496,65.359477124183,7.8431372549019605
E00031004,118,36,10,26,82,67,15,30.508474576271187,8.47457627118644,22.033898305084744,69.49152542372882,56.779661016949156,12.711864406779661
E00031005,132,26,8,18,106,89,17,19.696969696969695,6.0606060606060606,13.636363636363635,80.3030303030303,67.42424242424242,12.878787878787879
E00031006,143,40,12,28,103,94,9,27.972027972027973,8.391608391608392,19.58041958041958,72.02797202797203,65.73426573426573,6.293706293706294
E00031007,145,41,11,30,104,93,11,28.27586206896552,7.586206896551724,20.689655172413794,71.72413793103448,64.13793103448275,7.586206896551724
E00031008,146,34,10,24,112,94,18,23.28767123287671,6.8493150684931505,16.43835616438356,76.71232876712328,64.38356164383562,12.32876712328767
E00031009,184,49,12,37,135,123,12,26.6304347826087,6.521739130434782,20.108695652173914,73.36956521739131,66.84782608695652,6.521739130434782
E00031010,148,35,12,23,113,94,19,23.64864864864865,8.108108108108109,15.54054054054054,76.35135135135135,63.51351351351351,12.837837837837837
E00031011,141,39,11,28,102,92,10,27.659574468085108,7.801418439716312,19.858156028368796,72.3404255319149,65.24822695035462,7.092198581560284
E00031012,121,22,10,12,99,86,13,18.181818181818183,8.264462809917356,9.917355371900827,81.81818181818183,71.07438016528926,10.743801652892563
E00031013,138,48,19,29,90,74,16,34.78260869565217,13.768115942028986,21.014492753623188,65.21739130434783,53.62318840579711,11.594202898550725
E00031014,184,48,17,31,136,109,27,26.08695652173913,9.239130434782608,16.847826086956523,73.91304347826086,59.2391304347826,14.673913043478262
E00031015,143,39,12,27,104,91,13,27.27272727272727,8.391608391608392,18.88111888111888,72.72727272727273,63.63636363636363,9.090909090909092
E00031016,171,49,17,32,122,114,8,28.654970760233915,9.941520467836257,18.71345029239766,71.34502923976608,66.66666666666666,4.678362573099415
E00031017,131,32,5,27,99,82,17,24.427480916030532,3.816793893129771,20.610687022900763,75.57251908396947,62.59541984732825,12.977099236641221
E00031018,166,41,16,25,125,102,23,24.69879518072289,9.63855421686747,15.060240963855422,75.30120481927712,61.44578313253012,13.855421686746988
E00031019,134,50,19,31,84,78,6,37.3134328358209,14.17910447761194,23.134328358208954,62.68656716417911,58.2089552238806,4.477611940298507
E00031020,152,30,11,19,122,99,23,19.736842105263158,7.236842105263158,12.5,80.26315789473685,65.13157894736842,15.131578947368421
E00031021,164,43,16,27,121,109,12,26.21951219512195,9.75609756097561,16.463414634146343,73.78048780487805,66.46341463414635,7.317073170731707
E00031022,123,33,3,30,90,77,13,26.82926829268293,2.4390243902439024,24.390243902439025,73.17073170731707,62.601626016260155,10.569105691056912
E00031023,117,49,14,35,68,60,8,41.88034188034188,11.965811965811966,29.914529914529915,58.119658119658126,51.28205128205128,6.837606837606838
E00031024,132,37,16,21,95,79,16,28.030303030303028,12.121212121212121,15.909090909090908,71.96969696969697,59.84848484848485,12.121212121212121
E00031025,81,23,1,22,58,52,6,28.39506172839506,1.2345679012345678,27.160493827160494,71.60493827160494,64.19753086419753,7.4074074074074066
E00031026,176,39,8,31,137,118,19,22.15909090909091,4.545454545454546,17.613636363636363,77.8409090909091,67.04545454545455,10.795454545454545
E00031027,188,50,15,35,138,117,21,26.595744680851062,7.9787234042553195,18.617021276595743,73.40425531914893,62.23404255319149,11.170212765957446
E00031028,168,44,13,31,124,111,13,26.190476190476193,7.738095238095238,18.452380952380953,73.80952380952381,66.07142857142857,7.738095238095238
E00031029,249,60,20,40,189,163,26,24.096385542168676,8.032128514056225,16.06425702811245,75.90361445783132,65.46184738955823,10.441767068273093
E00031030,144,30,11,19,114,96,18,20.833333333333336,7.638888888888889,13.194444444444445,79.16666666666666,66.66666666666666,12.5
E00031031,151,47,13,34,104,87,17,31.125827814569533,8.609271523178808,22.516556291390728,68.87417218543047,57.615894039735096,11.258278145695364
E00031032,149,43,9,34,106,101,5,28.859060402684566,6.0402684563758395,22.818791946308725,71.14093959731544,67.78523489932886,3.3557046979865772
E00031033,159,46,16,30,113,101,12,28.930817610062892,10.062893081761008,18.867924528301888,71.0691823899371,63.52201257861635,7.547169811320755
E00031034,162,47,15,32,115,103,12,29.01234567901235,9.25925925925926,19.753086419753085,70.98765432098766,63.580246913580254,7.4074074074074066
E00031035,121,34,14,20,87,80,7,28.09917355371901,11.570247933884298,16.528925619834713,71.900826446281,66.11570247933885,5.785123966942149
E00031036,131,33,9,24,98,82,16,25.190839694656486,6.870229007633588,18.3206106870229,74.80916030534351,62.59541984732825,12.213740458015266
E00031037,124,37,11,26,87,73,14,29.838709677419356,8.870967741935484,20.967741935483872,70.16129032258065,58.87096774193549,11.29032258064516
E00031038,182,55,31,24,127,101,26,30.21978021978022,17.032967032967033,13.186813186813188,69.78021978021978,55.494505494505496,14.285714285714285
E00031039,181,45,13,32,136,118,18,24.861878453038674,7.18232044198895,17.67955801104972,75.13812154696133,65.19337016574586,9.94475138121547
E00031040,165,41,13,28,124,107,17,24.848484848484848,7.878787878787878,16.969696969696972,75.15151515151514,64.84848484848484,10.303030303030303
E00031041,178,49,19,30,129,109,20,27.52808988764045,10.674157303370785,16.853932584269664,72.47191011235955,61.23595505617978,11.235955056179774
E00031042,129,35,12,23,94,83,11,27.131782945736433,9.30232558139535,17.829457364341085,72.86821705426357,64.34108527131784,8.527131782945736
E00031043,115,35,15,20,80,68,12,30.434782608695656,13.043478260869565,17.391304347826086,69.56521739130434,59.130434782608695,10.434782608695652
E00031044,112,33,16,17,79,69,10,29.464285714285715,14.285714285714285,15.178571428571427,70.53571428571429,61.60714285714286,8.928571428571429
E00031045,201,59,16,43,142,122,20,29.35323383084577,7.960199004975125,21.393034825870647,70.64676616915423,60.69651741293532,9.950248756218906
E00031046,142,38,14,24,104,90,14,26.76056338028169,9.859154929577464,16.901408450704224,73.23943661971832,63.38028169014085,9.859154929577464
E00031047,121,35,10,25,86,68,18,28.92561983471074,8.264462809917356,20.66115702479339,71.07438016528926,56.19834710743802,14.87603305785124
E00031048,107,37,13,24,70,61,9,34.57943925233645,12.149532710280374,22.429906542056074,65.42056074766354,57.009345794392516,8.411214953271028
E00031049,112,30,13,17,82,74,8,26.785714285714285,11.607142857142858,15.178571428571427,73.21428571428571,66.07142857142857,7.142857142857142
E00031050,121,34,14,20,87,76,11,28.09917355371901,11.570247933884298,16.528925619834713,71.900826446281,62.8099173553719,9.090909090909092
E00031051,150,50,16,34,100,88,12,33.33333333333333,10.666666666666668,22.666666666666664,66.66666666666666,58.666666666666664,8
E00031052,184,57,22,35,127,105,22,30.978260869565215,11.956521739130435,19.021739130434785,69.02173913043478,57.065217391304344,11.956521739130435
E00031053,157,46,14,32,111,93,18,29.29936305732484,8.9171974522293,20.382165605095544,70.70063694267516,59.23566878980891,11.464968152866243
E00031054,162,44,11,33,118,100,18,27.160493827160494,6.790123456790123,20.37037037037037,72.8395061728395,61.72839506172839,11.11111111111111
E00031055,151,42,8,34,109,89,20,27.81456953642384,5.298013245033113,22.516556291390728,72.18543046357617,58.94039735099338,13.245033112582782
E00031056,138,35,12,23,103,97,6,25.36231884057971,8.695652173913043,16.666666666666664,74.63768115942028,70.28985507246377,4.3478260869565215
E00031057,164,43,13,30,121,106,15,26.21951219512195,7.926829268292683,18.29268292682927,73.78048780487805,64.63414634146342,9.146341463414634
E00031058,166,42,12,30,124,109,15,25.301204819277107,7.228915662650602,18.072289156626507,74.69879518072288,65.66265060240963,9.036144578313253
E00031059,127,44,12,32,83,70,13,34.645669291338585,9.448818897637794,25.196850393700785,65.35433070866141,55.118110236220474,10.236220472440944
E00031060,130,35,12,23,95,84,11,26.923076923076923,9.230769230769232,17.692307692307693,73.07692307692307,64.61538461538461,8.461538461538462
E00031061,193,44,13,31,149,129,20,22.797927461139896,6.7357512953367875,16.06217616580311,77.2020725388601,66.83937823834198,10.362694300518134
E00031062,104,31,10,21,73,63,10,29.807692307692307,9.615384615384617,20.192307692307693,70.1923076923077,60.57692307692307,9.615384615384617
E00031063,168,35,6,29,133,124,9,20.833333333333336,3.571428571428571,17.261904761904763,79.16666666666666,73.80952380952381,5.357142857142857
E00031064,124,36,13,23,88,74,14,29.03225806451613,10.483870967741936,18.548387096774192,70.96774193548387,59.67741935483871,11.29032258064516
E00031065,144,41,9,32,103,90,13,28.47222222222222,6.25,22.22222222222222,71.52777777777779,62.5,9.027777777777777
E00031066,128,34,8,26,94,85,9,26.5625,6.25,20.3125,73.4375,66.40625,7.03125
E00031067,155,44,14,30,111,99,12,28.387096774193548,9.032258064516128,19.35483870967742,71.61290322580646,63.87096774193548,7.741935483870968
E00031068,170,40,13,27,130,108,22,23.52941176470588,7.647058823529412,15.88235294117647,76.47058823529412,63.52941176470588,12.941176470588237
E00031069,90,35,9,26,55,46,9,38.88888888888889,10,28.888888888888886,61.111111111111114,51.11111111111111,10
E00031070,160,40,11,29,120,99,21,25,6.875000000000001,18.125,75,61.875,13.125
E00031071,157,54,25,29,103,75,28,34.394904458598724,15.92356687898089,18.471337579617835,65.60509554140127,47.77070063694268,17.8343949044586
E00031072,132,32,12,20,100,72,28,24.242424242424242,9.090909090909092,15.151515151515152,75.75757575757575,54.54545454545454,21.21212121212121
E00031073,165,60,24,36,105,79,26,36.36363636363637,14.545454545454545,21.818181818181817,63.63636363636363,47.878787878787875,15.757575757575756
E00031074,165,57,30,27,108,81,27,34.54545454545455,18.181818181818183,16.363636363636363,65.45454545454545,49.09090909090909,16.363636363636363
E00031075,167,53,26,27,114,82,32,31.736526946107784,15.568862275449103,16.16766467065868,68.26347305389223,49.101796407185624,19.16167664670659
E00031076,171,62,31,31,109,82,27,36.25730994152047,18.128654970760234,18.128654970760234,63.74269005847953,47.953216374269005,15.789473684210526
E00031077,167,56,26,30,111,85,26,33.532934131736525,15.568862275449103,17.964071856287426,66.46706586826348,50.898203592814376,15.568862275449103
E00031078,86,25,5,20,61,52,9,29.069767441860467,5.813953488372093,23.25581395348837,70.93023255813954,60.46511627906976,10.465116279069768
E00031079,140,37,9,28,103,80,23,26.42857142857143,6.428571428571428,20,73.57142857142858,57.14285714285714,16.428571428571427
E00031080,152,37,6,31,115,90,25,24.342105263157894,3.9473684210526314,20.394736842105264,75.6578947368421,59.210526315789465,16.447368421052634
E00031081,306,80,33,47,226,198,28,26.143790849673206,10.784313725490197,15.359477124183007,73.8562091503268,64.70588235294117,9.15032679738562
E00031082,155,42,15,27,113,95,18,27.09677419354839,9.67741935483871,17.419354838709676,72.90322580645162,61.29032258064516,11.612903225806452
E00031083,158,41,19,22,117,94,23,25.949367088607595,12.025316455696203,13.924050632911392,74.0506329113924,59.49367088607595,14.556962025316455
E00031084,68,21,7,14,47,40,7,30.88235294117647,10.294117647058822,20.588235294117645,69.11764705882352,58.82352941176471,10.294117647058822
E00031085,172,39,7,32,133,110,23,22.674418604651162,4.069767441860465,18.6046511627907,77.32558139534885,63.95348837209303,13.372093023255813
E00031086,192,55,17,38,137,104,33,28.645833333333332,8.854166666666668,19.791666666666664,71.35416666666666,54.166666666666664,17.1875
E00031087,105,42,16,26,63,51,12,40,15.238095238095239,24.761904761904763,60,48.57142857142857,11.428571428571429
E00031088,115,43,16,27,72,60,12,37.391304347826086,13.91304347826087,23.47826086956522,62.60869565217392,52.17391304347826,10.434782608695652
E00031089,166,42,15,27,124,106,18,25.301204819277107,9.036144578313253,16.265060240963855,74.69879518072288,63.85542168674698,10.843373493975903
E00031090,187,47,14,33,140,108,32,25.13368983957219,7.4866310160427805,17.647058823529413,74.8663101604278,57.75401069518716,17.11229946524064
E00031091,185,57,22,35,128,96,32,30.810810810810814,11.891891891891893,18.91891891891892,69.1891891891892,51.891891891891895,17.2972972972973
E00031092,133,52,22,30,81,69,12,39.097744360902254,16.541353383458645,22.55639097744361,60.902255639097746,51.8796992481203,9.022556390977442
E00031093,136,49,15,34,87,72,15,36.029411764705884,11.029411764705882,25,63.970588235294116,52.94117647058824,11.029411764705882
E00031094,163,57,23,34,106,71,35,34.96932515337423,14.11042944785276,20.858895705521473,65.03067484662577,43.558282208588956,21.472392638036812
E00031095,97,27,8,19,70,52,18,27.835051546391753,8.24742268041237,19.587628865979383,72.16494845360825,53.608247422680414,18.556701030927837
E00031096,148,48,24,24,100,70,30,32.432432432432435,16.216216216216218,16.216216216216218,67.56756756756756,47.2972972972973,20.27027027027027
E00031097,180,56,29,27,124,82,42,31.11111111111111,16.11111111111111,15,68.88888888888889,45.55555555555556,23.333333333333332
E00031098,131,48,18,30,83,65,18,36.6412213740458,13.740458015267176,22.900763358778626,63.358778625954194,49.61832061068702,13.740458015267176
E00031099,175,59,30,29,116,91,25,33.714285714285715,17.142857142857142,16.57142857142857,66.28571428571428,52,14.285714285714285
E00031100,146,43,18,25,103,78,25,29.45205479452055,12.32876712328767,17.123287671232877,70.54794520547945,53.42465753424658,17.123287671232877
E00031101,145,59,25,34,86,59,27,40.689655172413794,17.24137931034483,23.448275862068964,59.310344827586206,40.689655172413794,18.620689655172416
E00031102,156,43,19,24,113,86,27,27.564102564102566,12.179487179487179,15.384615384615385,72.43589743589743,55.12820512820513,17.307692307692307
E00031103,182,63,29,34,119,77,42,34.61538461538461,15.934065934065933,18.681318681318682,65.38461538461539,42.30769230769231,23.076923076923077
E00031104,143,41,13,28,102,77,25,28.671328671328673,9.090909090909092,19.58041958041958,71.32867132867133,53.84615384615385,17.482517482517483
E00031105,144,30,10,20,114,104,10,20.833333333333336,6.944444444444445,13.88888888888889,79.16666666666666,72.22222222222221,6.944444444444445
E00031106,179,55,23,32,124,110,14,30.726256983240223,12.849162011173185,17.877094972067038,69.27374301675978,61.452513966480446,7.82122905027933
E00031107,122,44,12,32,78,73,5,36.0655737704918,9.836065573770492,26.229508196721312,63.934426229508205,59.83606557377049,4.098360655737705
E00031108,62,20,7,13,42,37,5,32.25806451612903,11.29032258064516,20.967741935483872,67.74193548387096,59.67741935483871,8.064516129032258
E00031109,133,40,15,25,93,80,13,30.075187969924812,11.278195488721805,18.796992481203006,69.92481203007519,60.150375939849624,9.774436090225564
E00031110,123,60,21,39,63,60,3,48.78048780487805,17.073170731707318,31.70731707317073,51.21951219512195,48.78048780487805,2.4390243902439024
E00031111,119,37,13,24,82,77,5,31.092436974789916,10.92436974789916,20.168067226890756,68.90756302521008,64.70588235294117,4.201680672268908
E00031112,91,26,10,16,65,61,4,28.57142857142857,10.989010989010989,17.582417582417584,71.42857142857143,67.03296703296702,4.395604395604396
E00031113,83,23,4,19,60,54,6,27.710843373493976,4.819277108433735,22.89156626506024,72.28915662650603,65.06024096385542,7.228915662650602
E00031114,137,47,20,27,90,78,12,34.306569343065696,14.5985401459854,19.708029197080293,65.69343065693431,56.934306569343065,8.75912408759124
E00031115,135,52,13,39,83,80,3,38.51851851851852,9.62962962962963,28.888888888888886,61.48148148148148,59.25925925925925,2.2222222222222223
E00031116,177,63,32,31,114,104,10,35.59322033898305,18.07909604519774,17.51412429378531,64.40677966101694,58.75706214689266,5.649717514124294
E00031117,148,49,11,38,99,88,11,33.108108108108105,7.4324324324324325,25.675675675675674,66.8918918918919,59.45945945945946,7.4324324324324325
E00031118,208,66,21,45,142,130,12,31.73076923076923,10.096153846153847,21.634615384615387,68.26923076923077,62.5,5.769230769230769
E00031119,239,57,17,40,182,159,23,23.84937238493724,7.112970711297072,16.736401673640167,76.15062761506276,66.52719665271967,9.623430962343097
E00031120,181,54,17,37,127,113,14,29.83425414364641,9.392265193370166,20.441988950276244,70.1657458563536,62.430939226519335,7.734806629834254
E00031121,175,53,22,31,122,108,14,30.28571428571429,12.571428571428573,17.71428571428571,69.71428571428572,61.71428571428571,8
E00031122,177,52,20,32,125,113,12,29.37853107344633,11.299435028248588,18.07909604519774,70.62146892655367,63.84180790960452,6.779661016949152
E00031123,114,40,13,27,74,68,6,35.08771929824561,11.403508771929824,23.684210526315788,64.91228070175438,59.64912280701754,5.263157894736842
E00031124,141,55,10,45,86,77,9,39.00709219858156,7.092198581560284,31.914893617021278,60.99290780141844,54.60992907801418,6.382978723404255
E00031125,164,55,20,35,109,95,14,33.53658536585366,12.195121951219512,21.341463414634145,66.46341463414635,57.92682926829268,8.536585365853659
E00031126,127,46,11,35,81,72,9,36.22047244094488,8.661417322834646,27.559055118110237,63.77952755905512,56.69291338582677,7.086614173228346
E00031127,173,36,16,20,137,124,13,20.809248554913296,9.248554913294797,11.560693641618498,79.1907514450867,71.67630057803468,7.514450867052023
E00031128,120,37,15,22,83,76,7,30.833333333333336,12.5,18.333333333333332,69.16666666666667,63.33333333333333,5.833333333333333
E00031129,155,47,17,30,108,102,6,30.32258064516129,10.967741935483872,19.35483870967742,69.6774193548387,65.80645161290323,3.870967741935484
E00031130,171,41,15,26,130,116,14,23.976608187134502,8.771929824561402,15.204678362573098,76.0233918128655,67.83625730994152,8.187134502923977
E00031131,99,22,6,16,77,69,8,22.22222222222222,6.0606060606060606,16.161616161616163,77.77777777777779,69.6969696969697,8.080808080808081
E00031132,146,46,20,26,100,87,13,31.506849315068493,13.698630136986301,17.80821917808219,68.4931506849315,59.589041095890416,8.904109589041095
E00031133,73,27,7,20,46,41,5,36.986301369863014,9.58904109589041,27.397260273972602,63.013698630136986,56.16438356164384,6.8493150684931505
E00031134,156,51,12,39,105,93,12,32.69230769230769,7.6923076923076925,25,67.3076923076923,59.61538461538461,7.6923076923076925
E00031135,124,29,10,19,95,87,8,23.387096774193548,8.064516129032258,15.32258064516129,76.61290322580645,70.16129032258065,6.451612903225806
E00031136,86,23,8,15,63,58,5,26.744186046511626,9.30232558139535,17.441860465116278,73.25581395348837,67.44186046511628,5.813953488372093
E00031137,238,79,24,55,159,143,16,33.193277310924366,10.084033613445378,23.10924369747899,66.80672268907563,60.08403361344538,6.722689075630252
E00031138,137,46,13,33,91,77,14,33.57664233576642,9.48905109489051,24.087591240875913,66.42335766423358,56.20437956204379,10.218978102189782
E00031139,127,37,14,23,90,79,11,29.133858267716533,11.023622047244094,18.11023622047244,70.86614173228347,62.20472440944882,8.661417322834646
E00031140,171,47,19,28,124,100,24,27.485380116959064,11.11111111111111,16.374269005847953,72.51461988304094,58.47953216374269,14.035087719298245
E00031141,131,35,8,27,96,80,16,26.717557251908396,6.106870229007633,20.610687022900763,73.2824427480916,61.06870229007634,12.213740458015266
E00031142,123,33,15,18,90,73,17,26.82926829268293,12.195121951219512,14.634146341463413,73.17073170731707,59.34959349593496,13.821138211382115
E00031143,133,46,15,31,87,79,8,34.58646616541353,11.278195488721805,23.308270676691727,65.41353383458647,59.3984962406015,6.015037593984962
E00031144,201,48,12,36,153,127,26,23.88059701492537,5.970149253731343,17.91044776119403,76.11940298507463,63.18407960199005,12.935323383084576
E00031145,167,61,22,39,106,87,19,36.52694610778443,13.17365269461078,23.353293413173652,63.47305389221557,52.09580838323353,11.377245508982035
E00031146,127,42,17,25,85,74,11,33.07086614173229,13.385826771653544,19.68503937007874,66.92913385826772,58.26771653543307,8.661417322834646
E00031147,140,48,20,28,92,73,19,34.285714285714285,14.285714285714285,20,65.71428571428571,52.142857142857146,13.571428571428571
E00031148,171,50,16,34,121,104,17,29.239766081871345,9.35672514619883,19.883040935672515,70.76023391812866,60.81871345029239,9.941520467836257
E00031149,161,54,27,27,107,92,15,33.54037267080746,16.77018633540373,16.77018633540373,66.45962732919256,57.14285714285714,9.316770186335404
E00031150,157,48,22,26,109,98,11,30.573248407643312,14.012738853503185,16.560509554140125,69.42675159235668,62.42038216560509,7.006369426751593
E00031151,125,27,8,19,98,81,17,21.6,6.4,15.2,78.4,64.8,13.600000000000001
E00031152,199,54,13,41,145,122,23,27.1356783919598,6.532663316582915,20.603015075376884,72.8643216080402,61.30653266331658,11.557788944723619
E00031153,205,50,22,28,155,134,21,24.390243902439025,10.731707317073171,13.658536585365855,75.60975609756098,65.3658536585366,10.24390243902439
E00031154,194,44,14,30,150,123,27,22.68041237113402,7.216494845360824,15.463917525773196,77.31958762886599,63.4020618556701,13.917525773195877
E00031155,174,53,17,36,121,108,13,30.45977011494253,9.770114942528735,20.689655172413794,69.54022988505747,62.06896551724138,7.471264367816093
E00031156,172,46,20,26,126,114,12,26.744186046511626,11.627906976744185,15.11627906976744,73.25581395348837,66.27906976744185,6.976744186046512
E00031157,181,51,16,35,130,111,19,28.176795580110497,8.83977900552486,19.337016574585636,71.8232044198895,61.32596685082873,10.497237569060774
E00031158,143,41,12,29,102,87,15,28.671328671328673,8.391608391608392,20.27972027972028,71.32867132867133,60.83916083916085,10.48951048951049
E00031159,154,41,9,32,113,87,26,26.623376623376622,5.844155844155844,20.77922077922078,73.37662337662337,56.493506493506494,16.883116883116884
E00031160,163,36,14,22,127,119,8,22.085889570552148,8.588957055214724,13.496932515337424,77.91411042944786,73.00613496932516,4.9079754601226995
E00031161,198,52,24,28,146,122,24,26.262626262626267,12.121212121212121,14.14141414141414,73.73737373737373,61.61616161616161,12.121212121212121
E00031162,120,36,11,25,84,73,11,30,9.166666666666666,20.833333333333336,70,60.83333333333333,9.166666666666666
E00031163,152,46,19,27,106,86,20,30.263157894736842,12.5,17.763157894736842,69.73684210526315,56.57894736842105,13.157894736842104
E00031164,163,48,24,24,115,92,23,29.447852760736197,14.723926380368098,14.723926380368098,70.5521472392638,56.44171779141104,14.11042944785276
E00031165,149,40,18,22,109,96,13,26.845637583892618,12.080536912751679,14.76510067114094,73.15436241610739,64.42953020134227,8.724832214765101
E00031166,137,41,16,25,96,87,9,29.927007299270077,11.678832116788321,18.248175182481752,70.07299270072993,63.503649635036496,6.569343065693431
E00031167,150,46,16,30,104,85,19,30.666666666666664,10.666666666666668,20,69.33333333333334,56.666666666666664,12.666666666666668
E00031168,217,49,24,25,168,148,20,22.58064516129032,11.059907834101383,11.52073732718894,77.41935483870968,68.20276497695853,9.216589861751153
E00031169,157,45,23,22,112,97,15,28.662420382165603,14.64968152866242,14.012738853503185,71.3375796178344,61.78343949044586,9.554140127388536
E00031170,135,33,7,26,102,82,20,24.444444444444443,5.185185185185185,19.25925925925926,75.55555555555556,60.74074074074074,14.814814814814813
E00031171,145,43,15,28,102,85,17,29.655172413793103,10.344827586206897,19.310344827586206,70.34482758620689,58.620689655172406,11.724137931034482
E00031172,137,31,12,19,106,89,17,22.62773722627737,8.75912408759124,13.86861313868613,77.37226277372264,64.96350364963503,12.408759124087592
E00031173,167,45,11,34,122,105,17,26.94610778443114,6.58682634730539,20.359281437125748,73.05389221556887,62.874251497005986,10.179640718562874
E00031174,144,43,16,27,101,80,21,29.86111111111111,11.11111111111111,18.75,70.13888888888889,55.55555555555556,14.583333333333334
E00031175,117,28,5,23,89,74,15,23.931623931623932,4.273504273504273,19.65811965811966,76.06837606837607,63.24786324786324,12.82051282051282
E00031176,148,56,30,26,92,73,19,37.83783783783784,20.27027027027027,17.56756756756757,62.16216216216216,49.32432432432432,12.837837837837837
E00031177,97,35,17,18,62,56,6,36.08247422680412,17.525773195876287,18.556701030927837,63.91752577319587,57.73195876288659,6.185567010309279
E00031178,135,43,13,30,92,82,10,31.851851851851855,9.62962962962963,22.22222222222222,68.14814814814815,60.74074074074074,7.4074074074074066
E00031179,172,49,13,36,123,110,13,28.488372093023255,7.55813953488372,20.930232558139537,71.51162790697676,63.95348837209303,7.55813953488372
E00031180,170,40,9,31,130,115,15,23.52941176470588,5.294117647058823,18.235294117647058,76.47058823529412,67.64705882352942,8.823529411764707
E00031181,141,40,15,25,101,87,14,28.368794326241137,10.638297872340425,17.73049645390071,71.63120567375887,61.702127659574465,9.929078014184398
E00031182,80,19,8,11,61,56,5,23.75,10,13.750000000000002,76.25,70,6.25
E00031183,137,40,14,26,97,87,10,29.1970802919708,10.218978102189782,18.97810218978102,70.8029197080292,63.503649635036496,7.2992700729927
E00031184,119,28,10,18,91,82,9,23.52941176470588,8.403361344537815,15.126050420168067,76.47058823529412,68.90756302521008,7.563025210084033
E00031185,160,44,21,23,116,100,16,27.500000000000004,13.125,14.374999999999998,72.5,62.5,10
E00031186,115,33,8,25,82,64,18,28.695652173913043,6.956521739130435,21.73913043478261,71.30434782608695,55.65217391304348,15.65217391304348
E00031187,214,62,22,40,152,141,11,28.971962616822427,10.2803738317757,18.69158878504673,71.02803738317756,65.88785046728972,5.14018691588785
E00031188,177,45,12,33,132,124,8,25.423728813559322,6.779661016949152,18.64406779661017,74.57627118644068,70.05649717514125,4.519774011299435
E00031189,93,31,14,17,62,55,7,33.33333333333333,15.053763440860216,18.27956989247312,66.66666666666666,59.13978494623656,7.526881720430108
E00031190,128,42,18,24,86,82,4,32.8125,14.0625,18.75,67.1875,64.0625,3.125
E00031191,178,64,26,38,114,106,8,35.95505617977528,14.606741573033707,21.34831460674157,64.04494382022472,59.55056179775281,4.49438202247191
E00031192,177,49,7,42,128,111,17,27.683615819209038,3.954802259887006,23.728813559322035,72.31638418079096,62.71186440677966,9.6045197740113
E00031193,158,52,15,37,106,95,11,32.91139240506329,9.49367088607595,23.417721518987342,67.08860759493672,60.12658227848101,6.962025316455696
E00031194,179,50,17,33,129,114,15,27.932960893854748,9.497206703910614,18.435754189944134,72.06703910614524,63.687150837988824,8.379888268156424
E00031195,169,55,17,38,114,98,16,32.544378698224854,10.059171597633137,22.485207100591715,67.45562130177515,57.98816568047337,9.467455621301776
E00031196,111,33,10,23,78,71,7,29.72972972972973,9.00900900900901,20.72072072072072,70.27027027027027,63.96396396396396,6.306306306306306
E00031197,151,57,14,43,94,85,9,37.74834437086093,9.271523178807946,28.47682119205298,62.251655629139066,56.29139072847682,5.960264900662252
E00031198,149,48,16,32,101,84,17,32.21476510067114,10.738255033557047,21.476510067114095,67.78523489932886,56.375838926174495,11.409395973154362
E00031199,152,42,11,31,110,100,10,27.631578947368425,7.236842105263158,20.394736842105264,72.36842105263158,65.78947368421053,6.578947368421052
E00031200,192,55,19,36,137,125,12,28.645833333333332,9.895833333333332,18.75,71.35416666666666,65.10416666666666,6.25
E00031201,195,49,12,37,146,139,7,25.128205128205128,6.153846153846154,18.974358974358974,74.87179487179488,71.28205128205128,3.5897435897435894
E00031202,199,55,22,33,144,124,20,27.63819095477387,11.055276381909549,16.582914572864322,72.36180904522614,62.311557788944725,10.050251256281408
E00031203,229,35,6,29,194,172,22,15.283842794759824,2.6200873362445414,12.663755458515283,84.71615720524017,75.10917030567686,9.606986899563319
E00031204,149,47,7,40,102,92,10,31.543624161073826,4.697986577181208,26.845637583892618,68.45637583892618,61.74496644295302,6.7114093959731544
E00031205,127,36,15,21,91,75,16,28.346456692913385,11.811023622047244,16.535433070866144,71.65354330708661,59.055118110236215,12.598425196850393
E00031206,151,41,15,26,110,104,6,27.1523178807947,9.933774834437086,17.218543046357617,72.84768211920529,68.87417218543047,3.9735099337748347
E00031207,58,21,10,11,37,37,0,36.206896551724135,17.24137931034483,18.96551724137931,63.793103448275865,63.793103448275865,0
E00031208,104,25,10,15,79,66,13,24.03846153846154,9.615384615384617,14.423076923076922,75.96153846153845,63.46153846153846,12.5
E00031209,207,38,16,22,169,148,21,18.357487922705314,7.729468599033816,10.628019323671497,81.64251207729468,71.49758454106279,10.144927536231885
E00031210,175,56,23,33,119,108,11,32,13.142857142857142,18.857142857142858,68,61.71428571428571,6.2857142857142865
E00031211,160,44,19,25,116,99,17,27.500000000000004,11.875,15.625,72.5,61.875,10.625
E00031212,178,41,16,25,137,118,19,23.03370786516854,8.98876404494382,14.04494382022472,76.96629213483146,66.29213483146067,10.674157303370785
E00031213,137,35,12,23,102,81,21,25.547445255474454,8.75912408759124,16.78832116788321,74.45255474452554,59.12408759124088,15.328467153284672
E00031214,150,41,17,24,109,97,12,27.333333333333332,11.333333333333332,16,72.66666666666667,64.66666666666666,8
E00031215,86,23,3,20,63,55,8,26.744186046511626,3.488372093023256,23.25581395348837,73.25581395348837,63.95348837209303,9.30232558139535
E00031216,176,32,9,23,144,117,27,18.181818181818183,5.113636363636364,13.068181818181818,81.81818181818183,66.47727272727273,15.340909090909092
E00031217,80,17,8,9,63,55,8,21.25,10,11.25,78.75,68.75,10
E00031218,192,34,7,27,158,132,26,17.708333333333336,3.6458333333333335,14.0625,82.29166666666666,68.75,13.541666666666666
E00031219,159,54,19,35,105,83,22,33.9622641509434,11.949685534591195,22.0125786163522,66.0377358490566,52.20125786163522,13.836477987421384
E00031220,187,38,9,29,149,127,22,20.32085561497326,4.81283422459893,15.508021390374333,79.67914438502673,67.9144385026738,11.76470588235294
E00031221,97,26,10,16,71,64,7,26.804123711340207,10.309278350515463,16.49484536082474,73.19587628865979,65.97938144329896,7.216494845360824
E00031222,205,40,10,30,165,142,23,19.51219512195122,4.878048780487805,14.634146341463413,80.48780487804879,69.26829268292683,11.219512195121952
E00031223,152,33,7,26,119,104,15,21.710526315789476,4.605263157894736,17.105263157894736,78.28947368421053,68.42105263157895,9.868421052631579
E00031224,182,42,13,29,140,127,13,23.076923076923077,7.142857142857142,15.934065934065933,76.92307692307693,69.78021978021978,7.142857142857142
E00031225,157,38,11,27,119,102,17,24.203821656050955,7.006369426751593,17.197452229299362,75.79617834394905,64.96815286624204,10.828025477707007
E00031226,154,31,8,23,123,103,20,20.12987012987013,5.194805194805195,14.935064935064934,79.87012987012987,66.88311688311688,12.987012987012985
E00031227,200,44,9,35,156,136,20,22,4.5,17.5,78,68,10
E00031228,114,31,11,20,83,67,16,27.192982456140353,9.649122807017543,17.543859649122805,72.80701754385966,58.77192982456141,14.035087719298245
E00031229,167,37,5,32,130,123,7,22.15568862275449,2.9940119760479043,19.16167664670659,77.84431137724552,73.65269461077844,4.191616766467066
E00031230,162,35,10,25,127,107,20,21.604938271604937,6.172839506172839,15.432098765432098,78.39506172839506,66.0493827160494,12.345679012345679
E00031231,268,59,22,37,209,180,29,22.01492537313433,8.208955223880597,13.805970149253731,77.98507462686567,67.16417910447761,10.820895522388058
E00031232,206,35,15,20,171,155,16,16.990291262135923,7.281553398058252,9.70873786407767,83.00970873786407,75.24271844660194,7.766990291262135
E00031233,133,44,15,29,89,84,5,33.08270676691729,11.278195488721805,21.804511278195488,66.9172932330827,63.1578947368421,3.7593984962406015
E00031234,136,39,12,27,97,88,9,28.676470588235293,8.823529411764707,19.852941176470587,71.32352941176471,64.70588235294117,6.61764705882353
E00031235,233,48,18,30,185,156,29,20.600858369098713,7.725321888412018,12.875536480686694,79.39914163090128,66.95278969957081,12.446351931330472
E00031236,170,43,9,34,127,109,18,25.294117647058822,5.294117647058823,20,74.70588235294117,64.11764705882354,10.588235294117647
E00031237,146,39,9,30,107,95,12,26.71232876712329,6.164383561643835,20.54794520547945,73.28767123287672,65.06849315068493,8.21917808219178
E00031239,227,58,20,38,169,139,30,25.55066079295154,8.81057268722467,16.740088105726873,74.44933920704845,61.23348017621145,13.215859030837004
E00031240,109,31,13,18,78,66,12,28.440366972477065,11.926605504587156,16.51376146788991,71.55963302752293,60.550458715596335,11.009174311926607
E00031241,105,30,12,18,75,69,6,28.57142857142857,11.428571428571429,17.142857142857142,71.42857142857143,65.71428571428571,5.714285714285714
E00031242,135,44,12,32,91,79,12,32.592592592592595,8.88888888888889,23.703703703703706,67.4074074074074,58.51851851851851,8.88888888888889
E00031243,162,72,25,47,90,82,8,44.44444444444444,15.432098765432098,29.01234567901235,55.55555555555556,50.617283950617285,4.938271604938271
E00031244,125,34,17,17,91,80,11,27.200000000000003,13.600000000000001,13.600000000000001,72.8,64,8.799999999999999
E00031245,160,35,9,26,125,112,13,21.875,5.625,16.25,78.125,70,8.125
E00031246,165,53,20,33,112,100,12,32.121212121212125,12.121212121212121,20,67.87878787878789,60.60606060606061,7.2727272727272725
E00031247,232,57,15,42,175,153,22,24.568965517241377,6.4655172413793105,18.103448275862068,75.43103448275862,65.94827586206897,9.482758620689655
E00031248,98,42,13,29,56,53,3,42.857142857142854,13.26530612244898,29.591836734693878,57.14285714285714,54.08163265306123,3.061224489795918
E00031249,88,39,10,29,49,48,1,44.31818181818182,11.363636363636363,32.95454545454545,55.68181818181818,54.54545454545454,1.1363636363636365
E00031250,143,48,16,32,95,90,5,33.56643356643357,11.188811188811188,22.377622377622377,66.43356643356644,62.93706293706294,3.4965034965034967
E00031251,99,43,11,32,56,51,5,43.43434343434344,11.11111111111111,32.323232323232325,56.56565656565656,51.515151515151516,5.05050505050505
E00031252,179,61,14,47,118,106,12,34.07821229050279,7.82122905027933,26.256983240223462,65.92178770949721,59.217877094972074,6.70391061452514
E00031253,135,44,12,32,91,78,13,32.592592592592595,8.88888888888889,23.703703703703706,67.4074074074074,57.77777777777777,9.62962962962963
E00031254,114,30,11,19,84,74,10,26.31578947368421,9.649122807017543,16.666666666666664,73.68421052631578,64.91228070175438,8.771929824561402
E00031255,138,29,3,26,109,93,16,21.014492753623188,2.1739130434782608,18.84057971014493,78.98550724637681,67.3913043478261,11.594202898550725
E00031256,65,20,7,13,45,38,7,30.76923076923077,10.76923076923077,20,69.23076923076923,58.46153846153847,10.76923076923077
E00031257,119,33,9,24,86,80,6,27.73109243697479,7.563025210084033,20.168067226890756,72.26890756302521,67.22689075630252,5.042016806722689
E00031258,107,38,11,27,69,59,10,35.51401869158878,10.2803738317757,25.233644859813083,64.48598130841121,55.140186915887845,9.345794392523365
E00031259,123,37,10,27,86,81,5,30.081300813008134,8.130081300813007,21.951219512195124,69.91869918699187,65.85365853658537,4.0650406504065035
E00031260,112,27,6,21,85,69,16,24.107142857142858,5.357142857142857,18.75,75.89285714285714,61.60714285714286,14.285714285714285
E00031261,75,22,8,14,53,45,8,29.333333333333332,10.666666666666668,18.666666666666668,70.66666666666667,60,10.666666666666668
E00031262,186,52,15,37,134,115,19,27.956989247311824,8.064516129032258,19.892473118279568,72.04301075268818,61.82795698924731,10.21505376344086
E00031263,135,33,13,20,102,98,4,24.444444444444443,9.62962962962963,14.814814814814813,75.55555555555556,72.5925925925926,2.9629629629629632
E00031264,141,42,11,31,99,90,9,29.78723404255319,7.801418439716312,21.98581560283688,70.2127659574468,63.829787234042556,6.382978723404255
E00031265,142,26,8,18,116,98,18,18.30985915492958,5.633802816901409,12.676056338028168,81.69014084507043,69.01408450704226,12.676056338028168
E00031266,182,53,18,35,129,114,15,29.120879120879124,9.89010989010989,19.230769230769234,70.87912087912088,62.637362637362635,8.241758241758241
E00031267,152,61,25,36,91,77,14,40.131578947368425,16.447368421052634,23.684210526315788,59.86842105263158,50.6578947368421,9.210526315789473
E00031268,170,55,19,36,115,103,12,32.35294117647059,11.176470588235295,21.176470588235293,67.64705882352942,60.588235294117645,7.0588235294117645
E00031269,124,46,19,27,78,73,5,37.096774193548384,15.32258064516129,21.774193548387096,62.903225806451616,58.87096774193549,4.032258064516129
E00031270,141,51,22,29,90,80,10,36.17021276595745,15.602836879432624,20.56737588652482,63.829787234042556,56.73758865248227,7.092198581560284
E00031271,117,36,12,24,81,71,10,30.76923076923077,10.256410256410255,20.51282051282051,69.23076923076923,60.68376068376068,8.547008547008547
E00031272,148,36,14,22,112,95,17,24.324324324324326,9.45945945945946,14.864864864864865,75.67567567567568,64.1891891891892,11.486486486486488
E00031273,65,14,6,8,51,48,3,21.53846153846154,9.230769230769232,12.307692307692308,78.46153846153847,73.84615384615385,4.615384615384616
E00031274,129,42,20,22,87,75,12,32.55813953488372,15.503875968992247,17.05426356589147,67.44186046511628,58.139534883720934,9.30232558139535
E00031275,162,43,13,30,119,108,11,26.543209876543212,8.024691358024691,18.51851851851852,73.4567901234568,66.66666666666666,6.790123456790123
E00031276,114,45,14,31,69,61,8,39.473684210526315,12.280701754385964,27.192982456140353,60.526315789473685,53.50877192982456,7.017543859649122
E00031277,68,27,6,21,41,41,0,39.705882352941174,8.823529411764707,30.88235294117647,60.29411764705882,60.29411764705882,0
E00031278,144,53,9,44,91,82,9,36.80555555555556,6.25,30.555555555555557,63.19444444444444,56.94444444444444,6.25
E00031279,166,51,20,31,115,103,12,30.72289156626506,12.048192771084338,18.67469879518072,69.27710843373494,62.048192771084345,7.228915662650602
E00031280,105,35,10,25,70,59,11,33.33333333333333,9.523809523809524,23.809523809523807,66.66666666666666,56.19047619047619,10.476190476190476
E00031281,137,57,20,37,80,72,8,41.605839416058394,14.5985401459854,27.00729927007299,58.3941605839416,52.55474452554745,5.839416058394161
E00031282,131,56,17,39,75,68,7,42.74809160305343,12.977099236641221,29.770992366412212,57.25190839694656,51.908396946564885,5.343511450381679
E00031283,143,48,23,25,95,90,5,33.56643356643357,16.083916083916083,17.482517482517483,66.43356643356644,62.93706293706294,3.4965034965034967
E00031284,108,24,5,19,84,78,6,22.22222222222222,4.62962962962963,17.59259259259259,77.77777777777779,72.22222222222221,5.555555555555555
E00031285,94,17,7,10,77,68,9,18.085106382978726,7.446808510638298,10.638297872340425,81.91489361702128,72.3404255319149,9.574468085106384
E00031286,151,47,18,29,104,93,11,31.125827814569533,11.920529801324504,19.205298013245034,68.87417218543047,61.58940397350994,7.28476821192053
E00031287,142,35,13,22,107,95,12,24.647887323943664,9.15492957746479,15.492957746478872,75.35211267605634,66.90140845070422,8.450704225352112
E00031288,117,23,4,19,94,83,11,19.65811965811966,3.418803418803419,16.23931623931624,80.34188034188034,70.94017094017094,9.401709401709402
E00031289,127,47,7,40,80,74,6,37.00787401574803,5.511811023622047,31.496062992125985,62.99212598425197,58.26771653543307,4.724409448818897
E00031290,140,46,20,26,94,81,13,32.857142857142854,14.285714285714285,18.571428571428573,67.14285714285714,57.85714285714286,9.285714285714286
E00031291,173,41,16,25,132,120,12,23.699421965317917,9.248554913294797,14.450867052023122,76.30057803468208,69.36416184971098,6.9364161849710975
E00031292,147,45,16,29,102,92,10,30.612244897959183,10.884353741496598,19.727891156462583,69.38775510204081,62.585034013605444,6.802721088435375
E00031293,162,31,8,23,131,115,16,19.1358024691358,4.938271604938271,14.19753086419753,80.8641975308642,70.98765432098766,9.876543209876543
E00031294,210,50,15,35,160,139,21,23.809523809523807,7.142857142857142,16.666666666666664,76.19047619047619,66.19047619047619,10
E00031295,140,33,8,25,107,85,22,23.57142857142857,5.714285714285714,17.857142857142858,76.42857142857142,60.71428571428571,15.714285714285714
E00031296,134,39,11,28,95,77,18,29.1044776119403,8.208955223880597,20.8955223880597,70.8955223880597,57.46268656716418,13.432835820895523
E00031297,173,45,11,34,128,113,15,26.011560693641616,6.358381502890173,19.653179190751445,73.98843930635837,65.3179190751445,8.670520231213873
E00031298,145,24,8,16,121,107,14,16.551724137931036,5.517241379310345,11.03448275862069,83.44827586206897,73.79310344827587,9.655172413793103
E00031299,142,27,8,19,115,101,14,19.014084507042252,5.633802816901409,13.380281690140844,80.98591549295774,71.12676056338029,9.859154929577464
E00031300,146,44,18,26,102,86,16,30.136986301369863,12.32876712328767,17.80821917808219,69.86301369863014,58.9041095890411,10.95890410958904
E00031301,165,45,16,29,120,102,18,27.27272727272727,9.696969696969697,17.575757575757574,72.72727272727273,61.81818181818181,10.909090909090908
E00031302,147,48,20,28,99,85,14,32.6530612244898,13.60544217687075,19.047619047619047,67.3469387755102,57.82312925170068,9.523809523809524
E00031303,143,30,10,20,113,93,20,20.97902097902098,6.993006993006993,13.986013986013987,79.02097902097903,65.03496503496503,13.986013986013987
E00031304,150,27,5,22,123,100,23,18,3.3333333333333335,14.666666666666666,82,66.66666666666666,15.333333333333332
E00031305,164,37,10,27,127,108,19,22.5609756097561,6.097560975609756,16.463414634146343,77.4390243902439,65.85365853658537,11.585365853658537
E00031306,152,34,6,28,118,107,11,22.36842105263158,3.9473684210526314,18.421052631578945,77.63157894736842,70.39473684210526,7.236842105263158
E00031307,162,47,15,32,115,103,12,29.01234567901235,9.25925925925926,19.753086419753085,70.98765432098766,63.580246913580254,7.4074074074074066
E00031308,161,48,14,34,113,89,24,29.81366459627329,8.695652173913043,21.11801242236025,70.1863354037267,55.27950310559007,14.906832298136646
E00031309,175,59,16,43,116,107,9,33.714285714285715,9.142857142857142,24.571428571428573,66.28571428571428,61.142857142857146,5.142857142857142
E00031310,162,36,15,21,126,101,25,22.22222222222222,9.25925925925926,12.962962962962962,77.77777777777779,62.34567901234568,15.432098765432098
E00031311,135,40,8,32,95,89,6,29.629629629629626,5.9259259259259265,23.703703703703706,70.37037037037037,65.92592592592592,4.444444444444445
E00031312,98,21,5,16,77,68,9,21.428571428571427,5.1020408163265305,16.3265306122449,78.57142857142857,69.38775510204081,9.183673469387756
E00031313,100,34,9,25,66,65,1,34,9,25,66,65,1
E00031314,130,41,12,29,89,82,7,31.538461538461537,9.230769230769232,22.30769230769231,68.46153846153847,63.07692307692307,5.384615384615385
E00031315,82,24,3,21,58,49,9,29.268292682926827,3.6585365853658534,25.609756097560975,70.73170731707317,59.756097560975604,10.975609756097562
E00031316,201,52,21,31,149,129,20,25.870646766169152,10.44776119402985,15.422885572139302,74.12935323383084,64.17910447761194,9.950248756218906
E00031317,101,25,6,19,76,70,6,24.752475247524753,5.9405940594059405,18.81188118811881,75.24752475247524,69.3069306930693,5.9405940594059405
E00031318,76,15,3,12,61,52,9,19.736842105263158,3.9473684210526314,15.789473684210526,80.26315789473685,68.42105263157895,11.842105263157894
E00031319,182,47,12,35,135,119,16,25.82417582417583,6.593406593406594,19.230769230769234,74.17582417582418,65.38461538461539,8.791208791208792
E00031320,187,63,19,44,124,110,14,33.68983957219251,10.16042780748663,23.52941176470588,66.31016042780749,58.82352941176471,7.4866310160427805
E00031321,66,16,7,9,50,44,6,24.242424242424242,10.606060606060606,13.636363636363635,75.75757575757575,66.66666666666666,9.090909090909092
E00031322,137,48,19,29,89,83,6,35.03649635036496,13.86861313868613,21.16788321167883,64.96350364963503,60.58394160583942,4.37956204379562
E00031323,205,62,23,39,143,136,7,30.24390243902439,11.219512195121952,19.024390243902438,69.7560975609756,66.34146341463415,3.414634146341464
E00031324,162,41,9,32,121,113,8,25.308641975308642,5.555555555555555,19.753086419753085,74.69135802469135,69.75308641975309,4.938271604938271
E00031325,152,44,10,34,108,95,13,28.947368421052634,6.578947368421052,22.36842105263158,71.05263157894737,62.5,8.552631578947368
E00031326,178,55,19,36,123,107,16,30.89887640449438,10.674157303370785,20.224719101123593,69.10112359550563,60.1123595505618,8.98876404494382
E00031327,152,48,20,28,104,90,14,31.57894736842105,13.157894736842104,18.421052631578945,68.42105263157895,59.210526315789465,9.210526315789473
E00031328,235,58,15,43,177,159,18,24.680851063829788,6.382978723404255,18.29787234042553,75.31914893617021,67.65957446808511,7.659574468085106
E00031329,179,55,22,33,124,104,20,30.726256983240223,12.290502793296088,18.435754189944134,69.27374301675978,58.10055865921788,11.1731843575419
E00031330,170,38,20,18,132,117,15,22.35294117647059,11.76470588235294,10.588235294117647,77.64705882352942,68.82352941176471,8.823529411764707
E00031331,160,38,12,26,122,108,14,23.75,7.5,16.25,76.25,67.5,8.75
E00031332,170,48,8,40,122,111,11,28.235294117647058,4.705882352941177,23.52941176470588,71.76470588235294,65.29411764705883,6.470588235294119
E00031333,157,42,15,27,115,103,12,26.751592356687897,9.554140127388536,17.197452229299362,73.24840764331209,65.60509554140127,7.643312101910828
E00031334,178,59,23,36,119,99,20,33.146067415730336,12.921348314606742,20.224719101123593,66.85393258426966,55.61797752808989,11.235955056179774
E00031335,159,37,13,24,122,114,8,23.270440251572328,8.176100628930817,15.09433962264151,76.72955974842768,71.69811320754717,5.031446540880504
E00031336,186,46,17,29,140,122,18,24.731182795698924,9.13978494623656,15.591397849462366,75.26881720430107,65.59139784946237,9.67741935483871
E00031337,156,48,14,34,108,97,11,30.76923076923077,8.974358974358974,21.794871794871796,69.23076923076923,62.17948717948718,7.051282051282051
E00031338,157,42,11,31,115,103,12,26.751592356687897,7.006369426751593,19.745222929936308,73.24840764331209,65.60509554140127,7.643312101910828
E00031339,168,53,19,34,115,109,6,31.547619047619047,11.30952380952381,20.238095238095237,68.45238095238095,64.88095238095238,3.571428571428571
E00031340,159,38,11,27,121,105,16,23.89937106918239,6.918238993710692,16.9811320754717,76.10062893081762,66.0377358490566,10.062893081761008
E00031341,126,30,15,15,96,85,11,23.809523809523807,11.904761904761903,11.904761904761903,76.19047619047619,67.46031746031747,8.73015873015873
E00031342,87,18,4,14,69,65,4,20.689655172413794,4.597701149425287,16.091954022988507,79.3103448275862,74.71264367816092,4.597701149425287
E00031343,112,24,8,16,88,77,11,21.428571428571427,7.142857142857142,14.285714285714285,78.57142857142857,68.75,9.821428571428571
E00031344,117,35,10,25,82,72,10,29.914529914529915,8.547008547008547,21.367521367521366,70.08547008547008,61.53846153846154,8.547008547008547
E00031345,101,27,8,19,74,64,10,26.732673267326735,7.920792079207921,18.81188118811881,73.26732673267327,63.366336633663366,9.900990099009901
E00031346,179,56,16,40,123,107,16,31.28491620111732,8.938547486033519,22.3463687150838,68.71508379888269,59.77653631284916,8.938547486033519
E00031347,142,40,14,26,102,85,17,28.169014084507044,9.859154929577464,18.30985915492958,71.83098591549296,59.859154929577464,11.971830985915492
E00031348,131,40,12,28,91,84,7,30.53435114503817,9.16030534351145,21.374045801526716,69.46564885496184,64.12213740458014,5.343511450381679
E00031349,212,79,26,53,133,118,15,37.264150943396224,12.264150943396226,25,62.735849056603776,55.660377358490564,7.0754716981132075
E00031350,201,49,11,38,152,138,14,24.378109452736318,5.472636815920398,18.90547263681592,75.62189054726367,68.65671641791045,6.965174129353234
E00031351,165,57,14,43,108,93,15,34.54545454545455,8.484848484848486,26.060606060606062,65.45454545454545,56.36363636363636,9.090909090909092
E00031352,167,46,15,31,121,108,13,27.54491017964072,8.982035928143713,18.562874251497004,72.45508982035929,64.67065868263472,7.784431137724551
E00031353,194,51,18,33,143,121,22,26.288659793814436,9.278350515463918,17.010309278350515,73.71134020618557,62.371134020618555,11.34020618556701
E00031354,205,64,22,42,141,124,17,31.21951219512195,10.731707317073171,20.48780487804878,68.78048780487805,60.48780487804878,8.292682926829269
E00031355,305,74,17,57,231,213,18,24.262295081967213,5.573770491803279,18.688524590163937,75.73770491803279,69.83606557377048,5.901639344262295
E00031356,182,52,15,37,130,116,14,28.57142857142857,8.241758241758241,20.32967032967033,71.42857142857143,63.73626373626373,7.6923076923076925
E00031357,158,50,13,37,108,88,20,31.645569620253166,8.227848101265822,23.417721518987342,68.35443037974683,55.69620253164557,12.658227848101266
E00031358,146,44,9,35,102,85,17,30.136986301369863,6.164383561643835,23.972602739726025,69.86301369863014,58.21917808219178,11.643835616438356
E00031359,180,48,13,35,132,123,9,26.666666666666668,7.222222222222221,19.444444444444446,73.33333333333333,68.33333333333333,5
E00031360,151,42,15,27,109,94,15,27.81456953642384,9.933774834437086,17.880794701986755,72.18543046357617,62.251655629139066,9.933774834437086
E00031361,151,51,13,38,100,93,7,33.77483443708609,8.609271523178808,25.165562913907287,66.22516556291392,61.58940397350994,4.635761589403973
E00031362,178,37,13,24,141,126,15,20.786516853932586,7.303370786516854,13.48314606741573,79.21348314606742,70.78651685393258,8.426966292134832
E00031366,186,72,31,41,114,102,12,38.70967741935484,16.666666666666664,22.043010752688172,61.29032258064516,54.83870967741935,6.451612903225806
E00031367,181,43,11,32,138,129,9,23.756906077348066,6.077348066298343,17.67955801104972,76.24309392265194,71.27071823204419,4.972375690607735
E00031368,131,36,14,22,95,82,13,27.480916030534353,10.687022900763358,16.793893129770993,72.51908396946564,62.59541984732825,9.923664122137405
E00031371,174,44,14,30,130,114,16,25.287356321839084,8.045977011494253,17.24137931034483,74.71264367816092,65.51724137931035,9.195402298850574
E00031373,167,61,24,37,106,103,3,36.52694610778443,14.37125748502994,22.15568862275449,63.47305389221557,61.67664670658682,1.7964071856287425
E00031375,184,54,16,38,130,115,15,29.347826086956523,8.695652173913043,20.652173913043477,70.65217391304348,62.5,8.152173913043478
E00031376,258,69,23,46,189,166,23,26.744186046511626,8.914728682170542,17.829457364341085,73.25581395348837,64.34108527131784,8.914728682170542
E00031377,147,32,8,24,115,102,13,21.768707482993197,5.442176870748299,16.3265306122449,78.2312925170068,69.38775510204081,8.843537414965986
E00031378,172,40,10,30,132,119,13,23.25581395348837,5.813953488372093,17.441860465116278,76.74418604651163,69.18604651162791,7.55813953488372
E00031379,175,55,21,34,120,105,15,31.428571428571427,12,19.428571428571427,68.57142857142857,60,8.571428571428571
E00031380,203,39,14,25,164,152,12,19.21182266009852,6.896551724137931,12.31527093596059,80.78817733990148,74.8768472906404,5.911330049261084
E00031382,166,45,14,31,121,99,22,27.10843373493976,8.433734939759036,18.67469879518072,72.89156626506023,59.63855421686747,13.253012048192772
E00031383,183,42,15,27,141,111,30,22.950819672131146,8.19672131147541,14.754098360655737,77.04918032786885,60.65573770491803,16.39344262295082
E00031384,171,48,19,29,123,83,40,28.07017543859649,11.11111111111111,16.95906432748538,71.9298245614035,48.53801169590643,23.391812865497073
E00031385,216,64,14,50,152,133,19,29.629629629629626,6.481481481481481,23.14814814814815,70.37037037037037,61.57407407407407,8.796296296296296
E00031386,168,46,18,28,122,107,15,27.380952380952383,10.714285714285714,16.666666666666664,72.61904761904762,63.69047619047619,8.928571428571429
E00031387,144,39,12,27,105,93,12,27.083333333333332,8.333333333333332,18.75,72.91666666666666,64.58333333333334,8.333333333333332
E00031388,193,56,15,41,137,122,15,29.015544041450774,7.772020725388601,21.243523316062177,70.98445595854922,63.212435233160626,7.772020725388601
E00031389,198,52,16,36,146,127,19,26.262626262626267,8.080808080808081,18.181818181818183,73.73737373737373,64.14141414141415,9.595959595959595
E00031390,180,51,10,41,129,111,18,28.333333333333332,5.555555555555555,22.77777777777778,71.66666666666667,61.66666666666667,10
E00031391,201,57,14,43,144,129,15,28.35820895522388,6.965174129353234,21.393034825870647,71.64179104477611,64.17910447761194,7.462686567164178
E00031392,165,36,11,25,129,112,17,21.818181818181817,6.666666666666667,15.151515151515152,78.18181818181819,67.87878787878789,10.303030303030303
E00031393,164,37,9,28,127,109,18,22.5609756097561,5.487804878048781,17.073170731707318,77.4390243902439,66.46341463414635,10.975609756097562
E00031394,173,54,18,36,119,103,16,31.213872832369944,10.404624277456648,20.809248554913296,68.78612716763006,59.53757225433526,9.248554913294797
E00031395,191,53,26,27,138,124,14,27.748691099476442,13.612565445026178,14.136125654450263,72.25130890052355,64.92146596858639,7.329842931937172
E00031396,158,47,17,30,111,93,18,29.746835443037973,10.759493670886076,18.9873417721519,70.25316455696202,58.86075949367089,11.39240506329114
E00031397,144,34,9,25,110,94,16,23.61111111111111,6.25,17.36111111111111,76.38888888888889,65.27777777777779,11.11111111111111
E00031398,144,38,10,28,106,85,21,26.38888888888889,6.944444444444445,19.444444444444446,73.61111111111111,59.02777777777778,14.583333333333334
E00031399,134,44,17,27,90,76,14,32.83582089552239,12.686567164179104,20.149253731343283,67.16417910447761,56.71641791044776,10.44776119402985
E00031400,123,46,12,34,77,66,11,37.39837398373984,9.75609756097561,27.64227642276423,62.601626016260155,53.65853658536586,8.94308943089431
E00031401,99,26,12,14,73,58,15,26.262626262626267,12.121212121212121,14.14141414141414,73.73737373737373,58.58585858585859,15.151515151515152
E00031402,177,48,17,31,129,109,20,27.11864406779661,9.6045197740113,17.51412429378531,72.88135593220339,61.5819209039548,11.299435028248588
E00031403,162,51,14,37,111,100,11,31.48148148148148,8.641975308641975,22.839506172839506,68.51851851851852,61.72839506172839,6.790123456790123
E00031404,105,27,13,14,78,71,7,25.71428571428571,12.380952380952381,13.333333333333334,74.28571428571429,67.61904761904762,6.666666666666667
E00031405,147,44,14,30,103,86,17,29.931972789115648,9.523809523809524,20.408163265306122,70.06802721088435,58.50340136054422,11.564625850340136
E00031406,162,43,19,24,119,101,18,26.543209876543212,11.728395061728394,14.814814814814813,73.4567901234568,62.34567901234568,11.11111111111111
E00031407,137,38,15,23,99,81,18,27.73722627737226,10.948905109489052,16.78832116788321,72.26277372262774,59.12408759124088,13.138686131386862
E00031408,165,48,18,30,117,101,16,29.09090909090909,10.909090909090908,18.181818181818183,70.9090909090909,61.212121212121204,9.696969696969697
E00031409,182,39,16,23,143,126,17,21.428571428571427,8.791208791208792,12.637362637362637,78.57142857142857,69.23076923076923,9.340659340659341
E00031410,135,41,14,27,94,78,16,30.37037037037037,10.37037037037037,20,69.62962962962963,57.77777777777777,11.851851851851853
E00031411,168,30,9,21,138,114,24,17.857142857142858,5.357142857142857,12.5,82.14285714285714,67.85714285714286,14.285714285714285
E00031412,221,66,28,38,155,133,22,29.86425339366516,12.669683257918551,17.194570135746606,70.13574660633483,60.18099547511312,9.95475113122172
E00031413,157,39,12,27,118,101,17,24.840764331210192,7.643312101910828,17.197452229299362,75.15923566878982,64.3312101910828,10.828025477707007
E00031414,191,50,15,35,141,131,10,26.17801047120419,7.853403141361256,18.32460732984293,73.82198952879581,68.58638743455498,5.2356020942408374
E00031415,147,36,12,24,111,87,24,24.489795918367346,8.16326530612245,16.3265306122449,75.51020408163265,59.183673469387756,16.3265306122449
E00031416,88,18,10,8,70,64,6,20.454545454545457,11.363636363636363,9.090909090909092,79.54545454545455,72.72727272727273,6.8181818181818175
E00031417,156,40,9,31,116,98,18,25.64102564102564,5.769230769230769,19.871794871794872,74.35897435897436,62.82051282051282,11.538461538461538
E00031418,149,38,8,30,111,98,13,25.503355704697988,5.369127516778524,20.13422818791946,74.49664429530202,65.77181208053692,8.724832214765101
E00031419,182,42,14,28,140,125,15,23.076923076923077,7.6923076923076925,15.384615384615385,76.92307692307693,68.68131868131869,8.241758241758241
E00031420,169,42,8,34,127,114,13,24.85207100591716,4.733727810650888,20.118343195266274,75.14792899408283,67.45562130177515,7.6923076923076925
E00031421,174,44,14,30,130,119,11,25.287356321839084,8.045977011494253,17.24137931034483,74.71264367816092,68.39080459770115,6.321839080459771
E00031422,115,32,7,25,83,72,11,27.82608695652174,6.086956521739131,21.73913043478261,72.17391304347827,62.60869565217392,9.565217391304348
E00031423,68,20,6,14,48,43,5,29.411764705882355,8.823529411764707,20.588235294117645,70.58823529411765,63.23529411764706,7.352941176470589
E00031424,148,34,6,28,114,104,10,22.972972972972975,4.054054054054054,18.91891891891892,77.02702702702703,70.27027027027027,6.756756756756757
E00031425,154,33,4,29,121,106,15,21.428571428571427,2.5974025974025974,18.83116883116883,78.57142857142857,68.83116883116884,9.740259740259742
E00031426,202,47,10,37,155,138,17,23.26732673267327,4.9504950495049505,18.316831683168317,76.73267326732673,68.31683168316832,8.415841584158416
E00031427,104,19,7,12,85,79,6,18.269230769230766,6.730769230769231,11.538461538461538,81.73076923076923,75.96153846153845,5.769230769230769
E00031428,141,42,10,32,99,91,8,29.78723404255319,7.092198581560284,22.69503546099291,70.2127659574468,64.53900709219859,5.673758865248227
E00031429,155,39,12,27,116,102,14,25.161290322580644,7.741935483870968,17.419354838709676,74.83870967741936,65.80645161290323,9.032258064516128
E00031430,133,30,11,19,103,95,8,22.55639097744361,8.270676691729323,14.285714285714285,77.44360902255639,71.42857142857143,6.015037593984962
E00031431,154,39,10,29,115,104,11,25.324675324675322,6.493506493506493,18.83116883116883,74.67532467532467,67.53246753246754,7.142857142857142
E00031432,179,53,20,33,126,103,23,29.608938547486037,11.1731843575419,18.435754189944134,70.39106145251397,57.54189944134078,12.849162011173185
E00031433,121,27,11,16,94,75,19,22.31404958677686,9.090909090909092,13.223140495867769,77.68595041322314,61.98347107438017,15.702479338842975
E00031434,193,59,21,38,134,119,15,30.569948186528496,10.880829015544041,19.689119170984455,69.43005181347151,61.6580310880829,7.772020725388601
E00031435,172,40,13,27,132,117,15,23.25581395348837,7.55813953488372,15.69767441860465,76.74418604651163,68.02325581395348,8.720930232558139
E00031436,79,28,12,16,51,46,5,35.44303797468354,15.18987341772152,20.253164556962027,64.55696202531645,58.22784810126582,6.329113924050633
E00031437,204,61,23,38,143,120,23,29.901960784313726,11.27450980392157,18.627450980392158,70.09803921568627,58.82352941176471,11.27450980392157
E00031438,162,34,11,23,128,121,7,20.98765432098765,6.790123456790123,14.19753086419753,79.01234567901234,74.69135802469135,4.320987654320987
E00031439,155,40,11,29,115,105,10,25.806451612903224,7.096774193548387,18.70967741935484,74.19354838709677,67.74193548387096,6.451612903225806
E00031440,203,42,13,29,161,135,26,20.689655172413794,6.403940886699508,14.285714285714285,79.3103448275862,66.50246305418719,12.807881773399016
E00031441,144,28,9,19,116,108,8,19.444444444444446,6.25,13.194444444444445,80.55555555555556,75,5.555555555555555
E00031442,79,23,2,21,56,50,6,29.11392405063291,2.5316455696202533,26.582278481012654,70.88607594936708,63.29113924050633,7.59493670886076
E00031443,145,40,12,28,105,96,9,27.586206896551722,8.275862068965518,19.310344827586206,72.41379310344827,66.20689655172414,6.206896551724138
E00031444,173,31,9,22,142,123,19,17.91907514450867,5.202312138728324,12.716763005780345,82.08092485549133,71.09826589595376,10.982658959537572
E00031445,195,43,5,38,152,141,11,22.05128205128205,2.564102564102564,19.48717948717949,77.94871794871796,72.3076923076923,5.641025641025641
E00031446,110,19,3,16,91,88,3,17.272727272727273,2.727272727272727,14.545454545454545,82.72727272727273,80,2.727272727272727
E00031447,135,40,13,27,95,82,13,29.629629629629626,9.62962962962963,20,70.37037037037037,60.74074074074074,9.62962962962963
E00031448,108,21,8,13,87,76,11,19.444444444444446,7.4074074074074066,12.037037037037036,80.55555555555556,70.37037037037037,10.185185185185185
E00031450,106,35,9,26,71,59,12,33.0188679245283,8.49056603773585,24.528301886792452,66.98113207547169,55.660377358490564,11.320754716981133
E00031451,187,66,25,41,121,99,22,35.294117647058826,13.368983957219251,21.92513368983957,64.70588235294117,52.94117647058824,11.76470588235294
E00031452,137,41,22,19,96,87,9,29.927007299270077,16.05839416058394,13.86861313868613,70.07299270072993,63.503649635036496,6.569343065693431
E00031453,146,43,11,32,103,82,21,29.45205479452055,7.534246575342466,21.91780821917808,70.54794520547945,56.16438356164384,14.383561643835616
E00031454,143,56,18,38,87,80,7,39.16083916083916,12.587412587412588,26.573426573426573,60.83916083916085,55.94405594405595,4.895104895104895
E00031455,95,40,16,24,55,52,3,42.10526315789473,16.842105263157894,25.263157894736842,57.89473684210527,54.736842105263165,3.1578947368421053
E00031456,182,47,15,32,135,108,27,25.82417582417583,8.241758241758241,17.582417582417584,74.17582417582418,59.34065934065934,14.835164835164836
E00031457,155,51,17,34,104,91,13,32.903225806451616,10.967741935483872,21.935483870967744,67.0967741935484,58.70967741935483,8.38709677419355
E00031458,142,45,17,28,97,81,16,31.690140845070424,11.971830985915492,19.718309859154928,68.30985915492957,57.04225352112676,11.267605633802818
E00031459,113,44,18,26,69,65,4,38.93805309734513,15.929203539823009,23.008849557522122,61.06194690265486,57.52212389380531,3.5398230088495577
E00031460,109,32,12,20,77,64,13,29.357798165137616,11.009174311926607,18.34862385321101,70.64220183486239,58.71559633027523,11.926605504587156
E00031461,139,49,16,33,90,80,10,35.25179856115108,11.510791366906476,23.741007194244602,64.74820143884892,57.55395683453237,7.1942446043165464
E00031462,174,57,18,39,117,99,18,32.758620689655174,10.344827586206897,22.413793103448278,67.24137931034483,56.896551724137936,10.344827586206897
E00031463,158,50,13,37,108,96,12,31.645569620253166,8.227848101265822,23.417721518987342,68.35443037974683,60.75949367088608,7.59493670886076
E00031464,93,33,6,27,60,51,9,35.483870967741936,6.451612903225806,29.03225806451613,64.51612903225806,54.83870967741935,9.67741935483871
E00031465,108,40,12,28,68,51,17,37.03703703703704,11.11111111111111,25.925925925925924,62.96296296296296,47.22222222222222,15.74074074074074
E00031466,114,32,13,19,82,71,11,28.07017543859649,11.403508771929824,16.666666666666664,71.9298245614035,62.28070175438597,9.649122807017543
E00031467,149,37,13,24,112,93,19,24.832214765100673,8.724832214765101,16.10738255033557,75.16778523489933,62.41610738255034,12.751677852348994
E00031468,209,56,23,33,153,127,26,26.794258373205743,11.004784688995215,15.789473684210526,73.20574162679426,60.76555023923444,12.440191387559809
E00031469,156,54,17,37,102,92,10,34.61538461538461,10.897435897435898,23.717948717948715,65.38461538461539,58.97435897435898,6.41025641025641
E00031470,150,46,17,29,104,92,12,30.666666666666664,11.333333333333332,19.333333333333332,69.33333333333334,61.33333333333333,8
E00031471,139,59,14,45,80,70,10,42.44604316546763,10.071942446043165,32.37410071942446,57.55395683453237,50.35971223021583,7.1942446043165464
E00031472,67,18,7,11,49,45,4,26.865671641791046,10.44776119402985,16.417910447761194,73.13432835820896,67.16417910447761,5.970149253731343
E00031473,122,40,17,23,82,70,12,32.78688524590164,13.934426229508196,18.852459016393443,67.21311475409836,57.377049180327866,9.836065573770492
E00031474,92,27,13,14,65,55,10,29.347826086956523,14.130434782608695,15.217391304347828,70.65217391304348,59.78260869565217,10.869565217391305
E00031475,157,47,17,30,110,92,18,29.936305732484076,10.828025477707007,19.10828025477707,70.06369426751591,58.59872611464968,11.464968152866243
E00031476,116,36,15,21,80,71,9,31.03448275862069,12.931034482758621,18.103448275862068,68.96551724137932,61.206896551724135,7.758620689655173
E00031477,128,40,15,25,88,69,19,31.25,11.71875,19.53125,68.75,53.90625,14.84375
E00031478,152,55,21,34,97,74,23,36.18421052631579,13.815789473684212,22.36842105263158,63.81578947368421,48.68421052631579,15.131578947368421
E00031479,161,46,19,27,115,93,22,28.57142857142857,11.801242236024844,16.77018633540373,71.42857142857143,57.7639751552795,13.664596273291925
E00031480,146,39,14,25,107,90,17,26.71232876712329,9.58904109589041,17.123287671232877,73.28767123287672,61.64383561643836,11.643835616438356
E00031481,174,40,9,31,134,112,22,22.988505747126435,5.172413793103448,17.81609195402299,77.01149425287356,64.36781609195403,12.643678160919542
E00031482,159,42,11,31,117,98,19,26.41509433962264,6.918238993710692,19.49685534591195,73.58490566037736,61.63522012578616,11.949685534591195
E00031483,192,62,14,48,130,117,13,32.29166666666667,7.291666666666667,25,67.70833333333334,60.9375,6.770833333333333
E00031484,174,52,20,32,122,109,13,29.88505747126437,11.494252873563218,18.39080459770115,70.11494252873564,62.643678160919535,7.471264367816093
E00031485,141,54,18,36,87,80,7,38.297872340425535,12.76595744680851,25.53191489361702,61.702127659574465,56.73758865248227,4.964539007092199
E00031486,141,43,14,29,98,80,18,30.49645390070922,9.929078014184398,20.56737588652482,69.50354609929079,56.73758865248227,12.76595744680851
E00031487,113,32,12,20,81,72,9,28.31858407079646,10.619469026548673,17.699115044247787,71.68141592920354,63.716814159292035,7.964601769911504
E00168584,185,30,12,18,155,135,20,16.216216216216218,6.486486486486487,9.72972972972973,83.78378378378379,72.97297297297297,10.81081081081081
E00168586,163,38,14,24,125,106,19,23.31288343558282,8.588957055214724,14.723926380368098,76.68711656441718,65.03067484662577,11.65644171779141
E00168587,159,38,13,25,121,107,14,23.89937106918239,8.176100628930817,15.723270440251572,76.10062893081762,67.29559748427673,8.80503144654088
E00168588,56,17,6,11,39,36,3,30.357142857142854,10.714285714285714,19.642857142857142,69.64285714285714,64.28571428571429,5.357142857142857
E00168589,79,14,4,10,65,56,9,17.72151898734177,5.063291139240507,12.658227848101266,82.27848101265823,70.88607594936708,11.39240506329114
E00168590,138,35,13,22,103,90,13,25.36231884057971,9.420289855072465,15.942028985507244,74.63768115942028,65.21739130434783,9.420289855072465
E00168591,123,46,12,34,77,67,10,37.39837398373984,9.75609756097561,27.64227642276423,62.601626016260155,54.47154471544715,8.130081300813007
E00168592,201,65,22,43,136,114,22,32.33830845771145,10.945273631840797,21.393034825870647,67.66169154228857,56.71641791044776,10.945273631840797
E00168593,178,44,14,30,134,120,14,24.719101123595504,7.865168539325842,16.853932584269664,75.28089887640449,67.41573033707866,7.865168539325842
E00168594,84,28,10,18,56,43,13,33.33333333333333,11.904761904761903,21.428571428571427,66.66666666666666,51.19047619047619,15.476190476190476
E00168595,169,44,10,34,125,103,22,26.035502958579883,5.9171597633136095,20.118343195266274,73.96449704142012,60.946745562130175,13.017751479289942
E00168596,140,26,1,25,114,101,13,18.571428571428573,0.7142857142857143,17.857142857142858,81.42857142857143,72.14285714285714,9.285714285714286
E00168599,142,50,13,37,92,83,9,35.2112676056338,9.15492957746479,26.056338028169012,64.7887323943662,58.45070422535211,6.338028169014084
E00168600,168,39,18,21,129,110,19,23.214285714285715,10.714285714285714,12.5,76.78571428571429,65.47619047619048,11.30952380952381
E00168601,174,30,12,18,144,121,23,17.24137931034483,6.896551724137931,10.344827586206897,82.75862068965517,69.54022988505747,13.218390804597702
E00168602,189,42,13,29,147,125,22,22.22222222222222,6.878306878306878,15.343915343915343,77.77777777777779,66.13756613756614,11.64021164021164
E00168603,86,29,9,20,57,48,9,33.72093023255814,10.465116279069768,23.25581395348837,66.27906976744185,55.81395348837209,10.465116279069768
E00168604,123,26,9,17,97,88,9,21.138211382113823,7.317073170731707,13.821138211382115,78.86178861788618,71.54471544715447,7.317073170731707
E00181570,197,91,36,55,106,99,7,46.192893401015226,18.274111675126903,27.918781725888326,53.80710659898477,50.25380710659898,3.5532994923857872
E00181571,188,34,16,18,154,144,10,18.085106382978726,8.51063829787234,9.574468085106384,81.91489361702128,76.59574468085107,5.319148936170213
E00181572,139,56,25,31,83,73,10,40.28776978417266,17.985611510791365,22.302158273381295,59.71223021582733,52.51798561151079,7.1942446043165464
E00181578,130,47,15,32,83,74,9,36.15384615384615,11.538461538461538,24.615384615384617,63.84615384615384,56.92307692307692,6.923076923076923
E00181579,232,75,28,47,157,138,19,32.327586206896555,12.068965517241379,20.25862068965517,67.67241379310344,59.48275862068966,8.189655172413794
E00181580,273,80,27,53,193,167,26,29.304029304029307,9.89010989010989,19.413919413919416,70.6959706959707,61.172161172161175,9.523809523809524
E00181581,202,21,0,21,181,169,12,10.396039603960396,0,10.396039603960396,89.60396039603961,83.66336633663366,5.9405940594059405
E00181582,80,32,10,22,48,39,9,40,12.5,27.500000000000004,60,48.75,11.25
E00181583,139,47,20,27,92,80,12,33.81294964028777,14.388489208633093,19.424460431654676,66.18705035971223,57.55395683453237,8.633093525179856
E00181584,145,60,18,42,85,70,15,41.37931034482759,12.413793103448276,28.965517241379313,58.620689655172406,48.275862068965516,10.344827586206897
E00181606,165,21,9,12,144,126,18,12.727272727272727,5.454545454545454,7.2727272727272725,87.27272727272727,76.36363636363637,10.909090909090908
E00181619,292,66,17,49,226,183,43,22.602739726027394,5.821917808219178,16.78082191780822,77.3972602739726,62.671232876712324,14.726027397260275
E00181630,134,25,11,14,109,94,15,18.65671641791045,8.208955223880597,10.44776119402985,81.34328358208955,70.1492537313433,11.194029850746269
E00181635,71,17,4,13,54,48,6,23.943661971830984,5.633802816901409,18.30985915492958,76.05633802816901,67.6056338028169,8.450704225352112
E00181641,314,58,28,30,256,234,22,18.471337579617835,8.9171974522293,9.554140127388536,81.52866242038218,74.52229299363057,7.006369426751593
E00181649,134,27,7,20,107,98,9,20.149253731343283,5.223880597014925,14.925373134328357,79.8507462686567,73.13432835820896,6.7164179104477615
E00181651,217,48,24,24,169,148,21,22.119815668202765,11.059907834101383,11.059907834101383,77.88018433179722,68.20276497695853,9.67741935483871
E00181660,109,37,14,23,72,64,8,33.94495412844037,12.844036697247708,21.100917431192663,66.05504587155964,58.71559633027523,7.339449541284404
E00181661,158,18,11,7,140,118,22,11.39240506329114,6.962025316455696,4.430379746835443,88.60759493670885,74.68354430379746,13.924050632911392
E00181664,114,39,11,28,75,61,14,34.21052631578947,9.649122807017543,24.561403508771928,65.78947368421053,53.50877192982456,12.280701754385964
E00181667,267,35,11,24,232,198,34,13.108614232209737,4.119850187265917,8.98876404494382,86.89138576779027,74.15730337078652,12.734082397003746
E00181676,163,40,14,26,123,113,10,24.539877300613497,8.588957055214724,15.950920245398773,75.4601226993865,69.32515337423312,6.134969325153374
E00181681,112,17,5,12,95,85,10,15.178571428571427,4.464285714285714,10.714285714285714,84.82142857142857,75.89285714285714,8.928571428571429
E00181703,57,18,8,10,39,27,12,31.57894736842105,14.035087719298245,17.543859649122805,68.42105263157895,47.368421052631575,21.052631578947366
E00181713,69,23,4,19,46,41,5,33.33333333333333,5.797101449275362,27.536231884057973,66.66666666666666,59.42028985507246,7.246376811594203
