OA,ts0590001,ts0590002,ts0590003,ts0590004,ts0590005,ts0590006,ts0590007,ts0590002_PCT,ts0590003_PCT,ts0590004_PCT,ts0590005_PCT,ts0590006_PCT,ts0590007_PCT
W00006943,63,10,5,5,53,49,4,15.873015873015872,7.936507936507936,7.936507936507936,84.12698412698413,77.77777777777779,6.349206349206349
W00006944,237,68,15,53,169,149,20,28.691983122362867,6.329113924050633,22.362869198312236,71.30801687763713,62.869198312236286,8.438818565400844
W00006945,99,29,6,23,70,64,6,29.292929292929294,6.0606060606060606,23.232323232323232,70.70707070707071,64.64646464646465,6.0606060606060606
W00006946,133,43,17,26,90,82,8,32.33082706766917,12.781954887218044,19.548872180451127,67.66917293233082,61.65413533834586,6.015037593984962
W00006947,106,32,9,23,74,64,10,30.18867924528302,8.49056603773585,21.69811320754717,69.81132075471697,60.37735849056604,9.433962264150944
W00006948,121,39,20,19,82,71,11,32.231404958677686,16.528925619834713,15.702479338842975,67.76859504132231,58.67768595041323,9.090909090909092
W00006949,191,30,8,22,161,139,22,15.706806282722512,4.18848167539267,11.518324607329843,84.29319371727748,72.77486910994764,11.518324607329843
W00006950,109,31,4,27,78,69,9,28.440366972477065,3.669724770642202,24.770642201834864,71.55963302752293,63.30275229357798,8.256880733944955
W00006951,155,47,12,35,108,97,11,30.32258064516129,7.741935483870968,22.58064516129032,69.6774193548387,62.58064516129033,7.096774193548387
W00006952,119,41,19,22,78,73,5,34.45378151260504,15.966386554621847,18.487394957983195,65.54621848739495,61.34453781512605,4.201680672268908
W00006953,100,28,9,19,72,68,4,28.000000000000004,9,19,72,68,4
W00006954,93,28,6,22,65,55,10,30.107526881720432,6.451612903225806,23.655913978494624,69.89247311827957,59.13978494623656,10.75268817204301
W00006955,137,37,8,29,100,89,11,27.00729927007299,5.839416058394161,21.16788321167883,72.99270072992701,64.96350364963503,8.02919708029197
W00006956,101,16,6,10,85,78,7,15.841584158415841,5.9405940594059405,9.900990099009901,84.15841584158416,77.22772277227723,6.9306930693069315
W00006957,136,35,16,19,101,91,10,25.735294117647058,11.76470588235294,13.970588235294118,74.26470588235294,66.91176470588235,7.352941176470589
W00006958,125,36,12,24,89,78,11,28.799999999999997,9.6,19.2,71.2,62.4,8.799999999999999
W00006959,146,37,8,29,109,97,12,25.34246575342466,5.47945205479452,19.863013698630137,74.65753424657534,66.43835616438356,8.21917808219178
W00006960,162,35,9,26,127,119,8,21.604938271604937,5.555555555555555,16.049382716049383,78.39506172839506,73.4567901234568,4.938271604938271
W00006961,157,41,13,28,116,104,12,26.11464968152866,8.280254777070063,17.8343949044586,73.88535031847134,66.2420382165605,7.643312101910828
W00006962,110,26,8,18,84,75,9,23.636363636363637,7.2727272727272725,16.363636363636363,76.36363636363637,68.18181818181817,8.181818181818182
W00006963,128,35,5,30,93,86,7,27.34375,3.90625,23.4375,72.65625,67.1875,5.46875
W00006964,143,37,11,26,106,93,13,25.874125874125873,7.6923076923076925,18.181818181818183,74.12587412587412,65.03496503496503,9.090909090909092
W00006965,130,31,8,23,99,92,7,23.846153846153847,6.153846153846154,17.692307692307693,76.15384615384615,70.76923076923077,5.384615384615385
W00006966,144,40,14,26,104,88,16,27.77777777777778,9.722222222222223,18.055555555555554,72.22222222222221,61.111111111111114,11.11111111111111
W00006968,168,43,12,31,125,110,15,25.595238095238095,7.142857142857142,18.452380952380953,74.40476190476191,65.47619047619048,8.928571428571429
W00006969,137,29,9,20,108,96,12,21.16788321167883,6.569343065693431,14.5985401459854,78.83211678832117,70.07299270072993,8.75912408759124
W00006970,227,57,17,40,170,156,14,25.11013215859031,7.488986784140969,17.62114537444934,74.8898678414097,68.72246696035242,6.167400881057269
W00006971,120,31,4,27,89,77,12,25.833333333333336,3.3333333333333335,22.5,74.16666666666667,64.16666666666667,10
W00006972,151,49,10,39,102,93,9,32.450331125827816,6.622516556291391,25.82781456953642,67.54966887417218,61.58940397350994,5.960264900662252
W00006973,150,53,18,35,97,77,20,35.333333333333336,12,23.333333333333332,64.66666666666666,51.33333333333333,13.333333333333334
W00006974,169,45,14,31,124,113,11,26.627218934911244,8.284023668639055,18.34319526627219,73.37278106508876,66.86390532544378,6.508875739644971
W00006975,171,49,6,43,122,111,11,28.654970760233915,3.508771929824561,25.146198830409354,71.34502923976608,64.91228070175438,6.432748538011696
W00006976,153,40,11,29,113,104,9,26.143790849673206,7.18954248366013,18.954248366013072,73.8562091503268,67.97385620915033,5.88235294117647
W00006977,180,50,11,39,130,114,16,27.77777777777778,6.111111111111111,21.666666666666668,72.22222222222221,63.33333333333333,8.88888888888889
W00006978,134,37,9,28,97,94,3,27.611940298507463,6.7164179104477615,20.8955223880597,72.38805970149254,70.1492537313433,2.2388059701492535
W00006979,75,24,4,20,51,46,5,32,5.333333333333334,26.666666666666668,68,61.33333333333333,6.666666666666667
W00006980,118,39,6,33,79,67,12,33.05084745762712,5.084745762711865,27.966101694915253,66.94915254237289,56.779661016949156,10.16949152542373
W00006981,124,41,9,32,83,67,16,33.064516129032256,7.258064516129033,25.806451612903224,66.93548387096774,54.03225806451613,12.903225806451612
W00006982,113,27,6,21,86,76,10,23.893805309734514,5.3097345132743365,18.58407079646018,76.10619469026548,67.2566371681416,8.849557522123893
W00006983,162,53,17,36,109,92,17,32.71604938271605,10.493827160493826,22.22222222222222,67.28395061728395,56.79012345679012,10.493827160493826
W00006984,149,45,12,33,104,93,11,30.201342281879196,8.053691275167784,22.14765100671141,69.79865771812081,62.41610738255034,7.38255033557047
W00006985,80,28,6,22,52,45,7,35,7.5,27.500000000000004,65,56.25,8.75
W00006986,108,21,8,13,87,73,14,19.444444444444446,7.4074074074074066,12.037037037037036,80.55555555555556,67.5925925925926,12.962962962962962
W00006987,125,40,9,31,85,74,11,32,7.199999999999999,24.8,68,59.199999999999996,8.799999999999999
W00006988,105,33,7,26,72,67,5,31.428571428571427,6.666666666666667,24.761904761904763,68.57142857142857,63.8095238095238,4.761904761904762
W00006989,91,35,8,27,56,53,3,38.46153846153847,8.791208791208792,29.67032967032967,61.53846153846154,58.24175824175825,3.296703296703297
W00006990,163,47,10,37,116,102,14,28.834355828220858,6.134969325153374,22.699386503067483,71.16564417177914,62.57668711656442,8.588957055214724
W00006991,161,32,4,28,129,117,12,19.875776397515526,2.484472049689441,17.391304347826086,80.12422360248446,72.67080745341616,7.453416149068323
W00006992,117,31,8,23,86,78,8,26.495726495726498,6.837606837606838,19.65811965811966,73.50427350427351,66.66666666666666,6.837606837606838
W00006993,231,60,23,37,171,149,22,25.97402597402597,9.956709956709958,16.017316017316016,74.02597402597402,64.5021645021645,9.523809523809524
W00006994,187,41,12,29,146,131,15,21.92513368983957,6.417112299465241,15.508021390374333,78.07486631016043,70.05347593582889,8.0213903743315509
W00006995,201,41,15,26,160,128,32,20.398009950248756,7.462686567164178,12.935323383084576,79.60199004975125,63.681592039801,15.92039800995025
W00006996,107,27,6,21,80,71,9,25.233644859813083,5.607476635514018,19.626168224299064,74.76635514018692,66.35514018691589,8.411214953271028
W00006997,118,35,7,28,83,68,15,29.66101694915254,5.932203389830509,23.728813559322035,70.33898305084746,57.6271186440678,12.711864406779661
W00006998,77,25,6,19,52,49,3,32.467532467532465,7.792207792207792,24.675324675324674,67.53246753246754,63.63636363636363,3.896103896103896
W00006999,102,24,4,20,78,72,6,23.52941176470588,3.9215686274509802,19.607843137254903,76.47058823529412,70.58823529411765,5.88235294117647
W00007000,79,24,8,16,55,44,11,30.37974683544304,10.126582278481013,20.253164556962027,69.62025316455697,55.69620253164557,13.924050632911392
W00007001,102,31,9,22,71,61,10,30.392156862745097,8.823529411764707,21.568627450980394,69.6078431372549,59.80392156862745,9.803921568627452
W00007002,140,50,16,34,90,81,9,35.714285714285715,11.428571428571429,24.285714285714285,64.28571428571429,57.85714285714286,6.428571428571428
W00007003,130,38,6,32,92,81,11,29.230769230769234,4.615384615384616,24.615384615384617,70.76923076923077,62.30769230769231,8.461538461538462
W00007004,133,37,5,32,96,89,7,27.819548872180448,3.7593984962406015,24.06015037593985,72.18045112781954,66.9172932330827,5.263157894736842
W00007005,146,38,10,28,108,91,17,26.027397260273972,6.8493150684931505,19.17808219178082,73.97260273972603,62.328767123287676,11.643835616438356
W00007006,107,30,6,24,77,67,10,28.037383177570092,5.607476635514018,22.429906542056074,71.96261682242991,62.616822429906534,9.345794392523365
W00007007,136,33,5,28,103,91,12,24.264705882352942,3.6764705882352944,20.588235294117645,75.73529411764706,66.91176470588235,8.823529411764707
W00007008,135,46,9,37,89,77,12,34.074074074074076,6.666666666666667,27.40740740740741,65.92592592592592,57.03703703703704,8.88888888888889
W00007009,126,24,6,18,102,95,7,19.047619047619047,4.761904761904762,14.285714285714285,80.95238095238095,75.39682539682539,5.555555555555555
W00007010,94,23,8,15,71,61,10,24.46808510638298,8.51063829787234,15.957446808510639,75.53191489361703,64.8936170212766,10.638297872340425
W00007011,113,31,14,17,82,69,13,27.43362831858407,12.389380530973451,15.04424778761062,72.56637168141593,61.06194690265486,11.504424778761061
W00007012,100,23,11,12,77,72,5,23,11,12,77,72,5
W00007013,143,48,11,37,95,88,7,33.56643356643357,7.6923076923076925,25.874125874125873,66.43356643356644,61.53846153846154,4.895104895104895
W00007014,58,25,9,16,33,32,1,43.103448275862064,15.517241379310345,27.586206896551722,56.896551724137936,55.172413793103445,1.7241379310344827
W00007015,148,39,10,29,109,97,12,26.351351351351347,6.756756756756757,19.594594594594593,73.64864864864865,65.54054054054053,8.108108108108109
W00007016,108,33,10,23,75,65,10,30.555555555555557,9.25925925925926,21.296296296296298,69.44444444444444,60.18518518518518,9.25925925925926
W00007017,77,29,9,20,48,41,7,37.66233766233766,11.688311688311687,25.97402597402597,62.33766233766234,53.246753246753244,9.090909090909092
W00007018,86,21,6,15,65,56,9,24.418604651162788,6.976744186046512,17.441860465116278,75.5813953488372,65.11627906976744,10.465116279069768
W00007019,101,41,8,33,60,48,12,40.5940594059406,7.920792079207921,32.67326732673268,59.4059405940594,47.524752475247524,11.881188118811881
W00007020,146,46,9,37,100,88,12,31.506849315068493,6.164383561643835,25.34246575342466,68.4931506849315,60.273972602739725,8.21917808219178
W00007021,165,51,13,38,114,106,8,30.909090909090907,7.878787878787878,23.03030303030303,69.0909090909091,64.24242424242425,4.848484848484849
W00007022,125,38,10,28,87,76,11,30.4,8,22.400000000000002,69.6,60.8,8.799999999999999
W00007023,150,37,12,25,113,100,13,24.666666666666668,8,16.666666666666664,75.33333333333333,66.66666666666666,8.666666666666668
W00007024,175,39,12,27,136,112,24,22.285714285714285,6.857142857142858,15.428571428571427,77.71428571428571,64,13.714285714285715
W00007025,128,28,6,22,100,81,19,21.875,4.6875,17.1875,78.125,63.28125,14.84375
W00007026,239,52,16,36,187,168,19,21.75732217573222,6.694560669456067,15.062761506276152,78.24267782426779,70.29288702928869,7.949790794979079
W00007027,140,52,7,45,88,75,13,37.142857142857146,5,32.142857142857146,62.857142857142854,53.57142857142857,9.285714285714286
W00007028,139,34,11,23,105,95,10,24.46043165467626,7.913669064748201,16.546762589928058,75.53956834532374,68.34532374100719,7.1942446043165464
W00007029,106,29,8,21,77,66,11,27.358490566037734,7.547169811320755,19.81132075471698,72.64150943396226,62.264150943396224,10.377358490566039
W00007030,131,48,14,34,83,73,10,36.6412213740458,10.687022900763358,25.954198473282442,63.358778625954194,55.72519083969466,7.633587786259542
W00007031,150,40,12,28,110,98,12,26.666666666666668,8,18.666666666666668,73.33333333333333,65.33333333333333,8
W00007032,119,44,11,33,75,67,8,36.97478991596639,9.243697478991598,27.73109243697479,63.02521008403361,56.30252100840336,6.722689075630252
W00007033,141,31,5,26,110,97,13,21.98581560283688,3.546099290780142,18.439716312056735,78.01418439716312,68.79432624113475,9.219858156028367
W00007034,96,27,13,14,69,63,6,28.125,13.541666666666666,14.583333333333334,71.875,65.625,6.25
W00007035,264,65,13,52,199,173,26,24.62121212121212,4.924242424242424,19.696969696969695,75.37878787878788,65.53030303030303,9.848484848484848
W00007036,117,25,5,20,92,77,15,21.367521367521366,4.273504273504273,17.094017094017094,78.63247863247864,65.8119658119658,12.82051282051282
W00007037,147,42,9,33,105,94,11,28.57142857142857,6.122448979591836,22.448979591836736,71.42857142857143,63.94557823129252,7.482993197278912
W00007038,144,31,11,20,113,105,8,21.52777777777778,7.638888888888889,13.88888888888889,78.47222222222221,72.91666666666666,5.555555555555555
W00007039,110,34,9,25,76,68,8,30.909090909090907,8.181818181818182,22.727272727272727,69.0909090909091,61.81818181818181,7.2727272727272725
W00007040,108,36,11,25,72,61,11,33.33333333333333,10.185185185185185,23.14814814814815,66.66666666666666,56.481481481481474,10.185185185185185
W00007041,64,29,7,22,35,29,6,45.3125,10.9375,34.375,54.6875,45.3125,9.375
W00007042,159,41,9,32,118,105,13,25.78616352201258,5.660377358490567,20.125786163522015,74.21383647798741,66.0377358490566,8.176100628930817
W00007043,109,28,7,21,81,73,8,25.688073394495415,6.422018348623854,19.26605504587156,74.31192660550458,66.97247706422019,7.339449541284404
W00007044,108,37,14,23,71,62,9,34.25925925925926,12.962962962962962,21.296296296296298,65.74074074074075,57.407407407407405,8.333333333333332
W00007045,146,45,6,39,101,96,5,30.82191780821918,4.10958904109589,26.71232876712329,69.17808219178082,65.75342465753424,3.4246575342465753
W00007046,156,37,10,27,119,106,13,23.717948717948715,6.41025641025641,17.307692307692307,76.28205128205127,67.94871794871796,8.333333333333332
W00007047,79,24,10,14,55,48,7,30.37974683544304,12.658227848101266,17.72151898734177,69.62025316455697,60.75949367088608,8.860759493670885
W00007048,136,29,11,18,107,96,11,21.323529411764707,8.088235294117647,13.23529411764706,78.67647058823529,70.58823529411765,8.088235294117647
W00007049,159,37,12,25,122,113,9,23.270440251572328,7.547169811320755,15.723270440251572,76.72955974842768,71.0691823899371,5.660377358490567
W00007050,71,28,6,22,43,43,0,39.436619718309856,8.450704225352112,30.985915492957744,60.56338028169014,60.56338028169014,0
W00007051,73,23,10,13,50,48,2,31.506849315068493,13.698630136986301,17.80821917808219,68.4931506849315,65.75342465753424,2.73972602739726
W00007052,73,22,7,15,51,48,3,30.136986301369863,9.58904109589041,20.54794520547945,69.86301369863014,65.75342465753424,4.10958904109589
W00007053,136,38,12,26,98,86,12,27.941176470588236,8.823529411764707,19.11764705882353,72.05882352941177,63.23529411764706,8.823529411764707
W00007054,94,33,6,27,61,58,3,35.1063829787234,6.382978723404255,28.723404255319153,64.8936170212766,61.702127659574465,3.1914893617021276
W00007055,156,33,9,24,123,112,11,21.153846153846153,5.769230769230769,15.384615384615385,78.84615384615384,71.7948717948718,7.051282051282051
W00007056,134,33,10,23,101,90,11,24.62686567164179,7.462686567164178,17.16417910447761,75.3731343283582,67.16417910447761,8.208955223880597
W00007057,166,32,8,24,134,121,13,19.27710843373494,4.819277108433735,14.457831325301203,80.72289156626506,72.89156626506023,7.83132530120482
W00007058,153,37,11,26,116,105,11,24.183006535947712,7.18954248366013,16.99346405228758,75.81699346405229,68.62745098039215,7.18954248366013
W00007059,84,28,7,21,56,50,6,33.33333333333333,8.333333333333332,25,66.66666666666666,59.523809523809526,7.142857142857142
W00007060,174,50,16,34,124,104,20,28.735632183908045,9.195402298850574,19.54022988505747,71.26436781609196,59.77011494252874,11.494252873563218
W00007061,136,37,16,21,99,85,14,27.205882352941174,11.76470588235294,15.441176470588236,72.79411764705883,62.5,10.294117647058822
W00007062,178,29,9,20,149,124,25,16.292134831460675,5.056179775280898,11.235955056179774,83.70786516853933,69.66292134831461,14.04494382022472
W00007063,130,41,16,25,89,81,8,31.538461538461537,12.307692307692308,19.230769230769234,68.46153846153847,62.30769230769231,6.153846153846154
W00007064,138,27,7,20,111,101,10,19.565217391304348,5.072463768115942,14.492753623188406,80.43478260869566,73.18840579710145,7.246376811594203
W00007065,119,35,3,32,84,77,7,29.411764705882355,2.5210084033613445,26.89075630252101,70.58823529411765,64.70588235294117,5.88235294117647
W00007066,127,37,16,21,90,81,9,29.133858267716533,12.598425196850393,16.535433070866144,70.86614173228347,63.77952755905512,7.086614173228346
W00007067,279,62,11,51,217,190,27,22.22222222222222,3.942652329749104,18.27956989247312,77.77777777777779,68.10035842293907,9.67741935483871
W00007068,143,44,22,22,99,89,10,30.76923076923077,15.384615384615385,15.384615384615385,69.23076923076923,62.23776223776224,6.993006993006993
W00007069,134,36,10,26,98,81,17,26.865671641791046,7.462686567164178,19.402985074626866,73.13432835820896,60.447761194029844,12.686567164179104
W00007070,123,34,12,22,89,77,12,27.64227642276423,9.75609756097561,17.88617886178862,72.35772357723577,62.601626016260155,9.75609756097561
W00007071,70,19,3,16,51,47,4,27.142857142857142,4.285714285714286,22.857142857142858,72.85714285714285,67.14285714285714,5.714285714285714
W00007072,108,30,15,15,78,68,10,27.77777777777778,13.88888888888889,13.88888888888889,72.22222222222221,62.96296296296296,9.25925925925926
W00007073,156,44,19,25,112,84,28,28.205128205128204,12.179487179487179,16.025641025641026,71.7948717948718,53.84615384615385,17.94871794871795
W00007074,106,30,8,22,76,66,10,28.30188679245283,7.547169811320755,20.754716981132077,71.69811320754717,62.264150943396224,9.433962264150944
W00007075,144,35,7,28,109,96,13,24.305555555555554,4.861111111111112,19.444444444444446,75.69444444444444,66.66666666666666,9.027777777777777
W00007076,133,43,7,36,90,84,6,32.33082706766917,5.263157894736842,27.06766917293233,67.66917293233082,63.1578947368421,4.511278195488721
W00007077,128,38,10,28,90,79,11,29.6875,7.8125,21.875,70.3125,61.71875,8.59375
W00007078,116,31,8,23,85,73,12,26.72413793103448,6.896551724137931,19.82758620689655,73.27586206896551,62.93103448275862,10.344827586206897
W00007079,150,45,9,36,105,97,8,30,6,24,70,64.66666666666666,5.333333333333334
W00007080,152,45,11,34,107,99,8,29.605263157894733,7.236842105263158,22.36842105263158,70.39473684210526,65.13157894736842,5.263157894736842
W00007081,92,20,6,14,72,71,1,21.73913043478261,6.521739130434782,15.217391304347828,78.26086956521739,77.17391304347827,1.0869565217391304
W00007082,112,28,6,22,84,76,8,25,5.357142857142857,19.642857142857142,75,67.85714285714286,7.142857142857142
W00007083,151,39,8,31,112,105,7,25.82781456953642,5.298013245033113,20.52980132450331,74.17218543046357,69.5364238410596,4.635761589403973
W00007084,112,35,10,25,77,72,5,31.25,8.928571428571429,22.321428571428573,68.75,64.28571428571429,4.464285714285714
W00007085,119,39,12,27,80,69,11,32.773109243697476,10.084033613445378,22.689075630252102,67.22689075630252,57.98319327731093,9.243697478991598
W00007086,100,28,4,24,72,65,7,28.000000000000004,4,24,72,65,7.000000000000001
W00007087,103,33,15,18,70,65,5,32.038834951456316,14.563106796116504,17.475728155339805,67.96116504854369,63.10679611650486,4.854368932038835
W00007088,126,39,9,30,87,81,6,30.952380952380953,7.142857142857142,23.809523809523807,69.04761904761905,64.28571428571429,4.761904761904762
W00007089,132,29,6,23,103,90,13,21.96969696969697,4.545454545454546,17.424242424242426,78.03030303030303,68.18181818181817,9.848484848484848
W00007090,110,26,5,21,84,73,11,23.636363636363637,4.545454545454546,19.090909090909093,76.36363636363637,66.36363636363637,10
W00007091,79,23,8,15,56,52,4,29.11392405063291,10.126582278481013,18.9873417721519,70.88607594936708,65.82278481012658,5.063291139240507
W00007092,51,7,1,6,44,39,5,13.725490196078432,1.9607843137254901,11.76470588235294,86.27450980392157,76.47058823529412,9.803921568627452
W00007093,150,59,17,42,91,82,9,39.33333333333333,11.333333333333332,28.000000000000004,60.66666666666667,54.666666666666664,6
W00007094,154,41,10,31,113,100,13,26.623376623376622,6.493506493506493,20.12987012987013,73.37662337662337,64.93506493506493,8.441558441558442
W00007095,157,38,12,26,119,103,16,24.203821656050955,7.643312101910828,16.560509554140125,75.79617834394905,65.60509554140127,10.191082802547772
W00007096,100,31,5,26,69,60,9,31,5,26,69,60,9
W00007097,138,41,14,27,97,86,11,29.71014492753623,10.144927536231885,19.565217391304348,70.28985507246377,62.31884057971014,7.971014492753622
W00007098,151,36,9,27,115,100,15,23.841059602649008,5.960264900662252,17.880794701986755,76.15894039735099,66.22516556291392,9.933774834437086
W00007099,25,8,2,6,17,13,4,32,8,24,68,52,16
W00007100,149,39,10,29,110,99,11,26.174496644295303,6.7114093959731544,19.463087248322147,73.8255033557047,66.44295302013423,7.38255033557047
W00007101,197,49,14,35,148,130,18,24.873096446700508,7.1065989847715745,17.766497461928935,75.1269035532995,65.98984771573603,9.137055837563452
W00007102,159,39,11,28,120,106,14,24.528301886792452,6.918238993710692,17.61006289308176,75.47169811320755,66.66666666666666,8.80503144654088
W00007103,89,21,6,15,68,57,11,23.595505617977526,6.741573033707865,16.853932584269664,76.40449438202246,64.04494382022472,12.359550561797752
W00007104,129,24,4,20,105,97,8,18.6046511627907,3.10077519379845,15.503875968992247,81.3953488372093,75.1937984496124,6.2015503875969
W00007105,108,31,5,26,77,71,6,28.703703703703702,4.62962962962963,24.074074074074073,71.29629629629629,65.74074074074075,5.555555555555555
W00007106,140,28,6,22,112,102,10,20,4.285714285714286,15.714285714285714,80,72.85714285714285,7.142857142857142
W00007108,104,29,4,25,75,70,5,27.884615384615387,3.8461538461538463,24.03846153846154,72.11538461538461,67.3076923076923,4.807692307692308
W00007109,195,48,7,41,147,119,28,24.615384615384617,3.5897435897435894,21.025641025641026,75.38461538461539,61.02564102564103,14.358974358974358
W00007110,118,33,9,24,85,77,8,27.966101694915253,7.627118644067797,20.33898305084746,72.03389830508475,65.2542372881356,6.779661016949152
W00007111,141,34,10,24,107,95,12,24.113475177304963,7.092198581560284,17.02127659574468,75.88652482269504,67.37588652482269,8.51063829787234
W00007112,192,39,9,30,153,132,21,20.3125,4.6875,15.625,79.6875,68.75,10.9375
W00007113,143,33,10,23,110,92,18,23.076923076923077,6.993006993006993,16.083916083916083,76.92307692307693,64.33566433566433,12.587412587412588
W00007114,151,36,7,29,115,106,9,23.841059602649008,4.635761589403973,19.205298013245034,76.15894039735099,70.19867549668875,5.960264900662252
W00007115,152,41,11,30,111,100,11,26.973684210526315,7.236842105263158,19.736842105263158,73.02631578947368,65.78947368421053,7.236842105263158
W00007116,123,31,7,24,92,81,11,25.203252032520325,5.691056910569105,19.51219512195122,74.79674796747967,65.85365853658537,8.94308943089431
W00007117,135,35,7,28,100,85,15,25.925925925925924,5.185185185185185,20.74074074074074,74.07407407407408,62.96296296296296,11.11111111111111
W00007118,107,20,6,14,87,75,12,18.69158878504673,5.607476635514018,13.084112149532709,81.30841121495327,70.09345794392523,11.214953271028037
W00007119,71,28,12,16,43,35,8,39.436619718309856,16.901408450704224,22.535211267605636,60.56338028169014,49.29577464788733,11.267605633802818
W00007120,111,37,13,24,74,71,3,33.33333333333333,11.711711711711711,21.62162162162162,66.66666666666666,63.96396396396396,2.7027027027027026
W00007121,84,24,4,20,60,56,4,28.57142857142857,4.761904761904762,23.809523809523807,71.42857142857143,66.66666666666666,4.761904761904762
W00007122,114,32,6,26,82,72,10,28.07017543859649,5.263157894736842,22.807017543859647,71.9298245614035,63.1578947368421,8.771929824561402
W00007123,114,37,6,31,77,65,12,32.45614035087719,5.263157894736842,27.192982456140353,67.54385964912281,57.01754385964912,10.526315789473683
W00007124,84,29,8,21,55,51,4,34.523809523809526,9.523809523809524,25,65.47619047619048,60.71428571428571,4.761904761904762
W00007125,106,37,12,25,69,61,8,34.90566037735849,11.320754716981133,23.58490566037736,65.09433962264151,57.54716981132076,7.547169811320755
W00007126,136,47,10,37,89,74,15,34.55882352941176,7.352941176470589,27.205882352941174,65.44117647058823,54.41176470588235,11.029411764705882
W00007127,116,36,11,25,80,67,13,31.03448275862069,9.482758620689655,21.551724137931032,68.96551724137932,57.758620689655174,11.206896551724139
W00007128,161,37,10,27,124,110,14,22.981366459627328,6.211180124223603,16.77018633540373,77.01863354037268,68.32298136645963,8.695652173913043
W00007129,162,39,8,31,123,106,17,24.074074074074073,4.938271604938271,19.1358024691358,75.92592592592592,65.4320987654321,10.493827160493826
W00007130,159,39,12,27,120,109,11,24.528301886792452,7.547169811320755,16.9811320754717,75.47169811320755,68.55345911949685,6.918238993710692
W00007131,99,24,9,15,75,63,12,24.242424242424242,9.090909090909092,15.151515151515152,75.75757575757575,63.63636363636363,12.121212121212121
W00007132,126,36,17,19,90,76,14,28.57142857142857,13.492063492063492,15.079365079365079,71.42857142857143,60.317460317460316,11.11111111111111
W00007133,128,29,6,23,99,85,14,22.65625,4.6875,17.96875,77.34375,66.40625,10.9375
W00007134,118,38,11,27,80,75,5,32.20338983050847,9.322033898305085,22.88135593220339,67.79661016949152,63.559322033898304,4.23728813559322
W00007135,134,32,10,22,102,93,9,23.88059701492537,7.462686567164178,16.417910447761194,76.11940298507463,69.40298507462687,6.7164179104477615
W00007136,93,23,5,18,70,64,6,24.731182795698924,5.376344086021505,19.35483870967742,75.26881720430107,68.81720430107528,6.451612903225806
W00007137,128,40,9,31,88,77,11,31.25,7.03125,24.21875,68.75,60.15625,8.59375
W00007138,166,41,10,31,125,113,12,24.69879518072289,6.024096385542169,18.67469879518072,75.30120481927712,68.07228915662651,7.228915662650602
W00007139,129,39,12,27,90,77,13,30.23255813953488,9.30232558139535,20.930232558139537,69.76744186046511,59.68992248062015,10.077519379844961
W00007140,139,44,12,32,95,79,16,31.654676258992804,8.633093525179856,23.021582733812952,68.34532374100719,56.83453237410072,11.510791366906476
W00007141,144,35,10,25,109,97,12,24.305555555555554,6.944444444444445,17.36111111111111,75.69444444444444,67.36111111111111,8.333333333333332
W00007142,101,27,8,19,74,64,10,26.732673267326735,7.920792079207921,18.81188118811881,73.26732673267327,63.366336633663366,9.900990099009901
W00007143,180,42,11,31,138,124,14,23.333333333333332,6.111111111111111,17.22222222222222,76.66666666666667,68.88888888888889,7.777777777777778
W00007144,108,25,8,17,83,72,11,23.14814814814815,7.4074074074074066,15.74074074074074,76.85185185185185,66.66666666666666,10.185185185185185
W00007145,176,49,7,42,127,111,16,27.84090909090909,3.977272727272727,23.863636363636363,72.1590909090909,63.06818181818182,9.090909090909092
W00007147,249,54,12,42,195,166,29,21.686746987951807,4.819277108433735,16.867469879518072,78.3132530120482,66.66666666666666,11.646586345381527
W00007148,135,40,12,28,95,82,13,29.629629629629626,8.88888888888889,20.74074074074074,70.37037037037037,60.74074074074074,9.62962962962963
W00007149,118,36,9,27,82,73,9,30.508474576271187,7.627118644067797,22.88135593220339,69.49152542372882,61.86440677966102,7.627118644067797
W00007150,119,34,9,25,85,76,9,28.57142857142857,7.563025210084033,21.008403361344538,71.42857142857143,63.86554621848739,7.563025210084033
W00007151,190,48,10,38,142,134,8,25.263157894736842,5.263157894736842,20,74.73684210526315,70.52631578947368,4.2105263157894735
W00007152,233,47,11,36,186,170,16,20.171673819742487,4.721030042918455,15.450643776824036,79.82832618025752,72.96137339055794,6.866952789699571
W00007153,123,28,6,22,95,90,5,22.76422764227642,4.878048780487805,17.88617886178862,77.23577235772358,73.17073170731707,4.0650406504065035
W00007154,100,25,5,20,75,61,14,25,5,20,75,61,14.000000000000002
W00007155,144,43,10,33,101,93,8,29.86111111111111,6.944444444444445,22.916666666666664,70.13888888888889,64.58333333333334,5.555555555555555
W00007156,76,27,4,23,49,45,4,35.526315789473685,5.263157894736842,30.263157894736842,64.47368421052632,59.210526315789465,5.263157894736842
W00007157,199,61,15,46,138,124,14,30.65326633165829,7.537688442211055,23.115577889447238,69.34673366834171,62.311557788944725,7.035175879396985
W00007158,144,47,14,33,97,78,19,32.63888888888889,9.722222222222223,22.916666666666664,67.36111111111111,54.166666666666664,13.194444444444445
W00007159,159,50,18,32,109,98,11,31.446540880503143,11.320754716981133,20.125786163522015,68.55345911949685,61.63522012578616,6.918238993710692
W00007160,142,34,5,29,108,96,12,23.943661971830984,3.5211267605633805,20.422535211267608,76.05633802816901,67.6056338028169,8.450704225352112
W00007161,150,42,11,31,108,94,14,28.000000000000004,7.333333333333333,20.666666666666668,72,62.66666666666667,9.333333333333334
W00007162,120,28,10,18,92,82,10,23.333333333333332,8.333333333333332,15,76.66666666666667,68.33333333333333,8.333333333333332
W00007163,85,25,5,20,60,52,8,29.411764705882355,5.88235294117647,23.52941176470588,70.58823529411765,61.1764705882353,9.411764705882353
W00007164,157,43,4,39,114,104,10,27.388535031847134,2.547770700636943,24.840764331210192,72.61146496815286,66.2420382165605,6.369426751592357
W00007165,155,33,9,24,122,109,13,21.29032258064516,5.806451612903226,15.483870967741936,78.70967741935485,70.3225806451613,8.38709677419355
W00007166,158,44,9,35,114,105,9,27.848101265822784,5.69620253164557,22.151898734177212,72.15189873417721,66.45569620253164,5.69620253164557
W00007167,62,17,5,12,45,41,4,27.419354838709676,8.064516129032258,19.35483870967742,72.58064516129032,66.12903225806451,6.451612903225806
W00007168,175,44,11,33,131,120,11,25.142857142857146,6.2857142857142865,18.857142857142858,74.85714285714286,68.57142857142857,6.2857142857142865
W00007169,148,35,9,26,113,92,21,23.64864864864865,6.081081081081082,17.56756756756757,76.35135135135135,62.16216216216216,14.18918918918919
W00007171,101,27,10,17,74,66,8,26.732673267326735,9.900990099009901,16.831683168316832,73.26732673267327,65.34653465346535,7.920792079207921
W00007172,162,45,10,35,117,108,9,27.77777777777778,6.172839506172839,21.604938271604937,72.22222222222221,66.66666666666666,5.555555555555555
W00007173,80,29,8,21,51,46,5,36.25,10,26.25,63.74999999999999,57.49999999999999,6.25
W00007174,147,43,8,35,104,95,9,29.25170068027211,5.442176870748299,23.809523809523807,70.74829931972789,64.62585034013605,6.122448979591836
W00007175,99,23,14,9,76,60,16,23.232323232323232,14.14141414141414,9.090909090909092,76.76767676767676,60.60606060606061,16.161616161616163
W00007176,89,24,7,17,65,59,6,26.96629213483146,7.865168539325842,19.101123595505616,73.03370786516854,66.29213483146067,6.741573033707865
W00007177,132,35,0,35,97,89,8,26.515151515151516,0,26.515151515151516,73.48484848484848,67.42424242424242,6.0606060606060606
W00007178,92,35,13,22,57,52,5,38.04347826086957,14.130434782608695,23.91304347826087,61.95652173913043,56.52173913043478,5.434782608695652
W00007179,130,31,7,24,99,93,6,23.846153846153847,5.384615384615385,18.461538461538463,76.15384615384615,71.53846153846153,4.615384615384616
W00007181,133,28,5,23,105,98,7,21.052631578947366,3.7593984962406015,17.293233082706767,78.94736842105263,73.68421052631578,5.263157894736842
W00007182,132,31,12,19,101,90,11,23.484848484848484,9.090909090909092,14.393939393939394,76.51515151515152,68.18181818181817,8.333333333333332
W00007183,134,44,18,26,90,77,13,32.83582089552239,13.432835820895523,19.402985074626866,67.16417910447761,57.46268656716418,9.701492537313433
W00007184,85,22,10,12,63,58,5,25.882352941176475,11.76470588235294,14.117647058823529,74.11764705882354,68.23529411764706,5.88235294117647
W00007185,131,44,13,31,87,75,12,33.587786259541986,9.923664122137405,23.66412213740458,66.41221374045801,57.25190839694656,9.16030534351145
W00007186,138,35,12,23,103,90,13,25.36231884057971,8.695652173913043,16.666666666666664,74.63768115942028,65.21739130434783,9.420289855072465
W00007187,261,85,29,56,176,163,13,32.56704980842912,11.11111111111111,21.455938697318008,67.43295019157088,62.45210727969349,4.980842911877394
W00007188,118,38,8,30,80,73,7,32.20338983050847,6.779661016949152,25.423728813559322,67.79661016949152,61.86440677966102,5.932203389830509
W00007190,153,49,9,40,104,94,10,32.02614379084967,5.88235294117647,26.143790849673206,67.97385620915033,61.43790849673203,6.535947712418301
W00007191,129,38,11,27,91,84,7,29.457364341085274,8.527131782945736,20.930232558139537,70.54263565891473,65.11627906976744,5.426356589147287
W00007192,240,64,19,45,176,154,22,26.666666666666668,7.916666666666666,18.75,73.33333333333333,64.16666666666667,9.166666666666666
W00007193,150,50,15,35,100,91,9,33.33333333333333,10,23.333333333333332,66.66666666666666,60.66666666666667,6
W00007194,101,30,7,23,71,66,5,29.7029702970297,6.9306930693069315,22.772277227722775,70.29702970297029,65.34653465346535,4.9504950495049505
W00007195,176,42,9,33,134,122,12,23.863636363636363,5.113636363636364,18.75,76.13636363636364,69.31818181818183,6.8181818181818175
W00007196,117,33,14,19,84,73,11,28.205128205128204,11.965811965811966,16.23931623931624,71.7948717948718,62.39316239316239,9.401709401709402
W00007197,100,32,8,24,68,61,7,32,8,24,68,61,7.000000000000001
W00007198,108,31,8,23,77,67,10,28.703703703703702,7.4074074074074066,21.296296296296298,71.29629629629629,62.03703703703704,9.25925925925926
W00007199,140,40,13,27,100,81,19,28.57142857142857,9.285714285714286,19.28571428571429,71.42857142857143,57.85714285714286,13.571428571428571
W00007200,76,20,6,14,56,50,6,26.31578947368421,7.894736842105263,18.421052631578945,73.68421052631578,65.78947368421053,7.894736842105263
W00007201,72,21,7,14,51,47,4,29.166666666666668,9.722222222222223,19.444444444444446,70.83333333333334,65.27777777777779,5.555555555555555
W00007202,106,32,6,26,74,70,4,30.18867924528302,5.660377358490567,24.528301886792452,69.81132075471697,66.0377358490566,3.7735849056603774
W00007203,120,35,10,25,85,77,8,29.166666666666668,8.333333333333332,20.833333333333336,70.83333333333334,64.16666666666667,6.666666666666667
W00007204,85,24,7,17,61,51,10,28.235294117647058,8.235294117647058,20,71.76470588235294,60,11.76470588235294
W00007205,86,28,1,27,58,54,4,32.55813953488372,1.1627906976744187,31.3953488372093,67.44186046511628,62.7906976744186,4.651162790697675
W00007206,125,36,13,23,89,83,6,28.799999999999997,10.4,18.4,71.2,66.4,4.8
W00007207,83,28,9,19,55,51,4,33.734939759036145,10.843373493975903,22.89156626506024,66.26506024096386,61.44578313253012,4.819277108433735
W00007208,113,33,11,22,80,71,9,29.20353982300885,9.734513274336283,19.469026548672566,70.79646017699115,62.83185840707964,7.964601769911504
W00007209,109,29,9,20,80,70,10,26.605504587155966,8.256880733944955,18.34862385321101,73.39449541284404,64.22018348623854,9.174311926605505
W00007210,132,32,5,27,100,90,10,24.242424242424242,3.787878787878788,20.454545454545457,75.75757575757575,68.18181818181817,7.575757575757576
W00007211,166,42,7,35,124,109,15,25.301204819277107,4.216867469879518,21.084337349397593,74.69879518072288,65.66265060240963,9.036144578313253
W00007212,51,14,4,10,37,34,3,27.450980392156865,7.8431372549019605,19.607843137254903,72.54901960784314,66.66666666666666,5.88235294117647
W00007213,200,44,16,28,156,142,14,22,8,14.000000000000002,78,71,7.000000000000001
W00007214,156,42,13,29,114,98,16,26.923076923076923,8.333333333333332,18.58974358974359,73.07692307692307,62.82051282051282,10.256410256410255
W00007215,107,24,6,18,83,76,7,22.429906542056074,5.607476635514018,16.822429906542055,77.57009345794393,71.02803738317756,6.5420560747663545
W00007216,132,35,11,24,97,77,20,26.515151515151516,8.333333333333332,18.181818181818183,73.48484848484848,58.333333333333336,15.151515151515152
W00007217,67,15,5,10,52,38,14,22.388059701492537,7.462686567164178,14.925373134328357,77.61194029850746,56.71641791044776,20.8955223880597
W00007218,96,19,6,13,77,69,8,19.791666666666664,6.25,13.541666666666666,80.20833333333334,71.875,8.333333333333332
W00007219,121,25,4,21,96,83,13,20.66115702479339,3.3057851239669422,17.355371900826448,79.33884297520662,68.59504132231406,10.743801652892563
W00007220,113,33,13,20,80,63,17,29.20353982300885,11.504424778761061,17.699115044247787,70.79646017699115,55.75221238938053,15.04424778761062
W00007221,91,22,3,19,69,62,7,24.175824175824175,3.296703296703297,20.87912087912088,75.82417582417582,68.13186813186813,7.6923076923076925
W00007222,96,33,8,25,63,57,6,34.375,8.333333333333332,26.041666666666668,65.625,59.375,6.25
W00007223,68,29,8,21,39,39,0,42.64705882352941,11.76470588235294,30.88235294117647,57.35294117647059,57.35294117647059,0
W00007224,159,40,12,28,119,96,23,25.157232704402517,7.547169811320755,17.61006289308176,74.84276729559748,60.37735849056604,14.465408805031446
W00007225,147,33,5,28,114,98,16,22.448979591836736,3.4013605442176873,19.047619047619047,77.55102040816327,66.66666666666666,10.884353741496598
W00007226,122,28,11,17,94,81,13,22.950819672131146,9.01639344262295,13.934426229508196,77.04918032786885,66.39344262295081,10.655737704918032
W00007227,87,33,7,26,54,51,3,37.93103448275862,8.045977011494253,29.88505747126437,62.06896551724138,58.620689655172406,3.4482758620689653
W00007228,133,34,7,27,99,85,14,25.563909774436087,5.263157894736842,20.30075187969925,74.43609022556392,63.90977443609023,10.526315789473683
W00007229,101,18,3,15,83,68,15,17.82178217821782,2.9702970297029703,14.85148514851485,82.17821782178217,67.32673267326733,14.85148514851485
W00007230,109,28,10,18,81,71,10,25.688073394495415,9.174311926605505,16.51376146788991,74.31192660550458,65.13761467889908,9.174311926605505
W00007231,266,67,20,47,199,165,34,25.18796992481203,7.518796992481203,17.669172932330827,74.81203007518798,62.03007518796993,12.781954887218044
W00007232,130,34,9,25,96,88,8,26.153846153846157,6.923076923076923,19.230769230769234,73.84615384615385,67.6923076923077,6.153846153846154
W00007233,100,36,10,26,64,57,7,36,10,26,64,56.99999999999999,7.000000000000001
W00007234,118,32,7,25,86,74,12,27.11864406779661,5.932203389830509,21.1864406779661,72.88135593220339,62.71186440677966,10.16949152542373
W00007235,123,35,12,23,88,80,8,28.455284552845526,9.75609756097561,18.69918699186992,71.54471544715447,65.04065040650406,6.504065040650407
W00007236,138,34,11,23,104,95,9,24.637681159420293,7.971014492753622,16.666666666666664,75.36231884057972,68.84057971014492,6.521739130434782
W00007237,103,24,4,20,79,78,1,23.300970873786408,3.8834951456310676,19.41747572815534,76.69902912621359,75.72815533980582,0.9708737864077669
W00007238,106,33,7,26,73,63,10,31.132075471698112,6.60377358490566,24.528301886792452,68.86792452830188,59.43396226415094,9.433962264150944
W00007239,84,28,12,16,56,46,10,33.33333333333333,14.285714285714285,19.047619047619047,66.66666666666666,54.761904761904766,11.904761904761903
W00007240,153,37,4,33,116,104,12,24.183006535947712,2.6143790849673203,21.568627450980394,75.81699346405229,67.97385620915033,7.8431372549019605
W00007241,150,40,9,31,110,103,7,26.666666666666668,6,20.666666666666668,73.33333333333333,68.66666666666667,4.666666666666667
W00007242,160,45,16,29,115,99,16,28.125,10,18.125,71.875,61.875,10
W00007243,120,39,12,27,81,73,8,32.5,10,22.5,67.5,60.83333333333333,6.666666666666667
W00007244,152,42,14,28,110,94,16,27.631578947368425,9.210526315789473,18.421052631578945,72.36842105263158,61.8421052631579,10.526315789473683
W00007245,115,37,11,26,78,71,7,32.17391304347826,9.565217391304348,22.608695652173914,67.82608695652173,61.73913043478261,6.086956521739131
W00007246,107,34,9,25,73,65,8,31.775700934579437,8.411214953271028,23.364485981308412,68.22429906542055,60.747663551401864,7.476635514018691
W00007247,168,44,13,31,124,106,18,26.190476190476193,7.738095238095238,18.452380952380953,73.80952380952381,63.095238095238095,10.714285714285714
W00007248,131,39,13,26,92,82,10,29.770992366412212,9.923664122137405,19.84732824427481,70.22900763358778,62.59541984732825,7.633587786259542
W00007249,162,36,9,27,126,112,14,22.22222222222222,5.555555555555555,16.666666666666664,77.77777777777779,69.1358024691358,8.641975308641975
W00007250,117,33,8,25,84,70,14,28.205128205128204,6.837606837606838,21.367521367521366,71.7948717948718,59.82905982905983,11.965811965811966
W00007251,153,40,8,32,113,95,18,26.143790849673206,5.228758169934641,20.915032679738562,73.8562091503268,62.091503267973856,11.76470588235294
W00007252,131,32,9,23,99,87,12,24.427480916030532,6.870229007633588,17.557251908396946,75.57251908396947,66.41221374045801,9.16030534351145
W00007253,60,18,4,14,42,38,4,30,6.666666666666667,23.333333333333332,70,63.33333333333333,6.666666666666667
W00007254,115,23,6,17,92,81,11,20,5.217391304347826,14.782608695652174,80,70.43478260869566,9.565217391304348
W00007256,121,36,6,30,85,75,10,29.75206611570248,4.958677685950414,24.793388429752067,70.24793388429752,61.98347107438017,8.264462809917356
W00007257,17,3,1,2,14,12,2,17.647058823529413,5.88235294117647,11.76470588235294,82.35294117647058,70.58823529411765,11.76470588235294
W00007258,116,28,7,21,88,79,9,24.137931034482758,6.0344827586206895,18.103448275862068,75.86206896551724,68.10344827586206,7.758620689655173
W00007259,168,48,9,39,120,101,19,28.57142857142857,5.357142857142857,23.214285714285715,71.42857142857143,60.11904761904761,11.30952380952381
W00007261,109,19,4,15,90,84,6,17.431192660550458,3.669724770642202,13.761467889908257,82.56880733944955,77.06422018348624,5.5045871559633035
W00007262,115,35,7,28,80,72,8,30.434782608695656,6.086956521739131,24.347826086956523,69.56521739130434,62.60869565217392,6.956521739130435
W00007263,70,20,3,17,50,44,6,28.57142857142857,4.285714285714286,24.285714285714285,71.42857142857143,62.857142857142854,8.571428571428571
W00007264,142,44,8,36,98,88,10,30.985915492957744,5.633802816901409,25.352112676056336,69.01408450704226,61.97183098591549,7.042253521126761
W00007265,68,17,5,12,51,42,9,25,7.352941176470589,17.647058823529413,75,61.76470588235294,13.23529411764706
W00007266,145,34,4,30,111,93,18,23.448275862068964,2.7586206896551726,20.689655172413794,76.55172413793103,64.13793103448275,12.413793103448276
W00007267,114,32,5,27,82,71,11,28.07017543859649,4.385964912280701,23.684210526315788,71.9298245614035,62.28070175438597,9.649122807017543
W00007268,125,44,8,36,81,68,13,35.199999999999996,6.4,28.799999999999997,64.8,54.400000000000006,10.4
W00007269,185,43,6,37,142,119,23,23.243243243243246,3.2432432432432434,20,76.75675675675676,64.32432432432432,12.432432432432433
W00007270,158,45,13,32,113,103,10,28.48101265822785,8.227848101265822,20.253164556962027,71.51898734177216,65.18987341772153,6.329113924050633
W00007271,154,41,9,32,113,106,7,26.623376623376622,5.844155844155844,20.77922077922078,73.37662337662337,68.83116883116884,4.545454545454546
W00007272,185,36,9,27,149,130,19,19.45945945945946,4.864864864864865,14.594594594594595,80.54054054054053,70.27027027027027,10.27027027027027
W00007273,116,36,5,31,80,69,11,31.03448275862069,4.310344827586207,26.72413793103448,68.96551724137932,59.48275862068966,9.482758620689655
W00007274,118,37,11,26,81,74,7,31.35593220338983,9.322033898305085,22.033898305084744,68.64406779661016,62.71186440677966,5.932203389830509
W00007275,148,37,7,30,111,97,14,25,4.72972972972973,20.27027027027027,75,65.54054054054053,9.45945945945946
W00007276,117,26,4,22,91,82,9,22.22222222222222,3.418803418803419,18.803418803418804,77.77777777777779,70.08547008547008,7.6923076923076925
W00007277,223,49,17,32,174,153,21,21.973094170403588,7.623318385650224,14.349775784753364,78.02690582959642,68.60986547085201,9.417040358744394
W00007278,115,31,13,18,84,73,11,26.956521739130434,11.304347826086957,15.65217391304348,73.04347826086956,63.47826086956522,9.565217391304348
W00007279,169,40,9,31,129,124,5,23.668639053254438,5.325443786982249,18.34319526627219,76.33136094674556,73.37278106508876,2.9585798816568047
W00007280,219,49,16,33,170,142,28,22.37442922374429,7.30593607305936,15.068493150684931,77.6255707762557,64.84018264840182,12.785388127853881
W00007281,226,46,14,32,180,163,17,20.353982300884958,6.1946902654867255,14.15929203539823,79.64601769911505,72.12389380530973,7.52212389380531
W00007282,149,39,8,31,110,94,16,26.174496644295303,5.369127516778524,20.80536912751678,73.8255033557047,63.08724832214765,10.738255033557047
W00007284,142,39,10,29,103,95,8,27.464788732394368,7.042253521126761,20.422535211267608,72.53521126760563,66.90140845070422,5.633802816901409
W00007285,120,21,4,17,99,89,10,17.5,3.3333333333333335,14.166666666666666,82.5,74.16666666666667,8.333333333333332
W00007286,163,42,11,31,121,103,18,25.766871165644172,6.748466257668712,19.018404907975462,74.23312883435584,63.190184049079754,11.042944785276074
W00007287,130,27,9,18,103,90,13,20.76923076923077,6.923076923076923,13.846153846153847,79.23076923076923,69.23076923076923,10
W00007288,166,51,17,34,115,104,11,30.72289156626506,10.240963855421686,20.481927710843372,69.27710843373494,62.65060240963856,6.626506024096386
W00007289,132,39,13,26,93,81,12,29.545454545454547,9.848484848484848,19.696969696969695,70.45454545454545,61.36363636363637,9.090909090909092
W00007290,318,54,16,38,264,236,28,16.9811320754717,5.031446540880504,11.949685534591195,83.01886792452831,74.21383647798741,8.80503144654088
W00007291,181,38,6,32,143,125,18,20.994475138121548,3.314917127071823,17.67955801104972,79.00552486187846,69.06077348066299,9.94475138121547
W00007292,122,40,13,27,82,69,13,32.78688524590164,10.655737704918032,22.131147540983605,67.21311475409836,56.557377049180324,10.655737704918032
W00007293,201,59,14,45,142,125,17,29.35323383084577,6.965174129353234,22.388059701492537,70.64676616915423,62.189054726368155,8.45771144278607
W00007294,126,37,7,30,89,82,7,29.365079365079367,5.555555555555555,23.809523809523807,70.63492063492063,65.07936507936508,5.555555555555555
W00007295,211,47,8,39,164,146,18,22.274881516587676,3.7914691943127963,18.48341232227488,77.72511848341233,69.19431279620854,8.530805687203792
W00007296,117,28,9,19,89,80,9,23.931623931623932,7.6923076923076925,16.23931623931624,76.06837606837607,68.37606837606837,7.6923076923076925
W00007297,135,37,15,22,98,90,8,27.40740740740741,11.11111111111111,16.296296296296298,72.5925925925926,66.66666666666666,5.9259259259259265
W00007298,123,44,12,32,79,69,10,35.77235772357724,9.75609756097561,26.01626016260163,64.22764227642277,56.09756097560976,8.130081300813007
W00007299,137,36,11,25,101,90,11,26.277372262773724,8.02919708029197,18.248175182481752,73.72262773722628,65.69343065693431,8.02919708029197
W00007300,144,37,8,29,107,101,6,25.694444444444443,5.555555555555555,20.13888888888889,74.30555555555556,70.13888888888889,4.166666666666666
W00007301,109,33,9,24,76,67,9,30.275229357798167,8.256880733944955,22.018348623853214,69.72477064220183,61.46788990825688,8.256880733944955
W00007302,71,26,9,17,45,44,1,36.61971830985916,12.676056338028168,23.943661971830984,63.38028169014085,61.97183098591549,1.4084507042253522
W00007303,157,42,9,33,115,99,16,26.751592356687897,5.7324840764331215,21.019108280254777,73.24840764331209,63.05732484076433,10.191082802547772
W00007304,137,25,7,18,112,97,15,18.248175182481752,5.109489051094891,13.138686131386862,81.75182481751825,70.8029197080292,10.948905109489052
W00007305,94,27,6,21,67,62,5,28.723404255319153,6.382978723404255,22.340425531914892,71.27659574468085,65.95744680851064,5.319148936170213
W00007306,151,39,9,30,112,91,21,25.82781456953642,5.960264900662252,19.867549668874172,74.17218543046357,60.264900662251655,13.90728476821192
W00007307,190,57,10,47,133,122,11,30,5.263157894736842,24.736842105263158,70,64.21052631578948,5.7894736842105265
W00007308,148,41,15,26,107,92,15,27.7027027027027,10.135135135135135,17.56756756756757,72.2972972972973,62.16216216216216,10.135135135135135
W00007309,168,41,17,24,127,116,11,24.404761904761905,10.119047619047619,14.285714285714285,75.59523809523809,69.04761904761905,6.547619047619048
W00007310,110,34,11,23,76,70,6,30.909090909090907,10,20.909090909090907,69.0909090909091,63.63636363636363,5.454545454545454
W00007311,60,27,7,20,33,31,2,45,11.666666666666666,33.33333333333333,55.00000000000001,51.66666666666667,3.3333333333333335
W00007312,72,18,4,14,54,50,4,25,5.555555555555555,19.444444444444446,75,69.44444444444444,5.555555555555555
W00007313,86,27,7,20,59,54,5,31.3953488372093,8.13953488372093,23.25581395348837,68.6046511627907,62.7906976744186,5.813953488372093
W00007314,83,22,2,20,61,61,0,26.506024096385545,2.4096385542168677,24.096385542168676,73.49397590361446,73.49397590361446,0
W00007315,166,38,8,30,128,114,14,22.89156626506024,4.819277108433735,18.072289156626507,77.10843373493977,68.67469879518072,8.433734939759036
W00007316,114,47,20,27,67,54,13,41.228070175438596,17.543859649122805,23.684210526315788,58.77192982456141,47.368421052631575,11.403508771929824
W00007318,167,43,17,26,124,120,4,25.748502994011975,10.179640718562874,15.568862275449103,74.25149700598801,71.8562874251497,2.3952095808383236
W00007319,107,32,8,24,75,69,6,29.906542056074763,7.476635514018691,22.429906542056074,70.09345794392523,64.48598130841121,5.607476635514018
W00007320,229,51,13,38,178,162,16,22.270742358078603,5.676855895196507,16.593886462882097,77.72925764192141,70.74235807860262,6.986899563318777
W00007322,270,68,22,46,202,172,30,25.185185185185183,8.148148148148149,17.037037037037038,74.81481481481481,63.70370370370371,11.11111111111111
W00007323,149,28,4,24,121,112,9,18.79194630872483,2.684563758389262,16.10738255033557,81.20805369127517,75.16778523489933,6.0402684563758395
W00007324,93,25,4,21,68,63,5,26.881720430107524,4.301075268817205,22.58064516129032,73.11827956989248,67.74193548387096,5.376344086021505
W00007325,123,26,9,17,97,81,16,21.138211382113823,7.317073170731707,13.821138211382115,78.86178861788618,65.85365853658537,13.008130081300814
W00007326,108,34,9,25,74,68,6,31.48148148148148,8.333333333333332,23.14814814814815,68.51851851851852,62.96296296296296,5.555555555555555
W00007327,108,39,9,30,69,63,6,36.11111111111111,8.333333333333332,27.77777777777778,63.888888888888886,58.333333333333336,5.555555555555555
W00007328,184,44,15,29,140,124,16,23.91304347826087,8.152173913043478,15.760869565217392,76.08695652173914,67.3913043478261,8.695652173913043
W00007329,142,36,13,23,106,91,15,25.352112676056336,9.15492957746479,16.19718309859155,74.64788732394366,64.08450704225352,10.56338028169014
W00007330,135,32,9,23,103,86,17,23.703703703703706,6.666666666666667,17.037037037037038,76.29629629629629,63.70370370370371,12.592592592592592
W00007331,122,29,6,23,93,85,8,23.770491803278688,4.918032786885246,18.852459016393443,76.22950819672131,69.67213114754098,6.557377049180328
W00007332,108,35,7,28,73,63,10,32.407407407407405,6.481481481481481,25.925925925925924,67.5925925925926,58.333333333333336,9.25925925925926
W00007333,90,23,10,13,67,60,7,25.555555555555554,11.11111111111111,14.444444444444443,74.44444444444444,66.66666666666666,7.777777777777778
W00007334,148,42,12,30,106,88,18,28.37837837837838,8.108108108108109,20.27027027027027,71.62162162162163,59.45945945945946,12.162162162162163
W00007335,202,48,11,37,154,134,20,23.762376237623762,5.445544554455446,18.316831683168317,76.23762376237624,66.33663366336634,9.900990099009901
W00007336,229,50,6,44,179,154,25,21.83406113537118,2.6200873362445414,19.213973799126638,78.16593886462883,67.24890829694323,10.91703056768559
W00007337,149,47,13,34,102,93,9,31.543624161073826,8.724832214765101,22.818791946308725,68.45637583892618,62.41610738255034,6.0402684563758395
W00007338,154,35,3,32,119,108,11,22.727272727272727,1.948051948051948,20.77922077922078,77.27272727272727,70.12987012987013,7.142857142857142
W00007339,85,27,9,18,58,53,5,31.76470588235294,10.588235294117647,21.176470588235293,68.23529411764706,62.35294117647059,5.88235294117647
W00007340,141,39,12,27,102,88,14,27.659574468085108,8.51063829787234,19.148936170212767,72.3404255319149,62.4113475177305,9.929078014184398
W00007341,98,24,3,21,74,61,13,24.489795918367346,3.061224489795918,21.428571428571427,75.51020408163265,62.244897959183675,13.26530612244898
W00007342,135,33,12,21,102,90,12,24.444444444444443,8.88888888888889,15.555555555555555,75.55555555555556,66.66666666666666,8.88888888888889
W00007343,115,38,11,27,77,66,11,33.04347826086956,9.565217391304348,23.47826086956522,66.95652173913044,57.391304347826086,9.565217391304348
W00007344,113,29,9,20,84,75,9,25.663716814159294,7.964601769911504,17.699115044247787,74.33628318584071,66.3716814159292,7.964601769911504
W00007345,121,30,11,19,91,79,12,24.793388429752067,9.090909090909092,15.702479338842975,75.20661157024794,65.28925619834712,9.917355371900827
W00007346,122,26,3,23,96,88,8,21.311475409836063,2.459016393442623,18.852459016393443,78.68852459016394,72.1311475409836,6.557377049180328
W00007347,198,51,9,42,147,127,20,25.757575757575758,4.545454545454546,21.21212121212121,74.24242424242425,64.14141414141415,10.1010101010101
W00007348,132,27,8,19,105,94,11,20.454545454545457,6.0606060606060606,14.393939393939394,79.54545454545455,71.21212121212122,8.333333333333332
W00007349,117,30,12,18,87,78,9,25.64102564102564,10.256410256410255,15.384615384615385,74.35897435897436,66.66666666666666,7.6923076923076925
W00007350,88,23,6,17,65,58,7,26.136363636363637,6.8181818181818175,19.318181818181817,73.86363636363636,65.9090909090909,7.954545454545454
W00007351,149,38,10,28,111,94,17,25.503355704697988,6.7114093959731544,18.79194630872483,74.49664429530202,63.08724832214765,11.409395973154362
W00007352,150,36,6,30,114,107,7,24,4,20,76,71.33333333333334,4.666666666666667
W00007353,54,20,8,12,34,28,6,37.03703703703704,14.814814814814813,22.22222222222222,62.96296296296296,51.85185185185185,11.11111111111111
W00007354,106,26,8,18,80,69,11,24.528301886792452,7.547169811320755,16.9811320754717,75.47169811320755,65.09433962264151,10.377358490566039
W00007355,109,29,13,16,80,68,12,26.605504587155966,11.926605504587156,14.678899082568808,73.39449541284404,62.38532110091744,11.009174311926607
W00007356,119,30,12,18,89,74,15,25.210084033613445,10.084033613445378,15.126050420168067,74.78991596638656,62.18487394957983,12.605042016806722
W00007357,142,33,10,23,109,98,11,23.239436619718308,7.042253521126761,16.19718309859155,76.76056338028168,69.01408450704226,7.746478873239436
W00007358,110,40,9,31,70,61,9,36.36363636363637,8.181818181818182,28.18181818181818,63.63636363636363,55.45454545454545,8.181818181818182
W00007359,161,38,10,28,123,114,9,23.60248447204969,6.211180124223603,17.391304347826086,76.3975155279503,70.80745341614907,5.590062111801243
W00007360,146,34,9,25,112,103,9,23.28767123287671,6.164383561643835,17.123287671232877,76.71232876712328,70.54794520547945,6.164383561643835
W00007361,102,15,1,14,87,79,8,14.705882352941178,0.9803921568627451,13.725490196078432,85.29411764705883,77.45098039215686,7.8431372549019605
W00007362,164,51,19,32,113,105,8,31.097560975609756,11.585365853658537,19.51219512195122,68.90243902439023,64.02439024390245,4.878048780487805
W00007363,136,30,6,24,106,89,17,22.058823529411764,4.411764705882353,17.647058823529413,77.94117647058823,65.44117647058823,12.5
W00007364,162,40,14,26,122,112,10,24.691358024691358,8.641975308641975,16.049382716049383,75.30864197530865,69.1358024691358,6.172839506172839
W00007365,138,37,11,26,101,88,13,26.811594202898554,7.971014492753622,18.84057971014493,73.18840579710145,63.76811594202898,9.420289855072465
W00007366,137,41,11,30,96,84,12,29.927007299270077,8.02919708029197,21.897810218978105,70.07299270072993,61.31386861313869,8.75912408759124
W00007367,101,31,6,25,70,59,11,30.693069306930692,5.9405940594059405,24.752475247524753,69.3069306930693,58.415841584158414,10.891089108910892
W00007368,132,38,12,26,94,84,10,28.78787878787879,9.090909090909092,19.696969696969695,71.21212121212122,63.63636363636363,7.575757575757576
W00007369,133,37,9,28,96,87,9,27.819548872180448,6.7669172932330826,21.052631578947366,72.18045112781954,65.41353383458647,6.7669172932330826
W00007370,205,53,14,39,152,135,17,25.853658536585368,6.829268292682928,19.024390243902438,74.14634146341463,65.85365853658537,8.292682926829269
W00007371,135,41,12,29,94,90,4,30.37037037037037,8.88888888888889,21.48148148148148,69.62962962962963,66.66666666666666,2.9629629629629632
W00007372,137,36,9,27,101,92,9,26.277372262773724,6.569343065693431,19.708029197080293,73.72262773722628,67.15328467153284,6.569343065693431
W00007373,117,36,12,24,81,75,6,30.76923076923077,10.256410256410255,20.51282051282051,69.23076923076923,64.1025641025641,5.128205128205128
W00007374,103,37,17,20,66,57,9,35.92233009708738,16.50485436893204,19.41747572815534,64.07766990291263,55.33980582524271,8.737864077669903
W00007375,146,33,9,24,113,99,14,22.602739726027394,6.164383561643835,16.43835616438356,77.3972602739726,67.8082191780822,9.58904109589041
W00007376,111,26,6,20,85,75,10,23.423423423423422,5.405405405405405,18.01801801801802,76.57657657657657,67.56756756756756,9.00900900900901
W00007377,107,38,11,27,69,62,7,35.51401869158878,10.2803738317757,25.233644859813083,64.48598130841121,57.943925233644855,6.5420560747663545
W00007378,120,41,9,32,79,70,9,34.166666666666664,7.5,26.666666666666668,65.83333333333333,58.333333333333336,7.5
W00007379,171,47,12,35,124,110,14,27.485380116959064,7.017543859649122,20.46783625730994,72.51461988304094,64.32748538011695,8.187134502923977
W00007380,119,27,5,22,92,86,6,22.689075630252102,4.201680672268908,18.487394957983195,77.31092436974791,72.26890756302521,5.042016806722689
W00007381,117,19,3,16,98,80,18,16.23931623931624,2.564102564102564,13.675213675213676,83.76068376068376,68.37606837606837,15.384615384615385
W00007382,145,43,14,29,102,88,14,29.655172413793103,9.655172413793103,20,70.34482758620689,60.689655172413794,9.655172413793103
W00007383,106,25,5,20,81,76,5,23.58490566037736,4.716981132075472,18.867924528301888,76.41509433962264,71.69811320754717,4.716981132075472
W00007384,126,36,7,29,90,83,7,28.57142857142857,5.555555555555555,23.015873015873016,71.42857142857143,65.87301587301587,5.555555555555555
W00007385,136,35,9,26,101,80,21,25.735294117647058,6.61764705882353,19.11764705882353,74.26470588235294,58.82352941176471,15.441176470588236
W00007386,90,28,5,23,62,55,7,31.11111111111111,5.555555555555555,25.555555555555554,68.88888888888889,61.111111111111114,7.777777777777778
W00007387,140,36,11,25,104,96,8,25.71428571428571,7.857142857142857,17.857142857142858,74.28571428571429,68.57142857142857,5.714285714285714
W00007388,103,32,5,27,71,64,7,31.06796116504854,4.854368932038835,26.21359223300971,68.93203883495146,62.13592233009708,6.796116504854369
W00007389,124,31,5,26,93,83,10,25,4.032258064516129,20.967741935483872,75,66.93548387096774,8.064516129032258
W00007390,137,32,8,24,105,95,10,23.357664233576642,5.839416058394161,17.51824817518248,76.64233576642336,69.34306569343066,7.2992700729927
W00007391,125,34,8,26,91,82,9,27.200000000000003,6.4,20.8,72.8,65.60000000000001,7.199999999999999
W00007392,133,31,4,27,102,92,10,23.308270676691727,3.007518796992481,20.30075187969925,76.69172932330827,69.17293233082707,7.518796992481203
W00007393,182,48,8,40,134,110,24,26.373626373626376,4.395604395604396,21.978021978021978,73.62637362637363,60.43956043956044,13.186813186813188
W00007394,157,41,12,29,116,101,15,26.11464968152866,7.643312101910828,18.471337579617835,73.88535031847134,64.3312101910828,9.554140127388536
W00007395,129,38,12,26,91,84,7,29.457364341085274,9.30232558139535,20.155038759689923,70.54263565891473,65.11627906976744,5.426356589147287
W00007396,123,33,8,25,90,81,9,26.82926829268293,6.504065040650407,20.32520325203252,73.17073170731707,65.85365853658537,7.317073170731707
W00007397,41,14,4,10,27,26,1,34.146341463414636,9.75609756097561,24.390243902439025,65.85365853658537,63.41463414634146,2.4390243902439024
W00007398,150,39,11,28,111,99,12,26,7.333333333333333,18.666666666666668,74,66,8
W00007399,145,35,7,28,110,99,11,24.137931034482758,4.827586206896552,19.310344827586206,75.86206896551724,68.27586206896552,7.586206896551724
W00007400,158,43,13,30,115,92,23,27.21518987341772,8.227848101265822,18.9873417721519,72.78481012658227,58.22784810126582,14.556962025316455
W00007401,193,49,16,33,144,126,18,25.38860103626943,8.290155440414509,17.098445595854923,74.61139896373057,65.28497409326425,9.32642487046632
W00007402,187,49,8,41,138,124,14,26.203208556149733,4.27807486631016,21.92513368983957,73.79679144385027,66.31016042780749,7.4866310160427805
W00007403,104,30,8,22,74,55,19,28.846153846153843,7.6923076923076925,21.153846153846153,71.15384615384616,52.88461538461539,18.269230769230766
W00007404,137,40,12,28,97,80,17,29.1970802919708,8.75912408759124,20.437956204379564,70.8029197080292,58.3941605839416,12.408759124087592
W00007405,110,28,6,22,82,73,9,25.454545454545453,5.454545454545454,20,74.54545454545455,66.36363636363637,8.181818181818182
W00007406,140,38,6,32,102,86,16,27.142857142857142,4.285714285714286,22.857142857142858,72.85714285714285,61.42857142857143,11.428571428571429
W00007407,114,24,6,18,90,78,12,21.052631578947366,5.263157894736842,15.789473684210526,78.94736842105263,68.42105263157895,10.526315789473683
W00007408,127,31,12,19,96,81,15,24.409448818897637,9.448818897637794,14.960629921259844,75.59055118110236,63.77952755905512,11.811023622047244
W00007409,167,45,14,31,122,107,15,26.94610778443114,8.383233532934131,18.562874251497004,73.05389221556887,64.07185628742515,8.982035928143713
W00007410,122,24,7,17,98,85,13,19.672131147540984,5.737704918032787,13.934426229508196,80.32786885245902,69.67213114754098,10.655737704918032
W00007411,85,30,6,24,55,50,5,35.294117647058826,7.0588235294117645,28.235294117647058,64.70588235294117,58.82352941176471,5.88235294117647
W00007412,95,32,9,23,63,58,5,33.68421052631579,9.473684210526317,24.210526315789473,66.3157894736842,61.05263157894737,5.263157894736842
W00007413,262,56,9,47,206,182,24,21.374045801526716,3.435114503816794,17.938931297709924,78.62595419847328,69.46564885496184,9.16030534351145
W00007414,95,28,5,23,67,64,3,29.47368421052631,5.263157894736842,24.210526315789473,70.52631578947368,67.36842105263158,3.1578947368421053
W00007415,85,26,9,17,59,54,5,30.58823529411765,10.588235294117647,20,69.41176470588235,63.52941176470588,5.88235294117647
W00007416,97,21,4,17,76,65,11,21.649484536082475,4.123711340206185,17.525773195876287,78.35051546391753,67.0103092783505,11.34020618556701
W00007417,166,47,13,34,119,107,12,28.313253012048197,7.83132530120482,20.481927710843372,71.6867469879518,64.45783132530121,7.228915662650602
W00007418,141,37,5,32,104,92,12,26.24113475177305,3.546099290780142,22.69503546099291,73.75886524822694,65.24822695035462,8.51063829787234
W00007419,130,36,11,25,94,84,10,27.692307692307693,8.461538461538462,19.230769230769234,72.3076923076923,64.61538461538461,7.6923076923076925
W00007420,203,38,12,26,165,145,20,18.7192118226601,5.911330049261084,12.807881773399016,81.2807881773399,71.42857142857143,9.852216748768473
W00007421,119,26,13,13,93,84,9,21.84873949579832,10.92436974789916,10.92436974789916,78.15126050420169,70.58823529411765,7.563025210084033
W00007422,119,24,4,20,95,89,6,20.168067226890756,3.361344537815126,16.80672268907563,79.83193277310924,74.78991596638656,5.042016806722689
W00007423,146,37,7,30,109,97,12,25.34246575342466,4.794520547945205,20.54794520547945,74.65753424657534,66.43835616438356,8.21917808219178
W00007424,143,47,16,31,96,84,12,32.86713286713287,11.188811188811188,21.678321678321677,67.13286713286713,58.74125874125874,8.391608391608392
W00007425,229,69,28,41,160,124,36,30.131004366812224,12.22707423580786,17.903930131004365,69.86899563318777,54.14847161572053,15.72052401746725
W00007426,199,62,23,39,137,114,23,31.155778894472363,11.557788944723619,19.597989949748744,68.84422110552764,57.286432160804026,11.557788944723619
W00007427,138,51,11,40,87,79,8,36.95652173913043,7.971014492753622,28.985507246376812,63.04347826086957,57.2463768115942,5.797101449275362
W00007428,173,50,14,36,123,108,15,28.901734104046245,8.092485549132949,20.809248554913296,71.09826589595376,62.42774566473989,8.670520231213873
W00007429,139,52,11,41,87,76,11,37.410071942446045,7.913669064748201,29.496402877697843,62.589928057553955,54.67625899280576,7.913669064748201
W00007430,125,30,9,21,95,87,8,24,7.199999999999999,16.8,76,69.6,6.4
W00007431,102,30,9,21,72,66,6,29.411764705882355,8.823529411764707,20.588235294117645,70.58823529411765,64.70588235294117,5.88235294117647
W00007432,79,24,5,19,55,50,5,30.37974683544304,6.329113924050633,24.050632911392405,69.62025316455697,63.29113924050633,6.329113924050633
W00007433,104,34,13,21,70,62,8,32.69230769230769,12.5,20.192307692307693,67.3076923076923,59.61538461538461,7.6923076923076925
W00007434,72,20,4,16,52,45,7,27.77777777777778,5.555555555555555,22.22222222222222,72.22222222222221,62.5,9.722222222222223
W00007435,80,34,11,23,46,45,1,42.5,13.750000000000002,28.749999999999996,57.49999999999999,56.25,1.25
W00007436,76,37,10,27,39,38,1,48.68421052631579,13.157894736842104,35.526315789473685,51.31578947368421,50,1.3157894736842104
W00007437,59,28,9,19,31,30,1,47.45762711864407,15.254237288135593,32.20338983050847,52.54237288135594,50.847457627118644,1.694915254237288
W00007438,83,32,12,20,51,46,5,38.55421686746988,14.457831325301203,24.096385542168676,61.44578313253012,55.42168674698795,6.024096385542169
W00007439,63,25,11,14,38,38,0,39.682539682539684,17.46031746031746,22.22222222222222,60.317460317460316,60.317460317460316,0
W00007440,79,25,5,20,54,45,9,31.645569620253166,6.329113924050633,25.31645569620253,68.35443037974683,56.9620253164557,11.39240506329114
W00007441,88,19,7,12,69,64,5,21.59090909090909,7.954545454545454,13.636363636363635,78.4090909090909,72.72727272727273,5.681818181818182
W00007442,94,31,8,23,63,54,9,32.97872340425532,8.51063829787234,24.46808510638298,67.02127659574468,57.446808510638306,9.574468085106384
W00007443,101,32,12,20,69,63,6,31.683168316831683,11.881188118811881,19.801980198019802,68.31683168316832,62.37623762376238,5.9405940594059405
W00007444,98,25,6,19,73,63,10,25.510204081632654,6.122448979591836,19.387755102040817,74.48979591836735,64.28571428571429,10.204081632653061
W00007445,176,48,14,34,128,108,20,27.27272727272727,7.954545454545454,19.318181818181817,72.72727272727273,61.36363636363637,11.363636363636363
W00007446,112,33,11,22,79,71,8,29.464285714285715,9.821428571428571,19.642857142857142,70.53571428571429,63.39285714285714,7.142857142857142
W00007447,138,35,6,29,103,92,11,25.36231884057971,4.3478260869565215,21.014492753623188,74.63768115942028,66.66666666666666,7.971014492753622
W00007448,162,62,20,42,100,78,22,38.2716049382716,12.345679012345679,25.925925925925924,61.72839506172839,48.148148148148145,13.580246913580247
W00007450,149,46,15,31,103,88,15,30.87248322147651,10.06711409395973,20.80536912751678,69.12751677852349,59.06040268456376,10.06711409395973
W00007451,117,36,16,20,81,70,11,30.76923076923077,13.675213675213676,17.094017094017094,69.23076923076923,59.82905982905983,9.401709401709402
W00007452,170,42,11,31,128,110,18,24.705882352941178,6.470588235294119,18.235294117647058,75.29411764705883,64.70588235294117,10.588235294117647
W00007453,175,44,15,29,131,104,27,25.142857142857146,8.571428571428571,16.57142857142857,74.85714285714286,59.42857142857143,15.428571428571427
W00007454,200,48,8,40,152,129,23,24,4,20,76,64.5,11.5
W00007455,189,61,15,46,128,111,17,32.27513227513227,7.936507936507936,24.33862433862434,67.72486772486772,58.730158730158735,8.994708994708994
W00007456,127,28,4,24,99,90,9,22.04724409448819,3.149606299212598,18.89763779527559,77.95275590551181,70.86614173228347,7.086614173228346
W00007457,195,56,20,36,139,126,13,28.717948717948715,10.256410256410255,18.461538461538463,71.28205128205128,64.61538461538461,6.666666666666667
W00007458,173,41,11,30,132,116,16,23.699421965317917,6.358381502890173,17.341040462427745,76.30057803468208,67.05202312138728,9.248554913294797
W00007459,170,38,13,25,132,118,14,22.35294117647059,7.647058823529412,14.705882352941178,77.64705882352942,69.41176470588235,8.235294117647058
W00007460,197,56,17,39,141,124,17,28.426395939086298,8.629441624365482,19.796954314720814,71.57360406091371,62.944162436548226,8.629441624365482
W00007461,88,28,11,17,60,55,5,31.818181818181817,12.5,19.318181818181817,68.18181818181817,62.5,5.681818181818182
W00007462,159,36,10,26,123,106,17,22.641509433962266,6.289308176100629,16.352201257861633,77.35849056603774,66.66666666666666,10.69182389937107
W00007463,156,40,8,32,116,105,11,25.64102564102564,5.128205128205128,20.51282051282051,74.35897435897436,67.3076923076923,7.051282051282051
W00007464,168,52,17,35,116,102,14,30.952380952380953,10.119047619047619,20.833333333333336,69.04761904761905,60.71428571428571,8.333333333333332
W00007465,138,39,12,27,99,88,11,28.26086956521739,8.695652173913043,19.565217391304348,71.73913043478261,63.76811594202898,7.971014492753622
W00007466,146,32,13,19,114,104,10,21.91780821917808,8.904109589041095,13.013698630136986,78.08219178082192,71.23287671232876,6.8493150684931505
W00007467,27,7,0,7,20,16,4,25.925925925925924,0,25.925925925925924,74.07407407407408,59.25925925925925,14.814814814814813
W00007468,88,23,4,19,65,57,8,26.136363636363637,4.545454545454546,21.59090909090909,73.86363636363636,64.77272727272727,9.090909090909092
W00007469,58,18,5,13,40,35,5,31.03448275862069,8.620689655172415,22.413793103448278,68.96551724137932,60.3448275862069,8.620689655172415
W00007470,96,23,5,18,73,69,4,23.958333333333336,5.208333333333334,18.75,76.04166666666666,71.875,4.166666666666666
W00007471,138,36,6,30,102,95,7,26.08695652173913,4.3478260869565215,21.73913043478261,73.91304347826086,68.84057971014492,5.072463768115942
W00007472,137,29,10,19,108,96,12,21.16788321167883,7.2992700729927,13.86861313868613,78.83211678832117,70.07299270072993,8.75912408759124
W00007473,147,34,10,24,113,89,24,23.12925170068027,6.802721088435375,16.3265306122449,76.87074829931973,60.544217687074834,16.3265306122449
W00007474,117,37,9,28,80,69,11,31.62393162393162,7.6923076923076925,23.931623931623932,68.37606837606837,58.97435897435898,9.401709401709402
W00007475,86,25,5,20,61,48,13,29.069767441860467,5.813953488372093,23.25581395348837,70.93023255813954,55.81395348837209,15.11627906976744
W00007476,156,40,12,28,116,91,25,25.64102564102564,7.6923076923076925,17.94871794871795,74.35897435897436,58.333333333333336,16.025641025641026
W00007477,131,32,9,23,99,89,10,24.427480916030532,6.870229007633588,17.557251908396946,75.57251908396947,67.93893129770993,7.633587786259542
W00007478,218,48,11,37,170,153,17,22.018348623853214,5.045871559633028,16.972477064220186,77.98165137614679,70.18348623853211,7.79816513761468
W00007479,190,47,13,34,143,127,16,24.736842105263158,6.842105263157896,17.894736842105264,75.26315789473685,66.84210526315789,8.421052631578947
W00007480,118,30,6,24,88,82,6,25.423728813559322,5.084745762711865,20.33898305084746,74.57627118644068,69.49152542372882,5.084745762711865
W00007481,204,48,14,34,156,139,17,23.52941176470588,6.862745098039216,16.666666666666664,76.47058823529412,68.13725490196079,8.333333333333332
W00007482,133,37,11,26,96,80,16,27.819548872180448,8.270676691729323,19.548872180451127,72.18045112781954,60.150375939849624,12.030075187969924
W00007483,195,65,15,50,130,116,14,33.33333333333333,7.6923076923076925,25.64102564102564,66.66666666666666,59.48717948717949,7.179487179487179
W00007484,119,33,9,24,86,73,13,27.73109243697479,7.563025210084033,20.168067226890756,72.26890756302521,61.34453781512605,10.92436974789916
W00007485,151,50,18,32,101,93,8,33.11258278145696,11.920529801324504,21.192052980132452,66.88741721854305,61.58940397350994,5.298013245033113
W00007486,156,44,13,31,112,96,16,28.205128205128204,8.333333333333332,19.871794871794872,71.7948717948718,61.53846153846154,10.256410256410255
W00007487,152,41,13,28,111,99,12,26.973684210526315,8.552631578947368,18.421052631578945,73.02631578947368,65.13157894736842,7.894736842105263
W00007488,301,65,14,51,236,206,30,21.59468438538206,4.651162790697675,16.943521594684384,78.40531561461795,68.43853820598007,9.966777408637874
W00007489,112,29,8,21,83,72,11,25.892857142857146,7.142857142857142,18.75,74.10714285714286,64.28571428571429,9.821428571428571
W00007490,109,35,8,27,74,64,10,32.11009174311927,7.339449541284404,24.770642201834864,67.88990825688074,58.71559633027523,9.174311926605505
W00007491,124,32,4,28,92,79,13,25.806451612903224,3.225806451612903,22.58064516129032,74.19354838709677,63.70967741935484,10.483870967741936
W00007492,50,11,1,10,39,35,4,22,2,20,78,70,8
W00007493,125,28,4,24,97,87,10,22.400000000000002,3.2,19.2,77.60000000000001,69.6,8
W00007494,100,27,6,21,73,63,10,27,6,21,73,63,10
W00007495,127,36,8,28,91,78,13,28.346456692913385,6.299212598425196,22.04724409448819,71.65354330708661,61.417322834645674,10.236220472440944
W00007496,179,42,11,31,137,120,17,23.463687150837988,6.145251396648044,17.318435754189945,76.53631284916202,67.0391061452514,9.497206703910614
W00007498,133,47,16,31,86,80,6,35.338345864661655,12.030075187969924,23.308270676691727,64.66165413533834,60.150375939849624,4.511278195488721
W00007499,158,38,9,29,120,113,7,24.050632911392405,5.69620253164557,18.354430379746837,75.9493670886076,71.51898734177216,4.430379746835443
W00007500,93,25,12,13,68,57,11,26.881720430107524,12.903225806451612,13.978494623655912,73.11827956989248,61.29032258064516,11.827956989247312
W00007501,145,37,21,16,108,96,12,25.517241379310345,14.482758620689657,11.03448275862069,74.48275862068967,66.20689655172414,8.275862068965518
W00009919,192,45,11,34,147,120,27,23.4375,5.729166666666666,17.708333333333336,76.5625,62.5,14.0625
W00009920,241,61,11,50,180,162,18,25.311203319502074,4.564315352697095,20.74688796680498,74.68879668049793,67.21991701244814,7.468879668049793
W00009921,134,44,14,30,90,76,14,32.83582089552239,10.44776119402985,22.388059701492537,67.16417910447761,56.71641791044776,10.44776119402985
W00009922,149,33,5,28,116,103,13,22.14765100671141,3.3557046979865772,18.79194630872483,77.85234899328859,69.12751677852349,8.724832214765101
W00009923,165,36,10,26,129,115,14,21.818181818181817,6.0606060606060606,15.757575757575756,78.18181818181819,69.6969696969697,8.484848484848486
W00009924,144,39,11,28,105,99,6,27.083333333333332,7.638888888888889,19.444444444444446,72.91666666666666,68.75,4.166666666666666
W00009925,174,41,12,29,133,113,20,23.563218390804597,6.896551724137931,16.666666666666664,76.4367816091954,64.9425287356322,11.494252873563218
W00009926,111,32,13,19,79,69,10,28.82882882882883,11.711711711711711,17.117117117117118,71.17117117117117,62.16216216216216,9.00900900900901
W00009927,201,47,11,36,154,132,22,23.383084577114428,5.472636815920398,17.91044776119403,76.61691542288557,65.67164179104478,10.945273631840797
W00009928,248,55,8,47,193,163,30,22.177419354838708,3.225806451612903,18.951612903225808,77.82258064516128,65.7258064516129,12.096774193548388
W00009929,183,42,14,28,141,128,13,22.950819672131146,7.650273224043716,15.300546448087433,77.04918032786885,69.94535519125684,7.103825136612022
W00009930,157,40,11,29,117,103,14,25.477707006369428,7.006369426751593,18.471337579617835,74.52229299363057,65.60509554140127,8.9171974522293
W00009931,167,28,7,21,139,126,13,16.766467065868262,4.191616766467066,12.574850299401197,83.23353293413174,75.44910179640718,7.784431137724551
W00009932,203,54,13,41,149,129,20,26.60098522167488,6.403940886699508,20.19704433497537,73.39901477832512,63.54679802955665,9.852216748768473
W00009933,225,57,11,46,168,149,19,25.333333333333336,4.888888888888889,20.444444444444446,74.66666666666667,66.22222222222223,8.444444444444445
W00010266,353,67,21,46,286,238,48,18.980169971671387,5.94900849858357,13.031161473087819,81.01983002832861,67.42209631728045,13.59773371104816
W00010273,155,40,14,26,115,108,7,25.806451612903224,9.032258064516128,16.7741935483871,74.19354838709677,69.6774193548387,4.516129032258064
W00010277,52,16,4,12,36,30,6,30.76923076923077,7.6923076923076925,23.076923076923077,69.23076923076923,57.692307692307686,11.538461538461538
W00010278,141,27,4,23,114,98,16,19.148936170212767,2.8368794326241136,16.312056737588655,80.85106382978722,69.50354609929079,11.347517730496454
W00010280,292,50,9,41,242,218,24,17.123287671232877,3.0821917808219177,14.04109589041096,82.87671232876713,74.65753424657534,8.21917808219178
W00010283,128,32,10,22,96,81,15,25,7.8125,17.1875,75,63.28125,11.71875
W00010285,202,25,7,18,177,160,17,12.376237623762377,3.4653465346534658,8.91089108910891,87.62376237623762,79.20792079207921,8.415841584158416
W00010288,212,62,17,45,150,120,30,29.245283018867923,8.018867924528301,21.22641509433962,70.75471698113208,56.60377358490566,14.150943396226415
W00010290,275,50,11,39,225,189,36,18.181818181818183,4,14.181818181818182,81.81818181818183,68.72727272727272,13.090909090909092
W00010292,61,17,6,11,44,39,5,27.86885245901639,9.836065573770492,18.0327868852459,72.1311475409836,63.934426229508205,8.19672131147541
W00010296,261,49,11,38,212,190,22,18.773946360153257,4.21455938697318,14.559386973180077,81.22605363984674,72.79693486590038,8.42911877394636
W00010297,265,64,19,45,201,182,19,24.150943396226417,7.169811320754717,16.9811320754717,75.84905660377359,68.67924528301886,7.169811320754717
W00010298,72,20,9,11,52,49,3,27.77777777777778,12.5,15.277777777777779,72.22222222222221,68.05555555555556,4.166666666666666
W00010309,58,18,7,11,40,33,7,31.03448275862069,12.068965517241379,18.96551724137931,68.96551724137932,56.896551724137936,12.068965517241379
