OA,ts0590001,ts0590002,ts0590003,ts0590004,ts0590005,ts0590006,ts0590007,ts0590002_PCT,ts0590003_PCT,ts0590004_PCT,ts0590005_PCT,ts0590006_PCT,ts0590007_PCT
E00080972,153,47,16,31,106,89,17,30.718954248366014,10.457516339869281,20.26143790849673,69.28104575163398,58.16993464052288,11.11111111111111
E00080973,170,45,19,26,125,107,18,26.47058823529412,11.176470588235295,15.294117647058824,73.52941176470588,62.94117647058823,10.588235294117647
E00080974,162,48,15,33,114,102,12,29.629629629629626,9.25925925925926,20.37037037037037,70.37037037037037,62.96296296296296,7.4074074074074066
E00080975,194,48,13,35,146,119,27,24.742268041237114,6.701030927835052,18.04123711340206,75.25773195876289,61.34020618556701,13.917525773195877
E00080976,144,44,12,32,100,90,10,30.555555555555557,8.333333333333332,22.22222222222222,69.44444444444444,62.5,6.944444444444445
E00080977,133,46,16,30,87,69,18,34.58646616541353,12.030075187969924,22.55639097744361,65.41353383458647,51.8796992481203,13.533834586466165
E00080978,127,43,17,26,84,74,10,33.85826771653544,13.385826771653544,20.47244094488189,66.14173228346458,58.26771653543307,7.874015748031496
E00080979,165,50,16,34,115,99,16,30.303030303030305,9.696969696969697,20.606060606060606,69.6969696969697,60,9.696969696969697
E00080981,167,53,24,29,114,87,27,31.736526946107784,14.37125748502994,17.365269461077844,68.26347305389223,52.09580838323353,16.16766467065868
E00080982,111,37,15,22,74,69,5,33.33333333333333,13.513513513513514,19.81981981981982,66.66666666666666,62.16216216216216,4.504504504504505
E00080983,213,67,26,41,146,127,19,31.455399061032864,12.206572769953052,19.248826291079812,68.54460093896714,59.624413145539904,8.92018779342723
E00080984,136,51,15,36,85,78,7,37.5,11.029411764705882,26.47058823529412,62.5,57.35294117647059,5.147058823529411
E00080985,140,52,27,25,88,70,18,37.142857142857146,19.28571428571429,17.857142857142858,62.857142857142854,50,12.857142857142856
E00080986,151,58,19,39,93,80,13,38.41059602649007,12.582781456953644,25.82781456953642,61.58940397350994,52.980132450331126,8.609271523178808
E00080987,102,36,11,25,66,52,14,35.294117647058826,10.784313725490197,24.509803921568626,64.70588235294117,50.98039215686274,13.725490196078432
E00080988,140,39,13,26,101,84,17,27.857142857142858,9.285714285714286,18.571428571428573,72.14285714285714,60,12.142857142857142
E00080989,193,55,19,36,138,124,14,28.497409326424872,9.844559585492227,18.65284974093264,71.50259067357513,64.24870466321244,7.253886010362693
E00080990,142,45,13,32,97,82,15,31.690140845070424,9.15492957746479,22.535211267605636,68.30985915492957,57.74647887323944,10.56338028169014
E00080991,122,39,14,25,83,69,14,31.967213114754102,11.475409836065573,20.491803278688526,68.0327868852459,56.557377049180324,11.475409836065573
E00080992,193,43,18,25,150,136,14,22.279792746113987,9.32642487046632,12.953367875647666,77.720207253886,70.46632124352331,7.253886010362693
E00080993,126,45,13,32,81,70,11,35.714285714285715,10.317460317460316,25.396825396825395,64.28571428571429,55.55555555555556,8.73015873015873
E00080994,165,50,16,34,115,103,12,30.303030303030305,9.696969696969697,20.606060606060606,69.6969696969697,62.42424242424243,7.2727272727272725
E00080995,148,50,20,30,98,84,14,33.78378378378378,13.513513513513514,20.27027027027027,66.21621621621621,56.75675675675676,9.45945945945946
E00080996,152,51,31,20,101,84,17,33.55263157894737,20.394736842105264,13.157894736842104,66.44736842105263,55.26315789473685,11.18421052631579
E00080997,108,28,13,15,80,75,5,25.925925925925924,12.037037037037036,13.88888888888889,74.07407407407408,69.44444444444444,4.62962962962963
E00080998,156,55,13,42,101,92,9,35.256410256410255,8.333333333333332,26.923076923076923,64.74358974358975,58.97435897435898,5.769230769230769
E00080999,141,40,19,21,101,83,18,28.368794326241137,13.47517730496454,14.893617021276595,71.63120567375887,58.86524822695035,12.76595744680851
E00081000,142,44,14,30,98,79,19,30.985915492957744,9.859154929577464,21.12676056338028,69.01408450704226,55.633802816901415,13.380281690140844
E00081001,112,40,11,29,72,65,7,35.714285714285715,9.821428571428571,25.892857142857146,64.28571428571429,58.03571428571429,6.25
E00081002,156,39,13,26,117,100,17,25,8.333333333333332,16.666666666666664,75,64.1025641025641,10.897435897435898
E00081003,216,58,18,40,158,140,18,26.851851851851855,8.333333333333332,18.51851851851852,73.14814814814815,64.81481481481481,8.333333333333332
E00081004,147,56,18,38,91,70,21,38.095238095238095,12.244897959183673,25.850340136054424,61.904761904761905,47.61904761904761,14.285714285714285
E00081005,153,52,19,33,101,88,13,33.98692810457516,12.418300653594772,21.568627450980394,66.01307189542483,57.51633986928104,8.49673202614379
E00081006,117,25,9,16,92,74,18,21.367521367521366,7.6923076923076925,13.675213675213676,78.63247863247864,63.24786324786324,15.384615384615385
E00081007,142,51,27,24,91,75,16,35.91549295774648,19.014084507042252,16.901408450704224,64.08450704225352,52.816901408450704,11.267605633802818
E00081008,111,36,14,22,75,66,9,32.432432432432435,12.612612612612612,19.81981981981982,67.56756756756756,59.45945945945946,8.108108108108109
E00081009,177,51,18,33,126,108,18,28.8135593220339,10.16949152542373,18.64406779661017,71.1864406779661,61.016949152542374,10.16949152542373
E00081010,53,23,8,15,30,24,6,43.39622641509434,15.09433962264151,28.30188679245283,56.60377358490566,45.28301886792453,11.320754716981133
E00081011,181,37,18,19,144,121,23,20.441988950276244,9.94475138121547,10.497237569060774,79.55801104972376,66.85082872928176,12.70718232044199
E00081012,151,23,7,16,128,107,21,15.2317880794702,4.635761589403973,10.596026490066226,84.76821192052981,70.86092715231787,13.90728476821192
E00081013,113,33,14,19,80,68,12,29.20353982300885,12.389380530973451,16.8141592920354,70.79646017699115,60.17699115044248,10.619469026548673
E00081014,146,50,17,33,96,87,9,34.24657534246575,11.643835616438356,22.602739726027394,65.75342465753424,59.589041095890416,6.164383561643835
E00081015,173,50,12,38,123,102,21,28.901734104046245,6.9364161849710975,21.965317919075144,71.09826589595376,58.95953757225434,12.138728323699421
E00081016,165,36,14,22,129,114,15,21.818181818181817,8.484848484848486,13.333333333333334,78.18181818181819,69.0909090909091,9.090909090909092
E00081017,134,31,12,19,103,87,16,23.134328358208954,8.955223880597014,14.17910447761194,76.86567164179104,64.92537313432835,11.940298507462686
E00081018,57,22,9,13,35,27,8,38.59649122807017,15.789473684210526,22.807017543859647,61.40350877192983,47.368421052631575,14.035087719298245
E00081019,122,40,12,28,82,70,12,32.78688524590164,9.836065573770492,22.950819672131146,67.21311475409836,57.377049180327866,9.836065573770492
E00081020,71,16,8,8,55,46,9,22.535211267605636,11.267605633802818,11.267605633802818,77.46478873239437,64.7887323943662,12.676056338028168
E00081021,230,85,28,57,145,110,35,36.95652173913043,12.173913043478262,24.782608695652176,63.04347826086957,47.82608695652174,15.217391304347828
E00081022,131,45,11,34,86,72,14,34.35114503816794,8.396946564885496,25.954198473282442,65.64885496183206,54.961832061068705,10.687022900763358
E00081023,194,52,23,29,142,118,24,26.804123711340207,11.855670103092782,14.948453608247423,73.19587628865979,60.824742268041234,12.371134020618557
E00081024,135,45,21,24,90,80,10,33.33333333333333,15.555555555555555,17.77777777777778,66.66666666666666,59.25925925925925,7.4074074074074066
E00081025,151,41,15,26,110,90,20,27.1523178807947,9.933774834437086,17.218543046357617,72.84768211920529,59.60264900662252,13.245033112582782
E00081026,106,37,13,24,69,52,17,34.90566037735849,12.264150943396226,22.641509433962266,65.09433962264151,49.056603773584904,16.037735849056602
E00081027,126,36,12,24,90,73,17,28.57142857142857,9.523809523809524,19.047619047619047,71.42857142857143,57.936507936507944,13.492063492063492
E00081028,166,48,12,36,118,102,16,28.915662650602407,7.228915662650602,21.686746987951807,71.08433734939759,61.44578313253012,9.63855421686747
E00081029,174,51,23,28,123,102,21,29.310344827586203,13.218390804597702,16.091954022988507,70.6896551724138,58.620689655172406,12.068965517241379
E00081030,156,33,11,22,123,96,27,21.153846153846153,7.051282051282051,14.102564102564102,78.84615384615384,61.53846153846154,17.307692307692307
E00081032,202,53,18,35,149,126,23,26.237623762376238,8.91089108910891,17.326732673267326,73.76237623762376,62.37623762376238,11.386138613861387
E00081033,173,38,16,22,135,100,35,21.965317919075144,9.248554913294797,12.716763005780345,78.03468208092485,57.80346820809249,20.23121387283237
E00081034,156,30,10,20,126,105,21,19.230769230769234,6.41025641025641,12.82051282051282,80.76923076923077,67.3076923076923,13.461538461538462
E00081035,197,57,24,33,140,120,20,28.934010152284262,12.18274111675127,16.751269035532996,71.06598984771574,60.913705583756354,10.152284263959391
E00081036,160,48,26,22,112,99,13,30,16.25,13.750000000000002,70,61.875,8.125
E00081037,203,59,27,32,144,111,33,29.064039408866993,13.30049261083744,15.763546798029557,70.93596059113301,54.679802955665025,16.25615763546798
E00081038,294,54,15,39,240,205,35,18.367346938775512,5.1020408163265305,13.26530612244898,81.63265306122449,69.72789115646259,11.904761904761903
E00081039,159,46,16,30,113,103,10,28.930817610062892,10.062893081761008,18.867924528301888,71.0691823899371,64.77987421383648,6.289308176100629
E00081040,161,45,12,33,116,98,18,27.95031055900621,7.453416149068323,20.496894409937887,72.04968944099379,60.86956521739131,11.180124223602485
E00081041,103,32,16,16,71,60,11,31.06796116504854,15.53398058252427,15.53398058252427,68.93203883495146,58.252427184466015,10.679611650485436
E00081042,177,51,14,37,126,105,21,28.8135593220339,7.909604519774012,20.903954802259886,71.1864406779661,59.32203389830508,11.864406779661017
E00081043,107,46,12,34,61,52,9,42.99065420560748,11.214953271028037,31.775700934579437,57.009345794392516,48.598130841121495,8.411214953271028
E00081044,237,57,17,40,180,153,27,24.050632911392405,7.172995780590717,16.877637130801688,75.9493670886076,64.55696202531645,11.39240506329114
E00081046,159,32,10,22,127,113,14,20.125786163522015,6.289308176100629,13.836477987421384,79.87421383647799,71.0691823899371,8.80503144654088
E00081047,152,39,15,24,113,92,21,25.657894736842106,9.868421052631579,15.789473684210526,74.3421052631579,60.526315789473685,13.815789473684212
E00081048,148,59,10,49,89,78,11,39.86486486486486,6.756756756756757,33.108108108108105,60.13513513513513,52.702702702702695,7.4324324324324325
E00081049,269,88,28,60,181,160,21,32.71375464684015,10.408921933085502,22.304832713754646,67.28624535315984,59.479553903345725,7.806691449814126
E00081050,100,21,6,15,79,68,11,21,6,15,79,68,11
E00081051,193,55,18,37,138,124,14,28.497409326424872,9.32642487046632,19.170984455958546,71.50259067357513,64.24870466321244,7.253886010362693
E00081052,213,67,20,47,146,131,15,31.455399061032864,9.389671361502346,22.065727699530516,68.54460093896714,61.502347417840376,7.042253521126761
E00081053,60,21,8,13,39,30,9,35,13.333333333333334,21.666666666666668,65,50,15
E00081054,145,54,20,34,91,82,9,37.24137931034483,13.793103448275861,23.448275862068964,62.758620689655174,56.55172413793104,6.206896551724138
E00081055,134,44,18,26,90,76,14,32.83582089552239,13.432835820895523,19.402985074626866,67.16417910447761,56.71641791044776,10.44776119402985
E00081056,105,33,16,17,72,63,9,31.428571428571427,15.238095238095239,16.19047619047619,68.57142857142857,60,8.571428571428571
E00081057,129,37,11,26,92,81,11,28.68217054263566,8.527131782945736,20.155038759689923,71.31782945736434,62.7906976744186,8.527131782945736
E00081058,139,39,9,30,100,87,13,28.05755395683453,6.474820143884892,21.58273381294964,71.94244604316546,62.589928057553955,9.352517985611511
E00081059,144,46,14,32,98,84,14,31.944444444444443,9.722222222222223,22.22222222222222,68.05555555555556,58.333333333333336,9.722222222222223
E00081060,156,45,13,32,111,95,16,28.846153846153843,8.333333333333332,20.51282051282051,71.15384615384616,60.89743589743589,10.256410256410255
E00081061,157,51,10,41,106,93,13,32.48407643312102,6.369426751592357,26.11464968152866,67.51592356687898,59.23566878980891,8.280254777070063
E00081062,125,36,10,26,89,74,15,28.799999999999997,8,20.8,71.2,59.199999999999996,12
E00081063,167,53,13,40,114,97,17,31.736526946107784,7.784431137724551,23.952095808383234,68.26347305389223,58.08383233532935,10.179640718562874
E00081065,115,38,9,29,77,58,19,33.04347826086956,7.82608695652174,25.217391304347824,66.95652173913044,50.43478260869565,16.52173913043478
E00081066,106,47,19,28,59,51,8,44.339622641509436,17.92452830188679,26.41509433962264,55.660377358490564,48.113207547169814,7.547169811320755
E00081067,157,60,22,38,97,80,17,38.21656050955414,14.012738853503185,24.203821656050955,61.78343949044586,50.955414012738856,10.828025477707007
E00081068,157,65,27,38,92,80,12,41.40127388535032,17.197452229299362,24.203821656050955,58.59872611464968,50.955414012738856,7.643312101910828
E00081069,177,45,14,31,132,109,23,25.423728813559322,7.909604519774012,17.51412429378531,74.57627118644068,61.5819209039548,12.994350282485875
E00081071,152,44,16,28,108,98,10,28.947368421052634,10.526315789473683,18.421052631578945,71.05263157894737,64.47368421052632,6.578947368421052
E00081072,127,40,14,26,87,82,5,31.496062992125985,11.023622047244094,20.47244094488189,68.50393700787401,64.56692913385827,3.937007874015748
E00081073,121,43,19,24,78,71,7,35.53719008264463,15.702479338842975,19.834710743801654,64.46280991735537,58.67768595041323,5.785123966942149
E00081074,160,42,18,24,118,91,27,26.25,11.25,15,73.75,56.875,16.875
E00081075,138,41,9,32,97,85,12,29.71014492753623,6.521739130434782,23.18840579710145,70.28985507246377,61.59420289855072,8.695652173913043
E00081076,80,28,12,16,52,47,5,35,15,20,65,58.75,6.25
E00081077,158,38,13,25,120,101,19,24.050632911392405,8.227848101265822,15.822784810126583,75.9493670886076,63.92405063291139,12.025316455696203
E00081078,154,50,11,39,104,89,15,32.467532467532465,7.142857142857142,25.324675324675322,67.53246753246754,57.7922077922078,9.740259740259742
E00081079,147,46,19,27,101,93,8,31.292517006802722,12.925170068027212,18.367346938775512,68.70748299319727,63.26530612244898,5.442176870748299
E00081080,171,52,13,39,119,101,18,30.409356725146196,7.602339181286549,22.807017543859647,69.5906432748538,59.06432748538012,10.526315789473683
E00081081,190,52,18,34,138,115,23,27.368421052631582,9.473684210526317,17.894736842105264,72.63157894736842,60.526315789473685,12.105263157894736
E00081082,208,48,20,28,160,139,21,23.076923076923077,9.615384615384617,13.461538461538462,76.92307692307693,66.82692307692307,10.096153846153847
E00081083,244,69,23,46,175,148,27,28.278688524590162,9.426229508196721,18.852459016393443,71.72131147540983,60.65573770491803,11.065573770491802
E00081084,140,38,16,22,102,88,14,27.142857142857142,11.428571428571429,15.714285714285714,72.85714285714285,62.857142857142854,10
E00081085,151,42,15,27,109,83,26,27.81456953642384,9.933774834437086,17.880794701986755,72.18543046357617,54.966887417218544,17.218543046357617
E00081086,163,45,12,33,118,101,17,27.607361963190186,7.361963190184049,20.245398773006134,72.39263803680981,61.963190184049076,10.429447852760736
E00081087,151,46,19,27,105,100,5,30.4635761589404,12.582781456953644,17.880794701986755,69.5364238410596,66.22516556291392,3.3112582781456954
E00081088,122,36,23,13,86,72,14,29.508196721311474,18.852459016393443,10.655737704918032,70.49180327868852,59.01639344262295,11.475409836065573
E00081089,213,60,23,37,153,123,30,28.169014084507044,10.7981220657277,17.370892018779344,71.83098591549296,57.74647887323944,14.084507042253522
E00081090,186,42,18,24,144,128,16,22.58064516129032,9.67741935483871,12.903225806451612,77.41935483870968,68.81720430107528,8.60215053763441
E00081091,167,36,17,19,131,115,16,21.55688622754491,10.179640718562874,11.377245508982035,78.44311377245509,68.8622754491018,9.580838323353294
E00081092,181,43,20,23,138,123,15,23.756906077348066,11.049723756906078,12.70718232044199,76.24309392265194,67.95580110497238,8.287292817679557
E00081093,141,39,13,26,102,90,12,27.659574468085108,9.219858156028367,18.439716312056735,72.3404255319149,63.829787234042556,8.51063829787234
E00081094,151,58,24,34,93,75,18,38.41059602649007,15.894039735099339,22.516556291390728,61.58940397350994,49.668874172185426,11.920529801324504
E00081095,163,69,27,42,94,83,11,42.331288343558285,16.56441717791411,25.766871165644172,57.668711656441715,50.920245398773,6.748466257668712
E00081096,153,45,15,30,108,93,15,29.411764705882355,9.803921568627452,19.607843137254903,70.58823529411765,60.78431372549019,9.803921568627452
E00081097,118,38,10,28,80,64,16,32.20338983050847,8.47457627118644,23.728813559322035,67.79661016949152,54.23728813559322,13.559322033898304
E00081098,150,37,15,22,113,103,10,24.666666666666668,10,14.666666666666666,75.33333333333333,68.66666666666667,6.666666666666667
E00081099,171,43,13,30,128,110,18,25.146198830409354,7.602339181286549,17.543859649122805,74.85380116959064,64.32748538011695,10.526315789473683
E00081100,181,54,24,30,127,116,11,29.83425414364641,13.259668508287293,16.574585635359114,70.1657458563536,64.08839779005525,6.077348066298343
E00081101,163,39,13,26,124,115,9,23.92638036809816,7.975460122699387,15.950920245398773,76.07361963190185,70.5521472392638,5.521472392638037
E00081102,146,38,17,21,108,86,22,26.027397260273972,11.643835616438356,14.383561643835616,73.97260273972603,58.9041095890411,15.068493150684931
E00081103,186,51,16,35,135,120,15,27.419354838709676,8.60215053763441,18.817204301075268,72.58064516129032,64.51612903225806,8.064516129032258
E00081104,158,49,11,38,109,98,11,31.0126582278481,6.962025316455696,24.050632911392405,68.9873417721519,62.0253164556962,6.962025316455696
E00081105,163,57,17,40,106,94,12,34.96932515337423,10.429447852760736,24.539877300613497,65.03067484662577,57.668711656441715,7.361963190184049
E00081106,171,34,18,16,137,119,18,19.883040935672515,10.526315789473683,9.35672514619883,80.11695906432749,69.5906432748538,10.526315789473683
E00081107,148,40,9,31,108,92,16,27.027027027027028,6.081081081081082,20.945945945945947,72.97297297297297,62.16216216216216,10.81081081081081
E00081108,178,40,14,26,138,111,27,22.47191011235955,7.865168539325842,14.606741573033707,77.52808988764045,62.35955056179775,15.168539325842698
E00081109,178,45,16,29,133,109,24,25.280898876404496,8.98876404494382,16.292134831460675,74.71910112359551,61.23595505617978,13.48314606741573
E00081110,172,42,13,29,130,105,25,24.418604651162788,7.55813953488372,16.86046511627907,75.5813953488372,61.04651162790697,14.534883720930234
E00081111,173,53,14,39,120,105,15,30.63583815028902,8.092485549132949,22.54335260115607,69.36416184971098,60.69364161849711,8.670520231213873
E00081112,165,38,14,24,127,112,15,23.03030303030303,8.484848484848486,14.545454545454545,76.96969696969697,67.87878787878789,9.090909090909092
E00081113,163,43,16,27,120,108,12,26.380368098159508,9.815950920245399,16.56441717791411,73.61963190184049,66.25766871165644,7.361963190184049
E00081114,157,38,11,27,119,105,14,24.203821656050955,7.006369426751593,17.197452229299362,75.79617834394905,66.87898089171973,8.9171974522293
E00081115,177,42,21,21,135,118,17,23.728813559322035,11.864406779661017,11.864406779661017,76.27118644067797,66.66666666666666,9.6045197740113
E00081116,154,45,19,26,109,94,15,29.22077922077922,12.337662337662337,16.883116883116884,70.77922077922078,61.038961038961034,9.740259740259742
E00081117,172,58,24,34,114,100,14,33.72093023255814,13.953488372093023,19.767441860465116,66.27906976744185,58.139534883720934,8.13953488372093
E00081118,197,54,20,34,143,117,26,27.411167512690355,10.152284263959391,17.258883248730964,72.58883248730965,59.390862944162436,13.19796954314721
E00081119,153,39,10,29,114,101,13,25.49019607843137,6.535947712418301,18.954248366013072,74.50980392156863,66.01307189542483,8.49673202614379
E00081120,193,49,17,32,144,120,24,25.38860103626943,8.808290155440414,16.580310880829018,74.61139896373057,62.17616580310881,12.435233160621761
E00081121,182,43,16,27,139,118,21,23.626373626373624,8.791208791208792,14.835164835164836,76.37362637362637,64.83516483516483,11.538461538461538
E00081122,154,41,11,30,113,97,16,26.623376623376622,7.142857142857142,19.480519480519483,73.37662337662337,62.98701298701299,10.38961038961039
E00081123,180,31,12,19,149,133,16,17.22222222222222,6.666666666666667,10.555555555555555,82.77777777777777,73.88888888888889,8.88888888888889
E00081124,206,53,22,31,153,134,19,25.728155339805824,10.679611650485436,15.048543689320388,74.27184466019418,65.0485436893204,9.223300970873787
E00081125,125,37,14,23,88,78,10,29.599999999999998,11.200000000000001,18.4,70.39999999999999,62.4,8
E00081126,163,46,17,29,117,105,12,28.22085889570552,10.429447852760736,17.791411042944784,71.77914110429448,64.41717791411043,7.361963190184049
E00081127,188,61,22,39,127,106,21,32.4468085106383,11.702127659574469,20.74468085106383,67.5531914893617,56.38297872340425,11.170212765957446
E00081128,163,46,21,25,117,106,11,28.22085889570552,12.883435582822086,15.337423312883436,71.77914110429448,65.03067484662577,6.748466257668712
E00081129,170,50,15,35,120,98,22,29.411764705882355,8.823529411764707,20.588235294117645,70.58823529411765,57.647058823529406,12.941176470588237
E00081130,183,53,14,39,130,114,16,28.96174863387978,7.650273224043716,21.311475409836063,71.03825136612022,62.295081967213115,8.743169398907105
E00081131,155,46,18,28,109,87,22,29.677419354838708,11.612903225806452,18.064516129032256,70.3225806451613,56.12903225806451,14.193548387096774
E00081132,134,32,17,15,102,86,16,23.88059701492537,12.686567164179104,11.194029850746269,76.11940298507463,64.17910447761194,11.940298507462686
E00081133,183,57,15,42,126,110,16,31.147540983606557,8.19672131147541,22.950819672131146,68.85245901639344,60.10928961748634,8.743169398907105
E00081134,207,53,15,38,154,140,14,25.60386473429952,7.246376811594203,18.357487922705314,74.39613526570048,67.6328502415459,6.763285024154589
E00081135,297,86,32,54,211,183,28,28.95622895622896,10.774410774410773,18.181818181818183,71.04377104377105,61.61616161616161,9.427609427609427
E00081136,121,43,21,22,78,68,10,35.53719008264463,17.355371900826448,18.181818181818183,64.46280991735537,56.19834710743802,8.264462809917356
E00081137,185,65,29,36,120,87,33,35.13513513513514,15.675675675675677,19.45945945945946,64.86486486486487,47.02702702702703,17.83783783783784
E00081138,137,42,13,29,95,79,16,30.656934306569344,9.48905109489051,21.16788321167883,69.34306569343066,57.66423357664233,11.678832116788321
E00081139,120,43,15,28,77,59,18,35.833333333333336,12.5,23.333333333333332,64.16666666666667,49.166666666666664,15
E00081140,134,38,12,26,96,75,21,28.35820895522388,8.955223880597014,19.402985074626866,71.64179104477611,55.970149253731336,15.671641791044777
E00081141,156,36,6,30,120,97,23,23.076923076923077,3.8461538461538463,19.230769230769234,76.92307692307693,62.17948717948718,14.743589743589745
E00081142,186,54,17,37,132,102,30,29.03225806451613,9.13978494623656,19.892473118279568,70.96774193548387,54.83870967741935,16.129032258064516
E00081143,160,57,21,36,103,92,11,35.625,13.125,22.5,64.375,57.49999999999999,6.875000000000001
E00081144,151,56,23,33,95,64,31,37.086092715231786,15.2317880794702,21.85430463576159,62.913907284768214,42.384105960264904,20.52980132450331
E00081145,143,54,26,28,89,77,12,37.76223776223776,18.181818181818183,19.58041958041958,62.23776223776224,53.84615384615385,8.391608391608392
E00081146,142,39,15,24,103,84,19,27.464788732394368,10.56338028169014,16.901408450704224,72.53521126760563,59.154929577464785,13.380281690140844
E00081147,87,25,8,17,62,57,5,28.735632183908045,9.195402298850574,19.54022988505747,71.26436781609196,65.51724137931035,5.747126436781609
E00081148,141,38,18,20,103,77,26,26.95035460992908,12.76595744680851,14.184397163120568,73.04964539007092,54.60992907801418,18.439716312056735
E00081149,133,52,17,35,81,62,19,39.097744360902254,12.781954887218044,26.31578947368421,60.902255639097746,46.616541353383454,14.285714285714285
E00081150,165,47,18,29,118,97,21,28.484848484848484,10.909090909090908,17.575757575757574,71.51515151515152,58.78787878787879,12.727272727272727
E00081151,129,40,15,25,89,71,18,31.007751937984494,11.627906976744185,19.379844961240313,68.9922480620155,55.03875968992248,13.953488372093023
E00081152,176,57,23,34,119,99,20,32.38636363636363,13.068181818181818,19.318181818181817,67.61363636363636,56.25,11.363636363636363
E00081153,114,36,14,22,78,60,18,31.57894736842105,12.280701754385964,19.298245614035086,68.42105263157895,52.63157894736842,15.789473684210526
E00081154,149,46,11,35,103,82,21,30.87248322147651,7.38255033557047,23.48993288590604,69.12751677852349,55.033557046979865,14.093959731543624
E00081155,243,73,25,48,170,139,31,30.04115226337449,10.2880658436214,19.753086419753085,69.95884773662551,57.20164609053497,12.757201646090536
E00081156,157,51,17,34,106,88,18,32.48407643312102,10.828025477707007,21.656050955414013,67.51592356687898,56.05095541401274,11.464968152866243
E00081157,150,42,10,32,108,81,27,28.000000000000004,6.666666666666667,21.333333333333336,72,54,18
E00081158,132,42,13,29,90,69,21,31.818181818181817,9.848484848484848,21.96969696969697,68.18181818181817,52.27272727272727,15.909090909090908
E00081159,130,36,8,28,94,81,13,27.692307692307693,6.153846153846154,21.53846153846154,72.3076923076923,62.30769230769231,10
E00081160,149,57,15,42,92,78,14,38.25503355704698,10.06711409395973,28.187919463087248,61.74496644295302,52.348993288590606,9.395973154362416
E00081161,145,35,9,26,110,89,21,24.137931034482758,6.206896551724138,17.93103448275862,75.86206896551724,61.37931034482759,14.482758620689657
E00081162,154,35,10,25,119,103,16,22.727272727272727,6.493506493506493,16.233766233766232,77.27272727272727,66.88311688311688,10.38961038961039
E00081163,139,44,14,30,95,82,13,31.654676258992804,10.071942446043165,21.58273381294964,68.34532374100719,58.992805755395686,9.352517985611511
E00081164,186,59,20,39,127,100,27,31.72043010752688,10.75268817204301,20.967741935483872,68.27956989247312,53.76344086021505,14.516129032258066
E00081165,152,44,11,33,108,83,25,28.947368421052634,7.236842105263158,21.710526315789476,71.05263157894737,54.60526315789473,16.447368421052634
E00081166,190,59,22,37,131,114,17,31.05263157894737,11.578947368421053,19.473684210526315,68.94736842105263,60,8.947368421052632
E00081167,161,44,13,31,117,109,8,27.32919254658385,8.074534161490684,19.25465838509317,72.67080745341616,67.70186335403726,4.968944099378882
E00081168,186,64,23,41,122,98,24,34.40860215053764,12.365591397849462,22.043010752688172,65.59139784946237,52.68817204301075,12.903225806451612
E00081169,134,39,16,23,95,78,17,29.1044776119403,11.940298507462686,17.16417910447761,70.8955223880597,58.2089552238806,12.686567164179104
E00081170,142,36,16,20,106,93,13,25.352112676056336,11.267605633802818,14.084507042253522,74.64788732394366,65.49295774647888,9.15492957746479
E00081171,141,51,14,37,90,71,19,36.17021276595745,9.929078014184398,26.24113475177305,63.829787234042556,50.35460992907801,13.47517730496454
E00081172,170,58,14,44,112,97,15,34.11764705882353,8.235294117647058,25.882352941176475,65.88235294117646,57.05882352941176,8.823529411764707
E00081173,159,35,11,24,124,98,26,22.0125786163522,6.918238993710692,15.09433962264151,77.9874213836478,61.63522012578616,16.352201257861633
E00081174,120,39,4,35,81,69,12,32.5,3.3333333333333335,29.166666666666668,67.5,57.49999999999999,10
E00081175,155,37,17,20,118,108,10,23.870967741935484,10.967741935483872,12.903225806451612,76.12903225806451,69.6774193548387,6.451612903225806
E00081176,138,28,10,18,110,97,13,20.28985507246377,7.246376811594203,13.043478260869565,79.71014492753623,70.28985507246377,9.420289855072465
E00081177,122,32,5,27,90,76,14,26.229508196721312,4.098360655737705,22.131147540983605,73.77049180327869,62.295081967213115,11.475409836065573
E00081178,161,62,19,43,99,80,19,38.50931677018634,11.801242236024844,26.70807453416149,61.49068322981367,49.68944099378882,11.801242236024844
E00081179,168,45,12,33,123,101,22,26.785714285714285,7.142857142857142,19.642857142857142,73.21428571428571,60.11904761904761,13.095238095238097
E00081180,107,36,14,22,71,59,12,33.64485981308411,13.084112149532709,20.5607476635514,66.35514018691589,55.140186915887845,11.214953271028037
E00081181,154,41,10,31,113,92,21,26.623376623376622,6.493506493506493,20.12987012987013,73.37662337662337,59.74025974025974,13.636363636363635
E00081182,153,32,15,17,121,105,16,20.915032679738562,9.803921568627452,11.11111111111111,79.08496732026144,68.62745098039215,10.457516339869281
E00081183,161,46,11,35,115,98,17,28.57142857142857,6.832298136645963,21.73913043478261,71.42857142857143,60.86956521739131,10.559006211180124
E00081184,138,44,11,33,94,78,16,31.88405797101449,7.971014492753622,23.91304347826087,68.11594202898551,56.52173913043478,11.594202898550725
E00081185,192,43,12,31,149,130,19,22.395833333333336,6.25,16.145833333333336,77.60416666666666,67.70833333333334,9.895833333333332
E00081186,147,41,14,27,106,85,21,27.89115646258503,9.523809523809524,18.367346938775512,72.10884353741497,57.82312925170068,14.285714285714285
E00081187,185,51,20,31,134,114,20,27.56756756756757,10.81081081081081,16.756756756756758,72.43243243243244,61.62162162162163,10.81081081081081
E00081188,117,37,17,20,80,65,15,31.62393162393162,14.529914529914532,17.094017094017094,68.37606837606837,55.55555555555556,12.82051282051282
E00081189,146,48,9,39,98,84,14,32.87671232876712,6.164383561643835,26.71232876712329,67.12328767123287,57.534246575342465,9.58904109589041
E00081190,91,26,10,16,65,59,6,28.57142857142857,10.989010989010989,17.582417582417584,71.42857142857143,64.83516483516483,6.593406593406594
E00081191,178,57,10,47,121,98,23,32.02247191011236,5.617977528089887,26.40449438202247,67.97752808988764,55.0561797752809,12.921348314606742
E00081192,191,43,14,29,148,130,18,22.5130890052356,7.329842931937172,15.18324607329843,77.4869109947644,68.06282722513089,9.424083769633508
E00081193,120,44,21,23,76,65,11,36.666666666666664,17.5,19.166666666666668,63.33333333333333,54.166666666666664,9.166666666666666
E00081194,32,6,2,4,26,22,4,18.75,6.25,12.5,81.25,68.75,12.5
E00081195,139,46,20,26,93,77,16,33.093525179856115,14.388489208633093,18.705035971223023,66.90647482014388,55.39568345323741,11.510791366906476
E00081196,140,41,17,24,99,83,16,29.28571428571429,12.142857142857142,17.142857142857142,70.71428571428572,59.285714285714285,11.428571428571429
E00081197,133,39,15,24,94,82,12,29.32330827067669,11.278195488721805,18.045112781954884,70.67669172932331,61.65413533834586,9.022556390977442
E00081198,158,51,14,37,107,95,12,32.278481012658226,8.860759493670885,23.417721518987342,67.72151898734177,60.12658227848101,7.59493670886076
E00081199,213,53,22,31,160,138,22,24.88262910798122,10.328638497652582,14.553990610328638,75.11737089201877,64.7887323943662,10.328638497652582
E00081200,155,46,16,30,109,88,21,29.677419354838708,10.32258064516129,19.35483870967742,70.3225806451613,56.774193548387096,13.548387096774196
E00081201,131,38,17,21,93,83,10,29.00763358778626,12.977099236641221,16.030534351145036,70.99236641221374,63.358778625954194,7.633587786259542
E00081202,227,56,20,36,171,143,28,24.669603524229075,8.81057268722467,15.859030837004406,75.33039647577093,62.99559471365639,12.334801762114537
E00081203,67,22,4,18,45,36,9,32.83582089552239,5.970149253731343,26.865671641791046,67.16417910447761,53.73134328358209,13.432835820895523
E00081204,184,59,14,45,125,104,21,32.065217391304344,7.608695652173914,24.456521739130434,67.93478260869566,56.52173913043478,11.41304347826087
E00081205,132,43,16,27,89,76,13,32.57575757575758,12.121212121212121,20.454545454545457,67.42424242424242,57.57575757575758,9.848484848484848
E00081206,137,46,15,31,91,78,13,33.57664233576642,10.948905109489052,22.62773722627737,66.42335766423358,56.934306569343065,9.48905109489051
E00081207,210,61,16,45,149,125,24,29.04761904761905,7.6190476190476195,21.428571428571427,70.95238095238095,59.523809523809526,11.428571428571429
E00081208,100,29,6,23,71,54,17,28.999999999999996,6,23,71,54,17
E00081209,63,21,3,18,42,36,6,33.33333333333333,4.761904761904762,28.57142857142857,66.66666666666666,57.14285714285714,9.523809523809524
E00081210,161,47,18,29,114,98,16,29.19254658385093,11.180124223602485,18.012422360248447,70.80745341614907,60.86956521739131,9.937888198757763
E00081211,161,41,14,27,120,108,12,25.465838509316768,8.695652173913043,16.77018633540373,74.53416149068323,67.08074534161491,7.453416149068323
E00081212,124,31,14,17,93,78,15,25,11.29032258064516,13.709677419354838,75,62.903225806451616,12.096774193548388
E00081213,132,32,10,22,100,90,10,24.242424242424242,7.575757575757576,16.666666666666664,75.75757575757575,68.18181818181817,7.575757575757576
E00081214,87,30,5,25,57,44,13,34.48275862068966,5.747126436781609,28.735632183908045,65.51724137931035,50.57471264367817,14.942528735632186
E00081215,155,38,10,28,117,101,16,24.516129032258064,6.451612903225806,18.064516129032256,75.48387096774194,65.16129032258064,10.32258064516129
E00081216,193,51,15,36,142,122,20,26.42487046632124,7.772020725388601,18.65284974093264,73.57512953367875,63.212435233160626,10.362694300518134
E00081217,119,38,16,22,81,71,10,31.932773109243694,13.445378151260504,18.487394957983195,68.0672268907563,59.66386554621849,8.403361344537815
E00081218,178,48,15,33,130,109,21,26.96629213483146,8.426966292134832,18.53932584269663,73.03370786516854,61.23595505617978,11.797752808988763
E00081219,150,33,9,24,117,98,19,22,6,16,78,65.33333333333333,12.666666666666668
E00081220,163,38,14,24,125,107,18,23.31288343558282,8.588957055214724,14.723926380368098,76.68711656441718,65.6441717791411,11.042944785276074
E00081221,68,36,9,27,32,26,6,52.94117647058824,13.23529411764706,39.705882352941174,47.05882352941176,38.23529411764706,8.823529411764707
E00081222,161,58,21,37,103,88,15,36.024844720496894,13.043478260869565,22.981366459627328,63.975155279503106,54.6583850931677,9.316770186335404
E00081223,169,47,15,32,122,105,17,27.810650887573964,8.875739644970414,18.93491124260355,72.18934911242604,62.1301775147929,10.059171597633137
E00081224,151,41,13,28,110,84,26,27.1523178807947,8.609271523178808,18.543046357615893,72.84768211920529,55.62913907284768,17.218543046357617
E00081225,108,32,9,23,76,64,12,29.629629629629626,8.333333333333332,21.296296296296298,70.37037037037037,59.25925925925925,11.11111111111111
E00081226,159,46,21,25,113,104,9,28.930817610062892,13.20754716981132,15.723270440251572,71.0691823899371,65.40880503144653,5.660377358490567
E00081227,171,54,14,40,117,99,18,31.57894736842105,8.187134502923977,23.391812865497073,68.42105263157895,57.89473684210527,10.526315789473683
E00081228,136,43,14,29,93,79,14,31.61764705882353,10.294117647058822,21.323529411764707,68.38235294117648,58.08823529411765,10.294117647058822
E00081229,182,44,18,26,138,122,16,24.175824175824175,9.89010989010989,14.285714285714285,75.82417582417582,67.03296703296702,8.791208791208792
E00081230,164,50,18,32,114,94,20,30.48780487804878,10.975609756097562,19.51219512195122,69.51219512195121,57.3170731707317,12.195121951219512
E00081231,78,27,8,19,51,47,4,34.61538461538461,10.256410256410255,24.358974358974358,65.38461538461539,60.256410256410255,5.128205128205128
E00081232,102,28,10,18,74,63,11,27.450980392156865,9.803921568627452,17.647058823529413,72.54901960784314,61.76470588235294,10.784313725490197
E00081233,131,41,14,27,90,83,7,31.297709923664126,10.687022900763358,20.610687022900763,68.70229007633588,63.358778625954194,5.343511450381679
E00081234,153,45,17,28,108,84,24,29.411764705882355,11.11111111111111,18.30065359477124,70.58823529411765,54.90196078431373,15.686274509803921
E00081235,52,15,6,9,37,28,9,28.846153846153843,11.538461538461538,17.307692307692307,71.15384615384616,53.84615384615385,17.307692307692307
E00081236,184,40,14,26,144,117,27,21.73913043478261,7.608695652173914,14.130434782608695,78.26086956521739,63.58695652173913,14.673913043478262
E00081237,195,55,22,33,140,114,26,28.205128205128204,11.282051282051283,16.923076923076923,71.7948717948718,58.46153846153847,13.333333333333334
E00081238,125,33,12,21,92,73,19,26.400000000000002,9.6,16.8,73.6,58.4,15.2
E00081239,159,44,11,33,115,88,27,27.67295597484277,6.918238993710692,20.754716981132077,72.32704402515722,55.34591194968554,16.9811320754717
E00081240,123,37,21,16,86,65,21,30.081300813008134,17.073170731707318,13.008130081300814,69.91869918699187,52.84552845528455,17.073170731707318
E00081241,99,25,12,13,74,52,22,25.252525252525253,12.121212121212121,13.131313131313133,74.74747474747475,52.52525252525253,22.22222222222222
E00081242,253,66,28,38,187,156,31,26.08695652173913,11.067193675889328,15.019762845849801,73.91304347826086,61.6600790513834,12.25296442687747
E00081243,124,37,15,22,87,70,17,29.838709677419356,12.096774193548388,17.741935483870968,70.16129032258065,56.451612903225815,13.709677419354838
E00081244,168,43,15,28,125,113,12,25.595238095238095,8.928571428571429,16.666666666666664,74.40476190476191,67.26190476190477,7.142857142857142
E00081245,215,59,19,40,156,123,33,27.44186046511628,8.837209302325581,18.6046511627907,72.55813953488372,57.20930232558139,15.348837209302326
E00081246,176,47,23,24,129,102,27,26.704545454545453,13.068181818181818,13.636363636363635,73.29545454545455,57.95454545454546,15.340909090909092
E00081247,160,44,16,28,116,88,28,27.500000000000004,10,17.5,72.5,55.00000000000001,17.5
E00081250,118,34,14,20,84,63,21,28.8135593220339,11.864406779661017,16.94915254237288,71.1864406779661,53.38983050847458,17.796610169491526
E00081252,154,39,14,25,115,88,27,25.324675324675322,9.090909090909092,16.233766233766232,74.67532467532467,57.14285714285714,17.532467532467532
E00081253,217,39,13,26,178,147,31,17.972350230414747,5.990783410138248,11.981566820276496,82.02764976958525,67.74193548387096,14.285714285714285
E00081254,273,65,18,47,208,169,39,23.809523809523807,6.593406593406594,17.216117216117215,76.19047619047619,61.904761904761905,14.285714285714285
E00081256,112,27,7,20,85,72,13,24.107142857142858,6.25,17.857142857142858,75.89285714285714,64.28571428571429,11.607142857142858
E00081257,170,47,17,30,123,93,30,27.647058823529413,10,17.647058823529413,72.35294117647058,54.70588235294118,17.647058823529413
E00081258,149,39,7,32,110,89,21,26.174496644295303,4.697986577181208,21.476510067114095,73.8255033557047,59.73154362416108,14.093959731543624
E00081259,99,23,9,14,76,66,10,23.232323232323232,9.090909090909092,14.14141414141414,76.76767676767676,66.66666666666666,10.1010101010101
E00081260,126,28,10,18,98,77,21,22.22222222222222,7.936507936507936,14.285714285714285,77.77777777777779,61.111111111111114,16.666666666666664
E00081261,140,38,11,27,102,87,15,27.142857142857142,7.857142857142857,19.28571428571429,72.85714285714285,62.142857142857146,10.714285714285714
E00081262,119,34,11,23,85,65,20,28.57142857142857,9.243697478991598,19.327731092436977,71.42857142857143,54.621848739495796,16.80672268907563
E00081263,96,33,13,20,63,55,8,34.375,13.541666666666666,20.833333333333336,65.625,57.291666666666664,8.333333333333332
E00081264,133,37,13,24,96,76,20,27.819548872180448,9.774436090225564,18.045112781954884,72.18045112781954,57.14285714285714,15.037593984962406
E00081265,101,30,8,22,71,52,19,29.7029702970297,7.920792079207921,21.782178217821784,70.29702970297029,51.48514851485149,18.81188118811881
E00081266,171,38,14,24,133,107,26,22.22222222222222,8.187134502923977,14.035087719298245,77.77777777777779,62.57309941520468,15.204678362573098
E00081267,130,34,12,22,96,76,20,26.153846153846157,9.230769230769232,16.923076923076923,73.84615384615385,58.46153846153847,15.384615384615385
E00081268,80,23,10,13,57,44,13,28.749999999999996,12.5,16.25,71.25,55.00000000000001,16.25
E00081269,131,34,10,24,97,76,21,25.954198473282442,7.633587786259542,18.3206106870229,74.04580152671755,58.01526717557252,16.030534351145036
E00081270,162,44,16,28,118,98,20,27.160493827160494,9.876543209876543,17.28395061728395,72.8395061728395,60.49382716049383,12.345679012345679
E00081271,139,38,6,32,101,81,20,27.33812949640288,4.316546762589928,23.021582733812952,72.66187050359713,58.27338129496403,14.388489208633093
E00081272,171,43,16,27,128,98,30,25.146198830409354,9.35672514619883,15.789473684210526,74.85380116959064,57.30994152046783,17.543859649122805
E00081273,180,43,14,29,137,108,29,23.88888888888889,7.777777777777778,16.11111111111111,76.11111111111111,60,16.11111111111111
E00081274,133,39,14,25,94,75,19,29.32330827067669,10.526315789473683,18.796992481203006,70.67669172932331,56.390977443609025,14.285714285714285
E00081275,171,44,21,23,127,111,16,25.730994152046783,12.280701754385964,13.450292397660817,74.26900584795322,64.91228070175438,9.35672514619883
E00081276,143,45,24,21,98,75,23,31.46853146853147,16.783216783216783,14.685314685314685,68.53146853146853,52.44755244755245,16.083916083916083
E00081277,193,62,29,33,131,100,31,32.12435233160622,15.025906735751295,17.098445595854923,67.87564766839378,51.813471502590666,16.06217616580311
E00081278,168,41,16,25,127,110,17,24.404761904761905,9.523809523809524,14.880952380952381,75.59523809523809,65.47619047619048,10.119047619047619
E00081279,250,55,16,39,195,169,26,22,6.4,15.6,78,67.60000000000001,10.4
E00081280,176,55,16,39,121,93,28,31.25,9.090909090909092,22.15909090909091,68.75,52.84090909090909,15.909090909090908
E00081281,183,37,12,25,146,132,14,20.21857923497268,6.557377049180328,13.661202185792352,79.78142076502732,72.1311475409836,7.650273224043716
E00081282,171,37,13,24,134,117,17,21.637426900584796,7.602339181286549,14.035087719298245,78.3625730994152,68.42105263157895,9.941520467836257
E00081283,133,33,9,24,100,81,19,24.81203007518797,6.7669172932330826,18.045112781954884,75.18796992481202,60.902255639097746,14.285714285714285
E00081284,153,45,7,38,108,88,20,29.411764705882355,4.57516339869281,24.836601307189543,70.58823529411765,57.51633986928104,13.071895424836603
E00081285,84,19,7,12,65,54,11,22.61904761904762,8.333333333333332,14.285714285714285,77.38095238095238,64.28571428571429,13.095238095238097
E00081286,127,38,11,27,89,74,15,29.92125984251969,8.661417322834646,21.25984251968504,70.07874015748031,58.26771653543307,11.811023622047244
E00081287,105,27,8,19,78,65,13,25.71428571428571,7.6190476190476195,18.095238095238095,74.28571428571429,61.904761904761905,12.380952380952381
E00081288,213,61,23,38,152,125,27,28.638497652582164,10.7981220657277,17.84037558685446,71.36150234741784,58.68544600938967,12.676056338028168
E00081289,176,50,14,36,126,92,34,28.40909090909091,7.954545454545454,20.454545454545457,71.5909090909091,52.27272727272727,19.318181818181817
E00081290,191,59,22,37,132,105,27,30.89005235602094,11.518324607329843,19.3717277486911,69.10994764397905,54.973821989528794,14.136125654450263
E00081291,157,44,18,26,113,97,16,28.02547770700637,11.464968152866243,16.560509554140125,71.97452229299363,61.78343949044586,10.191082802547772
E00081292,167,49,16,33,118,98,20,29.34131736526946,9.580838323353294,19.760479041916167,70.65868263473054,58.68263473053892,11.976047904191617
E00081293,185,46,24,22,139,115,24,24.864864864864867,12.972972972972974,11.891891891891893,75.13513513513513,62.16216216216216,12.972972972972974
E00081294,133,37,19,18,96,72,24,27.819548872180448,14.285714285714285,13.533834586466165,72.18045112781954,54.13533834586466,18.045112781954884
E00081295,166,39,7,32,127,115,12,23.49397590361446,4.216867469879518,19.27710843373494,76.50602409638554,69.27710843373494,7.228915662650602
E00081296,42,8,0,8,34,27,7,19.047619047619047,0,19.047619047619047,80.95238095238095,64.28571428571429,16.666666666666664
E00081297,180,44,17,27,136,111,25,24.444444444444443,9.444444444444445,15,75.55555555555556,61.66666666666667,13.88888888888889
E00081298,180,41,10,31,139,115,24,22.77777777777778,5.555555555555555,17.22222222222222,77.22222222222223,63.888888888888886,13.333333333333334
E00081299,151,52,23,29,99,87,12,34.437086092715234,15.2317880794702,19.205298013245034,65.56291390728477,57.615894039735096,7.9470198675496695
E00081300,199,53,23,30,146,122,24,26.633165829145728,11.557788944723619,15.07537688442211,73.36683417085426,61.30653266331658,12.060301507537687
E00081301,212,54,17,37,158,139,19,25.471698113207548,8.018867924528301,17.452830188679243,74.52830188679245,65.56603773584906,8.962264150943396
E00081302,171,53,22,31,118,104,14,30.994152046783626,12.865497076023392,18.128654970760234,69.00584795321637,60.81871345029239,8.187134502923977
E00081303,171,48,19,29,123,99,24,28.07017543859649,11.11111111111111,16.95906432748538,71.9298245614035,57.89473684210527,14.035087719298245
E00081304,171,33,12,21,138,120,18,19.298245614035086,7.017543859649122,12.280701754385964,80.7017543859649,70.17543859649122,10.526315789473683
E00081305,211,59,15,44,152,131,21,27.96208530805687,7.109004739336493,20.85308056872038,72.03791469194313,62.08530805687204,9.95260663507109
E00081306,222,66,27,39,156,131,25,29.72972972972973,12.162162162162163,17.56756756756757,70.27027027027027,59.009009009009006,11.26126126126126
E00081307,175,41,12,29,134,105,29,23.42857142857143,6.857142857142858,16.57142857142857,76.57142857142857,60,16.57142857142857
E00081308,265,67,23,44,198,168,30,25.28301886792453,8.679245283018867,16.60377358490566,74.71698113207546,63.39622641509434,11.320754716981133
E00081309,162,45,18,27,117,89,28,27.77777777777778,11.11111111111111,16.666666666666664,72.22222222222221,54.93827160493827,17.28395061728395
E00081310,175,40,18,22,135,117,18,22.857142857142858,10.285714285714285,12.571428571428573,77.14285714285715,66.85714285714286,10.285714285714285
E00081311,121,38,11,27,83,71,12,31.40495867768595,9.090909090909092,22.31404958677686,68.59504132231406,58.67768595041323,9.917355371900827
E00081312,119,27,10,17,92,76,16,22.689075630252102,8.403361344537815,14.285714285714285,77.31092436974791,63.86554621848739,13.445378151260504
E00081313,166,42,17,25,124,95,29,25.301204819277107,10.240963855421686,15.060240963855422,74.69879518072288,57.22891566265061,17.46987951807229
E00081314,88,39,12,27,49,42,7,44.31818181818182,13.636363636363635,30.681818181818183,55.68181818181818,47.72727272727273,7.954545454545454
E00081315,98,31,7,24,67,61,6,31.63265306122449,7.142857142857142,24.489795918367346,68.36734693877551,62.244897959183675,6.122448979591836
E00081316,148,46,20,26,102,84,18,31.08108108108108,13.513513513513514,17.56756756756757,68.91891891891892,56.75675675675676,12.162162162162163
E00081317,175,49,15,34,126,92,34,28.000000000000004,8.571428571428571,19.428571428571427,72,52.57142857142857,19.428571428571427
E00081318,150,45,14,31,105,85,20,30,9.333333333333334,20.666666666666668,70,56.666666666666664,13.333333333333334
E00081319,126,37,16,21,89,79,10,29.365079365079367,12.698412698412698,16.666666666666664,70.63492063492063,62.698412698412696,7.936507936507936
E00081320,179,52,17,35,127,113,14,29.05027932960894,9.497206703910614,19.553072625698324,70.94972067039106,63.128491620111724,7.82122905027933
E00081321,137,35,15,20,102,82,20,25.547445255474454,10.948905109489052,14.5985401459854,74.45255474452554,59.854014598540154,14.5985401459854
E00081322,192,47,13,34,145,120,25,24.479166666666664,6.770833333333333,17.708333333333336,75.52083333333334,62.5,13.020833333333334
E00081323,160,57,29,28,103,77,26,35.625,18.125,17.5,64.375,48.125,16.25
E00081324,137,46,21,25,91,75,16,33.57664233576642,15.328467153284672,18.248175182481752,66.42335766423358,54.74452554744526,11.678832116788321
E00081325,153,40,15,25,113,93,20,26.143790849673206,9.803921568627452,16.33986928104575,73.8562091503268,60.78431372549019,13.071895424836603
E00081326,119,37,13,24,82,69,13,31.092436974789916,10.92436974789916,20.168067226890756,68.90756302521008,57.98319327731093,10.92436974789916
E00081327,108,36,9,27,72,62,10,33.33333333333333,8.333333333333332,25,66.66666666666666,57.407407407407405,9.25925925925926
E00081328,144,38,10,28,106,98,8,26.38888888888889,6.944444444444445,19.444444444444446,73.61111111111111,68.05555555555556,5.555555555555555
E00081329,189,60,24,36,129,103,26,31.746031746031743,12.698412698412698,19.047619047619047,68.25396825396825,54.4973544973545,13.756613756613756
E00081330,113,40,19,21,73,59,14,35.39823008849557,16.8141592920354,18.58407079646018,64.60176991150442,52.21238938053098,12.389380530973451
E00081331,115,43,12,31,72,58,14,37.391304347826086,10.434782608695652,26.956521739130434,62.60869565217392,50.43478260869565,12.173913043478262
E00081332,112,37,11,26,75,58,17,33.035714285714285,9.821428571428571,23.214285714285715,66.96428571428571,51.78571428571429,15.178571428571427
E00081333,183,59,22,37,124,101,23,32.240437158469945,12.021857923497267,20.21857923497268,67.75956284153006,55.19125683060109,12.568306010928962
E00081334,176,63,22,41,113,94,19,35.79545454545455,12.5,23.295454545454543,64.20454545454545,53.40909090909091,10.795454545454545
E00081335,122,32,9,23,90,77,13,26.229508196721312,7.377049180327869,18.852459016393443,73.77049180327869,63.114754098360656,10.655737704918032
E00081336,138,39,15,24,99,85,14,28.26086956521739,10.869565217391305,17.391304347826086,71.73913043478261,61.59420289855072,10.144927536231885
E00081337,163,55,23,32,108,85,23,33.74233128834356,14.11042944785276,19.631901840490798,66.25766871165644,52.14723926380368,14.11042944785276
E00081338,136,37,18,19,99,89,10,27.205882352941174,13.23529411764706,13.970588235294118,72.79411764705883,65.44117647058823,7.352941176470589
E00081339,138,37,10,27,101,82,19,26.811594202898554,7.246376811594203,19.565217391304348,73.18840579710145,59.42028985507246,13.768115942028986
E00081340,166,52,18,34,114,90,24,31.32530120481928,10.843373493975903,20.481927710843372,68.67469879518072,54.21686746987952,14.457831325301203
E00081341,97,36,7,29,61,47,14,37.11340206185567,7.216494845360824,29.896907216494846,62.88659793814433,48.45360824742268,14.432989690721648
E00081342,153,46,22,24,107,86,21,30.065359477124183,14.37908496732026,15.686274509803921,69.93464052287581,56.209150326797385,13.725490196078432
E00081343,123,40,23,17,83,67,16,32.52032520325203,18.69918699186992,13.821138211382115,67.47967479674797,54.47154471544715,13.008130081300814
E00081344,155,43,17,26,112,88,24,27.741935483870968,10.967741935483872,16.7741935483871,72.25806451612902,56.774193548387096,15.483870967741936
E00081345,132,42,18,24,90,75,15,31.818181818181817,13.636363636363635,18.181818181818183,68.18181818181817,56.81818181818182,11.363636363636363
E00081346,148,53,12,41,95,78,17,35.810810810810814,8.108108108108109,27.7027027027027,64.1891891891892,52.702702702702695,11.486486486486488
E00081347,225,57,15,42,168,135,33,25.333333333333336,6.666666666666667,18.666666666666668,74.66666666666667,60,14.666666666666666
E00081348,239,62,16,46,177,153,24,25.94142259414226,6.694560669456067,19.246861924686193,74.05857740585773,64.01673640167364,10.0418410041841
E00081349,120,39,11,28,81,67,14,32.5,9.166666666666666,23.333333333333332,67.5,55.833333333333336,11.666666666666666
E00081350,145,41,20,21,104,78,26,28.27586206896552,13.793103448275861,14.482758620689657,71.72413793103448,53.79310344827586,17.93103448275862
E00081351,215,54,18,36,161,137,24,25.116279069767444,8.372093023255815,16.74418604651163,74.88372093023256,63.72093023255814,11.162790697674419
E00081352,196,50,17,33,146,117,29,25.510204081632654,8.673469387755102,16.83673469387755,74.48979591836735,59.693877551020414,14.795918367346939
E00081353,182,43,19,24,139,123,16,23.626373626373624,10.43956043956044,13.186813186813188,76.37362637362637,67.58241758241759,8.791208791208792
E00081354,166,40,18,22,126,111,15,24.096385542168676,10.843373493975903,13.253012048192772,75.90361445783132,66.86746987951807,9.036144578313253
E00081355,142,27,10,17,115,104,11,19.014084507042252,7.042253521126761,11.971830985915492,80.98591549295774,73.23943661971832,7.746478873239436
E00081356,95,22,8,14,73,59,14,23.157894736842106,8.421052631578947,14.736842105263156,76.84210526315789,62.10526315789474,14.736842105263156
E00081357,124,29,8,21,95,82,13,23.387096774193548,6.451612903225806,16.93548387096774,76.61290322580645,66.12903225806451,10.483870967741936
E00081358,183,50,10,40,133,105,28,27.322404371584703,5.46448087431694,21.85792349726776,72.6775956284153,57.377049180327866,15.300546448087433
E00081359,152,40,15,25,112,96,16,26.31578947368421,9.868421052631579,16.447368421052634,73.68421052631578,63.1578947368421,10.526315789473683
E00081360,111,29,12,17,82,67,15,26.126126126126124,10.81081081081081,15.315315315315313,73.87387387387388,60.36036036036037,13.513513513513514
E00081361,94,28,8,20,66,58,8,29.78723404255319,8.51063829787234,21.27659574468085,70.2127659574468,61.702127659574465,8.51063829787234
E00081362,194,62,19,43,132,108,24,31.958762886597935,9.793814432989691,22.164948453608247,68.04123711340206,55.670103092783506,12.371134020618557
E00081363,144,46,12,34,98,80,18,31.944444444444443,8.333333333333332,23.61111111111111,68.05555555555556,55.55555555555556,12.5
E00081364,155,38,14,24,117,97,20,24.516129032258064,9.032258064516128,15.483870967741936,75.48387096774194,62.58064516129033,12.903225806451612
E00081365,175,45,13,32,130,110,20,25.71428571428571,7.428571428571429,18.285714285714285,74.28571428571429,62.857142857142854,11.428571428571429
E00081366,157,40,16,24,117,102,15,25.477707006369428,10.191082802547772,15.286624203821656,74.52229299363057,64.96815286624204,9.554140127388536
E00081367,150,52,21,31,98,85,13,34.66666666666667,14.000000000000002,20.666666666666668,65.33333333333333,56.666666666666664,8.666666666666668
E00081368,143,36,8,28,107,96,11,25.174825174825177,5.594405594405594,19.58041958041958,74.82517482517483,67.13286713286713,7.6923076923076925
E00081369,130,39,18,21,91,68,23,30,13.846153846153847,16.153846153846153,70,52.307692307692314,17.692307692307693
E00081370,172,55,14,41,117,93,24,31.976744186046513,8.13953488372093,23.837209302325583,68.02325581395348,54.06976744186046,13.953488372093023
E00081371,154,47,21,26,107,90,17,30.519480519480517,13.636363636363635,16.883116883116884,69.48051948051948,58.44155844155844,11.03896103896104
E00081372,91,33,11,22,58,47,11,36.26373626373626,12.087912087912088,24.175824175824175,63.73626373626373,51.64835164835166,12.087912087912088
E00081373,164,51,14,37,113,94,19,31.097560975609756,8.536585365853659,22.5609756097561,68.90243902439023,57.3170731707317,11.585365853658537
E00081374,83,26,8,18,57,48,9,31.32530120481928,9.63855421686747,21.686746987951807,68.67469879518072,57.831325301204814,10.843373493975903
E00081375,171,48,15,33,123,103,20,28.07017543859649,8.771929824561402,19.298245614035086,71.9298245614035,60.23391812865497,11.695906432748536
E00081376,109,27,9,18,82,72,10,24.770642201834864,8.256880733944955,16.51376146788991,75.22935779816514,66.05504587155964,9.174311926605505
E00081377,137,50,16,34,87,72,15,36.496350364963504,11.678832116788321,24.817518248175183,63.503649635036496,52.55474452554745,10.948905109489052
E00081378,120,37,11,26,83,69,14,30.833333333333336,9.166666666666666,21.666666666666668,69.16666666666667,57.49999999999999,11.666666666666666
E00081379,108,24,6,18,84,69,15,22.22222222222222,5.555555555555555,16.666666666666664,77.77777777777779,63.888888888888886,13.88888888888889
E00081380,198,58,11,47,140,121,19,29.292929292929294,5.555555555555555,23.737373737373737,70.70707070707071,61.111111111111114,9.595959595959595
E00081381,154,54,18,36,100,85,15,35.064935064935064,11.688311688311687,23.376623376623375,64.93506493506493,55.1948051948052,9.740259740259742
E00081382,132,37,11,26,95,85,10,28.030303030303028,8.333333333333332,19.696969696969695,71.96969696969697,64.39393939393939,7.575757575757576
E00081383,172,47,16,31,125,105,20,27.325581395348834,9.30232558139535,18.023255813953487,72.67441860465115,61.04651162790697,11.627906976744185
E00081384,142,43,18,25,99,82,17,30.28169014084507,12.676056338028168,17.6056338028169,69.71830985915493,57.74647887323944,11.971830985915492
E00081385,118,36,9,27,82,62,20,30.508474576271187,7.627118644067797,22.88135593220339,69.49152542372882,52.54237288135594,16.94915254237288
E00081386,155,49,27,22,106,84,22,31.61290322580645,17.419354838709676,14.193548387096774,68.38709677419355,54.19354838709678,14.193548387096774
E00081387,135,37,12,25,98,82,16,27.40740740740741,8.88888888888889,18.51851851851852,72.5925925925926,60.74074074074074,11.851851851851853
E00081388,153,43,13,30,110,93,17,28.104575163398692,8.49673202614379,19.607843137254903,71.89542483660131,60.78431372549019,11.11111111111111
E00081389,113,31,11,20,82,64,18,27.43362831858407,9.734513274336283,17.699115044247787,72.56637168141593,56.63716814159292,15.929203539823009
E00081390,130,44,17,27,86,73,13,33.84615384615385,13.076923076923078,20.76923076923077,66.15384615384615,56.15384615384615,10
E00081391,160,40,14,26,120,105,15,25,8.75,16.25,75,65.625,9.375
E00081392,188,64,27,37,124,109,15,34.04255319148936,14.361702127659576,19.680851063829788,65.95744680851064,57.97872340425532,7.9787234042553195
E00081393,310,78,29,49,232,201,31,25.161290322580644,9.35483870967742,15.806451612903224,74.83870967741936,64.83870967741936,10
E00081394,167,37,11,26,130,109,21,22.15568862275449,6.58682634730539,15.568862275449103,77.84431137724552,65.26946107784431,12.574850299401197
E00081395,183,37,15,22,146,123,23,20.21857923497268,8.19672131147541,12.021857923497267,79.78142076502732,67.21311475409836,12.568306010928962
E00081396,188,50,14,36,138,116,22,26.595744680851062,7.446808510638298,19.148936170212767,73.40425531914893,61.702127659574465,11.702127659574469
E00081397,168,50,14,36,118,89,29,29.761904761904763,8.333333333333332,21.428571428571427,70.23809523809523,52.976190476190474,17.261904761904763
E00081398,156,31,9,22,125,107,18,19.871794871794872,5.769230769230769,14.102564102564102,80.12820512820514,68.58974358974359,11.538461538461538
E00081399,139,30,12,18,109,87,22,21.58273381294964,8.633093525179856,12.949640287769784,78.41726618705036,62.589928057553955,15.827338129496402
E00081400,102,20,5,15,82,65,17,19.607843137254903,4.901960784313726,14.705882352941178,80.3921568627451,63.725490196078425,16.666666666666664
E00081401,147,34,8,26,113,96,17,23.12925170068027,5.442176870748299,17.687074829931973,76.87074829931973,65.3061224489796,11.564625850340136
E00081402,115,39,11,28,76,66,10,33.91304347826087,9.565217391304348,24.347826086956523,66.08695652173913,57.391304347826086,8.695652173913043
E00081403,119,39,9,30,80,69,11,32.773109243697476,7.563025210084033,25.210084033613445,67.22689075630252,57.98319327731093,9.243697478991598
E00081404,137,33,11,22,104,85,19,24.087591240875913,8.02919708029197,16.05839416058394,75.91240875912408,62.04379562043796,13.86861313868613
E00081405,144,46,18,28,98,79,19,31.944444444444443,12.5,19.444444444444446,68.05555555555556,54.861111111111114,13.194444444444445
E00081406,131,44,16,28,87,73,14,33.587786259541986,12.213740458015266,21.374045801526716,66.41221374045801,55.72519083969466,10.687022900763358
E00081407,99,32,10,22,67,63,4,32.323232323232325,10.1010101010101,22.22222222222222,67.67676767676768,63.63636363636363,4.040404040404041
E00081408,160,53,21,32,107,84,23,33.125,13.125,20,66.875,52.5,14.374999999999998
E00081409,143,45,19,26,98,74,24,31.46853146853147,13.286713286713287,18.181818181818183,68.53146853146853,51.74825174825175,16.783216783216783
E00081410,139,35,8,27,104,87,17,25.179856115107913,5.755395683453238,19.424460431654676,74.82014388489209,62.589928057553955,12.23021582733813
E00081411,155,41,9,32,114,97,17,26.451612903225808,5.806451612903226,20.64516129032258,73.54838709677419,62.58064516129033,10.967741935483872
E00081412,139,35,8,27,104,88,16,25.179856115107913,5.755395683453238,19.424460431654676,74.82014388489209,63.30935251798561,11.510791366906476
E00081413,139,32,6,26,107,88,19,23.021582733812952,4.316546762589928,18.705035971223023,76.97841726618705,63.30935251798561,13.66906474820144
E00081414,147,49,17,32,98,90,8,33.33333333333333,11.564625850340136,21.768707482993197,66.66666666666666,61.224489795918366,5.442176870748299
E00081415,163,46,12,34,117,100,17,28.22085889570552,7.361963190184049,20.858895705521473,71.77914110429448,61.34969325153374,10.429447852760736
E00081416,167,43,14,29,124,109,15,25.748502994011975,8.383233532934131,17.365269461077844,74.25149700598801,65.26946107784431,8.982035928143713
E00081417,154,44,15,29,110,86,24,28.57142857142857,9.740259740259742,18.83116883116883,71.42857142857143,55.84415584415584,15.584415584415584
E00081418,181,52,15,37,129,108,21,28.7292817679558,8.287292817679557,20.441988950276244,71.27071823204419,59.66850828729282,11.602209944751381
E00081419,143,33,8,25,110,98,12,23.076923076923077,5.594405594405594,17.482517482517483,76.92307692307693,68.53146853146853,8.391608391608392
E00081420,148,38,11,27,110,99,11,25.675675675675674,7.4324324324324325,18.243243243243242,74.32432432432432,66.8918918918919,7.4324324324324325
E00081424,163,56,30,26,107,85,22,34.355828220858896,18.404907975460123,15.950920245398773,65.6441717791411,52.14723926380368,13.496932515337424
E00081426,121,32,11,21,89,73,16,26.446280991735538,9.090909090909092,17.355371900826448,73.55371900826447,60.33057851239669,13.223140495867769
E00081427,105,36,12,24,69,59,10,34.285714285714285,11.428571428571429,22.857142857142858,65.71428571428571,56.19047619047619,9.523809523809524
E00081428,104,26,9,17,78,64,14,25,8.653846153846153,16.346153846153847,75,61.53846153846154,13.461538461538462
E00081429,125,36,13,23,89,84,5,28.799999999999997,10.4,18.4,71.2,67.2,4
E00081430,163,37,12,25,126,113,13,22.699386503067483,7.361963190184049,15.337423312883436,77.30061349693251,69.32515337423312,7.975460122699387
E00081432,224,55,26,29,169,138,31,24.553571428571427,11.607142857142858,12.946428571428573,75.44642857142857,61.60714285714286,13.839285714285715
E00081434,247,62,24,38,185,164,21,25.101214574898783,9.7165991902834,15.384615384615385,74.89878542510121,66.39676113360325,8.502024291497975
E00081437,154,42,16,26,112,90,22,27.27272727272727,10.38961038961039,16.883116883116884,72.72727272727273,58.44155844155844,14.285714285714285
E00081438,68,22,8,14,46,38,8,32.35294117647059,11.76470588235294,20.588235294117645,67.64705882352942,55.88235294117647,11.76470588235294
E00081439,126,35,9,26,91,74,17,27.77777777777778,7.142857142857142,20.634920634920633,72.22222222222221,58.730158730158735,13.492063492063492
E00081440,186,39,15,24,147,124,23,20.967741935483872,8.064516129032258,12.903225806451612,79.03225806451613,66.66666666666666,12.365591397849462
E00081442,179,46,16,30,133,112,21,25.69832402234637,8.938547486033519,16.75977653631285,74.30167597765363,62.56983240223464,11.731843575418994
E00081443,162,38,11,27,124,98,26,23.456790123456788,6.790123456790123,16.666666666666664,76.5432098765432,60.49382716049383,16.049382716049383
E00081444,107,22,6,16,85,70,15,20.5607476635514,5.607476635514018,14.953271028037381,79.43925233644859,65.42056074766354,14.018691588785046
E00081445,147,32,8,24,115,96,19,21.768707482993197,5.442176870748299,16.3265306122449,78.2312925170068,65.3061224489796,12.925170068027212
E00081446,110,35,14,21,75,66,9,31.818181818181817,12.727272727272727,19.090909090909093,68.18181818181817,60,8.181818181818182
E00081447,148,33,12,21,115,95,20,22.2972972972973,8.108108108108109,14.18918918918919,77.7027027027027,64.1891891891892,13.513513513513514
E00081448,79,18,9,9,61,50,11,22.78481012658228,11.39240506329114,11.39240506329114,77.21518987341773,63.29113924050633,13.924050632911392
E00081449,138,46,20,26,92,80,12,33.33333333333333,14.492753623188406,18.84057971014493,66.66666666666666,57.971014492753625,8.695652173913043
E00081450,157,39,14,25,118,102,16,24.840764331210192,8.9171974522293,15.92356687898089,75.15923566878982,64.96815286624204,10.191082802547772
E00081451,153,39,15,24,114,101,13,25.49019607843137,9.803921568627452,15.686274509803921,74.50980392156863,66.01307189542483,8.49673202614379
E00081452,177,37,17,20,140,121,19,20.903954802259886,9.6045197740113,11.299435028248588,79.09604519774011,68.36158192090396,10.734463276836157
E00081453,135,35,17,18,100,90,10,25.925925925925924,12.592592592592592,13.333333333333334,74.07407407407408,66.66666666666666,7.4074074074074066
E00081454,129,35,14,21,94,81,13,27.131782945736433,10.852713178294573,16.27906976744186,72.86821705426357,62.7906976744186,10.077519379844961
E00081455,150,42,14,28,108,92,16,28.000000000000004,9.333333333333334,18.666666666666668,72,61.33333333333333,10.666666666666668
E00081456,163,40,10,30,123,97,26,24.539877300613497,6.134969325153374,18.404907975460123,75.4601226993865,59.50920245398773,15.950920245398773
E00081457,189,53,28,25,136,119,17,28.04232804232804,14.814814814814813,13.227513227513226,71.95767195767195,62.96296296296296,8.994708994708994
E00081458,145,40,15,25,105,89,16,27.586206896551722,10.344827586206897,17.24137931034483,72.41379310344827,61.37931034482759,11.03448275862069
E00081459,201,56,16,40,145,126,19,27.860696517412936,7.960199004975125,19.900497512437813,72.13930348258707,62.68656716417911,9.45273631840796
E00081461,184,62,18,44,122,108,14,33.69565217391305,9.782608695652174,23.91304347826087,66.30434782608695,58.69565217391305,7.608695652173914
E00081462,131,32,13,19,99,80,19,24.427480916030532,9.923664122137405,14.50381679389313,75.57251908396947,61.06870229007634,14.50381679389313
E00081463,152,41,16,25,111,95,16,26.973684210526315,10.526315789473683,16.447368421052634,73.02631578947368,62.5,10.526315789473683
E00081464,165,29,12,17,136,117,19,17.575757575757574,7.2727272727272725,10.303030303030303,82.42424242424242,70.9090909090909,11.515151515151516
E00081465,138,40,16,24,98,74,24,28.985507246376812,11.594202898550725,17.391304347826086,71.01449275362319,53.62318840579711,17.391304347826086
E00081466,151,34,8,26,117,99,18,22.516556291390728,5.298013245033113,17.218543046357617,77.48344370860927,65.56291390728477,11.920529801324504
E00081467,170,54,14,40,116,100,16,31.76470588235294,8.235294117647058,23.52941176470588,68.23529411764706,58.82352941176471,9.411764705882353
E00081468,153,47,21,26,106,85,21,30.718954248366014,13.725490196078432,16.99346405228758,69.28104575163398,55.55555555555556,13.725490196078432
E00081469,151,41,16,25,110,95,15,27.1523178807947,10.596026490066226,16.55629139072848,72.84768211920529,62.913907284768214,9.933774834437086
E00081470,137,36,12,24,101,77,24,26.277372262773724,8.75912408759124,17.51824817518248,73.72262773722628,56.20437956204379,17.51824817518248
E00081471,121,33,7,26,88,71,17,27.27272727272727,5.785123966942149,21.487603305785125,72.72727272727273,58.67768595041323,14.049586776859504
E00081472,241,61,17,44,180,147,33,25.311203319502074,7.053941908713693,18.25726141078838,74.68879668049793,60.99585062240664,13.692946058091287
E00081473,155,44,24,20,111,92,19,28.387096774193548,15.483870967741936,12.903225806451612,71.61290322580646,59.354838709677416,12.258064516129032
E00081474,111,49,17,32,62,53,9,44.14414414414414,15.315315315315313,28.82882882882883,55.85585585585585,47.74774774774775,8.108108108108109
E00081475,197,47,16,31,150,128,22,23.85786802030457,8.121827411167512,15.736040609137056,76.14213197969542,64.9746192893401,11.16751269035533
E00081476,196,54,14,40,142,126,16,27.55102040816326,7.142857142857142,20.408163265306122,72.44897959183673,64.28571428571429,8.16326530612245
E00081477,165,44,13,31,121,97,24,26.666666666666668,7.878787878787878,18.787878787878785,73.33333333333333,58.78787878787879,14.545454545454545
E00081478,135,31,15,16,104,84,20,22.962962962962962,11.11111111111111,11.851851851851853,77.03703703703704,62.22222222222222,14.814814814814813
E00081479,212,59,19,40,153,132,21,27.830188679245282,8.962264150943396,18.867924528301888,72.16981132075472,62.264150943396224,9.90566037735849
E00081480,181,47,16,31,134,105,29,25.96685082872928,8.83977900552486,17.12707182320442,74.03314917127072,58.011049723756905,16.022099447513813
E00081481,162,55,20,35,107,90,17,33.95061728395062,12.345679012345679,21.604938271604937,66.0493827160494,55.55555555555556,10.493827160493826
E00081482,124,33,12,21,91,75,16,26.61290322580645,9.67741935483871,16.93548387096774,73.38709677419355,60.483870967741936,12.903225806451612
E00081483,160,51,17,34,109,92,17,31.874999999999996,10.625,21.25,68.125,57.49999999999999,10.625
E00081485,150,42,18,24,108,86,22,28.000000000000004,12,16,72,57.333333333333336,14.666666666666666
E00081486,135,47,17,30,88,79,9,34.81481481481482,12.592592592592592,22.22222222222222,65.18518518518519,58.51851851851851,6.666666666666667
E00081487,124,32,12,20,92,82,10,25.806451612903224,9.67741935483871,16.129032258064516,74.19354838709677,66.12903225806451,8.064516129032258
E00081488,107,24,14,10,83,66,17,22.429906542056074,13.084112149532709,9.345794392523365,77.57009345794393,61.6822429906542,15.887850467289718
E00081489,171,56,22,34,115,95,20,32.748538011695906,12.865497076023392,19.883040935672515,67.2514619883041,55.55555555555556,11.695906432748536
E00081490,159,46,10,36,113,95,18,28.930817610062892,6.289308176100629,22.641509433962266,71.0691823899371,59.74842767295597,11.320754716981133
E00081491,173,50,17,33,123,101,22,28.901734104046245,9.826589595375722,19.07514450867052,71.09826589595376,58.38150289017341,12.716763005780345
E00081492,109,25,9,16,84,69,15,22.93577981651376,8.256880733944955,14.678899082568808,77.06422018348624,63.30275229357798,13.761467889908257
E00081493,142,38,14,24,104,90,14,26.76056338028169,9.859154929577464,16.901408450704224,73.23943661971832,63.38028169014085,9.859154929577464
E00081494,128,38,6,32,90,78,12,29.6875,4.6875,25,70.3125,60.9375,9.375
E00081495,131,38,12,26,93,82,11,29.00763358778626,9.16030534351145,19.84732824427481,70.99236641221374,62.59541984732825,8.396946564885496
E00081496,204,51,15,36,153,129,24,25,7.352941176470589,17.647058823529413,75,63.23529411764706,11.76470588235294
E00081497,139,42,12,30,97,73,24,30.215827338129497,8.633093525179856,21.58273381294964,69.7841726618705,52.51798561151079,17.26618705035971
E00081498,154,47,18,29,107,88,19,30.519480519480517,11.688311688311687,18.83116883116883,69.48051948051948,57.14285714285714,12.337662337662337
E00081499,146,37,16,21,109,93,16,25.34246575342466,10.95890410958904,14.383561643835616,74.65753424657534,63.6986301369863,10.95890410958904
E00081500,144,53,20,33,91,84,7,36.80555555555556,13.88888888888889,22.916666666666664,63.19444444444444,58.333333333333336,4.861111111111112
E00081501,117,38,15,23,79,63,16,32.47863247863248,12.82051282051282,19.65811965811966,67.52136752136752,53.84615384615385,13.675213675213676
E00081502,162,38,8,30,124,100,24,23.456790123456788,4.938271604938271,18.51851851851852,76.5432098765432,61.72839506172839,14.814814814814813
E00081503,160,38,12,26,122,107,15,23.75,7.5,16.25,76.25,66.875,9.375
E00081504,185,38,12,26,147,121,26,20.54054054054054,6.486486486486487,14.054054054054054,79.45945945945945,65.4054054054054,14.054054054054054
E00081505,169,40,15,25,129,114,15,23.668639053254438,8.875739644970414,14.792899408284024,76.33136094674556,67.45562130177515,8.875739644970414
E00081506,191,61,23,38,130,105,25,31.93717277486911,12.041884816753926,19.895287958115183,68.06282722513089,54.973821989528794,13.089005235602095
E00081507,167,51,20,31,116,98,18,30.538922155688624,11.976047904191617,18.562874251497004,69.46107784431138,58.68263473053892,10.778443113772456
E00081508,138,41,9,32,97,83,14,29.71014492753623,6.521739130434782,23.18840579710145,70.28985507246377,60.14492753623188,10.144927536231885
E00081509,192,53,26,27,139,126,13,27.604166666666668,13.541666666666666,14.0625,72.39583333333334,65.625,6.770833333333333
E00081510,167,44,14,30,123,109,14,26.34730538922156,8.383233532934131,17.964071856287426,73.65269461077844,65.26946107784431,8.383233532934131
E00081511,194,39,20,19,155,127,28,20.103092783505154,10.309278350515463,9.793814432989691,79.89690721649485,65.4639175257732,14.432989690721648
E00081512,176,53,21,32,123,99,24,30.113636363636363,11.931818181818182,18.181818181818183,69.88636363636364,56.25,13.636363636363635
E00081513,179,60,15,45,119,95,24,33.5195530726257,8.379888268156424,25.139664804469277,66.4804469273743,53.072625698324025,13.40782122905028
E00081514,150,35,10,25,115,95,20,23.333333333333332,6.666666666666667,16.666666666666664,76.66666666666667,63.33333333333333,13.333333333333334
E00081515,187,59,10,49,128,111,17,31.550802139037433,5.347593582887701,26.203208556149733,68.44919786096256,59.35828877005348,9.090909090909092
E00081516,204,40,19,21,164,132,32,19.607843137254903,9.313725490196079,10.294117647058822,80.3921568627451,64.70588235294117,15.686274509803921
E00081517,128,44,19,25,84,62,22,34.375,14.84375,19.53125,65.625,48.4375,17.1875
E00081518,153,32,13,19,121,97,24,20.915032679738562,8.49673202614379,12.418300653594772,79.08496732026144,63.39869281045751,15.686274509803921
E00081519,153,45,13,32,108,90,18,29.411764705882355,8.49673202614379,20.915032679738562,70.58823529411765,58.82352941176471,11.76470588235294
E00081520,257,59,19,40,198,163,35,22.957198443579767,7.392996108949417,15.56420233463035,77.04280155642024,63.42412451361867,13.618677042801556
E00081521,193,61,18,43,132,100,32,31.606217616580313,9.32642487046632,22.279792746113987,68.39378238341969,51.813471502590666,16.580310880829018
E00081522,161,42,10,32,119,96,23,26.08695652173913,6.211180124223603,19.875776397515526,73.91304347826086,59.62732919254658,14.285714285714285
E00081523,123,34,13,21,89,77,12,27.64227642276423,10.569105691056912,17.073170731707318,72.35772357723577,62.601626016260155,9.75609756097561
E00081524,178,58,22,36,120,105,15,32.58426966292135,12.359550561797752,20.224719101123593,67.41573033707866,58.98876404494382,8.426966292134832
E00081525,107,25,11,14,82,60,22,23.364485981308412,10.2803738317757,13.084112149532709,76.63551401869158,56.074766355140184,20.5607476635514
E00081526,107,39,10,29,68,55,13,36.44859813084112,9.345794392523365,27.102803738317753,63.55140186915887,51.4018691588785,12.149532710280374
E00081527,154,50,15,35,104,87,17,32.467532467532465,9.740259740259742,22.727272727272727,67.53246753246754,56.493506493506494,11.03896103896104
E00081528,151,45,11,34,106,96,10,29.80132450331126,7.28476821192053,22.516556291390728,70.19867549668875,63.576158940397356,6.622516556291391
E00081529,107,35,13,22,72,60,12,32.71028037383177,12.149532710280374,20.5607476635514,67.28971962616822,56.074766355140184,11.214953271028037
E00081530,111,25,5,20,86,64,22,22.52252252252252,4.504504504504505,18.01801801801802,77.47747747747748,57.65765765765766,19.81981981981982
E00081531,194,47,26,21,147,127,20,24.22680412371134,13.402061855670103,10.824742268041238,75.77319587628865,65.4639175257732,10.309278350515463
E00081532,186,54,14,40,132,109,23,29.03225806451613,7.526881720430108,21.50537634408602,70.96774193548387,58.602150537634415,12.365591397849462
E00081534,185,45,13,32,140,119,21,24.324324324324326,7.027027027027027,17.2972972972973,75.67567567567568,64.32432432432432,11.351351351351353
E00081535,174,49,15,34,125,101,24,28.160919540229884,8.620689655172415,19.54022988505747,71.83908045977012,58.04597701149425,13.793103448275861
E00081536,125,42,12,30,83,72,11,33.6,9.6,24,66.4,57.599999999999994,8.799999999999999
E00081537,131,32,11,21,99,81,18,24.427480916030532,8.396946564885496,16.030534351145036,75.57251908396947,61.832061068702295,13.740458015267176
E00081538,131,31,10,21,100,79,21,23.66412213740458,7.633587786259542,16.030534351145036,76.33587786259542,60.30534351145038,16.030534351145036
E00081539,127,29,6,23,98,75,23,22.83464566929134,4.724409448818897,18.11023622047244,77.16535433070865,59.055118110236215,18.11023622047244
E00081540,112,24,11,13,88,63,25,21.428571428571427,9.821428571428571,11.607142857142858,78.57142857142857,56.25,22.321428571428573
E00081541,302,41,12,29,261,214,47,13.57615894039735,3.9735099337748347,9.602649006622517,86.42384105960265,70.86092715231787,15.562913907284766
E00081542,190,57,27,30,133,97,36,30,14.210526315789473,15.789473684210526,70,51.05263157894737,18.947368421052634
E00081543,182,58,30,28,124,94,30,31.868131868131865,16.483516483516482,15.384615384615385,68.13186813186813,51.64835164835166,16.483516483516482
E00081544,162,40,16,24,122,96,26,24.691358024691358,9.876543209876543,14.814814814814813,75.30864197530865,59.25925925925925,16.049382716049383
E00081545,131,28,14,14,103,90,13,21.374045801526716,10.687022900763358,10.687022900763358,78.62595419847328,68.70229007633588,9.923664122137405
E00081546,139,34,11,23,105,87,18,24.46043165467626,7.913669064748201,16.546762589928058,75.53956834532374,62.589928057553955,12.949640287769784
E00081547,152,34,19,15,118,94,24,22.36842105263158,12.5,9.868421052631579,77.63157894736842,61.8421052631579,15.789473684210526
E00081548,144,36,11,25,108,89,19,25,7.638888888888889,17.36111111111111,75,61.80555555555556,13.194444444444445
E00081549,218,63,17,46,155,135,20,28.899082568807337,7.79816513761468,21.100917431192663,71.10091743119266,61.92660550458715,9.174311926605505
E00081550,173,50,19,31,123,101,22,28.901734104046245,10.982658959537572,17.91907514450867,71.09826589595376,58.38150289017341,12.716763005780345
E00081551,174,38,13,25,136,108,28,21.839080459770116,7.471264367816093,14.367816091954023,78.16091954022988,62.06896551724138,16.091954022988507
E00081552,174,54,9,45,120,99,21,31.03448275862069,5.172413793103448,25.862068965517242,68.96551724137932,56.896551724137936,12.068965517241379
E00081553,169,55,13,42,114,101,13,32.544378698224854,7.6923076923076925,24.85207100591716,67.45562130177515,59.76331360946746,7.6923076923076925
E00081554,164,49,10,39,115,94,21,29.878048780487802,6.097560975609756,23.78048780487805,70.1219512195122,57.3170731707317,12.804878048780488
E00081555,154,49,19,30,105,84,21,31.818181818181817,12.337662337662337,19.480519480519483,68.18181818181817,54.54545454545454,13.636363636363635
E00081556,162,41,11,30,121,105,16,25.308641975308642,6.790123456790123,18.51851851851852,74.69135802469135,64.81481481481481,9.876543209876543
E00081557,209,52,13,39,157,120,37,24.880382775119617,6.220095693779904,18.660287081339714,75.11961722488039,57.41626794258373,17.703349282296653
E00081558,191,49,18,31,142,126,16,25.654450261780106,9.424083769633508,16.230366492146597,74.3455497382199,65.96858638743456,8.37696335078534
E00081559,189,59,24,35,130,104,26,31.216931216931215,12.698412698412698,18.51851851851852,68.78306878306879,55.026455026455025,13.756613756613756
E00081560,142,49,20,29,93,75,18,34.50704225352113,14.084507042253522,20.422535211267608,65.49295774647888,52.816901408450704,12.676056338028168
E00081561,225,51,19,32,174,145,29,22.666666666666664,8.444444444444445,14.222222222222221,77.33333333333333,64.44444444444444,12.88888888888889
E00081562,158,59,24,35,99,79,20,37.34177215189873,15.18987341772152,22.151898734177212,62.65822784810127,50,12.658227848101266
E00081563,159,51,16,35,108,90,18,32.075471698113205,10.062893081761008,22.0125786163522,67.9245283018868,56.60377358490566,11.320754716981133
E00081564,137,34,17,17,103,83,20,24.817518248175183,12.408759124087592,12.408759124087592,75.18248175182481,60.58394160583942,14.5985401459854
E00081565,132,37,10,27,95,74,21,28.030303030303028,7.575757575757576,20.454545454545457,71.96969696969697,56.060606060606055,15.909090909090908
E00081566,183,48,11,37,135,111,24,26.229508196721312,6.0109289617486334,20.21857923497268,73.77049180327869,60.65573770491803,13.114754098360656
E00081567,158,44,16,28,114,94,20,27.848101265822784,10.126582278481013,17.72151898734177,72.15189873417721,59.49367088607595,12.658227848101266
E00081568,145,45,9,36,100,82,18,31.03448275862069,6.206896551724138,24.82758620689655,68.96551724137932,56.55172413793104,12.413793103448276
E00081569,209,58,17,41,151,121,30,27.751196172248804,8.133971291866029,19.617224880382775,72.24880382775119,57.89473684210527,14.354066985645932
E00081570,111,25,12,13,86,71,15,22.52252252252252,10.81081081081081,11.711711711711711,77.47747747747748,63.96396396396396,13.513513513513514
E00081571,154,47,20,27,107,78,29,30.519480519480517,12.987012987012985,17.532467532467532,69.48051948051948,50.649350649350644,18.83116883116883
E00081572,199,61,26,35,138,114,24,30.65326633165829,13.06532663316583,17.587939698492463,69.34673366834171,57.286432160804026,12.060301507537687
E00081573,142,32,7,25,110,97,13,22.535211267605636,4.929577464788732,17.6056338028169,77.46478873239437,68.30985915492957,9.15492957746479
E00081574,184,49,24,25,135,110,25,26.6304347826087,13.043478260869565,13.586956521739129,73.36956521739131,59.78260869565217,13.586956521739129
E00081575,155,41,13,28,114,97,17,26.451612903225808,8.38709677419355,18.064516129032256,73.54838709677419,62.58064516129033,10.967741935483872
E00081576,98,30,14,16,68,60,8,30.612244897959183,14.285714285714285,16.3265306122449,69.38775510204081,61.224489795918366,8.16326530612245
E00081577,160,43,19,24,117,97,20,26.875,11.875,15,73.125,60.62499999999999,12.5
E00081578,156,45,13,32,111,90,21,28.846153846153843,8.333333333333332,20.51282051282051,71.15384615384616,57.692307692307686,13.461538461538462
E00081579,145,33,4,29,112,92,20,22.758620689655174,2.7586206896551726,20,77.24137931034483,63.44827586206897,13.793103448275861
E00081580,164,48,11,37,116,97,19,29.268292682926827,6.707317073170732,22.5609756097561,70.73170731707317,59.14634146341463,11.585365853658537
E00081581,150,47,15,32,103,86,17,31.333333333333336,10,21.333333333333336,68.66666666666667,57.333333333333336,11.333333333333332
E00081582,166,39,13,26,127,109,18,23.49397590361446,7.83132530120482,15.66265060240964,76.50602409638554,65.66265060240963,10.843373493975903
E00081583,194,58,20,38,136,113,23,29.896907216494846,10.309278350515463,19.587628865979383,70.10309278350515,58.24742268041238,11.855670103092782
E00081584,181,54,23,31,127,100,27,29.83425414364641,12.70718232044199,17.12707182320442,70.1657458563536,55.24861878453039,14.917127071823206
E00081585,177,47,15,32,130,109,21,26.55367231638418,8.47457627118644,18.07909604519774,73.44632768361582,61.5819209039548,11.864406779661017
E00081586,157,45,18,27,112,97,15,28.662420382165603,11.464968152866243,17.197452229299362,71.3375796178344,61.78343949044586,9.554140127388536
E00081587,192,54,17,37,138,125,13,28.125,8.854166666666668,19.270833333333336,71.875,65.10416666666666,6.770833333333333
E00081588,169,34,6,28,135,109,26,20.118343195266274,3.5502958579881656,16.56804733727811,79.88165680473372,64.49704142011834,15.384615384615385
E00081589,135,44,8,36,91,75,16,32.592592592592595,5.9259259259259265,26.666666666666668,67.4074074074074,55.55555555555556,11.851851851851853
E00081590,132,38,14,24,94,78,16,28.78787878787879,10.606060606060606,18.181818181818183,71.21212121212122,59.09090909090909,12.121212121212121
E00081591,136,42,10,32,94,78,16,30.88235294117647,7.352941176470589,23.52941176470588,69.11764705882352,57.35294117647059,11.76470588235294
E00081592,189,46,19,27,143,121,22,24.33862433862434,10.052910052910052,14.285714285714285,75.66137566137566,64.02116402116403,11.64021164021164
E00081593,162,44,11,33,118,96,22,27.160493827160494,6.790123456790123,20.37037037037037,72.8395061728395,59.25925925925925,13.580246913580247
E00081594,165,36,8,28,129,108,21,21.818181818181817,4.848484848484849,16.969696969696972,78.18181818181819,65.45454545454545,12.727272727272727
E00081595,224,56,23,33,168,127,41,25,10.267857142857142,14.732142857142858,75,56.69642857142857,18.303571428571427
E00081596,189,50,22,28,139,121,18,26.455026455026452,11.64021164021164,14.814814814814813,73.54497354497354,64.02116402116403,9.523809523809524
E00081597,188,59,18,41,129,98,31,31.382978723404253,9.574468085106384,21.808510638297875,68.61702127659575,52.12765957446809,16.48936170212766
E00081598,155,49,19,30,106,83,23,31.61290322580645,12.258064516129032,19.35483870967742,68.38709677419355,53.5483870967742,14.838709677419354
E00081599,185,40,13,27,145,104,41,21.62162162162162,7.027027027027027,14.594594594594595,78.37837837837837,56.21621621621622,22.162162162162165
E00081600,146,44,9,35,102,85,17,30.136986301369863,6.164383561643835,23.972602739726025,69.86301369863014,58.21917808219178,11.643835616438356
E00081601,187,44,14,30,143,117,26,23.52941176470588,7.4866310160427805,16.042780748663102,76.47058823529412,62.56684491978609,13.903743315508022
E00081602,170,47,19,28,123,84,39,27.647058823529413,11.176470588235295,16.470588235294116,72.35294117647058,49.411764705882355,22.941176470588236
E00081603,165,52,15,37,113,90,23,31.515151515151512,9.090909090909092,22.424242424242426,68.48484848484848,54.54545454545454,13.939393939393941
E00081604,151,43,20,23,108,93,15,28.47682119205298,13.245033112582782,15.2317880794702,71.52317880794702,61.58940397350994,9.933774834437086
E00081605,214,55,23,32,159,123,36,25.70093457943925,10.74766355140187,14.953271028037381,74.29906542056075,57.476635514018696,16.822429906542055
E00081606,144,43,16,27,101,87,14,29.86111111111111,11.11111111111111,18.75,70.13888888888889,60.416666666666664,9.722222222222223
E00081607,237,69,26,43,168,146,22,29.11392405063291,10.970464135021098,18.143459915611814,70.88607594936708,61.60337552742617,9.282700421940929
E00081608,306,74,27,47,232,187,45,24.183006535947712,8.823529411764707,15.359477124183007,75.81699346405229,61.111111111111114,14.705882352941178
E00081609,162,43,15,28,119,97,22,26.543209876543212,9.25925925925926,17.28395061728395,73.4567901234568,59.876543209876544,13.580246913580247
E00081610,266,71,22,49,195,159,36,26.691729323308273,8.270676691729323,18.421052631578945,73.30827067669173,59.77443609022557,13.533834586466165
E00081611,142,38,15,23,104,85,19,26.76056338028169,10.56338028169014,16.19718309859155,73.23943661971832,59.859154929577464,13.380281690140844
E00081612,79,28,14,14,51,41,10,35.44303797468354,17.72151898734177,17.72151898734177,64.55696202531645,51.89873417721519,12.658227848101266
E00081613,170,56,22,34,114,95,19,32.94117647058823,12.941176470588237,20,67.05882352941175,55.88235294117647,11.176470588235295
E00081614,144,39,16,23,105,80,25,27.083333333333332,11.11111111111111,15.972222222222221,72.91666666666666,55.55555555555556,17.36111111111111
E00081615,174,52,17,35,122,98,24,29.88505747126437,9.770114942528735,20.114942528735632,70.11494252873564,56.32183908045977,13.793103448275861
E00081616,192,54,16,38,138,117,21,28.125,8.333333333333332,19.791666666666664,71.875,60.9375,10.9375
E00081617,155,44,7,37,111,97,14,28.387096774193548,4.516129032258064,23.870967741935484,71.61290322580646,62.58064516129033,9.032258064516128
E00081618,112,39,13,26,73,55,18,34.82142857142857,11.607142857142858,23.214285714285715,65.17857142857143,49.107142857142854,16.071428571428573
E00081619,88,23,17,6,65,52,13,26.136363636363637,19.318181818181817,6.8181818181818175,73.86363636363636,59.09090909090909,14.772727272727273
E00081622,106,28,12,16,78,63,15,26.41509433962264,11.320754716981133,15.09433962264151,73.58490566037736,59.43396226415094,14.150943396226415
E00081623,147,29,9,20,118,91,27,19.727891156462583,6.122448979591836,13.60544217687075,80.27210884353741,61.904761904761905,18.367346938775512
E00081625,117,32,12,20,85,65,20,27.350427350427353,10.256410256410255,17.094017094017094,72.64957264957265,55.55555555555556,17.094017094017094
E00081626,211,72,20,52,139,120,19,34.12322274881517,9.47867298578199,24.644549763033176,65.87677725118483,56.872037914691944,9.004739336492891
E00081628,202,46,14,32,156,135,21,22.772277227722775,6.9306930693069315,15.841584158415841,77.22772277227723,66.83168316831683,10.396039603960396
E00081630,90,34,11,23,56,44,12,37.77777777777778,12.222222222222221,25.555555555555554,62.22222222222222,48.888888888888886,13.333333333333334
E00081631,162,56,28,28,106,83,23,34.5679012345679,17.28395061728395,17.28395061728395,65.4320987654321,51.23456790123457,14.19753086419753
E00081632,121,41,14,27,80,68,12,33.88429752066116,11.570247933884298,22.31404958677686,66.11570247933885,56.19834710743802,9.917355371900827
E00081633,61,25,13,12,36,27,9,40.98360655737705,21.311475409836063,19.672131147540984,59.01639344262295,44.26229508196721,14.754098360655737
E00081634,120,43,11,32,77,62,15,35.833333333333336,9.166666666666666,26.666666666666668,64.16666666666667,51.66666666666667,12.5
E00081635,131,39,9,30,92,76,16,29.770992366412212,6.870229007633588,22.900763358778626,70.22900763358778,58.01526717557252,12.213740458015266
E00081636,160,34,11,23,126,108,18,21.25,6.875000000000001,14.374999999999998,78.75,67.5,11.25
E00081637,155,50,17,33,105,77,28,32.25806451612903,10.967741935483872,21.29032258064516,67.74193548387096,49.67741935483871,18.064516129032256
E00081638,124,37,10,27,87,75,12,29.838709677419356,8.064516129032258,21.774193548387096,70.16129032258065,60.483870967741936,9.67741935483871
E00081639,140,44,16,28,96,83,13,31.428571428571427,11.428571428571429,20,68.57142857142857,59.285714285714285,9.285714285714286
E00081640,120,24,4,20,96,81,15,20,3.3333333333333335,16.666666666666664,80,67.5,12.5
E00081641,157,50,18,32,107,79,28,31.84713375796178,11.464968152866243,20.382165605095544,68.15286624203821,50.318471337579616,17.8343949044586
E00081642,173,51,22,29,122,98,24,29.47976878612717,12.716763005780345,16.76300578034682,70.52023121387283,56.64739884393064,13.872832369942195
E00081643,224,62,21,41,162,129,33,27.67857142857143,9.375,18.303571428571427,72.32142857142857,57.58928571428571,14.732142857142858
E00081644,158,59,21,38,99,83,16,37.34177215189873,13.291139240506327,24.050632911392405,62.65822784810127,52.53164556962025,10.126582278481013
E00081645,156,52,13,39,104,93,11,33.33333333333333,8.333333333333332,25,66.66666666666666,59.61538461538461,7.051282051282051
E00081646,143,27,9,18,116,102,14,18.88111888111888,6.293706293706294,12.587412587412588,81.11888111888112,71.32867132867133,9.79020979020979
E00081647,164,41,16,25,123,97,26,25,9.75609756097561,15.24390243902439,75,59.14634146341463,15.853658536585366
E00081649,163,38,11,27,125,104,21,23.31288343558282,6.748466257668712,16.56441717791411,76.68711656441718,63.80368098159509,12.883435582822086
E00081650,171,51,19,32,120,96,24,29.82456140350877,11.11111111111111,18.71345029239766,70.17543859649122,56.14035087719298,14.035087719298245
E00081651,172,43,17,26,129,107,22,25,9.883720930232558,15.11627906976744,75,62.2093023255814,12.790697674418606
E00081652,195,52,20,32,143,120,23,26.666666666666668,10.256410256410255,16.41025641025641,73.33333333333333,61.53846153846154,11.794871794871794
E00081653,158,61,11,50,97,82,15,38.607594936708864,6.962025316455696,31.645569620253166,61.39240506329114,51.89873417721519,9.49367088607595
E00081654,173,47,17,30,126,111,15,27.167630057803464,9.826589595375722,17.341040462427745,72.83236994219652,64.16184971098265,8.670520231213873
E00081655,188,48,13,35,140,117,23,25.53191489361702,6.914893617021277,18.617021276595743,74.46808510638297,62.23404255319149,12.23404255319149
E00081656,173,47,18,29,126,109,17,27.167630057803464,10.404624277456648,16.76300578034682,72.83236994219652,63.005780346820806,9.826589595375722
E00081657,158,45,9,36,113,89,24,28.48101265822785,5.69620253164557,22.78481012658228,71.51898734177216,56.32911392405063,15.18987341772152
E00081658,169,53,16,37,116,92,24,31.360946745562128,9.467455621301776,21.893491124260358,68.63905325443787,54.437869822485204,14.201183431952662
E00081660,131,42,17,25,89,77,12,32.06106870229007,12.977099236641221,19.083969465648856,67.93893129770993,58.778625954198475,9.16030534351145
E00081662,167,32,7,25,135,111,24,19.16167664670659,4.191616766467066,14.97005988023952,80.83832335329342,66.46706586826348,14.37125748502994
E00081663,167,37,16,21,130,104,26,22.15568862275449,9.580838323353294,12.574850299401197,77.84431137724552,62.27544910179641,15.568862275449103
E00081664,92,31,15,16,61,46,15,33.69565217391305,16.304347826086957,17.391304347826086,66.30434782608695,50,16.304347826086957
E00081665,140,41,20,21,99,83,16,29.28571428571429,14.285714285714285,15,70.71428571428572,59.285714285714285,11.428571428571429
E00081666,194,54,19,35,140,121,19,27.835051546391753,9.793814432989691,18.04123711340206,72.16494845360825,62.371134020618555,9.793814432989691
E00081667,135,39,10,29,96,80,16,28.888888888888886,7.4074074074074066,21.48148148148148,71.11111111111111,59.25925925925925,11.851851851851853
E00081668,134,38,11,27,96,82,14,28.35820895522388,8.208955223880597,20.149253731343283,71.64179104477611,61.19402985074627,10.44776119402985
E00081669,149,53,19,34,96,83,13,35.57046979865772,12.751677852348994,22.818791946308725,64.42953020134227,55.70469798657718,8.724832214765101
E00081670,168,43,10,33,125,114,11,25.595238095238095,5.952380952380952,19.642857142857142,74.40476190476191,67.85714285714286,6.547619047619048
E00081671,161,41,12,29,120,103,17,25.465838509316768,7.453416149068323,18.012422360248447,74.53416149068323,63.975155279503106,10.559006211180124
E00081672,154,42,15,27,112,90,22,27.27272727272727,9.740259740259742,17.532467532467532,72.72727272727273,58.44155844155844,14.285714285714285
E00081673,151,40,12,28,111,92,19,26.490066225165563,7.9470198675496695,18.543046357615893,73.50993377483444,60.9271523178808,12.582781456953644
E00081674,104,40,14,26,64,51,13,38.46153846153847,13.461538461538462,25,61.53846153846154,49.03846153846153,12.5
E00081675,139,40,15,25,99,86,13,28.776978417266186,10.79136690647482,17.985611510791365,71.22302158273382,61.87050359712231,9.352517985611511
E00081676,133,52,11,41,81,70,11,39.097744360902254,8.270676691729323,30.82706766917293,60.902255639097746,52.63157894736842,8.270676691729323
E00081677,147,50,19,31,97,80,17,34.01360544217687,12.925170068027212,21.08843537414966,65.98639455782312,54.421768707483,11.564625850340136
E00081678,160,58,18,40,102,89,13,36.25,11.25,25,63.74999999999999,55.625,8.125
E00081679,103,23,4,19,80,72,8,22.330097087378643,3.8834951456310676,18.446601941747574,77.66990291262135,69.90291262135922,7.766990291262135
E00081680,162,52,20,32,110,90,20,32.098765432098766,12.345679012345679,19.753086419753085,67.90123456790124,55.55555555555556,12.345679012345679
E00081681,97,21,6,15,76,62,14,21.649484536082475,6.185567010309279,15.463917525773196,78.35051546391753,63.91752577319587,14.432989690721648
E00081682,143,37,11,26,106,92,14,25.874125874125873,7.6923076923076925,18.181818181818183,74.12587412587412,64.33566433566433,9.79020979020979
E00081683,143,38,17,21,105,94,11,26.573426573426573,11.888111888111888,14.685314685314685,73.42657342657343,65.73426573426573,7.6923076923076925
E00081684,147,33,14,19,114,103,11,22.448979591836736,9.523809523809524,12.925170068027212,77.55102040816327,70.06802721088435,7.482993197278912
E00081685,171,54,24,30,117,99,18,31.57894736842105,14.035087719298245,17.543859649122805,68.42105263157895,57.89473684210527,10.526315789473683
E00081686,159,50,13,37,109,92,17,31.446540880503143,8.176100628930817,23.270440251572328,68.55345911949685,57.861635220125784,10.69182389937107
E00081687,99,30,10,20,69,60,9,30.303030303030305,10.1010101010101,20.2020202020202,69.6969696969697,60.60606060606061,9.090909090909092
E00081688,177,56,18,38,121,104,17,31.63841807909605,10.16949152542373,21.468926553672315,68.36158192090396,58.75706214689266,9.6045197740113
E00081689,160,53,18,35,107,92,15,33.125,11.25,21.875,66.875,57.49999999999999,9.375
E00081690,158,44,11,33,114,94,20,27.848101265822784,6.962025316455696,20.88607594936709,72.15189873417721,59.49367088607595,12.658227848101266
E00081691,82,26,6,20,56,41,15,31.70731707317073,7.317073170731707,24.390243902439025,68.29268292682927,50,18.29268292682927
E00081692,144,39,17,22,105,90,15,27.083333333333332,11.805555555555555,15.277777777777779,72.91666666666666,62.5,10.416666666666668
E00081693,156,35,13,22,121,103,18,22.435897435897438,8.333333333333332,14.102564102564102,77.56410256410257,66.02564102564102,11.538461538461538
E00081694,131,43,9,34,88,73,15,32.82442748091603,6.870229007633588,25.954198473282442,67.17557251908397,55.72519083969466,11.450381679389313
E00081695,154,47,13,34,107,93,14,30.519480519480517,8.441558441558442,22.07792207792208,69.48051948051948,60.3896103896104,9.090909090909092
E00081696,159,47,14,33,112,101,11,29.559748427672954,8.80503144654088,20.754716981132077,70.44025157232704,63.52201257861635,6.918238993710692
E00081697,162,41,15,26,121,105,16,25.308641975308642,9.25925925925926,16.049382716049383,74.69135802469135,64.81481481481481,9.876543209876543
E00081698,166,47,15,32,119,99,20,28.313253012048197,9.036144578313253,19.27710843373494,71.6867469879518,59.63855421686747,12.048192771084338
E00081699,107,32,15,17,75,61,14,29.906542056074763,14.018691588785046,15.887850467289718,70.09345794392523,57.009345794392516,13.084112149532709
E00081700,118,34,13,21,84,78,6,28.8135593220339,11.016949152542372,17.796610169491526,71.1864406779661,66.10169491525424,5.084745762711865
E00081701,184,57,23,34,127,98,29,30.978260869565215,12.5,18.478260869565215,69.02173913043478,53.2608695652174,15.760869565217392
E00081702,58,12,5,7,46,41,5,20.689655172413794,8.620689655172415,12.068965517241379,79.3103448275862,70.6896551724138,8.620689655172415
E00081703,170,44,12,32,126,104,22,25.882352941176475,7.0588235294117645,18.823529411764707,74.11764705882354,61.1764705882353,12.941176470588237
E00081704,75,28,6,22,47,41,6,37.333333333333336,8,29.333333333333332,62.66666666666667,54.666666666666664,8
E00081705,125,42,13,29,83,65,18,33.6,10.4,23.200000000000003,66.4,52,14.399999999999999
E00081706,121,36,12,24,85,71,14,29.75206611570248,9.917355371900827,19.834710743801654,70.24793388429752,58.67768595041323,11.570247933884298
E00081707,162,52,22,30,110,88,22,32.098765432098766,13.580246913580247,18.51851851851852,67.90123456790124,54.32098765432099,13.580246913580247
E00081708,205,73,28,45,132,116,16,35.609756097560975,13.658536585365855,21.951219512195124,64.39024390243902,56.58536585365853,7.804878048780488
E00081709,186,52,20,32,134,103,31,27.956989247311824,10.75268817204301,17.20430107526882,72.04301075268818,55.376344086021504,16.666666666666664
E00081710,124,42,14,28,82,70,12,33.87096774193548,11.29032258064516,22.58064516129032,66.12903225806451,56.451612903225815,9.67741935483871
E00081711,155,52,23,29,103,89,14,33.5483870967742,14.838709677419354,18.70967741935484,66.45161290322581,57.41935483870968,9.032258064516128
E00081712,137,33,14,19,104,83,21,24.087591240875913,10.218978102189782,13.86861313868613,75.91240875912408,60.58394160583942,15.328467153284672
E00081713,147,38,15,23,109,87,22,25.850340136054424,10.204081632653061,15.646258503401361,74.14965986394559,59.183673469387756,14.965986394557824
E00081714,125,35,12,23,90,78,12,28.000000000000004,9.6,18.4,72,62.4,9.6
E00081715,144,40,10,30,104,86,18,27.77777777777778,6.944444444444445,20.833333333333336,72.22222222222221,59.72222222222222,12.5
E00081716,123,32,10,22,91,79,12,26.01626016260163,8.130081300813007,17.88617886178862,73.98373983739837,64.22764227642277,9.75609756097561
E00081717,154,47,19,28,107,91,16,30.519480519480517,12.337662337662337,18.181818181818183,69.48051948051948,59.09090909090909,10.38961038961039
E00081718,177,47,20,27,130,107,23,26.55367231638418,11.299435028248588,15.254237288135593,73.44632768361582,60.451977401129945,12.994350282485875
E00081719,161,47,19,28,114,91,23,29.19254658385093,11.801242236024844,17.391304347826086,70.80745341614907,56.52173913043478,14.285714285714285
E00081720,195,53,18,35,142,126,16,27.17948717948718,9.230769230769232,17.94871794871795,72.82051282051282,64.61538461538461,8.205128205128204
E00081721,173,42,16,26,131,108,23,24.277456647398843,9.248554913294797,15.028901734104046,75.72254335260115,62.42774566473989,13.294797687861271
E00081722,187,52,17,35,135,119,16,27.807486631016044,9.090909090909092,18.71657754010695,72.19251336898395,63.63636363636363,8.55614973262032
E00081723,198,51,25,26,147,125,22,25.757575757575758,12.626262626262626,13.131313131313133,74.24242424242425,63.13131313131313,11.11111111111111
E00081724,184,54,17,37,130,105,25,29.347826086956523,9.239130434782608,20.108695652173914,70.65217391304348,57.065217391304344,13.586956521739129
E00081725,141,39,16,23,102,88,14,27.659574468085108,11.347517730496454,16.312056737588655,72.3404255319149,62.4113475177305,9.929078014184398
E00081726,182,49,15,34,133,112,21,26.923076923076923,8.241758241758241,18.681318681318682,73.07692307692307,61.53846153846154,11.538461538461538
E00081727,177,50,21,29,127,97,30,28.24858757062147,11.864406779661017,16.38418079096045,71.75141242937853,54.80225988700565,16.94915254237288
E00081728,196,53,22,31,143,115,28,27.040816326530614,11.224489795918368,15.816326530612246,72.95918367346938,58.673469387755105,14.285714285714285
E00081729,138,46,17,29,92,74,18,33.33333333333333,12.318840579710146,21.014492753623188,66.66666666666666,53.62318840579711,13.043478260869565
E00081730,153,45,13,32,108,91,17,29.411764705882355,8.49673202614379,20.915032679738562,70.58823529411765,59.47712418300654,11.11111111111111
E00081731,155,44,18,26,111,88,23,28.387096774193548,11.612903225806452,16.7741935483871,71.61290322580646,56.774193548387096,14.838709677419354
E00081732,152,55,16,39,97,73,24,36.18421052631579,10.526315789473683,25.657894736842106,63.81578947368421,48.026315789473685,15.789473684210526
E00081733,87,32,7,25,55,50,5,36.7816091954023,8.045977011494253,28.735632183908045,63.2183908045977,57.47126436781609,5.747126436781609
E00081734,88,22,10,12,66,50,16,25,11.363636363636363,13.636363636363635,75,56.81818181818182,18.181818181818183
E00081735,167,57,18,39,110,91,19,34.13173652694611,10.778443113772456,23.353293413173652,65.86826347305389,54.49101796407185,11.377245508982035
E00081736,165,47,14,33,118,101,17,28.484848484848484,8.484848484848486,20,71.51515151515152,61.212121212121204,10.303030303030303
E00081737,106,27,7,20,79,70,9,25.471698113207548,6.60377358490566,18.867924528301888,74.52830188679245,66.0377358490566,8.49056603773585
E00081738,166,44,13,31,122,97,25,26.506024096385545,7.83132530120482,18.67469879518072,73.49397590361446,58.43373493975904,15.060240963855422
E00081739,185,55,18,37,130,112,18,29.72972972972973,9.72972972972973,20,70.27027027027027,60.54054054054055,9.72972972972973
E00081740,160,51,23,28,109,82,27,31.874999999999996,14.374999999999998,17.5,68.125,51.24999999999999,16.875
E00081741,155,37,12,25,118,94,24,23.870967741935484,7.741935483870968,16.129032258064516,76.12903225806451,60.64516129032258,15.483870967741936
E00081742,138,41,13,28,97,85,12,29.71014492753623,9.420289855072465,20.28985507246377,70.28985507246377,61.59420289855072,8.695652173913043
E00081743,139,40,16,24,99,83,16,28.776978417266186,11.510791366906476,17.26618705035971,71.22302158273382,59.71223021582733,11.510791366906476
E00081744,167,44,14,30,123,98,25,26.34730538922156,8.383233532934131,17.964071856287426,73.65269461077844,58.68263473053892,14.97005988023952
E00081745,200,44,24,20,156,129,27,22,12,10,78,64.5,13.5
E00081746,156,45,11,34,111,100,11,28.846153846153843,7.051282051282051,21.794871794871796,71.15384615384616,64.1025641025641,7.051282051282051
E00081747,210,67,29,38,143,117,26,31.9047619047619,13.80952380952381,18.095238095238095,68.0952380952381,55.714285714285715,12.380952380952381
E00081748,180,63,24,39,117,95,22,35,13.333333333333334,21.666666666666668,65,52.77777777777778,12.222222222222221
E00081749,208,51,19,32,157,125,32,24.519230769230766,9.134615384615383,15.384615384615385,75.48076923076923,60.09615384615385,15.384615384615385
E00081750,145,38,11,27,107,93,14,26.20689655172414,7.586206896551724,18.620689655172416,73.79310344827587,64.13793103448275,9.655172413793103
E00081751,168,53,20,33,115,104,11,31.547619047619047,11.904761904761903,19.642857142857142,68.45238095238095,61.904761904761905,6.547619047619048
E00081752,160,39,10,29,121,93,28,24.375,6.25,18.125,75.625,58.12500000000001,17.5
E00081753,157,39,11,28,118,101,17,24.840764331210192,7.006369426751593,17.8343949044586,75.15923566878982,64.3312101910828,10.828025477707007
E00081754,171,45,15,30,126,110,16,26.31578947368421,8.771929824561402,17.543859649122805,73.68421052631578,64.32748538011695,9.35672514619883
E00081755,185,56,17,39,129,117,12,30.270270270270274,9.18918918918919,21.08108108108108,69.72972972972973,63.24324324324324,6.486486486486487
E00081756,163,42,10,32,121,106,15,25.766871165644172,6.134969325153374,19.631901840490798,74.23312883435584,65.03067484662577,9.202453987730062
E00081757,170,42,14,28,128,105,23,24.705882352941178,8.235294117647058,16.470588235294116,75.29411764705883,61.76470588235294,13.529411764705882
E00081758,152,48,16,32,104,86,18,31.57894736842105,10.526315789473683,21.052631578947366,68.42105263157895,56.57894736842105,11.842105263157894
E00081759,167,47,20,27,120,106,14,28.143712574850298,11.976047904191617,16.16766467065868,71.8562874251497,63.47305389221557,8.383233532934131
E00081760,172,57,13,44,115,93,22,33.13953488372093,7.55813953488372,25.581395348837212,66.86046511627907,54.06976744186046,12.790697674418606
E00081761,139,38,16,22,101,86,15,27.33812949640288,11.510791366906476,15.827338129496402,72.66187050359713,61.87050359712231,10.79136690647482
E00081762,236,68,24,44,168,148,20,28.8135593220339,10.16949152542373,18.64406779661017,71.1864406779661,62.71186440677966,8.47457627118644
E00081763,200,59,17,42,141,124,17,29.5,8.5,21,70.5,62,8.5
E00081764,234,63,17,46,171,143,28,26.923076923076923,7.264957264957266,19.65811965811966,73.07692307692307,61.111111111111114,11.965811965811966
E00081765,159,49,17,32,110,94,16,30.81761006289308,10.69182389937107,20.125786163522015,69.18238993710692,59.11949685534591,10.062893081761008
E00081766,128,36,16,20,92,75,17,28.125,12.5,15.625,71.875,58.59375,13.28125
E00081767,172,53,19,34,119,97,22,30.813953488372093,11.046511627906977,19.767441860465116,69.18604651162791,56.395348837209305,12.790697674418606
E00081768,160,45,11,34,115,97,18,28.125,6.875000000000001,21.25,71.875,60.62499999999999,11.25
E00081769,156,47,15,32,109,89,20,30.128205128205128,9.615384615384617,20.51282051282051,69.87179487179486,57.05128205128205,12.82051282051282
E00081770,118,33,11,22,85,67,18,27.966101694915253,9.322033898305085,18.64406779661017,72.03389830508475,56.779661016949156,15.254237288135593
E00081771,167,52,21,31,115,104,11,31.137724550898206,12.574850299401197,18.562874251497004,68.8622754491018,62.27544910179641,6.58682634730539
E00081772,190,56,21,35,134,126,8,29.47368421052631,11.052631578947368,18.421052631578945,70.52631578947368,66.3157894736842,4.2105263157894735
E00081773,91,23,6,17,68,55,13,25.274725274725274,6.593406593406594,18.681318681318682,74.72527472527473,60.43956043956044,14.285714285714285
E00167382,104,29,8,21,75,66,9,27.884615384615387,7.6923076923076925,20.192307692307693,72.11538461538461,63.46153846153846,8.653846153846153
E00167383,171,43,21,22,128,103,25,25.146198830409354,12.280701754385964,12.865497076023392,74.85380116959064,60.23391812865497,14.619883040935672
E00167385,244,53,16,37,191,166,25,21.721311475409834,6.557377049180328,15.163934426229508,78.27868852459017,68.0327868852459,10.245901639344263
E00167386,141,55,21,34,86,66,20,39.00709219858156,14.893617021276595,24.113475177304963,60.99290780141844,46.808510638297875,14.184397163120568
E00167388,136,40,6,34,96,84,12,29.411764705882355,4.411764705882353,25,70.58823529411765,61.76470588235294,8.823529411764707
E00167389,123,37,12,25,86,71,15,30.081300813008134,9.75609756097561,20.32520325203252,69.91869918699187,57.72357723577236,12.195121951219512
E00167390,165,50,18,32,115,102,13,30.303030303030305,10.909090909090908,19.393939393939394,69.6969696969697,61.81818181818181,7.878787878787878
E00167391,102,23,7,16,79,66,13,22.54901960784314,6.862745098039216,15.686274509803921,77.45098039215686,64.70588235294117,12.745098039215685
E00167392,160,29,11,18,131,114,17,18.125,6.875000000000001,11.25,81.875,71.25,10.625
E00167393,97,33,10,23,64,52,12,34.02061855670103,10.309278350515463,23.711340206185564,65.97938144329896,53.608247422680414,12.371134020618557
E00167394,86,25,0,25,61,55,6,29.069767441860467,0,29.069767441860467,70.93023255813954,63.95348837209303,6.976744186046512
E00167395,183,36,14,22,147,132,15,19.672131147540984,7.650273224043716,12.021857923497267,80.32786885245902,72.1311475409836,8.19672131147541
E00167396,305,69,24,45,236,187,49,22.62295081967213,7.868852459016394,14.754098360655737,77.37704918032787,61.31147540983607,16.065573770491802
E00167397,289,60,17,43,229,180,49,20.761245674740483,5.88235294117647,14.878892733564014,79.23875432525952,62.28373702422145,16.955017301038062
E00167398,176,34,8,26,142,125,17,19.318181818181817,4.545454545454546,14.772727272727273,80.68181818181817,71.02272727272727,9.659090909090908
E00167399,189,38,15,23,151,124,27,20.105820105820104,7.936507936507936,12.16931216931217,79.8941798941799,65.60846560846561,14.285714285714285
E00167402,280,70,25,45,210,162,48,25,8.928571428571429,16.071428571428573,75,57.85714285714286,17.142857142857142
E00167403,205,55,18,37,150,120,30,26.82926829268293,8.780487804878048,18.048780487804876,73.17073170731707,58.536585365853654,14.634146341463413
E00167404,193,41,15,26,152,120,32,21.243523316062177,7.772020725388601,13.471502590673575,78.75647668393782,62.17616580310881,16.580310880829018
E00167406,270,69,25,44,201,158,43,25.555555555555554,9.25925925925926,16.296296296296298,74.44444444444444,58.51851851851851,15.925925925925927
E00167407,41,14,7,7,27,26,1,34.146341463414636,17.073170731707318,17.073170731707318,65.85365853658537,63.41463414634146,2.4390243902439024
E00167408,148,26,8,18,122,98,24,17.56756756756757,5.405405405405405,12.162162162162163,82.43243243243244,66.21621621621621,16.216216216216218
E00167409,45,13,4,9,32,28,4,28.888888888888886,8.88888888888889,20,71.11111111111111,62.22222222222222,8.88888888888889
E00167410,147,36,9,27,111,103,8,24.489795918367346,6.122448979591836,18.367346938775512,75.51020408163265,70.06802721088435,5.442176870748299
E00167411,119,21,9,12,98,85,13,17.647058823529413,7.563025210084033,10.084033613445378,82.35294117647058,71.42857142857143,10.92436974789916
E00167412,137,31,9,22,106,85,21,22.62773722627737,6.569343065693431,16.05839416058394,77.37226277372264,62.04379562043796,15.328467153284672
E00167413,215,55,15,40,160,134,26,25.581395348837212,6.976744186046512,18.6046511627907,74.4186046511628,62.32558139534884,12.093023255813954
E00167414,195,41,14,27,154,128,26,21.025641025641026,7.179487179487179,13.846153846153847,78.97435897435898,65.64102564102564,13.333333333333334
E00167415,156,57,19,38,99,88,11,36.53846153846153,12.179487179487179,24.358974358974358,63.46153846153846,56.41025641025641,7.051282051282051
E00167416,120,29,9,20,91,72,19,24.166666666666668,7.5,16.666666666666664,75.83333333333333,60,15.833333333333332
E00167417,145,37,9,28,108,88,20,25.517241379310345,6.206896551724138,19.310344827586206,74.48275862068967,60.689655172413794,13.793103448275861
E00167419,173,40,9,31,133,119,14,23.121387283236995,5.202312138728324,17.91907514450867,76.878612716763,68.78612716763006,8.092485549132949
E00167420,214,99,59,40,115,82,33,46.26168224299065,27.570093457943923,18.69158878504673,53.73831775700935,38.31775700934579,15.42056074766355
E00189622,91,37,8,29,54,40,14,40.65934065934066,8.791208791208792,31.868131868131865,59.34065934065934,43.956043956043956,15.384615384615385
E00189630,591,92,25,67,499,421,78,15.5668358714044,4.230118443316413,11.336717428087987,84.4331641285956,71.2351945854484,13.19796954314721
E00189635,183,40,17,23,143,115,28,21.85792349726776,9.289617486338798,12.568306010928962,78.14207650273224,62.841530054644814,15.300546448087433
E00189636,180,39,18,21,141,117,24,21.666666666666668,10,11.666666666666666,78.33333333333333,65,13.333333333333334
E00189640,158,22,5,17,136,121,15,13.924050632911392,3.1645569620253164,10.759493670886076,86.07594936708861,76.58227848101265,9.49367088607595
E00189642,122,9,4,5,113,93,20,7.377049180327869,3.278688524590164,4.098360655737705,92.62295081967213,76.22950819672131,16.39344262295082
E00189643,179,48,18,30,131,107,24,26.81564245810056,10.05586592178771,16.75977653631285,73.18435754189943,59.77653631284916,13.40782122905028
E00189645,126,23,7,16,103,89,14,18.253968253968253,5.555555555555555,12.698412698412698,81.74603174603175,70.63492063492063,11.11111111111111
E00189648,201,55,19,36,146,122,24,27.363184079601986,9.45273631840796,17.91044776119403,72.636815920398,60.69651741293532,11.940298507462686
E00189651,179,25,6,19,154,130,24,13.966480446927374,3.35195530726257,10.614525139664805,86.03351955307262,72.62569832402235,13.40782122905028
E00189656,189,34,9,25,155,130,25,17.989417989417987,4.761904761904762,13.227513227513226,82.01058201058201,68.78306878306879,13.227513227513226
E00189658,177,29,10,19,148,119,29,16.38418079096045,5.649717514124294,10.734463276836157,83.61581920903954,67.2316384180791,16.38418079096045
E00189659,100,23,8,15,77,65,12,23,8,15,77,65,12
E00189661,48,12,8,4,36,33,3,25,16.666666666666664,8.333333333333332,75,68.75,6.25
E00189665,143,36,12,24,107,83,24,25.174825174825177,8.391608391608392,16.783216783216783,74.82517482517483,58.04195804195804,16.783216783216783
E00189668,206,42,13,29,164,137,27,20.388349514563107,6.310679611650485,14.077669902912621,79.6116504854369,66.50485436893204,13.106796116504855
E00189669,164,24,11,13,140,117,23,14.634146341463413,6.707317073170732,7.926829268292683,85.36585365853658,71.34146341463415,14.02439024390244
E00189674,217,37,15,22,180,141,39,17.050691244239633,6.912442396313365,10.138248847926267,82.94930875576037,64.97695852534562,17.972350230414747
E00189678,60,24,6,18,36,28,8,40,10,30,60,46.666666666666664,13.333333333333334
E00189681,161,42,21,21,119,97,22,26.08695652173913,13.043478260869565,13.043478260869565,73.91304347826086,60.24844720496895,13.664596273291925
E00189685,123,20,8,12,103,85,18,16.260162601626014,6.504065040650407,9.75609756097561,83.73983739837398,69.10569105691057,14.634146341463413
E00189687,191,57,24,33,134,106,28,29.84293193717277,12.56544502617801,17.277486910994764,70.15706806282722,55.497382198952884,14.659685863874344
E00189688,194,43,11,32,151,117,34,22.164948453608247,5.670103092783505,16.49484536082474,77.83505154639175,60.30927835051546,17.525773195876287
E00189693,142,36,9,27,106,87,19,25.352112676056336,6.338028169014084,19.014084507042252,74.64788732394366,61.267605633802816,13.380281690140844
E00189696,189,89,59,30,100,91,9,47.08994708994709,31.216931216931215,15.873015873015872,52.910052910052904,48.148148148148145,4.761904761904762
E00189703,128,29,9,20,99,75,24,22.65625,7.03125,15.625,77.34375,58.59375,18.75
E00189706,201,59,14,45,142,116,26,29.35323383084577,6.965174129353234,22.388059701492537,70.64676616915423,57.711442786069654,12.935323383084576
E00189716,97,30,10,20,67,55,12,30.927835051546392,10.309278350515463,20.618556701030926,69.0721649484536,56.70103092783505,12.371134020618557
E00189720,207,34,11,23,173,139,34,16.425120772946862,5.314009661835748,11.11111111111111,83.57487922705315,67.14975845410628,16.425120772946862
E00189724,127,20,5,15,107,94,13,15.748031496062993,3.937007874015748,11.811023622047244,84.25196850393701,74.01574803149606,10.236220472440944
E00189725,136,26,10,16,110,90,20,19.11764705882353,7.352941176470589,11.76470588235294,80.88235294117648,66.17647058823529,14.705882352941178
E00189734,176,44,26,18,132,105,27,25,14.772727272727273,10.227272727272728,75,59.65909090909091,15.340909090909092
E00189741,189,53,23,30,136,106,30,28.04232804232804,12.16931216931217,15.873015873015872,71.95767195767195,56.08465608465608,15.873015873015872
E00189743,203,40,17,23,163,140,23,19.704433497536947,8.374384236453201,11.330049261083744,80.29556650246306,68.96551724137932,11.330049261083744
E00189746,183,32,7,25,151,132,19,17.48633879781421,3.825136612021858,13.661202185792352,82.5136612021858,72.1311475409836,10.382513661202186
E00189755,48,22,10,12,26,21,5,45.83333333333333,20.833333333333336,25,54.166666666666664,43.75,10.416666666666668
E00189758,205,44,15,29,161,132,29,21.463414634146343,7.317073170731707,14.146341463414632,78.53658536585367,64.39024390243902,14.146341463414632
E00189760,141,33,8,25,108,88,20,23.404255319148938,5.673758865248227,17.73049645390071,76.59574468085107,62.4113475177305,14.184397163120568
E00189763,80,14,7,7,66,52,14,17.5,8.75,8.75,82.5,65,17.5
E00189771,170,35,20,15,135,106,29,20.588235294117645,11.76470588235294,8.823529411764707,79.41176470588235,62.35294117647059,17.058823529411764
E00189772,114,26,6,20,88,74,14,22.807017543859647,5.263157894736842,17.543859649122805,77.19298245614034,64.91228070175438,12.280701754385964
E00189780,133,22,12,10,111,89,22,16.541353383458645,9.022556390977442,7.518796992481203,83.45864661654136,66.9172932330827,16.541353383458645
E00189783,108,20,11,9,88,72,16,18.51851851851852,10.185185185185185,8.333333333333332,81.48148148148148,66.66666666666666,14.814814814814813
E00189786,183,44,18,26,139,125,14,24.043715846994534,9.836065573770492,14.207650273224044,75.95628415300546,68.30601092896174,7.650273224043716
E00189787,88,25,7,18,63,54,9,28.40909090909091,7.954545454545454,20.454545454545457,71.5909090909091,61.36363636363637,10.227272727272728
E00189789,204,38,13,25,166,132,34,18.627450980392158,6.372549019607843,12.254901960784313,81.37254901960785,64.70588235294117,16.666666666666664
E00189792,135,32,15,17,103,88,15,23.703703703703706,11.11111111111111,12.592592592592592,76.29629629629629,65.18518518518519,11.11111111111111
