OA,ts0380001,ts0380002,ts0380003,ts0380004,ts0380005,ts0380006,ts0380007,ts0380002_PCT,ts0380003_PCT,ts0380004_PCT,ts0380005_PCT,ts0380006_PCT,ts0380007_PCT
E00023412,266,16,7,9,250,3,247,6.015037593984962,2.631578947368421,3.3834586466165413,93.98496240601504,1.1278195488721803,92.85714285714286
E00023413,391,23,10,13,368,18,350,5.88235294117647,2.557544757033248,3.324808184143223,94.11764705882352,4.603580562659847,89.51406649616368
E00023414,119,12,6,6,107,5,102,10.084033613445378,5.042016806722689,5.042016806722689,89.91596638655463,4.201680672268908,85.71428571428571
E00023415,357,45,16,29,312,14,298,12.605042016806722,4.481792717086835,8.123249299719888,87.39495798319328,3.9215686274509802,83.4733893557423
E00023416,315,31,15,16,284,12,272,9.841269841269842,4.761904761904762,5.079365079365079,90.15873015873017,3.8095238095238098,86.34920634920636
E00023418,230,22,10,12,208,14,194,9.565217391304348,4.3478260869565215,5.217391304347826,90.43478260869566,6.086956521739131,84.34782608695653
E00023419,351,20,10,10,331,18,313,5.698005698005698,2.849002849002849,2.849002849002849,94.30199430199431,5.128205128205128,89.17378917378917
E00023421,231,21,8,13,210,16,194,9.090909090909092,3.463203463203463,5.627705627705628,90.9090909090909,6.926406926406926,83.98268398268398
E00023422,381,43,21,22,338,13,325,11.286089238845145,5.511811023622047,5.774278215223097,88.71391076115486,3.4120734908136483,85.30183727034121
E00023423,256,30,14,16,226,10,216,11.71875,5.46875,6.25,88.28125,3.90625,84.375
E00023424,219,12,5,7,207,28,179,5.47945205479452,2.28310502283105,3.1963470319634704,94.52054794520548,12.785388127853881,81.7351598173516
E00023425,188,27,16,11,161,6,155,14.361702127659576,8.51063829787234,5.851063829787234,85.63829787234043,3.1914893617021276,82.4468085106383
E00023426,324,12,4,8,312,16,296,3.7037037037037033,1.2345679012345678,2.4691358024691357,96.29629629629629,4.938271604938271,91.35802469135803
E00023427,206,20,11,9,186,16,170,9.70873786407767,5.339805825242718,4.368932038834951,90.29126213592234,7.766990291262135,82.52427184466019
E00023428,258,14,6,8,244,15,229,5.426356589147287,2.3255813953488373,3.10077519379845,94.57364341085271,5.813953488372093,88.75968992248062
E00023429,367,44,22,22,323,16,307,11.989100817438691,5.994550408719346,5.994550408719346,88.0108991825613,4.35967302452316,83.65122615803816
E00023430,212,28,14,14,184,6,178,13.20754716981132,6.60377358490566,6.60377358490566,86.79245283018868,2.8301886792452833,83.9622641509434
E00023431,341,28,12,16,313,25,288,8.211143695014663,3.519061583577713,4.69208211143695,91.78885630498533,7.331378299120235,84.4574780058651
E00023432,220,15,7,8,205,13,192,6.8181818181818175,3.1818181818181817,3.6363636363636362,93.18181818181817,5.909090909090909,87.27272727272727
E00023433,246,17,10,7,229,9,220,6.910569105691057,4.0650406504065035,2.8455284552845526,93.08943089430895,3.6585365853658534,89.43089430894308
E00023434,420,84,38,46,336,15,321,20,9.047619047619047,10.952380952380953,80,3.571428571428571,76.42857142857142
E00023435,352,30,13,17,322,10,312,8.522727272727272,3.6931818181818183,4.829545454545454,91.47727272727273,2.840909090909091,88.63636363636364
E00023436,277,24,11,13,253,8,245,8.664259927797833,3.9711191335740073,4.693140794223827,91.33574007220217,2.888086642599278,88.4476534296029
E00023437,119,13,10,3,106,4,102,10.92436974789916,8.403361344537815,2.5210084033613445,89.07563025210085,3.361344537815126,85.71428571428571
E00023438,293,13,5,8,280,11,269,4.436860068259386,1.7064846416382253,2.7303754266211606,95.56313993174061,3.754266211604096,91.80887372013652
E00023439,422,24,4,20,398,28,370,5.687203791469194,0.9478672985781991,4.739336492890995,94.3127962085308,6.6350710900473935,87.67772511848341
E00023440,245,38,17,21,207,16,191,15.510204081632653,6.938775510204081,8.571428571428571,84.48979591836735,6.530612244897959,77.9591836734694
E00023441,307,22,8,14,285,24,261,7.166123778501629,2.6058631921824107,4.5602605863192185,92.83387622149837,7.81758957654723,85.01628664495115
E00023442,204,19,9,10,185,10,175,9.313725490196079,4.411764705882353,4.901960784313726,90.68627450980392,4.901960784313726,85.7843137254902
E00023443,206,51,26,25,155,15,140,24.75728155339806,12.62135922330097,12.135922330097088,75.24271844660194,7.281553398058252,67.96116504854369
E00023444,281,25,8,17,256,14,242,8.896797153024911,2.8469750889679712,6.049822064056939,91.10320284697508,4.98220640569395,86.12099644128114
E00023445,351,67,15,52,284,13,271,19.08831908831909,4.273504273504273,14.814814814814813,80.91168091168092,3.7037037037037033,77.20797720797721
E00023446,232,54,32,22,178,14,164,23.275862068965516,13.793103448275861,9.482758620689655,76.72413793103449,6.0344827586206895,70.6896551724138
E00023447,355,42,19,23,313,21,292,11.830985915492958,5.352112676056338,6.478873239436619,88.16901408450704,5.915492957746479,82.25352112676056
E00023448,435,27,9,18,408,23,385,6.206896551724138,2.0689655172413794,4.137931034482759,93.79310344827586,5.287356321839081,88.50574712643679
E00023449,276,30,15,15,246,14,232,10.869565217391305,5.434782608695652,5.434782608695652,89.13043478260869,5.072463768115942,84.05797101449275
E00023450,315,62,26,36,253,12,241,19.682539682539684,8.253968253968253,11.428571428571429,80.31746031746032,3.8095238095238098,76.5079365079365
E00023451,375,47,24,23,328,12,316,12.533333333333333,6.4,6.133333333333333,87.46666666666667,3.2,84.26666666666667
E00023452,406,35,12,23,371,15,356,8.620689655172415,2.955665024630542,5.665024630541872,91.37931034482759,3.6945812807881775,87.68472906403942
E00023453,205,32,14,18,173,16,157,15.609756097560975,6.829268292682928,8.780487804878048,84.39024390243902,7.804878048780488,76.58536585365854
E00023454,254,42,33,9,212,10,202,16.535433070866144,12.992125984251967,3.543307086614173,83.46456692913385,3.937007874015748,79.52755905511812
E00023455,234,24,4,20,210,11,199,10.256410256410255,1.7094017094017095,8.547008547008547,89.74358974358975,4.700854700854701,85.04273504273505
E00023456,233,30,17,13,203,10,193,12.875536480686694,7.296137339055794,5.579399141630901,87.1244635193133,4.291845493562231,82.83261802575107
E00023458,212,19,6,13,193,16,177,8.962264150943396,2.8301886792452833,6.132075471698113,91.0377358490566,7.547169811320755,83.49056603773585
E00023459,245,24,3,21,221,19,202,9.795918367346939,1.2244897959183674,8.571428571428571,90.20408163265307,7.755102040816326,82.44897959183673
E00023460,156,24,6,18,132,7,125,15.384615384615385,3.8461538461538463,11.538461538461538,84.61538461538461,4.487179487179487,80.12820512820514
E00023461,289,40,12,28,249,16,233,13.84083044982699,4.1522491349480966,9.688581314878892,86.159169550173,5.536332179930796,80.62283737024222
E00023462,237,47,24,23,190,7,183,19.831223628691983,10.126582278481013,9.70464135021097,80.16877637130801,2.9535864978902953,77.21518987341773
E00023463,229,44,22,22,185,10,175,19.213973799126638,9.606986899563319,9.606986899563319,80.78602620087337,4.366812227074235,76.41921397379913
E00023464,193,15,3,12,178,9,169,7.772020725388601,1.5544041450777202,6.217616580310881,92.2279792746114,4.66321243523316,87.56476683937824
E00023465,196,22,12,10,174,12,162,11.224489795918368,6.122448979591836,5.1020408163265305,88.77551020408163,6.122448979591836,82.6530612244898
E00023466,308,45,22,23,263,18,245,14.61038961038961,7.142857142857142,7.467532467532467,85.3896103896104,5.844155844155844,79.54545454545455
E00023467,298,56,25,31,242,12,230,18.79194630872483,8.389261744966444,10.40268456375839,81.20805369127517,4.026845637583892,77.18120805369128
E00023468,230,13,5,8,217,7,210,5.6521739130434785,2.1739130434782608,3.4782608695652173,94.34782608695652,3.0434782608695654,91.30434782608695
E00023469,339,28,11,17,311,22,289,8.259587020648967,3.2448377581120944,5.014749262536873,91.74041297935102,6.489675516224189,85.25073746312685
E00023470,250,23,6,17,227,14,213,9.2,2.4,6.800000000000001,90.8,5.6000000000000005,85.2
E00023471,199,30,16,14,169,8,161,15.07537688442211,8.040201005025125,7.035175879396985,84.92462311557789,4.0201005025125625,80.90452261306532
E00023472,476,48,34,14,428,30,398,10.084033613445378,7.142857142857142,2.941176470588235,89.91596638655463,6.302521008403361,83.61344537815127
E00023473,234,37,18,19,197,24,173,15.81196581196581,7.6923076923076925,8.11965811965812,84.1880341880342,10.256410256410255,73.93162393162393
E00023474,197,18,9,9,179,9,170,9.137055837563452,4.568527918781726,4.568527918781726,90.86294416243655,4.568527918781726,86.29441624365482
E00023475,207,15,3,12,192,8,184,7.246376811594203,1.4492753623188406,5.797101449275362,92.7536231884058,3.864734299516908,88.88888888888889
E00023476,455,28,8,20,427,19,408,6.153846153846154,1.7582417582417582,4.395604395604396,93.84615384615384,4.175824175824175,89.67032967032968
E00023477,334,47,19,28,287,28,259,14.071856287425149,5.688622754491018,8.383233532934131,85.92814371257485,8.383233532934131,77.54491017964071
E00023478,390,40,13,27,350,21,329,10.256410256410255,3.3333333333333335,6.923076923076923,89.74358974358975,5.384615384615385,84.35897435897436
E00023479,340,18,7,11,322,19,303,5.294117647058823,2.0588235294117645,3.2352941176470593,94.70588235294117,5.588235294117648,89.11764705882354
E00023480,212,24,10,14,188,6,182,11.320754716981133,4.716981132075472,6.60377358490566,88.67924528301887,2.8301886792452833,85.84905660377359
E00023481,199,18,6,12,181,12,169,9.045226130653267,3.015075376884422,6.030150753768844,90.95477386934674,6.030150753768844,84.92462311557789
E00023482,371,24,1,23,347,14,333,6.46900269541779,0.2695417789757413,6.199460916442049,93.53099730458221,3.7735849056603774,89.75741239892183
E00023483,335,69,36,33,266,14,252,20.597014925373134,10.746268656716417,9.850746268656717,79.40298507462687,4.179104477611941,75.22388059701493
E00023484,228,22,6,16,206,9,197,9.649122807017543,2.631578947368421,7.017543859649122,90.35087719298247,3.9473684210526314,86.40350877192982
E00023485,107,14,6,8,93,6,87,13.084112149532709,5.607476635514018,7.476635514018691,86.91588785046729,5.607476635514018,81.30841121495327
E00023486,194,23,7,16,171,12,159,11.855670103092782,3.608247422680412,8.24742268041237,88.14432989690721,6.185567010309279,81.95876288659794
E00023487,200,25,10,15,175,5,170,12.5,5,7.5,87.5,2.5,85
E00023488,287,17,4,13,270,11,259,5.923344947735192,1.3937282229965158,4.529616724738676,94.07665505226481,3.8327526132404177,90.2439024390244
E00023489,346,26,10,16,320,15,305,7.514450867052023,2.8901734104046244,4.624277456647398,92.48554913294798,4.335260115606936,88.15028901734104
E00023490,582,83,57,26,499,24,475,14.261168384879724,9.793814432989691,4.4673539518900345,85.73883161512028,4.123711340206185,81.61512027491409
E00023491,263,63,29,34,200,13,187,23.954372623574145,11.02661596958175,12.927756653992395,76.04562737642586,4.942965779467681,71.10266159695817
E00023492,149,22,7,15,127,8,119,14.76510067114094,4.697986577181208,10.06711409395973,85.23489932885906,5.369127516778524,79.86577181208054
E00023493,251,25,11,14,226,11,215,9.9601593625498,4.382470119521913,5.577689243027888,90.0398406374502,4.382470119521913,85.65737051792829
E00023494,365,33,15,18,332,24,308,9.04109589041096,4.10958904109589,4.931506849315069,90.95890410958904,6.575342465753424,84.38356164383562
E00023495,231,15,4,11,216,6,210,6.493506493506493,1.7316017316017316,4.761904761904762,93.5064935064935,2.5974025974025974,90.9090909090909
E00023496,158,11,5,6,147,13,134,6.962025316455696,3.1645569620253164,3.79746835443038,93.0379746835443,8.227848101265822,84.81012658227847
E00023497,178,20,3,17,158,7,151,11.235955056179774,1.6853932584269662,9.550561797752808,88.76404494382022,3.932584269662921,84.8314606741573
E00023498,243,17,6,11,226,16,210,6.995884773662551,2.4691358024691357,4.526748971193416,93.00411522633745,6.584362139917696,86.41975308641975
E00023499,265,93,72,21,172,4,168,35.094339622641506,27.169811320754718,7.9245283018867925,64.90566037735849,1.509433962264151,63.39622641509434
E00023500,303,24,8,16,279,8,271,7.920792079207921,2.6402640264026402,5.2805280528052805,92.07920792079209,2.6402640264026402,89.43894389438944
E00023501,337,24,9,15,313,17,296,7.121661721068249,2.6706231454005933,4.451038575667656,92.87833827893175,5.044510385756676,87.83382789317507
E00023502,321,18,13,5,303,11,292,5.607476635514018,4.049844236760125,1.557632398753894,94.39252336448598,3.4267912772585665,90.96573208722741
E00023503,113,12,8,4,101,7,94,10.619469026548673,7.079646017699115,3.5398230088495577,89.38053097345133,6.1946902654867255,83.1858407079646
E00023504,171,12,6,6,159,13,146,7.017543859649122,3.508771929824561,3.508771929824561,92.98245614035088,7.602339181286549,85.38011695906432
E00023505,180,17,9,8,163,5,158,9.444444444444445,5,4.444444444444445,90.55555555555556,2.7777777777777777,87.77777777777777
E00023506,216,7,2,5,209,5,204,3.2407407407407405,0.9259259259259258,2.314814814814815,96.75925925925925,2.314814814814815,94.44444444444444
E00023507,250,26,10,16,224,0,224,10.4,4,6.4,89.60000000000001,0,89.60000000000001
E00023508,184,17,6,11,167,11,156,9.239130434782608,3.260869565217391,5.978260869565218,90.76086956521739,5.978260869565218,84.78260869565217
E00023509,277,19,7,12,258,17,241,6.859205776173286,2.527075812274368,4.332129963898916,93.14079422382672,6.137184115523466,87.00361010830325
E00023510,188,8,1,7,180,9,171,4.25531914893617,0.5319148936170213,3.723404255319149,95.74468085106383,4.787234042553192,90.95744680851064
E00023511,160,14,6,8,146,13,133,8.75,3.75,5,91.25,8.125,83.125
E00023512,193,25,12,13,168,12,156,12.953367875647666,6.217616580310881,6.7357512953367875,87.04663212435233,6.217616580310881,80.82901554404145
E00023513,118,11,7,4,107,3,104,9.322033898305085,5.932203389830509,3.389830508474576,90.67796610169492,2.5423728813559325,88.13559322033898
E00023514,229,19,6,13,210,12,198,8.296943231441048,2.6200873362445414,5.676855895196507,91.70305676855895,5.240174672489083,86.46288209606988
E00023515,165,22,6,16,143,8,135,13.333333333333334,3.6363636363636362,9.696969696969697,86.66666666666667,4.848484848484849,81.81818181818183
E00023516,193,15,5,10,178,20,158,7.772020725388601,2.5906735751295336,5.181347150259067,92.2279792746114,10.362694300518134,81.86528497409327
E00023517,392,39,10,29,353,19,334,9.948979591836734,2.5510204081632653,7.3979591836734695,90.05102040816327,4.846938775510204,85.20408163265306
E00023518,245,27,12,15,218,13,205,11.020408163265307,4.8979591836734695,6.122448979591836,88.9795918367347,5.3061224489795915,83.6734693877551
E00023519,295,32,17,15,263,17,246,10.847457627118644,5.762711864406779,5.084745762711865,89.15254237288136,5.762711864406779,83.38983050847457
E00023520,241,11,0,11,230,13,217,4.564315352697095,0,4.564315352697095,95.4356846473029,5.394190871369295,90.04149377593362
E00023521,229,15,4,11,214,8,206,6.550218340611353,1.7467248908296942,4.8034934497816595,93.44978165938865,3.4934497816593884,89.95633187772926
E00023522,363,45,20,25,318,21,297,12.396694214876034,5.5096418732782375,6.887052341597796,87.60330578512396,5.785123966942149,81.81818181818183
E00023523,138,8,4,4,130,9,121,5.797101449275362,2.898550724637681,2.898550724637681,94.20289855072464,6.521739130434782,87.68115942028986
E00023524,133,9,5,4,124,6,118,6.7669172932330826,3.7593984962406015,3.007518796992481,93.23308270676691,4.511278195488721,88.7218045112782
E00023525,178,20,7,13,158,9,149,11.235955056179774,3.932584269662921,7.303370786516854,88.76404494382022,5.056179775280898,83.70786516853933
E00023526,273,17,7,10,256,5,251,6.227106227106227,2.564102564102564,3.6630036630036633,93.77289377289377,1.8315018315018317,91.94139194139194
E00023527,306,30,4,26,276,27,249,9.803921568627452,1.3071895424836601,8.49673202614379,90.19607843137256,8.823529411764707,81.37254901960785
E00023528,182,21,13,8,161,6,155,11.538461538461538,7.142857142857142,4.395604395604396,88.46153846153845,3.296703296703297,85.16483516483517
E00023529,254,35,17,18,219,11,208,13.779527559055119,6.692913385826772,7.086614173228346,86.22047244094489,4.330708661417323,81.88976377952756
E00023532,286,79,36,43,207,8,199,27.62237762237762,12.587412587412588,15.034965034965033,72.37762237762237,2.797202797202797,69.58041958041959
E00023533,206,37,17,20,169,12,157,17.96116504854369,8.25242718446602,9.70873786407767,82.03883495145631,5.825242718446602,76.2135922330097
E00023537,247,21,10,11,226,23,203,8.502024291497975,4.048582995951417,4.4534412955465585,91.49797570850203,9.31174089068826,82.18623481781377
E00023538,346,66,37,29,280,11,269,19.07514450867052,10.69364161849711,8.38150289017341,80.92485549132948,3.1791907514450863,77.74566473988439
E00023539,377,69,32,37,308,13,295,18.30238726790451,8.488063660477453,9.814323607427056,81.6976127320955,3.4482758620689653,78.24933687002653
E00023540,341,67,33,34,274,17,257,19.64809384164223,9.67741935483871,9.970674486803519,80.35190615835776,4.9853372434017595,75.366568914956
E00023541,191,46,23,23,145,12,133,24.083769633507853,12.041884816753926,12.041884816753926,75.91623036649214,6.282722513089005,69.63350785340315
E00023542,225,62,31,31,163,13,150,27.555555555555557,13.777777777777779,13.777777777777779,72.44444444444444,5.777777777777778,66.66666666666666
E00023543,306,73,40,33,233,11,222,23.856209150326798,13.071895424836603,10.784313725490197,76.1437908496732,3.594771241830065,72.54901960784314
E00023544,292,58,37,21,234,8,226,19.863013698630137,12.67123287671233,7.191780821917808,80.13698630136986,2.73972602739726,77.3972602739726
E00023545,262,17,4,13,245,14,231,6.488549618320611,1.5267175572519083,4.961832061068702,93.51145038167938,5.343511450381679,88.16793893129771
E00023546,223,62,39,23,161,11,150,27.802690582959645,17.48878923766816,10.31390134529148,72.19730941704036,4.932735426008969,67.2645739910314
E00023547,257,47,24,23,210,19,191,18.28793774319066,9.33852140077821,8.949416342412452,81.71206225680933,7.392996108949417,74.31906614785993
E00023548,343,68,31,37,275,17,258,19.825072886297377,9.037900874635568,10.787172011661808,80.17492711370262,4.956268221574344,75.21865889212827
E00023549,299,52,31,21,247,9,238,17.391304347826086,10.367892976588628,7.023411371237458,82.6086956521739,3.0100334448160537,79.59866220735786
E00023550,310,55,23,32,255,14,241,17.741935483870968,7.419354838709677,10.32258064516129,82.25806451612904,4.516129032258064,77.74193548387098
E00023551,337,60,36,24,277,12,265,17.804154302670625,10.682492581602373,7.121661721068249,82.19584569732937,3.5608308605341246,78.63501483679525
E00023552,238,46,20,26,192,15,177,19.327731092436977,8.403361344537815,10.92436974789916,80.67226890756302,6.302521008403361,74.36974789915966
E00023554,263,63,34,29,200,11,189,23.954372623574145,12.927756653992395,11.02661596958175,76.04562737642586,4.182509505703422,71.86311787072243
E00023555,280,45,21,24,235,12,223,16.071428571428573,7.5,8.571428571428571,83.92857142857143,4.285714285714286,79.64285714285714
E00023556,251,68,35,33,183,8,175,27.091633466135455,13.94422310756972,13.147410358565736,72.90836653386454,3.187250996015936,69.7211155378486
E00023557,155,10,3,7,145,4,141,6.451612903225806,1.935483870967742,4.516129032258064,93.54838709677419,2.5806451612903225,90.96774193548387
E00023558,201,29,12,17,172,9,163,14.427860696517413,5.970149253731343,8.45771144278607,85.57213930348259,4.477611940298507,81.09452736318407
E00023559,203,13,4,9,190,9,181,6.403940886699508,1.9704433497536946,4.433497536945813,93.59605911330048,4.433497536945813,89.16256157635468
E00023560,163,20,10,10,143,9,134,12.269938650306749,6.134969325153374,6.134969325153374,87.73006134969326,5.521472392638037,82.20858895705521
E00023561,130,34,19,15,96,7,89,26.153846153846157,14.615384615384617,11.538461538461538,73.84615384615385,5.384615384615385,68.46153846153847
E00023562,203,66,33,33,137,12,125,32.51231527093596,16.25615763546798,16.25615763546798,67.48768472906403,5.911330049261084,61.57635467980296
E00023564,528,145,70,75,383,31,352,27.46212121212121,13.257575757575758,14.204545454545455,72.53787878787878,5.871212121212121,66.66666666666666
E00023565,475,86,37,49,389,20,369,18.10526315789474,7.7894736842105265,10.31578947368421,81.89473684210526,4.2105263157894735,77.6842105263158
E00023566,463,81,40,41,382,13,369,17.49460043196544,8.639308855291576,8.855291576673865,82.50539956803455,2.8077753779697625,79.6976241900648
E00023567,341,93,45,48,248,19,229,27.27272727272727,13.196480938416421,14.076246334310852,72.72727272727273,5.571847507331378,67.15542521994135
E00023569,352,71,37,34,281,2,279,20.170454545454543,10.511363636363637,9.659090909090908,79.82954545454545,0.5681818181818182,79.26136363636364
E00023570,332,51,28,23,281,19,262,15.36144578313253,8.433734939759036,6.927710843373494,84.63855421686746,5.72289156626506,78.91566265060241
E00023571,404,92,65,27,312,16,296,22.772277227722775,16.08910891089109,6.683168316831684,77.22772277227723,3.9603960396039604,73.26732673267327
E00023572,316,45,18,27,271,6,265,14.240506329113925,5.69620253164557,8.544303797468354,85.75949367088607,1.89873417721519,83.86075949367088
E00023573,297,85,47,38,212,17,195,28.619528619528616,15.824915824915825,12.794612794612794,71.38047138047138,5.723905723905724,65.65656565656566
E00023574,452,135,65,70,317,14,303,29.867256637168143,14.380530973451327,15.486725663716813,70.13274336283186,3.0973451327433628,67.03539823008849
E00023575,419,89,53,36,330,16,314,21.241050119331742,12.649164677804295,8.591885441527445,78.75894988066825,3.8186157517899764,74.94033412887828
E00023576,250,61,35,26,189,8,181,24.4,14.000000000000002,10.4,75.6,3.2,72.39999999999999
E00023577,461,58,27,31,403,25,378,12.58134490238612,5.856832971800434,6.724511930585683,87.41865509761388,5.42299349240781,81.99566160520607
E00023578,474,115,62,53,359,24,335,24.261603375527425,13.080168776371309,11.181434599156118,75.73839662447257,5.063291139240507,70.67510548523207
E00023579,446,79,54,25,367,10,357,17.713004484304935,12.10762331838565,5.605381165919283,82.28699551569507,2.242152466367713,80.04484304932735
E00023580,327,74,30,44,253,11,242,22.629969418960243,9.174311926605505,13.455657492354739,77.37003058103976,3.3639143730886847,74.00611620795107
E00023581,458,124,76,48,334,18,316,27.074235807860266,16.593886462882097,10.480349344978166,72.92576419213974,3.9301310043668125,68.99563318777294
E00023585,376,66,31,35,310,25,285,17.5531914893617,8.24468085106383,9.308510638297872,82.4468085106383,6.648936170212766,75.79787234042553
E00023586,432,93,51,42,339,23,316,21.52777777777778,11.805555555555555,9.722222222222223,78.47222222222221,5.324074074074074,73.14814814814815
E00023587,334,48,23,25,286,16,270,14.37125748502994,6.88622754491018,7.48502994011976,85.62874251497006,4.790419161676647,80.83832335329342
E00023588,360,53,24,29,307,14,293,14.722222222222223,6.666666666666667,8.055555555555555,85.27777777777777,3.888888888888889,81.38888888888889
E00023589,277,60,31,29,217,9,208,21.660649819494584,11.191335740072201,10.469314079422382,78.33935018050542,3.2490974729241873,75.09025270758123
E00023590,330,49,24,25,281,10,271,14.84848484848485,7.2727272727272725,7.575757575757576,85.15151515151516,3.0303030303030303,82.12121212121211
E00023591,318,51,25,26,267,14,253,16.037735849056602,7.861635220125786,8.176100628930817,83.9622641509434,4.40251572327044,79.55974842767296
E00023592,402,82,38,44,320,18,302,20.398009950248756,9.45273631840796,10.945273631840797,79.60199004975125,4.477611940298507,75.12437810945273
E00023593,394,61,26,35,333,22,311,15.48223350253807,6.598984771573605,8.883248730964468,84.51776649746193,5.583756345177665,78.93401015228426
E00023595,560,52,23,29,508,19,489,9.285714285714286,4.107142857142857,5.178571428571429,90.71428571428571,3.392857142857143,87.32142857142857
E00023596,323,41,24,17,282,14,268,12.693498452012383,7.430340557275541,5.263157894736842,87.30650154798761,4.3343653250774,82.97213622291022
E00023597,258,48,26,22,210,21,189,18.6046511627907,10.077519379844961,8.527131782945736,81.3953488372093,8.13953488372093,73.25581395348837
E00023598,405,98,40,58,307,23,284,24.19753086419753,9.876543209876543,14.320987654320987,75.80246913580247,5.679012345679013,70.12345679012346
E00023599,226,29,17,12,197,10,187,12.831858407079647,7.52212389380531,5.3097345132743365,87.16814159292035,4.424778761061947,82.7433628318584
E00023600,228,22,10,12,206,7,199,9.649122807017543,4.385964912280701,5.263157894736842,90.35087719298247,3.070175438596491,87.28070175438597
E00023601,429,72,47,25,357,22,335,16.783216783216783,10.955710955710956,5.827505827505827,83.21678321678321,5.128205128205128,78.08857808857809
E00023602,183,12,4,8,171,9,162,6.557377049180328,2.185792349726776,4.371584699453552,93.44262295081968,4.918032786885246,88.52459016393442
E00023603,428,64,25,39,364,16,348,14.953271028037381,5.841121495327103,9.11214953271028,85.04672897196261,3.7383177570093453,81.30841121495327
E00023604,473,96,53,43,377,22,355,20.29598308668076,11.20507399577167,9.090909090909092,79.70401691331924,4.651162790697675,75.05285412262155
E00023605,252,33,18,15,219,9,210,13.095238095238097,7.142857142857142,5.952380952380952,86.90476190476191,3.571428571428571,83.33333333333334
E00023606,477,86,52,34,391,22,369,18.029350104821802,10.90146750524109,7.127882599580712,81.9706498951782,4.612159329140461,77.35849056603774
E00023608,228,43,19,24,185,14,171,18.859649122807017,8.333333333333332,10.526315789473683,81.14035087719299,6.140350877192982,75
E00023609,281,45,20,25,236,8,228,16.014234875444842,7.11743772241993,8.896797153024911,83.98576512455516,2.8469750889679712,81.13879003558719
E00023610,265,49,22,27,216,3,213,18.49056603773585,8.30188679245283,10.18867924528302,81.50943396226415,1.1320754716981132,80.37735849056604
E00023611,265,48,27,21,217,25,192,18.11320754716981,10.18867924528302,7.9245283018867925,81.88679245283019,9.433962264150944,72.45283018867924
E00023612,455,82,47,35,373,28,345,18.021978021978022,10.329670329670328,7.6923076923076925,81.97802197802197,6.153846153846154,75.82417582417582
E00023613,262,33,17,16,229,11,218,12.595419847328243,6.488549618320611,6.106870229007633,87.40458015267176,4.198473282442748,83.20610687022901
E00023614,326,38,18,20,288,14,274,11.65644171779141,5.521472392638037,6.134969325153374,88.34355828220859,4.294478527607362,84.04907975460122
E00023615,324,78,49,29,246,18,228,24.074074074074073,15.123456790123457,8.950617283950617,75.92592592592592,5.555555555555555,70.37037037037037
E00023616,377,59,24,35,318,15,303,15.649867374005305,6.36604774535809,9.283819628647215,84.3501326259947,3.978779840848806,80.37135278514589
E00023617,676,109,52,57,567,39,528,16.124260355029584,7.6923076923076925,8.431952662721894,83.87573964497041,5.769230769230769,78.10650887573965
E00023618,235,24,9,15,211,13,198,10.212765957446807,3.829787234042553,6.382978723404255,89.7872340425532,5.531914893617021,84.25531914893617
E00023620,385,31,14,17,354,16,338,8.051948051948052,3.6363636363636362,4.415584415584416,91.94805194805194,4.1558441558441555,87.79220779220779
E00023621,237,25,8,17,212,11,201,10.548523206751055,3.375527426160337,7.172995780590717,89.45147679324894,4.641350210970464,84.81012658227847
E00023622,259,16,3,13,243,10,233,6.177606177606178,1.1583011583011582,5.019305019305019,93.82239382239382,3.861003861003861,89.96138996138995
E00023623,182,4,1,3,178,13,165,2.197802197802198,0.5494505494505495,1.6483516483516485,97.8021978021978,7.142857142857142,90.65934065934066
E00023624,164,20,9,11,144,6,138,12.195121951219512,5.487804878048781,6.707317073170732,87.8048780487805,3.6585365853658534,84.14634146341463
E00023625,189,10,5,5,179,10,169,5.291005291005291,2.6455026455026456,2.6455026455026456,94.70899470899471,5.291005291005291,89.41798941798942
E00023626,226,20,6,14,206,12,194,8.849557522123893,2.6548672566371683,6.1946902654867255,91.1504424778761,5.3097345132743365,85.84070796460178
E00023627,180,14,5,9,166,5,161,7.777777777777778,2.7777777777777777,5,92.22222222222223,2.7777777777777777,89.44444444444444
E00023628,222,10,1,9,212,8,204,4.504504504504505,0.45045045045045046,4.054054054054054,95.4954954954955,3.6036036036036037,91.8918918918919
E00023629,307,36,26,10,271,13,258,11.726384364820847,8.469055374592834,3.257328990228013,88.27361563517914,4.234527687296417,84.03908794788273
E00023630,198,16,4,12,182,8,174,8.080808080808081,2.0202020202020203,6.0606060606060606,91.91919191919192,4.040404040404041,87.87878787878788
E00023631,223,16,7,9,207,10,197,7.174887892376682,3.1390134529147984,4.0358744394618835,92.82511210762333,4.484304932735426,88.34080717488789
E00023632,181,21,7,14,160,6,154,11.602209944751381,3.867403314917127,7.734806629834254,88.39779005524862,3.314917127071823,85.0828729281768
E00023633,212,19,11,8,193,18,175,8.962264150943396,5.188679245283019,3.7735849056603774,91.0377358490566,8.49056603773585,82.54716981132076
E00023634,245,14,3,11,231,16,215,5.714285714285714,1.2244897959183674,4.489795918367347,94.28571428571428,6.530612244897959,87.75510204081633
E00023635,278,19,1,18,259,10,249,6.83453237410072,0.3597122302158274,6.474820143884892,93.16546762589928,3.5971223021582732,89.568345323741
E00023636,282,17,10,7,265,9,256,6.028368794326241,3.546099290780142,2.4822695035460995,93.97163120567376,3.1914893617021276,90.78014184397163
E00023637,262,18,6,12,244,4,240,6.870229007633588,2.2900763358778624,4.580152671755725,93.12977099236642,1.5267175572519083,91.6030534351145
E00023638,178,30,17,13,148,10,138,16.853932584269664,9.550561797752808,7.303370786516854,83.14606741573034,5.617977528089887,77.52808988764045
E00023639,161,31,5,26,130,13,117,19.25465838509317,3.1055900621118013,16.149068322981368,80.74534161490683,8.074534161490684,72.67080745341616
E00023640,335,23,3,20,312,16,296,6.865671641791045,0.8955223880597015,5.970149253731343,93.13432835820895,4.776119402985075,88.35820895522389
E00023641,187,14,6,8,173,7,166,7.4866310160427805,3.2085561497326207,4.27807486631016,92.51336898395722,3.7433155080213902,88.77005347593582
E00023643,216,17,4,13,199,8,191,7.87037037037037,1.8518518518518516,6.018518518518518,92.12962962962963,3.7037037037037033,88.42592592592592
E00023644,157,27,17,10,130,6,124,17.197452229299362,10.828025477707007,6.369426751592357,82.80254777070064,3.821656050955414,78.98089171974523
E00023646,179,43,24,19,136,8,128,24.022346368715084,13.40782122905028,10.614525139664805,75.97765363128491,4.4692737430167595,71.50837988826815
E00023647,463,54,18,36,409,51,358,11.663066954643629,3.8876889848812093,7.775377969762419,88.33693304535637,11.01511879049676,77.32181425485962
E00023648,236,36,19,17,200,10,190,15.254237288135593,8.050847457627118,7.203389830508475,84.7457627118644,4.23728813559322,80.50847457627118
E00023649,194,46,30,16,148,5,143,23.711340206185564,15.463917525773196,8.24742268041237,76.28865979381443,2.5773195876288657,73.71134020618557
E00023650,179,20,8,12,159,8,151,11.1731843575419,4.4692737430167595,6.70391061452514,88.8268156424581,4.4692737430167595,84.35754189944134
E00023651,306,18,9,9,288,22,266,5.88235294117647,2.941176470588235,2.941176470588235,94.11764705882352,7.18954248366013,86.9281045751634
E00023652,145,10,1,9,135,3,132,6.896551724137931,0.6896551724137931,6.206896551724138,93.10344827586206,2.0689655172413794,91.0344827586207
E00023653,278,21,9,12,257,10,247,7.553956834532374,3.237410071942446,4.316546762589928,92.44604316546763,3.5971223021582732,88.84892086330936
E00023655,189,10,6,4,179,6,173,5.291005291005291,3.1746031746031744,2.1164021164021163,94.70899470899471,3.1746031746031744,91.53439153439153
E00023656,206,47,27,20,159,6,153,22.815533980582526,13.106796116504855,9.70873786407767,77.18446601941747,2.912621359223301,74.27184466019418
E00023658,135,5,2,3,130,3,127,3.7037037037037033,1.4814814814814816,2.2222222222222223,96.29629629629629,2.2222222222222223,94.07407407407408
E00023659,122,7,2,5,115,5,110,5.737704918032787,1.639344262295082,4.098360655737705,94.26229508196722,4.098360655737705,90.1639344262295
E00023660,124,10,3,7,114,7,107,8.064516129032258,2.4193548387096775,5.64516129032258,91.93548387096774,5.64516129032258,86.29032258064517
E00023661,169,6,3,3,163,4,159,3.5502958579881656,1.7751479289940828,1.7751479289940828,96.44970414201184,2.366863905325444,94.0828402366864
E00023662,162,11,3,8,151,10,141,6.790123456790123,1.8518518518518516,4.938271604938271,93.20987654320987,6.172839506172839,87.03703703703704
E00023663,127,16,5,11,111,7,104,12.598425196850393,3.937007874015748,8.661417322834646,87.4015748031496,5.511811023622047,81.88976377952756
E00023664,341,10,0,10,331,19,312,2.932551319648094,0,2.932551319648094,97.0674486803519,5.571847507331378,91.49560117302052
E00023665,165,6,0,6,159,13,146,3.6363636363636362,0,3.6363636363636362,96.36363636363636,7.878787878787878,88.48484848484848
E00023666,312,14,5,9,298,13,285,4.487179487179487,1.6025641025641024,2.8846153846153846,95.51282051282051,4.166666666666666,91.34615384615384
E00023668,113,8,5,3,105,4,101,7.079646017699115,4.424778761061947,2.6548672566371683,92.92035398230088,3.5398230088495577,89.38053097345133
E00023669,407,9,3,6,398,22,376,2.211302211302211,0.7371007371007371,1.4742014742014742,97.78869778869779,5.405405405405405,92.38329238329239
E00023670,213,7,1,6,206,7,199,3.286384976525822,0.4694835680751174,2.8169014084507045,96.71361502347418,3.286384976525822,93.42723004694837
E00023671,140,6,1,5,134,2,132,4.285714285714286,0.7142857142857143,3.571428571428571,95.71428571428572,1.4285714285714286,94.28571428571428
E00023672,206,20,5,15,186,18,168,9.70873786407767,2.4271844660194173,7.281553398058252,90.29126213592234,8.737864077669903,81.55339805825243
E00023674,142,15,1,14,127,3,124,10.56338028169014,0.7042253521126761,9.859154929577464,89.43661971830986,2.112676056338028,87.32394366197182
E00023675,171,19,7,12,152,5,147,11.11111111111111,4.093567251461988,7.017543859649122,88.88888888888889,2.923976608187134,85.96491228070175
E00023676,182,14,9,5,168,12,156,7.6923076923076925,4.945054945054945,2.7472527472527473,92.3076923076923,6.593406593406594,85.71428571428571
E00023678,139,11,3,8,128,2,126,7.913669064748201,2.158273381294964,5.755395683453238,92.08633093525181,1.4388489208633095,90.64748201438849
E00023679,164,21,9,12,143,9,134,12.804878048780488,5.487804878048781,7.317073170731707,87.1951219512195,5.487804878048781,81.70731707317073
E00023680,165,7,3,4,158,1,157,4.242424242424243,1.8181818181818181,2.4242424242424243,95.75757575757575,0.6060606060606061,95.15151515151516
E00023681,401,34,10,24,367,11,356,8.478802992518704,2.493765586034913,5.985037406483791,91.52119700748129,2.7431421446384037,88.7780548628429
E00023682,157,7,4,3,150,6,144,4.45859872611465,2.547770700636943,1.910828025477707,95.54140127388536,3.821656050955414,91.71974522292994
E00023685,171,6,2,4,165,2,163,3.508771929824561,1.1695906432748537,2.3391812865497075,96.49122807017544,1.1695906432748537,95.32163742690058
E00023686,173,24,8,16,149,6,143,13.872832369942195,4.624277456647398,9.248554913294797,86.1271676300578,3.4682080924855487,82.65895953757226
E00023688,120,6,2,4,114,8,106,5,1.6666666666666667,3.3333333333333335,95,6.666666666666667,88.33333333333333
E00023689,243,11,3,8,232,6,226,4.526748971193416,1.2345679012345678,3.292181069958848,95.47325102880659,2.4691358024691357,93.00411522633745
E00023690,126,8,1,7,118,3,115,6.349206349206349,0.7936507936507936,5.555555555555555,93.65079365079364,2.380952380952381,91.26984126984127
E00023691,120,8,4,4,112,9,103,6.666666666666667,3.3333333333333335,3.3333333333333335,93.33333333333333,7.5,85.83333333333333
E00023692,201,8,1,7,193,6,187,3.9800995024875623,0.4975124378109453,3.482587064676617,96.01990049751244,2.9850746268656714,93.03482587064677
E00023694,193,18,10,8,175,10,165,9.32642487046632,5.181347150259067,4.145077720207254,90.67357512953367,5.181347150259067,85.49222797927462
E00023695,326,35,8,27,291,25,266,10.736196319018406,2.4539877300613497,8.282208588957054,89.2638036809816,7.668711656441718,81.59509202453987
E00023696,217,14,1,13,203,9,194,6.451612903225806,0.4608294930875576,5.990783410138248,93.54838709677419,4.147465437788019,89.40092165898618
E00023697,327,38,14,24,289,11,278,11.62079510703364,4.281345565749235,7.339449541284404,88.37920489296636,3.3639143730886847,85.01529051987767
E00023698,181,14,5,9,167,9,158,7.734806629834254,2.7624309392265194,4.972375690607735,92.26519337016575,4.972375690607735,87.29281767955801
E00023699,151,12,8,4,139,9,130,7.9470198675496695,5.298013245033113,2.6490066225165565,92.05298013245033,5.960264900662252,86.09271523178808
E00023700,201,26,18,8,175,17,158,12.935323383084576,8.955223880597014,3.9800995024875623,87.06467661691542,8.45771144278607,78.60696517412936
E00023701,246,33,22,11,213,12,201,13.414634146341465,8.94308943089431,4.471544715447155,86.58536585365853,4.878048780487805,81.70731707317073
E00023702,179,9,2,7,170,12,158,5.027932960893855,1.1173184357541899,3.910614525139665,94.97206703910615,6.70391061452514,88.26815642458101
E00023703,214,22,13,9,192,10,182,10.2803738317757,6.074766355140187,4.205607476635514,89.7196261682243,4.672897196261682,85.04672897196261
E00023704,173,9,3,6,164,6,158,5.202312138728324,1.7341040462427744,3.4682080924855487,94.79768786127167,3.4682080924855487,91.32947976878613
E00023705,157,23,16,7,134,5,129,14.64968152866242,10.191082802547772,4.45859872611465,85.35031847133759,3.1847133757961785,82.16560509554141
E00023706,235,60,40,20,175,10,165,25.53191489361702,17.02127659574468,8.51063829787234,74.46808510638297,4.25531914893617,70.2127659574468
E00023707,206,28,15,13,178,12,166,13.592233009708737,7.281553398058252,6.310679611650485,86.40776699029125,5.825242718446602,80.58252427184466
E00023708,172,12,1,11,160,8,152,6.976744186046512,0.5813953488372093,6.395348837209303,93.02325581395348,4.651162790697675,88.37209302325581
E00023709,235,50,31,19,185,10,175,21.27659574468085,13.191489361702127,8.085106382978724,78.72340425531915,4.25531914893617,74.46808510638297
E00023710,188,38,28,10,150,5,145,20.212765957446805,14.893617021276595,5.319148936170213,79.7872340425532,2.6595744680851063,77.12765957446808
E00023711,188,50,30,20,138,8,130,26.595744680851062,15.957446808510639,10.638297872340425,73.40425531914893,4.25531914893617,69.14893617021278
E00023712,205,20,9,11,185,10,175,9.75609756097561,4.390243902439024,5.365853658536586,90.2439024390244,4.878048780487805,85.36585365853658
E00023713,225,11,2,9,214,16,198,4.888888888888889,0.8888888888888888,4,95.11111111111111,7.111111111111111,88
E00023714,250,24,11,13,226,12,214,9.6,4.3999999999999995,5.2,90.4,4.8,85.6
E00023715,219,60,32,28,159,8,151,27.397260273972602,14.61187214611872,12.785388127853881,72.6027397260274,3.65296803652968,68.94977168949772
E00023717,176,14,8,6,162,0,162,7.954545454545454,4.545454545454546,3.4090909090909087,92.04545454545455,0,92.04545454545455
E00023718,187,18,5,13,169,12,157,9.62566844919786,2.6737967914438503,6.951871657754011,90.37433155080214,6.417112299465241,83.9572192513369
E00023719,189,15,6,9,174,5,169,7.936507936507936,3.1746031746031744,4.761904761904762,92.06349206349206,2.6455026455026456,89.41798941798942
E00023720,261,28,11,17,233,13,220,10.727969348659004,4.21455938697318,6.513409961685824,89.272030651341,4.980842911877394,84.2911877394636
E00023721,281,31,12,19,250,16,234,11.032028469750891,4.270462633451958,6.761565836298933,88.96797153024912,5.6939501779359425,83.27402135231317
E00023723,206,30,13,17,176,8,168,14.563106796116504,6.310679611650485,8.25242718446602,85.43689320388349,3.8834951456310676,81.55339805825243
E00023724,160,7,4,3,153,8,145,4.375,2.5,1.875,95.625,5,90.625
E00023725,352,30,18,12,322,32,290,8.522727272727272,5.113636363636364,3.4090909090909087,91.47727272727273,9.090909090909092,82.38636363636364
E00023726,202,3,3,0,199,7,192,1.4851485148514851,1.4851485148514851,0,98.51485148514851,3.4653465346534658,95.04950495049505
E00023727,195,24,10,14,171,8,163,12.307692307692308,5.128205128205128,7.179487179487179,87.6923076923077,4.102564102564102,83.58974358974359
E00023728,266,23,10,13,243,17,226,8.646616541353383,3.7593984962406015,4.887218045112782,91.35338345864662,6.390977443609022,84.9624060150376
E00023729,251,34,14,20,217,14,203,13.545816733067728,5.577689243027888,7.968127490039841,86.45418326693228,5.577689243027888,80.87649402390437
E00023730,226,49,23,26,177,3,174,21.68141592920354,10.176991150442479,11.504424778761061,78.31858407079646,1.3274336283185841,76.99115044247787
E00023731,233,23,0,23,210,16,194,9.871244635193133,0,9.871244635193133,90.12875536480686,6.866952789699571,83.2618025751073
E00023732,232,20,12,8,212,8,204,8.620689655172415,5.172413793103448,3.4482758620689653,91.37931034482759,3.4482758620689653,87.93103448275862
E00023733,263,13,2,11,250,9,241,4.942965779467681,0.7604562737642585,4.182509505703422,95.05703422053232,3.4220532319391634,91.63498098859316
E00023734,261,23,10,13,238,8,230,8.812260536398467,3.8314176245210727,4.980842911877394,91.18773946360153,3.065134099616858,88.12260536398468
E00023737,232,12,1,11,220,9,211,5.172413793103448,0.43103448275862066,4.741379310344827,94.82758620689656,3.8793103448275863,90.94827586206897
E00023738,234,19,11,8,215,15,200,8.11965811965812,4.700854700854701,3.418803418803419,91.88034188034187,6.41025641025641,85.47008547008546
E00023739,249,15,4,11,234,11,223,6.024096385542169,1.6064257028112447,4.417670682730924,93.97590361445783,4.417670682730924,89.5582329317269
E00023740,274,27,6,21,247,16,231,9.854014598540147,2.18978102189781,7.664233576642336,90.14598540145985,5.839416058394161,84.30656934306569
E00023741,162,8,4,4,154,3,151,4.938271604938271,2.4691358024691357,2.4691358024691357,95.06172839506173,1.8518518518518516,93.20987654320987
E00023744,262,27,8,19,235,11,224,10.305343511450381,3.0534351145038165,7.251908396946565,89.69465648854961,4.198473282442748,85.49618320610686
E00023745,281,21,8,13,260,10,250,7.473309608540925,2.8469750889679712,4.6263345195729535,92.52669039145907,3.558718861209965,88.96797153024912
E00023746,469,36,15,21,433,17,416,7.675906183368871,3.1982942430703627,4.477611940298507,92.32409381663112,3.624733475479744,88.69936034115139
E00023747,260,32,13,19,228,12,216,12.307692307692308,5,7.307692307692308,87.6923076923077,4.615384615384616,83.07692307692308
E00023748,317,38,17,21,279,11,268,11.987381703470032,5.3627760252365935,6.624605678233439,88.01261829652996,3.4700315457413247,84.54258675078864
E00023749,418,28,10,18,390,21,369,6.698564593301436,2.3923444976076556,4.30622009569378,93.30143540669856,5.023923444976076,88.27751196172248
E00023750,268,22,8,14,246,17,229,8.208955223880597,2.9850746268656714,5.223880597014925,91.7910447761194,6.343283582089552,85.44776119402985
E00023751,147,19,6,13,128,6,122,12.925170068027212,4.081632653061225,8.843537414965986,87.07482993197279,4.081632653061225,82.99319727891157
E00023752,206,36,21,15,170,5,165,17.475728155339805,10.194174757281553,7.281553398058252,82.52427184466019,2.4271844660194173,80.09708737864078
E00023753,286,23,9,14,263,19,244,8.041958041958042,3.146853146853147,4.895104895104895,91.95804195804196,6.643356643356643,85.3146853146853
E00023754,463,93,69,24,370,15,355,20.086393088552914,14.902807775377969,5.183585313174946,79.91360691144709,3.2397408207343417,76.67386609071274
E00023755,291,18,5,13,273,16,257,6.185567010309279,1.718213058419244,4.4673539518900345,93.81443298969072,5.498281786941581,88.31615120274914
E00023756,359,105,69,36,254,14,240,29.247910863509752,19.220055710306408,10.027855153203342,70.75208913649024,3.8997214484679668,66.85236768802228
E00023757,130,36,22,14,94,4,90,27.692307692307693,16.923076923076923,10.76923076923077,72.3076923076923,3.076923076923077,69.23076923076923
E00023758,160,10,4,6,150,8,142,6.25,2.5,3.75,93.75,5,88.75
E00023759,160,13,7,6,147,3,144,8.125,4.375,3.75,91.875,1.875,90
E00023760,375,88,41,47,287,10,277,23.466666666666665,10.933333333333334,12.533333333333333,76.53333333333333,2.666666666666667,73.86666666666667
E00023761,373,38,23,15,335,17,318,10.187667560321715,6.166219839142091,4.021447721179625,89.81233243967829,4.557640750670242,85.25469168900804
E00023762,556,127,76,51,429,16,413,22.841726618705035,13.66906474820144,9.172661870503598,77.15827338129496,2.877697841726619,74.28057553956835
E00023763,424,66,43,23,358,17,341,15.566037735849056,10.141509433962264,5.4245283018867925,84.43396226415094,4.009433962264151,80.4245283018868
E00023764,503,49,26,23,454,38,416,9.74155069582505,5.168986083499006,4.572564612326044,90.25844930417495,7.5546719681908545,82.7037773359841
E00023765,412,51,26,25,361,25,336,12.37864077669903,6.310679611650485,6.067961165048544,87.62135922330097,6.067961165048544,81.55339805825243
E00023766,214,10,1,9,204,8,196,4.672897196261682,0.46728971962616817,4.205607476635514,95.32710280373831,3.7383177570093453,91.58878504672897
E00023767,209,26,12,14,183,12,171,12.440191387559809,5.741626794258373,6.698564593301436,87.5598086124402,5.741626794258373,81.81818181818183
E00023768,130,12,3,9,118,4,114,9.230769230769232,2.307692307692308,6.923076923076923,90.76923076923077,3.076923076923077,87.6923076923077
E00023769,221,14,3,11,207,12,195,6.334841628959276,1.3574660633484164,4.97737556561086,93.66515837104072,5.429864253393665,88.23529411764706
E00023770,111,12,3,9,99,5,94,10.81081081081081,2.7027027027027026,8.108108108108109,89.1891891891892,4.504504504504505,84.68468468468468
E00023771,153,10,2,8,143,15,128,6.535947712418301,1.3071895424836601,5.228758169934641,93.4640522875817,9.803921568627452,83.66013071895425
E00023772,709,177,34,143,532,15,517,24.964739069111424,4.795486600846263,20.16925246826516,75.03526093088858,2.1156558533145273,72.91960507757405
E00023773,145,13,3,10,132,5,127,8.96551724137931,2.0689655172413794,6.896551724137931,91.0344827586207,3.4482758620689653,87.58620689655172
E00023774,339,68,33,35,271,11,260,20.058997050147493,9.734513274336283,10.32448377581121,79.9410029498525,3.2448377581120944,76.69616519174042
E00023775,165,21,12,9,144,9,135,12.727272727272727,7.2727272727272725,5.454545454545454,87.27272727272727,5.454545454545454,81.81818181818183
E00023776,192,52,27,25,140,6,134,27.083333333333332,14.0625,13.020833333333334,72.91666666666666,3.125,69.79166666666666
E00023777,289,22,6,16,267,14,253,7.612456747404845,2.0761245674740483,5.536332179930796,92.38754325259517,4.844290657439446,87.5432525951557
E00023778,151,25,12,13,126,8,118,16.55629139072848,7.9470198675496695,8.609271523178808,83.44370860927152,5.298013245033113,78.1456953642384
E00023779,310,34,10,24,276,15,261,10.967741935483872,3.225806451612903,7.741935483870968,89.03225806451613,4.838709677419355,84.19354838709677
E00023780,210,27,12,15,183,6,177,12.857142857142856,5.714285714285714,7.142857142857142,87.14285714285714,2.857142857142857,84.28571428571429
E00023781,266,11,0,11,255,10,245,4.135338345864661,0,4.135338345864661,95.86466165413535,3.7593984962406015,92.10526315789474
E00023782,274,9,4,5,265,10,255,3.2846715328467155,1.4598540145985401,1.824817518248175,96.71532846715328,3.64963503649635,93.06569343065694
E00023783,223,18,8,10,205,11,194,8.071748878923767,3.587443946188341,4.484304932735426,91.92825112107623,4.932735426008969,86.99551569506725
E00023784,187,30,14,16,157,10,147,16.042780748663102,7.4866310160427805,8.55614973262032,83.9572192513369,5.347593582887701,78.6096256684492
E00023785,202,16,6,10,186,10,176,7.920792079207921,2.9702970297029703,4.9504950495049505,92.07920792079209,4.9504950495049505,87.12871287128714
E00023786,274,72,44,28,202,11,191,26.277372262773724,16.05839416058394,10.218978102189782,73.72262773722628,4.014598540145985,69.7080291970803
E00023787,270,43,17,26,227,15,212,15.925925925925927,6.296296296296296,9.62962962962963,84.07407407407408,5.555555555555555,78.51851851851852
E00023788,213,32,9,23,181,17,164,15.023474178403756,4.225352112676056,10.7981220657277,84.97652582159625,7.981220657276995,76.99530516431925
E00023789,421,69,31,38,352,8,344,16.389548693586697,7.363420427553444,9.026128266033254,83.6104513064133,1.9002375296912115,81.71021377672209
E00023790,341,66,31,35,275,15,260,19.35483870967742,9.090909090909092,10.263929618768328,80.64516129032258,4.398826979472141,76.24633431085044
E00023791,608,102,67,35,506,5,501,16.776315789473685,11.019736842105262,5.756578947368421,83.22368421052632,0.8223684210526315,82.40131578947368
E00023792,464,84,36,48,380,19,361,18.103448275862068,7.758620689655173,10.344827586206897,81.89655172413794,4.094827586206897,77.80172413793103
E00023793,395,52,24,28,343,15,328,13.164556962025317,6.075949367088607,7.088607594936709,86.83544303797468,3.79746835443038,83.0379746835443
E00023794,266,54,28,26,212,11,201,20.30075187969925,10.526315789473683,9.774436090225564,79.69924812030075,4.135338345864661,75.56390977443608
E00023795,395,71,38,33,324,9,315,17.974683544303797,9.620253164556962,8.354430379746836,82.02531645569621,2.278481012658228,79.74683544303798
E00023796,240,27,11,16,213,6,207,11.25,4.583333333333333,6.666666666666667,88.75,2.5,86.25
E00023797,303,62,30,32,241,16,225,20.462046204620464,9.900990099009901,10.561056105610561,79.53795379537954,5.2805280528052805,74.25742574257426
E00023798,275,52,25,27,223,6,217,18.90909090909091,9.090909090909092,9.818181818181818,81.0909090909091,2.181818181818182,78.9090909090909
E00023799,225,27,5,22,198,19,179,12,2.2222222222222223,9.777777777777779,88,8.444444444444445,79.55555555555556
E00023800,198,15,5,10,183,13,170,7.575757575757576,2.525252525252525,5.05050505050505,92.42424242424242,6.565656565656567,85.85858585858585
E00023801,487,81,38,43,406,18,388,16.632443531827516,7.802874743326489,8.829568788501026,83.3675564681725,3.696098562628337,79.67145790554414
E00023802,269,21,7,14,248,13,235,7.806691449814126,2.6022304832713754,5.204460966542751,92.19330855018588,4.83271375464684,87.36059479553904
E00023803,256,17,3,14,239,22,217,6.640625,1.171875,5.46875,93.359375,8.59375,84.765625
E00023804,260,42,16,26,218,13,205,16.153846153846153,6.153846153846154,10,83.84615384615385,5,78.84615384615384
E00023805,274,13,5,8,261,20,241,4.744525547445255,1.824817518248175,2.9197080291970803,95.25547445255475,7.2992700729927,87.95620437956204
E00023806,242,20,3,17,222,18,204,8.264462809917356,1.2396694214876034,7.024793388429752,91.73553719008265,7.43801652892562,84.29752066115702
E00023807,213,19,7,12,194,13,181,8.92018779342723,3.286384976525822,5.633802816901409,91.07981220657277,6.103286384976526,84.97652582159625
E00023808,232,28,13,15,204,13,191,12.068965517241379,5.603448275862069,6.4655172413793105,87.93103448275862,5.603448275862069,82.32758620689656
E00023809,327,24,6,18,303,13,290,7.339449541284404,1.834862385321101,5.5045871559633035,92.66055045871559,3.9755351681957185,88.68501529051987
E00023810,238,27,4,23,211,13,198,11.344537815126051,1.680672268907563,9.663865546218489,88.65546218487394,5.46218487394958,83.19327731092437
E00023811,211,11,0,11,200,9,191,5.213270142180095,0,5.213270142180095,94.7867298578199,4.265402843601896,90.52132701421802
E00023812,123,5,0,5,118,10,108,4.0650406504065035,0,4.0650406504065035,95.9349593495935,8.130081300813007,87.8048780487805
E00023813,274,30,13,17,244,12,232,10.948905109489052,4.744525547445255,6.204379562043796,89.05109489051095,4.37956204379562,84.67153284671532
E00023814,533,101,51,50,432,17,415,18.94934333958724,9.568480300187618,9.380863039399625,81.05065666041276,3.189493433395872,77.86116322701689
E00023815,232,52,35,17,180,14,166,22.413793103448278,15.086206896551724,7.327586206896551,77.58620689655173,6.0344827586206895,71.55172413793103
E00023816,137,15,8,7,122,11,111,10.948905109489052,5.839416058394161,5.109489051094891,89.05109489051095,8.02919708029197,81.02189781021897
E00023817,249,24,6,18,225,8,217,9.63855421686747,2.4096385542168677,7.228915662650602,90.36144578313254,3.2128514056224895,87.14859437751004
E00023818,619,75,35,40,544,32,512,12.116316639741518,5.654281098546042,6.462035541195476,87.88368336025847,5.169628432956381,82.7140549273021
E00023819,286,26,3,23,260,18,242,9.090909090909092,1.048951048951049,8.041958041958042,90.9090909090909,6.293706293706294,84.61538461538461
E00023820,138,12,4,8,126,7,119,8.695652173913043,2.898550724637681,5.797101449275362,91.30434782608695,5.072463768115942,86.23188405797102
E00023821,158,9,0,9,149,7,142,5.69620253164557,0,5.69620253164557,94.30379746835443,4.430379746835443,89.87341772151899
E00023822,209,20,7,13,189,6,183,9.569377990430622,3.349282296650718,6.220095693779904,90.43062200956938,2.8708133971291865,87.5598086124402
E00023823,196,29,14,15,167,11,156,14.795918367346939,7.142857142857142,7.653061224489796,85.20408163265306,5.612244897959184,79.59183673469387
E00023824,256,24,10,14,232,15,217,9.375,3.90625,5.46875,90.625,5.859375,84.765625
E00023825,127,7,1,6,120,3,117,5.511811023622047,0.7874015748031495,4.724409448818897,94.48818897637796,2.3622047244094486,92.1259842519685
E00023826,201,9,8,1,192,11,181,4.477611940298507,3.9800995024875623,0.4975124378109453,95.52238805970148,5.472636815920398,90.04975124378109
E00023827,187,16,6,10,171,15,156,8.55614973262032,3.2085561497326207,5.347593582887701,91.44385026737967,8.0213903743315509,83.42245989304813
E00023828,244,12,3,9,232,16,216,4.918032786885246,1.2295081967213115,3.6885245901639343,95.08196721311475,6.557377049180328,88.52459016393442
E00023829,125,9,2,7,116,9,107,7.199999999999999,1.6,5.6000000000000005,92.80000000000001,7.199999999999999,85.6
E00023830,223,17,6,11,206,10,196,7.623318385650224,2.690582959641256,4.932735426008969,92.37668161434978,4.484304932735426,87.89237668161435
E00023831,126,13,5,8,113,6,107,10.317460317460316,3.968253968253968,6.349206349206349,89.68253968253968,4.761904761904762,84.92063492063492
E00023832,183,14,7,7,169,14,155,7.650273224043716,3.825136612021858,3.825136612021858,92.34972677595628,7.650273224043716,84.69945355191257
E00023833,200,8,0,8,192,11,181,4,0,4,96,5.5,90.5
E00023834,429,50,21,29,379,17,362,11.655011655011654,4.895104895104895,6.75990675990676,88.34498834498834,3.9627039627039626,84.38228438228438
E00023835,144,9,3,6,135,10,125,6.25,2.083333333333333,4.166666666666666,93.75,6.944444444444445,86.80555555555556
E00023836,265,14,3,11,251,10,241,5.283018867924529,1.1320754716981132,4.150943396226415,94.71698113207547,3.7735849056603774,90.9433962264151
E00023837,148,14,4,10,134,9,125,9.45945945945946,2.7027027027027026,6.756756756756757,90.54054054054053,6.081081081081082,84.45945945945947
E00023838,286,30,13,17,256,15,241,10.48951048951049,4.545454545454546,5.944055944055944,89.5104895104895,5.244755244755245,84.26573426573427
E00023839,270,17,3,14,253,12,241,6.296296296296296,1.1111111111111112,5.185185185185185,93.7037037037037,4.444444444444445,89.25925925925927
E00023840,113,9,3,6,104,5,99,7.964601769911504,2.6548672566371683,5.3097345132743365,92.03539823008849,4.424778761061947,87.61061946902655
E00023841,225,17,4,13,208,9,199,7.555555555555555,1.7777777777777777,5.777777777777778,92.44444444444444,4,88.44444444444444
E00023842,231,10,3,7,221,7,214,4.329004329004329,1.2987012987012987,3.0303030303030303,95.67099567099568,3.0303030303030303,92.64069264069265
E00023843,211,39,5,34,172,7,165,18.48341232227488,2.3696682464454977,16.113744075829384,81.51658767772511,3.3175355450236967,78.19905213270142
E00023844,163,9,2,7,154,10,144,5.521472392638037,1.2269938650306749,4.294478527607362,94.47852760736197,6.134969325153374,88.34355828220859
E00023845,264,17,1,16,247,12,235,6.4393939393939394,0.3787878787878788,6.0606060606060606,93.56060606060606,4.545454545454546,89.01515151515152
E00023846,276,56,31,25,220,15,205,20.28985507246377,11.231884057971014,9.057971014492754,79.71014492753623,5.434782608695652,74.27536231884058
E00023847,102,15,6,9,87,6,81,14.705882352941178,5.88235294117647,8.823529411764707,85.29411764705883,5.88235294117647,79.41176470588235
E00023848,184,8,1,7,176,9,167,4.3478260869565215,0.5434782608695652,3.804347826086957,95.65217391304348,4.891304347826087,90.76086956521739
E00023849,428,75,39,36,353,19,334,17.523364485981308,9.11214953271028,8.411214953271028,82.4766355140187,4.439252336448598,78.03738317757009
E00023851,356,74,37,37,282,12,270,20.786516853932586,10.393258426966293,10.393258426966293,79.21348314606742,3.3707865168539324,75.84269662921348
E00023852,382,72,33,39,310,16,294,18.848167539267017,8.638743455497382,10.209424083769633,81.15183246073299,4.18848167539267,76.96335078534031
E00023853,328,56,22,34,272,13,259,17.073170731707318,6.707317073170732,10.365853658536585,82.92682926829268,3.9634146341463414,78.96341463414635
E00023854,414,83,45,38,331,20,311,20.048309178743963,10.869565217391305,9.178743961352657,79.95169082125604,4.830917874396135,75.1207729468599
E00023855,415,63,29,34,352,15,337,15.180722891566264,6.987951807228916,8.19277108433735,84.81927710843374,3.614457831325301,81.20481927710843
E00023856,369,42,15,27,327,16,311,11.38211382113821,4.0650406504065035,7.317073170731707,88.6178861788618,4.336043360433604,84.28184281842819
E00023857,297,59,29,30,238,11,227,19.865319865319865,9.764309764309765,10.1010101010101,80.13468013468014,3.7037037037037033,76.43097643097643
E00023858,289,40,18,22,249,11,238,13.84083044982699,6.228373702422145,7.612456747404845,86.159169550173,3.8062283737024223,82.35294117647058
E00023859,284,56,27,29,228,21,207,19.718309859154928,9.507042253521126,10.211267605633804,80.28169014084507,7.394366197183098,72.88732394366197
E00023860,266,66,29,37,200,10,190,24.81203007518797,10.902255639097744,13.909774436090224,75.18796992481202,3.7593984962406015,71.42857142857143
E00023861,294,74,33,41,220,16,204,25.170068027210885,11.224489795918368,13.945578231292515,74.82993197278913,5.442176870748299,69.38775510204081
E00023862,415,75,49,26,340,21,319,18.072289156626507,11.80722891566265,6.265060240963856,81.92771084337349,5.0602409638554215,76.86746987951807
E00023863,319,83,51,32,236,9,227,26.01880877742947,15.987460815047022,10.031347962382444,73.98119122257053,2.8213166144200628,71.15987460815047
E00023864,359,61,31,30,298,21,277,16.991643454038996,8.635097493036211,8.356545961002785,83.008356545961007,5.8495821727019495,77.15877437325905
E00023865,376,46,26,20,330,15,315,12.23404255319149,6.914893617021277,5.319148936170213,87.7659574468085,3.9893617021276597,83.77659574468085
E00023866,298,69,42,27,229,10,219,23.154362416107382,14.093959731543624,9.060402684563758,76.84563758389261,3.3557046979865772,73.48993288590604
E00023867,326,66,36,30,260,12,248,20.245398773006134,11.042944785276074,9.202453987730062,79.75460122699386,3.6809815950920246,76.07361963190185
E00023869,350,43,18,25,307,18,289,12.285714285714286,5.142857142857142,7.142857142857142,87.71428571428571,5.142857142857142,82.57142857142857
E00023870,543,83,49,34,460,21,439,15.285451197053407,9.023941068139964,6.261510128913445,84.71454880294658,3.867403314917127,80.84714548802947
E00023871,375,52,21,31,323,15,308,13.866666666666665,5.6000000000000005,8.266666666666666,86.13333333333333,4,82.13333333333334
E00023872,550,57,33,24,493,20,473,10.363636363636363,6,4.363636363636364,89.63636363636364,3.6363636363636362,86
E00023873,358,82,44,38,276,7,269,22.905027932960895,12.290502793296088,10.614525139664805,77.09497206703911,1.9553072625698324,75.13966480446928
E00023874,324,56,26,30,268,21,247,17.28395061728395,8.024691358024691,9.25925925925926,82.71604938271605,6.481481481481481,76.23456790123457
E00023875,351,46,26,20,305,19,286,13.105413105413104,7.4074074074074066,5.698005698005698,86.8945868945869,5.413105413105413,81.48148148148148
E00023876,432,71,41,30,361,20,341,16.435185185185187,9.49074074074074,6.944444444444445,83.56481481481481,4.62962962962963,78.93518518518519
E00023878,557,103,73,30,454,12,442,18.491921005385997,13.10592459605027,5.385996409335727,81.50807899461401,2.154398563734291,79.35368043087972
E00023879,356,71,44,27,285,17,268,19.9438202247191,12.359550561797752,7.584269662921349,80.0561797752809,4.775280898876404,75.28089887640449
E00023880,196,24,9,15,172,8,164,12.244897959183673,4.591836734693878,7.653061224489796,87.75510204081633,4.081632653061225,83.6734693877551
E00023881,305,19,6,13,286,16,270,6.229508196721312,1.9672131147540985,4.2622950819672125,93.77049180327869,5.245901639344262,88.52459016393442
E00023883,303,64,37,27,239,5,234,21.122112211221122,12.211221122112212,8.91089108910891,78.87788778877888,1.65016501650165,77.22772277227723
E00023884,154,18,9,9,136,8,128,11.688311688311687,5.844155844155844,5.844155844155844,88.31168831168831,5.194805194805195,83.11688311688312
E00023885,226,26,13,13,200,10,190,11.504424778761061,5.752212389380531,5.752212389380531,88.49557522123894,4.424778761061947,84.070796460177
E00023886,308,64,31,33,244,20,224,20.77922077922078,10.064935064935066,10.714285714285714,79.22077922077922,6.493506493506493,72.72727272727273
E00023887,202,21,11,10,181,4,177,10.396039603960396,5.445544554455446,4.9504950495049505,89.60396039603961,1.9801980198019802,87.62376237623762
E00023888,307,26,8,18,281,14,267,8.469055374592834,2.6058631921824107,5.863192182410423,91.53094462540716,4.5602605863192185,86.97068403908796
E00023889,318,45,21,24,273,11,262,14.150943396226415,6.60377358490566,7.547169811320755,85.84905660377359,3.459119496855346,82.38993710691824
E00023890,263,13,5,8,250,11,239,4.942965779467681,1.9011406844106464,3.041825095057034,95.05703422053232,4.182509505703422,90.8745247148289
E00023891,326,22,10,12,304,13,291,6.748466257668712,3.067484662576687,3.6809815950920246,93.25153374233128,3.9877300613496933,89.2638036809816
E00023892,239,49,21,28,190,4,186,20.502092050209207,8.786610878661087,11.715481171548117,79.49790794979079,1.6736401673640167,77.82426778242679
E00023893,366,29,5,24,337,9,328,7.923497267759563,1.366120218579235,6.557377049180328,92.07650273224044,2.459016393442623,89.61748633879782
E00023894,336,35,10,25,301,22,279,10.416666666666668,2.976190476190476,7.440476190476191,89.58333333333334,6.547619047619048,83.03571428571429
E00023895,191,13,6,7,178,2,176,6.806282722513089,3.1413612565445024,3.664921465968586,93.19371727748691,1.0471204188481675,92.14659685863874
E00023896,172,7,1,6,165,5,160,4.069767441860465,0.5813953488372093,3.488372093023256,95.93023255813954,2.9069767441860463,93.02325581395348
E00023897,227,34,20,14,193,6,187,14.977973568281937,8.81057268722467,6.167400881057269,85.02202643171806,2.643171806167401,82.37885462555066
E00023898,287,19,7,12,268,12,256,6.620209059233449,2.4390243902439024,4.181184668989547,93.37979094076655,4.181184668989547,89.19860627177701
E00023899,187,18,10,8,169,10,159,9.62566844919786,5.347593582887701,4.27807486631016,90.37433155080214,5.347593582887701,85.02673796791443
E00023901,272,69,43,26,203,27,176,25.36764705882353,15.808823529411764,9.558823529411764,74.63235294117648,9.926470588235293,64.70588235294117
E00023902,196,37,22,15,159,10,149,18.877551020408163,11.224489795918368,7.653061224489796,81.12244897959184,5.1020408163265305,76.0204081632653
E00023903,159,13,5,8,146,4,142,8.176100628930817,3.1446540880503147,5.031446540880504,91.82389937106919,2.515723270440252,89.30817610062893
E00023904,174,18,3,15,156,4,152,10.344827586206897,1.7241379310344827,8.620689655172415,89.65517241379311,2.2988505747126435,87.356321839080465
E00023905,282,23,10,13,259,13,246,8.156028368794328,3.546099290780142,4.609929078014184,91.84397163120568,4.609929078014184,87.2340425531915
E00023906,199,45,25,20,154,10,144,22.613065326633166,12.562814070351758,10.050251256281408,77.38693467336684,5.025125628140704,72.36180904522614
E00023907,242,33,19,14,209,13,196,13.636363636363635,7.851239669421488,5.785123966942149,86.36363636363636,5.371900826446281,80.99173553719008
E00023908,207,52,31,21,155,8,147,25.120772946859905,14.975845410628018,10.144927536231885,74.8792270531401,3.864734299516908,71.01449275362319
E00023909,174,18,9,9,156,10,146,10.344827586206897,5.172413793103448,5.172413793103448,89.65517241379311,5.747126436781609,83.9080459770115
E00023910,262,34,15,19,228,11,217,12.977099236641221,5.7251908396946565,7.251908396946565,87.02290076335878,4.198473282442748,82.82442748091603
E00023911,174,86,50,36,88,8,80,49.42528735632184,28.735632183908045,20.689655172413794,50.57471264367817,4.597701149425287,45.97701149425287
E00023912,251,53,38,15,198,10,188,21.115537848605577,15.139442231075698,5.9760956175298805,78.88446215139442,3.9840637450199203,74.9003984063745
E00023913,466,37,16,21,429,23,406,7.939914163090128,3.4334763948497855,4.506437768240343,92.06008583690986,4.935622317596566,87.1244635193133
E00023914,251,22,8,14,229,15,214,8.764940239043826,3.187250996015936,5.577689243027888,91.23505976095618,5.9760956175298805,85.2589641434263
E00023916,150,10,3,7,140,9,131,6.666666666666667,2,4.666666666666667,93.33333333333333,6,87.33333333333333
E00023917,243,51,35,16,192,14,178,20.98765432098765,14.40329218106996,6.584362139917696,79.01234567901234,5.761316872427984,73.25102880658436
E00023918,207,23,10,13,184,14,170,11.11111111111111,4.830917874396135,6.280193236714976,88.88888888888889,6.763285024154589,82.1256038647343
E00023919,290,25,14,11,265,18,247,8.620689655172415,4.827586206896552,3.793103448275862,91.37931034482759,6.206896551724138,85.17241379310346
E00023920,159,7,0,7,152,9,143,4.40251572327044,0,4.40251572327044,95.59748427672956,5.660377358490567,89.937106918239
E00023921,178,14,2,12,164,9,155,7.865168539325842,1.1235955056179776,6.741573033707865,92.13483146067416,5.056179775280898,87.07865168539325
E00023922,206,15,8,7,191,6,185,7.281553398058252,3.8834951456310676,3.3980582524271843,92.71844660194175,2.912621359223301,89.80582524271846
E00023923,158,9,0,9,149,9,140,5.69620253164557,0,5.69620253164557,94.30379746835443,5.69620253164557,88.60759493670885
E00023924,160,16,7,9,144,8,136,10,4.375,5.625,90,5,85
E00023925,206,16,6,10,190,15,175,7.766990291262135,2.912621359223301,4.854368932038835,92.23300970873787,7.281553398058252,84.9514563106796
E00023926,222,54,28,26,168,12,156,24.324324324324326,12.612612612612612,11.711711711711711,75.67567567567568,5.405405405405405,70.27027027027027
E00023927,557,110,43,67,447,27,420,19.748653500897667,7.719928186714542,12.028725314183124,80.25134649910234,4.847396768402154,75.40394973070018
E00023928,261,17,5,12,244,14,230,6.513409961685824,1.9157088122605364,4.597701149425287,93.48659003831418,5.363984674329502,88.12260536398468
E00023929,281,20,4,16,261,22,239,7.11743772241993,1.4234875444839856,5.6939501779359425,92.88256227758008,7.829181494661921,85.05338078291815
E00023931,248,36,18,18,212,18,194,14.516129032258066,7.258064516129033,7.258064516129033,85.48387096774194,7.258064516129033,78.2258064516129
E00023932,317,24,11,13,293,13,280,7.570977917981073,3.4700315457413247,4.100946372239748,92.42902208201893,4.100946372239748,88.32807570977917
E00023933,243,37,19,18,206,25,181,15.22633744855967,7.818930041152264,7.4074074074074066,84.77366255144034,10.2880658436214,74.48559670781893
E00023934,224,16,7,9,208,18,190,7.142857142857142,3.125,4.017857142857143,92.85714285714286,8.035714285714286,84.82142857142857
E00023935,183,15,3,12,168,7,161,8.19672131147541,1.639344262295082,6.557377049180328,91.80327868852459,3.825136612021858,87.97814207650273
E00023936,355,32,11,21,323,30,293,9.014084507042254,3.0985915492957745,5.915492957746479,90.98591549295774,8.450704225352112,82.53521126760563
E00023937,204,18,8,10,186,5,181,8.823529411764707,3.9215686274509802,4.901960784313726,91.17647058823529,2.450980392156863,88.72549019607843
E00023938,513,24,4,20,489,20,469,4.678362573099415,0.7797270955165692,3.898635477582846,95.32163742690058,3.898635477582846,91.42300194931774
E00023939,211,12,3,9,199,9,190,5.687203791469194,1.4218009478672986,4.265402843601896,94.3127962085308,4.265402843601896,90.04739336492891
E00023941,220,9,2,7,211,9,202,4.090909090909091,0.9090909090909091,3.1818181818181817,95.9090909090909,4.090909090909091,91.81818181818183
E00023942,145,8,4,4,137,9,128,5.517241379310345,2.7586206896551726,2.7586206896551726,94.48275862068965,6.206896551724138,88.27586206896552
E00023943,303,35,15,20,268,17,251,11.55115511551155,4.9504950495049505,6.6006600660066,88.44884488448845,5.6105610561056105,82.83828382838284
E00023944,194,53,29,24,141,7,134,27.31958762886598,14.948453608247423,12.371134020618557,72.68041237113401,3.608247422680412,69.0721649484536
E00023945,496,29,7,22,467,29,438,5.846774193548387,1.411290322580645,4.435483870967742,94.15322580645162,5.846774193548387,88.30645161290323
E00023946,540,30,4,26,510,27,483,5.555555555555555,0.7407407407407408,4.814814814814815,94.44444444444444,5,89.44444444444444
E00023947,277,63,42,21,214,14,200,22.743682310469314,15.162454873646208,7.581227436823104,77.25631768953069,5.054151624548736,72.20216606498195
E00023948,390,26,13,13,364,20,344,6.666666666666667,3.3333333333333335,3.3333333333333335,93.33333333333333,5.128205128205128,88.2051282051282
E00023949,209,49,27,22,160,6,154,23.444976076555022,12.918660287081341,10.526315789473683,76.55502392344498,2.8708133971291865,73.68421052631578
E00023950,164,59,29,30,105,7,98,35.97560975609756,17.682926829268293,18.29268292682927,64.02439024390245,4.2682926829268295,59.756097560975604
E00023951,243,75,43,32,168,12,156,30.864197530864196,17.695473251028808,13.168724279835391,69.1358024691358,4.938271604938271,64.19753086419753
E00023953,147,7,1,6,140,8,132,4.761904761904762,0.6802721088435374,4.081632653061225,95.23809523809523,5.442176870748299,89.79591836734694
E00023954,235,34,11,23,201,10,191,14.468085106382977,4.680851063829787,9.787234042553191,85.53191489361703,4.25531914893617,81.27659574468085
E00023955,235,33,18,15,202,9,193,14.042553191489363,7.659574468085106,6.382978723404255,85.95744680851064,3.829787234042553,82.12765957446808
E00023956,244,42,26,16,202,11,191,17.21311475409836,10.655737704918032,6.557377049180328,82.78688524590164,4.508196721311475,78.27868852459017
E00023957,173,26,14,12,147,14,133,15.028901734104046,8.092485549132949,6.9364161849710975,84.97109826589595,8.092485549132949,76.878612716763
E00023958,270,65,28,37,205,11,194,24.074074074074073,10.37037037037037,13.703703703703704,75.92592592592592,4.074074074074074,71.85185185185186
E00023959,208,52,28,24,156,8,148,25,13.461538461538462,11.538461538461538,75,3.8461538461538463,71.15384615384616
E00023960,224,47,23,24,177,14,163,20.982142857142858,10.267857142857142,10.714285714285714,79.01785714285714,6.25,72.76785714285714
E00023963,120,10,2,8,110,7,103,8.333333333333332,1.6666666666666667,6.666666666666667,91.66666666666666,5.833333333333333,85.83333333333333
E00023964,265,46,28,18,219,9,210,17.358490566037734,10.566037735849058,6.7924528301886795,82.64150943396227,3.3962264150943398,79.24528301886792
E00023965,275,63,49,14,212,5,207,22.90909090909091,17.81818181818182,5.090909090909091,77.0909090909091,1.8181818181818181,75.27272727272727
E00023966,169,30,13,17,139,18,121,17.75147928994083,7.6923076923076925,10.059171597633137,82.24852071005917,10.650887573964498,71.59763313609467
E00023967,156,6,1,5,150,17,133,3.8461538461538463,0.641025641025641,3.205128205128205,96.15384615384616,10.897435897435898,85.25641025641025
E00023968,136,8,1,7,128,7,121,5.88235294117647,0.7352941176470588,5.147058823529411,94.11764705882352,5.147058823529411,88.97058823529412
E00023969,127,12,4,8,115,8,107,9.448818897637794,3.149606299212598,6.299212598425196,90.5511811023622,6.299212598425196,84.25196850393701
E00023971,136,34,17,17,102,3,99,25,12.5,12.5,75,2.2058823529411766,72.79411764705883
E00023972,232,14,5,9,218,17,201,6.0344827586206895,2.1551724137931036,3.8793103448275863,93.96551724137932,7.327586206896551,86.63793103448276
E00023974,257,40,16,24,217,16,201,15.56420233463035,6.22568093385214,9.33852140077821,84.43579766536965,6.22568093385214,78.21011673151752
E00023975,286,22,10,12,264,18,246,7.6923076923076925,3.4965034965034967,4.195804195804196,92.3076923076923,6.293706293706294,86.01398601398601
E00023977,133,9,4,5,124,5,119,6.7669172932330826,3.007518796992481,3.7593984962406015,93.23308270676691,3.7593984962406015,89.47368421052632
E00023978,112,26,10,16,86,4,82,23.214285714285715,8.928571428571429,14.285714285714285,76.78571428571429,3.571428571428571,73.21428571428571
E00023979,126,10,3,7,116,18,98,7.936507936507936,2.380952380952381,5.555555555555555,92.06349206349206,14.285714285714285,77.77777777777779
E00023980,113,25,15,10,88,7,81,22.123893805309734,13.274336283185843,8.849557522123893,77.87610619469027,6.1946902654867255,71.68141592920354
E00023981,152,8,5,3,144,9,135,5.263157894736842,3.289473684210526,1.9736842105263157,94.73684210526315,5.921052631578947,88.81578947368422
E00023982,277,67,32,35,210,16,194,24.187725631768952,11.552346570397113,12.63537906137184,75.81227436823104,5.776173285198556,70.03610108303249
E00023985,219,51,28,23,168,16,152,23.28767123287671,12.785388127853881,10.50228310502283,76.71232876712328,7.30593607305936,69.40639269406392
E00023986,153,34,16,18,119,9,110,22.22222222222222,10.457516339869281,11.76470588235294,77.77777777777779,5.88235294117647,71.89542483660131
E00023987,161,33,12,21,128,7,121,20.496894409937887,7.453416149068323,13.043478260869565,79.5031055900621,4.3478260869565215,75.15527950310559
E00023988,169,20,13,7,149,11,138,11.834319526627219,7.6923076923076925,4.142011834319527,88.16568047337277,6.508875739644971,81.65680473372781
E00023989,222,58,23,35,164,19,145,26.126126126126124,10.36036036036036,15.765765765765765,73.87387387387388,8.558558558558559,65.31531531531532
E00023990,251,48,26,22,203,11,192,19.12350597609562,10.358565737051793,8.764940239043826,80.87649402390437,4.382470119521913,76.49402390438247
E00023991,138,4,2,2,134,17,117,2.898550724637681,1.4492753623188406,1.4492753623188406,97.10144927536231,12.318840579710146,84.78260869565217
E00023992,132,13,5,8,119,9,110,9.848484848484848,3.787878787878788,6.0606060606060606,90.15151515151516,6.8181818181818175,83.33333333333334
E00023993,365,49,23,26,316,19,297,13.424657534246576,6.301369863013699,7.123287671232877,86.57534246575342,5.205479452054795,81.36986301369863
E00023994,157,33,18,15,124,6,118,21.019108280254777,11.464968152866243,9.554140127388536,78.98089171974523,3.821656050955414,75.15923566878982
E00023995,114,22,11,11,92,6,86,19.298245614035086,9.649122807017543,9.649122807017543,80.7017543859649,5.263157894736842,75.43859649122807
E00023996,177,10,3,7,167,10,157,5.649717514124294,1.694915254237288,3.954802259887006,94.35028248587571,5.649717514124294,88.70056497175142
E00023999,220,8,2,6,212,10,202,3.6363636363636362,0.9090909090909091,2.727272727272727,96.36363636363636,4.545454545454546,91.81818181818183
E00024002,465,81,35,46,384,21,363,17.419354838709676,7.526881720430108,9.89247311827957,82.58064516129032,4.516129032258064,78.06451612903226
E00024004,274,17,6,11,257,8,249,6.204379562043796,2.18978102189781,4.014598540145985,93.7956204379562,2.9197080291970803,90.87591240875912
E00024005,298,35,15,20,263,14,249,11.74496644295302,5.033557046979865,6.7114093959731544,88.25503355704699,4.697986577181208,83.55704697986577
E00024006,328,51,28,23,277,14,263,15.548780487804878,8.536585365853659,7.01219512195122,84.45121951219512,4.2682926829268295,80.1829268292683
E00024007,267,27,4,23,240,17,223,10.112359550561797,1.4981273408239701,8.614232209737828,89.8876404494382,6.367041198501873,83.52059925093633
E00024008,277,97,30,67,180,33,147,35.018050541516246,10.830324909747292,24.187725631768952,64.98194945848375,11.913357400722022,53.068592057761734
E00024009,141,30,14,16,111,13,98,21.27659574468085,9.929078014184398,11.347517730496454,78.72340425531915,9.219858156028367,69.50354609929079
E00024010,302,47,23,24,255,11,244,15.562913907284766,7.6158940397351,7.9470198675496695,84.43708609271523,3.642384105960265,80.79470198675497
E00024011,365,66,31,35,299,20,279,18.08219178082192,8.493150684931507,9.58904109589041,81.91780821917808,5.47945205479452,76.43835616438356
E00024012,242,38,15,23,204,14,190,15.702479338842975,6.198347107438017,9.50413223140496,84.29752066115702,5.785123966942149,78.51239669421489
E00024013,215,54,27,27,161,10,151,25.116279069767444,12.558139534883722,12.558139534883722,74.88372093023256,4.651162790697675,70.23255813953489
E00024014,204,42,19,23,162,11,151,20.588235294117645,9.313725490196079,11.27450980392157,79.41176470588235,5.392156862745098,74.01960784313727
E00024016,189,37,22,15,152,9,143,19.576719576719576,11.64021164021164,7.936507936507936,80.42328042328042,4.761904761904762,75.66137566137566
E00024017,202,41,23,18,161,14,147,20.2970297029703,11.386138613861387,8.91089108910891,79.70297029702971,6.9306930693069315,72.77227722772277
E00024018,149,30,13,17,119,12,107,20.13422818791946,8.724832214765101,11.409395973154362,79.86577181208054,8.053691275167784,71.81208053691275
E00024019,180,20,12,8,160,10,150,11.11111111111111,6.666666666666667,4.444444444444445,88.88888888888889,5.555555555555555,83.33333333333334
E00024020,255,56,28,28,199,17,182,21.96078431372549,10.980392156862745,10.980392156862745,78.03921568627452,6.666666666666667,71.37254901960785
E00024021,262,81,34,47,181,14,167,30.916030534351147,12.977099236641221,17.938931297709924,69.08396946564885,5.343511450381679,63.74045801526718
E00024022,267,29,8,21,238,16,222,10.861423220973784,2.9962546816479403,7.865168539325842,89.13857677902621,5.992509363295881,83.14606741573034
E00024023,340,49,23,26,291,13,278,14.411764705882351,6.764705882352941,7.647058823529412,85.58823529411764,3.823529411764706,81.76470588235294
E00024024,491,73,31,42,418,38,380,14.867617107942973,6.313645621181263,8.55397148676171,85.13238289205702,7.739307535641547,77.39307535641548
E00024025,232,44,19,25,188,11,177,18.96551724137931,8.189655172413794,10.775862068965516,81.03448275862068,4.741379310344827,76.29310344827587
E00024026,230,38,10,28,192,17,175,16.52173913043478,4.3478260869565215,12.173913043478262,83.47826086956522,7.391304347826087,76.08695652173914
E00024028,242,56,30,26,186,14,172,23.140495867768596,12.396694214876034,10.743801652892563,76.85950413223141,5.785123966942149,71.07438016528926
E00024029,205,22,5,17,183,18,165,10.731707317073171,2.4390243902439024,8.292682926829269,89.26829268292683,8.780487804878048,80.48780487804879
E00024030,394,50,20,30,344,21,323,12.690355329949238,5.0761421319796955,7.614213197969544,87.30964467005076,5.32994923857868,81.97969543147208
E00024031,247,31,7,24,216,24,192,12.550607287449392,2.834008097165992,9.7165991902834,87.4493927125506,9.7165991902834,77.7327935222672
E00024032,230,19,7,12,211,11,200,8.26086956521739,3.0434782608695654,5.217391304347826,91.73913043478261,4.782608695652174,86.95652173913044
E00024033,144,10,5,5,134,12,122,6.944444444444445,3.4722222222222223,3.4722222222222223,93.05555555555556,8.333333333333332,84.72222222222221
E00024034,191,36,16,20,155,17,138,18.848167539267017,8.37696335078534,10.471204188481675,81.15183246073299,8.900523560209423,72.25130890052355
E00024036,166,53,24,29,113,7,106,31.92771084337349,14.457831325301203,17.46987951807229,68.07228915662651,4.216867469879518,63.85542168674698
E00024037,126,3,2,1,123,17,106,2.380952380952381,1.5873015873015872,0.7936507936507936,97.61904761904762,13.492063492063492,84.12698412698413
E00024038,185,13,6,7,172,4,168,7.027027027027027,3.2432432432432434,3.783783783783784,92.97297297297298,2.1621621621621623,90.81081081081082
E00024039,241,42,23,19,199,9,190,17.42738589211618,9.54356846473029,7.883817427385892,82.57261410788381,3.7344398340248963,78.83817427385893
E00024040,185,24,14,10,161,8,153,12.972972972972974,7.567567567567568,5.405405405405405,87.02702702702703,4.324324324324325,82.70270270270271
E00024041,257,99,60,39,158,6,152,38.52140077821012,23.346303501945524,15.17509727626459,61.478599221789885,2.3346303501945527,59.143968871595334
E00024042,194,24,9,15,170,12,158,12.371134020618557,4.639175257731959,7.731958762886598,87.62886597938144,6.185567010309279,81.44329896907216
E00024043,264,45,29,16,219,21,198,17.045454545454543,10.984848484848484,6.0606060606060606,82.95454545454545,7.954545454545454,75
E00024044,171,18,11,7,153,12,141,10.526315789473683,6.432748538011696,4.093567251461988,89.47368421052632,7.017543859649122,82.45614035087719
E00024045,215,25,12,13,190,23,167,11.627906976744185,5.5813953488372094,6.046511627906977,88.37209302325581,10.69767441860465,77.67441860465117
E00024046,227,12,3,9,215,13,202,5.286343612334802,1.3215859030837005,3.9647577092511015,94.7136563876652,5.726872246696035,88.98678414096916
E00024047,269,50,21,29,219,12,207,18.587360594795538,7.806691449814126,10.780669144981413,81.41263940520446,4.4609665427509295,76.95167286245353
E00024048,171,6,1,5,165,5,160,3.508771929824561,0.5847953216374269,2.923976608187134,96.49122807017544,2.923976608187134,93.56725146198829
E00024050,141,10,2,8,131,5,126,7.092198581560284,1.4184397163120568,5.673758865248227,92.90780141843972,3.546099290780142,89.36170212765957
E00024052,257,34,4,30,223,17,206,13.229571984435799,1.556420233463035,11.673151750972762,86.7704280155642,6.614785992217899,80.1556420233463
E00024053,242,36,13,23,206,12,194,14.87603305785124,5.371900826446281,9.50413223140496,85.12396694214877,4.958677685950414,80.16528925619835
E00024054,202,13,4,9,189,11,178,6.435643564356436,1.9801980198019802,4.455445544554455,93.56435643564357,5.445544554455446,88.11881188118812
E00024055,178,11,3,8,167,9,158,6.179775280898876,1.6853932584269662,4.49438202247191,93.82022471910112,5.056179775280898,88.76404494382022
E00024056,225,25,4,21,200,18,182,11.11111111111111,1.7777777777777777,9.333333333333334,88.88888888888889,8,80.88888888888889
E00024057,210,15,1,14,195,17,178,7.142857142857142,0.4761904761904762,6.666666666666667,92.85714285714286,8.095238095238095,84.76190476190476
E00024058,407,54,25,29,353,26,327,13.267813267813267,6.142506142506143,7.125307125307126,86.73218673218673,6.388206388206388,80.34398034398035
E00024059,155,14,3,11,141,13,128,9.032258064516128,1.935483870967742,7.096774193548387,90.96774193548387,8.38709677419355,82.58064516129032
E00024060,196,12,2,10,184,20,164,6.122448979591836,1.0204081632653061,5.1020408163265305,93.87755102040816,10.204081632653061,83.6734693877551
E00024061,199,29,16,13,170,11,159,14.572864321608039,8.040201005025125,6.532663316582915,85.42713567839196,5.527638190954774,79.89949748743719
E00024062,155,18,6,12,137,10,127,11.612903225806452,3.870967741935484,7.741935483870968,88.38709677419355,6.451612903225806,81.93548387096774
E00024063,182,11,3,8,171,11,160,6.043956043956044,1.6483516483516485,4.395604395604396,93.95604395604396,6.043956043956044,87.91208791208791
E00024064,185,30,15,15,155,3,152,16.216216216216218,8.108108108108109,8.108108108108109,83.78378378378379,1.6216216216216217,82.16216216216216
E00024065,168,18,6,12,150,12,138,10.714285714285714,3.571428571428571,7.142857142857142,89.28571428571429,7.142857142857142,82.14285714285714
E00024066,123,12,5,7,111,9,102,9.75609756097561,4.0650406504065035,5.691056910569105,90.2439024390244,7.317073170731707,82.92682926829268
E00024067,258,31,17,14,227,13,214,12.015503875968992,6.5891472868217065,5.426356589147287,87.98449612403101,5.038759689922481,82.94573643410853
E00024068,444,256,150,106,188,24,164,57.65765765765766,33.78378378378378,23.873873873873876,42.34234234234234,5.405405405405405,36.93693693693694
E00024069,149,30,14,16,119,8,111,20.13422818791946,9.395973154362416,10.738255033557047,79.86577181208054,5.369127516778524,74.49664429530202
E00024070,347,53,31,22,294,24,270,15.273775216138327,8.93371757925072,6.340057636887608,84.72622478386167,6.9164265129683,77.80979827089337
E00024071,183,23,6,17,160,8,152,12.568306010928962,3.278688524590164,9.289617486338798,87.43169398907104,4.371584699453552,83.06010928961749
E00024072,376,75,34,41,301,14,287,19.9468085106383,9.042553191489363,10.904255319148938,80.0531914893617,3.723404255319149,76.32978723404256
E00024073,383,47,26,21,336,12,324,12.27154046997389,6.7885117493472595,5.483028720626632,87.72845953002611,3.1331592689295036,84.59530026109661
E00024074,319,53,30,23,266,9,257,16.614420062695924,9.404388714733543,7.210031347962382,83.38557993730407,2.8213166144200628,80.56426332288402
E00024075,384,47,20,27,337,21,316,12.239583333333332,5.208333333333334,7.03125,87.76041666666666,5.46875,82.29166666666666
E00024076,365,67,47,20,298,17,281,18.356164383561644,12.876712328767123,5.47945205479452,81.64383561643835,4.657534246575342,76.98630136986301
E00024077,239,29,11,18,210,13,197,12.133891213389122,4.602510460251046,7.531380753138076,87.86610878661088,5.439330543933055,82.42677824267783
E00024078,269,53,24,29,216,12,204,19.702602230483272,8.921933085501859,10.780669144981413,80.29739776951673,4.4609665427509295,75.8364312267658
E00024079,228,49,30,19,179,8,171,21.49122807017544,13.157894736842104,8.333333333333332,78.50877192982456,3.508771929824561,75
E00024080,361,73,29,44,288,9,279,20.221606648199447,8.033240997229916,12.18836565096953,79.77839335180056,2.4930747922437675,77.28531855955679
E00024081,270,55,30,25,215,14,201,20.37037037037037,11.11111111111111,9.25925925925926,79.62962962962963,5.185185185185185,74.44444444444444
E00024083,267,36,20,16,231,12,219,13.48314606741573,7.490636704119851,5.992509363295881,86.51685393258427,4.49438202247191,82.02247191011236
E00024084,243,41,27,14,202,15,187,16.872427983539097,11.11111111111111,5.761316872427984,83.1275720164609,6.172839506172839,76.95473251028807
E00024085,592,67,33,34,525,18,507,11.317567567567567,5.574324324324325,5.743243243243244,88.68243243243244,3.040540540540541,85.6418918918919
E00024086,345,70,45,25,275,10,265,20.28985507246377,13.043478260869565,7.246376811594203,79.71014492753623,2.898550724637681,76.81159420289855
E00024087,258,26,9,17,232,5,227,10.077519379844961,3.488372093023256,6.5891472868217065,89.92248062015504,1.937984496124031,87.98449612403101
E00024088,241,27,11,16,214,13,201,11.20331950207469,4.564315352697095,6.639004149377594,88.79668049792531,5.394190871369295,83.40248962655602
E00024089,351,33,12,21,318,14,304,9.401709401709402,3.418803418803419,5.982905982905983,90.5982905982906,3.9886039886039883,86.6096866096866
E00024090,141,26,13,13,115,10,105,18.439716312056735,9.219858156028367,9.219858156028367,81.56028368794325,7.092198581560284,74.46808510638297
E00024091,361,70,35,35,291,15,276,19.390581717451525,9.695290858725762,9.695290858725762,80.60941828254848,4.1551246537396125,76.45429362880887
E00024093,281,31,8,23,250,15,235,11.032028469750891,2.8469750889679712,8.185053380782918,88.96797153024912,5.338078291814947,83.62989323843416
E00024094,331,59,25,34,272,12,260,17.82477341389728,7.552870090634441,10.27190332326284,82.17522658610272,3.625377643504532,78.54984894259819
E00024095,273,46,25,21,227,14,213,16.84981684981685,9.157509157509157,7.6923076923076925,83.15018315018315,5.128205128205128,78.02197802197803
E00024096,289,69,26,43,220,13,207,23.875432525951556,8.996539792387544,14.878892733564014,76.12456747404845,4.498269896193772,71.62629757785467
E00024097,365,72,45,27,293,13,280,19.726027397260275,12.32876712328767,7.397260273972603,80.27397260273973,3.5616438356164384,76.71232876712328
E00024098,294,34,15,19,260,11,249,11.564625850340136,5.1020408163265305,6.462585034013606,88.43537414965986,3.741496598639456,84.6938775510204
E00024099,293,69,47,22,224,6,218,23.549488054607508,16.040955631399317,7.508532423208192,76.45051194539249,2.04778156996587,74.40273037542661
E00024100,385,63,36,27,322,14,308,16.363636363636363,9.35064935064935,7.012987012987012,83.63636363636363,3.6363636363636362,80
E00024101,331,65,32,33,266,11,255,19.637462235649547,9.667673716012084,9.969788519637463,80.36253776435045,3.3232628398791544,77.0392749244713
E00024103,477,167,109,58,310,11,299,35.0104821802935,22.851153039832283,12.159329140461216,64.98951781970649,2.3060796645702304,62.68343815513627
E00024104,390,61,33,28,329,7,322,15.64102564102564,8.461538461538462,7.179487179487179,84.35897435897436,1.7948717948717947,82.564102564102555
E00024105,219,33,13,20,186,15,171,15.068493150684931,5.93607305936073,9.1324200913242,84.93150684931507,6.8493150684931505,78.08219178082192
E00024106,302,67,42,25,235,11,224,22.185430463576157,13.90728476821192,8.27814569536424,77.81456953642383,3.642384105960265,74.17218543046357
E00024107,297,58,29,29,239,8,231,19.52861952861953,9.764309764309765,9.764309764309765,80.47138047138047,2.6936026936026933,77.77777777777779
E00024108,391,75,42,33,316,13,303,19.18158567774936,10.741687979539643,8.439897698209718,80.81841432225065,3.324808184143223,77.49360613810742
E00024109,268,24,9,15,244,9,235,8.955223880597014,3.3582089552238807,5.597014925373134,91.04477611940298,3.3582089552238807,87.68656716417911
E00024112,139,12,2,10,127,7,120,8.633093525179856,1.4388489208633095,7.1942446043165464,91.36690647482014,5.0359712230215825,86.33093525179856
E00024113,200,7,1,6,193,8,185,3.5000000000000004,0.5,3,96.5,4,92.5
E00024115,156,24,13,11,132,5,127,15.384615384615385,8.333333333333332,7.051282051282051,84.61538461538461,3.205128205128205,81.41025641025641
E00024116,173,17,7,10,156,9,147,9.826589595375722,4.046242774566474,5.780346820809249,90.17341040462428,5.202312138728324,84.97109826589595
E00024117,190,16,7,9,174,6,168,8.421052631578947,3.684210526315789,4.736842105263158,91.57894736842105,3.1578947368421053,88.42105263157895
E00024118,160,14,2,12,146,9,137,8.75,1.25,7.5,91.25,5.625,85.625
E00024121,310,39,16,23,271,28,243,12.580645161290322,5.161290322580645,7.419354838709677,87.41935483870968,9.032258064516128,78.38709677419354
E00024122,263,45,20,25,218,18,200,17.110266159695815,7.604562737642586,9.505703422053232,82.88973384030417,6.844106463878327,76.04562737642586
E00024123,184,34,21,13,150,12,138,18.478260869565215,11.41304347826087,7.065217391304348,81.52173913043478,6.521739130434782,75
E00024124,373,23,6,17,350,15,335,6.166219839142091,1.6085790884718498,4.557640750670242,93.8337801608579,4.021447721179625,89.81233243967829
E00024125,163,14,2,12,149,11,138,8.588957055214724,1.2269938650306749,7.361963190184049,91.41104294478528,6.748466257668712,84.66257668711657
E00024126,197,35,18,17,162,9,153,17.766497461928935,9.137055837563452,8.629441624365482,82.23350253807106,4.568527918781726,77.66497461928934
E00024128,242,17,6,11,225,15,210,7.024793388429752,2.479338842975207,4.545454545454546,92.97520661157024,6.198347107438017,86.77685950413223
E00024129,204,11,6,5,193,12,181,5.392156862745098,2.941176470588235,2.450980392156863,94.6078431372549,5.88235294117647,88.72549019607843
E00024133,235,19,6,13,216,13,203,8.085106382978724,2.553191489361702,5.531914893617021,91.91489361702128,5.531914893617021,86.38297872340426
E00024134,324,48,22,26,276,20,256,14.814814814814813,6.790123456790123,8.024691358024691,85.18518518518519,6.172839506172839,79.01234567901234
E00024135,219,66,28,38,153,11,142,30.136986301369863,12.785388127853881,17.35159817351598,69.86301369863014,5.0228310502283104,64.84018264840182
E00024136,326,48,20,28,278,15,263,14.723926380368098,6.134969325153374,8.588957055214724,85.2760736196319,4.601226993865031,80.67484662576688
E00024137,174,31,8,23,143,13,130,17.81609195402299,4.597701149425287,13.218390804597702,82.18390804597702,7.471264367816093,74.71264367816092
E00024138,208,38,11,27,170,7,163,18.269230769230766,5.288461538461538,12.980769230769232,81.73076923076923,3.3653846153846154,78.36538461538461
E00024140,257,14,5,9,243,12,231,5.447470817120623,1.9455252918287937,3.501945525291829,94.55252918287937,4.669260700389105,89.88326848249028
E00175180,355,47,27,20,308,13,295,13.239436619718308,7.605633802816901,5.633802816901409,86.76056338028168,3.6619718309859155,83.09859154929578
E00175181,299,48,30,18,251,16,235,16.05351170568562,10.033444816053512,6.0200668896321075,83.94648829431438,5.351170568561873,78.59531772575251
E00175182,114,16,6,10,98,10,88,14.035087719298245,5.263157894736842,8.771929824561402,85.96491228070175,8.771929824561402,77.19298245614034
E00175185,228,34,20,14,194,9,185,14.912280701754385,8.771929824561402,6.140350877192982,85.08771929824562,3.9473684210526314,81.14035087719299
E00175186,248,28,13,15,220,13,207,11.29032258064516,5.241935483870968,6.048387096774194,88.70967741935483,5.241935483870968,83.46774193548387
E00175187,376,28,11,17,348,18,330,7.446808510638298,2.925531914893617,4.521276595744681,92.5531914893617,4.787234042553192,87.7659574468085
E00175188,153,18,9,9,135,5,130,11.76470588235294,5.88235294117647,5.88235294117647,88.23529411764706,3.2679738562091507,84.9673202614379
E00175192,218,31,12,19,187,7,180,14.220183486238533,5.5045871559633035,8.715596330275229,85.77981651376146,3.211009174311927,82.56880733944955
E00175193,242,56,30,26,186,12,174,23.140495867768596,12.396694214876034,10.743801652892563,76.85950413223141,4.958677685950414,71.900826446281
E00175194,295,19,3,16,276,16,260,6.440677966101695,1.0169491525423728,5.423728813559322,93.55932203389831,5.423728813559322,88.13559322033898
E00175196,100,12,2,10,88,5,83,12,2,10,88,5,83
E00175197,116,7,3,4,109,9,100,6.0344827586206895,2.586206896551724,3.4482758620689653,93.96551724137932,7.758620689655173,86.20689655172413
E00175198,360,37,14,23,323,11,312,10.277777777777777,3.888888888888889,6.388888888888888,89.72222222222223,3.0555555555555554,86.66666666666667
E00175199,241,31,8,23,210,8,202,12.863070539419086,3.319502074688797,9.54356846473029,87.13692946058092,3.319502074688797,83.81742738589212
E00175200,390,76,34,42,314,26,288,19.48717948717949,8.717948717948717,10.76923076923077,80.51282051282051,6.666666666666667,73.84615384615385
E00175201,204,19,5,14,185,7,178,9.313725490196079,2.450980392156863,6.862745098039216,90.68627450980392,3.431372549019608,87.25490196078431
E00175202,148,17,6,11,131,9,122,11.486486486486488,4.054054054054054,7.4324324324324325,88.51351351351352,6.081081081081082,82.43243243243244
E00175203,137,32,9,23,105,8,97,23.357664233576642,6.569343065693431,16.78832116788321,76.64233576642336,5.839416058394161,70.8029197080292
E00175206,526,30,1,29,496,14,482,5.7034220532319395,0.19011406844106463,5.513307984790875,94.29657794676805,2.6615969581749046,91.63498098859316
E00175207,182,29,21,8,153,4,149,15.934065934065933,11.538461538461538,4.395604395604396,84.06593406593407,2.197802197802198,81.86813186813187
E00175210,210,14,2,12,196,10,186,6.666666666666667,0.9523809523809524,5.714285714285714,93.33333333333333,4.761904761904762,88.57142857142857
E00175211,227,12,5,7,215,14,201,5.286343612334802,2.2026431718061676,3.0837004405286343,94.7136563876652,6.167400881057269,88.54625550660793
E00175215,291,31,19,12,260,7,253,10.652920962199312,6.529209621993128,4.123711340206185,89.3470790378007,2.405498281786942,86.94158075601375
E00175217,287,9,0,9,278,10,268,3.1358885017421603,0,3.1358885017421603,96.86411149825784,3.484320557491289,93.37979094076655
E00175218,244,43,26,17,201,3,198,17.62295081967213,10.655737704918032,6.967213114754098,82.37704918032787,1.2295081967213115,81.14754098360656
E00175219,121,7,1,6,114,5,109,5.785123966942149,0.8264462809917356,4.958677685950414,94.21487603305785,4.132231404958678,90.08264462809917
E00175220,373,93,62,31,280,15,265,24.932975871313673,16.621983914209114,8.310991957104557,75.06702412868633,4.021447721179625,71.0455764075067
E00175221,339,64,32,32,275,11,264,18.87905604719764,9.43952802359882,9.43952802359882,81.12094395280236,3.2448377581120944,77.87610619469027
E00175222,272,75,36,39,197,26,171,27.573529411764707,13.23529411764706,14.338235294117647,72.42647058823529,9.558823529411764,62.86764705882353
E00175226,156,11,5,6,145,13,132,7.051282051282051,3.205128205128205,3.8461538461538463,92.94871794871796,8.333333333333332,84.61538461538461
E00175227,341,21,2,19,320,21,299,6.158357771260997,0.5865102639296188,5.571847507331378,93.841642228739,6.158357771260997,87.68328445747801
E00175228,142,9,0,9,133,10,123,6.338028169014084,0,6.338028169014084,93.66197183098592,7.042253521126761,86.61971830985915
E00175229,187,16,4,12,171,8,163,8.55614973262032,2.13903743315508,6.417112299465241,91.44385026737967,4.27807486631016,87.16577540106952
E00175231,309,61,32,29,248,11,237,19.741100323624593,10.355987055016183,9.385113268608414,80.2588996763754,3.559870550161812,76.69902912621359
E00175232,323,57,32,25,266,14,252,17.647058823529413,9.907120743034056,7.739938080495357,82.35294117647058,4.3343653250774,78.0185758513932
E00175233,273,45,19,26,228,6,222,16.483516483516482,6.95970695970696,9.523809523809524,83.51648351648352,2.197802197802198,81.31868131868131
E00175234,207,33,20,13,174,10,164,15.942028985507244,9.66183574879227,6.280193236714976,84.05797101449275,4.830917874396135,79.22705314009661
E00175235,410,73,27,46,337,21,316,17.804878048780488,6.585365853658537,11.219512195121952,82.1951219512195,5.121951219512195,77.07317073170732
E00175236,123,23,14,9,100,8,92,18.69918699186992,11.38211382113821,7.317073170731707,81.30081300813008,6.504065040650407,74.79674796747967
E00175237,220,49,31,18,171,8,163,22.272727272727273,14.09090909090909,8.181818181818182,77.72727272727272,3.6363636363636362,74.0909090909091
E00175238,284,35,10,25,249,14,235,12.323943661971832,3.5211267605633805,8.80281690140845,87.67605633802818,4.929577464788732,82.74647887323944
E00175239,139,15,7,8,124,5,119,10.79136690647482,5.0359712230215825,5.755395683453238,89.20863309352518,3.5971223021582732,85.61151079136691
E00175240,131,9,1,8,122,6,116,6.870229007633588,0.7633587786259541,6.106870229007633,93.12977099236642,4.580152671755725,88.54961832061069
E00175241,154,15,8,7,139,6,133,9.740259740259742,5.194805194805195,4.545454545454546,90.25974025974025,3.896103896103896,86.36363636363636
E00175242,192,4,4,0,188,2,186,2.083333333333333,2.083333333333333,0,97.91666666666666,1.0416666666666665,96.875
E00175243,145,29,16,13,116,7,109,20,11.03448275862069,8.96551724137931,80,4.827586206896552,75.17241379310344
E00175244,261,27,5,22,234,10,224,10.344827586206897,1.9157088122605364,8.42911877394636,89.65517241379311,3.8314176245210727,85.82375478927203
E00175245,177,24,8,16,153,15,138,13.559322033898304,4.519774011299435,9.03954802259887,86.4406779661017,8.47457627118644,77.96610169491525
E00175246,226,13,5,8,213,13,200,5.752212389380531,2.2123893805309733,3.5398230088495577,94.24778761061947,5.752212389380531,88.49557522123894
E00175247,129,15,6,9,114,4,110,11.627906976744185,4.651162790697675,6.976744186046512,88.37209302325581,3.10077519379845,85.27131782945736
E00175251,241,49,22,27,192,9,183,20.33195020746888,9.12863070539419,11.20331950207469,79.66804979253112,3.7344398340248963,75.93360995850622
E00175252,137,6,3,3,131,0,131,4.37956204379562,2.18978102189781,2.18978102189781,95.62043795620438,0,95.62043795620438
E00175253,288,24,5,19,264,13,251,8.333333333333332,1.7361111111111112,6.597222222222222,91.66666666666666,4.513888888888888,87.15277777777779
E00175254,174,15,5,10,159,11,148,8.620689655172415,2.8735632183908044,5.747126436781609,91.37931034482759,6.321839080459771,85.0574712643678
E00175255,172,13,2,11,159,4,155,7.55813953488372,1.1627906976744187,6.395348837209303,92.44186046511628,2.3255813953488373,90.11627906976744
E00175256,205,20,12,8,185,15,170,9.75609756097561,5.853658536585367,3.902439024390244,90.2439024390244,7.317073170731707,82.92682926829268
E00175257,414,37,16,21,377,31,346,8.937198067632849,3.864734299516908,5.072463768115942,91.06280193236715,7.487922705314009,83.57487922705315
E00175258,160,17,7,10,143,16,127,10.625,4.375,6.25,89.375,10,79.375
E00175259,200,11,5,6,189,10,179,5.5,2.5,3,94.5,5,89.5
E00175260,264,49,25,24,215,10,205,18.560606060606062,9.469696969696969,9.090909090909092,81.43939393939394,3.787878787878788,77.65151515151516
E00175261,315,58,40,18,257,12,245,18.412698412698415,12.698412698412698,5.714285714285714,81.58730158730158,3.8095238095238098,77.77777777777779
E00175262,316,54,35,19,262,6,256,17.088607594936708,11.075949367088606,6.012658227848101,82.91139240506328,1.89873417721519,81.0126582278481
E00175263,344,63,38,25,281,12,269,18.313953488372093,11.046511627906977,7.267441860465117,81.68604651162791,3.488372093023256,78.19767441860465
E00175264,231,21,3,18,210,13,197,9.090909090909092,1.2987012987012987,7.792207792207792,90.9090909090909,5.627705627705628,85.28138528138528
E00175265,367,72,40,32,295,9,286,19.618528610354225,10.899182561307901,8.71934604904632,80.38147138964578,2.452316076294278,77.9291553133515
E00175266,467,87,50,37,380,21,359,18.629550321199144,10.706638115631693,7.922912205567452,81.37044967880087,4.496788008565311,76.87366167023555
E00175268,388,84,45,39,304,11,293,21.649484536082475,11.597938144329897,10.051546391752577,78.35051546391753,2.8350515463917527,75.51546391752578
E00175269,217,45,26,19,172,5,167,20.737327188940093,11.981566820276496,8.755760368663594,79.26267281105991,2.3041474654377883,76.95852534562212
E00175270,319,63,34,29,256,2,254,19.74921630094044,10.658307210031348,9.090909090909092,80.25078369905955,0.6269592476489028,79.62382445141067
E00175271,222,62,33,29,160,6,154,27.927927927927925,14.864864864864865,13.063063063063062,72.07207207207207,2.7027027027027026,69.36936936936937
E00175272,405,90,46,44,315,6,309,22.22222222222222,11.358024691358025,10.864197530864198,77.77777777777779,1.4814814814814816,76.29629629629629
E00175273,236,54,30,24,182,4,178,22.88135593220339,12.711864406779661,10.16949152542373,77.11864406779661,1.694915254237288,75.42372881355932
E00175274,327,72,36,36,255,9,246,22.018348623853214,11.009174311926607,11.009174311926607,77.98165137614679,2.7522935779816518,75.22935779816514
E00175275,273,20,9,11,253,20,233,7.326007326007327,3.296703296703297,4.029304029304029,92.67399267399267,7.326007326007327,85.34798534798534
E00175276,209,34,19,15,175,10,165,16.267942583732058,9.090909090909092,7.177033492822966,83.73205741626795,4.784688995215311,78.94736842105263
E00175277,305,70,35,35,235,4,231,22.950819672131146,11.475409836065573,11.475409836065573,77.04918032786885,1.3114754098360655,75.73770491803279
E00175278,275,90,56,34,185,12,173,32.72727272727273,20.363636363636363,12.363636363636363,67.27272727272727,4.363636363636364,62.909090909090914
E00175279,276,54,31,23,222,11,211,19.565217391304348,11.231884057971014,8.333333333333332,80.43478260869566,3.985507246376811,76.44927536231883
E00190378,164,30,15,15,134,7,127,18.29268292682927,9.146341463414634,9.146341463414634,81.70731707317073,4.2682926829268295,77.4390243902439
E00190379,328,27,7,20,301,20,281,8.231707317073171,2.1341463414634148,6.097560975609756,91.76829268292683,6.097560975609756,85.67073170731707
E00190380,969,68,11,57,901,44,857,7.017543859649122,1.1351909184726523,5.88235294117647,92.98245614035088,4.540763673890609,88.44169246646027
E00190381,226,13,4,9,213,8,205,5.752212389380531,1.7699115044247788,3.982300884955752,94.24778761061947,3.5398230088495577,90.7079646017699
E00190382,296,31,9,22,265,19,246,10.472972972972974,3.040540540540541,7.4324324324324325,89.52702702702703,6.418918918918918,83.1081081081081
E00190383,215,14,9,5,201,12,189,6.511627906976744,4.186046511627907,2.3255813953488373,93.48837209302326,5.5813953488372094,87.90697674418605
E00190384,250,14,5,9,236,20,216,5.6000000000000005,2,3.5999999999999996,94.39999999999999,8,86.4
E00190385,228,18,6,12,210,19,191,7.894736842105263,2.631578947368421,5.263157894736842,92.10526315789474,8.333333333333332,83.77192982456141
E00190386,334,34,7,27,300,26,274,10.179640718562874,2.095808383233533,8.08383233532934,89.82035928143712,7.784431137724551,82.03592814371258
E00190387,252,15,3,12,237,19,218,5.952380952380952,1.1904761904761905,4.761904761904762,94.04761904761905,7.5396825396825395,86.5079365079365
E00190388,248,17,5,12,231,15,216,6.854838709677419,2.0161290322580645,4.838709677419355,93.14516129032258,6.048387096774194,87.09677419354838
E00190389,218,18,7,11,200,13,187,8.256880733944955,3.211009174311927,5.045871559633028,91.74311926605505,5.963302752293578,85.77981651376146
E00190390,188,21,9,12,167,7,160,11.170212765957446,4.787234042553192,6.382978723404255,88.82978723404256,3.723404255319149,85.1063829787234
E00190391,218,34,12,22,184,16,168,15.59633027522936,5.5045871559633035,10.091743119266056,84.40366972477065,7.339449541284404,77.06422018348624
E00190392,200,17,4,13,183,19,164,8.5,2,6.5,91.5,9.5,82
E00190393,273,47,24,23,226,17,209,17.216117216117215,8.791208791208792,8.424908424908425,82.78388278388277,6.227106227106227,76.55677655677655
E00190394,563,57,24,33,506,25,481,10.124333925399645,4.262877442273535,5.86145648312611,89.87566607460036,4.440497335701599,85.43516873889875
E00190395,358,75,36,39,283,18,265,20.949720670391063,10.05586592178771,10.893854748603351,79.05027932960894,5.027932960893855,74.02234636871509
E00190397,328,53,33,20,275,6,269,16.158536585365855,10.060975609756099,6.097560975609756,83.84146341463415,1.8292682926829267,82.01219512195121
E00190398,177,10,1,9,167,5,162,5.649717514124294,0.5649717514124294,5.084745762711865,94.35028248587571,2.824858757062147,91.52542372881356
E00190399,247,38,21,17,209,6,203,15.384615384615385,8.502024291497975,6.882591093117409,84.61538461538461,2.42914979757085,82.18623481781377
E00190400,362,41,31,10,321,12,309,11.32596685082873,8.56353591160221,2.7624309392265194,88.67403314917127,3.314917127071823,85.35911602209944
E00190401,318,31,10,21,287,12,275,9.748427672955975,3.1446540880503147,6.60377358490566,90.25157232704403,3.7735849056603774,86.47798742138365
E00190402,327,89,32,57,238,9,229,27.217125382262996,9.785932721712538,17.431192660550458,72.78287461773701,2.7522935779816518,70.03058103975535
E00190408,166,30,14,16,136,6,130,18.072289156626507,8.433734939759036,9.63855421686747,81.92771084337349,3.614457831325301,78.3132530120482
E00190409,470,74,31,43,396,24,372,15.74468085106383,6.595744680851063,9.148936170212766,84.25531914893617,5.106382978723404,79.14893617021276
E00190411,384,89,38,51,295,12,283,23.177083333333336,9.895833333333332,13.28125,76.82291666666666,3.125,73.69791666666666
E00190418,277,26,14,12,251,18,233,9.386281588447654,5.054151624548736,4.332129963898916,90.61371841155234,6.4981949458483745,84.11552346570397
E00190420,196,9,3,6,187,7,180,4.591836734693878,1.530612244897959,3.061224489795918,95.40816326530613,3.571428571428571,91.83673469387756
E00190423,270,62,37,25,208,15,193,22.962962962962962,13.703703703703704,9.25925925925926,77.03703703703704,5.555555555555555,71.48148148148148
E00190427,212,19,5,14,193,14,179,8.962264150943396,2.358490566037736,6.60377358490566,91.0377358490566,6.60377358490566,84.43396226415094
E00190434,193,19,9,10,174,10,164,9.844559585492227,4.66321243523316,5.181347150259067,90.15544041450777,5.181347150259067,84.97409326424871
E00190435,259,35,25,10,224,7,217,13.513513513513514,9.652509652509652,3.861003861003861,86.48648648648648,2.7027027027027026,83.78378378378379
E00190438,616,107,69,38,509,19,490,17.37012987012987,11.2012987012987,6.1688311688311686,82.62987012987013,3.0844155844155843,79.54545454545455
E00190442,387,73,33,40,314,12,302,18.863049095607234,8.527131782945736,10.335917312661499,81.13695090439276,3.10077519379845,78.0361757105943
E00190446,143,6,1,5,137,10,127,4.195804195804196,0.6993006993006993,3.4965034965034967,95.8041958041958,6.993006993006993,88.81118881118881
E00190450,218,36,13,23,182,17,165,16.51376146788991,5.963302752293578,10.550458715596331,83.4862385321101,7.79816513761468,75.68807339449542
E00190453,172,38,21,17,134,8,126,22.093023255813954,12.209302325581394,9.883720930232558,77.90697674418605,4.651162790697675,73.25581395348837
E00190454,198,12,2,10,186,10,176,6.0606060606060606,1.0101010101010102,5.05050505050505,93.93939393939394,5.05050505050505,88.88888888888889
E00190455,268,38,17,21,230,19,211,14.17910447761194,6.343283582089552,7.835820895522389,85.82089552238806,7.08955223880597,78.73134328358209
E00190459,224,10,2,8,214,10,204,4.464285714285714,0.8928571428571428,3.571428571428571,95.53571428571429,4.464285714285714,91.07142857142857
E00190460,316,76,22,54,240,11,229,24.050632911392405,6.962025316455696,17.088607594936708,75.9493670886076,3.481012658227848,72.46835443037975
E00190465,298,11,1,10,287,12,275,3.691275167785235,0.33557046979865773,3.3557046979865772,96.30872483221476,4.026845637583892,92.28187919463086
