OA,ts0590001,ts0590002,ts0590003,ts0590004,ts0590005,ts0590006,ts0590007,ts0590002_PCT,ts0590003_PCT,ts0590004_PCT,ts0590005_PCT,ts0590006_PCT,ts0590007_PCT
E00152496,170,45,21,24,125,95,30,26.47058823529412,12.352941176470589,14.117647058823529,73.52941176470588,55.88235294117647,17.647058823529413
E00152497,234,49,18,31,185,152,33,20.94017094017094,7.6923076923076925,13.247863247863249,79.05982905982906,64.95726495726495,14.102564102564102
E00152498,105,26,11,15,79,65,14,24.761904761904763,10.476190476190476,14.285714285714285,75.23809523809524,61.904761904761905,13.333333333333334
E00152499,185,43,16,27,142,118,24,23.243243243243246,8.64864864864865,14.594594594594595,76.75675675675676,63.78378378378379,12.972972972972974
E00152500,163,39,14,25,124,108,16,23.92638036809816,8.588957055214724,15.337423312883436,76.07361963190185,66.25766871165644,9.815950920245399
E00152502,141,26,8,18,115,96,19,18.439716312056735,5.673758865248227,12.76595744680851,81.56028368794325,68.08510638297872,13.47517730496454
E00152503,141,44,20,24,97,89,8,31.20567375886525,14.184397163120568,17.02127659574468,68.79432624113475,63.12056737588653,5.673758865248227
E00152504,232,43,11,32,189,161,28,18.53448275862069,4.741379310344827,13.793103448275861,81.46551724137932,69.39655172413794,12.068965517241379
E00152506,194,52,28,24,142,117,25,26.804123711340207,14.432989690721648,12.371134020618557,73.19587628865979,60.30927835051546,12.886597938144329
E00152507,162,34,16,18,128,97,31,20.98765432098765,9.876543209876543,11.11111111111111,79.01234567901234,59.876543209876544,19.1358024691358
E00152508,155,48,12,36,107,86,21,30.967741935483872,7.741935483870968,23.225806451612904,69.03225806451613,55.483870967741936,13.548387096774196
E00152509,93,33,10,23,60,50,10,35.483870967741936,10.75268817204301,24.731182795698924,64.51612903225806,53.76344086021505,10.75268817204301
E00152510,107,37,15,22,70,52,18,34.57943925233645,14.018691588785046,20.5607476635514,65.42056074766354,48.598130841121495,16.822429906542055
E00152511,145,37,18,19,108,85,23,25.517241379310345,12.413793103448276,13.10344827586207,74.48275862068967,58.620689655172406,15.862068965517242
E00152512,122,26,6,20,96,74,22,21.311475409836063,4.918032786885246,16.39344262295082,78.68852459016394,60.65573770491803,18.0327868852459
E00152513,95,28,8,20,67,59,8,29.47368421052631,8.421052631578947,21.052631578947366,70.52631578947368,62.10526315789474,8.421052631578947
E00152514,122,36,10,26,86,78,8,29.508196721311474,8.19672131147541,21.311475409836063,70.49180327868852,63.934426229508205,6.557377049180328
E00152515,83,27,9,18,56,44,12,32.53012048192771,10.843373493975903,21.686746987951807,67.46987951807229,53.01204819277109,14.457831325301203
E00152516,177,55,13,42,122,107,15,31.07344632768362,7.344632768361582,23.728813559322035,68.92655367231639,60.451977401129945,8.47457627118644
E00152517,146,44,11,33,102,86,16,30.136986301369863,7.534246575342466,22.602739726027394,69.86301369863014,58.9041095890411,10.95890410958904
E00152518,174,49,17,32,125,99,26,28.160919540229884,9.770114942528735,18.39080459770115,71.83908045977012,56.896551724137936,14.942528735632186
E00152519,209,48,15,33,161,129,32,22.966507177033492,7.177033492822966,15.789473684210526,77.03349282296651,61.72248803827751,15.311004784688995
E00152520,195,37,12,25,158,133,25,18.974358974358974,6.153846153846154,12.82051282051282,81.02564102564102,68.2051282051282,12.82051282051282
E00152521,67,19,5,14,48,45,3,28.35820895522388,7.462686567164178,20.8955223880597,71.64179104477611,67.16417910447761,4.477611940298507
E00152522,213,54,14,40,159,136,23,25.352112676056336,6.572769953051644,18.779342723004692,74.64788732394366,63.84976525821596,10.7981220657277
E00152523,143,38,10,28,105,87,18,26.573426573426573,6.993006993006993,19.58041958041958,73.42657342657343,60.83916083916085,12.587412587412588
E00152524,191,47,17,30,144,118,26,24.60732984293194,8.900523560209423,15.706806282722512,75.39267015706807,61.78010471204188,13.612565445026178
E00152525,108,32,7,25,76,62,14,29.629629629629626,6.481481481481481,23.14814814814815,70.37037037037037,57.407407407407405,12.962962962962962
E00152526,127,37,12,25,90,71,19,29.133858267716533,9.448818897637794,19.68503937007874,70.86614173228347,55.90551181102362,14.960629921259844
E00152527,126,30,7,23,96,73,23,23.809523809523807,5.555555555555555,18.253968253968253,76.19047619047619,57.936507936507944,18.253968253968253
E00152528,98,30,16,14,68,52,16,30.612244897959183,16.3265306122449,14.285714285714285,69.38775510204081,53.06122448979592,16.3265306122449
E00152529,156,51,26,25,105,87,18,32.69230769230769,16.666666666666664,16.025641025641026,67.3076923076923,55.769230769230774,11.538461538461538
E00152530,118,30,10,20,88,78,10,25.423728813559322,8.47457627118644,16.94915254237288,74.57627118644068,66.10169491525424,8.47457627118644
E00152531,185,41,7,34,144,121,23,22.162162162162165,3.783783783783784,18.37837837837838,77.83783783783784,65.4054054054054,12.432432432432433
E00152532,116,24,8,16,92,79,13,20.689655172413794,6.896551724137931,13.793103448275861,79.3103448275862,68.10344827586206,11.206896551724139
E00152533,199,46,13,33,153,119,34,23.115577889447238,6.532663316582915,16.582914572864322,76.88442211055276,59.798994974874375,17.08542713567839
E00152534,93,30,11,19,63,56,7,32.25806451612903,11.827956989247312,20.43010752688172,67.74193548387096,60.215053763440864,7.526881720430108
E00152535,179,65,24,41,114,88,26,36.312849162011176,13.40782122905028,22.905027932960895,63.687150837988824,49.162011173184354,14.52513966480447
E00152536,153,52,19,33,101,79,22,33.98692810457516,12.418300653594772,21.568627450980394,66.01307189542483,51.633986928104584,14.37908496732026
E00152537,89,22,5,17,67,62,5,24.719101123595504,5.617977528089887,19.101123595505616,75.28089887640449,69.66292134831461,5.617977528089887
E00152538,123,32,14,18,91,75,16,26.01626016260163,11.38211382113821,14.634146341463413,73.98373983739837,60.97560975609756,13.008130081300814
E00152539,141,40,13,27,101,87,14,28.368794326241137,9.219858156028367,19.148936170212767,71.63120567375887,61.702127659574465,9.929078014184398
E00152540,113,29,12,17,84,68,16,25.663716814159294,10.619469026548673,15.04424778761062,74.33628318584071,60.17699115044248,14.15929203539823
E00152541,91,29,14,15,62,49,13,31.868131868131865,15.384615384615385,16.483516483516482,68.13186813186813,53.84615384615385,14.285714285714285
E00152550,198,46,17,29,152,130,22,23.232323232323232,8.585858585858585,14.646464646464647,76.76767676767676,65.65656565656566,11.11111111111111
E00152552,232,70,33,37,162,120,42,30.17241379310345,14.224137931034484,15.948275862068966,69.82758620689656,51.724137931034484,18.103448275862068
E00152556,165,42,16,26,123,97,26,25.454545454545453,9.696969696969697,15.757575757575756,74.54545454545455,58.78787878787879,15.757575757575756
E00152557,211,19,7,12,192,146,46,9.004739336492891,3.3175355450236967,5.687203791469194,90.99526066350711,69.19431279620854,21.80094786729858
E00152558,143,44,20,24,99,69,30,30.76923076923077,13.986013986013987,16.783216783216783,69.23076923076923,48.25174825174825,20.97902097902098
E00152562,64,18,4,14,46,34,12,28.125,6.25,21.875,71.875,53.125,18.75
E00152563,190,55,22,33,135,113,22,28.947368421052634,11.578947368421053,17.36842105263158,71.05263157894737,59.473684210526315,11.578947368421053
E00152564,222,66,29,37,156,129,27,29.72972972972973,13.063063063063062,16.666666666666664,70.27027027027027,58.108108108108105,12.162162162162163
E00152568,124,29,9,20,95,62,33,23.387096774193548,7.258064516129033,16.129032258064516,76.61290322580645,50,26.61290322580645
E00152569,149,42,18,24,107,81,26,28.187919463087248,12.080536912751679,16.10738255033557,71.81208053691275,54.36241610738255,17.449664429530202
E00152570,165,60,23,37,105,79,26,36.36363636363637,13.939393939393941,22.424242424242426,63.63636363636363,47.878787878787875,15.757575757575756
E00152571,154,42,15,27,112,103,9,27.27272727272727,9.740259740259742,17.532467532467532,72.72727272727273,66.88311688311688,5.844155844155844
E00152572,306,76,26,50,230,198,32,24.836601307189543,8.49673202614379,16.33986928104575,75.16339869281046,64.70588235294117,10.457516339869281
E00152573,161,44,17,27,117,100,17,27.32919254658385,10.559006211180124,16.77018633540373,72.67080745341616,62.11180124223602,10.559006211180124
E00152574,129,42,11,31,87,75,12,32.55813953488372,8.527131782945736,24.031007751937985,67.44186046511628,58.139534883720934,9.30232558139535
E00152575,137,49,16,33,88,70,18,35.76642335766424,11.678832116788321,24.087591240875913,64.23357664233576,51.09489051094891,13.138686131386862
E00152576,131,39,8,31,92,80,12,29.770992366412212,6.106870229007633,23.66412213740458,70.22900763358778,61.06870229007634,9.16030534351145
E00152577,134,37,6,31,97,84,13,27.611940298507463,4.477611940298507,23.134328358208954,72.38805970149254,62.68656716417911,9.701492537313433
E00152579,131,38,14,24,93,88,5,29.00763358778626,10.687022900763358,18.3206106870229,70.99236641221374,67.17557251908397,3.816793893129771
E00152580,187,57,21,36,130,105,25,30.481283422459892,11.229946524064172,19.25133689839572,69.5187165775401,56.14973262032086,13.368983957219251
E00152581,153,44,17,27,109,93,16,28.75816993464052,11.11111111111111,17.647058823529413,71.24183006535948,60.78431372549019,10.457516339869281
E00152582,124,33,7,26,91,74,17,26.61290322580645,5.64516129032258,20.967741935483872,73.38709677419355,59.67741935483871,13.709677419354838
E00152583,165,53,16,37,112,90,22,32.121212121212125,9.696969696969697,22.424242424242426,67.87878787878789,54.54545454545454,13.333333333333334
E00152584,123,33,9,24,90,74,16,26.82926829268293,7.317073170731707,19.51219512195122,73.17073170731707,60.16260162601627,13.008130081300814
E00152585,122,32,13,19,90,77,13,26.229508196721312,10.655737704918032,15.573770491803279,73.77049180327869,63.114754098360656,10.655737704918032
E00152586,192,60,20,40,132,118,14,31.25,10.416666666666668,20.833333333333336,68.75,61.458333333333336,7.291666666666667
E00152587,88,31,9,22,57,48,9,35.22727272727273,10.227272727272728,25,64.77272727272727,54.54545454545454,10.227272727272728
E00152588,185,51,20,31,134,119,15,27.56756756756757,10.81081081081081,16.756756756756758,72.43243243243244,64.32432432432432,8.108108108108109
E00152589,73,18,7,11,55,46,9,24.65753424657534,9.58904109589041,15.068493150684931,75.34246575342466,63.013698630136986,12.32876712328767
E00152590,226,72,32,40,154,121,33,31.858407079646017,14.15929203539823,17.699115044247787,68.14159292035397,53.53982300884957,14.601769911504425
E00152591,140,41,14,27,99,88,11,29.28571428571429,10,19.28571428571429,70.71428571428572,62.857142857142854,7.857142857142857
E00152592,85,17,11,6,68,46,22,20,12.941176470588237,7.0588235294117645,80,54.11764705882353,25.882352941176475
E00152593,202,58,19,39,144,111,33,28.71287128712871,9.405940594059405,19.306930693069308,71.28712871287128,54.95049504950495,16.33663366336634
E00152594,225,59,27,32,166,126,40,26.222222222222225,12,14.222222222222221,73.77777777777777,56.00000000000001,17.77777777777778
E00152595,203,43,21,22,160,123,37,21.182266009852217,10.344827586206897,10.83743842364532,78.81773399014779,60.591133004926114,18.226600985221676
E00152596,144,39,13,26,105,94,11,27.083333333333332,9.027777777777777,18.055555555555554,72.91666666666666,65.27777777777779,7.638888888888889
E00152597,171,49,17,32,122,85,37,28.654970760233915,9.941520467836257,18.71345029239766,71.34502923976608,49.707602339181285,21.637426900584796
E00152598,217,63,16,47,154,120,34,29.03225806451613,7.373271889400922,21.658986175115206,70.96774193548387,55.29953917050692,15.668202764976957
E00152599,155,55,21,34,100,87,13,35.483870967741936,13.548387096774196,21.935483870967744,64.51612903225806,56.12903225806451,8.38709677419355
E00152600,137,41,19,22,96,78,18,29.927007299270077,13.86861313868613,16.05839416058394,70.07299270072993,56.934306569343065,13.138686131386862
E00152601,151,31,14,17,120,97,23,20.52980132450331,9.271523178807946,11.258278145695364,79.47019867549669,64.23841059602648,15.2317880794702
E00152602,210,55,16,39,155,112,43,26.190476190476193,7.6190476190476195,18.571428571428573,73.80952380952381,53.333333333333336,20.476190476190474
E00152603,125,32,6,26,93,80,13,25.6,4.8,20.8,74.4,64,10.4
E00152604,111,37,9,28,74,66,8,33.33333333333333,8.108108108108109,25.225225225225223,66.66666666666666,59.45945945945946,7.207207207207207
E00152605,118,29,11,18,89,70,19,24.576271186440678,9.322033898305085,15.254237288135593,75.42372881355932,59.32203389830508,16.101694915254235
E00152606,165,34,15,19,131,106,25,20.606060606060606,9.090909090909092,11.515151515151516,79.39393939393939,64.24242424242425,15.151515151515152
E00152607,218,48,16,32,170,140,30,22.018348623853214,7.339449541284404,14.678899082568808,77.98165137614679,64.22018348623854,13.761467889908257
E00152608,147,29,6,23,118,96,22,19.727891156462583,4.081632653061225,15.646258503401361,80.27210884353741,65.3061224489796,14.965986394557824
E00152609,146,31,7,24,115,99,16,21.232876712328768,4.794520547945205,16.43835616438356,78.76712328767124,67.8082191780822,10.95890410958904
E00152610,183,50,16,34,133,112,21,27.322404371584703,8.743169398907105,18.579234972677597,72.6775956284153,61.20218579234973,11.475409836065573
E00152611,163,60,28,32,103,74,29,36.809815950920246,17.177914110429448,19.631901840490798,63.190184049079754,45.39877300613497,17.791411042944784
E00152613,199,70,31,39,129,95,34,35.175879396984925,15.577889447236181,19.597989949748744,64.82412060301507,47.73869346733669,17.08542713567839
E00152614,99,32,7,25,67,57,10,32.323232323232325,7.07070707070707,25.252525252525253,67.67676767676768,57.57575757575758,10.1010101010101
E00152615,254,46,14,32,208,175,33,18.11023622047244,5.511811023622047,12.598425196850393,81.88976377952756,68.89763779527559,12.992125984251967
E00152616,148,39,14,25,109,96,13,26.351351351351347,9.45945945945946,16.89189189189189,73.64864864864865,64.86486486486487,8.783783783783784
E00152617,196,53,21,32,143,113,30,27.040816326530614,10.714285714285714,16.3265306122449,72.95918367346938,57.6530612244898,15.306122448979592
E00152618,151,37,11,26,114,100,14,24.503311258278146,7.28476821192053,17.218543046357617,75.49668874172185,66.22516556291392,9.271523178807946
E00152619,147,35,20,15,112,97,15,23.809523809523807,13.60544217687075,10.204081632653061,76.19047619047619,65.98639455782312,10.204081632653061
E00152620,138,23,7,16,115,99,16,16.666666666666664,5.072463768115942,11.594202898550725,83.33333333333334,71.73913043478261,11.594202898550725
E00152621,143,43,14,29,100,86,14,30.069930069930066,9.79020979020979,20.27972027972028,69.93006993006993,60.13986013986013,9.79020979020979
E00152623,126,33,10,23,93,73,20,26.190476190476193,7.936507936507936,18.253968253968253,73.80952380952381,57.936507936507944,15.873015873015872
E00152624,124,39,14,25,85,69,16,31.451612903225808,11.29032258064516,20.161290322580644,68.54838709677419,55.64516129032258,12.903225806451612
E00152625,218,43,12,31,175,142,33,19.724770642201836,5.5045871559633035,14.220183486238533,80.27522935779817,65.13761467889908,15.137614678899084
E00152626,139,37,12,25,102,91,11,26.618705035971225,8.633093525179856,17.985611510791365,73.38129496402878,65.46762589928058,7.913669064748201
E00152627,124,34,10,24,90,78,12,27.419354838709676,8.064516129032258,19.35483870967742,72.58064516129032,62.903225806451616,9.67741935483871
E00152628,123,38,20,18,85,71,14,30.89430894308943,16.260162601626014,14.634146341463413,69.10569105691057,57.72357723577236,11.38211382113821
E00152629,160,36,20,16,124,84,40,22.5,12.5,10,77.5,52.5,25
E00152631,148,44,22,22,104,81,23,29.72972972972973,14.864864864864865,14.864864864864865,70.27027027027027,54.729729729729726,15.54054054054054
E00152632,306,58,20,38,248,212,36,18.954248366013072,6.535947712418301,12.418300653594772,81.04575163398692,69.28104575163398,11.76470588235294
E00152634,156,34,8,26,122,95,27,21.794871794871796,5.128205128205128,16.666666666666664,78.2051282051282,60.89743589743589,17.307692307692307
E00152635,122,30,7,23,92,78,14,24.59016393442623,5.737704918032787,18.852459016393443,75.40983606557377,63.934426229508205,11.475409836065573
E00152636,162,48,19,29,114,93,21,29.629629629629626,11.728395061728394,17.901234567901234,70.37037037037037,57.407407407407405,12.962962962962962
E00152637,137,35,10,25,102,79,23,25.547445255474454,7.2992700729927,18.248175182481752,74.45255474452554,57.66423357664233,16.78832116788321
E00152638,150,49,17,32,101,90,11,32.666666666666664,11.333333333333332,21.333333333333336,67.33333333333333,60,7.333333333333333
E00152639,203,30,11,19,173,147,26,14.77832512315271,5.41871921182266,9.35960591133005,85.22167487684729,72.41379310344827,12.807881773399016
E00152640,150,40,16,24,110,77,33,26.666666666666668,10.666666666666668,16,73.33333333333333,51.33333333333333,22
E00152641,162,47,18,29,115,98,17,29.01234567901235,11.11111111111111,17.901234567901234,70.98765432098766,60.49382716049383,10.493827160493826
E00152642,150,48,12,36,102,87,15,32,8,24,68,57.99999999999999,10
E00152643,244,48,19,29,196,150,46,19.672131147540984,7.786885245901639,11.885245901639344,80.32786885245902,61.47540983606557,18.852459016393443
E00152644,119,27,5,22,92,81,11,22.689075630252102,4.201680672268908,18.487394957983195,77.31092436974791,68.0672268907563,9.243697478991598
E00152645,142,37,14,23,105,81,24,26.056338028169012,9.859154929577464,16.19718309859155,73.94366197183099,57.04225352112676,16.901408450704224
E00152646,178,49,15,34,129,115,14,27.52808988764045,8.426966292134832,19.101123595505616,72.47191011235955,64.60674157303372,7.865168539325842
E00152647,125,41,14,27,84,65,19,32.800000000000004,11.200000000000001,21.6,67.2,52,15.2
E00152648,145,47,15,32,98,88,10,32.41379310344827,10.344827586206897,22.06896551724138,67.58620689655173,60.689655172413794,6.896551724137931
E00152649,115,34,11,23,81,62,19,29.565217391304348,9.565217391304348,20,70.43478260869566,53.91304347826087,16.52173913043478
E00152650,131,41,13,28,90,83,7,31.297709923664126,9.923664122137405,21.374045801526716,68.70229007633588,63.358778625954194,5.343511450381679
E00152651,176,56,16,40,120,108,12,31.818181818181817,9.090909090909092,22.727272727272727,68.18181818181817,61.36363636363637,6.8181818181818175
E00152652,113,30,10,20,83,72,11,26.548672566371685,8.849557522123893,17.699115044247787,73.45132743362832,63.716814159292035,9.734513274336283
E00152653,124,32,11,21,92,73,19,25.806451612903224,8.870967741935484,16.93548387096774,74.19354838709677,58.87096774193549,15.32258064516129
E00152654,115,44,12,32,71,59,12,38.26086956521739,10.434782608695652,27.82608695652174,61.73913043478261,51.30434782608696,10.434782608695652
E00152655,137,38,12,26,99,90,9,27.73722627737226,8.75912408759124,18.97810218978102,72.26277372262774,65.69343065693431,6.569343065693431
E00152656,262,54,29,25,208,169,39,20.610687022900763,11.068702290076336,9.541984732824428,79.38931297709924,64.50381679389314,14.885496183206106
E00152657,230,53,14,39,177,155,22,23.043478260869566,6.086956521739131,16.956521739130434,76.95652173913044,67.3913043478261,9.565217391304348
E00152658,317,66,19,47,251,209,42,20.82018927444795,5.993690851735016,14.826498422712934,79.17981072555204,65.93059936908517,13.249211356466878
E00152659,162,38,11,27,124,100,24,23.456790123456788,6.790123456790123,16.666666666666664,76.5432098765432,61.72839506172839,14.814814814814813
E00152660,138,38,20,18,100,72,28,27.536231884057973,14.492753623188406,13.043478260869565,72.46376811594203,52.17391304347826,20.28985507246377
E00152661,142,30,11,19,112,90,22,21.12676056338028,7.746478873239436,13.380281690140844,78.87323943661971,63.38028169014085,15.492957746478872
E00152662,101,28,14,14,73,55,18,27.722772277227726,13.861386138613863,13.861386138613863,72.27722772277228,54.45544554455446,17.82178217821782
E00152663,235,41,15,26,194,167,27,17.4468085106383,6.382978723404255,11.063829787234042,82.5531914893617,71.06382978723404,11.48936170212766
E00152664,129,36,7,29,93,81,12,27.906976744186046,5.426356589147287,22.48062015503876,72.09302325581395,62.7906976744186,9.30232558139535
E00152665,174,24,10,14,150,107,43,13.793103448275861,5.747126436781609,8.045977011494253,86.20689655172413,61.49425287356321,24.71264367816092
E00152666,138,47,12,35,91,83,8,34.05797101449276,8.695652173913043,25.36231884057971,65.94202898550725,60.14492753623188,5.797101449275362
E00152667,145,33,9,24,112,94,18,22.758620689655174,6.206896551724138,16.551724137931036,77.24137931034483,64.82758620689654,12.413793103448276
E00152668,118,34,13,21,84,78,6,28.8135593220339,11.016949152542372,17.796610169491526,71.1864406779661,66.10169491525424,5.084745762711865
E00152669,107,25,9,16,82,65,17,23.364485981308412,8.411214953271028,14.953271028037381,76.63551401869158,60.747663551401864,15.887850467289718
E00152670,251,61,27,34,190,153,37,24.302788844621514,10.756972111553784,13.545816733067728,75.69721115537848,60.95617529880478,14.741035856573706
E00152672,191,50,20,30,141,120,21,26.17801047120419,10.471204188481675,15.706806282722512,73.82198952879581,62.82722513089005,10.99476439790576
E00152673,164,36,16,20,128,109,19,21.951219512195124,9.75609756097561,12.195121951219512,78.04878048780488,66.46341463414635,11.585365853658537
E00152674,156,29,14,15,127,104,23,18.58974358974359,8.974358974358974,9.615384615384617,81.41025641025641,66.66666666666666,14.743589743589745
E00152675,192,42,17,25,150,127,23,21.875,8.854166666666668,13.020833333333334,78.125,66.14583333333334,11.979166666666668
E00152676,128,22,10,12,106,85,21,17.1875,7.8125,9.375,82.8125,66.40625,16.40625
E00152677,111,32,13,19,79,60,19,28.82882882882883,11.711711711711711,17.117117117117118,71.17117117117117,54.054054054054056,17.117117117117118
E00152679,112,31,16,15,81,60,21,27.67857142857143,14.285714285714285,13.392857142857142,72.32142857142857,53.57142857142857,18.75
E00152680,81,39,18,21,42,32,10,48.148148148148145,22.22222222222222,25.925925925925924,51.85185185185185,39.50617283950617,12.345679012345679
E00152681,127,43,16,27,84,64,20,33.85826771653544,12.598425196850393,21.25984251968504,66.14173228346458,50.39370078740157,15.748031496062993
E00153380,151,37,18,19,114,93,21,24.503311258278146,11.920529801324504,12.582781456953644,75.49668874172185,61.58940397350994,13.90728476821192
E00153381,119,29,9,20,90,80,10,24.369747899159663,7.563025210084033,16.80672268907563,75.63025210084034,67.22689075630252,8.403361344537815
E00153382,130,43,19,24,87,74,13,33.07692307692307,14.615384615384617,18.461538461538463,66.92307692307692,56.92307692307692,10
E00153383,111,30,13,17,81,65,16,27.027027027027028,11.711711711711711,15.315315315315313,72.97297297297297,58.55855855855856,14.414414414414415
E00153384,148,49,16,33,99,84,15,33.108108108108105,10.81081081081081,22.2972972972973,66.8918918918919,56.75675675675676,10.135135135135135
E00153385,104,21,5,16,83,67,16,20.192307692307693,4.807692307692308,15.384615384615385,79.8076923076923,64.42307692307693,15.384615384615385
E00153386,153,37,14,23,116,94,22,24.183006535947712,9.15032679738562,15.032679738562091,75.81699346405229,61.43790849673203,14.37908496732026
E00153387,131,42,24,18,89,71,18,32.06106870229007,18.3206106870229,13.740458015267176,67.93893129770993,54.19847328244275,13.740458015267176
E00153388,152,48,15,33,104,81,23,31.57894736842105,9.868421052631579,21.710526315789476,68.42105263157895,53.289473684210535,15.131578947368421
E00153389,125,32,6,26,93,81,12,25.6,4.8,20.8,74.4,64.8,9.6
E00153390,131,36,14,22,95,79,16,27.480916030534353,10.687022900763358,16.793893129770993,72.51908396946564,60.30534351145038,12.213740458015266
E00153391,178,34,8,26,144,121,23,19.101123595505616,4.49438202247191,14.606741573033707,80.89887640449437,67.97752808988764,12.921348314606742
E00153392,103,23,11,12,80,66,14,22.330097087378643,10.679611650485436,11.650485436893204,77.66990291262135,64.07766990291263,13.592233009708737
E00153393,101,26,8,18,75,65,10,25.742574257425744,7.920792079207921,17.82178217821782,74.25742574257426,64.35643564356435,9.900990099009901
E00153394,171,41,16,25,130,103,27,23.976608187134502,9.35672514619883,14.619883040935672,76.0233918128655,60.23391812865497,15.789473684210526
E00153395,109,22,3,19,87,68,19,20.18348623853211,2.7522935779816518,17.431192660550458,79.81651376146789,62.38532110091744,17.431192660550458
E00153396,240,47,26,21,193,132,61,19.583333333333332,10.833333333333334,8.75,80.41666666666667,55.00000000000001,25.416666666666664
E00153397,120,30,12,18,90,77,13,25,10,15,75,64.16666666666667,10.833333333333334
E00153398,104,32,15,17,72,56,16,30.76923076923077,14.423076923076922,16.346153846153847,69.23076923076923,53.84615384615385,15.384615384615385
E00153399,236,95,39,56,141,108,33,40.25423728813559,16.52542372881356,23.728813559322035,59.7457627118644,45.76271186440678,13.983050847457626
E00153400,54,17,5,12,37,25,12,31.48148148148148,9.25925925925926,22.22222222222222,68.51851851851852,46.2962962962963,22.22222222222222
E00153401,136,34,18,16,102,77,25,25,13.23529411764706,11.76470588235294,75,56.61764705882353,18.38235294117647
E00153402,194,61,17,44,133,108,25,31.443298969072163,8.762886597938143,22.68041237113402,68.55670103092784,55.670103092783506,12.886597938144329
E00153403,149,50,15,35,99,79,20,33.557046979865774,10.06711409395973,23.48993288590604,66.44295302013423,53.02013422818792,13.422818791946309
E00153404,61,20,8,12,41,31,10,32.78688524590164,13.114754098360656,19.672131147540984,67.21311475409836,50.81967213114754,16.39344262295082
E00153405,83,34,14,20,49,36,13,40.963855421686745,16.867469879518072,24.096385542168676,59.036144578313255,43.373493975903614,15.66265060240964
E00153406,172,53,15,38,119,97,22,30.813953488372093,8.720930232558139,22.093023255813954,69.18604651162791,56.395348837209305,12.790697674418606
E00153407,75,24,8,16,51,43,8,32,10.666666666666668,21.333333333333336,68,57.333333333333336,10.666666666666668
E00153408,167,57,18,39,110,97,13,34.13173652694611,10.778443113772456,23.353293413173652,65.86826347305389,58.08383233532935,7.784431137724551
E00153409,182,69,23,46,113,101,12,37.91208791208791,12.637362637362637,25.274725274725274,62.08791208791209,55.494505494505496,6.593406593406594
E00153410,116,36,11,25,80,69,11,31.03448275862069,9.482758620689655,21.551724137931032,68.96551724137932,59.48275862068966,9.482758620689655
E00153411,153,48,16,32,105,77,28,31.372549019607842,10.457516339869281,20.915032679738562,68.62745098039215,50.326797385620914,18.30065359477124
E00153412,112,40,17,23,72,60,12,35.714285714285715,15.178571428571427,20.535714285714285,64.28571428571429,53.57142857142857,10.714285714285714
E00153414,46,11,3,8,35,29,6,23.91304347826087,6.521739130434782,17.391304347826086,76.08695652173914,63.04347826086957,13.043478260869565
E00153416,121,47,20,27,74,62,12,38.84297520661157,16.528925619834713,22.31404958677686,61.15702479338842,51.2396694214876,9.917355371900827
E00153417,120,35,12,23,85,66,19,29.166666666666668,10,19.166666666666668,70.83333333333334,55.00000000000001,15.833333333333332
E00153418,132,42,16,26,90,75,15,31.818181818181817,12.121212121212121,19.696969696969695,68.18181818181817,56.81818181818182,11.363636363636363
E00153419,198,58,22,36,140,116,24,29.292929292929294,11.11111111111111,18.181818181818183,70.70707070707071,58.58585858585859,12.121212121212121
E00153420,122,41,12,29,81,69,12,33.60655737704918,9.836065573770492,23.770491803278688,66.39344262295081,56.557377049180324,9.836065573770492
E00153421,276,78,26,52,198,155,43,28.26086956521739,9.420289855072465,18.84057971014493,71.73913043478261,56.15942028985508,15.579710144927535
E00153422,189,59,19,40,130,109,21,31.216931216931215,10.052910052910052,21.164021164021165,68.78306878306879,57.67195767195767,11.11111111111111
E00153423,66,30,10,20,36,31,5,45.45454545454545,15.151515151515152,30.303030303030305,54.54545454545454,46.96969696969697,7.575757575757576
E00153424,144,54,22,32,90,69,21,37.5,15.277777777777779,22.22222222222222,62.5,47.91666666666667,14.583333333333334
E00153425,82,36,18,18,46,34,12,43.90243902439025,21.951219512195124,21.951219512195124,56.09756097560976,41.46341463414634,14.634146341463413
E00153426,136,44,15,29,92,73,19,32.35294117647059,11.029411764705882,21.323529411764707,67.64705882352942,53.67647058823529,13.970588235294118
E00153427,116,48,24,24,68,60,8,41.37931034482759,20.689655172413794,20.689655172413794,58.620689655172406,51.724137931034484,6.896551724137931
E00153428,78,29,12,17,49,36,13,37.17948717948718,15.384615384615385,21.794871794871796,62.82051282051282,46.15384615384615,16.666666666666664
E00153429,104,34,16,18,70,56,14,32.69230769230769,15.384615384615385,17.307692307692307,67.3076923076923,53.84615384615385,13.461538461538462
E00153430,109,46,19,27,63,44,19,42.201834862385326,17.431192660550458,24.770642201834864,57.798165137614674,40.36697247706422,17.431192660550458
E00153431,50,11,3,8,39,29,10,22,6,16,78,57.99999999999999,20
E00153432,55,18,9,9,37,24,13,32.72727272727273,16.363636363636363,16.363636363636363,67.27272727272727,43.63636363636363,23.636363636363637
E00153433,90,29,10,19,61,46,15,32.22222222222222,11.11111111111111,21.11111111111111,67.77777777777779,51.11111111111111,16.666666666666664
E00153434,112,46,18,28,66,54,12,41.07142857142857,16.071428571428573,25,58.92857142857143,48.214285714285715,10.714285714285714
E00153435,68,24,6,18,44,38,6,35.294117647058826,8.823529411764707,26.47058823529412,64.70588235294117,55.88235294117647,8.823529411764707
E00153436,178,55,21,34,123,93,30,30.89887640449438,11.797752808988763,19.101123595505616,69.10112359550563,52.24719101123596,16.853932584269664
E00153437,79,24,8,16,55,50,5,30.37974683544304,10.126582278481013,20.253164556962027,69.62025316455697,63.29113924050633,6.329113924050633
E00153438,157,54,24,30,103,78,25,34.394904458598724,15.286624203821656,19.10828025477707,65.60509554140127,49.681528662420384,15.92356687898089
E00153439,123,49,17,32,74,55,19,39.83739837398374,13.821138211382115,26.01626016260163,60.16260162601627,44.71544715447154,15.447154471544716
E00153440,128,46,23,23,82,58,24,35.9375,17.96875,17.96875,64.0625,45.3125,18.75
E00153441,68,16,7,9,52,38,14,23.52941176470588,10.294117647058822,13.23529411764706,76.47058823529412,55.88235294117647,20.588235294117645
E00153442,215,85,40,45,130,92,38,39.53488372093023,18.6046511627907,20.930232558139537,60.46511627906976,42.7906976744186,17.674418604651162
E00153443,105,38,15,23,67,54,13,36.19047619047619,14.285714285714285,21.904761904761905,63.8095238095238,51.42857142857142,12.380952380952381
E00153444,144,46,18,28,98,77,21,31.944444444444443,12.5,19.444444444444446,68.05555555555556,53.47222222222222,14.583333333333334
E00153445,97,35,17,18,62,49,13,36.08247422680412,17.525773195876287,18.556701030927837,63.91752577319587,50.51546391752577,13.402061855670103
E00153446,175,43,12,31,132,114,18,24.571428571428573,6.857142857142858,17.71428571428571,75.42857142857143,65.14285714285715,10.285714285714285
E00153447,121,42,14,28,79,66,13,34.710743801652896,11.570247933884298,23.140495867768596,65.28925619834712,54.54545454545454,10.743801652892563
E00153448,245,82,32,50,163,127,36,33.46938775510204,13.061224489795919,20.408163265306122,66.53061224489795,51.83673469387755,14.69387755102041
E00153449,108,39,17,22,69,52,17,36.11111111111111,15.74074074074074,20.37037037037037,63.888888888888886,48.148148148148145,15.74074074074074
E00153450,172,36,8,28,136,113,23,20.930232558139537,4.651162790697675,16.27906976744186,79.06976744186046,65.69767441860465,13.372093023255813
E00153451,109,28,12,16,81,56,25,25.688073394495415,11.009174311926607,14.678899082568808,74.31192660550458,51.37614678899083,22.93577981651376
E00153452,54,13,3,10,41,34,7,24.074074074074073,5.555555555555555,18.51851851851852,75.92592592592592,62.96296296296296,12.962962962962962
E00153454,113,32,13,19,81,60,21,28.31858407079646,11.504424778761061,16.8141592920354,71.68141592920354,53.09734513274337,18.58407079646018
E00153455,86,19,7,12,67,52,15,22.093023255813954,8.13953488372093,13.953488372093023,77.90697674418605,60.46511627906976,17.441860465116278
E00153456,78,28,10,18,50,47,3,35.8974358974359,12.82051282051282,23.076923076923077,64.1025641025641,60.256410256410255,3.8461538461538463
E00153457,141,26,9,17,115,91,24,18.439716312056735,6.382978723404255,12.056737588652481,81.56028368794325,64.53900709219859,17.02127659574468
E00153458,124,33,10,23,91,69,22,26.61290322580645,8.064516129032258,18.548387096774192,73.38709677419355,55.64516129032258,17.741935483870968
E00153459,212,43,22,21,169,136,33,20.28301886792453,10.377358490566039,9.90566037735849,79.71698113207547,64.15094339622641,15.566037735849056
E00153462,126,42,18,24,84,63,21,33.33333333333333,14.285714285714285,19.047619047619047,66.66666666666666,50,16.666666666666664
E00153463,102,38,11,27,64,50,14,37.254901960784316,10.784313725490197,26.47058823529412,62.745098039215684,49.01960784313725,13.725490196078432
E00153464,106,37,13,24,69,53,16,34.90566037735849,12.264150943396226,22.641509433962266,65.09433962264151,50,15.09433962264151
E00153465,150,48,18,30,102,87,15,32,12,20,68,57.99999999999999,10
E00153466,133,46,16,30,87,65,22,34.58646616541353,12.030075187969924,22.55639097744361,65.41353383458647,48.87218045112782,16.541353383458645
E00153467,130,45,17,28,85,69,16,34.61538461538461,13.076923076923078,21.53846153846154,65.38461538461539,53.07692307692308,12.307692307692308
E00153469,114,42,20,22,72,57,15,36.84210526315789,17.543859649122805,19.298245614035086,63.1578947368421,50,13.157894736842104
E00153470,96,28,10,18,68,55,13,29.166666666666668,10.416666666666668,18.75,70.83333333333334,57.291666666666664,13.541666666666666
E00153471,130,49,17,32,81,61,20,37.69230769230769,13.076923076923078,24.615384615384617,62.30769230769231,46.92307692307692,15.384615384615385
E00153472,151,43,15,28,108,91,17,28.47682119205298,9.933774834437086,18.543046357615893,71.52317880794702,60.264900662251655,11.258278145695364
E00153473,142,45,15,30,97,84,13,31.690140845070424,10.56338028169014,21.12676056338028,68.30985915492957,59.154929577464785,9.15492957746479
E00153474,172,49,13,36,123,112,11,28.488372093023255,7.55813953488372,20.930232558139537,71.51162790697676,65.11627906976744,6.395348837209303
E00153475,180,43,12,31,137,119,18,23.88888888888889,6.666666666666667,17.22222222222222,76.11111111111111,66.11111111111111,10
E00153476,173,49,13,36,124,113,11,28.32369942196532,7.514450867052023,20.809248554913296,71.67630057803468,65.3179190751445,6.358381502890173
E00153477,165,45,14,31,120,102,18,27.27272727272727,8.484848484848486,18.787878787878785,72.72727272727273,61.81818181818181,10.909090909090908
E00153478,161,37,10,27,124,106,18,22.981366459627328,6.211180124223603,16.77018633540373,77.01863354037268,65.83850931677019,11.180124223602485
E00153479,187,42,12,30,145,124,21,22.459893048128343,6.417112299465241,16.042780748663102,77.54010695187165,66.31016042780749,11.229946524064172
E00153480,163,49,14,35,114,96,18,30.061349693251532,8.588957055214724,21.472392638036812,69.93865030674846,58.895705521472394,11.042944785276074
E00153481,173,40,10,30,133,116,17,23.121387283236995,5.780346820809249,17.341040462427745,76.878612716763,67.05202312138728,9.826589595375722
E00153483,193,42,9,33,151,133,18,21.761658031088082,4.66321243523316,17.098445595854923,78.23834196891191,68.9119170984456,9.32642487046632
E00153484,134,46,14,32,88,74,14,34.32835820895522,10.44776119402985,23.88059701492537,65.67164179104478,55.223880597014926,10.44776119402985
E00153485,167,38,13,25,129,101,28,22.75449101796407,7.784431137724551,14.97005988023952,77.24550898203593,60.47904191616767,16.766467065868262
E00153487,160,51,16,35,109,90,19,31.874999999999996,10,21.875,68.125,56.25,11.875
E00153488,145,47,15,32,98,85,13,32.41379310344827,10.344827586206897,22.06896551724138,67.58620689655173,58.620689655172406,8.96551724137931
E00153489,139,41,13,28,98,83,15,29.496402877697843,9.352517985611511,20.14388489208633,70.50359712230215,59.71223021582733,10.79136690647482
E00153490,153,40,14,26,113,94,19,26.143790849673206,9.15032679738562,16.99346405228758,73.8562091503268,61.43790849673203,12.418300653594772
E00153491,176,69,20,49,107,99,8,39.20454545454545,11.363636363636363,27.84090909090909,60.79545454545454,56.25,4.545454545454546
E00153492,204,42,11,31,162,141,21,20.588235294117645,5.392156862745098,15.196078431372548,79.41176470588235,69.11764705882352,10.294117647058822
E00153493,169,45,17,28,124,104,20,26.627218934911244,10.059171597633137,16.56804733727811,73.37278106508876,61.53846153846154,11.834319526627219
E00153494,151,36,9,27,115,101,14,23.841059602649008,5.960264900662252,17.880794701986755,76.15894039735099,66.88741721854305,9.271523178807946
E00153496,180,43,11,32,137,120,17,23.88888888888889,6.111111111111111,17.77777777777778,76.11111111111111,66.66666666666666,9.444444444444445
E00153497,202,58,20,38,144,129,15,28.71287128712871,9.900990099009901,18.81188118811881,71.28712871287128,63.86138613861386,7.425742574257425
E00153498,155,37,10,27,118,101,17,23.870967741935484,6.451612903225806,17.419354838709676,76.12903225806451,65.16129032258064,10.967741935483872
E00153499,190,61,20,41,129,106,23,32.10526315789474,10.526315789473683,21.578947368421055,67.89473684210526,55.78947368421052,12.105263157894736
E00153500,160,42,12,30,118,104,14,26.25,7.5,18.75,73.75,65,8.75
E00153501,210,47,16,31,163,139,24,22.380952380952383,7.6190476190476195,14.761904761904763,77.61904761904762,66.19047619047619,11.428571428571429
E00153502,145,45,19,26,100,88,12,31.03448275862069,13.10344827586207,17.93103448275862,68.96551724137932,60.689655172413794,8.275862068965518
E00153503,285,72,24,48,213,188,25,25.263157894736842,8.421052631578947,16.842105263157894,74.73684210526315,65.96491228070175,8.771929824561402
E00153504,96,24,5,19,72,65,7,25,5.208333333333334,19.791666666666664,75,67.70833333333334,7.291666666666667
E00153506,126,31,8,23,95,80,15,24.6031746031746,6.349206349206349,18.253968253968253,75.39682539682539,63.49206349206349,11.904761904761903
E00153507,105,28,6,22,77,63,14,26.666666666666668,5.714285714285714,20.952380952380953,73.33333333333333,60,13.333333333333334
E00153508,149,46,12,34,103,91,12,30.87248322147651,8.053691275167784,22.818791946308725,69.12751677852349,61.07382550335571,8.053691275167784
E00153509,138,36,5,31,102,93,9,26.08695652173913,3.6231884057971016,22.463768115942027,73.91304347826086,67.3913043478261,6.521739130434782
E00153510,116,27,9,18,89,78,11,23.275862068965516,7.758620689655173,15.517241379310345,76.72413793103449,67.24137931034483,9.482758620689655
E00153511,153,37,9,28,116,95,21,24.183006535947712,5.88235294117647,18.30065359477124,75.81699346405229,62.091503267973856,13.725490196078432
E00153512,134,36,8,28,98,89,9,26.865671641791046,5.970149253731343,20.8955223880597,73.13432835820896,66.4179104477612,6.7164179104477615
E00153513,124,36,15,21,88,74,14,29.03225806451613,12.096774193548388,16.93548387096774,70.96774193548387,59.67741935483871,11.29032258064516
E00153514,126,36,15,21,90,86,4,28.57142857142857,11.904761904761903,16.666666666666664,71.42857142857143,68.25396825396825,3.1746031746031744
E00153516,150,41,10,31,109,96,13,27.333333333333332,6.666666666666667,20.666666666666668,72.66666666666667,64,8.666666666666668
E00153517,224,53,17,36,171,146,25,23.660714285714285,7.5892857142857135,16.071428571428573,76.33928571428571,65.17857142857143,11.160714285714286
E00153518,171,49,19,30,122,109,13,28.654970760233915,11.11111111111111,17.543859649122805,71.34502923976608,63.74269005847953,7.602339181286549
E00153519,155,38,10,28,117,102,15,24.516129032258064,6.451612903225806,18.064516129032256,75.48387096774194,65.80645161290323,9.67741935483871
E00153520,173,49,11,38,124,105,19,28.32369942196532,6.358381502890173,21.965317919075144,71.67630057803468,60.69364161849711,10.982658959537572
E00153521,225,74,22,52,151,135,16,32.88888888888889,9.777777777777779,23.11111111111111,67.11111111111111,60,7.111111111111111
E00153522,190,62,15,47,128,113,15,32.631578947368425,7.894736842105263,24.736842105263158,67.36842105263158,59.473684210526315,7.894736842105263
E00153523,189,47,19,28,142,130,12,24.867724867724867,10.052910052910052,14.814814814814813,75.13227513227513,68.78306878306879,6.349206349206349
E00153524,155,44,17,27,111,102,9,28.387096774193548,10.967741935483872,17.419354838709676,71.61290322580646,65.80645161290323,5.806451612903226
E00153525,149,24,4,20,125,110,15,16.10738255033557,2.684563758389262,13.422818791946309,83.89261744966443,73.8255033557047,10.06711409395973
E00153526,169,37,7,30,132,101,31,21.893491124260358,4.142011834319527,17.75147928994083,78.10650887573965,59.76331360946746,18.34319526627219
E00153527,188,61,21,40,127,117,10,32.4468085106383,11.170212765957446,21.27659574468085,67.5531914893617,62.23404255319149,5.319148936170213
E00153528,216,59,20,39,157,129,28,27.314814814814813,9.25925925925926,18.055555555555554,72.68518518518519,59.72222222222222,12.962962962962962
E00153529,112,35,11,24,77,69,8,31.25,9.821428571428571,21.428571428571427,68.75,61.60714285714286,7.142857142857142
E00153530,139,46,17,29,93,80,13,33.093525179856115,12.23021582733813,20.863309352517987,66.90647482014388,57.55395683453237,9.352517985611511
E00153531,231,68,16,52,163,144,19,29.43722943722944,6.926406926406926,22.51082251082251,70.56277056277057,62.33766233766234,8.225108225108226
E00153532,267,68,14,54,199,181,18,25.468164794007492,5.2434456928838955,20.224719101123593,74.53183520599251,67.79026217228464,6.741573033707865
E00153533,205,56,13,43,149,126,23,27.31707317073171,6.341463414634147,20.975609756097562,72.6829268292683,61.46341463414634,11.219512195121952
E00153534,138,42,8,34,96,83,13,30.434782608695656,5.797101449275362,24.637681159420293,69.56521739130434,60.14492753623188,9.420289855072465
E00153535,120,35,12,23,85,80,5,29.166666666666668,10,19.166666666666668,70.83333333333334,66.66666666666666,4.166666666666666
E00153536,127,26,5,21,101,89,12,20.47244094488189,3.937007874015748,16.535433070866144,79.52755905511812,70.07874015748031,9.448818897637794
E00153537,181,37,11,26,144,123,21,20.441988950276244,6.077348066298343,14.3646408839779,79.55801104972376,67.95580110497238,11.602209944751381
E00153538,276,72,29,43,204,176,28,26.08695652173913,10.507246376811594,15.579710144927535,73.91304347826086,63.76811594202898,10.144927536231885
E00153539,216,65,20,45,151,138,13,30.09259259259259,9.25925925925926,20.833333333333336,69.9074074074074,63.888888888888886,6.018518518518518
E00153540,155,41,12,29,114,100,14,26.451612903225808,7.741935483870968,18.70967741935484,73.54838709677419,64.51612903225806,9.032258064516128
E00153542,114,46,13,33,68,54,14,40.35087719298245,11.403508771929824,28.947368421052634,59.64912280701754,47.368421052631575,12.280701754385964
E00153543,139,25,7,18,114,99,15,17.985611510791365,5.0359712230215825,12.949640287769784,82.01438848920863,71.22302158273382,10.79136690647482
E00153544,188,50,17,33,138,118,20,26.595744680851062,9.042553191489363,17.5531914893617,73.40425531914893,62.76595744680851,10.638297872340425
E00153545,161,42,14,28,119,100,19,26.08695652173913,8.695652173913043,17.391304347826086,73.91304347826086,62.11180124223602,11.801242236024844
E00153546,119,35,15,20,84,63,21,29.411764705882355,12.605042016806722,16.80672268907563,70.58823529411765,52.94117647058824,17.647058823529413
E00153547,153,49,17,32,104,79,25,32.02614379084967,11.11111111111111,20.915032679738562,67.97385620915033,51.633986928104584,16.33986928104575
E00153548,129,40,18,22,89,62,27,31.007751937984494,13.953488372093023,17.05426356589147,68.9922480620155,48.06201550387597,20.930232558139537
E00153549,177,60,26,34,117,96,21,33.89830508474576,14.689265536723164,19.2090395480226,66.10169491525424,54.23728813559322,11.864406779661017
E00153550,158,50,17,33,108,88,20,31.645569620253166,10.759493670886076,20.88607594936709,68.35443037974683,55.69620253164557,12.658227848101266
E00153551,79,33,14,19,46,30,16,41.77215189873418,17.72151898734177,24.050632911392405,58.22784810126582,37.9746835443038,20.253164556962027
E00153552,52,17,4,13,35,30,5,32.69230769230769,7.6923076923076925,25,67.3076923076923,57.692307692307686,9.615384615384617
E00153553,121,41,14,27,80,69,11,33.88429752066116,11.570247933884298,22.31404958677686,66.11570247933885,57.02479338842975,9.090909090909092
E00153554,127,37,13,24,90,81,9,29.133858267716533,10.236220472440944,18.89763779527559,70.86614173228347,63.77952755905512,7.086614173228346
E00153556,119,42,16,26,77,65,12,35.294117647058826,13.445378151260504,21.84873949579832,64.70588235294117,54.621848739495796,10.084033613445378
E00153557,122,46,22,24,76,65,11,37.704918032786885,18.0327868852459,19.672131147540984,62.295081967213115,53.278688524590166,9.01639344262295
E00153558,109,29,8,21,80,67,13,26.605504587155966,7.339449541284404,19.26605504587156,73.39449541284404,61.46788990825688,11.926605504587156
E00153559,285,87,34,53,198,164,34,30.526315789473685,11.929824561403509,18.596491228070175,69.47368421052632,57.54385964912281,11.929824561403509
E00153560,56,19,9,10,37,25,12,33.92857142857143,16.071428571428573,17.857142857142858,66.07142857142857,44.642857142857146,21.428571428571427
E00153561,191,64,26,38,127,105,22,33.50785340314136,13.612565445026178,19.895287958115183,66.49214659685863,54.973821989528794,11.518324607329843
E00153562,203,67,21,46,136,115,21,33.004926108374384,10.344827586206897,22.660098522167488,66.99507389162561,56.65024630541872,10.344827586206897
E00153563,170,54,14,40,116,93,23,31.76470588235294,8.235294117647058,23.52941176470588,68.23529411764706,54.70588235294118,13.529411764705882
E00153564,135,48,24,24,87,64,23,35.55555555555556,17.77777777777778,17.77777777777778,64.44444444444444,47.40740740740741,17.037037037037038
E00153565,121,33,11,22,88,71,17,27.27272727272727,9.090909090909092,18.181818181818183,72.72727272727273,58.67768595041323,14.049586776859504
E00153566,110,42,10,32,68,56,12,38.18181818181819,9.090909090909092,29.09090909090909,61.81818181818181,50.90909090909091,10.909090909090908
E00153567,122,36,11,25,86,78,8,29.508196721311474,9.01639344262295,20.491803278688526,70.49180327868852,63.934426229508205,6.557377049180328
E00153568,66,23,7,16,43,33,10,34.84848484848485,10.606060606060606,24.242424242424242,65.15151515151516,50,15.151515151515152
E00153569,143,53,20,33,90,78,12,37.06293706293706,13.986013986013987,23.076923076923077,62.93706293706294,54.54545454545454,8.391608391608392
E00153570,237,80,28,52,157,130,27,33.755274261603375,11.814345991561181,21.940928270042196,66.24472573839662,54.85232067510548,11.39240506329114
E00153571,145,46,17,29,99,81,18,31.724137931034484,11.724137931034482,20,68.27586206896552,55.86206896551724,12.413793103448276
E00153572,150,43,10,33,107,96,11,28.666666666666668,6.666666666666667,22,71.33333333333334,64,7.333333333333333
E00153573,139,40,15,25,99,90,9,28.776978417266186,10.79136690647482,17.985611510791365,71.22302158273382,64.74820143884892,6.474820143884892
E00153574,175,55,18,37,120,100,20,31.428571428571427,10.285714285714285,21.142857142857142,68.57142857142857,57.14285714285714,11.428571428571429
E00153575,198,50,10,40,148,123,25,25.252525252525253,5.05050505050505,20.2020202020202,74.74747474747475,62.121212121212125,12.626262626262626
E00153576,103,37,13,24,66,55,11,35.92233009708738,12.62135922330097,23.300970873786408,64.07766990291263,53.398058252427184,10.679611650485436
E00153577,96,35,18,17,61,52,9,36.45833333333333,18.75,17.708333333333336,63.541666666666664,54.166666666666664,9.375
E00153578,99,30,6,24,69,55,14,30.303030303030305,6.0606060606060606,24.242424242424242,69.6969696969697,55.55555555555556,14.14141414141414
E00153579,108,40,12,28,68,62,6,37.03703703703704,11.11111111111111,25.925925925925924,62.96296296296296,57.407407407407405,5.555555555555555
E00153580,127,46,13,33,81,76,5,36.22047244094488,10.236220472440944,25.984251968503933,63.77952755905512,59.84251968503938,3.937007874015748
E00153581,137,65,21,44,72,61,11,47.44525547445255,15.328467153284672,32.11678832116788,52.55474452554745,44.52554744525548,8.02919708029197
E00153582,133,39,12,27,94,86,8,29.32330827067669,9.022556390977442,20.30075187969925,70.67669172932331,64.66165413533834,6.015037593984962
E00153583,136,54,16,38,82,71,11,39.705882352941174,11.76470588235294,27.941176470588236,60.29411764705882,52.20588235294118,8.088235294117647
E00153584,126,40,14,26,86,75,11,31.746031746031743,11.11111111111111,20.634920634920633,68.25396825396825,59.523809523809526,8.73015873015873
E00153585,144,32,11,21,112,96,16,22.22222222222222,7.638888888888889,14.583333333333334,77.77777777777779,66.66666666666666,11.11111111111111
E00153586,121,34,13,21,87,69,18,28.09917355371901,10.743801652892563,17.355371900826448,71.900826446281,57.02479338842975,14.87603305785124
E00153587,94,28,10,18,66,59,7,29.78723404255319,10.638297872340425,19.148936170212767,70.2127659574468,62.76595744680851,7.446808510638298
E00153588,139,48,17,31,91,79,12,34.53237410071942,12.23021582733813,22.302158273381295,65.46762589928058,56.83453237410072,8.633093525179856
E00153589,117,45,15,30,72,66,6,38.46153846153847,12.82051282051282,25.64102564102564,61.53846153846154,56.41025641025641,5.128205128205128
E00153590,99,29,12,17,70,53,17,29.292929292929294,12.121212121212121,17.17171717171717,70.70707070707071,53.535353535353536,17.17171717171717
E00153591,189,54,19,35,135,112,23,28.57142857142857,10.052910052910052,18.51851851851852,71.42857142857143,59.25925925925925,12.16931216931217
E00153592,219,56,22,34,163,134,29,25.570776255707763,10.045662100456621,15.52511415525114,74.42922374429224,61.18721461187214,13.24200913242009
E00153594,317,89,33,56,228,186,42,28.075709779179807,10.410094637223976,17.665615141955836,71.92429022082018,58.67507886435332,13.249211356466878
E00153595,160,50,16,34,110,96,14,31.25,10,21.25,68.75,60,8.75
E00153596,195,44,13,31,151,124,27,22.564102564102566,6.666666666666667,15.897435897435896,77.435897435897445,63.589743589743584,13.846153846153847
E00153597,177,52,20,32,125,107,18,29.37853107344633,11.299435028248588,18.07909604519774,70.62146892655367,60.451977401129945,10.16949152542373
E00153598,151,36,9,27,115,105,10,23.841059602649008,5.960264900662252,17.880794701986755,76.15894039735099,69.5364238410596,6.622516556291391
E00153599,181,41,14,27,140,122,18,22.65193370165746,7.734806629834254,14.917127071823206,77.34806629834254,67.40331491712708,9.94475138121547
E00153600,88,19,4,15,69,59,10,21.59090909090909,4.545454545454546,17.045454545454543,78.4090909090909,67.04545454545455,11.363636363636363
E00153601,173,53,14,39,120,101,19,30.63583815028902,8.092485549132949,22.54335260115607,69.36416184971098,58.38150289017341,10.982658959537572
E00153602,236,72,27,45,164,143,21,30.508474576271187,11.440677966101696,19.06779661016949,69.49152542372882,60.59322033898306,8.898305084745763
E00153603,143,49,25,24,94,82,12,34.26573426573427,17.482517482517483,16.783216783216783,65.73426573426573,57.34265734265735,8.391608391608392
E00153604,120,35,10,25,85,73,12,29.166666666666668,8.333333333333332,20.833333333333336,70.83333333333334,60.83333333333333,10
E00153605,131,43,14,29,88,75,13,32.82442748091603,10.687022900763358,22.137404580152673,67.17557251908397,57.25190839694656,9.923664122137405
E00153606,152,42,12,30,110,88,22,27.631578947368425,7.894736842105263,19.736842105263158,72.36842105263158,57.89473684210527,14.473684210526317
E00153607,124,39,15,24,85,74,11,31.451612903225808,12.096774193548388,19.35483870967742,68.54838709677419,59.67741935483871,8.870967741935484
E00153608,149,41,17,24,108,92,16,27.516778523489933,11.409395973154362,16.10738255033557,72.48322147651007,61.74496644295302,10.738255033557047
E00153609,143,46,22,24,97,81,16,32.16783216783217,15.384615384615385,16.783216783216783,67.83216783216784,56.64335664335665,11.188811188811188
E00153610,134,50,17,33,84,74,10,37.3134328358209,12.686567164179104,24.62686567164179,62.68656716417911,55.223880597014926,7.462686567164178
E00153611,194,70,31,39,124,98,26,36.08247422680412,15.979381443298967,20.103092783505154,63.91752577319587,50.51546391752577,13.402061855670103
E00153612,170,66,26,40,104,88,16,38.82352941176471,15.294117647058824,23.52941176470588,61.1764705882353,51.76470588235295,9.411764705882353
E00153613,157,51,21,30,106,92,14,32.48407643312102,13.375796178343949,19.10828025477707,67.51592356687898,58.59872611464968,8.9171974522293
E00153614,95,35,9,26,60,49,11,36.84210526315789,9.473684210526317,27.368421052631582,63.1578947368421,51.578947368421055,11.578947368421053
E00153615,155,46,14,32,109,102,7,29.677419354838708,9.032258064516128,20.64516129032258,70.3225806451613,65.80645161290323,4.516129032258064
E00153616,126,52,18,34,74,54,20,41.269841269841265,14.285714285714285,26.984126984126984,58.730158730158735,42.857142857142854,15.873015873015872
E00153618,113,31,7,24,82,69,13,27.43362831858407,6.1946902654867255,21.238938053097346,72.56637168141593,61.06194690265486,11.504424778761061
E00153619,144,56,22,34,88,74,14,38.88888888888889,15.277777777777779,23.61111111111111,61.111111111111114,51.388888888888886,9.722222222222223
E00153620,151,40,19,21,111,83,28,26.490066225165563,12.582781456953644,13.90728476821192,73.50993377483444,54.966887417218544,18.543046357615893
E00153621,91,21,6,15,70,41,29,23.076923076923077,6.593406593406594,16.483516483516482,76.92307692307693,45.05494505494506,31.868131868131865
E00153622,63,15,4,11,48,38,10,23.809523809523807,6.349206349206349,17.46031746031746,76.19047619047619,60.317460317460316,15.873015873015872
E00153623,194,57,31,26,137,112,25,29.381443298969074,15.979381443298967,13.402061855670103,70.61855670103093,57.73195876288659,12.886597938144329
E00153624,182,75,27,48,107,87,20,41.208791208791204,14.835164835164836,26.373626373626376,58.791208791208796,47.8021978021978,10.989010989010989
E00153625,238,58,31,27,180,119,61,24.369747899159663,13.025210084033615,11.344537815126051,75.63025210084034,50,25.630252100840334
E00153626,63,23,6,17,40,31,9,36.507936507936506,9.523809523809524,26.984126984126984,63.49206349206349,49.2063492063492,14.285714285714285
E00153627,94,41,14,27,53,42,11,43.61702127659575,14.893617021276595,28.723404255319153,56.38297872340425,44.680851063829785,11.702127659574469
E00153628,242,69,29,40,173,131,42,28.512396694214875,11.983471074380166,16.528925619834713,71.48760330578511,54.132231404958674,17.355371900826448
E00153629,155,50,19,31,105,88,17,32.25806451612903,12.258064516129032,20,67.74193548387096,56.774193548387096,10.967741935483872
E00153630,204,68,23,45,136,114,22,33.33333333333333,11.27450980392157,22.058823529411764,66.66666666666666,55.88235294117647,10.784313725490197
E00153631,172,62,28,34,110,81,29,36.04651162790697,16.27906976744186,19.767441860465116,63.95348837209303,47.093023255813954,16.86046511627907
E00153632,102,28,8,20,74,57,17,27.450980392156865,7.8431372549019605,19.607843137254903,72.54901960784314,55.88235294117647,16.666666666666664
E00153633,171,50,18,32,121,106,15,29.239766081871345,10.526315789473683,18.71345029239766,70.76023391812866,61.98830409356725,8.771929824561402
E00153634,181,51,18,33,130,111,19,28.176795580110497,9.94475138121547,18.23204419889503,71.8232044198895,61.32596685082873,10.497237569060774
E00153635,135,43,15,28,92,70,22,31.851851851851855,11.11111111111111,20.74074074074074,68.14814814814815,51.85185185185185,16.296296296296298
E00153636,120,30,10,20,90,72,18,25,8.333333333333332,16.666666666666664,75,60,15
E00153637,158,53,17,36,105,89,16,33.54430379746836,10.759493670886076,22.78481012658228,66.45569620253164,56.32911392405063,10.126582278481013
E00153638,130,28,8,20,102,82,20,21.53846153846154,6.153846153846154,15.384615384615385,78.46153846153847,63.07692307692307,15.384615384615385
E00153639,114,42,19,23,72,60,12,36.84210526315789,16.666666666666664,20.175438596491226,63.1578947368421,52.63157894736842,10.526315789473683
E00153640,161,61,19,42,100,88,12,37.88819875776397,11.801242236024844,26.08695652173913,62.11180124223602,54.6583850931677,7.453416149068323
E00153641,212,53,24,29,159,132,27,25,11.320754716981133,13.679245283018867,75,62.264150943396224,12.735849056603774
E00153642,136,32,8,24,104,92,12,23.52941176470588,5.88235294117647,17.647058823529413,76.47058823529412,67.64705882352942,8.823529411764707
E00153644,172,40,16,24,132,121,11,23.25581395348837,9.30232558139535,13.953488372093023,76.74418604651163,70.34883720930233,6.395348837209303
E00153645,120,29,9,20,91,79,12,24.166666666666668,7.5,16.666666666666664,75.83333333333333,65.83333333333333,10
E00153646,106,27,11,16,79,65,14,25.471698113207548,10.377358490566039,15.09433962264151,74.52830188679245,61.32075471698113,13.20754716981132
E00153648,91,30,11,19,61,47,14,32.967032967032964,12.087912087912088,20.87912087912088,67.03296703296702,51.64835164835166,15.384615384615385
E00153649,163,47,17,30,116,81,35,28.834355828220858,10.429447852760736,18.404907975460123,71.16564417177914,49.693251533742334,21.472392638036812
E00153650,71,29,11,18,42,36,6,40.845070422535215,15.492957746478872,25.352112676056336,59.154929577464785,50.70422535211267,8.450704225352112
E00153651,198,72,30,42,126,104,22,36.36363636363637,15.151515151515152,21.21212121212121,63.63636363636363,52.52525252525253,11.11111111111111
E00153652,187,58,22,36,129,101,28,31.016042780748666,11.76470588235294,19.25133689839572,68.98395721925134,54.01069518716578,14.973262032085561
E00153653,153,61,26,35,92,69,23,39.869281045751634,16.99346405228758,22.875816993464053,60.130718954248366,45.09803921568628,15.032679738562091
E00153654,148,45,17,28,103,82,21,30.405405405405407,11.486486486486488,18.91891891891892,69.5945945945946,55.4054054054054,14.18918918918919
E00153655,147,56,20,36,91,80,11,38.095238095238095,13.60544217687075,24.489795918367346,61.904761904761905,54.421768707483,7.482993197278912
E00153656,106,29,12,17,77,62,15,27.358490566037734,11.320754716981133,16.037735849056602,72.64150943396226,58.490566037735846,14.150943396226415
E00153657,124,33,6,27,91,78,13,26.61290322580645,4.838709677419355,21.774193548387096,73.38709677419355,62.903225806451616,10.483870967741936
E00153658,96,27,9,18,69,57,12,28.125,9.375,18.75,71.875,59.375,12.5
E00153659,141,42,15,27,99,88,11,29.78723404255319,10.638297872340425,19.148936170212767,70.2127659574468,62.4113475177305,7.801418439716312
E00153660,163,52,20,32,111,98,13,31.901840490797547,12.269938650306749,19.631901840490798,68.09815950920245,60.122699386503065,7.975460122699387
E00153661,175,56,25,31,119,104,15,32,14.285714285714285,17.71428571428571,68,59.42857142857143,8.571428571428571
E00153662,199,54,11,43,145,132,13,27.1356783919598,5.527638190954774,21.608040201005025,72.8643216080402,66.33165829145729,6.532663316582915
E00153663,145,46,17,29,99,87,12,31.724137931034484,11.724137931034482,20,68.27586206896552,60,8.275862068965518
E00153664,202,69,26,43,133,113,20,34.15841584158416,12.871287128712872,21.287128712871286,65.84158415841584,55.940594059405946,9.900990099009901
E00153665,188,65,16,49,123,105,18,34.57446808510639,8.51063829787234,26.063829787234045,65.42553191489363,55.85106382978723,9.574468085106384
E00153666,153,52,15,37,101,90,11,33.98692810457516,9.803921568627452,24.183006535947712,66.01307189542483,58.82352941176471,7.18954248366013
E00153667,167,44,9,35,123,109,14,26.34730538922156,5.389221556886228,20.958083832335326,73.65269461077844,65.26946107784431,8.383233532934131
E00153668,84,29,9,20,55,55,0,34.523809523809526,10.714285714285714,23.809523809523807,65.47619047619048,65.47619047619048,0
E00153669,150,43,15,28,107,98,9,28.666666666666668,10,18.666666666666668,71.33333333333334,65.33333333333333,6
E00153670,118,38,13,25,80,70,10,32.20338983050847,11.016949152542372,21.1864406779661,67.79661016949152,59.32203389830508,8.47457627118644
E00153671,177,45,9,36,132,118,14,25.423728813559322,5.084745762711865,20.33898305084746,74.57627118644068,66.66666666666666,7.909604519774012
E00153672,128,34,11,23,94,86,8,26.5625,8.59375,17.96875,73.4375,67.1875,6.25
E00153673,127,40,7,33,87,75,12,31.496062992125985,5.511811023622047,25.984251968503933,68.50393700787401,59.055118110236215,9.448818897637794
E00153674,118,38,11,27,80,64,16,32.20338983050847,9.322033898305085,22.88135593220339,67.79661016949152,54.23728813559322,13.559322033898304
E00153675,80,23,7,16,57,46,11,28.749999999999996,8.75,20,71.25,57.49999999999999,13.750000000000002
E00153676,100,29,10,19,71,66,5,28.999999999999996,10,19,71,66,5
E00153677,161,59,23,36,102,84,18,36.64596273291926,14.285714285714285,22.36024844720497,63.35403726708074,52.17391304347826,11.180124223602485
E00153678,167,50,19,31,117,100,17,29.94011976047904,11.377245508982035,18.562874251497004,70.05988023952095,59.88023952095808,10.179640718562874
E00153679,175,36,17,19,139,118,21,20.57142857142857,9.714285714285714,10.857142857142858,79.42857142857143,67.42857142857143,12
E00153680,165,43,12,31,122,102,20,26.060606060606062,7.2727272727272725,18.787878787878785,73.93939393939394,61.81818181818181,12.121212121212121
E00153681,155,41,11,30,114,100,14,26.451612903225808,7.096774193548387,19.35483870967742,73.54838709677419,64.51612903225806,9.032258064516128
E00153682,112,41,17,24,71,63,8,36.607142857142854,15.178571428571427,21.428571428571427,63.39285714285714,56.25,7.142857142857142
E00153683,158,59,27,32,99,91,8,37.34177215189873,17.088607594936708,20.253164556962027,62.65822784810127,57.59493670886076,5.063291139240507
E00153684,145,37,12,25,108,97,11,25.517241379310345,8.275862068965518,17.24137931034483,74.48275862068967,66.89655172413794,7.586206896551724
E00153685,269,77,25,52,192,162,30,28.624535315985128,9.293680297397769,19.33085501858736,71.37546468401487,60.223048327137555,11.152416356877323
E00153686,143,53,22,31,90,76,14,37.06293706293706,15.384615384615385,21.678321678321677,62.93706293706294,53.14685314685315,9.79020979020979
E00153687,147,50,18,32,97,84,13,34.01360544217687,12.244897959183673,21.768707482993197,65.98639455782312,57.14285714285714,8.843537414965986
E00153688,134,38,12,26,96,85,11,28.35820895522388,8.955223880597014,19.402985074626866,71.64179104477611,63.43283582089553,8.208955223880597
E00153689,171,50,12,38,121,101,20,29.239766081871345,7.017543859649122,22.22222222222222,70.76023391812866,59.06432748538012,11.695906432748536
E00153690,133,41,14,27,92,71,21,30.82706766917293,10.526315789473683,20.30075187969925,69.17293233082707,53.383458646616546,15.789473684210526
E00153691,154,42,17,25,112,84,28,27.27272727272727,11.03896103896104,16.233766233766232,72.72727272727273,54.54545454545454,18.181818181818183
E00153692,132,34,8,26,98,78,20,25.757575757575758,6.0606060606060606,19.696969696969695,74.24242424242425,59.09090909090909,15.151515151515152
E00153693,42,27,14,13,15,15,0,64.28571428571429,33.33333333333333,30.952380952380953,35.714285714285715,35.714285714285715,0
E00153694,141,53,13,40,88,73,15,37.5886524822695,9.219858156028367,28.368794326241137,62.4113475177305,51.77304964539007,10.638297872340425
E00153695,105,26,9,17,79,63,16,24.761904761904763,8.571428571428571,16.19047619047619,75.23809523809524,60,15.238095238095239
E00153696,142,41,17,24,101,87,14,28.87323943661972,11.971830985915492,16.901408450704224,71.12676056338029,61.267605633802816,9.859154929577464
E00153697,125,57,24,33,68,57,11,45.6,19.2,26.400000000000002,54.400000000000006,45.6,8.799999999999999
E00153698,175,51,19,32,124,109,15,29.142857142857142,10.857142857142858,18.285714285714285,70.85714285714285,62.28571428571429,8.571428571428571
E00153699,128,48,15,33,80,65,15,37.5,11.71875,25.78125,62.5,50.78125,11.71875
E00153700,107,35,13,22,72,61,11,32.71028037383177,12.149532710280374,20.5607476635514,67.28971962616822,57.009345794392516,10.2803738317757
E00153701,126,39,16,23,87,73,14,30.952380952380953,12.698412698412698,18.253968253968253,69.04761904761905,57.936507936507944,11.11111111111111
E00153702,149,51,26,25,98,92,6,34.22818791946309,17.449664429530202,16.778523489932887,65.77181208053692,61.74496644295302,4.026845637583892
E00153703,149,53,19,34,96,84,12,35.57046979865772,12.751677852348994,22.818791946308725,64.42953020134227,56.375838926174495,8.053691275167784
E00153704,101,33,15,18,68,57,11,32.67326732673268,14.85148514851485,17.82178217821782,67.32673267326733,56.43564356435643,10.891089108910892
E00153705,146,42,16,26,104,86,18,28.767123287671232,10.95890410958904,17.80821917808219,71.23287671232876,58.9041095890411,12.32876712328767
E00153706,155,42,15,27,113,99,14,27.09677419354839,9.67741935483871,17.419354838709676,72.90322580645162,63.87096774193548,9.032258064516128
E00153707,122,42,15,27,80,70,10,34.42622950819672,12.295081967213115,22.131147540983605,65.57377049180327,57.377049180327866,8.19672131147541
E00153708,110,32,11,21,78,56,22,29.09090909090909,10,19.090909090909093,70.9090909090909,50.90909090909091,20
E00153709,136,40,18,22,96,76,20,29.411764705882355,13.23529411764706,16.176470588235293,70.58823529411765,55.88235294117647,14.705882352941178
E00153710,124,48,19,29,76,61,15,38.70967741935484,15.32258064516129,23.387096774193548,61.29032258064516,49.193548387096776,12.096774193548388
E00153711,114,39,14,25,75,56,19,34.21052631578947,12.280701754385964,21.929824561403507,65.78947368421053,49.122807017543856,16.666666666666664
E00153712,134,43,19,24,91,80,11,32.08955223880597,14.17910447761194,17.91044776119403,67.91044776119402,59.70149253731343,8.208955223880597
E00153713,119,39,18,21,80,58,22,32.773109243697476,15.126050420168067,17.647058823529413,67.22689075630252,48.739495798319325,18.487394957983195
E00153714,168,58,31,27,110,83,27,34.523809523809526,18.452380952380953,16.071428571428573,65.47619047619048,49.404761904761905,16.071428571428573
E00153715,159,62,26,36,97,74,23,38.9937106918239,16.352201257861633,22.641509433962266,61.0062893081761,46.540880503144656,14.465408805031446
E00153716,150,45,20,25,105,77,28,30,13.333333333333334,16.666666666666664,70,51.33333333333333,18.666666666666668
E00153717,213,64,26,38,149,120,29,30.046948356807512,12.206572769953052,17.84037558685446,69.95305164319248,56.33802816901409,13.615023474178404
E00153718,108,32,11,21,76,57,19,29.629629629629626,10.185185185185185,19.444444444444446,70.37037037037037,52.77777777777778,17.59259259259259
E00153719,97,26,14,12,71,46,25,26.804123711340207,14.432989690721648,12.371134020618557,73.19587628865979,47.42268041237113,25.773195876288657
E00153720,141,37,8,29,104,82,22,26.24113475177305,5.673758865248227,20.56737588652482,73.75886524822694,58.156028368794324,15.602836879432624
E00153721,237,44,13,31,193,168,25,18.565400843881857,5.485232067510549,13.080168776371309,81.43459915611815,70.88607594936708,10.548523206751055
E00165733,287,90,33,57,197,154,43,31.3588850174216,11.498257839721255,19.860627177700348,68.6411149825784,53.65853658536586,14.982578397212542
E00165735,179,43,23,20,136,110,26,24.022346368715084,12.849162011173185,11.1731843575419,75.97765363128491,61.452513966480446,14.52513966480447
E00165736,312,62,15,47,250,209,41,19.871794871794872,4.807692307692308,15.064102564102564,80.12820512820514,66.98717948717949,13.141025641025642
E00165738,148,31,10,21,117,95,22,20.945945945945947,6.756756756756757,14.18918918918919,79.05405405405406,64.1891891891892,14.864864864864865
E00165839,256,61,11,50,195,170,25,23.828125,4.296875,19.53125,76.171875,66.40625,9.765625
E00169926,88,21,6,15,67,54,13,23.863636363636363,6.8181818181818175,17.045454545454543,76.13636363636364,61.36363636363637,14.772727272727273
E00169927,251,30,13,17,221,188,33,11.952191235059761,5.179282868525896,6.772908366533864,88.04780876494024,74.9003984063745,13.147410358565736
E00169928,115,49,11,38,66,53,13,42.608695652173914,9.565217391304348,33.04347826086956,57.391304347826086,46.08695652173913,11.304347826086957
E00169929,98,31,10,21,67,52,15,31.63265306122449,10.204081632653061,21.428571428571427,68.36734693877551,53.06122448979592,15.306122448979592
E00169930,188,39,9,30,149,128,21,20.74468085106383,4.787234042553192,15.957446808510639,79.25531914893617,68.08510638297872,11.170212765957446
E00169931,196,50,7,43,146,135,11,25.510204081632654,3.571428571428571,21.93877551020408,74.48979591836735,68.87755102040816,5.612244897959184
E00169932,150,44,19,25,106,92,14,29.333333333333332,12.666666666666668,16.666666666666664,70.66666666666667,61.33333333333333,9.333333333333334
E00169933,170,39,15,24,131,116,15,22.941176470588236,8.823529411764707,14.117647058823529,77.05882352941177,68.23529411764706,8.823529411764707
E00169934,237,48,20,28,189,166,23,20.253164556962027,8.438818565400844,11.814345991561181,79.74683544303798,70.042194092827,9.70464135021097
E00169935,200,50,14,36,150,124,26,25,7.000000000000001,18,75,62,13
E00169936,65,22,12,10,43,37,6,33.84615384615385,18.461538461538463,15.384615384615385,66.15384615384615,56.92307692307692,9.230769230769232
E00169937,119,23,7,16,96,78,18,19.327731092436977,5.88235294117647,13.445378151260504,80.67226890756302,65.54621848739495,15.126050420168067
E00169938,169,42,17,25,127,100,27,24.85207100591716,10.059171597633137,14.792899408284024,75.14792899408283,59.171597633136095,15.976331360946746
E00169939,98,33,6,27,65,58,7,33.6734693877551,6.122448979591836,27.55102040816326,66.3265306122449,59.183673469387756,7.142857142857142
E00169940,192,54,19,35,138,102,36,28.125,9.895833333333332,18.229166666666664,71.875,53.125,18.75
E00169941,297,85,29,56,212,185,27,28.619528619528616,9.764309764309765,18.855218855218855,71.38047138047138,62.2895622895623,9.090909090909092
E00169942,203,56,17,39,147,118,29,27.586206896551722,8.374384236453201,19.21182266009852,72.41379310344827,58.128078817733986,14.285714285714285
E00169943,184,54,15,39,130,103,27,29.347826086956523,8.152173913043478,21.195652173913043,70.65217391304348,55.97826086956522,14.673913043478262
E00169944,237,49,9,40,188,146,42,20.675105485232066,3.79746835443038,16.877637130801688,79.32489451476793,61.60337552742617,17.72151898734177
E00169945,107,28,5,23,79,65,14,26.168224299065418,4.672897196261682,21.49532710280374,73.83177570093457,60.747663551401864,13.084112149532709
E00169946,214,58,21,37,156,124,32,27.102803738317753,9.813084112149532,17.289719626168225,72.89719626168224,57.943925233644855,14.953271028037381
E00169947,85,35,15,20,50,30,20,41.17647058823529,17.647058823529413,23.52941176470588,58.82352941176471,35.294117647058826,23.52941176470588
E00169948,226,132,75,57,94,59,35,58.4070796460177,33.1858407079646,25.221238938053098,41.5929203539823,26.10619469026549,15.486725663716813
E00169949,160,34,7,27,126,103,23,21.25,4.375,16.875,78.75,64.375,14.374999999999998
E00169950,99,31,8,23,68,61,7,31.313131313131315,8.080808080808081,23.232323232323232,68.68686868686868,61.61616161616161,7.07070707070707
E00169951,191,50,16,34,141,117,24,26.17801047120419,8.37696335078534,17.801047120418847,73.82198952879581,61.25654450261781,12.56544502617801
E00169952,174,52,20,32,122,109,13,29.88505747126437,11.494252873563218,18.39080459770115,70.11494252873564,62.643678160919535,7.471264367816093
E00169953,80,19,6,13,61,55,6,23.75,7.5,16.25,76.25,68.75,7.5
E00169954,175,47,23,24,128,106,22,26.857142857142858,13.142857142857142,13.714285714285715,73.14285714285714,60.57142857142858,12.571428571428573
E00169955,516,89,13,76,427,306,121,17.248062015503876,2.5193798449612403,14.728682170542637,82.75193798449612,59.30232558139535,23.449612403100776
E00173918,212,61,23,38,151,122,29,28.77358490566038,10.849056603773585,17.92452830188679,71.22641509433963,57.54716981132076,13.679245283018867
E00173920,167,26,9,17,141,121,20,15.568862275449103,5.389221556886228,10.179640718562874,84.4311377245509,72.45508982035929,11.976047904191617
E00173921,139,23,11,12,116,97,19,16.546762589928058,7.913669064748201,8.633093525179856,83.45323741007195,69.7841726618705,13.66906474820144
E00173922,181,43,15,28,138,98,40,23.756906077348066,8.287292817679557,15.469613259668508,76.24309392265194,54.14364640883977,22.099447513812155
E00173923,164,41,17,24,123,106,17,25,10.365853658536585,14.634146341463413,75,64.63414634146342,10.365853658536585
E00173924,159,56,12,44,103,86,17,35.22012578616352,7.547169811320755,27.67295597484277,64.77987421383648,54.088050314465406,10.69182389937107
E00173930,201,35,11,24,166,129,37,17.412935323383085,5.472636815920398,11.940298507462686,82.58706467661692,64.17910447761194,18.407960199004975
E00173931,204,34,7,27,170,127,43,16.666666666666664,3.431372549019608,13.23529411764706,83.33333333333334,62.254901960784316,21.07843137254902
E00173932,202,41,10,31,161,127,34,20.2970297029703,4.9504950495049505,15.346534653465346,79.70297029702971,62.87128712871287,16.831683168316832
E00173933,170,36,14,22,134,109,25,21.176470588235293,8.235294117647058,12.941176470588237,78.82352941176471,64.11764705882354,14.705882352941178
E00173934,183,35,14,21,148,123,25,19.12568306010929,7.650273224043716,11.475409836065573,80.87431693989072,67.21311475409836,13.661202185792352
E00173935,333,86,27,59,247,204,43,25.825825825825827,8.108108108108109,17.71771771771772,74.17417417417418,61.261261261261254,12.912912912912914
E00183316,77,26,12,14,51,41,10,33.76623376623377,15.584415584415584,18.181818181818183,66.23376623376623,53.246753246753244,12.987012987012985
E00183317,97,28,12,16,69,56,13,28.865979381443296,12.371134020618557,16.49484536082474,71.1340206185567,57.73195876288659,13.402061855670103
E00183318,134,22,7,15,112,92,20,16.417910447761194,5.223880597014925,11.194029850746269,83.5820895522388,68.65671641791045,14.925373134328357
E00183320,234,89,37,52,145,112,33,38.034188034188034,15.81196581196581,22.22222222222222,61.965811965811966,47.863247863247864,14.102564102564102
E00183321,171,34,12,22,137,112,25,19.883040935672515,7.017543859649122,12.865497076023392,80.11695906432749,65.49707602339181,14.619883040935672
E00183322,104,20,8,12,84,59,25,19.230769230769234,7.6923076923076925,11.538461538461538,80.76923076923077,56.730769230769226,24.03846153846154
E00183323,135,38,15,23,97,77,20,28.14814814814815,11.11111111111111,17.037037037037038,71.85185185185186,57.03703703703704,14.814814814814813
E00183324,282,59,17,42,223,199,24,20.921985815602838,6.028368794326241,14.893617021276595,79.07801418439716,70.56737588652481,8.51063829787234
E00183326,136,23,6,17,113,88,25,16.911764705882355,4.411764705882353,12.5,83.08823529411765,64.70588235294117,18.38235294117647
E00183327,156,30,12,18,126,107,19,19.230769230769234,7.6923076923076925,11.538461538461538,80.76923076923077,68.58974358974359,12.179487179487179
E00183328,245,71,25,46,174,144,30,28.97959183673469,10.204081632653061,18.775510204081634,71.0204081632653,58.77551020408164,12.244897959183673
E00183330,56,8,3,5,48,29,19,14.285714285714285,5.357142857142857,8.928571428571429,85.71428571428571,51.78571428571429,33.92857142857143
E00183331,126,45,20,25,81,64,17,35.714285714285715,15.873015873015872,19.841269841269842,64.28571428571429,50.79365079365079,13.492063492063492
E00183333,150,21,8,13,129,111,18,14.000000000000002,5.333333333333334,8.666666666666668,86,74,12
E00183334,68,9,2,7,59,48,11,13.23529411764706,2.941176470588235,10.294117647058822,86.76470588235294,70.58823529411765,16.176470588235293
E00183335,212,54,23,31,158,147,11,25.471698113207548,10.849056603773585,14.622641509433961,74.52830188679245,69.33962264150944,5.188679245283019
E00183336,140,14,4,10,126,99,27,10,2.857142857142857,7.142857142857142,90,70.71428571428572,19.28571428571429
E00183337,92,7,6,1,85,56,29,7.608695652173914,6.521739130434782,1.0869565217391304,92.3913043478261,60.86956521739131,31.521739130434785
E00183340,271,56,18,38,215,173,42,20.66420664206642,6.642066420664207,14.022140221402212,79.33579335793358,63.837638376383765,15.498154981549817
E00183341,57,10,0,10,47,37,10,17.543859649122805,0,17.543859649122805,82.45614035087719,64.91228070175438,17.543859649122805
E00183342,191,30,14,16,161,101,60,15.706806282722512,7.329842931937172,8.37696335078534,84.29319371727748,52.879581151832454,31.413612565445025
E00183346,181,44,22,22,137,113,24,24.30939226519337,12.154696132596685,12.154696132596685,75.69060773480662,62.430939226519335,13.259668508287293
E00183349,174,20,5,15,154,118,36,11.494252873563218,2.8735632183908044,8.620689655172415,88.50574712643679,67.81609195402298,20.689655172413794
E00183353,51,5,2,3,46,25,21,9.803921568627452,3.9215686274509802,5.88235294117647,90.19607843137256,49.01960784313725,41.17647058823529
E00183355,462,44,14,30,418,319,99,9.523809523809524,3.0303030303030303,6.493506493506493,90.47619047619048,69.04761904761905,21.428571428571427
E00183356,72,15,2,13,57,40,17,20.833333333333336,2.7777777777777777,18.055555555555554,79.16666666666666,55.55555555555556,23.61111111111111
E00183357,59,12,3,9,47,31,16,20.33898305084746,5.084745762711865,15.254237288135593,79.66101694915254,52.54237288135594,27.11864406779661
E00183360,60,13,3,10,47,38,9,21.666666666666668,5,16.666666666666664,78.33333333333333,63.33333333333333,15
E00183363,124,35,11,24,89,71,18,28.225806451612907,8.870967741935484,19.35483870967742,71.7741935483871,57.25806451612904,14.516129032258066
E00183364,81,15,5,10,66,63,3,18.51851851851852,6.172839506172839,12.345679012345679,81.48148148148148,77.77777777777779,3.7037037037037033
E00183366,69,16,8,8,53,46,7,23.18840579710145,11.594202898550725,11.594202898550725,76.81159420289855,66.66666666666666,10.144927536231885
E00183367,184,31,11,20,153,136,17,16.847826086956523,5.978260869565218,10.869565217391305,83.15217391304348,73.91304347826086,9.239130434782608
E00183369,136,28,12,16,108,86,22,20.588235294117645,8.823529411764707,11.76470588235294,79.41176470588235,63.23529411764706,16.176470588235293
E00183371,227,58,17,41,169,140,29,25.55066079295154,7.488986784140969,18.06167400881057,74.44933920704845,61.67400881057269,12.77533039647577
E00183373,202,28,5,23,174,153,21,13.861386138613863,2.4752475247524752,11.386138613861387,86.13861386138613,75.74257425742574,10.396039603960396
E00183375,301,31,16,15,270,215,55,10.299003322259136,5.3156146179401995,4.983388704318937,89.70099667774086,71.42857142857143,18.272425249169437
E00183381,150,35,8,27,115,87,28,23.333333333333332,5.333333333333334,18,76.66666666666667,57.99999999999999,18.666666666666668
E00183383,184,40,15,25,144,108,36,21.73913043478261,8.152173913043478,13.586956521739129,78.26086956521739,58.69565217391305,19.565217391304348
E00183386,75,11,2,9,64,53,11,14.666666666666666,2.666666666666667,12,85.33333333333334,70.66666666666667,14.666666666666666
E00183387,148,33,6,27,115,99,16,22.2972972972973,4.054054054054054,18.243243243243242,77.7027027027027,66.8918918918919,10.81081081081081
E00183388,109,15,3,12,94,84,10,13.761467889908257,2.7522935779816518,11.009174311926607,86.23853211009175,77.06422018348624,9.174311926605505
E00183389,344,81,17,64,263,214,49,23.546511627906977,4.941860465116279,18.6046511627907,76.45348837209302,62.2093023255814,14.244186046511627
E00183391,89,17,4,13,72,64,8,19.101123595505616,4.49438202247191,14.606741573033707,80.89887640449437,71.91011235955057,8.98876404494382
E00183393,196,54,21,33,142,117,25,27.55102040816326,10.714285714285714,16.83673469387755,72.44897959183673,59.693877551020414,12.755102040816327
E00183394,72,14,9,5,58,39,19,19.444444444444446,12.5,6.944444444444445,80.55555555555556,54.166666666666664,26.38888888888889
E00183396,337,62,14,48,275,228,47,18.397626112759642,4.154302670623145,14.243323442136498,81.60237388724035,67.65578635014838,13.94658753709199
E00183401,697,37,20,17,660,487,173,5.308464849354376,2.8694404591104736,2.4390243902439024,94.69153515064562,69.87087517934003,24.820659971305595
E00183402,154,48,22,26,106,76,30,31.16883116883117,14.285714285714285,16.883116883116884,68.83116883116884,49.35064935064935,19.480519480519483
E00183403,84,28,10,18,56,47,9,33.33333333333333,11.904761904761903,21.428571428571427,66.66666666666666,55.952380952380956,10.714285714285714
E00183404,74,22,8,14,52,43,9,29.72972972972973,10.81081081081081,18.91891891891892,70.27027027027027,58.108108108108105,12.162162162162163
E00183405,265,31,7,24,234,150,84,11.69811320754717,2.6415094339622645,9.056603773584905,88.30188679245283,56.60377358490566,31.69811320754717
E00183407,106,31,11,20,75,55,20,29.245283018867923,10.377358490566039,18.867924528301888,70.75471698113208,51.886792452830186,18.867924528301888
E00183412,247,49,23,26,198,166,32,19.838056680161944,9.31174089068826,10.526315789473683,80.16194331983806,67.20647773279353,12.955465587044534
E00183419,82,25,11,14,57,44,13,30.48780487804878,13.414634146341465,17.073170731707318,69.51219512195121,53.65853658536586,15.853658536585366
E00183420,65,14,6,8,51,43,8,21.53846153846154,9.230769230769232,12.307692307692308,78.46153846153847,66.15384615384615,12.307692307692308
E00183421,138,41,11,30,97,73,24,29.71014492753623,7.971014492753622,21.73913043478261,70.28985507246377,52.89855072463768,17.391304347826086
