OA,ts0380001,ts0380002,ts0380003,ts0380004,ts0380005,ts0380006,ts0380007,ts0380002_PCT,ts0380003_PCT,ts0380004_PCT,ts0380005_PCT,ts0380006_PCT,ts0380007_PCT
E00158051,540,111,55,56,429,28,401,20.555555555555554,10.185185185185185,10.37037037037037,79.44444444444444,5.185185185185185,74.25925925925925
E00158052,299,47,18,29,252,20,232,15.719063545150503,6.0200668896321075,9.698996655518394,84.2809364548495,6.688963210702341,77.59197324414716
E00158053,323,84,35,49,239,33,206,26.006191950464398,10.8359133126935,15.170278637770899,73.9938080495356,10.21671826625387,63.77708978328174
E00158054,390,81,35,46,309,29,280,20.76923076923077,8.974358974358974,11.794871794871794,79.23076923076923,7.435897435897436,71.7948717948718
E00158055,372,62,21,41,310,32,278,16.666666666666664,5.64516129032258,11.021505376344086,83.33333333333334,8.60215053763441,74.73118279569893
E00158056,318,65,32,33,253,33,220,20.440251572327046,10.062893081761008,10.377358490566039,79.55974842767296,10.377358490566039,69.18238993710692
E00158057,359,61,19,42,298,25,273,16.991643454038996,5.2924791086350975,11.699164345403899,83.008356545961007,6.963788300835655,76.04456824512535
E00158058,220,35,20,15,185,16,169,15.909090909090908,9.090909090909092,6.8181818181818175,84.0909090909091,7.2727272727272725,76.81818181818181
E00158059,296,37,11,26,259,18,241,12.5,3.7162162162162162,8.783783783783784,87.5,6.081081081081082,81.41891891891892
E00158060,251,52,26,26,199,9,190,20.717131474103585,10.358565737051793,10.358565737051793,79.2828685258964,3.5856573705179287,75.69721115537848
E00158061,327,60,25,35,267,25,242,18.34862385321101,7.64525993883792,10.703363914373089,81.65137614678899,7.64525993883792,74.00611620795107
E00158062,205,36,21,15,169,16,153,17.560975609756095,10.24390243902439,7.317073170731707,82.4390243902439,7.804878048780488,74.63414634146342
E00158063,253,58,24,34,195,25,170,22.92490118577075,9.486166007905137,13.438735177865613,77.07509881422925,9.881422924901186,67.19367588932806
E00158064,263,51,16,35,212,19,193,19.39163498098859,6.083650190114068,13.307984790874524,80.6083650190114,7.224334600760455,73.38403041825094
E00158065,213,57,34,23,156,6,150,26.76056338028169,15.96244131455399,10.7981220657277,73.23943661971832,2.8169014084507045,70.4225352112676
E00158066,294,57,24,33,237,26,211,19.387755102040817,8.16326530612245,11.224489795918368,80.61224489795919,8.843537414965986,71.7687074829932
E00158067,255,81,37,44,174,14,160,31.76470588235294,14.50980392156863,17.254901960784313,68.23529411764706,5.490196078431373,62.745098039215684
E00158068,133,28,12,16,105,8,97,21.052631578947366,9.022556390977442,12.030075187969924,78.94736842105263,6.015037593984962,72.93233082706767
E00158069,213,34,12,22,179,9,170,15.96244131455399,5.633802816901409,10.328638497652582,84.03755868544602,4.225352112676056,79.81220657276995
E00158070,404,63,23,40,341,27,314,15.594059405940595,5.693069306930694,9.900990099009901,84.4059405940594,6.683168316831684,77.72277227722772
E00158071,326,58,33,25,268,22,246,17.791411042944784,10.122699386503067,7.668711656441718,82.20858895705521,6.748466257668712,75.4601226993865
E00158072,370,54,18,36,316,31,285,14.594594594594595,4.864864864864865,9.72972972972973,85.4054054054054,8.378378378378379,77.02702702702703
E00158073,301,73,41,32,228,11,217,24.25249169435216,13.621262458471762,10.631229235880399,75.74750830564784,3.6544850498338874,72.09302325581395
E00158074,328,81,37,44,247,14,233,24.695121951219512,11.28048780487805,13.414634146341465,75.3048780487805,4.2682926829268295,71.03658536585365
E00158075,247,49,16,33,198,10,188,19.838056680161944,6.477732793522267,13.360323886639677,80.16194331983806,4.048582995951417,76.11336032388664
E00158076,301,59,22,37,242,18,224,19.601328903654487,7.308970099667775,12.29235880398671,80.39867109634552,5.980066445182724,74.4186046511628
E00158077,265,52,21,31,213,21,192,19.622641509433965,7.9245283018867925,11.69811320754717,80.37735849056604,7.9245283018867925,72.45283018867924
E00158078,379,56,25,31,323,31,292,14.775725593667547,6.596306068601583,8.179419525065963,85.22427440633246,8.179419525065963,77.04485488126649
E00158080,406,81,31,50,325,21,304,19.950738916256157,7.635467980295567,12.31527093596059,80.04926108374384,5.172413793103448,74.8768472906404
E00158081,222,69,31,38,153,20,133,31.08108108108108,13.963963963963963,17.117117117117118,68.91891891891892,9.00900900900901,59.909909909909906
E00158082,230,67,26,41,163,11,152,29.130434782608695,11.304347826086957,17.82608695652174,70.86956521739131,4.782608695652174,66.08695652173913
E00158083,303,92,32,60,211,18,193,30.363036303630363,10.561056105610561,19.801980198019802,69.63696369636963,5.9405940594059405,63.6963696369637
E00158084,493,101,42,59,392,42,350,20.486815415821503,8.519269776876268,11.967545638945234,79.5131845841785,8.519269776876268,70.99391480730223
E00158085,345,46,8,38,299,26,273,13.333333333333334,2.318840579710145,11.014492753623188,86.66666666666667,7.536231884057972,79.13043478260869
E00158086,289,43,19,24,246,19,227,14.878892733564014,6.5743944636678195,8.304498269896193,85.12110726643598,6.5743944636678195,78.54671280276817
E00158087,264,53,30,23,211,18,193,20.075757575757574,11.363636363636363,8.712121212121213,79.92424242424242,6.8181818181818175,73.10606060606061
E00158088,309,83,42,41,226,11,215,26.860841423948216,13.592233009708737,13.268608414239482,73.13915857605178,3.559870550161812,69.57928802588997
E00158089,285,72,33,39,213,13,200,25.263157894736842,11.578947368421053,13.684210526315791,74.73684210526315,4.56140350877193,70.17543859649122
E00158090,379,122,70,52,257,18,239,32.189973614775724,18.46965699208443,13.720316622691293,67.81002638522428,4.749340369393139,63.06068601583114
E00158091,259,53,24,29,206,24,182,20.463320463320464,9.266409266409266,11.196911196911197,79.53667953667953,9.266409266409266,70.27027027027027
E00158092,269,64,29,35,205,8,197,23.79182156133829,10.780669144981413,13.011152416356877,76.2081784386617,2.973977695167286,73.23420074349443
E00158093,314,72,30,42,242,26,216,22.929936305732486,9.554140127388536,13.375796178343949,77.07006369426752,8.280254777070063,68.78980891719745
E00158094,545,71,19,52,474,43,431,13.027522935779817,3.486238532110092,9.541284403669724,86.97247706422019,7.889908256880735,79.08256880733944
E00158095,223,56,18,38,167,15,152,25.112107623318387,8.071748878923767,17.040358744394617,74.88789237668162,6.726457399103139,68.16143497757847
E00158096,240,40,15,25,200,16,184,16.666666666666664,6.25,10.416666666666668,83.33333333333334,6.666666666666667,76.66666666666667
E00158097,271,51,19,32,220,19,201,18.81918819188192,7.011070110701106,11.808118081180812,81.18081180811808,7.011070110701106,74.16974169741697
E00158098,242,35,18,17,207,9,198,14.46280991735537,7.43801652892562,7.024793388429752,85.53719008264463,3.71900826446281,81.81818181818183
E00158099,312,50,21,29,262,21,241,16.025641025641026,6.730769230769231,9.294871794871796,83.97435897435898,6.730769230769231,77.24358974358975
E00158100,249,36,13,23,213,18,195,14.457831325301203,5.220883534136546,9.236947791164658,85.54216867469879,7.228915662650602,78.3132530120482
E00158101,233,83,48,35,150,16,134,35.622317596566525,20.600858369098713,15.021459227467812,64.37768240343348,6.866952789699571,57.5107296137339
E00158102,351,47,23,24,304,24,280,13.390313390313391,6.552706552706552,6.837606837606838,86.6096866096866,6.837606837606838,79.77207977207978
E00158103,326,41,10,31,285,19,266,12.576687116564417,3.067484662576687,9.509202453987731,87.42331288343557,5.828220858895705,81.59509202453987
E00158104,293,88,52,36,205,16,189,30.034129692832767,17.747440273037544,12.286689419795222,69.96587030716724,5.460750853242321,64.50511945392492
E00158105,375,122,78,44,253,20,233,32.53333333333333,20.8,11.733333333333333,67.46666666666667,5.333333333333334,62.133333333333326
E00158106,270,52,19,33,218,12,206,19.25925925925926,7.037037037037037,12.222222222222221,80.74074074074075,4.444444444444445,76.29629629629629
E00158107,435,106,49,57,329,20,309,24.367816091954023,11.264367816091953,13.10344827586207,75.63218390804597,4.597701149425287,71.03448275862068
E00158108,304,60,20,40,244,28,216,19.736842105263158,6.578947368421052,13.157894736842104,80.26315789473685,9.210526315789473,71.05263157894737
E00158109,324,56,36,20,268,26,242,17.28395061728395,11.11111111111111,6.172839506172839,82.71604938271605,8.024691358024691,74.69135802469135
E00158110,308,67,27,40,241,27,214,21.753246753246753,8.766233766233766,12.987012987012985,78.24675324675324,8.766233766233766,69.48051948051948
E00158111,334,92,43,49,242,28,214,27.54491017964072,12.874251497005988,14.67065868263473,72.45508982035929,8.383233532934131,64.07185628742515
E00158112,357,51,26,25,306,22,284,14.285714285714285,7.282913165266107,7.002801120448179,85.71428571428571,6.162464985994398,79.55182072829132
E00158113,318,50,18,32,268,23,245,15.723270440251572,5.660377358490567,10.062893081761008,84.27672955974843,7.232704402515723,77.04402515723271
E00158114,339,62,25,37,277,28,249,18.289085545722713,7.374631268436578,10.914454277286136,81.71091445427729,8.259587020648967,73.45132743362832
E00158115,150,55,34,21,95,8,87,36.666666666666664,22.666666666666664,14.000000000000002,63.33333333333333,5.333333333333334,57.99999999999999
E00158117,296,50,12,38,246,19,227,16.89189189189189,4.054054054054054,12.837837837837837,83.1081081081081,6.418918918918918,76.6891891891892
E00158118,251,36,13,23,215,22,193,14.342629482071715,5.179282868525896,9.163346613545817,85.65737051792829,8.764940239043826,76.89243027888446
E00158119,226,29,9,20,197,14,183,12.831858407079647,3.982300884955752,8.849557522123893,87.16814159292035,6.1946902654867255,80.97345132743364
E00158120,335,35,11,24,300,37,263,10.44776119402985,3.2835820895522385,7.164179104477612,89.55223880597015,11.044776119402986,78.50746268656717
E00158121,178,24,11,13,154,8,146,13.48314606741573,6.179775280898876,7.303370786516854,86.51685393258427,4.49438202247191,82.02247191011236
E00158122,302,38,12,26,264,12,252,12.582781456953644,3.9735099337748347,8.609271523178808,87.41721854304636,3.9735099337748347,83.44370860927152
E00158123,321,64,29,35,257,18,239,19.937694704049843,9.034267912772584,10.903426791277258,80.06230529595015,5.607476635514018,74.45482866043614
E00158124,311,44,20,24,267,22,245,14.14790996784566,6.430868167202572,7.717041800643088,85.85209003215434,7.07395498392283,78.77813504823152
E00158125,252,36,9,27,216,18,198,14.285714285714285,3.571428571428571,10.714285714285714,85.71428571428571,7.142857142857142,78.57142857142857
E00158126,211,37,13,24,174,11,163,17.535545023696685,6.161137440758294,11.374407582938389,82.46445497630332,5.213270142180095,77.25118483412322
E00158127,152,21,8,13,131,8,123,13.815789473684212,5.263157894736842,8.552631578947368,86.18421052631578,5.263157894736842,80.92105263157895
E00158128,208,37,11,26,171,17,154,17.78846153846154,5.288461538461538,12.5,82.21153846153845,8.173076923076923,74.03846153846155
E00158129,334,36,12,24,298,15,283,10.778443113772456,3.592814371257485,7.18562874251497,89.22155688622755,4.491017964071856,84.73053892215569
E00158130,296,38,10,28,258,19,239,12.837837837837837,3.3783783783783785,9.45945945945946,87.16216216216216,6.418918918918918,80.74324324324324
E00158131,258,34,11,23,224,16,208,13.178294573643413,4.263565891472868,8.914728682170542,86.82170542635659,6.2015503875969,80.62015503875969
E00158132,308,53,23,30,255,30,225,17.20779220779221,7.467532467532467,9.740259740259742,82.79220779220779,9.740259740259742,73.05194805194806
E00158133,281,51,27,24,230,27,203,18.14946619217082,9.608540925266903,8.540925266903916,81.85053380782918,9.608540925266903,72.24199288256227
E00158134,329,114,75,39,215,11,204,34.650455927051674,22.796352583586625,11.854103343465045,65.34954407294833,3.343465045592705,62.00607902735562
E00158135,316,50,21,29,266,22,244,15.822784810126583,6.6455696202531636,9.177215189873419,84.17721518987342,6.962025316455696,77.21518987341773
E00158137,411,45,17,28,366,40,326,10.948905109489052,4.13625304136253,6.81265206812652,89.05109489051095,9.732360097323602,79.31873479318735
E00158138,195,43,21,22,152,14,138,22.05128205128205,10.76923076923077,11.282051282051283,77.94871794871796,7.179487179487179,70.76923076923077
E00158139,311,55,15,40,256,25,231,17.684887459807076,4.823151125401929,12.861736334405144,82.31511254019293,8.038585209003216,74.27652733118971
E00158140,238,40,14,26,198,12,186,16.80672268907563,5.88235294117647,10.92436974789916,83.19327731092437,5.042016806722689,78.15126050420169
E00158141,313,117,82,35,196,9,187,37.38019169329074,26.198083067092654,11.182108626198083,62.61980830670927,2.8753993610223643,59.7444089456869
E00158142,317,39,18,21,278,23,255,12.302839116719243,5.678233438485805,6.624605678233439,87.69716088328076,7.255520504731862,80.4416403785489
E00158143,329,55,24,31,274,21,253,16.717325227963524,7.29483282674772,9.422492401215806,83.28267477203647,6.382978723404255,76.89969604863222
E00158144,280,54,20,34,226,16,210,19.28571428571429,7.142857142857142,12.142857142857142,80.71428571428572,5.714285714285714,75
E00158145,262,50,22,28,212,12,200,19.083969465648856,8.396946564885496,10.687022900763358,80.91603053435115,4.580152671755725,76.33587786259542
E00158146,289,37,16,21,252,14,238,12.802768166089965,5.536332179930796,7.26643598615917,87.19723183391004,4.844290657439446,82.35294117647058
E00158147,307,49,17,32,258,29,229,15.960912052117262,5.537459283387622,10.423452768729643,84.03908794788273,9.446254071661238,74.5928338762215
E00158148,288,45,9,36,243,25,218,15.625,3.125,12.5,84.375,8.680555555555555,75.69444444444444
E00158151,324,52,22,30,272,16,256,16.049382716049383,6.790123456790123,9.25925925925926,83.9506172839506,4.938271604938271,79.01234567901234
E00158152,341,54,18,36,287,22,265,15.835777126099707,5.278592375366569,10.557184750733137,84.1642228739003,6.451612903225806,77.71260997067448
E00158153,365,31,13,18,334,23,311,8.493150684931507,3.5616438356164384,4.931506849315069,91.5068493150685,6.301369863013699,85.2054794520548
E00158154,474,72,25,47,402,30,372,15.18987341772152,5.274261603375527,9.915611814345992,84.81012658227847,6.329113924050633,78.48101265822784
E00158155,238,28,11,17,210,19,191,11.76470588235294,4.621848739495799,7.142857142857142,88.23529411764706,7.9831932773109235,80.25210084033614
E00158156,132,14,9,5,118,11,107,10.606060606060606,6.8181818181818175,3.787878787878788,89.39393939393939,8.333333333333332,81.06060606060606
E00158157,425,84,39,45,341,22,319,19.76470588235294,9.176470588235293,10.588235294117647,80.23529411764706,5.176470588235294,75.05882352941177
E00158158,310,49,17,32,261,16,245,15.806451612903224,5.483870967741936,10.32258064516129,84.19354838709677,5.161290322580645,79.03225806451613
E00158159,260,79,38,41,181,15,166,30.384615384615383,14.615384615384617,15.769230769230768,69.61538461538461,5.769230769230769,63.84615384615384
E00158160,402,80,31,49,322,16,306,19.900497512437813,7.711442786069651,12.189054726368159,80.09950248756219,3.9800995024875623,76.11940298507463
E00158161,310,69,35,34,241,19,222,22.258064516129032,11.29032258064516,10.967741935483872,77.74193548387098,6.129032258064516,71.61290322580646
E00158162,254,74,31,43,180,12,168,29.133858267716533,12.204724409448819,16.92913385826772,70.86614173228347,4.724409448818897,66.14173228346458
E00158163,350,84,42,42,266,17,249,24,12,12,76,4.857142857142857,71.14285714285714
E00158164,326,71,38,33,255,17,238,21.779141104294478,11.65644171779141,10.122699386503067,78.22085889570552,5.214723926380368,73.00613496932516
E00158165,284,59,30,29,225,25,200,20.774647887323944,10.56338028169014,10.211267605633804,79.22535211267606,8.80281690140845,70.4225352112676
E00158166,297,47,21,26,250,20,230,15.824915824915825,7.07070707070707,8.754208754208754,84.17508417508418,6.7340067340067336,77.44107744107744
E00158167,265,91,67,24,174,15,159,34.33962264150943,25.28301886792453,9.056603773584905,65.66037735849056,5.660377358490567,60
E00158168,455,71,32,39,384,31,353,15.604395604395604,7.032967032967033,8.571428571428571,84.3956043956044,6.813186813186813,77.58241758241759
E00158169,355,49,21,28,306,21,285,13.802816901408452,5.915492957746479,7.887323943661972,86.19718309859155,5.915492957746479,80.28169014084507
E00158170,255,30,11,19,225,24,201,11.76470588235294,4.313725490196078,7.450980392156863,88.23529411764706,9.411764705882353,78.82352941176471
E00158171,176,35,16,19,141,14,127,19.886363636363637,9.090909090909092,10.795454545454545,80.11363636363636,7.954545454545454,72.1590909090909
E00158172,488,76,32,44,412,32,380,15.573770491803279,6.557377049180328,9.01639344262295,84.42622950819673,6.557377049180328,77.8688524590164
E00158173,335,54,21,33,281,24,257,16.119402985074625,6.26865671641791,9.850746268656717,83.88059701492537,7.164179104477612,76.71641791044776
E00158174,316,50,25,25,266,28,238,15.822784810126583,7.9113924050632916,7.9113924050632916,84.17721518987342,8.860759493670885,75.31645569620254
E00158175,176,39,14,25,137,9,128,22.15909090909091,7.954545454545454,14.204545454545455,77.8409090909091,5.113636363636364,72.72727272727273
E00158176,271,38,4,34,233,14,219,14.022140221402212,1.4760147601476015,12.546125461254611,85.97785977859779,5.166051660516605,80.81180811808119
E00158177,277,50,28,22,227,24,203,18.050541516245488,10.108303249097473,7.9422382671480145,81.94945848375451,8.664259927797833,73.28519855595668
E00158178,259,44,25,19,215,16,199,16.988416988416986,9.652509652509652,7.335907335907336,83.01158301158301,6.177606177606178,76.83397683397683
E00158179,170,20,9,11,150,16,134,11.76470588235294,5.294117647058823,6.470588235294119,88.23529411764706,9.411764705882353,78.82352941176471
E00158180,278,48,15,33,230,25,205,17.26618705035971,5.39568345323741,11.870503597122301,82.73381294964028,8.992805755395683,73.7410071942446
E00158181,461,127,74,53,334,33,301,27.54880694143167,16.052060737527114,11.496746203904555,72.45119305856834,7.158351409978309,65.29284164859001
E00158182,290,50,17,33,240,26,214,17.24137931034483,5.862068965517241,11.379310344827587,82.75862068965517,8.96551724137931,73.79310344827587
E00158183,192,37,19,18,155,15,140,19.270833333333336,9.895833333333332,9.375,80.72916666666666,7.8125,72.91666666666666
E00158184,317,79,50,29,238,15,223,24.9211356466877,15.772870662460567,9.14826498422713,75.0788643533123,4.73186119873817,70.347003154574125
E00158185,281,67,28,39,214,21,193,23.843416370106763,9.9644128113879,13.87900355871886,76.15658362989323,7.473309608540925,68.68327402135232
E00158186,186,48,24,24,138,14,124,25.806451612903224,12.903225806451612,12.903225806451612,74.19354838709677,7.526881720430108,66.66666666666666
E00158187,325,58,32,26,267,26,241,17.846153846153847,9.846153846153847,8,82.15384615384616,8,74.15384615384616
E00158188,295,44,18,26,251,22,229,14.915254237288137,6.101694915254238,8.813559322033898,85.08474576271186,7.457627118644068,77.62711864406779
E00158189,131,10,6,4,121,13,108,7.633587786259542,4.580152671755725,3.0534351145038165,92.36641221374046,9.923664122137405,82.44274809160305
E00158190,348,63,26,37,285,27,258,18.103448275862068,7.471264367816093,10.632183908045976,81.89655172413794,7.758620689655173,74.13793103448276
E00158191,262,57,25,32,205,17,188,21.755725190839694,9.541984732824428,12.213740458015266,78.2442748091603,6.488549618320611,71.7557251908397
E00158192,293,65,35,30,228,16,212,22.18430034129693,11.945392491467576,10.238907849829351,77.81569965870307,5.460750853242321,72.35494880546075
E00158193,259,59,31,28,200,17,183,22.779922779922778,11.96911196911197,10.81081081081081,77.22007722007721,6.563706563706563,70.65637065637065
E00158194,250,59,24,35,191,15,176,23.599999999999998,9.6,14.000000000000002,76.4,6,70.39999999999999
E00158196,357,59,23,36,298,20,278,16.5266106442577,6.442577030812324,10.084033613445378,83.4733893557423,5.602240896358544,77.87114845938376
E00158197,357,83,41,42,274,27,247,23.249299719887954,11.484593837535014,11.76470588235294,76.75070028011206,7.563025210084033,69.187675070028
E00158198,357,75,33,42,282,24,258,21.008403361344538,9.243697478991598,11.76470588235294,78.99159663865547,6.722689075630252,72.26890756302521
E00158199,348,60,23,37,288,26,262,17.24137931034483,6.609195402298851,10.632183908045976,82.75862068965517,7.471264367816093,75.28735632183908
E00158200,357,67,19,48,290,22,268,18.76750700280112,5.322128851540616,13.445378151260504,81.23249299719888,6.162464985994398,75.07002801120449
E00158201,431,87,44,43,344,21,323,20.185614849187935,10.208816705336426,9.976798143851507,79.81438515081206,4.872389791183294,74.94199535962876
E00158202,414,56,17,39,358,35,323,13.526570048309178,4.1062801932367154,9.420289855072465,86.47342995169082,8.454106280193237,78.01932367149759
E00158203,283,50,17,33,233,23,210,17.6678445229682,6.007067137809187,11.66077738515901,82.3321554770318,8.12720848056537,74.20494699646643
E00158204,308,58,23,35,250,22,228,18.83116883116883,7.467532467532467,11.363636363636363,81.16883116883116,7.142857142857142,74.02597402597402
E00158205,289,43,11,32,246,23,223,14.878892733564014,3.8062283737024223,11.072664359861593,85.12110726643598,7.958477508650519,77.16262975778547
E00158206,298,50,12,38,248,28,220,16.778523489932887,4.026845637583892,12.751677852348994,83.22147651006712,9.395973154362416,73.8255033557047
E00158207,316,49,21,28,267,25,242,15.50632911392405,6.6455696202531636,8.860759493670885,84.49367088607595,7.9113924050632916,76.58227848101265
E00158208,278,68,36,32,210,19,191,24.46043165467626,12.949640287769784,11.510791366906476,75.53956834532374,6.83453237410072,68.70503597122301
E00158209,266,38,9,29,228,23,205,14.285714285714285,3.3834586466165413,10.902255639097744,85.71428571428571,8.646616541353383,77.06766917293233
E00158210,305,66,25,41,239,26,213,21.639344262295083,8.19672131147541,13.442622950819672,78.36065573770492,8.524590163934425,69.83606557377048
E00158211,304,32,8,24,272,28,244,10.526315789473683,2.631578947368421,7.894736842105263,89.47368421052632,9.210526315789473,80.26315789473685
E00158212,334,73,38,35,261,19,242,21.856287425149702,11.377245508982035,10.479041916167663,78.1437125748503,5.688622754491018,72.45508982035929
E00158213,239,29,12,17,210,18,192,12.133891213389122,5.02092050209205,7.112970711297072,87.86610878661088,7.531380753138076,80.3347280334728
E00158214,303,35,9,26,268,28,240,11.55115511551155,2.9702970297029703,8.58085808580858,88.44884488448845,9.24092409240924,79.20792079207921
E00158215,308,50,21,29,258,27,231,16.233766233766232,6.8181818181818175,9.415584415584416,83.76623376623377,8.766233766233766,75
E00158216,420,50,12,38,370,39,331,11.904761904761903,2.857142857142857,9.047619047619047,88.09523809523809,9.285714285714286,78.80952380952381
E00158217,420,48,19,29,372,34,338,11.428571428571429,4.523809523809524,6.904761904761905,88.57142857142857,8.095238095238095,80.47619047619048
E00158218,301,76,30,46,225,19,206,25.249169435215947,9.966777408637874,15.282392026578073,74.75083056478405,6.312292358803987,68.43853820598007
E00158219,301,62,29,33,239,19,220,20.59800664451827,9.634551495016613,10.96345514950166,79.40199335548172,6.312292358803987,73.08970099667775
E00158220,283,45,16,29,238,24,214,15.901060070671377,5.6537102473498235,10.247349823321555,84.09893992932862,8.480565371024735,75.61837455830388
E00158221,493,66,31,35,427,39,388,13.387423935091277,6.288032454361055,7.099391480730223,86.61257606490872,7.910750507099391,78.70182555780933
E00158222,303,59,24,35,244,31,213,19.471947194719473,7.920792079207921,11.55115511551155,80.52805280528052,10.231023102310232,70.29702970297029
E00158223,399,107,74,33,292,38,254,26.81704260651629,18.546365914786968,8.270676691729323,73.1829573934837,9.523809523809524,63.65914786967418
E00158224,280,47,17,30,233,26,207,16.785714285714285,6.071428571428571,10.714285714285714,83.21428571428572,9.285714285714286,73.92857142857143
E00158225,282,57,22,35,225,24,201,20.212765957446805,7.801418439716312,12.411347517730496,79.7872340425532,8.51063829787234,71.27659574468085
E00158226,217,42,18,24,175,24,151,19.35483870967742,8.294930875576037,11.059907834101383,80.64516129032258,11.059907834101383,69.5852534562212
E00158227,330,47,18,29,283,24,259,14.242424242424242,5.454545454545454,8.787878787878787,85.75757575757575,7.2727272727272725,78.48484848484848
E00158228,355,40,15,25,315,26,289,11.267605633802818,4.225352112676056,7.042253521126761,88.73239436619718,7.323943661971831,81.40845070422536
E00158229,267,57,20,37,210,25,185,21.34831460674157,7.490636704119851,13.857677902621724,78.65168539325843,9.363295880149813,69.28838951310861
E00158230,247,66,27,39,181,10,171,26.720647773279353,10.931174089068826,15.789473684210526,73.27935222672065,4.048582995951417,69.23076923076923
E00158231,350,75,36,39,275,26,249,21.428571428571427,10.285714285714285,11.142857142857142,78.57142857142857,7.428571428571429,71.14285714285714
E00158232,359,83,41,42,276,21,255,23.119777158774372,11.420612813370473,11.699164345403899,76.88022284122563,5.8495821727019495,71.03064066852369
E00158233,317,61,27,34,256,22,234,19.242902208201894,8.517350157728707,10.725552050473187,80.7570977917981,6.940063091482649,73.81703470031546
E00158234,320,95,44,51,225,20,205,29.6875,13.750000000000002,15.937499999999998,70.3125,6.25,64.0625
E00158235,315,65,27,38,250,21,229,20.634920634920633,8.571428571428571,12.063492063492063,79.36507936507937,6.666666666666667,72.6984126984127
E00158236,321,64,30,34,257,23,234,19.937694704049843,9.345794392523365,10.59190031152648,80.06230529595015,7.165109034267912,72.89719626168224
E00158238,232,33,16,17,199,20,179,14.224137931034484,6.896551724137931,7.327586206896551,85.77586206896551,8.620689655172415,77.15517241379311
E00158239,331,39,18,21,292,32,260,11.782477341389729,5.438066465256798,6.3444108761329305,88.21752265861026,9.667673716012084,78.54984894259819
E00158240,251,40,11,29,211,18,193,15.936254980079681,4.382470119521913,11.553784860557768,84.06374501992032,7.171314741035857,76.89243027888446
E00158241,294,69,30,39,225,20,205,23.46938775510204,10.204081632653061,13.26530612244898,76.53061224489795,6.802721088435375,69.72789115646259
E00158242,313,36,10,26,277,17,260,11.501597444089457,3.1948881789137378,8.30670926517572,88.49840255591054,5.431309904153355,83.06709265175719
E00158243,319,39,14,25,280,31,249,12.225705329153605,4.38871473354232,7.836990595611286,87.7742946708464,9.717868338557993,78.0564263322884
E00158244,322,37,14,23,285,21,264,11.490683229813664,4.3478260869565215,7.142857142857142,88.50931677018633,6.521739130434782,81.98757763975155
E00158245,282,53,23,30,229,16,213,18.79432624113475,8.156028368794328,10.638297872340425,81.20567375886525,5.673758865248227,75.53191489361703
E00158246,312,55,19,36,257,21,236,17.628205128205128,6.089743589743589,11.538461538461538,82.37179487179486,6.730769230769231,75.64102564102564
E00158247,331,60,29,31,271,27,244,18.12688821752266,8.761329305135952,9.365558912386707,81.87311178247734,8.157099697885197,73.71601208459214
E00158248,307,50,13,37,257,31,226,16.286644951140065,4.234527687296417,12.052117263843648,83.71335504885994,10.097719869706841,73.61563517915309
E00158249,256,53,16,37,203,10,193,20.703125,6.25,14.453125,79.296875,3.90625,75.390625
E00158250,293,47,16,31,246,21,225,16.040955631399317,5.460750853242321,10.580204778156997,83.95904436860067,7.167235494880546,76.79180887372013
E00158251,266,45,20,25,221,27,194,16.917293233082706,7.518796992481203,9.398496240601503,83.0827067669173,10.150375939849624,72.93233082706767
E00158252,359,59,21,38,300,22,278,16.434540389972145,5.8495821727019495,10.584958217270195,83.56545961002786,6.128133704735376,77.43732590529248
E00158253,340,33,9,24,307,30,277,9.705882352941178,2.6470588235294117,7.0588235294117645,90.29411764705883,8.823529411764707,81.47058823529412
E00158254,288,64,35,29,224,20,204,22.22222222222222,12.152777777777777,10.069444444444445,77.77777777777779,6.944444444444445,70.83333333333334
E00158255,341,48,16,32,293,28,265,14.076246334310852,4.69208211143695,9.3841642228739,85.92375366568915,8.211143695014663,77.71260997067448
E00158256,219,44,24,20,175,12,163,20.091324200913242,10.95890410958904,9.1324200913242,79.90867579908677,5.47945205479452,74.42922374429224
E00158257,291,38,19,19,253,29,224,13.058419243986256,6.529209621993128,6.529209621993128,86.94158075601375,9.965635738831615,76.97594501718214
E00158258,231,42,17,25,189,22,167,18.181818181818183,7.35930735930736,10.822510822510822,81.81818181818183,9.523809523809524,72.2943722943723
E00158259,284,42,10,32,242,30,212,14.788732394366196,3.5211267605633805,11.267605633802818,85.2112676056338,10.56338028169014,74.64788732394366
E00158260,317,54,20,34,263,32,231,17.034700315457414,6.309148264984227,10.725552050473187,82.96529968454259,10.094637223974763,72.87066246056783
E00168277,277,40,13,27,237,21,216,14.440433212996389,4.693140794223827,9.747292418772563,85.5595667870036,7.581227436823104,77.9783393501805
E00168278,321,35,13,22,286,27,259,10.903426791277258,4.049844236760125,6.853582554517133,89.09657320872275,8.411214953271028,80.68535825545172
E00168279,398,68,21,47,330,33,297,17.08542713567839,5.276381909547738,11.809045226130653,82.91457286432161,8.291457286432161,74.62311557788944
E00186869,420,53,16,37,367,34,333,12.619047619047619,3.8095238095238098,8.80952380952381,87.38095238095238,8.095238095238095,79.28571428571428
E00186897,278,67,38,29,211,23,188,24.100719424460433,13.66906474820144,10.431654676258994,75.89928057553958,8.273381294964029,67.62589928057554
E00186910,173,74,43,31,99,6,93,42.77456647398844,24.85549132947977,17.91907514450867,57.22543352601156,3.4682080924855487,53.75722543352601
E00186921,212,51,26,25,161,18,143,24.056603773584907,12.264150943396226,11.79245283018868,75.94339622641509,8.49056603773585,67.45283018867924
E00186930,453,45,11,34,408,23,385,9.933774834437086,2.4282560706401766,7.505518763796909,90.06622516556291,5.077262693156733,84.98896247240619
E00186956,171,25,11,14,146,11,135,14.619883040935672,6.432748538011696,8.187134502923977,85.38011695906432,6.432748538011696,78.94736842105263
E00187001,612,76,25,51,536,37,499,12.418300653594772,4.084967320261438,8.333333333333332,87.58169934640523,6.045751633986928,81.5359477124183
E00187020,237,27,16,11,210,18,192,11.39240506329114,6.751054852320674,4.641350210970464,88.60759493670885,7.59493670886076,81.0126582278481
