OA,ts0380001,ts0380002,ts0380003,ts0380004,ts0380005,ts0380006,ts0380007,ts0380002_PCT,ts0380003_PCT,ts0380004_PCT,ts0380005_PCT,ts0380006_PCT,ts0380007_PCT
E00062387,239,72,47,25,167,11,156,30.125523012552303,19.665271966527197,10.460251046025103,69.8744769874477,4.602510460251046,65.27196652719665
E00062388,360,89,45,44,271,22,249,24.72222222222222,12.5,12.222222222222221,75.27777777777777,6.111111111111111,69.16666666666667
E00062389,570,86,35,51,484,33,451,15.087719298245613,6.140350877192982,8.947368421052632,84.91228070175438,5.7894736842105265,79.12280701754386
E00062390,259,76,47,29,183,19,164,29.343629343629345,18.146718146718147,11.196911196911197,70.65637065637065,7.335907335907336,63.32046332046332
E00062391,282,69,35,34,213,15,198,24.46808510638298,12.411347517730496,12.056737588652481,75.53191489361703,5.319148936170213,70.2127659574468
E00062392,233,59,32,27,174,20,154,25.321888412017167,13.733905579399142,11.587982832618025,74.67811158798283,8.583690987124463,66.09442060085837
E00062393,436,124,78,46,312,29,283,28.440366972477065,17.889908256880734,10.550458715596331,71.55963302752293,6.651376146788992,64.90825688073394
E00062394,349,88,37,51,261,24,237,25.214899713467048,10.601719197707736,14.613180515759314,74.78510028653295,6.876790830945559,67.90830945558739
E00062395,315,69,27,42,246,21,225,21.904761904761905,8.571428571428571,13.333333333333334,78.0952380952381,6.666666666666667,71.42857142857143
E00062396,467,156,98,58,311,29,282,33.40471092077088,20.985010706638114,12.419700214132762,66.59528907922912,6.209850107066381,60.38543897216274
E00062397,290,66,26,40,224,20,204,22.758620689655174,8.96551724137931,13.793103448275861,77.24137931034483,6.896551724137931,70.34482758620689
E00062398,268,53,21,32,215,18,197,19.776119402985074,7.835820895522389,11.940298507462686,80.22388059701493,6.7164179104477615,73.50746268656717
E00062399,270,53,18,35,217,15,202,19.62962962962963,6.666666666666667,12.962962962962962,80.37037037037037,5.555555555555555,74.81481481481481
E00062400,284,61,33,28,223,15,208,21.47887323943662,11.619718309859154,9.859154929577464,78.52112676056338,5.28169014084507,73.23943661971832
E00062401,262,73,40,33,189,20,169,27.86259541984733,15.267175572519085,12.595419847328243,72.13740458015268,7.633587786259542,64.50381679389314
E00062402,249,59,24,35,190,21,169,23.694779116465863,9.63855421686747,14.056224899598394,76.30522088353415,8.433734939759036,67.8714859437751
E00062403,482,86,42,44,396,22,374,17.842323651452283,8.71369294605809,9.12863070539419,82.15767634854771,4.564315352697095,77.59336099585063
E00062404,257,87,43,44,170,6,164,33.85214007782101,16.731517509727624,17.120622568093385,66.14785992217898,2.3346303501945527,63.81322957198443
E00062405,314,56,19,37,258,19,239,17.8343949044586,6.050955414012739,11.78343949044586,82.16560509554141,6.050955414012739,76.11464968152866
E00062406,283,81,39,42,202,21,181,28.621908127208478,13.780918727915195,14.840989399293287,71.37809187279152,7.420494699646643,63.957597173144876
E00062407,517,82,36,46,435,24,411,15.860735009671178,6.963249516441006,8.897485493230175,84.13926499032883,4.642166344294004,79.49709864603481
E00062408,297,63,30,33,234,18,216,21.21212121212121,10.1010101010101,11.11111111111111,78.78787878787878,6.0606060606060606,72.72727272727273
E00062409,204,69,39,30,135,13,122,33.82352941176471,19.11764705882353,14.705882352941178,66.17647058823529,6.372549019607843,59.80392156862745
E00062410,305,72,26,46,233,16,217,23.60655737704918,8.524590163934425,15.081967213114755,76.39344262295083,5.245901639344262,71.14754098360656
E00062411,303,47,27,20,256,24,232,15.51155115511551,8.91089108910891,6.6006600660066,84.48844884488449,7.920792079207921,76.56765676567657
E00062412,317,46,20,26,271,28,243,14.511041009463725,6.309148264984227,8.201892744479496,85.48895899053628,8.832807570977918,76.65615141955836
E00062413,301,42,12,30,259,26,233,13.953488372093023,3.9867109634551494,9.966777408637874,86.04651162790698,8.637873754152823,77.40863787375415
E00062414,310,68,31,37,242,24,218,21.935483870967744,10,11.935483870967742,78.06451612903226,7.741935483870968,70.3225806451613
E00062415,204,31,11,20,173,18,155,15.196078431372548,5.392156862745098,9.803921568627452,84.80392156862744,8.823529411764707,75.98039215686273
E00062416,296,59,24,35,237,36,201,19.93243243243243,8.108108108108109,11.824324324324325,80.06756756756756,12.162162162162163,67.9054054054054
E00062417,302,51,19,32,251,27,224,16.887417218543046,6.291390728476822,10.596026490066226,83.11258278145695,8.940397350993377,74.17218543046357
E00062418,288,54,26,28,234,28,206,18.75,9.027777777777777,9.722222222222223,81.25,9.722222222222223,71.52777777777779
E00062419,287,67,25,42,220,20,200,23.34494773519164,8.710801393728223,14.634146341463413,76.65505226480836,6.968641114982578,69.68641114982579
E00062420,284,49,24,25,235,16,219,17.253521126760564,8.450704225352112,8.80281690140845,82.74647887323944,5.633802816901409,77.11267605633803
E00062421,334,74,27,47,260,29,231,22.15568862275449,8.08383233532934,14.071856287425149,77.84431137724552,8.682634730538922,69.16167664670658
E00062422,360,48,19,29,312,33,279,13.333333333333334,5.277777777777778,8.055555555555555,86.66666666666667,9.166666666666666,77.5
E00062423,431,59,16,43,372,28,344,13.68909512761021,3.7122969837587005,9.976798143851507,86.3109048723898,6.496519721577726,79.81438515081206
E00062424,278,48,23,25,230,18,212,17.26618705035971,8.273381294964029,8.992805755395683,82.73381294964028,6.474820143884892,76.2589928057554
E00062426,274,54,20,34,220,22,198,19.708029197080293,7.2992700729927,12.408759124087592,80.2919708029197,8.02919708029197,72.26277372262774
E00062428,323,44,13,31,279,21,258,13.622291021671826,4.024767801857585,9.597523219814242,86.37770897832817,6.5015479876160995,79.87616099071208
E00062429,284,45,16,29,239,25,214,15.845070422535212,5.633802816901409,10.211267605633804,84.15492957746478,8.80281690140845,75.35211267605634
E00062431,490,54,22,32,436,38,398,11.020408163265307,4.489795918367347,6.530612244897959,88.9795918367347,7.755102040816326,81.22448979591836
E00062434,245,46,18,28,199,20,179,18.775510204081634,7.346938775510205,11.428571428571429,81.22448979591836,8.16326530612245,73.06122448979592
E00062435,273,65,39,26,208,14,194,23.809523809523807,14.285714285714285,9.523809523809524,76.19047619047619,5.128205128205128,71.06227106227107
E00062436,266,49,23,26,217,16,201,18.421052631578945,8.646616541353383,9.774436090225564,81.57894736842105,6.015037593984962,75.56390977443608
E00062437,254,47,20,27,207,20,187,18.503937007874015,7.874015748031496,10.62992125984252,81.49606299212599,7.874015748031496,73.62204724409449
E00062438,419,103,43,60,316,27,289,24.58233890214797,10.26252983293556,14.319809069212411,75.41766109785203,6.443914081145586,68.97374701670644
E00062439,348,66,20,46,282,33,249,18.96551724137931,5.747126436781609,13.218390804597702,81.03448275862068,9.482758620689655,71.55172413793103
E00062440,333,66,28,38,267,25,242,19.81981981981982,8.408408408408409,11.411411411411411,80.18018018018019,7.5075075075075075,72.67267267267268
E00062441,267,75,29,46,192,8,184,28.08988764044944,10.861423220973784,17.228464419475657,71.91011235955057,2.9962546816479403,68.91385767790263
E00062442,307,61,29,32,246,23,223,19.86970684039088,9.446254071661238,10.423452768729643,80.13029315960912,7.491856677524431,72.63843648208469
E00062443,233,56,25,31,177,6,171,24.034334763948497,10.72961373390558,13.304721030042918,75.9656652360515,2.575107296137339,73.39055793991416
E00062444,425,131,74,57,294,29,265,30.823529411764707,17.41176470588235,13.411764705882353,69.17647058823529,6.8235294117647065,62.35294117647059
E00062445,298,85,58,27,213,20,193,28.523489932885905,19.463087248322147,9.060402684563758,71.47651006711409,6.7114093959731544,64.76510067114094
E00062446,280,71,37,34,209,14,195,25.357142857142854,13.214285714285715,12.142857142857142,74.64285714285714,5,69.64285714285714
E00062447,315,75,51,24,240,17,223,23.809523809523807,16.19047619047619,7.6190476190476195,76.19047619047619,5.396825396825397,70.7936507936508
E00062448,325,71,36,35,254,16,238,21.846153846153847,11.076923076923077,10.76923076923077,78.15384615384615,4.923076923076923,73.23076923076923
E00062449,274,71,35,36,203,19,184,25.91240875912409,12.773722627737227,13.138686131386862,74.08759124087592,6.934306569343065,67.15328467153284
E00062450,282,129,80,49,153,8,145,45.744680851063826,28.368794326241137,17.375886524822697,54.25531914893617,2.8368794326241136,51.41843971631206
E00062451,309,60,30,30,249,16,233,19.41747572815534,9.70873786407767,9.70873786407767,80.58252427184466,5.177993527508091,75.40453074433657
E00062452,284,70,32,38,214,15,199,24.647887323943664,11.267605633802818,13.380281690140844,75.35211267605634,5.28169014084507,70.07042253521126
E00062453,280,37,20,17,243,15,228,13.214285714285715,7.142857142857142,6.071428571428571,86.78571428571429,5.357142857142857,81.42857142857143
E00062454,302,57,19,38,245,18,227,18.874172185430464,6.291390728476822,12.582781456953644,81.12582781456953,5.960264900662252,75.16556291390728
E00062455,271,53,20,33,218,16,202,19.557195571955717,7.380073800738007,12.177121771217712,80.44280442804428,5.904059040590406,74.53874538745387
E00062456,266,61,28,33,205,17,188,22.932330827067666,10.526315789473683,12.406015037593985,77.06766917293233,6.390977443609022,70.67669172932331
E00062459,246,75,46,29,171,17,154,30.48780487804878,18.69918699186992,11.788617886178862,69.51219512195121,6.910569105691057,62.601626016260155
E00062460,195,54,26,28,141,15,126,27.692307692307693,13.333333333333334,14.358974358974358,72.3076923076923,7.6923076923076925,64.61538461538461
E00062461,240,64,23,41,176,20,156,26.666666666666668,9.583333333333334,17.083333333333332,73.33333333333333,8.333333333333332,65
E00062462,206,50,16,34,156,14,142,24.271844660194176,7.766990291262135,16.50485436893204,75.72815533980582,6.796116504854369,68.93203883495146
E00062463,312,83,47,36,229,22,207,26.602564102564102,15.064102564102564,11.538461538461538,73.3974358974359,7.051282051282051,66.34615384615384
E00062464,273,102,67,35,171,13,158,37.362637362637365,24.54212454212454,12.82051282051282,62.637362637362635,4.761904761904762,57.87545787545788
E00062465,180,65,34,31,115,17,98,36.11111111111111,18.88888888888889,17.22222222222222,63.888888888888886,9.444444444444445,54.44444444444444
E00062466,311,98,56,42,213,13,200,31.511254019292608,18.006430868167204,13.504823151125404,68.48874598070739,4.180064308681672,64.30868167202573
E00062467,351,73,35,38,278,24,254,20.7977207977208,9.971509971509972,10.826210826210826,79.2022792022792,6.837606837606838,72.36467236467237
E00062468,285,86,47,39,199,19,180,30.175438596491226,16.49122807017544,13.684210526315791,69.82456140350877,6.666666666666667,63.1578947368421
E00062469,491,91,51,40,400,27,373,18.533604887983707,10.386965376782078,8.146639511201629,81.4663951120163,5.4989816700611,75.96741344195519
E00062470,413,131,68,63,282,28,254,31.719128329297817,16.46489104116223,15.254237288135593,68.28087167070218,6.779661016949152,61.50121065375303
E00062471,245,65,33,32,180,15,165,26.53061224489796,13.46938775510204,13.061224489795919,73.46938775510205,6.122448979591836,67.3469387755102
E00062472,157,58,33,25,99,10,89,36.94267515923567,21.019108280254777,15.92356687898089,63.05732484076433,6.369426751592357,56.68789808917197
E00062473,230,73,42,31,157,14,143,31.73913043478261,18.26086956521739,13.478260869565217,68.26086956521739,6.086956521739131,62.17391304347826
E00062474,178,46,17,29,132,9,123,25.842696629213485,9.550561797752808,16.292134831460675,74.15730337078652,5.056179775280898,69.10112359550563
E00062475,216,91,47,44,125,6,119,42.129629629629626,21.75925925925926,20.37037037037037,57.870370370370374,2.7777777777777777,55.092592592592595
E00062477,143,52,31,21,91,8,83,36.36363636363637,21.678321678321677,14.685314685314685,63.63636363636363,5.594405594405594,58.04195804195804
E00062478,240,59,34,25,181,14,167,24.583333333333332,14.166666666666666,10.416666666666668,75.41666666666667,5.833333333333333,69.58333333333333
E00062479,246,75,40,35,171,13,158,30.48780487804878,16.260162601626014,14.227642276422763,69.51219512195121,5.284552845528456,64.22764227642277
E00062480,685,67,17,50,618,51,567,9.781021897810218,2.4817518248175183,7.2992700729927,90.21897810218978,7.445255474452554,82.77372262773723
E00062481,614,83,31,52,531,42,489,13.517915309446254,5.048859934853421,8.469055374592834,86.48208469055375,6.840390879478828,79.64169381107492
E00062482,317,42,14,28,275,20,255,13.249211356466878,4.416403785488959,8.832807570977918,86.75078864353313,6.309148264984227,80.4416403785489
E00062483,587,85,28,57,502,30,472,14.480408858603067,4.770017035775128,9.710391822827939,85.51959114139693,5.110732538330494,80.40885860306643
E00062485,427,47,18,29,380,37,343,11.00702576112412,4.215456674473068,6.791569086651054,88.99297423887587,8.665105386416862,80.32786885245902
E00062486,481,72,33,39,409,39,370,14.96881496881497,6.860706860706861,8.108108108108109,85.03118503118503,8.108108108108109,76.92307692307693
E00062487,304,41,11,30,263,21,242,13.486842105263158,3.618421052631579,9.868421052631579,86.51315789473685,6.907894736842106,79.60526315789474
E00062488,272,47,23,24,225,22,203,17.27941176470588,8.455882352941178,8.823529411764707,82.72058823529412,8.088235294117647,74.63235294117648
E00062489,173,51,27,24,122,19,103,29.47976878612717,15.606936416184972,13.872832369942195,70.52023121387283,10.982658959537572,59.53757225433526
E00062490,382,96,41,55,286,27,259,25.13089005235602,10.732984293193718,14.397905759162304,74.86910994764398,7.068062827225131,67.80104712041884
E00062491,542,66,29,37,476,31,445,12.177121771217712,5.350553505535055,6.826568265682657,87.82287822878229,5.719557195571956,82.10332103321034
E00062492,541,100,36,64,441,44,397,18.484288354898336,6.654343807763401,11.829944547134936,81.51571164510166,8.133086876155268,73.38262476894639
E00062493,460,121,66,55,339,24,315,26.304347826086953,14.347826086956522,11.956521739130435,73.69565217391305,5.217391304347826,68.47826086956522
E00062494,271,54,21,33,217,18,199,19.92619926199262,7.7490774907749085,12.177121771217712,80.07380073800738,6.642066420664207,73.43173431734317
E00062495,182,52,32,20,130,6,124,28.57142857142857,17.582417582417584,10.989010989010989,71.42857142857143,3.296703296703297,68.13186813186813
E00062497,420,85,44,41,335,21,314,20.238095238095237,10.476190476190476,9.761904761904763,79.76190476190477,5,74.76190476190476
E00062498,370,71,33,38,299,26,273,19.18918918918919,8.91891891891892,10.27027027027027,80.8108108108108,7.027027027027027,73.78378378378379
E00062499,334,60,26,34,274,16,258,17.964071856287426,7.784431137724551,10.179640718562874,82.03592814371258,4.790419161676647,77.24550898203593
E00062500,322,78,40,38,244,11,233,24.22360248447205,12.422360248447205,11.801242236024844,75.77639751552795,3.4161490683229814,72.36024844720497
E00062501,307,71,27,44,236,24,212,23.12703583061889,8.794788273615636,14.332247557003258,76.8729641693811,7.81758957654723,69.05537459283387
E00062502,308,57,27,30,251,19,232,18.506493506493506,8.766233766233766,9.740259740259742,81.4935064935065,6.1688311688311686,75.32467532467533
E00062503,244,75,43,32,169,11,158,30.737704918032787,17.62295081967213,13.114754098360656,69.26229508196722,4.508196721311475,64.75409836065575
E00062504,375,60,29,31,315,20,295,16,7.733333333333333,8.266666666666666,84,5.333333333333334,78.66666666666666
E00062505,278,88,47,41,190,16,174,31.654676258992804,16.906474820143885,14.748201438848922,68.34532374100719,5.755395683453238,62.589928057553955
E00062506,348,86,49,37,262,12,250,24.71264367816092,14.080459770114942,10.632183908045976,75.28735632183908,3.4482758620689653,71.83908045977012
E00062507,297,68,37,31,229,10,219,22.895622895622896,12.457912457912458,10.437710437710438,77.10437710437711,3.3670033670033668,73.73737373737373
E00062508,314,96,52,44,218,17,201,30.573248407643312,16.560509554140125,14.012738853503185,69.42675159235668,5.414012738853503,64.01273885350318
E00062509,435,102,51,51,333,26,307,23.448275862068964,11.724137931034482,11.724137931034482,76.55172413793103,5.977011494252873,70.57471264367817
E00062510,325,56,23,33,269,22,247,17.23076923076923,7.076923076923077,10.153846153846153,82.76923076923077,6.769230769230769,76
E00062511,244,67,38,29,177,15,162,27.459016393442624,15.573770491803279,11.885245901639344,72.54098360655738,6.147540983606557,66.39344262295081
E00062513,283,70,35,35,213,15,198,24.73498233215548,12.36749116607774,12.36749116607774,75.26501766784452,5.30035335689046,69.96466431095406
E00062514,237,61,22,39,176,26,150,25.738396624472575,9.282700421940929,16.455696202531644,74.26160337552743,10.970464135021098,63.29113924050633
E00062515,322,39,15,24,283,26,257,12.111801242236025,4.658385093167702,7.453416149068323,87.88819875776397,8.074534161490684,79.8136645962733
E00062516,509,64,12,52,445,41,404,12.573673870333987,2.357563850687623,10.216110019646365,87.42632612966601,8.055009823182711,79.3713163064833
E00062517,254,53,27,26,201,17,184,20.866141732283463,10.62992125984252,10.236220472440944,79.13385826771653,6.692913385826772,72.44094488188976
E00062519,297,70,32,38,227,25,202,23.56902356902357,10.774410774410773,12.794612794612794,76.43097643097643,8.417508417508419,68.01346801346801
E00062520,270,49,25,24,221,28,193,18.14814814814815,9.25925925925926,8.88888888888889,81.85185185185185,10.37037037037037,71.48148148148148
E00062521,306,52,22,30,254,28,226,16.99346405228758,7.18954248366013,9.803921568627452,83.00653594771242,9.15032679738562,73.8562091503268
E00062522,351,85,42,43,266,18,248,24.216524216524217,11.965811965811966,12.250712250712251,75.78347578347578,5.128205128205128,70.65527065527066
E00062523,298,43,13,30,255,16,239,14.429530201342283,4.3624161073825505,10.06711409395973,85.57046979865773,5.369127516778524,80.20134228187919
E00062524,341,35,17,18,306,35,271,10.263929618768328,4.9853372434017595,5.278592375366569,89.73607038123167,10.263929618768328,79.47214076246334
E00062525,239,65,26,39,174,18,156,27.19665271966527,10.87866108786611,16.317991631799163,72.80334728033473,7.531380753138076,65.27196652719665
E00062527,389,49,21,28,340,33,307,12.596401028277635,5.3984575835475574,7.197943444730077,87.40359897172236,8.483290488431876,78.9203084832905
E00062529,422,68,24,44,354,26,328,16.113744075829384,5.687203791469194,10.42654028436019,83.88625592417061,6.161137440758294,77.72511848341233
E00062530,293,61,24,37,232,16,216,20.819112627986346,8.19112627986348,12.627986348122866,79.18088737201366,5.460750853242321,73.72013651877133
E00062531,289,85,50,35,204,21,183,29.411764705882355,17.301038062283737,12.110726643598616,70.58823529411765,7.26643598615917,63.32179930795848
E00062532,328,98,46,52,230,19,211,29.878048780487802,14.02439024390244,15.853658536585366,70.1219512195122,5.7926829268292686,64.32926829268293
E00062533,260,75,38,37,185,11,174,28.846153846153843,14.615384615384617,14.23076923076923,71.15384615384616,4.230769230769231,66.92307692307692
E00062534,362,121,71,50,241,20,221,33.42541436464088,19.613259668508288,13.812154696132598,66.57458563535911,5.524861878453039,61.04972375690608
E00062535,252,57,29,28,195,23,172,22.61904761904762,11.507936507936508,11.11111111111111,77.38095238095238,9.126984126984127,68.25396825396825
E00062536,267,83,47,36,184,15,169,31.086142322097377,17.60299625468165,13.48314606741573,68.91385767790263,5.617977528089887,63.29588014981273
E00062537,267,62,38,24,205,20,185,23.220973782771537,14.232209737827715,8.98876404494382,76.77902621722846,7.490636704119851,69.28838951310861
E00062538,298,60,24,36,238,19,219,20.13422818791946,8.053691275167784,12.080536912751679,79.86577181208054,6.375838926174497,73.48993288590604
E00062539,333,65,26,39,268,28,240,19.51951951951952,7.807807807807808,11.711711711711711,80.48048048048048,8.408408408408409,72.07207207207207
E00062540,268,48,20,28,220,20,200,17.91044776119403,7.462686567164178,10.44776119402985,82.08955223880598,7.462686567164178,74.6268656716418
E00062541,299,57,28,29,242,14,228,19.063545150501675,9.364548494983277,9.698996655518394,80.93645484949833,4.682274247491638,76.2541806020067
E00062542,323,90,49,41,233,24,209,27.86377708978328,15.170278637770899,12.693498452012383,72.13622291021672,7.430340557275541,64.70588235294117
E00062543,259,49,25,24,210,16,194,18.91891891891892,9.652509652509652,9.266409266409266,81.08108108108108,6.177606177606178,74.9034749034749
E00062544,289,40,19,21,249,15,234,13.84083044982699,6.5743944636678195,7.26643598615917,86.159169550173,5.190311418685121,80.96885813148789
E00062545,245,83,42,41,162,20,142,33.87755102040816,17.142857142857142,16.73469387755102,66.12244897959184,8.16326530612245,57.95918367346938
E00062546,274,64,38,26,210,12,198,23.357664233576642,13.86861313868613,9.48905109489051,76.64233576642336,4.37956204379562,72.26277372262774
E00062547,324,66,28,38,258,23,235,20.37037037037037,8.641975308641975,11.728395061728394,79.62962962962963,7.098765432098765,72.53086419753086
E00062548,353,82,29,53,271,20,251,23.229461756373937,8.21529745042493,15.01416430594901,76.77053824362606,5.6657223796034,71.10481586402267
E00062549,306,91,53,38,215,19,196,29.73856209150327,17.320261437908496,12.418300653594772,70.26143790849673,6.209150326797386,64.05228758169935
E00062550,306,89,54,35,217,15,202,29.08496732026144,17.647058823529413,11.437908496732026,70.91503267973856,4.901960784313726,66.01307189542483
E00062551,300,91,51,40,209,15,194,30.333333333333336,17,13.333333333333334,69.66666666666667,5,64.66666666666666
E00062552,282,67,27,40,215,14,201,23.75886524822695,9.574468085106384,14.184397163120568,76.24113475177306,4.964539007092199,71.27659574468085
E00062553,228,81,45,36,147,14,133,35.526315789473685,19.736842105263158,15.789473684210526,64.47368421052632,6.140350877192982,58.333333333333336
E00062554,292,72,34,38,220,25,195,24.65753424657534,11.643835616438356,13.013698630136986,75.34246575342466,8.561643835616438,66.78082191780823
E00062555,327,57,25,32,270,25,245,17.431192660550458,7.64525993883792,9.785932721712538,82.56880733944955,7.64525993883792,74.92354740061162
E00062556,261,64,29,35,197,27,170,24.521072796934863,11.11111111111111,13.409961685823754,75.47892720306514,10.344827586206897,65.13409961685824
E00062557,306,52,28,24,254,21,233,16.99346405228758,9.15032679738562,7.8431372549019605,83.00653594771242,6.862745098039216,76.1437908496732
E00062558,295,64,25,39,231,18,213,21.694915254237287,8.47457627118644,13.220338983050848,78.30508474576271,6.101694915254238,72.20338983050848
E00062559,315,78,36,42,237,24,213,24.761904761904763,11.428571428571429,13.333333333333334,75.23809523809524,7.6190476190476195,67.61904761904762
E00062560,319,84,40,44,235,7,228,26.332288401253916,12.539184952978054,13.793103448275861,73.66771159874608,2.19435736677116,71.47335423197492
E00062561,347,50,23,27,297,28,269,14.409221902017292,6.628242074927954,7.780979827089338,85.5907780979827,8.069164265129682,77.52161383285303
E00062562,334,70,33,37,264,19,245,20.958083832335326,9.880239520958083,11.077844311377245,79.04191616766467,5.688622754491018,73.35329341317365
E00062563,312,56,28,28,256,26,230,17.94871794871795,8.974358974358974,8.974358974358974,82.05128205128204,8.333333333333332,73.71794871794873
E00062564,300,62,37,25,238,9,229,20.666666666666668,12.333333333333334,8.333333333333332,79.33333333333333,3,76.33333333333333
E00062565,281,128,74,54,153,16,137,45.55160142348754,26.334519572953734,19.217081850533805,54.44839857651246,5.6939501779359425,48.754448398576514
E00062566,290,56,15,41,234,16,218,19.310344827586206,5.172413793103448,14.13793103448276,80.6896551724138,5.517241379310345,75.17241379310344
E00062567,531,116,57,59,415,29,386,21.84557438794727,10.734463276836157,11.11111111111111,78.15442561205273,5.4613935969868175,72.69303201506591
E00062568,329,78,41,37,251,14,237,23.70820668693009,12.462006079027356,11.246200607902736,76.29179331306992,4.25531914893617,72.03647416413374
E00062569,341,80,46,34,261,17,244,23.46041055718475,13.48973607038123,9.970674486803519,76.53958944281524,4.9853372434017595,71.5542521994135
E00062570,282,63,31,32,219,32,187,22.340425531914892,10.99290780141844,11.347517730496454,77.6595744680851,11.347517730496454,66.31205673758865
E00062571,554,123,70,53,431,28,403,22.20216606498195,12.63537906137184,9.566787003610107,77.79783393501805,5.054151624548736,72.74368231046931
E00062572,312,88,41,47,224,22,202,28.205128205128204,13.141025641025642,15.064102564102564,71.7948717948718,7.051282051282051,64.74358974358975
E00062573,312,81,41,40,231,10,221,25.961538461538463,13.141025641025642,12.82051282051282,74.03846153846155,3.205128205128205,70.83333333333334
E00062574,319,72,36,36,247,23,224,22.570532915360502,11.285266457680251,11.285266457680251,77.4294670846395,7.210031347962382,70.21943573667711
E00062575,287,49,26,23,238,25,213,17.073170731707318,9.059233449477352,8.013937282229964,82.92682926829268,8.710801393728223,74.21602787456446
E00062576,278,64,32,32,214,17,197,23.021582733812952,11.510791366906476,11.510791366906476,76.97841726618705,6.115107913669065,70.86330935251799
E00062577,273,44,18,26,229,18,211,16.117216117216117,6.593406593406594,9.523809523809524,83.88278388278388,6.593406593406594,77.2893772893773
E00062578,241,56,30,26,185,16,169,23.236514522821576,12.448132780082988,10.78838174273859,76.76348547717843,6.639004149377594,70.12448132780082
E00062579,322,54,23,31,268,17,251,16.77018633540373,7.142857142857142,9.627329192546584,83.22981366459628,5.279503105590062,77.95031055900621
E00062580,238,52,18,34,186,17,169,21.84873949579832,7.563025210084033,14.285714285714285,78.15126050420169,7.142857142857142,71.00840336134453
E00062581,330,107,57,50,223,23,200,32.42424242424242,17.272727272727273,15.151515151515152,67.57575757575758,6.969696969696971,60.60606060606061
E00062582,432,167,110,57,265,25,240,38.657407407407405,25.462962962962965,13.194444444444445,61.342592592592595,5.787037037037037,55.55555555555556
E00062583,318,110,55,55,208,18,190,34.59119496855346,17.29559748427673,17.29559748427673,65.40880503144653,5.660377358490567,59.74842767295597
E00062584,344,85,41,44,259,20,239,24.709302325581394,11.918604651162791,12.790697674418606,75.29069767441861,5.813953488372093,69.47674418604652
E00062585,271,82,49,33,189,17,172,30.25830258302583,18.081180811808117,12.177121771217712,69.74169741697416,6.273062730627306,63.46863468634686
E00062586,230,50,25,25,180,18,162,21.73913043478261,10.869565217391305,10.869565217391305,78.26086956521739,7.82608695652174,70.43478260869566
E00062587,377,123,70,53,254,24,230,32.62599469496021,18.56763925729443,14.058355437665782,67.37400530503979,6.36604774535809,61.0079575596817
E00062589,324,111,57,54,213,11,202,34.25925925925926,17.59259259259259,16.666666666666664,65.74074074074075,3.3950617283950617,62.34567901234568
E00062590,246,97,55,42,149,18,131,39.43089430894309,22.35772357723577,17.073170731707318,60.56910569105691,7.317073170731707,53.2520325203252
E00062591,337,89,50,39,248,37,211,26.409495548961427,14.836795252225517,11.572700296735905,73.59050445103857,10.979228486646884,62.61127596439169
E00062592,251,83,40,43,168,15,153,33.067729083665334,15.936254980079681,17.131474103585656,66.93227091633466,5.9760956175298805,60.95617529880478
E00062593,244,79,39,40,165,15,150,32.37704918032787,15.983606557377051,16.39344262295082,67.62295081967213,6.147540983606557,61.47540983606557
E00062594,324,119,84,35,205,10,195,36.7283950617284,25.925925925925924,10.802469135802468,63.27160493827161,3.0864197530864197,60.18518518518518
E00062595,271,87,38,49,184,11,173,32.10332103321033,14.022140221402212,18.081180811808117,67.89667896678966,4.059040590405904,63.837638376383765
E00062596,259,107,41,66,152,18,134,41.312741312741316,15.83011583011583,25.482625482625483,58.68725868725869,6.94980694980695,51.737451737451735
E00062597,382,129,83,46,253,16,237,33.7696335078534,21.727748691099478,12.041884816753926,66.2303664921466,4.18848167539267,62.04188481675392
E00062598,260,70,39,31,190,17,173,26.923076923076923,15,11.923076923076923,73.07692307692307,6.538461538461539,66.53846153846153
E00062599,224,63,38,25,161,13,148,28.125,16.964285714285715,11.160714285714286,71.875,5.803571428571429,66.07142857142857
E00062600,327,74,33,41,253,18,235,22.629969418960243,10.091743119266056,12.538226299694188,77.37003058103976,5.5045871559633035,71.86544342507645
E00062601,312,62,31,31,250,22,228,19.871794871794872,9.935897435897436,9.935897435897436,80.12820512820514,7.051282051282051,73.07692307692307
E00062603,179,57,34,23,122,12,110,31.843575418994412,18.994413407821227,12.849162011173185,68.15642458100558,6.70391061452514,61.452513966480446
E00062604,340,90,48,42,250,24,226,26.47058823529412,14.117647058823529,12.352941176470589,73.52941176470588,7.0588235294117645,66.47058823529412
E00062605,264,75,43,32,189,20,169,28.40909090909091,16.28787878787879,12.121212121212121,71.5909090909091,7.575757575757576,64.01515151515152
E00062606,279,67,24,43,212,25,187,24.014336917562723,8.60215053763441,15.412186379928317,75.98566308243727,8.960573476702509,67.02508960573476
E00062607,225,42,25,17,183,18,165,18.666666666666668,11.11111111111111,7.555555555555555,81.33333333333333,8,73.33333333333333
E00062608,246,58,20,38,188,19,169,23.577235772357724,8.130081300813007,15.447154471544716,76.42276422764228,7.723577235772358,68.69918699186992
E00062609,279,59,25,34,220,18,202,21.14695340501792,8.960573476702509,12.186379928315413,78.85304659498208,6.451612903225806,72.40143369175627
E00062610,262,44,21,23,218,19,199,16.793893129770993,8.015267175572518,8.778625954198473,83.20610687022901,7.251908396946565,75.95419847328245
E00062611,272,77,35,42,195,17,178,28.308823529411764,12.867647058823529,15.441176470588236,71.69117647058823,6.25,65.44117647058823
E00062612,298,37,16,21,261,23,238,12.416107382550337,5.369127516778524,7.046979865771812,87.58389261744966,7.718120805369128,79.86577181208054
E00062613,280,57,35,22,223,22,201,20.357142857142858,12.5,7.857142857142857,79.64285714285714,7.857142857142857,71.78571428571429
E00062614,431,161,84,77,270,21,249,37.35498839907193,19.489559164733176,17.865429234338748,62.64501160092807,4.872389791183294,57.772621809744784
E00062615,290,39,14,25,251,28,223,13.448275862068964,4.827586206896552,8.620689655172415,86.55172413793103,9.655172413793103,76.89655172413794
E00062616,243,50,25,25,193,15,178,20.5761316872428,10.2880658436214,10.2880658436214,79.42386831275721,6.172839506172839,73.25102880658436
E00062617,307,83,44,39,224,16,208,27.035830618892508,14.332247557003258,12.703583061889251,72.9641693811075,5.211726384364821,67.75244299674267
E00062618,249,55,24,31,194,16,178,22.08835341365462,9.63855421686747,12.449799196787147,77.91164658634538,6.425702811244979,71.4859437751004
E00062619,291,68,40,28,223,24,199,23.367697594501717,13.745704467353953,9.621993127147768,76.6323024054983,8.24742268041237,68.38487972508591
E00062620,227,112,72,40,115,10,105,49.33920704845815,31.718061674008812,17.62114537444934,50.66079295154186,4.405286343612335,46.25550660792951
E00062621,310,65,33,32,245,18,227,20.967741935483872,10.64516129032258,10.32258064516129,79.03225806451613,5.806451612903226,73.22580645161291
E00062622,314,52,23,29,262,27,235,16.560509554140125,7.32484076433121,9.235668789808917,83.43949044585987,8.598726114649681,74.84076433121018
E00062623,281,52,24,28,229,17,212,18.505338078291814,8.540925266903916,9.9644128113879,81.49466192170819,6.049822064056939,75.44483985765125
E00062624,371,61,17,44,310,31,279,16.442048517520217,4.5822102425876015,11.859838274932615,83.55795148247978,8.355795148247978,75.2021563342318
E00062625,322,70,28,42,252,29,223,21.73913043478261,8.695652173913043,13.043478260869565,78.26086956521739,9.006211180124224,69.25465838509317
E00062626,271,73,34,39,198,19,179,26.937269372693727,12.546125461254611,14.391143911439114,73.06273062730627,7.011070110701106,66.05166051660517
E00062627,265,43,20,23,222,20,202,16.22641509433962,7.547169811320755,8.679245283018867,83.77358490566039,7.547169811320755,76.22641509433963
E00062628,396,93,38,55,303,23,280,23.484848484848484,9.595959595959595,13.88888888888889,76.51515151515152,5.808080808080808,70.70707070707071
E00062629,272,69,42,27,203,21,182,25.36764705882353,15.441176470588236,9.926470588235293,74.63235294117648,7.720588235294118,66.91176470588235
E00062630,419,75,24,51,344,21,323,17.899761336515514,5.727923627684964,12.17183770883055,82.10023866348448,5.011933174224343,77.08830548926015
E00062631,257,49,24,25,208,27,181,19.06614785992218,9.33852140077821,9.72762645914397,80.93385214007782,10.505836575875486,70.42801556420234
E00062632,444,70,24,46,374,28,346,15.765765765765765,5.405405405405405,10.36036036036036,84.23423423423422,6.306306306306306,77.92792792792793
E00062633,278,64,24,40,214,22,192,23.021582733812952,8.633093525179856,14.388489208633093,76.97841726618705,7.913669064748201,69.06474820143885
E00062634,323,46,20,26,277,27,250,14.241486068111456,6.191950464396285,8.04953560371517,85.75851393188854,8.359133126934983,77.39938080495357
E00062635,353,65,31,34,288,29,259,18.413597733711047,8.78186968838527,9.631728045325778,81.58640226628894,8.21529745042493,73.37110481586402
E00062636,330,59,23,36,271,30,241,17.87878787878788,6.969696969696971,10.909090909090908,82.12121212121211,9.090909090909092,73.03030303030303
E00062637,352,95,41,54,257,35,222,26.988636363636363,11.647727272727272,15.340909090909092,73.01136363636364,9.943181818181818,63.06818181818182
E00062638,302,65,26,39,237,21,216,21.52317880794702,8.609271523178808,12.91390728476821,78.47682119205298,6.95364238410596,71.52317880794702
E00062639,249,60,23,37,189,25,164,24.096385542168676,9.236947791164658,14.859437751004014,75.90361445783132,10.040160642570282,65.86345381526104
E00062640,249,40,15,25,209,17,192,16.06425702811245,6.024096385542169,10.040160642570282,83.93574297188755,6.827309236947792,77.10843373493977
E00062641,296,48,26,22,248,17,231,16.216216216216218,8.783783783783784,7.4324324324324325,83.78378378378379,5.743243243243244,78.04054054054053
E00062642,307,59,31,28,248,17,231,19.218241042345277,10.097719869706841,9.120521172638437,80.78175895765473,5.537459283387622,75.2442996742671
E00062643,288,50,13,37,238,21,217,17.36111111111111,4.513888888888888,12.847222222222221,82.63888888888889,7.291666666666667,75.34722222222221
E00062644,289,87,47,40,202,10,192,30.103806228373703,16.26297577854671,13.84083044982699,69.8961937716263,3.4602076124567476,66.43598615916954
E00062645,282,67,31,36,215,14,201,23.75886524822695,10.99290780141844,12.76595744680851,76.24113475177306,4.964539007092199,71.27659574468085
E00062646,295,46,19,27,249,26,223,15.593220338983052,6.440677966101695,9.152542372881356,84.40677966101696,8.813559322033898,75.59322033898304
E00062647,297,95,54,41,202,19,183,31.986531986531986,18.181818181818183,13.804713804713806,68.01346801346801,6.397306397306397,61.61616161616161
E00062648,283,90,57,33,193,8,185,31.802120141342755,20.141342756183743,11.66077738515901,68.19787985865725,2.8268551236749118,65.37102473498233
E00062649,313,77,42,35,236,12,224,24.600638977635782,13.418530351437699,11.182108626198083,75.39936102236422,3.8338658146964857,71.56549520766772
E00062650,226,35,16,19,191,13,178,15.486725663716813,7.079646017699115,8.4070796460177,84.51327433628319,5.752212389380531,78.76106194690266
E00062651,234,62,39,23,172,11,161,26.495726495726498,16.666666666666664,9.82905982905983,73.50427350427351,4.700854700854701,68.80341880341881
E00062652,294,70,32,38,224,16,208,23.809523809523807,10.884353741496598,12.925170068027212,76.19047619047619,5.442176870748299,70.74829931972789
E00062653,307,67,24,43,240,35,205,21.824104234527688,7.81758957654723,14.006514657980457,78.17589576547232,11.400651465798045,66.77524429967427
E00062654,211,74,40,34,137,13,124,35.07109004739337,18.95734597156398,16.113744075829384,64.92890995260665,6.161137440758294,58.767772511848335
E00062655,210,66,39,27,144,19,125,31.428571428571427,18.571428571428573,12.857142857142856,68.57142857142857,9.047619047619047,59.523809523809526
E00062656,233,69,40,29,164,13,151,29.613733905579398,17.167381974248926,12.446351931330472,70.3862660944206,5.579399141630901,64.8068669527897
E00062657,239,65,44,21,174,9,165,27.19665271966527,18.410041841004183,8.786610878661087,72.80334728033473,3.765690376569038,69.0376569037657
E00062658,213,35,16,19,178,28,150,16.431924882629108,7.511737089201878,8.92018779342723,83.56807511737088,13.145539906103288,70.4225352112676
E00062659,250,75,44,31,175,14,161,30,17.599999999999998,12.4,70,5.6000000000000005,64.4
E00062660,230,67,35,32,163,8,155,29.130434782608695,15.217391304347828,13.91304347826087,70.86956521739131,3.4782608695652173,67.3913043478261
E00062661,290,66,26,40,224,25,199,22.758620689655174,8.96551724137931,13.793103448275861,77.24137931034483,8.620689655172415,68.62068965517241
E00062662,304,64,27,37,240,17,223,21.052631578947366,8.881578947368421,12.171052631578947,78.94736842105263,5.592105263157895,73.35526315789474
E00062663,277,80,47,33,197,13,184,28.880866425992778,16.967509025270758,11.913357400722022,71.11913357400722,4.693140794223827,66.4259927797834
E00062664,299,64,30,34,235,17,218,21.40468227424749,10.033444816053512,11.37123745819398,78.59531772575251,5.68561872909699,72.90969899665552
E00062665,278,61,24,37,217,18,199,21.942446043165468,8.633093525179856,13.309352517985612,78.05755395683454,6.474820143884892,71.58273381294964
E00062666,332,75,33,42,257,15,242,22.590361445783135,9.939759036144578,12.650602409638553,77.40963855421687,4.518072289156627,72.89156626506023
E00062667,313,54,24,30,259,19,240,17.252396166134183,7.667731629392971,9.584664536741213,82.74760383386581,6.070287539936102,76.6773162939297
E00062668,505,52,21,31,453,39,414,10.297029702970297,4.1584158415841586,6.138613861386139,89.70297029702971,7.7227722772277225,81.98019801980197
E00062669,384,119,60,59,265,26,239,30.989583333333332,15.625,15.364583333333334,69.01041666666666,6.770833333333333,62.239583333333336
E00062670,278,51,25,26,227,14,213,18.345323741007196,8.992805755395683,9.352517985611511,81.65467625899281,5.0359712230215825,76.61870503597122
E00062671,354,77,42,35,277,24,253,21.75141242937853,11.864406779661017,9.887005649717514,78.24858757062147,6.779661016949152,71.46892655367232
E00062672,400,76,36,40,324,24,300,19,9,10,81,6,75
E00062673,309,67,29,38,242,17,225,21.68284789644013,9.385113268608414,12.297734627831716,78.31715210355988,5.501618122977346,72.81553398058253
E00062674,371,54,22,32,317,32,285,14.555256064690028,5.929919137466308,8.62533692722372,85.44474393530997,8.62533692722372,76.81940700808624
E00062675,325,67,29,38,258,19,239,20.615384615384617,8.923076923076923,11.692307692307692,79.38461538461539,5.846153846153846,73.53846153846155
E00062676,314,86,50,36,228,21,207,27.388535031847134,15.92356687898089,11.464968152866243,72.61146496815286,6.687898089171974,65.92356687898089
E00062677,269,63,30,33,206,17,189,23.42007434944238,11.152416356877323,12.267657992565056,76.57992565055763,6.319702602230483,70.26022304832715
E00062678,322,75,31,44,247,20,227,23.29192546583851,9.627329192546584,13.664596273291925,76.70807453416148,6.211180124223603,70.4968944099379
E00062680,289,76,39,37,213,17,196,26.297577854671278,13.494809688581316,12.802768166089965,73.70242214532871,5.88235294117647,67.82006920415225
E00062681,276,71,39,32,205,11,194,25.724637681159418,14.130434782608695,11.594202898550725,74.27536231884058,3.985507246376811,70.28985507246377
E00062682,315,77,45,32,238,17,221,24.444444444444443,14.285714285714285,10.158730158730158,75.55555555555556,5.396825396825397,70.15873015873015
E00062683,291,69,33,36,222,19,203,23.711340206185564,11.34020618556701,12.371134020618557,76.28865979381443,6.529209621993128,69.7594501718213
E00062684,342,73,24,49,269,15,254,21.34502923976608,7.017543859649122,14.327485380116958,78.65497076023392,4.385964912280701,74.26900584795322
E00062685,308,60,32,28,248,29,219,19.480519480519483,10.38961038961039,9.090909090909092,80.51948051948052,9.415584415584416,71.1038961038961
E00062686,352,54,22,32,298,33,265,15.340909090909092,6.25,9.090909090909092,84.6590909090909,9.375,75.2840909090909
E00062687,315,79,36,43,236,27,209,25.07936507936508,11.428571428571429,13.65079365079365,74.92063492063492,8.571428571428571,66.34920634920634
E00062688,256,48,19,29,208,24,184,18.75,7.421875,11.328125,81.25,9.375,71.875
E00062689,231,55,20,35,176,15,161,23.809523809523807,8.658008658008658,15.151515151515152,76.19047619047619,6.493506493506493,69.6969696969697
E00062690,227,41,16,25,186,19,167,18.06167400881057,7.048458149779736,11.013215859030836,81.93832599118943,8.370044052863436,73.568281938326
E00062691,193,81,42,39,112,9,103,41.968911917098445,21.761658031088082,20.207253886010363,58.03108808290155,4.66321243523316,53.36787564766839
E00062692,251,51,21,30,200,21,179,20.318725099601593,8.366533864541832,11.952191235059761,79.6812749003984,8.366533864541832,71.31474103585657
E00062693,269,41,15,26,228,27,201,15.241635687732341,5.5762081784386615,9.66542750929368,84.75836431226766,10.037174721189592,74.72118959107806
E00062694,230,54,35,19,176,11,165,23.47826086956522,15.217391304347828,8.26086956521739,76.52173913043478,4.782608695652174,71.73913043478261
E00062695,279,47,15,32,232,14,218,16.845878136200717,5.376344086021505,11.469534050179211,83.15412186379928,5.017921146953405,78.13620071684588
E00062696,331,64,20,44,267,28,239,19.335347432024168,6.042296072507553,13.293051359516618,80.66465256797582,8.459214501510575,72.20543806646525
E00062697,252,82,47,35,170,9,161,32.53968253968254,18.650793650793652,13.88888888888889,67.46031746031747,3.571428571428571,63.888888888888886
E00062698,287,64,22,42,223,18,205,22.299651567944252,7.665505226480835,14.634146341463413,77.70034843205575,6.2717770034843205,71.42857142857143
E00062701,283,97,50,47,186,15,171,34.275618374558306,17.6678445229682,16.607773851590103,65.7243816254417,5.30035335689046,60.42402826855123
E00062702,268,66,29,37,202,21,181,24.62686567164179,10.820895522388058,13.805970149253731,75.3731343283582,7.835820895522389,67.53731343283582
E00062703,295,70,34,36,225,16,209,23.728813559322035,11.525423728813559,12.203389830508476,76.27118644067797,5.423728813559322,70.84745762711864
E00062705,245,58,29,29,187,12,175,23.6734693877551,11.83673469387755,11.83673469387755,76.32653061224491,4.8979591836734695,71.42857142857143
E00062707,304,61,26,35,243,37,206,20.065789473684212,8.552631578947368,11.513157894736842,79.93421052631578,12.171052631578947,67.76315789473685
E00062708,357,56,18,38,301,31,270,15.686274509803921,5.042016806722689,10.644257703081232,84.31372549019608,8.683473389355742,75.63025210084034
E00062709,276,55,29,26,221,26,195,19.92753623188406,10.507246376811594,9.420289855072465,80.07246376811594,9.420289855072465,70.65217391304348
E00062710,570,70,30,40,500,41,459,12.280701754385964,5.263157894736842,7.017543859649122,87.71929824561403,7.192982456140351,80.52631578947368
E00062711,270,46,19,27,224,23,201,17.037037037037038,7.037037037037037,10,82.96296296296296,8.518518518518519,74.44444444444444
E00062712,339,45,21,24,294,18,276,13.274336283185843,6.1946902654867255,7.079646017699115,86.72566371681415,5.3097345132743365,81.41592920353983
E00062713,231,43,19,24,188,22,166,18.614718614718615,8.225108225108226,10.38961038961039,81.38528138528139,9.523809523809524,71.86147186147186
E00062714,508,108,37,71,400,24,376,21.25984251968504,7.283464566929133,13.976377952755906,78.74015748031496,4.724409448818897,74.01574803149606
E00062715,234,45,16,29,189,28,161,19.230769230769234,6.837606837606838,12.393162393162394,80.76923076923077,11.965811965811966,68.80341880341881
E00062716,314,72,41,31,242,19,223,22.929936305732486,13.05732484076433,9.872611464968154,77.07006369426752,6.050955414012739,71.01910828025477
E00062717,238,60,30,30,178,21,157,25.210084033613445,12.605042016806722,12.605042016806722,74.78991596638656,8.823529411764707,65.96638655462185
E00062718,304,82,42,40,222,27,195,26.973684210526315,13.815789473684212,13.157894736842104,73.02631578947368,8.881578947368421,64.14473684210526
E00062719,253,64,31,33,189,7,182,25.296442687747035,12.25296442687747,13.043478260869565,74.70355731225297,2.766798418972332,71.93675889328063
E00062720,351,80,33,47,271,28,243,22.79202279202279,9.401709401709402,13.390313390313391,77.20797720797721,7.977207977207977,69.23076923076923
E00062721,335,96,46,50,239,14,225,28.65671641791045,13.73134328358209,14.925373134328357,71.34328358208955,4.179104477611941,67.16417910447761
E00062722,325,88,48,40,237,28,209,27.076923076923077,14.76923076923077,12.307692307692308,72.92307692307692,8.615384615384615,64.3076923076923
E00062723,314,81,43,38,233,17,216,25.796178343949045,13.694267515923567,12.101910828025478,74.20382165605095,5.414012738853503,68.78980891719745
E00062724,241,54,25,29,187,17,170,22.40663900414938,10.37344398340249,12.033195020746888,77.59336099585063,7.053941908713693,70.53941908713693
E00062725,347,93,53,40,254,18,236,26.801152737752158,15.273775216138327,11.527377521613833,73.19884726224784,5.187319884726225,68.01152737752162
E00062726,289,39,11,28,250,27,223,13.494809688581316,3.8062283737024223,9.688581314878892,86.50519031141869,9.342560553633218,77.16262975778547
E00062727,306,55,32,23,251,22,229,17.973856209150327,10.457516339869281,7.516339869281046,82.02614379084967,7.18954248366013,74.83660130718954
E00062728,263,66,31,35,197,19,178,25.09505703422053,11.787072243346007,13.307984790874524,74.90494296577947,7.224334600760455,67.68060836501901
E00062729,258,69,37,32,189,16,173,26.744186046511626,14.34108527131783,12.4031007751938,73.25581395348837,6.2015503875969,67.05426356589147
E00062730,298,63,28,35,235,29,206,21.140939597315437,9.395973154362416,11.74496644295302,78.85906040268456,9.731543624161073,69.12751677852349
E00062731,309,65,24,41,244,17,227,21.035598705501616,7.766990291262135,13.268608414239482,78.96440129449837,5.501618122977346,73.46278317152104
E00062732,328,91,53,38,237,14,223,27.743902439024392,16.158536585365855,11.585365853658537,72.2560975609756,4.2682926829268295,67.98780487804879
E00062733,317,67,32,35,250,25,225,21.13564668769716,10.094637223974763,11.041009463722396,78.86435331230284,7.886435331230284,70.97791798107255
E00062734,278,81,41,40,197,14,183,29.136690647482016,14.748201438848922,14.388489208633093,70.86330935251799,5.0359712230215825,65.82733812949641
E00062735,264,58,29,29,206,12,194,21.96969696969697,10.984848484848484,10.984848484848484,78.03030303030303,4.545454545454546,73.48484848484848
E00062736,317,66,30,36,251,15,236,20.82018927444795,9.46372239747634,11.35646687697161,79.17981072555204,4.73186119873817,74.44794952681389
E00062737,284,85,54,31,199,14,185,29.929577464788732,19.014084507042252,10.915492957746478,70.07042253521126,4.929577464788732,65.14084507042254
E00062738,372,109,60,49,263,23,240,29.301075268817208,16.129032258064516,13.172043010752688,70.6989247311828,6.182795698924731,64.51612903225806
E00062739,328,94,48,46,234,21,213,28.65853658536585,14.634146341463413,14.02439024390244,71.34146341463415,6.402439024390244,64.9390243902439
E00062740,269,102,56,46,167,12,155,37.9182156133829,20.817843866171003,17.100371747211895,62.0817843866171,4.4609665427509295,57.62081784386617
E00062741,352,97,45,52,255,17,238,27.556818181818183,12.784090909090908,14.772727272727273,72.44318181818183,4.829545454545454,67.61363636363636
E00062742,331,96,49,47,235,22,213,29.003021148036257,14.803625377643503,14.19939577039275,70.99697885196375,6.646525679758309,64.35045317220543
E00062743,288,78,45,33,210,18,192,27.083333333333332,15.625,11.458333333333332,72.91666666666666,6.25,66.66666666666666
E00062744,335,88,51,37,247,12,235,26.268656716417908,15.223880597014924,11.044776119402986,73.73134328358208,3.582089552238806,70.1492537313433
E00062745,303,96,52,44,207,11,196,31.683168316831683,17.16171617161716,14.521452145214523,68.31683168316832,3.6303630363036308,64.68646864686468
E00062746,220,61,37,24,159,18,141,27.727272727272727,16.818181818181817,10.909090909090908,72.27272727272728,8.181818181818182,64.0909090909091
E00062747,242,77,39,38,165,16,149,31.818181818181817,16.115702479338843,15.702479338842975,68.18181818181817,6.6115702479338845,61.57024793388429
E00062748,326,78,48,30,248,14,234,23.92638036809816,14.723926380368098,9.202453987730062,76.07361963190185,4.294478527607362,71.77914110429448
E00062749,331,70,27,43,261,18,243,21.148036253776432,8.157099697885197,12.990936555891238,78.85196374622356,5.438066465256798,73.41389728096676
E00062751,186,47,27,20,139,9,130,25.268817204301076,14.516129032258066,10.75268817204301,74.73118279569893,4.838709677419355,69.89247311827957
E00062752,476,98,37,61,378,27,351,20.588235294117645,7.773109243697479,12.815126050420167,79.41176470588235,5.6722689075630255,73.73949579831933
E00062753,224,58,33,25,166,9,157,25.892857142857146,14.732142857142858,11.160714285714286,74.10714285714286,4.017857142857143,70.08928571428571
E00062754,422,88,52,36,334,21,313,20.85308056872038,12.322274881516588,8.530805687203792,79.14691943127961,4.976303317535545,74.17061611374407
E00062755,304,84,49,35,220,13,207,27.631578947368425,16.11842105263158,11.513157894736842,72.36842105263158,4.276315789473684,68.0921052631579
E00062756,244,71,40,31,173,12,161,29.098360655737704,16.39344262295082,12.704918032786885,70.90163934426229,4.918032786885246,65.98360655737704
E00062757,232,61,39,22,171,15,156,26.29310344827586,16.810344827586206,9.482758620689655,73.70689655172413,6.4655172413793105,67.24137931034483
E00062758,270,54,31,23,216,23,193,20,11.481481481481481,8.518518518518519,80,8.518518518518519,71.48148148148148
E00062759,272,82,51,31,190,15,175,30.14705882352941,18.75,11.397058823529411,69.85294117647058,5.514705882352941,64.33823529411765
E00062760,364,79,41,38,285,20,265,21.703296703296704,11.263736263736265,10.43956043956044,78.2967032967033,5.4945054945054945,72.8021978021978
E00062761,291,47,24,23,244,17,227,16.151202749140893,8.24742268041237,7.903780068728522,83.8487972508591,5.841924398625429,78.00687285223368
E00062762,376,82,49,33,294,19,275,21.808510638297875,13.031914893617023,8.77659574468085,78.19148936170212,5.053191489361701,73.13829787234043
E00062763,325,81,40,41,244,10,234,24.923076923076923,12.307692307692308,12.615384615384615,75.07692307692308,3.076923076923077,72
E00062764,391,110,68,42,281,25,256,28.13299232736573,17.391304347826086,10.741687979539643,71.86700767263427,6.3938618925831205,65.47314578005115
E00062765,374,130,70,60,244,20,224,34.75935828877005,18.71657754010695,16.042780748663102,65.24064171122996,5.347593582887701,59.893048128342244
E00062766,316,94,50,44,222,19,203,29.746835443037973,15.822784810126583,13.924050632911392,70.25316455696202,6.012658227848101,64.24050632911393
E00062767,390,131,71,60,259,16,243,33.589743589743584,18.205128205128204,15.384615384615385,66.41025641025641,4.102564102564102,62.30769230769231
E00062769,364,108,65,43,256,23,233,29.67032967032967,17.857142857142858,11.813186813186812,70.32967032967034,6.318681318681318,64.01098901098901
E00062770,170,59,25,34,111,8,103,34.705882352941174,14.705882352941178,20,65.29411764705883,4.705882352941177,60.588235294117645
E00170524,259,54,26,28,205,13,192,20.84942084942085,10.038610038610038,10.81081081081081,79.15057915057915,5.019305019305019,74.13127413127413
E00170525,126,26,15,11,100,8,92,20.634920634920633,11.904761904761903,8.73015873015873,79.36507936507937,6.349206349206349,73.01587301587301
E00170526,160,41,22,19,119,20,99,25.624999999999996,13.750000000000002,11.875,74.375,12.5,61.875
E00170527,402,66,29,37,336,23,313,16.417910447761194,7.213930348258707,9.203980099502488,83.5820895522388,5.721393034825871,77.86069651741293
E00170528,286,39,15,24,247,30,217,13.636363636363635,5.244755244755245,8.391608391608392,86.36363636363636,10.48951048951049,75.87412587412588
E00170530,227,58,24,34,169,16,153,25.55066079295154,10.572687224669604,14.977973568281937,74.44933920704845,7.048458149779736,67.40088105726872
E00170531,213,39,17,22,174,11,163,18.30985915492958,7.981220657276995,10.328638497652582,81.69014084507043,5.164319248826291,76.52582159624414
E00170532,307,38,16,22,269,27,242,12.37785016286645,5.211726384364821,7.166123778501629,87.62214983713355,8.794788273615636,78.82736156351791
E00170533,258,43,14,29,215,17,198,16.666666666666664,5.426356589147287,11.24031007751938,83.33333333333334,6.5891472868217065,76.74418604651163
E00170534,316,34,10,24,282,24,258,10.759493670886076,3.1645569620253164,7.59493670886076,89.24050632911393,7.59493670886076,81.64556962025317
E00170535,254,26,8,18,228,15,213,10.236220472440944,3.149606299212598,7.086614173228346,89.76377952755905,5.905511811023622,83.85826771653542
E00170536,314,29,10,19,285,32,253,9.235668789808917,3.1847133757961785,6.050955414012739,90.76433121019109,10.191082802547772,80.57324840764332
E00170537,278,56,24,32,222,22,200,20.14388489208633,8.633093525179856,11.510791366906476,79.85611510791367,7.913669064748201,71.94244604316546
E00170538,299,37,16,21,262,21,241,12.37458193979933,5.351170568561873,7.023411371237458,87.62541806020067,7.023411371237458,80.60200668896321
E00170539,114,41,22,19,73,8,65,35.96491228070175,19.298245614035086,16.666666666666664,64.03508771929825,7.017543859649122,57.01754385964912
E00170540,309,78,37,41,231,21,210,25.24271844660194,11.974110032362459,13.268608414239482,74.75728155339806,6.796116504854369,67.96116504854369
E00170541,135,69,40,29,66,11,55,51.11111111111111,29.629629629629626,21.48148148148148,48.888888888888886,8.148148148148149,40.74074074074074
E00170542,362,98,51,47,264,15,249,27.071823204419886,14.088397790055248,12.98342541436464,72.92817679558011,4.143646408839778,68.78453038674033
E00170543,269,73,33,40,196,21,175,27.137546468401485,12.267657992565056,14.869888475836431,72.86245353159852,7.806691449814126,65.05576208178438
E00170544,413,50,18,32,363,34,329,12.106537530266344,4.358353510895883,7.74818401937046,87.89346246973365,8.232445520581114,79.66101694915254
E00170545,587,50,11,39,537,51,486,8.517887563884157,1.8739352640545146,6.643952299829642,91.48211243611584,8.68824531516184,82.793867120954
E00170546,564,53,19,34,511,42,469,9.397163120567376,3.368794326241135,6.028368794326241,90.60283687943263,7.446808510638298,83.15602836879432
E00170547,247,27,12,15,220,22,198,10.931174089068826,4.8582995951417,6.0728744939271255,89.06882591093117,8.906882591093117,80.16194331983806
E00170548,269,45,17,28,224,20,204,16.728624535315987,6.319702602230483,10.408921933085502,83.27137546468401,7.434944237918216,75.8364312267658
E00170549,287,26,7,19,261,29,232,9.059233449477352,2.4390243902439024,6.620209059233449,90.94076655052264,10.104529616724738,80.8362369337979
E00170550,150,23,8,15,127,8,119,15.333333333333332,5.333333333333334,10,84.66666666666667,5.333333333333334,79.33333333333333
E00170551,583,73,24,49,510,36,474,12.521440823327614,4.1166380789022305,8.404802744425385,87.47855917667239,6.174957118353345,81.30360205831903
E00170552,413,26,9,17,387,21,366,6.2953995157385,2.1791767554479415,4.116222760290557,93.7046004842615,5.084745762711865,88.61985472154964
E00170553,259,34,17,17,225,15,210,13.127413127413126,6.563706563706563,6.563706563706563,86.87258687258688,5.7915057915057915,81.08108108108108
E00170554,333,100,61,39,233,16,217,30.03003003003003,18.31831831831832,11.711711711711711,69.96996996996997,4.804804804804805,65.16516516516516
E00170555,283,31,9,22,252,29,223,10.954063604240282,3.180212014134275,7.773851590106007,89.04593639575971,10.247349823321555,78.79858657243817
E00170556,458,122,58,64,336,19,317,26.637554585152838,12.663755458515283,13.973799126637553,73.36244541484717,4.148471615720524,69.21397379912663
E00170558,341,51,24,27,290,12,278,14.95601173020528,7.038123167155426,7.9178885630498534,85.04398826979472,3.519061583577713,81.52492668621701
E00170559,348,29,9,20,319,24,295,8.333333333333332,2.586206896551724,5.747126436781609,91.66666666666666,6.896551724137931,84.77011494252874
E00170560,215,46,19,27,169,18,151,21.3953488372093,8.837209302325581,12.558139534883722,78.6046511627907,8.372093023255815,70.23255813953489
E00170561,330,31,11,20,299,18,281,9.393939393939393,3.3333333333333335,6.0606060606060606,90.6060606060606,5.454545454545454,85.15151515151516
E00170562,265,30,9,21,235,14,221,11.320754716981133,3.3962264150943398,7.9245283018867925,88.67924528301887,5.283018867924529,83.39622641509435
E00170563,299,35,7,28,264,28,236,11.705685618729097,2.341137123745819,9.364548494983277,88.2943143812709,9.364548494983277,78.92976588628763
E00188762,183,35,15,20,148,18,130,19.12568306010929,8.19672131147541,10.92896174863388,80.87431693989072,9.836065573770492,71.03825136612022
E00188772,250,73,34,39,177,10,167,29.2,13.600000000000001,15.6,70.8,4,66.8
E00188788,328,59,22,37,269,22,247,17.98780487804878,6.707317073170732,11.28048780487805,82.01219512195121,6.707317073170732,75.3048780487805
E00188803,219,47,18,29,172,17,155,21.461187214611872,8.21917808219178,13.24200913242009,78.53881278538812,7.76255707762557,70.77625570776256
E00188817,344,32,12,20,312,23,289,9.30232558139535,3.488372093023256,5.813953488372093,90.69767441860465,6.686046511627906,84.01162790697676
E00188821,382,64,38,26,318,19,299,16.75392670157068,9.947643979057592,6.806282722513089,83.24607329842932,4.973821989528796,78.27225130890052
E00188835,355,25,8,17,330,28,302,7.042253521126761,2.2535211267605635,4.788732394366197,92.95774647887323,7.887323943661972,85.07042253521126
E00188839,347,89,42,47,258,19,239,25.64841498559078,12.103746397694524,13.544668587896252,74.35158501440922,5.475504322766571,68.87608069164266
E00188857,291,41,14,27,250,22,228,14.0893470790378,4.810996563573884,9.278350515463918,85.91065292096219,7.560137457044673,78.35051546391753
E00188860,339,36,13,23,303,23,280,10.619469026548673,3.8348082595870205,6.784660766961652,89.38053097345133,6.784660766961652,82.59587020648968
E00188879,221,44,18,26,177,17,160,19.90950226244344,8.144796380090497,11.76470588235294,80.09049773755656,7.6923076923076925,72.39819004524887
E00188884,351,41,7,34,310,24,286,11.68091168091168,1.9943019943019942,9.686609686609685,88.31908831908832,6.837606837606838,81.48148148148148
E00188885,316,58,22,36,258,16,242,18.354430379746837,6.962025316455696,11.39240506329114,81.64556962025317,5.063291139240507,76.58227848101265
E00188893,432,114,69,45,318,16,302,26.38888888888889,15.972222222222221,10.416666666666668,73.61111111111111,3.7037037037037033,69.9074074074074
E00188896,314,49,14,35,265,22,243,15.605095541401273,4.45859872611465,11.146496815286625,84.39490445859873,7.006369426751593,77.38853503184714
E00188900,316,24,3,21,292,24,268,7.59493670886076,0.949367088607595,6.6455696202531636,92.40506329113924,7.59493670886076,84.81012658227847
E00188911,295,27,7,20,268,16,252,9.152542372881356,2.3728813559322033,6.779661016949152,90.84745762711864,5.423728813559322,85.42372881355932
E00188915,334,23,4,19,311,24,287,6.88622754491018,1.1976047904191618,5.688622754491018,93.11377245508982,7.18562874251497,85.92814371257485
E00188927,250,23,14,9,227,18,209,9.2,5.6000000000000005,3.5999999999999996,90.8,7.199999999999999,83.6
