OA,ts0590001,ts0590002,ts0590003,ts0590004,ts0590005,ts0590006,ts0590007,ts0590002_PCT,ts0590003_PCT,ts0590004_PCT,ts0590005_PCT,ts0590006_PCT,ts0590007_PCT
E00062387,98,37,7,30,61,53,8,37.755102040816325,7.142857142857142,30.612244897959183,62.244897959183675,54.08163265306123,8.16326530612245
E00062388,163,47,11,36,116,99,17,28.834355828220858,6.748466257668712,22.085889570552148,71.16564417177914,60.73619631901841,10.429447852760736
E00062389,304,74,16,58,230,202,28,24.342105263157894,5.263157894736842,19.078947368421055,75.6578947368421,66.44736842105263,9.210526315789473
E00062390,116,25,7,18,91,71,20,21.551724137931032,6.0344827586206895,15.517241379310345,78.44827586206897,61.206896551724135,17.24137931034483
E00062391,124,33,10,23,91,81,10,26.61290322580645,8.064516129032258,18.548387096774192,73.38709677419355,65.32258064516128,8.064516129032258
E00062392,122,29,7,22,93,81,12,23.770491803278688,5.737704918032787,18.0327868852459,76.22950819672131,66.39344262295081,9.836065573770492
E00062393,195,56,23,33,139,124,15,28.717948717948715,11.794871794871794,16.923076923076923,71.28205128205128,63.589743589743584,7.6923076923076925
E00062394,143,50,12,38,93,85,8,34.96503496503497,8.391608391608392,26.573426573426573,65.03496503496503,59.44055944055944,5.594405594405594
E00062395,157,41,9,32,116,105,11,26.11464968152866,5.7324840764331215,20.382165605095544,73.88535031847134,66.87898089171973,7.006369426751593
E00062396,197,54,8,46,143,130,13,27.411167512690355,4.060913705583756,23.3502538071066,72.58883248730965,65.98984771573603,6.598984771573605
E00062397,142,40,15,25,102,88,14,28.169014084507044,10.56338028169014,17.6056338028169,71.83098591549296,61.97183098591549,9.859154929577464
E00062398,133,36,8,28,97,86,11,27.06766917293233,6.015037593984962,21.052631578947366,72.93233082706767,64.66165413533834,8.270676691729323
E00062399,135,33,8,25,102,95,7,24.444444444444443,5.9259259259259265,18.51851851851852,75.55555555555556,70.37037037037037,5.185185185185185
E00062400,122,37,9,28,85,71,14,30.327868852459016,7.377049180327869,22.950819672131146,69.67213114754098,58.19672131147541,11.475409836065573
E00062401,114,38,11,27,76,67,9,33.33333333333333,9.649122807017543,23.684210526315788,66.66666666666666,58.77192982456141,7.894736842105263
E00062402,134,35,10,25,99,95,4,26.119402985074625,7.462686567164178,18.65671641791045,73.88059701492537,70.8955223880597,2.9850746268656714
E00062403,249,60,18,42,189,160,29,24.096385542168676,7.228915662650602,16.867469879518072,75.90361445783132,64.2570281124498,11.646586345381527
E00062404,87,36,12,24,51,43,8,41.37931034482759,13.793103448275861,27.586206896551722,58.620689655172406,49.42528735632184,9.195402298850574
E00062405,164,42,11,31,122,115,7,25.609756097560975,6.707317073170732,18.902439024390244,74.39024390243902,70.1219512195122,4.2682926829268295
E00062406,136,41,13,28,95,82,13,30.14705882352941,9.558823529411764,20.588235294117645,69.85294117647058,60.29411764705882,9.558823529411764
E00062407,261,59,15,44,202,182,20,22.60536398467433,5.747126436781609,16.85823754789272,77.39463601532567,69.73180076628353,7.662835249042145
E00062408,145,34,11,23,111,103,8,23.448275862068964,7.586206896551724,15.862068965517242,76.55172413793103,71.03448275862068,5.517241379310345
E00062409,73,17,8,9,56,46,10,23.28767123287671,10.95890410958904,12.32876712328767,76.71232876712328,63.013698630136986,13.698630136986301
E00062410,139,41,12,29,98,84,14,29.496402877697843,8.633093525179856,20.863309352517987,70.50359712230215,60.431654676258994,10.071942446043165
E00062411,149,29,8,21,120,102,18,19.463087248322147,5.369127516778524,14.093959731543624,80.53691275167785,68.45637583892618,12.080536912751679
E00062412,165,39,18,21,126,110,16,23.636363636363637,10.909090909090908,12.727272727272727,76.36363636363637,66.66666666666666,9.696969696969697
E00062413,166,43,13,30,123,110,13,25.903614457831324,7.83132530120482,18.072289156626507,74.09638554216868,66.26506024096386,7.83132530120482
E00062414,122,31,10,21,91,81,10,25.40983606557377,8.19672131147541,17.21311475409836,74.59016393442623,66.39344262295081,8.19672131147541
E00062415,115,34,13,21,81,71,10,29.565217391304348,11.304347826086957,18.26086956521739,70.43478260869566,61.73913043478261,8.695652173913043
E00062416,121,35,14,21,86,75,11,28.92561983471074,11.570247933884298,17.355371900826448,71.07438016528926,61.98347107438017,9.090909090909092
E00062417,141,36,11,25,105,91,14,25.53191489361702,7.801418439716312,17.73049645390071,74.46808510638297,64.53900709219859,9.929078014184398
E00062418,148,41,13,28,107,92,15,27.7027027027027,8.783783783783784,18.91891891891892,72.2972972972973,62.16216216216216,10.135135135135135
E00062419,143,32,7,25,111,107,4,22.377622377622377,4.895104895104895,17.482517482517483,77.62237762237763,74.82517482517483,2.797202797202797
E00062420,134,45,12,33,89,78,11,33.582089552238806,8.955223880597014,24.62686567164179,66.4179104477612,58.2089552238806,8.208955223880597
E00062421,141,38,13,25,103,87,16,26.95035460992908,9.219858156028367,17.73049645390071,73.04964539007092,61.702127659574465,11.347517730496454
E00062422,213,47,8,39,166,147,19,22.065727699530516,3.755868544600939,18.30985915492958,77.93427230046949,69.01408450704226,8.92018779342723
E00062423,241,62,19,43,179,149,30,25.72614107883817,7.883817427385892,17.842323651452283,74.27385892116183,61.82572614107884,12.448132780082988
E00062424,101,29,14,15,72,64,8,28.71287128712871,13.861386138613863,14.85148514851485,71.28712871287128,63.366336633663366,7.920792079207921
E00062426,103,35,11,24,68,56,12,33.980582524271846,10.679611650485436,23.300970873786408,66.01941747572816,54.36893203883495,11.650485436893204
E00062428,155,48,24,24,107,84,23,30.967741935483872,15.483870967741936,15.483870967741936,69.03225806451613,54.19354838709678,14.838709677419354
E00062429,136,42,13,29,94,72,22,30.88235294117647,9.558823529411764,21.323529411764707,69.11764705882352,52.94117647058824,16.176470588235293
E00062431,273,76,25,51,197,162,35,27.83882783882784,9.157509157509157,18.681318681318682,72.16117216117216,59.34065934065934,12.82051282051282
E00062434,112,35,16,19,77,69,8,31.25,14.285714285714285,16.964285714285715,68.75,61.60714285714286,7.142857142857142
E00062435,124,28,9,19,96,84,12,22.58064516129032,7.258064516129033,15.32258064516129,77.41935483870968,67.74193548387096,9.67741935483871
E00062436,119,30,7,23,89,81,8,25.210084033613445,5.88235294117647,19.327731092436977,74.78991596638656,68.0672268907563,6.722689075630252
E00062437,109,35,9,26,74,69,5,32.11009174311927,8.256880733944955,23.853211009174313,67.88990825688074,63.30275229357798,4.587155963302752
E00062438,167,50,11,39,117,106,11,29.94011976047904,6.58682634730539,23.353293413173652,70.05988023952095,63.47305389221557,6.58682634730539
E00062439,164,41,12,29,123,109,14,25,7.317073170731707,17.682926829268293,75,66.46341463414635,8.536585365853659
E00062440,156,47,10,37,109,99,10,30.128205128205128,6.41025641025641,23.717948717948715,69.87179487179486,63.46153846153846,6.41025641025641
E00062441,99,27,11,16,72,63,9,27.27272727272727,11.11111111111111,16.161616161616163,72.72727272727273,63.63636363636363,9.090909090909092
E00062442,148,43,13,30,105,98,7,29.054054054054053,8.783783783783784,20.27027027027027,70.94594594594594,66.21621621621621,4.72972972972973
E00062443,87,26,7,19,61,55,6,29.88505747126437,8.045977011494253,21.839080459770116,70.11494252873564,63.2183908045977,6.896551724137931
E00062444,184,42,13,29,142,132,10,22.82608695652174,7.065217391304348,15.760869565217392,77.17391304347827,71.73913043478261,5.434782608695652
E00062445,134,35,9,26,99,89,10,26.119402985074625,6.7164179104477615,19.402985074626866,73.88059701492537,66.4179104477612,7.462686567164178
E00062446,100,40,10,30,60,49,11,40,10,30,60,49,11
E00062447,127,31,8,23,96,89,7,24.409448818897637,6.299212598425196,18.11023622047244,75.59055118110236,70.07874015748031,5.511811023622047
E00062448,125,37,10,27,88,78,10,29.599999999999998,8,21.6,70.39999999999999,62.4,8
E00062449,99,41,8,33,58,51,7,41.41414141414141,8.080808080808081,33.33333333333333,58.58585858585859,51.515151515151516,7.07070707070707
E00062450,81,36,8,28,45,40,5,44.44444444444444,9.876543209876543,34.5679012345679,55.55555555555556,49.382716049382715,6.172839506172839
E00062451,164,53,16,37,111,98,13,32.31707317073171,9.75609756097561,22.5609756097561,67.6829268292683,59.756097560975604,7.926829268292683
E00062452,117,38,11,27,79,71,8,32.47863247863248,9.401709401709402,23.076923076923077,67.52136752136752,60.68376068376068,6.837606837606838
E00062453,135,33,11,22,102,90,12,24.444444444444443,8.148148148148149,16.296296296296298,75.55555555555556,66.66666666666666,8.88888888888889
E00062454,148,41,16,25,107,91,16,27.7027027027027,10.81081081081081,16.89189189189189,72.2972972972973,61.48648648648649,10.81081081081081
E00062455,134,39,8,31,95,85,10,29.1044776119403,5.970149253731343,23.134328358208954,70.8955223880597,63.43283582089553,7.462686567164178
E00062456,133,40,12,28,93,79,14,30.075187969924812,9.022556390977442,21.052631578947366,69.92481203007519,59.3984962406015,10.526315789473683
E00062459,88,29,9,20,59,50,9,32.95454545454545,10.227272727272728,22.727272727272727,67.04545454545455,56.81818181818182,10.227272727272728
E00062460,81,23,8,15,58,51,7,28.39506172839506,9.876543209876543,18.51851851851852,71.60493827160494,62.96296296296296,8.641975308641975
E00062461,91,26,5,21,65,61,4,28.57142857142857,5.4945054945054945,23.076923076923077,71.42857142857143,67.03296703296702,4.395604395604396
E00062462,76,18,7,11,58,57,1,23.684210526315788,9.210526315789473,14.473684210526317,76.31578947368422,75,1.3157894736842104
E00062463,128,32,13,19,96,89,7,25,10.15625,14.84375,75,69.53125,5.46875
E00062464,101,25,7,18,76,69,7,24.752475247524753,6.9306930693069315,17.82178217821782,75.24752475247524,68.31683168316832,6.9306930693069315
E00062465,80,17,5,12,63,54,9,21.25,6.25,15,78.75,67.5,11.25
E00062466,108,45,13,32,63,54,9,41.66666666666667,12.037037037037036,29.629629629629626,58.333333333333336,50,8.333333333333332
E00062467,178,54,18,36,124,112,12,30.337078651685395,10.112359550561797,20.224719101123593,69.66292134831461,62.92134831460674,6.741573033707865
E00062468,125,40,12,28,85,79,6,32,9.6,22.400000000000002,68,63.2,4.8
E00062469,202,50,11,39,152,142,10,24.752475247524753,5.445544554455446,19.306930693069308,75.24752475247524,70.29702970297029,4.9504950495049505
E00062470,146,29,14,15,117,102,15,19.863013698630137,9.58904109589041,10.273972602739725,80.13698630136986,69.86301369863014,10.273972602739725
E00062471,65,14,4,10,51,41,10,21.53846153846154,6.153846153846154,15.384615384615385,78.46153846153847,63.07692307692307,15.384615384615385
E00062472,57,18,5,13,39,34,5,31.57894736842105,8.771929824561402,22.807017543859647,68.42105263157895,59.64912280701754,8.771929824561402
E00062473,90,16,4,12,74,64,10,17.77777777777778,4.444444444444445,13.333333333333334,82.22222222222221,71.11111111111111,11.11111111111111
E00062474,58,18,4,14,40,37,3,31.03448275862069,6.896551724137931,24.137931034482758,68.96551724137932,63.793103448275865,5.172413793103448
E00062475,64,15,5,10,49,42,7,23.4375,7.8125,15.625,76.5625,65.625,10.9375
E00062477,60,8,0,8,52,46,6,13.333333333333334,0,13.333333333333334,86.66666666666667,76.66666666666667,10
E00062478,115,29,4,25,86,68,18,25.217391304347824,3.4782608695652173,21.73913043478261,74.78260869565217,59.130434782608695,15.65217391304348
E00062479,51,14,4,10,37,29,8,27.450980392156865,7.8431372549019605,19.607843137254903,72.54901960784314,56.86274509803921,15.686274509803921
E00062480,392,73,20,53,319,267,52,18.622448979591837,5.1020408163265305,13.520408163265307,81.37755102040816,68.11224489795919,13.26530612244898
E00062481,370,75,30,45,295,251,44,20.27027027027027,8.108108108108109,12.162162162162163,79.72972972972973,67.83783783783784,11.891891891891893
E00062482,179,43,14,29,136,116,20,24.022346368715084,7.82122905027933,16.201117318435752,75.97765363128491,64.80446927374301,11.1731843575419
E00062483,337,82,28,54,255,203,52,24.33234421364985,8.30860534124629,16.023738872403563,75.66765578635015,60.23738872403561,15.43026706231454
E00062485,231,48,15,33,183,158,25,20.77922077922078,6.493506493506493,14.285714285714285,79.22077922077922,68.3982683982684,10.822510822510822
E00062486,190,60,23,37,130,103,27,31.57894736842105,12.105263157894736,19.473684210526315,68.42105263157895,54.21052631578947,14.210526315789473
E00062487,150,48,14,34,102,85,17,32,9.333333333333334,22.666666666666664,68,56.666666666666664,11.333333333333332
E00062488,124,35,14,21,89,67,22,28.225806451612907,11.29032258064516,16.93548387096774,71.7741935483871,54.03225806451613,17.741935483870968
E00062489,36,13,0,13,23,19,4,36.11111111111111,0,36.11111111111111,63.888888888888886,52.77777777777778,11.11111111111111
E00062490,188,62,21,41,126,111,15,32.97872340425532,11.170212765957446,21.808510638297875,67.02127659574468,59.04255319148937,7.9787234042553195
E00062491,320,64,27,37,256,213,43,20,8.4375,11.5625,80,66.5625,13.4375
E00062492,267,67,17,50,200,172,28,25.0936329588015,6.367041198501873,18.726591760299627,74.90636704119851,64.41947565543072,10.486891385767791
E00062493,214,76,20,56,138,119,19,35.51401869158878,9.345794392523365,26.168224299065418,64.48598130841121,55.60747663551402,8.878504672897195
E00062494,118,32,12,20,86,76,10,27.11864406779661,10.16949152542373,16.94915254237288,72.88135593220339,64.40677966101694,8.47457627118644
E00062495,92,29,9,20,63,54,9,31.521739130434785,9.782608695652174,21.73913043478261,68.47826086956522,58.69565217391305,9.782608695652174
E00062497,184,72,17,55,112,99,13,39.130434782608695,9.239130434782608,29.891304347826086,60.86956521739131,53.80434782608695,7.065217391304348
E00062498,168,36,16,20,132,107,25,21.428571428571427,9.523809523809524,11.904761904761903,78.57142857142857,63.69047619047619,14.880952380952381
E00062499,136,40,10,30,96,80,16,29.411764705882355,7.352941176470589,22.058823529411764,70.58823529411765,58.82352941176471,11.76470588235294
E00062500,140,43,15,28,97,83,14,30.714285714285715,10.714285714285714,20,69.28571428571428,59.285714285714285,10
E00062501,124,36,13,23,88,76,12,29.03225806451613,10.483870967741936,18.548387096774192,70.96774193548387,61.29032258064516,9.67741935483871
E00062502,151,39,15,24,112,102,10,25.82781456953642,9.933774834437086,15.894039735099339,74.17218543046357,67.54966887417218,6.622516556291391
E00062503,82,27,11,16,55,47,8,32.926829268292686,13.414634146341465,19.51219512195122,67.07317073170732,57.3170731707317,9.75609756097561
E00062504,142,49,9,40,93,75,18,34.50704225352113,6.338028169014084,28.169014084507044,65.49295774647888,52.816901408450704,12.676056338028168
E00062505,119,31,7,24,88,80,8,26.05042016806723,5.88235294117647,20.168067226890756,73.94957983193278,67.22689075630252,6.722689075630252
E00062506,167,57,14,43,110,100,10,34.13173652694611,8.383233532934131,25.748502994011975,65.86826347305389,59.88023952095808,5.9880239520958085
E00062507,145,45,9,36,100,82,18,31.03448275862069,6.206896551724138,24.82758620689655,68.96551724137932,56.55172413793104,12.413793103448276
E00062508,133,38,7,31,95,90,5,28.57142857142857,5.263157894736842,23.308270676691727,71.42857142857143,67.66917293233082,3.7593984962406015
E00062509,199,49,18,31,150,132,18,24.623115577889447,9.045226130653267,15.577889447236181,75.37688442211056,66.33165829145729,9.045226130653267
E00062510,151,39,12,27,112,97,15,25.82781456953642,7.9470198675496695,17.880794701986755,74.17218543046357,64.23841059602648,9.933774834437086
E00062511,117,31,7,24,86,78,8,26.495726495726498,5.982905982905983,20.51282051282051,73.50427350427351,66.66666666666666,6.837606837606838
E00062513,129,54,14,40,75,71,4,41.86046511627907,10.852713178294573,31.007751937984494,58.139534883720934,55.03875968992248,3.10077519379845
E00062514,89,25,4,21,64,55,9,28.08988764044944,4.49438202247191,23.595505617977526,71.91011235955057,61.79775280898876,10.112359550561797
E00062515,148,34,7,27,114,99,15,22.972972972972975,4.72972972972973,18.243243243243242,77.02702702702703,66.8918918918919,10.135135135135135
E00062516,293,71,16,55,222,198,24,24.2320819112628,5.460750853242321,18.771331058020476,75.76791808873719,67.57679180887372,8.19112627986348
E00062517,116,28,8,20,88,80,8,24.137931034482758,6.896551724137931,17.24137931034483,75.86206896551724,68.96551724137932,6.896551724137931
E00062519,129,40,7,33,89,82,7,31.007751937984494,5.426356589147287,25.581395348837212,68.9922480620155,63.565891472868216,5.426356589147287
E00062520,114,28,9,19,86,75,11,24.561403508771928,7.894736842105263,16.666666666666664,75.43859649122807,65.78947368421053,9.649122807017543
E00062521,155,39,7,32,116,104,12,25.161290322580644,4.516129032258064,20.64516129032258,74.83870967741936,67.0967741935484,7.741935483870968
E00062522,159,48,16,32,111,101,10,30.18867924528302,10.062893081761008,20.125786163522015,69.81132075471697,63.52201257861635,6.289308176100629
E00062523,143,43,10,33,100,89,11,30.069930069930066,6.993006993006993,23.076923076923077,69.93006993006993,62.23776223776224,7.6923076923076925
E00062524,169,46,18,28,123,105,18,27.218934911242602,10.650887573964498,16.56804733727811,72.7810650887574,62.1301775147929,10.650887573964498
E00062525,118,43,12,31,75,58,17,36.440677966101696,10.16949152542373,26.27118644067797,63.559322033898304,49.152542372881356,14.40677966101695
E00062527,197,47,13,34,150,131,19,23.85786802030457,6.598984771573605,17.258883248730964,76.14213197969542,66.49746192893402,9.644670050761421
E00062529,193,63,26,37,130,105,25,32.64248704663213,13.471502590673575,19.170984455958546,67.35751295336787,54.40414507772021,12.953367875647666
E00062530,117,31,10,21,86,73,13,26.495726495726498,8.547008547008547,17.94871794871795,73.50427350427351,62.39316239316239,11.11111111111111
E00062531,103,32,11,21,71,60,11,31.06796116504854,10.679611650485436,20.388349514563107,68.93203883495146,58.252427184466015,10.679611650485436
E00062532,124,35,11,24,89,82,7,28.225806451612907,8.870967741935484,19.35483870967742,71.7741935483871,66.12903225806451,5.64516129032258
E00062533,102,27,8,19,75,69,6,26.47058823529412,7.8431372549019605,18.627450980392158,73.52941176470588,67.64705882352942,5.88235294117647
E00062534,104,33,6,27,71,70,1,31.73076923076923,5.769230769230769,25.961538461538463,68.26923076923077,67.3076923076923,0.9615384615384616
E00062535,117,32,10,22,85,76,9,27.350427350427353,8.547008547008547,18.803418803418804,72.64957264957265,64.95726495726495,7.6923076923076925
E00062536,106,24,6,18,82,72,10,22.641509433962266,5.660377358490567,16.9811320754717,77.35849056603774,67.9245283018868,9.433962264150944
E00062537,135,27,4,23,108,100,8,20,2.9629629629629632,17.037037037037038,80,74.07407407407408,5.9259259259259265
E00062538,151,39,13,26,112,100,12,25.82781456953642,8.609271523178808,17.218543046357617,74.17218543046357,66.22516556291392,7.9470198675496695
E00062539,166,37,13,24,129,113,16,22.289156626506024,7.83132530120482,14.457831325301203,77.71084337349397,68.07228915662651,9.63855421686747
E00062540,123,31,8,23,92,86,6,25.203252032520325,6.504065040650407,18.69918699186992,74.79674796747967,69.91869918699187,4.878048780487805
E00062541,148,30,6,24,118,106,12,20.27027027027027,4.054054054054054,16.216216216216218,79.72972972972973,71.62162162162163,8.108108108108109
E00062542,113,32,12,20,81,68,13,28.31858407079646,10.619469026548673,17.699115044247787,71.68141592920354,60.17699115044248,11.504424778761061
E00062543,110,22,11,11,88,82,6,20,10,10,80,74.54545454545455,5.454545454545454
E00062544,141,27,8,19,114,103,11,19.148936170212767,5.673758865248227,13.47517730496454,80.85106382978722,73.04964539007092,7.801418439716312
E00062545,96,26,8,18,70,60,10,27.083333333333332,8.333333333333332,18.75,72.91666666666666,62.5,10.416666666666668
E00062546,93,31,7,24,62,56,6,33.33333333333333,7.526881720430108,25.806451612903224,66.66666666666666,60.215053763440864,6.451612903225806
E00062547,164,44,14,30,120,107,13,26.82926829268293,8.536585365853659,18.29268292682927,73.17073170731707,65.2439024390244,7.926829268292683
E00062548,168,45,9,36,123,110,13,26.785714285714285,5.357142857142857,21.428571428571427,73.21428571428571,65.47619047619048,7.738095238095238
E00062549,115,33,5,28,82,73,9,28.695652173913043,4.3478260869565215,24.347826086956523,71.30434782608695,63.47826086956522,7.82608695652174
E00062550,110,33,13,20,77,70,7,30,11.818181818181818,18.181818181818183,70,63.63636363636363,6.363636363636363
E00062551,113,27,10,17,86,74,12,23.893805309734514,8.849557522123893,15.04424778761062,76.10619469026548,65.48672566371681,10.619469026548673
E00062552,123,42,14,28,81,67,14,34.146341463414636,11.38211382113821,22.76422764227642,65.85365853658537,54.47154471544715,11.38211382113821
E00062553,67,19,5,14,48,46,2,28.35820895522388,7.462686567164178,20.8955223880597,71.64179104477611,68.65671641791045,2.9850746268656714
E00062554,118,39,13,26,79,63,16,33.05084745762712,11.016949152542372,22.033898305084744,66.94915254237289,53.38983050847458,13.559322033898304
E00062555,146,44,10,34,102,89,13,30.136986301369863,6.8493150684931505,23.28767123287671,69.86301369863014,60.95890410958904,8.904109589041095
E00062556,117,30,8,22,87,80,7,25.64102564102564,6.837606837606838,18.803418803418804,74.35897435897436,68.37606837606837,5.982905982905983
E00062557,140,48,21,27,92,74,18,34.285714285714285,15,19.28571428571429,65.71428571428571,52.85714285714286,12.857142857142856
E00062558,121,40,10,30,81,64,17,33.057851239669425,8.264462809917356,24.793388429752067,66.94214876033058,52.892561983471076,14.049586776859504
E00062559,128,38,13,25,90,80,10,29.6875,10.15625,19.53125,70.3125,62.5,7.8125
E00062560,138,45,12,33,93,84,9,32.608695652173914,8.695652173913043,23.91304347826087,67.3913043478261,60.86956521739131,6.521739130434782
E00062561,183,47,14,33,136,118,18,25.683060109289617,7.650273224043716,18.0327868852459,74.31693989071039,64.48087431693989,9.836065573770492
E00062562,122,28,5,23,94,81,13,22.950819672131146,4.098360655737705,18.852459016393443,77.04918032786885,66.39344262295081,10.655737704918032
E00062563,135,35,10,25,100,88,12,25.925925925925924,7.4074074074074066,18.51851851851852,74.07407407407408,65.18518518518519,8.88888888888889
E00062564,127,41,14,27,86,79,7,32.28346456692913,11.023622047244094,21.25984251968504,67.71653543307087,62.20472440944882,5.511811023622047
E00062565,86,21,7,14,65,53,12,24.418604651162788,8.13953488372093,16.27906976744186,75.5813953488372,61.627906976744185,13.953488372093023
E00062566,158,40,15,25,118,103,15,25.31645569620253,9.49367088607595,15.822784810126583,74.68354430379746,65.18987341772153,9.49367088607595
E00062567,229,68,21,47,161,142,19,29.694323144104807,9.170305676855897,20.52401746724891,70.3056768558952,62.00873362445415,8.296943231441048
E00062568,139,37,12,25,102,95,7,26.618705035971225,8.633093525179856,17.985611510791365,73.38129496402878,68.34532374100719,5.0359712230215825
E00062569,137,53,10,43,84,79,5,38.68613138686132,7.2992700729927,31.386861313868614,61.31386861313869,57.66423357664233,3.64963503649635
E00062570,99,28,6,22,71,63,8,28.28282828282828,6.0606060606060606,22.22222222222222,71.71717171717171,63.63636363636363,8.080808080808081
E00062571,235,67,12,55,168,158,10,28.510638297872344,5.106382978723404,23.404255319148938,71.48936170212767,67.23404255319149,4.25531914893617
E00062572,114,42,15,27,72,62,10,36.84210526315789,13.157894736842104,23.684210526315788,63.1578947368421,54.385964912280706,8.771929824561402
E00062573,122,48,11,37,74,65,9,39.34426229508197,9.01639344262295,30.327868852459016,60.65573770491803,53.278688524590166,7.377049180327869
E00062574,139,46,17,29,93,81,12,33.093525179856115,12.23021582733813,20.863309352517987,66.90647482014388,58.27338129496403,8.633093525179856
E00062575,163,31,8,23,132,120,12,19.018404907975462,4.9079754601226995,14.11042944785276,80.98159509202453,73.61963190184049,7.361963190184049
E00062576,128,27,10,17,101,82,19,21.09375,7.8125,13.28125,78.90625,64.0625,14.84375
E00062577,152,39,13,26,113,99,14,25.657894736842106,8.552631578947368,17.105263157894736,74.3421052631579,65.13157894736842,9.210526315789473
E00062578,108,21,3,18,87,82,5,19.444444444444446,2.7777777777777777,16.666666666666664,80.55555555555556,75.92592592592592,4.62962962962963
E00062579,170,39,11,28,131,117,14,22.941176470588236,6.470588235294119,16.470588235294116,77.05882352941177,68.82352941176471,8.235294117647058
E00062580,122,24,5,19,98,85,13,19.672131147540984,4.098360655737705,15.573770491803279,80.32786885245902,69.67213114754098,10.655737704918032
E00062581,136,47,15,32,89,80,9,34.55882352941176,11.029411764705882,23.52941176470588,65.44117647058823,58.82352941176471,6.61764705882353
E00062582,150,34,9,25,116,100,16,22.666666666666664,6,16.666666666666664,77.33333333333333,66.66666666666666,10.666666666666668
E00062583,104,34,8,26,70,62,8,32.69230769230769,7.6923076923076925,25,67.3076923076923,59.61538461538461,7.6923076923076925
E00062584,149,31,12,19,118,105,13,20.80536912751678,8.053691275167784,12.751677852348994,79.19463087248322,70.46979865771812,8.724832214765101
E00062585,99,30,7,23,69,59,10,30.303030303030305,7.07070707070707,23.232323232323232,69.6969696969697,59.59595959595959,10.1010101010101
E00062586,117,35,10,25,82,73,9,29.914529914529915,8.547008547008547,21.367521367521366,70.08547008547008,62.39316239316239,7.6923076923076925
E00062587,154,55,29,26,99,88,11,35.714285714285715,18.83116883116883,16.883116883116884,64.28571428571429,57.14285714285714,7.142857142857142
E00062589,119,42,12,30,77,67,10,35.294117647058826,10.084033613445378,25.210084033613445,64.70588235294117,56.30252100840336,8.403361344537815
E00062590,63,22,5,17,41,32,9,34.92063492063492,7.936507936507936,26.984126984126984,65.07936507936508,50.79365079365079,14.285714285714285
E00062591,127,35,13,22,92,81,11,27.559055118110237,10.236220472440944,17.322834645669293,72.44094488188976,63.77952755905512,8.661417322834646
E00062592,93,20,8,12,73,68,5,21.50537634408602,8.60215053763441,12.903225806451612,78.49462365591397,73.11827956989248,5.376344086021505
E00062593,97,30,8,22,67,53,14,30.927835051546392,8.24742268041237,22.68041237113402,69.0721649484536,54.63917525773196,14.432989690721648
E00062594,103,32,8,24,71,67,4,31.06796116504854,7.766990291262135,23.300970873786408,68.93203883495146,65.0485436893204,3.8834951456310676
E00062595,105,35,8,27,70,63,7,33.33333333333333,7.6190476190476195,25.71428571428571,66.66666666666666,60,6.666666666666667
E00062596,132,57,8,49,75,66,9,43.18181818181818,6.0606060606060606,37.121212121212125,56.81818181818182,50,6.8181818181818175
E00062597,121,44,15,29,77,71,6,36.36363636363637,12.396694214876034,23.96694214876033,63.63636363636363,58.67768595041323,4.958677685950414
E00062598,99,33,6,27,66,58,8,33.33333333333333,6.0606060606060606,27.27272727272727,66.66666666666666,58.58585858585859,8.080808080808081
E00062599,94,36,11,25,58,50,8,38.297872340425535,11.702127659574469,26.595744680851062,61.702127659574465,53.191489361702125,8.51063829787234
E00062600,183,56,14,42,127,114,13,30.601092896174865,7.650273224043716,22.950819672131146,69.39890710382514,62.295081967213115,7.103825136612022
E00062601,149,32,9,23,117,104,13,21.476510067114095,6.0402684563758395,15.436241610738255,78.52348993288591,69.79865771812081,8.724832214765101
E00062603,80,22,8,14,58,51,7,27.500000000000004,10,17.5,72.5,63.74999999999999,8.75
E00062604,148,42,8,34,106,94,12,28.37837837837838,5.405405405405405,22.972972972972975,71.62162162162163,63.51351351351351,8.108108108108109
E00062605,117,46,15,31,71,68,3,39.31623931623932,12.82051282051282,26.495726495726498,60.68376068376068,58.119658119658126,2.564102564102564
E00062606,139,41,9,32,98,84,14,29.496402877697843,6.474820143884892,23.021582733812952,70.50359712230215,60.431654676258994,10.071942446043165
E00062607,107,27,4,23,80,68,12,25.233644859813083,3.7383177570093453,21.49532710280374,74.76635514018692,63.55140186915887,11.214953271028037
E00062608,130,38,11,27,92,86,6,29.230769230769234,8.461538461538462,20.76923076923077,70.76923076923077,66.15384615384615,4.615384615384616
E00062609,108,34,6,28,74,67,7,31.48148148148148,5.555555555555555,25.925925925925924,68.51851851851852,62.03703703703704,6.481481481481481
E00062610,133,36,9,27,97,90,7,27.06766917293233,6.7669172932330826,20.30075187969925,72.93233082706767,67.66917293233082,5.263157894736842
E00062611,121,33,4,29,88,75,13,27.27272727272727,3.3057851239669422,23.96694214876033,72.72727272727273,61.98347107438017,10.743801652892563
E00062612,174,44,9,35,130,118,12,25.287356321839084,5.172413793103448,20.114942528735632,74.71264367816092,67.81609195402298,6.896551724137931
E00062613,136,39,14,25,97,88,9,28.676470588235293,10.294117647058822,18.38235294117647,71.32352941176471,64.70588235294117,6.61764705882353
E00062614,172,47,11,36,125,112,13,27.325581395348834,6.395348837209303,20.930232558139537,72.67441860465115,65.11627906976744,7.55813953488372
E00062615,166,48,16,32,118,109,9,28.915662650602407,9.63855421686747,19.27710843373494,71.08433734939759,65.66265060240963,5.421686746987952
E00062616,115,26,6,20,89,79,10,22.608695652173914,5.217391304347826,17.391304347826086,77.39130434782608,68.69565217391305,8.695652173913043
E00062617,141,29,6,23,112,98,14,20.56737588652482,4.25531914893617,16.312056737588655,79.43262411347519,69.50354609929079,9.929078014184398
E00062618,114,28,6,22,86,77,9,24.561403508771928,5.263157894736842,19.298245614035086,75.43859649122807,67.54385964912281,7.894736842105263
E00062619,125,36,12,24,89,82,7,28.799999999999997,9.6,19.2,71.2,65.60000000000001,5.6000000000000005
E00062620,67,21,6,15,46,40,6,31.343283582089555,8.955223880597014,22.388059701492537,68.65671641791045,59.70149253731343,8.955223880597014
E00062621,123,34,12,22,89,84,5,27.64227642276423,9.75609756097561,17.88617886178862,72.35772357723577,68.29268292682927,4.0650406504065035
E00062622,138,45,11,34,93,85,8,32.608695652173914,7.971014492753622,24.637681159420293,67.3913043478261,61.59420289855072,5.797101449275362
E00062623,130,40,16,24,90,81,9,30.76923076923077,12.307692307692308,18.461538461538463,69.23076923076923,62.30769230769231,6.923076923076923
E00062624,196,41,15,26,155,127,28,20.918367346938776,7.653061224489796,13.26530612244898,79.08163265306123,64.79591836734694,14.285714285714285
E00062625,136,38,5,33,98,88,10,27.941176470588236,3.6764705882352944,24.264705882352942,72.05882352941177,64.70588235294117,7.352941176470589
E00062626,145,29,9,20,116,96,20,20,6.206896551724138,13.793103448275861,80,66.20689655172414,13.793103448275861
E00062627,110,35,13,22,75,68,7,31.818181818181817,11.818181818181818,20,68.18181818181817,61.81818181818181,6.363636363636363
E00062628,207,51,23,28,156,136,20,24.637681159420293,11.11111111111111,13.526570048309178,75.36231884057972,65.70048309178745,9.66183574879227
E00062629,133,40,10,30,93,87,6,30.075187969924812,7.518796992481203,22.55639097744361,69.92481203007519,65.41353383458647,4.511278195488721
E00062630,195,49,19,30,146,127,19,25.128205128205128,9.7435897435897445,15.384615384615385,74.87179487179488,65.12820512820512,9.7435897435897445
E00062631,119,27,5,22,92,85,7,22.689075630252102,4.201680672268908,18.487394957983195,77.31092436974791,71.42857142857143,5.88235294117647
E00062632,218,52,14,38,166,142,24,23.853211009174313,6.422018348623854,17.431192660550458,76.14678899082568,65.13761467889908,11.009174311926607
E00062633,119,38,10,28,81,72,9,31.932773109243694,8.403361344537815,23.52941176470588,68.0672268907563,60.50420168067227,7.563025210084033
E00062634,139,30,10,20,109,93,16,21.58273381294964,7.1942446043165464,14.388489208633093,78.41726618705036,66.90647482014388,11.510791366906476
E00062635,197,51,15,36,146,136,10,25.888324873096447,7.614213197969544,18.274111675126903,74.11167512690355,69.03553299492386,5.0761421319796955
E00062636,154,40,10,30,114,107,7,25.97402597402597,6.493506493506493,19.480519480519483,74.02597402597402,69.48051948051948,4.545454545454546
E00062637,168,48,11,37,120,98,22,28.57142857142857,6.547619047619048,22.023809523809522,71.42857142857143,58.333333333333336,13.095238095238097
E00062638,134,35,10,25,99,89,10,26.119402985074625,7.462686567164178,18.65671641791045,73.88059701492537,66.4179104477612,7.462686567164178
E00062639,107,28,7,21,79,71,8,26.168224299065418,6.5420560747663545,19.626168224299064,73.83177570093457,66.35514018691589,7.476635514018691
E00062640,114,29,13,16,85,79,6,25.438596491228072,11.403508771929824,14.035087719298245,74.56140350877193,69.2982456140351,5.263157894736842
E00062641,153,31,12,19,122,107,15,20.26143790849673,7.8431372549019605,12.418300653594772,79.73856209150327,69.93464052287581,9.803921568627452
E00062642,142,31,9,22,111,101,10,21.830985915492956,6.338028169014084,15.492957746478872,78.16901408450704,71.12676056338029,7.042253521126761
E00062643,183,54,18,36,129,115,14,29.508196721311474,9.836065573770492,19.672131147540984,70.49180327868852,62.841530054644814,7.650273224043716
E00062644,119,39,11,28,80,67,13,32.773109243697476,9.243697478991598,23.52941176470588,67.22689075630252,56.30252100840336,10.92436974789916
E00062645,112,29,12,17,83,70,13,25.892857142857146,10.714285714285714,15.178571428571427,74.10714285714286,62.5,11.607142857142858
E00062646,180,38,12,26,142,130,12,21.11111111111111,6.666666666666667,14.444444444444443,78.88888888888889,72.22222222222221,6.666666666666667
E00062647,121,36,15,21,85,78,7,29.75206611570248,12.396694214876034,17.355371900826448,70.24793388429752,64.46280991735537,5.785123966942149
E00062648,101,39,10,29,62,53,9,38.613861386138616,9.900990099009901,28.71287128712871,61.386138613861384,52.475247524752476,8.91089108910891
E00062649,122,38,17,21,84,73,11,31.147540983606557,13.934426229508196,17.21311475409836,68.85245901639344,59.83606557377049,9.01639344262295
E00062650,138,33,9,24,105,95,10,23.91304347826087,6.521739130434782,17.391304347826086,76.08695652173914,68.84057971014492,7.246376811594203
E00062651,82,24,12,12,58,51,7,29.268292682926827,14.634146341463413,14.634146341463413,70.73170731707317,62.19512195121951,8.536585365853659
E00062652,135,33,7,26,102,89,13,24.444444444444443,5.185185185185185,19.25925925925926,75.55555555555556,65.92592592592592,9.62962962962963
E00062653,131,34,11,23,97,78,19,25.954198473282442,8.396946564885496,17.557251908396946,74.04580152671755,59.541984732824424,14.50381679389313
E00062654,67,21,5,16,46,42,4,31.343283582089555,7.462686567164178,23.88059701492537,68.65671641791045,62.68656716417911,5.970149253731343
E00062655,79,24,4,20,55,46,9,30.37974683544304,5.063291139240507,25.31645569620253,69.62025316455697,58.22784810126582,11.39240506329114
E00062656,67,20,6,14,47,45,2,29.850746268656714,8.955223880597014,20.8955223880597,70.1492537313433,67.16417910447761,2.9850746268656714
E00062657,78,20,4,16,58,51,7,25.64102564102564,5.128205128205128,20.51282051282051,74.35897435897436,65.38461538461539,8.974358974358974
E00062658,94,17,7,10,77,68,9,18.085106382978726,7.446808510638298,10.638297872340425,81.91489361702128,72.3404255319149,9.574468085106384
E00062659,98,36,11,25,62,55,7,36.734693877551024,11.224489795918368,25.510204081632654,63.26530612244898,56.12244897959183,7.142857142857142
E00062660,81,34,9,25,47,44,3,41.9753086419753,11.11111111111111,30.864197530864196,58.0246913580247,54.32098765432099,3.7037037037037033
E00062661,118,36,14,22,82,66,16,30.508474576271187,11.864406779661017,18.64406779661017,69.49152542372882,55.932203389830505,13.559322033898304
E00062662,114,35,11,24,79,74,5,30.701754385964914,9.649122807017543,21.052631578947366,69.2982456140351,64.91228070175438,4.385964912280701
E00062663,102,35,8,27,67,65,2,34.31372549019608,7.8431372549019605,26.47058823529412,65.68627450980392,63.725490196078425,1.9607843137254901
E00062664,106,43,14,29,63,58,5,40.56603773584906,13.20754716981132,27.358490566037734,59.43396226415094,54.71698113207547,4.716981132075472
E00062665,130,40,13,27,90,85,5,30.76923076923077,10,20.76923076923077,69.23076923076923,65.38461538461539,3.8461538461538463
E00062666,136,47,18,29,89,84,5,34.55882352941176,13.23529411764706,21.323529411764707,65.44117647058823,61.76470588235294,3.6764705882352944
E00062667,175,48,16,32,127,110,17,27.42857142857143,9.142857142857142,18.285714285714285,72.57142857142857,62.857142857142854,9.714285714285714
E00062668,291,70,17,53,221,194,27,24.054982817869416,5.841924398625429,18.213058419243985,75.94501718213058,66.66666666666666,9.278350515463918
E00062669,136,40,11,29,96,81,15,29.411764705882355,8.088235294117647,21.323529411764707,70.58823529411765,59.55882352941176,11.029411764705882
E00062670,133,38,6,32,95,83,12,28.57142857142857,4.511278195488721,24.06015037593985,71.42857142857143,62.40601503759399,9.022556390977442
E00062671,151,43,12,31,108,94,14,28.47682119205298,7.9470198675496695,20.52980132450331,71.52317880794702,62.251655629139066,9.271523178807946
E00062672,171,59,15,44,112,102,10,34.50292397660819,8.771929824561402,25.730994152046783,65.49707602339181,59.64912280701754,5.847953216374268
E00062673,133,28,18,10,105,91,14,21.052631578947366,13.533834586466165,7.518796992481203,78.94736842105263,68.42105263157895,10.526315789473683
E00062674,191,35,11,24,156,131,25,18.32460732984293,5.7591623036649215,12.56544502617801,81.67539267015707,68.58638743455498,13.089005235602095
E00062675,151,40,9,31,111,99,12,26.490066225165563,5.960264900662252,20.52980132450331,73.50993377483444,65.56291390728477,7.9470198675496695
E00062676,119,39,10,29,80,72,8,32.773109243697476,8.403361344537815,24.369747899159663,67.22689075630252,60.50420168067227,6.722689075630252
E00062677,120,38,7,31,82,67,15,31.666666666666664,5.833333333333333,25.833333333333336,68.33333333333333,55.833333333333336,12.5
E00062678,151,60,12,48,91,76,15,39.735099337748345,7.9470198675496695,31.788079470198678,60.264900662251655,50.331125827814574,9.933774834437086
E00062680,151,33,11,22,118,103,15,21.85430463576159,7.28476821192053,14.56953642384106,78.1456953642384,68.21192052980133,9.933774834437086
E00062681,108,41,10,31,67,62,5,37.96296296296296,9.25925925925926,28.703703703703702,62.03703703703704,57.407407407407405,4.62962962962963
E00062682,124,41,11,30,83,72,11,33.064516129032256,8.870967741935484,24.193548387096776,66.93548387096774,58.06451612903226,8.870967741935484
E00062683,99,31,8,23,68,60,8,31.313131313131315,8.080808080808081,23.232323232323232,68.68686868686868,60.60606060606061,8.080808080808081
E00062684,167,43,11,32,124,109,15,25.748502994011975,6.58682634730539,19.16167664670659,74.25149700598801,65.26946107784431,8.982035928143713
E00062685,144,32,11,21,112,103,9,22.22222222222222,7.638888888888889,14.583333333333334,77.77777777777779,71.52777777777779,6.25
E00062686,180,39,12,27,141,120,21,21.666666666666668,6.666666666666667,15,78.33333333333333,66.66666666666666,11.666666666666666
E00062687,174,35,12,23,139,128,11,20.114942528735632,6.896551724137931,13.218390804597702,79.88505747126436,73.5632183908046,6.321839080459771
E00062688,120,34,8,26,86,77,9,28.333333333333332,6.666666666666667,21.666666666666668,71.66666666666667,64.16666666666667,7.5
E00062689,106,25,10,15,81,71,10,23.58490566037736,9.433962264150944,14.150943396226415,76.41509433962264,66.98113207547169,9.433962264150944
E00062690,131,28,6,22,103,94,9,21.374045801526716,4.580152671755725,16.793893129770993,78.62595419847328,71.7557251908397,6.870229007633588
E00062691,62,17,3,14,45,40,5,27.419354838709676,4.838709677419355,22.58064516129032,72.58064516129032,64.51612903225806,8.064516129032258
E00062692,146,38,6,32,108,98,10,26.027397260273972,4.10958904109589,21.91780821917808,73.97260273972603,67.12328767123287,6.8493150684931505
E00062693,146,39,5,34,107,98,9,26.71232876712329,3.4246575342465753,23.28767123287671,73.28767123287672,67.12328767123287,6.164383561643835
E00062694,95,31,9,22,64,57,7,32.631578947368425,9.473684210526317,23.157894736842106,67.36842105263158,60,7.368421052631578
E00062695,136,41,6,35,95,89,6,30.14705882352941,4.411764705882353,25.735294117647058,69.85294117647058,65.44117647058823,4.411764705882353
E00062696,149,42,13,29,107,95,12,28.187919463087248,8.724832214765101,19.463087248322147,71.81208053691275,63.758389261744966,8.053691275167784
E00062697,92,22,4,18,70,64,6,23.91304347826087,4.3478260869565215,19.565217391304348,76.08695652173914,69.56521739130434,6.521739130434782
E00062698,135,38,10,28,97,82,15,28.14814814814815,7.4074074074074066,20.74074074074074,71.85185185185186,60.74074074074074,11.11111111111111
E00062701,95,31,13,18,64,53,11,32.631578947368425,13.684210526315791,18.947368421052634,67.36842105263158,55.78947368421052,11.578947368421053
E00062702,150,34,11,23,116,101,15,22.666666666666664,7.333333333333333,15.333333333333332,77.33333333333333,67.33333333333333,10
E00062703,149,41,14,27,108,95,13,27.516778523489933,9.395973154362416,18.120805369127517,72.48322147651007,63.758389261744966,8.724832214765101
E00062705,133,39,12,27,94,89,5,29.32330827067669,9.022556390977442,20.30075187969925,70.67669172932331,66.9172932330827,3.7593984962406015
E00062707,145,42,14,28,103,87,16,28.965517241379313,9.655172413793103,19.310344827586206,71.03448275862068,60,11.03448275862069
E00062708,201,42,12,30,159,134,25,20.8955223880597,5.970149253731343,14.925373134328357,79.1044776119403,66.66666666666666,12.437810945273633
E00062709,142,38,11,27,104,96,8,26.76056338028169,7.746478873239436,19.014084507042252,73.23943661971832,67.6056338028169,5.633802816901409
E00062710,320,61,16,45,259,209,50,19.0625,5,14.0625,80.9375,65.3125,15.625
E00062711,151,29,8,21,122,105,17,19.205298013245034,5.298013245033113,13.90728476821192,80.79470198675497,69.5364238410596,11.258278145695364
E00062712,184,39,17,22,145,118,27,21.195652173913043,9.239130434782608,11.956521739130435,78.80434782608695,64.13043478260869,14.673913043478262
E00062713,133,29,8,21,104,95,9,21.804511278195488,6.015037593984962,15.789473684210526,78.19548872180451,71.42857142857143,6.7669172932330826
E00062714,253,65,20,45,188,155,33,25.691699604743086,7.905138339920949,17.786561264822133,74.30830039525692,61.26482213438735,13.043478260869565
E00062715,150,26,4,22,124,114,10,17.333333333333336,2.666666666666667,14.666666666666666,82.66666666666667,76,6.666666666666667
E00062716,148,35,9,26,113,95,18,23.64864864864865,6.081081081081082,17.56756756756757,76.35135135135135,64.1891891891892,12.162162162162163
E00062717,109,30,13,17,79,67,12,27.522935779816514,11.926605504587156,15.59633027522936,72.47706422018348,61.46788990825688,11.009174311926607
E00062718,123,38,14,24,85,75,10,30.89430894308943,11.38211382113821,19.51219512195122,69.10569105691057,60.97560975609756,8.130081300813007
E00062719,92,24,7,17,68,58,10,26.08695652173913,7.608695652173914,18.478260869565215,73.91304347826086,63.04347826086957,10.869565217391305
E00062720,186,39,14,25,147,120,27,20.967741935483872,7.526881720430108,13.440860215053762,79.03225806451613,64.51612903225806,14.516129032258066
E00062721,134,28,11,17,106,94,12,20.8955223880597,8.208955223880597,12.686567164179104,79.1044776119403,70.1492537313433,8.955223880597014
E00062722,129,39,14,25,90,79,11,30.23255813953488,10.852713178294573,19.379844961240313,69.76744186046511,61.240310077519375,8.527131782945736
E00062723,111,27,11,16,84,79,5,24.324324324324326,9.90990990990991,14.414414414414415,75.67567567567568,71.17117117117117,4.504504504504505
E00062724,123,23,7,16,100,87,13,18.69918699186992,5.691056910569105,13.008130081300814,81.30081300813008,70.73170731707317,10.569105691056912
E00062725,158,45,16,29,113,96,17,28.48101265822785,10.126582278481013,18.354430379746837,71.51898734177216,60.75949367088608,10.759493670886076
E00062726,177,50,15,35,127,113,14,28.24858757062147,8.47457627118644,19.774011299435028,71.75141242937853,63.84180790960452,7.909604519774012
E00062727,136,44,11,33,92,85,7,32.35294117647059,8.088235294117647,24.264705882352942,67.64705882352942,62.5,5.147058823529411
E00062728,115,35,8,27,80,71,9,30.434782608695656,6.956521739130435,23.47826086956522,69.56521739130434,61.73913043478261,7.82608695652174
E00062729,96,30,9,21,66,52,14,31.25,9.375,21.875,68.75,54.166666666666664,14.583333333333334
E00062730,161,39,13,26,122,107,15,24.22360248447205,8.074534161490684,16.149068322981368,75.77639751552795,66.45962732919256,9.316770186335404
E00062731,149,47,14,33,102,96,6,31.543624161073826,9.395973154362416,22.14765100671141,68.45637583892618,64.42953020134227,4.026845637583892
E00062732,130,36,11,25,94,84,10,27.692307692307693,8.461538461538462,19.230769230769234,72.3076923076923,64.61538461538461,7.6923076923076925
E00062733,158,40,14,26,118,109,9,25.31645569620253,8.860759493670885,16.455696202531644,74.68354430379746,68.9873417721519,5.69620253164557
E00062734,95,27,7,20,68,60,8,28.421052631578945,7.368421052631578,21.052631578947366,71.57894736842105,63.1578947368421,8.421052631578947
E00062735,96,27,5,22,69,61,8,28.125,5.208333333333334,22.916666666666664,71.875,63.541666666666664,8.333333333333332
E00062736,127,47,17,30,80,76,4,37.00787401574803,13.385826771653544,23.62204724409449,62.99212598425197,59.84251968503938,3.149606299212598
E00062737,111,27,6,21,84,72,12,24.324324324324326,5.405405405405405,18.91891891891892,75.67567567567568,64.86486486486487,10.81081081081081
E00062738,127,34,11,23,93,84,9,26.77165354330709,8.661417322834646,18.11023622047244,73.22834645669292,66.14173228346458,7.086614173228346
E00062739,108,32,7,25,76,71,5,29.629629629629626,6.481481481481481,23.14814814814815,70.37037037037037,65.74074074074075,4.62962962962963
E00062740,88,27,5,22,61,55,6,30.681818181818183,5.681818181818182,25,69.31818181818183,62.5,6.8181818181818175
E00062741,129,36,10,26,93,87,6,27.906976744186046,7.751937984496124,20.155038759689923,72.09302325581395,67.44186046511628,4.651162790697675
E00062742,124,44,12,32,80,73,7,35.483870967741936,9.67741935483871,25.806451612903224,64.51612903225806,58.87096774193549,5.64516129032258
E00062743,100,24,6,18,76,69,7,24,6,18,76,69,7.000000000000001
E00062744,115,28,10,18,87,80,7,24.347826086956523,8.695652173913043,15.65217391304348,75.65217391304347,69.56521739130434,6.086956521739131
E00062745,96,28,8,20,68,65,3,29.166666666666668,8.333333333333332,20.833333333333336,70.83333333333334,67.70833333333334,3.125
E00062746,79,15,1,14,64,56,8,18.9873417721519,1.2658227848101267,17.72151898734177,81.0126582278481,70.88607594936708,10.126582278481013
E00062747,73,34,8,26,39,34,5,46.57534246575342,10.95890410958904,35.61643835616438,53.42465753424658,46.57534246575342,6.8493150684931505
E00062748,138,41,17,24,97,93,4,29.71014492753623,12.318840579710146,17.391304347826086,70.28985507246377,67.3913043478261,2.898550724637681
E00062749,152,36,13,23,116,100,16,23.684210526315788,8.552631578947368,15.131578947368421,76.31578947368422,65.78947368421053,10.526315789473683
E00062751,62,22,5,17,40,32,8,35.483870967741936,8.064516129032258,27.419354838709676,64.51612903225806,51.61290322580645,12.903225806451612
E00062752,244,58,12,46,186,159,27,23.770491803278688,4.918032786885246,18.852459016393443,76.22950819672131,65.1639344262295,11.065573770491802
E00062753,79,33,11,22,46,42,4,41.77215189873418,13.924050632911392,27.848101265822784,58.22784810126582,53.16455696202531,5.063291139240507
E00062754,217,51,16,35,166,151,15,23.502304147465438,7.373271889400922,16.129032258064516,76.49769585253456,69.5852534562212,6.912442396313365
E00062755,105,32,8,24,73,69,4,30.476190476190478,7.6190476190476195,22.857142857142858,69.52380952380952,65.71428571428571,3.8095238095238098
E00062756,100,39,6,33,61,58,3,39,6,33,61,57.99999999999999,3
E00062757,104,29,5,24,75,63,12,27.884615384615387,4.807692307692308,23.076923076923077,72.11538461538461,60.57692307692307,11.538461538461538
E00062758,131,35,14,21,96,86,10,26.717557251908396,10.687022900763358,16.030534351145036,73.2824427480916,65.64885496183206,7.633587786259542
E00062759,99,30,8,22,69,62,7,30.303030303030305,8.080808080808081,22.22222222222222,69.6969696969697,62.62626262626263,7.07070707070707
E00062760,120,46,16,30,74,66,8,38.333333333333336,13.333333333333334,25,61.66666666666667,55.00000000000001,6.666666666666667
E00062761,161,38,8,30,123,105,18,23.60248447204969,4.968944099378882,18.633540372670808,76.3975155279503,65.21739130434783,11.180124223602485
E00062762,125,48,16,32,77,71,6,38.4,12.8,25.6,61.6,56.8,4.8
E00062763,134,47,15,32,87,82,5,35.07462686567165,11.194029850746269,23.88059701492537,64.92537313432835,61.19402985074627,3.731343283582089
E00062764,133,36,14,22,97,89,8,27.06766917293233,10.526315789473683,16.541353383458645,72.93233082706767,66.9172932330827,6.015037593984962
E00062765,110,35,8,27,75,66,9,31.818181818181817,7.2727272727272725,24.545454545454547,68.18181818181817,60,8.181818181818182
E00062766,113,30,8,22,83,77,6,26.548672566371685,7.079646017699115,19.469026548672566,73.45132743362832,68.14159292035397,5.3097345132743365
E00062767,93,22,4,18,71,63,8,23.655913978494624,4.301075268817205,19.35483870967742,76.34408602150538,67.74193548387096,8.60215053763441
E00062769,104,22,0,22,82,76,6,21.153846153846153,0,21.153846153846153,78.84615384615384,73.07692307692307,5.769230769230769
E00062770,67,18,7,11,49,45,4,26.865671641791046,10.44776119402985,16.417910447761194,73.13432835820896,67.16417910447761,5.970149253731343
E00170524,128,30,7,23,98,88,10,23.4375,5.46875,17.96875,76.5625,68.75,7.8125
E00170525,49,15,7,8,34,29,5,30.612244897959183,14.285714285714285,16.3265306122449,69.38775510204081,59.183673469387756,10.204081632653061
E00170526,95,16,5,11,79,73,6,16.842105263157894,5.263157894736842,11.578947368421053,83.15789473684211,76.84210526315789,6.315789473684211
E00170527,190,42,12,30,148,127,21,22.105263157894736,6.315789473684211,15.789473684210526,77.89473684210526,66.84210526315789,11.052631578947368
E00170528,176,31,8,23,145,130,15,17.613636363636363,4.545454545454546,13.068181818181818,82.38636363636364,73.86363636363636,8.522727272727272
E00170530,147,24,5,19,123,107,16,16.3265306122449,3.4013605442176873,12.925170068027212,83.6734693877551,72.78911564625851,10.884353741496598
E00170531,128,18,7,11,110,92,18,14.0625,5.46875,8.59375,85.9375,71.875,14.0625
E00170532,143,34,12,22,109,96,13,23.776223776223777,8.391608391608392,15.384615384615385,76.22377622377621,67.13286713286713,9.090909090909092
E00170533,155,29,10,19,126,114,12,18.70967741935484,6.451612903225806,12.258064516129032,81.29032258064515,73.54838709677419,7.741935483870968
E00170534,162,35,12,23,127,109,18,21.604938271604937,7.4074074074074066,14.19753086419753,78.39506172839506,67.28395061728395,11.11111111111111
E00170535,153,21,6,15,132,118,14,13.725490196078432,3.9215686274509802,9.803921568627452,86.27450980392157,77.12418300653596,9.15032679738562
E00170536,181,43,19,24,138,124,14,23.756906077348066,10.497237569060774,13.259668508287293,76.24309392265194,68.50828729281768,7.734806629834254
E00170537,118,29,8,21,89,70,19,24.576271186440678,6.779661016949152,17.796610169491526,75.42372881355932,59.32203389830508,16.101694915254235
E00170538,185,48,17,31,137,120,17,25.945945945945947,9.18918918918919,16.756756756756758,74.05405405405405,64.86486486486487,9.18918918918919
E00170539,53,15,1,14,38,38,0,28.30188679245283,1.8867924528301887,26.41509433962264,71.69811320754717,71.69811320754717,0
E00170540,105,38,15,23,67,66,1,36.19047619047619,14.285714285714285,21.904761904761905,63.8095238095238,62.857142857142854,0.9523809523809524
E00170541,32,9,4,5,23,23,0,28.125,12.5,15.625,71.875,71.875,0
E00170542,117,55,15,40,62,54,8,47.008547008547005,12.82051282051282,34.18803418803419,52.991452991452995,46.15384615384615,6.837606837606838
E00170543,96,23,3,20,73,64,9,23.958333333333336,3.125,20.833333333333336,76.04166666666666,66.66666666666666,9.375
E00170544,221,58,14,44,163,133,30,26.244343891402718,6.334841628959276,19.90950226244344,73.7556561085973,60.18099547511312,13.574660633484163
E00170545,360,77,30,47,283,254,29,21.38888888888889,8.333333333333332,13.055555555555557,78.61111111111111,70.55555555555556,8.055555555555555
E00170546,337,59,16,43,278,239,39,17.50741839762611,4.747774480712167,12.759643916913946,82.49258160237389,70.91988130563797,11.572700296735905
E00170547,165,29,11,18,136,124,12,17.575757575757574,6.666666666666667,10.909090909090908,82.42424242424242,75.15151515151514,7.2727272727272725
E00170548,147,30,10,20,117,100,17,20.408163265306122,6.802721088435375,13.60544217687075,79.59183673469387,68.02721088435374,11.564625850340136
E00170549,163,40,11,29,123,112,11,24.539877300613497,6.748466257668712,17.791411042944784,75.4601226993865,68.71165644171779,6.748466257668712
E00170550,77,18,5,13,59,59,0,23.376623376623375,6.493506493506493,16.883116883116884,76.62337662337663,76.62337662337663,0
E00170551,327,83,25,58,244,199,45,25.382262996941897,7.64525993883792,17.737003058103976,74.61773700305811,60.85626911314985,13.761467889908257
E00170552,225,53,21,32,172,153,19,23.555555555555554,9.333333333333334,14.222222222222221,76.44444444444444,68,8.444444444444445
E00170553,149,34,12,22,115,102,13,22.818791946308725,8.053691275167784,14.76510067114094,77.18120805369128,68.45637583892618,8.724832214765101
E00170554,148,43,15,28,105,96,9,29.054054054054053,10.135135135135135,18.91891891891892,70.94594594594594,64.86486486486487,6.081081081081082
E00170555,163,52,17,35,111,95,16,31.901840490797547,10.429447852760736,21.472392638036812,68.09815950920245,58.282208588957054,9.815950920245399
E00170556,158,46,17,29,112,102,10,29.11392405063291,10.759493670886076,18.354430379746837,70.88607594936708,64.55696202531645,6.329113924050633
E00170558,165,40,8,32,125,109,16,24.242424242424242,4.848484848484849,19.393939393939394,75.75757575757575,66.06060606060606,9.696969696969697
E00170559,211,40,11,29,171,142,29,18.95734597156398,5.213270142180095,13.744075829383887,81.04265402843602,67.29857819905213,13.744075829383887
E00170560,110,21,8,13,89,81,8,19.090909090909093,7.2727272727272725,11.818181818181818,80.9090909090909,73.63636363636363,7.2727272727272725
E00170561,169,45,20,25,124,105,19,26.627218934911244,11.834319526627219,14.792899408284024,73.37278106508876,62.1301775147929,11.242603550295858
E00170562,158,50,10,40,108,90,18,31.645569620253166,6.329113924050633,25.31645569620253,68.35443037974683,56.9620253164557,11.39240506329114
E00170563,191,51,17,34,140,126,14,26.701570680628272,8.900523560209423,17.801047120418847,73.29842931937172,65.96858638743456,7.329842931937172
E00188762,150,23,8,15,127,117,10,15.333333333333332,5.333333333333334,10,84.66666666666667,78,6.666666666666667
E00188772,102,33,12,21,69,59,10,32.35294117647059,11.76470588235294,20.588235294117645,67.64705882352942,57.84313725490197,9.803921568627452
E00188788,198,41,8,33,157,135,22,20.707070707070706,4.040404040404041,16.666666666666664,79.29292929292929,68.18181818181817,11.11111111111111
E00188803,105,21,4,17,84,76,8,20,3.8095238095238098,16.19047619047619,80,72.38095238095238,7.6190476190476195
E00188817,225,36,11,25,189,163,26,16,4.888888888888889,11.11111111111111,84,72.44444444444444,11.555555555555555
E00188821,200,40,13,27,160,132,28,20,6.5,13.5,80,66,14.000000000000002
E00188835,223,35,7,28,188,171,17,15.695067264573993,3.1390134529147984,12.556053811659194,84.30493273542601,76.68161434977578,7.623318385650224
E00188839,163,46,12,34,117,101,16,28.22085889570552,7.361963190184049,20.858895705521473,71.77914110429448,61.963190184049076,9.815950920245399
E00188857,117,23,6,17,94,77,17,19.65811965811966,5.128205128205128,14.529914529914532,80.34188034188034,65.8119658119658,14.529914529914532
E00188860,206,32,11,21,174,146,28,15.53398058252427,5.339805825242718,10.194174757281553,84.46601941747572,70.87378640776699,13.592233009708737
E00188879,143,21,5,16,122,108,14,14.685314685314685,3.4965034965034967,11.188811188811188,85.3146853146853,75.52447552447552,9.79020979020979
E00188884,228,56,18,38,172,151,21,24.561403508771928,7.894736842105263,16.666666666666664,75.43859649122807,66.22807017543859,9.210526315789473
E00188885,147,33,11,22,114,102,12,22.448979591836736,7.482993197278912,14.965986394557824,77.55102040816327,69.38775510204081,8.16326530612245
E00188893,134,49,18,31,85,76,9,36.56716417910448,13.432835820895523,23.134328358208954,63.43283582089553,56.71641791044776,6.7164179104477615
E00188896,183,43,21,22,140,123,17,23.497267759562842,11.475409836065573,12.021857923497267,76.50273224043715,67.21311475409836,9.289617486338798
E00188900,220,42,6,36,178,155,23,19.090909090909093,2.727272727272727,16.363636363636363,80.9090909090909,70.45454545454545,10.454545454545453
E00188911,184,36,14,22,148,130,18,19.565217391304348,7.608695652173914,11.956521739130435,80.43478260869566,70.65217391304348,9.782608695652174
E00188915,227,30,9,21,197,179,18,13.215859030837004,3.9647577092511015,9.251101321585903,86.78414096916299,78.8546255506608,7.929515418502203
E00188927,178,34,12,22,144,125,19,19.101123595505616,6.741573033707865,12.359550561797752,80.89887640449437,70.2247191011236,10.674157303370785
