OA,ts0380001,ts0380002,ts0380003,ts0380004,ts0380005,ts0380006,ts0380007,ts0380002_PCT,ts0380003_PCT,ts0380004_PCT,ts0380005_PCT,ts0380006_PCT,ts0380007_PCT
E00114240,179,21,1,20,158,10,148,11.731843575418994,0.5586592178770949,11.1731843575419,88.26815642458101,5.58659217877095,82.68156424581005
E00114241,153,43,16,27,110,13,97,28.104575163398692,10.457516339869281,17.647058823529413,71.89542483660131,8.49673202614379,63.39869281045751
E00114242,263,78,36,42,185,17,168,29.65779467680608,13.688212927756654,15.96958174904943,70.34220532319392,6.4638783269961975,63.87832699619772
E00114243,334,42,19,23,292,30,262,12.574850299401197,5.688622754491018,6.88622754491018,87.42514970059881,8.982035928143713,78.44311377245509
E00114244,256,37,14,23,219,30,189,14.453125,5.46875,8.984375,85.546875,11.71875,73.828125
E00114245,329,46,13,33,283,29,254,13.98176291793313,3.951367781155015,10.030395136778116,86.01823708206688,8.814589665653495,77.20364741641338
E00114246,297,46,21,25,251,20,231,15.488215488215488,7.07070707070707,8.417508417508419,84.51178451178451,6.7340067340067336,77.77777777777779
E00114247,386,34,13,21,352,29,323,8.808290155440414,3.3678756476683938,5.4404145077720205,91.19170984455958,7.512953367875648,83.67875647668393
E00114248,307,51,17,34,256,20,236,16.612377850162865,5.537459283387622,11.074918566775244,83.38762214983714,6.514657980456026,76.8729641693811
E00114249,437,53,9,44,384,40,344,12.128146453089245,2.059496567505721,10.068649885583524,87.87185354691076,9.153318077803203,78.71853546910755
E00114250,338,37,5,32,301,48,253,10.946745562130179,1.4792899408284024,9.467455621301776,89.05325443786982,14.201183431952662,74.85207100591717
E00114251,328,36,10,26,292,20,272,10.975609756097562,3.048780487804878,7.926829268292683,89.02439024390245,6.097560975609756,82.92682926829268
E00114252,301,38,15,23,263,28,235,12.624584717607974,4.983388704318937,7.641196013289036,87.37541528239203,9.30232558139535,78.07308970099668
E00114253,243,41,12,29,202,22,180,16.872427983539097,4.938271604938271,11.934156378600823,83.1275720164609,9.053497942386832,74.07407407407408
E00114254,241,39,16,23,202,17,185,16.182572614107883,6.639004149377594,9.54356846473029,83.81742738589212,7.053941908713693,76.76348547717843
E00114255,249,23,6,17,226,20,206,9.236947791164658,2.4096385542168677,6.827309236947792,90.76305220883533,8.032128514056225,82.73092369477911
E00114256,265,30,7,23,235,33,202,11.320754716981133,2.6415094339622645,8.679245283018867,88.67924528301887,12.452830188679245,76.22641509433963
E00114257,366,39,14,25,327,33,294,10.655737704918032,3.825136612021858,6.830601092896176,89.34426229508196,9.01639344262295,80.32786885245902
E00114258,316,49,8,41,267,23,244,15.50632911392405,2.5316455696202533,12.974683544303797,84.49367088607595,7.2784810126582276,77.21518987341773
E00114259,306,42,14,28,264,29,235,13.725490196078432,4.57516339869281,9.15032679738562,86.27450980392157,9.477124183006536,76.79738562091504
E00114260,222,68,46,22,154,24,130,30.630630630630627,20.72072072072072,9.90990990990991,69.36936936936937,10.81081081081081,58.55855855855856
E00114261,330,27,4,23,303,31,272,8.181818181818182,1.2121212121212122,6.969696969696971,91.81818181818183,9.393939393939393,82.42424242424242
E00114262,354,74,29,45,280,23,257,20.903954802259886,8.192090395480225,12.711864406779661,79.09604519774011,6.497175141242938,72.59887005649718
E00114263,318,53,15,38,265,23,242,16.666666666666664,4.716981132075472,11.949685534591195,83.33333333333334,7.232704402515723,76.10062893081762
E00114264,313,44,15,29,269,24,245,14.057507987220447,4.792332268370607,9.26517571884984,85.94249201277955,7.667731629392971,78.27476038338658
E00114265,296,49,15,34,247,20,227,16.554054054054053,5.0675675675675675,11.486486486486488,83.44594594594594,6.756756756756757,76.6891891891892
E00114266,304,48,15,33,256,34,222,15.789473684210526,4.934210526315789,10.855263157894738,84.21052631578947,11.18421052631579,73.02631578947368
E00114267,444,73,25,48,371,36,335,16.441441441441444,5.63063063063063,10.81081081081081,83.55855855855856,8.108108108108109,75.45045045045045
E00114268,250,27,12,15,223,25,198,10.8,4.8,6,89.2,10,79.2
E00114269,261,24,7,17,237,20,217,9.195402298850574,2.681992337164751,6.513409961685824,90.80459770114942,7.662835249042145,83.14176245210729
E00114270,285,56,12,44,229,23,206,19.649122807017545,4.2105263157894735,15.43859649122807,80.35087719298247,8.070175438596491,72.28070175438597
E00114271,336,43,10,33,293,25,268,12.797619047619047,2.976190476190476,9.821428571428571,87.20238095238095,7.440476190476191,79.76190476190477
E00114272,292,45,17,28,247,30,217,15.41095890410959,5.821917808219178,9.58904109589041,84.58904109589042,10.273972602739725,74.31506849315068
E00114273,291,48,19,29,243,17,226,16.49484536082474,6.529209621993128,9.965635738831615,83.50515463917526,5.841924398625429,77.66323024054984
E00114274,432,54,11,43,378,44,334,12.5,2.5462962962962963,9.953703703703704,87.5,10.185185185185185,77.31481481481481
E00114275,221,34,8,26,187,18,169,15.384615384615385,3.619909502262444,11.76470588235294,84.61538461538461,8.144796380090497,76.47058823529412
E00114276,317,34,11,23,283,26,257,10.725552050473187,3.4700315457413247,7.255520504731862,89.27444794952682,8.201892744479496,81.07255520504731
E00114277,218,23,8,15,195,26,169,10.550458715596331,3.669724770642202,6.8807339449541285,89.44954128440367,11.926605504587156,77.52293577981652
E00114278,336,59,24,35,277,18,259,17.559523809523807,7.142857142857142,10.416666666666668,82.44047619047619,5.357142857142857,77.08333333333334
E00114279,318,42,12,30,276,25,251,13.20754716981132,3.7735849056603774,9.433962264150944,86.79245283018868,7.861635220125786,78.9308176100629
E00114280,334,48,10,38,286,23,263,14.37125748502994,2.9940119760479043,11.377245508982035,85.62874251497006,6.88622754491018,78.74251497005989
E00114281,323,30,13,17,293,22,271,9.287925696594428,4.024767801857585,5.263157894736842,90.71207430340557,6.811145510835913,83.90092879256966
E00114282,318,63,33,30,255,26,229,19.81132075471698,10.377358490566039,9.433962264150944,80.18867924528303,8.176100628930817,72.0125786163522
E00114283,368,63,20,43,305,26,279,17.119565217391305,5.434782608695652,11.684782608695652,82.88043478260869,7.065217391304348,75.81521739130434
E00114284,307,48,13,35,259,22,237,15.63517915309446,4.234527687296417,11.400651465798045,84.36482084690554,7.166123778501629,77.19869706840392
E00114285,270,58,25,33,212,17,195,21.48148148148148,9.25925925925926,12.222222222222221,78.51851851851852,6.296296296296296,72.22222222222221
E00114287,269,29,12,17,240,19,221,10.780669144981413,4.4609665427509295,6.319702602230483,89.21933085501858,7.063197026022305,82.15613382899627
E00114288,342,38,9,29,304,25,279,11.11111111111111,2.631578947368421,8.47953216374269,88.88888888888889,7.309941520467836,81.57894736842105
E00114289,224,19,4,15,205,20,185,8.482142857142858,1.7857142857142856,6.696428571428571,91.51785714285714,8.928571428571429,82.58928571428571
E00114290,267,64,30,34,203,27,176,23.970037453183522,11.235955056179774,12.734082397003746,76.02996254681648,10.112359550561797,65.91760299625467
E00114291,286,55,24,31,231,25,206,19.230769230769234,8.391608391608392,10.839160839160838,80.76923076923077,8.741258741258742,72.02797202797203
E00114292,247,50,22,28,197,19,178,20.242914979757085,8.906882591093117,11.336032388663968,79.75708502024291,7.6923076923076925,72.06477732793523
E00114293,204,26,7,19,178,20,158,12.745098039215685,3.431372549019608,9.313725490196079,87.25490196078431,9.803921568627452,77.45098039215686
E00114294,284,53,19,34,231,23,208,18.661971830985916,6.690140845070422,11.971830985915492,81.33802816901408,8.098591549295776,73.23943661971832
E00114295,283,40,10,30,243,24,219,14.13427561837456,3.53356890459364,10.60070671378092,85.86572438162544,8.480565371024735,77.3851590106007
E00114296,278,40,19,21,238,24,214,14.388489208633093,6.83453237410072,7.553956834532374,85.61151079136691,8.633093525179856,76.97841726618705
E00114297,347,52,14,38,295,33,262,14.985590778097983,4.034582132564841,10.951008645533141,85.01440922190201,9.510086455331413,75.50432276657061
E00114298,266,24,4,20,242,31,211,9.022556390977442,1.5037593984962405,7.518796992481203,90.97744360902256,11.654135338345863,79.32330827067669
E00114299,280,65,27,38,215,21,194,23.214285714285715,9.642857142857144,13.571428571428571,76.78571428571429,7.5,69.28571428571428
E00114300,332,61,23,38,271,29,242,18.373493975903614,6.927710843373494,11.44578313253012,81.62650602409639,8.734939759036145,72.89156626506023
E00114301,309,68,31,37,241,17,224,22.006472491909385,10.032362459546926,11.974110032362459,77.99352750809061,5.501618122977346,72.49190938511327
E00114302,354,46,13,33,308,35,273,12.994350282485875,3.672316384180791,9.322033898305085,87.00564971751412,9.887005649717514,77.11864406779661
E00114303,282,62,26,36,220,25,195,21.98581560283688,9.219858156028367,12.76595744680851,78.01418439716312,8.865248226950355,69.14893617021278
E00114304,327,49,24,25,278,27,251,14.984709480122325,7.339449541284404,7.64525993883792,85.01529051987767,8.256880733944955,76.75840978593273
E00114305,290,83,37,46,207,23,184,28.620689655172416,12.758620689655173,15.862068965517242,71.37931034482759,7.931034482758621,63.44827586206897
E00114306,276,60,22,38,216,12,204,21.73913043478261,7.971014492753622,13.768115942028986,78.26086956521739,4.3478260869565215,73.91304347826086
E00114307,364,51,19,32,313,25,288,14.010989010989011,5.21978021978022,8.791208791208792,85.98901098901099,6.868131868131869,79.12087912087912
E00114308,368,87,24,63,281,28,253,23.641304347826086,6.521739130434782,17.119565217391305,76.3586956521739,7.608695652173914,68.75
E00114309,239,62,32,30,177,19,158,25.94142259414226,13.389121338912133,12.552301255230125,74.05857740585773,7.949790794979079,66.10878661087865
E00114310,362,44,12,32,318,28,290,12.154696132596685,3.314917127071823,8.83977900552486,87.84530386740332,7.734806629834254,80.11049723756905
E00114311,210,60,24,36,150,18,132,28.57142857142857,11.428571428571429,17.142857142857142,71.42857142857143,8.571428571428571,62.857142857142854
E00114312,192,41,16,25,151,11,140,21.354166666666664,8.333333333333332,13.020833333333334,78.64583333333334,5.729166666666666,72.91666666666666
E00114313,340,69,22,47,271,18,253,20.294117647058822,6.470588235294119,13.823529411764707,79.70588235294119,5.294117647058823,74.41176470588235
E00114314,303,28,7,21,275,24,251,9.24092409240924,2.31023102310231,6.9306930693069315,90.75907590759076,7.920792079207921,82.83828382838284
E00114315,520,66,22,44,454,41,413,12.692307692307692,4.230769230769231,8.461538461538462,87.3076923076923,7.884615384615384,79.42307692307692
E00114316,403,55,15,40,348,31,317,13.647642679900745,3.722084367245657,9.925558312655088,86.35235732009926,7.6923076923076925,78.66004962779157
E00114317,272,52,20,32,220,16,204,19.11764705882353,7.352941176470589,11.76470588235294,80.88235294117648,5.88235294117647,75
E00114318,454,87,37,50,367,30,337,19.162995594713657,8.149779735682818,11.013215859030836,80.83700440528634,6.607929515418502,74.22907488986785
E00114319,333,41,10,31,292,27,265,12.312312312312311,3.003003003003003,9.30930930930931,87.68768768768768,8.108108108108109,79.57957957957959
E00114322,292,58,19,39,234,17,217,19.863013698630137,6.506849315068493,13.356164383561644,80.13698630136986,5.821917808219178,74.31506849315068
E00114323,337,49,17,32,288,21,267,14.540059347181009,5.044510385756676,9.495548961424333,85.45994065281899,6.231454005934718,79.22848664688428
E00114324,302,38,8,30,264,26,238,12.582781456953644,2.6490066225165565,9.933774834437086,87.41721854304636,8.609271523178808,78.80794701986756
E00114325,332,40,6,34,292,24,268,12.048192771084338,1.8072289156626504,10.240963855421686,87.95180722891565,7.228915662650602,80.72289156626506
E00114326,287,63,18,45,224,21,203,21.951219512195124,6.2717770034843205,15.6794425087108,78.04878048780488,7.317073170731707,70.73170731707317
E00114327,291,54,19,35,237,19,218,18.556701030927837,6.529209621993128,12.027491408934708,81.44329896907216,6.529209621993128,74.91408934707904
E00114328,362,68,27,41,294,24,270,18.784530386740332,7.458563535911603,11.32596685082873,81.21546961325967,6.629834254143646,74.58563535911603
E00114329,360,105,47,58,255,26,229,29.166666666666668,13.055555555555557,16.11111111111111,70.83333333333334,7.222222222222221,63.61111111111111
E00114330,379,56,26,30,323,30,293,14.775725593667547,6.860158311345646,7.9155672823219,85.22427440633246,7.9155672823219,77.30870712401055
E00114331,308,52,13,39,256,21,235,16.883116883116884,4.220779220779221,12.662337662337661,83.11688311688312,6.8181818181818175,76.2987012987013
E00114333,308,58,19,39,250,18,232,18.83116883116883,6.1688311688311686,12.662337662337661,81.16883116883116,5.844155844155844,75.32467532467533
E00114334,403,68,26,42,335,29,306,16.87344913151365,6.451612903225806,10.421836228287841,83.12655086848635,7.196029776674938,75.93052109181141
E00114335,265,52,22,30,213,17,196,19.622641509433965,8.30188679245283,11.320754716981133,80.37735849056604,6.415094339622642,73.9622641509434
E00114336,325,79,30,49,246,28,218,24.307692307692307,9.230769230769232,15.076923076923077,75.6923076923077,8.615384615384615,67.07692307692308
E00114337,346,73,30,43,273,23,250,21.09826589595376,8.670520231213873,12.427745664739884,78.90173410404624,6.6473988439306355,72.25433526011561
E00114338,362,73,38,35,289,21,268,20.165745856353592,10.497237569060774,9.668508287292818,79.8342541436464,5.801104972375691,74.03314917127072
E00114339,286,44,19,25,242,19,223,15.384615384615385,6.643356643356643,8.741258741258742,84.61538461538461,6.643356643356643,77.97202797202797
E00114340,456,78,38,40,378,26,352,17.105263157894736,8.333333333333332,8.771929824561402,82.89473684210526,5.701754385964912,77.19298245614034
E00114341,310,65,30,35,245,19,226,20.967741935483872,9.67741935483871,11.29032258064516,79.03225806451613,6.129032258064516,72.90322580645162
E00114342,271,26,6,20,245,15,230,9.59409594095941,2.214022140221402,7.380073800738007,90.40590405904058,5.535055350553505,84.87084870848709
E00114343,315,31,7,24,284,22,262,9.841269841269842,2.2222222222222223,7.6190476190476195,90.15873015873017,6.984126984126984,83.17460317460318
E00114344,338,30,7,23,308,24,284,8.875739644970414,2.0710059171597637,6.8047337278106506,91.12426035502959,7.100591715976331,84.02366863905326
E00114345,260,49,16,33,211,19,192,18.846153846153847,6.153846153846154,12.692307692307692,81.15384615384616,7.307692307692308,73.84615384615385
E00114346,336,58,24,34,278,17,261,17.261904761904763,7.142857142857142,10.119047619047619,82.73809523809523,5.059523809523809,77.67857142857143
E00114347,593,68,19,49,525,40,485,11.467116357504215,3.204047217537943,8.263069139966273,88.53288364249579,6.745362563237774,81.78752107925801
E00114348,339,60,25,35,279,26,253,17.699115044247787,7.374631268436578,10.32448377581121,82.30088495575221,7.669616519174041,74.63126843657817
E00114349,151,14,2,12,137,20,117,9.271523178807946,1.3245033112582782,7.9470198675496695,90.72847682119205,13.245033112582782,77.48344370860927
E00114350,350,31,10,21,319,25,294,8.857142857142856,2.857142857142857,6,91.14285714285715,7.142857142857142,84
E00114351,325,34,5,29,291,28,263,10.461538461538462,1.5384615384615385,8.923076923076923,89.53846153846153,8.615384615384615,80.92307692307692
E00114352,336,43,10,33,293,35,258,12.797619047619047,2.976190476190476,9.821428571428571,87.20238095238095,10.416666666666668,76.78571428571429
E00114353,577,124,78,46,453,46,407,21.49046793760832,13.518197573656845,7.9722703639514725,78.50953206239168,7.9722703639514725,70.53726169844022
E00114354,375,87,43,44,288,27,261,23.200000000000003,11.466666666666667,11.733333333333333,76.8,7.199999999999999,69.6
E00114355,333,33,13,20,300,40,260,9.90990990990991,3.903903903903904,6.006006006006006,90.09009009009009,12.012012012012011,78.07807807807808
E00114357,328,61,19,42,267,25,242,18.597560975609756,5.7926829268292686,12.804878048780488,81.40243902439023,7.621951219512195,73.78048780487805
E00114358,230,30,8,22,200,16,184,13.043478260869565,3.4782608695652173,9.565217391304348,86.95652173913044,6.956521739130435,80
E00114359,159,15,5,10,144,19,125,9.433962264150944,3.1446540880503147,6.289308176100629,90.56603773584906,11.949685534591195,78.61635220125787
E00114360,262,37,13,24,225,20,205,14.122137404580155,4.961832061068702,9.16030534351145,85.87786259541986,7.633587786259542,78.2442748091603
E00114361,445,51,13,38,394,31,363,11.46067415730337,2.9213483146067416,8.539325842696629,88.53932584269663,6.96629213483146,81.57303370786518
E00114362,182,55,42,13,127,12,115,30.21978021978022,23.076923076923077,7.142857142857142,69.78021978021978,6.593406593406594,63.18681318681318
E00114363,355,45,10,35,310,50,260,12.676056338028168,2.8169014084507045,9.859154929577464,87.32394366197182,14.084507042253522,73.23943661971832
E00114364,253,36,6,30,217,27,190,14.229249011857709,2.371541501976284,11.857707509881422,85.7707509881423,10.67193675889328,75.09881422924902
E00114365,338,84,41,43,254,27,227,24.85207100591716,12.1301775147929,12.721893491124261,75.14792899408283,7.988165680473373,67.15976331360946
E00114366,320,31,16,15,289,25,264,9.6875,5,4.6875,90.3125,7.8125,82.5
E00114367,157,14,4,10,143,12,131,8.9171974522293,2.547770700636943,6.369426751592357,91.0828025477707,7.643312101910828,83.43949044585987
E00114368,272,30,10,20,242,32,210,11.029411764705882,3.6764705882352944,7.352941176470589,88.97058823529412,11.76470588235294,77.20588235294117
E00114369,196,31,10,21,165,21,144,15.816326530612246,5.1020408163265305,10.714285714285714,84.18367346938776,10.714285714285714,73.46938775510205
E00114370,287,36,12,24,251,15,236,12.543554006968641,4.181184668989547,8.362369337979095,87.45644599303137,5.2264808362369335,82.22996515679442
E00114371,214,36,17,19,178,26,152,16.822429906542055,7.943925233644859,8.878504672897195,83.17757009345794,12.149532710280374,71.02803738317756
E00114372,356,38,18,20,318,32,286,10.674157303370785,5.056179775280898,5.617977528089887,89.32584269662921,8.98876404494382,80.33707865168539
E00114373,289,43,10,33,246,29,217,14.878892733564014,3.4602076124567476,11.418685121107266,85.12110726643598,10.034602076124568,75.08650519031141
E00114374,328,28,10,18,300,31,269,8.536585365853659,3.048780487804878,5.487804878048781,91.46341463414635,9.451219512195122,82.01219512195121
E00114375,336,36,8,28,300,31,269,10.714285714285714,2.380952380952381,8.333333333333332,89.28571428571429,9.226190476190476,80.05952380952381
E00114376,395,43,11,32,352,35,317,10.886075949367088,2.7848101265822782,8.10126582278481,89.1139240506329,8.860759493670885,80.25316455696202
E00114377,274,17,4,13,257,28,229,6.204379562043796,1.4598540145985401,4.744525547445255,93.7956204379562,10.218978102189782,83.57664233576642
E00114379,280,40,17,23,240,17,223,14.285714285714285,6.071428571428571,8.214285714285714,85.71428571428571,6.071428571428571,79.64285714285714
E00114380,327,47,11,36,280,30,250,14.37308868501529,3.3639143730886847,11.009174311926607,85.62691131498471,9.174311926605505,76.45259938837921
E00114381,302,30,7,23,272,30,242,9.933774834437086,2.3178807947019866,7.6158940397351,90.06622516556291,9.933774834437086,80.13245033112582
E00114382,269,27,10,17,242,38,204,10.037174721189592,3.717472118959108,6.319702602230483,89.96282527881041,14.12639405204461,75.8364312267658
E00114383,328,38,12,26,290,30,260,11.585365853658537,3.6585365853658534,7.926829268292683,88.41463414634147,9.146341463414634,79.26829268292683
E00114384,397,47,20,27,350,30,320,11.838790931989925,5.037783375314862,6.801007556675064,88.16120906801007,7.5566750629722925,80.60453400503779
E00114385,287,37,8,29,250,27,223,12.89198606271777,2.7874564459930316,10.104529616724738,87.10801393728222,9.40766550522648,77.70034843205575
E00114388,395,45,16,29,350,41,309,11.39240506329114,4.050632911392405,7.341772151898734,88.60759493670885,10.379746835443038,78.22784810126582
E00114389,319,34,13,21,285,26,259,10.658307210031348,4.075235109717868,6.583072100313479,89.34169278996865,8.150470219435736,81.19122257053291
E00114390,219,34,16,18,185,19,166,15.52511415525114,7.30593607305936,8.21917808219178,84.47488584474885,8.67579908675799,75.79908675799086
E00114391,279,25,8,17,254,19,235,8.960573476702509,2.867383512544803,6.093189964157706,91.0394265232975,6.810035842293908,84.22939068100358
E00114392,226,35,9,26,191,14,177,15.486725663716813,3.982300884955752,11.504424778761061,84.51327433628319,6.1946902654867255,78.31858407079646
E00114393,246,31,3,28,215,28,187,12.601626016260163,1.2195121951219512,11.38211382113821,87.39837398373984,11.38211382113821,76.01626016260163
E00114394,514,48,17,31,466,40,426,9.33852140077821,3.3073929961089497,6.031128404669261,90.6614785992218,7.782101167315175,82.87937743190662
E00114395,462,85,27,58,377,35,342,18.398268398268396,5.844155844155844,12.554112554112553,81.6017316017316,7.575757575757576,74.02597402597402
E00114396,241,23,6,17,218,28,190,9.54356846473029,2.4896265560165975,7.053941908713693,90.45643153526972,11.618257261410788,78.83817427385893
E00114397,453,49,14,35,404,35,369,10.816777041942604,3.090507726269316,7.72626931567329,89.1832229580574,7.72626931567329,81.45695364238411
E00114398,338,22,5,17,316,26,290,6.508875739644971,1.4792899408284024,5.029585798816568,93.49112426035504,7.6923076923076925,85.79881656804734
E00114399,300,40,13,27,260,28,232,13.333333333333334,4.333333333333334,9,86.66666666666667,9.333333333333334,77.33333333333333
E00114400,214,32,12,20,182,21,161,14.953271028037381,5.607476635514018,9.345794392523365,85.04672897196261,9.813084112149532,75.23364485981308
E00114401,471,72,31,41,399,40,359,15.286624203821656,6.581740976645436,8.70488322717622,84.71337579617835,8.492569002123142,76.2208067940552
E00114403,382,55,19,36,327,29,298,14.397905759162304,4.973821989528796,9.424083769633508,85.6020942408377,7.591623036649215,78.01047120418848
E00114404,297,43,12,31,254,14,240,14.47811447811448,4.040404040404041,10.437710437710438,85.52188552188552,4.713804713804714,80.8080808080808
E00114406,301,67,30,37,234,25,209,22.259136212624583,9.966777408637874,12.29235880398671,77.74086378737542,8.305647840531561,69.43521594684385
E00114407,257,38,14,24,219,27,192,14.785992217898833,5.447470817120623,9.33852140077821,85.21400778210116,10.505836575875486,74.70817120622569
E00114409,321,72,30,42,249,22,227,22.429906542056074,9.345794392523365,13.084112149532709,77.57009345794393,6.853582554517133,70.7165109034268
E00114410,330,45,13,32,285,25,260,13.636363636363635,3.939393939393939,9.696969696969697,86.36363636363636,7.575757575757576,78.78787878787878
E00114411,162,45,10,35,117,14,103,27.77777777777778,6.172839506172839,21.604938271604937,72.22222222222221,8.641975308641975,63.580246913580254
E00114412,362,66,22,44,296,29,267,18.23204419889503,6.077348066298343,12.154696132596685,81.76795580110497,8.011049723756907,73.75690607734806
E00114413,329,60,25,35,269,35,234,18.237082066869302,7.598784194528875,10.638297872340425,81.7629179331307,10.638297872340425,71.12462006079028
E00114414,326,54,19,35,272,16,256,16.56441717791411,5.828220858895705,10.736196319018406,83.43558282208589,4.9079754601226995,78.52760736196319
E00114415,201,45,13,32,156,19,137,22.388059701492537,6.467661691542288,15.92039800995025,77.61194029850746,9.45273631840796,68.1592039800995
E00114416,287,32,8,24,255,20,235,11.149825783972126,2.7874564459930316,8.362369337979095,88.85017421602788,6.968641114982578,81.8815331010453
E00114417,282,35,6,29,247,25,222,12.411347517730496,2.127659574468085,10.28368794326241,87.58865248226951,8.865248226950355,78.72340425531915
E00114418,338,49,17,32,289,32,257,14.497041420118343,5.029585798816568,9.467455621301776,85.50295857988166,9.467455621301776,76.03550295857988
E00114420,368,53,19,34,315,34,281,14.402173913043478,5.163043478260869,9.239130434782608,85.59782608695652,9.239130434782608,76.3586956521739
E00114421,310,53,16,37,257,20,237,17.096774193548388,5.161290322580645,11.935483870967742,82.9032258064516,6.451612903225806,76.45161290322581
E00114422,313,53,19,34,260,28,232,16.93290734824281,6.070287539936102,10.86261980830671,83.06709265175719,8.945686900958465,74.12140575079871
E00114423,220,39,19,20,181,19,162,17.727272727272727,8.636363636363637,9.090909090909092,82.27272727272728,8.636363636363637,73.63636363636363
E00114424,269,34,13,21,235,28,207,12.639405204460965,4.83271375464684,7.806691449814126,87.36059479553904,10.408921933085502,76.95167286245353
E00114425,206,39,11,28,167,17,150,18.932038834951456,5.339805825242718,13.592233009708737,81.06796116504854,8.25242718446602,72.81553398058253
E00114426,217,58,28,30,159,20,139,26.72811059907834,12.903225806451612,13.82488479262673,73.27188940092167,9.216589861751153,64.0552995391705
E00114427,347,62,23,39,285,37,248,17.86743515850144,6.628242074927954,11.239193083573488,82.13256484149855,10.662824207492795,71.46974063400576
E00114428,274,48,21,27,226,24,202,17.51824817518248,7.664233576642336,9.854014598540147,82.48175182481752,8.75912408759124,73.72262773722628
E00114429,303,32,7,25,271,32,239,10.561056105610561,2.31023102310231,8.25082508250825,89.43894389438944,10.561056105610561,78.87788778877888
E00114430,319,49,20,29,270,32,238,15.360501567398119,6.269592476489027,9.090909090909092,84.63949843260188,10.031347962382444,74.60815047021944
E00114431,294,42,10,32,252,27,225,14.285714285714285,3.4013605442176873,10.884353741496598,85.71428571428571,9.183673469387756,76.53061224489795
E00114432,330,55,16,39,275,28,247,16.666666666666664,4.848484848484849,11.818181818181818,83.33333333333334,8.484848484848486,74.84848484848486
E00114433,393,64,16,48,329,30,299,16.28498727735369,4.071246819338422,12.213740458015266,83.7150127226463,7.633587786259542,76.08142493638677
E00114434,420,41,11,30,379,35,344,9.761904761904763,2.619047619047619,7.142857142857142,90.23809523809524,8.333333333333332,81.9047619047619
E00114435,344,33,10,23,311,30,281,9.593023255813954,2.9069767441860463,6.686046511627906,90.40697674418605,8.720930232558139,81.68604651162791
E00114436,330,47,20,27,283,22,261,14.242424242424242,6.0606060606060606,8.181818181818182,85.75757575757575,6.666666666666667,79.0909090909091
E00114437,280,27,7,20,253,26,227,9.642857142857144,2.5,7.142857142857142,90.35714285714286,9.285714285714286,81.07142857142857
E00114438,267,16,4,12,251,17,234,5.992509363295881,1.4981273408239701,4.49438202247191,94.00749063670412,6.367041198501873,87.64044943820225
E00114439,257,21,2,19,236,27,209,8.171206225680933,0.7782101167315175,7.392996108949417,91.82879377431907,10.505836575875486,81.32295719844358
E00114440,288,28,9,19,260,20,240,9.722222222222223,3.125,6.597222222222222,90.27777777777779,6.944444444444445,83.33333333333334
E00114441,329,32,9,23,297,35,262,9.72644376899696,2.735562310030395,6.990881458966565,90.27355623100304,10.638297872340425,79.63525835866263
E00114442,343,42,11,31,301,27,274,12.244897959183673,3.206997084548105,9.037900874635568,87.75510204081633,7.871720116618077,79.88338192419825
E00114443,290,25,4,21,265,29,236,8.620689655172415,1.3793103448275863,7.241379310344828,91.37931034482759,10,81.37931034482759
E00114444,251,25,6,19,226,19,207,9.9601593625498,2.3904382470119523,7.569721115537849,90.0398406374502,7.569721115537849,82.47011952191235
E00114445,365,19,3,16,346,27,319,5.205479452054795,0.821917808219178,4.383561643835616,94.79452054794521,7.397260273972603,87.3972602739726
E00114446,349,35,9,26,314,31,283,10.028653295128938,2.5787965616045847,7.4498567335243555,89.97134670487105,8.882521489971348,81.08882521489971
E00114447,231,19,0,19,212,23,189,8.225108225108226,0,8.225108225108226,91.77489177489177,9.956709956709958,81.81818181818183
E00114448,319,36,11,25,283,29,254,11.285266457680251,3.4482758620689653,7.836990595611286,88.71473354231975,9.090909090909092,79.62382445141067
E00114449,328,47,16,31,281,29,252,14.329268292682926,4.878048780487805,9.451219512195122,85.67073170731707,8.841463414634147,76.82926829268293
E00114450,305,32,6,26,273,26,247,10.491803278688524,1.9672131147540985,8.524590163934425,89.50819672131148,8.524590163934425,80.98360655737706
E00114451,341,30,7,23,311,34,277,8.797653958944283,2.0527859237536656,6.744868035190615,91.20234604105572,9.970674486803519,81.23167155425219
E00114452,381,30,7,23,351,42,309,7.874015748031496,1.837270341207349,6.036745406824147,92.1259842519685,11.023622047244094,81.10236220472441
E00114453,293,23,11,12,270,19,251,7.849829351535837,3.754266211604096,4.09556313993174,92.15017064846417,6.484641638225256,85.6655290102389
E00114454,321,38,13,25,283,34,249,11.838006230529595,4.049844236760125,7.78816199376947,88.1619937694704,10.59190031152648,77.57009345794393
E00114455,238,28,7,21,210,34,176,11.76470588235294,2.941176470588235,8.823529411764707,88.23529411764706,14.285714285714285,73.94957983193278
E00114456,305,25,0,25,280,32,248,8.19672131147541,0,8.19672131147541,91.80327868852459,10.491803278688524,81.31147540983606
E00114457,251,30,4,26,221,25,196,11.952191235059761,1.593625498007968,10.358565737051793,88.04780876494024,9.9601593625498,78.08764940239044
E00114458,339,38,7,31,301,27,274,11.209439528023598,2.0648967551622417,9.144542772861357,88.79056047197639,7.964601769911504,80.8259587020649
E00114460,222,25,10,15,197,30,167,11.26126126126126,4.504504504504505,6.756756756756757,88.73873873873875,13.513513513513514,75.22522522522522
E00114461,378,39,9,30,339,28,311,10.317460317460316,2.380952380952381,7.936507936507936,89.68253968253968,7.4074074074074066,82.27513227513228
E00114462,301,45,10,35,256,25,231,14.950166112956811,3.322259136212625,11.627906976744185,85.04983388704319,8.305647840531561,76.74418604651163
E00114463,151,23,8,15,128,11,117,15.2317880794702,5.298013245033113,9.933774834437086,84.76821192052981,7.28476821192053,77.48344370860927
E00114464,335,81,30,51,254,18,236,24.17910447761194,8.955223880597014,15.223880597014924,75.82089552238806,5.3731343283582085,70.44776119402985
E00114465,177,14,3,11,163,21,142,7.909604519774012,1.694915254237288,6.214689265536723,92.09039548022598,11.864406779661017,80.22598870056498
E00114466,290,28,9,19,262,24,238,9.655172413793103,3.103448275862069,6.551724137931035,90.3448275862069,8.275862068965518,82.06896551724138
E00114467,331,47,19,28,284,22,262,14.19939577039275,5.740181268882175,8.459214501510575,85.80060422960725,6.646525679758309,79.15407854984893
E00114468,390,51,8,43,339,33,306,13.076923076923078,2.051282051282051,11.025641025641026,86.92307692307692,8.461538461538462,78.46153846153847
E00114469,331,53,27,26,278,20,258,16.012084592145015,8.157099697885197,7.854984894259818,83.98791540785498,6.042296072507553,77.94561933534743
E00114470,358,40,6,34,318,23,295,11.1731843575419,1.675977653631285,9.497206703910614,88.8268156424581,6.424581005586592,82.40223463687151
E00114471,312,41,12,29,271,28,243,13.141025641025642,3.8461538461538463,9.294871794871796,86.85897435897436,8.974358974358974,77.88461538461539
E00114472,338,48,16,32,290,25,265,14.201183431952662,4.733727810650888,9.467455621301776,85.79881656804734,7.396449704142012,78.40236686390533
E00114473,308,35,12,23,273,26,247,11.363636363636363,3.896103896103896,7.467532467532467,88.63636363636364,8.441558441558442,80.1948051948052
E00114475,355,40,16,24,315,45,270,11.267605633802818,4.507042253521127,6.760563380281689,88.73239436619718,12.676056338028168,76.05633802816901
E00114476,286,38,9,29,248,28,220,13.286713286713287,3.146853146853147,10.13986013986014,86.7132867132867,9.79020979020979,76.92307692307693
E00114477,340,42,21,21,298,24,274,12.352941176470589,6.176470588235294,6.176470588235294,87.6470588235294,7.0588235294117645,80.58823529411765
E00114478,317,33,9,24,284,25,259,10.410094637223976,2.8391167192429023,7.570977917981073,89.58990536277602,7.886435331230284,81.70347003154575
E00114479,385,43,7,36,342,32,310,11.168831168831169,1.8181818181818181,9.35064935064935,88.83116883116882,8.311688311688311,80.51948051948052
E00114480,343,55,18,37,288,24,264,16.034985422740526,5.247813411078718,10.787172011661808,83.96501457725948,6.997084548104956,76.96793002915452
E00114481,269,54,19,35,215,24,191,20.074349442379184,7.063197026022305,13.011152416356877,79.92565055762083,8.921933085501859,71.00371747211895
E00114482,248,92,32,60,156,15,141,37.096774193548384,12.903225806451612,24.193548387096776,62.903225806451616,6.048387096774194,56.85483870967742
E00114483,256,63,28,35,193,22,171,24.609375,10.9375,13.671875,75.390625,8.59375,66.796875
E00114484,235,48,15,33,187,27,160,20.425531914893615,6.382978723404255,14.042553191489363,79.57446808510639,11.48936170212766,68.08510638297872
E00114485,251,57,19,38,194,26,168,22.709163346613543,7.569721115537849,15.139442231075698,77.29083665338645,10.358565737051793,66.93227091633466
E00114486,285,52,20,32,233,21,212,18.24561403508772,7.017543859649122,11.228070175438596,81.75438596491227,7.368421052631578,74.3859649122807
E00114487,336,46,16,30,290,31,259,13.690476190476192,4.761904761904762,8.928571428571429,86.30952380952381,9.226190476190476,77.08333333333334
E00114488,338,32,13,19,306,35,271,9.467455621301776,3.8461538461538463,5.621301775147929,90.53254437869822,10.355029585798817,80.1775147928994
E00114489,235,47,26,21,188,14,174,20,11.063829787234042,8.936170212765958,80,5.957446808510639,74.04255319148936
E00114490,326,41,12,29,285,34,251,12.576687116564417,3.6809815950920246,8.895705521472392,87.42331288343557,10.429447852760736,76.99386503067484
E00114491,304,32,10,22,272,28,244,10.526315789473683,3.289473684210526,7.236842105263158,89.47368421052632,9.210526315789473,80.26315789473685
E00114492,283,54,23,31,229,34,195,19.081272084805654,8.12720848056537,10.954063604240282,80.91872791519434,12.014134275618375,68.90459363957598
E00114493,311,37,10,27,274,31,243,11.89710610932476,3.215434083601286,8.681672025723474,88.10289389067523,9.967845659163988,78.13504823151125
E00114495,307,32,6,26,275,28,247,10.423452768729643,1.9543973941368076,8.469055374592834,89.57654723127035,9.120521172638437,80.45602605863192
E00114496,406,50,21,29,356,34,322,12.31527093596059,5.172413793103448,7.142857142857142,87.68472906403942,8.374384236453201,79.3103448275862
E00114498,275,48,18,30,227,25,202,17.454545454545457,6.545454545454546,10.909090909090908,82.54545454545455,9.090909090909092,73.45454545454545
E00114499,280,43,9,34,237,25,212,15.357142857142858,3.214285714285714,12.142857142857142,84.64285714285714,8.928571428571429,75.71428571428571
E00114500,270,34,10,24,236,30,206,12.592592592592592,3.7037037037037033,8.88888888888889,87.4074074074074,11.11111111111111,76.29629629629629
E00114501,255,32,13,19,223,21,202,12.549019607843137,5.098039215686274,7.450980392156863,87.45098039215686,8.235294117647058,79.2156862745098
E00114502,233,22,6,16,211,11,200,9.44206008583691,2.575107296137339,6.866952789699571,90.55793991416309,4.721030042918455,85.83690987124464
E00114503,295,32,10,22,263,28,235,10.847457627118644,3.389830508474576,7.457627118644068,89.15254237288136,9.491525423728813,79.66101694915254
E00114504,198,47,17,30,151,23,128,23.737373737373737,8.585858585858585,15.151515151515152,76.26262626262627,11.616161616161616,64.64646464646465
E00114505,222,55,17,38,167,19,148,24.774774774774773,7.657657657657657,17.117117117117118,75.22522522522522,8.558558558558559,66.66666666666666
E00114506,324,79,35,44,245,24,221,24.382716049382715,10.802469135802468,13.580246913580247,75.61728395061729,7.4074074074074066,68.20987654320987
E00114507,278,54,23,31,224,25,199,19.424460431654676,8.273381294964029,11.151079136690647,80.57553956834532,8.992805755395683,71.58273381294964
E00114508,253,40,13,27,213,19,194,15.810276679841898,5.138339920948617,10.67193675889328,84.18972332015811,7.5098814229249005,76.6798418972332
E00114509,233,22,7,15,211,24,187,9.44206008583691,3.004291845493562,6.437768240343347,90.55793991416309,10.300429184549357,80.25751072961373
E00114511,358,57,24,33,301,17,284,15.921787709497206,6.70391061452514,9.217877094972067,84.07821229050279,4.748603351955307,79.3296089385475
E00114512,322,70,29,41,252,26,226,21.73913043478261,9.006211180124224,12.732919254658384,78.26086956521739,8.074534161490684,70.1863354037267
E00114513,345,45,15,30,300,27,273,13.043478260869565,4.3478260869565215,8.695652173913043,86.95652173913044,7.82608695652174,79.13043478260869
E00114514,383,67,25,42,316,18,298,17.4934725848564,6.527415143603134,10.966057441253264,82.50652741514361,4.699738903394255,77.80678851174935
E00114516,349,54,16,38,295,32,263,15.472779369627506,4.584527220630372,10.888252148997136,84.5272206303725,9.169054441260744,75.35816618911176
E00114517,522,110,43,67,412,31,381,21.0727969348659,8.237547892720306,12.835249042145595,78.9272030651341,5.938697318007663,72.98850574712644
E00114518,352,63,23,40,289,23,266,17.897727272727273,6.534090909090909,11.363636363636363,82.10227272727273,6.534090909090909,75.56818181818183
E00114519,314,48,21,27,266,17,249,15.286624203821656,6.687898089171974,8.598726114649681,84.71337579617835,5.414012738853503,79.29936305732484
E00114520,368,81,35,46,287,30,257,22.01086956521739,9.510869565217392,12.5,77.98913043478261,8.152173913043478,69.83695652173914
E00114521,464,130,83,47,334,39,295,28.01724137931034,17.887931034482758,10.129310344827585,71.98275862068965,8.405172413793103,63.577586206896555
E00114522,395,68,19,49,327,35,292,17.21518987341772,4.810126582278481,12.405063291139239,82.78481012658227,8.860759493670885,73.9240506329114
E00114523,375,70,32,38,305,28,277,18.666666666666668,8.533333333333333,10.133333333333333,81.33333333333333,7.466666666666668,73.86666666666667
E00114524,362,92,62,30,270,25,245,25.41436464088398,17.12707182320442,8.287292817679557,74.58563535911603,6.906077348066299,67.67955801104972
E00114525,377,76,35,41,301,19,282,20.159151193633953,9.283819628647215,10.875331564986737,79.84084880636605,5.039787798408488,74.80106100795756
E00114526,307,38,13,25,269,24,245,12.37785016286645,4.234527687296417,8.143322475570033,87.62214983713355,7.81758957654723,79.80456026058633
E00114527,305,68,39,29,237,19,218,22.295081967213115,12.786885245901638,9.508196721311474,77.70491803278688,6.229508196721312,71.47540983606558
E00114528,585,93,42,51,492,27,465,15.897435897435896,7.179487179487179,8.717948717948717,84.1025641025641,4.615384615384616,79.48717948717949
E00114529,301,47,18,29,254,20,234,15.614617940199334,5.980066445182724,9.634551495016613,84.38538205980066,6.64451827242525,77.74086378737542
E00114530,334,53,19,34,281,26,255,15.868263473053892,5.688622754491018,10.179640718562874,84.13173652694611,7.784431137724551,76.34730538922156
E00114531,302,49,16,33,253,28,225,16.225165562913908,5.298013245033113,10.927152317880795,83.77483443708608,9.271523178807946,74.50331125827815
E00114532,259,31,8,23,228,21,207,11.96911196911197,3.088803088803089,8.880308880308881,88.03088803088804,8.108108108108109,79.92277992277992
E00114533,229,68,36,32,161,16,145,29.694323144104807,15.72052401746725,13.973799126637553,70.3056768558952,6.986899563318777,63.31877729257642
E00114534,194,48,18,30,146,19,127,24.742268041237114,9.278350515463918,15.463917525773196,75.25773195876289,9.793814432989691,65.4639175257732
E00114536,382,62,29,33,320,27,293,16.230366492146597,7.591623036649215,8.638743455497382,83.7696335078534,7.068062827225131,76.70157068062828
E00114537,295,45,15,30,250,19,231,15.254237288135593,5.084745762711865,10.16949152542373,84.7457627118644,6.440677966101695,78.30508474576271
E00114539,291,32,8,24,259,26,233,10.996563573883162,2.7491408934707904,8.24742268041237,89.00343642611683,8.934707903780069,80.06872852233677
E00114540,275,34,5,29,241,24,217,12.363636363636363,1.8181818181818181,10.545454545454545,87.63636363636364,8.727272727272728,78.9090909090909
E00114541,284,52,20,32,232,25,207,18.30985915492958,7.042253521126761,11.267605633802818,81.69014084507043,8.80281690140845,72.88732394366197
E00114542,280,34,10,24,246,25,221,12.142857142857142,3.571428571428571,8.571428571428571,87.85714285714286,8.928571428571429,78.92857142857143
E00114543,315,30,8,22,285,27,258,9.523809523809524,2.5396825396825395,6.984126984126984,90.47619047619048,8.571428571428571,81.9047619047619
E00114544,330,62,30,32,268,27,241,18.787878787878785,9.090909090909092,9.696969696969697,81.21212121212122,8.181818181818182,73.03030303030303
E00114545,291,62,23,39,229,24,205,21.305841924398624,7.903780068728522,13.402061855670103,78.69415807560138,8.24742268041237,70.44673539518901
E00114546,317,46,10,36,271,23,248,14.511041009463725,3.1545741324921135,11.35646687697161,85.48895899053628,7.255520504731862,78.23343848580441
E00114547,275,45,19,26,230,22,208,16.363636363636363,6.909090909090909,9.454545454545455,83.63636363636363,8,75.63636363636364
E00114548,295,38,16,22,257,20,237,12.88135593220339,5.423728813559322,7.457627118644068,87.11864406779661,6.779661016949152,80.33898305084746
E00114549,344,49,17,32,295,34,261,14.244186046511627,4.941860465116279,9.30232558139535,85.75581395348837,9.883720930232558,75.87209302325581
E00114550,235,77,49,28,158,16,142,32.76595744680851,20.851063829787233,11.914893617021278,67.23404255319149,6.808510638297872,60.42553191489362
E00114551,486,50,14,36,436,43,393,10.2880658436214,2.880658436213992,7.4074074074074066,89.7119341563786,8.847736625514404,80.8641975308642
E00114552,313,57,16,41,256,20,236,18.210862619808307,5.111821086261981,13.099041533546327,81.78913738019169,6.3897763578274756,75.39936102236422
E00114553,228,60,21,39,168,22,146,26.31578947368421,9.210526315789473,17.105263157894736,73.68421052631578,9.649122807017543,64.03508771929825
E00114554,327,43,13,30,284,32,252,13.149847094801222,3.9755351681957185,9.174311926605505,86.85015290519877,9.785932721712538,77.06422018348624
E00114555,333,48,18,30,285,35,250,14.414414414414415,5.405405405405405,9.00900900900901,85.58558558558559,10.51051051051051,75.07507507507508
E00114556,326,55,21,34,271,30,241,16.87116564417178,6.441717791411043,10.429447852760736,83.12883435582822,9.202453987730062,73.92638036809815
E00114557,319,34,6,28,285,34,251,10.658307210031348,1.8808777429467085,8.77742946708464,89.34169278996865,10.658307210031348,78.68338557993731
E00114558,149,34,12,22,115,12,103,22.818791946308725,8.053691275167784,14.76510067114094,77.18120805369128,8.053691275167784,69.12751677852349
E00114559,345,42,12,30,303,44,259,12.173913043478262,3.4782608695652173,8.695652173913043,87.82608695652175,12.753623188405797,75.07246376811594
E00114560,190,9,1,8,181,9,172,4.736842105263158,0.5263157894736842,4.2105263157894735,95.26315789473684,4.736842105263158,90.52631578947368
E00114561,388,48,10,38,340,28,312,12.371134020618557,2.5773195876288657,9.793814432989691,87.62886597938144,7.216494845360824,80.41237113402062
E00114562,472,61,17,44,411,48,363,12.923728813559322,3.6016949152542375,9.322033898305085,87.07627118644068,10.16949152542373,76.90677966101694
E00114563,252,47,13,34,205,23,182,18.650793650793652,5.158730158730158,13.492063492063492,81.34920634920636,9.126984126984127,72.22222222222221
E00114564,213,39,15,24,174,16,158,18.30985915492958,7.042253521126761,11.267605633802818,81.69014084507043,7.511737089201878,74.17840375586854
E00114565,344,44,18,26,300,26,274,12.790697674418606,5.232558139534884,7.55813953488372,87.20930232558139,7.55813953488372,79.65116279069767
E00114566,373,57,15,42,316,34,282,15.281501340482572,4.021447721179625,11.26005361930295,84.71849865951742,9.115281501340483,75.60321715817693
E00114567,247,49,21,28,198,24,174,19.838056680161944,8.502024291497975,11.336032388663968,80.16194331983806,9.7165991902834,70.44534412955466
E00114568,265,40,20,20,225,17,208,15.09433962264151,7.547169811320755,7.547169811320755,84.90566037735849,6.415094339622642,78.49056603773586
E00114569,347,80,36,44,267,26,241,23.054755043227665,10.37463976945245,12.680115273775217,76.94524495677233,7.492795389048991,69.45244956772333
E00114570,314,43,14,29,271,35,236,13.694267515923567,4.45859872611465,9.235668789808917,86.30573248407643,11.146496815286625,75.15923566878982
E00114571,314,36,12,24,278,31,247,11.464968152866243,3.821656050955414,7.643312101910828,88.53503184713377,9.872611464968154,78.6624203821656
E00114572,412,61,16,45,351,25,326,14.805825242718445,3.8834951456310676,10.922330097087379,85.19417475728154,6.067961165048544,79.12621359223301
E00114574,421,57,12,45,364,45,319,13.539192399049881,2.8503562945368173,10.688836104513063,86.46080760095012,10.688836104513063,75.77197149643705
E00114575,194,24,4,20,170,5,165,12.371134020618557,2.0618556701030926,10.309278350515463,87.62886597938144,2.5773195876288657,85.05154639175258
E00114576,292,47,9,38,245,27,218,16.095890410958905,3.0821917808219177,13.013698630136986,83.9041095890411,9.246575342465754,74.65753424657534
E00114577,362,65,31,34,297,34,263,17.955801104972377,8.56353591160221,9.392265193370166,82.04419889502762,9.392265193370166,72.65193370165746
E00114578,371,35,8,27,336,24,312,9.433962264150944,2.15633423180593,7.277628032345014,90.56603773584906,6.46900269541779,84.09703504043127
E00114579,315,35,8,27,280,32,248,11.11111111111111,2.5396825396825395,8.571428571428571,88.88888888888889,10.158730158730158,78.73015873015873
E00114580,303,37,11,26,266,32,234,12.211221122112212,3.6303630363036308,8.58085808580858,87.78877887788778,10.561056105610561,77.22772277227723
E00114581,271,73,25,48,198,18,180,26.937269372693727,9.22509225092251,17.712177121771216,73.06273062730627,6.642066420664207,66.42066420664207
E00114582,283,65,26,39,218,27,191,22.968197879858657,9.187279151943462,13.780918727915195,77.03180212014135,9.540636042402827,67.49116607773851
E00114583,430,58,12,46,372,39,333,13.488372093023257,2.7906976744186047,10.69767441860465,86.51162790697674,9.069767441860465,77.44186046511628
E00114584,375,56,23,33,319,35,284,14.933333333333335,6.133333333333333,8.799999999999999,85.06666666666666,9.333333333333334,75.73333333333333
E00114585,210,30,11,19,180,13,167,14.285714285714285,5.238095238095238,9.047619047619047,85.71428571428571,6.190476190476191,79.52380952380952
E00114586,283,35,14,21,248,21,227,12.36749116607774,4.946996466431095,7.420494699646643,87.63250883392226,7.420494699646643,80.21201413427562
E00114587,352,63,24,39,289,31,258,17.897727272727273,6.8181818181818175,11.079545454545455,82.10227272727273,8.806818181818182,73.29545454545455
E00114588,326,54,18,36,272,21,251,16.56441717791411,5.521472392638037,11.042944785276074,83.43558282208589,6.441717791411043,76.99386503067484
E00114589,290,45,17,28,245,30,215,15.517241379310345,5.862068965517241,9.655172413793103,84.48275862068965,10.344827586206897,74.13793103448276
E00114591,387,68,29,39,319,14,305,17.571059431524546,7.493540051679587,10.077519379844961,82.42894056847545,3.6175710594315245,78.81136950904393
E00114593,354,70,28,42,284,25,259,19.774011299435028,7.909604519774012,11.864406779661017,80.22598870056498,7.062146892655368,73.1638418079096
E00114594,324,65,31,34,259,22,237,20.061728395061728,9.5679012345679,10.493827160493826,79.93827160493827,6.790123456790123,73.14814814814815
E00114597,391,71,28,43,320,36,284,18.15856777493606,7.161125319693094,10.997442455242968,81.84143222506394,9.207161125319693,72.63427109974424
E00114598,290,54,23,31,236,28,208,18.620689655172416,7.931034482758621,10.689655172413794,81.37931034482759,9.655172413793103,71.72413793103448
E00114599,390,81,35,46,309,22,287,20.76923076923077,8.974358974358974,11.794871794871794,79.23076923076923,5.641025641025641,73.58974358974359
E00114600,249,56,24,32,193,20,173,22.48995983935743,9.63855421686747,12.851405622489958,77.51004016064257,8.032128514056225,69.47791164658635
E00114601,315,43,17,26,272,24,248,13.65079365079365,5.396825396825397,8.253968253968253,86.34920634920636,7.6190476190476195,78.73015873015873
E00114602,380,66,22,44,314,26,288,17.36842105263158,5.7894736842105265,11.578947368421053,82.63157894736842,6.842105263157896,75.78947368421053
E00114604,355,59,25,34,296,30,266,16.619718309859156,7.042253521126761,9.577464788732394,83.38028169014085,8.450704225352112,74.92957746478874
E00114605,354,54,16,38,300,18,282,15.254237288135593,4.519774011299435,10.734463276836157,84.7457627118644,5.084745762711865,79.66101694915254
E00114606,366,67,31,36,299,23,276,18.30601092896175,8.469945355191257,9.836065573770492,81.69398907103826,6.284153005464481,75.40983606557377
E00114609,268,42,14,28,226,14,212,15.671641791044777,5.223880597014925,10.44776119402985,84.32835820895522,5.223880597014925,79.1044776119403
E00114610,319,51,23,28,268,15,253,15.987460815047022,7.210031347962382,8.77742946708464,84.01253918495298,4.702194357366771,79.3103448275862
E00114611,306,53,21,32,253,26,227,17.320261437908496,6.862745098039216,10.457516339869281,82.6797385620915,8.49673202614379,74.18300653594771
E00114616,210,38,13,25,172,15,157,18.095238095238095,6.190476190476191,11.904761904761903,81.9047619047619,7.142857142857142,74.76190476190476
E00114617,194,18,3,15,176,23,153,9.278350515463918,1.5463917525773196,7.731958762886598,90.72164948453609,11.855670103092782,78.8659793814433
E00114620,343,46,13,33,297,31,266,13.411078717201166,3.7900874635568513,9.620991253644315,86.58892128279884,9.037900874635568,77.55102040816327
E00114621,259,31,11,20,228,27,201,11.96911196911197,4.247104247104247,7.722007722007722,88.03088803088804,10.424710424710424,77.60617760617761
E00114622,108,12,3,9,96,10,86,11.11111111111111,2.7777777777777777,8.333333333333332,88.88888888888889,9.25925925925926,79.62962962962963
E00114623,287,41,12,29,246,26,220,14.285714285714285,4.181184668989547,10.104529616724738,85.71428571428571,9.059233449477352,76.65505226480836
E00114625,336,35,7,28,301,38,263,10.416666666666668,2.083333333333333,8.333333333333332,89.58333333333334,11.30952380952381,78.27380952380952
E00114626,326,64,30,34,262,24,238,19.631901840490798,9.202453987730062,10.429447852760736,80.3680981595092,7.361963190184049,73.00613496932516
E00114627,302,33,13,20,269,31,238,10.927152317880795,4.304635761589404,6.622516556291391,89.0728476821192,10.264900662251655,78.80794701986756
E00114628,148,23,8,15,125,9,116,15.54054054054054,5.405405405405405,10.135135135135135,84.45945945945947,6.081081081081082,78.37837837837837
E00114629,255,32,9,23,223,22,201,12.549019607843137,3.5294117647058822,9.019607843137255,87.45098039215686,8.627450980392156,78.82352941176471
E00114630,291,65,24,41,226,15,211,22.336769759450174,8.24742268041237,14.0893470790378,77.66323024054984,5.154639175257731,72.5085910652921
E00114631,264,63,26,37,201,24,177,23.863636363636363,9.848484848484848,14.015151515151514,76.13636363636364,9.090909090909092,67.04545454545455
E00114632,266,63,28,35,203,31,172,23.684210526315788,10.526315789473683,13.157894736842104,76.31578947368422,11.654135338345863,64.66165413533834
E00114633,319,55,22,33,264,24,240,17.24137931034483,6.896551724137931,10.344827586206897,82.75862068965517,7.523510971786834,75.23510971786834
E00114634,324,65,31,34,259,19,240,20.061728395061728,9.5679012345679,10.493827160493826,79.93827160493827,5.864197530864197,74.07407407407408
E00114635,333,65,19,46,268,24,244,19.51951951951952,5.7057057057057055,13.813813813813812,80.48048048048048,7.207207207207207,73.27327327327328
E00114636,340,58,22,36,282,15,267,17.058823529411764,6.470588235294119,10.588235294117647,82.94117647058825,4.411764705882353,78.52941176470588
E00114637,233,66,30,36,167,16,151,28.32618025751073,12.875536480686694,15.450643776824036,71.67381974248927,6.866952789699571,64.8068669527897
E00114638,260,78,25,53,182,21,161,30,9.615384615384617,20.384615384615383,70,8.076923076923077,61.92307692307693
E00114639,271,47,18,29,224,31,193,17.343173431734318,6.642066420664207,10.70110701107011,82.65682656826569,11.439114391143912,71.21771217712177
E00114640,316,88,40,48,228,18,210,27.848101265822784,12.658227848101266,15.18987341772152,72.15189873417721,5.69620253164557,66.45569620253164
E00114641,294,65,29,36,229,21,208,22.108843537414966,9.863945578231291,12.244897959183673,77.89115646258503,7.142857142857142,70.74829931972789
E00114642,337,61,25,36,276,33,243,18.100890207715135,7.418397626112759,10.682492581602373,81.89910979228486,9.792284866468842,72.10682492581603
E00114643,276,40,15,25,236,16,220,14.492753623188406,5.434782608695652,9.057971014492754,85.5072463768116,5.797101449275362,79.71014492753623
E00114644,289,57,17,40,232,22,210,19.72318339100346,5.88235294117647,13.84083044982699,80.27681660899654,7.612456747404845,72.66435986159169
E00114645,290,49,19,30,241,15,226,16.896551724137932,6.551724137931035,10.344827586206897,83.10344827586206,5.172413793103448,77.93103448275862
E00114646,258,71,27,44,187,18,169,27.51937984496124,10.465116279069768,17.05426356589147,72.48062015503875,6.976744186046512,65.50387596899225
E00114647,334,43,23,20,291,31,260,12.874251497005988,6.88622754491018,5.9880239520958085,87.12574850299401,9.281437125748502,77.84431137724552
E00114648,298,39,10,29,259,22,237,13.087248322147651,3.3557046979865772,9.731543624161073,86.91275167785236,7.38255033557047,79.53020134228188
E00114649,337,59,21,38,278,17,261,17.50741839762611,6.231454005934718,11.275964391691394,82.49258160237389,5.044510385756676,77.44807121661721
E00114650,327,61,27,34,266,28,238,18.654434250764528,8.256880733944955,10.397553516819572,81.34556574923548,8.56269113149847,72.78287461773701
E00114651,283,72,33,39,211,20,191,25.4416961130742,11.66077738515901,13.780918727915195,74.55830388692578,7.06713780918728,67.49116607773851
E00114652,325,87,48,39,238,30,208,26.769230769230766,14.76923076923077,12,73.23076923076923,9.230769230769232,64
E00114653,260,33,15,18,227,16,211,12.692307692307692,5.769230769230769,6.923076923076923,87.3076923076923,6.153846153846154,81.15384615384616
E00114654,208,59,26,33,149,13,136,28.365384615384613,12.5,15.865384615384615,71.63461538461539,6.25,65.38461538461539
E00114655,258,66,26,40,192,18,174,25.581395348837212,10.077519379844961,15.503875968992247,74.4186046511628,6.976744186046512,67.44186046511628
E00114656,438,65,26,39,373,33,340,14.840182648401825,5.93607305936073,8.904109589041095,85.15981735159818,7.534246575342466,77.6255707762557
E00114657,258,45,20,25,213,29,184,17.441860465116278,7.751937984496124,9.689922480620156,82.55813953488372,11.24031007751938,71.31782945736434
E00114658,299,35,10,25,264,24,240,11.705685618729097,3.3444816053511706,8.361204013377927,88.2943143812709,8.02675585284281,80.2675585284281
E00114659,273,47,15,32,226,22,204,17.216117216117215,5.4945054945054945,11.72161172161172,82.78388278388277,8.058608058608058,74.72527472527473
E00114660,295,51,21,30,244,26,218,17.28813559322034,7.118644067796611,10.16949152542373,82.71186440677965,8.813559322033898,73.89830508474576
E00114661,261,39,14,25,222,23,199,14.942528735632186,5.363984674329502,9.578544061302683,85.0574712643678,8.812260536398467,76.24521072796935
E00114662,290,63,33,30,227,27,200,21.72413793103448,11.379310344827587,10.344827586206897,78.27586206896552,9.310344827586208,68.96551724137932
E00114663,371,68,29,39,303,28,275,18.328840970350406,7.816711590296496,10.512129380053908,81.6711590296496,7.547169811320755,74.12398921832884
E00114665,407,95,54,41,312,31,281,23.34152334152334,13.267813267813267,10.073710073710075,76.65847665847666,7.616707616707617,69.04176904176904
E00114666,165,50,31,19,115,12,103,30.303030303030305,18.787878787878785,11.515151515151516,69.6969696969697,7.2727272727272725,62.42424242424243
E00114667,359,47,14,33,312,33,279,13.09192200557103,3.8997214484679668,9.192200557103064,86.90807799442896,9.192200557103064,77.71587743732591
E00114668,268,62,31,31,206,19,187,23.134328358208954,11.567164179104477,11.567164179104477,76.86567164179104,7.08955223880597,69.77611940298507
E00114669,252,45,16,29,207,15,192,17.857142857142858,6.349206349206349,11.507936507936508,82.14285714285714,5.952380952380952,76.19047619047619
E00114670,365,53,19,34,312,35,277,14.520547945205479,5.205479452054795,9.315068493150685,85.47945205479452,9.58904109589041,75.89041095890411
E00114671,261,43,12,31,218,30,188,16.47509578544061,4.597701149425287,11.877394636015326,83.5249042145594,11.494252873563218,72.03065134099617
E00114672,333,54,14,40,279,28,251,16.216216216216218,4.2042042042042045,12.012012012012011,83.78378378378379,8.408408408408409,75.37537537537537
E00114673,308,47,14,33,261,30,231,15.259740259740258,4.545454545454546,10.714285714285714,84.74025974025975,9.740259740259742,75
E00114674,339,60,24,36,279,29,250,17.699115044247787,7.079646017699115,10.619469026548673,82.30088495575221,8.55457227138643,73.74631268436578
E00114675,350,50,20,30,300,26,274,14.285714285714285,5.714285714285714,8.571428571428571,85.71428571428571,7.428571428571429,78.28571428571428
E00114676,297,67,25,42,230,30,200,22.55892255892256,8.417508417508419,14.14141414141414,77.44107744107744,10.1010101010101,67.34006734006735
E00114677,287,46,15,31,241,23,218,16.02787456445993,5.2264808362369335,10.801393728222997,83.97212543554006,8.013937282229964,75.9581881533101
E00114678,293,34,14,20,259,27,232,11.604095563139932,4.778156996587031,6.825938566552901,88.39590443686008,9.215017064846416,79.18088737201366
E00114679,247,24,9,15,223,23,200,9.7165991902834,3.643724696356275,6.0728744939271255,90.2834008097166,9.31174089068826,80.97165991902834
E00114680,289,31,8,23,258,24,234,10.726643598615917,2.768166089965398,7.958477508650519,89.27335640138409,8.304498269896193,80.96885813148789
E00114681,302,35,15,20,267,29,238,11.589403973509933,4.966887417218543,6.622516556291391,88.41059602649007,9.602649006622517,78.80794701986756
E00114682,359,86,30,56,273,34,239,23.955431754874652,8.356545961002785,15.598885793871867,76.04456824512535,9.47075208913649,66.57381615598887
E00114683,281,37,11,26,244,20,224,13.167259786476867,3.9145907473309607,9.252669039145907,86.83274021352312,7.11743772241993,79.7153024911032
E00114684,207,39,15,24,168,22,146,18.84057971014493,7.246376811594203,11.594202898550725,81.15942028985508,10.628019323671497,70.53140096618358
E00114685,306,43,16,27,263,30,233,14.052287581699346,5.228758169934641,8.823529411764707,85.94771241830065,9.803921568627452,76.1437908496732
E00114686,325,47,20,27,278,25,253,14.461538461538462,6.153846153846154,8.307692307692308,85.53846153846155,7.6923076923076925,77.84615384615384
E00114687,301,46,18,28,255,27,228,15.282392026578073,5.980066445182724,9.30232558139535,84.71760797342192,8.970099667774086,75.74750830564784
E00114688,263,32,8,24,231,24,207,12.167300380228136,3.041825095057034,9.125475285171103,87.83269961977186,9.125475285171103,78.70722433460075
E00114689,239,32,11,21,207,22,185,13.389121338912133,4.602510460251046,8.786610878661087,86.61087866108787,9.205020920502092,77.40585774058577
E00114690,262,34,10,24,228,18,210,12.977099236641221,3.816793893129771,9.16030534351145,87.02290076335878,6.870229007633588,80.1526717557252
E00114691,348,59,23,36,289,28,261,16.954022988505745,6.609195402298851,10.344827586206897,83.04597701149426,8.045977011494253,75
E00114692,290,59,26,33,231,27,204,20.344827586206897,8.96551724137931,11.379310344827587,79.65517241379311,9.310344827586208,70.34482758620689
E00114693,274,33,7,26,241,22,219,12.043795620437956,2.5547445255474455,9.48905109489051,87.95620437956204,8.02919708029197,79.92700729927007
E00114694,245,34,10,24,211,14,197,13.877551020408163,4.081632653061225,9.795918367346939,86.12244897959184,5.714285714285714,80.40816326530611
E00114695,282,17,6,11,265,17,248,6.028368794326241,2.127659574468085,3.900709219858156,93.97163120567376,6.028368794326241,87.94326241134752
E00114696,240,52,26,26,188,18,170,21.666666666666668,10.833333333333334,10.833333333333334,78.33333333333333,7.5,70.83333333333334
E00114697,270,40,15,25,230,16,214,14.814814814814813,5.555555555555555,9.25925925925926,85.18518518518519,5.9259259259259265,79.25925925925927
E00114698,265,30,15,15,235,23,212,11.320754716981133,5.660377358490567,5.660377358490567,88.67924528301887,8.679245283018867,80
E00114699,191,18,6,12,173,14,159,9.424083769633508,3.1413612565445024,6.282722513089005,90.57591623036649,7.329842931937172,83.24607329842932
E00114700,304,30,9,21,274,24,250,9.868421052631579,2.9605263157894735,6.907894736842106,90.13157894736842,7.894736842105263,82.23684210526315
E00114701,207,35,14,21,172,15,157,16.908212560386474,6.763285024154589,10.144927536231885,83.09178743961353,7.246376811594203,75.84541062801932
E00114702,254,19,0,19,235,24,211,7.480314960629922,0,7.480314960629922,92.51968503937007,9.448818897637794,83.07086614173228
E00114703,141,21,7,14,120,4,116,14.893617021276595,4.964539007092199,9.929078014184398,85.1063829787234,2.8368794326241136,82.26950354609929
E00114704,158,20,8,12,138,11,127,12.658227848101266,5.063291139240507,7.59493670886076,87.34177215189874,6.962025316455696,80.37974683544303
E00114705,357,29,5,24,328,27,301,8.123249299719888,1.400560224089636,6.722689075630252,91.87675070028011,7.563025210084033,84.31372549019608
E00114706,380,28,7,21,352,32,320,7.368421052631578,1.8421052631578945,5.526315789473684,92.63157894736842,8.421052631578947,84.21052631578947
E00114707,359,60,16,44,299,28,271,16.71309192200557,4.456824512534819,12.256267409470752,83.28690807799443,7.7994428969359335,75.4874651810585
E00114709,298,54,18,36,244,35,209,18.120805369127517,6.0402684563758395,12.080536912751679,81.87919463087249,11.74496644295302,70.13422818791946
E00114710,288,42,18,24,246,37,209,14.583333333333334,6.25,8.333333333333332,85.41666666666666,12.847222222222221,72.56944444444444
E00114711,286,35,12,23,251,30,221,12.237762237762238,4.195804195804196,8.041958041958042,87.76223776223776,10.48951048951049,77.27272727272727
E00114712,278,100,73,27,178,16,162,35.97122302158273,26.258992805755394,9.712230215827338,64.02877697841727,5.755395683453238,58.27338129496403
E00114713,403,45,12,33,358,48,310,11.166253101736972,2.977667493796526,8.188585607940446,88.83374689826302,11.910669975186105,76.92307692307693
E00114714,172,33,10,23,139,12,127,19.186046511627907,5.813953488372093,13.372093023255813,80.81395348837209,6.976744186046512,73.83720930232558
E00114715,236,52,23,29,184,17,167,22.033898305084744,9.745762711864407,12.288135593220339,77.96610169491525,7.203389830508475,70.76271186440678
E00114716,314,44,15,29,270,32,238,14.012738853503185,4.777070063694268,9.235668789808917,85.98726114649682,10.191082802547772,75.79617834394905
E00114717,278,53,21,32,225,17,208,19.06474820143885,7.553956834532374,11.510791366906476,80.93525179856115,6.115107913669065,74.82014388489209
E00114718,268,49,22,27,219,28,191,18.28358208955224,8.208955223880597,10.074626865671641,81.71641791044776,10.44776119402985,71.26865671641791
E00114720,236,34,7,27,202,12,190,14.40677966101695,2.9661016949152543,11.440677966101696,85.59322033898306,5.084745762711865,80.50847457627118
E00114721,357,44,14,30,313,27,286,12.324929971988796,3.9215686274509802,8.403361344537815,87.6750700280112,7.563025210084033,80.11204481792717
E00114722,343,53,15,38,290,31,259,15.451895043731778,4.373177842565598,11.078717201166182,84.54810495626822,9.037900874635568,75.51020408163265
E00114723,316,57,22,35,259,28,231,18.037974683544302,6.962025316455696,11.075949367088606,81.9620253164557,8.860759493670885,73.10126582278481
E00114724,295,59,20,39,236,27,209,20,6.779661016949152,13.220338983050848,80,9.152542372881356,70.84745762711864
E00114725,361,61,25,36,300,25,275,16.897506925207757,6.9252077562326875,9.97229916897507,83.10249307479224,6.9252077562326875,76.17728531855957
E00114726,355,52,21,31,303,19,284,14.647887323943662,5.915492957746479,8.732394366197182,85.35211267605634,5.352112676056338,80
E00114727,300,70,37,33,230,33,197,23.333333333333332,12.333333333333334,11,76.66666666666667,11,65.66666666666666
E00114728,232,61,31,30,171,20,151,26.29310344827586,13.36206896551724,12.931034482758621,73.70689655172413,8.620689655172415,65.08620689655173
E00114729,308,44,11,33,264,19,245,14.285714285714285,3.571428571428571,10.714285714285714,85.71428571428571,6.1688311688311686,79.54545454545455
E00114730,336,63,29,34,273,32,241,18.75,8.630952380952381,10.119047619047619,81.25,9.523809523809524,71.72619047619048
E00114731,285,52,22,30,233,22,211,18.24561403508772,7.719298245614035,10.526315789473683,81.75438596491227,7.719298245614035,74.03508771929825
E00114732,260,60,25,35,200,22,178,23.076923076923077,9.615384615384617,13.461538461538462,76.92307692307693,8.461538461538462,68.46153846153847
E00114733,508,76,36,40,432,40,392,14.960629921259844,7.086614173228346,7.874015748031496,85.03937007874016,7.874015748031496,77.16535433070865
E00114734,319,50,20,30,269,31,238,15.673981191222571,6.269592476489027,9.404388714733543,84.32601880877742,9.717868338557993,74.60815047021944
E00114735,303,62,27,35,241,14,227,20.462046204620464,8.91089108910891,11.55115511551155,79.53795379537954,4.62046204620462,74.91749174917491
E00114736,278,53,26,27,225,25,200,19.06474820143885,9.352517985611511,9.712230215827338,80.93525179856115,8.992805755395683,71.94244604316546
E00114737,369,73,35,38,296,33,263,19.78319783197832,9.48509485094851,10.29810298102981,80.21680216802169,8.94308943089431,71.27371273712737
E00114738,370,69,27,42,301,33,268,18.64864864864865,7.297297297297297,11.351351351351353,81.35135135135135,8.91891891891892,72.43243243243244
E00114739,272,29,11,18,243,24,219,10.661764705882353,4.044117647058823,6.61764705882353,89.33823529411765,8.823529411764707,80.51470588235294
E00114740,320,39,8,31,281,21,260,12.1875,2.5,9.6875,87.8125,6.5625,81.25
E00114741,309,38,9,29,271,23,248,12.297734627831716,2.912621359223301,9.385113268608414,87.70226537216828,7.443365695792881,80.2588996763754
E00114742,262,48,20,28,214,21,193,18.3206106870229,7.633587786259542,10.687022900763358,81.67938931297711,8.015267175572518,73.66412213740458
E00114743,308,56,22,34,252,28,224,18.181818181818183,7.142857142857142,11.03896103896104,81.81818181818183,9.090909090909092,72.72727272727273
E00114744,296,50,14,36,246,11,235,16.89189189189189,4.72972972972973,12.162162162162163,83.1081081081081,3.7162162162162162,79.3918918918919
E00167833,387,75,38,37,312,26,286,19.379844961240313,9.819121447028424,9.560723514211885,80.62015503875969,6.718346253229974,73.90180878552972
E00167834,291,47,12,35,244,21,223,16.151202749140893,4.123711340206185,12.027491408934708,83.8487972508591,7.216494845360824,76.6323024054983
E00167835,307,40,12,28,267,32,235,13.029315960912053,3.908794788273615,9.120521172638437,86.97068403908796,10.423452768729643,76.54723127035831
E00167836,402,35,11,24,367,41,326,8.706467661691542,2.736318407960199,5.970149253731343,91.29353233830845,10.199004975124378,81.09452736318407
E00167837,385,49,15,34,336,26,310,12.727272727272727,3.896103896103896,8.831168831168831,87.27272727272727,6.753246753246753,80.51948051948052
E00167840,145,19,6,13,126,11,115,13.10344827586207,4.137931034482759,8.96551724137931,86.89655172413792,7.586206896551724,79.3103448275862
E00167841,261,36,17,19,225,16,209,13.793103448275861,6.513409961685824,7.2796934865900385,86.20689655172413,6.130268199233716,80.07662835249042
E00167842,234,27,11,16,207,16,191,11.538461538461538,4.700854700854701,6.837606837606838,88.46153846153845,6.837606837606838,81.62393162393163
E00167843,315,34,10,24,281,29,252,10.793650793650794,3.1746031746031744,7.6190476190476195,89.20634920634922,9.206349206349207,80
E00167844,308,38,13,25,270,19,251,12.337662337662337,4.220779220779221,8.116883116883116,87.66233766233766,6.1688311688311686,81.4935064935065
E00167845,582,123,74,49,459,35,424,21.1340206185567,12.714776632302405,8.419243986254296,78.8659793814433,6.013745704467354,72.85223367697594
E00167847,209,32,11,21,177,10,167,15.311004784688995,5.263157894736842,10.047846889952153,84.688995215311,4.784688995215311,79.90430622009569
E00167848,299,53,19,34,246,21,225,17.725752508361204,6.354515050167224,11.37123745819398,82.2742474916388,7.023411371237458,75.25083612040135
E00167849,272,43,17,26,229,19,210,15.808823529411764,6.25,9.558823529411764,84.19117647058823,6.985294117647059,77.20588235294117
E00167850,453,42,9,33,411,28,383,9.271523178807946,1.9867549668874174,7.28476821192053,90.72847682119205,6.181015452538632,84.54746136865342
E00167851,321,33,8,25,288,28,260,10.2803738317757,2.4922118380062304,7.78816199376947,89.7196261682243,8.722741433021806,80.99688473520249
E00167852,268,46,18,28,222,20,202,17.16417910447761,6.7164179104477615,10.44776119402985,82.83582089552239,7.462686567164178,75.3731343283582
E00167854,188,51,16,35,137,22,115,27.127659574468083,8.51063829787234,18.617021276595743,72.87234042553192,11.702127659574469,61.170212765957444
E00167856,245,21,7,14,224,9,215,8.571428571428571,2.857142857142857,5.714285714285714,91.42857142857143,3.6734693877551026,87.75510204081633
E00167857,522,38,8,30,484,26,458,7.2796934865900385,1.532567049808429,5.747126436781609,92.72030651340997,4.980842911877394,87.73946360153256
E00167858,202,16,0,16,186,13,173,7.920792079207921,0,7.920792079207921,92.07920792079209,6.435643564356436,85.64356435643565
E00167859,180,7,2,5,173,17,156,3.888888888888889,1.1111111111111112,2.7777777777777777,96.11111111111111,9.444444444444445,86.66666666666667
E00167860,320,17,3,14,303,25,278,5.3125,0.9375,4.375,94.6875,7.8125,86.875
E00167861,200,20,7,13,180,9,171,10,3.5000000000000004,6.5,90,4.5,85.5
E00167862,196,31,17,14,165,14,151,15.816326530612246,8.673469387755102,7.142857142857142,84.18367346938776,7.142857142857142,77.04081632653062
E00167863,216,26,1,25,190,20,170,12.037037037037036,0.4629629629629629,11.574074074074074,87.96296296296296,9.25925925925926,78.70370370370371
E00167864,262,39,9,30,223,18,205,14.885496183206106,3.435114503816794,11.450381679389313,85.1145038167939,6.870229007633588,78.2442748091603
E00167865,285,23,8,15,262,26,236,8.070175438596491,2.807017543859649,5.263157894736842,91.9298245614035,9.12280701754386,82.80701754385966
E00167866,424,47,15,32,377,33,344,11.084905660377359,3.5377358490566038,7.547169811320755,88.91509433962264,7.783018867924528,81.13207547169812
E00167867,322,95,57,38,227,17,210,29.503105590062113,17.70186335403727,11.801242236024844,70.4968944099379,5.279503105590062,65.21739130434783
E00167868,365,51,21,30,314,29,285,13.972602739726028,5.7534246575342465,8.21917808219178,86.02739726027397,7.9452054794520555,78.08219178082192
E00167869,320,36,8,28,284,35,249,11.25,2.5,8.75,88.75,10.9375,77.8125
E00167870,384,44,19,25,340,28,312,11.458333333333332,4.947916666666666,6.510416666666667,88.54166666666666,7.291666666666667,81.25
E00167871,286,41,9,32,245,15,230,14.335664335664337,3.146853146853147,11.188811188811188,85.66433566433567,5.244755244755245,80.41958041958041
E00167872,250,28,8,20,222,21,201,11.200000000000001,3.2,8,88.8,8.4,80.4
E00167873,301,25,8,17,276,29,247,8.305647840531561,2.6578073089700998,5.647840531561462,91.69435215946844,9.634551495016613,82.05980066445183
E00167874,305,33,9,24,272,23,249,10.819672131147541,2.9508196721311477,7.868852459016394,89.18032786885246,7.540983606557377,81.63934426229508
E00167875,237,22,6,16,215,22,193,9.282700421940929,2.5316455696202533,6.751054852320674,90.71729957805907,9.282700421940929,81.43459915611815
E00167876,350,39,9,30,311,26,285,11.142857142857142,2.571428571428571,8.571428571428571,88.85714285714286,7.428571428571429,81.42857142857143
E00167877,290,29,7,22,261,22,239,10,2.413793103448276,7.586206896551724,90,7.586206896551724,82.41379310344827
E00167878,252,35,13,22,217,25,192,13.88888888888889,5.158730158730158,8.73015873015873,86.11111111111111,9.920634920634921,76.19047619047619
E00167879,377,54,22,32,323,25,298,14.323607427055704,5.835543766578249,8.488063660477453,85.6763925729443,6.631299734748011,79.04509283819628
E00167880,275,57,18,39,218,21,197,20.727272727272727,6.545454545454546,14.181818181818182,79.27272727272727,7.636363636363637,71.63636363636363
E00167882,306,56,32,24,250,20,230,18.30065359477124,10.457516339869281,7.8431372549019605,81.69934640522875,6.535947712418301,75.16339869281046
E00167883,306,37,14,23,269,27,242,12.091503267973856,4.57516339869281,7.516339869281046,87.90849673202614,8.823529411764707,79.08496732026144
E00167884,267,48,19,29,219,16,203,17.97752808988764,7.116104868913857,10.861423220973784,82.02247191011236,5.992509363295881,76.02996254681648
E00167885,257,31,6,25,226,17,209,12.062256809338521,2.3346303501945527,9.72762645914397,87.93774319066148,6.614785992217899,81.32295719844358
E00167887,415,57,24,33,358,53,305,13.734939759036143,5.783132530120482,7.951807228915662,86.26506024096385,12.771084337349398,73.49397590361446
E00167888,327,40,12,28,287,12,275,12.232415902140673,3.669724770642202,8.56269113149847,87.76758409785933,3.669724770642202,84.09785932721712
E00167889,398,42,17,25,356,42,314,10.552763819095476,4.271356783919598,6.281407035175879,89.44723618090453,10.552763819095476,78.89447236180904
E00167890,112,11,5,6,101,13,88,9.821428571428571,4.464285714285714,5.357142857142857,90.17857142857143,11.607142857142858,78.57142857142857
E00167892,297,19,3,16,278,26,252,6.397306397306397,1.0101010101010102,5.387205387205387,93.60269360269359,8.754208754208754,84.84848484848484
E00167893,601,50,17,33,551,60,491,8.319467554076539,2.828618968386023,5.490848585690515,91.68053244592346,9.983361064891847,81.69717138103162
E00167894,423,49,13,36,374,25,349,11.583924349881796,3.0732860520094563,8.51063829787234,88.4160756501182,5.91016548463357,82.50591016548464
E00167895,241,26,8,18,215,16,199,10.78838174273859,3.319502074688797,7.468879668049793,89.21161825726142,6.639004149377594,82.57261410788381
E00167896,184,19,6,13,165,14,151,10.326086956521738,3.260869565217391,7.065217391304348,89.67391304347827,7.608695652173914,82.06521739130434
E00167897,316,27,4,23,289,24,265,8.544303797468354,1.2658227848101267,7.2784810126582276,91.45569620253164,7.59493670886076,83.86075949367088
E00167898,610,105,38,67,505,42,463,17.21311475409836,6.229508196721312,10.98360655737705,82.78688524590164,6.885245901639345,75.90163934426229
E00167899,408,30,10,20,378,42,336,7.352941176470589,2.450980392156863,4.901960784313726,92.64705882352942,10.294117647058822,82.35294117647058
E00167900,329,28,11,17,301,34,267,8.51063829787234,3.343465045592705,5.167173252279635,91.48936170212765,10.33434650455927,81.15501519756839
E00167901,242,40,22,18,202,21,181,16.528925619834713,9.090909090909092,7.43801652892562,83.47107438016529,8.677685950413224,74.79338842975206
E00167902,364,20,3,17,344,40,304,5.4945054945054945,0.8241758241758242,4.670329670329671,94.5054945054945,10.989010989010989,83.51648351648352
E00167903,420,113,62,51,307,32,275,26.904761904761905,14.761904761904763,12.142857142857142,73.09523809523809,7.6190476190476195,65.47619047619048
E00167905,495,65,18,47,430,35,395,13.131313131313133,3.6363636363636362,9.494949494949495,86.86868686868688,7.07070707070707,79.7979797979798
E00184828,351,64,26,38,287,33,254,18.233618233618234,7.4074074074074066,10.826210826210826,81.76638176638177,9.401709401709402,72.36467236467237
E00184829,538,56,15,41,482,33,449,10.408921933085502,2.7881040892193307,7.6208178438661704,89.59107806691449,6.133828996282528,83.45724907063197
E00184830,466,62,16,46,404,29,375,13.304721030042918,3.4334763948497855,9.871244635193133,86.69527896995707,6.223175965665236,80.47210300429185
E00184833,572,100,26,74,472,41,431,17.482517482517483,4.545454545454546,12.937062937062937,82.51748251748252,7.167832167832168,75.34965034965036
E00184842,178,15,3,12,163,16,147,8.426966292134832,1.6853932584269662,6.741573033707865,91.57303370786516,8.98876404494382,82.58426966292134
E00184843,160,11,3,8,149,16,133,6.875000000000001,1.875,5,93.125,10,83.125
E00184844,178,20,8,12,158,14,144,11.235955056179774,4.49438202247191,6.741573033707865,88.76404494382022,7.865168539325842,80.89887640449437
E00184846,561,57,21,36,504,42,462,10.16042780748663,3.7433155080213902,6.417112299465241,89.83957219251337,7.4866310160427805,82.35294117647058
E00184853,399,40,14,26,359,35,324,10.025062656641603,3.508771929824561,6.516290726817042,89.97493734335839,8.771929824561402,81.203007518797
E00184854,310,50,25,25,260,18,242,16.129032258064516,8.064516129032258,8.064516129032258,83.87096774193549,5.806451612903226,78.06451612903226
E00184855,487,41,13,28,446,41,405,8.41889117043121,2.6694045174537986,5.749486652977413,91.58110882956879,8.41889117043121,83.16221765913757
E00184859,189,30,9,21,159,15,144,15.873015873015872,4.761904761904762,11.11111111111111,84.12698412698413,7.936507936507936,76.19047619047619
E00184861,120,19,1,18,101,11,90,15.833333333333332,0.8333333333333334,15,84.16666666666667,9.166666666666666,75
E00184862,344,41,14,27,303,32,271,11.918604651162791,4.069767441860465,7.848837209302325,88.0813953488372,9.30232558139535,78.77906976744185
E00184867,326,48,18,30,278,25,253,14.723926380368098,5.521472392638037,9.202453987730062,85.2760736196319,7.668711656441718,77.60736196319019
E00184868,529,96,33,63,433,44,389,18.147448015122876,6.238185255198488,11.909262759924385,81.85255198487712,8.31758034026465,73.53497164461248
E00184870,433,53,17,36,380,27,353,12.240184757505773,3.9260969976905313,8.314087759815243,87.75981524249423,6.235565819861432,81.5242494226328
E00184872,145,28,11,17,117,10,107,19.310344827586206,7.586206896551724,11.724137931034482,80.6896551724138,6.896551724137931,73.79310344827587
E00184875,189,75,40,35,114,10,104,39.682539682539684,21.164021164021165,18.51851851851852,60.317460317460316,5.291005291005291,55.026455026455025
E00184882,222,8,3,5,214,16,198,3.6036036036036037,1.3513513513513513,2.2522522522522523,96.3963963963964,7.207207207207207,89.1891891891892
E00184883,610,66,25,41,544,44,500,10.819672131147541,4.098360655737705,6.721311475409836,89.18032786885246,7.213114754098362,81.9672131147541
E00184885,275,28,9,19,247,12,235,10.181818181818182,3.272727272727273,6.909090909090909,89.81818181818181,4.363636363636364,85.45454545454545
E00184886,152,22,7,15,130,7,123,14.473684210526317,4.605263157894736,9.868421052631579,85.52631578947368,4.605263157894736,80.92105263157895
E00184888,331,45,20,25,286,28,258,13.595166163141995,6.042296072507553,7.552870090634441,86.404833836858,8.459214501510575,77.94561933534743
E00184891,165,16,3,13,149,13,136,9.696969696969697,1.8181818181818181,7.878787878787878,90.30303030303031,7.878787878787878,82.42424242424242
E00184893,133,20,9,11,113,7,106,15.037593984962406,6.7669172932330826,8.270676691729323,84.9624060150376,5.263157894736842,79.69924812030075
E00184894,337,22,5,17,315,28,287,6.528189910979229,1.483679525222552,5.044510385756676,93.47181008902076,8.30860534124629,85.16320474777447
E00184895,284,29,9,20,255,36,219,10.211267605633804,3.169014084507042,7.042253521126761,89.7887323943662,12.676056338028168,77.11267605633803
E00184896,137,37,13,24,100,10,90,27.00729927007299,9.48905109489051,17.51824817518248,72.99270072992701,7.2992700729927,65.69343065693431
E00184897,171,17,6,11,154,8,146,9.941520467836257,3.508771929824561,6.432748538011696,90.05847953216374,4.678362573099415,85.38011695906432
E00184904,557,67,24,43,490,33,457,12.028725314183124,4.308797127468582,7.719928186714542,87.97127468581688,5.9245960502693,82.04667863554758
E00184905,275,24,10,14,251,29,222,8.727272727272728,3.6363636363636362,5.090909090909091,91.27272727272727,10.545454545454545,80.72727272727272
E00184910,176,25,8,17,151,18,133,14.204545454545455,4.545454545454546,9.659090909090908,85.79545454545455,10.227272727272728,75.56818181818183
E00184911,173,23,4,19,150,15,135,13.294797687861271,2.312138728323699,10.982658959537572,86.70520231213872,8.670520231213873,78.03468208092485
E00184913,328,50,16,34,278,26,252,15.24390243902439,4.878048780487805,10.365853658536585,84.7560975609756,7.926829268292683,76.82926829268293
E00184914,420,56,18,38,364,31,333,13.333333333333334,4.285714285714286,9.047619047619047,86.66666666666667,7.380952380952381,79.28571428571428
E00184916,247,20,5,15,227,10,217,8.097165991902834,2.0242914979757085,6.0728744939271255,91.90283400809717,4.048582995951417,87.85425101214574
E00184918,443,37,14,23,406,21,385,8.35214446952596,3.160270880361174,5.191873589164786,91.64785553047405,4.740406320541761,86.90744920993228
E00184922,324,30,6,24,294,26,268,9.25925925925926,1.8518518518518516,7.4074074074074066,90.74074074074075,8.024691358024691,82.71604938271605
E00184924,115,16,3,13,99,8,91,13.91304347826087,2.608695652173913,11.304347826086957,86.08695652173914,6.956521739130435,79.13043478260869
E00184929,294,18,3,15,276,19,257,6.122448979591836,1.0204081632653061,5.1020408163265305,93.87755102040816,6.462585034013606,87.41496598639455
E00184930,341,19,0,19,322,25,297,5.571847507331378,0,5.571847507331378,94.42815249266863,7.331378299120235,87.09677419354838
E00184938,341,57,16,41,284,25,259,16.715542521994134,4.69208211143695,12.023460410557185,83.28445747800586,7.331378299120235,75.95307917888563
E00184939,257,17,3,14,240,20,220,6.614785992217899,1.1673151750972763,5.447470817120623,93.3852140077821,7.782101167315175,85.60311284046692
E00184941,440,43,12,31,397,39,358,9.772727272727273,2.727272727272727,7.045454545454545,90.22727272727272,8.863636363636363,81.36363636363636
E00184942,203,14,2,12,189,13,176,6.896551724137931,0.9852216748768473,5.911330049261084,93.10344827586206,6.403940886699508,86.69950738916256
E00184943,341,47,14,33,294,34,260,13.78299120234604,4.105571847507331,9.67741935483871,86.21700879765396,9.970674486803519,76.24633431085044
E00184945,350,35,9,26,315,24,291,10,2.571428571428571,7.428571428571429,90,6.857142857142858,83.14285714285714
E00184948,321,43,12,31,278,26,252,13.395638629283487,3.7383177570093453,9.657320872274143,86.6043613707165,8.09968847352025,78.50467289719626
E00184949,414,46,5,41,368,27,341,11.11111111111111,1.2077294685990339,9.903381642512077,88.88888888888889,6.521739130434782,82.3671497584541
E00184960,486,53,11,42,433,34,399,10.905349794238683,2.263374485596708,8.641975308641975,89.09465020576131,6.995884773662551,82.09876543209876
E00184966,266,41,14,27,225,28,197,15.413533834586465,5.263157894736842,10.150375939849624,84.58646616541353,10.526315789473683,74.06015037593986
E00184975,533,74,21,53,459,36,423,13.883677298311445,3.9399624765478425,9.943714821763603,86.11632270168855,6.75422138836773,79.36210131332082
E00184977,214,20,4,16,194,14,180,9.345794392523365,1.8691588785046727,7.476635514018691,90.65420560747664,6.5420560747663545,84.11214953271028
E00184981,303,29,9,20,274,10,264,9.570957095709572,2.9702970297029703,6.6006600660066,90.42904290429043,3.3003300330033,87.12871287128714
E00184982,526,79,19,60,447,37,410,15.019011406844108,3.6121673003802277,11.406844106463879,84.9809885931559,7.0342205323193925,77.9467680608365
E00184983,402,25,6,19,377,34,343,6.218905472636816,1.4925373134328357,4.72636815920398,93.78109452736318,8.45771144278607,85.3233830845771
E00184990,121,15,7,8,106,13,93,12.396694214876034,5.785123966942149,6.6115702479338845,87.60330578512396,10.743801652892563,76.85950413223141
E00184993,123,59,36,23,64,6,58,47.96747967479675,29.268292682926827,18.69918699186992,52.03252032520326,4.878048780487805,47.15447154471545
E00184994,305,29,12,17,276,27,249,9.508196721311474,3.934426229508197,5.573770491803279,90.49180327868852,8.852459016393443,81.63934426229508
E00185000,294,34,8,26,260,21,239,11.564625850340136,2.7210884353741496,8.843537414965986,88.43537414965986,7.142857142857142,81.29251700680273
E00185002,177,16,3,13,161,14,147,9.03954802259887,1.694915254237288,7.344632768361582,90.96045197740112,7.909604519774012,83.05084745762711
E00185003,271,86,47,39,185,28,157,31.73431734317343,17.343173431734318,14.391143911439114,68.26568265682657,10.33210332103321,57.93357933579336
E00185005,245,16,3,13,229,12,217,6.530612244897959,1.2244897959183674,5.3061224489795915,93.46938775510203,4.8979591836734695,88.57142857142857
E00185006,523,64,18,46,459,28,431,12.237093690248566,3.4416826003824093,8.795411089866157,87.76290630975143,5.353728489483748,82.40917782026769
E00185010,200,45,14,31,155,18,137,22.5,7.000000000000001,15.5,77.5,9,68.5
E00185019,457,61,10,51,396,42,354,13.347921225382933,2.1881838074398248,11.159737417943107,86.65207877461707,9.190371991247265,77.4617067833698
E00185020,281,33,10,23,248,21,227,11.743772241992882,3.558718861209965,8.185053380782918,88.25622775800713,7.473309608540925,80.78291814946618
E00185021,325,27,11,16,298,17,281,8.307692307692308,3.3846153846153846,4.923076923076923,91.6923076923077,5.230769230769231,86.46153846153845
