OA,ts0590001,ts0590002,ts0590003,ts0590004,ts0590005,ts0590006,ts0590007,ts0590002_PCT,ts0590003_PCT,ts0590004_PCT,ts0590005_PCT,ts0590006_PCT,ts0590007_PCT
E00114240,100,33,19,14,67,50,17,33,19,14.000000000000002,67,50,17
E00114241,50,17,6,11,33,29,4,34,12,22,66,57.99999999999999,8
E00114242,94,34,15,19,60,46,14,36.17021276595745,15.957446808510639,20.212765957446805,63.829787234042556,48.93617021276596,14.893617021276595
E00114243,153,47,19,28,106,85,21,30.718954248366014,12.418300653594772,18.30065359477124,69.28104575163398,55.55555555555556,13.725490196078432
E00114244,139,32,11,21,107,93,14,23.021582733812952,7.913669064748201,15.107913669064748,76.97841726618705,66.90647482014388,10.071942446043165
E00114245,152,50,24,26,102,82,20,32.89473684210527,15.789473684210526,17.105263157894736,67.10526315789474,53.94736842105263,13.157894736842104
E00114246,138,47,17,30,91,77,14,34.05797101449276,12.318840579710146,21.73913043478261,65.94202898550725,55.79710144927537,10.144927536231885
E00114247,204,42,13,29,162,134,28,20.588235294117645,6.372549019607843,14.215686274509803,79.41176470588235,65.68627450980392,13.725490196078432
E00114248,153,41,20,21,112,96,16,26.797385620915033,13.071895424836603,13.725490196078432,73.20261437908496,62.745098039215684,10.457516339869281
E00114249,243,53,22,31,190,149,41,21.810699588477366,9.053497942386832,12.757201646090536,78.18930041152264,61.31687242798354,16.872427983539097
E00114250,200,50,20,30,150,126,24,25,10,15,75,63,12
E00114251,188,37,13,24,151,122,29,19.680851063829788,6.914893617021277,12.76595744680851,80.31914893617021,64.8936170212766,15.425531914893616
E00114252,145,51,22,29,94,82,12,35.172413793103445,15.172413793103448,20,64.82758620689654,56.55172413793104,8.275862068965518
E00114253,145,25,8,17,120,100,20,17.24137931034483,5.517241379310345,11.724137931034482,82.75862068965517,68.96551724137932,13.793103448275861
E00114254,111,34,10,24,77,66,11,30.630630630630627,9.00900900900901,21.62162162162162,69.36936936936937,59.45945945945946,9.90990990990991
E00114255,162,37,15,22,125,112,13,22.839506172839506,9.25925925925926,13.580246913580247,77.1604938271605,69.1358024691358,8.024691358024691
E00114256,148,31,10,21,117,101,16,20.945945945945947,6.756756756756757,14.18918918918919,79.05405405405406,68.24324324324324,10.81081081081081
E00114257,184,65,35,30,119,91,28,35.32608695652174,19.021739130434785,16.304347826086957,64.67391304347827,49.45652173913043,15.217391304347828
E00114258,175,41,12,29,134,115,19,23.42857142857143,6.857142857142858,16.57142857142857,76.57142857142857,65.71428571428571,10.857142857142858
E00114259,147,38,15,23,109,91,18,25.850340136054424,10.204081632653061,15.646258503401361,74.14965986394559,61.904761904761905,12.244897959183673
E00114260,77,22,8,14,55,50,5,28.57142857142857,10.38961038961039,18.181818181818183,71.42857142857143,64.93506493506493,6.493506493506493
E00114261,159,45,23,22,114,79,35,28.30188679245283,14.465408805031446,13.836477987421384,71.69811320754717,49.685534591194966,22.0125786163522
E00114262,162,49,17,32,113,94,19,30.246913580246915,10.493827160493826,19.753086419753085,69.75308641975309,58.0246913580247,11.728395061728394
E00114263,159,46,21,25,113,98,15,28.930817610062892,13.20754716981132,15.723270440251572,71.0691823899371,61.63522012578616,9.433962264150944
E00114264,138,31,9,22,107,83,24,22.463768115942027,6.521739130434782,15.942028985507244,77.53623188405797,60.14492753623188,17.391304347826086
E00114265,134,43,14,29,91,80,11,32.08955223880597,10.44776119402985,21.641791044776117,67.91044776119402,59.70149253731343,8.208955223880597
E00114266,168,50,14,36,118,110,8,29.761904761904763,8.333333333333332,21.428571428571427,70.23809523809523,65.47619047619048,4.761904761904762
E00114267,218,61,29,32,157,124,33,27.981651376146786,13.302752293577983,14.678899082568808,72.01834862385321,56.88073394495413,15.137614678899084
E00114268,127,36,9,27,91,60,31,28.346456692913385,7.086614173228346,21.25984251968504,71.65354330708661,47.24409448818898,24.409448818897637
E00114269,140,39,16,23,101,72,29,27.857142857142858,11.428571428571429,16.428571428571427,72.14285714285714,51.42857142857142,20.714285714285715
E00114270,150,39,18,21,111,96,15,26,12,14.000000000000002,74,64,10
E00114271,172,42,13,29,130,120,10,24.418604651162788,7.55813953488372,16.86046511627907,75.5813953488372,69.76744186046511,5.813953488372093
E00114272,150,36,14,22,114,88,26,24,9.333333333333334,14.666666666666666,76,58.666666666666664,17.333333333333336
E00114273,125,39,17,22,86,59,27,31.2,13.600000000000001,17.599999999999998,68.8,47.199999999999996,21.6
E00114274,266,71,20,51,195,175,20,26.691729323308273,7.518796992481203,19.172932330827066,73.30827067669173,65.78947368421053,7.518796992481203
E00114275,144,28,7,21,116,104,12,19.444444444444446,4.861111111111112,14.583333333333334,80.55555555555556,72.22222222222221,8.333333333333332
E00114276,189,48,16,32,141,126,15,25.396825396825395,8.465608465608465,16.93121693121693,74.60317460317461,66.66666666666666,7.936507936507936
E00114277,139,29,6,23,110,100,10,20.863309352517987,4.316546762589928,16.546762589928058,79.13669064748201,71.94244604316546,7.1942446043165464
E00114278,147,54,16,38,93,81,12,36.734693877551024,10.884353741496598,25.850340136054424,63.26530612244898,55.10204081632652,8.16326530612245
E00114279,193,39,11,28,154,136,18,20.207253886010363,5.699481865284974,14.507772020725387,79.79274611398964,70.46632124352331,9.32642487046632
E00114280,205,56,13,43,149,132,17,27.31707317073171,6.341463414634147,20.975609756097562,72.6829268292683,64.39024390243902,8.292682926829269
E00114281,185,55,20,35,130,119,11,29.72972972972973,10.81081081081081,18.91891891891892,70.27027027027027,64.32432432432432,5.9459459459459465
E00114282,152,38,16,22,114,101,13,25,10.526315789473683,14.473684210526317,75,66.44736842105263,8.552631578947368
E00114283,200,44,15,29,156,142,14,22,7.5,14.499999999999998,78,71,7.000000000000001
E00114284,160,44,14,30,116,104,12,27.500000000000004,8.75,18.75,72.5,65,7.5
E00114285,127,37,16,21,90,79,11,29.133858267716533,12.598425196850393,16.535433070866144,70.86614173228347,62.20472440944882,8.661417322834646
E00114287,158,40,14,26,118,99,19,25.31645569620253,8.860759493670885,16.455696202531644,74.68354430379746,62.65822784810127,12.025316455696203
E00114288,186,52,12,40,134,117,17,27.956989247311824,6.451612903225806,21.50537634408602,72.04301075268818,62.903225806451616,9.13978494623656
E00114289,135,21,5,16,114,99,15,15.555555555555555,3.7037037037037033,11.851851851851853,84.44444444444444,73.33333333333333,11.11111111111111
E00114290,130,29,7,22,101,92,9,22.30769230769231,5.384615384615385,16.923076923076923,77.6923076923077,70.76923076923077,6.923076923076923
E00114291,116,33,8,25,83,73,10,28.448275862068968,6.896551724137931,21.551724137931032,71.55172413793103,62.93103448275862,8.620689655172415
E00114292,142,33,9,24,109,96,13,23.239436619718308,6.338028169014084,16.901408450704224,76.76056338028168,67.6056338028169,9.15492957746479
E00114293,140,21,6,15,119,102,17,15,4.285714285714286,10.714285714285714,85,72.85714285714285,12.142857142857142
E00114294,132,28,5,23,104,91,13,21.21212121212121,3.787878787878788,17.424242424242426,78.78787878787878,68.93939393939394,9.848484848484848
E00114295,166,35,9,26,131,119,12,21.084337349397593,5.421686746987952,15.66265060240964,78.91566265060241,71.6867469879518,7.228915662650602
E00114296,136,33,11,22,103,90,13,24.264705882352942,8.088235294117647,16.176470588235293,75.73529411764706,66.17647058823529,9.558823529411764
E00114297,197,37,9,28,160,138,22,18.781725888324875,4.568527918781726,14.213197969543149,81.21827411167513,70.05076142131979,11.16751269035533
E00114298,165,37,12,25,128,112,16,22.424242424242426,7.2727272727272725,15.151515151515152,77.57575757575758,67.87878787878789,9.696969696969697
E00114299,140,33,14,19,107,92,15,23.57142857142857,10,13.571428571428571,76.42857142857142,65.71428571428571,10.714285714285714
E00114300,164,51,20,31,113,98,15,31.097560975609756,12.195121951219512,18.902439024390244,68.90243902439023,59.756097560975604,9.146341463414634
E00114301,131,43,12,31,88,78,10,32.82442748091603,9.16030534351145,23.66412213740458,67.17557251908397,59.541984732824424,7.633587786259542
E00114302,205,43,8,35,162,135,27,20.975609756097562,3.902439024390244,17.073170731707318,79.02439024390245,65.85365853658537,13.170731707317074
E00114303,134,31,10,21,103,89,14,23.134328358208954,7.462686567164178,15.671641791044777,76.86567164179104,66.4179104477612,10.44776119402985
E00114304,162,39,14,25,123,111,12,24.074074074074073,8.641975308641975,15.432098765432098,75.92592592592592,68.51851851851852,7.4074074074074066
E00114305,149,40,12,28,109,97,12,26.845637583892618,8.053691275167784,18.79194630872483,73.15436241610739,65.1006711409396,8.053691275167784
E00114306,130,35,8,27,95,85,10,26.923076923076923,6.153846153846154,20.76923076923077,73.07692307692307,65.38461538461539,7.6923076923076925
E00114307,207,60,18,42,147,131,16,28.985507246376812,8.695652173913043,20.28985507246377,71.01449275362319,63.28502415458937,7.729468599033816
E00114308,175,52,14,38,123,115,8,29.714285714285715,8,21.714285714285715,70.28571428571428,65.71428571428571,4.571428571428571
E00114309,82,18,8,10,64,60,4,21.951219512195124,9.75609756097561,12.195121951219512,78.04878048780488,73.17073170731707,4.878048780487805
E00114310,201,60,26,34,141,124,17,29.850746268656714,12.935323383084576,16.91542288557214,70.1492537313433,61.69154228855721,8.45771144278607
E00114311,83,27,14,13,56,48,8,32.53012048192771,16.867469879518072,15.66265060240964,67.46987951807229,57.831325301204814,9.63855421686747
E00114312,112,32,12,20,80,62,18,28.57142857142857,10.714285714285714,17.857142857142858,71.42857142857143,55.35714285714286,16.071428571428573
E00114313,151,51,13,38,100,91,9,33.77483443708609,8.609271523178808,25.165562913907287,66.22516556291392,60.264900662251655,5.960264900662252
E00114314,178,41,19,22,137,119,18,23.03370786516854,10.674157303370785,12.359550561797752,76.96629213483146,66.85393258426966,10.112359550561797
E00114315,260,65,21,44,195,171,24,25,8.076923076923077,16.923076923076923,75,65.76923076923077,9.230769230769232
E00114316,228,53,23,30,175,150,25,23.24561403508772,10.087719298245613,13.157894736842104,76.75438596491229,65.78947368421053,10.964912280701753
E00114317,127,29,14,15,98,85,13,22.83464566929134,11.023622047244094,11.811023622047244,77.16535433070865,66.92913385826772,10.236220472440944
E00114318,205,58,22,36,147,134,13,28.292682926829265,10.731707317073171,17.560975609756095,71.70731707317073,65.3658536585366,6.341463414634147
E00114319,183,46,16,30,137,126,11,25.136612021857925,8.743169398907105,16.39344262295082,74.86338797814209,68.85245901639344,6.0109289617486334
E00114322,189,35,17,18,154,127,27,18.51851851851852,8.994708994708994,9.523809523809524,81.48148148148148,67.1957671957672,14.285714285714285
E00114323,187,51,24,27,136,125,11,27.27272727272727,12.834224598930483,14.43850267379679,72.72727272727273,66.84491978609626,5.88235294117647
E00114324,191,42,16,26,149,127,22,21.98952879581152,8.37696335078534,13.612565445026178,78.01047120418848,66.49214659685863,11.518324607329843
E00114325,195,38,12,26,157,145,12,19.48717948717949,6.153846153846154,13.333333333333334,80.51282051282051,74.35897435897436,6.153846153846154
E00114326,135,21,8,13,114,100,14,15.555555555555555,5.9259259259259265,9.62962962962963,84.44444444444444,74.07407407407408,10.37037037037037
E00114327,140,47,20,27,93,76,17,33.57142857142857,14.285714285714285,19.28571428571429,66.42857142857143,54.285714285714285,12.142857142857142
E00114328,170,52,15,37,118,96,22,30.58823529411765,8.823529411764707,21.764705882352942,69.41176470588235,56.470588235294116,12.941176470588237
E00114329,157,43,21,22,114,98,16,27.388535031847134,13.375796178343949,14.012738853503185,72.61146496815286,62.42038216560509,10.191082802547772
E00114330,167,59,13,46,108,97,11,35.32934131736527,7.784431137724551,27.54491017964072,64.67065868263472,58.08383233532935,6.58682634730539
E00114331,155,39,14,25,116,107,9,25.161290322580644,9.032258064516128,16.129032258064516,74.83870967741936,69.03225806451613,5.806451612903226
E00114333,156,39,15,24,117,107,10,25,9.615384615384617,15.384615384615385,75,68.58974358974359,6.41025641025641
E00114334,190,62,28,34,128,121,7,32.631578947368425,14.736842105263156,17.894736842105264,67.36842105263158,63.68421052631579,3.684210526315789
E00114335,119,38,15,23,81,72,9,31.932773109243694,12.605042016806722,19.327731092436977,68.0672268907563,60.50420168067227,7.563025210084033
E00114336,165,50,15,35,115,102,13,30.303030303030305,9.090909090909092,21.21212121212121,69.6969696969697,61.81818181818181,7.878787878787878
E00114337,145,52,21,31,93,83,10,35.86206896551724,14.482758620689657,21.379310344827587,64.13793103448275,57.24137931034483,6.896551724137931
E00114338,164,48,19,29,116,98,18,29.268292682926827,11.585365853658537,17.682926829268293,70.73170731707317,59.756097560975604,10.975609756097562
E00114339,160,44,19,25,116,106,10,27.500000000000004,11.875,15.625,72.5,66.25,6.25
E00114340,237,54,10,44,183,156,27,22.78481012658228,4.219409282700422,18.565400843881857,77.21518987341773,65.82278481012658,11.39240506329114
E00114341,140,37,12,25,103,94,9,26.42857142857143,8.571428571428571,17.857142857142858,73.57142857142858,67.14285714285714,6.428571428571428
E00114342,164,46,16,30,118,85,33,28.04878048780488,9.75609756097561,18.29268292682927,71.95121951219512,51.829268292682926,20.121951219512198
E00114343,160,55,25,30,105,66,39,34.375,15.625,18.75,65.625,41.25,24.375
E00114344,165,47,23,24,118,92,26,28.484848484848484,13.939393939393941,14.545454545454545,71.51515151515152,55.757575757575765,15.757575757575756
E00114345,120,37,18,19,83,64,19,30.833333333333336,15,15.833333333333332,69.16666666666667,53.333333333333336,15.833333333333332
E00114346,161,55,15,40,106,86,20,34.161490683229815,9.316770186335404,24.84472049689441,65.83850931677019,53.41614906832298,12.422360248447205
E00114347,307,97,40,57,210,170,40,31.596091205211724,13.029315960912053,18.566775244299674,68.40390879478826,55.37459283387622,13.029315960912053
E00114348,180,39,14,25,141,121,20,21.666666666666668,7.777777777777778,13.88888888888889,78.33333333333333,67.22222222222223,11.11111111111111
E00114349,92,22,15,7,70,53,17,23.91304347826087,16.304347826086957,7.608695652173914,76.08695652173914,57.608695652173914,18.478260869565215
E00114350,157,36,13,23,121,86,35,22.929936305732486,8.280254777070063,14.64968152866242,77.07006369426752,54.77707006369427,22.29299363057325
E00114351,178,45,9,36,133,111,22,25.280898876404496,5.056179775280898,20.224719101123593,74.71910112359551,62.35955056179775,12.359550561797752
E00114352,197,62,28,34,135,106,29,31.472081218274113,14.213197969543149,17.258883248730964,68.52791878172589,53.80710659898477,14.720812182741117
E00114353,292,53,16,37,239,203,36,18.15068493150685,5.47945205479452,12.67123287671233,81.84931506849315,69.52054794520548,12.32876712328767
E00114354,180,45,13,32,135,123,12,25,7.222222222222221,17.77777777777778,75,68.33333333333333,6.666666666666667
E00114355,190,44,15,29,146,126,20,23.157894736842106,7.894736842105263,15.263157894736842,76.84210526315789,66.3157894736842,10.526315789473683
E00114357,166,57,23,34,109,95,14,34.33734939759036,13.855421686746988,20.481927710843372,65.66265060240963,57.22891566265061,8.433734939759036
E00114358,115,34,17,17,81,54,27,29.565217391304348,14.782608695652174,14.782608695652174,70.43478260869566,46.95652173913044,23.47826086956522
E00114359,84,18,8,10,66,53,13,21.428571428571427,9.523809523809524,11.904761904761903,78.57142857142857,63.095238095238095,15.476190476190476
E00114360,135,47,12,35,88,62,26,34.81481481481482,8.88888888888889,25.925925925925924,65.18518518518519,45.925925925925924,19.25925925925926
E00114361,232,66,30,36,166,117,49,28.448275862068968,12.931034482758621,15.517241379310345,71.55172413793103,50.43103448275862,21.120689655172413
E00114362,66,16,8,8,50,32,18,24.242424242424242,12.121212121212121,12.121212121212121,75.75757575757575,48.484848484848484,27.27272727272727
E00114363,169,45,13,32,124,96,28,26.627218934911244,7.6923076923076925,18.93491124260355,73.37278106508876,56.80473372781065,16.56804733727811
E00114364,125,31,12,19,94,80,14,24.8,9.6,15.2,75.2,64,11.200000000000001
E00114365,143,46,19,27,97,80,17,32.16783216783217,13.286713286713287,18.88111888111888,67.83216783216784,55.94405594405595,11.888111888111888
E00114366,133,38,16,22,95,69,26,28.57142857142857,12.030075187969924,16.541353383458645,71.42857142857143,51.8796992481203,19.548872180451127
E00114367,89,16,9,7,73,53,20,17.97752808988764,10.112359550561797,7.865168539325842,82.02247191011236,59.55056179775281,22.47191011235955
E00114368,132,39,19,20,93,72,21,29.545454545454547,14.393939393939394,15.151515151515152,70.45454545454545,54.54545454545454,15.909090909090908
E00114369,99,31,8,23,68,65,3,31.313131313131315,8.080808080808081,23.232323232323232,68.68686868686868,65.65656565656566,3.0303030303030303
E00114370,162,40,12,28,122,90,32,24.691358024691358,7.4074074074074066,17.28395061728395,75.30864197530865,55.55555555555556,19.753086419753085
E00114371,114,24,10,14,90,78,12,21.052631578947366,8.771929824561402,12.280701754385964,78.94736842105263,68.42105263157895,10.526315789473683
E00114372,196,38,18,20,158,133,25,19.387755102040817,9.183673469387756,10.204081632653061,80.61224489795919,67.85714285714286,12.755102040816327
E00114373,162,34,11,23,128,105,23,20.98765432098765,6.790123456790123,14.19753086419753,79.01234567901234,64.81481481481481,14.19753086419753
E00114374,183,41,9,32,142,127,15,22.404371584699454,4.918032786885246,17.48633879781421,77.59562841530054,69.39890710382514,8.19672131147541
E00114375,183,52,18,34,131,111,20,28.415300546448087,9.836065573770492,18.579234972677597,71.58469945355192,60.65573770491803,10.92896174863388
E00114376,200,59,20,39,141,110,31,29.5,10,19.5,70.5,55.00000000000001,15.5
E00114377,178,28,7,21,150,128,22,15.730337078651685,3.932584269662921,11.797752808988763,84.26966292134831,71.91011235955057,12.359550561797752
E00114379,171,31,12,19,140,120,20,18.128654970760234,7.017543859649122,11.11111111111111,81.87134502923976,70.17543859649122,11.695906432748536
E00114380,210,50,22,28,160,137,23,23.809523809523807,10.476190476190476,13.333333333333334,76.19047619047619,65.23809523809524,10.952380952380953
E00114381,161,40,13,27,121,104,17,24.84472049689441,8.074534161490684,16.77018633540373,75.15527950310559,64.59627329192547,10.559006211180124
E00114382,176,30,6,24,146,124,22,17.045454545454543,3.4090909090909087,13.636363636363635,82.95454545454545,70.45454545454545,12.5
E00114383,169,46,13,33,123,102,21,27.218934911242602,7.6923076923076925,19.526627218934912,72.7810650887574,60.35502958579882,12.42603550295858
E00114384,215,63,19,44,152,127,25,29.30232558139535,8.837209302325581,20.46511627906977,70.69767441860465,59.06976744186046,11.627906976744185
E00114385,184,33,10,23,151,130,21,17.934782608695652,5.434782608695652,12.5,82.06521739130434,70.65217391304348,11.41304347826087
E00114388,199,52,20,32,147,125,22,26.13065326633166,10.050251256281408,16.08040201005025,73.86934673366834,62.8140703517588,11.055276381909549
E00114389,169,35,12,23,134,125,9,20.710059171597635,7.100591715976331,13.609467455621301,79.28994082840237,73.96449704142012,5.325443786982249
E00114390,116,26,10,16,90,82,8,22.413793103448278,8.620689655172415,13.793103448275861,77.58620689655173,70.6896551724138,6.896551724137931
E00114391,181,31,12,19,150,130,20,17.12707182320442,6.629834254143646,10.497237569060774,82.87292817679558,71.8232044198895,11.049723756906078
E00114392,139,24,6,18,115,101,14,17.26618705035971,4.316546762589928,12.949640287769784,82.73381294964028,72.66187050359713,10.071942446043165
E00114393,160,35,12,23,125,115,10,21.875,7.5,14.374999999999998,78.125,71.875,6.25
E00114394,232,75,28,47,157,125,32,32.327586206896555,12.068965517241379,20.25862068965517,67.67241379310344,53.879310344827594,13.793103448275861
E00114395,217,76,28,48,141,104,37,35.02304147465438,12.903225806451612,22.119815668202765,64.97695852534562,47.926267281105986,17.050691244239633
E00114396,115,32,17,15,83,55,28,27.82608695652174,14.782608695652174,13.043478260869565,72.17391304347827,47.82608695652174,24.347826086956523
E00114397,246,75,35,40,171,140,31,30.48780487804878,14.227642276422763,16.260162601626014,69.51219512195121,56.91056910569105,12.601626016260163
E00114398,191,62,24,38,129,108,21,32.460732984293195,12.56544502617801,19.895287958115183,67.5392670157068,56.54450261780105,10.99476439790576
E00114399,136,46,17,29,90,67,23,33.82352941176471,12.5,21.323529411764707,66.17647058823529,49.26470588235294,16.911764705882355
E00114400,117,45,23,22,72,51,21,38.46153846153847,19.65811965811966,18.803418803418804,61.53846153846154,43.58974358974359,17.94871794871795
E00114401,192,50,20,30,142,112,30,26.041666666666668,10.416666666666668,15.625,73.95833333333334,58.333333333333336,15.625
E00114403,235,47,24,23,188,167,21,20,10.212765957446807,9.787234042553191,80,71.06382978723404,8.936170212765958
E00114404,178,39,13,26,139,125,14,21.910112359550563,7.303370786516854,14.606741573033707,78.08988764044943,70.2247191011236,7.865168539325842
E00114406,142,42,19,23,100,81,19,29.577464788732392,13.380281690140844,16.19718309859155,70.4225352112676,57.04225352112676,13.380281690140844
E00114407,166,47,15,32,119,106,13,28.313253012048197,9.036144578313253,19.27710843373494,71.6867469879518,63.85542168674698,7.83132530120482
E00114409,179,48,18,30,131,120,11,26.81564245810056,10.05586592178771,16.75977653631285,73.18435754189943,67.0391061452514,6.145251396648044
E00114410,183,43,10,33,140,120,20,23.497267759562842,5.46448087431694,18.0327868852459,76.50273224043715,65.57377049180327,10.92896174863388
E00114411,67,15,5,10,52,41,11,22.388059701492537,7.462686567164178,14.925373134328357,77.61194029850746,61.19402985074627,16.417910447761194
E00114412,179,55,22,33,124,107,17,30.726256983240223,12.290502793296088,18.435754189944134,69.27374301675978,59.77653631284916,9.497206703910614
E00114413,193,40,11,29,153,136,17,20.72538860103627,5.699481865284974,15.025906735751295,79.27461139896373,70.46632124352331,8.808290155440414
E00114414,173,39,13,26,134,122,12,22.54335260115607,7.514450867052023,15.028901734104046,77.45664739884393,70.52023121387283,6.9364161849710975
E00114415,107,28,7,21,79,70,9,26.168224299065418,6.5420560747663545,19.626168224299064,73.83177570093457,65.42056074766354,8.411214953271028
E00114416,199,29,11,18,170,157,13,14.572864321608039,5.527638190954774,9.045226130653267,85.42713567839196,78.89447236180904,6.532663316582915
E00114417,159,39,14,25,120,110,10,24.528301886792452,8.80503144654088,15.723270440251572,75.47169811320755,69.18238993710692,6.289308176100629
E00114418,178,42,16,26,136,124,12,23.595505617977526,8.98876404494382,14.606741573033707,76.40449438202246,69.66292134831461,6.741573033707865
E00114420,218,46,17,29,172,158,14,21.100917431192663,7.79816513761468,13.302752293577983,78.89908256880734,72.47706422018348,6.422018348623854
E00114421,154,47,11,36,107,91,16,30.519480519480517,7.142857142857142,23.376623376623375,69.48051948051948,59.09090909090909,10.38961038961039
E00114422,158,42,17,25,116,105,11,26.582278481012654,10.759493670886076,15.822784810126583,73.41772151898735,66.45569620253164,6.962025316455696
E00114423,125,23,9,14,102,88,14,18.4,7.199999999999999,11.200000000000001,81.6,70.39999999999999,11.200000000000001
E00114424,151,37,10,27,114,97,17,24.503311258278146,6.622516556291391,17.880794701986755,75.49668874172185,64.23841059602648,11.258278145695364
E00114425,121,25,9,16,96,84,12,20.66115702479339,7.43801652892562,13.223140495867769,79.33884297520662,69.42148760330579,9.917355371900827
E00114426,101,25,10,15,76,68,8,24.752475247524753,9.900990099009901,14.85148514851485,75.24752475247524,67.32673267326733,7.920792079207921
E00114427,146,45,20,25,101,74,27,30.82191780821918,13.698630136986301,17.123287671232877,69.17808219178082,50.68493150684932,18.493150684931507
E00114428,155,41,15,26,114,105,9,26.451612903225808,9.67741935483871,16.7741935483871,73.54838709677419,67.74193548387096,5.806451612903226
E00114429,141,48,18,30,93,83,10,34.04255319148936,12.76595744680851,21.27659574468085,65.95744680851064,58.86524822695035,7.092198581560284
E00114430,142,39,13,26,103,88,15,27.464788732394368,9.15492957746479,18.30985915492958,72.53521126760563,61.97183098591549,10.56338028169014
E00114431,175,47,14,33,128,122,6,26.857142857142858,8,18.857142857142858,73.14285714285714,69.71428571428572,3.428571428571429
E00114432,158,46,13,33,112,96,16,29.11392405063291,8.227848101265822,20.88607594936709,70.88607594936708,60.75949367088608,10.126582278481013
E00114433,223,56,24,32,167,142,25,25.112107623318387,10.762331838565023,14.349775784753364,74.88789237668162,63.67713004484305,11.210762331838566
E00114434,233,50,19,31,183,161,22,21.45922746781116,8.15450643776824,13.304721030042918,78.54077253218884,69.09871244635193,9.44206008583691
E00114435,187,41,17,24,146,125,21,21.92513368983957,9.090909090909092,12.834224598930483,78.07486631016043,66.84491978609626,11.229946524064172
E00114436,153,48,19,29,105,86,19,31.372549019607842,12.418300653594772,18.954248366013072,68.62745098039215,56.209150326797385,12.418300653594772
E00114437,162,43,14,29,119,105,14,26.543209876543212,8.641975308641975,17.901234567901234,73.4567901234568,64.81481481481481,8.641975308641975
E00114438,165,47,18,29,118,103,15,28.484848484848484,10.909090909090908,17.575757575757574,71.51515151515152,62.42424242424243,9.090909090909092
E00114439,154,40,14,26,114,99,15,25.97402597402597,9.090909090909092,16.883116883116884,74.02597402597402,64.28571428571429,9.740259740259742
E00114440,157,46,17,29,111,99,12,29.29936305732484,10.828025477707007,18.471337579617835,70.70063694267516,63.05732484076433,7.643312101910828
E00114441,205,51,14,37,154,129,25,24.878048780487806,6.829268292682928,18.048780487804876,75.1219512195122,62.926829268292686,12.195121951219512
E00114442,214,60,21,39,154,127,27,28.037383177570092,9.813084112149532,18.22429906542056,71.96261682242991,59.345794392523366,12.616822429906541
E00114443,171,42,14,28,129,103,26,24.561403508771928,8.187134502923977,16.374269005847953,75.43859649122807,60.23391812865497,15.204678362573098
E00114444,156,31,10,21,125,111,14,19.871794871794872,6.41025641025641,13.461538461538462,80.12820512820514,71.15384615384616,8.974358974358974
E00114445,224,55,20,35,169,138,31,24.553571428571427,8.928571428571429,15.625,75.44642857142857,61.60714285714286,13.839285714285715
E00114446,186,44,20,24,142,123,19,23.655913978494624,10.75268817204301,12.903225806451612,76.34408602150538,66.12903225806451,10.21505376344086
E00114447,167,40,14,26,127,112,15,23.952095808383234,8.383233532934131,15.568862275449103,76.04790419161677,67.06586826347305,8.982035928143713
E00114448,187,47,18,29,140,120,20,25.13368983957219,9.62566844919786,15.508021390374333,74.8663101604278,64.171122994652407,10.695187165775401
E00114449,172,41,22,19,131,106,25,23.837209302325583,12.790697674418606,11.046511627906977,76.16279069767442,61.627906976744185,14.534883720930234
E00114450,185,54,17,37,131,106,25,29.18918918918919,9.18918918918919,20,70.8108108108108,57.2972972972973,13.513513513513514
E00114451,199,51,17,34,148,125,23,25.628140703517587,8.542713567839195,17.08542713567839,74.37185929648241,62.8140703517588,11.557788944723619
E00114452,224,67,26,41,157,133,24,29.910714285714285,11.607142857142858,18.303571428571427,70.08928571428571,59.375,10.714285714285714
E00114453,183,41,18,23,142,121,21,22.404371584699454,9.836065573770492,12.568306010928962,77.59562841530054,66.12021857923497,11.475409836065573
E00114454,166,39,15,24,127,107,20,23.49397590361446,9.036144578313253,14.457831325301203,76.50602409638554,64.45783132530121,12.048192771084338
E00114455,138,29,9,20,109,96,13,21.014492753623188,6.521739130434782,14.492753623188406,78.98550724637681,69.56521739130434,9.420289855072465
E00114456,187,43,14,29,144,126,18,22.994652406417114,7.4866310160427805,15.508021390374333,77.00534759358288,67.37967914438502,9.62566844919786
E00114457,177,39,12,27,138,112,26,22.033898305084744,6.779661016949152,15.254237288135593,77.96610169491525,63.2768361581921,14.689265536723164
E00114458,190,44,16,28,146,126,20,23.157894736842106,8.421052631578947,14.736842105263156,76.84210526315789,66.3157894736842,10.526315789473683
E00114460,111,26,14,12,85,58,27,23.423423423423422,12.612612612612612,10.81081081081081,76.57657657657657,52.25225225225225,24.324324324324326
E00114461,198,65,30,35,133,104,29,32.82828282828283,15.151515151515152,17.67676767676768,67.17171717171718,52.52525252525253,14.646464646464647
E00114462,152,45,23,22,107,89,18,29.605263157894733,15.131578947368421,14.473684210526317,70.39473684210526,58.55263157894737,11.842105263157894
E00114463,95,21,13,8,74,52,22,22.105263157894736,13.684210526315791,8.421052631578947,77.89473684210526,54.736842105263165,23.157894736842106
E00114464,120,39,6,33,81,72,9,32.5,5,27.500000000000004,67.5,60,7.5
E00114465,94,23,8,15,71,52,19,24.46808510638298,8.51063829787234,15.957446808510639,75.53191489361703,55.319148936170215,20.212765957446805
E00114466,142,41,18,23,101,83,18,28.87323943661972,12.676056338028168,16.19718309859155,71.12676056338029,58.45070422535211,12.676056338028168
E00114467,170,67,26,41,103,86,17,39.411764705882355,15.294117647058824,24.11764705882353,60.588235294117645,50.588235294117645,10
E00114468,199,63,21,42,136,103,33,31.65829145728643,10.552763819095476,21.105527638190953,68.34170854271356,51.75879396984925,16.582914572864322
E00114469,174,70,29,41,104,74,30,40.229885057471265,16.666666666666664,23.563218390804597,59.77011494252874,42.5287356321839,17.24137931034483
E00114470,174,57,19,38,117,88,29,32.758620689655174,10.919540229885058,21.839080459770116,67.24137931034483,50.57471264367817,16.666666666666664
E00114471,139,30,6,24,109,97,12,21.58273381294964,4.316546762589928,17.26618705035971,78.41726618705036,69.7841726618705,8.633093525179856
E00114472,159,48,15,33,111,97,14,30.18867924528302,9.433962264150944,20.754716981132077,69.81132075471697,61.0062893081761,8.80503144654088
E00114473,138,38,12,26,100,82,18,27.536231884057973,8.695652173913043,18.84057971014493,72.46376811594203,59.42028985507246,13.043478260869565
E00114475,180,49,24,25,131,116,15,27.22222222222222,13.333333333333334,13.88888888888889,72.77777777777777,64.44444444444444,8.333333333333332
E00114476,127,39,10,29,88,77,11,30.708661417322837,7.874015748031496,22.83464566929134,69.29133858267717,60.629921259842526,8.661417322834646
E00114477,174,51,16,35,123,102,21,29.310344827586203,9.195402298850574,20.114942528735632,70.6896551724138,58.620689655172406,12.068965517241379
E00114478,176,50,24,26,126,110,16,28.40909090909091,13.636363636363635,14.772727272727273,71.5909090909091,62.5,9.090909090909092
E00114479,201,54,19,35,147,122,25,26.865671641791046,9.45273631840796,17.412935323383085,73.13432835820896,60.69651741293532,12.437810945273633
E00114480,169,46,22,24,123,102,21,27.218934911242602,13.017751479289942,14.201183431952662,72.7810650887574,60.35502958579882,12.42603550295858
E00114481,122,45,23,22,77,70,7,36.885245901639344,18.852459016393443,18.0327868852459,63.114754098360656,57.377049180327866,5.737704918032787
E00114482,76,21,7,14,55,47,8,27.631578947368425,9.210526315789473,18.421052631578945,72.36842105263158,61.8421052631579,10.526315789473683
E00114483,66,21,4,17,45,39,6,31.818181818181817,6.0606060606060606,25.757575757575758,68.18181818181817,59.09090909090909,9.090909090909092
E00114484,89,33,7,26,56,45,11,37.07865168539326,7.865168539325842,29.213483146067414,62.92134831460674,50.56179775280899,12.359550561797752
E00114485,78,28,12,16,50,47,3,35.8974358974359,15.384615384615385,20.51282051282051,64.1025641025641,60.256410256410255,3.8461538461538463
E00114486,134,37,16,21,97,82,15,27.611940298507463,11.940298507462686,15.671641791044777,72.38805970149254,61.19402985074627,11.194029850746269
E00114487,162,43,16,27,119,102,17,26.543209876543212,9.876543209876543,16.666666666666664,73.4567901234568,62.96296296296296,10.493827160493826
E00114488,150,39,15,24,111,92,19,26,10,16,74,61.33333333333333,12.666666666666668
E00114489,88,26,10,16,62,46,16,29.545454545454547,11.363636363636363,18.181818181818183,70.45454545454545,52.27272727272727,18.181818181818183
E00114490,155,36,15,21,119,104,15,23.225806451612904,9.67741935483871,13.548387096774196,76.77419354838709,67.0967741935484,9.67741935483871
E00114491,141,41,16,25,100,83,17,29.078014184397162,11.347517730496454,17.73049645390071,70.92198581560284,58.86524822695035,12.056737588652481
E00114492,133,42,22,20,91,75,16,31.57894736842105,16.541353383458645,15.037593984962406,68.42105263157895,56.390977443609025,12.030075187969924
E00114493,128,44,16,28,84,72,12,34.375,12.5,21.875,65.625,56.25,9.375
E00114495,153,41,19,22,112,80,32,26.797385620915033,12.418300653594772,14.37908496732026,73.20261437908496,52.28758169934641,20.915032679738562
E00114496,221,43,7,36,178,139,39,19.457013574660635,3.167420814479638,16.289592760180994,80.54298642533936,62.89592760180995,17.647058823529413
E00114498,127,28,10,18,99,79,20,22.04724409448819,7.874015748031496,14.173228346456693,77.95275590551181,62.20472440944882,15.748031496062993
E00114499,119,34,12,22,85,73,12,28.57142857142857,10.084033613445378,18.487394957983195,71.42857142857143,61.34453781512605,10.084033613445378
E00114500,145,28,15,13,117,92,25,19.310344827586206,10.344827586206897,8.96551724137931,80.6896551724138,63.44827586206897,17.24137931034483
E00114501,140,41,17,24,99,86,13,29.28571428571429,12.142857142857142,17.142857142857142,70.71428571428572,61.42857142857143,9.285714285714286
E00114502,148,20,10,10,128,104,24,13.513513513513514,6.756756756756757,6.756756756756757,86.48648648648648,70.27027027027027,16.216216216216218
E00114503,147,43,19,24,104,73,31,29.25170068027211,12.925170068027212,16.3265306122449,70.74829931972789,49.65986394557823,21.08843537414966
E00114504,86,27,8,19,59,46,13,31.3953488372093,9.30232558139535,22.093023255813954,68.6046511627907,53.48837209302325,15.11627906976744
E00114505,118,33,9,24,85,71,14,27.966101694915253,7.627118644067797,20.33898305084746,72.03389830508475,60.16949152542372,11.864406779661017
E00114506,154,44,16,28,110,90,20,28.57142857142857,10.38961038961039,18.181818181818183,71.42857142857143,58.44155844155844,12.987012987012985
E00114507,153,40,17,23,113,98,15,26.143790849673206,11.11111111111111,15.032679738562091,73.8562091503268,64.05228758169935,9.803921568627452
E00114508,118,33,11,22,85,72,13,27.966101694915253,9.322033898305085,18.64406779661017,72.03389830508475,61.016949152542374,11.016949152542372
E00114509,139,35,14,21,104,83,21,25.179856115107913,10.071942446043165,15.107913669064748,74.82014388489209,59.71223021582733,15.107913669064748
E00114511,185,47,18,29,138,124,14,25.405405405405407,9.72972972972973,15.675675675675677,74.5945945945946,67.02702702702703,7.567567567567568
E00114512,163,49,16,33,114,103,11,30.061349693251532,9.815950920245399,20.245398773006134,69.93865030674846,63.190184049079754,6.748466257668712
E00114513,203,48,11,37,155,129,26,23.645320197044335,5.41871921182266,18.226600985221676,76.35467980295566,63.54679802955665,12.807881773399016
E00114514,222,48,20,28,174,155,19,21.62162162162162,9.00900900900901,12.612612612612612,78.37837837837837,69.81981981981981,8.558558558558559
E00114516,187,47,16,31,140,125,15,25.13368983957219,8.55614973262032,16.577540106951872,74.8663101604278,66.84491978609626,8.0213903743315509
E00114517,258,61,20,41,197,173,24,23.643410852713178,7.751937984496124,15.891472868217054,76.35658914728683,67.05426356589147,9.30232558139535
E00114518,212,43,15,28,169,146,23,20.28301886792453,7.0754716981132075,13.20754716981132,79.71698113207547,68.86792452830188,10.849056603773585
E00114519,171,47,22,25,124,112,12,27.485380116959064,12.865497076023392,14.619883040935672,72.51461988304094,65.49707602339181,7.017543859649122
E00114520,173,35,13,22,138,122,16,20.23121387283237,7.514450867052023,12.716763005780345,79.76878612716763,70.52023121387283,9.248554913294797
E00114521,230,56,19,37,174,165,9,24.347826086956523,8.26086956521739,16.08695652173913,75.65217391304347,71.73913043478261,3.91304347826087
E00114522,203,43,15,28,160,148,12,21.182266009852217,7.389162561576355,13.793103448275861,78.81773399014779,72.9064039408867,5.911330049261084
E00114523,164,38,8,30,126,111,15,23.170731707317074,4.878048780487805,18.29268292682927,76.82926829268293,67.6829268292683,9.146341463414634
E00114524,183,44,17,27,139,128,11,24.043715846994534,9.289617486338798,14.754098360655737,75.95628415300546,69.94535519125684,6.0109289617486334
E00114525,170,46,13,33,124,111,13,27.058823529411764,7.647058823529412,19.411764705882355,72.94117647058823,65.29411764705883,7.647058823529412
E00114526,160,38,11,27,122,108,14,23.75,6.875000000000001,16.875,76.25,67.5,8.75
E00114527,134,38,11,27,96,87,9,28.35820895522388,8.208955223880597,20.149253731343283,71.64179104477611,64.92537313432835,6.7164179104477615
E00114528,287,78,21,57,209,191,18,27.177700348432055,7.317073170731707,19.860627177700348,72.82229965156795,66.55052264808361,6.2717770034843205
E00114529,147,26,4,22,121,105,16,17.687074829931973,2.7210884353741496,14.965986394557824,82.31292517006803,71.42857142857143,10.884353741496598
E00114530,185,48,22,26,137,120,17,25.945945945945947,11.891891891891893,14.054054054054054,74.05405405405405,64.86486486486487,9.18918918918919
E00114531,160,51,18,33,109,100,9,31.874999999999996,11.25,20.625,68.125,62.5,5.625
E00114532,183,31,11,20,152,139,13,16.939890710382514,6.0109289617486334,10.92896174863388,83.06010928961749,75.95628415300546,7.103825136612022
E00114533,106,20,4,16,86,73,13,18.867924528301888,3.7735849056603774,15.09433962264151,81.13207547169812,68.86792452830188,12.264150943396226
E00114534,68,19,5,14,49,44,5,27.941176470588236,7.352941176470589,20.588235294117645,72.05882352941177,64.70588235294117,7.352941176470589
E00114536,202,51,22,29,151,142,9,25.247524752475247,10.891089108910892,14.356435643564355,74.75247524752476,70.29702970297029,4.455445544554455
E00114537,149,32,11,21,117,100,17,21.476510067114095,7.38255033557047,14.093959731543624,78.52348993288591,67.11409395973155,11.409395973154362
E00114539,169,38,18,20,131,95,36,22.485207100591715,10.650887573964498,11.834319526627219,77.51479289940828,56.213017751479285,21.301775147928996
E00114540,122,36,19,17,86,64,22,29.508196721311474,15.573770491803279,13.934426229508196,70.49180327868852,52.459016393442624,18.0327868852459
E00114541,146,36,21,15,110,92,18,24.65753424657534,14.383561643835616,10.273972602739725,75.34246575342466,63.013698630136986,12.32876712328767
E00114542,135,41,11,30,94,85,9,30.37037037037037,8.148148148148149,22.22222222222222,69.62962962962963,62.96296296296296,6.666666666666667
E00114543,153,50,22,28,103,77,26,32.6797385620915,14.37908496732026,18.30065359477124,67.3202614379085,50.326797385620914,16.99346405228758
E00114544,130,49,21,28,81,70,11,37.69230769230769,16.153846153846153,21.53846153846154,62.30769230769231,53.84615384615385,8.461538461538462
E00114545,98,33,12,21,65,50,15,33.6734693877551,12.244897959183673,21.428571428571427,66.3265306122449,51.02040816326531,15.306122448979592
E00114546,164,41,15,26,123,101,22,25,9.146341463414634,15.853658536585366,75,61.58536585365854,13.414634146341465
E00114547,122,34,15,19,88,70,18,27.86885245901639,12.295081967213115,15.573770491803279,72.1311475409836,57.377049180327866,14.754098360655737
E00114548,117,29,8,21,88,70,18,24.786324786324787,6.837606837606838,17.94871794871795,75.21367521367522,59.82905982905983,15.384615384615385
E00114549,156,51,21,30,105,88,17,32.69230769230769,13.461538461538462,19.230769230769234,67.3076923076923,56.41025641025641,10.897435897435898
E00114550,99,27,15,12,72,54,18,27.27272727272727,15.151515151515152,12.121212121212121,72.72727272727273,54.54545454545454,18.181818181818183
E00114551,229,72,28,44,157,131,26,31.4410480349345,12.22707423580786,19.213973799126638,68.5589519650655,57.20524017467249,11.353711790393014
E00114552,137,45,26,19,92,80,12,32.846715328467155,18.97810218978102,13.86861313868613,67.15328467153284,58.3941605839416,8.75912408759124
E00114553,100,34,11,23,66,58,8,34,11,23,66,57.99999999999999,8
E00114554,178,52,24,28,126,112,14,29.213483146067414,13.48314606741573,15.730337078651685,70.78651685393258,62.92134831460674,7.865168539325842
E00114555,140,35,13,22,105,83,22,25,9.285714285714286,15.714285714285714,75,59.285714285714285,15.714285714285714
E00114556,139,41,22,19,98,86,12,29.496402877697843,15.827338129496402,13.66906474820144,70.50359712230215,61.87050359712231,8.633093525179856
E00114557,172,41,8,33,131,109,22,23.837209302325583,4.651162790697675,19.186046511627907,76.16279069767442,63.372093023255815,12.790697674418606
E00114558,81,20,6,14,61,54,7,24.691358024691358,7.4074074074074066,17.28395061728395,75.30864197530865,66.66666666666666,8.641975308641975
E00114559,151,38,14,24,113,98,15,25.165562913907287,9.271523178807946,15.894039735099339,74.83443708609272,64.90066225165563,9.933774834437086
E00114560,105,28,13,15,77,61,16,26.666666666666668,12.380952380952381,14.285714285714285,73.33333333333333,58.0952380952381,15.238095238095239
E00114561,199,57,24,33,142,115,27,28.643216080402013,12.060301507537687,16.582914572864322,71.35678391959799,57.78894472361809,13.5678391959799
E00114562,234,55,18,37,179,146,33,23.504273504273502,7.6923076923076925,15.81196581196581,76.49572649572649,62.39316239316239,14.102564102564102
E00114563,106,30,10,20,76,69,7,28.30188679245283,9.433962264150944,18.867924528301888,71.69811320754717,65.09433962264151,6.60377358490566
E00114564,100,27,6,21,73,66,7,27,6,21,73,66,7.000000000000001
E00114565,168,48,22,26,120,95,25,28.57142857142857,13.095238095238097,15.476190476190476,71.42857142857143,56.547619047619044,14.880952380952381
E00114566,157,45,19,26,112,86,26,28.662420382165603,12.101910828025478,16.560509554140125,71.3375796178344,54.77707006369427,16.560509554140125
E00114567,121,34,15,19,87,77,10,28.09917355371901,12.396694214876034,15.702479338842975,71.900826446281,63.63636363636363,8.264462809917356
E00114568,143,37,12,25,106,90,16,25.874125874125873,8.391608391608392,17.482517482517483,74.12587412587412,62.93706293706294,11.188811188811188
E00114569,148,35,14,21,113,92,21,23.64864864864865,9.45945945945946,14.18918918918919,76.35135135135135,62.16216216216216,14.18918918918919
E00114570,169,53,22,31,116,74,42,31.360946745562128,13.017751479289942,18.34319526627219,68.63905325443787,43.786982248520715,24.85207100591716
E00114571,144,45,22,23,99,83,16,31.25,15.277777777777779,15.972222222222221,68.75,57.638888888888886,11.11111111111111
E00114572,208,62,18,44,146,135,11,29.807692307692307,8.653846153846153,21.153846153846153,70.1923076923077,64.90384615384616,5.288461538461538
E00114574,198,50,27,23,148,127,21,25.252525252525253,13.636363636363635,11.616161616161616,74.74747474747475,64.14141414141415,10.606060606060606
E00114575,98,26,12,14,72,52,20,26.53061224489796,12.244897959183673,14.285714285714285,73.46938775510205,53.06122448979592,20.408163265306122
E00114576,128,33,11,22,95,77,18,25.78125,8.59375,17.1875,74.21875,60.15625,14.0625
E00114577,158,54,25,29,104,87,17,34.177215189873415,15.822784810126583,18.354430379746837,65.82278481012658,55.06329113924051,10.759493670886076
E00114578,202,53,29,24,149,117,32,26.237623762376238,14.356435643564355,11.881188118811881,73.76237623762376,57.920792079207914,15.841584158415841
E00114579,156,46,19,27,110,81,29,29.48717948717949,12.179487179487179,17.307692307692307,70.51282051282051,51.92307692307693,18.58974358974359
E00114580,159,47,15,32,112,97,15,29.559748427672954,9.433962264150944,20.125786163522015,70.44025157232704,61.0062893081761,9.433962264150944
E00114581,117,38,15,23,79,63,16,32.47863247863248,12.82051282051282,19.65811965811966,67.52136752136752,53.84615384615385,13.675213675213676
E00114582,111,36,19,17,75,62,13,32.432432432432435,17.117117117117118,15.315315315315313,67.56756756756756,55.85585585585585,11.711711711711711
E00114583,211,64,32,32,147,115,32,30.33175355450237,15.165876777251185,15.165876777251185,69.66824644549763,54.502369668246445,15.165876777251185
E00114584,158,32,11,21,126,113,13,20.253164556962027,6.962025316455696,13.291139240506327,79.74683544303798,71.51898734177216,8.227848101265822
E00114585,99,20,5,15,79,74,5,20.2020202020202,5.05050505050505,15.151515151515152,79.7979797979798,74.74747474747475,5.05050505050505
E00114586,144,31,4,27,113,100,13,21.52777777777778,2.7777777777777777,18.75,78.47222222222221,69.44444444444444,9.027777777777777
E00114587,172,52,17,35,120,110,10,30.23255813953488,9.883720930232558,20.348837209302324,69.76744186046511,63.95348837209303,5.813953488372093
E00114588,178,34,12,22,144,130,14,19.101123595505616,6.741573033707865,12.359550561797752,80.89887640449437,73.03370786516854,7.865168539325842
E00114589,158,30,11,19,128,109,19,18.9873417721519,6.962025316455696,12.025316455696203,81.0126582278481,68.9873417721519,12.025316455696203
E00114591,189,45,7,38,144,125,19,23.809523809523807,3.7037037037037033,20.105820105820104,76.19047619047619,66.13756613756614,10.052910052910052
E00114593,177,40,10,30,137,119,18,22.598870056497177,5.649717514124294,16.94915254237288,77.40112994350282,67.2316384180791,10.16949152542373
E00114594,157,45,15,30,112,99,13,28.662420382165603,9.554140127388536,19.10828025477707,71.3375796178344,63.05732484076433,8.280254777070063
E00114597,174,46,18,28,128,112,16,26.436781609195403,10.344827586206897,16.091954022988507,73.5632183908046,64.36781609195403,9.195402298850574
E00114598,117,31,11,20,86,78,8,26.495726495726498,9.401709401709402,17.094017094017094,73.50427350427351,66.66666666666666,6.837606837606838
E00114599,197,52,18,34,145,130,15,26.39593908629442,9.137055837563452,17.258883248730964,73.60406091370558,65.98984771573603,7.614213197969544
E00114600,112,32,17,15,80,74,6,28.57142857142857,15.178571428571427,13.392857142857142,71.42857142857143,66.07142857142857,5.357142857142857
E00114601,163,44,20,24,119,107,12,26.993865030674847,12.269938650306749,14.723926380368098,73.00613496932516,65.6441717791411,7.361963190184049
E00114602,204,49,16,33,155,143,12,24.019607843137255,7.8431372549019605,16.176470588235293,75.98039215686273,70.09803921568627,5.88235294117647
E00114604,171,36,12,24,135,117,18,21.052631578947366,7.017543859649122,14.035087719298245,78.94736842105263,68.42105263157895,10.526315789473683
E00114605,187,44,14,30,143,130,13,23.52941176470588,7.4866310160427805,16.042780748663102,76.47058823529412,69.5187165775401,6.951871657754011
E00114606,187,40,10,30,147,138,9,21.390374331550802,5.347593582887701,16.042780748663102,78.6096256684492,73.79679144385027,4.81283422459893
E00114609,140,39,9,30,101,96,5,27.857142857142858,6.428571428571428,21.428571428571427,72.14285714285714,68.57142857142857,3.571428571428571
E00114610,159,39,10,29,120,107,13,24.528301886792452,6.289308176100629,18.238993710691823,75.47169811320755,67.29559748427673,8.176100628930817
E00114611,143,31,11,20,112,99,13,21.678321678321677,7.6923076923076925,13.986013986013987,78.32167832167832,69.23076923076923,9.090909090909092
E00114616,105,30,13,17,75,64,11,28.57142857142857,12.380952380952381,16.19047619047619,71.42857142857143,60.952380952380956,10.476190476190476
E00114617,118,22,11,11,96,83,13,18.64406779661017,9.322033898305085,9.322033898305085,81.35593220338984,70.33898305084746,11.016949152542372
E00114620,174,44,10,34,130,110,20,25.287356321839084,5.747126436781609,19.54022988505747,74.71264367816092,63.2183908045977,11.494252873563218
E00114621,131,29,11,18,102,80,22,22.137404580152673,8.396946564885496,13.740458015267176,77.86259541984732,61.06870229007634,16.793893129770993
E00114622,49,14,5,9,35,28,7,28.57142857142857,10.204081632653061,18.367346938775512,71.42857142857143,57.14285714285714,14.285714285714285
E00114623,120,37,17,20,83,61,22,30.833333333333336,14.166666666666666,16.666666666666664,69.16666666666667,50.83333333333333,18.333333333333332
E00114625,187,57,23,34,130,100,30,30.481283422459892,12.299465240641712,18.181818181818183,69.5187165775401,53.475935828877006,16.042780748663102
E00114626,151,47,16,31,104,84,20,31.125827814569533,10.596026490066226,20.52980132450331,68.87417218543047,55.62913907284768,13.245033112582782
E00114627,143,35,15,20,108,83,25,24.475524475524477,10.48951048951049,13.986013986013987,75.52447552447552,58.04195804195804,17.482517482517483
E00114628,76,27,15,12,49,34,15,35.526315789473685,19.736842105263158,15.789473684210526,64.47368421052632,44.73684210526316,19.736842105263158
E00114629,133,28,8,20,105,89,16,21.052631578947366,6.015037593984962,15.037593984962406,78.94736842105263,66.9172932330827,12.030075187969924
E00114630,139,35,16,19,104,94,10,25.179856115107913,11.510791366906476,13.66906474820144,74.82014388489209,67.62589928057554,7.1942446043165464
E00114631,136,43,16,27,93,85,8,31.61764705882353,11.76470588235294,19.852941176470587,68.38235294117648,62.5,5.88235294117647
E00114632,124,37,15,22,87,77,10,29.838709677419356,12.096774193548388,17.741935483870968,70.16129032258065,62.096774193548384,8.064516129032258
E00114633,172,49,18,31,123,108,15,28.488372093023255,10.465116279069768,18.023255813953487,71.51162790697676,62.7906976744186,8.720930232558139
E00114634,164,50,22,28,114,94,20,30.48780487804878,13.414634146341465,17.073170731707318,69.51219512195121,57.3170731707317,12.195121951219512
E00114635,178,44,12,32,134,122,12,24.719101123595504,6.741573033707865,17.97752808988764,75.28089887640449,68.53932584269663,6.741573033707865
E00114636,178,55,18,37,123,112,11,30.89887640449438,10.112359550561797,20.786516853932586,69.10112359550563,62.92134831460674,6.179775280898876
E00114637,114,38,10,28,76,62,14,33.33333333333333,8.771929824561402,24.561403508771928,66.66666666666666,54.385964912280706,12.280701754385964
E00114638,119,45,12,33,74,63,11,37.81512605042017,10.084033613445378,27.73109243697479,62.18487394957983,52.94117647058824,9.243697478991598
E00114639,132,32,11,21,100,88,12,24.242424242424242,8.333333333333332,15.909090909090908,75.75757575757575,66.66666666666666,9.090909090909092
E00114640,121,40,13,27,81,70,11,33.057851239669425,10.743801652892563,22.31404958677686,66.94214876033058,57.85123966942148,9.090909090909092
E00114641,130,37,10,27,93,82,11,28.46153846153846,7.6923076923076925,20.76923076923077,71.53846153846153,63.07692307692307,8.461538461538462
E00114642,167,42,15,27,125,115,10,25.149700598802394,8.982035928143713,16.16766467065868,74.8502994011976,68.8622754491018,5.9880239520958085
E00114643,104,28,11,17,76,66,10,26.923076923076923,10.576923076923077,16.346153846153847,73.07692307692307,63.46153846153846,9.615384615384617
E00114644,140,47,14,33,93,80,13,33.57142857142857,10,23.57142857142857,66.42857142857143,57.14285714285714,9.285714285714286
E00114645,153,52,16,36,101,95,6,33.98692810457516,10.457516339869281,23.52941176470588,66.01307189542483,62.091503267973856,3.9215686274509802
E00114646,103,31,9,22,72,57,15,30.097087378640776,8.737864077669903,21.35922330097087,69.90291262135922,55.33980582524271,14.563106796116504
E00114647,180,30,11,19,150,118,32,16.666666666666664,6.111111111111111,10.555555555555555,83.33333333333334,65.55555555555556,17.77777777777778
E00114648,148,34,13,21,114,100,14,22.972972972972975,8.783783783783784,14.18918918918919,77.02702702702703,67.56756756756756,9.45945945945946
E00114649,172,59,19,40,113,99,14,34.30232558139535,11.046511627906977,23.25581395348837,65.69767441860465,57.55813953488372,8.13953488372093
E00114650,175,56,20,36,119,105,14,32,11.428571428571429,20.57142857142857,68,60,8
E00114651,148,41,18,23,107,97,10,27.7027027027027,12.162162162162163,15.54054054054054,72.2972972972973,65.54054054054053,6.756756756756757
E00114652,131,25,11,14,106,90,16,19.083969465648856,8.396946564885496,10.687022900763358,80.91603053435115,68.70229007633588,12.213740458015266
E00114653,147,36,10,26,111,102,9,24.489795918367346,6.802721088435375,17.687074829931973,75.51020408163265,69.38775510204081,6.122448979591836
E00114654,78,18,6,12,60,53,7,23.076923076923077,7.6923076923076925,15.384615384615385,76.92307692307693,67.94871794871796,8.974358974358974
E00114655,134,40,13,27,94,76,18,29.850746268656714,9.701492537313433,20.149253731343283,70.1492537313433,56.71641791044776,13.432835820895523
E00114656,231,54,16,38,177,163,14,23.376623376623375,6.926406926406926,16.450216450216452,76.62337662337663,70.56277056277057,6.0606060606060606
E00114657,121,30,9,21,91,84,7,24.793388429752067,7.43801652892562,17.355371900826448,75.20661157024794,69.42148760330579,5.785123966942149
E00114658,166,38,11,27,128,114,14,22.89156626506024,6.626506024096386,16.265060240963855,77.10843373493977,68.67469879518072,8.433734939759036
E00114659,121,27,13,14,94,83,11,22.31404958677686,10.743801652892563,11.570247933884298,77.68595041322314,68.59504132231406,9.090909090909092
E00114660,140,24,7,17,116,104,12,17.142857142857142,5,12.142857142857142,82.85714285714286,74.28571428571429,8.571428571428571
E00114661,135,33,11,22,102,84,18,24.444444444444443,8.148148148148149,16.296296296296298,75.55555555555556,62.22222222222222,13.333333333333334
E00114662,142,38,11,27,104,88,16,26.76056338028169,7.746478873239436,19.014084507042252,73.23943661971832,61.97183098591549,11.267605633802818
E00114663,174,43,18,25,131,106,25,24.71264367816092,10.344827586206897,14.367816091954023,75.28735632183908,60.91954022988506,14.367816091954023
E00114665,169,57,21,36,112,98,14,33.72781065088758,12.42603550295858,21.301775147928996,66.27218934911244,57.98816568047337,8.284023668639055
E00114666,56,16,5,11,40,34,6,28.57142857142857,8.928571428571429,19.642857142857142,71.42857142857143,60.71428571428571,10.714285714285714
E00114667,174,50,20,30,124,103,21,28.735632183908045,11.494252873563218,17.24137931034483,71.26436781609196,59.195402298850574,12.068965517241379
E00114668,165,31,5,26,134,116,18,18.787878787878785,3.0303030303030303,15.757575757575756,81.21212121212122,70.3030303030303,10.909090909090908
E00114669,121,23,10,13,98,88,10,19.00826446280992,8.264462809917356,10.743801652892563,80.99173553719008,72.72727272727273,8.264462809917356
E00114670,187,47,19,28,140,121,19,25.13368983957219,10.16042780748663,14.973262032085561,74.8663101604278,64.70588235294117,10.16042780748663
E00114671,127,29,10,19,98,89,9,22.83464566929134,7.874015748031496,14.960629921259844,77.16535433070865,70.07874015748031,7.086614173228346
E00114672,168,46,19,27,122,108,14,27.380952380952383,11.30952380952381,16.071428571428573,72.61904761904762,64.28571428571429,8.333333333333332
E00114673,178,39,13,26,139,125,14,21.910112359550563,7.303370786516854,14.606741573033707,78.08988764044943,70.2247191011236,7.865168539325842
E00114674,136,38,14,24,98,78,20,27.941176470588236,10.294117647058822,17.647058823529413,72.05882352941177,57.35294117647059,14.705882352941178
E00114675,172,41,16,25,131,112,19,23.837209302325583,9.30232558139535,14.534883720930234,76.16279069767442,65.11627906976744,11.046511627906977
E00114676,138,41,15,26,97,78,19,29.71014492753623,10.869565217391305,18.84057971014493,70.28985507246377,56.52173913043478,13.768115942028986
E00114677,145,38,11,27,107,95,12,26.20689655172414,7.586206896551724,18.620689655172416,73.79310344827587,65.51724137931035,8.275862068965518
E00114678,163,52,13,39,111,91,20,31.901840490797547,7.975460122699387,23.92638036809816,68.09815950920245,55.828220858895705,12.269938650306749
E00114679,145,27,13,14,118,98,20,18.620689655172416,8.96551724137931,9.655172413793103,81.37931034482759,67.58620689655173,13.793103448275861
E00114680,152,32,11,21,120,107,13,21.052631578947366,7.236842105263158,13.815789473684212,78.94736842105263,70.39473684210526,8.552631578947368
E00114681,164,42,11,31,122,108,14,25.609756097560975,6.707317073170732,18.902439024390244,74.39024390243902,65.85365853658537,8.536585365853659
E00114682,146,43,14,29,103,88,15,29.45205479452055,9.58904109589041,19.863013698630137,70.54794520547945,60.273972602739725,10.273972602739725
E00114683,168,41,13,28,127,104,23,24.404761904761905,7.738095238095238,16.666666666666664,75.59523809523809,61.904761904761905,13.690476190476192
E00114684,114,26,5,21,88,75,13,22.807017543859647,4.385964912280701,18.421052631578945,77.19298245614034,65.78947368421053,11.403508771929824
E00114685,158,38,20,18,120,104,16,24.050632911392405,12.658227848101266,11.39240506329114,75.9493670886076,65.82278481012658,10.126582278481013
E00114686,174,53,22,31,121,101,20,30.45977011494253,12.643678160919542,17.81609195402299,69.54022988505747,58.04597701149425,11.494252873563218
E00114687,163,39,10,29,124,103,21,23.92638036809816,6.134969325153374,17.791411042944784,76.07361963190185,63.190184049079754,12.883435582822086
E00114688,146,38,17,21,108,92,16,26.027397260273972,11.643835616438356,14.383561643835616,73.97260273972603,63.013698630136986,10.95890410958904
E00114689,147,32,11,21,115,102,13,21.768707482993197,7.482993197278912,14.285714285714285,78.2312925170068,69.38775510204081,8.843537414965986
E00114690,167,34,10,24,133,115,18,20.359281437125748,5.9880239520958085,14.37125748502994,79.64071856287424,68.8622754491018,10.778443113772456
E00114691,197,57,16,41,140,121,19,28.934010152284262,8.121827411167512,20.812182741116754,71.06598984771574,61.42131979695431,9.644670050761421
E00114692,150,39,13,26,111,101,10,26,8.666666666666668,17.333333333333336,74,67.33333333333333,6.666666666666667
E00114693,161,37,13,24,124,109,15,22.981366459627328,8.074534161490684,14.906832298136646,77.01863354037268,67.70186335403726,9.316770186335404
E00114694,128,45,18,27,83,57,26,35.15625,14.0625,21.09375,64.84375,44.53125,20.3125
E00114695,161,46,22,24,115,76,39,28.57142857142857,13.664596273291925,14.906832298136646,71.42857142857143,47.20496894409938,24.22360248447205
E00114696,111,44,15,29,67,59,8,39.63963963963964,13.513513513513514,26.126126126126124,60.36036036036037,53.153153153153156,7.207207207207207
E00114697,130,45,20,25,85,61,24,34.61538461538461,15.384615384615385,19.230769230769234,65.38461538461539,46.92307692307692,18.461538461538463
E00114698,143,53,17,36,90,57,33,37.06293706293706,11.888111888111888,25.174825174825177,62.93706293706294,39.86013986013986,23.076923076923077
E00114699,114,33,13,20,81,65,16,28.947368421052634,11.403508771929824,17.543859649122805,71.05263157894737,57.01754385964912,14.035087719298245
E00114700,165,53,20,33,112,72,40,32.121212121212125,12.121212121212121,20,67.87878787878789,43.63636363636363,24.242424242424242
E00114701,98,34,13,21,64,58,6,34.69387755102041,13.26530612244898,21.428571428571427,65.3061224489796,59.183673469387756,6.122448979591836
E00114702,129,40,17,23,89,61,28,31.007751937984494,13.178294573643413,17.829457364341085,68.9922480620155,47.286821705426355,21.705426356589147
E00114703,70,17,4,13,53,33,20,24.285714285714285,5.714285714285714,18.571428571428573,75.71428571428571,47.14285714285714,28.57142857142857
E00114704,81,24,13,11,57,42,15,29.629629629629626,16.049382716049383,13.580246913580247,70.37037037037037,51.85185185185185,18.51851851851852
E00114705,150,49,28,21,101,68,33,32.666666666666664,18.666666666666668,14.000000000000002,67.33333333333333,45.33333333333333,22
E00114706,225,60,23,37,165,117,48,26.666666666666668,10.222222222222223,16.444444444444446,73.33333333333333,52,21.333333333333336
E00114707,154,43,19,24,111,91,20,27.92207792207792,12.337662337662337,15.584415584415584,72.07792207792207,59.09090909090909,12.987012987012985
E00114709,143,50,12,38,93,82,11,34.96503496503497,8.391608391608392,26.573426573426573,65.03496503496503,57.34265734265735,7.6923076923076925
E00114710,153,47,23,24,106,89,17,30.718954248366014,15.032679738562091,15.686274509803921,69.28104575163398,58.16993464052288,11.11111111111111
E00114711,148,41,17,24,107,94,13,27.7027027027027,11.486486486486488,16.216216216216218,72.2972972972973,63.51351351351351,8.783783783783784
E00114712,126,32,12,20,94,78,16,25.396825396825395,9.523809523809524,15.873015873015872,74.60317460317461,61.904761904761905,12.698412698412698
E00114713,197,49,22,27,148,119,29,24.873096446700508,11.16751269035533,13.705583756345177,75.1269035532995,60.40609137055838,14.720812182741117
E00114714,86,17,0,17,69,58,11,19.767441860465116,0,19.767441860465116,80.23255813953489,67.44186046511628,12.790697674418606
E00114715,106,31,7,24,75,65,10,29.245283018867923,6.60377358490566,22.641509433962266,70.75471698113208,61.32075471698113,9.433962264150944
E00114716,166,45,12,33,121,98,23,27.10843373493976,7.228915662650602,19.879518072289155,72.89156626506023,59.036144578313255,13.855421686746988
E00114717,135,33,11,22,102,87,15,24.444444444444443,8.148148148148149,16.296296296296298,75.55555555555556,64.44444444444444,11.11111111111111
E00114718,127,43,15,28,84,78,6,33.85826771653544,11.811023622047244,22.04724409448819,66.14173228346458,61.417322834645674,4.724409448818897
E00114720,107,32,14,18,75,56,19,29.906542056074763,13.084112149532709,16.822429906542055,70.09345794392523,52.336448598130836,17.75700934579439
E00114721,196,55,24,31,141,125,16,28.061224489795915,12.244897959183673,15.816326530612246,71.93877551020408,63.775510204081634,8.16326530612245
E00114722,163,51,22,29,112,96,16,31.28834355828221,13.496932515337424,17.791411042944784,68.71165644171779,58.895705521472394,9.815950920245399
E00114723,165,44,10,34,121,108,13,26.666666666666668,6.0606060606060606,20.606060606060606,73.33333333333333,65.45454545454545,7.878787878787878
E00114724,152,43,13,30,109,95,14,28.289473684210524,8.552631578947368,19.736842105263158,71.71052631578947,62.5,9.210526315789473
E00114725,177,51,18,33,126,111,15,28.8135593220339,10.16949152542373,18.64406779661017,71.1864406779661,62.71186440677966,8.47457627118644
E00114726,180,57,21,36,123,109,14,31.666666666666664,11.666666666666666,20,68.33333333333333,60.55555555555555,7.777777777777778
E00114727,133,41,3,38,92,83,9,30.82706766917293,2.2556390977443606,28.57142857142857,69.17293233082707,62.40601503759399,6.7669172932330826
E00114728,109,18,6,12,91,79,12,16.51376146788991,5.5045871559633035,11.009174311926607,83.4862385321101,72.47706422018348,11.009174311926607
E00114729,170,48,17,31,122,113,9,28.235294117647058,10,18.235294117647058,71.76470588235294,66.47058823529412,5.294117647058823
E00114730,165,51,19,32,114,99,15,30.909090909090907,11.515151515151516,19.393939393939394,69.0909090909091,60,9.090909090909092
E00114731,137,40,12,28,97,86,11,29.1970802919708,8.75912408759124,20.437956204379564,70.8029197080292,62.77372262773723,8.02919708029197
E00114732,103,20,6,14,83,70,13,19.41747572815534,5.825242718446602,13.592233009708737,80.58252427184466,67.96116504854369,12.62135922330097
E00114733,236,54,21,33,182,150,32,22.88135593220339,8.898305084745763,13.983050847457626,77.11864406779661,63.559322033898304,13.559322033898304
E00114734,152,38,13,25,114,92,22,25,8.552631578947368,16.447368421052634,75,60.526315789473685,14.473684210526317
E00114735,145,35,10,25,110,97,13,24.137931034482758,6.896551724137931,17.24137931034483,75.86206896551724,66.89655172413794,8.96551724137931
E00114736,133,39,15,24,94,88,6,29.32330827067669,11.278195488721805,18.045112781954884,70.67669172932331,66.16541353383458,4.511278195488721
E00114737,197,51,18,33,146,121,25,25.888324873096447,9.137055837563452,16.751269035532996,74.11167512690355,61.42131979695431,12.690355329949238
E00114738,189,53,19,34,136,120,16,28.04232804232804,10.052910052910052,17.989417989417987,71.95767195767195,63.49206349206349,8.465608465608465
E00114739,153,31,7,24,122,112,10,20.26143790849673,4.57516339869281,15.686274509803921,79.73856209150327,73.20261437908496,6.535947712418301
E00114740,169,37,15,22,132,112,20,21.893491124260358,8.875739644970414,13.017751479289942,78.10650887573965,66.27218934911244,11.834319526627219
E00114741,155,40,18,22,115,109,6,25.806451612903224,11.612903225806452,14.193548387096774,74.19354838709677,70.3225806451613,3.870967741935484
E00114742,149,45,17,28,104,95,9,30.201342281879196,11.409395973154362,18.79194630872483,69.79865771812081,63.758389261744966,6.0402684563758395
E00114743,139,43,16,27,96,90,6,30.935251798561154,11.510791366906476,19.424460431654676,69.06474820143885,64.74820143884892,4.316546762589928
E00114744,162,28,10,18,134,121,13,17.28395061728395,6.172839506172839,11.11111111111111,82.71604938271605,74.69135802469135,8.024691358024691
E00167833,229,48,15,33,181,157,24,20.96069868995633,6.550218340611353,14.41048034934498,79.03930131004367,68.5589519650655,10.480349344978166
E00167834,200,31,10,21,169,144,25,15.5,5,10.5,84.5,72,12.5
E00167835,163,35,11,24,128,106,22,21.472392638036812,6.748466257668712,14.723926380368098,78.52760736196319,65.03067484662577,13.496932515337424
E00167836,232,40,16,24,192,165,27,17.24137931034483,6.896551724137931,10.344827586206897,82.75862068965517,71.12068965517241,11.637931034482758
E00167837,228,49,16,33,179,162,17,21.49122807017544,7.017543859649122,14.473684210526317,78.50877192982456,71.05263157894737,7.456140350877193
E00167840,104,24,8,16,80,75,5,23.076923076923077,7.6923076923076925,15.384615384615385,76.92307692307693,72.11538461538461,4.807692307692308
E00167841,151,38,12,26,113,95,18,25.165562913907287,7.9470198675496695,17.218543046357617,74.83443708609272,62.913907284768214,11.920529801324504
E00167842,143,25,10,15,118,101,17,17.482517482517483,6.993006993006993,10.48951048951049,82.51748251748252,70.62937062937063,11.888111888111888
E00167843,192,31,8,23,161,131,30,16.145833333333336,4.166666666666666,11.979166666666668,83.85416666666666,68.22916666666666,15.625
E00167844,171,34,8,26,137,113,24,19.883040935672515,4.678362573099415,15.204678362573098,80.11695906432749,66.08187134502924,14.035087719298245
E00167845,313,61,19,42,252,228,24,19.488817891373802,6.070287539936102,13.418530351437699,80.5111821086262,72.84345047923323,7.667731629392971
E00167847,141,33,16,17,108,104,4,23.404255319148938,11.347517730496454,12.056737588652481,76.59574468085107,73.75886524822694,2.8368794326241136
E00167848,165,33,8,25,132,116,16,20,4.848484848484849,15.151515151515152,80,70.3030303030303,9.696969696969697
E00167849,173,46,18,28,127,108,19,26.589595375722542,10.404624277456648,16.184971098265898,73.41040462427746,62.42774566473989,10.982658959537572
E00167850,275,42,16,26,233,210,23,15.272727272727273,5.818181818181818,9.454545454545455,84.72727272727273,76.36363636363637,8.363636363636363
E00167851,196,45,13,32,151,133,18,22.95918367346939,6.63265306122449,16.3265306122449,77.04081632653062,67.85714285714286,9.183673469387756
E00167852,133,29,7,22,104,94,10,21.804511278195488,5.263157894736842,16.541353383458645,78.19548872180451,70.67669172932331,7.518796992481203
E00167854,93,21,7,14,72,64,8,22.58064516129032,7.526881720430108,15.053763440860216,77.41935483870968,68.81720430107528,8.60215053763441
E00167856,147,16,6,10,131,123,8,10.884353741496598,4.081632653061225,6.802721088435375,89.1156462585034,83.6734693877551,5.442176870748299
E00167857,294,44,15,29,250,229,21,14.965986394557824,5.1020408163265305,9.863945578231291,85.03401360544217,77.89115646258503,7.142857142857142
E00167858,117,14,7,7,103,95,8,11.965811965811966,5.982905982905983,5.982905982905983,88.03418803418803,81.19658119658119,6.837606837606838
E00167859,130,16,2,14,114,106,8,12.307692307692308,1.5384615384615385,10.76923076923077,87.6923076923077,81.53846153846153,6.153846153846154
E00167860,195,32,12,20,163,146,17,16.41025641025641,6.153846153846154,10.256410256410255,83.58974358974359,74.87179487179488,8.717948717948717
E00167861,128,26,11,15,102,85,17,20.3125,8.59375,11.71875,79.6875,66.40625,13.28125
E00167862,119,25,13,12,94,85,9,21.008403361344538,10.92436974789916,10.084033613445378,78.99159663865547,71.42857142857143,7.563025210084033
E00167863,123,17,7,10,106,86,20,13.821138211382115,5.691056910569105,8.130081300813007,86.1788617886179,69.91869918699187,16.260162601626014
E00167864,179,41,22,19,138,121,17,22.905027932960895,12.290502793296088,10.614525139664805,77.09497206703911,67.59776536312849,9.497206703910614
E00167865,155,39,11,28,116,94,22,25.161290322580644,7.096774193548387,18.064516129032256,74.83870967741936,60.64516129032258,14.193548387096774
E00167866,241,53,14,39,188,169,19,21.991701244813278,5.809128630705394,16.182572614107883,78.00829875518673,70.12448132780082,7.883817427385892
E00167867,144,32,12,20,112,90,22,22.22222222222222,8.333333333333332,13.88888888888889,77.77777777777779,62.5,15.277777777777779
E00167868,208,42,14,28,166,150,16,20.192307692307693,6.730769230769231,13.461538461538462,79.8076923076923,72.11538461538461,7.6923076923076925
E00167869,191,32,10,22,159,129,30,16.75392670157068,5.2356020942408374,11.518324607329843,83.24607329842932,67.5392670157068,15.706806282722512
E00167870,184,54,20,34,130,112,18,29.347826086956523,10.869565217391305,18.478260869565215,70.65217391304348,60.86956521739131,9.782608695652174
E00167871,166,43,16,27,123,104,19,25.903614457831324,9.63855421686747,16.265060240963855,74.09638554216868,62.65060240963856,11.44578313253012
E00167872,144,38,13,25,106,90,16,26.38888888888889,9.027777777777777,17.36111111111111,73.61111111111111,62.5,11.11111111111111
E00167873,172,37,12,25,135,116,19,21.511627906976745,6.976744186046512,14.534883720930234,78.48837209302324,67.44186046511628,11.046511627906977
E00167874,196,33,7,26,163,143,20,16.83673469387755,3.571428571428571,13.26530612244898,83.16326530612244,72.95918367346938,10.204081632653061
E00167875,151,30,10,20,121,103,18,19.867549668874172,6.622516556291391,13.245033112582782,80.13245033112582,68.21192052980133,11.920529801324504
E00167876,191,60,24,36,131,114,17,31.413612565445025,12.56544502617801,18.848167539267017,68.58638743455498,59.68586387434554,8.900523560209423
E00167877,180,34,11,23,146,129,17,18.88888888888889,6.111111111111111,12.777777777777777,81.11111111111111,71.66666666666667,9.444444444444445
E00167878,172,31,8,23,141,119,22,18.023255813953487,4.651162790697675,13.372093023255813,81.97674418604652,69.18604651162791,12.790697674418606
E00167879,193,41,13,28,152,137,15,21.243523316062177,6.7357512953367875,14.507772020725387,78.75647668393782,70.98445595854922,7.772020725388601
E00167880,134,40,20,20,94,81,13,29.850746268656714,14.925373134328357,14.925373134328357,70.1492537313433,60.447761194029844,9.701492537313433
E00167882,148,41,21,20,107,64,43,27.7027027027027,14.18918918918919,13.513513513513514,72.2972972972973,43.24324324324324,29.054054054054053
E00167883,188,43,20,23,145,111,34,22.872340425531913,10.638297872340425,12.23404255319149,77.12765957446808,59.04255319148937,18.085106382978726
E00167884,130,43,17,26,87,76,11,33.07692307692307,13.076923076923078,20,66.92307692307692,58.46153846153847,8.461538461538462
E00167885,171,35,15,20,136,106,30,20.46783625730994,8.771929824561402,11.695906432748536,79.53216374269006,61.98830409356725,17.543859649122805
E00167887,201,49,16,33,152,127,25,24.378109452736318,7.960199004975125,16.417910447761194,75.62189054726367,63.18407960199005,12.437810945273633
E00167888,169,43,13,30,126,100,26,25.443786982248522,7.6923076923076925,17.75147928994083,74.55621301775149,59.171597633136095,15.384615384615385
E00167889,238,66,22,44,172,151,21,27.73109243697479,9.243697478991598,18.487394957983195,72.26890756302521,63.4453781512605,8.823529411764707
E00167890,59,16,4,12,43,42,1,27.11864406779661,6.779661016949152,20.33898305084746,72.88135593220339,71.1864406779661,1.694915254237288
E00167892,164,31,12,19,133,119,14,18.902439024390244,7.317073170731707,11.585365853658537,81.09756097560977,72.5609756097561,8.536585365853659
E00167893,358,71,29,42,287,232,55,19.832402234636874,8.100558659217876,11.731843575418994,80.16759776536313,64.80446927374301,15.363128491620111
E00167894,244,45,12,33,199,169,30,18.442622950819672,4.918032786885246,13.524590163934427,81.55737704918032,69.26229508196722,12.295081967213115
E00167895,142,30,17,13,112,84,28,21.12676056338028,11.971830985915492,9.15492957746479,78.87323943661971,59.154929577464785,19.718309859154928
E00167896,116,24,14,10,92,81,11,20.689655172413794,12.068965517241379,8.620689655172415,79.3103448275862,69.82758620689656,9.482758620689655
E00167897,171,26,7,19,145,115,30,15.204678362573098,4.093567251461988,11.11111111111111,84.7953216374269,67.2514619883041,17.543859649122805
E00167898,307,85,28,57,222,197,25,27.68729641693811,9.120521172638437,18.566775244299674,72.31270358306189,64.16938110749186,8.143322475570033
E00167899,231,48,18,30,183,146,37,20.77922077922078,7.792207792207792,12.987012987012985,79.22077922077922,63.20346320346321,16.017316017316016
E00167900,196,47,12,35,149,129,20,23.97959183673469,6.122448979591836,17.857142857142858,76.0204081632653,65.81632653061224,10.204081632653061
E00167901,138,33,10,23,105,88,17,23.91304347826087,7.246376811594203,16.666666666666664,76.08695652173914,63.76811594202898,12.318840579710146
E00167902,223,54,20,34,169,142,27,24.2152466367713,8.968609865470851,15.246636771300448,75.7847533632287,63.67713004484305,12.10762331838565
E00167903,182,35,15,20,147,132,15,19.230769230769234,8.241758241758241,10.989010989010989,80.76923076923077,72.52747252747253,8.241758241758241
E00167905,257,66,25,41,191,149,42,25.680933852140075,9.72762645914397,15.953307392996107,74.31906614785993,57.97665369649806,16.342412451361866
E00184828,177,53,16,37,124,109,15,29.943502824858758,9.03954802259887,20.903954802259886,70.05649717514125,61.5819209039548,8.47457627118644
E00184829,368,62,21,41,306,270,36,16.847826086956523,5.706521739130435,11.141304347826086,83.15217391304348,73.36956521739131,9.782608695652174
E00184830,273,70,24,46,203,181,22,25.64102564102564,8.791208791208792,16.84981684981685,74.35897435897436,66.30036630036629,8.058608058608058
E00184833,267,69,28,41,198,179,19,25.842696629213485,10.486891385767791,15.355805243445692,74.15730337078652,67.04119850187266,7.116104868913857
E00184842,91,28,10,18,63,49,14,30.76923076923077,10.989010989010989,19.78021978021978,69.23076923076923,53.84615384615385,15.384615384615385
E00184843,89,22,6,16,67,55,12,24.719101123595504,6.741573033707865,17.97752808988764,75.28089887640449,61.79775280898876,13.48314606741573
E00184844,134,17,6,11,117,106,11,12.686567164179104,4.477611940298507,8.208955223880597,87.31343283582089,79.1044776119403,8.208955223880597
E00184846,340,64,15,49,276,226,50,18.823529411764707,4.411764705882353,14.411764705882351,81.17647058823529,66.47058823529412,14.705882352941178
E00184853,245,42,10,32,203,186,17,17.142857142857142,4.081632653061225,13.061224489795919,82.85714285714286,75.91836734693878,6.938775510204081
E00184854,143,43,11,32,100,89,11,30.069930069930066,7.6923076923076925,22.377622377622377,69.93006993006993,62.23776223776224,7.6923076923076925
E00184855,292,59,20,39,233,207,26,20.205479452054796,6.8493150684931505,13.356164383561644,79.7945205479452,70.8904109589041,8.904109589041095
E00184859,95,31,13,18,64,45,19,32.631578947368425,13.684210526315791,18.947368421052634,67.36842105263158,47.368421052631575,20
E00184861,67,11,0,11,56,46,10,16.417910447761194,0,16.417910447761194,83.5820895522388,68.65671641791045,14.925373134328357
E00184862,194,63,29,34,131,94,37,32.47422680412371,14.948453608247423,17.525773195876287,67.5257731958763,48.45360824742268,19.072164948453608
E00184867,170,37,13,24,133,109,24,21.764705882352942,7.647058823529412,14.117647058823529,78.23529411764706,64.11764705882354,14.117647058823529
E00184868,280,67,22,45,213,189,24,23.92857142857143,7.857142857142857,16.071428571428573,76.07142857142857,67.5,8.571428571428571
E00184870,220,46,9,37,174,150,24,20.909090909090907,4.090909090909091,16.818181818181817,79.0909090909091,68.18181818181817,10.909090909090908
E00184872,63,18,8,10,45,40,5,28.57142857142857,12.698412698412698,15.873015873015872,71.42857142857143,63.49206349206349,7.936507936507936
E00184875,67,21,5,16,46,46,0,31.343283582089555,7.462686567164178,23.88059701492537,68.65671641791045,68.65671641791045,0
E00184882,134,27,6,21,107,99,8,20.149253731343283,4.477611940298507,15.671641791044777,79.8507462686567,73.88059701492537,5.970149253731343
E00184883,300,89,39,50,211,164,47,29.666666666666668,13,16.666666666666664,70.33333333333334,54.666666666666664,15.666666666666668
E00184885,159,27,7,20,132,115,17,16.9811320754717,4.40251572327044,12.578616352201259,83.01886792452831,72.32704402515722,10.69182389937107
E00184886,78,16,8,8,62,48,14,20.51282051282051,10.256410256410255,10.256410256410255,79.48717948717949,61.53846153846154,17.94871794871795
E00184888,195,26,9,17,169,157,12,13.333333333333334,4.615384615384616,8.717948717948717,86.66666666666667,80.51282051282051,6.153846153846154
E00184891,132,13,4,9,119,109,10,9.848484848484848,3.0303030303030303,6.8181818181818175,90.15151515151516,82.57575757575758,7.575757575757576
E00184893,67,19,6,13,48,43,5,28.35820895522388,8.955223880597014,19.402985074626866,71.64179104477611,64.17910447761194,7.462686567164178
E00184894,273,13,7,6,260,231,29,4.761904761904762,2.564102564102564,2.197802197802198,95.23809523809523,84.61538461538461,10.622710622710622
E00184895,146,35,5,30,111,96,15,23.972602739726025,3.4246575342465753,20.54794520547945,76.02739726027397,65.75342465753424,10.273972602739725
E00184896,65,17,9,8,48,41,7,26.153846153846157,13.846153846153847,12.307692307692308,73.84615384615385,63.07692307692307,10.76923076923077
E00184897,92,24,8,16,68,51,17,26.08695652173913,8.695652173913043,17.391304347826086,73.91304347826086,55.434782608695656,18.478260869565215
E00184904,292,56,22,34,236,206,30,19.17808219178082,7.534246575342466,11.643835616438356,80.82191780821918,70.54794520547945,10.273972602739725
E00184905,147,40,17,23,107,76,31,27.2108843537415,11.564625850340136,15.646258503401361,72.78911564625851,51.70068027210885,21.08843537414966
E00184910,133,18,6,12,115,97,18,13.533834586466165,4.511278195488721,9.022556390977442,86.46616541353383,72.93233082706767,13.533834586466165
E00184911,129,21,9,12,108,99,9,16.27906976744186,6.976744186046512,9.30232558139535,83.72093023255815,76.74418604651163,6.976744186046512
E00184913,195,39,9,30,156,130,26,20,4.615384615384616,15.384615384615385,80,66.66666666666666,13.333333333333334
E00184914,232,41,14,27,191,149,42,17.67241379310345,6.0344827586206895,11.637931034482758,82.32758620689656,64.22413793103449,18.103448275862068
E00184916,136,20,6,14,116,105,11,14.705882352941178,4.411764705882353,10.294117647058822,85.29411764705883,77.20588235294117,8.088235294117647
E00184918,257,42,17,25,215,200,15,16.342412451361866,6.614785992217899,9.72762645914397,83.65758754863813,77.82101167315176,5.836575875486381
E00184922,191,27,10,17,164,145,19,14.136125654450263,5.2356020942408374,8.900523560209423,85.86387434554975,75.91623036649214,9.947643979057592
E00184924,66,13,4,9,53,46,7,19.696969696969695,6.0606060606060606,13.636363636363635,80.3030303030303,69.6969696969697,10.606060606060606
E00184929,186,37,11,26,149,130,19,19.892473118279568,5.913978494623656,13.978494623655912,80.10752688172043,69.89247311827957,10.21505376344086
E00184930,220,23,8,15,197,173,24,10.454545454545453,3.6363636363636362,6.8181818181818175,89.54545454545455,78.63636363636364,10.909090909090908
E00184938,220,41,21,20,179,157,22,18.636363636363637,9.545454545454547,9.090909090909092,81.36363636363636,71.36363636363636,10
E00184939,156,19,8,11,137,119,18,12.179487179487179,5.128205128205128,7.051282051282051,87.82051282051282,76.28205128205127,11.538461538461538
E00184941,253,43,13,30,210,181,29,16.99604743083004,5.138339920948617,11.857707509881422,83.00395256916995,71.54150197628458,11.462450592885375
E00184942,138,17,8,9,121,108,13,12.318840579710146,5.797101449275362,6.521739130434782,87.68115942028986,78.26086956521739,9.420289855072465
E00184943,202,46,16,30,156,137,19,22.772277227722775,7.920792079207921,14.85148514851485,77.22772277227723,67.82178217821783,9.405940594059405
E00184945,243,37,13,24,206,194,12,15.22633744855967,5.349794238683128,9.876543209876543,84.77366255144034,79.83539094650206,4.938271604938271
E00184948,218,30,12,18,188,168,20,13.761467889908257,5.5045871559633035,8.256880733944955,86.23853211009175,77.06422018348624,9.174311926605505
E00184949,235,49,21,28,186,159,27,20.851063829787233,8.936170212765958,11.914893617021278,79.14893617021276,67.65957446808511,11.48936170212766
E00184960,285,57,22,35,228,194,34,20,7.719298245614035,12.280701754385964,80,68.0701754385965,11.929824561403509
E00184966,168,30,11,19,138,126,12,17.857142857142858,6.547619047619048,11.30952380952381,82.14285714285714,75,7.142857142857142
E00184975,261,84,27,57,177,153,24,32.18390804597701,10.344827586206897,21.839080459770116,67.81609195402298,58.620689655172406,9.195402298850574
E00184977,128,18,7,11,110,96,14,14.0625,5.46875,8.59375,85.9375,75,10.9375
E00184981,170,26,8,18,144,132,12,15.294117647058824,4.705882352941177,10.588235294117647,84.70588235294117,77.64705882352942,7.0588235294117645
E00184982,284,65,19,46,219,196,23,22.887323943661972,6.690140845070422,16.19718309859155,77.11267605633803,69.01408450704226,8.098591549295776
E00184983,326,40,10,30,286,253,33,12.269938650306749,3.067484662576687,9.202453987730062,87.73006134969326,77.60736196319019,10.122699386503067
E00184990,70,18,8,10,52,44,8,25.71428571428571,11.428571428571429,14.285714285714285,74.28571428571429,62.857142857142854,11.428571428571429
E00184993,49,10,7,3,39,38,1,20.408163265306122,14.285714285714285,6.122448979591836,79.59183673469387,77.55102040816327,2.0408163265306123
E00184994,194,37,9,28,157,135,22,19.072164948453608,4.639175257731959,14.432989690721648,80.9278350515464,69.58762886597938,11.34020618556701
E00185000,155,28,6,22,127,118,9,18.064516129032256,3.870967741935484,14.193548387096774,81.93548387096774,76.12903225806451,5.806451612903226
E00185002,143,10,10,0,133,125,8,6.993006993006993,6.993006993006993,0,93.00699300699301,87.41258741258741,5.594405594405594
E00185003,100,25,13,12,75,65,10,25,13,12,75,65,10
E00185005,129,24,5,19,105,91,14,18.6046511627907,3.875968992248062,14.728682170542637,81.3953488372093,70.54263565891473,10.852713178294573
E00185006,322,48,15,33,274,244,30,14.906832298136646,4.658385093167702,10.248447204968944,85.09316770186336,75.77639751552795,9.316770186335404
E00185010,133,26,15,11,107,97,10,19.548872180451127,11.278195488721805,8.270676691729323,80.45112781954887,72.93233082706767,7.518796992481203
E00185019,222,51,13,38,171,138,33,22.972972972972975,5.8558558558558556,17.117117117117118,77.02702702702703,62.16216216216216,14.864864864864865
E00185020,186,19,6,13,167,151,16,10.21505376344086,3.225806451612903,6.989247311827956,89.78494623655914,81.18279569892472,8.60215053763441
E00185021,182,38,14,24,144,121,23,20.87912087912088,7.6923076923076925,13.186813186813188,79.12087912087912,66.48351648351648,12.637362637362637
