OA,ts0590001,ts0590002,ts0590003,ts0590004,ts0590005,ts0590006,ts0590007,ts0590002_PCT,ts0590003_PCT,ts0590004_PCT,ts0590005_PCT,ts0590006_PCT,ts0590007_PCT
E00065167,168,45,19,26,123,88,35,26.785714285714285,11.30952380952381,15.476190476190476,73.21428571428571,52.38095238095239,20.833333333333336
E00065168,156,89,52,37,67,47,20,57.05128205128205,33.33333333333333,23.717948717948715,42.94871794871795,30.128205128205128,12.82051282051282
E00065169,101,29,8,21,72,52,20,28.71287128712871,7.920792079207921,20.792079207920793,71.28712871287128,51.48514851485149,19.801980198019802
E00065170,168,37,15,22,131,107,24,22.023809523809522,8.928571428571429,13.095238095238097,77.97619047619048,63.69047619047619,14.285714285714285
E00065171,139,58,24,34,81,63,18,41.726618705035975,17.26618705035971,24.46043165467626,58.27338129496403,45.32374100719424,12.949640287769784
E00065172,167,56,21,35,111,85,26,33.532934131736525,12.574850299401197,20.958083832335326,66.46706586826348,50.898203592814376,15.568862275449103
E00065173,149,48,8,40,101,75,26,32.21476510067114,5.369127516778524,26.845637583892618,67.78523489932886,50.33557046979866,17.449664429530202
E00065174,107,26,13,13,81,57,24,24.299065420560748,12.149532710280374,12.149532710280374,75.70093457943925,53.271028037383175,22.429906542056074
E00065175,93,30,9,21,63,48,15,32.25806451612903,9.67741935483871,22.58064516129032,67.74193548387096,51.61290322580645,16.129032258064516
E00065176,62,21,7,14,41,37,4,33.87096774193548,11.29032258064516,22.58064516129032,66.12903225806451,59.67741935483871,6.451612903225806
E00065177,124,38,14,24,86,75,11,30.64516129032258,11.29032258064516,19.35483870967742,69.35483870967742,60.483870967741936,8.870967741935484
E00065178,123,37,15,22,86,69,17,30.081300813008134,12.195121951219512,17.88617886178862,69.91869918699187,56.09756097560976,13.821138211382115
E00065179,173,52,17,35,121,105,16,30.057803468208093,9.826589595375722,20.23121387283237,69.94219653179191,60.69364161849711,9.248554913294797
E00065180,199,53,11,42,146,105,41,26.633165829145728,5.527638190954774,21.105527638190953,73.36683417085426,52.76381909547738,20.603015075376884
E00065182,124,33,8,25,91,80,11,26.61290322580645,6.451612903225806,20.161290322580644,73.38709677419355,64.51612903225806,8.870967741935484
E00065183,193,57,22,35,136,110,26,29.533678756476682,11.398963730569948,18.134715025906736,70.46632124352331,56.994818652849744,13.471502590673575
E00065184,119,32,5,27,87,68,19,26.89075630252101,4.201680672268908,22.689075630252102,73.10924369747899,57.14285714285714,15.966386554621847
E00065185,153,49,16,33,104,83,21,32.02614379084967,10.457516339869281,21.568627450980394,67.97385620915033,54.248366013071895,13.725490196078432
E00065186,132,40,16,24,92,79,13,30.303030303030305,12.121212121212121,18.181818181818183,69.6969696969697,59.84848484848485,9.848484848484848
E00065187,124,47,15,32,77,70,7,37.903225806451616,12.096774193548388,25.806451612903224,62.096774193548384,56.451612903225815,5.64516129032258
E00065188,189,60,16,44,129,110,19,31.746031746031743,8.465608465608465,23.28042328042328,68.25396825396825,58.201058201058196,10.052910052910052
E00065189,139,35,9,26,104,74,30,25.179856115107913,6.474820143884892,18.705035971223023,74.82014388489209,53.23741007194245,21.58273381294964
E00065190,176,58,23,35,118,90,28,32.95454545454545,13.068181818181818,19.886363636363637,67.04545454545455,51.13636363636363,15.909090909090908
E00065191,67,21,10,11,46,31,15,31.343283582089555,14.925373134328357,16.417910447761194,68.65671641791045,46.26865671641791,22.388059701492537
E00065192,133,44,20,24,89,63,26,33.08270676691729,15.037593984962406,18.045112781954884,66.9172932330827,47.368421052631575,19.548872180451127
E00065193,94,32,15,17,62,48,14,34.04255319148936,15.957446808510639,18.085106382978726,65.95744680851064,51.06382978723404,14.893617021276595
E00065194,198,57,28,29,141,114,27,28.78787878787879,14.14141414141414,14.646464646464647,71.21212121212122,57.57575757575758,13.636363636363635
E00065195,134,45,13,32,89,64,25,33.582089552238806,9.701492537313433,23.88059701492537,66.4179104477612,47.76119402985074,18.65671641791045
E00065196,207,53,20,33,154,122,32,25.60386473429952,9.66183574879227,15.942028985507244,74.39613526570048,58.93719806763285,15.458937198067632
E00065197,218,60,16,44,158,122,36,27.522935779816514,7.339449541284404,20.18348623853211,72.47706422018348,55.96330275229357,16.51376146788991
E00065198,172,50,18,32,122,92,30,29.069767441860467,10.465116279069768,18.6046511627907,70.93023255813954,53.48837209302325,17.441860465116278
E00065200,157,49,18,31,108,85,23,31.210191082802545,11.464968152866243,19.745222929936308,68.78980891719745,54.14012738853503,14.64968152866242
E00065201,138,55,17,38,83,75,8,39.85507246376812,12.318840579710146,27.536231884057973,60.14492753623188,54.347826086956516,5.797101449275362
E00065202,108,38,8,30,70,64,6,35.18518518518518,7.4074074074074066,27.77777777777778,64.81481481481481,59.25925925925925,5.555555555555555
E00065203,93,26,7,19,67,56,11,27.956989247311824,7.526881720430108,20.43010752688172,72.04301075268818,60.215053763440864,11.827956989247312
E00065204,134,34,10,24,100,83,17,25.37313432835821,7.462686567164178,17.91044776119403,74.6268656716418,61.940298507462686,12.686567164179104
E00065205,128,33,10,23,95,84,11,25.78125,7.8125,17.96875,74.21875,65.625,8.59375
E00065206,130,45,13,32,85,66,19,34.61538461538461,10,24.615384615384617,65.38461538461539,50.76923076923077,14.615384615384617
E00065207,149,41,12,29,108,94,14,27.516778523489933,8.053691275167784,19.463087248322147,72.48322147651007,63.08724832214765,9.395973154362416
E00065208,141,47,24,23,94,76,18,33.33333333333333,17.02127659574468,16.312056737588655,66.66666666666666,53.90070921985816,12.76595744680851
E00065209,117,47,28,19,70,54,16,40.17094017094017,23.931623931623932,16.23931623931624,59.82905982905983,46.15384615384615,13.675213675213676
E00065210,118,35,12,23,83,66,17,29.66101694915254,10.16949152542373,19.491525423728813,70.33898305084746,55.932203389830505,14.40677966101695
E00065211,170,64,23,41,106,81,25,37.64705882352941,13.529411764705882,24.11764705882353,62.35294117647059,47.647058823529406,14.705882352941178
E00065212,76,24,8,16,52,40,12,31.57894736842105,10.526315789473683,21.052631578947366,68.42105263157895,52.63157894736842,15.789473684210526
E00065213,133,55,25,30,78,66,12,41.35338345864661,18.796992481203006,22.55639097744361,58.64661654135338,49.62406015037594,9.022556390977442
E00065214,52,21,5,16,31,23,8,40.38461538461539,9.615384615384617,30.76923076923077,59.61538461538461,44.230769230769226,15.384615384615385
E00065215,100,42,22,20,58,46,12,42,22,20,57.99999999999999,46,12
E00065216,126,48,14,34,78,61,17,38.095238095238095,11.11111111111111,26.984126984126984,61.904761904761905,48.41269841269841,13.492063492063492
E00065217,116,50,17,33,66,58,8,43.103448275862064,14.655172413793101,28.448275862068968,56.896551724137936,50,6.896551724137931
E00065218,98,38,12,26,60,52,8,38.775510204081634,12.244897959183673,26.53061224489796,61.224489795918366,53.06122448979592,8.16326530612245
E00065219,102,42,15,27,60,54,6,41.17647058823529,14.705882352941178,26.47058823529412,58.82352941176471,52.94117647058824,5.88235294117647
E00065220,111,45,12,33,66,58,8,40.54054054054054,10.81081081081081,29.72972972972973,59.45945945945946,52.25225225225225,7.207207207207207
E00065221,98,44,12,32,54,48,6,44.89795918367347,12.244897959183673,32.6530612244898,55.10204081632652,48.97959183673469,6.122448979591836
E00065222,40,10,2,8,30,25,5,25,5,20,75,62.5,12.5
E00065224,99,30,8,22,69,49,20,30.303030303030305,8.080808080808081,22.22222222222222,69.6969696969697,49.494949494949495,20.2020202020202
E00065225,81,18,8,10,63,50,13,22.22222222222222,9.876543209876543,12.345679012345679,77.77777777777779,61.72839506172839,16.049382716049383
E00065226,65,22,8,14,43,35,8,33.84615384615385,12.307692307692308,21.53846153846154,66.15384615384615,53.84615384615385,12.307692307692308
E00065227,100,37,13,24,63,49,14,37,13,24,63,49,14.000000000000002
E00065228,152,47,17,30,105,90,15,30.92105263157895,11.18421052631579,19.736842105263158,69.07894736842105,59.210526315789465,9.868421052631579
E00065229,119,39,13,26,80,70,10,32.773109243697476,10.92436974789916,21.84873949579832,67.22689075630252,58.82352941176471,8.403361344537815
E00065230,90,39,11,28,51,41,10,43.333333333333336,12.222222222222221,31.11111111111111,56.666666666666664,45.55555555555556,11.11111111111111
E00065231,120,34,5,29,86,75,11,28.333333333333332,4.166666666666666,24.166666666666668,71.66666666666667,62.5,9.166666666666666
E00065232,83,30,12,18,53,48,5,36.144578313253014,14.457831325301203,21.686746987951807,63.85542168674698,57.831325301204814,6.024096385542169
E00065233,143,63,11,52,80,68,12,44.05594405594406,7.6923076923076925,36.36363636363637,55.94405594405595,47.55244755244755,8.391608391608392
E00065234,181,60,19,41,121,105,16,33.14917127071823,10.497237569060774,22.65193370165746,66.85082872928176,58.011049723756905,8.83977900552486
E00065235,187,63,21,42,124,105,19,33.68983957219251,11.229946524064172,22.459893048128343,66.31016042780749,56.14973262032086,10.16042780748663
E00065236,104,35,6,29,69,57,12,33.65384615384615,5.769230769230769,27.884615384615387,66.34615384615384,54.807692307692314,11.538461538461538
E00065237,103,39,7,32,64,54,10,37.86407766990291,6.796116504854369,31.06796116504854,62.13592233009708,52.42718446601942,9.70873786407767
E00065238,104,45,14,31,59,47,12,43.269230769230774,13.461538461538462,29.807692307692307,56.730769230769226,45.19230769230769,11.538461538461538
E00065239,61,24,7,17,37,34,3,39.34426229508197,11.475409836065573,27.86885245901639,60.65573770491803,55.73770491803278,4.918032786885246
E00065240,141,55,22,33,86,75,11,39.00709219858156,15.602836879432624,23.404255319148938,60.99290780141844,53.191489361702125,7.801418439716312
E00065241,99,36,7,29,63,49,14,36.36363636363637,7.07070707070707,29.292929292929294,63.63636363636363,49.494949494949495,14.14141414141414
E00065242,153,36,8,28,117,99,18,23.52941176470588,5.228758169934641,18.30065359477124,76.47058823529412,64.70588235294117,11.76470588235294
E00065243,82,19,8,11,63,63,0,23.170731707317074,9.75609756097561,13.414634146341465,76.82926829268293,76.82926829268293,0
E00065244,128,50,11,39,78,66,12,39.0625,8.59375,30.46875,60.9375,51.5625,9.375
E00065245,55,15,5,10,40,30,10,27.27272727272727,9.090909090909092,18.181818181818183,72.72727272727273,54.54545454545454,18.181818181818183
E00065246,100,38,13,25,62,52,10,38,13,25,62,52,10
E00065247,52,17,1,16,35,32,3,32.69230769230769,1.9230769230769231,30.76923076923077,67.3076923076923,61.53846153846154,5.769230769230769
E00065248,68,16,7,9,52,45,7,23.52941176470588,10.294117647058822,13.23529411764706,76.47058823529412,66.17647058823529,10.294117647058822
E00065249,52,24,10,14,28,21,7,46.15384615384615,19.230769230769234,26.923076923076923,53.84615384615385,40.38461538461539,13.461538461538462
E00065250,108,41,17,24,67,62,5,37.96296296296296,15.74074074074074,22.22222222222222,62.03703703703704,57.407407407407405,4.62962962962963
E00065251,106,37,11,26,69,52,17,34.90566037735849,10.377358490566039,24.528301886792452,65.09433962264151,49.056603773584904,16.037735849056602
E00065252,68,23,9,14,45,37,8,33.82352941176471,13.23529411764706,20.588235294117645,66.17647058823529,54.41176470588235,11.76470588235294
E00065253,89,30,10,20,59,45,14,33.70786516853933,11.235955056179774,22.47191011235955,66.29213483146067,50.56179775280899,15.730337078651685
E00065254,87,38,11,27,49,40,9,43.67816091954023,12.643678160919542,31.03448275862069,56.32183908045977,45.97701149425287,10.344827586206897
E00065255,126,39,19,20,87,62,25,30.952380952380953,15.079365079365079,15.873015873015872,69.04761904761905,49.2063492063492,19.841269841269842
E00065256,89,36,8,28,53,39,14,40.44943820224719,8.98876404494382,31.46067415730337,59.55056179775281,43.82022471910113,15.730337078651685
E00065257,107,27,8,19,80,66,14,25.233644859813083,7.476635514018691,17.75700934579439,74.76635514018692,61.6822429906542,13.084112149532709
E00065259,140,50,16,34,90,77,13,35.714285714285715,11.428571428571429,24.285714285714285,64.28571428571429,55.00000000000001,9.285714285714286
E00065260,85,46,17,29,39,30,9,54.11764705882353,20,34.11764705882353,45.88235294117647,35.294117647058826,10.588235294117647
E00065262,134,46,18,28,88,74,14,34.32835820895522,13.432835820895523,20.8955223880597,65.67164179104478,55.223880597014926,10.44776119402985
E00065263,94,40,14,26,54,45,9,42.5531914893617,14.893617021276595,27.659574468085108,57.446808510638306,47.87234042553192,9.574468085106384
E00065264,65,25,5,20,40,31,9,38.46153846153847,7.6923076923076925,30.76923076923077,61.53846153846154,47.69230769230769,13.846153846153847
E00065265,65,23,11,12,42,38,4,35.38461538461539,16.923076923076923,18.461538461538463,64.61538461538461,58.46153846153847,6.153846153846154
E00065266,66,26,10,16,40,30,10,39.39393939393939,15.151515151515152,24.242424242424242,60.60606060606061,45.45454545454545,15.151515151515152
E00065267,69,31,10,21,38,29,9,44.927536231884055,14.492753623188406,30.434782608695656,55.072463768115945,42.028985507246375,13.043478260869565
E00065268,42,13,7,6,29,23,6,30.952380952380953,16.666666666666664,14.285714285714285,69.04761904761905,54.761904761904766,14.285714285714285
E00065269,85,30,12,18,55,46,9,35.294117647058826,14.117647058823529,21.176470588235293,64.70588235294117,54.11764705882353,10.588235294117647
E00065271,77,31,8,23,46,36,10,40.25974025974026,10.38961038961039,29.87012987012987,59.74025974025974,46.75324675324675,12.987012987012985
E00065272,60,27,8,19,33,28,5,45,13.333333333333334,31.666666666666664,55.00000000000001,46.666666666666664,8.333333333333332
E00065273,58,24,11,13,34,31,3,41.37931034482759,18.96551724137931,22.413793103448278,58.620689655172406,53.44827586206896,5.172413793103448
E00065274,62,26,9,17,36,33,3,41.935483870967744,14.516129032258066,27.419354838709676,58.06451612903226,53.2258064516129,4.838709677419355
E00065275,49,23,10,13,26,21,5,46.93877551020408,20.408163265306122,26.53061224489796,53.06122448979592,42.857142857142854,10.204081632653061
E00065276,76,21,8,13,55,44,11,27.631578947368425,10.526315789473683,17.105263157894736,72.36842105263158,57.89473684210527,14.473684210526317
E00065277,79,28,7,21,51,44,7,35.44303797468354,8.860759493670885,26.582278481012654,64.55696202531645,55.69620253164557,8.860759493670885
E00065278,75,19,7,12,56,41,15,25.333333333333336,9.333333333333334,16,74.66666666666667,54.666666666666664,20
E00065279,34,12,5,7,22,17,5,35.294117647058826,14.705882352941178,20.588235294117645,64.70588235294117,50,14.705882352941178
E00065280,99,34,9,25,65,58,7,34.34343434343434,9.090909090909092,25.252525252525253,65.65656565656566,58.58585858585859,7.07070707070707
E00065281,54,28,9,19,26,20,6,51.85185185185185,16.666666666666664,35.18518518518518,48.148148148148145,37.03703703703704,11.11111111111111
E00065282,172,56,16,40,116,99,17,32.55813953488372,9.30232558139535,23.25581395348837,67.44186046511628,57.55813953488372,9.883720930232558
E00065283,39,12,2,10,27,21,6,30.76923076923077,5.128205128205128,25.64102564102564,69.23076923076923,53.84615384615385,15.384615384615385
E00065284,82,33,12,21,49,37,12,40.243902439024396,14.634146341463413,25.609756097560975,59.756097560975604,45.1219512195122,14.634146341463413
E00065285,56,19,3,16,37,29,8,33.92857142857143,5.357142857142857,28.57142857142857,66.07142857142857,51.78571428571429,14.285714285714285
E00065286,87,33,10,23,54,46,8,37.93103448275862,11.494252873563218,26.436781609195403,62.06896551724138,52.87356321839081,9.195402298850574
E00065287,62,21,7,14,41,36,5,33.87096774193548,11.29032258064516,22.58064516129032,66.12903225806451,58.06451612903226,8.064516129032258
E00065288,49,20,4,16,29,26,3,40.816326530612244,8.16326530612245,32.6530612244898,59.183673469387756,53.06122448979592,6.122448979591836
E00065289,57,19,6,13,38,35,3,33.33333333333333,10.526315789473683,22.807017543859647,66.66666666666666,61.40350877192983,5.263157894736842
E00065290,58,20,6,14,38,33,5,34.48275862068966,10.344827586206897,24.137931034482758,65.51724137931035,56.896551724137936,8.620689655172415
E00065291,60,20,10,10,40,28,12,33.33333333333333,16.666666666666664,16.666666666666664,66.66666666666666,46.666666666666664,20
E00065292,42,10,3,7,32,30,2,23.809523809523807,7.142857142857142,16.666666666666664,76.19047619047619,71.42857142857143,4.761904761904762
E00065293,63,19,4,15,44,34,10,30.158730158730158,6.349206349206349,23.809523809523807,69.84126984126983,53.96825396825397,15.873015873015872
E00065294,135,49,21,28,86,76,10,36.2962962962963,15.555555555555555,20.74074074074074,63.70370370370371,56.2962962962963,7.4074074074074066
E00065295,50,17,4,13,33,29,4,34,8,26,66,57.99999999999999,8
E00065296,107,43,20,23,64,49,15,40.18691588785047,18.69158878504673,21.49532710280374,59.813084112149525,45.794392523364486,14.018691588785046
E00065297,137,55,15,40,82,71,11,40.14598540145985,10.948905109489052,29.1970802919708,59.854014598540154,51.82481751824818,8.02919708029197
E00065298,130,42,11,31,88,77,11,32.30769230769231,8.461538461538462,23.846153846153847,67.6923076923077,59.23076923076923,8.461538461538462
E00065299,128,57,19,38,71,58,13,44.53125,14.84375,29.6875,55.46875,45.3125,10.15625
E00065300,117,48,23,25,69,51,18,41.02564102564102,19.65811965811966,21.367521367521366,58.97435897435898,43.58974358974359,15.384615384615385
E00065301,55,25,4,21,30,24,6,45.45454545454545,7.2727272727272725,38.18181818181819,54.54545454545454,43.63636363636363,10.909090909090908
E00065302,115,54,12,42,61,53,8,46.95652173913044,10.434782608695652,36.52173913043478,53.04347826086957,46.08695652173913,6.956521739130435
E00065303,75,31,10,21,44,33,11,41.333333333333336,13.333333333333334,28.000000000000004,58.666666666666664,44,14.666666666666666
E00065304,106,44,22,22,62,46,16,41.509433962264154,20.754716981132077,20.754716981132077,58.490566037735846,43.39622641509434,15.09433962264151
E00065305,73,34,13,21,39,34,5,46.57534246575342,17.80821917808219,28.767123287671232,53.42465753424658,46.57534246575342,6.8493150684931505
E00065306,75,24,8,16,51,45,6,32,10.666666666666668,21.333333333333336,68,60,8
E00065307,115,47,15,32,68,53,15,40.869565217391305,13.043478260869565,27.82608695652174,59.130434782608695,46.08695652173913,13.043478260869565
E00065308,149,49,15,34,100,82,18,32.88590604026846,10.06711409395973,22.818791946308725,67.11409395973155,55.033557046979865,12.080536912751679
E00065309,138,51,20,31,87,71,16,36.95652173913043,14.492753623188406,22.463768115942027,63.04347826086957,51.449275362318836,11.594202898550725
E00065310,98,43,9,34,55,48,7,43.87755102040816,9.183673469387756,34.69387755102041,56.12244897959183,48.97959183673469,7.142857142857142
E00065311,124,33,9,24,91,81,10,26.61290322580645,7.258064516129033,19.35483870967742,73.38709677419355,65.32258064516128,8.064516129032258
E00065312,95,35,10,25,60,48,12,36.84210526315789,10.526315789473683,26.31578947368421,63.1578947368421,50.526315789473685,12.631578947368421
E00065313,76,27,7,20,49,40,9,35.526315789473685,9.210526315789473,26.31578947368421,64.47368421052632,52.63157894736842,11.842105263157894
E00065314,91,41,15,26,50,41,9,45.05494505494506,16.483516483516482,28.57142857142857,54.94505494505495,45.05494505494506,9.89010989010989
E00065315,87,34,11,23,53,46,7,39.08045977011494,12.643678160919542,26.436781609195403,60.91954022988506,52.87356321839081,8.045977011494253
E00065316,88,38,11,27,50,41,9,43.18181818181818,12.5,30.681818181818183,56.81818181818182,46.590909090909086,10.227272727272728
E00065317,125,44,13,31,81,67,14,35.199999999999996,10.4,24.8,64.8,53.6,11.200000000000001
E00065318,67,29,11,18,38,29,9,43.28358208955223,16.417910447761194,26.865671641791046,56.71641791044776,43.28358208955223,13.432835820895523
E00065319,90,30,11,19,60,50,10,33.33333333333333,12.222222222222221,21.11111111111111,66.66666666666666,55.55555555555556,11.11111111111111
E00065320,79,26,12,14,53,41,12,32.91139240506329,15.18987341772152,17.72151898734177,67.08860759493672,51.89873417721519,15.18987341772152
E00065321,86,29,16,13,57,46,11,33.72093023255814,18.6046511627907,15.11627906976744,66.27906976744185,53.48837209302325,12.790697674418606
E00065322,61,17,4,13,44,36,8,27.86885245901639,6.557377049180328,21.311475409836063,72.1311475409836,59.01639344262295,13.114754098360656
E00065323,67,30,13,17,37,29,8,44.776119402985074,19.402985074626866,25.37313432835821,55.223880597014926,43.28358208955223,11.940298507462686
E00065324,83,29,9,20,54,37,17,34.93975903614458,10.843373493975903,24.096385542168676,65.06024096385542,44.57831325301205,20.481927710843372
E00065325,130,56,15,41,74,59,15,43.07692307692308,11.538461538461538,31.538461538461537,56.92307692307692,45.38461538461539,11.538461538461538
E00065326,125,38,8,30,87,75,12,30.4,6.4,24,69.6,60,9.6
E00065327,135,45,19,26,90,75,15,33.33333333333333,14.074074074074074,19.25925925925926,66.66666666666666,55.55555555555556,11.11111111111111
E00065328,136,45,13,32,91,79,12,33.088235294117645,9.558823529411764,23.52941176470588,66.91176470588235,58.08823529411765,8.823529411764707
E00065329,105,41,13,28,64,44,20,39.04761904761905,12.380952380952381,26.666666666666668,60.952380952380956,41.904761904761905,19.047619047619047
E00065330,136,50,22,28,86,71,15,36.76470588235294,16.176470588235293,20.588235294117645,63.23529411764706,52.20588235294118,11.029411764705882
E00065331,160,69,16,53,91,82,9,43.125,10,33.125,56.875,51.24999999999999,5.625
E00065332,132,49,18,31,83,71,12,37.121212121212125,13.636363636363635,23.484848484848484,62.878787878787875,53.78787878787878,9.090909090909092
E00065333,103,46,17,29,57,42,15,44.66019417475729,16.50485436893204,28.155339805825243,55.33980582524271,40.77669902912621,14.563106796116504
E00065334,152,52,15,37,100,88,12,34.21052631578947,9.868421052631579,24.342105263157894,65.78947368421053,57.89473684210527,7.894736842105263
E00065335,110,45,15,30,65,52,13,40.909090909090914,13.636363636363635,27.27272727272727,59.09090909090909,47.27272727272727,11.818181818181818
E00065336,139,51,17,34,88,74,14,36.69064748201439,12.23021582733813,24.46043165467626,63.30935251798561,53.23741007194245,10.071942446043165
E00065337,96,29,8,21,67,62,5,30.208333333333332,8.333333333333332,21.875,69.79166666666666,64.58333333333334,5.208333333333334
E00065338,114,41,14,27,73,61,12,35.96491228070175,12.280701754385964,23.684210526315788,64.03508771929825,53.50877192982456,10.526315789473683
E00065339,132,44,11,33,88,76,12,33.33333333333333,8.333333333333332,25,66.66666666666666,57.57575757575758,9.090909090909092
E00065340,118,43,9,34,75,62,13,36.440677966101696,7.627118644067797,28.8135593220339,63.559322033898304,52.54237288135594,11.016949152542372
E00065341,100,33,11,22,67,48,19,33,11,22,67,48,19
E00065342,88,32,12,20,56,41,15,36.36363636363637,13.636363636363635,22.727272727272727,63.63636363636363,46.590909090909086,17.045454545454543
E00065343,83,31,6,25,52,42,10,37.34939759036144,7.228915662650602,30.120481927710845,62.65060240963856,50.602409638554214,12.048192771084338
E00065344,131,37,11,26,94,77,17,28.24427480916031,8.396946564885496,19.84732824427481,71.7557251908397,58.778625954198475,12.977099236641221
E00065345,33,12,2,10,21,19,2,36.36363636363637,6.0606060606060606,30.303030303030305,63.63636363636363,57.57575757575758,6.0606060606060606
E00065346,168,57,18,39,111,95,16,33.92857142857143,10.714285714285714,23.214285714285715,66.07142857142857,56.547619047619044,9.523809523809524
E00065347,119,49,22,27,70,54,16,41.17647058823529,18.487394957983195,22.689075630252102,58.82352941176471,45.378151260504204,13.445378151260504
E00065348,129,40,17,23,89,78,11,31.007751937984494,13.178294573643413,17.829457364341085,68.9922480620155,60.46511627906976,8.527131782945736
E00065349,76,21,9,12,55,45,10,27.631578947368425,11.842105263157894,15.789473684210526,72.36842105263158,59.210526315789465,13.157894736842104
E00065350,157,54,12,42,103,87,16,34.394904458598724,7.643312101910828,26.751592356687897,65.60509554140127,55.4140127388535,10.191082802547772
E00065351,111,31,13,18,80,68,12,27.927927927927925,11.711711711711711,16.216216216216218,72.07207207207207,61.261261261261254,10.81081081081081
E00065352,108,45,13,32,63,53,10,41.66666666666667,12.037037037037036,29.629629629629626,58.333333333333336,49.074074074074076,9.25925925925926
E00065353,246,71,20,51,175,151,24,28.86178861788618,8.130081300813007,20.73170731707317,71.13821138211382,61.382113821138205,9.75609756097561
E00065354,111,35,13,22,76,61,15,31.53153153153153,11.711711711711711,19.81981981981982,68.46846846846847,54.95495495495496,13.513513513513514
E00065355,135,40,13,27,95,86,9,29.629629629629626,9.62962962962963,20,70.37037037037037,63.70370370370371,6.666666666666667
E00065356,94,22,14,8,72,61,11,23.404255319148938,14.893617021276595,8.51063829787234,76.59574468085107,64.8936170212766,11.702127659574469
E00065357,95,29,9,20,66,52,14,30.526315789473685,9.473684210526317,21.052631578947366,69.47368421052632,54.736842105263165,14.736842105263156
E00065358,77,23,6,17,54,45,9,29.87012987012987,7.792207792207792,22.07792207792208,70.12987012987013,58.44155844155844,11.688311688311687
E00065359,108,29,10,19,79,72,7,26.851851851851855,9.25925925925926,17.59259259259259,73.14814814814815,66.66666666666666,6.481481481481481
E00065361,154,51,19,32,103,89,14,33.116883116883116,12.337662337662337,20.77922077922078,66.88311688311688,57.7922077922078,9.090909090909092
E00065362,93,32,14,18,61,55,6,34.40860215053764,15.053763440860216,19.35483870967742,65.59139784946237,59.13978494623656,6.451612903225806
E00065363,92,24,7,17,68,63,5,26.08695652173913,7.608695652173914,18.478260869565215,73.91304347826086,68.47826086956522,5.434782608695652
E00065364,137,39,6,33,98,82,16,28.467153284671532,4.37956204379562,24.087591240875913,71.53284671532847,59.854014598540154,11.678832116788321
E00065365,121,29,11,18,92,78,14,23.96694214876033,9.090909090909092,14.87603305785124,76.03305785123968,64.46280991735537,11.570247933884298
E00065366,242,74,17,57,168,133,35,30.57851239669421,7.024793388429752,23.553719008264462,69.42148760330579,54.958677685950406,14.46280991735537
E00065367,146,45,18,27,101,90,11,30.82191780821918,12.32876712328767,18.493150684931507,69.17808219178082,61.64383561643836,7.534246575342466
E00065368,123,36,7,29,87,75,12,29.268292682926827,5.691056910569105,23.577235772357724,70.73170731707317,60.97560975609756,9.75609756097561
E00065369,182,63,23,40,119,104,15,34.61538461538461,12.637362637362637,21.978021978021978,65.38461538461539,57.14285714285714,8.241758241758241
E00065371,135,41,16,25,94,79,15,30.37037037037037,11.851851851851853,18.51851851851852,69.62962962962963,58.51851851851851,11.11111111111111
E00065372,96,41,16,25,55,46,9,42.70833333333333,16.666666666666664,26.041666666666668,57.291666666666664,47.91666666666667,9.375
E00065373,89,28,5,23,61,53,8,31.46067415730337,5.617977528089887,25.842696629213485,68.53932584269663,59.55056179775281,8.98876404494382
E00065374,152,53,11,42,99,81,18,34.868421052631575,7.236842105263158,27.631578947368425,65.13157894736842,53.289473684210535,11.842105263157894
E00065375,80,27,10,17,53,42,11,33.75,12.5,21.25,66.25,52.5,13.750000000000002
E00065376,80,27,7,20,53,44,9,33.75,8.75,25,66.25,55.00000000000001,11.25
E00065377,88,39,13,26,49,37,12,44.31818181818182,14.772727272727273,29.545454545454547,55.68181818181818,42.04545454545455,13.636363636363635
E00065378,57,15,4,11,42,39,3,26.31578947368421,7.017543859649122,19.298245614035086,73.68421052631578,68.42105263157895,5.263157894736842
E00065379,223,57,14,43,166,144,22,25.56053811659193,6.278026905829597,19.282511210762333,74.43946188340807,64.57399103139014,9.865470852017937
E00065380,154,43,9,34,111,93,18,27.92207792207792,5.844155844155844,22.07792207792208,72.07792207792207,60.3896103896104,11.688311688311687
E00065381,141,32,8,24,109,94,15,22.69503546099291,5.673758865248227,17.02127659574468,77.30496453900709,66.66666666666666,10.638297872340425
E00065382,115,37,7,30,78,74,4,32.17391304347826,6.086956521739131,26.08695652173913,67.82608695652173,64.34782608695652,3.4782608695652173
E00065383,99,36,11,25,63,59,4,36.36363636363637,11.11111111111111,25.252525252525253,63.63636363636363,59.59595959595959,4.040404040404041
E00065384,97,25,8,17,72,64,8,25.773195876288657,8.24742268041237,17.525773195876287,74.22680412371135,65.97938144329896,8.24742268041237
E00065385,143,42,12,30,101,80,21,29.37062937062937,8.391608391608392,20.97902097902098,70.62937062937063,55.94405594405595,14.685314685314685
E00065386,124,36,9,27,88,73,15,29.03225806451613,7.258064516129033,21.774193548387096,70.96774193548387,58.87096774193549,12.096774193548388
E00065387,178,52,14,38,126,107,19,29.213483146067414,7.865168539325842,21.34831460674157,70.78651685393258,60.1123595505618,10.674157303370785
E00065388,95,31,12,19,64,49,15,32.631578947368425,12.631578947368421,20,67.36842105263158,51.578947368421055,15.789473684210526
E00065389,133,32,11,21,101,91,10,24.06015037593985,8.270676691729323,15.789473684210526,75.93984962406014,68.42105263157895,7.518796992481203
E00065390,108,35,11,24,73,57,16,32.407407407407405,10.185185185185185,22.22222222222222,67.5925925925926,52.77777777777778,14.814814814814813
E00065391,135,40,17,23,95,79,16,29.629629629629626,12.592592592592592,17.037037037037038,70.37037037037037,58.51851851851851,11.851851851851853
E00065392,177,66,17,49,111,92,19,37.28813559322034,9.6045197740113,27.683615819209038,62.71186440677966,51.9774011299435,10.734463276836157
E00065393,159,52,10,42,107,93,14,32.70440251572327,6.289308176100629,26.41509433962264,67.29559748427673,58.490566037735846,8.80503144654088
E00065394,107,46,19,27,61,50,11,42.99065420560748,17.75700934579439,25.233644859813083,57.009345794392516,46.728971962616825,10.2803738317757
E00065395,152,53,22,31,99,82,17,34.868421052631575,14.473684210526317,20.394736842105264,65.13157894736842,53.94736842105263,11.18421052631579
E00065396,124,37,11,26,87,69,18,29.838709677419356,8.870967741935484,20.967741935483872,70.16129032258065,55.64516129032258,14.516129032258066
E00065397,173,47,15,32,126,111,15,27.167630057803464,8.670520231213873,18.497109826589593,72.83236994219652,64.16184971098265,8.670520231213873
E00065398,88,27,10,17,61,49,12,30.681818181818183,11.363636363636363,19.318181818181817,69.31818181818183,55.68181818181818,13.636363636363635
E00065399,175,64,15,49,111,96,15,36.57142857142857,8.571428571428571,28.000000000000004,63.42857142857142,54.85714285714286,8.571428571428571
E00065401,60,14,2,12,46,41,5,23.333333333333332,3.3333333333333335,20,76.66666666666667,68.33333333333333,8.333333333333332
E00065402,101,36,13,23,65,50,15,35.64356435643564,12.871287128712872,22.772277227722775,64.35643564356435,49.504950495049506,14.85148514851485
E00065403,77,29,7,22,48,44,4,37.66233766233766,9.090909090909092,28.57142857142857,62.33766233766234,57.14285714285714,5.194805194805195
E00065404,70,20,7,13,50,43,7,28.57142857142857,10,18.571428571428573,71.42857142857143,61.42857142857143,10
E00065405,92,36,9,27,56,42,14,39.130434782608695,9.782608695652174,29.347826086956523,60.86956521739131,45.65217391304348,15.217391304347828
E00065406,152,57,26,31,95,75,20,37.5,17.105263157894736,20.394736842105264,62.5,49.34210526315789,13.157894736842104
E00065407,179,63,29,34,116,100,16,35.19553072625698,16.201117318435752,18.994413407821227,64.80446927374301,55.865921787709496,8.938547486033519
E00065408,143,43,13,30,100,82,18,30.069930069930066,9.090909090909092,20.97902097902098,69.93006993006993,57.34265734265735,12.587412587412588
E00065409,256,73,26,47,183,151,32,28.515625,10.15625,18.359375,71.484375,58.984375,12.5
E00065410,160,56,23,33,104,76,28,35,14.374999999999998,20.625,65,47.5,17.5
E00065411,152,37,12,25,115,101,14,24.342105263157894,7.894736842105263,16.447368421052634,75.6578947368421,66.44736842105263,9.210526315789473
E00065413,93,24,13,11,69,61,8,25.806451612903224,13.978494623655912,11.827956989247312,74.19354838709677,65.59139784946237,8.60215053763441
E00065414,133,43,12,31,90,77,13,32.33082706766917,9.022556390977442,23.308270676691727,67.66917293233082,57.89473684210527,9.774436090225564
E00065415,102,31,12,19,71,54,17,30.392156862745097,11.76470588235294,18.627450980392158,69.6078431372549,52.94117647058824,16.666666666666664
E00065416,160,47,14,33,113,98,15,29.375,8.75,20.625,70.625,61.25000000000001,9.375
E00065417,155,41,10,31,114,95,19,26.451612903225808,6.451612903225806,20,73.54838709677419,61.29032258064516,12.258064516129032
E00065418,124,38,9,29,86,77,9,30.64516129032258,7.258064516129033,23.387096774193548,69.35483870967742,62.096774193548384,7.258064516129033
E00065419,140,36,12,24,104,94,10,25.71428571428571,8.571428571428571,17.142857142857142,74.28571428571429,67.14285714285714,7.142857142857142
E00065421,140,47,11,36,93,76,17,33.57142857142857,7.857142857142857,25.71428571428571,66.42857142857143,54.285714285714285,12.142857142857142
E00065422,158,41,13,28,117,99,18,25.949367088607595,8.227848101265822,17.72151898734177,74.0506329113924,62.65822784810127,11.39240506329114
E00065424,172,44,15,29,128,106,22,25.581395348837212,8.720930232558139,16.86046511627907,74.4186046511628,61.627906976744185,12.790697674418606
E00065425,182,47,18,29,135,120,15,25.82417582417583,9.89010989010989,15.934065934065933,74.17582417582418,65.93406593406593,8.241758241758241
E00065426,158,38,10,28,120,102,18,24.050632911392405,6.329113924050633,17.72151898734177,75.9493670886076,64.55696202531645,11.39240506329114
E00065427,131,32,15,17,99,86,13,24.427480916030532,11.450381679389313,12.977099236641221,75.57251908396947,65.64885496183206,9.923664122137405
E00065428,150,42,12,30,108,96,12,28.000000000000004,8,20,72,64,8
E00065429,149,41,18,23,108,90,18,27.516778523489933,12.080536912751679,15.436241610738255,72.48322147651007,60.40268456375839,12.080536912751679
E00065430,44,12,6,6,32,26,6,27.27272727272727,13.636363636363635,13.636363636363635,72.72727272727273,59.09090909090909,13.636363636363635
E00065431,144,47,18,29,97,68,29,32.63888888888889,12.5,20.13888888888889,67.36111111111111,47.22222222222222,20.13888888888889
E00065432,126,46,22,24,80,61,19,36.507936507936506,17.46031746031746,19.047619047619047,63.49206349206349,48.41269841269841,15.079365079365079
E00065433,171,50,23,27,121,90,31,29.239766081871345,13.450292397660817,15.789473684210526,70.76023391812866,52.63157894736842,18.128654970760234
E00065434,125,42,10,32,83,71,12,33.6,8,25.6,66.4,56.8,9.6
E00065435,105,35,13,22,70,53,17,33.33333333333333,12.380952380952381,20.952380952380953,66.66666666666666,50.476190476190474,16.19047619047619
E00065436,143,40,16,24,103,87,16,27.972027972027973,11.188811188811188,16.783216783216783,72.02797202797203,60.83916083916085,11.188811188811188
E00065437,81,25,12,13,56,41,15,30.864197530864196,14.814814814814813,16.049382716049383,69.1358024691358,50.617283950617285,18.51851851851852
E00065438,94,38,14,24,56,40,16,40.42553191489361,14.893617021276595,25.53191489361702,59.57446808510638,42.5531914893617,17.02127659574468
E00065439,177,54,24,30,123,98,25,30.508474576271187,13.559322033898304,16.94915254237288,69.49152542372882,55.367231638418076,14.124293785310735
E00065440,185,56,21,35,129,101,28,30.270270270270274,11.351351351351353,18.91891891891892,69.72972972972973,54.59459459459459,15.135135135135137
E00065441,145,37,11,26,108,81,27,25.517241379310345,7.586206896551724,17.93103448275862,74.48275862068967,55.86206896551724,18.620689655172416
E00065442,162,39,13,26,123,97,26,24.074074074074073,8.024691358024691,16.049382716049383,75.92592592592592,59.876543209876544,16.049382716049383
E00065443,116,29,8,21,87,72,15,25,6.896551724137931,18.103448275862068,75,62.06896551724138,12.931034482758621
E00065445,110,22,5,17,88,82,6,20,4.545454545454546,15.454545454545453,80,74.54545454545455,5.454545454545454
E00065446,134,48,19,29,86,67,19,35.82089552238806,14.17910447761194,21.641791044776117,64.17910447761194,50,14.17910447761194
E00065447,186,53,23,30,133,103,30,28.49462365591398,12.365591397849462,16.129032258064516,71.50537634408603,55.376344086021504,16.129032258064516
E00065448,147,52,12,40,95,80,15,35.374149659863946,8.16326530612245,27.2108843537415,64.62585034013605,54.421768707483,10.204081632653061
E00065449,131,46,19,27,85,70,15,35.11450381679389,14.50381679389313,20.610687022900763,64.8854961832061,53.43511450381679,11.450381679389313
E00065450,168,50,16,34,118,93,25,29.761904761904763,9.523809523809524,20.238095238095237,70.23809523809523,55.35714285714286,14.880952380952381
E00065451,119,34,11,23,85,73,12,28.57142857142857,9.243697478991598,19.327731092436977,71.42857142857143,61.34453781512605,10.084033613445378
E00065452,125,54,24,30,71,56,15,43.2,19.2,24,56.8,44.800000000000004,12
E00065453,84,29,10,19,55,49,6,34.523809523809526,11.904761904761903,22.61904761904762,65.47619047619048,58.333333333333336,7.142857142857142
E00065454,142,46,12,34,96,87,9,32.3943661971831,8.450704225352112,23.943661971830984,67.6056338028169,61.267605633802816,6.338028169014084
E00065455,105,38,18,20,67,50,17,36.19047619047619,17.142857142857142,19.047619047619047,63.8095238095238,47.61904761904761,16.19047619047619
E00065456,128,35,12,23,93,78,15,27.34375,9.375,17.96875,72.65625,60.9375,11.71875
E00065457,165,51,19,32,114,92,22,30.909090909090907,11.515151515151516,19.393939393939394,69.0909090909091,55.757575757575765,13.333333333333334
E00065458,153,49,9,40,104,89,15,32.02614379084967,5.88235294117647,26.143790849673206,67.97385620915033,58.16993464052288,9.803921568627452
E00065459,146,53,20,33,93,71,22,36.3013698630137,13.698630136986301,22.602739726027394,63.6986301369863,48.63013698630137,15.068493150684931
E00065460,172,44,9,35,128,104,24,25.581395348837212,5.232558139534884,20.348837209302324,74.4186046511628,60.46511627906976,13.953488372093023
E00065461,57,20,8,12,37,33,4,35.08771929824561,14.035087719298245,21.052631578947366,64.91228070175438,57.89473684210527,7.017543859649122
E00065462,106,26,8,18,80,67,13,24.528301886792452,7.547169811320755,16.9811320754717,75.47169811320755,63.20754716981132,12.264150943396226
E00065463,118,43,22,21,75,61,14,36.440677966101696,18.64406779661017,17.796610169491526,63.559322033898304,51.69491525423729,11.864406779661017
E00065464,172,53,15,38,119,91,28,30.813953488372093,8.720930232558139,22.093023255813954,69.18604651162791,52.90697674418605,16.27906976744186
E00065465,151,39,10,29,112,97,15,25.82781456953642,6.622516556291391,19.205298013245034,74.17218543046357,64.23841059602648,9.933774834437086
E00065466,141,38,18,20,103,84,19,26.95035460992908,12.76595744680851,14.184397163120568,73.04964539007092,59.57446808510638,13.47517730496454
E00065467,128,47,21,26,81,64,17,36.71875,16.40625,20.3125,63.28125,50,13.28125
E00065469,102,37,11,26,65,59,6,36.27450980392157,10.784313725490197,25.49019607843137,63.725490196078425,57.84313725490197,5.88235294117647
E00065470,140,39,12,27,101,85,16,27.857142857142858,8.571428571428571,19.28571428571429,72.14285714285714,60.71428571428571,11.428571428571429
E00065471,143,46,13,33,97,81,16,32.16783216783217,9.090909090909092,23.076923076923077,67.83216783216784,56.64335664335665,11.188811188811188
E00065472,99,31,9,22,68,58,10,31.313131313131315,9.090909090909092,22.22222222222222,68.68686868686868,58.58585858585859,10.1010101010101
E00065473,80,18,5,13,62,52,10,22.5,6.25,16.25,77.5,65,12.5
E00065474,273,90,28,62,183,150,33,32.967032967032964,10.256410256410255,22.71062271062271,67.03296703296702,54.94505494505495,12.087912087912088
E00065475,147,56,14,42,91,78,13,38.095238095238095,9.523809523809524,28.57142857142857,61.904761904761905,53.06122448979592,8.843537414965986
E00065476,63,22,8,14,41,34,7,34.92063492063492,12.698412698412698,22.22222222222222,65.07936507936508,53.96825396825397,11.11111111111111
E00065477,151,46,12,34,105,87,18,30.4635761589404,7.9470198675496695,22.516556291390728,69.5364238410596,57.615894039735096,11.920529801324504
E00065478,147,43,19,24,104,83,21,29.25170068027211,12.925170068027212,16.3265306122449,70.74829931972789,56.4625850340136,14.285714285714285
E00065479,128,36,10,26,92,72,20,28.125,7.8125,20.3125,71.875,56.25,15.625
E00065480,64,24,12,12,40,34,6,37.5,18.75,18.75,62.5,53.125,9.375
E00065481,209,59,20,39,150,127,23,28.22966507177033,9.569377990430622,18.660287081339714,71.77033492822966,60.76555023923444,11.004784688995215
E00065482,197,55,20,35,142,117,25,27.918781725888326,10.152284263959391,17.766497461928935,72.08121827411168,59.390862944162436,12.690355329949238
E00065483,165,48,16,32,117,103,14,29.09090909090909,9.696969696969697,19.393939393939394,70.9090909090909,62.42424242424243,8.484848484848486
E00065484,150,49,18,31,101,85,16,32.666666666666664,12,20.666666666666668,67.33333333333333,56.666666666666664,10.666666666666668
E00065485,89,34,10,24,55,42,13,38.20224719101123,11.235955056179774,26.96629213483146,61.79775280898876,47.19101123595505,14.606741573033707
E00065487,119,38,11,27,81,62,19,31.932773109243694,9.243697478991598,22.689075630252102,68.0672268907563,52.10084033613446,15.966386554621847
E00065488,113,44,11,33,69,57,12,38.93805309734513,9.734513274336283,29.20353982300885,61.06194690265486,50.442477876106196,10.619469026548673
E00065489,70,21,0,21,49,41,8,30,0,30,70,58.57142857142858,11.428571428571429
E00065490,116,33,12,21,83,74,9,28.448275862068968,10.344827586206897,18.103448275862068,71.55172413793103,63.793103448275865,7.758620689655173
E00065491,28,11,4,7,17,13,4,39.285714285714285,14.285714285714285,25,60.71428571428571,46.42857142857143,14.285714285714285
E00065492,108,47,11,36,61,51,10,43.51851851851852,10.185185185185185,33.33333333333333,56.481481481481474,47.22222222222222,9.25925925925926
E00065493,116,42,10,32,74,64,10,36.206896551724135,8.620689655172415,27.586206896551722,63.793103448275865,55.172413793103445,8.620689655172415
E00065494,251,70,20,50,181,151,30,27.88844621513944,7.968127490039841,19.9203187250996,72.11155378486056,60.1593625498008,11.952191235059761
E00065495,174,62,26,36,112,86,26,35.63218390804598,14.942528735632186,20.689655172413794,64.36781609195403,49.42528735632184,14.942528735632186
E00065497,83,29,9,20,54,40,14,34.93975903614458,10.843373493975903,24.096385542168676,65.06024096385542,48.19277108433735,16.867469879518072
E00065498,180,47,24,23,133,95,38,26.111111111111114,13.333333333333334,12.777777777777777,73.88888888888889,52.77777777777778,21.11111111111111
E00065499,75,20,7,13,55,38,17,26.666666666666668,9.333333333333334,17.333333333333336,73.33333333333333,50.66666666666667,22.666666666666664
E00065500,100,44,18,26,56,39,17,44,18,26,56.00000000000001,39,17
E00065501,219,71,29,42,148,110,38,32.42009132420091,13.24200913242009,19.17808219178082,67.57990867579909,50.2283105022831,17.35159817351598
E00065502,114,44,15,29,70,50,20,38.59649122807017,13.157894736842104,25.438596491228072,61.40350877192983,43.859649122807014,17.543859649122805
E00065503,101,31,11,20,70,55,15,30.693069306930692,10.891089108910892,19.801980198019802,69.3069306930693,54.45544554455446,14.85148514851485
E00065504,93,20,7,13,73,62,11,21.50537634408602,7.526881720430108,13.978494623655912,78.49462365591397,66.66666666666666,11.827956989247312
E00065505,139,44,19,25,95,58,37,31.654676258992804,13.66906474820144,17.985611510791365,68.34532374100719,41.726618705035975,26.618705035971225
E00065506,244,75,25,50,169,121,48,30.737704918032787,10.245901639344263,20.491803278688526,69.26229508196722,49.59016393442623,19.672131147540984
E00065507,144,42,13,29,102,79,23,29.166666666666668,9.027777777777777,20.13888888888889,70.83333333333334,54.861111111111114,15.972222222222221
E00065508,178,55,19,36,123,94,29,30.89887640449438,10.674157303370785,20.224719101123593,69.10112359550563,52.80898876404494,16.292134831460675
E00065509,95,36,21,15,59,41,18,37.89473684210527,22.105263157894736,15.789473684210526,62.10526315789474,43.15789473684211,18.947368421052634
E00065510,109,29,14,15,80,60,20,26.605504587155966,12.844036697247708,13.761467889908257,73.39449541284404,55.04587155963303,18.34862385321101
E00065511,209,69,19,50,140,90,50,33.014354066985646,9.090909090909092,23.923444976076556,66.98564593301435,43.0622009569378,23.923444976076556
E00065512,161,53,20,33,108,79,29,32.91925465838509,12.422360248447205,20.496894409937887,67.08074534161491,49.06832298136646,18.012422360248447
E00065513,147,38,18,20,109,77,32,25.850340136054424,12.244897959183673,13.60544217687075,74.14965986394559,52.38095238095239,21.768707482993197
E00065514,151,50,14,36,101,65,36,33.11258278145696,9.271523178807946,23.841059602649008,66.88741721854305,43.04635761589404,23.841059602649008
E00065515,159,55,20,35,104,80,24,34.59119496855346,12.578616352201259,22.0125786163522,65.40880503144653,50.314465408805034,15.09433962264151
E00065516,175,56,23,33,119,97,22,32,13.142857142857142,18.857142857142858,68,55.42857142857143,12.571428571428573
E00065517,197,65,23,42,132,103,29,32.99492385786802,11.6751269035533,21.31979695431472,67.00507614213198,52.28426395939086,14.720812182741117
E00065518,134,49,13,36,85,76,9,36.56716417910448,9.701492537313433,26.865671641791046,63.43283582089553,56.71641791044776,6.7164179104477615
E00065519,102,30,12,18,72,59,13,29.411764705882355,11.76470588235294,17.647058823529413,70.58823529411765,57.84313725490197,12.745098039215685
E00065520,115,41,16,25,74,60,14,35.65217391304348,13.91304347826087,21.73913043478261,64.34782608695652,52.17391304347826,12.173913043478262
E00065521,106,35,14,21,71,58,13,33.0188679245283,13.20754716981132,19.81132075471698,66.98113207547169,54.71698113207547,12.264150943396226
E00065522,78,21,11,10,57,38,19,26.923076923076923,14.102564102564102,12.82051282051282,73.07692307692307,48.717948717948715,24.358974358974358
E00065523,164,51,12,39,113,86,27,31.097560975609756,7.317073170731707,23.78048780487805,68.90243902439023,52.4390243902439,16.463414634146343
E00065524,142,44,11,33,98,78,20,30.985915492957744,7.746478873239436,23.239436619718308,69.01408450704226,54.929577464788736,14.084507042253522
E00065525,97,42,13,29,55,46,9,43.29896907216495,13.402061855670103,29.896907216494846,56.70103092783505,47.42268041237113,9.278350515463918
E00065526,70,20,12,8,50,28,22,28.57142857142857,17.142857142857142,11.428571428571429,71.42857142857143,40,31.428571428571427
E00065527,263,86,28,58,177,134,43,32.69961977186312,10.646387832699618,22.0532319391635,67.30038022813687,50.950570342205324,16.34980988593156
E00065528,118,53,20,33,65,58,7,44.91525423728814,16.94915254237288,27.966101694915253,55.08474576271186,49.152542372881356,5.932203389830509
E00065529,119,32,15,17,87,63,24,26.89075630252101,12.605042016806722,14.285714285714285,73.10924369747899,52.94117647058824,20.168067226890756
E00065530,210,55,15,40,155,121,34,26.190476190476193,7.142857142857142,19.047619047619047,73.80952380952381,57.61904761904761,16.19047619047619
E00065531,132,43,18,25,89,73,16,32.57575757575758,13.636363636363635,18.939393939393938,67.42424242424242,55.3030303030303,12.121212121212121
E00065532,100,26,5,21,74,59,15,26,5,21,74,59,15
E00065533,270,72,16,56,198,153,45,26.666666666666668,5.9259259259259265,20.74074074074074,73.33333333333333,56.666666666666664,16.666666666666664
E00065534,99,34,12,22,65,53,12,34.34343434343434,12.121212121212121,22.22222222222222,65.65656565656566,53.535353535353536,12.121212121212121
E00065535,120,39,19,20,81,49,32,32.5,15.833333333333332,16.666666666666664,67.5,40.833333333333336,26.666666666666668
E00065536,177,50,16,34,127,89,38,28.24858757062147,9.03954802259887,19.2090395480226,71.75141242937853,50.282485875706215,21.468926553672315
E00065537,191,49,16,33,142,116,26,25.654450261780106,8.37696335078534,17.277486910994764,74.3455497382199,60.73298429319372,13.612565445026178
E00065538,224,67,28,39,157,128,29,29.910714285714285,12.5,17.410714285714285,70.08928571428571,57.14285714285714,12.946428571428573
E00065539,169,59,16,43,110,88,22,34.9112426035503,9.467455621301776,25.443786982248522,65.08875739644971,52.071005917159766,13.017751479289942
E00065540,127,43,12,31,84,69,15,33.85826771653544,9.448818897637794,24.409448818897637,66.14173228346458,54.330708661417326,11.811023622047244
E00065541,146,49,16,33,97,73,24,33.56164383561644,10.95890410958904,22.602739726027394,66.43835616438356,50,16.43835616438356
E00065542,101,40,16,24,61,41,20,39.603960396039604,15.841584158415841,23.762376237623762,60.396039603960396,40.5940594059406,19.801980198019802
E00065543,91,27,11,16,64,46,18,29.67032967032967,12.087912087912088,17.582417582417584,70.32967032967034,50.54945054945055,19.78021978021978
E00065544,104,29,8,21,75,55,20,27.884615384615387,7.6923076923076925,20.192307692307693,72.11538461538461,52.88461538461539,19.230769230769234
E00065545,158,54,15,39,104,77,27,34.177215189873415,9.49367088607595,24.68354430379747,65.82278481012658,48.734177215189874,17.088607594936708
E00065546,123,31,5,26,92,80,12,25.203252032520325,4.0650406504065035,21.138211382113823,74.79674796747967,65.04065040650406,9.75609756097561
E00065547,327,97,32,65,230,188,42,29.66360856269113,9.785932721712538,19.877675840978593,70.33639143730886,57.49235474006116,12.844036697247708
E00065548,178,29,6,23,149,127,22,16.292134831460675,3.3707865168539324,12.921348314606742,83.70786516853933,71.34831460674157,12.359550561797752
E00065549,206,50,13,37,156,141,15,24.271844660194176,6.310679611650485,17.96116504854369,75.72815533980582,68.44660194174757,7.281553398058252
E00065550,290,95,25,70,195,171,24,32.758620689655174,8.620689655172415,24.137931034482758,67.24137931034483,58.9655172413793,8.275862068965518
E00065551,147,45,13,32,102,89,13,30.612244897959183,8.843537414965986,21.768707482993197,69.38775510204081,60.544217687074834,8.843537414965986
E00065552,186,59,17,42,127,107,20,31.72043010752688,9.13978494623656,22.58064516129032,68.27956989247312,57.52688172043011,10.75268817204301
E00065553,116,34,6,28,82,68,14,29.310344827586203,5.172413793103448,24.137931034482758,70.6896551724138,58.620689655172406,12.068965517241379
E00065554,87,32,9,23,55,45,10,36.7816091954023,10.344827586206897,26.436781609195403,63.2183908045977,51.724137931034484,11.494252873563218
E00065555,335,103,27,76,232,197,35,30.74626865671642,8.059701492537313,22.686567164179106,69.25373134328359,58.805970149253724,10.44776119402985
E00065556,140,40,9,31,100,85,15,28.57142857142857,6.428571428571428,22.142857142857142,71.42857142857143,60.71428571428571,10.714285714285714
E00065557,157,43,9,34,114,96,18,27.388535031847134,5.7324840764331215,21.656050955414013,72.61146496815286,61.146496815286625,11.464968152866243
E00065558,141,48,15,33,93,81,12,34.04255319148936,10.638297872340425,23.404255319148938,65.95744680851064,57.446808510638306,8.51063829787234
E00065559,109,36,11,25,73,60,13,33.02752293577982,10.091743119266056,22.93577981651376,66.97247706422019,55.04587155963303,11.926605504587156
E00065560,111,28,12,16,83,67,16,25.225225225225223,10.81081081081081,14.414414414414415,74.77477477477478,60.36036036036037,14.414414414414415
E00065561,68,18,5,13,50,46,4,26.47058823529412,7.352941176470589,19.11764705882353,73.52941176470588,67.64705882352942,5.88235294117647
E00065562,187,66,20,46,121,102,19,35.294117647058826,10.695187165775401,24.598930481283425,64.70588235294117,54.54545454545454,10.16042780748663
E00065563,166,46,5,41,120,100,20,27.710843373493976,3.0120481927710845,24.69879518072289,72.28915662650603,60.24096385542169,12.048192771084338
E00065564,189,45,11,34,144,129,15,23.809523809523807,5.82010582010582,17.989417989417987,76.19047619047619,68.25396825396825,7.936507936507936
E00065565,163,43,10,33,120,102,18,26.380368098159508,6.134969325153374,20.245398773006134,73.61963190184049,62.57668711656442,11.042944785276074
E00065566,158,60,16,44,98,84,14,37.9746835443038,10.126582278481013,27.848101265822784,62.0253164556962,53.16455696202531,8.860759493670885
E00065567,139,52,13,39,87,73,14,37.410071942446045,9.352517985611511,28.05755395683453,62.589928057553955,52.51798561151079,10.071942446043165
E00065568,155,49,17,32,106,85,21,31.61290322580645,10.967741935483872,20.64516129032258,68.38709677419355,54.83870967741935,13.548387096774196
E00065569,107,36,6,30,71,67,4,33.64485981308411,5.607476635514018,28.037383177570092,66.35514018691589,62.616822429906534,3.7383177570093453
E00065570,77,24,6,18,53,53,0,31.16883116883117,7.792207792207792,23.376623376623375,68.83116883116884,68.83116883116884,0
E00065571,148,41,12,29,107,94,13,27.7027027027027,8.108108108108109,19.594594594594593,72.2972972972973,63.51351351351351,8.783783783783784
E00065572,182,42,9,33,140,118,22,23.076923076923077,4.945054945054945,18.13186813186813,76.92307692307693,64.83516483516483,12.087912087912088
E00065573,131,28,7,21,103,86,17,21.374045801526716,5.343511450381679,16.030534351145036,78.62595419847328,65.64885496183206,12.977099236641221
E00065574,184,38,13,25,146,130,16,20.652173913043477,7.065217391304348,13.586956521739129,79.34782608695652,70.65217391304348,8.695652173913043
E00065575,137,46,13,33,91,68,23,33.57664233576642,9.48905109489051,24.087591240875913,66.42335766423358,49.63503649635037,16.78832116788321
E00065576,149,50,14,36,99,76,23,33.557046979865774,9.395973154362416,24.161073825503358,66.44295302013423,51.006711409395976,15.436241610738255
E00065577,188,51,18,33,137,112,25,27.127659574468083,9.574468085106384,17.5531914893617,72.87234042553192,59.57446808510638,13.297872340425531
E00065578,229,52,14,38,177,142,35,22.707423580786028,6.11353711790393,16.593886462882097,77.29257641921397,62.00873362445415,15.283842794759824
E00065579,83,23,9,14,60,52,8,27.710843373493976,10.843373493975903,16.867469879518072,72.28915662650603,62.65060240963856,9.63855421686747
E00065580,228,55,17,38,173,140,33,24.12280701754386,7.456140350877193,16.666666666666664,75.87719298245614,61.40350877192983,14.473684210526317
E00065581,140,47,10,37,93,84,9,33.57142857142857,7.142857142857142,26.42857142857143,66.42857142857143,60,6.428571428571428
E00065582,244,58,11,47,186,159,27,23.770491803278688,4.508196721311475,19.262295081967213,76.22950819672131,65.1639344262295,11.065573770491802
E00065583,145,45,15,30,100,89,11,31.03448275862069,10.344827586206897,20.689655172413794,68.96551724137932,61.37931034482759,7.586206896551724
E00065584,187,46,16,30,141,117,24,24.598930481283425,8.55614973262032,16.042780748663102,75.40106951871658,62.56684491978609,12.834224598930483
E00065585,190,32,9,23,158,136,22,16.842105263157894,4.736842105263158,12.105263157894736,83.15789473684211,71.57894736842105,11.578947368421053
E00065586,170,37,12,25,133,113,20,21.764705882352942,7.0588235294117645,14.705882352941178,78.23529411764706,66.47058823529412,11.76470588235294
E00065587,63,16,6,10,47,40,7,25.396825396825395,9.523809523809524,15.873015873015872,74.60317460317461,63.49206349206349,11.11111111111111
E00065588,171,43,14,29,128,109,19,25.146198830409354,8.187134502923977,16.95906432748538,74.85380116959064,63.74269005847953,11.11111111111111
E00065589,161,31,9,22,130,114,16,19.25465838509317,5.590062111801243,13.664596273291925,80.74534161490683,70.80745341614907,9.937888198757763
E00065590,207,34,8,26,173,156,17,16.425120772946862,3.864734299516908,12.560386473429952,83.57487922705315,75.36231884057972,8.212560386473431
E00065591,169,40,13,27,129,113,16,23.668639053254438,7.6923076923076925,15.976331360946746,76.33136094674556,66.86390532544378,9.467455621301776
E00065592,142,31,7,24,111,97,14,21.830985915492956,4.929577464788732,16.901408450704224,78.16901408450704,68.30985915492957,9.859154929577464
E00065593,279,78,22,56,201,165,36,27.956989247311824,7.885304659498208,20.07168458781362,72.04301075268818,59.13978494623656,12.903225806451612
E00065594,138,35,10,25,103,81,22,25.36231884057971,7.246376811594203,18.115942028985508,74.63768115942028,58.69565217391305,15.942028985507244
E00065595,201,47,11,36,154,119,35,23.383084577114428,5.472636815920398,17.91044776119403,76.61691542288557,59.20398009950249,17.412935323383085
E00065596,123,42,10,32,81,61,20,34.146341463414636,8.130081300813007,26.01626016260163,65.85365853658537,49.59349593495935,16.260162601626014
E00065597,136,38,12,26,98,86,12,27.941176470588236,8.823529411764707,19.11764705882353,72.05882352941177,63.23529411764706,8.823529411764707
E00065598,120,37,10,27,83,70,13,30.833333333333336,8.333333333333332,22.5,69.16666666666667,58.333333333333336,10.833333333333334
E00065599,88,24,5,19,64,51,13,27.27272727272727,5.681818181818182,21.59090909090909,72.72727272727273,57.95454545454546,14.772727272727273
E00065600,103,39,19,20,64,49,15,37.86407766990291,18.446601941747574,19.41747572815534,62.13592233009708,47.57281553398058,14.563106796116504
E00065601,164,52,13,39,112,95,17,31.70731707317073,7.926829268292683,23.78048780487805,68.29268292682927,57.92682926829268,10.365853658536585
E00065602,168,48,19,29,120,98,22,28.57142857142857,11.30952380952381,17.261904761904763,71.42857142857143,58.333333333333336,13.095238095238097
E00065603,137,43,11,32,94,78,16,31.386861313868614,8.02919708029197,23.357664233576642,68.61313868613139,56.934306569343065,11.678832116788321
E00065604,89,33,15,18,56,49,7,37.07865168539326,16.853932584269664,20.224719101123593,62.92134831460674,55.0561797752809,7.865168539325842
E00065605,169,38,15,23,131,113,18,22.485207100591715,8.875739644970414,13.609467455621301,77.51479289940828,66.86390532544378,10.650887573964498
E00065606,158,49,16,33,109,99,10,31.0126582278481,10.126582278481013,20.88607594936709,68.9873417721519,62.65822784810127,6.329113924050633
E00065607,109,31,8,23,78,64,14,28.440366972477065,7.339449541284404,21.100917431192663,71.55963302752293,58.71559633027523,12.844036697247708
E00065608,149,55,15,40,94,85,9,36.91275167785235,10.06711409395973,26.845637583892618,63.08724832214765,57.04697986577181,6.0402684563758395
E00065609,219,70,26,44,149,121,28,31.963470319634702,11.87214611872146,20.091324200913242,68.0365296803653,55.25114155251142,12.785388127853881
E00065610,182,62,21,41,120,111,9,34.065934065934066,11.538461538461538,22.52747252747253,65.93406593406593,60.98901098901099,4.945054945054945
E00065611,95,26,11,15,69,56,13,27.368421052631582,11.578947368421053,15.789473684210526,72.63157894736842,58.94736842105262,13.684210526315791
E00065612,119,35,13,22,84,63,21,29.411764705882355,10.92436974789916,18.487394957983195,70.58823529411765,52.94117647058824,17.647058823529413
E00065613,129,40,13,27,89,70,19,31.007751937984494,10.077519379844961,20.930232558139537,68.9922480620155,54.263565891472865,14.728682170542637
E00065614,133,37,12,25,96,85,11,27.819548872180448,9.022556390977442,18.796992481203006,72.18045112781954,63.90977443609023,8.270676691729323
E00065615,203,50,11,39,153,135,18,24.63054187192118,5.41871921182266,19.21182266009852,75.36945812807882,66.50246305418719,8.866995073891626
E00065616,131,35,7,28,96,82,14,26.717557251908396,5.343511450381679,21.374045801526716,73.2824427480916,62.59541984732825,10.687022900763358
E00065617,191,53,12,41,138,121,17,27.748691099476442,6.282722513089005,21.465968586387437,72.25130890052355,63.35078534031413,8.900523560209423
E00065618,158,54,12,42,104,85,19,34.177215189873415,7.59493670886076,26.582278481012654,65.82278481012658,53.79746835443038,12.025316455696203
E00065619,319,82,24,58,237,199,38,25.705329153605017,7.523510971786834,18.181818181818183,74.29467084639498,62.38244514106584,11.912225705329153
E00065620,246,51,14,37,195,153,42,20.73170731707317,5.691056910569105,15.040650406504067,79.26829268292683,62.19512195121951,17.073170731707318
E00065621,173,45,13,32,128,112,16,26.011560693641616,7.514450867052023,18.497109826589593,73.98843930635837,64.73988439306359,9.248554913294797
E00065622,41,11,0,11,30,30,0,26.82926829268293,0,26.82926829268293,73.17073170731707,73.17073170731707,0
E00065623,153,36,9,27,117,106,11,23.52941176470588,5.88235294117647,17.647058823529413,76.47058823529412,69.28104575163398,7.18954248366013
E00065624,169,45,16,29,124,115,9,26.627218934911244,9.467455621301776,17.159763313609467,73.37278106508876,68.04733727810651,5.325443786982249
E00065625,183,62,19,43,121,100,21,33.87978142076503,10.382513661202186,23.497267759562842,66.12021857923497,54.644808743169406,11.475409836065573
E00065626,165,52,9,43,113,87,26,31.515151515151512,5.454545454545454,26.060606060606062,68.48484848484848,52.72727272727272,15.757575757575756
E00065627,166,45,15,30,121,100,21,27.10843373493976,9.036144578313253,18.072289156626507,72.89156626506023,60.24096385542169,12.650602409638553
E00065628,175,58,22,36,117,104,13,33.14285714285714,12.571428571428573,20.57142857142857,66.85714285714286,59.42857142857143,7.428571428571429
E00065629,220,57,18,39,163,138,25,25.90909090909091,8.181818181818182,17.727272727272727,74.0909090909091,62.727272727272734,11.363636363636363
E00065630,164,50,14,36,114,100,14,30.48780487804878,8.536585365853659,21.951219512195124,69.51219512195121,60.97560975609756,8.536585365853659
E00065631,154,41,12,29,113,100,13,26.623376623376622,7.792207792207792,18.83116883116883,73.37662337662337,64.93506493506493,8.441558441558442
E00065632,120,43,15,28,77,60,17,35.833333333333336,12.5,23.333333333333332,64.16666666666667,50,14.166666666666666
E00065633,131,45,20,25,86,70,16,34.35114503816794,15.267175572519085,19.083969465648856,65.64885496183206,53.43511450381679,12.213740458015266
E00065634,175,54,12,42,121,108,13,30.857142857142854,6.857142857142858,24,69.14285714285714,61.71428571428571,7.428571428571429
E00065635,191,51,17,34,140,115,25,26.701570680628272,8.900523560209423,17.801047120418847,73.29842931937172,60.20942408376963,13.089005235602095
E00065636,140,55,15,40,85,72,13,39.285714285714285,10.714285714285714,28.57142857142857,60.71428571428571,51.42857142857142,9.285714285714286
E00065637,122,38,14,24,84,60,24,31.147540983606557,11.475409836065573,19.672131147540984,68.85245901639344,49.18032786885246,19.672131147540984
E00065638,144,41,15,26,103,87,16,28.47222222222222,10.416666666666668,18.055555555555554,71.52777777777779,60.416666666666664,11.11111111111111
E00065639,133,48,19,29,85,74,11,36.09022556390977,14.285714285714285,21.804511278195488,63.90977443609023,55.639097744360896,8.270676691729323
E00065640,240,69,24,45,171,130,41,28.749999999999996,10,18.75,71.25,54.166666666666664,17.083333333333332
E00065641,139,45,10,35,94,82,12,32.37410071942446,7.1942446043165464,25.179856115107913,67.62589928057554,58.992805755395686,8.633093525179856
E00065642,153,39,13,26,114,98,16,25.49019607843137,8.49673202614379,16.99346405228758,74.50980392156863,64.05228758169935,10.457516339869281
E00065643,105,28,7,21,77,71,6,26.666666666666668,6.666666666666667,20,73.33333333333333,67.61904761904762,5.714285714285714
E00065644,162,49,19,30,113,94,19,30.246913580246915,11.728395061728394,18.51851851851852,69.75308641975309,58.0246913580247,11.728395061728394
E00065645,134,40,15,25,94,79,15,29.850746268656714,11.194029850746269,18.65671641791045,70.1492537313433,58.95522388059702,11.194029850746269
E00065646,136,36,15,21,100,80,20,26.47058823529412,11.029411764705882,15.441176470588236,73.52941176470588,58.82352941176471,14.705882352941178
E00065647,143,42,19,23,101,90,11,29.37062937062937,13.286713286713287,16.083916083916083,70.62937062937063,62.93706293706294,7.6923076923076925
E00065648,156,44,14,30,112,101,11,28.205128205128204,8.974358974358974,19.230769230769234,71.7948717948718,64.74358974358975,7.051282051282051
E00065649,181,50,17,33,131,112,19,27.624309392265197,9.392265193370166,18.23204419889503,72.37569060773481,61.87845303867403,10.497237569060774
E00065650,147,40,10,30,107,97,10,27.2108843537415,6.802721088435375,20.408163265306122,72.78911564625851,65.98639455782312,6.802721088435375
E00065651,119,36,9,27,83,66,17,30.252100840336134,7.563025210084033,22.689075630252102,69.74789915966386,55.46218487394958,14.285714285714285
E00065653,111,34,11,23,77,61,16,30.630630630630627,9.90990990990991,20.72072072072072,69.36936936936937,54.95495495495496,14.414414414414415
E00065654,40,14,9,5,26,20,6,35,22.5,12.5,65,50,15
E00065655,147,43,15,28,104,95,9,29.25170068027211,10.204081632653061,19.047619047619047,70.74829931972789,64.62585034013605,6.122448979591836
E00065656,167,54,22,32,113,92,21,32.33532934131736,13.17365269461078,19.16167664670659,67.66467065868264,55.08982035928144,12.574850299401197
E00065657,144,43,13,30,101,92,9,29.86111111111111,9.027777777777777,20.833333333333336,70.13888888888889,63.888888888888886,6.25
E00065658,155,45,15,30,110,97,13,29.03225806451613,9.67741935483871,19.35483870967742,70.96774193548387,62.58064516129033,8.38709677419355
E00065659,156,53,22,31,103,81,22,33.97435897435898,14.102564102564102,19.871794871794872,66.02564102564102,51.92307692307693,14.102564102564102
E00065660,206,52,24,28,154,123,31,25.24271844660194,11.650485436893204,13.592233009708737,74.75728155339806,59.70873786407766,15.048543689320388
E00065661,251,79,22,57,172,128,44,31.47410358565737,8.764940239043826,22.709163346613543,68.52589641434263,50.99601593625498,17.52988047808765
E00065662,115,30,14,16,85,72,13,26.08695652173913,12.173913043478262,13.91304347826087,73.91304347826086,62.60869565217392,11.304347826086957
E00065663,137,45,17,28,92,79,13,32.846715328467155,12.408759124087592,20.437956204379564,67.15328467153284,57.66423357664233,9.48905109489051
E00065664,155,45,17,28,110,92,18,29.03225806451613,10.967741935483872,18.064516129032256,70.96774193548387,59.354838709677416,11.612903225806452
E00065665,154,56,12,44,98,86,12,36.36363636363637,7.792207792207792,28.57142857142857,63.63636363636363,55.84415584415584,7.792207792207792
E00065666,185,47,17,30,138,112,26,25.405405405405407,9.18918918918919,16.216216216216218,74.5945945945946,60.54054054054055,14.054054054054054
E00065668,206,55,21,34,151,126,25,26.699029126213592,10.194174757281553,16.50485436893204,73.30097087378641,61.165048543689316,12.135922330097088
E00065669,135,45,22,23,90,73,17,33.33333333333333,16.296296296296298,17.037037037037038,66.66666666666666,54.074074074074076,12.592592592592592
E00065670,244,50,12,38,194,160,34,20.491803278688526,4.918032786885246,15.573770491803279,79.50819672131148,65.57377049180327,13.934426229508196
E00065671,157,46,17,29,111,87,24,29.29936305732484,10.828025477707007,18.471337579617835,70.70063694267516,55.4140127388535,15.286624203821656
E00065672,159,51,15,36,108,89,19,32.075471698113205,9.433962264150944,22.641509433962266,67.9245283018868,55.9748427672956,11.949685534591195
E00065673,108,29,6,23,79,67,12,26.851851851851855,5.555555555555555,21.296296296296298,73.14814814814815,62.03703703703704,11.11111111111111
E00065674,159,41,21,20,118,96,22,25.78616352201258,13.20754716981132,12.578616352201259,74.21383647798741,60.37735849056604,13.836477987421384
E00065675,170,44,15,29,126,95,31,25.882352941176475,8.823529411764707,17.058823529411764,74.11764705882354,55.88235294117647,18.235294117647058
E00065676,156,36,13,23,120,100,20,23.076923076923077,8.333333333333332,14.743589743589745,76.92307692307693,64.1025641025641,12.82051282051282
E00065677,137,50,16,34,87,70,17,36.496350364963504,11.678832116788321,24.817518248175183,63.503649635036496,51.09489051094891,12.408759124087592
E00065678,156,41,24,17,115,80,35,26.282051282051285,15.384615384615385,10.897435897435898,73.71794871794873,51.28205128205128,22.435897435897438
E00065679,206,61,23,38,145,110,35,29.61165048543689,11.165048543689322,18.446601941747574,70.3883495145631,53.398058252427184,16.990291262135923
E00065680,157,55,19,36,102,85,17,35.03184713375796,12.101910828025478,22.929936305732486,64.96815286624204,54.14012738853503,10.828025477707007
E00065681,203,64,21,43,139,100,39,31.527093596059114,10.344827586206897,21.182266009852217,68.4729064039409,49.26108374384236,19.21182266009852
E00065682,182,46,20,26,136,114,22,25.274725274725274,10.989010989010989,14.285714285714285,74.72527472527473,62.637362637362635,12.087912087912088
E00065683,232,65,26,39,167,129,38,28.01724137931034,11.206896551724139,16.810344827586206,71.98275862068965,55.603448275862064,16.379310344827587
E00065684,199,62,33,29,137,91,46,31.155778894472363,16.582914572864322,14.572864321608039,68.84422110552764,45.7286432160804,23.115577889447238
E00065685,180,56,28,28,124,92,32,31.11111111111111,15.555555555555555,15.555555555555555,68.88888888888889,51.11111111111111,17.77777777777778
E00065686,203,60,15,45,143,122,21,29.55665024630542,7.389162561576355,22.167487684729064,70.44334975369459,60.09852216748769,10.344827586206897
E00065687,142,30,9,21,112,90,22,21.12676056338028,6.338028169014084,14.788732394366196,78.87323943661971,63.38028169014085,15.492957746478872
E00065688,143,37,12,25,106,89,17,25.874125874125873,8.391608391608392,17.482517482517483,74.12587412587412,62.23776223776224,11.888111888111888
E00065690,125,34,15,19,91,78,13,27.200000000000003,12,15.2,72.8,62.4,10.4
E00065691,132,33,5,28,99,82,17,25,3.787878787878788,21.21212121212121,75,62.121212121212125,12.878787878787879
E00065692,119,34,12,22,85,74,11,28.57142857142857,10.084033613445378,18.487394957983195,71.42857142857143,62.18487394957983,9.243697478991598
E00065693,102,26,5,21,76,64,12,25.49019607843137,4.901960784313726,20.588235294117645,74.50980392156863,62.745098039215684,11.76470588235294
E00065694,99,23,8,15,76,65,11,23.232323232323232,8.080808080808081,15.151515151515152,76.76767676767676,65.65656565656566,11.11111111111111
E00065695,212,73,25,48,139,107,32,34.43396226415094,11.79245283018868,22.641509433962266,65.56603773584906,50.47169811320755,15.09433962264151
E00065696,145,42,13,29,103,88,15,28.965517241379313,8.96551724137931,20,71.03448275862068,60.689655172413794,10.344827586206897
E00065697,205,47,21,26,158,120,38,22.926829268292686,10.24390243902439,12.682926829268293,77.07317073170732,58.536585365853654,18.536585365853657
E00065698,137,44,15,29,93,77,16,32.11678832116788,10.948905109489052,21.16788321167883,67.88321167883211,56.20437956204379,11.678832116788321
E00065699,153,35,13,22,118,96,22,22.875816993464053,8.49673202614379,14.37908496732026,77.12418300653596,62.745098039215684,14.37908496732026
E00065700,176,46,22,24,130,108,22,26.136363636363637,12.5,13.636363636363635,73.86363636363636,61.36363636363637,12.5
E00065701,164,44,14,30,120,85,35,26.82926829268293,8.536585365853659,18.29268292682927,73.17073170731707,51.829268292682926,21.341463414634145
E00065702,203,62,12,50,141,112,29,30.541871921182267,5.911330049261084,24.63054187192118,69.45812807881774,55.172413793103445,14.285714285714285
E00065703,168,52,17,35,116,62,54,30.952380952380953,10.119047619047619,20.833333333333336,69.04761904761905,36.904761904761905,32.142857142857146
E00065704,161,47,13,34,114,81,33,29.19254658385093,8.074534161490684,21.11801242236025,70.80745341614907,50.31055900621118,20.496894409937887
E00065705,94,27,10,17,67,45,22,28.723404255319153,10.638297872340425,18.085106382978726,71.27659574468085,47.87234042553192,23.404255319148938
E00065706,207,62,24,38,145,108,37,29.951690821256037,11.594202898550725,18.357487922705314,70.04830917874396,52.17391304347826,17.874396135265698
E00065707,167,56,15,41,111,81,30,33.532934131736525,8.982035928143713,24.550898203592812,66.46706586826348,48.50299401197605,17.964071856287426
E00065708,169,44,14,30,125,98,27,26.035502958579883,8.284023668639055,17.75147928994083,73.96449704142012,57.98816568047337,15.976331360946746
E00065709,130,30,10,20,100,84,16,23.076923076923077,7.6923076923076925,15.384615384615385,76.92307692307693,64.61538461538461,12.307692307692308
E00065710,164,55,17,38,109,93,16,33.53658536585366,10.365853658536585,23.170731707317074,66.46341463414635,56.70731707317073,9.75609756097561
E00065711,159,37,17,20,122,103,19,23.270440251572328,10.69182389937107,12.578616352201259,76.72955974842768,64.77987421383648,11.949685534591195
E00065712,180,60,19,41,120,91,29,33.33333333333333,10.555555555555555,22.77777777777778,66.66666666666666,50.55555555555556,16.11111111111111
E00065713,222,55,16,39,167,122,45,24.774774774774773,7.207207207207207,17.56756756756757,75.22522522522522,54.95495495495496,20.27027027027027
E00065715,135,47,14,33,88,56,32,34.81481481481482,10.37037037037037,24.444444444444443,65.18518518518519,41.48148148148148,23.703703703703706
E00065716,198,51,14,37,147,110,37,25.757575757575758,7.07070707070707,18.68686868686869,74.24242424242425,55.55555555555556,18.68686868686869
E00065717,90,23,6,17,67,58,9,25.555555555555554,6.666666666666667,18.88888888888889,74.44444444444444,64.44444444444444,10
E00065718,90,28,17,11,62,35,27,31.11111111111111,18.88888888888889,12.222222222222221,68.88888888888889,38.88888888888889,30
E00065719,149,49,20,29,100,68,32,32.88590604026846,13.422818791946309,19.463087248322147,67.11409395973155,45.63758389261745,21.476510067114095
E00065720,150,51,17,34,99,74,25,34,11.333333333333332,22.666666666666664,66,49.333333333333336,16.666666666666664
E00065721,136,42,18,24,94,77,17,30.88235294117647,13.23529411764706,17.647058823529413,69.11764705882352,56.61764705882353,12.5
E00065722,89,27,5,22,62,48,14,30.337078651685395,5.617977528089887,24.719101123595504,69.66292134831461,53.93258426966292,15.730337078651685
E00065723,103,43,16,27,60,39,21,41.74757281553398,15.53398058252427,26.21359223300971,58.252427184466015,37.86407766990291,20.388349514563107
E00065724,142,46,12,34,96,82,14,32.3943661971831,8.450704225352112,23.943661971830984,67.6056338028169,57.74647887323944,9.859154929577464
E00065725,101,33,4,29,68,57,11,32.67326732673268,3.9603960396039604,28.71287128712871,67.32673267326733,56.43564356435643,10.891089108910892
E00065726,88,31,6,25,57,51,6,35.22727272727273,6.8181818181818175,28.40909090909091,64.77272727272727,57.95454545454546,6.8181818181818175
E00065727,112,40,12,28,72,66,6,35.714285714285715,10.714285714285714,25,64.28571428571429,58.92857142857143,5.357142857142857
E00065728,113,30,9,21,83,67,16,26.548672566371685,7.964601769911504,18.58407079646018,73.45132743362832,59.29203539823009,14.15929203539823
E00065729,147,51,19,32,96,86,10,34.69387755102041,12.925170068027212,21.768707482993197,65.3061224489796,58.50340136054422,6.802721088435375
E00065730,87,31,8,23,56,41,15,35.63218390804598,9.195402298850574,26.436781609195403,64.36781609195403,47.12643678160919,17.24137931034483
E00065731,66,18,9,9,48,43,5,27.27272727272727,13.636363636363635,13.636363636363635,72.72727272727273,65.15151515151516,7.575757575757576
E00065732,101,31,7,24,70,64,6,30.693069306930692,6.9306930693069315,23.762376237623762,69.3069306930693,63.366336633663366,5.9405940594059405
E00065733,151,46,10,36,105,76,29,30.4635761589404,6.622516556291391,23.841059602649008,69.5364238410596,50.331125827814574,19.205298013245034
E00065734,105,31,9,22,74,62,12,29.523809523809526,8.571428571428571,20.952380952380953,70.47619047619048,59.04761904761905,11.428571428571429
E00065735,188,58,16,42,130,105,25,30.851063829787233,8.51063829787234,22.340425531914892,69.14893617021278,55.85106382978723,13.297872340425531
E00065736,159,44,13,31,115,98,17,27.67295597484277,8.176100628930817,19.49685534591195,72.32704402515722,61.63522012578616,10.69182389937107
E00065737,152,54,13,41,98,81,17,35.526315789473685,8.552631578947368,26.973684210526315,64.47368421052632,53.289473684210535,11.18421052631579
E00065738,158,35,8,27,123,107,16,22.151898734177212,5.063291139240507,17.088607594936708,77.84810126582279,67.72151898734177,10.126582278481013
E00065739,67,23,6,17,44,39,5,34.32835820895522,8.955223880597014,25.37313432835821,65.67164179104478,58.2089552238806,7.462686567164178
E00065740,137,46,11,35,91,73,18,33.57664233576642,8.02919708029197,25.547445255474454,66.42335766423358,53.284671532846716,13.138686131386862
E00065741,182,55,21,34,127,81,46,30.21978021978022,11.538461538461538,18.681318681318682,69.78021978021978,44.505494505494504,25.274725274725274
E00065742,157,44,7,37,113,90,23,28.02547770700637,4.45859872611465,23.56687898089172,71.97452229299363,57.324840764331206,14.64968152866242
E00065743,112,44,20,24,68,52,16,39.285714285714285,17.857142857142858,21.428571428571427,60.71428571428571,46.42857142857143,14.285714285714285
E00065744,176,57,23,34,119,96,23,32.38636363636363,13.068181818181818,19.318181818181817,67.61363636363636,54.54545454545454,13.068181818181818
E00065745,103,34,16,18,69,45,24,33.00970873786408,15.53398058252427,17.475728155339805,66.99029126213593,43.689320388349515,23.300970873786408
E00065746,151,42,20,22,109,86,23,27.81456953642384,13.245033112582782,14.56953642384106,72.18543046357617,56.95364238410596,15.2317880794702
E00065747,153,44,20,24,109,85,24,28.75816993464052,13.071895424836603,15.686274509803921,71.24183006535948,55.55555555555556,15.686274509803921
E00065748,125,37,18,19,88,63,25,29.599999999999998,14.399999999999999,15.2,70.39999999999999,50.4,20
E00065749,118,33,14,19,85,58,27,27.966101694915253,11.864406779661017,16.101694915254235,72.03389830508475,49.152542372881356,22.88135593220339
E00065750,63,22,6,16,41,30,11,34.92063492063492,9.523809523809524,25.396825396825395,65.07936507936508,47.61904761904761,17.46031746031746
E00065751,250,66,24,42,184,151,33,26.400000000000002,9.6,16.8,73.6,60.4,13.200000000000001
E00065752,220,84,28,56,136,99,37,38.18181818181819,12.727272727272727,25.454545454545453,61.81818181818181,45,16.818181818181817
E00065753,264,76,21,55,188,154,34,28.78787878787879,7.954545454545454,20.833333333333336,71.21212121212122,58.333333333333336,12.878787878787879
E00065754,85,27,10,17,58,50,8,31.76470588235294,11.76470588235294,20,68.23529411764706,58.82352941176471,9.411764705882353
E00065755,100,25,11,14,75,60,15,25,11,14.000000000000002,75,60,15
E00065756,114,33,8,25,81,74,7,28.947368421052634,7.017543859649122,21.929824561403507,71.05263157894737,64.91228070175438,6.140350877192982
E00065757,149,40,11,29,109,85,24,26.845637583892618,7.38255033557047,19.463087248322147,73.15436241610739,57.04697986577181,16.10738255033557
E00065758,109,34,17,17,75,60,15,31.19266055045872,15.59633027522936,15.59633027522936,68.80733944954129,55.04587155963303,13.761467889908257
E00065759,116,41,15,26,75,62,13,35.3448275862069,12.931034482758621,22.413793103448278,64.65517241379311,53.44827586206896,11.206896551724139
E00065760,163,57,19,38,106,85,21,34.96932515337423,11.65644171779141,23.31288343558282,65.03067484662577,52.14723926380368,12.883435582822086
E00065761,109,31,8,23,78,70,8,28.440366972477065,7.339449541284404,21.100917431192663,71.55963302752293,64.22018348623854,7.339449541284404
E00065762,82,25,7,18,57,40,17,30.48780487804878,8.536585365853659,21.951219512195124,69.51219512195121,48.78048780487805,20.73170731707317
E00065763,105,35,7,28,70,60,10,33.33333333333333,6.666666666666667,26.666666666666668,66.66666666666666,57.14285714285714,9.523809523809524
E00065764,188,55,18,37,133,113,20,29.25531914893617,9.574468085106384,19.680851063829788,70.74468085106383,60.1063829787234,10.638297872340425
E00065765,190,48,12,36,142,118,24,25.263157894736842,6.315789473684211,18.947368421052634,74.73684210526315,62.10526315789474,12.631578947368421
E00065766,85,19,7,12,66,54,12,22.35294117647059,8.235294117647058,14.117647058823529,77.64705882352942,63.52941176470588,14.117647058823529
E00065767,107,24,4,20,83,61,22,22.429906542056074,3.7383177570093453,18.69158878504673,77.57009345794393,57.009345794392516,20.5607476635514
E00065768,101,27,10,17,74,53,21,26.732673267326735,9.900990099009901,16.831683168316832,73.26732673267327,52.475247524752476,20.792079207920793
E00065769,203,65,25,40,138,115,23,32.01970443349754,12.31527093596059,19.704433497536947,67.98029556650246,56.65024630541872,11.330049261083744
E00065770,143,51,17,34,92,81,11,35.66433566433567,11.888111888111888,23.776223776223777,64.33566433566433,56.64335664335665,7.6923076923076925
E00065771,131,53,18,35,78,66,12,40.458015267175576,13.740458015267176,26.717557251908396,59.541984732824424,50.38167938931297,9.16030534351145
E00065772,79,34,11,23,45,40,5,43.037974683544306,13.924050632911392,29.11392405063291,56.9620253164557,50.63291139240506,6.329113924050633
E00065773,262,75,27,48,187,160,27,28.62595419847328,10.305343511450381,18.3206106870229,71.37404580152672,61.06870229007634,10.305343511450381
E00065774,122,45,13,32,77,60,17,36.885245901639344,10.655737704918032,26.229508196721312,63.114754098360656,49.18032786885246,13.934426229508196
E00065775,124,36,11,25,88,75,13,29.03225806451613,8.870967741935484,20.161290322580644,70.96774193548387,60.483870967741936,10.483870967741936
E00065776,125,41,18,23,84,74,10,32.800000000000004,14.399999999999999,18.4,67.2,59.199999999999996,8
E00065779,102,28,11,17,74,66,8,27.450980392156865,10.784313725490197,16.666666666666664,72.54901960784314,64.70588235294117,7.8431372549019605
E00065780,251,68,22,46,183,148,35,27.091633466135455,8.764940239043826,18.326693227091635,72.90836653386454,58.964143426294825,13.94422310756972
E00065781,283,85,26,59,198,164,34,30.03533568904594,9.187279151943462,20.848056537102476,69.96466431095406,57.95053003533569,12.014134275618375
E00065782,77,23,6,17,54,49,5,29.87012987012987,7.792207792207792,22.07792207792208,70.12987012987013,63.63636363636363,6.493506493506493
E00065783,203,66,25,41,137,113,24,32.51231527093596,12.31527093596059,20.19704433497537,67.48768472906403,55.66502463054187,11.822660098522167
E00065784,175,42,16,26,133,117,16,24,9.142857142857142,14.857142857142858,76,66.85714285714286,9.142857142857142
E00065785,99,36,12,24,63,56,7,36.36363636363637,12.121212121212121,24.242424242424242,63.63636363636363,56.56565656565656,7.07070707070707
E00065786,292,78,30,48,214,179,35,26.71232876712329,10.273972602739725,16.43835616438356,73.28767123287672,61.3013698630137,11.986301369863012
E00065787,82,29,9,20,53,47,6,35.36585365853659,10.975609756097562,24.390243902439025,64.63414634146342,57.3170731707317,7.317073170731707
E00065788,110,37,12,25,73,53,20,33.63636363636363,10.909090909090908,22.727272727272727,66.36363636363637,48.18181818181818,18.181818181818183
E00065789,183,37,19,18,146,110,36,20.21857923497268,10.382513661202186,9.836065573770492,79.78142076502732,60.10928961748634,19.672131147540984
E00065790,50,13,3,10,37,35,2,26,6,20,74,70,4
E00065791,190,39,11,28,151,117,34,20.526315789473685,5.7894736842105265,14.736842105263156,79.47368421052632,61.578947368421055,17.894736842105264
E00065792,46,14,3,11,32,27,5,30.434782608695656,6.521739130434782,23.91304347826087,69.56521739130434,58.69565217391305,10.869565217391305
E00065793,94,40,9,31,54,42,12,42.5531914893617,9.574468085106384,32.97872340425532,57.446808510638306,44.680851063829785,12.76595744680851
E00065794,134,45,19,26,89,79,10,33.582089552238806,14.17910447761194,19.402985074626866,66.4179104477612,58.95522388059702,7.462686567164178
E00065795,119,40,15,25,79,68,11,33.61344537815126,12.605042016806722,21.008403361344538,66.38655462184873,57.14285714285714,9.243697478991598
E00065796,128,56,18,38,72,62,10,43.75,14.0625,29.6875,56.25,48.4375,7.8125
E00065797,159,49,14,35,110,95,15,30.81761006289308,8.80503144654088,22.0125786163522,69.18238993710692,59.74842767295597,9.433962264150944
E00065798,129,38,11,27,91,74,17,29.457364341085274,8.527131782945736,20.930232558139537,70.54263565891473,57.36434108527132,13.178294573643413
E00065799,132,37,15,22,95,80,15,28.030303030303028,11.363636363636363,16.666666666666664,71.96969696969697,60.60606060606061,11.363636363636363
E00065800,119,52,17,35,67,51,16,43.69747899159664,14.285714285714285,29.411764705882355,56.30252100840336,42.857142857142854,13.445378151260504
E00065801,61,23,6,17,38,34,4,37.704918032786885,9.836065573770492,27.86885245901639,62.295081967213115,55.73770491803278,6.557377049180328
E00065802,146,35,20,15,111,98,13,23.972602739726025,13.698630136986301,10.273972602739725,76.02739726027397,67.12328767123287,8.904109589041095
E00065803,148,35,10,25,113,89,24,23.64864864864865,6.756756756756757,16.89189189189189,76.35135135135135,60.13513513513513,16.216216216216218
E00065804,164,49,13,36,115,100,15,29.878048780487802,7.926829268292683,21.951219512195124,70.1219512195122,60.97560975609756,9.146341463414634
E00065806,134,50,16,34,84,77,7,37.3134328358209,11.940298507462686,25.37313432835821,62.68656716417911,57.46268656716418,5.223880597014925
E00065807,243,71,17,54,172,143,29,29.218106995884774,6.995884773662551,22.22222222222222,70.78189300411523,58.8477366255144,11.934156378600823
E00065808,151,54,19,35,97,84,13,35.76158940397351,12.582781456953644,23.178807947019866,64.23841059602648,55.62913907284768,8.609271523178808
E00065809,98,28,9,19,70,52,18,28.57142857142857,9.183673469387756,19.387755102040817,71.42857142857143,53.06122448979592,18.367346938775512
E00065810,72,32,14,18,40,37,3,44.44444444444444,19.444444444444446,25,55.55555555555556,51.388888888888886,4.166666666666666
E00065811,84,25,11,14,59,47,12,29.761904761904763,13.095238095238097,16.666666666666664,70.23809523809523,55.952380952380956,14.285714285714285
E00065813,198,45,7,38,153,131,22,22.727272727272727,3.535353535353535,19.19191919191919,77.27272727272727,66.16161616161617,11.11111111111111
E00065814,75,28,11,17,47,39,8,37.333333333333336,14.666666666666666,22.666666666666664,62.66666666666667,52,10.666666666666668
E00065815,85,34,13,21,51,42,9,40,15.294117647058824,24.705882352941178,60,49.411764705882355,10.588235294117647
E00065816,137,46,19,27,91,79,12,33.57664233576642,13.86861313868613,19.708029197080293,66.42335766423358,57.66423357664233,8.75912408759124
E00065817,116,45,11,34,71,65,6,38.793103448275865,9.482758620689655,29.310344827586203,61.206896551724135,56.03448275862068,5.172413793103448
E00065818,108,31,6,25,77,67,10,28.703703703703702,5.555555555555555,23.14814814814815,71.29629629629629,62.03703703703704,9.25925925925926
E00065819,139,50,10,40,89,74,15,35.97122302158273,7.1942446043165464,28.776978417266186,64.02877697841727,53.23741007194245,10.79136690647482
E00065820,129,59,14,45,70,55,15,45.73643410852713,10.852713178294573,34.883720930232556,54.263565891472865,42.63565891472868,11.627906976744185
E00065821,100,43,13,30,57,50,7,43,13,30,56.99999999999999,50,7.000000000000001
E00065822,175,53,14,39,122,103,19,30.28571428571429,8,22.285714285714285,69.71428571428572,58.857142857142854,10.857142857142858
E00065823,125,46,20,26,79,57,22,36.8,16,20.8,63.2,45.6,17.599999999999998
E00065824,123,39,13,26,84,49,35,31.70731707317073,10.569105691056912,21.138211382113823,68.29268292682927,39.83739837398374,28.455284552845526
E00065825,75,33,7,26,42,36,6,44,9.333333333333334,34.66666666666667,56.00000000000001,48,8
E00065826,119,42,8,34,77,64,13,35.294117647058826,6.722689075630252,28.57142857142857,64.70588235294117,53.78151260504202,10.92436974789916
E00065827,111,43,8,35,68,53,15,38.73873873873874,7.207207207207207,31.53153153153153,61.261261261261254,47.74774774774775,13.513513513513514
E00065828,97,35,17,18,62,50,12,36.08247422680412,17.525773195876287,18.556701030927837,63.91752577319587,51.546391752577314,12.371134020618557
E00065829,116,45,14,31,71,63,8,38.793103448275865,12.068965517241379,26.72413793103448,61.206896551724135,54.310344827586206,6.896551724137931
E00065830,109,37,15,22,72,62,10,33.94495412844037,13.761467889908257,20.18348623853211,66.05504587155964,56.88073394495413,9.174311926605505
E00065831,125,50,20,30,75,66,9,40,16,24,60,52.800000000000004,7.199999999999999
E00065832,147,57,19,38,90,76,14,38.775510204081634,12.925170068027212,25.850340136054424,61.224489795918366,51.70068027210885,9.523809523809524
E00065833,53,22,6,16,31,24,7,41.509433962264154,11.320754716981133,30.18867924528302,58.490566037735846,45.28301886792453,13.20754716981132
E00065834,109,49,24,25,60,53,7,44.95412844036697,22.018348623853214,22.93577981651376,55.04587155963303,48.62385321100918,6.422018348623854
E00065835,84,32,13,19,52,43,9,38.095238095238095,15.476190476190476,22.61904761904762,61.904761904761905,51.19047619047619,10.714285714285714
E00065836,140,57,17,40,83,67,16,40.714285714285715,12.142857142857142,28.57142857142857,59.285714285714285,47.85714285714286,11.428571428571429
E00065837,159,61,18,43,98,81,17,38.36477987421384,11.320754716981133,27.044025157232703,61.63522012578616,50.943396226415096,10.69182389937107
E00065838,132,47,13,34,85,60,25,35.60606060606061,9.848484848484848,25.757575757575758,64.39393939393939,45.45454545454545,18.939393939393938
E00065839,106,32,5,27,74,63,11,30.18867924528302,4.716981132075472,25.471698113207548,69.81132075471697,59.43396226415094,10.377358490566039
E00065840,115,40,10,30,75,62,13,34.78260869565217,8.695652173913043,26.08695652173913,65.21739130434783,53.91304347826087,11.304347826086957
E00065841,88,32,7,25,56,56,0,36.36363636363637,7.954545454545454,28.40909090909091,63.63636363636363,63.63636363636363,0
E00065843,76,21,6,15,55,44,11,27.631578947368425,7.894736842105263,19.736842105263158,72.36842105263158,57.89473684210527,14.473684210526317
E00065844,68,31,15,16,37,30,7,45.588235294117645,22.058823529411764,23.52941176470588,54.41176470588235,44.11764705882353,10.294117647058822
E00065845,69,26,9,17,43,34,9,37.68115942028986,13.043478260869565,24.637681159420293,62.31884057971014,49.275362318840585,13.043478260869565
E00065846,76,29,8,21,47,36,11,38.15789473684211,10.526315789473683,27.631578947368425,61.8421052631579,47.368421052631575,14.473684210526317
E00065847,122,39,12,27,83,63,20,31.967213114754102,9.836065573770492,22.131147540983605,68.0327868852459,51.63934426229508,16.39344262295082
E00065848,126,49,17,32,77,63,14,38.88888888888889,13.492063492063492,25.396825396825395,61.111111111111114,50,11.11111111111111
E00065849,72,32,13,19,40,27,13,44.44444444444444,18.055555555555554,26.38888888888889,55.55555555555556,37.5,18.055555555555554
E00065850,111,46,19,27,65,55,10,41.44144144144144,17.117117117117118,24.324324324324326,58.55855855855856,49.549549549549546,9.00900900900901
E00065851,104,37,11,26,67,54,13,35.57692307692308,10.576923076923077,25,64.42307692307693,51.92307692307693,12.5
E00065852,83,33,11,22,50,35,15,39.75903614457831,13.253012048192772,26.506024096385545,60.24096385542169,42.168674698795186,18.072289156626507
E00065853,71,18,7,11,53,45,8,25.352112676056336,9.859154929577464,15.492957746478872,74.64788732394366,63.38028169014085,11.267605633802818
E00065854,128,41,12,29,87,59,28,32.03125,9.375,22.65625,67.96875,46.09375,21.875
E00065855,210,64,23,41,146,107,39,30.476190476190478,10.952380952380953,19.523809523809526,69.52380952380952,50.95238095238095,18.571428571428573
E00065856,163,55,20,35,108,90,18,33.74233128834356,12.269938650306749,21.472392638036812,66.25766871165644,55.21472392638037,11.042944785276074
E00065857,126,36,17,19,90,70,20,28.57142857142857,13.492063492063492,15.079365079365079,71.42857142857143,55.55555555555556,15.873015873015872
E00065858,129,30,8,22,99,69,30,23.25581395348837,6.2015503875969,17.05426356589147,76.74418604651163,53.48837209302325,23.25581395348837
E00065859,184,52,22,30,132,109,23,28.26086956521739,11.956521739130435,16.304347826086957,71.73913043478261,59.2391304347826,12.5
E00065860,110,37,8,29,73,63,10,33.63636363636363,7.2727272727272725,26.36363636363636,66.36363636363637,57.27272727272727,9.090909090909092
E00065861,184,47,22,25,137,99,38,25.543478260869566,11.956521739130435,13.586956521739129,74.45652173913044,53.80434782608695,20.652173913043477
E00065862,180,52,25,27,128,90,38,28.888888888888886,13.88888888888889,15,71.11111111111111,50,21.11111111111111
E00065863,110,37,15,22,73,60,13,33.63636363636363,13.636363636363635,20,66.36363636363637,54.54545454545454,11.818181818181818
E00065864,80,32,13,19,48,35,13,40,16.25,23.75,60,43.75,16.25
E00065865,232,70,22,48,162,133,29,30.17241379310345,9.482758620689655,20.689655172413794,69.82758620689656,57.327586206896555,12.5
E00065866,270,72,24,48,198,165,33,26.666666666666668,8.88888888888889,17.77777777777778,73.33333333333333,61.111111111111114,12.222222222222221
E00065867,132,44,17,27,88,71,17,33.33333333333333,12.878787878787879,20.454545454545457,66.66666666666666,53.78787878787878,12.878787878787879
E00065868,272,57,27,30,215,182,33,20.955882352941178,9.926470588235293,11.029411764705882,79.04411764705883,66.91176470588235,12.132352941176471
E00065869,223,63,19,44,160,141,19,28.251121076233183,8.520179372197308,19.730941704035875,71.74887892376681,63.22869955156951,8.520179372197308
E00065870,134,53,26,27,81,60,21,39.55223880597015,19.402985074626866,20.149253731343283,60.447761194029844,44.776119402985074,15.671641791044777
E00065871,191,59,24,35,132,116,16,30.89005235602094,12.56544502617801,18.32460732984293,69.10994764397905,60.73298429319372,8.37696335078534
E00065872,143,47,20,27,96,83,13,32.86713286713287,13.986013986013987,18.88111888111888,67.13286713286713,58.04195804195804,9.090909090909092
E00065873,81,23,9,14,58,45,13,28.39506172839506,11.11111111111111,17.28395061728395,71.60493827160494,55.55555555555556,16.049382716049383
E00065874,132,38,12,26,94,79,15,28.78787878787879,9.090909090909092,19.696969696969695,71.21212121212122,59.84848484848485,11.363636363636363
E00065875,144,45,11,34,99,72,27,31.25,7.638888888888889,23.61111111111111,68.75,50,18.75
E00065876,120,39,13,26,81,67,14,32.5,10.833333333333334,21.666666666666668,67.5,55.833333333333336,11.666666666666666
E00065877,167,49,13,36,118,104,14,29.34131736526946,7.784431137724551,21.55688622754491,70.65868263473054,62.27544910179641,8.383233532934131
E00065878,207,62,26,36,145,125,20,29.951690821256037,12.560386473429952,17.391304347826086,70.04830917874396,60.38647342995169,9.66183574879227
E00065879,120,38,8,30,82,72,10,31.666666666666664,6.666666666666667,25,68.33333333333333,60,8.333333333333332
E00065880,133,26,14,12,107,82,25,19.548872180451127,10.526315789473683,9.022556390977442,80.45112781954887,61.65413533834586,18.796992481203006
E00065881,110,25,10,15,85,70,15,22.727272727272727,9.090909090909092,13.636363636363635,77.27272727272727,63.63636363636363,13.636363636363635
E00065882,198,63,20,43,135,108,27,31.818181818181817,10.1010101010101,21.71717171717172,68.18181818181817,54.54545454545454,13.636363636363635
E00065883,251,72,26,46,179,140,39,28.68525896414343,10.358565737051793,18.326693227091635,71.31474103585657,55.77689243027888,15.53784860557769
E00065884,129,42,17,25,87,71,16,32.55813953488372,13.178294573643413,19.379844961240313,67.44186046511628,55.03875968992248,12.4031007751938
E00065885,208,57,18,39,151,126,25,27.403846153846157,8.653846153846153,18.75,72.59615384615384,60.57692307692307,12.01923076923077
E00065886,92,18,8,10,74,65,9,19.565217391304348,8.695652173913043,10.869565217391305,80.43478260869566,70.65217391304348,9.782608695652174
E00065888,218,68,16,52,150,121,29,31.19266055045872,7.339449541284404,23.853211009174313,68.80733944954129,55.5045871559633,13.302752293577983
E00065889,126,44,11,33,82,71,11,34.92063492063492,8.73015873015873,26.190476190476193,65.07936507936508,56.34920634920635,8.73015873015873
E00065890,171,50,15,35,121,105,16,29.239766081871345,8.771929824561402,20.46783625730994,70.76023391812866,61.40350877192983,9.35672514619883
E00065891,171,67,24,43,104,82,22,39.1812865497076,14.035087719298245,25.146198830409354,60.81871345029239,47.953216374269005,12.865497076023392
E00065892,153,52,20,32,101,90,11,33.98692810457516,13.071895424836603,20.915032679738562,66.01307189542483,58.82352941176471,7.18954248366013
E00065893,156,48,16,32,108,88,20,30.76923076923077,10.256410256410255,20.51282051282051,69.23076923076923,56.41025641025641,12.82051282051282
E00065895,152,44,21,23,108,83,25,28.947368421052634,13.815789473684212,15.131578947368421,71.05263157894737,54.60526315789473,16.447368421052634
E00065896,111,41,12,29,70,62,8,36.93693693693694,10.81081081081081,26.126126126126124,63.06306306306306,55.85585585585585,7.207207207207207
E00065897,144,52,18,34,92,85,7,36.11111111111111,12.5,23.61111111111111,63.888888888888886,59.02777777777778,4.861111111111112
E00065898,105,38,14,24,67,52,15,36.19047619047619,13.333333333333334,22.857142857142858,63.8095238095238,49.523809523809526,14.285714285714285
E00065899,145,47,17,30,98,83,15,32.41379310344827,11.724137931034482,20.689655172413794,67.58620689655173,57.24137931034483,10.344827586206897
E00065900,163,45,16,29,118,85,33,27.607361963190186,9.815950920245399,17.791411042944784,72.39263803680981,52.14723926380368,20.245398773006134
E00065901,141,46,12,34,95,72,23,32.62411347517731,8.51063829787234,24.113475177304963,67.37588652482269,51.06382978723404,16.312056737588655
E00065902,185,50,15,35,135,118,17,27.027027027027028,8.108108108108109,18.91891891891892,72.97297297297297,63.78378378378379,9.18918918918919
E00065903,130,48,16,32,82,67,15,36.92307692307693,12.307692307692308,24.615384615384617,63.07692307692307,51.53846153846153,11.538461538461538
E00065904,132,44,15,29,88,73,15,33.33333333333333,11.363636363636363,21.96969696969697,66.66666666666666,55.3030303030303,11.363636363636363
E00065905,153,45,14,31,108,91,17,29.411764705882355,9.15032679738562,20.26143790849673,70.58823529411765,59.47712418300654,11.11111111111111
E00065906,168,57,13,44,111,96,15,33.92857142857143,7.738095238095238,26.190476190476193,66.07142857142857,57.14285714285714,8.928571428571429
E00065907,168,50,14,36,118,100,18,29.761904761904763,8.333333333333332,21.428571428571427,70.23809523809523,59.523809523809526,10.714285714285714
E00065908,87,28,13,15,59,52,7,32.18390804597701,14.942528735632186,17.24137931034483,67.81609195402298,59.77011494252874,8.045977011494253
E00065910,161,56,23,33,105,90,15,34.78260869565217,14.285714285714285,20.496894409937887,65.21739130434783,55.90062111801242,9.316770186335404
E00065911,122,45,18,27,77,68,9,36.885245901639344,14.754098360655737,22.131147540983605,63.114754098360656,55.73770491803278,7.377049180327869
E00065912,128,33,14,19,95,80,15,25.78125,10.9375,14.84375,74.21875,62.5,11.71875
E00065913,175,64,25,39,111,85,26,36.57142857142857,14.285714285714285,22.285714285714285,63.42857142857142,48.57142857142857,14.857142857142858
E00065914,59,25,15,10,34,30,4,42.3728813559322,25.423728813559322,16.94915254237288,57.6271186440678,50.847457627118644,6.779661016949152
E00065916,142,52,12,40,90,76,14,36.61971830985916,8.450704225352112,28.169014084507044,63.38028169014085,53.52112676056338,9.859154929577464
E00065917,139,42,17,25,97,83,14,30.215827338129497,12.23021582733813,17.985611510791365,69.7841726618705,59.71223021582733,10.071942446043165
E00065918,126,42,16,26,84,68,16,33.33333333333333,12.698412698412698,20.634920634920633,66.66666666666666,53.96825396825397,12.698412698412698
E00065919,93,35,10,25,58,48,10,37.634408602150536,10.75268817204301,26.881720430107524,62.365591397849464,51.61290322580645,10.75268817204301
E00065920,121,38,10,28,83,70,13,31.40495867768595,8.264462809917356,23.140495867768596,68.59504132231406,57.85123966942148,10.743801652892563
E00065921,136,39,14,25,97,66,31,28.676470588235293,10.294117647058822,18.38235294117647,71.32352941176471,48.529411764705884,22.794117647058822
E00065922,170,56,23,33,114,96,18,32.94117647058823,13.529411764705882,19.411764705882355,67.05882352941175,56.470588235294116,10.588235294117647
E00065923,198,59,14,45,139,111,28,29.797979797979796,7.07070707070707,22.727272727272727,70.2020202020202,56.060606060606055,14.14141414141414
E00065924,183,65,23,42,118,92,26,35.51912568306011,12.568306010928962,22.950819672131146,64.48087431693989,50.27322404371585,14.207650273224044
E00065925,170,57,19,38,113,98,15,33.52941176470588,11.176470588235295,22.35294117647059,66.47058823529412,57.647058823529406,8.823529411764707
E00065926,213,54,13,41,159,132,27,25.352112676056336,6.103286384976526,19.248826291079812,74.64788732394366,61.97183098591549,12.676056338028168
E00065927,153,39,10,29,114,100,14,25.49019607843137,6.535947712418301,18.954248366013072,74.50980392156863,65.359477124183,9.15032679738562
E00065928,248,67,29,38,181,154,27,27.016129032258064,11.693548387096774,15.32258064516129,72.98387096774194,62.096774193548384,10.887096774193548
E00065929,108,28,7,21,80,64,16,25.925925925925924,6.481481481481481,19.444444444444446,74.07407407407408,59.25925925925925,14.814814814814813
E00065930,155,48,18,30,107,98,9,30.967741935483872,11.612903225806452,19.35483870967742,69.03225806451613,63.2258064516129,5.806451612903226
E00065931,95,34,14,20,61,49,12,35.78947368421053,14.736842105263156,21.052631578947366,64.21052631578948,51.578947368421055,12.631578947368421
E00065932,125,29,12,17,96,63,33,23.200000000000003,9.6,13.600000000000001,76.8,50.4,26.400000000000002
E00065933,92,29,11,18,63,51,12,31.521739130434785,11.956521739130435,19.565217391304348,68.47826086956522,55.434782608695656,13.043478260869565
E00065934,118,38,17,21,80,56,24,32.20338983050847,14.40677966101695,17.796610169491526,67.79661016949152,47.45762711864407,20.33898305084746
E00065935,176,48,11,37,128,106,22,27.27272727272727,6.25,21.022727272727273,72.72727272727273,60.22727272727273,12.5
E00065936,127,43,19,24,84,68,16,33.85826771653544,14.960629921259844,18.89763779527559,66.14173228346458,53.54330708661418,12.598425196850393
E00065937,84,30,11,19,54,49,5,35.714285714285715,13.095238095238097,22.61904761904762,64.28571428571429,58.333333333333336,5.952380952380952
E00065938,148,57,30,27,91,69,22,38.513513513513516,20.27027027027027,18.243243243243242,61.48648648648649,46.62162162162162,14.864864864864865
E00065939,107,37,12,25,70,60,10,34.57943925233645,11.214953271028037,23.364485981308412,65.42056074766354,56.074766355140184,9.345794392523365
E00065940,116,30,14,16,86,69,17,25.862068965517242,12.068965517241379,13.793103448275861,74.13793103448276,59.48275862068966,14.655172413793101
E00065941,92,44,17,27,48,42,6,47.82608695652174,18.478260869565215,29.347826086956523,52.17391304347826,45.65217391304348,6.521739130434782
E00065942,131,46,14,32,85,70,15,35.11450381679389,10.687022900763358,24.427480916030532,64.8854961832061,53.43511450381679,11.450381679389313
E00065943,102,32,12,20,70,56,14,31.372549019607842,11.76470588235294,19.607843137254903,68.62745098039215,54.90196078431373,13.725490196078432
E00065944,140,47,15,32,93,82,11,33.57142857142857,10.714285714285714,22.857142857142858,66.42857142857143,58.57142857142858,7.857142857142857
E00065945,138,36,10,26,102,97,5,26.08695652173913,7.246376811594203,18.84057971014493,73.91304347826086,70.28985507246377,3.6231884057971016
E00065946,131,44,16,28,87,76,11,33.587786259541986,12.213740458015266,21.374045801526716,66.41221374045801,58.01526717557252,8.396946564885496
E00065947,120,42,14,28,78,68,10,35,11.666666666666666,23.333333333333332,65,56.666666666666664,8.333333333333332
E00065948,74,23,7,16,51,47,4,31.08108108108108,9.45945945945946,21.62162162162162,68.91891891891892,63.51351351351351,5.405405405405405
E00065949,124,51,24,27,73,60,13,41.12903225806452,19.35483870967742,21.774193548387096,58.87096774193549,48.38709677419355,10.483870967741936
E00065950,141,38,9,29,103,83,20,26.95035460992908,6.382978723404255,20.56737588652482,73.04964539007092,58.86524822695035,14.184397163120568
E00065951,150,55,20,35,95,80,15,36.666666666666664,13.333333333333334,23.333333333333332,63.33333333333333,53.333333333333336,10
E00065952,116,45,13,32,71,61,10,38.793103448275865,11.206896551724139,27.586206896551722,61.206896551724135,52.58620689655172,8.620689655172415
E00065953,143,39,10,29,104,95,9,27.27272727272727,6.993006993006993,20.27972027972028,72.72727272727273,66.43356643356644,6.293706293706294
E00065954,116,33,10,23,83,70,13,28.448275862068968,8.620689655172415,19.82758620689655,71.55172413793103,60.3448275862069,11.206896551724139
E00065955,105,42,14,28,63,52,11,40,13.333333333333334,26.666666666666668,60,49.523809523809526,10.476190476190476
E00065956,132,43,20,23,89,69,20,32.57575757575758,15.151515151515152,17.424242424242426,67.42424242424242,52.27272727272727,15.151515151515152
E00065957,112,25,8,17,87,78,9,22.321428571428573,7.142857142857142,15.178571428571427,77.67857142857143,69.64285714285714,8.035714285714286
E00065958,165,58,27,31,107,83,24,35.15151515151515,16.363636363636363,18.787878787878785,64.84848484848484,50.303030303030305,14.545454545454545
E00065959,49,11,0,11,38,31,7,22.448979591836736,0,22.448979591836736,77.55102040816327,63.26530612244898,14.285714285714285
E00065960,109,40,13,27,69,60,9,36.69724770642202,11.926605504587156,24.770642201834864,63.30275229357798,55.04587155963303,8.256880733944955
E00065961,100,23,7,16,77,62,15,23,7.000000000000001,16,77,62,15
E00065962,114,36,19,17,78,58,20,31.57894736842105,16.666666666666664,14.912280701754385,68.42105263157895,50.877192982456144,17.543859649122805
E00065963,83,27,11,16,56,47,9,32.53012048192771,13.253012048192772,19.27710843373494,67.46987951807229,56.62650602409639,10.843373493975903
E00065964,164,56,18,38,108,80,28,34.146341463414636,10.975609756097562,23.170731707317074,65.85365853658537,48.78048780487805,17.073170731707318
E00065965,186,47,19,28,139,108,31,25.268817204301076,10.21505376344086,15.053763440860216,74.73118279569893,58.06451612903226,16.666666666666664
E00065966,68,18,6,12,50,37,13,26.47058823529412,8.823529411764707,17.647058823529413,73.52941176470588,54.41176470588235,19.11764705882353
E00065967,110,35,13,22,75,59,16,31.818181818181817,11.818181818181818,20,68.18181818181817,53.63636363636364,14.545454545454545
E00065968,143,39,10,29,104,79,25,27.27272727272727,6.993006993006993,20.27972027972028,72.72727272727273,55.24475524475524,17.482517482517483
E00065969,228,56,20,36,172,141,31,24.561403508771928,8.771929824561402,15.789473684210526,75.43859649122807,61.8421052631579,13.596491228070176
E00065970,226,52,8,44,174,133,41,23.008849557522122,3.5398230088495577,19.469026548672566,76.99115044247787,58.849557522123895,18.141592920353983
E00065971,174,54,14,40,120,100,20,31.03448275862069,8.045977011494253,22.988505747126435,68.96551724137932,57.47126436781609,11.494252873563218
E00065972,159,52,12,40,107,71,36,32.70440251572327,7.547169811320755,25.157232704402517,67.29559748427673,44.65408805031446,22.641509433962266
E00065973,147,39,9,30,108,93,15,26.53061224489796,6.122448979591836,20.408163265306122,73.46938775510205,63.26530612244898,10.204081632653061
E00065974,118,36,10,26,82,59,23,30.508474576271187,8.47457627118644,22.033898305084744,69.49152542372882,50,19.491525423728813
E00065975,135,26,4,22,109,93,16,19.25925925925926,2.9629629629629632,16.296296296296298,80.74074074074075,68.88888888888889,11.851851851851853
E00065976,175,59,22,37,116,82,34,33.714285714285715,12.571428571428573,21.142857142857142,66.28571428571428,46.85714285714286,19.428571428571427
E00065977,165,51,16,35,114,95,19,30.909090909090907,9.696969696969697,21.21212121212121,69.0909090909091,57.57575757575758,11.515151515151516
E00065978,188,45,17,28,143,108,35,23.93617021276596,9.042553191489363,14.893617021276595,76.06382978723404,57.446808510638306,18.617021276595743
E00065980,148,32,10,22,116,91,25,21.62162162162162,6.756756756756757,14.864864864864865,78.37837837837837,61.48648648648649,16.89189189189189
E00065981,118,29,9,20,89,64,25,24.576271186440678,7.627118644067797,16.94915254237288,75.42372881355932,54.23728813559322,21.1864406779661
E00065983,116,30,6,24,86,73,13,25.862068965517242,5.172413793103448,20.689655172413794,74.13793103448276,62.93103448275862,11.206896551724139
E00065984,133,39,14,25,94,76,18,29.32330827067669,10.526315789473683,18.796992481203006,70.67669172932331,57.14285714285714,13.533834586466165
E00065985,129,43,16,27,86,67,19,33.33333333333333,12.4031007751938,20.930232558139537,66.66666666666666,51.93798449612403,14.728682170542637
E00065986,128,27,15,12,101,84,17,21.09375,11.71875,9.375,78.90625,65.625,13.28125
E00065987,106,33,14,19,73,56,17,31.132075471698112,13.20754716981132,17.92452830188679,68.86792452830188,52.83018867924528,16.037735849056602
E00065988,151,42,11,31,109,92,17,27.81456953642384,7.28476821192053,20.52980132450331,72.18543046357617,60.9271523178808,11.258278145695364
E00065989,131,36,11,25,95,73,22,27.480916030534353,8.396946564885496,19.083969465648856,72.51908396946564,55.72519083969466,16.793893129770993
E00065990,86,23,13,10,63,46,17,26.744186046511626,15.11627906976744,11.627906976744185,73.25581395348837,53.48837209302325,19.767441860465116
E00065991,180,41,14,27,139,102,37,22.77777777777778,7.777777777777778,15,77.22222222222223,56.666666666666664,20.555555555555554
E00065992,130,44,16,28,86,69,17,33.84615384615385,12.307692307692308,21.53846153846154,66.15384615384615,53.07692307692308,13.076923076923078
E00065993,135,49,21,28,86,65,21,36.2962962962963,15.555555555555555,20.74074074074074,63.70370370370371,48.148148148148145,15.555555555555555
E00065994,104,34,11,23,70,52,18,32.69230769230769,10.576923076923077,22.115384615384613,67.3076923076923,50,17.307692307692307
E00065995,130,45,22,23,85,68,17,34.61538461538461,16.923076923076923,17.692307692307693,65.38461538461539,52.307692307692314,13.076923076923078
E00065996,62,24,8,16,38,30,8,38.70967741935484,12.903225806451612,25.806451612903224,61.29032258064516,48.38709677419355,12.903225806451612
E00065997,110,44,19,25,66,41,25,40,17.272727272727273,22.727272727272727,60,37.27272727272727,22.727272727272727
E00065998,150,45,13,32,105,83,22,30,8.666666666666668,21.333333333333336,70,55.333333333333336,14.666666666666666
E00065999,193,45,8,37,148,123,25,23.316062176165804,4.145077720207254,19.170984455958546,76.68393782383419,63.730569948186535,12.953367875647666
E00066000,160,54,18,36,106,80,26,33.75,11.25,22.5,66.25,50,16.25
E00066001,130,31,11,20,99,74,25,23.846153846153847,8.461538461538462,15.384615384615385,76.15384615384615,56.92307692307692,19.230769230769234
E00066002,116,24,4,20,92,76,16,20.689655172413794,3.4482758620689653,17.24137931034483,79.3103448275862,65.51724137931035,13.793103448275861
E00066003,156,42,12,30,114,94,20,26.923076923076923,7.6923076923076925,19.230769230769234,73.07692307692307,60.256410256410255,12.82051282051282
E00066004,188,44,8,36,144,115,29,23.404255319148938,4.25531914893617,19.148936170212767,76.59574468085107,61.170212765957444,15.425531914893616
E00066005,113,29,14,15,84,73,11,25.663716814159294,12.389380530973451,13.274336283185843,74.33628318584071,64.60176991150442,9.734513274336283
E00066006,186,57,19,38,129,100,29,30.64516129032258,10.21505376344086,20.43010752688172,69.35483870967742,53.76344086021505,15.591397849462366
E00066007,129,39,15,24,90,70,20,30.23255813953488,11.627906976744185,18.6046511627907,69.76744186046511,54.263565891472865,15.503875968992247
E00066008,136,47,14,33,89,75,14,34.55882352941176,10.294117647058822,24.264705882352942,65.44117647058823,55.14705882352941,10.294117647058822
E00066009,113,28,4,24,85,67,18,24.778761061946902,3.5398230088495577,21.238938053097346,75.22123893805309,59.29203539823009,15.929203539823009
E00066010,66,21,6,15,45,33,12,31.818181818181817,9.090909090909092,22.727272727272727,68.18181818181817,50,18.181818181818183
E00066011,109,31,10,21,78,60,18,28.440366972477065,9.174311926605505,19.26605504587156,71.55963302752293,55.04587155963303,16.51376146788991
E00066012,164,51,15,36,113,94,19,31.097560975609756,9.146341463414634,21.951219512195124,68.90243902439023,57.3170731707317,11.585365853658537
E00066013,106,39,14,25,67,62,5,36.79245283018868,13.20754716981132,23.58490566037736,63.20754716981132,58.490566037735846,4.716981132075472
E00066014,92,24,11,13,68,43,25,26.08695652173913,11.956521739130435,14.130434782608695,73.91304347826086,46.73913043478261,27.173913043478258
E00066015,76,20,3,17,56,40,16,26.31578947368421,3.9473684210526314,22.36842105263158,73.68421052631578,52.63157894736842,21.052631578947366
E00066016,128,41,20,21,87,65,22,32.03125,15.625,16.40625,67.96875,50.78125,17.1875
E00066017,166,56,21,35,110,84,26,33.734939759036145,12.650602409638553,21.084337349397593,66.26506024096386,50.602409638554214,15.66265060240964
E00066018,169,62,19,43,107,86,21,36.68639053254438,11.242603550295858,25.443786982248522,63.31360946745562,50.887573964497044,12.42603550295858
E00066019,66,20,6,14,46,37,9,30.303030303030305,9.090909090909092,21.21212121212121,69.6969696969697,56.060606060606055,13.636363636363635
E00066020,109,35,11,24,74,53,21,32.11009174311927,10.091743119266056,22.018348623853214,67.88990825688074,48.62385321100918,19.26605504587156
E00066021,125,42,21,21,83,66,17,33.6,16.8,16.8,66.4,52.800000000000004,13.600000000000001
E00066022,190,58,16,42,132,110,22,30.526315789473685,8.421052631578947,22.105263157894736,69.47368421052632,57.89473684210527,11.578947368421053
E00066023,84,34,7,27,50,43,7,40.476190476190474,8.333333333333332,32.142857142857146,59.523809523809526,51.19047619047619,8.333333333333332
E00066024,84,34,15,19,50,41,9,40.476190476190474,17.857142857142858,22.61904761904762,59.523809523809526,48.80952380952381,10.714285714285714
E00066025,106,48,17,31,58,52,6,45.28301886792453,16.037735849056602,29.245283018867923,54.71698113207547,49.056603773584904,5.660377358490567
E00066026,70,32,6,26,38,27,11,45.714285714285715,8.571428571428571,37.142857142857146,54.285714285714285,38.57142857142858,15.714285714285714
E00066027,104,43,11,32,61,49,12,41.34615384615385,10.576923076923077,30.76923076923077,58.65384615384615,47.11538461538461,11.538461538461538
E00066028,137,61,15,46,76,61,15,44.52554744525548,10.948905109489052,33.57664233576642,55.47445255474452,44.52554744525548,10.948905109489052
E00066029,99,38,9,29,61,48,13,38.38383838383838,9.090909090909092,29.292929292929294,61.61616161616161,48.484848484848484,13.131313131313133
E00066030,96,39,19,20,57,50,7,40.625,19.791666666666664,20.833333333333336,59.375,52.083333333333336,7.291666666666667
E00066031,137,46,14,32,91,80,11,33.57664233576642,10.218978102189782,23.357664233576642,66.42335766423358,58.3941605839416,8.02919708029197
E00066032,90,34,8,26,56,50,6,37.77777777777778,8.88888888888889,28.888888888888886,62.22222222222222,55.55555555555556,6.666666666666667
E00066033,116,47,15,32,69,55,14,40.51724137931034,12.931034482758621,27.586206896551722,59.48275862068966,47.41379310344828,12.068965517241379
E00066034,78,35,9,26,43,38,5,44.871794871794876,11.538461538461538,33.33333333333333,55.12820512820513,48.717948717948715,6.41025641025641
E00066035,102,33,5,28,69,57,12,32.35294117647059,4.901960784313726,27.450980392156865,67.64705882352942,55.88235294117647,11.76470588235294
E00066036,34,13,7,6,21,19,2,38.23529411764706,20.588235294117645,17.647058823529413,61.76470588235294,55.88235294117647,5.88235294117647
E00066037,82,19,3,16,63,56,7,23.170731707317074,3.6585365853658534,19.51219512195122,76.82926829268293,68.29268292682927,8.536585365853659
E00066038,42,17,3,14,25,21,4,40.476190476190474,7.142857142857142,33.33333333333333,59.523809523809526,50,9.523809523809524
E00066039,67,24,10,14,43,31,12,35.82089552238806,14.925373134328357,20.8955223880597,64.17910447761194,46.26865671641791,17.91044776119403
E00066040,118,43,14,29,75,60,15,36.440677966101696,11.864406779661017,24.576271186440678,63.559322033898304,50.847457627118644,12.711864406779661
E00066041,103,33,9,24,70,59,11,32.038834951456316,8.737864077669903,23.300970873786408,67.96116504854369,57.28155339805825,10.679611650485436
E00066042,58,32,7,25,26,21,5,55.172413793103445,12.068965517241379,43.103448275862064,44.827586206896555,36.206896551724135,8.620689655172415
E00066043,168,44,14,30,124,98,26,26.190476190476193,8.333333333333332,17.857142857142858,73.80952380952381,58.333333333333336,15.476190476190476
E00066044,150,44,20,24,106,90,16,29.333333333333332,13.333333333333334,16,70.66666666666667,60,10.666666666666668
E00066045,165,54,20,34,111,83,28,32.72727272727273,12.121212121212121,20.606060606060606,67.27272727272727,50.303030303030305,16.969696969696972
E00066046,133,44,21,23,89,59,30,33.08270676691729,15.789473684210526,17.293233082706767,66.9172932330827,44.3609022556391,22.55639097744361
E00066047,142,42,12,30,100,87,13,29.577464788732392,8.450704225352112,21.12676056338028,70.4225352112676,61.267605633802816,9.15492957746479
E00066048,143,39,16,23,104,89,15,27.27272727272727,11.188811188811188,16.083916083916083,72.72727272727273,62.23776223776224,10.48951048951049
E00066049,177,57,23,34,120,88,32,32.20338983050847,12.994350282485875,19.2090395480226,67.79661016949152,49.717514124293785,18.07909604519774
E00066050,149,46,16,30,103,89,14,30.87248322147651,10.738255033557047,20.13422818791946,69.12751677852349,59.73154362416108,9.395973154362416
E00066051,151,48,24,24,103,79,24,31.788079470198678,15.894039735099339,15.894039735099339,68.21192052980133,52.317880794701985,15.894039735099339
E00066052,191,55,16,39,136,112,24,28.79581151832461,8.37696335078534,20.418848167539267,71.20418848167539,58.63874345549738,12.56544502617801
E00066053,175,64,27,37,111,79,32,36.57142857142857,15.428571428571427,21.142857142857142,63.42857142857142,45.14285714285714,18.285714285714285
E00066054,160,51,17,34,109,81,28,31.874999999999996,10.625,21.25,68.125,50.625,17.5
E00066055,168,65,26,39,103,73,30,38.69047619047619,15.476190476190476,23.214285714285715,61.30952380952381,43.452380952380956,17.857142857142858
E00066056,115,39,16,23,76,58,18,33.91304347826087,13.91304347826087,20,66.08695652173913,50.43478260869565,15.65217391304348
E00066057,115,45,20,25,70,57,13,39.130434782608695,17.391304347826086,21.73913043478261,60.86956521739131,49.56521739130435,11.304347826086957
E00066058,142,40,13,27,102,81,21,28.169014084507044,9.15492957746479,19.014084507042252,71.83098591549296,57.04225352112676,14.788732394366196
E00066059,145,50,17,33,95,70,25,34.48275862068966,11.724137931034482,22.758620689655174,65.51724137931035,48.275862068965516,17.24137931034483
E00066060,134,46,14,32,88,74,14,34.32835820895522,10.44776119402985,23.88059701492537,65.67164179104478,55.223880597014926,10.44776119402985
E00066061,190,55,19,36,135,110,25,28.947368421052634,10,18.947368421052634,71.05263157894737,57.89473684210527,13.157894736842104
E00066062,195,60,22,38,135,118,17,30.76923076923077,11.282051282051283,19.48717948717949,69.23076923076923,60.51282051282051,8.717948717948717
E00066063,134,42,12,30,92,82,10,31.343283582089555,8.955223880597014,22.388059701492537,68.65671641791045,61.19402985074627,7.462686567164178
E00066064,144,40,17,23,104,89,15,27.77777777777778,11.805555555555555,15.972222222222221,72.22222222222221,61.80555555555556,10.416666666666668
E00066065,94,34,12,22,60,46,14,36.17021276595745,12.76595744680851,23.404255319148938,63.829787234042556,48.93617021276596,14.893617021276595
E00066066,177,44,12,32,133,88,45,24.858757062146893,6.779661016949152,18.07909604519774,75.14124293785311,49.717514124293785,25.423728813559322
E00066067,111,30,20,10,81,63,18,27.027027027027028,18.01801801801802,9.00900900900901,72.97297297297297,56.75675675675676,16.216216216216218
E00066068,97,24,10,14,73,50,23,24.742268041237114,10.309278350515463,14.432989690721648,75.25773195876289,51.546391752577314,23.711340206185564
E00066071,72,23,5,18,49,37,12,31.944444444444443,6.944444444444445,25,68.05555555555556,51.388888888888886,16.666666666666664
E00066072,152,37,13,24,115,87,28,24.342105263157894,8.552631578947368,15.789473684210526,75.6578947368421,57.23684210526315,18.421052631578945
E00066073,152,41,8,33,111,98,13,26.973684210526315,5.263157894736842,21.710526315789476,73.02631578947368,64.47368421052632,8.552631578947368
E00066074,79,30,4,26,49,41,8,37.9746835443038,5.063291139240507,32.91139240506329,62.0253164556962,51.89873417721519,10.126582278481013
E00066075,117,36,13,23,81,70,11,30.76923076923077,11.11111111111111,19.65811965811966,69.23076923076923,59.82905982905983,9.401709401709402
E00066076,117,31,7,24,86,77,9,26.495726495726498,5.982905982905983,20.51282051282051,73.50427350427351,65.8119658119658,7.6923076923076925
E00066077,92,28,8,20,64,57,7,30.434782608695656,8.695652173913043,21.73913043478261,69.56521739130434,61.95652173913043,7.608695652173914
E00066078,153,41,9,32,112,91,21,26.797385620915033,5.88235294117647,20.915032679738562,73.20261437908496,59.47712418300654,13.725490196078432
E00066080,132,27,13,14,105,93,12,20.454545454545457,9.848484848484848,10.606060606060606,79.54545454545455,70.45454545454545,9.090909090909092
E00066081,118,36,10,26,82,70,12,30.508474576271187,8.47457627118644,22.033898305084744,69.49152542372882,59.32203389830508,10.16949152542373
E00066082,108,39,12,27,69,58,11,36.11111111111111,11.11111111111111,25,63.888888888888886,53.70370370370371,10.185185185185185
E00066083,128,42,19,23,86,72,14,32.8125,14.84375,17.96875,67.1875,56.25,10.9375
E00066084,136,48,18,30,88,66,22,35.294117647058826,13.23529411764706,22.058823529411764,64.70588235294117,48.529411764705884,16.176470588235293
E00066085,143,46,22,24,97,78,19,32.16783216783217,15.384615384615385,16.783216783216783,67.83216783216784,54.54545454545454,13.286713286713287
E00066086,120,37,11,26,83,73,10,30.833333333333336,9.166666666666666,21.666666666666668,69.16666666666667,60.83333333333333,8.333333333333332
E00066087,120,30,7,23,90,71,19,25,5.833333333333333,19.166666666666668,75,59.166666666666664,15.833333333333332
E00066088,110,34,12,22,76,67,9,30.909090909090907,10.909090909090908,20,69.0909090909091,60.909090909090914,8.181818181818182
E00066089,100,35,13,22,65,62,3,35,13,22,65,62,3
E00066090,142,58,20,38,84,72,12,40.845070422535215,14.084507042253522,26.76056338028169,59.154929577464785,50.70422535211267,8.450704225352112
E00066091,103,33,9,24,70,53,17,32.038834951456316,8.737864077669903,23.300970873786408,67.96116504854369,51.45631067961165,16.50485436893204
E00066092,64,19,8,11,45,40,5,29.6875,12.5,17.1875,70.3125,62.5,7.8125
E00066093,142,36,12,24,106,86,20,25.352112676056336,8.450704225352112,16.901408450704224,74.64788732394366,60.56338028169014,14.084507042253522
E00066094,109,38,5,33,71,60,11,34.862385321100916,4.587155963302752,30.275229357798167,65.13761467889908,55.04587155963303,10.091743119266056
E00066095,130,43,17,26,87,70,17,33.07692307692307,13.076923076923078,20,66.92307692307692,53.84615384615385,13.076923076923078
E00066096,120,41,7,34,79,68,11,34.166666666666664,5.833333333333333,28.333333333333332,65.83333333333333,56.666666666666664,9.166666666666666
E00066097,132,52,18,34,80,70,10,39.39393939393939,13.636363636363635,25.757575757575758,60.60606060606061,53.03030303030303,7.575757575757576
E00066098,249,68,17,51,181,148,33,27.309236947791167,6.827309236947792,20.481927710843372,72.69076305220884,59.43775100401606,13.253012048192772
E00066099,184,55,21,34,129,112,17,29.891304347826086,11.41304347826087,18.478260869565215,70.1086956521739,60.86956521739131,9.239130434782608
E00066100,203,56,21,35,147,129,18,27.586206896551722,10.344827586206897,17.24137931034483,72.41379310344827,63.54679802955665,8.866995073891626
E00066101,124,30,4,26,94,80,14,24.193548387096776,3.225806451612903,20.967741935483872,75.80645161290323,64.51612903225806,11.29032258064516
E00066102,170,45,16,29,125,95,30,26.47058823529412,9.411764705882353,17.058823529411764,73.52941176470588,55.88235294117647,17.647058823529413
E00066103,193,55,12,43,138,104,34,28.497409326424872,6.217616580310881,22.279792746113987,71.50259067357513,53.8860103626943,17.616580310880828
E00066104,105,30,7,23,75,62,13,28.57142857142857,6.666666666666667,21.904761904761905,71.42857142857143,59.04761904761905,12.380952380952381
E00066105,100,31,10,21,69,61,8,31,10,21,69,61,8
E00066106,102,31,7,24,71,54,17,30.392156862745097,6.862745098039216,23.52941176470588,69.6078431372549,52.94117647058824,16.666666666666664
E00066107,158,52,13,39,106,81,25,32.91139240506329,8.227848101265822,24.68354430379747,67.08860759493672,51.26582278481012,15.822784810126583
E00066108,159,53,13,40,106,89,17,33.33333333333333,8.176100628930817,25.157232704402517,66.66666666666666,55.9748427672956,10.69182389937107
E00066109,129,38,10,28,91,75,16,29.457364341085274,7.751937984496124,21.705426356589147,70.54263565891473,58.139534883720934,12.4031007751938
E00066110,209,48,16,32,161,122,39,22.966507177033492,7.655502392344498,15.311004784688995,77.03349282296651,58.3732057416268,18.660287081339714
E00066111,136,48,12,36,88,69,19,35.294117647058826,8.823529411764707,26.47058823529412,64.70588235294117,50.73529411764706,13.970588235294118
E00066112,245,60,19,41,185,146,39,24.489795918367346,7.755102040816326,16.73469387755102,75.51020408163265,59.591836734693885,15.918367346938775
E00066113,124,34,10,24,90,69,21,27.419354838709676,8.064516129032258,19.35483870967742,72.58064516129032,55.64516129032258,16.93548387096774
E00066114,111,30,10,20,81,69,12,27.027027027027028,9.00900900900901,18.01801801801802,72.97297297297297,62.16216216216216,10.81081081081081
E00066115,146,37,17,20,109,85,24,25.34246575342466,11.643835616438356,13.698630136986301,74.65753424657534,58.21917808219178,16.43835616438356
E00066116,114,32,9,23,82,69,13,28.07017543859649,7.894736842105263,20.175438596491226,71.9298245614035,60.526315789473685,11.403508771929824
E00066117,112,41,8,33,71,63,8,36.607142857142854,7.142857142857142,29.464285714285715,63.39285714285714,56.25,7.142857142857142
E00066118,84,27,6,21,57,51,6,32.142857142857146,7.142857142857142,25,67.85714285714286,60.71428571428571,7.142857142857142
E00066119,163,49,11,38,114,105,9,30.061349693251532,6.748466257668712,23.31288343558282,69.93865030674846,64.41717791411043,5.521472392638037
E00066121,136,45,12,33,91,77,14,33.088235294117645,8.823529411764707,24.264705882352942,66.91176470588235,56.61764705882353,10.294117647058822
E00066122,185,59,16,43,126,114,12,31.891891891891895,8.64864864864865,23.243243243243246,68.10810810810811,61.62162162162163,6.486486486486487
E00066123,116,35,6,29,81,74,7,30.17241379310345,5.172413793103448,25,69.82758620689656,63.793103448275865,6.0344827586206895
E00066125,129,45,12,33,84,71,13,34.883720930232556,9.30232558139535,25.581395348837212,65.11627906976744,55.03875968992248,10.077519379844961
E00066126,82,27,9,18,55,46,9,32.926829268292686,10.975609756097562,21.951219512195124,67.07317073170732,56.09756097560976,10.975609756097562
E00066127,136,42,9,33,94,84,10,30.88235294117647,6.61764705882353,24.264705882352942,69.11764705882352,61.76470588235294,7.352941176470589
E00066128,123,44,11,33,79,67,12,35.77235772357724,8.94308943089431,26.82926829268293,64.22764227642277,54.47154471544715,9.75609756097561
E00066129,125,54,15,39,71,65,6,43.2,12,31.2,56.8,52,4.8
E00066130,132,43,19,24,89,82,7,32.57575757575758,14.393939393939394,18.181818181818183,67.42424242424242,62.121212121212125,5.303030303030303
E00066131,133,52,12,40,81,65,16,39.097744360902254,9.022556390977442,30.075187969924812,60.902255639097746,48.87218045112782,12.030075187969924
E00066132,97,30,9,21,67,57,10,30.927835051546392,9.278350515463918,21.649484536082475,69.0721649484536,58.76288659793815,10.309278350515463
E00066133,126,35,16,19,91,81,10,27.77777777777778,12.698412698412698,15.079365079365079,72.22222222222221,64.28571428571429,7.936507936507936
E00066134,126,36,12,24,90,78,12,28.57142857142857,9.523809523809524,19.047619047619047,71.42857142857143,61.904761904761905,9.523809523809524
E00066135,137,56,13,43,81,73,8,40.87591240875913,9.48905109489051,31.386861313868614,59.12408759124088,53.284671532846716,5.839416058394161
E00066136,258,67,23,44,191,150,41,25.968992248062015,8.914728682170542,17.05426356589147,74.03100775193798,58.139534883720934,15.891472868217054
E00066137,155,47,12,35,108,92,16,30.32258064516129,7.741935483870968,22.58064516129032,69.6774193548387,59.354838709677416,10.32258064516129
E00066138,180,54,12,42,126,107,19,30,6.666666666666667,23.333333333333332,70,59.44444444444444,10.555555555555555
E00066139,49,21,4,17,28,22,6,42.857142857142854,8.16326530612245,34.69387755102041,57.14285714285714,44.89795918367347,12.244897959183673
E00066140,138,37,12,25,101,78,23,26.811594202898554,8.695652173913043,18.115942028985508,73.18840579710145,56.52173913043478,16.666666666666664
E00066141,48,14,6,8,34,32,2,29.166666666666668,12.5,16.666666666666664,70.83333333333334,66.66666666666666,4.166666666666666
E00066142,72,19,3,16,53,46,7,26.38888888888889,4.166666666666666,22.22222222222222,73.61111111111111,63.888888888888886,9.722222222222223
E00066143,167,48,16,32,119,96,23,28.74251497005988,9.580838323353294,19.16167664670659,71.25748502994011,57.48502994011976,13.77245508982036
E00066144,139,45,7,38,94,81,13,32.37410071942446,5.0359712230215825,27.33812949640288,67.62589928057554,58.27338129496403,9.352517985611511
E00066145,135,38,8,30,97,84,13,28.14814814814815,5.9259259259259265,22.22222222222222,71.85185185185186,62.22222222222222,9.62962962962963
E00066146,171,49,11,38,122,102,20,28.654970760233915,6.432748538011696,22.22222222222222,71.34502923976608,59.64912280701754,11.695906432748536
E00066147,132,40,17,23,92,77,15,30.303030303030305,12.878787878787879,17.424242424242426,69.6969696969697,58.333333333333336,11.363636363636363
E00066148,147,42,15,27,105,86,19,28.57142857142857,10.204081632653061,18.367346938775512,71.42857142857143,58.50340136054422,12.925170068027212
E00066149,186,71,21,50,115,106,9,38.17204301075269,11.29032258064516,26.881720430107524,61.82795698924731,56.98924731182796,4.838709677419355
E00066150,292,82,27,55,210,183,27,28.08219178082192,9.246575342465754,18.835616438356166,71.91780821917808,62.671232876712324,9.246575342465754
E00066151,152,57,29,28,95,84,11,37.5,19.078947368421055,18.421052631578945,62.5,55.26315789473685,7.236842105263158
E00066152,169,63,25,38,106,80,26,37.278106508875744,14.792899408284024,22.485207100591715,62.721893491124256,47.337278106508876,15.384615384615385
E00066153,150,55,22,33,95,72,23,36.666666666666664,14.666666666666666,22,63.33333333333333,48,15.333333333333332
E00066154,187,57,18,39,130,107,23,30.481283422459892,9.62566844919786,20.855614973262032,69.5187165775401,57.21925133689839,12.299465240641712
E00066155,165,61,24,37,104,75,29,36.96969696969697,14.545454545454545,22.424242424242426,63.030303030303024,45.45454545454545,17.575757575757574
E00066156,128,40,17,23,88,77,11,31.25,13.28125,17.96875,68.75,60.15625,8.59375
E00066157,110,26,14,12,84,75,9,23.636363636363637,12.727272727272727,10.909090909090908,76.36363636363637,68.18181818181817,8.181818181818182
E00066158,50,18,10,8,32,28,4,36,20,16,64,56.00000000000001,8
E00066159,151,41,21,20,110,92,18,27.1523178807947,13.90728476821192,13.245033112582782,72.84768211920529,60.9271523178808,11.920529801324504
E00066160,95,27,5,22,68,58,10,28.421052631578945,5.263157894736842,23.157894736842106,71.57894736842105,61.05263157894737,10.526315789473683
E00066161,184,69,23,46,115,93,22,37.5,12.5,25,62.5,50.54347826086957,11.956521739130435
E00066162,128,49,17,32,79,53,26,38.28125,13.28125,25,61.71875,41.40625,20.3125
E00066163,224,73,28,45,151,119,32,32.589285714285715,12.5,20.089285714285715,67.41071428571429,53.125,14.285714285714285
E00066164,191,58,18,40,133,110,23,30.36649214659686,9.424083769633508,20.94240837696335,69.63350785340315,57.59162303664922,12.041884816753926
E00066165,168,54,14,40,114,99,15,32.142857142857146,8.333333333333332,23.809523809523807,67.85714285714286,58.92857142857143,8.928571428571429
E00066166,117,36,14,22,81,65,16,30.76923076923077,11.965811965811966,18.803418803418804,69.23076923076923,55.55555555555556,13.675213675213676
E00066167,182,60,26,34,122,99,23,32.967032967032964,14.285714285714285,18.681318681318682,67.03296703296702,54.395604395604394,12.637362637362637
E00066168,101,30,12,18,71,56,15,29.7029702970297,11.881188118811881,17.82178217821782,70.29702970297029,55.44554455445545,14.85148514851485
E00066169,132,45,12,33,87,68,19,34.090909090909086,9.090909090909092,25,65.9090909090909,51.515151515151516,14.393939393939394
E00066170,71,28,15,13,43,39,4,39.436619718309856,21.12676056338028,18.30985915492958,60.56338028169014,54.929577464788736,5.633802816901409
E00066171,129,42,12,30,87,68,19,32.55813953488372,9.30232558139535,23.25581395348837,67.44186046511628,52.71317829457365,14.728682170542637
E00066172,110,36,14,22,74,55,19,32.72727272727273,12.727272727272727,20,67.27272727272727,50,17.272727272727273
E00066173,185,47,15,32,138,120,18,25.405405405405407,8.108108108108109,17.2972972972973,74.5945945945946,64.86486486486487,9.72972972972973
E00066174,135,49,15,34,86,73,13,36.2962962962963,11.11111111111111,25.185185185185183,63.70370370370371,54.074074074074076,9.62962962962963
E00066175,178,53,18,35,125,113,12,29.775280898876407,10.112359550561797,19.662921348314608,70.2247191011236,63.48314606741573,6.741573033707865
E00066176,106,40,8,32,66,61,5,37.735849056603776,7.547169811320755,30.18867924528302,62.264150943396224,57.54716981132076,4.716981132075472
E00066177,136,43,10,33,93,76,17,31.61764705882353,7.352941176470589,24.264705882352942,68.38235294117648,55.88235294117647,12.5
E00066178,67,29,12,17,38,33,5,43.28358208955223,17.91044776119403,25.37313432835821,56.71641791044776,49.25373134328358,7.462686567164178
E00066179,107,31,10,21,76,63,13,28.971962616822427,9.345794392523365,19.626168224299064,71.02803738317756,58.87850467289719,12.149532710280374
E00066180,132,43,15,28,89,70,19,32.57575757575758,11.363636363636363,21.21212121212121,67.42424242424242,53.03030303030303,14.393939393939394
E00066181,121,43,11,32,78,63,15,35.53719008264463,9.090909090909092,26.446280991735538,64.46280991735537,52.066115702479344,12.396694214876034
E00066182,123,35,11,24,88,70,18,28.455284552845526,8.94308943089431,19.51219512195122,71.54471544715447,56.91056910569105,14.634146341463413
E00066183,153,48,14,34,105,86,19,31.372549019607842,9.15032679738562,22.22222222222222,68.62745098039215,56.209150326797385,12.418300653594772
E00066184,101,32,10,22,69,60,9,31.683168316831683,9.900990099009901,21.782178217821784,68.31683168316832,59.4059405940594,8.91089108910891
E00066185,108,28,12,16,80,59,21,25.925925925925924,11.11111111111111,14.814814814814813,74.07407407407408,54.629629629629626,19.444444444444446
E00066186,210,64,18,46,146,120,26,30.476190476190478,8.571428571428571,21.904761904761905,69.52380952380952,57.14285714285714,12.380952380952381
E00066187,154,49,8,41,105,94,11,31.818181818181817,5.194805194805195,26.623376623376622,68.18181818181817,61.038961038961034,7.142857142857142
E00066188,115,38,12,26,77,65,12,33.04347826086956,10.434782608695652,22.608695652173914,66.95652173913044,56.52173913043478,10.434782608695652
E00066189,154,57,21,36,97,88,9,37.01298701298701,13.636363636363635,23.376623376623375,62.98701298701299,57.14285714285714,5.844155844155844
E00066190,131,38,10,28,93,77,16,29.00763358778626,7.633587786259542,21.374045801526716,70.99236641221374,58.778625954198475,12.213740458015266
E00066191,152,40,15,25,112,96,16,26.31578947368421,9.868421052631579,16.447368421052634,73.68421052631578,63.1578947368421,10.526315789473683
E00066192,107,28,7,21,79,61,18,26.168224299065418,6.5420560747663545,19.626168224299064,73.83177570093457,57.009345794392516,16.822429906542055
E00066193,175,50,20,30,125,106,19,28.57142857142857,11.428571428571429,17.142857142857142,71.42857142857143,60.57142857142858,10.857142857142858
E00066194,131,35,9,26,96,85,11,26.717557251908396,6.870229007633588,19.84732824427481,73.2824427480916,64.8854961832061,8.396946564885496
E00066195,125,36,8,28,89,78,11,28.799999999999997,6.4,22.400000000000002,71.2,62.4,8.799999999999999
E00066196,111,30,11,19,81,57,24,27.027027027027028,9.90990990990991,17.117117117117118,72.97297297297297,51.35135135135135,21.62162162162162
E00066197,124,42,13,29,82,53,29,33.87096774193548,10.483870967741936,23.387096774193548,66.12903225806451,42.74193548387097,23.387096774193548
E00066198,151,56,24,32,95,79,16,37.086092715231786,15.894039735099339,21.192052980132452,62.913907284768214,52.317880794701985,10.596026490066226
E00066199,122,32,14,18,90,65,25,26.229508196721312,11.475409836065573,14.754098360655737,73.77049180327869,53.278688524590166,20.491803278688526
E00066200,66,18,8,10,48,36,12,27.27272727272727,12.121212121212121,15.151515151515152,72.72727272727273,54.54545454545454,18.181818181818183
E00066201,154,42,14,28,112,79,33,27.27272727272727,9.090909090909092,18.181818181818183,72.72727272727273,51.298701298701296,21.428571428571427
E00066202,160,44,15,29,116,70,46,27.500000000000004,9.375,18.125,72.5,43.75,28.749999999999996
E00066203,100,31,10,21,69,57,12,31,10,21,69,56.99999999999999,12
E00066204,213,65,25,40,148,117,31,30.51643192488263,11.737089201877934,18.779342723004692,69.48356807511738,54.929577464788736,14.553990610328638
E00066205,167,51,19,32,116,91,25,30.538922155688624,11.377245508982035,19.16167664670659,69.46107784431138,54.49101796407185,14.97005988023952
E00066207,120,35,14,21,85,54,31,29.166666666666668,11.666666666666666,17.5,70.83333333333334,45,25.833333333333336
E00066208,71,27,10,17,44,31,13,38.028169014084504,14.084507042253522,23.943661971830984,61.97183098591549,43.66197183098591,18.30985915492958
E00066209,111,40,13,27,71,54,17,36.03603603603604,11.711711711711711,24.324324324324326,63.96396396396396,48.64864864864865,15.315315315315313
E00066210,167,50,21,29,117,76,41,29.94011976047904,12.574850299401197,17.365269461077844,70.05988023952095,45.50898203592814,24.550898203592812
E00066211,74,26,14,12,48,34,14,35.13513513513514,18.91891891891892,16.216216216216218,64.86486486486487,45.94594594594595,18.91891891891892
E00066212,83,28,10,18,55,44,11,33.734939759036145,12.048192771084338,21.686746987951807,66.26506024096386,53.01204819277109,13.253012048192772
E00066213,216,51,17,34,165,140,25,23.61111111111111,7.87037037037037,15.74074074074074,76.38888888888889,64.81481481481481,11.574074074074074
E00066215,167,43,17,26,124,98,26,25.748502994011975,10.179640718562874,15.568862275449103,74.25149700598801,58.68263473053892,15.568862275449103
E00066217,208,62,28,34,146,122,24,29.807692307692307,13.461538461538462,16.346153846153847,70.1923076923077,58.65384615384615,11.538461538461538
E00066218,137,41,14,27,96,80,16,29.927007299270077,10.218978102189782,19.708029197080293,70.07299270072993,58.3941605839416,11.678832116788321
E00066219,120,31,8,23,89,80,9,25.833333333333336,6.666666666666667,19.166666666666668,74.16666666666667,66.66666666666666,7.5
E00066220,203,61,13,48,142,124,18,30.049261083743843,6.403940886699508,23.645320197044335,69.95073891625616,61.083743842364534,8.866995073891626
E00066221,69,29,16,13,40,28,12,42.028985507246375,23.18840579710145,18.84057971014493,57.971014492753625,40.57971014492754,17.391304347826086
E00066223,172,50,13,37,122,98,24,29.069767441860467,7.55813953488372,21.511627906976745,70.93023255813954,56.97674418604651,13.953488372093023
E00066224,138,48,16,32,90,75,15,34.78260869565217,11.594202898550725,23.18840579710145,65.21739130434783,54.347826086956516,10.869565217391305
E00066225,121,32,12,20,89,74,15,26.446280991735538,9.917355371900827,16.528925619834713,73.55371900826447,61.15702479338842,12.396694214876034
E00066226,141,39,11,28,102,73,29,27.659574468085108,7.801418439716312,19.858156028368796,72.3404255319149,51.77304964539007,20.56737588652482
E00066227,250,84,23,61,166,143,23,33.6,9.2,24.4,66.4,57.199999999999996,9.2
E00066228,176,63,22,41,113,95,18,35.79545454545455,12.5,23.295454545454543,64.20454545454545,53.97727272727273,10.227272727272728
E00066229,114,33,9,24,81,65,16,28.947368421052634,7.894736842105263,21.052631578947366,71.05263157894737,57.01754385964912,14.035087719298245
E00066230,141,47,12,35,94,69,25,33.33333333333333,8.51063829787234,24.822695035460992,66.66666666666666,48.93617021276596,17.73049645390071
E00066231,259,75,31,44,184,143,41,28.957528957528954,11.96911196911197,16.988416988416986,71.04247104247105,55.21235521235521,15.83011583011583
E00066232,168,54,21,33,114,83,31,32.142857142857146,12.5,19.642857142857142,67.85714285714286,49.404761904761905,18.452380952380953
E00066233,106,30,12,18,76,41,35,28.30188679245283,11.320754716981133,16.9811320754717,71.69811320754717,38.67924528301887,33.0188679245283
E00066234,154,57,19,38,97,76,21,37.01298701298701,12.337662337662337,24.675324675324674,62.98701298701299,49.35064935064935,13.636363636363635
E00066235,127,33,11,22,94,64,30,25.984251968503933,8.661417322834646,17.322834645669293,74.01574803149606,50.39370078740157,23.62204724409449
E00066236,75,23,10,13,52,32,20,30.666666666666664,13.333333333333334,17.333333333333336,69.33333333333334,42.66666666666667,26.666666666666668
E00066237,127,37,11,26,90,65,25,29.133858267716533,8.661417322834646,20.47244094488189,70.86614173228347,51.181102362204726,19.68503937007874
E00066238,169,48,18,30,121,96,25,28.402366863905325,10.650887573964498,17.75147928994083,71.59763313609467,56.80473372781065,14.792899408284024
E00066239,116,46,17,29,70,42,28,39.6551724137931,14.655172413793101,25,60.3448275862069,36.206896551724135,24.137931034482758
E00066240,242,76,29,47,166,120,46,31.40495867768595,11.983471074380166,19.421487603305785,68.59504132231406,49.586776859504134,19.00826446280992
E00066241,293,75,26,49,218,177,41,25.597269624573375,8.873720136518772,16.723549488054605,74.40273037542661,60.40955631399317,13.993174061433447
E00066242,67,20,7,13,47,35,12,29.850746268656714,10.44776119402985,19.402985074626866,70.1492537313433,52.23880597014925,17.91044776119403
E00066243,58,15,10,5,43,25,18,25.862068965517242,17.24137931034483,8.620689655172415,74.13793103448276,43.103448275862064,31.03448275862069
E00066245,71,20,7,13,51,45,6,28.169014084507044,9.859154929577464,18.30985915492958,71.83098591549296,63.38028169014085,8.450704225352112
E00066246,133,50,19,31,83,62,21,37.59398496240601,14.285714285714285,23.308270676691727,62.40601503759399,46.616541353383454,15.789473684210526
E00165823,173,44,15,29,129,116,13,25.43352601156069,8.670520231213873,16.76300578034682,74.56647398843931,67.05202312138728,7.514450867052023
E00174848,140,36,13,23,104,86,18,25.71428571428571,9.285714285714286,16.428571428571427,74.28571428571429,61.42857142857143,12.857142857142856
E00174850,67,22,8,14,45,35,10,32.83582089552239,11.940298507462686,20.8955223880597,67.16417910447761,52.23880597014925,14.925373134328357
E00174851,152,50,15,35,102,75,27,32.89473684210527,9.868421052631579,23.026315789473685,67.10526315789474,49.34210526315789,17.763157894736842
E00174853,156,52,16,36,104,80,24,33.33333333333333,10.256410256410255,23.076923076923077,66.66666666666666,51.28205128205128,15.384615384615385
E00174854,127,28,12,16,99,82,17,22.04724409448819,9.448818897637794,12.598425196850393,77.95275590551181,64.56692913385827,13.385826771653544
E00174856,130,40,21,19,90,65,25,30.76923076923077,16.153846153846153,14.615384615384617,69.23076923076923,50,19.230769230769234
E00174857,180,55,19,36,125,104,21,30.555555555555557,10.555555555555555,20,69.44444444444444,57.77777777777777,11.666666666666666
E00174859,186,54,13,41,132,104,28,29.03225806451613,6.989247311827956,22.043010752688172,70.96774193548387,55.91397849462365,15.053763440860216
E00174861,163,49,17,32,114,93,21,30.061349693251532,10.429447852760736,19.631901840490798,69.93865030674846,57.05521472392638,12.883435582822086
E00174862,143,35,14,21,108,90,18,24.475524475524477,9.79020979020979,14.685314685314685,75.52447552447552,62.93706293706294,12.587412587412588
E00174864,191,50,18,32,141,126,15,26.17801047120419,9.424083769633508,16.75392670157068,73.82198952879581,65.96858638743456,7.853403141361256
E00174865,170,38,15,23,132,112,20,22.35294117647059,8.823529411764707,13.529411764705882,77.64705882352942,65.88235294117646,11.76470588235294
E00175330,127,26,5,21,101,81,20,20.47244094488189,3.937007874015748,16.535433070866144,79.52755905511812,63.77952755905512,15.748031496062993
E00175331,286,60,16,44,226,197,29,20.97902097902098,5.594405594405594,15.384615384615385,79.02097902097903,68.88111888111888,10.13986013986014
E00175332,156,38,15,23,118,100,18,24.358974358974358,9.615384615384617,14.743589743589745,75.64102564102564,64.1025641025641,11.538461538461538
E00175333,202,84,22,62,118,88,30,41.584158415841586,10.891089108910892,30.693069306930692,58.415841584158414,43.56435643564357,14.85148514851485
E00175334,158,38,13,25,120,98,22,24.050632911392405,8.227848101265822,15.822784810126583,75.9493670886076,62.0253164556962,13.924050632911392
E00175335,101,41,13,28,60,48,12,40.5940594059406,12.871287128712872,27.722772277227726,59.4059405940594,47.524752475247524,11.881188118811881
E00175336,83,27,10,17,56,49,7,32.53012048192771,12.048192771084338,20.481927710843372,67.46987951807229,59.036144578313255,8.433734939759036
E00175337,102,37,11,26,65,54,11,36.27450980392157,10.784313725490197,25.49019607843137,63.725490196078425,52.94117647058824,10.784313725490197
E00175338,130,39,16,23,91,72,19,30,12.307692307692308,17.692307692307693,70,55.38461538461539,14.615384615384617
E00175339,289,143,51,92,146,118,28,49.48096885813148,17.647058823529413,31.833910034602077,50.51903114186851,40.830449826989614,9.688581314878892
E00175340,116,29,6,23,87,68,19,25,5.172413793103448,19.82758620689655,75,58.620689655172406,16.379310344827587
E00175341,182,68,16,52,114,95,19,37.362637362637365,8.791208791208792,28.57142857142857,62.637362637362635,52.197802197802204,10.43956043956044
E00175342,269,85,25,60,184,148,36,31.59851301115242,9.293680297397769,22.304832713754646,68.40148698884758,55.01858736059479,13.382899628252787
E00175343,192,53,21,32,139,117,22,27.604166666666668,10.9375,16.666666666666664,72.39583333333334,60.9375,11.458333333333332
E00175344,116,30,7,23,86,74,12,25.862068965517242,6.0344827586206895,19.82758620689655,74.13793103448276,63.793103448275865,10.344827586206897
E00175345,262,70,21,49,192,157,35,26.717557251908396,8.015267175572518,18.702290076335878,73.2824427480916,59.92366412213741,13.358778625954198
E00175346,261,45,15,30,216,188,28,17.24137931034483,5.747126436781609,11.494252873563218,82.75862068965517,72.03065134099617,10.727969348659004
E00175347,204,41,10,31,163,134,29,20.098039215686274,4.901960784313726,15.196078431372548,79.90196078431373,65.68627450980392,14.215686274509803
E00175348,95,25,9,16,70,57,13,26.31578947368421,9.473684210526317,16.842105263157894,73.68421052631578,60,13.684210526315791
E00175351,190,54,17,37,136,106,30,28.421052631578945,8.947368421052632,19.473684210526315,71.57894736842105,55.78947368421052,15.789473684210526
E00175352,149,46,10,36,103,90,13,30.87248322147651,6.7114093959731544,24.161073825503358,69.12751677852349,60.40268456375839,8.724832214765101
E00175353,205,60,12,48,145,114,31,29.268292682926827,5.853658536585367,23.414634146341466,70.73170731707317,55.60975609756098,15.121951219512194
E00175354,182,53,16,37,129,99,30,29.120879120879124,8.791208791208792,20.32967032967033,70.87912087912088,54.395604395604394,16.483516483516482
E00175355,270,72,20,52,198,156,42,26.666666666666668,7.4074074074074066,19.25925925925926,73.33333333333333,57.77777777777777,15.555555555555555
E00175356,279,79,32,47,200,164,36,28.31541218637993,11.469534050179211,16.845878136200717,71.68458781362007,58.78136200716846,12.903225806451612
E00175357,103,30,5,25,73,66,7,29.126213592233007,4.854368932038835,24.271844660194176,70.87378640776699,64.07766990291263,6.796116504854369
E00175358,143,40,18,22,103,75,28,27.972027972027973,12.587412587412588,15.384615384615385,72.02797202797203,52.44755244755245,19.58041958041958
E00175359,128,47,19,28,81,66,15,36.71875,14.84375,21.875,63.28125,51.5625,11.71875
E00175360,138,36,19,17,102,73,29,26.08695652173913,13.768115942028986,12.318840579710146,73.91304347826086,52.89855072463768,21.014492753623188
E00175361,99,25,8,17,74,61,13,25.252525252525253,8.080808080808081,17.17171717171717,74.74747474747475,61.61616161616161,13.131313131313133
E00175362,216,56,16,40,160,129,31,25.925925925925924,7.4074074074074066,18.51851851851852,74.07407407407408,59.72222222222222,14.351851851851851
E00175363,142,49,14,35,93,74,19,34.50704225352113,9.859154929577464,24.647887323943664,65.49295774647888,52.112676056338024,13.380281690140844
E00175364,66,25,11,14,41,24,17,37.878787878787875,16.666666666666664,21.21212121212121,62.121212121212125,36.36363636363637,25.757575757575758
E00175365,120,36,6,30,84,70,14,30,5,25,70,58.333333333333336,11.666666666666666
E00175366,75,25,8,17,50,45,5,33.33333333333333,10.666666666666668,22.666666666666664,66.66666666666666,60,6.666666666666667
E00175367,89,28,11,17,61,49,12,31.46067415730337,12.359550561797752,19.101123595505616,68.53932584269663,55.0561797752809,13.48314606741573
E00175368,105,27,8,19,78,63,15,25.71428571428571,7.6190476190476195,18.095238095238095,74.28571428571429,60,14.285714285714285
E00175369,61,22,11,11,39,27,12,36.0655737704918,18.0327868852459,18.0327868852459,63.934426229508205,44.26229508196721,19.672131147540984
E00185465,79,23,6,17,56,51,5,29.11392405063291,7.59493670886076,21.518987341772153,70.88607594936708,64.55696202531645,6.329113924050633
E00185466,224,82,28,54,142,121,21,36.607142857142854,12.5,24.107142857142858,63.39285714285714,54.01785714285714,9.375
E00185469,192,52,21,31,140,111,29,27.083333333333332,10.9375,16.145833333333336,72.91666666666666,57.8125,15.104166666666666
E00185473,162,52,14,38,110,89,21,32.098765432098766,8.641975308641975,23.456790123456788,67.90123456790124,54.93827160493827,12.962962962962962
E00185474,192,39,12,27,153,126,27,20.3125,6.25,14.0625,79.6875,65.625,14.0625
E00185475,168,42,12,30,126,107,19,25,7.142857142857142,17.857142857142858,75,63.69047619047619,11.30952380952381
E00185476,231,64,17,47,167,135,32,27.705627705627705,7.35930735930736,20.346320346320347,72.2943722943723,58.44155844155844,13.852813852813853
E00185481,202,54,24,30,148,110,38,26.732673267326735,11.881188118811881,14.85148514851485,73.26732673267327,54.45544554455446,18.81188118811881
E00185483,236,53,16,37,183,155,28,22.45762711864407,6.779661016949152,15.677966101694915,77.54237288135593,65.67796610169492,11.864406779661017
E00185487,336,67,13,54,269,223,46,19.940476190476193,3.869047619047619,16.071428571428573,80.05952380952381,66.36904761904762,13.690476190476192
E00185489,111,32,12,20,79,57,22,28.82882882882883,10.81081081081081,18.01801801801802,71.17117117117117,51.35135135135135,19.81981981981982
E00185490,83,17,7,10,66,57,9,20.481927710843372,8.433734939759036,12.048192771084338,79.51807228915662,68.67469879518072,10.843373493975903
E00185492,92,37,14,23,55,43,12,40.21739130434783,15.217391304347828,25,59.78260869565217,46.73913043478261,13.043478260869565
E00185495,79,23,4,19,56,41,15,29.11392405063291,5.063291139240507,24.050632911392405,70.88607594936708,51.89873417721519,18.9873417721519
E00185496,299,84,26,58,215,152,63,28.093645484949832,8.695652173913043,19.39799331103679,71.90635451505017,50.836120401337794,21.070234113712374
E00185497,64,19,7,12,45,36,9,29.6875,10.9375,18.75,70.3125,56.25,14.0625
E00185499,192,53,18,35,139,114,25,27.604166666666668,9.375,18.229166666666664,72.39583333333334,59.375,13.020833333333334
E00185500,157,39,7,32,118,100,18,24.840764331210192,4.45859872611465,20.382165605095544,75.15923566878982,63.69426751592356,11.464968152866243
E00185501,196,69,21,48,127,102,25,35.204081632653065,10.714285714285714,24.489795918367346,64.79591836734694,52.04081632653062,12.755102040816327
E00185502,171,50,14,36,121,92,29,29.239766081871345,8.187134502923977,21.052631578947366,70.76023391812866,53.80116959064327,16.95906432748538
E00185505,167,52,19,33,115,98,17,31.137724550898206,11.377245508982035,19.760479041916167,68.8622754491018,58.68263473053892,10.179640718562874
E00185507,80,33,15,18,47,42,5,41.25,18.75,22.5,58.75,52.5,6.25
E00185508,165,72,34,38,93,58,35,43.63636363636363,20.606060606060606,23.03030303030303,56.36363636363636,35.15151515151515,21.21212121212121
E00185513,119,46,13,33,73,55,18,38.655462184873954,10.92436974789916,27.73109243697479,61.34453781512605,46.21848739495798,15.126050420168067
E00185517,161,48,13,35,113,95,18,29.81366459627329,8.074534161490684,21.73913043478261,70.1863354037267,59.006211180124225,11.180124223602485
E00185518,442,56,23,33,386,252,134,12.669683257918551,5.203619909502263,7.46606334841629,87.33031674208145,57.01357466063348,30.316742081447963
E00185519,75,31,6,25,44,39,5,41.333333333333336,8,33.33333333333333,58.666666666666664,52,6.666666666666667
E00185521,82,16,6,10,66,56,10,19.51219512195122,7.317073170731707,12.195121951219512,80.48780487804879,68.29268292682927,12.195121951219512
E00185522,154,30,7,23,124,104,20,19.480519480519483,4.545454545454546,14.935064935064934,80.51948051948052,67.53246753246754,12.987012987012985
E00185523,87,22,6,16,65,52,13,25.287356321839084,6.896551724137931,18.39080459770115,74.71264367816092,59.77011494252874,14.942528735632186
E00185524,192,66,21,45,126,102,24,34.375,10.9375,23.4375,65.625,53.125,12.5
E00185525,134,36,12,24,98,80,18,26.865671641791046,8.955223880597014,17.91044776119403,73.13432835820896,59.70149253731343,13.432835820895523
E00185527,209,47,13,34,162,141,21,22.48803827751196,6.220095693779904,16.267942583732058,77.51196172248804,67.46411483253588,10.047846889952153
E00185528,133,28,4,24,105,88,17,21.052631578947366,3.007518796992481,18.045112781954884,78.94736842105263,66.16541353383458,12.781954887218044
E00185529,72,21,2,19,51,45,6,29.166666666666668,2.7777777777777777,26.38888888888889,70.83333333333334,62.5,8.333333333333332
E00185532,79,22,10,12,57,41,16,27.848101265822784,12.658227848101266,15.18987341772152,72.15189873417721,51.89873417721519,20.253164556962027
E00185534,331,64,20,44,267,224,43,19.335347432024168,6.042296072507553,13.293051359516618,80.66465256797582,67.6737160120846,12.990936555891238
E00185535,166,51,23,28,115,96,19,30.72289156626506,13.855421686746988,16.867469879518072,69.27710843373494,57.831325301204814,11.44578313253012
E00185537,65,23,7,16,42,33,9,35.38461538461539,10.76923076923077,24.615384615384617,64.61538461538461,50.76923076923077,13.846153846153847
E00185538,101,45,21,24,56,41,15,44.554455445544555,20.792079207920793,23.762376237623762,55.44554455445545,40.5940594059406,14.85148514851485
E00185542,100,28,10,18,72,52,20,28.000000000000004,10,18,72,52,20
E00185543,264,46,6,40,218,177,41,17.424242424242426,2.272727272727273,15.151515151515152,82.57575757575758,67.04545454545455,15.530303030303031
E00185547,60,20,8,12,40,33,7,33.33333333333333,13.333333333333334,20,66.66666666666666,55.00000000000001,11.666666666666666
E00185548,146,39,13,26,107,85,22,26.71232876712329,8.904109589041095,17.80821917808219,73.28767123287672,58.21917808219178,15.068493150684931
E00185549,227,54,17,37,173,143,30,23.788546255506606,7.488986784140969,16.299559471365637,76.2114537444934,62.99559471365639,13.215859030837004
E00185551,199,51,25,26,148,118,30,25.628140703517587,12.562814070351758,13.06532663316583,74.37185929648241,59.2964824120603,15.07537688442211
E00185553,115,23,7,16,92,76,16,20,6.086956521739131,13.91304347826087,80,66.08695652173913,13.91304347826087
E00185554,167,37,13,24,130,99,31,22.15568862275449,7.784431137724551,14.37125748502994,77.84431137724552,59.281437125748504,18.562874251497004
E00185556,327,97,30,67,230,183,47,29.66360856269113,9.174311926605505,20.489296636085626,70.33639143730886,55.96330275229357,14.37308868501529
E00185557,160,43,11,32,117,105,12,26.875,6.875000000000001,20,73.125,65.625,7.5
E00185559,123,30,9,21,93,71,22,24.390243902439025,7.317073170731707,17.073170731707318,75.60975609756098,57.72357723577236,17.88617886178862
E00185560,48,17,5,12,31,19,12,35.41666666666667,10.416666666666668,25,64.58333333333334,39.58333333333333,25
E00185564,114,31,14,17,83,61,22,27.192982456140353,12.280701754385964,14.912280701754385,72.80701754385966,53.50877192982456,19.298245614035086
