OA,ts0380001,ts0380002,ts0380003,ts0380004,ts0380005,ts0380006,ts0380007,ts0380002_PCT,ts0380003_PCT,ts0380004_PCT,ts0380005_PCT,ts0380006_PCT,ts0380007_PCT
E00107084,304,71,31,40,233,25,208,23.355263157894736,10.197368421052632,13.157894736842104,76.64473684210526,8.223684210526317,68.42105263157895
E00107085,362,56,24,32,306,25,281,15.469613259668508,6.629834254143646,8.83977900552486,84.5303867403315,6.906077348066299,77.62430939226519
E00107086,440,95,31,64,345,35,310,21.59090909090909,7.045454545454545,14.545454545454545,78.4090909090909,7.954545454545454,70.45454545454545
E00107087,228,52,27,25,176,27,149,22.807017543859647,11.842105263157894,10.964912280701753,77.19298245614034,11.842105263157894,65.35087719298247
E00107088,414,39,18,21,375,37,338,9.420289855072465,4.3478260869565215,5.072463768115942,90.57971014492753,8.937198067632849,81.64251207729468
E00107089,349,58,16,42,291,22,269,16.6189111747851,4.584527220630372,12.034383954154727,83.3810888252149,6.303724928366762,77.07736389684814
E00107090,268,47,20,27,221,32,189,17.537313432835823,7.462686567164178,10.074626865671641,82.46268656716418,11.940298507462686,70.52238805970148
E00107091,302,34,8,26,268,35,233,11.258278145695364,2.6490066225165565,8.609271523178808,88.74172185430463,11.589403973509933,77.15231788079471
E00107092,323,80,32,48,243,19,224,24.76780185758514,9.907120743034056,14.860681114551083,75.23219814241486,5.88235294117647,69.3498452012384
E00107093,250,70,21,49,180,16,164,28.000000000000004,8.4,19.6,72,6.4,65.60000000000001
E00107094,419,97,30,67,322,28,294,23.15035799522673,7.159904534606206,15.990453460620524,76.84964200477327,6.682577565632458,70.16706443914082
E00107095,175,47,18,29,128,17,111,26.857142857142858,10.285714285714285,16.57142857142857,73.14285714285714,9.714285714285714,63.42857142857142
E00107096,176,65,24,41,111,12,99,36.93181818181818,13.636363636363635,23.295454545454543,63.06818181818182,6.8181818181818175,56.25
E00107097,394,65,12,53,329,29,300,16.49746192893401,3.0456852791878175,13.451776649746192,83.50253807106598,7.3604060913705585,76.14213197969542
E00107098,334,52,15,37,282,17,265,15.568862275449103,4.491017964071856,11.077844311377245,84.4311377245509,5.089820359281437,79.34131736526946
E00107099,384,65,29,36,319,39,280,16.927083333333336,7.552083333333333,9.375,83.07291666666666,10.15625,72.91666666666666
E00107100,291,35,13,22,256,31,225,12.027491408934708,4.4673539518900345,7.560137457044673,87.97250859106529,10.652920962199312,77.31958762886599
E00107101,376,75,39,36,301,23,278,19.9468085106383,10.372340425531915,9.574468085106384,80.0531914893617,6.117021276595745,73.93617021276596
E00107102,376,79,46,33,297,31,266,21.01063829787234,12.23404255319149,8.77659574468085,78.98936170212765,8.24468085106383,70.74468085106383
E00107103,236,63,17,46,173,18,155,26.69491525423729,7.203389830508475,19.491525423728813,73.30508474576271,7.627118644067797,65.67796610169492
E00107104,254,50,24,26,204,15,189,19.68503937007874,9.448818897637794,10.236220472440944,80.31496062992126,5.905511811023622,74.40944881889764
E00107105,368,49,21,28,319,28,291,13.31521739130435,5.706521739130435,7.608695652173914,86.68478260869566,7.608695652173914,79.07608695652173
E00107106,230,42,9,33,188,11,177,18.26086956521739,3.91304347826087,14.347826086956522,81.73913043478261,4.782608695652174,76.95652173913044
E00107107,353,67,14,53,286,21,265,18.980169971671387,3.9660056657223794,15.01416430594901,81.01983002832861,5.94900849858357,75.07082152974505
E00107108,293,62,33,29,231,22,209,21.160409556313994,11.262798634812286,9.897610921501707,78.839590443686,7.508532423208192,71.33105802047781
E00107109,357,57,17,40,300,27,273,15.966386554621847,4.761904761904762,11.204481792717088,84.03361344537815,7.563025210084033,76.47058823529412
E00107110,312,70,29,41,242,31,211,22.435897435897438,9.294871794871796,13.141025641025642,77.56410256410257,9.935897435897436,67.62820512820514
E00107111,279,74,46,28,205,26,179,26.523297491039425,16.48745519713262,10.03584229390681,73.47670250896059,9.31899641577061,64.15770609318996
E00107112,280,61,25,36,219,23,196,21.785714285714285,8.928571428571429,12.857142857142856,78.21428571428571,8.214285714285714,70
E00107113,398,75,27,48,323,38,285,18.84422110552764,6.78391959798995,12.060301507537687,81.15577889447236,9.547738693467336,71.60804020100502
E00107114,361,55,23,32,306,40,266,15.23545706371191,6.3711911357340725,8.86426592797784,84.7645429362881,11.080332409972298,73.68421052631578
E00107115,325,49,12,37,276,19,257,15.076923076923077,3.6923076923076925,11.384615384615385,84.92307692307692,5.846153846153846,79.07692307692308
E00107116,315,75,33,42,240,33,207,23.809523809523807,10.476190476190476,13.333333333333334,76.19047619047619,10.476190476190476,65.71428571428571
E00107117,383,144,70,74,239,24,215,37.59791122715404,18.27676240208877,19.321148825065272,62.40208877284596,6.266318537859007,56.13577023498695
E00107118,183,51,23,28,132,12,120,27.86885245901639,12.568306010928962,15.300546448087433,72.1311475409836,6.557377049180328,65.57377049180327
E00107119,363,112,45,67,251,17,234,30.853994490358126,12.396694214876034,18.457300275482094,69.14600550964187,4.683195592286501,64.46280991735537
E00107120,268,73,35,38,195,28,167,27.238805970149254,13.059701492537313,14.17910447761194,72.76119402985076,10.44776119402985,62.31343283582089
E00107121,229,52,19,33,177,24,153,22.707423580786028,8.296943231441048,14.41048034934498,77.29257641921397,10.480349344978166,66.8122270742358
E00107122,247,79,27,52,168,15,153,31.983805668016196,10.931174089068826,21.052631578947366,68.0161943319838,6.0728744939271255,61.943319838056674
E00107123,317,62,21,41,255,25,230,19.558359621451103,6.624605678233439,12.933753943217665,80.4416403785489,7.886435331230284,72.55520504731862
E00107124,307,84,36,48,223,28,195,27.36156351791531,11.726384364820847,15.63517915309446,72.63843648208469,9.120521172638437,63.51791530944625
E00107125,192,58,30,28,134,11,123,30.208333333333332,15.625,14.583333333333334,69.79166666666666,5.729166666666666,64.0625
E00107126,315,56,18,38,259,22,237,17.77777777777778,5.714285714285714,12.063492063492063,82.22222222222221,6.984126984126984,75.23809523809524
E00107127,121,74,32,42,47,7,40,61.15702479338842,26.446280991735538,34.710743801652896,38.84297520661157,5.785123966942149,33.057851239669425
E00107128,293,76,32,44,217,16,201,25.938566552901023,10.921501706484642,15.017064846416384,74.06143344709898,5.460750853242321,68.60068259385666
E00107129,296,58,25,33,238,27,211,19.594594594594593,8.445945945945946,11.14864864864865,80.4054054054054,9.121621621621621,71.28378378378379
E00107130,248,53,16,37,195,20,175,21.370967741935484,6.451612903225806,14.919354838709678,78.62903225806451,8.064516129032258,70.56451612903226
E00107131,268,67,26,41,201,17,184,25,9.701492537313433,15.298507462686567,75,6.343283582089552,68.65671641791045
E00107132,288,66,31,35,222,21,201,22.916666666666664,10.76388888888889,12.152777777777777,77.08333333333334,7.291666666666667,69.79166666666666
E00107133,327,77,24,53,250,35,215,23.547400611620795,7.339449541284404,16.207951070336392,76.45259938837921,10.703363914373089,65.74923547400611
E00107134,239,75,19,56,164,22,142,31.380753138075313,7.949790794979079,23.430962343096233,68.6192468619247,9.205020920502092,59.41422594142259
E00107135,243,50,18,32,193,16,177,20.5761316872428,7.4074074074074066,13.168724279835391,79.42386831275721,6.584362139917696,72.8395061728395
E00107136,279,91,44,47,188,28,160,32.61648745519714,15.770609318996415,16.845878136200717,67.38351254480287,10.03584229390681,57.34767025089605
E00107137,287,58,23,35,229,23,206,20.209059233449477,8.013937282229964,12.195121951219512,79.79094076655052,8.013937282229964,71.77700348432056
E00107138,183,44,22,22,139,14,125,24.043715846994534,12.021857923497267,12.021857923497267,75.95628415300546,7.650273224043716,68.30601092896174
E00107139,248,67,24,43,181,16,165,27.016129032258064,9.67741935483871,17.338709677419356,72.98387096774194,6.451612903225806,66.53225806451613
E00107140,245,57,22,35,188,17,171,23.26530612244898,8.979591836734693,14.285714285714285,76.73469387755102,6.938775510204081,69.79591836734694
E00107141,229,43,21,22,186,23,163,18.777292576419214,9.170305676855897,9.606986899563319,81.22270742358079,10.043668122270741,71.17903930131004
E00107142,301,64,29,35,237,21,216,21.262458471760798,9.634551495016613,11.627906976744185,78.7375415282392,6.976744186046512,71.76079734219269
E00107143,161,55,21,34,106,13,93,34.161490683229815,13.043478260869565,21.11801242236025,65.83850931677019,8.074534161490684,57.7639751552795
E00107144,333,74,31,43,259,26,233,22.22222222222222,9.30930930930931,12.912912912912914,77.77777777777779,7.807807807807808,69.96996996996997
E00107145,345,81,28,53,264,22,242,23.47826086956522,8.115942028985506,15.36231884057971,76.52173913043478,6.3768115942028984,70.14492753623188
E00107146,304,69,26,43,235,30,205,22.697368421052634,8.552631578947368,14.144736842105262,77.30263157894737,9.868421052631579,67.43421052631578
E00107147,222,48,18,30,174,8,166,21.62162162162162,8.108108108108109,13.513513513513514,78.37837837837837,3.6036036036036037,74.77477477477478
E00107148,246,41,14,27,205,24,181,16.666666666666664,5.691056910569105,10.975609756097562,83.33333333333334,9.75609756097561,73.57723577235772
E00107149,253,50,11,39,203,35,168,19.76284584980237,4.3478260869565215,15.41501976284585,80.23715415019763,13.83399209486166,66.40316205533597
E00107150,215,62,28,34,153,14,139,28.837209302325583,13.023255813953488,15.813953488372093,71.16279069767441,6.511627906976744,64.65116279069767
E00107151,240,51,22,29,189,17,172,21.25,9.166666666666666,12.083333333333334,78.75,7.083333333333333,71.66666666666667
E00107152,263,45,16,29,218,31,187,17.110266159695815,6.083650190114068,11.02661596958175,82.88973384030417,11.787072243346007,71.10266159695817
E00107153,283,68,27,41,215,23,192,24.02826855123675,9.540636042402827,14.487632508833922,75.97173144876325,8.12720848056537,67.84452296819788
E00107154,299,57,17,40,242,30,212,19.063545150501675,5.68561872909699,13.377926421404682,80.93645484949833,10.033444816053512,70.903010033444815
E00107155,452,51,20,31,401,36,365,11.283185840707963,4.424778761061947,6.8584070796460175,88.71681415929203,7.964601769911504,80.75221238938053
E00107156,308,69,34,35,239,22,217,22.4025974025974,11.03896103896104,11.363636363636363,77.59740259740259,7.142857142857142,70.45454545454545
E00107157,230,48,16,32,182,18,164,20.869565217391305,6.956521739130435,13.91304347826087,79.13043478260869,7.82608695652174,71.30434782608695
E00107158,288,83,36,47,205,9,196,28.819444444444443,12.5,16.319444444444446,71.18055555555556,3.125,68.05555555555556
E00107159,279,45,18,27,234,28,206,16.129032258064516,6.451612903225806,9.67741935483871,83.87096774193549,10.03584229390681,73.83512544802868
E00107160,287,52,21,31,235,25,210,18.118466898954704,7.317073170731707,10.801393728222997,81.8815331010453,8.710801393728223,73.17073170731707
E00107161,319,67,29,38,252,31,221,21.003134796238246,9.090909090909092,11.912225705329153,78.99686520376176,9.717868338557993,69.27899686520375
E00107162,193,37,11,26,156,17,139,19.170984455958546,5.699481865284974,13.471502590673575,80.82901554404145,8.808290155440414,72.02072538860104
E00107163,374,71,35,36,303,40,263,18.983957219251337,9.358288770053475,9.62566844919786,81.01604278074866,10.695187165775401,70.32085561497327
E00107164,280,38,15,23,242,32,210,13.571428571428571,5.357142857142857,8.214285714285714,86.42857142857143,11.428571428571429,75
E00107165,206,32,10,22,174,14,160,15.53398058252427,4.854368932038835,10.679611650485436,84.46601941747572,6.796116504854369,77.66990291262135
E00107166,325,76,29,47,249,14,235,23.384615384615383,8.923076923076923,14.461538461538462,76.61538461538461,4.3076923076923075,72.3076923076923
E00107167,355,56,20,36,299,11,288,15.774647887323944,5.633802816901409,10.140845070422536,84.22535211267605,3.0985915492957745,81.12676056338029
E00107168,432,100,56,44,332,35,297,23.14814814814815,12.962962962962962,10.185185185185185,76.85185185185185,8.101851851851851,68.75
E00107169,430,98,58,40,332,36,296,22.790697674418606,13.488372093023257,9.30232558139535,77.20930232558139,8.372093023255815,68.83720930232559
E00107170,290,64,28,36,226,33,193,22.06896551724138,9.655172413793103,12.413793103448276,77.93103448275862,11.379310344827587,66.55172413793103
E00107171,358,73,27,46,285,25,260,20.391061452513966,7.5418994413407825,12.849162011173185,79.60893854748603,6.983240223463687,72.62569832402235
E00107172,369,58,17,41,311,26,285,15.718157181571815,4.607046070460704,11.11111111111111,84.28184281842819,7.046070460704606,77.23577235772358
E00107173,320,63,21,42,257,25,232,19.6875,6.5625,13.125,80.3125,7.8125,72.5
E00107174,376,53,19,34,323,36,287,14.095744680851062,5.053191489361701,9.042553191489363,85.90425531914893,9.574468085106384,76.32978723404256
E00107175,226,28,4,24,198,18,180,12.389380530973451,1.7699115044247788,10.619469026548673,87.61061946902655,7.964601769911504,79.64601769911505
E00107176,313,58,30,28,255,19,236,18.53035143769968,9.584664536741213,8.945686900958465,81.46964856230032,6.070287539936102,75.39936102236422
E00107177,280,55,29,26,225,14,211,19.642857142857142,10.357142857142858,9.285714285714286,80.35714285714286,5,75.35714285714286
E00107178,267,33,13,20,234,28,206,12.359550561797752,4.868913857677903,7.490636704119851,87.64044943820225,10.486891385767791,77.15355805243446
E00107179,333,50,24,26,283,34,249,15.015015015015015,7.207207207207207,7.807807807807808,84.98498498498499,10.21021021021021,74.77477477477478
E00107180,215,55,29,26,160,16,144,25.581395348837212,13.488372093023257,12.093023255813954,74.4186046511628,7.441860465116279,66.97674418604652
E00107181,311,70,27,43,241,21,220,22.508038585209004,8.681672025723474,13.826366559485532,77.491961414791,6.752411575562702,70.7395498392283
E00107182,184,39,18,21,145,13,132,21.195652173913043,9.782608695652174,11.41304347826087,78.80434782608695,7.065217391304348,71.73913043478261
E00107183,150,47,20,27,103,8,95,31.333333333333336,13.333333333333334,18,68.66666666666667,5.333333333333334,63.33333333333333
E00107184,273,45,14,31,228,22,206,16.483516483516482,5.128205128205128,11.355311355311356,83.51648351648352,8.058608058608058,75.45787545787546
E00107185,314,68,28,40,246,21,225,21.656050955414013,8.9171974522293,12.738853503184714,78.343949044586,6.687898089171974,71.656050955414
E00107186,208,48,17,31,160,20,140,23.076923076923077,8.173076923076923,14.903846153846153,76.92307692307693,9.615384615384617,67.3076923076923
E00107187,207,58,25,33,149,11,138,28.019323671497588,12.077294685990339,15.942028985507244,71.98067632850241,5.314009661835748,66.66666666666666
E00107188,284,58,21,37,226,22,204,20.422535211267608,7.394366197183098,13.028169014084506,79.5774647887324,7.746478873239436,71.83098591549296
E00107189,217,49,18,31,168,32,136,22.58064516129032,8.294930875576037,14.285714285714285,77.41935483870968,14.746543778801843,62.67281105990783
E00107190,246,51,19,32,195,27,168,20.73170731707317,7.723577235772358,13.008130081300814,79.26829268292683,10.975609756097562,68.29268292682927
E00107191,260,82,36,46,178,17,161,31.538461538461537,13.846153846153847,17.692307692307693,68.46153846153847,6.538461538461539,61.92307692307693
E00107192,310,63,27,36,247,17,230,20.32258064516129,8.709677419354838,11.612903225806452,79.6774193548387,5.483870967741936,74.19354838709677
E00107193,350,75,37,38,275,29,246,21.428571428571427,10.571428571428571,10.857142857142858,78.57142857142857,8.285714285714285,70.28571428571428
E00107194,249,53,19,34,196,24,172,21.285140562248998,7.630522088353414,13.654618473895583,78.714859437751,9.63855421686747,69.07630522088354
E00107195,247,45,15,30,202,20,182,18.218623481781375,6.0728744939271255,12.145748987854251,81.78137651821862,8.097165991902834,73.68421052631578
E00107196,228,51,21,30,177,13,164,22.36842105263158,9.210526315789473,13.157894736842104,77.63157894736842,5.701754385964912,71.9298245614035
E00107197,175,33,15,18,142,6,136,18.857142857142858,8.571428571428571,10.285714285714285,81.14285714285714,3.428571428571429,77.71428571428571
E00107198,153,26,10,16,127,18,109,16.99346405228758,6.535947712418301,10.457516339869281,83.00653594771242,11.76470588235294,71.24183006535948
E00107199,395,56,18,38,339,30,309,14.177215189873419,4.556962025316456,9.620253164556962,85.82278481012658,7.59493670886076,78.22784810126582
E00107200,432,77,27,50,355,43,312,17.824074074074073,6.25,11.574074074074074,82.17592592592592,9.953703703703704,72.22222222222221
E00107201,432,79,31,48,353,31,322,18.287037037037038,7.175925925925926,11.11111111111111,81.71296296296296,7.175925925925926,74.53703703703704
E00107202,357,62,13,49,295,26,269,17.366946778711483,3.6414565826330536,13.725490196078432,82.6330532212885,7.282913165266107,75.35014005602241
E00107203,241,32,10,22,209,18,191,13.278008298755188,4.149377593360995,9.12863070539419,86.72199170124482,7.468879668049793,79.25311203319502
E00107204,251,83,37,46,168,14,154,33.067729083665334,14.741035856573706,18.326693227091635,66.93227091633466,5.577689243027888,61.354581673306775
E00107205,328,55,16,39,273,33,240,16.76829268292683,4.878048780487805,11.890243902439025,83.23170731707317,10.060975609756099,73.17073170731707
E00107206,312,63,26,37,249,26,223,20.192307692307693,8.333333333333332,11.858974358974358,79.8076923076923,8.333333333333332,71.47435897435898
E00107207,285,60,15,45,225,18,207,21.052631578947366,5.263157894736842,15.789473684210526,78.94736842105263,6.315789473684211,72.63157894736842
E00107208,263,47,19,28,216,33,183,17.870722433460077,7.224334600760455,10.646387832699618,82.12927756653993,12.547528517110266,69.58174904942965
E00107209,266,42,19,23,224,27,197,15.789473684210526,7.142857142857142,8.646616541353383,84.21052631578947,10.150375939849624,74.06015037593986
E00107210,246,46,12,34,200,23,177,18.69918699186992,4.878048780487805,13.821138211382115,81.30081300813008,9.34959349593496,71.95121951219512
E00107211,287,89,43,46,198,18,180,31.010452961672474,14.982578397212542,16.02787456445993,68.98954703832753,6.2717770034843205,62.7177700348432
E00107212,241,66,23,43,175,19,156,27.385892116182575,9.54356846473029,17.842323651452283,72.61410788381743,7.883817427385892,64.73029045643153
E00107213,184,68,30,38,116,16,100,36.95652173913043,16.304347826086957,20.652173913043477,63.04347826086957,8.695652173913043,54.347826086956516
E00107214,273,68,35,33,205,23,182,24.90842490842491,12.82051282051282,12.087912087912088,75.0915750915751,8.424908424908425,66.66666666666666
E00107215,219,43,17,26,176,26,150,19.63470319634703,7.76255707762557,11.87214611872146,80.36529680365297,11.87214611872146,68.4931506849315
E00107216,248,61,24,37,187,26,161,24.596774193548388,9.67741935483871,14.919354838709678,75.40322580645162,10.483870967741936,64.91935483870968
E00107217,290,79,27,52,211,32,179,27.241379310344826,9.310344827586208,17.93103448275862,72.75862068965517,11.03448275862069,61.724137931034484
E00107218,346,51,12,39,295,43,252,14.739884393063585,3.4682080924855487,11.271676300578035,85.26011560693641,12.427745664739884,72.83236994219652
E00107219,224,65,19,46,159,25,134,29.017857142857146,8.482142857142858,20.535714285714285,70.98214285714286,11.160714285714286,59.82142857142857
E00107220,228,57,17,40,171,16,155,25,7.456140350877193,17.543859649122805,75,7.017543859649122,67.98245614035088
E00107221,288,52,23,29,236,21,215,18.055555555555554,7.986111111111111,10.069444444444445,81.94444444444444,7.291666666666667,74.65277777777779
E00107222,268,58,14,44,210,26,184,21.641791044776117,5.223880597014925,16.417910447761194,78.35820895522389,9.701492537313433,68.65671641791045
E00107223,255,42,16,26,213,35,178,16.470588235294116,6.2745098039215685,10.196078431372548,83.52941176470588,13.725490196078432,69.80392156862744
E00107224,328,45,13,32,283,24,259,13.719512195121952,3.9634146341463414,9.75609756097561,86.28048780487805,7.317073170731707,78.96341463414635
E00107225,291,60,28,32,231,25,206,20.618556701030926,9.621993127147768,10.996563573883162,79.38144329896907,8.59106529209622,70.79037800687286
E00107226,292,58,17,41,234,21,213,19.863013698630137,5.821917808219178,14.04109589041096,80.13698630136986,7.191780821917808,72.94520547945206
E00107227,237,76,35,41,161,16,145,32.06751054852321,14.767932489451477,17.29957805907173,67.9324894514768,6.751054852320674,61.18143459915611
E00107228,291,70,21,49,221,29,192,24.054982817869416,7.216494845360824,16.83848797250859,75.94501718213058,9.965635738831615,65.97938144329896
E00107229,206,51,21,30,155,14,141,24.75728155339806,10.194174757281553,14.563106796116504,75.24271844660194,6.796116504854369,68.44660194174757
E00107230,132,24,7,17,108,11,97,18.181818181818183,5.303030303030303,12.878787878787879,81.81818181818183,8.333333333333332,73.48484848484848
E00107231,246,50,18,32,196,24,172,20.32520325203252,7.317073170731707,13.008130081300814,79.67479674796748,9.75609756097561,69.91869918699187
E00107232,255,52,17,35,203,22,181,20.392156862745097,6.666666666666667,13.725490196078432,79.6078431372549,8.627450980392156,70.98039215686275
E00107233,346,65,31,34,281,34,247,18.786127167630056,8.959537572254336,9.826589595375722,81.21387283236994,9.826589595375722,71.38728323699422
E00107234,376,62,26,36,314,29,285,16.48936170212766,6.914893617021277,9.574468085106384,83.51063829787235,7.712765957446808,75.79787234042553
E00107235,287,33,14,19,254,20,234,11.498257839721255,4.878048780487805,6.620209059233449,88.50174216027874,6.968641114982578,81.53310104529616
E00107239,316,49,20,29,267,29,238,15.50632911392405,6.329113924050633,9.177215189873419,84.49367088607595,9.177215189873419,75.31645569620254
E00107240,296,51,21,30,245,31,214,17.22972972972973,7.094594594594595,10.135135135135135,82.77027027027027,10.472972972972974,72.2972972972973
E00107241,260,56,19,37,204,17,187,21.53846153846154,7.307692307692308,14.23076923076923,78.46153846153847,6.538461538461539,71.92307692307692
E00107242,387,108,60,48,279,29,250,27.906976744186046,15.503875968992247,12.4031007751938,72.09302325581395,7.493540051679587,64.59948320413437
E00107243,270,72,28,44,198,16,182,26.666666666666668,10.37037037037037,16.296296296296298,73.33333333333333,5.9259259259259265,67.4074074074074
E00107244,261,55,24,31,206,20,186,21.0727969348659,9.195402298850574,11.877394636015326,78.9272030651341,7.662835249042145,71.26436781609196
E00107245,275,49,21,28,226,12,214,17.81818181818182,7.636363636363637,10.181818181818182,82.18181818181817,4.363636363636364,77.81818181818181
E00107246,273,58,19,39,215,29,186,21.245421245421245,6.95970695970696,14.285714285714285,78.75457875457876,10.622710622710622,68.13186813186813
E00107247,228,62,31,31,166,12,154,27.192982456140353,13.596491228070176,13.596491228070176,72.80701754385966,5.263157894736842,67.54385964912281
E00107248,283,126,78,48,157,20,137,44.522968197879855,27.56183745583039,16.96113074204947,55.47703180212014,7.06713780918728,48.409893992932865
E00107249,243,38,17,21,205,22,183,15.637860082304528,6.995884773662551,8.641975308641975,84.36213991769547,9.053497942386832,75.30864197530865
E00107250,296,67,22,45,229,24,205,22.635135135135133,7.4324324324324325,15.202702702702704,77.36486486486487,8.108108108108109,69.25675675675676
E00107251,227,71,29,42,156,12,144,31.277533039647576,12.77533039647577,18.502202643171806,68.72246696035242,5.286343612334802,63.436123348017624
E00107252,562,122,50,72,440,53,387,21.70818505338078,8.896797153024911,12.811387900355871,78.29181494661923,9.430604982206406,68.86120996441281
E00107253,356,75,36,39,281,32,249,21.06741573033708,10.112359550561797,10.955056179775282,78.93258426966293,8.98876404494382,69.9438202247191
E00107254,386,62,16,46,324,27,297,16.06217616580311,4.145077720207254,11.917098445595855,83.93782383419689,6.994818652849741,76.94300518134715
E00107255,378,68,22,46,310,36,274,17.989417989417987,5.82010582010582,12.16931216931217,82.01058201058201,9.523809523809524,72.4867724867725
E00107256,357,68,30,38,289,33,256,19.047619047619047,8.403361344537815,10.644257703081232,80.95238095238095,9.243697478991598,71.70868347338936
E00107257,310,98,38,60,212,21,191,31.61290322580645,12.258064516129032,19.35483870967742,68.38709677419355,6.774193548387098,61.61290322580645
E00107258,258,45,18,27,213,22,191,17.441860465116278,6.976744186046512,10.465116279069768,82.55813953488372,8.527131782945736,74.03100775193798
E00107259,243,48,23,25,195,19,176,19.753086419753085,9.465020576131687,10.2880658436214,80.24691358024691,7.818930041152264,72.42798353909465
E00107260,277,54,22,32,223,23,200,19.494584837545126,7.9422382671480145,11.552346570397113,80.50541516245488,8.303249097472925,72.20216606498195
E00107261,322,60,22,38,262,32,230,18.633540372670808,6.832298136645963,11.801242236024844,81.36645962732919,9.937888198757763,71.42857142857143
E00107262,468,95,40,55,373,50,323,20.299145299145298,8.547008547008547,11.752136752136751,79.7008547008547,10.683760683760683,69.01709401709401
E00107263,458,82,33,49,376,45,331,17.903930131004365,7.20524017467249,10.698689956331878,82.09606986899564,9.82532751091703,72.27074235807859
E00107264,200,41,23,18,159,17,142,20.5,11.5,9,79.5,8.5,71
E00107265,241,69,31,38,172,7,165,28.63070539419087,12.863070539419086,15.767634854771783,71.36929460580913,2.904564315352697,68.46473029045643
E00107266,136,36,14,22,100,12,88,26.47058823529412,10.294117647058822,16.176470588235293,73.52941176470588,8.823529411764707,64.70588235294117
E00107267,201,39,15,24,162,17,145,19.402985074626866,7.462686567164178,11.940298507462686,80.59701492537313,8.45771144278607,72.13930348258707
E00107268,320,77,36,41,243,23,220,24.0625,11.25,12.812499999999998,75.9375,7.187499999999999,68.75
E00107269,332,63,20,43,269,23,246,18.97590361445783,6.024096385542169,12.951807228915662,81.02409638554217,6.927710843373494,74.09638554216868
E00107270,309,81,35,46,228,14,214,26.21359223300971,11.326860841423949,14.886731391585762,73.7864077669903,4.53074433656958,69.25566343042071
E00107271,249,44,12,32,205,31,174,17.670682730923694,4.819277108433735,12.851405622489958,82.32931726907631,12.449799196787147,69.87951807228916
E00107272,289,83,43,40,206,11,195,28.719723183391004,14.878892733564014,13.84083044982699,71.280276816609,3.8062283737024223,67.47404844290658
E00107273,288,54,26,28,234,24,210,18.75,9.027777777777777,9.722222222222223,81.25,8.333333333333332,72.91666666666666
E00107275,266,67,28,39,199,19,180,25.18796992481203,10.526315789473683,14.661654135338345,74.81203007518798,7.142857142857142,67.66917293233082
E00107276,257,64,26,38,193,15,178,24.90272373540856,10.116731517509727,14.785992217898833,75.09727626459144,5.836575875486381,69.26070038910505
E00107277,287,64,25,39,223,32,191,22.299651567944252,8.710801393728223,13.588850174216027,77.70034843205575,11.149825783972126,66.55052264808361
E00107278,223,46,22,24,177,17,160,20.62780269058296,9.865470852017937,10.762331838565023,79.37219730941703,7.623318385650224,71.74887892376681
E00107279,233,52,22,30,181,20,161,22.317596566523605,9.44206008583691,12.875536480686694,77.6824034334764,8.583690987124463,69.09871244635193
E00107280,205,42,16,26,163,16,147,20.48780487804878,7.804878048780488,12.682926829268293,79.51219512195122,7.804878048780488,71.70731707317073
E00107281,272,47,16,31,225,14,211,17.27941176470588,5.88235294117647,11.397058823529411,82.72058823529412,5.147058823529411,77.57352941176471
E00107282,214,47,14,33,167,21,146,21.962616822429908,6.5420560747663545,15.42056074766355,78.03738317757009,9.813084112149532,68.22429906542055
E00107283,209,33,12,21,176,22,154,15.789473684210526,5.741626794258373,10.047846889952153,84.21052631578947,10.526315789473683,73.68421052631578
E00107284,222,40,16,24,182,16,166,18.01801801801802,7.207207207207207,10.81081081081081,81.98198198198197,7.207207207207207,74.77477477477478
E00107285,247,71,35,36,176,25,151,28.74493927125506,14.17004048582996,14.5748987854251,71.25506072874494,10.121457489878543,61.1336032388664
E00107286,281,61,19,42,220,25,195,21.70818505338078,6.761565836298933,14.94661921708185,78.29181494661923,8.896797153024911,69.3950177935943
E00107287,254,43,17,26,211,18,193,16.92913385826772,6.692913385826772,10.236220472440944,83.07086614173228,7.086614173228346,75.98425196850394
E00107288,195,106,58,48,89,13,76,54.35897435897436,29.743589743589745,24.615384615384617,45.64102564102564,6.666666666666667,38.97435897435898
E00107289,353,124,61,63,229,33,196,35.12747875354108,17.280453257790366,17.847025495750707,64.87252124645893,9.34844192634561,55.524079320113316
E00107290,208,56,26,30,152,18,134,26.923076923076923,12.5,14.423076923076922,73.07692307692307,8.653846153846153,64.42307692307693
E00107291,216,92,58,34,124,17,107,42.592592592592595,26.851851851851855,15.74074074074074,57.407407407407405,7.87037037037037,49.53703703703704
E00107292,231,86,53,33,145,17,128,37.22943722943723,22.943722943722943,14.285714285714285,62.77056277056276,7.35930735930736,55.41125541125541
E00107293,209,44,20,24,165,25,140,21.052631578947366,9.569377990430622,11.483253588516746,78.94736842105263,11.961722488038278,66.98564593301435
E00107294,251,65,29,36,186,13,173,25.89641434262948,11.553784860557768,14.342629482071715,74.10358565737052,5.179282868525896,68.92430278884463
E00107295,219,57,19,38,162,24,138,26.027397260273972,8.67579908675799,17.35159817351598,73.97260273972603,10.95890410958904,63.013698630136986
E00107296,220,52,16,36,168,14,154,23.636363636363637,7.2727272727272725,16.363636363636363,76.36363636363637,6.363636363636363,70
E00107297,261,68,24,44,193,19,174,26.053639846743295,9.195402298850574,16.85823754789272,73.9463601532567,7.2796934865900385,66.66666666666666
E00107298,189,52,20,32,137,14,123,27.513227513227513,10.582010582010582,16.93121693121693,72.4867724867725,7.4074074074074066,65.07936507936508
E00107299,438,95,40,55,343,38,305,21.689497716894977,9.1324200913242,12.557077625570775,78.31050228310502,8.67579908675799,69.63470319634703
E00107300,310,63,27,36,247,18,229,20.32258064516129,8.709677419354838,11.612903225806452,79.6774193548387,5.806451612903226,73.87096774193549
E00107301,296,90,34,56,206,27,179,30.405405405405407,11.486486486486488,18.91891891891892,69.5945945945946,9.121621621621621,60.47297297297297
E00107302,245,67,30,37,178,15,163,27.346938775510203,12.244897959183673,15.10204081632653,72.6530612244898,6.122448979591836,66.53061224489795
E00107303,196,44,17,27,152,14,138,22.448979591836736,8.673469387755102,13.77551020408163,77.55102040816327,7.142857142857142,70.40816326530613
E00107304,314,74,29,45,240,28,212,23.56687898089172,9.235668789808917,14.331210191082802,76.43312101910828,8.9171974522293,67.51592356687898
E00107305,229,47,16,31,182,22,160,20.52401746724891,6.986899563318777,13.537117903930133,79.47598253275109,9.606986899563319,69.86899563318777
E00107306,281,64,25,39,217,28,189,22.77580071174377,8.896797153024911,13.87900355871886,77.22419928825623,9.9644128113879,67.25978647686833
E00107307,176,41,12,29,135,21,114,23.295454545454543,6.8181818181818175,16.477272727272727,76.70454545454545,11.931818181818182,64.77272727272727
E00107308,136,24,14,10,112,9,103,17.647058823529413,10.294117647058822,7.352941176470589,82.35294117647058,6.61764705882353,75.73529411764706
E00107309,316,55,19,36,261,35,226,17.405063291139243,6.012658227848101,11.39240506329114,82.59493670886076,11.075949367088606,71.51898734177216
E00107311,292,59,15,44,233,23,210,20.205479452054796,5.136986301369863,15.068493150684931,79.7945205479452,7.876712328767123,71.91780821917808
E00107312,344,148,90,58,196,16,180,43.02325581395349,26.16279069767442,16.86046511627907,56.97674418604651,4.651162790697675,52.32558139534884
E00107313,278,59,17,42,219,34,185,21.223021582733814,6.115107913669065,15.107913669064748,78.77697841726618,12.23021582733813,66.54676258992805
E00107314,322,76,25,51,246,32,214,23.60248447204969,7.763975155279502,15.838509316770185,76.3975155279503,9.937888198757763,66.45962732919256
E00107315,258,45,17,28,213,17,196,17.441860465116278,6.5891472868217065,10.852713178294573,82.55813953488372,6.5891472868217065,75.96899224806202
E00107316,251,68,31,37,183,17,166,27.091633466135455,12.350597609561753,14.741035856573706,72.90836653386454,6.772908366533864,66.13545816733067
E00107317,267,63,27,36,204,27,177,23.595505617977526,10.112359550561797,13.48314606741573,76.40449438202246,10.112359550561797,66.29213483146067
E00107318,264,54,18,36,210,29,181,20.454545454545457,6.8181818181818175,13.636363636363635,79.54545454545455,10.984848484848484,68.56060606060606
E00107319,252,53,15,38,199,23,176,21.03174603174603,5.952380952380952,15.079365079365079,78.96825396825396,9.126984126984127,69.84126984126983
E00107320,291,78,42,36,213,18,195,26.804123711340207,14.432989690721648,12.371134020618557,73.19587628865979,6.185567010309279,67.0103092783505
E00107321,352,103,51,52,249,29,220,29.261363636363637,14.488636363636365,14.772727272727273,70.73863636363636,8.238636363636363,62.5
E00107322,423,114,65,49,309,35,274,26.95035460992908,15.36643026004728,11.583924349881796,73.04964539007092,8.274231678486997,64.77541371158392
E00107323,488,129,56,73,359,43,316,26.434426229508194,11.475409836065573,14.959016393442623,73.5655737704918,8.811475409836065,64.75409836065575
E00107324,308,71,41,30,237,25,212,23.051948051948052,13.311688311688311,9.740259740259742,76.94805194805194,8.116883116883116,68.83116883116884
E00107325,250,71,24,47,179,17,162,28.4,9.6,18.8,71.6,6.800000000000001,64.8
E00107326,261,77,30,47,184,18,166,29.50191570881226,11.494252873563218,18.007662835249043,70.49808429118774,6.896551724137931,63.601532567049816
E00107327,262,63,34,29,199,14,185,24.045801526717558,12.977099236641221,11.068702290076336,75.95419847328245,5.343511450381679,70.61068702290076
E00107328,335,55,27,28,280,20,260,16.417910447761194,8.059701492537313,8.358208955223882,83.5820895522388,5.970149253731343,77.61194029850746
E00107329,273,50,13,37,223,30,193,18.315018315018314,4.761904761904762,13.553113553113553,81.68498168498168,10.989010989010989,70.6959706959707
E00107330,356,95,43,52,261,28,233,26.685393258426966,12.07865168539326,14.606741573033707,73.31460674157303,7.865168539325842,65.4494382022472
E00107331,295,69,28,41,226,23,203,23.389830508474578,9.491525423728813,13.898305084745763,76.61016949152543,7.796610169491526,68.8135593220339
E00107332,381,65,21,44,316,40,276,17.060367454068242,5.511811023622047,11.548556430446194,82.93963254593176,10.498687664041995,72.44094488188976
E00107333,258,66,29,37,192,18,174,25.581395348837212,11.24031007751938,14.34108527131783,74.4186046511628,6.976744186046512,67.44186046511628
E00107334,263,65,26,39,198,13,185,24.714828897338403,9.885931558935361,14.82889733840304,75.2851711026616,4.942965779467681,70.34220532319392
E00107335,313,57,29,28,256,30,226,18.210862619808307,9.26517571884984,8.945686900958465,81.78913738019169,9.584664536741213,72.20447284345049
E00107336,383,75,30,45,308,40,268,19.5822454308094,7.83289817232376,11.74934725848564,80.4177545691906,10.443864229765012,69.9738903394256
E00107337,265,46,15,31,219,20,199,17.358490566037734,5.660377358490567,11.69811320754717,82.64150943396227,7.547169811320755,75.09433962264151
E00107338,369,80,33,47,289,20,269,21.680216802168022,8.94308943089431,12.737127371273713,78.31978319783198,5.420054200542006,72.89972899728997
E00107339,258,92,46,46,166,11,155,35.65891472868217,17.829457364341085,17.829457364341085,64.34108527131784,4.263565891472868,60.07751937984496
E00107340,259,48,13,35,211,21,190,18.53281853281853,5.019305019305019,13.513513513513514,81.46718146718148,8.108108108108109,73.35907335907336
E00107341,289,58,21,37,231,34,197,20.069204152249135,7.26643598615917,12.802768166089965,79.93079584775087,11.76470588235294,68.16608996539793
E00107342,311,59,22,37,252,24,228,18.971061093247588,7.07395498392283,11.89710610932476,81.02893890675242,7.717041800643088,73.31189710610933
E00107343,289,58,22,36,231,28,203,20.069204152249135,7.612456747404845,12.45674740484429,79.93079584775087,9.688581314878892,70.24221453287197
E00107344,347,76,30,46,271,29,242,21.902017291066283,8.645533141210375,13.256484149855908,78.09798270893373,8.357348703170029,69.7406340057637
E00107346,236,53,22,31,183,15,168,22.45762711864407,9.322033898305085,13.135593220338984,77.54237288135593,6.3559322033898304,71.1864406779661
E00107347,280,69,24,45,211,34,177,24.642857142857146,8.571428571428571,16.071428571428573,75.35714285714286,12.142857142857142,63.21428571428571
E00107348,251,71,31,40,180,27,153,28.286852589641438,12.350597609561753,15.936254980079681,71.71314741035857,10.756972111553784,60.95617529880478
E00107349,256,53,18,35,203,23,180,20.703125,7.03125,13.671875,79.296875,8.984375,70.3125
E00107350,342,89,50,39,253,36,217,26.023391812865498,14.619883040935672,11.403508771929824,73.9766081871345,10.526315789473683,63.450292397660824
E00107351,395,61,32,29,334,32,302,15.443037974683543,8.10126582278481,7.341772151898734,84.55696202531645,8.10126582278481,76.45569620253164
E00107352,260,40,6,34,220,21,199,15.384615384615385,2.307692307692308,13.076923076923078,84.61538461538461,8.076923076923077,76.53846153846153
E00107353,286,36,14,22,250,27,223,12.587412587412588,4.895104895104895,7.6923076923076925,87.41258741258741,9.44055944055944,77.97202797202797
E00107354,374,51,12,39,323,32,291,13.636363636363635,3.2085561497326207,10.427807486631016,86.36363636363636,8.55614973262032,77.80748663101605
E00107355,318,54,20,34,264,23,241,16.9811320754717,6.289308176100629,10.69182389937107,83.01886792452831,7.232704402515723,75.78616352201259
E00107356,259,52,28,24,207,17,190,20.077220077220076,10.81081081081081,9.266409266409266,79.92277992277992,6.563706563706563,73.35907335907336
E00107357,293,35,13,22,258,30,228,11.945392491467576,4.436860068259386,7.508532423208192,88.05460750853243,10.238907849829351,77.81569965870307
E00107358,578,76,30,46,502,45,457,13.148788927335639,5.190311418685121,7.958477508650519,86.85121107266436,7.7854671280276815,79.06574394463668
E00107359,343,75,31,44,268,34,234,21.865889212827987,9.037900874635568,12.82798833819242,78.134110787172,9.912536443148689,68.22157434402332
E00107360,366,49,21,28,317,28,289,13.387978142076504,5.737704918032787,7.650273224043716,86.6120218579235,7.650273224043716,78.96174863387978
E00107361,242,32,9,23,210,19,191,13.223140495867769,3.71900826446281,9.50413223140496,86.77685950413223,7.851239669421488,78.92561983471074
E00107362,294,72,37,35,222,29,193,24.489795918367346,12.585034013605442,11.904761904761903,75.51020408163265,9.863945578231291,65.64625850340136
E00107363,304,51,24,27,253,29,224,16.776315789473685,7.894736842105263,8.881578947368421,83.22368421052632,9.539473684210527,73.68421052631578
E00107364,300,36,14,22,264,23,241,12,4.666666666666667,7.333333333333333,88,7.666666666666666,80.33333333333333
E00107365,525,123,45,78,402,32,370,23.42857142857143,8.571428571428571,14.857142857142858,76.57142857142857,6.095238095238095,70.47619047619048
E00107366,286,51,16,35,235,26,209,17.832167832167833,5.594405594405594,12.237762237762238,82.16783216783216,9.090909090909092,73.07692307692307
E00107367,338,121,53,68,217,7,210,35.798816568047336,15.680473372781064,20.118343195266274,64.20118343195266,2.0710059171597637,62.1301775147929
E00107368,418,137,83,54,281,28,253,32.77511961722488,19.85645933014354,12.918660287081341,67.22488038277513,6.698564593301436,60.526315789473685
E00107369,419,119,54,65,300,24,276,28.400954653937948,12.887828162291171,15.513126491646778,71.59904534606206,5.727923627684964,65.8711217183771
E00107370,298,58,24,34,240,28,212,19.463087248322147,8.053691275167784,11.409395973154362,80.53691275167785,9.395973154362416,71.14093959731544
E00107371,254,66,32,34,188,16,172,25.984251968503933,12.598425196850393,13.385826771653544,74.01574803149606,6.299212598425196,67.71653543307087
E00107372,395,130,56,74,265,22,243,32.91139240506329,14.177215189873419,18.734177215189874,67.08860759493672,5.5696202531645564,61.518987341772146
E00107373,492,99,35,64,393,34,359,20.121951219512198,7.113821138211382,13.008130081300814,79.8780487804878,6.910569105691057,72.96747967479675
E00107374,294,77,34,43,217,19,198,26.190476190476193,11.564625850340136,14.625850340136054,73.80952380952381,6.462585034013606,67.3469387755102
E00107375,320,94,48,46,226,26,200,29.375,15,14.374999999999998,70.625,8.125,62.5
E00107376,304,95,56,39,209,10,199,31.25,18.421052631578945,12.828947368421053,68.75,3.289473684210526,65.46052631578947
E00107377,301,127,79,48,174,21,153,42.19269102990033,26.245847176079735,15.946843853820598,57.80730897009967,6.976744186046512,50.83056478405316
E00107378,341,92,45,47,249,26,223,26.97947214076246,13.196480938416421,13.78299120234604,73.02052785923753,7.624633431085044,65.39589442815249
E00107379,240,58,31,27,182,21,161,24.166666666666668,12.916666666666668,11.25,75.83333333333333,8.75,67.08333333333333
E00107380,294,88,42,46,206,21,185,29.931972789115648,14.285714285714285,15.646258503401361,70.06802721088435,7.142857142857142,62.925170068027214
E00107381,256,55,24,31,201,18,183,21.484375,9.375,12.109375,78.515625,7.03125,71.484375
E00107382,346,65,32,33,281,18,263,18.786127167630056,9.248554913294797,9.53757225433526,81.21387283236994,5.202312138728324,76.01156069364163
E00107383,419,63,19,44,356,29,327,15.035799522673033,4.534606205250596,10.501193317422434,84.96420047732697,6.921241050119331,78.04295942720763
E00107384,435,77,34,43,358,33,325,17.70114942528736,7.816091954022989,9.885057471264368,82.29885057471265,7.586206896551724,74.71264367816092
E00107385,323,43,16,27,280,12,268,13.312693498452013,4.953560371517028,8.359133126934983,86.687306501548,3.7151702786377707,82.97213622291022
E00107386,274,46,16,30,228,13,215,16.78832116788321,5.839416058394161,10.948905109489052,83.21167883211679,4.744525547445255,78.46715328467153
E00107387,360,72,29,43,288,28,260,20,8.055555555555555,11.944444444444445,80,7.777777777777778,72.22222222222221
E00107388,322,69,38,31,253,22,231,21.428571428571427,11.801242236024844,9.627329192546584,78.57142857142857,6.832298136645963,71.73913043478261
E00107389,471,86,31,55,385,33,352,18.259023354564754,6.581740976645436,11.67728237791932,81.74097664543525,7.006369426751593,74.73460721868365
E00107390,314,38,8,30,276,18,258,12.101910828025478,2.547770700636943,9.554140127388536,87.89808917197452,5.7324840764331215,82.16560509554141
E00107391,310,69,25,44,241,23,218,22.258064516129032,8.064516129032258,14.193548387096774,77.74193548387098,7.419354838709677,70.3225806451613
E00107392,310,39,13,26,271,24,247,12.580645161290322,4.193548387096775,8.38709677419355,87.41935483870968,7.741935483870968,79.6774193548387
E00107393,364,47,12,35,317,32,285,12.912087912087914,3.296703296703297,9.615384615384617,87.08791208791209,8.791208791208792,78.2967032967033
E00107394,321,38,5,33,283,26,257,11.838006230529595,1.557632398753894,10.2803738317757,88.1619937694704,8.09968847352025,80.06230529595015
E00107395,438,60,26,34,378,33,345,13.698630136986301,5.93607305936073,7.76255707762557,86.3013698630137,7.534246575342466,78.76712328767124
E00171579,251,50,16,34,201,22,179,19.9203187250996,6.374501992031872,13.545816733067728,80.0796812749004,8.764940239043826,71.31474103585657
E00171580,328,72,39,33,256,34,222,21.951219512195124,11.890243902439025,10.060975609756099,78.04878048780488,10.365853658536585,67.6829268292683
E00171581,312,66,18,48,246,26,220,21.153846153846153,5.769230769230769,15.384615384615385,78.84615384615384,8.333333333333332,70.51282051282051
E00171582,198,49,21,28,149,16,133,24.747474747474747,10.606060606060606,14.14141414141414,75.25252525252525,8.080808080808081,67.17171717171718
E00171583,286,51,20,31,235,20,215,17.832167832167833,6.993006993006993,10.839160839160838,82.16783216783216,6.993006993006993,75.17482517482517
E00181197,430,68,31,37,362,32,330,15.813953488372093,7.209302325581396,8.604651162790699,84.18604651162791,7.441860465116279,76.74418604651163
E00181215,122,39,25,14,83,5,78,31.967213114754102,20.491803278688526,11.475409836065573,68.0327868852459,4.098360655737705,63.934426229508205
E00181236,566,91,32,59,475,49,426,16.07773851590106,5.6537102473498235,10.424028268551238,83.92226148409894,8.657243816254418,75.26501766784452
E00181256,345,70,22,48,275,18,257,20.28985507246377,6.3768115942028984,13.91304347826087,79.71014492753623,5.217391304347826,74.4927536231884
E00181258,283,32,12,20,251,24,227,11.307420494699647,4.240282685512367,7.06713780918728,88.69257950530034,8.480565371024735,80.21201413427562
E00181262,101,29,14,15,72,10,62,28.71287128712871,13.861386138613863,14.85148514851485,71.28712871287128,9.900990099009901,61.386138613861384
