OA,ts0380001,ts0380002,ts0380003,ts0380004,ts0380005,ts0380006,ts0380007,ts0380002_PCT,ts0380003_PCT,ts0380004_PCT,ts0380005_PCT,ts0380006_PCT,ts0380007_PCT
E00032987,187,36,17,19,151,8,143,19.25133689839572,9.090909090909092,10.16042780748663,80.74866310160428,4.27807486631016,76.47058823529412
E00032988,364,147,76,71,217,34,183,40.38461538461539,20.87912087912088,19.505494505494507,59.61538461538461,9.340659340659341,50.27472527472527
E00032989,333,85,39,46,248,22,226,25.525525525525527,11.711711711711711,13.813813813813812,74.47447447447448,6.606606606606606,67.86786786786787
E00032990,292,68,34,34,224,37,187,23.28767123287671,11.643835616438356,11.643835616438356,76.71232876712328,12.67123287671233,64.04109589041096
E00032991,291,87,32,55,204,26,178,29.896907216494846,10.996563573883162,18.900343642611684,70.10309278350515,8.934707903780069,61.16838487972509
E00032992,215,56,34,22,159,20,139,26.046511627906977,15.813953488372093,10.232558139534884,73.95348837209302,9.30232558139535,64.65116279069767
E00032993,326,45,21,24,281,19,262,13.803680981595093,6.441717791411043,7.361963190184049,86.1963190184049,5.828220858895705,80.3680981595092
E00032994,114,30,22,8,84,9,75,26.31578947368421,19.298245614035086,7.017543859649122,73.68421052631578,7.894736842105263,65.78947368421053
E00032995,303,80,46,34,223,18,205,26.4026402640264,15.181518151815181,11.221122112211221,73.5973597359736,5.9405940594059405,67.65676567656766
E00032996,373,136,82,54,237,19,218,36.46112600536193,21.983914209115284,14.47721179624665,63.53887399463807,5.093833780160858,58.4450402144772
E00032997,227,37,15,22,190,9,181,16.299559471365637,6.607929515418502,9.691629955947137,83.70044052863436,3.9647577092511015,79.73568281938326
E00032998,407,93,49,44,314,21,293,22.85012285012285,12.039312039312039,10.81081081081081,77.14987714987716,5.159705159705159,71.99017199017199
E00032999,307,89,43,46,218,35,183,28.990228013029316,14.006514657980457,14.983713355048861,71.00977198697068,11.400651465798045,59.60912052117264
E00033000,173,53,30,23,120,5,115,30.63583815028902,17.341040462427745,13.294797687861271,69.36416184971098,2.8901734104046244,66.47398843930635
E00033002,238,62,40,22,176,15,161,26.05042016806723,16.80672268907563,9.243697478991598,73.94957983193278,6.302521008403361,67.64705882352942
E00033004,328,48,18,30,280,33,247,14.634146341463413,5.487804878048781,9.146341463414634,85.36585365853658,10.060975609756099,75.3048780487805
E00033005,501,214,165,49,287,12,275,42.71457085828344,32.93413173652694,9.780439121756487,57.28542914171657,2.3952095808383236,54.890219560878236
E00033006,304,78,43,35,226,11,215,25.657894736842106,14.144736842105262,11.513157894736842,74.3421052631579,3.618421052631579,70.72368421052632
E00033007,262,98,72,26,164,7,157,37.404580152671755,27.480916030534353,9.923664122137405,62.59541984732825,2.6717557251908395,59.92366412213741
E00033008,393,120,80,40,273,12,261,30.53435114503817,20.35623409669211,10.178117048346055,69.46564885496184,3.0534351145038165,66.41221374045801
E00033012,140,23,11,12,117,13,104,16.428571428571427,7.857142857142857,8.571428571428571,83.57142857142857,9.285714285714286,74.28571428571429
E00033015,179,23,11,12,156,16,140,12.849162011173185,6.145251396648044,6.70391061452514,87.15083798882681,8.938547486033519,78.2122905027933
E00033016,464,63,22,41,401,21,380,13.577586206896552,4.741379310344827,8.836206896551724,86.42241379310344,4.525862068965517,81.89655172413794
E00033020,214,39,17,22,175,20,155,18.22429906542056,7.943925233644859,10.2803738317757,81.77570093457945,9.345794392523365,72.42990654205607
E00033021,285,68,34,34,217,8,209,23.859649122807017,11.929824561403509,11.929824561403509,76.14035087719299,2.807017543859649,73.33333333333333
E00033023,626,116,34,82,510,66,444,18.53035143769968,5.431309904153355,13.099041533546327,81.46964856230032,10.543130990415335,70.92651757188499
E00033025,242,41,19,22,201,21,180,16.94214876033058,7.851239669421488,9.090909090909092,83.05785123966942,8.677685950413224,74.3801652892562
E00033026,219,33,20,13,186,25,161,15.068493150684931,9.1324200913242,5.93607305936073,84.93150684931507,11.415525114155251,73.51598173515981
E00033027,346,95,39,56,251,29,222,27.45664739884393,11.271676300578035,16.184971098265898,72.54335260115607,8.38150289017341,64.16184971098265
E00033029,248,49,19,30,199,11,188,19.758064516129032,7.661290322580645,12.096774193548388,80.24193548387096,4.435483870967742,75.80645161290323
E00033030,240,38,16,22,202,22,180,15.833333333333332,6.666666666666667,9.166666666666666,84.16666666666667,9.166666666666666,75
E00033031,294,50,20,30,244,23,221,17.006802721088434,6.802721088435375,10.204081632653061,82.99319727891157,7.8231292517006805,75.17006802721087
E00033032,361,72,31,41,289,41,248,19.94459833795014,8.587257617728532,11.357340720221606,80.05540166204986,11.357340720221606,68.69806094182826
E00033033,305,60,25,35,245,20,225,19.672131147540984,8.19672131147541,11.475409836065573,80.32786885245902,6.557377049180328,73.77049180327869
E00033034,282,33,16,17,249,21,228,11.702127659574469,5.673758865248227,6.028368794326241,88.29787234042553,7.446808510638298,80.85106382978722
E00033035,328,113,51,62,215,22,193,34.45121951219512,15.548780487804878,18.902439024390244,65.54878048780488,6.707317073170732,58.84146341463414
E00033036,215,57,24,33,158,22,136,26.51162790697674,11.162790697674419,15.348837209302326,73.48837209302326,10.232558139534884,63.25581395348837
E00033037,302,56,28,28,246,21,225,18.543046357615893,9.271523178807946,9.271523178807946,81.45695364238411,6.95364238410596,74.50331125827815
E00033038,200,40,18,22,160,25,135,20,9,11,80,12.5,67.5
E00033040,243,47,28,19,196,21,175,19.34156378600823,11.522633744855968,7.818930041152264,80.65843621399176,8.641975308641975,72.0164609053498
E00033041,287,51,22,29,236,24,212,17.770034843205575,7.665505226480835,10.104529616724738,82.22996515679442,8.362369337979095,73.86759581881533
E00033042,238,45,19,26,193,16,177,18.907563025210084,7.9831932773109235,10.92436974789916,81.09243697478992,6.722689075630252,74.36974789915966
E00033043,227,44,17,27,183,13,170,19.383259911894275,7.488986784140969,11.894273127753303,80.61674008810573,5.726872246696035,74.8898678414097
E00033044,239,39,15,24,200,20,180,16.317991631799163,6.2761506276150625,10.0418410041841,83.68200836820083,8.368200836820083,75.31380753138075
E00033045,202,97,64,33,105,7,98,48.01980198019802,31.683168316831683,16.33663366336634,51.98019801980198,3.4653465346534658,48.51485148514851
E00033046,191,62,31,31,129,14,115,32.460732984293195,16.230366492146597,16.230366492146597,67.5392670157068,7.329842931937172,60.20942408376963
E00033047,318,75,47,28,243,29,214,23.58490566037736,14.779874213836477,8.80503144654088,76.41509433962264,9.119496855345911,67.29559748427673
E00033048,271,46,18,28,225,23,202,16.974169741697416,6.642066420664207,10.33210332103321,83.02583025830258,8.487084870848708,74.53874538745387
E00033049,356,55,21,34,301,24,277,15.44943820224719,5.8988764044943816,9.550561797752808,84.5505617977528,6.741573033707865,77.80898876404494
E00033050,212,35,9,26,177,24,153,16.50943396226415,4.245283018867925,12.264150943396226,83.49056603773585,11.320754716981133,72.16981132075472
E00033051,281,44,21,23,237,20,217,15.658362989323843,7.473309608540925,8.185053380782918,84.34163701067615,7.11743772241993,77.22419928825623
E00033052,321,45,15,30,276,23,253,14.018691588785046,4.672897196261682,9.345794392523365,85.98130841121495,7.165109034267912,78.81619937694704
E00033053,288,33,11,22,255,22,233,11.458333333333332,3.8194444444444446,7.638888888888889,88.54166666666666,7.638888888888889,80.90277777777779
E00033054,146,49,20,29,97,6,91,33.56164383561644,13.698630136986301,19.863013698630137,66.43835616438356,4.10958904109589,62.328767123287676
E00033055,225,30,10,20,195,16,179,13.333333333333334,4.444444444444445,8.88888888888889,86.66666666666667,7.111111111111111,79.55555555555556
E00033056,274,45,12,33,229,18,211,16.423357664233578,4.37956204379562,12.043795620437956,83.57664233576642,6.569343065693431,77.00729927007299
E00033057,360,55,33,22,305,32,273,15.277777777777779,9.166666666666666,6.111111111111111,84.72222222222221,8.88888888888889,75.83333333333333
E00033059,278,72,32,40,206,15,191,25.899280575539567,11.510791366906476,14.388489208633093,74.10071942446042,5.39568345323741,68.70503597122301
E00033060,231,45,15,30,186,11,175,19.480519480519483,6.493506493506493,12.987012987012985,80.51948051948052,4.761904761904762,75.75757575757575
E00033061,241,46,15,31,195,14,181,19.08713692946058,6.224066390041494,12.863070539419086,80.91286307053942,5.809128630705394,75.10373443983403
E00033062,282,47,17,30,235,22,213,16.666666666666664,6.028368794326241,10.638297872340425,83.33333333333334,7.801418439716312,75.53191489361703
E00033063,269,49,23,26,220,31,189,18.21561338289963,8.550185873605948,9.66542750929368,81.78438661710037,11.524163568773234,70.26022304832715
E00033064,222,28,5,23,194,13,181,12.612612612612612,2.2522522522522523,10.36036036036036,87.38738738738738,5.8558558558558556,81.53153153153153
E00033065,301,30,19,11,271,28,243,9.966777408637874,6.312292358803987,3.6544850498338874,90.03322259136213,9.30232558139535,80.73089700996677
E00033066,306,59,26,33,247,27,220,19.28104575163399,8.49673202614379,10.784313725490197,80.71895424836602,8.823529411764707,71.89542483660131
E00033067,230,39,16,23,191,17,174,16.956521739130434,6.956521739130435,10,83.04347826086956,7.391304347826087,75.65217391304347
E00033068,280,44,13,31,236,24,212,15.714285714285714,4.642857142857143,11.071428571428571,84.28571428571429,8.571428571428571,75.71428571428571
E00033069,244,45,21,24,199,22,177,18.442622950819672,8.60655737704918,9.836065573770492,81.55737704918032,9.01639344262295,72.54098360655738
E00033070,303,95,58,37,208,16,192,31.353135313531354,19.141914191419144,12.211221122112212,68.64686468646865,5.2805280528052805,63.366336633663366
E00033071,297,47,23,24,250,24,226,15.824915824915825,7.744107744107744,8.080808080808081,84.17508417508418,8.080808080808081,76.0942760942761
E00033072,334,91,53,38,243,22,221,27.245508982035926,15.868263473053892,11.377245508982035,72.75449101796407,6.58682634730539,66.1676646706587
E00033073,225,60,27,33,165,18,147,26.666666666666668,12,14.666666666666666,73.33333333333333,8,65.33333333333333
E00033074,246,78,41,37,168,20,148,31.70731707317073,16.666666666666664,15.040650406504067,68.29268292682927,8.130081300813007,60.16260162601627
E00033075,161,68,36,32,93,18,75,42.2360248447205,22.36024844720497,19.875776397515526,57.7639751552795,11.180124223602485,46.58385093167702
E00033076,403,96,49,47,307,40,267,23.82133995037221,12.158808933002481,11.662531017369728,76.1786600496278,9.925558312655088,66.25310173697271
E00033077,271,83,28,55,188,28,160,30.627306273062732,10.33210332103321,20.29520295202952,69.37269372693727,10.33210332103321,59.040590405904055
E00033078,288,85,32,53,203,28,175,29.51388888888889,11.11111111111111,18.40277777777778,70.48611111111111,9.722222222222223,60.763888888888886
E00033079,210,46,23,23,164,25,139,21.904761904761905,10.952380952380953,10.952380952380953,78.0952380952381,11.904761904761903,66.19047619047619
E00033080,173,62,32,30,111,6,105,35.83815028901734,18.497109826589593,17.341040462427745,64.16184971098265,3.4682080924855487,60.69364161849711
E00033081,253,32,14,18,221,20,201,12.648221343873518,5.533596837944664,7.114624505928854,87.35177865612648,7.905138339920949,79.44664031620553
E00033082,296,48,19,29,248,29,219,16.216216216216218,6.418918918918918,9.797297297297296,83.78378378378379,9.797297297297296,73.98648648648648
E00033083,328,53,28,25,275,30,245,16.158536585365855,8.536585365853659,7.621951219512195,83.84146341463415,9.146341463414634,74.6951219512195
E00033084,319,76,37,39,243,22,221,23.824451410658305,11.598746081504702,12.225705329153605,76.17554858934169,6.896551724137931,69.27899686520375
E00033085,317,72,43,29,245,22,223,22.71293375394322,13.564668769716087,9.14826498422713,77.28706624605678,6.940063091482649,70.347003154574125
E00033086,255,47,20,27,208,16,192,18.43137254901961,7.8431372549019605,10.588235294117647,81.56862745098039,6.2745098039215685,75.29411764705883
E00033087,389,60,29,31,329,26,303,15.424164524421593,7.455012853470437,7.969151670951156,84.57583547557842,6.683804627249357,77.89203084832906
E00033088,242,65,31,34,177,15,162,26.859504132231404,12.8099173553719,14.049586776859504,73.14049586776859,6.198347107438017,66.94214876033058
E00033089,304,72,33,39,232,23,209,23.684210526315788,10.855263157894738,12.828947368421053,76.31578947368422,7.565789473684211,68.75
E00033090,380,97,57,40,283,16,267,25.526315789473685,15,10.526315789473683,74.47368421052632,4.2105263157894735,70.26315789473684
E00033091,285,49,24,25,236,18,218,17.192982456140353,8.421052631578947,8.771929824561402,82.80701754385966,6.315789473684211,76.49122807017544
E00033092,301,49,18,31,252,26,226,16.27906976744186,5.980066445182724,10.299003322259136,83.72093023255815,8.637873754152823,75.08305647840533
E00033093,372,82,33,49,290,21,269,22.043010752688172,8.870967741935484,13.172043010752688,77.95698924731182,5.64516129032258,72.31182795698925
E00033094,302,85,42,43,217,18,199,28.14569536423841,13.90728476821192,14.23841059602649,71.8543046357616,5.960264900662252,65.89403973509934
E00033095,359,62,28,34,297,28,269,17.270194986072422,7.7994428969359335,9.47075208913649,82.72980501392759,7.7994428969359335,74.93036211699165
E00033096,301,57,26,31,244,18,226,18.93687707641196,8.637873754152823,10.299003322259136,81.06312292358804,5.980066445182724,75.08305647840533
E00033097,252,66,45,21,186,16,170,26.190476190476193,17.857142857142858,8.333333333333332,73.80952380952381,6.349206349206349,67.46031746031747
E00033098,251,42,19,23,209,22,187,16.733067729083665,7.569721115537849,9.163346613545817,83.26693227091634,8.764940239043826,74.5019920318725
E00033099,148,46,23,23,102,12,90,31.08108108108108,15.54054054054054,15.54054054054054,68.91891891891892,8.108108108108109,60.810810810810814
E00033100,318,82,44,38,236,24,212,25.78616352201258,13.836477987421384,11.949685534591195,74.21383647798741,7.547169811320755,66.66666666666666
E00033101,247,45,19,26,202,17,185,18.218623481781375,7.6923076923076925,10.526315789473683,81.78137651821862,6.882591093117409,74.89878542510121
E00033102,403,90,38,52,313,25,288,22.332506203473944,9.429280397022332,12.903225806451612,77.66749379652606,6.20347394540943,71.46401985111662
E00033103,296,75,45,30,221,19,202,25.33783783783784,15.202702702702704,10.135135135135135,74.66216216216216,6.418918918918918,68.24324324324324
E00033104,270,75,43,32,195,11,184,27.77777777777778,15.925925925925927,11.851851851851853,72.22222222222221,4.074074074074074,68.14814814814815
E00033105,300,44,13,31,256,23,233,14.666666666666666,4.333333333333334,10.333333333333334,85.33333333333334,7.666666666666666,77.66666666666666
E00033106,277,72,37,35,205,12,193,25.992779783393498,13.357400722021662,12.63537906137184,74.0072202166065,4.332129963898916,69.67509025270758
E00033107,333,31,13,18,302,23,279,9.30930930930931,3.903903903903904,5.405405405405405,90.69069069069069,6.906906906906906,83.78378378378379
E00033108,297,47,28,19,250,15,235,15.824915824915825,9.427609427609427,6.397306397306397,84.17508417508418,5.05050505050505,79.12457912457911
E00033109,300,52,26,26,248,13,235,17.333333333333336,8.666666666666668,8.666666666666668,82.66666666666667,4.333333333333334,78.33333333333333
E00033110,295,57,32,25,238,18,220,19.322033898305087,10.847457627118644,8.47457627118644,80.67796610169492,6.101694915254238,74.57627118644068
E00033112,318,43,14,29,275,26,249,13.522012578616351,4.40251572327044,9.119496855345911,86.47798742138365,8.176100628930817,78.30188679245283
E00033113,250,45,19,26,205,9,196,18,7.6,10.4,82,3.5999999999999996,78.4
E00033114,296,43,18,25,253,21,232,14.527027027027026,6.081081081081082,8.445945945945946,85.47297297297297,7.094594594594595,78.37837837837837
E00033115,137,34,12,22,103,17,86,24.817518248175183,8.75912408759124,16.05839416058394,75.18248175182481,12.408759124087592,62.77372262773723
E00033116,133,49,27,22,84,6,78,36.84210526315789,20.30075187969925,16.541353383458645,63.1578947368421,4.511278195488721,58.64661654135338
E00033117,355,50,23,27,305,27,278,14.084507042253522,6.478873239436619,7.605633802816901,85.91549295774648,7.605633802816901,78.30985915492957
E00033118,303,39,12,27,264,27,237,12.871287128712872,3.9603960396039604,8.91089108910891,87.12871287128714,8.91089108910891,78.21782178217822
E00033119,277,29,9,20,248,26,222,10.469314079422382,3.2490974729241873,7.2202166064981945,89.53068592057761,9.386281588447654,80.14440433212997
E00033120,286,42,19,23,244,24,220,14.685314685314685,6.643356643356643,8.041958041958042,85.3146853146853,8.391608391608392,76.92307692307693
E00033121,212,54,22,32,158,17,141,25.471698113207548,10.377358490566039,15.09433962264151,74.52830188679245,8.018867924528301,66.50943396226415
E00033122,289,48,29,19,241,16,225,16.608996539792386,10.034602076124568,6.5743944636678195,83.39100346020761,5.536332179930796,77.85467128027682
E00033123,296,53,30,23,243,22,221,17.905405405405407,10.135135135135135,7.77027027027027,82.0945945945946,7.4324324324324325,74.66216216216216
E00033125,172,35,16,19,137,10,127,20.348837209302324,9.30232558139535,11.046511627906977,79.65116279069767,5.813953488372093,73.83720930232558
E00033126,241,53,31,22,188,13,175,21.991701244813278,12.863070539419086,9.12863070539419,78.00829875518673,5.394190871369295,72.61410788381743
E00033127,556,190,129,61,366,52,314,34.172661870503596,23.201438848920862,10.971223021582734,65.82733812949641,9.352517985611511,56.4748201438849
E00033128,272,56,30,26,216,21,195,20.588235294117645,11.029411764705882,9.558823529411764,79.41176470588235,7.720588235294118,71.69117647058823
E00033129,267,40,21,19,227,10,217,14.981273408239701,7.865168539325842,7.116104868913857,85.0187265917603,3.7453183520599254,81.27340823970037
E00033130,329,48,16,32,281,27,254,14.58966565349544,4.86322188449848,9.72644376899696,85.41033434650456,8.206686930091186,77.20364741641338
E00033131,269,67,34,33,202,15,187,24.907063197026023,12.639405204460965,12.267657992565056,75.09293680297398,5.5762081784386615,69.51672862453532
E00033132,513,102,65,37,411,29,382,19.883040935672515,12.670565302144249,7.212475633528265,80.11695906432749,5.653021442495127,74.46393762183236
E00033133,382,132,78,54,250,15,235,34.55497382198953,20.418848167539267,14.136125654450263,65.44502617801047,3.926701570680628,61.518324607329845
E00033134,190,45,22,23,145,7,138,23.684210526315788,11.578947368421053,12.105263157894736,76.31578947368422,3.684210526315789,72.63157894736842
E00033135,386,83,32,51,303,17,286,21.502590673575128,8.290155440414509,13.21243523316062,78.49740932642487,4.404145077720207,74.09326424870466
E00033136,234,53,29,24,181,7,174,22.64957264957265,12.393162393162394,10.256410256410255,77.35042735042735,2.9914529914529915,74.35897435897436
E00033137,311,67,41,26,244,10,234,21.54340836012862,13.183279742765272,8.360128617363344,78.45659163987139,3.215434083601286,75.2411575562701
E00033138,222,59,36,23,163,10,153,26.576576576576578,16.216216216216218,10.36036036036036,73.42342342342343,4.504504504504505,68.91891891891892
E00033139,261,79,53,26,182,9,173,30.268199233716476,20.306513409961685,9.961685823754788,69.73180076628353,3.4482758620689653,66.28352490421456
E00033140,198,36,20,16,162,8,154,18.181818181818183,10.1010101010101,8.080808080808081,81.81818181818183,4.040404040404041,77.77777777777779
E00033141,212,43,18,25,169,5,164,20.28301886792453,8.49056603773585,11.79245283018868,79.71698113207547,2.358490566037736,77.35849056603774
E00033142,247,50,23,27,197,17,180,20.242914979757085,9.31174089068826,10.931174089068826,79.75708502024291,6.882591093117409,72.8744939271255
E00033143,308,58,35,23,250,11,239,18.83116883116883,11.363636363636363,7.467532467532467,81.16883116883116,3.571428571428571,77.59740259740259
E00033144,155,57,30,27,98,15,83,36.774193548387096,19.35483870967742,17.419354838709676,63.2258064516129,9.67741935483871,53.5483870967742
E00033145,244,50,28,22,194,17,177,20.491803278688526,11.475409836065573,9.01639344262295,79.50819672131148,6.967213114754098,72.54098360655738
E00033146,333,104,55,49,229,18,211,31.23123123123123,16.516516516516518,14.714714714714713,68.76876876876878,5.405405405405405,63.36336336336337
E00033147,282,62,25,37,220,11,209,21.98581560283688,8.865248226950355,13.120567375886525,78.01418439716312,3.900709219858156,74.11347517730496
E00033148,245,46,24,22,199,16,183,18.775510204081634,9.795918367346939,8.979591836734693,81.22448979591836,6.530612244897959,74.6938775510204
E00033149,240,54,35,19,186,12,174,22.5,14.583333333333334,7.916666666666666,77.5,5,72.5
E00033150,296,67,40,27,229,10,219,22.635135135135133,13.513513513513514,9.121621621621621,77.36486486486487,3.3783783783783785,73.98648648648648
E00033151,320,53,26,27,267,13,254,16.5625,8.125,8.4375,83.4375,4.0625,79.375
E00033152,298,36,20,16,262,13,249,12.080536912751679,6.7114093959731544,5.369127516778524,87.91946308724832,4.3624161073825505,83.55704697986577
E00033153,477,158,56,102,319,17,302,33.123689727463315,11.740041928721174,21.38364779874214,66.87631027253668,3.563941299790356,63.312368972746334
E00033154,230,38,21,17,192,9,183,16.52173913043478,9.130434782608695,7.391304347826087,83.47826086956522,3.91304347826087,79.56521739130434
E00033155,262,59,37,22,203,10,193,22.519083969465647,14.122137404580155,8.396946564885496,77.48091603053436,3.816793893129771,73.66412213740458
E00033156,251,45,27,18,206,5,201,17.928286852589643,10.756972111553784,7.171314741035857,82.07171314741036,1.9920318725099602,80.0796812749004
E00033157,366,64,42,22,302,9,293,17.48633879781421,11.475409836065573,6.0109289617486334,82.5136612021858,2.459016393442623,80.05464480874316
E00033158,330,73,39,34,257,15,242,22.12121212121212,11.818181818181818,10.303030303030303,77.87878787878788,4.545454545454546,73.33333333333333
E00033159,199,29,19,10,170,4,166,14.572864321608039,9.547738693467336,5.025125628140704,85.42713567839196,2.0100502512562812,83.41708542713567
E00033160,376,72,32,40,304,16,288,19.148936170212767,8.51063829787234,10.638297872340425,80.85106382978722,4.25531914893617,76.59574468085107
E00033161,542,136,78,58,406,26,380,25.092250922509223,14.391143911439114,10.70110701107011,74.90774907749078,4.797047970479705,70.11070110701108
E00033162,275,78,52,26,197,7,190,28.363636363636363,18.90909090909091,9.454545454545455,71.63636363636363,2.5454545454545454,69.0909090909091
E00033163,227,93,52,41,134,4,130,40.969162995594715,22.90748898678414,18.06167400881057,59.03083700440529,1.762114537444934,57.268722466960355
E00033164,329,80,45,35,249,18,231,24.316109422492403,13.677811550151976,10.638297872340425,75.6838905775076,5.47112462006079,70.2127659574468
E00033165,144,56,32,24,88,6,82,38.88888888888889,22.22222222222222,16.666666666666664,61.111111111111114,4.166666666666666,56.94444444444444
E00033166,144,47,32,15,97,4,93,32.63888888888889,22.22222222222222,10.416666666666668,67.36111111111111,2.7777777777777777,64.58333333333334
E00033167,266,57,25,32,209,14,195,21.428571428571427,9.398496240601503,12.030075187969924,78.57142857142857,5.263157894736842,73.30827067669173
E00033168,250,57,32,25,193,13,180,22.8,12.8,10,77.2,5.2,72
E00033169,292,38,24,14,254,15,239,13.013698630136986,8.21917808219178,4.794520547945205,86.98630136986301,5.136986301369863,81.84931506849315
E00033170,326,67,31,36,259,16,243,20.552147239263803,9.509202453987731,11.042944785276074,79.4478527607362,4.9079754601226995,74.5398773006135
E00033171,305,54,19,35,251,16,235,17.704918032786885,6.229508196721312,11.475409836065573,82.29508196721311,5.245901639344262,77.04918032786885
E00033172,263,109,45,64,154,5,149,41.44486692015209,17.110266159695815,24.334600760456272,58.55513307984791,1.9011406844106464,56.65399239543726
E00033173,293,71,37,34,222,17,205,24.2320819112628,12.627986348122866,11.604095563139932,75.76791808873719,5.802047781569966,69.96587030716724
E00033174,311,87,55,32,224,11,213,27.974276527331188,17.684887459807076,10.289389067524116,72.02572347266882,3.536977491961415,68.48874598070739
E00033175,250,59,39,20,191,21,170,23.599999999999998,15.6,8,76.4,8.4,68
E00033176,404,101,63,38,303,16,287,25,15.594059405940595,9.405940594059405,75,3.9603960396039604,71.03960396039604
E00033177,284,68,32,36,216,14,202,23.943661971830984,11.267605633802818,12.676056338028168,76.05633802816901,4.929577464788732,71.12676056338029
E00033178,142,43,28,15,99,15,84,30.28169014084507,19.718309859154928,10.56338028169014,69.71830985915493,10.56338028169014,59.154929577464785
E00033179,338,75,47,28,263,14,249,22.189349112426036,13.905325443786982,8.284023668639055,77.81065088757396,4.142011834319527,73.66863905325444
E00033181,477,87,35,52,390,40,350,18.238993710691823,7.337526205450734,10.90146750524109,81.76100628930818,8.385744234800839,73.37526205450735
E00033182,365,67,32,35,298,26,272,18.356164383561644,8.767123287671232,9.58904109589041,81.64383561643835,7.123287671232877,74.52054794520548
E00033183,560,76,32,44,484,48,436,13.571428571428571,5.714285714285714,7.857142857142857,86.42857142857143,8.571428571428571,77.85714285714286
E00033185,204,41,16,25,163,16,147,20.098039215686274,7.8431372549019605,12.254901960784313,79.90196078431373,7.8431372549019605,72.05882352941177
E00033186,199,33,12,21,166,14,152,16.582914572864322,6.030150753768844,10.552763819095476,83.41708542713567,7.035175879396985,76.38190954773869
E00033187,188,32,15,17,156,20,136,17.02127659574468,7.9787234042553195,9.042553191489363,82.97872340425532,10.638297872340425,72.3404255319149
E00033188,246,44,23,21,202,18,184,17.88617886178862,9.34959349593496,8.536585365853659,82.11382113821138,7.317073170731707,74.79674796747967
E00033189,613,115,65,50,498,19,479,18.76019575856444,10.60358890701468,8.156606851549755,81.23980424143556,3.0995106035889073,78.14029363784665
E00033190,456,76,40,36,380,16,364,16.666666666666664,8.771929824561402,7.894736842105263,83.33333333333334,3.508771929824561,79.82456140350878
E00033191,409,67,22,45,342,22,320,16.381418092909534,5.378973105134474,11.00244498777506,83.61858190709046,5.378973105134474,78.239608801956
E00033192,429,69,19,50,360,31,329,16.083916083916083,4.428904428904429,11.655011655011654,83.91608391608392,7.226107226107226,76.68997668997669
E00033193,258,39,13,26,219,18,201,15.11627906976744,5.038759689922481,10.077519379844961,84.88372093023256,6.976744186046512,77.90697674418605
E00033194,329,51,17,34,278,29,249,15.501519756838904,5.167173252279635,10.33434650455927,84.49848024316108,8.814589665653495,75.6838905775076
E00033195,213,38,16,22,175,19,156,17.84037558685446,7.511737089201878,10.328638497652582,82.15962441314554,8.92018779342723,73.23943661971832
E00033196,212,37,17,20,175,22,153,17.452830188679243,8.018867924528301,9.433962264150944,82.54716981132076,10.377358490566039,72.16981132075472
E00033197,384,159,95,64,225,23,202,41.40625,24.739583333333336,16.666666666666664,58.59375,5.989583333333334,52.604166666666664
E00033198,337,46,15,31,291,31,260,13.649851632047477,4.451038575667656,9.198813056379821,86.35014836795251,9.198813056379821,77.1513353115727
E00033199,199,94,58,36,105,9,96,47.23618090452261,29.145728643216078,18.090452261306535,52.76381909547738,4.522613065326634,48.24120603015075
E00033200,195,70,39,31,125,11,114,35.8974358974359,20,15.897435897435896,64.1025641025641,5.641025641025641,58.46153846153847
E00033201,190,31,9,22,159,12,147,16.315789473684212,4.736842105263158,11.578947368421053,83.6842105263158,6.315789473684211,77.36842105263158
E00033202,303,44,18,26,259,24,235,14.521452145214523,5.9405940594059405,8.58085808580858,85.47854785478548,7.920792079207921,77.55775577557755
E00033203,222,42,24,18,180,25,155,18.91891891891892,10.81081081081081,8.108108108108109,81.08108108108108,11.26126126126126,69.81981981981981
E00033204,220,26,7,19,194,22,172,11.818181818181818,3.1818181818181817,8.636363636363637,88.18181818181819,10,78.18181818181819
E00033206,288,39,16,23,249,27,222,13.541666666666666,5.555555555555555,7.986111111111111,86.45833333333334,9.375,77.08333333333334
E00033207,275,65,43,22,210,8,202,23.636363636363637,15.636363636363637,8,76.36363636363637,2.909090909090909,73.45454545454545
E00033208,211,35,17,18,176,7,169,16.587677725118482,8.056872037914692,8.530805687203792,83.41232227488152,3.3175355450236967,80.09478672985783
E00033209,301,89,59,30,212,11,201,29.568106312292358,19.601328903654487,9.966777408637874,70.43189368770764,3.6544850498338874,66.77740863787376
E00033210,308,59,20,39,249,18,231,19.155844155844157,6.493506493506493,12.662337662337661,80.84415584415584,5.844155844155844,75
E00033211,363,72,37,35,291,16,275,19.834710743801654,10.192837465564738,9.641873278236915,80.16528925619835,4.40771349862259,75.75757575757575
E00033212,324,53,30,23,271,13,258,16.358024691358025,9.25925925925926,7.098765432098765,83.64197530864197,4.012345679012346,79.62962962962963
E00033213,373,53,18,35,320,25,295,14.209115281501342,4.825737265415549,9.383378016085791,85.79088471849866,6.702412868632708,79.08847184986595
E00033214,575,87,37,50,488,19,469,15.130434782608695,6.434782608695652,8.695652173913043,84.86956521739131,3.304347826086956,81.56521739130434
E00033215,271,81,35,46,190,14,176,29.88929889298893,12.915129151291513,16.974169741697416,70.11070110701108,5.166051660516605,64.94464944649447
E00033216,240,47,20,27,193,14,179,19.583333333333332,8.333333333333332,11.25,80.41666666666667,5.833333333333333,74.58333333333333
E00033217,246,52,26,26,194,19,175,21.138211382113823,10.569105691056912,10.569105691056912,78.86178861788618,7.723577235772358,71.13821138211382
E00033218,270,53,16,37,217,22,195,19.62962962962963,5.9259259259259265,13.703703703703704,80.37037037037037,8.148148148148149,72.22222222222221
E00033219,361,79,30,49,282,36,246,21.88365650969529,8.310249307479225,13.573407202216067,78.1163434903047,9.97229916897507,68.14404432132964
E00033220,368,70,24,46,298,21,277,19.021739130434785,6.521739130434782,12.5,80.97826086956522,5.706521739130435,75.27173913043478
E00033221,220,55,24,31,165,11,154,25,10.909090909090908,14.09090909090909,75,5,70
E00033222,165,68,38,30,97,15,82,41.21212121212121,23.03030303030303,18.181818181818183,58.78787878787879,9.090909090909092,49.696969696969695
E00033223,228,44,16,28,184,8,176,19.298245614035086,7.017543859649122,12.280701754385964,80.7017543859649,3.508771929824561,77.19298245614034
E00033224,295,84,50,34,211,17,194,28.474576271186443,16.94915254237288,11.525423728813559,71.52542372881356,5.762711864406779,65.76271186440678
E00033225,397,138,76,62,259,11,248,34.76070528967254,19.143576826196472,15.617128463476071,65.23929471032746,2.770780856423174,62.468513853904284
E00033226,430,122,68,54,308,16,292,28.37209302325581,15.813953488372093,12.558139534883722,71.62790697674419,3.7209302325581395,67.90697674418604
E00033227,247,69,41,28,178,8,170,27.93522267206478,16.599190283400812,11.336032388663968,72.06477732793523,3.2388663967611335,68.82591093117408
E00033228,331,142,73,69,189,18,171,42.90030211480362,22.054380664652566,20.84592145015106,57.09969788519638,5.438066465256798,51.66163141993958
E00033229,292,82,49,33,210,15,195,28.08219178082192,16.78082191780822,11.301369863013697,71.91780821917808,5.136986301369863,66.78082191780823
E00033230,242,54,32,22,188,12,176,22.31404958677686,13.223140495867769,9.090909090909092,77.68595041322314,4.958677685950414,72.72727272727273
E00033235,214,59,37,22,155,9,146,27.570093457943923,17.289719626168225,10.2803738317757,72.42990654205607,4.205607476635514,68.22429906542055
E00033237,274,101,67,34,173,7,166,36.86131386861314,24.45255474452555,12.408759124087592,63.138686131386855,2.5547445255474455,60.58394160583942
E00033238,504,122,74,48,382,19,363,24.206349206349206,14.682539682539684,9.523809523809524,75.79365079365078,3.7698412698412698,72.02380952380952
E00033242,226,79,51,28,147,8,139,34.95575221238938,22.566371681415927,12.389380530973451,65.04424778761062,3.5398230088495577,61.504424778761056
E00033245,246,93,62,31,153,10,143,37.80487804878049,25.203252032520325,12.601626016260163,62.19512195121951,4.0650406504065035,58.13008130081301
E00033246,243,64,36,28,179,14,165,26.337448559670783,14.814814814814813,11.522633744855968,73.66255144032921,5.761316872427984,67.90123456790124
E00033247,298,76,45,31,222,20,202,25.503355704697988,15.100671140939598,10.40268456375839,74.49664429530202,6.7114093959731544,67.78523489932886
E00033248,252,93,53,40,159,17,142,36.904761904761905,21.03174603174603,15.873015873015872,63.095238095238095,6.746031746031746,56.34920634920635
E00033249,286,65,38,27,221,9,212,22.727272727272727,13.286713286713287,9.44055944055944,77.27272727272727,3.146853146853147,74.12587412587412
E00033250,232,89,49,40,143,8,135,38.362068965517246,21.120689655172413,17.24137931034483,61.63793103448276,3.4482758620689653,58.189655172413794
E00033251,221,57,40,17,164,8,156,25.791855203619914,18.099547511312217,7.6923076923076925,74.2081447963801,3.619909502262444,70.58823529411765
E00033252,309,107,73,34,202,14,188,34.627831715210355,23.624595469255663,11.003236245954692,65.37216828478964,4.53074433656958,60.84142394822006
E00033253,210,63,32,31,147,10,137,30,15.238095238095239,14.761904761904763,70,4.761904761904762,65.23809523809524
E00033254,305,70,49,21,235,9,226,22.950819672131146,16.065573770491802,6.885245901639345,77.04918032786885,2.9508196721311477,74.09836065573771
E00033255,276,75,49,26,201,18,183,27.173913043478258,17.753623188405797,9.420289855072465,72.82608695652173,6.521739130434782,66.30434782608695
E00033256,194,74,50,24,120,6,114,38.144329896907216,25.773195876288657,12.371134020618557,61.855670103092784,3.0927835051546393,58.76288659793815
E00033257,319,83,52,31,236,19,217,26.01880877742947,16.30094043887147,9.717868338557993,73.98119122257053,5.956112852664576,68.02507836990596
E00033258,391,125,80,45,266,9,257,31.9693094629156,20.460358056265985,11.508951406649617,68.03069053708441,2.3017902813299234,65.72890025575447
E00033259,169,29,17,12,140,9,131,17.159763313609467,10.059171597633137,7.100591715976331,82.84023668639054,5.325443786982249,77.51479289940828
E00033260,253,71,35,36,182,14,168,28.063241106719367,13.83399209486166,14.229249011857709,71.93675889328063,5.533596837944664,66.40316205533597
E00033261,257,62,38,24,195,17,178,24.124513618677042,14.785992217898833,9.33852140077821,75.87548638132296,6.614785992217899,69.26070038910505
E00033264,398,114,64,50,284,12,272,28.643216080402013,16.08040201005025,12.562814070351758,71.35678391959799,3.015075376884422,68.34170854271356
E00033265,285,71,37,34,214,12,202,24.912280701754387,12.982456140350877,11.929824561403509,75.08771929824562,4.2105263157894735,70.87719298245614
E00033266,302,80,43,37,222,16,206,26.490066225165563,14.23841059602649,12.251655629139073,73.50993377483444,5.298013245033113,68.21192052980133
E00033267,220,57,29,28,163,12,151,25.90909090909091,13.18181818181818,12.727272727272727,74.0909090909091,5.454545454545454,68.63636363636364
E00033268,311,74,37,37,237,22,215,23.79421221864952,11.89710610932476,11.89710610932476,76.20578778135048,7.07395498392283,69.13183279742765
E00033269,160,50,28,22,110,9,101,31.25,17.5,13.750000000000002,68.75,5.625,63.125
E00033270,342,81,55,26,261,16,245,23.684210526315788,16.08187134502924,7.602339181286549,76.31578947368422,4.678362573099415,71.6374269005848
E00033271,332,41,22,19,291,24,267,12.349397590361445,6.626506024096386,5.72289156626506,87.65060240963855,7.228915662650602,80.42168674698796
E00033272,289,62,32,30,227,15,212,21.453287197231834,11.072664359861593,10.380622837370241,78.54671280276817,5.190311418685121,73.35640138408304
E00033274,262,58,37,21,204,12,192,22.137404580152673,14.122137404580155,8.015267175572518,77.86259541984732,4.580152671755725,73.2824427480916
E00033275,261,86,47,39,175,15,160,32.95019157088122,18.007662835249043,14.942528735632186,67.04980842911877,5.747126436781609,61.30268199233716
E00033276,242,58,26,32,184,18,166,23.96694214876033,10.743801652892563,13.223140495867769,76.03305785123968,7.43801652892562,68.59504132231406
E00033277,259,98,70,28,161,9,152,37.83783783783784,27.027027027027028,10.81081081081081,62.16216216216216,3.474903474903475,58.68725868725869
E00033278,201,51,27,24,150,10,140,25.37313432835821,13.432835820895523,11.940298507462686,74.6268656716418,4.975124378109453,69.65174129353234
E00033279,269,74,34,40,195,15,180,27.509293680297397,12.639405204460965,14.869888475836431,72.4907063197026,5.5762081784386615,66.91449814126395
E00033281,311,66,39,27,245,24,221,21.221864951768488,12.540192926045016,8.681672025723474,78.77813504823152,7.717041800643088,71.06109324758843
E00033282,303,71,50,21,232,21,211,23.432343234323433,16.5016501650165,6.9306930693069315,76.56765676567657,6.9306930693069315,69.63696369636963
E00033283,281,81,33,48,200,23,177,28.825622775800714,11.743772241992882,17.08185053380783,71.17437722419929,8.185053380782918,62.989323843416365
E00033284,238,95,72,23,143,9,134,39.91596638655462,30.252100840336134,9.663865546218489,60.08403361344538,3.7815126050420167,56.30252100840336
E00033285,300,69,36,33,231,17,214,23,12,11,77,5.666666666666666,71.33333333333334
E00033286,205,83,52,31,122,8,114,40.487804878048784,25.365853658536587,15.121951219512194,59.512195121951216,3.902439024390244,55.60975609756098
E00033287,270,58,23,35,212,18,194,21.48148148148148,8.518518518518519,12.962962962962962,78.51851851851852,6.666666666666667,71.85185185185186
E00033288,281,57,22,35,224,21,203,20.284697508896798,7.829181494661921,12.455516014234876,79.7153024911032,7.473309608540925,72.24199288256227
E00033289,225,45,29,16,180,12,168,20,12.88888888888889,7.111111111111111,80,5.333333333333334,74.66666666666667
E00033290,356,122,92,30,234,12,222,34.26966292134831,25.842696629213485,8.426966292134832,65.73033707865169,3.3707865168539324,62.35955056179775
E00033291,460,77,34,43,383,26,357,16.73913043478261,7.391304347826087,9.347826086956522,83.26086956521739,5.6521739130434785,77.6086956521739
E00033292,194,46,20,26,148,8,140,23.711340206185564,10.309278350515463,13.402061855670103,76.28865979381443,4.123711340206185,72.16494845360825
E00033293,304,76,53,23,228,14,214,25,17.434210526315788,7.565789473684211,75,4.605263157894736,70.39473684210526
E00033294,237,74,46,28,163,8,155,31.223628691983123,19.40928270042194,11.814345991561181,68.77637130801688,3.375527426160337,65.40084388185655
E00033295,287,43,30,13,244,19,225,14.982578397212542,10.452961672473867,4.529616724738676,85.01742160278745,6.620209059233449,78.397212543554
E00033296,274,48,24,24,226,19,207,17.51824817518248,8.75912408759124,8.75912408759124,82.48175182481752,6.934306569343065,75.54744525547446
E00033297,334,83,56,27,251,15,236,24.850299401197603,16.766467065868262,8.08383233532934,75.1497005988024,4.491017964071856,70.65868263473054
E00033298,305,76,41,35,229,16,213,24.91803278688525,13.442622950819672,11.475409836065573,75.08196721311475,5.245901639344262,69.83606557377048
E00033299,327,72,35,37,255,15,240,22.018348623853214,10.703363914373089,11.314984709480122,77.98165137614679,4.587155963302752,73.39449541284404
E00033300,232,58,34,24,174,12,162,25,14.655172413793101,10.344827586206897,75,5.172413793103448,69.82758620689656
E00033301,279,85,52,33,194,19,175,30.46594982078853,18.63799283154122,11.827956989247312,69.53405017921148,6.810035842293908,62.72401433691756
E00033302,332,82,55,27,250,10,240,24.69879518072289,16.566265060240966,8.132530120481928,75.30120481927712,3.0120481927710845,72.28915662650603
E00033304,261,95,54,41,166,14,152,36.39846743295019,20.689655172413794,15.708812260536398,63.601532567049816,5.363984674329502,58.23754789272031
E00033305,275,73,43,30,202,12,190,26.545454545454543,15.636363636363637,10.909090909090908,73.45454545454545,4.363636363636364,69.0909090909091
E00033306,287,65,43,22,222,18,204,22.64808362369338,14.982578397212542,7.665505226480835,77.35191637630662,6.2717770034843205,71.0801393728223
E00033307,328,89,50,39,239,15,224,27.134146341463417,15.24390243902439,11.890243902439025,72.86585365853658,4.573170731707317,68.29268292682927
E00033308,441,52,22,30,389,19,370,11.791383219954648,4.988662131519274,6.802721088435375,88.20861678004536,4.308390022675737,83.90022675736961
E00033309,292,76,47,29,216,7,209,26.027397260273972,16.095890410958905,9.931506849315069,73.97260273972603,2.3972602739726026,71.57534246575342
E00033310,304,83,49,34,221,16,205,27.302631578947366,16.11842105263158,11.18421052631579,72.69736842105263,5.263157894736842,67.43421052631578
E00033312,270,70,47,23,200,16,184,25.925925925925924,17.40740740740741,8.518518518518519,74.07407407407408,5.9259259259259265,68.14814814814815
E00033313,308,79,44,35,229,22,207,25.649350649350648,14.285714285714285,11.363636363636363,74.35064935064936,7.142857142857142,67.20779220779221
E00033314,313,73,47,26,240,10,230,23.322683706070286,15.015974440894569,8.30670926517572,76.6773162939297,3.1948881789137378,73.48242811501598
E00033315,316,83,46,37,233,15,218,26.265822784810126,14.556962025316455,11.708860759493671,73.73417721518987,4.746835443037975,68.9873417721519
E00033316,350,59,24,35,291,13,278,16.857142857142858,6.857142857142858,10,83.14285714285714,3.7142857142857144,79.42857142857143
E00033317,356,68,33,35,288,20,268,19.101123595505616,9.269662921348315,9.831460674157304,80.89887640449437,5.617977528089887,75.28089887640449
E00033318,383,101,56,45,282,20,262,26.370757180156655,14.621409921671018,11.74934725848564,73.62924281984334,5.221932114882506,68.40731070496084
E00033319,424,63,31,32,361,33,328,14.858490566037736,7.311320754716981,7.547169811320755,85.14150943396226,7.783018867924528,77.35849056603774
E00033320,306,46,23,23,260,15,245,15.032679738562091,7.516339869281046,7.516339869281046,84.9673202614379,4.901960784313726,80.06535947712419
E00033322,295,51,14,37,244,13,231,17.28813559322034,4.745762711864407,12.54237288135593,82.71186440677965,4.406779661016949,78.30508474576271
E00033323,294,34,18,16,260,25,235,11.564625850340136,6.122448979591836,5.442176870748299,88.43537414965986,8.503401360544217,79.93197278911565
E00033324,304,40,16,24,264,30,234,13.157894736842104,5.263157894736842,7.894736842105263,86.8421052631579,9.868421052631579,76.97368421052632
E00033326,278,31,7,24,247,15,232,11.151079136690647,2.5179856115107913,8.633093525179856,88.84892086330936,5.39568345323741,83.45323741007195
E00033327,262,38,14,24,224,13,211,14.50381679389313,5.343511450381679,9.16030534351145,85.49618320610686,4.961832061068702,80.53435114503816
E00033328,225,61,31,30,164,13,151,27.111111111111114,13.777777777777779,13.333333333333334,72.88888888888889,5.777777777777778,67.11111111111111
E00033329,320,54,28,26,266,21,245,16.875,8.75,8.125,83.125,6.5625,76.5625
E00033330,345,62,36,26,283,23,260,17.971014492753625,10.434782608695652,7.536231884057972,82.02898550724638,6.666666666666667,75.36231884057972
E00033331,326,45,21,24,281,19,262,13.803680981595093,6.441717791411043,7.361963190184049,86.1963190184049,5.828220858895705,80.3680981595092
E00033332,286,34,15,19,252,17,235,11.888111888111888,5.244755244755245,6.643356643356643,88.11188811188812,5.944055944055944,82.16783216783216
E00033333,303,58,27,31,245,25,220,19.141914191419144,8.91089108910891,10.231023102310232,80.85808580858085,8.25082508250825,72.60726072607261
E00033334,285,53,26,27,232,14,218,18.596491228070175,9.12280701754386,9.473684210526317,81.40350877192982,4.912280701754386,76.49122807017544
E00033335,258,42,12,30,216,25,191,16.27906976744186,4.651162790697675,11.627906976744185,83.72093023255815,9.689922480620156,74.03100775193798
E00033336,307,38,22,16,269,13,256,12.37785016286645,7.166123778501629,5.211726384364821,87.62214983713355,4.234527687296417,83.38762214983714
E00033337,198,31,13,18,167,12,155,15.656565656565657,6.565656565656567,9.090909090909092,84.34343434343434,6.0606060606060606,78.28282828282829
E00033338,284,33,16,17,251,15,236,11.619718309859154,5.633802816901409,5.985915492957746,88.38028169014085,5.28169014084507,83.09859154929578
E00033339,386,48,18,30,338,18,320,12.435233160621761,4.66321243523316,7.772020725388601,87.56476683937824,4.66321243523316,82.90155440414507
E00033340,296,43,17,26,253,21,232,14.527027027027026,5.743243243243244,8.783783783783784,85.47297297297297,7.094594594594595,78.37837837837837
E00033341,331,58,19,39,273,27,246,17.522658610271904,5.740181268882175,11.782477341389729,82.4773413897281,8.157099697885197,74.32024169184291
E00033342,318,44,13,31,274,30,244,13.836477987421384,4.088050314465408,9.748427672955975,86.16352201257862,9.433962264150944,76.72955974842768
E00033343,262,38,17,21,224,22,202,14.50381679389313,6.488549618320611,8.015267175572518,85.49618320610686,8.396946564885496,77.09923664122137
E00033344,324,45,25,20,279,27,252,13.88888888888889,7.716049382716049,6.172839506172839,86.11111111111111,8.333333333333332,77.77777777777779
E00033345,429,56,16,40,373,41,332,13.053613053613052,3.7296037296037294,9.324009324009324,86.94638694638695,9.557109557109557,77.3892773892774
E00033346,270,36,16,20,234,15,219,13.333333333333334,5.9259259259259265,7.4074074074074066,86.66666666666667,5.555555555555555,81.11111111111111
E00033347,310,49,21,28,261,22,239,15.806451612903224,6.774193548387098,9.032258064516128,84.19354838709677,7.096774193548387,77.09677419354838
E00033348,321,38,14,24,283,23,260,11.838006230529595,4.361370716510903,7.476635514018691,88.1619937694704,7.165109034267912,80.99688473520249
E00033349,290,64,30,34,226,16,210,22.06896551724138,10.344827586206897,11.724137931034482,77.93103448275862,5.517241379310345,72.41379310344827
E00033350,309,62,33,29,247,21,226,20.06472491909385,10.679611650485436,9.385113268608414,79.93527508090615,6.796116504854369,73.13915857605178
E00033351,306,61,42,19,245,12,233,19.934640522875817,13.725490196078432,6.209150326797386,80.06535947712419,3.9215686274509802,76.1437908496732
E00033352,304,37,14,23,267,16,251,12.171052631578947,4.605263157894736,7.565789473684211,87.82894736842105,5.263157894736842,82.56578947368422
E00033353,250,41,18,23,209,19,190,16.400000000000002,7.199999999999999,9.2,83.6,7.6,76
E00033354,199,79,55,24,120,11,109,39.698492462311556,27.63819095477387,12.060301507537687,60.30150753768844,5.527638190954774,54.773869346733676
E00033355,346,46,19,27,300,18,282,13.294797687861271,5.491329479768786,7.803468208092486,86.70520231213872,5.202312138728324,81.5028901734104
E00033356,342,76,43,33,266,17,249,22.22222222222222,12.573099415204677,9.649122807017543,77.77777777777779,4.970760233918129,72.80701754385966
E00033357,294,89,53,36,205,17,188,30.272108843537417,18.027210884353742,12.244897959183673,69.72789115646259,5.782312925170068,63.94557823129252
E00033358,224,56,35,21,168,15,153,25,15.625,9.375,75,6.696428571428571,68.30357142857143
E00033359,320,78,37,41,242,17,225,24.375,11.5625,12.812499999999998,75.625,5.3125,70.3125
E00033360,338,66,25,41,272,23,249,19.526627218934912,7.396449704142012,12.1301775147929,80.4733727810651,6.8047337278106506,73.66863905325444
E00033361,401,71,29,42,330,30,300,17.70573566084788,7.231920199501247,10.473815461346634,82.29426433915212,7.4812967581047385,74.81296758104739
E00033362,275,37,17,20,238,21,217,13.454545454545455,6.181818181818182,7.2727272727272725,86.54545454545455,7.636363636363637,78.9090909090909
E00033363,192,27,11,16,165,16,149,14.0625,5.729166666666666,8.333333333333332,85.9375,8.333333333333332,77.60416666666666
E00033364,366,67,38,29,299,20,279,18.30601092896175,10.382513661202186,7.923497267759563,81.69398907103826,5.46448087431694,76.22950819672131
E00033365,438,64,26,38,374,25,349,14.61187214611872,5.93607305936073,8.67579908675799,85.38812785388129,5.707762557077626,79.68036529680366
E00033366,261,30,12,18,231,17,214,11.494252873563218,4.597701149425287,6.896551724137931,88.50574712643679,6.513409961685824,81.99233716475096
E00033367,311,55,26,29,256,21,235,17.684887459807076,8.360128617363344,9.32475884244373,82.31511254019293,6.752411575562702,75.56270096463022
E00033368,282,41,12,29,241,29,212,14.539007092198581,4.25531914893617,10.28368794326241,85.46099290780141,10.28368794326241,75.177304964539
E00033369,352,58,34,24,294,37,257,16.477272727272727,9.659090909090908,6.8181818181818175,83.52272727272727,10.511363636363637,73.01136363636364
E00033370,285,66,36,30,219,25,194,23.157894736842106,12.631578947368421,10.526315789473683,76.84210526315789,8.771929824561402,68.0701754385965
E00033371,276,37,9,28,239,25,214,13.405797101449277,3.260869565217391,10.144927536231885,86.59420289855072,9.057971014492754,77.53623188405797
E00033372,279,44,26,18,235,15,220,15.770609318996415,9.31899641577061,6.451612903225806,84.22939068100358,5.376344086021505,78.85304659498208
E00033373,459,83,35,48,376,38,338,18.082788671023962,7.625272331154684,10.457516339869281,81.91721132897604,8.278867102396514,73.63834422657952
E00033374,278,49,17,32,229,26,203,17.62589928057554,6.115107913669065,11.510791366906476,82.37410071942446,9.352517985611511,73.02158273381295
E00033375,396,80,50,30,316,23,293,20.2020202020202,12.626262626262626,7.575757575757576,79.7979797979798,5.808080808080808,73.98989898989899
E00033376,308,47,12,35,261,29,232,15.259740259740258,3.896103896103896,11.363636363636363,84.74025974025975,9.415584415584416,75.32467532467533
E00033377,278,43,10,33,235,34,201,15.467625899280577,3.5971223021582732,11.870503597122301,84.53237410071942,12.23021582733813,72.3021582733813
E00033378,323,59,23,36,264,35,229,18.26625386996904,7.120743034055728,11.145510835913312,81.73374613003097,10.8359133126935,70.89783281733746
E00033379,275,45,18,27,230,39,191,16.363636363636363,6.545454545454546,9.818181818181818,83.63636363636363,14.181818181818182,69.45454545454545
E00033380,247,35,17,18,212,23,189,14.17004048582996,6.882591093117409,7.28744939271255,85.82995951417004,9.31174089068826,76.51821862348179
E00033381,205,45,20,25,160,24,136,21.951219512195124,9.75609756097561,12.195121951219512,78.04878048780488,11.707317073170733,66.34146341463415
E00033382,332,55,20,35,277,33,244,16.566265060240966,6.024096385542169,10.542168674698797,83.43373493975903,9.939759036144578,73.49397590361446
E00033383,269,53,23,30,216,25,191,19.702602230483272,8.550185873605948,11.152416356877323,80.29739776951673,9.293680297397769,71.00371747211895
E00033384,365,55,18,37,310,29,281,15.068493150684931,4.931506849315069,10.136986301369863,84.93150684931507,7.9452054794520555,76.98630136986301
E00033385,314,55,24,31,259,24,235,17.51592356687898,7.643312101910828,9.872611464968154,82.48407643312102,7.643312101910828,74.84076433121018
E00033386,309,58,32,26,251,19,232,18.77022653721683,10.355987055016183,8.414239482200648,81.22977346278317,6.148867313915858,75.08090614886731
E00033387,194,34,10,24,160,19,141,17.525773195876287,5.154639175257731,12.371134020618557,82.4742268041237,9.793814432989691,72.68041237113401
E00033388,284,89,51,38,195,10,185,31.338028169014088,17.95774647887324,13.380281690140844,68.66197183098592,3.5211267605633805,65.14084507042254
E00033389,289,47,22,25,242,14,228,16.26297577854671,7.612456747404845,8.650519031141869,83.73702422145328,4.844290657439446,78.89273356401384
E00033391,304,65,34,31,239,23,216,21.38157894736842,11.18421052631579,10.197368421052632,78.61842105263158,7.565789473684211,71.05263157894737
E00033392,262,37,18,19,225,40,185,14.122137404580155,6.870229007633588,7.251908396946565,85.87786259541986,15.267175572519085,70.61068702290076
E00033394,235,44,20,24,191,18,173,18.72340425531915,8.51063829787234,10.212765957446807,81.27659574468085,7.659574468085106,73.61702127659574
E00033395,334,76,39,37,258,20,238,22.75449101796407,11.676646706586826,11.077844311377245,77.24550898203593,5.9880239520958085,71.25748502994011
E00033396,281,58,23,35,223,26,197,20.640569395017792,8.185053380782918,12.455516014234876,79.35943060498221,9.252669039145907,70.1067615658363
E00033397,319,39,19,20,280,15,265,12.225705329153605,5.956112852664576,6.269592476489027,87.7742946708464,4.702194357366771,83.07210031347962
E00033399,312,45,17,28,267,28,239,14.423076923076922,5.448717948717949,8.974358974358974,85.57692307692307,8.974358974358974,76.6025641025641
E00033400,287,64,33,31,223,29,194,22.299651567944252,11.498257839721255,10.801393728222997,77.70034843205575,10.104529616724738,67.59581881533101
E00033401,249,38,15,23,211,22,189,15.261044176706829,6.024096385542169,9.236947791164658,84.73895582329317,8.835341365461847,75.90361445783132
E00033402,294,62,19,43,232,24,208,21.08843537414966,6.462585034013606,14.625850340136054,78.91156462585033,8.16326530612245,70.74829931972789
E00033403,379,63,25,38,316,19,297,16.62269129287599,6.596306068601583,10.026385224274406,83.37730870712402,5.013192612137203,78.3641160949868
E00033404,395,125,73,52,270,24,246,31.645569620253166,18.48101265822785,13.164556962025317,68.35443037974683,6.075949367088607,62.278481012658226
E00033405,300,44,22,22,256,24,232,14.666666666666666,7.333333333333333,7.333333333333333,85.33333333333334,8,77.33333333333333
E00033406,319,40,16,24,279,24,255,12.539184952978054,5.015673981191222,7.523510971786834,87.46081504702194,7.523510971786834,79.9373040752351
E00033407,307,47,17,30,260,31,229,15.309446254071663,5.537459283387622,9.77198697068404,84.69055374592834,10.097719869706841,74.5928338762215
E00033408,354,59,20,39,295,30,265,16.666666666666664,5.649717514124294,11.016949152542372,83.33333333333334,8.47457627118644,74.85875706214689
E00033409,296,70,34,36,226,26,200,23.64864864864865,11.486486486486488,12.162162162162163,76.35135135135135,8.783783783783784,67.56756756756756
E00033410,269,31,11,20,238,22,216,11.524163568773234,4.089219330855019,7.434944237918216,88.47583643122677,8.178438661710038,80.29739776951673
E00033411,318,42,13,29,276,38,238,13.20754716981132,4.088050314465408,9.119496855345911,86.79245283018868,11.949685534591195,74.84276729559748
E00033412,311,47,17,30,264,30,234,15.112540192926044,5.466237942122187,9.646302250803858,84.88745980707395,9.646302250803858,75.2411575562701
E00033413,216,30,11,19,186,20,166,13.88888888888889,5.092592592592593,8.796296296296296,86.11111111111111,9.25925925925926,76.85185185185185
E00033414,316,43,12,31,273,29,244,13.60759493670886,3.79746835443038,9.81012658227848,86.39240506329115,9.177215189873419,77.21518987341773
E00033415,266,37,16,21,229,35,194,13.909774436090224,6.015037593984962,7.894736842105263,86.09022556390977,13.157894736842104,72.93233082706767
E00033416,292,33,14,19,259,23,236,11.301369863013697,4.794520547945205,6.506849315068493,88.6986301369863,7.876712328767123,80.82191780821918
E00033417,301,43,19,24,258,20,238,14.285714285714285,6.312292358803987,7.973421926910299,85.71428571428571,6.64451827242525,79.06976744186046
E00033418,430,45,19,26,385,36,349,10.465116279069768,4.4186046511627906,6.046511627906977,89.53488372093024,8.372093023255815,81.16279069767441
E00033419,372,60,32,28,312,27,285,16.129032258064516,8.60215053763441,7.526881720430108,83.87096774193549,7.258064516129033,76.61290322580645
E00033420,378,56,26,30,322,41,281,14.814814814814813,6.878306878306878,7.936507936507936,85.18518518518519,10.846560846560847,74.33862433862434
E00033421,284,51,23,28,233,26,207,17.95774647887324,8.098591549295776,9.859154929577464,82.04225352112677,9.15492957746479,72.88732394366197
E00033422,411,59,21,38,352,32,320,14.355231143552311,5.109489051094891,9.245742092457421,85.64476885644768,7.785888077858881,77.85888077858881
E00033423,280,33,13,20,247,39,208,11.785714285714285,4.642857142857143,7.142857142857142,88.21428571428571,13.928571428571429,74.28571428571429
E00033424,297,43,21,22,254,27,227,14.47811447811448,7.07070707070707,7.4074074074074066,85.52188552188552,9.090909090909092,76.43097643097643
E00033425,230,18,2,16,212,12,200,7.82608695652174,0.8695652173913043,6.956521739130435,92.17391304347827,5.217391304347826,86.95652173913044
E00033426,289,49,21,28,240,22,218,16.955017301038062,7.26643598615917,9.688581314878892,83.04498269896193,7.612456747404845,75.4325259515571
E00033427,241,56,26,30,185,12,173,23.236514522821576,10.78838174273859,12.448132780082988,76.76348547717843,4.979253112033195,71.78423236514523
E00033428,325,71,39,32,254,14,240,21.846153846153847,12,9.846153846153847,78.15384615384615,4.3076923076923075,73.84615384615385
E00033432,328,91,52,39,237,17,220,27.743902439024392,15.853658536585366,11.890243902439025,72.2560975609756,5.182926829268292,67.07317073170732
E00033435,287,83,51,32,204,14,190,28.9198606271777,17.770034843205575,11.149825783972126,71.0801393728223,4.878048780487805,66.2020905923345
E00033436,292,67,29,38,225,9,216,22.945205479452056,9.931506849315069,13.013698630136986,77.05479452054794,3.0821917808219177,73.97260273972603
E00033437,276,76,47,29,200,8,192,27.536231884057973,17.02898550724638,10.507246376811594,72.46376811594203,2.898550724637681,69.56521739130434
E00033438,293,76,42,34,217,23,194,25.938566552901023,14.334470989761092,11.604095563139932,74.06143344709898,7.849829351535837,66.21160409556313
E00033439,343,94,48,46,249,25,224,27.405247813411076,13.994169096209912,13.411078717201166,72.59475218658892,7.288629737609329,65.3061224489796
E00033440,328,100,64,36,228,10,218,30.48780487804878,19.51219512195122,10.975609756097562,69.51219512195121,3.048780487804878,66.46341463414635
E00033441,351,70,38,32,281,12,269,19.943019943019944,10.826210826210826,9.116809116809117,80.05698005698005,3.418803418803419,76.63817663817663
E00033442,355,95,51,44,260,6,254,26.76056338028169,14.366197183098592,12.394366197183098,73.23943661971832,1.6901408450704223,71.54929577464789
E00033443,289,73,35,38,216,9,207,25.259515570934255,12.110726643598616,13.148788927335639,74.74048442906575,3.1141868512110724,71.62629757785467
E00033444,279,74,46,28,205,13,192,26.523297491039425,16.48745519713262,10.03584229390681,73.47670250896059,4.659498207885305,68.81720430107528
E00033445,230,59,34,25,171,8,163,25.65217391304348,14.782608695652174,10.869565217391305,74.34782608695653,3.4782608695652173,70.86956521739131
E00033446,328,87,53,34,241,16,225,26.52439024390244,16.158536585365855,10.365853658536585,73.47560975609755,4.878048780487805,68.59756097560977
E00033447,175,66,41,25,109,5,104,37.714285714285715,23.42857142857143,14.285714285714285,62.28571428571429,2.857142857142857,59.42857142857143
E00033448,315,75,45,30,240,16,224,23.809523809523807,14.285714285714285,9.523809523809524,76.19047619047619,5.079365079365079,71.11111111111111
E00033449,289,74,41,33,215,17,198,25.60553633217993,14.186851211072666,11.418685121107266,74.39446366782006,5.88235294117647,68.5121107266436
E00033450,314,67,34,33,247,21,226,21.337579617834397,10.828025477707007,10.509554140127388,78.6624203821656,6.687898089171974,71.97452229299363
E00033451,278,75,45,30,203,14,189,26.978417266187048,16.18705035971223,10.79136690647482,73.02158273381295,5.0359712230215825,67.98561151079137
E00033452,231,65,35,30,166,8,158,28.13852813852814,15.151515151515152,12.987012987012985,71.86147186147186,3.463203463203463,68.3982683982684
E00033453,138,33,20,13,105,7,98,23.91304347826087,14.492753623188406,9.420289855072465,76.08695652173914,5.072463768115942,71.01449275362319
E00033454,511,103,46,57,408,24,384,20.15655577299413,9.001956947162427,11.154598825831702,79.84344422700586,4.6966731898238745,75.14677103718199
E00033455,249,55,25,30,194,19,175,22.08835341365462,10.040160642570282,12.048192771084338,77.91164658634538,7.630522088353414,70.28112449799197
E00033456,320,79,42,37,241,14,227,24.6875,13.125,11.5625,75.3125,4.375,70.9375
E00033457,224,59,33,26,165,16,149,26.339285714285715,14.732142857142858,11.607142857142858,73.66071428571429,7.142857142857142,66.51785714285714
E00033458,248,52,26,26,196,9,187,20.967741935483872,10.483870967741936,10.483870967741936,79.03225806451613,3.6290322580645165,75.40322580645162
E00033459,268,76,41,35,192,8,184,28.35820895522388,15.298507462686567,13.059701492537313,71.64179104477611,2.9850746268656714,68.65671641791045
E00033460,498,82,48,34,416,25,391,16.46586345381526,9.63855421686747,6.827309236947792,83.53413654618474,5.020080321285141,78.5140562248996
E00033462,519,123,60,63,396,17,379,23.699421965317917,11.560693641618498,12.138728323699421,76.30057803468208,3.275529865125241,73.02504816955684
E00033463,235,65,37,28,170,18,152,27.659574468085108,15.74468085106383,11.914893617021278,72.3404255319149,7.659574468085106,64.68085106382979
E00033464,290,78,44,34,212,9,203,26.89655172413793,15.172413793103448,11.724137931034482,73.10344827586206,3.103448275862069,70
E00033466,271,64,34,30,207,10,197,23.616236162361623,12.546125461254611,11.07011070110701,76.38376383763837,3.6900369003690034,72.69372693726937
E00033468,293,97,47,50,196,14,182,33.105802047781566,16.040955631399317,17.064846416382252,66.89419795221842,4.778156996587031,62.116040955631405
E00033470,348,97,52,45,251,12,239,27.873563218390807,14.942528735632186,12.931034482758621,72.12643678160919,3.4482758620689653,68.67816091954023
E00033471,316,95,59,36,221,13,208,30.063291139240505,18.670886075949365,11.39240506329114,69.9367088607595,4.113924050632911,65.82278481012658
E00033472,247,56,31,25,191,11,180,22.672064777327936,12.550607287449392,10.121457489878543,77.32793522267207,4.4534412955465585,72.8744939271255
E00033473,294,85,46,39,209,12,197,28.91156462585034,15.646258503401361,13.26530612244898,71.08843537414967,4.081632653061225,67.00680272108843
E00033474,217,58,34,24,159,10,149,26.72811059907834,15.668202764976957,11.059907834101383,73.27188940092167,4.6082949308755765,68.66359447004609
E00033475,300,86,43,43,214,9,205,28.666666666666668,14.333333333333334,14.333333333333334,71.33333333333334,3,68.33333333333333
E00033476,219,63,40,23,156,7,149,28.767123287671232,18.2648401826484,10.50228310502283,71.23287671232876,3.1963470319634704,68.0365296803653
E00033477,164,32,16,16,132,6,126,19.51219512195122,9.75609756097561,9.75609756097561,80.48780487804879,3.6585365853658534,76.82926829268293
E00033478,235,74,43,31,161,12,149,31.48936170212766,18.29787234042553,13.191489361702127,68.51063829787233,5.106382978723404,63.40425531914894
E00033479,389,106,63,43,283,9,274,27.249357326478147,16.195372750642672,11.053984575835475,72.75064267352185,2.313624678663239,70.4370179948586
E00033480,271,54,27,27,217,13,204,19.92619926199262,9.96309963099631,9.96309963099631,80.07380073800738,4.797047970479705,75.27675276752768
E00033481,377,101,57,44,276,24,252,26.790450928381965,15.119363395225463,11.671087533156498,73.20954907161804,6.36604774535809,66.84350132625994
E00033482,274,73,39,34,201,21,180,26.642335766423358,14.233576642335766,12.408759124087592,73.35766423357664,7.664233576642336,65.69343065693431
E00033483,350,106,65,41,244,13,231,30.28571428571429,18.571428571428573,11.714285714285715,69.71428571428572,3.7142857142857144,66
E00033484,304,63,29,34,241,22,219,20.723684210526315,9.539473684210527,11.18421052631579,79.27631578947368,7.236842105263158,72.03947368421053
E00033485,292,77,40,37,215,13,202,26.36986301369863,13.698630136986301,12.67123287671233,73.63013698630137,4.4520547945205475,69.17808219178082
E00033486,413,87,38,49,326,22,304,21.06537530266344,9.200968523002421,11.864406779661017,78.93462469733656,5.326876513317192,73.60774818401937
E00033487,218,89,54,35,129,16,113,40.825688073394495,24.770642201834864,16.055045871559635,59.174311926605505,7.339449541284404,51.8348623853211
E00033488,230,66,35,31,164,11,153,28.695652173913043,15.217391304347828,13.478260869565217,71.30434782608695,4.782608695652174,66.52173913043478
E00033489,287,77,37,40,210,17,193,26.82926829268293,12.89198606271777,13.937282229965156,73.17073170731707,5.923344947735192,67.24738675958189
E00033490,244,73,42,31,171,10,161,29.918032786885245,17.21311475409836,12.704918032786885,70.08196721311475,4.098360655737705,65.98360655737704
E00033491,268,60,31,29,208,17,191,22.388059701492537,11.567164179104477,10.820895522388058,77.61194029850746,6.343283582089552,71.26865671641791
E00033492,377,109,57,52,268,28,240,28.912466843501328,15.119363395225463,13.793103448275861,71.08753315649867,7.427055702917771,63.660477453580896
E00033493,278,88,35,53,190,11,179,31.654676258992804,12.589928057553957,19.06474820143885,68.34532374100719,3.9568345323741005,64.38848920863309
E00033494,242,51,29,22,191,11,180,21.074380165289256,11.983471074380166,9.090909090909092,78.92561983471074,4.545454545454546,74.3801652892562
E00033495,329,83,40,43,246,13,233,25.227963525835868,12.158054711246201,13.069908814589665,74.77203647416414,3.951367781155015,70.82066869300911
E00033496,299,72,43,29,227,14,213,24.08026755852843,14.381270903010032,9.698996655518394,75.91973244147158,4.682274247491638,71.23745819397993
E00033497,202,56,33,23,146,9,137,27.722772277227726,16.33663366336634,11.386138613861387,72.27722772277228,4.455445544554455,67.82178217821783
E00033502,223,45,16,29,178,14,164,20.179372197309416,7.174887892376682,13.004484304932735,79.82062780269058,6.278026905829597,73.54260089686099
E00033503,225,36,13,23,189,15,174,16,5.777777777777778,10.222222222222223,84,6.666666666666667,77.33333333333333
E00033504,298,77,43,34,221,9,212,25.838926174496645,14.429530201342283,11.409395973154362,74.16107382550335,3.0201342281879198,71.14093959731544
E00033505,213,30,17,13,183,10,173,14.084507042253522,7.981220657276995,6.103286384976526,85.91549295774648,4.694835680751173,81.2206572769953
E00033506,319,85,45,40,234,13,221,26.64576802507837,14.106583072100312,12.539184952978054,73.35423197492163,4.075235109717868,69.27899686520375
E00033507,212,65,36,29,147,12,135,30.660377358490564,16.9811320754717,13.679245283018867,69.33962264150944,5.660377358490567,63.67924528301887
E00033508,354,110,67,43,244,11,233,31.07344632768362,18.926553672316384,12.146892655367232,68.92655367231639,3.1073446327683616,65.81920903954803
E00033509,258,73,30,43,185,16,169,28.294573643410853,11.627906976744185,16.666666666666664,71.70542635658916,6.2015503875969,65.50387596899225
E00033510,275,70,35,35,205,14,191,25.454545454545453,12.727272727272727,12.727272727272727,74.54545454545455,5.090909090909091,69.45454545454545
E00033511,226,58,36,22,168,11,157,25.663716814159294,15.929203539823009,9.734513274336283,74.33628318584071,4.867256637168142,69.46902654867256
E00033512,189,56,38,18,133,6,127,29.629629629629626,20.105820105820104,9.523809523809524,70.37037037037037,3.1746031746031744,67.1957671957672
E00033513,257,55,31,24,202,12,190,21.40077821011673,12.062256809338521,9.33852140077821,78.59922178988327,4.669260700389105,73.92996108949417
E00033514,220,76,49,27,144,8,136,34.54545454545455,22.272727272727273,12.272727272727273,65.45454545454545,3.6363636363636362,61.81818181818181
E00033515,236,61,33,28,175,13,162,25.847457627118644,13.983050847457626,11.864406779661017,74.15254237288136,5.508474576271186,68.64406779661016
E00033516,205,50,17,33,155,10,145,24.390243902439025,8.292682926829269,16.097560975609756,75.60975609756098,4.878048780487805,70.73170731707317
E00033517,302,73,47,26,229,13,216,24.17218543046358,15.562913907284766,8.609271523178808,75.82781456953643,4.304635761589404,71.52317880794702
E00033518,221,44,24,20,177,18,159,19.90950226244344,10.85972850678733,9.049773755656108,80.09049773755656,8.144796380090497,71.94570135746606
E00033519,340,100,63,37,240,26,214,29.411764705882355,18.529411764705884,10.882352941176471,70.58823529411765,7.647058823529412,62.94117647058823
E00033520,133,42,16,26,91,10,81,31.57894736842105,12.030075187969924,19.548872180451127,68.42105263157895,7.518796992481203,60.902255639097746
E00033521,238,66,42,24,172,11,161,27.73109243697479,17.647058823529413,10.084033613445378,72.26890756302521,4.621848739495799,67.64705882352942
E00033522,233,68,41,27,165,11,154,29.184549356223176,17.59656652360515,11.587982832618025,70.81545064377683,4.721030042918455,66.09442060085837
E00033523,297,62,29,33,235,17,218,20.875420875420875,9.764309764309765,11.11111111111111,79.12457912457911,5.723905723905724,73.4006734006734
E00033524,418,97,53,44,321,18,303,23.205741626794257,12.679425837320574,10.526315789473683,76.79425837320574,4.30622009569378,72.48803827751196
E00033525,310,87,45,42,223,13,210,28.064516129032256,14.516129032258066,13.548387096774196,71.93548387096774,4.193548387096775,67.74193548387096
E00033526,219,37,16,21,182,16,166,16.894977168949772,7.30593607305936,9.58904109589041,83.10502283105022,7.30593607305936,75.79908675799086
E00033527,410,98,66,32,312,15,297,23.902439024390244,16.097560975609756,7.804878048780488,76.09756097560975,3.6585365853658534,72.4390243902439
E00033528,246,53,21,32,193,13,180,21.544715447154474,8.536585365853659,13.008130081300814,78.45528455284553,5.284552845528456,73.17073170731707
E00033530,391,48,27,21,343,28,315,12.27621483375959,6.905370843989769,5.3708439897698215,87.7237851662404,7.161125319693094,80.56265984654732
E00033531,349,65,33,32,284,20,264,18.624641833810887,9.455587392550143,9.169054441260744,81.37535816618912,5.730659025787966,75.64469914040114
E00033532,372,62,31,31,310,22,288,16.666666666666664,8.333333333333332,8.333333333333332,83.33333333333334,5.913978494623656,77.41935483870968
E00033533,222,46,21,25,176,17,159,20.72072072072072,9.45945945945946,11.26126126126126,79.27927927927928,7.657657657657657,71.62162162162163
E00033534,235,105,80,25,130,16,114,44.680851063829785,34.04255319148936,10.638297872340425,55.319148936170215,6.808510638297872,48.51063829787234
E00033535,302,51,30,21,251,18,233,16.887417218543046,9.933774834437086,6.95364238410596,83.11258278145695,5.960264900662252,77.15231788079471
E00033536,337,61,33,28,276,22,254,18.100890207715135,9.792284866468842,8.30860534124629,81.89910979228486,6.528189910979229,75.37091988130564
E00033537,315,67,34,33,248,16,232,21.26984126984127,10.793650793650794,10.476190476190476,78.73015873015873,5.079365079365079,73.65079365079366
E00033538,364,75,32,43,289,25,264,20.604395604395602,8.791208791208792,11.813186813186812,79.3956043956044,6.868131868131869,72.52747252747253
E00033539,302,55,28,27,247,15,232,18.211920529801322,9.271523178807946,8.940397350993377,81.78807947019867,4.966887417218543,76.82119205298014
E00033540,430,57,31,26,373,33,340,13.25581395348837,7.209302325581396,6.046511627906977,86.74418604651163,7.674418604651163,79.06976744186046
E00033541,304,52,22,30,252,18,234,17.105263157894736,7.236842105263158,9.868421052631579,82.89473684210526,5.921052631578947,76.97368421052632
E00033542,269,58,32,26,211,22,189,21.561338289962826,11.895910780669144,9.66542750929368,78.43866171003717,8.178438661710038,70.26022304832715
E00033543,304,57,26,31,247,15,232,18.75,8.552631578947368,10.197368421052632,81.25,4.934210526315789,76.31578947368422
E00033544,208,36,20,16,172,13,159,17.307692307692307,9.615384615384617,7.6923076923076925,82.6923076923077,6.25,76.4423076923077
E00033545,278,69,34,35,209,9,200,24.820143884892087,12.23021582733813,12.589928057553957,75.17985611510791,3.237410071942446,71.94244604316546
E00033546,328,85,39,46,243,24,219,25.914634146341463,11.890243902439025,14.02439024390244,74.08536585365853,7.317073170731707,66.76829268292683
E00033547,382,61,32,29,321,25,296,15.968586387434556,8.37696335078534,7.591623036649215,84.03141361256544,6.544502617801047,77.4869109947644
E00033548,232,35,13,22,197,14,183,15.086206896551724,5.603448275862069,9.482758620689655,84.91379310344827,6.0344827586206895,78.87931034482759
E00033549,342,90,57,33,252,16,236,26.31578947368421,16.666666666666664,9.649122807017543,73.68421052631578,4.678362573099415,69.00584795321637
E00033550,440,55,26,29,385,29,356,12.5,5.909090909090909,6.59090909090909,87.5,6.59090909090909,80.9090909090909
E00033551,217,55,28,27,162,14,148,25.34562211981567,12.903225806451612,12.442396313364055,74.65437788018433,6.451612903225806,68.20276497695853
E00033552,316,48,19,29,268,18,250,15.18987341772152,6.012658227848101,9.177215189873419,84.81012658227847,5.69620253164557,79.11392405063292
E00033553,348,91,42,49,257,17,240,26.14942528735632,12.068965517241379,14.080459770114942,73.85057471264368,4.885057471264368,68.96551724137932
E00033554,307,51,29,22,256,15,241,16.612377850162865,9.446254071661238,7.166123778501629,83.38762214983714,4.88599348534202,78.50162866449512
E00033555,240,60,29,31,180,10,170,25,12.083333333333334,12.916666666666668,75,4.166666666666666,70.83333333333334
E00033556,308,40,15,25,268,23,245,12.987012987012985,4.870129870129871,8.116883116883116,87.01298701298701,7.467532467532467,79.54545454545455
E00033557,322,62,31,31,260,20,240,19.25465838509317,9.627329192546584,9.627329192546584,80.74534161490683,6.211180124223603,74.53416149068323
E00033558,325,51,26,25,274,13,261,15.692307692307692,8,7.6923076923076925,84.3076923076923,4,80.3076923076923
E00033559,258,38,18,20,220,26,194,14.728682170542637,6.976744186046512,7.751937984496124,85.27131782945736,10.077519379844961,75.1937984496124
E00033560,265,40,16,24,225,19,206,15.09433962264151,6.037735849056604,9.056603773584905,84.90566037735849,7.169811320754717,77.73584905660378
E00033561,341,56,24,32,285,19,266,16.422287390029325,7.038123167155426,9.3841642228739,83.57771260997067,5.571847507331378,78.00586510263929
E00033562,275,61,39,22,214,14,200,22.181818181818183,14.181818181818182,8,77.81818181818181,5.090909090909091,72.72727272727273
E00033563,294,69,33,36,225,26,199,23.46938775510204,11.224489795918368,12.244897959183673,76.53061224489795,8.843537414965986,67.68707482993197
E00033564,386,105,59,46,281,13,268,27.202072538860104,15.284974093264248,11.917098445595855,72.7979274611399,3.3678756476683938,69.43005181347151
E00033565,304,75,47,28,229,11,218,24.671052631578945,15.460526315789474,9.210526315789473,75.32894736842105,3.618421052631579,71.71052631578947
E00033566,269,69,29,40,200,28,172,25.650557620817843,10.780669144981413,14.869888475836431,74.34944237918215,10.408921933085502,63.94052044609665
E00033567,325,54,24,30,271,23,248,16.615384615384617,7.384615384615385,9.230769230769232,83.38461538461537,7.076923076923077,76.3076923076923
E00033568,319,67,39,28,252,17,235,21.003134796238246,12.225705329153605,8.77742946708464,78.99686520376176,5.329153605015674,73.66771159874608
E00033569,240,63,38,25,177,15,162,26.25,15.833333333333332,10.416666666666668,73.75,6.25,67.5
E00033570,381,85,41,44,296,18,278,22.30971128608924,10.761154855643044,11.548556430446194,77.69028871391076,4.724409448818897,72.96587926509186
E00033571,257,60,39,21,197,10,187,23.346303501945524,15.17509727626459,8.171206225680933,76.65369649805449,3.8910505836575875,72.76264591439688
E00033572,244,54,22,32,190,10,180,22.131147540983605,9.01639344262295,13.114754098360656,77.8688524590164,4.098360655737705,73.77049180327869
E00033573,184,60,41,19,124,11,113,32.608695652173914,22.282608695652172,10.326086956521738,67.3913043478261,5.978260869565218,61.41304347826087
E00033574,314,72,28,44,242,18,224,22.929936305732486,8.9171974522293,14.012738853503185,77.07006369426752,5.7324840764331215,71.3375796178344
E00033575,233,46,20,26,187,6,181,19.742489270386265,8.583690987124463,11.158798283261802,80.25751072961373,2.575107296137339,77.6824034334764
E00033576,218,76,49,27,142,16,126,34.862385321100916,22.477064220183486,12.385321100917432,65.13761467889908,7.339449541284404,57.798165137614674
E00033577,287,62,38,24,225,14,211,21.602787456445995,13.240418118466899,8.362369337979095,78.397212543554,4.878048780487805,73.5191637630662
E00033580,194,75,50,25,119,8,111,38.659793814432994,25.773195876288657,12.886597938144329,61.34020618556701,4.123711340206185,57.21649484536082
E00033581,462,118,55,63,344,26,318,25.541125541125542,11.904761904761903,13.636363636363635,74.45887445887446,5.627705627705628,68.83116883116884
E00033582,317,81,60,21,236,12,224,25.55205047318612,18.92744479495268,6.624605678233439,74.44794952681389,3.7854889589905363,70.66246056782335
E00033583,206,30,7,23,176,17,159,14.563106796116504,3.3980582524271843,11.165048543689322,85.43689320388349,8.25242718446602,77.18446601941747
E00033584,576,100,27,73,476,46,430,17.36111111111111,4.6875,12.67361111111111,82.63888888888889,7.986111111111111,74.65277777777779
E00033585,259,43,15,28,216,30,186,16.602316602316602,5.7915057915057915,10.81081081081081,83.3976833976834,11.583011583011583,71.81467181467181
E00033586,379,62,27,35,317,27,290,16.358839050131927,7.12401055408971,9.234828496042216,83.64116094986808,7.12401055408971,76.51715039577837
E00033587,274,77,36,41,197,16,181,28.102189781021895,13.138686131386862,14.963503649635038,71.8978102189781,5.839416058394161,66.05839416058394
E00033589,380,85,52,33,295,24,271,22.36842105263158,13.684210526315791,8.68421052631579,77.63157894736842,6.315789473684211,71.3157894736842
E00033590,310,47,20,27,263,14,249,15.161290322580644,6.451612903225806,8.709677419354838,84.83870967741936,4.516129032258064,80.3225806451613
E00033591,212,67,34,33,145,10,135,31.60377358490566,16.037735849056602,15.566037735849056,68.39622641509435,4.716981132075472,63.67924528301887
E00033592,278,76,47,29,202,10,192,27.33812949640288,16.906474820143885,10.431654676258994,72.66187050359713,3.5971223021582732,69.06474820143885
E00033593,219,42,20,22,177,13,164,19.17808219178082,9.1324200913242,10.045662100456621,80.82191780821918,5.93607305936073,74.88584474885845
E00033594,359,113,63,50,246,8,238,31.47632311977716,17.548746518105848,13.92757660167131,68.52367688022284,2.2284122562674096,66.29526462395543
E00033595,280,101,64,37,179,12,167,36.07142857142857,22.857142857142858,13.214285714285715,63.92857142857142,4.285714285714286,59.64285714285714
E00033596,329,122,81,41,207,21,186,37.08206686930091,24.620060790273556,12.462006079027356,62.91793313069909,6.382978723404255,56.53495440729483
E00033597,249,61,31,30,188,11,177,24.497991967871485,12.449799196787147,12.048192771084338,75.50200803212851,4.417670682730924,71.08433734939759
E00033598,203,68,36,32,135,10,125,33.497536945812804,17.733990147783253,15.763546798029557,66.50246305418719,4.926108374384237,61.57635467980296
E00033599,235,50,21,29,185,14,171,21.27659574468085,8.936170212765958,12.340425531914894,78.72340425531915,5.957446808510639,72.76595744680851
E00033600,229,70,45,25,159,15,144,30.567685589519648,19.65065502183406,10.91703056768559,69.43231441048034,6.550218340611353,62.882096069869
E00033601,244,58,29,29,186,16,170,23.770491803278688,11.885245901639344,11.885245901639344,76.22950819672131,6.557377049180328,69.67213114754098
E00033602,278,34,13,21,244,19,225,12.23021582733813,4.676258992805756,7.553956834532374,87.76978417266187,6.83453237410072,80.93525179856115
E00033603,306,88,57,31,218,14,204,28.75816993464052,18.627450980392158,10.130718954248366,71.24183006535948,4.57516339869281,66.66666666666666
E00033604,209,53,26,27,156,9,147,25.358851674641148,12.440191387559809,12.918660287081341,74.64114832535886,4.30622009569378,70.33492822966507
E00033605,218,44,16,28,174,18,156,20.18348623853211,7.339449541284404,12.844036697247708,79.81651376146789,8.256880733944955,71.55963302752293
E00033606,247,53,15,38,194,25,169,21.45748987854251,6.0728744939271255,15.384615384615385,78.54251012145748,10.121457489878543,68.42105263157895
E00033607,213,61,29,32,152,16,136,28.638497652582164,13.615023474178404,15.023474178403756,71.36150234741784,7.511737089201878,63.84976525821596
E00033608,294,75,41,34,219,18,201,25.510204081632654,13.945578231292515,11.564625850340136,74.48979591836735,6.122448979591836,68.36734693877551
E00033611,278,50,22,28,228,30,198,17.985611510791365,7.913669064748201,10.071942446043165,82.01438848920863,10.79136690647482,71.22302158273382
E00033613,235,61,26,35,174,8,166,25.957446808510635,11.063829787234042,14.893617021276595,74.04255319148936,3.404255319148936,70.63829787234043
E00033614,293,49,22,27,244,26,218,16.723549488054605,7.508532423208192,9.215017064846416,83.27645051194538,8.873720136518772,74.40273037542661
E00033616,376,68,31,37,308,22,286,18.085106382978726,8.24468085106383,9.840425531914894,81.91489361702128,5.851063829787234,76.06382978723404
E00033618,357,72,36,36,285,27,258,20.168067226890756,10.084033613445378,10.084033613445378,79.83193277310924,7.563025210084033,72.26890756302521
E00033620,305,60,39,21,245,16,229,19.672131147540984,12.786885245901638,6.885245901639345,80.32786885245902,5.245901639344262,75.08196721311475
E00033621,382,75,52,23,307,16,291,19.63350785340314,13.612565445026178,6.020942408376963,80.36649214659685,4.18848167539267,76.17801047120419
E00033623,316,78,41,37,238,13,225,24.68354430379747,12.974683544303797,11.708860759493671,75.31645569620254,4.113924050632911,71.20253164556962
E00033624,249,72,51,21,177,12,165,28.915662650602407,20.481927710843372,8.433734939759036,71.08433734939759,4.819277108433735,66.26506024096386
E00033625,311,45,16,29,266,21,245,14.469453376205788,5.144694533762058,9.32475884244373,85.53054662379421,6.752411575562702,78.77813504823152
E00033626,407,59,16,43,348,28,320,14.496314496314497,3.9312039312039313,10.565110565110565,85.5036855036855,6.87960687960688,78.62407862407862
E00033627,344,51,19,32,293,30,263,14.825581395348838,5.523255813953488,9.30232558139535,85.17441860465115,8.720930232558139,76.45348837209302
E00033628,303,64,37,27,239,11,228,21.122112211221122,12.211221122112212,8.91089108910891,78.87788778877888,3.6303630363036308,75.24752475247524
E00033629,403,87,57,30,316,21,295,21.588089330024815,14.1439205955335,7.444168734491314,78.41191066997519,5.2109181141439205,73.20099255583126
E00033630,231,68,38,30,163,10,153,29.43722943722944,16.450216450216452,12.987012987012985,70.56277056277057,4.329004329004329,66.23376623376623
E00033631,199,65,38,27,134,8,126,32.663316582914575,19.09547738693467,13.5678391959799,67.33668341708542,4.0201005025125625,63.31658291457286
E00033632,358,86,41,45,272,21,251,24.022346368715084,11.452513966480447,12.569832402234638,75.97765363128491,5.865921787709497,70.11173184357543
E00033633,225,38,20,18,187,17,170,16.88888888888889,8.88888888888889,8,83.11111111111111,7.555555555555555,75.55555555555556
E00033634,312,90,54,36,222,10,212,28.846153846153843,17.307692307692307,11.538461538461538,71.15384615384616,3.205128205128205,67.94871794871796
E00033635,248,47,28,19,201,14,187,18.951612903225808,11.29032258064516,7.661290322580645,81.04838709677419,5.64516129032258,75.40322580645162
E00033636,371,91,41,50,280,10,270,24.528301886792452,11.05121293800539,13.477088948787062,75.47169811320755,2.6954177897574128,72.77628032345014
E00033637,474,84,41,43,390,21,369,17.72151898734177,8.649789029535865,9.071729957805907,82.27848101265823,4.430379746835443,77.84810126582279
E00033639,244,66,32,34,178,15,163,27.049180327868854,13.114754098360656,13.934426229508196,72.95081967213115,6.147540983606557,66.80327868852459
E00033640,301,83,43,40,218,12,206,27.57475083056478,14.285714285714285,13.2890365448505,72.42524916943522,3.9867109634551494,68.43853820598007
E00033641,297,72,37,35,225,18,207,24.242424242424242,12.457912457912458,11.784511784511785,75.75757575757575,6.0606060606060606,69.6969696969697
E00033642,347,51,32,19,296,32,264,14.697406340057636,9.221902017291066,5.475504322766571,85.30259365994236,9.221902017291066,76.0806916426513
E00033643,241,56,33,23,185,13,172,23.236514522821576,13.692946058091287,9.54356846473029,76.76348547717843,5.394190871369295,71.36929460580913
E00033644,337,93,51,42,244,16,228,27.596439169139465,15.133531157270031,12.462908011869436,72.40356083086054,4.747774480712167,67.65578635014838
E00033645,278,66,35,31,212,19,193,23.741007194244602,12.589928057553957,11.151079136690647,76.2589928057554,6.83453237410072,69.42446043165468
E00033646,166,36,23,13,130,10,120,21.686746987951807,13.855421686746988,7.83132530120482,78.3132530120482,6.024096385542169,72.28915662650603
E00033647,292,102,74,28,190,15,175,34.93150684931507,25.34246575342466,9.58904109589041,65.06849315068493,5.136986301369863,59.93150684931506
E00033648,276,50,35,15,226,11,215,18.115942028985508,12.681159420289855,5.434782608695652,81.88405797101449,3.985507246376811,77.89855072463769
E00033649,307,37,13,24,270,9,261,12.052117263843648,4.234527687296417,7.81758957654723,87.94788273615634,2.9315960912052117,85.01628664495115
E00033650,338,88,51,37,250,15,235,26.035502958579883,15.088757396449704,10.946745562130179,73.96449704142012,4.437869822485207,69.5266272189349
E00033651,184,48,24,24,136,2,134,26.08695652173913,13.043478260869565,13.043478260869565,73.91304347826086,1.0869565217391304,72.82608695652173
E00033652,295,103,56,47,192,18,174,34.91525423728813,18.983050847457626,15.932203389830507,65.08474576271186,6.101694915254238,58.98305084745763
E00033653,301,94,64,30,207,7,200,31.22923588039867,21.262458471760798,9.966777408637874,68.77076411960132,2.3255813953488373,66.44518272425249
E00033654,195,53,29,24,142,6,136,27.17948717948718,14.871794871794872,12.307692307692308,72.82051282051282,3.076923076923077,69.74358974358974
E00033655,435,78,44,34,357,15,342,17.93103448275862,10.114942528735632,7.816091954022989,82.06896551724138,3.4482758620689653,78.62068965517241
E00033656,215,49,21,28,166,13,153,22.790697674418606,9.767441860465116,13.023255813953488,77.20930232558139,6.046511627906977,71.16279069767441
E00033657,226,50,14,36,176,8,168,22.123893805309734,6.1946902654867255,15.929203539823009,77.87610619469027,3.5398230088495577,74.33628318584071
E00033658,329,83,58,25,246,13,233,25.227963525835868,17.62917933130699,7.598784194528875,74.77203647416414,3.951367781155015,70.82066869300911
E00033659,346,101,54,47,245,15,230,29.190751445086704,15.606936416184972,13.583815028901732,70.8092485549133,4.335260115606936,66.47398843930635
E00033660,287,80,54,26,207,11,196,27.874564459930312,18.81533101045296,9.059233449477352,72.12543554006969,3.8327526132404177,68.29268292682927
E00033662,364,101,60,41,263,21,242,27.747252747252748,16.483516483516482,11.263736263736265,72.25274725274726,5.769230769230769,66.48351648351648
E00033663,215,81,45,36,134,13,121,37.67441860465116,20.930232558139537,16.74418604651163,62.32558139534884,6.046511627906977,56.27906976744186
E00033664,255,89,58,31,166,10,156,34.90196078431372,22.745098039215687,12.156862745098039,65.09803921568627,3.9215686274509802,61.1764705882353
E00033665,540,92,43,49,448,19,429,17.037037037037038,7.962962962962964,9.074074074074074,82.96296296296296,3.5185185185185186,79.44444444444444
E00033666,258,87,55,32,171,4,167,33.72093023255814,21.31782945736434,12.4031007751938,66.27906976744185,1.550387596899225,64.72868217054264
E00033667,316,85,40,45,231,24,207,26.89873417721519,12.658227848101266,14.240506329113925,73.10126582278481,7.59493670886076,65.50632911392405
E00033668,259,64,32,32,195,7,188,24.71042471042471,12.355212355212355,12.355212355212355,75.2895752895753,2.7027027027027026,72.58687258687259
E00033669,323,84,42,42,239,15,224,26.006191950464398,13.003095975232199,13.003095975232199,73.9938080495356,4.643962848297214,69.3498452012384
E00033672,394,105,67,38,289,13,276,26.649746192893403,17.00507614213198,9.644670050761421,73.3502538071066,3.2994923857868024,70.05076142131979
E00033673,267,99,65,34,168,9,159,37.07865168539326,24.344569288389515,12.734082397003746,62.92134831460674,3.3707865168539324,59.55056179775281
E00033677,233,89,60,29,144,11,133,38.197424892703864,25.75107296137339,12.446351931330472,61.80257510729614,4.721030042918455,57.08154506437768
E00033684,426,139,87,52,287,18,269,32.629107981220656,20.422535211267608,12.206572769953052,67.37089201877934,4.225352112676056,63.14553990610329
E00033686,332,87,56,31,245,11,234,26.20481927710843,16.867469879518072,9.33734939759036,73.79518072289156,3.313253012048193,70.48192771084338
E00033687,548,143,68,75,405,27,378,26.094890510948904,12.408759124087592,13.686131386861314,73.90510948905109,4.927007299270073,68.97810218978103
E00033688,265,87,63,24,178,14,164,32.83018867924528,23.77358490566038,9.056603773584905,67.16981132075472,5.283018867924529,61.886792452830186
E00033689,532,124,73,51,408,19,389,23.308270676691727,13.721804511278195,9.586466165413533,76.69172932330827,3.571428571428571,73.1203007518797
E00033690,532,111,61,50,421,23,398,20.86466165413534,11.466165413533833,9.398496240601503,79.13533834586465,4.323308270676692,74.81203007518798
E00033691,228,64,31,33,164,10,154,28.07017543859649,13.596491228070176,14.473684210526317,71.9298245614035,4.385964912280701,67.54385964912281
E00033692,306,47,24,23,259,27,232,15.359477124183007,7.8431372549019605,7.516339869281046,84.640522875817,8.823529411764707,75.81699346405229
E00033694,312,80,51,29,232,10,222,25.64102564102564,16.346153846153847,9.294871794871796,74.35897435897436,3.205128205128205,71.15384615384616
E00033695,314,92,53,39,222,17,205,29.29936305732484,16.878980891719745,12.420382165605096,70.70063694267516,5.414012738853503,65.28662420382165
E00033696,446,122,60,62,324,24,300,27.3542600896861,13.452914798206278,13.901345291479823,72.6457399103139,5.381165919282512,67.2645739910314
E00033697,310,73,42,31,237,25,212,23.548387096774192,13.548387096774196,10,76.45161290322581,8.064516129032258,68.38709677419355
E00033698,386,83,45,38,303,19,284,21.502590673575128,11.658031088082902,9.844559585492227,78.49740932642487,4.922279792746114,73.57512953367875
E00033699,309,67,26,41,242,25,217,21.68284789644013,8.414239482200648,13.268608414239482,78.31715210355988,8.090614886731391,70.22653721682848
E00033700,202,50,20,30,152,16,136,24.752475247524753,9.900990099009901,14.85148514851485,75.24752475247524,7.920792079207921,67.32673267326733
E00033701,352,46,17,29,306,22,284,13.068181818181818,4.829545454545454,8.238636363636363,86.93181818181817,6.25,80.68181818181817
E00033702,194,59,33,26,135,4,131,30.412371134020617,17.010309278350515,13.402061855670103,69.58762886597938,2.0618556701030926,67.5257731958763
E00033703,298,106,71,35,192,12,180,35.57046979865772,23.825503355704697,11.74496644295302,64.42953020134227,4.026845637583892,60.40268456375839
E00033704,364,42,23,19,322,28,294,11.538461538461538,6.318681318681318,5.21978021978022,88.46153846153845,7.6923076923076925,80.76923076923077
E00033705,325,41,19,22,284,27,257,12.615384615384615,5.846153846153846,6.769230769230769,87.38461538461539,8.307692307692308,79.07692307692308
E00033706,320,108,68,40,212,20,192,33.75,21.25,12.5,66.25,6.25,60
E00033707,223,56,24,32,167,16,151,25.112107623318387,10.762331838565023,14.349775784753364,74.88789237668162,7.174887892376682,67.71300448430493
E00033708,216,61,41,20,155,12,143,28.240740740740737,18.98148148148148,9.25925925925926,71.75925925925925,5.555555555555555,66.20370370370371
E00033709,176,51,33,18,125,11,114,28.97727272727273,18.75,10.227272727272728,71.02272727272727,6.25,64.77272727272727
E00033710,277,60,27,33,217,14,203,21.660649819494584,9.747292418772563,11.913357400722022,78.33935018050542,5.054151624548736,73.28519855595668
E00033711,170,52,43,9,118,6,112,30.58823529411765,25.294117647058822,5.294117647058823,69.41176470588235,3.5294117647058822,65.88235294117646
E00033712,315,67,35,32,248,20,228,21.26984126984127,11.11111111111111,10.158730158730158,78.73015873015873,6.349206349206349,72.38095238095238
E00033713,258,56,22,34,202,15,187,21.705426356589147,8.527131782945736,13.178294573643413,78.29457364341084,5.813953488372093,72.48062015503875
E00033715,328,76,45,31,252,19,233,23.170731707317074,13.719512195121952,9.451219512195122,76.82926829268293,5.7926829268292686,71.03658536585365
E00033716,256,65,38,27,191,6,185,25.390625,14.84375,10.546875,74.609375,2.34375,72.265625
E00033717,237,55,36,19,182,15,167,23.20675105485232,15.18987341772152,8.016877637130802,76.79324894514767,6.329113924050633,70.46413502109705
E00033718,584,104,46,58,480,33,447,17.80821917808219,7.876712328767123,9.931506849315069,82.1917808219178,5.650684931506849,76.54109589041096
E00033719,320,38,21,17,282,24,258,11.875,6.5625,5.3125,88.125,7.5,80.625
E00033720,316,67,30,37,249,23,226,21.202531645569618,9.49367088607595,11.708860759493671,78.79746835443038,7.2784810126582276,71.51898734177216
E00033721,384,74,35,39,310,28,282,19.270833333333336,9.114583333333332,10.15625,80.72916666666666,7.291666666666667,73.4375
E00033722,221,44,26,18,177,18,159,19.90950226244344,11.76470588235294,8.144796380090497,80.09049773755656,8.144796380090497,71.94570135746606
E00033723,465,82,40,42,383,26,357,17.634408602150536,8.60215053763441,9.032258064516128,82.36559139784946,5.591397849462366,76.77419354838709
E00033724,333,98,59,39,235,15,220,29.429429429429426,17.71771771771772,11.711711711711711,70.57057057057057,4.504504504504505,66.06606606606607
E00033725,359,72,29,43,287,9,278,20.055710306406684,8.07799442896936,11.977715877437326,79.94428969359332,2.5069637883008355,77.43732590529248
E00033726,217,38,19,19,179,14,165,17.51152073732719,8.755760368663594,8.755760368663594,82.48847926267281,6.451612903225806,76.036866359447
E00033727,319,97,60,37,222,11,211,30.407523510971785,18.808777429467085,11.598746081504702,69.59247648902821,3.4482758620689653,66.14420062695925
E00033728,420,75,32,43,345,33,312,17.857142857142858,7.6190476190476195,10.238095238095237,82.14285714285714,7.857142857142857,74.28571428571429
E00033729,235,66,39,27,169,18,151,28.085106382978726,16.595744680851062,11.48936170212766,71.91489361702128,7.659574468085106,64.25531914893618
E00033730,291,57,30,27,234,17,217,19.587628865979383,10.309278350515463,9.278350515463918,80.41237113402062,5.841924398625429,74.5704467353952
E00033731,143,32,14,18,111,10,101,22.377622377622377,9.79020979020979,12.587412587412588,77.62237762237763,6.993006993006993,70.62937062937063
E00033732,274,75,37,38,199,13,186,27.37226277372263,13.503649635036496,13.86861313868613,72.62773722627736,4.744525547445255,67.88321167883211
E00033733,215,48,29,19,167,17,150,22.325581395348838,13.488372093023257,8.837209302325581,77.67441860465117,7.906976744186046,69.76744186046511
E00033734,190,68,36,32,122,13,109,35.78947368421053,18.947368421052634,16.842105263157894,64.21052631578948,6.842105263157896,57.36842105263158
E00033735,110,55,37,18,55,11,44,50,33.63636363636363,16.363636363636363,50,10,40
E00033736,240,55,27,28,185,9,176,22.916666666666664,11.25,11.666666666666666,77.08333333333334,3.75,73.33333333333333
E00033737,377,93,41,52,284,22,262,24.6684350132626,10.875331564986737,13.793103448275861,75.3315649867374,5.835543766578249,69.49602122015915
E00033738,181,64,34,30,117,8,109,35.35911602209944,18.784530386740332,16.574585635359114,64.64088397790056,4.41988950276243,60.22099447513812
E00033739,244,47,28,19,197,15,182,19.262295081967213,11.475409836065573,7.786885245901639,80.73770491803278,6.147540983606557,74.59016393442623
E00033740,306,66,28,38,240,25,215,21.568627450980394,9.15032679738562,12.418300653594772,78.43137254901961,8.169934640522875,70.26143790849673
E00033741,260,66,38,28,194,14,180,25.384615384615383,14.615384615384617,10.76923076923077,74.61538461538461,5.384615384615385,69.23076923076923
E00033742,248,73,32,41,175,15,160,29.435483870967744,12.903225806451612,16.532258064516128,70.56451612903226,6.048387096774194,64.51612903225806
E00033743,256,59,27,32,197,19,178,23.046875,10.546875,12.5,76.953125,7.421875,69.53125
E00033744,361,94,49,45,267,18,249,26.038781163434905,13.573407202216067,12.465373961218837,73.9612188365651,4.986149584487535,68.97506925207756
E00033745,199,77,51,26,122,5,117,38.69346733668342,25.628140703517587,13.06532663316583,61.30653266331658,2.512562814070352,58.79396984924623
E00033746,268,85,55,30,183,12,171,31.716417910447763,20.522388059701495,11.194029850746269,68.28358208955224,4.477611940298507,63.80597014925373
E00033747,363,78,50,28,285,21,264,21.487603305785125,13.774104683195592,7.7134986225895315,78.51239669421489,5.785123966942149,72.72727272727273
E00033748,290,113,93,20,177,12,165,38.96551724137931,32.068965517241374,6.896551724137931,61.03448275862069,4.137931034482759,56.896551724137936
E00033749,318,109,65,44,209,13,196,34.276729559748425,20.440251572327046,13.836477987421384,65.72327044025157,4.088050314465408,61.63522012578616
E00033750,352,46,24,22,306,28,278,13.068181818181818,6.8181818181818175,6.25,86.93181818181817,7.954545454545454,78.97727272727273
E00033752,399,97,51,46,302,25,277,24.31077694235589,12.781954887218044,11.528822055137844,75.6892230576441,6.265664160401002,69.42355889724311
E00033753,259,45,18,27,214,13,201,17.374517374517374,6.94980694980695,10.424710424710424,82.62548262548263,5.019305019305019,77.60617760617761
E00033754,306,50,31,19,256,13,243,16.33986928104575,10.130718954248366,6.209150326797386,83.66013071895425,4.248366013071895,79.41176470588235
E00033755,315,54,23,31,261,25,236,17.142857142857142,7.301587301587302,9.841269841269842,82.85714285714286,7.936507936507936,74.92063492063492
E00033756,295,29,18,11,266,18,248,9.830508474576272,6.101694915254238,3.728813559322034,90.16949152542372,6.101694915254238,84.06779661016948
E00033758,235,60,37,23,175,7,168,25.53191489361702,15.74468085106383,9.787234042553191,74.46808510638297,2.9787234042553195,71.48936170212767
E00033759,275,80,52,28,195,14,181,29.09090909090909,18.90909090909091,10.181818181818182,70.9090909090909,5.090909090909091,65.81818181818181
E00033762,270,54,31,23,216,12,204,20,11.481481481481481,8.518518518518519,80,4.444444444444445,75.55555555555556
E00033763,324,56,29,27,268,17,251,17.28395061728395,8.950617283950617,8.333333333333332,82.71604938271605,5.246913580246913,77.46913580246914
E00033764,343,47,18,29,296,22,274,13.702623906705538,5.247813411078718,8.454810495626822,86.29737609329446,6.41399416909621,79.88338192419825
E00033765,289,55,29,26,234,20,214,19.031141868512112,10.034602076124568,8.996539792387544,80.96885813148789,6.920415224913495,74.0484429065744
E00033766,358,61,30,31,297,24,273,17.039106145251395,8.379888268156424,8.659217877094973,82.9608938547486,6.70391061452514,76.25698324022346
E00033767,283,48,32,16,235,19,216,16.96113074204947,11.307420494699647,5.6537102473498235,83.03886925795054,6.713780918727916,76.32508833922262
E00033768,276,50,26,24,226,12,214,18.115942028985508,9.420289855072465,8.695652173913043,81.88405797101449,4.3478260869565215,77.53623188405797
E00033769,210,78,57,21,132,11,121,37.142857142857146,27.142857142857142,10,62.857142857142854,5.238095238095238,57.61904761904761
E00033770,376,45,19,26,331,28,303,11.96808510638298,5.053191489361701,6.914893617021277,88.03191489361703,7.446808510638298,80.58510638297872
E00033771,351,45,20,25,306,15,291,12.82051282051282,5.698005698005698,7.122507122507122,87.17948717948718,4.273504273504273,82.90598290598291
E00033773,252,60,35,25,192,16,176,23.809523809523807,13.88888888888889,9.920634920634921,76.19047619047619,6.349206349206349,69.84126984126983
E00033774,258,80,48,32,178,24,154,31.007751937984494,18.6046511627907,12.4031007751938,68.9922480620155,9.30232558139535,59.68992248062015
E00033775,599,111,58,53,488,21,467,18.530884808013358,9.68280467445743,8.848080133555927,81.46911519198665,3.5058430717863103,77.96327212020033
E00033776,295,85,51,34,210,16,194,28.8135593220339,17.28813559322034,11.525423728813559,71.1864406779661,5.423728813559322,65.76271186440678
E00033777,285,43,26,17,242,23,219,15.087719298245613,9.12280701754386,5.964912280701754,84.91228070175438,8.070175438596491,76.84210526315789
E00033778,341,46,19,27,295,23,272,13.48973607038123,5.571847507331378,7.9178885630498534,86.51026392961877,6.744868035190615,79.76539589442815
E00033779,303,77,47,30,226,17,209,25.412541254125415,15.51155115511551,9.900990099009901,74.58745874587459,5.6105610561056105,68.97689768976898
E00033780,225,46,26,20,179,18,161,20.444444444444446,11.555555555555555,8.88888888888889,79.55555555555556,8,71.55555555555554
E00033781,360,114,70,44,246,15,231,31.666666666666664,19.444444444444446,12.222222222222221,68.33333333333333,4.166666666666666,64.16666666666667
E00033782,260,82,47,35,178,24,154,31.538461538461537,18.076923076923077,13.461538461538462,68.46153846153847,9.230769230769232,59.23076923076923
E00033783,320,64,39,25,256,21,235,20,12.1875,7.8125,80,6.5625,73.4375
E00033784,428,108,51,57,320,16,304,25.233644859813083,11.91588785046729,13.317757009345794,74.76635514018692,3.7383177570093453,71.02803738317756
E00033785,250,57,29,28,193,18,175,22.8,11.600000000000001,11.200000000000001,77.2,7.199999999999999,70
E00033786,394,72,30,42,322,20,302,18.274111675126903,7.614213197969544,10.65989847715736,81.7258883248731,5.0761421319796955,76.6497461928934
E00033787,356,64,29,35,292,27,265,17.97752808988764,8.146067415730338,9.831460674157304,82.02247191011236,7.584269662921349,74.43820224719101
E00033788,314,26,12,14,288,13,275,8.280254777070063,3.821656050955414,4.45859872611465,91.71974522292994,4.140127388535031,87.57961783439491
E00033789,269,48,25,23,221,18,203,17.843866171003718,9.293680297397769,8.550185873605948,82.15613382899627,6.691449814126393,75.46468401486989
E00033790,312,47,22,25,265,26,239,15.064102564102564,7.051282051282051,8.012820512820513,84.93589743589743,8.333333333333332,76.6025641025641
E00033791,340,90,43,47,250,25,225,26.47058823529412,12.647058823529411,13.823529411764707,73.52941176470588,7.352941176470589,66.17647058823529
E00033792,206,39,22,17,167,7,160,18.932038834951456,10.679611650485436,8.25242718446602,81.06796116504854,3.3980582524271843,77.66990291262135
E00033793,344,92,56,36,252,18,234,26.744186046511626,16.27906976744186,10.465116279069768,73.25581395348837,5.232558139534884,68.02325581395348
E00033794,297,71,34,37,226,11,215,23.905723905723907,11.447811447811448,12.457912457912458,76.0942760942761,3.7037037037037033,72.39057239057239
E00033795,272,57,28,29,215,19,196,20.955882352941178,10.294117647058822,10.661764705882353,79.04411764705883,6.985294117647059,72.05882352941177
E00033796,212,54,27,27,158,17,141,25.471698113207548,12.735849056603774,12.735849056603774,74.52830188679245,8.018867924528301,66.50943396226415
E00033797,244,61,46,15,183,16,167,25,18.852459016393443,6.147540983606557,75,6.557377049180328,68.44262295081968
E00033798,333,78,48,30,255,16,239,23.423423423423422,14.414414414414415,9.00900900900901,76.57657657657657,4.804804804804805,71.77177177177178
E00033799,313,87,52,35,226,14,212,27.79552715654952,16.61341853035144,11.182108626198083,72.20447284345049,4.472843450479233,67.73162939297124
E00033800,194,35,17,18,159,11,148,18.04123711340206,8.762886597938143,9.278350515463918,81.95876288659794,5.670103092783505,76.28865979381443
E00033801,272,78,47,31,194,10,184,28.676470588235293,17.27941176470588,11.397058823529411,71.32352941176471,3.6764705882352944,67.64705882352942
E00033802,179,49,25,24,130,6,124,27.37430167597765,13.966480446927374,13.40782122905028,72.62569832402235,3.35195530726257,69.27374301675978
E00033803,262,66,41,25,196,20,176,25.190839694656486,15.648854961832063,9.541984732824428,74.80916030534351,7.633587786259542,67.17557251908397
E00033804,311,80,41,39,231,16,215,25.723472668810288,13.183279742765272,12.540192926045016,74.27652733118971,5.144694533762058,69.13183279742765
E00033805,172,62,43,19,110,9,101,36.04651162790697,25,11.046511627906977,63.95348837209303,5.232558139534884,58.720930232558146
E00033806,191,54,28,26,137,15,122,28.272251308900525,14.659685863874344,13.612565445026178,71.72774869109948,7.853403141361256,63.87434554973822
E00033807,343,105,55,50,238,22,216,30.612244897959183,16.034985422740526,14.577259475218659,69.38775510204081,6.41399416909621,62.973760932944614
E00033808,266,65,39,26,201,5,196,24.43609022556391,14.661654135338345,9.774436090225564,75.56390977443608,1.8796992481203008,73.68421052631578
E00033810,282,62,42,20,220,10,210,21.98581560283688,14.893617021276595,7.092198581560284,78.01418439716312,3.546099290780142,74.46808510638297
E00033812,544,102,50,52,442,20,422,18.75,9.191176470588236,9.558823529411764,81.25,3.6764705882352944,77.57352941176471
E00033813,468,95,60,35,373,27,346,20.299145299145298,12.82051282051282,7.478632478632479,79.7008547008547,5.769230769230769,73.93162393162393
E00033814,381,91,47,44,290,16,274,23.88451443569554,12.335958005249344,11.548556430446194,76.11548556430446,4.199475065616798,71.91601049868767
E00033815,351,79,42,37,272,16,256,22.507122507122507,11.965811965811966,10.541310541310542,77.49287749287748,4.5584045584045585,72.93447293447294
E00033816,317,66,33,33,251,7,244,20.82018927444795,10.410094637223976,10.410094637223976,79.17981072555204,2.2082018927444795,76.97160883280758
E00033818,381,99,46,53,282,10,272,25.984251968503933,12.073490813648293,13.910761154855644,74.01574803149606,2.6246719160104988,71.39107611548556
E00033819,264,34,14,20,230,16,214,12.878787878787879,5.303030303030303,7.575757575757576,87.12121212121212,6.0606060606060606,81.06060606060606
E00033820,277,54,36,18,223,7,216,19.494584837545126,12.996389891696749,6.4981949458483745,80.50541516245488,2.527075812274368,77.9783393501805
E00033821,247,76,48,28,171,7,164,30.76923076923077,19.4331983805668,11.336032388663968,69.23076923076923,2.834008097165992,66.39676113360325
E00033822,381,87,49,38,294,21,273,22.83464566929134,12.860892388451445,9.973753280839896,77.16535433070865,5.511811023622047,71.65354330708661
E00033823,571,76,47,29,495,28,467,13.309982486865149,8.231173380035026,5.078809106830122,86.69001751313485,4.903677758318739,81.78633975481611
E00033824,468,91,52,39,377,13,364,19.444444444444446,11.11111111111111,8.333333333333332,80.55555555555556,2.7777777777777777,77.77777777777779
E00033825,376,68,29,39,308,13,295,18.085106382978726,7.712765957446808,10.372340425531915,81.91489361702128,3.4574468085106385,78.45744680851064
E00033826,395,97,48,49,298,36,262,24.556962025316455,12.151898734177214,12.405063291139239,75.44303797468355,9.113924050632912,66.32911392405063
E00033827,266,64,16,48,202,10,192,24.06015037593985,6.015037593984962,18.045112781954884,75.93984962406014,3.7593984962406015,72.18045112781954
E00033828,446,88,38,50,358,16,342,19.730941704035875,8.520179372197308,11.210762331838566,80.26905829596413,3.587443946188341,76.68161434977578
E00033829,222,43,21,22,179,18,161,19.36936936936937,9.45945945945946,9.90990990990991,80.63063063063063,8.108108108108109,72.52252252252252
E00033832,250,57,29,28,193,29,164,22.8,11.600000000000001,11.200000000000001,77.2,11.600000000000001,65.60000000000001
E00033833,290,71,28,43,219,20,199,24.482758620689655,9.655172413793103,14.827586206896552,75.51724137931033,6.896551724137931,68.62068965517241
E00033836,145,56,27,29,89,9,80,38.62068965517241,18.620689655172416,20,61.37931034482759,6.206896551724138,55.172413793103445
E00033837,370,93,58,35,277,12,265,25.135135135135133,15.675675675675677,9.45945945945946,74.86486486486487,3.2432432432432434,71.62162162162163
E00033838,179,52,35,17,127,13,114,29.05027932960894,19.553072625698324,9.497206703910614,70.94972067039106,7.262569832402235,63.687150837988824
E00033840,304,68,39,29,236,24,212,22.36842105263158,12.828947368421053,9.539473684210527,77.63157894736842,7.894736842105263,69.73684210526315
E00033841,231,94,58,36,137,8,129,40.692640692640694,25.108225108225106,15.584415584415584,59.307359307359306,3.463203463203463,55.84415584415584
E00033842,377,75,43,32,302,16,286,19.893899204244033,11.405835543766578,8.488063660477453,80.10610079575596,4.244031830238726,75.86206896551724
E00033843,406,96,52,44,310,11,299,23.645320197044335,12.807881773399016,10.83743842364532,76.35467980295566,2.70935960591133,73.64532019704434
E00033844,444,84,51,33,360,18,342,18.91891891891892,11.486486486486488,7.4324324324324325,81.08108108108108,4.054054054054054,77.02702702702703
E00033845,237,62,28,34,175,10,165,26.160337552742618,11.814345991561181,14.345991561181433,73.83966244725738,4.219409282700422,69.62025316455697
E00033846,426,87,40,47,339,27,312,20.422535211267608,9.389671361502346,11.032863849765258,79.5774647887324,6.338028169014084,73.23943661971832
E00033847,374,129,76,53,245,18,227,34.49197860962567,20.32085561497326,14.171122994652407,65.50802139037432,4.81283422459893,60.6951871657754
E00033848,381,51,21,30,330,28,302,13.385826771653544,5.511811023622047,7.874015748031496,86.61417322834646,7.349081364829396,79.26509186351706
E00033849,303,50,24,26,253,23,230,16.5016501650165,7.920792079207921,8.58085808580858,83.4983498349835,7.590759075907591,75.9075907590759
E00033850,378,56,33,23,322,26,296,14.814814814814813,8.73015873015873,6.084656084656085,85.18518518518519,6.878306878306878,78.3068783068783
E00033851,279,59,27,32,220,32,188,21.14695340501792,9.67741935483871,11.469534050179211,78.85304659498208,11.469534050179211,67.38351254480287
E00033852,248,50,25,25,198,26,172,20.161290322580644,10.080645161290322,10.080645161290322,79.83870967741935,10.483870967741936,69.35483870967742
E00033853,341,70,42,28,271,26,245,20.527859237536656,12.316715542521994,8.211143695014663,79.47214076246334,7.624633431085044,71.8475073313783
E00033854,377,63,26,37,314,30,284,16.710875331564985,6.896551724137931,9.814323607427056,83.28912466843501,7.957559681697612,75.3315649867374
E00033855,206,33,17,16,173,23,150,16.019417475728158,8.25242718446602,7.766990291262135,83.98058252427184,11.165048543689322,72.81553398058253
E00033856,246,100,69,31,146,17,129,40.65040650406504,28.04878048780488,12.601626016260163,59.34959349593496,6.910569105691057,52.4390243902439
E00033857,265,56,26,30,209,18,191,21.132075471698116,9.811320754716983,11.320754716981133,78.8679245283019,6.7924528301886795,72.0754716981132
E00033859,256,31,11,20,225,33,192,12.109375,4.296875,7.8125,87.890625,12.890625,75
E00033861,292,50,26,24,242,17,225,17.123287671232877,8.904109589041095,8.21917808219178,82.87671232876713,5.821917808219178,77.05479452054794
E00033862,268,51,18,33,217,24,193,19.029850746268657,6.7164179104477615,12.313432835820896,80.97014925373134,8.955223880597014,72.01492537313433
E00033863,306,42,20,22,264,28,236,13.725490196078432,6.535947712418301,7.18954248366013,86.27450980392157,9.15032679738562,77.12418300653596
E00033864,308,72,34,38,236,23,213,23.376623376623375,11.03896103896104,12.337662337662337,76.62337662337663,7.467532467532467,69.15584415584416
E00033865,331,50,23,27,281,25,256,15.105740181268882,6.948640483383686,8.157099697885197,84.89425981873111,7.552870090634441,77.34138972809667
E00033866,300,55,29,26,245,12,233,18.333333333333332,9.666666666666666,8.666666666666668,81.66666666666667,4,77.66666666666666
E00033867,288,54,23,31,234,26,208,18.75,7.986111111111111,10.76388888888889,81.25,9.027777777777777,72.22222222222221
E00033868,310,52,20,32,258,20,238,16.7741935483871,6.451612903225806,10.32258064516129,83.22580645161291,6.451612903225806,76.77419354838709
E00033869,327,46,19,27,281,29,252,14.067278287461773,5.81039755351682,8.256880733944955,85.93272171253822,8.868501529051988,77.06422018348624
E00033870,226,86,50,36,140,6,134,38.05309734513274,22.123893805309734,15.929203539823009,61.94690265486725,2.6548672566371683,59.29203539823009
E00033871,268,33,8,25,235,13,222,12.313432835820896,2.9850746268656714,9.328358208955224,87.68656716417911,4.850746268656716,82.83582089552239
E00033872,333,31,16,15,302,25,277,9.30930930930931,4.804804804804805,4.504504504504505,90.69069069069069,7.5075075075075075,83.18318318318319
E00033873,294,76,48,28,218,14,204,25.850340136054424,16.3265306122449,9.523809523809524,74.14965986394559,4.761904761904762,69.38775510204081
E00033874,319,45,19,26,274,26,248,14.106583072100312,5.956112852664576,8.150470219435736,85.8934169278997,8.150470219435736,77.74294670846395
E00033875,304,45,19,26,259,26,233,14.802631578947366,6.25,8.552631578947368,85.19736842105263,8.552631578947368,76.64473684210526
E00033876,309,41,16,25,268,9,259,13.268608414239482,5.177993527508091,8.090614886731391,86.73139158576052,2.912621359223301,83.81877022653723
E00033877,344,48,16,32,296,23,273,13.953488372093023,4.651162790697675,9.30232558139535,86.04651162790698,6.686046511627906,79.36046511627907
E00033878,302,55,22,33,247,17,230,18.211920529801322,7.28476821192053,10.927152317880795,81.78807947019867,5.629139072847682,76.15894039735099
E00033879,290,38,9,29,252,15,237,13.10344827586207,3.103448275862069,10,86.89655172413792,5.172413793103448,81.72413793103448
E00033880,417,75,30,45,342,35,307,17.985611510791365,7.1942446043165464,10.79136690647482,82.01438848920863,8.393285371702639,73.621103117506
E00033881,325,54,28,26,271,23,248,16.615384615384617,8.615384615384615,8,83.38461538461537,7.076923076923077,76.3076923076923
E00033882,279,46,20,26,233,21,212,16.48745519713262,7.168458781362006,9.31899641577061,83.51254480286738,7.526881720430108,75.98566308243727
E00033883,301,44,23,21,257,16,241,14.61794019933555,7.641196013289036,6.976744186046512,85.38205980066445,5.3156146179401995,80.06644518272425
E00033884,325,62,34,28,263,21,242,19.076923076923077,10.461538461538462,8.615384615384615,80.92307692307692,6.461538461538462,74.46153846153845
E00033885,469,72,30,42,397,47,350,15.351812366737741,6.396588486140725,8.955223880597014,84.64818763326227,10.021321961620469,74.6268656716418
E00033886,285,48,24,24,237,21,216,16.842105263157894,8.421052631578947,8.421052631578947,83.15789473684211,7.368421052631578,75.78947368421053
E00033887,343,40,20,20,303,18,285,11.661807580174926,5.830903790087463,5.830903790087463,88.33819241982506,5.247813411078718,83.09037900874635
E00033888,308,54,22,32,254,34,220,17.532467532467532,7.142857142857142,10.38961038961039,82.46753246753246,11.03896103896104,71.42857142857143
E00033889,325,53,23,30,272,23,249,16.307692307692307,7.076923076923077,9.230769230769232,83.6923076923077,7.076923076923077,76.61538461538461
E00033890,207,50,28,22,157,11,146,24.154589371980677,13.526570048309178,10.628019323671497,75.84541062801932,5.314009661835748,70.53140096618358
E00033891,315,110,72,38,205,16,189,34.92063492063492,22.857142857142858,12.063492063492063,65.07936507936508,5.079365079365079,60
E00033892,167,29,15,14,138,14,124,17.365269461077844,8.982035928143713,8.383233532934131,82.63473053892216,8.383233532934131,74.25149700598801
E00033893,289,54,26,28,235,22,213,18.685121107266436,8.996539792387544,9.688581314878892,81.31487889273356,7.612456747404845,73.70242214532871
E00033894,316,57,24,33,259,17,242,18.037974683544302,7.59493670886076,10.443037974683545,81.9620253164557,5.379746835443038,76.58227848101265
E00033895,227,42,11,31,185,11,174,18.502202643171806,4.845814977973569,13.656387665198238,81.4977973568282,4.845814977973569,76.65198237885463
E00033896,291,58,23,35,233,28,205,19.93127147766323,7.903780068728522,12.027491408934708,80.06872852233677,9.621993127147768,70.44673539518901
E00033897,271,40,17,23,231,15,216,14.760147601476014,6.273062730627306,8.487084870848708,85.23985239852398,5.535055350553505,79.70479704797047
E00033898,352,72,30,42,280,15,265,20.454545454545457,8.522727272727272,11.931818181818182,79.54545454545455,4.261363636363636,75.2840909090909
E00033899,322,64,39,25,258,19,239,19.875776397515526,12.111801242236025,7.763975155279502,80.12422360248446,5.900621118012422,74.22360248447205
E00033900,506,50,22,28,456,21,435,9.881422924901186,4.3478260869565215,5.533596837944664,90.11857707509881,4.150197628458498,85.96837944664031
E00033901,315,135,89,46,180,12,168,42.857142857142854,28.253968253968253,14.603174603174605,57.14285714285714,3.8095238095238098,53.333333333333336
E00033902,393,87,39,48,306,21,285,22.137404580152673,9.923664122137405,12.213740458015266,77.86259541984732,5.343511450381679,72.51908396946564
E00033903,284,39,20,19,245,15,230,13.732394366197184,7.042253521126761,6.690140845070422,86.26760563380282,5.28169014084507,80.98591549295774
E00033904,343,109,61,48,234,14,220,31.778425655976676,17.784256559766764,13.994169096209912,68.22157434402332,4.081632653061225,64.1399416909621
E00033905,220,94,54,40,126,9,117,42.72727272727273,24.545454545454547,18.181818181818183,57.27272727272727,4.090909090909091,53.18181818181819
E00033906,196,48,23,25,148,9,139,24.489795918367346,11.73469387755102,12.755102040816327,75.51020408163265,4.591836734693878,70.91836734693877
E00033907,271,68,39,29,203,20,183,25.092250922509223,14.391143911439114,10.70110701107011,74.90774907749078,7.380073800738007,67.52767527675276
E00033908,275,70,17,53,205,8,197,25.454545454545453,6.181818181818182,19.272727272727273,74.54545454545455,2.909090909090909,71.63636363636363
E00033909,269,54,23,31,215,10,205,20.074349442379184,8.550185873605948,11.524163568773234,79.92565055762083,3.717472118959108,76.2081784386617
E00033910,358,78,26,52,280,18,262,21.787709497206702,7.262569832402235,14.52513966480447,78.2122905027933,5.027932960893855,73.18435754189943
E00033911,375,71,38,33,304,13,291,18.933333333333334,10.133333333333333,8.799999999999999,81.06666666666666,3.4666666666666663,77.60000000000001
E00033913,227,48,23,25,179,6,173,21.145374449339208,10.13215859030837,11.013215859030836,78.8546255506608,2.643171806167401,76.2114537444934
E00033914,391,64,30,34,327,16,311,16.36828644501279,7.672634271099745,8.695652173913043,83.63171355498721,4.092071611253197,79.53964194373401
E00033915,258,48,24,24,210,15,195,18.6046511627907,9.30232558139535,9.30232558139535,81.3953488372093,5.813953488372093,75.5813953488372
E00033917,265,56,27,29,209,14,195,21.132075471698116,10.18867924528302,10.943396226415095,78.8679245283019,5.283018867924529,73.58490566037736
E00033918,192,70,44,26,122,8,114,36.45833333333333,22.916666666666664,13.541666666666666,63.541666666666664,4.166666666666666,59.375
E00033919,259,65,42,23,194,14,180,25.096525096525095,16.216216216216218,8.880308880308881,74.9034749034749,5.405405405405405,69.4980694980695
E00033920,241,83,48,35,158,11,147,34.439834024896264,19.91701244813278,14.522821576763487,65.56016597510373,4.564315352697095,60.99585062240664
E00033921,366,66,28,38,300,11,289,18.0327868852459,7.650273224043716,10.382513661202186,81.9672131147541,3.0054644808743167,78.96174863387978
E00033922,312,59,26,33,253,14,239,18.91025641025641,8.333333333333332,10.576923076923077,81.08974358974359,4.487179487179487,76.6025641025641
E00033923,275,56,26,30,219,9,210,20.363636363636363,9.454545454545455,10.909090909090908,79.63636363636364,3.272727272727273,76.36363636363637
E00033924,338,48,25,23,290,18,272,14.201183431952662,7.396449704142012,6.8047337278106506,85.79881656804734,5.325443786982249,80.4733727810651
E00033925,339,98,54,44,241,6,235,28.908554572271388,15.929203539823009,12.979351032448378,71.09144542772862,1.7699115044247788,69.32153392330383
E00033926,331,67,26,41,264,20,244,20.241691842900302,7.854984894259818,12.386706948640484,79.7583081570997,6.042296072507553,73.71601208459214
E00033927,367,76,38,38,291,15,276,20.708446866485016,10.354223433242508,10.354223433242508,79.291553133515,4.087193460490464,75.20435967302453
E00033928,278,73,44,29,205,12,193,26.258992805755394,15.827338129496402,10.431654676258994,73.7410071942446,4.316546762589928,69.42446043165468
E00033930,283,48,22,26,235,11,224,16.96113074204947,7.773851590106007,9.187279151943462,83.03886925795054,3.8869257950530036,79.15194346289752
E00033931,327,55,26,29,272,11,261,16.819571865443425,7.951070336391437,8.868501529051988,83.18042813455658,3.3639143730886847,79.81651376146789
E00033932,343,59,18,41,284,13,271,17.20116618075802,5.247813411078718,11.9533527696793,82.79883381924198,3.7900874635568513,79.00874635568513
E00033933,267,33,9,24,234,9,225,12.359550561797752,3.3707865168539324,8.98876404494382,87.64044943820225,3.3707865168539324,84.26966292134831
E00033934,224,59,30,29,165,12,153,26.339285714285715,13.392857142857142,12.946428571428573,73.66071428571429,5.357142857142857,68.30357142857143
E00033935,327,71,37,34,256,12,244,21.712538226299692,11.314984709480122,10.397553516819572,78.2874617737003,3.669724770642202,74.61773700305811
E00033936,359,63,28,35,296,20,276,17.548746518105848,7.7994428969359335,9.749303621169917,82.45125348189416,5.571030640668524,76.88022284122563
E00033937,170,25,13,12,145,6,139,14.705882352941178,7.647058823529412,7.0588235294117645,85.29411764705883,3.5294117647058822,81.76470588235294
E00033938,272,66,33,33,206,15,191,24.264705882352942,12.132352941176471,12.132352941176471,75.73529411764706,5.514705882352941,70.22058823529412
E00033939,515,77,39,38,438,19,419,14.951456310679612,7.572815533980583,7.3786407766990285,85.04854368932038,3.6893203883495143,81.35922330097087
E00033940,318,61,28,33,257,19,238,19.18238993710692,8.80503144654088,10.377358490566039,80.81761006289308,5.9748427672955975,74.84276729559748
E00033941,334,76,36,40,258,17,241,22.75449101796407,10.778443113772456,11.976047904191617,77.24550898203593,5.089820359281437,72.15568862275448
E00033942,424,112,66,46,312,24,288,26.41509433962264,15.566037735849056,10.849056603773585,73.58490566037736,5.660377358490567,67.9245283018868
E00033943,296,69,40,29,227,14,213,23.31081081081081,13.513513513513514,9.797297297297296,76.6891891891892,4.72972972972973,71.95945945945947
E00033944,242,44,20,24,198,9,189,18.181818181818183,8.264462809917356,9.917355371900827,81.81818181818183,3.71900826446281,78.099173553719
E00033945,244,53,25,28,191,12,179,21.721311475409834,10.245901639344263,11.475409836065573,78.27868852459017,4.918032786885246,73.36065573770492
E00033946,617,118,71,47,499,35,464,19.124797406807133,11.507293354943274,7.6175040518638575,80.87520259319288,5.6726094003241485,75.20259319286872
E00033947,220,62,29,33,158,5,153,28.18181818181818,13.18181818181818,15,71.81818181818181,2.272727272727273,69.54545454545455
E00033948,418,93,44,49,325,17,308,22.248803827751196,10.526315789473683,11.722488038277511,77.75119617224881,4.0669856459330145,73.68421052631578
E00033949,320,68,38,30,252,12,240,21.25,11.875,9.375,78.75,3.75,75
E00033950,387,120,73,47,267,15,252,31.007751937984494,18.863049095607234,12.144702842377262,68.9922480620155,3.875968992248062,65.11627906976744
E00033951,214,55,32,23,159,10,149,25.70093457943925,14.953271028037381,10.74766355140187,74.29906542056075,4.672897196261682,69.62616822429906
E00033952,353,80,40,40,273,12,261,22.6628895184136,11.3314447592068,11.3314447592068,77.33711048158641,3.39943342776204,73.93767705382436
E00033953,408,59,37,22,349,8,341,14.460784313725492,9.068627450980392,5.392156862745098,85.5392156862745,1.9607843137254901,83.57843137254902
E00033954,220,70,39,31,150,9,141,31.818181818181817,17.727272727272727,14.09090909090909,68.18181818181817,4.090909090909091,64.0909090909091
E00033955,370,102,64,38,268,14,254,27.56756756756757,17.2972972972973,10.27027027027027,72.43243243243244,3.783783783783784,68.64864864864865
E00033956,352,60,33,27,292,15,277,17.045454545454543,9.375,7.670454545454546,82.95454545454545,4.261363636363636,78.69318181818183
E00033957,278,71,36,35,207,14,193,25.539568345323744,12.949640287769784,12.589928057553957,74.46043165467626,5.0359712230215825,69.42446043165468
E00033958,325,84,63,21,241,13,228,25.846153846153847,19.384615384615383,6.461538461538462,74.15384615384616,4,70.15384615384616
E00033959,241,75,45,30,166,16,150,31.12033195020747,18.672199170124482,12.448132780082988,68.87966804979253,6.639004149377594,62.24066390041494
E00033960,339,97,45,52,242,18,224,28.613569321533923,13.274336283185843,15.339233038348082,71.38643067846607,5.3097345132743365,66.07669616519173
E00033961,343,100,53,47,243,9,234,29.154518950437318,15.451895043731778,13.702623906705538,70.8454810495627,2.623906705539359,68.22157434402332
E00033962,327,89,38,51,238,11,227,27.217125382262996,11.62079510703364,15.59633027522936,72.78287461773701,3.3639143730886847,69.41896024464832
E00033963,383,116,76,40,267,15,252,30.287206266318538,19.843342036553523,10.443864229765012,69.71279373368147,3.91644908616188,65.79634464751958
E00033964,301,86,58,28,215,8,207,28.57142857142857,19.269102990033225,9.30232558139535,71.42857142857143,2.6578073089700998,68.77076411960132
E00033965,307,104,57,47,203,7,196,33.876221498371336,18.566775244299674,15.309446254071663,66.12377850162866,2.2801302931596092,63.84364820846905
E00033966,256,62,27,35,194,8,186,24.21875,10.546875,13.671875,75.78125,3.125,72.65625
E00033967,340,72,38,34,268,19,249,21.176470588235293,11.176470588235295,10,78.82352941176471,5.588235294117648,73.23529411764706
E00033968,149,44,33,11,105,8,97,29.53020134228188,22.14765100671141,7.38255033557047,70.46979865771812,5.369127516778524,65.1006711409396
E00033969,241,54,29,25,187,10,177,22.40663900414938,12.033195020746888,10.37344398340249,77.59336099585063,4.149377593360995,73.44398340248964
E00033970,299,106,59,47,193,13,180,35.45150501672241,19.732441471571907,15.719063545150503,64.54849498327759,4.3478260869565215,60.200668896321076
E00033971,239,63,37,26,176,9,167,26.359832635983267,15.481171548117153,10.87866108786611,73.64016736401673,3.765690376569038,69.8744769874477
E00033972,462,102,58,44,360,31,329,22.07792207792208,12.554112554112553,9.523809523809524,77.92207792207793,6.70995670995671,71.21212121212122
E00033973,150,41,25,16,109,10,99,27.333333333333332,16.666666666666664,10.666666666666668,72.66666666666667,6.666666666666667,66
E00033974,309,75,48,27,234,12,222,24.271844660194176,15.53398058252427,8.737864077669903,75.72815533980582,3.8834951456310676,71.84466019417476
E00033975,361,83,54,29,278,20,258,22.99168975069252,14.958448753462603,8.033240997229916,77.00831024930747,5.540166204986149,71.46814404432132
E00033976,176,54,29,25,122,8,114,30.681818181818183,16.477272727272727,14.204545454545455,69.31818181818183,4.545454545454546,64.77272727272727
E00033977,260,60,37,23,200,8,192,23.076923076923077,14.23076923076923,8.846153846153847,76.92307692307693,3.076923076923077,73.84615384615385
E00033978,194,59,35,24,135,6,129,30.412371134020617,18.04123711340206,12.371134020618557,69.58762886597938,3.0927835051546393,66.49484536082474
E00033979,309,45,27,18,264,12,252,14.563106796116504,8.737864077669903,5.825242718446602,85.43689320388349,3.8834951456310676,81.55339805825243
E00033980,324,83,59,24,241,11,230,25.617283950617285,18.209876543209877,7.4074074074074066,74.38271604938271,3.3950617283950617,70.98765432098766
E00033981,148,62,45,17,86,9,77,41.891891891891895,30.405405405405407,11.486486486486488,58.108108108108105,6.081081081081082,52.02702702702703
E00033982,159,36,15,21,123,6,117,22.641509433962266,9.433962264150944,13.20754716981132,77.35849056603774,3.7735849056603774,73.58490566037736
E00033983,196,58,36,22,138,15,123,29.591836734693878,18.367346938775512,11.224489795918368,70.40816326530613,7.653061224489796,62.755102040816325
E00033984,208,40,22,18,168,11,157,19.230769230769234,10.576923076923077,8.653846153846153,80.76923076923077,5.288461538461538,75.48076923076923
E00033985,236,49,24,25,187,15,172,20.76271186440678,10.16949152542373,10.59322033898305,79.23728813559322,6.3559322033898304,72.88135593220339
E00033986,253,62,28,34,191,23,168,24.50592885375494,11.067193675889328,13.438735177865613,75.49407114624506,9.090909090909092,66.40316205533597
E00033987,256,63,36,27,193,5,188,24.609375,14.0625,10.546875,75.390625,1.953125,73.4375
E00033988,242,59,35,24,183,21,162,24.380165289256198,14.46280991735537,9.917355371900827,75.6198347107438,8.677685950413224,66.94214876033058
E00033989,161,36,11,25,125,8,117,22.36024844720497,6.832298136645963,15.527950310559005,77.63975155279503,4.968944099378882,72.67080745341616
E00033990,290,68,31,37,222,21,201,23.448275862068964,10.689655172413794,12.758620689655173,76.55172413793103,7.241379310344828,69.3103448275862
E00033991,278,54,27,27,224,15,209,19.424460431654676,9.712230215827338,9.712230215827338,80.57553956834532,5.39568345323741,75.17985611510791
E00033992,274,78,50,28,196,12,184,28.467153284671532,18.248175182481752,10.218978102189782,71.53284671532847,4.37956204379562,67.15328467153284
E00033993,412,107,47,60,305,19,286,25.970873786407765,11.407766990291263,14.563106796116504,74.02912621359224,4.611650485436893,69.41747572815534
E00033994,288,72,36,36,216,13,203,25,12.5,12.5,75,4.513888888888888,70.48611111111111
E00033995,223,47,22,25,176,23,153,21.076233183856502,9.865470852017937,11.210762331838566,78.9237668161435,10.31390134529148,68.60986547085201
E00033996,267,60,36,24,207,14,193,22.47191011235955,13.48314606741573,8.98876404494382,77.52808988764045,5.2434456928838955,72.28464419475655
E00033997,370,85,44,41,285,15,270,22.972972972972975,11.891891891891893,11.081081081081082,77.02702702702703,4.054054054054054,72.97297297297297
E00033998,262,72,38,34,190,17,173,27.480916030534353,14.50381679389313,12.977099236641221,72.51908396946564,6.488549618320611,66.03053435114504
E00033999,251,89,54,35,162,12,150,35.45816733067729,21.51394422310757,13.94422310756972,64.5418326693227,4.780876494023905,59.76095617529881
E00034000,274,72,49,23,202,19,183,26.277372262773724,17.88321167883212,8.394160583941606,73.72262773722628,6.934306569343065,66.78832116788321
E00034001,399,136,51,85,263,23,240,34.08521303258145,12.781954887218044,21.303258145363408,65.91478696741855,5.764411027568922,60.150375939849624
E00034002,237,66,38,28,171,14,157,27.848101265822784,16.033755274261605,11.814345991561181,72.15189873417721,5.9071729957805905,66.24472573839662
E00034003,194,61,35,26,133,9,124,31.443298969072163,18.04123711340206,13.402061855670103,68.55670103092784,4.639175257731959,63.91752577319587
E00034004,250,92,53,39,158,9,149,36.8,21.2,15.6,63.2,3.5999999999999996,59.599999999999994
E00034005,321,96,54,42,225,16,209,29.906542056074763,16.822429906542055,13.084112149532709,70.09345794392523,4.984423676012461,65.10903426791276
E00034006,277,75,38,37,202,10,192,27.075812274368232,13.718411552346572,13.357400722021662,72.92418772563177,3.6101083032490973,69.31407942238266
E00034007,237,52,38,14,185,7,178,21.940928270042196,16.033755274261605,5.9071729957805905,78.05907172995781,2.9535864978902953,75.10548523206751
E00034008,276,68,37,31,208,18,190,24.637681159420293,13.405797101449277,11.231884057971014,75.36231884057972,6.521739130434782,68.84057971014492
E00034009,228,69,41,28,159,15,144,30.263157894736842,17.982456140350877,12.280701754385964,69.73684210526315,6.578947368421052,63.1578947368421
E00034010,247,66,33,33,181,13,168,26.720647773279353,13.360323886639677,13.360323886639677,73.27935222672065,5.263157894736842,68.0161943319838
E00034011,339,67,29,38,272,19,253,19.76401179941003,8.55457227138643,11.209439528023598,80.23598820058997,5.604719764011799,74.63126843657817
E00034012,235,73,46,27,162,19,143,31.06382978723404,19.574468085106382,11.48936170212766,68.93617021276596,8.085106382978724,60.851063829787236
E00034013,286,80,44,36,206,22,184,27.972027972027973,15.384615384615385,12.587412587412588,72.02797202797203,7.6923076923076925,64.33566433566433
E00034014,317,97,55,42,220,11,209,30.5993690851735,17.350157728706623,13.249211356466878,69.4006309148265,3.4700315457413247,65.93059936908517
E00034015,448,98,60,38,350,28,322,21.875,13.392857142857142,8.482142857142858,78.125,6.25,71.875
E00034016,260,78,41,37,182,16,166,30,15.769230769230768,14.23076923076923,70,6.153846153846154,63.84615384615384
E00034017,317,71,49,22,246,10,236,22.397476340694006,15.457413249211358,6.940063091482649,77.60252365930599,3.1545741324921135,74.44794952681389
E00034019,269,52,34,18,217,22,195,19.33085501858736,12.639405204460965,6.691449814126393,80.66914498141264,8.178438661710038,72.4907063197026
E00034020,274,59,30,29,215,19,196,21.532846715328464,10.948905109489052,10.583941605839415,78.46715328467153,6.934306569343065,71.53284671532847
E00034021,277,66,35,31,211,12,199,23.826714801444044,12.63537906137184,11.191335740072201,76.17328519855594,4.332129963898916,71.84115523465704
E00034022,381,87,42,45,294,23,271,22.83464566929134,11.023622047244094,11.811023622047244,77.16535433070865,6.036745406824147,71.12860892388451
E00034023,290,75,41,34,215,16,199,25.862068965517242,14.13793103448276,11.724137931034482,74.13793103448276,5.517241379310345,68.62068965517241
E00034024,318,88,37,51,230,19,211,27.67295597484277,11.635220125786164,16.037735849056602,72.32704402515722,5.9748427672955975,66.35220125786164
E00034025,309,85,57,28,224,11,213,27.508090614886733,18.446601941747574,9.06148867313916,72.49190938511327,3.559870550161812,68.93203883495146
E00034026,242,51,27,24,191,14,177,21.074380165289256,11.15702479338843,9.917355371900827,78.92561983471074,5.785123966942149,73.14049586776859
E00034027,186,39,21,18,147,12,135,20.967741935483872,11.29032258064516,9.67741935483871,79.03225806451613,6.451612903225806,72.58064516129032
E00034028,304,78,33,45,226,14,212,25.657894736842106,10.855263157894738,14.802631578947366,74.3421052631579,4.605263157894736,69.73684210526315
E00034029,458,150,114,36,308,15,293,32.751091703056765,24.890829694323145,7.860262008733625,67.24890829694323,3.2751091703056767,63.97379912663755
E00034030,224,58,27,31,166,12,154,25.892857142857146,12.053571428571429,13.839285714285715,74.10714285714286,5.357142857142857,68.75
E00034031,236,38,16,22,198,16,182,16.101694915254235,6.779661016949152,9.322033898305085,83.89830508474576,6.779661016949152,77.11864406779661
E00034032,285,44,24,20,241,18,223,15.43859649122807,8.421052631578947,7.017543859649122,84.56140350877193,6.315789473684211,78.24561403508771
E00034033,246,52,20,32,194,18,176,21.138211382113823,8.130081300813007,13.008130081300814,78.86178861788618,7.317073170731707,71.54471544715447
E00034034,345,73,35,38,272,16,256,21.15942028985507,10.144927536231885,11.014492753623188,78.84057971014494,4.63768115942029,74.20289855072464
E00034035,248,54,31,23,194,11,183,21.774193548387096,12.5,9.274193548387096,78.2258064516129,4.435483870967742,73.79032258064517
E00034036,275,60,29,31,215,22,193,21.818181818181817,10.545454545454545,11.272727272727273,78.18181818181819,8,70.18181818181817
E00034037,296,78,39,39,218,18,200,26.351351351351347,13.175675675675674,13.175675675675674,73.64864864864865,6.081081081081082,67.56756756756756
E00034038,303,73,33,40,230,22,208,24.09240924092409,10.891089108910892,13.2013201320132,75.9075907590759,7.2607260726072615,68.64686468646865
E00034039,282,85,40,45,197,22,175,30.141843971631204,14.184397163120568,15.957446808510639,69.8581560283688,7.801418439716312,62.056737588652474
E00034040,245,47,20,27,198,12,186,19.183673469387756,8.16326530612245,11.020408163265307,80.81632653061224,4.8979591836734695,75.91836734693878
E00034041,281,66,27,39,215,11,204,23.487544483985765,9.608540925266903,13.87900355871886,76.51245551601423,3.9145907473309607,72.59786476868328
E00034042,312,76,35,41,236,22,214,24.358974358974358,11.217948717948719,13.141025641025642,75.64102564102564,7.051282051282051,68.58974358974359
E00034043,413,119,54,65,294,23,271,28.8135593220339,13.075060532687651,15.738498789346247,71.1864406779661,5.569007263922518,65.61743341404357
E00034044,381,75,37,38,306,21,285,19.68503937007874,9.711286089238845,9.973753280839896,80.31496062992126,5.511811023622047,74.80314960629921
E00034045,296,81,44,37,215,16,199,27.364864864864863,14.864864864864865,12.5,72.63513513513513,5.405405405405405,67.22972972972973
E00034046,223,66,34,32,157,11,146,29.596412556053814,15.246636771300448,14.349775784753364,70.4035874439462,4.932735426008969,65.47085201793722
E00034047,277,72,40,32,205,9,196,25.992779783393498,14.440433212996389,11.552346570397113,74.0072202166065,3.2490974729241873,70.7581227436823
E00034048,258,60,31,29,198,15,183,23.25581395348837,12.015503875968992,11.24031007751938,76.74418604651163,5.813953488372093,70.93023255813954
E00034049,269,70,31,39,199,15,184,26.022304832713754,11.524163568773234,14.49814126394052,73.97769516728626,5.5762081784386615,68.40148698884758
E00034050,279,64,31,33,215,19,196,22.939068100358423,11.11111111111111,11.827956989247312,77.06093189964157,6.810035842293908,70.25089605734766
E00034051,163,37,24,13,126,10,116,22.699386503067483,14.723926380368098,7.975460122699387,77.30061349693251,6.134969325153374,71.16564417177914
E00034052,242,46,21,25,196,18,178,19.00826446280992,8.677685950413224,10.330578512396695,80.99173553719008,7.43801652892562,73.55371900826447
E00034053,406,102,36,66,304,24,280,25.12315270935961,8.866995073891626,16.25615763546798,74.8768472906404,5.911330049261084,68.96551724137932
E00034054,355,84,38,46,271,21,250,23.661971830985916,10.704225352112676,12.957746478873238,76.33802816901408,5.915492957746479,70.4225352112676
E00034055,431,95,47,48,336,31,305,22.041763341067284,10.904872389791183,11.1368909512761,77.9582366589327,7.192575406032482,70.76566125290023
E00034056,227,49,29,20,178,17,161,21.58590308370044,12.77533039647577,8.81057268722467,78.41409691629956,7.488986784140969,70.92511013215858
E00034057,207,51,26,25,156,11,145,24.637681159420293,12.560386473429952,12.077294685990339,75.36231884057972,5.314009661835748,70.04830917874396
E00034058,242,69,42,27,173,15,158,28.512396694214875,17.355371900826448,11.15702479338843,71.48760330578511,6.198347107438017,65.28925619834712
E00034059,416,102,59,43,314,25,289,24.519230769230766,14.182692307692307,10.336538461538462,75.48076923076923,6.009615384615385,69.47115384615384
E00034061,294,59,28,31,235,27,208,20.068027210884352,9.523809523809524,10.54421768707483,79.93197278911565,9.183673469387756,70.74829931972789
E00034062,517,90,34,56,427,26,401,17.408123791102515,6.5764023210831715,10.831721470019342,82.59187620889749,5.029013539651837,77.56286266924565
E00034063,535,66,14,52,469,29,440,12.33644859813084,2.6168224299065423,9.719626168224298,87.66355140186916,5.420560747663552,82.2429906542056
E00034064,378,47,14,33,331,33,298,12.433862433862434,3.7037037037037033,8.73015873015873,87.56613756613757,8.73015873015873,78.83597883597884
E00034065,279,46,18,28,233,19,214,16.48745519713262,6.451612903225806,10.03584229390681,83.51254480286738,6.810035842293908,76.70250896057348
E00034066,250,69,41,28,181,9,172,27.6,16.400000000000002,11.200000000000001,72.39999999999999,3.5999999999999996,68.8
E00034067,240,43,15,28,197,14,183,17.916666666666668,6.25,11.666666666666666,82.08333333333333,5.833333333333333,76.25
E00034068,389,69,29,40,320,30,290,17.737789203084834,7.455012853470437,10.282776349614396,82.26221079691517,7.712082262210797,74.55012853470437
E00034069,498,71,30,41,427,28,399,14.257028112449799,6.024096385542169,8.23293172690763,85.7429718875502,5.622489959839357,80.12048192771084
E00034070,427,48,19,29,379,10,369,11.241217798594848,4.449648711943794,6.791569086651054,88.75878220140515,2.3419203747072603,86.41686182669788
E00034071,348,89,39,50,259,17,242,25.57471264367816,11.206896551724139,14.367816091954023,74.42528735632183,4.885057471264368,69.54022988505747
E00034072,300,82,41,41,218,22,196,27.333333333333332,13.666666666666666,13.666666666666666,72.66666666666667,7.333333333333333,65.33333333333333
E00034073,293,36,15,21,257,16,241,12.286689419795222,5.1194539249146755,7.167235494880546,87.71331058020478,5.460750853242321,82.25255972696246
E00034074,291,56,36,20,235,11,224,19.243986254295535,12.371134020618557,6.872852233676976,80.75601374570446,3.7800687285223367,76.97594501718214
E00034075,238,58,27,31,180,16,164,24.369747899159663,11.344537815126051,13.025210084033615,75.63025210084034,6.722689075630252,68.90756302521008
E00034076,365,58,27,31,307,44,263,15.890410958904111,7.397260273972603,8.493150684931507,84.10958904109589,12.054794520547945,72.05479452054794
E00034077,265,73,31,42,192,20,172,27.547169811320753,11.69811320754717,15.849056603773585,72.45283018867924,7.547169811320755,64.90566037735849
E00034078,287,62,39,23,225,14,211,21.602787456445995,13.588850174216027,8.013937282229964,78.397212543554,4.878048780487805,73.5191637630662
E00034079,311,49,25,24,262,20,242,15.755627009646304,8.038585209003216,7.717041800643088,84.2443729903537,6.430868167202572,77.81350482315112
E00034080,298,42,14,28,256,17,239,14.093959731543624,4.697986577181208,9.395973154362416,85.90604026845638,5.704697986577181,80.20134228187919
E00034081,356,103,59,44,253,20,233,28.932584269662918,16.573033707865168,12.359550561797752,71.06741573033707,5.617977528089887,65.4494382022472
E00034082,240,56,27,29,184,11,173,23.333333333333332,11.25,12.083333333333334,76.66666666666667,4.583333333333333,72.08333333333333
E00034083,256,57,26,31,199,12,187,22.265625,10.15625,12.109375,77.734375,4.6875,73.046875
E00034084,324,44,16,28,280,9,271,13.580246913580247,4.938271604938271,8.641975308641975,86.41975308641975,2.7777777777777777,83.64197530864197
E00034085,238,62,30,32,176,12,164,26.05042016806723,12.605042016806722,13.445378151260504,73.94957983193278,5.042016806722689,68.90756302521008
E00034086,260,25,10,15,235,2,233,9.615384615384617,3.8461538461538463,5.769230769230769,90.38461538461539,0.7692307692307693,89.61538461538461
E00034087,277,30,8,22,247,19,228,10.830324909747292,2.888086642599278,7.9422382671480145,89.16967509025271,6.859205776173286,82.31046931407943
E00034088,226,49,25,24,177,12,165,21.68141592920354,11.061946902654867,10.619469026548673,78.31858407079646,5.3097345132743365,73.00884955752213
E00034089,246,40,13,27,206,12,194,16.260162601626014,5.284552845528456,10.975609756097562,83.73983739837398,4.878048780487805,78.86178861788618
E00034090,356,48,20,28,308,24,284,13.48314606741573,5.617977528089887,7.865168539325842,86.51685393258427,6.741573033707865,79.7752808988764
E00034091,260,33,12,21,227,23,204,12.692307692307692,4.615384615384616,8.076923076923077,87.3076923076923,8.846153846153847,78.46153846153847
E00034092,283,41,11,30,242,15,227,14.487632508833922,3.8869257950530036,10.60070671378092,85.51236749116607,5.30035335689046,80.21201413427562
E00034093,405,64,23,41,341,21,320,15.802469135802468,5.679012345679013,10.123456790123457,84.19753086419753,5.185185185185185,79.01234567901234
E00034094,413,76,34,42,337,23,314,18.401937046004843,8.232445520581114,10.16949152542373,81.59806295399515,5.569007263922518,76.02905569007264
E00034095,238,50,30,20,188,14,174,21.008403361344538,12.605042016806722,8.403361344537815,78.99159663865547,5.88235294117647,73.10924369747899
E00034096,378,64,23,41,314,24,290,16.93121693121693,6.084656084656085,10.846560846560847,83.06878306878306,6.349206349206349,76.71957671957672
E00034097,281,60,25,35,221,18,203,21.352313167259787,8.896797153024911,12.455516014234876,78.64768683274022,6.405693950177936,72.24199288256227
E00034098,296,41,13,28,255,23,232,13.85135135135135,4.391891891891892,9.45945945945946,86.14864864864865,7.77027027027027,78.37837837837837
E00034099,386,54,24,30,332,16,316,13.989637305699482,6.217616580310881,7.772020725388601,86.01036269430051,4.145077720207254,81.86528497409327
E00034100,385,74,26,48,311,20,291,19.22077922077922,6.753246753246753,12.467532467532468,80.77922077922078,5.194805194805195,75.58441558441558
E00034101,245,62,26,36,183,14,169,25.30612244897959,10.612244897959183,14.69387755102041,74.6938775510204,5.714285714285714,68.9795918367347
E00034102,235,70,38,32,165,20,145,29.78723404255319,16.170212765957448,13.617021276595745,70.2127659574468,8.51063829787234,61.702127659574465
E00034104,286,53,25,28,233,29,204,18.53146853146853,8.741258741258742,9.79020979020979,81.46853146853147,10.13986013986014,71.32867132867133
E00034106,190,48,25,23,142,20,122,25.263157894736842,13.157894736842104,12.105263157894736,74.73684210526315,10.526315789473683,64.21052631578948
E00034107,285,42,23,19,243,24,219,14.736842105263156,8.070175438596491,6.666666666666667,85.26315789473684,8.421052631578947,76.84210526315789
E00034108,206,68,32,36,138,9,129,33.00970873786408,15.53398058252427,17.475728155339805,66.99029126213593,4.368932038834951,62.62135922330098
E00034109,193,49,35,14,144,10,134,25.38860103626943,18.134715025906736,7.253886010362693,74.61139896373057,5.181347150259067,69.43005181347151
E00034110,286,45,20,25,241,27,214,15.734265734265735,6.993006993006993,8.741258741258742,84.26573426573427,9.44055944055944,74.82517482517483
E00034111,268,82,46,36,186,10,176,30.597014925373134,17.16417910447761,13.432835820895523,69.40298507462687,3.731343283582089,65.67164179104478
E00034113,275,74,42,32,201,13,188,26.90909090909091,15.272727272727273,11.636363636363637,73.0909090909091,4.7272727272727275,68.36363636363636
E00034114,319,78,42,36,241,11,230,24.45141065830721,13.166144200626958,11.285266457680251,75.54858934169279,3.4482758620689653,72.10031347962382
E00034115,260,73,46,27,187,8,179,28.076923076923077,17.692307692307693,10.384615384615385,71.92307692307692,3.076923076923077,68.84615384615384
E00034116,362,82,54,28,280,21,259,22.65193370165746,14.917127071823206,7.734806629834254,77.34806629834254,5.801104972375691,71.54696132596685
E00034117,277,65,38,27,212,18,194,23.465703971119133,13.718411552346572,9.747292418772563,76.53429602888086,6.4981949458483745,70.03610108303249
E00034118,260,77,51,26,183,6,177,29.615384615384617,19.615384615384617,10,70.38461538461539,2.307692307692308,68.07692307692308
E00034119,304,89,50,39,215,21,194,29.276315789473685,16.447368421052634,12.828947368421053,70.72368421052632,6.907894736842106,63.81578947368421
E00034120,285,56,31,25,229,20,209,19.649122807017545,10.87719298245614,8.771929824561402,80.35087719298247,7.017543859649122,73.33333333333333
E00034121,301,96,48,48,205,18,187,31.893687707641195,15.946843853820598,15.946843853820598,68.10631229235881,5.980066445182724,62.12624584717608
E00034122,352,110,56,54,242,13,229,31.25,15.909090909090908,15.340909090909092,68.75,3.6931818181818183,65.05681818181817
E00034123,347,74,42,32,273,18,255,21.32564841498559,12.103746397694524,9.221902017291066,78.6743515850144,5.187319884726225,73.48703170028818
E00034124,345,87,44,43,258,9,249,25.217391304347824,12.753623188405797,12.46376811594203,74.78260869565217,2.608695652173913,72.17391304347827
E00034125,301,88,51,37,213,12,201,29.2358803986711,16.943521594684384,12.29235880398671,70.7641196013289,3.9867109634551494,66.77740863787376
E00034126,579,100,42,58,479,26,453,17.271157167530223,7.253886010362693,10.01727115716753,82.72884283246978,4.490500863557859,78.23834196891191
E00034127,576,87,46,41,489,22,467,15.104166666666666,7.986111111111111,7.118055555555555,84.89583333333334,3.8194444444444446,81.07638888888889
E00034130,325,76,43,33,249,14,235,23.384615384615383,13.230769230769232,10.153846153846153,76.61538461538461,4.3076923076923075,72.3076923076923
E00034131,373,96,62,34,277,27,250,25.737265415549597,16.621983914209114,9.115281501340483,74.26273458445041,7.238605898123325,67.02412868632707
E00034132,337,91,55,36,246,14,232,27.002967359050444,16.320474777448073,10.682492581602373,72.99703264094956,4.154302670623145,68.84272997032642
E00034133,250,68,45,23,182,22,160,27.200000000000003,18,9.2,72.8,8.799999999999999,64
E00034134,316,94,56,38,222,15,207,29.746835443037973,17.72151898734177,12.025316455696203,70.25316455696202,4.746835443037975,65.50632911392405
E00034135,194,50,26,24,144,14,130,25.773195876288657,13.402061855670103,12.371134020618557,74.22680412371135,7.216494845360824,67.0103092783505
E00034136,355,82,45,37,273,25,248,23.098591549295776,12.676056338028168,10.422535211267606,76.90140845070422,7.042253521126761,69.85915492957746
E00034137,260,73,35,38,187,15,172,28.076923076923077,13.461538461538462,14.615384615384617,71.92307692307692,5.769230769230769,66.15384615384615
E00034138,310,92,45,47,218,14,204,29.677419354838708,14.516129032258066,15.161290322580644,70.3225806451613,4.516129032258064,65.80645161290323
E00034139,271,92,52,40,179,10,169,33.94833948339483,19.18819188191882,14.760147601476014,66.05166051660517,3.6900369003690034,62.36162361623616
E00034140,224,64,30,34,160,9,151,28.57142857142857,13.392857142857142,15.178571428571427,71.42857142857143,4.017857142857143,67.41071428571429
E00034141,235,71,37,34,164,13,151,30.21276595744681,15.74468085106383,14.468085106382977,69.7872340425532,5.531914893617021,64.25531914893618
E00034142,375,98,52,46,277,15,262,26.13333333333333,13.866666666666665,12.266666666666666,73.86666666666667,4,69.86666666666666
E00034143,291,93,52,41,198,6,192,31.958762886597935,17.869415807560138,14.0893470790378,68.04123711340206,2.0618556701030926,65.97938144329896
E00034144,349,88,54,34,261,16,245,25.214899713467048,15.472779369627506,9.742120343839542,74.78510028653295,4.584527220630372,70.20057306590259
E00034145,260,74,47,27,186,8,178,28.46153846153846,18.076923076923077,10.384615384615385,71.53846153846153,3.076923076923077,68.46153846153847
E00034146,327,78,49,29,249,17,232,23.853211009174313,14.984709480122325,8.868501529051988,76.14678899082568,5.198776758409786,70.9480122324159
E00034147,259,80,41,39,179,11,168,30.888030888030887,15.83011583011583,15.057915057915059,69.1119691119691,4.247104247104247,64.86486486486487
E00034148,438,102,55,47,336,19,317,23.28767123287671,12.557077625570775,10.730593607305936,76.71232876712328,4.337899543378995,72.3744292237443
E00034149,309,89,43,46,220,27,193,28.802588996763756,13.915857605177994,14.886731391585762,71.19741100323624,8.737864077669903,62.45954692556634
E00034150,260,79,47,32,181,15,166,30.384615384615383,18.076923076923077,12.307692307692308,69.61538461538461,5.769230769230769,63.84615384615384
E00034151,312,81,49,32,231,9,222,25.961538461538463,15.705128205128204,10.256410256410255,74.03846153846155,2.8846153846153846,71.15384615384616
E00034152,309,88,49,39,221,9,212,28.478964401294498,15.857605177993527,12.62135922330097,71.52103559870551,2.912621359223301,68.6084142394822
E00034153,364,81,51,30,283,11,272,22.252747252747252,14.010989010989011,8.241758241758241,77.74725274725274,3.021978021978022,74.72527472527473
E00034154,302,90,48,42,212,20,192,29.80132450331126,15.894039735099339,13.90728476821192,70.19867549668875,6.622516556291391,63.576158940397356
E00034156,250,82,52,30,168,11,157,32.800000000000004,20.8,12,67.2,4.3999999999999995,62.8
E00034157,297,65,42,23,232,17,215,21.885521885521886,14.14141414141414,7.744107744107744,78.11447811447812,5.723905723905724,72.39057239057239
E00034158,504,88,54,34,416,41,375,17.46031746031746,10.714285714285714,6.746031746031746,82.53968253968253,8.134920634920634,74.40476190476191
E00034159,308,60,31,29,248,13,235,19.480519480519483,10.064935064935066,9.415584415584416,80.51948051948052,4.220779220779221,76.2987012987013
E00034160,256,53,34,19,203,15,188,20.703125,13.28125,7.421875,79.296875,5.859375,73.4375
E00034161,265,54,28,26,211,21,190,20.37735849056604,10.566037735849058,9.811320754716983,79.62264150943396,7.9245283018867925,71.69811320754717
E00034162,331,105,49,56,226,19,207,31.722054380664655,14.803625377643503,16.91842900302115,68.27794561933534,5.740181268882175,62.53776435045317
E00034163,242,59,39,20,183,16,167,24.380165289256198,16.115702479338843,8.264462809917356,75.6198347107438,6.6115702479338845,69.00826446280992
E00034164,288,99,60,39,189,15,174,34.375,20.833333333333336,13.541666666666666,65.625,5.208333333333334,60.416666666666664
E00034165,289,84,53,31,205,13,192,29.06574394463668,18.33910034602076,10.726643598615917,70.93425605536332,4.498269896193772,66.43598615916954
E00034167,391,127,66,61,264,24,240,32.48081841432225,16.879795396419436,15.601023017902813,67.51918158567774,6.138107416879795,61.38107416879796
E00034168,304,90,48,42,214,11,203,29.605263157894733,15.789473684210526,13.815789473684212,70.39473684210526,3.618421052631579,66.77631578947368
E00034169,253,61,36,25,192,24,168,24.110671936758894,14.229249011857709,9.881422924901186,75.8893280632411,9.486166007905137,66.40316205533597
E00034170,482,80,44,36,402,30,372,16.59751037344398,9.12863070539419,7.468879668049793,83.40248962655602,6.224066390041494,77.17842323651453
E00034171,288,73,48,25,215,12,203,25.34722222222222,16.666666666666664,8.680555555555555,74.65277777777779,4.166666666666666,70.48611111111111
E00034172,284,46,21,25,238,16,222,16.19718309859155,7.394366197183098,8.80281690140845,83.80281690140845,5.633802816901409,78.16901408450704
E00034173,220,46,21,25,174,19,155,20.909090909090907,9.545454545454547,11.363636363636363,79.0909090909091,8.636363636363637,70.45454545454545
E00034174,285,51,23,28,234,11,223,17.894736842105264,8.070175438596491,9.824561403508772,82.10526315789474,3.8596491228070176,78.24561403508771
E00034175,231,77,46,31,154,9,145,33.33333333333333,19.913419913419915,13.41991341991342,66.66666666666666,3.896103896103896,62.77056277056276
E00034176,180,47,18,29,133,12,121,26.111111111111114,10,16.11111111111111,73.88888888888889,6.666666666666667,67.22222222222223
E00034177,239,60,27,33,179,14,165,25.10460251046025,11.297071129707113,13.807531380753138,74.89539748953975,5.857740585774058,69.0376569037657
E00034178,291,68,24,44,223,15,208,23.367697594501717,8.24742268041237,15.120274914089347,76.6323024054983,5.154639175257731,71.47766323024055
E00034180,359,62,32,30,297,22,275,17.270194986072422,8.913649025069638,8.356545961002785,82.72980501392759,6.128133704735376,76.6016713091922
E00034182,178,58,29,29,120,11,109,32.58426966292135,16.292134831460675,16.292134831460675,67.41573033707866,6.179775280898876,61.23595505617978
E00034184,213,57,33,24,156,10,146,26.76056338028169,15.492957746478872,11.267605633802818,73.23943661971832,4.694835680751173,68.54460093896714
E00034185,223,66,36,30,157,10,147,29.596412556053814,16.143497757847534,13.452914798206278,70.4035874439462,4.484304932735426,65.91928251121077
E00034187,211,69,44,25,142,14,128,32.70142180094787,20.85308056872038,11.848341232227488,67.29857819905213,6.6350710900473935,60.66350710900474
E00034188,350,83,47,36,267,11,256,23.714285714285715,13.428571428571429,10.285714285714285,76.28571428571429,3.1428571428571432,73.14285714285714
E00034189,280,82,45,37,198,19,179,29.28571428571429,16.071428571428573,13.214285714285715,70.71428571428572,6.785714285714286,63.92857142857142
E00034190,300,77,45,32,223,18,205,25.666666666666664,15,10.666666666666668,74.33333333333333,6,68.33333333333333
E00034191,221,69,47,22,152,14,138,31.221719457013574,21.266968325791854,9.95475113122172,68.77828054298642,6.334841628959276,62.44343891402715
E00034192,286,83,47,36,203,10,193,29.02097902097902,16.433566433566433,12.587412587412588,70.97902097902097,3.4965034965034967,67.48251748251748
E00034193,263,60,38,22,203,11,192,22.813688212927758,14.44866920152091,8.365019011406844,77.18631178707224,4.182509505703422,73.00380228136882
E00034194,235,66,40,26,169,7,162,28.085106382978726,17.02127659574468,11.063829787234042,71.91489361702128,2.9787234042553195,68.93617021276596
E00034195,289,88,47,41,201,7,194,30.44982698961938,16.26297577854671,14.186851211072666,69.55017301038062,2.422145328719723,67.1280276816609
E00034196,323,70,40,30,253,16,237,21.671826625387,12.38390092879257,9.287925696594428,78.328173374613,4.953560371517028,73.37461300309597
E00034197,282,67,36,31,215,14,201,23.75886524822695,12.76595744680851,10.99290780141844,76.24113475177306,4.964539007092199,71.27659574468085
E00034199,336,98,61,37,238,12,226,29.166666666666668,18.154761904761905,11.011904761904761,70.83333333333334,3.571428571428571,67.26190476190477
E00034201,256,55,32,23,201,13,188,21.484375,12.5,8.984375,78.515625,5.078125,73.4375
E00034202,402,115,82,33,287,9,278,28.60696517412935,20.398009950248756,8.208955223880597,71.39303482587064,2.2388059701492535,69.15422885572139
E00034203,497,84,33,51,413,30,383,16.901408450704224,6.639839034205232,10.261569416498995,83.09859154929578,6.036217303822937,77.06237424547284
E00034208,394,117,64,53,277,17,260,29.695431472081218,16.243654822335024,13.451776649746192,70.30456852791879,4.314720812182741,65.98984771573603
E00034209,219,51,27,24,168,11,157,23.28767123287671,12.32876712328767,10.95890410958904,76.71232876712328,5.0228310502283104,71.68949771689498
E00034211,230,64,43,21,166,13,153,27.82608695652174,18.695652173913043,9.130434782608695,72.17391304347827,5.6521739130434785,66.52173913043478
E00034212,262,68,42,26,194,16,178,25.954198473282442,16.030534351145036,9.923664122137405,74.04580152671755,6.106870229007633,67.93893129770993
E00034213,400,118,75,43,282,14,268,29.5,18.75,10.75,70.5,3.5000000000000004,67
E00034215,163,45,22,23,118,6,112,27.607361963190186,13.496932515337424,14.11042944785276,72.39263803680981,3.6809815950920246,68.71165644171779
E00034216,353,92,56,36,261,16,245,26.062322946175637,15.864022662889518,10.198300283286118,73.93767705382436,4.53257790368272,69.40509915014165
E00034219,347,75,45,30,272,14,258,21.613832853025936,12.968299711815561,8.645533141210375,78.38616714697406,4.034582132564841,74.35158501440922
E00034221,287,84,58,26,203,19,184,29.268292682926827,20.209059233449477,9.059233449477352,70.73170731707317,6.620209059233449,64.11149825783971
E00034223,266,75,50,25,191,14,177,28.195488721804512,18.796992481203006,9.398496240601503,71.80451127819549,5.263157894736842,66.54135338345864
E00034224,353,65,33,32,288,25,263,18.413597733711047,9.34844192634561,9.06515580736544,81.58640226628894,7.0821529745042495,74.5042492917847
E00034225,349,79,37,42,270,19,251,22.636103151862464,10.601719197707736,12.034383954154727,77.36389684813754,5.444126074498568,71.91977077363897
E00034227,424,60,26,34,364,29,335,14.150943396226415,6.132075471698113,8.018867924528301,85.84905660377359,6.8396226415094334,79.00943396226415
E00034228,425,57,26,31,368,28,340,13.411764705882353,6.11764705882353,7.294117647058823,86.58823529411764,6.588235294117648,80
E00034230,404,63,24,39,341,19,322,15.594059405940595,5.9405940594059405,9.653465346534654,84.4059405940594,4.702970297029703,79.70297029702971
E00034231,443,64,26,38,379,34,345,14.446952595936793,5.8690744920993225,8.577878103837472,85.55304740406321,7.674943566591422,77.87810383747178
E00034234,353,74,42,32,279,19,260,20.96317280453258,11.89801699716714,9.06515580736544,79.03682719546742,5.382436260623229,73.65439093484419
E00034235,357,68,39,29,289,21,268,19.047619047619047,10.92436974789916,8.123249299719888,80.95238095238095,5.88235294117647,75.07002801120449
E00034236,273,71,45,26,202,12,190,26.00732600732601,16.483516483516482,9.523809523809524,73.992673992674,4.395604395604396,69.59706959706959
E00034237,275,62,31,31,213,16,197,22.545454545454547,11.272727272727273,11.272727272727273,77.45454545454545,5.818181818181818,71.63636363636363
E00034238,155,39,20,19,116,10,106,25.161290322580644,12.903225806451612,12.258064516129032,74.83870967741936,6.451612903225806,68.38709677419355
E00034239,350,73,42,31,277,24,253,20.857142857142858,12,8.857142857142856,79.14285714285715,6.857142857142858,72.28571428571429
E00034240,269,81,46,35,188,9,179,30.111524163568777,17.100371747211895,13.011152416356877,69.88847583643123,3.3457249070631967,66.54275092936803
E00034241,289,89,48,41,200,13,187,30.79584775086505,16.608996539792386,14.186851211072666,69.20415224913495,4.498269896193772,64.70588235294117
E00034242,266,71,41,30,195,12,183,26.691729323308273,15.413533834586465,11.278195488721805,73.30827067669173,4.511278195488721,68.796992481203
E00034243,396,85,44,41,311,18,293,21.464646464646464,11.11111111111111,10.353535353535353,78.53535353535354,4.545454545454546,73.98989898989899
E00034244,270,61,27,34,209,22,187,22.59259259259259,10,12.592592592592592,77.4074074074074,8.148148148148149,69.25925925925925
E00034245,261,86,51,35,175,24,151,32.95019157088122,19.54022988505747,13.409961685823754,67.04980842911877,9.195402298850574,57.8544061302682
E00034246,327,92,56,36,235,13,222,28.134556574923547,17.12538226299694,11.009174311926607,71.86544342507645,3.9755351681957185,67.88990825688074
E00034247,318,99,59,40,219,17,202,31.132075471698112,18.553459119496853,12.578616352201259,68.86792452830188,5.345911949685535,63.52201257861635
E00034248,187,65,40,25,122,14,108,34.75935828877005,21.390374331550802,13.368983957219251,65.24064171122996,7.4866310160427805,57.75401069518716
E00034249,314,108,69,39,206,13,193,34.394904458598724,21.97452229299363,12.420382165605096,65.60509554140127,4.140127388535031,61.46496815286624
E00034250,357,104,62,42,253,17,236,29.13165266106443,17.366946778711483,11.76470588235294,70.86834733893558,4.761904761904762,66.1064425770308
E00034251,253,59,36,23,194,4,190,23.3201581027668,14.229249011857709,9.090909090909092,76.6798418972332,1.5810276679841897,75.09881422924902
E00034252,436,107,59,48,329,21,308,24.541284403669724,13.53211009174312,11.009174311926607,75.45871559633028,4.81651376146789,70.64220183486239
E00034253,374,75,54,21,299,12,287,20.053475935828878,14.43850267379679,5.614973262032086,79.94652406417111,3.2085561497326207,76.7379679144385
E00034254,312,65,39,26,247,14,233,20.833333333333336,12.5,8.333333333333332,79.16666666666666,4.487179487179487,74.67948717948718
E00034255,356,109,60,49,247,21,226,30.61797752808989,16.853932584269664,13.764044943820226,69.3820224719101,5.8988764044943816,63.48314606741573
E00034256,440,98,59,39,342,18,324,22.272727272727273,13.40909090909091,8.863636363636363,77.72727272727272,4.090909090909091,73.63636363636363
E00034257,336,107,62,45,229,8,221,31.845238095238095,18.452380952380953,13.392857142857142,68.15476190476191,2.380952380952381,65.77380952380952
E00034258,561,95,51,44,466,38,428,16.93404634581105,9.090909090909092,7.8431372549019605,83.06595365418895,6.7736185383244205,76.29233511586453
E00034259,317,61,37,24,256,14,242,19.242902208201894,11.67192429022082,7.570977917981073,80.7570977917981,4.416403785488959,76.34069400630915
E00034260,272,71,43,28,201,22,179,26.10294117647059,15.808823529411764,10.294117647058822,73.89705882352942,8.088235294117647,65.80882352941177
E00034261,301,62,29,33,239,16,223,20.59800664451827,9.634551495016613,10.96345514950166,79.40199335548172,5.3156146179401995,74.08637873754152
E00034262,268,69,33,36,199,13,186,25.74626865671642,12.313432835820896,13.432835820895523,74.25373134328358,4.850746268656716,69.40298507462687
E00034263,361,84,45,39,277,18,259,23.26869806094183,12.465373961218837,10.80332409972299,76.73130193905817,4.986149584487535,71.74515235457064
E00034264,302,86,50,36,216,15,201,28.47682119205298,16.55629139072848,11.920529801324504,71.52317880794702,4.966887417218543,66.55629139072848
E00034265,543,115,60,55,428,17,411,21.178637200736645,11.049723756906078,10.128913443830571,78.82136279926335,3.1307550644567224,75.69060773480662
E00034266,324,76,40,36,248,19,229,23.456790123456788,12.345679012345679,11.11111111111111,76.5432098765432,5.864197530864197,70.67901234567901
E00034267,261,43,18,25,218,25,193,16.47509578544061,6.896551724137931,9.578544061302683,83.5249042145594,9.578544061302683,73.9463601532567
E00034268,373,94,42,52,279,27,252,25.201072386058982,11.26005361930295,13.941018766756033,74.79892761394102,7.238605898123325,67.5603217158177
E00034269,156,40,21,19,116,10,106,25.64102564102564,13.461538461538462,12.179487179487179,74.35897435897436,6.41025641025641,67.94871794871796
E00034270,338,65,34,31,273,18,255,19.230769230769234,10.059171597633137,9.171597633136095,80.76923076923077,5.325443786982249,75.44378698224851
E00034271,271,67,29,38,204,21,183,24.723247232472325,10.70110701107011,14.022140221402212,75.27675276752768,7.7490774907749085,67.52767527675276
E00034272,285,60,31,29,225,12,213,21.052631578947366,10.87719298245614,10.175438596491228,78.94736842105263,4.2105263157894735,74.73684210526315
E00034273,152,48,23,25,104,12,92,31.57894736842105,15.131578947368421,16.447368421052634,68.42105263157895,7.894736842105263,60.526315789473685
E00034274,253,59,39,20,194,14,180,23.3201581027668,15.41501976284585,7.905138339920949,76.6798418972332,5.533596837944664,71.14624505928853
E00034275,289,61,26,35,228,10,218,21.10726643598616,8.996539792387544,12.110726643598616,78.89273356401384,3.4602076124567476,75.4325259515571
E00034276,391,98,53,45,293,15,278,25.063938618925828,13.554987212276215,11.508951406649617,74.93606138107417,3.8363171355498724,71.0997442455243
E00034277,231,34,13,21,197,15,182,14.71861471861472,5.627705627705628,9.090909090909092,85.28138528138528,6.493506493506493,78.78787878787878
E00034278,314,73,38,35,241,29,212,23.248407643312103,12.101910828025478,11.146496815286625,76.75159235668791,9.235668789808917,67.51592356687898
E00034279,256,79,52,27,177,13,164,30.859375,20.3125,10.546875,69.140625,5.078125,64.0625
E00034280,156,83,65,18,73,5,68,53.205128205128204,41.66666666666667,11.538461538461538,46.794871794871796,3.205128205128205,43.58974358974359
E00034281,126,33,18,15,93,7,86,26.190476190476193,14.285714285714285,11.904761904761903,73.80952380952381,5.555555555555555,68.25396825396825
E00034282,403,79,40,39,324,23,301,19.602977667493796,9.925558312655088,9.67741935483871,80.39702233250621,5.707196029776675,74.68982630272953
E00034283,330,80,50,30,250,32,218,24.242424242424242,15.151515151515152,9.090909090909092,75.75757575757575,9.696969696969697,66.06060606060606
E00034284,304,81,31,50,223,15,208,26.644736842105267,10.197368421052632,16.447368421052634,73.35526315789474,4.934210526315789,68.42105263157895
E00034285,297,86,49,37,211,18,193,28.95622895622896,16.4983164983165,12.457912457912458,71.04377104377105,6.0606060606060606,64.98316498316498
E00034286,321,81,40,41,240,16,224,25.233644859813083,12.461059190031152,12.77258566978193,74.76635514018692,4.984423676012461,69.78193146417445
E00034287,297,72,41,31,225,12,213,24.242424242424242,13.804713804713806,10.437710437710438,75.75757575757575,4.040404040404041,71.71717171717171
E00034288,312,65,31,34,247,13,234,20.833333333333336,9.935897435897436,10.897435897435898,79.16666666666666,4.166666666666666,75
E00034289,273,58,27,31,215,12,203,21.245421245421245,9.89010989010989,11.355311355311356,78.75457875457876,4.395604395604396,74.35897435897436
E00034290,258,59,19,40,199,11,188,22.868217054263564,7.3643410852713185,15.503875968992247,77.13178294573643,4.263565891472868,72.86821705426357
E00034291,196,52,30,22,144,10,134,26.53061224489796,15.306122448979592,11.224489795918368,73.46938775510205,5.1020408163265305,68.36734693877551
E00034292,247,56,21,35,191,16,175,22.672064777327936,8.502024291497975,14.17004048582996,77.32793522267207,6.477732793522267,70.8502024291498
E00034293,282,62,38,24,220,12,208,21.98581560283688,13.47517730496454,8.51063829787234,78.01418439716312,4.25531914893617,73.75886524822694
E00034295,258,49,17,32,209,13,196,18.992248062015506,6.5891472868217065,12.4031007751938,81.0077519379845,5.038759689922481,75.96899224806202
E00034296,296,72,37,35,224,26,198,24.324324324324326,12.5,11.824324324324325,75.67567567567568,8.783783783783784,66.8918918918919
E00034297,298,81,48,33,217,18,199,27.181208053691275,16.10738255033557,11.073825503355705,72.81879194630872,6.0402684563758395,66.77852348993288
E00034298,339,93,37,56,246,10,236,27.43362831858407,10.914454277286136,16.519174041297934,72.56637168141593,2.949852507374631,69.6165191740413
E00034299,259,76,43,33,183,7,176,29.343629343629345,16.602316602316602,12.741312741312742,70.65637065637065,2.7027027027027026,67.95366795366795
E00034300,251,61,30,31,190,17,173,24.302788844621514,11.952191235059761,12.350597609561753,75.69721115537848,6.772908366533864,68.92430278884463
E00034301,305,87,46,41,218,15,203,28.524590163934427,15.081967213114755,13.442622950819672,71.47540983606558,4.918032786885246,66.55737704918033
E00034302,292,45,21,24,247,18,229,15.41095890410959,7.191780821917808,8.21917808219178,84.58904109589042,6.164383561643835,78.42465753424658
E00034303,254,76,42,34,178,13,165,29.92125984251969,16.535433070866144,13.385826771653544,70.07874015748031,5.118110236220472,64.96062992125984
E00034304,241,68,29,39,173,11,162,28.21576763485477,12.033195020746888,16.182572614107883,71.78423236514523,4.564315352697095,67.21991701244814
E00034305,262,89,44,45,173,13,160,33.969465648854964,16.793893129770993,17.17557251908397,66.03053435114504,4.961832061068702,61.06870229007634
E00034306,345,83,43,40,262,10,252,24.057971014492754,12.46376811594203,11.594202898550725,75.94202898550725,2.898550724637681,73.04347826086956
E00034307,216,69,39,30,147,8,139,31.944444444444443,18.055555555555554,13.88888888888889,68.05555555555556,3.7037037037037033,64.35185185185185
E00034308,355,81,42,39,274,9,265,22.816901408450704,11.830985915492958,10.985915492957748,77.1830985915493,2.535211267605634,74.64788732394366
E00034309,284,91,52,39,193,19,174,32.04225352112676,18.30985915492958,13.732394366197184,67.95774647887323,6.690140845070422,61.267605633802816
E00034310,314,86,52,34,228,20,208,27.388535031847134,16.560509554140125,10.828025477707007,72.61146496815286,6.369426751592357,66.2420382165605
E00034311,337,47,19,28,290,12,278,13.94658753709199,5.637982195845697,8.30860534124629,86.05341246290801,3.5608308605341246,82.49258160237389
E00034312,323,72,38,34,251,14,237,22.291021671826623,11.76470588235294,10.526315789473683,77.70897832817337,4.3343653250774,73.37461300309597
E00034313,292,59,35,24,233,20,213,20.205479452054796,11.986301369863012,8.21917808219178,79.7945205479452,6.8493150684931505,72.94520547945206
E00034314,256,76,31,45,180,11,169,29.6875,12.109375,17.578125,70.3125,4.296875,66.015625
E00034315,256,118,70,48,138,10,128,46.09375,27.34375,18.75,53.90625,3.90625,50
E00034316,241,90,55,35,151,14,137,37.344398340248965,22.821576763485478,14.522821576763487,62.655601659751035,5.809128630705394,56.84647302904564
E00034317,306,104,49,55,202,15,187,33.98692810457516,16.013071895424837,17.973856209150327,66.01307189542483,4.901960784313726,61.111111111111114
E00034318,246,71,42,29,175,13,162,28.86178861788618,17.073170731707318,11.788617886178862,71.13821138211382,5.284552845528456,65.85365853658537
E00034319,346,94,43,51,252,19,233,27.167630057803464,12.427745664739884,14.739884393063585,72.83236994219652,5.491329479768786,67.34104046242774
E00034320,213,66,33,33,147,9,138,30.985915492957744,15.492957746478872,15.492957746478872,69.01408450704226,4.225352112676056,64.7887323943662
E00034321,178,39,19,20,139,5,134,21.910112359550563,10.674157303370785,11.235955056179774,78.08988764044943,2.8089887640449436,75.28089887640449
E00034322,322,73,38,35,249,21,228,22.67080745341615,11.801242236024844,10.869565217391305,77.32919254658384,6.521739130434782,70.80745341614907
E00034323,273,111,72,39,162,9,153,40.65934065934066,26.373626373626376,14.285714285714285,59.34065934065934,3.296703296703297,56.043956043956044
E00034324,268,111,71,40,157,11,146,41.417910447761194,26.492537313432834,14.925373134328357,58.582089552238806,4.104477611940299,54.47761194029851
E00034325,286,68,39,29,218,17,201,23.776223776223777,13.636363636363635,10.13986013986014,76.22377622377621,5.944055944055944,70.27972027972028
E00034326,261,70,39,31,191,20,171,26.81992337164751,14.942528735632186,11.877394636015326,73.18007662835248,7.662835249042145,65.51724137931035
E00034327,243,51,23,28,192,12,180,20.98765432098765,9.465020576131687,11.522633744855968,79.01234567901234,4.938271604938271,74.07407407407408
E00034328,305,45,15,30,260,10,250,14.754098360655737,4.918032786885246,9.836065573770492,85.24590163934425,3.278688524590164,81.9672131147541
E00034329,248,91,56,35,157,18,139,36.693548387096776,22.58064516129032,14.112903225806454,63.306451612903224,7.258064516129033,56.048387096774185
E00034330,252,66,37,29,186,16,170,26.190476190476193,14.682539682539684,11.507936507936508,73.80952380952381,6.349206349206349,67.46031746031747
E00034331,511,106,51,55,405,38,367,20.743639921722114,9.980430528375733,10.76320939334638,79.2563600782779,7.436399217221135,71.81996086105676
E00034332,311,82,49,33,229,7,222,26.366559485530544,15.755627009646304,10.610932475884244,73.63344051446946,2.2508038585209005,71.38263665594855
E00034333,294,80,48,32,214,16,198,27.2108843537415,16.3265306122449,10.884353741496598,72.78911564625851,5.442176870748299,67.3469387755102
E00034335,276,40,20,20,236,12,224,14.492753623188406,7.246376811594203,7.246376811594203,85.5072463768116,4.3478260869565215,81.15942028985508
E00034336,237,72,44,28,165,15,150,30.37974683544304,18.565400843881857,11.814345991561181,69.62025316455697,6.329113924050633,63.29113924050633
E00034337,318,63,22,41,255,19,236,19.81132075471698,6.918238993710692,12.89308176100629,80.18867924528303,5.9748427672955975,74.21383647798741
E00034338,253,38,20,18,215,27,188,15.019762845849801,7.905138339920949,7.114624505928854,84.98023715415019,10.67193675889328,74.30830039525692
E00034339,305,47,20,27,258,26,232,15.40983606557377,6.557377049180328,8.852459016393443,84.59016393442623,8.524590163934425,76.0655737704918
E00034340,205,35,16,19,170,16,154,17.073170731707318,7.804878048780488,9.268292682926829,82.92682926829268,7.804878048780488,75.1219512195122
E00034341,353,48,24,24,305,26,279,13.59773371104816,6.79886685552408,6.79886685552408,86.40226628895185,7.365439093484419,79.03682719546742
E00034342,235,39,19,20,196,19,177,16.595744680851062,8.085106382978724,8.51063829787234,83.40425531914893,8.085106382978724,75.31914893617021
E00034343,276,55,22,33,221,21,200,19.92753623188406,7.971014492753622,11.956521739130435,80.07246376811594,7.608695652173914,72.46376811594203
E00034344,256,52,22,30,204,17,187,20.3125,8.59375,11.71875,79.6875,6.640625,73.046875
E00034345,226,33,16,17,193,14,179,14.601769911504425,7.079646017699115,7.52212389380531,85.39823008849558,6.1946902654867255,79.20353982300885
E00034346,192,58,32,26,134,12,122,30.208333333333332,16.666666666666664,13.541666666666666,69.79166666666666,6.25,63.541666666666664
E00034347,241,70,42,28,171,11,160,29.045643153526974,17.42738589211618,11.618257261410788,70.95435684647303,4.564315352697095,66.39004149377593
E00034348,236,99,61,38,137,12,125,41.94915254237288,25.847457627118644,16.101694915254235,58.05084745762712,5.084745762711865,52.96610169491526
E00034349,275,98,67,31,177,8,169,35.63636363636364,24.363636363636363,11.272727272727273,64.36363636363637,2.909090909090909,61.45454545454545
E00034350,227,77,61,16,150,16,134,33.92070484581498,26.87224669603524,7.048458149779736,66.07929515418502,7.048458149779736,59.03083700440529
E00034351,350,109,69,40,241,13,228,31.142857142857146,19.714285714285715,11.428571428571429,68.85714285714286,3.7142857142857144,65.14285714285715
E00034352,312,91,53,38,221,12,209,29.166666666666668,16.98717948717949,12.179487179487179,70.83333333333334,3.8461538461538463,66.98717948717949
E00034353,302,87,56,31,215,11,204,28.807947019867548,18.543046357615893,10.264900662251655,71.19205298013244,3.642384105960265,67.54966887417218
E00034354,224,88,68,20,136,9,127,39.285714285714285,30.357142857142854,8.928571428571429,60.71428571428571,4.017857142857143,56.69642857142857
E00034355,299,98,65,33,201,8,193,32.77591973244147,21.73913043478261,11.036789297658862,67.22408026755853,2.6755852842809364,64.54849498327759
E00034356,200,86,62,24,114,0,114,43,31,12,56.99999999999999,0,56.99999999999999
E00034358,335,111,76,35,224,12,212,33.134328358208954,22.686567164179106,10.44776119402985,66.86567164179105,3.582089552238806,63.28358208955224
E00034359,254,54,30,24,200,14,186,21.25984251968504,11.811023622047244,9.448818897637794,78.74015748031496,5.511811023622047,73.22834645669292
E00034360,319,88,50,38,231,6,225,27.586206896551722,15.673981191222571,11.912225705329153,72.41379310344827,1.8808777429467085,70.53291536050156
E00034361,216,70,41,29,146,8,138,32.407407407407405,18.98148148148148,13.425925925925927,67.5925925925926,3.7037037037037033,63.888888888888886
E00034362,195,56,34,22,139,12,127,28.717948717948715,17.435897435897434,11.282051282051283,71.28205128205128,6.153846153846154,65.12820512820512
E00034363,299,52,32,20,247,17,230,17.391304347826086,10.702341137123746,6.688963210702341,82.6086956521739,5.68561872909699,76.92307692307693
E00034364,174,56,29,27,118,6,112,32.18390804597701,16.666666666666664,15.517241379310345,67.81609195402298,3.4482758620689653,64.36781609195403
E00034365,304,118,83,35,186,9,177,38.81578947368421,27.302631578947366,11.513157894736842,61.18421052631579,2.9605263157894735,58.223684210526315
E00034366,336,106,54,52,230,15,215,31.547619047619047,16.071428571428573,15.476190476190476,68.45238095238095,4.464285714285714,63.988095238095234
E00034368,271,32,19,13,239,20,219,11.808118081180812,7.011070110701106,4.797047970479705,88.19188191881919,7.380073800738007,80.81180811808119
E00034369,266,67,32,35,199,14,185,25.18796992481203,12.030075187969924,13.157894736842104,74.81203007518798,5.263157894736842,69.54887218045113
E00034371,336,100,56,44,236,19,217,29.761904761904763,16.666666666666664,13.095238095238097,70.23809523809523,5.654761904761905,64.58333333333334
E00034372,283,82,59,23,201,12,189,28.975265017667844,20.848056537102476,8.12720848056537,71.02473498233216,4.240282685512367,66.78445229681978
E00034373,471,101,55,46,370,9,361,21.443736730360936,11.67728237791932,9.766454352441615,78.55626326963908,1.910828025477707,76.64543524416136
E00034374,268,86,54,32,182,7,175,32.08955223880597,20.149253731343283,11.940298507462686,67.91044776119402,2.6119402985074625,65.29850746268657
E00034375,372,69,31,38,303,17,286,18.548387096774192,8.333333333333332,10.21505376344086,81.45161290322581,4.56989247311828,76.88172043010752
E00034376,305,67,32,35,238,23,215,21.9672131147541,10.491803278688524,11.475409836065573,78.0327868852459,7.540983606557377,70.49180327868852
E00034377,302,51,23,28,251,26,225,16.887417218543046,7.6158940397351,9.271523178807946,83.11258278145695,8.609271523178808,74.50331125827815
E00034378,325,53,28,25,272,24,248,16.307692307692307,8.615384615384615,7.6923076923076925,83.6923076923077,7.384615384615385,76.3076923076923
E00034379,292,55,32,23,237,11,226,18.835616438356166,10.95890410958904,7.876712328767123,81.16438356164383,3.767123287671233,77.3972602739726
E00034380,295,47,24,23,248,20,228,15.932203389830507,8.135593220338983,7.796610169491526,84.06779661016948,6.779661016949152,77.28813559322035
E00034381,557,84,40,44,473,44,429,15.080789946140035,7.1813285457809695,7.899461400359066,84.91921005385996,7.899461400359066,77.0197486535009
E00034382,390,120,49,71,270,21,249,30.76923076923077,12.564102564102564,18.205128205128204,69.23076923076923,5.384615384615385,63.84615384615384
E00034383,436,89,33,56,347,31,316,20.412844036697248,7.568807339449542,12.844036697247708,79.58715596330275,7.110091743119266,72.47706422018348
E00034384,271,54,27,27,217,14,203,19.92619926199262,9.96309963099631,9.96309963099631,80.07380073800738,5.166051660516605,74.90774907749078
E00034386,372,100,53,47,272,18,254,26.881720430107524,14.24731182795699,12.634408602150538,73.11827956989248,4.838709677419355,68.27956989247312
E00034387,284,85,41,44,199,16,183,29.929577464788732,14.43661971830986,15.492957746478872,70.07042253521126,5.633802816901409,64.43661971830986
E00034388,254,95,40,55,159,15,144,37.40157480314961,15.748031496062993,21.653543307086615,62.59842519685039,5.905511811023622,56.69291338582677
E00034389,225,49,21,28,176,16,160,21.777777777777775,9.333333333333334,12.444444444444445,78.22222222222223,7.111111111111111,71.11111111111111
E00034390,312,66,34,32,246,15,231,21.153846153846153,10.897435897435898,10.256410256410255,78.84615384615384,4.807692307692308,74.03846153846155
E00034391,345,63,31,32,282,29,253,18.26086956521739,8.985507246376812,9.27536231884058,81.73913043478261,8.405797101449275,73.33333333333333
E00034392,304,56,20,36,248,17,231,18.421052631578945,6.578947368421052,11.842105263157894,81.57894736842105,5.592105263157895,75.98684210526315
E00034393,264,46,17,29,218,18,200,17.424242424242426,6.4393939393939394,10.984848484848484,82.57575757575758,6.8181818181818175,75.75757575757575
E00034394,310,54,23,31,256,33,223,17.419354838709676,7.419354838709677,10,82.58064516129032,10.64516129032258,71.93548387096774
E00034395,163,51,24,27,112,12,100,31.28834355828221,14.723926380368098,16.56441717791411,68.71165644171779,7.361963190184049,61.34969325153374
E00034396,256,69,36,33,187,17,170,26.953125,14.0625,12.890625,73.046875,6.640625,66.40625
E00034397,310,57,29,28,253,16,237,18.387096774193548,9.35483870967742,9.032258064516128,81.61290322580645,5.161290322580645,76.45161290322581
E00034398,275,60,31,29,215,21,194,21.818181818181817,11.272727272727273,10.545454545454545,78.18181818181819,7.636363636363637,70.54545454545455
E00034399,307,72,42,30,235,21,214,23.452768729641694,13.680781758957655,9.77198697068404,76.54723127035831,6.840390879478828,69.70684039087948
E00034400,242,62,34,28,180,14,166,25.6198347107438,14.049586776859504,11.570247933884298,74.3801652892562,5.785123966942149,68.59504132231406
E00034401,322,67,29,38,255,26,229,20.80745341614907,9.006211180124224,11.801242236024844,79.19254658385093,8.074534161490684,71.11801242236024
E00034402,291,60,30,30,231,22,209,20.618556701030926,10.309278350515463,10.309278350515463,79.38144329896907,7.560137457044673,71.8213058419244
E00034403,264,56,24,32,208,27,181,21.21212121212121,9.090909090909092,12.121212121212121,78.78787878787878,10.227272727272728,68.56060606060606
E00034404,306,78,48,30,228,17,211,25.49019607843137,15.686274509803921,9.803921568627452,74.50980392156863,5.555555555555555,68.95424836601308
E00034405,323,69,27,42,254,26,228,21.36222910216718,8.359133126934983,13.003095975232199,78.63777089783281,8.04953560371517,70.58823529411765
E00034406,297,60,26,34,237,23,214,20.2020202020202,8.754208754208754,11.447811447811448,79.7979797979798,7.744107744107744,72.05387205387206
E00034409,383,80,34,46,303,33,270,20.887728459530024,8.87728459530026,12.010443864229766,79.11227154046998,8.616187989556137,70.49608355091384
E00034412,266,74,41,33,192,16,176,27.819548872180448,15.413533834586465,12.406015037593985,72.18045112781954,6.015037593984962,66.16541353383458
E00034413,238,41,23,18,197,28,169,17.22689075630252,9.663865546218489,7.563025210084033,82.77310924369748,11.76470588235294,71.00840336134453
E00034414,244,42,24,18,202,21,181,17.21311475409836,9.836065573770492,7.377049180327869,82.78688524590164,8.60655737704918,74.18032786885246
E00034415,348,81,35,46,267,13,254,23.275862068965516,10.057471264367816,13.218390804597702,76.72413793103449,3.7356321839080464,72.98850574712644
E00034416,316,67,30,37,249,24,225,21.202531645569618,9.49367088607595,11.708860759493671,78.79746835443038,7.59493670886076,71.20253164556962
E00034417,278,103,69,34,175,11,164,37.05035971223021,24.820143884892087,12.23021582733813,62.94964028776978,3.9568345323741005,58.992805755395686
E00034418,433,80,40,40,353,17,336,18.475750577367204,9.237875288683602,9.237875288683602,81.5242494226328,3.9260969976905313,77.59815242494227
E00034419,245,66,36,30,179,14,165,26.93877551020408,14.69387755102041,12.244897959183673,73.06122448979592,5.714285714285714,67.3469387755102
E00034420,244,42,22,20,202,22,180,17.21311475409836,9.01639344262295,8.19672131147541,82.78688524590164,9.01639344262295,73.77049180327869
E00034421,280,74,36,38,206,27,179,26.42857142857143,12.857142857142856,13.571428571428571,73.57142857142858,9.642857142857144,63.92857142857142
E00034422,254,78,57,21,176,12,164,30.708661417322837,22.440944881889763,8.267716535433072,69.29133858267717,4.724409448818897,64.56692913385827
E00034424,254,89,47,42,165,8,157,35.039370078740156,18.503937007874015,16.535433070866144,64.96062992125984,3.149606299212598,61.811023622047244
E00034425,285,79,46,33,206,9,197,27.719298245614034,16.140350877192983,11.578947368421053,72.28070175438597,3.1578947368421053,69.12280701754386
E00034427,214,79,43,36,135,9,126,36.915887850467286,20.093457943925234,16.822429906542055,63.084112149532714,4.205607476635514,58.87850467289719
E00034428,305,77,32,45,228,14,214,25.245901639344265,10.491803278688524,14.754098360655737,74.75409836065575,4.590163934426229,70.16393442622952
E00034429,288,80,50,30,208,13,195,27.77777777777778,17.36111111111111,10.416666666666668,72.22222222222221,4.513888888888888,67.70833333333334
E00034430,248,69,28,41,179,9,170,27.82258064516129,11.29032258064516,16.532258064516128,72.17741935483872,3.6290322580645165,68.54838709677419
E00034431,223,44,27,17,179,19,160,19.730941704035875,12.10762331838565,7.623318385650224,80.26905829596413,8.520179372197308,71.74887892376681
E00034432,338,68,27,41,270,23,247,20.118343195266274,7.988165680473373,12.1301775147929,79.88165680473372,6.8047337278106506,73.07692307692307
E00034433,264,50,16,34,214,24,190,18.939393939393938,6.0606060606060606,12.878787878787879,81.06060606060606,9.090909090909092,71.96969696969697
E00034434,416,54,29,25,362,30,332,12.980769230769232,6.971153846153847,6.009615384615385,87.01923076923077,7.211538461538461,79.8076923076923
E00034435,312,42,15,27,270,26,244,13.461538461538462,4.807692307692308,8.653846153846153,86.53846153846155,8.333333333333332,78.2051282051282
E00034436,307,39,19,20,268,29,239,12.703583061889251,6.188925081433225,6.514657980456026,87.29641693811075,9.446254071661238,77.85016286644951
E00034437,346,101,58,43,245,12,233,29.190751445086704,16.76300578034682,12.427745664739884,70.8092485549133,3.4682080924855487,67.34104046242774
E00034438,220,47,29,18,173,19,154,21.363636363636363,13.18181818181818,8.181818181818182,78.63636363636364,8.636363636363637,70
E00034439,274,42,16,26,232,24,208,15.328467153284672,5.839416058394161,9.48905109489051,84.67153284671532,8.75912408759124,75.91240875912408
E00034440,258,57,31,26,201,19,182,22.093023255813954,12.015503875968992,10.077519379844961,77.90697674418605,7.3643410852713185,70.54263565891473
E00034441,286,51,21,30,235,18,217,17.832167832167833,7.3426573426573425,10.48951048951049,82.16783216783216,6.293706293706294,75.87412587412588
E00034442,346,51,22,29,295,34,261,14.739884393063585,6.358381502890173,8.38150289017341,85.26011560693641,9.826589595375722,75.43352601156069
E00034443,283,54,28,26,229,26,203,19.081272084805654,9.89399293286219,9.187279151943462,80.91872791519434,9.187279151943462,71.73144876325088
E00034444,263,58,27,31,205,16,189,22.0532319391635,10.26615969581749,11.787072243346007,77.9467680608365,6.083650190114068,71.86311787072243
E00034446,425,87,39,48,338,35,303,20.47058823529412,9.176470588235293,11.294117647058824,79.52941176470588,8.235294117647058,71.29411764705881
E00034447,373,38,16,22,335,41,294,10.187667560321715,4.289544235924933,5.898123324396782,89.81233243967829,10.991957104557642,78.82037533512064
E00034448,291,50,20,30,241,14,227,17.18213058419244,6.872852233676976,10.309278350515463,82.81786941580756,4.810996563573884,78.00687285223368
E00034449,188,40,23,17,148,14,134,21.27659574468085,12.23404255319149,9.042553191489363,78.72340425531915,7.446808510638298,71.27659574468085
E00034451,266,74,40,34,192,28,164,27.819548872180448,15.037593984962406,12.781954887218044,72.18045112781954,10.526315789473683,61.65413533834586
E00034453,273,70,30,40,203,25,178,25.64102564102564,10.989010989010989,14.652014652014653,74.35897435897436,9.157509157509157,65.2014652014652
E00034454,258,124,70,54,134,16,118,48.06201550387597,27.131782945736433,20.930232558139537,51.93798449612403,6.2015503875969,45.73643410852713
E00034455,237,31,11,20,206,15,191,13.080168776371309,4.641350210970464,8.438818565400844,86.91983122362869,6.329113924050633,80.59071729957806
E00034456,248,40,20,20,208,33,175,16.129032258064516,8.064516129032258,8.064516129032258,83.87096774193549,13.306451612903224,70.56451612903226
E00034457,234,72,31,41,162,13,149,30.76923076923077,13.247863247863249,17.52136752136752,69.23076923076923,5.555555555555555,63.67521367521367
E00034458,252,38,23,15,214,12,202,15.079365079365079,9.126984126984127,5.952380952380952,84.92063492063492,4.761904761904762,80.15873015873017
E00034459,289,58,31,27,231,23,208,20.069204152249135,10.726643598615917,9.342560553633218,79.93079584775087,7.958477508650519,71.97231833910035
E00034460,214,59,29,30,155,13,142,27.570093457943923,13.551401869158877,14.018691588785046,72.42990654205607,6.074766355140187,66.35514018691589
E00034461,179,56,25,31,123,9,114,31.28491620111732,13.966480446927374,17.318435754189945,68.71508379888269,5.027932960893855,63.687150837988824
E00034462,245,46,22,24,199,19,180,18.775510204081634,8.979591836734693,9.795918367346939,81.22448979591836,7.755102040816326,73.46938775510205
E00034463,253,28,6,22,225,14,211,11.067193675889328,2.371541501976284,8.695652173913043,88.93280632411067,5.533596837944664,83.399209486166
E00034464,249,60,28,32,189,18,171,24.096385542168676,11.244979919678714,12.851405622489958,75.90361445783132,7.228915662650602,68.67469879518072
E00034465,241,48,24,24,193,18,175,19.91701244813278,9.95850622406639,9.95850622406639,80.08298755186722,7.468879668049793,72.61410788381743
E00034466,283,59,25,34,224,16,208,20.848056537102476,8.8339222614841,12.014134275618375,79.15194346289752,5.6537102473498235,73.4982332155477
E00034467,287,39,14,25,248,24,224,13.588850174216027,4.878048780487805,8.710801393728223,86.41114982578398,8.362369337979095,78.04878048780488
E00034468,319,51,21,30,268,34,234,15.987460815047022,6.583072100313479,9.404388714733543,84.01253918495298,10.658307210031348,73.35423197492163
E00034469,269,26,6,20,243,27,216,9.66542750929368,2.2304832713754648,7.434944237918216,90.33457249070632,10.037174721189592,80.29739776951673
E00034470,322,41,12,29,281,30,251,12.732919254658384,3.7267080745341614,9.006211180124224,87.26708074534162,9.316770186335404,77.95031055900621
E00034471,321,42,13,29,279,16,263,13.084112149532709,4.049844236760125,9.034267912772584,86.91588785046729,4.984423676012461,81.93146417445483
E00034472,295,70,31,39,225,13,212,23.728813559322035,10.508474576271185,13.220338983050848,76.27118644067797,4.406779661016949,71.86440677966101
E00034473,301,71,24,47,230,21,209,23.588039867109632,7.973421926910299,15.614617940199334,76.41196013289037,6.976744186046512,69.43521594684385
E00034474,316,82,52,30,234,26,208,25.949367088607595,16.455696202531644,9.49367088607595,74.0506329113924,8.227848101265822,65.82278481012658
E00034475,194,56,26,30,138,13,125,28.865979381443296,13.402061855670103,15.463917525773196,71.1340206185567,6.701030927835052,64.43298969072166
E00034476,255,64,30,34,191,16,175,25.098039215686274,11.76470588235294,13.333333333333334,74.90196078431373,6.2745098039215685,68.62745098039215
E00034477,356,52,20,32,304,29,275,14.606741573033707,5.617977528089887,8.98876404494382,85.39325842696628,8.146067415730338,77.24719101123596
E00034478,289,67,41,26,222,19,203,23.18339100346021,14.186851211072666,8.996539792387544,76.8166089965398,6.5743944636678195,70.24221453287197
E00034479,290,43,18,25,247,29,218,14.827586206896552,6.206896551724138,8.620689655172415,85.17241379310346,10,75.17241379310344
E00034480,179,101,57,44,78,4,74,56.424581005586596,31.843575418994412,24.581005586592177,43.575418994413404,2.2346368715083798,41.340782122905026
E00034481,227,56,29,27,171,14,157,24.669603524229075,12.77533039647577,11.894273127753303,75.33039647577093,6.167400881057269,69.16299559471366
E00034482,154,65,47,18,89,9,80,42.2077922077922,30.519480519480517,11.688311688311687,57.7922077922078,5.844155844155844,51.94805194805194
E00034483,252,66,41,25,186,20,166,26.190476190476193,16.26984126984127,9.920634920634921,73.80952380952381,7.936507936507936,65.87301587301587
E00034484,267,57,33,24,210,19,191,21.34831460674157,12.359550561797752,8.98876404494382,78.65168539325843,7.116104868913857,71.53558052434457
E00034485,285,57,26,31,228,19,209,20,9.12280701754386,10.87719298245614,80,6.666666666666667,73.33333333333333
E00165671,366,88,51,37,278,29,249,24.043715846994534,13.934426229508196,10.10928961748634,75.95628415300546,7.923497267759563,68.0327868852459
E00165713,182,24,12,12,158,15,143,13.186813186813188,6.593406593406594,6.593406593406594,86.81318681318682,8.241758241758241,78.57142857142857
E00165714,141,39,18,21,102,9,93,27.659574468085108,12.76595744680851,14.893617021276595,72.3404255319149,6.382978723404255,65.95744680851064
E00165715,391,106,63,43,285,18,267,27.10997442455243,16.11253196930946,10.997442455242968,72.89002557544757,4.603580562659847,68.28644501278772
E00165716,310,91,45,46,219,12,207,29.354838709677416,14.516129032258066,14.838709677419354,70.64516129032258,3.870967741935484,66.77419354838709
E00165717,140,28,10,18,112,8,104,20,7.142857142857142,12.857142857142856,80,5.714285714285714,74.28571428571429
E00165718,348,84,38,46,264,33,231,24.137931034482758,10.919540229885058,13.218390804597702,75.86206896551724,9.482758620689655,66.37931034482759
E00165719,211,56,23,33,155,19,136,26.540284360189574,10.90047393364929,15.639810426540285,73.45971563981043,9.004739336492891,64.45497630331754
E00165720,298,54,24,30,244,27,217,18.120805369127517,8.053691275167784,10.06711409395973,81.87919463087249,9.060402684563758,72.81879194630872
E00165721,165,23,12,11,142,9,133,13.939393939393941,7.2727272727272725,6.666666666666667,86.06060606060606,5.454545454545454,80.60606060606061
E00165722,359,74,39,35,285,31,254,20.61281337047354,10.86350974930362,9.749303621169917,79.38718662952647,8.635097493036211,70.75208913649024
E00165723,217,33,16,17,184,11,173,15.207373271889402,7.373271889400922,7.834101382488479,84.7926267281106,5.0691244239631335,79.72350230414746
E00165724,346,62,21,41,284,27,257,17.91907514450867,6.069364161849711,11.849710982658959,82.08092485549133,7.803468208092486,74.27745664739885
E00165725,180,36,20,16,144,10,134,20,11.11111111111111,8.88888888888889,80,5.555555555555555,74.44444444444444
E00165726,433,126,76,50,307,32,275,29.099307159353348,17.551963048498845,11.547344110854503,70.90069284064666,7.390300230946882,63.51039260969977
E00165727,159,37,19,18,122,4,118,23.270440251572328,11.949685534591195,11.320754716981133,76.72955974842768,2.515723270440252,74.21383647798741
E00165729,289,58,32,26,231,29,202,20.069204152249135,11.072664359861593,8.996539792387544,79.93079584775087,10.034602076124568,69.8961937716263
E00165730,462,66,25,41,396,38,358,14.285714285714285,5.411255411255411,8.874458874458876,85.71428571428571,8.225108225108226,77.48917748917748
E00165731,215,34,15,19,181,14,167,15.813953488372093,6.976744186046512,8.837209302325581,84.18604651162791,6.511627906976744,77.67441860465117
E00165758,140,28,14,14,112,10,102,20,10,10,80,7.142857142857142,72.85714285714285
E00165759,210,49,23,26,161,13,148,23.333333333333332,10.952380952380953,12.380952380952381,76.66666666666667,6.190476190476191,70.47619047619048
E00165760,248,119,77,42,129,16,113,47.983870967741936,31.048387096774192,16.93548387096774,52.016129032258064,6.451612903225806,45.564516129032256
E00165762,358,70,37,33,288,26,262,19.553072625698324,10.335195530726256,9.217877094972067,80.44692737430168,7.262569832402235,73.18435754189943
E00165763,287,98,68,30,189,0,189,34.146341463414636,23.693379790940767,10.452961672473867,65.85365853658537,0,65.85365853658537
E00176596,332,81,52,29,251,19,232,24.397590361445783,15.66265060240964,8.734939759036145,75.6024096385542,5.72289156626506,69.87951807228916
E00176597,563,153,102,51,410,24,386,27.175843694493786,18.117229129662523,9.058614564831261,72.82415630550622,4.262877442273535,68.56127886323267
E00176598,258,29,16,13,229,13,216,11.24031007751938,6.2015503875969,5.038759689922481,88.75968992248062,5.038759689922481,83.72093023255815
E00176599,208,55,33,22,153,3,150,26.442307692307693,15.865384615384615,10.576923076923077,73.5576923076923,1.4423076923076923,72.11538461538461
E00176600,201,36,16,20,165,15,150,17.91044776119403,7.960199004975125,9.950248756218906,82.08955223880598,7.462686567164178,74.6268656716418
E00176601,480,44,20,24,436,28,408,9.166666666666666,4.166666666666666,5,90.83333333333333,5.833333333333333,85
E00176602,101,19,10,9,82,9,73,18.81188118811881,9.900990099009901,8.91089108910891,81.1881188118812,8.91089108910891,72.27722772277228
E00176603,153,18,3,15,135,11,124,11.76470588235294,1.9607843137254901,9.803921568627452,88.23529411764706,7.18954248366013,81.04575163398692
E00176604,101,11,3,8,90,8,82,10.891089108910892,2.9702970297029703,7.920792079207921,89.10891089108911,7.920792079207921,81.1881188118812
E00176605,157,17,9,8,140,11,129,10.828025477707007,5.7324840764331215,5.095541401273886,89.171974522293,7.006369426751593,82.16560509554141
E00176606,135,7,2,5,128,19,109,5.185185185185185,1.4814814814814816,3.7037037037037033,94.81481481481482,14.074074074074074,80.74074074074075
E00176607,205,17,5,12,188,14,174,8.292682926829269,2.4390243902439024,5.853658536585367,91.70731707317074,6.829268292682928,84.8780487804878
E00176608,147,18,6,12,129,11,118,12.244897959183673,4.081632653061225,8.16326530612245,87.75510204081633,7.482993197278912,80.27210884353741
E00176610,372,114,73,41,258,19,239,30.64516129032258,19.623655913978492,11.021505376344086,69.35483870967742,5.10752688172043,64.24731182795699
E00176611,167,21,8,13,146,11,135,12.574850299401197,4.790419161676647,7.784431137724551,87.42514970059881,6.58682634730539,80.83832335329342
E00176612,375,58,13,45,317,25,292,15.466666666666667,3.4666666666666663,12,84.53333333333333,6.666666666666667,77.86666666666666
E00176613,143,17,6,11,126,12,114,11.888111888111888,4.195804195804196,7.6923076923076925,88.11188811188812,8.391608391608392,79.72027972027972
E00176618,135,53,39,14,82,6,76,39.25925925925926,28.888888888888886,10.37037037037037,60.74074074074074,4.444444444444445,56.2962962962963
E00176620,240,39,10,29,201,24,177,16.25,4.166666666666666,12.083333333333334,83.75,10,73.75
E00176622,125,10,3,7,115,16,99,8,2.4,5.6000000000000005,92,12.8,79.2
E00176624,1153,180,53,127,973,63,910,15.611448395490028,4.5967042497831745,11.014744145706851,84.38855160450997,5.464006938421509,78.92454466608847
E00176627,258,51,27,24,207,11,196,19.767441860465116,10.465116279069768,9.30232558139535,80.23255813953489,4.263565891472868,75.96899224806202
E00176628,293,37,9,28,256,25,231,12.627986348122866,3.0716723549488054,9.556313993174061,87.37201365187714,8.532423208191126,78.839590443686
E00176629,125,14,5,9,111,8,103,11.200000000000001,4,7.199999999999999,88.8,6.4,82.39999999999999
E00176630,290,62,33,29,228,20,208,21.379310344827587,11.379310344827587,10,78.62068965517241,6.896551724137931,71.72413793103448
E00176631,180,50,24,26,130,6,124,27.77777777777778,13.333333333333334,14.444444444444443,72.22222222222221,3.3333333333333335,68.88888888888889
E00176632,230,34,16,18,196,12,184,14.782608695652174,6.956521739130435,7.82608695652174,85.21739130434783,5.217391304347826,80
E00176633,121,26,13,13,95,10,85,21.487603305785125,10.743801652892563,10.743801652892563,78.51239669421489,8.264462809917356,70.24793388429752
E00176635,264,32,6,26,232,13,219,12.121212121212121,2.272727272727273,9.848484848484848,87.87878787878788,4.924242424242424,82.95454545454545
E00176640,357,61,27,34,296,15,281,17.086834733893557,7.563025210084033,9.523809523809524,82.91316526610645,4.201680672268908,78.71148459383754
E00176641,203,40,12,28,163,15,148,19.704433497536947,5.911330049261084,13.793103448275861,80.29556650246306,7.389162561576355,72.9064039408867
E00176642,334,28,6,22,306,30,276,8.383233532934131,1.7964071856287425,6.58682634730539,91.61676646706587,8.982035928143713,82.63473053892216
E00176643,206,23,8,15,183,19,164,11.165048543689322,3.8834951456310676,7.281553398058252,88.83495145631069,9.223300970873787,79.6116504854369
E00176644,151,15,4,11,136,16,120,9.933774834437086,2.6490066225165565,7.28476821192053,90.06622516556291,10.596026490066226,79.47019867549669
E00176646,232,32,10,22,200,19,181,13.793103448275861,4.310344827586207,9.482758620689655,86.20689655172413,8.189655172413794,78.01724137931035
E00176647,277,33,11,22,244,18,226,11.913357400722022,3.9711191335740073,7.9422382671480145,88.08664259927798,6.4981949458483745,81.58844765342961
E00176648,372,74,41,33,298,20,278,19.892473118279568,11.021505376344086,8.870967741935484,80.10752688172043,5.376344086021505,74.73118279569893
E00176649,193,78,53,25,115,7,108,40.41450777202073,27.461139896373055,12.953367875647666,59.58549222797927,3.6269430051813467,55.95854922279793
E00176652,320,37,6,31,283,30,253,11.5625,1.875,9.6875,88.4375,9.375,79.0625
E00176653,386,30,6,24,356,25,331,7.772020725388601,1.5544041450777202,6.217616580310881,92.2279792746114,6.476683937823833,85.75129533678756
E00176654,134,13,1,12,121,12,109,9.701492537313433,0.7462686567164178,8.955223880597014,90.29850746268657,8.955223880597014,81.34328358208955
E00176656,155,25,7,18,130,17,113,16.129032258064516,4.516129032258064,11.612903225806452,83.87096774193549,10.967741935483872,72.90322580645162
E00176657,223,32,6,26,191,18,173,14.349775784753364,2.690582959641256,11.659192825112108,85.65022421524664,8.071748878923767,77.57847533632287
E00176658,196,28,6,22,168,14,154,14.285714285714285,3.061224489795918,11.224489795918368,85.71428571428571,7.142857142857142,78.57142857142857
E00176660,149,16,3,13,133,15,118,10.738255033557047,2.013422818791946,8.724832214765101,89.26174496644296,10.06711409395973,79.19463087248322
E00176661,224,8,0,8,216,10,206,3.571428571428571,0,3.571428571428571,96.42857142857143,4.464285714285714,91.96428571428571
E00176662,255,52,28,24,203,18,185,20.392156862745097,10.980392156862745,9.411764705882353,79.6078431372549,7.0588235294117645,72.54901960784314
E00176663,428,90,28,62,338,21,317,21.02803738317757,6.5420560747663545,14.485981308411214,78.97196261682244,4.906542056074766,74.06542056074767
E00176664,208,54,34,20,154,14,140,25.961538461538463,16.346153846153847,9.615384615384617,74.03846153846155,6.730769230769231,67.3076923076923
E00176666,226,40,12,28,186,13,173,17.699115044247787,5.3097345132743365,12.389380530973451,82.30088495575221,5.752212389380531,76.54867256637168
E00176667,373,94,53,41,279,26,253,25.201072386058982,14.209115281501342,10.991957104557642,74.79892761394102,6.970509383378016,67.828418230563
E00176668,456,94,51,43,362,37,325,20.614035087719298,11.18421052631579,9.429824561403509,79.3859649122807,8.114035087719298,71.27192982456141
E00176669,185,37,18,19,148,9,139,20,9.72972972972973,10.27027027027027,80,4.864864864864865,75.13513513513513
E00176670,259,44,20,24,215,17,198,16.988416988416986,7.722007722007722,9.266409266409266,83.01158301158301,6.563706563706563,76.44787644787645
E00176671,307,88,42,46,219,19,200,28.664495114006517,13.680781758957655,14.983713355048861,71.33550488599349,6.188925081433225,65.14657980456026
E00176672,181,28,8,20,153,11,142,15.469613259668508,4.41988950276243,11.049723756906078,84.5303867403315,6.077348066298343,78.45303867403315
E00176673,210,60,27,33,150,24,126,28.57142857142857,12.857142857142856,15.714285714285714,71.42857142857143,11.428571428571429,60
E00176675,210,32,14,18,178,13,165,15.238095238095239,6.666666666666667,8.571428571428571,84.76190476190476,6.190476190476191,78.57142857142857
E00176676,128,35,18,17,93,14,79,27.34375,14.0625,13.28125,72.65625,10.9375,61.71875
E00176677,301,50,12,38,251,25,226,16.611295681063122,3.9867109634551494,12.624584717607974,83.38870431893687,8.305647840531561,75.08305647840533
E00176678,290,44,22,22,246,24,222,15.172413793103448,7.586206896551724,7.586206896551724,84.82758620689656,8.275862068965518,76.55172413793103
E00176679,237,26,9,17,211,17,194,10.970464135021098,3.79746835443038,7.172995780590717,89.0295358649789,7.172995780590717,81.85654008438819
E00176681,120,9,3,6,111,5,106,7.5,2.5,5,92.5,4.166666666666666,88.33333333333333
E00176682,106,7,2,5,99,10,89,6.60377358490566,1.8867924528301887,4.716981132075472,93.39622641509435,9.433962264150944,83.9622641509434
E00176684,193,18,4,14,175,12,163,9.32642487046632,2.072538860103627,7.253886010362693,90.67357512953367,6.217616580310881,84.4559585492228
E00176685,320,130,60,70,190,15,175,40.625,18.75,21.875,59.375,4.6875,54.6875
E00176686,359,35,10,25,324,26,298,9.749303621169917,2.785515320334262,6.963788300835655,90.25069637883009,7.242339832869081,83.008356545961007
E00176691,361,50,19,31,311,27,284,13.850415512465375,5.263157894736842,8.587257617728532,86.14958448753463,7.479224376731302,78.67036011080333
E00176693,156,20,4,16,136,12,124,12.82051282051282,2.564102564102564,10.256410256410255,87.17948717948718,7.6923076923076925,79.48717948717949
E00176696,448,127,78,49,321,26,295,28.348214285714285,17.410714285714285,10.9375,71.65178571428571,5.803571428571429,65.84821428571429
E00176697,278,73,34,39,205,19,186,26.258992805755394,12.23021582733813,14.028776978417264,73.7410071942446,6.83453237410072,66.90647482014388
E00176698,148,14,5,9,134,6,128,9.45945945945946,3.3783783783783785,6.081081081081082,90.54054054054053,4.054054054054054,86.48648648648648
E00176699,570,77,33,44,493,23,470,13.508771929824562,5.7894736842105265,7.719298245614035,86.49122807017544,4.035087719298246,82.45614035087719
E00176702,278,42,12,30,236,29,207,15.107913669064748,4.316546762589928,10.79136690647482,84.89208633093526,10.431654676258994,74.46043165467626
E00176703,534,34,19,15,500,34,466,6.367041198501873,3.5580524344569286,2.8089887640449436,93.63295880149812,6.367041198501873,87.26591760299625
E00176704,206,55,28,27,151,25,126,26.699029126213592,13.592233009708737,13.106796116504855,73.30097087378641,12.135922330097088,61.165048543689316
E00176705,140,22,10,12,118,8,110,15.714285714285714,7.142857142857142,8.571428571428571,84.28571428571429,5.714285714285714,78.57142857142857
E00176706,314,36,13,23,278,19,259,11.464968152866243,4.140127388535031,7.32484076433121,88.53503184713377,6.050955414012739,82.48407643312102
E00176707,505,95,46,49,410,26,384,18.81188118811881,9.108910891089108,9.702970297029703,81.1881188118812,5.148514851485149,76.03960396039604
E00176708,383,83,39,44,300,14,286,21.671018276762403,10.182767624020887,11.488250652741515,78.3289817232376,3.6553524804177546,74.67362924281984
E00176709,538,69,17,52,469,37,432,12.825278810408921,3.1598513011152414,9.66542750929368,87.17472118959108,6.877323420074349,80.29739776951673
E00176711,340,61,14,47,279,28,251,17.941176470588236,4.117647058823529,13.823529411764707,82.05882352941177,8.235294117647058,73.82352941176471
E00176712,432,44,11,33,388,18,370,10.185185185185185,2.5462962962962963,7.638888888888889,89.81481481481481,4.166666666666666,85.64814814814815
E00176713,343,63,36,27,280,15,265,18.367346938775512,10.495626822157435,7.871720116618077,81.63265306122449,4.373177842565598,77.25947521865889
E00176714,120,39,18,21,81,7,74,32.5,15,17.5,67.5,5.833333333333333,61.66666666666667
E00176715,114,62,38,24,52,4,48,54.385964912280706,33.33333333333333,21.052631578947366,45.614035087719294,3.508771929824561,42.10526315789473
E00176716,143,12,7,5,131,7,124,8.391608391608392,4.895104895104895,3.4965034965034967,91.6083916083916,4.895104895104895,86.7132867132867
E00176717,182,37,25,12,145,3,142,20.32967032967033,13.736263736263737,6.593406593406594,79.67032967032966,1.6483516483516485,78.02197802197803
E00176718,350,55,35,20,295,2,293,15.714285714285714,10,5.714285714285714,84.28571428571429,0.5714285714285714,83.71428571428572
E00176719,149,23,5,18,126,13,113,15.436241610738255,3.3557046979865772,12.080536912751679,84.56375838926175,8.724832214765101,75.83892617449665
E00176720,261,38,19,19,223,27,196,14.559386973180077,7.2796934865900385,7.2796934865900385,85.44061302681992,10.344827586206897,75.09578544061303
E00176721,284,59,40,19,225,23,202,20.774647887323944,14.084507042253522,6.690140845070422,79.22535211267606,8.098591549295776,71.12676056338029
E00176722,503,46,14,32,457,30,427,9.145129224652088,2.783300198807157,6.36182902584493,90.85487077534792,5.964214711729622,84.89065606361828
E00176723,278,42,15,27,236,23,213,15.107913669064748,5.39568345323741,9.712230215827338,84.89208633093526,8.273381294964029,76.61870503597122
E00176724,166,32,20,12,134,6,128,19.27710843373494,12.048192771084338,7.228915662650602,80.72289156626506,3.614457831325301,77.10843373493977
E00176725,289,34,9,25,255,16,239,11.76470588235294,3.1141868512110724,8.650519031141869,88.23529411764706,5.536332179930796,82.69896193771626
E00176726,417,115,67,48,302,17,285,27.577937649880095,16.06714628297362,11.510791366906476,72.42206235011992,4.07673860911271,68.34532374100719
E00176727,357,67,43,24,290,16,274,18.76750700280112,12.044817927170868,6.722689075630252,81.23249299719888,4.481792717086835,76.75070028011206
E00176728,840,397,193,204,443,57,386,47.26190476190476,22.976190476190474,24.285714285714285,52.73809523809524,6.785714285714286,45.95238095238095
E00176729,234,42,20,22,192,14,178,17.94871794871795,8.547008547008547,9.401709401709402,82.05128205128204,5.982905982905983,76.06837606837607
E00176730,130,19,9,10,111,9,102,14.615384615384617,6.923076923076923,7.6923076923076925,85.38461538461539,6.923076923076923,78.46153846153847
E00176731,125,22,10,12,103,7,96,17.599999999999998,8,9.6,82.39999999999999,5.6000000000000005,76.8
E00176732,394,73,29,44,321,17,304,18.527918781725887,7.3604060913705585,11.16751269035533,81.47208121827411,4.314720812182741,77.15736040609137
E00176733,233,47,27,20,186,5,181,20.171673819742487,11.587982832618025,8.583690987124463,79.82832618025752,2.1459227467811157,77.6824034334764
E00176734,153,21,7,14,132,13,119,13.725490196078432,4.57516339869281,9.15032679738562,86.27450980392157,8.49673202614379,77.77777777777779
E00176736,167,21,7,14,146,13,133,12.574850299401197,4.191616766467066,8.383233532934131,87.42514970059881,7.784431137724551,79.64071856287424
E00176737,174,20,2,18,154,15,139,11.494252873563218,1.1494252873563218,10.344827586206897,88.50574712643679,8.620689655172415,79.88505747126436
E00176738,110,33,27,6,77,7,70,30,24.545454545454547,5.454545454545454,70,6.363636363636363,63.63636363636363
E00176739,170,14,1,13,156,17,139,8.235294117647058,0.5882352941176471,7.647058823529412,91.76470588235294,10,81.76470588235294
E00176740,417,46,16,30,371,20,351,11.031175059952037,3.8369304556354913,7.1942446043165464,88.96882494004797,4.796163069544365,84.17266187050359
E00176741,253,85,60,25,168,10,158,33.59683794466403,23.715415019762844,9.881422924901186,66.40316205533597,3.9525691699604746,62.450592885375485
E00176742,202,25,12,13,177,16,161,12.376237623762377,5.9405940594059405,6.435643564356436,87.62376237623762,7.920792079207921,79.70297029702971
E00176743,469,57,23,34,412,31,381,12.153518123667377,4.904051172707889,7.249466950959488,87.84648187633263,6.609808102345416,81.2366737739872
E00176744,334,63,15,48,271,18,253,18.862275449101794,4.491017964071856,14.37125748502994,81.1377245508982,5.389221556886228,75.74850299401199
E00176745,391,51,23,28,340,19,321,13.043478260869565,5.88235294117647,7.161125319693094,86.95652173913044,4.859335038363171,82.09718670076727
E00176748,322,42,6,36,280,25,255,13.043478260869565,1.8633540372670807,11.180124223602485,86.95652173913044,7.763975155279502,79.19254658385093
E00176749,236,21,3,18,215,18,197,8.898305084745763,1.2711864406779663,7.627118644067797,91.10169491525424,7.627118644067797,83.47457627118644
E00176750,257,54,27,27,203,9,194,21.011673151750973,10.505836575875486,10.505836575875486,78.98832684824903,3.501945525291829,75.4863813229572
E00176751,237,44,25,19,193,11,182,18.565400843881857,10.548523206751055,8.016877637130802,81.43459915611815,4.641350210970464,76.79324894514767
E00176752,558,125,56,69,433,27,406,22.401433691756274,10.03584229390681,12.365591397849462,77.59856630824373,4.838709677419355,72.75985663082437
E00176753,266,48,22,26,218,4,214,18.045112781954884,8.270676691729323,9.774436090225564,81.95488721804512,1.5037593984962405,80.45112781954887
E00176754,270,85,45,40,185,15,170,31.48148148148148,16.666666666666664,14.814814814814813,68.51851851851852,5.555555555555555,62.96296296296296
E00176755,301,82,51,31,219,15,204,27.242524916943523,16.943521594684384,10.299003322259136,72.75747508305648,4.983388704318937,67.77408637873754
E00176756,268,21,3,18,247,21,226,7.835820895522389,1.1194029850746268,6.7164179104477615,92.16417910447761,7.835820895522389,84.32835820895522
E00176757,193,31,18,13,162,11,151,16.06217616580311,9.32642487046632,6.7357512953367875,83.93782383419689,5.699481865284974,78.23834196891191
E00176758,556,76,24,52,480,50,430,13.66906474820144,4.316546762589928,9.352517985611511,86.33093525179856,8.992805755395683,77.33812949640287
E00176759,268,54,25,29,214,10,204,20.149253731343283,9.328358208955224,10.820895522388058,79.8507462686567,3.731343283582089,76.11940298507463
E00176760,209,58,30,28,151,8,143,27.751196172248804,14.354066985645932,13.397129186602871,72.24880382775119,3.827751196172249,68.42105263157895
E00176761,243,47,27,20,196,14,182,19.34156378600823,11.11111111111111,8.23045267489712,80.65843621399176,5.761316872427984,74.8971193415638
E00176762,222,68,27,41,154,5,149,30.630630630630627,12.162162162162163,18.46846846846847,69.36936936936937,2.2522522522522523,67.11711711711712
E00176765,234,38,16,22,196,16,180,16.23931623931624,6.837606837606838,9.401709401709402,83.76068376068376,6.837606837606838,76.92307692307693
E00176766,167,14,2,12,153,15,138,8.383233532934131,1.1976047904191618,7.18562874251497,91.61676646706587,8.982035928143713,82.63473053892216
E00176768,520,257,197,60,263,21,242,49.42307692307693,37.88461538461539,11.538461538461538,50.57692307692307,4.038461538461538,46.53846153846154
E00176769,166,26,5,21,140,12,128,15.66265060240964,3.0120481927710845,12.650602409638553,84.33734939759037,7.228915662650602,77.10843373493977
E00176770,141,24,10,14,117,9,108,17.02127659574468,7.092198581560284,9.929078014184398,82.97872340425532,6.382978723404255,76.59574468085107
E00176771,476,85,17,68,391,35,356,17.857142857142858,3.571428571428571,14.285714285714285,82.14285714285714,7.352941176470589,74.78991596638656
E00176772,260,36,13,23,224,24,200,13.846153846153847,5,8.846153846153847,86.15384615384616,9.230769230769232,76.92307692307693
E00176773,169,16,9,7,153,10,143,9.467455621301776,5.325443786982249,4.142011834319527,90.53254437869822,5.9171597633136095,84.61538461538461
E00182926,520,56,12,44,464,49,415,10.76923076923077,2.307692307692308,8.461538461538462,89.23076923076924,9.423076923076923,79.8076923076923
E00182928,1371,193,44,149,1178,110,1068,14.077315827862874,3.209336250911744,10.86797957695113,85.92268417213714,8.023340627279358,77.89934354485777
E00182929,499,66,32,34,433,27,406,13.226452905811623,6.4128256513026045,6.813627254509018,86.77354709418837,5.410821643286573,81.3627254509018
E00182930,411,99,61,38,312,27,285,24.087591240875913,14.841849148418493,9.245742092457421,75.91240875912408,6.569343065693431,69.34306569343066
E00182931,199,75,52,23,124,14,110,37.68844221105528,26.13065326633166,11.557788944723619,62.311557788944725,7.035175879396985,55.27638190954774
E00182932,370,97,50,47,273,8,265,26.216216216216214,13.513513513513514,12.702702702702704,73.78378378378379,2.1621621621621623,71.62162162162163
E00182933,907,127,40,87,780,42,738,14.002205071664827,4.410143329658213,9.592061742006615,85.99779492833517,4.630650496141125,81.36714443219405
E00182934,1298,122,18,104,1176,96,1080,9.399075500770417,1.386748844375963,8.012326656394453,90.60092449922959,7.395993836671804,83.20493066255779
E00182935,284,21,1,20,263,25,238,7.394366197183098,0.35211267605633806,7.042253521126761,92.6056338028169,8.80281690140845,83.80281690140845
E00182936,367,45,16,29,322,43,279,12.26158038147139,4.35967302452316,7.901907356948229,87.73841961852861,11.716621253405995,76.02179836512262
E00182937,469,73,13,60,396,52,344,15.56503198294243,2.771855010660981,12.79317697228145,84.43496801705757,11.087420042643924,73.34754797441366
E00182938,1938,207,43,164,1731,84,1647,10.68111455108359,2.2187822497420022,8.46233230134159,89.3188854489164,4.3343653250774,84.98452012383902
E00182939,312,41,16,25,271,15,256,13.141025641025642,5.128205128205128,8.012820512820513,86.85897435897436,4.807692307692308,82.05128205128204
E00182940,305,19,4,15,286,18,268,6.229508196721312,1.3114754098360655,4.918032786885246,93.77049180327869,5.901639344262295,87.8688524590164
E00182941,119,12,6,6,107,21,86,10.084033613445378,5.042016806722689,5.042016806722689,89.91596638655463,17.647058823529413,72.26890756302521
E00182942,289,31,7,24,258,18,240,10.726643598615917,2.422145328719723,8.304498269896193,89.27335640138409,6.228373702422145,83.04498269896193
E00182943,138,35,21,14,103,2,101,25.36231884057971,15.217391304347828,10.144927536231885,74.63768115942028,1.4492753623188406,73.18840579710145
E00182944,264,25,9,16,239,17,222,9.469696969696969,3.4090909090909087,6.0606060606060606,90.53030303030303,6.4393939393939394,84.0909090909091
E00182945,365,52,8,44,313,31,282,14.246575342465754,2.191780821917808,12.054794520547945,85.75342465753425,8.493150684931507,77.26027397260275
E00182946,518,107,59,48,411,15,396,20.656370656370658,11.389961389961389,9.266409266409266,79.34362934362935,2.8957528957528957,76.44787644787645
E00182947,541,68,28,40,473,27,446,12.56931608133087,5.175600739371535,7.393715341959335,87.43068391866913,4.990757855822551,82.43992606284658
E00182948,139,45,29,16,94,1,93,32.37410071942446,20.863309352517987,11.510791366906476,67.62589928057554,0.7194244604316548,66.90647482014388
E00182949,174,19,4,15,155,8,147,10.919540229885058,2.2988505747126435,8.620689655172415,89.08045977011494,4.597701149425287,84.48275862068965
E00182950,358,60,30,30,298,27,271,16.75977653631285,8.379888268156424,8.379888268156424,83.24022346368714,7.5418994413407825,75.69832402234637
E00182951,472,48,17,31,424,33,391,10.16949152542373,3.6016949152542375,6.567796610169492,89.83050847457628,6.991525423728813,82.83898305084746
E00182952,204,26,7,19,178,10,168,12.745098039215685,3.431372549019608,9.313725490196079,87.25490196078431,4.901960784313726,82.35294117647058
E00182953,136,7,4,3,129,15,114,5.147058823529411,2.941176470588235,2.2058823529411766,94.85294117647058,11.029411764705882,83.82352941176471
E00182954,202,32,17,15,170,6,164,15.841584158415841,8.415841584158416,7.425742574257425,84.15841584158416,2.9702970297029703,81.1881188118812
E00182955,212,19,4,15,193,16,177,8.962264150943396,1.8867924528301887,7.0754716981132075,91.0377358490566,7.547169811320755,83.49056603773585
E00182956,254,50,26,24,204,18,186,19.68503937007874,10.236220472440944,9.448818897637794,80.31496062992126,7.086614173228346,73.22834645669292
E00182957,103,28,17,11,75,0,75,27.184466019417474,16.50485436893204,10.679611650485436,72.81553398058253,0,72.81553398058253
E00182958,237,28,7,21,209,15,194,11.814345991561181,2.9535864978902953,8.860759493670885,88.18565400843882,6.329113924050633,81.85654008438819
E00182959,451,67,33,34,384,30,354,14.855875831485587,7.317073170731707,7.5388026607538805,85.14412416851441,6.651884700665188,78.49223946784922
E00182960,184,25,13,12,159,21,138,13.586956521739129,7.065217391304348,6.521739130434782,86.41304347826086,11.41304347826087,75
E00182961,232,27,11,16,205,11,194,11.637931034482758,4.741379310344827,6.896551724137931,88.36206896551724,4.741379310344827,83.62068965517241
E00182962,1808,274,35,239,1534,129,1405,15.15486725663717,1.9358407079646016,13.219026548672566,84.84513274336283,7.134955752212389,77.71017699115043
E00182963,171,26,16,10,145,23,122,15.204678362573098,9.35672514619883,5.847953216374268,84.7953216374269,13.450292397660817,71.34502923976608
E00182964,314,34,16,18,280,21,259,10.828025477707007,5.095541401273886,5.7324840764331215,89.171974522293,6.687898089171974,82.48407643312102
E00182965,461,77,42,35,384,14,370,16.702819956616054,9.11062906724512,7.592190889370933,83.29718004338395,3.036876355748373,80.26030368763557
E00182966,117,39,20,19,78,7,71,33.33333333333333,17.094017094017094,16.23931623931624,66.66666666666666,5.982905982905983,60.68376068376068
E00182967,235,73,32,41,162,21,141,31.06382978723404,13.617021276595745,17.4468085106383,68.93617021276596,8.936170212765958,60
E00182968,286,38,7,31,248,25,223,13.286713286713287,2.4475524475524475,10.839160839160838,86.7132867132867,8.741258741258742,77.97202797202797
E00182969,294,30,11,19,264,18,246,10.204081632653061,3.741496598639456,6.462585034013606,89.79591836734694,6.122448979591836,83.6734693877551
E00182970,285,26,3,23,259,20,239,9.12280701754386,1.0526315789473684,8.070175438596491,90.87719298245615,7.017543859649122,83.85964912280703
E00182971,514,49,4,45,465,35,430,9.53307392996109,0.7782101167315175,8.754863813229571,90.46692607003891,6.809338521400778,83.65758754863813
E00182972,325,56,28,28,269,15,254,17.23076923076923,8.615384615384615,8.615384615384615,82.76923076923077,4.615384615384616,78.15384615384615
E00182973,774,265,133,132,509,65,444,34.23772609819121,17.183462532299743,17.05426356589147,65.76227390180878,8.397932816537468,57.36434108527132
E00182974,154,69,36,33,85,6,79,44.8051948051948,23.376623376623375,21.428571428571427,55.1948051948052,3.896103896103896,51.298701298701296
E00182975,326,73,31,42,253,10,243,22.392638036809817,9.509202453987731,12.883435582822086,77.60736196319019,3.067484662576687,74.5398773006135
E00182976,262,53,37,16,209,7,202,20.229007633587788,14.122137404580155,6.106870229007633,79.77099236641222,2.6717557251908395,77.09923664122137
E00182977,281,109,69,40,172,18,154,38.79003558718861,24.555160142348754,14.23487544483986,61.20996441281139,6.405693950177936,54.804270462633454
E00182978,314,32,12,20,282,21,261,10.191082802547772,3.821656050955414,6.369426751592357,89.80891719745223,6.687898089171974,83.12101910828027
E00182979,387,33,10,23,354,30,324,8.527131782945736,2.5839793281653747,5.943152454780361,91.47286821705426,7.751937984496124,83.72093023255815
E00182980,289,68,38,30,221,13,208,23.52941176470588,13.148788927335639,10.380622837370241,76.47058823529412,4.498269896193772,71.97231833910035
E00182981,544,67,19,48,477,48,429,12.316176470588236,3.4926470588235294,8.823529411764707,87.68382352941177,8.823529411764707,78.86029411764706
E00182982,525,30,7,23,495,38,457,5.714285714285714,1.3333333333333335,4.380952380952381,94.28571428571428,7.238095238095238,87.04761904761905
E00182983,169,15,8,7,154,7,147,8.875739644970414,4.733727810650888,4.142011834319527,91.12426035502959,4.142011834319527,86.98224852071006
E00182984,466,80,16,64,386,38,348,17.167381974248926,3.4334763948497855,13.733905579399142,82.83261802575107,8.15450643776824,74.67811158798283
E00182985,385,111,63,48,274,26,248,28.83116883116883,16.363636363636363,12.467532467532468,71.16883116883118,6.753246753246753,64.41558441558442
E00182986,559,152,99,53,407,11,396,27.191413237924866,17.71019677996422,9.481216457960643,72.80858676207514,1.9677996422182469,70.84078711985688
E00182987,119,22,6,16,97,6,91,18.487394957983195,5.042016806722689,13.445378151260504,81.5126050420168,5.042016806722689,76.47058823529412
E00182988,197,30,15,15,167,8,159,15.228426395939088,7.614213197969544,7.614213197969544,84.77157360406092,4.060913705583756,80.71065989847716
E00182989,368,91,42,49,277,12,265,24.728260869565215,11.41304347826087,13.31521739130435,75.27173913043478,3.260869565217391,72.01086956521739
E00182990,167,29,15,14,138,11,127,17.365269461077844,8.982035928143713,8.383233532934131,82.63473053892216,6.58682634730539,76.04790419161677
E00182991,104,11,2,9,93,4,89,10.576923076923077,1.9230769230769231,8.653846153846153,89.42307692307693,3.8461538461538463,85.57692307692307
E00182992,146,51,25,26,95,8,87,34.93150684931507,17.123287671232877,17.80821917808219,65.06849315068493,5.47945205479452,59.589041095890416
E00182993,379,38,20,18,341,14,327,10.026385224274406,5.277044854881266,4.749340369393139,89.9736147757256,3.6939313984168867,86.2796833773087
E00182994,211,19,1,18,192,19,173,9.004739336492891,0.47393364928909953,8.530805687203792,90.99526066350711,9.004739336492891,81.99052132701422
E00182995,217,44,30,14,173,13,160,20.276497695852534,13.82488479262673,6.451612903225806,79.72350230414746,5.990783410138248,73.73271889400922
E00182996,356,71,28,43,285,18,267,19.9438202247191,7.865168539325842,12.07865168539326,80.0561797752809,5.056179775280898,75
E00182997,259,39,8,31,220,16,204,15.057915057915059,3.088803088803089,11.96911196911197,84.94208494208493,6.177606177606178,78.76447876447877
E00182998,660,57,12,45,603,39,564,8.636363636363637,1.8181818181818181,6.8181818181818175,91.36363636363637,5.909090909090909,85.45454545454545
E00182999,533,84,49,35,449,20,429,15.75984990619137,9.193245778611631,6.566604127579738,84.24015009380864,3.75234521575985,80.48780487804879
E00183000,200,24,6,18,176,16,160,12,3,9,88,8,80
E00183001,266,45,29,16,221,15,206,16.917293233082706,10.902255639097744,6.015037593984962,83.0827067669173,5.639097744360902,77.44360902255639
E00183002,224,48,24,24,176,6,170,21.428571428571427,10.714285714285714,10.714285714285714,78.57142857142857,2.6785714285714284,75.89285714285714
E00183003,286,86,58,28,200,10,190,30.069930069930066,20.27972027972028,9.79020979020979,69.93006993006993,3.4965034965034967,66.43356643356644
E00183004,286,47,5,42,239,17,222,16.433566433566433,1.7482517482517483,14.685314685314685,83.56643356643356,5.944055944055944,77.62237762237763
E00183005,173,27,11,16,146,16,130,15.606936416184972,6.358381502890173,9.248554913294797,84.39306358381504,9.248554913294797,75.14450867052022
E00183006,133,42,20,22,91,10,81,31.57894736842105,15.037593984962406,16.541353383458645,68.42105263157895,7.518796992481203,60.902255639097746
E00183007,131,23,14,9,108,4,104,17.557251908396946,10.687022900763358,6.870229007633588,82.44274809160305,3.0534351145038165,79.38931297709924
E00183008,453,62,31,31,391,26,365,13.686534216335541,6.843267108167771,6.843267108167771,86.313465783664455,5.739514348785872,80.5739514348786
E00183009,327,22,5,17,305,15,290,6.727828746177369,1.529051987767584,5.198776758409786,93.27217125382263,4.587155963302752,88.68501529051987
E00183010,262,32,9,23,230,15,215,12.213740458015266,3.435114503816794,8.778625954198473,87.78625954198473,5.7251908396946565,82.06106870229007
E00183011,156,78,51,27,78,4,74,50,32.69230769230769,17.307692307692307,50,2.564102564102564,47.43589743589743
E00183012,385,104,67,37,281,14,267,27.01298701298701,17.402597402597404,9.61038961038961,72.98701298701299,3.6363636363636362,69.35064935064935
E00183013,694,58,5,53,636,38,598,8.357348703170029,0.7204610951008645,7.636887608069164,91.64265129682997,5.475504322766571,86.1671469740634
E00183014,295,79,44,35,216,17,199,26.779661016949152,14.915254237288137,11.864406779661017,73.22033898305085,5.762711864406779,67.45762711864407
E00183015,619,54,18,36,565,27,538,8.723747980613894,2.9079159935379644,5.815831987075929,91.2762520193861,4.361873990306947,86.91437802907916
E00183016,206,29,19,10,177,19,158,14.077669902912621,9.223300970873787,4.854368932038835,85.92233009708737,9.223300970873787,76.69902912621359
E00183017,133,39,24,15,94,5,89,29.32330827067669,18.045112781954884,11.278195488721805,70.67669172932331,3.7593984962406015,66.9172932330827
E00183018,365,38,7,31,327,29,298,10.41095890410959,1.9178082191780823,8.493150684931507,89.58904109589041,7.9452054794520555,81.64383561643835
E00183019,359,105,28,77,254,15,239,29.247910863509752,7.7994428969359335,21.448467966573816,70.75208913649024,4.178272980501393,66.57381615598887
E00183020,591,98,41,57,493,36,457,16.58206429780034,6.937394247038917,9.644670050761421,83.41793570219966,6.091370558375635,77.32656514382403
E00183021,508,39,13,26,469,31,438,7.677165354330709,2.559055118110236,5.118110236220472,92.32283464566929,6.102362204724409,86.22047244094489
E00183022,151,22,4,18,129,12,117,14.56953642384106,2.6490066225165565,11.920529801324504,85.43046357615894,7.9470198675496695,77.48344370860927
E00183023,183,10,3,7,173,6,167,5.46448087431694,1.639344262295082,3.825136612021858,94.53551912568307,3.278688524590164,91.2568306010929
E00183024,531,63,14,49,468,36,432,11.864406779661017,2.6365348399246704,9.227871939736348,88.13559322033898,6.779661016949152,81.35593220338984
E00183025,152,31,14,17,121,5,116,20.394736842105264,9.210526315789473,11.18421052631579,79.60526315789474,3.289473684210526,76.31578947368422
E00183026,328,68,33,35,260,14,246,20.73170731707317,10.060975609756099,10.670731707317072,79.26829268292683,4.2682926829268295,75
E00183027,228,93,62,31,135,11,124,40.78947368421053,27.192982456140353,13.596491228070176,59.210526315789465,4.824561403508771,54.385964912280706
E00183028,230,36,17,19,194,13,181,15.65217391304348,7.391304347826087,8.26086956521739,84.34782608695653,5.6521739130434785,78.69565217391305
E00183029,599,69,25,44,530,28,502,11.519198664440735,4.173622704507513,7.345575959933222,88.48080133555926,4.674457429048414,83.80634390651085
E00183030,378,123,83,40,255,18,237,32.53968253968254,21.957671957671955,10.582010582010582,67.46031746031747,4.761904761904762,62.698412698412696
E00183031,246,31,5,26,215,39,176,12.601626016260163,2.0325203252032518,10.569105691056912,87.39837398373984,15.853658536585366,71.54471544715447
E00183032,1345,174,38,136,1171,109,1062,12.936802973977695,2.825278810408922,10.111524163568774,87.06319702602231,8.104089219330856,78.95910780669145
