OA,ts0590001,ts0590002,ts0590003,ts0590004,ts0590005,ts0590006,ts0590007,ts0590002_PCT,ts0590003_PCT,ts0590004_PCT,ts0590005_PCT,ts0590006_PCT,ts0590007_PCT
E00032987,93,33,7,26,60,55,5,35.483870967741936,7.526881720430108,27.956989247311824,64.51612903225806,59.13978494623656,5.376344086021505
E00032988,127,33,16,17,94,84,10,25.984251968503933,12.598425196850393,13.385826771653544,74.01574803149606,66.14173228346458,7.874015748031496
E00032989,188,60,37,23,128,106,22,31.914893617021278,19.680851063829788,12.23404255319149,68.08510638297872,56.38297872340425,11.702127659574469
E00032990,157,45,14,31,112,94,18,28.662420382165603,8.9171974522293,19.745222929936308,71.3375796178344,59.87261146496815,11.464968152866243
E00032991,156,47,15,32,109,99,10,30.128205128205128,9.615384615384617,20.51282051282051,69.87179487179486,63.46153846153846,6.41025641025641
E00032992,95,40,11,29,55,51,4,42.10526315789473,11.578947368421053,30.526315789473685,57.89473684210527,53.68421052631579,4.2105263157894735
E00032993,180,58,27,31,122,103,19,32.22222222222222,15,17.22222222222222,67.77777777777779,57.22222222222222,10.555555555555555
E00032994,34,23,6,17,11,11,0,67.64705882352942,17.647058823529413,50,32.35294117647059,32.35294117647059,0
E00032995,96,22,3,19,74,70,4,22.916666666666664,3.125,19.791666666666664,77.08333333333334,72.91666666666666,4.166666666666666
E00032996,103,43,7,36,60,54,6,41.74757281553398,6.796116504854369,34.95145631067961,58.252427184466015,52.42718446601942,5.825242718446602
E00032997,87,28,8,20,59,52,7,32.18390804597701,9.195402298850574,22.988505747126435,67.81609195402298,59.77011494252874,8.045977011494253
E00032998,189,61,19,42,128,116,12,32.27513227513227,10.052910052910052,22.22222222222222,67.72486772486772,61.37566137566137,6.349206349206349
E00032999,160,53,19,34,107,91,16,33.125,11.875,21.25,66.875,56.875,10
E00033000,48,20,9,11,28,21,7,41.66666666666667,18.75,22.916666666666664,58.333333333333336,43.75,14.583333333333334
E00033002,113,38,14,24,75,70,5,33.6283185840708,12.389380530973451,21.238938053097346,66.3716814159292,61.94690265486725,4.424778761061947
E00033004,223,45,22,23,178,147,31,20.179372197309416,9.865470852017937,10.31390134529148,79.82062780269058,65.91928251121077,13.901345291479823
E00033005,129,62,16,46,67,63,4,48.06201550387597,12.4031007751938,35.65891472868217,51.93798449612403,48.837209302325576,3.10077519379845
E00033006,125,41,16,25,84,78,6,32.800000000000004,12.8,20,67.2,62.4,4.8
E00033007,52,16,2,14,36,33,3,30.76923076923077,3.8461538461538463,26.923076923076923,69.23076923076923,63.46153846153846,5.769230769230769
E00033008,85,47,10,37,38,37,1,55.294117647058826,11.76470588235294,43.529411764705884,44.70588235294118,43.529411764705884,1.1764705882352942
E00033012,59,13,5,8,46,30,16,22.033898305084744,8.47457627118644,13.559322033898304,77.96610169491525,50.847457627118644,27.11864406779661
E00033015,84,27,11,16,57,51,6,32.142857142857146,13.095238095238097,19.047619047619047,67.85714285714286,60.71428571428571,7.142857142857142
E00033016,141,61,33,28,80,67,13,43.262411347517734,23.404255319148938,19.858156028368796,56.73758865248227,47.5177304964539,9.219858156028367
E00033020,90,28,13,15,62,54,8,31.11111111111111,14.444444444444443,16.666666666666664,68.88888888888889,60,8.88888888888889
E00033021,116,38,9,29,78,66,12,32.758620689655174,7.758620689655173,25,67.24137931034483,56.896551724137936,10.344827586206897
E00033023,165,94,68,26,71,56,15,56.96969696969697,41.21212121212121,15.757575757575756,43.03030303030303,33.939393939393945,9.090909090909092
E00033025,142,36,8,28,106,99,7,25.352112676056336,5.633802816901409,19.718309859154928,74.64788732394366,69.71830985915493,4.929577464788732
E00033026,119,33,7,26,86,74,12,27.73109243697479,5.88235294117647,21.84873949579832,72.26890756302521,62.18487394957983,10.084033613445378
E00033027,175,36,15,21,139,116,23,20.57142857142857,8.571428571428571,12,79.42857142857143,66.28571428571428,13.142857142857142
E00033029,128,29,11,18,99,80,19,22.65625,8.59375,14.0625,77.34375,62.5,14.84375
E00033030,119,34,12,22,85,66,19,28.57142857142857,10.084033613445378,18.487394957983195,71.42857142857143,55.46218487394958,15.966386554621847
E00033031,158,47,10,37,111,98,13,29.746835443037973,6.329113924050633,23.417721518987342,70.25316455696202,62.0253164556962,8.227848101265822
E00033032,247,52,27,25,195,181,14,21.052631578947366,10.931174089068826,10.121457489878543,78.94736842105263,73.27935222672065,5.668016194331984
E00033033,217,44,14,30,173,150,23,20.276497695852534,6.451612903225806,13.82488479262673,79.72350230414746,69.12442396313364,10.599078341013826
E00033034,206,41,10,31,165,141,24,19.902912621359224,4.854368932038835,15.048543689320388,80.09708737864078,68.44660194174757,11.650485436893204
E00033035,149,33,10,23,116,99,17,22.14765100671141,6.7114093959731544,15.436241610738255,77.85234899328859,66.44295302013423,11.409395973154362
E00033036,131,30,16,14,101,87,14,22.900763358778626,12.213740458015266,10.687022900763358,77.09923664122137,66.41221374045801,10.687022900763358
E00033037,130,35,11,24,95,78,17,26.923076923076923,8.461538461538462,18.461538461538463,73.07692307692307,60,13.076923076923078
E00033038,124,27,14,13,97,85,12,21.774193548387096,11.29032258064516,10.483870967741936,78.2258064516129,68.54838709677419,9.67741935483871
E00033040,132,40,13,27,92,78,14,30.303030303030305,9.848484848484848,20.454545454545457,69.6969696969697,59.09090909090909,10.606060606060606
E00033041,143,35,6,29,108,102,6,24.475524475524477,4.195804195804196,20.27972027972028,75.52447552447552,71.32867132867133,4.195804195804196
E00033042,102,22,7,15,80,70,10,21.568627450980394,6.862745098039216,14.705882352941178,78.43137254901961,68.62745098039215,9.803921568627452
E00033043,114,34,14,20,80,72,8,29.82456140350877,12.280701754385964,17.543859649122805,70.17543859649122,63.1578947368421,7.017543859649122
E00033044,108,29,9,20,79,64,15,26.851851851851855,8.333333333333332,18.51851851851852,73.14814814814815,59.25925925925925,13.88888888888889
E00033045,58,21,7,14,37,35,2,36.206896551724135,12.068965517241379,24.137931034482758,63.793103448275865,60.3448275862069,3.4482758620689653
E00033046,35,12,6,6,23,20,3,34.285714285714285,17.142857142857142,17.142857142857142,65.71428571428571,57.14285714285714,8.571428571428571
E00033047,134,31,8,23,103,84,19,23.134328358208954,5.970149253731343,17.16417910447761,76.86567164179104,62.68656716417911,14.17910447761194
E00033048,130,45,18,27,85,77,8,34.61538461538461,13.846153846153847,20.76923076923077,65.38461538461539,59.23076923076923,6.153846153846154
E00033049,219,44,19,25,175,162,13,20.091324200913242,8.67579908675799,11.415525114155251,79.90867579908677,73.97260273972603,5.93607305936073
E00033050,103,27,8,19,76,69,7,26.21359223300971,7.766990291262135,18.446601941747574,73.7864077669903,66.99029126213593,6.796116504854369
E00033051,149,36,15,21,113,99,14,24.161073825503358,10.06711409395973,14.093959731543624,75.83892617449665,66.44295302013423,9.395973154362416
E00033052,181,48,14,34,133,115,18,26.519337016574585,7.734806629834254,18.784530386740332,73.48066298342542,63.53591160220995,9.94475138121547
E00033053,171,41,11,30,130,117,13,23.976608187134502,6.432748538011696,17.543859649122805,76.0233918128655,68.42105263157895,7.602339181286549
E00033054,61,26,10,16,35,28,7,42.62295081967213,16.39344262295082,26.229508196721312,57.377049180327866,45.90163934426229,11.475409836065573
E00033055,115,24,7,17,91,74,17,20.869565217391305,6.086956521739131,14.782608695652174,79.13043478260869,64.34782608695652,14.782608695652174
E00033056,160,41,9,32,119,98,21,25.624999999999996,5.625,20,74.375,61.25000000000001,13.125
E00033057,167,42,15,27,125,115,10,25.149700598802394,8.982035928143713,16.16766467065868,74.8502994011976,68.8622754491018,5.9880239520958085
E00033059,115,45,15,30,70,62,8,39.130434782608695,13.043478260869565,26.08695652173913,60.86956521739131,53.91304347826087,6.956521739130435
E00033060,85,24,9,15,61,49,12,28.235294117647058,10.588235294117647,17.647058823529413,71.76470588235294,57.647058823529406,14.117647058823529
E00033061,97,27,9,18,70,58,12,27.835051546391753,9.278350515463918,18.556701030927837,72.16494845360825,59.79381443298969,12.371134020618557
E00033062,124,39,11,28,85,74,11,31.451612903225808,8.870967741935484,22.58064516129032,68.54838709677419,59.67741935483871,8.870967741935484
E00033063,118,40,15,25,78,62,16,33.89830508474576,12.711864406779661,21.1864406779661,66.10169491525424,52.54237288135594,13.559322033898304
E00033064,124,33,8,25,91,74,17,26.61290322580645,6.451612903225806,20.161290322580644,73.38709677419355,59.67741935483871,13.709677419354838
E00033065,164,47,13,34,117,102,15,28.65853658536585,7.926829268292683,20.73170731707317,71.34146341463415,62.19512195121951,9.146341463414634
E00033066,193,42,9,33,151,128,23,21.761658031088082,4.66321243523316,17.098445595854923,78.23834196891191,66.32124352331607,11.917098445595855
E00033067,155,30,8,22,125,110,15,19.35483870967742,5.161290322580645,14.193548387096774,80.64516129032258,70.96774193548387,9.67741935483871
E00033068,199,43,18,25,156,131,25,21.608040201005025,9.045226130653267,12.562814070351758,78.39195979899498,65.82914572864321,12.562814070351758
E00033069,139,37,10,27,102,90,12,26.618705035971225,7.1942446043165464,19.424460431654676,73.38129496402878,64.74820143884892,8.633093525179856
E00033070,146,32,15,17,114,106,8,21.91780821917808,10.273972602739725,11.643835616438356,78.08219178082192,72.6027397260274,5.47945205479452
E00033071,187,43,21,22,144,128,16,22.994652406417114,11.229946524064172,11.76470588235294,77.00534759358288,68.44919786096256,8.55614973262032
E00033072,209,40,16,24,169,144,25,19.138755980861244,7.655502392344498,11.483253588516746,80.86124401913875,68.89952153110048,11.961722488038278
E00033073,136,26,9,17,110,95,15,19.11764705882353,6.61764705882353,12.5,80.88235294117648,69.85294117647058,11.029411764705882
E00033074,108,38,15,23,70,65,5,35.18518518518518,13.88888888888889,21.296296296296298,64.81481481481481,60.18518518518518,4.62962962962963
E00033075,51,14,7,7,37,29,8,27.450980392156865,13.725490196078432,13.725490196078432,72.54901960784314,56.86274509803921,15.686274509803921
E00033076,196,50,18,32,146,126,20,25.510204081632654,9.183673469387756,16.3265306122449,74.48979591836735,64.28571428571429,10.204081632653061
E00033077,148,43,12,31,105,94,11,29.054054054054053,8.108108108108109,20.945945945945947,70.94594594594594,63.51351351351351,7.4324324324324325
E00033078,131,24,5,19,107,88,19,18.3206106870229,3.816793893129771,14.50381679389313,81.67938931297711,67.17557251908397,14.50381679389313
E00033079,105,29,10,19,76,68,8,27.61904761904762,9.523809523809524,18.095238095238095,72.38095238095238,64.76190476190476,7.6190476190476195
E00033080,77,27,11,16,50,48,2,35.064935064935064,14.285714285714285,20.77922077922078,64.93506493506493,62.33766233766234,2.5974025974025974
E00033081,168,43,13,30,125,111,14,25.595238095238095,7.738095238095238,17.857142857142858,74.40476190476191,66.07142857142857,8.333333333333332
E00033082,129,35,11,24,94,71,23,27.131782945736433,8.527131782945736,18.6046511627907,72.86821705426357,55.03875968992248,17.829457364341085
E00033083,136,37,20,17,99,86,13,27.205882352941174,14.705882352941178,12.5,72.79411764705883,63.23529411764706,9.558823529411764
E00033084,137,39,16,23,98,81,17,28.467153284671532,11.678832116788321,16.78832116788321,71.53284671532847,59.12408759124088,12.408759124087592
E00033085,127,44,18,26,83,76,7,34.645669291338585,14.173228346456693,20.47244094488189,65.35433070866141,59.84251968503938,5.511811023622047
E00033086,109,34,7,27,75,65,10,31.19266055045872,6.422018348623854,24.770642201834864,68.80733944954129,59.63302752293578,9.174311926605505
E00033087,185,62,22,40,123,107,16,33.513513513513516,11.891891891891893,21.62162162162162,66.48648648648648,57.83783783783784,8.64864864864865
E00033088,109,28,6,22,81,72,9,25.688073394495415,5.5045871559633035,20.18348623853211,74.31192660550458,66.05504587155964,8.256880733944955
E00033089,145,34,12,22,111,106,5,23.448275862068964,8.275862068965518,15.172413793103448,76.55172413793103,73.10344827586206,3.4482758620689653
E00033090,168,53,11,42,115,104,11,31.547619047619047,6.547619047619048,25,68.45238095238095,61.904761904761905,6.547619047619048
E00033091,150,33,10,23,117,105,12,22,6.666666666666667,15.333333333333332,78,70,8
E00033092,138,42,11,31,96,86,10,30.434782608695656,7.971014492753622,22.463768115942027,69.56521739130434,62.31884057971014,7.246376811594203
E00033093,176,57,17,40,119,102,17,32.38636363636363,9.659090909090908,22.727272727272727,67.61363636363636,57.95454545454546,9.659090909090908
E00033094,133,43,13,30,90,82,8,32.33082706766917,9.774436090225564,22.55639097744361,67.66917293233082,61.65413533834586,6.015037593984962
E00033095,182,54,16,38,128,110,18,29.67032967032967,8.791208791208792,20.87912087912088,70.32967032967034,60.43956043956044,9.89010989010989
E00033096,123,40,19,21,83,67,16,32.52032520325203,15.447154471544716,17.073170731707318,67.47967479674797,54.47154471544715,13.008130081300814
E00033097,110,32,11,21,78,67,11,29.09090909090909,10,19.090909090909093,70.9090909090909,60.909090909090914,10
E00033098,110,34,9,25,76,71,5,30.909090909090907,8.181818181818182,22.727272727272727,69.0909090909091,64.54545454545455,4.545454545454546
E00033099,47,11,1,10,36,33,3,23.404255319148938,2.127659574468085,21.27659574468085,76.59574468085107,70.2127659574468,6.382978723404255
E00033100,132,49,10,39,83,74,9,37.121212121212125,7.575757575757576,29.545454545454547,62.878787878787875,56.060606060606055,6.8181818181818175
E00033101,110,32,10,22,78,65,13,29.09090909090909,9.090909090909092,20,70.9090909090909,59.09090909090909,11.818181818181818
E00033102,217,60,26,34,157,134,23,27.64976958525346,11.981566820276496,15.668202764976957,72.35023041474655,61.75115207373272,10.599078341013826
E00033103,133,44,9,35,89,82,7,33.08270676691729,6.7669172932330826,26.31578947368421,66.9172932330827,61.65413533834586,5.263157894736842
E00033104,107,32,5,27,75,66,9,29.906542056074763,4.672897196261682,25.233644859813083,70.09345794392523,61.6822429906542,8.411214953271028
E00033105,139,36,10,26,103,97,6,25.899280575539567,7.1942446043165464,18.705035971223023,74.10071942446042,69.7841726618705,4.316546762589928
E00033106,114,35,16,19,79,74,5,30.701754385964914,14.035087719298245,16.666666666666664,69.2982456140351,64.91228070175438,4.385964912280701
E00033107,169,51,12,39,118,104,14,30.17751479289941,7.100591715976331,23.076923076923077,69.8224852071006,61.53846153846154,8.284023668639055
E00033108,151,45,19,26,106,97,9,29.80132450331126,12.582781456953644,17.218543046357617,70.19867549668875,64.23841059602648,5.960264900662252
E00033109,139,42,13,29,97,90,7,30.215827338129497,9.352517985611511,20.863309352517987,69.7841726618705,64.74820143884892,5.0359712230215825
E00033110,141,35,9,26,106,94,12,24.822695035460992,6.382978723404255,18.439716312056735,75.177304964539,66.66666666666666,8.51063829787234
E00033112,142,36,12,24,106,86,20,25.352112676056336,8.450704225352112,16.901408450704224,74.64788732394366,60.56338028169014,14.084507042253522
E00033113,95,30,13,17,65,51,14,31.57894736842105,13.684210526315791,17.894736842105264,68.42105263157895,53.68421052631579,14.736842105263156
E00033114,140,45,19,26,95,81,14,32.142857142857146,13.571428571428571,18.571428571428573,67.85714285714286,57.85714285714286,10
E00033115,58,15,5,10,43,37,6,25.862068965517242,8.620689655172415,17.24137931034483,74.13793103448276,63.793103448275865,10.344827586206897
E00033116,36,9,5,4,27,27,0,25,13.88888888888889,11.11111111111111,75,75,0
E00033117,162,49,15,34,113,94,19,30.246913580246915,9.25925925925926,20.98765432098765,69.75308641975309,58.0246913580247,11.728395061728394
E00033118,134,39,10,29,95,85,10,29.1044776119403,7.462686567164178,21.641791044776117,70.8955223880597,63.43283582089553,7.462686567164178
E00033119,145,44,12,32,101,84,17,30.344827586206897,8.275862068965518,22.06896551724138,69.6551724137931,57.931034482758626,11.724137931034482
E00033120,143,43,14,29,100,90,10,30.069930069930066,9.79020979020979,20.27972027972028,69.93006993006993,62.93706293706294,6.993006993006993
E00033121,77,18,5,13,59,47,12,23.376623376623375,6.493506493506493,16.883116883116884,76.62337662337663,61.038961038961034,15.584415584415584
E00033122,133,31,10,21,102,93,9,23.308270676691727,7.518796992481203,15.789473684210526,76.69172932330827,69.92481203007519,6.7669172932330826
E00033123,129,34,12,22,95,88,7,26.356589147286826,9.30232558139535,17.05426356589147,73.64341085271317,68.21705426356588,5.426356589147287
E00033125,79,27,6,21,52,49,3,34.177215189873415,7.59493670886076,26.582278481012654,65.82278481012658,62.0253164556962,3.79746835443038
E00033126,104,27,11,16,77,69,8,25.961538461538463,10.576923076923077,15.384615384615385,74.03846153846155,66.34615384615384,7.6923076923076925
E00033127,216,72,26,46,144,127,17,33.33333333333333,12.037037037037036,21.296296296296298,66.66666666666666,58.79629629629629,7.87037037037037
E00033128,116,35,14,21,81,74,7,30.17241379310345,12.068965517241379,18.103448275862068,69.82758620689656,63.793103448275865,6.0344827586206895
E00033129,116,31,8,23,85,77,8,26.72413793103448,6.896551724137931,19.82758620689655,73.27586206896551,66.37931034482759,6.896551724137931
E00033130,172,45,12,33,127,106,21,26.16279069767442,6.976744186046512,19.186046511627907,73.83720930232558,61.627906976744185,12.209302325581394
E00033131,114,37,11,26,77,70,7,32.45614035087719,9.649122807017543,22.807017543859647,67.54385964912281,61.40350877192983,6.140350877192982
E00033132,209,56,15,41,153,137,16,26.794258373205743,7.177033492822966,19.617224880382775,73.20574162679426,65.55023923444976,7.655502392344498
E00033133,119,45,18,27,74,70,4,37.81512605042017,15.126050420168067,22.689075630252102,62.18487394957983,58.82352941176471,3.361344537815126
E00033134,69,22,5,17,47,45,2,31.88405797101449,7.246376811594203,24.637681159420293,68.11594202898551,65.21739130434783,2.898550724637681
E00033135,170,60,22,38,110,101,9,35.294117647058826,12.941176470588237,22.35294117647059,64.70588235294117,59.411764705882355,5.294117647058823
E00033136,84,26,7,19,58,51,7,30.952380952380953,8.333333333333332,22.61904761904762,69.04761904761905,60.71428571428571,8.333333333333332
E00033137,99,37,12,25,62,58,4,37.37373737373738,12.121212121212121,25.252525252525253,62.62626262626263,58.58585858585859,4.040404040404041
E00033138,71,22,6,16,49,47,2,30.985915492957744,8.450704225352112,22.535211267605636,69.01408450704226,66.19718309859155,2.8169014084507045
E00033139,121,39,15,24,82,77,5,32.231404958677686,12.396694214876034,19.834710743801654,67.76859504132231,63.63636363636363,4.132231404958678
E00033140,96,39,5,34,57,52,5,40.625,5.208333333333334,35.41666666666667,59.375,54.166666666666664,5.208333333333334
E00033141,89,26,7,19,63,52,11,29.213483146067414,7.865168539325842,21.34831460674157,70.78651685393258,58.42696629213483,12.359550561797752
E00033142,112,37,9,28,75,69,6,33.035714285714285,8.035714285714286,25,66.96428571428571,61.60714285714286,5.357142857142857
E00033143,136,45,21,24,91,84,7,33.088235294117645,15.441176470588236,17.647058823529413,66.91176470588235,61.76470588235294,5.147058823529411
E00033144,45,13,3,10,32,28,4,28.888888888888886,6.666666666666667,22.22222222222222,71.11111111111111,62.22222222222222,8.88888888888889
E00033145,116,39,14,25,77,72,5,33.62068965517241,12.068965517241379,21.551724137931032,66.37931034482759,62.06896551724138,4.310344827586207
E00033146,110,41,8,33,69,63,6,37.27272727272727,7.2727272727272725,30,62.727272727272734,57.27272727272727,5.454545454545454
E00033147,138,33,7,26,105,94,11,23.91304347826087,5.072463768115942,18.84057971014493,76.08695652173914,68.11594202898551,7.971014492753622
E00033148,123,43,10,33,80,70,10,34.959349593495936,8.130081300813007,26.82926829268293,65.04065040650406,56.91056910569105,8.130081300813007
E00033149,97,35,8,27,62,56,6,36.08247422680412,8.24742268041237,27.835051546391753,63.91752577319587,57.73195876288659,6.185567010309279
E00033150,118,51,27,24,67,57,10,43.22033898305085,22.88135593220339,20.33898305084746,56.779661016949156,48.30508474576271,8.47457627118644
E00033151,129,42,15,27,87,77,10,32.55813953488372,11.627906976744185,20.930232558139537,67.44186046511628,59.68992248062015,7.751937984496124
E00033152,121,44,25,19,77,73,4,36.36363636363637,20.66115702479339,15.702479338842975,63.63636363636363,60.33057851239669,3.3057851239669422
E00033153,173,46,12,34,127,121,6,26.589595375722542,6.9364161849710975,19.653179190751445,73.41040462427746,69.94219653179191,3.4682080924855487
E00033154,87,41,12,29,46,39,7,47.12643678160919,13.793103448275861,33.33333333333333,52.87356321839081,44.827586206896555,8.045977011494253
E00033155,95,33,6,27,62,56,6,34.73684210526316,6.315789473684211,28.421052631578945,65.26315789473685,58.94736842105262,6.315789473684211
E00033156,96,44,13,31,52,52,0,45.83333333333333,13.541666666666666,32.29166666666667,54.166666666666664,54.166666666666664,0
E00033157,126,35,13,22,91,76,15,27.77777777777778,10.317460317460316,17.46031746031746,72.22222222222221,60.317460317460316,11.904761904761903
E00033158,122,43,11,32,79,65,14,35.24590163934426,9.01639344262295,26.229508196721312,64.75409836065575,53.278688524590166,11.475409836065573
E00033159,69,27,5,22,42,38,4,39.130434782608695,7.246376811594203,31.88405797101449,60.86956521739131,55.072463768115945,5.797101449275362
E00033160,144,48,13,35,96,83,13,33.33333333333333,9.027777777777777,24.305555555555554,66.66666666666666,57.638888888888886,9.027777777777777
E00033161,216,71,16,55,145,134,11,32.870370370370374,7.4074074074074066,25.462962962962965,67.12962962962963,62.03703703703704,5.092592592592593
E00033162,89,37,10,27,52,43,9,41.57303370786517,11.235955056179774,30.337078651685395,58.42696629213483,48.31460674157304,10.112359550561797
E00033163,60,24,7,17,36,26,10,40,11.666666666666666,28.333333333333332,60,43.333333333333336,16.666666666666664
E00033164,158,50,12,38,108,101,7,31.645569620253166,7.59493670886076,24.050632911392405,68.35443037974683,63.92405063291139,4.430379746835443
E00033165,53,7,1,6,46,41,5,13.20754716981132,1.8867924528301887,11.320754716981133,86.79245283018868,77.35849056603774,9.433962264150944
E00033166,50,11,5,6,39,34,5,22,10,12,78,68,10
E00033167,125,36,9,27,89,81,8,28.799999999999997,7.199999999999999,21.6,71.2,64.8,6.4
E00033168,111,36,14,22,75,74,1,32.432432432432435,12.612612612612612,19.81981981981982,67.56756756756756,66.66666666666666,0.9009009009009009
E00033169,135,25,8,17,110,103,7,18.51851851851852,5.9259259259259265,12.592592592592592,81.48148148148148,76.29629629629629,5.185185185185185
E00033170,160,48,8,40,112,102,10,30,5,25,70,63.74999999999999,6.25
E00033171,159,36,8,28,123,113,10,22.641509433962266,5.031446540880504,17.61006289308176,77.35849056603774,71.0691823899371,6.289308176100629
E00033172,84,27,17,10,57,52,5,32.142857142857146,20.238095238095237,11.904761904761903,67.85714285714286,61.904761904761905,5.952380952380952
E00033173,147,40,15,25,107,102,5,27.2108843537415,10.204081632653061,17.006802721088434,72.78911564625851,69.38775510204081,3.4013605442176873
E00033174,127,49,14,35,78,73,5,38.582677165354326,11.023622047244094,27.559055118110237,61.417322834645674,57.48031496062992,3.937007874015748
E00033175,115,28,8,20,87,85,2,24.347826086956523,6.956521739130435,17.391304347826086,75.65217391304347,73.91304347826086,1.7391304347826086
E00033176,143,46,19,27,97,91,6,32.16783216783217,13.286713286713287,18.88111888111888,67.83216783216784,63.63636363636363,4.195804195804196
E00033177,122,38,10,28,84,73,11,31.147540983606557,8.19672131147541,22.950819672131146,68.85245901639344,59.83606557377049,9.01639344262295
E00033178,52,10,6,4,42,37,5,19.230769230769234,11.538461538461538,7.6923076923076925,80.76923076923077,71.15384615384616,9.615384615384617
E00033179,108,48,15,33,60,54,6,44.44444444444444,13.88888888888889,30.555555555555557,55.55555555555556,50,5.555555555555555
E00033181,156,65,33,32,91,83,8,41.66666666666667,21.153846153846153,20.51282051282051,58.333333333333336,53.205128205128204,5.128205128205128
E00033182,137,49,17,32,88,76,12,35.76642335766424,12.408759124087592,23.357664233576642,64.23357664233576,55.47445255474452,8.75912408759124
E00033183,182,80,46,34,102,92,10,43.956043956043956,25.274725274725274,18.681318681318682,56.043956043956044,50.54945054945055,5.4945054945054945
E00033185,90,23,8,15,67,60,7,25.555555555555554,8.88888888888889,16.666666666666664,74.44444444444444,66.66666666666666,7.777777777777778
E00033186,110,27,10,17,83,75,8,24.545454545454547,9.090909090909092,15.454545454545453,75.45454545454545,68.18181818181817,7.2727272727272725
E00033187,117,28,6,22,89,73,16,23.931623931623932,5.128205128205128,18.803418803418804,76.06837606837607,62.39316239316239,13.675213675213676
E00033188,104,42,18,24,62,56,6,40.38461538461539,17.307692307692307,23.076923076923077,59.61538461538461,53.84615384615385,5.769230769230769
E00033189,143,68,18,50,75,67,8,47.55244755244755,12.587412587412588,34.96503496503497,52.44755244755245,46.85314685314685,5.594405594405594
E00033190,127,51,14,37,76,66,10,40.15748031496063,11.023622047244094,29.133858267716533,59.84251968503938,51.96850393700787,7.874015748031496
E00033191,133,54,36,18,79,68,11,40.6015037593985,27.06766917293233,13.533834586466165,59.3984962406015,51.127819548872175,8.270676691729323
E00033192,115,61,42,19,54,48,6,53.04347826086957,36.52173913043478,16.52173913043478,46.95652173913044,41.73913043478261,5.217391304347826
E00033193,129,35,17,18,94,78,16,27.131782945736433,13.178294573643413,13.953488372093023,72.86821705426357,60.46511627906976,12.4031007751938
E00033194,155,55,28,27,100,88,12,35.483870967741936,18.064516129032256,17.419354838709676,64.51612903225806,56.774193548387096,7.741935483870968
E00033195,125,32,9,23,93,80,13,25.6,7.199999999999999,18.4,74.4,64,10.4
E00033196,138,37,12,25,101,88,13,26.811594202898554,8.695652173913043,18.115942028985508,73.18840579710145,63.76811594202898,9.420289855072465
E00033197,162,52,23,29,110,103,7,32.098765432098766,14.19753086419753,17.901234567901234,67.90123456790124,63.580246913580254,4.320987654320987
E00033198,155,54,24,30,101,92,9,34.83870967741935,15.483870967741936,19.35483870967742,65.16129032258064,59.354838709677416,5.806451612903226
E00033199,58,18,9,9,40,36,4,31.03448275862069,15.517241379310345,15.517241379310345,68.96551724137932,62.06896551724138,6.896551724137931
E00033200,62,28,12,16,34,27,7,45.16129032258064,19.35483870967742,25.806451612903224,54.83870967741935,43.54838709677419,11.29032258064516
E00033201,97,23,7,16,74,63,11,23.711340206185564,7.216494845360824,16.49484536082474,76.28865979381443,64.94845360824742,11.34020618556701
E00033202,142,51,28,23,91,83,8,35.91549295774648,19.718309859154928,16.19718309859155,64.08450704225352,58.45070422535211,5.633802816901409
E00033203,118,35,18,17,83,70,13,29.66101694915254,15.254237288135593,14.40677966101695,70.33898305084746,59.32203389830508,11.016949152542372
E00033204,135,44,19,25,91,82,9,32.592592592592595,14.074074074074074,18.51851851851852,67.4074074074074,60.74074074074074,6.666666666666667
E00033206,146,30,9,21,116,99,17,20.54794520547945,6.164383561643835,14.383561643835616,79.45205479452055,67.8082191780822,11.643835616438356
E00033207,69,38,10,28,31,28,3,55.072463768115945,14.492753623188406,40.57971014492754,44.927536231884055,40.57971014492754,4.3478260869565215
E00033208,58,30,16,14,28,27,1,51.724137931034484,27.586206896551722,24.137931034482758,48.275862068965516,46.55172413793103,1.7241379310344827
E00033209,85,40,16,24,45,41,4,47.05882352941176,18.823529411764707,28.235294117647058,52.94117647058824,48.23529411764706,4.705882352941177
E00033210,94,42,23,19,52,48,4,44.680851063829785,24.46808510638298,20.212765957446805,55.319148936170215,51.06382978723404,4.25531914893617
E00033211,99,45,14,31,54,50,4,45.45454545454545,14.14141414141414,31.313131313131315,54.54545454545454,50.505050505050505,4.040404040404041
E00033212,93,33,12,21,60,57,3,35.483870967741936,12.903225806451612,22.58064516129032,64.51612903225806,61.29032258064516,3.225806451612903
E00033213,137,73,39,34,64,63,1,53.284671532846716,28.467153284671532,24.817518248175183,46.715328467153284,45.98540145985402,0.7299270072992701
E00033214,189,82,32,50,107,96,11,43.386243386243386,16.93121693121693,26.455026455026452,56.613756613756614,50.79365079365079,5.82010582010582
E00033215,98,35,8,27,63,56,7,35.714285714285715,8.16326530612245,27.55102040816326,64.28571428571429,57.14285714285714,7.142857142857142
E00033216,116,32,15,17,84,68,16,27.586206896551722,12.931034482758621,14.655172413793101,72.41379310344827,58.620689655172406,13.793103448275861
E00033217,131,42,20,22,89,73,16,32.06106870229007,15.267175572519085,16.793893129770993,67.93893129770993,55.72519083969466,12.213740458015266
E00033218,148,46,26,20,102,90,12,31.08108108108108,17.56756756756757,13.513513513513514,68.91891891891892,60.810810810810814,8.108108108108109
E00033219,172,42,13,29,130,112,18,24.418604651162788,7.55813953488372,16.86046511627907,75.5813953488372,65.11627906976744,10.465116279069768
E00033220,144,63,40,23,81,72,9,43.75,27.77777777777778,15.972222222222221,56.25,50,6.25
E00033221,93,28,8,20,65,59,6,30.107526881720432,8.60215053763441,21.50537634408602,69.89247311827957,63.44086021505376,6.451612903225806
E00033222,37,11,1,10,26,22,4,29.72972972972973,2.7027027027027026,27.027027027027028,70.27027027027027,59.45945945945946,10.81081081081081
E00033223,131,31,12,19,100,95,5,23.66412213740458,9.16030534351145,14.50381679389313,76.33587786259542,72.51908396946564,3.816793893129771
E00033224,75,23,7,16,52,50,2,30.666666666666664,9.333333333333334,21.333333333333336,69.33333333333334,66.66666666666666,2.666666666666667
E00033225,135,45,15,30,90,75,15,33.33333333333333,11.11111111111111,22.22222222222222,66.66666666666666,55.55555555555556,11.11111111111111
E00033226,126,52,18,34,74,70,4,41.269841269841265,14.285714285714285,26.984126984126984,58.730158730158735,55.55555555555556,3.1746031746031744
E00033227,79,36,6,30,43,39,4,45.56962025316456,7.59493670886076,37.9746835443038,54.43037974683544,49.36708860759494,5.063291139240507
E00033228,103,49,22,27,54,49,5,47.57281553398058,21.35922330097087,26.21359223300971,52.42718446601942,47.57281553398058,4.854368932038835
E00033229,117,35,11,24,82,74,8,29.914529914529915,9.401709401709402,20.51282051282051,70.08547008547008,63.24786324786324,6.837606837606838
E00033230,108,43,16,27,65,60,5,39.81481481481482,14.814814814814813,25,60.18518518518518,55.55555555555556,4.62962962962963
E00033235,67,22,12,10,45,43,2,32.83582089552239,17.91044776119403,14.925373134328357,67.16417910447761,64.17910447761194,2.9850746268656714
E00033237,66,24,6,18,42,41,1,36.36363636363637,9.090909090909092,27.27272727272727,63.63636363636363,62.121212121212125,1.5151515151515151
E00033238,192,65,17,48,127,112,15,33.85416666666667,8.854166666666668,25,66.14583333333334,58.333333333333336,7.8125
E00033242,79,27,10,17,52,42,10,34.177215189873415,12.658227848101266,21.518987341772153,65.82278481012658,53.16455696202531,12.658227848101266
E00033245,75,34,14,20,41,39,2,45.33333333333333,18.666666666666668,26.666666666666668,54.666666666666664,52,2.666666666666667
E00033246,94,33,9,24,61,57,4,35.1063829787234,9.574468085106384,25.53191489361702,64.8936170212766,60.63829787234043,4.25531914893617
E00033247,116,35,12,23,81,75,6,30.17241379310345,10.344827586206897,19.82758620689655,69.82758620689656,64.65517241379311,5.172413793103448
E00033248,98,32,6,26,66,54,12,32.6530612244898,6.122448979591836,26.53061224489796,67.3469387755102,55.10204081632652,12.244897959183673
E00033249,88,33,5,28,55,51,4,37.5,5.681818181818182,31.818181818181817,62.5,57.95454545454546,4.545454545454546
E00033250,54,20,8,12,34,33,1,37.03703703703704,14.814814814814813,22.22222222222222,62.96296296296296,61.111111111111114,1.8518518518518516
E00033251,64,18,6,12,46,43,3,28.125,9.375,18.75,71.875,67.1875,4.6875
E00033252,89,33,12,21,56,52,4,37.07865168539326,13.48314606741573,23.595505617977526,62.92134831460674,58.42696629213483,4.49438202247191
E00033253,77,22,7,15,55,50,5,28.57142857142857,9.090909090909092,19.480519480519483,71.42857142857143,64.93506493506493,6.493506493506493
E00033254,128,48,9,39,80,80,0,37.5,7.03125,30.46875,62.5,62.5,0
E00033255,88,30,9,21,58,52,6,34.090909090909086,10.227272727272728,23.863636363636363,65.9090909090909,59.09090909090909,6.8181818181818175
E00033256,72,32,7,25,40,39,1,44.44444444444444,9.722222222222223,34.72222222222222,55.55555555555556,54.166666666666664,1.3888888888888888
E00033257,121,42,6,36,79,76,3,34.710743801652896,4.958677685950414,29.75206611570248,65.28925619834712,62.8099173553719,2.479338842975207
E00033258,69,25,12,13,44,41,3,36.231884057971016,17.391304347826086,18.84057971014493,63.76811594202898,59.42028985507246,4.3478260869565215
E00033259,81,21,11,10,60,51,9,25.925925925925924,13.580246913580247,12.345679012345679,74.07407407407408,62.96296296296296,11.11111111111111
E00033260,102,39,12,27,63,55,8,38.23529411764706,11.76470588235294,26.47058823529412,61.76470588235294,53.92156862745098,7.8431372549019605
E00033261,100,35,17,18,65,57,8,35,17,18,65,56.99999999999999,8
E00033264,108,50,9,41,58,57,1,46.2962962962963,8.333333333333332,37.96296296296296,53.70370370370371,52.77777777777778,0.9259259259259258
E00033265,109,41,9,32,68,63,5,37.61467889908257,8.256880733944955,29.357798165137616,62.38532110091744,57.798165137614674,4.587155963302752
E00033266,131,43,10,33,88,81,7,32.82442748091603,7.633587786259542,25.190839694656486,67.17557251908397,61.832061068702295,5.343511450381679
E00033267,82,33,7,26,49,43,6,40.243902439024396,8.536585365853659,31.70731707317073,59.756097560975604,52.4390243902439,7.317073170731707
E00033268,130,29,4,25,101,91,10,22.30769230769231,3.076923076923077,19.230769230769234,77.6923076923077,70,7.6923076923076925
E00033269,60,19,3,16,41,35,6,31.666666666666664,5,26.666666666666668,68.33333333333333,58.333333333333336,10
E00033270,166,39,11,28,127,112,15,23.49397590361446,6.626506024096386,16.867469879518072,76.50602409638554,67.46987951807229,9.036144578313253
E00033271,177,42,10,32,135,117,18,23.728813559322035,5.649717514124294,18.07909604519774,76.27118644067797,66.10169491525424,10.16949152542373
E00033272,131,36,13,23,95,82,13,27.480916030534353,9.923664122137405,17.557251908396946,72.51908396946564,62.59541984732825,9.923664122137405
E00033274,111,32,12,20,79,68,11,28.82882882882883,10.81081081081081,18.01801801801802,71.17117117117117,61.261261261261254,9.90990990990991
E00033275,98,24,4,20,74,66,8,24.489795918367346,4.081632653061225,20.408163265306122,75.51020408163265,67.3469387755102,8.16326530612245
E00033276,111,38,12,26,73,64,9,34.234234234234236,10.81081081081081,23.423423423423422,65.76576576576578,57.65765765765766,8.108108108108109
E00033277,83,21,5,16,62,56,6,25.301204819277107,6.024096385542169,19.27710843373494,74.69879518072288,67.46987951807229,7.228915662650602
E00033278,75,27,9,18,48,42,6,36,12,24,64,56.00000000000001,8
E00033279,122,49,9,40,73,64,9,40.16393442622951,7.377049180327869,32.78688524590164,59.83606557377049,52.459016393442624,7.377049180327869
E00033281,165,52,14,38,113,104,9,31.515151515151512,8.484848484848486,23.03030303030303,68.48484848484848,63.030303030303024,5.454545454545454
E00033282,129,42,8,34,87,82,5,32.55813953488372,6.2015503875969,26.356589147286826,67.44186046511628,63.565891472868216,3.875968992248062
E00033283,137,57,14,43,80,75,5,41.605839416058394,10.218978102189782,31.386861313868614,58.3941605839416,54.74452554744526,3.64963503649635
E00033284,50,12,0,12,38,36,2,24,0,24,76,72,4
E00033285,131,38,7,31,93,84,9,29.00763358778626,5.343511450381679,23.66412213740458,70.99236641221374,64.12213740458014,6.870229007633588
E00033286,46,17,7,10,29,26,3,36.95652173913043,15.217391304347828,21.73913043478261,63.04347826086957,56.52173913043478,6.521739130434782
E00033287,140,40,8,32,100,96,4,28.57142857142857,5.714285714285714,22.857142857142858,71.42857142857143,68.57142857142857,2.857142857142857
E00033288,148,53,8,45,95,88,7,35.810810810810814,5.405405405405405,30.405405405405407,64.1891891891892,59.45945945945946,4.72972972972973
E00033289,122,37,12,25,85,75,10,30.327868852459016,9.836065573770492,20.491803278688526,69.67213114754098,61.47540983606557,8.19672131147541
E00033290,128,34,8,26,94,84,10,26.5625,6.25,20.3125,73.4375,65.625,7.8125
E00033291,241,78,19,59,163,139,24,32.365145228215766,7.883817427385892,24.481327800829874,67.63485477178423,57.676348547717836,9.95850622406639
E00033292,83,16,1,15,67,59,8,19.27710843373494,1.2048192771084338,18.072289156626507,80.72289156626506,71.08433734939759,9.63855421686747
E00033293,116,36,12,24,80,70,10,31.03448275862069,10.344827586206897,20.689655172413794,68.96551724137932,60.3448275862069,8.620689655172415
E00033294,89,23,8,15,66,62,4,25.842696629213485,8.98876404494382,16.853932584269664,74.15730337078652,69.66292134831461,4.49438202247191
E00033295,143,41,10,31,102,87,15,28.671328671328673,6.993006993006993,21.678321678321677,71.32867132867133,60.83916083916085,10.48951048951049
E00033296,140,36,13,23,104,94,10,25.71428571428571,9.285714285714286,16.428571428571427,74.28571428571429,67.14285714285714,7.142857142857142
E00033297,128,45,14,31,83,83,0,35.15625,10.9375,24.21875,64.84375,64.84375,0
E00033298,118,32,7,25,86,81,5,27.11864406779661,5.932203389830509,21.1864406779661,72.88135593220339,68.64406779661016,4.23728813559322
E00033299,130,45,12,33,85,71,14,34.61538461538461,9.230769230769232,25.384615384615383,65.38461538461539,54.61538461538461,10.76923076923077
E00033300,107,33,12,21,74,67,7,30.8411214953271,11.214953271028037,19.626168224299064,69.1588785046729,62.616822429906534,6.5420560747663545
E00033301,112,48,7,41,64,57,7,42.857142857142854,6.25,36.607142857142854,57.14285714285714,50.89285714285714,6.25
E00033302,117,39,15,24,78,75,3,33.33333333333333,12.82051282051282,20.51282051282051,66.66666666666666,64.1025641025641,2.564102564102564
E00033304,111,27,8,19,84,77,7,24.324324324324326,7.207207207207207,17.117117117117118,75.67567567567568,69.36936936936937,6.306306306306306
E00033305,119,38,12,26,81,75,6,31.932773109243694,10.084033613445378,21.84873949579832,68.0672268907563,63.02521008403361,5.042016806722689
E00033306,108,35,6,29,73,72,1,32.407407407407405,5.555555555555555,26.851851851851855,67.5925925925926,66.66666666666666,0.9259259259259258
E00033307,107,40,10,30,67,60,7,37.38317757009346,9.345794392523365,28.037383177570092,62.616822429906534,56.074766355140184,6.5420560747663545
E00033308,196,51,22,29,145,135,10,26.02040816326531,11.224489795918368,14.795918367346939,73.9795918367347,68.87755102040816,5.1020408163265305
E00033309,109,35,6,29,74,68,6,32.11009174311927,5.5045871559633035,26.605504587155966,67.88990825688074,62.38532110091744,5.5045871559633035
E00033310,120,39,8,31,81,76,5,32.5,6.666666666666667,25.833333333333336,67.5,63.33333333333333,4.166666666666666
E00033312,125,37,10,27,88,81,7,29.599999999999998,8,21.6,70.39999999999999,64.8,5.6000000000000005
E00033313,126,49,12,37,77,58,19,38.88888888888889,9.523809523809524,29.365079365079367,61.111111111111114,46.03174603174603,15.079365079365079
E00033314,141,53,11,42,88,82,6,37.5886524822695,7.801418439716312,29.78723404255319,62.4113475177305,58.156028368794324,4.25531914893617
E00033315,132,46,9,37,86,79,7,34.84848484848485,6.8181818181818175,28.030303030303028,65.15151515151516,59.84848484848485,5.303030303030303
E00033316,186,50,17,33,136,123,13,26.881720430107524,9.13978494623656,17.741935483870968,73.11827956989248,66.12903225806451,6.989247311827956
E00033317,189,40,14,26,149,136,13,21.164021164021165,7.4074074074074066,13.756613756613756,78.83597883597884,71.95767195767195,6.878306878306878
E00033318,167,48,12,36,119,112,7,28.74251497005988,7.18562874251497,21.55688622754491,71.25748502994011,67.06586826347305,4.191616766467066
E00033319,200,50,11,39,150,125,25,25,5.5,19.5,75,62.5,12.5
E00033320,146,39,8,31,107,96,11,26.71232876712329,5.47945205479452,21.232876712328768,73.28767123287672,65.75342465753424,7.534246575342466
E00033322,148,42,15,27,106,93,13,28.37837837837838,10.135135135135135,18.243243243243242,71.62162162162163,62.83783783783784,8.783783783783784
E00033323,135,39,14,25,96,86,10,28.888888888888886,10.37037037037037,18.51851851851852,71.11111111111111,63.70370370370371,7.4074074074074066
E00033324,139,36,10,26,103,91,12,25.899280575539567,7.1942446043165464,18.705035971223023,74.10071942446042,65.46762589928058,8.633093525179856
E00033326,125,41,16,25,84,71,13,32.800000000000004,12.8,20,67.2,56.8,10.4
E00033327,139,30,7,23,109,102,7,21.58273381294964,5.0359712230215825,16.546762589928058,78.41726618705036,73.38129496402878,5.0359712230215825
E00033328,96,24,5,19,72,67,5,25,5.208333333333334,19.791666666666664,75,69.79166666666666,5.208333333333334
E00033329,150,42,10,32,108,96,12,28.000000000000004,6.666666666666667,21.333333333333336,72,64,8
E00033330,153,45,16,29,108,96,12,29.411764705882355,10.457516339869281,18.954248366013072,70.58823529411765,62.745098039215684,7.8431372549019605
E00033331,156,36,13,23,120,114,6,23.076923076923077,8.333333333333332,14.743589743589745,76.92307692307693,73.07692307692307,3.8461538461538463
E00033332,129,51,17,34,78,68,10,39.53488372093023,13.178294573643413,26.356589147286826,60.46511627906976,52.71317829457365,7.751937984496124
E00033333,139,37,7,30,102,93,9,26.618705035971225,5.0359712230215825,21.58273381294964,73.38129496402878,66.90647482014388,6.474820143884892
E00033334,143,33,11,22,110,94,16,23.076923076923077,7.6923076923076925,15.384615384615385,76.92307692307693,65.73426573426573,11.188811188811188
E00033335,105,28,10,18,77,72,5,26.666666666666668,9.523809523809524,17.142857142857142,73.33333333333333,68.57142857142857,4.761904761904762
E00033336,144,43,18,25,101,95,6,29.86111111111111,12.5,17.36111111111111,70.13888888888889,65.97222222222221,4.166666666666666
E00033337,93,25,9,16,68,59,9,26.881720430107524,9.67741935483871,17.20430107526882,73.11827956989248,63.44086021505376,9.67741935483871
E00033338,133,40,12,28,93,69,24,30.075187969924812,9.022556390977442,21.052631578947366,69.92481203007519,51.8796992481203,18.045112781954884
E00033339,195,56,21,35,139,123,16,28.717948717948715,10.76923076923077,17.94871794871795,71.28205128205128,63.07692307692307,8.205128205128204
E00033340,150,46,17,29,104,83,21,30.666666666666664,11.333333333333332,19.333333333333332,69.33333333333334,55.333333333333336,14.000000000000002
E00033341,176,47,17,30,129,111,18,26.704545454545453,9.659090909090908,17.045454545454543,73.29545454545455,63.06818181818182,10.227272727272728
E00033342,143,46,14,32,97,86,11,32.16783216783217,9.79020979020979,22.377622377622377,67.83216783216784,60.13986013986013,7.6923076923076925
E00033343,124,45,16,29,79,62,17,36.29032258064516,12.903225806451612,23.387096774193548,63.70967741935484,50,13.709677419354838
E00033344,159,35,10,25,124,111,13,22.0125786163522,6.289308176100629,15.723270440251572,77.9874213836478,69.81132075471697,8.176100628930817
E00033345,189,57,23,34,132,122,10,30.158730158730158,12.16931216931217,17.989417989417987,69.84126984126983,64.55026455026454,5.291005291005291
E00033346,129,39,7,32,90,80,10,30.23255813953488,5.426356589147287,24.8062015503876,69.76744186046511,62.01550387596899,7.751937984496124
E00033347,161,44,15,29,117,106,11,27.32919254658385,9.316770186335404,18.012422360248447,72.67080745341616,65.83850931677019,6.832298136645963
E00033348,128,49,15,34,79,57,22,38.28125,11.71875,26.5625,61.71875,44.53125,17.1875
E00033349,145,32,7,25,113,100,13,22.06896551724138,4.827586206896552,17.24137931034483,77.93103448275862,68.96551724137932,8.96551724137931
E00033350,140,39,11,28,101,88,13,27.857142857142858,7.857142857142857,20,72.14285714285714,62.857142857142854,9.285714285714286
E00033351,125,44,14,30,81,73,8,35.199999999999996,11.200000000000001,24,64.8,58.4,6.4
E00033352,182,53,15,38,129,120,9,29.120879120879124,8.241758241758241,20.87912087912088,70.87912087912088,65.93406593406593,4.945054945054945
E00033353,128,38,5,33,90,84,6,29.6875,3.90625,25.78125,70.3125,65.625,4.6875
E00033354,68,16,5,11,52,52,0,23.52941176470588,7.352941176470589,16.176470588235293,76.47058823529412,76.47058823529412,0
E00033355,195,47,18,29,148,135,13,24.102564102564102,9.230769230769232,14.871794871794872,75.8974358974359,69.23076923076923,6.666666666666667
E00033356,152,40,14,26,112,100,12,26.31578947368421,9.210526315789473,17.105263157894736,73.68421052631578,65.78947368421053,7.894736842105263
E00033357,112,41,12,29,71,61,10,36.607142857142854,10.714285714285714,25.892857142857146,63.39285714285714,54.46428571428571,8.928571428571429
E00033358,95,35,10,25,60,54,6,36.84210526315789,10.526315789473683,26.31578947368421,63.1578947368421,56.84210526315789,6.315789473684211
E00033359,171,49,21,28,122,104,18,28.654970760233915,12.280701754385964,16.374269005847953,71.34502923976608,60.81871345029239,10.526315789473683
E00033360,161,42,12,30,119,102,17,26.08695652173913,7.453416149068323,18.633540372670808,73.91304347826086,63.35403726708074,10.559006211180124
E00033361,218,64,18,46,154,142,12,29.357798165137616,8.256880733944955,21.100917431192663,70.64220183486239,65.13761467889908,5.5045871559633035
E00033362,141,29,6,23,112,103,9,20.56737588652482,4.25531914893617,16.312056737588655,79.43262411347519,73.04964539007092,6.382978723404255
E00033363,103,42,11,31,61,57,4,40.77669902912621,10.679611650485436,30.097087378640776,59.22330097087378,55.33980582524271,3.8834951456310676
E00033364,185,48,14,34,137,115,22,25.945945945945947,7.567567567567568,18.37837837837838,74.05405405405405,62.16216216216216,11.891891891891893
E00033365,228,54,12,42,174,153,21,23.684210526315788,5.263157894736842,18.421052631578945,76.31578947368422,67.10526315789474,9.210526315789473
E00033366,154,48,11,37,106,93,13,31.16883116883117,7.142857142857142,24.025974025974026,68.83116883116884,60.3896103896104,8.441558441558442
E00033367,178,44,17,27,134,124,10,24.719101123595504,9.550561797752808,15.168539325842698,75.28089887640449,69.66292134831461,5.617977528089887
E00033368,148,44,10,34,104,96,8,29.72972972972973,6.756756756756757,22.972972972972975,70.27027027027027,64.86486486486487,5.405405405405405
E00033369,183,54,21,33,129,106,23,29.508196721311474,11.475409836065573,18.0327868852459,70.49180327868852,57.92349726775956,12.568306010928962
E00033370,134,29,7,22,105,88,17,21.641791044776117,5.223880597014925,16.417910447761194,78.35820895522389,65.67164179104478,12.686567164179104
E00033371,132,33,8,25,99,85,14,25,6.0606060606060606,18.939393939393938,75,64.39393939393939,10.606060606060606
E00033372,134,43,11,32,91,80,11,32.08955223880597,8.208955223880597,23.88059701492537,67.91044776119402,59.70149253731343,8.208955223880597
E00033373,230,66,16,50,164,145,19,28.695652173913043,6.956521739130435,21.73913043478261,71.30434782608695,63.04347826086957,8.26086956521739
E00033374,152,35,7,28,117,106,11,23.026315789473685,4.605263157894736,18.421052631578945,76.97368421052632,69.73684210526315,7.236842105263158
E00033375,144,30,11,19,114,89,25,20.833333333333336,7.638888888888889,13.194444444444445,79.16666666666666,61.80555555555556,17.36111111111111
E00033376,123,34,13,21,89,82,7,27.64227642276423,10.569105691056912,17.073170731707318,72.35772357723577,66.66666666666666,5.691056910569105
E00033377,137,37,9,28,100,88,12,27.00729927007299,6.569343065693431,20.437956204379564,72.99270072992701,64.23357664233576,8.75912408759124
E00033378,139,46,17,29,93,81,12,33.093525179856115,12.23021582733813,20.863309352517987,66.90647482014388,58.27338129496403,8.633093525179856
E00033379,147,43,10,33,104,92,12,29.25170068027211,6.802721088435375,22.448979591836736,70.74829931972789,62.585034013605444,8.16326530612245
E00033380,136,49,15,34,87,82,5,36.029411764705884,11.029411764705882,25,63.970588235294116,60.29411764705882,3.6764705882352944
E00033381,76,21,14,7,55,42,13,27.631578947368425,18.421052631578945,9.210526315789473,72.36842105263158,55.26315789473685,17.105263157894736
E00033382,153,44,11,33,109,95,14,28.75816993464052,7.18954248366013,21.568627450980394,71.24183006535948,62.091503267973856,9.15032679738562
E00033383,133,40,12,28,93,81,12,30.075187969924812,9.022556390977442,21.052631578947366,69.92481203007519,60.902255639097746,9.022556390977442
E00033384,163,49,14,35,114,104,10,30.061349693251532,8.588957055214724,21.472392638036812,69.93865030674846,63.80368098159509,6.134969325153374
E00033385,179,50,21,29,129,111,18,27.932960893854748,11.731843575418994,16.201117318435752,72.06703910614524,62.01117318435754,10.05586592178771
E00033386,154,39,9,30,115,104,11,25.324675324675322,5.844155844155844,19.480519480519483,74.67532467532467,67.53246753246754,7.142857142857142
E00033387,112,25,10,15,87,77,10,22.321428571428573,8.928571428571429,13.392857142857142,77.67857142857143,68.75,8.928571428571429
E00033388,112,40,13,27,72,70,2,35.714285714285715,11.607142857142858,24.107142857142858,64.28571428571429,62.5,1.7857142857142856
E00033389,147,54,14,40,93,85,8,36.734693877551024,9.523809523809524,27.2108843537415,63.26530612244898,57.82312925170068,5.442176870748299
E00033391,155,49,24,25,106,97,9,31.61290322580645,15.483870967741936,16.129032258064516,68.38709677419355,62.58064516129033,5.806451612903226
E00033392,121,33,12,21,88,74,14,27.27272727272727,9.917355371900827,17.355371900826448,72.72727272727273,61.15702479338842,11.570247933884298
E00033394,129,32,17,15,97,87,10,24.8062015503876,13.178294573643413,11.627906976744185,75.1937984496124,67.44186046511628,7.751937984496124
E00033395,160,46,20,26,114,109,5,28.749999999999996,12.5,16.25,71.25,68.125,3.125
E00033396,141,45,17,28,96,79,17,31.914893617021278,12.056737588652481,19.858156028368796,68.08510638297872,56.02836879432624,12.056737588652481
E00033397,172,46,11,35,126,115,11,26.744186046511626,6.395348837209303,20.348837209302324,73.25581395348837,66.86046511627907,6.395348837209303
E00033399,154,39,8,31,115,99,16,25.324675324675322,5.194805194805195,20.12987012987013,74.67532467532467,64.28571428571429,10.38961038961039
E00033400,152,47,16,31,105,94,11,30.92105263157895,10.526315789473683,20.394736842105264,69.07894736842105,61.8421052631579,7.236842105263158
E00033401,129,32,9,23,97,84,13,24.8062015503876,6.976744186046512,17.829457364341085,75.1937984496124,65.11627906976744,10.077519379844961
E00033402,144,43,16,27,101,90,11,29.86111111111111,11.11111111111111,18.75,70.13888888888889,62.5,7.638888888888889
E00033403,178,47,17,30,131,113,18,26.40449438202247,9.550561797752808,16.853932584269664,73.59550561797754,63.48314606741573,10.112359550561797
E00033404,181,43,17,26,138,114,24,23.756906077348066,9.392265193370166,14.3646408839779,76.24309392265194,62.98342541436463,13.259668508287293
E00033405,139,42,13,29,97,79,18,30.215827338129497,9.352517985611511,20.863309352517987,69.7841726618705,56.83453237410072,12.949640287769784
E00033406,165,49,16,33,116,105,11,29.6969696969697,9.696969696969697,20,70.3030303030303,63.63636363636363,6.666666666666667
E00033407,173,43,18,25,130,121,9,24.85549132947977,10.404624277456648,14.450867052023122,75.14450867052022,69.94219653179191,5.202312138728324
E00033408,140,43,14,29,97,91,6,30.714285714285715,10,20.714285714285715,69.28571428571428,65,4.285714285714286
E00033409,106,35,14,21,71,60,11,33.0188679245283,13.20754716981132,19.81132075471698,66.98113207547169,56.60377358490566,10.377358490566039
E00033410,143,36,10,26,107,99,8,25.174825174825177,6.993006993006993,18.181818181818183,74.82517482517483,69.23076923076923,5.594405594405594
E00033411,149,46,20,26,103,82,21,30.87248322147651,13.422818791946309,17.449664429530202,69.12751677852349,55.033557046979865,14.093959731543624
E00033412,167,51,18,33,116,104,12,30.538922155688624,10.778443113772456,19.760479041916167,69.46107784431138,62.27544910179641,7.18562874251497
E00033413,112,28,14,14,84,76,8,25,12.5,12.5,75,67.85714285714286,7.142857142857142
E00033414,187,38,17,21,149,133,16,20.32085561497326,9.090909090909092,11.229946524064172,79.67914438502673,71.12299465240642,8.55614973262032
E00033415,125,41,17,24,84,63,21,32.800000000000004,13.600000000000001,19.2,67.2,50.4,16.8
E00033416,179,47,17,30,132,115,17,26.256983240223462,9.497206703910614,16.75977653631285,73.74301675977654,64.24581005586593,9.497206703910614
E00033417,176,47,18,29,129,104,25,26.704545454545453,10.227272727272728,16.477272727272727,73.29545454545455,59.09090909090909,14.204545454545455
E00033418,214,67,31,36,147,122,25,31.308411214953267,14.485981308411214,16.822429906542055,68.69158878504673,57.009345794392516,11.682242990654206
E00033419,152,49,18,31,103,79,24,32.23684210526316,11.842105263157894,20.394736842105264,67.76315789473685,51.973684210526315,15.789473684210526
E00033420,192,41,19,22,151,135,16,21.354166666666664,9.895833333333332,11.458333333333332,78.64583333333334,70.3125,8.333333333333332
E00033421,136,41,16,25,95,80,15,30.14705882352941,11.76470588235294,18.38235294117647,69.85294117647058,58.82352941176471,11.029411764705882
E00033422,168,45,14,31,123,103,20,26.785714285714285,8.333333333333332,18.452380952380953,73.21428571428571,61.30952380952381,11.904761904761903
E00033423,166,69,45,24,97,77,20,41.566265060240966,27.10843373493976,14.457831325301203,58.43373493975904,46.3855421686747,12.048192771084338
E00033424,150,44,19,25,106,90,16,29.333333333333332,12.666666666666668,16.666666666666664,70.66666666666667,60,10.666666666666668
E00033425,138,29,10,19,109,95,14,21.014492753623188,7.246376811594203,13.768115942028986,78.98550724637681,68.84057971014492,10.144927536231885
E00033426,159,44,14,30,115,104,11,27.67295597484277,8.80503144654088,18.867924528301888,72.32704402515722,65.40880503144653,6.918238993710692
E00033427,88,33,15,18,55,46,9,37.5,17.045454545454543,20.454545454545457,62.5,52.27272727272727,10.227272727272728
E00033428,127,39,13,26,88,78,10,30.708661417322837,10.236220472440944,20.47244094488189,69.29133858267717,61.417322834645674,7.874015748031496
E00033432,125,44,15,29,81,77,4,35.199999999999996,12,23.200000000000003,64.8,61.6,3.2
E00033435,129,40,6,34,89,79,10,31.007751937984494,4.651162790697675,26.356589147286826,68.9922480620155,61.240310077519375,7.751937984496124
E00033436,124,42,8,34,82,75,7,33.87096774193548,6.451612903225806,27.419354838709676,66.12903225806451,60.483870967741936,5.64516129032258
E00033437,128,47,18,29,81,75,6,36.71875,14.0625,22.65625,63.28125,58.59375,4.6875
E00033438,137,46,17,29,91,86,5,33.57664233576642,12.408759124087592,21.16788321167883,66.42335766423358,62.77372262773723,3.64963503649635
E00033439,134,43,9,34,91,84,7,32.08955223880597,6.7164179104477615,25.37313432835821,67.91044776119402,62.68656716417911,5.223880597014925
E00033440,92,38,11,27,54,47,7,41.30434782608695,11.956521739130435,29.347826086956523,58.69565217391305,51.08695652173913,7.608695652173914
E00033441,102,46,11,35,56,53,3,45.09803921568628,10.784313725490197,34.31372549019608,54.90196078431373,51.9607843137255,2.941176470588235
E00033442,170,55,15,40,115,105,10,32.35294117647059,8.823529411764707,23.52941176470588,67.64705882352942,61.76470588235294,5.88235294117647
E00033443,125,47,13,34,78,65,13,37.6,10.4,27.200000000000003,62.4,52,10.4
E00033444,117,45,16,29,72,68,4,38.46153846153847,13.675213675213676,24.786324786324787,61.53846153846154,58.119658119658126,3.418803418803419
E00033445,103,34,6,28,69,64,5,33.00970873786408,5.825242718446602,27.184466019417474,66.99029126213593,62.13592233009708,4.854368932038835
E00033446,129,39,7,32,90,83,7,30.23255813953488,5.426356589147287,24.8062015503876,69.76744186046511,64.34108527131784,5.426356589147287
E00033447,46,15,6,9,31,31,0,32.608695652173914,13.043478260869565,19.565217391304348,67.3913043478261,67.3913043478261,0
E00033448,127,46,14,32,81,74,7,36.22047244094488,11.023622047244094,25.196850393700785,63.77952755905512,58.26771653543307,5.511811023622047
E00033449,141,39,6,33,102,91,11,27.659574468085108,4.25531914893617,23.404255319148938,72.3404255319149,64.53900709219859,7.801418439716312
E00033450,137,44,15,29,93,83,10,32.11678832116788,10.948905109489052,21.16788321167883,67.88321167883211,60.58394160583942,7.2992700729927
E00033451,115,52,10,42,63,58,5,45.21739130434783,8.695652173913043,36.52173913043478,54.78260869565217,50.43478260869565,4.3478260869565215
E00033452,102,30,8,22,72,65,7,29.411764705882355,7.8431372549019605,21.568627450980394,70.58823529411765,63.725490196078425,6.862745098039216
E00033453,69,14,1,13,55,55,0,20.28985507246377,1.4492753623188406,18.84057971014493,79.71014492753623,79.71014492753623,0
E00033454,220,57,11,46,163,146,17,25.90909090909091,5,20.909090909090907,74.0909090909091,66.36363636363637,7.727272727272727
E00033455,93,21,3,18,72,69,3,22.58064516129032,3.225806451612903,19.35483870967742,77.41935483870968,74.19354838709677,3.225806451612903
E00033456,126,45,14,31,81,73,8,35.714285714285715,11.11111111111111,24.6031746031746,64.28571428571429,57.936507936507944,6.349206349206349
E00033457,69,31,10,21,38,34,4,44.927536231884055,14.492753623188406,30.434782608695656,55.072463768115945,49.275362318840585,5.797101449275362
E00033458,80,33,10,23,47,45,2,41.25,12.5,28.749999999999996,58.75,56.25,2.5
E00033459,91,31,10,21,60,54,6,34.065934065934066,10.989010989010989,23.076923076923077,65.93406593406593,59.34065934065934,6.593406593406594
E00033460,231,79,19,60,152,138,14,34.1991341991342,8.225108225108226,25.97402597402597,65.80086580086581,59.74025974025974,6.0606060606060606
E00033462,192,54,13,41,138,122,16,28.125,6.770833333333333,21.354166666666664,71.875,63.541666666666664,8.333333333333332
E00033463,86,26,7,19,60,53,7,30.23255813953488,8.13953488372093,22.093023255813954,69.76744186046511,61.627906976744185,8.13953488372093
E00033464,129,51,18,33,78,76,2,39.53488372093023,13.953488372093023,25.581395348837212,60.46511627906976,58.91472868217055,1.550387596899225
E00033466,135,41,8,33,94,82,12,30.37037037037037,5.9259259259259265,24.444444444444443,69.62962962962963,60.74074074074074,8.88888888888889
E00033468,115,30,5,25,85,82,3,26.08695652173913,4.3478260869565215,21.73913043478261,73.91304347826086,71.30434782608695,2.608695652173913
E00033470,135,45,5,40,90,81,9,33.33333333333333,3.7037037037037033,29.629629629629626,66.66666666666666,60,6.666666666666667
E00033471,116,30,10,20,86,81,5,25.862068965517242,8.620689655172415,17.24137931034483,74.13793103448276,69.82758620689656,4.310344827586207
E00033472,103,27,5,22,76,68,8,26.21359223300971,4.854368932038835,21.35922330097087,73.7864077669903,66.01941747572816,7.766990291262135
E00033473,115,35,8,27,80,73,7,30.434782608695656,6.956521739130435,23.47826086956522,69.56521739130434,63.47826086956522,6.086956521739131
E00033474,70,24,10,14,46,32,14,34.285714285714285,14.285714285714285,20,65.71428571428571,45.714285714285715,20
E00033475,110,31,15,16,79,69,10,28.18181818181818,13.636363636363635,14.545454545454545,71.81818181818181,62.727272727272734,9.090909090909092
E00033476,99,22,3,19,77,70,7,22.22222222222222,3.0303030303030303,19.19191919191919,77.77777777777779,70.70707070707071,7.07070707070707
E00033477,94,23,7,16,71,64,7,24.46808510638298,7.446808510638298,17.02127659574468,75.53191489361703,68.08510638297872,7.446808510638298
E00033478,94,26,4,22,68,64,4,27.659574468085108,4.25531914893617,23.404255319148938,72.3404255319149,68.08510638297872,4.25531914893617
E00033479,169,51,9,42,118,112,6,30.17751479289941,5.325443786982249,24.85207100591716,69.8224852071006,66.27218934911244,3.5502958579881656
E00033480,128,41,13,28,87,73,14,32.03125,10.15625,21.875,67.96875,57.03125,10.9375
E00033481,148,57,16,41,91,82,9,38.513513513513516,10.81081081081081,27.7027027027027,61.48648648648649,55.4054054054054,6.081081081081082
E00033482,122,41,6,35,81,76,5,33.60655737704918,4.918032786885246,28.688524590163933,66.39344262295081,62.295081967213115,4.098360655737705
E00033483,121,42,14,28,79,67,12,34.710743801652896,11.570247933884298,23.140495867768596,65.28925619834712,55.371900826446286,9.917355371900827
E00033484,147,48,19,29,99,92,7,32.6530612244898,12.925170068027212,19.727891156462583,67.3469387755102,62.585034013605444,4.761904761904762
E00033485,143,42,14,28,101,89,12,29.37062937062937,9.79020979020979,19.58041958041958,70.62937062937063,62.23776223776224,8.391608391608392
E00033486,171,65,14,51,106,99,7,38.01169590643275,8.187134502923977,29.82456140350877,61.98830409356725,57.89473684210527,4.093567251461988
E00033487,52,19,5,14,33,33,0,36.53846153846153,9.615384615384617,26.923076923076923,63.46153846153846,63.46153846153846,0
E00033488,79,26,4,22,53,49,4,32.91139240506329,5.063291139240507,27.848101265822784,67.08860759493672,62.0253164556962,5.063291139240507
E00033489,123,43,19,24,80,73,7,34.959349593495936,15.447154471544716,19.51219512195122,65.04065040650406,59.34959349593496,5.691056910569105
E00033490,98,37,9,28,61,57,4,37.755102040816325,9.183673469387756,28.57142857142857,62.244897959183675,58.16326530612245,4.081632653061225
E00033491,95,12,0,12,83,79,4,12.631578947368421,0,12.631578947368421,87.36842105263159,83.15789473684211,4.2105263157894735
E00033492,136,46,9,37,90,78,12,33.82352941176471,6.61764705882353,27.205882352941174,66.17647058823529,57.35294117647059,8.823529411764707
E00033493,129,36,14,22,93,86,7,27.906976744186046,10.852713178294573,17.05426356589147,72.09302325581395,66.66666666666666,5.426356589147287
E00033494,103,38,9,29,65,62,3,36.89320388349515,8.737864077669903,28.155339805825243,63.10679611650486,60.19417475728155,2.912621359223301
E00033495,152,52,15,37,100,93,7,34.21052631578947,9.868421052631579,24.342105263157894,65.78947368421053,61.18421052631579,4.605263157894736
E00033496,110,37,10,27,73,67,6,33.63636363636363,9.090909090909092,24.545454545454547,66.36363636363637,60.909090909090914,5.454545454545454
E00033497,99,39,13,26,60,54,6,39.39393939393939,13.131313131313133,26.262626262626267,60.60606060606061,54.54545454545454,6.0606060606060606
E00033502,121,35,9,26,86,80,6,28.92561983471074,7.43801652892562,21.487603305785125,71.07438016528926,66.11570247933885,4.958677685950414
E00033503,130,31,11,20,99,91,8,23.846153846153847,8.461538461538462,15.384615384615385,76.15384615384615,70,6.153846153846154
E00033504,118,48,13,35,70,68,2,40.67796610169492,11.016949152542372,29.66101694915254,59.32203389830508,57.6271186440678,1.694915254237288
E00033505,107,22,6,16,85,81,4,20.5607476635514,5.607476635514018,14.953271028037381,79.43925233644859,75.70093457943925,3.7383177570093453
E00033506,108,40,9,31,68,63,5,37.03703703703704,8.333333333333332,28.703703703703702,62.96296296296296,58.333333333333336,4.62962962962963
E00033507,68,28,10,18,40,39,1,41.17647058823529,14.705882352941178,26.47058823529412,58.82352941176471,57.35294117647059,1.4705882352941175
E00033508,107,49,15,34,58,50,8,45.794392523364486,14.018691588785046,31.775700934579437,54.20560747663551,46.728971962616825,7.476635514018691
E00033509,109,35,10,25,74,68,6,32.11009174311927,9.174311926605505,22.93577981651376,67.88990825688074,62.38532110091744,5.5045871559633035
E00033510,114,42,7,35,72,63,9,36.84210526315789,6.140350877192982,30.701754385964914,63.1578947368421,55.26315789473685,7.894736842105263
E00033511,84,27,14,13,57,55,2,32.142857142857146,16.666666666666664,15.476190476190476,67.85714285714286,65.47619047619048,2.380952380952381
E00033512,87,25,8,17,62,58,4,28.735632183908045,9.195402298850574,19.54022988505747,71.26436781609196,66.66666666666666,4.597701149425287
E00033513,119,48,13,35,71,66,5,40.33613445378151,10.92436974789916,29.411764705882355,59.66386554621849,55.46218487394958,4.201680672268908
E00033514,86,30,11,19,56,52,4,34.883720930232556,12.790697674418606,22.093023255813954,65.11627906976744,60.46511627906976,4.651162790697675
E00033515,99,35,9,26,64,60,4,35.35353535353536,9.090909090909092,26.262626262626267,64.64646464646465,60.60606060606061,4.040404040404041
E00033516,96,27,7,20,69,63,6,28.125,7.291666666666667,20.833333333333336,71.875,65.625,6.25
E00033517,109,40,7,33,69,64,5,36.69724770642202,6.422018348623854,30.275229357798167,63.30275229357798,58.71559633027523,4.587155963302752
E00033518,97,31,11,20,66,58,8,31.958762886597935,11.34020618556701,20.618556701030926,68.04123711340206,59.79381443298969,8.24742268041237
E00033519,126,34,5,29,92,85,7,26.984126984126984,3.968253968253968,23.015873015873016,73.01587301587301,67.46031746031747,5.555555555555555
E00033520,69,21,8,13,48,42,6,30.434782608695656,11.594202898550725,18.84057971014493,69.56521739130434,60.86956521739131,8.695652173913043
E00033521,93,21,2,19,72,59,13,22.58064516129032,2.1505376344086025,20.43010752688172,77.41935483870968,63.44086021505376,13.978494623655912
E00033522,86,24,4,20,62,53,9,27.906976744186046,4.651162790697675,23.25581395348837,72.09302325581395,61.627906976744185,10.465116279069768
E00033523,122,37,15,22,85,76,9,30.327868852459016,12.295081967213115,18.0327868852459,69.67213114754098,62.295081967213115,7.377049180327869
E00033524,199,67,16,51,132,121,11,33.66834170854271,8.040201005025125,25.628140703517587,66.33165829145729,60.80402010050251,5.527638190954774
E00033525,153,40,9,31,113,103,10,26.143790849673206,5.88235294117647,20.26143790849673,73.8562091503268,67.3202614379085,6.535947712418301
E00033526,122,36,9,27,86,73,13,29.508196721311474,7.377049180327869,22.131147540983605,70.49180327868852,59.83606557377049,10.655737704918032
E00033527,166,65,17,48,101,88,13,39.1566265060241,10.240963855421686,28.915662650602407,60.8433734939759,53.01204819277109,7.83132530120482
E00033528,113,30,13,17,83,76,7,26.548672566371685,11.504424778761061,15.04424778761062,73.45132743362832,67.2566371681416,6.1946902654867255
E00033530,206,67,20,47,139,124,15,32.5242718446602,9.70873786407767,22.815533980582526,67.47572815533981,60.19417475728155,7.281553398058252
E00033531,162,47,13,34,115,100,15,29.01234567901235,8.024691358024691,20.98765432098765,70.98765432098766,61.72839506172839,9.25925925925926
E00033532,182,53,13,40,129,111,18,29.120879120879124,7.142857142857142,21.978021978021978,70.87912087912088,60.98901098901099,9.89010989010989
E00033533,99,27,8,19,72,64,8,27.27272727272727,8.080808080808081,19.19191919191919,72.72727272727273,64.64646464646465,8.080808080808081
E00033534,78,23,5,18,55,48,7,29.48717948717949,6.41025641025641,23.076923076923077,70.51282051282051,61.53846153846154,8.974358974358974
E00033535,131,39,14,25,92,78,14,29.770992366412212,10.687022900763358,19.083969465648856,70.22900763358778,59.541984732824424,10.687022900763358
E00033536,146,47,11,36,99,80,19,32.19178082191781,7.534246575342466,24.65753424657534,67.8082191780822,54.794520547945204,13.013698630136986
E00033537,147,49,9,40,98,88,10,33.33333333333333,6.122448979591836,27.2108843537415,66.66666666666666,59.863945578231295,6.802721088435375
E00033538,173,48,8,40,125,109,16,27.74566473988439,4.624277456647398,23.121387283236995,72.25433526011561,63.005780346820806,9.248554913294797
E00033539,162,42,11,31,120,111,9,25.925925925925924,6.790123456790123,19.1358024691358,74.07407407407408,68.51851851851852,5.555555555555555
E00033540,252,78,31,47,174,138,36,30.952380952380953,12.3015873015873,18.650793650793652,69.04761904761905,54.761904761904766,14.285714285714285
E00033541,148,30,10,20,118,109,9,20.27027027027027,6.756756756756757,13.513513513513514,79.72972972972973,73.64864864864865,6.081081081081082
E00033542,139,41,18,23,98,83,15,29.496402877697843,12.949640287769784,16.546762589928058,70.50359712230215,59.71223021582733,10.79136690647482
E00033543,140,42,16,26,98,83,15,30,11.428571428571429,18.571428571428573,70,59.285714285714285,10.714285714285714
E00033544,111,25,4,21,86,77,9,22.52252252252252,3.6036036036036037,18.91891891891892,77.47747747747748,69.36936936936937,8.108108108108109
E00033545,106,39,4,35,67,60,7,36.79245283018868,3.7735849056603774,33.0188679245283,63.20754716981132,56.60377358490566,6.60377358490566
E00033546,140,44,13,31,96,85,11,31.428571428571427,9.285714285714286,22.142857142857142,68.57142857142857,60.71428571428571,7.857142857142857
E00033547,194,55,11,44,139,122,17,28.350515463917525,5.670103092783505,22.68041237113402,71.64948453608247,62.88659793814433,8.762886597938143
E00033548,132,32,7,25,100,84,16,24.242424242424242,5.303030303030303,18.939393939393938,75.75757575757575,63.63636363636363,12.121212121212121
E00033549,153,51,8,43,102,92,10,33.33333333333333,5.228758169934641,28.104575163398692,66.66666666666666,60.130718954248366,6.535947712418301
E00033550,227,68,32,36,159,134,25,29.955947136563875,14.096916299559473,15.859030837004406,70.04405286343612,59.03083700440529,11.013215859030836
E00033551,73,19,4,15,54,50,4,26.027397260273972,5.47945205479452,20.54794520547945,73.97260273972603,68.4931506849315,5.47945205479452
E00033552,165,39,13,26,126,114,12,23.636363636363637,7.878787878787878,15.757575757575756,76.36363636363637,69.0909090909091,7.2727272727272725
E00033553,144,45,17,28,99,88,11,31.25,11.805555555555555,19.444444444444446,68.75,61.111111111111114,7.638888888888889
E00033554,164,49,11,38,115,104,11,29.878048780487802,6.707317073170732,23.170731707317074,70.1219512195122,63.41463414634146,6.707317073170732
E00033555,94,28,13,15,66,56,10,29.78723404255319,13.829787234042554,15.957446808510639,70.2127659574468,59.57446808510638,10.638297872340425
E00033556,162,46,14,32,116,98,18,28.39506172839506,8.641975308641975,19.753086419753085,71.60493827160494,60.49382716049383,11.11111111111111
E00033557,158,49,17,32,109,88,21,31.0126582278481,10.759493670886076,20.253164556962027,68.9873417721519,55.69620253164557,13.291139240506327
E00033558,161,51,12,39,110,98,12,31.67701863354037,7.453416149068323,24.22360248447205,68.32298136645963,60.86956521739131,7.453416149068323
E00033559,143,34,11,23,109,96,13,23.776223776223777,7.6923076923076925,16.083916083916083,76.22377622377621,67.13286713286713,9.090909090909092
E00033560,111,34,8,26,77,61,16,30.630630630630627,7.207207207207207,23.423423423423422,69.36936936936937,54.95495495495496,14.414414414414415
E00033561,178,50,21,29,128,103,25,28.08988764044944,11.797752808988763,16.292134831460675,71.91011235955057,57.865168539325836,14.04494382022472
E00033562,120,35,14,21,85,75,10,29.166666666666668,11.666666666666666,17.5,70.83333333333334,62.5,8.333333333333332
E00033563,121,40,8,32,81,70,11,33.057851239669425,6.6115702479338845,26.446280991735538,66.94214876033058,57.85123966942148,9.090909090909092
E00033564,156,51,14,37,105,87,18,32.69230769230769,8.974358974358974,23.717948717948715,67.3076923076923,55.769230769230774,11.538461538461538
E00033565,141,38,12,26,103,86,17,26.95035460992908,8.51063829787234,18.439716312056735,73.04964539007092,60.99290780141844,12.056737588652481
E00033566,121,46,14,32,75,64,11,38.01652892561984,11.570247933884298,26.446280991735538,61.98347107438017,52.892561983471076,9.090909090909092
E00033567,172,43,7,36,129,114,15,25,4.069767441860465,20.930232558139537,75,66.27906976744185,8.720930232558139
E00033568,133,50,9,41,83,78,5,37.59398496240601,6.7669172932330826,30.82706766917293,62.40601503759399,58.64661654135338,3.7593984962406015
E00033569,103,32,11,21,71,61,10,31.06796116504854,10.679611650485436,20.388349514563107,68.93203883495146,59.22330097087378,9.70873786407767
E00033570,167,51,14,37,116,107,9,30.538922155688624,8.383233532934131,22.15568862275449,69.46107784431138,64.07185628742515,5.389221556886228
E00033571,107,34,8,26,73,72,1,31.775700934579437,7.476635514018691,24.299065420560748,68.22429906542055,67.28971962616822,0.9345794392523363
E00033572,130,40,11,29,90,86,4,30.76923076923077,8.461538461538462,22.30769230769231,69.23076923076923,66.15384615384615,3.076923076923077
E00033573,67,14,2,12,53,49,4,20.8955223880597,2.9850746268656714,17.91044776119403,79.1044776119403,73.13432835820896,5.970149253731343
E00033574,152,37,12,25,115,99,16,24.342105263157894,7.894736842105263,16.447368421052634,75.6578947368421,65.13157894736842,10.526315789473683
E00033575,97,27,10,17,70,64,6,27.835051546391753,10.309278350515463,17.525773195876287,72.16494845360825,65.97938144329896,6.185567010309279
E00033576,75,26,6,20,49,41,8,34.66666666666667,8,26.666666666666668,65.33333333333333,54.666666666666664,10.666666666666668
E00033577,135,32,13,19,103,94,9,23.703703703703706,9.62962962962963,14.074074074074074,76.29629629629629,69.62962962962963,6.666666666666667
E00033580,67,16,6,10,51,45,6,23.88059701492537,8.955223880597014,14.925373134328357,76.11940298507463,67.16417910447761,8.955223880597014
E00033581,174,66,25,41,108,105,3,37.93103448275862,14.367816091954023,23.563218390804597,62.06896551724138,60.3448275862069,1.7241379310344827
E00033582,114,38,9,29,76,67,9,33.33333333333333,7.894736842105263,25.438596491228072,66.66666666666666,58.77192982456141,7.894736842105263
E00033583,126,38,15,23,88,76,12,30.158730158730158,11.904761904761903,18.253968253968253,69.84126984126983,60.317460317460316,9.523809523809524
E00033584,191,91,44,47,100,84,16,47.64397905759162,23.036649214659686,24.60732984293194,52.35602094240838,43.97905759162304,8.37696335078534
E00033585,159,50,22,28,109,102,7,31.446540880503143,13.836477987421384,17.61006289308176,68.55345911949685,64.15094339622641,4.40251572327044
E00033586,218,49,15,34,169,146,23,22.477064220183486,6.8807339449541285,15.59633027522936,77.52293577981652,66.97247706422019,10.550458715596331
E00033587,107,25,9,16,82,73,9,23.364485981308412,8.411214953271028,14.953271028037381,76.63551401869158,68.22429906542055,8.411214953271028
E00033589,160,66,22,44,94,89,5,41.25,13.750000000000002,27.500000000000004,58.75,55.625,3.125
E00033590,194,37,12,25,157,142,15,19.072164948453608,6.185567010309279,12.886597938144329,80.9278350515464,73.19587628865979,7.731958762886598
E00033591,94,36,11,25,58,56,2,38.297872340425535,11.702127659574469,26.595744680851062,61.702127659574465,59.57446808510638,2.127659574468085
E00033592,101,49,14,35,52,48,4,48.51485148514851,13.861386138613863,34.65346534653465,51.48514851485149,47.524752475247524,3.9603960396039604
E00033593,108,30,12,18,78,78,0,27.77777777777778,11.11111111111111,16.666666666666664,72.22222222222221,72.22222222222221,0
E00033594,110,45,14,31,65,60,5,40.909090909090914,12.727272727272727,28.18181818181818,59.09090909090909,54.54545454545454,4.545454545454546
E00033595,80,22,6,16,58,52,6,27.500000000000004,7.5,20,72.5,65,7.5
E00033596,119,39,15,24,80,74,6,32.773109243697476,12.605042016806722,20.168067226890756,67.22689075630252,62.18487394957983,5.042016806722689
E00033597,118,35,19,16,83,76,7,29.66101694915254,16.101694915254235,13.559322033898304,70.33898305084746,64.40677966101694,5.932203389830509
E00033598,99,27,3,24,72,66,6,27.27272727272727,3.0303030303030303,24.242424242424242,72.72727272727273,66.66666666666666,6.0606060606060606
E00033599,112,28,12,16,84,80,4,25,10.714285714285714,14.285714285714285,75,71.42857142857143,3.571428571428571
E00033600,83,26,8,18,57,51,6,31.32530120481928,9.63855421686747,21.686746987951807,68.67469879518072,61.44578313253012,7.228915662650602
E00033601,115,40,10,30,75,70,5,34.78260869565217,8.695652173913043,26.08695652173913,65.21739130434783,60.86956521739131,4.3478260869565215
E00033602,165,44,12,32,121,105,16,26.666666666666668,7.2727272727272725,19.393939393939394,73.33333333333333,63.63636363636363,9.696969696969697
E00033603,98,38,9,29,60,56,4,38.775510204081634,9.183673469387756,29.591836734693878,61.224489795918366,57.14285714285714,4.081632653061225
E00033604,93,29,8,21,64,58,6,31.182795698924732,8.60215053763441,22.58064516129032,68.81720430107528,62.365591397849464,6.451612903225806
E00033605,137,29,11,18,108,97,11,21.16788321167883,8.02919708029197,13.138686131386862,78.83211678832117,70.8029197080292,8.02919708029197
E00033606,144,32,9,23,112,105,7,22.22222222222222,6.25,15.972222222222221,77.77777777777779,72.91666666666666,4.861111111111112
E00033607,106,26,12,14,80,72,8,24.528301886792452,11.320754716981133,13.20754716981132,75.47169811320755,67.9245283018868,7.547169811320755
E00033608,115,36,9,27,79,71,8,31.30434782608696,7.82608695652174,23.47826086956522,68.69565217391305,61.73913043478261,6.956521739130435
E00033611,167,31,10,21,136,121,15,18.562874251497004,5.9880239520958085,12.574850299401197,81.437125748502993,72.45508982035929,8.982035928143713
E00033613,107,33,10,23,74,71,3,30.8411214953271,9.345794392523365,21.49532710280374,69.1588785046729,66.35514018691589,2.803738317757009
E00033614,177,46,14,32,131,118,13,25.98870056497175,7.909604519774012,18.07909604519774,74.01129943502825,66.66666666666666,7.344632768361582
E00033616,172,53,16,37,119,100,19,30.813953488372093,9.30232558139535,21.511627906976745,69.18604651162791,58.139534883720934,11.046511627906977
E00033618,172,47,15,32,125,114,11,27.325581395348834,8.720930232558139,18.6046511627907,72.67441860465115,66.27906976744185,6.395348837209303
E00033620,141,36,9,27,105,93,12,25.53191489361702,6.382978723404255,19.148936170212767,74.46808510638297,65.95744680851064,8.51063829787234
E00033621,184,53,13,40,131,114,17,28.804347826086957,7.065217391304348,21.73913043478261,71.19565217391305,61.95652173913043,9.239130434782608
E00033623,126,30,11,19,96,83,13,23.809523809523807,8.73015873015873,15.079365079365079,76.19047619047619,65.87301587301587,10.317460317460316
E00033624,89,32,9,23,57,52,5,35.95505617977528,10.112359550561797,25.842696629213485,64.04494382022472,58.42696629213483,5.617977528089887
E00033625,154,42,11,31,112,99,13,27.27272727272727,7.142857142857142,20.12987012987013,72.72727272727273,64.28571428571429,8.441558441558442
E00033626,247,50,16,34,197,180,17,20.242914979757085,6.477732793522267,13.765182186234817,79.75708502024291,72.8744939271255,6.882591093117409
E00033627,196,42,14,28,154,143,11,21.428571428571427,7.142857142857142,14.285714285714285,78.57142857142857,72.95918367346938,5.612244897959184
E00033628,133,56,15,41,77,66,11,42.10526315789473,11.278195488721805,30.82706766917293,57.89473684210527,49.62406015037594,8.270676691729323
E00033629,203,64,12,52,139,117,22,31.527093596059114,5.911330049261084,25.615763546798032,68.4729064039409,57.635467980295566,10.83743842364532
E00033630,107,37,15,22,70,60,10,34.57943925233645,14.018691588785046,20.5607476635514,65.42056074766354,56.074766355140184,9.345794392523365
E00033631,66,25,5,20,41,41,0,37.878787878787875,7.575757575757576,30.303030303030305,62.121212121212125,62.121212121212125,0
E00033632,141,45,14,31,96,88,8,31.914893617021278,9.929078014184398,21.98581560283688,68.08510638297872,62.4113475177305,5.673758865248227
E00033633,116,27,9,18,89,79,10,23.275862068965516,7.758620689655173,15.517241379310345,76.72413793103449,68.10344827586206,8.620689655172415
E00033634,102,37,15,22,65,56,9,36.27450980392157,14.705882352941178,21.568627450980394,63.725490196078425,54.90196078431373,8.823529411764707
E00033635,135,39,8,31,96,80,16,28.888888888888886,5.9259259259259265,22.962962962962962,71.11111111111111,59.25925925925925,11.851851851851853
E00033636,137,45,12,33,92,83,9,32.846715328467155,8.75912408759124,24.087591240875913,67.15328467153284,60.58394160583942,6.569343065693431
E00033637,238,72,23,49,166,152,14,30.252100840336134,9.663865546218489,20.588235294117645,69.74789915966386,63.86554621848739,5.88235294117647
E00033639,89,31,4,27,58,51,7,34.831460674157306,4.49438202247191,30.337078651685395,65.1685393258427,57.30337078651685,7.865168539325842
E00033640,114,44,13,31,70,67,3,38.59649122807017,11.403508771929824,27.192982456140353,61.40350877192983,58.77192982456141,2.631578947368421
E00033641,131,33,13,20,98,84,14,25.190839694656486,9.923664122137405,15.267175572519085,74.80916030534351,64.12213740458014,10.687022900763358
E00033642,168,55,18,37,113,104,9,32.73809523809524,10.714285714285714,22.023809523809522,67.26190476190477,61.904761904761905,5.357142857142857
E00033643,109,31,9,22,78,74,4,28.440366972477065,8.256880733944955,20.18348623853211,71.55963302752293,67.88990825688074,3.669724770642202
E00033644,91,43,11,32,48,42,6,47.25274725274725,12.087912087912088,35.16483516483517,52.74725274725275,46.15384615384615,6.593406593406594
E00033645,100,38,9,29,62,55,7,38,9,28.999999999999996,62,55.00000000000001,7.000000000000001
E00033646,52,19,4,15,33,29,4,36.53846153846153,7.6923076923076925,28.846153846153843,63.46153846153846,55.769230769230774,7.6923076923076925
E00033647,114,41,11,30,73,64,9,35.96491228070175,9.649122807017543,26.31578947368421,64.03508771929825,56.14035087719298,7.894736842105263
E00033648,110,43,7,36,67,57,10,39.09090909090909,6.363636363636363,32.72727272727273,60.909090909090914,51.81818181818182,9.090909090909092
E00033649,163,49,13,36,114,106,8,30.061349693251532,7.975460122699387,22.085889570552148,69.93865030674846,65.03067484662577,4.9079754601226995
E00033650,125,45,9,36,80,74,6,36,7.199999999999999,28.799999999999997,64,59.199999999999996,4.8
E00033651,67,22,4,18,45,42,3,32.83582089552239,5.970149253731343,26.865671641791046,67.16417910447761,62.68656716417911,4.477611940298507
E00033652,106,45,11,34,61,61,0,42.45283018867924,10.377358490566039,32.075471698113205,57.54716981132076,57.54716981132076,0
E00033653,138,41,11,30,97,88,9,29.71014492753623,7.971014492753622,21.73913043478261,70.28985507246377,63.76811594202898,6.521739130434782
E00033654,93,28,8,20,65,58,7,30.107526881720432,8.60215053763441,21.50537634408602,69.89247311827957,62.365591397849464,7.526881720430108
E00033655,157,58,17,41,99,89,10,36.94267515923567,10.828025477707007,26.11464968152866,63.05732484076433,56.68789808917197,6.369426751592357
E00033656,90,35,17,18,55,54,1,38.88888888888889,18.88888888888889,20,61.111111111111114,60,1.1111111111111112
E00033657,77,28,9,19,49,49,0,36.36363636363637,11.688311688311687,24.675324675324674,63.63636363636363,63.63636363636363,0
E00033658,124,37,8,29,87,81,6,29.838709677419356,6.451612903225806,23.387096774193548,70.16129032258065,65.32258064516128,4.838709677419355
E00033659,149,38,14,24,111,100,11,25.503355704697988,9.395973154362416,16.10738255033557,74.49664429530202,67.11409395973155,7.38255033557047
E00033660,111,46,9,37,65,58,7,41.44144144144144,8.108108108108109,33.33333333333333,58.55855855855856,52.25225225225225,6.306306306306306
E00033662,115,48,14,34,67,56,11,41.73913043478261,12.173913043478262,29.565217391304348,58.26086956521739,48.69565217391305,9.565217391304348
E00033663,70,16,4,12,54,35,19,22.857142857142858,5.714285714285714,17.142857142857142,77.14285714285715,50,27.142857142857142
E00033664,86,32,9,23,54,46,8,37.2093023255814,10.465116279069768,26.744186046511626,62.7906976744186,53.48837209302325,9.30232558139535
E00033665,245,76,17,59,169,145,24,31.020408163265305,6.938775510204081,24.081632653061224,68.9795918367347,59.183673469387756,9.795918367346939
E00033666,68,28,5,23,40,34,6,41.17647058823529,7.352941176470589,33.82352941176471,58.82352941176471,50,8.823529411764707
E00033667,127,33,11,22,94,87,7,25.984251968503933,8.661417322834646,17.322834645669293,74.01574803149606,68.50393700787401,5.511811023622047
E00033668,117,33,12,21,84,72,12,28.205128205128204,10.256410256410255,17.94871794871795,71.7948717948718,61.53846153846154,10.256410256410255
E00033669,120,28,9,19,92,89,3,23.333333333333332,7.5,15.833333333333332,76.66666666666667,74.16666666666667,2.5
E00033672,127,50,22,28,77,74,3,39.37007874015748,17.322834645669293,22.04724409448819,60.629921259842526,58.26771653543307,2.3622047244094486
E00033673,62,29,7,22,33,27,6,46.774193548387096,11.29032258064516,35.483870967741936,53.2258064516129,43.54838709677419,9.67741935483871
E00033677,75,25,6,19,50,43,7,33.33333333333333,8,25.333333333333336,66.66666666666666,57.333333333333336,9.333333333333334
E00033684,153,57,17,40,96,82,14,37.254901960784316,11.11111111111111,26.143790849673206,62.745098039215684,53.59477124183007,9.15032679738562
E00033686,124,41,13,28,83,79,4,33.064516129032256,10.483870967741936,22.58064516129032,66.93548387096774,63.70967741935484,3.225806451612903
E00033687,156,73,32,41,83,79,4,46.794871794871796,20.51282051282051,26.282051282051285,53.205128205128204,50.641025641025635,2.564102564102564
E00033688,53,28,7,21,25,21,4,52.83018867924528,13.20754716981132,39.62264150943396,47.16981132075472,39.62264150943396,7.547169811320755
E00033689,222,73,15,58,149,140,9,32.88288288288289,6.756756756756757,26.126126126126124,67.11711711711712,63.06306306306306,4.054054054054054
E00033690,205,86,33,53,119,109,10,41.951219512195124,16.097560975609756,25.853658536585368,58.048780487804876,53.170731707317074,4.878048780487805
E00033691,96,32,7,25,64,60,4,33.33333333333333,7.291666666666667,26.041666666666668,66.66666666666666,62.5,4.166666666666666
E00033692,196,26,9,17,170,139,31,13.26530612244898,4.591836734693878,8.673469387755102,86.73469387755102,70.91836734693877,15.816326530612246
E00033694,81,35,6,29,46,44,2,43.20987654320987,7.4074074074074066,35.80246913580247,56.79012345679012,54.32098765432099,2.4691358024691357
E00033695,123,53,19,34,70,64,6,43.08943089430895,15.447154471544716,27.64227642276423,56.91056910569105,52.03252032520326,4.878048780487805
E00033696,170,54,7,47,116,107,9,31.76470588235294,4.117647058823529,27.647058823529413,68.23529411764706,62.94117647058823,5.294117647058823
E00033697,130,34,9,25,96,92,4,26.153846153846157,6.923076923076923,19.230769230769234,73.84615384615385,70.76923076923077,3.076923076923077
E00033698,167,57,14,43,110,101,9,34.13173652694611,8.383233532934131,25.748502994011975,65.86826347305389,60.47904191616767,5.389221556886228
E00033699,162,56,16,40,106,102,4,34.5679012345679,9.876543209876543,24.691358024691358,65.4320987654321,62.96296296296296,2.4691358024691357
E00033700,99,26,9,17,73,66,7,26.262626262626267,9.090909090909092,17.17171717171717,73.73737373737373,66.66666666666666,7.07070707070707
E00033701,203,61,19,42,142,128,14,30.049261083743843,9.35960591133005,20.689655172413794,69.95073891625616,63.05418719211823,6.896551724137931
E00033702,81,22,5,17,59,52,7,27.160493827160494,6.172839506172839,20.98765432098765,72.8395061728395,64.19753086419753,8.641975308641975
E00033703,85,29,9,20,56,48,8,34.11764705882353,10.588235294117647,23.52941176470588,65.88235294117646,56.470588235294116,9.411764705882353
E00033704,207,58,10,48,149,134,15,28.019323671497588,4.830917874396135,23.18840579710145,71.98067632850241,64.73429951690821,7.246376811594203
E00033705,187,55,17,38,132,121,11,29.411764705882355,9.090909090909092,20.32085561497326,70.58823529411765,64.70588235294117,5.88235294117647
E00033706,114,25,11,14,89,79,10,21.929824561403507,9.649122807017543,12.280701754385964,78.0701754385965,69.2982456140351,8.771929824561402
E00033707,111,28,8,20,83,79,4,25.225225225225223,7.207207207207207,18.01801801801802,74.77477477477478,71.17117117117117,3.6036036036036037
E00033708,82,35,16,19,47,41,6,42.68292682926829,19.51219512195122,23.170731707317074,57.3170731707317,50,7.317073170731707
E00033709,85,25,11,14,60,56,4,29.411764705882355,12.941176470588237,16.470588235294116,70.58823529411765,65.88235294117646,4.705882352941177
E00033710,135,33,9,24,102,96,6,24.444444444444443,6.666666666666667,17.77777777777778,75.55555555555556,71.11111111111111,4.444444444444445
E00033711,48,24,11,13,24,24,0,50,22.916666666666664,27.083333333333332,50,50,0
E00033712,154,57,18,39,97,91,6,37.01298701298701,11.688311688311687,25.324675324675322,62.98701298701299,59.09090909090909,3.896103896103896
E00033713,136,38,8,30,98,92,6,27.941176470588236,5.88235294117647,22.058823529411764,72.05882352941177,67.64705882352942,4.411764705882353
E00033715,171,51,11,40,120,102,18,29.82456140350877,6.432748538011696,23.391812865497073,70.17543859649122,59.64912280701754,10.526315789473683
E00033716,80,30,6,24,50,44,6,37.5,7.5,30,62.5,55.00000000000001,7.5
E00033717,107,33,16,17,74,70,4,30.8411214953271,14.953271028037381,15.887850467289718,69.1588785046729,65.42056074766354,3.7383177570093453
E00033718,318,72,19,53,246,213,33,22.641509433962266,5.9748427672955975,16.666666666666664,77.35849056603774,66.98113207547169,10.377358490566039
E00033719,188,58,15,43,130,113,17,30.851063829787233,7.9787234042553195,22.872340425531913,69.14893617021278,60.1063829787234,9.042553191489363
E00033720,168,48,16,32,120,102,18,28.57142857142857,9.523809523809524,19.047619047619047,71.42857142857143,60.71428571428571,10.714285714285714
E00033721,208,59,23,36,149,135,14,28.365384615384613,11.057692307692307,17.307692307692307,71.63461538461539,64.90384615384616,6.730769230769231
E00033722,104,27,6,21,77,67,10,25.961538461538463,5.769230769230769,20.192307692307693,74.03846153846155,64.42307692307693,9.615384615384617
E00033723,228,54,16,38,174,150,24,23.684210526315788,7.017543859649122,16.666666666666664,76.31578947368422,65.78947368421053,10.526315789473683
E00033724,145,47,8,39,98,92,6,32.41379310344827,5.517241379310345,26.89655172413793,67.58620689655173,63.44827586206897,4.137931034482759
E00033725,187,42,15,27,145,134,11,22.459893048128343,8.0213903743315509,14.43850267379679,77.54010695187165,71.65775401069519,5.88235294117647
E00033726,109,38,10,28,71,69,2,34.862385321100916,9.174311926605505,25.688073394495415,65.13761467889908,63.30275229357798,1.834862385321101
E00033727,107,48,10,38,59,53,6,44.85981308411215,9.345794392523365,35.51401869158878,55.140186915887845,49.532710280373834,5.607476635514018
E00033728,227,65,17,48,162,145,17,28.634361233480178,7.488986784140969,21.145374449339208,71.36563876651982,63.87665198237885,7.488986784140969
E00033729,113,38,12,26,75,68,7,33.6283185840708,10.619469026548673,23.008849557522122,66.3716814159292,60.17699115044248,6.1946902654867255
E00033730,134,31,9,22,103,94,9,23.134328358208954,6.7164179104477615,16.417910447761194,76.86567164179104,70.1492537313433,6.7164179104477615
E00033731,69,19,6,13,50,43,7,27.536231884057973,8.695652173913043,18.84057971014493,72.46376811594203,62.31884057971014,10.144927536231885
E00033732,109,38,7,31,71,71,0,34.862385321100916,6.422018348623854,28.440366972477065,65.13761467889908,65.13761467889908,0
E00033733,109,31,7,24,78,73,5,28.440366972477065,6.422018348623854,22.018348623853214,71.55963302752293,66.97247706422019,4.587155963302752
E00033734,90,30,9,21,60,50,10,33.33333333333333,10,23.333333333333332,66.66666666666666,55.55555555555556,11.11111111111111
E00033735,25,9,3,6,16,15,1,36,12,24,64,60,4
E00033736,97,23,3,20,74,74,0,23.711340206185564,3.0927835051546393,20.618556701030926,76.28865979381443,76.28865979381443,0
E00033737,182,57,18,39,125,109,16,31.318681318681318,9.89010989010989,21.428571428571427,68.68131868131869,59.89010989010989,8.791208791208792
E00033738,57,20,5,15,37,33,4,35.08771929824561,8.771929824561402,26.31578947368421,64.91228070175438,57.89473684210527,7.017543859649122
E00033739,106,33,11,22,73,66,7,31.132075471698112,10.377358490566039,20.754716981132077,68.86792452830188,62.264150943396224,6.60377358490566
E00033740,159,39,6,33,120,112,8,24.528301886792452,3.7735849056603774,20.754716981132077,75.47169811320755,70.44025157232704,5.031446540880504
E00033741,121,43,12,31,78,68,10,35.53719008264463,9.917355371900827,25.6198347107438,64.46280991735537,56.19834710743802,8.264462809917356
E00033742,119,32,6,26,87,81,6,26.89075630252101,5.042016806722689,21.84873949579832,73.10924369747899,68.0672268907563,5.042016806722689
E00033743,118,32,11,21,86,82,4,27.11864406779661,9.322033898305085,17.796610169491526,72.88135593220339,69.49152542372882,3.389830508474576
E00033744,160,44,11,33,116,103,13,27.500000000000004,6.875000000000001,20.625,72.5,64.375,8.125
E00033745,59,19,3,16,40,36,4,32.20338983050847,5.084745762711865,27.11864406779661,67.79661016949152,61.016949152542374,6.779661016949152
E00033746,80,27,7,20,53,47,6,33.75,8.75,25,66.25,58.75,7.5
E00033747,143,51,14,37,92,85,7,35.66433566433567,9.79020979020979,25.874125874125873,64.33566433566433,59.44055944055944,4.895104895104895
E00033748,98,34,9,25,64,64,0,34.69387755102041,9.183673469387756,25.510204081632654,65.3061224489796,65.3061224489796,0
E00033749,125,48,22,26,77,72,5,38.4,17.599999999999998,20.8,61.6,57.599999999999994,4
E00033750,197,52,13,39,145,132,13,26.39593908629442,6.598984771573605,19.796954314720814,73.60406091370558,67.00507614213198,6.598984771573605
E00033752,168,55,14,41,113,102,11,32.73809523809524,8.333333333333332,24.404761904761905,67.26190476190477,60.71428571428571,6.547619047619048
E00033753,134,43,9,34,91,84,7,32.08955223880597,6.7164179104477615,25.37313432835821,67.91044776119402,62.68656716417911,5.223880597014925
E00033754,169,63,15,48,106,100,6,37.278106508875744,8.875739644970414,28.402366863905325,62.721893491124256,59.171597633136095,3.5502958579881656
E00033755,173,53,24,29,120,103,17,30.63583815028902,13.872832369942195,16.76300578034682,69.36416184971098,59.53757225433526,9.826589595375722
E00033756,179,42,11,31,137,125,12,23.463687150837988,6.145251396648044,17.318435754189945,76.53631284916202,69.83240223463687,6.70391061452514
E00033758,109,31,5,26,78,73,5,28.440366972477065,4.587155963302752,23.853211009174313,71.55963302752293,66.97247706422019,4.587155963302752
E00033759,97,32,9,23,65,55,10,32.98969072164948,9.278350515463918,23.711340206185564,67.0103092783505,56.70103092783505,10.309278350515463
E00033762,133,30,9,21,103,97,6,22.55639097744361,6.7669172932330826,15.789473684210526,77.44360902255639,72.93233082706767,4.511278195488721
E00033763,167,51,18,33,116,102,14,30.538922155688624,10.778443113772456,19.760479041916167,69.46107784431138,61.07784431137725,8.383233532934131
E00033764,204,64,11,53,140,131,9,31.372549019607842,5.392156862745098,25.98039215686275,68.62745098039215,64.2156862745098,4.411764705882353
E00033765,136,36,9,27,100,93,7,26.47058823529412,6.61764705882353,19.852941176470587,73.52941176470588,68.38235294117648,5.147058823529411
E00033766,180,55,21,34,125,115,10,30.555555555555557,11.666666666666666,18.88888888888889,69.44444444444444,63.888888888888886,5.555555555555555
E00033767,135,32,10,22,103,87,16,23.703703703703706,7.4074074074074066,16.296296296296298,76.29629629629629,64.44444444444444,11.851851851851853
E00033768,140,36,14,22,104,92,12,25.71428571428571,10,15.714285714285714,74.28571428571429,65.71428571428571,8.571428571428571
E00033769,69,25,9,16,44,43,1,36.231884057971016,13.043478260869565,23.18840579710145,63.76811594202898,62.31884057971014,1.4492753623188406
E00033770,209,58,13,45,151,137,14,27.751196172248804,6.220095693779904,21.5311004784689,72.24880382775119,65.55023923444976,6.698564593301436
E00033771,206,53,12,41,153,132,21,25.728155339805824,5.825242718446602,19.902912621359224,74.27184466019418,64.07766990291263,10.194174757281553
E00033773,97,37,7,30,60,56,4,38.144329896907216,7.216494845360824,30.927835051546392,61.855670103092784,57.73195876288659,4.123711340206185
E00033774,127,42,15,27,85,76,9,33.07086614173229,11.811023622047244,21.25984251968504,66.92913385826772,59.84251968503938,7.086614173228346
E00033775,224,74,23,51,150,134,16,33.035714285714285,10.267857142857142,22.767857142857142,66.96428571428571,59.82142857142857,7.142857142857142
E00033776,93,30,7,23,63,55,8,32.25806451612903,7.526881720430108,24.731182795698924,67.74193548387096,59.13978494623656,8.60215053763441
E00033777,151,45,11,34,106,88,18,29.80132450331126,7.28476821192053,22.516556291390728,70.19867549668875,58.27814569536424,11.920529801324504
E00033778,191,55,19,36,136,124,12,28.79581151832461,9.947643979057592,18.848167539267017,71.20418848167539,64.92146596858639,6.282722513089005
E00033779,98,30,8,22,68,62,6,30.612244897959183,8.16326530612245,22.448979591836736,69.38775510204081,63.26530612244898,6.122448979591836
E00033780,93,37,15,22,56,51,5,39.784946236559136,16.129032258064516,23.655913978494624,60.215053763440864,54.83870967741935,5.376344086021505
E00033781,134,34,0,34,100,86,14,25.37313432835821,0,25.37313432835821,74.6268656716418,64.17910447761194,10.44776119402985
E00033782,110,21,5,16,89,85,4,19.090909090909093,4.545454545454546,14.545454545454545,80.9090909090909,77.27272727272727,3.6363636363636362
E00033783,153,54,17,37,99,84,15,35.294117647058826,11.11111111111111,24.183006535947712,64.70588235294117,54.90196078431373,9.803921568627452
E00033784,176,57,12,45,119,107,12,32.38636363636363,6.8181818181818175,25.568181818181817,67.61363636363636,60.79545454545454,6.8181818181818175
E00033785,117,27,5,22,90,80,10,23.076923076923077,4.273504273504273,18.803418803418804,76.92307692307693,68.37606837606837,8.547008547008547
E00033786,220,69,18,51,151,128,23,31.363636363636367,8.181818181818182,23.18181818181818,68.63636363636364,58.18181818181818,10.454545454545453
E00033787,168,49,9,40,119,109,10,29.166666666666668,5.357142857142857,23.809523809523807,70.83333333333334,64.88095238095238,5.952380952380952
E00033788,181,42,17,25,139,119,20,23.204419889502763,9.392265193370166,13.812154696132598,76.79558011049724,65.74585635359117,11.049723756906078
E00033789,147,32,10,22,115,102,13,21.768707482993197,6.802721088435375,14.965986394557824,78.2312925170068,69.38775510204081,8.843537414965986
E00033790,174,51,16,35,123,105,18,29.310344827586203,9.195402298850574,20.114942528735632,70.6896551724138,60.3448275862069,10.344827586206897
E00033791,117,54,10,44,63,57,6,46.15384615384615,8.547008547008547,37.60683760683761,53.84615384615385,48.717948717948715,5.128205128205128
E00033792,109,38,12,26,71,59,12,34.862385321100916,11.009174311926607,23.853211009174313,65.13761467889908,54.12844036697248,11.009174311926607
E00033793,120,43,13,30,77,76,1,35.833333333333336,10.833333333333334,25,64.16666666666667,63.33333333333333,0.8333333333333334
E00033794,109,44,13,31,65,62,3,40.36697247706422,11.926605504587156,28.440366972477065,59.63302752293578,56.88073394495413,2.7522935779816518
E00033795,143,45,12,33,98,89,9,31.46853146853147,8.391608391608392,23.076923076923077,68.53146853146853,62.23776223776224,6.293706293706294
E00033796,60,28,9,19,32,31,1,46.666666666666664,15,31.666666666666664,53.333333333333336,51.66666666666667,1.6666666666666667
E00033797,90,33,5,28,57,52,5,36.666666666666664,5.555555555555555,31.11111111111111,63.33333333333333,57.77777777777777,5.555555555555555
E00033798,142,27,8,19,115,94,21,19.014084507042252,5.633802816901409,13.380281690140844,80.98591549295774,66.19718309859155,14.788732394366196
E00033799,107,46,16,30,61,47,14,42.99065420560748,14.953271028037381,28.037383177570092,57.009345794392516,43.925233644859816,13.084112149532709
E00033800,105,25,11,14,80,76,4,23.809523809523807,10.476190476190476,13.333333333333334,76.19047619047619,72.38095238095238,3.8095238095238098
E00033801,91,30,4,26,61,60,1,32.967032967032964,4.395604395604396,28.57142857142857,67.03296703296702,65.93406593406593,1.098901098901099
E00033802,64,13,5,8,51,44,7,20.3125,7.8125,12.5,79.6875,68.75,10.9375
E00033803,112,37,11,26,75,69,6,33.035714285714285,9.821428571428571,23.214285714285715,66.96428571428571,61.60714285714286,5.357142857142857
E00033804,121,44,10,34,77,74,3,36.36363636363637,8.264462809917356,28.09917355371901,63.63636363636363,61.15702479338842,2.479338842975207
E00033805,49,23,8,15,26,21,5,46.93877551020408,16.3265306122449,30.612244897959183,53.06122448979592,42.857142857142854,10.204081632653061
E00033806,99,28,10,18,71,63,8,28.28282828282828,10.1010101010101,18.181818181818183,71.71717171717171,63.63636363636363,8.080808080808081
E00033807,115,49,14,35,66,58,8,42.608695652173914,12.173913043478262,30.434782608695656,57.391304347826086,50.43478260869565,6.956521739130435
E00033808,66,31,11,20,35,33,2,46.96969696969697,16.666666666666664,30.303030303030305,53.03030303030303,50,3.0303030303030303
E00033810,72,37,16,21,35,29,6,51.388888888888886,22.22222222222222,29.166666666666668,48.61111111111111,40.27777777777778,8.333333333333332
E00033812,164,83,24,59,81,76,5,50.609756097560975,14.634146341463413,35.97560975609756,49.390243902439025,46.34146341463415,3.048780487804878
E00033813,166,67,20,47,99,90,9,40.36144578313253,12.048192771084338,28.313253012048197,59.63855421686747,54.21686746987952,5.421686746987952
E00033814,102,49,19,30,53,46,7,48.03921568627451,18.627450980392158,29.411764705882355,51.9607843137255,45.09803921568628,6.862745098039216
E00033815,86,43,12,31,43,41,2,50,13.953488372093023,36.04651162790697,50,47.674418604651166,2.3255813953488373
E00033816,105,40,14,26,65,58,7,38.095238095238095,13.333333333333334,24.761904761904763,61.904761904761905,55.23809523809524,6.666666666666667
E00033818,82,39,9,30,43,42,1,47.5609756097561,10.975609756097562,36.58536585365854,52.4390243902439,51.21951219512195,1.2195121951219512
E00033819,137,45,21,24,92,85,7,32.846715328467155,15.328467153284672,17.51824817518248,67.15328467153284,62.04379562043796,5.109489051094891
E00033820,81,45,15,30,36,31,5,55.55555555555556,18.51851851851852,37.03703703703704,44.44444444444444,38.2716049382716,6.172839506172839
E00033821,64,25,9,16,39,31,8,39.0625,14.0625,25,60.9375,48.4375,12.5
E00033822,119,51,20,31,68,62,6,42.857142857142854,16.80672268907563,26.05042016806723,57.14285714285714,52.10084033613446,5.042016806722689
E00033823,178,62,22,40,116,91,25,34.831460674157306,12.359550561797752,22.47191011235955,65.1685393258427,51.12359550561798,14.04494382022472
E00033824,140,54,24,30,86,75,11,38.57142857142858,17.142857142857142,21.428571428571427,61.42857142857143,53.57142857142857,7.857142857142857
E00033825,102,55,16,39,47,42,5,53.92156862745098,15.686274509803921,38.23529411764706,46.07843137254902,41.17647058823529,4.901960784313726
E00033826,227,56,21,35,171,145,26,24.669603524229075,9.251101321585903,15.418502202643172,75.33039647577093,63.87665198237885,11.45374449339207
E00033827,102,27,8,19,75,66,9,26.47058823529412,7.8431372549019605,18.627450980392158,73.52941176470588,64.70588235294117,8.823529411764707
E00033828,124,67,13,54,57,52,5,54.03225806451613,10.483870967741936,43.54838709677419,45.96774193548387,41.935483870967744,4.032258064516129
E00033829,107,40,21,19,67,60,7,37.38317757009346,19.626168224299064,17.75700934579439,62.616822429906534,56.074766355140184,6.5420560747663545
E00033832,127,28,7,21,99,92,7,22.04724409448819,5.511811023622047,16.535433070866144,77.95275590551181,72.44094488188976,5.511811023622047
E00033833,140,44,16,28,96,79,17,31.428571428571427,11.428571428571429,20,68.57142857142857,56.42857142857143,12.142857142857142
E00033836,60,20,10,10,40,37,3,33.33333333333333,16.666666666666664,16.666666666666664,66.66666666666666,61.66666666666667,5
E00033837,134,32,6,26,102,97,5,23.88059701492537,4.477611940298507,19.402985074626866,76.11940298507463,72.38805970149254,3.731343283582089
E00033838,64,25,11,14,39,36,3,39.0625,17.1875,21.875,60.9375,56.25,4.6875
E00033840,134,37,19,18,97,84,13,27.611940298507463,14.17910447761194,13.432835820895523,72.38805970149254,62.68656716417911,9.701492537313433
E00033841,63,30,12,18,33,33,0,47.61904761904761,19.047619047619047,28.57142857142857,52.38095238095239,52.38095238095239,0
E00033842,120,48,22,26,72,65,7,40,18.333333333333332,21.666666666666668,60,54.166666666666664,5.833333333333333
E00033843,121,57,20,37,64,57,7,47.107438016528924,16.528925619834713,30.57851239669421,52.892561983471076,47.107438016528924,5.785123966942149
E00033844,103,45,12,33,58,53,5,43.689320388349515,11.650485436893204,32.038834951456316,56.310679611650485,51.45631067961165,4.854368932038835
E00033845,93,38,17,21,55,49,6,40.86021505376344,18.27956989247312,22.58064516129032,59.13978494623656,52.68817204301075,6.451612903225806
E00033846,153,74,26,48,79,69,10,48.366013071895424,16.99346405228758,31.372549019607842,51.633986928104584,45.09803921568628,6.535947712418301
E00033847,81,31,18,13,50,45,5,38.2716049382716,22.22222222222222,16.049382716049383,61.72839506172839,55.55555555555556,6.172839506172839
E00033848,191,54,18,36,137,116,21,28.272251308900525,9.424083769633508,18.848167539267017,71.72774869109948,60.73298429319372,10.99476439790576
E00033849,136,48,14,34,88,74,14,35.294117647058826,10.294117647058822,25,64.70588235294117,54.41176470588235,10.294117647058822
E00033850,138,29,8,21,109,91,18,21.014492753623188,5.797101449275362,15.217391304347828,78.98550724637681,65.94202898550725,13.043478260869565
E00033851,122,40,17,23,82,73,9,32.78688524590164,13.934426229508196,18.852459016393443,67.21311475409836,59.83606557377049,7.377049180327869
E00033852,115,32,13,19,83,74,9,27.82608695652174,11.304347826086957,16.52173913043478,72.17391304347827,64.34782608695652,7.82608695652174
E00033853,151,31,9,22,120,103,17,20.52980132450331,5.960264900662252,14.56953642384106,79.47019867549669,68.21192052980133,11.258278145695364
E00033854,176,42,8,34,134,119,15,23.863636363636363,4.545454545454546,19.318181818181817,76.13636363636364,67.61363636363636,8.522727272727272
E00033855,80,35,16,19,45,41,4,43.75,20,23.75,56.25,51.24999999999999,5
E00033856,61,10,1,9,51,48,3,16.39344262295082,1.639344262295082,14.754098360655737,83.60655737704919,78.68852459016394,4.918032786885246
E00033857,126,27,7,20,99,91,8,21.428571428571427,5.555555555555555,15.873015873015872,78.57142857142857,72.22222222222221,6.349206349206349
E00033859,130,38,13,25,92,64,28,29.230769230769234,10,19.230769230769234,70.76923076923077,49.23076923076923,21.53846153846154
E00033861,155,45,12,33,110,101,9,29.03225806451613,7.741935483870968,21.29032258064516,70.96774193548387,65.16129032258064,5.806451612903226
E00033862,138,33,7,26,105,91,14,23.91304347826087,5.072463768115942,18.84057971014493,76.08695652173914,65.94202898550725,10.144927536231885
E00033863,156,47,19,28,109,96,13,30.128205128205128,12.179487179487179,17.94871794871795,69.87179487179486,61.53846153846154,8.333333333333332
E00033864,117,39,13,26,78,69,9,33.33333333333333,11.11111111111111,22.22222222222222,66.66666666666666,58.97435897435898,7.6923076923076925
E00033865,166,55,14,41,111,102,9,33.13253012048193,8.433734939759036,24.69879518072289,66.86746987951807,61.44578313253012,5.421686746987952
E00033866,140,42,13,29,98,79,19,30,9.285714285714286,20.714285714285715,70,56.42857142857143,13.571428571428571
E00033867,139,40,13,27,99,85,14,28.776978417266186,9.352517985611511,19.424460431654676,71.22302158273382,61.15107913669065,10.071942446043165
E00033868,147,34,5,29,113,100,13,23.12925170068027,3.4013605442176873,19.727891156462583,76.87074829931973,68.02721088435374,8.843537414965986
E00033869,135,37,8,29,98,84,14,27.40740740740741,5.9259259259259265,21.48148148148148,72.5925925925926,62.22222222222222,10.37037037037037
E00033870,60,22,4,18,38,35,3,36.666666666666664,6.666666666666667,30,63.33333333333333,58.333333333333336,5
E00033871,142,41,17,24,101,91,10,28.87323943661972,11.971830985915492,16.901408450704224,71.12676056338029,64.08450704225352,7.042253521126761
E00033872,170,35,10,25,135,119,16,20.588235294117645,5.88235294117647,14.705882352941178,79.41176470588235,70,9.411764705882353
E00033873,121,40,11,29,81,71,10,33.057851239669425,9.090909090909092,23.96694214876033,66.94214876033058,58.67768595041323,8.264462809917356
E00033874,135,38,11,27,97,91,6,28.14814814814815,8.148148148148149,20,71.85185185185186,67.4074074074074,4.444444444444445
E00033875,146,45,19,26,101,83,18,30.82191780821918,13.013698630136986,17.80821917808219,69.17808219178082,56.849315068493155,12.32876712328767
E00033876,149,36,9,27,113,97,16,24.161073825503358,6.0402684563758395,18.120805369127517,75.83892617449665,65.1006711409396,10.738255033557047
E00033877,175,50,16,34,125,106,19,28.57142857142857,9.142857142857142,19.428571428571427,71.42857142857143,60.57142857142858,10.857142857142858
E00033878,151,36,10,26,115,104,11,23.841059602649008,6.622516556291391,17.218543046357617,76.15894039735099,68.87417218543047,7.28476821192053
E00033879,133,35,8,27,98,83,15,26.31578947368421,6.015037593984962,20.30075187969925,73.68421052631578,62.40601503759399,11.278195488721805
E00033880,180,57,11,46,123,114,9,31.666666666666664,6.111111111111111,25.555555555555554,68.33333333333333,63.33333333333333,5
E00033881,143,45,14,31,98,84,14,31.46853146853147,9.79020979020979,21.678321678321677,68.53146853146853,58.74125874125874,9.79020979020979
E00033882,125,37,9,28,88,75,13,29.599999999999998,7.199999999999999,22.400000000000002,70.39999999999999,60,10.4
E00033883,148,42,17,25,106,94,12,28.37837837837838,11.486486486486488,16.89189189189189,71.62162162162163,63.51351351351351,8.108108108108109
E00033884,145,39,13,26,106,97,9,26.89655172413793,8.96551724137931,17.93103448275862,73.10344827586206,66.89655172413794,6.206896551724138
E00033885,240,50,16,34,190,165,25,20.833333333333336,6.666666666666667,14.166666666666666,79.16666666666666,68.75,10.416666666666668
E00033886,135,43,14,29,92,78,14,31.851851851851855,10.37037037037037,21.48148148148148,68.14814814814815,57.77777777777777,10.37037037037037
E00033887,186,48,16,32,138,128,10,25.806451612903224,8.60215053763441,17.20430107526882,74.19354838709677,68.81720430107528,5.376344086021505
E00033888,118,36,11,25,82,72,10,30.508474576271187,9.322033898305085,21.1864406779661,69.49152542372882,61.016949152542374,8.47457627118644
E00033889,132,32,11,21,100,90,10,24.242424242424242,8.333333333333332,15.909090909090908,75.75757575757575,68.18181818181817,7.575757575757576
E00033890,96,23,11,12,73,63,10,23.958333333333336,11.458333333333332,12.5,76.04166666666666,65.625,10.416666666666668
E00033891,108,38,16,22,70,59,11,35.18518518518518,14.814814814814813,20.37037037037037,64.81481481481481,54.629629629629626,10.185185185185185
E00033892,81,20,7,13,61,56,5,24.691358024691358,8.641975308641975,16.049382716049383,75.30864197530865,69.1358024691358,6.172839506172839
E00033893,118,31,10,21,87,76,11,26.27118644067797,8.47457627118644,17.796610169491526,73.72881355932203,64.40677966101694,9.322033898305085
E00033894,151,44,11,33,107,97,10,29.13907284768212,7.28476821192053,21.85430463576159,70.86092715231787,64.23841059602648,6.622516556291391
E00033895,128,24,5,19,104,89,15,18.75,3.90625,14.84375,81.25,69.53125,11.71875
E00033896,160,46,18,28,114,87,27,28.749999999999996,11.25,17.5,71.25,54.37499999999999,16.875
E00033897,108,30,8,22,78,62,16,27.77777777777778,7.4074074074074066,20.37037037037037,72.22222222222221,57.407407407407405,14.814814814814813
E00033898,177,63,17,46,114,96,18,35.59322033898305,9.6045197740113,25.98870056497175,64.40677966101694,54.23728813559322,10.16949152542373
E00033899,115,63,16,47,52,45,7,54.78260869565217,13.91304347826087,40.869565217391305,45.21739130434783,39.130434782608695,6.086956521739131
E00033900,193,114,55,59,79,76,3,59.067357512953365,28.497409326424872,30.569948186528496,40.932642487046635,39.37823834196891,1.5544041450777202
E00033901,121,48,15,33,73,65,8,39.66942148760331,12.396694214876034,27.27272727272727,60.33057851239669,53.71900826446281,6.6115702479338845
E00033902,134,60,26,34,74,59,15,44.776119402985074,19.402985074626866,25.37313432835821,55.223880597014926,44.02985074626866,11.194029850746269
E00033903,102,56,25,31,46,40,6,54.90196078431373,24.509803921568626,30.392156862745097,45.09803921568628,39.21568627450981,5.88235294117647
E00033904,123,55,18,37,68,65,3,44.71544715447154,14.634146341463413,30.081300813008134,55.28455284552846,52.84552845528455,2.4390243902439024
E00033905,47,32,13,19,15,14,1,68.08510638297872,27.659574468085108,40.42553191489361,31.914893617021278,29.78723404255319,2.127659574468085
E00033906,80,28,10,18,52,47,5,35,12.5,22.5,65,58.75,6.25
E00033907,111,31,10,21,80,73,7,27.927927927927925,9.00900900900901,18.91891891891892,72.07207207207207,65.76576576576578,6.306306306306306
E00033908,114,33,10,23,81,76,5,28.947368421052634,8.771929824561402,20.175438596491226,71.05263157894737,66.66666666666666,4.385964912280701
E00033909,94,34,15,19,60,59,1,36.17021276595745,15.957446808510639,20.212765957446805,63.829787234042556,62.76595744680851,1.0638297872340425
E00033910,115,60,27,33,55,52,3,52.17391304347826,23.47826086956522,28.695652173913043,47.82608695652174,45.21739130434783,2.608695652173913
E00033911,127,47,10,37,80,73,7,37.00787401574803,7.874015748031496,29.133858267716533,62.99212598425197,57.48031496062992,5.511811023622047
E00033913,109,37,7,30,72,67,5,33.94495412844037,6.422018348623854,27.522935779816514,66.05504587155964,61.46788990825688,4.587155963302752
E00033914,155,65,26,39,90,79,11,41.935483870967744,16.7741935483871,25.161290322580644,58.06451612903226,50.967741935483865,7.096774193548387
E00033915,99,37,19,18,62,59,3,37.37373737373738,19.19191919191919,18.181818181818183,62.62626262626263,59.59595959595959,3.0303030303030303
E00033917,112,37,10,27,75,72,3,33.035714285714285,8.928571428571429,24.107142857142858,66.96428571428571,64.28571428571429,2.6785714285714284
E00033918,73,28,13,15,45,39,6,38.35616438356164,17.80821917808219,20.54794520547945,61.64383561643836,53.42465753424658,8.21917808219178
E00033919,110,44,18,26,66,61,5,40,16.363636363636363,23.636363636363637,60,55.45454545454545,4.545454545454546
E00033920,76,30,7,23,46,40,6,39.473684210526315,9.210526315789473,30.263157894736842,60.526315789473685,52.63157894736842,7.894736842105263
E00033921,132,50,23,27,82,76,6,37.878787878787875,17.424242424242426,20.454545454545457,62.121212121212125,57.57575757575758,4.545454545454546
E00033922,145,42,11,31,103,98,5,28.965517241379313,7.586206896551724,21.379310344827587,71.03448275862068,67.58620689655173,3.4482758620689653
E00033923,76,29,14,15,47,42,5,38.15789473684211,18.421052631578945,19.736842105263158,61.8421052631579,55.26315789473685,6.578947368421052
E00033924,118,56,24,32,62,53,9,47.45762711864407,20.33898305084746,27.11864406779661,52.54237288135594,44.91525423728814,7.627118644067797
E00033925,82,22,9,13,60,54,6,26.82926829268293,10.975609756097562,15.853658536585366,73.17073170731707,65.85365853658537,7.317073170731707
E00033926,108,31,16,15,77,67,10,28.703703703703702,14.814814814814813,13.88888888888889,71.29629629629629,62.03703703703704,9.25925925925926
E00033927,116,53,12,41,63,60,3,45.689655172413794,10.344827586206897,35.3448275862069,54.310344827586206,51.724137931034484,2.586206896551724
E00033928,93,32,7,25,61,55,6,34.40860215053764,7.526881720430108,26.881720430107524,65.59139784946237,59.13978494623656,6.451612903225806
E00033930,95,45,23,22,50,44,6,47.368421052631575,24.210526315789473,23.157894736842106,52.63157894736842,46.31578947368421,6.315789473684211
E00033931,127,40,12,28,87,74,13,31.496062992125985,9.448818897637794,22.04724409448819,68.50393700787401,58.26771653543307,10.236220472440944
E00033932,138,57,28,29,81,73,8,41.30434782608695,20.28985507246377,21.014492753623188,58.69565217391305,52.89855072463768,5.797101449275362
E00033933,111,51,19,32,60,56,4,45.94594594594595,17.117117117117118,28.82882882882883,54.054054054054056,50.45045045045045,3.6036036036036037
E00033934,81,21,8,13,60,51,9,25.925925925925924,9.876543209876543,16.049382716049383,74.07407407407408,62.96296296296296,11.11111111111111
E00033935,108,40,10,30,68,55,13,37.03703703703704,9.25925925925926,27.77777777777778,62.96296296296296,50.92592592592593,12.037037037037036
E00033936,140,43,16,27,97,91,6,30.714285714285715,11.428571428571429,19.28571428571429,69.28571428571428,65,4.285714285714286
E00033937,74,27,9,18,47,42,5,36.486486486486484,12.162162162162163,24.324324324324326,63.51351351351351,56.75675675675676,6.756756756756757
E00033938,92,39,9,30,53,46,7,42.391304347826086,9.782608695652174,32.608695652173914,57.608695652173914,50,7.608695652173914
E00033939,236,77,28,49,159,139,20,32.6271186440678,11.864406779661017,20.76271186440678,67.37288135593221,58.89830508474576,8.47457627118644
E00033940,119,41,19,22,78,69,9,34.45378151260504,15.966386554621847,18.487394957983195,65.54621848739495,57.98319327731093,7.563025210084033
E00033941,101,46,24,22,55,50,5,45.54455445544555,23.762376237623762,21.782178217821784,54.45544554455446,49.504950495049506,4.9504950495049505
E00033942,170,60,17,43,110,100,10,35.294117647058826,10,25.294117647058822,64.70588235294117,58.82352941176471,5.88235294117647
E00033943,118,46,13,33,72,60,12,38.983050847457626,11.016949152542372,27.966101694915253,61.016949152542374,50.847457627118644,10.16949152542373
E00033944,81,28,14,14,53,48,5,34.5679012345679,17.28395061728395,17.28395061728395,65.4320987654321,59.25925925925925,6.172839506172839
E00033945,103,36,12,24,67,62,5,34.95145631067961,11.650485436893204,23.300970873786408,65.0485436893204,60.19417475728155,4.854368932038835
E00033946,243,99,26,73,144,135,9,40.74074074074074,10.699588477366255,30.04115226337449,59.25925925925925,55.55555555555556,3.7037037037037033
E00033947,72,27,6,21,45,42,3,37.5,8.333333333333332,29.166666666666668,62.5,58.333333333333336,4.166666666666666
E00033948,139,52,12,40,87,76,11,37.410071942446045,8.633093525179856,28.776978417266186,62.589928057553955,54.67625899280576,7.913669064748201
E00033949,131,47,18,29,84,79,5,35.87786259541985,13.740458015267176,22.137404580152673,64.12213740458014,60.30534351145038,3.816793893129771
E00033950,149,49,17,32,100,93,7,32.88590604026846,11.409395973154362,21.476510067114095,67.11409395973155,62.41610738255034,4.697986577181208
E00033951,91,26,6,20,65,58,7,28.57142857142857,6.593406593406594,21.978021978021978,71.42857142857143,63.73626373626373,7.6923076923076925
E00033952,132,38,11,27,94,90,4,28.78787878787879,8.333333333333332,20.454545454545457,71.21212121212122,68.18181818181817,3.0303030303030303
E00033953,207,65,20,45,142,129,13,31.40096618357488,9.66183574879227,21.73913043478261,68.59903381642512,62.31884057971014,6.280193236714976
E00033954,78,27,6,21,51,47,4,34.61538461538461,7.6923076923076925,26.923076923076923,65.38461538461539,60.256410256410255,5.128205128205128
E00033955,146,45,14,31,101,92,9,30.82191780821918,9.58904109589041,21.232876712328768,69.17808219178082,63.013698630136986,6.164383561643835
E00033956,177,49,9,40,128,109,19,27.683615819209038,5.084745762711865,22.598870056497177,72.31638418079096,61.5819209039548,10.734463276836157
E00033957,109,37,9,28,72,67,5,33.94495412844037,8.256880733944955,25.688073394495415,66.05504587155964,61.46788990825688,4.587155963302752
E00033958,112,41,15,26,71,69,2,36.607142857142854,13.392857142857142,23.214285714285715,63.39285714285714,61.60714285714286,1.7857142857142856
E00033959,82,29,9,20,53,47,6,35.36585365853659,10.975609756097562,24.390243902439025,64.63414634146342,57.3170731707317,7.317073170731707
E00033960,150,53,17,36,97,79,18,35.333333333333336,11.333333333333332,24,64.66666666666666,52.666666666666664,12
E00033961,118,37,13,24,81,71,10,31.35593220338983,11.016949152542372,20.33898305084746,68.64406779661016,60.16949152542372,8.47457627118644
E00033962,125,45,17,28,80,73,7,36,13.600000000000001,22.400000000000002,64,58.4,5.6000000000000005
E00033963,121,40,14,26,81,66,15,33.057851239669425,11.570247933884298,21.487603305785125,66.94214876033058,54.54545454545454,12.396694214876034
E00033964,127,50,15,35,77,71,6,39.37007874015748,11.811023622047244,27.559055118110237,60.629921259842526,55.90551181102362,4.724409448818897
E00033965,75,27,10,17,48,40,8,36,13.333333333333334,22.666666666666664,64,53.333333333333336,10.666666666666668
E00033966,84,34,15,19,50,45,5,40.476190476190474,17.857142857142858,22.61904761904762,59.523809523809526,53.57142857142857,5.952380952380952
E00033967,128,38,14,24,90,77,13,29.6875,10.9375,18.75,70.3125,60.15625,10.15625
E00033968,59,17,5,12,42,38,4,28.8135593220339,8.47457627118644,20.33898305084746,71.1864406779661,64.40677966101694,6.779661016949152
E00033969,111,28,2,26,83,69,14,25.225225225225223,1.8018018018018018,23.423423423423422,74.77477477477478,62.16216216216216,12.612612612612612
E00033970,106,38,15,23,68,64,4,35.84905660377358,14.150943396226415,21.69811320754717,64.15094339622641,60.37735849056604,3.7735849056603774
E00033971,68,28,5,23,40,39,1,41.17647058823529,7.352941176470589,33.82352941176471,58.82352941176471,57.35294117647059,1.4705882352941175
E00033972,200,66,16,50,134,120,14,33,8,25,67,60,7.000000000000001
E00033973,45,22,4,18,23,21,2,48.888888888888886,8.88888888888889,40,51.11111111111111,46.666666666666664,4.444444444444445
E00033974,105,51,15,36,54,49,5,48.57142857142857,14.285714285714285,34.285714285714285,51.42857142857142,46.666666666666664,4.761904761904762
E00033975,139,53,12,41,86,73,13,38.1294964028777,8.633093525179856,29.496402877697843,61.87050359712231,52.51798561151079,9.352517985611511
E00033976,77,29,11,18,48,42,6,37.66233766233766,14.285714285714285,23.376623376623375,62.33766233766234,54.54545454545454,7.792207792207792
E00033977,103,37,11,26,66,61,5,35.92233009708738,10.679611650485436,25.24271844660194,64.07766990291263,59.22330097087378,4.854368932038835
E00033978,67,20,9,11,47,37,10,29.850746268656714,13.432835820895523,16.417910447761194,70.1492537313433,55.223880597014926,14.925373134328357
E00033979,153,40,13,27,113,102,11,26.143790849673206,8.49673202614379,17.647058823529413,73.8562091503268,66.66666666666666,7.18954248366013
E00033980,129,43,7,36,86,76,10,33.33333333333333,5.426356589147287,27.906976744186046,66.66666666666666,58.91472868217055,7.751937984496124
E00033981,35,19,6,13,16,15,1,54.285714285714285,17.142857142857142,37.142857142857146,45.714285714285715,42.857142857142854,2.857142857142857
E00033982,45,18,5,13,27,23,4,40,11.11111111111111,28.888888888888886,60,51.11111111111111,8.88888888888889
E00033983,72,27,6,21,45,43,2,37.5,8.333333333333332,29.166666666666668,62.5,59.72222222222222,2.7777777777777777
E00033984,89,28,8,20,61,54,7,31.46067415730337,8.98876404494382,22.47191011235955,68.53932584269663,60.67415730337079,7.865168539325842
E00033985,99,30,9,21,69,64,5,30.303030303030305,9.090909090909092,21.21212121212121,69.6969696969697,64.64646464646465,5.05050505050505
E00033986,108,23,6,17,85,73,12,21.296296296296298,5.555555555555555,15.74074074074074,78.70370370370371,67.5925925925926,11.11111111111111
E00033987,92,28,9,19,64,60,4,30.434782608695656,9.782608695652174,20.652173913043477,69.56521739130434,65.21739130434783,4.3478260869565215
E00033988,109,29,8,21,80,76,4,26.605504587155966,7.339449541284404,19.26605504587156,73.39449541284404,69.72477064220183,3.669724770642202
E00033989,80,28,6,22,52,45,7,35,7.5,27.500000000000004,65,56.25,8.75
E00033990,128,42,5,37,86,73,13,32.8125,3.90625,28.90625,67.1875,57.03125,10.15625
E00033991,129,53,13,40,76,67,9,41.08527131782946,10.077519379844961,31.007751937984494,58.91472868217055,51.93798449612403,6.976744186046512
E00033992,109,44,18,26,65,59,6,40.36697247706422,16.51376146788991,23.853211009174313,59.63302752293578,54.12844036697248,5.5045871559633035
E00033993,159,51,11,40,108,101,7,32.075471698113205,6.918238993710692,25.157232704402517,67.9245283018868,63.52201257861635,4.40251572327044
E00033994,143,40,10,30,103,97,6,27.972027972027973,6.993006993006993,20.97902097902098,72.02797202797203,67.83216783216784,4.195804195804196
E00033995,95,34,12,22,61,54,7,35.78947368421053,12.631578947368421,23.157894736842106,64.21052631578948,56.84210526315789,7.368421052631578
E00033996,101,27,7,20,74,66,8,26.732673267326735,6.9306930693069315,19.801980198019802,73.26732673267327,65.34653465346535,7.920792079207921
E00033997,153,48,15,33,105,94,11,31.372549019607842,9.803921568627452,21.568627450980394,68.62745098039215,61.43790849673203,7.18954248366013
E00033998,96,34,4,30,62,58,4,35.41666666666667,4.166666666666666,31.25,64.58333333333334,60.416666666666664,4.166666666666666
E00033999,84,36,11,25,48,45,3,42.857142857142854,13.095238095238097,29.761904761904763,57.14285714285714,53.57142857142857,3.571428571428571
E00034000,96,38,15,23,58,58,0,39.58333333333333,15.625,23.958333333333336,60.416666666666664,60.416666666666664,0
E00034001,143,48,13,35,95,82,13,33.56643356643357,9.090909090909092,24.475524475524477,66.43356643356644,57.34265734265735,9.090909090909092
E00034002,94,28,7,21,66,60,6,29.78723404255319,7.446808510638298,22.340425531914892,70.2127659574468,63.829787234042556,6.382978723404255
E00034003,59,21,4,17,38,34,4,35.59322033898305,6.779661016949152,28.8135593220339,64.40677966101694,57.6271186440678,6.779661016949152
E00034004,70,25,5,20,45,42,3,35.714285714285715,7.142857142857142,28.57142857142857,64.28571428571429,60,4.285714285714286
E00034005,134,48,19,29,86,83,3,35.82089552238806,14.17910447761194,21.641791044776117,64.17910447761194,61.940298507462686,2.2388059701492535
E00034006,122,38,11,27,84,78,6,31.147540983606557,9.01639344262295,22.131147540983605,68.85245901639344,63.934426229508205,4.918032786885246
E00034007,86,30,8,22,56,53,3,34.883720930232556,9.30232558139535,25.581395348837212,65.11627906976744,61.627906976744185,3.488372093023256
E00034008,114,36,4,32,78,73,5,31.57894736842105,3.508771929824561,28.07017543859649,68.42105263157895,64.03508771929825,4.385964912280701
E00034009,79,27,5,22,52,46,6,34.177215189873415,6.329113924050633,27.848101265822784,65.82278481012658,58.22784810126582,7.59493670886076
E00034010,97,32,15,17,65,56,9,32.98969072164948,15.463917525773196,17.525773195876287,67.0103092783505,57.73195876288659,9.278350515463918
E00034011,182,50,17,33,132,119,13,27.472527472527474,9.340659340659341,18.13186813186813,72.52747252747253,65.38461538461539,7.142857142857142
E00034012,98,35,5,30,63,56,7,35.714285714285715,5.1020408163265305,30.612244897959183,64.28571428571429,57.14285714285714,7.142857142857142
E00034013,108,34,9,25,74,67,7,31.48148148148148,8.333333333333332,23.14814814814815,68.51851851851852,62.03703703703704,6.481481481481481
E00034014,119,44,13,31,75,69,6,36.97478991596639,10.92436974789916,26.05042016806723,63.02521008403361,57.98319327731093,5.042016806722689
E00034015,176,59,22,37,117,109,8,33.52272727272727,12.5,21.022727272727273,66.47727272727273,61.93181818181818,4.545454545454546
E00034016,91,33,8,25,58,57,1,36.26373626373626,8.791208791208792,27.472527472527474,63.73626373626373,62.637362637362635,1.098901098901099
E00034017,121,43,15,28,78,71,7,35.53719008264463,12.396694214876034,23.140495867768596,64.46280991735537,58.67768595041323,5.785123966942149
E00034019,129,38,5,33,91,86,5,29.457364341085274,3.875968992248062,25.581395348837212,70.54263565891473,66.66666666666666,3.875968992248062
E00034020,145,51,18,33,94,86,8,35.172413793103445,12.413793103448276,22.758620689655174,64.82758620689654,59.310344827586206,5.517241379310345
E00034021,141,51,17,34,90,83,7,36.17021276595745,12.056737588652481,24.113475177304963,63.829787234042556,58.86524822695035,4.964539007092199
E00034022,162,61,20,41,101,97,4,37.65432098765432,12.345679012345679,25.308641975308642,62.34567901234568,59.876543209876544,2.4691358024691357
E00034023,99,25,4,21,74,67,7,25.252525252525253,4.040404040404041,21.21212121212121,74.74747474747475,67.67676767676768,7.07070707070707
E00034024,115,31,11,20,84,72,12,26.956521739130434,9.565217391304348,17.391304347826086,73.04347826086956,62.60869565217392,10.434782608695652
E00034025,109,32,8,24,77,65,12,29.357798165137616,7.339449541284404,22.018348623853214,70.64220183486239,59.63302752293578,11.009174311926607
E00034026,112,26,8,18,86,77,9,23.214285714285715,7.142857142857142,16.071428571428573,76.78571428571429,68.75,8.035714285714286
E00034027,72,23,3,20,49,47,2,31.944444444444443,4.166666666666666,27.77777777777778,68.05555555555556,65.27777777777779,2.7777777777777777
E00034028,146,43,16,27,103,99,4,29.45205479452055,10.95890410958904,18.493150684931507,70.54794520547945,67.8082191780822,2.73972602739726
E00034029,153,50,16,34,103,92,11,32.6797385620915,10.457516339869281,22.22222222222222,67.3202614379085,60.130718954248366,7.18954248366013
E00034030,107,33,9,24,74,69,5,30.8411214953271,8.411214953271028,22.429906542056074,69.1588785046729,64.48598130841121,4.672897196261682
E00034031,119,34,8,26,85,78,7,28.57142857142857,6.722689075630252,21.84873949579832,71.42857142857143,65.54621848739495,5.88235294117647
E00034032,148,48,11,37,100,97,3,32.432432432432435,7.4324324324324325,25,67.56756756756756,65.54054054054053,2.027027027027027
E00034033,126,36,8,28,90,82,8,28.57142857142857,6.349206349206349,22.22222222222222,71.42857142857143,65.07936507936508,6.349206349206349
E00034034,171,51,13,38,120,110,10,29.82456140350877,7.602339181286549,22.22222222222222,70.17543859649122,64.32748538011695,5.847953216374268
E00034035,123,29,7,22,94,89,5,23.577235772357724,5.691056910569105,17.88617886178862,76.42276422764228,72.35772357723577,4.0650406504065035
E00034036,132,43,10,33,89,85,4,32.57575757575758,7.575757575757576,25,67.42424242424242,64.39393939393939,3.0303030303030303
E00034037,143,43,17,26,100,95,5,30.069930069930066,11.888111888111888,18.181818181818183,69.93006993006993,66.43356643356644,3.4965034965034967
E00034038,149,39,10,29,110,98,12,26.174496644295303,6.7114093959731544,19.463087248322147,73.8255033557047,65.77181208053692,8.053691275167784
E00034039,129,28,8,20,101,92,9,21.705426356589147,6.2015503875969,15.503875968992247,78.29457364341084,71.31782945736434,6.976744186046512
E00034040,124,50,15,35,74,67,7,40.32258064516129,12.096774193548388,28.225806451612907,59.67741935483871,54.03225806451613,5.64516129032258
E00034041,134,43,8,35,91,85,6,32.08955223880597,5.970149253731343,26.119402985074625,67.91044776119402,63.43283582089553,4.477611940298507
E00034042,140,47,11,36,93,84,9,33.57142857142857,7.857142857142857,25.71428571428571,66.42857142857143,60,6.428571428571428
E00034043,147,68,26,42,79,67,12,46.25850340136054,17.687074829931973,28.57142857142857,53.74149659863946,45.57823129251701,8.16326530612245
E00034044,162,54,16,38,108,90,18,33.33333333333333,9.876543209876543,23.456790123456788,66.66666666666666,55.55555555555556,11.11111111111111
E00034045,136,53,8,45,83,76,7,38.970588235294116,5.88235294117647,33.088235294117645,61.029411764705884,55.88235294117647,5.147058823529411
E00034046,86,20,4,16,66,61,5,23.25581395348837,4.651162790697675,18.6046511627907,76.74418604651163,70.93023255813954,5.813953488372093
E00034047,124,40,15,25,84,74,10,32.25806451612903,12.096774193548388,20.161290322580644,67.74193548387096,59.67741935483871,8.064516129032258
E00034048,115,42,15,27,73,67,6,36.52173913043478,13.043478260869565,23.47826086956522,63.47826086956522,58.26086956521739,5.217391304347826
E00034049,124,38,11,27,86,76,10,30.64516129032258,8.870967741935484,21.774193548387096,69.35483870967742,61.29032258064516,8.064516129032258
E00034050,134,35,5,30,99,94,5,26.119402985074625,3.731343283582089,22.388059701492537,73.88059701492537,70.1492537313433,3.731343283582089
E00034051,87,31,11,20,56,49,7,35.63218390804598,12.643678160919542,22.988505747126435,64.36781609195403,56.32183908045977,8.045977011494253
E00034052,104,31,8,23,73,65,8,29.807692307692307,7.6923076923076925,22.115384615384613,70.1923076923077,62.5,7.6923076923076925
E00034053,164,45,11,34,119,106,13,27.439024390243905,6.707317073170732,20.73170731707317,72.5609756097561,64.63414634146342,7.926829268292683
E00034054,179,65,13,52,114,106,8,36.312849162011176,7.262569832402235,29.05027932960894,63.687150837988824,59.217877094972074,4.4692737430167595
E00034055,241,48,19,29,193,168,25,19.91701244813278,7.883817427385892,12.033195020746888,80.08298755186722,69.70954356846472,10.37344398340249
E00034056,78,24,3,21,54,51,3,30.76923076923077,3.8461538461538463,26.923076923076923,69.23076923076923,65.38461538461539,3.8461538461538463
E00034057,89,31,8,23,58,52,6,34.831460674157306,8.98876404494382,25.842696629213485,65.1685393258427,58.42696629213483,6.741573033707865
E00034058,101,33,11,22,68,61,7,32.67326732673268,10.891089108910892,21.782178217821784,67.32673267326733,60.396039603960396,6.9306930693069315
E00034059,155,49,10,39,106,100,6,31.61290322580645,6.451612903225806,25.161290322580644,68.38709677419355,64.51612903225806,3.870967741935484
E00034061,151,49,29,20,102,95,7,32.450331125827816,19.205298013245034,13.245033112582782,67.54966887417218,62.913907284768214,4.635761589403973
E00034062,166,86,54,32,80,72,8,51.80722891566265,32.53012048192771,19.27710843373494,48.19277108433735,43.373493975903614,4.819277108433735
E00034063,154,96,54,42,58,50,8,62.33766233766234,35.064935064935064,27.27272727272727,37.66233766233766,32.467532467532465,5.194805194805195
E00034064,112,60,35,25,52,49,3,53.57142857142857,31.25,22.321428571428573,46.42857142857143,43.75,2.6785714285714284
E00034065,144,45,12,33,99,86,13,31.25,8.333333333333332,22.916666666666664,68.75,59.72222222222222,9.027777777777777
E00034066,97,32,13,19,65,60,5,32.98969072164948,13.402061855670103,19.587628865979383,67.0103092783505,61.855670103092784,5.154639175257731
E00034067,132,36,11,25,96,83,13,27.27272727272727,8.333333333333332,18.939393939393938,72.72727272727273,62.878787878787875,9.848484848484848
E00034068,140,59,23,36,81,69,12,42.142857142857146,16.428571428571427,25.71428571428571,57.85714285714286,49.28571428571429,8.571428571428571
E00034069,146,80,45,35,66,62,4,54.794520547945204,30.82191780821918,23.972602739726025,45.20547945205479,42.465753424657535,2.73972602739726
E00034070,157,59,26,33,98,71,27,37.57961783439491,16.560509554140125,21.019108280254777,62.42038216560509,45.22292993630573,17.197452229299362
E00034071,140,50,14,36,90,83,7,35.714285714285715,10,25.71428571428571,64.28571428571429,59.285714285714285,5
E00034072,89,38,11,27,51,44,7,42.69662921348314,12.359550561797752,30.337078651685395,57.30337078651685,49.43820224719101,7.865168539325842
E00034073,119,49,27,22,70,63,7,41.17647058823529,22.689075630252102,18.487394957983195,58.82352941176471,52.94117647058824,5.88235294117647
E00034074,108,37,12,25,71,64,7,34.25925925925926,11.11111111111111,23.14814814814815,65.74074074074075,59.25925925925925,6.481481481481481
E00034075,106,26,11,15,80,75,5,24.528301886792452,10.377358490566039,14.150943396226415,75.47169811320755,70.75471698113208,4.716981132075472
E00034076,141,48,18,30,93,80,13,34.04255319148936,12.76595744680851,21.27659574468085,65.95744680851064,56.73758865248227,9.219858156028367
E00034077,84,30,8,22,54,48,6,35.714285714285715,9.523809523809524,26.190476190476193,64.28571428571429,57.14285714285714,7.142857142857142
E00034078,108,39,19,20,69,60,9,36.11111111111111,17.59259259259259,18.51851851851852,63.888888888888886,55.55555555555556,8.333333333333332
E00034079,109,38,14,24,71,71,0,34.862385321100916,12.844036697247708,22.018348623853214,65.13761467889908,65.13761467889908,0
E00034080,112,46,20,26,66,56,10,41.07142857142857,17.857142857142858,23.214285714285715,58.92857142857143,50,8.928571428571429
E00034081,136,44,17,27,92,81,11,32.35294117647059,12.5,19.852941176470587,67.64705882352942,59.55882352941176,8.088235294117647
E00034082,76,33,11,22,43,38,5,43.42105263157895,14.473684210526317,28.947368421052634,56.57894736842105,50,6.578947368421052
E00034083,90,40,18,22,50,44,6,44.44444444444444,20,24.444444444444443,55.55555555555556,48.888888888888886,6.666666666666667
E00034084,121,41,16,25,80,72,8,33.88429752066116,13.223140495867769,20.66115702479339,66.11570247933885,59.50413223140496,6.6115702479338845
E00034085,79,29,7,22,50,47,3,36.708860759493675,8.860759493670885,27.848101265822784,63.29113924050633,59.49367088607595,3.79746835443038
E00034086,87,33,11,22,54,45,9,37.93103448275862,12.643678160919542,25.287356321839084,62.06896551724138,51.724137931034484,10.344827586206897
E00034087,95,47,16,31,48,40,8,49.473684210526315,16.842105263157894,32.631578947368425,50.526315789473685,42.10526315789473,8.421052631578947
E00034088,108,47,17,30,61,49,12,43.51851851851852,15.74074074074074,27.77777777777778,56.481481481481474,45.370370370370374,11.11111111111111
E00034089,107,45,16,29,62,55,7,42.05607476635514,14.953271028037381,27.102803738317753,57.943925233644855,51.4018691588785,6.5420560747663545
E00034090,99,48,19,29,51,45,6,48.484848484848484,19.19191919191919,29.292929292929294,51.515151515151516,45.45454545454545,6.0606060606060606
E00034091,86,50,23,27,36,32,4,58.139534883720934,26.744186046511626,31.3953488372093,41.86046511627907,37.2093023255814,4.651162790697675
E00034092,78,42,28,14,36,35,1,53.84615384615385,35.8974358974359,17.94871794871795,46.15384615384615,44.871794871794876,1.282051282051282
E00034093,136,63,38,25,73,68,5,46.32352941176471,27.941176470588236,18.38235294117647,53.67647058823529,50,3.6764705882352944
E00034094,127,68,29,39,59,56,3,53.54330708661418,22.83464566929134,30.708661417322837,46.45669291338583,44.09448818897638,2.3622047244094486
E00034095,79,31,16,15,48,45,3,39.24050632911392,20.253164556962027,18.9873417721519,60.75949367088608,56.9620253164557,3.79746835443038
E00034096,116,60,26,34,56,52,4,51.724137931034484,22.413793103448278,29.310344827586203,48.275862068965516,44.827586206896555,3.4482758620689653
E00034097,109,48,27,21,61,55,6,44.03669724770643,24.770642201834864,19.26605504587156,55.96330275229357,50.45871559633027,5.5045871559633035
E00034098,116,48,19,29,68,60,8,41.37931034482759,16.379310344827587,25,58.620689655172406,51.724137931034484,6.896551724137931
E00034099,147,93,27,66,54,45,9,63.26530612244898,18.367346938775512,44.89795918367347,36.734693877551024,30.612244897959183,6.122448979591836
E00034100,203,60,21,39,143,132,11,29.55665024630542,10.344827586206897,19.21182266009852,70.44334975369459,65.02463054187191,5.41871921182266
E00034101,134,35,10,25,99,87,12,26.119402985074625,7.462686567164178,18.65671641791045,73.88059701492537,64.92537313432835,8.955223880597014
E00034102,103,33,11,22,70,66,4,32.038834951456316,10.679611650485436,21.35922330097087,67.96116504854369,64.07766990291263,3.8834951456310676
E00034104,146,35,12,23,111,97,14,23.972602739726025,8.21917808219178,15.753424657534246,76.02739726027397,66.43835616438356,9.58904109589041
E00034106,90,27,15,12,63,54,9,30,16.666666666666664,13.333333333333334,70,60,10
E00034107,123,51,15,36,72,62,10,41.46341463414634,12.195121951219512,29.268292682926827,58.536585365853654,50.40650406504065,8.130081300813007
E00034108,65,32,8,24,33,27,6,49.23076923076923,12.307692307692308,36.92307692307693,50.76923076923077,41.53846153846154,9.230769230769232
E00034109,79,30,10,20,49,40,9,37.9746835443038,12.658227848101266,25.31645569620253,62.0253164556962,50.63291139240506,11.39240506329114
E00034110,152,37,14,23,115,103,12,24.342105263157894,9.210526315789473,15.131578947368421,75.6578947368421,67.76315789473685,7.894736842105263
E00034111,89,42,8,34,47,45,2,47.19101123595505,8.98876404494382,38.20224719101123,52.80898876404494,50.56179775280899,2.247191011235955
E00034113,127,44,17,27,83,75,8,34.645669291338585,13.385826771653544,21.25984251968504,65.35433070866141,59.055118110236215,6.299212598425196
E00034114,136,46,9,37,90,83,7,33.82352941176471,6.61764705882353,27.205882352941174,66.17647058823529,61.029411764705884,5.147058823529411
E00034115,120,35,9,26,85,75,10,29.166666666666668,7.5,21.666666666666668,70.83333333333334,62.5,8.333333333333332
E00034116,139,65,13,52,74,68,6,46.76258992805755,9.352517985611511,37.410071942446045,53.23741007194245,48.92086330935252,4.316546762589928
E00034117,100,31,12,19,69,67,2,31,12,19,69,67,2
E00034118,84,32,12,20,52,47,5,38.095238095238095,14.285714285714285,23.809523809523807,61.904761904761905,55.952380952380956,5.952380952380952
E00034119,125,39,9,30,86,77,9,31.2,7.199999999999999,24,68.8,61.6,7.199999999999999
E00034120,119,48,17,31,71,62,9,40.33613445378151,14.285714285714285,26.05042016806723,59.66386554621849,52.10084033613446,7.563025210084033
E00034121,109,32,10,22,77,72,5,29.357798165137616,9.174311926605505,20.18348623853211,70.64220183486239,66.05504587155964,4.587155963302752
E00034122,107,42,10,32,65,65,0,39.25233644859813,9.345794392523365,29.906542056074763,60.747663551401864,60.747663551401864,0
E00034123,117,50,17,33,67,63,4,42.73504273504273,14.529914529914532,28.205128205128204,57.26495726495726,53.84615384615385,3.418803418803419
E00034124,101,27,4,23,74,69,5,26.732673267326735,3.9603960396039604,22.772277227722775,73.26732673267327,68.31683168316832,4.9504950495049505
E00034125,109,53,15,38,56,48,8,48.62385321100918,13.761467889908257,34.862385321100916,51.37614678899083,44.03669724770643,7.339449541284404
E00034126,290,69,14,55,221,188,33,23.79310344827586,4.827586206896552,18.96551724137931,76.20689655172413,64.82758620689654,11.379310344827587
E00034127,303,60,18,42,243,223,20,19.801980198019802,5.9405940594059405,13.861386138613863,80.19801980198021,73.5973597359736,6.6006600660066
E00034130,130,47,12,35,83,80,3,36.15384615384615,9.230769230769232,26.923076923076923,63.84615384615384,61.53846153846154,2.307692307692308
E00034131,187,51,8,43,136,124,12,27.27272727272727,4.27807486631016,22.994652406417114,72.72727272727273,66.31016042780749,6.417112299465241
E00034132,111,48,22,26,63,57,6,43.24324324324324,19.81981981981982,23.423423423423422,56.75675675675676,51.35135135135135,5.405405405405405
E00034133,110,33,8,25,77,77,0,30,7.2727272727272725,22.727272727272727,70,70,0
E00034134,130,53,16,37,77,75,2,40.76923076923077,12.307692307692308,28.46153846153846,59.23076923076923,57.692307692307686,1.5384615384615385
E00034135,92,25,10,15,67,65,2,27.173913043478258,10.869565217391305,16.304347826086957,72.82608695652173,70.65217391304348,2.1739130434782608
E00034136,135,48,7,41,87,79,8,35.55555555555556,5.185185185185185,30.37037037037037,64.44444444444444,58.51851851851851,5.9259259259259265
E00034137,114,45,16,29,69,55,14,39.473684210526315,14.035087719298245,25.438596491228072,60.526315789473685,48.24561403508772,12.280701754385964
E00034138,130,60,15,45,70,63,7,46.15384615384615,11.538461538461538,34.61538461538461,53.84615384615385,48.46153846153846,5.384615384615385
E00034139,90,34,8,26,56,52,4,37.77777777777778,8.88888888888889,28.888888888888886,62.22222222222222,57.77777777777777,4.444444444444445
E00034140,96,26,7,19,70,67,3,27.083333333333332,7.291666666666667,19.791666666666664,72.91666666666666,69.79166666666666,3.125
E00034141,74,28,8,20,46,42,4,37.83783783783784,10.81081081081081,27.027027027027028,62.16216216216216,56.75675675675676,5.405405405405405
E00034142,134,35,9,26,99,87,12,26.119402985074625,6.7164179104477615,19.402985074626866,73.88059701492537,64.92537313432835,8.955223880597014
E00034143,107,33,6,27,74,70,4,30.8411214953271,5.607476635514018,25.233644859813083,69.1588785046729,65.42056074766354,3.7383177570093453
E00034144,127,46,11,35,81,78,3,36.22047244094488,8.661417322834646,27.559055118110237,63.77952755905512,61.417322834645674,2.3622047244094486
E00034145,81,24,5,19,57,48,9,29.629629629629626,6.172839506172839,23.456790123456788,70.37037037037037,59.25925925925925,11.11111111111111
E00034146,116,39,14,25,77,68,9,33.62068965517241,12.068965517241379,21.551724137931032,66.37931034482759,58.620689655172406,7.758620689655173
E00034147,92,37,8,29,55,49,6,40.21739130434783,8.695652173913043,31.521739130434785,59.78260869565217,53.2608695652174,6.521739130434782
E00034148,133,45,8,37,88,79,9,33.83458646616541,6.015037593984962,27.819548872180448,66.16541353383458,59.3984962406015,6.7669172932330826
E00034149,118,43,19,24,75,65,10,36.440677966101696,16.101694915254235,20.33898305084746,63.559322033898304,55.08474576271186,8.47457627118644
E00034150,95,33,5,28,62,52,10,34.73684210526316,5.263157894736842,29.47368421052631,65.26315789473685,54.736842105263165,10.526315789473683
E00034151,102,36,10,26,66,59,7,35.294117647058826,9.803921568627452,25.49019607843137,64.70588235294117,57.84313725490197,6.862745098039216
E00034152,145,49,10,39,96,85,11,33.793103448275865,6.896551724137931,26.89655172413793,66.20689655172414,58.620689655172406,7.586206896551724
E00034153,106,47,8,39,59,59,0,44.339622641509436,7.547169811320755,36.79245283018868,55.660377358490564,55.660377358490564,0
E00034154,121,40,10,30,81,72,9,33.057851239669425,8.264462809917356,24.793388429752067,66.94214876033058,59.50413223140496,7.43801652892562
E00034156,84,23,5,18,61,56,5,27.380952380952383,5.952380952380952,21.428571428571427,72.61904761904762,66.66666666666666,5.952380952380952
E00034157,129,38,4,34,91,82,9,29.457364341085274,3.10077519379845,26.356589147286826,70.54263565891473,63.565891472868216,6.976744186046512
E00034158,289,73,24,49,216,191,25,25.259515570934255,8.304498269896193,16.955017301038062,74.74048442906575,66.08996539792388,8.650519031141869
E00034159,138,52,19,33,86,80,6,37.68115942028986,13.768115942028986,23.91304347826087,62.31884057971014,57.971014492753625,4.3478260869565215
E00034160,110,52,24,28,58,49,9,47.27272727272727,21.818181818181817,25.454545454545453,52.72727272727272,44.54545454545455,8.181818181818182
E00034161,116,39,10,29,77,75,2,33.62068965517241,8.620689655172415,25,66.37931034482759,64.65517241379311,1.7241379310344827
E00034162,132,50,13,37,82,77,5,37.878787878787875,9.848484848484848,28.030303030303028,62.121212121212125,58.333333333333336,3.787878787878788
E00034163,95,23,5,18,72,65,7,24.210526315789473,5.263157894736842,18.947368421052634,75.78947368421053,68.42105263157895,7.368421052631578
E00034164,123,39,12,27,84,79,5,31.70731707317073,9.75609756097561,21.951219512195124,68.29268292682927,64.22764227642277,4.0650406504065035
E00034165,108,36,9,27,72,62,10,33.33333333333333,8.333333333333332,25,66.66666666666666,57.407407407407405,9.25925925925926
E00034167,131,50,18,32,81,73,8,38.16793893129771,13.740458015267176,24.427480916030532,61.832061068702295,55.72519083969466,6.106870229007633
E00034168,126,32,7,25,94,87,7,25.396825396825395,5.555555555555555,19.841269841269842,74.60317460317461,69.04761904761905,5.555555555555555
E00034169,110,38,8,30,72,66,6,34.54545454545455,7.2727272727272725,27.27272727272727,65.45454545454545,60,5.454545454545454
E00034170,258,50,14,36,208,187,21,19.379844961240313,5.426356589147287,13.953488372093023,80.62015503875969,72.48062015503875,8.13953488372093
E00034171,122,52,13,39,70,65,5,42.62295081967213,10.655737704918032,31.967213114754102,57.377049180327866,53.278688524590166,4.098360655737705
E00034172,138,38,12,26,100,93,7,27.536231884057973,8.695652173913043,18.84057971014493,72.46376811594203,67.3913043478261,5.072463768115942
E00034173,124,32,11,21,92,83,9,25.806451612903224,8.870967741935484,16.93548387096774,74.19354838709677,66.93548387096774,7.258064516129033
E00034174,120,40,11,29,80,80,0,33.33333333333333,9.166666666666666,24.166666666666668,66.66666666666666,66.66666666666666,0
E00034175,91,29,12,17,62,61,1,31.868131868131865,13.186813186813188,18.681318681318682,68.13186813186813,67.03296703296702,1.098901098901099
E00034176,94,31,6,25,63,58,5,32.97872340425532,6.382978723404255,26.595744680851062,67.02127659574468,61.702127659574465,5.319148936170213
E00034177,116,27,1,26,89,77,12,23.275862068965516,0.8620689655172413,22.413793103448278,76.72413793103449,66.37931034482759,10.344827586206897
E00034178,154,36,8,28,118,108,10,23.376623376623375,5.194805194805195,18.181818181818183,76.62337662337663,70.12987012987013,6.493506493506493
E00034180,175,67,21,46,108,95,13,38.285714285714285,12,26.285714285714285,61.71428571428571,54.285714285714285,7.428571428571429
E00034182,58,10,5,5,48,48,0,17.24137931034483,8.620689655172415,8.620689655172415,82.75862068965517,82.75862068965517,0
E00034184,97,28,5,23,69,62,7,28.865979381443296,5.154639175257731,23.711340206185564,71.1340206185567,63.91752577319587,7.216494845360824
E00034185,86,32,11,21,54,48,6,37.2093023255814,12.790697674418606,24.418604651162788,62.7906976744186,55.81395348837209,6.976744186046512
E00034187,82,19,7,12,63,62,1,23.170731707317074,8.536585365853659,14.634146341463413,76.82926829268293,75.60975609756098,1.2195121951219512
E00034188,144,48,12,36,96,82,14,33.33333333333333,8.333333333333332,25,66.66666666666666,56.94444444444444,9.722222222222223
E00034189,120,44,11,33,76,73,3,36.666666666666664,9.166666666666666,27.500000000000004,63.33333333333333,60.83333333333333,2.5
E00034190,120,34,11,23,86,79,7,28.333333333333332,9.166666666666666,19.166666666666668,71.66666666666667,65.83333333333333,5.833333333333333
E00034191,76,19,6,13,57,50,7,25,7.894736842105263,17.105263157894736,75,65.78947368421053,9.210526315789473
E00034192,112,42,12,30,70,66,4,37.5,10.714285714285714,26.785714285714285,62.5,58.92857142857143,3.571428571428571
E00034193,120,41,14,27,79,70,9,34.166666666666664,11.666666666666666,22.5,65.83333333333333,58.333333333333336,7.5
E00034194,115,33,8,25,82,77,5,28.695652173913043,6.956521739130435,21.73913043478261,71.30434782608695,66.95652173913044,4.3478260869565215
E00034195,113,41,18,23,72,71,1,36.283185840707965,15.929203539823009,20.353982300884958,63.716814159292035,62.83185840707964,0.8849557522123894
E00034196,111,45,9,36,66,64,2,40.54054054054054,8.108108108108109,32.432432432432435,59.45945945945946,57.65765765765766,1.8018018018018018
E00034197,126,33,14,19,93,83,10,26.190476190476193,11.11111111111111,15.079365079365079,73.80952380952381,65.87301587301587,7.936507936507936
E00034199,105,41,12,29,64,56,8,39.04761904761905,11.428571428571429,27.61904761904762,60.952380952380956,53.333333333333336,7.6190476190476195
E00034201,76,34,17,17,42,38,4,44.73684210526316,22.36842105263158,22.36842105263158,55.26315789473685,50,5.263157894736842
E00034202,132,59,19,40,73,67,6,44.696969696969695,14.393939393939394,30.303030303030305,55.3030303030303,50.75757575757576,4.545454545454546
E00034203,153,84,54,30,69,66,3,54.90196078431373,35.294117647058826,19.607843137254903,45.09803921568628,43.13725490196079,1.9607843137254901
E00034208,109,51,29,22,58,57,1,46.788990825688074,26.605504587155966,20.18348623853211,53.21100917431193,52.293577981651374,0.9174311926605505
E00034209,77,27,9,18,50,46,4,35.064935064935064,11.688311688311687,23.376623376623375,64.93506493506493,59.74025974025974,5.194805194805195
E00034211,103,38,15,23,65,55,10,36.89320388349515,14.563106796116504,22.330097087378643,63.10679611650486,53.398058252427184,9.70873786407767
E00034212,87,32,12,20,55,48,7,36.7816091954023,13.793103448275861,22.988505747126435,63.2183908045977,55.172413793103445,8.045977011494253
E00034213,140,61,17,44,79,73,6,43.57142857142857,12.142857142857142,31.428571428571427,56.42857142857143,52.142857142857146,4.285714285714286
E00034215,42,24,13,11,18,17,1,57.14285714285714,30.952380952380953,26.190476190476193,42.857142857142854,40.476190476190474,2.380952380952381
E00034216,100,39,11,28,61,53,8,39,11,28.000000000000004,61,53,8
E00034219,115,55,14,41,60,55,5,47.82608695652174,12.173913043478262,35.65217391304348,52.17391304347826,47.82608695652174,4.3478260869565215
E00034221,95,39,13,26,56,54,2,41.05263157894737,13.684210526315791,27.368421052631582,58.94736842105262,56.84210526315789,2.1052631578947367
E00034223,44,25,14,11,19,19,0,56.81818181818182,31.818181818181817,25,43.18181818181818,43.18181818181818,0
E00034224,113,60,35,25,53,46,7,53.09734513274337,30.973451327433626,22.123893805309734,46.902654867256636,40.707964601769916,6.1946902654867255
E00034225,108,56,25,31,52,50,2,51.85185185185185,23.14814814814815,28.703703703703702,48.148148148148145,46.2962962962963,1.8518518518518516
E00034227,142,86,48,38,56,56,0,60.56338028169014,33.80281690140845,26.76056338028169,39.436619718309856,39.436619718309856,0
E00034228,131,81,48,33,50,46,4,61.832061068702295,36.6412213740458,25.190839694656486,38.16793893129771,35.11450381679389,3.0534351145038165
E00034230,124,62,30,32,62,55,7,50,24.193548387096776,25.806451612903224,50,44.354838709677416,5.64516129032258
E00034231,101,64,40,24,37,36,1,63.366336633663366,39.603960396039604,23.762376237623762,36.633663366336634,35.64356435643564,0.9900990099009901
E00034234,141,55,16,39,86,82,4,39.00709219858156,11.347517730496454,27.659574468085108,60.99290780141844,58.156028368794324,2.8368794326241136
E00034235,148,53,12,41,95,89,6,35.810810810810814,8.108108108108109,27.7027027027027,64.1891891891892,60.13513513513513,4.054054054054054
E00034236,102,31,9,22,71,68,3,30.392156862745097,8.823529411764707,21.568627450980394,69.6078431372549,66.66666666666666,2.941176470588235
E00034237,131,35,10,25,96,91,5,26.717557251908396,7.633587786259542,19.083969465648856,73.2824427480916,69.46564885496184,3.816793893129771
E00034238,53,12,3,9,41,38,3,22.641509433962266,5.660377358490567,16.9811320754717,77.35849056603774,71.69811320754717,5.660377358490567
E00034239,119,47,18,29,72,65,7,39.49579831932773,15.126050420168067,24.369747899159663,60.50420168067227,54.621848739495796,5.88235294117647
E00034240,93,30,12,18,63,58,5,32.25806451612903,12.903225806451612,19.35483870967742,67.74193548387096,62.365591397849464,5.376344086021505
E00034241,120,39,18,21,81,73,8,32.5,15,17.5,67.5,60.83333333333333,6.666666666666667
E00034242,99,45,14,31,54,51,3,45.45454545454545,14.14141414141414,31.313131313131315,54.54545454545454,51.515151515151516,3.0303030303030303
E00034243,163,45,12,33,118,112,6,27.607361963190186,7.361963190184049,20.245398773006134,72.39263803680981,68.71165644171779,3.6809815950920246
E00034244,113,37,14,23,76,69,7,32.743362831858406,12.389380530973451,20.353982300884958,67.2566371681416,61.06194690265486,6.1946902654867255
E00034245,87,26,13,13,61,55,6,29.88505747126437,14.942528735632186,14.942528735632186,70.11494252873564,63.2183908045977,6.896551724137931
E00034246,117,39,12,27,78,73,5,33.33333333333333,10.256410256410255,23.076923076923077,66.66666666666666,62.39316239316239,4.273504273504273
E00034247,133,42,9,33,91,82,9,31.57894736842105,6.7669172932330826,24.81203007518797,68.42105263157895,61.65413533834586,6.7669172932330826
E00034248,61,20,6,14,41,38,3,32.78688524590164,9.836065573770492,22.950819672131146,67.21311475409836,62.295081967213115,4.918032786885246
E00034249,97,39,15,24,58,55,3,40.20618556701031,15.463917525773196,24.742268041237114,59.79381443298969,56.70103092783505,3.0927835051546393
E00034250,146,42,15,27,104,97,7,28.767123287671232,10.273972602739725,18.493150684931507,71.23287671232876,66.43835616438356,4.794520547945205
E00034251,93,38,15,23,55,44,11,40.86021505376344,16.129032258064516,24.731182795698924,59.13978494623656,47.31182795698925,11.827956989247312
E00034252,174,56,19,37,118,107,11,32.18390804597701,10.919540229885058,21.26436781609195,67.81609195402298,61.49425287356321,6.321839080459771
E00034253,160,42,11,31,118,109,9,26.25,6.875000000000001,19.375,73.75,68.125,5.625
E00034254,116,37,15,22,79,71,8,31.896551724137932,12.931034482758621,18.96551724137931,68.10344827586206,61.206896551724135,6.896551724137931
E00034255,133,53,12,41,80,74,6,39.849624060150376,9.022556390977442,30.82706766917293,60.150375939849624,55.639097744360896,4.511278195488721
E00034256,158,68,26,42,90,82,8,43.037974683544306,16.455696202531644,26.582278481012654,56.9620253164557,51.89873417721519,5.063291139240507
E00034257,137,34,6,28,103,93,10,24.817518248175183,4.37956204379562,20.437956204379564,75.18248175182481,67.88321167883211,7.2992700729927
E00034258,290,80,16,64,210,200,10,27.586206896551722,5.517241379310345,22.06896551724138,72.41379310344827,68.96551724137932,3.4482758620689653
E00034259,123,42,13,29,81,75,6,34.146341463414636,10.569105691056912,23.577235772357724,65.85365853658537,60.97560975609756,4.878048780487805
E00034260,111,39,13,26,72,60,12,35.13513513513514,11.711711711711711,23.423423423423422,64.86486486486487,54.054054054054056,10.81081081081081
E00034261,112,36,14,22,76,71,5,32.142857142857146,12.5,19.642857142857142,67.85714285714286,63.39285714285714,4.464285714285714
E00034262,107,34,11,23,73,67,6,31.775700934579437,10.2803738317757,21.49532710280374,68.22429906542055,62.616822429906534,5.607476635514018
E00034263,118,32,8,24,86,80,6,27.11864406779661,6.779661016949152,20.33898305084746,72.88135593220339,67.79661016949152,5.084745762711865
E00034264,104,36,12,24,68,64,4,34.61538461538461,11.538461538461538,23.076923076923077,65.38461538461539,61.53846153846154,3.8461538461538463
E00034265,257,75,21,54,182,160,22,29.18287937743191,8.171206225680933,21.011673151750973,70.8171206225681,62.2568093385214,8.560311284046692
E00034266,124,43,9,34,81,70,11,34.67741935483871,7.258064516129033,27.419354838709676,65.32258064516128,56.451612903225815,8.870967741935484
E00034267,124,36,10,26,88,75,13,29.03225806451613,8.064516129032258,20.967741935483872,70.96774193548387,60.483870967741936,10.483870967741936
E00034268,158,59,15,44,99,89,10,37.34177215189873,9.49367088607595,27.848101265822784,62.65822784810127,56.32911392405063,6.329113924050633
E00034269,70,21,5,16,49,40,9,30,7.142857142857142,22.857142857142858,70,57.14285714285714,12.857142857142856
E00034270,152,54,17,37,98,89,9,35.526315789473685,11.18421052631579,24.342105263157894,64.47368421052632,58.55263157894737,5.921052631578947
E00034271,123,37,10,27,86,81,5,30.081300813008134,8.130081300813007,21.951219512195124,69.91869918699187,65.85365853658537,4.0650406504065035
E00034272,137,37,17,20,100,91,9,27.00729927007299,12.408759124087592,14.5985401459854,72.99270072992701,66.42335766423358,6.569343065693431
E00034273,54,15,4,11,39,33,6,27.77777777777778,7.4074074074074066,20.37037037037037,72.22222222222221,61.111111111111114,11.11111111111111
E00034274,106,35,19,16,71,63,8,33.0188679245283,17.92452830188679,15.09433962264151,66.98113207547169,59.43396226415094,7.547169811320755
E00034275,147,50,15,35,97,86,11,34.01360544217687,10.204081632653061,23.809523809523807,65.98639455782312,58.50340136054422,7.482993197278912
E00034276,141,49,17,32,92,86,6,34.751773049645394,12.056737588652481,22.69503546099291,65.24822695035462,60.99290780141844,4.25531914893617
E00034277,104,34,10,24,70,62,8,32.69230769230769,9.615384615384617,23.076923076923077,67.3076923076923,59.61538461538461,7.6923076923076925
E00034278,145,56,23,33,89,77,12,38.62068965517241,15.862068965517242,22.758620689655174,61.37931034482759,53.103448275862064,8.275862068965518
E00034279,112,23,11,12,89,80,9,20.535714285714285,9.821428571428571,10.714285714285714,79.46428571428571,71.42857142857143,8.035714285714286
E00034280,40,10,1,9,30,24,6,25,2.5,22.5,75,60,15
E00034281,70,14,6,8,56,53,3,20,8.571428571428571,11.428571428571429,80,75.71428571428571,4.285714285714286
E00034282,159,40,15,25,119,105,14,25.157232704402517,9.433962264150944,15.723270440251572,74.84276729559748,66.0377358490566,8.80503144654088
E00034283,160,53,23,30,107,90,17,33.125,14.374999999999998,18.75,66.875,56.25,10.625
E00034284,137,42,15,27,95,81,14,30.656934306569344,10.948905109489052,19.708029197080293,69.34306569343066,59.12408759124088,10.218978102189782
E00034285,118,38,18,20,80,76,4,32.20338983050847,15.254237288135593,16.94915254237288,67.79661016949152,64.40677966101694,3.389830508474576
E00034286,120,50,9,41,70,65,5,41.66666666666667,7.5,34.166666666666664,58.333333333333336,54.166666666666664,4.166666666666666
E00034287,81,30,7,23,51,42,9,37.03703703703704,8.641975308641975,28.39506172839506,62.96296296296296,51.85185185185185,11.11111111111111
E00034288,144,56,16,40,88,81,7,38.88888888888889,11.11111111111111,27.77777777777778,61.111111111111114,56.25,4.861111111111112
E00034289,112,36,11,25,76,71,5,32.142857142857146,9.821428571428571,22.321428571428573,67.85714285714286,63.39285714285714,4.464285714285714
E00034290,97,27,9,18,70,67,3,27.835051546391753,9.278350515463918,18.556701030927837,72.16494845360825,69.0721649484536,3.0927835051546393
E00034291,82,16,5,11,66,61,5,19.51219512195122,6.097560975609756,13.414634146341465,80.48780487804879,74.39024390243902,6.097560975609756
E00034292,100,29,7,22,71,64,7,28.999999999999996,7.000000000000001,22,71,64,7.000000000000001
E00034293,118,38,10,28,80,74,6,32.20338983050847,8.47457627118644,23.728813559322035,67.79661016949152,62.71186440677966,5.084745762711865
E00034295,105,30,12,18,75,68,7,28.57142857142857,11.428571428571429,17.142857142857142,71.42857142857143,64.76190476190476,6.666666666666667
E00034296,130,38,10,28,92,83,9,29.230769230769234,7.6923076923076925,21.53846153846154,70.76923076923077,63.84615384615384,6.923076923076923
E00034297,115,49,11,38,66,65,1,42.608695652173914,9.565217391304348,33.04347826086956,57.391304347826086,56.52173913043478,0.8695652173913043
E00034298,148,37,14,23,111,99,12,25,9.45945945945946,15.54054054054054,75,66.8918918918919,8.108108108108109
E00034299,93,33,7,26,60,52,8,35.483870967741936,7.526881720430108,27.956989247311824,64.51612903225806,55.91397849462365,8.60215053763441
E00034300,117,35,11,24,82,77,5,29.914529914529915,9.401709401709402,20.51282051282051,70.08547008547008,65.8119658119658,4.273504273504273
E00034301,134,52,15,37,82,74,8,38.80597014925373,11.194029850746269,27.611940298507463,61.19402985074627,55.223880597014926,5.970149253731343
E00034302,132,34,11,23,98,82,16,25.757575757575758,8.333333333333332,17.424242424242426,74.24242424242425,62.121212121212125,12.121212121212121
E00034303,126,45,10,35,81,76,5,35.714285714285715,7.936507936507936,27.77777777777778,64.28571428571429,60.317460317460316,3.968253968253968
E00034304,87,25,10,15,62,52,10,28.735632183908045,11.494252873563218,17.24137931034483,71.26436781609196,59.77011494252874,11.494252873563218
E00034305,106,34,12,22,72,63,9,32.075471698113205,11.320754716981133,20.754716981132077,67.9245283018868,59.43396226415094,8.49056603773585
E00034306,132,49,15,34,83,75,8,37.121212121212125,11.363636363636363,25.757575757575758,62.878787878787875,56.81818181818182,6.0606060606060606
E00034307,95,25,10,15,70,62,8,26.31578947368421,10.526315789473683,15.789473684210526,73.68421052631578,65.26315789473685,8.421052631578947
E00034308,178,41,11,30,137,128,9,23.03370786516854,6.179775280898876,16.853932584269664,76.96629213483146,71.91011235955057,5.056179775280898
E00034309,112,27,7,20,85,77,8,24.107142857142858,6.25,17.857142857142858,75.89285714285714,68.75,7.142857142857142
E00034310,119,32,13,19,87,82,5,26.89075630252101,10.92436974789916,15.966386554621847,73.10924369747899,68.90756302521008,4.201680672268908
E00034311,145,48,17,31,97,92,5,33.10344827586207,11.724137931034482,21.379310344827587,66.89655172413794,63.44827586206897,3.4482758620689653
E00034312,117,36,7,29,81,81,0,30.76923076923077,5.982905982905983,24.786324786324787,69.23076923076923,69.23076923076923,0
E00034313,115,38,10,28,77,73,4,33.04347826086956,8.695652173913043,24.347826086956523,66.95652173913044,63.47826086956522,3.4782608695652173
E00034314,82,22,5,17,60,53,7,26.82926829268293,6.097560975609756,20.73170731707317,73.17073170731707,64.63414634146342,8.536585365853659
E00034315,61,20,0,20,41,37,4,32.78688524590164,0,32.78688524590164,67.21311475409836,60.65573770491803,6.557377049180328
E00034316,89,31,9,22,58,51,7,34.831460674157306,10.112359550561797,24.719101123595504,65.1685393258427,57.30337078651685,7.865168539325842
E00034317,119,47,15,32,72,67,5,39.49579831932773,12.605042016806722,26.89075630252101,60.50420168067227,56.30252100840336,4.201680672268908
E00034318,87,29,8,21,58,51,7,33.33333333333333,9.195402298850574,24.137931034482758,66.66666666666666,58.620689655172406,8.045977011494253
E00034319,123,44,10,34,79,71,8,35.77235772357724,8.130081300813007,27.64227642276423,64.22764227642277,57.72357723577236,6.504065040650407
E00034320,88,27,12,15,61,56,5,30.681818181818183,13.636363636363635,17.045454545454543,69.31818181818183,63.63636363636363,5.681818181818182
E00034321,74,29,5,24,45,41,4,39.189189189189186,6.756756756756757,32.432432432432435,60.810810810810814,55.4054054054054,5.405405405405405
E00034322,156,59,18,41,97,89,8,37.82051282051282,11.538461538461538,26.282051282051285,62.17948717948718,57.05128205128205,5.128205128205128
E00034323,95,27,11,16,68,61,7,28.421052631578945,11.578947368421053,16.842105263157894,71.57894736842105,64.21052631578948,7.368421052631578
E00034324,82,28,10,18,54,50,4,34.146341463414636,12.195121951219512,21.951219512195124,65.85365853658537,60.97560975609756,4.878048780487805
E00034325,122,36,11,25,86,78,8,29.508196721311474,9.01639344262295,20.491803278688526,70.49180327868852,63.934426229508205,6.557377049180328
E00034326,101,27,6,21,74,70,4,26.732673267326735,5.9405940594059405,20.792079207920793,73.26732673267327,69.3069306930693,3.9603960396039604
E00034327,130,36,12,24,94,82,12,27.692307692307693,9.230769230769232,18.461538461538463,72.3076923076923,63.07692307692307,9.230769230769232
E00034328,171,53,20,33,118,98,20,30.994152046783626,11.695906432748536,19.298245614035086,69.00584795321637,57.30994152046783,11.695906432748536
E00034329,106,38,7,31,68,63,5,35.84905660377358,6.60377358490566,29.245283018867923,64.15094339622641,59.43396226415094,4.716981132075472
E00034330,102,40,16,24,62,53,9,39.21568627450981,15.686274509803921,23.52941176470588,60.78431372549019,51.9607843137255,8.823529411764707
E00034331,226,58,18,40,168,161,7,25.663716814159294,7.964601769911504,17.699115044247787,74.33628318584071,71.23893805309734,3.0973451327433628
E00034332,90,24,6,18,66,59,7,26.666666666666668,6.666666666666667,20,73.33333333333333,65.55555555555556,7.777777777777778
E00034333,130,54,14,40,76,72,4,41.53846153846154,10.76923076923077,30.76923076923077,58.46153846153847,55.38461538461539,3.076923076923077
E00034335,125,42,16,26,83,77,6,33.6,12.8,20.8,66.4,61.6,4.8
E00034336,91,32,8,24,59,54,5,35.16483516483517,8.791208791208792,26.373626373626376,64.83516483516483,59.34065934065934,5.4945054945054945
E00034337,143,34,7,27,109,100,9,23.776223776223777,4.895104895104895,18.88111888111888,76.22377622377621,69.93006993006993,6.293706293706294
E00034338,141,39,11,28,102,88,14,27.659574468085108,7.801418439716312,19.858156028368796,72.3404255319149,62.4113475177305,9.929078014184398
E00034339,145,33,11,22,112,101,11,22.758620689655174,7.586206896551724,15.172413793103448,77.24137931034483,69.6551724137931,7.586206896551724
E00034340,110,29,4,25,81,72,9,26.36363636363636,3.6363636363636362,22.727272727272727,73.63636363636363,65.45454545454545,8.181818181818182
E00034341,156,38,8,30,118,108,10,24.358974358974358,5.128205128205128,19.230769230769234,75.64102564102564,69.23076923076923,6.41025641025641
E00034342,120,28,9,19,92,85,7,23.333333333333332,7.5,15.833333333333332,76.66666666666667,70.83333333333334,5.833333333333333
E00034343,144,36,7,29,108,95,13,25,4.861111111111112,20.13888888888889,75,65.97222222222221,9.027777777777777
E00034344,132,38,7,31,94,85,9,28.78787878787879,5.303030303030303,23.484848484848484,71.21212121212122,64.39393939393939,6.8181818181818175
E00034345,115,29,7,22,86,76,10,25.217391304347824,6.086956521739131,19.130434782608695,74.78260869565217,66.08695652173913,8.695652173913043
E00034346,80,21,2,19,59,52,7,26.25,2.5,23.75,73.75,65,8.75
E00034347,97,30,5,25,67,59,8,30.927835051546392,5.154639175257731,25.773195876288657,69.0721649484536,60.824742268041234,8.24742268041237
E00034348,84,23,8,15,61,56,5,27.380952380952383,9.523809523809524,17.857142857142858,72.61904761904762,66.66666666666666,5.952380952380952
E00034349,84,32,11,21,52,46,6,38.095238095238095,13.095238095238097,25,61.904761904761905,54.761904761904766,7.142857142857142
E00034350,63,31,10,21,32,28,4,49.2063492063492,15.873015873015872,33.33333333333333,50.79365079365079,44.44444444444444,6.349206349206349
E00034351,152,48,17,31,104,91,13,31.57894736842105,11.18421052631579,20.394736842105264,68.42105263157895,59.86842105263158,8.552631578947368
E00034352,120,50,14,36,70,63,7,41.66666666666667,11.666666666666666,30,58.333333333333336,52.5,5.833333333333333
E00034353,128,58,6,52,70,64,6,45.3125,4.6875,40.625,54.6875,50,4.6875
E00034354,60,24,5,19,36,34,2,40,8.333333333333332,31.666666666666664,60,56.666666666666664,3.3333333333333335
E00034355,102,29,3,26,73,67,6,28.431372549019606,2.941176470588235,25.49019607843137,71.56862745098039,65.68627450980392,5.88235294117647
E00034356,52,16,3,13,36,33,3,30.76923076923077,5.769230769230769,25,69.23076923076923,63.46153846153846,5.769230769230769
E00034358,147,45,14,31,102,88,14,30.612244897959183,9.523809523809524,21.08843537414966,69.38775510204081,59.863945578231295,9.523809523809524
E00034359,131,32,16,16,99,96,3,24.427480916030532,12.213740458015266,12.213740458015266,75.57251908396947,73.2824427480916,2.2900763358778624
E00034360,99,50,19,31,49,44,5,50.505050505050505,19.19191919191919,31.313131313131315,49.494949494949495,44.44444444444444,5.05050505050505
E00034361,77,23,8,15,54,47,7,29.87012987012987,10.38961038961039,19.480519480519483,70.12987012987013,61.038961038961034,9.090909090909092
E00034362,72,23,6,17,49,48,1,31.944444444444443,8.333333333333332,23.61111111111111,68.05555555555556,66.66666666666666,1.3888888888888888
E00034363,134,40,12,28,94,85,9,29.850746268656714,8.955223880597014,20.8955223880597,70.1492537313433,63.43283582089553,6.7164179104477615
E00034364,77,25,6,19,52,47,5,32.467532467532465,7.792207792207792,24.675324675324674,67.53246753246754,61.038961038961034,6.493506493506493
E00034365,93,30,9,21,63,58,5,32.25806451612903,9.67741935483871,22.58064516129032,67.74193548387096,62.365591397849464,5.376344086021505
E00034366,98,42,11,31,56,48,8,42.857142857142854,11.224489795918368,31.63265306122449,57.14285714285714,48.97959183673469,8.16326530612245
E00034368,125,36,8,28,89,84,5,28.799999999999997,6.4,22.400000000000002,71.2,67.2,4
E00034369,126,44,27,17,82,73,9,34.92063492063492,21.428571428571427,13.492063492063492,65.07936507936508,57.936507936507944,7.142857142857142
E00034371,116,34,14,20,82,74,8,29.310344827586203,12.068965517241379,17.24137931034483,70.6896551724138,63.793103448275865,6.896551724137931
E00034372,67,21,8,13,46,43,3,31.343283582089555,11.940298507462686,19.402985074626866,68.65671641791045,64.17910447761194,4.477611940298507
E00034373,223,48,20,28,175,159,16,21.524663677130047,8.968609865470851,12.556053811659194,78.47533632286996,71.30044843049326,7.174887892376682
E00034374,84,34,9,25,50,44,6,40.476190476190474,10.714285714285714,29.761904761904763,59.523809523809526,52.38095238095239,7.142857142857142
E00034375,218,67,20,47,151,142,9,30.73394495412844,9.174311926605505,21.55963302752294,69.26605504587155,65.13761467889908,4.128440366972478
E00034376,148,45,11,34,103,92,11,30.405405405405407,7.4324324324324325,22.972972972972975,69.5945945945946,62.16216216216216,7.4324324324324325
E00034377,154,40,7,33,114,102,12,25.97402597402597,4.545454545454546,21.428571428571427,74.02597402597402,66.23376623376623,7.792207792207792
E00034378,148,44,12,32,104,96,8,29.72972972972973,8.108108108108109,21.62162162162162,70.27027027027027,64.86486486486487,5.405405405405405
E00034379,163,46,13,33,117,110,7,28.22085889570552,7.975460122699387,20.245398773006134,71.77914110429448,67.48466257668711,4.294478527607362
E00034380,163,35,7,28,128,115,13,21.472392638036812,4.294478527607362,17.177914110429448,78.52760736196319,70.5521472392638,7.975460122699387
E00034381,298,73,24,49,225,197,28,24.496644295302016,8.053691275167784,16.44295302013423,75.50335570469798,66.10738255033557,9.395973154362416
E00034382,186,38,10,28,148,125,23,20.43010752688172,5.376344086021505,15.053763440860216,79.56989247311827,67.20430107526882,12.365591397849462
E00034383,229,63,14,49,166,144,22,27.510917030567683,6.11353711790393,21.397379912663755,72.48908296943232,62.882096069869,9.606986899563319
E00034384,124,36,8,28,88,77,11,29.03225806451613,6.451612903225806,22.58064516129032,70.96774193548387,62.096774193548384,8.870967741935484
E00034386,150,42,10,32,108,93,15,28.000000000000004,6.666666666666667,21.333333333333336,72,62,10
E00034387,110,37,9,28,73,63,10,33.63636363636363,8.181818181818182,25.454545454545453,66.36363636363637,57.27272727272727,9.090909090909092
E00034388,78,35,5,30,43,42,1,44.871794871794876,6.41025641025641,38.46153846153847,55.12820512820513,53.84615384615385,1.282051282051282
E00034389,116,31,8,23,85,75,10,26.72413793103448,6.896551724137931,19.82758620689655,73.27586206896551,64.65517241379311,8.620689655172415
E00034390,143,40,17,23,103,93,10,27.972027972027973,11.888111888111888,16.083916083916083,72.02797202797203,65.03496503496503,6.993006993006993
E00034391,174,50,15,35,124,115,9,28.735632183908045,8.620689655172415,20.114942528735632,71.26436781609196,66.0919540229885,5.172413793103448
E00034392,137,38,7,31,99,89,10,27.73722627737226,5.109489051094891,22.62773722627737,72.26277372262774,64.96350364963503,7.2992700729927
E00034393,112,38,9,29,74,65,9,33.92857142857143,8.035714285714286,25.892857142857146,66.07142857142857,58.03571428571429,8.035714285714286
E00034394,172,44,13,31,128,119,9,25.581395348837212,7.55813953488372,18.023255813953487,74.4186046511628,69.18604651162791,5.232558139534884
E00034395,72,25,5,20,47,43,4,34.72222222222222,6.944444444444445,27.77777777777778,65.27777777777779,59.72222222222222,5.555555555555555
E00034396,106,30,7,23,76,76,0,28.30188679245283,6.60377358490566,21.69811320754717,71.69811320754717,71.69811320754717,0
E00034397,168,41,11,30,127,115,12,24.404761904761905,6.547619047619048,17.857142857142858,75.59523809523809,68.45238095238095,7.142857142857142
E00034398,125,38,9,29,87,78,9,30.4,7.199999999999999,23.200000000000003,69.6,62.4,7.199999999999999
E00034399,142,37,12,25,105,88,17,26.056338028169012,8.450704225352112,17.6056338028169,73.94366197183099,61.97183098591549,11.971830985915492
E00034400,116,47,17,30,69,61,8,40.51724137931034,14.655172413793101,25.862068965517242,59.48275862068966,52.58620689655172,6.896551724137931
E00034401,164,39,13,26,125,111,14,23.78048780487805,7.926829268292683,15.853658536585366,76.21951219512195,67.6829268292683,8.536585365853659
E00034402,138,42,10,32,96,83,13,30.434782608695656,7.246376811594203,23.18840579710145,69.56521739130434,60.14492753623188,9.420289855072465
E00034403,125,38,10,28,87,80,7,30.4,8,22.400000000000002,69.6,64,5.6000000000000005
E00034404,150,43,10,33,107,100,7,28.666666666666668,6.666666666666667,22,71.33333333333334,66.66666666666666,4.666666666666667
E00034405,164,50,14,36,114,104,10,30.48780487804878,8.536585365853659,21.951219512195124,69.51219512195121,63.41463414634146,6.097560975609756
E00034406,167,42,7,35,125,113,12,25.149700598802394,4.191616766467066,20.958083832335326,74.8502994011976,67.66467065868264,7.18562874251497
E00034409,183,54,20,34,129,118,11,29.508196721311474,10.92896174863388,18.579234972677597,70.49180327868852,64.48087431693989,6.0109289617486334
E00034412,117,45,14,31,72,62,10,38.46153846153847,11.965811965811966,26.495726495726498,61.53846153846154,52.991452991452995,8.547008547008547
E00034413,113,33,8,25,80,76,4,29.20353982300885,7.079646017699115,22.123893805309734,70.79646017699115,67.2566371681416,3.5398230088495577
E00034414,115,24,14,10,91,82,9,20.869565217391305,12.173913043478262,8.695652173913043,79.13043478260869,71.30434782608695,7.82608695652174
E00034415,150,38,12,26,112,102,10,25.333333333333336,8,17.333333333333336,74.66666666666667,68,6.666666666666667
E00034416,166,61,19,42,105,98,7,36.74698795180723,11.44578313253012,25.301204819277107,63.25301204819277,59.036144578313255,4.216867469879518
E00034417,81,30,10,20,51,46,5,37.03703703703704,12.345679012345679,24.691358024691358,62.96296296296296,56.79012345679012,6.172839506172839
E00034418,223,70,20,50,153,143,10,31.390134529147986,8.968609865470851,22.421524663677133,68.60986547085201,64.12556053811659,4.484304932735426
E00034419,103,30,8,22,73,68,5,29.126213592233007,7.766990291262135,21.35922330097087,70.87378640776699,66.01941747572816,4.854368932038835
E00034420,116,32,11,21,84,71,13,27.586206896551722,9.482758620689655,18.103448275862068,72.41379310344827,61.206896551724135,11.206896551724139
E00034421,139,47,12,35,92,83,9,33.81294964028777,8.633093525179856,25.179856115107913,66.18705035971223,59.71223021582733,6.474820143884892
E00034422,102,33,13,20,69,64,5,32.35294117647059,12.745098039215685,19.607843137254903,67.64705882352942,62.745098039215684,4.901960784313726
E00034424,82,30,12,18,52,48,4,36.58536585365854,14.634146341463413,21.951219512195124,63.41463414634146,58.536585365853654,4.878048780487805
E00034425,110,36,11,25,74,71,3,32.72727272727273,10,22.727272727272727,67.27272727272727,64.54545454545455,2.727272727272727
E00034427,66,29,7,22,37,37,0,43.93939393939394,10.606060606060606,33.33333333333333,56.060606060606055,56.060606060606055,0
E00034428,140,48,15,33,92,83,9,34.285714285714285,10.714285714285714,23.57142857142857,65.71428571428571,59.285714285714285,6.428571428571428
E00034429,93,40,9,31,53,43,10,43.01075268817204,9.67741935483871,33.33333333333333,56.98924731182796,46.236559139784944,10.75268817204301
E00034430,84,29,10,19,55,52,3,34.523809523809526,11.904761904761903,22.61904761904762,65.47619047619048,61.904761904761905,3.571428571428571
E00034431,124,39,12,27,85,79,6,31.451612903225808,9.67741935483871,21.774193548387096,68.54838709677419,63.70967741935484,4.838709677419355
E00034432,177,45,7,38,132,125,7,25.423728813559322,3.954802259887006,21.468926553672315,74.57627118644068,70.62146892655367,3.954802259887006
E00034433,113,22,6,16,91,75,16,19.469026548672566,5.3097345132743365,14.15929203539823,80.53097345132744,66.3716814159292,14.15929203539823
E00034434,183,47,16,31,136,97,39,25.683060109289617,8.743169398907105,16.939890710382514,74.31693989071039,53.00546448087432,21.311475409836063
E00034435,131,37,16,21,94,86,8,28.24427480916031,12.213740458015266,16.030534351145036,71.7557251908397,65.64885496183206,6.106870229007633
E00034436,144,39,20,19,105,89,16,27.083333333333332,13.88888888888889,13.194444444444445,72.91666666666666,61.80555555555556,11.11111111111111
E00034437,119,39,11,28,80,73,7,32.773109243697476,9.243697478991598,23.52941176470588,67.22689075630252,61.34453781512605,5.88235294117647
E00034438,97,26,9,17,71,59,12,26.804123711340207,9.278350515463918,17.525773195876287,73.19587628865979,60.824742268041234,12.371134020618557
E00034439,150,43,17,26,107,83,24,28.666666666666668,11.333333333333332,17.333333333333336,71.33333333333334,55.333333333333336,16
E00034440,111,26,2,24,85,74,11,23.423423423423422,1.8018018018018018,21.62162162162162,76.57657657657657,66.66666666666666,9.90990990990991
E00034441,157,49,20,29,108,96,12,31.210191082802545,12.738853503184714,18.471337579617835,68.78980891719745,61.146496815286625,7.643312101910828
E00034442,181,47,11,36,134,109,25,25.96685082872928,6.077348066298343,19.88950276243094,74.03314917127072,60.22099447513812,13.812154696132598
E00034443,126,34,10,24,92,84,8,26.984126984126984,7.936507936507936,19.047619047619047,73.01587301587301,66.66666666666666,6.349206349206349
E00034444,128,35,13,22,93,81,12,27.34375,10.15625,17.1875,72.65625,63.28125,9.375
E00034446,184,59,21,38,125,104,21,32.065217391304344,11.41304347826087,20.652173913043477,67.93478260869566,56.52173913043478,11.41304347826087
E00034447,181,35,8,27,146,117,29,19.337016574585636,4.41988950276243,14.917127071823206,80.66298342541437,64.64088397790056,16.022099447513813
E00034448,141,30,7,23,111,98,13,21.27659574468085,4.964539007092199,16.312056737588655,78.72340425531915,69.50354609929079,9.219858156028367
E00034449,92,31,13,18,61,47,14,33.69565217391305,14.130434782608695,19.565217391304348,66.30434782608695,51.08695652173913,15.217391304347828
E00034451,126,28,15,13,98,74,24,22.22222222222222,11.904761904761903,10.317460317460316,77.77777777777779,58.730158730158735,19.047619047619047
E00034453,110,31,7,24,79,67,12,28.18181818181818,6.363636363636363,21.818181818181817,71.81818181818181,60.909090909090914,10.909090909090908
E00034454,45,19,9,10,26,23,3,42.22222222222222,20,22.22222222222222,57.77777777777777,51.11111111111111,6.666666666666667
E00034455,128,38,17,21,90,72,18,29.6875,13.28125,16.40625,70.3125,56.25,14.0625
E00034456,125,32,9,23,93,81,12,25.6,7.199999999999999,18.4,74.4,64.8,9.6
E00034457,75,16,1,15,59,51,8,21.333333333333336,1.3333333333333335,20,78.66666666666666,68,10.666666666666668
E00034458,115,31,8,23,84,78,6,26.956521739130434,6.956521739130435,20,73.04347826086956,67.82608695652173,5.217391304347826
E00034459,131,38,10,28,93,78,15,29.00763358778626,7.633587786259542,21.374045801526716,70.99236641221374,59.541984732824424,11.450381679389313
E00034460,77,32,18,14,45,41,4,41.55844155844156,23.376623376623375,18.181818181818183,58.44155844155844,53.246753246753244,5.194805194805195
E00034461,79,20,5,15,59,50,9,25.31645569620253,6.329113924050633,18.9873417721519,74.68354430379746,63.29113924050633,11.39240506329114
E00034462,112,36,12,24,76,64,12,32.142857142857146,10.714285714285714,21.428571428571427,67.85714285714286,57.14285714285714,10.714285714285714
E00034463,116,48,23,25,68,53,15,41.37931034482759,19.82758620689655,21.551724137931032,58.620689655172406,45.689655172413794,12.931034482758621
E00034464,105,29,9,20,76,70,6,27.61904761904762,8.571428571428571,19.047619047619047,72.38095238095238,66.66666666666666,5.714285714285714
E00034465,100,28,16,12,72,62,10,28.000000000000004,16,12,72,62,10
E00034466,122,30,10,20,92,79,13,24.59016393442623,8.19672131147541,16.39344262295082,75.40983606557377,64.75409836065575,10.655737704918032
E00034467,126,31,10,21,95,75,20,24.6031746031746,7.936507936507936,16.666666666666664,75.39682539682539,59.523809523809526,15.873015873015872
E00034468,150,45,11,34,105,92,13,30,7.333333333333333,22.666666666666664,70,61.33333333333333,8.666666666666668
E00034469,130,39,19,20,91,69,22,30,14.615384615384617,15.384615384615385,70,53.07692307692308,16.923076923076923
E00034470,142,39,16,23,103,86,17,27.464788732394368,11.267605633802818,16.19718309859155,72.53521126760563,60.56338028169014,11.971830985915492
E00034471,146,44,19,25,102,76,26,30.136986301369863,13.013698630136986,17.123287671232877,69.86301369863014,52.054794520547944,17.80821917808219
E00034472,141,36,16,20,105,95,10,25.53191489361702,11.347517730496454,14.184397163120568,74.46808510638297,67.37588652482269,7.092198581560284
E00034473,111,37,6,31,74,52,22,33.33333333333333,5.405405405405405,27.927927927927925,66.66666666666666,46.846846846846844,19.81981981981982
E00034474,135,34,8,26,101,94,7,25.185185185185183,5.9259259259259265,19.25925925925926,74.81481481481481,69.62962962962963,5.185185185185185
E00034475,86,40,18,22,46,40,6,46.51162790697674,20.930232558139537,25.581395348837212,53.48837209302325,46.51162790697674,6.976744186046512
E00034476,92,27,8,19,65,52,13,29.347826086956523,8.695652173913043,20.652173913043477,70.65217391304348,56.52173913043478,14.130434782608695
E00034477,163,42,12,30,121,100,21,25.766871165644172,7.361963190184049,18.404907975460123,74.23312883435584,61.34969325153374,12.883435582822086
E00034478,108,32,11,21,76,67,9,29.629629629629626,10.185185185185185,19.444444444444446,70.37037037037037,62.03703703703704,8.333333333333332
E00034479,116,39,17,22,77,66,11,33.62068965517241,14.655172413793101,18.96551724137931,66.37931034482759,56.896551724137936,9.482758620689655
E00034480,42,17,2,15,25,25,0,40.476190476190474,4.761904761904762,35.714285714285715,59.523809523809526,59.523809523809526,0
E00034481,101,18,8,10,83,76,7,17.82178217821782,7.920792079207921,9.900990099009901,82.17821782178217,75.24752475247524,6.9306930693069315
E00034482,47,10,1,9,37,32,5,21.27659574468085,2.127659574468085,19.148936170212767,78.72340425531915,68.08510638297872,10.638297872340425
E00034483,111,38,10,28,73,67,6,34.234234234234236,9.00900900900901,25.225225225225223,65.76576576576578,60.36036036036037,5.405405405405405
E00034484,134,24,4,20,110,100,10,17.91044776119403,2.9850746268656714,14.925373134328357,82.08955223880598,74.6268656716418,7.462686567164178
E00034485,132,41,7,34,91,77,14,31.060606060606062,5.303030303030303,25.757575757575758,68.93939393939394,58.333333333333336,10.606060606060606
E00165671,150,48,10,38,102,95,7,32,6.666666666666667,25.333333333333336,68,63.33333333333333,4.666666666666667
E00165713,78,24,5,19,54,46,8,30.76923076923077,6.41025641025641,24.358974358974358,69.23076923076923,58.97435897435898,10.256410256410255
E00165714,65,12,1,11,53,48,5,18.461538461538463,1.5384615384615385,16.923076923076923,81.53846153846153,73.84615384615385,7.6923076923076925
E00165715,178,43,9,34,135,115,20,24.15730337078652,5.056179775280898,19.101123595505616,75.84269662921348,64.60674157303372,11.235955056179774
E00165716,106,38,13,25,68,59,9,35.84905660377358,12.264150943396226,23.58490566037736,64.15094339622641,55.660377358490564,8.49056603773585
E00165717,57,9,5,4,48,40,8,15.789473684210526,8.771929824561402,7.017543859649122,84.21052631578947,70.17543859649122,14.035087719298245
E00165718,168,36,13,23,132,107,25,21.428571428571427,7.738095238095238,13.690476190476192,78.57142857142857,63.69047619047619,14.880952380952381
E00165719,110,32,13,19,78,57,21,29.09090909090909,11.818181818181818,17.272727272727273,70.9090909090909,51.81818181818182,19.090909090909093
E00165720,149,38,11,27,111,96,15,25.503355704697988,7.38255033557047,18.120805369127517,74.49664429530202,64.42953020134227,10.06711409395973
E00165721,76,20,8,12,56,42,14,26.31578947368421,10.526315789473683,15.789473684210526,73.68421052631578,55.26315789473685,18.421052631578945
E00165722,188,62,17,45,126,108,18,32.97872340425532,9.042553191489363,23.93617021276596,67.02127659574468,57.446808510638306,9.574468085106384
E00165723,106,30,6,24,76,67,9,28.30188679245283,5.660377358490567,22.641509433962266,71.69811320754717,63.20754716981132,8.49056603773585
E00165724,188,49,15,34,139,125,14,26.063829787234045,7.9787234042553195,18.085106382978726,73.93617021276596,66.48936170212765,7.446808510638298
E00165725,63,12,3,9,51,43,8,19.047619047619047,4.761904761904762,14.285714285714285,80.95238095238095,68.25396825396825,12.698412698412698
E00165726,168,59,12,47,109,88,21,35.11904761904761,7.142857142857142,27.976190476190478,64.88095238095238,52.38095238095239,12.5
E00165727,65,19,5,14,46,46,0,29.230769230769234,7.6923076923076925,21.53846153846154,70.76923076923077,70.76923076923077,0
E00165729,134,46,14,32,88,85,3,34.32835820895522,10.44776119402985,23.88059701492537,65.67164179104478,63.43283582089553,2.2388059701492535
E00165730,238,74,25,49,164,141,23,31.092436974789916,10.504201680672269,20.588235294117645,68.90756302521008,59.2436974789916,9.663865546218489
E00165731,120,30,3,27,90,77,13,25,2.5,22.5,75,64.16666666666667,10.833333333333334
E00165758,66,13,2,11,53,50,3,19.696969696969695,3.0303030303030303,16.666666666666664,80.3030303030303,75.75757575757575,4.545454545454546
E00165759,90,19,6,13,71,63,8,21.11111111111111,6.666666666666667,14.444444444444443,78.88888888888889,70,8.88888888888889
E00165760,43,13,4,9,30,28,2,30.23255813953488,9.30232558139535,20.930232558139537,69.76744186046511,65.11627906976744,4.651162790697675
E00165762,191,53,13,40,138,122,16,27.748691099476442,6.806282722513089,20.94240837696335,72.25130890052355,63.87434554973822,8.37696335078534
E00165763,70,23,6,17,47,35,12,32.857142857142854,8.571428571428571,24.285714285714285,67.14285714285714,50,17.142857142857142
E00176596,109,33,12,21,76,76,0,30.275229357798167,11.009174311926607,19.26605504587156,69.72477064220183,69.72477064220183,0
E00176597,200,50,17,33,150,135,15,25,8.5,16.5,75,67.5,7.5
E00176598,143,26,6,20,117,99,18,18.181818181818183,4.195804195804196,13.986013986013987,81.81818181818183,69.23076923076923,12.587412587412588
E00176599,102,31,9,22,71,67,4,30.392156862745097,8.823529411764707,21.568627450980394,69.6078431372549,65.68627450980392,3.9215686274509802
E00176600,132,32,6,26,100,91,9,24.242424242424242,4.545454545454546,19.696969696969695,75.75757575757575,68.93939393939394,6.8181818181818175
E00176601,233,66,16,50,167,137,30,28.32618025751073,6.866952789699571,21.45922746781116,71.67381974248927,58.798283261802574,12.875536480686694
E00176602,39,8,2,6,31,29,2,20.51282051282051,5.128205128205128,15.384615384615385,79.48717948717949,74.35897435897436,5.128205128205128
E00176603,121,19,9,10,102,89,13,15.702479338842975,7.43801652892562,8.264462809917356,84.29752066115702,73.55371900826447,10.743801652892563
E00176604,72,15,7,8,57,49,8,20.833333333333336,9.722222222222223,11.11111111111111,79.16666666666666,68.05555555555556,11.11111111111111
E00176605,123,26,9,17,97,77,20,21.138211382113823,7.317073170731707,13.821138211382115,78.86178861788618,62.601626016260155,16.260162601626014
E00176606,107,24,9,15,83,77,6,22.429906542056074,8.411214953271028,14.018691588785046,77.57009345794393,71.96261682242991,5.607476635514018
E00176607,167,24,7,17,143,130,13,14.37125748502994,4.191616766467066,10.179640718562874,85.62874251497006,77.84431137724552,7.784431137724551
E00176608,116,21,10,11,95,81,14,18.103448275862068,8.620689655172415,9.482758620689655,81.89655172413794,69.82758620689656,12.068965517241379
E00176610,111,38,14,24,73,66,7,34.234234234234236,12.612612612612612,21.62162162162162,65.76576576576578,59.45945945945946,6.306306306306306
E00176611,54,25,13,12,29,25,4,46.2962962962963,24.074074074074073,22.22222222222222,53.70370370370371,46.2962962962963,7.4074074074074066
E00176612,132,74,41,33,58,54,4,56.060606060606055,31.060606060606062,25,43.93939393939394,40.909090909090914,3.0303030303030303
E00176613,78,22,8,14,56,54,2,28.205128205128204,10.256410256410255,17.94871794871795,71.7948717948718,69.23076923076923,2.564102564102564
E00176618,48,16,6,10,32,31,1,33.33333333333333,12.5,20.833333333333336,66.66666666666666,64.58333333333334,2.083333333333333
E00176620,138,33,14,19,105,86,19,23.91304347826087,10.144927536231885,13.768115942028986,76.08695652173914,62.31884057971014,13.768115942028986
E00176622,89,26,15,11,63,55,8,29.213483146067414,16.853932584269664,12.359550561797752,70.78651685393258,61.79775280898876,8.98876404494382
E00176624,272,199,126,73,73,60,13,73.16176470588235,46.32352941176471,26.838235294117645,26.838235294117645,22.058823529411764,4.779411764705882
E00176627,148,30,10,20,118,107,11,20.27027027027027,6.756756756756757,13.513513513513514,79.72972972972973,72.2972972972973,7.4324324324324325
E00176628,221,38,19,19,183,163,20,17.194570135746606,8.597285067873303,8.597285067873303,82.80542986425338,73.7556561085973,9.049773755656108
E00176629,73,18,5,13,55,45,10,24.65753424657534,6.8493150684931505,17.80821917808219,75.34246575342466,61.64383561643836,13.698630136986301
E00176630,140,38,12,26,102,94,8,27.142857142857142,8.571428571428571,18.571428571428573,72.85714285714285,67.14285714285714,5.714285714285714
E00176631,71,20,4,16,51,43,8,28.169014084507044,5.633802816901409,22.535211267605636,71.83098591549296,60.56338028169014,11.267605633802818
E00176632,120,24,1,23,96,85,11,20,0.8333333333333334,19.166666666666668,80,70.83333333333334,9.166666666666666
E00176633,68,27,8,19,41,35,6,39.705882352941174,11.76470588235294,27.941176470588236,60.29411764705882,51.470588235294116,8.823529411764707
E00176635,121,41,19,22,80,66,14,33.88429752066116,15.702479338842975,18.181818181818183,66.11570247933885,54.54545454545454,11.570247933884298
E00176640,169,83,54,29,86,83,3,49.112426035502956,31.952662721893493,17.159763313609467,50.887573964497044,49.112426035502956,1.7751479289940828
E00176641,99,20,8,12,79,66,13,20.2020202020202,8.080808080808081,12.121212121212121,79.7979797979798,66.66666666666666,13.131313131313133
E00176642,216,58,29,29,158,151,7,26.851851851851855,13.425925925925927,13.425925925925927,73.14814814814815,69.9074074074074,3.2407407407407405
E00176643,147,35,17,18,112,104,8,23.809523809523807,11.564625850340136,12.244897959183673,76.19047619047619,70.74829931972789,5.442176870748299
E00176644,81,15,8,7,66,61,5,18.51851851851852,9.876543209876543,8.641975308641975,81.48148148148148,75.30864197530865,6.172839506172839
E00176646,128,44,26,18,84,63,21,34.375,20.3125,14.0625,65.625,49.21875,16.40625
E00176647,188,60,15,45,128,116,12,31.914893617021278,7.9787234042553195,23.93617021276596,68.08510638297872,61.702127659574465,6.382978723404255
E00176648,154,49,11,38,105,92,13,31.818181818181817,7.142857142857142,24.675324675324674,68.18181818181817,59.74025974025974,8.441558441558442
E00176649,51,19,2,17,32,28,4,37.254901960784316,3.9215686274509802,33.33333333333333,62.745098039215684,54.90196078431373,7.8431372549019605
E00176652,207,53,28,25,154,139,15,25.60386473429952,13.526570048309178,12.077294685990339,74.39613526570048,67.14975845410628,7.246376811594203
E00176653,256,55,19,36,201,182,19,21.484375,7.421875,14.0625,78.515625,71.09375,7.421875
E00176654,93,20,11,9,73,56,17,21.50537634408602,11.827956989247312,9.67741935483871,78.49462365591397,60.215053763440864,18.27956989247312
E00176656,100,20,6,14,80,62,18,20,6,14.000000000000002,80,62,18
E00176657,155,37,24,13,118,102,16,23.870967741935484,15.483870967741936,8.38709677419355,76.12903225806451,65.80645161290323,10.32258064516129
E00176658,139,47,26,21,92,84,8,33.81294964028777,18.705035971223023,15.107913669064748,66.18705035971223,60.431654676258994,5.755395683453238
E00176660,118,17,5,12,101,89,12,14.40677966101695,4.23728813559322,10.16949152542373,85.59322033898306,75.42372881355932,10.16949152542373
E00176661,35,23,18,5,12,12,0,65.71428571428571,51.42857142857142,14.285714285714285,34.285714285714285,34.285714285714285,0
E00176662,125,34,8,26,91,77,14,27.200000000000003,6.4,20.8,72.8,61.6,11.200000000000001
E00176663,141,57,15,42,84,69,15,40.42553191489361,10.638297872340425,29.78723404255319,59.57446808510638,48.93617021276596,10.638297872340425
E00176664,87,24,7,17,63,56,7,27.586206896551722,8.045977011494253,19.54022988505747,72.41379310344827,64.36781609195403,8.045977011494253
E00176666,123,24,6,18,99,83,16,19.51219512195122,4.878048780487805,14.634146341463413,80.48780487804879,67.47967479674797,13.008130081300814
E00176667,154,42,17,25,112,92,20,27.27272727272727,11.03896103896104,16.233766233766232,72.72727272727273,59.74025974025974,12.987012987012985
E00176668,209,61,18,43,148,131,17,29.1866028708134,8.61244019138756,20.574162679425836,70.81339712918661,62.67942583732058,8.133971291866029
E00176669,104,27,6,21,77,70,7,25.961538461538463,5.769230769230769,20.192307692307693,74.03846153846155,67.3076923076923,6.730769230769231
E00176670,153,30,11,19,123,106,17,19.607843137254903,7.18954248366013,12.418300653594772,80.3921568627451,69.28104575163398,11.11111111111111
E00176671,134,43,10,33,91,85,6,32.08955223880597,7.462686567164178,24.62686567164179,67.91044776119402,63.43283582089553,4.477611940298507
E00176672,119,39,19,20,80,71,9,32.773109243697476,15.966386554621847,16.80672268907563,67.22689075630252,59.66386554621849,7.563025210084033
E00176673,93,28,15,13,65,61,4,30.107526881720432,16.129032258064516,13.978494623655912,69.89247311827957,65.59139784946237,4.301075268817205
E00176675,135,28,12,16,107,87,20,20.74074074074074,8.88888888888889,11.851851851851853,79.25925925925927,64.44444444444444,14.814814814814813
E00176676,63,24,14,10,39,36,3,38.095238095238095,22.22222222222222,15.873015873015872,61.904761904761905,57.14285714285714,4.761904761904762
E00176677,149,40,17,23,109,95,14,26.845637583892618,11.409395973154362,15.436241610738255,73.15436241610739,63.758389261744966,9.395973154362416
E00176678,154,40,15,25,114,96,18,25.97402597402597,9.740259740259742,16.233766233766232,74.02597402597402,62.33766233766234,11.688311688311687
E00176679,163,30,7,23,133,121,12,18.404907975460123,4.294478527607362,14.11042944785276,81.59509202453987,74.23312883435584,7.361963190184049
E00176681,74,14,5,9,60,45,15,18.91891891891892,6.756756756756757,12.162162162162163,81.08108108108108,60.810810810810814,20.27027027027027
E00176682,97,19,7,12,78,68,10,19.587628865979383,7.216494845360824,12.371134020618557,80.41237113402062,70.10309278350515,10.309278350515463
E00176684,154,25,10,15,129,107,22,16.233766233766232,6.493506493506493,9.740259740259742,83.76623376623377,69.48051948051948,14.285714285714285
E00176685,76,34,11,23,42,37,5,44.73684210526316,14.473684210526317,30.263157894736842,55.26315789473685,48.68421052631579,6.578947368421052
E00176686,214,46,20,26,168,146,22,21.49532710280374,9.345794392523365,12.149532710280374,78.50467289719626,68.22429906542055,10.2803738317757
E00176691,111,50,26,24,61,55,6,45.04504504504504,23.423423423423422,21.62162162162162,54.95495495495496,49.549549549549546,5.405405405405405
E00176693,105,29,16,13,76,66,10,27.61904761904762,15.238095238095239,12.380952380952381,72.38095238095238,62.857142857142854,9.523809523809524
E00176696,160,50,18,32,110,102,8,31.25,11.25,20,68.75,63.74999999999999,5
E00176697,130,37,13,24,93,82,11,28.46153846153846,10,18.461538461538463,71.53846153846153,63.07692307692307,8.461538461538462
E00176698,45,18,13,5,27,25,2,40,28.888888888888886,11.11111111111111,60,55.55555555555556,4.444444444444445
E00176699,297,95,25,70,202,168,34,31.986531986531986,8.417508417508419,23.56902356902357,68.01346801346801,56.56565656565656,11.447811447811448
E00176702,83,42,24,18,41,38,3,50.602409638554214,28.915662650602407,21.686746987951807,49.39759036144578,45.78313253012048,3.614457831325301
E00176703,288,65,19,46,223,201,22,22.569444444444446,6.597222222222222,15.972222222222221,77.43055555555556,69.79166666666666,7.638888888888889
E00176704,93,25,7,18,68,63,5,26.881720430107524,7.526881720430108,19.35483870967742,73.11827956989248,67.74193548387096,5.376344086021505
E00176705,88,19,5,14,69,63,6,21.59090909090909,5.681818181818182,15.909090909090908,78.4090909090909,71.5909090909091,6.8181818181818175
E00176706,176,47,13,34,129,112,17,26.704545454545453,7.386363636363637,19.318181818181817,73.29545454545455,63.63636363636363,9.659090909090908
E00176707,230,68,22,46,162,146,16,29.565217391304348,9.565217391304348,20,70.43478260869566,63.47826086956522,6.956521739130435
E00176708,119,41,19,22,78,71,7,34.45378151260504,15.966386554621847,18.487394957983195,65.54621848739495,59.66386554621849,5.88235294117647
E00176709,110,66,43,23,44,37,7,60,39.09090909090909,20.909090909090907,40,33.63636363636363,6.363636363636363
E00176711,77,47,27,20,30,29,1,61.038961038961034,35.064935064935064,25.97402597402597,38.961038961038966,37.66233766233766,1.2987012987012987
E00176712,86,61,34,27,25,19,6,70.93023255813954,39.53488372093023,31.3953488372093,29.069767441860467,22.093023255813954,6.976744186046512
E00176713,54,31,15,16,23,21,2,57.407407407407405,27.77777777777778,29.629629629629626,42.592592592592595,38.88888888888889,3.7037037037037033
E00176714,43,12,5,7,31,24,7,27.906976744186046,11.627906976744185,16.27906976744186,72.09302325581395,55.81395348837209,16.27906976744186
E00176715,23,5,5,0,18,12,6,21.73913043478261,21.73913043478261,0,78.26086956521739,52.17391304347826,26.08695652173913
E00176716,95,13,3,10,82,72,10,13.684210526315791,3.1578947368421053,10.526315789473683,86.31578947368422,75.78947368421053,10.526315789473683
E00176717,60,25,9,16,35,34,1,41.66666666666667,15,26.666666666666668,58.333333333333336,56.666666666666664,1.6666666666666667
E00176718,68,27,9,18,41,41,0,39.705882352941174,13.23529411764706,26.47058823529412,60.29411764705882,60.29411764705882,0
E00176719,97,16,5,11,81,70,11,16.49484536082474,5.154639175257731,11.34020618556701,83.50515463917526,72.16494845360825,11.34020618556701
E00176720,143,32,8,24,111,94,17,22.377622377622377,5.594405594405594,16.783216783216783,77.62237762237763,65.73426573426573,11.888111888111888
E00176721,170,37,15,22,133,115,18,21.764705882352942,8.823529411764707,12.941176470588237,78.23529411764706,67.64705882352942,10.588235294117647
E00176722,258,70,22,48,188,161,27,27.131782945736433,8.527131782945736,18.6046511627907,72.86821705426357,62.4031007751938,10.465116279069768
E00176723,135,37,14,23,98,77,21,27.40740740740741,10.37037037037037,17.037037037037038,72.5925925925926,57.03703703703704,15.555555555555555
E00176724,103,25,11,14,78,71,7,24.271844660194176,10.679611650485436,13.592233009708737,75.72815533980582,68.93203883495146,6.796116504854369
E00176725,208,40,12,28,168,134,34,19.230769230769234,5.769230769230769,13.461538461538462,80.76923076923077,64.42307692307693,16.346153846153847
E00176726,155,82,39,43,73,62,11,52.903225806451616,25.161290322580644,27.741935483870968,47.096774193548384,40,7.096774193548387
E00176727,132,45,12,33,87,77,10,34.090909090909086,9.090909090909092,25,65.9090909090909,58.333333333333336,7.575757575757576
E00176728,139,56,29,27,83,66,17,40.28776978417266,20.863309352517987,19.424460431654676,59.71223021582733,47.482014388489205,12.23021582733813
E00176729,120,30,7,23,90,80,10,25,5.833333333333333,19.166666666666668,75,66.66666666666666,8.333333333333332
E00176730,70,15,6,9,55,49,6,21.428571428571427,8.571428571428571,12.857142857142856,78.57142857142857,70,8.571428571428571
E00176731,57,17,1,16,40,36,4,29.82456140350877,1.7543859649122806,28.07017543859649,70.17543859649122,63.1578947368421,7.017543859649122
E00176732,127,54,21,33,73,68,5,42.51968503937008,16.535433070866144,25.984251968503933,57.48031496062992,53.54330708661418,3.937007874015748
E00176733,84,26,7,19,58,54,4,30.952380952380953,8.333333333333332,22.61904761904762,69.04761904761905,64.28571428571429,4.761904761904762
E00176734,106,19,10,9,87,82,5,17.92452830188679,9.433962264150944,8.49056603773585,82.0754716981132,77.35849056603774,4.716981132075472
E00176736,110,20,9,11,90,80,10,18.181818181818183,8.181818181818182,10,81.81818181818183,72.72727272727273,9.090909090909092
E00176737,121,33,15,18,88,75,13,27.27272727272727,12.396694214876034,14.87603305785124,72.72727272727273,61.98347107438017,10.743801652892563
E00176738,45,18,4,14,27,23,4,40,8.88888888888889,31.11111111111111,60,51.11111111111111,8.88888888888889
E00176739,124,36,11,25,88,78,10,29.03225806451613,8.870967741935484,20.161290322580644,70.96774193548387,62.903225806451616,8.064516129032258
E00176740,125,58,35,23,67,63,4,46.400000000000006,28.000000000000004,18.4,53.6,50.4,3.2
E00176741,81,19,4,15,62,57,5,23.456790123456788,4.938271604938271,18.51851851851852,76.5432098765432,70.37037037037037,6.172839506172839
E00176742,120,30,9,21,90,83,7,25,7.5,17.5,75,69.16666666666667,5.833333333333333
E00176743,273,64,13,51,209,182,27,23.44322344322344,4.761904761904762,18.681318681318682,76.55677655677655,66.66666666666666,9.89010989010989
E00176744,63,42,30,12,21,20,1,66.66666666666666,47.61904761904761,19.047619047619047,33.33333333333333,31.746031746031743,1.5873015873015872
E00176745,217,60,20,40,157,142,15,27.64976958525346,9.216589861751153,18.433179723502306,72.35023041474655,65.43778801843318,6.912442396313365
E00176748,112,35,26,9,77,70,7,31.25,23.214285714285715,8.035714285714286,68.75,62.5,6.25
E00176749,179,23,12,11,156,137,19,12.849162011173185,6.70391061452514,6.145251396648044,87.15083798882681,76.53631284916202,10.614525139664805
E00176750,115,38,12,26,77,68,9,33.04347826086956,10.434782608695652,22.608695652173914,66.95652173913044,59.130434782608695,7.82608695652174
E00176751,142,32,12,20,110,101,9,22.535211267605636,8.450704225352112,14.084507042253522,77.46478873239437,71.12676056338029,6.338028169014084
E00176752,147,80,48,32,67,62,5,54.421768707483,32.6530612244898,21.768707482993197,45.57823129251701,42.17687074829932,3.4013605442176873
E00176753,121,44,11,33,77,68,9,36.36363636363637,9.090909090909092,27.27272727272727,63.63636363636363,56.19834710743802,7.43801652892562
E00176754,101,42,17,25,59,54,5,41.584158415841586,16.831683168316832,24.752475247524753,58.415841584158414,53.46534653465347,4.9504950495049505
E00176755,111,34,7,27,77,71,6,30.630630630630627,6.306306306306306,24.324324324324326,69.36936936936937,63.96396396396396,5.405405405405405
E00176756,224,44,19,25,180,156,24,19.642857142857142,8.482142857142858,11.160714285714286,80.35714285714286,69.64285714285714,10.714285714285714
E00176757,121,20,7,13,101,85,16,16.528925619834713,5.785123966942149,10.743801652892563,83.47107438016529,70.24793388429752,13.223140495867769
E00176758,79,58,45,13,21,13,8,73.41772151898735,56.9620253164557,16.455696202531644,26.582278481012654,16.455696202531644,10.126582278481013
E00176759,80,32,9,23,48,42,6,40,11.25,28.749999999999996,60,52.5,7.5
E00176760,83,21,5,16,62,54,8,25.301204819277107,6.024096385542169,19.27710843373494,74.69879518072288,65.06024096385542,9.63855421686747
E00176761,124,39,14,25,85,76,9,31.451612903225808,11.29032258064516,20.161290322580644,68.54838709677419,61.29032258064516,7.258064516129033
E00176762,72,22,5,17,50,46,4,30.555555555555557,6.944444444444445,23.61111111111111,69.44444444444444,63.888888888888886,5.555555555555555
E00176765,155,40,14,26,115,102,13,25.806451612903224,9.032258064516128,16.7741935483871,74.19354838709677,65.80645161290323,8.38709677419355
E00176766,121,21,12,9,100,86,14,17.355371900826448,9.917355371900827,7.43801652892562,82.64462809917356,71.07438016528926,11.570247933884298
E00176768,129,34,11,23,95,86,9,26.356589147286826,8.527131782945736,17.829457364341085,73.64341085271317,66.66666666666666,6.976744186046512
E00176769,117,31,11,20,86,71,15,26.495726495726498,9.401709401709402,17.094017094017094,73.50427350427351,60.68376068376068,12.82051282051282
E00176770,69,21,2,19,48,45,3,30.434782608695656,2.898550724637681,27.536231884057973,69.56521739130434,65.21739130434783,4.3478260869565215
E00176771,129,81,38,43,48,41,7,62.7906976744186,29.457364341085274,33.33333333333333,37.2093023255814,31.782945736434108,5.426356589147287
E00176772,104,35,16,19,69,58,11,33.65384615384615,15.384615384615385,18.269230769230766,66.34615384615384,55.769230769230774,10.576923076923077
E00176773,90,19,6,13,71,59,12,21.11111111111111,6.666666666666667,14.444444444444443,78.88888888888889,65.55555555555556,13.333333333333334
E00182926,318,113,57,56,205,172,33,35.53459119496855,17.92452830188679,17.61006289308176,64.46540880503144,54.088050314465406,10.377358490566039
E00182928,174,106,78,28,68,61,7,60.91954022988506,44.827586206896555,16.091954022988507,39.08045977011494,35.05747126436782,4.022988505747127
E00182929,112,55,45,10,57,43,14,49.107142857142854,40.17857142857143,8.928571428571429,50.89285714285714,38.392857142857146,12.5
E00182930,135,54,14,40,81,66,15,40,10.37037037037037,29.629629629629626,60,48.888888888888886,11.11111111111111
E00182931,56,16,4,12,40,36,4,28.57142857142857,7.142857142857142,21.428571428571427,71.42857142857143,64.28571428571429,7.142857142857142
E00182932,132,38,6,32,94,88,6,28.78787878787879,4.545454545454546,24.242424242424242,71.21212121212122,66.66666666666666,4.545454545454546
E00182933,199,95,44,51,104,96,8,47.73869346733669,22.110552763819097,25.628140703517587,52.26130653266332,48.24120603015075,4.0201005025125625
E00182934,169,98,65,33,71,63,8,57.98816568047337,38.46153846153847,19.526627218934912,42.01183431952663,37.278106508875744,4.733727810650888
E00182935,203,38,19,19,165,140,25,18.7192118226601,9.35960591133005,9.35960591133005,81.2807881773399,68.96551724137932,12.31527093596059
E00182936,266,32,12,20,234,204,30,12.030075187969924,4.511278195488721,7.518796992481203,87.96992481203007,76.69172932330827,11.278195488721805
E00182937,122,72,39,33,50,45,5,59.01639344262295,31.967213114754102,27.049180327868854,40.98360655737705,36.885245901639344,4.098360655737705
E00182938,362,295,203,92,67,57,10,81.49171270718232,56.07734806629834,25.41436464088398,18.50828729281768,15.745856353591158,2.7624309392265194
E00182939,193,21,8,13,172,147,25,10.880829015544041,4.145077720207254,6.7357512953367875,89.11917098445595,76.16580310880829,12.953367875647666
E00182940,172,37,18,19,135,120,15,21.511627906976745,10.465116279069768,11.046511627906977,78.48837209302324,69.76744186046511,8.720930232558139
E00182941,79,10,4,6,69,50,19,12.658227848101266,5.063291139240507,7.59493670886076,87.34177215189874,63.29113924050633,24.050632911392405
E00182942,196,55,23,32,141,124,17,28.061224489795915,11.73469387755102,16.3265306122449,71.93877551020408,63.26530612244898,8.673469387755102
E00182943,69,14,3,11,55,46,9,20.28985507246377,4.3478260869565215,15.942028985507244,79.71014492753623,66.66666666666666,13.043478260869565
E00182944,153,24,11,13,129,94,35,15.686274509803921,7.18954248366013,8.49673202614379,84.31372549019608,61.43790849673203,22.875816993464053
E00182945,137,69,40,29,68,58,10,50.36496350364964,29.1970802919708,21.16788321167883,49.63503649635037,42.33576642335766,7.2992700729927
E00182946,199,68,24,44,131,122,9,34.17085427135678,12.060301507537687,22.110552763819097,65.82914572864321,61.30653266331658,4.522613065326634
E00182947,293,81,28,53,212,198,14,27.64505119453925,9.556313993174061,18.088737201365188,72.35494880546075,67.57679180887372,4.778156996587031
E00182948,38,17,3,14,21,17,4,44.73684210526316,7.894736842105263,36.84210526315789,55.26315789473685,44.73684210526316,10.526315789473683
E00182949,57,23,15,8,34,33,1,40.35087719298245,26.31578947368421,14.035087719298245,59.64912280701754,57.89473684210527,1.7543859649122806
E00182950,59,40,26,14,19,19,0,67.79661016949152,44.06779661016949,23.728813559322035,32.20338983050847,32.20338983050847,0
E00182951,232,51,8,43,181,140,41,21.982758620689655,3.4482758620689653,18.53448275862069,78.01724137931035,60.3448275862069,17.67241379310345
E00182952,101,35,7,28,66,59,7,34.65346534653465,6.9306930693069315,27.722772277227726,65.34653465346535,58.415841584158414,6.9306930693069315
E00182953,112,28,5,23,84,72,12,25,4.464285714285714,20.535714285714285,75,64.28571428571429,10.714285714285714
E00182954,76,22,1,21,54,45,9,28.947368421052634,1.3157894736842104,27.631578947368425,71.05263157894737,59.210526315789465,11.842105263157894
E00182955,177,22,9,13,155,129,26,12.429378531073446,5.084745762711865,7.344632768361582,87.57062146892656,72.88135593220339,14.689265536723164
E00182956,93,23,5,18,70,61,9,24.731182795698924,5.376344086021505,19.35483870967742,75.26881720430107,65.59139784946237,9.67741935483871
E00182957,36,18,2,16,18,14,4,50,5.555555555555555,44.44444444444444,50,38.88888888888889,11.11111111111111
E00182958,138,36,12,24,102,91,11,26.08695652173913,8.695652173913043,17.391304347826086,73.91304347826086,65.94202898550725,7.971014492753622
E00182959,190,71,31,40,119,106,13,37.368421052631575,16.315789473684212,21.052631578947366,62.63157894736842,55.78947368421052,6.842105263157896
E00182960,102,17,9,8,85,70,15,16.666666666666664,8.823529411764707,7.8431372549019605,83.33333333333334,68.62745098039215,14.705882352941178
E00182961,124,28,9,19,96,89,7,22.58064516129032,7.258064516129033,15.32258064516129,77.41935483870968,71.7741935483871,5.64516129032258
E00182962,356,296,209,87,60,55,5,83.14606741573034,58.70786516853933,24.43820224719101,16.853932584269664,15.44943820224719,1.4044943820224718
E00182963,77,21,6,15,56,50,6,27.27272727272727,7.792207792207792,19.480519480519483,72.72727272727273,64.93506493506493,7.792207792207792
E00182964,196,41,13,28,155,135,20,20.918367346938776,6.63265306122449,14.285714285714285,79.08163265306123,68.87755102040816,10.204081632653061
E00182965,95,41,23,18,54,50,4,43.15789473684211,24.210526315789473,18.947368421052634,56.84210526315789,52.63157894736842,4.2105263157894735
E00182966,31,10,5,5,21,19,2,32.25806451612903,16.129032258064516,16.129032258064516,67.74193548387096,61.29032258064516,6.451612903225806
E00182967,94,42,19,23,52,46,6,44.680851063829785,20.212765957446805,24.46808510638298,55.319148936170215,48.93617021276596,6.382978723404255
E00182968,213,22,5,17,191,155,36,10.328638497652582,2.3474178403755865,7.981220657276995,89.67136150234741,72.76995305164318,16.901408450704224
E00182969,63,19,10,9,44,39,5,30.158730158730158,15.873015873015872,14.285714285714285,69.84126984126983,61.904761904761905,7.936507936507936
E00182970,169,51,23,28,118,109,9,30.17751479289941,13.609467455621301,16.56804733727811,69.8224852071006,64.49704142011834,5.325443786982249
E00182971,123,58,28,30,65,55,10,47.15447154471545,22.76422764227642,24.390243902439025,52.84552845528455,44.71544715447154,8.130081300813007
E00182972,253,39,17,22,214,182,32,15.41501976284585,6.719367588932807,8.695652173913043,84.58498023715416,71.93675889328063,12.648221343873518
E00182973,193,62,35,27,131,116,15,32.12435233160622,18.134715025906736,13.989637305699482,67.87564766839378,60.10362694300518,7.772020725388601
E00182974,19,10,4,6,9,8,1,52.63157894736842,21.052631578947366,31.57894736842105,47.368421052631575,42.10526315789473,5.263157894736842
E00182975,109,52,19,33,57,52,5,47.706422018348626,17.431192660550458,30.275229357798167,52.293577981651374,47.706422018348626,4.587155963302752
E00182976,87,40,14,26,47,41,6,45.97701149425287,16.091954022988507,29.88505747126437,54.02298850574713,47.12643678160919,6.896551724137931
E00182977,98,34,6,28,64,59,5,34.69387755102041,6.122448979591836,28.57142857142857,65.3061224489796,60.204081632653065,5.1020408163265305
E00182978,162,46,16,30,116,110,6,28.39506172839506,9.876543209876543,18.51851851851852,71.60493827160494,67.90123456790124,3.7037037037037033
E00182979,287,24,9,15,263,211,52,8.362369337979095,3.1358885017421603,5.2264808362369335,91.63763066202091,73.5191637630662,18.118466898954704
E00182980,127,45,12,33,82,77,5,35.43307086614173,9.448818897637794,25.984251968503933,64.56692913385827,60.629921259842526,3.937007874015748
E00182981,132,92,64,28,40,39,1,69.6969696969697,48.484848484848484,21.21212121212121,30.303030303030305,29.545454545454547,0.7575757575757576
E00182982,299,45,10,35,254,221,33,15.050167224080269,3.3444816053511706,11.705685618729097,84.94983277591973,73.91304347826086,11.036789297658862
E00182983,102,29,5,24,73,65,8,28.431372549019606,4.901960784313726,23.52941176470588,71.56862745098039,63.725490196078425,7.8431372549019605
E00182984,348,103,48,55,245,221,24,29.597701149425287,13.793103448275861,15.804597701149426,70.40229885057471,63.50574712643679,6.896551724137931
E00182985,157,43,12,31,114,104,10,27.388535031847134,7.643312101910828,19.745222929936308,72.61146496815286,66.2420382165605,6.369426751592357
E00182986,167,68,22,46,99,94,5,40.718562874251496,13.17365269461078,27.54491017964072,59.281437125748504,56.287425149700596,2.9940119760479043
E00182987,71,23,4,19,48,43,5,32.3943661971831,5.633802816901409,26.76056338028169,67.6056338028169,60.56338028169014,7.042253521126761
E00182988,103,30,6,24,73,62,11,29.126213592233007,5.825242718446602,23.300970873786408,70.87378640776699,60.19417475728155,10.679611650485436
E00182989,126,57,14,43,69,64,5,45.23809523809524,11.11111111111111,34.12698412698413,54.761904761904766,50.79365079365079,3.968253968253968
E00182990,78,21,1,20,57,51,6,26.923076923076923,1.282051282051282,25.64102564102564,73.07692307692307,65.38461538461539,7.6923076923076925
E00182991,72,12,7,5,60,52,8,16.666666666666664,9.722222222222223,6.944444444444445,83.33333333333334,72.22222222222221,11.11111111111111
E00182992,38,19,5,14,19,16,3,50,13.157894736842104,36.84210526315789,50,42.10526315789473,7.894736842105263
E00182993,184,59,15,44,125,113,12,32.065217391304344,8.152173913043478,23.91304347826087,67.93478260869566,61.41304347826087,6.521739130434782
E00182994,162,26,10,16,136,111,25,16.049382716049383,6.172839506172839,9.876543209876543,83.9506172839506,68.51851851851852,15.432098765432098
E00182995,109,40,12,28,69,62,7,36.69724770642202,11.009174311926607,25.688073394495415,63.30275229357798,56.88073394495413,6.422018348623854
E00182996,97,33,16,17,64,59,5,34.02061855670103,16.49484536082474,17.525773195876287,65.97938144329896,60.824742268041234,5.154639175257731
E00182997,153,42,16,26,111,101,10,27.450980392156865,10.457516339869281,16.99346405228758,72.54901960784314,66.01307189542483,6.535947712418301
E00182998,141,70,55,15,71,65,6,49.645390070921984,39.00709219858156,10.638297872340425,50.35460992907801,46.09929078014184,4.25531914893617
E00182999,125,54,22,32,71,66,5,43.2,17.599999999999998,25.6,56.8,52.800000000000004,4
E00183000,159,18,3,15,141,120,21,11.320754716981133,1.8867924528301887,9.433962264150944,88.67924528301887,75.47169811320755,13.20754716981132
E00183001,161,31,11,20,130,119,11,19.25465838509317,6.832298136645963,12.422360248447205,80.74534161490683,73.91304347826086,6.832298136645963
E00183002,60,18,8,10,42,36,6,30,13.333333333333334,16.666666666666664,70,60,10
E00183003,75,33,12,21,42,38,4,44,16,28.000000000000004,56.00000000000001,50.66666666666667,5.333333333333334
E00183004,172,47,15,32,125,117,8,27.325581395348834,8.720930232558139,18.6046511627907,72.67441860465115,68.02325581395348,4.651162790697675
E00183005,125,32,7,25,93,83,10,25.6,5.6000000000000005,20,74.4,66.4,8
E00183006,53,14,6,8,39,35,4,26.41509433962264,11.320754716981133,15.09433962264151,73.58490566037736,66.0377358490566,7.547169811320755
E00183007,48,21,10,11,27,25,2,43.75,20.833333333333336,22.916666666666664,56.25,52.083333333333336,4.166666666666666
E00183008,235,66,16,50,169,145,24,28.085106382978726,6.808510638297872,21.27659574468085,71.91489361702128,61.702127659574465,10.212765957446807
E00183009,206,44,8,36,162,145,17,21.35922330097087,3.8834951456310676,17.475728155339805,78.64077669902912,70.3883495145631,8.25242718446602
E00183010,88,47,38,9,41,35,6,53.40909090909091,43.18181818181818,10.227272727272728,46.590909090909086,39.77272727272727,6.8181818181818175
E00183011,34,10,4,6,24,21,3,29.411764705882355,11.76470588235294,17.647058823529413,70.58823529411765,61.76470588235294,8.823529411764707
E00183012,128,46,8,38,82,77,5,35.9375,6.25,29.6875,64.0625,60.15625,3.90625
E00183013,110,74,50,24,36,34,2,67.27272727272727,45.45454545454545,21.818181818181817,32.72727272727273,30.909090909090907,1.8181818181818181
E00183014,114,35,11,24,79,72,7,30.701754385964914,9.649122807017543,21.052631578947366,69.2982456140351,63.1578947368421,6.140350877192982
E00183015,356,91,20,71,265,239,26,25.56179775280899,5.617977528089887,19.9438202247191,74.43820224719101,67.13483146067416,7.303370786516854
E00183016,113,34,11,23,79,71,8,30.08849557522124,9.734513274336283,20.353982300884958,69.91150442477876,62.83185840707964,7.079646017699115
E00183017,48,18,5,13,30,25,5,37.5,10.416666666666668,27.083333333333332,62.5,52.083333333333336,10.416666666666668
E00183018,283,47,21,26,236,215,21,16.607773851590103,7.420494699646643,9.187279151943462,83.3922261484099,75.97173144876325,7.420494699646643
E00183019,62,45,27,18,17,15,2,72.58064516129032,43.54838709677419,29.03225806451613,27.419354838709676,24.193548387096776,3.225806451612903
E00183020,311,90,35,55,221,186,35,28.938906752411576,11.254019292604502,17.684887459807076,71.06109324758843,59.80707395498393,11.254019292604502
E00183021,299,61,17,44,238,220,18,20.401337792642142,5.68561872909699,14.715719063545151,79.59866220735786,73.57859531772574,6.0200668896321075
E00183022,115,33,22,11,82,60,22,28.695652173913043,19.130434782608695,9.565217391304348,71.30434782608695,52.17391304347826,19.130434782608695
E00183023,143,38,17,21,105,98,7,26.573426573426573,11.888111888111888,14.685314685314685,73.42657342657343,68.53146853146853,4.895104895104895
E00183024,102,64,37,27,38,38,0,62.745098039215684,36.27450980392157,26.47058823529412,37.254901960784316,37.254901960784316,0
E00183025,95,20,6,14,75,66,9,21.052631578947366,6.315789473684211,14.736842105263156,78.94736842105263,69.47368421052632,9.473684210526317
E00183026,103,40,16,24,63,58,5,38.83495145631068,15.53398058252427,23.300970873786408,61.165048543689316,56.310679611650485,4.854368932038835
E00183027,72,30,7,23,42,40,2,41.66666666666667,9.722222222222223,31.944444444444443,58.333333333333336,55.55555555555556,2.7777777777777777
E00183028,135,25,6,19,110,100,10,18.51851851851852,4.444444444444445,14.074074074074074,81.48148148148148,74.07407407407408,7.4074074074074066
E00183029,200,80,49,31,120,101,19,40,24.5,15.5,60,50.5,9.5
E00183030,185,41,14,27,144,131,13,22.162162162162165,7.567567567567568,14.594594594594595,77.83783783783784,70.8108108108108,7.027027027027027
E00183031,189,26,11,15,163,141,22,13.756613756613756,5.82010582010582,7.936507936507936,86.24338624338624,74.60317460317461,11.64021164021164
E00183032,186,123,80,43,63,57,6,66.12903225806451,43.01075268817204,23.118279569892472,33.87096774193548,30.64516129032258,3.225806451612903
