OA,ts0590001,ts0590002,ts0590003,ts0590004,ts0590005,ts0590006,ts0590007,ts0590002_PCT,ts0590003_PCT,ts0590004_PCT,ts0590005_PCT,ts0590006_PCT,ts0590007_PCT
E00096975,137,43,14,29,94,85,9,31.386861313868614,10.218978102189782,21.16788321167883,68.61313868613139,62.04379562043796,6.569343065693431
E00096976,108,44,13,31,64,54,10,40.74074074074074,12.037037037037036,28.703703703703702,59.25925925925925,50,9.25925925925926
E00096977,132,47,13,34,85,61,24,35.60606060606061,9.848484848484848,25.757575757575758,64.39393939393939,46.21212121212121,18.181818181818183
E00096978,141,54,15,39,87,71,16,38.297872340425535,10.638297872340425,27.659574468085108,61.702127659574465,50.35460992907801,11.347517730496454
E00096979,118,41,13,28,77,61,16,34.74576271186441,11.016949152542372,23.728813559322035,65.2542372881356,51.69491525423729,13.559322033898304
E00096980,113,33,11,22,80,70,10,29.20353982300885,9.734513274336283,19.469026548672566,70.79646017699115,61.94690265486725,8.849557522123893
E00096981,130,48,11,37,82,68,14,36.92307692307693,8.461538461538462,28.46153846153846,63.07692307692307,52.307692307692314,10.76923076923077
E00096982,155,50,14,36,105,87,18,32.25806451612903,9.032258064516128,23.225806451612904,67.74193548387096,56.12903225806451,11.612903225806452
E00096983,133,57,15,42,76,66,10,42.857142857142854,11.278195488721805,31.57894736842105,57.14285714285714,49.62406015037594,7.518796992481203
E00096984,111,33,7,26,78,72,6,29.72972972972973,6.306306306306306,23.423423423423422,70.27027027027027,64.86486486486487,5.405405405405405
E00096985,159,42,19,23,117,102,15,26.41509433962264,11.949685534591195,14.465408805031446,73.58490566037736,64.15094339622641,9.433962264150944
E00096986,145,46,9,37,99,85,14,31.724137931034484,6.206896551724138,25.517241379310345,68.27586206896552,58.620689655172406,9.655172413793103
E00096987,150,30,7,23,120,103,17,20,4.666666666666667,15.333333333333332,80,68.66666666666667,11.333333333333332
E00096988,196,64,18,46,132,107,25,32.6530612244898,9.183673469387756,23.46938775510204,67.3469387755102,54.59183673469388,12.755102040816327
E00096990,114,30,11,19,84,69,15,26.31578947368421,9.649122807017543,16.666666666666664,73.68421052631578,60.526315789473685,13.157894736842104
E00096991,118,47,12,35,71,60,11,39.83050847457627,10.16949152542373,29.66101694915254,60.16949152542372,50.847457627118644,9.322033898305085
E00096992,149,45,14,31,104,92,12,30.201342281879196,9.395973154362416,20.80536912751678,69.79865771812081,61.74496644295302,8.053691275167784
E00096993,112,33,6,27,79,71,8,29.464285714285715,5.357142857142857,24.107142857142858,70.53571428571429,63.39285714285714,7.142857142857142
E00096994,152,53,11,42,99,84,15,34.868421052631575,7.236842105263158,27.631578947368425,65.13157894736842,55.26315789473685,9.868421052631579
E00096995,127,37,9,28,90,79,11,29.133858267716533,7.086614173228346,22.04724409448819,70.86614173228347,62.20472440944882,8.661417322834646
E00096996,116,33,8,25,83,78,5,28.448275862068968,6.896551724137931,21.551724137931032,71.55172413793103,67.24137931034483,4.310344827586207
E00096997,176,64,17,47,112,98,14,36.36363636363637,9.659090909090908,26.704545454545453,63.63636363636363,55.68181818181818,7.954545454545454
E00096998,154,47,16,31,107,92,15,30.519480519480517,10.38961038961039,20.12987012987013,69.48051948051948,59.74025974025974,9.740259740259742
E00097000,231,57,11,46,174,159,15,24.675324675324674,4.761904761904762,19.913419913419915,75.32467532467533,68.83116883116884,6.493506493506493
E00097001,129,34,4,30,95,81,14,26.356589147286826,3.10077519379845,23.25581395348837,73.64341085271317,62.7906976744186,10.852713178294573
E00097002,135,52,16,36,83,67,16,38.51851851851852,11.851851851851853,26.666666666666668,61.48148148148148,49.629629629629626,11.851851851851853
E00097003,93,44,12,32,49,44,5,47.31182795698925,12.903225806451612,34.40860215053764,52.68817204301075,47.31182795698925,5.376344086021505
E00097004,178,70,24,46,108,96,12,39.325842696629216,13.48314606741573,25.842696629213485,60.67415730337079,53.93258426966292,6.741573033707865
E00097005,124,40,11,29,84,75,9,32.25806451612903,8.870967741935484,23.387096774193548,67.74193548387096,60.483870967741936,7.258064516129033
E00097006,189,63,13,50,126,110,16,33.33333333333333,6.878306878306878,26.455026455026452,66.66666666666666,58.201058201058196,8.465608465608465
E00097007,122,46,13,33,76,63,13,37.704918032786885,10.655737704918032,27.049180327868854,62.295081967213115,51.63934426229508,10.655737704918032
E00097008,216,78,22,56,138,125,13,36.11111111111111,10.185185185185185,25.925925925925924,63.888888888888886,57.870370370370374,6.018518518518518
E00097009,177,53,16,37,124,109,15,29.943502824858758,9.03954802259887,20.903954802259886,70.05649717514125,61.5819209039548,8.47457627118644
E00097010,202,72,16,56,130,117,13,35.64356435643564,7.920792079207921,27.722772277227726,64.35643564356435,57.920792079207914,6.435643564356436
E00097011,123,44,13,31,79,68,11,35.77235772357724,10.569105691056912,25.203252032520325,64.22764227642277,55.28455284552846,8.94308943089431
E00097012,161,56,18,38,105,86,19,34.78260869565217,11.180124223602485,23.60248447204969,65.21739130434783,53.41614906832298,11.801242236024844
E00097013,186,58,17,41,128,107,21,31.182795698924732,9.13978494623656,22.043010752688172,68.81720430107528,57.52688172043011,11.29032258064516
E00097014,118,44,7,37,74,64,10,37.28813559322034,5.932203389830509,31.35593220338983,62.71186440677966,54.23728813559322,8.47457627118644
E00097015,121,34,12,22,87,72,15,28.09917355371901,9.917355371900827,18.181818181818183,71.900826446281,59.50413223140496,12.396694214876034
E00097016,114,44,8,36,70,59,11,38.59649122807017,7.017543859649122,31.57894736842105,61.40350877192983,51.75438596491229,9.649122807017543
E00097017,131,38,8,30,93,84,9,29.00763358778626,6.106870229007633,22.900763358778626,70.99236641221374,64.12213740458014,6.870229007633588
E00097018,115,42,9,33,73,63,10,36.52173913043478,7.82608695652174,28.695652173913043,63.47826086956522,54.78260869565217,8.695652173913043
E00097019,106,35,10,25,71,62,9,33.0188679245283,9.433962264150944,23.58490566037736,66.98113207547169,58.490566037735846,8.49056603773585
E00097020,103,31,9,22,72,65,7,30.097087378640776,8.737864077669903,21.35922330097087,69.90291262135922,63.10679611650486,6.796116504854369
E00097021,241,64,19,45,177,152,25,26.556016597510375,7.883817427385892,18.672199170124482,73.44398340248964,63.07053941908713,10.37344398340249
E00097022,158,50,11,39,108,100,8,31.645569620253166,6.962025316455696,24.68354430379747,68.35443037974683,63.29113924050633,5.063291139240507
E00097023,145,42,12,30,103,94,9,28.965517241379313,8.275862068965518,20.689655172413794,71.03448275862068,64.82758620689654,6.206896551724138
E00097024,111,28,5,23,83,75,8,25.225225225225223,4.504504504504505,20.72072072072072,74.77477477477478,67.56756756756756,7.207207207207207
E00097025,140,41,14,27,99,89,10,29.28571428571429,10,19.28571428571429,70.71428571428572,63.57142857142857,7.142857142857142
E00097026,131,48,17,31,83,71,12,36.6412213740458,12.977099236641221,23.66412213740458,63.358778625954194,54.19847328244275,9.16030534351145
E00097027,136,35,10,25,101,90,11,25.735294117647058,7.352941176470589,18.38235294117647,74.26470588235294,66.17647058823529,8.088235294117647
E00097028,113,44,11,33,69,64,5,38.93805309734513,9.734513274336283,29.20353982300885,61.06194690265486,56.63716814159292,4.424778761061947
E00097029,106,36,13,23,70,56,14,33.9622641509434,12.264150943396226,21.69811320754717,66.0377358490566,52.83018867924528,13.20754716981132
E00097030,131,37,14,23,94,88,6,28.24427480916031,10.687022900763358,17.557251908396946,71.7557251908397,67.17557251908397,4.580152671755725
E00097031,174,48,20,28,126,108,18,27.586206896551722,11.494252873563218,16.091954022988507,72.41379310344827,62.06896551724138,10.344827586206897
E00097032,174,66,16,50,108,98,10,37.93103448275862,9.195402298850574,28.735632183908045,62.06896551724138,56.32183908045977,5.747126436781609
E00097033,132,52,14,38,80,72,8,39.39393939393939,10.606060606060606,28.78787878787879,60.60606060606061,54.54545454545454,6.0606060606060606
E00097034,128,44,17,27,84,74,10,34.375,13.28125,21.09375,65.625,57.8125,7.8125
E00097035,123,38,11,27,85,68,17,30.89430894308943,8.94308943089431,21.951219512195124,69.10569105691057,55.28455284552846,13.821138211382115
E00097036,113,30,11,19,83,73,10,26.548672566371685,9.734513274336283,16.8141592920354,73.45132743362832,64.60176991150442,8.849557522123893
E00097037,121,38,19,19,83,64,19,31.40495867768595,15.702479338842975,15.702479338842975,68.59504132231406,52.892561983471076,15.702479338842975
E00097038,108,40,15,25,68,55,13,37.03703703703704,13.88888888888889,23.14814814814815,62.96296296296296,50.92592592592593,12.037037037037036
E00097039,104,36,15,21,68,59,9,34.61538461538461,14.423076923076922,20.192307692307693,65.38461538461539,56.730769230769226,8.653846153846153
E00097040,200,56,14,42,144,120,24,28.000000000000004,7.000000000000001,21,72,60,12
E00097041,118,47,20,27,71,61,10,39.83050847457627,16.94915254237288,22.88135593220339,60.16949152542372,51.69491525423729,8.47457627118644
E00097042,90,35,15,20,55,47,8,38.88888888888889,16.666666666666664,22.22222222222222,61.111111111111114,52.22222222222223,8.88888888888889
E00097043,188,61,19,42,127,91,36,32.4468085106383,10.106382978723403,22.340425531914892,67.5531914893617,48.40425531914894,19.148936170212767
E00097044,65,20,7,13,45,37,8,30.76923076923077,10.76923076923077,20,69.23076923076923,56.92307692307692,12.307692307692308
E00097045,133,56,18,38,77,65,12,42.10526315789473,13.533834586466165,28.57142857142857,57.89473684210527,48.87218045112782,9.022556390977442
E00097046,156,44,10,34,112,95,17,28.205128205128204,6.41025641025641,21.794871794871796,71.7948717948718,60.89743589743589,10.897435897435898
E00097047,166,56,15,41,110,92,18,33.734939759036145,9.036144578313253,24.69879518072289,66.26506024096386,55.42168674698795,10.843373493975903
E00097048,192,65,20,45,127,104,23,33.85416666666667,10.416666666666668,23.4375,66.14583333333334,54.166666666666664,11.979166666666668
E00097049,102,39,11,28,63,52,11,38.23529411764706,10.784313725490197,27.450980392156865,61.76470588235294,50.98039215686274,10.784313725490197
E00097050,260,89,36,53,171,110,61,34.23076923076923,13.846153846153847,20.384615384615383,65.76923076923077,42.30769230769231,23.46153846153846
E00097051,292,105,32,73,187,136,51,35.95890410958904,10.95890410958904,25,64.04109589041096,46.57534246575342,17.465753424657535
E00097052,164,69,18,51,95,70,25,42.073170731707314,10.975609756097562,31.097560975609756,57.92682926829268,42.68292682926829,15.24390243902439
E00097053,157,50,16,34,107,87,20,31.84713375796178,10.191082802547772,21.656050955414013,68.15286624203821,55.4140127388535,12.738853503184714
E00097054,263,78,25,53,185,122,63,29.65779467680608,9.505703422053232,20.15209125475285,70.34220532319392,46.38783269961977,23.954372623574145
E00097055,140,31,11,20,109,99,10,22.142857142857142,7.857142857142857,14.285714285714285,77.85714285714286,70.71428571428572,7.142857142857142
E00097056,187,59,29,30,128,114,14,31.550802139037433,15.508021390374333,16.042780748663102,68.44919786096256,60.962566844919785,7.4866310160427805
E00097057,129,35,10,25,94,81,13,27.131782945736433,7.751937984496124,19.379844961240313,72.86821705426357,62.7906976744186,10.077519379844961
E00097058,125,45,15,30,80,70,10,36,12,24,64,56.00000000000001,8
E00097059,208,64,34,30,144,120,24,30.76923076923077,16.346153846153847,14.423076923076922,69.23076923076923,57.692307692307686,11.538461538461538
E00097060,188,42,10,32,146,133,13,22.340425531914892,5.319148936170213,17.02127659574468,77.6595744680851,70.74468085106383,6.914893617021277
E00097061,125,38,12,26,87,68,19,30.4,9.6,20.8,69.6,54.400000000000006,15.2
E00097062,124,28,10,18,96,87,9,22.58064516129032,8.064516129032258,14.516129032258066,77.41935483870968,70.16129032258065,7.258064516129033
E00097063,120,23,7,16,97,84,13,19.166666666666668,5.833333333333333,13.333333333333334,80.83333333333333,70,10.833333333333334
E00097064,176,69,33,36,107,91,16,39.20454545454545,18.75,20.454545454545457,60.79545454545454,51.70454545454546,9.090909090909092
E00097065,177,38,9,29,139,120,19,21.468926553672315,5.084745762711865,16.38418079096045,78.53107344632768,67.79661016949152,10.734463276836157
E00097066,110,43,16,27,67,56,11,39.09090909090909,14.545454545454545,24.545454545454547,60.909090909090914,50.90909090909091,10
E00097067,112,23,7,16,89,76,13,20.535714285714285,6.25,14.285714285714285,79.46428571428571,67.85714285714286,11.607142857142858
E00097068,134,43,15,28,91,80,11,32.08955223880597,11.194029850746269,20.8955223880597,67.91044776119402,59.70149253731343,8.208955223880597
E00097069,136,41,16,25,95,84,11,30.14705882352941,11.76470588235294,18.38235294117647,69.85294117647058,61.76470588235294,8.088235294117647
E00097070,144,31,12,19,113,104,9,21.52777777777778,8.333333333333332,13.194444444444445,78.47222222222221,72.22222222222221,6.25
E00097071,131,36,15,21,95,75,20,27.480916030534353,11.450381679389313,16.030534351145036,72.51908396946564,57.25190839694656,15.267175572519085
E00097072,104,35,7,28,69,58,11,33.65384615384615,6.730769230769231,26.923076923076923,66.34615384615384,55.769230769230774,10.576923076923077
E00097073,106,26,5,21,80,68,12,24.528301886792452,4.716981132075472,19.81132075471698,75.47169811320755,64.15094339622641,11.320754716981133
E00097074,98,29,15,14,69,64,5,29.591836734693878,15.306122448979592,14.285714285714285,70.40816326530613,65.3061224489796,5.1020408163265305
E00097075,142,28,6,22,114,103,11,19.718309859154928,4.225352112676056,15.492957746478872,80.28169014084507,72.53521126760563,7.746478873239436
E00097076,129,42,8,34,87,77,10,32.55813953488372,6.2015503875969,26.356589147286826,67.44186046511628,59.68992248062015,7.751937984496124
E00097077,162,40,11,29,122,102,20,24.691358024691358,6.790123456790123,17.901234567901234,75.30864197530865,62.96296296296296,12.345679012345679
E00097078,203,65,17,48,138,122,16,32.01970443349754,8.374384236453201,23.645320197044335,67.98029556650246,60.09852216748769,7.8817733990147785
E00097079,148,50,18,32,98,84,14,33.78378378378378,12.162162162162163,21.62162162162162,66.21621621621621,56.75675675675676,9.45945945945946
E00097080,142,59,19,40,83,65,18,41.54929577464789,13.380281690140844,28.169014084507044,58.45070422535211,45.774647887323944,12.676056338028168
E00097081,155,49,19,30,106,94,12,31.61290322580645,12.258064516129032,19.35483870967742,68.38709677419355,60.64516129032258,7.741935483870968
E00097082,81,33,12,21,48,42,6,40.74074074074074,14.814814814814813,25.925925925925924,59.25925925925925,51.85185185185185,7.4074074074074066
E00097083,140,47,17,30,93,79,14,33.57142857142857,12.142857142857142,21.428571428571427,66.42857142857143,56.42857142857143,10
E00097084,106,36,8,28,70,60,10,33.9622641509434,7.547169811320755,26.41509433962264,66.0377358490566,56.60377358490566,9.433962264150944
E00097085,147,45,15,30,102,86,16,30.612244897959183,10.204081632653061,20.408163265306122,69.38775510204081,58.50340136054422,10.884353741496598
E00097086,116,43,12,31,73,63,10,37.06896551724138,10.344827586206897,26.72413793103448,62.93103448275862,54.310344827586206,8.620689655172415
E00097087,123,44,6,38,79,71,8,35.77235772357724,4.878048780487805,30.89430894308943,64.22764227642277,57.72357723577236,6.504065040650407
E00097088,105,42,12,30,63,53,10,40,11.428571428571429,28.57142857142857,60,50.476190476190474,9.523809523809524
E00097089,120,54,16,38,66,58,8,45,13.333333333333334,31.666666666666664,55.00000000000001,48.333333333333336,6.666666666666667
E00097090,118,46,21,25,72,64,8,38.983050847457626,17.796610169491526,21.1864406779661,61.016949152542374,54.23728813559322,6.779661016949152
E00097091,122,40,9,31,82,67,15,32.78688524590164,7.377049180327869,25.40983606557377,67.21311475409836,54.91803278688525,12.295081967213115
E00097092,116,40,10,30,76,66,10,34.48275862068966,8.620689655172415,25.862068965517242,65.51724137931035,56.896551724137936,8.620689655172415
E00097093,165,51,12,39,114,98,16,30.909090909090907,7.2727272727272725,23.636363636363637,69.0909090909091,59.3939393939394,9.696969696969697
E00097094,157,56,12,44,101,88,13,35.6687898089172,7.643312101910828,28.02547770700637,64.3312101910828,56.05095541401274,8.280254777070063
E00097095,134,25,9,16,109,94,15,18.65671641791045,6.7164179104477615,11.940298507462686,81.34328358208955,70.1492537313433,11.194029850746269
E00097096,156,49,15,34,107,92,15,31.41025641025641,9.615384615384617,21.794871794871796,68.58974358974359,58.97435897435898,9.615384615384617
E00097098,101,32,9,23,69,57,12,31.683168316831683,8.91089108910891,22.772277227722775,68.31683168316832,56.43564356435643,11.881188118811881
E00097099,142,44,19,25,98,72,26,30.985915492957744,13.380281690140844,17.6056338028169,69.01408450704226,50.70422535211267,18.30985915492958
E00097100,121,37,18,19,84,68,16,30.57851239669421,14.87603305785124,15.702479338842975,69.42148760330579,56.19834710743802,13.223140495867769
E00097101,121,48,8,40,73,58,15,39.66942148760331,6.6115702479338845,33.057851239669425,60.33057851239669,47.93388429752066,12.396694214876034
E00097102,87,35,9,26,52,42,10,40.229885057471265,10.344827586206897,29.88505747126437,59.77011494252874,48.275862068965516,11.494252873563218
E00097103,206,69,23,46,137,114,23,33.49514563106796,11.165048543689322,22.330097087378643,66.50485436893204,55.33980582524271,11.165048543689322
E00097104,166,57,21,36,109,81,28,34.33734939759036,12.650602409638553,21.686746987951807,65.66265060240963,48.795180722891565,16.867469879518072
E00097105,111,33,10,23,78,64,14,29.72972972972973,9.00900900900901,20.72072072072072,70.27027027027027,57.65765765765766,12.612612612612612
E00097106,161,48,19,29,113,79,34,29.81366459627329,11.801242236024844,18.012422360248447,70.1863354037267,49.06832298136646,21.11801242236025
E00097107,146,39,14,25,107,67,40,26.71232876712329,9.58904109589041,17.123287671232877,73.28767123287672,45.89041095890411,27.397260273972602
E00097110,132,45,26,19,87,66,21,34.090909090909086,19.696969696969695,14.393939393939394,65.9090909090909,50,15.909090909090908
E00097111,152,48,19,29,104,80,24,31.57894736842105,12.5,19.078947368421055,68.42105263157895,52.63157894736842,15.789473684210526
E00097112,156,46,16,30,110,73,37,29.48717948717949,10.256410256410255,19.230769230769234,70.51282051282051,46.794871794871796,23.717948717948715
E00097114,123,39,13,26,84,72,12,31.70731707317073,10.569105691056912,21.138211382113823,68.29268292682927,58.536585365853654,9.75609756097561
E00097115,175,49,11,38,126,110,16,28.000000000000004,6.2857142857142865,21.714285714285715,72,62.857142857142854,9.142857142857142
E00097116,119,42,18,24,77,65,12,35.294117647058826,15.126050420168067,20.168067226890756,64.70588235294117,54.621848739495796,10.084033613445378
E00097117,129,40,11,29,89,78,11,31.007751937984494,8.527131782945736,22.48062015503876,68.9922480620155,60.46511627906976,8.527131782945736
E00097118,116,42,19,23,74,65,9,36.206896551724135,16.379310344827587,19.82758620689655,63.793103448275865,56.03448275862068,7.758620689655173
E00097119,119,34,15,19,85,76,9,28.57142857142857,12.605042016806722,15.966386554621847,71.42857142857143,63.86554621848739,7.563025210084033
E00097120,127,33,14,19,94,85,9,25.984251968503933,11.023622047244094,14.960629921259844,74.01574803149606,66.92913385826772,7.086614173228346
E00097121,185,63,18,45,122,111,11,34.054054054054056,9.72972972972973,24.324324324324326,65.94594594594595,60,5.9459459459459465
E00097122,109,38,14,24,71,63,8,34.862385321100916,12.844036697247708,22.018348623853214,65.13761467889908,57.798165137614674,7.339449541284404
E00097123,150,51,16,35,99,85,14,34,10.666666666666668,23.333333333333332,66,56.666666666666664,9.333333333333334
E00097124,116,32,9,23,84,69,15,27.586206896551722,7.758620689655173,19.82758620689655,72.41379310344827,59.48275862068966,12.931034482758621
E00097125,133,52,10,42,81,63,18,39.097744360902254,7.518796992481203,31.57894736842105,60.902255639097746,47.368421052631575,13.533834586466165
E00097126,209,66,13,53,143,126,17,31.57894736842105,6.220095693779904,25.358851674641148,68.42105263157895,60.28708133971292,8.133971291866029
E00097127,142,49,18,31,93,82,11,34.50704225352113,12.676056338028168,21.830985915492956,65.49295774647888,57.74647887323944,7.746478873239436
E00097128,136,45,11,34,91,80,11,33.088235294117645,8.088235294117647,25,66.91176470588235,58.82352941176471,8.088235294117647
E00097129,117,35,7,28,82,70,12,29.914529914529915,5.982905982905983,23.931623931623932,70.08547008547008,59.82905982905983,10.256410256410255
E00097130,196,69,28,41,127,115,12,35.204081632653065,14.285714285714285,20.918367346938776,64.79591836734694,58.673469387755105,6.122448979591836
E00097131,186,62,18,44,124,111,13,33.33333333333333,9.67741935483871,23.655913978494624,66.66666666666666,59.67741935483871,6.989247311827956
E00097132,126,51,10,41,75,64,11,40.476190476190474,7.936507936507936,32.53968253968254,59.523809523809526,50.79365079365079,8.73015873015873
E00097133,147,38,8,30,109,93,16,25.850340136054424,5.442176870748299,20.408163265306122,74.14965986394559,63.26530612244898,10.884353741496598
E00097134,153,49,10,39,104,96,8,32.02614379084967,6.535947712418301,25.49019607843137,67.97385620915033,62.745098039215684,5.228758169934641
E00097135,239,72,24,48,167,139,28,30.125523012552303,10.0418410041841,20.0836820083682,69.8744769874477,58.15899581589959,11.715481171548117
E00097136,78,24,12,12,54,47,7,30.76923076923077,15.384615384615385,15.384615384615385,69.23076923076923,60.256410256410255,8.974358974358974
E00097137,146,53,21,32,93,71,22,36.3013698630137,14.383561643835616,21.91780821917808,63.6986301369863,48.63013698630137,15.068493150684931
E00097138,80,22,9,13,58,38,20,27.500000000000004,11.25,16.25,72.5,47.5,25
E00097139,127,45,16,29,82,43,39,35.43307086614173,12.598425196850393,22.83464566929134,64.56692913385827,33.85826771653544,30.708661417322837
E00097140,95,33,15,18,62,47,15,34.73684210526316,15.789473684210526,18.947368421052634,65.26315789473685,49.473684210526315,15.789473684210526
E00097141,134,47,19,28,87,76,11,35.07462686567165,14.17910447761194,20.8955223880597,64.92537313432835,56.71641791044776,8.208955223880597
E00097142,181,57,19,38,124,97,27,31.491712707182316,10.497237569060774,20.994475138121548,68.50828729281768,53.591160220994475,14.917127071823206
E00097143,107,39,16,23,68,56,12,36.44859813084112,14.953271028037381,21.49532710280374,63.55140186915887,52.336448598130836,11.214953271028037
E00097144,163,45,15,30,118,101,17,27.607361963190186,9.202453987730062,18.404907975460123,72.39263803680981,61.963190184049076,10.429447852760736
E00097145,232,63,18,45,169,144,25,27.155172413793103,7.758620689655173,19.396551724137932,72.84482758620689,62.06896551724138,10.775862068965516
E00097146,111,34,10,24,77,70,7,30.630630630630627,9.00900900900901,21.62162162162162,69.36936936936937,63.06306306306306,6.306306306306306
E00097147,72,19,4,15,53,47,6,26.38888888888889,5.555555555555555,20.833333333333336,73.61111111111111,65.27777777777779,8.333333333333332
E00097148,164,49,11,38,115,105,10,29.878048780487802,6.707317073170732,23.170731707317074,70.1219512195122,64.02439024390245,6.097560975609756
E00097150,125,47,9,38,78,68,10,37.6,7.199999999999999,30.4,62.4,54.400000000000006,8
E00097151,279,72,15,57,207,187,20,25.806451612903224,5.376344086021505,20.43010752688172,74.19354838709677,67.02508960573476,7.168458781362006
E00097152,131,41,16,25,90,81,9,31.297709923664126,12.213740458015266,19.083969465648856,68.70229007633588,61.832061068702295,6.870229007633588
E00097153,111,37,13,24,74,66,8,33.33333333333333,11.711711711711711,21.62162162162162,66.66666666666666,59.45945945945946,7.207207207207207
E00097154,96,29,8,21,67,60,7,30.208333333333332,8.333333333333332,21.875,69.79166666666666,62.5,7.291666666666667
E00097155,130,43,12,31,87,76,11,33.07692307692307,9.230769230769232,23.846153846153847,66.92307692307692,58.46153846153847,8.461538461538462
E00097156,116,43,10,33,73,63,10,37.06896551724138,8.620689655172415,28.448275862068968,62.93103448275862,54.310344827586206,8.620689655172415
E00097157,145,56,19,37,89,71,18,38.62068965517241,13.10344827586207,25.517241379310345,61.37931034482759,48.96551724137931,12.413793103448276
E00097158,124,38,12,26,86,67,19,30.64516129032258,9.67741935483871,20.967741935483872,69.35483870967742,54.03225806451613,15.32258064516129
E00097159,111,46,11,35,65,59,6,41.44144144144144,9.90990990990991,31.53153153153153,58.55855855855856,53.153153153153156,5.405405405405405
E00097160,105,33,10,23,72,64,8,31.428571428571427,9.523809523809524,21.904761904761905,68.57142857142857,60.952380952380956,7.6190476190476195
E00097161,111,37,10,27,74,58,16,33.33333333333333,9.00900900900901,24.324324324324326,66.66666666666666,52.25225225225225,14.414414414414415
E00097162,189,60,16,44,129,116,13,31.746031746031743,8.465608465608465,23.28042328042328,68.25396825396825,61.37566137566137,6.878306878306878
E00097163,192,50,10,40,142,125,17,26.041666666666668,5.208333333333334,20.833333333333336,73.95833333333334,65.10416666666666,8.854166666666668
E00097164,172,52,13,39,120,102,18,30.23255813953488,7.55813953488372,22.674418604651162,69.76744186046511,59.30232558139535,10.465116279069768
E00097166,104,40,18,22,64,53,11,38.46153846153847,17.307692307692307,21.153846153846153,61.53846153846154,50.96153846153846,10.576923076923077
E00097167,137,34,13,21,103,75,28,24.817518248175183,9.48905109489051,15.328467153284672,75.18248175182481,54.74452554744526,20.437956204379564
E00097170,113,35,11,24,78,63,15,30.973451327433626,9.734513274336283,21.238938053097346,69.02654867256636,55.75221238938053,13.274336283185843
E00097171,100,37,11,26,63,51,12,37,11,26,63,51,12
E00097172,70,21,12,9,49,30,19,30,17.142857142857142,12.857142857142856,70,42.857142857142854,27.142857142857142
E00097173,105,38,23,15,67,47,20,36.19047619047619,21.904761904761905,14.285714285714285,63.8095238095238,44.761904761904766,19.047619047619047
E00097174,135,41,18,23,94,63,31,30.37037037037037,13.333333333333334,17.037037037037038,69.62962962962963,46.666666666666664,22.962962962962962
E00097175,167,50,17,33,117,85,32,29.94011976047904,10.179640718562874,19.760479041916167,70.05988023952095,50.898203592814376,19.16167664670659
E00097176,75,21,5,16,54,44,10,28.000000000000004,6.666666666666667,21.333333333333336,72,58.666666666666664,13.333333333333334
E00097177,222,68,23,45,154,104,50,30.630630630630627,10.36036036036036,20.27027027027027,69.36936936936937,46.846846846846844,22.52252252252252
E00097178,146,54,24,30,92,58,34,36.986301369863014,16.43835616438356,20.54794520547945,63.013698630136986,39.726027397260275,23.28767123287671
E00097179,74,19,4,15,55,36,19,25.675675675675674,5.405405405405405,20.27027027027027,74.32432432432432,48.64864864864865,25.675675675675674
E00097180,210,58,17,41,152,94,58,27.61904761904762,8.095238095238095,19.523809523809526,72.38095238095238,44.761904761904766,27.61904761904762
E00097181,124,38,10,28,86,63,23,30.64516129032258,8.064516129032258,22.58064516129032,69.35483870967742,50.806451612903224,18.548387096774192
E00097182,110,42,11,31,68,54,14,38.18181818181819,10,28.18181818181818,61.81818181818181,49.09090909090909,12.727272727272727
E00097183,169,56,18,38,113,86,27,33.13609467455622,10.650887573964498,22.485207100591715,66.86390532544378,50.887573964497044,15.976331360946746
E00097184,161,51,10,41,110,88,22,31.67701863354037,6.211180124223603,25.465838509316768,68.32298136645963,54.6583850931677,13.664596273291925
E00097185,81,29,11,18,52,41,11,35.80246913580247,13.580246913580247,22.22222222222222,64.19753086419753,50.617283950617285,13.580246913580247
E00097186,96,29,7,22,67,52,15,30.208333333333332,7.291666666666667,22.916666666666664,69.79166666666666,54.166666666666664,15.625
E00097187,220,66,24,42,154,110,44,30,10.909090909090908,19.090909090909093,70,50,20
E00097188,242,72,18,54,170,106,64,29.75206611570248,7.43801652892562,22.31404958677686,70.24793388429752,43.80165289256198,26.446280991735538
E00097189,189,72,21,51,117,80,37,38.095238095238095,11.11111111111111,26.984126984126984,61.904761904761905,42.32804232804233,19.576719576719576
E00097190,210,64,29,35,146,103,43,30.476190476190478,13.80952380952381,16.666666666666664,69.52380952380952,49.047619047619044,20.476190476190474
E00097191,172,58,15,43,114,64,50,33.72093023255814,8.720930232558139,25,66.27906976744185,37.2093023255814,29.069767441860467
E00097192,215,61,22,39,154,88,66,28.37209302325581,10.232558139534884,18.13953488372093,71.62790697674419,40.93023255813954,30.697674418604652
E00097193,191,61,14,47,130,78,52,31.93717277486911,7.329842931937172,24.60732984293194,68.06282722513089,40.83769633507853,27.225130890052355
E00097194,183,64,29,35,119,80,39,34.97267759562842,15.846994535519126,19.12568306010929,65.02732240437157,43.71584699453552,21.311475409836063
E00097195,183,51,22,29,132,90,42,27.86885245901639,12.021857923497267,15.846994535519126,72.1311475409836,49.18032786885246,22.950819672131146
E00097196,89,27,11,16,62,25,37,30.337078651685395,12.359550561797752,17.97752808988764,69.66292134831461,28.08988764044944,41.57303370786517
E00097197,128,37,13,24,91,49,42,28.90625,10.15625,18.75,71.09375,38.28125,32.8125
E00097198,130,53,17,36,77,69,8,40.76923076923077,13.076923076923078,27.692307692307693,59.23076923076923,53.07692307692308,6.153846153846154
E00097199,113,42,13,29,71,63,8,37.16814159292036,11.504424778761061,25.663716814159294,62.83185840707964,55.75221238938053,7.079646017699115
E00097200,73,21,9,12,52,49,3,28.767123287671232,12.32876712328767,16.43835616438356,71.23287671232876,67.12328767123287,4.10958904109589
E00097201,113,36,10,26,77,65,12,31.858407079646017,8.849557522123893,23.008849557522122,68.14159292035397,57.52212389380531,10.619469026548673
E00097202,133,42,8,34,91,79,12,31.57894736842105,6.015037593984962,25.563909774436087,68.42105263157895,59.3984962406015,9.022556390977442
E00097203,146,41,13,28,105,86,19,28.08219178082192,8.904109589041095,19.17808219178082,71.91780821917808,58.9041095890411,13.013698630136986
E00097204,91,29,7,22,62,50,12,31.868131868131865,7.6923076923076925,24.175824175824175,68.13186813186813,54.94505494505495,13.186813186813188
E00097205,142,52,13,39,90,81,9,36.61971830985916,9.15492957746479,27.464788732394368,63.38028169014085,57.04225352112676,6.338028169014084
E00097206,136,42,12,30,94,80,14,30.88235294117647,8.823529411764707,22.058823529411764,69.11764705882352,58.82352941176471,10.294117647058822
E00097207,164,58,20,38,106,95,11,35.36585365853659,12.195121951219512,23.170731707317074,64.63414634146342,57.92682926829268,6.707317073170732
E00097208,81,28,11,17,53,47,6,34.5679012345679,13.580246913580247,20.98765432098765,65.4320987654321,58.0246913580247,7.4074074074074066
E00097209,127,44,15,29,83,66,17,34.645669291338585,11.811023622047244,22.83464566929134,65.35433070866141,51.96850393700787,13.385826771653544
E00097210,96,32,4,28,64,53,11,33.33333333333333,4.166666666666666,29.166666666666668,66.66666666666666,55.208333333333336,11.458333333333332
E00097211,83,27,5,22,56,48,8,32.53012048192771,6.024096385542169,26.506024096385545,67.46987951807229,57.831325301204814,9.63855421686747
E00097212,109,47,12,35,62,56,6,43.11926605504588,11.009174311926607,32.11009174311927,56.88073394495413,51.37614678899083,5.5045871559633035
E00097213,118,36,11,25,82,70,12,30.508474576271187,9.322033898305085,21.1864406779661,69.49152542372882,59.32203389830508,10.16949152542373
E00097214,147,51,15,36,96,90,6,34.69387755102041,10.204081632653061,24.489795918367346,65.3061224489796,61.224489795918366,4.081632653061225
E00097215,85,34,8,26,51,42,9,40,9.411764705882353,30.58823529411765,60,49.411764705882355,10.588235294117647
E00097216,124,48,14,34,76,64,12,38.70967741935484,11.29032258064516,27.419354838709676,61.29032258064516,51.61290322580645,9.67741935483871
E00097217,76,27,12,15,49,49,0,35.526315789473685,15.789473684210526,19.736842105263158,64.47368421052632,64.47368421052632,0
E00097218,95,29,9,20,66,61,5,30.526315789473685,9.473684210526317,21.052631578947366,69.47368421052632,64.21052631578948,5.263157894736842
E00097219,90,26,11,15,64,58,6,28.888888888888886,12.222222222222221,16.666666666666664,71.11111111111111,64.44444444444444,6.666666666666667
E00097220,99,31,9,22,68,58,10,31.313131313131315,9.090909090909092,22.22222222222222,68.68686868686868,58.58585858585859,10.1010101010101
E00097221,105,38,18,20,67,62,5,36.19047619047619,17.142857142857142,19.047619047619047,63.8095238095238,59.04761904761905,4.761904761904762
E00097222,152,42,14,28,110,95,15,27.631578947368425,9.210526315789473,18.421052631578945,72.36842105263158,62.5,9.868421052631579
E00097223,102,30,11,19,72,65,7,29.411764705882355,10.784313725490197,18.627450980392158,70.58823529411765,63.725490196078425,6.862745098039216
E00097224,238,65,22,43,173,145,28,27.310924369747898,9.243697478991598,18.067226890756302,72.68907563025209,60.924369747899156,11.76470588235294
E00097225,156,48,15,33,108,101,7,30.76923076923077,9.615384615384617,21.153846153846153,69.23076923076923,64.74358974358975,4.487179487179487
E00097226,144,45,15,30,99,91,8,31.25,10.416666666666668,20.833333333333336,68.75,63.19444444444444,5.555555555555555
E00097227,169,56,16,40,113,102,11,33.13609467455622,9.467455621301776,23.668639053254438,66.86390532544378,60.35502958579882,6.508875739644971
E00097228,227,83,21,62,144,124,20,36.56387665198238,9.251101321585903,27.312775330396477,63.436123348017624,54.62555066079295,8.81057268722467
E00097229,130,41,10,31,89,74,15,31.538461538461537,7.6923076923076925,23.846153846153847,68.46153846153847,56.92307692307692,11.538461538461538
E00097230,108,42,20,22,66,55,11,38.88888888888889,18.51851851851852,20.37037037037037,61.111111111111114,50.92592592592593,10.185185185185185
E00097231,100,31,7,24,69,61,8,31,7.000000000000001,24,69,61,8
E00097232,106,23,4,19,83,71,12,21.69811320754717,3.7735849056603774,17.92452830188679,78.30188679245283,66.98113207547169,11.320754716981133
E00097233,145,41,13,28,104,88,16,28.27586206896552,8.96551724137931,19.310344827586206,71.72413793103448,60.689655172413794,11.03448275862069
E00097234,130,46,16,30,84,77,7,35.38461538461539,12.307692307692308,23.076923076923077,64.61538461538461,59.23076923076923,5.384615384615385
E00097235,165,58,22,36,107,95,12,35.15151515151515,13.333333333333334,21.818181818181817,64.84848484848484,57.57575757575758,7.2727272727272725
E00097236,116,50,18,32,66,61,5,43.103448275862064,15.517241379310345,27.586206896551722,56.896551724137936,52.58620689655172,4.310344827586207
E00097237,84,27,4,23,57,48,9,32.142857142857146,4.761904761904762,27.380952380952383,67.85714285714286,57.14285714285714,10.714285714285714
E00097238,135,41,14,27,94,85,9,30.37037037037037,10.37037037037037,20,69.62962962962963,62.96296296296296,6.666666666666667
E00097239,138,51,15,36,87,71,16,36.95652173913043,10.869565217391305,26.08695652173913,63.04347826086957,51.449275362318836,11.594202898550725
E00097240,120,34,8,26,86,77,9,28.333333333333332,6.666666666666667,21.666666666666668,71.66666666666667,64.16666666666667,7.5
E00097241,102,36,11,25,66,59,7,35.294117647058826,10.784313725490197,24.509803921568626,64.70588235294117,57.84313725490197,6.862745098039216
E00097242,72,27,7,20,45,40,5,37.5,9.722222222222223,27.77777777777778,62.5,55.55555555555556,6.944444444444445
E00097243,145,64,22,42,81,75,6,44.13793103448276,15.172413793103448,28.965517241379313,55.86206896551724,51.724137931034484,4.137931034482759
E00097244,194,66,23,43,128,84,44,34.02061855670103,11.855670103092782,22.164948453608247,65.97938144329896,43.29896907216495,22.68041237113402
E00097245,225,67,25,42,158,106,52,29.777777777777775,11.11111111111111,18.666666666666668,70.22222222222221,47.11111111111111,23.11111111111111
E00097247,178,53,13,40,125,94,31,29.775280898876407,7.303370786516854,22.47191011235955,70.2247191011236,52.80898876404494,17.415730337078653
E00097248,120,46,11,35,74,58,16,38.333333333333336,9.166666666666666,29.166666666666668,61.66666666666667,48.333333333333336,13.333333333333334
E00097249,174,61,27,34,113,82,31,35.05747126436782,15.517241379310345,19.54022988505747,64.9425287356322,47.12643678160919,17.81609195402299
E00097250,120,35,13,22,85,72,13,29.166666666666668,10.833333333333334,18.333333333333332,70.83333333333334,60,10.833333333333334
E00097251,107,33,12,21,74,59,15,30.8411214953271,11.214953271028037,19.626168224299064,69.1588785046729,55.140186915887845,14.018691588785046
E00097252,200,69,25,44,131,97,34,34.5,12.5,22,65.5,48.5,17
E00097253,131,43,11,32,88,75,13,32.82442748091603,8.396946564885496,24.427480916030532,67.17557251908397,57.25190839694656,9.923664122137405
E00097255,133,37,15,22,96,75,21,27.819548872180448,11.278195488721805,16.541353383458645,72.18045112781954,56.390977443609025,15.789473684210526
E00097256,113,34,15,19,79,63,16,30.08849557522124,13.274336283185843,16.8141592920354,69.91150442477876,55.75221238938053,14.15929203539823
E00097257,162,55,8,47,107,88,19,33.95061728395062,4.938271604938271,29.01234567901235,66.0493827160494,54.32098765432099,11.728395061728394
E00097258,42,19,6,13,23,22,1,45.23809523809524,14.285714285714285,30.952380952380953,54.761904761904766,52.38095238095239,2.380952380952381
E00097259,122,36,9,27,86,71,15,29.508196721311474,7.377049180327869,22.131147540983605,70.49180327868852,58.19672131147541,12.295081967213115
E00097260,169,48,14,34,121,107,14,28.402366863905325,8.284023668639055,20.118343195266274,71.59763313609467,63.31360946745562,8.284023668639055
E00097261,124,49,17,32,75,61,14,39.516129032258064,13.709677419354838,25.806451612903224,60.483870967741936,49.193548387096776,11.29032258064516
E00097262,127,46,20,26,81,66,15,36.22047244094488,15.748031496062993,20.47244094488189,63.77952755905512,51.96850393700787,11.811023622047244
E00097263,158,61,12,49,97,89,8,38.607594936708864,7.59493670886076,31.0126582278481,61.39240506329114,56.32911392405063,5.063291139240507
E00097264,188,62,30,32,126,110,16,32.97872340425532,15.957446808510639,17.02127659574468,67.02127659574468,58.51063829787234,8.51063829787234
E00097265,80,22,3,19,58,51,7,27.500000000000004,3.75,23.75,72.5,63.74999999999999,8.75
E00097266,135,47,16,31,88,73,15,34.81481481481482,11.851851851851853,22.962962962962962,65.18518518518519,54.074074074074076,11.11111111111111
E00097267,149,48,17,31,101,89,12,32.21476510067114,11.409395973154362,20.80536912751678,67.78523489932886,59.73154362416108,8.053691275167784
E00097268,102,38,17,21,64,51,13,37.254901960784316,16.666666666666664,20.588235294117645,62.745098039215684,50,12.745098039215685
E00097269,98,37,11,26,61,52,9,37.755102040816325,11.224489795918368,26.53061224489796,62.244897959183675,53.06122448979592,9.183673469387756
E00097270,146,46,18,28,100,85,15,31.506849315068493,12.32876712328767,19.17808219178082,68.4931506849315,58.21917808219178,10.273972602739725
E00097271,161,55,15,40,106,92,14,34.161490683229815,9.316770186335404,24.84472049689441,65.83850931677019,57.14285714285714,8.695652173913043
E00097272,97,26,3,23,71,56,15,26.804123711340207,3.0927835051546393,23.711340206185564,73.19587628865979,57.73195876288659,15.463917525773196
E00097273,112,35,6,29,77,66,11,31.25,5.357142857142857,25.892857142857146,68.75,58.92857142857143,9.821428571428571
E00097274,110,36,13,23,74,66,8,32.72727272727273,11.818181818181818,20.909090909090907,67.27272727272727,60,7.2727272727272725
E00097276,107,42,10,32,65,60,5,39.25233644859813,9.345794392523365,29.906542056074763,60.747663551401864,56.074766355140184,4.672897196261682
E00097277,149,44,17,27,105,94,11,29.53020134228188,11.409395973154362,18.120805369127517,70.46979865771812,63.08724832214765,7.38255033557047
E00097278,120,35,8,27,85,79,6,29.166666666666668,6.666666666666667,22.5,70.83333333333334,65.83333333333333,5
E00097279,129,56,14,42,73,61,12,43.41085271317829,10.852713178294573,32.55813953488372,56.58914728682171,47.286821705426355,9.30232558139535
E00097280,161,58,17,41,103,97,6,36.024844720496894,10.559006211180124,25.465838509316768,63.975155279503106,60.24844720496895,3.7267080745341614
E00097281,127,44,15,29,83,71,12,34.645669291338585,11.811023622047244,22.83464566929134,65.35433070866141,55.90551181102362,9.448818897637794
E00097282,134,45,9,36,89,81,8,33.582089552238806,6.7164179104477615,26.865671641791046,66.4179104477612,60.447761194029844,5.970149253731343
E00097283,105,36,13,23,69,57,12,34.285714285714285,12.380952380952381,21.904761904761905,65.71428571428571,54.285714285714285,11.428571428571429
E00097284,72,20,7,13,52,48,4,27.77777777777778,9.722222222222223,18.055555555555554,72.22222222222221,66.66666666666666,5.555555555555555
E00097285,84,22,4,18,62,51,11,26.190476190476193,4.761904761904762,21.428571428571427,73.80952380952381,60.71428571428571,13.095238095238097
E00097286,96,28,9,19,68,58,10,29.166666666666668,9.375,19.791666666666664,70.83333333333334,60.416666666666664,10.416666666666668
E00097287,93,32,13,19,61,50,11,34.40860215053764,13.978494623655912,20.43010752688172,65.59139784946237,53.76344086021505,11.827956989247312
E00097288,120,49,14,35,71,58,13,40.833333333333336,11.666666666666666,29.166666666666668,59.166666666666664,48.333333333333336,10.833333333333334
E00097289,100,29,7,22,71,61,10,28.999999999999996,7.000000000000001,22,71,61,10
E00097290,106,42,13,29,64,53,11,39.62264150943396,12.264150943396226,27.358490566037734,60.37735849056604,50,10.377358490566039
E00097291,99,30,6,24,69,63,6,30.303030303030305,6.0606060606060606,24.242424242424242,69.6969696969697,63.63636363636363,6.0606060606060606
E00097292,134,45,11,34,89,79,10,33.582089552238806,8.208955223880597,25.37313432835821,66.4179104477612,58.95522388059702,7.462686567164178
E00097293,157,50,14,36,107,95,12,31.84713375796178,8.9171974522293,22.929936305732486,68.15286624203821,60.509554140127385,7.643312101910828
E00097294,106,47,16,31,59,56,3,44.339622641509436,15.09433962264151,29.245283018867923,55.660377358490564,52.83018867924528,2.8301886792452833
E00097295,273,91,29,62,182,142,40,33.33333333333333,10.622710622710622,22.71062271062271,66.66666666666666,52.01465201465202,14.652014652014653
E00097296,162,56,19,37,106,87,19,34.5679012345679,11.728395061728394,22.839506172839506,65.4320987654321,53.70370370370371,11.728395061728394
E00097297,143,58,16,42,85,66,19,40.55944055944056,11.188811188811188,29.37062937062937,59.44055944055944,46.15384615384615,13.286713286713287
E00097299,112,48,14,34,64,51,13,42.857142857142854,12.5,30.357142857142854,57.14285714285714,45.535714285714285,11.607142857142858
E00097301,96,21,6,15,75,62,13,21.875,6.25,15.625,78.125,64.58333333333334,13.541666666666666
E00097302,120,45,16,29,75,59,16,37.5,13.333333333333334,24.166666666666668,62.5,49.166666666666664,13.333333333333334
E00097303,100,33,11,22,67,47,20,33,11,22,67,47,20
E00097304,160,54,24,30,106,81,25,33.75,15,18.75,66.25,50.625,15.625
E00097305,215,65,21,44,150,119,31,30.23255813953488,9.767441860465116,20.46511627906977,69.76744186046511,55.348837209302324,14.418604651162791
E00097306,187,55,20,35,132,101,31,29.411764705882355,10.695187165775401,18.71657754010695,70.58823529411765,54.01069518716578,16.577540106951872
E00097307,201,66,23,43,135,95,40,32.83582089552239,11.442786069651742,21.393034825870647,67.16417910447761,47.2636815920398,19.900497512437813
E00097308,134,46,13,33,88,78,10,34.32835820895522,9.701492537313433,24.62686567164179,65.67164179104478,58.2089552238806,7.462686567164178
E00097309,147,54,15,39,93,82,11,36.734693877551024,10.204081632653061,26.53061224489796,63.26530612244898,55.78231292517006,7.482993197278912
E00097310,120,32,9,23,88,81,7,26.666666666666668,7.5,19.166666666666668,73.33333333333333,67.5,5.833333333333333
E00097311,152,52,18,34,100,93,7,34.21052631578947,11.842105263157894,22.36842105263158,65.78947368421053,61.18421052631579,4.605263157894736
E00097312,110,41,11,30,69,56,13,37.27272727272727,10,27.27272727272727,62.727272727272734,50.90909090909091,11.818181818181818
E00097313,121,34,12,22,87,73,14,28.09917355371901,9.917355371900827,18.181818181818183,71.900826446281,60.33057851239669,11.570247933884298
E00097314,133,46,9,37,87,81,6,34.58646616541353,6.7669172932330826,27.819548872180448,65.41353383458647,60.902255639097746,4.511278195488721
E00097315,97,34,10,24,63,57,6,35.051546391752574,10.309278350515463,24.742268041237114,64.94845360824742,58.76288659793815,6.185567010309279
E00097316,120,41,13,28,79,67,12,34.166666666666664,10.833333333333334,23.333333333333332,65.83333333333333,55.833333333333336,10
E00097317,91,24,7,17,67,60,7,26.373626373626376,7.6923076923076925,18.681318681318682,73.62637362637363,65.93406593406593,7.6923076923076925
E00097318,71,29,8,21,42,35,7,40.845070422535215,11.267605633802818,29.577464788732392,59.154929577464785,49.29577464788733,9.859154929577464
E00097319,105,41,11,30,64,57,7,39.04761904761905,10.476190476190476,28.57142857142857,60.952380952380956,54.285714285714285,6.666666666666667
E00097320,70,23,7,16,47,37,10,32.857142857142854,10,22.857142857142858,67.14285714285714,52.85714285714286,14.285714285714285
E00097321,111,32,5,27,79,68,11,28.82882882882883,4.504504504504505,24.324324324324326,71.17117117117117,61.261261261261254,9.90990990990991
E00097322,110,34,9,25,76,66,10,30.909090909090907,8.181818181818182,22.727272727272727,69.0909090909091,60,9.090909090909092
E00097324,88,25,8,17,63,56,7,28.40909090909091,9.090909090909092,19.318181818181817,71.5909090909091,63.63636363636363,7.954545454545454
E00097325,160,53,10,43,107,93,14,33.125,6.25,26.875,66.875,58.12500000000001,8.75
E00097326,165,61,17,44,104,90,14,36.96969696969697,10.303030303030303,26.666666666666668,63.030303030303024,54.54545454545454,8.484848484848486
E00097327,163,61,22,39,102,92,10,37.423312883435585,13.496932515337424,23.92638036809816,62.57668711656442,56.44171779141104,6.134969325153374
E00171977,190,69,21,48,121,110,11,36.31578947368421,11.052631578947368,25.263157894736842,63.68421052631579,57.89473684210527,5.7894736842105265
E00171978,116,28,13,15,88,81,7,24.137931034482758,11.206896551724139,12.931034482758621,75.86206896551724,69.82758620689656,6.0344827586206895
E00171979,119,37,10,27,82,72,10,31.092436974789916,8.403361344537815,22.689075630252102,68.90756302521008,60.50420168067227,8.403361344537815
E00171980,98,35,14,21,63,51,12,35.714285714285715,14.285714285714285,21.428571428571427,64.28571428571429,52.04081632653062,12.244897959183673
E00171981,99,21,2,19,78,73,5,21.21212121212121,2.0202020202020203,19.19191919191919,78.78787878787878,73.73737373737373,5.05050505050505
E00171982,133,44,13,31,89,80,9,33.08270676691729,9.774436090225564,23.308270676691727,66.9172932330827,60.150375939849624,6.7669172932330826
E00171983,203,58,17,41,145,117,28,28.57142857142857,8.374384236453201,20.19704433497537,71.42857142857143,57.635467980295566,13.793103448275861
E00171984,191,38,10,28,153,130,23,19.895287958115183,5.2356020942408374,14.659685863874344,80.10471204188482,68.06282722513089,12.041884816753926
E00171985,163,49,18,31,114,94,20,30.061349693251532,11.042944785276074,19.018404907975462,69.93865030674846,57.668711656441715,12.269938650306749
E00171986,185,47,8,39,138,117,21,25.405405405405407,4.324324324324325,21.08108108108108,74.5945945945946,63.24324324324324,11.351351351351353
E00171988,154,49,18,31,105,92,13,31.818181818181817,11.688311688311687,20.12987012987013,68.18181818181817,59.74025974025974,8.441558441558442
E00171989,129,44,11,33,85,72,13,34.10852713178294,8.527131782945736,25.581395348837212,65.89147286821705,55.81395348837209,10.077519379844961
E00171990,116,33,8,25,83,70,13,28.448275862068968,6.896551724137931,21.551724137931032,71.55172413793103,60.3448275862069,11.206896551724139
E00179286,184,66,28,38,118,99,19,35.869565217391305,15.217391304347828,20.652173913043477,64.13043478260869,53.80434782608695,10.326086956521738
E00179290,183,50,13,37,133,101,32,27.322404371584703,7.103825136612022,20.21857923497268,72.6775956284153,55.19125683060109,17.48633879781421
E00179291,177,48,12,36,129,112,17,27.11864406779661,6.779661016949152,20.33898305084746,72.88135593220339,63.2768361581921,9.6045197740113
E00179293,222,66,17,49,156,132,24,29.72972972972973,7.657657657657657,22.07207207207207,70.27027027027027,59.45945945945946,10.81081081081081
E00179300,227,62,20,42,165,138,27,27.312775330396477,8.81057268722467,18.502202643171806,72.68722466960352,60.792951541850215,11.894273127753303
E00179302,107,35,14,21,72,58,14,32.71028037383177,13.084112149532709,19.626168224299064,67.28971962616822,54.20560747663551,13.084112149532709
E00179303,315,82,16,66,233,207,26,26.031746031746035,5.079365079365079,20.952380952380953,73.96825396825398,65.71428571428571,8.253968253968253
E00179305,54,18,7,11,36,32,4,33.33333333333333,12.962962962962962,20.37037037037037,66.66666666666666,59.25925925925925,7.4074074074074066
E00179306,73,27,12,15,46,38,8,36.986301369863014,16.43835616438356,20.54794520547945,63.013698630136986,52.054794520547944,10.95890410958904
E00179311,76,20,9,11,56,45,11,26.31578947368421,11.842105263157894,14.473684210526317,73.68421052631578,59.210526315789465,14.473684210526317
E00179314,72,17,8,9,55,43,12,23.61111111111111,11.11111111111111,12.5,76.38888888888889,59.72222222222222,16.666666666666664
E00179319,186,48,17,31,138,123,15,25.806451612903224,9.13978494623656,16.666666666666664,74.19354838709677,66.12903225806451,8.064516129032258
E00179320,238,64,19,45,174,150,24,26.89075630252101,7.9831932773109235,18.907563025210084,73.10924369747899,63.02521008403361,10.084033613445378
E00179321,331,73,16,57,258,221,37,22.054380664652566,4.833836858006042,17.220543806646525,77.94561933534743,66.76737160120845,11.178247734138973
E00179322,94,25,3,22,69,60,9,26.595744680851062,3.1914893617021276,23.404255319148938,73.40425531914893,63.829787234042556,9.574468085106384
E00179324,141,52,15,37,89,70,19,36.87943262411347,10.638297872340425,26.24113475177305,63.12056737588653,49.645390070921984,13.47517730496454
E00179325,150,40,9,31,110,97,13,26.666666666666668,6,20.666666666666668,73.33333333333333,64.66666666666666,8.666666666666668
E00179327,262,36,8,28,226,193,33,13.740458015267176,3.0534351145038165,10.687022900763358,86.25954198473282,73.66412213740458,12.595419847328243
E00179330,111,31,6,25,80,66,14,27.927927927927925,5.405405405405405,22.52252252252252,72.07207207207207,59.45945945945946,12.612612612612612
E00179333,180,66,17,49,114,91,23,36.666666666666664,9.444444444444445,27.22222222222222,63.33333333333333,50.55555555555556,12.777777777777777
E00179334,353,107,26,81,246,199,47,30.31161473087819,7.365439093484419,22.946175637393768,69.68838526912181,56.37393767705382,13.314447592067987
E00179342,72,27,11,16,45,38,7,37.5,15.277777777777779,22.22222222222222,62.5,52.77777777777778,9.722222222222223
E00179343,122,36,14,22,86,58,28,29.508196721311474,11.475409836065573,18.0327868852459,70.49180327868852,47.540983606557376,22.950819672131146
E00179344,50,24,8,16,26,19,7,48,16,32,52,38,14.000000000000002
E00179345,166,53,7,46,113,101,12,31.92771084337349,4.216867469879518,27.710843373493976,68.07228915662651,60.8433734939759,7.228915662650602
E00179346,212,64,18,46,148,120,28,30.18867924528302,8.49056603773585,21.69811320754717,69.81132075471697,56.60377358490566,13.20754716981132
E00179347,127,41,11,30,86,69,17,32.28346456692913,8.661417322834646,23.62204724409449,67.71653543307087,54.330708661417326,13.385826771653544
E00179348,293,77,23,54,216,188,28,26.27986348122867,7.849829351535837,18.43003412969283,73.72013651877133,64.16382252559727,9.556313993174061
