OA,ts0380001,ts0380002,ts0380003,ts0380004,ts0380005,ts0380006,ts0380007,ts0380002_PCT,ts0380003_PCT,ts0380004_PCT,ts0380005_PCT,ts0380006_PCT,ts0380007_PCT
E00128682,239,64,33,31,175,13,162,26.778242677824267,13.807531380753138,12.97071129707113,73.22175732217573,5.439330543933055,67.78242677824268
E00128683,427,81,59,22,346,30,316,18.969555035128806,13.817330210772832,5.152224824355972,81.0304449648712,7.02576112412178,74.00468384074942
E00128684,599,74,16,58,525,51,474,12.353923205342237,2.671118530884808,9.68280467445743,87.64607679465777,8.514190317195327,79.13188647746243
E00128685,313,44,12,32,269,37,232,14.057507987220447,3.8338658146964857,10.223642172523961,85.94249201277955,11.821086261980831,74.12140575079871
E00128686,366,97,59,38,269,19,250,26.50273224043716,16.120218579234972,10.382513661202186,73.49726775956285,5.191256830601093,68.30601092896174
E00128687,250,52,22,30,198,10,188,20.8,8.799999999999999,12,79.2,4,75.2
E00128688,332,64,31,33,268,20,248,19.27710843373494,9.33734939759036,9.939759036144578,80.72289156626506,6.024096385542169,74.69879518072288
E00128689,329,59,16,43,270,20,250,17.933130699088146,4.86322188449848,13.069908814589665,82.06686930091185,6.079027355623101,75.98784194528876
E00128690,390,53,16,37,337,34,303,13.58974358974359,4.102564102564102,9.487179487179487,86.41025641025641,8.717948717948717,77.6923076923077
E00128691,310,68,27,41,242,26,216,21.935483870967744,8.709677419354838,13.225806451612904,78.06451612903226,8.38709677419355,69.6774193548387
E00128692,330,45,9,36,285,25,260,13.636363636363635,2.727272727272727,10.909090909090908,86.36363636363636,7.575757575757576,78.78787878787878
E00128693,234,50,26,24,184,18,166,21.367521367521366,11.11111111111111,10.256410256410255,78.63247863247864,7.6923076923076925,70.94017094017094
E00128694,305,78,53,25,227,25,202,25.573770491803277,17.37704918032787,8.19672131147541,74.42622950819671,8.19672131147541,66.22950819672131
E00128695,222,53,25,28,169,25,144,23.873873873873876,11.26126126126126,12.612612612612612,76.12612612612612,11.26126126126126,64.86486486486487
E00128696,403,51,17,34,352,28,324,12.655086848635236,4.218362282878412,8.436724565756824,87.34491315136476,6.9478908188585615,80.39702233250621
E00128697,330,71,38,33,259,21,238,21.515151515151516,11.515151515151516,10,78.48484848484848,6.363636363636363,72.12121212121212
E00128698,315,41,13,28,274,24,250,13.015873015873018,4.1269841269841265,8.88888888888889,86.98412698412699,7.6190476190476195,79.36507936507937
E00128699,301,37,12,25,264,31,233,12.29235880398671,3.9867109634551494,8.305647840531561,87.70764119601328,10.299003322259136,77.40863787375415
E00128700,274,31,5,26,243,30,213,11.313868613138686,1.824817518248175,9.48905109489051,88.6861313868613,10.948905109489052,77.73722627737226
E00128701,317,35,13,22,282,24,258,11.041009463722396,4.100946372239748,6.940063091482649,88.95899053627761,7.570977917981073,81.38801261829653
E00128702,292,68,32,36,224,16,208,23.28767123287671,10.95890410958904,12.32876712328767,76.71232876712328,5.47945205479452,71.23287671232876
E00128703,283,35,9,26,248,18,230,12.36749116607774,3.180212014134275,9.187279151943462,87.63250883392226,6.36042402826855,81.2720848056537
E00128704,330,55,19,36,275,34,241,16.666666666666664,5.757575757575758,10.909090909090908,83.33333333333334,10.303030303030303,73.03030303030303
E00128705,325,48,26,22,277,30,247,14.76923076923077,8,6.769230769230769,85.23076923076923,9.230769230769232,76
E00128706,348,75,37,38,273,17,256,21.551724137931032,10.632183908045976,10.919540229885058,78.44827586206897,4.885057471264368,73.5632183908046
E00128707,389,68,30,38,321,26,295,17.480719794344473,7.712082262210797,9.768637532133676,82.51928020565553,6.683804627249357,75.83547557840618
E00128708,267,59,24,35,208,20,188,22.09737827715356,8.98876404494382,13.108614232209737,77.90262172284645,7.490636704119851,70.4119850187266
E00128709,460,122,66,56,338,26,312,26.521739130434785,14.347826086956522,12.173913043478262,73.47826086956522,5.6521739130434785,67.82608695652173
E00128710,233,52,25,27,181,16,165,22.317596566523605,10.72961373390558,11.587982832618025,77.6824034334764,6.866952789699571,70.81545064377683
E00128711,278,69,28,41,209,8,201,24.820143884892087,10.071942446043165,14.748201438848922,75.17985611510791,2.877697841726619,72.3021582733813
E00128712,286,61,31,30,225,20,205,21.328671328671327,10.839160839160838,10.48951048951049,78.67132867132867,6.993006993006993,71.67832167832168
E00128713,326,74,33,41,252,14,238,22.699386503067483,10.122699386503067,12.576687116564417,77.30061349693251,4.294478527607362,73.00613496932516
E00128714,264,52,20,32,212,17,195,19.696969696969695,7.575757575757576,12.121212121212121,80.3030303030303,6.4393939393939394,73.86363636363636
E00128715,265,48,22,26,217,13,204,18.11320754716981,8.30188679245283,9.811320754716983,81.88679245283019,4.905660377358491,76.9811320754717
E00128716,293,60,22,38,233,20,213,20.477815699658702,7.508532423208192,12.969283276450511,79.5221843003413,6.825938566552901,72.6962457337884
E00128717,330,60,18,42,270,24,246,18.181818181818183,5.454545454545454,12.727272727272727,81.81818181818183,7.2727272727272725,74.54545454545455
E00128718,397,68,34,34,329,39,290,17.12846347607053,8.564231738035264,8.564231738035264,82.87153652392946,9.82367758186398,73.04785894206549
E00128719,368,67,26,41,301,23,278,18.206521739130434,7.065217391304348,11.141304347826086,81.79347826086956,6.25,75.54347826086956
E00128720,289,45,22,23,244,26,218,15.570934256055363,7.612456747404845,7.958477508650519,84.42906574394463,8.996539792387544,75.4325259515571
E00128721,281,45,20,25,236,18,218,16.014234875444842,7.11743772241993,8.896797153024911,83.98576512455516,6.405693950177936,77.58007117437722
E00128722,275,54,18,36,221,29,192,19.636363636363637,6.545454545454546,13.090909090909092,80.36363636363636,10.545454545454545,69.81818181818183
E00128723,304,52,20,32,252,19,233,17.105263157894736,6.578947368421052,10.526315789473683,82.89473684210526,6.25,76.64473684210526
E00128724,169,16,11,5,153,14,139,9.467455621301776,6.508875739644971,2.9585798816568047,90.53254437869822,8.284023668639055,82.24852071005917
E00128725,364,45,14,31,319,24,295,12.362637362637363,3.8461538461538463,8.516483516483516,87.63736263736264,6.593406593406594,81.04395604395604
E00128726,265,56,29,27,209,15,194,21.132075471698116,10.943396226415095,10.18867924528302,78.8679245283019,5.660377358490567,73.20754716981132
E00128727,234,57,13,44,177,16,161,24.358974358974358,5.555555555555555,18.803418803418804,75.64102564102564,6.837606837606838,68.80341880341881
E00128728,222,30,11,19,192,17,175,13.513513513513514,4.954954954954955,8.558558558558559,86.48648648648648,7.657657657657657,78.82882882882883
E00128729,305,52,11,41,253,25,228,17.04918032786885,3.606557377049181,13.442622950819672,82.95081967213115,8.19672131147541,74.75409836065575
E00128730,268,29,9,20,239,21,218,10.820895522388058,3.3582089552238807,7.462686567164178,89.17910447761194,7.835820895522389,81.34328358208955
E00128731,269,79,37,42,190,14,176,29.36802973977695,13.754646840148698,15.613382899628252,70.63197026022306,5.204460966542751,65.4275092936803
E00128732,327,80,35,45,247,11,236,24.464831804281346,10.703363914373089,13.761467889908257,75.53516819571865,3.3639143730886847,72.17125382262996
E00128733,364,66,23,43,298,33,265,18.13186813186813,6.318681318681318,11.813186813186812,81.86813186813187,9.065934065934066,72.8021978021978
E00128734,348,139,90,49,209,15,194,39.94252873563218,25.862068965517242,14.080459770114942,60.05747126436781,4.310344827586207,55.74712643678161
E00128735,345,73,31,42,272,38,234,21.15942028985507,8.985507246376812,12.173913043478262,78.84057971014494,11.014492753623188,67.82608695652173
E00128736,407,81,22,59,326,28,298,19.901719901719904,5.405405405405405,14.496314496314497,80.0982800982801,6.87960687960688,73.21867321867322
E00128737,476,71,33,38,405,45,360,14.915966386554622,6.932773109243698,7.9831932773109235,85.08403361344537,9.453781512605042,75.63025210084034
E00128738,316,55,28,27,261,27,234,17.405063291139243,8.860759493670885,8.544303797468354,82.59493670886076,8.544303797468354,74.0506329113924
E00128739,340,45,18,27,295,31,264,13.23529411764706,5.294117647058823,7.941176470588235,86.76470588235294,9.117647058823529,77.64705882352942
E00128740,296,87,27,60,209,15,194,29.39189189189189,9.121621621621621,20.27027027027027,70.6081081081081,5.0675675675675675,65.54054054054053
E00128741,293,37,8,29,256,27,229,12.627986348122866,2.7303754266211606,9.897610921501707,87.37201365187714,9.215017064846416,78.15699658703072
E00128742,291,46,17,29,245,23,222,15.807560137457044,5.841924398625429,9.965635738831615,84.19243986254295,7.903780068728522,76.28865979381443
E00128743,383,52,13,39,331,26,305,13.577023498694519,3.3942558746736298,10.182767624020887,86.42297650130548,6.7885117493472595,79.63446475195822
E00128744,295,57,32,25,238,33,205,19.322033898305087,10.847457627118644,8.47457627118644,80.67796610169492,11.186440677966102,69.49152542372882
E00128745,225,36,11,25,189,17,172,16,4.888888888888889,11.11111111111111,84,7.555555555555555,76.44444444444444
E00128746,485,84,44,40,401,11,390,17.31958762886598,9.072164948453608,8.24742268041237,82.68041237113401,2.268041237113402,80.41237113402062
E00128747,315,73,33,40,242,20,222,23.174603174603174,10.476190476190476,12.698412698412698,76.82539682539684,6.349206349206349,70.47619047619048
E00128748,263,56,24,32,207,12,195,21.292775665399237,9.125475285171103,12.167300380228136,78.70722433460075,4.562737642585551,74.1444866920152
E00128749,368,71,23,48,297,19,278,19.293478260869566,6.25,13.043478260869565,80.70652173913044,5.163043478260869,75.54347826086956
E00128750,446,96,49,47,350,22,328,21.524663677130047,10.986547085201794,10.538116591928251,78.47533632286996,4.932735426008969,73.54260089686099
E00128751,313,56,29,27,257,21,236,17.89137380191693,9.26517571884984,8.626198083067091,82.10862619808307,6.7092651757188495,75.39936102236422
E00128752,524,84,41,43,440,54,386,16.030534351145036,7.8244274809160315,8.206106870229007,83.96946564885496,10.305343511450381,73.66412213740458
E00128753,397,70,35,35,327,33,294,17.632241813602015,8.816120906801007,8.816120906801007,82.36775818639799,8.312342569269521,74.05541561712846
E00128754,249,31,11,20,218,29,189,12.449799196787147,4.417670682730924,8.032128514056225,87.55020080321285,11.646586345381527,75.90361445783132
E00128755,329,76,40,36,253,16,237,23.10030395136778,12.158054711246201,10.94224924012158,76.89969604863222,4.86322188449848,72.03647416413374
E00128756,302,44,21,23,258,26,232,14.56953642384106,6.95364238410596,7.6158940397351,85.43046357615894,8.609271523178808,76.82119205298014
E00128757,487,111,48,63,376,29,347,22.79260780287474,9.856262833675565,12.93634496919918,77.20739219712526,5.95482546201232,71.25256673511294
E00128758,286,74,35,39,212,22,190,25.874125874125873,12.237762237762238,13.636363636363635,74.12587412587412,7.6923076923076925,66.43356643356644
E00128759,273,67,43,24,206,15,191,24.54212454212454,15.75091575091575,8.791208791208792,75.45787545787546,5.4945054945054945,69.96336996336996
E00128760,305,74,43,31,231,19,212,24.262295081967213,14.098360655737704,10.163934426229508,75.73770491803279,6.229508196721312,69.50819672131148
E00128761,270,78,44,34,192,15,177,28.888888888888886,16.296296296296298,12.592592592592592,71.11111111111111,5.555555555555555,65.55555555555556
E00128762,326,73,41,32,253,30,223,22.392638036809817,12.576687116564417,9.815950920245399,77.60736196319019,9.202453987730062,68.40490797546013
E00128763,338,52,25,27,286,34,252,15.384615384615385,7.396449704142012,7.988165680473373,84.61538461538461,10.059171597633137,74.55621301775149
E00128764,387,109,44,65,278,17,261,28.165374677002585,11.369509043927648,16.795865633074936,71.83462532299741,4.3927648578811365,67.44186046511628
E00128765,291,34,15,19,257,18,239,11.683848797250858,5.154639175257731,6.529209621993128,88.31615120274914,6.185567010309279,82.13058419243985
E00128766,268,66,32,34,202,18,184,24.62686567164179,11.940298507462686,12.686567164179104,75.3731343283582,6.7164179104477615,68.65671641791045
E00128767,324,90,48,42,234,17,217,27.77777777777778,14.814814814814813,12.962962962962962,72.22222222222221,5.246913580246913,66.9753086419753
E00128768,238,45,19,26,193,19,174,18.907563025210084,7.9831932773109235,10.92436974789916,81.09243697478992,7.9831932773109235,73.10924369747899
E00128769,258,67,38,29,191,16,175,25.968992248062015,14.728682170542637,11.24031007751938,74.03100775193798,6.2015503875969,67.82945736434108
E00128770,326,48,19,29,278,30,248,14.723926380368098,5.828220858895705,8.895705521472392,85.2760736196319,9.202453987730062,76.07361963190185
E00128771,377,59,25,34,318,25,293,15.649867374005305,6.631299734748011,9.018567639257293,84.3501326259947,6.631299734748011,77.71883289124668
E00128772,216,63,29,34,153,11,142,29.166666666666668,13.425925925925927,15.74074074074074,70.83333333333334,5.092592592592593,65.74074074074075
E00128773,348,76,42,34,272,17,255,21.839080459770116,12.068965517241379,9.770114942528735,78.16091954022988,4.885057471264368,73.27586206896551
E00128774,321,66,29,37,255,17,238,20.5607476635514,9.034267912772584,11.526479750778815,79.43925233644859,5.29595015576324,74.14330218068535
E00128775,268,73,24,49,195,21,174,27.238805970149254,8.955223880597014,18.28358208955224,72.76119402985076,7.835820895522389,64.92537313432835
E00128776,337,38,12,26,299,30,269,11.275964391691394,3.5608308605341246,7.71513353115727,88.72403560830861,8.902077151335313,79.82195845697329
E00128777,385,91,52,39,294,36,258,23.636363636363637,13.506493506493506,10.129870129870131,76.36363636363637,9.35064935064935,67.01298701298701
E00128778,245,39,23,16,206,20,186,15.918367346938775,9.387755102040817,6.530612244897959,84.08163265306122,8.16326530612245,75.91836734693878
E00128779,412,70,31,39,342,17,325,16.990291262135923,7.524271844660194,9.466019417475728,83.00970873786407,4.12621359223301,78.88349514563106
E00128780,360,54,15,39,306,29,277,15,4.166666666666666,10.833333333333334,85,8.055555555555555,76.94444444444444
E00128781,348,65,24,41,283,15,268,18.67816091954023,6.896551724137931,11.781609195402298,81.32183908045977,4.310344827586207,77.01149425287356
E00128782,207,41,21,20,166,14,152,19.806763285024154,10.144927536231885,9.66183574879227,80.19323671497585,6.763285024154589,73.42995169082126
E00128783,296,73,30,43,223,23,200,24.66216216216216,10.135135135135135,14.527027027027026,75.33783783783784,7.77027027027027,67.56756756756756
E00128784,301,38,13,25,263,22,241,12.624584717607974,4.318936877076411,8.305647840531561,87.37541528239203,7.308970099667775,80.06644518272425
E00128785,314,41,19,22,273,31,242,13.05732484076433,6.050955414012739,7.006369426751593,86.94267515923568,9.872611464968154,77.07006369426752
E00128786,341,72,33,39,269,19,250,21.114369501466275,9.67741935483871,11.436950146627565,78.88563049853371,5.571847507331378,73.31378299120234
E00128787,304,65,30,35,239,25,214,21.38157894736842,9.868421052631579,11.513157894736842,78.61842105263158,8.223684210526317,70.39473684210526
E00128788,368,52,17,35,316,35,281,14.130434782608695,4.619565217391304,9.510869565217392,85.86956521739131,9.510869565217392,76.3586956521739
E00128790,186,75,31,44,111,14,97,40.32258064516129,16.666666666666664,23.655913978494624,59.67741935483871,7.526881720430108,52.1505376344086
E00128791,415,104,50,54,311,26,285,25.060240963855424,12.048192771084338,13.012048192771083,74.93975903614458,6.265060240963856,68.67469879518072
E00128792,295,51,27,24,244,17,227,17.28813559322034,9.152542372881356,8.135593220338983,82.71186440677965,5.762711864406779,76.94915254237287
E00128793,267,79,43,36,188,19,169,29.588014981273407,16.10486891385768,13.48314606741573,70.4119850187266,7.116104868913857,63.29588014981273
E00128794,290,73,33,40,217,26,191,25.17241379310345,11.379310344827587,13.793103448275861,74.82758620689656,8.96551724137931,65.86206896551724
E00128795,324,72,38,34,252,25,227,22.22222222222222,11.728395061728394,10.493827160493826,77.77777777777779,7.716049382716049,70.06172839506173
E00128796,319,52,16,36,267,21,246,16.30094043887147,5.015673981191222,11.285266457680251,83.69905956112854,6.583072100313479,77.11598746081505
E00128797,445,60,12,48,385,36,349,13.48314606741573,2.696629213483146,10.786516853932584,86.51685393258427,8.089887640449438,78.42696629213484
E00128798,498,54,15,39,444,40,404,10.843373493975903,3.0120481927710845,7.83132530120482,89.1566265060241,8.032128514056225,81.12449799196787
E00128799,309,52,17,35,257,23,234,16.828478964401295,5.501618122977346,11.326860841423949,83.1715210355987,7.443365695792881,75.72815533980582
E00128800,271,37,12,25,234,33,201,13.653136531365314,4.428044280442804,9.22509225092251,86.34686346863468,12.177121771217712,74.16974169741697
E00128801,314,35,10,25,279,26,253,11.146496815286625,3.1847133757961785,7.961783439490445,88.85350318471338,8.280254777070063,80.57324840764332
E00128802,315,46,13,33,269,17,252,14.603174603174605,4.1269841269841265,10.476190476190476,85.39682539682539,5.396825396825397,80
E00128803,349,42,17,25,307,17,290,12.034383954154727,4.871060171919771,7.163323782234957,87.96561604584528,4.871060171919771,83.0945558739255
E00128804,323,107,68,39,216,21,195,33.126934984520126,21.052631578947366,12.074303405572756,66.87306501547987,6.5015479876160995,60.371517027863774
E00128805,282,137,75,62,145,15,130,48.58156028368794,26.595744680851062,21.98581560283688,51.41843971631206,5.319148936170213,46.09929078014184
E00128806,275,55,24,31,220,21,199,20,8.727272727272728,11.272727272727273,80,7.636363636363637,72.36363636363636
E00128807,248,41,18,23,207,23,184,16.532258064516128,7.258064516129033,9.274193548387096,83.46774193548387,9.274193548387096,74.19354838709677
E00128808,294,47,14,33,247,22,225,15.98639455782313,4.761904761904762,11.224489795918368,84.01360544217688,7.482993197278912,76.53061224489795
E00128809,314,86,33,53,228,26,202,27.388535031847134,10.509554140127388,16.878980891719745,72.61146496815286,8.280254777070063,64.3312101910828
E00128810,255,59,20,39,196,28,168,23.137254901960784,7.8431372549019605,15.294117647058824,76.86274509803923,10.980392156862745,65.88235294117646
E00128811,270,59,34,25,211,20,191,21.85185185185185,12.592592592592592,9.25925925925926,78.14814814814814,7.4074074074074066,70.74074074074073
E00128812,390,52,29,23,338,34,304,13.333333333333334,7.435897435897436,5.897435897435897,86.66666666666667,8.717948717948717,77.94871794871796
E00128813,285,38,16,22,247,26,221,13.333333333333334,5.614035087719298,7.719298245614035,86.66666666666667,9.12280701754386,77.54385964912281
E00128814,336,52,25,27,284,25,259,15.476190476190476,7.440476190476191,8.035714285714286,84.52380952380952,7.440476190476191,77.08333333333334
E00128815,393,76,33,43,317,25,292,19.338422391857506,8.396946564885496,10.941475826972011,80.6615776081425,6.361323155216285,74.30025445292621
E00128816,325,52,27,25,273,24,249,16,8.307692307692308,7.6923076923076925,84,7.384615384615385,76.61538461538461
E00128817,298,77,42,35,221,20,201,25.838926174496645,14.093959731543624,11.74496644295302,74.16107382550335,6.7114093959731544,67.4496644295302
E00128818,293,52,24,28,241,27,214,17.747440273037544,8.19112627986348,9.556313993174061,82.25255972696246,9.215017064846416,73.03754266211604
E00128819,262,76,32,44,186,9,177,29.00763358778626,12.213740458015266,16.793893129770993,70.99236641221374,3.435114503816794,67.55725190839695
E00128820,227,74,40,34,153,14,139,32.59911894273127,17.62114537444934,14.977973568281937,67.40088105726872,6.167400881057269,61.23348017621145
E00128821,363,91,49,42,272,23,249,25.068870523415974,13.498622589531681,11.570247933884298,74.93112947658402,6.336088154269973,68.59504132231406
E00128822,311,90,33,57,221,20,201,28.938906752411576,10.610932475884244,18.327974276527332,71.06109324758843,6.430868167202572,64.63022508038586
E00128823,336,91,41,50,245,21,224,27.083333333333332,12.202380952380953,14.880952380952381,72.91666666666666,6.25,66.66666666666666
E00128824,400,114,58,56,286,29,257,28.499999999999996,14.499999999999998,14.000000000000002,71.5,7.249999999999999,64.25
E00128826,219,70,39,31,149,11,138,31.963470319634702,17.80821917808219,14.15525114155251,68.0365296803653,5.0228310502283104,63.013698630136986
E00128827,305,71,36,35,234,23,211,23.278688524590162,11.80327868852459,11.475409836065573,76.72131147540983,7.540983606557377,69.18032786885246
E00128829,267,43,24,19,224,19,205,16.10486891385768,8.98876404494382,7.116104868913857,83.89513108614233,7.116104868913857,76.77902621722846
E00128830,588,78,31,47,510,51,459,13.26530612244898,5.272108843537415,7.993197278911565,86.73469387755102,8.673469387755102,78.06122448979592
E00128831,359,45,19,26,314,22,292,12.534818941504177,5.2924791086350975,7.242339832869081,87.46518105849582,6.128133704735376,81.33704735376045
E00128833,318,69,35,34,249,18,231,21.69811320754717,11.0062893081761,10.69182389937107,78.30188679245283,5.660377358490567,72.64150943396226
E00128834,271,50,26,24,221,20,201,18.45018450184502,9.59409594095941,8.856088560885608,81.54981549815497,7.380073800738007,74.16974169741697
E00128835,271,59,29,30,212,20,192,21.771217712177123,10.70110701107011,11.07011070110701,78.22878228782287,7.380073800738007,70.84870848708486
E00128836,369,93,46,47,276,33,243,25.203252032520325,12.466124661246612,12.737127371273713,74.79674796747967,8.94308943089431,65.85365853658537
E00128837,342,56,24,32,286,16,270,16.374269005847953,7.017543859649122,9.35672514619883,83.62573099415205,4.678362573099415,78.94736842105263
E00128838,296,63,29,34,233,31,202,21.283783783783782,9.797297297297296,11.486486486486488,78.71621621621621,10.472972972972974,68.24324324324324
E00128839,304,46,17,29,258,17,241,15.131578947368421,5.592105263157895,9.539473684210527,84.86842105263158,5.592105263157895,79.27631578947368
E00128840,328,57,17,40,271,14,257,17.378048780487802,5.182926829268292,12.195121951219512,82.6219512195122,4.2682926829268295,78.35365853658537
E00128841,298,65,25,40,233,21,212,21.812080536912752,8.389261744966444,13.422818791946309,78.18791946308725,7.046979865771812,71.14093959731544
E00128842,442,97,35,62,345,29,316,21.945701357466064,7.918552036199094,14.027149321266968,78.05429864253394,6.561085972850679,71.49321266968326
E00128843,280,59,29,30,221,19,202,21.071428571428573,10.357142857142858,10.714285714285714,78.92857142857143,6.785714285714286,72.14285714285714
E00128844,197,61,35,26,136,15,121,30.96446700507614,17.766497461928935,13.19796954314721,69.03553299492386,7.614213197969544,61.42131979695431
E00128845,166,71,34,37,95,10,85,42.77108433734939,20.481927710843372,22.289156626506024,57.22891566265061,6.024096385542169,51.204819277108435
E00128846,298,60,26,34,238,22,216,20.13422818791946,8.724832214765101,11.409395973154362,79.86577181208054,7.38255033557047,72.48322147651007
E00128847,268,41,18,23,227,24,203,15.298507462686567,6.7164179104477615,8.582089552238806,84.70149253731343,8.955223880597014,75.74626865671642
E00128848,403,81,47,34,322,36,286,20.099255583126553,11.662531017369728,8.436724565756824,79.90074441687345,8.933002481389577,70.96774193548387
E00128849,252,72,32,40,180,15,165,28.57142857142857,12.698412698412698,15.873015873015872,71.42857142857143,5.952380952380952,65.47619047619048
E00128850,510,116,58,58,394,40,354,22.745098039215687,11.372549019607844,11.372549019607844,77.25490196078432,7.8431372549019605,69.41176470588235
E00128851,347,71,37,34,276,30,246,20.461095100864554,10.662824207492795,9.798270893371757,79.53890489913545,8.645533141210375,70.89337175792507
E00128852,316,69,27,42,247,26,221,21.835443037974684,8.544303797468354,13.291139240506327,78.16455696202532,8.227848101265822,69.9367088607595
E00128853,236,74,46,28,162,15,147,31.35593220338983,19.491525423728813,11.864406779661017,68.64406779661016,6.3559322033898304,62.28813559322034
E00128854,232,76,40,36,156,8,148,32.758620689655174,17.24137931034483,15.517241379310345,67.24137931034483,3.4482758620689653,63.793103448275865
E00128855,337,56,24,32,281,22,259,16.61721068249258,7.121661721068249,9.495548961424333,83.38278931750742,6.528189910979229,76.8545994065282
E00128856,221,66,23,43,155,21,134,29.86425339366516,10.407239819004525,19.457013574660635,70.13574660633483,9.502262443438914,60.633484162895925
E00128857,264,82,34,48,182,25,157,31.060606060606062,12.878787878787879,18.181818181818183,68.93939393939394,9.469696969696969,59.46969696969697
E00128858,303,80,33,47,223,15,208,26.4026402640264,10.891089108910892,15.51155115511551,73.5973597359736,4.9504950495049505,68.64686468646865
E00128859,394,88,50,38,306,24,282,22.33502538071066,12.690355329949238,9.644670050761421,77.66497461928934,6.091370558375635,71.57360406091371
E00128860,314,75,32,43,239,23,216,23.88535031847134,10.191082802547772,13.694267515923567,76.11464968152866,7.32484076433121,68.78980891719745
E00128861,232,52,23,29,180,14,166,22.413793103448278,9.913793103448276,12.5,77.58620689655173,6.0344827586206895,71.55172413793103
E00128862,299,49,27,22,250,16,234,16.387959866220736,9.03010033444816,7.357859531772576,83.61204013377926,5.351170568561873,78.26086956521739
E00128863,312,64,30,34,248,30,218,20.51282051282051,9.615384615384617,10.897435897435898,79.48717948717949,9.615384615384617,69.87179487179486
E00128864,436,60,23,37,376,37,339,13.761467889908257,5.275229357798166,8.486238532110093,86.23853211009175,8.486238532110093,77.75229357798165
E00128865,278,59,22,37,219,22,197,21.223021582733814,7.913669064748201,13.309352517985612,78.77697841726618,7.913669064748201,70.86330935251799
E00128866,378,72,32,40,306,17,289,19.047619047619047,8.465608465608465,10.582010582010582,80.95238095238095,4.497354497354497,76.45502645502646
E00128867,357,40,6,34,317,34,283,11.204481792717088,1.680672268907563,9.523809523809524,88.79551820728291,9.523809523809524,79.27170868347339
E00128868,240,47,18,29,193,22,171,19.583333333333332,7.5,12.083333333333334,80.41666666666667,9.166666666666666,71.25
E00128869,335,59,26,33,276,17,259,17.611940298507463,7.761194029850746,9.850746268656717,82.38805970149254,5.074626865671641,77.31343283582089
E00128870,229,47,24,23,182,18,164,20.52401746724891,10.480349344978166,10.043668122270741,79.47598253275109,7.860262008733625,71.61572052401746
E00128871,247,39,21,18,208,24,184,15.789473684210526,8.502024291497975,7.28744939271255,84.21052631578947,9.7165991902834,74.49392712550608
E00128872,171,47,28,19,124,15,109,27.485380116959064,16.374269005847953,11.11111111111111,72.51461988304094,8.771929824561402,63.74269005847953
E00128873,247,47,24,23,200,26,174,19.02834008097166,9.7165991902834,9.31174089068826,80.97165991902834,10.526315789473683,70.44534412955466
E00128874,309,65,26,39,244,20,224,21.035598705501616,8.414239482200648,12.62135922330097,78.96440129449837,6.472491909385113,72.49190938511327
E00128875,303,66,30,36,237,19,218,21.782178217821784,9.900990099009901,11.881188118811881,78.21782178217822,6.270627062706271,71.94719471947195
E00128876,279,52,23,29,227,23,204,18.63799283154122,8.24372759856631,10.39426523297491,81.36200716845879,8.24372759856631,73.11827956989248
E00128877,347,73,29,44,274,31,243,21.037463976945244,8.357348703170029,12.680115273775217,78.96253602305475,8.93371757925072,70.02881844380403
E00128878,307,59,30,29,248,15,233,19.218241042345277,9.77198697068404,9.446254071661238,80.78175895765473,4.88599348534202,75.8957654723127
E00128879,255,83,44,39,172,16,156,32.549019607843135,17.254901960784313,15.294117647058824,67.45098039215686,6.2745098039215685,61.1764705882353
E00128880,367,82,40,42,285,31,254,22.3433242506812,10.899182561307901,11.444141689373296,77.65667574931881,8.446866485013624,69.20980926430518
E00128881,192,37,16,21,155,9,146,19.270833333333336,8.333333333333332,10.9375,80.72916666666666,4.6875,76.04166666666666
E00128882,365,81,33,48,284,28,256,22.19178082191781,9.04109589041096,13.150684931506849,77.8082191780822,7.671232876712329,70.13698630136986
E00128883,178,63,41,22,115,8,107,35.39325842696629,23.03370786516854,12.359550561797752,64.60674157303372,4.49438202247191,60.1123595505618
E00128884,322,59,26,33,263,14,249,18.32298136645963,8.074534161490684,10.248447204968944,81.67701863354037,4.3478260869565215,77.32919254658384
E00128885,154,40,14,26,114,10,104,25.97402597402597,9.090909090909092,16.883116883116884,74.02597402597402,6.493506493506493,67.53246753246754
E00128887,211,35,8,27,176,19,157,16.587677725118482,3.7914691943127963,12.796208530805686,83.41232227488152,9.004739336492891,74.40758293838863
E00128888,173,63,33,30,110,18,92,36.41618497109826,19.07514450867052,17.341040462427745,63.58381502890174,10.404624277456648,53.179190751445084
E00128889,275,58,16,42,217,17,200,21.09090909090909,5.818181818181818,15.272727272727273,78.9090909090909,6.181818181818182,72.72727272727273
E00128890,287,68,37,31,219,25,194,23.693379790940767,12.89198606271777,10.801393728222997,76.30662020905923,8.710801393728223,67.59581881533101
E00128891,417,95,51,44,322,25,297,22.781774580335732,12.23021582733813,10.551558752997602,77.21822541966426,5.995203836930456,71.22302158273382
E00128892,441,99,48,51,342,22,320,22.448979591836736,10.884353741496598,11.564625850340136,77.55102040816327,4.988662131519274,72.56235827664399
E00128893,375,55,22,33,320,18,302,14.666666666666666,5.866666666666666,8.799999999999999,85.33333333333334,4.8,80.53333333333333
E00128894,423,61,20,41,362,27,335,14.420803782505912,4.7281323877068555,9.692671394799055,85.57919621749409,6.382978723404255,79.19621749408984
E00128895,401,69,33,36,332,12,320,17.206982543640898,8.229426433915211,8.977556109725686,82.7930174563591,2.9925187032418954,79.80049875311721
E00128896,325,72,24,48,253,25,228,22.153846153846153,7.384615384615385,14.76923076923077,77.84615384615384,7.6923076923076925,70.15384615384616
E00128897,273,76,34,42,197,24,173,27.83882783882784,12.454212454212454,15.384615384615385,72.16117216117216,8.791208791208792,63.369963369963365
E00128898,248,66,34,32,182,21,161,26.61290322580645,13.709677419354838,12.903225806451612,73.38709677419355,8.46774193548387,64.91935483870968
E00128899,234,39,16,23,195,19,176,16.666666666666664,6.837606837606838,9.82905982905983,83.33333333333334,8.11965811965812,75.21367521367522
E00128900,216,42,17,25,174,18,156,19.444444444444446,7.87037037037037,11.574074074074074,80.55555555555556,8.333333333333332,72.22222222222221
E00172554,390,52,24,28,338,37,301,13.333333333333334,6.153846153846154,7.179487179487179,86.66666666666667,9.487179487179487,77.17948717948718
E00172555,621,66,24,42,555,48,507,10.628019323671497,3.864734299516908,6.763285024154589,89.3719806763285,7.729468599033816,81.64251207729468
E00172556,201,56,29,27,145,22,123,27.860696517412936,14.427860696517413,13.432835820895523,72.13930348258707,10.945273631840797,61.19402985074627
E00172557,295,47,16,31,248,28,220,15.932203389830507,5.423728813559322,10.508474576271185,84.06779661016948,9.491525423728813,74.57627118644068
E00181508,500,42,13,29,458,34,424,8.4,2.6,5.800000000000001,91.60000000000001,6.800000000000001,84.8
E00181509,99,24,13,11,75,4,71,24.242424242424242,13.131313131313133,11.11111111111111,75.75757575757575,4.040404040404041,71.71717171717171
E00181525,232,59,29,30,173,16,157,25.43103448275862,12.5,12.931034482758621,74.56896551724138,6.896551724137931,67.67241379310344
E00181534,314,37,12,25,277,32,245,11.78343949044586,3.821656050955414,7.961783439490445,88.21656050955414,10.191082802547772,78.02547770700637
E00181554,433,41,21,20,392,27,365,9.468822170900692,4.849884526558892,4.618937644341801,90.5311778290993,6.235565819861432,84.29561200923787
E00181561,573,66,16,50,507,47,460,11.518324607329843,2.7923211169284468,8.726003490401396,88.48167539267016,8.202443280977311,80.27923211169285
