OA,ts0590001,ts0590002,ts0590003,ts0590004,ts0590005,ts0590006,ts0590007,ts0590002_PCT,ts0590003_PCT,ts0590004_PCT,ts0590005_PCT,ts0590006_PCT,ts0590007_PCT
E00028328,114,39,11,28,75,72,3,34.21052631578947,9.649122807017543,24.561403508771928,65.78947368421053,63.1578947368421,2.631578947368421
E00028329,168,36,10,26,132,120,12,21.428571428571427,5.952380952380952,15.476190476190476,78.57142857142857,71.42857142857143,7.142857142857142
E00028330,203,59,24,35,144,133,11,29.064039408866993,11.822660098522167,17.24137931034483,70.93596059113301,65.51724137931035,5.41871921182266
E00028331,143,24,10,14,119,108,11,16.783216783216783,6.993006993006993,9.79020979020979,83.21678321678321,75.52447552447552,7.6923076923076925
E00028332,173,52,10,42,121,110,11,30.057803468208093,5.780346820809249,24.277456647398843,69.94219653179191,63.58381502890174,6.358381502890173
E00028333,132,31,16,15,101,87,14,23.484848484848484,12.121212121212121,11.363636363636363,76.51515151515152,65.9090909090909,10.606060606060606
E00028334,94,42,12,30,52,52,0,44.680851063829785,12.76595744680851,31.914893617021278,55.319148936170215,55.319148936170215,0
E00028335,173,52,19,33,121,105,16,30.057803468208093,10.982658959537572,19.07514450867052,69.94219653179191,60.69364161849711,9.248554913294797
E00028336,130,41,18,23,89,80,9,31.538461538461537,13.846153846153847,17.692307692307693,68.46153846153847,61.53846153846154,6.923076923076923
E00028338,177,32,6,26,145,134,11,18.07909604519774,3.389830508474576,14.689265536723164,81.92090395480226,75.70621468926554,6.214689265536723
E00028339,211,54,12,42,157,142,15,25.59241706161137,5.687203791469194,19.90521327014218,74.40758293838863,67.29857819905213,7.109004739336493
E00028340,100,36,14,22,64,57,7,36,14.000000000000002,22,64,56.99999999999999,7.000000000000001
E00028342,104,29,8,21,75,65,10,27.884615384615387,7.6923076923076925,20.192307692307693,72.11538461538461,62.5,9.615384615384617
E00028343,158,27,9,18,131,111,20,17.088607594936708,5.69620253164557,11.39240506329114,82.91139240506328,70.25316455696202,12.658227848101266
E00028344,116,30,8,22,86,80,6,25.862068965517242,6.896551724137931,18.96551724137931,74.13793103448276,68.96551724137932,5.172413793103448
E00028345,137,46,13,33,91,79,12,33.57664233576642,9.48905109489051,24.087591240875913,66.42335766423358,57.66423357664233,8.75912408759124
E00028346,177,47,13,34,130,110,20,26.55367231638418,7.344632768361582,19.2090395480226,73.44632768361582,62.14689265536724,11.299435028248588
E00028347,203,47,13,34,156,140,16,23.15270935960591,6.403940886699508,16.748768472906402,76.84729064039408,68.96551724137932,7.8817733990147785
E00028349,149,31,8,23,118,104,14,20.80536912751678,5.369127516778524,15.436241610738255,79.19463087248322,69.79865771812081,9.395973154362416
E00028350,144,31,7,24,113,105,8,21.52777777777778,4.861111111111112,16.666666666666664,78.47222222222221,72.91666666666666,5.555555555555555
E00028351,179,41,11,30,138,118,20,22.905027932960895,6.145251396648044,16.75977653631285,77.09497206703911,65.92178770949721,11.1731843575419
E00028352,86,32,8,24,54,43,11,37.2093023255814,9.30232558139535,27.906976744186046,62.7906976744186,50,12.790697674418606
E00028353,145,50,17,33,95,87,8,34.48275862068966,11.724137931034482,22.758620689655174,65.51724137931035,60,5.517241379310345
E00028354,192,55,21,34,137,128,9,28.645833333333332,10.9375,17.708333333333336,71.35416666666666,66.66666666666666,4.6875
E00028355,57,19,6,13,38,38,0,33.33333333333333,10.526315789473683,22.807017543859647,66.66666666666666,66.66666666666666,0
E00028356,109,31,13,18,78,69,9,28.440366972477065,11.926605504587156,16.51376146788991,71.55963302752293,63.30275229357798,8.256880733944955
E00028357,113,44,8,36,69,64,5,38.93805309734513,7.079646017699115,31.858407079646017,61.06194690265486,56.63716814159292,4.424778761061947
E00028358,118,40,7,33,78,71,7,33.89830508474576,5.932203389830509,27.966101694915253,66.10169491525424,60.16949152542372,5.932203389830509
E00028359,154,54,18,36,100,89,11,35.064935064935064,11.688311688311687,23.376623376623375,64.93506493506493,57.7922077922078,7.142857142857142
E00028360,152,31,12,19,121,102,19,20.394736842105264,7.894736842105263,12.5,79.60526315789474,67.10526315789474,12.5
E00028361,71,18,5,13,53,46,7,25.352112676056336,7.042253521126761,18.30985915492958,74.64788732394366,64.7887323943662,9.859154929577464
E00028362,160,47,11,36,113,103,10,29.375,6.875000000000001,22.5,70.625,64.375,6.25
E00028363,138,32,11,21,106,98,8,23.18840579710145,7.971014492753622,15.217391304347828,76.81159420289855,71.01449275362319,5.797101449275362
E00028364,160,48,16,32,112,104,8,30,10,20,70,65,5
E00028365,201,56,16,40,145,125,20,27.860696517412936,7.960199004975125,19.900497512437813,72.13930348258707,62.189054726368155,9.950248756218906
E00028366,179,52,14,38,127,117,10,29.05027932960894,7.82122905027933,21.22905027932961,70.94972067039106,65.36312849162012,5.58659217877095
E00028367,82,22,4,18,60,48,12,26.82926829268293,4.878048780487805,21.951219512195124,73.17073170731707,58.536585365853654,14.634146341463413
E00028369,86,42,14,28,44,41,3,48.837209302325576,16.27906976744186,32.55813953488372,51.162790697674424,47.674418604651166,3.488372093023256
E00028370,130,28,10,18,102,95,7,21.53846153846154,7.6923076923076925,13.846153846153847,78.46153846153847,73.07692307692307,5.384615384615385
E00028372,140,43,5,38,97,86,11,30.714285714285715,3.571428571428571,27.142857142857142,69.28571428571428,61.42857142857143,7.857142857142857
E00028374,103,26,6,20,77,64,13,25.24271844660194,5.825242718446602,19.41747572815534,74.75728155339806,62.13592233009708,12.62135922330097
E00028375,73,21,5,16,52,48,4,28.767123287671232,6.8493150684931505,21.91780821917808,71.23287671232876,65.75342465753424,5.47945205479452
E00028378,213,68,29,39,145,133,12,31.92488262910798,13.615023474178404,18.30985915492958,68.07511737089203,62.441314553990615,5.633802816901409
E00028379,51,8,5,3,43,34,9,15.686274509803921,9.803921568627452,5.88235294117647,84.31372549019608,66.66666666666666,17.647058823529413
E00028385,160,48,15,33,112,93,19,30,9.375,20.625,70,58.12500000000001,11.875
E00028387,58,21,8,13,37,33,4,36.206896551724135,13.793103448275861,22.413793103448278,63.793103448275865,56.896551724137936,6.896551724137931
E00028388,101,21,6,15,80,75,5,20.792079207920793,5.9405940594059405,14.85148514851485,79.20792079207921,74.25742574257426,4.9504950495049505
E00028390,368,286,175,111,82,72,10,77.71739130434783,47.55434782608695,30.16304347826087,22.282608695652172,19.565217391304348,2.717391304347826
E00028392,192,67,25,42,125,113,12,34.89583333333333,13.020833333333334,21.875,65.10416666666666,58.854166666666664,6.25
E00028393,158,28,8,20,130,113,17,17.72151898734177,5.063291139240507,12.658227848101266,82.27848101265823,71.51898734177216,10.759493670886076
E00028394,102,30,10,20,72,62,10,29.411764705882355,9.803921568627452,19.607843137254903,70.58823529411765,60.78431372549019,9.803921568627452
E00028395,111,37,6,31,74,68,6,33.33333333333333,5.405405405405405,27.927927927927925,66.66666666666666,61.261261261261254,5.405405405405405
E00028396,105,38,13,25,67,64,3,36.19047619047619,12.380952380952381,23.809523809523807,63.8095238095238,60.952380952380956,2.857142857142857
E00028397,132,32,7,25,100,92,8,24.242424242424242,5.303030303030303,18.939393939393938,75.75757575757575,69.6969696969697,6.0606060606060606
E00028398,104,43,15,28,61,54,7,41.34615384615385,14.423076923076922,26.923076923076923,58.65384615384615,51.92307692307693,6.730769230769231
E00028399,139,63,18,45,76,66,10,45.32374100719424,12.949640287769784,32.37410071942446,54.67625899280576,47.482014388489205,7.1942446043165464
E00028400,169,72,15,57,97,92,5,42.60355029585799,8.875739644970414,33.72781065088758,57.396449704142015,54.437869822485204,2.9585798816568047
E00028401,165,78,37,41,87,77,10,47.27272727272727,22.424242424242426,24.848484848484848,52.72727272727272,46.666666666666664,6.0606060606060606
E00028402,171,115,25,90,56,53,3,67.2514619883041,14.619883040935672,52.63157894736842,32.748538011695906,30.994152046783626,1.7543859649122806
E00028404,128,51,17,34,77,73,4,39.84375,13.28125,26.5625,60.15625,57.03125,3.125
E00028405,79,26,7,19,53,43,10,32.91139240506329,8.860759493670885,24.050632911392405,67.08860759493672,54.43037974683544,12.658227848101266
E00028408,146,64,14,50,82,71,11,43.83561643835616,9.58904109589041,34.24657534246575,56.16438356164384,48.63013698630137,7.534246575342466
E00028410,93,46,8,38,47,44,3,49.46236559139785,8.60215053763441,40.86021505376344,50.53763440860215,47.31182795698925,3.225806451612903
E00028411,169,106,19,87,63,60,3,62.721893491124256,11.242603550295858,51.4792899408284,37.278106508875744,35.50295857988166,1.7751479289940828
E00028412,57,24,15,9,33,29,4,42.10526315789473,26.31578947368421,15.789473684210526,57.89473684210527,50.877192982456144,7.017543859649122
E00028413,55,28,2,26,27,22,5,50.90909090909091,3.6363636363636362,47.27272727272727,49.09090909090909,40,9.090909090909092
E00028415,93,47,14,33,46,42,4,50.53763440860215,15.053763440860216,35.483870967741936,49.46236559139785,45.16129032258064,4.301075268817205
E00028417,144,60,15,45,84,75,9,41.66666666666667,10.416666666666668,31.25,58.333333333333336,52.083333333333336,6.25
E00028418,84,36,8,28,48,41,7,42.857142857142854,9.523809523809524,33.33333333333333,57.14285714285714,48.80952380952381,8.333333333333332
E00028419,174,67,23,44,107,99,8,38.50574712643678,13.218390804597702,25.287356321839084,61.49425287356321,56.896551724137936,4.597701149425287
E00028420,112,51,13,38,61,56,5,45.535714285714285,11.607142857142858,33.92857142857143,54.46428571428571,50,4.464285714285714
E00028421,153,56,24,32,97,82,15,36.60130718954248,15.686274509803921,20.915032679738562,63.39869281045751,53.59477124183007,9.803921568627452
E00028422,85,40,14,26,45,41,4,47.05882352941176,16.470588235294116,30.58823529411765,52.94117647058824,48.23529411764706,4.705882352941177
E00028425,145,33,9,24,112,95,17,22.758620689655174,6.206896551724138,16.551724137931036,77.24137931034483,65.51724137931035,11.724137931034482
E00028426,140,43,12,31,97,83,14,30.714285714285715,8.571428571428571,22.142857142857142,69.28571428571428,59.285714285714285,10
E00028427,141,36,13,23,105,92,13,25.53191489361702,9.219858156028367,16.312056737588655,74.46808510638297,65.24822695035462,9.219858156028367
E00028429,170,38,12,26,132,110,22,22.35294117647059,7.0588235294117645,15.294117647058824,77.64705882352942,64.70588235294117,12.941176470588237
E00028430,135,39,12,27,96,87,9,28.888888888888886,8.88888888888889,20,71.11111111111111,64.44444444444444,6.666666666666667
E00028431,141,38,11,27,103,92,11,26.95035460992908,7.801418439716312,19.148936170212767,73.04964539007092,65.24822695035462,7.801418439716312
E00028433,45,14,7,7,31,26,5,31.11111111111111,15.555555555555555,15.555555555555555,68.88888888888889,57.77777777777777,11.11111111111111
E00028434,127,35,12,23,92,81,11,27.559055118110237,9.448818897637794,18.11023622047244,72.44094488188976,63.77952755905512,8.661417322834646
E00028435,126,22,6,16,104,89,15,17.46031746031746,4.761904761904762,12.698412698412698,82.53968253968253,70.63492063492063,11.904761904761903
E00028436,28,14,0,14,14,14,0,50,0,50,50,50,0
E00028437,116,41,13,28,75,68,7,35.3448275862069,11.206896551724139,24.137931034482758,64.65517241379311,58.620689655172406,6.0344827586206895
E00028438,156,36,17,19,120,104,16,23.076923076923077,10.897435897435898,12.179487179487179,76.92307692307693,66.66666666666666,10.256410256410255
E00028439,185,48,15,33,137,125,12,25.945945945945947,8.108108108108109,17.83783783783784,74.05405405405405,67.56756756756756,6.486486486486487
E00028440,155,36,13,23,119,97,22,23.225806451612904,8.38709677419355,14.838709677419354,76.77419354838709,62.58064516129033,14.193548387096774
E00028441,140,38,7,31,102,92,10,27.142857142857142,5,22.142857142857142,72.85714285714285,65.71428571428571,7.142857142857142
E00028442,161,55,16,39,106,95,11,34.161490683229815,9.937888198757763,24.22360248447205,65.83850931677019,59.006211180124225,6.832298136645963
E00028443,217,50,15,35,167,153,14,23.04147465437788,6.912442396313365,16.129032258064516,76.95852534562212,70.50691244239631,6.451612903225806
E00028444,124,22,3,19,102,94,8,17.741935483870968,2.4193548387096775,15.32258064516129,82.25806451612904,75.80645161290323,6.451612903225806
E00028445,125,32,8,24,93,85,8,25.6,6.4,19.2,74.4,68,6.4
E00028446,65,18,4,14,47,38,9,27.692307692307693,6.153846153846154,21.53846153846154,72.3076923076923,58.46153846153847,13.846153846153847
E00028447,139,38,10,28,101,88,13,27.33812949640288,7.1942446043165464,20.14388489208633,72.66187050359713,63.30935251798561,9.352517985611511
E00028448,117,29,12,17,88,81,7,24.786324786324787,10.256410256410255,14.529914529914532,75.21367521367522,69.23076923076923,5.982905982905983
E00028449,94,29,11,18,65,59,6,30.851063829787233,11.702127659574469,19.148936170212767,69.14893617021278,62.76595744680851,6.382978723404255
E00028450,149,42,13,29,107,94,13,28.187919463087248,8.724832214765101,19.463087248322147,71.81208053691275,63.08724832214765,8.724832214765101
E00028451,108,25,12,13,83,77,6,23.14814814814815,11.11111111111111,12.037037037037036,76.85185185185185,71.29629629629629,5.555555555555555
E00028452,151,47,15,32,104,91,13,31.125827814569533,9.933774834437086,21.192052980132452,68.87417218543047,60.264900662251655,8.609271523178808
E00028453,137,35,11,24,102,95,7,25.547445255474454,8.02919708029197,17.51824817518248,74.45255474452554,69.34306569343066,5.109489051094891
E00028454,146,42,13,29,104,96,8,28.767123287671232,8.904109589041095,19.863013698630137,71.23287671232876,65.75342465753424,5.47945205479452
E00028455,151,30,10,20,121,109,12,19.867549668874172,6.622516556291391,13.245033112582782,80.13245033112582,72.18543046357617,7.9470198675496695
E00028456,159,26,10,16,133,117,16,16.352201257861633,6.289308176100629,10.062893081761008,83.64779874213836,73.58490566037736,10.062893081761008
E00028457,199,57,16,41,142,130,12,28.643216080402013,8.040201005025125,20.603015075376884,71.35678391959799,65.32663316582915,6.030150753768844
E00028458,177,49,21,28,128,113,15,27.683615819209038,11.864406779661017,15.819209039548024,72.31638418079096,63.84180790960452,8.47457627118644
E00028459,137,61,20,41,76,69,7,44.52554744525548,14.5985401459854,29.927007299270077,55.47445255474452,50.36496350364964,5.109489051094891
E00028460,117,32,11,21,85,80,5,27.350427350427353,9.401709401709402,17.94871794871795,72.64957264957265,68.37606837606837,4.273504273504273
E00028461,155,44,13,31,111,99,12,28.387096774193548,8.38709677419355,20,71.61290322580646,63.87096774193548,7.741935483870968
E00028462,132,43,17,26,89,78,11,32.57575757575758,12.878787878787879,19.696969696969695,67.42424242424242,59.09090909090909,8.333333333333332
E00028463,183,43,10,33,140,124,16,23.497267759562842,5.46448087431694,18.0327868852459,76.50273224043715,67.75956284153006,8.743169398907105
E00028464,191,45,13,32,146,129,17,23.56020942408377,6.806282722513089,16.75392670157068,76.43979057591623,67.5392670157068,8.900523560209423
E00028465,197,59,23,36,138,127,11,29.949238578680205,11.6751269035533,18.274111675126903,70.05076142131979,64.46700507614213,5.583756345177665
E00028466,154,45,17,28,109,94,15,29.22077922077922,11.03896103896104,18.181818181818183,70.77922077922078,61.038961038961034,9.740259740259742
E00028467,139,38,13,25,101,87,14,27.33812949640288,9.352517985611511,17.985611510791365,72.66187050359713,62.589928057553955,10.071942446043165
E00028468,155,24,6,18,131,114,17,15.483870967741936,3.870967741935484,11.612903225806452,84.51612903225806,73.54838709677419,10.967741935483872
E00028469,118,29,9,20,89,78,11,24.576271186440678,7.627118644067797,16.94915254237288,75.42372881355932,66.10169491525424,9.322033898305085
E00028470,181,42,13,29,139,127,12,23.204419889502763,7.18232044198895,16.022099447513813,76.79558011049724,70.1657458563536,6.629834254143646
E00028471,156,39,6,33,117,100,17,25,3.8461538461538463,21.153846153846153,75,64.1025641025641,10.897435897435898
E00028472,169,43,12,31,126,115,11,25.443786982248522,7.100591715976331,18.34319526627219,74.55621301775149,68.04733727810651,6.508875739644971
E00028473,135,25,2,23,110,101,9,18.51851851851852,1.4814814814814816,17.037037037037038,81.48148148148148,74.81481481481481,6.666666666666667
E00028474,145,36,6,30,109,103,6,24.82758620689655,4.137931034482759,20.689655172413794,75.17241379310344,71.03448275862068,4.137931034482759
E00028475,149,30,8,22,119,110,9,20.13422818791946,5.369127516778524,14.76510067114094,79.86577181208054,73.8255033557047,6.0402684563758395
E00028476,142,33,6,27,109,102,7,23.239436619718308,4.225352112676056,19.014084507042252,76.76056338028168,71.83098591549296,4.929577464788732
E00028477,111,22,5,17,89,81,8,19.81981981981982,4.504504504504505,15.315315315315313,80.18018018018019,72.97297297297297,7.207207207207207
E00028478,115,36,17,19,79,74,5,31.30434782608696,14.782608695652174,16.52173913043478,68.69565217391305,64.34782608695652,4.3478260869565215
E00028479,111,41,12,29,70,59,11,36.93693693693694,10.81081081081081,26.126126126126124,63.06306306306306,53.153153153153156,9.90990990990991
E00028480,190,43,10,33,147,131,16,22.63157894736842,5.263157894736842,17.36842105263158,77.36842105263158,68.94736842105263,8.421052631578947
E00028481,136,24,5,19,112,105,7,17.647058823529413,3.6764705882352944,13.970588235294118,82.35294117647058,77.20588235294117,5.147058823529411
E00028482,170,43,11,32,127,119,8,25.294117647058822,6.470588235294119,18.823529411764707,74.70588235294117,70,4.705882352941177
E00028483,185,48,16,32,137,128,9,25.945945945945947,8.64864864864865,17.2972972972973,74.05405405405405,69.1891891891892,4.864864864864865
E00028484,140,31,11,20,109,92,17,22.142857142857142,7.857142857142857,14.285714285714285,77.85714285714286,65.71428571428571,12.142857142857142
E00028485,137,26,7,19,111,105,6,18.97810218978102,5.109489051094891,13.86861313868613,81.02189781021897,76.64233576642336,4.37956204379562
E00028486,134,32,12,20,102,99,3,23.88059701492537,8.955223880597014,14.925373134328357,76.11940298507463,73.88059701492537,2.2388059701492535
E00028487,199,53,19,34,146,132,14,26.633165829145728,9.547738693467336,17.08542713567839,73.36683417085426,66.33165829145729,7.035175879396985
E00028488,220,62,18,44,158,142,16,28.18181818181818,8.181818181818182,20,71.81818181818181,64.54545454545455,7.2727272727272725
E00028489,158,32,7,25,126,119,7,20.253164556962027,4.430379746835443,15.822784810126583,79.74683544303798,75.31645569620254,4.430379746835443
E00028490,190,34,7,27,156,145,11,17.894736842105264,3.684210526315789,14.210526315789473,82.10526315789474,76.31578947368422,5.7894736842105265
E00028491,153,37,12,25,116,104,12,24.183006535947712,7.8431372549019605,16.33986928104575,75.81699346405229,67.97385620915033,7.8431372549019605
E00028492,153,36,15,21,117,107,10,23.52941176470588,9.803921568627452,13.725490196078432,76.47058823529412,69.93464052287581,6.535947712418301
E00028493,185,52,23,29,133,125,8,28.10810810810811,12.432432432432433,15.675675675675677,71.89189189189189,67.56756756756756,4.324324324324325
E00028494,154,50,18,32,104,87,17,32.467532467532465,11.688311688311687,20.77922077922078,67.53246753246754,56.493506493506494,11.03896103896104
E00028495,142,32,11,21,110,97,13,22.535211267605636,7.746478873239436,14.788732394366196,77.46478873239437,68.30985915492957,9.15492957746479
E00028496,94,19,6,13,75,68,7,20.212765957446805,6.382978723404255,13.829787234042554,79.7872340425532,72.3404255319149,7.446808510638298
E00028497,106,46,20,26,60,57,3,43.39622641509434,18.867924528301888,24.528301886792452,56.60377358490566,53.77358490566038,2.8301886792452833
E00028498,155,35,13,22,120,98,22,22.58064516129032,8.38709677419355,14.193548387096774,77.41935483870968,63.2258064516129,14.193548387096774
E00028499,165,43,18,25,122,110,12,26.060606060606062,10.909090909090908,15.151515151515152,73.93939393939394,66.66666666666666,7.2727272727272725
E00028500,137,38,9,29,99,90,9,27.73722627737226,6.569343065693431,21.16788321167883,72.26277372262774,65.69343065693431,6.569343065693431
E00028501,140,25,10,15,115,99,16,17.857142857142858,7.142857142857142,10.714285714285714,82.14285714285714,70.71428571428572,11.428571428571429
E00028502,111,28,10,18,83,70,13,25.225225225225223,9.00900900900901,16.216216216216218,74.77477477477478,63.06306306306306,11.711711711711711
E00028503,200,46,20,26,154,139,15,23,10,13,77,69.5,7.5
E00028504,160,43,11,32,117,112,5,26.875,6.875000000000001,20,73.125,70,3.125
E00028505,89,28,13,15,61,51,10,31.46067415730337,14.606741573033707,16.853932584269664,68.53932584269663,57.30337078651685,11.235955056179774
E00028506,110,31,8,23,79,72,7,28.18181818181818,7.2727272727272725,20.909090909090907,71.81818181818181,65.45454545454545,6.363636363636363
E00028507,145,34,5,29,111,99,12,23.448275862068964,3.4482758620689653,20,76.55172413793103,68.27586206896552,8.275862068965518
E00028508,199,35,13,22,164,136,28,17.587939698492463,6.532663316582915,11.055276381909549,82.41206030150754,68.34170854271356,14.07035175879397
E00028509,202,47,16,31,155,132,23,23.26732673267327,7.920792079207921,15.346534653465346,76.73267326732673,65.34653465346535,11.386138613861387
E00028510,138,34,9,25,104,93,11,24.637681159420293,6.521739130434782,18.115942028985508,75.36231884057972,67.3913043478261,7.971014492753622
E00028511,213,51,20,31,162,137,25,23.943661971830984,9.389671361502346,14.553990610328638,76.05633802816901,64.31924882629107,11.737089201877934
E00028512,124,29,11,18,95,89,6,23.387096774193548,8.870967741935484,14.516129032258066,76.61290322580645,71.7741935483871,4.838709677419355
E00028513,207,35,13,22,172,150,22,16.908212560386474,6.280193236714976,10.628019323671497,83.09178743961353,72.46376811594203,10.628019323671497
E00028514,179,40,10,30,139,125,14,22.3463687150838,5.58659217877095,16.75977653631285,77.6536312849162,69.83240223463687,7.82122905027933
E00028515,216,50,24,26,166,119,47,23.14814814814815,11.11111111111111,12.037037037037036,76.85185185185185,55.092592592592595,21.75925925925926
E00028516,141,31,8,23,110,100,10,21.98581560283688,5.673758865248227,16.312056737588655,78.01418439716312,70.92198581560284,7.092198581560284
E00028517,188,48,18,30,140,118,22,25.53191489361702,9.574468085106384,15.957446808510639,74.46808510638297,62.76595744680851,11.702127659574469
E00028518,234,53,19,34,181,150,31,22.64957264957265,8.11965811965812,14.529914529914532,77.35042735042735,64.1025641025641,13.247863247863249
E00028519,138,36,9,27,102,87,15,26.08695652173913,6.521739130434782,19.565217391304348,73.91304347826086,63.04347826086957,10.869565217391305
E00028520,109,28,8,20,81,72,9,25.688073394495415,7.339449541284404,18.34862385321101,74.31192660550458,66.05504587155964,8.256880733944955
E00028521,165,32,12,20,133,116,17,19.393939393939394,7.2727272727272725,12.121212121212121,80.60606060606061,70.3030303030303,10.303030303030303
E00028522,182,29,8,21,153,137,16,15.934065934065933,4.395604395604396,11.538461538461538,84.06593406593407,75.27472527472527,8.791208791208792
E00028523,179,34,10,24,145,127,18,18.994413407821227,5.58659217877095,13.40782122905028,81.00558659217877,70.94972067039106,10.05586592178771
E00028524,114,31,10,21,83,80,3,27.192982456140353,8.771929824561402,18.421052631578945,72.80701754385966,70.17543859649122,2.631578947368421
E00028525,293,56,13,43,237,207,30,19.112627986348123,4.436860068259386,14.675767918088736,80.88737201365188,70.64846416382252,10.238907849829351
E00028526,95,24,6,18,71,62,9,25.263157894736842,6.315789473684211,18.947368421052634,74.73684210526315,65.26315789473685,9.473684210526317
E00028527,45,18,4,14,27,24,3,40,8.88888888888889,31.11111111111111,60,53.333333333333336,6.666666666666667
E00028528,66,25,9,16,41,36,5,37.878787878787875,13.636363636363635,24.242424242424242,62.121212121212125,54.54545454545454,7.575757575757576
E00028529,37,11,3,8,26,24,2,29.72972972972973,8.108108108108109,21.62162162162162,70.27027027027027,64.86486486486487,5.405405405405405
E00028530,145,30,11,19,115,97,18,20.689655172413794,7.586206896551724,13.10344827586207,79.3103448275862,66.89655172413794,12.413793103448276
E00028531,172,37,5,32,135,122,13,21.511627906976745,2.9069767441860463,18.6046511627907,78.48837209302324,70.93023255813954,7.55813953488372
E00028532,83,23,11,12,60,60,0,27.710843373493976,13.253012048192772,14.457831325301203,72.28915662650603,72.28915662650603,0
E00028534,249,61,25,36,188,165,23,24.497991967871485,10.040160642570282,14.457831325301203,75.50200803212851,66.26506024096386,9.236947791164658
E00028535,153,67,24,43,86,80,6,43.790849673202615,15.686274509803921,28.104575163398692,56.209150326797385,52.28758169934641,3.9215686274509802
E00028536,146,40,11,29,106,98,8,27.397260273972602,7.534246575342466,19.863013698630137,72.6027397260274,67.12328767123287,5.47945205479452
E00028537,141,41,11,30,100,100,0,29.078014184397162,7.801418439716312,21.27659574468085,70.92198581560284,70.92198581560284,0
E00028539,159,46,9,37,113,107,6,28.930817610062892,5.660377358490567,23.270440251572328,71.0691823899371,67.29559748427673,3.7735849056603774
E00028540,146,41,18,23,105,95,10,28.08219178082192,12.32876712328767,15.753424657534246,71.91780821917808,65.06849315068493,6.8493150684931505
E00028541,130,34,9,25,96,88,8,26.153846153846157,6.923076923076923,19.230769230769234,73.84615384615385,67.6923076923077,6.153846153846154
E00028542,109,35,11,24,74,63,11,32.11009174311927,10.091743119266056,22.018348623853214,67.88990825688074,57.798165137614674,10.091743119266056
E00028543,209,52,12,40,157,141,16,24.880382775119617,5.741626794258373,19.138755980861244,75.11961722488039,67.46411483253588,7.655502392344498
E00028544,165,38,7,31,127,115,12,23.03030303030303,4.242424242424243,18.787878787878785,76.96969696969697,69.6969696969697,7.2727272727272725
E00028545,85,21,2,19,64,57,7,24.705882352941178,2.3529411764705883,22.35294117647059,75.29411764705883,67.05882352941175,8.235294117647058
E00028546,134,28,11,17,106,88,18,20.8955223880597,8.208955223880597,12.686567164179104,79.1044776119403,65.67164179104478,13.432835820895523
E00028547,105,49,14,35,56,49,7,46.666666666666664,13.333333333333334,33.33333333333333,53.333333333333336,46.666666666666664,6.666666666666667
E00028548,130,34,10,24,96,82,14,26.153846153846157,7.6923076923076925,18.461538461538463,73.84615384615385,63.07692307692307,10.76923076923077
E00028549,156,45,8,37,111,94,17,28.846153846153843,5.128205128205128,23.717948717948715,71.15384615384616,60.256410256410255,10.897435897435898
E00028550,80,37,8,29,43,37,6,46.25,10,36.25,53.75,46.25,7.5
E00028551,196,49,14,35,147,134,13,25,7.142857142857142,17.857142857142858,75,68.36734693877551,6.63265306122449
E00028552,89,32,5,27,57,52,5,35.95505617977528,5.617977528089887,30.337078651685395,64.04494382022472,58.42696629213483,5.617977528089887
E00028553,117,35,11,24,82,71,11,29.914529914529915,9.401709401709402,20.51282051282051,70.08547008547008,60.68376068376068,9.401709401709402
E00028554,73,18,5,13,55,49,6,24.65753424657534,6.8493150684931505,17.80821917808219,75.34246575342466,67.12328767123287,8.21917808219178
E00028555,133,32,10,22,101,89,12,24.06015037593985,7.518796992481203,16.541353383458645,75.93984962406014,66.9172932330827,9.022556390977442
E00028556,98,33,3,30,65,57,8,33.6734693877551,3.061224489795918,30.612244897959183,66.3265306122449,58.16326530612245,8.16326530612245
E00028557,111,30,14,16,81,72,9,27.027027027027028,12.612612612612612,14.414414414414415,72.97297297297297,64.86486486486487,8.108108108108109
E00028558,116,33,8,25,83,69,14,28.448275862068968,6.896551724137931,21.551724137931032,71.55172413793103,59.48275862068966,12.068965517241379
E00028559,65,18,4,14,47,40,7,27.692307692307693,6.153846153846154,21.53846153846154,72.3076923076923,61.53846153846154,10.76923076923077
E00028560,161,43,14,29,118,104,14,26.70807453416149,8.695652173913043,18.012422360248447,73.29192546583852,64.59627329192547,8.695652173913043
E00028561,110,21,7,14,89,77,12,19.090909090909093,6.363636363636363,12.727272727272727,80.9090909090909,70,10.909090909090908
E00028562,83,21,9,12,62,57,5,25.301204819277107,10.843373493975903,14.457831325301203,74.69879518072288,68.67469879518072,6.024096385542169
E00028563,114,23,5,18,91,79,12,20.175438596491226,4.385964912280701,15.789473684210526,79.82456140350878,69.2982456140351,10.526315789473683
E00028564,190,55,12,43,135,122,13,28.947368421052634,6.315789473684211,22.63157894736842,71.05263157894737,64.21052631578948,6.842105263157896
E00028565,134,28,9,19,106,94,12,20.8955223880597,6.7164179104477615,14.17910447761194,79.1044776119403,70.1492537313433,8.955223880597014
E00028566,158,35,14,21,123,112,11,22.151898734177212,8.860759493670885,13.291139240506327,77.84810126582279,70.88607594936708,6.962025316455696
E00028567,157,42,17,25,115,106,9,26.751592356687897,10.828025477707007,15.92356687898089,73.24840764331209,67.51592356687898,5.7324840764331215
E00028568,158,41,12,29,117,109,8,25.949367088607595,7.59493670886076,18.354430379746837,74.0506329113924,68.9873417721519,5.063291139240507
E00028569,227,59,19,40,168,147,21,25.991189427312776,8.370044052863436,17.62114537444934,74.00881057268722,64.75770925110133,9.251101321585903
E00028570,153,40,17,23,113,93,20,26.143790849673206,11.11111111111111,15.032679738562091,73.8562091503268,60.78431372549019,13.071895424836603
E00028571,157,37,14,23,120,109,11,23.56687898089172,8.9171974522293,14.64968152866242,76.43312101910828,69.42675159235668,7.006369426751593
E00028572,135,54,14,40,81,75,6,40,10.37037037037037,29.629629629629626,60,55.55555555555556,4.444444444444445
E00028573,150,44,12,32,106,93,13,29.333333333333332,8,21.333333333333336,70.66666666666667,62,8.666666666666668
E00028575,142,52,16,36,90,81,9,36.61971830985916,11.267605633802818,25.352112676056336,63.38028169014085,57.04225352112676,6.338028169014084
E00028576,100,38,14,24,62,56,6,38,14.000000000000002,24,62,56.00000000000001,6
E00028577,184,89,35,54,95,75,20,48.369565217391305,19.021739130434785,29.347826086956523,51.63043478260869,40.76086956521739,10.869565217391305
E00028578,142,43,15,28,99,85,14,30.28169014084507,10.56338028169014,19.718309859154928,69.71830985915493,59.859154929577464,9.859154929577464
E00028579,181,45,13,32,136,121,15,24.861878453038674,7.18232044198895,17.67955801104972,75.13812154696133,66.85082872928176,8.287292817679557
E00028580,109,74,17,57,35,34,1,67.88990825688074,15.59633027522936,52.293577981651374,32.11009174311927,31.19266055045872,0.9174311926605505
E00028581,142,62,19,43,80,75,5,43.66197183098591,13.380281690140844,30.28169014084507,56.33802816901409,52.816901408450704,3.5211267605633805
E00028582,123,82,23,59,41,35,6,66.66666666666666,18.69918699186992,47.96747967479675,33.33333333333333,28.455284552845526,4.878048780487805
E00028584,133,38,13,25,95,89,6,28.57142857142857,9.774436090225564,18.796992481203006,71.42857142857143,66.9172932330827,4.511278195488721
E00028585,130,57,16,41,73,56,17,43.84615384615385,12.307692307692308,31.538461538461537,56.15384615384615,43.07692307692308,13.076923076923078
E00028587,154,88,17,71,66,57,9,57.14285714285714,11.03896103896104,46.103896103896105,42.857142857142854,37.01298701298701,5.844155844155844
E00028588,143,82,14,68,61,55,6,57.34265734265735,9.79020979020979,47.55244755244755,42.65734265734265,38.46153846153847,4.195804195804196
E00028590,189,70,23,47,119,108,11,37.03703703703704,12.16931216931217,24.867724867724867,62.96296296296296,57.14285714285714,5.82010582010582
E00028591,176,140,36,104,36,31,5,79.54545454545455,20.454545454545457,59.09090909090909,20.454545454545457,17.613636363636363,2.840909090909091
E00028592,86,26,11,15,60,57,3,30.23255813953488,12.790697674418606,17.441860465116278,69.76744186046511,66.27906976744185,3.488372093023256
E00028594,133,53,12,41,80,70,10,39.849624060150376,9.022556390977442,30.82706766917293,60.150375939849624,52.63157894736842,7.518796992481203
E00028595,107,38,15,23,69,53,16,35.51401869158878,14.018691588785046,21.49532710280374,64.48598130841121,49.532710280373834,14.953271028037381
E00028596,156,38,14,24,118,100,18,24.358974358974358,8.974358974358974,15.384615384615385,75.64102564102564,64.1025641025641,11.538461538461538
E00028597,164,59,23,36,105,91,14,35.97560975609756,14.02439024390244,21.951219512195124,64.02439024390245,55.487804878048784,8.536585365853659
E00028598,179,99,16,83,80,72,8,55.3072625698324,8.938547486033519,46.36871508379888,44.6927374301676,40.22346368715084,4.4692737430167595
E00028599,153,75,17,58,78,57,21,49.01960784313725,11.11111111111111,37.908496732026144,50.98039215686274,37.254901960784316,13.725490196078432
E00028600,127,58,15,43,69,63,6,45.66929133858268,11.811023622047244,33.85826771653544,54.330708661417326,49.60629921259843,4.724409448818897
E00028601,131,58,19,39,73,61,12,44.274809160305345,14.50381679389313,29.770992366412212,55.72519083969466,46.56488549618321,9.16030534351145
E00028602,169,90,38,52,79,66,13,53.25443786982249,22.485207100591715,30.76923076923077,46.74556213017752,39.053254437869825,7.6923076923076925
E00028603,114,47,19,28,67,54,13,41.228070175438596,16.666666666666664,24.561403508771928,58.77192982456141,47.368421052631575,11.403508771929824
E00028604,300,139,47,92,161,151,10,46.33333333333333,15.666666666666668,30.666666666666664,53.666666666666664,50.33333333333333,3.3333333333333335
E00028605,128,54,25,29,74,59,15,42.1875,19.53125,22.65625,57.8125,46.09375,11.71875
E00028606,141,60,25,35,81,65,16,42.5531914893617,17.73049645390071,24.822695035460992,57.446808510638306,46.09929078014184,11.347517730496454
E00028607,171,106,25,81,65,58,7,61.98830409356725,14.619883040935672,47.368421052631575,38.01169590643275,33.91812865497076,4.093567251461988
E00028608,137,71,31,40,66,55,11,51.82481751824818,22.62773722627737,29.1970802919708,48.175182481751825,40.14598540145985,8.02919708029197
E00028609,147,95,32,63,52,37,15,64.62585034013605,21.768707482993197,42.857142857142854,35.374149659863946,25.170068027210885,10.204081632653061
E00028610,76,38,13,25,38,34,4,50,17.105263157894736,32.89473684210527,50,44.73684210526316,5.263157894736842
E00028611,130,52,19,33,78,65,13,40,14.615384615384617,25.384615384615383,60,50,10
E00028612,144,52,15,37,92,80,12,36.11111111111111,10.416666666666668,25.694444444444443,63.888888888888886,55.55555555555556,8.333333333333332
E00028613,116,33,14,19,83,73,10,28.448275862068968,12.068965517241379,16.379310344827587,71.55172413793103,62.93103448275862,8.620689655172415
E00028616,67,21,9,12,46,41,5,31.343283582089555,13.432835820895523,17.91044776119403,68.65671641791045,61.19402985074627,7.462686567164178
E00028617,175,50,17,33,125,111,14,28.57142857142857,9.714285714285714,18.857142857142858,71.42857142857143,63.42857142857142,8
E00028620,103,38,19,19,65,65,0,36.89320388349515,18.446601941747574,18.446601941747574,63.10679611650486,63.10679611650486,0
E00028621,121,33,11,22,88,88,0,27.27272727272727,9.090909090909092,18.181818181818183,72.72727272727273,72.72727272727273,0
E00028622,223,60,17,43,163,146,17,26.905829596412556,7.623318385650224,19.282511210762333,73.09417040358744,65.47085201793722,7.623318385650224
E00028623,107,44,17,27,63,57,6,41.1214953271028,15.887850467289718,25.233644859813083,58.87850467289719,53.271028037383175,5.607476635514018
E00028624,179,50,22,28,129,111,18,27.932960893854748,12.290502793296088,15.64245810055866,72.06703910614524,62.01117318435754,10.05586592178771
E00028625,178,54,24,30,124,113,11,30.337078651685395,13.48314606741573,16.853932584269664,69.66292134831461,63.48314606741573,6.179775280898876
E00028626,98,47,16,31,51,48,3,47.95918367346938,16.3265306122449,31.63265306122449,52.04081632653062,48.97959183673469,3.061224489795918
E00028628,116,32,6,26,84,76,8,27.586206896551722,5.172413793103448,22.413793103448278,72.41379310344827,65.51724137931035,6.896551724137931
E00028629,108,47,16,31,61,54,7,43.51851851851852,14.814814814814813,28.703703703703702,56.481481481481474,50,6.481481481481481
E00028630,240,95,26,69,145,133,12,39.58333333333333,10.833333333333334,28.749999999999996,60.416666666666664,55.41666666666667,5
E00028631,170,52,18,34,118,111,7,30.58823529411765,10.588235294117647,20,69.41176470588235,65.29411764705883,4.117647058823529
E00028632,161,62,15,47,99,94,5,38.50931677018634,9.316770186335404,29.19254658385093,61.49068322981367,58.38509316770186,3.1055900621118013
E00028633,195,64,21,43,131,124,7,32.82051282051282,10.76923076923077,22.05128205128205,67.17948717948717,63.589743589743584,3.5897435897435894
E00028634,149,56,18,38,93,82,11,37.58389261744966,12.080536912751679,25.503355704697988,62.41610738255034,55.033557046979865,7.38255033557047
E00028638,106,27,17,10,79,67,12,25.471698113207548,16.037735849056602,9.433962264150944,74.52830188679245,63.20754716981132,11.320754716981133
E00028639,155,50,24,26,105,97,8,32.25806451612903,15.483870967741936,16.7741935483871,67.74193548387096,62.58064516129033,5.161290322580645
E00028640,77,31,9,22,46,40,6,40.25974025974026,11.688311688311687,28.57142857142857,59.74025974025974,51.94805194805194,7.792207792207792
E00028641,199,55,14,41,144,130,14,27.63819095477387,7.035175879396985,20.603015075376884,72.36180904522614,65.32663316582915,7.035175879396985
E00028642,132,38,11,27,94,79,15,28.78787878787879,8.333333333333332,20.454545454545457,71.21212121212122,59.84848484848485,11.363636363636363
E00028643,90,33,6,27,57,51,6,36.666666666666664,6.666666666666667,30,63.33333333333333,56.666666666666664,6.666666666666667
E00028644,152,58,17,41,94,85,9,38.15789473684211,11.18421052631579,26.973684210526315,61.8421052631579,55.92105263157895,5.921052631578947
E00028645,83,35,13,22,48,43,5,42.168674698795186,15.66265060240964,26.506024096385545,57.831325301204814,51.80722891566265,6.024096385542169
E00028646,89,34,8,26,55,44,11,38.20224719101123,8.98876404494382,29.213483146067414,61.79775280898876,49.43820224719101,12.359550561797752
E00028647,152,37,14,23,115,102,13,24.342105263157894,9.210526315789473,15.131578947368421,75.6578947368421,67.10526315789474,8.552631578947368
E00028648,196,53,15,38,143,132,11,27.040816326530614,7.653061224489796,19.387755102040817,72.95918367346938,67.3469387755102,5.612244897959184
E00028649,123,39,12,27,84,78,6,31.70731707317073,9.75609756097561,21.951219512195124,68.29268292682927,63.41463414634146,4.878048780487805
E00028650,106,36,9,27,70,59,11,33.9622641509434,8.49056603773585,25.471698113207548,66.0377358490566,55.660377358490564,10.377358490566039
E00028651,129,50,14,36,79,67,12,38.759689922480625,10.852713178294573,27.906976744186046,61.240310077519375,51.93798449612403,9.30232558139535
E00028652,104,38,16,22,66,59,7,36.53846153846153,15.384615384615385,21.153846153846153,63.46153846153846,56.730769230769226,6.730769230769231
E00028653,108,28,7,21,80,72,8,25.925925925925924,6.481481481481481,19.444444444444446,74.07407407407408,66.66666666666666,7.4074074074074066
E00028654,117,20,7,13,97,84,13,17.094017094017094,5.982905982905983,11.11111111111111,82.90598290598291,71.7948717948718,11.11111111111111
E00028655,120,49,25,24,71,63,8,40.833333333333336,20.833333333333336,20,59.166666666666664,52.5,6.666666666666667
E00028656,175,48,14,34,127,109,18,27.42857142857143,8,19.428571428571427,72.57142857142857,62.28571428571429,10.285714285714285
E00028657,151,36,8,28,115,104,11,23.841059602649008,5.298013245033113,18.543046357615893,76.15894039735099,68.87417218543047,7.28476821192053
E00028658,209,44,18,26,165,148,17,21.052631578947366,8.61244019138756,12.440191387559809,78.94736842105263,70.81339712918661,8.133971291866029
E00028659,118,47,12,35,71,64,7,39.83050847457627,10.16949152542373,29.66101694915254,60.16949152542372,54.23728813559322,5.932203389830509
E00028660,133,48,8,40,85,74,11,36.09022556390977,6.015037593984962,30.075187969924812,63.90977443609023,55.639097744360896,8.270676691729323
E00028661,126,59,14,45,67,59,8,46.82539682539682,11.11111111111111,35.714285714285715,53.17460317460318,46.82539682539682,6.349206349206349
E00028662,127,43,15,28,84,73,11,33.85826771653544,11.811023622047244,22.04724409448819,66.14173228346458,57.48031496062992,8.661417322834646
E00028663,115,48,14,34,67,60,7,41.73913043478261,12.173913043478262,29.565217391304348,58.26086956521739,52.17391304347826,6.086956521739131
E00028664,129,42,10,32,87,78,9,32.55813953488372,7.751937984496124,24.8062015503876,67.44186046511628,60.46511627906976,6.976744186046512
E00028665,151,55,18,37,96,87,9,36.423841059602644,11.920529801324504,24.503311258278146,63.576158940397356,57.615894039735096,5.960264900662252
E00028666,116,39,10,29,77,69,8,33.62068965517241,8.620689655172415,25,66.37931034482759,59.48275862068966,6.896551724137931
E00028667,148,56,20,36,92,88,4,37.83783783783784,13.513513513513514,24.324324324324326,62.16216216216216,59.45945945945946,2.7027027027027026
E00028668,113,40,12,28,73,65,8,35.39823008849557,10.619469026548673,24.778761061946902,64.60176991150442,57.52212389380531,7.079646017699115
E00028669,161,45,10,35,116,101,15,27.95031055900621,6.211180124223603,21.73913043478261,72.04968944099379,62.732919254658384,9.316770186335404
E00028670,100,31,10,21,69,61,8,31,10,21,69,61,8
E00028671,102,30,8,22,72,61,11,29.411764705882355,7.8431372549019605,21.568627450980394,70.58823529411765,59.80392156862745,10.784313725490197
E00028672,72,26,7,19,46,44,2,36.11111111111111,9.722222222222223,26.38888888888889,63.888888888888886,61.111111111111114,2.7777777777777777
E00028673,99,43,18,25,56,49,7,43.43434343434344,18.181818181818183,25.252525252525253,56.56565656565656,49.494949494949495,7.07070707070707
E00028674,51,27,4,23,24,23,1,52.94117647058824,7.8431372549019605,45.09803921568628,47.05882352941176,45.09803921568628,1.9607843137254901
E00028675,101,34,12,22,67,62,5,33.663366336633665,11.881188118811881,21.782178217821784,66.33663366336634,61.386138613861384,4.9504950495049505
E00028677,119,28,7,21,91,81,10,23.52941176470588,5.88235294117647,17.647058823529413,76.47058823529412,68.0672268907563,8.403361344537815
E00028681,181,59,18,41,122,118,4,32.59668508287293,9.94475138121547,22.65193370165746,67.40331491712708,65.19337016574586,2.209944751381215
E00028684,136,54,14,40,82,69,13,39.705882352941174,10.294117647058822,29.411764705882355,60.29411764705882,50.73529411764706,9.558823529411764
E00028686,112,37,13,24,75,65,10,33.035714285714285,11.607142857142858,21.428571428571427,66.96428571428571,58.03571428571429,8.928571428571429
E00028688,149,43,10,33,106,93,13,28.859060402684566,6.7114093959731544,22.14765100671141,71.14093959731544,62.41610738255034,8.724832214765101
E00028689,200,46,14,32,154,143,11,23,7.000000000000001,16,77,71.5,5.5
E00028690,158,39,14,25,119,113,6,24.68354430379747,8.860759493670885,15.822784810126583,75.31645569620254,71.51898734177216,3.79746835443038
E00028692,108,39,14,25,69,54,15,36.11111111111111,12.962962962962962,23.14814814814815,63.888888888888886,50,13.88888888888889
E00028693,144,43,11,32,101,87,14,29.86111111111111,7.638888888888889,22.22222222222222,70.13888888888889,60.416666666666664,9.722222222222223
E00028695,105,45,10,35,60,54,6,42.857142857142854,9.523809523809524,33.33333333333333,57.14285714285714,51.42857142857142,5.714285714285714
E00028696,147,72,22,50,75,72,3,48.97959183673469,14.965986394557824,34.01360544217687,51.02040816326531,48.97959183673469,2.0408163265306123
E00028697,167,65,23,42,102,91,11,38.92215568862276,13.77245508982036,25.149700598802394,61.07784431137725,54.49101796407185,6.58682634730539
E00028698,140,47,22,25,93,83,10,33.57142857142857,15.714285714285714,17.857142857142858,66.42857142857143,59.285714285714285,7.142857142857142
E00028699,113,43,10,33,70,63,7,38.05309734513274,8.849557522123893,29.20353982300885,61.94690265486725,55.75221238938053,6.1946902654867255
E00028701,93,27,7,20,66,59,7,29.03225806451613,7.526881720430108,21.50537634408602,70.96774193548387,63.44086021505376,7.526881720430108
E00028702,150,30,7,23,120,109,11,20,4.666666666666667,15.333333333333332,80,72.66666666666667,7.333333333333333
E00028703,115,40,17,23,75,70,5,34.78260869565217,14.782608695652174,20,65.21739130434783,60.86956521739131,4.3478260869565215
E00028704,107,25,9,16,82,76,6,23.364485981308412,8.411214953271028,14.953271028037381,76.63551401869158,71.02803738317756,5.607476635514018
E00028705,135,44,12,32,91,87,4,32.592592592592595,8.88888888888889,23.703703703703706,67.4074074074074,64.44444444444444,2.9629629629629632
E00028706,174,43,14,29,131,117,14,24.71264367816092,8.045977011494253,16.666666666666664,75.28735632183908,67.24137931034483,8.045977011494253
E00028707,154,33,9,24,121,103,18,21.428571428571427,5.844155844155844,15.584415584415584,78.57142857142857,66.88311688311688,11.688311688311687
E00028708,147,35,11,24,112,99,13,23.809523809523807,7.482993197278912,16.3265306122449,76.19047619047619,67.3469387755102,8.843537414965986
E00028709,96,22,7,15,74,67,7,22.916666666666664,7.291666666666667,15.625,77.08333333333334,69.79166666666666,7.291666666666667
E00028710,98,29,6,23,69,58,11,29.591836734693878,6.122448979591836,23.46938775510204,70.40816326530613,59.183673469387756,11.224489795918368
E00028711,184,50,16,34,134,121,13,27.173913043478258,8.695652173913043,18.478260869565215,72.82608695652173,65.76086956521739,7.065217391304348
E00028712,126,41,8,33,85,78,7,32.53968253968254,6.349206349206349,26.190476190476193,67.46031746031747,61.904761904761905,5.555555555555555
E00028713,145,47,9,38,98,89,9,32.41379310344827,6.206896551724138,26.20689655172414,67.58620689655173,61.37931034482759,6.206896551724138
E00028714,142,36,14,22,106,97,9,25.352112676056336,9.859154929577464,15.492957746478872,74.64788732394366,68.30985915492957,6.338028169014084
E00028715,134,51,11,40,83,75,8,38.059701492537314,8.208955223880597,29.850746268656714,61.940298507462686,55.970149253731336,5.970149253731343
E00028716,179,35,10,25,144,118,26,19.553072625698324,5.58659217877095,13.966480446927374,80.44692737430168,65.92178770949721,14.52513966480447
E00028717,146,53,12,41,93,87,6,36.3013698630137,8.21917808219178,28.08219178082192,63.6986301369863,59.589041095890416,4.10958904109589
E00028718,222,65,17,48,157,142,15,29.27927927927928,7.657657657657657,21.62162162162162,70.72072072072072,63.96396396396396,6.756756756756757
E00028719,164,51,7,44,113,101,12,31.097560975609756,4.2682926829268295,26.82926829268293,68.90243902439023,61.58536585365854,7.317073170731707
E00028720,150,47,18,29,103,91,12,31.333333333333336,12,19.333333333333332,68.66666666666667,60.66666666666667,8
E00028721,128,43,9,34,85,70,15,33.59375,7.03125,26.5625,66.40625,54.6875,11.71875
E00028722,123,43,12,31,80,73,7,34.959349593495936,9.75609756097561,25.203252032520325,65.04065040650406,59.34959349593496,5.691056910569105
E00028723,101,30,11,19,71,62,9,29.7029702970297,10.891089108910892,18.81188118811881,70.29702970297029,61.386138613861384,8.91089108910891
E00028724,112,37,11,26,75,66,9,33.035714285714285,9.821428571428571,23.214285714285715,66.96428571428571,58.92857142857143,8.035714285714286
E00028725,75,25,5,20,50,45,5,33.33333333333333,6.666666666666667,26.666666666666668,66.66666666666666,60,6.666666666666667
E00028726,148,32,7,25,116,101,15,21.62162162162162,4.72972972972973,16.89189189189189,78.37837837837837,68.24324324324324,10.135135135135135
E00028727,126,45,15,30,81,72,9,35.714285714285715,11.904761904761903,23.809523809523807,64.28571428571429,57.14285714285714,7.142857142857142
E00028728,171,38,15,23,133,125,8,22.22222222222222,8.771929824561402,13.450292397660817,77.77777777777779,73.09941520467837,4.678362573099415
E00028729,93,29,10,19,64,60,4,31.182795698924732,10.75268817204301,20.43010752688172,68.81720430107528,64.51612903225806,4.301075268817205
E00028730,144,31,13,18,113,98,15,21.52777777777778,9.027777777777777,12.5,78.47222222222221,68.05555555555556,10.416666666666668
E00028731,129,31,10,21,98,91,7,24.031007751937985,7.751937984496124,16.27906976744186,75.96899224806202,70.54263565891473,5.426356589147287
E00028732,152,46,15,31,106,96,10,30.263157894736842,9.868421052631579,20.394736842105264,69.73684210526315,63.1578947368421,6.578947368421052
E00028733,111,26,9,17,85,82,3,23.423423423423422,8.108108108108109,15.315315315315313,76.57657657657657,73.87387387387388,2.7027027027027026
E00028734,154,41,12,29,113,104,9,26.623376623376622,7.792207792207792,18.83116883116883,73.37662337662337,67.53246753246754,5.844155844155844
E00028735,134,29,7,22,105,93,12,21.641791044776117,5.223880597014925,16.417910447761194,78.35820895522389,69.40298507462687,8.955223880597014
E00028736,155,47,9,38,108,101,7,30.32258064516129,5.806451612903226,24.516129032258064,69.6774193548387,65.16129032258064,4.516129032258064
E00028737,136,34,11,23,102,91,11,25,8.088235294117647,16.911764705882355,75,66.91176470588235,8.088235294117647
E00028738,156,49,14,35,107,92,15,31.41025641025641,8.974358974358974,22.435897435897438,68.58974358974359,58.97435897435898,9.615384615384617
E00028739,140,38,12,26,102,88,14,27.142857142857142,8.571428571428571,18.571428571428573,72.85714285714285,62.857142857142854,10
E00028740,179,45,14,31,134,119,15,25.139664804469277,7.82122905027933,17.318435754189945,74.86033519553072,66.4804469273743,8.379888268156424
E00028741,117,28,9,19,89,76,13,23.931623931623932,7.6923076923076925,16.23931623931624,76.06837606837607,64.95726495726495,11.11111111111111
E00028742,135,33,13,20,102,97,5,24.444444444444443,9.62962962962963,14.814814814814813,75.55555555555556,71.85185185185186,3.7037037037037033
E00028743,121,37,13,24,84,75,9,30.57851239669421,10.743801652892563,19.834710743801654,69.42148760330579,61.98347107438017,7.43801652892562
E00028746,141,42,20,22,99,94,5,29.78723404255319,14.184397163120568,15.602836879432624,70.2127659574468,66.66666666666666,3.546099290780142
E00028747,156,46,11,35,110,101,9,29.48717948717949,7.051282051282051,22.435897435897438,70.51282051282051,64.74358974358975,5.769230769230769
E00028748,141,43,15,28,98,91,7,30.49645390070922,10.638297872340425,19.858156028368796,69.50354609929079,64.53900709219859,4.964539007092199
E00028749,94,25,8,17,69,61,8,26.595744680851062,8.51063829787234,18.085106382978726,73.40425531914893,64.8936170212766,8.51063829787234
E00028752,98,29,12,17,69,65,4,29.591836734693878,12.244897959183673,17.346938775510203,70.40816326530613,66.3265306122449,4.081632653061225
E00028753,150,113,67,46,37,33,4,75.33333333333333,44.666666666666664,30.666666666666664,24.666666666666668,22,2.666666666666667
E00028754,136,47,19,28,89,82,7,34.55882352941176,13.970588235294118,20.588235294117645,65.44117647058823,60.29411764705882,5.147058823529411
E00028755,145,52,13,39,93,85,8,35.86206896551724,8.96551724137931,26.89655172413793,64.13793103448275,58.620689655172406,5.517241379310345
E00028756,104,30,12,18,74,70,4,28.846153846153843,11.538461538461538,17.307692307692307,71.15384615384616,67.3076923076923,3.8461538461538463
E00028757,48,18,9,9,30,29,1,37.5,18.75,18.75,62.5,60.416666666666664,2.083333333333333
E00028758,27,9,3,6,18,15,3,33.33333333333333,11.11111111111111,22.22222222222222,66.66666666666666,55.55555555555556,11.11111111111111
E00028759,143,66,31,35,77,69,8,46.15384615384615,21.678321678321677,24.475524475524477,53.84615384615385,48.25174825174825,5.594405594405594
E00028760,159,65,26,39,94,81,13,40.88050314465409,16.352201257861633,24.528301886792452,59.11949685534591,50.943396226415096,8.176100628930817
E00028761,44,18,10,8,26,21,5,40.909090909090914,22.727272727272727,18.181818181818183,59.09090909090909,47.72727272727273,11.363636363636363
E00028762,50,10,6,4,40,39,1,20,12,8,80,78,2
E00028763,45,14,6,8,31,30,1,31.11111111111111,13.333333333333334,17.77777777777778,68.88888888888889,66.66666666666666,2.2222222222222223
E00028764,71,29,12,17,42,41,1,40.845070422535215,16.901408450704224,23.943661971830984,59.154929577464785,57.74647887323944,1.4084507042253522
E00028765,145,50,21,29,95,83,12,34.48275862068966,14.482758620689657,20,65.51724137931035,57.24137931034483,8.275862068965518
E00028766,55,11,7,4,44,42,2,20,12.727272727272727,7.2727272727272725,80,76.36363636363637,3.6363636363636362
E00028769,82,20,5,15,62,54,8,24.390243902439025,6.097560975609756,18.29268292682927,75.60975609756098,65.85365853658537,9.75609756097561
E00028770,81,33,11,22,48,47,1,40.74074074074074,13.580246913580247,27.160493827160494,59.25925925925925,58.0246913580247,1.2345679012345678
E00028772,303,80,18,62,223,193,30,26.4026402640264,5.9405940594059405,20.462046204620464,73.5973597359736,63.6963696369637,9.900990099009901
E00028773,75,37,9,28,38,35,3,49.333333333333336,12,37.333333333333336,50.66666666666667,46.666666666666664,4
E00028776,107,41,22,19,66,60,6,38.31775700934579,20.5607476635514,17.75700934579439,61.6822429906542,56.074766355140184,5.607476635514018
E00028777,125,58,22,36,67,62,5,46.400000000000006,17.599999999999998,28.799999999999997,53.6,49.6,4
E00028778,133,56,18,38,77,71,6,42.10526315789473,13.533834586466165,28.57142857142857,57.89473684210527,53.383458646616546,4.511278195488721
E00028780,144,64,40,24,80,66,14,44.44444444444444,27.77777777777778,16.666666666666664,55.55555555555556,45.83333333333333,9.722222222222223
E00028781,77,35,8,27,42,38,4,45.45454545454545,10.38961038961039,35.064935064935064,54.54545454545454,49.35064935064935,5.194805194805195
E00028783,96,55,29,26,41,38,3,57.291666666666664,30.208333333333332,27.083333333333332,42.70833333333333,39.58333333333333,3.125
E00028784,126,28,7,21,98,84,14,22.22222222222222,5.555555555555555,16.666666666666664,77.77777777777779,66.66666666666666,11.11111111111111
E00028785,134,36,11,25,98,94,4,26.865671641791046,8.208955223880597,18.65671641791045,73.13432835820896,70.1492537313433,2.9850746268656714
E00028786,99,28,9,19,71,67,4,28.28282828282828,9.090909090909092,19.19191919191919,71.71717171717171,67.67676767676768,4.040404040404041
E00028787,121,24,7,17,97,88,9,19.834710743801654,5.785123966942149,14.049586776859504,80.16528925619835,72.72727272727273,7.43801652892562
E00028788,111,31,11,20,80,75,5,27.927927927927925,9.90990990990991,18.01801801801802,72.07207207207207,67.56756756756756,4.504504504504505
E00028789,118,36,9,27,82,72,10,30.508474576271187,7.627118644067797,22.88135593220339,69.49152542372882,61.016949152542374,8.47457627118644
E00028790,135,39,15,24,96,88,8,28.888888888888886,11.11111111111111,17.77777777777778,71.11111111111111,65.18518518518519,5.9259259259259265
E00028791,176,54,11,43,122,108,14,30.681818181818183,6.25,24.431818181818183,69.31818181818183,61.36363636363637,7.954545454545454
E00028792,89,20,5,15,69,59,10,22.47191011235955,5.617977528089887,16.853932584269664,77.52808988764045,66.29213483146067,11.235955056179774
E00028793,59,22,11,11,37,35,2,37.28813559322034,18.64406779661017,18.64406779661017,62.71186440677966,59.32203389830508,3.389830508474576
E00028794,171,50,8,42,121,105,16,29.239766081871345,4.678362573099415,24.561403508771928,70.76023391812866,61.40350877192983,9.35672514619883
E00028795,252,67,25,42,185,166,19,26.58730158730159,9.920634920634921,16.666666666666664,73.4126984126984,65.87301587301587,7.5396825396825395
E00028796,139,31,10,21,108,99,9,22.302158273381295,7.1942446043165464,15.107913669064748,77.6978417266187,71.22302158273382,6.474820143884892
E00028797,121,24,6,18,97,91,6,19.834710743801654,4.958677685950414,14.87603305785124,80.16528925619835,75.20661157024794,4.958677685950414
E00028798,198,56,17,39,142,129,13,28.28282828282828,8.585858585858585,19.696969696969695,71.71717171717171,65.15151515151516,6.565656565656567
E00028799,158,40,15,25,118,111,7,25.31645569620253,9.49367088607595,15.822784810126583,74.68354430379746,70.25316455696202,4.430379746835443
E00028800,158,36,14,22,122,111,11,22.78481012658228,8.860759493670885,13.924050632911392,77.21518987341773,70.25316455696202,6.962025316455696
E00028801,106,43,22,21,63,55,8,40.56603773584906,20.754716981132077,19.81132075471698,59.43396226415094,51.886792452830186,7.547169811320755
E00028802,181,42,10,32,139,131,8,23.204419889502763,5.524861878453039,17.67955801104972,76.79558011049724,72.37569060773481,4.41988950276243
E00028803,101,25,10,15,76,65,11,24.752475247524753,9.900990099009901,14.85148514851485,75.24752475247524,64.35643564356435,10.891089108910892
E00028804,126,34,14,20,92,84,8,26.984126984126984,11.11111111111111,15.873015873015872,73.01587301587301,66.66666666666666,6.349206349206349
E00028805,108,35,6,29,73,72,1,32.407407407407405,5.555555555555555,26.851851851851855,67.5925925925926,66.66666666666666,0.9259259259259258
E00028806,116,23,6,17,93,81,12,19.82758620689655,5.172413793103448,14.655172413793101,80.17241379310344,69.82758620689656,10.344827586206897
E00028807,149,48,13,35,101,84,17,32.21476510067114,8.724832214765101,23.48993288590604,67.78523489932886,56.375838926174495,11.409395973154362
E00028808,203,38,17,21,165,151,14,18.7192118226601,8.374384236453201,10.344827586206897,81.2807881773399,74.38423645320196,6.896551724137931
E00028809,142,40,19,21,102,90,12,28.169014084507044,13.380281690140844,14.788732394366196,71.83098591549296,63.38028169014085,8.450704225352112
E00028810,118,36,9,27,82,79,3,30.508474576271187,7.627118644067797,22.88135593220339,69.49152542372882,66.94915254237289,2.5423728813559325
E00028811,75,21,5,16,54,44,10,28.000000000000004,6.666666666666667,21.333333333333336,72,58.666666666666664,13.333333333333334
E00028812,103,25,11,14,78,74,4,24.271844660194176,10.679611650485436,13.592233009708737,75.72815533980582,71.84466019417476,3.8834951456310676
E00028813,104,31,12,19,73,65,8,29.807692307692307,11.538461538461538,18.269230769230766,70.1923076923077,62.5,7.6923076923076925
E00028814,101,38,16,22,63,58,5,37.62376237623762,15.841584158415841,21.782178217821784,62.37623762376238,57.42574257425742,4.9504950495049505
E00028815,113,31,6,25,82,76,6,27.43362831858407,5.3097345132743365,22.123893805309734,72.56637168141593,67.2566371681416,5.3097345132743365
E00028816,259,65,24,41,194,170,24,25.096525096525095,9.266409266409266,15.83011583011583,74.9034749034749,65.63706563706563,9.266409266409266
E00028817,125,22,8,14,103,89,14,17.599999999999998,6.4,11.200000000000001,82.39999999999999,71.2,11.200000000000001
E00028818,138,26,7,19,112,101,11,18.84057971014493,5.072463768115942,13.768115942028986,81.15942028985508,73.18840579710145,7.971014492753622
E00028819,130,36,12,24,94,86,8,27.692307692307693,9.230769230769232,18.461538461538463,72.3076923076923,66.15384615384615,6.153846153846154
E00028820,145,39,9,30,106,98,8,26.89655172413793,6.206896551724138,20.689655172413794,73.10344827586206,67.58620689655173,5.517241379310345
E00028821,141,47,16,31,94,89,5,33.33333333333333,11.347517730496454,21.98581560283688,66.66666666666666,63.12056737588653,3.546099290780142
E00028822,167,36,20,16,131,117,14,21.55688622754491,11.976047904191617,9.580838323353294,78.44311377245509,70.05988023952095,8.383233532934131
E00028823,95,30,2,28,65,62,3,31.57894736842105,2.1052631578947367,29.47368421052631,68.42105263157895,65.26315789473685,3.1578947368421053
E00028824,129,32,14,18,97,85,12,24.8062015503876,10.852713178294573,13.953488372093023,75.1937984496124,65.89147286821705,9.30232558139535
E00028825,111,30,8,22,81,75,6,27.027027027027028,7.207207207207207,19.81981981981982,72.97297297297297,67.56756756756756,5.405405405405405
E00028826,267,66,15,51,201,186,15,24.719101123595504,5.617977528089887,19.101123595505616,75.28089887640449,69.66292134831461,5.617977528089887
E00028827,148,37,13,24,111,97,14,25,8.783783783783784,16.216216216216218,75,65.54054054054053,9.45945945945946
E00028828,134,45,10,35,89,83,6,33.582089552238806,7.462686567164178,26.119402985074625,66.4179104477612,61.940298507462686,4.477611940298507
E00028829,243,63,11,52,180,161,19,25.925925925925924,4.526748971193416,21.39917695473251,74.07407407407408,66.2551440329218,7.818930041152264
E00028830,132,35,10,25,97,89,8,26.515151515151516,7.575757575757576,18.939393939393938,73.48484848484848,67.42424242424242,6.0606060606060606
E00028831,102,31,8,23,71,62,9,30.392156862745097,7.8431372549019605,22.54901960784314,69.6078431372549,60.78431372549019,8.823529411764707
E00028832,141,32,6,26,109,100,9,22.69503546099291,4.25531914893617,18.439716312056735,77.30496453900709,70.92198581560284,6.382978723404255
E00028833,116,17,1,16,99,88,11,14.655172413793101,0.8620689655172413,13.793103448275861,85.34482758620689,75.86206896551724,9.482758620689655
E00028834,227,55,16,39,172,150,22,24.229074889867842,7.048458149779736,17.180616740088105,75.77092511013215,66.07929515418502,9.691629955947137
E00028835,71,23,8,15,48,42,6,32.3943661971831,11.267605633802818,21.12676056338028,67.6056338028169,59.154929577464785,8.450704225352112
E00028836,65,13,1,12,52,49,3,20,1.5384615384615385,18.461538461538463,80,75.38461538461539,4.615384615384616
E00028837,153,38,16,22,115,104,11,24.836601307189543,10.457516339869281,14.37908496732026,75.16339869281046,67.97385620915033,7.18954248366013
E00028838,222,57,20,37,165,144,21,25.675675675675674,9.00900900900901,16.666666666666664,74.32432432432432,64.86486486486487,9.45945945945946
E00028839,143,37,15,22,106,93,13,25.874125874125873,10.48951048951049,15.384615384615385,74.12587412587412,65.03496503496503,9.090909090909092
E00028840,169,38,10,28,131,111,20,22.485207100591715,5.9171597633136095,16.56804733727811,77.51479289940828,65.68047337278107,11.834319526627219
E00028841,125,29,7,22,96,91,5,23.200000000000003,5.6000000000000005,17.599999999999998,76.8,72.8,4
E00028842,131,33,6,27,98,87,11,25.190839694656486,4.580152671755725,20.610687022900763,74.80916030534351,66.41221374045801,8.396946564885496
E00028843,193,46,15,31,147,132,15,23.83419689119171,7.772020725388601,16.06217616580311,76.16580310880829,68.39378238341969,7.772020725388601
E00028844,194,34,10,24,160,131,29,17.525773195876287,5.154639175257731,12.371134020618557,82.4742268041237,67.5257731958763,14.948453608247423
E00028845,205,53,19,34,152,131,21,25.853658536585368,9.268292682926829,16.585365853658537,74.14634146341463,63.90243902439025,10.24390243902439
E00028846,129,40,16,24,89,76,13,31.007751937984494,12.4031007751938,18.6046511627907,68.9922480620155,58.91472868217055,10.077519379844961
E00028847,180,52,15,37,128,116,12,28.888888888888886,8.333333333333332,20.555555555555554,71.11111111111111,64.44444444444444,6.666666666666667
E00028848,132,27,8,19,105,98,7,20.454545454545457,6.0606060606060606,14.393939393939394,79.54545454545455,74.24242424242425,5.303030303030303
E00028849,137,47,11,36,90,83,7,34.306569343065696,8.02919708029197,26.277372262773724,65.69343065693431,60.58394160583942,5.109489051094891
E00028850,156,44,15,29,112,97,15,28.205128205128204,9.615384615384617,18.58974358974359,71.7948717948718,62.17948717948718,9.615384615384617
E00028851,164,57,21,36,107,96,11,34.756097560975604,12.804878048780488,21.951219512195124,65.2439024390244,58.536585365853654,6.707317073170732
E00028852,159,34,13,21,125,110,15,21.38364779874214,8.176100628930817,13.20754716981132,78.61635220125787,69.18238993710692,9.433962264150944
E00028853,129,36,13,23,93,77,16,27.906976744186046,10.077519379844961,17.829457364341085,72.09302325581395,59.68992248062015,12.4031007751938
E00028854,140,35,11,24,105,89,16,25,7.857142857142857,17.142857142857142,75,63.57142857142857,11.428571428571429
E00028855,186,48,18,30,138,120,18,25.806451612903224,9.67741935483871,16.129032258064516,74.19354838709677,64.51612903225806,9.67741935483871
E00028856,133,36,14,22,97,84,13,27.06766917293233,10.526315789473683,16.541353383458645,72.93233082706767,63.1578947368421,9.774436090225564
E00028857,276,46,15,31,230,202,28,16.666666666666664,5.434782608695652,11.231884057971014,83.33333333333334,73.18840579710145,10.144927536231885
E00028858,177,55,16,39,122,89,33,31.07344632768362,9.03954802259887,22.033898305084744,68.92655367231639,50.282485875706215,18.64406779661017
E00028859,202,45,14,31,157,142,15,22.277227722772277,6.9306930693069315,15.346534653465346,77.72277227722772,70.29702970297029,7.425742574257425
E00028860,176,48,18,30,128,113,15,27.27272727272727,10.227272727272728,17.045454545454543,72.72727272727273,64.20454545454545,8.522727272727272
E00028861,180,52,17,35,128,114,14,28.888888888888886,9.444444444444445,19.444444444444446,71.11111111111111,63.33333333333333,7.777777777777778
E00028862,163,47,17,30,116,102,14,28.834355828220858,10.429447852760736,18.404907975460123,71.16564417177914,62.57668711656442,8.588957055214724
E00028863,139,40,9,31,99,79,20,28.776978417266186,6.474820143884892,22.302158273381295,71.22302158273382,56.83453237410072,14.388489208633093
E00028864,143,29,12,17,114,98,16,20.27972027972028,8.391608391608392,11.888111888111888,79.72027972027972,68.53146853146853,11.188811188811188
E00028865,121,33,6,27,88,80,8,27.27272727272727,4.958677685950414,22.31404958677686,72.72727272727273,66.11570247933885,6.6115702479338845
E00028866,124,38,10,28,86,79,7,30.64516129032258,8.064516129032258,22.58064516129032,69.35483870967742,63.70967741935484,5.64516129032258
E00028867,99,37,12,25,62,58,4,37.37373737373738,12.121212121212121,25.252525252525253,62.62626262626263,58.58585858585859,4.040404040404041
E00028868,174,56,21,35,118,104,14,32.18390804597701,12.068965517241379,20.114942528735632,67.81609195402298,59.77011494252874,8.045977011494253
E00028869,100,33,8,25,67,59,8,33,8,25,67,59,8
E00028870,109,24,1,23,85,69,16,22.018348623853214,0.9174311926605505,21.100917431192663,77.98165137614679,63.30275229357798,14.678899082568808
E00028871,88,34,17,17,54,45,9,38.63636363636363,19.318181818181817,19.318181818181817,61.36363636363637,51.13636363636363,10.227272727272728
E00028872,108,25,8,17,83,62,21,23.14814814814815,7.4074074074074066,15.74074074074074,76.85185185185185,57.407407407407405,19.444444444444446
E00028873,112,27,5,22,85,76,9,24.107142857142858,4.464285714285714,19.642857142857142,75.89285714285714,67.85714285714286,8.035714285714286
E00028874,74,22,4,18,52,48,4,29.72972972972973,5.405405405405405,24.324324324324326,70.27027027027027,64.86486486486487,5.405405405405405
E00028875,165,50,15,35,115,102,13,30.303030303030305,9.090909090909092,21.21212121212121,69.6969696969697,61.81818181818181,7.878787878787878
E00028876,103,27,9,18,76,68,8,26.21359223300971,8.737864077669903,17.475728155339805,73.7864077669903,66.01941747572816,7.766990291262135
E00028877,127,36,13,23,91,82,9,28.346456692913385,10.236220472440944,18.11023622047244,71.65354330708661,64.56692913385827,7.086614173228346
E00028878,95,26,11,15,69,61,8,27.368421052631582,11.578947368421053,15.789473684210526,72.63157894736842,64.21052631578948,8.421052631578947
E00028880,100,28,8,20,72,66,6,28.000000000000004,8,20,72,66,6
E00028881,196,45,10,35,151,138,13,22.95918367346939,5.1020408163265305,17.857142857142858,77.04081632653062,70.40816326530613,6.63265306122449
E00028882,116,32,12,20,84,66,18,27.586206896551722,10.344827586206897,17.24137931034483,72.41379310344827,56.896551724137936,15.517241379310345
E00028883,113,27,6,21,86,78,8,23.893805309734514,5.3097345132743365,18.58407079646018,76.10619469026548,69.02654867256636,7.079646017699115
E00028884,206,42,11,31,164,146,18,20.388349514563107,5.339805825242718,15.048543689320388,79.6116504854369,70.87378640776699,8.737864077669903
E00028885,107,26,6,20,81,72,9,24.299065420560748,5.607476635514018,18.69158878504673,75.70093457943925,67.28971962616822,8.411214953271028
E00028886,105,30,13,17,75,68,7,28.57142857142857,12.380952380952381,16.19047619047619,71.42857142857143,64.76190476190476,6.666666666666667
E00028888,117,31,6,25,86,76,10,26.495726495726498,5.128205128205128,21.367521367521366,73.50427350427351,64.95726495726495,8.547008547008547
E00028889,117,36,14,22,81,74,7,30.76923076923077,11.965811965811966,18.803418803418804,69.23076923076923,63.24786324786324,5.982905982905983
E00028890,103,31,12,19,72,65,7,30.097087378640776,11.650485436893204,18.446601941747574,69.90291262135922,63.10679611650486,6.796116504854369
E00028891,119,32,7,25,87,77,10,26.89075630252101,5.88235294117647,21.008403361344538,73.10924369747899,64.70588235294117,8.403361344537815
E00028892,129,27,7,20,102,95,7,20.930232558139537,5.426356589147287,15.503875968992247,79.06976744186046,73.64341085271317,5.426356589147287
E00028893,85,28,5,23,57,47,10,32.94117647058823,5.88235294117647,27.058823529411764,67.05882352941175,55.294117647058826,11.76470588235294
E00028894,141,43,7,36,98,89,9,30.49645390070922,4.964539007092199,25.53191489361702,69.50354609929079,63.12056737588653,6.382978723404255
E00028895,182,39,17,22,143,125,18,21.428571428571427,9.340659340659341,12.087912087912088,78.57142857142857,68.68131868131869,9.89010989010989
E00028896,119,39,6,33,80,68,12,32.773109243697476,5.042016806722689,27.73109243697479,67.22689075630252,57.14285714285714,10.084033613445378
E00028897,88,35,13,22,53,48,5,39.77272727272727,14.772727272727273,25,60.22727272727273,54.54545454545454,5.681818181818182
E00028898,119,48,9,39,71,61,10,40.33613445378151,7.563025210084033,32.773109243697476,59.66386554621849,51.26050420168067,8.403361344537815
E00028899,106,35,8,27,71,70,1,33.0188679245283,7.547169811320755,25.471698113207548,66.98113207547169,66.0377358490566,0.9433962264150944
E00028900,93,27,9,18,66,61,5,29.03225806451613,9.67741935483871,19.35483870967742,70.96774193548387,65.59139784946237,5.376344086021505
E00028901,170,57,14,43,113,95,18,33.52941176470588,8.235294117647058,25.294117647058822,66.47058823529412,55.88235294117647,10.588235294117647
E00028902,120,39,8,31,81,75,6,32.5,6.666666666666667,25.833333333333336,67.5,62.5,5
E00028903,85,30,4,26,55,46,9,35.294117647058826,4.705882352941177,30.58823529411765,64.70588235294117,54.11764705882353,10.588235294117647
E00028904,108,26,5,21,82,74,8,24.074074074074073,4.62962962962963,19.444444444444446,75.92592592592592,68.51851851851852,7.4074074074074066
E00028905,98,37,17,20,61,52,9,37.755102040816325,17.346938775510203,20.408163265306122,62.244897959183675,53.06122448979592,9.183673469387756
E00028906,90,30,8,22,60,56,4,33.33333333333333,8.88888888888889,24.444444444444443,66.66666666666666,62.22222222222222,4.444444444444445
E00028907,96,28,6,22,68,60,8,29.166666666666668,6.25,22.916666666666664,70.83333333333334,62.5,8.333333333333332
E00028908,43,9,4,5,34,28,6,20.930232558139537,9.30232558139535,11.627906976744185,79.06976744186046,65.11627906976744,13.953488372093023
E00028909,313,80,24,56,233,193,40,25.559105431309902,7.667731629392971,17.89137380191693,74.4408945686901,61.66134185303515,12.779552715654951
E00028910,159,39,17,22,120,99,21,24.528301886792452,10.69182389937107,13.836477987421384,75.47169811320755,62.264150943396224,13.20754716981132
E00028911,111,37,9,28,74,68,6,33.33333333333333,8.108108108108109,25.225225225225223,66.66666666666666,61.261261261261254,5.405405405405405
E00028912,73,20,6,14,53,52,1,27.397260273972602,8.21917808219178,19.17808219178082,72.6027397260274,71.23287671232876,1.36986301369863
E00028913,76,19,10,9,57,47,10,25,13.157894736842104,11.842105263157894,75,61.8421052631579,13.157894736842104
E00028914,111,40,9,31,71,60,11,36.03603603603604,8.108108108108109,27.927927927927925,63.96396396396396,54.054054054054056,9.90990990990991
E00028915,145,27,9,18,118,110,8,18.620689655172416,6.206896551724138,12.413793103448276,81.37931034482759,75.86206896551724,5.517241379310345
E00028916,166,37,8,29,129,113,16,22.289156626506024,4.819277108433735,17.46987951807229,77.71084337349397,68.07228915662651,9.63855421686747
E00028917,110,22,7,15,88,78,10,20,6.363636363636363,13.636363636363635,80,70.9090909090909,9.090909090909092
E00028918,134,33,10,23,101,94,7,24.62686567164179,7.462686567164178,17.16417910447761,75.3731343283582,70.1492537313433,5.223880597014925
E00028919,197,43,11,32,154,131,23,21.82741116751269,5.583756345177665,16.243654822335024,78.1725888324873,66.49746192893402,11.6751269035533
E00028920,117,40,8,32,77,63,14,34.18803418803419,6.837606837606838,27.350427350427353,65.8119658119658,53.84615384615385,11.965811965811966
E00028921,184,37,9,28,147,137,10,20.108695652173914,4.891304347826087,15.217391304347828,79.8913043478261,74.45652173913044,5.434782608695652
E00028922,149,39,14,25,110,100,10,26.174496644295303,9.395973154362416,16.778523489932887,73.8255033557047,67.11409395973155,6.7114093959731544
E00028923,146,41,18,23,105,97,8,28.08219178082192,12.32876712328767,15.753424657534246,71.91780821917808,66.43835616438356,5.47945205479452
E00028924,160,35,11,24,125,100,25,21.875,6.875000000000001,15,78.125,62.5,15.625
E00028925,262,63,20,43,199,171,28,24.045801526717558,7.633587786259542,16.412213740458014,75.95419847328245,65.2671755725191,10.687022900763358
E00028926,112,35,6,29,77,66,11,31.25,5.357142857142857,25.892857142857146,68.75,58.92857142857143,9.821428571428571
E00028927,139,30,11,19,109,97,12,21.58273381294964,7.913669064748201,13.66906474820144,78.41726618705036,69.7841726618705,8.633093525179856
E00028928,141,31,7,24,110,100,10,21.98581560283688,4.964539007092199,17.02127659574468,78.01418439716312,70.92198581560284,7.092198581560284
E00028929,129,38,13,25,91,84,7,29.457364341085274,10.077519379844961,19.379844961240313,70.54263565891473,65.11627906976744,5.426356589147287
E00028930,142,35,8,27,107,89,18,24.647887323943664,5.633802816901409,19.014084507042252,75.35211267605634,62.676056338028175,12.676056338028168
E00028931,136,41,10,31,95,81,14,30.14705882352941,7.352941176470589,22.794117647058822,69.85294117647058,59.55882352941176,10.294117647058822
E00028932,138,32,12,20,106,95,11,23.18840579710145,8.695652173913043,14.492753623188406,76.81159420289855,68.84057971014492,7.971014492753622
E00028933,134,31,10,21,103,84,19,23.134328358208954,7.462686567164178,15.671641791044777,76.86567164179104,62.68656716417911,14.17910447761194
E00028934,163,42,15,27,121,106,15,25.766871165644172,9.202453987730062,16.56441717791411,74.23312883435584,65.03067484662577,9.202453987730062
E00028935,169,42,16,26,127,108,19,24.85207100591716,9.467455621301776,15.384615384615385,75.14792899408283,63.905325443786985,11.242603550295858
E00028936,109,37,6,31,72,61,11,33.94495412844037,5.5045871559633035,28.440366972477065,66.05504587155964,55.96330275229357,10.091743119266056
E00028937,112,27,7,20,85,76,9,24.107142857142858,6.25,17.857142857142858,75.89285714285714,67.85714285714286,8.035714285714286
E00028938,267,63,17,46,204,175,29,23.595505617977526,6.367041198501873,17.228464419475657,76.40449438202246,65.54307116104869,10.861423220973784
E00028939,132,24,4,20,108,88,20,18.181818181818183,3.0303030303030303,15.151515151515152,81.81818181818183,66.66666666666666,15.151515151515152
E00028940,221,47,10,37,174,147,27,21.266968325791854,4.524886877828054,16.7420814479638,78.73303167420815,66.51583710407239,12.217194570135746
E00028941,160,44,16,28,116,91,25,27.500000000000004,10,17.5,72.5,56.875,15.625
E00028942,150,38,12,26,112,101,11,25.333333333333336,8,17.333333333333336,74.66666666666667,67.33333333333333,7.333333333333333
E00028943,205,51,21,30,154,121,33,24.878048780487806,10.24390243902439,14.634146341463413,75.1219512195122,59.02439024390244,16.097560975609756
E00028944,125,38,12,26,87,70,17,30.4,9.6,20.8,69.6,56.00000000000001,13.600000000000001
E00028945,159,40,14,26,119,95,24,25.157232704402517,8.80503144654088,16.352201257861633,74.84276729559748,59.74842767295597,15.09433962264151
E00028946,125,28,9,19,97,79,18,22.400000000000002,7.199999999999999,15.2,77.60000000000001,63.2,14.399999999999999
E00028947,99,32,11,21,67,63,4,32.323232323232325,11.11111111111111,21.21212121212121,67.67676767676768,63.63636363636363,4.040404040404041
E00028948,149,31,10,21,118,109,9,20.80536912751678,6.7114093959731544,14.093959731543624,79.19463087248322,73.15436241610739,6.0402684563758395
E00028949,110,24,7,17,86,74,12,21.818181818181817,6.363636363636363,15.454545454545453,78.18181818181819,67.27272727272727,10.909090909090908
E00028950,140,60,23,37,80,71,9,42.857142857142854,16.428571428571427,26.42857142857143,57.14285714285714,50.71428571428571,6.428571428571428
E00028952,164,40,10,30,124,108,16,24.390243902439025,6.097560975609756,18.29268292682927,75.60975609756098,65.85365853658537,9.75609756097561
E00028953,115,37,12,25,78,71,7,32.17391304347826,10.434782608695652,21.73913043478261,67.82608695652173,61.73913043478261,6.086956521739131
E00028955,115,38,10,28,77,69,8,33.04347826086956,8.695652173913043,24.347826086956523,66.95652173913044,60,6.956521739130435
E00028956,138,30,9,21,108,90,18,21.73913043478261,6.521739130434782,15.217391304347828,78.26086956521739,65.21739130434783,13.043478260869565
E00028957,138,42,14,28,96,82,14,30.434782608695656,10.144927536231885,20.28985507246377,69.56521739130434,59.42028985507246,10.144927536231885
E00028958,126,32,7,25,94,81,13,25.396825396825395,5.555555555555555,19.841269841269842,74.60317460317461,64.28571428571429,10.317460317460316
E00028959,183,34,14,20,149,134,15,18.579234972677597,7.650273224043716,10.92896174863388,81.4207650273224,73.224043715847,8.19672131147541
E00028960,86,28,10,18,58,53,5,32.55813953488372,11.627906976744185,20.930232558139537,67.44186046511628,61.627906976744185,5.813953488372093
E00028961,107,28,5,23,79,67,12,26.168224299065418,4.672897196261682,21.49532710280374,73.83177570093457,62.616822429906534,11.214953271028037
E00028962,185,43,17,26,142,127,15,23.243243243243246,9.18918918918919,14.054054054054054,76.75675675675676,68.64864864864865,8.108108108108109
E00028963,103,27,9,18,76,70,6,26.21359223300971,8.737864077669903,17.475728155339805,73.7864077669903,67.96116504854369,5.825242718446602
E00028964,154,47,15,32,107,97,10,30.519480519480517,9.740259740259742,20.77922077922078,69.48051948051948,62.98701298701299,6.493506493506493
E00028965,141,38,12,26,103,96,7,26.95035460992908,8.51063829787234,18.439716312056735,73.04964539007092,68.08510638297872,4.964539007092199
E00028966,79,15,8,7,64,64,0,18.9873417721519,10.126582278481013,8.860759493670885,81.0126582278481,81.0126582278481,0
E00028967,203,62,28,34,141,128,13,30.541871921182267,13.793103448275861,16.748768472906402,69.45812807881774,63.05418719211823,6.403940886699508
E00028968,88,20,4,16,68,65,3,22.727272727272727,4.545454545454546,18.181818181818183,77.27272727272727,73.86363636363636,3.4090909090909087
E00028969,76,32,13,19,44,43,1,42.10526315789473,17.105263157894736,25,57.89473684210527,56.57894736842105,1.3157894736842104
E00028970,48,17,7,10,31,31,0,35.41666666666667,14.583333333333334,20.833333333333336,64.58333333333334,64.58333333333334,0
E00028971,133,33,11,22,100,86,14,24.81203007518797,8.270676691729323,16.541353383458645,75.18796992481202,64.66165413533834,10.526315789473683
E00028972,172,45,16,29,127,109,18,26.16279069767442,9.30232558139535,16.86046511627907,73.83720930232558,63.372093023255815,10.465116279069768
E00028973,113,52,13,39,61,58,3,46.017699115044245,11.504424778761061,34.51327433628318,53.98230088495575,51.32743362831859,2.6548672566371683
E00028974,112,33,16,17,79,73,6,29.464285714285715,14.285714285714285,15.178571428571427,70.53571428571429,65.17857142857143,5.357142857142857
E00028975,261,74,24,50,187,170,17,28.35249042145594,9.195402298850574,19.157088122605366,71.64750957854406,65.13409961685824,6.513409961685824
E00028976,137,30,9,21,107,101,6,21.897810218978105,6.569343065693431,15.328467153284672,78.1021897810219,73.72262773722628,4.37956204379562
E00028977,148,36,14,22,112,99,13,24.324324324324326,9.45945945945946,14.864864864864865,75.67567567567568,66.8918918918919,8.783783783783784
E00028978,93,30,11,19,63,62,1,32.25806451612903,11.827956989247312,20.43010752688172,67.74193548387096,66.66666666666666,1.0752688172043012
E00028980,48,17,9,8,31,30,1,35.41666666666667,18.75,16.666666666666664,64.58333333333334,62.5,2.083333333333333
E00028981,112,31,9,22,81,73,8,27.67857142857143,8.035714285714286,19.642857142857142,72.32142857142857,65.17857142857143,7.142857142857142
E00028982,128,34,5,29,94,86,8,26.5625,3.90625,22.65625,73.4375,67.1875,6.25
E00028983,221,45,13,32,176,163,13,20.361990950226243,5.88235294117647,14.479638009049776,79.63800904977376,73.7556561085973,5.88235294117647
E00028984,106,28,7,21,78,70,8,26.41509433962264,6.60377358490566,19.81132075471698,73.58490566037736,66.0377358490566,7.547169811320755
E00028985,123,38,16,22,85,77,8,30.89430894308943,13.008130081300814,17.88617886178862,69.10569105691057,62.601626016260155,6.504065040650407
E00028986,161,57,17,40,104,97,7,35.40372670807454,10.559006211180124,24.84472049689441,64.59627329192547,60.24844720496895,4.3478260869565215
E00028987,134,35,10,25,99,88,11,26.119402985074625,7.462686567164178,18.65671641791045,73.88059701492537,65.67164179104478,8.208955223880597
E00028988,168,54,20,34,114,102,12,32.142857142857146,11.904761904761903,20.238095238095237,67.85714285714286,60.71428571428571,7.142857142857142
E00028992,153,47,14,33,106,98,8,30.718954248366014,9.15032679738562,21.568627450980394,69.28104575163398,64.05228758169935,5.228758169934641
E00028993,138,46,11,35,92,87,5,33.33333333333333,7.971014492753622,25.36231884057971,66.66666666666666,63.04347826086957,3.6231884057971016
E00028994,147,37,12,25,110,101,9,25.170068027210885,8.16326530612245,17.006802721088434,74.82993197278913,68.70748299319727,6.122448979591836
E00028995,152,52,9,43,100,86,14,34.21052631578947,5.921052631578947,28.289473684210524,65.78947368421053,56.57894736842105,9.210526315789473
E00028996,114,31,10,21,83,76,7,27.192982456140353,8.771929824561402,18.421052631578945,72.80701754385966,66.66666666666666,6.140350877192982
E00028997,158,48,17,31,110,98,12,30.37974683544304,10.759493670886076,19.62025316455696,69.62025316455697,62.0253164556962,7.59493670886076
E00028998,105,32,6,26,73,68,5,30.476190476190478,5.714285714285714,24.761904761904763,69.52380952380952,64.76190476190476,4.761904761904762
E00028999,125,48,16,32,77,65,12,38.4,12.8,25.6,61.6,52,9.6
E00029000,125,28,1,27,97,86,11,22.400000000000002,0.8,21.6,77.60000000000001,68.8,8.799999999999999
E00029001,150,34,11,23,116,110,6,22.666666666666664,7.333333333333333,15.333333333333332,77.33333333333333,73.33333333333333,4
E00029002,134,38,11,27,96,83,13,28.35820895522388,8.208955223880597,20.149253731343283,71.64179104477611,61.940298507462686,9.701492537313433
E00029003,148,39,9,30,109,105,4,26.351351351351347,6.081081081081082,20.27027027027027,73.64864864864865,70.94594594594594,2.7027027027027026
E00029004,118,21,6,15,97,88,9,17.796610169491526,5.084745762711865,12.711864406779661,82.20338983050848,74.57627118644068,7.627118644067797
E00029005,180,41,14,27,139,128,11,22.77777777777778,7.777777777777778,15,77.22222222222223,71.11111111111111,6.111111111111111
E00029006,103,34,7,27,69,62,7,33.00970873786408,6.796116504854369,26.21359223300971,66.99029126213593,60.19417475728155,6.796116504854369
E00029007,184,60,21,39,124,104,20,32.608695652173914,11.41304347826087,21.195652173913043,67.3913043478261,56.52173913043478,10.869565217391305
E00029008,175,40,11,29,135,125,10,22.857142857142858,6.2857142857142865,16.57142857142857,77.14285714285715,71.42857142857143,5.714285714285714
E00029009,118,28,8,20,90,74,16,23.728813559322035,6.779661016949152,16.94915254237288,76.27118644067797,62.71186440677966,13.559322033898304
E00029010,141,20,12,8,121,106,15,14.184397163120568,8.51063829787234,5.673758865248227,85.81560283687944,75.177304964539,10.638297872340425
E00029011,54,17,9,8,37,35,2,31.48148148148148,16.666666666666664,14.814814814814813,68.51851851851852,64.81481481481481,3.7037037037037033
E00029012,175,37,10,27,138,129,9,21.142857142857142,5.714285714285714,15.428571428571427,78.85714285714286,73.71428571428571,5.142857142857142
E00029013,137,38,15,23,99,87,12,27.73722627737226,10.948905109489052,16.78832116788321,72.26277372262774,63.503649635036496,8.75912408759124
E00029014,165,49,13,36,116,107,9,29.6969696969697,7.878787878787878,21.818181818181817,70.3030303030303,64.84848484848484,5.454545454545454
E00029015,160,43,16,27,117,103,14,26.875,10,16.875,73.125,64.375,8.75
E00029017,150,41,12,29,109,99,10,27.333333333333332,8,19.333333333333332,72.66666666666667,66,6.666666666666667
E00029018,154,29,10,19,125,104,21,18.83116883116883,6.493506493506493,12.337662337662337,81.16883116883116,67.53246753246754,13.636363636363635
E00029019,86,18,3,15,68,58,10,20.930232558139537,3.488372093023256,17.441860465116278,79.06976744186046,67.44186046511628,11.627906976744185
E00029020,90,41,11,30,49,38,11,45.55555555555556,12.222222222222221,33.33333333333333,54.44444444444444,42.22222222222222,12.222222222222221
E00029021,72,23,9,14,49,40,9,31.944444444444443,12.5,19.444444444444446,68.05555555555556,55.55555555555556,12.5
E00029022,109,37,9,28,72,64,8,33.94495412844037,8.256880733944955,25.688073394495415,66.05504587155964,58.71559633027523,7.339449541284404
E00029023,118,41,15,26,77,70,7,34.74576271186441,12.711864406779661,22.033898305084744,65.2542372881356,59.32203389830508,5.932203389830509
E00029024,128,38,16,22,90,78,12,29.6875,12.5,17.1875,70.3125,60.9375,9.375
E00029025,186,46,11,35,140,130,10,24.731182795698924,5.913978494623656,18.817204301075268,75.26881720430107,69.89247311827957,5.376344086021505
E00029026,137,52,8,44,85,79,6,37.95620437956204,5.839416058394161,32.11678832116788,62.04379562043796,57.66423357664233,4.37956204379562
E00029027,156,42,19,23,114,104,10,26.923076923076923,12.179487179487179,14.743589743589745,73.07692307692307,66.66666666666666,6.41025641025641
E00029028,151,56,13,43,95,89,6,37.086092715231786,8.609271523178808,28.47682119205298,62.913907284768214,58.94039735099338,3.9735099337748347
E00029029,230,51,15,36,179,161,18,22.17391304347826,6.521739130434782,15.65217391304348,77.82608695652173,70,7.82608695652174
E00029030,147,43,11,32,104,99,5,29.25170068027211,7.482993197278912,21.768707482993197,70.74829931972789,67.3469387755102,3.4013605442176873
E00029031,155,34,8,26,121,107,14,21.935483870967744,5.161290322580645,16.7741935483871,78.06451612903226,69.03225806451613,9.032258064516128
E00029032,112,31,8,23,81,71,10,27.67857142857143,7.142857142857142,20.535714285714285,72.32142857142857,63.39285714285714,8.928571428571429
E00029033,75,24,7,17,51,42,9,32,9.333333333333334,22.666666666666664,68,56.00000000000001,12
E00029034,117,36,10,26,81,71,10,30.76923076923077,8.547008547008547,22.22222222222222,69.23076923076923,60.68376068376068,8.547008547008547
E00029035,172,30,11,19,142,123,19,17.441860465116278,6.395348837209303,11.046511627906977,82.55813953488372,71.51162790697676,11.046511627906977
E00029036,102,33,14,19,69,61,8,32.35294117647059,13.725490196078432,18.627450980392158,67.64705882352942,59.80392156862745,7.8431372549019605
E00029037,107,38,13,25,69,60,9,35.51401869158878,12.149532710280374,23.364485981308412,64.48598130841121,56.074766355140184,8.411214953271028
E00029038,70,19,7,12,51,46,5,27.142857142857142,10,17.142857142857142,72.85714285714285,65.71428571428571,7.142857142857142
E00029039,121,34,10,24,87,76,11,28.09917355371901,8.264462809917356,19.834710743801654,71.900826446281,62.8099173553719,9.090909090909092
E00029040,136,25,10,15,111,95,16,18.38235294117647,7.352941176470589,11.029411764705882,81.61764705882352,69.85294117647058,11.76470588235294
E00029041,127,23,11,12,104,87,17,18.11023622047244,8.661417322834646,9.448818897637794,81.88976377952756,68.50393700787401,13.385826771653544
E00029042,146,40,14,26,106,85,21,27.397260273972602,9.58904109589041,17.80821917808219,72.6027397260274,58.21917808219178,14.383561643835616
E00029044,200,45,15,30,155,132,23,22.5,7.5,15,77.5,66,11.5
E00029045,166,40,19,21,126,101,25,24.096385542168676,11.44578313253012,12.650602409638553,75.90361445783132,60.8433734939759,15.060240963855422
E00029046,141,39,12,27,102,82,20,27.659574468085108,8.51063829787234,19.148936170212767,72.3404255319149,58.156028368794324,14.184397163120568
E00029047,173,44,15,29,129,116,13,25.43352601156069,8.670520231213873,16.76300578034682,74.56647398843931,67.05202312138728,7.514450867052023
E00029048,145,48,16,32,97,68,29,33.10344827586207,11.03448275862069,22.06896551724138,66.89655172413794,46.89655172413793,20
E00029049,178,35,14,21,143,123,20,19.662921348314608,7.865168539325842,11.797752808988763,80.33707865168539,69.10112359550563,11.235955056179774
E00029050,146,38,20,18,108,79,29,26.027397260273972,13.698630136986301,12.32876712328767,73.97260273972603,54.109589041095894,19.863013698630137
E00029051,140,42,18,24,98,80,18,30,12.857142857142856,17.142857142857142,70,57.14285714285714,12.857142857142856
E00029052,121,45,17,28,76,70,6,37.1900826446281,14.049586776859504,23.140495867768596,62.8099173553719,57.85123966942148,4.958677685950414
E00029053,176,54,20,34,122,96,26,30.681818181818183,11.363636363636363,19.318181818181817,69.31818181818183,54.54545454545454,14.772727272727273
E00029054,137,40,13,27,97,90,7,29.1970802919708,9.48905109489051,19.708029197080293,70.8029197080292,65.69343065693431,5.109489051094891
E00029055,160,36,19,17,124,86,38,22.5,11.875,10.625,77.5,53.75,23.75
E00029056,160,33,12,21,127,113,14,20.625,7.5,13.125,79.375,70.625,8.75
E00029057,103,34,8,26,69,65,4,33.00970873786408,7.766990291262135,25.24271844660194,66.99029126213593,63.10679611650486,3.8834951456310676
E00029058,138,37,11,26,101,84,17,26.811594202898554,7.971014492753622,18.84057971014493,73.18840579710145,60.86956521739131,12.318840579710146
E00029059,125,23,7,16,102,91,11,18.4,5.6000000000000005,12.8,81.6,72.8,8.799999999999999
E00029060,153,41,13,28,112,105,7,26.797385620915033,8.49673202614379,18.30065359477124,73.20261437908496,68.62745098039215,4.57516339869281
E00029061,145,48,15,33,97,91,6,33.10344827586207,10.344827586206897,22.758620689655174,66.89655172413794,62.758620689655174,4.137931034482759
E00029062,173,41,13,28,132,113,19,23.699421965317917,7.514450867052023,16.184971098265898,76.30057803468208,65.3179190751445,10.982658959537572
E00029063,181,36,11,25,145,117,28,19.88950276243094,6.077348066298343,13.812154696132598,80.11049723756905,64.64088397790056,15.469613259668508
E00029064,166,48,11,37,118,89,29,28.915662650602407,6.626506024096386,22.289156626506024,71.08433734939759,53.6144578313253,17.46987951807229
E00029065,140,37,13,24,103,96,7,26.42857142857143,9.285714285714286,17.142857142857142,73.57142857142858,68.57142857142857,5
E00029066,145,44,19,25,101,85,16,30.344827586206897,13.10344827586207,17.24137931034483,69.6551724137931,58.620689655172406,11.03448275862069
E00029067,140,40,15,25,100,85,15,28.57142857142857,10.714285714285714,17.857142857142858,71.42857142857143,60.71428571428571,10.714285714285714
E00029068,110,24,6,18,86,77,9,21.818181818181817,5.454545454545454,16.363636363636363,78.18181818181819,70,8.181818181818182
E00029069,135,34,9,25,101,82,19,25.185185185185183,6.666666666666667,18.51851851851852,74.81481481481481,60.74074074074074,14.074074074074074
E00029070,126,36,10,26,90,70,20,28.57142857142857,7.936507936507936,20.634920634920633,71.42857142857143,55.55555555555556,15.873015873015872
E00029071,144,38,12,26,106,94,12,26.38888888888889,8.333333333333332,18.055555555555554,73.61111111111111,65.27777777777779,8.333333333333332
E00029072,197,51,24,27,146,112,34,25.888324873096447,12.18274111675127,13.705583756345177,74.11167512690355,56.852791878172596,17.258883248730964
E00029073,167,38,17,21,129,100,29,22.75449101796407,10.179640718562874,12.574850299401197,77.24550898203593,59.88023952095808,17.365269461077844
E00029074,138,31,9,22,107,96,11,22.463768115942027,6.521739130434782,15.942028985507244,77.53623188405797,69.56521739130434,7.971014492753622
E00029075,127,30,8,22,97,85,12,23.62204724409449,6.299212598425196,17.322834645669293,76.37795275590551,66.92913385826772,9.448818897637794
E00029076,240,67,23,44,173,146,27,27.916666666666668,9.583333333333334,18.333333333333332,72.08333333333333,60.83333333333333,11.25
E00029077,54,10,0,10,44,38,6,18.51851851851852,0,18.51851851851852,81.48148148148148,70.37037037037037,11.11111111111111
E00029078,157,47,14,33,110,93,17,29.936305732484076,8.9171974522293,21.019108280254777,70.06369426751591,59.23566878980891,10.828025477707007
E00029079,184,52,26,26,132,116,16,28.26086956521739,14.130434782608695,14.130434782608695,71.73913043478261,63.04347826086957,8.695652173913043
E00029080,137,26,5,21,111,93,18,18.97810218978102,3.64963503649635,15.328467153284672,81.02189781021897,67.88321167883211,13.138686131386862
E00029081,134,45,14,31,89,64,25,33.582089552238806,10.44776119402985,23.134328358208954,66.4179104477612,47.76119402985074,18.65671641791045
E00029082,193,60,15,45,133,112,21,31.088082901554404,7.772020725388601,23.316062176165804,68.9119170984456,58.03108808290155,10.880829015544041
E00029083,157,32,8,24,125,104,21,20.382165605095544,5.095541401273886,15.286624203821656,79.61783439490446,66.2420382165605,13.375796178343949
E00168576,84,15,6,9,69,62,7,17.857142857142858,7.142857142857142,10.714285714285714,82.14285714285714,73.80952380952381,8.333333333333332
E00168579,111,23,8,15,88,70,18,20.72072072072072,7.207207207207207,13.513513513513514,79.27927927927928,63.06306306306306,16.216216216216218
E00168581,200,35,13,22,165,153,12,17.5,6.5,11,82.5,76.5,6
E00171967,205,56,22,34,149,137,12,27.31707317073171,10.731707317073171,16.585365853658537,72.6829268292683,66.82926829268293,5.853658536585367
E00171971,216,25,6,19,191,169,22,11.574074074074074,2.7777777777777777,8.796296296296296,88.42592592592592,78.24074074074075,10.185185185185185
E00171973,102,37,17,20,65,63,2,36.27450980392157,16.666666666666664,19.607843137254903,63.725490196078425,61.76470588235294,1.9607843137254901
E00171974,226,33,16,17,193,173,20,14.601769911504425,7.079646017699115,7.52212389380531,85.39823008849558,76.54867256637168,8.849557522123893
E00171976,100,17,5,12,83,65,18,17,5,12,83,65,18
E00172921,148,29,13,16,119,108,11,19.594594594594593,8.783783783783784,10.81081081081081,80.4054054054054,72.97297297297297,7.4324324324324325
E00172923,209,30,16,14,179,142,37,14.354066985645932,7.655502392344498,6.698564593301436,85.64593301435407,67.94258373205741,17.703349282296653
E00172924,215,25,13,12,190,174,16,11.627906976744185,6.046511627906977,5.5813953488372094,88.37209302325581,80.93023255813954,7.441860465116279
E00172926,163,61,18,43,102,95,7,37.423312883435585,11.042944785276074,26.380368098159508,62.57668711656442,58.282208588957054,4.294478527607362
E00172928,83,20,6,14,63,58,5,24.096385542168676,7.228915662650602,16.867469879518072,75.90361445783132,69.87951807228916,6.024096385542169
E00172929,169,17,8,9,152,127,25,10.059171597633137,4.733727810650888,5.325443786982249,89.94082840236686,75.14792899408283,14.792899408284024
E00172931,148,33,11,22,115,104,11,22.2972972972973,7.4324324324324325,14.864864864864865,77.7027027027027,70.27027027027027,7.4324324324324325
E00172934,185,33,10,23,152,145,7,17.83783783783784,5.405405405405405,12.432432432432433,82.16216216216216,78.37837837837837,3.783783783783784
E00172935,215,20,10,10,195,166,29,9.30232558139535,4.651162790697675,4.651162790697675,90.69767441860465,77.20930232558139,13.488372093023257
E00172937,210,28,12,16,182,148,34,13.333333333333334,5.714285714285714,7.6190476190476195,86.66666666666667,70.47619047619048,16.19047619047619
E00172938,175,41,18,23,134,118,16,23.42857142857143,10.285714285714285,13.142857142857142,76.57142857142857,67.42857142857143,9.142857142857142
E00172942,117,24,8,16,93,86,7,20.51282051282051,6.837606837606838,13.675213675213676,79.48717948717949,73.50427350427351,5.982905982905983
E00172943,199,33,11,22,166,143,23,16.582914572864322,5.527638190954774,11.055276381909549,83.41708542713567,71.85929648241206,11.557788944723619
E00172945,191,34,16,18,157,137,20,17.801047120418847,8.37696335078534,9.424083769633508,82.19895287958116,71.72774869109948,10.471204188481675
E00172946,150,20,11,9,130,118,12,13.333333333333334,7.333333333333333,6,86.66666666666667,78.66666666666666,8
E00172948,351,33,15,18,318,294,24,9.401709401709402,4.273504273504273,5.128205128205128,90.5982905982906,83.76068376068376,6.837606837606838
E00172949,145,39,11,28,106,101,5,26.89655172413793,7.586206896551724,19.310344827586206,73.10344827586206,69.6551724137931,3.4482758620689653
E00172954,167,37,14,23,130,115,15,22.15568862275449,8.383233532934131,13.77245508982036,77.84431137724552,68.8622754491018,8.982035928143713
E00172956,185,32,9,23,153,126,27,17.2972972972973,4.864864864864865,12.432432432432433,82.70270270270271,68.10810810810811,14.594594594594595
E00172957,137,29,8,21,108,95,13,21.16788321167883,5.839416058394161,15.328467153284672,78.83211678832117,69.34306569343066,9.48905109489051
E00172959,197,39,12,27,158,133,25,19.796954314720814,6.091370558375635,13.705583756345177,80.20304568527918,67.51269035532995,12.690355329949238
E00172962,98,25,7,18,73,62,11,25.510204081632654,7.142857142857142,18.367346938775512,74.48979591836735,63.26530612244898,11.224489795918368
E00172963,169,26,3,23,143,123,20,15.384615384615385,1.7751479289940828,13.609467455621301,84.61538461538461,72.7810650887574,11.834319526627219
E00172965,125,30,9,21,95,81,14,24,7.199999999999999,16.8,76,64.8,11.200000000000001
E00172966,98,28,0,28,70,64,6,28.57142857142857,0,28.57142857142857,71.42857142857143,65.3061224489796,6.122448979591836
E00172968,127,21,5,16,106,90,16,16.535433070866144,3.937007874015748,12.598425196850393,83.46456692913385,70.86614173228347,12.598425196850393
E00172970,198,47,18,29,151,130,21,23.737373737373737,9.090909090909092,14.646464646464647,76.26262626262627,65.65656565656566,10.606060606060606
E00172971,136,20,7,13,116,102,14,14.705882352941178,5.147058823529411,9.558823529411764,85.29411764705883,75,10.294117647058822
E00172973,107,32,10,22,75,69,6,29.906542056074763,9.345794392523365,20.5607476635514,70.09345794392523,64.48598130841121,5.607476635514018
E00172974,107,21,6,15,86,79,7,19.626168224299064,5.607476635514018,14.018691588785046,80.37383177570094,73.83177570093457,6.5420560747663545
E00172976,149,19,10,9,130,120,10,12.751677852348994,6.7114093959731544,6.0402684563758395,87.24832214765101,80.53691275167785,6.7114093959731544
E00172977,140,28,8,20,112,104,8,20,5.714285714285714,14.285714285714285,80,74.28571428571429,5.714285714285714
E00172979,230,30,11,19,200,182,18,13.043478260869565,4.782608695652174,8.26086956521739,86.95652173913044,79.13043478260869,7.82608695652174
E00172980,141,28,7,21,113,101,12,19.858156028368796,4.964539007092199,14.893617021276595,80.1418439716312,71.63120567375887,8.51063829787234
E00172988,155,22,12,10,133,119,14,14.193548387096774,7.741935483870968,6.451612903225806,85.80645161290322,76.77419354838709,9.032258064516128
E00172990,140,15,8,7,125,110,15,10.714285714285714,5.714285714285714,5,89.28571428571429,78.57142857142857,10.714285714285714
E00172991,282,31,14,17,251,232,19,10.99290780141844,4.964539007092199,6.028368794326241,89.00709219858156,82.26950354609929,6.73758865248227
E00172994,240,34,14,20,206,179,27,14.166666666666666,5.833333333333333,8.333333333333332,85.83333333333333,74.58333333333333,11.25
E00172996,55,22,12,10,33,33,0,40,21.818181818181817,18.181818181818183,60,60,0
E00172998,103,63,34,29,40,40,0,61.165048543689316,33.00970873786408,28.155339805825243,38.83495145631068,38.83495145631068,0
E00172999,153,34,8,26,119,110,9,22.22222222222222,5.228758169934641,16.99346405228758,77.77777777777779,71.89542483660131,5.88235294117647
E00173001,103,30,9,21,73,68,5,29.126213592233007,8.737864077669903,20.388349514563107,70.87378640776699,66.01941747572816,4.854368932038835
E00173002,174,55,17,38,119,111,8,31.60919540229885,9.770114942528735,21.839080459770116,68.39080459770115,63.793103448275865,4.597701149425287
E00173004,152,26,13,13,126,112,14,17.105263157894736,8.552631578947368,8.552631578947368,82.89473684210526,73.68421052631578,9.210526315789473
E00173007,178,144,30,114,34,23,11,80.89887640449437,16.853932584269664,64.04494382022472,19.101123595505616,12.921348314606742,6.179775280898876
E00173008,164,132,26,106,32,31,1,80.48780487804879,15.853658536585366,64.63414634146342,19.51219512195122,18.902439024390244,0.6097560975609756
E00173012,115,50,16,34,65,61,4,43.47826086956522,13.91304347826087,29.565217391304348,56.52173913043478,53.04347826086957,3.4782608695652173
E00173013,197,144,32,112,53,50,3,73.09644670050761,16.243654822335024,56.852791878172596,26.903553299492383,25.380710659898476,1.5228426395939088
E00173015,131,73,15,58,58,56,2,55.72519083969466,11.450381679389313,44.274809160305345,44.274809160305345,42.74809160305343,1.5267175572519083
E00173016,165,78,35,43,87,80,7,47.27272727272727,21.21212121212121,26.060606060606062,52.72727272727272,48.484848484848484,4.242424242424243
E00173018,260,74,27,47,186,167,19,28.46153846153846,10.384615384615385,18.076923076923077,71.53846153846153,64.23076923076924,7.307692307692308
E00173019,257,48,20,28,209,185,24,18.67704280155642,7.782101167315175,10.894941634241246,81.32295719844358,71.98443579766537,9.33852140077821
E00173022,295,66,29,37,229,197,32,22.372881355932204,9.830508474576272,12.54237288135593,77.62711864406779,66.77966101694915,10.847457627118644
E00173026,177,36,15,21,141,125,16,20.33898305084746,8.47457627118644,11.864406779661017,79.66101694915254,70.62146892655367,9.03954802259887
E00173027,54,23,8,15,31,24,7,42.592592592592595,14.814814814814813,27.77777777777778,57.407407407407405,44.44444444444444,12.962962962962962
E00173029,75,27,13,14,48,43,5,36,17.333333333333336,18.666666666666668,64,57.333333333333336,6.666666666666667
E00181563,30,18,4,14,12,9,3,60,13.333333333333334,46.666666666666664,40,30,10
E00181564,103,36,9,27,67,62,5,34.95145631067961,8.737864077669903,26.21359223300971,65.0485436893204,60.19417475728155,4.854368932038835
E00181565,52,18,4,14,34,34,0,34.61538461538461,7.6923076923076925,26.923076923076923,65.38461538461539,65.38461538461539,0
E00181566,199,57,19,38,142,135,7,28.643216080402013,9.547738693467336,19.09547738693467,71.35678391959799,67.8391959798995,3.5175879396984926
E00181567,76,15,4,11,61,54,7,19.736842105263158,5.263157894736842,14.473684210526317,80.26315789473685,71.05263157894737,9.210526315789473
E00181568,340,43,11,32,297,279,18,12.647058823529411,3.2352941176470593,9.411764705882353,87.3529411764706,82.05882352941177,5.294117647058823
E00181569,234,48,22,26,186,169,17,20.51282051282051,9.401709401709402,11.11111111111111,79.48717948717949,72.22222222222221,7.264957264957266
E00181574,173,117,26,91,56,51,5,67.63005780346822,15.028901734104046,52.601156069364166,32.369942196531795,29.47976878612717,2.8901734104046244
E00181575,119,34,10,24,85,78,7,28.57142857142857,8.403361344537815,20.168067226890756,71.42857142857143,65.54621848739495,5.88235294117647
E00181576,164,23,7,16,141,123,18,14.02439024390244,4.2682926829268295,9.75609756097561,85.97560975609755,75,10.975609756097562
E00181577,83,22,8,14,61,54,7,26.506024096385545,9.63855421686747,16.867469879518072,73.49397590361446,65.06024096385542,8.433734939759036
E00181586,206,33,14,19,173,159,14,16.019417475728158,6.796116504854369,9.223300970873787,83.98058252427184,77.18446601941747,6.796116504854369
E00181587,311,71,24,47,240,215,25,22.829581993569132,7.717041800643088,15.112540192926044,77.17041800643086,69.13183279742765,8.038585209003216
E00181589,91,48,26,22,43,42,1,52.74725274725275,28.57142857142857,24.175824175824175,47.25274725274725,46.15384615384615,1.098901098901099
E00181590,149,31,7,24,118,109,9,20.80536912751678,4.697986577181208,16.10738255033557,79.19463087248322,73.15436241610739,6.0402684563758395
E00181591,207,50,21,29,157,149,8,24.154589371980677,10.144927536231885,14.009661835748794,75.84541062801932,71.98067632850241,3.864734299516908
E00181592,98,14,8,6,84,74,10,14.285714285714285,8.16326530612245,6.122448979591836,85.71428571428571,75.51020408163265,10.204081632653061
E00181593,139,13,6,7,126,117,9,9.352517985611511,4.316546762589928,5.0359712230215825,90.64748201438849,84.17266187050359,6.474820143884892
E00181594,57,15,6,9,42,38,4,26.31578947368421,10.526315789473683,15.789473684210526,73.68421052631578,66.66666666666666,7.017543859649122
E00181595,221,48,21,27,173,160,13,21.71945701357466,9.502262443438914,12.217194570135746,78.28054298642535,72.39819004524887,5.88235294117647
E00181596,143,13,8,5,130,115,15,9.090909090909092,5.594405594405594,3.4965034965034967,90.9090909090909,80.41958041958041,10.48951048951049
E00181597,320,57,24,33,263,239,24,17.8125,7.5,10.3125,82.1875,74.6875,7.5
E00181598,89,24,8,16,65,57,8,26.96629213483146,8.98876404494382,17.97752808988764,73.03370786516854,64.04494382022472,8.98876404494382
E00181599,182,8,5,3,174,159,15,4.395604395604396,2.7472527472527473,1.6483516483516485,95.6043956043956,87.36263736263736,8.241758241758241
E00181600,212,21,7,14,191,158,33,9.90566037735849,3.30188679245283,6.60377358490566,90.09433962264151,74.52830188679245,15.566037735849056
E00181601,77,27,8,19,50,47,3,35.064935064935064,10.38961038961039,24.675324675324674,64.93506493506493,61.038961038961034,3.896103896103896
E00181602,128,109,10,99,19,19,0,85.15625,7.8125,77.34375,14.84375,14.84375,0
E00181603,149,11,3,8,138,131,7,7.38255033557047,2.013422818791946,5.369127516778524,92.61744966442953,87.91946308724832,4.697986577181208
E00181604,269,40,11,29,229,206,23,14.869888475836431,4.089219330855019,10.780669144981413,85.13011152416357,76.57992565055763,8.550185873605948
E00181605,151,45,16,29,106,99,7,29.80132450331126,10.596026490066226,19.205298013245034,70.19867549668875,65.56291390728477,4.635761589403973
E00181607,61,20,1,19,41,34,7,32.78688524590164,1.639344262295082,31.147540983606557,67.21311475409836,55.73770491803278,11.475409836065573
E00181608,292,40,12,28,252,223,29,13.698630136986301,4.10958904109589,9.58904109589041,86.3013698630137,76.36986301369863,9.931506849315069
E00181609,210,31,16,15,179,157,22,14.761904761904763,7.6190476190476195,7.142857142857142,85.23809523809524,74.76190476190476,10.476190476190476
E00181610,132,8,2,6,124,102,22,6.0606060606060606,1.5151515151515151,4.545454545454546,93.93939393939394,77.27272727272727,16.666666666666664
E00181611,182,47,14,33,135,115,20,25.82417582417583,7.6923076923076925,18.13186813186813,74.17582417582418,63.18681318681318,10.989010989010989
E00181612,193,152,25,127,41,36,5,78.75647668393782,12.953367875647666,65.80310880829016,21.243523316062177,18.65284974093264,2.5906735751295336
E00181613,256,23,7,16,233,208,25,8.984375,2.734375,6.25,91.015625,81.25,9.765625
E00181614,109,61,21,40,48,39,9,55.96330275229357,19.26605504587156,36.69724770642202,44.03669724770643,35.77981651376147,8.256880733944955
E00181615,190,31,13,18,159,143,16,16.315789473684212,6.842105263157896,9.473684210526317,83.6842105263158,75.26315789473685,8.421052631578947
E00181616,261,38,10,28,223,197,26,14.559386973180077,3.8314176245210727,10.727969348659004,85.44061302681992,75.47892720306514,9.961685823754788
E00181617,200,51,15,36,149,138,11,25.5,7.5,18,74.5,69,5.5
E00181618,102,28,14,14,74,71,3,27.450980392156865,13.725490196078432,13.725490196078432,72.54901960784314,69.6078431372549,2.941176470588235
E00181620,263,32,6,26,231,203,28,12.167300380228136,2.2813688212927756,9.885931558935361,87.83269961977186,77.18631178707224,10.646387832699618
E00181621,90,17,4,13,73,58,15,18.88888888888889,4.444444444444445,14.444444444444443,81.11111111111111,64.44444444444444,16.666666666666664
E00181622,121,25,8,17,96,82,14,20.66115702479339,6.6115702479338845,14.049586776859504,79.33884297520662,67.76859504132231,11.570247933884298
E00181623,235,35,11,24,200,187,13,14.893617021276595,4.680851063829787,10.212765957446807,85.1063829787234,79.57446808510639,5.531914893617021
E00181624,204,32,15,17,172,150,22,15.686274509803921,7.352941176470589,8.333333333333332,84.31372549019608,73.52941176470588,10.784313725490197
E00181625,147,23,12,11,124,91,33,15.646258503401361,8.16326530612245,7.482993197278912,84.35374149659864,61.904761904761905,22.448979591836736
E00181626,40,15,3,12,25,25,0,37.5,7.5,30,62.5,62.5,0
E00181627,194,54,16,38,140,125,15,27.835051546391753,8.24742268041237,19.587628865979383,72.16494845360825,64.43298969072166,7.731958762886598
E00181628,165,29,13,16,136,118,18,17.575757575757574,7.878787878787878,9.696969696969697,82.42424242424242,71.51515151515152,10.909090909090908
E00181629,292,48,22,26,244,213,31,16.43835616438356,7.534246575342466,8.904109589041095,83.56164383561644,72.94520547945206,10.616438356164384
E00181631,139,86,24,62,53,45,8,61.87050359712231,17.26618705035971,44.60431654676259,38.1294964028777,32.37410071942446,5.755395683453238
E00181632,203,54,19,35,149,138,11,26.60098522167488,9.35960591133005,17.24137931034483,73.39901477832512,67.98029556650246,5.41871921182266
E00181633,246,21,7,14,225,192,33,8.536585365853659,2.8455284552845526,5.691056910569105,91.46341463414635,78.04878048780488,13.414634146341465
E00181634,180,28,12,16,152,138,14,15.555555555555555,6.666666666666667,8.88888888888889,84.44444444444444,76.66666666666667,7.777777777777778
E00181636,304,48,22,26,256,237,19,15.789473684210526,7.236842105263158,8.552631578947368,84.21052631578947,77.96052631578947,6.25
E00181637,147,23,2,21,124,107,17,15.646258503401361,1.3605442176870748,14.285714285714285,84.35374149659864,72.78911564625851,11.564625850340136
E00181638,151,47,15,32,104,94,10,31.125827814569533,9.933774834437086,21.192052980132452,68.87417218543047,62.251655629139066,6.622516556291391
E00181639,124,35,13,22,89,84,5,28.225806451612907,10.483870967741936,17.741935483870968,71.7741935483871,67.74193548387096,4.032258064516129
E00181640,194,50,7,43,144,127,17,25.773195876288657,3.608247422680412,22.164948453608247,74.22680412371135,65.4639175257732,8.762886597938143
E00181642,169,26,11,15,143,130,13,15.384615384615385,6.508875739644971,8.875739644970414,84.61538461538461,76.92307692307693,7.6923076923076925
E00181643,48,13,4,9,35,34,1,27.083333333333332,8.333333333333332,18.75,72.91666666666666,70.83333333333334,2.083333333333333
E00181644,226,60,27,33,166,147,19,26.548672566371685,11.946902654867257,14.601769911504425,73.45132743362832,65.04424778761062,8.4070796460177
E00181645,36,11,4,7,25,21,4,30.555555555555557,11.11111111111111,19.444444444444446,69.44444444444444,58.333333333333336,11.11111111111111
E00181646,110,22,6,16,88,77,11,20,5.454545454545454,14.545454545454545,80,70,10
E00181647,106,34,9,25,72,66,6,32.075471698113205,8.49056603773585,23.58490566037736,67.9245283018868,62.264150943396224,5.660377358490567
E00181648,216,55,19,36,161,146,15,25.462962962962965,8.796296296296296,16.666666666666664,74.53703703703704,67.5925925925926,6.944444444444445
E00181650,367,30,8,22,337,290,47,8.174386920980927,2.17983651226158,5.994550408719346,91.82561307901908,79.01907356948229,12.806539509536785
E00181652,37,11,4,7,26,24,2,29.72972972972973,10.81081081081081,18.91891891891892,70.27027027027027,64.86486486486487,5.405405405405405
E00181653,131,25,8,17,106,96,10,19.083969465648856,6.106870229007633,12.977099236641221,80.91603053435115,73.2824427480916,7.633587786259542
E00181654,103,66,9,57,37,33,4,64.07766990291263,8.737864077669903,55.33980582524271,35.92233009708738,32.038834951456316,3.8834951456310676
E00181655,260,42,24,18,218,201,17,16.153846153846153,9.230769230769232,6.923076923076923,83.84615384615385,77.3076923076923,6.538461538461539
E00181656,248,44,27,17,204,177,27,17.741935483870968,10.887096774193548,6.854838709677419,82.25806451612904,71.37096774193549,10.887096774193548
E00181657,172,129,64,65,43,41,2,75,37.2093023255814,37.7906976744186,25,23.837209302325583,1.1627906976744187
E00181658,146,46,8,38,100,94,6,31.506849315068493,5.47945205479452,26.027397260273972,68.4931506849315,64.38356164383562,4.10958904109589
E00181659,211,45,13,32,166,152,14,21.32701421800948,6.161137440758294,15.165876777251185,78.67298578199052,72.03791469194313,6.6350710900473935
E00181662,285,42,13,29,243,214,29,14.736842105263156,4.56140350877193,10.175438596491228,85.26315789473684,75.08771929824562,10.175438596491228
E00181663,279,38,21,17,241,210,31,13.620071684587815,7.526881720430108,6.093189964157706,86.37992831541219,75.26881720430107,11.11111111111111
E00181665,146,34,11,23,112,105,7,23.28767123287671,7.534246575342466,15.753424657534246,76.71232876712328,71.91780821917808,4.794520547945205
E00181666,229,137,47,90,92,78,14,59.82532751091703,20.52401746724891,39.30131004366812,40.174672489082965,34.06113537117904,6.11353711790393
E00181668,358,40,18,22,318,283,35,11.1731843575419,5.027932960893855,6.145251396648044,88.8268156424581,79.05027932960894,9.776536312849162
E00181669,175,22,5,17,153,137,16,12.571428571428573,2.857142857142857,9.714285714285714,87.42857142857143,78.28571428571428,9.142857142857142
E00181670,188,33,22,11,155,130,25,17.5531914893617,11.702127659574469,5.851063829787234,82.4468085106383,69.14893617021278,13.297872340425531
E00181671,269,53,13,40,216,181,35,19.702602230483272,4.83271375464684,14.869888475836431,80.29739776951673,67.28624535315984,13.011152416356877
E00181672,115,22,11,11,93,83,10,19.130434782608695,9.565217391304348,9.565217391304348,80.8695652173913,72.17391304347827,8.695652173913043
E00181673,153,24,12,12,129,120,9,15.686274509803921,7.8431372549019605,7.8431372549019605,84.31372549019608,78.43137254901961,5.88235294117647
E00181674,211,44,6,38,167,149,18,20.85308056872038,2.843601895734597,18.009478672985782,79.14691943127961,70.61611374407583,8.530805687203792
E00181675,201,48,10,38,153,125,28,23.88059701492537,4.975124378109453,18.90547263681592,76.11940298507463,62.189054726368155,13.930348258706468
E00181677,175,13,5,8,162,141,21,7.428571428571429,2.857142857142857,4.571428571428571,92.57142857142857,80.57142857142857,12
E00181678,67,15,7,8,52,49,3,22.388059701492537,10.44776119402985,11.940298507462686,77.61194029850746,73.13432835820896,4.477611940298507
E00181679,353,57,19,38,296,270,26,16.147308781869686,5.382436260623229,10.764872521246458,83.85269121813032,76.48725212464589,7.365439093484419
E00181680,104,48,14,34,56,53,3,46.15384615384615,13.461538461538462,32.69230769230769,53.84615384615385,50.96153846153846,2.8846153846153846
E00181682,263,50,18,32,213,183,30,19.011406844106464,6.844106463878327,12.167300380228136,80.98859315589354,69.58174904942965,11.406844106463879
E00181683,254,31,18,13,223,202,21,12.204724409448819,7.086614173228346,5.118110236220472,87.79527559055119,79.52755905511812,8.267716535433072
E00181684,371,73,25,48,298,273,25,19.67654986522911,6.738544474393531,12.93800539083558,80.3234501347709,73.58490566037736,6.738544474393531
E00181685,220,20,9,11,200,174,26,9.090909090909092,4.090909090909091,5,90.9090909090909,79.0909090909091,11.818181818181818
E00181686,179,35,13,22,144,124,20,19.553072625698324,7.262569832402235,12.290502793296088,80.44692737430168,69.27374301675978,11.1731843575419
E00181687,169,53,15,38,116,99,17,31.360946745562128,8.875739644970414,22.485207100591715,68.63905325443787,58.57988165680473,10.059171597633137
E00181688,86,30,14,16,56,50,6,34.883720930232556,16.27906976744186,18.6046511627907,65.11627906976744,58.139534883720934,6.976744186046512
E00181689,202,32,11,21,170,166,4,15.841584158415841,5.445544554455446,10.396039603960396,84.15841584158416,82.17821782178217,1.9801980198019802
E00181690,120,96,14,82,24,22,2,80,11.666666666666666,68.33333333333333,20,18.333333333333332,1.6666666666666667
E00181691,134,96,61,35,38,31,7,71.64179104477611,45.52238805970149,26.119402985074625,28.35820895522388,23.134328358208954,5.223880597014925
E00181692,161,28,5,23,133,114,19,17.391304347826086,3.1055900621118013,14.285714285714285,82.6086956521739,70.80745341614907,11.801242236024844
E00181693,295,53,14,39,242,207,35,17.966101694915253,4.745762711864407,13.220338983050848,82.03389830508473,70.16949152542374,11.864406779661017
E00181694,135,26,10,16,109,89,20,19.25925925925926,7.4074074074074066,11.851851851851853,80.74074074074075,65.92592592592592,14.814814814814813
E00181695,136,30,11,19,106,92,14,22.058823529411764,8.088235294117647,13.970588235294118,77.94117647058823,67.64705882352942,10.294117647058822
E00181696,292,64,18,46,228,194,34,21.91780821917808,6.164383561643835,15.753424657534246,78.08219178082192,66.43835616438356,11.643835616438356
E00181697,169,24,4,20,145,128,17,14.201183431952662,2.366863905325444,11.834319526627219,85.79881656804734,75.7396449704142,10.059171597633137
E00181698,372,49,20,29,323,283,40,13.172043010752688,5.376344086021505,7.795698924731183,86.82795698924731,76.0752688172043,10.75268817204301
E00181699,351,49,10,39,302,268,34,13.96011396011396,2.849002849002849,11.11111111111111,86.03988603988604,76.35327635327636,9.686609686609685
E00181700,182,104,25,79,78,64,14,57.14285714285714,13.736263736263737,43.40659340659341,42.857142857142854,35.16483516483517,7.6923076923076925
E00181701,134,21,12,9,113,97,16,15.671641791044777,8.955223880597014,6.7164179104477615,84.32835820895522,72.38805970149254,11.940298507462686
E00181702,178,44,18,26,134,118,16,24.719101123595504,10.112359550561797,14.606741573033707,75.28089887640449,66.29213483146067,8.98876404494382
E00181704,85,32,6,26,53,47,6,37.64705882352941,7.0588235294117645,30.58823529411765,62.35294117647059,55.294117647058826,7.0588235294117645
E00181705,139,29,12,17,110,99,11,20.863309352517987,8.633093525179856,12.23021582733813,79.13669064748201,71.22302158273382,7.913669064748201
E00181706,119,97,9,88,22,19,3,81.5126050420168,7.563025210084033,73.94957983193278,18.487394957983195,15.966386554621847,2.5210084033613445
E00181707,130,18,6,12,112,97,15,13.846153846153847,4.615384615384616,9.230769230769232,86.15384615384616,74.61538461538461,11.538461538461538
E00181708,161,20,6,14,141,132,9,12.422360248447205,3.7267080745341614,8.695652173913043,87.5776397515528,81.98757763975155,5.590062111801243
E00181709,128,40,16,24,88,79,9,31.25,12.5,18.75,68.75,61.71875,7.03125
E00181710,236,30,8,22,206,190,16,12.711864406779661,3.389830508474576,9.322033898305085,87.28813559322035,80.50847457627118,6.779661016949152
E00181711,256,28,10,18,228,201,27,10.9375,3.90625,7.03125,89.0625,78.515625,10.546875
E00181712,140,83,22,61,57,49,8,59.285714285714285,15.714285714285714,43.57142857142857,40.714285714285715,35,5.714285714285714
E00181714,194,43,18,25,151,133,18,22.164948453608247,9.278350515463918,12.886597938144329,77.83505154639175,68.55670103092784,9.278350515463918
E00181715,141,16,4,12,125,110,15,11.347517730496454,2.8368794326241136,8.51063829787234,88.65248226950354,78.01418439716312,10.638297872340425
E00181716,170,35,12,23,135,129,6,20.588235294117645,7.0588235294117645,13.529411764705882,79.41176470588235,75.88235294117646,3.5294117647058822
