OA,ts0380001,ts0380002,ts0380003,ts0380004,ts0380005,ts0380006,ts0380007,ts0380002_PCT,ts0380003_PCT,ts0380004_PCT,ts0380005_PCT,ts0380006_PCT,ts0380007_PCT
E00028328,353,86,33,53,267,22,245,24.362606232294617,9.34844192634561,15.01416430594901,75.63739376770539,6.232294617563739,69.40509915014165
E00028329,385,140,99,41,245,19,226,36.36363636363637,25.71428571428571,10.649350649350648,63.63636363636363,4.935064935064935,58.7012987012987
E00028330,370,55,27,28,315,24,291,14.864864864864865,7.297297297297297,7.567567567567568,85.13513513513513,6.486486486486487,78.64864864864865
E00028331,231,34,6,28,197,22,175,14.71861471861472,2.5974025974025974,12.121212121212121,85.28138528138528,9.523809523809524,75.75757575757575
E00028332,404,80,42,38,324,33,291,19.801980198019802,10.396039603960396,9.405940594059405,80.19801980198021,8.16831683168317,72.02970297029702
E00028333,252,54,19,35,198,22,176,21.428571428571427,7.5396825396825395,13.88888888888889,78.57142857142857,8.73015873015873,69.84126984126983
E00028334,304,54,23,31,250,17,233,17.763157894736842,7.565789473684211,10.197368421052632,82.23684210526315,5.592105263157895,76.64473684210526
E00028335,328,72,31,41,256,21,235,21.951219512195124,9.451219512195122,12.5,78.04878048780488,6.402439024390244,71.64634146341463
E00028336,257,53,23,30,204,7,197,20.622568093385212,8.949416342412452,11.673151750972762,79.37743190661479,2.7237354085603114,76.65369649805449
E00028338,303,45,17,28,258,23,235,14.85148514851485,5.6105610561056105,9.24092409240924,85.14851485148515,7.590759075907591,77.55775577557755
E00028339,389,63,29,34,326,29,297,16.195372750642672,7.455012853470437,8.740359897172237,83.80462724935732,7.455012853470437,76.34961439588689
E00028340,257,63,28,35,194,16,178,24.5136186770428,10.894941634241246,13.618677042801556,75.4863813229572,6.22568093385214,69.26070038910505
E00028342,262,75,33,42,187,18,169,28.62595419847328,12.595419847328243,16.030534351145036,71.37404580152672,6.870229007633588,64.50381679389314
E00028343,256,47,14,33,209,26,183,18.359375,5.46875,12.890625,81.640625,10.15625,71.484375
E00028344,235,45,20,25,190,16,174,19.148936170212767,8.51063829787234,10.638297872340425,80.85106382978722,6.808510638297872,74.04255319148936
E00028345,311,90,45,45,221,30,191,28.938906752411576,14.469453376205788,14.469453376205788,71.06109324758843,9.646302250803858,61.41479099678456
E00028346,316,53,20,33,263,20,243,16.77215189873418,6.329113924050633,10.443037974683545,83.22784810126582,6.329113924050633,76.89873417721519
E00028347,410,63,21,42,347,28,319,15.365853658536585,5.121951219512195,10.24390243902439,84.6341463414634,6.829268292682928,77.8048780487805
E00028349,269,50,15,35,219,17,202,18.587360594795538,5.5762081784386615,13.011152416356877,81.41263940520446,6.319702602230483,75.09293680297398
E00028350,279,39,18,21,240,18,222,13.978494623655912,6.451612903225806,7.526881720430108,86.02150537634408,6.451612903225806,79.56989247311827
E00028351,355,65,19,46,290,19,271,18.30985915492958,5.352112676056338,12.957746478873238,81.69014084507043,5.352112676056338,76.33802816901408
E00028352,218,57,32,25,161,6,155,26.146788990825687,14.678899082568808,11.46788990825688,73.85321100917432,2.7522935779816518,71.10091743119266
E00028353,347,74,35,39,273,21,252,21.32564841498559,10.086455331412104,11.239193083573488,78.6743515850144,6.051873198847262,72.62247838616715
E00028354,437,97,46,51,340,25,315,22.19679633867277,10.526315789473683,11.670480549199084,77.80320366132723,5.720823798627003,72.08237986270024
E00028355,190,60,34,26,130,7,123,31.57894736842105,17.894736842105264,13.684210526315791,68.42105263157895,3.684210526315789,64.73684210526316
E00028356,324,73,36,37,251,15,236,22.530864197530864,11.11111111111111,11.419753086419753,77.46913580246914,4.62962962962963,72.8395061728395
E00028357,370,78,35,43,292,28,264,21.08108108108108,9.45945945945946,11.621621621621623,78.91891891891892,7.567567567567568,71.35135135135135
E00028358,292,60,34,26,232,15,217,20.54794520547945,11.643835616438356,8.904109589041095,79.45205479452055,5.136986301369863,74.31506849315068
E00028359,412,62,21,41,350,20,330,15.048543689320388,5.097087378640777,9.951456310679612,84.9514563106796,4.854368932038835,80.09708737864078
E00028360,231,28,13,15,203,15,188,12.121212121212121,5.627705627705628,6.493506493506493,87.87878787878788,6.493506493506493,81.38528138528139
E00028361,186,64,33,31,122,10,112,34.40860215053764,17.741935483870968,16.666666666666664,65.59139784946237,5.376344086021505,60.215053763440864
E00028362,307,61,22,39,246,7,239,19.86970684039088,7.166123778501629,12.703583061889251,80.13029315960912,2.2801302931596092,77.85016286644951
E00028363,296,63,36,27,233,18,215,21.283783783783782,12.162162162162163,9.121621621621621,78.71621621621621,6.081081081081082,72.63513513513513
E00028364,344,51,25,26,293,24,269,14.825581395348838,7.267441860465117,7.55813953488372,85.17441860465115,6.976744186046512,78.19767441860465
E00028365,372,58,28,30,314,29,285,15.591397849462366,7.526881720430108,8.064516129032258,84.40860215053763,7.795698924731183,76.61290322580645
E00028366,340,52,30,22,288,19,269,15.294117647058824,8.823529411764707,6.470588235294119,84.70588235294117,5.588235294117648,79.11764705882352
E00028367,226,63,33,30,163,8,155,27.876106194690266,14.601769911504425,13.274336283185843,72.12389380530973,3.5398230088495577,68.58407079646017
E00028369,257,68,37,31,189,4,185,26.459143968871597,14.396887159533073,12.062256809338521,73.54085603112841,1.556420233463035,71.98443579766537
E00028370,200,36,19,17,164,19,145,18,9.5,8.5,82,9.5,72.5
E00028372,339,74,38,36,265,18,247,21.828908554572273,11.209439528023598,10.619469026548673,78.17109144542773,5.3097345132743365,72.86135693215338
E00028374,245,55,29,26,190,9,181,22.448979591836736,11.83673469387755,10.612244897959183,77.55102040816327,3.6734693877551026,73.87755102040816
E00028375,151,44,17,27,107,10,97,29.13907284768212,11.258278145695364,17.880794701986755,70.86092715231787,6.622516556291391,64.23841059602648
E00028378,390,65,33,32,325,22,303,16.666666666666664,8.461538461538462,8.205128205128204,83.33333333333334,5.641025641025641,77.6923076923077
E00028379,125,54,32,22,71,9,62,43.2,25.6,17.599999999999998,56.8,7.199999999999999,49.6
E00028385,421,75,40,35,346,15,331,17.81472684085511,9.501187648456057,8.31353919239905,82.18527315914488,3.5629453681710213,78.62232779097387
E00028387,191,76,39,37,115,10,105,39.79057591623037,20.418848167539267,19.3717277486911,60.20942408376963,5.2356020942408374,54.973821989528794
E00028388,243,36,19,17,207,9,198,14.814814814814813,7.818930041152264,6.995884773662551,85.18518518518519,3.7037037037037033,81.48148148148148
E00028390,1942,327,87,240,1615,122,1493,16.838311019567456,4.479917610710608,12.358393408856848,83.16168898043254,6.282183316168897,76.87950566426365
E00028392,436,117,44,73,319,23,296,26.834862385321102,10.091743119266056,16.743119266055047,73.1651376146789,5.275229357798166,67.88990825688074
E00028393,238,22,4,18,216,18,198,9.243697478991598,1.680672268907563,7.563025210084033,90.75630252100841,7.563025210084033,83.19327731092437
E00028394,206,17,5,12,189,6,183,8.25242718446602,2.4271844660194173,5.825242718446602,91.74757281553399,2.912621359223301,88.83495145631069
E00028395,308,74,34,40,234,8,226,24.025974025974026,11.03896103896104,12.987012987012985,75.97402597402598,2.5974025974025974,73.37662337662337
E00028396,225,44,18,26,181,13,168,19.555555555555557,8,11.555555555555555,80.44444444444444,5.777777777777778,74.66666666666667
E00028397,272,72,33,39,200,10,190,26.47058823529412,12.132352941176471,14.338235294117647,73.52941176470588,3.6764705882352944,69.85294117647058
E00028398,345,64,29,35,281,12,269,18.55072463768116,8.405797101449275,10.144927536231885,81.44927536231884,3.4782608695652173,77.97101449275362
E00028399,518,83,46,37,435,14,421,16.023166023166024,8.880308880308881,7.142857142857142,83.97683397683397,2.7027027027027026,81.27413127413128
E00028400,417,45,25,20,372,16,356,10.79136690647482,5.995203836930456,4.796163069544365,89.20863309352518,3.8369304556354913,85.37170263788968
E00028401,455,73,30,43,382,19,363,16.043956043956044,6.593406593406594,9.45054945054945,83.95604395604396,4.175824175824175,79.78021978021978
E00028402,511,104,54,50,407,9,398,20.352250489236788,10.567514677103718,9.784735812133071,79.6477495107632,1.761252446183953,77.88649706457925
E00028404,365,83,54,29,282,11,271,22.73972602739726,14.794520547945206,7.9452054794520555,77.26027397260275,3.0136986301369864,74.24657534246575
E00028405,218,56,34,22,162,8,154,25.688073394495415,15.59633027522936,10.091743119266056,74.31192660550458,3.669724770642202,70.64220183486239
E00028408,403,85,47,38,318,13,305,21.09181141439206,11.662531017369728,9.429280397022332,78.90818858560795,3.225806451612903,75.68238213399503
E00028410,331,80,49,31,251,11,240,24.169184290030213,14.803625377643503,9.365558912386707,75.83081570996978,3.3232628398791544,72.50755287009063
E00028411,577,52,27,25,525,7,518,9.01213171577123,4.679376083188909,4.332755632582322,90.98786828422877,1.2131715771230502,89.77469670710572
E00028412,229,66,44,22,163,19,144,28.82096069868996,19.213973799126638,9.606986899563319,71.17903930131004,8.296943231441048,62.882096069869
E00028413,249,69,45,24,180,10,170,27.710843373493976,18.072289156626507,9.63855421686747,72.28915662650603,4.016064257028113,68.27309236947792
E00028415,288,68,35,33,220,8,212,23.61111111111111,12.152777777777777,11.458333333333332,76.38888888888889,2.7777777777777777,73.61111111111111
E00028417,322,63,38,25,259,15,244,19.565217391304348,11.801242236024844,7.763975155279502,80.43478260869566,4.658385093167702,75.77639751552795
E00028418,271,75,44,31,196,9,187,27.67527675276753,16.236162361623617,11.439114391143912,72.32472324723247,3.3210332103321036,69.00369003690037
E00028419,414,75,40,35,339,26,313,18.115942028985508,9.66183574879227,8.454106280193237,81.88405797101449,6.280193236714976,75.60386473429952
E00028420,332,87,47,40,245,11,234,26.20481927710843,14.156626506024098,12.048192771084338,73.79518072289156,3.313253012048193,70.48192771084338
E00028421,341,59,26,33,282,27,255,17.302052785923756,7.624633431085044,9.67741935483871,82.69794721407625,7.9178885630498534,74.7800586510264
E00028422,257,60,29,31,197,19,178,23.346303501945524,11.284046692607005,12.062256809338521,76.65369649805449,7.392996108949417,69.26070038910505
E00028425,313,69,36,33,244,28,216,22.044728434504794,11.501597444089457,10.543130990415335,77.95527156549521,8.945686900958465,69.00958466453673
E00028426,293,51,23,28,242,21,221,17.4061433447099,7.849829351535837,9.556313993174061,82.5938566552901,7.167235494880546,75.42662116040955
E00028427,299,76,39,37,223,17,206,25.418060200668897,13.043478260869565,12.37458193979933,74.5819397993311,5.68561872909699,68.89632107023411
E00028429,313,64,30,34,249,24,225,20.447284345047922,9.584664536741213,10.86261980830671,79.55271565495208,7.667731629392971,71.8849840255591
E00028430,334,86,45,41,248,22,226,25.748502994011975,13.47305389221557,12.275449101796406,74.25149700598801,6.58682634730539,67.66467065868264
E00028431,290,35,18,17,255,20,235,12.068965517241379,6.206896551724138,5.862068965517241,87.93103448275862,6.896551724137931,81.03448275862068
E00028433,104,28,13,15,76,7,69,26.923076923076923,12.5,14.423076923076922,73.07692307692307,6.730769230769231,66.34615384615384
E00028434,287,44,18,26,243,20,223,15.33101045296167,6.2717770034843205,9.059233449477352,84.66898954703834,6.968641114982578,77.70034843205575
E00028435,228,47,17,30,181,18,163,20.614035087719298,7.456140350877193,13.157894736842104,79.3859649122807,7.894736842105263,71.49122807017544
E00028436,130,73,49,24,57,5,52,56.15384615384615,37.69230769230769,18.461538461538463,43.84615384615385,3.8461538461538463,40
E00028437,263,54,19,35,209,16,193,20.53231939163498,7.224334600760455,13.307984790874524,79.46768060836501,6.083650190114068,73.38403041825094
E00028438,317,62,18,44,255,14,241,19.558359621451103,5.678233438485805,13.880126182965299,80.4416403785489,4.416403785488959,76.02523659305994
E00028439,375,81,32,49,294,31,263,21.6,8.533333333333333,13.066666666666665,78.4,8.266666666666666,70.13333333333334
E00028440,345,62,31,31,283,27,256,17.971014492753625,8.985507246376812,8.985507246376812,82.02898550724638,7.82608695652174,74.20289855072464
E00028441,264,33,8,25,231,18,213,12.5,3.0303030303030303,9.469696969696969,87.5,6.8181818181818175,80.68181818181817
E00028442,449,100,43,57,349,23,326,22.271714922049,9.57683741648107,12.694877505567929,77.728285077951,5.122494432071269,72.60579064587974
E00028443,393,77,38,39,316,33,283,19.59287531806616,9.669211195928753,9.923664122137405,80.40712468193384,8.396946564885496,72.01017811704835
E00028444,238,61,21,40,177,15,162,25.630252100840334,8.823529411764707,16.80672268907563,74.36974789915966,6.302521008403361,68.0672268907563
E00028445,290,53,30,23,237,9,228,18.275862068965516,10.344827586206897,7.931034482758621,81.72413793103448,3.103448275862069,78.62068965517241
E00028446,204,71,36,35,133,18,115,34.80392156862745,17.647058823529413,17.15686274509804,65.19607843137256,8.823529411764707,56.372549019607845
E00028447,324,62,31,31,262,22,240,19.1358024691358,9.5679012345679,9.5679012345679,80.8641975308642,6.790123456790123,74.07407407407408
E00028448,242,71,40,31,171,17,154,29.338842975206614,16.528925619834713,12.8099173553719,70.66115702479338,7.024793388429752,63.63636363636363
E00028449,245,59,27,32,186,21,165,24.081632653061224,11.020408163265307,13.061224489795919,75.91836734693878,8.571428571428571,67.3469387755102
E00028450,318,48,23,25,270,23,247,15.09433962264151,7.232704402515723,7.861635220125786,84.90566037735849,7.232704402515723,77.67295597484278
E00028451,307,74,30,44,233,16,217,24.104234527687296,9.77198697068404,14.332247557003258,75.8957654723127,5.211726384364821,70.68403908794788
E00028452,325,58,26,32,267,24,243,17.846153846153847,8,9.846153846153847,82.15384615384616,7.384615384615385,74.76923076923076
E00028453,269,44,18,26,225,27,198,16.356877323420075,6.691449814126393,9.66542750929368,83.64312267657994,10.037174721189592,73.60594795539033
E00028454,315,69,36,33,246,24,222,21.904761904761905,11.428571428571429,10.476190476190476,78.0952380952381,7.6190476190476195,70.47619047619048
E00028455,247,37,11,26,210,19,191,14.979757085020243,4.4534412955465585,10.526315789473683,85.02024291497976,7.6923076923076925,77.32793522267207
E00028456,285,42,17,25,243,29,214,14.736842105263156,5.964912280701754,8.771929824561402,85.26315789473684,10.175438596491228,75.08771929824562
E00028457,355,57,23,34,298,17,281,16.056338028169016,6.478873239436619,9.577464788732394,83.94366197183099,4.788732394366197,79.15492957746478
E00028458,337,57,21,36,280,33,247,16.913946587537094,6.231454005934718,10.682492581602373,83.08605341246292,9.792284866468842,73.29376854599407
E00028459,372,73,24,49,299,12,287,19.623655913978492,6.451612903225806,13.172043010752688,80.3763440860215,3.225806451612903,77.15053763440861
E00028460,331,66,35,31,265,12,253,19.939577039274926,10.574018126888216,9.365558912386707,80.06042296072508,3.625377643504532,76.43504531722054
E00028461,312,45,21,24,267,26,241,14.423076923076922,6.730769230769231,7.6923076923076925,85.57692307692307,8.333333333333332,77.24358974358975
E00028462,268,52,19,33,216,25,191,19.402985074626866,7.08955223880597,12.313432835820896,80.59701492537313,9.328358208955224,71.26865671641791
E00028463,327,50,21,29,277,33,244,15.29051987767584,6.422018348623854,8.868501529051988,84.70948012232415,10.091743119266056,74.61773700305811
E00028464,353,63,25,38,290,29,261,17.847025495750707,7.0821529745042495,10.764872521246458,82.15297450424929,8.21529745042493,73.93767705382436
E00028465,347,58,20,38,289,17,272,16.714697406340058,5.763688760806916,10.951008645533141,83.28530259365994,4.899135446685879,78.38616714697406
E00028466,378,115,54,61,263,33,230,30.423280423280424,14.285714285714285,16.137566137566136,69.57671957671958,8.73015873015873,60.84656084656085
E00028467,288,41,22,19,247,22,225,14.23611111111111,7.638888888888889,6.597222222222222,85.76388888888889,7.638888888888889,78.125
E00028468,293,48,15,33,245,21,224,16.38225255972696,5.1194539249146755,11.262798634812286,83.61774744027304,7.167235494880546,76.45051194539249
E00028469,246,55,26,29,191,16,175,22.35772357723577,10.569105691056912,11.788617886178862,77.64227642276423,6.504065040650407,71.13821138211382
E00028470,313,44,11,33,269,16,253,14.057507987220447,3.5143769968051117,10.543130990415335,85.94249201277955,5.111821086261981,80.83067092651757
E00028471,336,78,56,22,258,12,246,23.214285714285715,16.666666666666664,6.547619047619048,76.78571428571429,3.571428571428571,73.21428571428571
E00028472,309,53,20,33,256,19,237,17.15210355987055,6.472491909385113,10.679611650485436,82.84789644012946,6.148867313915858,76.69902912621359
E00028473,310,65,43,22,245,23,222,20.967741935483872,13.870967741935484,7.096774193548387,79.03225806451613,7.419354838709677,71.61290322580646
E00028474,311,64,29,35,247,24,223,20.578778135048232,9.32475884244373,11.254019292604502,79.42122186495176,7.717041800643088,71.70418006430869
E00028475,292,31,13,18,261,23,238,10.616438356164384,4.4520547945205475,6.164383561643835,89.38356164383562,7.876712328767123,81.5068493150685
E00028476,293,58,27,31,235,20,215,19.795221843003414,9.215017064846416,10.580204778156997,80.2047781569966,6.825938566552901,73.37883959044369
E00028477,235,47,18,29,188,21,167,20,7.659574468085106,12.340425531914894,80,8.936170212765958,71.06382978723404
E00028478,275,55,35,20,220,11,209,20,12.727272727272727,7.2727272727272725,80,4,76
E00028479,279,72,34,38,207,12,195,25.806451612903224,12.186379928315413,13.620071684587815,74.19354838709677,4.301075268817205,69.89247311827957
E00028480,364,61,28,33,303,20,283,16.758241758241756,7.6923076923076925,9.065934065934066,83.24175824175825,5.4945054945054945,77.74725274725274
E00028481,260,66,25,41,194,25,169,25.384615384615383,9.615384615384617,15.769230769230768,74.61538461538461,9.615384615384617,65
E00028482,338,73,29,44,265,25,240,21.597633136094675,8.579881656804734,13.017751479289942,78.40236686390533,7.396449704142012,71.00591715976331
E00028483,365,47,23,24,318,29,289,12.876712328767123,6.301369863013699,6.575342465753424,87.12328767123287,7.9452054794520555,79.17808219178082
E00028484,257,34,20,14,223,28,195,13.229571984435799,7.782101167315175,5.447470817120623,86.7704280155642,10.894941634241246,75.87548638132296
E00028485,282,30,12,18,252,14,238,10.638297872340425,4.25531914893617,6.382978723404255,89.36170212765957,4.964539007092199,84.39716312056737
E00028486,232,37,12,25,195,13,182,15.948275862068966,5.172413793103448,10.775862068965516,84.05172413793103,5.603448275862069,78.44827586206897
E00028487,335,50,16,34,285,29,256,14.925373134328357,4.776119402985075,10.149253731343283,85.07462686567165,8.656716417910449,76.4179104477612
E00028488,395,75,40,35,320,36,284,18.9873417721519,10.126582278481013,8.860759493670885,81.0126582278481,9.113924050632912,71.89873417721519
E00028489,285,36,17,19,249,20,229,12.631578947368421,5.964912280701754,6.666666666666667,87.36842105263159,7.017543859649122,80.35087719298247
E00028490,335,55,25,30,280,22,258,16.417910447761194,7.462686567164178,8.955223880597014,83.5820895522388,6.567164179104477,77.01492537313432
E00028491,282,41,20,21,241,22,219,14.539007092198581,7.092198581560284,7.446808510638298,85.46099290780141,7.801418439716312,77.6595744680851
E00028492,296,40,21,19,256,21,235,13.513513513513514,7.094594594594595,6.418918918918918,86.48648648648648,7.094594594594595,79.3918918918919
E00028493,303,44,14,30,259,22,237,14.521452145214523,4.62046204620462,9.900990099009901,85.47854785478548,7.2607260726072615,78.21782178217822
E00028494,316,66,33,33,250,25,225,20.88607594936709,10.443037974683545,10.443037974683545,79.11392405063292,7.9113924050632916,71.20253164556962
E00028495,283,48,20,28,235,33,202,16.96113074204947,7.06713780918728,9.89399293286219,83.03886925795054,11.66077738515901,71.37809187279152
E00028496,202,34,15,19,168,14,154,16.831683168316832,7.425742574257425,9.405940594059405,83.16831683168317,6.9306930693069315,76.23762376237624
E00028497,225,55,29,26,170,12,158,24.444444444444443,12.88888888888889,11.555555555555555,75.55555555555556,5.333333333333334,70.22222222222221
E00028498,314,45,21,24,269,25,244,14.331210191082802,6.687898089171974,7.643312101910828,85.6687898089172,7.961783439490445,77.70700636942675
E00028499,307,55,23,32,252,22,230,17.91530944625407,7.491856677524431,10.423452768729643,82.08469055374593,7.166123778501629,74.9185667752443
E00028500,369,120,76,44,249,30,219,32.52032520325203,20.59620596205962,11.924119241192411,67.47967479674797,8.130081300813007,59.34959349593496
E00028501,282,71,33,38,211,23,188,25.177304964539005,11.702127659574469,13.47517730496454,74.822695035461,8.156028368794328,66.66666666666666
E00028502,262,55,21,34,207,25,182,20.99236641221374,8.015267175572518,12.977099236641221,79.00763358778626,9.541984732824428,69.46564885496184
E00028503,571,217,100,117,354,21,333,38.003502626970224,17.513134851138354,20.490367775831874,61.99649737302977,3.677758318739054,58.31873905429072
E00028504,382,96,52,44,286,27,259,25.13089005235602,13.612565445026178,11.518324607329843,74.86910994764398,7.068062827225131,67.80104712041884
E00028505,224,98,58,40,126,18,108,43.75,25.892857142857146,17.857142857142858,56.25,8.035714285714286,48.214285714285715
E00028506,271,65,38,27,206,14,192,23.985239852398525,14.022140221402212,9.96309963099631,76.01476014760148,5.166051660516605,70.84870848708486
E00028507,269,42,9,33,227,21,206,15.613382899628252,3.3457249070631967,12.267657992565056,84.38661710037175,7.806691449814126,76.57992565055763
E00028508,345,52,25,27,293,19,274,15.072463768115943,7.246376811594203,7.82608695652174,84.92753623188406,5.507246376811594,79.42028985507247
E00028509,320,54,18,36,266,20,246,16.875,5.625,11.25,83.125,6.25,76.875
E00028510,316,56,20,36,260,20,240,17.72151898734177,6.329113924050633,11.39240506329114,82.27848101265823,6.329113924050633,75.9493670886076
E00028511,396,56,24,32,340,29,311,14.14141414141414,6.0606060606060606,8.080808080808081,85.85858585858585,7.3232323232323235,78.53535353535354
E00028512,276,79,47,32,197,13,184,28.6231884057971,17.02898550724638,11.594202898550725,71.37681159420289,4.710144927536232,66.66666666666666
E00028513,369,48,15,33,321,25,296,13.008130081300814,4.0650406504065035,8.94308943089431,86.99186991869918,6.775067750677506,80.21680216802169
E00028514,314,42,17,25,272,22,250,13.375796178343949,5.414012738853503,7.961783439490445,86.62420382165605,7.006369426751593,79.61783439490446
E00028515,422,49,16,33,373,31,342,11.61137440758294,3.7914691943127963,7.819905213270142,88.38862559241706,7.345971563981042,81.04265402843602
E00028516,313,71,46,25,242,15,227,22.683706070287542,14.696485623003195,7.987220447284344,77.31629392971246,4.792332268370607,72.52396166134186
E00028517,326,50,20,30,276,22,254,15.337423312883436,6.134969325153374,9.202453987730062,84.66257668711657,6.748466257668712,77.91411042944786
E00028518,410,68,23,45,342,35,307,16.585365853658537,5.609756097560976,10.975609756097562,83.41463414634146,8.536585365853659,74.8780487804878
E00028519,293,63,34,29,230,27,203,21.501706484641637,11.604095563139932,9.897610921501707,78.49829351535837,9.215017064846416,69.28327645051195
E00028520,228,49,25,24,179,20,159,21.49122807017544,10.964912280701753,10.526315789473683,78.50877192982456,8.771929824561402,69.73684210526315
E00028521,306,40,16,24,266,25,241,13.071895424836603,5.228758169934641,7.8431372549019605,86.9281045751634,8.169934640522875,78.75816993464052
E00028522,270,45,10,35,225,25,200,16.666666666666664,3.7037037037037033,12.962962962962962,83.33333333333334,9.25925925925926,74.07407407407408
E00028523,308,33,8,25,275,26,249,10.714285714285714,2.5974025974025974,8.116883116883116,89.28571428571429,8.441558441558442,80.84415584415584
E00028524,269,47,20,27,222,18,204,17.472118959107807,7.434944237918216,10.037174721189592,82.5278810408922,6.691449814126393,75.8364312267658
E00028525,464,68,21,47,396,31,365,14.655172413793101,4.525862068965517,10.129310344827585,85.34482758620689,6.68103448275862,78.66379310344827
E00028526,207,44,28,16,163,20,143,21.256038647342994,13.526570048309178,7.729468599033816,78.74396135265701,9.66183574879227,69.08212560386472
E00028527,152,56,31,25,96,12,84,36.84210526315789,20.394736842105264,16.447368421052634,63.1578947368421,7.894736842105263,55.26315789473685
E00028528,223,94,50,44,129,18,111,42.152466367713004,22.421524663677133,19.730941704035875,57.847533632286996,8.071748878923767,49.775784753363226
E00028529,150,72,34,38,78,7,71,48,22.666666666666664,25.333333333333336,52,4.666666666666667,47.333333333333336
E00028530,298,77,49,28,221,19,202,25.838926174496645,16.44295302013423,9.395973154362416,74.16107382550335,6.375838926174497,67.78523489932886
E00028531,291,41,18,23,250,21,229,14.0893470790378,6.185567010309279,7.903780068728522,85.91065292096219,7.216494845360824,78.69415807560138
E00028532,254,71,44,27,183,5,178,27.95275590551181,17.322834645669293,10.62992125984252,72.04724409448819,1.968503937007874,70.07874015748031
E00028534,565,114,45,69,451,34,417,20.17699115044248,7.964601769911504,12.212389380530974,79.82300884955752,6.017699115044247,73.80530973451327
E00028535,338,52,26,26,286,10,276,15.384615384615385,7.6923076923076925,7.6923076923076925,84.61538461538461,2.9585798816568047,81.65680473372781
E00028536,324,81,38,43,243,13,230,25,11.728395061728394,13.271604938271606,75,4.012345679012346,70.98765432098766
E00028537,300,63,25,38,237,16,221,21,8.333333333333332,12.666666666666668,79,5.333333333333334,73.66666666666667
E00028539,352,76,37,39,276,17,259,21.59090909090909,10.511363636363637,11.079545454545455,78.4090909090909,4.829545454545454,73.57954545454545
E00028540,310,42,15,27,268,23,245,13.548387096774196,4.838709677419355,8.709677419354838,86.45161290322581,7.419354838709677,79.03225806451613
E00028541,316,95,67,28,221,25,196,30.063291139240505,21.202531645569618,8.860759493670885,69.9367088607595,7.9113924050632916,62.0253164556962
E00028542,258,57,29,28,201,22,179,22.093023255813954,11.24031007751938,10.852713178294573,77.90697674418605,8.527131782945736,69.37984496124031
E00028543,372,59,27,32,313,27,286,15.86021505376344,7.258064516129033,8.60215053763441,84.13978494623656,7.258064516129033,76.88172043010752
E00028544,295,41,17,24,254,23,231,13.898305084745763,5.762711864406779,8.135593220338983,86.10169491525423,7.796610169491526,78.30508474576271
E00028545,266,73,42,31,193,13,180,27.44360902255639,15.789473684210526,11.654135338345863,72.55639097744361,4.887218045112782,67.66917293233082
E00028546,306,72,35,37,234,15,219,23.52941176470588,11.437908496732026,12.091503267973856,76.47058823529412,4.901960784313726,71.56862745098039
E00028547,301,69,28,41,232,24,208,22.92358803986711,9.30232558139535,13.621262458471762,77.0764119601329,7.973421926910299,69.10299003322258
E00028548,286,67,28,39,219,17,202,23.426573426573427,9.79020979020979,13.636363636363635,76.57342657342657,5.944055944055944,70.62937062937063
E00028549,345,81,41,40,264,21,243,23.47826086956522,11.884057971014492,11.594202898550725,76.52173913043478,6.086956521739131,70.43478260869566
E00028550,310,94,42,52,216,11,205,30.32258064516129,13.548387096774196,16.7741935483871,69.6774193548387,3.5483870967741935,66.12903225806451
E00028551,331,37,15,22,294,31,263,11.178247734138973,4.531722054380665,6.646525679758309,88.82175226586104,9.365558912386707,79.45619335347432
E00028552,309,77,42,35,232,22,210,24.919093851132686,13.592233009708737,11.326860841423949,75.08090614886731,7.119741100323624,67.96116504854369
E00028553,277,71,39,32,206,18,188,25.63176895306859,14.079422382671481,11.552346570397113,74.36823104693141,6.4981949458483745,67.87003610108303
E00028554,200,58,30,28,142,14,128,28.999999999999996,15,14.000000000000002,71,7.000000000000001,64
E00028555,287,61,30,31,226,21,205,21.254355400696863,10.452961672473867,10.801393728222997,78.74564459930313,7.317073170731707,71.42857142857143
E00028556,328,85,45,40,243,11,232,25.914634146341463,13.719512195121952,12.195121951219512,74.08536585365853,3.353658536585366,70.73170731707317
E00028557,288,59,26,33,229,25,204,20.48611111111111,9.027777777777777,11.458333333333332,79.51388888888889,8.680555555555555,70.83333333333334
E00028558,259,59,27,32,200,14,186,22.779922779922778,10.424710424710424,12.355212355212355,77.22007722007721,5.405405405405405,71.81467181467181
E00028559,202,55,20,35,147,15,132,27.22772277227723,9.900990099009901,17.326732673267326,72.77227722772277,7.425742574257425,65.34653465346535
E00028560,272,38,15,23,234,19,215,13.970588235294118,5.514705882352941,8.455882352941178,86.02941176470588,6.985294117647059,79.04411764705883
E00028561,248,59,23,36,189,13,176,23.790322580645164,9.274193548387096,14.516129032258066,76.20967741935483,5.241935483870968,70.96774193548387
E00028562,206,51,25,26,155,13,142,24.75728155339806,12.135922330097088,12.62135922330097,75.24271844660194,6.310679611650485,68.93203883495146
E00028563,241,53,21,32,188,28,160,21.991701244813278,8.71369294605809,13.278008298755188,78.00829875518673,11.618257261410788,66.39004149377593
E00028564,342,49,25,24,293,26,267,14.327485380116958,7.309941520467836,7.017543859649122,85.67251461988305,7.602339181286549,78.0701754385965
E00028565,257,40,15,25,217,16,201,15.56420233463035,5.836575875486381,9.72762645914397,84.43579766536965,6.22568093385214,78.21011673151752
E00028566,262,25,11,14,237,17,220,9.541984732824428,4.198473282442748,5.343511450381679,90.45801526717557,6.488549618320611,83.96946564885496
E00028567,298,58,22,36,240,27,213,19.463087248322147,7.38255033557047,12.080536912751679,80.53691275167785,9.060402684563758,71.47651006711409
E00028568,275,45,22,23,230,15,215,16.363636363636363,8,8.363636363636363,83.63636363636363,5.454545454545454,78.18181818181819
E00028569,430,54,20,34,376,18,358,12.558139534883722,4.651162790697675,7.906976744186046,87.44186046511628,4.186046511627907,83.25581395348837
E00028570,292,45,17,28,247,20,227,15.41095890410959,5.821917808219178,9.58904109589041,84.58904109589042,6.8493150684931505,77.73972602739725
E00028571,328,58,28,30,270,24,246,17.682926829268293,8.536585365853659,9.146341463414634,82.3170731707317,7.317073170731707,75
E00028572,375,97,49,48,278,12,266,25.866666666666667,13.066666666666665,12.8,74.13333333333333,3.2,70.93333333333334
E00028573,335,78,36,42,257,24,233,23.283582089552237,10.746268656716417,12.53731343283582,76.71641791044776,7.164179104477612,69.55223880597015
E00028575,346,68,44,24,278,18,260,19.653179190751445,12.716763005780345,6.9364161849710975,80.34682080924856,5.202312138728324,75.14450867052022
E00028576,269,51,29,22,218,9,209,18.95910780669145,10.780669144981413,8.178438661710038,81.04089219330855,3.3457249070631967,77.69516728624535
E00028577,450,47,17,30,403,26,377,10.444444444444445,3.7777777777777777,6.666666666666667,89.55555555555556,5.777777777777778,83.77777777777777
E00028578,323,65,32,33,258,25,233,20.123839009287924,9.907120743034056,10.21671826625387,79.87616099071208,7.739938080495357,72.13622291021672
E00028579,385,57,30,27,328,23,305,14.805194805194805,7.792207792207792,7.012987012987012,85.19480519480518,5.974025974025974,79.22077922077922
E00028580,302,53,23,30,249,15,234,17.549668874172188,7.6158940397351,9.933774834437086,82.45033112582782,4.966887417218543,77.48344370860927
E00028581,418,73,40,33,345,14,331,17.464114832535884,9.569377990430622,7.894736842105263,82.53588516746412,3.349282296650718,79.18660287081339
E00028582,288,44,18,26,244,13,231,15.277777777777779,6.25,9.027777777777777,84.72222222222221,4.513888888888888,80.20833333333334
E00028584,337,67,35,32,270,12,258,19.881305637982198,10.385756676557865,9.495548961424333,80.1186943620178,3.5608308605341246,76.55786350148368
E00028585,286,42,16,26,244,17,227,14.685314685314685,5.594405594405594,9.090909090909092,85.3146853146853,5.944055944055944,79.37062937062937
E00028587,397,37,17,20,360,17,343,9.319899244332493,4.282115869017632,5.037783375314862,90.6801007556675,4.282115869017632,86.39798488664987
E00028588,512,67,33,34,445,16,429,13.0859375,6.4453125,6.640625,86.9140625,3.125,83.7890625
E00028590,480,104,54,50,376,24,352,21.666666666666668,11.25,10.416666666666668,78.33333333333333,5,73.33333333333333
E00028591,486,44,24,20,442,13,429,9.053497942386832,4.938271604938271,4.11522633744856,90.94650205761316,2.674897119341564,88.27160493827161
E00028592,210,46,27,19,164,6,158,21.904761904761905,12.857142857142856,9.047619047619047,78.0952380952381,2.857142857142857,75.23809523809524
E00028594,348,79,44,35,269,10,259,22.701149425287355,12.643678160919542,10.057471264367816,77.29885057471265,2.8735632183908044,74.42528735632183
E00028595,196,41,19,22,155,4,151,20.918367346938776,9.693877551020408,11.224489795918368,79.08163265306123,2.0408163265306123,77.04081632653062
E00028596,277,33,12,21,244,13,231,11.913357400722022,4.332129963898916,7.581227436823104,88.08664259927798,4.693140794223827,83.39350180505414
E00028597,457,84,43,41,373,20,353,18.38074398249453,9.409190371991247,8.971553610503284,81.61925601750546,4.3763676148796495,77.24288840262582
E00028598,618,92,31,61,526,11,515,14.886731391585762,5.016181229773463,9.870550161812297,85.11326860841424,1.779935275080906,83.33333333333334
E00028599,475,88,37,51,387,19,368,18.526315789473685,7.7894736842105265,10.73684210526316,81.47368421052632,4,77.47368421052632
E00028600,280,49,20,29,231,14,217,17.5,7.142857142857142,10.357142857142858,82.5,5,77.5
E00028601,302,47,14,33,255,22,233,15.562913907284766,4.635761589403973,10.927152317880795,84.43708609271523,7.28476821192053,77.15231788079471
E00028602,384,50,24,26,334,14,320,13.020833333333334,6.25,6.770833333333333,86.97916666666666,3.6458333333333335,83.33333333333334
E00028603,244,55,23,32,189,22,167,22.540983606557376,9.426229508196721,13.114754098360656,77.45901639344262,9.01639344262295,68.44262295081968
E00028604,579,58,31,27,521,25,496,10.01727115716753,5.354058721934369,4.66321243523316,89.98272884283247,4.317789291882556,85.66493955094991
E00028605,366,70,42,28,296,21,275,19.12568306010929,11.475409836065573,7.650273224043716,80.87431693989072,5.737704918032787,75.13661202185791
E00028606,319,54,34,20,265,12,253,16.927899686520377,10.658307210031348,6.269592476489027,83.07210031347962,3.761755485893417,79.3103448275862
E00028607,461,49,18,31,412,11,401,10.629067245119305,3.9045553145336225,6.724511930585683,89.3709327548807,2.386117136659436,86.98481561822126
E00028608,306,36,15,21,270,17,253,11.76470588235294,4.901960784313726,6.862745098039216,88.23529411764706,5.555555555555555,82.6797385620915
E00028609,360,39,15,24,321,14,307,10.833333333333334,4.166666666666666,6.666666666666667,89.16666666666667,3.888888888888889,85.27777777777777
E00028610,204,44,13,31,160,16,144,21.568627450980394,6.372549019607843,15.196078431372548,78.43137254901961,7.8431372549019605,70.58823529411765
E00028611,289,41,14,27,248,15,233,14.186851211072666,4.844290657439446,9.342560553633218,85.81314878892734,5.190311418685121,80.62283737024222
E00028612,308,60,21,39,248,21,227,19.480519480519483,6.8181818181818175,12.662337662337661,80.51948051948052,6.8181818181818175,73.7012987012987
E00028613,240,54,28,26,186,19,167,22.5,11.666666666666666,10.833333333333334,77.5,7.916666666666666,69.58333333333333
E00028616,155,26,14,12,129,12,117,16.7741935483871,9.032258064516128,7.741935483870968,83.22580645161291,7.741935483870968,75.48387096774194
E00028617,406,64,30,34,342,23,319,15.763546798029557,7.389162561576355,8.374384236453201,84.23645320197043,5.665024630541872,78.57142857142857
E00028620,337,81,44,37,256,10,246,24.03560830860534,13.056379821958458,10.979228486646884,75.96439169139467,2.967359050445104,72.99703264094956
E00028621,242,49,20,29,193,16,177,20.24793388429752,8.264462809917356,11.983471074380166,79.75206611570248,6.6115702479338845,73.14049586776859
E00028622,435,68,23,45,367,26,341,15.632183908045977,5.287356321839081,10.344827586206897,84.36781609195401,5.977011494252873,78.39080459770115
E00028623,287,56,31,25,231,16,215,19.51219512195122,10.801393728222997,8.710801393728223,80.48780487804879,5.574912891986063,74.91289198606272
E00028624,387,57,23,34,330,18,312,14.728682170542637,5.943152454780361,8.785529715762273,85.27131782945736,4.651162790697675,80.62015503875969
E00028625,398,65,29,36,333,18,315,16.331658291457288,7.2864321608040195,9.045226130653267,83.66834170854271,4.522613065326634,79.14572864321609
E00028626,352,102,57,45,250,16,234,28.97727272727273,16.193181818181817,12.784090909090908,71.02272727272727,4.545454545454546,66.47727272727273
E00028628,288,79,44,35,209,13,196,27.430555555555557,15.277777777777779,12.152777777777777,72.56944444444444,4.513888888888888,68.05555555555556
E00028629,271,48,27,21,223,9,214,17.712177121771216,9.96309963099631,7.7490774907749085,82.28782287822878,3.3210332103321036,78.96678966789668
E00028630,504,83,25,58,421,25,396,16.46825396825397,4.9603174603174605,11.507936507936508,83.53174603174604,4.9603174603174605,78.57142857142857
E00028631,339,66,25,41,273,32,241,19.469026548672566,7.374631268436578,12.094395280235988,80.53097345132744,9.43952802359882,71.09144542772862
E00028632,365,84,42,42,281,22,259,23.013698630136986,11.506849315068493,11.506849315068493,76.98630136986301,6.027397260273973,70.95890410958904
E00028633,405,50,27,23,355,13,342,12.345679012345679,6.666666666666667,5.679012345679013,87.65432098765432,3.2098765432098766,84.44444444444444
E00028634,358,101,49,52,257,21,236,28.212290502793298,13.687150837988826,14.52513966480447,71.7877094972067,5.865921787709497,65.92178770949721
E00028638,202,19,6,13,183,12,171,9.405940594059405,2.9702970297029703,6.435643564356436,90.5940594059406,5.9405940594059405,84.65346534653465
E00028639,328,59,25,34,269,20,249,17.98780487804878,7.621951219512195,10.365853658536585,82.01219512195121,6.097560975609756,75.91463414634147
E00028640,288,85,47,38,203,17,186,29.51388888888889,16.319444444444446,13.194444444444445,70.48611111111111,5.902777777777778,64.58333333333334
E00028641,454,100,44,56,354,27,327,22.026431718061673,9.691629955947137,12.334801762114537,77.97356828193833,5.947136563876652,72.02643171806167
E00028642,376,88,38,50,288,15,273,23.404255319148938,10.106382978723403,13.297872340425531,76.59574468085107,3.9893617021276597,72.6063829787234
E00028643,307,83,44,39,224,11,213,27.035830618892508,14.332247557003258,12.703583061889251,72.9641693811075,3.5830618892508146,69.38110749185668
E00028644,487,103,52,51,384,21,363,21.149897330595483,10.677618069815194,10.472279260780287,78.85010266940452,4.312114989733059,74.53798767967146
E00028645,294,101,52,49,193,5,188,34.35374149659864,17.687074829931973,16.666666666666664,65.64625850340136,1.7006802721088436,63.94557823129252
E00028646,269,71,38,33,198,7,191,26.394052044609666,14.12639405204461,12.267657992565056,73.60594795539033,2.6022304832713754,71.00371747211895
E00028647,372,109,66,43,263,17,246,29.301075268817208,17.741935483870968,11.559139784946236,70.6989247311828,4.56989247311828,66.12903225806451
E00028648,400,88,42,46,312,24,288,22,10.5,11.5,78,6,72
E00028649,298,71,39,32,227,15,212,23.825503355704697,13.087248322147651,10.738255033557047,76.1744966442953,5.033557046979865,71.14093959731544
E00028650,357,78,41,37,279,24,255,21.84873949579832,11.484593837535014,10.364145658263306,78.15126050420169,6.722689075630252,71.42857142857143
E00028651,351,72,39,33,279,14,265,20.51282051282051,11.11111111111111,9.401709401709402,79.48717948717949,3.9886039886039883,75.49857549857549
E00028652,350,103,50,53,247,10,237,29.428571428571427,14.285714285714285,15.142857142857144,70.57142857142857,2.857142857142857,67.71428571428572
E00028653,251,48,26,22,203,12,191,19.12350597609562,10.358565737051793,8.764940239043826,80.87649402390437,4.780876494023905,76.09561752988047
E00028654,257,54,28,26,203,14,189,21.011673151750973,10.894941634241246,10.116731517509727,78.98832684824903,5.447470817120623,73.54085603112841
E00028655,312,85,41,44,227,17,210,27.24358974358974,13.141025641025642,14.102564102564102,72.75641025641025,5.448717948717949,67.3076923076923
E00028656,294,42,14,28,252,15,237,14.285714285714285,4.761904761904762,9.523809523809524,85.71428571428571,5.1020408163265305,80.61224489795919
E00028657,270,41,20,21,229,15,214,15.185185185185185,7.4074074074074066,7.777777777777778,84.81481481481481,5.555555555555555,79.25925925925927
E00028658,411,64,30,34,347,21,326,15.571776155717762,7.2992700729927,8.27250608272506,84.42822384428223,5.109489051094891,79.31873479318735
E00028659,373,86,45,41,287,19,268,23.056300268096514,12.064343163538874,10.991957104557642,76.94369973190348,5.093833780160858,71.84986595174263
E00028660,320,76,38,38,244,21,223,23.75,11.875,11.875,76.25,6.5625,69.6875
E00028661,460,153,71,82,307,18,289,33.26086956521739,15.434782608695652,17.82608695652174,66.73913043478261,3.91304347826087,62.82608695652174
E00028662,405,114,48,66,291,15,276,28.14814814814815,11.851851851851853,16.296296296296298,71.85185185185186,3.7037037037037033,68.14814814814815
E00028663,342,87,53,34,255,12,243,25.438596491228072,15.497076023391813,9.941520467836257,74.56140350877193,3.508771929824561,71.05263157894737
E00028664,386,76,37,39,310,15,295,19.689119170984455,9.585492227979273,10.103626943005182,80.31088082901555,3.8860103626943006,76.42487046632125
E00028665,490,128,73,55,362,19,343,26.122448979591837,14.897959183673471,11.224489795918368,73.87755102040816,3.877551020408163,70
E00028666,323,59,30,29,264,11,253,18.26625386996904,9.287925696594428,8.978328173374612,81.73374613003097,3.4055727554179565,78.328173374613
E00028667,495,107,53,54,388,21,367,21.616161616161616,10.707070707070706,10.909090909090908,78.3838383838384,4.242424242424243,74.14141414141415
E00028668,347,71,37,34,276,12,264,20.461095100864554,10.662824207492795,9.798270893371757,79.53890489913545,3.45821325648415,76.0806916426513
E00028669,316,72,31,41,244,23,221,22.78481012658228,9.81012658227848,12.974683544303797,77.21518987341773,7.2784810126582276,69.9367088607595
E00028670,264,74,43,31,190,11,179,28.030303030303028,16.28787878787879,11.742424242424242,71.96969696969697,4.166666666666666,67.8030303030303
E00028671,318,77,37,40,241,18,223,24.21383647798742,11.635220125786164,12.578616352201259,75.78616352201259,5.660377358490567,70.12578616352201
E00028672,203,53,25,28,150,8,142,26.108374384236456,12.31527093596059,13.793103448275861,73.89162561576354,3.9408866995073892,69.95073891625616
E00028673,284,82,40,42,202,14,188,28.87323943661972,14.084507042253522,14.788732394366196,71.12676056338029,4.929577464788732,66.19718309859155
E00028674,223,86,50,36,137,7,130,38.56502242152467,22.421524663677133,16.143497757847534,61.43497757847533,3.1390134529147984,58.29596412556054
E00028675,277,62,39,23,215,16,199,22.382671480144403,14.079422382671481,8.303249097472925,77.6173285198556,5.776173285198556,71.84115523465704
E00028677,269,71,43,28,198,20,178,26.394052044609666,15.985130111524162,10.408921933085502,73.60594795539033,7.434944237918216,66.17100371747212
E00028681,439,90,46,44,349,26,323,20.50113895216401,10.478359908883828,10.022779043280181,79.49886104783599,5.922551252847381,73.57630979498862
E00028684,268,66,40,26,202,10,192,24.62686567164179,14.925373134328357,9.701492537313433,75.3731343283582,3.731343283582089,71.64179104477611
E00028686,245,54,31,23,191,13,178,22.040816326530614,12.653061224489795,9.387755102040817,77.9591836734694,5.3061224489795915,72.6530612244898
E00028688,236,29,7,22,207,21,186,12.288135593220339,2.9661016949152543,9.322033898305085,87.71186440677965,8.898305084745763,78.8135593220339
E00028689,308,38,7,31,270,28,242,12.337662337662337,2.272727272727273,10.064935064935066,87.66233766233766,9.090909090909092,78.57142857142857
E00028690,233,32,5,27,201,20,181,13.733905579399142,2.1459227467811157,11.587982832618025,86.26609442060087,8.583690987124463,77.6824034334764
E00028692,356,73,48,25,283,6,277,20.50561797752809,13.48314606741573,7.02247191011236,79.49438202247191,1.6853932584269662,77.80898876404494
E00028693,331,69,40,29,262,20,242,20.84592145015106,12.084592145015106,8.761329305135952,79.15407854984893,6.042296072507553,73.111782477341393
E00028695,301,75,42,33,226,9,217,24.916943521594686,13.953488372093023,10.96345514950166,75.08305647840533,2.990033222591362,72.09302325581395
E00028696,401,74,41,33,327,15,312,18.453865336658353,10.224438902743142,8.229426433915211,81.54613466334165,3.7406483790523692,77.80548628428927
E00028697,381,73,39,34,308,12,296,19.160104986876643,10.236220472440944,8.923884514435695,80.83989501312337,3.149606299212598,77.69028871391076
E00028698,330,77,43,34,253,16,237,23.333333333333332,13.030303030303031,10.303030303030303,76.66666666666667,4.848484848484849,71.81818181818181
E00028699,304,78,47,31,226,13,213,25.657894736842106,15.460526315789474,10.197368421052632,74.3421052631579,4.276315789473684,70.06578947368422
E00028701,248,60,31,29,188,6,182,24.193548387096776,12.5,11.693548387096774,75.80645161290323,2.4193548387096775,73.38709677419355
E00028702,346,78,42,36,268,22,246,22.54335260115607,12.138728323699421,10.404624277456648,77.45664739884393,6.358381502890173,71.09826589595376
E00028703,288,74,31,43,214,16,198,25.694444444444443,10.76388888888889,14.930555555555555,74.30555555555556,5.555555555555555,68.75
E00028704,269,46,24,22,223,18,205,17.100371747211895,8.921933085501859,8.178438661710038,82.8996282527881,6.691449814126393,76.2081784386617
E00028705,350,83,42,41,267,23,244,23.714285714285715,12,11.714285714285715,76.28571428571429,6.571428571428571,69.71428571428572
E00028706,340,49,28,21,291,15,276,14.411764705882351,8.235294117647058,6.176470588235294,85.58823529411764,4.411764705882353,81.17647058823529
E00028707,304,44,13,31,260,19,241,14.473684210526317,4.276315789473684,10.197368421052632,85.52631578947368,6.25,79.27631578947368
E00028708,288,56,21,35,232,25,207,19.444444444444446,7.291666666666667,12.152777777777777,80.55555555555556,8.680555555555555,71.875
E00028709,243,57,29,28,186,10,176,23.456790123456788,11.934156378600823,11.522633744855968,76.5432098765432,4.11522633744856,72.42798353909465
E00028710,306,70,44,26,236,24,212,22.875816993464053,14.37908496732026,8.49673202614379,77.12418300653596,7.8431372549019605,69.28104575163398
E00028711,362,71,35,36,291,20,271,19.613259668508288,9.668508287292818,9.94475138121547,80.38674033149171,5.524861878453039,74.86187845303867
E00028712,311,72,36,36,239,20,219,23.15112540192926,11.57556270096463,11.57556270096463,76.84887459807074,6.430868167202572,70.41800643086816
E00028713,296,59,34,25,237,16,221,19.93243243243243,11.486486486486488,8.445945945945946,80.06756756756756,5.405405405405405,74.66216216216216
E00028714,320,61,34,27,259,18,241,19.0625,10.625,8.4375,80.9375,5.625,75.3125
E00028715,335,65,41,24,270,11,259,19.402985074626866,12.238805970149254,7.164179104477612,80.59701492537313,3.2835820895522385,77.31343283582089
E00028716,355,73,35,38,282,14,268,20.56338028169014,9.859154929577464,10.704225352112676,79.43661971830987,3.943661971830986,75.49295774647888
E00028717,339,75,37,38,264,17,247,22.123893805309734,10.914454277286136,11.209439528023598,77.87610619469027,5.014749262536873,72.86135693215338
E00028718,419,65,30,35,354,34,320,15.513126491646778,7.159904534606206,8.353221957040573,84.48687350835323,8.1145584725537,76.37231503579952
E00028719,318,66,25,41,252,20,232,20.754716981132077,7.861635220125786,12.89308176100629,79.24528301886792,6.289308176100629,72.95597484276729
E00028720,327,71,32,39,256,13,243,21.712538226299692,9.785932721712538,11.926605504587156,78.2874617737003,3.9755351681957185,74.31192660550458
E00028721,326,89,50,39,237,21,216,27.300613496932513,15.337423312883436,11.96319018404908,72.69938650306749,6.441717791411043,66.25766871165644
E00028722,291,51,26,25,240,14,226,17.525773195876287,8.934707903780069,8.59106529209622,82.4742268041237,4.810996563573884,77.66323024054984
E00028723,315,72,47,25,243,15,228,22.857142857142858,14.920634920634921,7.936507936507936,77.14285714285715,4.761904761904762,72.38095238095238
E00028724,253,67,25,42,186,12,174,26.48221343873518,9.881422924901186,16.600790513833992,73.51778656126481,4.743083003952568,68.77470355731225
E00028725,203,64,37,27,139,16,123,31.527093596059114,18.226600985221676,13.30049261083744,68.4729064039409,7.8817733990147785,60.591133004926114
E00028726,256,46,22,24,210,20,190,17.96875,8.59375,9.375,82.03125,7.8125,74.21875
E00028727,239,65,28,37,174,12,162,27.19665271966527,11.715481171548117,15.481171548117153,72.80334728033473,5.02092050209205,67.78242677824268
E00028728,296,46,19,27,250,18,232,15.54054054054054,6.418918918918918,9.121621621621621,84.45945945945947,6.081081081081082,78.37837837837837
E00028729,242,50,32,18,192,18,174,20.66115702479339,13.223140495867769,7.43801652892562,79.33884297520662,7.43801652892562,71.900826446281
E00028730,233,37,19,18,196,9,187,15.879828326180256,8.15450643776824,7.725321888412018,84.12017167381974,3.862660944206009,80.25751072961373
E00028731,277,48,22,26,229,17,212,17.328519855595665,7.9422382671480145,9.386281588447654,82.67148014440433,6.137184115523466,76.53429602888086
E00028732,281,45,26,19,236,14,222,16.014234875444842,9.252669039145907,6.761565836298933,83.98576512455516,4.98220640569395,79.00355871886121
E00028733,245,52,23,29,193,9,184,21.224489795918366,9.387755102040817,11.83673469387755,78.77551020408163,3.6734693877551026,75.10204081632654
E00028734,373,134,87,47,239,27,212,35.924932975871315,23.324396782841823,12.600536193029491,64.07506702412869,7.238605898123325,56.83646112600537
E00028735,247,50,21,29,197,9,188,20.242914979757085,8.502024291497975,11.740890688259109,79.75708502024291,3.643724696356275,76.11336032388664
E00028736,285,57,20,37,228,21,207,20,7.017543859649122,12.982456140350877,80,7.368421052631578,72.63157894736842
E00028737,282,40,21,19,242,27,215,14.184397163120568,7.446808510638298,6.73758865248227,85.81560283687944,9.574468085106384,76.24113475177306
E00028738,293,47,19,28,246,23,223,16.040955631399317,6.484641638225256,9.556313993174061,83.95904436860067,7.849829351535837,76.10921501706484
E00028739,286,41,19,22,245,18,227,14.335664335664337,6.643356643356643,7.6923076923076925,85.66433566433567,6.293706293706294,79.37062937062937
E00028740,358,62,31,31,296,13,283,17.318435754189945,8.659217877094973,8.659217877094973,82.68156424581005,3.6312849162011176,79.05027932960894
E00028741,221,52,24,28,169,14,155,23.52941176470588,10.85972850678733,12.669683257918551,76.47058823529412,6.334841628959276,70.13574660633483
E00028742,269,59,32,27,210,20,190,21.933085501858738,11.895910780669144,10.037174721189592,78.06691449814126,7.434944237918216,70.63197026022306
E00028743,278,69,33,36,209,13,196,24.820143884892087,11.870503597122301,12.949640287769784,75.17985611510791,4.676258992805756,70.50359712230215
E00028746,276,40,20,20,236,20,216,14.492753623188406,7.246376811594203,7.246376811594203,85.5072463768116,7.246376811594203,78.26086956521739
E00028747,311,64,28,36,247,22,225,20.578778135048232,9.003215434083602,11.57556270096463,79.42122186495176,7.07395498392283,72.34726688102894
E00028748,320,69,32,37,251,26,225,21.5625,10,11.5625,78.4375,8.125,70.3125
E00028749,253,57,27,30,196,19,177,22.529644268774703,10.67193675889328,11.857707509881422,77.4703557312253,7.5098814229249005,69.96047430830039
E00028752,284,88,58,30,196,14,182,30.985915492957744,20.422535211267608,10.56338028169014,69.01408450704226,4.929577464788732,64.08450704225352
E00028753,547,89,35,54,458,35,423,16.270566727605118,6.39853747714808,9.87202925045704,83.72943327239489,6.39853747714808,77.3308957952468
E00028754,344,107,42,65,237,13,224,31.1046511627907,12.209302325581394,18.8953488372093,68.8953488372093,3.77906976744186,65.11627906976744
E00028755,354,94,41,53,260,18,242,26.55367231638418,11.581920903954803,14.971751412429379,73.44632768361582,5.084745762711865,68.36158192090396
E00028756,223,65,45,20,158,7,151,29.14798206278027,20.179372197309416,8.968609865470851,70.85201793721974,3.1390134529147984,67.71300448430493
E00028757,141,32,20,12,109,12,97,22.69503546099291,14.184397163120568,8.51063829787234,77.30496453900709,8.51063829787234,68.79432624113475
E00028758,168,73,51,22,95,5,90,43.452380952380956,30.357142857142854,13.095238095238097,56.547619047619044,2.976190476190476,53.57142857142857
E00028759,373,58,28,30,315,16,299,15.549597855227882,7.506702412868632,8.04289544235925,84.45040214477211,4.289544235924933,80.16085790884718
E00028760,523,127,66,61,396,25,371,24.282982791587,12.619502868068832,11.663479923518166,75.71701720841301,4.780114722753346,70.93690248565966
E00028761,255,85,36,49,170,15,155,33.33333333333333,14.117647058823529,19.215686274509807,66.66666666666666,5.88235294117647,60.78431372549019
E00028762,147,70,45,25,77,12,65,47.61904761904761,30.612244897959183,17.006802721088434,52.38095238095239,8.16326530612245,44.21768707482993
E00028763,222,84,45,39,138,13,125,37.83783783783784,20.27027027027027,17.56756756756757,62.16216216216216,5.8558558558558556,56.30630630630631
E00028764,146,37,16,21,109,8,101,25.34246575342466,10.95890410958904,14.383561643835616,74.65753424657534,5.47945205479452,69.17808219178082
E00028765,429,101,49,52,328,16,312,23.543123543123542,11.421911421911423,12.121212121212121,76.45687645687646,3.7296037296037294,72.72727272727273
E00028766,193,43,28,15,150,4,146,22.279792746113987,14.507772020725387,7.772020725388601,77.720207253886,2.072538860103627,75.64766839378238
E00028769,238,101,58,43,137,15,122,42.436974789915965,24.369747899159663,18.067226890756302,57.56302521008403,6.302521008403361,51.26050420168067
E00028770,267,67,41,26,200,8,192,25.0936329588015,15.355805243445692,9.737827715355806,74.90636704119851,2.9962546816479403,71.91011235955057
E00028772,597,102,52,50,495,25,470,17.08542713567839,8.710217755443885,8.375209380234507,82.91457286432161,4.1876046901172534,78.72696817420436
E00028773,252,81,48,33,171,15,156,32.142857142857146,19.047619047619047,13.095238095238097,67.85714285714286,5.952380952380952,61.904761904761905
E00028776,336,75,41,34,261,16,245,22.321428571428573,12.202380952380953,10.119047619047619,77.67857142857143,4.761904761904762,72.91666666666666
E00028777,317,66,32,34,251,18,233,20.82018927444795,10.094637223974763,10.725552050473187,79.17981072555204,5.678233438485805,73.50157728706624
E00028778,328,92,57,35,236,25,211,28.04878048780488,17.378048780487802,10.670731707317072,71.95121951219512,7.621951219512195,64.32926829268293
E00028780,425,103,36,67,322,24,298,24.235294117647058,8.470588235294118,15.764705882352942,75.76470588235294,5.647058823529412,70.11764705882354
E00028781,273,55,35,20,218,16,202,20.146520146520146,12.82051282051282,7.326007326007327,79.85347985347985,5.86080586080586,73.992673992674
E00028783,282,55,29,26,227,14,213,19.50354609929078,10.28368794326241,9.219858156028367,80.49645390070921,4.964539007092199,75.53191489361703
E00028784,309,63,31,32,246,17,229,20.388349514563107,10.032362459546926,10.355987055016183,79.6116504854369,5.501618122977346,74.11003236245955
E00028785,267,50,25,25,217,23,194,18.726591760299627,9.363295880149813,9.363295880149813,81.27340823970037,8.614232209737828,72.65917602996255
E00028786,228,57,28,29,171,18,153,25,12.280701754385964,12.719298245614036,75,7.894736842105263,67.10526315789474
E00028787,259,49,28,21,210,17,193,18.91891891891892,10.81081081081081,8.108108108108109,81.08108108108108,6.563706563706563,74.5173745173745
E00028788,221,51,22,29,170,23,147,23.076923076923077,9.95475113122172,13.122171945701359,76.92307692307693,10.407239819004525,66.51583710407239
E00028789,278,79,38,41,199,9,190,28.41726618705036,13.66906474820144,14.748201438848922,71.58273381294964,3.237410071942446,68.34532374100719
E00028790,327,66,32,34,261,15,246,20.18348623853211,9.785932721712538,10.397553516819572,79.81651376146789,4.587155963302752,75.22935779816514
E00028791,337,64,34,30,273,22,251,18.991097922848667,10.089020771513352,8.902077151335313,81.00890207715133,6.528189910979229,74.4807121661721
E00028792,239,63,26,37,176,23,153,26.359832635983267,10.87866108786611,15.481171548117153,73.64016736401673,9.623430962343097,64.01673640167364
E00028793,188,59,36,23,129,14,115,31.382978723404253,19.148936170212767,12.23404255319149,68.61702127659575,7.446808510638298,61.170212765957444
E00028794,329,45,16,29,284,36,248,13.677811550151976,4.86322188449848,8.814589665653495,86.32218844984803,10.94224924012158,75.37993920972644
E00028795,502,65,29,36,437,38,399,12.94820717131474,5.776892430278884,7.171314741035857,87.05179282868527,7.569721115537849,79.4820717131474
E00028796,313,75,36,39,238,18,220,23.961661341853034,11.501597444089457,12.460063897763577,76.03833865814697,5.7507987220447285,70.28753993610223
E00028797,224,46,16,30,178,23,155,20.535714285714285,7.142857142857142,13.392857142857142,79.46428571428571,10.267857142857142,69.19642857142857
E00028798,371,62,21,41,309,25,284,16.711590296495956,5.660377358490567,11.05121293800539,83.28840970350404,6.738544474393531,76.54986522911051
E00028799,311,56,16,40,255,27,228,18.006430868167204,5.144694533762058,12.861736334405144,81.9935691318328,8.681672025723474,73.31189710610933
E00028800,328,57,32,25,271,32,239,17.378048780487802,9.75609756097561,7.621951219512195,82.6219512195122,9.75609756097561,72.86585365853658
E00028801,280,56,30,26,224,18,206,20,10.714285714285714,9.285714285714286,80,6.428571428571428,73.57142857142858
E00028802,312,47,19,28,265,23,242,15.064102564102564,6.089743589743589,8.974358974358974,84.93589743589743,7.371794871794872,77.56410256410257
E00028803,241,72,37,35,169,11,158,29.87551867219917,15.352697095435685,14.522821576763487,70.12448132780082,4.564315352697095,65.56016597510373
E00028804,278,57,26,31,221,25,196,20.503597122302157,9.352517985611511,11.151079136690647,79.49640287769785,8.992805755395683,70.50359712230215
E00028805,203,36,13,23,167,16,151,17.733990147783253,6.403940886699508,11.330049261083744,82.26600985221675,7.8817733990147785,74.38423645320196
E00028806,247,43,17,26,204,20,184,17.408906882591094,6.882591093117409,10.526315789473683,82.5910931174089,8.097165991902834,74.49392712550608
E00028807,324,63,27,36,261,15,246,19.444444444444446,8.333333333333332,11.11111111111111,80.55555555555556,4.62962962962963,75.92592592592592
E00028808,314,52,14,38,262,25,237,16.560509554140125,4.45859872611465,12.101910828025478,83.43949044585987,7.961783439490445,75.47770700636943
E00028809,267,42,18,24,225,19,206,15.730337078651685,6.741573033707865,8.98876404494382,84.26966292134831,7.116104868913857,77.15355805243446
E00028810,271,48,22,26,223,19,204,17.712177121771216,8.118081180811808,9.59409594095941,82.28782287822878,7.011070110701106,75.27675276752768
E00028811,267,56,28,28,211,15,196,20.973782771535582,10.486891385767791,10.486891385767791,79.02621722846442,5.617977528089887,73.40823970037454
E00028812,231,58,38,20,173,14,159,25.108225108225106,16.450216450216452,8.658008658008658,74.89177489177489,6.0606060606060606,68.83116883116884
E00028813,263,43,24,19,220,20,200,16.34980988593156,9.125475285171103,7.224334600760455,83.65019011406845,7.604562737642586,76.04562737642586
E00028814,239,40,18,22,199,14,185,16.736401673640167,7.531380753138076,9.205020920502092,83.26359832635984,5.857740585774058,77.40585774058577
E00028815,272,59,35,24,213,22,191,21.691176470588236,12.867647058823529,8.823529411764707,78.30882352941177,8.088235294117647,70.22058823529412
E00028816,493,76,37,39,417,33,384,15.415821501014198,7.505070993914807,7.910750507099391,84.58417849898579,6.693711967545639,77.89046653144015
E00028817,220,41,17,24,179,21,158,18.636363636363637,7.727272727272727,10.909090909090908,81.36363636363636,9.545454545454547,71.81818181818181
E00028818,279,48,22,26,231,12,219,17.20430107526882,7.885304659498208,9.31899641577061,82.79569892473118,4.301075268817205,78.49462365591397
E00028819,273,62,26,36,211,12,199,22.71062271062271,9.523809523809524,13.186813186813188,77.2893772893773,4.395604395604396,72.89377289377289
E00028820,245,46,16,30,199,26,173,18.775510204081634,6.530612244897959,12.244897959183673,81.22448979591836,10.612244897959183,70.61224489795919
E00028821,278,58,23,35,220,24,196,20.863309352517987,8.273381294964029,12.589928057553957,79.13669064748201,8.633093525179856,70.50359712230215
E00028822,284,51,19,32,233,31,202,17.95774647887324,6.690140845070422,11.267605633802818,82.04225352112677,10.915492957746478,71.12676056338029
E00028823,303,96,62,34,207,11,196,31.683168316831683,20.462046204620464,11.221122112211221,68.31683168316832,3.6303630363036308,64.68646864686468
E00028824,276,56,17,39,220,25,195,20.28985507246377,6.159420289855073,14.130434782608695,79.71014492753623,9.057971014492754,70.65217391304348
E00028825,304,91,43,48,213,16,197,29.93421052631579,14.144736842105262,15.789473684210526,70.06578947368422,5.263157894736842,64.80263157894737
E00028826,490,82,27,55,408,31,377,16.73469387755102,5.510204081632653,11.224489795918368,83.26530612244898,6.326530612244897,76.93877551020408
E00028827,289,43,22,21,246,21,225,14.878892733564014,7.612456747404845,7.26643598615917,85.12110726643598,7.26643598615917,77.85467128027682
E00028828,394,82,49,33,312,20,292,20.812182741116754,12.436548223350254,8.375634517766498,79.18781725888326,5.0761421319796955,74.11167512690355
E00028829,517,79,29,50,438,29,409,15.28046421663443,5.609284332688588,9.671179883945841,84.71953578336557,5.609284332688588,79.11025145067698
E00028830,275,81,29,52,194,15,179,29.454545454545457,10.545454545454545,18.90909090909091,70.54545454545455,5.454545454545454,65.0909090909091
E00028831,225,60,26,34,165,13,152,26.666666666666668,11.555555555555555,15.11111111111111,73.33333333333333,5.777777777777778,67.55555555555556
E00028832,317,66,32,34,251,25,226,20.82018927444795,10.094637223974763,10.725552050473187,79.17981072555204,7.886435331230284,71.29337539432177
E00028833,224,45,12,33,179,9,170,20.089285714285715,5.357142857142857,14.732142857142858,79.91071428571429,4.017857142857143,75.89285714285714
E00028834,394,57,18,39,337,16,321,14.467005076142131,4.568527918781726,9.898477157360407,85.53299492385787,4.060913705583756,81.47208121827411
E00028835,229,73,39,34,156,12,144,31.877729257641924,17.03056768558952,14.847161572052403,68.12227074235808,5.240174672489083,62.882096069869
E00028836,244,82,44,38,162,13,149,33.60655737704918,18.0327868852459,15.573770491803279,66.39344262295081,5.327868852459016,61.065573770491795
E00028837,277,53,28,25,224,23,201,19.133574007220215,10.108303249097473,9.025270758122744,80.86642599277978,8.303249097472925,72.56317689530685
E00028838,475,78,36,42,397,33,364,16.42105263157895,7.578947368421053,8.842105263157894,83.57894736842105,6.947368421052631,76.63157894736841
E00028839,289,39,17,22,250,22,228,13.494809688581316,5.88235294117647,7.612456747404845,86.50519031141869,7.612456747404845,78.89273356401384
E00028840,338,71,24,47,267,23,244,21.005917159763314,7.100591715976331,13.905325443786982,78.99408284023669,6.8047337278106506,72.18934911242604
E00028841,273,65,24,41,208,15,193,23.809523809523807,8.791208791208792,15.018315018315018,76.19047619047619,5.4945054945054945,70.6959706959707
E00028842,307,60,21,39,247,22,225,19.54397394136808,6.840390879478828,12.703583061889251,80.45602605863192,7.166123778501629,73.28990228013029
E00028843,386,42,15,27,344,26,318,10.880829015544041,3.8860103626943006,6.994818652849741,89.11917098445595,6.7357512953367875,82.38341968911918
E00028844,375,58,23,35,317,19,298,15.466666666666667,6.133333333333333,9.333333333333334,84.53333333333333,5.066666666666666,79.46666666666667
E00028845,443,113,59,54,330,24,306,25.5079006772009,13.31828442437923,12.18961625282167,74.4920993227991,5.417607223476298,69.07449209932281
E00028846,380,82,40,42,298,17,281,21.578947368421055,10.526315789473683,11.052631578947368,78.42105263157895,4.473684210526316,73.94736842105263
E00028847,350,44,22,22,306,14,292,12.571428571428573,6.2857142857142865,6.2857142857142865,87.42857142857143,4,83.42857142857143
E00028848,297,51,21,30,246,24,222,17.17171717171717,7.07070707070707,10.1010101010101,82.82828282828282,8.080808080808081,74.74747474747475
E00028849,271,57,16,41,214,19,195,21.033210332103323,5.904059040590406,15.129151291512915,78.96678966789668,7.011070110701106,71.95571955719558
E00028850,293,73,33,40,220,15,205,24.914675767918087,11.262798634812286,13.651877133105803,75.0853242320819,5.1194539249146755,69.96587030716724
E00028851,361,69,25,44,292,19,273,19.113573407202217,6.9252077562326875,12.18836565096953,80.88642659279779,5.263157894736842,75.62326869806094
E00028852,300,54,18,36,246,19,227,18,6,12,82,6.333333333333334,75.66666666666667
E00028853,259,56,24,32,203,11,192,21.62162162162162,9.266409266409266,12.355212355212355,78.37837837837837,4.247104247104247,74.13127413127413
E00028854,300,49,21,28,251,27,224,16.333333333333332,7.000000000000001,9.333333333333334,83.66666666666667,9,74.66666666666667
E00028855,311,44,21,23,267,24,243,14.14790996784566,6.752411575562702,7.395498392282958,85.85209003215434,7.717041800643088,78.13504823151125
E00028856,277,31,10,21,246,24,222,11.191335740072201,3.6101083032490973,7.581227436823104,88.8086642599278,8.664259927797833,80.14440433212997
E00028857,484,52,16,36,432,28,404,10.743801652892563,3.3057851239669422,7.43801652892562,89.25619834710744,5.785123966942149,83.47107438016529
E00028858,363,47,12,35,316,16,300,12.947658402203857,3.3057851239669422,9.641873278236915,87.05234159779614,4.40771349862259,82.64462809917356
E00028859,362,46,21,25,316,30,286,12.70718232044199,5.801104972375691,6.906077348066299,87.29281767955801,8.287292817679557,79.00552486187846
E00028860,307,51,19,32,256,20,236,16.612377850162865,6.188925081433225,10.423452768729643,83.38762214983714,6.514657980456026,76.8729641693811
E00028861,354,38,14,24,316,18,298,10.734463276836157,3.954802259887006,6.779661016949152,89.26553672316385,5.084745762711865,84.18079096045197
E00028862,334,40,15,25,294,27,267,11.976047904191617,4.491017964071856,7.48502994011976,88.02395209580838,8.08383233532934,79.94011976047905
E00028863,267,41,16,25,226,25,201,15.355805243445692,5.992509363295881,9.363295880149813,84.6441947565543,9.363295880149813,75.28089887640449
E00028864,295,37,14,23,258,19,239,12.54237288135593,4.745762711864407,7.796610169491526,87.45762711864407,6.440677966101695,81.01694915254237
E00028865,284,59,28,31,225,15,210,20.774647887323944,9.859154929577464,10.915492957746478,79.22535211267606,5.28169014084507,73.94366197183099
E00028866,249,50,19,31,199,15,184,20.080321285140563,7.630522088353414,12.449799196787147,79.91967871485943,6.024096385542169,73.89558232931726
E00028867,292,72,26,46,220,18,202,24.65753424657534,8.904109589041095,15.753424657534246,75.34246575342466,6.164383561643835,69.17808219178082
E00028868,351,69,32,37,282,20,262,19.65811965811966,9.116809116809117,10.541310541310542,80.34188034188034,5.698005698005698,74.64387464387464
E00028869,260,64,30,34,196,17,179,24.615384615384617,11.538461538461538,13.076923076923078,75.38461538461539,6.538461538461539,68.84615384615384
E00028870,272,70,36,34,202,13,189,25.735294117647058,13.23529411764706,12.5,74.26470588235294,4.779411764705882,69.48529411764706
E00028871,229,57,27,30,172,12,160,24.890829694323145,11.790393013100436,13.100436681222707,75.10917030567686,5.240174672489083,69.86899563318777
E00028872,249,59,29,30,190,15,175,23.694779116465863,11.646586345381527,12.048192771084338,76.30522088353415,6.024096385542169,70.28112449799197
E00028873,241,52,21,31,189,17,172,21.57676348547718,8.71369294605809,12.863070539419086,78.42323651452283,7.053941908713693,71.36929460580913
E00028874,168,47,24,23,121,11,110,27.976190476190478,14.285714285714285,13.690476190476192,72.02380952380952,6.547619047619048,65.47619047619048
E00028875,392,74,34,40,318,18,300,18.877551020408163,8.673469387755102,10.204081632653061,81.12244897959184,4.591836734693878,76.53061224489795
E00028876,315,100,54,46,215,15,200,31.746031746031743,17.142857142857142,14.603174603174605,68.25396825396825,4.761904761904762,63.49206349206349
E00028877,284,53,37,16,231,19,212,18.661971830985916,13.028169014084506,5.633802816901409,81.33802816901408,6.690140845070422,74.64788732394366
E00028878,277,71,37,34,206,18,188,25.63176895306859,13.357400722021662,12.274368231046932,74.36823104693141,6.4981949458483745,67.87003610108303
E00028880,252,77,41,36,175,22,153,30.555555555555557,16.26984126984127,14.285714285714285,69.44444444444444,8.73015873015873,60.71428571428571
E00028881,347,75,38,37,272,28,244,21.613832853025936,10.951008645533141,10.662824207492795,78.38616714697406,8.069164265129682,70.31700288184439
E00028882,295,86,51,35,209,18,191,29.152542372881356,17.28813559322034,11.864406779661017,70.84745762711864,6.101694915254238,64.7457627118644
E00028883,256,53,26,27,203,24,179,20.703125,10.15625,10.546875,79.296875,9.375,69.921875
E00028884,371,38,15,23,333,27,306,10.242587601078167,4.0431266846361185,6.199460916442049,89.75741239892183,7.277628032345014,82.47978436657682
E00028885,244,44,22,22,200,18,182,18.0327868852459,9.01639344262295,9.01639344262295,81.9672131147541,7.377049180327869,74.59016393442623
E00028886,258,51,29,22,207,9,198,19.767441860465116,11.24031007751938,8.527131782945736,80.23255813953489,3.488372093023256,76.74418604651163
E00028888,273,56,27,29,217,12,205,20.51282051282051,9.89010989010989,10.622710622710622,79.48717948717949,4.395604395604396,75.0915750915751
E00028889,293,64,39,25,229,9,220,21.843003412969285,13.310580204778159,8.532423208191126,78.15699658703072,3.0716723549488054,75.0853242320819
E00028890,248,68,35,33,180,13,167,27.419354838709676,14.112903225806454,13.306451612903224,72.58064516129032,5.241935483870968,67.33870967741935
E00028891,265,66,33,33,199,14,185,24.90566037735849,12.452830188679245,12.452830188679245,75.09433962264151,5.283018867924529,69.81132075471697
E00028892,268,60,27,33,208,15,193,22.388059701492537,10.074626865671641,12.313432835820896,77.61194029850746,5.597014925373134,72.01492537313433
E00028893,333,110,62,48,223,13,210,33.033033033033036,18.61861861861862,14.414414414414415,66.96696696696696,3.903903903903904,63.06306306306306
E00028894,302,66,28,38,236,23,213,21.85430463576159,9.271523178807946,12.582781456953644,78.1456953642384,7.6158940397351,70.52980132450331
E00028895,389,80,37,43,309,12,297,20.565552699228792,9.511568123393316,11.053984575835475,79.43444730077121,3.0848329048843186,76.34961439588689
E00028896,265,60,30,30,205,22,183,22.641509433962266,11.320754716981133,11.320754716981133,77.35849056603774,8.30188679245283,69.0566037735849
E00028897,253,77,39,38,176,18,158,30.434782608695656,15.41501976284585,15.019762845849801,69.56521739130434,7.114624505928854,62.450592885375485
E00028898,248,57,28,29,191,16,175,22.983870967741936,11.29032258064516,11.693548387096774,77.01612903225806,6.451612903225806,70.56451612903226
E00028899,262,45,26,19,217,16,201,17.17557251908397,9.923664122137405,7.251908396946565,82.82442748091603,6.106870229007633,76.7175572519084
E00028900,236,75,42,33,161,9,152,31.779661016949152,17.796610169491526,13.983050847457626,68.22033898305084,3.8135593220338984,64.40677966101694
E00028901,323,58,18,40,265,21,244,17.956656346749224,5.572755417956656,12.38390092879257,82.04334365325077,6.5015479876160995,75.54179566563467
E00028902,305,78,39,39,227,18,209,25.573770491803277,12.786885245901638,12.786885245901638,74.42622950819671,5.901639344262295,68.52459016393443
E00028903,256,83,54,29,173,10,163,32.421875,21.09375,11.328125,67.578125,3.90625,63.671875
E00028904,254,66,25,41,188,9,179,25.984251968503933,9.84251968503937,16.141732283464567,74.01574803149606,3.543307086614173,70.47244094488188
E00028905,252,59,27,32,193,10,183,23.41269841269841,10.714285714285714,12.698412698412698,76.5873015873016,3.968253968253968,72.61904761904762
E00028906,238,79,47,32,159,14,145,33.193277310924366,19.747899159663866,13.445378151260504,66.80672268907563,5.88235294117647,60.924369747899156
E00028907,184,26,15,11,158,16,142,14.130434782608695,8.152173913043478,5.978260869565218,85.86956521739131,8.695652173913043,77.17391304347827
E00028908,145,61,30,31,84,8,76,42.06896551724138,20.689655172413794,21.379310344827587,57.931034482758626,5.517241379310345,52.41379310344828
E00028909,544,27,8,19,517,44,473,4.963235294117647,1.4705882352941175,3.4926470588235294,95.03676470588235,8.088235294117647,86.94852941176471
E00028910,343,40,15,25,303,30,273,11.661807580174926,4.373177842565598,7.288629737609329,88.33819241982506,8.746355685131196,79.59183673469387
E00028911,318,85,40,45,233,9,224,26.729559748427672,12.578616352201259,14.150943396226415,73.27044025157232,2.8301886792452833,70.44025157232704
E00028912,272,96,60,36,176,12,164,35.294117647058826,22.058823529411764,13.23529411764706,64.70588235294117,4.411764705882353,60.29411764705882
E00028913,215,61,37,24,154,12,142,28.37209302325581,17.209302325581397,11.162790697674419,71.62790697674419,5.5813953488372094,66.04651162790698
E00028914,370,94,57,37,276,25,251,25.405405405405407,15.405405405405407,10,74.5945945945946,6.756756756756757,67.83783783783784
E00028915,283,71,27,44,212,17,195,25.08833922261484,9.540636042402827,15.547703180212014,74.91166077738515,6.007067137809187,68.90459363957598
E00028916,409,81,35,46,328,24,304,19.80440097799511,8.557457212713937,11.246943765281173,80.1955990220049,5.8679706601467,74.32762836185819
E00028917,248,55,32,23,193,17,176,22.177419354838708,12.903225806451612,9.274193548387096,77.82258064516128,6.854838709677419,70.96774193548387
E00028918,306,64,24,40,242,25,217,20.915032679738562,7.8431372549019605,13.071895424836603,79.08496732026144,8.169934640522875,70.91503267973856
E00028919,357,59,26,33,298,29,269,16.5266106442577,7.282913165266107,9.243697478991598,83.4733893557423,8.123249299719888,75.35014005602241
E00028920,267,69,33,36,198,11,187,25.842696629213485,12.359550561797752,13.48314606741573,74.15730337078652,4.119850187265917,70.0374531835206
E00028921,337,54,25,29,283,30,253,16.023738872403563,7.418397626112759,8.605341246290802,83.97626112759644,8.902077151335313,75.07418397626114
E00028922,278,51,24,27,227,26,201,18.345323741007196,8.633093525179856,9.712230215827338,81.65467625899281,9.352517985611511,72.3021582733813
E00028923,295,58,30,28,237,32,205,19.661016949152543,10.16949152542373,9.491525423728813,80.33898305084746,10.847457627118644,69.49152542372882
E00028924,320,61,20,41,259,23,236,19.0625,6.25,12.812499999999998,80.9375,7.187499999999999,73.75
E00028925,554,100,50,50,454,31,423,18.050541516245488,9.025270758122744,9.025270758122744,81.94945848375451,5.595667870036101,76.3537906137184
E00028926,259,63,37,26,196,7,189,24.324324324324326,14.285714285714285,10.038610038610038,75.67567567567568,2.7027027027027026,72.97297297297297
E00028927,249,47,20,27,202,13,189,18.87550200803213,8.032128514056225,10.843373493975903,81.12449799196787,5.220883534136546,75.90361445783132
E00028928,364,61,36,25,303,25,278,16.758241758241756,9.89010989010989,6.868131868131869,83.24175824175825,6.868131868131869,76.37362637362637
E00028929,307,71,38,33,236,18,218,23.12703583061889,12.37785016286645,10.749185667752444,76.8729641693811,5.863192182410423,71.00977198697068
E00028930,272,51,21,30,221,23,198,18.75,7.720588235294118,11.029411764705882,81.25,8.455882352941178,72.79411764705883
E00028931,305,43,16,27,262,23,239,14.098360655737704,5.245901639344262,8.852459016393443,85.90163934426229,7.540983606557377,78.36065573770492
E00028932,296,37,17,20,259,26,233,12.5,5.743243243243244,6.756756756756757,87.5,8.783783783783784,78.71621621621621
E00028933,273,44,20,24,229,25,204,16.117216117216117,7.326007326007327,8.791208791208792,83.88278388278388,9.157509157509157,74.72527472527473
E00028934,322,44,20,24,278,29,249,13.664596273291925,6.211180124223603,7.453416149068323,86.33540372670807,9.006211180124224,77.32919254658384
E00028935,311,31,6,25,280,23,257,9.967845659163988,1.929260450160772,8.038585209003216,90.03215434083602,7.395498392282958,82.63665594855306
E00028936,271,55,25,30,216,22,194,20.29520295202952,9.22509225092251,11.07011070110701,79.70479704797047,8.118081180811808,71.58671586715867
E00028937,257,56,23,33,201,22,179,21.78988326848249,8.949416342412452,12.840466926070038,78.21011673151752,8.560311284046692,69.64980544747081
E00028938,504,56,18,38,448,36,412,11.11111111111111,3.571428571428571,7.5396825396825395,88.88888888888889,7.142857142857142,81.74603174603175
E00028939,286,49,21,28,237,19,218,17.132867132867133,7.3426573426573425,9.79020979020979,82.86713286713287,6.643356643356643,76.22377622377621
E00028940,421,53,20,33,368,27,341,12.589073634204276,4.750593824228028,7.8384798099762465,87.41092636579573,6.413301662707839,80.9976247030879
E00028941,344,45,15,30,299,40,259,13.08139534883721,4.3604651162790695,8.720930232558139,86.9186046511628,11.627906976744185,75.29069767441861
E00028942,313,38,12,26,275,28,247,12.140575079872203,3.8338658146964857,8.30670926517572,87.8594249201278,8.945686900958465,78.91373801916933
E00028943,401,44,13,31,357,29,328,10.972568578553615,3.2418952618453867,7.73067331670823,89.02743142144638,7.231920199501247,81.79551122194513
E00028944,285,40,12,28,245,20,225,14.035087719298245,4.2105263157894735,9.824561403508772,85.96491228070175,7.017543859649122,78.94736842105263
E00028945,298,29,8,21,269,8,261,9.731543624161073,2.684563758389262,7.046979865771812,90.26845637583892,2.684563758389262,87.58389261744966
E00028946,243,42,15,27,201,12,189,17.28395061728395,6.172839506172839,11.11111111111111,82.71604938271605,4.938271604938271,77.77777777777779
E00028947,194,47,26,21,147,16,131,24.22680412371134,13.402061855670103,10.824742268041238,75.77319587628865,8.24742268041237,67.5257731958763
E00028948,281,48,13,35,233,22,211,17.08185053380783,4.6263345195729535,12.455516014234876,82.91814946619218,7.829181494661921,75.08896797153025
E00028949,307,79,41,38,228,12,216,25.732899022801302,13.355048859934854,12.37785016286645,74.2671009771987,3.908794788273615,70.35830618892508
E00028950,286,68,30,38,218,18,200,23.776223776223777,10.48951048951049,13.286713286713287,76.22377622377621,6.293706293706294,69.93006993006993
E00028952,291,57,24,33,234,22,212,19.587628865979383,8.24742268041237,11.34020618556701,80.41237113402062,7.560137457044673,72.85223367697594
E00028953,344,87,51,36,257,18,239,25.290697674418606,14.825581395348838,10.465116279069768,74.70930232558139,5.232558139534884,69.47674418604652
E00028955,224,41,19,22,183,18,165,18.303571428571427,8.482142857142858,9.821428571428571,81.69642857142857,8.035714285714286,73.66071428571429
E00028956,321,62,25,37,259,19,240,19.314641744548286,7.78816199376947,11.526479750778815,80.68535825545172,5.919003115264798,74.76635514018692
E00028957,229,32,13,19,197,20,177,13.973799126637553,5.676855895196507,8.296943231441048,86.02620087336244,8.73362445414847,77.29257641921397
E00028958,263,71,33,38,192,17,175,26.996197718631176,12.547528517110266,14.44866920152091,73.00380228136882,6.4638783269961975,66.53992395437263
E00028959,311,38,18,20,273,29,244,12.218649517684888,5.787781350482315,6.430868167202572,87.78135048231512,9.32475884244373,78.45659163987139
E00028960,305,79,36,43,226,15,211,25.901639344262296,11.80327868852459,14.098360655737704,74.09836065573771,4.918032786885246,69.18032786885246
E00028961,198,58,28,30,140,8,132,29.292929292929294,14.14141414141414,15.151515151515152,70.70707070707071,4.040404040404041,66.66666666666666
E00028962,321,39,12,27,282,17,265,12.149532710280374,3.7383177570093453,8.411214953271028,87.85046728971963,5.29595015576324,82.55451713395638
E00028963,291,82,51,31,209,26,183,28.1786941580756,17.525773195876287,10.652920962199312,71.8213058419244,8.934707903780069,62.88659793814433
E00028964,270,32,13,19,238,16,222,11.851851851851853,4.814814814814815,7.037037037037037,88.14814814814815,5.9259259259259265,82.22222222222221
E00028965,195,33,8,25,162,14,148,16.923076923076923,4.102564102564102,12.82051282051282,83.07692307692308,7.179487179487179,75.8974358974359
E00028966,166,45,22,23,121,13,108,27.10843373493976,13.253012048192772,13.855421686746988,72.89156626506023,7.83132530120482,65.06024096385542
E00028967,445,98,58,40,347,27,320,22.02247191011236,13.03370786516854,8.98876404494382,77.97752808988764,6.067415730337078,71.91011235955057
E00028968,195,43,23,20,152,11,141,22.05128205128205,11.794871794871794,10.256410256410255,77.94871794871796,5.641025641025641,72.3076923076923
E00028969,215,56,30,26,159,11,148,26.046511627906977,13.953488372093023,12.093023255813954,73.95348837209302,5.116279069767442,68.83720930232559
E00028970,162,63,32,31,99,3,96,38.88888888888889,19.753086419753085,19.1358024691358,61.111111111111114,1.8518518518518516,59.25925925925925
E00028971,232,40,20,20,192,14,178,17.24137931034483,8.620689655172415,8.620689655172415,82.75862068965517,6.0344827586206895,76.72413793103449
E00028972,327,49,25,24,278,30,248,14.984709480122325,7.64525993883792,7.339449541284404,85.01529051987767,9.174311926605505,75.84097859327217
E00028973,266,80,45,35,186,17,169,30.075187969924812,16.917293233082706,13.157894736842104,69.92481203007519,6.390977443609022,63.53383458646616
E00028974,321,113,58,55,208,19,189,35.202492211838006,18.06853582554517,17.133956386292834,64.797507788162,5.919003115264798,58.87850467289719
E00028975,532,109,52,57,423,39,384,20.48872180451128,9.774436090225564,10.714285714285714,79.51127819548873,7.330827067669173,72.18045112781954
E00028976,278,52,26,26,226,18,208,18.705035971223023,9.352517985611511,9.352517985611511,81.29496402877699,6.474820143884892,74.82014388489209
E00028977,257,32,16,16,225,18,207,12.45136186770428,6.22568093385214,6.22568093385214,87.54863813229572,7.003891050583658,80.54474708171206
E00028978,268,66,38,28,202,12,190,24.62686567164179,14.17910447761194,10.44776119402985,75.3731343283582,4.477611940298507,70.8955223880597
E00028980,153,73,47,26,80,12,68,47.712418300653596,30.718954248366014,16.99346405228758,52.28758169934641,7.8431372549019605,44.44444444444444
E00028981,240,51,31,20,189,11,178,21.25,12.916666666666668,8.333333333333332,78.75,4.583333333333333,74.16666666666667
E00028982,291,56,24,32,235,18,217,19.243986254295535,8.24742268041237,10.996563573883162,80.75601374570446,6.185567010309279,74.5704467353952
E00028983,464,78,38,40,386,14,372,16.810344827586206,8.189655172413794,8.620689655172415,83.1896551724138,3.0172413793103448,80.17241379310344
E00028984,242,64,29,35,178,16,162,26.446280991735538,11.983471074380166,14.46280991735537,73.55371900826447,6.6115702479338845,66.94214876033058
E00028985,326,79,44,35,247,18,229,24.233128834355828,13.496932515337424,10.736196319018406,75.76687116564416,5.521472392638037,70.24539877300614
E00028986,412,118,67,51,294,29,265,28.640776699029125,16.2621359223301,12.37864077669903,71.35922330097088,7.038834951456311,64.32038834951457
E00028987,271,82,45,37,189,19,170,30.25830258302583,16.605166051660518,13.653136531365314,69.74169741697416,7.011070110701106,62.73062730627307
E00028988,348,79,37,42,269,20,249,22.701149425287355,10.632183908045976,12.068965517241379,77.29885057471265,5.747126436781609,71.55172413793103
E00028992,316,71,45,26,245,17,228,22.468354430379748,14.240506329113925,8.227848101265822,77.53164556962025,5.379746835443038,72.15189873417721
E00028993,371,76,46,30,295,9,286,20.485175202156334,12.398921832884097,8.086253369272237,79.51482479784366,2.4258760107816713,77.088948787062
E00028994,293,41,17,24,252,18,234,13.993174061433447,5.802047781569966,8.19112627986348,86.00682593856655,6.143344709897611,79.86348122866895
E00028995,303,63,28,35,240,12,228,20.792079207920793,9.24092409240924,11.55115511551155,79.20792079207921,3.9603960396039604,75.24752475247524
E00028996,297,77,37,40,220,20,200,25.925925925925924,12.457912457912458,13.468013468013467,74.07407407407408,6.7340067340067336,67.34006734006735
E00028997,342,96,41,55,246,23,223,28.07017543859649,11.988304093567251,16.08187134502924,71.9298245614035,6.725146198830409,65.2046783625731
E00028998,273,67,43,24,206,14,192,24.54212454212454,15.75091575091575,8.791208791208792,75.45787545787546,5.128205128205128,70.32967032967034
E00028999,504,96,70,26,408,16,392,19.047619047619047,13.88888888888889,5.158730158730158,80.95238095238095,3.1746031746031744,77.77777777777779
E00029000,355,77,42,35,278,20,258,21.69014084507042,11.830985915492958,9.859154929577464,78.30985915492957,5.633802816901409,72.67605633802818
E00029001,264,47,20,27,217,20,197,17.803030303030305,7.575757575757576,10.227272727272728,82.1969696969697,7.575757575757576,74.62121212121212
E00029002,278,55,24,31,223,27,196,19.784172661870503,8.633093525179856,11.151079136690647,80.2158273381295,9.712230215827338,70.50359712230215
E00029003,330,90,46,44,240,18,222,27.27272727272727,13.939393939393941,13.333333333333334,72.72727272727273,5.454545454545454,67.27272727272727
E00029004,256,46,22,24,210,13,197,17.96875,8.59375,9.375,82.03125,5.078125,76.953125
E00029005,256,37,12,25,219,29,190,14.453125,4.6875,9.765625,85.546875,11.328125,74.21875
E00029006,344,92,50,42,252,15,237,26.744186046511626,14.534883720930234,12.209302325581394,73.25581395348837,4.3604651162790695,68.8953488372093
E00029007,450,116,49,67,334,29,305,25.77777777777778,10.888888888888888,14.888888888888888,74.22222222222223,6.444444444444445,67.77777777777779
E00029008,338,61,29,32,277,33,244,18.04733727810651,8.579881656804734,9.467455621301776,81.95266272189349,9.763313609467456,72.18934911242604
E00029009,238,33,11,22,205,16,189,13.865546218487395,4.621848739495799,9.243697478991598,86.1344537815126,6.722689075630252,79.41176470588235
E00029010,213,33,13,20,180,14,166,15.492957746478872,6.103286384976526,9.389671361502346,84.50704225352112,6.572769953051644,77.93427230046949
E00029011,155,51,24,27,104,4,100,32.903225806451616,15.483870967741936,17.419354838709676,67.0967741935484,2.5806451612903225,64.51612903225806
E00029012,317,55,26,29,262,38,224,17.350157728706623,8.201892744479496,9.14826498422713,82.64984227129337,11.987381703470032,70.66246056782335
E00029013,278,57,24,33,221,24,197,20.503597122302157,8.633093525179856,11.870503597122301,79.49640287769785,8.633093525179856,70.86330935251799
E00029014,311,41,20,21,270,12,258,13.183279742765272,6.430868167202572,6.752411575562702,86.81672025723472,3.858520900321544,82.95819935691318
E00029015,292,50,22,28,242,24,218,17.123287671232877,7.534246575342466,9.58904109589041,82.87671232876713,8.21917808219178,74.65753424657534
E00029017,274,41,18,23,233,19,214,14.963503649635038,6.569343065693431,8.394160583941606,85.03649635036497,6.934306569343065,78.1021897810219
E00029018,312,57,25,32,255,27,228,18.269230769230766,8.012820512820513,10.256410256410255,81.73076923076923,8.653846153846153,73.07692307692307
E00029019,160,31,15,16,129,16,113,19.375,9.375,10,80.625,10,70.625
E00029020,241,71,31,40,170,11,159,29.460580912863072,12.863070539419086,16.59751037344398,70.53941908713693,4.564315352697095,65.97510373443983
E00029021,171,47,27,20,124,8,116,27.485380116959064,15.789473684210526,11.695906432748536,72.51461988304094,4.678362573099415,67.83625730994152
E00029022,294,92,51,41,202,27,175,31.292517006802722,17.346938775510203,13.945578231292515,68.70748299319727,9.183673469387756,59.523809523809526
E00029023,326,55,25,30,271,10,261,16.87116564417178,7.668711656441718,9.202453987730062,83.12883435582822,3.067484662576687,80.06134969325154
E00029024,306,80,43,37,226,17,209,26.143790849673206,14.052287581699346,12.091503267973856,73.8562091503268,5.555555555555555,68.30065359477125
E00029025,311,47,18,29,264,25,239,15.112540192926044,5.787781350482315,9.32475884244373,84.88745980707395,8.038585209003216,76.84887459807074
E00029026,380,101,44,57,279,16,263,26.57894736842105,11.578947368421053,15,73.42105263157895,4.2105263157894735,69.21052631578948
E00029027,324,59,23,36,265,19,246,18.209876543209877,7.098765432098765,11.11111111111111,81.79012345679013,5.864197530864197,75.92592592592592
E00029028,379,81,37,44,298,25,273,21.372031662269126,9.762532981530343,11.609498680738787,78.62796833773086,6.596306068601583,72.0316622691293
E00029029,482,97,35,62,385,33,352,20.12448132780083,7.261410788381744,12.863070539419086,79.87551867219918,6.846473029045644,73.02904564315352
E00029030,277,56,26,30,221,16,205,20.216606498194945,9.386281588447654,10.830324909747292,79.78339350180505,5.776173285198556,74.0072202166065
E00029031,337,57,27,30,280,20,260,16.913946587537094,8.011869436201781,8.902077151335313,83.08605341246292,5.934718100890208,77.1513353115727
E00029032,286,72,42,30,214,16,198,25.174825174825177,14.685314685314685,10.48951048951049,74.82517482517483,5.594405594405594,69.23076923076923
E00029033,222,72,38,34,150,13,137,32.432432432432435,17.117117117117118,15.315315315315313,67.56756756756756,5.8558558558558556,61.711711711711715
E00029034,314,61,32,29,253,19,234,19.426751592356688,10.191082802547772,9.235668789808917,80.57324840764332,6.050955414012739,74.52229299363057
E00029035,329,52,14,38,277,23,254,15.80547112462006,4.25531914893617,11.55015197568389,84.19452887537993,6.990881458966565,77.20364741641338
E00029036,301,74,41,33,227,11,216,24.58471760797342,13.621262458471762,10.96345514950166,75.41528239202658,3.6544850498338874,71.76079734219269
E00029037,336,74,37,37,262,19,243,22.023809523809522,11.011904761904761,11.011904761904761,77.97619047619048,5.654761904761905,72.32142857142857
E00029038,211,57,29,28,154,14,140,27.014218009478675,13.744075829383887,13.270142180094787,72.98578199052133,6.6350710900473935,66.35071090047393
E00029039,251,44,18,26,207,22,185,17.52988047808765,7.171314741035857,10.358565737051793,82.47011952191235,8.764940239043826,73.70517928286853
E00029040,306,66,40,26,240,19,221,21.568627450980394,13.071895424836603,8.49673202614379,78.43137254901961,6.209150326797386,72.22222222222221
E00029041,270,54,21,33,216,24,192,20,7.777777777777778,12.222222222222221,80,8.88888888888889,71.11111111111111
E00029042,273,45,15,30,228,29,199,16.483516483516482,5.4945054945054945,10.989010989010989,83.51648351648352,10.622710622710622,72.89377289377289
E00029044,370,32,11,21,338,22,316,8.64864864864865,2.9729729729729732,5.675675675675676,91.35135135135135,5.9459459459459465,85.4054054054054
E00029045,301,41,13,28,260,18,242,13.621262458471762,4.318936877076411,9.30232558139535,86.37873754152824,5.980066445182724,80.39867109634552
E00029046,317,40,17,23,277,27,250,12.618296529968454,5.3627760252365935,7.255520504731862,87.38170347003155,8.517350157728707,78.86435331230284
E00029047,336,48,19,29,288,28,260,14.285714285714285,5.654761904761905,8.630952380952381,85.71428571428571,8.333333333333332,77.38095238095238
E00029048,323,46,15,31,277,26,251,14.241486068111456,4.643962848297214,9.597523219814242,85.75851393188854,8.04953560371517,77.70897832817337
E00029049,355,54,16,38,301,21,280,15.211267605633802,4.507042253521127,10.704225352112676,84.78873239436619,5.915492957746479,78.87323943661971
E00029050,318,47,16,31,271,21,250,14.779874213836477,5.031446540880504,9.748427672955975,85.22012578616352,6.60377358490566,78.61635220125787
E00029051,274,41,17,24,233,16,217,14.963503649635038,6.204379562043796,8.75912408759124,85.03649635036497,5.839416058394161,79.1970802919708
E00029052,248,45,21,24,203,23,180,18.14516129032258,8.46774193548387,9.67741935483871,81.85483870967742,9.274193548387096,72.58064516129032
E00029053,331,38,12,26,293,25,268,11.48036253776435,3.625377643504532,7.854984894259818,88.51963746223565,7.552870090634441,80.96676737160121
E00029054,288,39,13,26,249,19,230,13.541666666666666,4.513888888888888,9.027777777777777,86.45833333333334,6.597222222222222,79.86111111111111
E00029055,358,50,22,28,308,29,279,13.966480446927374,6.145251396648044,7.82122905027933,86.03351955307262,8.100558659217876,77.93296089385476
E00029056,302,43,13,30,259,15,244,14.23841059602649,4.304635761589404,9.933774834437086,85.76158940397352,4.966887417218543,80.79470198675497
E00029057,234,42,14,28,192,17,175,17.94871794871795,5.982905982905983,11.965811965811966,82.05128205128204,7.264957264957266,74.78632478632478
E00029058,323,93,65,28,230,19,211,28.792569659442723,20.123839009287924,8.6687306501548,71.20743034055728,5.88235294117647,65.3250773993808
E00029059,258,36,12,24,222,25,197,13.953488372093023,4.651162790697675,9.30232558139535,86.04651162790698,9.689922480620156,76.35658914728683
E00029060,297,44,17,27,253,21,232,14.814814814814813,5.723905723905724,9.090909090909092,85.18518518518519,7.07070707070707,78.11447811447812
E00029061,286,35,20,15,251,17,234,12.237762237762238,6.993006993006993,5.244755244755245,87.76223776223776,5.944055944055944,81.81818181818183
E00029062,303,38,12,26,265,25,240,12.541254125412541,3.9603960396039604,8.58085808580858,87.45874587458746,8.25082508250825,79.20792079207921
E00029063,367,46,21,25,321,22,299,12.534059945504087,5.722070844686648,6.811989100817439,87.46594005449592,5.994550408719346,81.47138964577657
E00029064,380,25,6,19,355,32,323,6.578947368421052,1.5789473684210527,5,93.42105263157895,8.421052631578947,85
E00029065,263,39,17,22,224,22,202,14.82889733840304,6.4638783269961975,8.365019011406844,85.17110266159695,8.365019011406844,76.80608365019012
E00029066,286,36,15,21,250,24,226,12.587412587412588,5.244755244755245,7.3426573426573425,87.41258741258741,8.391608391608392,79.02097902097903
E00029067,261,42,17,25,219,18,201,16.091954022988507,6.513409961685824,9.578544061302683,83.9080459770115,6.896551724137931,77.01149425287356
E00029068,261,42,24,18,219,11,208,16.091954022988507,9.195402298850574,6.896551724137931,83.9080459770115,4.21455938697318,79.6934865900383
E00029069,274,44,15,29,230,19,211,16.05839416058394,5.474452554744526,10.583941605839415,83.94160583941606,6.934306569343065,77.00729927007299
E00029070,267,53,28,25,214,12,202,19.850187265917604,10.486891385767791,9.363295880149813,80.14981273408239,4.49438202247191,75.65543071161048
E00029071,338,41,21,20,297,18,279,12.1301775147929,6.21301775147929,5.9171597633136095,87.86982248520711,5.325443786982249,82.54437869822485
E00029072,421,48,23,25,373,27,346,11.401425178147269,5.463182897862233,5.938242280285035,88.59857482185272,6.413301662707839,82.18527315914488
E00029073,318,35,15,20,283,17,266,11.0062893081761,4.716981132075472,6.289308176100629,88.9937106918239,5.345911949685535,83.64779874213836
E00029074,252,43,14,29,209,24,185,17.063492063492063,5.555555555555555,11.507936507936508,82.93650793650794,9.523809523809524,73.4126984126984
E00029075,293,44,16,28,249,25,224,15.017064846416384,5.460750853242321,9.556313993174061,84.98293515358361,8.532423208191126,76.45051194539249
E00029076,438,50,22,28,388,32,356,11.415525114155251,5.0228310502283104,6.392694063926941,88.58447488584474,7.30593607305936,81.27853881278538
E00029077,150,38,13,25,112,10,102,25.333333333333336,8.666666666666668,16.666666666666664,74.66666666666667,6.666666666666667,68
E00029078,303,37,16,21,266,25,241,12.211221122112212,5.2805280528052805,6.9306930693069315,87.78877887788778,8.25082508250825,79.53795379537954
E00029079,344,36,15,21,308,30,278,10.465116279069768,4.3604651162790695,6.104651162790697,89.53488372093024,8.720930232558139,80.81395348837209
E00029080,300,64,36,28,236,23,213,21.333333333333336,12,9.333333333333334,78.66666666666666,7.666666666666666,71
E00029081,283,44,24,20,239,19,220,15.547703180212014,8.480565371024735,7.06713780918728,84.45229681978799,6.713780918727916,77.73851590106007
E00029082,385,48,22,26,337,32,305,12.467532467532468,5.714285714285714,6.753246753246753,87.53246753246754,8.311688311688311,79.22077922077922
E00029083,324,35,14,21,289,19,270,10.802469135802468,4.320987654320987,6.481481481481481,89.19753086419753,5.864197530864197,83.33333333333334
E00168576,127,24,12,12,103,8,95,18.89763779527559,9.448818897637794,9.448818897637794,81.10236220472441,6.299212598425196,74.80314960629921
E00168579,160,16,5,11,144,10,134,10,3.125,6.875000000000001,90,6.25,83.75
E00168581,270,44,16,28,226,29,197,16.296296296296298,5.9259259259259265,10.37037037037037,83.7037037037037,10.74074074074074,72.96296296296296
E00171967,369,57,22,35,312,22,290,15.447154471544716,5.9620596205962055,9.48509485094851,84.5528455284553,5.9620596205962055,78.59078590785907
E00171971,242,19,2,17,223,16,207,7.851239669421488,0.8264462809917356,7.024793388429752,92.14876033057851,6.6115702479338845,85.53719008264463
E00171973,321,37,21,16,284,7,277,11.526479750778815,6.5420560747663545,4.984423676012461,88.47352024922118,2.1806853582554515,86.29283489096574
E00171974,261,24,7,17,237,24,213,9.195402298850574,2.681992337164751,6.513409961685824,90.80459770114942,9.195402298850574,81.60919540229885
E00171976,129,14,3,11,115,12,103,10.852713178294573,2.3255813953488373,8.527131782945736,89.14728682170544,9.30232558139535,79.84496124031007
E00172921,270,43,25,18,227,17,210,15.925925925925927,9.25925925925926,6.666666666666667,84.07407407407408,6.296296296296296,77.77777777777779
E00172923,257,13,1,12,244,21,223,5.058365758754864,0.38910505836575876,4.669260700389105,94.94163424124513,8.171206225680933,86.7704280155642
E00172924,257,26,1,25,231,27,204,10.116731517509727,0.38910505836575876,9.72762645914397,89.88326848249028,10.505836575875486,79.37743190661479
E00172926,404,73,36,37,331,35,296,18.06930693069307,8.91089108910891,9.158415841584159,81.93069306930693,8.663366336633663,73.26732673267327
E00172928,116,11,1,10,105,7,98,9.482758620689655,0.8620689655172413,8.620689655172415,90.51724137931035,6.0344827586206895,84.48275862068965
E00172929,193,16,4,12,177,21,156,8.290155440414509,2.072538860103627,6.217616580310881,91.70984455958549,10.880829015544041,80.82901554404145
E00172931,203,25,5,20,178,22,156,12.31527093596059,2.4630541871921183,9.852216748768473,87.68472906403942,10.83743842364532,76.84729064039408
E00172934,259,29,4,25,230,14,216,11.196911196911197,1.5444015444015444,9.652509652509652,88.8030888030888,5.405405405405405,83.3976833976834
E00172935,291,26,13,13,265,18,247,8.934707903780069,4.4673539518900345,4.4673539518900345,91.06529209621993,6.185567010309279,84.87972508591065
E00172937,284,33,6,27,251,27,224,11.619718309859154,2.112676056338028,9.507042253521126,88.38028169014085,9.507042253521126,78.87323943661971
E00172938,223,10,0,10,213,39,174,4.484304932735426,0,4.484304932735426,95.51569506726457,17.48878923766816,78.02690582959642
E00172942,259,44,23,21,215,28,187,16.988416988416986,8.880308880308881,8.108108108108109,83.01158301158301,10.81081081081081,72.2007722007722
E00172943,259,26,6,20,233,20,213,10.038610038610038,2.3166023166023164,7.722007722007722,89.96138996138995,7.722007722007722,82.23938223938224
E00172945,264,19,7,12,245,15,230,7.196969696969697,2.6515151515151514,4.545454545454546,92.8030303030303,5.681818181818182,87.12121212121212
E00172946,181,26,7,19,155,18,137,14.3646408839779,3.867403314917127,10.497237569060774,85.6353591160221,9.94475138121547,75.69060773480662
E00172948,431,19,6,13,412,38,374,4.408352668213457,1.3921113689095126,3.0162412993039442,95.59164733178655,8.816705336426914,86.77494199535964
E00172949,266,41,14,27,225,21,204,15.413533834586465,5.263157894736842,10.150375939849624,84.58646616541353,7.894736842105263,76.69172932330827
E00172954,313,45,23,22,268,26,242,14.376996805111823,7.348242811501597,7.0287539936102235,85.62300319488818,8.30670926517572,77.31629392971246
E00172956,353,25,8,17,328,26,302,7.0821529745042495,2.26628895184136,4.815864022662889,92.91784702549575,7.365439093484419,85.55240793201133
E00172957,218,28,7,21,190,17,173,12.844036697247708,3.211009174311927,9.63302752293578,87.1559633027523,7.79816513761468,79.35779816513761
E00172959,349,22,9,13,327,31,296,6.303724928366762,2.5787965616045847,3.7249283667621778,93.69627507163324,8.882521489971348,84.81375358166189
E00172962,210,30,13,17,180,12,168,14.285714285714285,6.190476190476191,8.095238095238095,85.71428571428571,5.714285714285714,80
E00172963,1047,435,212,223,612,93,519,41.54727793696275,20.248328557784145,21.298949379178605,58.45272206303726,8.882521489971348,49.570200573065904
E00172965,214,18,8,10,196,8,188,8.411214953271028,3.7383177570093453,4.672897196261682,91.58878504672897,3.7383177570093453,87.85046728971963
E00172966,247,39,16,23,208,10,198,15.789473684210526,6.477732793522267,9.31174089068826,84.21052631578947,4.048582995951417,80.16194331983806
E00172968,209,25,11,14,184,17,167,11.961722488038278,5.263157894736842,6.698564593301436,88.03827751196172,8.133971291866029,79.90430622009569
E00172970,356,37,10,27,319,35,284,10.393258426966293,2.8089887640449436,7.584269662921349,89.60674157303372,9.831460674157304,79.7752808988764
E00172971,199,28,13,15,171,10,161,14.07035175879397,6.532663316582915,7.537688442211055,85.92964824120602,5.025125628140704,80.90452261306532
E00172973,215,38,12,26,177,8,169,17.674418604651162,5.5813953488372094,12.093023255813954,82.32558139534883,3.7209302325581395,78.6046511627907
E00172974,164,33,3,30,131,17,114,20.121951219512198,1.8292682926829267,18.29268292682927,79.8780487804878,10.365853658536585,69.51219512195121
E00172976,212,19,6,13,193,14,179,8.962264150943396,2.8301886792452833,6.132075471698113,91.0377358490566,6.60377358490566,84.43396226415094
E00172977,201,34,16,18,167,21,146,16.91542288557214,7.960199004975125,8.955223880597014,83.08457711442786,10.44776119402985,72.636815920398
E00172979,309,27,7,20,282,23,259,8.737864077669903,2.26537216828479,6.472491909385113,91.2621359223301,7.443365695792881,83.81877022653723
E00172980,211,27,10,17,184,24,160,12.796208530805686,4.739336492890995,8.056872037914692,87.20379146919431,11.374407582938389,75.82938388625593
E00172988,192,12,1,11,180,16,164,6.25,0.5208333333333333,5.729166666666666,93.75,8.333333333333332,85.41666666666666
E00172990,156,13,4,9,143,17,126,8.333333333333332,2.564102564102564,5.769230769230769,91.66666666666666,10.897435897435898,80.76923076923077
E00172991,381,42,7,35,339,37,302,11.023622047244094,1.837270341207349,9.186351706036746,88.9763779527559,9.711286089238845,79.26509186351706
E00172994,280,41,12,29,239,23,216,14.642857142857144,4.285714285714286,10.357142857142858,85.35714285714285,8.214285714285714,77.14285714285715
E00172996,152,42,22,20,110,7,103,27.631578947368425,14.473684210526317,13.157894736842104,72.36842105263158,4.605263157894736,67.76315789473685
E00172998,585,93,25,68,492,49,443,15.897435897435896,4.273504273504273,11.623931623931623,84.1025641025641,8.376068376068375,75.72649572649573
E00172999,258,42,15,27,216,7,209,16.27906976744186,5.813953488372093,10.465116279069768,83.72093023255815,2.7131782945736433,81.0077519379845
E00173001,259,31,19,12,228,4,224,11.96911196911197,7.335907335907336,4.633204633204633,88.03088803088804,1.5444015444015444,86.48648648648648
E00173002,344,72,43,29,272,11,261,20.930232558139537,12.5,8.430232558139535,79.06976744186046,3.1976744186046515,75.87209302325581
E00173004,212,19,5,14,193,15,178,8.962264150943396,2.358490566037736,6.60377358490566,91.0377358490566,7.0754716981132075,83.9622641509434
E00173007,583,48,20,28,535,12,523,8.233276157804461,3.430531732418525,4.802744425385934,91.76672384219555,2.0583190394511153,89.70840480274443
E00173008,501,36,16,20,465,13,452,7.18562874251497,3.1936127744510974,3.992015968063872,92.81437125748504,2.5948103792415167,90.21956087824351
E00173012,309,61,36,25,248,9,239,19.741100323624593,11.650485436893204,8.090614886731391,80.2588996763754,2.912621359223301,77.34627831715211
E00173013,480,30,17,13,450,18,432,6.25,3.5416666666666665,2.7083333333333335,93.75,3.75,90
E00173015,383,14,5,9,369,7,362,3.6553524804177546,1.3054830287206265,2.3498694516971277,96.34464751958225,1.8276762402088773,94.51697127937337
E00173016,452,71,24,47,381,14,367,15.70796460176991,5.3097345132743365,10.398230088495575,84.2920353982301,3.0973451327433628,81.19469026548673
E00173018,591,89,41,48,502,32,470,15.059221658206429,6.937394247038917,8.121827411167512,84.94077834179356,5.414551607445008,79.52622673434855
E00173019,386,38,11,27,348,24,324,9.844559585492227,2.849740932642487,6.994818652849741,90.15544041450777,6.217616580310881,83.93782383419689
E00173022,432,54,15,39,378,51,327,12.5,3.4722222222222223,9.027777777777777,87.5,11.805555555555555,75.69444444444444
E00173026,234,30,7,23,204,13,191,12.82051282051282,2.9914529914529915,9.82905982905983,87.17948717948718,5.555555555555555,81.62393162393163
E00173027,137,27,19,8,110,3,107,19.708029197080293,13.86861313868613,5.839416058394161,80.2919708029197,2.18978102189781,78.1021897810219
E00173029,118,20,12,8,98,7,91,16.94915254237288,10.16949152542373,6.779661016949152,83.05084745762711,5.932203389830509,77.11864406779661
E00181563,122,12,7,5,110,5,105,9.836065573770492,5.737704918032787,4.098360655737705,90.1639344262295,4.098360655737705,86.0655737704918
E00181564,299,77,50,27,222,10,212,25.75250836120401,16.722408026755854,9.03010033444816,74.24749163879598,3.3444816053511706,70.903010033444815
E00181565,105,20,10,10,85,8,77,19.047619047619047,9.523809523809524,9.523809523809524,80.95238095238095,7.6190476190476195,73.33333333333333
E00181566,393,65,27,38,328,24,304,16.539440203562343,6.870229007633588,9.669211195928753,83.46055979643766,6.106870229007633,77.35368956743002
E00181567,113,13,1,12,100,10,90,11.504424778761061,0.8849557522123894,10.619469026548673,88.49557522123894,8.849557522123893,79.64601769911505
E00181568,392,28,7,21,364,30,334,7.142857142857142,1.7857142857142856,5.357142857142857,92.85714285714286,7.653061224489796,85.20408163265306
E00181569,339,49,19,30,290,34,256,14.454277286135694,5.604719764011799,8.849557522123893,85.54572271386431,10.029498525073747,75.51622418879056
E00181574,501,55,22,33,446,24,422,10.978043912175648,4.39121756487026,6.58682634730539,89.02195608782435,4.790419161676647,84.23153692614771
E00181575,319,52,27,25,267,17,250,16.30094043887147,8.463949843260188,7.836990595611286,83.69905956112854,5.329153605015674,78.36990595611285
E00181576,267,22,7,15,245,11,234,8.239700374531834,2.6217228464419478,5.617977528089887,91.76029962546816,4.119850187265917,87.64044943820225
E00181577,197,51,28,23,146,7,139,25.888324873096447,14.213197969543149,11.6751269035533,74.11167512690355,3.5532994923857872,70.55837563451777
E00181586,267,35,9,26,232,23,209,13.108614232209737,3.3707865168539324,9.737827715355806,86.89138576779027,8.614232209737828,78.27715355805243
E00181587,558,100,44,56,458,43,415,17.921146953405017,7.885304659498208,10.03584229390681,82.07885304659499,7.706093189964158,74.37275985663082
E00181589,364,82,50,32,282,8,274,22.52747252747253,13.736263736263737,8.791208791208792,77.47252747252747,2.197802197802198,75.27472527472527
E00181590,334,83,40,43,251,21,230,24.850299401197603,11.976047904191617,12.874251497005988,75.1497005988024,6.287425149700598,68.8622754491018
E00181591,324,46,16,30,278,25,253,14.19753086419753,4.938271604938271,9.25925925925926,85.80246913580247,7.716049382716049,78.08641975308642
E00181592,128,14,2,12,114,8,106,10.9375,1.5625,9.375,89.0625,6.25,82.8125
E00181593,175,10,0,10,165,11,154,5.714285714285714,0,5.714285714285714,94.28571428571428,6.2857142857142865,88
E00181594,148,46,29,17,102,3,99,31.08108108108108,19.594594594594593,11.486486486486488,68.91891891891892,2.027027027027027,66.8918918918919
E00181595,297,33,16,17,264,15,249,11.11111111111111,5.387205387205387,5.723905723905724,88.88888888888889,5.05050505050505,83.83838383838383
E00181596,193,16,5,11,177,10,167,8.290155440414509,2.5906735751295336,5.699481865284974,91.70984455958549,5.181347150259067,86.52849740932642
E00181597,446,30,6,24,416,43,373,6.726457399103139,1.345291479820628,5.381165919282512,93.27354260089686,9.641255605381167,83.6322869955157
E00181598,208,37,22,15,171,12,159,17.78846153846154,10.576923076923077,7.211538461538461,82.21153846153845,5.769230769230769,76.4423076923077
E00181599,228,17,4,13,211,23,188,7.456140350877193,1.7543859649122806,5.701754385964912,92.54385964912281,10.087719298245613,82.45614035087719
E00181600,277,17,1,16,260,15,245,6.137184115523466,0.36101083032490977,5.776173285198556,93.86281588447653,5.415162454873646,88.4476534296029
E00181601,154,29,10,19,125,10,115,18.83116883116883,6.493506493506493,12.337662337662337,81.16883116883116,6.493506493506493,74.67532467532467
E00181602,583,48,26,22,535,12,523,8.233276157804461,4.459691252144083,3.7735849056603774,91.76672384219555,2.0583190394511153,89.70840480274443
E00181603,198,18,3,15,180,17,163,9.090909090909092,1.5151515151515151,7.575757575757576,90.9090909090909,8.585858585858585,82.32323232323232
E00181604,314,19,4,15,295,24,271,6.050955414012739,1.2738853503184715,4.777070063694268,93.94904458598727,7.643312101910828,86.30573248407643
E00181605,295,49,17,32,246,20,226,16.610169491525422,5.762711864406779,10.847457627118644,83.38983050847457,6.779661016949152,76.61016949152543
E00181607,147,39,21,18,108,8,100,26.53061224489796,14.285714285714285,12.244897959183673,73.46938775510205,5.442176870748299,68.02721088435374
E00181608,421,46,9,37,375,40,335,10.926365795724466,2.137767220902613,8.788598574821853,89.07363420427554,9.501187648456057,79.57244655581948
E00181609,277,25,7,18,252,21,231,9.025270758122744,2.527075812274368,6.4981949458483745,90.97472924187726,7.581227436823104,83.39350180505414
E00181610,151,15,0,15,136,18,118,9.933774834437086,0,9.933774834437086,90.06622516556291,11.920529801324504,78.1456953642384
E00181611,353,35,9,26,318,21,297,9.91501416430595,2.5495750708215295,7.365439093484419,90.08498583569406,5.94900849858357,84.13597733711048
E00181612,624,52,23,29,572,14,558,8.333333333333332,3.685897435897436,4.647435897435898,91.66666666666666,2.2435897435897436,89.42307692307693
E00181613,284,24,3,21,260,33,227,8.450704225352112,1.056338028169014,7.394366197183098,91.54929577464789,11.619718309859154,79.92957746478874
E00181614,315,29,8,21,286,19,267,9.206349206349207,2.5396825396825395,6.666666666666667,90.7936507936508,6.031746031746032,84.76190476190476
E00181615,239,23,3,20,216,12,204,9.623430962343097,1.2552301255230125,8.368200836820083,90.3765690376569,5.02092050209205,85.35564853556485
E00181616,341,21,3,18,320,19,301,6.158357771260997,0.8797653958944283,5.278592375366569,93.841642228739,5.571847507331378,88.26979472140762
E00181617,458,67,32,35,391,23,368,14.628820960698691,6.986899563318777,7.641921397379912,85.37117903930131,5.021834061135371,80.34934497816593
E00181618,154,15,4,11,139,10,129,9.740259740259742,2.5974025974025974,7.142857142857142,90.25974025974025,6.493506493506493,83.76623376623377
E00181620,423,16,5,11,407,40,367,3.7825059101654848,1.1820330969267139,2.6004728132387704,96.2174940898345,9.456264775413711,86.7612293144208
E00181621,156,27,12,15,129,17,112,17.307692307692307,7.6923076923076925,9.615384615384617,82.6923076923077,10.897435897435898,71.7948717948718
E00181622,185,24,7,17,161,16,145,12.972972972972974,3.783783783783784,9.18918918918919,87.02702702702703,8.64864864864865,78.37837837837837
E00181623,330,19,10,9,311,10,301,5.757575757575758,3.0303030303030303,2.727272727272727,94.24242424242424,3.0303030303030303,91.21212121212122
E00181624,282,31,7,24,251,19,232,10.99290780141844,2.4822695035460995,8.51063829787234,89.00709219858156,6.73758865248227,82.26950354609929
E00181625,216,23,2,21,193,27,166,10.648148148148149,0.9259259259259258,9.722222222222223,89.35185185185185,12.5,76.85185185185185
E00181626,112,26,11,15,86,7,79,23.214285714285715,9.821428571428571,13.392857142857142,76.78571428571429,6.25,70.53571428571429
E00181627,367,37,15,22,330,25,305,10.08174386920981,4.087193460490464,5.994550408719346,89.91825613079018,6.811989100817439,83.10626702997274
E00181628,197,18,6,12,179,26,153,9.137055837563452,3.0456852791878175,6.091370558375635,90.86294416243655,13.19796954314721,77.66497461928934
E00181629,415,27,5,22,388,27,361,6.506024096385541,1.2048192771084338,5.301204819277109,93.49397590361446,6.506024096385541,86.98795180722891
E00181631,457,99,80,19,358,14,344,21.663019693654267,17.505470459518598,4.157549234135667,78.33698030634574,3.063457330415755,75.27352297592998
E00181632,481,99,47,52,382,25,357,20.582120582120584,9.771309771309772,10.81081081081081,79.41787941787942,5.197505197505198,74.22037422037423
E00181633,292,17,3,14,275,25,250,5.821917808219178,1.0273972602739725,4.794520547945205,94.17808219178082,8.561643835616438,85.61643835616438
E00181634,269,24,4,20,245,11,234,8.921933085501859,1.486988847583643,7.434944237918216,91.07806691449815,4.089219330855019,86.98884758364312
E00181636,380,43,9,34,337,32,305,11.31578947368421,2.368421052631579,8.947368421052632,88.68421052631578,8.421052631578947,80.26315789473685
E00181637,234,12,5,7,222,20,202,5.128205128205128,2.1367521367521367,2.9914529914529915,94.87179487179486,8.547008547008547,86.32478632478633
E00181638,300,68,30,38,232,19,213,22.666666666666664,10,12.666666666666668,77.33333333333333,6.333333333333334,71
E00181639,205,12,2,10,193,13,180,5.853658536585367,0.975609756097561,4.878048780487805,94.14634146341463,6.341463414634147,87.8048780487805
E00181640,327,41,15,26,286,23,263,12.538226299694188,4.587155963302752,7.951070336391437,87.46177370030581,7.033639143730887,80.42813455657493
E00181642,216,19,2,17,197,18,179,8.796296296296296,0.9259259259259258,7.87037037037037,91.20370370370371,8.333333333333332,82.87037037037037
E00181643,177,78,47,31,99,14,85,44.06779661016949,26.55367231638418,17.51412429378531,55.932203389830505,7.909604519774012,48.0225988700565
E00181644,395,65,30,35,330,26,304,16.455696202531644,7.59493670886076,8.860759493670885,83.54430379746836,6.582278481012659,76.9620253164557
E00181645,123,32,17,15,91,6,85,26.01626016260163,13.821138211382115,12.195121951219512,73.98373983739837,4.878048780487805,69.10569105691057
E00181646,153,22,7,15,131,9,122,14.37908496732026,4.57516339869281,9.803921568627452,85.62091503267973,5.88235294117647,79.73856209150327
E00181647,381,116,83,33,265,17,248,30.446194225721783,21.784776902887142,8.661417322834646,69.5538057742782,4.4619422572178475,65.09186351706036
E00181648,484,113,50,63,371,23,348,23.34710743801653,10.330578512396695,13.016528925619836,76.65289256198346,4.75206611570248,71.900826446281
E00181650,495,35,4,31,460,37,423,7.07070707070707,0.8080808080808081,6.262626262626263,92.92929292929293,7.474747474747474,85.45454545454545
E00181652,107,18,8,10,89,4,85,16.822429906542055,7.476635514018691,9.345794392523365,83.17757009345794,3.7383177570093453,79.43925233644859
E00181653,208,21,6,15,187,16,171,10.096153846153847,2.8846153846153846,7.211538461538461,89.90384615384616,7.6923076923076925,82.21153846153845
E00181654,268,15,7,8,253,5,248,5.597014925373134,2.6119402985074625,2.9850746268656714,94.40298507462687,1.8656716417910446,92.53731343283582
E00181655,330,29,1,28,301,26,275,8.787878787878787,0.30303030303030304,8.484848484848486,91.21212121212122,7.878787878787878,83.33333333333334
E00181656,331,32,6,26,299,15,284,9.667673716012084,1.812688821752266,7.854984894259818,90.33232628398792,4.531722054380665,85.80060422960725
E00181657,616,104,11,93,512,48,464,16.883116883116884,1.7857142857142856,15.0974025974026,83.11688311688312,7.792207792207792,75.32467532467533
E00181658,344,102,51,51,242,26,216,29.651162790697676,14.825581395348838,14.825581395348838,70.34883720930233,7.55813953488372,62.7906976744186
E00181659,356,58,20,38,298,29,269,16.292134831460675,5.617977528089887,10.674157303370785,83.70786516853933,8.146067415730338,75.56179775280899
E00181662,437,27,8,19,410,27,383,6.178489702517163,1.8306636155606408,4.3478260869565215,93.82151029748283,6.178489702517163,87.64302059496568
E00181663,360,39,3,36,321,21,300,10.833333333333334,0.8333333333333334,10,89.16666666666667,5.833333333333333,83.33333333333334
E00181665,262,32,17,15,230,11,219,12.213740458015266,6.488549618320611,5.7251908396946565,87.78625954198473,4.198473282442748,83.58778625954199
E00181666,599,46,16,30,553,29,524,7.6794657762938225,2.671118530884808,5.008347245409015,92.32053422370618,4.841402337228715,87.47913188647746
E00181668,444,46,10,36,398,36,362,10.36036036036036,2.2522522522522523,8.108108108108109,89.63963963963964,8.108108108108109,81.53153153153153
E00181669,293,11,3,8,282,17,265,3.754266211604096,1.023890784982935,2.7303754266211606,96.24573378839591,5.802047781569966,90.44368600682594
E00181670,304,28,4,24,276,18,258,9.210526315789473,1.3157894736842104,7.894736842105263,90.78947368421053,5.921052631578947,84.86842105263158
E00181671,467,49,19,30,418,29,389,10.492505353319057,4.068522483940043,6.423982869379015,89.50749464668094,6.209850107066381,83.29764453961455
E00181672,202,36,11,25,166,20,146,17.82178217821782,5.445544554455446,12.376237623762377,82.17821782178217,9.900990099009901,72.27722772277228
E00181673,218,29,7,22,189,21,168,13.302752293577983,3.211009174311927,10.091743119266056,86.69724770642202,9.63302752293578,77.06422018348624
E00181674,305,32,4,28,273,17,256,10.491803278688524,1.3114754098360655,9.180327868852459,89.50819672131148,5.573770491803279,83.93442622950819
E00181675,355,27,9,18,328,20,308,7.605633802816901,2.535211267605634,5.070422535211268,92.3943661971831,5.633802816901409,86.76056338028168
E00181677,195,12,1,11,183,16,167,6.153846153846154,0.5128205128205128,5.641025641025641,93.84615384615384,8.205128205128204,85.64102564102564
E00181678,118,23,11,12,95,3,92,19.491525423728813,9.322033898305085,10.16949152542373,80.50847457627118,2.5423728813559325,77.96610169491525
E00181679,479,40,8,32,439,40,399,8.350730688935283,1.6701461377870561,6.6805845511482245,91.64926931106471,8.350730688935283,83.29853862212944
E00181680,279,39,14,25,240,11,229,13.978494623655912,5.017921146953405,8.960573476702509,86.02150537634408,3.942652329749104,82.07885304659499
E00181682,439,68,31,37,371,28,343,15.489749430523919,7.061503416856492,8.428246013667426,84.51025056947609,6.378132118451026,78.13211845102505
E00181683,293,28,7,21,265,33,232,9.556313993174061,2.3890784982935154,7.167235494880546,90.44368600682594,11.262798634812286,79.18088737201366
E00181684,512,60,25,35,452,40,412,11.71875,4.8828125,6.8359375,88.28125,7.8125,80.46875
E00181685,308,26,5,21,282,18,264,8.441558441558442,1.6233766233766231,6.8181818181818175,91.55844155844156,5.844155844155844,85.71428571428571
E00181686,232,29,6,23,203,14,189,12.5,2.586206896551724,9.913793103448276,87.5,6.0344827586206895,81.46551724137932
E00181687,391,63,24,39,328,15,313,16.11253196930946,6.138107416879795,9.974424552429667,83.88746803069054,3.8363171355498724,80.05115089514067
E00181688,153,27,1,26,126,10,116,17.647058823529413,0.6535947712418301,16.99346405228758,82.35294117647058,6.535947712418301,75.81699346405229
E00181689,305,42,6,36,263,37,226,13.77049180327869,1.9672131147540985,11.80327868852459,86.22950819672131,12.131147540983607,74.09836065573771
E00181690,457,49,14,35,408,15,393,10.722100656455142,3.063457330415755,7.658643326039387,89.27789934354486,3.282275711159737,85.99562363238512
E00181691,396,60,15,45,336,38,298,15.151515151515152,3.787878787878788,11.363636363636363,84.84848484848484,9.595959595959595,75.25252525252525
E00181692,213,15,2,13,198,15,183,7.042253521126761,0.9389671361502347,6.103286384976526,92.95774647887323,7.042253521126761,85.91549295774648
E00181693,396,41,7,34,355,34,321,10.353535353535353,1.7676767676767675,8.585858585858585,89.64646464646465,8.585858585858585,81.06060606060606
E00181694,237,16,6,10,221,14,207,6.751054852320674,2.5316455696202533,4.219409282700422,93.24894514767934,5.9071729957805905,87.34177215189874
E00181695,234,13,0,13,221,21,200,5.555555555555555,0,5.555555555555555,94.44444444444444,8.974358974358974,85.47008547008546
E00181696,494,34,9,25,460,31,429,6.882591093117409,1.8218623481781375,5.060728744939271,93.11740890688259,6.275303643724696,86.8421052631579
E00181697,264,18,4,14,246,15,231,6.8181818181818175,1.5151515151515151,5.303030303030303,93.18181818181817,5.681818181818182,87.5
E00181698,475,50,7,43,425,46,379,10.526315789473683,1.4736842105263157,9.05263157894737,89.47368421052632,9.68421052631579,79.78947368421052
E00181699,535,69,30,39,466,35,431,12.897196261682243,5.607476635514018,7.289719626168225,87.10280373831776,6.5420560747663545,80.5607476635514
E00181700,551,49,26,23,502,14,488,8.892921960072595,4.71869328493648,4.174228675136116,91.1070780399274,2.540834845735027,88.56624319419237
E00181701,157,14,8,6,143,20,123,8.9171974522293,5.095541401273886,3.821656050955414,91.0828025477707,12.738853503184714,78.343949044586
E00181702,450,71,45,26,379,17,362,15.777777777777777,10,5.777777777777778,84.22222222222221,3.7777777777777777,80.44444444444444
E00181704,194,40,20,20,154,15,139,20.618556701030926,10.309278350515463,10.309278350515463,79.38144329896907,7.731958762886598,71.64948453608247
E00181705,168,23,4,19,145,13,132,13.690476190476192,2.380952380952381,11.30952380952381,86.30952380952381,7.738095238095238,78.57142857142857
E00181706,463,21,9,12,442,9,433,4.535637149028078,1.9438444924406046,2.591792656587473,95.46436285097192,1.9438444924406046,93.52051835853132
E00181707,206,21,8,13,185,18,167,10.194174757281553,3.8834951456310676,6.310679611650485,89.80582524271846,8.737864077669903,81.06796116504854
E00181708,187,31,2,29,156,13,143,16.577540106951872,1.06951871657754,15.508021390374333,83.42245989304813,6.951871657754011,76.47058823529412
E00181709,262,65,28,37,197,15,182,24.80916030534351,10.687022900763358,14.122137404580155,75.19083969465649,5.7251908396946565,69.46564885496184
E00181710,407,33,15,18,374,20,354,8.108108108108109,3.6855036855036856,4.422604422604422,91.8918918918919,4.914004914004914,86.97788697788698
E00181711,368,32,6,26,336,27,309,8.695652173913043,1.6304347826086956,7.065217391304348,91.30434782608695,7.336956521739131,83.96739130434783
E00181712,368,35,19,16,333,5,328,9.510869565217392,5.163043478260869,4.3478260869565215,90.48913043478261,1.358695652173913,89.13043478260869
E00181714,289,34,5,29,255,26,229,11.76470588235294,1.7301038062283738,10.034602076124568,88.23529411764706,8.996539792387544,79.23875432525952
E00181715,197,24,9,15,173,13,160,12.18274111675127,4.568527918781726,7.614213197969544,87.81725888324873,6.598984771573605,81.21827411167513
E00181716,296,58,33,25,238,19,219,19.594594594594593,11.14864864864865,8.445945945945946,80.4054054054054,6.418918918918918,73.98648648648648
