OA,ts0380001,ts0380002,ts0380003,ts0380004,ts0380005,ts0380006,ts0380007,ts0380002_PCT,ts0380003_PCT,ts0380004_PCT,ts0380005_PCT,ts0380006_PCT,ts0380007_PCT
E00165340,351,51,20,31,300,39,261,14.529914529914532,5.698005698005698,8.831908831908832,85.47008547008546,11.11111111111111,74.35897435897436
E00165341,258,63,29,34,195,9,186,24.418604651162788,11.24031007751938,13.178294573643413,75.5813953488372,3.488372093023256,72.09302325581395
E00165342,257,52,21,31,205,26,179,20.233463035019454,8.171206225680933,12.062256809338521,79.76653696498055,10.116731517509727,69.64980544747081
E00165343,242,43,17,26,199,30,169,17.768595041322314,7.024793388429752,10.743801652892563,82.23140495867769,12.396694214876034,69.83471074380165
E00165344,320,63,22,41,257,22,235,19.6875,6.875000000000001,12.812499999999998,80.3125,6.875000000000001,73.4375
E00165345,233,53,20,33,180,12,168,22.746781115879827,8.583690987124463,14.163090128755366,77.25321888412017,5.150214592274678,72.1030042918455
E00165346,250,69,43,26,181,23,158,27.6,17.2,10.4,72.39999999999999,9.2,63.2
E00165347,288,59,19,40,229,23,206,20.48611111111111,6.597222222222222,13.88888888888889,79.51388888888889,7.986111111111111,71.52777777777779
E00165348,265,55,20,35,210,19,191,20.754716981132077,7.547169811320755,13.20754716981132,79.24528301886792,7.169811320754717,72.0754716981132
E00165349,366,79,27,52,287,12,275,21.584699453551913,7.377049180327869,14.207650273224044,78.41530054644808,3.278688524590164,75.13661202185791
E00165350,208,53,21,32,155,19,136,25.48076923076923,10.096153846153847,15.384615384615385,74.51923076923077,9.134615384615383,65.38461538461539
E00165351,205,37,10,27,168,19,149,18.048780487804876,4.878048780487805,13.170731707317074,81.95121951219512,9.268292682926829,72.6829268292683
E00165352,302,73,30,43,229,15,214,24.17218543046358,9.933774834437086,14.23841059602649,75.82781456953643,4.966887417218543,70.86092715231787
E00165353,237,50,22,28,187,19,168,21.09704641350211,9.282700421940929,11.814345991561181,78.90295358649789,8.016877637130802,70.88607594936708
E00165354,299,48,16,32,251,24,227,16.05351170568562,5.351170568561873,10.702341137123746,83.94648829431438,8.02675585284281,75.91973244147158
E00165355,269,46,16,30,223,30,193,17.100371747211895,5.947955390334572,11.152416356877323,82.8996282527881,11.152416356877323,71.74721189591078
E00165356,259,36,9,27,223,35,188,13.8996138996139,3.474903474903475,10.424710424710424,86.10038610038609,13.513513513513514,72.58687258687259
E00165357,277,27,16,11,250,17,233,9.747292418772563,5.776173285198556,3.9711191335740073,90.25270758122743,6.137184115523466,84.11552346570397
E00165358,245,43,12,31,202,14,188,17.551020408163264,4.8979591836734695,12.653061224489795,82.44897959183673,5.714285714285714,76.73469387755102
E00165359,304,56,21,35,248,25,223,18.421052631578945,6.907894736842106,11.513157894736842,81.57894736842105,8.223684210526317,73.35526315789474
E00165360,280,44,9,35,236,27,209,15.714285714285714,3.214285714285714,12.5,84.28571428571429,9.642857142857144,74.64285714285714
E00165361,365,44,10,34,321,36,285,12.054794520547945,2.73972602739726,9.315068493150685,87.94520547945206,9.863013698630137,78.08219178082192
E00165362,309,30,3,27,279,23,256,9.70873786407767,0.9708737864077669,8.737864077669903,90.29126213592234,7.443365695792881,82.84789644012946
E00165363,286,69,26,43,217,20,197,24.125874125874127,9.090909090909092,15.034965034965033,75.87412587412588,6.993006993006993,68.88111888111888
E00165364,268,74,40,34,194,16,178,27.611940298507463,14.925373134328357,12.686567164179104,72.38805970149254,5.970149253731343,66.4179104477612
E00165365,273,52,16,36,221,24,197,19.047619047619047,5.86080586080586,13.186813186813188,80.95238095238095,8.791208791208792,72.16117216117216
E00165366,300,55,16,39,245,31,214,18.333333333333332,5.333333333333334,13,81.66666666666667,10.333333333333334,71.33333333333334
E00165367,280,34,11,23,246,25,221,12.142857142857142,3.9285714285714284,8.214285714285714,87.85714285714286,8.928571428571429,78.92857142857143
E00165368,248,52,17,35,196,34,162,20.967741935483872,6.854838709677419,14.112903225806454,79.03225806451613,13.709677419354838,65.32258064516128
E00165369,337,81,31,50,256,28,228,24.03560830860534,9.198813056379821,14.836795252225517,75.96439169139467,8.30860534124629,67.65578635014838
E00165370,294,50,26,24,244,21,223,17.006802721088434,8.843537414965986,8.16326530612245,82.99319727891157,7.142857142857142,75.85034013605441
E00165371,412,136,80,56,276,30,246,33.00970873786408,19.41747572815534,13.592233009708737,66.99029126213593,7.281553398058252,59.70873786407766
E00165372,346,79,37,42,267,26,241,22.832369942196532,10.69364161849711,12.138728323699421,77.16763005780348,7.514450867052023,69.65317919075144
E00165373,278,65,32,33,213,16,197,23.381294964028775,11.510791366906476,11.870503597122301,76.61870503597122,5.755395683453238,70.86330935251799
E00165374,245,62,26,36,183,19,164,25.30612244897959,10.612244897959183,14.69387755102041,74.6938775510204,7.755102040816326,66.93877551020408
E00165375,264,60,28,32,204,10,194,22.727272727272727,10.606060606060606,12.121212121212121,77.27272727272727,3.787878787878788,73.48484848484848
E00165376,285,53,19,34,232,19,213,18.596491228070175,6.666666666666667,11.929824561403509,81.40350877192982,6.666666666666667,74.73684210526315
E00165377,351,67,27,40,284,30,254,19.08831908831909,7.6923076923076925,11.396011396011396,80.91168091168092,8.547008547008547,72.36467236467237
E00165378,260,64,33,31,196,25,171,24.615384615384617,12.692307692307692,11.923076923076923,75.38461538461539,9.615384615384617,65.76923076923077
E00165379,292,85,41,44,207,17,190,29.10958904109589,14.04109589041096,15.068493150684931,70.8904109589041,5.821917808219178,65.06849315068493
E00165380,297,65,28,37,232,23,209,21.885521885521886,9.427609427609427,12.457912457912458,78.11447811447812,7.744107744107744,70.37037037037037
E00165381,294,79,30,49,215,23,192,26.87074829931973,10.204081632653061,16.666666666666664,73.12925170068027,7.8231292517006805,65.3061224489796
E00165382,293,73,39,34,220,18,202,24.914675767918087,13.310580204778159,11.604095563139932,75.0853242320819,6.143344709897611,68.94197952218431
E00165383,280,65,20,45,215,24,191,23.214285714285715,7.142857142857142,16.071428571428573,76.78571428571429,8.571428571428571,68.21428571428572
E00165384,355,52,19,33,303,37,266,14.647887323943662,5.352112676056338,9.295774647887324,85.35211267605634,10.422535211267606,74.92957746478874
E00165385,226,46,21,25,180,24,156,20.353982300884958,9.29203539823009,11.061946902654867,79.64601769911505,10.619469026548673,69.02654867256636
E00165386,239,44,9,35,195,25,170,18.410041841004183,3.765690376569038,14.644351464435147,81.58995815899581,10.460251046025103,71.1297071129707
E00165387,276,48,20,28,228,27,201,17.391304347826086,7.246376811594203,10.144927536231885,82.6086956521739,9.782608695652174,72.82608695652173
E00165388,269,67,30,37,202,22,180,24.907063197026023,11.152416356877323,13.754646840148698,75.09293680297398,8.178438661710038,66.91449814126395
E00165389,243,48,17,31,195,25,170,19.753086419753085,6.995884773662551,12.757201646090536,80.24691358024691,10.2880658436214,69.95884773662551
E00165390,289,60,23,37,229,37,192,20.761245674740483,7.958477508650519,12.802768166089965,79.23875432525952,12.802768166089965,66.43598615916954
E00165391,250,43,16,27,207,28,179,17.2,6.4,10.8,82.8,11.200000000000001,71.6
E00165392,417,96,44,52,321,40,281,23.021582733812952,10.551558752997602,12.470023980815348,76.97841726618705,9.59232613908873,67.38609112709833
E00165393,273,56,23,33,217,32,185,20.51282051282051,8.424908424908425,12.087912087912088,79.48717948717949,11.72161172161172,67.76556776556777
E00165394,303,45,14,31,258,35,223,14.85148514851485,4.62046204620462,10.231023102310232,85.14851485148515,11.55115511551155,73.5973597359736
E00165395,264,59,30,29,205,18,187,22.348484848484848,11.363636363636363,10.984848484848484,77.65151515151516,6.8181818181818175,70.83333333333334
E00165396,290,50,10,40,240,35,205,17.24137931034483,3.4482758620689653,13.793103448275861,82.75862068965517,12.068965517241379,70.6896551724138
E00165397,366,84,28,56,282,27,255,22.950819672131146,7.650273224043716,15.300546448087433,77.04918032786885,7.377049180327869,69.67213114754098
E00165398,330,67,32,35,263,19,244,20.303030303030305,9.696969696969697,10.606060606060606,79.6969696969697,5.757575757575758,73.93939393939394
E00165399,257,43,15,28,214,31,183,16.731517509727624,5.836575875486381,10.894941634241246,83.26848249027238,12.062256809338521,71.20622568093385
E00165400,323,63,29,34,260,26,234,19.5046439628483,8.978328173374612,10.526315789473683,80.4953560371517,8.04953560371517,72.44582043343654
E00165401,332,70,27,43,262,26,236,21.084337349397593,8.132530120481928,12.951807228915662,78.91566265060241,7.83132530120482,71.08433734939759
E00165402,404,87,40,47,317,34,283,21.534653465346533,9.900990099009901,11.633663366336634,78.46534653465346,8.415841584158416,70.04950495049505
E00165403,361,67,32,35,294,25,269,18.559556786703602,8.86426592797784,9.695290858725762,81.4404432132964,6.9252077562326875,74.51523545706371
E00165404,357,46,21,25,311,14,297,12.885154061624648,5.88235294117647,7.002801120448179,87.11484593837535,3.9215686274509802,83.19327731092437
E00165405,298,50,27,23,248,11,237,16.778523489932887,9.060402684563758,7.718120805369128,83.22147651006712,3.691275167785235,79.53020134228188
E00165406,268,64,20,44,204,27,177,23.88059701492537,7.462686567164178,16.417910447761194,76.11940298507463,10.074626865671641,66.04477611940298
E00165407,320,53,22,31,267,17,250,16.5625,6.875000000000001,9.6875,83.4375,5.3125,78.125
E00165408,284,32,14,18,252,26,226,11.267605633802818,4.929577464788732,6.338028169014084,88.73239436619718,9.15492957746479,79.5774647887324
E00165409,321,53,21,32,268,28,240,16.510903426791277,6.5420560747663545,9.968847352024921,83.48909657320873,8.722741433021806,74.76635514018692
E00165410,443,61,19,42,382,34,348,13.769751693002258,4.288939051918736,9.480812641083523,86.23024830699775,7.674943566591422,78.55530474040631
E00165411,362,33,18,15,329,26,303,9.116022099447514,4.972375690607735,4.143646408839778,90.88397790055248,7.18232044198895,83.70165745856355
E00165412,391,57,24,33,334,17,317,14.578005115089516,6.138107416879795,8.439897698209718,85.42199488491049,4.3478260869565215,81.07416879795396
E00165413,299,74,37,37,225,24,201,24.74916387959866,12.37458193979933,12.37458193979933,75.25083612040135,8.02675585284281,67.22408026755853
E00165414,343,49,16,33,294,36,258,14.285714285714285,4.664723032069971,9.620991253644315,85.71428571428571,10.495626822157435,75.21865889212827
E00165415,147,24,9,15,123,7,116,16.3265306122449,6.122448979591836,10.204081632653061,83.6734693877551,4.761904761904762,78.91156462585033
E00165416,216,44,14,30,172,21,151,20.37037037037037,6.481481481481481,13.88888888888889,79.62962962962963,9.722222222222223,69.9074074074074
E00165417,153,28,9,19,125,19,106,18.30065359477124,5.88235294117647,12.418300653594772,81.69934640522875,12.418300653594772,69.28104575163398
E00165418,424,62,30,32,362,22,340,14.622641509433961,7.0754716981132075,7.547169811320755,85.37735849056604,5.188679245283019,80.18867924528303
E00165419,226,35,14,21,191,24,167,15.486725663716813,6.1946902654867255,9.29203539823009,84.51327433628319,10.619469026548673,73.89380530973452
E00165420,345,61,29,32,284,26,258,17.681159420289855,8.405797101449275,9.27536231884058,82.31884057971014,7.536231884057972,74.78260869565217
E00165421,331,57,27,30,274,17,257,17.220543806646525,8.157099697885197,9.06344410876133,82.77945619335347,5.13595166163142,77.64350453172206
E00165422,273,39,13,26,234,16,218,14.285714285714285,4.761904761904762,9.523809523809524,85.71428571428571,5.86080586080586,79.85347985347985
E00165423,369,67,32,35,302,31,271,18.157181571815716,8.672086720867208,9.48509485094851,81.84281842818429,8.401084010840108,73.44173441734418
E00165424,245,49,19,30,196,24,172,20,7.755102040816326,12.244897959183673,80,9.795918367346939,70.20408163265306
E00165425,321,50,18,32,271,25,246,15.57632398753894,5.607476635514018,9.968847352024921,84.42367601246106,7.78816199376947,76.63551401869158
E00165426,233,46,13,33,187,13,174,19.742489270386265,5.579399141630901,14.163090128755366,80.25751072961373,5.579399141630901,74.67811158798283
E00165427,281,42,15,27,239,26,213,14.94661921708185,5.338078291814947,9.608540925266903,85.05338078291815,9.252669039145907,75.80071174377224
E00165428,227,41,23,18,186,19,167,18.06167400881057,10.13215859030837,7.929515418502203,81.93832599118943,8.370044052863436,73.568281938326
E00165429,270,65,36,29,205,21,184,24.074074074074073,13.333333333333334,10.74074074074074,75.92592592592592,7.777777777777778,68.14814814814815
E00165431,319,57,22,35,262,18,244,17.86833855799373,6.896551724137931,10.9717868338558,82.13166144200626,5.6426332288401255,76.48902821316614
E00165432,223,40,16,24,183,21,162,17.937219730941703,7.174887892376682,10.762331838565023,82.0627802690583,9.417040358744394,72.6457399103139
E00165433,237,36,15,21,201,21,180,15.18987341772152,6.329113924050633,8.860759493670885,84.81012658227847,8.860759493670885,75.9493670886076
E00165434,225,39,16,23,186,25,161,17.333333333333336,7.111111111111111,10.222222222222223,82.66666666666667,11.11111111111111,71.55555555555554
E00165435,251,42,16,26,209,29,180,16.733067729083665,6.374501992031872,10.358565737051793,83.26693227091634,11.553784860557768,71.71314741035857
E00165436,292,53,18,35,239,25,214,18.15068493150685,6.164383561643835,11.986301369863012,81.84931506849315,8.561643835616438,73.28767123287672
E00165437,277,50,18,32,227,18,209,18.050541516245488,6.4981949458483745,11.552346570397113,81.94945848375451,6.4981949458483745,75.45126353790613
E00165438,238,40,15,25,198,17,181,16.80672268907563,6.302521008403361,10.504201680672269,83.19327731092437,7.142857142857142,76.05042016806722
E00165439,348,51,30,21,297,24,273,14.655172413793101,8.620689655172415,6.0344827586206895,85.34482758620689,6.896551724137931,78.44827586206897
E00165440,230,65,34,31,165,15,150,28.26086956521739,14.782608695652174,13.478260869565217,71.73913043478261,6.521739130434782,65.21739130434783
E00165441,325,65,26,39,260,17,243,20,8,12,80,5.230769230769231,74.76923076923076
E00165442,329,79,37,42,250,15,235,24.012158054711247,11.246200607902736,12.76595744680851,75.98784194528876,4.5592705167173255,71.42857142857143
E00165444,436,91,47,44,345,38,307,20.871559633027523,10.77981651376147,10.091743119266056,79.12844036697247,8.715596330275229,70.41284403669725
E00165445,283,64,30,34,219,13,206,22.614840989399294,10.60070671378092,12.014134275618375,77.3851590106007,4.593639575971731,72.79151943462897
E00165446,255,65,28,37,190,14,176,25.49019607843137,10.980392156862745,14.50980392156863,74.50980392156863,5.490196078431373,69.01960784313725
E00165447,346,51,17,34,295,19,276,14.739884393063585,4.913294797687861,9.826589595375722,85.26011560693641,5.491329479768786,79.76878612716763
E00165448,225,87,45,42,138,11,127,38.666666666666664,20,18.666666666666668,61.33333333333333,4.888888888888889,56.44444444444444
E00165449,338,66,27,39,272,22,250,19.526627218934912,7.988165680473373,11.538461538461538,80.4733727810651,6.508875739644971,73.96449704142012
E00165450,336,71,28,43,265,24,241,21.13095238095238,8.333333333333332,12.797619047619047,78.86904761904762,7.142857142857142,71.72619047619048
E00165451,304,69,42,27,235,23,212,22.697368421052634,13.815789473684212,8.881578947368421,77.30263157894737,7.565789473684211,69.73684210526315
E00165452,326,61,23,38,265,33,232,18.711656441717793,7.05521472392638,11.65644171779141,81.28834355828221,10.122699386503067,71.16564417177914
E00165453,345,69,24,45,276,28,248,20,6.956521739130435,13.043478260869565,80,8.115942028985506,71.8840579710145
E00165454,306,80,31,49,226,12,214,26.143790849673206,10.130718954248366,16.013071895424837,73.8562091503268,3.9215686274509802,69.93464052287581
E00165455,278,42,15,27,236,18,218,15.107913669064748,5.39568345323741,9.712230215827338,84.89208633093526,6.474820143884892,78.41726618705036
E00165456,313,64,24,40,249,22,227,20.447284345047922,7.667731629392971,12.779552715654951,79.55271565495208,7.0287539936102235,72.52396166134186
E00165457,251,53,24,29,198,11,187,21.115537848605577,9.56175298804781,11.553784860557768,78.88446215139442,4.382470119521913,74.5019920318725
E00165458,201,44,20,24,157,17,140,21.890547263681594,9.950248756218906,11.940298507462686,78.1094527363184,8.45771144278607,69.65174129353234
E00165459,391,50,15,35,341,30,311,12.787723785166241,3.8363171355498724,8.951406649616368,87.21227621483376,7.672634271099745,79.53964194373401
E00165460,268,61,26,35,207,19,188,22.761194029850746,9.701492537313433,13.059701492537313,77.23880597014924,7.08955223880597,70.1492537313433
E00165461,304,48,18,30,256,19,237,15.789473684210526,5.921052631578947,9.868421052631579,84.21052631578947,6.25,77.96052631578947
E00165462,344,44,11,33,300,31,269,12.790697674418606,3.1976744186046515,9.593023255813954,87.20930232558139,9.011627906976743,78.19767441860465
E00165463,307,42,18,24,265,21,244,13.680781758957655,5.863192182410423,7.81758957654723,86.31921824104235,6.840390879478828,79.47882736156352
E00165464,312,71,35,36,241,21,220,22.756410256410255,11.217948717948719,11.538461538461538,77.24358974358975,6.730769230769231,70.51282051282051
E00165465,320,35,12,23,285,25,260,10.9375,3.75,7.187499999999999,89.0625,7.8125,81.25
E00165466,300,51,21,30,249,33,216,17,7.000000000000001,10,83,11,72
E00165467,324,39,12,27,285,26,259,12.037037037037036,3.7037037037037033,8.333333333333332,87.96296296296296,8.024691358024691,79.93827160493827
E00165468,332,45,18,27,287,19,268,13.55421686746988,5.421686746987952,8.132530120481928,86.44578313253012,5.72289156626506,80.72289156626506
E00165469,332,115,60,55,217,20,197,34.63855421686747,18.072289156626507,16.566265060240966,65.36144578313254,6.024096385542169,59.337349397590366
E00165470,333,47,23,24,286,25,261,14.114114114114114,6.906906906906906,7.207207207207207,85.88588588588588,7.5075075075075075,78.37837837837837
E00165471,310,93,48,45,217,14,203,30,15.483870967741936,14.516129032258066,70,4.516129032258064,65.48387096774194
E00165472,309,53,26,27,256,19,237,17.15210355987055,8.414239482200648,8.737864077669903,82.84789644012946,6.148867313915858,76.69902912621359
E00165473,254,55,19,36,199,13,186,21.653543307086615,7.480314960629922,14.173228346456693,78.34645669291339,5.118110236220472,73.22834645669292
E00165474,290,42,17,25,248,24,224,14.482758620689657,5.862068965517241,8.620689655172415,85.51724137931035,8.275862068965518,77.24137931034483
E00165475,353,88,42,46,265,31,234,24.929178470254957,11.89801699716714,13.031161473087819,75.07082152974505,8.78186968838527,66.28895184135978
E00165476,300,36,10,26,264,27,237,12,3.3333333333333335,8.666666666666668,88,9,79
E00165477,276,92,45,47,184,17,167,33.33333333333333,16.304347826086957,17.02898550724638,66.66666666666666,6.159420289855073,60.507246376811594
E00165478,269,53,25,28,216,23,193,19.702602230483272,9.293680297397769,10.408921933085502,80.29739776951673,8.550185873605948,71.74721189591078
E00165479,335,78,44,34,257,19,238,23.283582089552237,13.134328358208954,10.149253731343283,76.71641791044776,5.6716417910447765,71.04477611940298
E00165480,300,48,17,31,252,33,219,16,5.666666666666666,10.333333333333334,84,11,73
E00165481,393,78,37,41,315,26,289,19.84732824427481,9.414758269720101,10.432569974554708,80.1526717557252,6.615776081424936,73.53689567430025
E00165482,274,89,46,43,185,25,160,32.481751824817515,16.78832116788321,15.693430656934307,67.51824817518248,9.124087591240876,58.3941605839416
E00165483,458,113,70,43,345,32,313,24.67248908296943,15.283842794759824,9.388646288209607,75.32751091703057,6.986899563318777,68.3406113537118
E00165484,344,67,24,43,277,29,248,19.476744186046513,6.976744186046512,12.5,80.52325581395348,8.430232558139535,72.09302325581395
E00165486,397,84,25,59,313,20,293,21.158690176322416,6.297229219143577,14.86146095717884,78.84130982367759,5.037783375314862,73.80352644836272
E00165488,298,40,13,27,258,27,231,13.422818791946309,4.3624161073825505,9.060402684563758,86.57718120805369,9.060402684563758,77.51677852348993
E00165489,276,34,9,25,242,16,226,12.318840579710146,3.260869565217391,9.057971014492754,87.68115942028986,5.797101449275362,81.88405797101449
E00165490,294,26,10,16,268,21,247,8.843537414965986,3.4013605442176873,5.442176870748299,91.15646258503402,7.142857142857142,84.01360544217688
E00165491,234,60,26,34,174,13,161,25.64102564102564,11.11111111111111,14.529914529914532,74.35897435897436,5.555555555555555,68.80341880341881
E00165492,264,43,19,24,221,20,201,16.28787878787879,7.196969696969697,9.090909090909092,83.71212121212122,7.575757575757576,76.13636363636364
E00165493,294,56,27,29,238,29,209,19.047619047619047,9.183673469387756,9.863945578231291,80.95238095238095,9.863945578231291,71.08843537414967
E00165494,295,48,13,35,247,28,219,16.271186440677965,4.406779661016949,11.864406779661017,83.72881355932203,9.491525423728813,74.23728813559322
E00165495,306,87,59,28,219,17,202,28.431372549019606,19.28104575163399,9.15032679738562,71.56862745098039,5.555555555555555,66.01307189542483
E00165496,266,38,11,27,228,17,211,14.285714285714285,4.135338345864661,10.150375939849624,85.71428571428571,6.390977443609022,79.32330827067669
E00165497,247,50,11,39,197,26,171,20.242914979757085,4.4534412955465585,15.789473684210526,79.75708502024291,10.526315789473683,69.23076923076923
E00165498,318,48,19,29,270,33,237,15.09433962264151,5.9748427672955975,9.119496855345911,84.90566037735849,10.377358490566039,74.52830188679245
E00165499,343,53,26,27,290,30,260,15.451895043731778,7.580174927113703,7.871720116618077,84.54810495626822,8.746355685131196,75.80174927113703
E00165500,258,56,27,29,202,30,172,21.705426356589147,10.465116279069768,11.24031007751938,78.29457364341084,11.627906976744185,66.66666666666666
E00165501,301,45,20,25,256,26,230,14.950166112956811,6.64451827242525,8.305647840531561,85.04983388704319,8.637873754152823,76.41196013289037
E00165502,301,49,20,29,252,22,230,16.27906976744186,6.64451827242525,9.634551495016613,83.72093023255815,7.308970099667775,76.41196013289037
E00165503,380,94,35,59,286,40,246,24.736842105263158,9.210526315789473,15.526315789473685,75.26315789473685,10.526315789473683,64.73684210526316
E00165504,337,55,24,31,282,33,249,16.320474777448073,7.121661721068249,9.198813056379821,83.67952522255193,9.792284866468842,73.88724035608308
E00165505,310,52,17,35,258,30,228,16.7741935483871,5.483870967741936,11.29032258064516,83.22580645161291,9.67741935483871,73.54838709677419
E00165506,373,96,43,53,277,23,254,25.737265415549597,11.528150134048257,14.209115281501342,74.26273458445041,6.166219839142091,68.09651474530831
E00165507,263,49,22,27,214,24,190,18.631178707224336,8.365019011406844,10.26615969581749,81.36882129277566,9.125475285171103,72.24334600760456
E00165508,336,68,21,47,268,26,242,20.238095238095237,6.25,13.988095238095239,79.76190476190477,7.738095238095238,72.02380952380952
E00165509,259,56,29,27,203,17,186,21.62162162162162,11.196911196911197,10.424710424710424,78.37837837837837,6.563706563706563,71.81467181467181
E00165510,330,46,16,30,284,27,257,13.939393939393941,4.848484848484849,9.090909090909092,86.06060606060606,8.181818181818182,77.87878787878788
E00165511,276,63,33,30,213,23,190,22.82608695652174,11.956521739130435,10.869565217391305,77.17391304347827,8.333333333333332,68.84057971014492
E00165512,358,72,32,40,286,31,255,20.11173184357542,8.938547486033519,11.1731843575419,79.88826815642457,8.659217877094973,71.22905027932961
E00165513,303,51,23,28,252,22,230,16.831683168316832,7.590759075907591,9.24092409240924,83.16831683168317,7.2607260726072615,75.9075907590759
E00165514,265,76,41,35,189,11,178,28.67924528301887,15.471698113207546,13.20754716981132,71.32075471698113,4.150943396226415,67.16981132075472
E00165515,289,85,38,47,204,18,186,29.411764705882355,13.148788927335639,16.26297577854671,70.58823529411765,6.228373702422145,64.3598615916955
E00165516,327,71,34,37,256,24,232,21.712538226299692,10.397553516819572,11.314984709480122,78.2874617737003,7.339449541284404,70.9480122324159
E00165517,256,54,24,30,202,26,176,21.09375,9.375,11.71875,78.90625,10.15625,68.75
E00165518,294,57,27,30,237,27,210,19.387755102040817,9.183673469387756,10.204081632653061,80.61224489795919,9.183673469387756,71.42857142857143
E00165519,294,57,17,40,237,27,210,19.387755102040817,5.782312925170068,13.60544217687075,80.61224489795919,9.183673469387756,71.42857142857143
E00165520,297,59,27,32,238,28,210,19.865319865319865,9.090909090909092,10.774410774410773,80.13468013468014,9.427609427609427,70.70707070707071
E00165521,285,82,40,42,203,33,170,28.771929824561404,14.035087719298245,14.736842105263156,71.2280701754386,11.578947368421053,59.64912280701754
E00165522,327,88,46,42,239,13,226,26.911314984709477,14.067278287461773,12.844036697247708,73.08868501529052,3.9755351681957185,69.1131498470948
E00165523,286,69,30,39,217,29,188,24.125874125874127,10.48951048951049,13.636363636363635,75.87412587412588,10.13986013986014,65.73426573426573
E00165524,245,87,42,45,158,11,147,35.51020408163265,17.142857142857142,18.367346938775512,64.48979591836735,4.489795918367347,60
E00165525,334,58,23,35,276,22,254,17.365269461077844,6.88622754491018,10.479041916167663,82.63473053892216,6.58682634730539,76.04790419161677
E00165526,350,86,31,55,264,33,231,24.571428571428573,8.857142857142856,15.714285714285714,75.42857142857143,9.428571428571429,66
E00165527,349,64,32,32,285,26,259,18.33810888252149,9.169054441260744,9.169054441260744,81.66189111747852,7.4498567335243555,74.21203438395415
E00165528,578,64,22,42,514,34,480,11.072664359861593,3.8062283737024223,7.26643598615917,88.92733564013841,5.88235294117647,83.04498269896193
E00165529,284,55,28,27,229,16,213,19.366197183098592,9.859154929577464,9.507042253521126,80.63380281690141,5.633802816901409,75
E00165530,267,40,18,22,227,30,197,14.981273408239701,6.741573033707865,8.239700374531834,85.0187265917603,11.235955056179774,73.78277153558052
E00165531,398,80,22,58,318,31,287,20.100502512562816,5.527638190954774,14.572864321608039,79.89949748743719,7.788944723618091,72.11055276381909
E00165532,300,81,41,40,219,17,202,27,13.666666666666666,13.333333333333334,73,5.666666666666666,67.33333333333333
E00165533,257,60,23,37,197,22,175,23.346303501945524,8.949416342412452,14.396887159533073,76.65369649805449,8.560311284046692,68.09338521400778
E00165534,301,59,24,35,242,18,224,19.601328903654487,7.973421926910299,11.627906976744185,80.39867109634552,5.980066445182724,74.4186046511628
E00165535,342,50,20,30,292,27,265,14.619883040935672,5.847953216374268,8.771929824561402,85.38011695906432,7.894736842105263,77.48538011695906
E00165536,354,111,67,44,243,26,217,31.35593220338983,18.926553672316384,12.429378531073446,68.64406779661016,7.344632768361582,61.29943502824858
E00165537,292,65,25,40,227,22,205,22.26027397260274,8.561643835616438,13.698630136986301,77.73972602739725,7.534246575342466,70.2054794520548
E00165538,274,52,20,32,222,29,193,18.97810218978102,7.2992700729927,11.678832116788321,81.02189781021897,10.583941605839415,70.43795620437956
E00165539,251,50,21,29,201,24,177,19.9203187250996,8.366533864541832,11.553784860557768,80.0796812749004,9.56175298804781,70.5179282868526
E00165540,285,55,22,33,230,27,203,19.298245614035086,7.719298245614035,11.578947368421053,80.7017543859649,9.473684210526317,71.2280701754386
E00165541,296,44,16,28,252,19,233,14.864864864864865,5.405405405405405,9.45945945945946,85.13513513513513,6.418918918918918,78.71621621621621
E00165542,220,77,43,34,143,16,127,35,19.545454545454547,15.454545454545453,65,7.2727272727272725,57.72727272727273
E00165543,319,49,17,32,270,25,245,15.360501567398119,5.329153605015674,10.031347962382444,84.63949843260188,7.836990595611286,76.8025078369906
E00165544,322,41,17,24,281,30,251,12.732919254658384,5.279503105590062,7.453416149068323,87.26708074534162,9.316770186335404,77.95031055900621
E00165545,300,48,21,27,252,21,231,16,7.000000000000001,9,84,7.000000000000001,77
E00165546,250,54,16,38,196,16,180,21.6,6.4,15.2,78.4,6.4,72
E00165547,259,50,21,29,209,25,184,19.305019305019304,8.108108108108109,11.196911196911197,80.6949806949807,9.652509652509652,71.04247104247105
E00165548,332,60,37,23,272,21,251,18.072289156626507,11.144578313253012,6.927710843373494,81.92771084337349,6.325301204819277,75.6024096385542
E00165549,359,84,31,53,275,27,248,23.398328690807798,8.635097493036211,14.763231197771587,76.6016713091922,7.520891364902507,69.08077994428969
E00165550,233,53,24,29,180,18,162,22.746781115879827,10.300429184549357,12.446351931330472,77.25321888412017,7.725321888412018,69.52789699570815
E00165551,416,75,27,48,341,42,299,18.028846153846153,6.490384615384616,11.538461538461538,81.97115384615384,10.096153846153847,71.875
E00165552,250,48,21,27,202,20,182,19.2,8.4,10.8,80.80000000000001,8,72.8
E00165554,266,69,27,42,197,19,178,25.93984962406015,10.150375939849624,15.789473684210526,74.06015037593986,7.142857142857142,66.9172932330827
E00165555,351,85,51,34,266,28,238,24.216524216524217,14.529914529914532,9.686609686609685,75.78347578347578,7.977207977207977,67.80626780626781
E00165556,266,53,27,26,213,23,190,19.924812030075188,10.150375939849624,9.774436090225564,80.07518796992481,8.646616541353383,71.42857142857143
E00165558,234,43,25,18,191,21,170,18.37606837606838,10.683760683760683,7.6923076923076925,81.62393162393163,8.974358974358974,72.64957264957265
E00165559,305,47,19,28,258,31,227,15.40983606557377,6.229508196721312,9.180327868852459,84.59016393442623,10.163934426229508,74.42622950819671
E00165560,271,42,20,22,229,24,205,15.498154981549817,7.380073800738007,8.118081180811808,84.50184501845018,8.856088560885608,75.64575645756457
E00165561,289,50,22,28,239,28,211,17.301038062283737,7.612456747404845,9.688581314878892,82.69896193771626,9.688581314878892,73.01038062283737
E00165562,279,44,17,27,235,20,215,15.770609318996415,6.093189964157706,9.67741935483871,84.22939068100358,7.168458781362006,77.06093189964157
E00165563,282,51,16,35,231,18,213,18.085106382978726,5.673758865248227,12.411347517730496,81.91489361702128,6.382978723404255,75.53191489361703
E00165564,374,114,55,59,260,23,237,30.481283422459892,14.705882352941178,15.775401069518717,69.5187165775401,6.149732620320856,63.36898395721925
E00165565,248,44,17,27,204,20,184,17.741935483870968,6.854838709677419,10.887096774193548,82.25806451612904,8.064516129032258,74.19354838709677
E00165566,259,52,21,31,207,20,187,20.077220077220076,8.108108108108109,11.96911196911197,79.92277992277992,7.722007722007722,72.2007722007722
E00165567,568,91,33,58,477,45,432,16.02112676056338,5.809859154929577,10.211267605633804,83.97887323943662,7.922535211267606,76.05633802816901
E00165568,228,64,38,26,164,15,149,28.07017543859649,16.666666666666664,11.403508771929824,71.9298245614035,6.578947368421052,65.35087719298247
E00165569,358,68,31,37,290,26,264,18.994413407821227,8.659217877094973,10.335195530726256,81.00558659217877,7.262569832402235,73.74301675977654
E00165570,282,53,17,36,229,22,207,18.79432624113475,6.028368794326241,12.76595744680851,81.20567375886525,7.801418439716312,73.40425531914893
E00165571,275,46,18,28,229,28,201,16.727272727272727,6.545454545454546,10.181818181818182,83.27272727272728,10.181818181818182,73.0909090909091
E00165572,213,54,26,28,159,16,143,25.352112676056336,12.206572769953052,13.145539906103288,74.64788732394366,7.511737089201878,67.13615023474179
E00165573,248,81,45,36,167,15,152,32.66129032258064,18.14516129032258,14.516129032258066,67.33870967741935,6.048387096774194,61.29032258064516
E00165574,289,72,25,47,217,19,198,24.91349480968858,8.650519031141869,16.26297577854671,75.08650519031141,6.5743944636678195,68.5121107266436
E00165575,301,54,20,34,247,32,215,17.940199335548172,6.64451827242525,11.295681063122924,82.05980066445183,10.631229235880399,71.42857142857143
E00165576,267,45,17,28,222,24,198,16.853932584269664,6.367041198501873,10.486891385767791,83.14606741573034,8.98876404494382,74.15730337078652
E00165577,237,59,21,38,178,23,155,24.894514767932492,8.860759493670885,16.033755274261605,75.10548523206751,9.70464135021097,65.40084388185655
E00165578,274,37,9,28,237,30,207,13.503649635036496,3.2846715328467155,10.218978102189782,86.4963503649635,10.948905109489052,75.54744525547446
E00165579,308,44,12,32,264,23,241,14.285714285714285,3.896103896103896,10.38961038961039,85.71428571428571,7.467532467532467,78.24675324675324
E00165580,298,81,44,37,217,25,192,27.181208053691275,14.76510067114094,12.416107382550337,72.81879194630872,8.389261744966444,64.42953020134227
E00165581,293,60,23,37,233,20,213,20.477815699658702,7.849829351535837,12.627986348122866,79.5221843003413,6.825938566552901,72.6962457337884
E00165582,294,52,15,37,242,30,212,17.687074829931973,5.1020408163265305,12.585034013605442,82.31292517006803,10.204081632653061,72.10884353741497
E00165583,252,47,26,21,205,17,188,18.650793650793652,10.317460317460316,8.333333333333332,81.34920634920636,6.746031746031746,74.60317460317461
E00165584,282,59,30,29,223,23,200,20.921985815602838,10.638297872340425,10.28368794326241,79.07801418439716,8.156028368794328,70.92198581560284
E00165585,336,77,30,47,259,23,236,22.916666666666664,8.928571428571429,13.988095238095239,77.08333333333334,6.845238095238096,70.23809523809523
E00165586,281,50,14,36,231,29,202,17.793594306049823,4.98220640569395,12.811387900355871,82.20640569395017,10.320284697508896,71.88612099644128
E00165587,285,76,26,50,209,21,188,26.666666666666668,9.12280701754386,17.543859649122805,73.33333333333333,7.368421052631578,65.96491228070175
E00165588,287,96,50,46,191,18,173,33.44947735191638,17.421602787456447,16.02787456445993,66.55052264808361,6.2717770034843205,60.278745644599304
E00165589,197,84,47,37,113,14,99,42.63959390862944,23.85786802030457,18.781725888324875,57.360406091370564,7.1065989847715745,50.25380710659898
E00165590,339,68,33,35,271,22,249,20.058997050147493,9.734513274336283,10.32448377581121,79.9410029498525,6.489675516224189,73.45132743362832
E00165591,326,75,33,42,251,11,240,23.006134969325153,10.122699386503067,12.883435582822086,76.99386503067484,3.374233128834356,73.61963190184049
E00165592,215,60,32,28,155,16,139,27.906976744186046,14.883720930232558,13.023255813953488,72.09302325581395,7.441860465116279,64.65116279069767
E00165593,307,68,33,35,239,20,219,22.149837133550488,10.749185667752444,11.400651465798045,77.85016286644951,6.514657980456026,71.33550488599349
E00165594,216,75,39,36,141,8,133,34.72222222222222,18.055555555555554,16.666666666666664,65.27777777777779,3.7037037037037033,61.57407407407407
E00165595,318,85,34,51,233,16,217,26.729559748427672,10.69182389937107,16.037735849056602,73.27044025157232,5.031446540880504,68.23899371069182
E00165596,271,82,36,46,189,15,174,30.25830258302583,13.284132841328415,16.974169741697416,69.74169741697416,5.535055350553505,64.20664206642066
E00165597,358,57,20,37,301,21,280,15.921787709497206,5.58659217877095,10.335195530726256,84.07821229050279,5.865921787709497,78.2122905027933
E00165598,256,72,37,35,184,17,167,28.125,14.453125,13.671875,71.875,6.640625,65.234375
E00165599,362,109,46,63,253,12,241,30.11049723756906,12.70718232044199,17.403314917127073,69.88950276243095,3.314917127071823,66.57458563535911
E00165600,373,107,53,54,266,15,251,28.686327077747993,14.209115281501342,14.47721179624665,71.31367292225201,4.021447721179625,67.29222520107238
E00165601,249,48,17,31,201,14,187,19.27710843373494,6.827309236947792,12.449799196787147,80.72289156626506,5.622489959839357,75.1004016064257
E00165602,512,119,49,70,393,30,363,23.2421875,9.5703125,13.671875,76.7578125,5.859375,70.8984375
E00165603,320,86,43,43,234,10,224,26.875,13.4375,13.4375,73.125,3.125,70
E00165605,392,96,42,54,296,23,273,24.489795918367346,10.714285714285714,13.77551020408163,75.51020408163265,5.86734693877551,69.64285714285714
E00165606,308,96,49,47,212,15,197,31.16883116883117,15.909090909090908,15.259740259740258,68.83116883116884,4.870129870129871,63.961038961038966
E00165607,294,64,29,35,230,16,214,21.768707482993197,9.863945578231291,11.904761904761903,78.2312925170068,5.442176870748299,72.78911564625851
E00165608,333,77,37,40,256,21,235,23.123123123123122,11.11111111111111,12.012012012012011,76.87687687687688,6.306306306306306,70.57057057057057
E00165609,372,83,28,55,289,15,274,22.311827956989248,7.526881720430108,14.78494623655914,77.68817204301075,4.032258064516129,73.65591397849462
E00165610,416,83,21,62,333,27,306,19.951923076923077,5.048076923076923,14.903846153846153,80.04807692307693,6.490384615384616,73.5576923076923
E00165611,309,41,12,29,268,31,237,13.268608414239482,3.8834951456310676,9.385113268608414,86.73139158576052,10.032362459546926,76.69902912621359
E00165612,284,36,16,20,248,20,228,12.676056338028168,5.633802816901409,7.042253521126761,87.32394366197182,7.042253521126761,80.28169014084507
E00165613,378,80,31,49,298,39,259,21.164021164021165,8.201058201058201,12.962962962962962,78.83597883597884,10.317460317460316,68.51851851851852
E00165614,331,92,36,56,239,16,223,27.794561933534744,10.876132930513595,16.91842900302115,72.20543806646525,4.833836858006042,67.37160120845923
E00165615,317,67,22,45,250,27,223,21.13564668769716,6.940063091482649,14.195583596214512,78.86435331230284,8.517350157728707,70.347003154574125
E00165616,360,59,21,38,301,31,270,16.38888888888889,5.833333333333333,10.555555555555555,83.61111111111111,8.61111111111111,75
E00165617,352,61,25,36,291,20,271,17.329545454545457,7.1022727272727275,10.227272727272728,82.67045454545455,5.681818181818182,76.98863636363636
E00165618,341,53,26,27,288,20,268,15.542521994134898,7.624633431085044,7.9178885630498534,84.4574780058651,5.865102639296188,78.59237536656892
E00165619,360,73,31,42,287,23,264,20.27777777777778,8.61111111111111,11.666666666666666,79.72222222222223,6.388888888888888,73.33333333333333
E00165620,404,96,35,61,308,27,281,23.762376237623762,8.663366336633663,15.099009900990099,76.23762376237624,6.683168316831684,69.55445544554455
E00165621,285,54,24,30,231,34,197,18.947368421052634,8.421052631578947,10.526315789473683,81.05263157894737,11.929824561403509,69.12280701754386
E00165622,279,59,26,33,220,21,199,21.14695340501792,9.31899641577061,11.827956989247312,78.85304659498208,7.526881720430108,71.32616487455196
E00165623,354,73,28,45,281,21,260,20.62146892655367,7.909604519774012,12.711864406779661,79.37853107344633,5.932203389830509,73.44632768361582
E00165624,330,54,19,35,276,38,238,16.363636363636363,5.757575757575758,10.606060606060606,83.63636363636363,11.515151515151516,72.12121212121212
E00165625,314,42,18,24,272,22,250,13.375796178343949,5.7324840764331215,7.643312101910828,86.62420382165605,7.006369426751593,79.61783439490446
E00165626,230,43,10,33,187,22,165,18.695652173913043,4.3478260869565215,14.347826086956522,81.30434782608695,9.565217391304348,71.73913043478261
E00165627,304,58,21,37,246,25,221,19.078947368421055,6.907894736842106,12.171052631578947,80.92105263157895,8.223684210526317,72.69736842105263
E00165628,248,42,19,23,206,22,184,16.93548387096774,7.661290322580645,9.274193548387096,83.06451612903226,8.870967741935484,74.19354838709677
E00165629,292,65,33,32,227,30,197,22.26027397260274,11.301369863013697,10.95890410958904,77.73972602739725,10.273972602739725,67.46575342465754
E00165630,272,40,6,34,232,30,202,14.705882352941178,2.2058823529411766,12.5,85.29411764705883,11.029411764705882,74.26470588235294
E00165631,333,44,16,28,289,25,264,13.213213213213212,4.804804804804805,8.408408408408409,86.78678678678679,7.5075075075075075,79.27927927927928
E00165632,321,43,19,24,278,22,256,13.395638629283487,5.919003115264798,7.476635514018691,86.6043613707165,6.853582554517133,79.75077881619937
E00165633,480,101,36,65,379,44,335,21.041666666666668,7.5,13.541666666666666,78.95833333333333,9.166666666666666,69.79166666666666
E00165634,322,55,21,34,267,19,248,17.080745341614907,6.521739130434782,10.559006211180124,82.91925465838509,5.900621118012422,77.01863354037268
E00165635,296,57,27,30,239,7,232,19.256756756756758,9.121621621621621,10.135135135135135,80.74324324324324,2.364864864864865,78.37837837837837
E00165636,283,66,32,34,217,24,193,23.32155477031802,11.307420494699647,12.014134275618375,76.67844522968198,8.480565371024735,68.19787985865725
E00165637,302,52,14,38,250,33,217,17.218543046357617,4.635761589403973,12.582781456953644,82.78145695364239,10.927152317880795,71.8543046357616
E00165638,310,41,16,25,269,35,234,13.225806451612904,5.161290322580645,8.064516129032258,86.7741935483871,11.29032258064516,75.48387096774194
E00165639,275,56,22,34,219,27,192,20.363636363636363,8,12.363636363636363,79.63636363636364,9.818181818181818,69.81818181818183
E00165640,361,54,9,45,307,36,271,14.958448753462603,2.4930747922437675,12.465373961218837,85.0415512465374,9.97229916897507,75.06925207756233
E00165641,278,65,37,28,213,22,191,23.381294964028775,13.309352517985612,10.071942446043165,76.61870503597122,7.913669064748201,68.70503597122301
E00165642,329,67,29,38,262,26,236,20.364741641337385,8.814589665653495,11.55015197568389,79.63525835866263,7.90273556231003,71.73252279635258
E00165643,363,62,32,30,301,25,276,17.079889807162534,8.81542699724518,8.264462809917356,82.92011019283747,6.887052341597796,76.03305785123968
E00165644,276,60,26,34,216,20,196,21.73913043478261,9.420289855072465,12.318840579710146,78.26086956521739,7.246376811594203,71.01449275362319
E00165645,555,88,29,59,467,53,414,15.855855855855856,5.225225225225225,10.63063063063063,84.14414414414414,9.54954954954955,74.5945945945946
E00165646,150,36,16,20,114,10,104,24,10.666666666666668,13.333333333333334,76,6.666666666666667,69.33333333333334
E00165647,511,83,39,44,428,32,396,16.2426614481409,7.632093933463796,8.610567514677104,83.75733855185909,6.262230919765166,77.49510763209393
E00165648,286,91,54,37,195,33,162,31.818181818181817,18.88111888111888,12.937062937062937,68.18181818181817,11.538461538461538,56.64335664335665
E00165649,284,87,37,50,197,21,176,30.633802816901408,13.028169014084506,17.6056338028169,69.36619718309859,7.394366197183098,61.97183098591549
E00165650,279,48,22,26,231,24,207,17.20430107526882,7.885304659498208,9.31899641577061,82.79569892473118,8.60215053763441,74.19354838709677
E00165651,370,96,45,51,274,34,240,25.945945945945947,12.162162162162163,13.783783783783784,74.05405405405405,9.18918918918919,64.86486486486487
E00165652,461,84,44,40,377,46,331,18.22125813449024,9.544468546637743,8.676789587852495,81.77874186550976,9.97830802603037,71.8004338394794
E00165653,277,53,21,32,224,23,201,19.133574007220215,7.581227436823104,11.552346570397113,80.86642599277978,8.303249097472925,72.56317689530685
E00165654,347,80,34,46,267,26,241,23.054755043227665,9.798270893371757,13.256484149855908,76.94524495677233,7.492795389048991,69.45244956772333
E00165655,238,82,51,31,156,23,133,34.45378151260504,21.428571428571427,13.025210084033615,65.54621848739495,9.663865546218489,55.88235294117647
E00165656,282,48,16,32,234,32,202,17.02127659574468,5.673758865248227,11.347517730496454,82.97872340425532,11.347517730496454,71.63120567375887
E00165657,306,57,29,28,249,17,232,18.627450980392158,9.477124183006536,9.15032679738562,81.37254901960785,5.555555555555555,75.81699346405229
E00165658,366,53,24,29,313,25,288,14.48087431693989,6.557377049180328,7.923497267759563,85.51912568306011,6.830601092896176,78.68852459016394
E00165659,298,44,17,27,254,34,220,14.76510067114094,5.704697986577181,9.060402684563758,85.23489932885906,11.409395973154362,73.8255033557047
E00165660,257,52,17,35,205,19,186,20.233463035019454,6.614785992217899,13.618677042801556,79.76653696498055,7.392996108949417,72.37354085603113
E00165661,267,39,14,25,228,21,207,14.606741573033707,5.2434456928838955,9.363295880149813,85.39325842696628,7.865168539325842,77.52808988764045
E00165662,257,33,12,21,224,27,197,12.840466926070038,4.669260700389105,8.171206225680933,87.15953307392996,10.505836575875486,76.65369649805449
E00165663,362,89,37,52,273,27,246,24.585635359116022,10.220994475138122,14.3646408839779,75.41436464088397,7.458563535911603,67.95580110497238
E00165664,258,85,53,32,173,15,158,32.945736434108525,20.54263565891473,12.4031007751938,67.05426356589147,5.813953488372093,61.240310077519375
E00165665,312,41,16,25,271,25,246,13.141025641025642,5.128205128205128,8.012820512820513,86.85897435897436,8.012820512820513,78.84615384615384
E00171606,157,58,29,29,99,15,84,36.94267515923567,18.471337579617835,18.471337579617835,63.05732484076433,9.554140127388536,53.503184713375795
E00171607,144,48,19,29,96,15,81,33.33333333333333,13.194444444444445,20.13888888888889,66.66666666666666,10.416666666666668,56.25
E00171608,209,44,20,24,165,21,144,21.052631578947366,9.569377990430622,11.483253588516746,78.94736842105263,10.047846889952153,68.89952153110048
E00171609,300,52,22,30,248,24,224,17.333333333333336,7.333333333333333,10,82.66666666666667,8,74.66666666666667
E00171610,316,48,17,31,268,24,244,15.18987341772152,5.379746835443038,9.81012658227848,84.81012658227847,7.59493670886076,77.21518987341773
E00171611,206,27,11,16,179,22,157,13.106796116504855,5.339805825242718,7.766990291262135,86.89320388349515,10.679611650485436,76.2135922330097
E00171612,281,33,7,26,248,28,220,11.743772241992882,2.491103202846975,9.252669039145907,88.25622775800713,9.9644128113879,78.29181494661923
E00171613,307,69,32,37,238,23,215,22.475570032573287,10.423452768729643,12.052117263843648,77.52442996742671,7.491856677524431,70.03257328990227
E00181289,235,87,40,47,148,10,138,37.02127659574468,17.02127659574468,20,62.97872340425532,4.25531914893617,58.723404255319146
E00181294,456,99,41,58,357,26,331,21.710526315789476,8.991228070175438,12.719298245614036,78.28947368421053,5.701754385964912,72.58771929824562
E00181328,303,90,41,49,213,19,194,29.7029702970297,13.531353135313532,16.17161716171617,70.29702970297029,6.270627062706271,64.02640264026402
E00181330,173,93,61,32,80,7,73,53.75722543352601,35.26011560693642,18.497109826589593,46.24277456647399,4.046242774566474,42.19653179190752
E00181331,186,35,19,16,151,14,137,18.817204301075268,10.21505376344086,8.60215053763441,81.18279569892472,7.526881720430108,73.65591397849462
E00181346,193,13,0,13,180,23,157,6.7357512953367875,0,6.7357512953367875,93.26424870466322,11.917098445595855,81.34715025906736
E00181365,329,48,19,29,281,31,250,14.58966565349544,5.775075987841945,8.814589665653495,85.41033434650456,9.422492401215806,75.98784194528876
E00181383,227,88,50,38,139,14,125,38.76651982378855,22.026431718061673,16.740088105726873,61.23348017621145,6.167400881057269,55.06607929515418
E00181384,426,46,9,37,380,25,355,10.7981220657277,2.112676056338028,8.685446009389672,89.2018779342723,5.868544600938967,83.33333333333334
E00181393,100,22,9,13,78,9,69,22,9,13,78,9,69
E00181403,137,16,3,13,121,14,107,11.678832116788321,2.18978102189781,9.48905109489051,88.32116788321169,10.218978102189782,78.1021897810219
