OA,ts0590001,ts0590002,ts0590003,ts0590004,ts0590005,ts0590006,ts0590007,ts0590002_PCT,ts0590003_PCT,ts0590004_PCT,ts0590005_PCT,ts0590006_PCT,ts0590007_PCT
E00165340,167,53,22,31,114,95,19,31.736526946107784,13.17365269461078,18.562874251497004,68.26347305389223,56.886227544910184,11.377245508982035
E00165341,108,41,17,24,67,61,6,37.96296296296296,15.74074074074074,22.22222222222222,62.03703703703704,56.481481481481474,5.555555555555555
E00165342,101,33,9,24,68,58,10,32.67326732673268,8.91089108910891,23.762376237623762,67.32673267326733,57.42574257425742,9.900990099009901
E00165343,74,22,8,14,52,43,9,29.72972972972973,10.81081081081081,18.91891891891892,70.27027027027027,58.108108108108105,12.162162162162163
E00165344,174,50,16,34,124,109,15,28.735632183908045,9.195402298850574,19.54022988505747,71.26436781609196,62.643678160919535,8.620689655172415
E00165345,125,39,12,27,86,72,14,31.2,9.6,21.6,68.8,57.599999999999994,11.200000000000001
E00165346,69,24,8,16,45,37,8,34.78260869565217,11.594202898550725,23.18840579710145,65.21739130434783,53.62318840579711,11.594202898550725
E00165347,162,58,16,42,104,90,14,35.80246913580247,9.876543209876543,25.925925925925924,64.19753086419753,55.55555555555556,8.641975308641975
E00165348,110,24,15,9,86,76,10,21.818181818181817,13.636363636363635,8.181818181818182,78.18181818181819,69.0909090909091,9.090909090909092
E00165349,163,56,12,44,107,93,14,34.355828220858896,7.361963190184049,26.993865030674847,65.6441717791411,57.05521472392638,8.588957055214724
E00165350,75,29,12,17,46,41,5,38.666666666666664,16,22.666666666666664,61.33333333333333,54.666666666666664,6.666666666666667
E00165351,121,32,2,30,89,80,9,26.446280991735538,1.6528925619834711,24.793388429752067,73.55371900826447,66.11570247933885,7.43801652892562
E00165352,124,52,8,44,72,63,9,41.935483870967744,6.451612903225806,35.483870967741936,58.06451612903226,50.806451612903224,7.258064516129033
E00165353,140,31,12,19,109,98,11,22.142857142857142,8.571428571428571,13.571428571428571,77.85714285714286,70,7.857142857142857
E00165354,133,39,19,20,94,76,18,29.32330827067669,14.285714285714285,15.037593984962406,70.67669172932331,57.14285714285714,13.533834586466165
E00165355,123,39,15,24,84,69,15,31.70731707317073,12.195121951219512,19.51219512195122,68.29268292682927,56.09756097560976,12.195121951219512
E00165356,104,30,7,23,74,66,8,28.846153846153843,6.730769230769231,22.115384615384613,71.15384615384616,63.46153846153846,7.6923076923076925
E00165357,160,48,16,32,112,97,15,30,10,20,70,60.62499999999999,9.375
E00165358,165,40,13,27,125,104,21,24.242424242424242,7.878787878787878,16.363636363636363,75.75757575757575,63.030303030303024,12.727272727272727
E00165359,155,55,19,36,100,84,16,35.483870967741936,12.258064516129032,23.225806451612904,64.51612903225806,54.19354838709678,10.32258064516129
E00165360,128,39,16,23,89,75,14,30.46875,12.5,17.96875,69.53125,58.59375,10.9375
E00165361,186,58,22,36,128,110,18,31.182795698924732,11.827956989247312,19.35483870967742,68.81720430107528,59.13978494623656,9.67741935483871
E00165362,179,64,18,46,115,96,19,35.754189944134076,10.05586592178771,25.69832402234637,64.24581005586593,53.63128491620112,10.614525139664805
E00165363,126,36,13,23,90,80,10,28.57142857142857,10.317460317460316,18.253968253968253,71.42857142857143,63.49206349206349,7.936507936507936
E00165364,94,31,10,21,63,53,10,32.97872340425532,10.638297872340425,22.340425531914892,67.02127659574468,56.38297872340425,10.638297872340425
E00165365,122,34,9,25,88,75,13,27.86885245901639,7.377049180327869,20.491803278688526,72.1311475409836,61.47540983606557,10.655737704918032
E00165366,130,37,10,27,93,85,8,28.46153846153846,7.6923076923076925,20.76923076923077,71.53846153846153,65.38461538461539,6.153846153846154
E00165367,130,45,13,32,85,78,7,34.61538461538461,10,24.615384615384617,65.38461538461539,60,5.384615384615385
E00165368,71,23,13,10,48,39,9,32.3943661971831,18.30985915492958,14.084507042253522,67.6056338028169,54.929577464788736,12.676056338028168
E00165369,115,47,15,32,68,63,5,40.869565217391305,13.043478260869565,27.82608695652174,59.130434782608695,54.78260869565217,4.3478260869565215
E00165370,127,31,11,20,96,64,32,24.409448818897637,8.661417322834646,15.748031496062993,75.59055118110236,50.39370078740157,25.196850393700785
E00165371,141,61,24,37,80,71,9,43.262411347517734,17.02127659574468,26.24113475177305,56.73758865248227,50.35460992907801,6.382978723404255
E00165372,154,47,15,32,107,99,8,30.519480519480517,9.740259740259742,20.77922077922078,69.48051948051948,64.28571428571429,5.194805194805195
E00165373,107,37,11,26,70,55,15,34.57943925233645,10.2803738317757,24.299065420560748,65.42056074766354,51.4018691588785,14.018691588785046
E00165374,96,28,6,22,68,60,8,29.166666666666668,6.25,22.916666666666664,70.83333333333334,62.5,8.333333333333332
E00165375,128,37,11,26,91,82,9,28.90625,8.59375,20.3125,71.09375,64.0625,7.03125
E00165376,116,35,9,26,81,70,11,30.17241379310345,7.758620689655173,22.413793103448278,69.82758620689656,60.3448275862069,9.482758620689655
E00165377,155,47,18,29,108,89,19,30.32258064516129,11.612903225806452,18.70967741935484,69.6774193548387,57.41935483870968,12.258064516129032
E00165378,108,36,9,27,72,65,7,33.33333333333333,8.333333333333332,25,66.66666666666666,60.18518518518518,6.481481481481481
E00165379,104,37,17,20,67,60,7,35.57692307692308,16.346153846153847,19.230769230769234,64.42307692307693,57.692307692307686,6.730769230769231
E00165380,126,36,10,26,90,77,13,28.57142857142857,7.936507936507936,20.634920634920633,71.42857142857143,61.111111111111114,10.317460317460316
E00165381,81,32,9,23,49,41,8,39.50617283950617,11.11111111111111,28.39506172839506,60.49382716049383,50.617283950617285,9.876543209876543
E00165382,126,32,9,23,94,73,21,25.396825396825395,7.142857142857142,18.253968253968253,74.60317460317461,57.936507936507944,16.666666666666664
E00165383,121,47,13,34,74,64,10,38.84297520661157,10.743801652892563,28.09917355371901,61.15702479338842,52.892561983471076,8.264462809917356
E00165384,158,48,14,34,110,92,18,30.37974683544304,8.860759493670885,21.518987341772153,69.62025316455697,58.22784810126582,11.39240506329114
E00165385,101,24,5,19,77,72,5,23.762376237623762,4.9504950495049505,18.81188118811881,76.23762376237624,71.28712871287128,4.9504950495049505
E00165386,119,32,13,19,87,62,25,26.89075630252101,10.92436974789916,15.966386554621847,73.10924369747899,52.10084033613446,21.008403361344538
E00165387,117,37,11,26,80,60,20,31.62393162393162,9.401709401709402,22.22222222222222,68.37606837606837,51.28205128205128,17.094017094017094
E00165388,109,47,14,33,62,52,10,43.11926605504588,12.844036697247708,30.275229357798167,56.88073394495413,47.706422018348626,9.174311926605505
E00165389,115,33,10,23,82,66,16,28.695652173913043,8.695652173913043,20,71.30434782608695,57.391304347826086,13.91304347826087
E00165390,88,27,10,17,61,44,17,30.681818181818183,11.363636363636363,19.318181818181817,69.31818181818183,50,19.318181818181817
E00165391,126,45,20,25,81,68,13,35.714285714285715,15.873015873015872,19.841269841269842,64.28571428571429,53.96825396825397,10.317460317460316
E00165392,165,54,14,40,111,99,12,32.72727272727273,8.484848484848486,24.242424242424242,67.27272727272727,60,7.2727272727272725
E00165393,115,38,14,24,77,63,14,33.04347826086956,12.173913043478262,20.869565217391305,66.95652173913044,54.78260869565217,12.173913043478262
E00165394,135,51,16,35,84,73,11,37.77777777777778,11.851851851851853,25.925925925925924,62.22222222222222,54.074074074074076,8.148148148148149
E00165395,119,42,11,31,77,65,12,35.294117647058826,9.243697478991598,26.05042016806723,64.70588235294117,54.621848739495796,10.084033613445378
E00165396,123,38,7,31,85,74,11,30.89430894308943,5.691056910569105,25.203252032520325,69.10569105691057,60.16260162601627,8.94308943089431
E00165397,127,48,23,25,79,67,12,37.79527559055118,18.11023622047244,19.68503937007874,62.20472440944882,52.75590551181102,9.448818897637794
E00165398,151,48,13,35,103,83,20,31.788079470198678,8.609271523178808,23.178807947019866,68.21192052980133,54.966887417218544,13.245033112582782
E00165399,138,41,18,23,97,78,19,29.71014492753623,13.043478260869565,16.666666666666664,70.28985507246377,56.52173913043478,13.768115942028986
E00165400,137,41,9,32,96,80,16,29.927007299270077,6.569343065693431,23.357664233576642,70.07299270072993,58.3941605839416,11.678832116788321
E00165401,133,48,29,19,85,67,18,36.09022556390977,21.804511278195488,14.285714285714285,63.90977443609023,50.37593984962406,13.533834586466165
E00165402,175,62,28,34,113,79,34,35.42857142857142,16,19.428571428571427,64.57142857142857,45.14285714285714,19.428571428571427
E00165403,187,60,24,36,127,93,34,32.085561497326204,12.834224598930483,19.25133689839572,67.9144385026738,49.73262032085562,18.181818181818183
E00165404,190,61,24,37,129,92,37,32.10526315789474,12.631578947368421,19.473684210526315,67.89473684210526,48.421052631578945,19.473684210526315
E00165405,149,49,10,39,100,73,27,32.88590604026846,6.7114093959731544,26.174496644295303,67.11409395973155,48.99328859060403,18.120805369127517
E00165406,110,41,15,26,69,53,16,37.27272727272727,13.636363636363635,23.636363636363637,62.727272727272734,48.18181818181818,14.545454545454545
E00165407,172,50,23,27,122,86,36,29.069767441860467,13.372093023255813,15.69767441860465,70.93023255813954,50,20.930232558139537
E00165408,131,41,18,23,90,70,20,31.297709923664126,13.740458015267176,17.557251908396946,68.70229007633588,53.43511450381679,15.267175572519085
E00165409,146,48,19,29,98,71,27,32.87671232876712,13.013698630136986,19.863013698630137,67.12328767123287,48.63013698630137,18.493150684931507
E00165410,220,60,23,37,160,132,28,27.27272727272727,10.454545454545453,16.818181818181817,72.72727272727273,60,12.727272727272727
E00165411,155,57,19,38,98,74,24,36.774193548387096,12.258064516129032,24.516129032258064,63.2258064516129,47.74193548387097,15.483870967741936
E00165412,191,55,18,37,136,105,31,28.79581151832461,9.424083769633508,19.3717277486911,71.20418848167539,54.973821989528794,16.230366492146597
E00165413,106,33,11,22,73,64,9,31.132075471698112,10.377358490566039,20.754716981132077,68.86792452830188,60.37735849056604,8.49056603773585
E00165414,183,52,13,39,131,105,26,28.415300546448087,7.103825136612022,21.311475409836063,71.58469945355192,57.377049180327866,14.207650273224044
E00165415,68,18,11,7,50,42,8,26.47058823529412,16.176470588235293,10.294117647058822,73.52941176470588,61.76470588235294,11.76470588235294
E00165416,101,33,17,16,68,55,13,32.67326732673268,16.831683168316832,15.841584158415841,67.32673267326733,54.45544554455446,12.871287128712872
E00165417,66,23,7,16,43,33,10,34.84848484848485,10.606060606060606,24.242424242424242,65.15151515151516,50,15.151515151515152
E00165418,100,30,6,24,70,54,16,30,6,24,70,54,16
E00165419,112,26,5,21,86,75,11,23.214285714285715,4.464285714285714,18.75,76.78571428571429,66.96428571428571,9.821428571428571
E00165420,182,56,19,37,126,109,17,30.76923076923077,10.43956043956044,20.32967032967033,69.23076923076923,59.89010989010989,9.340659340659341
E00165421,158,49,19,30,109,96,13,31.0126582278481,12.025316455696203,18.9873417721519,68.9873417721519,60.75949367088608,8.227848101265822
E00165422,133,39,15,24,94,81,13,29.32330827067669,11.278195488721805,18.045112781954884,70.67669172932331,60.902255639097746,9.774436090225564
E00165423,173,57,15,42,116,102,14,32.947976878612714,8.670520231213873,24.277456647398843,67.05202312138728,58.95953757225434,8.092485549132949
E00165424,104,36,11,25,68,57,11,34.61538461538461,10.576923076923077,24.03846153846154,65.38461538461539,54.807692307692314,10.576923076923077
E00165425,178,52,14,38,126,105,21,29.213483146067414,7.865168539325842,21.34831460674157,70.78651685393258,58.98876404494382,11.797752808988763
E00165426,98,44,6,38,54,48,6,44.89795918367347,6.122448979591836,38.775510204081634,55.10204081632652,48.97959183673469,6.122448979591836
E00165427,145,43,7,36,102,91,11,29.655172413793103,4.827586206896552,24.82758620689655,70.34482758620689,62.758620689655174,7.586206896551724
E00165428,116,43,13,30,73,67,6,37.06896551724138,11.206896551724139,25.862068965517242,62.93103448275862,57.758620689655174,5.172413793103448
E00165429,109,44,18,26,65,53,12,40.36697247706422,16.51376146788991,23.853211009174313,59.63302752293578,48.62385321100918,11.009174311926607
E00165431,122,43,8,35,79,67,12,35.24590163934426,6.557377049180328,28.688524590163933,64.75409836065575,54.91803278688525,9.836065573770492
E00165432,118,32,6,26,86,71,15,27.11864406779661,5.084745762711865,22.033898305084744,72.88135593220339,60.16949152542372,12.711864406779661
E00165433,136,38,11,27,98,86,12,27.941176470588236,8.088235294117647,19.852941176470587,72.05882352941177,63.23529411764706,8.823529411764707
E00165434,105,25,6,19,80,66,14,23.809523809523807,5.714285714285714,18.095238095238095,76.19047619047619,62.857142857142854,13.333333333333334
E00165435,108,31,6,25,77,68,9,28.703703703703702,5.555555555555555,23.14814814814815,71.29629629629629,62.96296296296296,8.333333333333332
E00165436,164,40,11,29,124,107,17,24.390243902439025,6.707317073170732,17.682926829268293,75.60975609756098,65.2439024390244,10.365853658536585
E00165437,119,30,5,25,89,75,14,25.210084033613445,4.201680672268908,21.008403361344538,74.78991596638656,63.02521008403361,11.76470588235294
E00165438,123,34,9,25,89,76,13,27.64227642276423,7.317073170731707,20.32520325203252,72.35772357723577,61.78861788617886,10.569105691056912
E00165439,159,51,12,39,108,97,11,32.075471698113205,7.547169811320755,24.528301886792452,67.9245283018868,61.0062893081761,6.918238993710692
E00165440,50,23,5,18,27,25,2,46,10,36,54,50,4
E00165441,143,43,11,32,100,94,6,30.069930069930066,7.6923076923076925,22.377622377622377,69.93006993006993,65.73426573426573,4.195804195804196
E00165442,112,37,9,28,75,67,8,33.035714285714285,8.035714285714286,25,66.96428571428571,59.82142857142857,7.142857142857142
E00165444,137,46,10,36,91,79,12,33.57664233576642,7.2992700729927,26.277372262773724,66.42335766423358,57.66423357664233,8.75912408759124
E00165445,135,52,16,36,83,80,3,38.51851851851852,11.851851851851853,26.666666666666668,61.48148148148148,59.25925925925925,2.2222222222222223
E00165446,126,40,16,24,86,80,6,31.746031746031743,12.698412698412698,19.047619047619047,68.25396825396825,63.49206349206349,4.761904761904762
E00165447,177,59,20,39,118,99,19,33.33333333333333,11.299435028248588,22.033898305084744,66.66666666666666,55.932203389830505,10.734463276836157
E00165448,81,28,8,20,53,44,9,34.5679012345679,9.876543209876543,24.691358024691358,65.4320987654321,54.32098765432099,11.11111111111111
E00165449,131,49,17,32,82,65,17,37.404580152671755,12.977099236641221,24.427480916030532,62.59541984732825,49.61832061068702,12.977099236641221
E00165450,141,43,13,30,98,86,12,30.49645390070922,9.219858156028367,21.27659574468085,69.50354609929079,60.99290780141844,8.51063829787234
E00165451,128,39,5,34,89,81,8,30.46875,3.90625,26.5625,69.53125,63.28125,6.25
E00165452,170,66,25,41,104,86,18,38.82352941176471,14.705882352941178,24.11764705882353,61.1764705882353,50.588235294117645,10.588235294117647
E00165453,171,44,12,32,127,108,19,25.730994152046783,7.017543859649122,18.71345029239766,74.26900584795322,63.1578947368421,11.11111111111111
E00165454,121,36,6,30,85,76,9,29.75206611570248,4.958677685950414,24.793388429752067,70.24793388429752,62.8099173553719,7.43801652892562
E00165455,154,52,10,42,102,85,17,33.76623376623377,6.493506493506493,27.27272727272727,66.23376623376623,55.1948051948052,11.03896103896104
E00165456,149,43,15,28,106,86,20,28.859060402684566,10.06711409395973,18.79194630872483,71.14093959731544,57.71812080536913,13.422818791946309
E00165457,110,39,15,24,71,65,6,35.45454545454545,13.636363636363635,21.818181818181817,64.54545454545455,59.09090909090909,5.454545454545454
E00165458,74,25,9,16,49,41,8,33.78378378378378,12.162162162162163,21.62162162162162,66.21621621621621,55.4054054054054,10.81081081081081
E00165459,227,70,18,52,157,142,15,30.837004405286343,7.929515418502203,22.90748898678414,69.16299559471366,62.55506607929515,6.607929515418502
E00165460,121,42,10,32,79,70,9,34.710743801652896,8.264462809917356,26.446280991735538,65.28925619834712,57.85123966942148,7.43801652892562
E00165461,168,63,20,43,105,82,23,37.5,11.904761904761903,25.595238095238095,62.5,48.80952380952381,13.690476190476192
E00165462,190,53,15,38,137,121,16,27.89473684210526,7.894736842105263,20,72.10526315789474,63.68421052631579,8.421052631578947
E00165463,166,52,13,39,114,92,22,31.32530120481928,7.83132530120482,23.49397590361446,68.67469879518072,55.42168674698795,13.253012048192772
E00165464,134,34,6,28,100,80,20,25.37313432835821,4.477611940298507,20.8955223880597,74.6268656716418,59.70149253731343,14.925373134328357
E00165465,177,50,18,32,127,108,19,28.24858757062147,10.16949152542373,18.07909604519774,71.75141242937853,61.016949152542374,10.734463276836157
E00165466,149,49,15,34,100,89,11,32.88590604026846,10.06711409395973,22.818791946308725,67.11409395973155,59.73154362416108,7.38255033557047
E00165467,157,54,14,40,103,90,13,34.394904458598724,8.9171974522293,25.477707006369428,65.60509554140127,57.324840764331206,8.280254777070063
E00165468,173,54,16,38,119,106,13,31.213872832369944,9.248554913294797,21.965317919075144,68.78612716763006,61.27167630057804,7.514450867052023
E00165469,122,42,11,31,80,69,11,34.42622950819672,9.01639344262295,25.40983606557377,65.57377049180327,56.557377049180324,9.01639344262295
E00165470,154,49,14,35,105,85,20,31.818181818181817,9.090909090909092,22.727272727272727,68.18181818181817,55.1948051948052,12.987012987012985
E00165471,84,28,5,23,56,48,8,33.33333333333333,5.952380952380952,27.380952380952383,66.66666666666666,57.14285714285714,9.523809523809524
E00165472,114,44,14,30,70,56,14,38.59649122807017,12.280701754385964,26.31578947368421,61.40350877192983,49.122807017543856,12.280701754385964
E00165473,91,27,6,21,64,51,13,29.67032967032967,6.593406593406594,23.076923076923077,70.32967032967034,56.043956043956044,14.285714285714285
E00165474,130,37,9,28,93,82,11,28.46153846153846,6.923076923076923,21.53846153846154,71.53846153846153,63.07692307692307,8.461538461538462
E00165475,169,55,19,36,114,95,19,32.544378698224854,11.242603550295858,21.301775147928996,67.45562130177515,56.213017751479285,11.242603550295858
E00165476,155,56,13,43,99,89,10,36.12903225806451,8.38709677419355,27.741935483870968,63.87096774193548,57.41935483870968,6.451612903225806
E00165477,83,24,9,15,59,42,17,28.915662650602407,10.843373493975903,18.072289156626507,71.08433734939759,50.602409638554214,20.481927710843372
E00165478,131,37,13,24,94,79,15,28.24427480916031,9.923664122137405,18.3206106870229,71.7557251908397,60.30534351145038,11.450381679389313
E00165479,160,53,25,28,107,92,15,33.125,15.625,17.5,66.875,57.49999999999999,9.375
E00165480,166,55,13,42,111,100,11,33.13253012048193,7.83132530120482,25.301204819277107,66.86746987951807,60.24096385542169,6.626506024096386
E00165481,200,62,18,44,138,122,16,31,9,22,69,61,8
E00165482,94,33,8,25,61,52,9,35.1063829787234,8.51063829787234,26.595744680851062,64.8936170212766,55.319148936170215,9.574468085106384
E00165483,239,61,19,42,178,163,15,25.523012552301257,7.949790794979079,17.573221757322173,74.47698744769873,68.20083682008368,6.2761506276150625
E00165484,191,44,17,27,147,128,19,23.036649214659686,8.900523560209423,14.136125654450263,76.96335078534031,67.01570680628272,9.947643979057592
E00165486,172,56,19,37,116,99,17,32.55813953488372,11.046511627906977,21.511627906976745,67.44186046511628,57.55813953488372,9.883720930232558
E00165488,149,41,13,28,108,96,12,27.516778523489933,8.724832214765101,18.79194630872483,72.48322147651007,64.42953020134227,8.053691275167784
E00165489,145,44,14,30,101,87,14,30.344827586206897,9.655172413793103,20.689655172413794,69.6551724137931,60,9.655172413793103
E00165490,174,45,12,33,129,102,27,25.862068965517242,6.896551724137931,18.96551724137931,74.13793103448276,58.620689655172406,15.517241379310345
E00165491,98,34,12,22,64,55,9,34.69387755102041,12.244897959183673,22.448979591836736,65.3061224489796,56.12244897959183,9.183673469387756
E00165492,138,43,13,30,95,80,15,31.15942028985507,9.420289855072465,21.73913043478261,68.84057971014492,57.971014492753625,10.869565217391305
E00165493,126,30,8,22,96,81,15,23.809523809523807,6.349206349206349,17.46031746031746,76.19047619047619,64.28571428571429,11.904761904761903
E00165494,152,49,12,37,103,87,16,32.23684210526316,7.894736842105263,24.342105263157894,67.76315789473685,57.23684210526315,10.526315789473683
E00165495,134,38,7,31,96,76,20,28.35820895522388,5.223880597014925,23.134328358208954,71.64179104477611,56.71641791044776,14.925373134328357
E00165496,144,53,13,40,91,74,17,36.80555555555556,9.027777777777777,27.77777777777778,63.19444444444444,51.388888888888886,11.805555555555555
E00165497,145,42,10,32,103,89,14,28.965517241379313,6.896551724137931,22.06896551724138,71.03448275862068,61.37931034482759,9.655172413793103
E00165498,164,35,8,27,129,112,17,21.341463414634145,4.878048780487805,16.463414634146343,78.65853658536585,68.29268292682927,10.365853658536585
E00165499,181,45,10,35,136,117,19,24.861878453038674,5.524861878453039,19.337016574585636,75.13812154696133,64.64088397790056,10.497237569060774
E00165500,126,40,12,28,86,74,12,31.746031746031743,9.523809523809524,22.22222222222222,68.25396825396825,58.730158730158735,9.523809523809524
E00165501,151,46,11,35,105,95,10,30.4635761589404,7.28476821192053,23.178807947019866,69.5364238410596,62.913907284768214,6.622516556291391
E00165502,151,50,14,36,101,88,13,33.11258278145696,9.271523178807946,23.841059602649008,66.88741721854305,58.27814569536424,8.609271523178808
E00165503,154,56,23,33,98,84,14,36.36363636363637,14.935064935064934,21.428571428571427,63.63636363636363,54.54545454545454,9.090909090909092
E00165504,167,51,14,37,116,94,22,30.538922155688624,8.383233532934131,22.15568862275449,69.46107784431138,56.287425149700596,13.17365269461078
E00165505,134,34,6,28,100,89,11,25.37313432835821,4.477611940298507,20.8955223880597,74.6268656716418,66.4179104477612,8.208955223880597
E00165506,162,42,6,36,120,106,14,25.925925925925924,3.7037037037037033,22.22222222222222,74.07407407407408,65.4320987654321,8.641975308641975
E00165507,106,28,8,20,78,67,11,26.41509433962264,7.547169811320755,18.867924528301888,73.58490566037736,63.20754716981132,10.377358490566039
E00165508,156,50,19,31,106,89,17,32.05128205128205,12.179487179487179,19.871794871794872,67.94871794871796,57.05128205128205,10.897435897435898
E00165509,115,27,7,20,88,77,11,23.47826086956522,6.086956521739131,17.391304347826086,76.52173913043478,66.95652173913044,9.565217391304348
E00165510,157,45,15,30,112,101,11,28.662420382165603,9.554140127388536,19.10828025477707,71.3375796178344,64.3312101910828,7.006369426751593
E00165511,102,32,10,22,70,57,13,31.372549019607842,9.803921568627452,21.568627450980394,68.62745098039215,55.88235294117647,12.745098039215685
E00165512,157,54,12,42,103,87,16,34.394904458598724,7.643312101910828,26.751592356687897,65.60509554140127,55.4140127388535,10.191082802547772
E00165513,151,54,19,35,97,77,20,35.76158940397351,12.582781456953644,23.178807947019866,64.23841059602648,50.993377483443716,13.245033112582782
E00165514,97,32,8,24,65,58,7,32.98969072164948,8.24742268041237,24.742268041237114,67.0103092783505,59.79381443298969,7.216494845360824
E00165515,128,36,12,24,92,72,20,28.125,9.375,18.75,71.875,56.25,15.625
E00165516,141,57,13,44,84,73,11,40.42553191489361,9.219858156028367,31.20567375886525,59.57446808510638,51.77304964539007,7.801418439716312
E00165517,145,42,18,24,103,89,14,28.965517241379313,12.413793103448276,16.551724137931036,71.03448275862068,61.37931034482759,9.655172413793103
E00165518,155,60,22,38,95,89,6,38.70967741935484,14.193548387096774,24.516129032258064,61.29032258064516,57.41935483870968,3.870967741935484
E00165519,142,45,15,30,97,84,13,31.690140845070424,10.56338028169014,21.12676056338028,68.30985915492957,59.154929577464785,9.15492957746479
E00165520,143,44,15,29,99,92,7,30.76923076923077,10.48951048951049,20.27972027972028,69.23076923076923,64.33566433566433,4.895104895104895
E00165521,113,33,10,23,80,65,15,29.20353982300885,8.849557522123893,20.353982300884958,70.79646017699115,57.52212389380531,13.274336283185843
E00165522,114,37,11,26,77,70,7,32.45614035087719,9.649122807017543,22.807017543859647,67.54385964912281,61.40350877192983,6.140350877192982
E00165523,155,47,12,35,108,96,12,30.32258064516129,7.741935483870968,22.58064516129032,69.6774193548387,61.935483870967744,7.741935483870968
E00165524,84,18,1,17,66,54,12,21.428571428571427,1.1904761904761905,20.238095238095237,78.57142857142857,64.28571428571429,14.285714285714285
E00165525,158,53,18,35,105,86,19,33.54430379746836,11.39240506329114,22.151898734177212,66.45569620253164,54.43037974683544,12.025316455696203
E00165526,138,41,17,24,97,78,19,29.71014492753623,12.318840579710146,17.391304347826086,70.28985507246377,56.52173913043478,13.768115942028986
E00165527,171,51,9,42,120,106,14,29.82456140350877,5.263157894736842,24.561403508771928,70.17543859649122,61.98830409356725,8.187134502923977
E00165528,295,77,20,57,218,182,36,26.101694915254235,6.779661016949152,19.322033898305087,73.89830508474576,61.694915254237294,12.203389830508476
E00165529,125,39,15,24,86,75,11,31.2,12,19.2,68.8,60,8.799999999999999
E00165530,120,47,13,34,73,67,6,39.166666666666664,10.833333333333334,28.333333333333332,60.83333333333333,55.833333333333336,5
E00165531,171,53,20,33,118,103,15,30.994152046783626,11.695906432748536,19.298245614035086,69.00584795321637,60.23391812865497,8.771929824561402
E00165532,138,50,14,36,88,70,18,36.231884057971016,10.144927536231885,26.08695652173913,63.76811594202898,50.72463768115942,13.043478260869565
E00165533,127,38,5,33,89,85,4,29.92125984251969,3.937007874015748,25.984251968503933,70.07874015748031,66.92913385826772,3.149606299212598
E00165534,122,41,15,26,81,69,12,33.60655737704918,12.295081967213115,21.311475409836063,66.39344262295081,56.557377049180324,9.836065573770492
E00165535,156,43,13,30,113,91,22,27.564102564102566,8.333333333333332,19.230769230769234,72.43589743589743,58.333333333333336,14.102564102564102
E00165536,120,40,9,31,80,71,9,33.33333333333333,7.5,25.833333333333336,66.66666666666666,59.166666666666664,7.5
E00165537,146,37,11,26,109,92,17,25.34246575342466,7.534246575342466,17.80821917808219,74.65753424657534,63.013698630136986,11.643835616438356
E00165538,108,34,9,25,74,66,8,31.48148148148148,8.333333333333332,23.14814814814815,68.51851851851852,61.111111111111114,7.4074074074074066
E00165539,121,29,6,23,92,82,10,23.96694214876033,4.958677685950414,19.00826446280992,76.03305785123968,67.76859504132231,8.264462809917356
E00165540,136,40,16,24,96,82,14,29.411764705882355,11.76470588235294,17.647058823529413,70.58823529411765,60.29411764705882,10.294117647058822
E00165541,159,35,10,25,124,103,21,22.0125786163522,6.289308176100629,15.723270440251572,77.9874213836478,64.77987421383648,13.20754716981132
E00165542,63,29,4,25,34,27,7,46.03174603174603,6.349206349206349,39.682539682539684,53.96825396825397,42.857142857142854,11.11111111111111
E00165543,148,47,13,34,101,89,12,31.756756756756754,8.783783783783784,22.972972972972975,68.24324324324324,60.13513513513513,8.108108108108109
E00165544,168,51,13,38,117,96,21,30.357142857142854,7.738095238095238,22.61904761904762,69.64285714285714,57.14285714285714,12.5
E00165545,141,45,16,29,96,79,17,31.914893617021278,11.347517730496454,20.56737588652482,68.08510638297872,56.02836879432624,12.056737588652481
E00165546,94,31,11,20,63,56,7,32.97872340425532,11.702127659574469,21.27659574468085,67.02127659574468,59.57446808510638,7.446808510638298
E00165547,115,35,7,28,80,68,12,30.434782608695656,6.086956521739131,24.347826086956523,69.56521739130434,59.130434782608695,10.434782608695652
E00165548,146,54,14,40,92,84,8,36.986301369863014,9.58904109589041,27.397260273972602,63.013698630136986,57.534246575342465,5.47945205479452
E00165549,198,66,19,47,132,111,21,33.33333333333333,9.595959595959595,23.737373737373737,66.66666666666666,56.060606060606055,10.606060606060606
E00165550,109,30,10,20,79,69,10,27.522935779816514,9.174311926605505,18.34862385321101,72.47706422018348,63.30275229357798,9.174311926605505
E00165551,194,50,21,29,144,121,23,25.773195876288657,10.824742268041238,14.948453608247423,74.22680412371135,62.371134020618555,11.855670103092782
E00165552,125,37,13,24,88,77,11,29.599999999999998,10.4,19.2,70.39999999999999,61.6,8.799999999999999
E00165554,118,29,10,19,89,76,13,24.576271186440678,8.47457627118644,16.101694915254235,75.42372881355932,64.40677966101694,11.016949152542372
E00165555,121,35,13,22,86,68,18,28.92561983471074,10.743801652892563,18.181818181818183,71.07438016528926,56.19834710743802,14.87603305785124
E00165556,127,43,11,32,84,70,14,33.85826771653544,8.661417322834646,25.196850393700785,66.14173228346458,55.118110236220474,11.023622047244094
E00165558,100,31,11,20,69,57,12,31,11,20,69,56.99999999999999,12
E00165559,132,33,7,26,99,75,24,25,5.303030303030303,19.696969696969695,75,56.81818181818182,18.181818181818183
E00165560,123,38,9,29,85,64,21,30.89430894308943,7.317073170731707,23.577235772357724,69.10569105691057,52.03252032520326,17.073170731707318
E00165561,157,37,13,24,120,99,21,23.56687898089172,8.280254777070063,15.286624203821656,76.43312101910828,63.05732484076433,13.375796178343949
E00165562,113,35,10,25,78,68,10,30.973451327433626,8.849557522123893,22.123893805309734,69.02654867256636,60.17699115044248,8.849557522123893
E00165563,138,38,11,27,100,82,18,27.536231884057973,7.971014492753622,19.565217391304348,72.46376811594203,59.42028985507246,13.043478260869565
E00165564,154,43,9,34,111,97,14,27.92207792207792,5.844155844155844,22.07792207792208,72.07792207792207,62.98701298701299,9.090909090909092
E00165565,112,29,10,19,83,70,13,25.892857142857146,8.928571428571429,16.964285714285715,74.10714285714286,62.5,11.607142857142858
E00165566,106,38,16,22,68,62,6,35.84905660377358,15.09433962264151,20.754716981132077,64.15094339622641,58.490566037735846,5.660377358490567
E00165567,312,99,47,52,213,174,39,31.73076923076923,15.064102564102564,16.666666666666664,68.26923076923077,55.769230769230774,12.5
E00165568,63,18,2,16,45,37,8,28.57142857142857,3.1746031746031744,25.396825396825395,71.42857142857143,58.730158730158735,12.698412698412698
E00165569,172,52,12,40,120,102,18,30.23255813953488,6.976744186046512,23.25581395348837,69.76744186046511,59.30232558139535,10.465116279069768
E00165570,122,43,20,23,79,65,14,35.24590163934426,16.39344262295082,18.852459016393443,64.75409836065575,53.278688524590166,11.475409836065573
E00165571,126,35,14,21,91,77,14,27.77777777777778,11.11111111111111,16.666666666666664,72.22222222222221,61.111111111111114,11.11111111111111
E00165572,78,33,7,26,45,39,6,42.30769230769231,8.974358974358974,33.33333333333333,57.692307692307686,50,7.6923076923076925
E00165573,116,28,8,20,88,81,7,24.137931034482758,6.896551724137931,17.24137931034483,75.86206896551724,69.82758620689656,6.0344827586206895
E00165574,102,32,5,27,70,63,7,31.372549019607842,4.901960784313726,26.47058823529412,68.62745098039215,61.76470588235294,6.862745098039216
E00165575,142,45,13,32,97,83,14,31.690140845070424,9.15492957746479,22.535211267605636,68.30985915492957,58.45070422535211,9.859154929577464
E00165576,128,54,17,37,74,64,10,42.1875,13.28125,28.90625,57.8125,50,7.8125
E00165577,82,22,10,12,60,53,7,26.82926829268293,12.195121951219512,14.634146341463413,73.17073170731707,64.63414634146342,8.536585365853659
E00165578,118,42,14,28,76,63,13,35.59322033898305,11.864406779661017,23.728813559322035,64.40677966101694,53.38983050847458,11.016949152542372
E00165579,146,40,18,22,106,79,27,27.397260273972602,12.32876712328767,15.068493150684931,72.6027397260274,54.109589041095894,18.493150684931507
E00165580,98,27,8,19,71,61,10,27.55102040816326,8.16326530612245,19.387755102040817,72.44897959183673,62.244897959183675,10.204081632653061
E00165581,115,30,6,24,85,75,10,26.08695652173913,5.217391304347826,20.869565217391305,73.91304347826086,65.21739130434783,8.695652173913043
E00165582,124,41,20,21,83,70,13,33.064516129032256,16.129032258064516,16.93548387096774,66.93548387096774,56.451612903225815,10.483870967741936
E00165583,99,30,10,20,69,54,15,30.303030303030305,10.1010101010101,20.2020202020202,69.6969696969697,54.54545454545454,15.151515151515152
E00165584,113,30,7,23,83,73,10,26.548672566371685,6.1946902654867255,20.353982300884958,73.45132743362832,64.60176991150442,8.849557522123893
E00165585,147,50,13,37,97,86,11,34.01360544217687,8.843537414965986,25.170068027210885,65.98639455782312,58.50340136054422,7.482993197278912
E00165586,118,34,16,18,84,63,21,28.8135593220339,13.559322033898304,15.254237288135593,71.1864406779661,53.38983050847458,17.796610169491526
E00165587,112,38,12,26,74,59,15,33.92857142857143,10.714285714285714,23.214285714285715,66.07142857142857,52.67857142857143,13.392857142857142
E00165588,120,38,7,31,82,73,9,31.666666666666664,5.833333333333333,25.833333333333336,68.33333333333333,60.83333333333333,7.5
E00165589,51,21,5,16,30,26,4,41.17647058823529,9.803921568627452,31.372549019607842,58.82352941176471,50.98039215686274,7.8431372549019605
E00165590,133,36,8,28,97,83,14,27.06766917293233,6.015037593984962,21.052631578947366,72.93233082706767,62.40601503759399,10.526315789473683
E00165591,142,60,19,41,82,72,10,42.25352112676056,13.380281690140844,28.87323943661972,57.74647887323944,50.70422535211267,7.042253521126761
E00165592,72,16,5,11,56,49,7,22.22222222222222,6.944444444444445,15.277777777777779,77.77777777777779,68.05555555555556,9.722222222222223
E00165593,119,39,7,32,80,71,9,32.773109243697476,5.88235294117647,26.89075630252101,67.22689075630252,59.66386554621849,7.563025210084033
E00165594,76,22,0,22,54,50,4,28.947368421052634,0,28.947368421052634,71.05263157894737,65.78947368421053,5.263157894736842
E00165595,121,45,9,36,76,64,12,37.1900826446281,7.43801652892562,29.75206611570248,62.8099173553719,52.892561983471076,9.917355371900827
E00165596,93,23,8,15,70,61,9,24.731182795698924,8.60215053763441,16.129032258064516,75.26881720430107,65.59139784946237,9.67741935483871
E00165597,201,64,17,47,137,118,19,31.8407960199005,8.45771144278607,23.383084577114428,68.1592039800995,58.70646766169154,9.45273631840796
E00165598,78,26,9,17,52,50,2,33.33333333333333,11.538461538461538,21.794871794871796,66.66666666666666,64.1025641025641,2.564102564102564
E00165599,90,40,12,28,50,43,7,44.44444444444444,13.333333333333334,31.11111111111111,55.55555555555556,47.77777777777778,7.777777777777778
E00165600,103,43,13,30,60,55,5,41.74757281553398,12.62135922330097,29.126213592233007,58.252427184466015,53.398058252427184,4.854368932038835
E00165601,138,37,10,27,101,93,8,26.811594202898554,7.246376811594203,19.565217391304348,73.18840579710145,67.3913043478261,5.797101449275362
E00165602,249,64,13,51,185,163,22,25.702811244979916,5.220883534136546,20.481927710843372,74.29718875502009,65.46184738955823,8.835341365461847
E00165603,102,36,9,27,66,51,15,35.294117647058826,8.823529411764707,26.47058823529412,64.70588235294117,50,14.705882352941178
E00165605,158,54,18,36,104,89,15,34.177215189873415,11.39240506329114,22.78481012658228,65.82278481012658,56.32911392405063,9.49367088607595
E00165606,114,41,15,26,73,63,10,35.96491228070175,13.157894736842104,22.807017543859647,64.03508771929825,55.26315789473685,8.771929824561402
E00165607,120,48,11,37,72,64,8,40,9.166666666666666,30.833333333333336,60,53.333333333333336,6.666666666666667
E00165608,133,37,10,27,96,82,14,27.819548872180448,7.518796992481203,20.30075187969925,72.18045112781954,61.65413533834586,10.526315789473683
E00165609,188,53,19,34,135,120,15,28.191489361702125,10.106382978723403,18.085106382978726,71.80851063829788,63.829787234042556,7.9787234042553195
E00165610,195,53,12,41,142,111,31,27.17948717948718,6.153846153846154,21.025641025641026,72.82051282051282,56.92307692307692,15.897435897435896
E00165611,141,49,24,25,92,72,20,34.751773049645394,17.02127659574468,17.73049645390071,65.24822695035462,51.06382978723404,14.184397163120568
E00165612,136,43,11,32,93,74,19,31.61764705882353,8.088235294117647,23.52941176470588,68.38235294117648,54.41176470588235,13.970588235294118
E00165613,167,61,26,35,106,71,35,36.52694610778443,15.568862275449103,20.958083832335326,63.47305389221557,42.51497005988024,20.958083832335326
E00165614,120,46,15,31,74,58,16,38.333333333333336,12.5,25.833333333333336,61.66666666666667,48.333333333333336,13.333333333333334
E00165615,143,47,24,23,96,66,30,32.86713286713287,16.783216783216783,16.083916083916083,67.13286713286713,46.15384615384615,20.97902097902098
E00165616,156,60,24,36,96,77,19,38.46153846153847,15.384615384615385,23.076923076923077,61.53846153846154,49.358974358974365,12.179487179487179
E00165617,151,52,20,32,99,81,18,34.437086092715234,13.245033112582782,21.192052980132452,65.56291390728477,53.64238410596026,11.920529801324504
E00165618,153,53,23,30,100,61,39,34.64052287581699,15.032679738562091,19.607843137254903,65.359477124183,39.869281045751634,25.49019607843137
E00165619,165,57,14,43,108,89,19,34.54545454545455,8.484848484848486,26.060606060606062,65.45454545454545,53.939393939393945,11.515151515151516
E00165620,205,67,22,45,138,122,16,32.6829268292683,10.731707317073171,21.951219512195124,67.31707317073172,59.512195121951216,7.804878048780488
E00165621,161,45,14,31,116,89,27,27.95031055900621,8.695652173913043,19.25465838509317,72.04968944099379,55.27950310559007,16.77018633540373
E00165622,144,40,9,31,104,95,9,27.77777777777778,6.25,21.52777777777778,72.22222222222221,65.97222222222221,6.25
E00165623,154,49,12,37,105,92,13,31.818181818181817,7.792207792207792,24.025974025974026,68.18181818181817,59.74025974025974,8.441558441558442
E00165624,180,63,21,42,117,101,16,35,11.666666666666666,23.333333333333332,65,56.111111111111114,8.88888888888889
E00165625,180,47,7,40,133,118,15,26.111111111111114,3.888888888888889,22.22222222222222,73.88888888888889,65.55555555555556,8.333333333333332
E00165626,111,38,14,24,73,62,11,34.234234234234236,12.612612612612612,21.62162162162162,65.76576576576578,55.85585585585585,9.90990990990991
E00165627,166,58,15,43,108,92,16,34.93975903614458,9.036144578313253,25.903614457831324,65.06024096385542,55.42168674698795,9.63855421686747
E00165628,140,45,21,24,95,80,15,32.142857142857146,15,17.142857142857142,67.85714285714286,57.14285714285714,10.714285714285714
E00165629,142,49,13,36,93,76,17,34.50704225352113,9.15492957746479,25.352112676056336,65.49295774647888,53.52112676056338,11.971830985915492
E00165630,118,42,16,26,76,58,18,35.59322033898305,13.559322033898304,22.033898305084744,64.40677966101694,49.152542372881356,15.254237288135593
E00165631,160,54,13,41,106,97,9,33.75,8.125,25.624999999999996,66.25,60.62499999999999,5.625
E00165632,169,52,14,38,117,99,18,30.76923076923077,8.284023668639055,22.485207100591715,69.23076923076923,58.57988165680473,10.650887573964498
E00165633,250,70,25,45,180,154,26,28.000000000000004,10,18,72,61.6,10.4
E00165634,193,51,8,43,142,120,22,26.42487046632124,4.145077720207254,22.279792746113987,73.57512953367875,62.17616580310881,11.398963730569948
E00165635,119,36,10,26,83,73,10,30.252100840336134,8.403361344537815,21.84873949579832,69.74789915966386,61.34453781512605,8.403361344537815
E00165636,128,38,8,30,90,80,10,29.6875,6.25,23.4375,70.3125,62.5,7.8125
E00165637,133,37,15,22,96,81,15,27.819548872180448,11.278195488721805,16.541353383458645,72.18045112781954,60.902255639097746,11.278195488721805
E00165638,125,39,22,17,86,69,17,31.2,17.599999999999998,13.600000000000001,68.8,55.2,13.600000000000001
E00165639,132,40,12,28,92,73,19,30.303030303030305,9.090909090909092,21.21212121212121,69.6969696969697,55.3030303030303,14.393939393939394
E00165640,189,67,23,44,122,104,18,35.44973544973545,12.16931216931217,23.28042328042328,64.55026455026454,55.026455026455025,9.523809523809524
E00165641,134,37,15,22,97,82,15,27.611940298507463,11.194029850746269,16.417910447761194,72.38805970149254,61.19402985074627,11.194029850746269
E00165642,147,41,8,33,106,88,18,27.89115646258503,5.442176870748299,22.448979591836736,72.10884353741497,59.863945578231295,12.244897959183673
E00165643,150,58,25,33,92,72,20,38.666666666666664,16.666666666666664,22,61.33333333333333,48,13.333333333333334
E00165644,102,38,15,23,64,56,8,37.254901960784316,14.705882352941178,22.54901960784314,62.745098039215684,54.90196078431373,7.8431372549019605
E00165645,290,80,38,42,210,178,32,27.586206896551722,13.10344827586207,14.482758620689657,72.41379310344827,61.37931034482759,11.03448275862069
E00165646,33,8,0,8,25,17,8,24.242424242424242,0,24.242424242424242,75.75757575757575,51.515151515151516,24.242424242424242
E00165647,265,81,31,50,184,145,39,30.566037735849054,11.69811320754717,18.867924528301888,69.43396226415094,54.71698113207547,14.716981132075471
E00165648,96,32,11,21,64,56,8,33.33333333333333,11.458333333333332,21.875,66.66666666666666,58.333333333333336,8.333333333333332
E00165649,110,37,10,27,73,61,12,33.63636363636363,9.090909090909092,24.545454545454547,66.36363636363637,55.45454545454545,10.909090909090908
E00165650,132,44,14,30,88,78,10,33.33333333333333,10.606060606060606,22.727272727272727,66.66666666666666,59.09090909090909,7.575757575757576
E00165651,134,44,11,33,90,79,11,32.83582089552239,8.208955223880597,24.62686567164179,67.16417910447761,58.95522388059702,8.208955223880597
E00165652,184,56,19,37,128,108,20,30.434782608695656,10.326086956521738,20.108695652173914,69.56521739130434,58.69565217391305,10.869565217391305
E00165653,112,38,14,24,74,67,7,33.92857142857143,12.5,21.428571428571427,66.07142857142857,59.82142857142857,6.25
E00165654,132,43,6,37,89,79,10,32.57575757575758,4.545454545454546,28.030303030303028,67.42424242424242,59.84848484848485,7.575757575757576
E00165655,66,30,12,18,36,33,3,45.45454545454545,18.181818181818183,27.27272727272727,54.54545454545454,50,4.545454545454546
E00165656,126,43,18,25,83,71,12,34.12698412698413,14.285714285714285,19.841269841269842,65.87301587301587,56.34920634920635,9.523809523809524
E00165657,133,53,9,44,80,67,13,39.849624060150376,6.7669172932330826,33.08270676691729,60.150375939849624,50.37593984962406,9.774436090225564
E00165658,173,43,12,31,130,106,24,24.85549132947977,6.9364161849710975,17.91907514450867,75.14450867052022,61.27167630057804,13.872832369942195
E00165659,133,45,17,28,88,73,15,33.83458646616541,12.781954887218044,21.052631578947366,66.16541353383458,54.88721804511278,11.278195488721805
E00165660,104,28,9,19,76,65,11,26.923076923076923,8.653846153846153,18.269230769230766,73.07692307692307,62.5,10.576923076923077
E00165661,113,32,12,20,81,68,13,28.31858407079646,10.619469026548673,17.699115044247787,71.68141592920354,60.17699115044248,11.504424778761061
E00165662,139,42,17,25,97,77,20,30.215827338129497,12.23021582733813,17.985611510791365,69.7841726618705,55.39568345323741,14.388489208633093
E00165663,150,60,20,40,90,73,17,40,13.333333333333334,26.666666666666668,60,48.66666666666667,11.333333333333332
E00165664,89,36,10,26,53,45,8,40.44943820224719,11.235955056179774,29.213483146067414,59.55056179775281,50.56179775280899,8.98876404494382
E00165665,148,59,27,32,89,67,22,39.86486486486486,18.243243243243242,21.62162162162162,60.13513513513513,45.27027027027027,14.864864864864865
E00171606,60,23,6,17,37,30,7,38.333333333333336,10,28.333333333333332,61.66666666666667,50,11.666666666666666
E00171607,60,23,8,15,37,31,6,38.333333333333336,13.333333333333334,25,61.66666666666667,51.66666666666667,10
E00171608,104,28,12,16,76,61,15,26.923076923076923,11.538461538461538,15.384615384615385,73.07692307692307,58.65384615384615,14.423076923076922
E00171609,154,51,28,23,103,87,16,33.116883116883116,18.181818181818183,14.935064935064934,66.88311688311688,56.493506493506494,10.38961038961039
E00171610,180,57,19,38,123,104,19,31.666666666666664,10.555555555555555,21.11111111111111,68.33333333333333,57.77777777777777,10.555555555555555
E00171611,120,32,5,27,88,75,13,26.666666666666668,4.166666666666666,22.5,73.33333333333333,62.5,10.833333333333334
E00171612,169,54,17,37,115,98,17,31.952662721893493,10.059171597633137,21.893491124260358,68.04733727810651,57.98816568047337,10.059171597633137
E00171613,166,46,18,28,120,100,20,27.710843373493976,10.843373493975903,16.867469879518072,72.28915662650603,60.24096385542169,12.048192771084338
E00181289,49,18,10,8,31,19,12,36.734693877551024,20.408163265306122,16.3265306122449,63.26530612244898,38.775510204081634,24.489795918367346
E00181294,231,68,17,51,163,140,23,29.43722943722944,7.35930735930736,22.07792207792208,70.56277056277057,60.60606060606061,9.956709956709958
E00181328,108,37,12,25,71,63,8,34.25925925925926,11.11111111111111,23.14814814814815,65.74074074074075,58.333333333333336,7.4074074074074066
E00181330,29,3,1,2,26,24,2,10.344827586206897,3.4482758620689653,6.896551724137931,89.65517241379311,82.75862068965517,6.896551724137931
E00181331,117,18,1,17,99,84,15,15.384615384615385,0.8547008547008548,14.529914529914532,84.61538461538461,71.7948717948718,12.82051282051282
E00181346,112,20,6,14,92,78,14,17.857142857142858,5.357142857142857,12.5,82.14285714285714,69.64285714285714,12.5
E00181365,185,51,13,38,134,110,24,27.56756756756757,7.027027027027027,20.54054054054054,72.43243243243244,59.45945945945946,12.972972972972974
E00181383,80,21,9,12,59,50,9,26.25,11.25,15,73.75,62.5,11.25
E00181384,283,51,10,41,232,196,36,18.021201413427562,3.53356890459364,14.487632508833922,81.97879858657244,69.25795053003534,12.7208480565371
E00181393,63,16,5,11,47,43,4,25.396825396825395,7.936507936507936,17.46031746031746,74.60317460317461,68.25396825396825,6.349206349206349
E00181403,78,19,10,9,59,47,12,24.358974358974358,12.82051282051282,11.538461538461538,75.64102564102564,60.256410256410255,15.384615384615385
