OA,ts0380001,ts0380002,ts0380003,ts0380004,ts0380005,ts0380006,ts0380007,ts0380002_PCT,ts0380003_PCT,ts0380004_PCT,ts0380005_PCT,ts0380006_PCT,ts0380007_PCT
E00119054,314,61,28,33,253,24,229,19.426751592356688,8.9171974522293,10.509554140127388,80.57324840764332,7.643312101910828,72.92993630573248
E00119055,496,41,10,31,455,32,423,8.266129032258064,2.0161290322580645,6.25,91.73387096774194,6.451612903225806,85.28225806451613
E00119056,379,73,46,27,306,28,278,19.261213720316622,12.137203166226913,7.12401055408971,80.73878627968337,7.387862796833773,73.35092348284961
E00119057,331,41,10,31,290,27,263,12.386706948640484,3.0211480362537766,9.365558912386707,87.61329305135952,8.157099697885197,79.45619335347432
E00119058,358,47,18,29,311,44,267,13.128491620111731,5.027932960893855,8.100558659217876,86.87150837988827,12.290502793296088,74.58100558659217
E00119059,409,67,22,45,342,34,308,16.381418092909534,5.378973105134474,11.00244498777506,83.61858190709046,8.312958435207824,75.30562347188264
E00119060,285,40,16,24,245,22,223,14.035087719298245,5.614035087719298,8.421052631578947,85.96491228070175,7.719298245614035,78.24561403508771
E00119061,427,49,13,36,378,23,355,11.475409836065573,3.0444964871194378,8.430913348946136,88.52459016393442,5.386416861826698,83.13817330210773
E00119062,351,47,15,32,304,36,268,13.390313390313391,4.273504273504273,9.116809116809117,86.6096866096866,10.256410256410255,76.35327635327636
E00119063,338,39,5,34,299,36,263,11.538461538461538,1.4792899408284024,10.059171597633137,88.46153846153845,10.650887573964498,77.81065088757396
E00119064,321,50,22,28,271,25,246,15.57632398753894,6.853582554517133,8.722741433021806,84.42367601246106,7.78816199376947,76.63551401869158
E00119065,343,24,9,15,319,33,286,6.997084548104956,2.623906705539359,4.373177842565598,93.00291545189503,9.620991253644315,83.38192419825073
E00119066,277,32,9,23,245,17,228,11.552346570397113,3.2490974729241873,8.303249097472925,88.4476534296029,6.137184115523466,82.31046931407943
E00119067,334,47,15,32,287,30,257,14.071856287425149,4.491017964071856,9.580838323353294,85.92814371257485,8.982035928143713,76.94610778443113
E00119068,282,29,9,20,253,21,232,10.28368794326241,3.1914893617021276,7.092198581560284,89.71631205673759,7.446808510638298,82.26950354609929
E00119069,309,38,10,28,271,20,251,12.297734627831716,3.2362459546925564,9.06148867313916,87.70226537216828,6.472491909385113,81.22977346278317
E00119070,529,49,10,39,480,47,433,9.262759924385634,1.890359168241966,7.372400756143667,90.73724007561437,8.88468809073724,81.85255198487712
E00119071,338,19,0,19,319,32,287,5.621301775147929,0,5.621301775147929,94.37869822485207,9.467455621301776,84.91124260355029
E00119073,611,73,19,54,538,29,509,11.947626841243862,3.109656301145663,8.8379705400982,88.05237315875614,4.746317512274959,83.30605564648118
E00119074,257,53,19,34,204,24,180,20.622568093385212,7.392996108949417,13.229571984435799,79.37743190661479,9.33852140077821,70.03891050583657
E00119075,311,54,21,33,257,32,225,17.363344051446948,6.752411575562702,10.610932475884244,82.63665594855306,10.289389067524116,72.34726688102894
E00119076,321,63,26,37,258,14,244,19.626168224299064,8.09968847352025,11.526479750778815,80.37383177570094,4.361370716510903,76.01246105919003
E00119077,329,55,32,23,274,24,250,16.717325227963524,9.72644376899696,6.990881458966565,83.28267477203647,7.29483282674772,75.98784194528876
E00119078,366,32,12,20,334,26,308,8.743169398907105,3.278688524590164,5.46448087431694,91.2568306010929,7.103825136612022,84.15300546448088
E00119079,473,78,36,42,395,32,363,16.49048625792812,7.6109936575052854,8.879492600422834,83.50951374207189,6.765327695560254,76.74418604651163
E00119080,354,46,16,30,308,24,284,12.994350282485875,4.519774011299435,8.47457627118644,87.00564971751412,6.779661016949152,80.22598870056498
E00119081,387,59,15,44,328,17,311,15.245478036175712,3.875968992248062,11.369509043927648,84.75452196382429,4.3927648578811365,80.36175710594316
E00119082,287,65,26,39,222,19,203,22.64808362369338,9.059233449477352,13.588850174216027,77.35191637630662,6.620209059233449,70.73170731707317
E00119083,249,23,6,17,226,20,206,9.236947791164658,2.4096385542168677,6.827309236947792,90.76305220883533,8.032128514056225,82.73092369477911
E00119084,457,50,15,35,407,28,379,10.940919037199125,3.282275711159737,7.658643326039387,89.05908096280088,6.12691466083151,82.93216630196937
E00119085,407,71,34,37,336,30,306,17.444717444717444,8.353808353808354,9.090909090909092,82.55528255528255,7.371007371007371,75.18427518427518
E00119087,312,67,26,41,245,22,223,21.474358974358974,8.333333333333332,13.141025641025642,78.52564102564102,7.051282051282051,71.47435897435898
E00119088,315,29,11,18,286,22,264,9.206349206349207,3.492063492063492,5.714285714285714,90.7936507936508,6.984126984126984,83.80952380952381
E00119089,421,58,23,35,363,39,324,13.77672209026128,5.463182897862233,8.31353919239905,86.22327790973871,9.263657957244655,76.95961995249407
E00119090,301,62,27,35,239,22,217,20.59800664451827,8.970099667774086,11.627906976744185,79.40199335548172,7.308970099667775,72.09302325581395
E00119091,284,26,11,15,258,21,237,9.15492957746479,3.873239436619718,5.28169014084507,90.84507042253522,7.394366197183098,83.45070422535211
E00119092,357,49,21,28,308,33,275,13.725490196078432,5.88235294117647,7.8431372549019605,86.27450980392157,9.243697478991598,77.03081232492998
E00119093,333,45,17,28,288,30,258,13.513513513513514,5.105105105105105,8.408408408408409,86.48648648648648,9.00900900900901,77.47747747747748
E00119094,301,28,3,25,273,19,254,9.30232558139535,0.9966777408637874,8.305647840531561,90.69767441860465,6.312292358803987,84.38538205980066
E00119095,252,32,6,26,220,21,199,12.698412698412698,2.380952380952381,10.317460317460316,87.3015873015873,8.333333333333332,78.96825396825396
E00119096,275,30,14,16,245,18,227,10.909090909090908,5.090909090909091,5.818181818181818,89.0909090909091,6.545454545454546,82.54545454545455
E00119097,294,51,13,38,243,19,224,17.346938775510203,4.421768707482993,12.925170068027212,82.6530612244898,6.462585034013606,76.19047619047619
E00119098,258,33,12,21,225,25,200,12.790697674418606,4.651162790697675,8.13953488372093,87.20930232558139,9.689922480620156,77.51937984496125
E00119099,278,86,49,37,192,32,160,30.935251798561154,17.62589928057554,13.309352517985612,69.06474820143885,11.510791366906476,57.55395683453237
E00119100,361,57,29,28,304,26,278,15.789473684210526,8.033240997229916,7.756232686980609,84.21052631578947,7.202216066481995,77.00831024930747
E00119101,288,31,10,21,257,18,239,10.76388888888889,3.4722222222222223,7.291666666666667,89.23611111111111,6.25,82.98611111111111
E00119102,269,39,16,23,230,24,206,14.49814126394052,5.947955390334572,8.550185873605948,85.50185873605948,8.921933085501859,76.57992565055763
E00119104,380,47,16,31,333,22,311,12.368421052631579,4.2105263157894735,8.157894736842106,87.63157894736841,5.7894736842105265,81.84210526315789
E00119105,385,40,8,32,345,23,322,10.38961038961039,2.0779220779220777,8.311688311688311,89.6103896103896,5.974025974025974,83.63636363636363
E00119106,324,36,12,24,288,20,268,11.11111111111111,3.7037037037037033,7.4074074074074066,88.88888888888889,6.172839506172839,82.71604938271605
E00119107,349,28,8,20,321,26,295,8.022922636103152,2.292263610315186,5.730659025787966,91.97707736389685,7.4498567335243555,84.5272206303725
E00119108,454,47,15,32,407,27,380,10.352422907488986,3.303964757709251,7.048458149779736,89.64757709251101,5.947136563876652,83.70044052863436
E00119109,189,52,27,25,137,11,126,27.513227513227513,14.285714285714285,13.227513227513226,72.4867724867725,5.82010582010582,66.66666666666666
E00119111,185,31,15,16,154,11,143,16.756756756756758,8.108108108108109,8.64864864864865,83.24324324324324,5.9459459459459465,77.29729729729729
E00119113,264,35,14,21,229,26,203,13.257575757575758,5.303030303030303,7.954545454545454,86.74242424242425,9.848484848484848,76.89393939393939
E00119114,127,30,13,17,97,14,83,23.62204724409449,10.236220472440944,13.385826771653544,76.37795275590551,11.023622047244094,65.35433070866141
E00119115,324,49,17,32,275,31,244,15.123456790123457,5.246913580246913,9.876543209876543,84.87654320987654,9.5679012345679,75.30864197530865
E00119116,244,46,20,26,198,25,173,18.852459016393443,8.19672131147541,10.655737704918032,81.14754098360656,10.245901639344263,70.90163934426229
E00119117,344,47,11,36,297,19,278,13.662790697674417,3.1976744186046515,10.465116279069768,86.33720930232558,5.523255813953488,80.81395348837209
E00119118,340,41,13,28,299,27,272,12.058823529411764,3.823529411764706,8.235294117647058,87.94117647058823,7.941176470588235,80
E00119119,331,57,21,36,274,25,249,17.220543806646525,6.3444108761329305,10.876132930513595,82.77945619335347,7.552870090634441,75.22658610271903
E00119120,324,24,5,19,300,18,282,7.4074074074074066,1.5432098765432098,5.864197530864197,92.5925925925926,5.555555555555555,87.03703703703704
E00119121,302,41,12,29,261,18,243,13.57615894039735,3.9735099337748347,9.602649006622517,86.42384105960265,5.960264900662252,80.4635761589404
E00119122,344,36,10,26,308,30,278,10.465116279069768,2.9069767441860463,7.55813953488372,89.53488372093024,8.720930232558139,80.81395348837209
E00119123,340,48,13,35,292,21,271,14.117647058823529,3.823529411764706,10.294117647058822,85.88235294117646,6.176470588235294,79.70588235294119
E00119124,466,42,11,31,424,36,388,9.012875536480687,2.3605150214592276,6.652360515021459,90.98712446351931,7.725321888412018,83.2618025751073
E00119125,316,27,10,17,289,19,270,8.544303797468354,3.1645569620253164,5.379746835443038,91.45569620253164,6.012658227848101,85.44303797468355
E00119126,329,41,13,28,288,24,264,12.462006079027356,3.951367781155015,8.51063829787234,87.53799392097264,7.29483282674772,80.24316109422493
E00119127,396,27,6,21,369,32,337,6.8181818181818175,1.5151515151515151,5.303030303030303,93.18181818181817,8.080808080808081,85.1010101010101
E00119128,372,30,4,26,342,29,313,8.064516129032258,1.0752688172043012,6.989247311827956,91.93548387096774,7.795698924731183,84.13978494623656
E00119129,295,36,13,23,259,18,241,12.203389830508476,4.406779661016949,7.796610169491526,87.79661016949153,6.101694915254238,81.69491525423729
E00119130,309,43,9,34,266,22,244,13.915857605177994,2.912621359223301,11.003236245954692,86.08414239482201,7.119741100323624,78.96440129449837
E00119131,347,21,3,18,326,31,295,6.051873198847262,0.8645533141210375,5.187319884726225,93.94812680115274,8.93371757925072,85.01440922190201
E00119134,314,34,9,25,280,29,251,10.828025477707007,2.8662420382165608,7.961783439490445,89.171974522293,9.235668789808917,79.93630573248409
E00119135,348,19,5,14,329,30,299,5.459770114942529,1.4367816091954022,4.022988505747127,94.54022988505747,8.620689655172415,85.91954022988506
E00119136,349,34,15,19,315,19,296,9.742120343839542,4.297994269340974,5.444126074498568,90.25787965616045,5.444126074498568,84.81375358166189
E00119137,448,43,11,32,405,39,366,9.598214285714286,2.455357142857143,7.142857142857142,90.40178571428571,8.705357142857142,81.69642857142857
E00119138,305,33,10,23,272,33,239,10.819672131147541,3.278688524590164,7.540983606557377,89.18032786885246,10.819672131147541,78.36065573770492
E00119139,379,114,65,49,265,23,242,30.07915567282322,17.150395778364118,12.928759894459102,69.92084432717678,6.068601583113456,63.852242744063325
E00119140,318,34,4,30,284,31,253,10.69182389937107,1.257861635220126,9.433962264150944,89.30817610062893,9.748427672955975,79.55974842767296
E00119141,374,21,1,20,353,38,315,5.614973262032086,0.267379679144385,5.347593582887701,94.38502673796792,10.16042780748663,84.22459893048129
E00119142,435,37,11,26,398,24,374,8.505747126436782,2.528735632183908,5.977011494252873,91.49425287356323,5.517241379310345,85.97701149425288
E00119143,348,34,8,26,314,35,279,9.770114942528735,2.2988505747126435,7.471264367816093,90.22988505747126,10.057471264367816,80.17241379310344
E00119144,357,39,14,25,318,23,295,10.92436974789916,3.9215686274509802,7.002801120448179,89.07563025210085,6.442577030812324,82.6330532212885
E00119145,340,38,12,26,302,30,272,11.176470588235295,3.5294117647058822,7.647058823529412,88.8235294117647,8.823529411764707,80
E00119146,403,24,6,18,379,32,347,5.955334987593052,1.488833746898263,4.466501240694789,94.04466501240695,7.94044665012407,86.10421836228288
E00119147,380,38,18,20,342,35,307,10,4.736842105263158,5.263157894736842,90,9.210526315789473,80.78947368421052
E00119148,226,31,10,21,195,15,180,13.716814159292035,4.424778761061947,9.29203539823009,86.28318584070797,6.637168141592921,79.64601769911505
E00119149,275,25,5,20,250,31,219,9.090909090909092,1.8181818181818181,7.2727272727272725,90.9090909090909,11.272727272727273,79.63636363636364
E00119150,309,40,13,27,269,33,236,12.944983818770226,4.207119741100324,8.737864077669903,87.05501618122977,10.679611650485436,76.37540453074433
E00119151,407,44,17,27,363,29,334,10.81081081081081,4.176904176904177,6.6339066339066335,89.1891891891892,7.125307125307126,82.06388206388206
E00119152,360,75,26,49,285,24,261,20.833333333333336,7.222222222222221,13.61111111111111,79.16666666666666,6.666666666666667,72.5
E00119153,340,43,10,33,297,32,265,12.647058823529411,2.941176470588235,9.705882352941178,87.3529411764706,9.411764705882353,77.94117647058823
E00119154,362,48,11,37,314,26,288,13.259668508287293,3.0386740331491713,10.220994475138122,86.74033149171271,7.18232044198895,79.55801104972376
E00119155,272,29,11,18,243,20,223,10.661764705882353,4.044117647058823,6.61764705882353,89.33823529411765,7.352941176470589,81.98529411764706
E00119156,356,67,36,31,289,29,260,18.820224719101123,10.112359550561797,8.707865168539326,81.17977528089888,8.146067415730338,73.03370786516854
E00119157,281,39,14,25,242,27,215,13.87900355871886,4.98220640569395,8.896797153024911,86.12099644128114,9.608540925266903,76.51245551601423
E00119158,327,33,8,25,294,23,271,10.091743119266056,2.4464831804281344,7.64525993883792,89.90825688073394,7.033639143730887,82.87461773700305
E00119159,318,35,5,30,283,22,261,11.0062893081761,1.5723270440251573,9.433962264150944,88.9937106918239,6.918238993710692,82.0754716981132
E00119160,288,40,17,23,248,17,231,13.88888888888889,5.902777777777778,7.986111111111111,86.11111111111111,5.902777777777778,80.20833333333334
E00119161,277,42,13,29,235,14,221,15.162454873646208,4.693140794223827,10.469314079422382,84.83754512635379,5.054151624548736,79.78339350180505
E00119162,299,39,8,31,260,27,233,13.043478260869565,2.6755852842809364,10.367892976588628,86.95652173913044,9.03010033444816,77.92642140468227
E00119163,303,24,0,24,279,24,255,7.920792079207921,0,7.920792079207921,92.07920792079209,7.920792079207921,84.15841584158416
E00119164,340,23,2,21,317,23,294,6.764705882352941,0.5882352941176471,6.176470588235294,93.23529411764706,6.764705882352941,86.47058823529412
E00119165,605,49,14,35,556,44,512,8.099173553719009,2.3140495867768593,5.785123966942149,91.90082644628099,7.2727272727272725,84.62809917355372
E00119166,306,49,18,31,257,24,233,16.013071895424837,5.88235294117647,10.130718954248366,83.98692810457517,7.8431372549019605,76.1437908496732
E00119167,381,56,20,36,325,25,300,14.698162729658792,5.2493438320209975,9.448818897637794,85.30183727034121,6.561679790026247,78.74015748031496
E00119168,344,36,9,27,308,28,280,10.465116279069768,2.616279069767442,7.848837209302325,89.53488372093024,8.13953488372093,81.3953488372093
E00119169,349,39,14,25,310,21,289,11.174785100286533,4.011461318051576,7.163323782234957,88.82521489971347,6.017191977077363,82.8080229226361
E00119170,270,71,29,42,199,23,176,26.296296296296294,10.74074074074074,15.555555555555555,73.70370370370371,8.518518518518519,65.18518518518519
E00119171,199,28,9,19,171,18,153,14.07035175879397,4.522613065326634,9.547738693467336,85.92964824120602,9.045226130653267,76.88442211055276
E00119172,421,49,24,25,372,33,339,11.63895486935867,5.7007125890736345,5.938242280285035,88.36104513064133,7.8384798099762465,80.52256532066508
E00119173,342,53,20,33,289,36,253,15.497076023391813,5.847953216374268,9.649122807017543,84.50292397660819,10.526315789473683,73.9766081871345
E00119174,120,21,8,13,99,9,90,17.5,6.666666666666667,10.833333333333334,82.5,7.5,75
E00119175,275,58,22,36,217,15,202,21.09090909090909,8,13.090909090909092,78.9090909090909,5.454545454545454,73.45454545454545
E00119176,263,43,20,23,220,15,205,16.34980988593156,7.604562737642586,8.745247148288973,83.65019011406845,5.7034220532319395,77.9467680608365
E00119177,321,34,13,21,287,42,245,10.59190031152648,4.049844236760125,6.5420560747663545,89.40809968847351,13.084112149532709,76.32398753894081
E00119178,414,52,15,37,362,28,334,12.560386473429952,3.6231884057971016,8.937198067632849,87.43961352657004,6.763285024154589,80.67632850241546
E00119180,330,45,13,32,285,25,260,13.636363636363635,3.939393939393939,9.696969696969697,86.36363636363636,7.575757575757576,78.78787878787878
E00119181,339,59,20,39,280,18,262,17.404129793510325,5.899705014749262,11.504424778761061,82.59587020648968,5.3097345132743365,77.28613569321534
E00119182,541,76,25,51,465,51,414,14.048059149722736,4.621072088724584,9.426987060998151,85.95194085027727,9.426987060998151,76.52495378927911
E00119183,487,78,31,47,409,34,375,16.01642710472279,6.365503080082135,9.650924024640657,83.9835728952772,6.981519507186857,77.00205338809035
E00119185,307,39,10,29,268,24,244,12.703583061889251,3.257328990228013,9.446254071661238,87.29641693811075,7.81758957654723,79.47882736156352
E00119186,537,100,31,69,437,45,392,18.6219739292365,5.772811918063315,12.849162011173185,81.3780260707635,8.379888268156424,72.99813780260708
E00119187,242,62,26,36,180,16,164,25.6198347107438,10.743801652892563,14.87603305785124,74.3801652892562,6.6115702479338845,67.76859504132231
E00119188,468,87,28,59,381,29,352,18.58974358974359,5.982905982905983,12.606837606837606,81.41025641025641,6.196581196581197,75.21367521367522
E00119189,303,60,26,34,243,15,228,19.801980198019802,8.58085808580858,11.221122112211221,80.19801980198021,4.9504950495049505,75.24752475247524
E00119190,326,39,13,26,287,16,271,11.96319018404908,3.9877300613496933,7.975460122699387,88.03680981595092,4.9079754601226995,83.12883435582822
E00119191,149,16,5,11,133,10,123,10.738255033557047,3.3557046979865772,7.38255033557047,89.26174496644296,6.7114093959731544,82.5503355704698
E00119192,269,43,15,28,226,19,207,15.985130111524162,5.5762081784386615,10.408921933085502,84.01486988847584,7.063197026022305,76.95167286245353
E00119193,308,30,13,17,278,32,246,9.740259740259742,4.220779220779221,5.51948051948052,90.25974025974025,10.38961038961039,79.87012987012987
E00119194,263,37,17,20,226,24,202,14.068441064638785,6.4638783269961975,7.604562737642586,85.93155893536122,9.125475285171103,76.80608365019012
E00119195,280,40,17,23,240,23,217,14.285714285714285,6.071428571428571,8.214285714285714,85.71428571428571,8.214285714285714,77.5
E00119196,322,50,21,29,272,30,242,15.527950310559005,6.521739130434782,9.006211180124224,84.472049689441,9.316770186335404,75.15527950310559
E00119197,295,35,10,25,260,20,240,11.864406779661017,3.389830508474576,8.47457627118644,88.13559322033898,6.779661016949152,81.35593220338984
E00119198,279,69,28,41,210,19,191,24.731182795698924,10.03584229390681,14.695340501792115,75.26881720430107,6.810035842293908,68.45878136200717
E00119199,335,28,10,18,307,23,284,8.358208955223882,2.9850746268656714,5.3731343283582085,91.64179104477613,6.865671641791045,84.77611940298507
E00119200,327,31,9,22,296,19,277,9.480122324159021,2.7522935779816518,6.727828746177369,90.51987767584097,5.81039755351682,84.70948012232415
E00119201,265,23,8,15,242,21,221,8.679245283018867,3.018867924528302,5.660377358490567,91.32075471698113,7.9245283018867925,83.39622641509435
E00119202,385,70,33,37,315,30,285,18.181818181818183,8.571428571428571,9.61038961038961,81.81818181818183,7.792207792207792,74.02597402597402
E00119203,354,48,14,34,306,19,287,13.559322033898304,3.954802259887006,9.6045197740113,86.4406779661017,5.367231638418079,81.07344632768361
E00119204,288,69,33,36,219,29,190,23.958333333333336,11.458333333333332,12.5,76.04166666666666,10.069444444444445,65.97222222222221
E00119205,269,37,10,27,232,28,204,13.754646840148698,3.717472118959108,10.037174721189592,86.2453531598513,10.408921933085502,75.8364312267658
E00119206,339,36,5,31,303,27,276,10.619469026548673,1.4749262536873156,9.144542772861357,89.38053097345133,7.964601769911504,81.41592920353983
E00119207,528,62,18,44,466,42,424,11.742424242424242,3.4090909090909087,8.333333333333332,88.25757575757575,7.954545454545454,80.3030303030303
E00119208,313,35,10,25,278,25,253,11.182108626198083,3.1948881789137378,7.987220447284344,88.81789137380191,7.987220447284344,80.83067092651757
E00119209,345,43,14,29,302,22,280,12.46376811594203,4.057971014492753,8.405797101449275,87.53623188405797,6.3768115942028984,81.15942028985508
E00119210,332,32,6,26,300,22,278,9.63855421686747,1.8072289156626504,7.83132530120482,90.36144578313254,6.626506024096386,83.73493975903614
E00119211,295,47,15,32,248,20,228,15.932203389830507,5.084745762711865,10.847457627118644,84.06779661016948,6.779661016949152,77.28813559322035
E00119212,289,29,11,18,260,30,230,10.034602076124568,3.8062283737024223,6.228373702422145,89.96539792387543,10.380622837370241,79.58477508650519
E00119213,378,57,24,33,321,29,292,15.079365079365079,6.349206349206349,8.73015873015873,84.92063492063492,7.671957671957672,77.24867724867724
E00119214,119,22,8,14,97,12,85,18.487394957983195,6.722689075630252,11.76470588235294,81.5126050420168,10.084033613445378,71.42857142857143
E00119215,376,59,18,41,317,32,285,15.691489361702127,4.787234042553192,10.904255319148938,84.30851063829788,8.51063829787234,75.79787234042553
E00119216,440,54,21,33,386,32,354,12.272727272727273,4.772727272727273,7.5,87.72727272727273,7.2727272727272725,80.45454545454545
E00119217,399,47,10,37,352,27,325,11.779448621553884,2.506265664160401,9.273182957393484,88.22055137844612,6.7669172932330826,81.45363408521304
E00119218,268,37,12,25,231,28,203,13.805970149253731,4.477611940298507,9.328358208955224,86.19402985074626,10.44776119402985,75.74626865671642
E00119219,318,53,25,28,265,28,237,16.666666666666664,7.861635220125786,8.80503144654088,83.33333333333334,8.80503144654088,74.52830188679245
E00119220,236,41,11,30,195,32,163,17.372881355932204,4.661016949152542,12.711864406779661,82.62711864406779,13.559322033898304,69.0677966101695
E00119221,258,39,14,25,219,16,203,15.11627906976744,5.426356589147287,9.689922480620156,84.88372093023256,6.2015503875969,78.68217054263566
E00119222,293,63,35,28,230,24,206,21.501706484641637,11.945392491467576,9.556313993174061,78.49829351535837,8.19112627986348,70.30716723549489
E00119223,249,59,25,34,190,10,180,23.694779116465863,10.040160642570282,13.654618473895583,76.30522088353415,4.016064257028113,72.28915662650603
E00119224,300,37,10,27,263,32,231,12.333333333333334,3.3333333333333335,9,87.66666666666667,10.666666666666668,77
E00119225,371,45,11,34,326,30,296,12.129380053908356,2.964959568733154,9.164420485175203,87.87061994609164,8.086253369272237,79.78436657681941
E00119226,314,46,13,33,268,21,247,14.64968152866242,4.140127388535031,10.509554140127388,85.35031847133759,6.687898089171974,78.6624203821656
E00119227,253,36,14,22,217,23,194,14.229249011857709,5.533596837944664,8.695652173913043,85.7707509881423,9.090909090909092,76.6798418972332
E00119228,325,25,6,19,300,26,274,7.6923076923076925,1.8461538461538463,5.846153846153846,92.3076923076923,8,84.3076923076923
E00119229,263,27,6,21,236,28,208,10.26615969581749,2.2813688212927756,7.984790874524715,89.73384030418251,10.646387832699618,79.08745247148289
E00119230,278,27,5,22,251,29,222,9.712230215827338,1.7985611510791366,7.913669064748201,90.28776978417267,10.431654676258994,79.85611510791367
E00119231,332,30,10,20,302,25,277,9.036144578313253,3.0120481927710845,6.024096385542169,90.96385542168674,7.530120481927711,83.43373493975903
E00119232,286,37,10,27,249,26,223,12.937062937062937,3.4965034965034967,9.44055944055944,87.06293706293707,9.090909090909092,77.97202797202797
E00119233,262,70,37,33,192,19,173,26.717557251908396,14.122137404580155,12.595419847328243,73.2824427480916,7.251908396946565,66.03053435114504
E00119234,330,22,4,18,308,22,286,6.666666666666667,1.2121212121212122,5.454545454545454,93.33333333333333,6.666666666666667,86.66666666666667
E00119236,328,33,6,27,295,20,275,10.060975609756099,1.8292682926829267,8.231707317073171,89.9390243902439,6.097560975609756,83.84146341463415
E00119237,231,49,16,33,182,18,164,21.21212121212121,6.926406926406926,14.285714285714285,78.78787878787878,7.792207792207792,70.995670995671
E00119238,331,38,11,27,293,28,265,11.48036253776435,3.3232628398791544,8.157099697885197,88.51963746223565,8.459214501510575,80.06042296072508
E00119239,287,42,16,26,245,26,219,14.634146341463413,5.574912891986063,9.059233449477352,85.36585365853658,9.059233449477352,76.30662020905923
E00119240,296,42,10,32,254,23,231,14.18918918918919,3.3783783783783785,10.81081081081081,85.8108108108108,7.77027027027027,78.04054054054053
E00119241,351,69,30,39,282,20,262,19.65811965811966,8.547008547008547,11.11111111111111,80.34188034188034,5.698005698005698,74.64387464387464
E00119242,226,55,22,33,171,12,159,24.336283185840706,9.734513274336283,14.601769911504425,75.66371681415929,5.3097345132743365,70.35398230088495
E00119244,324,58,27,31,266,16,250,17.901234567901234,8.333333333333332,9.5679012345679,82.09876543209876,4.938271604938271,77.1604938271605
E00119246,342,23,7,16,319,34,285,6.725146198830409,2.046783625730994,4.678362573099415,93.27485380116958,9.941520467836257,83.33333333333334
E00119248,255,31,7,24,224,16,208,12.156862745098039,2.7450980392156863,9.411764705882353,87.84313725490196,6.2745098039215685,81.56862745098039
E00119249,314,57,17,40,257,23,234,18.152866242038215,5.414012738853503,12.738853503184714,81.84713375796179,7.32484076433121,74.52229299363057
E00119250,387,64,26,38,323,25,298,16.5374677002584,6.718346253229974,9.819121447028424,83.4625322997416,6.459948320413436,77.00258397932816
E00119252,307,30,5,25,277,30,247,9.77198697068404,1.6286644951140066,8.143322475570033,90.22801302931596,9.77198697068404,80.45602605863192
E00119253,381,104,39,65,277,16,261,27.296587926509186,10.236220472440944,17.060367454068242,72.70341207349081,4.199475065616798,68.50393700787401
E00119254,341,46,11,35,295,27,268,13.48973607038123,3.225806451612903,10.263929618768328,86.51026392961877,7.9178885630498534,78.59237536656892
E00119255,313,31,5,26,282,28,254,9.904153354632587,1.5974440894568689,8.30670926517572,90.09584664536742,8.945686900958465,81.15015974440894
E00119256,322,31,9,22,291,32,259,9.627329192546584,2.7950310559006213,6.832298136645963,90.37267080745342,9.937888198757763,80.43478260869566
E00119257,224,27,9,18,197,18,179,12.053571428571429,4.017857142857143,8.035714285714286,87.94642857142857,8.035714285714286,79.91071428571429
E00119259,323,64,24,40,259,20,239,19.814241486068113,7.430340557275541,12.38390092879257,80.18575851393189,6.191950464396285,73.9938080495356
E00119260,317,45,18,27,272,18,254,14.195583596214512,5.678233438485805,8.517350157728707,85.8044164037855,5.678233438485805,80.12618296529969
E00119261,348,22,5,17,326,21,305,6.321839080459771,1.4367816091954022,4.885057471264368,93.67816091954023,6.0344827586206895,87.643678160919535
E00119263,303,42,17,25,261,17,244,13.861386138613863,5.6105610561056105,8.25082508250825,86.13861386138613,5.6105610561056105,80.52805280528052
E00119264,392,65,24,41,327,26,301,16.581632653061224,6.122448979591836,10.459183673469388,83.41836734693877,6.63265306122449,76.78571428571429
E00119265,328,49,20,29,279,24,255,14.939024390243901,6.097560975609756,8.841463414634147,85.0609756097561,7.317073170731707,77.7439024390244
E00119266,423,49,16,33,374,38,336,11.583924349881796,3.7825059101654848,7.801418439716312,88.4160756501182,8.983451536643026,79.43262411347519
E00119267,219,49,23,26,170,19,151,22.37442922374429,10.50228310502283,11.87214611872146,77.6255707762557,8.67579908675799,68.94977168949772
E00119268,597,44,14,30,553,54,499,7.370184254606365,2.3450586264656614,5.025125628140704,92.62981574539364,9.045226130653267,83.58458961474037
E00119269,309,39,10,29,270,21,249,12.62135922330097,3.2362459546925564,9.385113268608414,87.37864077669903,6.796116504854369,80.58252427184466
E00119270,302,25,4,21,277,27,250,8.27814569536424,1.3245033112582782,6.95364238410596,91.72185430463577,8.940397350993377,82.78145695364239
E00119271,280,24,8,16,256,16,240,8.571428571428571,2.857142857142857,5.714285714285714,91.42857142857143,5.714285714285714,85.71428571428571
E00119272,267,43,18,25,224,18,206,16.10486891385768,6.741573033707865,9.363295880149813,83.89513108614233,6.741573033707865,77.15355805243446
E00119273,423,28,10,18,395,42,353,6.619385342789598,2.3640661938534278,4.25531914893617,93.3806146572104,9.929078014184398,83.451536643026
E00119274,317,37,13,24,280,23,257,11.67192429022082,4.100946372239748,7.570977917981073,88.32807570977917,7.255520504731862,81.07255520504731
E00119275,379,37,12,25,342,29,313,9.762532981530343,3.16622691292876,6.596306068601583,90.23746701846966,7.651715039577836,82.58575197889182
E00119276,315,44,16,28,271,17,254,13.968253968253968,5.079365079365079,8.88888888888889,86.03174603174604,5.396825396825397,80.63492063492063
E00119277,546,60,14,46,486,47,439,10.989010989010989,2.564102564102564,8.424908424908425,89.01098901098901,8.608058608058608,80.40293040293041
E00119278,328,51,18,33,277,20,257,15.548780487804878,5.487804878048781,10.060975609756099,84.45121951219512,6.097560975609756,78.35365853658537
E00119279,223,40,18,22,183,7,176,17.937219730941703,8.071748878923767,9.865470852017937,82.0627802690583,3.1390134529147984,78.9237668161435
E00119281,360,32,9,23,328,36,292,8.88888888888889,2.5,6.388888888888888,91.11111111111111,10,81.11111111111111
E00119282,354,56,15,41,298,35,263,15.819209039548024,4.23728813559322,11.581920903954803,84.18079096045197,9.887005649717514,74.29378531073446
E00119283,259,27,5,22,232,26,206,10.424710424710424,1.9305019305019304,8.494208494208493,89.57528957528957,10.038610038610038,79.53667953667953
E00119284,257,42,16,26,215,22,193,16.342412451361866,6.22568093385214,10.116731517509727,83.65758754863813,8.560311284046692,75.09727626459144
E00119285,178,21,6,15,157,15,142,11.797752808988763,3.3707865168539324,8.426966292134832,88.20224719101124,8.426966292134832,79.7752808988764
E00119286,286,44,18,26,242,25,217,15.384615384615385,6.293706293706294,9.090909090909092,84.61538461538461,8.741258741258742,75.87412587412588
E00119287,289,33,10,23,256,22,234,11.418685121107266,3.4602076124567476,7.958477508650519,88.58131487889274,7.612456747404845,80.96885813148789
E00119288,304,27,8,19,277,26,251,8.881578947368421,2.631578947368421,6.25,91.11842105263158,8.552631578947368,82.56578947368422
E00119289,343,33,10,23,310,23,287,9.620991253644315,2.9154518950437316,6.705539358600583,90.37900874635568,6.705539358600583,83.6734693877551
E00119290,478,54,23,31,424,29,395,11.297071129707113,4.811715481171548,6.485355648535565,88.70292887029288,6.066945606694561,82.63598326359832
E00119291,325,31,14,17,294,25,269,9.538461538461538,4.3076923076923075,5.230769230769231,90.46153846153845,7.6923076923076925,82.76923076923077
E00119292,363,52,16,36,311,18,293,14.325068870523417,4.40771349862259,9.917355371900827,85.67493112947659,4.958677685950414,80.71625344352617
E00119293,264,29,10,19,235,21,214,10.984848484848484,3.787878787878788,7.196969696969697,89.01515151515152,7.954545454545454,81.06060606060606
E00119294,265,37,13,24,228,13,215,13.962264150943396,4.905660377358491,9.056603773584905,86.0377358490566,4.905660377358491,81.13207547169812
E00119295,382,28,7,21,354,40,314,7.329842931937172,1.832460732984293,5.49738219895288,92.67015706806284,10.471204188481675,82.19895287958116
E00119296,234,34,8,26,200,17,183,14.529914529914532,3.418803418803419,11.11111111111111,85.47008547008546,7.264957264957266,78.2051282051282
E00119297,335,73,25,48,262,15,247,21.791044776119403,7.462686567164178,14.328358208955224,78.2089552238806,4.477611940298507,73.73134328358208
E00119298,347,53,21,32,294,28,266,15.273775216138327,6.051873198847262,9.221902017291066,84.72622478386167,8.069164265129682,76.657060518732
E00119299,291,76,25,51,215,16,199,26.11683848797251,8.59106529209622,17.525773195876287,73.8831615120275,5.498281786941581,68.38487972508591
E00119300,310,52,20,32,258,19,239,16.7741935483871,6.451612903225806,10.32258064516129,83.22580645161291,6.129032258064516,77.09677419354838
E00119301,333,68,26,42,265,30,235,20.42042042042042,7.807807807807808,12.612612612612612,79.57957957957959,9.00900900900901,70.57057057057057
E00119302,285,27,8,19,258,16,242,9.473684210526317,2.807017543859649,6.666666666666667,90.52631578947368,5.614035087719298,84.91228070175438
E00119303,315,58,23,35,257,22,235,18.412698412698415,7.301587301587302,11.11111111111111,81.58730158730158,6.984126984126984,74.60317460317461
E00119304,361,62,22,40,299,20,279,17.174515235457065,6.094182825484765,11.080332409972298,82.82548476454294,5.540166204986149,77.28531855955679
E00119305,322,52,19,33,270,26,244,16.149068322981368,5.900621118012422,10.248447204968944,83.85093167701864,8.074534161490684,75.77639751552795
E00119306,278,75,42,33,203,16,187,26.978417266187048,15.107913669064748,11.870503597122301,73.02158273381295,5.755395683453238,67.26618705035972
E00119307,344,33,6,27,311,23,288,9.593023255813954,1.744186046511628,7.848837209302325,90.40697674418605,6.686046511627906,83.72093023255815
E00119308,310,30,5,25,280,26,254,9.67741935483871,1.6129032258064515,8.064516129032258,90.32258064516128,8.38709677419355,81.93548387096774
E00119309,276,34,9,25,242,22,220,12.318840579710146,3.260869565217391,9.057971014492754,87.68115942028986,7.971014492753622,79.71014492753623
E00119310,360,31,8,23,329,41,288,8.61111111111111,2.2222222222222223,6.388888888888888,91.38888888888889,11.38888888888889,80
E00119311,285,54,15,39,231,21,210,18.947368421052634,5.263157894736842,13.684210526315791,81.05263157894737,7.368421052631578,73.68421052631578
E00119312,249,24,6,18,225,27,198,9.63855421686747,2.4096385542168677,7.228915662650602,90.36144578313254,10.843373493975903,79.51807228915662
E00119313,307,38,17,21,269,27,242,12.37785016286645,5.537459283387622,6.840390879478828,87.62214983713355,8.794788273615636,78.82736156351791
E00119314,169,20,4,16,149,27,122,11.834319526627219,2.366863905325444,9.467455621301776,88.16568047337277,15.976331360946746,72.18934911242604
E00119315,497,57,28,29,440,30,410,11.468812877263582,5.633802816901409,5.8350100603621735,88.53118712273643,6.036217303822937,82.49496981891348
E00119316,271,45,20,25,226,23,203,16.605166051660518,7.380073800738007,9.22509225092251,83.39483394833948,8.487084870848708,74.90774907749078
E00119317,184,16,5,11,168,9,159,8.695652173913043,2.717391304347826,5.978260869565218,91.30434782608695,4.891304347826087,86.41304347826086
E00119319,320,39,15,24,281,23,258,12.1875,4.6875,7.5,87.8125,7.187499999999999,80.625
E00119320,204,18,4,14,186,8,178,8.823529411764707,1.9607843137254901,6.862745098039216,91.17647058823529,3.9215686274509802,87.25490196078431
E00119321,329,56,21,35,273,32,241,17.02127659574468,6.382978723404255,10.638297872340425,82.97872340425532,9.72644376899696,73.25227963525836
E00119322,341,63,25,38,278,20,258,18.475073313782993,7.331378299120235,11.143695014662756,81.52492668621701,5.865102639296188,75.65982404692082
E00119323,383,45,15,30,338,24,314,11.74934725848564,3.91644908616188,7.83289817232376,88.25065274151436,6.266318537859007,81.98433420365535
E00119324,366,60,24,36,306,28,278,16.39344262295082,6.557377049180328,9.836065573770492,83.60655737704919,7.650273224043716,75.95628415300546
E00119325,371,69,45,24,302,31,271,18.598382749326145,12.129380053908356,6.46900269541779,81.40161725067385,8.355795148247978,73.04582210242587
E00119326,289,48,15,33,241,19,222,16.608996539792386,5.190311418685121,11.418685121107266,83.39100346020761,6.5743944636678195,76.8166089965398
E00119327,268,29,14,15,239,23,216,10.820895522388058,5.223880597014925,5.597014925373134,89.17910447761194,8.582089552238806,80.59701492537313
E00119328,332,37,13,24,295,30,265,11.144578313253012,3.91566265060241,7.228915662650602,88.85542168674698,9.036144578313253,79.81927710843374
E00119329,525,74,32,42,451,43,408,14.095238095238095,6.095238095238095,8,85.90476190476191,8.190476190476192,77.71428571428571
E00119330,319,48,20,28,271,19,252,15.047021943573668,6.269592476489027,8.77742946708464,84.95297805642633,5.956112852664576,78.99686520376176
E00119331,464,48,19,29,416,42,374,10.344827586206897,4.094827586206897,6.25,89.65517241379311,9.051724137931034,80.60344827586206
E00119332,408,48,16,32,360,36,324,11.76470588235294,3.9215686274509802,7.8431372549019605,88.23529411764706,8.823529411764707,79.41176470588235
E00119333,195,16,7,9,179,10,169,8.205128205128204,3.5897435897435894,4.615384615384616,91.7948717948718,5.128205128205128,86.66666666666667
E00119334,238,29,10,19,209,17,192,12.184873949579831,4.201680672268908,7.9831932773109235,87.81512605042016,7.142857142857142,80.67226890756302
E00119335,241,37,10,27,204,24,180,15.352697095435685,4.149377593360995,11.20331950207469,84.64730290456431,9.95850622406639,74.68879668049793
E00119336,159,37,12,25,122,7,115,23.270440251572328,7.547169811320755,15.723270440251572,76.72955974842768,4.40251572327044,72.32704402515722
E00119338,359,92,42,50,267,25,242,25.62674094707521,11.699164345403899,13.92757660167131,74.3732590529248,6.963788300835655,67.40947075208913
E00119339,314,39,9,30,275,20,255,12.420382165605096,2.8662420382165608,9.554140127388536,87.57961783439491,6.369426751592357,81.21019108280255
E00119340,285,61,24,37,224,31,193,21.403508771929825,8.421052631578947,12.982456140350877,78.59649122807018,10.87719298245614,67.71929824561404
E00119341,368,45,13,32,323,29,294,12.228260869565217,3.532608695652174,8.695652173913043,87.77173913043478,7.880434782608696,79.8913043478261
E00119342,290,39,10,29,251,27,224,13.448275862068964,3.4482758620689653,10,86.55172413793103,9.310344827586208,77.24137931034483
E00119343,498,61,18,43,437,26,411,12.248995983935743,3.614457831325301,8.634538152610443,87.75100401606426,5.220883534136546,82.53012048192771
E00119344,401,89,34,55,312,18,294,22.194513715710723,8.478802992518704,13.715710723192021,77.80548628428927,4.488778054862843,73.31670822942642
E00119345,359,50,13,37,309,24,285,13.92757660167131,3.6211699164345403,10.30640668523677,86.0724233983287,6.685236768802229,79.38718662952647
E00119346,357,71,31,40,286,28,258,19.88795518207283,8.683473389355742,11.204481792717088,80.11204481792717,7.8431372549019605,72.26890756302521
E00119347,515,165,102,63,350,42,308,32.038834951456316,19.80582524271845,12.233009708737864,67.96116504854369,8.155339805825243,59.80582524271845
E00119348,407,31,12,19,376,29,347,7.616707616707617,2.9484029484029484,4.668304668304668,92.38329238329239,7.125307125307126,85.25798525798525
E00119349,354,36,10,26,318,26,292,10.16949152542373,2.824858757062147,7.344632768361582,89.83050847457628,7.344632768361582,82.485875706214685
E00119350,206,52,25,27,154,18,136,25.24271844660194,12.135922330097088,13.106796116504855,74.75728155339806,8.737864077669903,66.01941747572816
E00119352,323,42,12,30,281,23,258,13.003095975232199,3.7151702786377707,9.287925696594428,86.9969040247678,7.120743034055728,79.87616099071208
E00119353,453,47,11,36,406,37,369,10.375275938189846,2.4282560706401766,7.9470198675496695,89.62472406181016,8.167770419426049,81.45695364238411
E00119354,279,53,16,37,226,13,213,18.996415770609318,5.734767025089606,13.261648745519713,81.00358422939068,4.659498207885305,76.34408602150538
E00119355,353,51,14,37,302,22,280,14.44759206798867,3.9660056657223794,10.48158640226629,85.55240793201133,6.232294617563739,79.3201133144476
E00119356,341,64,21,43,277,25,252,18.7683284457478,6.158357771260997,12.609970674486803,81.23167155425219,7.331378299120235,73.90029325513197
E00119357,296,59,21,38,237,16,221,19.93243243243243,7.094594594594595,12.837837837837837,80.06756756756756,5.405405405405405,74.66216216216216
E00119358,296,55,30,25,241,20,221,18.58108108108108,10.135135135135135,8.445945945945946,81.41891891891892,6.756756756756757,74.66216216216216
E00119359,316,89,60,29,227,14,213,28.164556962025316,18.9873417721519,9.177215189873419,71.83544303797468,4.430379746835443,67.40506329113924
E00119360,353,47,22,25,306,24,282,13.314447592067987,6.232294617563739,7.0821529745042495,86.68555240793201,6.79886685552408,79.88668555240793
E00119361,280,24,7,17,256,22,234,8.571428571428571,2.5,6.071428571428571,91.42857142857143,7.857142857142857,83.57142857142857
E00119362,315,36,12,24,279,21,258,11.428571428571429,3.8095238095238098,7.6190476190476195,88.57142857142857,6.666666666666667,81.9047619047619
E00119363,375,47,17,30,328,47,281,12.533333333333333,4.533333333333333,8,87.46666666666667,12.533333333333333,74.93333333333332
E00119364,304,47,20,27,257,30,227,15.460526315789474,6.578947368421052,8.881578947368421,84.53947368421053,9.868421052631579,74.67105263157895
E00119365,320,38,20,18,282,23,259,11.875,6.25,5.625,88.125,7.187499999999999,80.9375
E00119367,328,47,15,32,281,25,256,14.329268292682926,4.573170731707317,9.75609756097561,85.67073170731707,7.621951219512195,78.04878048780488
E00119368,322,49,16,33,273,22,251,15.217391304347828,4.968944099378882,10.248447204968944,84.78260869565217,6.832298136645963,77.95031055900621
E00119369,324,35,11,24,289,26,263,10.802469135802468,3.3950617283950617,7.4074074074074066,89.19753086419753,8.024691358024691,81.17283950617285
E00119370,344,43,15,28,301,32,269,12.5,4.3604651162790695,8.13953488372093,87.5,9.30232558139535,78.19767441860465
E00119371,318,49,13,36,269,23,246,15.40880503144654,4.088050314465408,11.320754716981133,84.59119496855347,7.232704402515723,77.35849056603774
E00119372,382,72,29,43,310,17,293,18.848167539267017,7.591623036649215,11.2565445026178,81.15183246073299,4.450261780104712,76.70157068062828
E00119373,344,45,18,27,299,25,274,13.08139534883721,5.232558139534884,7.848837209302325,86.9186046511628,7.267441860465117,79.65116279069767
E00119374,358,52,21,31,306,26,280,14.52513966480447,5.865921787709497,8.659217877094973,85.47486033519553,7.262569832402235,78.2122905027933
E00119375,289,28,3,25,261,27,234,9.688581314878892,1.0380622837370241,8.650519031141869,90.3114186851211,9.342560553633218,80.96885813148789
E00119376,354,44,14,30,310,29,281,12.429378531073446,3.954802259887006,8.47457627118644,87.57062146892656,8.192090395480225,79.37853107344633
E00119377,426,76,33,43,350,32,318,17.84037558685446,7.746478873239436,10.093896713615024,82.15962441314554,7.511737089201878,74.64788732394366
E00119378,256,35,11,24,221,24,197,13.671875,4.296875,9.375,86.328125,9.375,76.953125
E00119379,338,36,12,24,302,24,278,10.650887573964498,3.5502958579881656,7.100591715976331,89.3491124260355,7.100591715976331,82.24852071005917
E00119380,279,45,6,39,234,24,210,16.129032258064516,2.1505376344086025,13.978494623655912,83.87096774193549,8.60215053763441,75.26881720430107
E00119381,330,36,4,32,294,21,273,10.909090909090908,1.2121212121212122,9.696969696969697,89.0909090909091,6.363636363636363,82.72727272727273
E00119382,333,44,14,30,289,26,263,13.213213213213212,4.2042042042042045,9.00900900900901,86.78678678678679,7.807807807807808,78.97897897897897
E00119383,333,49,15,34,284,30,254,14.714714714714713,4.504504504504505,10.21021021021021,85.28528528528528,9.00900900900901,76.27627627627628
E00119384,232,42,16,26,190,22,168,18.103448275862068,6.896551724137931,11.206896551724139,81.89655172413794,9.482758620689655,72.41379310344827
E00119385,308,32,11,21,276,30,246,10.38961038961039,3.571428571428571,6.8181818181818175,89.6103896103896,9.740259740259742,79.87012987012987
E00119386,321,36,8,28,285,24,261,11.214953271028037,2.4922118380062304,8.722741433021806,88.78504672897196,7.476635514018691,81.30841121495327
E00119387,546,81,26,55,465,35,430,14.835164835164836,4.761904761904762,10.073260073260073,85.16483516483517,6.41025641025641,78.75457875457876
E00119388,264,73,29,44,191,21,170,27.65151515151515,10.984848484848484,16.666666666666664,72.34848484848484,7.954545454545454,64.39393939393939
E00119389,335,72,41,31,263,21,242,21.492537313432834,12.238805970149254,9.253731343283581,78.50746268656717,6.26865671641791,72.23880597014926
E00119390,272,31,9,22,241,24,217,11.397058823529411,3.308823529411765,8.088235294117647,88.60294117647058,8.823529411764707,79.77941176470588
E00119391,303,47,20,27,256,19,237,15.51155115511551,6.6006600660066,8.91089108910891,84.48844884488449,6.270627062706271,78.21782178217822
E00119393,445,69,28,41,376,28,348,15.505617977528091,6.292134831460674,9.213483146067416,84.49438202247191,6.292134831460674,78.20224719101122
E00119394,409,47,14,33,362,25,337,11.491442542787286,3.4229828850855744,8.06845965770171,88.50855745721272,6.112469437652812,82.3960880195599
E00119395,247,33,13,20,214,20,194,13.360323886639677,5.263157894736842,8.097165991902834,86.63967611336032,8.097165991902834,78.54251012145748
E00119396,323,27,4,23,296,29,267,8.359133126934983,1.238390092879257,7.120743034055728,91.64086687306502,8.978328173374612,82.6625386996904
E00119397,404,51,17,34,353,24,329,12.623762376237623,4.207920792079208,8.415841584158416,87.37623762376238,5.9405940594059405,81.43564356435643
E00119398,319,31,10,21,288,12,276,9.717868338557993,3.1347962382445136,6.583072100313479,90.28213166144201,3.761755485893417,86.52037617554859
E00119399,373,57,11,46,316,32,284,15.281501340482572,2.949061662198391,12.332439678284182,84.71849865951742,8.579088471849866,76.13941018766755
E00119400,354,54,26,28,300,21,279,15.254237288135593,7.344632768361582,7.909604519774012,84.7457627118644,5.932203389830509,78.8135593220339
E00119401,367,48,10,38,319,29,290,13.079019073569482,2.7247956403269753,10.354223433242508,86.92098092643052,7.901907356948229,79.01907356948229
E00119402,480,65,16,49,415,40,375,13.541666666666666,3.3333333333333335,10.208333333333334,86.45833333333334,8.333333333333332,78.125
E00119403,410,41,17,24,369,38,331,10,4.146341463414634,5.853658536585367,90,9.268292682926829,80.73170731707317
E00119404,325,32,17,15,293,22,271,9.846153846153847,5.230769230769231,4.615384615384616,90.15384615384615,6.769230769230769,83.38461538461537
E00119405,300,37,10,27,263,15,248,12.333333333333334,3.3333333333333335,9,87.66666666666667,5,82.66666666666667
E00119406,279,34,10,24,245,27,218,12.186379928315413,3.584229390681003,8.60215053763441,87.81362007168458,9.67741935483871,78.13620071684588
E00119407,378,37,13,24,341,22,319,9.788359788359788,3.439153439153439,6.349206349206349,90.21164021164022,5.82010582010582,84.39153439153439
E00119409,237,41,15,26,196,6,190,17.29957805907173,6.329113924050633,10.970464135021098,82.70042194092827,2.5316455696202533,80.16877637130801
E00119410,418,45,12,33,373,30,343,10.76555023923445,2.8708133971291865,7.894736842105263,89.23444976076556,7.177033492822966,82.05741626794259
E00119411,328,43,12,31,285,23,262,13.109756097560975,3.6585365853658534,9.451219512195122,86.89024390243902,7.01219512195122,79.8780487804878
E00119412,455,51,11,40,404,41,363,11.20879120879121,2.417582417582418,8.791208791208792,88.79120879120879,9.010989010989011,79.78021978021978
E00119413,423,46,10,36,377,26,351,10.874704491725769,2.3640661938534278,8.51063829787234,89.12529550827422,6.1465721040189125,82.97872340425532
E00119415,178,58,29,29,120,14,106,32.58426966292135,16.292134831460675,16.292134831460675,67.41573033707866,7.865168539325842,59.55056179775281
E00119416,382,63,27,36,319,29,290,16.49214659685864,7.068062827225131,9.424083769633508,83.50785340314137,7.591623036649215,75.91623036649214
E00119417,328,31,10,21,297,21,276,9.451219512195122,3.048780487804878,6.402439024390244,90.54878048780488,6.402439024390244,84.14634146341463
E00119418,360,62,24,38,298,28,270,17.22222222222222,6.666666666666667,10.555555555555555,82.77777777777777,7.777777777777778,75
E00119419,244,18,1,17,226,21,205,7.377049180327869,0.4098360655737705,6.967213114754098,92.62295081967213,8.60655737704918,84.01639344262296
E00119420,284,49,24,25,235,21,214,17.253521126760564,8.450704225352112,8.80281690140845,82.74647887323944,7.394366197183098,75.35211267605634
E00119421,370,80,50,30,290,33,257,21.62162162162162,13.513513513513514,8.108108108108109,78.37837837837837,8.91891891891892,69.45945945945947
E00119422,310,36,12,24,274,26,248,11.612903225806452,3.870967741935484,7.741935483870968,88.38709677419355,8.38709677419355,80
E00119423,476,114,67,47,362,37,325,23.949579831932773,14.07563025210084,9.873949579831933,76.05042016806722,7.773109243697479,68.27731092436974
E00119424,320,43,12,31,277,32,245,13.4375,3.75,9.6875,86.5625,10,76.5625
E00119425,261,54,24,30,207,19,188,20.689655172413794,9.195402298850574,11.494252873563218,79.3103448275862,7.2796934865900385,72.03065134099617
E00119426,300,26,7,19,274,22,252,8.666666666666668,2.3333333333333335,6.333333333333334,91.33333333333333,7.333333333333333,84
E00119427,536,86,37,49,450,40,410,16.044776119402986,6.902985074626866,9.14179104477612,83.95522388059702,7.462686567164178,76.49253731343283
E00119428,408,65,18,47,343,27,316,15.931372549019606,4.411764705882353,11.519607843137255,84.06862745098039,6.61764705882353,77.45098039215686
E00119429,344,38,6,32,306,22,284,11.046511627906977,1.744186046511628,9.30232558139535,88.95348837209302,6.395348837209303,82.55813953488372
E00119430,327,44,15,29,283,20,263,13.455657492354739,4.587155963302752,8.868501529051988,86.54434250764525,6.116207951070336,80.42813455657493
E00119431,256,35,7,28,221,19,202,13.671875,2.734375,10.9375,86.328125,7.421875,78.90625
E00119432,293,42,22,20,251,24,227,14.334470989761092,7.508532423208192,6.825938566552901,85.6655290102389,8.19112627986348,77.47440273037543
E00119433,303,58,25,33,245,24,221,19.141914191419144,8.25082508250825,10.891089108910892,80.85808580858085,7.920792079207921,72.93729372937293
E00119434,224,47,15,32,177,20,157,20.982142857142858,6.696428571428571,14.285714285714285,79.01785714285714,8.928571428571429,70.08928571428571
E00119435,391,55,14,41,336,33,303,14.066496163682865,3.580562659846547,10.485933503836318,85.93350383631714,8.439897698209718,77.49360613810742
E00119436,311,51,11,40,260,17,243,16.39871382636656,3.536977491961415,12.861736334405144,83.60128617363344,5.466237942122187,78.13504823151125
E00119437,309,41,13,28,268,26,242,13.268608414239482,4.207119741100324,9.06148867313916,86.73139158576052,8.414239482200648,78.31715210355988
E00119438,277,28,1,27,249,39,210,10.108303249097473,0.36101083032490977,9.747292418772563,89.89169675090253,14.079422382671481,75.81227436823104
E00119439,260,28,13,15,232,21,211,10.76923076923077,5,5.769230769230769,89.23076923076924,8.076923076923077,81.15384615384616
E00119440,192,28,12,16,164,14,150,14.583333333333334,6.25,8.333333333333332,85.41666666666666,7.291666666666667,78.125
E00119441,246,35,13,22,211,14,197,14.227642276422763,5.284552845528456,8.94308943089431,85.77235772357723,5.691056910569105,80.08130081300813
E00119442,312,34,12,22,278,19,259,10.897435897435898,3.8461538461538463,7.051282051282051,89.1025641025641,6.089743589743589,83.01282051282051
E00119443,269,41,13,28,228,22,206,15.241635687732341,4.83271375464684,10.408921933085502,84.75836431226766,8.178438661710038,76.57992565055763
E00119444,305,41,14,27,264,24,240,13.442622950819672,4.590163934426229,8.852459016393443,86.55737704918033,7.868852459016394,78.68852459016394
E00119445,314,28,8,20,286,23,263,8.9171974522293,2.547770700636943,6.369426751592357,91.0828025477707,7.32484076433121,83.7579617834395
E00119446,241,32,9,23,209,25,184,13.278008298755188,3.7344398340248963,9.54356846473029,86.72199170124482,10.37344398340249,76.34854771784232
E00119447,333,53,12,41,280,25,255,15.915915915915916,3.6036036036036037,12.312312312312311,84.08408408408408,7.5075075075075075,76.57657657657657
E00119448,324,50,20,30,274,19,255,15.432098765432098,6.172839506172839,9.25925925925926,84.5679012345679,5.864197530864197,78.70370370370371
E00119449,351,27,6,21,324,20,304,7.6923076923076925,1.7094017094017095,5.982905982905983,92.3076923076923,5.698005698005698,86.6096866096866
E00119450,496,61,20,41,435,30,405,12.298387096774194,4.032258064516129,8.266129032258064,87.70161290322581,6.048387096774194,81.65322580645162
E00119451,262,48,22,26,214,17,197,18.3206106870229,8.396946564885496,9.923664122137405,81.67938931297711,6.488549618320611,75.19083969465649
E00119452,266,38,15,23,228,17,211,14.285714285714285,5.639097744360902,8.646616541353383,85.71428571428571,6.390977443609022,79.32330827067669
E00119453,384,50,11,39,334,34,300,13.020833333333334,2.864583333333333,10.15625,86.97916666666666,8.854166666666668,78.125
E00119454,347,54,18,36,293,29,264,15.561959654178676,5.187319884726225,10.37463976945245,84.43804034582134,8.357348703170029,76.0806916426513
E00119455,235,33,12,21,202,29,173,14.042553191489363,5.106382978723404,8.936170212765958,85.95744680851064,12.340425531914894,73.61702127659574
E00119456,296,36,9,27,260,22,238,12.162162162162163,3.040540540540541,9.121621621621621,87.83783783783784,7.4324324324324325,80.4054054054054
E00119457,394,53,13,40,341,30,311,13.451776649746192,3.2994923857868024,10.152284263959391,86.5482233502538,7.614213197969544,78.93401015228426
E00119459,258,41,20,21,217,17,200,15.891472868217054,7.751937984496124,8.13953488372093,84.10852713178295,6.5891472868217065,77.51937984496125
E00119460,302,59,20,39,243,9,234,19.5364238410596,6.622516556291391,12.91390728476821,80.4635761589404,2.980132450331126,77.48344370860927
E00119461,289,55,16,39,234,13,221,19.031141868512112,5.536332179930796,13.494809688581316,80.96885813148789,4.498269896193772,76.47058823529412
E00119462,344,42,12,30,302,32,270,12.209302325581394,3.488372093023256,8.720930232558139,87.79069767441861,9.30232558139535,78.48837209302324
E00119463,346,78,31,47,268,22,246,22.54335260115607,8.959537572254336,13.583815028901732,77.45664739884393,6.358381502890173,71.09826589595376
E00119464,403,65,31,34,338,30,308,16.129032258064516,7.6923076923076925,8.436724565756824,83.87096774193549,7.444168734491314,76.42679900744417
E00119465,401,43,14,29,358,29,329,10.723192019950124,3.4912718204488775,7.231920199501247,89.27680798004988,7.231920199501247,82.04488778054862
E00119466,339,56,23,33,283,26,257,16.519174041297934,6.784660766961652,9.734513274336283,83.48082595870207,7.669616519174041,75.81120943952803
E00119467,367,68,19,49,299,23,276,18.52861035422343,5.177111716621254,13.35149863760218,81.47138964577657,6.267029972752043,75.20435967302453
E00119468,345,30,11,19,315,19,296,8.695652173913043,3.1884057971014492,5.507246376811594,91.30434782608695,5.507246376811594,85.79710144927536
E00119469,305,52,19,33,253,16,237,17.04918032786885,6.229508196721312,10.819672131147541,82.95081967213115,5.245901639344262,77.70491803278688
E00119471,380,46,12,34,334,39,295,12.105263157894736,3.1578947368421053,8.947368421052632,87.89473684210526,10.263157894736842,77.63157894736842
E00119472,332,39,11,28,293,33,260,11.74698795180723,3.313253012048193,8.433734939759036,88.25301204819277,9.939759036144578,78.3132530120482
E00119473,288,51,19,32,237,20,217,17.708333333333336,6.597222222222222,11.11111111111111,82.29166666666666,6.944444444444445,75.34722222222221
E00119474,324,54,21,33,270,25,245,16.666666666666664,6.481481481481481,10.185185185185185,83.33333333333334,7.716049382716049,75.61728395061729
E00119475,339,52,14,38,287,30,257,15.339233038348082,4.129793510324483,11.209439528023598,84.66076696165192,8.849557522123893,75.81120943952803
E00168897,256,19,7,12,237,10,227,7.421875,2.734375,4.6875,92.578125,3.90625,88.671875
E00168898,176,23,8,15,153,13,140,13.068181818181818,4.545454545454546,8.522727272727272,86.93181818181817,7.386363636363637,79.54545454545455
E00168900,209,14,4,10,195,9,186,6.698564593301436,1.9138755980861244,4.784688995215311,93.30143540669856,4.30622009569378,88.99521531100478
E00168901,255,43,17,26,212,19,193,16.862745098039216,6.666666666666667,10.196078431372548,83.13725490196079,7.450980392156863,75.68627450980392
E00169427,182,17,1,16,165,17,148,9.340659340659341,0.5494505494505495,8.791208791208792,90.65934065934066,9.340659340659341,81.31868131868131
E00169429,314,24,8,16,290,34,256,7.643312101910828,2.547770700636943,5.095541401273886,92.35668789808918,10.828025477707007,81.52866242038218
E00169430,277,39,10,29,238,24,214,14.079422382671481,3.6101083032490973,10.469314079422382,85.92057761732852,8.664259927797833,77.25631768953069
E00169432,190,18,3,15,172,10,162,9.473684210526317,1.5789473684210527,7.894736842105263,90.52631578947368,5.263157894736842,85.26315789473684
E00169435,276,31,10,21,245,25,220,11.231884057971014,3.6231884057971016,7.608695652173914,88.76811594202898,9.057971014492754,79.71014492753623
E00169436,131,19,10,9,112,10,102,14.50381679389313,7.633587786259542,6.870229007633588,85.49618320610686,7.633587786259542,77.86259541984732
E00169438,151,28,12,16,123,14,109,18.543046357615893,7.9470198675496695,10.596026490066226,81.45695364238411,9.271523178807946,72.18543046357617
E00169439,182,19,8,11,163,16,147,10.43956043956044,4.395604395604396,6.043956043956044,89.56043956043956,8.791208791208792,80.76923076923077
E00169441,284,38,9,29,246,33,213,13.380281690140844,3.169014084507042,10.211267605633804,86.61971830985915,11.619718309859154,75
E00169443,136,18,4,14,118,12,106,13.23529411764706,2.941176470588235,10.294117647058822,86.76470588235294,8.823529411764707,77.94117647058823
E00169731,311,43,15,28,268,16,252,13.826366559485532,4.823151125401929,9.003215434083602,86.17363344051448,5.144694533762058,81.02893890675242
E00169732,358,49,20,29,309,23,286,13.687150837988826,5.58659217877095,8.100558659217876,86.31284916201118,6.424581005586592,79.88826815642457
E00169733,226,28,6,22,198,19,179,12.389380530973451,2.6548672566371683,9.734513274336283,87.61061946902655,8.4070796460177,79.20353982300885
E00169734,430,54,19,35,376,21,355,12.558139534883722,4.4186046511627906,8.13953488372093,87.44186046511628,4.883720930232558,82.55813953488372
E00169735,294,103,85,18,191,12,179,35.034013605442176,28.91156462585034,6.122448979591836,64.96598639455783,4.081632653061225,60.8843537414966
E00169736,139,17,9,8,122,16,106,12.23021582733813,6.474820143884892,5.755395683453238,87.76978417266187,11.510791366906476,76.2589928057554
E00169737,333,39,14,25,294,18,276,11.711711711711711,4.2042042042042045,7.5075075075075075,88.28828828828829,5.405405405405405,82.88288288288288
E00190219,815,88,31,57,727,41,686,10.797546012269938,3.8036809815950923,6.993865030674846,89.20245398773005,5.030674846625767,84.1717791411043
E00190220,203,19,10,9,184,12,172,9.35960591133005,4.926108374384237,4.433497536945813,90.64039408866995,5.911330049261084,84.72906403940887
E00190223,308,34,14,20,274,21,253,11.03896103896104,4.545454545454546,6.493506493506493,88.96103896103897,6.8181818181818175,82.14285714285714
E00190224,361,61,37,24,300,11,289,16.897506925207757,10.249307479224377,6.64819944598338,83.10249307479224,3.0470914127423825,80.05540166204986
E00190231,302,23,10,13,279,18,261,7.6158940397351,3.3112582781456954,4.304635761589404,92.3841059602649,5.960264900662252,86.42384105960265
E00190242,336,44,14,30,292,20,272,13.095238095238097,4.166666666666666,8.928571428571429,86.90476190476191,5.952380952380952,80.95238095238095
E00190243,325,25,5,20,300,22,278,7.6923076923076925,1.5384615384615385,6.153846153846154,92.3076923076923,6.769230769230769,85.53846153846155
E00190246,155,46,23,23,109,10,99,29.677419354838708,14.838709677419354,14.838709677419354,70.3225806451613,6.451612903225806,63.87096774193548
E00190247,258,24,13,11,234,24,210,9.30232558139535,5.038759689922481,4.263565891472868,90.69767441860465,9.30232558139535,81.3953488372093
E00190250,302,34,11,23,268,20,248,11.258278145695364,3.642384105960265,7.6158940397351,88.74172185430463,6.622516556291391,82.11920529801324
E00190252,264,28,7,21,236,27,209,10.606060606060606,2.6515151515151514,7.954545454545454,89.39393939393939,10.227272727272728,79.16666666666666
E00190253,335,59,32,27,276,14,262,17.611940298507463,9.55223880597015,8.059701492537313,82.38805970149254,4.179104477611941,78.2089552238806
E00190258,330,31,6,25,299,18,281,9.393939393939393,1.8181818181818181,7.575757575757576,90.6060606060606,5.454545454545454,85.15151515151516
E00190259,340,56,17,39,284,26,258,16.470588235294116,5,11.470588235294118,83.52941176470588,7.647058823529412,75.88235294117646
E00190261,354,41,17,24,313,30,283,11.581920903954803,4.80225988700565,6.779661016949152,88.4180790960452,8.47457627118644,79.94350282485875
E00190268,365,43,10,33,322,31,291,11.78082191780822,2.73972602739726,9.04109589041096,88.21917808219179,8.493150684931507,79.72602739726027
E00190278,319,33,8,25,286,34,252,10.344827586206897,2.507836990595611,7.836990595611286,89.65517241379311,10.658307210031348,78.99686520376176
E00190279,356,35,10,25,321,22,299,9.831460674157304,2.8089887640449436,7.02247191011236,90.1685393258427,6.179775280898876,83.98876404494382
E00190281,232,24,7,17,208,19,189,10.344827586206897,3.0172413793103448,7.327586206896551,89.65517241379311,8.189655172413794,81.46551724137932
E00190282,305,31,10,21,274,21,253,10.163934426229508,3.278688524590164,6.885245901639345,89.8360655737705,6.885245901639345,82.95081967213115
E00190283,267,32,6,26,235,26,209,11.985018726591761,2.247191011235955,9.737827715355806,88.01498127340824,9.737827715355806,78.27715355805243
E00190284,298,27,11,16,271,20,251,9.060402684563758,3.691275167785235,5.369127516778524,90.93959731543623,6.7114093959731544,84.22818791946308
E00190285,353,24,13,11,329,25,304,6.79886685552408,3.6827195467422094,3.1161473087818696,93.20113314447592,7.0821529745042495,86.11898016997166
E00190286,269,30,3,27,239,20,219,11.152416356877323,1.1152416356877324,10.037174721189592,88.84758364312268,7.434944237918216,81.41263940520446
E00190291,107,34,17,17,73,6,67,31.775700934579437,15.887850467289718,15.887850467289718,68.22429906542055,5.607476635514018,62.616822429906534
E00190292,364,33,6,27,331,29,302,9.065934065934066,1.6483516483516485,7.417582417582418,90.93406593406593,7.967032967032966,82.96703296703298
E00190293,301,36,10,26,265,24,241,11.960132890365449,3.322259136212625,8.637873754152823,88.03986710963456,7.973421926910299,80.06644518272425
E00190296,295,32,11,21,263,22,241,10.847457627118644,3.728813559322034,7.118644067796611,89.15254237288136,7.457627118644068,81.69491525423729
E00190300,357,42,11,31,315,26,289,11.76470588235294,3.081232492997199,8.683473389355742,88.23529411764706,7.282913165266107,80.95238095238095
E00190302,354,33,7,26,321,18,303,9.322033898305085,1.977401129943503,7.344632768361582,90.67796610169492,5.084745762711865,85.59322033898306
E00190303,313,37,11,26,276,19,257,11.821086261980831,3.5143769968051117,8.30670926517572,88.17891373801918,6.070287539936102,82.10862619808307
E00190307,231,24,5,19,207,24,183,10.38961038961039,2.1645021645021645,8.225108225108226,89.6103896103896,10.38961038961039,79.22077922077922
E00190308,278,38,10,28,240,24,216,13.66906474820144,3.5971223021582732,10.071942446043165,86.33093525179856,8.633093525179856,77.6978417266187
E00190309,300,70,35,35,230,20,210,23.333333333333332,11.666666666666666,11.666666666666666,76.66666666666667,6.666666666666667,70
E00190310,376,46,16,30,330,37,293,12.23404255319149,4.25531914893617,7.9787234042553195,87.7659574468085,9.840425531914894,77.92553191489363
E00190311,290,20,7,13,270,9,261,6.896551724137931,2.413793103448276,4.482758620689655,93.10344827586206,3.103448275862069,90
E00190315,373,22,7,15,351,19,332,5.898123324396782,1.876675603217158,4.021447721179625,94.10187667560321,5.093833780160858,89.00804289544236
E00190316,315,32,7,25,283,17,266,10.158730158730158,2.2222222222222223,7.936507936507936,89.84126984126985,5.396825396825397,84.44444444444444
E00190327,221,36,16,20,185,24,161,16.289592760180994,7.239819004524888,9.049773755656108,83.710407239819,10.85972850678733,72.85067873303167
E00190328,165,19,5,14,146,10,136,11.515151515151516,3.0303030303030303,8.484848484848486,88.48484848484848,6.0606060606060606,82.42424242424242
E00190330,329,22,8,14,307,15,292,6.68693009118541,2.43161094224924,4.25531914893617,93.3130699088146,4.5592705167173255,88.75379939209726
E00190331,192,53,29,24,139,13,126,27.604166666666668,15.104166666666666,12.5,72.39583333333334,6.770833333333333,65.625
E00190333,214,19,3,16,195,19,176,8.878504672897195,1.4018691588785046,7.476635514018691,91.1214953271028,8.878504672897195,82.2429906542056
E00190335,423,28,8,20,395,24,371,6.619385342789598,1.8912529550827424,4.7281323877068555,93.3806146572104,5.673758865248227,87.70685579196218
E00190341,179,14,4,10,165,9,156,7.82122905027933,2.2346368715083798,5.58659217877095,92.17877094972067,5.027932960893855,87.15083798882681
E00190342,198,35,9,26,163,15,148,17.67676767676768,4.545454545454546,13.131313131313133,82.32323232323232,7.575757575757576,74.74747474747475
E00190343,318,26,10,16,292,19,273,8.176100628930817,3.1446540880503147,5.031446540880504,91.82389937106919,5.9748427672955975,85.84905660377359
E00190344,314,34,11,23,280,19,261,10.828025477707007,3.5031847133757963,7.32484076433121,89.171974522293,6.050955414012739,83.12101910828027
E00190347,124,11,6,5,113,6,107,8.870967741935484,4.838709677419355,4.032258064516129,91.12903225806451,4.838709677419355,86.29032258064517
