OA,ts0590001,ts0590002,ts0590003,ts0590004,ts0590005,ts0590006,ts0590007,ts0590002_PCT,ts0590003_PCT,ts0590004_PCT,ts0590005_PCT,ts0590006_PCT,ts0590007_PCT
E00119054,144,49,22,27,95,80,15,34.02777777777778,15.277777777777779,18.75,65.97222222222221,55.55555555555556,10.416666666666668
E00119055,161,43,20,23,118,77,41,26.70807453416149,12.422360248447205,14.285714285714285,73.29192546583852,47.82608695652174,25.465838509316768
E00119056,210,65,28,37,145,118,27,30.952380952380953,13.333333333333334,17.61904761904762,69.04761904761905,56.19047619047619,12.857142857142856
E00119057,200,53,26,27,147,117,30,26.5,13,13.5,73.5,58.5,15
E00119058,169,55,23,32,114,91,23,32.544378698224854,13.609467455621301,18.93491124260355,67.45562130177515,53.84615384615385,13.609467455621301
E00119059,206,66,26,40,140,124,16,32.038834951456316,12.62135922330097,19.41747572815534,67.96116504854369,60.19417475728155,7.766990291262135
E00119060,123,48,16,32,75,62,13,39.02439024390244,13.008130081300814,26.01626016260163,60.97560975609756,50.40650406504065,10.569105691056912
E00119061,210,56,21,35,154,117,37,26.666666666666668,10,16.666666666666664,73.33333333333333,55.714285714285715,17.61904761904762
E00119062,163,56,20,36,107,84,23,34.355828220858896,12.269938650306749,22.085889570552148,65.6441717791411,51.533742331288344,14.11042944785276
E00119063,145,62,24,38,83,61,22,42.758620689655174,16.551724137931036,26.20689655172414,57.24137931034483,42.06896551724138,15.172413793103448
E00119064,170,46,18,28,124,99,25,27.058823529411764,10.588235294117647,16.470588235294116,72.94117647058823,58.235294117647065,14.705882352941178
E00119065,210,56,30,26,154,130,24,26.666666666666668,14.285714285714285,12.380952380952381,73.33333333333333,61.904761904761905,11.428571428571429
E00119066,158,60,29,31,98,79,19,37.9746835443038,18.354430379746837,19.62025316455696,62.0253164556962,50,12.025316455696203
E00119067,145,41,19,22,104,75,29,28.27586206896552,13.10344827586207,15.172413793103448,71.72413793103448,51.724137931034484,20
E00119068,154,40,14,26,114,95,19,25.97402597402597,9.090909090909092,16.883116883116884,74.02597402597402,61.68831168831169,12.337662337662337
E00119069,183,60,33,27,123,99,24,32.78688524590164,18.0327868852459,14.754098360655737,67.21311475409836,54.09836065573771,13.114754098360656
E00119070,280,85,37,48,195,161,34,30.357142857142854,13.214285714285715,17.142857142857142,69.64285714285714,57.49999999999999,12.142857142857142
E00119071,195,57,32,25,138,114,24,29.230769230769234,16.41025641025641,12.82051282051282,70.76923076923077,58.46153846153847,12.307692307692308
E00119073,318,77,22,55,241,189,52,24.21383647798742,6.918238993710692,17.29559748427673,75.78616352201259,59.43396226415094,16.352201257861633
E00119074,135,42,18,24,93,82,11,31.11111111111111,13.333333333333334,17.77777777777778,68.88888888888889,60.74074074074074,8.148148148148149
E00119075,178,54,15,39,124,104,20,30.337078651685395,8.426966292134832,21.910112359550563,69.66292134831461,58.42696629213483,11.235955056179774
E00119076,136,45,15,30,91,81,10,33.088235294117645,11.029411764705882,22.058823529411764,66.91176470588235,59.55882352941176,7.352941176470589
E00119077,171,42,22,20,129,96,33,24.561403508771928,12.865497076023392,11.695906432748536,75.43859649122807,56.14035087719298,19.298245614035086
E00119078,204,55,15,40,149,121,28,26.96078431372549,7.352941176470589,19.607843137254903,73.0392156862745,59.31372549019608,13.725490196078432
E00119079,240,78,32,46,162,138,24,32.5,13.333333333333334,19.166666666666668,67.5,57.49999999999999,10
E00119080,200,57,19,38,143,119,24,28.499999999999996,9.5,19,71.5,59.5,12
E00119081,196,60,22,38,136,114,22,30.612244897959183,11.224489795918368,19.387755102040817,69.38775510204081,58.16326530612245,11.224489795918368
E00119082,113,38,9,29,75,54,21,33.6283185840708,7.964601769911504,25.663716814159294,66.3716814159292,47.78761061946903,18.58407079646018
E00119083,170,49,19,30,121,104,17,28.823529411764703,11.176470588235295,17.647058823529413,71.17647058823529,61.1764705882353,10
E00119084,331,124,56,68,207,184,23,37.46223564954683,16.91842900302115,20.54380664652568,62.53776435045317,55.58912386706949,6.948640483383686
E00119085,182,65,18,47,117,103,14,35.714285714285715,9.89010989010989,25.82417582417583,64.28571428571429,56.59340659340659,7.6923076923076925
E00119087,143,43,16,27,100,84,16,30.069930069930066,11.188811188811188,18.88111888111888,69.93006993006993,58.74125874125874,11.188811188811188
E00119088,158,52,21,31,106,87,19,32.91139240506329,13.291139240506327,19.62025316455696,67.08860759493672,55.06329113924051,12.025316455696203
E00119089,220,75,32,43,145,123,22,34.090909090909086,14.545454545454545,19.545454545454547,65.9090909090909,55.90909090909091,10
E00119090,127,42,16,26,85,75,10,33.07086614173229,12.598425196850393,20.47244094488189,66.92913385826772,59.055118110236215,7.874015748031496
E00119091,161,37,19,18,124,98,26,22.981366459627328,11.801242236024844,11.180124223602485,77.01863354037268,60.86956521739131,16.149068322981368
E00119092,184,60,23,37,124,101,23,32.608695652173914,12.5,20.108695652173914,67.3913043478261,54.891304347826086,12.5
E00119093,166,50,19,31,116,87,29,30.120481927710845,11.44578313253012,18.67469879518072,69.87951807228916,52.40963855421686,17.46987951807229
E00119094,155,58,19,39,97,76,21,37.41935483870968,12.258064516129032,25.161290322580644,62.58064516129033,49.03225806451613,13.548387096774196
E00119095,154,30,8,22,124,110,14,19.480519480519483,5.194805194805195,14.285714285714285,80.51948051948052,71.42857142857143,9.090909090909092
E00119096,138,44,12,32,94,81,13,31.88405797101449,8.695652173913043,23.18840579710145,68.11594202898551,58.69565217391305,9.420289855072465
E00119097,145,52,21,31,93,82,11,35.86206896551724,14.482758620689657,21.379310344827587,64.13793103448275,56.55172413793104,7.586206896551724
E00119098,161,50,18,32,111,89,22,31.05590062111801,11.180124223602485,19.875776397515526,68.94409937888199,55.27950310559007,13.664596273291925
E00119099,115,40,15,25,75,63,12,34.78260869565217,13.043478260869565,21.73913043478261,65.21739130434783,54.78260869565217,10.434782608695652
E00119100,208,57,27,30,151,123,28,27.403846153846157,12.980769230769232,14.423076923076922,72.59615384615384,59.13461538461539,13.461538461538462
E00119101,193,56,22,34,137,117,20,29.015544041450774,11.398963730569948,17.616580310880828,70.98445595854922,60.62176165803109,10.362694300518134
E00119102,149,35,12,23,114,100,14,23.48993288590604,8.053691275167784,15.436241610738255,76.51006711409396,67.11409395973155,9.395973154362416
E00119104,239,60,20,40,179,148,31,25.10460251046025,8.368200836820083,16.736401673640167,74.89539748953975,61.92468619246861,12.97071129707113
E00119105,226,59,20,39,167,137,30,26.10619469026549,8.849557522123893,17.25663716814159,73.89380530973452,60.61946902654868,13.274336283185843
E00119106,184,48,25,23,136,108,28,26.08695652173913,13.586956521739129,12.5,73.91304347826086,58.69565217391305,15.217391304347828
E00119107,184,49,23,26,135,109,26,26.6304347826087,12.5,14.130434782608695,73.36956521739131,59.2391304347826,14.130434782608695
E00119108,247,93,27,66,154,126,28,37.65182186234818,10.931174089068826,26.720647773279353,62.34817813765182,51.012145748987855,11.336032388663968
E00119109,57,13,6,7,44,40,4,22.807017543859647,10.526315789473683,12.280701754385964,77.19298245614034,70.17543859649122,7.017543859649122
E00119111,85,36,12,24,49,41,8,42.35294117647059,14.117647058823529,28.235294117647058,57.647058823529406,48.23529411764706,9.411764705882353
E00119113,154,42,20,22,112,98,14,27.27272727272727,12.987012987012985,14.285714285714285,72.72727272727273,63.63636363636363,9.090909090909092
E00119114,80,18,7,11,62,54,8,22.5,8.75,13.750000000000002,77.5,67.5,10
E00119115,152,48,20,28,104,80,24,31.57894736842105,13.157894736842104,18.421052631578945,68.42105263157895,52.63157894736842,15.789473684210526
E00119116,85,33,13,20,52,38,14,38.82352941176471,15.294117647058824,23.52941176470588,61.1764705882353,44.70588235294118,16.470588235294116
E00119117,150,52,23,29,98,74,24,34.66666666666667,15.333333333333332,19.333333333333332,65.33333333333333,49.333333333333336,16
E00119118,160,53,20,33,107,83,24,33.125,12.5,20.625,66.875,51.87500000000001,15
E00119119,142,36,13,23,106,82,24,25.352112676056336,9.15492957746479,16.19718309859155,74.64788732394366,57.74647887323944,16.901408450704224
E00119120,173,49,19,30,124,106,18,28.32369942196532,10.982658959537572,17.341040462427745,71.67630057803468,61.27167630057804,10.404624277456648
E00119121,151,41,20,21,110,88,22,27.1523178807947,13.245033112582782,13.90728476821192,72.84768211920529,58.27814569536424,14.56953642384106
E00119122,156,52,16,36,104,77,27,33.33333333333333,10.256410256410255,23.076923076923077,66.66666666666666,49.358974358974365,17.307692307692307
E00119123,148,36,16,20,112,85,27,24.324324324324326,10.81081081081081,13.513513513513514,75.67567567567568,57.432432432432435,18.243243243243242
E00119124,287,101,50,51,186,153,33,35.19163763066202,17.421602787456447,17.770034843205575,64.80836236933798,53.31010452961672,11.498257839721255
E00119125,158,52,20,32,106,83,23,32.91139240506329,12.658227848101266,20.253164556962027,67.08860759493672,52.53164556962025,14.556962025316455
E00119126,191,56,21,35,135,114,21,29.31937172774869,10.99476439790576,18.32460732984293,70.68062827225131,59.68586387434554,10.99476439790576
E00119127,226,65,24,41,161,126,35,28.761061946902654,10.619469026548673,18.141592920353983,71.23893805309734,55.75221238938053,15.486725663716813
E00119128,208,52,22,30,156,131,25,25,10.576923076923077,14.423076923076922,75,62.980769230769226,12.01923076923077
E00119129,152,53,19,34,99,84,15,34.868421052631575,12.5,22.36842105263158,65.13157894736842,55.26315789473685,9.868421052631579
E00119130,155,53,24,29,102,82,20,34.193548387096776,15.483870967741936,18.70967741935484,65.80645161290323,52.903225806451616,12.903225806451612
E00119131,189,51,23,28,138,109,29,26.984126984126984,12.16931216931217,14.814814814814813,73.01587301587301,57.67195767195767,15.343915343915343
E00119134,166,48,11,37,118,96,22,28.915662650602407,6.626506024096386,22.289156626506024,71.08433734939759,57.831325301204814,13.253012048192772
E00119135,164,35,13,22,129,93,36,21.341463414634145,7.926829268292683,13.414634146341465,78.65853658536585,56.70731707317073,21.951219512195124
E00119136,181,42,15,27,139,103,36,23.204419889502763,8.287292817679557,14.917127071823206,76.79558011049724,56.9060773480663,19.88950276243094
E00119137,189,45,15,30,144,91,53,23.809523809523807,7.936507936507936,15.873015873015872,76.19047619047619,48.148148148148145,28.04232804232804
E00119138,158,38,14,24,120,92,28,24.050632911392405,8.860759493670885,15.18987341772152,75.9493670886076,58.22784810126582,17.72151898734177
E00119139,139,31,7,24,108,84,24,22.302158273381295,5.0359712230215825,17.26618705035971,77.6978417266187,60.431654676258994,17.26618705035971
E00119140,172,48,21,27,124,104,20,27.906976744186046,12.209302325581394,15.69767441860465,72.09302325581395,60.46511627906976,11.627906976744185
E00119141,194,66,18,48,128,98,30,34.02061855670103,9.278350515463918,24.742268041237114,65.97938144329896,50.51546391752577,15.463917525773196
E00119142,205,55,13,42,150,104,46,26.82926829268293,6.341463414634147,20.48780487804878,73.17073170731707,50.73170731707317,22.439024390243905
E00119143,180,60,24,36,120,102,18,33.33333333333333,13.333333333333334,20,66.66666666666666,56.666666666666664,10
E00119144,180,47,17,30,133,115,18,26.111111111111114,9.444444444444445,16.666666666666664,73.88888888888889,63.888888888888886,10
E00119145,175,57,17,40,118,102,16,32.57142857142858,9.714285714285714,22.857142857142858,67.42857142857143,58.285714285714285,9.142857142857142
E00119146,218,63,25,38,155,126,29,28.899082568807337,11.46788990825688,17.431192660550458,71.10091743119266,57.798165137614674,13.302752293577983
E00119147,208,73,24,49,135,106,29,35.09615384615385,11.538461538461538,23.557692307692307,64.90384615384616,50.96153846153846,13.942307692307693
E00119148,116,40,17,23,76,66,10,34.48275862068966,14.655172413793101,19.82758620689655,65.51724137931035,56.896551724137936,8.620689655172415
E00119149,138,36,5,31,102,88,14,26.08695652173913,3.6231884057971016,22.463768115942027,73.91304347826086,63.76811594202898,10.144927536231885
E00119150,181,62,19,43,119,96,23,34.25414364640884,10.497237569060774,23.756906077348066,65.74585635359117,53.03867403314917,12.70718232044199
E00119151,210,64,26,38,146,117,29,30.476190476190478,12.380952380952381,18.095238095238095,69.52380952380952,55.714285714285715,13.80952380952381
E00119152,200,62,25,37,138,117,21,31,12.5,18.5,69,58.5,10.5
E00119153,196,65,27,38,131,110,21,33.16326530612245,13.77551020408163,19.387755102040817,66.83673469387756,56.12244897959183,10.714285714285714
E00119154,182,48,11,37,134,111,23,26.373626373626376,6.043956043956044,20.32967032967033,73.62637362637363,60.98901098901099,12.637362637362637
E00119155,169,38,13,25,131,110,21,22.485207100591715,7.6923076923076925,14.792899408284024,77.51479289940828,65.08875739644971,12.42603550295858
E00119156,155,55,22,33,100,78,22,35.483870967741936,14.193548387096774,21.29032258064516,64.51612903225806,50.32258064516129,14.193548387096774
E00119157,144,36,13,23,108,91,17,25,9.027777777777777,15.972222222222221,75,63.19444444444444,11.805555555555555
E00119158,179,42,16,26,137,119,18,23.463687150837988,8.938547486033519,14.52513966480447,76.53631284916202,66.4804469273743,10.05586592178771
E00119159,145,45,18,27,100,86,14,31.03448275862069,12.413793103448276,18.620689655172416,68.96551724137932,59.310344827586206,9.655172413793103
E00119160,141,40,15,25,101,91,10,28.368794326241137,10.638297872340425,17.73049645390071,71.63120567375887,64.53900709219859,7.092198581560284
E00119161,135,32,15,17,103,84,19,23.703703703703706,11.11111111111111,12.592592592592592,76.29629629629629,62.22222222222222,14.074074074074074
E00119162,149,34,11,23,115,95,20,22.818791946308725,7.38255033557047,15.436241610738255,77.18120805369128,63.758389261744966,13.422818791946309
E00119163,166,40,15,25,126,114,12,24.096385542168676,9.036144578313253,15.060240963855422,75.90361445783132,68.67469879518072,7.228915662650602
E00119164,179,51,20,31,128,105,23,28.49162011173184,11.1731843575419,17.318435754189945,71.50837988826815,58.659217877094974,12.849162011173185
E00119165,340,107,42,65,233,168,65,31.470588235294116,12.352941176470589,19.11764705882353,68.52941176470588,49.411764705882355,19.11764705882353
E00119166,131,44,24,20,87,69,18,33.587786259541986,18.3206106870229,15.267175572519085,66.41221374045801,52.67175572519084,13.740458015267176
E00119167,186,61,28,33,125,92,33,32.795698924731184,15.053763440860216,17.741935483870968,67.20430107526882,49.46236559139785,17.741935483870968
E00119168,159,50,17,33,109,81,28,31.446540880503143,10.69182389937107,20.754716981132077,68.55345911949685,50.943396226415096,17.61006289308176
E00119169,173,62,30,32,111,88,23,35.83815028901734,17.341040462427745,18.497109826589593,64.16184971098265,50.86705202312138,13.294797687861271
E00119170,116,41,10,31,75,65,10,35.3448275862069,8.620689655172415,26.72413793103448,64.65517241379311,56.03448275862068,8.620689655172415
E00119171,104,40,14,26,64,45,19,38.46153846153847,13.461538461538462,25,61.53846153846154,43.269230769230774,18.269230769230766
E00119172,210,63,29,34,147,114,33,30,13.80952380952381,16.19047619047619,70,54.285714285714285,15.714285714285714
E00119173,176,57,27,30,119,85,34,32.38636363636363,15.340909090909092,17.045454545454543,67.61363636363636,48.29545454545455,19.318181818181817
E00119174,51,19,8,11,32,20,12,37.254901960784316,15.686274509803921,21.568627450980394,62.745098039215684,39.21568627450981,23.52941176470588
E00119175,137,38,19,19,99,83,16,27.73722627737226,13.86861313868613,13.86861313868613,72.26277372262774,60.58394160583942,11.678832116788321
E00119176,128,37,11,26,91,71,20,28.90625,8.59375,20.3125,71.09375,55.46875,15.625
E00119177,152,49,19,30,103,88,15,32.23684210526316,12.5,19.736842105263158,67.76315789473685,57.89473684210527,9.868421052631579
E00119178,193,60,24,36,133,99,34,31.088082901554404,12.435233160621761,18.65284974093264,68.9119170984456,51.29533678756477,17.616580310880828
E00119180,148,46,15,31,102,85,17,31.08108108108108,10.135135135135135,20.945945945945947,68.91891891891892,57.432432432432435,11.486486486486488
E00119181,167,52,17,35,115,96,19,31.137724550898206,10.179640718562874,20.958083832335326,68.8622754491018,57.48502994011976,11.377245508982035
E00119182,244,76,31,45,168,151,17,31.147540983606557,12.704918032786885,18.442622950819672,68.85245901639344,61.885245901639344,6.967213114754098
E00119183,237,73,24,49,164,143,21,30.801687763713083,10.126582278481013,20.675105485232066,69.19831223628692,60.337552742616026,8.860759493670885
E00119185,149,40,17,23,109,88,21,26.845637583892618,11.409395973154362,15.436241610738255,73.15436241610739,59.06040268456376,14.093959731543624
E00119186,254,90,33,57,164,133,31,35.43307086614173,12.992125984251967,22.440944881889763,64.56692913385827,52.362204724409445,12.204724409448819
E00119187,106,41,14,27,65,55,10,38.67924528301887,13.20754716981132,25.471698113207548,61.32075471698113,51.886792452830186,9.433962264150944
E00119188,220,74,25,49,146,117,29,33.63636363636363,11.363636363636363,22.272727272727273,66.36363636363637,53.18181818181819,13.18181818181818
E00119189,135,38,17,21,97,82,15,28.14814814814815,12.592592592592592,15.555555555555555,71.85185185185186,60.74074074074074,11.11111111111111
E00119190,173,52,23,29,121,106,15,30.057803468208093,13.294797687861271,16.76300578034682,69.94219653179191,61.27167630057804,8.670520231213873
E00119191,83,18,8,10,65,44,21,21.686746987951807,9.63855421686747,12.048192771084338,78.3132530120482,53.01204819277109,25.301204819277107
E00119192,119,34,16,18,85,62,23,28.57142857142857,13.445378151260504,15.126050420168067,71.42857142857143,52.10084033613446,19.327731092436977
E00119193,154,46,18,28,108,81,27,29.87012987012987,11.688311688311687,18.181818181818183,70.12987012987013,52.5974025974026,17.532467532467532
E00119194,118,44,18,26,74,53,21,37.28813559322034,15.254237288135593,22.033898305084744,62.71186440677966,44.91525423728814,17.796610169491526
E00119195,135,36,15,21,99,72,27,26.666666666666668,11.11111111111111,15.555555555555555,73.33333333333333,53.333333333333336,20
E00119196,146,60,29,31,86,65,21,41.0958904109589,19.863013698630137,21.232876712328768,58.9041095890411,44.52054794520548,14.383561643835616
E00119197,142,37,15,22,105,84,21,26.056338028169012,10.56338028169014,15.492957746478872,73.94366197183099,59.154929577464785,14.788732394366196
E00119198,127,44,14,30,83,67,16,34.645669291338585,11.023622047244094,23.62204724409449,65.35433070866141,52.75590551181102,12.598425196850393
E00119199,165,50,19,31,115,75,40,30.303030303030305,11.515151515151516,18.787878787878785,69.6969696969697,45.45454545454545,24.242424242424242
E00119200,165,52,16,36,113,90,23,31.515151515151512,9.696969696969697,21.818181818181817,68.48484848484848,54.54545454545454,13.939393939393941
E00119201,198,32,9,23,166,134,32,16.161616161616163,4.545454545454546,11.616161616161616,83.83838383838383,67.67676767676768,16.161616161616163
E00119202,170,42,18,24,128,109,19,24.705882352941178,10.588235294117647,14.117647058823529,75.29411764705883,64.11764705882354,11.176470588235295
E00119203,164,57,29,28,107,80,27,34.756097560975604,17.682926829268293,17.073170731707318,65.2439024390244,48.78048780487805,16.463414634146343
E00119204,124,47,18,29,77,66,11,37.903225806451616,14.516129032258066,23.387096774193548,62.096774193548384,53.2258064516129,8.870967741935484
E00119205,146,44,17,27,102,90,12,30.136986301369863,11.643835616438356,18.493150684931507,69.86301369863014,61.64383561643836,8.21917808219178
E00119206,166,57,35,22,109,84,25,34.33734939759036,21.084337349397593,13.253012048192772,65.66265060240963,50.602409638554214,15.060240963855422
E00119207,271,80,29,51,191,144,47,29.520295202952028,10.70110701107011,18.81918819188192,70.47970479704797,53.13653136531366,17.343173431734318
E00119208,121,48,20,28,73,59,14,39.66942148760331,16.528925619834713,23.140495867768596,60.33057851239669,48.760330578512395,11.570247933884298
E00119209,168,47,19,28,121,101,20,27.976190476190478,11.30952380952381,16.666666666666664,72.02380952380952,60.11904761904761,11.904761904761903
E00119210,197,39,19,20,158,136,22,19.796954314720814,9.644670050761421,10.152284263959391,80.20304568527918,69.03553299492386,11.16751269035533
E00119211,185,28,11,17,157,130,27,15.135135135135137,5.9459459459459465,9.18918918918919,84.86486486486487,70.27027027027027,14.594594594594595
E00119212,173,35,11,24,138,116,22,20.23121387283237,6.358381502890173,13.872832369942195,79.76878612716763,67.05202312138728,12.716763005780345
E00119213,215,52,19,33,163,144,19,24.186046511627907,8.837209302325581,15.348837209302326,75.81395348837209,66.97674418604652,8.837209302325581
E00119214,46,18,10,8,28,19,9,39.130434782608695,21.73913043478261,17.391304347826086,60.86956521739131,41.30434782608695,19.565217391304348
E00119215,151,37,17,20,114,97,17,24.503311258278146,11.258278145695364,13.245033112582782,75.49668874172185,64.23841059602648,11.258278145695364
E00119216,200,63,26,37,137,116,21,31.5,13,18.5,68.5,57.99999999999999,10.5
E00119217,195,50,27,23,145,121,24,25.64102564102564,13.846153846153847,11.794871794871794,74.35897435897436,62.05128205128205,12.307692307692308
E00119218,135,28,10,18,107,93,14,20.74074074074074,7.4074074074074066,13.333333333333334,79.25925925925927,68.88888888888889,10.37037037037037
E00119219,133,41,11,30,92,78,14,30.82706766917293,8.270676691729323,22.55639097744361,69.17293233082707,58.64661654135338,10.526315789473683
E00119220,123,36,15,21,87,76,11,29.268292682926827,12.195121951219512,17.073170731707318,70.73170731707317,61.78861788617886,8.94308943089431
E00119221,108,33,16,17,75,61,14,30.555555555555557,14.814814814814813,15.74074074074074,69.44444444444444,56.481481481481474,12.962962962962962
E00119222,121,40,13,27,81,69,12,33.057851239669425,10.743801652892563,22.31404958677686,66.94214876033058,57.02479338842975,9.917355371900827
E00119223,116,49,18,31,67,54,13,42.241379310344826,15.517241379310345,26.72413793103448,57.758620689655174,46.55172413793103,11.206896551724139
E00119224,122,35,14,21,87,71,16,28.688524590163933,11.475409836065573,17.21311475409836,71.31147540983606,58.19672131147541,13.114754098360656
E00119225,164,59,31,28,105,80,25,35.97560975609756,18.902439024390244,17.073170731707318,64.02439024390245,48.78048780487805,15.24390243902439
E00119226,171,45,17,28,126,108,18,26.31578947368421,9.941520467836257,16.374269005847953,73.68421052631578,63.1578947368421,10.526315789473683
E00119227,120,27,12,15,93,72,21,22.5,10,12.5,77.5,60,17.5
E00119228,179,57,28,29,122,99,23,31.843575418994412,15.64245810055866,16.201117318435752,68.15642458100558,55.3072625698324,12.849162011173185
E00119229,149,33,12,21,116,98,18,22.14765100671141,8.053691275167784,14.093959731543624,77.85234899328859,65.77181208053692,12.080536912751679
E00119230,159,50,11,39,109,88,21,31.446540880503143,6.918238993710692,24.528301886792452,68.55345911949685,55.34591194968554,13.20754716981132
E00119231,167,42,17,25,125,99,26,25.149700598802394,10.179640718562874,14.97005988023952,74.8502994011976,59.281437125748504,15.568862275449103
E00119232,159,35,15,20,124,98,26,22.0125786163522,9.433962264150944,12.578616352201259,77.9874213836478,61.63522012578616,16.352201257861633
E00119233,105,23,7,16,82,71,11,21.904761904761905,6.666666666666667,15.238095238095239,78.0952380952381,67.61904761904762,10.476190476190476
E00119234,193,47,15,32,146,108,38,24.352331606217618,7.772020725388601,16.580310880829018,75.64766839378238,55.95854922279793,19.689119170984455
E00119236,148,52,25,27,96,71,25,35.13513513513514,16.89189189189189,18.243243243243242,64.86486486486487,47.97297297297297,16.89189189189189
E00119237,105,23,5,18,82,74,8,21.904761904761905,4.761904761904762,17.142857142857142,78.0952380952381,70.47619047619048,7.6190476190476195
E00119238,168,49,21,28,119,107,12,29.166666666666668,12.5,16.666666666666664,70.83333333333334,63.69047619047619,7.142857142857142
E00119239,146,42,12,30,104,86,18,28.767123287671232,8.21917808219178,20.54794520547945,71.23287671232876,58.9041095890411,12.32876712328767
E00119240,114,35,15,20,79,59,20,30.701754385964914,13.157894736842104,17.543859649122805,69.2982456140351,51.75438596491229,17.543859649122805
E00119241,147,52,22,30,95,81,14,35.374149659863946,14.965986394557824,20.408163265306122,64.62585034013605,55.10204081632652,9.523809523809524
E00119242,80,33,10,23,47,41,6,41.25,12.5,28.749999999999996,58.75,51.24999999999999,7.5
E00119244,170,57,17,40,113,99,14,33.52941176470588,10,23.52941176470588,66.47058823529412,58.235294117647065,8.235294117647058
E00119246,207,52,22,30,155,124,31,25.120772946859905,10.628019323671497,14.492753623188406,74.8792270531401,59.90338164251207,14.975845410628018
E00119248,145,31,12,19,114,94,20,21.379310344827587,8.275862068965518,13.10344827586207,78.62068965517241,64.82758620689654,13.793103448275861
E00119249,204,31,13,18,173,142,31,15.196078431372548,6.372549019607843,8.823529411764707,84.80392156862744,69.6078431372549,15.196078431372548
E00119250,206,66,23,43,140,116,24,32.038834951456316,11.165048543689322,20.87378640776699,67.96116504854369,56.310679611650485,11.650485436893204
E00119252,169,37,14,23,132,115,17,21.893491124260358,8.284023668639055,13.609467455621301,78.10650887573965,68.04733727810651,10.059171597633137
E00119253,163,36,16,20,127,105,22,22.085889570552148,9.815950920245399,12.269938650306749,77.91411042944786,64.41717791411043,13.496932515337424
E00119254,205,61,29,32,144,125,19,29.756097560975608,14.146341463414632,15.609756097560975,70.24390243902438,60.97560975609756,9.268292682926829
E00119255,175,46,9,37,129,110,19,26.285714285714285,5.142857142857142,21.142857142857142,73.71428571428571,62.857142857142854,10.857142857142858
E00119256,193,44,15,29,149,122,27,22.797927461139896,7.772020725388601,15.025906735751295,77.2020725388601,63.212435233160626,13.989637305699482
E00119257,139,39,20,19,100,72,28,28.05755395683453,14.388489208633093,13.66906474820144,71.94244604316546,51.798561151079134,20.14388489208633
E00119259,143,52,19,33,91,74,17,36.36363636363637,13.286713286713287,23.076923076923077,63.63636363636363,51.74825174825175,11.888111888111888
E00119260,152,52,23,29,100,80,20,34.21052631578947,15.131578947368421,19.078947368421055,65.78947368421053,52.63157894736842,13.157894736842104
E00119261,188,56,17,39,132,112,20,29.78723404255319,9.042553191489363,20.74468085106383,70.2127659574468,59.57446808510638,10.638297872340425
E00119263,148,46,16,30,102,77,25,31.08108108108108,10.81081081081081,20.27027027027027,68.91891891891892,52.02702702702703,16.89189189189189
E00119264,193,62,24,38,131,106,25,32.12435233160622,12.435233160621761,19.689119170984455,67.87564766839378,54.92227979274611,12.953367875647666
E00119265,145,45,15,30,100,75,25,31.03448275862069,10.344827586206897,20.689655172413794,68.96551724137932,51.724137931034484,17.24137931034483
E00119266,239,55,17,38,184,161,23,23.01255230125523,7.112970711297072,15.899581589958158,76.98744769874477,67.36401673640168,9.623430962343097
E00119267,105,29,8,21,76,67,9,27.61904761904762,7.6190476190476195,20,72.38095238095238,63.8095238095238,8.571428571428571
E00119268,327,102,42,60,225,190,35,31.19266055045872,12.844036697247708,18.34862385321101,68.80733944954129,58.103975535168196,10.703363914373089
E00119269,173,50,18,32,123,107,16,28.901734104046245,10.404624277456648,18.497109826589593,71.09826589595376,61.849710982658955,9.248554913294797
E00119270,195,48,15,33,147,127,20,24.615384615384617,7.6923076923076925,16.923076923076923,75.38461538461539,65.12820512820512,10.256410256410255
E00119271,166,40,19,21,126,107,19,24.096385542168676,11.44578313253012,12.650602409638553,75.90361445783132,64.45783132530121,11.44578313253012
E00119272,136,38,13,25,98,88,10,27.941176470588236,9.558823529411764,18.38235294117647,72.05882352941177,64.70588235294117,7.352941176470589
E00119273,247,74,30,44,173,145,28,29.959514170040485,12.145748987854251,17.813765182186234,70.04048582995951,58.70445344129555,11.336032388663968
E00119274,175,51,16,35,124,102,22,29.142857142857142,9.142857142857142,20,70.85714285714285,58.285714285714285,12.571428571428573
E00119275,203,60,22,38,143,118,25,29.55665024630542,10.83743842364532,18.7192118226601,70.44334975369459,58.128078817733986,12.31527093596059
E00119276,176,49,19,30,127,104,23,27.84090909090909,10.795454545454545,17.045454545454543,72.1590909090909,59.09090909090909,13.068181818181818
E00119277,310,81,34,47,229,183,46,26.129032258064516,10.967741935483872,15.161290322580644,73.87096774193549,59.03225806451613,14.838709677419354
E00119278,188,45,13,32,143,123,20,23.93617021276596,6.914893617021277,17.02127659574468,76.06382978723404,65.42553191489363,10.638297872340425
E00119279,125,33,18,15,92,79,13,26.400000000000002,14.399999999999999,12,73.6,63.2,10.4
E00119281,193,63,21,42,130,100,30,32.64248704663213,10.880829015544041,21.761658031088082,67.35751295336787,51.813471502590666,15.544041450777202
E00119282,184,68,29,39,116,97,19,36.95652173913043,15.760869565217392,21.195652173913043,63.04347826086957,52.71739130434783,10.326086956521738
E00119283,154,49,15,34,105,82,23,31.818181818181817,9.740259740259742,22.07792207792208,68.18181818181817,53.246753246753244,14.935064935064934
E00119284,109,39,17,22,70,51,19,35.77981651376147,15.59633027522936,20.18348623853211,64.22018348623854,46.788990825688074,17.431192660550458
E00119285,90,31,17,14,59,43,16,34.44444444444444,18.88888888888889,15.555555555555555,65.55555555555556,47.77777777777778,17.77777777777778
E00119286,140,51,23,28,89,71,18,36.42857142857142,16.428571428571427,20,63.57142857142857,50.71428571428571,12.857142857142856
E00119287,149,47,19,28,102,74,28,31.543624161073826,12.751677852348994,18.79194630872483,68.45637583892618,49.664429530201346,18.79194630872483
E00119288,141,43,16,27,98,57,41,30.49645390070922,11.347517730496454,19.148936170212767,69.50354609929079,40.42553191489361,29.078014184397162
E00119289,148,62,35,27,86,50,36,41.891891891891895,23.64864864864865,18.243243243243242,58.108108108108105,33.78378378378378,24.324324324324326
E00119290,241,77,34,43,164,121,43,31.950207468879665,14.107883817427386,17.842323651452283,68.04979253112033,50.20746887966805,17.842323651452283
E00119291,168,62,23,39,106,82,24,36.904761904761905,13.690476190476192,23.214285714285715,63.095238095238095,48.80952380952381,14.285714285714285
E00119292,188,54,22,32,134,100,34,28.723404255319153,11.702127659574469,17.02127659574468,71.27659574468085,53.191489361702125,18.085106382978726
E00119293,138,34,14,20,104,75,29,24.637681159420293,10.144927536231885,14.492753623188406,75.36231884057972,54.347826086956516,21.014492753623188
E00119294,132,43,18,25,89,59,30,32.57575757575758,13.636363636363635,18.939393939393938,67.42424242424242,44.696969696969695,22.727272727272727
E00119295,197,77,23,54,120,98,22,39.08629441624365,11.6751269035533,27.411167512690355,60.913705583756354,49.746192893401016,11.16751269035533
E00119296,105,38,14,24,67,56,11,36.19047619047619,13.333333333333334,22.857142857142858,63.8095238095238,53.333333333333336,10.476190476190476
E00119297,146,47,19,28,99,79,20,32.19178082191781,13.013698630136986,19.17808219178082,67.8082191780822,54.109589041095894,13.698630136986301
E00119298,192,37,11,26,155,140,15,19.270833333333336,5.729166666666666,13.541666666666666,80.72916666666666,72.91666666666666,7.8125
E00119299,112,46,16,30,66,56,10,41.07142857142857,14.285714285714285,26.785714285714285,58.92857142857143,50,8.928571428571429
E00119300,146,56,17,39,90,76,14,38.35616438356164,11.643835616438356,26.71232876712329,61.64383561643836,52.054794520547944,9.58904109589041
E00119301,175,59,22,37,116,100,16,33.714285714285715,12.571428571428573,21.142857142857142,66.28571428571428,57.14285714285714,9.142857142857142
E00119302,112,32,12,20,80,69,11,28.57142857142857,10.714285714285714,17.857142857142858,71.42857142857143,61.60714285714286,9.821428571428571
E00119303,147,37,14,23,110,96,14,25.170068027210885,9.523809523809524,15.646258503401361,74.82993197278913,65.3061224489796,9.523809523809524
E00119304,155,51,29,22,104,84,20,32.903225806451616,18.70967741935484,14.193548387096774,67.0967741935484,54.19354838709678,12.903225806451612
E00119305,159,42,13,29,117,100,17,26.41509433962264,8.176100628930817,18.238993710691823,73.58490566037736,62.893081761006286,10.69182389937107
E00119306,104,35,13,22,69,66,3,33.65384615384615,12.5,21.153846153846153,66.34615384615384,63.46153846153846,2.8846153846153846
E00119307,189,44,20,24,145,118,27,23.28042328042328,10.582010582010582,12.698412698412698,76.71957671957672,62.43386243386243,14.285714285714285
E00119308,163,47,20,27,116,98,18,28.834355828220858,12.269938650306749,16.56441717791411,71.16564417177914,60.122699386503065,11.042944785276074
E00119309,147,32,12,20,115,84,31,21.768707482993197,8.16326530612245,13.60544217687075,78.2312925170068,57.14285714285714,21.08843537414966
E00119310,182,48,23,25,134,99,35,26.373626373626376,12.637362637362637,13.736263736263737,73.62637362637363,54.395604395604394,19.230769230769234
E00119311,145,47,20,27,98,88,10,32.41379310344827,13.793103448275861,18.620689655172416,67.58620689655173,60.689655172413794,6.896551724137931
E00119312,156,36,13,23,120,104,16,23.076923076923077,8.333333333333332,14.743589743589745,76.92307692307693,66.66666666666666,10.256410256410255
E00119313,163,41,15,26,122,106,16,25.153374233128833,9.202453987730062,15.950920245398773,74.84662576687117,65.03067484662577,9.815950920245399
E00119314,117,21,9,12,96,79,17,17.94871794871795,7.6923076923076925,10.256410256410255,82.05128205128204,67.52136752136752,14.529914529914532
E00119315,258,66,25,41,192,152,40,25.581395348837212,9.689922480620156,15.891472868217054,74.4186046511628,58.91472868217055,15.503875968992247
E00119316,122,38,18,20,84,72,12,31.147540983606557,14.754098360655737,16.39344262295082,68.85245901639344,59.01639344262295,9.836065573770492
E00119317,100,28,5,23,72,60,12,28.000000000000004,5,23,72,60,12
E00119319,163,50,19,31,113,85,28,30.67484662576687,11.65644171779141,19.018404907975462,69.32515337423312,52.14723926380368,17.177914110429448
E00119320,104,35,19,16,69,46,23,33.65384615384615,18.269230769230766,15.384615384615385,66.34615384615384,44.230769230769226,22.115384615384613
E00119321,160,47,15,32,113,87,26,29.375,9.375,20,70.625,54.37499999999999,16.25
E00119322,153,46,15,31,107,88,19,30.065359477124183,9.803921568627452,20.26143790849673,69.93464052287581,57.51633986928104,12.418300653594772
E00119323,209,74,39,35,135,96,39,35.406698564593306,18.660287081339714,16.74641148325359,64.5933014354067,45.933014354066984,18.660287081339714
E00119324,168,48,16,32,120,104,16,28.57142857142857,9.523809523809524,19.047619047619047,71.42857142857143,61.904761904761905,9.523809523809524
E00119325,173,53,31,22,120,82,38,30.63583815028902,17.91907514450867,12.716763005780345,69.36416184971098,47.398843930635834,21.965317919075144
E00119326,146,40,20,20,106,79,27,27.397260273972602,13.698630136986301,13.698630136986301,72.6027397260274,54.109589041095894,18.493150684931507
E00119327,152,58,30,28,94,65,29,38.15789473684211,19.736842105263158,18.421052631578945,61.8421052631579,42.76315789473684,19.078947368421055
E00119328,173,48,19,29,125,98,27,27.74566473988439,10.982658959537572,16.76300578034682,72.25433526011561,56.64739884393064,15.606936416184972
E00119329,261,89,42,47,172,115,57,34.099616858237546,16.091954022988507,18.007662835249043,65.90038314176245,44.06130268199234,21.839080459770116
E00119330,163,55,21,34,108,83,25,33.74233128834356,12.883435582822086,20.858895705521473,66.25766871165644,50.920245398773,15.337423312883436
E00119331,234,92,37,55,142,103,39,39.31623931623932,15.81196581196581,23.504273504273502,60.68376068376068,44.01709401709402,16.666666666666664
E00119332,184,60,29,31,124,82,42,32.608695652173914,15.760869565217392,16.847826086956523,67.3913043478261,44.565217391304344,22.82608695652174
E00119333,94,31,14,17,63,42,21,32.97872340425532,14.893617021276595,18.085106382978726,67.02127659574468,44.680851063829785,22.340425531914892
E00119334,100,30,13,17,70,48,22,30,13,17,70,48,22
E00119335,133,38,19,19,95,69,26,28.57142857142857,14.285714285714285,14.285714285714285,71.42857142857143,51.8796992481203,19.548872180451127
E00119336,61,22,8,14,39,32,7,36.0655737704918,13.114754098360656,22.950819672131146,63.934426229508205,52.459016393442624,11.475409836065573
E00119338,162,57,21,36,105,82,23,35.18518518518518,12.962962962962962,22.22222222222222,64.81481481481481,50.617283950617285,14.19753086419753
E00119339,161,40,12,28,121,103,18,24.84472049689441,7.453416149068323,17.391304347826086,75.15527950310559,63.975155279503106,11.180124223602485
E00119340,132,34,10,24,98,85,13,25.757575757575758,7.575757575757576,18.181818181818183,74.24242424242425,64.39393939393939,9.848484848484848
E00119341,184,41,17,24,143,99,44,22.282608695652172,9.239130434782608,13.043478260869565,77.71739130434783,53.80434782608695,23.91304347826087
E00119342,142,46,21,25,96,66,30,32.3943661971831,14.788732394366196,17.6056338028169,67.6056338028169,46.478873239436616,21.12676056338028
E00119343,265,81,41,40,184,122,62,30.566037735849054,15.471698113207546,15.09433962264151,69.43396226415094,46.0377358490566,23.39622641509434
E00119344,195,52,16,36,143,128,15,26.666666666666668,8.205128205128204,18.461538461538463,73.33333333333333,65.64102564102564,7.6923076923076925
E00119345,158,47,18,29,111,84,27,29.746835443037973,11.39240506329114,18.354430379746837,70.25316455696202,53.16455696202531,17.088607594936708
E00119346,161,51,16,35,110,85,25,31.67701863354037,9.937888198757763,21.73913043478261,68.32298136645963,52.79503105590062,15.527950310559005
E00119347,191,63,24,39,128,95,33,32.98429319371728,12.56544502617801,20.418848167539267,67.01570680628272,49.73821989528796,17.277486910994764
E00119348,198,61,36,25,137,94,43,30.808080808080806,18.181818181818183,12.626262626262626,69.1919191919192,47.474747474747474,21.71717171717172
E00119349,183,56,23,33,127,95,32,30.601092896174865,12.568306010928962,18.0327868852459,69.39890710382514,51.91256830601093,17.48633879781421
E00119350,78,20,11,9,58,45,13,25.64102564102564,14.102564102564102,11.538461538461538,74.35897435897436,57.692307692307686,16.666666666666664
E00119352,160,46,20,26,114,92,22,28.749999999999996,12.5,16.25,71.25,57.49999999999999,13.750000000000002
E00119353,241,71,17,54,170,131,39,29.460580912863072,7.053941908713693,22.40663900414938,70.53941908713693,54.356846473029044,16.182572614107883
E00119354,124,36,16,20,88,76,12,29.03225806451613,12.903225806451612,16.129032258064516,70.96774193548387,61.29032258064516,9.67741935483871
E00119355,181,56,21,35,125,108,17,30.939226519337016,11.602209944751381,19.337016574585636,69.06077348066299,59.66850828729282,9.392265193370166
E00119356,171,60,24,36,111,96,15,35.08771929824561,14.035087719298245,21.052631578947366,64.91228070175438,56.14035087719298,8.771929824561402
E00119357,140,48,14,34,92,76,16,34.285714285714285,10,24.285714285714285,65.71428571428571,54.285714285714285,11.428571428571429
E00119358,132,42,12,30,90,72,18,31.818181818181817,9.090909090909092,22.727272727272727,68.18181818181817,54.54545454545454,13.636363636363635
E00119359,129,41,18,23,88,71,17,31.782945736434108,13.953488372093023,17.829457364341085,68.21705426356588,55.03875968992248,13.178294573643413
E00119360,159,44,18,26,115,85,30,27.67295597484277,11.320754716981133,16.352201257861633,72.32704402515722,53.459119496855344,18.867924528301888
E00119361,175,41,13,28,134,114,20,23.42857142857143,7.428571428571429,16,76.57142857142857,65.14285714285715,11.428571428571429
E00119362,118,37,16,21,81,65,16,31.35593220338983,13.559322033898304,17.796610169491526,68.64406779661016,55.08474576271186,13.559322033898304
E00119363,192,60,24,36,132,115,17,31.25,12.5,18.75,68.75,59.895833333333336,8.854166666666668
E00119364,131,28,10,18,103,88,15,21.374045801526716,7.633587786259542,13.740458015267176,78.62595419847328,67.17557251908397,11.450381679389313
E00119365,143,45,15,30,98,87,11,31.46853146853147,10.48951048951049,20.97902097902098,68.53146853146853,60.83916083916085,7.6923076923076925
E00119367,154,46,17,29,108,88,20,29.87012987012987,11.03896103896104,18.83116883116883,70.12987012987013,57.14285714285714,12.987012987012985
E00119368,152,47,15,32,105,88,17,30.92105263157895,9.868421052631579,21.052631578947366,69.07894736842105,57.89473684210527,11.18421052631579
E00119369,161,52,20,32,109,84,25,32.298136645962735,12.422360248447205,19.875776397515526,67.70186335403726,52.17391304347826,15.527950310559005
E00119370,162,64,32,32,98,64,34,39.50617283950617,19.753086419753085,19.753086419753085,60.49382716049383,39.50617283950617,20.98765432098765
E00119371,155,59,18,41,96,76,20,38.064516129032256,11.612903225806452,26.451612903225808,61.935483870967744,49.03225806451613,12.903225806451612
E00119372,164,52,14,38,112,91,21,31.70731707317073,8.536585365853659,23.170731707317074,68.29268292682927,55.487804878048784,12.804878048780488
E00119373,152,55,17,38,97,83,14,36.18421052631579,11.18421052631579,25,63.81578947368421,54.60526315789473,9.210526315789473
E00119374,180,56,24,32,124,102,22,31.11111111111111,13.333333333333334,17.77777777777778,68.88888888888889,56.666666666666664,12.222222222222221
E00119375,135,39,12,27,96,80,16,28.888888888888886,8.88888888888889,20,71.11111111111111,59.25925925925925,11.851851851851853
E00119376,173,47,14,33,126,109,17,27.167630057803464,8.092485549132949,19.07514450867052,72.83236994219652,63.005780346820806,9.826589595375722
E00119377,200,78,26,52,122,103,19,39,13,26,61,51.5,9.5
E00119378,133,39,12,27,94,66,28,29.32330827067669,9.022556390977442,20.30075187969925,70.67669172932331,49.62406015037594,21.052631578947366
E00119379,175,56,21,35,119,102,17,32,12,20,68,58.285714285714285,9.714285714285714
E00119380,140,45,22,23,95,82,13,32.142857142857146,15.714285714285714,16.428571428571427,67.85714285714286,58.57142857142858,9.285714285714286
E00119381,165,43,13,30,122,100,22,26.060606060606062,7.878787878787878,18.181818181818183,73.93939393939394,60.60606060606061,13.333333333333334
E00119382,174,65,25,40,109,86,23,37.35632183908046,14.367816091954023,22.988505747126435,62.643678160919535,49.42528735632184,13.218390804597702
E00119383,159,43,14,29,116,97,19,27.044025157232703,8.80503144654088,18.238993710691823,72.95597484276729,61.0062893081761,11.949685534591195
E00119384,126,29,16,13,97,81,16,23.015873015873016,12.698412698412698,10.317460317460316,76.98412698412699,64.28571428571429,12.698412698412698
E00119385,165,41,21,20,124,97,27,24.848484848484848,12.727272727272727,12.121212121212121,75.15151515151514,58.78787878787879,16.363636363636363
E00119386,166,49,13,36,117,105,12,29.518072289156628,7.83132530120482,21.686746987951807,70.48192771084338,63.25301204819277,7.228915662650602
E00119387,242,68,26,42,174,134,40,28.09917355371901,10.743801652892563,17.355371900826448,71.900826446281,55.371900826446286,16.528925619834713
E00119388,107,25,7,18,82,72,10,23.364485981308412,6.5420560747663545,16.822429906542055,76.63551401869158,67.28971962616822,9.345794392523365
E00119389,167,58,24,34,109,88,21,34.73053892215569,14.37125748502994,20.359281437125748,65.26946107784431,52.69461077844312,12.574850299401197
E00119390,140,33,18,15,107,94,13,23.57142857142857,12.857142857142856,10.714285714285714,76.42857142857142,67.14285714285714,9.285714285714286
E00119391,150,39,17,22,111,94,17,26,11.333333333333332,14.666666666666666,74,62.66666666666667,11.333333333333332
E00119393,230,73,30,43,157,119,38,31.73913043478261,13.043478260869565,18.695652173913043,68.26086956521739,51.73913043478261,16.52173913043478
E00119394,212,49,14,35,163,118,45,23.11320754716981,6.60377358490566,16.50943396226415,76.88679245283019,55.660377358490564,21.22641509433962
E00119395,132,42,17,25,90,76,14,31.818181818181817,12.878787878787879,18.939393939393938,68.18181818181817,57.57575757575758,10.606060606060606
E00119396,163,51,20,31,112,84,28,31.28834355828221,12.269938650306749,19.018404907975462,68.71165644171779,51.533742331288344,17.177914110429448
E00119397,231,89,49,40,142,99,43,38.52813852813853,21.21212121212121,17.316017316017316,61.471861471861466,42.857142857142854,18.614718614718615
E00119398,178,56,21,35,122,99,23,31.46067415730337,11.797752808988763,19.662921348314608,68.53932584269663,55.61797752808989,12.921348314606742
E00119399,195,65,28,37,130,98,32,33.33333333333333,14.358974358974358,18.974358974358974,66.66666666666666,50.256410256410255,16.41025641025641
E00119400,172,55,19,36,117,90,27,31.976744186046513,11.046511627906977,20.930232558139537,68.02325581395348,52.32558139534884,15.69767441860465
E00119401,189,48,18,30,141,112,29,25.396825396825395,9.523809523809524,15.873015873015872,74.60317460317461,59.25925925925925,15.343915343915343
E00119402,230,67,22,45,163,130,33,29.130434782608695,9.565217391304348,19.565217391304348,70.86956521739131,56.52173913043478,14.347826086956522
E00119403,212,68,28,40,144,104,40,32.075471698113205,13.20754716981132,18.867924528301888,67.9245283018868,49.056603773584904,18.867924528301888
E00119404,163,42,18,24,121,104,17,25.766871165644172,11.042944785276074,14.723926380368098,74.23312883435584,63.80368098159509,10.429447852760736
E00119405,161,61,25,36,100,79,21,37.88819875776397,15.527950310559005,22.36024844720497,62.11180124223602,49.06832298136646,13.043478260869565
E00119406,140,41,24,17,99,69,30,29.28571428571429,17.142857142857142,12.142857142857142,70.71428571428572,49.28571428571429,21.428571428571427
E00119407,201,69,38,31,132,110,22,34.32835820895522,18.90547263681592,15.422885572139302,65.67164179104478,54.72636815920397,10.945273631840797
E00119409,112,30,7,23,82,80,2,26.785714285714285,6.25,20.535714285714285,73.21428571428571,71.42857142857143,1.7857142857142856
E00119410,230,82,43,39,148,111,37,35.65217391304348,18.695652173913043,16.956521739130434,64.34782608695652,48.26086956521739,16.08695652173913
E00119411,173,55,20,35,118,100,18,31.79190751445087,11.560693641618498,20.23121387283237,68.20809248554913,57.80346820809249,10.404624277456648
E00119412,230,51,24,27,179,149,30,22.17391304347826,10.434782608695652,11.73913043478261,77.82608695652173,64.78260869565217,13.043478260869565
E00119413,246,51,22,29,195,167,28,20.73170731707317,8.94308943089431,11.788617886178862,79.26829268292683,67.88617886178862,11.38211382113821
E00119415,67,23,8,15,44,36,8,34.32835820895522,11.940298507462686,22.388059701492537,65.67164179104478,53.73134328358209,11.940298507462686
E00119416,168,53,22,31,115,84,31,31.547619047619047,13.095238095238097,18.452380952380953,68.45238095238095,50,18.452380952380953
E00119417,198,55,18,37,143,121,22,27.77777777777778,9.090909090909092,18.68686868686869,72.22222222222221,61.111111111111114,11.11111111111111
E00119418,176,60,28,32,116,96,20,34.090909090909086,15.909090909090908,18.181818181818183,65.9090909090909,54.54545454545454,11.363636363636363
E00119419,176,28,7,21,148,126,22,15.909090909090908,3.977272727272727,11.931818181818182,84.0909090909091,71.5909090909091,12.5
E00119420,128,36,13,23,92,83,9,28.125,10.15625,17.96875,71.875,64.84375,7.03125
E00119421,221,36,17,19,185,143,42,16.289592760180994,7.6923076923076925,8.597285067873303,83.710407239819,64.70588235294117,19.004524886877828
E00119422,164,39,10,29,125,109,16,23.78048780487805,6.097560975609756,17.682926829268293,76.21951219512195,66.46341463414635,9.75609756097561
E00119423,194,41,18,23,153,129,24,21.1340206185567,9.278350515463918,11.855670103092782,78.8659793814433,66.49484536082474,12.371134020618557
E00119424,166,41,16,25,125,102,23,24.69879518072289,9.63855421686747,15.060240963855422,75.30120481927712,61.44578313253012,13.855421686746988
E00119425,128,45,18,27,83,71,12,35.15625,14.0625,21.09375,64.84375,55.46875,9.375
E00119426,159,42,20,22,117,85,32,26.41509433962264,12.578616352201259,13.836477987421384,73.58490566037736,53.459119496855344,20.125786163522015
E00119427,244,67,28,39,177,151,26,27.459016393442624,11.475409836065573,15.983606557377051,72.54098360655738,61.885245901639344,10.655737704918032
E00119428,265,46,20,26,219,196,23,17.358490566037734,7.547169811320755,9.811320754716983,82.64150943396227,73.9622641509434,8.679245283018867
E00119429,219,43,21,22,176,155,21,19.63470319634703,9.58904109589041,10.045662100456621,80.36529680365297,70.77625570776256,9.58904109589041
E00119430,187,52,16,36,135,113,22,27.807486631016044,8.55614973262032,19.25133689839572,72.19251336898395,60.42780748663101,11.76470588235294
E00119431,173,36,14,22,137,119,18,20.809248554913296,8.092485549132949,12.716763005780345,79.1907514450867,68.78612716763006,10.404624277456648
E00119432,136,44,19,25,92,66,26,32.35294117647059,13.970588235294118,18.38235294117647,67.64705882352942,48.529411764705884,19.11764705882353
E00119433,127,46,16,30,81,73,8,36.22047244094488,12.598425196850393,23.62204724409449,63.77952755905512,57.48031496062992,6.299212598425196
E00119434,82,17,11,6,65,52,13,20.73170731707317,13.414634146341465,7.317073170731707,79.26829268292683,63.41463414634146,15.853658536585366
E00119435,203,49,23,26,154,126,28,24.137931034482758,11.330049261083744,12.807881773399016,75.86206896551724,62.06896551724138,13.793103448275861
E00119436,141,46,21,25,95,82,13,32.62411347517731,14.893617021276595,17.73049645390071,67.37588652482269,58.156028368794324,9.219858156028367
E00119437,138,47,15,32,91,78,13,34.05797101449276,10.869565217391305,23.18840579710145,65.94202898550725,56.52173913043478,9.420289855072465
E00119438,164,45,17,28,119,104,15,27.439024390243905,10.365853658536585,17.073170731707318,72.5609756097561,63.41463414634146,9.146341463414634
E00119439,149,34,23,11,115,102,13,22.818791946308725,15.436241610738255,7.38255033557047,77.18120805369128,68.45637583892618,8.724832214765101
E00119440,105,20,8,12,85,76,9,19.047619047619047,7.6190476190476195,11.428571428571429,80.95238095238095,72.38095238095238,8.571428571428571
E00119441,150,33,8,25,117,105,12,22,5.333333333333334,16.666666666666664,78,70,8
E00119442,155,58,19,39,97,86,11,37.41935483870968,12.258064516129032,25.161290322580644,62.58064516129033,55.483870967741936,7.096774193548387
E00119443,153,44,12,32,109,100,9,28.75816993464052,7.8431372549019605,20.915032679738562,71.24183006535948,65.359477124183,5.88235294117647
E00119444,156,44,14,30,112,92,20,28.205128205128204,8.974358974358974,19.230769230769234,71.7948717948718,58.97435897435898,12.82051282051282
E00119445,185,59,24,35,126,113,13,31.891891891891895,12.972972972972974,18.91891891891892,68.10810810810811,61.08108108108108,7.027027027027027
E00119446,114,32,14,18,82,71,11,28.07017543859649,12.280701754385964,15.789473684210526,71.9298245614035,62.28070175438597,9.649122807017543
E00119447,167,56,16,40,111,96,15,33.532934131736525,9.580838323353294,23.952095808383234,66.46706586826348,57.48502994011976,8.982035928143713
E00119448,166,40,11,29,126,111,15,24.096385542168676,6.626506024096386,17.46987951807229,75.90361445783132,66.86746987951807,9.036144578313253
E00119449,192,56,24,32,136,107,29,29.166666666666668,12.5,16.666666666666664,70.83333333333334,55.729166666666664,15.104166666666666
E00119450,286,78,30,48,208,184,24,27.27272727272727,10.48951048951049,16.783216783216783,72.72727272727273,64.33566433566433,8.391608391608392
E00119451,132,38,19,19,94,84,10,28.78787878787879,14.393939393939394,14.393939393939394,71.21212121212122,63.63636363636363,7.575757575757576
E00119452,157,45,17,28,112,95,17,28.662420382165603,10.828025477707007,17.8343949044586,71.3375796178344,60.509554140127385,10.828025477707007
E00119453,225,50,23,27,175,136,39,22.22222222222222,10.222222222222223,12,77.77777777777779,60.44444444444444,17.333333333333336
E00119454,177,40,19,21,137,119,18,22.598870056497177,10.734463276836157,11.864406779661017,77.40112994350282,67.2316384180791,10.16949152542373
E00119455,133,39,15,24,94,78,16,29.32330827067669,11.278195488721805,18.045112781954884,70.67669172932331,58.64661654135338,12.030075187969924
E00119456,132,43,11,32,89,78,11,32.57575757575758,8.333333333333332,24.242424242424242,67.42424242424242,59.09090909090909,8.333333333333332
E00119457,212,71,27,44,141,121,20,33.490566037735846,12.735849056603774,20.754716981132077,66.50943396226415,57.07547169811321,9.433962264150944
E00119459,158,30,11,19,128,116,12,18.9873417721519,6.962025316455696,12.025316455696203,81.0126582278481,73.41772151898735,7.59493670886076
E00119460,122,36,10,26,86,72,14,29.508196721311474,8.19672131147541,21.311475409836063,70.49180327868852,59.01639344262295,11.475409836065573
E00119461,127,44,13,31,83,72,11,34.645669291338585,10.236220472440944,24.409448818897637,65.35433070866141,56.69291338582677,8.661417322834646
E00119462,204,53,16,37,151,129,22,25.98039215686275,7.8431372549019605,18.137254901960784,74.01960784313727,63.23529411764706,10.784313725490197
E00119463,145,39,14,25,106,94,12,26.89655172413793,9.655172413793103,17.24137931034483,73.10344827586206,64.82758620689654,8.275862068965518
E00119464,175,60,24,36,115,104,11,34.285714285714285,13.714285714285715,20.57142857142857,65.71428571428571,59.42857142857143,6.2857142857142865
E00119465,237,46,13,33,191,159,32,19.40928270042194,5.485232067510549,13.924050632911392,80.59071729957806,67.08860759493672,13.502109704641349
E00119466,167,39,11,28,128,113,15,23.353293413173652,6.58682634730539,16.766467065868262,76.64670658682635,67.66467065868264,8.982035928143713
E00119467,166,51,22,29,115,102,13,30.72289156626506,13.253012048192772,17.46987951807229,69.27710843373494,61.44578313253012,7.83132530120482
E00119468,165,44,13,31,121,102,19,26.666666666666668,7.878787878787878,18.787878787878785,73.33333333333333,61.81818181818181,11.515151515151516
E00119469,149,44,14,30,105,91,14,29.53020134228188,9.395973154362416,20.13422818791946,70.46979865771812,61.07382550335571,9.395973154362416
E00119471,177,54,22,32,123,91,32,30.508474576271187,12.429378531073446,18.07909604519774,69.49152542372882,51.41242937853108,18.07909604519774
E00119472,182,48,17,31,134,115,19,26.373626373626376,9.340659340659341,17.032967032967033,73.62637362637363,63.18681318681318,10.43956043956044
E00119473,152,32,16,16,120,101,19,21.052631578947366,10.526315789473683,10.526315789473683,78.94736842105263,66.44736842105263,12.5
E00119474,137,41,16,25,96,73,23,29.927007299270077,11.678832116788321,18.248175182481752,70.07299270072993,53.284671532846716,16.78832116788321
E00119475,183,55,21,34,128,112,16,30.05464480874317,11.475409836065573,18.579234972677597,69.94535519125684,61.20218579234973,8.743169398907105
E00168897,179,68,43,25,111,95,16,37.988826815642454,24.022346368715084,13.966480446927374,62.01117318435754,53.072625698324025,8.938547486033519
E00168898,110,35,14,21,75,61,14,31.818181818181817,12.727272727272727,19.090909090909093,68.18181818181817,55.45454545454545,12.727272727272727
E00168900,152,49,26,23,103,90,13,32.23684210526316,17.105263157894736,15.131578947368421,67.76315789473685,59.210526315789465,8.552631578947368
E00168901,127,42,19,23,85,76,9,33.07086614173229,14.960629921259844,18.11023622047244,66.92913385826772,59.84251968503938,7.086614173228346
E00169427,126,21,7,14,105,91,14,16.666666666666664,5.555555555555555,11.11111111111111,83.33333333333334,72.22222222222221,11.11111111111111
E00169429,184,32,9,23,152,122,30,17.391304347826086,4.891304347826087,12.5,82.6086956521739,66.30434782608695,16.304347826086957
E00169430,131,37,18,19,94,83,11,28.24427480916031,13.740458015267176,14.50381679389313,71.7557251908397,63.358778625954194,8.396946564885496
E00169432,103,30,8,22,73,57,16,29.126213592233007,7.766990291262135,21.35922330097087,70.87378640776699,55.33980582524271,15.53398058252427
E00169435,168,33,19,14,135,110,25,19.642857142857142,11.30952380952381,8.333333333333332,80.35714285714286,65.47619047619048,14.880952380952381
E00169436,49,16,6,10,33,25,8,32.6530612244898,12.244897959183673,20.408163265306122,67.3469387755102,51.02040816326531,16.3265306122449
E00169438,54,16,6,10,38,29,9,29.629629629629626,11.11111111111111,18.51851851851852,70.37037037037037,53.70370370370371,16.666666666666664
E00169439,97,27,11,16,70,57,13,27.835051546391753,11.34020618556701,16.49484536082474,72.16494845360825,58.76288659793815,13.402061855670103
E00169441,156,50,22,28,106,84,22,32.05128205128205,14.102564102564102,17.94871794871795,67.94871794871796,53.84615384615385,14.102564102564102
E00169443,90,17,7,10,73,62,11,18.88888888888889,7.777777777777778,11.11111111111111,81.11111111111111,68.88888888888889,12.222222222222221
E00169731,182,41,18,23,141,117,24,22.52747252747253,9.89010989010989,12.637362637362637,77.47252747252747,64.28571428571429,13.186813186813188
E00169732,237,42,14,28,195,171,24,17.72151898734177,5.9071729957805905,11.814345991561181,82.27848101265823,72.15189873417721,10.126582278481013
E00169733,150,24,10,14,126,104,22,16,6.666666666666667,9.333333333333334,84,69.33333333333334,14.666666666666666
E00169734,239,68,32,36,171,140,31,28.451882845188287,13.389121338912133,15.062761506276152,71.54811715481172,58.57740585774059,12.97071129707113
E00169735,89,33,13,20,56,48,8,37.07865168539326,14.606741573033707,22.47191011235955,62.92134831460674,53.93258426966292,8.98876404494382
E00169736,54,22,10,12,32,28,4,40.74074074074074,18.51851851851852,22.22222222222222,59.25925925925925,51.85185185185185,7.4074074074074066
E00169737,168,43,12,31,125,104,21,25.595238095238095,7.142857142857142,18.452380952380953,74.40476190476191,61.904761904761905,12.5
E00190219,202,42,17,25,160,86,74,20.792079207920793,8.415841584158416,12.376237623762377,79.20792079207921,42.57425742574257,36.633663366336634
E00190220,147,25,9,16,122,103,19,17.006802721088434,6.122448979591836,10.884353741496598,82.99319727891157,70.06802721088435,12.925170068027212
E00190223,184,31,8,23,153,140,13,16.847826086956523,4.3478260869565215,12.5,83.15217391304348,76.08695652173914,7.065217391304348
E00190224,183,44,15,29,139,112,27,24.043715846994534,8.19672131147541,15.846994535519126,75.95628415300546,61.20218579234973,14.754098360655737
E00190231,184,28,7,21,156,129,27,15.217391304347828,3.804347826086957,11.41304347826087,84.78260869565217,70.1086956521739,14.673913043478262
E00190242,169,54,22,32,115,102,13,31.952662721893493,13.017751479289942,18.93491124260355,68.04733727810651,60.35502958579882,7.6923076923076925
E00190243,175,45,16,29,130,106,24,25.71428571428571,9.142857142857142,16.57142857142857,74.28571428571429,60.57142857142858,13.714285714285715
E00190246,59,20,12,8,39,32,7,33.89830508474576,20.33898305084746,13.559322033898304,66.10169491525424,54.23728813559322,11.864406779661017
E00190247,182,44,19,25,138,115,23,24.175824175824175,10.43956043956044,13.736263736263737,75.82417582417582,63.18681318681318,12.637362637362637
E00190250,174,39,13,26,135,115,20,22.413793103448278,7.471264367816093,14.942528735632186,77.58620689655173,66.0919540229885,11.494252873563218
E00190252,163,34,12,22,129,109,20,20.858895705521473,7.361963190184049,13.496932515337424,79.14110429447852,66.87116564417178,12.269938650306749
E00190253,164,41,18,23,123,101,22,25,10.975609756097562,14.02439024390244,75,61.58536585365854,13.414634146341465
E00190258,158,36,14,22,122,87,35,22.78481012658228,8.860759493670885,13.924050632911392,77.21518987341773,55.06329113924051,22.151898734177212
E00190259,164,41,21,20,123,97,26,25,12.804878048780488,12.195121951219512,75,59.14634146341463,15.853658536585366
E00190261,177,54,26,28,123,94,29,30.508474576271187,14.689265536723164,15.819209039548024,69.49152542372882,53.10734463276836,16.38418079096045
E00190268,183,54,20,34,129,107,22,29.508196721311474,10.92896174863388,18.579234972677597,70.49180327868852,58.46994535519126,12.021857923497267
E00190278,162,47,20,27,115,85,30,29.01234567901235,12.345679012345679,16.666666666666664,70.98765432098766,52.46913580246913,18.51851851851852
E00190279,192,50,25,25,142,106,36,26.041666666666668,13.020833333333334,13.020833333333334,73.95833333333334,55.208333333333336,18.75
E00190281,160,18,8,10,142,113,29,11.25,5,6.25,88.75,70.625,18.125
E00190282,143,44,18,26,99,83,16,30.76923076923077,12.587412587412588,18.181818181818183,69.23076923076923,58.04195804195804,11.188811188811188
E00190283,120,36,14,22,84,67,17,30,11.666666666666666,18.333333333333332,70,55.833333333333336,14.166666666666666
E00190284,155,29,8,21,126,102,24,18.70967741935484,5.161290322580645,13.548387096774196,81.29032258064515,65.80645161290323,15.483870967741936
E00190285,180,52,29,23,128,109,19,28.888888888888886,16.11111111111111,12.777777777777777,71.11111111111111,60.55555555555555,10.555555555555555
E00190286,140,49,21,28,91,73,18,35,15,20,65,52.142857142857146,12.857142857142856
E00190291,30,12,9,3,18,15,3,40,30,10,60,50,10
E00190292,177,59,21,38,118,94,24,33.33333333333333,11.864406779661017,21.468926553672315,66.66666666666666,53.10734463276836,13.559322033898304
E00190293,146,47,15,32,99,78,21,32.19178082191781,10.273972602739725,21.91780821917808,67.8082191780822,53.42465753424658,14.383561643835616
E00190296,159,44,15,29,115,96,19,27.67295597484277,9.433962264150944,18.238993710691823,72.32704402515722,60.37735849056604,11.949685534591195
E00190300,206,55,20,35,151,118,33,26.699029126213592,9.70873786407767,16.990291262135923,73.30097087378641,57.28155339805825,16.019417475728158
E00190302,184,45,19,26,139,115,24,24.456521739130434,10.326086956521738,14.130434782608695,75.54347826086956,62.5,13.043478260869565
E00190303,179,35,8,27,144,122,22,19.553072625698324,4.4692737430167595,15.083798882681565,80.44692737430168,68.15642458100558,12.290502793296088
E00190307,162,26,12,14,136,118,18,16.049382716049383,7.4074074074074066,8.641975308641975,83.9506172839506,72.8395061728395,11.11111111111111
E00190308,142,52,19,33,90,71,19,36.61971830985916,13.380281690140844,23.239436619718308,63.38028169014085,50,13.380281690140844
E00190309,158,34,16,18,124,103,21,21.518987341772153,10.126582278481013,11.39240506329114,78.48101265822784,65.18987341772153,13.291139240506327
E00190310,185,53,20,33,132,111,21,28.64864864864865,10.81081081081081,17.83783783783784,71.35135135135135,60,11.351351351351353
E00190311,178,38,14,24,140,122,18,21.34831460674157,7.865168539325842,13.48314606741573,78.65168539325843,68.53932584269663,10.112359550561797
E00190315,196,46,12,34,150,115,35,23.46938775510204,6.122448979591836,17.346938775510203,76.53061224489795,58.673469387755105,17.857142857142858
E00190316,192,35,14,21,157,132,25,18.229166666666664,7.291666666666667,10.9375,81.77083333333334,68.75,13.020833333333334
E00190327,130,30,10,20,100,89,11,23.076923076923077,7.6923076923076925,15.384615384615385,76.92307692307693,68.46153846153847,8.461538461538462
E00190328,97,18,6,12,79,59,20,18.556701030927837,6.185567010309279,12.371134020618557,81.44329896907216,60.824742268041234,20.618556701030926
E00190330,172,41,14,27,131,104,27,23.837209302325583,8.13953488372093,15.69767441860465,76.16279069767442,60.46511627906976,15.69767441860465
E00190331,88,24,10,14,64,49,15,27.27272727272727,11.363636363636363,15.909090909090908,72.72727272727273,55.68181818181818,17.045454545454543
E00190333,161,18,9,9,143,118,25,11.180124223602485,5.590062111801243,5.590062111801243,88.81987577639751,73.29192546583852,15.527950310559005
E00190335,233,51,20,31,182,147,35,21.888412017167383,8.583690987124463,13.304721030042918,78.11158798283262,63.0901287553648,15.021459227467812
E00190341,127,48,34,14,79,67,12,37.79527559055118,26.77165354330709,11.023622047244094,62.20472440944882,52.75590551181102,9.448818897637794
E00190342,128,19,7,12,109,91,18,14.84375,5.46875,9.375,85.15625,71.09375,14.0625
E00190343,181,44,16,28,137,107,30,24.30939226519337,8.83977900552486,15.469613259668508,75.69060773480662,59.11602209944752,16.574585635359114
E00190344,142,48,21,27,94,66,28,33.80281690140845,14.788732394366196,19.014084507042252,66.19718309859155,46.478873239436616,19.718309859154928
E00190347,60,10,6,4,50,38,12,16.666666666666664,10,6.666666666666667,83.33333333333334,63.33333333333333,20
