OA,ts0380001,ts0380002,ts0380003,ts0380004,ts0380005,ts0380006,ts0380007,ts0380002_PCT,ts0380003_PCT,ts0380004_PCT,ts0380005_PCT,ts0380006_PCT,ts0380007_PCT
E00142014,398,51,18,33,347,29,318,12.814070351758794,4.522613065326634,8.291457286432161,87.1859296482412,7.2864321608040195,79.89949748743719
E00142015,474,35,16,19,439,35,404,7.383966244725738,3.375527426160337,4.008438818565401,92.61603375527426,7.383966244725738,85.23206751054853
E00142016,348,34,6,28,314,31,283,9.770114942528735,1.7241379310344827,8.045977011494253,90.22988505747126,8.908045977011495,81.32183908045977
E00142017,327,33,11,22,294,25,269,10.091743119266056,3.3639143730886847,6.727828746177369,89.90825688073394,7.64525993883792,82.26299694189603
E00142018,214,29,14,15,185,15,170,13.551401869158877,6.5420560747663545,7.009345794392523,86.44859813084112,7.009345794392523,79.43925233644859
E00142019,208,26,6,20,182,16,166,12.5,2.8846153846153846,9.615384615384617,87.5,7.6923076923076925,79.8076923076923
E00142020,345,45,14,31,300,24,276,13.043478260869565,4.057971014492753,8.985507246376812,86.95652173913044,6.956521739130435,80
E00142021,516,66,35,31,450,41,409,12.790697674418606,6.782945736434108,6.007751937984496,87.20930232558139,7.945736434108527,79.26356589147287
E00142022,269,48,22,26,221,21,200,17.843866171003718,8.178438661710038,9.66542750929368,82.15613382899627,7.806691449814126,74.34944237918215
E00142023,395,52,21,31,343,32,311,13.164556962025317,5.3164556962025316,7.848101265822785,86.83544303797468,8.10126582278481,78.73417721518987
E00142025,283,54,26,28,229,29,200,19.081272084805654,9.187279151943462,9.89399293286219,80.91872791519434,10.247349823321555,70.6713780918728
E00142026,317,61,19,42,256,25,231,19.242902208201894,5.993690851735016,13.249211356466878,80.7570977917981,7.886435331230284,72.87066246056783
E00142027,344,59,24,35,285,27,258,17.151162790697676,6.976744186046512,10.174418604651162,82.84883720930233,7.848837209302325,75
E00142028,299,47,22,25,252,26,226,15.719063545150503,7.357859531772576,8.361204013377927,84.2809364548495,8.695652173913043,75.58528428093646
E00142029,280,46,18,28,234,28,206,16.428571428571427,6.428571428571428,10,83.57142857142857,10,73.57142857142858
E00142030,407,55,16,39,352,26,326,13.513513513513514,3.9312039312039313,9.582309582309582,86.48648648648648,6.388206388206388,80.0982800982801
E00142031,302,53,25,28,249,35,214,17.549668874172188,8.27814569536424,9.271523178807946,82.45033112582782,11.589403973509933,70.86092715231787
E00142032,258,53,23,30,205,15,190,20.54263565891473,8.914728682170542,11.627906976744185,79.45736434108527,5.813953488372093,73.64341085271317
E00142033,456,59,20,39,397,39,358,12.938596491228072,4.385964912280701,8.552631578947368,87.06140350877193,8.552631578947368,78.50877192982456
E00142034,295,57,27,30,238,30,208,19.322033898305087,9.152542372881356,10.16949152542373,80.67796610169492,10.16949152542373,70.50847457627118
E00142035,306,40,16,24,266,17,249,13.071895424836603,5.228758169934641,7.8431372549019605,86.9281045751634,5.555555555555555,81.37254901960785
E00142036,494,99,52,47,395,30,365,20.040485829959515,10.526315789473683,9.51417004048583,79.95951417004049,6.0728744939271255,73.88663967611336
E00142037,313,62,25,37,251,26,225,19.808306709265175,7.987220447284344,11.821086261980831,80.19169329073482,8.30670926517572,71.8849840255591
E00142038,333,49,10,39,284,42,242,14.714714714714713,3.003003003003003,11.711711711711711,85.28528528528528,12.612612612612612,72.67267267267268
E00142039,484,62,27,35,422,43,379,12.8099173553719,5.578512396694215,7.231404958677685,87.19008264462809,8.884297520661157,78.30578512396694
E00142040,356,58,23,35,298,32,266,16.292134831460675,6.460674157303371,9.831460674157304,83.70786516853933,8.98876404494382,74.71910112359551
E00142041,327,52,24,28,275,47,228,15.902140672782874,7.339449541284404,8.56269113149847,84.09785932721712,14.37308868501529,69.72477064220183
E00142042,359,41,14,27,318,38,280,11.420612813370473,3.8997214484679668,7.520891364902507,88.57938718662952,10.584958217270195,77.99442896935933
E00142043,317,53,17,36,264,26,238,16.7192429022082,5.3627760252365935,11.35646687697161,83.2807570977918,8.201892744479496,75.0788643533123
E00142045,282,36,15,21,246,24,222,12.76595744680851,5.319148936170213,7.446808510638298,87.2340425531915,8.51063829787234,78.72340425531915
E00142046,267,27,5,22,240,12,228,10.112359550561797,1.8726591760299627,8.239700374531834,89.8876404494382,4.49438202247191,85.39325842696628
E00142047,382,54,14,40,328,29,299,14.136125654450263,3.664921465968586,10.471204188481675,85.86387434554975,7.591623036649215,78.27225130890052
E00142048,479,77,27,50,402,56,346,16.075156576200417,5.6367432150313155,10.438413361169102,83.92484342379957,11.691022964509393,72.23382045929019
E00142049,199,46,15,31,153,14,139,23.115577889447238,7.537688442211055,15.577889447236181,76.88442211055276,7.035175879396985,69.84924623115577
E00142050,284,51,25,26,233,21,212,17.95774647887324,8.80281690140845,9.15492957746479,82.04225352112677,7.394366197183098,74.64788732394366
E00142051,290,58,24,34,232,15,217,20,8.275862068965518,11.724137931034482,80,5.172413793103448,74.82758620689656
E00142052,321,55,27,28,266,33,233,17.133956386292834,8.411214953271028,8.722741433021806,82.86604361370716,10.2803738317757,72.58566978193146
E00142053,334,47,15,32,287,29,258,14.071856287425149,4.491017964071856,9.580838323353294,85.92814371257485,8.682634730538922,77.24550898203593
E00142054,333,72,27,45,261,25,236,21.62162162162162,8.108108108108109,13.513513513513514,78.37837837837837,7.5075075075075075,70.87087087087087
E00142055,239,55,18,37,184,23,161,23.01255230125523,7.531380753138076,15.481171548117153,76.98744769874477,9.623430962343097,67.36401673640168
E00142056,284,50,18,32,234,26,208,17.6056338028169,6.338028169014084,11.267605633802818,82.3943661971831,9.15492957746479,73.23943661971832
E00142057,621,79,26,53,542,40,502,12.721417069243158,4.186795491143317,8.53462157809984,87.27858293075684,6.44122383252818,80.83735909822866
E00142058,397,53,14,39,344,41,303,13.350125944584383,3.5264483627204033,9.82367758186398,86.64987405541562,10.327455919395465,76.32241813602015
E00142059,199,68,24,44,131,14,117,34.17085427135678,12.060301507537687,22.110552763819097,65.82914572864321,7.035175879396985,58.79396984924623
E00142060,300,34,13,21,266,30,236,11.333333333333332,4.333333333333334,7.000000000000001,88.66666666666667,10,78.66666666666666
E00142061,515,96,44,52,419,38,381,18.640776699029125,8.54368932038835,10.097087378640776,81.35922330097087,7.3786407766990285,73.98058252427184
E00142062,108,20,7,13,88,6,82,18.51851851851852,6.481481481481481,12.037037037037036,81.48148148148148,5.555555555555555,75.92592592592592
E00142063,222,29,7,22,193,16,177,13.063063063063062,3.153153153153153,9.90990990990991,86.93693693693693,7.207207207207207,79.72972972972973
E00142064,147,16,5,11,131,15,116,10.884353741496598,3.4013605442176873,7.482993197278912,89.1156462585034,10.204081632653061,78.91156462585033
E00142065,301,34,12,22,267,26,241,11.295681063122924,3.9867109634551494,7.308970099667775,88.70431893687709,8.637873754152823,80.06644518272425
E00142066,301,54,20,34,247,33,214,17.940199335548172,6.64451827242525,11.295681063122924,82.05980066445183,10.96345514950166,71.09634551495017
E00142067,305,49,22,27,256,26,230,16.065573770491802,7.213114754098362,8.852459016393443,83.93442622950819,8.524590163934425,75.40983606557377
E00142068,320,40,11,29,280,39,241,12.5,3.4375000000000004,9.0625,87.5,12.1875,75.3125
E00142069,271,33,9,24,238,27,211,12.177121771217712,3.3210332103321036,8.856088560885608,87.82287822878229,9.96309963099631,77.85977859778598
E00142070,152,20,5,15,132,6,126,13.157894736842104,3.289473684210526,9.868421052631579,86.8421052631579,3.9473684210526314,82.89473684210526
E00142072,354,49,15,34,305,20,285,13.841807909604519,4.23728813559322,9.6045197740113,86.15819209039547,5.649717514124294,80.50847457627118
E00142073,485,71,26,45,414,42,372,14.63917525773196,5.360824742268041,9.278350515463918,85.36082474226804,8.65979381443299,76.70103092783506
E00142074,272,49,14,35,223,15,208,18.014705882352942,5.147058823529411,12.867647058823529,81.98529411764706,5.514705882352941,76.47058823529412
E00142075,285,48,12,36,237,19,218,16.842105263157894,4.2105263157894735,12.631578947368421,83.15789473684211,6.666666666666667,76.49122807017544
E00142076,396,62,23,39,334,40,294,15.656565656565657,5.808080808080808,9.848484848484848,84.34343434343434,10.1010101010101,74.24242424242425
E00142077,284,51,18,33,233,35,198,17.95774647887324,6.338028169014084,11.619718309859154,82.04225352112677,12.323943661971832,69.71830985915493
E00142078,371,48,12,36,323,27,296,12.93800539083558,3.234501347708895,9.703504043126685,87.06199460916442,7.277628032345014,79.78436657681941
E00142079,213,37,17,20,176,20,156,17.370892018779344,7.981220657276995,9.389671361502346,82.62910798122066,9.389671361502346,73.23943661971832
E00142080,564,91,26,65,473,43,430,16.134751773049647,4.609929078014184,11.52482269503546,83.86524822695036,7.624113475177305,76.24113475177306
E00142082,305,71,29,42,234,19,215,23.278688524590162,9.508196721311474,13.77049180327869,76.72131147540983,6.229508196721312,70.49180327868852
E00142083,299,51,14,37,248,31,217,17.05685618729097,4.682274247491638,12.37458193979933,82.94314381270902,10.367892976588628,72.5752508361204
E00142084,573,93,41,52,480,37,443,16.230366492146597,7.155322862129145,9.07504363001745,83.7696335078534,6.457242582897033,77.31239092495636
E00142085,170,15,3,12,155,11,144,8.823529411764707,1.7647058823529411,7.0588235294117645,91.17647058823529,6.470588235294119,84.70588235294117
E00142086,111,23,9,14,88,7,81,20.72072072072072,8.108108108108109,12.612612612612612,79.27927927927928,6.306306306306306,72.97297297297297
E00142087,292,40,12,28,252,25,227,13.698630136986301,4.10958904109589,9.58904109589041,86.3013698630137,8.561643835616438,77.73972602739725
E00142088,256,59,22,37,197,18,179,23.046875,8.59375,14.453125,76.953125,7.03125,69.921875
E00142089,344,89,45,44,255,18,237,25.872093023255815,13.08139534883721,12.790697674418606,74.12790697674419,5.232558139534884,68.8953488372093
E00142090,147,39,18,21,108,6,102,26.53061224489796,12.244897959183673,14.285714285714285,73.46938775510205,4.081632653061225,69.38775510204081
E00142091,226,31,13,18,195,10,185,13.716814159292035,5.752212389380531,7.964601769911504,86.28318584070797,4.424778761061947,81.85840707964603
E00142092,124,25,10,15,99,13,86,20.161290322580644,8.064516129032258,12.096774193548388,79.83870967741935,10.483870967741936,69.35483870967742
E00142093,133,30,17,13,103,9,94,22.55639097744361,12.781954887218044,9.774436090225564,77.44360902255639,6.7669172932330826,70.67669172932331
E00142094,398,82,38,44,316,28,288,20.603015075376884,9.547738693467336,11.055276381909549,79.39698492462311,7.035175879396985,72.36180904522614
E00142095,211,39,20,19,172,11,161,18.48341232227488,9.47867298578199,9.004739336492891,81.51658767772511,5.213270142180095,76.30331753554502
E00142096,399,59,19,40,340,27,313,14.786967418546364,4.761904761904762,10.025062656641603,85.21303258145363,6.7669172932330826,78.44611528822055
E00142097,275,37,10,27,238,17,221,13.454545454545455,3.6363636363636362,9.818181818181818,86.54545454545455,6.181818181818182,80.36363636363636
E00142098,269,64,24,40,205,17,188,23.79182156133829,8.921933085501859,14.869888475836431,76.2081784386617,6.319702602230483,69.88847583643123
E00142099,340,72,35,37,268,19,249,21.176470588235293,10.294117647058822,10.882352941176471,78.82352941176471,5.588235294117648,73.23529411764706
E00142100,262,76,41,35,186,15,171,29.00763358778626,15.648854961832063,13.358778625954198,70.99236641221374,5.7251908396946565,65.2671755725191
E00142101,292,64,37,27,228,17,211,21.91780821917808,12.67123287671233,9.246575342465754,78.08219178082192,5.821917808219178,72.26027397260275
E00142102,231,37,12,25,194,16,178,16.017316017316016,5.194805194805195,10.822510822510822,83.98268398268398,6.926406926406926,77.05627705627705
E00142103,263,44,15,29,219,22,197,16.730038022813687,5.7034220532319395,11.02661596958175,83.26996197718631,8.365019011406844,74.90494296577947
E00142104,312,47,25,22,265,29,236,15.064102564102564,8.012820512820513,7.051282051282051,84.93589743589743,9.294871794871796,75.64102564102564
E00142105,231,54,20,34,177,11,166,23.376623376623375,8.658008658008658,14.71861471861472,76.62337662337663,4.761904761904762,71.86147186147186
E00142106,231,42,19,23,189,21,168,18.181818181818183,8.225108225108226,9.956709956709958,81.81818181818183,9.090909090909092,72.72727272727273
E00142107,222,27,11,16,195,18,177,12.162162162162163,4.954954954954955,7.207207207207207,87.83783783783784,8.108108108108109,79.72972972972973
E00142109,462,69,24,45,393,45,348,14.935064935064934,5.194805194805195,9.740259740259742,85.06493506493507,9.740259740259742,75.32467532467533
E00142110,288,47,16,31,241,36,205,16.319444444444446,5.555555555555555,10.76388888888889,83.68055555555556,12.5,71.18055555555556
E00142111,332,49,19,30,283,19,264,14.759036144578314,5.72289156626506,9.036144578313253,85.2409638554217,5.72289156626506,79.51807228915662
E00142112,314,53,20,33,261,28,233,16.878980891719745,6.369426751592357,10.509554140127388,83.12101910828027,8.9171974522293,74.20382165605095
E00142113,226,45,17,28,181,26,155,19.911504424778762,7.52212389380531,12.389380530973451,80.08849557522124,11.504424778761061,68.58407079646017
E00142114,290,45,17,28,245,17,228,15.517241379310345,5.862068965517241,9.655172413793103,84.48275862068965,5.862068965517241,78.62068965517241
E00142116,275,45,14,31,230,18,212,16.363636363636363,5.090909090909091,11.272727272727273,83.63636363636363,6.545454545454546,77.0909090909091
E00142117,231,57,18,39,174,16,158,24.675324675324674,7.792207792207792,16.883116883116884,75.32467532467533,6.926406926406926,68.3982683982684
E00142118,282,40,13,27,242,32,210,14.184397163120568,4.609929078014184,9.574468085106384,85.81560283687944,11.347517730496454,74.46808510638297
E00142119,310,46,10,36,264,23,241,14.838709677419354,3.225806451612903,11.612903225806452,85.16129032258064,7.419354838709677,77.74193548387098
E00142120,434,77,23,54,357,39,318,17.741935483870968,5.299539170506913,12.442396313364055,82.25806451612904,8.986175115207374,73.27188940092167
E00142122,410,39,5,34,371,28,343,9.512195121951219,1.2195121951219512,8.292682926829269,90.48780487804878,6.829268292682928,83.65853658536585
E00142123,415,67,30,37,348,33,315,16.14457831325301,7.228915662650602,8.91566265060241,83.855421686747,7.951807228915662,75.90361445783132
E00142124,258,38,12,26,220,19,201,14.728682170542637,4.651162790697675,10.077519379844961,85.27131782945736,7.3643410852713185,77.90697674418605
E00142125,279,49,19,30,230,20,210,17.562724014336915,6.810035842293908,10.75268817204301,82.43727598566308,7.168458781362006,75.26881720430107
E00142126,437,60,26,34,377,31,346,13.729977116704806,5.949656750572083,7.780320366132723,86.2700228832952,7.093821510297483,79.17620137299771
E00142127,401,45,10,35,356,40,316,11.221945137157107,2.493765586034913,8.728179551122196,88.7780548628429,9.975062344139651,78.80299251870323
E00142128,492,73,30,43,419,47,372,14.83739837398374,6.097560975609756,8.739837398373984,85.16260162601627,9.552845528455284,75.60975609756098
E00142129,477,65,26,39,412,27,385,13.626834381551362,5.450733752620545,8.176100628930817,86.37316561844864,5.660377358490567,80.71278825995807
E00142130,286,25,8,17,261,26,235,8.741258741258742,2.797202797202797,5.944055944055944,91.25874125874127,9.090909090909092,82.16783216783216
E00142131,325,72,26,46,253,16,237,22.153846153846153,8,14.153846153846153,77.84615384615384,4.923076923076923,72.92307692307692
E00142132,295,53,22,31,242,31,211,17.966101694915253,7.457627118644068,10.508474576271185,82.03389830508473,10.508474576271185,71.52542372881356
E00142133,122,24,11,13,98,10,88,19.672131147540984,9.01639344262295,10.655737704918032,80.32786885245902,8.19672131147541,72.1311475409836
E00142134,125,28,10,18,97,10,87,22.400000000000002,8,14.399999999999999,77.60000000000001,8,69.6
E00142135,560,64,20,44,496,41,455,11.428571428571429,3.571428571428571,7.857142857142857,88.57142857142857,7.321428571428572,81.25
E00142136,354,46,10,36,308,25,283,12.994350282485875,2.824858757062147,10.16949152542373,87.00564971751412,7.062146892655368,79.94350282485875
E00142137,363,57,16,41,306,25,281,15.702479338842975,4.40771349862259,11.294765840220386,84.29752066115702,6.887052341597796,77.41046831955923
E00142138,320,63,30,33,257,35,222,19.6875,9.375,10.3125,80.3125,10.9375,69.375
E00142139,387,33,6,27,354,37,317,8.527131782945736,1.550387596899225,6.976744186046512,91.47286821705426,9.560723514211885,81.91214470284238
E00142140,308,60,19,41,248,20,228,19.480519480519483,6.1688311688311686,13.311688311688311,80.51948051948052,6.493506493506493,74.02597402597402
E00142141,342,55,20,35,287,30,257,16.08187134502924,5.847953216374268,10.23391812865497,83.91812865497076,8.771929824561402,75.14619883040936
E00142143,385,56,15,41,329,44,285,14.545454545454545,3.896103896103896,10.649350649350648,85.45454545454545,11.428571428571429,74.02597402597402
E00142144,334,58,25,33,276,34,242,17.365269461077844,7.48502994011976,9.880239520958083,82.63473053892216,10.179640718562874,72.45508982035929
E00142145,294,39,12,27,255,26,229,13.26530612244898,4.081632653061225,9.183673469387756,86.73469387755102,8.843537414965986,77.89115646258503
E00142146,313,55,17,38,258,30,228,17.57188498402556,5.431309904153355,12.140575079872203,82.42811501597444,9.584664536741213,72.84345047923323
E00142147,362,52,17,35,310,40,270,14.3646408839779,4.696132596685083,9.668508287292818,85.6353591160221,11.049723756906078,74.58563535911603
E00142148,335,54,21,33,281,28,253,16.119402985074625,6.26865671641791,9.850746268656717,83.88059701492537,8.358208955223882,75.5223880597015
E00142149,283,40,16,24,243,29,214,14.13427561837456,5.6537102473498235,8.480565371024735,85.86572438162544,10.247349823321555,75.61837455830388
E00142150,385,54,14,40,331,28,303,14.025974025974024,3.6363636363636362,10.38961038961039,85.97402597402596,7.2727272727272725,78.70129870129871
E00142151,298,39,14,25,259,32,227,13.087248322147651,4.697986577181208,8.389261744966444,86.91275167785236,10.738255033557047,76.1744966442953
E00142152,309,36,14,22,273,34,239,11.650485436893204,4.53074433656958,7.119741100323624,88.3495145631068,11.003236245954692,77.34627831715211
E00142153,322,42,14,28,280,18,262,13.043478260869565,4.3478260869565215,8.695652173913043,86.95652173913044,5.590062111801243,81.36645962732919
E00142154,134,23,7,16,111,11,100,17.16417910447761,5.223880597014925,11.940298507462686,82.83582089552239,8.208955223880597,74.6268656716418
E00142155,412,56,15,41,356,37,319,13.592233009708737,3.640776699029126,9.951456310679612,86.40776699029125,8.980582524271846,77.42718446601941
E00142156,390,64,36,28,326,37,289,16.41025641025641,9.230769230769232,7.179487179487179,83.58974358974359,9.487179487179487,74.1025641025641
E00142157,310,60,24,36,250,28,222,19.35483870967742,7.741935483870968,11.612903225806452,80.64516129032258,9.032258064516128,71.61290322580646
E00142158,346,60,18,42,286,28,258,17.341040462427745,5.202312138728324,12.138728323699421,82.65895953757226,8.092485549132949,74.56647398843931
E00142159,132,17,6,11,115,9,106,12.878787878787879,4.545454545454546,8.333333333333332,87.12121212121212,6.8181818181818175,80.3030303030303
E00142160,332,50,17,33,282,26,256,15.060240963855422,5.120481927710843,9.939759036144578,84.93975903614458,7.83132530120482,77.10843373493977
E00142161,388,55,15,40,333,34,299,14.175257731958762,3.865979381443299,10.309278350515463,85.82474226804123,8.762886597938143,77.0618556701031
E00142162,315,74,42,32,241,24,217,23.49206349206349,13.333333333333334,10.158730158730158,76.5079365079365,7.6190476190476195,68.88888888888889
E00142163,306,36,7,29,270,26,244,11.76470588235294,2.287581699346405,9.477124183006536,88.23529411764706,8.49673202614379,79.73856209150327
E00142164,398,54,22,32,344,27,317,13.5678391959799,5.527638190954774,8.040201005025125,86.4321608040201,6.78391959798995,79.64824120603015
E00142165,360,56,19,37,304,31,273,15.555555555555555,5.277777777777778,10.277777777777777,84.44444444444444,8.61111111111111,75.83333333333333
E00142166,144,29,9,20,115,9,106,20.13888888888889,6.25,13.88888888888889,79.86111111111111,6.25,73.61111111111111
E00142167,566,64,16,48,502,60,442,11.307420494699647,2.8268551236749118,8.480565371024735,88.69257950530034,10.60070671378092,78.09187279151944
E00142168,215,30,8,22,185,15,170,13.953488372093023,3.7209302325581395,10.232558139534884,86.04651162790698,6.976744186046512,79.06976744186046
E00142169,312,31,7,24,281,24,257,9.935897435897436,2.2435897435897436,7.6923076923076925,90.06410256410257,7.6923076923076925,82.37179487179486
E00142170,442,70,23,47,372,34,338,15.837104072398189,5.203619909502263,10.633484162895927,84.16289592760181,7.6923076923076925,76.47058823529412
E00142171,466,41,9,32,425,41,384,8.798283261802576,1.9313304721030045,6.866952789699571,91.20171673819742,8.798283261802576,82.40343347639485
E00142172,391,68,26,42,323,23,300,17.391304347826086,6.649616368286446,10.741687979539643,82.6086956521739,5.88235294117647,76.72634271099744
E00142173,257,30,11,19,227,22,205,11.673151750972762,4.280155642023346,7.392996108949417,88.32684824902724,8.560311284046692,79.76653696498055
E00142174,263,87,54,33,176,15,161,33.07984790874524,20.53231939163498,12.547528517110266,66.92015209125475,5.7034220532319395,61.21673003802282
E00142175,364,64,28,36,300,16,284,17.582417582417584,7.6923076923076925,9.89010989010989,82.41758241758241,4.395604395604396,78.02197802197803
E00142176,181,24,8,16,157,7,150,13.259668508287293,4.41988950276243,8.83977900552486,86.74033149171271,3.867403314917127,82.87292817679558
E00142177,453,70,26,44,383,37,346,15.45253863134658,5.739514348785872,9.713024282560706,84.54746136865342,8.167770419426049,76.37969094922738
E00142178,245,66,31,35,179,12,167,26.93877551020408,12.653061224489795,14.285714285714285,73.06122448979592,4.8979591836734695,68.16326530612244
E00142179,247,43,19,24,204,16,188,17.408906882591094,7.6923076923076925,9.7165991902834,82.5910931174089,6.477732793522267,76.11336032388664
E00142180,260,53,21,32,207,18,189,20.384615384615383,8.076923076923077,12.307692307692308,79.61538461538461,6.923076923076923,72.6923076923077
E00142182,184,51,22,29,133,23,110,27.717391304347828,11.956521739130435,15.760869565217392,72.28260869565217,12.5,59.78260869565217
E00142183,287,86,46,40,201,15,186,29.965156794425084,16.02787456445993,13.937282229965156,70.03484320557492,5.2264808362369335,64.80836236933798
E00142184,271,81,45,36,190,17,173,29.88929889298893,16.605166051660518,13.284132841328415,70.11070110701108,6.273062730627306,63.837638376383765
E00142185,280,62,25,37,218,15,203,22.142857142857142,8.928571428571429,13.214285714285715,77.85714285714286,5.357142857142857,72.5
E00142186,352,120,53,67,232,26,206,34.090909090909086,15.056818181818182,19.03409090909091,65.9090909090909,7.386363636363637,58.52272727272727
E00142187,326,61,27,34,265,20,245,18.711656441717793,8.282208588957054,10.429447852760736,81.28834355828221,6.134969325153374,75.15337423312883
E00142188,325,73,28,45,252,14,238,22.46153846153846,8.615384615384615,13.846153846153847,77.53846153846153,4.3076923076923075,73.23076923076923
E00142189,263,42,18,24,221,15,206,15.96958174904943,6.844106463878327,9.125475285171103,84.03041825095056,5.7034220532319395,78.32699619771863
E00142190,246,57,27,30,189,25,164,23.170731707317074,10.975609756097562,12.195121951219512,76.82926829268293,10.16260162601626,66.66666666666666
E00142191,272,47,18,29,225,24,201,17.27941176470588,6.61764705882353,10.661764705882353,82.72058823529412,8.823529411764707,73.89705882352942
E00142192,290,62,21,41,228,27,201,21.379310344827587,7.241379310344828,14.13793103448276,78.62068965517241,9.310344827586208,69.3103448275862
E00142193,298,43,12,31,255,16,239,14.429530201342283,4.026845637583892,10.40268456375839,85.57046979865773,5.369127516778524,80.20134228187919
E00142194,195,37,18,19,158,15,143,18.974358974358974,9.230769230769232,9.7435897435897445,81.02564102564102,7.6923076923076925,73.33333333333333
E00142195,318,54,20,34,264,32,232,16.9811320754717,6.289308176100629,10.69182389937107,83.01886792452831,10.062893081761008,72.95597484276729
E00142196,203,74,38,36,129,6,123,36.45320197044335,18.7192118226601,17.733990147783253,63.54679802955665,2.955665024630542,60.591133004926114
E00142197,277,60,26,34,217,13,204,21.660649819494584,9.386281588447654,12.274368231046932,78.33935018050542,4.693140794223827,73.6462093862816
E00142198,287,90,57,33,197,22,175,31.3588850174216,19.860627177700348,11.498257839721255,68.6411149825784,7.665505226480835,60.97560975609756
E00142199,357,84,32,52,273,23,250,23.52941176470588,8.96358543417367,14.565826330532214,76.47058823529412,6.442577030812324,70.02801120448179
E00142201,453,67,20,47,386,32,354,14.79028697571744,4.415011037527594,10.375275938189846,85.20971302428256,7.06401766004415,78.1456953642384
E00142202,474,74,32,42,400,26,374,15.611814345991561,6.751054852320674,8.860759493670885,84.38818565400844,5.485232067510549,78.90295358649789
E00142204,367,100,48,52,267,28,239,27.247956403269757,13.079019073569482,14.168937329700274,72.75204359673025,7.629427792915531,65.12261580381471
E00142205,348,53,19,34,295,16,279,15.229885057471265,5.459770114942529,9.770114942528735,84.77011494252874,4.597701149425287,80.17241379310344
E00142206,361,61,24,37,300,29,271,16.897506925207757,6.64819944598338,10.249307479224377,83.10249307479224,8.033240997229916,75.06925207756233
E00142207,350,128,79,49,222,19,203,36.57142857142857,22.57142857142857,14.000000000000002,63.42857142857142,5.428571428571429,57.99999999999999
E00142208,342,48,17,31,294,40,254,14.035087719298245,4.970760233918129,9.064327485380117,85.96491228070175,11.695906432748536,74.26900584795322
E00142209,287,67,28,39,220,23,197,23.34494773519164,9.75609756097561,13.588850174216027,76.65505226480836,8.013937282229964,68.6411149825784
E00142210,199,42,11,31,157,14,143,21.105527638190953,5.527638190954774,15.577889447236181,78.89447236180904,7.035175879396985,71.85929648241206
E00142211,263,54,22,32,209,17,192,20.53231939163498,8.365019011406844,12.167300380228136,79.46768060836501,6.4638783269961975,73.00380228136882
E00142212,277,69,27,42,208,25,183,24.90974729241877,9.747292418772563,15.162454873646208,75.09025270758123,9.025270758122744,66.06498194945848
E00142213,298,46,20,26,252,30,222,15.436241610738255,6.7114093959731544,8.724832214765101,84.56375838926175,10.06711409395973,74.49664429530202
E00142214,261,49,23,26,212,19,193,18.773946360153257,8.812260536398467,9.961685823754788,81.22605363984674,7.2796934865900385,73.9463601532567
E00142215,288,40,14,26,248,24,224,13.88888888888889,4.861111111111112,9.027777777777777,86.11111111111111,8.333333333333332,77.77777777777779
E00142216,301,42,10,32,259,26,233,13.953488372093023,3.322259136212625,10.631229235880399,86.04651162790698,8.637873754152823,77.40863787375415
E00142217,331,60,25,35,271,24,247,18.12688821752266,7.552870090634441,10.574018126888216,81.87311178247734,7.250755287009064,74.62235649546828
E00142218,290,52,26,26,238,25,213,17.93103448275862,8.96551724137931,8.96551724137931,82.06896551724138,8.620689655172415,73.44827586206897
E00142220,282,47,11,36,235,33,202,16.666666666666664,3.900709219858156,12.76595744680851,83.33333333333334,11.702127659574469,71.63120567375887
E00142221,250,66,36,30,184,13,171,26.400000000000002,14.399999999999999,12,73.6,5.2,68.4
E00142222,477,54,18,36,423,41,382,11.320754716981133,3.7735849056603774,7.547169811320755,88.67924528301887,8.59538784067086,80.083857442348
E00142224,283,39,15,24,244,27,217,13.780918727915195,5.30035335689046,8.480565371024735,86.21908127208481,9.540636042402827,76.67844522968198
E00142226,359,58,23,35,301,32,269,16.15598885793872,6.406685236768802,9.749303621169917,83.84401114206128,8.913649025069638,74.93036211699165
E00142227,260,54,20,34,206,30,176,20.76923076923077,7.6923076923076925,13.076923076923078,79.23076923076923,11.538461538461538,67.6923076923077
E00142228,378,55,18,37,323,32,291,14.550264550264549,4.761904761904762,9.788359788359788,85.44973544973546,8.465608465608465,76.98412698412699
E00142229,270,55,18,37,215,21,194,20.37037037037037,6.666666666666667,13.703703703703704,79.62962962962963,7.777777777777778,71.85185185185186
E00142230,288,66,27,39,222,16,206,22.916666666666664,9.375,13.541666666666666,77.08333333333334,5.555555555555555,71.52777777777779
E00142231,374,64,19,45,310,28,282,17.11229946524064,5.080213903743315,12.032085561497325,82.88770053475936,7.4866310160427805,75.40106951871658
E00142232,295,55,27,28,240,21,219,18.64406779661017,9.152542372881356,9.491525423728813,81.35593220338984,7.118644067796611,74.23728813559322
E00142233,474,57,22,35,417,38,379,12.025316455696203,4.641350210970464,7.383966244725738,87.9746835443038,8.016877637130802,79.957805907173
E00142234,300,113,68,45,187,25,162,37.666666666666664,22.666666666666664,15,62.33333333333333,8.333333333333332,54
E00142235,263,33,15,18,230,9,221,12.547528517110266,5.7034220532319395,6.844106463878327,87.45247148288973,3.4220532319391634,84.03041825095056
E00142236,244,70,35,35,174,20,154,28.688524590163933,14.344262295081966,14.344262295081966,71.31147540983606,8.19672131147541,63.114754098360656
E00142237,259,46,16,30,213,20,193,17.760617760617762,6.177606177606178,11.583011583011583,82.23938223938224,7.722007722007722,74.5173745173745
E00142238,347,35,11,24,312,31,281,10.086455331412104,3.170028818443804,6.9164265129683,89.9135446685879,8.93371757925072,80.97982708933718
E00142239,241,45,17,28,196,37,159,18.672199170124482,7.053941908713693,11.618257261410788,81.32780082987551,15.352697095435685,65.97510373443983
E00142240,306,38,16,22,268,24,244,12.418300653594772,5.228758169934641,7.18954248366013,87.58169934640523,7.8431372549019605,79.73856209150327
E00142241,286,46,18,28,240,27,213,16.083916083916083,6.293706293706294,9.79020979020979,83.91608391608392,9.44055944055944,74.47552447552448
E00142242,267,49,22,27,218,16,202,18.352059925093634,8.239700374531834,10.112359550561797,81.64794007490637,5.992509363295881,75.65543071161048
E00142243,294,50,15,35,244,28,216,17.006802721088434,5.1020408163265305,11.904761904761903,82.99319727891157,9.523809523809524,73.46938775510205
E00142244,331,65,26,39,266,26,240,19.637462235649547,7.854984894259818,11.782477341389729,80.36253776435045,7.854984894259818,72.50755287009063
E00142245,272,29,10,19,243,25,218,10.661764705882353,3.6764705882352944,6.985294117647059,89.33823529411765,9.191176470588236,80.14705882352942
E00142246,268,52,26,26,216,27,189,19.402985074626866,9.701492537313433,9.701492537313433,80.59701492537313,10.074626865671641,70.52238805970148
E00142247,283,43,10,33,240,31,209,15.19434628975265,3.53356890459364,11.66077738515901,84.80565371024736,10.954063604240282,73.85159010600707
E00142248,315,30,13,17,285,32,253,9.523809523809524,4.1269841269841265,5.396825396825397,90.47619047619048,10.158730158730158,80.31746031746032
E00142249,250,58,26,32,192,16,176,23.200000000000003,10.4,12.8,76.8,6.4,70.39999999999999
E00142251,239,69,25,44,170,17,153,28.870292887029287,10.460251046025103,18.410041841004183,71.1297071129707,7.112970711297072,64.01673640167364
E00142252,253,34,7,27,219,22,197,13.438735177865613,2.766798418972332,10.67193675889328,86.56126482213439,8.695652173913043,77.86561264822134
E00142253,252,31,9,22,221,18,203,12.3015873015873,3.571428571428571,8.73015873015873,87.6984126984127,7.142857142857142,80.55555555555556
E00142254,186,50,25,25,136,16,120,26.881720430107524,13.440860215053762,13.440860215053762,73.11827956989248,8.60215053763441,64.51612903225806
E00142255,271,63,19,44,208,16,192,23.247232472324722,7.011070110701106,16.236162361623617,76.75276752767527,5.904059040590406,70.84870848708486
E00142256,180,71,35,36,109,12,97,39.44444444444444,19.444444444444446,20,60.55555555555555,6.666666666666667,53.888888888888886
E00142257,269,40,13,27,229,20,209,14.869888475836431,4.83271375464684,10.037174721189592,85.13011152416357,7.434944237918216,77.69516728624535
E00142258,298,47,7,40,251,25,226,15.771812080536913,2.348993288590604,13.422818791946309,84.22818791946308,8.389261744966444,75.83892617449665
E00142259,296,39,18,21,257,18,239,13.175675675675674,6.081081081081082,7.094594594594595,86.82432432432432,6.081081081081082,80.74324324324324
E00142260,280,69,42,27,211,21,190,24.642857142857146,15,9.642857142857144,75.35714285714286,7.5,67.85714285714286
E00142261,340,53,10,43,287,32,255,15.588235294117647,2.941176470588235,12.647058823529411,84.41176470588235,9.411764705882353,75
E00142262,258,32,12,20,226,30,196,12.4031007751938,4.651162790697675,7.751937984496124,87.59689922480621,11.627906976744185,75.96899224806202
E00142263,240,51,20,31,189,9,180,21.25,8.333333333333332,12.916666666666668,78.75,3.75,75
E00142264,483,68,32,36,415,42,373,14.078674948240167,6.625258799171843,7.453416149068323,85.92132505175984,8.695652173913043,77.22567287784679
E00142265,289,51,25,26,238,19,219,17.647058823529413,8.650519031141869,8.996539792387544,82.35294117647058,6.5743944636678195,75.77854671280276
E00142266,164,26,10,16,138,10,128,15.853658536585366,6.097560975609756,9.75609756097561,84.14634146341463,6.097560975609756,78.04878048780488
E00142267,237,45,16,29,192,15,177,18.9873417721519,6.751054852320674,12.236286919831224,81.0126582278481,6.329113924050633,74.68354430379746
E00142268,386,71,34,37,315,30,285,18.393782383419687,8.808290155440414,9.585492227979273,81.60621761658031,7.772020725388601,73.83419689119171
E00142269,405,49,17,32,356,30,326,12.098765432098766,4.197530864197531,7.901234567901234,87.90123456790123,7.4074074074074066,80.49382716049382
E00142270,391,59,19,40,332,36,296,15.089514066496163,4.859335038363171,10.230179028132993,84.91048593350384,9.207161125319693,75.70332480818415
E00142271,299,43,7,36,256,11,245,14.381270903010032,2.341137123745819,12.040133779264215,85.61872909698997,3.678929765886288,81.93979933110369
E00142272,161,39,21,18,122,13,109,24.22360248447205,13.043478260869565,11.180124223602485,75.77639751552795,8.074534161490684,67.70186335403726
E00142274,188,27,6,21,161,14,147,14.361702127659576,3.1914893617021276,11.170212765957446,85.63829787234043,7.446808510638298,78.19148936170212
E00142275,353,52,26,26,301,32,269,14.730878186968837,7.365439093484419,7.365439093484419,85.26912181303116,9.06515580736544,76.20396600566572
E00170111,173,32,12,20,141,15,126,18.497109826589593,6.9364161849710975,11.560693641618498,81.5028901734104,8.670520231213873,72.83236994219652
E00170112,168,17,4,13,151,14,137,10.119047619047619,2.380952380952381,7.738095238095238,89.88095238095238,8.333333333333332,81.54761904761905
E00170113,357,37,8,29,320,26,294,10.364145658263306,2.2408963585434174,8.123249299719888,89.6358543417367,7.282913165266107,82.35294117647058
E00170114,301,66,27,39,235,25,210,21.92691029900332,8.970099667774086,12.956810631229235,78.07308970099668,8.305647840531561,69.76744186046511
E00170115,319,43,9,34,276,20,256,13.479623824451412,2.8213166144200628,10.658307210031348,86.52037617554859,6.269592476489027,80.25078369905955
E00170116,333,40,14,26,293,35,258,12.012012012012011,4.2042042042042045,7.807807807807808,87.98798798798799,10.51051051051051,77.47747747747748
E00170117,205,38,12,26,167,17,150,18.536585365853657,5.853658536585367,12.682926829268293,81.46341463414633,8.292682926829269,73.17073170731707
E00170118,276,43,18,25,233,18,215,15.579710144927535,6.521739130434782,9.057971014492754,84.42028985507247,6.521739130434782,77.89855072463769
E00170119,342,69,35,34,273,22,251,20.175438596491226,10.23391812865497,9.941520467836257,79.82456140350878,6.432748538011696,73.39181286549707
E00170120,382,62,24,38,320,41,279,16.230366492146597,6.282722513089005,9.947643979057592,83.7696335078534,10.732984293193718,73.03664921465969
E00170121,334,42,14,28,292,30,262,12.574850299401197,4.191616766467066,8.383233532934131,87.42514970059881,8.982035928143713,78.44311377245509
E00189810,314,29,13,16,285,23,262,9.235668789808917,4.140127388535031,5.095541401273886,90.76433121019109,7.32484076433121,83.43949044585987
E00189814,555,60,18,42,495,30,465,10.81081081081081,3.2432432432432434,7.567567567567568,89.1891891891892,5.405405405405405,83.78378378378379
E00189816,250,15,6,9,235,11,224,6,2.4,3.5999999999999996,94,4.3999999999999995,89.60000000000001
E00189821,245,22,2,20,223,28,195,8.979591836734693,0.8163265306122449,8.16326530612245,91.02040816326532,11.428571428571429,79.59183673469387
E00189825,315,35,15,20,280,19,261,11.11111111111111,4.761904761904762,6.349206349206349,88.88888888888889,6.031746031746032,82.85714285714286
E00189826,102,12,5,7,90,6,84,11.76470588235294,4.901960784313726,6.862745098039216,88.23529411764706,5.88235294117647,82.35294117647058
E00189829,359,40,10,30,319,33,286,11.142061281337048,2.785515320334262,8.356545961002785,88.85793871866295,9.192200557103064,79.66573816155989
E00189832,399,58,15,43,341,27,314,14.536340852130325,3.7593984962406015,10.776942355889723,85.46365914786968,6.7669172932330826,78.69674185463658
E00189833,289,24,8,16,265,27,238,8.304498269896193,2.768166089965398,5.536332179930796,91.6955017301038,9.342560553633218,82.35294117647058
E00189834,103,23,10,13,80,9,71,22.330097087378643,9.70873786407767,12.62135922330097,77.66990291262135,8.737864077669903,68.93203883495146
E00189835,470,80,33,47,390,35,355,17.02127659574468,7.021276595744681,10,82.97872340425532,7.446808510638298,75.53191489361703
E00189836,462,43,18,25,419,43,376,9.307359307359308,3.896103896103896,5.411255411255411,90.6926406926407,9.307359307359308,81.38528138528139
E00189840,268,66,24,42,202,32,170,24.62686567164179,8.955223880597014,15.671641791044777,75.3731343283582,11.940298507462686,63.43283582089553
E00189843,313,47,16,31,266,27,239,15.015974440894569,5.111821086261981,9.904153354632587,84.98402555910543,8.626198083067091,76.35782747603834
E00189848,183,32,14,18,151,19,132,17.48633879781421,7.650273224043716,9.836065573770492,82.5136612021858,10.382513661202186,72.1311475409836
E00189850,213,26,7,19,187,20,167,12.206572769953052,3.286384976525822,8.92018779342723,87.79342723004694,9.389671361502346,78.40375586854461
E00189854,103,16,2,14,87,14,73,15.53398058252427,1.9417475728155338,13.592233009708737,84.46601941747572,13.592233009708737,70.87378640776699
E00189857,598,71,17,54,527,30,497,11.872909698996656,2.842809364548495,9.03010033444816,88.12709030100334,5.016722408026756,83.11036789297658
E00189860,387,36,12,24,351,38,313,9.30232558139535,3.10077519379845,6.2015503875969,90.69767441860465,9.819121447028424,80.87855297157623
E00189862,227,31,13,18,196,13,183,13.656387665198238,5.726872246696035,7.929515418502203,86.34361233480176,5.726872246696035,80.61674008810573
E00189869,604,99,35,64,505,60,445,16.39072847682119,5.7947019867549665,10.596026490066226,83.6092715231788,9.933774834437086,73.67549668874173
E00189870,209,32,8,24,177,20,157,15.311004784688995,3.827751196172249,11.483253588516746,84.688995215311,9.569377990430622,75.11961722488039
E00189872,406,44,10,34,362,38,324,10.83743842364532,2.4630541871921183,8.374384236453201,89.16256157635468,9.35960591133005,79.80295566502463
E00189879,150,22,4,18,128,12,116,14.666666666666666,2.666666666666667,12,85.33333333333334,8,77.33333333333333
E00189880,139,47,23,24,92,12,80,33.81294964028777,16.546762589928058,17.26618705035971,66.18705035971223,8.633093525179856,57.55395683453237
E00189881,167,13,3,10,154,15,139,7.784431137724551,1.7964071856287425,5.9880239520958085,92.21556886227546,8.982035928143713,83.23353293413174
E00189885,623,42,8,34,581,47,534,6.741573033707865,1.2841091492776886,5.457463884430177,93.25842696629213,7.54414125200642,85.71428571428571
E00189886,311,78,32,46,233,12,221,25.080385852090032,10.289389067524116,14.790996784565916,74.91961414790997,3.858520900321544,71.06109324758843
E00189889,234,21,9,12,213,23,190,8.974358974358974,3.8461538461538463,5.128205128205128,91.02564102564102,9.82905982905983,81.19658119658119
E00189890,601,60,21,39,541,46,495,9.983361064891847,3.494176372712146,6.4891846921797,90.01663893510815,7.653910149750416,82.36272878535775
E00189891,134,49,33,16,85,3,82,36.56716417910448,24.62686567164179,11.940298507462686,63.43283582089553,2.2388059701492535,61.19402985074627
E00189896,558,81,33,48,477,52,425,14.516129032258066,5.913978494623656,8.60215053763441,85.48387096774194,9.31899641577061,76.16487455197132
E00189901,349,35,6,29,314,26,288,10.028653295128938,1.7191977077363898,8.30945558739255,89.97134670487105,7.4498567335243555,82.52148997134671
E00189902,405,28,6,22,377,31,346,6.91358024691358,1.4814814814814816,5.432098765432099,93.08641975308643,7.654320987654321,85.4320987654321
E00189906,350,59,26,33,291,26,265,16.857142857142858,7.428571428571429,9.428571428571429,83.14285714285714,7.428571428571429,75.71428571428571
E00189909,452,34,6,28,418,34,384,7.52212389380531,1.3274336283185841,6.1946902654867255,92.47787610619469,7.52212389380531,84.95575221238938
E00189912,519,31,8,23,488,29,459,5.973025048169557,1.5414258188824663,4.431599229287091,94.02697495183044,5.5876685934489405,88.4393063583815
