OA,ts0590001,ts0590002,ts0590003,ts0590004,ts0590005,ts0590006,ts0590007,ts0590002_PCT,ts0590003_PCT,ts0590004_PCT,ts0590005_PCT,ts0590006_PCT,ts0590007_PCT
E00079934,183,53,19,34,130,117,13,28.96174863387978,10.382513661202186,18.579234972677597,71.03825136612022,63.934426229508205,7.103825136612022
E00079935,141,38,17,21,103,86,17,26.95035460992908,12.056737588652481,14.893617021276595,73.04964539007092,60.99290780141844,12.056737588652481
E00079936,107,35,16,19,72,63,9,32.71028037383177,14.953271028037381,17.75700934579439,67.28971962616822,58.87850467289719,8.411214953271028
E00079937,93,29,12,17,64,55,9,31.182795698924732,12.903225806451612,18.27956989247312,68.81720430107528,59.13978494623656,9.67741935483871
E00079938,111,36,16,20,75,55,20,32.432432432432435,14.414414414414415,18.01801801801802,67.56756756756756,49.549549549549546,18.01801801801802
E00079939,92,33,12,21,59,53,6,35.869565217391305,13.043478260869565,22.82608695652174,64.13043478260869,57.608695652173914,6.521739130434782
E00079940,119,44,19,25,75,63,12,36.97478991596639,15.966386554621847,21.008403361344538,63.02521008403361,52.94117647058824,10.084033613445378
E00079941,147,47,13,34,100,85,15,31.97278911564626,8.843537414965986,23.12925170068027,68.02721088435374,57.82312925170068,10.204081632653061
E00079942,123,35,8,27,88,78,10,28.455284552845526,6.504065040650407,21.951219512195124,71.54471544715447,63.41463414634146,8.130081300813007
E00079943,135,41,19,22,94,73,21,30.37037037037037,14.074074074074074,16.296296296296298,69.62962962962963,54.074074074074076,15.555555555555555
E00079944,115,33,13,20,82,69,13,28.695652173913043,11.304347826086957,17.391304347826086,71.30434782608695,60,11.304347826086957
E00079945,110,37,16,21,73,61,12,33.63636363636363,14.545454545454545,19.090909090909093,66.36363636363637,55.45454545454545,10.909090909090908
E00079946,124,51,20,31,73,61,12,41.12903225806452,16.129032258064516,25,58.87096774193549,49.193548387096776,9.67741935483871
E00079947,162,49,20,29,113,89,24,30.246913580246915,12.345679012345679,17.901234567901234,69.75308641975309,54.93827160493827,14.814814814814813
E00079948,124,45,17,28,79,65,14,36.29032258064516,13.709677419354838,22.58064516129032,63.70967741935484,52.41935483870967,11.29032258064516
E00079949,157,57,29,28,100,82,18,36.30573248407643,18.471337579617835,17.8343949044586,63.69426751592356,52.22929936305732,11.464968152866243
E00079950,159,53,26,27,106,90,16,33.33333333333333,16.352201257861633,16.9811320754717,66.66666666666666,56.60377358490566,10.062893081761008
E00079951,128,55,21,34,73,58,15,42.96875,16.40625,26.5625,57.03125,45.3125,11.71875
E00079952,118,36,11,25,82,68,14,30.508474576271187,9.322033898305085,21.1864406779661,69.49152542372882,57.6271186440678,11.864406779661017
E00079953,137,30,9,21,107,88,19,21.897810218978105,6.569343065693431,15.328467153284672,78.1021897810219,64.23357664233576,13.86861313868613
E00079954,130,48,17,31,82,64,18,36.92307692307693,13.076923076923078,23.846153846153847,63.07692307692307,49.23076923076923,13.846153846153847
E00079955,68,23,10,13,45,36,9,33.82352941176471,14.705882352941178,19.11764705882353,66.17647058823529,52.94117647058824,13.23529411764706
E00079956,82,30,11,19,52,41,11,36.58536585365854,13.414634146341465,23.170731707317074,63.41463414634146,50,13.414634146341465
E00079957,90,35,9,26,55,46,9,38.88888888888889,10,28.888888888888886,61.111111111111114,51.11111111111111,10
E00079958,89,23,8,15,66,48,18,25.842696629213485,8.98876404494382,16.853932584269664,74.15730337078652,53.93258426966292,20.224719101123593
E00079959,103,24,14,10,79,69,10,23.300970873786408,13.592233009708737,9.70873786407767,76.69902912621359,66.99029126213593,9.70873786407767
E00079960,114,39,12,27,75,61,14,34.21052631578947,10.526315789473683,23.684210526315788,65.78947368421053,53.50877192982456,12.280701754385964
E00079961,132,40,14,26,92,75,17,30.303030303030305,10.606060606060606,19.696969696969695,69.6969696969697,56.81818181818182,12.878787878787879
E00079962,143,42,20,22,101,77,24,29.37062937062937,13.986013986013987,15.384615384615385,70.62937062937063,53.84615384615385,16.783216783216783
E00079963,192,58,22,36,134,106,28,30.208333333333332,11.458333333333332,18.75,69.79166666666666,55.208333333333336,14.583333333333334
E00079964,48,17,3,14,31,22,9,35.41666666666667,6.25,29.166666666666668,64.58333333333334,45.83333333333333,18.75
E00079965,126,36,15,21,90,81,9,28.57142857142857,11.904761904761903,16.666666666666664,71.42857142857143,64.28571428571429,7.142857142857142
E00079966,137,43,20,23,94,74,20,31.386861313868614,14.5985401459854,16.78832116788321,68.61313868613139,54.01459854014598,14.5985401459854
E00079967,198,49,18,31,149,129,20,24.747474747474747,9.090909090909092,15.656565656565657,75.25252525252525,65.15151515151516,10.1010101010101
E00079968,126,42,17,25,84,70,14,33.33333333333333,13.492063492063492,19.841269841269842,66.66666666666666,55.55555555555556,11.11111111111111
E00079969,119,32,8,24,87,72,15,26.89075630252101,6.722689075630252,20.168067226890756,73.10924369747899,60.50420168067227,12.605042016806722
E00079970,118,41,17,24,77,68,9,34.74576271186441,14.40677966101695,20.33898305084746,65.2542372881356,57.6271186440678,7.627118644067797
E00079971,123,45,20,25,78,59,19,36.58536585365854,16.260162601626014,20.32520325203252,63.41463414634146,47.96747967479675,15.447154471544716
E00079972,140,49,19,30,91,65,26,35,13.571428571428571,21.428571428571427,65,46.42857142857143,18.571428571428573
E00079973,157,46,17,29,111,99,12,29.29936305732484,10.828025477707007,18.471337579617835,70.70063694267516,63.05732484076433,7.643312101910828
E00079974,140,56,16,40,84,69,15,40,11.428571428571429,28.57142857142857,60,49.28571428571429,10.714285714285714
E00079975,175,46,21,25,129,109,20,26.285714285714285,12,14.285714285714285,73.71428571428571,62.28571428571429,11.428571428571429
E00079976,166,61,26,35,105,86,19,36.74698795180723,15.66265060240964,21.084337349397593,63.25301204819277,51.80722891566265,11.44578313253012
E00079977,195,44,20,24,151,133,18,22.564102564102566,10.256410256410255,12.307692307692308,77.435897435897445,68.2051282051282,9.230769230769232
E00079978,203,69,25,44,134,118,16,33.99014778325123,12.31527093596059,21.67487684729064,66.00985221674877,58.128078817733986,7.8817733990147785
E00079979,154,43,16,27,111,98,13,27.92207792207792,10.38961038961039,17.532467532467532,72.07792207792207,63.63636363636363,8.441558441558442
E00079980,198,54,18,36,144,121,23,27.27272727272727,9.090909090909092,18.181818181818183,72.72727272727273,61.111111111111114,11.616161616161616
E00079981,159,65,27,38,94,81,13,40.88050314465409,16.9811320754717,23.89937106918239,59.11949685534591,50.943396226415096,8.176100628930817
E00079982,161,51,18,33,110,88,22,31.67701863354037,11.180124223602485,20.496894409937887,68.32298136645963,54.6583850931677,13.664596273291925
E00079983,179,67,28,39,112,95,17,37.43016759776536,15.64245810055866,21.787709497206702,62.56983240223464,53.072625698324025,9.497206703910614
E00079984,170,59,21,38,111,92,19,34.705882352941174,12.352941176470589,22.35294117647059,65.29411764705883,54.11764705882353,11.176470588235295
E00079985,118,37,10,27,81,67,14,31.35593220338983,8.47457627118644,22.88135593220339,68.64406779661016,56.779661016949156,11.864406779661017
E00079986,80,29,8,21,51,45,6,36.25,10,26.25,63.74999999999999,56.25,7.5
E00079987,138,45,22,23,93,79,14,32.608695652173914,15.942028985507244,16.666666666666664,67.3913043478261,57.2463768115942,10.144927536231885
E00079988,124,33,16,17,91,77,14,26.61290322580645,12.903225806451612,13.709677419354838,73.38709677419355,62.096774193548384,11.29032258064516
E00079989,135,46,19,27,89,76,13,34.074074074074076,14.074074074074074,20,65.92592592592592,56.2962962962963,9.62962962962963
E00079990,195,57,20,37,138,111,27,29.230769230769234,10.256410256410255,18.974358974358974,70.76923076923077,56.92307692307692,13.846153846153847
E00079991,156,39,21,18,117,93,24,25,13.461538461538462,11.538461538461538,75,59.61538461538461,15.384615384615385
E00079992,103,39,15,24,64,57,7,37.86407766990291,14.563106796116504,23.300970873786408,62.13592233009708,55.33980582524271,6.796116504854369
E00079993,151,66,19,47,85,70,15,43.70860927152318,12.582781456953644,31.125827814569533,56.29139072847682,46.35761589403973,9.933774834437086
E00079994,167,59,19,40,108,100,8,35.32934131736527,11.377245508982035,23.952095808383234,64.67065868263472,59.88023952095808,4.790419161676647
E00079995,87,31,16,15,56,43,13,35.63218390804598,18.39080459770115,17.24137931034483,64.36781609195403,49.42528735632184,14.942528735632186
E00079996,153,50,16,34,103,77,26,32.6797385620915,10.457516339869281,22.22222222222222,67.3202614379085,50.326797385620914,16.99346405228758
E00079997,138,43,16,27,95,72,23,31.15942028985507,11.594202898550725,19.565217391304348,68.84057971014492,52.17391304347826,16.666666666666664
E00079998,72,24,10,14,48,41,7,33.33333333333333,13.88888888888889,19.444444444444446,66.66666666666666,56.94444444444444,9.722222222222223
E00079999,231,77,29,48,154,124,30,33.33333333333333,12.554112554112553,20.77922077922078,66.66666666666666,53.67965367965368,12.987012987012985
E00080000,146,53,31,22,93,63,30,36.3013698630137,21.232876712328768,15.068493150684931,63.6986301369863,43.15068493150685,20.54794520547945
E00080001,156,43,27,16,113,77,36,27.564102564102566,17.307692307692307,10.256410256410255,72.43589743589743,49.358974358974365,23.076923076923077
E00080002,161,36,13,23,125,105,20,22.36024844720497,8.074534161490684,14.285714285714285,77.63975155279503,65.21739130434783,12.422360248447205
E00080003,188,52,18,34,136,114,22,27.659574468085108,9.574468085106384,18.085106382978726,72.3404255319149,60.63829787234043,11.702127659574469
E00080004,164,56,28,28,108,82,26,34.146341463414636,17.073170731707318,17.073170731707318,65.85365853658537,50,15.853658536585366
E00080005,150,41,21,20,109,95,14,27.333333333333332,14.000000000000002,13.333333333333334,72.66666666666667,63.33333333333333,9.333333333333334
E00080006,172,36,12,24,136,114,22,20.930232558139537,6.976744186046512,13.953488372093023,79.06976744186046,66.27906976744185,12.790697674418606
E00080007,88,30,17,13,58,43,15,34.090909090909086,19.318181818181817,14.772727272727273,65.9090909090909,48.86363636363637,17.045454545454543
E00080008,151,46,20,26,105,90,15,30.4635761589404,13.245033112582782,17.218543046357617,69.5364238410596,59.60264900662252,9.933774834437086
E00080009,137,41,16,25,96,82,14,29.927007299270077,11.678832116788321,18.248175182481752,70.07299270072993,59.854014598540154,10.218978102189782
E00080010,140,37,7,30,103,80,23,26.42857142857143,5,21.428571428571427,73.57142857142858,57.14285714285714,16.428571428571427
E00080011,139,42,20,22,97,82,15,30.215827338129497,14.388489208633093,15.827338129496402,69.7841726618705,58.992805755395686,10.79136690647482
E00080012,129,40,20,20,89,71,18,31.007751937984494,15.503875968992247,15.503875968992247,68.9922480620155,55.03875968992248,13.953488372093023
E00080013,185,50,16,34,135,115,20,27.027027027027028,8.64864864864865,18.37837837837838,72.97297297297297,62.16216216216216,10.81081081081081
E00080014,143,51,27,24,92,72,20,35.66433566433567,18.88111888111888,16.783216783216783,64.33566433566433,50.349650349650354,13.986013986013987
E00080015,135,36,15,21,99,88,11,26.666666666666668,11.11111111111111,15.555555555555555,73.33333333333333,65.18518518518519,8.148148148148149
E00080016,176,43,14,29,133,117,16,24.431818181818183,7.954545454545454,16.477272727272727,75.56818181818183,66.47727272727273,9.090909090909092
E00080017,92,21,9,12,71,52,19,22.82608695652174,9.782608695652174,13.043478260869565,77.17391304347827,56.52173913043478,20.652173913043477
E00080018,182,59,22,37,123,99,24,32.417582417582416,12.087912087912088,20.32967032967033,67.58241758241759,54.395604395604394,13.186813186813188
E00080019,119,37,13,24,82,70,12,31.092436974789916,10.92436974789916,20.168067226890756,68.90756302521008,58.82352941176471,10.084033613445378
E00080020,91,26,10,16,65,54,11,28.57142857142857,10.989010989010989,17.582417582417584,71.42857142857143,59.34065934065934,12.087912087912088
E00080021,169,54,24,30,115,92,23,31.952662721893493,14.201183431952662,17.75147928994083,68.04733727810651,54.437869822485204,13.609467455621301
E00080022,168,56,14,42,112,96,16,33.33333333333333,8.333333333333332,25,66.66666666666666,57.14285714285714,9.523809523809524
E00080023,123,35,13,22,88,68,20,28.455284552845526,10.569105691056912,17.88617886178862,71.54471544715447,55.28455284552846,16.260162601626014
E00080024,116,31,16,15,85,62,23,26.72413793103448,13.793103448275861,12.931034482758621,73.27586206896551,53.44827586206896,19.82758620689655
E00080025,140,42,10,32,98,82,16,30,7.142857142857142,22.857142857142858,70,58.57142857142858,11.428571428571429
E00080026,164,55,20,35,109,86,23,33.53658536585366,12.195121951219512,21.341463414634145,66.46341463414635,52.4390243902439,14.02439024390244
E00080027,137,48,21,27,89,73,16,35.03649635036496,15.328467153284672,19.708029197080293,64.96350364963503,53.284671532846716,11.678832116788321
E00080028,89,22,8,14,67,55,12,24.719101123595504,8.98876404494382,15.730337078651685,75.28089887640449,61.79775280898876,13.48314606741573
E00080029,135,51,27,24,84,62,22,37.77777777777778,20,17.77777777777778,62.22222222222222,45.925925925925924,16.296296296296298
E00080030,153,55,26,29,98,65,33,35.947712418300654,16.99346405228758,18.954248366013072,64.05228758169935,42.48366013071895,21.568627450980394
E00080031,161,48,21,27,113,82,31,29.81366459627329,13.043478260869565,16.77018633540373,70.1863354037267,50.931677018633536,19.25465838509317
E00080032,163,47,12,35,116,104,12,28.834355828220858,7.361963190184049,21.472392638036812,71.16564417177914,63.80368098159509,7.361963190184049
E00080033,130,38,16,22,92,77,15,29.230769230769234,12.307692307692308,16.923076923076923,70.76923076923077,59.23076923076923,11.538461538461538
E00080034,118,46,15,31,72,57,15,38.983050847457626,12.711864406779661,26.27118644067797,61.016949152542374,48.30508474576271,12.711864406779661
E00080035,178,62,29,33,116,95,21,34.831460674157306,16.292134831460675,18.53932584269663,65.1685393258427,53.37078651685393,11.797752808988763
E00080036,146,52,16,36,94,85,9,35.61643835616438,10.95890410958904,24.65753424657534,64.38356164383562,58.21917808219178,6.164383561643835
E00080037,101,30,12,18,71,66,5,29.7029702970297,11.881188118811881,17.82178217821782,70.29702970297029,65.34653465346535,4.9504950495049505
E00080038,106,40,13,27,66,57,9,37.735849056603776,12.264150943396226,25.471698113207548,62.264150943396224,53.77358490566038,8.49056603773585
E00080039,141,49,21,28,92,76,16,34.751773049645394,14.893617021276595,19.858156028368796,65.24822695035462,53.90070921985816,11.347517730496454
E00080040,124,35,10,25,89,75,14,28.225806451612907,8.064516129032258,20.161290322580644,71.7741935483871,60.483870967741936,11.29032258064516
E00080041,127,37,16,21,90,61,29,29.133858267716533,12.598425196850393,16.535433070866144,70.86614173228347,48.031496062992126,22.83464566929134
E00080042,148,38,15,23,110,93,17,25.675675675675674,10.135135135135135,15.54054054054054,74.32432432432432,62.83783783783784,11.486486486486488
E00080043,150,52,21,31,98,92,6,34.66666666666667,14.000000000000002,20.666666666666668,65.33333333333333,61.33333333333333,4
E00080044,145,49,18,31,96,84,12,33.793103448275865,12.413793103448276,21.379310344827587,66.20689655172414,57.931034482758626,8.275862068965518
E00080045,140,46,17,29,94,78,16,32.857142857142854,12.142857142857142,20.714285714285715,67.14285714285714,55.714285714285715,11.428571428571429
E00080046,98,33,16,17,65,54,11,33.6734693877551,16.3265306122449,17.346938775510203,66.3265306122449,55.10204081632652,11.224489795918368
E00080047,137,37,13,24,100,85,15,27.00729927007299,9.48905109489051,17.51824817518248,72.99270072992701,62.04379562043796,10.948905109489052
E00080048,106,37,13,24,69,60,9,34.90566037735849,12.264150943396226,22.641509433962266,65.09433962264151,56.60377358490566,8.49056603773585
E00080049,149,45,15,30,104,85,19,30.201342281879196,10.06711409395973,20.13422818791946,69.79865771812081,57.04697986577181,12.751677852348994
E00080050,136,55,24,31,81,71,10,40.44117647058824,17.647058823529413,22.794117647058822,59.55882352941176,52.20588235294118,7.352941176470589
E00080051,167,43,18,25,124,108,16,25.748502994011975,10.778443113772456,14.97005988023952,74.25149700598801,64.67065868263472,9.580838323353294
E00080052,137,45,17,28,92,78,14,32.846715328467155,12.408759124087592,20.437956204379564,67.15328467153284,56.934306569343065,10.218978102189782
E00080053,158,56,17,39,102,79,23,35.44303797468354,10.759493670886076,24.68354430379747,64.55696202531645,50,14.556962025316455
E00080054,131,37,17,20,94,83,11,28.24427480916031,12.977099236641221,15.267175572519085,71.7557251908397,63.358778625954194,8.396946564885496
E00080055,145,49,12,37,96,90,6,33.793103448275865,8.275862068965518,25.517241379310345,66.20689655172414,62.06896551724138,4.137931034482759
E00080056,167,51,24,27,116,100,16,30.538922155688624,14.37125748502994,16.16766467065868,69.46107784431138,59.88023952095808,9.580838323353294
E00080057,136,49,22,27,87,78,9,36.029411764705884,16.176470588235293,19.852941176470587,63.970588235294116,57.35294117647059,6.61764705882353
E00080058,92,36,8,28,56,47,9,39.130434782608695,8.695652173913043,30.434782608695656,60.86956521739131,51.08695652173913,9.782608695652174
E00080059,118,30,7,23,88,72,16,25.423728813559322,5.932203389830509,19.491525423728813,74.57627118644068,61.016949152542374,13.559322033898304
E00080060,108,37,16,21,71,54,17,34.25925925925926,14.814814814814813,19.444444444444446,65.74074074074075,50,15.74074074074074
E00080061,159,57,19,38,102,89,13,35.84905660377358,11.949685534591195,23.89937106918239,64.15094339622641,55.9748427672956,8.176100628930817
E00080062,115,38,12,26,77,59,18,33.04347826086956,10.434782608695652,22.608695652173914,66.95652173913044,51.30434782608696,15.65217391304348
E00080063,175,55,23,32,120,107,13,31.428571428571427,13.142857142857142,18.285714285714285,68.57142857142857,61.142857142857146,7.428571428571429
E00080064,131,32,11,21,99,86,13,24.427480916030532,8.396946564885496,16.030534351145036,75.57251908396947,65.64885496183206,9.923664122137405
E00080065,185,50,25,25,135,116,19,27.027027027027028,13.513513513513514,13.513513513513514,72.97297297297297,62.70270270270271,10.27027027027027
E00080066,84,37,15,22,47,46,1,44.047619047619044,17.857142857142858,26.190476190476193,55.952380952380956,54.761904761904766,1.1904761904761905
E00080067,103,29,7,22,74,68,6,28.155339805825243,6.796116504854369,21.35922330097087,71.84466019417476,66.01941747572816,5.825242718446602
E00080068,175,54,17,37,121,100,21,30.857142857142854,9.714285714285714,21.142857142857142,69.14285714285714,57.14285714285714,12
E00080069,189,62,25,37,127,115,12,32.804232804232804,13.227513227513226,19.576719576719576,67.1957671957672,60.84656084656085,6.349206349206349
E00080070,125,39,17,22,86,74,12,31.2,13.600000000000001,17.599999999999998,68.8,59.199999999999996,9.6
E00080071,156,46,11,35,110,89,21,29.48717948717949,7.051282051282051,22.435897435897438,70.51282051282051,57.05128205128205,13.461538461538462
E00080072,196,65,27,38,131,116,15,33.16326530612245,13.77551020408163,19.387755102040817,66.83673469387756,59.183673469387756,7.653061224489796
E00080073,153,34,11,23,119,103,16,22.22222222222222,7.18954248366013,15.032679738562091,77.77777777777779,67.3202614379085,10.457516339869281
E00080074,19,7,2,5,12,11,1,36.84210526315789,10.526315789473683,26.31578947368421,63.1578947368421,57.89473684210527,5.263157894736842
E00080075,149,61,23,38,88,71,17,40.939597315436245,15.436241610738255,25.503355704697988,59.06040268456376,47.651006711409394,11.409395973154362
E00080076,213,64,21,43,149,131,18,30.046948356807512,9.859154929577464,20.187793427230048,69.95305164319248,61.502347417840376,8.450704225352112
E00080077,164,63,27,36,101,84,17,38.41463414634146,16.463414634146343,21.951219512195124,61.58536585365854,51.21951219512195,10.365853658536585
E00080078,148,43,10,33,105,89,16,29.054054054054053,6.756756756756757,22.2972972972973,70.94594594594594,60.13513513513513,10.81081081081081
E00080079,151,49,16,33,102,91,11,32.450331125827816,10.596026490066226,21.85430463576159,67.54966887417218,60.264900662251655,7.28476821192053
E00080080,118,39,12,27,79,65,14,33.05084745762712,10.16949152542373,22.88135593220339,66.94915254237289,55.08474576271186,11.864406779661017
E00080081,144,42,17,25,102,88,14,29.166666666666668,11.805555555555555,17.36111111111111,70.83333333333334,61.111111111111114,9.722222222222223
E00080082,248,72,25,47,176,157,19,29.03225806451613,10.080645161290322,18.951612903225808,70.96774193548387,63.306451612903224,7.661290322580645
E00080084,145,49,14,35,96,87,9,33.793103448275865,9.655172413793103,24.137931034482758,66.20689655172414,60,6.206896551724138
E00080085,84,21,4,17,63,55,8,25,4.761904761904762,20.238095238095237,75,65.47619047619048,9.523809523809524
E00080086,130,44,14,30,86,75,11,33.84615384615385,10.76923076923077,23.076923076923077,66.15384615384615,57.692307692307686,8.461538461538462
E00080087,94,34,10,24,60,60,0,36.17021276595745,10.638297872340425,25.53191489361702,63.829787234042556,63.829787234042556,0
E00080088,83,30,10,20,53,52,1,36.144578313253014,12.048192771084338,24.096385542168676,63.85542168674698,62.65060240963856,1.2048192771084338
E00080091,124,31,13,18,93,79,14,25,10.483870967741936,14.516129032258066,75,63.70967741935484,11.29032258064516
E00080092,213,43,14,29,170,146,24,20.187793427230048,6.572769953051644,13.615023474178404,79.81220657276995,68.54460093896714,11.267605633802818
E00080093,162,53,24,29,109,93,16,32.71604938271605,14.814814814814813,17.901234567901234,67.28395061728395,57.407407407407405,9.876543209876543
E00080094,125,40,8,32,85,73,12,32,6.4,25.6,68,58.4,9.6
E00080095,114,38,14,24,76,68,8,33.33333333333333,12.280701754385964,21.052631578947366,66.66666666666666,59.64912280701754,7.017543859649122
E00080096,59,22,12,10,37,30,7,37.28813559322034,20.33898305084746,16.94915254237288,62.71186440677966,50.847457627118644,11.864406779661017
E00080097,169,53,18,35,116,97,19,31.360946745562128,10.650887573964498,20.710059171597635,68.63905325443787,57.396449704142015,11.242603550295858
E00080099,192,43,21,22,149,117,32,22.395833333333336,10.9375,11.458333333333332,77.60416666666666,60.9375,16.666666666666664
E00080100,144,28,10,18,116,100,16,19.444444444444446,6.944444444444445,12.5,80.55555555555556,69.44444444444444,11.11111111111111
E00080101,145,44,11,33,101,79,22,30.344827586206897,7.586206896551724,22.758620689655174,69.6551724137931,54.48275862068965,15.172413793103448
E00080102,191,54,19,35,137,109,28,28.272251308900525,9.947643979057592,18.32460732984293,71.72774869109948,57.06806282722513,14.659685863874344
E00080103,117,33,16,17,84,65,19,28.205128205128204,13.675213675213676,14.529914529914532,71.7948717948718,55.55555555555556,16.23931623931624
E00080104,134,44,22,22,90,64,26,32.83582089552239,16.417910447761194,16.417910447761194,67.16417910447761,47.76119402985074,19.402985074626866
E00080105,175,40,8,32,135,114,21,22.857142857142858,4.571428571428571,18.285714285714285,77.14285714285715,65.14285714285715,12
E00080106,134,43,15,28,91,66,25,32.08955223880597,11.194029850746269,20.8955223880597,67.91044776119402,49.25373134328358,18.65671641791045
E00080107,161,48,17,31,113,89,24,29.81366459627329,10.559006211180124,19.25465838509317,70.1863354037267,55.27950310559007,14.906832298136646
E00080108,193,61,16,45,132,112,20,31.606217616580313,8.290155440414509,23.316062176165804,68.39378238341969,58.03108808290155,10.362694300518134
E00080109,197,47,17,30,150,123,27,23.85786802030457,8.629441624365482,15.228426395939088,76.14213197969542,62.43654822335025,13.705583756345177
E00080110,145,42,15,27,103,89,14,28.965517241379313,10.344827586206897,18.620689655172416,71.03448275862068,61.37931034482759,9.655172413793103
E00080111,155,41,13,28,114,95,19,26.451612903225808,8.38709677419355,18.064516129032256,73.54838709677419,61.29032258064516,12.258064516129032
E00080112,150,41,17,24,109,96,13,27.333333333333332,11.333333333333332,16,72.66666666666667,64,8.666666666666668
E00080113,165,57,21,36,108,88,20,34.54545454545455,12.727272727272727,21.818181818181817,65.45454545454545,53.333333333333336,12.121212121212121
E00080114,159,54,22,32,105,73,32,33.9622641509434,13.836477987421384,20.125786163522015,66.0377358490566,45.911949685534594,20.125786163522015
E00080115,189,62,24,38,127,109,18,32.804232804232804,12.698412698412698,20.105820105820104,67.1957671957672,57.67195767195767,9.523809523809524
E00080116,156,47,15,32,109,93,16,30.128205128205128,9.615384615384617,20.51282051282051,69.87179487179486,59.61538461538461,10.256410256410255
E00080117,131,31,10,21,100,80,20,23.66412213740458,7.633587786259542,16.030534351145036,76.33587786259542,61.06870229007634,15.267175572519085
E00080118,152,40,21,19,112,96,16,26.31578947368421,13.815789473684212,12.5,73.68421052631578,63.1578947368421,10.526315789473683
E00080119,140,29,11,18,111,95,16,20.714285714285715,7.857142857142857,12.857142857142856,79.28571428571428,67.85714285714286,11.428571428571429
E00080120,49,12,6,6,37,30,7,24.489795918367346,12.244897959183673,12.244897959183673,75.51020408163265,61.224489795918366,14.285714285714285
E00080121,141,40,16,24,101,84,17,28.368794326241137,11.347517730496454,17.02127659574468,71.63120567375887,59.57446808510638,12.056737588652481
E00080122,96,21,9,12,75,63,12,21.875,9.375,12.5,78.125,65.625,12.5
E00080123,191,44,20,24,147,117,30,23.036649214659686,10.471204188481675,12.56544502617801,76.96335078534031,61.25654450261781,15.706806282722512
E00080124,162,38,18,20,124,104,20,23.456790123456788,11.11111111111111,12.345679012345679,76.5432098765432,64.19753086419753,12.345679012345679
E00080125,126,23,4,19,103,91,12,18.253968253968253,3.1746031746031744,15.079365079365079,81.74603174603175,72.22222222222221,9.523809523809524
E00080126,173,45,21,24,128,112,16,26.011560693641616,12.138728323699421,13.872832369942195,73.98843930635837,64.73988439306359,9.248554913294797
E00080127,105,26,10,16,79,60,19,24.761904761904763,9.523809523809524,15.238095238095239,75.23809523809524,57.14285714285714,18.095238095238095
E00080128,131,27,11,16,104,78,26,20.610687022900763,8.396946564885496,12.213740458015266,79.38931297709924,59.541984732824424,19.84732824427481
E00080129,146,35,16,19,111,92,19,23.972602739726025,10.95890410958904,13.013698630136986,76.02739726027397,63.013698630136986,13.013698630136986
E00080130,170,48,17,31,122,98,24,28.235294117647058,10,18.235294117647058,71.76470588235294,57.647058823529406,14.117647058823529
E00080131,155,50,26,24,105,82,23,32.25806451612903,16.7741935483871,15.483870967741936,67.74193548387096,52.903225806451616,14.838709677419354
E00080132,108,29,10,19,79,63,16,26.851851851851855,9.25925925925926,17.59259259259259,73.14814814814815,58.333333333333336,14.814814814814813
E00080133,104,30,12,18,74,59,15,28.846153846153843,11.538461538461538,17.307692307692307,71.15384615384616,56.730769230769226,14.423076923076922
E00080134,150,39,16,23,111,80,31,26,10.666666666666668,15.333333333333332,74,53.333333333333336,20.666666666666668
E00080135,153,50,12,38,103,83,20,32.6797385620915,7.8431372549019605,24.836601307189543,67.3202614379085,54.248366013071895,13.071895424836603
E00080136,178,40,13,27,138,117,21,22.47191011235955,7.303370786516854,15.168539325842698,77.52808988764045,65.73033707865169,11.797752808988763
E00080137,186,41,14,27,145,126,19,22.043010752688172,7.526881720430108,14.516129032258066,77.95698924731182,67.74193548387096,10.21505376344086
E00080138,213,66,25,41,147,124,23,30.985915492957744,11.737089201877934,19.248826291079812,69.01408450704226,58.21596244131455,10.7981220657277
E00080139,91,27,12,15,64,55,9,29.67032967032967,13.186813186813188,16.483516483516482,70.32967032967034,60.43956043956044,9.89010989010989
E00080140,137,37,16,21,100,82,18,27.00729927007299,11.678832116788321,15.328467153284672,72.99270072992701,59.854014598540154,13.138686131386862
E00080141,113,26,7,19,87,67,20,23.008849557522122,6.1946902654867255,16.8141592920354,76.99115044247787,59.29203539823009,17.699115044247787
E00080142,14,6,4,2,8,7,1,42.857142857142854,28.57142857142857,14.285714285714285,57.14285714285714,50,7.142857142857142
E00080143,167,54,18,36,113,98,15,32.33532934131736,10.778443113772456,21.55688622754491,67.66467065868264,58.68263473053892,8.982035928143713
E00080144,149,37,7,30,112,91,21,24.832214765100673,4.697986577181208,20.13422818791946,75.16778523489933,61.07382550335571,14.093959731543624
E00080145,243,55,22,33,188,156,32,22.633744855967077,9.053497942386832,13.580246913580247,77.36625514403292,64.19753086419753,13.168724279835391
E00080146,175,44,14,30,131,112,19,25.142857142857146,8,17.142857142857142,74.85714285714286,64,10.857142857142858
E00080147,147,39,17,22,108,91,17,26.53061224489796,11.564625850340136,14.965986394557824,73.46938775510205,61.904761904761905,11.564625850340136
E00080148,99,25,9,16,74,70,4,25.252525252525253,9.090909090909092,16.161616161616163,74.74747474747475,70.70707070707071,4.040404040404041
E00080149,95,29,15,14,66,57,9,30.526315789473685,15.789473684210526,14.736842105263156,69.47368421052632,60,9.473684210526317
E00080150,75,27,13,14,48,38,10,36,17.333333333333336,18.666666666666668,64,50.66666666666667,13.333333333333334
E00080151,108,24,12,12,84,67,17,22.22222222222222,11.11111111111111,11.11111111111111,77.77777777777779,62.03703703703704,15.74074074074074
E00080152,177,61,25,36,116,104,12,34.463276836158194,14.124293785310735,20.33898305084746,65.5367231638418,58.75706214689266,6.779661016949152
E00080153,157,43,23,20,114,105,9,27.388535031847134,14.64968152866242,12.738853503184714,72.61146496815286,66.87898089171973,5.7324840764331215
E00080154,100,32,9,23,68,61,7,32,9,23,68,61,7.000000000000001
E00080155,147,47,12,35,100,89,11,31.97278911564626,8.16326530612245,23.809523809523807,68.02721088435374,60.544217687074834,7.482993197278912
E00080156,112,34,12,22,78,64,14,30.357142857142854,10.714285714285714,19.642857142857142,69.64285714285714,57.14285714285714,12.5
E00080157,115,37,15,22,78,63,15,32.17391304347826,13.043478260869565,19.130434782608695,67.82608695652173,54.78260869565217,13.043478260869565
E00080158,222,69,24,45,153,137,16,31.08108108108108,10.81081081081081,20.27027027027027,68.91891891891892,61.711711711711715,7.207207207207207
E00080159,130,36,14,22,94,78,16,27.692307692307693,10.76923076923077,16.923076923076923,72.3076923076923,60,12.307692307692308
E00080160,136,37,6,31,99,83,16,27.205882352941174,4.411764705882353,22.794117647058822,72.79411764705883,61.029411764705884,11.76470588235294
E00080162,175,49,13,36,126,106,20,28.000000000000004,7.428571428571429,20.57142857142857,72,60.57142857142858,11.428571428571429
E00080163,183,40,13,27,143,122,21,21.85792349726776,7.103825136612022,14.754098360655737,78.14207650273224,66.66666666666666,11.475409836065573
E00080164,160,52,21,31,108,98,10,32.5,13.125,19.375,67.5,61.25000000000001,6.25
E00080165,185,49,23,26,136,115,21,26.486486486486488,12.432432432432433,14.054054054054054,73.51351351351352,62.16216216216216,11.351351351351353
E00080166,183,53,18,35,130,121,9,28.96174863387978,9.836065573770492,19.12568306010929,71.03825136612022,66.12021857923497,4.918032786885246
E00080167,134,30,14,16,104,85,19,22.388059701492537,10.44776119402985,11.940298507462686,77.61194029850746,63.43283582089553,14.17910447761194
E00080168,201,58,27,31,143,128,15,28.855721393034827,13.432835820895523,15.422885572139302,71.14427860696517,63.681592039801,7.462686567164178
E00080169,193,58,23,35,135,109,26,30.05181347150259,11.917098445595855,18.134715025906736,69.94818652849742,56.476683937823836,13.471502590673575
E00080170,65,19,11,8,46,40,6,29.230769230769234,16.923076923076923,12.307692307692308,70.76923076923077,61.53846153846154,9.230769230769232
E00080171,182,60,26,34,122,112,10,32.967032967032964,14.285714285714285,18.681318681318682,67.03296703296702,61.53846153846154,5.4945054945054945
E00080172,135,41,16,25,94,85,9,30.37037037037037,11.851851851851853,18.51851851851852,69.62962962962963,62.96296296296296,6.666666666666667
E00080173,73,27,11,16,46,42,4,36.986301369863014,15.068493150684931,21.91780821917808,63.013698630136986,57.534246575342465,5.47945205479452
E00080174,187,64,25,39,123,97,26,34.22459893048128,13.368983957219251,20.855614973262032,65.77540106951871,51.87165775401069,13.903743315508022
E00080175,124,48,19,29,76,69,7,38.70967741935484,15.32258064516129,23.387096774193548,61.29032258064516,55.64516129032258,5.64516129032258
E00080176,223,62,19,43,161,133,28,27.802690582959645,8.520179372197308,19.282511210762333,72.19730941704036,59.64125560538116,12.556053811659194
E00080177,142,42,10,32,100,79,21,29.577464788732392,7.042253521126761,22.535211267605636,70.4225352112676,55.633802816901415,14.788732394366196
E00080178,241,44,6,38,197,171,26,18.25726141078838,2.4896265560165975,15.767634854771783,81.74273858921161,70.95435684647303,10.78838174273859
E00080179,183,49,14,35,134,120,14,26.775956284153008,7.650273224043716,19.12568306010929,73.224043715847,65.57377049180327,7.650273224043716
E00080180,129,27,12,15,102,96,6,20.930232558139537,9.30232558139535,11.627906976744185,79.06976744186046,74.4186046511628,4.651162790697675
E00080181,125,39,15,24,86,79,7,31.2,12,19.2,68.8,63.2,5.6000000000000005
E00080182,171,56,21,35,115,87,28,32.748538011695906,12.280701754385964,20.46783625730994,67.2514619883041,50.877192982456144,16.374269005847953
E00080183,145,36,7,29,109,93,16,24.82758620689655,4.827586206896552,20,75.17241379310344,64.13793103448275,11.03448275862069
E00080184,128,51,16,35,77,69,8,39.84375,12.5,27.34375,60.15625,53.90625,6.25
E00080185,161,49,8,41,112,101,11,30.434782608695656,4.968944099378882,25.465838509316768,69.56521739130434,62.732919254658384,6.832298136645963
E00080186,120,37,11,26,83,68,15,30.833333333333336,9.166666666666666,21.666666666666668,69.16666666666667,56.666666666666664,12.5
E00080187,111,44,13,31,67,60,7,39.63963963963964,11.711711711711711,27.927927927927925,60.36036036036037,54.054054054054056,6.306306306306306
E00080188,155,63,23,40,92,72,20,40.64516129032258,14.838709677419354,25.806451612903224,59.354838709677416,46.45161290322581,12.903225806451612
E00080189,148,38,17,21,110,90,20,25.675675675675674,11.486486486486488,14.18918918918919,74.32432432432432,60.810810810810814,13.513513513513514
E00080190,166,46,23,23,120,102,18,27.710843373493976,13.855421686746988,13.855421686746988,72.28915662650603,61.44578313253012,10.843373493975903
E00080191,182,58,23,35,124,96,28,31.868131868131865,12.637362637362637,19.230769230769234,68.13186813186813,52.74725274725275,15.384615384615385
E00080192,180,54,29,25,126,109,17,30,16.11111111111111,13.88888888888889,70,60.55555555555555,9.444444444444445
E00080193,104,24,14,10,80,71,9,23.076923076923077,13.461538461538462,9.615384615384617,76.92307692307693,68.26923076923077,8.653846153846153
E00080194,151,43,12,31,108,89,19,28.47682119205298,7.9470198675496695,20.52980132450331,71.52317880794702,58.94039735099338,12.582781456953644
E00080195,197,57,24,33,140,112,28,28.934010152284262,12.18274111675127,16.751269035532996,71.06598984771574,56.852791878172596,14.213197969543149
E00080196,127,42,17,25,85,73,12,33.07086614173229,13.385826771653544,19.68503937007874,66.92913385826772,57.48031496062992,9.448818897637794
E00080197,133,37,12,25,96,80,16,27.819548872180448,9.022556390977442,18.796992481203006,72.18045112781954,60.150375939849624,12.030075187969924
E00080198,150,29,14,15,121,113,8,19.333333333333332,9.333333333333334,10,80.66666666666666,75.33333333333333,5.333333333333334
E00080199,131,49,16,33,82,71,11,37.404580152671755,12.213740458015266,25.190839694656486,62.59541984732825,54.19847328244275,8.396946564885496
E00080200,149,41,18,23,108,94,14,27.516778523489933,12.080536912751679,15.436241610738255,72.48322147651007,63.08724832214765,9.395973154362416
E00080201,39,17,7,10,22,21,1,43.58974358974359,17.94871794871795,25.64102564102564,56.41025641025641,53.84615384615385,2.564102564102564
E00080202,171,50,22,28,121,106,15,29.239766081871345,12.865497076023392,16.374269005847953,70.76023391812866,61.98830409356725,8.771929824561402
E00080203,110,28,12,16,82,69,13,25.454545454545453,10.909090909090908,14.545454545454545,74.54545454545455,62.727272727272734,11.818181818181818
E00080204,165,44,12,32,121,107,14,26.666666666666668,7.2727272727272725,19.393939393939394,73.33333333333333,64.84848484848484,8.484848484848486
E00080205,156,54,25,29,102,71,31,34.61538461538461,16.025641025641026,18.58974358974359,65.38461538461539,45.51282051282051,19.871794871794872
E00080206,81,38,16,22,43,43,0,46.913580246913575,19.753086419753085,27.160493827160494,53.086419753086425,53.086419753086425,0
E00080207,139,54,21,33,85,72,13,38.84892086330935,15.107913669064748,23.741007194244602,61.15107913669065,51.798561151079134,9.352517985611511
E00080208,153,61,20,41,92,79,13,39.869281045751634,13.071895424836603,26.797385620915033,60.130718954248366,51.633986928104584,8.49673202614379
E00080209,162,57,23,34,105,89,16,35.18518518518518,14.19753086419753,20.98765432098765,64.81481481481481,54.93827160493827,9.876543209876543
E00080210,140,46,19,27,94,78,16,32.857142857142854,13.571428571428571,19.28571428571429,67.14285714285714,55.714285714285715,11.428571428571429
E00080211,165,55,18,37,110,92,18,33.33333333333333,10.909090909090908,22.424242424242426,66.66666666666666,55.757575757575765,10.909090909090908
E00080212,179,57,16,41,122,107,15,31.843575418994412,8.938547486033519,22.905027932960895,68.15642458100558,59.77653631284916,8.379888268156424
E00080213,144,46,27,19,98,85,13,31.944444444444443,18.75,13.194444444444445,68.05555555555556,59.02777777777778,9.027777777777777
E00080214,109,37,16,21,72,67,5,33.94495412844037,14.678899082568808,19.26605504587156,66.05504587155964,61.46788990825688,4.587155963302752
E00080215,128,40,8,32,88,73,15,31.25,6.25,25,68.75,57.03125,11.71875
E00080216,92,37,15,22,55,47,8,40.21739130434783,16.304347826086957,23.91304347826087,59.78260869565217,51.08695652173913,8.695652173913043
E00080217,294,70,25,45,224,191,33,23.809523809523807,8.503401360544217,15.306122448979592,76.19047619047619,64.96598639455783,11.224489795918368
E00080218,165,51,22,29,114,95,19,30.909090909090907,13.333333333333334,17.575757575757574,69.0909090909091,57.57575757575758,11.515151515151516
E00080219,184,65,23,42,119,104,15,35.32608695652174,12.5,22.82608695652174,64.67391304347827,56.52173913043478,8.152173913043478
E00080220,105,35,6,29,70,61,9,33.33333333333333,5.714285714285714,27.61904761904762,66.66666666666666,58.0952380952381,8.571428571428571
E00080221,114,49,15,34,65,56,9,42.98245614035088,13.157894736842104,29.82456140350877,57.01754385964912,49.122807017543856,7.894736842105263
E00080222,151,40,13,27,111,96,15,26.490066225165563,8.609271523178808,17.880794701986755,73.50993377483444,63.576158940397356,9.933774834437086
E00080223,135,48,16,32,87,70,17,35.55555555555556,11.851851851851853,23.703703703703706,64.44444444444444,51.85185185185185,12.592592592592592
E00080225,178,56,20,36,122,104,18,31.46067415730337,11.235955056179774,20.224719101123593,68.53932584269663,58.42696629213483,10.112359550561797
E00080226,108,27,9,18,81,73,8,25,8.333333333333332,16.666666666666664,75,67.5925925925926,7.4074074074074066
E00080227,77,19,7,12,58,51,7,24.675324675324674,9.090909090909092,15.584415584415584,75.32467532467533,66.23376623376623,9.090909090909092
E00080228,160,60,19,41,100,76,24,37.5,11.875,25.624999999999996,62.5,47.5,15
E00080229,127,36,8,28,91,78,13,28.346456692913385,6.299212598425196,22.04724409448819,71.65354330708661,61.417322834645674,10.236220472440944
E00080230,96,23,8,15,73,60,13,23.958333333333336,8.333333333333332,15.625,76.04166666666666,62.5,13.541666666666666
E00080231,114,40,12,28,74,66,8,35.08771929824561,10.526315789473683,24.561403508771928,64.91228070175438,57.89473684210527,7.017543859649122
E00080232,30,11,3,8,19,18,1,36.666666666666664,10,26.666666666666668,63.33333333333333,60,3.3333333333333335
E00080233,147,44,18,26,103,86,17,29.931972789115648,12.244897959183673,17.687074829931973,70.06802721088435,58.50340136054422,11.564625850340136
E00080234,122,44,19,25,78,65,13,36.0655737704918,15.573770491803279,20.491803278688526,63.934426229508205,53.278688524590166,10.655737704918032
E00080235,129,47,17,30,82,71,11,36.434108527131784,13.178294573643413,23.25581395348837,63.565891472868216,55.03875968992248,8.527131782945736
E00080236,144,41,16,25,103,88,15,28.47222222222222,11.11111111111111,17.36111111111111,71.52777777777779,61.111111111111114,10.416666666666668
E00080237,162,51,18,33,111,97,14,31.48148148148148,11.11111111111111,20.37037037037037,68.51851851851852,59.876543209876544,8.641975308641975
E00080238,84,37,14,23,47,45,2,44.047619047619044,16.666666666666664,27.380952380952383,55.952380952380956,53.57142857142857,2.380952380952381
E00080239,144,44,12,32,100,83,17,30.555555555555557,8.333333333333332,22.22222222222222,69.44444444444444,57.638888888888886,11.805555555555555
E00080240,153,57,23,34,96,86,10,37.254901960784316,15.032679738562091,22.22222222222222,62.745098039215684,56.209150326797385,6.535947712418301
E00080241,239,58,18,40,181,159,22,24.267782426778243,7.531380753138076,16.736401673640167,75.73221757322176,66.52719665271967,9.205020920502092
E00080242,159,45,11,34,114,101,13,28.30188679245283,6.918238993710692,21.38364779874214,71.69811320754717,63.52201257861635,8.176100628930817
E00080243,185,64,17,47,121,109,12,34.5945945945946,9.18918918918919,25.405405405405407,65.4054054054054,58.91891891891892,6.486486486486487
E00080244,153,45,12,33,108,94,14,29.411764705882355,7.8431372549019605,21.568627450980394,70.58823529411765,61.43790849673203,9.15032679738562
E00080245,176,49,18,31,127,112,15,27.84090909090909,10.227272727272728,17.613636363636363,72.1590909090909,63.63636363636363,8.522727272727272
E00080246,150,37,17,20,113,107,6,24.666666666666668,11.333333333333332,13.333333333333334,75.33333333333333,71.33333333333334,4
E00080247,144,52,17,35,92,81,11,36.11111111111111,11.805555555555555,24.305555555555554,63.888888888888886,56.25,7.638888888888889
E00080248,186,68,27,41,118,96,22,36.55913978494624,14.516129032258066,22.043010752688172,63.44086021505376,51.61290322580645,11.827956989247312
E00080249,141,50,22,28,91,76,15,35.46099290780142,15.602836879432624,19.858156028368796,64.53900709219859,53.90070921985816,10.638297872340425
E00080250,157,47,19,28,110,102,8,29.936305732484076,12.101910828025478,17.8343949044586,70.06369426751591,64.96815286624204,5.095541401273886
E00080251,150,61,28,33,89,83,6,40.666666666666664,18.666666666666668,22,59.333333333333336,55.333333333333336,4
E00080252,148,47,20,27,101,81,20,31.756756756756754,13.513513513513514,18.243243243243242,68.24324324324324,54.729729729729726,13.513513513513514
E00080253,90,18,8,10,72,63,9,20,8.88888888888889,11.11111111111111,80,70,10
E00080254,96,36,16,20,60,53,7,37.5,16.666666666666664,20.833333333333336,62.5,55.208333333333336,7.291666666666667
E00080255,150,38,11,27,112,95,17,25.333333333333336,7.333333333333333,18,74.66666666666667,63.33333333333333,11.333333333333332
E00080256,182,48,13,35,134,115,19,26.373626373626376,7.142857142857142,19.230769230769234,73.62637362637363,63.18681318681318,10.43956043956044
E00080257,121,38,12,26,83,72,11,31.40495867768595,9.917355371900827,21.487603305785125,68.59504132231406,59.50413223140496,9.090909090909092
E00080258,147,52,22,30,95,85,10,35.374149659863946,14.965986394557824,20.408163265306122,64.62585034013605,57.82312925170068,6.802721088435375
E00080259,162,50,17,33,112,99,13,30.864197530864196,10.493827160493826,20.37037037037037,69.1358024691358,61.111111111111114,8.024691358024691
E00080260,134,41,19,22,93,83,10,30.597014925373134,14.17910447761194,16.417910447761194,69.40298507462687,61.940298507462686,7.462686567164178
E00080261,150,49,13,36,101,86,15,32.666666666666664,8.666666666666668,24,67.33333333333333,57.333333333333336,10
E00080262,164,55,22,33,109,94,15,33.53658536585366,13.414634146341465,20.121951219512198,66.46341463414635,57.3170731707317,9.146341463414634
E00080263,48,20,9,11,28,27,1,41.66666666666667,18.75,22.916666666666664,58.333333333333336,56.25,2.083333333333333
E00080264,180,51,13,38,129,109,20,28.333333333333332,7.222222222222221,21.11111111111111,71.66666666666667,60.55555555555555,11.11111111111111
E00080265,172,56,21,35,116,100,16,32.55813953488372,12.209302325581394,20.348837209302324,67.44186046511628,58.139534883720934,9.30232558139535
E00080266,193,54,18,36,139,120,19,27.979274611398964,9.32642487046632,18.65284974093264,72.02072538860104,62.17616580310881,9.844559585492227
E00080267,145,43,21,22,102,88,14,29.655172413793103,14.482758620689657,15.172413793103448,70.34482758620689,60.689655172413794,9.655172413793103
E00080268,242,66,21,45,176,161,15,27.27272727272727,8.677685950413224,18.59504132231405,72.72727272727273,66.52892561983471,6.198347107438017
E00080269,94,30,15,15,64,54,10,31.914893617021278,15.957446808510639,15.957446808510639,68.08510638297872,57.446808510638306,10.638297872340425
E00080270,133,36,13,23,97,87,10,27.06766917293233,9.774436090225564,17.293233082706767,72.93233082706767,65.41353383458647,7.518796992481203
E00080271,73,34,8,26,39,37,2,46.57534246575342,10.95890410958904,35.61643835616438,53.42465753424658,50.68493150684932,2.73972602739726
E00080272,133,43,12,31,90,78,12,32.33082706766917,9.022556390977442,23.308270676691727,67.66917293233082,58.64661654135338,9.022556390977442
E00080273,164,60,22,38,104,89,15,36.58536585365854,13.414634146341465,23.170731707317074,63.41463414634146,54.268292682926834,9.146341463414634
E00080274,157,48,21,27,109,94,15,30.573248407643312,13.375796178343949,17.197452229299362,69.42675159235668,59.87261146496815,9.554140127388536
E00080275,123,30,17,13,93,71,22,24.390243902439025,13.821138211382115,10.569105691056912,75.60975609756098,57.72357723577236,17.88617886178862
E00080276,171,49,15,34,122,103,19,28.654970760233915,8.771929824561402,19.883040935672515,71.34502923976608,60.23391812865497,11.11111111111111
E00080277,124,31,14,17,93,79,14,25,11.29032258064516,13.709677419354838,75,63.70967741935484,11.29032258064516
E00080278,133,40,15,25,93,82,11,30.075187969924812,11.278195488721805,18.796992481203006,69.92481203007519,61.65413533834586,8.270676691729323
E00080279,171,70,27,43,101,86,15,40.93567251461988,15.789473684210526,25.146198830409354,59.06432748538012,50.29239766081871,8.771929824561402
E00080282,146,42,10,32,104,92,12,28.767123287671232,6.8493150684931505,21.91780821917808,71.23287671232876,63.013698630136986,8.21917808219178
E00080283,96,32,12,20,64,53,11,33.33333333333333,12.5,20.833333333333336,66.66666666666666,55.208333333333336,11.458333333333332
E00080284,146,48,11,37,98,83,15,32.87671232876712,7.534246575342466,25.34246575342466,67.12328767123287,56.849315068493155,10.273972602739725
E00080285,107,41,10,31,66,50,16,38.31775700934579,9.345794392523365,28.971962616822427,61.6822429906542,46.728971962616825,14.953271028037381
E00080286,80,25,9,16,55,48,7,31.25,11.25,20,68.75,60,8.75
E00080287,132,41,11,30,91,78,13,31.060606060606062,8.333333333333332,22.727272727272727,68.93939393939394,59.09090909090909,9.848484848484848
E00080288,115,37,18,19,78,67,11,32.17391304347826,15.65217391304348,16.52173913043478,67.82608695652173,58.26086956521739,9.565217391304348
E00080289,160,53,19,34,107,88,19,33.125,11.875,21.25,66.875,55.00000000000001,11.875
E00080290,101,35,8,27,66,61,5,34.65346534653465,7.920792079207921,26.732673267326735,65.34653465346535,60.396039603960396,4.9504950495049505
E00080291,110,21,10,11,89,77,12,19.090909090909093,9.090909090909092,10,80.9090909090909,70,10.909090909090908
E00080292,141,46,14,32,95,82,13,32.62411347517731,9.929078014184398,22.69503546099291,67.37588652482269,58.156028368794324,9.219858156028367
E00080293,161,49,16,33,112,100,12,30.434782608695656,9.937888198757763,20.496894409937887,69.56521739130434,62.11180124223602,7.453416149068323
E00080295,173,59,20,39,114,98,16,34.104046242774565,11.560693641618498,22.54335260115607,65.89595375722543,56.64739884393064,9.248554913294797
E00080296,144,39,8,31,105,88,17,27.083333333333332,5.555555555555555,21.52777777777778,72.91666666666666,61.111111111111114,11.805555555555555
E00080297,133,31,15,16,102,86,16,23.308270676691727,11.278195488721805,12.030075187969924,76.69172932330827,64.66165413533834,12.030075187969924
E00080298,109,30,9,21,79,69,10,27.522935779816514,8.256880733944955,19.26605504587156,72.47706422018348,63.30275229357798,9.174311926605505
E00080299,137,44,10,34,93,76,17,32.11678832116788,7.2992700729927,24.817518248175183,67.88321167883211,55.47445255474452,12.408759124087592
E00080300,127,39,12,27,88,82,6,30.708661417322837,9.448818897637794,21.25984251968504,69.29133858267717,64.56692913385827,4.724409448818897
E00080301,132,62,23,39,70,59,11,46.96969696969697,17.424242424242426,29.545454545454547,53.03030303030303,44.696969696969695,8.333333333333332
E00080302,168,59,21,38,109,96,13,35.11904761904761,12.5,22.61904761904762,64.88095238095238,57.14285714285714,7.738095238095238
E00080303,141,55,17,38,86,75,11,39.00709219858156,12.056737588652481,26.95035460992908,60.99290780141844,53.191489361702125,7.801418439716312
E00080304,161,45,10,35,116,99,17,27.95031055900621,6.211180124223603,21.73913043478261,72.04968944099379,61.49068322981367,10.559006211180124
E00080305,163,67,34,33,96,81,15,41.104294478527606,20.858895705521473,20.245398773006134,58.895705521472394,49.693251533742334,9.202453987730062
E00080306,110,27,11,16,83,67,16,24.545454545454547,10,14.545454545454545,75.45454545454545,60.909090909090914,14.545454545454545
E00080307,104,29,8,21,75,62,13,27.884615384615387,7.6923076923076925,20.192307692307693,72.11538461538461,59.61538461538461,12.5
E00080308,180,62,27,35,118,90,28,34.44444444444444,15,19.444444444444446,65.55555555555556,50,15.555555555555555
E00080310,71,33,8,25,38,34,4,46.478873239436616,11.267605633802818,35.2112676056338,53.52112676056338,47.88732394366197,5.633802816901409
E00080311,135,40,15,25,95,84,11,29.629629629629626,11.11111111111111,18.51851851851852,70.37037037037037,62.22222222222222,8.148148148148149
E00080312,152,59,16,43,93,72,21,38.81578947368421,10.526315789473683,28.289473684210524,61.18421052631579,47.368421052631575,13.815789473684212
E00080313,141,43,18,25,98,81,17,30.49645390070922,12.76595744680851,17.73049645390071,69.50354609929079,57.446808510638306,12.056737588652481
E00080314,140,40,14,26,100,70,30,28.57142857142857,10,18.571428571428573,71.42857142857143,50,21.428571428571427
E00080315,160,50,25,25,110,95,15,31.25,15.625,15.625,68.75,59.375,9.375
E00080316,130,41,16,25,89,74,15,31.538461538461537,12.307692307692308,19.230769230769234,68.46153846153847,56.92307692307692,11.538461538461538
E00080317,130,49,23,26,81,70,11,37.69230769230769,17.692307692307693,20,62.30769230769231,53.84615384615385,8.461538461538462
E00080318,92,30,11,19,62,54,8,32.608695652173914,11.956521739130435,20.652173913043477,67.3913043478261,58.69565217391305,8.695652173913043
E00080319,75,30,4,26,45,44,1,40,5.333333333333334,34.66666666666667,60,58.666666666666664,1.3333333333333335
E00080320,115,41,14,27,74,67,7,35.65217391304348,12.173913043478262,23.47826086956522,64.34782608695652,58.26086956521739,6.086956521739131
E00080321,106,39,14,25,67,54,13,36.79245283018868,13.20754716981132,23.58490566037736,63.20754716981132,50.943396226415096,12.264150943396226
E00080322,100,51,16,35,49,44,5,51,16,35,49,44,5
E00080323,134,38,13,25,96,84,12,28.35820895522388,9.701492537313433,18.65671641791045,71.64179104477611,62.68656716417911,8.955223880597014
E00080324,84,34,12,22,50,40,10,40.476190476190474,14.285714285714285,26.190476190476193,59.523809523809526,47.61904761904761,11.904761904761903
E00080325,97,38,16,22,59,48,11,39.175257731958766,16.49484536082474,22.68041237113402,60.824742268041234,49.48453608247423,11.34020618556701
E00080326,125,45,20,25,80,69,11,36,16,20,64,55.2,8.799999999999999
E00080327,138,41,20,21,97,73,24,29.71014492753623,14.492753623188406,15.217391304347828,70.28985507246377,52.89855072463768,17.391304347826086
E00080328,108,41,13,28,67,51,16,37.96296296296296,12.037037037037036,25.925925925925924,62.03703703703704,47.22222222222222,14.814814814814813
E00080329,104,26,11,15,78,60,18,25,10.576923076923077,14.423076923076922,75,57.692307692307686,17.307692307692307
E00080330,137,47,19,28,90,67,23,34.306569343065696,13.86861313868613,20.437956204379564,65.69343065693431,48.9051094890511,16.78832116788321
E00080331,91,34,12,22,57,43,14,37.362637362637365,13.186813186813188,24.175824175824175,62.637362637362635,47.25274725274725,15.384615384615385
E00080332,147,48,17,31,99,76,23,32.6530612244898,11.564625850340136,21.08843537414966,67.3469387755102,51.70068027210885,15.646258503401361
E00080333,95,39,22,17,56,45,11,41.05263157894737,23.157894736842106,17.894736842105264,58.94736842105262,47.368421052631575,11.578947368421053
E00080334,69,30,17,13,39,34,5,43.47826086956522,24.637681159420293,18.84057971014493,56.52173913043478,49.275362318840585,7.246376811594203
E00080335,118,44,21,23,74,62,12,37.28813559322034,17.796610169491526,19.491525423728813,62.71186440677966,52.54237288135594,10.16949152542373
E00080336,130,44,17,27,86,72,14,33.84615384615385,13.076923076923078,20.76923076923077,66.15384615384615,55.38461538461539,10.76923076923077
E00080337,109,34,10,24,75,56,19,31.19266055045872,9.174311926605505,22.018348623853214,68.80733944954129,51.37614678899083,17.431192660550458
E00080338,160,51,14,37,109,102,7,31.874999999999996,8.75,23.125,68.125,63.74999999999999,4.375
E00080339,208,56,16,40,152,129,23,26.923076923076923,7.6923076923076925,19.230769230769234,73.07692307692307,62.019230769230774,11.057692307692307
E00080340,118,41,26,15,77,63,14,34.74576271186441,22.033898305084744,12.711864406779661,65.2542372881356,53.38983050847458,11.864406779661017
E00080341,72,20,5,15,52,40,12,27.77777777777778,6.944444444444445,20.833333333333336,72.22222222222221,55.55555555555556,16.666666666666664
E00080342,146,54,14,40,92,77,15,36.986301369863014,9.58904109589041,27.397260273972602,63.013698630136986,52.73972602739726,10.273972602739725
E00080343,132,55,23,32,77,59,18,41.66666666666667,17.424242424242426,24.242424242424242,58.333333333333336,44.696969696969695,13.636363636363635
E00080344,148,39,14,25,109,95,14,26.351351351351347,9.45945945945946,16.89189189189189,73.64864864864865,64.1891891891892,9.45945945945946
E00080345,121,38,22,16,83,63,20,31.40495867768595,18.181818181818183,13.223140495867769,68.59504132231406,52.066115702479344,16.528925619834713
E00080346,107,45,18,27,62,56,6,42.05607476635514,16.822429906542055,25.233644859813083,57.943925233644855,52.336448598130836,5.607476635514018
E00080347,42,16,8,8,26,25,1,38.095238095238095,19.047619047619047,19.047619047619047,61.904761904761905,59.523809523809526,2.380952380952381
E00080348,117,43,24,19,74,52,22,36.75213675213676,20.51282051282051,16.23931623931624,63.24786324786324,44.44444444444444,18.803418803418804
E00080349,116,53,25,28,63,44,19,45.689655172413794,21.551724137931032,24.137931034482758,54.310344827586206,37.93103448275862,16.379310344827587
E00080350,80,26,13,13,54,41,13,32.5,16.25,16.25,67.5,51.24999999999999,16.25
E00080351,113,34,17,17,79,62,17,30.08849557522124,15.04424778761062,15.04424778761062,69.91150442477876,54.86725663716814,15.04424778761062
E00080352,132,48,16,32,84,68,16,36.36363636363637,12.121212121212121,24.242424242424242,63.63636363636363,51.515151515151516,12.121212121212121
E00080353,184,49,16,33,135,115,20,26.6304347826087,8.695652173913043,17.934782608695652,73.36956521739131,62.5,10.869565217391305
E00080354,131,46,22,24,85,71,14,35.11450381679389,16.793893129770993,18.3206106870229,64.8854961832061,54.19847328244275,10.687022900763358
E00080355,140,44,13,31,96,74,22,31.428571428571427,9.285714285714286,22.142857142857142,68.57142857142857,52.85714285714286,15.714285714285714
E00080356,171,50,19,31,121,107,14,29.239766081871345,11.11111111111111,18.128654970760234,70.76023391812866,62.57309941520468,8.187134502923977
E00080357,94,25,9,16,69,57,12,26.595744680851062,9.574468085106384,17.02127659574468,73.40425531914893,60.63829787234043,12.76595744680851
E00080358,54,16,5,11,38,33,5,29.629629629629626,9.25925925925926,20.37037037037037,70.37037037037037,61.111111111111114,9.25925925925926
E00080359,182,52,23,29,130,102,28,28.57142857142857,12.637362637362637,15.934065934065933,71.42857142857143,56.043956043956044,15.384615384615385
E00080360,104,41,16,25,63,53,10,39.42307692307692,15.384615384615385,24.03846153846154,60.57692307692307,50.96153846153846,9.615384615384617
E00080361,130,37,11,26,93,81,12,28.46153846153846,8.461538461538462,20,71.53846153846153,62.30769230769231,9.230769230769232
E00080362,137,43,24,19,94,76,18,31.386861313868614,17.51824817518248,13.86861313868613,68.61313868613139,55.47445255474452,13.138686131386862
E00080363,168,70,28,42,98,82,16,41.66666666666667,16.666666666666664,25,58.333333333333336,48.80952380952381,9.523809523809524
E00080364,184,79,34,45,105,94,11,42.934782608695656,18.478260869565215,24.456521739130434,57.065217391304344,51.08695652173913,5.978260869565218
E00080365,179,45,17,28,134,117,17,25.139664804469277,9.497206703910614,15.64245810055866,74.86033519553072,65.36312849162012,9.497206703910614
E00080366,156,41,13,28,115,99,16,26.282051282051285,8.333333333333332,17.94871794871795,73.71794871794873,63.46153846153846,10.256410256410255
E00080367,79,35,12,23,44,35,9,44.303797468354425,15.18987341772152,29.11392405063291,55.69620253164557,44.303797468354425,11.39240506329114
E00080368,90,33,14,19,57,50,7,36.666666666666664,15.555555555555555,21.11111111111111,63.33333333333333,55.55555555555556,7.777777777777778
E00080369,158,43,17,26,115,92,23,27.21518987341772,10.759493670886076,16.455696202531644,72.78481012658227,58.22784810126582,14.556962025316455
E00080370,138,51,29,22,87,57,30,36.95652173913043,21.014492753623188,15.942028985507244,63.04347826086957,41.30434782608695,21.73913043478261
E00080371,120,39,20,19,81,65,16,32.5,16.666666666666664,15.833333333333332,67.5,54.166666666666664,13.333333333333334
E00080372,75,29,16,13,46,36,10,38.666666666666664,21.333333333333336,17.333333333333336,61.33333333333333,48,13.333333333333334
E00080373,170,58,22,36,112,97,15,34.11764705882353,12.941176470588237,21.176470588235293,65.88235294117646,57.05882352941176,8.823529411764707
E00080374,155,39,16,23,116,90,26,25.161290322580644,10.32258064516129,14.838709677419354,74.83870967741936,58.06451612903226,16.7741935483871
E00080375,160,55,20,35,105,93,12,34.375,12.5,21.875,65.625,58.12500000000001,7.5
E00080376,235,67,23,44,168,147,21,28.510638297872344,9.787234042553191,18.72340425531915,71.48936170212767,62.5531914893617,8.936170212765958
E00080377,153,67,22,45,86,78,8,43.790849673202615,14.37908496732026,29.411764705882355,56.209150326797385,50.98039215686274,5.228758169934641
E00080378,95,37,13,24,58,51,7,38.94736842105263,13.684210526315791,25.263157894736842,61.05263157894737,53.68421052631579,7.368421052631578
E00080379,75,36,11,25,39,32,7,48,14.666666666666666,33.33333333333333,52,42.66666666666667,9.333333333333334
E00080380,19,3,0,3,16,14,2,15.789473684210526,0,15.789473684210526,84.21052631578947,73.68421052631578,10.526315789473683
E00080381,83,37,13,24,46,41,5,44.57831325301205,15.66265060240964,28.915662650602407,55.42168674698795,49.39759036144578,6.024096385542169
E00080383,114,29,6,23,85,71,14,25.438596491228072,5.263157894736842,20.175438596491226,74.56140350877193,62.28070175438597,12.280701754385964
E00080384,184,66,22,44,118,103,15,35.869565217391305,11.956521739130435,23.91304347826087,64.13043478260869,55.97826086956522,8.152173913043478
E00080385,69,28,5,23,41,38,3,40.57971014492754,7.246376811594203,33.33333333333333,59.42028985507246,55.072463768115945,4.3478260869565215
E00080386,126,59,26,33,67,56,11,46.82539682539682,20.634920634920633,26.190476190476193,53.17460317460318,44.44444444444444,8.73015873015873
E00080387,126,45,21,24,81,62,19,35.714285714285715,16.666666666666664,19.047619047619047,64.28571428571429,49.2063492063492,15.079365079365079
E00080388,82,25,8,17,57,49,8,30.48780487804878,9.75609756097561,20.73170731707317,69.51219512195121,59.756097560975604,9.75609756097561
E00080390,240,75,25,50,165,143,22,31.25,10.416666666666668,20.833333333333336,68.75,59.583333333333336,9.166666666666666
E00080391,107,31,6,25,76,59,17,28.971962616822427,5.607476635514018,23.364485981308412,71.02803738317756,55.140186915887845,15.887850467289718
E00080392,131,38,8,30,93,78,15,29.00763358778626,6.106870229007633,22.900763358778626,70.99236641221374,59.541984732824424,11.450381679389313
E00080393,170,61,23,38,109,97,12,35.88235294117647,13.529411764705882,22.35294117647059,64.11764705882354,57.05882352941176,7.0588235294117645
E00080394,181,62,19,43,119,99,20,34.25414364640884,10.497237569060774,23.756906077348066,65.74585635359117,54.69613259668509,11.049723756906078
E00080395,235,58,22,36,177,153,24,24.680851063829788,9.361702127659575,15.319148936170212,75.31914893617021,65.1063829787234,10.212765957446807
E00080396,173,50,12,38,123,109,14,28.901734104046245,6.9364161849710975,21.965317919075144,71.09826589595376,63.005780346820806,8.092485549132949
E00080397,173,65,20,45,108,97,11,37.57225433526011,11.560693641618498,26.011560693641616,62.42774566473989,56.06936416184971,6.358381502890173
E00080398,136,51,16,35,85,72,13,37.5,11.76470588235294,25.735294117647058,62.5,52.94117647058824,9.558823529411764
E00080399,155,49,20,29,106,96,10,31.61290322580645,12.903225806451612,18.70967741935484,68.38709677419355,61.935483870967744,6.451612903225806
E00080400,182,57,16,41,125,108,17,31.318681318681318,8.791208791208792,22.52747252747253,68.68131868131869,59.34065934065934,9.340659340659341
E00080401,196,61,18,43,135,114,21,31.122448979591837,9.183673469387756,21.93877551020408,68.87755102040816,58.16326530612245,10.714285714285714
E00080402,161,52,20,32,109,96,13,32.298136645962735,12.422360248447205,19.875776397515526,67.70186335403726,59.62732919254658,8.074534161490684
E00080403,174,51,22,29,123,104,19,29.310344827586203,12.643678160919542,16.666666666666664,70.6896551724138,59.77011494252874,10.919540229885058
E00080404,159,42,15,27,117,104,13,26.41509433962264,9.433962264150944,16.9811320754717,73.58490566037736,65.40880503144653,8.176100628930817
E00080405,101,26,9,17,75,69,6,25.742574257425744,8.91089108910891,16.831683168316832,74.25742574257426,68.31683168316832,5.9405940594059405
E00080406,133,46,18,28,87,78,9,34.58646616541353,13.533834586466165,21.052631578947366,65.41353383458647,58.64661654135338,6.7669172932330826
E00080407,170,56,17,39,114,99,15,32.94117647058823,10,22.941176470588236,67.05882352941175,58.235294117647065,8.823529411764707
E00080408,193,70,19,51,123,106,17,36.26943005181347,9.844559585492227,26.42487046632124,63.730569948186535,54.92227979274611,8.808290155440414
E00080409,163,45,16,29,118,107,11,27.607361963190186,9.815950920245399,17.791411042944784,72.39263803680981,65.6441717791411,6.748466257668712
E00080410,174,61,20,41,113,103,10,35.05747126436782,11.494252873563218,23.563218390804597,64.9425287356322,59.195402298850574,5.747126436781609
E00080411,149,46,20,26,103,89,14,30.87248322147651,13.422818791946309,17.449664429530202,69.12751677852349,59.73154362416108,9.395973154362416
E00080412,234,54,16,38,180,153,27,23.076923076923077,6.837606837606838,16.23931623931624,76.92307692307693,65.38461538461539,11.538461538461538
E00080413,152,42,17,25,110,94,16,27.631578947368425,11.18421052631579,16.447368421052634,72.36842105263158,61.8421052631579,10.526315789473683
E00080414,179,46,17,29,133,111,22,25.69832402234637,9.497206703910614,16.201117318435752,74.30167597765363,62.01117318435754,12.290502793296088
E00080415,161,50,17,33,111,98,13,31.05590062111801,10.559006211180124,20.496894409937887,68.94409937888199,60.86956521739131,8.074534161490684
E00080416,185,53,21,32,132,113,19,28.64864864864865,11.351351351351353,17.2972972972973,71.35135135135135,61.08108108108108,10.27027027027027
E00080417,175,64,20,44,111,104,7,36.57142857142857,11.428571428571429,25.142857142857146,63.42857142857142,59.42857142857143,4
E00080418,152,50,15,35,102,85,17,32.89473684210527,9.868421052631579,23.026315789473685,67.10526315789474,55.92105263157895,11.18421052631579
E00080419,138,47,16,31,91,80,11,34.05797101449276,11.594202898550725,22.463768115942027,65.94202898550725,57.971014492753625,7.971014492753622
E00080420,216,78,26,52,138,118,20,36.11111111111111,12.037037037037036,24.074074074074073,63.888888888888886,54.629629629629626,9.25925925925926
E00080421,101,20,7,13,81,69,12,19.801980198019802,6.9306930693069315,12.871287128712872,80.19801980198021,68.31683168316832,11.881188118811881
E00080422,187,58,17,41,129,116,13,31.016042780748666,9.090909090909092,21.92513368983957,68.98395721925134,62.03208556149733,6.951871657754011
E00080423,186,71,20,51,115,98,17,38.17204301075269,10.75268817204301,27.419354838709676,61.82795698924731,52.68817204301075,9.13978494623656
E00080424,148,46,13,33,102,89,13,31.08108108108108,8.783783783783784,22.2972972972973,68.91891891891892,60.13513513513513,8.783783783783784
E00080425,159,37,14,23,122,108,14,23.270440251572328,8.80503144654088,14.465408805031446,76.72955974842768,67.9245283018868,8.80503144654088
E00080426,161,49,16,33,112,100,12,30.434782608695656,9.937888198757763,20.496894409937887,69.56521739130434,62.11180124223602,7.453416149068323
E00080427,146,49,20,29,97,76,21,33.56164383561644,13.698630136986301,19.863013698630137,66.43835616438356,52.054794520547944,14.383561643835616
E00080428,126,32,14,18,94,88,6,25.396825396825395,11.11111111111111,14.285714285714285,74.60317460317461,69.84126984126983,4.761904761904762
E00080429,131,41,14,27,90,79,11,31.297709923664126,10.687022900763358,20.610687022900763,68.70229007633588,60.30534351145038,8.396946564885496
E00080430,156,38,7,31,118,97,21,24.358974358974358,4.487179487179487,19.871794871794872,75.64102564102564,62.17948717948718,13.461538461538462
E00080431,155,56,20,36,99,91,8,36.12903225806451,12.903225806451612,23.225806451612904,63.87096774193548,58.70967741935483,5.161290322580645
E00080432,153,38,15,23,115,99,16,24.836601307189543,9.803921568627452,15.032679738562091,75.16339869281046,64.70588235294117,10.457516339869281
E00080433,147,61,17,44,86,74,12,41.49659863945578,11.564625850340136,29.931972789115648,58.50340136054422,50.34013605442177,8.16326530612245
E00080434,149,48,16,32,101,89,12,32.21476510067114,10.738255033557047,21.476510067114095,67.78523489932886,59.73154362416108,8.053691275167784
E00080435,157,41,14,27,116,90,26,26.11464968152866,8.9171974522293,17.197452229299362,73.88535031847134,57.324840764331206,16.560509554140125
E00080436,186,56,18,38,130,112,18,30.107526881720432,9.67741935483871,20.43010752688172,69.89247311827957,60.215053763440864,9.67741935483871
E00080437,158,46,14,32,112,94,18,29.11392405063291,8.860759493670885,20.253164556962027,70.88607594936708,59.49367088607595,11.39240506329114
E00080438,185,67,26,41,118,107,11,36.21621621621622,14.054054054054054,22.162162162162165,63.78378378378379,57.83783783783784,5.9459459459459465
E00080439,113,40,12,28,73,63,10,35.39823008849557,10.619469026548673,24.778761061946902,64.60176991150442,55.75221238938053,8.849557522123893
E00080440,191,56,19,37,135,119,16,29.31937172774869,9.947643979057592,19.3717277486911,70.68062827225131,62.30366492146597,8.37696335078534
E00080441,124,45,18,27,79,69,10,36.29032258064516,14.516129032258066,21.774193548387096,63.70967741935484,55.64516129032258,8.064516129032258
E00080442,140,34,8,26,106,94,12,24.285714285714285,5.714285714285714,18.571428571428573,75.71428571428571,67.14285714285714,8.571428571428571
E00080443,111,39,16,23,72,54,18,35.13513513513514,14.414414414414415,20.72072072072072,64.86486486486487,48.64864864864865,16.216216216216218
E00080444,128,33,14,19,95,71,24,25.78125,10.9375,14.84375,74.21875,55.46875,18.75
E00080445,155,41,24,17,114,77,37,26.451612903225808,15.483870967741936,10.967741935483872,73.54838709677419,49.67741935483871,23.870967741935484
E00080446,161,46,17,29,115,88,27,28.57142857142857,10.559006211180124,18.012422360248447,71.42857142857143,54.6583850931677,16.77018633540373
E00080447,178,38,12,26,140,119,21,21.34831460674157,6.741573033707865,14.606741573033707,78.65168539325843,66.85393258426966,11.797752808988763
E00080448,137,43,22,21,94,72,22,31.386861313868614,16.05839416058394,15.328467153284672,68.61313868613139,52.55474452554745,16.05839416058394
E00080449,182,60,29,31,122,86,36,32.967032967032964,15.934065934065933,17.032967032967033,67.03296703296702,47.25274725274725,19.78021978021978
E00080450,141,45,15,30,96,70,26,31.914893617021278,10.638297872340425,21.27659574468085,68.08510638297872,49.645390070921984,18.439716312056735
E00080451,144,37,20,17,107,84,23,25.694444444444443,13.88888888888889,11.805555555555555,74.30555555555556,58.333333333333336,15.972222222222221
E00080452,157,36,12,24,121,106,15,22.929936305732486,7.643312101910828,15.286624203821656,77.07006369426752,67.51592356687898,9.554140127388536
E00080453,134,36,14,22,98,81,17,26.865671641791046,10.44776119402985,16.417910447761194,73.13432835820896,60.447761194029844,12.686567164179104
E00080454,139,57,15,42,82,73,9,41.007194244604314,10.79136690647482,30.215827338129497,58.992805755395686,52.51798561151079,6.474820143884892
E00080455,149,51,20,31,98,87,11,34.22818791946309,13.422818791946309,20.80536912751678,65.77181208053692,58.38926174496645,7.38255033557047
E00080456,134,48,25,23,86,70,16,35.82089552238806,18.65671641791045,17.16417910447761,64.17910447761194,52.23880597014925,11.940298507462686
E00080457,137,33,12,21,104,82,22,24.087591240875913,8.75912408759124,15.328467153284672,75.91240875912408,59.854014598540154,16.05839416058394
E00080458,165,59,23,36,106,85,21,35.75757575757576,13.939393939393941,21.818181818181817,64.24242424242425,51.515151515151516,12.727272727272727
E00080459,161,44,16,28,117,96,21,27.32919254658385,9.937888198757763,17.391304347826086,72.67080745341616,59.62732919254658,13.043478260869565
E00080460,149,45,19,26,104,81,23,30.201342281879196,12.751677852348994,17.449664429530202,69.79865771812081,54.36241610738255,15.436241610738255
E00080461,172,50,22,28,122,108,14,29.069767441860467,12.790697674418606,16.27906976744186,70.93023255813954,62.7906976744186,8.13953488372093
E00080462,159,49,14,35,110,91,19,30.81761006289308,8.80503144654088,22.0125786163522,69.18238993710692,57.23270440251572,11.949685534591195
E00080463,132,31,13,18,101,87,14,23.484848484848484,9.848484848484848,13.636363636363635,76.51515151515152,65.9090909090909,10.606060606060606
E00080464,186,52,18,34,134,106,28,27.956989247311824,9.67741935483871,18.27956989247312,72.04301075268818,56.98924731182796,15.053763440860216
E00080465,135,40,17,23,95,74,21,29.629629629629626,12.592592592592592,17.037037037037038,70.37037037037037,54.81481481481482,15.555555555555555
E00080466,161,48,23,25,113,92,21,29.81366459627329,14.285714285714285,15.527950310559005,70.1863354037267,57.14285714285714,13.043478260869565
E00080467,119,42,17,25,77,65,12,35.294117647058826,14.285714285714285,21.008403361344538,64.70588235294117,54.621848739495796,10.084033613445378
E00080468,168,58,26,32,110,84,26,34.523809523809526,15.476190476190476,19.047619047619047,65.47619047619048,50,15.476190476190476
E00080469,131,21,9,12,110,91,19,16.030534351145036,6.870229007633588,9.16030534351145,83.96946564885496,69.46564885496184,14.50381679389313
E00080470,138,39,21,18,99,81,18,28.26086956521739,15.217391304347828,13.043478260869565,71.73913043478261,58.69565217391305,13.043478260869565
E00080471,178,49,17,32,129,101,28,27.52808988764045,9.550561797752808,17.97752808988764,72.47191011235955,56.74157303370787,15.730337078651685
E00080472,154,41,17,24,113,94,19,26.623376623376622,11.03896103896104,15.584415584415584,73.37662337662337,61.038961038961034,12.337662337662337
E00080473,108,36,13,23,72,64,8,33.33333333333333,12.037037037037036,21.296296296296298,66.66666666666666,59.25925925925925,7.4074074074074066
E00080474,72,22,6,16,50,47,3,30.555555555555557,8.333333333333332,22.22222222222222,69.44444444444444,65.27777777777779,4.166666666666666
E00080475,116,53,13,40,63,53,10,45.689655172413794,11.206896551724139,34.48275862068966,54.310344827586206,45.689655172413794,8.620689655172415
E00080476,122,34,14,20,88,72,16,27.86885245901639,11.475409836065573,16.39344262295082,72.1311475409836,59.01639344262295,13.114754098360656
E00080477,198,69,30,39,129,102,27,34.84848484848485,15.151515151515152,19.696969696969695,65.15151515151516,51.515151515151516,13.636363636363635
E00080478,159,46,18,28,113,83,30,28.930817610062892,11.320754716981133,17.61006289308176,71.0691823899371,52.20125786163522,18.867924528301888
E00080479,126,33,12,21,93,80,13,26.190476190476193,9.523809523809524,16.666666666666664,73.80952380952381,63.49206349206349,10.317460317460316
E00080480,118,52,24,28,66,56,10,44.06779661016949,20.33898305084746,23.728813559322035,55.932203389830505,47.45762711864407,8.47457627118644
E00080481,112,32,12,20,80,69,11,28.57142857142857,10.714285714285714,17.857142857142858,71.42857142857143,61.60714285714286,9.821428571428571
E00080482,128,35,12,23,93,77,16,27.34375,9.375,17.96875,72.65625,60.15625,12.5
E00080483,90,33,15,18,57,46,11,36.666666666666664,16.666666666666664,20,63.33333333333333,51.11111111111111,12.222222222222221
E00080484,116,34,8,26,82,60,22,29.310344827586203,6.896551724137931,22.413793103448278,70.6896551724138,51.724137931034484,18.96551724137931
E00080485,171,61,18,43,110,97,13,35.67251461988304,10.526315789473683,25.146198830409354,64.32748538011695,56.72514619883041,7.602339181286549
E00080486,142,52,27,25,90,67,23,36.61971830985916,19.014084507042252,17.6056338028169,63.38028169014085,47.183098591549296,16.19718309859155
E00080487,120,36,18,18,84,71,13,30,15,15,70,59.166666666666664,10.833333333333334
E00080488,129,35,8,27,94,79,15,27.131782945736433,6.2015503875969,20.930232558139537,72.86821705426357,61.240310077519375,11.627906976744185
E00080489,122,38,16,22,84,71,13,31.147540983606557,13.114754098360656,18.0327868852459,68.85245901639344,58.19672131147541,10.655737704918032
E00080490,111,38,13,25,73,64,9,34.234234234234236,11.711711711711711,22.52252252252252,65.76576576576578,57.65765765765766,8.108108108108109
E00080491,164,59,12,47,105,93,12,35.97560975609756,7.317073170731707,28.65853658536585,64.02439024390245,56.70731707317073,7.317073170731707
E00080492,135,45,9,36,90,82,8,33.33333333333333,6.666666666666667,26.666666666666668,66.66666666666666,60.74074074074074,5.9259259259259265
E00080493,173,57,21,36,116,97,19,32.947976878612714,12.138728323699421,20.809248554913296,67.05202312138728,56.06936416184971,10.982658959537572
E00080494,173,66,20,46,107,89,18,38.15028901734104,11.560693641618498,26.589595375722542,61.849710982658955,51.445086705202314,10.404624277456648
E00080495,160,50,16,34,110,95,15,31.25,10,21.25,68.75,59.375,9.375
E00080496,167,51,16,35,116,94,22,30.538922155688624,9.580838323353294,20.958083832335326,69.46107784431138,56.287425149700596,13.17365269461078
E00080497,174,48,10,38,126,106,20,27.586206896551722,5.747126436781609,21.839080459770116,72.41379310344827,60.91954022988506,11.494252873563218
E00080498,114,32,12,20,82,73,9,28.07017543859649,10.526315789473683,17.543859649122805,71.9298245614035,64.03508771929825,7.894736842105263
E00080499,195,71,27,44,124,109,15,36.41025641025641,13.846153846153847,22.564102564102566,63.589743589743584,55.8974358974359,7.6923076923076925
E00080500,163,48,14,34,115,97,18,29.447852760736197,8.588957055214724,20.858895705521473,70.5521472392638,59.50920245398773,11.042944785276074
E00080501,151,44,18,26,107,96,11,29.13907284768212,11.920529801324504,17.218543046357617,70.86092715231787,63.576158940397356,7.28476821192053
E00080502,158,46,14,32,112,92,20,29.11392405063291,8.860759493670885,20.253164556962027,70.88607594936708,58.22784810126582,12.658227848101266
E00080503,147,42,19,23,105,88,17,28.57142857142857,12.925170068027212,15.646258503401361,71.42857142857143,59.863945578231295,11.564625850340136
E00169993,164,50,16,34,114,102,12,30.48780487804878,9.75609756097561,20.73170731707317,69.51219512195121,62.19512195121951,7.317073170731707
E00169994,129,39,11,28,90,69,21,30.23255813953488,8.527131782945736,21.705426356589147,69.76744186046511,53.48837209302325,16.27906976744186
E00169995,165,38,13,25,127,109,18,23.03030303030303,7.878787878787878,15.151515151515152,76.96969696969697,66.06060606060606,10.909090909090908
E00169996,162,41,10,31,121,101,20,25.308641975308642,6.172839506172839,19.1358024691358,74.69135802469135,62.34567901234568,12.345679012345679
E00169997,251,67,29,38,184,159,25,26.693227091633464,11.553784860557768,15.139442231075698,73.30677290836654,63.34661354581673,9.9601593625498
E00169998,261,87,32,55,174,135,39,33.33333333333333,12.260536398467432,21.0727969348659,66.66666666666666,51.724137931034484,14.942528735632186
E00169999,152,45,20,25,107,82,25,29.605263157894733,13.157894736842104,16.447368421052634,70.39473684210526,53.94736842105263,16.447368421052634
E00170000,137,40,15,25,97,81,16,29.1970802919708,10.948905109489052,18.248175182481752,70.8029197080292,59.12408759124088,11.678832116788321
E00170001,126,35,15,20,91,76,15,27.77777777777778,11.904761904761903,15.873015873015872,72.22222222222221,60.317460317460316,11.904761904761903
E00180465,169,46,9,37,123,110,13,27.218934911242602,5.325443786982249,21.893491124260358,72.7810650887574,65.08875739644971,7.6923076923076925
E00180466,128,31,5,26,97,81,16,24.21875,3.90625,20.3125,75.78125,63.28125,12.5
E00180474,167,62,17,45,105,81,24,37.12574850299401,10.179640718562874,26.94610778443114,62.874251497005986,48.50299401197605,14.37125748502994
E00180480,158,32,7,25,126,110,16,20.253164556962027,4.430379746835443,15.822784810126583,79.74683544303798,69.62025316455697,10.126582278481013
E00180486,53,12,4,8,41,36,5,22.641509433962266,7.547169811320755,15.09433962264151,77.35849056603774,67.9245283018868,9.433962264150944
E00180490,411,83,36,47,328,276,52,20.194647201946474,8.75912408759124,11.435523114355231,79.80535279805353,67.15328467153284,12.652068126520682
E00180492,23,13,6,7,10,9,1,56.52173913043478,26.08695652173913,30.434782608695656,43.47826086956522,39.130434782608695,4.3478260869565215
E00180502,187,44,15,29,143,123,20,23.52941176470588,8.0213903743315509,15.508021390374333,76.47058823529412,65.77540106951871,10.695187165775401
E00180503,141,31,14,17,110,93,17,21.98581560283688,9.929078014184398,12.056737588652481,78.01418439716312,65.95744680851064,12.056737588652481
E00180507,65,28,5,23,37,37,0,43.07692307692308,7.6923076923076925,35.38461538461539,56.92307692307692,56.92307692307692,0
E00180508,68,18,7,11,50,42,8,26.47058823529412,10.294117647058822,16.176470588235293,73.52941176470588,61.76470588235294,11.76470588235294
E00180513,153,40,13,27,113,94,19,26.143790849673206,8.49673202614379,17.647058823529413,73.8562091503268,61.43790849673203,12.418300653594772
E00180531,108,51,33,18,57,53,4,47.22222222222222,30.555555555555557,16.666666666666664,52.77777777777778,49.074074074074076,3.7037037037037033
E00180542,143,47,12,35,96,80,16,32.86713286713287,8.391608391608392,24.475524475524477,67.13286713286713,55.94405594405595,11.188811188811188
E00180544,144,45,11,34,99,93,6,31.25,7.638888888888889,23.61111111111111,68.75,64.58333333333334,4.166666666666666
E00180545,61,12,4,8,49,48,1,19.672131147540984,6.557377049180328,13.114754098360656,80.32786885245902,78.68852459016394,1.639344262295082
E00180550,105,49,8,41,56,50,6,46.666666666666664,7.6190476190476195,39.04761904761905,53.333333333333336,47.61904761904761,5.714285714285714
E00180553,170,25,8,17,145,124,21,14.705882352941178,4.705882352941177,10,85.29411764705883,72.94117647058823,12.352941176470589
E00180557,262,58,30,28,204,180,24,22.137404580152673,11.450381679389313,10.687022900763358,77.86259541984732,68.70229007633588,9.16030534351145
E00180558,129,27,11,16,102,86,16,20.930232558139537,8.527131782945736,12.4031007751938,79.06976744186046,66.66666666666666,12.4031007751938
