OA,ts0590001,ts0590002,ts0590003,ts0590004,ts0590005,ts0590006,ts0590007,ts0590002_PCT,ts0590003_PCT,ts0590004_PCT,ts0590005_PCT,ts0590006_PCT,ts0590007_PCT
E00111573,165,56,21,35,109,94,15,33.939393939393945,12.727272727272727,21.21212121212121,66.06060606060606,56.96969696969697,9.090909090909092
E00111575,113,39,10,29,74,62,12,34.51327433628318,8.849557522123893,25.663716814159294,65.48672566371681,54.86725663716814,10.619469026548673
E00111576,142,53,26,27,89,70,19,37.32394366197183,18.30985915492958,19.014084507042252,62.676056338028175,49.29577464788733,13.380281690140844
E00111577,109,38,13,25,71,62,9,34.862385321100916,11.926605504587156,22.93577981651376,65.13761467889908,56.88073394495413,8.256880733944955
E00111578,146,55,22,33,91,78,13,37.67123287671233,15.068493150684931,22.602739726027394,62.328767123287676,53.42465753424658,8.904109589041095
E00111579,131,49,22,27,82,64,18,37.404580152671755,16.793893129770993,20.610687022900763,62.59541984732825,48.854961832061065,13.740458015267176
E00111580,109,35,11,24,74,56,18,32.11009174311927,10.091743119266056,22.018348623853214,67.88990825688074,51.37614678899083,16.51376146788991
E00111581,99,35,18,17,64,49,15,35.35353535353536,18.181818181818183,17.17171717171717,64.64646464646465,49.494949494949495,15.151515151515152
E00111582,110,40,15,25,70,63,7,36.36363636363637,13.636363636363635,22.727272727272727,63.63636363636363,57.27272727272727,6.363636363636363
E00111583,125,45,14,31,80,64,16,36,11.200000000000001,24.8,64,51.2,12.8
E00111584,94,36,10,26,58,52,6,38.297872340425535,10.638297872340425,27.659574468085108,61.702127659574465,55.319148936170215,6.382978723404255
E00111585,90,43,13,30,47,39,8,47.77777777777778,14.444444444444443,33.33333333333333,52.22222222222223,43.333333333333336,8.88888888888889
E00111586,106,42,15,27,64,53,11,39.62264150943396,14.150943396226415,25.471698113207548,60.37735849056604,50,10.377358490566039
E00111587,112,54,10,44,58,50,8,48.214285714285715,8.928571428571429,39.285714285714285,51.78571428571429,44.642857142857146,7.142857142857142
E00111588,38,15,4,11,23,16,7,39.473684210526315,10.526315789473683,28.947368421052634,60.526315789473685,42.10526315789473,18.421052631578945
E00111589,70,19,8,11,51,46,5,27.142857142857142,11.428571428571429,15.714285714285714,72.85714285714285,65.71428571428571,7.142857142857142
E00111590,122,57,16,41,65,55,10,46.72131147540984,13.114754098360656,33.60655737704918,53.278688524590166,45.08196721311475,8.19672131147541
E00111591,107,43,11,32,64,57,7,40.18691588785047,10.2803738317757,29.906542056074763,59.813084112149525,53.271028037383175,6.5420560747663545
E00111592,164,58,16,42,106,90,16,35.36585365853659,9.75609756097561,25.609756097560975,64.63414634146342,54.87804878048781,9.75609756097561
E00111593,124,47,9,38,77,64,13,37.903225806451616,7.258064516129033,30.64516129032258,62.096774193548384,51.61290322580645,10.483870967741936
E00111594,154,63,18,45,91,81,10,40.909090909090914,11.688311688311687,29.22077922077922,59.09090909090909,52.5974025974026,6.493506493506493
E00111595,146,52,22,30,94,80,14,35.61643835616438,15.068493150684931,20.54794520547945,64.38356164383562,54.794520547945204,9.58904109589041
E00111596,88,33,10,23,55,48,7,37.5,11.363636363636363,26.136363636363637,62.5,54.54545454545454,7.954545454545454
E00111597,111,44,15,29,67,57,10,39.63963963963964,13.513513513513514,26.126126126126124,60.36036036036037,51.35135135135135,9.00900900900901
E00111598,189,55,27,28,134,98,36,29.100529100529098,14.285714285714285,14.814814814814813,70.8994708994709,51.85185185185185,19.047619047619047
E00111599,180,40,18,22,140,106,34,22.22222222222222,10,12.222222222222221,77.77777777777779,58.88888888888889,18.88888888888889
E00111600,227,75,32,43,152,120,32,33.03964757709251,14.096916299559473,18.94273127753304,66.96035242290749,52.863436123348016,14.096916299559473
E00111601,166,54,15,39,112,82,30,32.53012048192771,9.036144578313253,23.49397590361446,67.46987951807229,49.39759036144578,18.072289156626507
E00111602,159,57,24,33,102,79,23,35.84905660377358,15.09433962264151,20.754716981132077,64.15094339622641,49.685534591194966,14.465408805031446
E00111604,145,50,14,36,95,69,26,34.48275862068966,9.655172413793103,24.82758620689655,65.51724137931035,47.58620689655172,17.93103448275862
E00111605,178,62,25,37,116,90,26,34.831460674157306,14.04494382022472,20.786516853932586,65.1685393258427,50.56179775280899,14.606741573033707
E00111606,158,55,18,37,103,81,22,34.810126582278485,11.39240506329114,23.417721518987342,65.18987341772153,51.26582278481012,13.924050632911392
E00111607,125,43,14,29,82,62,20,34.4,11.200000000000001,23.200000000000003,65.60000000000001,49.6,16
E00111608,204,67,25,42,137,113,24,32.84313725490196,12.254901960784313,20.588235294117645,67.15686274509804,55.392156862745104,11.76470588235294
E00111609,101,35,8,27,66,59,7,34.65346534653465,7.920792079207921,26.732673267326735,65.34653465346535,58.415841584158414,6.9306930693069315
E00111610,133,45,14,31,88,58,30,33.83458646616541,10.526315789473683,23.308270676691727,66.16541353383458,43.609022556390975,22.55639097744361
E00111611,132,38,10,28,94,79,15,28.78787878787879,7.575757575757576,21.21212121212121,71.21212121212122,59.84848484848485,11.363636363636363
E00111612,143,44,14,30,99,82,17,30.76923076923077,9.79020979020979,20.97902097902098,69.23076923076923,57.34265734265735,11.888111888111888
E00111613,77,28,11,17,49,35,14,36.36363636363637,14.285714285714285,22.07792207792208,63.63636363636363,45.45454545454545,18.181818181818183
E00111614,74,25,10,15,49,40,9,33.78378378378378,13.513513513513514,20.27027027027027,66.21621621621621,54.054054054054056,12.162162162162163
E00111615,156,59,22,37,97,82,15,37.82051282051282,14.102564102564102,23.717948717948715,62.17948717948718,52.56410256410257,9.615384615384617
E00111616,115,36,14,22,79,66,13,31.30434782608696,12.173913043478262,19.130434782608695,68.69565217391305,57.391304347826086,11.304347826086957
E00111617,133,53,15,38,80,66,14,39.849624060150376,11.278195488721805,28.57142857142857,60.150375939849624,49.62406015037594,10.526315789473683
E00111618,102,36,16,20,66,49,17,35.294117647058826,15.686274509803921,19.607843137254903,64.70588235294117,48.03921568627451,16.666666666666664
E00111619,117,39,14,25,78,66,12,33.33333333333333,11.965811965811966,21.367521367521366,66.66666666666666,56.41025641025641,10.256410256410255
E00111622,91,28,8,20,63,55,8,30.76923076923077,8.791208791208792,21.978021978021978,69.23076923076923,60.43956043956044,8.791208791208792
E00111624,154,38,14,24,116,101,15,24.675324675324674,9.090909090909092,15.584415584415584,75.32467532467533,65.5844155844156,9.740259740259742
E00111625,136,50,12,38,86,75,11,36.76470588235294,8.823529411764707,27.941176470588236,63.23529411764706,55.14705882352941,8.088235294117647
E00111626,141,44,16,28,97,83,14,31.20567375886525,11.347517730496454,19.858156028368796,68.79432624113475,58.86524822695035,9.929078014184398
E00111627,146,42,11,31,104,84,20,28.767123287671232,7.534246575342466,21.232876712328768,71.23287671232876,57.534246575342465,13.698630136986301
E00111628,191,63,28,35,128,110,18,32.98429319371728,14.659685863874344,18.32460732984293,67.01570680628272,57.59162303664922,9.424083769633508
E00111629,197,70,29,41,127,104,23,35.53299492385787,14.720812182741117,20.812182741116754,64.46700507614213,52.79187817258884,11.6751269035533
E00111630,145,51,18,33,94,69,25,35.172413793103445,12.413793103448276,22.758620689655174,64.82758620689654,47.58620689655172,17.24137931034483
E00111631,122,52,21,31,70,54,16,42.62295081967213,17.21311475409836,25.40983606557377,57.377049180327866,44.26229508196721,13.114754098360656
E00111632,125,37,16,21,88,71,17,29.599999999999998,12.8,16.8,70.39999999999999,56.8,13.600000000000001
E00111633,146,48,21,27,98,74,24,32.87671232876712,14.383561643835616,18.493150684931507,67.12328767123287,50.68493150684932,16.43835616438356
E00111634,163,71,27,44,92,68,24,43.558282208588956,16.56441717791411,26.993865030674847,56.44171779141104,41.717791411042946,14.723926380368098
E00111635,125,43,19,24,82,67,15,34.4,15.2,19.2,65.60000000000001,53.6,12
E00111636,147,52,19,33,95,71,24,35.374149659863946,12.925170068027212,22.448979591836736,64.62585034013605,48.29931972789115,16.3265306122449
E00111637,68,23,9,14,45,38,7,33.82352941176471,13.23529411764706,20.588235294117645,66.17647058823529,55.88235294117647,10.294117647058822
E00111638,176,66,27,39,110,86,24,37.5,15.340909090909092,22.15909090909091,62.5,48.86363636363637,13.636363636363635
E00111639,294,90,27,63,204,167,37,30.612244897959183,9.183673469387756,21.428571428571427,69.38775510204081,56.80272108843537,12.585034013605442
E00111640,104,38,14,24,66,58,8,36.53846153846153,13.461538461538462,23.076923076923077,63.46153846153846,55.769230769230774,7.6923076923076925
E00111641,121,39,20,19,82,68,14,32.231404958677686,16.528925619834713,15.702479338842975,67.76859504132231,56.19834710743802,11.570247933884298
E00111642,118,40,11,29,78,67,11,33.89830508474576,9.322033898305085,24.576271186440678,66.10169491525424,56.779661016949156,9.322033898305085
E00111643,132,44,23,21,88,69,19,33.33333333333333,17.424242424242426,15.909090909090908,66.66666666666666,52.27272727272727,14.393939393939394
E00111644,158,43,12,31,115,95,20,27.21518987341772,7.59493670886076,19.62025316455696,72.78481012658227,60.12658227848101,12.658227848101266
E00111645,133,47,16,31,86,60,26,35.338345864661655,12.030075187969924,23.308270676691727,64.66165413533834,45.11278195488722,19.548872180451127
E00111646,100,27,6,21,73,59,14,27,6,21,73,59,14.000000000000002
E00111647,93,32,7,25,61,50,11,34.40860215053764,7.526881720430108,26.881720430107524,65.59139784946237,53.76344086021505,11.827956989247312
E00111648,138,48,13,35,90,70,20,34.78260869565217,9.420289855072465,25.36231884057971,65.21739130434783,50.72463768115942,14.492753623188406
E00111649,147,48,18,30,99,81,18,32.6530612244898,12.244897959183673,20.408163265306122,67.3469387755102,55.10204081632652,12.244897959183673
E00111650,125,46,24,22,79,69,10,36.8,19.2,17.599999999999998,63.2,55.2,8
E00111651,77,22,10,12,55,42,13,28.57142857142857,12.987012987012985,15.584415584415584,71.42857142857143,54.54545454545454,16.883116883116884
E00111652,134,44,14,30,90,75,15,32.83582089552239,10.44776119402985,22.388059701492537,67.16417910447761,55.970149253731336,11.194029850746269
E00111653,137,47,17,30,90,70,20,34.306569343065696,12.408759124087592,21.897810218978105,65.69343065693431,51.09489051094891,14.5985401459854
E00111654,113,46,13,33,67,55,12,40.707964601769916,11.504424778761061,29.20353982300885,59.29203539823009,48.67256637168141,10.619469026548673
E00111655,100,34,10,24,66,52,14,34,10,24,66,52,14.000000000000002
E00111656,219,70,23,47,149,129,20,31.963470319634702,10.50228310502283,21.461187214611872,68.0365296803653,58.9041095890411,9.1324200913242
E00111657,107,35,16,19,72,65,7,32.71028037383177,14.953271028037381,17.75700934579439,67.28971962616822,60.747663551401864,6.5420560747663545
E00111658,139,54,17,37,85,75,10,38.84892086330935,12.23021582733813,26.618705035971225,61.15107913669065,53.956834532374096,7.1942446043165464
E00111660,119,48,15,33,71,60,11,40.33613445378151,12.605042016806722,27.73109243697479,59.66386554621849,50.42016806722689,9.243697478991598
E00111661,147,45,10,35,102,85,17,30.612244897959183,6.802721088435375,23.809523809523807,69.38775510204081,57.82312925170068,11.564625850340136
E00111662,125,35,14,21,90,68,22,28.000000000000004,11.200000000000001,16.8,72,54.400000000000006,17.599999999999998
E00111663,72,22,5,17,50,43,7,30.555555555555557,6.944444444444445,23.61111111111111,69.44444444444444,59.72222222222222,9.722222222222223
E00111664,96,28,10,18,68,54,14,29.166666666666668,10.416666666666668,18.75,70.83333333333334,56.25,14.583333333333334
E00111665,104,36,14,22,68,56,12,34.61538461538461,13.461538461538462,21.153846153846153,65.38461538461539,53.84615384615385,11.538461538461538
E00111666,101,38,13,25,63,46,17,37.62376237623762,12.871287128712872,24.752475247524753,62.37623762376238,45.54455445544555,16.831683168316832
E00111667,93,26,7,19,67,53,14,27.956989247311824,7.526881720430108,20.43010752688172,72.04301075268818,56.98924731182796,15.053763440860216
E00111668,113,32,12,20,81,72,9,28.31858407079646,10.619469026548673,17.699115044247787,71.68141592920354,63.716814159292035,7.964601769911504
E00111669,73,27,8,19,46,36,10,36.986301369863014,10.95890410958904,26.027397260273972,63.013698630136986,49.31506849315068,13.698630136986301
E00111670,113,41,18,23,72,59,13,36.283185840707965,15.929203539823009,20.353982300884958,63.716814159292035,52.21238938053098,11.504424778761061
E00111671,87,35,22,13,52,37,15,40.229885057471265,25.287356321839084,14.942528735632186,59.77011494252874,42.5287356321839,17.24137931034483
E00111672,106,48,22,26,58,41,17,45.28301886792453,20.754716981132077,24.528301886792452,54.71698113207547,38.67924528301887,16.037735849056602
E00111673,85,39,21,18,46,34,12,45.88235294117647,24.705882352941178,21.176470588235293,54.11764705882353,40,14.117647058823529
E00111674,112,44,12,32,68,60,8,39.285714285714285,10.714285714285714,28.57142857142857,60.71428571428571,53.57142857142857,7.142857142857142
E00111675,68,20,7,13,48,35,13,29.411764705882355,10.294117647058822,19.11764705882353,70.58823529411765,51.470588235294116,19.11764705882353
E00111676,54,23,13,10,31,22,9,42.592592592592595,24.074074074074073,18.51851851851852,57.407407407407405,40.74074074074074,16.666666666666664
E00111677,44,18,7,11,26,22,4,40.909090909090914,15.909090909090908,25,59.09090909090909,50,9.090909090909092
E00111678,45,19,10,9,26,19,7,42.22222222222222,22.22222222222222,20,57.77777777777777,42.22222222222222,15.555555555555555
E00111679,58,25,9,16,33,28,5,43.103448275862064,15.517241379310345,27.586206896551722,56.896551724137936,48.275862068965516,8.620689655172415
E00111680,123,51,18,33,72,61,11,41.46341463414634,14.634146341463413,26.82926829268293,58.536585365853654,49.59349593495935,8.94308943089431
E00111681,76,33,11,22,43,36,7,43.42105263157895,14.473684210526317,28.947368421052634,56.57894736842105,47.368421052631575,9.210526315789473
E00111682,116,37,18,19,79,66,13,31.896551724137932,15.517241379310345,16.379310344827587,68.10344827586206,56.896551724137936,11.206896551724139
E00111683,79,32,13,19,47,43,4,40.50632911392405,16.455696202531644,24.050632911392405,59.49367088607595,54.43037974683544,5.063291139240507
E00111684,113,38,13,25,75,61,14,33.6283185840708,11.504424778761061,22.123893805309734,66.3716814159292,53.98230088495575,12.389380530973451
E00111685,65,26,15,11,39,27,12,40,23.076923076923077,16.923076923076923,60,41.53846153846154,18.461538461538463
E00111686,37,18,9,9,19,18,1,48.64864864864865,24.324324324324326,24.324324324324326,51.35135135135135,48.64864864864865,2.7027027027027026
E00111687,74,25,6,19,49,40,9,33.78378378378378,8.108108108108109,25.675675675675674,66.21621621621621,54.054054054054056,12.162162162162163
E00111688,71,28,8,20,43,39,4,39.436619718309856,11.267605633802818,28.169014084507044,60.56338028169014,54.929577464788736,5.633802816901409
E00111689,46,18,9,9,28,26,2,39.130434782608695,19.565217391304348,19.565217391304348,60.86956521739131,56.52173913043478,4.3478260869565215
E00111690,62,25,10,15,37,33,4,40.32258064516129,16.129032258064516,24.193548387096776,59.67741935483871,53.2258064516129,6.451612903225806
E00111691,58,30,12,18,28,22,6,51.724137931034484,20.689655172413794,31.03448275862069,48.275862068965516,37.93103448275862,10.344827586206897
E00111692,82,37,19,18,45,36,9,45.1219512195122,23.170731707317074,21.951219512195124,54.87804878048781,43.90243902439025,10.975609756097562
E00111693,48,17,7,10,31,24,7,35.41666666666667,14.583333333333334,20.833333333333336,64.58333333333334,50,14.583333333333334
E00111694,47,24,6,18,23,17,6,51.06382978723404,12.76595744680851,38.297872340425535,48.93617021276596,36.17021276595745,12.76595744680851
E00111695,71,29,10,19,42,38,4,40.845070422535215,14.084507042253522,26.76056338028169,59.154929577464785,53.52112676056338,5.633802816901409
E00111696,33,11,3,8,22,13,9,33.33333333333333,9.090909090909092,24.242424242424242,66.66666666666666,39.39393939393939,27.27272727272727
E00111697,74,25,8,17,49,38,11,33.78378378378378,10.81081081081081,22.972972972972975,66.21621621621621,51.35135135135135,14.864864864864865
E00111698,65,18,8,10,47,37,10,27.692307692307693,12.307692307692308,15.384615384615385,72.3076923076923,56.92307692307692,15.384615384615385
E00111699,66,26,10,16,40,35,5,39.39393939393939,15.151515151515152,24.242424242424242,60.60606060606061,53.03030303030303,7.575757575757576
E00111700,72,25,12,13,47,35,12,34.72222222222222,16.666666666666664,18.055555555555554,65.27777777777779,48.61111111111111,16.666666666666664
E00111701,83,36,14,22,47,42,5,43.373493975903614,16.867469879518072,26.506024096385545,56.62650602409639,50.602409638554214,6.024096385542169
E00111702,84,31,9,22,53,44,9,36.904761904761905,10.714285714285714,26.190476190476193,63.095238095238095,52.38095238095239,10.714285714285714
E00111703,68,24,7,17,44,36,8,35.294117647058826,10.294117647058822,25,64.70588235294117,52.94117647058824,11.76470588235294
E00111704,91,30,9,21,61,45,16,32.967032967032964,9.89010989010989,23.076923076923077,67.03296703296702,49.45054945054945,17.582417582417584
E00111705,75,32,9,23,43,39,4,42.66666666666667,12,30.666666666666664,57.333333333333336,52,5.333333333333334
E00111706,51,27,11,16,24,19,5,52.94117647058824,21.568627450980394,31.372549019607842,47.05882352941176,37.254901960784316,9.803921568627452
E00111707,162,65,21,44,97,70,27,40.123456790123456,12.962962962962962,27.160493827160494,59.876543209876544,43.20987654320987,16.666666666666664
E00111708,167,64,25,39,103,82,21,38.32335329341318,14.97005988023952,23.353293413173652,61.67664670658682,49.101796407185624,12.574850299401197
E00111709,173,59,21,38,114,82,32,34.104046242774565,12.138728323699421,21.965317919075144,65.89595375722543,47.398843930635834,18.497109826589593
E00111710,84,21,10,11,63,54,9,25,11.904761904761903,13.095238095238097,75,64.28571428571429,10.714285714285714
E00111711,141,58,25,33,83,66,17,41.13475177304964,17.73049645390071,23.404255319148938,58.86524822695035,46.808510638297875,12.056737588652481
E00111712,126,43,14,29,83,63,20,34.12698412698413,11.11111111111111,23.015873015873016,65.87301587301587,50,15.873015873015872
E00111713,157,51,19,32,106,89,17,32.48407643312102,12.101910828025478,20.382165605095544,67.51592356687898,56.68789808917197,10.828025477707007
E00111714,161,47,14,33,114,95,19,29.19254658385093,8.695652173913043,20.496894409937887,70.80745341614907,59.006211180124225,11.801242236024844
E00111715,200,65,21,44,135,98,37,32.5,10.5,22,67.5,49,18.5
E00111716,175,58,18,40,117,78,39,33.14285714285714,10.285714285714285,22.857142857142858,66.85714285714286,44.57142857142857,22.285714285714285
E00111717,213,73,30,43,140,117,23,34.27230046948357,14.084507042253522,20.187793427230048,65.72769953051643,54.929577464788736,10.7981220657277
E00111718,116,37,11,26,79,61,18,31.896551724137932,9.482758620689655,22.413793103448278,68.10344827586206,52.58620689655172,15.517241379310345
E00111719,161,56,15,41,105,81,24,34.78260869565217,9.316770186335404,25.465838509316768,65.21739130434783,50.31055900621118,14.906832298136646
E00111720,173,60,19,41,113,83,30,34.68208092485549,10.982658959537572,23.699421965317917,65.3179190751445,47.97687861271676,17.341040462427745
E00111721,120,39,16,23,81,69,12,32.5,13.333333333333334,19.166666666666668,67.5,57.49999999999999,10
E00111722,122,38,15,23,84,74,10,31.147540983606557,12.295081967213115,18.852459016393443,68.85245901639344,60.65573770491803,8.19672131147541
E00111723,118,31,10,21,87,72,15,26.27118644067797,8.47457627118644,17.796610169491526,73.72881355932203,61.016949152542374,12.711864406779661
E00111724,51,17,6,11,34,32,2,33.33333333333333,11.76470588235294,21.568627450980394,66.66666666666666,62.745098039215684,3.9215686274509802
E00111725,62,36,11,25,26,23,3,58.06451612903226,17.741935483870968,40.32258064516129,41.935483870967744,37.096774193548384,4.838709677419355
E00111726,84,26,8,18,58,44,14,30.952380952380953,9.523809523809524,21.428571428571427,69.04761904761905,52.38095238095239,16.666666666666664
E00111727,92,45,14,31,47,32,15,48.91304347826087,15.217391304347828,33.69565217391305,51.08695652173913,34.78260869565217,16.304347826086957
E00111728,88,26,8,18,62,51,11,29.545454545454547,9.090909090909092,20.454545454545457,70.45454545454545,57.95454545454546,12.5
E00111729,78,28,7,21,50,38,12,35.8974358974359,8.974358974358974,26.923076923076923,64.1025641025641,48.717948717948715,15.384615384615385
E00111730,108,39,17,22,69,57,12,36.11111111111111,15.74074074074074,20.37037037037037,63.888888888888886,52.77777777777778,11.11111111111111
E00111731,38,16,5,11,22,18,4,42.10526315789473,13.157894736842104,28.947368421052634,57.89473684210527,47.368421052631575,10.526315789473683
E00111732,82,28,6,22,54,47,7,34.146341463414636,7.317073170731707,26.82926829268293,65.85365853658537,57.3170731707317,8.536585365853659
E00111733,56,22,6,16,34,31,3,39.285714285714285,10.714285714285714,28.57142857142857,60.71428571428571,55.35714285714286,5.357142857142857
E00111734,80,38,11,27,42,37,5,47.5,13.750000000000002,33.75,52.5,46.25,6.25
E00111735,83,33,13,20,50,37,13,39.75903614457831,15.66265060240964,24.096385542168676,60.24096385542169,44.57831325301205,15.66265060240964
E00111736,104,33,8,25,71,56,15,31.73076923076923,7.6923076923076925,24.03846153846154,68.26923076923077,53.84615384615385,14.423076923076922
E00111737,174,40,15,25,134,117,17,22.988505747126435,8.620689655172415,14.367816091954023,77.01149425287356,67.24137931034483,9.770114942528735
E00111738,117,36,17,19,81,71,10,30.76923076923077,14.529914529914532,16.23931623931624,69.23076923076923,60.68376068376068,8.547008547008547
E00111739,124,36,12,24,88,73,15,29.03225806451613,9.67741935483871,19.35483870967742,70.96774193548387,58.87096774193549,12.096774193548388
E00111740,101,38,14,24,63,57,6,37.62376237623762,13.861386138613863,23.762376237623762,62.37623762376238,56.43564356435643,5.9405940594059405
E00111741,86,32,10,22,54,42,12,37.2093023255814,11.627906976744185,25.581395348837212,62.7906976744186,48.837209302325576,13.953488372093023
E00111742,96,41,14,27,55,46,9,42.70833333333333,14.583333333333334,28.125,57.291666666666664,47.91666666666667,9.375
E00111743,104,25,11,14,79,65,14,24.03846153846154,10.576923076923077,13.461538461538462,75.96153846153845,62.5,13.461538461538462
E00111744,153,54,20,34,99,77,22,35.294117647058826,13.071895424836603,22.22222222222222,64.70588235294117,50.326797385620914,14.37908496732026
E00111745,122,31,13,18,91,76,15,25.40983606557377,10.655737704918032,14.754098360655737,74.59016393442623,62.295081967213115,12.295081967213115
E00111746,152,45,15,30,107,85,22,29.605263157894733,9.868421052631579,19.736842105263158,70.39473684210526,55.92105263157895,14.473684210526317
E00111747,160,52,14,38,108,89,19,32.5,8.75,23.75,67.5,55.625,11.875
E00111748,148,45,17,28,103,85,18,30.405405405405407,11.486486486486488,18.91891891891892,69.5945945945946,57.432432432432435,12.162162162162163
E00111749,98,33,8,25,65,54,11,33.6734693877551,8.16326530612245,25.510204081632654,66.3265306122449,55.10204081632652,11.224489795918368
E00111750,230,67,21,46,163,138,25,29.130434782608695,9.130434782608695,20,70.86956521739131,60,10.869565217391305
E00111751,106,49,10,39,57,47,10,46.22641509433962,9.433962264150944,36.79245283018868,53.77358490566038,44.339622641509436,9.433962264150944
E00111752,98,23,6,17,75,63,12,23.46938775510204,6.122448979591836,17.346938775510203,76.53061224489795,64.28571428571429,12.244897959183673
E00111753,110,39,14,25,71,63,8,35.45454545454545,12.727272727272727,22.727272727272727,64.54545454545455,57.27272727272727,7.2727272727272725
E00111754,179,69,29,40,110,94,16,38.547486033519554,16.201117318435752,22.3463687150838,61.452513966480446,52.513966480446925,8.938547486033519
E00111755,225,66,25,41,159,142,17,29.333333333333332,11.11111111111111,18.22222222222222,70.66666666666667,63.11111111111111,7.555555555555555
E00111756,132,44,13,31,88,72,16,33.33333333333333,9.848484848484848,23.484848484848484,66.66666666666666,54.54545454545454,12.121212121212121
E00111757,109,41,8,33,68,59,9,37.61467889908257,7.339449541284404,30.275229357798167,62.38532110091744,54.12844036697248,8.256880733944955
E00111758,63,26,8,18,37,25,12,41.269841269841265,12.698412698412698,28.57142857142857,58.730158730158735,39.682539682539684,19.047619047619047
E00111759,176,62,15,47,114,101,13,35.22727272727273,8.522727272727272,26.704545454545453,64.77272727272727,57.38636363636363,7.386363636363637
E00111760,53,26,5,21,27,27,0,49.056603773584904,9.433962264150944,39.62264150943396,50.943396226415096,50.943396226415096,0
E00111761,93,27,7,20,66,53,13,29.03225806451613,7.526881720430108,21.50537634408602,70.96774193548387,56.98924731182796,13.978494623655912
E00111762,91,24,10,14,67,59,8,26.373626373626376,10.989010989010989,15.384615384615385,73.62637362637363,64.83516483516483,8.791208791208792
E00111763,88,42,12,30,46,34,12,47.72727272727273,13.636363636363635,34.090909090909086,52.27272727272727,38.63636363636363,13.636363636363635
E00111764,98,36,12,24,62,55,7,36.734693877551024,12.244897959183673,24.489795918367346,63.26530612244898,56.12244897959183,7.142857142857142
E00111765,119,36,14,22,83,69,14,30.252100840336134,11.76470588235294,18.487394957983195,69.74789915966386,57.98319327731093,11.76470588235294
E00111766,139,58,13,45,81,66,15,41.726618705035975,9.352517985611511,32.37410071942446,58.27338129496403,47.482014388489205,10.79136690647482
E00111767,102,45,15,30,57,49,8,44.11764705882353,14.705882352941178,29.411764705882355,55.88235294117647,48.03921568627451,7.8431372549019605
E00111769,42,17,6,11,25,19,6,40.476190476190474,14.285714285714285,26.190476190476193,59.523809523809526,45.23809523809524,14.285714285714285
E00111770,156,41,18,23,115,95,20,26.282051282051285,11.538461538461538,14.743589743589745,73.71794871794873,60.89743589743589,12.82051282051282
E00111771,82,29,9,20,53,49,4,35.36585365853659,10.975609756097562,24.390243902439025,64.63414634146342,59.756097560975604,4.878048780487805
E00111772,222,75,28,47,147,117,30,33.78378378378378,12.612612612612612,21.17117117117117,66.21621621621621,52.702702702702695,13.513513513513514
E00111773,70,27,7,20,43,36,7,38.57142857142858,10,28.57142857142857,61.42857142857143,51.42857142857142,10
E00111774,111,37,11,26,74,65,9,33.33333333333333,9.90990990990991,23.423423423423422,66.66666666666666,58.55855855855856,8.108108108108109
E00111775,97,39,10,29,58,44,14,40.20618556701031,10.309278350515463,29.896907216494846,59.79381443298969,45.36082474226804,14.432989690721648
E00111776,114,36,11,25,78,64,14,31.57894736842105,9.649122807017543,21.929824561403507,68.42105263157895,56.14035087719298,12.280701754385964
E00111777,74,22,6,16,52,46,6,29.72972972972973,8.108108108108109,21.62162162162162,70.27027027027027,62.16216216216216,8.108108108108109
E00111778,118,36,9,27,82,69,13,30.508474576271187,7.627118644067797,22.88135593220339,69.49152542372882,58.47457627118644,11.016949152542372
E00111779,65,19,7,12,46,37,9,29.230769230769234,10.76923076923077,18.461538461538463,70.76923076923077,56.92307692307692,13.846153846153847
E00111780,71,26,5,21,45,41,4,36.61971830985916,7.042253521126761,29.577464788732392,63.38028169014085,57.74647887323944,5.633802816901409
E00111781,132,41,18,23,91,79,12,31.060606060606062,13.636363636363635,17.424242424242426,68.93939393939394,59.84848484848485,9.090909090909092
E00111782,125,44,8,36,81,63,18,35.199999999999996,6.4,28.799999999999997,64.8,50.4,14.399999999999999
E00111783,123,38,10,28,85,62,23,30.89430894308943,8.130081300813007,22.76422764227642,69.10569105691057,50.40650406504065,18.69918699186992
E00111784,143,47,15,32,96,78,18,32.86713286713287,10.48951048951049,22.377622377622377,67.13286713286713,54.54545454545454,12.587412587412588
E00111785,114,38,17,21,76,68,8,33.33333333333333,14.912280701754385,18.421052631578945,66.66666666666666,59.64912280701754,7.017543859649122
E00111786,132,43,16,27,89,61,28,32.57575757575758,12.121212121212121,20.454545454545457,67.42424242424242,46.21212121212121,21.21212121212121
E00111787,122,30,15,15,92,81,11,24.59016393442623,12.295081967213115,12.295081967213115,75.40983606557377,66.39344262295081,9.01639344262295
E00111788,144,50,10,40,94,74,20,34.72222222222222,6.944444444444445,27.77777777777778,65.27777777777779,51.388888888888886,13.88888888888889
E00111789,236,73,18,55,163,137,26,30.93220338983051,7.627118644067797,23.30508474576271,69.0677966101695,58.05084745762712,11.016949152542372
E00111790,142,48,13,35,94,83,11,33.80281690140845,9.15492957746479,24.647887323943664,66.19718309859155,58.45070422535211,7.746478873239436
E00111791,138,45,15,30,93,72,21,32.608695652173914,10.869565217391305,21.73913043478261,67.3913043478261,52.17391304347826,15.217391304347828
E00111792,130,46,11,35,84,71,13,35.38461538461539,8.461538461538462,26.923076923076923,64.61538461538461,54.61538461538461,10
E00111793,136,51,18,33,85,70,15,37.5,13.23529411764706,24.264705882352942,62.5,51.470588235294116,11.029411764705882
E00111794,178,54,20,34,124,107,17,30.337078651685395,11.235955056179774,19.101123595505616,69.66292134831461,60.1123595505618,9.550561797752808
E00111795,124,39,7,32,85,68,17,31.451612903225808,5.64516129032258,25.806451612903224,68.54838709677419,54.83870967741935,13.709677419354838
E00111796,93,32,7,25,61,57,4,34.40860215053764,7.526881720430108,26.881720430107524,65.59139784946237,61.29032258064516,4.301075268817205
E00111797,86,31,7,24,55,46,9,36.04651162790697,8.13953488372093,27.906976744186046,63.95348837209303,53.48837209302325,10.465116279069768
E00111798,92,33,11,22,59,47,12,35.869565217391305,11.956521739130435,23.91304347826087,64.13043478260869,51.08695652173913,13.043478260869565
E00111799,73,27,10,17,46,40,6,36.986301369863014,13.698630136986301,23.28767123287671,63.013698630136986,54.794520547945204,8.21917808219178
E00111800,61,16,9,7,45,36,9,26.229508196721312,14.754098360655737,11.475409836065573,73.77049180327869,59.01639344262295,14.754098360655737
E00111801,104,41,9,32,63,53,10,39.42307692307692,8.653846153846153,30.76923076923077,60.57692307692307,50.96153846153846,9.615384615384617
E00111802,91,31,12,19,60,53,7,34.065934065934066,13.186813186813188,20.87912087912088,65.93406593406593,58.24175824175825,7.6923076923076925
E00111803,69,23,6,17,46,37,9,33.33333333333333,8.695652173913043,24.637681159420293,66.66666666666666,53.62318840579711,13.043478260869565
E00111804,122,50,9,41,72,60,12,40.98360655737705,7.377049180327869,33.60655737704918,59.01639344262295,49.18032786885246,9.836065573770492
E00111805,101,37,13,24,64,56,8,36.633663366336634,12.871287128712872,23.762376237623762,63.366336633663366,55.44554455445545,7.920792079207921
E00111806,123,44,16,28,79,61,18,35.77235772357724,13.008130081300814,22.76422764227642,64.22764227642277,49.59349593495935,14.634146341463413
E00111807,114,48,17,31,66,48,18,42.10526315789473,14.912280701754385,27.192982456140353,57.89473684210527,42.10526315789473,15.789473684210526
E00111808,70,35,14,21,35,28,7,50,20,30,50,40,10
E00111809,99,32,12,20,67,56,11,32.323232323232325,12.121212121212121,20.2020202020202,67.67676767676768,56.56565656565656,11.11111111111111
E00111810,136,48,24,24,88,67,21,35.294117647058826,17.647058823529413,17.647058823529413,64.70588235294117,49.26470588235294,15.441176470588236
E00111811,112,40,14,26,72,60,12,35.714285714285715,12.5,23.214285714285715,64.28571428571429,53.57142857142857,10.714285714285714
E00111812,97,39,19,20,58,46,12,40.20618556701031,19.587628865979383,20.618556701030926,59.79381443298969,47.42268041237113,12.371134020618557
E00111813,124,38,10,28,86,69,17,30.64516129032258,8.064516129032258,22.58064516129032,69.35483870967742,55.64516129032258,13.709677419354838
E00111814,218,70,23,47,148,115,33,32.11009174311927,10.550458715596331,21.55963302752294,67.88990825688074,52.752293577981646,15.137614678899084
E00111815,91,29,12,17,62,55,7,31.868131868131865,13.186813186813188,18.681318681318682,68.13186813186813,60.43956043956044,7.6923076923076925
E00111816,229,74,31,43,155,127,28,32.314410480349345,13.537117903930133,18.777292576419214,67.68558951965066,55.45851528384279,12.22707423580786
E00111817,102,38,14,24,64,53,11,37.254901960784316,13.725490196078432,23.52941176470588,62.745098039215684,51.9607843137255,10.784313725490197
E00111818,117,41,9,32,76,59,17,35.04273504273504,7.6923076923076925,27.350427350427353,64.95726495726495,50.427350427350426,14.529914529914532
E00111819,142,48,18,30,94,75,19,33.80281690140845,12.676056338028168,21.12676056338028,66.19718309859155,52.816901408450704,13.380281690140844
E00111820,130,47,12,35,83,73,10,36.15384615384615,9.230769230769232,26.923076923076923,63.84615384615384,56.15384615384615,7.6923076923076925
E00111821,50,17,4,13,33,31,2,34,8,26,66,62,4
E00111822,43,16,8,8,27,18,9,37.2093023255814,18.6046511627907,18.6046511627907,62.7906976744186,41.86046511627907,20.930232558139537
E00111823,79,31,8,23,48,40,8,39.24050632911392,10.126582278481013,29.11392405063291,60.75949367088608,50.63291139240506,10.126582278481013
E00111824,65,24,8,16,41,35,6,36.92307692307693,12.307692307692308,24.615384615384617,63.07692307692307,53.84615384615385,9.230769230769232
E00111825,49,17,2,15,32,25,7,34.69387755102041,4.081632653061225,30.612244897959183,65.3061224489796,51.02040816326531,14.285714285714285
E00111826,111,38,15,23,73,59,14,34.234234234234236,13.513513513513514,20.72072072072072,65.76576576576578,53.153153153153156,12.612612612612612
E00111827,86,30,8,22,56,49,7,34.883720930232556,9.30232558139535,25.581395348837212,65.11627906976744,56.97674418604651,8.13953488372093
E00111828,96,26,10,16,70,64,6,27.083333333333332,10.416666666666668,16.666666666666664,72.91666666666666,66.66666666666666,6.25
E00111829,220,66,21,45,154,116,38,30,9.545454545454547,20.454545454545457,70,52.72727272727272,17.272727272727273
E00111830,149,54,13,41,95,78,17,36.241610738255034,8.724832214765101,27.516778523489933,63.758389261744966,52.348993288590606,11.409395973154362
E00111831,148,45,20,25,103,85,18,30.405405405405407,13.513513513513514,16.89189189189189,69.5945945945946,57.432432432432435,12.162162162162163
E00111832,179,56,18,38,123,105,18,31.28491620111732,10.05586592178771,21.22905027932961,68.71508379888269,58.659217877094974,10.05586592178771
E00111833,141,39,18,21,102,89,13,27.659574468085108,12.76595744680851,14.893617021276595,72.3404255319149,63.12056737588653,9.219858156028367
E00111834,160,48,20,28,112,91,21,30,12.5,17.5,70,56.875,13.125
E00111835,106,36,10,26,70,62,8,33.9622641509434,9.433962264150944,24.528301886792452,66.0377358490566,58.490566037735846,7.547169811320755
E00111837,88,29,5,24,59,47,12,32.95454545454545,5.681818181818182,27.27272727272727,67.04545454545455,53.40909090909091,13.636363636363635
E00111838,154,47,23,24,107,87,20,30.519480519480517,14.935064935064934,15.584415584415584,69.48051948051948,56.493506493506494,12.987012987012985
E00111839,140,53,19,34,87,69,18,37.857142857142854,13.571428571428571,24.285714285714285,62.142857142857146,49.28571428571429,12.857142857142856
E00111840,103,28,10,18,75,57,18,27.184466019417474,9.70873786407767,17.475728155339805,72.81553398058253,55.33980582524271,17.475728155339805
E00111841,91,35,12,23,56,48,8,38.46153846153847,13.186813186813188,25.274725274725274,61.53846153846154,52.74725274725275,8.791208791208792
E00111842,131,44,24,20,87,72,15,33.587786259541986,18.3206106870229,15.267175572519085,66.41221374045801,54.961832061068705,11.450381679389313
E00111843,146,36,11,25,110,87,23,24.65753424657534,7.534246575342466,17.123287671232877,75.34246575342466,59.589041095890416,15.753424657534246
E00111844,168,64,19,45,104,83,21,38.095238095238095,11.30952380952381,26.785714285714285,61.904761904761905,49.404761904761905,12.5
E00111845,111,29,11,18,82,71,11,26.126126126126124,9.90990990990991,16.216216216216218,73.87387387387388,63.96396396396396,9.90990990990991
E00111846,115,42,13,29,73,63,10,36.52173913043478,11.304347826086957,25.217391304347824,63.47826086956522,54.78260869565217,8.695652173913043
E00111847,158,58,20,38,100,88,12,36.708860759493675,12.658227848101266,24.050632911392405,63.29113924050633,55.69620253164557,7.59493670886076
E00111848,72,28,7,21,44,38,6,38.88888888888889,9.722222222222223,29.166666666666668,61.111111111111114,52.77777777777778,8.333333333333332
E00111849,104,40,12,28,64,57,7,38.46153846153847,11.538461538461538,26.923076923076923,61.53846153846154,54.807692307692314,6.730769230769231
E00111850,133,50,23,27,83,65,18,37.59398496240601,17.293233082706767,20.30075187969925,62.40601503759399,48.87218045112782,13.533834586466165
E00111851,160,65,14,51,95,85,10,40.625,8.75,31.874999999999996,59.375,53.125,6.25
E00111852,87,29,7,22,58,51,7,33.33333333333333,8.045977011494253,25.287356321839084,66.66666666666666,58.620689655172406,8.045977011494253
E00111853,102,39,9,30,63,50,13,38.23529411764706,8.823529411764707,29.411764705882355,61.76470588235294,49.01960784313725,12.745098039215685
E00111854,240,72,29,43,168,134,34,30,12.083333333333334,17.916666666666668,70,55.833333333333336,14.166666666666666
E00111855,233,88,27,61,145,124,21,37.76824034334764,11.587982832618025,26.180257510729614,62.231759656652365,53.21888412017167,9.012875536480687
E00111856,166,64,32,32,102,80,22,38.55421686746988,19.27710843373494,19.27710843373494,61.44578313253012,48.19277108433735,13.253012048192772
E00111857,57,21,10,11,36,29,7,36.84210526315789,17.543859649122805,19.298245614035086,63.1578947368421,50.877192982456144,12.280701754385964
E00111858,121,43,15,28,78,63,15,35.53719008264463,12.396694214876034,23.140495867768596,64.46280991735537,52.066115702479344,12.396694214876034
E00111859,178,53,16,37,125,92,33,29.775280898876407,8.98876404494382,20.786516853932586,70.2247191011236,51.68539325842697,18.53932584269663
E00111860,156,58,26,32,98,74,24,37.17948717948718,16.666666666666664,20.51282051282051,62.82051282051282,47.43589743589743,15.384615384615385
E00111861,70,24,9,15,46,42,4,34.285714285714285,12.857142857142856,21.428571428571427,65.71428571428571,60,5.714285714285714
E00111862,78,27,9,18,51,43,8,34.61538461538461,11.538461538461538,23.076923076923077,65.38461538461539,55.12820512820513,10.256410256410255
E00111863,107,35,16,19,72,63,9,32.71028037383177,14.953271028037381,17.75700934579439,67.28971962616822,58.87850467289719,8.411214953271028
E00111864,107,44,20,24,63,50,13,41.1214953271028,18.69158878504673,22.429906542056074,58.87850467289719,46.728971962616825,12.149532710280374
E00111865,135,45,10,35,90,83,7,33.33333333333333,7.4074074074074066,25.925925925925924,66.66666666666666,61.48148148148148,5.185185185185185
E00111866,96,39,10,29,57,49,8,40.625,10.416666666666668,30.208333333333332,59.375,51.041666666666664,8.333333333333332
E00111867,137,37,17,20,100,78,22,27.00729927007299,12.408759124087592,14.5985401459854,72.99270072992701,56.934306569343065,16.05839416058394
E00111868,191,73,34,39,118,102,16,38.21989528795812,17.801047120418847,20.418848167539267,61.78010471204188,53.403141361256544,8.37696335078534
E00111869,112,32,12,20,80,66,14,28.57142857142857,10.714285714285714,17.857142857142858,71.42857142857143,58.92857142857143,12.5
E00111870,166,34,13,21,132,100,32,20.481927710843372,7.83132530120482,12.650602409638553,79.51807228915662,60.24096385542169,19.27710843373494
E00111871,211,57,26,31,154,139,15,27.014218009478675,12.322274881516588,14.691943127962084,72.98578199052133,65.87677725118483,7.109004739336493
E00111873,127,38,17,21,89,71,18,29.92125984251969,13.385826771653544,16.535433070866144,70.07874015748031,55.90551181102362,14.173228346456693
E00111874,186,61,25,36,125,91,34,32.795698924731184,13.440860215053762,19.35483870967742,67.20430107526882,48.924731182795696,18.27956989247312
E00111875,159,62,19,43,97,71,26,38.9937106918239,11.949685534591195,27.044025157232703,61.0062893081761,44.65408805031446,16.352201257861633
E00111876,168,64,17,47,104,87,17,38.095238095238095,10.119047619047619,27.976190476190478,61.904761904761905,51.78571428571429,10.119047619047619
E00111877,113,41,10,31,72,60,12,36.283185840707965,8.849557522123893,27.43362831858407,63.716814159292035,53.09734513274337,10.619469026548673
E00111878,141,58,22,36,83,67,16,41.13475177304964,15.602836879432624,25.53191489361702,58.86524822695035,47.5177304964539,11.347517730496454
E00111879,125,48,16,32,77,59,18,38.4,12.8,25.6,61.6,47.199999999999996,14.399999999999999
E00111880,118,32,10,22,86,75,11,27.11864406779661,8.47457627118644,18.64406779661017,72.88135593220339,63.559322033898304,9.322033898305085
E00111881,98,29,6,23,69,60,9,29.591836734693878,6.122448979591836,23.46938775510204,70.40816326530613,61.224489795918366,9.183673469387756
E00111882,139,48,18,30,91,74,17,34.53237410071942,12.949640287769784,21.58273381294964,65.46762589928058,53.23741007194245,12.23021582733813
E00111883,121,34,11,23,87,76,11,28.09917355371901,9.090909090909092,19.00826446280992,71.900826446281,62.8099173553719,9.090909090909092
E00111884,9,4,1,3,5,4,1,44.44444444444444,11.11111111111111,33.33333333333333,55.55555555555556,44.44444444444444,11.11111111111111
E00111885,107,28,6,22,79,58,21,26.168224299065418,5.607476635514018,20.5607476635514,73.83177570093457,54.20560747663551,19.626168224299064
E00111886,129,42,11,31,87,74,13,32.55813953488372,8.527131782945736,24.031007751937985,67.44186046511628,57.36434108527132,10.077519379844961
E00111887,136,48,16,32,88,71,17,35.294117647058826,11.76470588235294,23.52941176470588,64.70588235294117,52.20588235294118,12.5
E00111888,138,52,16,36,86,69,17,37.68115942028986,11.594202898550725,26.08695652173913,62.31884057971014,50,12.318840579710146
E00111889,118,32,13,19,86,67,19,27.11864406779661,11.016949152542372,16.101694915254235,72.88135593220339,56.779661016949156,16.101694915254235
E00111890,120,50,10,40,70,58,12,41.66666666666667,8.333333333333332,33.33333333333333,58.333333333333336,48.333333333333336,10
E00111891,106,44,12,32,62,52,10,41.509433962264154,11.320754716981133,30.18867924528302,58.490566037735846,49.056603773584904,9.433962264150944
E00111892,87,39,11,28,48,37,11,44.827586206896555,12.643678160919542,32.18390804597701,55.172413793103445,42.5287356321839,12.643678160919542
E00111893,114,34,12,22,80,63,17,29.82456140350877,10.526315789473683,19.298245614035086,70.17543859649122,55.26315789473685,14.912280701754385
E00111894,75,23,5,18,52,48,4,30.666666666666664,6.666666666666667,24,69.33333333333334,64,5.333333333333334
E00111895,153,68,25,43,85,74,11,44.44444444444444,16.33986928104575,28.104575163398692,55.55555555555556,48.366013071895424,7.18954248366013
E00111896,119,44,17,27,75,69,6,36.97478991596639,14.285714285714285,22.689075630252102,63.02521008403361,57.98319327731093,5.042016806722689
E00111897,63,19,7,12,44,34,10,30.158730158730158,11.11111111111111,19.047619047619047,69.84126984126983,53.96825396825397,15.873015873015872
E00111898,129,49,17,32,80,68,12,37.98449612403101,13.178294573643413,24.8062015503876,62.01550387596899,52.71317829457365,9.30232558139535
E00111899,55,19,8,11,36,29,7,34.54545454545455,14.545454545454545,20,65.45454545454545,52.72727272727272,12.727272727272727
E00111900,142,42,16,26,100,76,24,29.577464788732392,11.267605633802818,18.30985915492958,70.4225352112676,53.52112676056338,16.901408450704224
E00111901,134,49,16,33,85,71,14,36.56716417910448,11.940298507462686,24.62686567164179,63.43283582089553,52.98507462686567,10.44776119402985
E00111902,96,35,6,29,61,54,7,36.45833333333333,6.25,30.208333333333332,63.541666666666664,56.25,7.291666666666667
E00111903,152,56,15,41,96,80,16,36.84210526315789,9.868421052631579,26.973684210526315,63.1578947368421,52.63157894736842,10.526315789473683
E00111904,91,28,11,17,63,51,12,30.76923076923077,12.087912087912088,18.681318681318682,69.23076923076923,56.043956043956044,13.186813186813188
E00111905,122,49,13,36,73,62,11,40.16393442622951,10.655737704918032,29.508196721311474,59.83606557377049,50.81967213114754,9.01639344262295
E00111906,109,44,14,30,65,54,11,40.36697247706422,12.844036697247708,27.522935779816514,59.63302752293578,49.54128440366973,10.091743119266056
E00111907,93,34,8,26,59,53,6,36.55913978494624,8.60215053763441,27.956989247311824,63.44086021505376,56.98924731182796,6.451612903225806
E00111908,112,41,14,27,71,64,7,36.607142857142854,12.5,24.107142857142858,63.39285714285714,57.14285714285714,6.25
E00111909,133,45,16,29,88,70,18,33.83458646616541,12.030075187969924,21.804511278195488,66.16541353383458,52.63157894736842,13.533834586466165
E00111910,138,48,18,30,90,75,15,34.78260869565217,13.043478260869565,21.73913043478261,65.21739130434783,54.347826086956516,10.869565217391305
E00111911,117,44,12,32,73,58,15,37.60683760683761,10.256410256410255,27.350427350427353,62.39316239316239,49.572649572649574,12.82051282051282
E00111912,129,55,13,42,74,58,16,42.63565891472868,10.077519379844961,32.55813953488372,57.36434108527132,44.96124031007752,12.4031007751938
E00111913,128,48,10,38,80,63,17,37.5,7.8125,29.6875,62.5,49.21875,13.28125
E00111914,165,51,14,37,114,94,20,30.909090909090907,8.484848484848486,22.424242424242426,69.0909090909091,56.96969696969697,12.121212121212121
E00111915,100,38,11,27,62,50,12,38,11,27,62,50,12
E00111916,119,43,12,31,76,58,18,36.134453781512605,10.084033613445378,26.05042016806723,63.86554621848739,48.739495798319325,15.126050420168067
E00111917,54,23,11,12,31,28,3,42.592592592592595,20.37037037037037,22.22222222222222,57.407407407407405,51.85185185185185,5.555555555555555
E00111918,86,25,9,16,61,53,8,29.069767441860467,10.465116279069768,18.6046511627907,70.93023255813954,61.627906976744185,9.30232558139535
E00111919,124,50,20,30,74,60,14,40.32258064516129,16.129032258064516,24.193548387096776,59.67741935483871,48.38709677419355,11.29032258064516
E00111920,72,35,15,20,37,33,4,48.61111111111111,20.833333333333336,27.77777777777778,51.388888888888886,45.83333333333333,5.555555555555555
E00111921,113,39,10,29,74,60,14,34.51327433628318,8.849557522123893,25.663716814159294,65.48672566371681,53.09734513274337,12.389380530973451
E00111922,141,46,18,28,95,78,17,32.62411347517731,12.76595744680851,19.858156028368796,67.37588652482269,55.319148936170215,12.056737588652481
E00111923,81,26,6,20,55,45,10,32.098765432098766,7.4074074074074066,24.691358024691358,67.90123456790124,55.55555555555556,12.345679012345679
E00111924,97,37,15,22,60,56,4,38.144329896907216,15.463917525773196,22.68041237113402,61.855670103092784,57.73195876288659,4.123711340206185
E00111925,68,22,9,13,46,38,8,32.35294117647059,13.23529411764706,19.11764705882353,67.64705882352942,55.88235294117647,11.76470588235294
E00111926,75,26,10,16,49,40,9,34.66666666666667,13.333333333333334,21.333333333333336,65.33333333333333,53.333333333333336,12
E00111927,74,31,5,26,43,31,12,41.891891891891895,6.756756756756757,35.13513513513514,58.108108108108105,41.891891891891895,16.216216216216218
E00111928,101,39,15,24,62,51,11,38.613861386138616,14.85148514851485,23.762376237623762,61.386138613861384,50.495049504950494,10.891089108910892
E00111929,76,37,7,30,39,35,4,48.68421052631579,9.210526315789473,39.473684210526315,51.31578947368421,46.05263157894737,5.263157894736842
E00111930,95,34,12,22,61,53,8,35.78947368421053,12.631578947368421,23.157894736842106,64.21052631578948,55.78947368421052,8.421052631578947
E00111931,93,35,9,26,58,45,13,37.634408602150536,9.67741935483871,27.956989247311824,62.365591397849464,48.38709677419355,13.978494623655912
E00111932,100,31,7,24,69,57,12,31,7.000000000000001,24,69,56.99999999999999,12
E00111933,73,19,3,16,54,44,10,26.027397260273972,4.10958904109589,21.91780821917808,73.97260273972603,60.273972602739725,13.698630136986301
E00111934,66,21,4,17,45,36,9,31.818181818181817,6.0606060606060606,25.757575757575758,68.18181818181817,54.54545454545454,13.636363636363635
E00111935,72,26,7,19,46,40,6,36.11111111111111,9.722222222222223,26.38888888888889,63.888888888888886,55.55555555555556,8.333333333333332
E00111936,60,19,6,13,41,37,4,31.666666666666664,10,21.666666666666668,68.33333333333333,61.66666666666667,6.666666666666667
E00111937,78,31,9,22,47,38,9,39.743589743589745,11.538461538461538,28.205128205128204,60.256410256410255,48.717948717948715,11.538461538461538
E00111938,74,35,9,26,39,30,9,47.2972972972973,12.162162162162163,35.13513513513514,52.702702702702695,40.54054054054054,12.162162162162163
E00111939,84,29,12,17,55,40,15,34.523809523809526,14.285714285714285,20.238095238095237,65.47619047619048,47.61904761904761,17.857142857142858
E00111940,91,29,10,19,62,47,15,31.868131868131865,10.989010989010989,20.87912087912088,68.13186813186813,51.64835164835166,16.483516483516482
E00111941,62,27,11,16,35,26,9,43.54838709677419,17.741935483870968,25.806451612903224,56.451612903225815,41.935483870967744,14.516129032258066
E00111942,99,36,11,25,63,54,9,36.36363636363637,11.11111111111111,25.252525252525253,63.63636363636363,54.54545454545454,9.090909090909092
E00111943,86,31,9,22,55,54,1,36.04651162790697,10.465116279069768,25.581395348837212,63.95348837209303,62.7906976744186,1.1627906976744187
E00111944,99,36,16,20,63,52,11,36.36363636363637,16.161616161616163,20.2020202020202,63.63636363636363,52.52525252525253,11.11111111111111
E00111945,74,29,8,21,45,38,7,39.189189189189186,10.81081081081081,28.37837837837838,60.810810810810814,51.35135135135135,9.45945945945946
E00111946,88,33,9,24,55,40,15,37.5,10.227272727272728,27.27272727272727,62.5,45.45454545454545,17.045454545454543
E00111947,84,33,12,21,51,39,12,39.285714285714285,14.285714285714285,25,60.71428571428571,46.42857142857143,14.285714285714285
E00111948,88,26,11,15,62,56,6,29.545454545454547,12.5,17.045454545454543,70.45454545454545,63.63636363636363,6.8181818181818175
E00111949,79,31,10,21,48,37,11,39.24050632911392,12.658227848101266,26.582278481012654,60.75949367088608,46.835443037974684,13.924050632911392
E00111950,77,27,4,23,50,40,10,35.064935064935064,5.194805194805195,29.87012987012987,64.93506493506493,51.94805194805194,12.987012987012985
E00111951,80,41,14,27,39,39,0,51.24999999999999,17.5,33.75,48.75,48.75,0
E00111952,118,40,14,26,78,66,12,33.89830508474576,11.864406779661017,22.033898305084744,66.10169491525424,55.932203389830505,10.16949152542373
E00111953,74,27,5,22,47,37,10,36.486486486486484,6.756756756756757,29.72972972972973,63.51351351351351,50,13.513513513513514
E00111954,135,44,14,30,91,76,15,32.592592592592595,10.37037037037037,22.22222222222222,67.4074074074074,56.2962962962963,11.11111111111111
E00111955,85,29,5,24,56,48,8,34.11764705882353,5.88235294117647,28.235294117647058,65.88235294117646,56.470588235294116,9.411764705882353
E00111956,133,52,18,34,81,69,12,39.097744360902254,13.533834586466165,25.563909774436087,60.902255639097746,51.8796992481203,9.022556390977442
E00111957,130,59,26,33,71,62,9,45.38461538461539,20,25.384615384615383,54.61538461538461,47.69230769230769,6.923076923076923
E00111958,99,37,17,20,62,51,11,37.37373737373738,17.17171717171717,20.2020202020202,62.62626262626263,51.515151515151516,11.11111111111111
E00111959,76,34,7,27,42,37,5,44.73684210526316,9.210526315789473,35.526315789473685,55.26315789473685,48.68421052631579,6.578947368421052
E00111960,81,19,8,11,62,54,8,23.456790123456788,9.876543209876543,13.580246913580247,76.5432098765432,66.66666666666666,9.876543209876543
E00111961,88,32,13,19,56,35,21,36.36363636363637,14.772727272727273,21.59090909090909,63.63636363636363,39.77272727272727,23.863636363636363
E00111962,76,29,16,13,47,35,12,38.15789473684211,21.052631578947366,17.105263157894736,61.8421052631579,46.05263157894737,15.789473684210526
E00111963,125,50,10,40,75,67,8,40,8,32,60,53.6,6.4
E00111964,76,33,13,20,43,38,5,43.42105263157895,17.105263157894736,26.31578947368421,56.57894736842105,50,6.578947368421052
E00111965,102,36,15,21,66,50,16,35.294117647058826,14.705882352941178,20.588235294117645,64.70588235294117,49.01960784313725,15.686274509803921
E00111966,75,30,6,24,45,36,9,40,8,32,60,48,12
E00111967,115,46,17,29,69,59,10,40,14.782608695652174,25.217391304347824,60,51.30434782608696,8.695652173913043
E00111968,135,53,18,35,82,74,8,39.25925925925926,13.333333333333334,25.925925925925924,60.74074074074074,54.81481481481482,5.9259259259259265
E00111969,116,41,13,28,75,62,13,35.3448275862069,11.206896551724139,24.137931034482758,64.65517241379311,53.44827586206896,11.206896551724139
E00111970,96,33,11,22,63,55,8,34.375,11.458333333333332,22.916666666666664,65.625,57.291666666666664,8.333333333333332
E00111971,110,40,7,33,70,59,11,36.36363636363637,6.363636363636363,30,63.63636363636363,53.63636363636364,10
E00111972,157,54,21,33,103,86,17,34.394904458598724,13.375796178343949,21.019108280254777,65.60509554140127,54.77707006369427,10.828025477707007
E00111973,113,43,9,34,70,59,11,38.05309734513274,7.964601769911504,30.08849557522124,61.94690265486725,52.21238938053098,9.734513274336283
E00111974,132,40,11,29,92,75,17,30.303030303030305,8.333333333333332,21.96969696969697,69.6969696969697,56.81818181818182,12.878787878787879
E00111975,81,30,11,19,51,41,10,37.03703703703704,13.580246913580247,23.456790123456788,62.96296296296296,50.617283950617285,12.345679012345679
E00111976,70,33,14,19,37,35,2,47.14285714285714,20,27.142857142857142,52.85714285714286,50,2.857142857142857
E00111977,95,32,10,22,63,46,17,33.68421052631579,10.526315789473683,23.157894736842106,66.3157894736842,48.421052631578945,17.894736842105264
E00111978,48,21,11,10,27,24,3,43.75,22.916666666666664,20.833333333333336,56.25,50,6.25
E00111979,103,32,9,23,71,62,9,31.06796116504854,8.737864077669903,22.330097087378643,68.93203883495146,60.19417475728155,8.737864077669903
E00111980,46,17,8,9,29,22,7,36.95652173913043,17.391304347826086,19.565217391304348,63.04347826086957,47.82608695652174,15.217391304347828
E00111981,58,18,5,13,40,32,8,31.03448275862069,8.620689655172415,22.413793103448278,68.96551724137932,55.172413793103445,13.793103448275861
E00111982,100,39,14,25,61,51,10,39,14.000000000000002,25,61,51,10
E00111983,77,23,8,15,54,36,18,29.87012987012987,10.38961038961039,19.480519480519483,70.12987012987013,46.75324675324675,23.376623376623375
E00111984,92,33,13,20,59,56,3,35.869565217391305,14.130434782608695,21.73913043478261,64.13043478260869,60.86956521739131,3.260869565217391
E00111985,137,57,17,40,80,64,16,41.605839416058394,12.408759124087592,29.1970802919708,58.3941605839416,46.715328467153284,11.678832116788321
E00111986,102,44,16,28,58,46,12,43.13725490196079,15.686274509803921,27.450980392156865,56.86274509803921,45.09803921568628,11.76470588235294
E00111987,25,10,3,7,15,15,0,40,12,28.000000000000004,60,60,0
E00111988,134,44,14,30,90,75,15,32.83582089552239,10.44776119402985,22.388059701492537,67.16417910447761,55.970149253731336,11.194029850746269
E00111989,109,42,15,27,67,58,9,38.53211009174312,13.761467889908257,24.770642201834864,61.46788990825688,53.21100917431193,8.256880733944955
E00111990,141,54,15,39,87,69,18,38.297872340425535,10.638297872340425,27.659574468085108,61.702127659574465,48.93617021276596,12.76595744680851
E00111991,99,42,16,26,57,48,9,42.42424242424242,16.161616161616163,26.262626262626267,57.57575757575758,48.484848484848484,9.090909090909092
E00111992,88,35,12,23,53,46,7,39.77272727272727,13.636363636363635,26.136363636363637,60.22727272727273,52.27272727272727,7.954545454545454
E00111993,104,36,17,19,68,57,11,34.61538461538461,16.346153846153847,18.269230769230766,65.38461538461539,54.807692307692314,10.576923076923077
E00111994,84,27,11,16,57,47,10,32.142857142857146,13.095238095238097,19.047619047619047,67.85714285714286,55.952380952380956,11.904761904761903
E00111995,103,35,6,29,68,61,7,33.980582524271846,5.825242718446602,28.155339805825243,66.01941747572816,59.22330097087378,6.796116504854369
E00111996,121,50,17,33,71,57,14,41.32231404958678,14.049586776859504,27.27272727272727,58.67768595041323,47.107438016528924,11.570247933884298
E00111997,114,33,9,24,81,63,18,28.947368421052634,7.894736842105263,21.052631578947366,71.05263157894737,55.26315789473685,15.789473684210526
E00111998,102,30,11,19,72,64,8,29.411764705882355,10.784313725490197,18.627450980392158,70.58823529411765,62.745098039215684,7.8431372549019605
E00111999,154,57,12,45,97,90,7,37.01298701298701,7.792207792207792,29.22077922077922,62.98701298701299,58.44155844155844,4.545454545454546
E00112000,114,33,7,26,81,65,16,28.947368421052634,6.140350877192982,22.807017543859647,71.05263157894737,57.01754385964912,14.035087719298245
E00112001,58,23,9,14,35,30,5,39.6551724137931,15.517241379310345,24.137931034482758,60.3448275862069,51.724137931034484,8.620689655172415
E00112002,84,37,14,23,47,42,5,44.047619047619044,16.666666666666664,27.380952380952383,55.952380952380956,50,5.952380952380952
E00112003,122,46,14,32,76,62,14,37.704918032786885,11.475409836065573,26.229508196721312,62.295081967213115,50.81967213114754,11.475409836065573
E00112005,149,59,26,33,90,66,24,39.59731543624161,17.449664429530202,22.14765100671141,60.40268456375839,44.29530201342282,16.10738255033557
E00112006,118,45,15,30,73,61,12,38.13559322033898,12.711864406779661,25.423728813559322,61.86440677966102,51.69491525423729,10.16949152542373
E00112007,39,13,8,5,26,19,7,33.33333333333333,20.51282051282051,12.82051282051282,66.66666666666666,48.717948717948715,17.94871794871795
E00112008,119,34,10,24,85,71,14,28.57142857142857,8.403361344537815,20.168067226890756,71.42857142857143,59.66386554621849,11.76470588235294
E00112009,134,51,23,28,83,60,23,38.059701492537314,17.16417910447761,20.8955223880597,61.940298507462686,44.776119402985074,17.16417910447761
E00112010,87,30,9,21,57,45,12,34.48275862068966,10.344827586206897,24.137931034482758,65.51724137931035,51.724137931034484,13.793103448275861
E00112011,91,35,14,21,56,44,12,38.46153846153847,15.384615384615385,23.076923076923077,61.53846153846154,48.35164835164835,13.186813186813188
E00112012,90,32,10,22,58,43,15,35.55555555555556,11.11111111111111,24.444444444444443,64.44444444444444,47.77777777777778,16.666666666666664
E00112013,137,54,21,33,83,69,14,39.416058394160586,15.328467153284672,24.087591240875913,60.58394160583942,50.36496350364964,10.218978102189782
E00112014,110,33,16,17,77,63,14,30,14.545454545454545,15.454545454545453,70,57.27272727272727,12.727272727272727
E00112015,150,59,11,48,91,75,16,39.33333333333333,7.333333333333333,32,60.66666666666667,50,10.666666666666668
E00112016,139,47,23,24,92,67,25,33.81294964028777,16.546762589928058,17.26618705035971,66.18705035971223,48.201438848920866,17.985611510791365
E00112017,125,43,14,29,82,65,17,34.4,11.200000000000001,23.200000000000003,65.60000000000001,52,13.600000000000001
E00112018,132,45,21,24,87,70,17,34.090909090909086,15.909090909090908,18.181818181818183,65.9090909090909,53.03030303030303,12.878787878787879
E00112019,79,25,8,17,54,46,8,31.645569620253166,10.126582278481013,21.518987341772153,68.35443037974683,58.22784810126582,10.126582278481013
E00112020,115,38,8,30,77,57,20,33.04347826086956,6.956521739130435,26.08695652173913,66.95652173913044,49.56521739130435,17.391304347826086
E00112021,78,26,13,13,52,43,9,33.33333333333333,16.666666666666664,16.666666666666664,66.66666666666666,55.12820512820513,11.538461538461538
E00112022,109,32,7,25,77,66,11,29.357798165137616,6.422018348623854,22.93577981651376,70.64220183486239,60.550458715596335,10.091743119266056
E00112023,125,52,20,32,73,63,10,41.6,16,25.6,58.4,50.4,8
E00112024,124,42,15,27,82,68,14,33.87096774193548,12.096774193548388,21.774193548387096,66.12903225806451,54.83870967741935,11.29032258064516
E00112025,107,48,25,23,59,46,13,44.85981308411215,23.364485981308412,21.49532710280374,55.140186915887845,42.99065420560748,12.149532710280374
E00112026,89,30,13,17,59,45,14,33.70786516853933,14.606741573033707,19.101123595505616,66.29213483146067,50.56179775280899,15.730337078651685
E00112027,125,40,10,30,85,74,11,32,8,24,68,59.199999999999996,8.799999999999999
E00112028,128,42,17,25,86,68,18,32.8125,13.28125,19.53125,67.1875,53.125,14.0625
E00112029,90,33,7,26,57,50,7,36.666666666666664,7.777777777777778,28.888888888888886,63.33333333333333,55.55555555555556,7.777777777777778
E00112030,87,26,5,21,61,54,7,29.88505747126437,5.747126436781609,24.137931034482758,70.11494252873564,62.06896551724138,8.045977011494253
E00112031,109,45,17,28,64,52,12,41.284403669724774,15.59633027522936,25.688073394495415,58.71559633027523,47.706422018348626,11.009174311926607
E00112032,107,46,11,35,61,44,17,42.99065420560748,10.2803738317757,32.71028037383177,57.009345794392516,41.1214953271028,15.887850467289718
E00112033,89,33,18,15,56,47,9,37.07865168539326,20.224719101123593,16.853932584269664,62.92134831460674,52.80898876404494,10.112359550561797
E00112034,124,48,17,31,76,64,12,38.70967741935484,13.709677419354838,25,61.29032258064516,51.61290322580645,9.67741935483871
E00112035,118,43,18,25,75,55,20,36.440677966101696,15.254237288135593,21.1864406779661,63.559322033898304,46.61016949152542,16.94915254237288
E00112036,154,38,12,26,116,101,15,24.675324675324674,7.792207792207792,16.883116883116884,75.32467532467533,65.5844155844156,9.740259740259742
E00112037,185,57,25,32,128,96,32,30.810810810810814,13.513513513513514,17.2972972972973,69.1891891891892,51.891891891891895,17.2972972972973
E00112038,117,28,12,16,89,77,12,23.931623931623932,10.256410256410255,13.675213675213676,76.06837606837607,65.8119658119658,10.256410256410255
E00112039,106,26,7,19,80,69,11,24.528301886792452,6.60377358490566,17.92452830188679,75.47169811320755,65.09433962264151,10.377358490566039
E00112040,96,40,17,23,56,42,14,41.66666666666667,17.708333333333336,23.958333333333336,58.333333333333336,43.75,14.583333333333334
E00112041,127,48,25,23,79,55,24,37.79527559055118,19.68503937007874,18.11023622047244,62.20472440944882,43.30708661417323,18.89763779527559
E00112042,191,52,22,30,139,107,32,27.225130890052355,11.518324607329843,15.706806282722512,72.77486910994764,56.02094240837696,16.75392670157068
E00112043,190,61,27,34,129,101,28,32.10526315789474,14.210526315789473,17.894736842105264,67.89473684210526,53.1578947368421,14.736842105263156
E00112044,204,56,25,31,148,96,52,27.450980392156865,12.254901960784313,15.196078431372548,72.54901960784314,47.05882352941176,25.49019607843137
E00112045,150,57,25,32,93,70,23,38,16.666666666666664,21.333333333333336,62,46.666666666666664,15.333333333333332
E00112046,213,74,31,43,139,115,24,34.74178403755869,14.553990610328638,20.187793427230048,65.25821596244131,53.990610328638496,11.267605633802818
E00112047,233,80,28,52,153,113,40,34.33476394849785,12.017167381974248,22.317596566523605,65.66523605150213,48.497854077253216,17.167381974248926
E00112048,180,49,25,24,131,90,41,27.22222222222222,13.88888888888889,13.333333333333334,72.77777777777777,50,22.77777777777778
E00112049,201,52,11,41,149,126,23,25.870646766169152,5.472636815920398,20.398009950248756,74.12935323383084,62.68656716417911,11.442786069651742
E00112050,110,28,4,24,82,68,14,25.454545454545453,3.6363636363636362,21.818181818181817,74.54545454545455,61.81818181818181,12.727272727272727
E00112051,58,23,11,12,35,30,5,39.6551724137931,18.96551724137931,20.689655172413794,60.3448275862069,51.724137931034484,8.620689655172415
E00112052,96,37,15,22,59,48,11,38.54166666666667,15.625,22.916666666666664,61.458333333333336,50,11.458333333333332
E00112053,60,20,4,16,40,29,11,33.33333333333333,6.666666666666667,26.666666666666668,66.66666666666666,48.333333333333336,18.333333333333332
E00112054,103,35,15,20,68,59,9,33.980582524271846,14.563106796116504,19.41747572815534,66.01941747572816,57.28155339805825,8.737864077669903
E00112055,78,28,10,18,50,38,12,35.8974358974359,12.82051282051282,23.076923076923077,64.1025641025641,48.717948717948715,15.384615384615385
E00112056,71,26,10,16,45,34,11,36.61971830985916,14.084507042253522,22.535211267605636,63.38028169014085,47.88732394366197,15.492957746478872
E00112057,100,39,10,29,61,54,7,39,10,28.999999999999996,61,54,7.000000000000001
E00112058,226,66,25,41,160,125,35,29.20353982300885,11.061946902654867,18.141592920353983,70.79646017699115,55.309734513274336,15.486725663716813
E00112059,73,28,16,12,45,34,11,38.35616438356164,21.91780821917808,16.43835616438356,61.64383561643836,46.57534246575342,15.068493150684931
E00112060,73,26,10,16,47,38,9,35.61643835616438,13.698630136986301,21.91780821917808,64.38356164383562,52.054794520547944,12.32876712328767
E00112061,52,26,8,18,26,25,1,50,15.384615384615385,34.61538461538461,50,48.07692307692308,1.9230769230769231
E00112062,118,42,21,21,76,61,15,35.59322033898305,17.796610169491526,17.796610169491526,64.40677966101694,51.69491525423729,12.711864406779661
E00112063,95,27,7,20,68,61,7,28.421052631578945,7.368421052631578,21.052631578947366,71.57894736842105,64.21052631578948,7.368421052631578
E00112064,91,33,13,20,58,46,12,36.26373626373626,14.285714285714285,21.978021978021978,63.73626373626373,50.54945054945055,13.186813186813188
E00169956,124,25,9,16,99,73,26,20.161290322580644,7.258064516129033,12.903225806451612,79.83870967741935,58.87096774193549,20.967741935483872
E00169957,76,22,6,16,54,43,11,28.947368421052634,7.894736842105263,21.052631578947366,71.05263157894737,56.57894736842105,14.473684210526317
E00169958,141,33,9,24,108,87,21,23.404255319148938,6.382978723404255,17.02127659574468,76.59574468085107,61.702127659574465,14.893617021276595
E00169959,72,26,9,17,46,36,10,36.11111111111111,12.5,23.61111111111111,63.888888888888886,50,13.88888888888889
E00169960,97,29,6,23,68,55,13,29.896907216494846,6.185567010309279,23.711340206185564,70.10309278350515,56.70103092783505,13.402061855670103
E00169961,131,48,10,38,83,66,17,36.6412213740458,7.633587786259542,29.00763358778626,63.358778625954194,50.38167938931297,12.977099236641221
E00188023,154,48,23,25,106,94,12,31.16883116883117,14.935064935064934,16.233766233766232,68.83116883116884,61.038961038961034,7.792207792207792
E00188028,187,41,16,25,146,122,24,21.92513368983957,8.55614973262032,13.368983957219251,78.07486631016043,65.24064171122996,12.834224598930483
E00188051,126,26,10,16,100,60,40,20.634920634920633,7.936507936507936,12.698412698412698,79.36507936507937,47.61904761904761,31.746031746031743
E00188053,109,48,21,27,61,52,9,44.03669724770643,19.26605504587156,24.770642201834864,55.96330275229357,47.706422018348626,8.256880733944955
E00188062,159,39,13,26,120,92,28,24.528301886792452,8.176100628930817,16.352201257861633,75.47169811320755,57.861635220125784,17.61006289308176
E00188069,211,59,14,45,152,134,18,27.96208530805687,6.6350710900473935,21.32701421800948,72.03791469194313,63.507109004739334,8.530805687203792
E00188079,177,65,19,46,112,92,20,36.72316384180791,10.734463276836157,25.98870056497175,63.2768361581921,51.9774011299435,11.299435028248588
E00188087,115,45,19,26,70,62,8,39.130434782608695,16.52173913043478,22.608695652173914,60.86956521739131,53.91304347826087,6.956521739130435
E00188099,110,37,6,31,73,68,5,33.63636363636363,5.454545454545454,28.18181818181818,66.36363636363637,61.81818181818181,4.545454545454546
E00188103,135,36,16,20,99,77,22,26.666666666666668,11.851851851851853,14.814814814814813,73.33333333333333,57.03703703703704,16.296296296296298
E00188124,160,61,18,43,99,76,23,38.125,11.25,26.875,61.875,47.5,14.374999999999998
E00188126,93,42,20,22,51,40,11,45.16129032258064,21.50537634408602,23.655913978494624,54.83870967741935,43.01075268817204,11.827956989247312
E00188135,158,42,12,30,116,93,23,26.582278481012654,7.59493670886076,18.9873417721519,73.41772151898735,58.86075949367089,14.556962025316455
E00188142,138,34,10,24,104,84,20,24.637681159420293,7.246376811594203,17.391304347826086,75.36231884057972,60.86956521739131,14.492753623188406
E00188154,166,46,12,34,120,102,18,27.710843373493976,7.228915662650602,20.481927710843372,72.28915662650603,61.44578313253012,10.843373493975903
E00188155,86,28,13,15,58,47,11,32.55813953488372,15.11627906976744,17.441860465116278,67.44186046511628,54.65116279069767,12.790697674418606
E00188158,160,65,24,41,95,73,22,40.625,15,25.624999999999996,59.375,45.625,13.750000000000002
E00188161,165,38,14,24,127,106,21,23.03030303030303,8.484848484848486,14.545454545454545,76.96969696969697,64.24242424242425,12.727272727272727
E00188163,74,24,8,16,50,41,9,32.432432432432435,10.81081081081081,21.62162162162162,67.56756756756756,55.4054054054054,12.162162162162163
