OA,ts0380001,ts0380002,ts0380003,ts0380004,ts0380005,ts0380006,ts0380007,ts0380002_PCT,ts0380003_PCT,ts0380004_PCT,ts0380005_PCT,ts0380006_PCT,ts0380007_PCT
E00083858,352,63,29,34,289,29,260,17.897727272727273,8.238636363636363,9.659090909090908,82.10227272727273,8.238636363636363,73.86363636363636
E00083860,409,53,17,36,356,40,316,12.95843520782396,4.156479217603912,8.80195599022005,87.04156479217605,9.7799511002445,77.26161369193154
E00083864,284,43,11,32,241,22,219,15.140845070422534,3.873239436619718,11.267605633802818,84.85915492957746,7.746478873239436,77.11267605633803
E00083865,261,34,3,31,227,30,197,13.026819923371647,1.1494252873563218,11.877394636015326,86.97318007662835,11.494252873563218,75.47892720306514
E00083866,271,19,6,13,252,31,221,7.011070110701106,2.214022140221402,4.797047970479705,92.98892988929889,11.439114391143912,81.54981549815497
E00083867,274,27,6,21,247,27,220,9.854014598540147,2.18978102189781,7.664233576642336,90.14598540145985,9.854014598540147,80.2919708029197
E00083868,269,24,7,17,245,27,218,8.921933085501859,2.6022304832713754,6.319702602230483,91.07806691449815,10.037174721189592,81.04089219330855
E00083869,233,29,12,17,204,14,190,12.446351931330472,5.150214592274678,7.296137339055794,87.55364806866953,6.008583690987124,81.54506437768241
E00083870,425,49,18,31,376,31,345,11.529411764705882,4.235294117647059,7.294117647058823,88.47058823529412,7.294117647058823,81.17647058823529
E00083871,507,29,9,20,478,45,433,5.719921104536489,1.7751479289940828,3.9447731755424065,94.28007889546352,8.875739644970414,85.4043392504931
E00083872,386,49,9,40,337,33,304,12.694300518134716,2.33160621761658,10.362694300518134,87.30569948186529,8.549222797927461,78.75647668393782
E00083875,407,57,24,33,350,28,322,14.004914004914005,5.896805896805897,8.108108108108109,85.995085995086,6.87960687960688,79.11547911547912
E00083876,421,48,16,32,373,24,349,11.401425178147269,3.800475059382423,7.600950118764846,88.59857482185272,5.7007125890736345,82.89786223277909
E00083877,396,45,16,29,351,25,326,11.363636363636363,4.040404040404041,7.3232323232323235,88.63636363636364,6.313131313131313,82.32323232323232
E00083878,375,51,16,35,324,20,304,13.600000000000001,4.266666666666667,9.333333333333334,86.4,5.333333333333334,81.06666666666666
E00083879,386,42,19,23,344,38,306,10.880829015544041,4.922279792746114,5.958549222797927,89.11917098445595,9.844559585492227,79.27461139896373
E00083880,372,27,10,17,345,30,315,7.258064516129033,2.6881720430107525,4.56989247311828,92.74193548387096,8.064516129032258,84.67741935483872
E00083881,358,49,19,30,309,31,278,13.687150837988826,5.307262569832402,8.379888268156424,86.31284916201118,8.659217877094973,77.6536312849162
E00083882,366,38,9,29,328,31,297,10.382513661202186,2.459016393442623,7.923497267759563,89.61748633879782,8.469945355191257,81.14754098360656
E00083883,131,13,4,9,118,13,105,9.923664122137405,3.0534351145038165,6.870229007633588,90.07633587786259,9.923664122137405,80.1526717557252
E00083884,409,42,20,22,367,26,341,10.268948655256724,4.88997555012225,5.378973105134474,89.73105134474328,6.356968215158925,83.37408312958435
E00083885,422,60,20,40,362,31,331,14.218009478672986,4.739336492890995,9.47867298578199,85.78199052132702,7.345971563981042,78.43601895734598
E00083886,354,62,27,35,292,30,262,17.51412429378531,7.627118644067797,9.887005649717514,82.485875706214685,8.47457627118644,74.01129943502825
E00083887,328,40,8,32,288,24,264,12.195121951219512,2.4390243902439024,9.75609756097561,87.8048780487805,7.317073170731707,80.48780487804879
E00083889,310,56,11,45,254,28,226,18.064516129032256,3.5483870967741935,14.516129032258066,81.93548387096774,9.032258064516128,72.90322580645162
E00083890,237,55,22,33,182,22,160,23.20675105485232,9.282700421940929,13.924050632911392,76.79324894514767,9.282700421940929,67.51054852320675
E00083891,348,53,21,32,295,19,276,15.229885057471265,6.0344827586206895,9.195402298850574,84.77011494252874,5.459770114942529,79.3103448275862
E00083892,377,67,27,40,310,20,290,17.771883289124666,7.161803713527852,10.610079575596817,82.22811671087533,5.305039787798409,76.92307692307693
E00083893,278,46,19,27,232,20,212,16.546762589928058,6.83453237410072,9.712230215827338,83.45323741007195,7.1942446043165464,76.2589928057554
E00083894,291,51,30,21,240,16,224,17.525773195876287,10.309278350515463,7.216494845360824,82.4742268041237,5.498281786941581,76.97594501718214
E00083895,231,47,19,28,184,13,171,20.346320346320347,8.225108225108226,12.121212121212121,79.65367965367966,5.627705627705628,74.02597402597402
E00083896,357,64,27,37,293,26,267,17.92717086834734,7.563025210084033,10.364145658263306,82.07282913165265,7.282913165266107,74.78991596638656
E00083897,340,53,24,29,287,29,258,15.588235294117647,7.0588235294117645,8.529411764705882,84.41176470588235,8.529411764705882,75.88235294117646
E00083898,423,56,18,38,367,33,334,13.238770685579196,4.25531914893617,8.983451536643026,86.7612293144208,7.801418439716312,78.95981087470449
E00083899,285,46,13,33,239,24,215,16.140350877192983,4.56140350877193,11.578947368421053,83.85964912280703,8.421052631578947,75.43859649122807
E00083900,307,68,33,35,239,27,212,22.149837133550488,10.749185667752444,11.400651465798045,77.85016286644951,8.794788273615636,69.05537459283387
E00083901,337,49,24,25,288,28,260,14.540059347181009,7.121661721068249,7.418397626112759,85.45994065281899,8.30860534124629,77.1513353115727
E00083902,413,44,12,32,369,35,334,10.653753026634384,2.9055690072639226,7.74818401937046,89.34624697336562,8.47457627118644,80.87167070217917
E00083903,572,62,14,48,510,47,463,10.839160839160838,2.4475524475524475,8.391608391608392,89.16083916083916,8.216783216783217,80.94405594405595
E00083904,253,20,7,13,233,16,217,7.905138339920949,2.766798418972332,5.138339920948617,92.09486166007905,6.324110671936759,85.7707509881423
E00083905,267,12,0,12,255,28,227,4.49438202247191,0,4.49438202247191,95.50561797752809,10.486891385767791,85.0187265917603
E00083906,376,44,16,28,332,34,298,11.702127659574469,4.25531914893617,7.446808510638298,88.29787234042553,9.042553191489363,79.25531914893617
E00083907,388,31,5,26,357,32,325,7.989690721649484,1.2886597938144329,6.701030927835052,92.0103092783505,8.24742268041237,83.76288659793815
E00083908,273,46,15,31,227,12,215,16.84981684981685,5.4945054945054945,11.355311355311356,83.15018315018315,4.395604395604396,78.75457875457876
E00083909,273,32,7,25,241,25,216,11.72161172161172,2.564102564102564,9.157509157509157,88.27838827838828,9.157509157509157,79.12087912087912
E00083910,280,33,12,21,247,20,227,11.785714285714285,4.285714285714286,7.5,88.21428571428571,7.142857142857142,81.07142857142857
E00083911,311,43,20,23,268,22,246,13.826366559485532,6.430868167202572,7.395498392282958,86.17363344051448,7.07395498392283,79.09967845659163
E00083912,326,51,19,32,275,24,251,15.644171779141105,5.828220858895705,9.815950920245399,84.3558282208589,7.361963190184049,76.99386503067484
E00083913,327,54,23,31,273,24,249,16.51376146788991,7.033639143730887,9.480122324159021,83.4862385321101,7.339449541284404,76.14678899082568
E00083914,296,36,6,30,260,30,230,12.162162162162163,2.027027027027027,10.135135135135135,87.83783783783784,10.135135135135135,77.7027027027027
E00083915,347,41,12,29,306,18,288,11.815561959654179,3.45821325648415,8.357348703170029,88.18443804034582,5.187319884726225,82.9971181556196
E00083916,321,22,4,18,299,29,270,6.853582554517133,1.2461059190031152,5.607476635514018,93.14641744548287,9.034267912772584,84.11214953271028
E00083917,351,46,16,30,305,27,278,13.105413105413104,4.5584045584045585,8.547008547008547,86.8945868945869,7.6923076923076925,79.2022792022792
E00083918,373,47,14,33,326,23,303,12.600536193029491,3.753351206434316,8.847184986595174,87.39946380697052,6.166219839142091,81.23324396782841
E00083919,289,45,26,19,244,28,216,15.570934256055363,8.996539792387544,6.5743944636678195,84.42906574394463,9.688581314878892,74.74048442906575
E00083920,346,56,19,37,290,27,263,16.184971098265898,5.491329479768786,10.69364161849711,83.8150289017341,7.803468208092486,76.01156069364163
E00083921,303,41,10,31,262,31,231,13.531353135313532,3.3003300330033,10.231023102310232,86.46864686468648,10.231023102310232,76.23762376237624
E00083922,292,44,15,29,248,22,226,15.068493150684931,5.136986301369863,9.931506849315069,84.93150684931507,7.534246575342466,77.3972602739726
E00083923,297,50,24,26,247,17,230,16.835016835016837,8.080808080808081,8.754208754208754,83.16498316498317,5.723905723905724,77.44107744107744
E00083924,281,34,9,25,247,25,222,12.099644128113878,3.202846975088968,8.896797153024911,87.90035587188612,8.896797153024911,79.00355871886121
E00083925,250,49,15,34,201,26,175,19.6,6,13.600000000000001,80.4,10.4,70
E00083926,294,35,8,27,259,31,228,11.904761904761903,2.7210884353741496,9.183673469387756,88.09523809523809,10.54421768707483,77.55102040816327
E00083927,348,35,5,30,313,42,271,10.057471264367816,1.4367816091954022,8.620689655172415,89.9425287356322,12.068965517241379,77.87356321839081
E00083929,340,49,11,38,291,28,263,14.411764705882351,3.2352941176470593,11.176470588235295,85.58823529411764,8.235294117647058,77.3529411764706
E00083930,359,41,9,32,318,38,280,11.420612813370473,2.5069637883008355,8.913649025069638,88.57938718662952,10.584958217270195,77.99442896935933
E00083931,504,68,15,53,436,37,399,13.492063492063492,2.976190476190476,10.515873015873016,86.5079365079365,7.341269841269842,79.16666666666666
E00083932,286,42,9,33,244,24,220,14.685314685314685,3.146853146853147,11.538461538461538,85.3146853146853,8.391608391608392,76.92307692307693
E00083933,331,45,10,35,286,28,258,13.595166163141995,3.0211480362537766,10.574018126888216,86.404833836858,8.459214501510575,77.94561933534743
E00083934,552,51,18,33,501,54,447,9.239130434782608,3.260869565217391,5.978260869565218,90.76086956521739,9.782608695652174,80.97826086956522
E00083935,356,52,17,35,304,36,268,14.606741573033707,4.775280898876404,9.831460674157304,85.39325842696628,10.112359550561797,75.28089887640449
E00083936,573,52,19,33,521,43,478,9.07504363001745,3.315881326352531,5.7591623036649215,90.92495636998254,7.504363001745201,83.42059336823735
E00083937,351,35,11,24,316,28,288,9.971509971509972,3.133903133903134,6.837606837606838,90.02849002849003,7.977207977207977,82.05128205128204
E00083938,395,51,18,33,344,34,310,12.91139240506329,4.556962025316456,8.354430379746836,87.0886075949367,8.60759493670886,78.48101265822784
E00083940,302,48,9,39,254,36,218,15.894039735099339,2.980132450331126,12.91390728476821,84.10596026490066,11.920529801324504,72.18543046357617
E00083941,334,40,15,25,294,38,256,11.976047904191617,4.491017964071856,7.48502994011976,88.02395209580838,11.377245508982035,76.64670658682635
E00083942,341,46,12,34,295,30,265,13.48973607038123,3.519061583577713,9.970674486803519,86.51026392961877,8.797653958944283,77.71260997067448
E00083943,394,96,70,26,298,36,262,24.36548223350254,17.766497461928935,6.598984771573605,75.63451776649747,9.137055837563452,66.49746192893402
E00083944,304,35,8,27,269,33,236,11.513157894736842,2.631578947368421,8.881578947368421,88.48684210526315,10.855263157894738,77.63157894736842
E00083945,356,40,10,30,316,33,283,11.235955056179774,2.8089887640449436,8.426966292134832,88.76404494382022,9.269662921348315,79.49438202247191
E00083946,311,27,7,20,284,16,268,8.681672025723474,2.2508038585209005,6.430868167202572,91.31832797427653,5.144694533762058,86.17363344051448
E00083947,333,73,26,47,260,34,226,21.92192192192192,7.807807807807808,14.114114114114114,78.07807807807808,10.21021021021021,67.86786786786787
E00083948,373,78,32,46,295,27,268,20.91152815013405,8.579088471849866,12.332439678284182,79.08847184986595,7.238605898123325,71.84986595174263
E00083949,379,27,6,21,352,30,322,7.12401055408971,1.58311345646438,5.540897097625329,92.87598944591029,7.9155672823219,84.96042216358839
E00083950,350,57,18,39,293,42,251,16.28571428571429,5.142857142857142,11.142857142857142,83.71428571428572,12,71.71428571428572
E00083951,329,39,6,33,290,28,262,11.854103343465045,1.82370820668693,10.030395136778116,88.14589665653494,8.51063829787234,79.63525835866263
E00083952,411,36,9,27,375,49,326,8.75912408759124,2.18978102189781,6.569343065693431,91.24087591240875,11.922141119221411,79.31873479318735
E00083953,285,33,11,22,252,24,228,11.578947368421053,3.8596491228070176,7.719298245614035,88.42105263157895,8.421052631578947,80
E00083954,328,30,8,22,298,28,270,9.146341463414634,2.4390243902439024,6.707317073170732,90.85365853658537,8.536585365853659,82.3170731707317
E00083955,368,25,4,21,343,37,306,6.7934782608695645,1.0869565217391304,5.706521739130435,93.20652173913044,10.054347826086957,83.15217391304348
E00083956,387,36,5,31,351,33,318,9.30232558139535,1.2919896640826873,8.010335917312661,90.69767441860465,8.527131782945736,82.17054263565892
E00083957,421,40,8,32,381,39,342,9.501187648456057,1.9002375296912115,7.600950118764846,90.49881235154395,9.263657957244655,81.23515439429929
E00083958,334,61,23,38,273,25,248,18.263473053892216,6.88622754491018,11.377245508982035,81.73652694610777,7.48502994011976,74.25149700598801
E00083959,347,38,11,27,309,30,279,10.951008645533141,3.170028818443804,7.780979827089338,89.04899135446685,8.645533141210375,80.403458213256485
E00083960,364,37,8,29,327,43,284,10.164835164835164,2.197802197802198,7.967032967032966,89.83516483516483,11.813186813186812,78.02197802197803
E00083961,262,27,4,23,235,27,208,10.305343511450381,1.5267175572519083,8.778625954198473,89.69465648854961,10.305343511450381,79.38931297709924
E00083963,298,84,30,54,214,27,187,28.187919463087248,10.06711409395973,18.120805369127517,71.81208053691275,9.060402684563758,62.751677852349
E00083965,221,49,21,28,172,18,154,22.171945701357465,9.502262443438914,12.669683257918551,77.82805429864254,8.144796380090497,69.68325791855203
E00083966,274,89,47,42,185,21,164,32.481751824817515,17.153284671532848,15.328467153284672,67.51824817518248,7.664233576642336,59.854014598540154
E00083967,340,47,12,35,293,31,262,13.823529411764707,3.5294117647058822,10.294117647058822,86.1764705882353,9.117647058823529,77.05882352941177
E00083968,343,36,10,26,307,28,279,10.495626822157435,2.9154518950437316,7.580174927113703,89.50437317784257,8.16326530612245,81.34110787172013
E00083969,353,41,9,32,312,37,275,11.614730878186968,2.5495750708215295,9.06515580736544,88.38526912181302,10.48158640226629,77.90368271954674
E00083970,303,29,9,20,274,27,247,9.570957095709572,2.9702970297029703,6.6006600660066,90.42904290429043,8.91089108910891,81.51815181518151
E00083971,349,37,7,30,312,24,288,10.601719197707736,2.005730659025788,8.595988538681947,89.39828080229226,6.876790830945559,82.52148997134671
E00083972,456,46,13,33,410,25,385,10.087719298245613,2.850877192982456,7.236842105263158,89.91228070175438,5.482456140350877,84.4298245614035
E00083973,221,20,2,18,201,14,187,9.049773755656108,0.904977375565611,8.144796380090497,90.9502262443439,6.334841628959276,84.61538461538461
E00083974,368,24,6,18,344,31,313,6.521739130434782,1.6304347826086956,4.891304347826087,93.47826086956522,8.423913043478262,85.05434782608695
E00083975,296,55,25,30,241,17,224,18.58108108108108,8.445945945945946,10.135135135135135,81.41891891891892,5.743243243243244,75.67567567567568
E00083976,308,36,13,23,272,29,243,11.688311688311687,4.220779220779221,7.467532467532467,88.31168831168831,9.415584415584416,78.8961038961039
E00083977,356,33,6,27,323,28,295,9.269662921348315,1.6853932584269662,7.584269662921349,90.73033707865169,7.865168539325842,82.86516853932584
E00083978,344,31,7,24,313,33,280,9.011627906976743,2.0348837209302326,6.976744186046512,90.98837209302324,9.593023255813954,81.3953488372093
E00083979,252,43,20,23,209,19,190,17.063492063492063,7.936507936507936,9.126984126984127,82.93650793650794,7.5396825396825395,75.39682539682539
E00083980,339,27,10,17,312,22,290,7.964601769911504,2.949852507374631,5.014749262536873,92.03539823008849,6.489675516224189,85.54572271386431
E00083981,336,53,14,39,283,31,252,15.773809523809524,4.166666666666666,11.607142857142858,84.22619047619048,9.226190476190476,75
E00083982,383,31,10,21,352,29,323,8.093994778067886,2.610966057441253,5.483028720626632,91.90600522193212,7.5718015665796345,84.33420365535248
E00083983,328,48,16,32,280,29,251,14.634146341463413,4.878048780487805,9.75609756097561,85.36585365853658,8.841463414634147,76.52439024390245
E00083984,274,35,10,25,239,29,210,12.773722627737227,3.64963503649635,9.124087591240876,87.22627737226277,10.583941605839415,76.64233576642336
E00083985,402,52,21,31,350,28,322,12.935323383084576,5.223880597014925,7.711442786069651,87.06467661691542,6.965174129353234,80.09950248756219
E00083986,305,40,13,27,265,21,244,13.114754098360656,4.2622950819672125,8.852459016393443,86.88524590163934,6.885245901639345,80
E00083987,340,42,15,27,298,19,279,12.352941176470589,4.411764705882353,7.941176470588235,87.6470588235294,5.588235294117648,82.05882352941177
E00083988,357,47,10,37,310,29,281,13.165266106442578,2.801120448179272,10.364145658263306,86.83473389355743,8.123249299719888,78.71148459383754
E00083989,370,38,14,24,332,26,306,10.27027027027027,3.783783783783784,6.486486486486487,89.72972972972974,7.027027027027027,82.70270270270271
E00083990,376,41,11,30,335,36,299,10.904255319148938,2.925531914893617,7.9787234042553195,89.09574468085107,9.574468085106384,79.52127659574468
E00083991,316,32,7,25,284,27,257,10.126582278481013,2.2151898734177213,7.9113924050632916,89.87341772151899,8.544303797468354,81.32911392405063
E00083992,398,41,14,27,357,34,323,10.301507537688442,3.5175879396984926,6.78391959798995,89.69849246231156,8.542713567839195,81.15577889447236
E00083993,345,53,18,35,292,29,263,15.36231884057971,5.217391304347826,10.144927536231885,84.63768115942028,8.405797101449275,76.23188405797102
E00083994,358,40,13,27,318,32,286,11.1731843575419,3.6312849162011176,7.5418994413407825,88.8268156424581,8.938547486033519,79.88826815642457
E00083995,449,51,17,34,398,32,366,11.358574610244988,3.78619153674833,7.57238307349666,88.64142538975501,7.126948775055679,81.51447661469933
E00083996,341,63,32,31,278,29,249,18.475073313782993,9.3841642228739,9.090909090909092,81.52492668621701,8.504398826979472,73.02052785923753
E00083997,322,32,8,24,290,32,258,9.937888198757763,2.484472049689441,7.453416149068323,90.06211180124224,9.937888198757763,80.12422360248446
E00083998,190,36,14,22,154,16,138,18.947368421052634,7.368421052631578,11.578947368421053,81.05263157894737,8.421052631578947,72.63157894736842
E00083999,304,53,16,37,251,20,231,17.434210526315788,5.263157894736842,12.171052631578947,82.56578947368422,6.578947368421052,75.98684210526315
E00084000,207,57,23,34,150,10,140,27.536231884057973,11.11111111111111,16.425120772946862,72.46376811594203,4.830917874396135,67.6328502415459
E00084002,315,33,10,23,282,25,257,10.476190476190476,3.1746031746031744,7.301587301587302,89.52380952380953,7.936507936507936,81.58730158730158
E00084003,299,67,43,24,232,23,209,22.40802675585284,14.381270903010032,8.02675585284281,77.59197324414716,7.6923076923076925,69.89966555183946
E00084004,384,94,58,36,290,25,265,24.479166666666664,15.104166666666666,9.375,75.52083333333334,6.510416666666667,69.01041666666666
E00084005,232,49,16,33,183,18,165,21.120689655172413,6.896551724137931,14.224137931034484,78.87931034482759,7.758620689655173,71.12068965517241
E00084006,338,42,18,24,296,34,262,12.42603550295858,5.325443786982249,7.100591715976331,87.57396449704143,10.059171597633137,77.51479289940828
E00084007,321,40,13,27,281,36,245,12.461059190031152,4.049844236760125,8.411214953271028,87.53894080996885,11.214953271028037,76.32398753894081
E00084008,401,45,16,29,356,33,323,11.221945137157107,3.99002493765586,7.231920199501247,88.7780548628429,8.229426433915211,80.54862842892769
E00084009,299,28,9,19,271,30,241,9.364548494983277,3.0100334448160537,6.354515050167224,90.63545150501672,10.033444816053512,80.60200668896321
E00084010,308,38,14,24,270,35,235,12.337662337662337,4.545454545454546,7.792207792207792,87.66233766233766,11.363636363636363,76.2987012987013
E00084011,270,33,4,29,237,33,204,12.222222222222221,1.4814814814814816,10.74074074074074,87.77777777777777,12.222222222222221,75.55555555555556
E00084012,336,37,8,29,299,22,277,11.011904761904761,2.380952380952381,8.630952380952381,88.98809523809523,6.547619047619048,82.44047619047619
E00084013,241,37,9,28,204,30,174,15.352697095435685,3.7344398340248963,11.618257261410788,84.64730290456431,12.448132780082988,72.19917012448133
E00084014,316,30,5,25,286,37,249,9.49367088607595,1.5822784810126582,7.9113924050632916,90.50632911392405,11.708860759493671,78.79746835443038
E00084015,378,33,8,25,345,35,310,8.73015873015873,2.1164021164021163,6.613756613756613,91.26984126984127,9.25925925925926,82.01058201058201
E00084016,389,37,11,26,352,30,322,9.511568123393316,2.827763496143959,6.683804627249357,90.48843187660668,7.712082262210797,82.77634961439588
E00084017,370,32,9,23,338,25,313,8.64864864864865,2.4324324324324325,6.216216216216217,91.35135135135135,6.756756756756757,84.5945945945946
E00084018,270,30,13,17,240,14,226,11.11111111111111,4.814814814814815,6.296296296296296,88.88888888888889,5.185185185185185,83.7037037037037
E00084019,314,33,11,22,281,26,255,10.509554140127388,3.5031847133757963,7.006369426751593,89.49044585987261,8.280254777070063,81.21019108280255
E00084020,309,21,3,18,288,27,261,6.796116504854369,0.9708737864077669,5.825242718446602,93.20388349514563,8.737864077669903,84.46601941747572
E00084021,315,33,7,26,282,33,249,10.476190476190476,2.2222222222222223,8.253968253968253,89.52380952380953,10.476190476190476,79.04761904761905
E00084022,247,25,9,16,222,14,208,10.121457489878543,3.643724696356275,6.477732793522267,89.87854251012146,5.668016194331984,84.21052631578947
E00084023,218,27,8,19,191,18,173,12.385321100917432,3.669724770642202,8.715596330275229,87.61467889908256,8.256880733944955,79.35779816513761
E00084024,277,28,11,17,249,21,228,10.108303249097473,3.9711191335740073,6.137184115523466,89.89169675090253,7.581227436823104,82.31046931407943
E00084025,401,28,4,24,373,38,335,6.982543640897755,0.997506234413965,5.985037406483791,93.01745635910224,9.476309226932669,83.54114713216958
E00084026,323,44,10,34,279,25,254,13.622291021671826,3.0959752321981426,10.526315789473683,86.37770897832817,7.739938080495357,78.63777089783281
E00084027,190,16,6,10,174,20,154,8.421052631578947,3.1578947368421053,5.263157894736842,91.57894736842105,10.526315789473683,81.05263157894737
E00084028,265,39,10,29,226,12,214,14.716981132075471,3.7735849056603774,10.943396226415095,85.28301886792453,4.528301886792453,80.75471698113208
E00084029,324,24,5,19,300,12,288,7.4074074074074066,1.5432098765432098,5.864197530864197,92.5925925925926,3.7037037037037033,88.88888888888889
E00084031,162,23,8,15,139,13,126,14.19753086419753,4.938271604938271,9.25925925925926,85.80246913580247,8.024691358024691,77.77777777777779
E00084032,244,18,2,16,226,16,210,7.377049180327869,0.819672131147541,6.557377049180328,92.62295081967213,6.557377049180328,86.0655737704918
E00084033,286,27,6,21,259,26,233,9.44055944055944,2.097902097902098,7.3426573426573425,90.55944055944056,9.090909090909092,81.46853146853147
E00084034,326,17,3,14,309,26,283,5.214723926380368,0.9202453987730062,4.294478527607362,94.78527607361963,7.975460122699387,86.80981595092024
E00084035,243,38,11,27,205,19,186,15.637860082304528,4.526748971193416,11.11111111111111,84.36213991769547,7.818930041152264,76.5432098765432
E00084036,378,25,5,20,353,39,314,6.613756613756613,1.3227513227513228,5.291005291005291,93.38624338624338,10.317460317460316,83.06878306878306
E00084037,301,31,4,27,270,33,237,10.299003322259136,1.3289036544850499,8.970099667774086,89.70099667774086,10.96345514950166,78.7375415282392
E00084038,297,33,8,25,264,16,248,11.11111111111111,2.6936026936026933,8.417508417508419,88.88888888888889,5.387205387205387,83.5016835016835
E00084039,322,21,2,19,301,24,277,6.521739130434782,0.6211180124223602,5.900621118012422,93.47826086956522,7.453416149068323,86.0248447204969
E00084040,267,38,7,31,229,18,211,14.232209737827715,2.6217228464419478,11.610486891385769,85.76779026217228,6.741573033707865,79.02621722846442
E00084041,279,31,7,24,248,16,232,11.11111111111111,2.5089605734767026,8.60215053763441,88.88888888888889,5.734767025089606,83.15412186379928
E00084042,315,50,17,33,265,37,228,15.873015873015872,5.396825396825397,10.476190476190476,84.12698412698413,11.746031746031745,72.38095238095238
E00084043,337,54,20,34,283,20,263,16.023738872403563,5.934718100890208,10.089020771513352,83.97626112759644,5.934718100890208,78.04154302670622
E00084044,336,32,7,25,304,26,278,9.523809523809524,2.083333333333333,7.440476190476191,90.47619047619048,7.738095238095238,82.73809523809523
E00084045,272,30,8,22,242,26,216,11.029411764705882,2.941176470588235,8.088235294117647,88.97058823529412,9.558823529411764,79.41176470588235
E00084046,289,50,15,35,239,22,217,17.301038062283737,5.190311418685121,12.110726643598616,82.69896193771626,7.612456747404845,75.08650519031141
E00084047,240,23,9,14,217,27,190,9.583333333333334,3.75,5.833333333333333,90.41666666666667,11.25,79.16666666666666
E00084048,368,38,14,24,330,26,304,10.326086956521738,3.804347826086957,6.521739130434782,89.67391304347827,7.065217391304348,82.6086956521739
E00084049,436,53,16,37,383,41,342,12.155963302752294,3.669724770642202,8.486238532110093,87.8440366972477,9.403669724770642,78.44036697247707
E00084050,261,40,9,31,221,23,198,15.32567049808429,3.4482758620689653,11.877394636015326,84.67432950191571,8.812260536398467,75.86206896551724
E00084051,320,25,15,10,295,20,275,7.8125,4.6875,3.125,92.1875,6.25,85.9375
E00084052,373,35,8,27,338,30,308,9.383378016085791,2.1447721179624666,7.238605898123325,90.61662198391421,8.04289544235925,82.57372654155496
E00084053,293,28,2,26,265,30,235,9.556313993174061,0.6825938566552902,8.873720136518772,90.44368600682594,10.238907849829351,80.2047781569966
E00084054,315,24,5,19,291,32,259,7.6190476190476195,1.5873015873015872,6.031746031746032,92.38095238095238,10.158730158730158,82.22222222222221
E00084055,285,29,11,18,256,19,237,10.175438596491228,3.8596491228070176,6.315789473684211,89.82456140350877,6.666666666666667,83.15789473684211
E00084056,275,49,20,29,226,23,203,17.81818181818182,7.2727272727272725,10.545454545454545,82.18181818181817,8.363636363636363,73.81818181818181
E00084057,342,44,11,33,298,24,274,12.865497076023392,3.216374269005848,9.649122807017543,87.13450292397661,7.017543859649122,80.11695906432749
E00084058,288,38,12,26,250,18,232,13.194444444444445,4.166666666666666,9.027777777777777,86.80555555555556,6.25,80.55555555555556
E00084059,351,53,20,33,298,34,264,15.0997150997151,5.698005698005698,9.401709401709402,84.9002849002849,9.686609686609685,75.21367521367522
E00084060,344,40,12,28,304,34,270,11.627906976744185,3.488372093023256,8.13953488372093,88.37209302325581,9.883720930232558,78.48837209302324
E00084061,311,22,2,20,289,18,271,7.07395498392283,0.6430868167202572,6.430868167202572,92.92604501607717,5.787781350482315,87.13826366559485
E00084062,313,20,4,16,293,22,271,6.3897763578274756,1.2779552715654952,5.111821086261981,93.61022364217251,7.0287539936102235,86.5814696485623
E00084063,343,47,16,31,296,26,270,13.702623906705538,4.664723032069971,9.037900874635568,86.29737609329446,7.580174927113703,78.71720116618076
E00084064,190,33,14,19,157,15,142,17.36842105263158,7.368421052631578,10,82.63157894736842,7.894736842105263,74.73684210526315
E00084065,340,58,17,41,282,37,245,17.058823529411764,5,12.058823529411764,82.94117647058825,10.882352941176471,72.05882352941177
E00084066,306,31,5,26,275,22,253,10.130718954248366,1.6339869281045754,8.49673202614379,89.86928104575163,7.18954248366013,82.6797385620915
E00084067,307,28,8,20,279,32,247,9.120521172638437,2.6058631921824107,6.514657980456026,90.87947882736157,10.423452768729643,80.45602605863192
E00084068,229,24,6,18,205,14,191,10.480349344978166,2.6200873362445414,7.860262008733625,89.51965065502183,6.11353711790393,83.4061135371179
E00084069,387,45,13,32,342,25,317,11.627906976744185,3.359173126614987,8.2687338501292,88.37209302325581,6.459948320413436,81.91214470284238
E00084070,324,20,4,16,304,29,275,6.172839506172839,1.2345679012345678,4.938271604938271,93.82716049382715,8.950617283950617,84.87654320987654
E00084071,330,39,11,28,291,23,268,11.818181818181818,3.3333333333333335,8.484848484848486,88.18181818181819,6.969696969696971,81.21212121212122
E00084072,300,31,9,22,269,25,244,10.333333333333334,3,7.333333333333333,89.66666666666666,8.333333333333332,81.33333333333333
E00084073,384,52,15,37,332,33,299,13.541666666666666,3.90625,9.635416666666668,86.45833333333334,8.59375,77.86458333333334
E00084074,374,40,14,26,334,30,304,10.695187165775401,3.7433155080213902,6.951871657754011,89.3048128342246,8.0213903743315509,81.28342245989305
E00084075,279,26,6,20,253,24,229,9.31899641577061,2.1505376344086025,7.168458781362006,90.68100358422939,8.60215053763441,82.07885304659499
E00084076,358,41,16,25,317,32,285,11.452513966480447,4.4692737430167595,6.983240223463687,88.54748603351955,8.938547486033519,79.60893854748603
E00084077,199,25,6,19,174,19,155,12.562814070351758,3.015075376884422,9.547738693467336,87.43718592964824,9.547738693467336,77.88944723618091
E00084078,379,57,21,36,322,31,291,15.03957783641161,5.540897097625329,9.498680738786279,84.96042216358839,8.179419525065963,76.78100263852242
E00084079,379,71,31,40,308,20,288,18.733509234828496,8.179419525065963,10.554089709762533,81.26649076517151,5.277044854881266,75.98944591029023
E00084080,314,34,11,23,280,16,264,10.828025477707007,3.5031847133757963,7.32484076433121,89.171974522293,5.095541401273886,84.07643312101911
E00084081,327,42,17,25,285,16,269,12.844036697247708,5.198776758409786,7.64525993883792,87.1559633027523,4.892966360856269,82.26299694189603
E00084082,404,31,8,23,373,36,337,7.673267326732673,1.9801980198019802,5.693069306930694,92.32673267326733,8.91089108910891,83.41584158415841
E00084083,327,38,10,28,289,44,245,11.62079510703364,3.058103975535168,8.56269113149847,88.37920489296636,13.455657492354739,74.92354740061162
E00084084,469,54,17,37,415,42,373,11.513859275053305,3.624733475479744,7.889125799573561,88.4861407249467,8.955223880597014,79.53091684434968
E00084085,315,45,13,32,270,30,240,14.285714285714285,4.1269841269841265,10.158730158730158,85.71428571428571,9.523809523809524,76.19047619047619
E00084086,287,43,20,23,244,29,215,14.982578397212542,6.968641114982578,8.013937282229964,85.01742160278745,10.104529616724738,74.91289198606272
E00084087,367,43,16,27,324,27,297,11.716621253405995,4.35967302452316,7.3569482288828345,88.28337874659401,7.3569482288828345,80.92643051771117
E00084088,299,27,15,12,272,17,255,9.03010033444816,5.016722408026756,4.013377926421405,90.96989966555184,5.68561872909699,85.28428093645485
E00084089,257,40,11,29,217,24,193,15.56420233463035,4.280155642023346,11.284046692607005,84.43579766536965,9.33852140077821,75.09727626459144
E00084091,298,34,12,22,264,21,243,11.409395973154362,4.026845637583892,7.38255033557047,88.59060402684564,7.046979865771812,81.54362416107382
E00084092,255,22,4,18,233,20,213,8.627450980392156,1.5686274509803921,7.0588235294117645,91.37254901960785,7.8431372549019605,83.52941176470588
E00084093,391,59,26,33,332,31,301,15.089514066496163,6.649616368286446,8.439897698209718,84.91048593350384,7.928388746803069,76.98209718670077
E00084094,300,34,14,20,266,26,240,11.333333333333332,4.666666666666667,6.666666666666667,88.66666666666667,8.666666666666668,80
E00084095,307,33,10,23,274,24,250,10.749185667752444,3.257328990228013,7.491856677524431,89.25081433224756,7.81758957654723,81.43322475570032
E00084096,467,38,8,30,429,30,399,8.137044967880087,1.7130620985010707,6.423982869379015,91.86295503211991,6.423982869379015,85.4389721627409
E00084097,320,40,16,24,280,21,259,12.5,5,7.5,87.5,6.5625,80.9375
E00084098,319,50,14,36,269,32,237,15.673981191222571,4.38871473354232,11.285266457680251,84.32601880877742,10.031347962382444,74.29467084639498
E00084099,275,43,13,30,232,24,208,15.636363636363637,4.7272727272727275,10.909090909090908,84.36363636363636,8.727272727272728,75.63636363636364
E00084100,340,46,15,31,294,25,269,13.529411764705882,4.411764705882353,9.117647058823529,86.47058823529412,7.352941176470589,79.11764705882352
E00084101,211,78,43,35,133,14,119,36.96682464454976,20.379146919431278,16.587677725118482,63.03317535545023,6.6350710900473935,56.39810426540285
E00084102,236,58,30,28,178,18,160,24.576271186440678,12.711864406779661,11.864406779661017,75.42372881355932,7.627118644067797,67.79661016949152
E00084103,296,57,22,35,239,22,217,19.256756756756758,7.4324324324324325,11.824324324324325,80.74324324324324,7.4324324324324325,73.3108108108108
E00084104,306,52,16,36,254,18,236,16.99346405228758,5.228758169934641,11.76470588235294,83.00653594771242,5.88235294117647,77.12418300653596
E00084105,333,40,9,31,293,24,269,12.012012012012011,2.7027027027027026,9.30930930930931,87.98798798798799,7.207207207207207,80.78078078078079
E00084106,318,40,12,28,278,33,245,12.578616352201259,3.7735849056603774,8.80503144654088,87.42138364779875,10.377358490566039,77.04402515723271
E00084107,347,36,16,20,311,20,291,10.37463976945245,4.610951008645533,5.763688760806916,89.62536023054754,5.763688760806916,83.86167146974063
E00084108,364,47,11,36,317,26,291,12.912087912087914,3.021978021978022,9.89010989010989,87.08791208791209,7.142857142857142,79.94505494505495
E00084109,394,50,24,26,344,35,309,12.690355329949238,6.091370558375635,6.598984771573605,87.30964467005076,8.883248730964468,78.42639593908629
E00084110,317,38,10,28,279,25,254,11.987381703470032,3.1545741324921135,8.832807570977918,88.01261829652996,7.886435331230284,80.12618296529969
E00084111,424,50,15,35,374,27,347,11.79245283018868,3.5377358490566038,8.254716981132075,88.20754716981132,6.367924528301887,81.83962264150944
E00084112,301,42,14,28,259,24,235,13.953488372093023,4.651162790697675,9.30232558139535,86.04651162790698,7.973421926910299,78.07308970099668
E00084113,326,50,13,37,276,22,254,15.337423312883436,3.9877300613496933,11.349693251533742,84.66257668711657,6.748466257668712,77.91411042944786
E00084114,407,39,11,28,368,24,344,9.582309582309582,2.7027027027027026,6.87960687960688,90.41769041769042,5.896805896805897,84.52088452088452
E00084115,243,26,2,24,217,18,199,10.699588477366255,0.823045267489712,9.876543209876543,89.30041152263375,7.4074074074074066,81.89300411522635
E00084116,380,39,11,28,341,32,309,10.263157894736842,2.8947368421052633,7.368421052631578,89.73684210526316,8.421052631578947,81.3157894736842
E00084118,346,35,16,19,311,19,292,10.115606936416185,4.624277456647398,5.491329479768786,89.88439306358381,5.491329479768786,84.39306358381504
E00084119,297,36,14,22,261,20,241,12.121212121212121,4.713804713804714,7.4074074074074066,87.87878787878788,6.7340067340067336,81.14478114478115
E00084120,423,45,14,31,378,39,339,10.638297872340425,3.309692671394799,7.328605200945626,89.36170212765957,9.219858156028367,80.1418439716312
E00084121,400,33,10,23,367,28,339,8.25,2.5,5.75,91.75,7.000000000000001,84.75
E00084122,426,49,17,32,377,27,350,11.502347417840376,3.9906103286384975,7.511737089201878,88.49765258215963,6.338028169014084,82.15962441314554
E00084123,235,37,12,25,198,12,186,15.74468085106383,5.106382978723404,10.638297872340425,84.25531914893617,5.106382978723404,79.14893617021276
E00084124,434,45,14,31,389,30,359,10.368663594470046,3.225806451612903,7.142857142857142,89.63133640552995,6.912442396313365,82.7188940092166
E00084125,356,47,14,33,309,23,286,13.202247191011235,3.932584269662921,9.269662921348315,86.79775280898876,6.460674157303371,80.33707865168539
E00084126,351,49,20,29,302,24,278,13.96011396011396,5.698005698005698,8.262108262108262,86.03988603988604,6.837606837606838,79.2022792022792
E00084127,319,54,29,25,265,18,247,16.927899686520377,9.090909090909092,7.836990595611286,83.07210031347962,5.6426332288401255,77.4294670846395
E00084128,320,28,9,19,292,27,265,8.75,2.8125,5.9375,91.25,8.4375,82.8125
E00084129,299,41,13,28,258,15,243,13.712374581939798,4.3478260869565215,9.364548494983277,86.2876254180602,5.016722408026756,81.27090301003345
E00084130,362,45,19,26,317,30,287,12.430939226519337,5.248618784530387,7.18232044198895,87.56906077348067,8.287292817679557,79.28176795580112
E00084131,331,48,20,28,283,22,261,14.501510574018129,6.042296072507553,8.459214501510575,85.49848942598187,6.646525679758309,78.85196374622356
E00084132,259,58,32,26,201,13,188,22.393822393822393,12.355212355212355,10.038610038610038,77.60617760617761,5.019305019305019,72.58687258687259
E00084133,315,29,4,25,286,28,258,9.206349206349207,1.2698412698412698,7.936507936507936,90.7936507936508,8.88888888888889,81.9047619047619
E00084134,268,74,35,39,194,14,180,27.611940298507463,13.059701492537313,14.55223880597015,72.38805970149254,5.223880597014925,67.16417910447761
E00084135,406,145,83,62,261,35,226,35.714285714285715,20.44334975369458,15.270935960591133,64.28571428571429,8.620689655172415,55.66502463054187
E00084136,271,60,29,31,211,20,191,22.14022140221402,10.70110701107011,11.439114391143912,77.85977859778598,7.380073800738007,70.47970479704797
E00084137,449,47,14,33,402,39,363,10.46770601336303,3.11804008908686,7.349665924276169,89.53229398663697,8.68596881959911,80.84632516703786
E00084138,264,39,11,28,225,24,201,14.772727272727273,4.166666666666666,10.606060606060606,85.22727272727273,9.090909090909092,76.13636363636364
E00084139,307,32,10,22,275,25,250,10.423452768729643,3.257328990228013,7.166123778501629,89.57654723127035,8.143322475570033,81.43322475570032
E00084141,334,31,9,22,303,36,267,9.281437125748502,2.694610778443114,6.58682634730539,90.71856287425149,10.778443113772456,79.94011976047905
E00084142,241,44,18,26,197,14,183,18.25726141078838,7.468879668049793,10.78838174273859,81.74273858921161,5.809128630705394,75.93360995850622
E00084143,516,46,7,39,470,45,425,8.914728682170542,1.3565891472868217,7.55813953488372,91.08527131782945,8.720930232558139,82.36434108527132
E00084144,370,64,26,38,306,39,267,17.2972972972973,7.027027027027027,10.27027027027027,82.70270270270271,10.54054054054054,72.16216216216216
E00084145,137,45,24,21,92,13,79,32.846715328467155,17.51824817518248,15.328467153284672,67.15328467153284,9.48905109489051,57.66423357664233
E00084146,310,74,31,43,236,18,218,23.870967741935484,10,13.870967741935484,76.12903225806451,5.806451612903226,70.3225806451613
E00084147,279,24,9,15,255,20,235,8.60215053763441,3.225806451612903,5.376344086021505,91.39784946236558,7.168458781362006,84.22939068100358
E00084148,405,73,19,54,332,38,294,18.02469135802469,4.691358024691358,13.333333333333334,81.9753086419753,9.382716049382717,72.5925925925926
E00084149,291,31,13,18,260,29,231,10.652920962199312,4.4673539518900345,6.185567010309279,89.3470790378007,9.965635738831615,79.38144329896907
E00084151,309,73,38,35,236,22,214,23.624595469255663,12.297734627831716,11.326860841423949,76.37540453074433,7.119741100323624,69.25566343042071
E00084152,312,45,15,30,267,34,233,14.423076923076922,4.807692307692308,9.615384615384617,85.57692307692307,10.897435897435898,74.67948717948718
E00084153,334,63,18,45,271,35,236,18.862275449101794,5.389221556886228,13.47305389221557,81.1377245508982,10.479041916167663,70.65868263473054
E00084154,321,46,15,31,275,29,246,14.330218068535824,4.672897196261682,9.657320872274143,85.66978193146417,9.034267912772584,76.63551401869158
E00084155,336,48,20,28,288,26,262,14.285714285714285,5.952380952380952,8.333333333333332,85.71428571428571,7.738095238095238,77.97619047619048
E00084156,326,41,14,27,285,34,251,12.576687116564417,4.294478527607362,8.282208588957054,87.42331288343557,10.429447852760736,76.99386503067484
E00084158,306,39,14,25,267,13,254,12.745098039215685,4.57516339869281,8.169934640522875,87.25490196078431,4.248366013071895,83.00653594771242
E00084160,216,45,17,28,171,19,152,20.833333333333336,7.87037037037037,12.962962962962962,79.16666666666666,8.796296296296296,70.37037037037037
E00084161,260,25,11,14,235,24,211,9.615384615384617,4.230769230769231,5.384615384615385,90.38461538461539,9.230769230769232,81.15384615384616
E00084162,360,67,24,43,293,26,267,18.61111111111111,6.666666666666667,11.944444444444445,81.38888888888889,7.222222222222221,74.16666666666667
E00084163,253,41,18,23,212,22,190,16.205533596837945,7.114624505928854,9.090909090909092,83.79446640316206,8.695652173913043,75.09881422924902
E00084164,200,29,11,18,171,15,156,14.499999999999998,5.5,9,85.5,7.5,78
E00084165,305,35,11,24,270,21,249,11.475409836065573,3.606557377049181,7.868852459016394,88.52459016393442,6.885245901639345,81.63934426229508
E00084166,352,44,14,30,308,25,283,12.5,3.977272727272727,8.522727272727272,87.5,7.1022727272727275,80.39772727272727
E00084167,127,14,4,10,113,12,101,11.023622047244094,3.149606299212598,7.874015748031496,88.9763779527559,9.448818897637794,79.52755905511812
E00084168,250,33,14,19,217,20,197,13.200000000000001,5.6000000000000005,7.6,86.8,8,78.8
E00084169,326,32,14,18,294,18,276,9.815950920245399,4.294478527607362,5.521472392638037,90.1840490797546,5.521472392638037,84.66257668711657
E00084170,385,68,39,29,317,26,291,17.662337662337663,10.129870129870131,7.532467532467532,82.33766233766234,6.753246753246753,75.58441558441558
E00084171,281,28,6,22,253,19,234,9.9644128113879,2.135231316725979,7.829181494661921,90.0355871886121,6.761565836298933,83.27402135231317
E00084172,304,46,18,28,258,14,244,15.131578947368421,5.921052631578947,9.210526315789473,84.86842105263158,4.605263157894736,80.26315789473685
E00084173,227,43,22,21,184,23,161,18.94273127753304,9.691629955947137,9.251101321585903,81.05726872246696,10.13215859030837,70.92511013215858
E00084174,283,34,10,24,249,20,229,12.014134275618375,3.53356890459364,8.480565371024735,87.98586572438163,7.06713780918728,80.91872791519434
E00084175,353,25,6,19,328,34,294,7.0821529745042495,1.69971671388102,5.382436260623229,92.91784702549575,9.631728045325778,83.28611898016997
E00084176,211,16,1,15,195,20,175,7.5829383886255926,0.47393364928909953,7.109004739336493,92.41706161137441,9.47867298578199,82.93838862559242
E00084177,212,48,9,39,164,20,144,22.641509433962266,4.245283018867925,18.39622641509434,77.35849056603774,9.433962264150944,67.9245283018868
E00084178,320,39,10,29,281,21,260,12.1875,3.125,9.0625,87.8125,6.5625,81.25
E00084179,307,29,10,19,278,25,253,9.446254071661238,3.257328990228013,6.188925081433225,90.55374592833876,8.143322475570033,82.41042345276874
E00084180,310,61,30,31,249,15,234,19.67741935483871,9.67741935483871,10,80.3225806451613,4.838709677419355,75.48387096774194
E00084181,332,59,23,36,273,31,242,17.771084337349397,6.927710843373494,10.843373493975903,82.2289156626506,9.33734939759036,72.89156626506023
E00084183,377,45,15,30,332,27,305,11.936339522546419,3.978779840848806,7.957559681697612,88.06366047745358,7.161803713527852,80.90185676392572
E00084184,385,54,17,37,331,22,309,14.025974025974024,4.415584415584416,9.61038961038961,85.97402597402596,5.714285714285714,80.25974025974027
E00084185,352,46,15,31,306,28,278,13.068181818181818,4.261363636363636,8.806818181818182,86.93181818181817,7.954545454545454,78.97727272727273
E00084186,357,64,37,27,293,20,273,17.92717086834734,10.364145658263306,7.563025210084033,82.07282913165265,5.602240896358544,76.47058823529412
E00084187,341,42,7,35,299,11,288,12.316715542521994,2.0527859237536656,10.263929618768328,87.68328445747801,3.225806451612903,84.4574780058651
E00084189,328,30,9,21,298,38,260,9.146341463414634,2.7439024390243905,6.402439024390244,90.85365853658537,11.585365853658537,79.26829268292683
E00084191,604,53,9,44,551,35,516,8.774834437086094,1.490066225165563,7.28476821192053,91.22516556291392,5.7947019867549665,85.43046357615894
E00084195,319,67,28,39,252,34,218,21.003134796238246,8.77742946708464,12.225705329153605,78.99686520376176,10.658307210031348,68.3385579937304
E00084196,360,31,6,25,329,30,299,8.61111111111111,1.6666666666666667,6.944444444444445,91.38888888888889,8.333333333333332,83.05555555555556
E00084197,299,35,18,17,264,27,237,11.705685618729097,6.0200668896321075,5.68561872909699,88.2943143812709,9.03010033444816,79.26421404682274
E00084198,297,38,18,20,259,34,225,12.794612794612794,6.0606060606060606,6.7340067340067336,87.20538720538721,11.447811447811448,75.75757575757575
E00084199,286,50,19,31,236,21,215,17.482517482517483,6.643356643356643,10.839160839160838,82.51748251748252,7.3426573426573425,75.17482517482517
E00084200,195,40,17,23,155,23,132,20.51282051282051,8.717948717948717,11.794871794871794,79.48717948717949,11.794871794871794,67.6923076923077
E00084201,444,63,22,41,381,32,349,14.18918918918919,4.954954954954955,9.234234234234235,85.8108108108108,7.207207207207207,78.6036036036036
E00084203,346,93,34,59,253,21,232,26.878612716763005,9.826589595375722,17.052023121387283,73.121387283237,6.069364161849711,67.05202312138728
E00084204,431,97,58,39,334,36,298,22.505800464037122,13.45707656612529,9.048723897911833,77.49419953596288,8.352668213457076,69.1415313225058
E00084205,251,63,35,28,188,8,180,25.099601593625497,13.94422310756972,11.155378486055776,74.9003984063745,3.187250996015936,71.71314741035857
E00084206,298,49,21,28,249,15,234,16.44295302013423,7.046979865771812,9.395973154362416,83.55704697986577,5.033557046979865,78.52348993288591
E00084207,323,35,10,25,288,21,267,10.8359133126935,3.0959752321981426,7.739938080495357,89.1640866873065,6.5015479876160995,82.6625386996904
E00084208,313,35,11,24,278,21,257,11.182108626198083,3.5143769968051117,7.667731629392971,88.81789137380191,6.7092651757188495,82.10862619808307
E00084209,366,65,21,44,301,44,257,17.759562841530055,5.737704918032787,12.021857923497267,82.24043715846994,12.021857923497267,70.21857923497268
E00084210,485,44,11,33,441,39,402,9.072164948453608,2.268041237113402,6.804123711340206,90.9278350515464,8.041237113402062,82.88659793814433
E00084211,340,57,16,41,283,36,247,16.76470588235294,4.705882352941177,12.058823529411764,83.23529411764706,10.588235294117647,72.6470588235294
E00084212,395,53,24,29,342,27,315,13.41772151898734,6.075949367088607,7.341772151898734,86.58227848101265,6.8354430379746836,79.74683544303798
E00084213,338,51,16,35,287,18,269,15.088757396449704,4.733727810650888,10.355029585798817,84.91124260355029,5.325443786982249,79.58579881656804
E00084214,340,45,10,35,295,29,266,13.23529411764706,2.941176470588235,10.294117647058822,86.76470588235294,8.529411764705882,78.23529411764706
E00084215,309,43,16,27,266,22,244,13.915857605177994,5.177993527508091,8.737864077669903,86.08414239482201,7.119741100323624,78.96440129449837
E00084216,303,31,15,16,272,25,247,10.231023102310232,4.9504950495049505,5.2805280528052805,89.76897689768977,8.25082508250825,81.51815181518151
E00084217,267,45,19,26,222,23,199,16.853932584269664,7.116104868913857,9.737827715355806,83.14606741573034,8.614232209737828,74.53183520599251
E00084218,329,37,13,24,292,25,267,11.246200607902736,3.951367781155015,7.29483282674772,88.75379939209726,7.598784194528875,81.15501519756839
E00084219,256,31,13,18,225,23,202,12.109375,5.078125,7.03125,87.890625,8.984375,78.90625
E00084221,283,34,10,24,249,24,225,12.014134275618375,3.53356890459364,8.480565371024735,87.98586572438163,8.480565371024735,79.50530035335689
E00084222,332,51,21,30,281,25,256,15.36144578313253,6.325301204819277,9.036144578313253,84.63855421686746,7.530120481927711,77.10843373493977
E00084223,195,19,4,15,176,15,161,9.7435897435897445,2.051282051282051,7.6923076923076925,90.25641025641026,7.6923076923076925,82.564102564102555
E00084224,341,49,12,37,292,32,260,14.369501466275661,3.519061583577713,10.850439882697946,85.63049853372434,9.3841642228739,76.24633431085044
E00084225,258,53,23,30,205,16,189,20.54263565891473,8.914728682170542,11.627906976744185,79.45736434108527,6.2015503875969,73.25581395348837
E00084226,238,55,22,33,183,16,167,23.10924369747899,9.243697478991598,13.865546218487395,76.89075630252101,6.722689075630252,70.16806722689076
E00084227,294,26,4,22,268,28,240,8.843537414965986,1.3605442176870748,7.482993197278912,91.15646258503402,9.523809523809524,81.63265306122449
E00084228,261,34,11,23,227,17,210,13.026819923371647,4.21455938697318,8.812260536398467,86.97318007662835,6.513409961685824,80.45977011494253
E00084229,284,42,17,25,242,12,230,14.788732394366196,5.985915492957746,8.80281690140845,85.2112676056338,4.225352112676056,80.98591549295774
E00084232,350,73,52,21,277,21,256,20.857142857142858,14.857142857142858,6,79.14285714285715,6,73.14285714285714
E00084233,340,38,9,29,302,29,273,11.176470588235295,2.6470588235294117,8.529411764705882,88.8235294117647,8.529411764705882,80.29411764705883
E00084234,306,50,14,36,256,17,239,16.33986928104575,4.57516339869281,11.76470588235294,83.66013071895425,5.555555555555555,78.10457516339869
E00084235,365,52,22,30,313,17,296,14.246575342465754,6.027397260273973,8.21917808219178,85.75342465753425,4.657534246575342,81.0958904109589
E00084236,203,43,16,27,160,19,141,21.182266009852217,7.8817733990147785,13.30049261083744,78.81773399014779,9.35960591133005,69.45812807881774
E00084237,263,37,14,23,226,15,211,14.068441064638785,5.323193916349809,8.745247148288973,85.93155893536122,5.7034220532319395,80.22813688212928
E00084238,320,36,13,23,284,29,255,11.25,4.0625,7.187499999999999,88.75,9.0625,79.6875
E00084239,363,52,18,34,311,23,288,14.325068870523417,4.958677685950414,9.366391184573002,85.67493112947659,6.336088154269973,79.33884297520662
E00084240,320,27,5,22,293,33,260,8.4375,1.5625,6.875000000000001,91.5625,10.3125,81.25
E00084241,439,27,4,23,412,34,378,6.150341685649203,0.9111617312072893,5.239179954441914,93.84965831435079,7.744874715261959,86.10478359908885
E00084242,255,44,9,35,211,33,178,17.254901960784313,3.5294117647058822,13.725490196078432,82.74509803921568,12.941176470588237,69.80392156862744
E00084243,325,40,11,29,285,26,259,12.307692307692308,3.3846153846153846,8.923076923076923,87.6923076923077,8,79.6923076923077
E00084244,283,43,8,35,240,23,217,15.19434628975265,2.8268551236749118,12.36749116607774,84.80565371024736,8.12720848056537,76.67844522968198
E00084245,280,28,9,19,252,25,227,10,3.214285714285714,6.785714285714286,90,8.928571428571429,81.07142857142857
E00084246,176,19,1,18,157,13,144,10.795454545454545,0.5681818181818182,10.227272727272728,89.20454545454545,7.386363636363637,81.81818181818183
E00084247,311,48,15,33,263,32,231,15.434083601286176,4.823151125401929,10.610932475884244,84.56591639871382,10.289389067524116,74.27652733118971
E00084248,279,28,6,22,251,28,223,10.03584229390681,2.1505376344086025,7.885304659498208,89.96415770609319,10.03584229390681,79.92831541218638
E00084249,312,34,7,27,278,20,258,10.897435897435898,2.2435897435897436,8.653846153846153,89.1025641025641,6.41025641025641,82.6923076923077
E00084250,307,50,14,36,257,21,236,16.286644951140065,4.5602605863192185,11.726384364820847,83.71335504885994,6.840390879478828,76.8729641693811
E00084251,254,29,16,13,225,27,198,11.41732283464567,6.299212598425196,5.118110236220472,88.58267716535433,10.62992125984252,77.95275590551181
E00084252,453,53,9,44,400,42,358,11.699779249448124,1.9867549668874174,9.713024282560706,88.30022075055187,9.271523178807946,79.02869757174393
E00084253,369,39,15,24,330,30,300,10.569105691056912,4.0650406504065035,6.504065040650407,89.43089430894308,8.130081300813007,81.30081300813008
E00084254,331,71,33,38,260,30,230,21.45015105740181,9.969788519637463,11.48036253776435,78.54984894259819,9.06344410876133,69.48640483383686
E00084255,207,43,10,33,164,12,152,20.77294685990338,4.830917874396135,15.942028985507244,79.22705314009661,5.797101449275362,73.42995169082126
E00084256,291,53,12,41,238,14,224,18.213058419243985,4.123711340206185,14.0893470790378,81.78694158075601,4.810996563573884,76.97594501718214
E00084257,309,82,52,30,227,18,209,26.537216828478964,16.828478964401295,9.70873786407767,73.46278317152104,5.825242718446602,67.63754045307444
E00084258,248,24,9,15,224,22,202,9.67741935483871,3.6290322580645165,6.048387096774194,90.32258064516128,8.870967741935484,81.45161290322581
E00084259,357,52,11,41,305,25,280,14.565826330532214,3.081232492997199,11.484593837535014,85.43417366946778,7.002801120448179,78.43137254901961
E00084260,282,43,15,28,239,20,219,15.24822695035461,5.319148936170213,9.929078014184398,84.75177304964538,7.092198581560284,77.6595744680851
E00084261,300,37,9,28,263,15,248,12.333333333333334,3,9.333333333333334,87.66666666666667,5,82.66666666666667
E00084262,261,46,14,32,215,20,195,17.624521072796934,5.363984674329502,12.260536398467432,82.37547892720306,7.662835249042145,74.71264367816092
E00084263,324,37,8,29,287,34,253,11.419753086419753,2.4691358024691357,8.950617283950617,88.58024691358025,10.493827160493826,78.08641975308642
E00084264,422,47,9,38,375,35,340,11.137440758293838,2.132701421800948,9.004739336492891,88.86255924170617,8.293838862559241,80.56872037914692
E00084266,384,36,11,25,348,39,309,9.375,2.864583333333333,6.510416666666667,90.625,10.15625,80.46875
E00084267,288,30,8,22,258,15,243,10.416666666666668,2.7777777777777777,7.638888888888889,89.58333333333334,5.208333333333334,84.375
E00084268,277,51,13,38,226,19,207,18.4115523465704,4.693140794223827,13.718411552346572,81.58844765342961,6.859205776173286,74.72924187725631
E00084269,248,53,13,40,195,25,170,21.370967741935484,5.241935483870968,16.129032258064516,78.62903225806451,10.080645161290322,68.54838709677419
E00084270,309,53,27,26,256,21,235,17.15210355987055,8.737864077669903,8.414239482200648,82.84789644012946,6.796116504854369,76.05177993527508
E00084271,447,44,13,31,403,35,368,9.843400447427292,2.9082774049217,6.935123042505594,90.1565995525727,7.829977628635347,82.32662192393735
E00084272,278,38,12,26,240,28,212,13.66906474820144,4.316546762589928,9.352517985611511,86.33093525179856,10.071942446043165,76.2589928057554
E00084273,376,53,26,27,323,37,286,14.095744680851062,6.914893617021277,7.180851063829788,85.90425531914893,9.840425531914894,76.06382978723404
E00084274,317,35,9,26,282,25,257,11.041009463722396,2.8391167192429023,8.201892744479496,88.95899053627761,7.886435331230284,81.07255520504731
E00084275,364,52,20,32,312,19,293,14.285714285714285,5.4945054945054945,8.791208791208792,85.71428571428571,5.21978021978022,80.4945054945055
E00084276,344,29,3,26,315,30,285,8.430232558139535,0.872093023255814,7.55813953488372,91.56976744186046,8.720930232558139,82.84883720930233
E00084277,381,36,7,29,345,31,314,9.448818897637794,1.837270341207349,7.611548556430446,90.5511811023622,8.136482939632545,82.41469816272966
E00084278,325,41,12,29,284,32,252,12.615384615384615,3.6923076923076925,8.923076923076923,87.38461538461539,9.846153846153847,77.53846153846153
E00084279,341,24,9,15,317,17,300,7.038123167155426,2.6392961876832843,4.398826979472141,92.96187683284457,4.9853372434017595,87.97653958944281
E00084280,259,60,28,32,199,22,177,23.166023166023166,10.81081081081081,12.355212355212355,76.83397683397683,8.494208494208493,68.33976833976834
E00084281,329,44,13,31,285,29,256,13.37386018237082,3.951367781155015,9.422492401215806,86.62613981762918,8.814589665653495,77.81155015197568
E00084282,444,41,12,29,403,30,373,9.234234234234235,2.7027027027027026,6.531531531531531,90.76576576576578,6.756756756756757,84.009009009009
E00084283,277,43,16,27,234,30,204,15.523465703971121,5.776173285198556,9.747292418772563,84.47653429602889,10.830324909747292,73.6462093862816
E00084284,444,84,27,57,360,47,313,18.91891891891892,6.081081081081082,12.837837837837837,81.08108108108108,10.585585585585585,70.4954954954955
E00084285,404,50,21,29,354,21,333,12.376237623762377,5.198019801980198,7.1782178217821775,87.62376237623762,5.198019801980198,82.42574257425743
E00084286,318,40,10,30,278,23,255,12.578616352201259,3.1446540880503147,9.433962264150944,87.42138364779875,7.232704402515723,80.18867924528303
E00084288,524,77,25,52,447,36,411,14.694656488549619,4.770992366412214,9.923664122137405,85.30534351145039,6.870229007633588,78.43511450381679
E00084289,346,26,6,20,320,39,281,7.514450867052023,1.7341040462427744,5.780346820809249,92.48554913294798,11.271676300578035,81.21387283236994
E00084291,391,47,18,29,344,29,315,12.020460358056265,4.603580562659847,7.41687979539642,87.97953964194375,7.41687979539642,80.56265984654732
E00084292,320,37,12,25,283,35,248,11.5625,3.75,7.8125,88.4375,10.9375,77.5
E00084293,285,91,44,47,194,18,176,31.929824561403507,15.43859649122807,16.49122807017544,68.0701754385965,6.315789473684211,61.75438596491228
E00084294,403,77,52,25,326,26,300,19.106699751861044,12.903225806451612,6.20347394540943,80.89330024813896,6.451612903225806,74.44168734491315
E00084295,506,50,8,42,456,40,416,9.881422924901186,1.5810276679841897,8.300395256916996,90.11857707509881,7.905138339920949,82.21343873517787
E00084296,370,53,13,40,317,30,287,14.324324324324325,3.5135135135135136,10.81081081081081,85.67567567567568,8.108108108108109,77.56756756756756
E00084297,445,52,24,28,393,34,359,11.685393258426966,5.393258426966292,6.292134831460674,88.31460674157303,7.640449438202247,80.67415730337079
E00084298,400,38,12,26,362,26,336,9.5,3,6.5,90.5,6.5,84
E00084299,512,58,20,38,454,45,409,11.328125,3.90625,7.421875,88.671875,8.7890625,79.8828125
E00084300,467,47,13,34,420,48,372,10.06423982869379,2.7837259100642395,7.28051391862955,89.93576017130621,10.278372591006423,79.65738758029978
E00084301,264,31,7,24,233,23,210,11.742424242424242,2.6515151515151514,9.090909090909092,88.25757575757575,8.712121212121213,79.54545454545455
E00084302,291,48,23,25,243,28,215,16.49484536082474,7.903780068728522,8.59106529209622,83.50515463917526,9.621993127147768,73.8831615120275
E00084303,439,46,22,24,393,28,365,10.478359908883828,5.0113895216400905,5.466970387243736,89.52164009111617,6.378132118451026,83.14350797266515
E00084304,320,26,5,21,294,33,261,8.125,1.5625,6.5625,91.875,10.3125,81.5625
E00084305,302,38,15,23,264,22,242,12.582781456953644,4.966887417218543,7.6158940397351,87.41721854304636,7.28476821192053,80.13245033112582
E00084306,321,25,8,17,296,33,263,7.78816199376947,2.4922118380062304,5.29595015576324,92.21183800623052,10.2803738317757,81.93146417445483
E00084307,353,42,8,34,311,46,265,11.89801699716714,2.26628895184136,9.631728045325778,88.10198300283287,13.031161473087819,75.07082152974505
E00084308,330,50,14,36,280,29,251,15.151515151515152,4.242424242424243,10.909090909090908,84.84848484848484,8.787878787878787,76.06060606060606
E00084309,348,29,6,23,319,40,279,8.333333333333332,1.7241379310344827,6.609195402298851,91.66666666666666,11.494252873563218,80.17241379310344
E00084310,262,44,12,32,218,18,200,16.793893129770993,4.580152671755725,12.213740458015266,83.20610687022901,6.870229007633588,76.33587786259542
E00084311,265,44,15,29,221,21,200,16.60377358490566,5.660377358490567,10.943396226415095,83.39622641509435,7.9245283018867925,75.47169811320755
E00084312,337,34,10,24,303,32,271,10.089020771513352,2.967359050445104,7.121661721068249,89.91097922848664,9.495548961424333,80.41543026706232
E00084313,327,45,14,31,282,17,265,13.761467889908257,4.281345565749235,9.480122324159021,86.23853211009175,5.198776758409786,81.03975535168195
E00084314,556,31,8,23,525,23,502,5.575539568345324,1.4388489208633095,4.136690647482014,94.42446043165468,4.136690647482014,90.28776978417267
E00084315,452,29,4,25,423,52,371,6.415929203539823,0.8849557522123894,5.530973451327434,93.58407079646017,11.504424778761061,82.07964601769912
E00084316,486,138,106,32,348,20,328,28.39506172839506,21.810699588477366,6.584362139917696,71.60493827160494,4.11522633744856,67.48971193415639
E00084317,279,37,7,30,242,14,228,13.261648745519713,2.5089605734767026,10.75268817204301,86.73835125448028,5.017921146953405,81.72043010752688
E00084318,484,61,21,40,423,40,383,12.603305785123966,4.338842975206612,8.264462809917356,87.39669421487604,8.264462809917356,79.13223140495867
E00084319,384,43,11,32,341,36,305,11.197916666666668,2.864583333333333,8.333333333333332,88.80208333333334,9.375,79.42708333333334
E00084320,297,51,19,32,246,17,229,17.17171717171717,6.397306397306397,10.774410774410773,82.82828282828282,5.723905723905724,77.10437710437711
E00084321,315,48,18,30,267,33,234,15.238095238095239,5.714285714285714,9.523809523809524,84.76190476190476,10.476190476190476,74.28571428571429
E00084322,327,48,21,27,279,26,253,14.678899082568808,6.422018348623854,8.256880733944955,85.3211009174312,7.951070336391437,77.37003058103976
E00084323,327,41,16,25,286,23,263,12.538226299694188,4.892966360856269,7.64525993883792,87.46177370030581,7.033639143730887,80.42813455657493
E00084324,359,40,7,33,319,31,288,11.142061281337048,1.9498607242339834,9.192200557103064,88.85793871866295,8.635097493036211,80.22284122562674
E00167029,162,32,15,17,130,11,119,19.753086419753085,9.25925925925926,10.493827160493826,80.24691358024691,6.790123456790123,73.4567901234568
E00167030,424,24,8,16,400,22,378,5.660377358490567,1.8867924528301887,3.7735849056603774,94.33962264150944,5.188679245283019,89.15094339622641
E00167033,419,34,10,24,385,28,357,8.1145584725537,2.386634844868735,5.727923627684964,91.8854415274463,6.682577565632458,85.20286396181385
E00167034,458,21,8,13,437,23,414,4.585152838427948,1.7467248908296942,2.8384279475982535,95.41484716157204,5.021834061135371,90.39301310043668
E00167035,306,38,8,30,268,17,251,12.418300653594772,2.6143790849673203,9.803921568627452,87.58169934640523,5.555555555555555,82.02614379084967
E00167036,205,20,8,12,185,25,160,9.75609756097561,3.902439024390244,5.853658536585367,90.2439024390244,12.195121951219512,78.04878048780488
E00167037,266,14,1,13,252,24,228,5.263157894736842,0.37593984962406013,4.887218045112782,94.73684210526315,9.022556390977442,85.71428571428571
E00167038,158,15,9,6,143,10,133,9.49367088607595,5.69620253164557,3.79746835443038,90.50632911392405,6.329113924050633,84.17721518987342
E00167039,211,28,8,20,183,27,156,13.270142180094787,3.7914691943127963,9.47867298578199,86.7298578199052,12.796208530805686,73.93364928909952
E00167040,346,25,8,17,321,26,295,7.225433526011561,2.312138728323699,4.913294797687861,92.77456647398844,7.514450867052023,85.26011560693641
E00167042,373,30,9,21,343,26,317,8.04289544235925,2.4128686327077746,5.630026809651475,91.95710455764075,6.970509383378016,84.98659517426273
E00167043,330,21,6,15,309,21,288,6.363636363636363,1.8181818181818181,4.545454545454546,93.63636363636364,6.363636363636363,87.27272727272727
E00167044,281,18,5,13,263,19,244,6.405693950177936,1.7793594306049825,4.6263345195729535,93.59430604982207,6.761565836298933,86.83274021352312
E00167045,333,27,8,19,306,17,289,8.108108108108109,2.4024024024024024,5.7057057057057055,91.8918918918919,5.105105105105105,86.78678678678679
E00167046,355,104,71,33,251,21,230,29.295774647887324,20,9.295774647887324,70.70422535211267,5.915492957746479,64.7887323943662
E00167047,359,31,9,22,328,24,304,8.635097493036211,2.5069637883008355,6.128133704735376,91.36490250696379,6.685236768802229,84.67966573816156
E00167048,465,30,5,25,435,34,401,6.451612903225806,1.0752688172043012,5.376344086021505,93.54838709677419,7.311827956989248,86.23655913978494
E00167049,294,40,15,25,254,22,232,13.60544217687075,5.1020408163265305,8.503401360544217,86.39455782312925,7.482993197278912,78.91156462585033
E00188338,499,55,18,37,444,35,409,11.022044088176353,3.6072144288577155,7.414829659318638,88.97795591182364,7.014028056112225,81.96392785571143
E00188341,229,36,12,24,193,19,174,15.72052401746725,5.240174672489083,10.480349344978166,84.27947598253274,8.296943231441048,75.9825327510917
E00188342,289,32,6,26,257,20,237,11.072664359861593,2.0761245674740483,8.996539792387544,88.92733564013841,6.920415224913495,82.00692041522491
E00188346,393,52,15,37,341,33,308,13.231552162849871,3.816793893129771,9.414758269720101,86.76844783715013,8.396946564885496,78.37150127226464
E00188347,305,15,3,12,290,19,271,4.918032786885246,0.9836065573770493,3.934426229508197,95.08196721311475,6.229508196721312,88.85245901639345
E00188349,404,30,10,20,374,20,354,7.425742574257425,2.4752475247524752,4.9504950495049505,92.57425742574257,4.9504950495049505,87.62376237623762
E00188350,359,29,12,17,330,23,307,8.07799442896936,3.3426183844011144,4.735376044568245,91.92200557103064,6.406685236768802,85.51532033426183
E00188351,288,19,5,14,269,19,250,6.597222222222222,1.7361111111111112,4.861111111111112,93.40277777777779,6.597222222222222,86.80555555555556
E00188355,254,27,11,16,227,20,207,10.62992125984252,4.330708661417323,6.299212598425196,89.37007874015748,7.874015748031496,81.49606299212599
E00188360,324,46,9,37,278,29,249,14.19753086419753,2.7777777777777777,11.419753086419753,85.80246913580247,8.950617283950617,76.85185185185185
E00188364,321,19,4,15,302,25,277,5.919003115264798,1.2461059190031152,4.672897196261682,94.0809968847352,7.78816199376947,86.29283489096574
E00188366,292,24,4,20,268,18,250,8.21917808219178,1.36986301369863,6.8493150684931505,91.78082191780823,6.164383561643835,85.61643835616438
E00188369,369,17,2,15,352,18,334,4.607046070460704,0.5420054200542005,4.0650406504065035,95.39295392953929,4.878048780487805,90.5149051490515
E00188370,254,20,5,15,234,20,214,7.874015748031496,1.968503937007874,5.905511811023622,92.1259842519685,7.874015748031496,84.25196850393701
E00188371,301,37,9,28,264,23,241,12.29235880398671,2.990033222591362,9.30232558139535,87.70764119601328,7.641196013289036,80.06644518272425
E00188374,281,18,2,16,263,19,244,6.405693950177936,0.7117437722419928,5.6939501779359425,93.59430604982207,6.761565836298933,86.83274021352312
E00188379,354,32,9,23,322,25,297,9.03954802259887,2.5423728813559325,6.497175141242938,90.96045197740112,7.062146892655368,83.89830508474576
E00188381,364,29,7,22,335,17,318,7.967032967032966,1.9230769230769231,6.043956043956044,92.03296703296702,4.670329670329671,87.36263736263736
E00188383,325,36,12,24,289,21,268,11.076923076923077,3.6923076923076925,7.384615384615385,88.92307692307693,6.461538461538462,82.46153846153847
E00188386,348,15,7,8,333,16,317,4.310344827586207,2.0114942528735633,2.2988505747126435,95.6896551724138,4.597701149425287,91.0919540229885
E00188387,374,28,5,23,346,27,319,7.4866310160427805,1.3368983957219251,6.149732620320856,92.51336898395722,7.219251336898395,85.29411764705883
E00188389,338,27,12,15,311,29,282,7.988165680473373,3.5502958579881656,4.437869822485207,92.01183431952663,8.579881656804734,83.4319526627219
E00188390,332,23,5,18,309,13,296,6.927710843373494,1.5060240963855422,5.421686746987952,93.07228915662651,3.91566265060241,89.1566265060241
E00188393,510,23,9,14,487,29,458,4.509803921568627,1.7647058823529411,2.7450980392156863,95.49019607843138,5.686274509803922,89.80392156862746
E00188394,310,50,28,22,260,15,245,16.129032258064516,9.032258064516128,7.096774193548387,83.87096774193549,4.838709677419355,79.03225806451613
E00188395,349,17,0,17,332,17,315,4.871060171919771,0,4.871060171919771,95.12893982808023,4.871060171919771,90.25787965616045
E00188397,343,26,7,19,317,14,303,7.580174927113703,2.0408163265306123,5.539358600583091,92.4198250728863,4.081632653061225,88.33819241982506
E00188399,338,29,9,20,309,19,290,8.579881656804734,2.6627218934911245,5.9171597633136095,91.42011834319527,5.621301775147929,85.79881656804734
E00188400,377,21,4,17,356,20,336,5.570291777188329,1.0610079575596816,4.509283819628647,94.42970822281167,5.305039787798409,89.12466843501326
E00188402,1710,229,32,197,1481,141,1340,13.391812865497077,1.8713450292397662,11.52046783625731,86.60818713450293,8.24561403508772,78.3625730994152
E00188404,311,41,11,30,270,26,244,13.183279742765272,3.536977491961415,9.646302250803858,86.81672025723472,8.360128617363344,78.45659163987139
E00188405,204,32,7,25,172,13,159,15.686274509803921,3.431372549019608,12.254901960784313,84.31372549019608,6.372549019607843,77.94117647058823
E00188412,335,22,8,14,313,22,291,6.567164179104477,2.3880597014925375,4.179104477611941,93.43283582089552,6.567164179104477,86.86567164179104
E00188415,303,51,21,30,252,24,228,16.831683168316832,6.9306930693069315,9.900990099009901,83.16831683168317,7.920792079207921,75.24752475247524
E00188417,324,47,18,29,277,14,263,14.506172839506174,5.555555555555555,8.950617283950617,85.49382716049382,4.320987654320987,81.17283950617285
E00188419,355,21,6,15,334,16,318,5.915492957746479,1.6901408450704223,4.225352112676056,94.08450704225352,4.507042253521127,89.5774647887324
E00188420,275,14,0,14,261,26,235,5.090909090909091,0,5.090909090909091,94.9090909090909,9.454545454545455,85.45454545454545
E00188424,411,43,14,29,368,23,345,10.46228710462287,3.40632603406326,7.0559610705596105,89.53771289537713,5.59610705596107,83.94160583941606
E00188425,346,38,9,29,308,23,285,10.982658959537572,2.601156069364162,8.38150289017341,89.01734104046243,6.6473988439306355,82.36994219653178
E00188426,366,29,14,15,337,20,317,7.923497267759563,3.825136612021858,4.098360655737705,92.07650273224044,5.46448087431694,86.6120218579235
E00188430,369,15,5,10,354,20,334,4.0650406504065035,1.3550135501355014,2.710027100271003,95.9349593495935,5.420054200542006,90.5149051490515
E00188434,296,30,6,24,266,32,234,10.135135135135135,2.027027027027027,8.108108108108109,89.86486486486487,10.81081081081081,79.05405405405406
E00188437,362,43,19,24,319,10,309,11.878453038674033,5.248618784530387,6.629834254143646,88.12154696132598,2.7624309392265194,85.35911602209944
E00188440,307,16,5,11,291,30,261,5.211726384364821,1.6286644951140066,3.5830618892508146,94.78827361563518,9.77198697068404,85.01628664495115
E00188445,306,25,6,19,281,25,256,8.169934640522875,1.9607843137254901,6.209150326797386,91.83006535947712,8.169934640522875,83.66013071895425
E00188447,336,31,7,24,305,13,292,9.226190476190476,2.083333333333333,7.142857142857142,90.77380952380952,3.869047619047619,86.90476190476191
E00188448,347,26,5,21,321,24,297,7.492795389048991,1.440922190201729,6.051873198847262,92.507204610951,6.9164265129683,85.5907780979827
E00188449,356,17,2,15,339,31,308,4.775280898876404,0.5617977528089888,4.213483146067416,95.2247191011236,8.707865168539326,86.51685393258427
E00188451,384,17,3,14,367,29,338,4.427083333333334,0.78125,3.6458333333333335,95.57291666666666,7.552083333333333,88.02083333333334
E00188455,186,32,13,19,154,14,140,17.20430107526882,6.989247311827956,10.21505376344086,82.79569892473118,7.526881720430108,75.26881720430107
E00188461,340,27,6,21,313,29,284,7.941176470588235,1.7647058823529411,6.176470588235294,92.05882352941175,8.529411764705882,83.52941176470588
E00188465,323,15,1,14,308,21,287,4.643962848297214,0.30959752321981426,4.3343653250774,95.3560371517028,6.5015479876160995,88.85448916408669
E00188469,344,28,11,17,316,21,295,8.13953488372093,3.1976744186046515,4.941860465116279,91.86046511627907,6.104651162790697,85.75581395348837
E00188472,267,22,3,19,245,24,221,8.239700374531834,1.1235955056179776,7.116104868913857,91.76029962546816,8.98876404494382,82.77153558052434
E00188473,262,40,15,25,222,21,201,15.267175572519085,5.7251908396946565,9.541984732824428,84.7328244274809,8.015267175572518,76.7175572519084
E00188474,348,68,51,17,280,23,257,19.54022988505747,14.655172413793101,4.885057471264368,80.45977011494253,6.609195402298851,73.85057471264368
E00188475,417,39,14,25,378,20,358,9.352517985611511,3.357314148681055,5.995203836930456,90.64748201438849,4.796163069544365,85.85131894484412
E00188476,378,27,3,24,351,24,327,7.142857142857142,0.7936507936507936,6.349206349206349,92.85714285714286,6.349206349206349,86.5079365079365
E00188477,122,21,5,16,101,10,91,17.21311475409836,4.098360655737705,13.114754098360656,82.78688524590164,8.19672131147541,74.59016393442623
E00188479,356,37,6,31,319,22,297,10.393258426966293,1.6853932584269662,8.707865168539326,89.60674157303372,6.179775280898876,83.42696629213484
E00188481,370,47,7,40,323,27,296,12.702702702702704,1.891891891891892,10.81081081081081,87.29729729729729,7.297297297297297,80
E00188482,334,27,7,20,307,19,288,8.08383233532934,2.095808383233533,5.9880239520958085,91.91616766467065,5.688622754491018,86.22754491017965
E00188486,345,16,4,12,329,22,307,4.63768115942029,1.1594202898550725,3.4782608695652173,95.3623188405797,6.3768115942028984,88.98550724637681
E00188490,345,38,14,24,307,36,271,11.014492753623188,4.057971014492753,6.956521739130435,88.98550724637681,10.434782608695652,78.55072463768116
E00188493,355,64,31,33,291,20,271,18.028169014084508,8.732394366197182,9.295774647887324,81.97183098591549,5.633802816901409,76.33802816901408
E00188497,284,38,9,29,246,22,224,13.380281690140844,3.169014084507042,10.211267605633804,86.61971830985915,7.746478873239436,78.87323943661971
E00188498,323,23,6,17,300,27,273,7.120743034055728,1.8575851393188854,5.263157894736842,92.87925696594426,8.359133126934983,84.52012383900929
E00188500,319,21,5,16,298,20,278,6.583072100313479,1.5673981191222568,5.015673981191222,93.41692789968651,6.269592476489027,87.14733542319749
E00188502,313,30,10,20,283,18,265,9.584664536741213,3.1948881789137378,6.3897763578274756,90.41533546325878,5.7507987220447285,84.66453674121406
E00188503,324,27,10,17,297,27,270,8.333333333333332,3.0864197530864197,5.246913580246913,91.66666666666666,8.333333333333332,83.33333333333334
E00188508,347,39,12,27,308,19,289,11.239193083573488,3.45821325648415,7.780979827089338,88.76080691642652,5.475504322766571,83.28530259365994
E00188516,378,32,8,24,346,24,322,8.465608465608465,2.1164021164021163,6.349206349206349,91.53439153439153,6.349206349206349,85.18518518518519
E00188517,242,19,5,14,223,26,197,7.851239669421488,2.066115702479339,5.785123966942149,92.14876033057851,10.743801652892563,81.40495867768594
E00188519,280,40,13,27,240,21,219,14.285714285714285,4.642857142857143,9.642857142857144,85.71428571428571,7.5,78.21428571428571
E00188523,424,54,22,32,370,31,339,12.735849056603774,5.188679245283019,7.547169811320755,87.26415094339622,7.311320754716981,79.95283018867924
E00188525,405,30,10,20,375,34,341,7.4074074074074066,2.4691358024691357,4.938271604938271,92.5925925925926,8.395061728395062,84.19753086419753
E00188527,238,23,10,13,215,22,193,9.663865546218489,4.201680672268908,5.46218487394958,90.33613445378151,9.243697478991598,81.09243697478992
E00188529,271,48,14,34,223,25,198,17.712177121771216,5.166051660516605,12.546125461254611,82.28782287822878,9.22509225092251,73.06273062730627
E00188530,357,28,11,17,329,21,308,7.8431372549019605,3.081232492997199,4.761904761904762,92.15686274509804,5.88235294117647,86.27450980392157
E00188531,330,39,15,24,291,22,269,11.818181818181818,4.545454545454546,7.2727272727272725,88.18181818181819,6.666666666666667,81.51515151515152
E00188533,180,16,5,11,164,11,153,8.88888888888889,2.7777777777777777,6.111111111111111,91.11111111111111,6.111111111111111,85
E00188536,421,38,19,19,383,25,358,9.026128266033254,4.513064133016627,4.513064133016627,90.97387173396675,5.938242280285035,85.03562945368171
E00188540,352,40,12,28,312,33,279,11.363636363636363,3.4090909090909087,7.954545454545454,88.63636363636364,9.375,79.26136363636364
