OA,ts0590001,ts0590002,ts0590003,ts0590004,ts0590005,ts0590006,ts0590007,ts0590002_PCT,ts0590003_PCT,ts0590004_PCT,ts0590005_PCT,ts0590006_PCT,ts0590007_PCT
E00083858,159,40,16,24,119,103,16,25.157232704402517,10.062893081761008,15.09433962264151,74.84276729559748,64.77987421383648,10.062893081761008
E00083860,202,48,18,30,154,117,37,23.762376237623762,8.91089108910891,14.85148514851485,76.23762376237624,57.920792079207914,18.316831683168317
E00083864,166,44,14,30,122,99,23,26.506024096385545,8.433734939759036,18.072289156626507,73.49397590361446,59.63855421686747,13.855421686746988
E00083865,137,38,12,26,99,78,21,27.73722627737226,8.75912408759124,18.97810218978102,72.26277372262774,56.934306569343065,15.328467153284672
E00083866,128,26,11,15,102,79,23,20.3125,8.59375,11.71875,79.6875,61.71875,17.96875
E00083867,137,41,14,27,96,82,14,29.927007299270077,10.218978102189782,19.708029197080293,70.07299270072993,59.854014598540154,10.218978102189782
E00083868,153,37,17,20,116,100,16,24.183006535947712,11.11111111111111,13.071895424836603,75.81699346405229,65.359477124183,10.457516339869281
E00083869,103,31,17,14,72,56,16,30.097087378640776,16.50485436893204,13.592233009708737,69.90291262135922,54.36893203883495,15.53398058252427
E00083870,220,65,31,34,155,117,38,29.545454545454547,14.09090909090909,15.454545454545453,70.45454545454545,53.18181818181819,17.272727272727273
E00083871,285,64,31,33,221,171,50,22.45614035087719,10.87719298245614,11.578947368421053,77.54385964912281,60,17.543859649122805
E00083872,253,45,11,34,208,179,29,17.786561264822133,4.3478260869565215,13.438735177865613,82.21343873517787,70.7509881422925,11.462450592885375
E00083875,195,56,28,28,139,120,19,28.717948717948715,14.358974358974358,14.358974358974358,71.28205128205128,61.53846153846154,9.7435897435897445
E00083876,216,72,38,34,144,126,18,33.33333333333333,17.59259259259259,15.74074074074074,66.66666666666666,58.333333333333336,8.333333333333332
E00083877,210,67,20,47,143,124,19,31.9047619047619,9.523809523809524,22.380952380952383,68.0952380952381,59.04761904761905,9.047619047619047
E00083878,177,59,18,41,118,106,12,33.33333333333333,10.16949152542373,23.163841807909606,66.66666666666666,59.887005649717516,6.779661016949152
E00083879,198,54,21,33,144,120,24,27.27272727272727,10.606060606060606,16.666666666666664,72.72727272727273,60.60606060606061,12.121212121212121
E00083880,186,71,30,41,115,94,21,38.17204301075269,16.129032258064516,22.043010752688172,61.82795698924731,50.53763440860215,11.29032258064516
E00083881,172,47,22,25,125,106,19,27.325581395348834,12.790697674418606,14.534883720930234,72.67441860465115,61.627906976744185,11.046511627906977
E00083882,191,60,26,34,131,115,16,31.413612565445025,13.612565445026178,17.801047120418847,68.58638743455498,60.20942408376963,8.37696335078534
E00083883,68,17,3,14,51,45,6,25,4.411764705882353,20.588235294117645,75,66.17647058823529,8.823529411764707
E00083884,210,62,25,37,148,121,27,29.523809523809526,11.904761904761903,17.61904761904762,70.47619047619048,57.61904761904761,12.857142857142856
E00083885,207,54,29,25,153,126,27,26.08695652173913,14.009661835748794,12.077294685990339,73.91304347826086,60.86956521739131,13.043478260869565
E00083886,168,56,18,38,112,97,15,33.33333333333333,10.714285714285714,22.61904761904762,66.66666666666666,57.738095238095234,8.928571428571429
E00083887,160,47,15,32,113,97,16,29.375,9.375,20,70.625,60.62499999999999,10
E00083889,138,36,10,26,102,88,14,26.08695652173913,7.246376811594203,18.84057971014493,73.91304347826086,63.76811594202898,10.144927536231885
E00083890,90,30,16,14,60,56,4,33.33333333333333,17.77777777777778,15.555555555555555,66.66666666666666,62.22222222222222,4.444444444444445
E00083891,166,43,16,27,123,102,21,25.903614457831324,9.63855421686747,16.265060240963855,74.09638554216868,61.44578313253012,12.650602409638553
E00083892,168,63,29,34,105,92,13,37.5,17.261904761904763,20.238095238095237,62.5,54.761904761904766,7.738095238095238
E00083893,126,40,18,22,86,77,9,31.746031746031743,14.285714285714285,17.46031746031746,68.25396825396825,61.111111111111114,7.142857142857142
E00083894,114,35,14,21,79,68,11,30.701754385964914,12.280701754385964,18.421052631578945,69.2982456140351,59.64912280701754,9.649122807017543
E00083895,90,25,14,11,65,56,9,27.77777777777778,15.555555555555555,12.222222222222221,72.22222222222221,62.22222222222222,10
E00083896,158,32,12,20,126,105,21,20.253164556962027,7.59493670886076,12.658227848101266,79.74683544303798,66.45569620253164,13.291139240506327
E00083897,172,52,23,29,120,101,19,30.23255813953488,13.372093023255813,16.86046511627907,69.76744186046511,58.720930232558146,11.046511627906977
E00083898,209,52,17,35,157,127,30,24.880382775119617,8.133971291866029,16.74641148325359,75.11961722488039,60.76555023923444,14.354066985645932
E00083899,94,35,14,21,59,53,6,37.234042553191486,14.893617021276595,22.340425531914892,62.76595744680851,56.38297872340425,6.382978723404255
E00083900,102,31,12,19,71,65,6,30.392156862745097,11.76470588235294,18.627450980392158,69.6078431372549,63.725490196078425,5.88235294117647
E00083901,157,44,17,27,113,94,19,28.02547770700637,10.828025477707007,17.197452229299362,71.97452229299363,59.87261146496815,12.101910828025478
E00083902,208,59,18,41,149,120,29,28.365384615384613,8.653846153846153,19.71153846153846,71.63461538461539,57.692307692307686,13.942307692307693
E00083903,289,91,36,55,198,160,38,31.4878892733564,12.45674740484429,19.031141868512112,68.5121107266436,55.36332179930796,13.148788927335639
E00083904,128,39,16,23,89,67,22,30.46875,12.5,17.96875,69.53125,52.34375,17.1875
E00083905,156,46,9,37,110,82,28,29.48717948717949,5.769230769230769,23.717948717948715,70.51282051282051,52.56410256410257,17.94871794871795
E00083906,192,75,36,39,117,90,27,39.0625,18.75,20.3125,60.9375,46.875,14.0625
E00083907,164,51,22,29,113,98,15,31.097560975609756,13.414634146341465,17.682926829268293,68.90243902439023,59.756097560975604,9.146341463414634
E00083908,127,41,20,21,86,70,16,32.28346456692913,15.748031496062993,16.535433070866144,67.71653543307087,55.118110236220474,12.598425196850393
E00083909,144,42,16,26,102,82,20,29.166666666666668,11.11111111111111,18.055555555555554,70.83333333333334,56.94444444444444,13.88888888888889
E00083910,147,41,17,24,106,90,16,27.89115646258503,11.564625850340136,16.3265306122449,72.10884353741497,61.224489795918366,10.884353741496598
E00083911,144,50,17,33,94,85,9,34.72222222222222,11.805555555555555,22.916666666666664,65.27777777777779,59.02777777777778,6.25
E00083912,167,50,14,36,117,102,15,29.94011976047904,8.383233532934131,21.55688622754491,70.05988023952095,61.07784431137725,8.982035928143713
E00083913,153,52,21,31,101,79,22,33.98692810457516,13.725490196078432,20.26143790849673,66.01307189542483,51.633986928104584,14.37908496732026
E00083914,170,59,30,29,111,90,21,34.705882352941174,17.647058823529413,17.058823529411764,65.29411764705883,52.94117647058824,12.352941176470589
E00083915,172,48,17,31,124,109,15,27.906976744186046,9.883720930232558,18.023255813953487,72.09302325581395,63.372093023255815,8.720930232558139
E00083916,176,52,19,33,124,100,24,29.545454545454547,10.795454545454545,18.75,70.45454545454545,56.81818181818182,13.636363636363635
E00083917,176,56,32,24,120,98,22,31.818181818181817,18.181818181818183,13.636363636363635,68.18181818181817,55.68181818181818,12.5
E00083918,185,53,17,36,132,112,20,28.64864864864865,9.18918918918919,19.45945945945946,71.35135135135135,60.54054054054055,10.81081081081081
E00083919,113,33,9,24,80,72,8,29.20353982300885,7.964601769911504,21.238938053097346,70.79646017699115,63.716814159292035,7.079646017699115
E00083920,172,51,22,29,121,108,13,29.651162790697676,12.790697674418606,16.86046511627907,70.34883720930233,62.7906976744186,7.55813953488372
E00083921,162,48,12,36,114,101,13,29.629629629629626,7.4074074074074066,22.22222222222222,70.37037037037037,62.34567901234568,8.024691358024691
E00083922,122,51,25,26,71,60,11,41.80327868852459,20.491803278688526,21.311475409836063,58.19672131147541,49.18032786885246,9.01639344262295
E00083923,133,34,8,26,99,91,8,25.563909774436087,6.015037593984962,19.548872180451127,74.43609022556392,68.42105263157895,6.015037593984962
E00083924,138,40,18,22,98,89,9,28.985507246376812,13.043478260869565,15.942028985507244,71.01449275362319,64.4927536231884,6.521739130434782
E00083925,104,32,20,12,72,61,11,30.76923076923077,19.230769230769234,11.538461538461538,69.23076923076923,58.65384615384615,10.576923076923077
E00083926,123,31,12,19,92,72,20,25.203252032520325,9.75609756097561,15.447154471544716,74.79674796747967,58.536585365853654,16.260162601626014
E00083927,175,49,18,31,126,102,24,28.000000000000004,10.285714285714285,17.71428571428571,72,58.285714285714285,13.714285714285715
E00083929,164,42,16,26,122,105,17,25.609756097560975,9.75609756097561,15.853658536585366,74.39024390243902,64.02439024390245,10.365853658536585
E00083930,156,45,16,29,111,96,15,28.846153846153843,10.256410256410255,18.58974358974359,71.15384615384616,61.53846153846154,9.615384615384617
E00083931,264,84,29,55,180,141,39,31.818181818181817,10.984848484848484,20.833333333333336,68.18181818181817,53.40909090909091,14.772727272727273
E00083932,132,35,15,20,97,83,14,26.515151515151516,11.363636363636363,15.151515151515152,73.48484848484848,62.878787878787875,10.606060606060606
E00083933,160,57,15,42,103,83,20,35.625,9.375,26.25,64.375,51.87500000000001,12.5
E00083934,288,68,39,29,220,171,49,23.61111111111111,13.541666666666666,10.069444444444445,76.38888888888889,59.375,17.01388888888889
E00083935,196,50,21,29,146,124,22,25.510204081632654,10.714285714285714,14.795918367346939,74.48979591836735,63.26530612244898,11.224489795918368
E00083936,305,78,29,49,227,196,31,25.573770491803277,9.508196721311474,16.065573770491802,74.42622950819671,64.26229508196721,10.163934426229508
E00083937,157,42,22,20,115,93,22,26.751592356687897,14.012738853503185,12.738853503184714,73.24840764331209,59.23566878980891,14.012738853503185
E00083938,164,60,29,31,104,87,17,36.58536585365854,17.682926829268293,18.902439024390244,63.41463414634146,53.04878048780488,10.365853658536585
E00083940,140,39,13,26,101,80,21,27.857142857142858,9.285714285714286,18.571428571428573,72.14285714285714,57.14285714285714,15
E00083941,146,42,19,23,104,73,31,28.767123287671232,13.013698630136986,15.753424657534246,71.23287671232876,50,21.232876712328768
E00083942,160,42,18,24,118,100,18,26.25,11.25,15,73.75,62.5,11.25
E00083943,157,42,17,25,115,100,15,26.751592356687897,10.828025477707007,15.92356687898089,73.24840764331209,63.69426751592356,9.554140127388536
E00083944,123,27,9,18,96,77,19,21.951219512195124,7.317073170731707,14.634146341463413,78.04878048780488,62.601626016260155,15.447154471544716
E00083945,173,41,13,28,132,117,15,23.699421965317917,7.514450867052023,16.184971098265898,76.30057803468208,67.63005780346822,8.670520231213873
E00083946,169,34,18,16,135,121,14,20.118343195266274,10.650887573964498,9.467455621301776,79.88165680473372,71.59763313609467,8.284023668639055
E00083947,146,49,28,21,97,80,17,33.56164383561644,19.17808219178082,14.383561643835616,66.43835616438356,54.794520547945204,11.643835616438356
E00083948,173,36,12,24,137,122,15,20.809248554913296,6.9364161849710975,13.872832369942195,79.1907514450867,70.52023121387283,8.670520231213873
E00083949,232,57,22,35,175,146,29,24.568965517241377,9.482758620689655,15.086206896551724,75.43103448275862,62.93103448275862,12.5
E00083950,184,52,16,36,132,114,18,28.26086956521739,8.695652173913043,19.565217391304348,71.73913043478261,61.95652173913043,9.782608695652174
E00083951,166,38,10,28,128,103,25,22.89156626506024,6.024096385542169,16.867469879518072,77.10843373493977,62.048192771084345,15.060240963855422
E00083952,221,52,29,23,169,138,31,23.52941176470588,13.122171945701359,10.407239819004525,76.47058823529412,62.44343891402715,14.027149321266968
E00083953,158,30,10,20,128,107,21,18.9873417721519,6.329113924050633,12.658227848101266,81.0126582278481,67.72151898734177,13.291139240506327
E00083954,164,50,15,35,114,95,19,30.48780487804878,9.146341463414634,21.341463414634145,69.51219512195121,57.92682926829268,11.585365853658537
E00083955,201,56,25,31,145,123,22,27.860696517412936,12.437810945273633,15.422885572139302,72.13930348258707,61.19402985074627,10.945273631840797
E00083956,202,51,18,33,151,140,11,25.247524752475247,8.91089108910891,16.33663366336634,74.75247524752476,69.3069306930693,5.445544554455446
E00083957,220,60,24,36,160,141,19,27.27272727272727,10.909090909090908,16.363636363636363,72.72727272727273,64.0909090909091,8.636363636363637
E00083958,178,42,17,25,136,123,13,23.595505617977526,9.550561797752808,14.04494382022472,76.40449438202246,69.10112359550563,7.303370786516854
E00083959,186,52,15,37,134,113,21,27.956989247311824,8.064516129032258,19.892473118279568,72.04301075268818,60.752688172043015,11.29032258064516
E00083960,184,59,27,32,125,104,21,32.065217391304344,14.673913043478262,17.391304347826086,67.93478260869566,56.52173913043478,11.41304347826087
E00083961,137,33,11,22,104,86,18,24.087591240875913,8.02919708029197,16.05839416058394,75.91240875912408,62.77372262773723,13.138686131386862
E00083963,119,30,7,23,89,70,19,25.210084033613445,5.88235294117647,19.327731092436977,74.78991596638656,58.82352941176471,15.966386554621847
E00083965,102,38,18,20,64,48,16,37.254901960784316,17.647058823529413,19.607843137254903,62.745098039215684,47.05882352941176,15.686274509803921
E00083966,108,25,11,14,83,70,13,23.14814814814815,10.185185185185185,12.962962962962962,76.85185185185185,64.81481481481481,12.037037037037036
E00083967,174,49,15,34,125,114,11,28.160919540229884,8.620689655172415,19.54022988505747,71.83908045977012,65.51724137931035,6.321839080459771
E00083968,156,54,21,33,102,90,12,34.61538461538461,13.461538461538462,21.153846153846153,65.38461538461539,57.692307692307686,7.6923076923076925
E00083969,181,51,20,31,130,110,20,28.176795580110497,11.049723756906078,17.12707182320442,71.8232044198895,60.773480662983424,11.049723756906078
E00083970,152,43,18,25,109,92,17,28.289473684210524,11.842105263157894,16.447368421052634,71.71052631578947,60.526315789473685,11.18421052631579
E00083971,183,57,14,43,126,104,22,31.147540983606557,7.650273224043716,23.497267759562842,68.85245901639344,56.830601092896174,12.021857923497267
E00083972,260,61,29,32,199,175,24,23.46153846153846,11.153846153846155,12.307692307692308,76.53846153846153,67.3076923076923,9.230769230769232
E00083973,123,31,14,17,92,82,10,25.203252032520325,11.38211382113821,13.821138211382115,74.79674796747967,66.66666666666666,8.130081300813007
E00083974,193,49,20,29,144,133,11,25.38860103626943,10.362694300518134,15.025906735751295,74.61139896373057,68.9119170984456,5.699481865284974
E00083975,127,24,6,18,103,91,12,18.89763779527559,4.724409448818897,14.173228346456693,81.10236220472441,71.65354330708661,9.448818897637794
E00083976,174,34,11,23,140,126,14,19.54022988505747,6.321839080459771,13.218390804597702,80.45977011494253,72.41379310344827,8.045977011494253
E00083977,170,34,15,19,136,114,22,20,8.823529411764707,11.176470588235295,80,67.05882352941175,12.941176470588237
E00083978,191,51,21,30,140,124,16,26.701570680628272,10.99476439790576,15.706806282722512,73.29842931937172,64.92146596858639,8.37696335078534
E00083979,142,31,14,17,111,91,20,21.830985915492956,9.859154929577464,11.971830985915492,78.16901408450704,64.08450704225352,14.084507042253522
E00083980,176,53,20,33,123,108,15,30.113636363636363,11.363636363636363,18.75,69.88636363636364,61.36363636363637,8.522727272727272
E00083981,148,46,28,18,102,82,20,31.08108108108108,18.91891891891892,12.162162162162163,68.91891891891892,55.4054054054054,13.513513513513514
E00083982,182,59,27,32,123,87,36,32.417582417582416,14.835164835164836,17.582417582417584,67.58241758241759,47.8021978021978,19.78021978021978
E00083983,149,41,20,21,108,86,22,27.516778523489933,13.422818791946309,14.093959731543624,72.48322147651007,57.71812080536913,14.76510067114094
E00083984,157,32,7,25,125,96,29,20.382165605095544,4.45859872611465,15.92356687898089,79.61783439490446,61.146496815286625,18.471337579617835
E00083985,192,63,20,43,129,103,26,32.8125,10.416666666666668,22.395833333333336,67.1875,53.645833333333336,13.541666666666666
E00083986,177,48,16,32,129,110,19,27.11864406779661,9.03954802259887,18.07909604519774,72.88135593220339,62.14689265536724,10.734463276836157
E00083987,170,47,17,30,123,104,19,27.647058823529413,10,17.647058823529413,72.35294117647058,61.1764705882353,11.176470588235295
E00083988,186,49,17,32,137,112,25,26.344086021505376,9.13978494623656,17.20430107526882,73.65591397849462,60.215053763440864,13.440860215053762
E00083989,182,49,23,26,133,99,34,26.923076923076923,12.637362637362637,14.285714285714285,73.07692307692307,54.395604395604394,18.681318681318682
E00083990,160,48,24,24,112,89,23,30,15,15,70,55.625,14.374999999999998
E00083991,161,35,15,20,126,102,24,21.73913043478261,9.316770186335404,12.422360248447205,78.26086956521739,63.35403726708074,14.906832298136646
E00083992,184,43,21,22,141,111,30,23.369565217391305,11.41304347826087,11.956521739130435,76.63043478260869,60.32608695652174,16.304347826086957
E00083993,165,45,19,26,120,100,20,27.27272727272727,11.515151515151516,15.757575757575756,72.72727272727273,60.60606060606061,12.121212121212121
E00083994,201,53,28,25,148,126,22,26.368159203980102,13.930348258706468,12.437810945273633,73.6318407960199,62.68656716417911,10.945273631840797
E00083995,203,73,31,42,130,91,39,35.960591133004925,15.270935960591133,20.689655172413794,64.03940886699507,44.827586206896555,19.21182266009852
E00083996,128,47,10,37,81,71,10,36.71875,7.8125,28.90625,63.28125,55.46875,7.8125
E00083997,147,38,13,25,109,89,20,25.850340136054424,8.843537414965986,17.006802721088434,74.14965986394559,60.544217687074834,13.60544217687075
E00083998,73,22,9,13,51,45,6,30.136986301369863,12.32876712328767,17.80821917808219,69.86301369863014,61.64383561643836,8.21917808219178
E00083999,147,35,16,19,112,95,17,23.809523809523807,10.884353741496598,12.925170068027212,76.19047619047619,64.62585034013605,11.564625850340136
E00084000,54,19,6,13,35,29,6,35.18518518518518,11.11111111111111,24.074074074074073,64.81481481481481,53.70370370370371,11.11111111111111
E00084002,130,47,11,36,83,61,22,36.15384615384615,8.461538461538462,27.692307692307693,63.84615384615384,46.92307692307692,16.923076923076923
E00084003,129,32,11,21,97,71,26,24.8062015503876,8.527131782945736,16.27906976744186,75.1937984496124,55.03875968992248,20.155038759689923
E00084004,154,41,20,21,113,85,28,26.623376623376622,12.987012987012985,13.636363636363635,73.37662337662337,55.1948051948052,18.181818181818183
E00084005,107,44,16,28,63,47,16,41.1214953271028,14.953271028037381,26.168224299065418,58.87850467289719,43.925233644859816,14.953271028037381
E00084006,144,39,21,18,105,78,27,27.083333333333332,14.583333333333334,12.5,72.91666666666666,54.166666666666664,18.75
E00084007,151,40,16,24,111,90,21,26.490066225165563,10.596026490066226,15.894039735099339,73.50993377483444,59.60264900662252,13.90728476821192
E00084008,197,61,25,36,136,103,33,30.96446700507614,12.690355329949238,18.274111675126903,69.03553299492386,52.28426395939086,16.751269035532996
E00084009,149,37,20,17,112,86,26,24.832214765100673,13.422818791946309,11.409395973154362,75.16778523489933,57.71812080536913,17.449664429530202
E00084010,147,45,14,31,102,80,22,30.612244897959183,9.523809523809524,21.08843537414966,69.38775510204081,54.421768707483,14.965986394557824
E00084011,137,27,13,14,110,100,10,19.708029197080293,9.48905109489051,10.218978102189782,80.2919708029197,72.99270072992701,7.2992700729927
E00084012,183,47,15,32,136,130,6,25.683060109289617,8.19672131147541,17.48633879781421,74.31693989071039,71.03825136612022,3.278688524590164
E00084013,144,36,13,23,108,97,11,25,9.027777777777777,15.972222222222221,75,67.36111111111111,7.638888888888889
E00084014,186,39,15,24,147,128,19,20.967741935483872,8.064516129032258,12.903225806451612,79.03225806451613,68.81720430107528,10.21505376344086
E00084015,219,55,25,30,164,138,26,25.11415525114155,11.415525114155251,13.698630136986301,74.88584474885845,63.013698630136986,11.87214611872146
E00084016,202,55,21,34,147,123,24,27.22772277227723,10.396039603960396,16.831683168316832,72.77227722772277,60.89108910891089,11.881188118811881
E00084017,203,46,15,31,157,128,29,22.660098522167488,7.389162561576355,15.270935960591133,77.33990147783251,63.05418719211823,14.285714285714285
E00084018,142,38,9,29,104,92,12,26.76056338028169,6.338028169014084,20.422535211267608,73.23943661971832,64.7887323943662,8.450704225352112
E00084019,153,37,13,24,116,98,18,24.183006535947712,8.49673202614379,15.686274509803921,75.81699346405229,64.05228758169935,11.76470588235294
E00084020,172,44,23,21,128,112,16,25.581395348837212,13.372093023255813,12.209302325581394,74.4186046511628,65.11627906976744,9.30232558139535
E00084021,171,39,13,26,132,117,15,22.807017543859647,7.602339181286549,15.204678362573098,77.19298245614034,68.42105263157895,8.771929824561402
E00084022,150,25,13,12,125,111,14,16.666666666666664,8.666666666666668,8,83.33333333333334,74,9.333333333333334
E00084023,119,27,12,15,92,78,14,22.689075630252102,10.084033613445378,12.605042016806722,77.31092436974791,65.54621848739495,11.76470588235294
E00084024,142,37,11,26,105,86,19,26.056338028169012,7.746478873239436,18.30985915492958,73.94366197183099,60.56338028169014,13.380281690140844
E00084025,193,56,22,34,137,122,15,29.015544041450774,11.398963730569948,17.616580310880828,70.98445595854922,63.212435233160626,7.772020725388601
E00084026,164,37,19,18,127,100,27,22.5609756097561,11.585365853658537,10.975609756097562,77.4390243902439,60.97560975609756,16.463414634146343
E00084027,161,20,5,15,141,129,12,12.422360248447205,3.1055900621118013,9.316770186335404,87.5776397515528,80.12422360248446,7.453416149068323
E00084028,162,38,14,24,124,107,17,23.456790123456788,8.641975308641975,14.814814814814813,76.5432098765432,66.0493827160494,10.493827160493826
E00084029,159,51,14,37,108,101,7,32.075471698113205,8.80503144654088,23.270440251572328,67.9245283018868,63.52201257861635,4.40251572327044
E00084031,110,22,9,13,88,76,12,20,8.181818181818182,11.818181818181818,80,69.0909090909091,10.909090909090908
E00084032,149,23,5,18,126,110,16,15.436241610738255,3.3557046979865772,12.080536912751679,84.56375838926175,73.8255033557047,10.738255033557047
E00084033,159,36,11,25,123,112,11,22.641509433962266,6.918238993710692,15.723270440251572,77.35849056603774,70.44025157232704,6.918238993710692
E00084034,181,39,19,20,142,123,19,21.54696132596685,10.497237569060774,11.049723756906078,78.45303867403315,67.95580110497238,10.497237569060774
E00084035,141,27,9,18,114,96,18,19.148936170212767,6.382978723404255,12.76595744680851,80.85106382978722,68.08510638297872,12.76595744680851
E00084036,204,54,18,36,150,128,22,26.47058823529412,8.823529411764707,17.647058823529413,73.52941176470588,62.745098039215684,10.784313725490197
E00084037,174,52,19,33,122,106,16,29.88505747126437,10.919540229885058,18.96551724137931,70.11494252873564,60.91954022988506,9.195402298850574
E00084038,167,40,12,28,127,109,18,23.952095808383234,7.18562874251497,16.766467065868262,76.04790419161677,65.26946107784431,10.778443113772456
E00084039,189,49,18,31,140,114,26,25.925925925925924,9.523809523809524,16.402116402116402,74.07407407407408,60.317460317460316,13.756613756613756
E00084040,160,36,9,27,124,103,21,22.5,5.625,16.875,77.5,64.375,13.125
E00084041,146,28,13,15,118,98,20,19.17808219178082,8.904109589041095,10.273972602739725,80.82191780821918,67.12328767123287,13.698630136986301
E00084042,133,34,19,15,99,88,11,25.563909774436087,14.285714285714285,11.278195488721805,74.43609022556392,66.16541353383458,8.270676691729323
E00084043,151,38,16,22,113,97,16,25.165562913907287,10.596026490066226,14.56953642384106,74.83443708609272,64.23841059602648,10.596026490066226
E00084044,160,41,12,29,119,108,11,25.624999999999996,7.5,18.125,74.375,67.5,6.875000000000001
E00084045,155,31,12,19,124,108,16,20,7.741935483870968,12.258064516129032,80,69.6774193548387,10.32258064516129
E00084046,132,27,3,24,105,93,12,20.454545454545457,2.272727272727273,18.181818181818183,79.54545454545455,70.45454545454545,9.090909090909092
E00084047,109,39,16,23,70,55,15,35.77981651376147,14.678899082568808,21.100917431192663,64.22018348623854,50.45871559633027,13.761467889908257
E00084048,197,58,25,33,139,124,15,29.441624365482234,12.690355329949238,16.751269035532996,70.55837563451777,62.944162436548226,7.614213197969544
E00084049,192,54,21,33,138,117,21,28.125,10.9375,17.1875,71.875,60.9375,10.9375
E00084050,122,30,8,22,92,83,9,24.59016393442623,6.557377049180328,18.0327868852459,75.40983606557377,68.0327868852459,7.377049180327869
E00084051,169,60,27,33,109,96,13,35.50295857988166,15.976331360946746,19.526627218934912,64.49704142011834,56.80473372781065,7.6923076923076925
E00084052,217,58,22,36,159,133,26,26.72811059907834,10.138248847926267,16.589861751152075,73.27188940092167,61.29032258064516,11.981566820276496
E00084053,176,43,17,26,133,119,14,24.431818181818183,9.659090909090908,14.772727272727273,75.56818181818183,67.61363636363636,7.954545454545454
E00084054,167,42,16,26,125,110,15,25.149700598802394,9.580838323353294,15.568862275449103,74.8502994011976,65.86826347305389,8.982035928143713
E00084055,130,30,12,18,100,86,14,23.076923076923077,9.230769230769232,13.846153846153847,76.92307692307693,66.15384615384615,10.76923076923077
E00084056,129,35,22,13,94,78,16,27.131782945736433,17.05426356589147,10.077519379844961,72.86821705426357,60.46511627906976,12.4031007751938
E00084057,167,62,31,31,105,91,14,37.12574850299401,18.562874251497004,18.562874251497004,62.874251497005986,54.49101796407185,8.383233532934131
E00084058,145,45,22,23,100,82,18,31.03448275862069,15.172413793103448,15.862068965517242,68.96551724137932,56.55172413793104,12.413793103448276
E00084059,173,58,27,31,115,92,23,33.52601156069364,15.606936416184972,17.91907514450867,66.47398843930635,53.179190751445084,13.294797687861271
E00084060,169,48,22,26,121,106,15,28.402366863905325,13.017751479289942,15.384615384615385,71.59763313609467,62.721893491124256,8.875739644970414
E00084061,184,37,15,22,147,131,16,20.108695652173914,8.152173913043478,11.956521739130435,79.8913043478261,71.19565217391305,8.695652173913043
E00084062,168,40,17,23,128,118,10,23.809523809523807,10.119047619047619,13.690476190476192,76.19047619047619,70.23809523809523,5.952380952380952
E00084063,152,39,15,24,113,103,10,25.657894736842106,9.868421052631579,15.789473684210526,74.3421052631579,67.76315789473685,6.578947368421052
E00084064,95,32,12,20,63,57,6,33.68421052631579,12.631578947368421,21.052631578947366,66.3157894736842,60,6.315789473684211
E00084065,155,39,14,25,116,98,18,25.161290322580644,9.032258064516128,16.129032258064516,74.83870967741936,63.2258064516129,11.612903225806452
E00084066,152,41,16,25,111,96,15,26.973684210526315,10.526315789473683,16.447368421052634,73.02631578947368,63.1578947368421,9.868421052631579
E00084067,164,38,17,21,126,110,16,23.170731707317074,10.365853658536585,12.804878048780488,76.82926829268293,67.07317073170732,9.75609756097561
E00084068,107,30,14,16,77,72,5,28.037383177570092,13.084112149532709,14.953271028037381,71.96261682242991,67.28971962616822,4.672897196261682
E00084069,210,53,30,23,157,114,43,25.238095238095237,14.285714285714285,10.952380952380953,74.76190476190476,54.285714285714285,20.476190476190474
E00084070,175,41,17,24,134,95,39,23.42857142857143,9.714285714285714,13.714285714285715,76.57142857142857,54.285714285714285,22.285714285714285
E00084071,180,46,25,21,134,103,31,25.555555555555554,13.88888888888889,11.666666666666666,74.44444444444444,57.22222222222222,17.22222222222222
E00084072,148,49,24,25,99,73,26,33.108108108108105,16.216216216216218,16.89189189189189,66.8918918918919,49.32432432432432,17.56756756756757
E00084073,161,56,26,30,105,80,25,34.78260869565217,16.149068322981368,18.633540372670808,65.21739130434783,49.68944099378882,15.527950310559005
E00084074,188,54,21,33,134,82,52,28.723404255319153,11.170212765957446,17.5531914893617,71.27659574468085,43.61702127659575,27.659574468085108
E00084075,154,39,15,24,115,89,26,25.324675324675322,9.740259740259742,15.584415584415584,74.67532467532467,57.7922077922078,16.883116883116884
E00084076,171,44,17,27,127,99,28,25.730994152046783,9.941520467836257,15.789473684210526,74.26900584795322,57.89473684210527,16.374269005847953
E00084077,112,25,9,16,87,64,23,22.321428571428573,8.035714285714286,14.285714285714285,77.67857142857143,57.14285714285714,20.535714285714285
E00084078,198,53,19,34,145,129,16,26.767676767676768,9.595959595959595,17.17171717171717,73.23232323232324,65.15151515151516,8.080808080808081
E00084079,172,48,14,34,124,104,20,27.906976744186046,8.13953488372093,19.767441860465116,72.09302325581395,60.46511627906976,11.627906976744185
E00084080,156,34,10,24,122,110,12,21.794871794871796,6.41025641025641,15.384615384615385,78.2051282051282,70.51282051282051,7.6923076923076925
E00084081,167,41,15,26,126,112,14,24.550898203592812,8.982035928143713,15.568862275449103,75.44910179640718,67.06586826347305,8.383233532934131
E00084082,229,72,29,43,157,130,27,31.4410480349345,12.663755458515283,18.777292576419214,68.5589519650655,56.76855895196506,11.790393013100436
E00084083,163,51,20,31,112,105,7,31.28834355828221,12.269938650306749,19.018404907975462,68.71165644171779,64.41717791411043,4.294478527607362
E00084084,268,86,28,58,182,154,28,32.08955223880597,10.44776119402985,21.641791044776117,67.91044776119402,57.46268656716418,10.44776119402985
E00084085,185,57,18,39,128,113,15,30.810810810810814,9.72972972972973,21.08108108108108,69.1891891891892,61.08108108108108,8.108108108108109
E00084086,157,49,16,33,108,94,14,31.210191082802545,10.191082802547772,21.019108280254777,68.78980891719745,59.87261146496815,8.9171974522293
E00084087,188,55,14,41,133,112,21,29.25531914893617,7.446808510638298,21.808510638297875,70.74468085106383,59.57446808510638,11.170212765957446
E00084088,144,40,8,32,104,86,18,27.77777777777778,5.555555555555555,22.22222222222222,72.22222222222221,59.72222222222222,12.5
E00084089,147,38,16,22,109,90,19,25.850340136054424,10.884353741496598,14.965986394557824,74.14965986394559,61.224489795918366,12.925170068027212
E00084091,170,41,14,27,129,115,14,24.11764705882353,8.235294117647058,15.88235294117647,75.88235294117646,67.64705882352942,8.235294117647058
E00084092,163,40,15,25,123,104,19,24.539877300613497,9.202453987730062,15.337423312883436,75.4601226993865,63.80368098159509,11.65644171779141
E00084093,208,40,11,29,168,155,13,19.230769230769234,5.288461538461538,13.942307692307693,80.76923076923077,74.51923076923077,6.25
E00084094,168,38,13,25,130,118,12,22.61904761904762,7.738095238095238,14.880952380952381,77.38095238095238,70.23809523809523,7.142857142857142
E00084095,165,44,18,26,121,101,20,26.666666666666668,10.909090909090908,15.757575757575756,73.33333333333333,61.212121212121204,12.121212121212121
E00084096,231,70,27,43,161,136,25,30.303030303030305,11.688311688311687,18.614718614718615,69.6969696969697,58.87445887445888,10.822510822510822
E00084097,166,50,12,38,116,102,14,30.120481927710845,7.228915662650602,22.89156626506024,69.87951807228916,61.44578313253012,8.433734939759036
E00084098,177,51,16,35,126,113,13,28.8135593220339,9.03954802259887,19.774011299435028,71.1864406779661,63.84180790960452,7.344632768361582
E00084099,149,44,18,26,105,95,10,29.53020134228188,12.080536912751679,17.449664429530202,70.46979865771812,63.758389261744966,6.7114093959731544
E00084100,168,52,26,26,116,94,22,30.952380952380953,15.476190476190476,15.476190476190476,69.04761904761905,55.952380952380956,13.095238095238097
E00084101,68,18,10,8,50,43,7,26.47058823529412,14.705882352941178,11.76470588235294,73.52941176470588,63.23529411764706,10.294117647058822
E00084102,104,37,15,22,67,56,11,35.57692307692308,14.423076923076922,21.153846153846153,64.42307692307693,53.84615384615385,10.576923076923077
E00084103,137,39,21,18,98,88,10,28.467153284671532,15.328467153284672,13.138686131386862,71.53284671532847,64.23357664233576,7.2992700729927
E00084104,98,35,10,25,63,58,5,35.714285714285715,10.204081632653061,25.510204081632654,64.28571428571429,59.183673469387756,5.1020408163265305
E00084105,166,57,21,36,109,96,13,34.33734939759036,12.650602409638553,21.686746987951807,65.66265060240963,57.831325301204814,7.83132530120482
E00084106,135,40,9,31,95,78,17,29.629629629629626,6.666666666666667,22.962962962962962,70.37037037037037,57.77777777777777,12.592592592592592
E00084107,165,44,19,25,121,95,26,26.666666666666668,11.515151515151516,15.151515151515152,73.33333333333333,57.57575757575758,15.757575757575756
E00084108,185,35,14,21,150,129,21,18.91891891891892,7.567567567567568,11.351351351351353,81.08108108108108,69.72972972972973,11.351351351351353
E00084109,178,44,15,29,134,116,18,24.719101123595504,8.426966292134832,16.292134831460675,75.28089887640449,65.1685393258427,10.112359550561797
E00084110,168,37,13,24,131,109,22,22.023809523809522,7.738095238095238,14.285714285714285,77.97619047619048,64.88095238095238,13.095238095238097
E00084111,211,68,30,38,143,126,17,32.22748815165877,14.218009478672986,18.009478672985782,67.77251184834124,59.71563981042654,8.056872037914692
E00084112,155,38,15,23,117,109,8,24.516129032258064,9.67741935483871,14.838709677419354,75.48387096774194,70.3225806451613,5.161290322580645
E00084113,154,36,13,23,118,104,14,23.376623376623375,8.441558441558442,14.935064935064934,76.62337662337663,67.53246753246754,9.090909090909092
E00084114,204,60,31,29,144,122,22,29.411764705882355,15.196078431372548,14.215686274509803,70.58823529411765,59.80392156862745,10.784313725490197
E00084115,139,31,8,23,108,100,8,22.302158273381295,5.755395683453238,16.546762589928058,77.6978417266187,71.94244604316546,5.755395683453238
E00084116,196,56,19,37,140,125,15,28.57142857142857,9.693877551020408,18.877551020408163,71.42857142857143,63.775510204081634,7.653061224489796
E00084118,146,44,14,30,102,79,23,30.136986301369863,9.58904109589041,20.54794520547945,69.86301369863014,54.109589041095894,15.753424657534246
E00084119,168,42,12,30,126,111,15,25,7.142857142857142,17.857142857142858,75,66.07142857142857,8.928571428571429
E00084120,217,53,21,32,164,145,19,24.42396313364055,9.67741935483871,14.746543778801843,75.57603686635944,66.82027649769586,8.755760368663594
E00084121,201,69,40,29,132,107,25,34.32835820895522,19.900497512437813,14.427860696517413,65.67164179104478,53.233830845771145,12.437810945273633
E00084122,219,53,17,36,166,148,18,24.200913242009133,7.76255707762557,16.43835616438356,75.79908675799086,67.57990867579909,8.21917808219178
E00084123,97,27,11,16,70,63,7,27.835051546391753,11.34020618556701,16.49484536082474,72.16494845360825,64.94845360824742,7.216494845360824
E00084124,228,56,25,31,172,145,27,24.561403508771928,10.964912280701753,13.596491228070176,75.43859649122807,63.59649122807017,11.842105263157894
E00084125,172,53,16,37,119,102,17,30.813953488372093,9.30232558139535,21.511627906976745,69.18604651162791,59.30232558139535,9.883720930232558
E00084126,164,43,18,25,121,107,14,26.21951219512195,10.975609756097562,15.24390243902439,73.78048780487805,65.2439024390244,8.536585365853659
E00084127,129,42,15,27,87,79,8,32.55813953488372,11.627906976744185,20.930232558139537,67.44186046511628,61.240310077519375,6.2015503875969
E00084128,170,39,10,29,131,110,21,22.941176470588236,5.88235294117647,17.058823529411764,77.05882352941177,64.70588235294117,12.352941176470589
E00084129,134,37,15,22,97,83,14,27.611940298507463,11.194029850746269,16.417910447761194,72.38805970149254,61.940298507462686,10.44776119402985
E00084130,164,42,21,21,122,107,15,25.609756097560975,12.804878048780488,12.804878048780488,74.39024390243902,65.2439024390244,9.146341463414634
E00084131,178,56,25,31,122,101,21,31.46067415730337,14.04494382022472,17.415730337078653,68.53932584269663,56.74157303370787,11.797752808988763
E00084132,104,35,18,17,69,63,6,33.65384615384615,17.307692307692307,16.346153846153847,66.34615384615384,60.57692307692307,5.769230769230769
E00084133,172,44,15,29,128,108,20,25.581395348837212,8.720930232558139,16.86046511627907,74.4186046511628,62.7906976744186,11.627906976744185
E00084134,101,33,14,19,68,58,10,32.67326732673268,13.861386138613863,18.81188118811881,67.32673267326733,57.42574257425742,9.900990099009901
E00084135,130,34,16,18,96,85,11,26.153846153846157,12.307692307692308,13.846153846153847,73.84615384615385,65.38461538461539,8.461538461538462
E00084136,129,24,8,16,105,92,13,18.6046511627907,6.2015503875969,12.4031007751938,81.3953488372093,71.31782945736434,10.077519379844961
E00084137,238,65,28,37,173,140,33,27.310924369747898,11.76470588235294,15.546218487394958,72.68907563025209,58.82352941176471,13.865546218487395
E00084138,139,35,6,29,104,91,13,25.179856115107913,4.316546762589928,20.863309352517987,74.82014388489209,65.46762589928058,9.352517985611511
E00084139,147,39,16,23,108,95,13,26.53061224489796,10.884353741496598,15.646258503401361,73.46938775510205,64.62585034013605,8.843537414965986
E00084141,159,43,17,26,116,98,18,27.044025157232703,10.69182389937107,16.352201257861633,72.95597484276729,61.63522012578616,11.320754716981133
E00084142,115,44,15,29,71,65,6,38.26086956521739,13.043478260869565,25.217391304347824,61.73913043478261,56.52173913043478,5.217391304347826
E00084143,300,59,21,38,241,188,53,19.666666666666664,7.000000000000001,12.666666666666668,80.33333333333333,62.66666666666667,17.666666666666668
E00084144,181,37,14,23,144,116,28,20.441988950276244,7.734806629834254,12.70718232044199,79.55801104972376,64.08839779005525,15.469613259668508
E00084145,6,2,1,1,4,4,0,33.33333333333333,16.666666666666664,16.666666666666664,66.66666666666666,66.66666666666666,0
E00084146,137,51,19,32,86,72,14,37.22627737226277,13.86861313868613,23.357664233576642,62.77372262773723,52.55474452554745,10.218978102189782
E00084147,161,36,15,21,125,106,19,22.36024844720497,9.316770186335404,13.043478260869565,77.63975155279503,65.83850931677019,11.801242236024844
E00084148,132,38,11,27,94,74,20,28.78787878787879,8.333333333333332,20.454545454545457,71.21212121212122,56.060606060606055,15.151515151515152
E00084149,157,35,13,22,122,101,21,22.29299363057325,8.280254777070063,14.012738853503185,77.70700636942675,64.3312101910828,13.375796178343949
E00084151,138,49,20,29,89,78,11,35.507246376811594,14.492753623188406,21.014492753623188,64.4927536231884,56.52173913043478,7.971014492753622
E00084152,145,38,14,24,107,86,21,26.20689655172414,9.655172413793103,16.551724137931036,73.79310344827587,59.310344827586206,14.482758620689657
E00084153,177,34,16,18,143,122,21,19.2090395480226,9.03954802259887,10.16949152542373,80.7909604519774,68.92655367231639,11.864406779661017
E00084154,129,34,12,22,95,78,17,26.356589147286826,9.30232558139535,17.05426356589147,73.64341085271317,60.46511627906976,13.178294573643413
E00084155,178,48,18,30,130,116,14,26.96629213483146,10.112359550561797,16.853932584269664,73.03370786516854,65.1685393258427,7.865168539325842
E00084156,143,36,17,19,107,81,26,25.174825174825177,11.888111888111888,13.286713286713287,74.82517482517483,56.64335664335665,18.181818181818183
E00084158,122,52,20,32,70,62,8,42.62295081967213,16.39344262295082,26.229508196721312,57.377049180327866,50.81967213114754,6.557377049180328
E00084160,97,42,21,21,55,42,13,43.29896907216495,21.649484536082475,21.649484536082475,56.70103092783505,43.29896907216495,13.402061855670103
E00084161,131,43,25,18,88,70,18,32.82442748091603,19.083969465648856,13.740458015267176,67.17557251908397,53.43511450381679,13.740458015267176
E00084162,170,39,15,24,131,108,23,22.941176470588236,8.823529411764707,14.117647058823529,77.05882352941177,63.52941176470588,13.529411764705882
E00084163,109,32,13,19,77,69,8,29.357798165137616,11.926605504587156,17.431192660550458,70.64220183486239,63.30275229357798,7.339449541284404
E00084164,95,29,15,14,66,51,15,30.526315789473685,15.789473684210526,14.736842105263156,69.47368421052632,53.68421052631579,15.789473684210526
E00084165,123,46,17,29,77,52,25,37.39837398373984,13.821138211382115,23.577235772357724,62.601626016260155,42.27642276422765,20.32520325203252
E00084166,175,57,23,34,118,98,20,32.57142857142858,13.142857142857142,19.428571428571427,67.42857142857143,56.00000000000001,11.428571428571429
E00084167,57,23,14,9,34,29,5,40.35087719298245,24.561403508771928,15.789473684210526,59.64912280701754,50.877192982456144,8.771929824561402
E00084168,127,33,14,19,94,73,21,25.984251968503933,11.023622047244094,14.960629921259844,74.01574803149606,57.48031496062992,16.535433070866144
E00084169,182,41,16,25,141,95,46,22.52747252747253,8.791208791208792,13.736263736263737,77.47252747252747,52.197802197802204,25.274725274725274
E00084170,171,49,22,27,122,86,36,28.654970760233915,12.865497076023392,15.789473684210526,71.34502923976608,50.29239766081871,21.052631578947366
E00084171,134,38,19,19,96,59,37,28.35820895522388,14.17910447761194,14.17910447761194,71.64179104477611,44.02985074626866,27.611940298507463
E00084172,125,34,14,20,91,64,27,27.200000000000003,11.200000000000001,16,72.8,51.2,21.6
E00084173,112,44,17,27,68,58,10,39.285714285714285,15.178571428571427,24.107142857142858,60.71428571428571,51.78571428571429,8.928571428571429
E00084174,112,30,14,16,82,65,17,26.785714285714285,12.5,14.285714285714285,73.21428571428571,58.03571428571429,15.178571428571427
E00084175,148,38,17,21,110,79,31,25.675675675675674,11.486486486486488,14.18918918918919,74.32432432432432,53.37837837837838,20.945945945945947
E00084176,109,28,10,18,81,67,14,25.688073394495415,9.174311926605505,16.51376146788991,74.31192660550458,61.46788990825688,12.844036697247708
E00084177,77,27,12,15,50,37,13,35.064935064935064,15.584415584415584,19.480519480519483,64.93506493506493,48.05194805194805,16.883116883116884
E00084178,169,53,22,31,116,92,24,31.360946745562128,13.017751479289942,18.34319526627219,68.63905325443787,54.437869822485204,14.201183431952662
E00084179,126,33,17,16,93,66,27,26.190476190476193,13.492063492063492,12.698412698412698,73.80952380952381,52.38095238095239,21.428571428571427
E00084180,150,32,12,20,118,98,20,21.333333333333336,8,13.333333333333334,78.66666666666666,65.33333333333333,13.333333333333334
E00084181,141,39,13,26,102,94,8,27.659574468085108,9.219858156028367,18.439716312056735,72.3404255319149,66.66666666666666,5.673758865248227
E00084183,205,51,24,27,154,131,23,24.878048780487806,11.707317073170733,13.170731707317074,75.1219512195122,63.90243902439025,11.219512195121952
E00084184,211,63,24,39,148,120,28,29.85781990521327,11.374407582938389,18.48341232227488,70.14218009478674,56.872037914691944,13.270142180094787
E00084185,162,47,20,27,115,105,10,29.01234567901235,12.345679012345679,16.666666666666664,70.98765432098766,64.81481481481481,6.172839506172839
E00084186,194,37,15,22,157,143,14,19.072164948453608,7.731958762886598,11.34020618556701,80.9278350515464,73.71134020618557,7.216494845360824
E00084187,155,48,24,24,107,96,11,30.967741935483872,15.483870967741936,15.483870967741936,69.03225806451613,61.935483870967744,7.096774193548387
E00084189,176,52,16,36,124,104,20,29.545454545454547,9.090909090909092,20.454545454545457,70.45454545454545,59.09090909090909,11.363636363636363
E00084191,360,57,15,42,303,256,47,15.833333333333332,4.166666666666666,11.666666666666666,84.16666666666667,71.11111111111111,13.055555555555557
E00084195,158,39,15,24,119,105,14,24.68354430379747,9.49367088607595,15.18987341772152,75.31645569620254,66.45569620253164,8.860759493670885
E00084196,202,54,21,33,148,119,29,26.732673267326735,10.396039603960396,16.33663366336634,73.26732673267327,58.91089108910891,14.356435643564355
E00084197,158,35,16,19,123,104,19,22.151898734177212,10.126582278481013,12.025316455696203,77.84810126582279,65.82278481012658,12.025316455696203
E00084198,155,40,15,25,115,100,15,25.806451612903224,9.67741935483871,16.129032258064516,74.19354838709677,64.51612903225806,9.67741935483871
E00084199,145,38,15,23,107,90,17,26.20689655172414,10.344827586206897,15.862068965517242,73.79310344827587,62.06896551724138,11.724137931034482
E00084200,96,40,22,18,56,49,7,41.66666666666667,22.916666666666664,18.75,58.333333333333336,51.041666666666664,7.291666666666667
E00084201,209,60,23,37,149,126,23,28.708133971291865,11.004784688995215,17.703349282296653,71.29186602870813,60.28708133971292,11.004784688995215
E00084203,141,49,19,30,92,86,6,34.751773049645394,13.47517730496454,21.27659574468085,65.24822695035462,60.99290780141844,4.25531914893617
E00084204,190,58,28,30,132,88,44,30.526315789473685,14.736842105263156,15.789473684210526,69.47368421052632,46.31578947368421,23.157894736842106
E00084205,111,33,16,17,78,75,3,29.72972972972973,14.414414414414415,15.315315315315313,70.27027027027027,67.56756756756756,2.7027027027027026
E00084206,141,37,23,14,104,61,43,26.24113475177305,16.312056737588655,9.929078014184398,73.75886524822694,43.262411347517734,30.49645390070922
E00084207,165,48,21,27,117,81,36,29.09090909090909,12.727272727272727,16.363636363636363,70.9090909090909,49.09090909090909,21.818181818181817
E00084208,148,31,17,14,117,87,30,20.945945945945947,11.486486486486488,9.45945945945946,79.05405405405406,58.78378378378378,20.27027027027027
E00084209,160,54,26,28,106,84,22,33.75,16.25,17.5,66.25,52.5,13.750000000000002
E00084210,245,65,23,42,180,154,26,26.53061224489796,9.387755102040817,17.142857142857142,73.46938775510205,62.857142857142854,10.612244897959183
E00084211,157,45,13,32,112,96,16,28.662420382165603,8.280254777070063,20.382165605095544,71.3375796178344,61.146496815286625,10.191082802547772
E00084212,210,45,10,35,165,145,20,21.428571428571427,4.761904761904762,16.666666666666664,78.57142857142857,69.04761904761905,9.523809523809524
E00084213,164,49,24,25,115,101,14,29.878048780487802,14.634146341463413,15.24390243902439,70.1219512195122,61.58536585365854,8.536585365853659
E00084214,163,55,24,31,108,99,9,33.74233128834356,14.723926380368098,19.018404907975462,66.25766871165644,60.73619631901841,5.521472392638037
E00084215,173,37,9,28,136,127,9,21.38728323699422,5.202312138728324,16.184971098265898,78.61271676300578,73.41040462427746,5.202312138728324
E00084216,141,37,15,22,104,95,9,26.24113475177305,10.638297872340425,15.602836879432624,73.75886524822694,67.37588652482269,6.382978723404255
E00084217,110,25,9,16,85,74,11,22.727272727272727,8.181818181818182,14.545454545454545,77.27272727272727,67.27272727272727,10
E00084218,182,52,16,36,130,111,19,28.57142857142857,8.791208791208792,19.78021978021978,71.42857142857143,60.98901098901099,10.43956043956044
E00084219,117,36,15,21,81,75,6,30.76923076923077,12.82051282051282,17.94871794871795,69.23076923076923,64.1025641025641,5.128205128205128
E00084221,151,49,17,32,102,93,9,32.450331125827816,11.258278145695364,21.192052980132452,67.54966887417218,61.58940397350994,5.960264900662252
E00084222,181,51,18,33,130,113,17,28.176795580110497,9.94475138121547,18.23204419889503,71.8232044198895,62.430939226519335,9.392265193370166
E00084223,108,22,7,15,86,79,7,20.37037037037037,6.481481481481481,13.88888888888889,79.62962962962963,73.14814814814815,6.481481481481481
E00084224,176,56,18,38,120,108,12,31.818181818181817,10.227272727272728,21.59090909090909,68.18181818181817,61.36363636363637,6.8181818181818175
E00084225,95,31,7,24,64,58,6,32.631578947368425,7.368421052631578,25.263157894736842,67.36842105263158,61.05263157894737,6.315789473684211
E00084226,77,20,4,16,57,52,5,25.97402597402597,5.194805194805195,20.77922077922078,74.02597402597402,67.53246753246754,6.493506493506493
E00084227,150,37,11,26,113,106,7,24.666666666666668,7.333333333333333,17.333333333333336,75.33333333333333,70.66666666666667,4.666666666666667
E00084228,132,39,17,22,93,80,13,29.545454545454547,12.878787878787879,16.666666666666664,70.45454545454545,60.60606060606061,9.848484848484848
E00084229,137,46,15,31,91,79,12,33.57664233576642,10.948905109489052,22.62773722627737,66.42335766423358,57.66423357664233,8.75912408759124
E00084232,137,47,18,29,90,64,26,34.306569343065696,13.138686131386862,21.16788321167883,65.69343065693431,46.715328467153284,18.97810218978102
E00084233,180,44,23,21,136,100,36,24.444444444444443,12.777777777777777,11.666666666666666,75.55555555555556,55.55555555555556,20
E00084234,144,36,9,27,108,85,23,25,6.25,18.75,75,59.02777777777778,15.972222222222221
E00084235,172,59,20,39,113,89,24,34.30232558139535,11.627906976744185,22.674418604651162,65.69767441860465,51.74418604651163,13.953488372093023
E00084236,74,25,7,18,49,42,7,33.78378378378378,9.45945945945946,24.324324324324326,66.21621621621621,56.75675675675676,9.45945945945946
E00084237,128,30,13,17,98,71,27,23.4375,10.15625,13.28125,76.5625,55.46875,21.09375
E00084238,160,45,12,33,115,88,27,28.125,7.5,20.625,71.875,55.00000000000001,16.875
E00084239,174,53,20,33,121,97,24,30.45977011494253,11.494252873563218,18.96551724137931,69.54022988505747,55.74712643678161,13.793103448275861
E00084240,205,42,21,21,163,145,18,20.48780487804878,10.24390243902439,10.24390243902439,79.51219512195122,70.73170731707317,8.780487804878048
E00084241,212,68,27,41,144,113,31,32.075471698113205,12.735849056603774,19.339622641509436,67.9245283018868,53.301886792452834,14.622641509433961
E00084242,122,28,15,13,94,84,10,22.950819672131146,12.295081967213115,10.655737704918032,77.04918032786885,68.85245901639344,8.19672131147541
E00084243,151,40,16,24,111,93,18,26.490066225165563,10.596026490066226,15.894039735099339,73.50993377483444,61.58940397350994,11.920529801324504
E00084244,140,36,19,17,104,91,13,25.71428571428571,13.571428571428571,12.142857142857142,74.28571428571429,65,9.285714285714286
E00084245,171,45,26,19,126,108,18,26.31578947368421,15.204678362573098,11.11111111111111,73.68421052631578,63.1578947368421,10.526315789473683
E00084246,118,19,9,10,99,85,14,16.101694915254235,7.627118644067797,8.47457627118644,83.89830508474576,72.03389830508475,11.864406779661017
E00084247,163,36,16,20,127,104,23,22.085889570552148,9.815950920245399,12.269938650306749,77.91411042944786,63.80368098159509,14.11042944785276
E00084248,117,34,14,20,83,70,13,29.059829059829063,11.965811965811966,17.094017094017094,70.94017094017094,59.82905982905983,11.11111111111111
E00084249,162,46,18,28,116,105,11,28.39506172839506,11.11111111111111,17.28395061728395,71.60493827160494,64.81481481481481,6.790123456790123
E00084250,140,36,12,24,104,90,14,25.71428571428571,8.571428571428571,17.142857142857142,74.28571428571429,64.28571428571429,10
E00084251,109,25,7,18,84,65,19,22.93577981651376,6.422018348623854,16.51376146788991,77.06422018348624,59.63302752293578,17.431192660550458
E00084252,229,51,15,36,178,149,29,22.270742358078603,6.550218340611353,15.72052401746725,77.72925764192141,65.06550218340611,12.663755458515283
E00084253,173,52,19,33,121,94,27,30.057803468208093,10.982658959537572,19.07514450867052,69.94219653179191,54.33526011560693,15.606936416184972
E00084254,129,48,14,34,81,70,11,37.2093023255814,10.852713178294573,26.356589147286826,62.7906976744186,54.263565891472865,8.527131782945736
E00084255,117,20,7,13,97,78,19,17.094017094017094,5.982905982905983,11.11111111111111,82.90598290598291,66.66666666666666,16.23931623931624
E00084256,156,42,18,24,114,98,16,26.923076923076923,11.538461538461538,15.384615384615385,73.07692307692307,62.82051282051282,10.256410256410255
E00084257,116,26,14,12,90,60,30,22.413793103448278,12.068965517241379,10.344827586206897,77.58620689655173,51.724137931034484,25.862068965517242
E00084258,164,38,17,21,126,101,25,23.170731707317074,10.365853658536585,12.804878048780488,76.82926829268293,61.58536585365854,15.24390243902439
E00084259,158,41,21,20,117,90,27,25.949367088607595,13.291139240506327,12.658227848101266,74.0506329113924,56.9620253164557,17.088607594936708
E00084260,153,33,11,22,120,96,24,21.568627450980394,7.18954248366013,14.37908496732026,78.43137254901961,62.745098039215684,15.686274509803921
E00084261,136,36,13,23,100,79,21,26.47058823529412,9.558823529411764,16.911764705882355,73.52941176470588,58.08823529411765,15.441176470588236
E00084262,142,25,8,17,117,95,22,17.6056338028169,5.633802816901409,11.971830985915492,82.3943661971831,66.90140845070422,15.492957746478872
E00084263,143,52,20,32,91,74,17,36.36363636363637,13.986013986013987,22.377622377622377,63.63636363636363,51.74825174825175,11.888111888111888
E00084264,309,60,18,42,249,205,44,19.41747572815534,5.825242718446602,13.592233009708737,80.58252427184466,66.34304207119742,14.239482200647249
E00084266,188,58,23,35,130,104,26,30.851063829787233,12.23404255319149,18.617021276595743,69.14893617021278,55.319148936170215,13.829787234042554
E00084267,187,46,18,28,141,114,27,24.598930481283425,9.62566844919786,14.973262032085561,75.40106951871658,60.962566844919785,14.43850267379679
E00084268,124,27,7,20,97,79,18,21.774193548387096,5.64516129032258,16.129032258064516,78.2258064516129,63.70967741935484,14.516129032258066
E00084269,138,35,12,23,103,89,14,25.36231884057971,8.695652173913043,16.666666666666664,74.63768115942028,64.4927536231884,10.144927536231885
E00084270,176,44,19,25,132,109,23,25,10.795454545454545,14.204545454545455,75,61.93181818181818,13.068181818181818
E00084271,275,56,19,37,219,188,31,20.363636363636363,6.909090909090909,13.454545454545455,79.63636363636364,68.36363636363636,11.272727272727273
E00084272,153,27,5,22,126,102,24,17.647058823529413,3.2679738562091507,14.37908496732026,82.35294117647058,66.66666666666666,15.686274509803921
E00084273,173,49,22,27,124,97,27,28.32369942196532,12.716763005780345,15.606936416184972,71.67630057803468,56.06936416184971,15.606936416184972
E00084274,144,48,25,23,96,64,32,33.33333333333333,17.36111111111111,15.972222222222221,66.66666666666666,44.44444444444444,22.22222222222222
E00084275,197,46,21,25,151,131,20,23.3502538071066,10.65989847715736,12.690355329949238,76.6497461928934,66.49746192893402,10.152284263959391
E00084276,158,44,21,23,114,84,30,27.848101265822784,13.291139240506327,14.556962025316455,72.15189873417721,53.16455696202531,18.9873417721519
E00084277,211,66,22,44,145,118,27,31.27962085308057,10.42654028436019,20.85308056872038,68.72037914691943,55.92417061611374,12.796208530805686
E00084278,172,37,16,21,135,114,21,21.511627906976745,9.30232558139535,12.209302325581394,78.48837209302324,66.27906976744185,12.209302325581394
E00084279,178,35,17,18,143,116,27,19.662921348314608,9.550561797752808,10.112359550561797,80.33707865168539,65.1685393258427,15.168539325842698
E00084280,106,27,10,17,79,73,6,25.471698113207548,9.433962264150944,16.037735849056602,74.52830188679245,68.86792452830188,5.660377358490567
E00084281,180,48,24,24,132,107,25,26.666666666666668,13.333333333333334,13.333333333333334,73.33333333333333,59.44444444444444,13.88888888888889
E00084282,261,64,23,41,197,170,27,24.521072796934863,8.812260536398467,15.708812260536398,75.47892720306514,65.13409961685824,10.344827586206897
E00084283,125,31,11,20,94,84,10,24.8,8.799999999999999,16,75.2,67.2,8
E00084284,224,58,25,33,166,144,22,25.892857142857146,11.160714285714286,14.732142857142858,74.10714285714286,64.28571428571429,9.821428571428571
E00084285,188,48,23,25,140,114,26,25.53191489361702,12.23404255319149,13.297872340425531,74.46808510638297,60.63829787234043,13.829787234042554
E00084286,148,32,14,18,116,104,12,21.62162162162162,9.45945945945946,12.162162162162163,78.37837837837837,70.27027027027027,8.108108108108109
E00084288,278,62,18,44,216,180,36,22.302158273381295,6.474820143884892,15.827338129496402,77.6978417266187,64.74820143884892,12.949640287769784
E00084289,172,45,16,29,127,116,11,26.16279069767442,9.30232558139535,16.86046511627907,73.83720930232558,67.44186046511628,6.395348837209303
E00084291,218,42,11,31,176,157,19,19.26605504587156,5.045871559633028,14.220183486238533,80.73394495412845,72.01834862385321,8.715596330275229
E00084292,159,42,15,27,117,91,26,26.41509433962264,9.433962264150944,16.9811320754717,73.58490566037736,57.23270440251572,16.352201257861633
E00084293,125,50,15,35,75,64,11,40,12,28.000000000000004,60,51.2,8.799999999999999
E00084294,196,43,12,31,153,129,24,21.93877551020408,6.122448979591836,15.816326530612246,78.06122448979592,65.81632653061224,12.244897959183673
E00084295,245,51,18,33,194,170,24,20.816326530612244,7.346938775510205,13.46938775510204,79.18367346938776,69.38775510204081,9.795918367346939
E00084296,202,56,19,37,146,125,21,27.722772277227726,9.405940594059405,18.316831683168317,72.27722772277228,61.88118811881188,10.396039603960396
E00084297,245,66,31,35,179,142,37,26.93877551020408,12.653061224489795,14.285714285714285,73.06122448979592,57.95918367346938,15.10204081632653
E00084298,243,52,25,27,191,160,31,21.39917695473251,10.2880658436214,11.11111111111111,78.60082304526749,65.84362139917695,12.757201646090536
E00084299,255,67,23,44,188,163,25,26.27450980392157,9.019607843137255,17.254901960784313,73.72549019607844,63.921568627450974,9.803921568627452
E00084300,234,58,21,37,176,152,24,24.786324786324787,8.974358974358974,15.81196581196581,75.21367521367522,64.95726495726495,10.256410256410255
E00084301,98,29,14,15,69,59,10,29.591836734693878,14.285714285714285,15.306122448979592,70.40816326530613,60.204081632653065,10.204081632653061
E00084302,122,51,22,29,71,55,16,41.80327868852459,18.0327868852459,23.770491803278688,58.19672131147541,45.08196721311475,13.114754098360656
E00084303,208,61,31,30,147,116,31,29.326923076923077,14.903846153846153,14.423076923076922,70.67307692307693,55.769230769230774,14.903846153846153
E00084304,165,46,22,24,119,94,25,27.878787878787882,13.333333333333334,14.545454545454545,72.12121212121212,56.96969696969697,15.151515151515152
E00084305,132,44,21,23,88,72,16,33.33333333333333,15.909090909090908,17.424242424242426,66.66666666666666,54.54545454545454,12.121212121212121
E00084306,164,45,20,25,119,94,25,27.439024390243905,12.195121951219512,15.24390243902439,72.5609756097561,57.3170731707317,15.24390243902439
E00084307,165,48,18,30,117,91,26,29.09090909090909,10.909090909090908,18.181818181818183,70.9090909090909,55.15151515151515,15.757575757575756
E00084308,170,60,25,35,110,87,23,35.294117647058826,14.705882352941178,20.588235294117645,64.70588235294117,51.17647058823529,13.529411764705882
E00084309,171,50,19,31,121,99,22,29.239766081871345,11.11111111111111,18.128654970760234,70.76023391812866,57.89473684210527,12.865497076023392
E00084310,111,25,12,13,86,68,18,22.52252252252252,10.81081081081081,11.711711711711711,77.47747747747748,61.261261261261254,16.216216216216218
E00084311,134,36,17,19,98,93,5,26.865671641791046,12.686567164179104,14.17910447761194,73.13432835820896,69.40298507462687,3.731343283582089
E00084312,168,54,27,27,114,92,22,32.142857142857146,16.071428571428573,16.071428571428573,67.85714285714286,54.761904761904766,13.095238095238097
E00084313,137,41,16,25,96,79,17,29.927007299270077,11.678832116788321,18.248175182481752,70.07299270072993,57.66423357664233,12.408759124087592
E00084314,251,52,25,27,199,120,79,20.717131474103585,9.9601593625498,10.756972111553784,79.2828685258964,47.808764940239044,31.47410358565737
E00084315,254,62,24,38,192,157,35,24.409448818897637,9.448818897637794,14.960629921259844,75.59055118110236,61.811023622047244,13.779527559055119
E00084316,208,59,26,33,149,122,27,28.365384615384613,12.5,15.865384615384615,71.63461538461539,58.65384615384615,12.980769230769232
E00084317,151,32,9,23,119,95,24,21.192052980132452,5.960264900662252,15.2317880794702,78.80794701986756,62.913907284768214,15.894039735099339
E00084318,253,53,19,34,200,165,35,20.948616600790515,7.5098814229249005,13.438735177865613,79.05138339920948,65.21739130434783,13.83399209486166
E00084319,194,55,22,33,139,121,18,28.350515463917525,11.34020618556701,17.010309278350515,71.64948453608247,62.371134020618555,9.278350515463918
E00084320,146,32,12,20,114,91,23,21.91780821917808,8.21917808219178,13.698630136986301,78.08219178082192,62.328767123287676,15.753424657534246
E00084321,133,51,25,26,82,66,16,38.34586466165413,18.796992481203006,19.548872180451127,61.65413533834586,49.62406015037594,12.030075187969924
E00084322,140,51,21,30,89,65,24,36.42857142857142,15,21.428571428571427,63.57142857142857,46.42857142857143,17.142857142857142
E00084323,162,43,16,27,119,105,14,26.543209876543212,9.876543209876543,16.666666666666664,73.4567901234568,64.81481481481481,8.641975308641975
E00084324,199,51,25,26,148,120,28,25.628140703517587,12.562814070351758,13.06532663316583,74.37185929648241,60.30150753768844,14.07035175879397
E00167029,72,22,7,15,50,48,2,30.555555555555557,9.722222222222223,20.833333333333336,69.44444444444444,66.66666666666666,2.7777777777777777
E00167030,249,43,13,30,206,178,28,17.269076305220885,5.220883534136546,12.048192771084338,82.73092369477911,71.4859437751004,11.244979919678714
E00167033,264,48,13,35,216,177,39,18.181818181818183,4.924242424242424,13.257575757575758,81.81818181818183,67.04545454545455,14.772727272727273
E00167034,280,57,18,39,223,181,42,20.357142857142858,6.428571428571428,13.928571428571429,79.64285714285714,64.64285714285715,15
E00167035,178,41,11,30,137,112,25,23.03370786516854,6.179775280898876,16.853932584269664,76.96629213483146,62.92134831460674,14.04494382022472
E00167036,98,25,7,18,73,63,10,25.510204081632654,7.142857142857142,18.367346938775512,74.48979591836735,64.28571428571429,10.204081632653061
E00167037,163,45,19,26,118,101,17,27.607361963190186,11.65644171779141,15.950920245398773,72.39263803680981,61.963190184049076,10.429447852760736
E00167038,94,17,6,11,77,66,11,18.085106382978726,6.382978723404255,11.702127659574469,81.91489361702128,70.2127659574468,11.702127659574469
E00167039,97,23,16,7,74,59,15,23.711340206185564,16.49484536082474,7.216494845360824,76.28865979381443,60.824742268041234,15.463917525773196
E00167040,208,28,12,16,180,146,34,13.461538461538462,5.769230769230769,7.6923076923076925,86.53846153846155,70.1923076923077,16.346153846153847
E00167042,197,54,21,33,143,118,25,27.411167512690355,10.65989847715736,16.751269035532996,72.58883248730965,59.89847715736041,12.690355329949238
E00167043,183,43,18,25,140,119,21,23.497267759562842,9.836065573770492,13.661202185792352,76.50273224043715,65.02732240437157,11.475409836065573
E00167044,169,34,13,21,135,113,22,20.118343195266274,7.6923076923076925,12.42603550295858,79.88165680473372,66.86390532544378,13.017751479289942
E00167045,202,31,8,23,171,158,13,15.346534653465346,3.9603960396039604,11.386138613861387,84.65346534653465,78.21782178217822,6.435643564356436
E00167046,165,41,14,27,124,114,10,24.848484848484848,8.484848484848486,16.363636363636363,75.15151515151514,69.0909090909091,6.0606060606060606
E00167047,196,22,9,13,174,144,30,11.224489795918368,4.591836734693878,6.63265306122449,88.77551020408163,73.46938775510205,15.306122448979592
E00167048,257,49,13,36,208,179,29,19.06614785992218,5.058365758754864,14.007782101167315,80.93385214007782,69.64980544747081,11.284046692607005
E00167049,181,36,14,22,145,122,23,19.88950276243094,7.734806629834254,12.154696132596685,80.11049723756905,67.40331491712708,12.70718232044199
E00188338,262,66,26,40,196,132,64,25.190839694656486,9.923664122137405,15.267175572519085,74.80916030534351,50.38167938931297,24.427480916030532
E00188341,121,26,13,13,95,78,17,21.487603305785125,10.743801652892563,10.743801652892563,78.51239669421489,64.46280991735537,14.049586776859504
E00188342,190,21,10,11,169,136,33,11.052631578947368,5.263157894736842,5.7894736842105265,88.94736842105263,71.57894736842105,17.36842105263158
E00188346,205,45,15,30,160,132,28,21.951219512195124,7.317073170731707,14.634146341463413,78.04878048780488,64.39024390243902,13.658536585365855
E00188347,181,31,11,20,150,130,20,17.12707182320442,6.077348066298343,11.049723756906078,82.87292817679558,71.8232044198895,11.049723756906078
E00188349,223,49,23,26,174,147,27,21.973094170403588,10.31390134529148,11.659192825112108,78.02690582959642,65.91928251121077,12.10762331838565
E00188350,203,33,15,18,170,152,18,16.25615763546798,7.389162561576355,8.866995073891626,83.74384236453201,74.8768472906404,8.866995073891626
E00188351,164,25,6,19,139,128,11,15.24390243902439,3.6585365853658534,11.585365853658537,84.7560975609756,78.04878048780488,6.707317073170732
E00188355,146,29,11,18,117,96,21,19.863013698630137,7.534246575342466,12.32876712328767,80.13698630136986,65.75342465753424,14.383561643835616
E00188360,152,40,13,27,112,98,14,26.31578947368421,8.552631578947368,17.763157894736842,73.68421052631578,64.47368421052632,9.210526315789473
E00188364,197,40,16,24,157,134,23,20.304568527918782,8.121827411167512,12.18274111675127,79.69543147208121,68.02030456852792,11.6751269035533
E00188366,189,35,12,23,154,132,22,18.51851851851852,6.349206349206349,12.16931216931217,81.48148148148148,69.84126984126983,11.64021164021164
E00188369,231,33,16,17,198,180,18,14.285714285714285,6.926406926406926,7.35930735930736,85.71428571428571,77.92207792207793,7.792207792207792
E00188370,169,34,14,20,135,116,19,20.118343195266274,8.284023668639055,11.834319526627219,79.88165680473372,68.63905325443787,11.242603550295858
E00188371,176,33,11,22,143,120,23,18.75,6.25,12.5,81.25,68.18181818181817,13.068181818181818
E00188374,199,29,9,20,170,139,31,14.572864321608039,4.522613065326634,10.050251256281408,85.42713567839196,69.84924623115577,15.577889447236181
E00188379,201,47,22,25,154,128,26,23.383084577114428,10.945273631840797,12.437810945273633,76.61691542288557,63.681592039801,12.935323383084576
E00188381,185,35,12,23,150,132,18,18.91891891891892,6.486486486486487,12.432432432432433,81.08108108108108,71.35135135135135,9.72972972972973
E00188383,187,47,12,35,140,120,20,25.13368983957219,6.417112299465241,18.71657754010695,74.8663101604278,64.171122994652407,10.695187165775401
E00188386,189,32,12,20,157,143,14,16.93121693121693,6.349206349206349,10.582010582010582,83.06878306878306,75.66137566137566,7.4074074074074066
E00188387,218,51,18,33,167,146,21,23.394495412844037,8.256880733944955,15.137614678899084,76.60550458715596,66.97247706422019,9.63302752293578
E00188389,177,32,13,19,145,132,13,18.07909604519774,7.344632768361582,10.734463276836157,81.92090395480226,74.57627118644068,7.344632768361582
E00188390,208,34,9,25,174,154,20,16.346153846153847,4.326923076923077,12.01923076923077,83.65384615384616,74.03846153846155,9.615384615384617
E00188393,256,46,26,20,210,190,20,17.96875,10.15625,7.8125,82.03125,74.21875,7.8125
E00188394,141,29,8,21,112,95,17,20.56737588652482,5.673758865248227,14.893617021276595,79.43262411347519,67.37588652482269,12.056737588652481
E00188395,234,27,10,17,207,178,29,11.538461538461538,4.273504273504273,7.264957264957266,88.46153846153845,76.06837606837607,12.393162393162394
E00188397,217,33,11,22,184,162,22,15.207373271889402,5.0691244239631335,10.138248847926267,84.7926267281106,74.65437788018433,10.138248847926267
E00188399,191,47,18,29,144,117,27,24.60732984293194,9.424083769633508,15.18324607329843,75.39267015706807,61.25654450261781,14.136125654450263
E00188400,202,51,18,33,151,131,20,25.247524752475247,8.91089108910891,16.33663366336634,74.75247524752476,64.85148514851485,9.900990099009901
E00188402,354,255,193,62,99,71,28,72.03389830508475,54.51977401129944,17.51412429378531,27.966101694915253,20.056497175141246,7.909604519774012
E00188404,159,37,18,19,122,103,19,23.270440251572328,11.320754716981133,11.949685534591195,76.72955974842768,64.77987421383648,11.949685534591195
E00188405,109,35,19,16,74,62,12,32.11009174311927,17.431192660550458,14.678899082568808,67.88990825688074,56.88073394495413,11.009174311926607
E00188412,205,37,16,21,168,145,23,18.048780487804876,7.804878048780488,10.24390243902439,81.95121951219512,70.73170731707317,11.219512195121952
E00188415,155,30,8,22,125,114,11,19.35483870967742,5.161290322580645,14.193548387096774,80.64516129032258,73.54838709677419,7.096774193548387
E00188417,168,37,13,24,131,111,20,22.023809523809522,7.738095238095238,14.285714285714285,77.97619047619048,66.07142857142857,11.904761904761903
E00188419,197,41,14,27,156,142,14,20.812182741116754,7.1065989847715745,13.705583756345177,79.18781725888326,72.08121827411168,7.1065989847715745
E00188420,183,33,12,21,150,124,26,18.0327868852459,6.557377049180328,11.475409836065573,81.9672131147541,67.75956284153006,14.207650273224044
E00188424,233,41,16,25,192,138,54,17.59656652360515,6.866952789699571,10.72961373390558,82.40343347639485,59.227467811158796,23.17596566523605
E00188425,199,44,14,30,155,135,20,22.110552763819097,7.035175879396985,15.07537688442211,77.88944723618091,67.8391959798995,10.050251256281408
E00188426,204,29,4,25,175,151,24,14.215686274509803,1.9607843137254901,12.254901960784313,85.7843137254902,74.01960784313727,11.76470588235294
E00188430,213,36,8,28,177,157,20,16.901408450704224,3.755868544600939,13.145539906103288,83.09859154929578,73.70892018779342,9.389671361502346
E00188434,142,53,23,30,89,73,16,37.32394366197183,16.19718309859155,21.12676056338028,62.676056338028175,51.40845070422535,11.267605633802818
E00188437,165,26,8,18,139,120,19,15.757575757575756,4.848484848484849,10.909090909090908,84.24242424242424,72.72727272727273,11.515151515151516
E00188440,182,34,9,25,148,121,27,18.681318681318682,4.945054945054945,13.736263736263737,81.31868131868131,66.48351648351648,14.835164835164836
E00188445,189,52,18,34,137,108,29,27.513227513227513,9.523809523809524,17.989417989417987,72.4867724867725,57.14285714285714,15.343915343915343
E00188447,182,39,12,27,143,116,27,21.428571428571427,6.593406593406594,14.835164835164836,78.57142857142857,63.73626373626373,14.835164835164836
E00188448,177,50,23,27,127,104,23,28.24858757062147,12.994350282485875,15.254237288135593,71.75141242937853,58.75706214689266,12.994350282485875
E00188449,213,34,12,22,179,155,24,15.96244131455399,5.633802816901409,10.328638497652582,84.03755868544602,72.76995305164318,11.267605633802818
E00188451,219,35,13,22,184,166,18,15.981735159817351,5.93607305936073,10.045662100456621,84.01826484018264,75.79908675799086,8.21917808219178
E00188455,102,23,11,12,79,73,6,22.54901960784314,10.784313725490197,11.76470588235294,77.45098039215686,71.56862745098039,5.88235294117647
E00188461,211,54,17,37,157,134,23,25.59241706161137,8.056872037914692,17.535545023696685,74.40758293838863,63.507109004739334,10.90047393364929
E00188465,184,34,7,27,150,127,23,18.478260869565215,3.804347826086957,14.673913043478262,81.52173913043478,69.02173913043478,12.5
E00188469,161,40,11,29,121,106,15,24.84472049689441,6.832298136645963,18.012422360248447,75.15527950310559,65.83850931677019,9.316770186335404
E00188472,168,28,11,17,140,122,18,16.666666666666664,6.547619047619048,10.119047619047619,83.33333333333334,72.61904761904762,10.714285714285714
E00188473,119,34,11,23,85,77,8,28.57142857142857,9.243697478991598,19.327731092436977,71.42857142857143,64.70588235294117,6.722689075630252
E00188474,154,32,14,18,122,99,23,20.77922077922078,9.090909090909092,11.688311688311687,79.22077922077922,64.28571428571429,14.935064935064934
E00188475,182,41,16,25,141,122,19,22.52747252747253,8.791208791208792,13.736263736263737,77.47252747252747,67.03296703296702,10.43956043956044
E00188476,207,38,15,23,169,150,19,18.357487922705314,7.246376811594203,11.11111111111111,81.64251207729468,72.46376811594203,9.178743961352657
E00188477,50,8,1,7,42,31,11,16,2,14.000000000000002,84,62,22
E00188479,197,43,10,33,154,134,20,21.82741116751269,5.0761421319796955,16.751269035532996,78.1725888324873,68.02030456852792,10.152284263959391
E00188481,176,60,20,40,116,96,20,34.090909090909086,11.363636363636363,22.727272727272727,65.9090909090909,54.54545454545454,11.363636363636363
E00188482,192,34,14,20,158,132,26,17.708333333333336,7.291666666666667,10.416666666666668,82.29166666666666,68.75,13.541666666666666
E00188486,207,28,13,15,179,153,26,13.526570048309178,6.280193236714976,7.246376811594203,86.47342995169082,73.91304347826086,12.560386473429952
E00188490,158,41,11,30,117,105,12,25.949367088607595,6.962025316455696,18.9873417721519,74.0506329113924,66.45569620253164,7.59493670886076
E00188493,177,41,12,29,136,110,26,23.163841807909606,6.779661016949152,16.38418079096045,76.8361581920904,62.14689265536724,14.689265536723164
E00188497,166,38,8,30,128,107,21,22.89156626506024,4.819277108433735,18.072289156626507,77.10843373493977,64.45783132530121,12.650602409638553
E00188498,191,30,14,16,161,130,31,15.706806282722512,7.329842931937172,8.37696335078534,84.29319371727748,68.06282722513089,16.230366492146597
E00188500,206,35,11,24,171,149,22,16.990291262135923,5.339805825242718,11.650485436893204,83.00970873786407,72.33009708737865,10.679611650485436
E00188502,191,41,16,25,150,129,21,21.465968586387437,8.37696335078534,13.089005235602095,78.53403141361257,67.5392670157068,10.99476439790576
E00188503,173,43,19,24,130,105,25,24.85549132947977,10.982658959537572,13.872832369942195,75.14450867052022,60.69364161849711,14.450867052023122
E00188508,181,34,6,28,147,128,19,18.784530386740332,3.314917127071823,15.469613259668508,81.21546961325967,70.71823204419888,10.497237569060774
E00188516,184,42,13,29,142,124,18,22.82608695652174,7.065217391304348,15.760869565217392,77.17391304347827,67.3913043478261,9.782608695652174
E00188517,147,35,10,25,112,89,23,23.809523809523807,6.802721088435375,17.006802721088434,76.19047619047619,60.544217687074834,15.646258503401361
E00188519,143,45,16,29,98,81,17,31.46853146853147,11.188811188811188,20.27972027972028,68.53146853146853,56.64335664335665,11.888111888111888
E00188523,220,56,13,43,164,140,24,25.454545454545453,5.909090909090909,19.545454545454547,74.54545454545455,63.63636363636363,10.909090909090908
E00188525,223,57,26,31,166,142,24,25.56053811659193,11.659192825112108,13.901345291479823,74.43946188340807,63.67713004484305,10.762331838565023
E00188527,144,21,10,11,123,111,12,14.583333333333334,6.944444444444445,7.638888888888889,85.41666666666666,77.08333333333334,8.333333333333332
E00188529,134,38,16,22,96,79,17,28.35820895522388,11.940298507462686,16.417910447761194,71.64179104477611,58.95522388059702,12.686567164179104
E00188530,182,27,7,20,155,123,32,14.835164835164836,3.8461538461538463,10.989010989010989,85.16483516483517,67.58241758241759,17.582417582417584
E00188531,160,50,21,29,110,87,23,31.25,13.125,18.125,68.75,54.37499999999999,14.374999999999998
E00188533,133,15,7,8,118,105,13,11.278195488721805,5.263157894736842,6.015037593984962,88.7218045112782,78.94736842105263,9.774436090225564
E00188536,226,54,14,40,172,142,30,23.893805309734514,6.1946902654867255,17.699115044247787,76.10619469026548,62.83185840707964,13.274336283185843
E00188540,160,44,22,22,116,96,20,27.500000000000004,13.750000000000002,13.750000000000002,72.5,60,12.5
