OA,ts0590001,ts0590002,ts0590003,ts0590004,ts0590005,ts0590006,ts0590007,ts0590002_PCT,ts0590003_PCT,ts0590004_PCT,ts0590005_PCT,ts0590006_PCT,ts0590007_PCT
E00092332,136,45,20,25,91,72,19,33.088235294117645,14.705882352941178,18.38235294117647,66.91176470588235,52.94117647058824,13.970588235294118
E00092333,173,64,35,29,109,76,33,36.99421965317919,20.23121387283237,16.76300578034682,63.005780346820806,43.93063583815029,19.07514450867052
E00092334,119,42,10,32,77,64,13,35.294117647058826,8.403361344537815,26.89075630252101,64.70588235294117,53.78151260504202,10.92436974789916
E00092335,115,26,13,13,89,66,23,22.608695652173914,11.304347826086957,11.304347826086957,77.39130434782608,57.391304347826086,20
E00092336,134,35,10,25,99,77,22,26.119402985074625,7.462686567164178,18.65671641791045,73.88059701492537,57.46268656716418,16.417910447761194
E00092337,72,26,8,18,46,41,5,36.11111111111111,11.11111111111111,25,63.888888888888886,56.94444444444444,6.944444444444445
E00092338,191,62,24,38,129,95,34,32.460732984293195,12.56544502617801,19.895287958115183,67.5392670157068,49.73821989528796,17.801047120418847
E00092339,162,67,16,51,95,88,7,41.358024691358025,9.876543209876543,31.48148148148148,58.64197530864198,54.32098765432099,4.320987654320987
E00092340,141,51,21,30,90,81,9,36.17021276595745,14.893617021276595,21.27659574468085,63.829787234042556,57.446808510638306,6.382978723404255
E00092341,125,47,11,36,78,64,14,37.6,8.799999999999999,28.799999999999997,62.4,51.2,11.200000000000001
E00092342,159,51,15,36,108,96,12,32.075471698113205,9.433962264150944,22.641509433962266,67.9245283018868,60.37735849056604,7.547169811320755
E00092343,130,39,9,30,91,76,15,30,6.923076923076923,23.076923076923077,70,58.46153846153847,11.538461538461538
E00092344,110,53,22,31,57,49,8,48.18181818181818,20,28.18181818181818,51.81818181818182,44.54545454545455,7.2727272727272725
E00092345,125,48,13,35,77,71,6,38.4,10.4,28.000000000000004,61.6,56.8,4.8
E00092346,133,47,16,31,86,78,8,35.338345864661655,12.030075187969924,23.308270676691727,64.66165413533834,58.64661654135338,6.015037593984962
E00092347,110,44,13,31,66,54,12,40,11.818181818181818,28.18181818181818,60,49.09090909090909,10.909090909090908
E00092348,169,64,21,43,105,87,18,37.8698224852071,12.42603550295858,25.443786982248522,62.1301775147929,51.4792899408284,10.650887573964498
E00092349,128,55,16,39,73,66,7,42.96875,12.5,30.46875,57.03125,51.5625,5.46875
E00092350,120,43,7,36,77,73,4,35.833333333333336,5.833333333333333,30,64.16666666666667,60.83333333333333,3.3333333333333335
E00092351,141,55,14,41,86,75,11,39.00709219858156,9.929078014184398,29.078014184397162,60.99290780141844,53.191489361702125,7.801418439716312
E00092352,150,49,17,32,101,89,12,32.666666666666664,11.333333333333332,21.333333333333336,67.33333333333333,59.333333333333336,8
E00092353,131,52,15,37,79,73,6,39.69465648854962,11.450381679389313,28.24427480916031,60.30534351145038,55.72519083969466,4.580152671755725
E00092354,156,63,19,44,93,84,9,40.38461538461539,12.179487179487179,28.205128205128204,59.61538461538461,53.84615384615385,5.769230769230769
E00092355,111,39,13,26,72,66,6,35.13513513513514,11.711711711711711,23.423423423423422,64.86486486486487,59.45945945945946,5.405405405405405
E00092356,120,47,14,33,73,63,10,39.166666666666664,11.666666666666666,27.500000000000004,60.83333333333333,52.5,8.333333333333332
E00092357,139,44,12,32,95,80,15,31.654676258992804,8.633093525179856,23.021582733812952,68.34532374100719,57.55395683453237,10.79136690647482
E00092358,150,50,14,36,100,86,14,33.33333333333333,9.333333333333334,24,66.66666666666666,57.333333333333336,9.333333333333334
E00092359,98,29,11,18,69,68,1,29.591836734693878,11.224489795918368,18.367346938775512,70.40816326530613,69.38775510204081,1.0204081632653061
E00092360,107,30,9,21,77,67,10,28.037383177570092,8.411214953271028,19.626168224299064,71.96261682242991,62.616822429906534,9.345794392523365
E00092361,156,49,13,36,107,92,15,31.41025641025641,8.333333333333332,23.076923076923077,68.58974358974359,58.97435897435898,9.615384615384617
E00092362,64,24,11,13,40,40,0,37.5,17.1875,20.3125,62.5,62.5,0
E00092363,130,48,8,40,82,72,10,36.92307692307693,6.153846153846154,30.76923076923077,63.07692307692307,55.38461538461539,7.6923076923076925
E00092364,161,69,21,48,92,81,11,42.857142857142854,13.043478260869565,29.81366459627329,57.14285714285714,50.31055900621118,6.832298136645963
E00092365,143,42,10,32,101,81,20,29.37062937062937,6.993006993006993,22.377622377622377,70.62937062937063,56.64335664335665,13.986013986013987
E00092366,109,40,11,29,69,65,4,36.69724770642202,10.091743119266056,26.605504587155966,63.30275229357798,59.63302752293578,3.669724770642202
E00092367,111,50,21,29,61,55,6,45.04504504504504,18.91891891891892,26.126126126126124,54.95495495495496,49.549549549549546,5.405405405405405
E00092368,140,50,14,36,90,81,9,35.714285714285715,10,25.71428571428571,64.28571428571429,57.85714285714286,6.428571428571428
E00092369,101,37,9,28,64,59,5,36.633663366336634,8.91089108910891,27.722772277227726,63.366336633663366,58.415841584158414,4.9504950495049505
E00092370,120,34,10,24,86,76,10,28.333333333333332,8.333333333333332,20,71.66666666666667,63.33333333333333,8.333333333333332
E00092371,105,40,13,27,65,62,3,38.095238095238095,12.380952380952381,25.71428571428571,61.904761904761905,59.04761904761905,2.857142857142857
E00092372,107,30,4,26,77,68,9,28.037383177570092,3.7383177570093453,24.299065420560748,71.96261682242991,63.55140186915887,8.411214953271028
E00092373,172,51,16,35,121,111,10,29.651162790697676,9.30232558139535,20.348837209302324,70.34883720930233,64.53488372093024,5.813953488372093
E00092374,157,46,11,35,111,93,18,29.29936305732484,7.006369426751593,22.29299363057325,70.70063694267516,59.23566878980891,11.464968152866243
E00092375,129,41,15,26,88,75,13,31.782945736434108,11.627906976744185,20.155038759689923,68.21705426356588,58.139534883720934,10.077519379844961
E00092376,150,63,25,38,87,78,9,42,16.666666666666664,25.333333333333336,57.99999999999999,52,6
E00092377,103,40,16,24,63,54,9,38.83495145631068,15.53398058252427,23.300970873786408,61.165048543689316,52.42718446601942,8.737864077669903
E00092378,116,39,19,20,77,75,2,33.62068965517241,16.379310344827587,17.24137931034483,66.37931034482759,64.65517241379311,1.7241379310344827
E00092379,163,56,18,38,107,98,9,34.355828220858896,11.042944785276074,23.31288343558282,65.6441717791411,60.122699386503065,5.521472392638037
E00092380,146,47,12,35,99,91,8,32.19178082191781,8.21917808219178,23.972602739726025,67.8082191780822,62.328767123287676,5.47945205479452
E00092381,72,21,6,15,51,43,8,29.166666666666668,8.333333333333332,20.833333333333336,70.83333333333334,59.72222222222222,11.11111111111111
E00092382,84,28,11,17,56,49,7,33.33333333333333,13.095238095238097,20.238095238095237,66.66666666666666,58.333333333333336,8.333333333333332
E00092383,116,40,16,24,76,67,9,34.48275862068966,13.793103448275861,20.689655172413794,65.51724137931035,57.758620689655174,7.758620689655173
E00092384,170,38,19,19,132,110,22,22.35294117647059,11.176470588235295,11.176470588235295,77.64705882352942,64.70588235294117,12.941176470588237
E00092385,177,50,16,34,127,103,24,28.24858757062147,9.03954802259887,19.2090395480226,71.75141242937853,58.19209039548022,13.559322033898304
E00092387,164,101,53,48,63,57,6,61.58536585365854,32.31707317073171,29.268292682926827,38.41463414634146,34.756097560975604,3.6585365853658534
E00092388,75,32,9,23,43,37,6,42.66666666666667,12,30.666666666666664,57.333333333333336,49.333333333333336,8
E00092389,165,39,15,24,126,111,15,23.636363636363637,9.090909090909092,14.545454545454545,76.36363636363637,67.27272727272727,9.090909090909092
E00092392,159,44,16,28,115,104,11,27.67295597484277,10.062893081761008,17.61006289308176,72.32704402515722,65.40880503144653,6.918238993710692
E00092393,214,53,22,31,161,140,21,24.766355140186917,10.2803738317757,14.485981308411214,75.23364485981308,65.42056074766354,9.813084112149532
E00092394,142,35,13,22,107,91,16,24.647887323943664,9.15492957746479,15.492957746478872,75.35211267605634,64.08450704225352,11.267605633802818
E00092395,124,27,13,14,97,86,11,21.774193548387096,10.483870967741936,11.29032258064516,78.2258064516129,69.35483870967742,8.870967741935484
E00092396,75,15,0,15,60,54,6,20,0,20,80,72,8
E00092397,159,49,17,32,110,93,17,30.81761006289308,10.69182389937107,20.125786163522015,69.18238993710692,58.490566037735846,10.69182389937107
E00092398,171,55,19,36,116,98,18,32.16374269005848,11.11111111111111,21.052631578947366,67.83625730994152,57.30994152046783,10.526315789473683
E00092399,64,19,7,12,45,37,8,29.6875,10.9375,18.75,70.3125,57.8125,12.5
E00092400,164,48,15,33,116,93,23,29.268292682926827,9.146341463414634,20.121951219512198,70.73170731707317,56.70731707317073,14.02439024390244
E00092401,91,26,7,19,65,58,7,28.57142857142857,7.6923076923076925,20.87912087912088,71.42857142857143,63.73626373626373,7.6923076923076925
E00092402,172,51,22,29,121,106,15,29.651162790697676,12.790697674418606,16.86046511627907,70.34883720930233,61.627906976744185,8.720930232558139
E00092403,105,27,7,20,78,66,12,25.71428571428571,6.666666666666667,19.047619047619047,74.28571428571429,62.857142857142854,11.428571428571429
E00092404,85,31,9,22,54,47,7,36.470588235294116,10.588235294117647,25.882352941176475,63.52941176470588,55.294117647058826,8.235294117647058
E00092405,103,29,11,18,74,57,17,28.155339805825243,10.679611650485436,17.475728155339805,71.84466019417476,55.33980582524271,16.50485436893204
E00092406,112,29,10,19,83,63,20,25.892857142857146,8.928571428571429,16.964285714285715,74.10714285714286,56.25,17.857142857142858
E00092407,118,36,12,24,82,66,16,30.508474576271187,10.16949152542373,20.33898305084746,69.49152542372882,55.932203389830505,13.559322033898304
E00092408,123,41,11,30,82,68,14,33.33333333333333,8.94308943089431,24.390243902439025,66.66666666666666,55.28455284552846,11.38211382113821
E00092409,151,44,18,26,107,88,19,29.13907284768212,11.920529801324504,17.218543046357617,70.86092715231787,58.27814569536424,12.582781456953644
E00092410,162,42,14,28,120,105,15,25.925925925925924,8.641975308641975,17.28395061728395,74.07407407407408,64.81481481481481,9.25925925925926
E00092411,123,30,3,27,93,87,6,24.390243902439025,2.4390243902439024,21.951219512195124,75.60975609756098,70.73170731707317,4.878048780487805
E00092412,95,31,9,22,64,56,8,32.631578947368425,9.473684210526317,23.157894736842106,67.36842105263158,58.94736842105262,8.421052631578947
E00092413,147,43,19,24,104,86,18,29.25170068027211,12.925170068027212,16.3265306122449,70.74829931972789,58.50340136054422,12.244897959183673
E00092414,136,41,14,27,95,71,24,30.14705882352941,10.294117647058822,19.852941176470587,69.85294117647058,52.20588235294118,17.647058823529413
E00092415,117,37,14,23,80,59,21,31.62393162393162,11.965811965811966,19.65811965811966,68.37606837606837,50.427350427350426,17.94871794871795
E00092416,76,19,9,10,57,44,13,25,11.842105263157894,13.157894736842104,75,57.89473684210527,17.105263157894736
E00092417,100,31,13,18,69,59,10,31,13,18,69,59,10
E00092418,162,54,20,34,108,91,17,33.33333333333333,12.345679012345679,20.98765432098765,66.66666666666666,56.17283950617284,10.493827160493826
E00092419,128,45,25,20,83,67,16,35.15625,19.53125,15.625,64.84375,52.34375,12.5
E00092420,150,47,15,32,103,83,20,31.333333333333336,10,21.333333333333336,68.66666666666667,55.333333333333336,13.333333333333334
E00092421,140,46,19,27,94,76,18,32.857142857142854,13.571428571428571,19.28571428571429,67.14285714285714,54.285714285714285,12.857142857142856
E00092422,111,37,19,18,74,61,13,33.33333333333333,17.117117117117118,16.216216216216218,66.66666666666666,54.95495495495496,11.711711711711711
E00092423,268,89,26,63,179,153,26,33.2089552238806,9.701492537313433,23.507462686567166,66.7910447761194,57.08955223880597,9.701492537313433
E00092424,112,38,14,24,74,57,17,33.92857142857143,12.5,21.428571428571427,66.07142857142857,50.89285714285714,15.178571428571427
E00092425,40,8,0,8,32,25,7,20,0,20,80,62.5,17.5
E00092426,136,44,20,24,92,68,24,32.35294117647059,14.705882352941178,17.647058823529413,67.64705882352942,50,17.647058823529413
E00092427,181,50,17,33,131,108,23,27.624309392265197,9.392265193370166,18.23204419889503,72.37569060773481,59.66850828729282,12.70718232044199
E00092428,208,48,19,29,160,138,22,23.076923076923077,9.134615384615383,13.942307692307693,76.92307692307693,66.34615384615384,10.576923076923077
E00092430,232,64,31,33,168,139,29,27.586206896551722,13.36206896551724,14.224137931034484,72.41379310344827,59.91379310344828,12.5
E00092431,129,32,13,19,97,86,11,24.8062015503876,10.077519379844961,14.728682170542637,75.1937984496124,66.66666666666666,8.527131782945736
E00092434,83,29,12,17,54,47,7,34.93975903614458,14.457831325301203,20.481927710843372,65.06024096385542,56.62650602409639,8.433734939759036
E00092435,59,29,10,19,30,24,6,49.152542372881356,16.94915254237288,32.20338983050847,50.847457627118644,40.67796610169492,10.16949152542373
E00092437,320,91,38,53,229,180,49,28.4375,11.875,16.5625,71.5625,56.25,15.312500000000002
E00092438,277,88,40,48,189,136,53,31.768953068592058,14.440433212996389,17.328519855595665,68.23104693140795,49.09747292418773,19.133574007220215
E00092439,45,16,5,11,29,24,5,35.55555555555556,11.11111111111111,24.444444444444443,64.44444444444444,53.333333333333336,11.11111111111111
E00092440,134,21,9,12,113,80,33,15.671641791044777,6.7164179104477615,8.955223880597014,84.32835820895522,59.70149253731343,24.62686567164179
E00092441,159,36,19,17,123,100,23,22.641509433962266,11.949685534591195,10.69182389937107,77.35849056603774,62.893081761006286,14.465408805031446
E00092442,180,81,49,32,99,92,7,45,27.22222222222222,17.77777777777778,55.00000000000001,51.11111111111111,3.888888888888889
E00092443,169,87,38,49,82,71,11,51.4792899408284,22.485207100591715,28.994082840236686,48.5207100591716,42.01183431952663,6.508875739644971
E00092444,181,52,21,31,129,116,13,28.7292817679558,11.602209944751381,17.12707182320442,71.27071823204419,64.08839779005525,7.18232044198895
E00092447,216,119,68,51,97,89,8,55.092592592592595,31.48148148148148,23.61111111111111,44.907407407407405,41.2037037037037,3.7037037037037033
E00092448,179,43,15,28,136,118,18,24.022346368715084,8.379888268156424,15.64245810055866,75.97765363128491,65.92178770949721,10.05586592178771
E00092449,212,82,48,34,130,115,15,38.67924528301887,22.641509433962266,16.037735849056602,61.32075471698113,54.24528301886793,7.0754716981132075
E00092450,161,49,15,34,112,99,13,30.434782608695656,9.316770186335404,21.11801242236025,69.56521739130434,61.49068322981367,8.074534161490684
E00092453,115,27,12,15,88,82,6,23.47826086956522,10.434782608695652,13.043478260869565,76.52173913043478,71.30434782608695,5.217391304347826
E00092454,65,25,14,11,40,36,4,38.46153846153847,21.53846153846154,16.923076923076923,61.53846153846154,55.38461538461539,6.153846153846154
E00092455,148,39,14,25,109,97,12,26.351351351351347,9.45945945945946,16.89189189189189,73.64864864864865,65.54054054054053,8.108108108108109
E00092456,161,57,22,35,104,91,13,35.40372670807454,13.664596273291925,21.73913043478261,64.59627329192547,56.52173913043478,8.074534161490684
E00092457,161,90,39,51,71,62,9,55.90062111801242,24.22360248447205,31.67701863354037,44.099378881987576,38.50931677018634,5.590062111801243
E00092458,162,90,48,42,72,65,7,55.55555555555556,29.629629629629626,25.925925925925924,44.44444444444444,40.123456790123456,4.320987654320987
E00092459,142,42,18,24,100,78,22,29.577464788732392,12.676056338028168,16.901408450704224,70.4225352112676,54.929577464788736,15.492957746478872
E00092460,101,26,12,14,75,64,11,25.742574257425744,11.881188118811881,13.861386138613863,74.25742574257426,63.366336633663366,10.891089108910892
E00092461,142,45,7,38,97,82,15,31.690140845070424,4.929577464788732,26.76056338028169,68.30985915492957,57.74647887323944,10.56338028169014
E00092462,116,32,13,19,84,63,21,27.586206896551722,11.206896551724139,16.379310344827587,72.41379310344827,54.310344827586206,18.103448275862068
E00092463,179,44,21,23,135,106,29,24.581005586592177,11.731843575418994,12.849162011173185,75.41899441340783,59.217877094972074,16.201117318435752
E00092464,150,49,16,33,101,75,26,32.666666666666664,10.666666666666668,22,67.33333333333333,50,17.333333333333336
E00092465,92,32,14,18,60,53,7,34.78260869565217,15.217391304347828,19.565217391304348,65.21739130434783,57.608695652173914,7.608695652173914
E00092466,87,25,12,13,62,48,14,28.735632183908045,13.793103448275861,14.942528735632186,71.26436781609196,55.172413793103445,16.091954022988507
E00092467,106,36,14,22,70,57,13,33.9622641509434,13.20754716981132,20.754716981132077,66.0377358490566,53.77358490566038,12.264150943396226
E00092468,172,60,17,43,112,100,12,34.883720930232556,9.883720930232558,25,65.11627906976744,58.139534883720934,6.976744186046512
E00092469,158,47,17,30,111,96,15,29.746835443037973,10.759493670886076,18.9873417721519,70.25316455696202,60.75949367088608,9.49367088607595
E00092470,135,32,10,22,103,80,23,23.703703703703706,7.4074074074074066,16.296296296296298,76.29629629629629,59.25925925925925,17.037037037037038
E00092471,129,38,11,27,91,77,14,29.457364341085274,8.527131782945736,20.930232558139537,70.54263565891473,59.68992248062015,10.852713178294573
E00092472,48,10,3,7,38,35,3,20.833333333333336,6.25,14.583333333333334,79.16666666666666,72.91666666666666,6.25
E00092473,140,38,12,26,102,68,34,27.142857142857142,8.571428571428571,18.571428571428573,72.85714285714285,48.57142857142857,24.285714285714285
E00092474,197,52,19,33,145,117,28,26.39593908629442,9.644670050761421,16.751269035532996,73.60406091370558,59.390862944162436,14.213197969543149
E00092475,142,60,23,37,82,55,27,42.25352112676056,16.19718309859155,26.056338028169012,57.74647887323944,38.732394366197184,19.014084507042252
E00092478,70,18,4,14,52,39,13,25.71428571428571,5.714285714285714,20,74.28571428571429,55.714285714285715,18.571428571428573
E00092479,147,39,21,18,108,81,27,26.53061224489796,14.285714285714285,12.244897959183673,73.46938775510205,55.10204081632652,18.367346938775512
E00092480,155,47,19,28,108,74,34,30.32258064516129,12.258064516129032,18.064516129032256,69.6774193548387,47.74193548387097,21.935483870967744
E00092481,223,66,21,45,157,135,22,29.596412556053814,9.417040358744394,20.179372197309416,70.4035874439462,60.53811659192825,9.865470852017937
E00092482,117,37,14,23,80,70,10,31.62393162393162,11.965811965811966,19.65811965811966,68.37606837606837,59.82905982905983,8.547008547008547
E00092485,133,33,11,22,100,86,14,24.81203007518797,8.270676691729323,16.541353383458645,75.18796992481202,64.66165413533834,10.526315789473683
E00092487,221,54,20,34,167,142,25,24.43438914027149,9.049773755656108,15.384615384615385,75.56561085972851,64.25339366515837,11.312217194570136
E00092488,134,30,9,21,104,98,6,22.388059701492537,6.7164179104477615,15.671641791044777,77.61194029850746,73.13432835820896,4.477611940298507
E00092489,110,30,10,20,80,70,10,27.27272727272727,9.090909090909092,18.181818181818183,72.72727272727273,63.63636363636363,9.090909090909092
E00092490,84,26,8,18,58,53,5,30.952380952380953,9.523809523809524,21.428571428571427,69.04761904761905,63.095238095238095,5.952380952380952
E00092491,150,35,5,30,115,99,16,23.333333333333332,3.3333333333333335,20,76.66666666666667,66,10.666666666666668
E00092492,100,31,5,26,69,53,16,31,5,26,69,53,16
E00092493,76,19,6,13,57,45,12,25,7.894736842105263,17.105263157894736,75,59.210526315789465,15.789473684210526
E00092494,106,26,7,19,80,65,15,24.528301886792452,6.60377358490566,17.92452830188679,75.47169811320755,61.32075471698113,14.150943396226415
E00092495,62,17,6,11,45,38,7,27.419354838709676,9.67741935483871,17.741935483870968,72.58064516129032,61.29032258064516,11.29032258064516
E00092496,121,40,17,23,81,50,31,33.057851239669425,14.049586776859504,19.00826446280992,66.94214876033058,41.32231404958678,25.6198347107438
E00092497,78,27,9,18,51,42,9,34.61538461538461,11.538461538461538,23.076923076923077,65.38461538461539,53.84615384615385,11.538461538461538
E00092498,129,49,14,35,80,71,9,37.98449612403101,10.852713178294573,27.131782945736433,62.01550387596899,55.03875968992248,6.976744186046512
E00092499,108,42,14,28,66,62,4,38.88888888888889,12.962962962962962,25.925925925925924,61.111111111111114,57.407407407407405,3.7037037037037033
E00092501,195,52,14,38,143,116,27,26.666666666666668,7.179487179487179,19.48717948717949,73.33333333333333,59.48717948717949,13.846153846153847
E00092502,241,71,19,52,170,145,25,29.460580912863072,7.883817427385892,21.57676348547718,70.53941908713693,60.16597510373444,10.37344398340249
E00092503,153,55,17,38,98,85,13,35.947712418300654,11.11111111111111,24.836601307189543,64.05228758169935,55.55555555555556,8.49673202614379
E00092504,77,21,9,12,56,48,8,27.27272727272727,11.688311688311687,15.584415584415584,72.72727272727273,62.33766233766234,10.38961038961039
E00092505,121,39,20,19,82,65,17,32.231404958677686,16.528925619834713,15.702479338842975,67.76859504132231,53.71900826446281,14.049586776859504
E00092506,169,64,13,51,105,93,12,37.8698224852071,7.6923076923076925,30.17751479289941,62.1301775147929,55.02958579881657,7.100591715976331
E00092507,184,53,7,46,131,106,25,28.804347826086957,3.804347826086957,25,71.19565217391305,57.608695652173914,13.586956521739129
E00092508,125,29,9,20,96,85,11,23.200000000000003,7.199999999999999,16,76.8,68,8.799999999999999
E00092509,110,31,13,18,79,70,9,28.18181818181818,11.818181818181818,16.363636363636363,71.81818181818181,63.63636363636363,8.181818181818182
E00092510,72,20,7,13,52,47,5,27.77777777777778,9.722222222222223,18.055555555555554,72.22222222222221,65.27777777777779,6.944444444444445
E00092511,132,37,13,24,95,78,17,28.030303030303028,9.848484848484848,18.181818181818183,71.96969696969697,59.09090909090909,12.878787878787879
E00092512,181,58,22,36,123,113,10,32.04419889502763,12.154696132596685,19.88950276243094,67.95580110497238,62.430939226519335,5.524861878453039
E00092513,134,31,9,22,103,86,17,23.134328358208954,6.7164179104477615,16.417910447761194,76.86567164179104,64.17910447761194,12.686567164179104
E00092514,149,46,18,28,103,92,11,30.87248322147651,12.080536912751679,18.79194630872483,69.12751677852349,61.74496644295302,7.38255033557047
E00092515,155,48,16,32,107,94,13,30.967741935483872,10.32258064516129,20.64516129032258,69.03225806451613,60.64516129032258,8.38709677419355
E00092516,114,34,17,17,80,74,6,29.82456140350877,14.912280701754385,14.912280701754385,70.17543859649122,64.91228070175438,5.263157894736842
E00092517,86,20,6,14,66,52,14,23.25581395348837,6.976744186046512,16.27906976744186,76.74418604651163,60.46511627906976,16.27906976744186
E00092518,118,41,14,27,77,64,13,34.74576271186441,11.864406779661017,22.88135593220339,65.2542372881356,54.23728813559322,11.016949152542372
E00092519,145,35,11,24,110,100,10,24.137931034482758,7.586206896551724,16.551724137931036,75.86206896551724,68.96551724137932,6.896551724137931
E00092520,152,32,10,22,120,106,14,21.052631578947366,6.578947368421052,14.473684210526317,78.94736842105263,69.73684210526315,9.210526315789473
E00092521,116,33,12,21,83,76,7,28.448275862068968,10.344827586206897,18.103448275862068,71.55172413793103,65.51724137931035,6.0344827586206895
E00092522,140,38,7,31,102,93,9,27.142857142857142,5,22.142857142857142,72.85714285714285,66.42857142857143,6.428571428571428
E00092523,154,34,9,25,120,108,12,22.07792207792208,5.844155844155844,16.233766233766232,77.92207792207793,70.12987012987013,7.792207792207792
E00092524,222,51,20,31,171,154,17,22.972972972972975,9.00900900900901,13.963963963963963,77.02702702702703,69.36936936936937,7.657657657657657
E00092525,163,50,18,32,113,100,13,30.67484662576687,11.042944785276074,19.631901840490798,69.32515337423312,61.34969325153374,7.975460122699387
E00092526,119,34,16,18,85,72,13,28.57142857142857,13.445378151260504,15.126050420168067,71.42857142857143,60.50420168067227,10.92436974789916
E00092527,126,26,10,16,100,86,14,20.634920634920633,7.936507936507936,12.698412698412698,79.36507936507937,68.25396825396825,11.11111111111111
E00092528,166,44,20,24,122,98,24,26.506024096385545,12.048192771084338,14.457831325301203,73.49397590361446,59.036144578313255,14.457831325301203
E00092529,154,34,16,18,120,100,20,22.07792207792208,10.38961038961039,11.688311688311687,77.92207792207793,64.93506493506493,12.987012987012985
E00092530,148,41,18,23,107,94,13,27.7027027027027,12.162162162162163,15.54054054054054,72.2972972972973,63.51351351351351,8.783783783783784
E00092531,215,53,22,31,162,148,14,24.651162790697676,10.232558139534884,14.418604651162791,75.34883720930232,68.83720930232559,6.511627906976744
E00092532,151,47,19,28,104,92,12,31.125827814569533,12.582781456953644,18.543046357615893,68.87417218543047,60.9271523178808,7.9470198675496695
E00092533,195,43,20,23,152,133,19,22.05128205128205,10.256410256410255,11.794871794871794,77.94871794871796,68.2051282051282,9.7435897435897445
E00092534,135,51,19,32,84,70,14,37.77777777777778,14.074074074074074,23.703703703703706,62.22222222222222,51.85185185185185,10.37037037037037
E00092535,180,48,9,39,132,109,23,26.666666666666668,5,21.666666666666668,73.33333333333333,60.55555555555555,12.777777777777777
E00092536,145,36,11,25,109,95,14,24.82758620689655,7.586206896551724,17.24137931034483,75.17241379310344,65.51724137931035,9.655172413793103
E00092537,164,49,16,33,115,92,23,29.878048780487802,9.75609756097561,20.121951219512198,70.1219512195122,56.09756097560976,14.02439024390244
E00092538,166,55,14,41,111,93,18,33.13253012048193,8.433734939759036,24.69879518072289,66.86746987951807,56.024096385542165,10.843373493975903
E00092539,144,54,21,33,90,80,10,37.5,14.583333333333334,22.916666666666664,62.5,55.55555555555556,6.944444444444445
E00092540,170,54,10,44,116,100,16,31.76470588235294,5.88235294117647,25.882352941176475,68.23529411764706,58.82352941176471,9.411764705882353
E00092541,109,27,7,20,82,77,5,24.770642201834864,6.422018348623854,18.34862385321101,75.22935779816514,70.64220183486239,4.587155963302752
E00092542,187,53,20,33,134,105,29,28.342245989304814,10.695187165775401,17.647058823529413,71.65775401069519,56.14973262032086,15.508021390374333
E00092543,105,32,9,23,73,67,6,30.476190476190478,8.571428571428571,21.904761904761905,69.52380952380952,63.8095238095238,5.714285714285714
E00092544,121,39,13,26,82,76,6,32.231404958677686,10.743801652892563,21.487603305785125,67.76859504132231,62.8099173553719,4.958677685950414
E00092545,110,36,13,23,74,68,6,32.72727272727273,11.818181818181818,20.909090909090907,67.27272727272727,61.81818181818181,5.454545454545454
E00092546,124,24,5,19,100,90,10,19.35483870967742,4.032258064516129,15.32258064516129,80.64516129032258,72.58064516129032,8.064516129032258
E00092547,152,59,18,41,93,84,9,38.81578947368421,11.842105263157894,26.973684210526315,61.18421052631579,55.26315789473685,5.921052631578947
E00092549,135,39,11,28,96,81,15,28.888888888888886,8.148148148148149,20.74074074074074,71.11111111111111,60,11.11111111111111
E00092550,164,46,18,28,118,104,14,28.04878048780488,10.975609756097562,17.073170731707318,71.95121951219512,63.41463414634146,8.536585365853659
E00092551,146,45,16,29,101,88,13,30.82191780821918,10.95890410958904,19.863013698630137,69.17808219178082,60.273972602739725,8.904109589041095
E00092552,136,45,16,29,91,68,23,33.088235294117645,11.76470588235294,21.323529411764707,66.91176470588235,50,16.911764705882355
E00092553,134,47,16,31,87,71,16,35.07462686567165,11.940298507462686,23.134328358208954,64.92537313432835,52.98507462686567,11.940298507462686
E00092554,138,49,25,24,89,70,19,35.507246376811594,18.115942028985508,17.391304347826086,64.4927536231884,50.72463768115942,13.768115942028986
E00092555,107,30,13,17,77,60,17,28.037383177570092,12.149532710280374,15.887850467289718,71.96261682242991,56.074766355140184,15.887850467289718
E00092556,135,41,13,28,94,65,29,30.37037037037037,9.62962962962963,20.74074074074074,69.62962962962963,48.148148148148145,21.48148148148148
E00092557,246,74,37,37,172,139,33,30.081300813008134,15.040650406504067,15.040650406504067,69.91869918699187,56.50406504065041,13.414634146341465
E00092558,138,40,14,26,98,72,26,28.985507246376812,10.144927536231885,18.84057971014493,71.01449275362319,52.17391304347826,18.84057971014493
E00092559,112,32,6,26,80,54,26,28.57142857142857,5.357142857142857,23.214285714285715,71.42857142857143,48.214285714285715,23.214285714285715
E00092560,206,55,22,33,151,111,40,26.699029126213592,10.679611650485436,16.019417475728158,73.30097087378641,53.883495145631066,19.41747572815534
E00092561,134,41,20,21,93,68,25,30.597014925373134,14.925373134328357,15.671641791044777,69.40298507462687,50.74626865671642,18.65671641791045
E00092562,132,49,27,22,83,64,19,37.121212121212125,20.454545454545457,16.666666666666664,62.878787878787875,48.484848484848484,14.393939393939394
E00092563,178,60,30,30,118,86,32,33.70786516853933,16.853932584269664,16.853932584269664,66.29213483146067,48.31460674157304,17.97752808988764
E00092564,132,41,11,30,91,79,12,31.060606060606062,8.333333333333332,22.727272727272727,68.93939393939394,59.84848484848485,9.090909090909092
E00092565,138,39,11,28,99,88,11,28.26086956521739,7.971014492753622,20.28985507246377,71.73913043478261,63.76811594202898,7.971014492753622
E00092566,125,43,18,25,82,81,1,34.4,14.399999999999999,20,65.60000000000001,64.8,0.8
E00092567,245,55,19,36,190,166,24,22.448979591836736,7.755102040816326,14.69387755102041,77.55102040816327,67.75510204081633,9.795918367346939
E00092568,142,64,14,50,78,76,2,45.07042253521127,9.859154929577464,35.2112676056338,54.929577464788736,53.52112676056338,1.4084507042253522
E00092569,134,35,10,25,99,91,8,26.119402985074625,7.462686567164178,18.65671641791045,73.88059701492537,67.91044776119402,5.970149253731343
E00092570,176,57,16,41,119,103,16,32.38636363636363,9.090909090909092,23.295454545454543,67.61363636363636,58.52272727272727,9.090909090909092
E00092571,172,54,13,41,118,102,16,31.3953488372093,7.55813953488372,23.837209302325583,68.6046511627907,59.30232558139535,9.30232558139535
E00092572,216,43,21,22,173,154,19,19.90740740740741,9.722222222222223,10.185185185185185,80.0925925925926,71.29629629629629,8.796296296296296
E00092573,146,41,16,25,105,88,17,28.08219178082192,10.95890410958904,17.123287671232877,71.91780821917808,60.273972602739725,11.643835616438356
E00092574,138,41,14,27,97,83,14,29.71014492753623,10.144927536231885,19.565217391304348,70.28985507246377,60.14492753623188,10.144927536231885
E00092575,86,31,6,25,55,50,5,36.04651162790697,6.976744186046512,29.069767441860467,63.95348837209303,58.139534883720934,5.813953488372093
E00092576,173,64,17,47,109,94,15,36.99421965317919,9.826589595375722,27.167630057803464,63.005780346820806,54.33526011560693,8.670520231213873
E00092577,149,46,24,22,103,94,9,30.87248322147651,16.10738255033557,14.76510067114094,69.12751677852349,63.08724832214765,6.0402684563758395
E00092578,73,27,12,15,46,38,8,36.986301369863014,16.43835616438356,20.54794520547945,63.013698630136986,52.054794520547944,10.95890410958904
E00092579,139,48,13,35,91,85,6,34.53237410071942,9.352517985611511,25.179856115107913,65.46762589928058,61.15107913669065,4.316546762589928
E00092580,137,65,25,40,72,65,7,47.44525547445255,18.248175182481752,29.1970802919708,52.55474452554745,47.44525547445255,5.109489051094891
E00092581,158,41,12,29,117,101,16,25.949367088607595,7.59493670886076,18.354430379746837,74.0506329113924,63.92405063291139,10.126582278481013
E00092582,123,34,16,18,89,72,17,27.64227642276423,13.008130081300814,14.634146341463413,72.35772357723577,58.536585365853654,13.821138211382115
E00092583,147,59,23,36,88,79,9,40.136054421768705,15.646258503401361,24.489795918367346,59.863945578231295,53.74149659863946,6.122448979591836
E00092584,123,22,6,16,101,86,15,17.88617886178862,4.878048780487805,13.008130081300814,82.11382113821138,69.91869918699187,12.195121951219512
E00092585,83,26,12,14,57,47,10,31.32530120481928,14.457831325301203,16.867469879518072,68.67469879518072,56.62650602409639,12.048192771084338
E00092586,151,53,23,30,98,78,20,35.099337748344375,15.2317880794702,19.867549668874172,64.90066225165563,51.65562913907284,13.245033112582782
E00092587,95,35,14,21,60,40,20,36.84210526315789,14.736842105263156,22.105263157894736,63.1578947368421,42.10526315789473,21.052631578947366
E00092588,98,26,9,17,72,49,23,26.53061224489796,9.183673469387756,17.346938775510203,73.46938775510205,50,23.46938775510204
E00092589,175,75,33,42,100,67,33,42.857142857142854,18.857142857142858,24,57.14285714285714,38.285714285714285,18.857142857142858
E00092590,252,84,39,45,168,123,45,33.33333333333333,15.476190476190476,17.857142857142858,66.66666666666666,48.80952380952381,17.857142857142858
E00092591,89,29,14,15,60,51,9,32.58426966292135,15.730337078651685,16.853932584269664,67.41573033707866,57.30337078651685,10.112359550561797
E00092592,120,39,8,31,81,65,16,32.5,6.666666666666667,25.833333333333336,67.5,54.166666666666664,13.333333333333334
E00092593,105,47,16,31,58,45,13,44.761904761904766,15.238095238095239,29.523809523809526,55.23809523809524,42.857142857142854,12.380952380952381
E00092594,100,30,5,25,70,59,11,30,5,25,70,59,11
E00092596,105,38,15,23,67,52,15,36.19047619047619,14.285714285714285,21.904761904761905,63.8095238095238,49.523809523809526,14.285714285714285
E00092597,167,48,13,35,119,92,27,28.74251497005988,7.784431137724551,20.958083832335326,71.25748502994011,55.08982035928144,16.16766467065868
E00092598,132,43,17,26,89,67,22,32.57575757575758,12.878787878787879,19.696969696969695,67.42424242424242,50.75757575757576,16.666666666666664
E00092599,187,69,40,29,118,84,34,36.898395721925134,21.390374331550802,15.508021390374333,63.101604278074866,44.919786096256686,18.181818181818183
E00092600,106,34,15,19,72,51,21,32.075471698113205,14.150943396226415,17.92452830188679,67.9245283018868,48.113207547169814,19.81132075471698
E00092601,114,39,12,27,75,54,21,34.21052631578947,10.526315789473683,23.684210526315788,65.78947368421053,47.368421052631575,18.421052631578945
E00092602,111,29,17,12,82,58,24,26.126126126126124,15.315315315315313,10.81081081081081,73.87387387387388,52.25225225225225,21.62162162162162
E00092603,112,31,8,23,81,69,12,27.67857142857143,7.142857142857142,20.535714285714285,72.32142857142857,61.60714285714286,10.714285714285714
E00092604,195,61,23,38,134,96,38,31.28205128205128,11.794871794871794,19.48717948717949,68.71794871794872,49.23076923076923,19.48717948717949
E00092605,144,45,18,27,99,83,16,31.25,12.5,18.75,68.75,57.638888888888886,11.11111111111111
E00092606,112,30,9,21,82,69,13,26.785714285714285,8.035714285714286,18.75,73.21428571428571,61.60714285714286,11.607142857142858
E00092607,134,40,14,26,94,75,19,29.850746268656714,10.44776119402985,19.402985074626866,70.1492537313433,55.970149253731336,14.17910447761194
E00092608,149,45,14,31,104,90,14,30.201342281879196,9.395973154362416,20.80536912751678,69.79865771812081,60.40268456375839,9.395973154362416
E00092609,118,31,14,17,87,63,24,26.27118644067797,11.864406779661017,14.40677966101695,73.72881355932203,53.38983050847458,20.33898305084746
E00092610,125,32,10,22,93,71,22,25.6,8,17.599999999999998,74.4,56.8,17.599999999999998
E00092611,163,54,18,36,109,83,26,33.12883435582822,11.042944785276074,22.085889570552148,66.87116564417178,50.920245398773,15.950920245398773
E00092612,58,20,9,11,38,29,9,34.48275862068966,15.517241379310345,18.96551724137931,65.51724137931035,50,15.517241379310345
E00092613,89,28,11,17,61,37,24,31.46067415730337,12.359550561797752,19.101123595505616,68.53932584269663,41.57303370786517,26.96629213483146
E00092614,205,50,24,26,155,125,30,24.390243902439025,11.707317073170733,12.682926829268293,75.60975609756098,60.97560975609756,14.634146341463413
E00092615,116,32,14,18,84,68,16,27.586206896551722,12.068965517241379,15.517241379310345,72.41379310344827,58.620689655172406,13.793103448275861
E00092617,192,56,18,38,136,129,7,29.166666666666668,9.375,19.791666666666664,70.83333333333334,67.1875,3.6458333333333335
E00092618,159,50,16,34,109,99,10,31.446540880503143,10.062893081761008,21.38364779874214,68.55345911949685,62.264150943396224,6.289308176100629
E00092619,176,46,15,31,130,117,13,26.136363636363637,8.522727272727272,17.613636363636363,73.86363636363636,66.47727272727273,7.386363636363637
E00092620,97,23,8,15,74,61,13,23.711340206185564,8.24742268041237,15.463917525773196,76.28865979381443,62.88659793814433,13.402061855670103
E00092621,90,26,9,17,64,61,3,28.888888888888886,10,18.88888888888889,71.11111111111111,67.77777777777779,3.3333333333333335
E00092622,115,39,14,25,76,68,8,33.91304347826087,12.173913043478262,21.73913043478261,66.08695652173913,59.130434782608695,6.956521739130435
E00092623,152,44,11,33,108,93,15,28.947368421052634,7.236842105263158,21.710526315789476,71.05263157894737,61.18421052631579,9.868421052631579
E00092624,120,39,10,29,81,68,13,32.5,8.333333333333332,24.166666666666668,67.5,56.666666666666664,10.833333333333334
E00092625,228,63,16,47,165,151,14,27.631578947368425,7.017543859649122,20.614035087719298,72.36842105263158,66.22807017543859,6.140350877192982
E00092626,110,34,12,22,76,67,9,30.909090909090907,10.909090909090908,20,69.0909090909091,60.909090909090914,8.181818181818182
E00092627,146,49,17,32,97,77,20,33.56164383561644,11.643835616438356,21.91780821917808,66.43835616438356,52.73972602739726,13.698630136986301
E00092628,192,48,26,22,144,131,13,25,13.541666666666666,11.458333333333332,75,68.22916666666666,6.770833333333333
E00092629,115,35,15,20,80,65,15,30.434782608695656,13.043478260869565,17.391304347826086,69.56521739130434,56.52173913043478,13.043478260869565
E00092630,145,33,12,21,112,87,25,22.758620689655174,8.275862068965518,14.482758620689657,77.24137931034483,60,17.24137931034483
E00092631,150,39,8,31,111,95,16,26,5.333333333333334,20.666666666666668,74,63.33333333333333,10.666666666666668
E00092632,124,43,8,35,81,72,9,34.67741935483871,6.451612903225806,28.225806451612907,65.32258064516128,58.06451612903226,7.258064516129033
E00092633,88,28,7,21,60,51,9,31.818181818181817,7.954545454545454,23.863636363636363,68.18181818181817,57.95454545454546,10.227272727272728
E00092634,93,35,12,23,58,45,13,37.634408602150536,12.903225806451612,24.731182795698924,62.365591397849464,48.38709677419355,13.978494623655912
E00092635,99,33,9,24,66,60,6,33.33333333333333,9.090909090909092,24.242424242424242,66.66666666666666,60.60606060606061,6.0606060606060606
E00092636,74,25,13,12,49,47,2,33.78378378378378,17.56756756756757,16.216216216216218,66.21621621621621,63.51351351351351,2.7027027027027026
E00092637,131,42,14,28,89,75,14,32.06106870229007,10.687022900763358,21.374045801526716,67.93893129770993,57.25190839694656,10.687022900763358
E00092638,121,31,9,22,90,74,16,25.6198347107438,7.43801652892562,18.181818181818183,74.3801652892562,61.15702479338842,13.223140495867769
E00092639,146,43,16,27,103,86,17,29.45205479452055,10.95890410958904,18.493150684931507,70.54794520547945,58.9041095890411,11.643835616438356
E00092640,121,47,16,31,74,71,3,38.84297520661157,13.223140495867769,25.6198347107438,61.15702479338842,58.67768595041323,2.479338842975207
E00092641,81,27,9,18,54,48,6,33.33333333333333,11.11111111111111,22.22222222222222,66.66666666666666,59.25925925925925,7.4074074074074066
E00092642,99,35,8,27,64,58,6,35.35353535353536,8.080808080808081,27.27272727272727,64.64646464646465,58.58585858585859,6.0606060606060606
E00092643,128,42,17,25,86,70,16,32.8125,13.28125,19.53125,67.1875,54.6875,12.5
E00092644,169,50,18,32,119,88,31,29.585798816568047,10.650887573964498,18.93491124260355,70.41420118343196,52.071005917159766,18.34319526627219
E00092645,148,53,22,31,95,78,17,35.810810810810814,14.864864864864865,20.945945945945947,64.1891891891892,52.702702702702695,11.486486486486488
E00092646,132,39,15,24,93,78,15,29.545454545454547,11.363636363636363,18.181818181818183,70.45454545454545,59.09090909090909,11.363636363636363
E00092647,170,63,27,36,107,90,17,37.05882352941177,15.88235294117647,21.176470588235293,62.94117647058823,52.94117647058824,10
E00092648,92,39,15,24,53,42,11,42.391304347826086,16.304347826086957,26.08695652173913,57.608695652173914,45.65217391304348,11.956521739130435
E00092649,134,38,11,27,96,66,30,28.35820895522388,8.208955223880597,20.149253731343283,71.64179104477611,49.25373134328358,22.388059701492537
E00092650,166,57,19,38,109,96,13,34.33734939759036,11.44578313253012,22.89156626506024,65.66265060240963,57.831325301204814,7.83132530120482
E00092651,125,34,7,27,91,78,13,27.200000000000003,5.6000000000000005,21.6,72.8,62.4,10.4
E00092652,123,36,9,27,87,79,8,29.268292682926827,7.317073170731707,21.951219512195124,70.73170731707317,64.22764227642277,6.504065040650407
E00092653,142,37,15,22,105,93,12,26.056338028169012,10.56338028169014,15.492957746478872,73.94366197183099,65.49295774647888,8.450704225352112
E00092654,117,35,8,27,82,73,9,29.914529914529915,6.837606837606838,23.076923076923077,70.08547008547008,62.39316239316239,7.6923076923076925
E00092655,64,25,11,14,39,31,8,39.0625,17.1875,21.875,60.9375,48.4375,12.5
E00092656,94,29,19,10,65,42,23,30.851063829787233,20.212765957446805,10.638297872340425,69.14893617021278,44.680851063829785,24.46808510638298
E00092657,178,64,24,40,114,77,37,35.95505617977528,13.48314606741573,22.47191011235955,64.04494382022472,43.258426966292134,20.786516853932586
E00092659,109,42,14,28,67,56,11,38.53211009174312,12.844036697247708,25.688073394495415,61.46788990825688,51.37614678899083,10.091743119266056
E00092660,71,20,8,12,51,39,12,28.169014084507044,11.267605633802818,16.901408450704224,71.83098591549296,54.929577464788736,16.901408450704224
E00092661,134,37,20,17,97,65,32,27.611940298507463,14.925373134328357,12.686567164179104,72.38805970149254,48.507462686567166,23.88059701492537
E00092662,129,23,5,18,106,79,27,17.829457364341085,3.875968992248062,13.953488372093023,82.17054263565892,61.240310077519375,20.930232558139537
E00092663,133,46,15,31,87,74,13,34.58646616541353,11.278195488721805,23.308270676691727,65.41353383458647,55.639097744360896,9.774436090225564
E00092664,110,36,10,26,74,63,11,32.72727272727273,9.090909090909092,23.636363636363637,67.27272727272727,57.27272727272727,10
E00092665,107,23,7,16,84,72,12,21.49532710280374,6.5420560747663545,14.953271028037381,78.50467289719626,67.28971962616822,11.214953271028037
E00092666,254,70,17,53,184,157,27,27.559055118110237,6.692913385826772,20.866141732283463,72.44094488188976,61.811023622047244,10.62992125984252
E00092667,234,64,27,37,170,138,32,27.350427350427353,11.538461538461538,15.81196581196581,72.64957264957265,58.97435897435898,13.675213675213676
E00092668,162,59,26,33,103,79,24,36.41975308641975,16.049382716049383,20.37037037037037,63.580246913580254,48.76543209876543,14.814814814814813
E00092669,163,51,19,32,112,96,16,31.28834355828221,11.65644171779141,19.631901840490798,68.71165644171779,58.895705521472394,9.815950920245399
E00092670,183,56,28,28,127,100,27,30.601092896174865,15.300546448087433,15.300546448087433,69.39890710382514,54.644808743169406,14.754098360655737
E00092672,127,38,19,19,89,69,20,29.92125984251969,14.960629921259844,14.960629921259844,70.07874015748031,54.330708661417326,15.748031496062993
E00092673,114,29,12,17,85,61,24,25.438596491228072,10.526315789473683,14.912280701754385,74.56140350877193,53.50877192982456,21.052631578947366
E00092674,179,52,22,30,127,80,47,29.05027932960894,12.290502793296088,16.75977653631285,70.94972067039106,44.6927374301676,26.256983240223462
E00092675,124,40,18,22,84,58,26,32.25806451612903,14.516129032258066,17.741935483870968,67.74193548387096,46.774193548387096,20.967741935483872
E00092676,67,15,5,10,52,35,17,22.388059701492537,7.462686567164178,14.925373134328357,77.61194029850746,52.23880597014925,25.37313432835821
E00092677,120,39,13,26,81,54,27,32.5,10.833333333333334,21.666666666666668,67.5,45,22.5
E00092678,172,60,19,41,112,98,14,34.883720930232556,11.046511627906977,23.837209302325583,65.11627906976744,56.97674418604651,8.13953488372093
E00092679,95,24,7,17,71,51,20,25.263157894736842,7.368421052631578,17.894736842105264,74.73684210526315,53.68421052631579,21.052631578947366
E00092680,80,32,12,20,48,40,8,40,15,25,60,50,10
E00092681,92,42,18,24,50,42,8,45.65217391304348,19.565217391304348,26.08695652173913,54.347826086956516,45.65217391304348,8.695652173913043
E00092682,118,34,14,20,84,65,19,28.8135593220339,11.864406779661017,16.94915254237288,71.1864406779661,55.08474576271186,16.101694915254235
E00092683,72,23,8,15,49,35,14,31.944444444444443,11.11111111111111,20.833333333333336,68.05555555555556,48.61111111111111,19.444444444444446
E00092684,180,59,19,40,121,89,32,32.77777777777778,10.555555555555555,22.22222222222222,67.22222222222223,49.44444444444444,17.77777777777778
E00092685,240,63,18,45,177,143,34,26.25,7.5,18.75,73.75,59.583333333333336,14.166666666666666
E00092686,79,29,13,16,50,43,7,36.708860759493675,16.455696202531644,20.253164556962027,63.29113924050633,54.43037974683544,8.860759493670885
E00092687,171,59,27,32,112,89,23,34.50292397660819,15.789473684210526,18.71345029239766,65.49707602339181,52.046783625730995,13.450292397660817
E00092688,61,14,5,9,47,36,11,22.950819672131146,8.19672131147541,14.754098360655737,77.04918032786885,59.01639344262295,18.0327868852459
E00092689,100,40,21,19,60,36,24,40,21,19,60,36,24
E00092690,138,39,18,21,99,69,30,28.26086956521739,13.043478260869565,15.217391304347828,71.73913043478261,50,21.73913043478261
E00092691,87,25,4,21,62,43,19,28.735632183908045,4.597701149425287,24.137931034482758,71.26436781609196,49.42528735632184,21.839080459770116
E00092692,154,51,27,24,103,74,29,33.116883116883116,17.532467532467532,15.584415584415584,66.88311688311688,48.05194805194805,18.83116883116883
E00092693,215,60,30,30,155,115,40,27.906976744186046,13.953488372093023,13.953488372093023,72.09302325581395,53.48837209302325,18.6046511627907
E00092694,137,47,12,35,90,71,19,34.306569343065696,8.75912408759124,25.547445255474454,65.69343065693431,51.82481751824818,13.86861313868613
E00092695,183,54,19,35,129,95,34,29.508196721311474,10.382513661202186,19.12568306010929,70.49180327868852,51.91256830601093,18.579234972677597
E00092696,143,36,21,15,107,89,18,25.174825174825177,14.685314685314685,10.48951048951049,74.82517482517483,62.23776223776224,12.587412587412588
E00092697,193,89,34,55,104,86,18,46.1139896373057,17.616580310880828,28.497409326424872,53.8860103626943,44.559585492227974,9.32642487046632
E00092698,171,56,26,30,115,103,12,32.748538011695906,15.204678362573098,17.543859649122805,67.2514619883041,60.23391812865497,7.017543859649122
E00092699,181,67,16,51,114,109,5,37.01657458563536,8.83977900552486,28.176795580110497,62.98342541436463,60.22099447513812,2.7624309392265194
E00092700,167,49,19,30,118,103,15,29.34131736526946,11.377245508982035,17.964071856287426,70.65868263473054,61.67664670658682,8.982035928143713
E00092701,160,34,11,23,126,108,18,21.25,6.875000000000001,14.374999999999998,78.75,67.5,11.25
E00092702,168,51,20,31,117,92,25,30.357142857142854,11.904761904761903,18.452380952380953,69.64285714285714,54.761904761904766,14.880952380952381
E00092703,125,32,16,16,93,84,9,25.6,12.8,12.8,74.4,67.2,7.199999999999999
E00092704,125,21,5,16,104,85,19,16.8,4,12.8,83.2,68,15.2
E00092705,142,37,11,26,105,86,19,26.056338028169012,7.746478873239436,18.30985915492958,73.94366197183099,60.56338028169014,13.380281690140844
E00092706,120,41,18,23,79,65,14,34.166666666666664,15,19.166666666666668,65.83333333333333,54.166666666666664,11.666666666666666
E00092707,136,45,18,27,91,75,16,33.088235294117645,13.23529411764706,19.852941176470587,66.91176470588235,55.14705882352941,11.76470588235294
E00092708,162,36,8,28,126,110,16,22.22222222222222,4.938271604938271,17.28395061728395,77.77777777777779,67.90123456790124,9.876543209876543
E00092709,157,51,15,36,106,85,21,32.48407643312102,9.554140127388536,22.929936305732486,67.51592356687898,54.14012738853503,13.375796178343949
E00092710,157,40,15,25,117,95,22,25.477707006369428,9.554140127388536,15.92356687898089,74.52229299363057,60.509554140127385,14.012738853503185
E00092711,161,56,16,40,105,100,5,34.78260869565217,9.937888198757763,24.84472049689441,65.21739130434783,62.11180124223602,3.1055900621118013
E00092712,160,47,23,24,113,94,19,29.375,14.374999999999998,15,70.625,58.75,11.875
E00092713,203,57,16,41,146,122,24,28.078817733990146,7.8817733990147785,20.19704433497537,71.92118226600985,60.09852216748769,11.822660098522167
E00092715,129,38,12,26,91,81,10,29.457364341085274,9.30232558139535,20.155038759689923,70.54263565891473,62.7906976744186,7.751937984496124
E00092716,128,38,13,25,90,74,16,29.6875,10.15625,19.53125,70.3125,57.8125,12.5
E00092717,149,42,17,25,107,91,16,28.187919463087248,11.409395973154362,16.778523489932887,71.81208053691275,61.07382550335571,10.738255033557047
E00092718,133,39,10,29,94,80,14,29.32330827067669,7.518796992481203,21.804511278195488,70.67669172932331,60.150375939849624,10.526315789473683
E00092719,102,29,10,19,73,68,5,28.431372549019606,9.803921568627452,18.627450980392158,71.56862745098039,66.66666666666666,4.901960784313726
E00092720,161,58,19,39,103,91,12,36.024844720496894,11.801242236024844,24.22360248447205,63.975155279503106,56.52173913043478,7.453416149068323
E00092721,137,43,13,30,94,85,9,31.386861313868614,9.48905109489051,21.897810218978105,68.61313868613139,62.04379562043796,6.569343065693431
E00092722,125,52,15,37,73,59,14,41.6,12,29.599999999999998,58.4,47.199999999999996,11.200000000000001
E00092723,133,44,19,25,89,77,12,33.08270676691729,14.285714285714285,18.796992481203006,66.9172932330827,57.89473684210527,9.022556390977442
E00092724,97,30,12,18,67,59,8,30.927835051546392,12.371134020618557,18.556701030927837,69.0721649484536,60.824742268041234,8.24742268041237
E00092725,109,28,12,16,81,69,12,25.688073394495415,11.009174311926607,14.678899082568808,74.31192660550458,63.30275229357798,11.009174311926607
E00092726,153,51,18,33,102,93,9,33.33333333333333,11.76470588235294,21.568627450980394,66.66666666666666,60.78431372549019,5.88235294117647
E00092727,137,43,18,25,94,80,14,31.386861313868614,13.138686131386862,18.248175182481752,68.61313868613139,58.3941605839416,10.218978102189782
E00092728,137,50,18,32,87,66,21,36.496350364963504,13.138686131386862,23.357664233576642,63.503649635036496,48.175182481751825,15.328467153284672
E00092729,91,32,10,22,59,53,6,35.16483516483517,10.989010989010989,24.175824175824175,64.83516483516483,58.24175824175825,6.593406593406594
E00092730,112,38,13,25,74,69,5,33.92857142857143,11.607142857142858,22.321428571428573,66.07142857142857,61.60714285714286,4.464285714285714
E00092731,187,49,14,35,138,119,19,26.203208556149733,7.4866310160427805,18.71657754010695,73.79679144385027,63.63636363636363,10.16042780748663
E00092732,152,31,12,19,121,106,15,20.394736842105264,7.894736842105263,12.5,79.60526315789474,69.73684210526315,9.868421052631579
E00092733,135,26,13,13,109,99,10,19.25925925925926,9.62962962962963,9.62962962962963,80.74074074074075,73.33333333333333,7.4074074074074066
E00092734,178,49,15,34,129,108,21,27.52808988764045,8.426966292134832,19.101123595505616,72.47191011235955,60.67415730337079,11.797752808988763
E00092735,96,30,7,23,66,57,9,31.25,7.291666666666667,23.958333333333336,68.75,59.375,9.375
E00092736,142,45,17,28,97,85,12,31.690140845070424,11.971830985915492,19.718309859154928,68.30985915492957,59.859154929577464,8.450704225352112
E00092737,130,38,9,29,92,89,3,29.230769230769234,6.923076923076923,22.30769230769231,70.76923076923077,68.46153846153847,2.307692307692308
E00092738,150,40,11,29,110,93,17,26.666666666666668,7.333333333333333,19.333333333333332,73.33333333333333,62,11.333333333333332
E00092739,169,43,11,32,126,110,16,25.443786982248522,6.508875739644971,18.93491124260355,74.55621301775149,65.08875739644971,9.467455621301776
E00092740,138,38,12,26,100,93,7,27.536231884057973,8.695652173913043,18.84057971014493,72.46376811594203,67.3913043478261,5.072463768115942
E00092741,12,6,2,4,6,5,1,50,16.666666666666664,33.33333333333333,50,41.66666666666667,8.333333333333332
E00092742,163,50,15,35,113,98,15,30.67484662576687,9.202453987730062,21.472392638036812,69.32515337423312,60.122699386503065,9.202453987730062
E00092743,110,26,6,20,84,74,10,23.636363636363637,5.454545454545454,18.181818181818183,76.36363636363637,67.27272727272727,9.090909090909092
E00092744,140,43,17,26,97,78,19,30.714285714285715,12.142857142857142,18.571428571428573,69.28571428571428,55.714285714285715,13.571428571428571
E00092745,134,40,15,25,94,86,8,29.850746268656714,11.194029850746269,18.65671641791045,70.1492537313433,64.17910447761194,5.970149253731343
E00092746,136,51,16,35,85,75,10,37.5,11.76470588235294,25.735294117647058,62.5,55.14705882352941,7.352941176470589
E00092747,134,38,10,28,96,80,16,28.35820895522388,7.462686567164178,20.8955223880597,71.64179104477611,59.70149253731343,11.940298507462686
E00092748,145,42,17,25,103,90,13,28.965517241379313,11.724137931034482,17.24137931034483,71.03448275862068,62.06896551724138,8.96551724137931
E00092749,98,22,9,13,76,66,10,22.448979591836736,9.183673469387756,13.26530612244898,77.55102040816327,67.3469387755102,10.204081632653061
E00092750,187,53,15,38,134,108,26,28.342245989304814,8.0213903743315509,20.32085561497326,71.65775401069519,57.75401069518716,13.903743315508022
E00092751,206,67,25,42,139,108,31,32.5242718446602,12.135922330097088,20.388349514563107,67.47572815533981,52.42718446601942,15.048543689320388
E00092752,146,42,14,28,104,90,14,28.767123287671232,9.58904109589041,19.17808219178082,71.23287671232876,61.64383561643836,9.58904109589041
E00092753,93,36,10,26,57,49,8,38.70967741935484,10.75268817204301,27.956989247311824,61.29032258064516,52.68817204301075,8.60215053763441
E00092754,142,48,18,30,94,75,19,33.80281690140845,12.676056338028168,21.12676056338028,66.19718309859155,52.816901408450704,13.380281690140844
E00092755,134,43,19,24,91,63,28,32.08955223880597,14.17910447761194,17.91044776119403,67.91044776119402,47.01492537313433,20.8955223880597
E00092756,138,44,18,26,94,81,13,31.88405797101449,13.043478260869565,18.84057971014493,68.11594202898551,58.69565217391305,9.420289855072465
E00093444,85,28,14,14,57,43,14,32.94117647058823,16.470588235294116,16.470588235294116,67.05882352941175,50.588235294117645,16.470588235294116
E00093445,111,34,14,20,77,57,20,30.630630630630627,12.612612612612612,18.01801801801802,69.36936936936937,51.35135135135135,18.01801801801802
E00093446,134,47,15,32,87,69,18,35.07462686567165,11.194029850746269,23.88059701492537,64.92537313432835,51.49253731343284,13.432835820895523
E00093447,94,36,11,25,58,39,19,38.297872340425535,11.702127659574469,26.595744680851062,61.702127659574465,41.48936170212766,20.212765957446805
E00093448,129,47,15,32,82,58,24,36.434108527131784,11.627906976744185,24.8062015503876,63.565891472868216,44.96124031007752,18.6046511627907
E00093449,85,28,12,16,57,36,21,32.94117647058823,14.117647058823529,18.823529411764707,67.05882352941175,42.35294117647059,24.705882352941178
E00093451,144,45,14,31,99,85,14,31.25,9.722222222222223,21.52777777777778,68.75,59.02777777777778,9.722222222222223
E00093452,137,51,18,33,86,79,7,37.22627737226277,13.138686131386862,24.087591240875913,62.77372262773723,57.66423357664233,5.109489051094891
E00093453,161,53,15,38,108,102,6,32.91925465838509,9.316770186335404,23.60248447204969,67.08074534161491,63.35403726708074,3.7267080745341614
E00093454,90,33,15,18,57,51,6,36.666666666666664,16.666666666666664,20,63.33333333333333,56.666666666666664,6.666666666666667
E00093455,146,57,11,46,89,80,9,39.04109589041096,7.534246575342466,31.506849315068493,60.95890410958904,54.794520547945204,6.164383561643835
E00093456,176,50,16,34,126,114,12,28.40909090909091,9.090909090909092,19.318181818181817,71.5909090909091,64.77272727272727,6.8181818181818175
E00093457,157,49,11,38,108,96,12,31.210191082802545,7.006369426751593,24.203821656050955,68.78980891719745,61.146496815286625,7.643312101910828
E00093458,200,59,22,37,141,126,15,29.5,11,18.5,70.5,63,7.5
E00093459,139,48,18,30,91,84,7,34.53237410071942,12.949640287769784,21.58273381294964,65.46762589928058,60.431654676258994,5.0359712230215825
E00093460,126,36,12,24,90,79,11,28.57142857142857,9.523809523809524,19.047619047619047,71.42857142857143,62.698412698412696,8.73015873015873
E00093461,129,41,18,23,88,82,6,31.782945736434108,13.953488372093023,17.829457364341085,68.21705426356588,63.565891472868216,4.651162790697675
E00093462,151,44,8,36,107,99,8,29.13907284768212,5.298013245033113,23.841059602649008,70.86092715231787,65.56291390728477,5.298013245033113
E00093463,110,41,14,27,69,65,4,37.27272727272727,12.727272727272727,24.545454545454547,62.727272727272734,59.09090909090909,3.6363636363636362
E00093464,159,57,17,40,102,94,8,35.84905660377358,10.69182389937107,25.157232704402517,64.15094339622641,59.11949685534591,5.031446540880504
E00093465,81,27,8,19,54,48,6,33.33333333333333,9.876543209876543,23.456790123456788,66.66666666666666,59.25925925925925,7.4074074074074066
E00093466,79,23,8,15,56,50,6,29.11392405063291,10.126582278481013,18.9873417721519,70.88607594936708,63.29113924050633,7.59493670886076
E00093467,143,57,21,36,86,77,9,39.86013986013986,14.685314685314685,25.174825174825177,60.13986013986013,53.84615384615385,6.293706293706294
E00093468,134,43,7,36,91,84,7,32.08955223880597,5.223880597014925,26.865671641791046,67.91044776119402,62.68656716417911,5.223880597014925
E00093469,124,31,8,23,93,81,12,25,6.451612903225806,18.548387096774192,75,65.32258064516128,9.67741935483871
E00093470,147,41,15,26,106,96,10,27.89115646258503,10.204081632653061,17.687074829931973,72.10884353741497,65.3061224489796,6.802721088435375
E00093471,112,49,12,37,63,53,10,43.75,10.714285714285714,33.035714285714285,56.25,47.32142857142857,8.928571428571429
E00093472,68,30,6,24,38,37,1,44.11764705882353,8.823529411764707,35.294117647058826,55.88235294117647,54.41176470588235,1.4705882352941175
E00093473,146,51,19,32,95,80,15,34.93150684931507,13.013698630136986,21.91780821917808,65.06849315068493,54.794520547945204,10.273972602739725
E00093474,129,51,15,36,78,69,9,39.53488372093023,11.627906976744185,27.906976744186046,60.46511627906976,53.48837209302325,6.976744186046512
E00093475,129,61,20,41,68,58,10,47.286821705426355,15.503875968992247,31.782945736434108,52.71317829457365,44.96124031007752,7.751937984496124
E00093476,103,40,14,26,63,58,5,38.83495145631068,13.592233009708737,25.24271844660194,61.165048543689316,56.310679611650485,4.854368932038835
E00093477,172,57,9,48,115,101,14,33.13953488372093,5.232558139534884,27.906976744186046,66.86046511627907,58.720930232558146,8.13953488372093
E00093479,146,56,21,35,90,77,13,38.35616438356164,14.383561643835616,23.972602739726025,61.64383561643836,52.73972602739726,8.904109589041095
E00093480,128,45,11,34,83,77,6,35.15625,8.59375,26.5625,64.84375,60.15625,4.6875
E00093481,161,53,13,40,108,99,9,32.91925465838509,8.074534161490684,24.84472049689441,67.08074534161491,61.49068322981367,5.590062111801243
E00093482,146,45,10,35,101,90,11,30.82191780821918,6.8493150684931505,23.972602739726025,69.17808219178082,61.64383561643836,7.534246575342466
E00093483,159,52,19,33,107,93,14,32.70440251572327,11.949685534591195,20.754716981132077,67.29559748427673,58.490566037735846,8.80503144654088
E00093484,165,45,15,30,120,108,12,27.27272727272727,9.090909090909092,18.181818181818183,72.72727272727273,65.45454545454545,7.2727272727272725
E00093485,152,48,16,32,104,91,13,31.57894736842105,10.526315789473683,21.052631578947366,68.42105263157895,59.86842105263158,8.552631578947368
E00093486,137,41,8,33,96,88,8,29.927007299270077,5.839416058394161,24.087591240875913,70.07299270072993,64.23357664233576,5.839416058394161
E00093487,162,52,15,37,110,102,8,32.098765432098766,9.25925925925926,22.839506172839506,67.90123456790124,62.96296296296296,4.938271604938271
E00093488,155,50,18,32,105,96,9,32.25806451612903,11.612903225806452,20.64516129032258,67.74193548387096,61.935483870967744,5.806451612903226
E00093489,154,38,12,26,116,104,12,24.675324675324674,7.792207792207792,16.883116883116884,75.32467532467533,67.53246753246754,7.792207792207792
E00093490,177,59,11,48,118,113,5,33.33333333333333,6.214689265536723,27.11864406779661,66.66666666666666,63.84180790960452,2.824858757062147
E00093491,159,51,11,40,108,96,12,32.075471698113205,6.918238993710692,25.157232704402517,67.9245283018868,60.37735849056604,7.547169811320755
E00093492,144,49,14,35,95,77,18,34.02777777777778,9.722222222222223,24.305555555555554,65.97222222222221,53.47222222222222,12.5
E00093493,166,48,15,33,118,102,16,28.915662650602407,9.036144578313253,19.879518072289155,71.08433734939759,61.44578313253012,9.63855421686747
E00093494,287,80,21,59,207,180,27,27.874564459930312,7.317073170731707,20.557491289198605,72.12543554006969,62.7177700348432,9.40766550522648
E00093495,136,25,5,20,111,96,15,18.38235294117647,3.6764705882352944,14.705882352941178,81.61764705882352,70.58823529411765,11.029411764705882
E00093496,334,70,19,51,264,226,38,20.958083832335326,5.688622754491018,15.269461077844312,79.04191616766467,67.66467065868264,11.377245508982035
E00093497,143,43,13,30,100,87,13,30.069930069930066,9.090909090909092,20.97902097902098,69.93006993006993,60.83916083916085,9.090909090909092
E00093498,141,38,15,23,103,92,11,26.95035460992908,10.638297872340425,16.312056737588655,73.04964539007092,65.24822695035462,7.801418439716312
E00093499,88,29,12,17,59,54,5,32.95454545454545,13.636363636363635,19.318181818181817,67.04545454545455,61.36363636363637,5.681818181818182
E00093500,119,39,16,23,80,71,9,32.773109243697476,13.445378151260504,19.327731092436977,67.22689075630252,59.66386554621849,7.563025210084033
E00093501,193,53,14,39,140,121,19,27.461139896373055,7.253886010362693,20.207253886010363,72.53886010362694,62.69430051813472,9.844559585492227
E00093502,150,37,11,26,113,94,19,24.666666666666668,7.333333333333333,17.333333333333336,75.33333333333333,62.66666666666667,12.666666666666668
E00093503,258,57,21,36,201,160,41,22.093023255813954,8.13953488372093,13.953488372093023,77.90697674418605,62.01550387596899,15.891472868217054
E00093504,184,59,23,36,125,113,12,32.065217391304344,12.5,19.565217391304348,67.93478260869566,61.41304347826087,6.521739130434782
E00093505,159,39,15,24,120,105,15,24.528301886792452,9.433962264150944,15.09433962264151,75.47169811320755,66.0377358490566,9.433962264150944
E00093506,134,30,4,26,104,86,18,22.388059701492537,2.9850746268656714,19.402985074626866,77.61194029850746,64.17910447761194,13.432835820895523
E00093507,149,40,15,25,109,95,14,26.845637583892618,10.06711409395973,16.778523489932887,73.15436241610739,63.758389261744966,9.395973154362416
E00093508,158,53,23,30,105,96,9,33.54430379746836,14.556962025316455,18.9873417721519,66.45569620253164,60.75949367088608,5.69620253164557
E00093509,158,38,8,30,120,112,8,24.050632911392405,5.063291139240507,18.9873417721519,75.9493670886076,70.88607594936708,5.063291139240507
E00093510,123,44,17,27,79,74,5,35.77235772357724,13.821138211382115,21.951219512195124,64.22764227642277,60.16260162601627,4.0650406504065035
E00093511,129,46,18,28,83,67,16,35.65891472868217,13.953488372093023,21.705426356589147,64.34108527131784,51.93798449612403,12.4031007751938
E00093512,92,25,8,17,67,52,15,27.173913043478258,8.695652173913043,18.478260869565215,72.82608695652173,56.52173913043478,16.304347826086957
E00093513,124,40,14,26,84,76,8,32.25806451612903,11.29032258064516,20.967741935483872,67.74193548387096,61.29032258064516,6.451612903225806
E00093514,123,44,13,31,79,63,16,35.77235772357724,10.569105691056912,25.203252032520325,64.22764227642277,51.21951219512195,13.008130081300814
E00093515,77,31,15,16,46,41,5,40.25974025974026,19.480519480519483,20.77922077922078,59.74025974025974,53.246753246753244,6.493506493506493
E00093516,115,43,13,30,72,59,13,37.391304347826086,11.304347826086957,26.08695652173913,62.60869565217392,51.30434782608696,11.304347826086957
E00093517,150,51,13,38,99,88,11,34,8.666666666666668,25.333333333333336,66,58.666666666666664,7.333333333333333
E00093518,88,29,10,19,59,48,11,32.95454545454545,11.363636363636363,21.59090909090909,67.04545454545455,54.54545454545454,12.5
E00093519,150,48,10,38,102,89,13,32,6.666666666666667,25.333333333333336,68,59.333333333333336,8.666666666666668
E00093520,99,29,13,16,70,57,13,29.292929292929294,13.131313131313133,16.161616161616163,70.70707070707071,57.57575757575758,13.131313131313133
E00093521,137,40,16,24,97,79,18,29.1970802919708,11.678832116788321,17.51824817518248,70.8029197080292,57.66423357664233,13.138686131386862
E00093522,162,50,15,35,112,90,22,30.864197530864196,9.25925925925926,21.604938271604937,69.1358024691358,55.55555555555556,13.580246913580247
E00093523,140,47,17,30,93,66,27,33.57142857142857,12.142857142857142,21.428571428571427,66.42857142857143,47.14285714285714,19.28571428571429
E00093524,134,53,14,39,81,71,10,39.55223880597015,10.44776119402985,29.1044776119403,60.447761194029844,52.98507462686567,7.462686567164178
E00093525,135,67,14,53,68,63,5,49.629629629629626,10.37037037037037,39.25925925925926,50.37037037037037,46.666666666666664,3.7037037037037033
E00093527,114,34,11,23,80,71,9,29.82456140350877,9.649122807017543,20.175438596491226,70.17543859649122,62.28070175438597,7.894736842105263
E00093528,111,39,15,24,72,65,7,35.13513513513514,13.513513513513514,21.62162162162162,64.86486486486487,58.55855855855856,6.306306306306306
E00093529,153,48,15,33,105,94,11,31.372549019607842,9.803921568627452,21.568627450980394,68.62745098039215,61.43790849673203,7.18954248366013
E00093530,98,28,3,25,70,61,9,28.57142857142857,3.061224489795918,25.510204081632654,71.42857142857143,62.244897959183675,9.183673469387756
E00093531,71,14,7,7,57,47,10,19.718309859154928,9.859154929577464,9.859154929577464,80.28169014084507,66.19718309859155,14.084507042253522
E00093532,143,49,21,28,94,78,16,34.26573426573427,14.685314685314685,19.58041958041958,65.73426573426573,54.54545454545454,11.188811188811188
E00093533,152,51,14,37,101,89,12,33.55263157894737,9.210526315789473,24.342105263157894,66.44736842105263,58.55263157894737,7.894736842105263
E00093534,127,39,19,20,88,74,14,30.708661417322837,14.960629921259844,15.748031496062993,69.29133858267717,58.26771653543307,11.023622047244094
E00093535,109,42,19,23,67,51,16,38.53211009174312,17.431192660550458,21.100917431192663,61.46788990825688,46.788990825688074,14.678899082568808
E00093536,110,40,14,26,70,58,12,36.36363636363637,12.727272727272727,23.636363636363637,63.63636363636363,52.72727272727272,10.909090909090908
E00093537,107,37,17,20,70,59,11,34.57943925233645,15.887850467289718,18.69158878504673,65.42056074766354,55.140186915887845,10.2803738317757
E00093538,99,40,26,14,59,51,8,40.4040404040404,26.262626262626267,14.14141414141414,59.59595959595959,51.515151515151516,8.080808080808081
E00093539,87,27,13,14,60,49,11,31.03448275862069,14.942528735632186,16.091954022988507,68.96551724137932,56.32183908045977,12.643678160919542
E00093540,169,49,10,39,120,92,28,28.994082840236686,5.9171597633136095,23.076923076923077,71.00591715976331,54.437869822485204,16.56804733727811
E00093541,151,43,20,23,108,85,23,28.47682119205298,13.245033112582782,15.2317880794702,71.52317880794702,56.29139072847682,15.2317880794702
E00093542,136,40,10,30,96,69,27,29.411764705882355,7.352941176470589,22.058823529411764,70.58823529411765,50.73529411764706,19.852941176470587
E00093543,116,35,11,24,81,67,14,30.17241379310345,9.482758620689655,20.689655172413794,69.82758620689656,57.758620689655174,12.068965517241379
E00093544,116,42,12,30,74,55,19,36.206896551724135,10.344827586206897,25.862068965517242,63.793103448275865,47.41379310344828,16.379310344827587
E00093545,76,32,15,17,44,30,14,42.10526315789473,19.736842105263158,22.36842105263158,57.89473684210527,39.473684210526315,18.421052631578945
E00093546,130,43,18,25,87,79,8,33.07692307692307,13.846153846153847,19.230769230769234,66.92307692307692,60.76923076923077,6.153846153846154
E00093547,120,32,13,19,88,82,6,26.666666666666668,10.833333333333334,15.833333333333332,73.33333333333333,68.33333333333333,5
E00093548,141,33,12,21,108,96,12,23.404255319148938,8.51063829787234,14.893617021276595,76.59574468085107,68.08510638297872,8.51063829787234
E00093549,123,47,8,39,76,64,12,38.21138211382114,6.504065040650407,31.70731707317073,61.78861788617886,52.03252032520326,9.75609756097561
E00093550,117,34,8,26,83,68,15,29.059829059829063,6.837606837606838,22.22222222222222,70.94017094017094,58.119658119658126,12.82051282051282
E00093551,166,52,19,33,114,103,11,31.32530120481928,11.44578313253012,19.879518072289155,68.67469879518072,62.048192771084345,6.626506024096386
E00093552,146,54,10,44,92,85,7,36.986301369863014,6.8493150684931505,30.136986301369863,63.013698630136986,58.21917808219178,4.794520547945205
E00093553,170,54,13,41,116,108,8,31.76470588235294,7.647058823529412,24.11764705882353,68.23529411764706,63.52941176470588,4.705882352941177
E00093554,135,46,10,36,89,79,10,34.074074074074076,7.4074074074074066,26.666666666666668,65.92592592592592,58.51851851851851,7.4074074074074066
E00093555,164,46,8,38,118,102,16,28.04878048780488,4.878048780487805,23.170731707317074,71.95121951219512,62.19512195121951,9.75609756097561
E00093556,167,63,22,41,104,88,16,37.72455089820359,13.17365269461078,24.550898203592812,62.27544910179641,52.69461077844312,9.580838323353294
E00093557,104,37,12,25,67,60,7,35.57692307692308,11.538461538461538,24.03846153846154,64.42307692307693,57.692307692307686,6.730769230769231
E00093558,137,47,13,34,90,83,7,34.306569343065696,9.48905109489051,24.817518248175183,65.69343065693431,60.58394160583942,5.109489051094891
E00093559,144,45,8,37,99,89,10,31.25,5.555555555555555,25.694444444444443,68.75,61.80555555555556,6.944444444444445
E00093560,122,31,9,22,91,80,11,25.40983606557377,7.377049180327869,18.0327868852459,74.59016393442623,65.57377049180327,9.01639344262295
E00093561,146,43,14,29,103,95,8,29.45205479452055,9.58904109589041,19.863013698630137,70.54794520547945,65.06849315068493,5.47945205479452
E00093562,78,17,7,10,61,56,5,21.794871794871796,8.974358974358974,12.82051282051282,78.2051282051282,71.7948717948718,6.41025641025641
E00093563,115,44,15,29,71,57,14,38.26086956521739,13.043478260869565,25.217391304347824,61.73913043478261,49.56521739130435,12.173913043478262
E00093564,138,39,14,25,99,82,17,28.26086956521739,10.144927536231885,18.115942028985508,71.73913043478261,59.42028985507246,12.318840579710146
E00093565,127,53,12,41,74,67,7,41.732283464566926,9.448818897637794,32.28346456692913,58.26771653543307,52.75590551181102,5.511811023622047
E00093566,132,43,15,28,89,80,9,32.57575757575758,11.363636363636363,21.21212121212121,67.42424242424242,60.60606060606061,6.8181818181818175
E00093567,185,61,19,42,124,112,12,32.972972972972975,10.27027027027027,22.702702702702705,67.02702702702703,60.54054054054055,6.486486486486487
E00093568,145,52,10,42,93,80,13,35.86206896551724,6.896551724137931,28.965517241379313,64.13793103448275,55.172413793103445,8.96551724137931
E00093569,154,44,14,30,110,95,15,28.57142857142857,9.090909090909092,19.480519480519483,71.42857142857143,61.68831168831169,9.740259740259742
E00093570,137,35,11,24,102,86,16,25.547445255474454,8.02919708029197,17.51824817518248,74.45255474452554,62.77372262773723,11.678832116788321
E00093571,61,18,8,10,43,36,7,29.508196721311474,13.114754098360656,16.39344262295082,70.49180327868852,59.01639344262295,11.475409836065573
E00093572,162,55,19,36,107,99,8,33.95061728395062,11.728395061728394,22.22222222222222,66.0493827160494,61.111111111111114,4.938271604938271
E00093573,130,41,13,28,89,79,10,31.538461538461537,10,21.53846153846154,68.46153846153847,60.76923076923077,7.6923076923076925
E00093574,119,28,11,17,91,75,16,23.52941176470588,9.243697478991598,14.285714285714285,76.47058823529412,63.02521008403361,13.445378151260504
E00093575,136,48,13,35,88,78,10,35.294117647058826,9.558823529411764,25.735294117647058,64.70588235294117,57.35294117647059,7.352941176470589
E00093576,108,38,13,25,70,61,9,35.18518518518518,12.037037037037036,23.14814814814815,64.81481481481481,56.481481481481474,8.333333333333332
E00093577,118,35,10,25,83,72,11,29.66101694915254,8.47457627118644,21.1864406779661,70.33898305084746,61.016949152542374,9.322033898305085
E00093578,133,26,4,22,107,90,17,19.548872180451127,3.007518796992481,16.541353383458645,80.45112781954887,67.66917293233082,12.781954887218044
E00093579,120,32,11,21,88,77,11,26.666666666666668,9.166666666666666,17.5,73.33333333333333,64.16666666666667,9.166666666666666
E00093580,114,41,17,24,73,60,13,35.96491228070175,14.912280701754385,21.052631578947366,64.03508771929825,52.63157894736842,11.403508771929824
E00093581,101,37,17,20,64,59,5,36.633663366336634,16.831683168316832,19.801980198019802,63.366336633663366,58.415841584158414,4.9504950495049505
E00093582,101,33,10,23,68,62,6,32.67326732673268,9.900990099009901,22.772277227722775,67.32673267326733,61.386138613861384,5.9405940594059405
E00093583,134,45,17,28,89,75,14,33.582089552238806,12.686567164179104,20.8955223880597,66.4179104477612,55.970149253731336,10.44776119402985
E00093584,137,47,18,29,90,75,15,34.306569343065696,13.138686131386862,21.16788321167883,65.69343065693431,54.74452554744526,10.948905109489052
E00093585,149,42,16,26,107,89,18,28.187919463087248,10.738255033557047,17.449664429530202,71.81208053691275,59.73154362416108,12.080536912751679
E00093586,130,34,12,22,96,82,14,26.153846153846157,9.230769230769232,16.923076923076923,73.84615384615385,63.07692307692307,10.76923076923077
E00093587,83,24,4,20,59,52,7,28.915662650602407,4.819277108433735,24.096385542168676,71.08433734939759,62.65060240963856,8.433734939759036
E00093588,109,27,11,16,82,75,7,24.770642201834864,10.091743119266056,14.678899082568808,75.22935779816514,68.80733944954129,6.422018348623854
E00093589,106,37,12,25,69,61,8,34.90566037735849,11.320754716981133,23.58490566037736,65.09433962264151,57.54716981132076,7.547169811320755
E00093590,86,26,7,19,60,59,1,30.23255813953488,8.13953488372093,22.093023255813954,69.76744186046511,68.6046511627907,1.1627906976744187
E00093591,176,44,15,29,132,116,16,25,8.522727272727272,16.477272727272727,75,65.9090909090909,9.090909090909092
E00093593,198,61,20,41,137,121,16,30.808080808080806,10.1010101010101,20.707070707070706,69.1919191919192,61.111111111111114,8.080808080808081
E00093594,84,30,6,24,54,49,5,35.714285714285715,7.142857142857142,28.57142857142857,64.28571428571429,58.333333333333336,5.952380952380952
E00093595,116,29,15,14,87,76,11,25,12.931034482758621,12.068965517241379,75,65.51724137931035,9.482758620689655
E00093596,119,43,13,30,76,67,9,36.134453781512605,10.92436974789916,25.210084033613445,63.86554621848739,56.30252100840336,7.563025210084033
E00093597,153,44,13,31,109,101,8,28.75816993464052,8.49673202614379,20.26143790849673,71.24183006535948,66.01307189542483,5.228758169934641
E00093598,125,36,9,27,89,82,7,28.799999999999997,7.199999999999999,21.6,71.2,65.60000000000001,5.6000000000000005
E00093599,154,48,14,34,106,95,11,31.16883116883117,9.090909090909092,22.07792207792208,68.83116883116884,61.68831168831169,7.142857142857142
E00093600,89,29,10,19,60,57,3,32.58426966292135,11.235955056179774,21.34831460674157,67.41573033707866,64.04494382022472,3.3707865168539324
E00093601,153,50,16,34,103,91,12,32.6797385620915,10.457516339869281,22.22222222222222,67.3202614379085,59.47712418300654,7.8431372549019605
E00093602,181,59,13,46,122,101,21,32.59668508287293,7.18232044198895,25.41436464088398,67.40331491712708,55.80110497237569,11.602209944751381
E00093603,141,53,14,39,88,78,10,37.5886524822695,9.929078014184398,27.659574468085108,62.4113475177305,55.319148936170215,7.092198581560284
E00093604,157,63,19,44,94,88,6,40.12738853503185,12.101910828025478,28.02547770700637,59.87261146496815,56.05095541401274,3.821656050955414
E00093605,110,23,8,15,87,75,12,20.909090909090907,7.2727272727272725,13.636363636363635,79.0909090909091,68.18181818181817,10.909090909090908
E00093606,111,33,11,22,78,70,8,29.72972972972973,9.90990990990991,19.81981981981982,70.27027027027027,63.06306306306306,7.207207207207207
E00093607,118,34,9,25,84,72,12,28.8135593220339,7.627118644067797,21.1864406779661,71.1864406779661,61.016949152542374,10.16949152542373
E00093608,129,48,16,32,81,79,2,37.2093023255814,12.4031007751938,24.8062015503876,62.7906976744186,61.240310077519375,1.550387596899225
E00093609,186,52,15,37,134,114,20,27.956989247311824,8.064516129032258,19.892473118279568,72.04301075268818,61.29032258064516,10.75268817204301
E00093610,109,49,21,28,60,52,8,44.95412844036697,19.26605504587156,25.688073394495415,55.04587155963303,47.706422018348626,7.339449541284404
E00093612,127,43,12,31,84,79,5,33.85826771653544,9.448818897637794,24.409448818897637,66.14173228346458,62.20472440944882,3.937007874015748
E00093613,135,39,12,27,96,82,14,28.888888888888886,8.88888888888889,20,71.11111111111111,60.74074074074074,10.37037037037037
E00093614,108,42,10,32,66,63,3,38.88888888888889,9.25925925925926,29.629629629629626,61.111111111111114,58.333333333333336,2.7777777777777777
E00093615,103,34,11,23,69,57,12,33.00970873786408,10.679611650485436,22.330097087378643,66.99029126213593,55.33980582524271,11.650485436893204
E00093616,126,45,13,32,81,73,8,35.714285714285715,10.317460317460316,25.396825396825395,64.28571428571429,57.936507936507944,6.349206349206349
E00093617,122,38,11,27,84,77,7,31.147540983606557,9.01639344262295,22.131147540983605,68.85245901639344,63.114754098360656,5.737704918032787
E00093618,138,56,23,33,82,78,4,40.57971014492754,16.666666666666664,23.91304347826087,59.42028985507246,56.52173913043478,2.898550724637681
E00093619,147,50,17,33,97,87,10,34.01360544217687,11.564625850340136,22.448979591836736,65.98639455782312,59.183673469387756,6.802721088435375
E00093620,289,81,16,65,208,176,32,28.027681660899656,5.536332179930796,22.491349480968857,71.97231833910035,60.89965397923876,11.072664359861593
E00093622,209,62,18,44,147,129,18,29.665071770334926,8.61244019138756,21.052631578947366,70.33492822966507,61.72248803827751,8.61244019138756
E00093623,101,35,13,22,66,60,6,34.65346534653465,12.871287128712872,21.782178217821784,65.34653465346535,59.4059405940594,5.9405940594059405
E00093624,109,32,14,18,77,57,20,29.357798165137616,12.844036697247708,16.51376146788991,70.64220183486239,52.293577981651374,18.34862385321101
E00093625,154,41,15,26,113,101,12,26.623376623376622,9.740259740259742,16.883116883116884,73.37662337662337,65.5844155844156,7.792207792207792
E00093626,145,42,14,28,103,91,12,28.965517241379313,9.655172413793103,19.310344827586206,71.03448275862068,62.758620689655174,8.275862068965518
E00093627,160,49,12,37,111,96,15,30.625000000000004,7.5,23.125,69.375,60,9.375
E00093628,71,21,5,16,50,38,12,29.577464788732392,7.042253521126761,22.535211267605636,70.4225352112676,53.52112676056338,16.901408450704224
E00093629,123,33,9,24,90,80,10,26.82926829268293,7.317073170731707,19.51219512195122,73.17073170731707,65.04065040650406,8.130081300813007
E00093630,117,25,7,18,92,86,6,21.367521367521366,5.982905982905983,15.384615384615385,78.63247863247864,73.50427350427351,5.128205128205128
E00093631,127,31,11,20,96,89,7,24.409448818897637,8.661417322834646,15.748031496062993,75.59055118110236,70.07874015748031,5.511811023622047
E00093632,132,34,7,27,98,89,9,25.757575757575758,5.303030303030303,20.454545454545457,74.24242424242425,67.42424242424242,6.8181818181818175
E00093633,139,44,18,26,95,84,11,31.654676258992804,12.949640287769784,18.705035971223023,68.34532374100719,60.431654676258994,7.913669064748201
E00093634,136,34,10,24,102,88,14,25,7.352941176470589,17.647058823529413,75,64.70588235294117,10.294117647058822
E00093635,165,42,17,25,123,111,12,25.454545454545453,10.303030303030303,15.151515151515152,74.54545454545455,67.27272727272727,7.2727272727272725
E00093636,117,38,13,25,79,70,9,32.47863247863248,11.11111111111111,21.367521367521366,67.52136752136752,59.82905982905983,7.6923076923076925
E00093637,126,36,13,23,90,80,10,28.57142857142857,10.317460317460316,18.253968253968253,71.42857142857143,63.49206349206349,7.936507936507936
E00093638,142,32,6,26,110,100,10,22.535211267605636,4.225352112676056,18.30985915492958,77.46478873239437,70.4225352112676,7.042253521126761
E00093639,116,34,7,27,82,74,8,29.310344827586203,6.0344827586206895,23.275862068965516,70.6896551724138,63.793103448275865,6.896551724137931
E00093640,177,44,8,36,133,120,13,24.858757062146893,4.519774011299435,20.33898305084746,75.14124293785311,67.79661016949152,7.344632768361582
E00093641,178,50,14,36,128,108,20,28.08988764044944,7.865168539325842,20.224719101123593,71.91011235955057,60.67415730337079,11.235955056179774
E00093642,168,43,11,32,125,117,8,25.595238095238095,6.547619047619048,19.047619047619047,74.40476190476191,69.64285714285714,4.761904761904762
E00093643,117,29,6,23,88,78,10,24.786324786324787,5.128205128205128,19.65811965811966,75.21367521367522,66.66666666666666,8.547008547008547
E00093644,63,23,8,15,40,33,7,36.507936507936506,12.698412698412698,23.809523809523807,63.49206349206349,52.38095238095239,11.11111111111111
E00093645,140,50,15,35,90,70,20,35.714285714285715,10.714285714285714,25,64.28571428571429,50,14.285714285714285
E00093646,130,49,16,33,81,75,6,37.69230769230769,12.307692307692308,25.384615384615383,62.30769230769231,57.692307692307686,4.615384615384616
E00093647,114,38,12,26,76,67,9,33.33333333333333,10.526315789473683,22.807017543859647,66.66666666666666,58.77192982456141,7.894736842105263
E00093648,120,47,18,29,73,63,10,39.166666666666664,15,24.166666666666668,60.83333333333333,52.5,8.333333333333332
E00093649,143,48,17,31,95,84,11,33.56643356643357,11.888111888111888,21.678321678321677,66.43356643356644,58.74125874125874,7.6923076923076925
E00093650,125,43,9,34,82,72,10,34.4,7.199999999999999,27.200000000000003,65.60000000000001,57.599999999999994,8
E00093651,115,42,15,27,73,66,7,36.52173913043478,13.043478260869565,23.47826086956522,63.47826086956522,57.391304347826086,6.086956521739131
E00093652,151,37,10,27,114,100,14,24.503311258278146,6.622516556291391,17.880794701986755,75.49668874172185,66.22516556291392,9.271523178807946
E00093653,106,30,12,18,76,67,9,28.30188679245283,11.320754716981133,16.9811320754717,71.69811320754717,63.20754716981132,8.49056603773585
E00093654,132,42,12,30,90,77,13,31.818181818181817,9.090909090909092,22.727272727272727,68.18181818181817,58.333333333333336,9.848484848484848
E00093655,134,48,16,32,86,77,9,35.82089552238806,11.940298507462686,23.88059701492537,64.17910447761194,57.46268656716418,6.7164179104477615
E00093656,204,46,13,33,158,138,20,22.54901960784314,6.372549019607843,16.176470588235293,77.45098039215686,67.64705882352942,9.803921568627452
E00093657,147,40,15,25,107,89,18,27.2108843537415,10.204081632653061,17.006802721088434,72.78911564625851,60.544217687074834,12.244897959183673
E00093658,160,44,13,31,116,98,18,27.500000000000004,8.125,19.375,72.5,61.25000000000001,11.25
E00093659,133,34,15,19,99,78,21,25.563909774436087,11.278195488721805,14.285714285714285,74.43609022556392,58.64661654135338,15.789473684210526
E00093660,225,60,16,44,165,145,20,26.666666666666668,7.111111111111111,19.555555555555557,73.33333333333333,64.44444444444444,8.88888888888889
E00093661,196,47,13,34,149,130,19,23.97959183673469,6.63265306122449,17.346938775510203,76.0204081632653,66.3265306122449,9.693877551020408
E00093662,174,50,20,30,124,106,18,28.735632183908045,11.494252873563218,17.24137931034483,71.26436781609196,60.91954022988506,10.344827586206897
E00093663,214,63,21,42,151,137,14,29.439252336448597,9.813084112149532,19.626168224299064,70.56074766355141,64.01869158878505,6.5420560747663545
E00093664,155,38,12,26,117,105,12,24.516129032258064,7.741935483870968,16.7741935483871,75.48387096774194,67.74193548387096,7.741935483870968
E00093665,123,34,6,28,89,78,11,27.64227642276423,4.878048780487805,22.76422764227642,72.35772357723577,63.41463414634146,8.94308943089431
E00093666,114,29,8,21,85,69,16,25.438596491228072,7.017543859649122,18.421052631578945,74.56140350877193,60.526315789473685,14.035087719298245
E00093667,97,36,8,28,61,48,13,37.11340206185567,8.24742268041237,28.865979381443296,62.88659793814433,49.48453608247423,13.402061855670103
E00093668,144,47,16,31,97,90,7,32.63888888888889,11.11111111111111,21.52777777777778,67.36111111111111,62.5,4.861111111111112
E00093669,155,46,14,32,109,95,14,29.677419354838708,9.032258064516128,20.64516129032258,70.3225806451613,61.29032258064516,9.032258064516128
E00093670,183,58,17,41,125,110,15,31.693989071038253,9.289617486338798,22.404371584699454,68.30601092896174,60.10928961748634,8.19672131147541
E00093671,149,45,11,34,104,84,20,30.201342281879196,7.38255033557047,22.818791946308725,69.79865771812081,56.375838926174495,13.422818791946309
E00093672,215,83,21,62,132,118,14,38.604651162790695,9.767441860465116,28.837209302325583,61.395348837209305,54.88372093023256,6.511627906976744
E00093673,58,20,6,14,38,34,4,34.48275862068966,10.344827586206897,24.137931034482758,65.51724137931035,58.620689655172406,6.896551724137931
E00093674,84,30,8,22,54,53,1,35.714285714285715,9.523809523809524,26.190476190476193,64.28571428571429,63.095238095238095,1.1904761904761905
E00093675,134,46,12,34,88,82,6,34.32835820895522,8.955223880597014,25.37313432835821,65.67164179104478,61.19402985074627,4.477611940298507
E00093676,224,44,17,27,180,163,17,19.642857142857142,7.5892857142857135,12.053571428571429,80.35714285714286,72.76785714285714,7.5892857142857135
E00093678,180,52,21,31,128,107,21,28.888888888888886,11.666666666666666,17.22222222222222,71.11111111111111,59.44444444444444,11.666666666666666
E00093679,140,50,14,36,90,84,6,35.714285714285715,10,25.71428571428571,64.28571428571429,60,4.285714285714286
E00093680,113,32,8,24,81,74,7,28.31858407079646,7.079646017699115,21.238938053097346,71.68141592920354,65.48672566371681,6.1946902654867255
E00093681,137,28,5,23,109,100,9,20.437956204379564,3.64963503649635,16.78832116788321,79.56204379562044,72.99270072992701,6.569343065693431
E00093682,162,44,14,30,118,103,15,27.160493827160494,8.641975308641975,18.51851851851852,72.8395061728395,63.580246913580254,9.25925925925926
E00093683,103,30,13,17,73,66,7,29.126213592233007,12.62135922330097,16.50485436893204,70.87378640776699,64.07766990291263,6.796116504854369
E00093684,104,35,12,23,69,59,10,33.65384615384615,11.538461538461538,22.115384615384613,66.34615384615384,56.730769230769226,9.615384615384617
E00093685,164,42,12,30,122,105,17,25.609756097560975,7.317073170731707,18.29268292682927,74.39024390243902,64.02439024390245,10.365853658536585
E00093686,107,32,8,24,75,67,8,29.906542056074763,7.476635514018691,22.429906542056074,70.09345794392523,62.616822429906534,7.476635514018691
E00093687,113,28,5,23,85,68,17,24.778761061946902,4.424778761061947,20.353982300884958,75.22123893805309,60.17699115044248,15.04424778761062
E00093688,101,24,8,16,77,64,13,23.762376237623762,7.920792079207921,15.841584158415841,76.23762376237624,63.366336633663366,12.871287128712872
E00093689,133,31,15,16,102,90,12,23.308270676691727,11.278195488721805,12.030075187969924,76.69172932330827,67.66917293233082,9.022556390977442
E00093690,143,40,8,32,103,95,8,27.972027972027973,5.594405594405594,22.377622377622377,72.02797202797203,66.43356643356644,5.594405594405594
E00093691,141,46,13,33,95,81,14,32.62411347517731,9.219858156028367,23.404255319148938,67.37588652482269,57.446808510638306,9.929078014184398
E00093692,207,57,18,39,150,122,28,27.536231884057973,8.695652173913043,18.84057971014493,72.46376811594203,58.93719806763285,13.526570048309178
E00093693,141,40,13,27,101,84,17,28.368794326241137,9.219858156028367,19.148936170212767,71.63120567375887,59.57446808510638,12.056737588652481
E00093694,288,76,29,47,212,183,29,26.38888888888889,10.069444444444445,16.319444444444446,73.61111111111111,63.541666666666664,10.069444444444445
E00093695,170,47,19,28,123,107,16,27.647058823529413,11.176470588235295,16.470588235294116,72.35294117647058,62.94117647058823,9.411764705882353
E00093696,205,54,20,34,151,124,27,26.34146341463415,9.75609756097561,16.585365853658537,73.65853658536585,60.48780487804878,13.170731707317074
E00093697,168,43,19,24,125,111,14,25.595238095238095,11.30952380952381,14.285714285714285,74.40476190476191,66.07142857142857,8.333333333333332
E00093698,146,41,13,28,105,83,22,28.08219178082192,8.904109589041095,19.17808219178082,71.91780821917808,56.849315068493155,15.068493150684931
E00093699,274,58,20,38,216,189,27,21.16788321167883,7.2992700729927,13.86861313868613,78.83211678832117,68.97810218978103,9.854014598540147
E00093700,103,28,11,17,75,63,12,27.184466019417474,10.679611650485436,16.50485436893204,72.81553398058253,61.165048543689316,11.650485436893204
E00093701,110,29,8,21,81,68,13,26.36363636363636,7.2727272727272725,19.090909090909093,73.63636363636363,61.81818181818181,11.818181818181818
E00093702,109,38,10,28,71,60,11,34.862385321100916,9.174311926605505,25.688073394495415,65.13761467889908,55.04587155963303,10.091743119266056
E00093703,134,38,18,20,96,79,17,28.35820895522388,13.432835820895523,14.925373134328357,71.64179104477611,58.95522388059702,12.686567164179104
E00093704,152,46,30,16,106,86,20,30.263157894736842,19.736842105263158,10.526315789473683,69.73684210526315,56.57894736842105,13.157894736842104
E00093705,133,28,12,16,105,71,34,21.052631578947366,9.022556390977442,12.030075187969924,78.94736842105263,53.383458646616546,25.563909774436087
E00093706,137,37,18,19,100,82,18,27.00729927007299,13.138686131386862,13.86861313868613,72.99270072992701,59.854014598540154,13.138686131386862
E00093707,128,44,18,26,84,72,12,34.375,14.0625,20.3125,65.625,56.25,9.375
E00093708,121,33,15,18,88,71,17,27.27272727272727,12.396694214876034,14.87603305785124,72.72727272727273,58.67768595041323,14.049586776859504
E00093709,193,61,18,43,132,101,31,31.606217616580313,9.32642487046632,22.279792746113987,68.39378238341969,52.331606217616574,16.06217616580311
E00093710,126,36,14,22,90,71,19,28.57142857142857,11.11111111111111,17.46031746031746,71.42857142857143,56.34920634920635,15.079365079365079
E00093711,73,17,5,12,56,40,16,23.28767123287671,6.8493150684931505,16.43835616438356,76.71232876712328,54.794520547945204,21.91780821917808
E00094240,120,38,16,22,82,69,13,31.666666666666664,13.333333333333334,18.333333333333332,68.33333333333333,57.49999999999999,10.833333333333334
E00094241,136,36,12,24,100,84,16,26.47058823529412,8.823529411764707,17.647058823529413,73.52941176470588,61.76470588235294,11.76470588235294
E00094242,158,46,15,31,112,92,20,29.11392405063291,9.49367088607595,19.62025316455696,70.88607594936708,58.22784810126582,12.658227848101266
E00094243,103,30,14,16,73,61,12,29.126213592233007,13.592233009708737,15.53398058252427,70.87378640776699,59.22330097087378,11.650485436893204
E00094244,141,45,13,32,96,88,8,31.914893617021278,9.219858156028367,22.69503546099291,68.08510638297872,62.4113475177305,5.673758865248227
E00094245,87,35,11,24,52,45,7,40.229885057471265,12.643678160919542,27.586206896551722,59.77011494252874,51.724137931034484,8.045977011494253
E00094246,167,51,11,40,116,98,18,30.538922155688624,6.58682634730539,23.952095808383234,69.46107784431138,58.68263473053892,10.778443113772456
E00094247,181,67,22,45,114,93,21,37.01657458563536,12.154696132596685,24.861878453038674,62.98342541436463,51.38121546961326,11.602209944751381
E00094248,196,53,16,37,143,122,21,27.040816326530614,8.16326530612245,18.877551020408163,72.95918367346938,62.244897959183675,10.714285714285714
E00094249,134,44,14,30,90,78,12,32.83582089552239,10.44776119402985,22.388059701492537,67.16417910447761,58.2089552238806,8.955223880597014
E00094250,172,49,12,37,123,105,18,28.488372093023255,6.976744186046512,21.511627906976745,71.51162790697676,61.04651162790697,10.465116279069768
E00094251,161,41,6,35,120,102,18,25.465838509316768,3.7267080745341614,21.73913043478261,74.53416149068323,63.35403726708074,11.180124223602485
E00094252,120,32,9,23,88,76,12,26.666666666666668,7.5,19.166666666666668,73.33333333333333,63.33333333333333,10
E00094253,149,48,13,35,101,87,14,32.21476510067114,8.724832214765101,23.48993288590604,67.78523489932886,58.38926174496645,9.395973154362416
E00094254,230,66,25,41,164,147,17,28.695652173913043,10.869565217391305,17.82608695652174,71.30434782608695,63.91304347826087,7.391304347826087
E00094255,140,31,10,21,109,96,13,22.142857142857142,7.142857142857142,15,77.85714285714286,68.57142857142857,9.285714285714286
E00094256,161,50,18,32,111,101,10,31.05590062111801,11.180124223602485,19.875776397515526,68.94409937888199,62.732919254658384,6.211180124223603
E00094257,159,50,16,34,109,88,21,31.446540880503143,10.062893081761008,21.38364779874214,68.55345911949685,55.34591194968554,13.20754716981132
E00094258,143,36,8,28,107,88,19,25.174825174825177,5.594405594405594,19.58041958041958,74.82517482517483,61.53846153846154,13.286713286713287
E00094259,125,30,11,19,95,76,19,24,8.799999999999999,15.2,76,60.8,15.2
E00094260,143,46,15,31,97,78,19,32.16783216783217,10.48951048951049,21.678321678321677,67.83216783216784,54.54545454545454,13.286713286713287
E00094261,130,42,10,32,88,69,19,32.30769230769231,7.6923076923076925,24.615384615384617,67.6923076923077,53.07692307692308,14.615384615384617
E00094262,142,52,17,35,90,77,13,36.61971830985916,11.971830985915492,24.647887323943664,63.38028169014085,54.22535211267606,9.15492957746479
E00094263,106,34,13,21,72,51,21,32.075471698113205,12.264150943396226,19.81132075471698,67.9245283018868,48.113207547169814,19.81132075471698
E00094264,137,37,12,25,100,69,31,27.00729927007299,8.75912408759124,18.248175182481752,72.99270072992701,50.36496350364964,22.62773722627737
E00094265,124,42,19,23,82,70,12,33.87096774193548,15.32258064516129,18.548387096774192,66.12903225806451,56.451612903225815,9.67741935483871
E00094267,97,26,11,15,71,61,10,26.804123711340207,11.34020618556701,15.463917525773196,73.19587628865979,62.88659793814433,10.309278350515463
E00094268,102,28,9,19,74,66,8,27.450980392156865,8.823529411764707,18.627450980392158,72.54901960784314,64.70588235294117,7.8431372549019605
E00094269,138,36,12,24,102,89,13,26.08695652173913,8.695652173913043,17.391304347826086,73.91304347826086,64.4927536231884,9.420289855072465
E00094270,139,37,13,24,102,92,10,26.618705035971225,9.352517985611511,17.26618705035971,73.38129496402878,66.18705035971223,7.1942446043165464
E00094271,118,35,14,21,83,69,14,29.66101694915254,11.864406779661017,17.796610169491526,70.33898305084746,58.47457627118644,11.864406779661017
E00094272,124,34,12,22,90,81,9,27.419354838709676,9.67741935483871,17.741935483870968,72.58064516129032,65.32258064516128,7.258064516129033
E00094273,124,37,12,25,87,79,8,29.838709677419356,9.67741935483871,20.161290322580644,70.16129032258065,63.70967741935484,6.451612903225806
E00094274,135,49,19,30,86,71,15,36.2962962962963,14.074074074074074,22.22222222222222,63.70370370370371,52.59259259259259,11.11111111111111
E00094275,186,48,13,35,138,113,25,25.806451612903224,6.989247311827956,18.817204301075268,74.19354838709677,60.752688172043015,13.440860215053762
E00094277,134,36,17,19,98,81,17,26.865671641791046,12.686567164179104,14.17910447761194,73.13432835820896,60.447761194029844,12.686567164179104
E00094278,100,37,17,20,63,55,8,37,17,20,63,55.00000000000001,8
E00094279,113,29,11,18,84,62,22,25.663716814159294,9.734513274336283,15.929203539823009,74.33628318584071,54.86725663716814,19.469026548672566
E00094280,96,21,9,12,75,63,12,21.875,9.375,12.5,78.125,65.625,12.5
E00094281,138,37,11,26,101,76,25,26.811594202898554,7.971014492753622,18.84057971014493,73.18840579710145,55.072463768115945,18.115942028985508
E00094282,283,90,28,62,193,139,54,31.802120141342755,9.89399293286219,21.908127208480565,68.19787985865725,49.11660777385159,19.081272084805654
E00094283,96,34,13,21,62,45,17,35.41666666666667,13.541666666666666,21.875,64.58333333333334,46.875,17.708333333333336
E00094284,102,28,12,16,74,57,17,27.450980392156865,11.76470588235294,15.686274509803921,72.54901960784314,55.88235294117647,16.666666666666664
E00094285,176,46,15,31,130,113,17,26.136363636363637,8.522727272727272,17.613636363636363,73.86363636363636,64.20454545454545,9.659090909090908
E00094286,195,63,24,39,132,102,30,32.30769230769231,12.307692307692308,20,67.6923076923077,52.307692307692314,15.384615384615385
E00094287,154,31,11,20,123,109,14,20.12987012987013,7.142857142857142,12.987012987012985,79.87012987012987,70.77922077922078,9.090909090909092
E00094288,187,65,30,35,122,94,28,34.75935828877005,16.042780748663102,18.71657754010695,65.24064171122996,50.26737967914438,14.973262032085561
E00094289,151,43,14,29,108,91,17,28.47682119205298,9.271523178807946,19.205298013245034,71.52317880794702,60.264900662251655,11.258278145695364
E00094290,111,40,13,27,71,60,11,36.03603603603604,11.711711711711711,24.324324324324326,63.96396396396396,54.054054054054056,9.90990990990991
E00094291,141,37,16,21,104,84,20,26.24113475177305,11.347517730496454,14.893617021276595,73.75886524822694,59.57446808510638,14.184397163120568
E00094292,117,34,14,20,83,75,8,29.059829059829063,11.965811965811966,17.094017094017094,70.94017094017094,64.1025641025641,6.837606837606838
E00094293,233,62,25,37,171,135,36,26.609442060085836,10.72961373390558,15.879828326180256,73.39055793991416,57.93991416309014,15.450643776824036
E00094294,213,61,24,37,152,126,26,28.638497652582164,11.267605633802818,17.370892018779344,71.36150234741784,59.154929577464785,12.206572769953052
E00094295,239,63,20,43,176,153,23,26.359832635983267,8.368200836820083,17.99163179916318,73.64016736401673,64.01673640167364,9.623430962343097
E00094296,151,46,16,30,105,86,19,30.4635761589404,10.596026490066226,19.867549668874172,69.5364238410596,56.95364238410596,12.582781456953644
E00094297,146,29,10,19,117,102,15,19.863013698630137,6.8493150684931505,13.013698630136986,80.13698630136986,69.86301369863014,10.273972602739725
E00094298,227,54,20,34,173,141,32,23.788546255506606,8.81057268722467,14.977973568281937,76.2114537444934,62.11453744493392,14.096916299559473
E00094299,153,41,15,26,112,95,17,26.797385620915033,9.803921568627452,16.99346405228758,73.20261437908496,62.091503267973856,11.11111111111111
E00094300,134,44,14,30,90,72,18,32.83582089552239,10.44776119402985,22.388059701492537,67.16417910447761,53.73134328358209,13.432835820895523
E00094301,137,43,10,33,94,87,7,31.386861313868614,7.2992700729927,24.087591240875913,68.61313868613139,63.503649635036496,5.109489051094891
E00094302,75,23,11,12,52,32,20,30.666666666666664,14.666666666666666,16,69.33333333333334,42.66666666666667,26.666666666666668
E00094303,88,27,12,15,61,37,24,30.681818181818183,13.636363636363635,17.045454545454543,69.31818181818183,42.04545454545455,27.27272727272727
E00094304,138,43,13,30,95,74,21,31.15942028985507,9.420289855072465,21.73913043478261,68.84057971014492,53.62318840579711,15.217391304347828
E00094305,76,24,12,12,52,45,7,31.57894736842105,15.789473684210526,15.789473684210526,68.42105263157895,59.210526315789465,9.210526315789473
E00094306,105,38,17,21,67,57,10,36.19047619047619,16.19047619047619,20,63.8095238095238,54.285714285714285,9.523809523809524
E00094307,195,48,18,30,147,103,44,24.615384615384617,9.230769230769232,15.384615384615385,75.38461538461539,52.820512820512825,22.564102564102566
E00094308,137,39,15,24,98,74,24,28.467153284671532,10.948905109489052,17.51824817518248,71.53284671532847,54.01459854014598,17.51824817518248
E00094309,100,25,9,16,75,63,12,25,9,16,75,63,12
E00094310,131,34,8,26,97,80,17,25.954198473282442,6.106870229007633,19.84732824427481,74.04580152671755,61.06870229007634,12.977099236641221
E00094311,151,48,22,26,103,79,24,31.788079470198678,14.56953642384106,17.218543046357617,68.21192052980133,52.317880794701985,15.894039735099339
E00094312,99,30,10,20,69,60,9,30.303030303030305,10.1010101010101,20.2020202020202,69.6969696969697,60.60606060606061,9.090909090909092
E00094313,174,51,17,34,123,107,16,29.310344827586203,9.770114942528735,19.54022988505747,70.6896551724138,61.49425287356321,9.195402298850574
E00094314,188,39,17,22,149,117,32,20.74468085106383,9.042553191489363,11.702127659574469,79.25531914893617,62.23404255319149,17.02127659574468
E00094315,108,29,11,18,79,71,8,26.851851851851855,10.185185185185185,16.666666666666664,73.14814814814815,65.74074074074075,7.4074074074074066
E00094316,152,45,18,27,107,84,23,29.605263157894733,11.842105263157894,17.763157894736842,70.39473684210526,55.26315789473685,15.131578947368421
E00094317,158,33,14,19,125,107,18,20.88607594936709,8.860759493670885,12.025316455696203,79.11392405063292,67.72151898734177,11.39240506329114
E00094318,97,34,10,24,63,51,12,35.051546391752574,10.309278350515463,24.742268041237114,64.94845360824742,52.57731958762887,12.371134020618557
E00094319,144,44,17,27,100,89,11,30.555555555555557,11.805555555555555,18.75,69.44444444444444,61.80555555555556,7.638888888888889
E00094320,43,14,5,9,29,25,4,32.55813953488372,11.627906976744185,20.930232558139537,67.44186046511628,58.139534883720934,9.30232558139535
E00094321,93,28,11,17,65,57,8,30.107526881720432,11.827956989247312,18.27956989247312,69.89247311827957,61.29032258064516,8.60215053763441
E00094322,120,31,6,25,89,73,16,25.833333333333336,5,20.833333333333336,74.16666666666667,60.83333333333333,13.333333333333334
E00094323,139,39,17,22,100,86,14,28.05755395683453,12.23021582733813,15.827338129496402,71.94244604316546,61.87050359712231,10.071942446043165
E00094324,132,39,12,27,93,81,12,29.545454545454547,9.090909090909092,20.454545454545457,70.45454545454545,61.36363636363637,9.090909090909092
E00094325,144,40,14,26,104,83,21,27.77777777777778,9.722222222222223,18.055555555555554,72.22222222222221,57.638888888888886,14.583333333333334
E00094326,99,26,8,18,73,56,17,26.262626262626267,8.080808080808081,18.181818181818183,73.73737373737373,56.56565656565656,17.17171717171717
E00094327,118,32,8,24,86,74,12,27.11864406779661,6.779661016949152,20.33898305084746,72.88135593220339,62.71186440677966,10.16949152542373
E00094328,136,47,20,27,89,71,18,34.55882352941176,14.705882352941178,19.852941176470587,65.44117647058823,52.20588235294118,13.23529411764706
E00094329,235,52,20,32,183,158,25,22.127659574468083,8.51063829787234,13.617021276595745,77.87234042553192,67.23404255319149,10.638297872340425
E00094330,186,39,18,21,147,130,17,20.967741935483872,9.67741935483871,11.29032258064516,79.03225806451613,69.89247311827957,9.13978494623656
E00094331,137,42,12,30,95,83,12,30.656934306569344,8.75912408759124,21.897810218978105,69.34306569343066,60.58394160583942,8.75912408759124
E00094332,152,47,19,28,105,91,14,30.92105263157895,12.5,18.421052631578945,69.07894736842105,59.86842105263158,9.210526315789473
E00094333,81,26,13,13,55,52,3,32.098765432098766,16.049382716049383,16.049382716049383,67.90123456790124,64.19753086419753,3.7037037037037033
E00094334,90,38,13,25,52,45,7,42.22222222222222,14.444444444444443,27.77777777777778,57.77777777777777,50,7.777777777777778
E00094335,227,59,15,44,168,146,22,25.991189427312776,6.607929515418502,19.383259911894275,74.00881057268722,64.31718061674009,9.691629955947137
E00094336,154,42,19,23,112,93,19,27.27272727272727,12.337662337662337,14.935064935064934,72.72727272727273,60.3896103896104,12.337662337662337
E00094337,122,40,16,24,82,68,14,32.78688524590164,13.114754098360656,19.672131147540984,67.21311475409836,55.73770491803278,11.475409836065573
E00094338,130,35,13,22,95,75,20,26.923076923076923,10,16.923076923076923,73.07692307692307,57.692307692307686,15.384615384615385
E00094339,147,38,11,27,109,93,16,25.850340136054424,7.482993197278912,18.367346938775512,74.14965986394559,63.26530612244898,10.884353741496598
E00094340,141,37,16,21,104,81,23,26.24113475177305,11.347517730496454,14.893617021276595,73.75886524822694,57.446808510638306,16.312056737588655
E00094341,153,36,11,25,117,95,22,23.52941176470588,7.18954248366013,16.33986928104575,76.47058823529412,62.091503267973856,14.37908496732026
E00094342,136,46,20,26,90,73,17,33.82352941176471,14.705882352941178,19.11764705882353,66.17647058823529,53.67647058823529,12.5
E00094343,166,42,14,28,124,106,18,25.301204819277107,8.433734939759036,16.867469879518072,74.69879518072288,63.85542168674698,10.843373493975903
E00094344,221,67,25,42,154,116,38,30.316742081447963,11.312217194570136,19.004524886877828,69.68325791855203,52.488687782805435,17.194570135746606
E00094345,132,34,14,20,98,85,13,25.757575757575758,10.606060606060606,15.151515151515152,74.24242424242425,64.39393939393939,9.848484848484848
E00094347,138,41,21,20,97,91,6,29.71014492753623,15.217391304347828,14.492753623188406,70.28985507246377,65.94202898550725,4.3478260869565215
E00094348,106,24,14,10,82,73,9,22.641509433962266,13.20754716981132,9.433962264150944,77.35849056603774,68.86792452830188,8.49056603773585
E00094349,166,54,18,36,112,93,19,32.53012048192771,10.843373493975903,21.686746987951807,67.46987951807229,56.024096385542165,11.44578313253012
E00094350,89,31,13,18,58,48,10,34.831460674157306,14.606741573033707,20.224719101123593,65.1685393258427,53.93258426966292,11.235955056179774
E00094351,227,76,25,51,151,113,38,33.480176211453745,11.013215859030836,22.46696035242291,66.51982378854625,49.77973568281938,16.740088105726873
E00094352,142,39,18,21,103,85,18,27.464788732394368,12.676056338028168,14.788732394366196,72.53521126760563,59.859154929577464,12.676056338028168
E00094353,178,51,20,31,127,109,18,28.651685393258425,11.235955056179774,17.415730337078653,71.34831460674157,61.23595505617978,10.112359550561797
E00094354,158,39,15,24,119,83,36,24.68354430379747,9.49367088607595,15.18987341772152,75.31645569620254,52.53164556962025,22.78481012658228
E00094355,192,56,13,43,136,110,26,29.166666666666668,6.770833333333333,22.395833333333336,70.83333333333334,57.291666666666664,13.541666666666666
E00094356,131,34,9,25,97,80,17,25.954198473282442,6.870229007633588,19.083969465648856,74.04580152671755,61.06870229007634,12.977099236641221
E00094358,181,54,20,34,127,105,22,29.83425414364641,11.049723756906078,18.784530386740332,70.1657458563536,58.011049723756905,12.154696132596685
E00094359,129,38,15,23,91,74,17,29.457364341085274,11.627906976744185,17.829457364341085,70.54263565891473,57.36434108527132,13.178294573643413
E00094360,152,43,16,27,109,78,31,28.289473684210524,10.526315789473683,17.763157894736842,71.71052631578947,51.31578947368421,20.394736842105264
E00094361,194,53,28,25,141,120,21,27.31958762886598,14.432989690721648,12.886597938144329,72.68041237113401,61.855670103092784,10.824742268041238
E00094362,201,66,32,34,135,99,36,32.83582089552239,15.92039800995025,16.91542288557214,67.16417910447761,49.25373134328358,17.91044776119403
E00094363,141,37,18,19,104,90,14,26.24113475177305,12.76595744680851,13.47517730496454,73.75886524822694,63.829787234042556,9.929078014184398
E00094364,109,36,12,24,73,63,10,33.02752293577982,11.009174311926607,22.018348623853214,66.97247706422019,57.798165137614674,9.174311926605505
E00094365,149,48,17,31,101,83,18,32.21476510067114,11.409395973154362,20.80536912751678,67.78523489932886,55.70469798657718,12.080536912751679
E00094366,156,43,10,33,113,102,11,27.564102564102566,6.41025641025641,21.153846153846153,72.43589743589743,65.38461538461539,7.051282051282051
E00094368,251,71,26,45,180,163,17,28.286852589641438,10.358565737051793,17.928286852589643,71.71314741035857,64.9402390438247,6.772908366533864
E00094369,111,37,18,19,74,69,5,33.33333333333333,16.216216216216218,17.117117117117118,66.66666666666666,62.16216216216216,4.504504504504505
E00094370,132,31,7,24,101,91,10,23.484848484848484,5.303030303030303,18.181818181818183,76.51515151515152,68.93939393939394,7.575757575757576
E00094371,136,31,12,19,105,92,13,22.794117647058822,8.823529411764707,13.970588235294118,77.20588235294117,67.64705882352942,9.558823529411764
E00094372,150,41,15,26,109,93,16,27.333333333333332,10,17.333333333333336,72.66666666666667,62,10.666666666666668
E00094373,118,41,7,34,77,62,15,34.74576271186441,5.932203389830509,28.8135593220339,65.2542372881356,52.54237288135594,12.711864406779661
E00094374,148,35,9,26,113,97,16,23.64864864864865,6.081081081081082,17.56756756756757,76.35135135135135,65.54054054054053,10.81081081081081
E00094375,154,47,9,38,107,90,17,30.519480519480517,5.844155844155844,24.675324675324674,69.48051948051948,58.44155844155844,11.03896103896104
E00094376,137,41,15,26,96,80,16,29.927007299270077,10.948905109489052,18.97810218978102,70.07299270072993,58.3941605839416,11.678832116788321
E00094377,143,40,13,27,103,94,9,27.972027972027973,9.090909090909092,18.88111888111888,72.02797202797203,65.73426573426573,6.293706293706294
E00094378,189,58,23,35,131,118,13,30.687830687830687,12.16931216931217,18.51851851851852,69.31216931216932,62.43386243386243,6.878306878306878
E00094379,150,62,27,35,88,60,28,41.333333333333336,18,23.333333333333332,58.666666666666664,40,18.666666666666668
E00094380,146,49,17,32,97,75,22,33.56164383561644,11.643835616438356,21.91780821917808,66.43835616438356,51.369863013698634,15.068493150684931
E00094381,132,44,20,24,88,67,21,33.33333333333333,15.151515151515152,18.181818181818183,66.66666666666666,50.75757575757576,15.909090909090908
E00094382,106,32,15,17,74,60,14,30.18867924528302,14.150943396226415,16.037735849056602,69.81132075471697,56.60377358490566,13.20754716981132
E00094383,128,34,13,21,94,74,20,26.5625,10.15625,16.40625,73.4375,57.8125,15.625
E00094384,150,48,17,31,102,85,17,32,11.333333333333332,20.666666666666668,68,56.666666666666664,11.333333333333332
E00094385,38,19,10,9,19,16,3,50,26.31578947368421,23.684210526315788,50,42.10526315789473,7.894736842105263
E00094387,195,55,27,28,140,117,23,28.205128205128204,13.846153846153847,14.358974358974358,71.7948717948718,60,11.794871794871794
E00094389,160,49,12,37,111,94,17,30.625000000000004,7.5,23.125,69.375,58.75,10.625
E00094390,167,51,17,34,116,95,21,30.538922155688624,10.179640718562874,20.359281437125748,69.46107784431138,56.886227544910184,12.574850299401197
E00094391,198,51,16,35,147,123,24,25.757575757575758,8.080808080808081,17.67676767676768,74.24242424242425,62.121212121212125,12.121212121212121
E00094392,157,37,10,27,120,101,19,23.56687898089172,6.369426751592357,17.197452229299362,76.43312101910828,64.3312101910828,12.101910828025478
E00094393,274,66,25,41,208,187,21,24.087591240875913,9.124087591240876,14.963503649635038,75.91240875912408,68.24817518248175,7.664233576642336
E00094395,137,38,16,22,99,88,11,27.73722627737226,11.678832116788321,16.05839416058394,72.26277372262774,64.23357664233576,8.02919708029197
E00094396,154,52,19,33,102,86,16,33.76623376623377,12.337662337662337,21.428571428571427,66.23376623376623,55.84415584415584,10.38961038961039
E00094397,142,42,12,30,100,92,8,29.577464788732392,8.450704225352112,21.12676056338028,70.4225352112676,64.7887323943662,5.633802816901409
E00094398,78,21,8,13,57,48,9,26.923076923076923,10.256410256410255,16.666666666666664,73.07692307692307,61.53846153846154,11.538461538461538
E00094399,117,42,10,32,75,62,13,35.8974358974359,8.547008547008547,27.350427350427353,64.1025641025641,52.991452991452995,11.11111111111111
E00094400,84,23,9,14,61,54,7,27.380952380952383,10.714285714285714,16.666666666666664,72.61904761904762,64.28571428571429,8.333333333333332
E00094402,173,45,12,33,128,103,25,26.011560693641616,6.9364161849710975,19.07514450867052,73.98843930635837,59.53757225433526,14.450867052023122
E00094403,169,49,8,41,120,110,10,28.994082840236686,4.733727810650888,24.2603550295858,71.00591715976331,65.08875739644971,5.9171597633136095
E00094404,114,52,15,37,62,57,5,45.614035087719294,13.157894736842104,32.45614035087719,54.385964912280706,50,4.385964912280701
E00094405,125,45,14,31,80,71,9,36,11.200000000000001,24.8,64,56.8,7.199999999999999
E00094406,145,55,15,40,90,82,8,37.93103448275862,10.344827586206897,27.586206896551722,62.06896551724138,56.55172413793104,5.517241379310345
E00094407,155,53,15,38,102,93,9,34.193548387096776,9.67741935483871,24.516129032258064,65.80645161290323,60,5.806451612903226
E00094408,150,52,19,33,98,86,12,34.66666666666667,12.666666666666668,22,65.33333333333333,57.333333333333336,8
E00094409,298,69,20,49,229,208,21,23.154362416107382,6.7114093959731544,16.44295302013423,76.84563758389261,69.79865771812081,7.046979865771812
E00094410,159,40,12,28,119,104,15,25.157232704402517,7.547169811320755,17.61006289308176,74.84276729559748,65.40880503144653,9.433962264150944
E00094411,237,61,19,42,176,159,17,25.738396624472575,8.016877637130802,17.72151898734177,74.26160337552743,67.08860759493672,7.172995780590717
E00094412,126,52,21,31,74,63,11,41.269841269841265,16.666666666666664,24.6031746031746,58.730158730158735,50,8.73015873015873
E00094414,111,35,13,22,76,66,10,31.53153153153153,11.711711711711711,19.81981981981982,68.46846846846847,59.45945945945946,9.00900900900901
E00094415,159,57,19,38,102,88,14,35.84905660377358,11.949685534591195,23.89937106918239,64.15094339622641,55.34591194968554,8.80503144654088
E00094416,123,48,16,32,75,70,5,39.02439024390244,13.008130081300814,26.01626016260163,60.97560975609756,56.91056910569105,4.0650406504065035
E00094417,142,47,15,32,95,84,11,33.098591549295776,10.56338028169014,22.535211267605636,66.90140845070422,59.154929577464785,7.746478873239436
E00094418,125,37,8,29,88,75,13,29.599999999999998,6.4,23.200000000000003,70.39999999999999,60,10.4
E00094419,148,49,18,31,99,87,12,33.108108108108105,12.162162162162163,20.945945945945947,66.8918918918919,58.78378378378378,8.108108108108109
E00094420,153,51,16,35,102,79,23,33.33333333333333,10.457516339869281,22.875816993464053,66.66666666666666,51.633986928104584,15.032679738562091
E00094421,134,44,21,23,90,73,17,32.83582089552239,15.671641791044777,17.16417910447761,67.16417910447761,54.47761194029851,12.686567164179104
E00094422,62,21,11,10,41,34,7,33.87096774193548,17.741935483870968,16.129032258064516,66.12903225806451,54.83870967741935,11.29032258064516
E00094423,114,42,19,23,72,57,15,36.84210526315789,16.666666666666664,20.175438596491226,63.1578947368421,50,13.157894736842104
E00094424,132,37,15,22,95,71,24,28.030303030303028,11.363636363636363,16.666666666666664,71.96969696969697,53.78787878787878,18.181818181818183
E00094425,151,53,22,31,98,75,23,35.099337748344375,14.56953642384106,20.52980132450331,64.90066225165563,49.668874172185426,15.2317880794702
E00094426,187,64,33,31,123,90,33,34.22459893048128,17.647058823529413,16.577540106951872,65.77540106951871,48.1283422459893,17.647058823529413
E00094427,93,38,16,22,55,45,10,40.86021505376344,17.20430107526882,23.655913978494624,59.13978494623656,48.38709677419355,10.75268817204301
E00094428,198,69,32,37,129,95,34,34.84848484848485,16.161616161616163,18.68686868686869,65.15151515151516,47.97979797979798,17.17171717171717
E00094429,55,17,5,12,38,27,11,30.909090909090907,9.090909090909092,21.818181818181817,69.0909090909091,49.09090909090909,20
E00094430,241,64,29,35,177,134,43,26.556016597510375,12.033195020746888,14.522821576763487,73.44398340248964,55.601659751037346,17.842323651452283
E00094431,217,58,31,27,159,116,43,26.72811059907834,14.285714285714285,12.442396313364055,73.27188940092167,53.45622119815668,19.81566820276498
E00094432,125,36,14,22,89,66,23,28.799999999999997,11.200000000000001,17.599999999999998,71.2,52.800000000000004,18.4
E00094433,109,32,9,23,77,67,10,29.357798165137616,8.256880733944955,21.100917431192663,70.64220183486239,61.46788990825688,9.174311926605505
E00094434,137,42,12,30,95,79,16,30.656934306569344,8.75912408759124,21.897810218978105,69.34306569343066,57.66423357664233,11.678832116788321
E00094435,108,31,8,23,77,65,12,28.703703703703702,7.4074074074074066,21.296296296296298,71.29629629629629,60.18518518518518,11.11111111111111
E00094436,124,36,16,20,88,75,13,29.03225806451613,12.903225806451612,16.129032258064516,70.96774193548387,60.483870967741936,10.483870967741936
E00094437,126,36,13,23,90,78,12,28.57142857142857,10.317460317460316,18.253968253968253,71.42857142857143,61.904761904761905,9.523809523809524
E00094438,146,51,17,34,95,77,18,34.93150684931507,11.643835616438356,23.28767123287671,65.06849315068493,52.73972602739726,12.32876712328767
E00094439,139,45,14,31,94,84,10,32.37410071942446,10.071942446043165,22.302158273381295,67.62589928057554,60.431654676258994,7.1942446043165464
E00094440,224,57,25,32,167,149,18,25.44642857142857,11.160714285714286,14.285714285714285,74.55357142857143,66.51785714285714,8.035714285714286
E00094441,160,42,13,29,118,104,14,26.25,8.125,18.125,73.75,65,8.75
E00094442,122,36,10,26,86,75,11,29.508196721311474,8.19672131147541,21.311475409836063,70.49180327868852,61.47540983606557,9.01639344262295
E00094443,103,27,8,19,76,65,11,26.21359223300971,7.766990291262135,18.446601941747574,73.7864077669903,63.10679611650486,10.679611650485436
E00094444,125,42,12,30,83,70,13,33.6,9.6,24,66.4,56.00000000000001,10.4
E00094445,123,36,12,24,87,78,9,29.268292682926827,9.75609756097561,19.51219512195122,70.73170731707317,63.41463414634146,7.317073170731707
E00094446,151,38,8,30,113,100,13,25.165562913907287,5.298013245033113,19.867549668874172,74.83443708609272,66.22516556291392,8.609271523178808
E00094447,199,65,26,39,134,117,17,32.663316582914575,13.06532663316583,19.597989949748744,67.33668341708542,58.79396984924623,8.542713567839195
E00094448,138,38,11,27,100,83,17,27.536231884057973,7.971014492753622,19.565217391304348,72.46376811594203,60.14492753623188,12.318840579710146
E00094449,124,32,7,25,92,72,20,25.806451612903224,5.64516129032258,20.161290322580644,74.19354838709677,58.06451612903226,16.129032258064516
E00094450,122,31,12,19,91,77,14,25.40983606557377,9.836065573770492,15.573770491803279,74.59016393442623,63.114754098360656,11.475409836065573
E00094451,156,46,10,36,110,95,15,29.48717948717949,6.41025641025641,23.076923076923077,70.51282051282051,60.89743589743589,9.615384615384617
E00094452,145,39,11,28,106,102,4,26.89655172413793,7.586206896551724,19.310344827586206,73.10344827586206,70.34482758620689,2.7586206896551726
E00094453,121,47,11,36,74,62,12,38.84297520661157,9.090909090909092,29.75206611570248,61.15702479338842,51.2396694214876,9.917355371900827
E00094454,161,55,12,43,106,90,16,34.161490683229815,7.453416149068323,26.70807453416149,65.83850931677019,55.90062111801242,9.937888198757763
E00094455,146,41,15,26,105,92,13,28.08219178082192,10.273972602739725,17.80821917808219,71.91780821917808,63.013698630136986,8.904109589041095
E00094456,141,36,13,23,105,88,17,25.53191489361702,9.219858156028367,16.312056737588655,74.46808510638297,62.4113475177305,12.056737588652481
E00094457,151,43,9,34,108,89,19,28.47682119205298,5.960264900662252,22.516556291390728,71.52317880794702,58.94039735099338,12.582781456953644
E00094460,190,50,15,35,140,127,13,26.31578947368421,7.894736842105263,18.421052631578945,73.68421052631578,66.84210526315789,6.842105263157896
E00094462,145,42,15,27,103,94,9,28.965517241379313,10.344827586206897,18.620689655172416,71.03448275862068,64.82758620689654,6.206896551724138
E00094463,232,65,21,44,167,140,27,28.01724137931034,9.051724137931034,18.96551724137931,71.98275862068965,60.3448275862069,11.637931034482758
E00094464,182,53,17,36,129,113,16,29.120879120879124,9.340659340659341,19.78021978021978,70.87912087912088,62.08791208791209,8.791208791208792
E00094465,147,45,15,30,102,95,7,30.612244897959183,10.204081632653061,20.408163265306122,69.38775510204081,64.62585034013605,4.761904761904762
E00094466,128,32,8,24,96,85,11,25,6.25,18.75,75,66.40625,8.59375
E00094467,167,53,16,37,114,106,8,31.736526946107784,9.580838323353294,22.15568862275449,68.26347305389223,63.47305389221557,4.790419161676647
E00094468,140,40,11,29,100,83,17,28.57142857142857,7.857142857142857,20.714285714285715,71.42857142857143,59.285714285714285,12.142857142857142
E00094469,121,44,9,35,77,61,16,36.36363636363637,7.43801652892562,28.92561983471074,63.63636363636363,50.413223140495866,13.223140495867769
E00094470,148,38,13,25,110,93,17,25.675675675675674,8.783783783783784,16.89189189189189,74.32432432432432,62.83783783783784,11.486486486486488
E00094471,159,49,21,28,110,92,18,30.81761006289308,13.20754716981132,17.61006289308176,69.18238993710692,57.861635220125784,11.320754716981133
E00094472,109,32,11,21,77,72,5,29.357798165137616,10.091743119266056,19.26605504587156,70.64220183486239,66.05504587155964,4.587155963302752
E00094473,141,47,15,32,94,88,6,33.33333333333333,10.638297872340425,22.69503546099291,66.66666666666666,62.4113475177305,4.25531914893617
E00094474,145,38,12,26,107,93,14,26.20689655172414,8.275862068965518,17.93103448275862,73.79310344827587,64.13793103448275,9.655172413793103
E00094475,190,50,14,36,140,127,13,26.31578947368421,7.368421052631578,18.947368421052634,73.68421052631578,66.84210526315789,6.842105263157896
E00094476,108,37,9,28,71,63,8,34.25925925925926,8.333333333333332,25.925925925925924,65.74074074074075,58.333333333333336,7.4074074074074066
E00094477,148,35,8,27,113,97,16,23.64864864864865,5.405405405405405,18.243243243243242,76.35135135135135,65.54054054054053,10.81081081081081
E00094478,135,38,11,27,97,84,13,28.14814814814815,8.148148148148149,20,71.85185185185186,62.22222222222222,9.62962962962963
E00094479,135,46,12,34,89,78,11,34.074074074074076,8.88888888888889,25.185185185185183,65.92592592592592,57.77777777777777,8.148148148148149
E00094480,116,41,14,27,75,64,11,35.3448275862069,12.068965517241379,23.275862068965516,64.65517241379311,55.172413793103445,9.482758620689655
E00094481,152,43,14,29,109,100,9,28.289473684210524,9.210526315789473,19.078947368421055,71.71052631578947,65.78947368421053,5.921052631578947
E00094482,148,59,23,36,89,82,7,39.86486486486486,15.54054054054054,24.324324324324326,60.13513513513513,55.4054054054054,4.72972972972973
E00094483,132,35,10,25,97,86,11,26.515151515151516,7.575757575757576,18.939393939393938,73.48484848484848,65.15151515151516,8.333333333333332
E00094484,171,45,6,39,126,114,12,26.31578947368421,3.508771929824561,22.807017543859647,73.68421052631578,66.66666666666666,7.017543859649122
E00094485,188,44,12,32,144,128,16,23.404255319148938,6.382978723404255,17.02127659574468,76.59574468085107,68.08510638297872,8.51063829787234
E00094486,110,32,14,18,78,62,16,29.09090909090909,12.727272727272727,16.363636363636363,70.9090909090909,56.36363636363636,14.545454545454545
E00094487,125,26,9,17,99,86,13,20.8,7.199999999999999,13.600000000000001,79.2,68.8,10.4
E00094489,150,42,12,30,108,95,13,28.000000000000004,8,20,72,63.33333333333333,8.666666666666668
E00094490,226,64,23,41,162,150,12,28.31858407079646,10.176991150442479,18.141592920353983,71.68141592920354,66.3716814159292,5.3097345132743365
E00094491,146,38,13,25,108,98,10,26.027397260273972,8.904109589041095,17.123287671232877,73.97260273972603,67.12328767123287,6.8493150684931505
E00094492,156,39,15,24,117,103,14,25,9.615384615384617,15.384615384615385,75,66.02564102564102,8.974358974358974
E00094493,144,42,9,33,102,91,11,29.166666666666668,6.25,22.916666666666664,70.83333333333334,63.19444444444444,7.638888888888889
E00094494,150,38,10,28,112,102,10,25.333333333333336,6.666666666666667,18.666666666666668,74.66666666666667,68,6.666666666666667
E00094495,124,35,13,22,89,76,13,28.225806451612907,10.483870967741936,17.741935483870968,71.7741935483871,61.29032258064516,10.483870967741936
E00094496,202,45,12,33,157,144,13,22.277227722772277,5.9405940594059405,16.33663366336634,77.72277227722772,71.28712871287128,6.435643564356436
E00094497,170,57,13,44,113,99,14,33.52941176470588,7.647058823529412,25.882352941176475,66.47058823529412,58.235294117647065,8.235294117647058
E00094498,289,64,20,44,225,192,33,22.145328719723185,6.920415224913495,15.22491349480969,77.85467128027682,66.43598615916954,11.418685121107266
E00094499,127,35,13,22,92,77,15,27.559055118110237,10.236220472440944,17.322834645669293,72.44094488188976,60.629921259842526,11.811023622047244
E00094500,193,67,27,40,126,95,31,34.715025906735754,13.989637305699482,20.72538860103627,65.28497409326425,49.22279792746114,16.06217616580311
E00094501,190,56,25,31,134,96,38,29.47368421052631,13.157894736842104,16.315789473684212,70.52631578947368,50.526315789473685,20
E00094502,141,49,18,31,92,64,28,34.751773049645394,12.76595744680851,21.98581560283688,65.24822695035462,45.39007092198582,19.858156028368796
E00094503,103,21,6,15,82,66,16,20.388349514563107,5.825242718446602,14.563106796116504,79.6116504854369,64.07766990291263,15.53398058252427
E00094504,175,59,24,35,116,92,24,33.714285714285715,13.714285714285715,20,66.28571428571428,52.57142857142857,13.714285714285715
E00094505,152,48,26,22,104,70,34,31.57894736842105,17.105263157894736,14.473684210526317,68.42105263157895,46.05263157894737,22.36842105263158
E00094506,126,46,15,31,80,56,24,36.507936507936506,11.904761904761903,24.6031746031746,63.49206349206349,44.44444444444444,19.047619047619047
E00094507,295,101,45,56,194,136,58,34.23728813559322,15.254237288135593,18.983050847457626,65.76271186440678,46.101694915254235,19.661016949152543
E00094508,120,31,19,12,89,69,20,25.833333333333336,15.833333333333332,10,74.16666666666667,57.49999999999999,16.666666666666664
E00094509,43,11,0,11,32,28,4,25.581395348837212,0,25.581395348837212,74.4186046511628,65.11627906976744,9.30232558139535
E00094510,120,33,19,14,87,50,37,27.500000000000004,15.833333333333332,11.666666666666666,72.5,41.66666666666667,30.833333333333336
E00094511,148,38,7,31,110,72,38,25.675675675675674,4.72972972972973,20.945945945945947,74.32432432432432,48.64864864864865,25.675675675675674
E00094512,175,44,13,31,131,97,34,25.142857142857146,7.428571428571429,17.71428571428571,74.85714285714286,55.42857142857143,19.428571428571427
E00094513,228,77,23,54,151,112,39,33.771929824561404,10.087719298245613,23.684210526315788,66.22807017543859,49.122807017543856,17.105263157894736
E00094514,123,37,14,23,86,62,24,30.081300813008134,11.38211382113821,18.69918699186992,69.91869918699187,50.40650406504065,19.51219512195122
E00094515,120,35,6,29,85,57,28,29.166666666666668,5,24.166666666666668,70.83333333333334,47.5,23.333333333333332
E00094516,173,56,32,24,117,80,37,32.369942196531795,18.497109826589593,13.872832369942195,67.63005780346822,46.24277456647399,21.38728323699422
E00094517,159,54,25,29,105,66,39,33.9622641509434,15.723270440251572,18.238993710691823,66.0377358490566,41.509433962264154,24.528301886792452
E00094518,283,97,40,57,186,140,46,34.275618374558306,14.13427561837456,20.141342756183743,65.7243816254417,49.46996466431096,16.25441696113074
E00094519,269,66,15,51,203,156,47,24.53531598513011,5.5762081784386615,18.95910780669145,75.46468401486989,57.99256505576208,17.472118959107807
E00094521,127,46,17,29,81,67,14,36.22047244094488,13.385826771653544,22.83464566929134,63.77952755905512,52.75590551181102,11.023622047244094
E00094522,87,30,5,25,57,50,7,34.48275862068966,5.747126436781609,28.735632183908045,65.51724137931035,57.47126436781609,8.045977011494253
E00094523,114,36,11,25,78,54,24,31.57894736842105,9.649122807017543,21.929824561403507,68.42105263157895,47.368421052631575,21.052631578947366
E00094524,115,44,14,30,71,60,11,38.26086956521739,12.173913043478262,26.08695652173913,61.73913043478261,52.17391304347826,9.565217391304348
E00094525,125,33,13,20,92,74,18,26.400000000000002,10.4,16,73.6,59.199999999999996,14.399999999999999
E00094526,135,47,18,29,88,74,14,34.81481481481482,13.333333333333334,21.48148148148148,65.18518518518519,54.81481481481482,10.37037037037037
E00094527,169,44,20,24,125,92,33,26.035502958579883,11.834319526627219,14.201183431952662,73.96449704142012,54.437869822485204,19.526627218934912
E00094528,95,27,9,18,68,56,12,28.421052631578945,9.473684210526317,18.947368421052634,71.57894736842105,58.94736842105262,12.631578947368421
E00094529,92,32,7,25,60,52,8,34.78260869565217,7.608695652173914,27.173913043478258,65.21739130434783,56.52173913043478,8.695652173913043
E00094530,175,55,29,26,120,104,16,31.428571428571427,16.57142857142857,14.857142857142858,68.57142857142857,59.42857142857143,9.142857142857142
E00094531,141,46,10,36,95,83,12,32.62411347517731,7.092198581560284,25.53191489361702,67.37588652482269,58.86524822695035,8.51063829787234
E00094532,146,47,21,26,99,81,18,32.19178082191781,14.383561643835616,17.80821917808219,67.8082191780822,55.47945205479452,12.32876712328767
E00094533,111,34,21,13,77,62,15,30.630630630630627,18.91891891891892,11.711711711711711,69.36936936936937,55.85585585585585,13.513513513513514
E00094534,147,48,15,33,99,89,10,32.6530612244898,10.204081632653061,22.448979591836736,67.3469387755102,60.544217687074834,6.802721088435375
E00094535,134,37,19,18,97,83,14,27.611940298507463,14.17910447761194,13.432835820895523,72.38805970149254,61.940298507462686,10.44776119402985
E00094536,140,37,13,24,103,87,16,26.42857142857143,9.285714285714286,17.142857142857142,73.57142857142858,62.142857142857146,11.428571428571429
E00094537,127,40,9,31,87,74,13,31.496062992125985,7.086614173228346,24.409448818897637,68.50393700787401,58.26771653543307,10.236220472440944
E00094538,183,64,25,39,119,104,15,34.97267759562842,13.661202185792352,21.311475409836063,65.02732240437157,56.830601092896174,8.19672131147541
E00094539,129,38,13,25,91,86,5,29.457364341085274,10.077519379844961,19.379844961240313,70.54263565891473,66.66666666666666,3.875968992248062
E00094540,150,57,17,40,93,77,16,38,11.333333333333332,26.666666666666668,62,51.33333333333333,10.666666666666668
E00094541,154,45,7,38,109,97,12,29.22077922077922,4.545454545454546,24.675324675324674,70.77922077922078,62.98701298701299,7.792207792207792
E00094542,152,53,14,39,99,86,13,34.868421052631575,9.210526315789473,25.657894736842106,65.13157894736842,56.57894736842105,8.552631578947368
E00094543,140,48,18,30,92,79,13,34.285714285714285,12.857142857142856,21.428571428571427,65.71428571428571,56.42857142857143,9.285714285714286
E00094544,96,34,11,23,62,49,13,35.41666666666667,11.458333333333332,23.958333333333336,64.58333333333334,51.041666666666664,13.541666666666666
E00094545,146,35,9,26,111,95,16,23.972602739726025,6.164383561643835,17.80821917808219,76.02739726027397,65.06849315068493,10.95890410958904
E00094546,126,49,10,39,77,71,6,38.88888888888889,7.936507936507936,30.952380952380953,61.111111111111114,56.34920634920635,4.761904761904762
E00094547,152,37,18,19,115,93,22,24.342105263157894,11.842105263157894,12.5,75.6578947368421,61.18421052631579,14.473684210526317
E00094548,150,52,14,38,98,85,13,34.66666666666667,9.333333333333334,25.333333333333336,65.33333333333333,56.666666666666664,8.666666666666668
E00094549,117,32,10,22,85,73,12,27.350427350427353,8.547008547008547,18.803418803418804,72.64957264957265,62.39316239316239,10.256410256410255
E00094550,140,43,14,29,97,88,9,30.714285714285715,10,20.714285714285715,69.28571428571428,62.857142857142854,6.428571428571428
E00094551,160,46,13,33,114,105,9,28.749999999999996,8.125,20.625,71.25,65.625,5.625
E00094553,93,29,7,22,64,57,7,31.182795698924732,7.526881720430108,23.655913978494624,68.81720430107528,61.29032258064516,7.526881720430108
E00094554,153,44,13,31,109,92,17,28.75816993464052,8.49673202614379,20.26143790849673,71.24183006535948,60.130718954248366,11.11111111111111
E00094555,134,36,10,26,98,87,11,26.865671641791046,7.462686567164178,19.402985074626866,73.13432835820896,64.92537313432835,8.208955223880597
E00094556,82,23,4,19,59,54,5,28.04878048780488,4.878048780487805,23.170731707317074,71.95121951219512,65.85365853658537,6.097560975609756
E00094557,157,48,12,36,109,93,16,30.573248407643312,7.643312101910828,22.929936305732486,69.42675159235668,59.23566878980891,10.191082802547772
E00094558,166,48,20,28,118,109,9,28.915662650602407,12.048192771084338,16.867469879518072,71.08433734939759,65.66265060240963,5.421686746987952
E00094559,282,63,16,47,219,192,27,22.340425531914892,5.673758865248227,16.666666666666664,77.6595744680851,68.08510638297872,9.574468085106384
E00094560,137,32,12,20,105,92,13,23.357664233576642,8.75912408759124,14.5985401459854,76.64233576642336,67.15328467153284,9.48905109489051
E00094561,194,50,18,32,144,133,11,25.773195876288657,9.278350515463918,16.49484536082474,74.22680412371135,68.55670103092784,5.670103092783505
E00094562,197,53,13,40,144,130,14,26.903553299492383,6.598984771573605,20.304568527918782,73.09644670050761,65.98984771573603,7.1065989847715745
E00094563,142,44,22,22,98,89,9,30.985915492957744,15.492957746478872,15.492957746478872,69.01408450704226,62.676056338028175,6.338028169014084
E00094564,146,44,11,33,102,97,5,30.136986301369863,7.534246575342466,22.602739726027394,69.86301369863014,66.43835616438356,3.4246575342465753
E00094565,182,43,6,37,139,123,16,23.626373626373624,3.296703296703297,20.32967032967033,76.37362637362637,67.58241758241759,8.791208791208792
E00094566,110,29,6,23,81,69,12,26.36363636363636,5.454545454545454,20.909090909090907,73.63636363636363,62.727272727272734,10.909090909090908
E00094567,126,34,9,25,92,80,12,26.984126984126984,7.142857142857142,19.841269841269842,73.01587301587301,63.49206349206349,9.523809523809524
E00094568,132,39,18,21,93,79,14,29.545454545454547,13.636363636363635,15.909090909090908,70.45454545454545,59.84848484848485,10.606060606060606
E00094569,124,28,13,15,96,82,14,22.58064516129032,10.483870967741936,12.096774193548388,77.41935483870968,66.12903225806451,11.29032258064516
E00094570,154,50,15,35,104,91,13,32.467532467532465,9.740259740259742,22.727272727272727,67.53246753246754,59.09090909090909,8.441558441558442
E00094571,137,33,4,29,104,94,10,24.087591240875913,2.9197080291970803,21.16788321167883,75.91240875912408,68.61313868613139,7.2992700729927
E00094572,175,50,17,33,125,104,21,28.57142857142857,9.714285714285714,18.857142857142858,71.42857142857143,59.42857142857143,12
E00094573,209,48,9,39,161,136,25,22.966507177033492,4.30622009569378,18.660287081339714,77.03349282296651,65.07177033492823,11.961722488038278
E00094574,103,21,10,11,82,79,3,20.388349514563107,9.70873786407767,10.679611650485436,79.6116504854369,76.69902912621359,2.912621359223301
E00094575,148,42,14,28,106,96,10,28.37837837837838,9.45945945945946,18.91891891891892,71.62162162162163,64.86486486486487,6.756756756756757
E00094576,108,29,6,23,79,69,10,26.851851851851855,5.555555555555555,21.296296296296298,73.14814814814815,63.888888888888886,9.25925925925926
E00094577,267,71,24,47,196,171,25,26.591760299625467,8.98876404494382,17.60299625468165,73.40823970037454,64.04494382022472,9.363295880149813
E00094578,130,49,14,35,81,71,10,37.69230769230769,10.76923076923077,26.923076923076923,62.30769230769231,54.61538461538461,7.6923076923076925
E00094579,117,41,10,31,76,68,8,35.04273504273504,8.547008547008547,26.495726495726498,64.95726495726495,58.119658119658126,6.837606837606838
E00094581,164,41,10,31,123,112,11,25,6.097560975609756,18.902439024390244,75,68.29268292682927,6.707317073170732
E00094582,202,48,10,38,154,130,24,23.762376237623762,4.9504950495049505,18.81188118811881,76.23762376237624,64.35643564356435,11.881188118811881
E00094583,124,40,12,28,84,69,15,32.25806451612903,9.67741935483871,22.58064516129032,67.74193548387096,55.64516129032258,12.096774193548388
E00094584,209,47,18,29,162,149,13,22.48803827751196,8.61244019138756,13.875598086124402,77.51196172248804,71.29186602870813,6.220095693779904
E00094587,114,35,8,27,79,71,8,30.701754385964914,7.017543859649122,23.684210526315788,69.2982456140351,62.28070175438597,7.017543859649122
E00094589,102,29,3,26,73,66,7,28.431372549019606,2.941176470588235,25.49019607843137,71.56862745098039,64.70588235294117,6.862745098039216
E00094590,108,46,14,32,62,52,10,42.592592592592595,12.962962962962962,29.629629629629626,57.407407407407405,48.148148148148145,9.25925925925926
E00094591,245,61,22,39,184,157,27,24.897959183673468,8.979591836734693,15.918367346938775,75.10204081632654,64.08163265306122,11.020408163265307
E00094592,153,43,15,28,110,91,19,28.104575163398692,9.803921568627452,18.30065359477124,71.89542483660131,59.47712418300654,12.418300653594772
E00094593,120,28,11,17,92,77,15,23.333333333333332,9.166666666666666,14.166666666666666,76.66666666666667,64.16666666666667,12.5
E00094594,106,33,10,23,73,69,4,31.132075471698112,9.433962264150944,21.69811320754717,68.86792452830188,65.09433962264151,3.7735849056603774
E00094595,114,42,22,20,72,62,10,36.84210526315789,19.298245614035086,17.543859649122805,63.1578947368421,54.385964912280706,8.771929824561402
E00094596,150,40,5,35,110,98,12,26.666666666666668,3.3333333333333335,23.333333333333332,73.33333333333333,65.33333333333333,8
E00094597,94,29,7,22,65,61,4,30.851063829787233,7.446808510638298,23.404255319148938,69.14893617021278,64.8936170212766,4.25531914893617
E00094598,90,32,10,22,58,47,11,35.55555555555556,11.11111111111111,24.444444444444443,64.44444444444444,52.22222222222223,12.222222222222221
E00094599,93,23,10,13,70,61,9,24.731182795698924,10.75268817204301,13.978494623655912,75.26881720430107,65.59139784946237,9.67741935483871
E00094600,226,59,14,45,167,138,29,26.10619469026549,6.1946902654867255,19.911504424778762,73.89380530973452,61.06194690265486,12.831858407079647
E00094601,144,31,13,18,113,97,16,21.52777777777778,9.027777777777777,12.5,78.47222222222221,67.36111111111111,11.11111111111111
E00094602,153,58,19,39,95,81,14,37.908496732026144,12.418300653594772,25.49019607843137,62.091503267973856,52.94117647058824,9.15032679738562
E00094603,149,35,10,25,114,96,18,23.48993288590604,6.7114093959731544,16.778523489932887,76.51006711409396,64.42953020134227,12.080536912751679
E00094604,127,39,15,24,88,79,9,30.708661417322837,11.811023622047244,18.89763779527559,69.29133858267717,62.20472440944882,7.086614173228346
E00094606,165,39,11,28,126,107,19,23.636363636363637,6.666666666666667,16.969696969696972,76.36363636363637,64.84848484848484,11.515151515151516
E00094607,128,39,12,27,89,80,9,30.46875,9.375,21.09375,69.53125,62.5,7.03125
E00094608,155,43,18,25,112,99,13,27.741935483870968,11.612903225806452,16.129032258064516,72.25806451612902,63.87096774193548,8.38709677419355
E00094609,149,34,8,26,115,100,15,22.818791946308725,5.369127516778524,17.449664429530202,77.18120805369128,67.11409395973155,10.06711409395973
E00094611,132,38,15,23,94,89,5,28.78787878787879,11.363636363636363,17.424242424242426,71.21212121212122,67.42424242424242,3.787878787878788
E00094612,104,27,11,16,77,70,7,25.961538461538463,10.576923076923077,15.384615384615385,74.03846153846155,67.3076923076923,6.730769230769231
E00094613,129,37,11,26,92,77,15,28.68217054263566,8.527131782945736,20.155038759689923,71.31782945736434,59.68992248062015,11.627906976744185
E00094614,101,28,9,19,73,63,10,27.722772277227726,8.91089108910891,18.81188118811881,72.27722772277228,62.37623762376238,9.900990099009901
E00094615,94,26,6,20,68,57,11,27.659574468085108,6.382978723404255,21.27659574468085,72.3404255319149,60.63829787234043,11.702127659574469
E00094616,276,74,25,49,202,179,23,26.811594202898554,9.057971014492754,17.753623188405797,73.18840579710145,64.85507246376811,8.333333333333332
E00094617,104,24,9,15,80,69,11,23.076923076923077,8.653846153846153,14.423076923076922,76.92307692307693,66.34615384615384,10.576923076923077
E00094618,149,41,12,29,108,96,12,27.516778523489933,8.053691275167784,19.463087248322147,72.48322147651007,64.42953020134227,8.053691275167784
E00094619,107,27,8,19,80,68,12,25.233644859813083,7.476635514018691,17.75700934579439,74.76635514018692,63.55140186915887,11.214953271028037
E00094620,117,30,10,20,87,78,9,25.64102564102564,8.547008547008547,17.094017094017094,74.35897435897436,66.66666666666666,7.6923076923076925
E00094621,209,48,9,39,161,139,22,22.966507177033492,4.30622009569378,18.660287081339714,77.03349282296651,66.50717703349282,10.526315789473683
E00094622,142,35,12,23,107,95,12,24.647887323943664,8.450704225352112,16.19718309859155,75.35211267605634,66.90140845070422,8.450704225352112
E00094623,108,30,10,20,78,66,12,27.77777777777778,9.25925925925926,18.51851851851852,72.22222222222221,61.111111111111114,11.11111111111111
E00094624,193,52,18,34,141,121,20,26.94300518134715,9.32642487046632,17.616580310880828,73.05699481865285,62.69430051813472,10.362694300518134
E00094625,71,25,9,16,46,39,7,35.2112676056338,12.676056338028168,22.535211267605636,64.7887323943662,54.929577464788736,9.859154929577464
E00094626,102,23,11,12,79,74,5,22.54901960784314,10.784313725490197,11.76470588235294,77.45098039215686,72.54901960784314,4.901960784313726
E00094627,118,41,12,29,77,70,7,34.74576271186441,10.16949152542373,24.576271186440678,65.2542372881356,59.32203389830508,5.932203389830509
E00094628,187,48,14,34,139,121,18,25.668449197860966,7.4866310160427805,18.181818181818183,74.33155080213903,64.70588235294117,9.62566844919786
E00094629,125,40,15,25,85,75,10,32,12,20,68,60,8
E00094630,207,46,16,30,161,143,18,22.22222222222222,7.729468599033816,14.492753623188406,77.77777777777779,69.08212560386472,8.695652173913043
E00094632,343,80,19,61,263,235,28,23.323615160349853,5.539358600583091,17.784256559766764,76.67638483965014,68.5131195335277,8.16326530612245
E00094633,179,52,17,35,127,115,12,29.05027932960894,9.497206703910614,19.553072625698324,70.94972067039106,64.24581005586593,6.70391061452514
E00094634,178,47,10,37,131,115,16,26.40449438202247,5.617977528089887,20.786516853932586,73.59550561797754,64.60674157303372,8.98876404494382
E00094635,162,39,13,26,123,105,18,24.074074074074073,8.024691358024691,16.049382716049383,75.92592592592592,64.81481481481481,11.11111111111111
E00094636,239,65,27,38,174,149,25,27.19665271966527,11.297071129707113,15.899581589958158,72.80334728033473,62.34309623430963,10.460251046025103
E00094637,169,53,17,36,116,103,13,31.360946745562128,10.059171597633137,21.301775147928996,68.63905325443787,60.946745562130175,7.6923076923076925
E00094638,73,18,7,11,55,44,11,24.65753424657534,9.58904109589041,15.068493150684931,75.34246575342466,60.273972602739725,15.068493150684931
E00094639,210,57,16,41,153,130,23,27.142857142857142,7.6190476190476195,19.523809523809526,72.85714285714285,61.904761904761905,10.952380952380953
E00094640,128,29,10,19,99,85,14,22.65625,7.8125,14.84375,77.34375,66.40625,10.9375
E00094641,178,47,10,37,131,123,8,26.40449438202247,5.617977528089887,20.786516853932586,73.59550561797754,69.10112359550563,4.49438202247191
E00168824,85,53,25,28,32,28,4,62.35294117647059,29.411764705882355,32.94117647058823,37.64705882352941,32.94117647058823,4.705882352941177
E00168825,166,92,41,51,74,67,7,55.42168674698795,24.69879518072289,30.72289156626506,44.57831325301205,40.36144578313253,4.216867469879518
E00168826,174,40,15,25,134,113,21,22.988505747126435,8.620689655172415,14.367816091954023,77.01149425287356,64.9425287356322,12.068965517241379
E00168827,268,54,17,37,214,194,20,20.149253731343283,6.343283582089552,13.805970149253731,79.8507462686567,72.38805970149254,7.462686567164178
E00168828,142,38,17,21,104,90,14,26.76056338028169,11.971830985915492,14.788732394366196,73.23943661971832,63.38028169014085,9.859154929577464
E00168829,254,55,23,32,199,176,23,21.653543307086615,9.05511811023622,12.598425196850393,78.34645669291339,69.29133858267717,9.05511811023622
E00168830,86,15,7,8,71,60,11,17.441860465116278,8.13953488372093,9.30232558139535,82.55813953488372,69.76744186046511,12.790697674418606
E00168831,105,24,14,10,81,73,8,22.857142857142858,13.333333333333334,9.523809523809524,77.14285714285715,69.52380952380952,7.6190476190476195
E00168832,171,34,12,22,137,125,12,19.883040935672515,7.017543859649122,12.865497076023392,80.11695906432749,73.09941520467837,7.017543859649122
E00168833,74,27,10,17,47,47,0,36.486486486486484,13.513513513513514,22.972972972972975,63.51351351351351,63.51351351351351,0
E00168834,175,36,16,20,139,127,12,20.57142857142857,9.142857142857142,11.428571428571429,79.42857142857143,72.57142857142857,6.857142857142858
E00168835,186,33,15,18,153,140,13,17.741935483870968,8.064516129032258,9.67741935483871,82.25806451612904,75.26881720430107,6.989247311827956
E00168836,104,25,13,12,79,51,28,24.03846153846154,12.5,11.538461538461538,75.96153846153845,49.03846153846153,26.923076923076923
E00168837,85,17,7,10,68,60,8,20,8.235294117647058,11.76470588235294,80,70.58823529411765,9.411764705882353
E00168838,114,31,4,27,83,76,7,27.192982456140353,3.508771929824561,23.684210526315788,72.80701754385966,66.66666666666666,6.140350877192982
E00168841,306,66,12,54,240,212,28,21.568627450980394,3.9215686274509802,17.647058823529413,78.43137254901961,69.28104575163398,9.15032679738562
E00168842,372,85,25,60,287,251,36,22.849462365591396,6.720430107526881,16.129032258064516,77.15053763440861,67.47311827956989,9.67741935483871
E00168844,86,28,5,23,58,49,9,32.55813953488372,5.813953488372093,26.744186046511626,67.44186046511628,56.97674418604651,10.465116279069768
E00168845,183,57,16,41,126,106,20,31.147540983606557,8.743169398907105,22.404371584699454,68.85245901639344,57.92349726775956,10.92896174863388
E00168846,185,34,9,25,151,130,21,18.37837837837838,4.864864864864865,13.513513513513514,81.62162162162161,70.27027027027027,11.351351351351353
E00168847,107,32,13,19,75,63,12,29.906542056074763,12.149532710280374,17.75700934579439,70.09345794392523,58.87850467289719,11.214953271028037
E00168848,213,61,27,34,152,130,22,28.638497652582164,12.676056338028168,15.96244131455399,71.36150234741784,61.03286384976526,10.328638497652582
E00168849,231,75,32,43,156,122,34,32.467532467532465,13.852813852813853,18.614718614718615,67.53246753246754,52.81385281385281,14.71861471861472
E00188753,62,10,3,7,52,45,7,16.129032258064516,4.838709677419355,11.29032258064516,83.87096774193549,72.58064516129032,11.29032258064516
E00188755,186,39,17,22,147,116,31,20.967741935483872,9.13978494623656,11.827956989247312,79.03225806451613,62.365591397849464,16.666666666666664
E00188756,233,62,23,39,171,148,23,26.609442060085836,9.871244635193133,16.738197424892704,73.39055793991416,63.519313304721024,9.871244635193133
E00188758,186,23,5,18,163,146,17,12.365591397849462,2.6881720430107525,9.67741935483871,87.63440860215054,78.49462365591397,9.13978494623656
E00188759,149,40,12,28,109,92,17,26.845637583892618,8.053691275167784,18.79194630872483,73.15436241610739,61.74496644295302,11.409395973154362
E00188760,189,22,4,18,167,150,17,11.64021164021164,2.1164021164021163,9.523809523809524,88.35978835978835,79.36507936507937,8.994708994708994
E00188763,137,38,16,22,99,80,19,27.73722627737226,11.678832116788321,16.05839416058394,72.26277372262774,58.3941605839416,13.86861313868613
E00188764,182,34,8,26,148,129,19,18.681318681318682,4.395604395604396,14.285714285714285,81.31868131868131,70.87912087912088,10.43956043956044
E00188766,144,39,16,23,105,85,20,27.083333333333332,11.11111111111111,15.972222222222221,72.91666666666666,59.02777777777778,13.88888888888889
E00188767,167,37,18,19,130,100,30,22.15568862275449,10.778443113772456,11.377245508982035,77.84431137724552,59.88023952095808,17.964071856287426
E00188769,154,43,15,28,111,90,21,27.92207792207792,9.740259740259742,18.181818181818183,72.07792207792207,58.44155844155844,13.636363636363635
E00188770,216,46,13,33,170,149,21,21.296296296296298,6.018518518518518,15.277777777777779,78.70370370370371,68.98148148148148,9.722222222222223
E00188773,210,43,12,31,167,149,18,20.476190476190474,5.714285714285714,14.761904761904763,79.52380952380952,70.95238095238095,8.571428571428571
E00188776,176,33,9,24,143,131,12,18.75,5.113636363636364,13.636363636363635,81.25,74.43181818181817,6.8181818181818175
E00188778,184,36,12,24,148,123,25,19.565217391304348,6.521739130434782,13.043478260869565,80.43478260869566,66.84782608695652,13.586956521739129
E00188779,155,38,12,26,117,96,21,24.516129032258064,7.741935483870968,16.7741935483871,75.48387096774194,61.935483870967744,13.548387096774196
E00188780,190,42,13,29,148,126,22,22.105263157894736,6.842105263157896,15.263157894736842,77.89473684210526,66.3157894736842,11.578947368421053
E00188781,144,32,8,24,112,99,13,22.22222222222222,5.555555555555555,16.666666666666664,77.77777777777779,68.75,9.027777777777777
E00188782,129,47,19,28,82,76,6,36.434108527131784,14.728682170542637,21.705426356589147,63.565891472868216,58.91472868217055,4.651162790697675
E00188785,92,30,11,19,62,59,3,32.608695652173914,11.956521739130435,20.652173913043477,67.3913043478261,64.13043478260869,3.260869565217391
E00188786,12,8,3,5,4,2,2,66.66666666666666,25,41.66666666666667,33.33333333333333,16.666666666666664,16.666666666666664
E00188791,205,53,13,40,152,120,32,25.853658536585368,6.341463414634147,19.51219512195122,74.14634146341463,58.536585365853654,15.609756097560975
E00188792,199,34,7,27,165,137,28,17.08542713567839,3.5175879396984926,13.5678391959799,82.91457286432161,68.84422110552764,14.07035175879397
E00188793,107,25,6,19,82,71,11,23.364485981308412,5.607476635514018,17.75700934579439,76.63551401869158,66.35514018691589,10.2803738317757
E00188795,154,32,9,23,122,107,15,20.77922077922078,5.844155844155844,14.935064935064934,79.22077922077922,69.48051948051948,9.740259740259742
E00188796,145,40,13,27,105,98,7,27.586206896551722,8.96551724137931,18.620689655172416,72.41379310344827,67.58620689655173,4.827586206896552
E00188798,143,33,4,29,110,99,11,23.076923076923077,2.797202797202797,20.27972027972028,76.92307692307693,69.23076923076923,7.6923076923076925
E00188799,217,48,13,35,169,150,19,22.119815668202765,5.990783410138248,16.129032258064516,77.88018433179722,69.12442396313364,8.755760368663594
E00188800,181,46,14,32,135,118,17,25.41436464088398,7.734806629834254,17.67955801104972,74.58563535911603,65.19337016574586,9.392265193370166
E00188801,138,22,7,15,116,96,20,15.942028985507244,5.072463768115942,10.869565217391305,84.05797101449275,69.56521739130434,14.492753623188406
E00188802,227,57,19,38,170,141,29,25.11013215859031,8.370044052863436,16.740088105726873,74.8898678414097,62.11453744493392,12.77533039647577
E00188805,150,30,9,21,120,94,26,20,6,14.000000000000002,80,62.66666666666667,17.333333333333336
E00188809,150,41,13,28,109,96,13,27.333333333333332,8.666666666666668,18.666666666666668,72.66666666666667,64,8.666666666666668
E00188811,201,41,7,34,160,142,18,20.398009950248756,3.482587064676617,16.91542288557214,79.60199004975125,70.64676616915423,8.955223880597014
E00188812,145,34,7,27,111,91,20,23.448275862068964,4.827586206896552,18.620689655172416,76.55172413793103,62.758620689655174,13.793103448275861
E00188813,141,46,17,29,95,76,19,32.62411347517731,12.056737588652481,20.56737588652482,67.37588652482269,53.90070921985816,13.47517730496454
E00188814,197,51,12,39,146,129,17,25.888324873096447,6.091370558375635,19.796954314720814,74.11167512690355,65.48223350253807,8.629441624365482
E00188816,77,20,5,15,57,47,10,25.97402597402597,6.493506493506493,19.480519480519483,74.02597402597402,61.038961038961034,12.987012987012985
E00188819,212,36,13,23,176,154,22,16.9811320754717,6.132075471698113,10.849056603773585,83.01886792452831,72.64150943396226,10.377358490566039
E00188820,165,31,9,22,134,110,24,18.787878787878785,5.454545454545454,13.333333333333334,81.21212121212122,66.66666666666666,14.545454545454545
E00188825,158,36,7,29,122,110,12,22.78481012658228,4.430379746835443,18.354430379746837,77.21518987341773,69.62025316455697,7.59493670886076
E00188826,184,64,15,49,120,102,18,34.78260869565217,8.152173913043478,26.6304347826087,65.21739130434783,55.434782608695656,9.782608695652174
E00188828,216,37,13,24,179,160,19,17.12962962962963,6.018518518518518,11.11111111111111,82.87037037037037,74.07407407407408,8.796296296296296
E00188829,112,28,8,20,84,59,25,25,7.142857142857142,17.857142857142858,75,52.67857142857143,22.321428571428573
E00188830,134,36,13,23,98,89,9,26.865671641791046,9.701492537313433,17.16417910447761,73.13432835820896,66.4179104477612,6.7164179104477615
E00188833,138,42,14,28,96,81,15,30.434782608695656,10.144927536231885,20.28985507246377,69.56521739130434,58.69565217391305,10.869565217391305
E00188836,218,89,57,32,129,113,16,40.825688073394495,26.146788990825687,14.678899082568808,59.174311926605505,51.8348623853211,7.339449541284404
E00188837,166,31,6,25,135,111,24,18.67469879518072,3.614457831325301,15.060240963855422,81.32530120481928,66.86746987951807,14.457831325301203
E00188838,159,36,9,27,123,86,37,22.641509433962266,5.660377358490567,16.9811320754717,77.35849056603774,54.088050314465406,23.270440251572328
E00188840,140,33,9,24,107,96,11,23.57142857142857,6.428571428571428,17.142857142857142,76.42857142857142,68.57142857142857,7.857142857142857
E00188841,148,52,20,32,96,82,14,35.13513513513514,13.513513513513514,21.62162162162162,64.86486486486487,55.4054054054054,9.45945945945946
E00188843,210,51,17,34,159,131,28,24.285714285714285,8.095238095238095,16.19047619047619,75.71428571428571,62.38095238095238,13.333333333333334
E00188844,159,37,14,23,122,106,16,23.270440251572328,8.80503144654088,14.465408805031446,76.72955974842768,66.66666666666666,10.062893081761008
E00188846,140,25,7,18,115,99,16,17.857142857142858,5,12.857142857142856,82.14285714285714,70.71428571428572,11.428571428571429
E00188848,76,24,12,12,52,43,9,31.57894736842105,15.789473684210526,15.789473684210526,68.42105263157895,56.57894736842105,11.842105263157894
E00188849,179,34,10,24,145,127,18,18.994413407821227,5.58659217877095,13.40782122905028,81.00558659217877,70.94972067039106,10.05586592178771
E00188850,94,26,10,16,68,57,11,27.659574468085108,10.638297872340425,17.02127659574468,72.3404255319149,60.63829787234043,11.702127659574469
E00188851,124,34,16,18,90,71,19,27.419354838709676,12.903225806451612,14.516129032258066,72.58064516129032,57.25806451612904,15.32258064516129
E00188854,104,33,17,16,71,64,7,31.73076923076923,16.346153846153847,15.384615384615385,68.26923076923077,61.53846153846154,6.730769230769231
E00188855,183,34,15,19,149,133,16,18.579234972677597,8.19672131147541,10.382513661202186,81.4207650273224,72.6775956284153,8.743169398907105
E00188856,124,34,14,20,90,82,8,27.419354838709676,11.29032258064516,16.129032258064516,72.58064516129032,66.12903225806451,6.451612903225806
E00188858,145,50,20,30,95,83,12,34.48275862068966,13.793103448275861,20.689655172413794,65.51724137931035,57.24137931034483,8.275862068965518
E00188859,115,37,11,26,78,73,5,32.17391304347826,9.565217391304348,22.608695652173914,67.82608695652173,63.47826086956522,4.3478260869565215
E00188866,219,53,14,39,166,147,19,24.200913242009133,6.392694063926941,17.80821917808219,75.79908675799086,67.12328767123287,8.67579908675799
E00188869,99,27,11,16,72,61,11,27.27272727272727,11.11111111111111,16.161616161616163,72.72727272727273,61.61616161616161,11.11111111111111
E00188870,75,22,6,16,53,44,9,29.333333333333332,8,21.333333333333336,70.66666666666667,58.666666666666664,12
E00188871,203,53,20,33,150,128,22,26.108374384236456,9.852216748768473,16.25615763546798,73.89162561576354,63.05418719211823,10.83743842364532
E00188872,161,44,15,29,117,99,18,27.32919254658385,9.316770186335404,18.012422360248447,72.67080745341616,61.49068322981367,11.180124223602485
E00188873,92,30,7,23,62,56,6,32.608695652173914,7.608695652173914,25,67.3913043478261,60.86956521739131,6.521739130434782
E00188874,206,30,14,16,176,159,17,14.563106796116504,6.796116504854369,7.766990291262135,85.43689320388349,77.18446601941747,8.25242718446602
E00188875,130,48,11,37,82,76,6,36.92307692307693,8.461538461538462,28.46153846153846,63.07692307692307,58.46153846153847,4.615384615384616
E00188876,179,40,15,25,139,118,21,22.3463687150838,8.379888268156424,13.966480446927374,77.6536312849162,65.92178770949721,11.731843575418994
E00188878,58,17,8,9,41,35,6,29.310344827586203,13.793103448275861,15.517241379310345,70.6896551724138,60.3448275862069,10.344827586206897
E00188880,161,36,12,24,125,109,16,22.36024844720497,7.453416149068323,14.906832298136646,77.63975155279503,67.70186335403726,9.937888198757763
E00188881,114,48,26,22,66,62,4,42.10526315789473,22.807017543859647,19.298245614035086,57.89473684210527,54.385964912280706,3.508771929824561
E00188882,194,48,11,37,146,126,20,24.742268041237114,5.670103092783505,19.072164948453608,75.25773195876289,64.94845360824742,10.309278350515463
E00188883,121,51,28,23,70,64,6,42.14876033057851,23.140495867768596,19.00826446280992,57.85123966942148,52.892561983471076,4.958677685950414
E00188886,167,40,10,30,127,111,16,23.952095808383234,5.9880239520958085,17.964071856287426,76.04790419161677,66.46706586826348,9.580838323353294
E00188889,76,21,9,12,55,42,13,27.631578947368425,11.842105263157894,15.789473684210526,72.36842105263158,55.26315789473685,17.105263157894736
E00188894,159,58,12,46,101,91,10,36.477987421383645,7.547169811320755,28.930817610062892,63.52201257861635,57.23270440251572,6.289308176100629
E00188895,135,38,9,29,97,91,6,28.14814814814815,6.666666666666667,21.48148148148148,71.85185185185186,67.4074074074074,4.444444444444445
E00188897,193,40,16,24,153,125,28,20.72538860103627,8.290155440414509,12.435233160621761,79.27461139896373,64.76683937823834,14.507772020725387
E00188898,92,32,11,21,60,50,10,34.78260869565217,11.956521739130435,22.82608695652174,65.21739130434783,54.347826086956516,10.869565217391305
E00188899,199,52,11,41,147,117,30,26.13065326633166,5.527638190954774,20.603015075376884,73.86934673366834,58.79396984924623,15.07537688442211
E00188901,104,21,6,15,83,76,7,20.192307692307693,5.769230769230769,14.423076923076922,79.8076923076923,73.07692307692307,6.730769230769231
E00188903,522,217,85,132,305,254,51,41.57088122605364,16.28352490421456,25.287356321839084,58.429118773946364,48.65900383141762,9.770114942528735
E00188904,219,40,13,27,179,159,20,18.2648401826484,5.93607305936073,12.32876712328767,81.7351598173516,72.6027397260274,9.1324200913242
E00188906,182,38,11,27,144,125,19,20.87912087912088,6.043956043956044,14.835164835164836,79.12087912087912,68.68131868131869,10.43956043956044
E00188907,211,49,17,32,162,137,25,23.22274881516588,8.056872037914692,15.165876777251185,76.77725118483413,64.92890995260665,11.848341232227488
E00188909,182,44,19,25,138,109,29,24.175824175824175,10.43956043956044,13.736263736263737,75.82417582417582,59.89010989010989,15.934065934065933
E00188910,168,108,71,37,60,58,2,64.28571428571429,42.26190476190476,22.023809523809522,35.714285714285715,34.523809523809526,1.1904761904761905
E00188912,81,12,9,3,69,57,12,14.814814814814813,11.11111111111111,3.7037037037037033,85.18518518518519,70.37037037037037,14.814814814814813
E00188914,160,49,21,28,111,95,16,30.625000000000004,13.125,17.5,69.375,59.375,10
E00188916,172,60,22,38,112,101,11,34.883720930232556,12.790697674418606,22.093023255813954,65.11627906976744,58.720930232558146,6.395348837209303
E00188917,195,66,13,53,129,106,23,33.84615384615385,6.666666666666667,27.17948717948718,66.15384615384615,54.35897435897436,11.794871794871794
E00188918,197,53,17,36,144,122,22,26.903553299492383,8.629441624365482,18.274111675126903,73.09644670050761,61.92893401015228,11.16751269035533
E00188919,94,17,5,12,77,58,19,18.085106382978726,5.319148936170213,12.76595744680851,81.91489361702128,61.702127659574465,20.212765957446805
E00188920,141,38,7,31,103,93,10,26.95035460992908,4.964539007092199,21.98581560283688,73.04964539007092,65.95744680851064,7.092198581560284
E00188921,112,32,12,20,80,59,21,28.57142857142857,10.714285714285714,17.857142857142858,71.42857142857143,52.67857142857143,18.75
E00188922,136,36,13,23,100,85,15,26.47058823529412,9.558823529411764,16.911764705882355,73.52941176470588,62.5,11.029411764705882
E00188923,154,43,19,24,111,86,25,27.92207792207792,12.337662337662337,15.584415584415584,72.07792207792207,55.84415584415584,16.233766233766232
E00188924,125,48,21,27,77,66,11,38.4,16.8,21.6,61.6,52.800000000000004,8.799999999999999
E00188926,183,40,15,25,143,126,17,21.85792349726776,8.19672131147541,13.661202185792352,78.14207650273224,68.85245901639344,9.289617486338798
E00188928,183,41,16,25,142,115,27,22.404371584699454,8.743169398907105,13.661202185792352,77.59562841530054,62.841530054644814,14.754098360655737
E00188929,117,37,8,29,80,70,10,31.62393162393162,6.837606837606838,24.786324786324787,68.37606837606837,59.82905982905983,8.547008547008547
E00188930,67,18,6,12,49,40,9,26.865671641791046,8.955223880597014,17.91044776119403,73.13432835820896,59.70149253731343,13.432835820895523
E00188934,204,44,11,33,160,146,14,21.568627450980394,5.392156862745098,16.176470588235293,78.43137254901961,71.56862745098039,6.862745098039216
E00188935,195,45,12,33,150,127,23,23.076923076923077,6.153846153846154,16.923076923076923,76.92307692307693,65.12820512820512,11.794871794871794
E00188937,70,36,14,22,34,33,1,51.42857142857142,20,31.428571428571427,48.57142857142857,47.14285714285714,1.4285714285714286
E00188938,202,35,11,24,167,154,13,17.326732673267326,5.445544554455446,11.881188118811881,82.67326732673267,76.23762376237624,6.435643564356436
E00188939,216,60,14,46,156,135,21,27.77777777777778,6.481481481481481,21.296296296296298,72.22222222222221,62.5,9.722222222222223
E00188941,198,40,15,25,158,135,23,20.2020202020202,7.575757575757576,12.626262626262626,79.7979797979798,68.18181818181817,11.616161616161616
E00188942,157,37,15,22,120,97,23,23.56687898089172,9.554140127388536,14.012738853503185,76.43312101910828,61.78343949044586,14.64968152866242
E00188945,193,37,10,27,156,127,29,19.170984455958546,5.181347150259067,13.989637305699482,80.82901554404145,65.80310880829016,15.025906735751295
