OA,ts0380001,ts0380002,ts0380003,ts0380004,ts0380005,ts0380006,ts0380007,ts0380002_PCT,ts0380003_PCT,ts0380004_PCT,ts0380005_PCT,ts0380006_PCT,ts0380007_PCT
E00015167,502,59,21,38,443,43,400,11.752988047808765,4.183266932270916,7.569721115537849,88.24701195219123,8.565737051792828,79.6812749003984
E00015168,382,57,24,33,325,27,298,14.921465968586386,6.282722513089005,8.638743455497382,85.07853403141361,7.068062827225131,78.01047120418848
E00015169,254,54,25,29,200,12,188,21.25984251968504,9.84251968503937,11.41732283464567,78.74015748031496,4.724409448818897,74.01574803149606
E00015171,212,47,25,22,165,15,150,22.169811320754718,11.79245283018868,10.377358490566039,77.83018867924528,7.0754716981132075,70.75471698113208
E00015172,119,21,8,13,98,14,84,17.647058823529413,6.722689075630252,10.92436974789916,82.35294117647058,11.76470588235294,70.58823529411765
E00015173,178,27,5,22,151,22,129,15.168539325842698,2.8089887640449436,12.359550561797752,84.8314606741573,12.359550561797752,72.47191011235955
E00015175,248,32,11,21,216,14,202,12.903225806451612,4.435483870967742,8.46774193548387,87.09677419354838,5.64516129032258,81.45161290322581
E00015176,226,10,2,8,216,14,202,4.424778761061947,0.8849557522123894,3.5398230088495577,95.57522123893806,6.1946902654867255,89.38053097345133
E00015178,179,29,14,15,150,5,145,16.201117318435752,7.82122905027933,8.379888268156424,83.79888268156425,2.793296089385475,81.00558659217877
E00015179,205,34,13,21,171,12,159,16.585365853658537,6.341463414634147,10.24390243902439,83.41463414634146,5.853658536585367,77.5609756097561
E00015181,190,18,4,14,172,14,158,9.473684210526317,2.1052631578947367,7.368421052631578,90.52631578947368,7.368421052631578,83.15789473684211
E00015182,189,33,6,27,156,15,141,17.46031746031746,3.1746031746031744,14.285714285714285,82.53968253968253,7.936507936507936,74.60317460317461
E00015183,172,27,12,15,145,7,138,15.69767441860465,6.976744186046512,8.720930232558139,84.30232558139535,4.069767441860465,80.23255813953489
E00015184,242,20,9,11,222,9,213,8.264462809917356,3.71900826446281,4.545454545454546,91.73553719008265,3.71900826446281,88.01652892561982
E00015185,269,48,29,19,221,17,204,17.843866171003718,10.780669144981413,7.063197026022305,82.15613382899627,6.319702602230483,75.8364312267658
E00015186,114,19,3,16,95,6,89,16.666666666666664,2.631578947368421,14.035087719298245,83.33333333333334,5.263157894736842,78.0701754385965
E00015187,272,48,13,35,224,15,209,17.647058823529413,4.779411764705882,12.867647058823529,82.35294117647058,5.514705882352941,76.83823529411765
E00015188,106,30,9,21,76,7,69,28.30188679245283,8.49056603773585,19.81132075471698,71.69811320754717,6.60377358490566,65.09433962264151
E00015189,424,46,23,23,378,11,367,10.849056603773585,5.4245283018867925,5.4245283018867925,89.15094339622641,2.5943396226415096,86.55660377358491
E00015190,362,66,37,29,296,13,283,18.23204419889503,10.220994475138122,8.011049723756907,81.76795580110497,3.591160220994475,78.1767955801105
E00015191,174,41,26,15,133,17,116,23.563218390804597,14.942528735632186,8.620689655172415,76.4367816091954,9.770114942528735,66.66666666666666
E00015192,258,36,12,24,222,10,212,13.953488372093023,4.651162790697675,9.30232558139535,86.04651162790698,3.875968992248062,82.17054263565892
E00015193,100,15,6,9,85,9,76,15,6,9,85,9,76
E00015194,155,25,10,15,130,10,120,16.129032258064516,6.451612903225806,9.67741935483871,83.87096774193549,6.451612903225806,77.41935483870968
E00015195,411,92,46,46,319,21,298,22.38442822384428,11.19221411192214,11.19221411192214,77.61557177615572,5.109489051094891,72.50608272506082
E00015196,142,45,18,27,97,12,85,31.690140845070424,12.676056338028168,19.014084507042252,68.30985915492957,8.450704225352112,59.859154929577464
E00015197,247,59,29,30,188,11,177,23.88663967611336,11.740890688259109,12.145748987854251,76.11336032388664,4.4534412955465585,71.65991902834008
E00015198,200,41,16,25,159,12,147,20.5,8,12.5,79.5,6,73.5
E00015199,364,62,33,29,302,15,287,17.032967032967033,9.065934065934066,7.967032967032966,82.96703296703298,4.1208791208791204,78.84615384615384
E00015201,374,22,5,17,352,32,320,5.88235294117647,1.3368983957219251,4.545454545454546,94.11764705882352,8.55614973262032,85.56149732620321
E00015202,118,16,6,10,102,8,94,13.559322033898304,5.084745762711865,8.47457627118644,86.4406779661017,6.779661016949152,79.66101694915254
E00015203,400,111,75,36,289,18,271,27.750000000000004,18.75,9,72.25,4.5,67.75
E00015204,389,62,27,35,327,26,301,15.938303341902312,6.940874035989718,8.997429305912597,84.06169665809769,6.683804627249357,77.37789203084833
E00015205,306,38,10,28,268,27,241,12.418300653594772,3.2679738562091507,9.15032679738562,87.58169934640523,8.823529411764707,78.75816993464052
E00015206,365,39,14,25,326,12,314,10.684931506849315,3.8356164383561646,6.8493150684931505,89.31506849315069,3.287671232876712,86.02739726027397
E00015207,515,67,25,42,448,31,417,13.009708737864079,4.854368932038835,8.155339805825243,86.99029126213593,6.019417475728155,80.97087378640776
E00015208,382,46,15,31,336,25,311,12.041884816753926,3.926701570680628,8.115183246073299,87.95811518324608,6.544502617801047,81.41361256544502
E00015209,374,39,15,24,335,21,314,10.427807486631016,4.0106951871657754,6.417112299465241,89.57219251336899,5.614973262032086,83.9572192513369
E00015210,299,40,17,23,259,18,241,13.377926421404682,5.68561872909699,7.6923076923076925,86.62207357859532,6.0200668896321075,80.60200668896321
E00015211,263,35,8,27,228,12,216,13.307984790874524,3.041825095057034,10.26615969581749,86.69201520912547,4.562737642585551,82.12927756653993
E00015212,233,38,17,21,195,12,183,16.30901287553648,7.296137339055794,9.012875536480687,83.69098712446352,5.150214592274678,78.54077253218884
E00015213,321,46,13,33,275,27,248,14.330218068535824,4.049844236760125,10.2803738317757,85.66978193146417,8.411214953271028,77.25856697819314
E00015214,340,46,19,27,294,25,269,13.529411764705882,5.588235294117648,7.941176470588235,86.47058823529412,7.352941176470589,79.11764705882352
E00015215,323,36,13,23,287,19,268,11.145510835913312,4.024767801857585,7.120743034055728,88.85448916408669,5.88235294117647,82.97213622291022
E00015216,179,23,8,15,156,16,140,12.849162011173185,4.4692737430167595,8.379888268156424,87.15083798882681,8.938547486033519,78.2122905027933
E00015217,302,31,8,23,271,28,243,10.264900662251655,2.6490066225165565,7.6158940397351,89.73509933774835,9.271523178807946,80.4635761589404
E00015218,249,26,10,16,223,25,198,10.441767068273093,4.016064257028113,6.425702811244979,89.5582329317269,10.040160642570282,79.51807228915662
E00015219,454,29,5,24,425,41,384,6.387665198237885,1.1013215859030838,5.286343612334802,93.6123348017621,9.030837004405285,84.58149779735683
E00015220,264,30,15,15,234,26,208,11.363636363636363,5.681818181818182,5.681818181818182,88.63636363636364,9.848484848484848,78.78787878787878
E00015221,373,58,29,29,315,22,293,15.549597855227882,7.774798927613941,7.774798927613941,84.45040214477211,5.898123324396782,78.55227882037534
E00015222,282,21,9,12,261,17,244,7.446808510638298,3.1914893617021276,4.25531914893617,92.5531914893617,6.028368794326241,86.52482269503547
E00015223,251,29,0,29,222,25,197,11.553784860557768,0,11.553784860557768,88.44621513944223,9.9601593625498,78.48605577689243
E00015224,241,52,20,32,189,13,176,21.57676348547718,8.29875518672199,13.278008298755188,78.42323651452283,5.394190871369295,73.02904564315352
E00015225,229,43,21,22,186,12,174,18.777292576419214,9.170305676855897,9.606986899563319,81.22270742358079,5.240174672489083,75.9825327510917
E00015226,285,50,23,27,235,12,223,17.543859649122805,8.070175438596491,9.473684210526317,82.45614035087719,4.2105263157894735,78.24561403508771
E00015227,386,59,38,21,327,18,309,15.284974093264248,9.844559585492227,5.4404145077720205,84.71502590673575,4.66321243523316,80.05181347150258
E00015228,471,59,20,39,412,37,375,12.526539278131635,4.246284501061571,8.280254777070063,87.47346072186836,7.855626326963907,79.61783439490446
E00015229,174,30,14,16,144,21,123,17.24137931034483,8.045977011494253,9.195402298850574,82.75862068965517,12.068965517241379,70.6896551724138
E00015230,217,40,25,15,177,20,157,18.433179723502306,11.52073732718894,6.912442396313365,81.5668202764977,9.216589861751153,72.35023041474655
E00015231,283,32,12,20,251,25,226,11.307420494699647,4.240282685512367,7.06713780918728,88.69257950530034,8.8339222614841,79.85865724381625
E00015232,426,57,15,42,369,32,337,13.380281690140844,3.5211267605633805,9.859154929577464,86.61971830985915,7.511737089201878,79.10798122065728
E00015234,296,24,8,16,272,26,246,8.108108108108109,2.7027027027027026,5.405405405405405,91.8918918918919,8.783783783783784,83.1081081081081
E00015235,364,31,8,23,333,25,308,8.516483516483516,2.197802197802198,6.318681318681318,91.48351648351648,6.868131868131869,84.61538461538461
E00015236,259,35,15,20,224,17,207,13.513513513513514,5.7915057915057915,7.722007722007722,86.48648648648648,6.563706563706563,79.92277992277992
E00015237,271,25,7,18,246,27,219,9.22509225092251,2.5830258302583027,6.642066420664207,90.7749077490775,9.96309963099631,80.81180811808119
E00015238,270,36,18,18,234,20,214,13.333333333333334,6.666666666666667,6.666666666666667,86.66666666666667,7.4074074074074066,79.25925925925927
E00015239,363,49,16,33,314,15,299,13.498622589531681,4.40771349862259,9.090909090909092,86.50137741046832,4.132231404958678,82.36914600550963
E00015240,282,43,13,30,239,28,211,15.24822695035461,4.609929078014184,10.638297872340425,84.75177304964538,9.929078014184398,74.822695035461
E00015241,521,53,15,38,468,37,431,10.17274472168906,2.8790786948176583,7.293666026871401,89.82725527831093,7.1017274472168905,82.72552783109404
E00015242,340,41,19,22,299,26,273,12.058823529411764,5.588235294117648,6.470588235294119,87.94117647058823,7.647058823529412,80.29411764705883
E00015243,252,44,19,25,208,15,193,17.46031746031746,7.5396825396825395,9.920634920634921,82.53968253968253,5.952380952380952,76.5873015873016
E00015244,518,64,24,40,454,30,424,12.355212355212355,4.633204633204633,7.722007722007722,87.64478764478764,5.7915057915057915,81.85328185328186
E00015245,273,33,12,21,240,11,229,12.087912087912088,4.395604395604396,7.6923076923076925,87.91208791208791,4.029304029304029,83.88278388278388
E00015246,353,35,13,22,318,19,299,9.91501416430595,3.6827195467422094,6.232294617563739,90.08498583569406,5.382436260623229,84.70254957507082
E00015247,271,38,14,24,233,9,224,14.022140221402212,5.166051660516605,8.856088560885608,85.97785977859779,3.3210332103321036,82.65682656826569
E00015249,381,49,16,33,332,28,304,12.860892388451445,4.199475065616798,8.661417322834646,87.13910761154857,7.349081364829396,79.79002624671917
E00015250,360,43,18,25,317,33,284,11.944444444444445,5,6.944444444444445,88.05555555555556,9.166666666666666,78.88888888888889
E00015251,251,17,4,13,234,22,212,6.772908366533864,1.593625498007968,5.179282868525896,93.22709163346613,8.764940239043826,84.4621513944223
E00015252,243,64,42,22,179,11,168,26.337448559670783,17.28395061728395,9.053497942386832,73.66255144032921,4.526748971193416,69.1358024691358
E00015253,318,29,9,20,289,22,267,9.119496855345911,2.8301886792452833,6.289308176100629,90.88050314465409,6.918238993710692,83.9622641509434
E00015254,324,38,28,10,286,8,278,11.728395061728394,8.641975308641975,3.0864197530864197,88.27160493827161,2.4691358024691357,85.80246913580247
E00015255,310,25,5,20,285,21,264,8.064516129032258,1.6129032258064515,6.451612903225806,91.93548387096774,6.774193548387098,85.16129032258064
E00015256,239,22,4,18,217,13,204,9.205020920502092,1.6736401673640167,7.531380753138076,90.7949790794979,5.439330543933055,85.35564853556485
E00015257,415,22,10,12,393,25,368,5.301204819277109,2.4096385542168677,2.891566265060241,94.6987951807229,6.024096385542169,88.67469879518072
E00015258,367,37,11,26,330,28,302,10.08174386920981,2.997275204359673,7.084468664850137,89.91825613079018,7.629427792915531,82.28882833787466
E00015259,318,27,16,11,291,24,267,8.49056603773585,5.031446540880504,3.459119496855346,91.50943396226415,7.547169811320755,83.9622641509434
E00015260,345,20,4,16,325,25,300,5.797101449275362,1.1594202898550725,4.63768115942029,94.20289855072464,7.246376811594203,86.95652173913044
E00015261,344,26,9,17,318,30,288,7.55813953488372,2.616279069767442,4.941860465116279,92.44186046511628,8.720930232558139,83.72093023255815
E00015262,253,18,1,17,235,23,212,7.114624505928854,0.3952569169960474,6.719367588932807,92.88537549407114,9.090909090909092,83.79446640316206
E00015263,135,20,7,13,115,12,103,14.814814814814813,5.185185185185185,9.62962962962963,85.18518518518519,8.88888888888889,76.29629629629629
E00015264,255,45,18,27,210,16,194,17.647058823529413,7.0588235294117645,10.588235294117647,82.35294117647058,6.2745098039215685,76.07843137254902
E00015265,292,27,9,18,265,17,248,9.246575342465754,3.0821917808219177,6.164383561643835,90.75342465753424,5.821917808219178,84.93150684931507
E00015266,181,23,11,12,158,7,151,12.70718232044199,6.077348066298343,6.629834254143646,87.29281767955801,3.867403314917127,83.42541436464089
E00015267,300,25,8,17,275,23,252,8.333333333333332,2.666666666666667,5.666666666666666,91.66666666666666,7.666666666666666,84
E00015268,299,25,9,16,274,23,251,8.361204013377927,3.0100334448160537,5.351170568561873,91.63879598662207,7.6923076923076925,83.94648829431438
E00015269,384,35,12,23,349,29,320,9.114583333333332,3.125,5.989583333333334,90.88541666666666,7.552083333333333,83.33333333333334
E00015270,271,26,8,18,245,11,234,9.59409594095941,2.952029520295203,6.642066420664207,90.40590405904058,4.059040590405904,86.34686346863468
E00015271,276,25,4,21,251,39,212,9.057971014492754,1.4492753623188406,7.608695652173914,90.94202898550725,14.130434782608695,76.81159420289855
E00015272,322,31,7,24,291,18,273,9.627329192546584,2.1739130434782608,7.453416149068323,90.37267080745342,5.590062111801243,84.78260869565217
E00015273,286,31,17,14,255,19,236,10.839160839160838,5.944055944055944,4.895104895104895,89.16083916083916,6.643356643356643,82.51748251748252
E00015274,334,28,11,17,306,27,279,8.383233532934131,3.293413173652695,5.089820359281437,91.61676646706587,8.08383233532934,83.53293413173652
E00015275,280,25,9,16,255,18,237,8.928571428571429,3.214285714285714,5.714285714285714,91.07142857142857,6.428571428571428,84.64285714285714
E00015276,313,24,7,17,289,25,264,7.667731629392971,2.2364217252396164,5.431309904153355,92.33226837060703,7.987220447284344,84.34504792332268
E00015277,191,31,16,15,160,17,143,16.230366492146597,8.37696335078534,7.853403141361256,83.7696335078534,8.900523560209423,74.86910994764398
E00015278,279,38,16,22,241,22,219,13.620071684587815,5.734767025089606,7.885304659498208,86.37992831541219,7.885304659498208,78.49462365591397
E00015279,234,37,13,24,197,7,190,15.81196581196581,5.555555555555555,10.256410256410255,84.1880341880342,2.9914529914529915,81.19658119658119
E00015280,237,16,6,10,221,15,206,6.751054852320674,2.5316455696202533,4.219409282700422,93.24894514767934,6.329113924050633,86.91983122362869
E00015281,361,48,19,29,313,22,291,13.29639889196676,5.263157894736842,8.033240997229916,86.70360110803324,6.094182825484765,80.60941828254848
E00015282,286,62,33,29,224,15,209,21.678321678321677,11.538461538461538,10.13986013986014,78.32167832167832,5.244755244755245,73.07692307692307
E00015283,422,27,8,19,395,37,358,6.398104265402843,1.8957345971563981,4.502369668246446,93.60189573459715,8.767772511848342,84.83412322274881
E00015284,187,21,6,15,166,17,149,11.229946524064172,3.2085561497326207,8.0213903743315509,88.77005347593582,9.090909090909092,79.67914438502673
E00015285,273,45,20,25,228,20,208,16.483516483516482,7.326007326007327,9.157509157509157,83.51648351648352,7.326007326007327,76.19047619047619
E00015286,277,40,20,20,237,12,225,14.440433212996389,7.2202166064981945,7.2202166064981945,85.5595667870036,4.332129963898916,81.2274368231047
E00015287,373,41,20,21,332,21,311,10.991957104557642,5.361930294906166,5.630026809651475,89.00804289544236,5.630026809651475,83.37801608579089
E00015288,296,37,16,21,259,15,244,12.5,5.405405405405405,7.094594594594595,87.5,5.0675675675675675,82.43243243243244
E00015289,377,28,5,23,349,37,312,7.427055702917771,1.3262599469496021,6.10079575596817,92.57294429708223,9.814323607427056,82.75862068965517
E00015290,381,49,29,20,332,12,320,12.860892388451445,7.611548556430446,5.2493438320209975,87.13910761154857,3.149606299212598,83.98950131233596
E00015291,295,34,12,22,261,29,232,11.525423728813559,4.067796610169491,7.457627118644068,88.47457627118645,9.830508474576272,78.64406779661017
E00015292,355,23,1,22,332,26,306,6.478873239436619,0.28169014084507044,6.197183098591549,93.52112676056338,7.323943661971831,86.19718309859155
E00015293,414,27,10,17,387,25,362,6.521739130434782,2.4154589371980677,4.1062801932367154,93.47826086956522,6.038647342995169,87.43961352657004
E00015294,250,17,6,11,233,23,210,6.800000000000001,2.4,4.3999999999999995,93.2,9.2,84
E00015295,269,29,5,24,240,23,217,10.780669144981413,1.858736059479554,8.921933085501859,89.21933085501858,8.550185873605948,80.66914498141264
E00015296,284,29,6,23,255,24,231,10.211267605633804,2.112676056338028,8.098591549295776,89.7887323943662,8.450704225352112,81.33802816901408
E00015297,286,45,18,27,241,23,218,15.734265734265735,6.293706293706294,9.44055944055944,84.26573426573427,8.041958041958042,76.22377622377621
E00015298,315,42,17,25,273,10,263,13.333333333333334,5.396825396825397,7.936507936507936,86.66666666666667,3.1746031746031744,83.4920634920635
E00015299,263,26,10,16,237,18,219,9.885931558935361,3.802281368821293,6.083650190114068,90.11406844106465,6.844106463878327,83.26996197718631
E00015300,257,21,5,16,236,15,221,8.171206225680933,1.9455252918287937,6.22568093385214,91.82879377431907,5.836575875486381,85.99221789883269
E00015301,243,37,26,11,206,18,188,15.22633744855967,10.699588477366255,4.526748971193416,84.77366255144034,7.4074074074074066,77.36625514403292
E00015302,198,52,26,26,146,11,135,26.262626262626267,13.131313131313133,13.131313131313133,73.73737373737373,5.555555555555555,68.18181818181817
E00015303,226,26,8,18,200,25,175,11.504424778761061,3.5398230088495577,7.964601769911504,88.49557522123894,11.061946902654867,77.43362831858407
E00015304,380,37,18,19,343,27,316,9.736842105263158,4.736842105263158,5,90.26315789473685,7.105263157894736,83.15789473684211
E00015305,338,59,35,24,279,16,263,17.45562130177515,10.355029585798817,7.100591715976331,82.54437869822485,4.733727810650888,77.81065088757396
E00015306,238,54,25,29,184,17,167,22.689075630252102,10.504201680672269,12.184873949579831,77.31092436974791,7.142857142857142,70.16806722689076
E00015307,255,16,3,13,239,17,222,6.2745098039215685,1.1764705882352942,5.098039215686274,93.72549019607843,6.666666666666667,87.05882352941177
E00015308,259,28,10,18,231,11,220,10.81081081081081,3.861003861003861,6.94980694980695,89.1891891891892,4.247104247104247,84.94208494208493
E00015309,317,58,19,39,259,15,244,18.29652996845426,5.993690851735016,12.302839116719243,81.70347003154575,4.73186119873817,76.97160883280758
E00015311,360,34,16,18,326,25,301,9.444444444444445,4.444444444444445,5,90.55555555555556,6.944444444444445,83.61111111111111
E00015312,231,11,6,5,220,12,208,4.761904761904762,2.5974025974025974,2.1645021645021645,95.23809523809523,5.194805194805195,90.04329004329004
E00015313,198,9,0,9,189,20,169,4.545454545454546,0,4.545454545454546,95.45454545454545,10.1010101010101,85.35353535353535
E00015314,275,31,13,18,244,13,231,11.272727272727273,4.7272727272727275,6.545454545454546,88.72727272727273,4.7272727272727275,84
E00015315,261,21,0,21,240,21,219,8.045977011494253,0,8.045977011494253,91.95402298850574,8.045977011494253,83.9080459770115
E00015316,341,40,15,25,301,27,274,11.730205278592376,4.398826979472141,7.331378299120235,88.26979472140762,7.9178885630498534,80.35190615835776
E00015317,317,31,11,20,286,18,268,9.779179810725552,3.4700315457413247,6.309148264984227,90.22082018927445,5.678233438485805,84.54258675078864
E00015318,281,40,11,29,241,23,218,14.23487544483986,3.9145907473309607,10.320284697508896,85.76512455516014,8.185053380782918,77.58007117437722
E00015319,288,27,9,18,261,18,243,9.375,3.125,6.25,90.625,6.25,84.375
E00015320,256,42,22,20,214,9,205,16.40625,8.59375,7.8125,83.59375,3.515625,80.078125
E00015321,433,28,10,18,405,30,375,6.466512702078522,2.3094688221709005,4.157043879907621,93.53348729792148,6.928406466512701,86.60508083140877
E00015322,242,44,21,23,198,9,189,18.181818181818183,8.677685950413224,9.50413223140496,81.81818181818183,3.71900826446281,78.099173553719
E00015323,241,40,11,29,201,18,183,16.59751037344398,4.564315352697095,12.033195020746888,83.40248962655602,7.468879668049793,75.93360995850622
E00015324,370,30,8,22,340,22,318,8.108108108108109,2.1621621621621623,5.9459459459459465,91.8918918918919,5.9459459459459465,85.94594594594595
E00015325,220,29,12,17,191,15,176,13.18181818181818,5.454545454545454,7.727272727272727,86.81818181818181,6.8181818181818175,80
E00015326,224,33,17,16,191,14,177,14.732142857142858,7.5892857142857135,7.142857142857142,85.26785714285714,6.25,79.01785714285714
E00015327,237,30,15,15,207,20,187,12.658227848101266,6.329113924050633,6.329113924050633,87.34177215189874,8.438818565400844,78.90295358649789
E00015328,330,85,48,37,245,18,227,25.757575757575758,14.545454545454545,11.212121212121213,74.24242424242425,5.454545454545454,68.78787878787878
E00015329,127,7,0,7,120,10,110,5.511811023622047,0,5.511811023622047,94.48818897637796,7.874015748031496,86.61417322834646
E00015330,346,50,28,22,296,25,271,14.450867052023122,8.092485549132949,6.358381502890173,85.54913294797689,7.225433526011561,78.32369942196532
E00015331,351,54,22,32,297,16,281,15.384615384615385,6.267806267806268,9.116809116809117,84.61538461538461,4.5584045584045585,80.05698005698005
E00015332,393,44,19,25,349,10,339,11.195928753180661,4.8346055979643765,6.361323155216285,88.80407124681933,2.5445292620865136,86.25954198473282
E00015333,240,40,17,23,200,8,192,16.666666666666664,7.083333333333333,9.583333333333334,83.33333333333334,3.3333333333333335,80
E00015334,338,36,7,29,302,28,274,10.650887573964498,2.0710059171597637,8.579881656804734,89.3491124260355,8.284023668639055,81.06508875739645
E00015335,423,36,9,27,387,29,358,8.51063829787234,2.127659574468085,6.382978723404255,91.48936170212765,6.8557919621749415,84.63356973995272
E00015336,311,80,37,43,231,19,212,25.723472668810288,11.89710610932476,13.826366559485532,74.27652733118971,6.109324758842444,68.16720257234726
E00015337,253,44,18,26,209,13,196,17.391304347826086,7.114624505928854,10.276679841897234,82.6086956521739,5.138339920948617,77.4703557312253
E00015338,306,25,5,20,281,23,258,8.169934640522875,1.6339869281045754,6.535947712418301,91.83006535947712,7.516339869281046,84.31372549019608
E00015339,330,107,58,49,223,19,204,32.42424242424242,17.575757575757574,14.84848484848485,67.57575757575758,5.757575757575758,61.81818181818181
E00015340,291,45,22,23,246,10,236,15.463917525773196,7.560137457044673,7.903780068728522,84.5360824742268,3.436426116838488,81.09965635738831
E00015341,268,46,16,30,222,18,204,17.16417910447761,5.970149253731343,11.194029850746269,82.83582089552239,6.7164179104477615,76.11940298507463
E00015343,243,45,28,17,198,15,183,18.51851851851852,11.522633744855968,6.995884773662551,81.48148148148148,6.172839506172839,75.30864197530865
E00015344,335,66,36,30,269,16,253,19.701492537313435,10.746268656716417,8.955223880597014,80.29850746268656,4.776119402985075,75.5223880597015
E00015345,345,36,15,21,309,25,284,10.434782608695652,4.3478260869565215,6.086956521739131,89.56521739130436,7.246376811594203,82.31884057971014
E00015346,299,51,22,29,248,23,225,17.05685618729097,7.357859531772576,9.698996655518394,82.94314381270902,7.6923076923076925,75.25083612040135
E00015347,368,51,15,36,317,26,291,13.858695652173914,4.076086956521739,9.782608695652174,86.1413043478261,7.065217391304348,79.07608695652173
E00015348,316,39,17,22,277,34,243,12.341772151898734,5.379746835443038,6.962025316455696,87.65822784810126,10.759493670886076,76.89873417721519
E00015349,289,31,11,20,258,25,233,10.726643598615917,3.8062283737024223,6.920415224913495,89.27335640138409,8.650519031141869,80.62283737024222
E00015350,454,93,46,47,361,19,342,20.484581497797357,10.13215859030837,10.352422907488986,79.51541850220264,4.185022026431718,75.33039647577093
E00015351,350,39,18,21,311,22,289,11.142857142857142,5.142857142857142,6,88.85714285714286,6.2857142857142865,82.57142857142857
E00015352,155,15,1,14,140,11,129,9.67741935483871,0.6451612903225806,9.032258064516128,90.32258064516128,7.096774193548387,83.22580645161291
E00015354,348,45,26,19,303,25,278,12.931034482758621,7.471264367816093,5.459770114942529,87.06896551724138,7.183908045977011,79.88505747126436
E00015355,300,50,18,32,250,12,238,16.666666666666664,6,10.666666666666668,83.33333333333334,4,79.33333333333333
E00015356,233,49,22,27,184,13,171,21.030042918454935,9.44206008583691,11.587982832618025,78.96995708154506,5.579399141630901,73.39055793991416
E00015357,369,54,27,27,315,13,302,14.634146341463413,7.317073170731707,7.317073170731707,85.36585365853658,3.523035230352303,81.84281842818429
E00015358,283,71,32,39,212,17,195,25.08833922261484,11.307420494699647,13.780918727915195,74.91166077738515,6.007067137809187,68.90459363957598
E00015359,557,79,33,46,478,25,453,14.183123877917414,5.9245960502693,8.258527827648116,85.81687612208259,4.488330341113106,81.32854578096948
E00015360,322,45,23,22,277,13,264,13.975155279503104,7.142857142857142,6.832298136645963,86.0248447204969,4.037267080745342,81.98757763975155
E00015361,413,54,23,31,359,12,347,13.075060532687651,5.569007263922518,7.506053268765134,86.92493946731234,2.9055690072639226,84.01937046004842
E00015362,478,57,22,35,421,35,386,11.92468619246862,4.602510460251046,7.322175732217573,88.07531380753139,7.322175732217573,80.75313807531381
E00015363,396,74,31,43,322,23,299,18.68686868686869,7.828282828282829,10.85858585858586,81.31313131313132,5.808080808080808,75.5050505050505
E00015364,342,35,15,20,307,19,288,10.23391812865497,4.385964912280701,5.847953216374268,89.76608187134502,5.555555555555555,84.21052631578947
E00015366,315,40,17,23,275,14,261,12.698412698412698,5.396825396825397,7.301587301587302,87.3015873015873,4.444444444444445,82.85714285714286
E00015367,347,51,23,28,296,21,275,14.697406340057636,6.628242074927954,8.069164265129682,85.30259365994236,6.051873198847262,79.2507204610951
E00015368,338,38,15,23,300,23,277,11.242603550295858,4.437869822485207,6.8047337278106506,88.75739644970415,6.8047337278106506,81.95266272189349
E00015369,359,60,28,32,299,10,289,16.71309192200557,7.7994428969359335,8.913649025069638,83.28690807799443,2.785515320334262,80.50139275766016
E00015370,223,22,7,15,201,10,191,9.865470852017937,3.1390134529147984,6.726457399103139,90.13452914798206,4.484304932735426,85.65022421524664
E00015371,289,48,15,33,241,7,234,16.608996539792386,5.190311418685121,11.418685121107266,83.39100346020761,2.422145328719723,80.96885813148789
E00015372,326,42,28,14,284,19,265,12.883435582822086,8.588957055214724,4.294478527607362,87.11656441717791,5.828220858895705,81.28834355828221
E00015373,451,59,23,36,392,26,366,13.082039911308204,5.099778270509978,7.982261640798225,86.91796008869179,5.764966740576496,81.1529933481153
E00015374,306,50,31,19,256,22,234,16.33986928104575,10.130718954248366,6.209150326797386,83.66013071895425,7.18954248366013,76.47058823529412
E00015375,301,35,13,22,266,15,251,11.627906976744185,4.318936877076411,7.308970099667775,88.37209302325581,4.983388704318937,83.38870431893687
E00015376,389,69,32,37,320,8,312,17.737789203084834,8.226221079691516,9.511568123393316,82.26221079691517,2.056555269922879,80.20565552699229
E00015378,423,79,44,35,344,20,324,18.67612293144208,10.401891252955082,8.274231678486997,81.32387706855792,4.7281323877068555,76.59574468085107
E00015379,285,44,23,21,241,18,223,15.43859649122807,8.070175438596491,7.368421052631578,84.56140350877193,6.315789473684211,78.24561403508771
E00015380,289,54,22,32,235,14,221,18.685121107266436,7.612456747404845,11.072664359861593,81.31487889273356,4.844290657439446,76.47058823529412
E00015381,387,52,23,29,335,12,323,13.436692506459949,5.943152454780361,7.493540051679587,86.56330749354005,3.10077519379845,83.4625322997416
E00015382,461,39,12,27,422,41,381,8.459869848156181,2.6030368763557483,5.856832971800434,91.54013015184381,8.893709327548807,82.646420824295
E00015383,273,35,15,20,238,10,228,12.82051282051282,5.4945054945054945,7.326007326007327,87.17948717948718,3.6630036630036633,83.51648351648352
E00015384,421,40,9,31,381,39,342,9.501187648456057,2.137767220902613,7.363420427553444,90.49881235154395,9.263657957244655,81.23515439429929
E00015385,173,41,25,16,132,11,121,23.699421965317917,14.450867052023122,9.248554913294797,76.30057803468208,6.358381502890173,69.94219653179191
E00015386,252,35,12,23,217,10,207,13.88888888888889,4.761904761904762,9.126984126984127,86.11111111111111,3.968253968253968,82.14285714285714
E00015387,323,43,16,27,280,34,246,13.312693498452013,4.953560371517028,8.359133126934983,86.687306501548,10.526315789473683,76.16099071207431
E00015388,433,54,23,31,379,25,354,12.471131639722865,5.311778290993072,7.159353348729793,87.52886836027713,5.773672055427252,81.75519630484989
E00015389,296,54,26,28,242,15,227,18.243243243243242,8.783783783783784,9.45945945945946,81.75675675675676,5.0675675675675675,76.6891891891892
E00015390,339,46,15,31,293,22,271,13.569321533923304,4.424778761061947,9.144542772861357,86.4306784660767,6.489675516224189,79.9410029498525
E00015391,350,64,44,20,286,29,257,18.285714285714285,12.571428571428573,5.714285714285714,81.71428571428572,8.285714285714285,73.42857142857143
E00015392,285,54,18,36,231,10,221,18.947368421052634,6.315789473684211,12.631578947368421,81.05263157894737,3.508771929824561,77.54385964912281
E00015393,395,71,30,41,324,10,314,17.974683544303797,7.59493670886076,10.379746835443038,82.02531645569621,2.5316455696202533,79.49367088607595
E00015394,453,42,21,21,411,34,377,9.271523178807946,4.635761589403973,4.635761589403973,90.72847682119205,7.505518763796909,83.22295805739515
E00015395,315,58,22,36,257,13,244,18.412698412698415,6.984126984126984,11.428571428571429,81.58730158730158,4.1269841269841265,77.46031746031747
E00015396,314,47,18,29,267,21,246,14.968152866242038,5.7324840764331215,9.235668789808917,85.03184713375796,6.687898089171974,78.343949044586
E00015397,522,58,19,39,464,34,430,11.11111111111111,3.6398467432950192,7.471264367816093,88.88888888888889,6.513409961685824,82.37547892720306
E00015398,459,54,21,33,405,17,388,11.76470588235294,4.57516339869281,7.18954248366013,88.23529411764706,3.7037037037037033,84.53159041394336
E00015400,443,35,17,18,408,25,383,7.900677200902935,3.837471783295711,4.063205417607223,92.09932279909707,5.643340857787811,86.45598194130926
E00015401,471,99,71,28,372,24,348,21.019108280254777,15.074309978768577,5.9447983014862,78.98089171974523,5.095541401273886,73.88535031847134
E00015402,385,45,14,31,340,10,330,11.688311688311687,3.6363636363636362,8.051948051948052,88.31168831168831,2.5974025974025974,85.71428571428571
E00015403,268,34,14,20,234,6,228,12.686567164179104,5.223880597014925,7.462686567164178,87.31343283582089,2.2388059701492535,85.07462686567165
E00015404,482,56,30,26,426,11,415,11.618257261410788,6.224066390041494,5.394190871369295,88.38174273858921,2.2821576763485476,86.09958506224066
E00015405,331,53,18,35,278,19,259,16.012084592145015,5.438066465256798,10.574018126888216,83.98791540785498,5.740181268882175,78.24773413897282
E00015406,258,39,13,26,219,13,206,15.11627906976744,5.038759689922481,10.077519379844961,84.88372093023256,5.038759689922481,79.84496124031007
E00015407,277,37,21,16,240,14,226,13.357400722021662,7.581227436823104,5.776173285198556,86.64259927797833,5.054151624548736,81.58844765342961
E00015408,354,60,20,40,294,21,273,16.94915254237288,5.649717514124294,11.299435028248588,83.05084745762711,5.932203389830509,77.11864406779661
E00015409,304,54,23,31,250,7,243,17.763157894736842,7.565789473684211,10.197368421052632,82.23684210526315,2.302631578947368,79.93421052631578
E00015410,374,36,12,24,338,23,315,9.62566844919786,3.2085561497326207,6.417112299465241,90.37433155080214,6.149732620320856,84.22459893048129
E00015411,296,32,11,21,264,23,241,10.81081081081081,3.7162162162162162,7.094594594594595,89.1891891891892,7.77027027027027,81.41891891891892
E00015412,378,46,21,25,332,29,303,12.16931216931217,5.555555555555555,6.613756613756613,87.83068783068782,7.671957671957672,80.15873015873017
E00015413,268,24,12,12,244,23,221,8.955223880597014,4.477611940298507,4.477611940298507,91.04477611940298,8.582089552238806,82.46268656716418
E00015414,399,56,23,33,343,26,317,14.035087719298245,5.764411027568922,8.270676691729323,85.96491228070175,6.516290726817042,79.4486215538847
E00015416,365,35,13,22,330,28,302,9.58904109589041,3.5616438356164384,6.027397260273973,90.41095890410958,7.671232876712329,82.73972602739727
E00015417,291,33,11,22,258,14,244,11.34020618556701,3.7800687285223367,7.560137457044673,88.65979381443299,4.810996563573884,83.8487972508591
E00015418,288,26,3,23,262,26,236,9.027777777777777,1.0416666666666665,7.986111111111111,90.97222222222221,9.027777777777777,81.94444444444444
E00015419,288,27,10,17,261,24,237,9.375,3.4722222222222223,5.902777777777778,90.625,8.333333333333332,82.29166666666666
E00015421,266,38,14,24,228,19,209,14.285714285714285,5.263157894736842,9.022556390977442,85.71428571428571,7.142857142857142,78.57142857142857
E00015422,190,37,16,21,153,19,134,19.473684210526315,8.421052631578947,11.052631578947368,80.52631578947368,10,70.52631578947368
E00015423,349,41,14,27,308,26,282,11.74785100286533,4.011461318051576,7.736389684813753,88.25214899713467,7.4498567335243555,80.80229226361033
E00015424,211,28,9,19,183,17,166,13.270142180094787,4.265402843601896,9.004739336492891,86.7298578199052,8.056872037914692,78.67298578199052
E00015425,395,41,21,20,354,27,327,10.379746835443038,5.3164556962025316,5.063291139240507,89.62025316455696,6.8354430379746836,82.78481012658227
E00015426,349,36,15,21,313,26,287,10.315186246418339,4.297994269340974,6.017191977077363,89.68481375358166,7.4498567335243555,82.23495702005731
E00015427,288,48,19,29,240,7,233,16.666666666666664,6.597222222222222,10.069444444444445,83.33333333333334,2.430555555555556,80.90277777777779
E00015428,338,15,6,9,323,26,297,4.437869822485207,1.7751479289940828,2.6627218934911245,95.56213017751479,7.6923076923076925,87.86982248520711
E00015429,326,44,17,27,282,18,264,13.496932515337424,5.214723926380368,8.282208588957054,86.50306748466258,5.521472392638037,80.98159509202453
E00015430,332,43,19,24,289,21,268,12.951807228915662,5.72289156626506,7.228915662650602,87.04819277108435,6.325301204819277,80.72289156626506
E00015431,265,31,16,15,234,21,213,11.69811320754717,6.037735849056604,5.660377358490567,88.30188679245283,7.9245283018867925,80.37735849056604
E00015432,288,33,12,21,255,24,231,11.458333333333332,4.166666666666666,7.291666666666667,88.54166666666666,8.333333333333332,80.20833333333334
E00015433,396,48,11,37,348,29,319,12.121212121212121,2.7777777777777777,9.343434343434344,87.87878787878788,7.3232323232323235,80.55555555555556
E00015434,408,42,11,31,366,35,331,10.294117647058822,2.696078431372549,7.598039215686274,89.70588235294117,8.57843137254902,81.12745098039215
E00015435,273,31,7,24,242,18,224,11.355311355311356,2.564102564102564,8.791208791208792,88.64468864468864,6.593406593406594,82.05128205128204
E00015436,285,41,17,24,244,25,219,14.385964912280702,5.964912280701754,8.421052631578947,85.6140350877193,8.771929824561402,76.84210526315789
E00015437,461,90,48,42,371,23,348,19.522776572668114,10.412147505422993,9.11062906724512,80.4772234273319,4.989154013015185,75.48806941431671
E00015438,302,29,8,21,273,27,246,9.602649006622517,2.6490066225165565,6.95364238410596,90.39735099337747,8.940397350993377,81.45695364238411
E00015439,319,39,17,22,280,21,259,12.225705329153605,5.329153605015674,6.896551724137931,87.7742946708464,6.583072100313479,81.19122257053291
E00015440,300,53,24,29,247,17,230,17.666666666666668,8,9.666666666666666,82.33333333333334,5.666666666666666,76.66666666666667
E00015441,261,35,14,21,226,31,195,13.409961685823754,5.363984674329502,8.045977011494253,86.59003831417624,11.877394636015326,74.71264367816092
E00015442,279,37,12,25,242,8,234,13.261648745519713,4.301075268817205,8.960573476702509,86.73835125448028,2.867383512544803,83.87096774193549
E00015443,300,37,16,21,263,15,248,12.333333333333334,5.333333333333334,7.000000000000001,87.66666666666667,5,82.66666666666667
E00015444,226,34,13,21,192,12,180,15.04424778761062,5.752212389380531,9.29203539823009,84.95575221238938,5.3097345132743365,79.64601769911505
E00015445,314,53,21,32,261,12,249,16.878980891719745,6.687898089171974,10.191082802547772,83.12101910828027,3.821656050955414,79.29936305732484
E00015446,297,48,11,37,249,17,232,16.161616161616163,3.7037037037037033,12.457912457912458,83.83838383838383,5.723905723905724,78.11447811447812
E00015447,371,65,29,36,306,15,291,17.52021563342318,7.816711590296496,9.703504043126685,82.47978436657682,4.0431266846361185,78.4366576819407
E00015448,249,39,19,20,210,22,188,15.66265060240964,7.630522088353414,8.032128514056225,84.33734939759037,8.835341365461847,75.50200803212851
E00015449,425,39,15,24,386,25,361,9.176470588235293,3.5294117647058822,5.647058823529412,90.8235294117647,5.88235294117647,84.94117647058823
E00015450,188,28,15,13,160,14,146,14.893617021276595,7.9787234042553195,6.914893617021277,85.1063829787234,7.446808510638298,77.6595744680851
E00015451,247,61,21,40,186,12,174,24.696356275303643,8.502024291497975,16.194331983805668,75.30364372469636,4.8582995951417,70.44534412955466
E00015452,276,34,12,22,242,6,236,12.318840579710146,4.3478260869565215,7.971014492753622,87.68115942028986,2.1739130434782608,85.5072463768116
E00015453,237,17,7,10,220,14,206,7.172995780590717,2.9535864978902953,4.219409282700422,92.82700421940928,5.9071729957805905,86.91983122362869
E00015454,247,29,6,23,218,25,193,11.740890688259109,2.42914979757085,9.31174089068826,88.25910931174089,10.121457489878543,78.13765182186235
E00015455,308,71,36,35,237,14,223,23.051948051948052,11.688311688311687,11.363636363636363,76.94805194805194,4.545454545454546,72.40259740259741
E00015456,313,67,32,35,246,11,235,21.405750798722046,10.223642172523961,11.182108626198083,78.59424920127796,3.5143769968051117,75.07987220447284
E00015457,370,81,41,40,289,13,276,21.891891891891895,11.081081081081082,10.81081081081081,78.10810810810811,3.5135135135135136,74.5945945945946
E00015458,226,30,8,22,196,11,185,13.274336283185843,3.5398230088495577,9.734513274336283,86.72566371681415,4.867256637168142,81.85840707964603
E00015459,272,35,18,17,237,14,223,12.867647058823529,6.61764705882353,6.25,87.13235294117648,5.147058823529411,81.98529411764706
E00015460,276,58,21,37,218,14,204,21.014492753623188,7.608695652173914,13.405797101449277,78.98550724637681,5.072463768115942,73.91304347826086
E00015461,281,55,35,20,226,9,217,19.572953736654807,12.455516014234876,7.11743772241993,80.42704626334519,3.202846975088968,77.22419928825623
E00015462,326,65,28,37,261,29,232,19.938650306748464,8.588957055214724,11.349693251533742,80.06134969325154,8.895705521472392,71.16564417177914
E00015463,294,46,26,20,248,9,239,15.646258503401361,8.843537414965986,6.802721088435375,84.35374149659864,3.061224489795918,81.29251700680273
E00015464,256,62,46,16,194,12,182,24.21875,17.96875,6.25,75.78125,4.6875,71.09375
E00015465,361,57,17,40,304,21,283,15.789473684210526,4.7091412742382275,11.080332409972298,84.21052631578947,5.8171745152354575,78.39335180055402
E00015466,243,29,9,20,214,20,194,11.934156378600823,3.7037037037037033,8.23045267489712,88.06584362139918,8.23045267489712,79.83539094650206
E00015467,223,40,17,23,183,8,175,17.937219730941703,7.623318385650224,10.31390134529148,82.0627802690583,3.587443946188341,78.47533632286996
E00015468,271,45,19,26,226,11,215,16.605166051660518,7.011070110701106,9.59409594095941,83.39483394833948,4.059040590405904,79.33579335793358
E00015469,347,44,14,30,303,24,279,12.680115273775217,4.034582132564841,8.645533141210375,87.31988472622479,6.9164265129683,80.403458213256485
E00015470,273,38,11,27,235,18,217,13.91941391941392,4.029304029304029,9.89010989010989,86.08058608058609,6.593406593406594,79.48717948717949
E00015471,223,47,21,26,176,18,158,21.076233183856502,9.417040358744394,11.659192825112108,78.9237668161435,8.071748878923767,70.85201793721974
E00015472,337,37,6,31,300,27,273,10.979228486646884,1.7804154302670623,9.198813056379821,89.02077151335311,8.011869436201781,81.00890207715133
E00015473,190,36,24,12,154,4,150,18.947368421052634,12.631578947368421,6.315789473684211,81.05263157894737,2.1052631578947367,78.94736842105263
E00015474,173,37,14,23,136,10,126,21.38728323699422,8.092485549132949,13.294797687861271,78.61271676300578,5.780346820809249,72.83236994219652
E00015475,286,29,8,21,257,15,242,10.13986013986014,2.797202797202797,7.3426573426573425,89.86013986013987,5.244755244755245,84.61538461538461
E00015476,325,21,7,14,304,28,276,6.461538461538462,2.1538461538461537,4.3076923076923075,93.53846153846153,8.615384615384615,84.92307692307692
E00015477,245,28,10,18,217,18,199,11.428571428571429,4.081632653061225,7.346938775510205,88.57142857142857,7.346938775510205,81.22448979591836
E00015478,306,30,11,19,276,19,257,9.803921568627452,3.594771241830065,6.209150326797386,90.19607843137256,6.209150326797386,83.98692810457517
E00015479,386,127,86,41,259,11,248,32.90155440414508,22.279792746113987,10.621761658031089,67.09844559585493,2.849740932642487,64.24870466321244
E00015480,309,34,19,15,275,20,255,11.003236245954692,6.148867313915858,4.854368932038835,88.9967637540453,6.472491909385113,82.52427184466019
E00015481,337,43,16,27,294,19,275,12.759643916913946,4.747774480712167,8.011869436201781,87.24035608308606,5.637982195845697,81.60237388724035
E00015482,458,68,20,48,390,13,377,14.847161572052403,4.366812227074235,10.480349344978166,85.1528384279476,2.8384279475982535,82.31441048034934
E00015483,192,42,24,18,150,9,141,21.875,12.5,9.375,78.125,4.6875,73.4375
E00015484,398,70,39,31,328,26,302,17.587939698492463,9.798994974874372,7.788944723618091,82.41206030150754,6.532663316582915,75.87939698492463
E00015485,378,48,19,29,330,18,312,12.698412698412698,5.026455026455026,7.671957671957672,87.3015873015873,4.761904761904762,82.53968253968253
E00015486,263,63,31,32,200,12,188,23.954372623574145,11.787072243346007,12.167300380228136,76.04562737642586,4.562737642585551,71.48288973384031
E00015487,237,45,5,40,192,13,179,18.9873417721519,2.109704641350211,16.877637130801688,81.0126582278481,5.485232067510549,75.52742616033755
E00015488,408,40,12,28,368,40,328,9.803921568627452,2.941176470588235,6.862745098039216,90.19607843137256,9.803921568627452,80.3921568627451
E00015489,422,43,14,29,379,48,331,10.189573459715639,3.3175355450236967,6.872037914691943,89.81042654028435,11.374407582938389,78.43601895734598
E00015490,421,39,13,26,382,25,357,9.263657957244655,3.0878859857482186,6.175771971496437,90.73634204275535,5.938242280285035,84.798099762470315
E00015491,403,58,22,36,345,39,306,14.392059553349876,5.459057071960298,8.933002481389577,85.60794044665012,9.67741935483871,75.93052109181141
E00015492,240,56,25,31,184,14,170,23.333333333333332,10.416666666666668,12.916666666666668,76.66666666666667,5.833333333333333,70.83333333333334
E00015493,423,57,26,31,366,41,325,13.47517730496454,6.1465721040189125,7.328605200945626,86.52482269503547,9.692671394799055,76.8321513002364
E00015494,332,36,13,23,296,19,277,10.843373493975903,3.91566265060241,6.927710843373494,89.1566265060241,5.72289156626506,83.43373493975903
E00015495,359,44,6,38,315,11,304,12.256267409470752,1.6713091922005572,10.584958217270195,87.74373259052925,3.064066852367688,84.67966573816156
E00015496,299,73,39,34,226,17,209,24.414715719063544,13.043478260869565,11.37123745819398,75.58528428093646,5.68561872909699,69.89966555183946
E00015497,295,50,24,26,245,16,229,16.94915254237288,8.135593220338983,8.813559322033898,83.05084745762711,5.423728813559322,77.62711864406779
E00015498,324,45,18,27,279,11,268,13.88888888888889,5.555555555555555,8.333333333333332,86.11111111111111,3.3950617283950617,82.71604938271605
E00015499,349,50,24,26,299,11,288,14.326647564469914,6.876790830945559,7.4498567335243555,85.67335243553008,3.151862464183381,82.52148997134671
E00015501,290,23,4,19,267,20,247,7.931034482758621,1.3793103448275863,6.551724137931035,92.06896551724138,6.896551724137931,85.17241379310346
E00015502,443,50,20,30,393,11,382,11.286681715575622,4.514672686230249,6.772009029345373,88.71331828442437,2.4830699774266365,86.23024830699775
E00015503,295,42,18,24,253,10,243,14.237288135593221,6.101694915254238,8.135593220338983,85.76271186440678,3.389830508474576,82.37288135593221
E00015504,302,31,9,22,271,19,252,10.264900662251655,2.980132450331126,7.28476821192053,89.73509933774835,6.291390728476822,83.44370860927152
E00015505,360,30,7,23,330,26,304,8.333333333333332,1.9444444444444444,6.388888888888888,91.66666666666666,7.222222222222221,84.44444444444444
E00015506,325,64,22,42,261,20,241,19.692307692307693,6.769230769230769,12.923076923076923,80.3076923076923,6.153846153846154,74.15384615384616
E00015507,342,43,8,35,299,26,273,12.573099415204677,2.3391812865497075,10.23391812865497,87.42690058479532,7.602339181286549,79.82456140350878
E00015508,496,64,25,39,432,19,413,12.903225806451612,5.040322580645161,7.862903225806452,87.09677419354838,3.8306451612903225,83.26612903225806
E00015509,332,32,10,22,300,28,272,9.63855421686747,3.0120481927710845,6.626506024096386,90.36144578313254,8.433734939759036,81.92771084337349
E00015510,367,51,18,33,316,25,291,13.896457765667575,4.904632152588556,8.991825613079019,86.10354223433242,6.811989100817439,79.291553133515
E00015511,341,26,7,19,315,28,287,7.624633431085044,2.0527859237536656,5.571847507331378,92.37536656891496,8.211143695014663,84.1642228739003
E00015512,282,41,16,25,241,24,217,14.539007092198581,5.673758865248227,8.865248226950355,85.46099290780141,8.51063829787234,76.95035460992908
E00015513,329,51,22,29,278,20,258,15.501519756838904,6.68693009118541,8.814589665653495,84.49848024316108,6.079027355623101,78.419452887538
E00015514,306,53,25,28,253,27,226,17.320261437908496,8.169934640522875,9.15032679738562,82.6797385620915,8.823529411764707,73.8562091503268
E00015515,277,45,20,25,232,20,212,16.24548736462094,7.2202166064981945,9.025270758122744,83.75451263537906,7.2202166064981945,76.53429602888086
E00015516,293,51,24,27,242,14,228,17.4061433447099,8.19112627986348,9.215017064846416,82.5938566552901,4.778156996587031,77.81569965870307
E00015517,421,59,24,35,362,29,333,14.014251781472684,5.7007125890736345,8.31353919239905,85.98574821852732,6.88836104513064,79.09738717339667
E00015518,388,53,24,29,335,21,314,13.65979381443299,6.185567010309279,7.474226804123711,86.34020618556701,5.412371134020619,80.9278350515464
E00015519,339,48,24,24,291,30,261,14.15929203539823,7.079646017699115,7.079646017699115,85.84070796460178,8.849557522123893,76.99115044247787
E00015520,489,51,18,33,438,35,403,10.429447852760736,3.6809815950920246,6.748466257668712,89.57055214723927,7.157464212678937,82.41308793456032
E00015522,433,48,18,30,385,25,360,11.085450346420323,4.157043879907621,6.928406466512701,88.91454965357968,5.773672055427252,83.14087759815243
E00015523,404,50,18,32,354,31,323,12.376237623762377,4.455445544554455,7.920792079207921,87.62376237623762,7.673267326732673,79.95049504950495
E00015524,380,56,28,28,324,30,294,14.736842105263156,7.368421052631578,7.368421052631578,85.26315789473684,7.894736842105263,77.36842105263158
E00015525,459,63,43,20,396,37,359,13.725490196078432,9.368191721132897,4.357298474945534,86.27450980392157,8.061002178649238,78.21350762527233
E00015526,377,38,21,17,339,22,317,10.079575596816976,5.570291777188329,4.509283819628647,89.92042440318302,5.835543766578249,84.08488063660478
E00015527,273,38,6,32,235,20,215,13.91941391941392,2.197802197802198,11.72161172161172,86.08058608058609,7.326007326007327,78.75457875457876
E00015528,301,33,12,21,268,11,257,10.96345514950166,3.9867109634551494,6.976744186046512,89.03654485049833,3.6544850498338874,85.38205980066445
E00015529,273,30,14,16,243,21,222,10.989010989010989,5.128205128205128,5.86080586080586,89.01098901098901,7.6923076923076925,81.31868131868131
E00015530,390,50,13,37,340,27,313,12.82051282051282,3.3333333333333335,9.487179487179487,87.17948717948718,6.923076923076923,80.25641025641026
E00015531,222,28,14,14,194,12,182,12.612612612612612,6.306306306306306,6.306306306306306,87.38738738738738,5.405405405405405,81.98198198198197
E00015532,228,43,28,15,185,14,171,18.859649122807017,12.280701754385964,6.578947368421052,81.14035087719299,6.140350877192982,75
E00015533,204,22,10,12,182,21,161,10.784313725490197,4.901960784313726,5.88235294117647,89.2156862745098,10.294117647058822,78.92156862745098
E00015534,236,25,9,16,211,14,197,10.59322033898305,3.8135593220338984,6.779661016949152,89.40677966101694,5.932203389830509,83.47457627118644
E00015535,253,43,15,28,210,12,198,16.99604743083004,5.928853754940711,11.067193675889328,83.00395256916995,4.743083003952568,78.26086956521739
E00015536,294,36,13,23,258,22,236,12.244897959183673,4.421768707482993,7.8231292517006805,87.75510204081633,7.482993197278912,80.27210884353741
E00015537,369,39,10,29,330,24,306,10.569105691056912,2.710027100271003,7.8590785907859075,89.43089430894308,6.504065040650407,82.92682926829268
E00015538,206,41,13,28,165,11,154,19.902912621359224,6.310679611650485,13.592233009708737,80.09708737864078,5.339805825242718,74.75728155339806
E00015539,279,48,25,23,231,12,219,17.20430107526882,8.960573476702509,8.24372759856631,82.79569892473118,4.301075268817205,78.49462365591397
E00015540,222,16,3,13,206,24,182,7.207207207207207,1.3513513513513513,5.8558558558558556,92.7927927927928,10.81081081081081,81.98198198198197
E00015541,280,47,21,26,233,15,218,16.785714285714285,7.5,9.285714285714286,83.21428571428572,5.357142857142857,77.85714285714286
E00015542,315,43,23,20,272,21,251,13.65079365079365,7.301587301587302,6.349206349206349,86.34920634920636,6.666666666666667,79.68253968253968
E00015543,245,45,18,27,200,11,189,18.367346938775512,7.346938775510205,11.020408163265307,81.63265306122449,4.489795918367347,77.14285714285715
E00015544,312,60,29,31,252,14,238,19.230769230769234,9.294871794871796,9.935897435897436,80.76923076923077,4.487179487179487,76.28205128205127
E00015545,402,122,87,35,280,24,256,30.34825870646766,21.641791044776117,8.706467661691542,69.65174129353234,5.970149253731343,63.681592039801
E00015546,271,42,18,24,229,20,209,15.498154981549817,6.642066420664207,8.856088560885608,84.50184501845018,7.380073800738007,77.12177121771218
E00015547,283,34,20,14,249,24,225,12.014134275618375,7.06713780918728,4.946996466431095,87.98586572438163,8.480565371024735,79.50530035335689
E00015548,347,44,24,20,303,34,269,12.680115273775217,6.9164265129683,5.763688760806916,87.31988472622479,9.798270893371757,77.52161383285303
E00015549,469,83,38,45,386,20,366,17.69722814498934,8.102345415778252,9.594882729211088,82.30277185501066,4.264392324093817,78.03837953091684
E00015550,342,46,21,25,296,23,273,13.450292397660817,6.140350877192982,7.309941520467836,86.54970760233918,6.725146198830409,79.82456140350878
E00015551,320,24,10,14,296,17,279,7.5,3.125,4.375,92.5,5.3125,87.1875
E00015552,441,72,33,39,369,13,356,16.3265306122449,7.482993197278912,8.843537414965986,83.6734693877551,2.947845804988662,80.72562358276643
E00015553,319,40,9,31,279,22,257,12.539184952978054,2.8213166144200628,9.717868338557993,87.46081504702194,6.896551724137931,80.56426332288402
E00015554,322,44,10,34,278,13,265,13.664596273291925,3.1055900621118013,10.559006211180124,86.33540372670807,4.037267080745342,82.29813664596274
E00015555,279,16,7,9,263,17,246,5.734767025089606,2.5089605734767026,3.225806451612903,94.26523297491039,6.093189964157706,88.17204301075269
E00015556,305,32,14,18,273,20,253,10.491803278688524,4.590163934426229,5.901639344262295,89.50819672131148,6.557377049180328,82.95081967213115
E00015557,323,34,13,21,289,20,269,10.526315789473683,4.024767801857585,6.5015479876160995,89.47368421052632,6.191950464396285,83.28173374613003
E00015558,442,60,26,34,382,22,360,13.574660633484163,5.88235294117647,7.6923076923076925,86.42533936651584,4.97737556561086,81.44796380090497
E00015559,295,26,8,18,269,26,243,8.813559322033898,2.711864406779661,6.101694915254238,91.18644067796609,8.813559322033898,82.37288135593221
E00015560,316,31,10,21,285,23,262,9.81012658227848,3.1645569620253164,6.6455696202531636,90.18987341772153,7.2784810126582276,82.91139240506328
E00015561,314,36,9,27,278,23,255,11.464968152866243,2.8662420382165608,8.598726114649681,88.53503184713377,7.32484076433121,81.21019108280255
E00015562,283,51,20,31,232,15,217,18.021201413427562,7.06713780918728,10.954063604240282,81.97879858657244,5.30035335689046,76.67844522968198
E00015563,333,45,15,30,288,12,276,13.513513513513514,4.504504504504505,9.00900900900901,86.48648648648648,3.6036036036036037,82.88288288288288
E00015564,307,42,15,27,265,24,241,13.680781758957655,4.88599348534202,8.794788273615636,86.31921824104235,7.81758957654723,78.50162866449512
E00015565,234,40,16,24,194,13,181,17.094017094017094,6.837606837606838,10.256410256410255,82.90598290598291,5.555555555555555,77.35042735042735
E00015566,245,37,17,20,208,17,191,15.10204081632653,6.938775510204081,8.16326530612245,84.89795918367346,6.938775510204081,77.9591836734694
E00015567,433,38,11,27,395,18,377,8.775981524249422,2.5404157043879905,6.235565819861432,91.22401847575058,4.157043879907621,87.06697459584296
E00015568,307,38,13,25,269,24,245,12.37785016286645,4.234527687296417,8.143322475570033,87.62214983713355,7.81758957654723,79.80456026058633
E00015569,306,37,13,24,269,23,246,12.091503267973856,4.248366013071895,7.8431372549019605,87.90849673202614,7.516339869281046,80.3921568627451
E00015570,301,36,11,25,265,24,241,11.960132890365449,3.6544850498338874,8.305647840531561,88.03986710963456,7.973421926910299,80.06644518272425
E00015571,204,56,45,11,148,14,134,27.450980392156865,22.058823529411764,5.392156862745098,72.54901960784314,6.862745098039216,65.68627450980392
E00015572,294,86,66,20,208,18,190,29.25170068027211,22.448979591836736,6.802721088435375,70.74829931972789,6.122448979591836,64.62585034013605
E00015573,319,43,15,28,276,26,250,13.479623824451412,4.702194357366771,8.77742946708464,86.52037617554859,8.150470219435736,78.36990595611285
E00015574,307,38,10,28,269,15,254,12.37785016286645,3.257328990228013,9.120521172638437,87.62214983713355,4.88599348534202,82.73615635179154
E00015575,327,30,8,22,297,20,277,9.174311926605505,2.4464831804281344,6.727828746177369,90.82568807339449,6.116207951070336,84.70948012232415
E00015576,457,48,18,30,409,41,368,10.50328227571116,3.938730853391685,6.564551422319474,89.49671772428884,8.971553610503284,80.52516411378556
E00015577,376,41,15,26,335,25,310,10.904255319148938,3.9893617021276597,6.914893617021277,89.09574468085107,6.648936170212766,82.4468085106383
E00015578,333,45,23,22,288,22,266,13.513513513513514,6.906906906906906,6.606606606606606,86.48648648648648,6.606606606606606,79.87987987987988
E00015579,354,28,8,20,326,32,294,7.909604519774012,2.2598870056497176,5.649717514124294,92.09039548022598,9.03954802259887,83.05084745762711
E00015580,329,57,30,27,272,23,249,17.325227963525837,9.118541033434651,8.206686930091186,82.67477203647417,6.990881458966565,75.6838905775076
E00015581,315,37,16,21,278,26,252,11.746031746031745,5.079365079365079,6.666666666666667,88.25396825396825,8.253968253968253,80
E00015582,292,32,11,21,260,10,250,10.95890410958904,3.767123287671233,7.191780821917808,89.04109589041096,3.4246575342465753,85.61643835616438
E00015583,279,42,13,29,237,20,217,15.053763440860216,4.659498207885305,10.39426523297491,84.94623655913979,7.168458781362006,77.77777777777779
E00015584,359,43,27,16,316,21,295,11.977715877437326,7.520891364902507,4.456824512534819,88.02228412256268,5.8495821727019495,82.17270194986072
E00015585,371,39,21,18,332,23,309,10.512129380053908,5.660377358490567,4.8517520215633425,89.4878706199461,6.199460916442049,83.28840970350404
E00015586,265,33,12,21,232,15,217,12.452830188679245,4.528301886792453,7.9245283018867925,87.54716981132076,5.660377358490567,81.88679245283019
E00015587,568,50,16,34,518,33,485,8.80281690140845,2.8169014084507045,5.985915492957746,91.19718309859155,5.809859154929577,85.38732394366197
E00015588,609,69,21,48,540,20,520,11.330049261083744,3.4482758620689653,7.8817733990147785,88.66995073891626,3.284072249589491,85.38587848932676
E00015589,374,52,20,32,322,9,313,13.903743315508022,5.347593582887701,8.55614973262032,86.09625668449198,2.406417112299465,83.68983957219251
E00015591,476,67,37,30,409,23,386,14.07563025210084,7.773109243697479,6.302521008403361,85.92436974789915,4.831932773109244,81.09243697478992
E00015592,414,39,19,20,375,36,339,9.420289855072465,4.5893719806763285,4.830917874396135,90.57971014492753,8.695652173913043,81.88405797101449
E00015593,386,62,27,35,324,22,302,16.06217616580311,6.994818652849741,9.067357512953368,83.93782383419689,5.699481865284974,78.23834196891191
E00015594,315,34,14,20,281,11,270,10.793650793650794,4.444444444444445,6.349206349206349,89.20634920634922,3.492063492063492,85.71428571428571
E00015595,416,36,9,27,380,27,353,8.653846153846153,2.1634615384615383,6.490384615384616,91.34615384615384,6.490384615384616,84.85576923076923
E00015596,299,70,42,28,229,14,215,23.411371237458194,14.046822742474916,9.364548494983277,76.58862876254182,4.682274247491638,71.90635451505017
E00015597,360,70,40,30,290,16,274,19.444444444444446,11.11111111111111,8.333333333333332,80.55555555555556,4.444444444444445,76.11111111111111
E00015598,431,59,29,30,372,17,355,13.68909512761021,6.728538283062645,6.960556844547564,86.3109048723898,3.944315545243619,82.36658932714617
E00015600,341,39,9,30,302,4,298,11.436950146627565,2.6392961876832843,8.797653958944283,88.56304985337243,1.1730205278592376,87.3900293255132
E00015601,335,31,3,28,304,10,294,9.253731343283581,0.8955223880597015,8.358208955223882,90.74626865671642,2.9850746268656714,87.76119402985074
E00015602,295,23,11,12,272,25,247,7.796610169491526,3.728813559322034,4.067796610169491,92.20338983050847,8.47457627118644,83.72881355932203
E00015603,304,39,15,24,265,8,257,12.828947368421053,4.934210526315789,7.894736842105263,87.17105263157895,2.631578947368421,84.53947368421053
E00015604,285,33,8,25,252,20,232,11.578947368421053,2.807017543859649,8.771929824561402,88.42105263157895,7.017543859649122,81.40350877192982
E00015605,273,36,12,24,237,14,223,13.186813186813188,4.395604395604396,8.791208791208792,86.81318681318682,5.128205128205128,81.68498168498168
E00015606,293,50,21,29,243,19,224,17.064846416382252,7.167235494880546,9.897610921501707,82.93515358361775,6.484641638225256,76.45051194539249
E00015607,314,31,8,23,283,25,258,9.872611464968154,2.547770700636943,7.32484076433121,90.12738853503186,7.961783439490445,82.16560509554141
E00015608,291,27,7,20,264,12,252,9.278350515463918,2.405498281786942,6.872852233676976,90.72164948453609,4.123711340206185,86.5979381443299
E00015609,287,30,14,16,257,16,241,10.452961672473867,4.878048780487805,5.574912891986063,89.54703832752612,5.574912891986063,83.97212543554006
E00015611,553,69,18,51,484,50,434,12.47739602169982,3.25497287522604,9.22242314647378,87.52260397830018,9.041591320072333,78.48101265822784
E00015612,285,47,24,23,238,28,210,16.49122807017544,8.421052631578947,8.070175438596491,83.50877192982456,9.824561403508772,73.68421052631578
E00015613,296,32,5,27,264,20,244,10.81081081081081,1.6891891891891893,9.121621621621621,89.1891891891892,6.756756756756757,82.43243243243244
E00015614,342,43,12,31,299,26,273,12.573099415204677,3.508771929824561,9.064327485380117,87.42690058479532,7.602339181286549,79.82456140350878
E00015615,316,47,17,30,269,27,242,14.873417721518987,5.379746835443038,9.49367088607595,85.12658227848101,8.544303797468354,76.58227848101265
E00015616,402,47,14,33,355,22,333,11.691542288557214,3.482587064676617,8.208955223880597,88.30845771144278,5.472636815920398,82.83582089552239
E00015617,217,43,14,29,174,11,163,19.81566820276498,6.451612903225806,13.36405529953917,80.18433179723502,5.0691244239631335,75.11520737327189
E00015618,390,36,11,25,354,32,322,9.230769230769232,2.8205128205128207,6.41025641025641,90.76923076923077,8.205128205128204,82.564102564102555
E00015619,312,41,13,28,271,14,257,13.141025641025642,4.166666666666666,8.974358974358974,86.85897435897436,4.487179487179487,82.37179487179486
E00015620,299,50,21,29,249,13,236,16.722408026755854,7.023411371237458,9.698996655518394,83.27759197324414,4.3478260869565215,78.92976588628763
E00015621,218,16,0,16,202,11,191,7.339449541284404,0,7.339449541284404,92.66055045871559,5.045871559633028,87.61467889908256
E00015623,398,42,9,33,356,33,323,10.552763819095476,2.261306532663317,8.291457286432161,89.44723618090453,8.291457286432161,81.15577889447236
E00015624,268,40,18,22,228,23,205,14.925373134328357,6.7164179104477615,8.208955223880597,85.07462686567165,8.582089552238806,76.49253731343283
E00015625,326,37,17,20,289,6,283,11.349693251533742,5.214723926380368,6.134969325153374,88.65030674846625,1.8404907975460123,86.80981595092024
E00015627,468,49,17,32,419,26,393,10.47008547008547,3.632478632478633,6.837606837606838,89.52991452991454,5.555555555555555,83.97435897435898
E00015628,399,50,17,33,349,44,305,12.531328320802004,4.260651629072681,8.270676691729323,87.468671679198,11.027568922305765,76.441102756892235
E00015629,282,38,16,22,244,17,227,13.47517730496454,5.673758865248227,7.801418439716312,86.52482269503547,6.028368794326241,80.49645390070921
E00015630,372,93,46,47,279,22,257,25,12.365591397849462,12.634408602150538,75,5.913978494623656,69.08602150537635
E00015631,318,43,16,27,275,26,249,13.522012578616351,5.031446540880504,8.49056603773585,86.47798742138365,8.176100628930817,78.30188679245283
E00015632,234,45,22,23,189,5,184,19.230769230769234,9.401709401709402,9.82905982905983,80.76923076923077,2.1367521367521367,78.63247863247864
E00015633,336,19,0,19,317,39,278,5.654761904761905,0,5.654761904761905,94.34523809523809,11.607142857142858,82.73809523809523
E00015634,416,53,25,28,363,22,341,12.740384615384615,6.009615384615385,6.730769230769231,87.25961538461539,5.288461538461538,81.97115384615384
E00015635,330,35,8,27,295,34,261,10.606060606060606,2.4242424242424243,8.181818181818182,89.39393939393939,10.303030303030303,79.0909090909091
E00015636,308,41,14,27,267,20,247,13.311688311688311,4.545454545454546,8.766233766233766,86.68831168831169,6.493506493506493,80.1948051948052
E00015637,275,37,10,27,238,24,214,13.454545454545455,3.6363636363636362,9.818181818181818,86.54545454545455,8.727272727272728,77.81818181818181
E00015638,310,29,14,15,281,26,255,9.35483870967742,4.516129032258064,4.838709677419355,90.64516129032259,8.38709677419355,82.25806451612904
E00015639,190,53,29,24,137,8,129,27.89473684210526,15.263157894736842,12.631578947368421,72.10526315789474,4.2105263157894735,67.89473684210526
E00015640,180,31,8,23,149,18,131,17.22222222222222,4.444444444444445,12.777777777777777,82.77777777777777,10,72.77777777777777
E00015641,293,46,15,31,247,29,218,15.699658703071673,5.1194539249146755,10.580204778156997,84.30034129692832,9.897610921501707,74.40273037542661
E00015642,501,74,35,39,427,33,394,14.770459081836327,6.986027944111776,7.784431137724551,85.22954091816366,6.58682634730539,78.64271457085829
E00015643,317,35,16,19,282,11,271,11.041009463722396,5.047318611987381,5.993690851735016,88.95899053627761,3.4700315457413247,85.48895899053628
E00015644,275,10,4,6,265,25,240,3.6363636363636362,1.4545454545454546,2.181818181818182,96.36363636363636,9.090909090909092,87.27272727272727
E00015645,287,26,5,21,261,21,240,9.059233449477352,1.7421602787456445,7.317073170731707,90.94076655052264,7.317073170731707,83.62369337979094
E00015646,223,58,25,33,165,9,156,26.00896860986547,11.210762331838566,14.798206278026907,73.99103139013454,4.0358744394618835,69.95515695067265
E00015647,241,18,5,13,223,11,212,7.468879668049793,2.0746887966804977,5.394190871369295,92.5311203319502,4.564315352697095,87.96680497925311
E00015648,328,40,13,27,288,24,264,12.195121951219512,3.9634146341463414,8.231707317073171,87.8048780487805,7.317073170731707,80.48780487804879
E00015649,353,58,23,35,295,15,280,16.43059490084986,6.515580736543909,9.91501416430595,83.56940509915015,4.2492917847025495,79.3201133144476
E00015650,309,48,13,35,261,11,250,15.53398058252427,4.207119741100324,11.326860841423949,84.46601941747572,3.559870550161812,80.90614886731392
E00015651,287,37,17,20,250,11,239,12.89198606271777,5.923344947735192,6.968641114982578,87.10801393728222,3.8327526132404177,83.27526132404182
E00015652,432,48,25,23,384,40,344,11.11111111111111,5.787037037037037,5.324074074074074,88.88888888888889,9.25925925925926,79.62962962962963
E00015653,331,19,4,15,312,22,290,5.740181268882175,1.2084592145015105,4.531722054380665,94.25981873111783,6.646525679758309,87.61329305135952
E00015654,235,45,20,25,190,11,179,19.148936170212767,8.51063829787234,10.638297872340425,80.85106382978722,4.680851063829787,76.17021276595744
E00015655,316,40,14,26,276,18,258,12.658227848101266,4.430379746835443,8.227848101265822,87.34177215189874,5.69620253164557,81.64556962025317
E00015656,216,47,18,29,169,21,148,21.75925925925926,8.333333333333332,13.425925925925927,78.24074074074075,9.722222222222223,68.51851851851852
E00015657,353,36,9,27,317,25,292,10.198300283286118,2.5495750708215295,7.64872521246459,89.80169971671388,7.0821529745042495,82.71954674220963
E00015658,224,41,14,27,183,12,171,18.303571428571427,6.25,12.053571428571429,81.69642857142857,5.357142857142857,76.33928571428571
E00015659,258,35,19,16,223,21,202,13.565891472868216,7.3643410852713185,6.2015503875969,86.43410852713178,8.13953488372093,78.29457364341084
E00015660,267,49,20,29,218,20,198,18.352059925093634,7.490636704119851,10.861423220973784,81.64794007490637,7.490636704119851,74.15730337078652
E00015661,306,30,3,27,276,44,232,9.803921568627452,0.9803921568627451,8.823529411764707,90.19607843137256,14.37908496732026,75.81699346405229
E00015662,319,50,21,29,269,28,241,15.673981191222571,6.583072100313479,9.090909090909092,84.32601880877742,8.77742946708464,75.54858934169279
E00015663,260,37,14,23,223,13,210,14.23076923076923,5.384615384615385,8.846153846153847,85.76923076923076,5,80.76923076923077
E00015664,301,35,15,20,266,16,250,11.627906976744185,4.983388704318937,6.64451827242525,88.37209302325581,5.3156146179401995,83.05647840531562
E00015665,265,47,16,31,218,17,201,17.735849056603772,6.037735849056604,11.69811320754717,82.26415094339623,6.415094339622642,75.84905660377359
E00015667,268,51,18,33,217,14,203,19.029850746268657,6.7164179104477615,12.313432835820896,80.97014925373134,5.223880597014925,75.74626865671642
E00015668,218,40,19,21,178,14,164,18.34862385321101,8.715596330275229,9.63302752293578,81.65137614678899,6.422018348623854,75.22935779816514
E00015669,229,44,26,18,185,12,173,19.213973799126638,11.353711790393014,7.860262008733625,80.78602620087337,5.240174672489083,75.54585152838428
E00015670,228,28,9,19,200,11,189,12.280701754385964,3.9473684210526314,8.333333333333332,87.71929824561403,4.824561403508771,82.89473684210526
E00015671,237,46,22,24,191,11,180,19.40928270042194,9.282700421940929,10.126582278481013,80.59071729957806,4.641350210970464,75.9493670886076
E00015672,392,39,4,35,353,35,318,9.948979591836734,1.0204081632653061,8.928571428571429,90.05102040816327,8.928571428571429,81.12244897959184
E00015673,235,39,17,22,196,20,176,16.595744680851062,7.234042553191489,9.361702127659575,83.40425531914893,8.51063829787234,74.8936170212766
E00015674,200,19,2,17,181,21,160,9.5,1,8.5,90.5,10.5,80
E00015675,386,52,22,30,334,19,315,13.471502590673575,5.699481865284974,7.772020725388601,86.52849740932642,4.922279792746114,81.60621761658031
E00015676,318,59,29,30,259,16,243,18.553459119496853,9.119496855345911,9.433962264150944,81.44654088050315,5.031446540880504,76.41509433962264
E00015677,362,45,24,21,317,25,292,12.430939226519337,6.629834254143646,5.801104972375691,87.56906077348067,6.906077348066299,80.66298342541437
E00015678,396,37,9,28,359,32,327,9.343434343434344,2.272727272727273,7.07070707070707,90.65656565656566,8.080808080808081,82.57575757575758
E00015679,271,23,10,13,248,25,223,8.487084870848708,3.6900369003690034,4.797047970479705,91.5129151291513,9.22509225092251,82.28782287822878
E00015680,330,56,26,30,274,29,245,16.969696969696972,7.878787878787878,9.090909090909092,83.03030303030303,8.787878787878787,74.24242424242425
E00015681,200,8,1,7,192,9,183,4,0.5,3.5000000000000004,96,4.5,91.5
E00015682,457,68,29,39,389,26,363,14.87964989059081,6.3457330415754925,8.533916849015318,85.12035010940919,5.689277899343545,79.43107221006565
E00015683,198,48,32,16,150,8,142,24.242424242424242,16.161616161616163,8.080808080808081,75.75757575757575,4.040404040404041,71.71717171717171
E00015684,338,37,8,29,301,30,271,10.946745562130179,2.366863905325444,8.579881656804734,89.05325443786982,8.875739644970414,80.1775147928994
E00015686,211,42,19,23,169,12,157,19.90521327014218,9.004739336492891,10.90047393364929,80.09478672985783,5.687203791469194,74.40758293838863
E00015687,375,76,41,35,299,24,275,20.266666666666666,10.933333333333334,9.333333333333334,79.73333333333333,6.4,73.33333333333333
E00015688,209,24,5,19,185,21,164,11.483253588516746,2.3923444976076556,9.090909090909092,88.51674641148325,10.047846889952153,78.4688995215311
E00015689,253,46,24,22,207,14,193,18.181818181818183,9.486166007905137,8.695652173913043,81.81818181818183,5.533596837944664,76.28458498023716
E00015690,416,75,34,41,341,26,315,18.028846153846153,8.173076923076923,9.85576923076923,81.97115384615384,6.25,75.72115384615384
E00015691,263,54,22,32,209,15,194,20.53231939163498,8.365019011406844,12.167300380228136,79.46768060836501,5.7034220532319395,73.76425855513308
E00015692,569,84,43,41,485,29,456,14.762741652021088,7.5571177504393665,7.205623901581721,85.23725834797891,5.0966608084358525,80.14059753954305
E00015693,327,61,24,37,266,15,251,18.654434250764528,7.339449541284404,11.314984709480122,81.34556574923548,4.587155963302752,76.75840978593273
E00015694,225,26,9,17,199,17,182,11.555555555555555,4,7.555555555555555,88.44444444444444,7.555555555555555,80.88888888888889
E00015695,309,47,21,26,262,21,241,15.210355987055015,6.796116504854369,8.414239482200648,84.78964401294499,6.796116504854369,77.99352750809061
E00015696,300,47,20,27,253,15,238,15.666666666666668,6.666666666666667,9,84.33333333333334,5,79.33333333333333
E00015697,433,69,29,40,364,20,344,15.935334872979215,6.697459584295612,9.237875288683602,84.06466512702079,4.618937644341801,79.44572748267899
E00015698,262,52,19,33,210,16,194,19.84732824427481,7.251908396946565,12.595419847328243,80.1526717557252,6.106870229007633,74.04580152671755
E00015699,300,44,20,24,256,8,248,14.666666666666666,6.666666666666667,8,85.33333333333334,2.666666666666667,82.66666666666667
E00015700,310,49,24,25,261,19,242,15.806451612903224,7.741935483870968,8.064516129032258,84.19354838709677,6.129032258064516,78.06451612903226
E00015701,239,25,12,13,214,15,199,10.460251046025103,5.02092050209205,5.439330543933055,89.5397489539749,6.2761506276150625,83.26359832635984
E00015702,260,46,24,22,214,8,206,17.692307692307693,9.230769230769232,8.461538461538462,82.3076923076923,3.076923076923077,79.23076923076923
E00015704,374,49,20,29,325,16,309,13.101604278074866,5.347593582887701,7.754010695187167,86.89839572192514,4.27807486631016,82.62032085561498
E00015706,463,60,31,29,403,29,374,12.958963282937367,6.695464362850973,6.263498920086392,87.04103671706264,6.263498920086392,80.77753779697623
E00015707,155,42,20,22,113,7,106,27.09677419354839,12.903225806451612,14.193548387096774,72.90322580645162,4.516129032258064,68.38709677419355
E00015708,381,76,36,40,305,20,285,19.94750656167979,9.448818897637794,10.498687664041995,80.0524934383202,5.2493438320209975,74.80314960629921
E00015709,414,41,20,21,373,16,357,9.903381642512077,4.830917874396135,5.072463768115942,90.09661835748793,3.864734299516908,86.23188405797102
E00015710,252,24,11,13,228,15,213,9.523809523809524,4.365079365079365,5.158730158730158,90.47619047619048,5.952380952380952,84.52380952380952
E00015711,313,43,8,35,270,13,257,13.738019169329075,2.5559105431309903,11.182108626198083,86.26198083067092,4.15335463258786,82.10862619808307
E00015712,283,32,15,17,251,12,239,11.307420494699647,5.30035335689046,6.007067137809187,88.69257950530034,4.240282685512367,84.45229681978799
E00015713,317,39,13,26,278,21,257,12.302839116719243,4.100946372239748,8.201892744479496,87.69716088328076,6.624605678233439,81.07255520504731
E00015714,235,44,18,26,191,15,176,18.72340425531915,7.659574468085106,11.063829787234042,81.27659574468085,6.382978723404255,74.8936170212766
E00015715,236,27,7,20,209,13,196,11.440677966101696,2.9661016949152543,8.47457627118644,88.5593220338983,5.508474576271186,83.05084745762711
E00015716,285,30,13,17,255,18,237,10.526315789473683,4.56140350877193,5.964912280701754,89.47368421052632,6.315789473684211,83.15789473684211
E00015717,303,27,10,17,276,14,262,8.91089108910891,3.3003300330033,5.6105610561056105,91.0891089108911,4.62046204620462,86.46864686468648
E00015719,343,53,18,35,290,17,273,15.451895043731778,5.247813411078718,10.204081632653061,84.54810495626822,4.956268221574344,79.59183673469387
E00015720,324,43,17,26,281,24,257,13.271604938271606,5.246913580246913,8.024691358024691,86.72839506172839,7.4074074074074066,79.32098765432099
E00015721,310,30,11,19,280,17,263,9.67741935483871,3.5483870967741935,6.129032258064516,90.32258064516128,5.483870967741936,84.83870967741936
E00015722,348,27,8,19,321,11,310,7.758620689655173,2.2988505747126435,5.459770114942529,92.24137931034483,3.1609195402298855,89.08045977011494
E00015723,498,77,29,48,421,16,405,15.461847389558233,5.8232931726907635,9.63855421686747,84.53815261044177,3.2128514056224895,81.32530120481928
E00015724,359,44,19,25,315,25,290,12.256267409470752,5.2924791086350975,6.963788300835655,87.74373259052925,6.963788300835655,80.77994428969359
E00015726,265,31,13,18,234,13,221,11.69811320754717,4.905660377358491,6.7924528301886795,88.30188679245283,4.905660377358491,83.39622641509435
E00015727,304,33,12,21,271,17,254,10.855263157894738,3.9473684210526314,6.907894736842106,89.14473684210526,5.592105263157895,83.55263157894737
E00015728,300,30,9,21,270,22,248,10,3,7.000000000000001,90,7.333333333333333,82.66666666666667
E00015729,329,38,8,30,291,23,268,11.55015197568389,2.43161094224924,9.118541033434651,88.44984802431611,6.990881458966565,81.45896656534954
E00015730,314,38,17,21,276,14,262,12.101910828025478,5.414012738853503,6.687898089171974,87.89808917197452,4.45859872611465,83.43949044585987
E00015731,371,42,14,28,329,22,307,11.320754716981133,3.7735849056603774,7.547169811320755,88.67924528301887,5.929919137466308,82.74932614555256
E00015732,291,56,24,32,235,15,220,19.243986254295535,8.24742268041237,10.996563573883162,80.75601374570446,5.154639175257731,75.60137457044674
E00015733,268,47,21,26,221,19,202,17.537313432835823,7.835820895522389,9.701492537313433,82.46268656716418,7.08955223880597,75.3731343283582
E00015734,608,71,30,41,537,27,510,11.677631578947368,4.934210526315789,6.743421052631579,88.32236842105263,4.440789473684211,83.88157894736842
E00015735,359,35,10,25,324,27,297,9.749303621169917,2.785515320334262,6.963788300835655,90.25069637883009,7.520891364902507,82.72980501392759
E00015736,207,46,21,25,161,15,146,22.22222222222222,10.144927536231885,12.077294685990339,77.77777777777779,7.246376811594203,70.53140096618358
E00015737,464,40,12,28,424,27,397,8.620689655172415,2.586206896551724,6.0344827586206895,91.37931034482759,5.818965517241379,85.5603448275862
E00015738,288,44,17,27,244,32,212,15.277777777777779,5.902777777777778,9.375,84.72222222222221,11.11111111111111,73.61111111111111
E00015739,233,34,11,23,199,18,181,14.592274678111588,4.721030042918455,9.871244635193133,85.40772532188842,7.725321888412018,77.6824034334764
E00015740,319,37,11,26,282,19,263,11.598746081504702,3.4482758620689653,8.150470219435736,88.40125391849529,5.956112852664576,82.44514106583071
E00015741,306,20,11,9,286,23,263,6.535947712418301,3.594771241830065,2.941176470588235,93.4640522875817,7.516339869281046,85.94771241830065
E00015742,418,49,18,31,369,17,352,11.722488038277511,4.30622009569378,7.4162679425837315,88.27751196172248,4.0669856459330145,84.21052631578947
E00015743,319,68,38,30,251,18,233,21.316614420062695,11.912225705329153,9.404388714733543,78.68338557993731,5.6426332288401255,73.04075235109718
E00015744,265,33,14,19,232,14,218,12.452830188679245,5.283018867924529,7.169811320754717,87.54716981132076,5.283018867924529,82.26415094339623
E00015745,558,56,15,41,502,36,466,10.03584229390681,2.6881720430107525,7.347670250896058,89.96415770609319,6.451612903225806,83.51254480286738
E00015746,366,32,10,22,334,32,302,8.743169398907105,2.73224043715847,6.0109289617486334,91.2568306010929,8.743169398907105,82.5136612021858
E00015747,502,65,20,45,437,25,412,12.94820717131474,3.9840637450199203,8.964143426294822,87.05179282868527,4.9800796812749,82.07171314741036
E00015748,250,35,10,25,215,12,203,14.000000000000002,4,10,86,4.8,81.2
E00015749,319,41,13,28,278,23,255,12.852664576802509,4.075235109717868,8.77742946708464,87.14733542319749,7.210031347962382,79.9373040752351
E00015750,266,39,11,28,227,19,208,14.661654135338345,4.135338345864661,10.526315789473683,85.33834586466166,7.142857142857142,78.19548872180451
E00015751,414,95,52,43,319,24,295,22.946859903381643,12.560386473429952,10.38647342995169,77.05314009661835,5.797101449275362,71.25603864734299
E00015752,338,48,7,41,290,29,261,14.201183431952662,2.0710059171597637,12.1301775147929,85.79881656804734,8.579881656804734,77.2189349112426
E00015753,390,86,43,43,304,20,284,22.05128205128205,11.025641025641026,11.025641025641026,77.94871794871796,5.128205128205128,72.82051282051282
E00015754,403,67,25,42,336,21,315,16.62531017369727,6.20347394540943,10.421836228287841,83.37468982630273,5.2109181141439205,78.16377171215882
E00015755,255,44,23,21,211,21,190,17.254901960784313,9.019607843137255,8.235294117647058,82.74509803921568,8.235294117647058,74.50980392156863
E00015756,296,46,17,29,250,18,232,15.54054054054054,5.743243243243244,9.797297297297296,84.45945945945947,6.081081081081082,78.37837837837837
E00015757,253,46,21,25,207,16,191,18.181818181818183,8.300395256916996,9.881422924901186,81.81818181818183,6.324110671936759,75.49407114624506
E00015758,348,53,26,27,295,18,277,15.229885057471265,7.471264367816093,7.758620689655173,84.77011494252874,5.172413793103448,79.59770114942529
E00015759,319,40,14,26,279,15,264,12.539184952978054,4.38871473354232,8.150470219435736,87.46081504702194,4.702194357366771,82.75862068965517
E00015760,313,37,15,22,276,20,256,11.821086261980831,4.792332268370607,7.0287539936102235,88.17891373801918,6.3897763578274756,81.78913738019169
E00015761,305,31,12,19,274,15,259,10.163934426229508,3.934426229508197,6.229508196721312,89.8360655737705,4.918032786885246,84.91803278688525
E00015763,317,52,24,28,265,17,248,16.40378548895899,7.570977917981073,8.832807570977918,83.59621451104101,5.3627760252365935,78.23343848580441
E00015764,289,47,20,27,242,20,222,16.26297577854671,6.920415224913495,9.342560553633218,83.73702422145328,6.920415224913495,76.8166089965398
E00015765,218,20,9,11,198,19,179,9.174311926605505,4.128440366972478,5.045871559633028,90.82568807339449,8.715596330275229,82.11009174311926
E00015766,242,30,9,21,212,19,193,12.396694214876034,3.71900826446281,8.677685950413224,87.60330578512396,7.851239669421488,79.75206611570248
E00015767,292,36,11,25,256,10,246,12.32876712328767,3.767123287671233,8.561643835616438,87.67123287671232,3.4246575342465753,84.24657534246576
E00015768,262,32,15,17,230,22,208,12.213740458015266,5.7251908396946565,6.488549618320611,87.78625954198473,8.396946564885496,79.38931297709924
E00015769,346,28,6,22,318,23,295,8.092485549132949,1.7341040462427744,6.358381502890173,91.90751445086705,6.6473988439306355,85.26011560693641
E00015770,397,45,21,24,352,10,342,11.335012594458437,5.289672544080604,6.045340050377834,88.66498740554157,2.518891687657431,86.14609571788414
E00015771,269,36,13,23,233,20,213,13.382899628252787,4.83271375464684,8.550185873605948,86.61710037174721,7.434944237918216,79.182156133829
E00015772,240,32,7,25,208,19,189,13.333333333333334,2.9166666666666665,10.416666666666668,86.66666666666667,7.916666666666666,78.75
E00015773,427,34,12,22,393,31,362,7.962529274004685,2.810304449648712,5.152224824355972,92.03747072599532,7.259953161592506,84.77751756440281
E00015774,346,48,25,23,298,25,273,13.872832369942195,7.225433526011561,6.6473988439306355,86.1271676300578,7.225433526011561,78.90173410404624
E00015775,335,41,13,28,294,21,273,12.238805970149254,3.880597014925373,8.358208955223882,87.76119402985074,6.26865671641791,81.49253731343283
E00015776,297,26,10,16,271,29,242,8.754208754208754,3.3670033670033668,5.387205387205387,91.24579124579124,9.764309764309765,81.48148148148148
E00015777,238,49,17,32,189,9,180,20.588235294117645,7.142857142857142,13.445378151260504,79.41176470588235,3.7815126050420167,75.63025210084034
E00015778,286,49,22,27,237,13,224,17.132867132867133,7.6923076923076925,9.44055944055944,82.86713286713287,4.545454545454546,78.32167832167832
E00015779,358,37,22,15,321,17,304,10.335195530726256,6.145251396648044,4.189944134078212,89.66480446927375,4.748603351955307,84.91620111731844
E00015781,419,53,25,28,366,20,346,12.649164677804295,5.966587112171838,6.682577565632458,87.3508353221957,4.77326968973747,82.57756563245823
E00015782,298,37,16,21,261,17,244,12.416107382550337,5.369127516778524,7.046979865771812,87.58389261744966,5.704697986577181,81.87919463087249
E00015783,239,28,15,13,211,11,200,11.715481171548117,6.2761506276150625,5.439330543933055,88.28451882845188,4.602510460251046,83.68200836820083
E00015784,469,49,21,28,420,24,396,10.44776119402985,4.477611940298507,5.970149253731343,89.55223880597015,5.11727078891258,84.43496801705757
E00015785,229,40,18,22,189,8,181,17.46724890829694,7.860262008733625,9.606986899563319,82.53275109170306,3.4934497816593884,79.03930131004367
E00015786,267,22,5,17,245,31,214,8.239700374531834,1.8726591760299627,6.367041198501873,91.76029962546816,11.610486891385769,80.14981273408239
E00015787,406,54,20,34,352,21,331,13.30049261083744,4.926108374384237,8.374384236453201,86.69950738916256,5.172413793103448,81.5270935960591
E00015788,475,68,28,40,407,22,385,14.315789473684209,5.894736842105263,8.421052631578947,85.68421052631578,4.631578947368421,81.05263157894737
E00015789,433,40,11,29,393,26,367,9.237875288683602,2.5404157043879905,6.697459584295612,90.76212471131639,6.0046189376443415,84.75750577367207
E00015790,316,47,14,33,269,21,248,14.873417721518987,4.430379746835443,10.443037974683545,85.12658227848101,6.6455696202531636,78.48101265822784
E00015791,375,46,20,26,329,19,310,12.266666666666666,5.333333333333334,6.933333333333333,87.73333333333333,5.066666666666666,82.66666666666667
E00015792,365,51,20,31,314,30,284,13.972602739726028,5.47945205479452,8.493150684931507,86.02739726027397,8.21917808219178,77.8082191780822
E00015793,232,14,4,10,218,13,205,6.0344827586206895,1.7241379310344827,4.310344827586207,93.96551724137932,5.603448275862069,88.36206896551724
E00015794,348,45,23,22,303,20,283,12.931034482758621,6.609195402298851,6.321839080459771,87.06896551724138,5.747126436781609,81.32183908045977
E00015795,230,49,21,28,181,11,170,21.304347826086957,9.130434782608695,12.173913043478262,78.69565217391305,4.782608695652174,73.91304347826086
E00015796,311,21,7,14,290,25,265,6.752411575562702,2.2508038585209005,4.501607717041801,93.2475884244373,8.038585209003216,85.20900321543408
E00015798,370,50,22,28,320,11,309,13.513513513513514,5.9459459459459465,7.567567567567568,86.48648648648648,2.9729729729729732,83.51351351351352
E00015799,216,33,15,18,183,8,175,15.277777777777779,6.944444444444445,8.333333333333332,84.72222222222221,3.7037037037037033,81.01851851851852
E00015800,558,123,62,61,435,28,407,22.043010752688172,11.11111111111111,10.931899641577061,77.95698924731182,5.017921146953405,72.93906810035843
E00015802,290,48,19,29,242,13,229,16.551724137931036,6.551724137931035,10,83.44827586206897,4.482758620689655,78.96551724137932
E00015803,352,47,23,24,305,31,274,13.352272727272727,6.534090909090909,6.8181818181818175,86.64772727272727,8.806818181818182,77.8409090909091
E00015804,429,47,22,25,382,30,352,10.955710955710956,5.128205128205128,5.827505827505827,89.04428904428904,6.993006993006993,82.05128205128204
E00015805,245,30,9,21,215,16,199,12.244897959183673,3.6734693877551026,8.571428571428571,87.75510204081633,6.530612244897959,81.22448979591836
E00015806,323,36,9,27,287,26,261,11.145510835913312,2.786377708978328,8.359133126934983,88.85448916408669,8.04953560371517,80.80495356037152
E00015807,347,25,9,16,322,11,311,7.204610951008646,2.5936599423631126,4.610951008645533,92.79538904899135,3.170028818443804,89.62536023054754
E00015808,349,34,12,22,315,25,290,9.742120343839542,3.4383954154727796,6.303724928366762,90.25787965616045,7.163323782234957,83.0945558739255
E00015809,265,13,1,12,252,19,233,4.905660377358491,0.37735849056603776,4.528301886792453,95.09433962264151,7.169811320754717,87.9245283018868
E00015810,306,30,17,13,276,19,257,9.803921568627452,5.555555555555555,4.248366013071895,90.19607843137256,6.209150326797386,83.98692810457517
E00015811,309,37,13,24,272,19,253,11.974110032362459,4.207119741100324,7.766990291262135,88.02588996763754,6.148867313915858,81.87702265372168
E00015812,318,41,14,27,277,25,252,12.89308176100629,4.40251572327044,8.49056603773585,87.10691823899371,7.861635220125786,79.24528301886792
E00015813,233,30,11,19,203,8,195,12.875536480686694,4.721030042918455,8.15450643776824,87.1244635193133,3.4334763948497855,83.69098712446352
E00015814,312,35,19,16,277,9,268,11.217948717948719,6.089743589743589,5.128205128205128,88.78205128205127,2.8846153846153846,85.8974358974359
E00015815,333,50,16,34,283,21,262,15.015015015015015,4.804804804804805,10.21021021021021,84.98498498498499,6.306306306306306,78.67867867867868
E00015816,393,54,20,34,339,28,311,13.740458015267176,5.089058524173027,8.651399491094146,86.25954198473282,7.124681933842239,79.13486005089058
E00015817,319,45,23,22,274,18,256,14.106583072100312,7.210031347962382,6.896551724137931,85.8934169278997,5.6426332288401255,80.25078369905955
E00015818,304,30,13,17,274,14,260,9.868421052631579,4.276315789473684,5.592105263157895,90.13157894736842,4.605263157894736,85.52631578947368
E00015819,346,47,23,24,299,13,286,13.583815028901732,6.6473988439306355,6.9364161849710975,86.41618497109826,3.7572254335260116,82.65895953757226
E00015820,294,59,29,30,235,18,217,20.068027210884352,9.863945578231291,10.204081632653061,79.93197278911565,6.122448979591836,73.80952380952381
E00015821,354,61,26,35,293,19,274,17.231638418079097,7.344632768361582,9.887005649717514,82.7683615819209,5.367231638418079,77.40112994350282
E00015822,254,34,16,18,220,12,208,13.385826771653544,6.299212598425196,7.086614173228346,86.61417322834646,4.724409448818897,81.88976377952756
E00015824,272,58,25,33,214,20,194,21.323529411764707,9.191176470588236,12.132352941176471,78.67647058823529,7.352941176470589,71.32352941176471
E00015825,273,38,11,27,235,14,221,13.91941391941392,4.029304029304029,9.89010989010989,86.08058608058609,5.128205128205128,80.95238095238095
E00015826,368,45,25,20,323,15,308,12.228260869565217,6.7934782608695645,5.434782608695652,87.77173913043478,4.076086956521739,83.69565217391305
E00015827,239,33,14,19,206,17,189,13.807531380753138,5.857740585774058,7.949790794979079,86.19246861924687,7.112970711297072,79.07949790794979
E00015828,277,31,9,22,246,22,224,11.191335740072201,3.2490974729241873,7.9422382671480145,88.8086642599278,7.9422382671480145,80.86642599277978
E00015829,291,39,21,18,252,11,241,13.402061855670103,7.216494845360824,6.185567010309279,86.5979381443299,3.7800687285223367,82.81786941580756
E00015830,356,59,27,32,297,15,282,16.573033707865168,7.584269662921349,8.98876404494382,83.42696629213484,4.213483146067416,79.21348314606742
E00015831,309,47,14,33,262,19,243,15.210355987055015,4.53074433656958,10.679611650485436,84.78964401294499,6.148867313915858,78.64077669902912
E00015832,197,26,6,20,171,18,153,13.19796954314721,3.0456852791878175,10.152284263959391,86.80203045685279,9.137055837563452,77.66497461928934
E00015833,169,13,2,11,156,13,143,7.6923076923076925,1.183431952662722,6.508875739644971,92.3076923076923,7.6923076923076925,84.61538461538461
E00015834,247,39,19,20,208,11,197,15.789473684210526,7.6923076923076925,8.097165991902834,84.21052631578947,4.4534412955465585,79.75708502024291
E00015835,231,23,7,16,208,11,197,9.956709956709958,3.0303030303030303,6.926406926406926,90.04329004329004,4.761904761904762,85.28138528138528
E00015836,293,29,10,19,264,7,257,9.897610921501707,3.4129692832764507,6.484641638225256,90.10238907849829,2.3890784982935154,87.71331058020478
E00015837,246,17,3,14,229,22,207,6.910569105691057,1.2195121951219512,5.691056910569105,93.08943089430895,8.94308943089431,84.14634146341463
E00015838,287,30,12,18,257,16,241,10.452961672473867,4.181184668989547,6.2717770034843205,89.54703832752612,5.574912891986063,83.97212543554006
E00015839,261,40,19,21,221,23,198,15.32567049808429,7.2796934865900385,8.045977011494253,84.67432950191571,8.812260536398467,75.86206896551724
E00015840,186,13,4,9,173,13,160,6.989247311827956,2.1505376344086025,4.838709677419355,93.01075268817203,6.989247311827956,86.02150537634408
E00015841,325,56,35,21,269,15,254,17.23076923076923,10.76923076923077,6.461538461538462,82.76923076923077,4.615384615384616,78.15384615384615
E00015842,281,32,6,26,249,16,233,11.387900355871885,2.135231316725979,9.252669039145907,88.61209964412812,5.6939501779359425,82.91814946619218
E00015843,334,34,10,24,300,13,287,10.179640718562874,2.9940119760479043,7.18562874251497,89.82035928143712,3.8922155688622757,85.92814371257485
E00015844,281,43,15,28,238,28,210,15.302491103202847,5.338078291814947,9.9644128113879,84.69750889679716,9.9644128113879,74.73309608540926
E00015845,234,28,4,24,206,17,189,11.965811965811966,1.7094017094017095,10.256410256410255,88.03418803418803,7.264957264957266,80.76923076923077
E00015846,288,16,0,16,272,21,251,5.555555555555555,0,5.555555555555555,94.44444444444444,7.291666666666667,87.15277777777779
E00015847,337,41,14,27,296,16,280,12.166172106824925,4.154302670623145,8.011869436201781,87.83382789317507,4.747774480712167,83.08605341246292
E00015848,376,51,24,27,325,11,314,13.563829787234042,6.382978723404255,7.180851063829788,86.43617021276596,2.925531914893617,83.51063829787235
E00015849,364,39,9,30,325,28,297,10.714285714285714,2.4725274725274726,8.241758241758241,89.28571428571429,7.6923076923076925,81.5934065934066
E00015850,383,108,62,46,275,19,256,28.198433420365536,16.187989556135772,12.010443864229766,71.80156657963447,4.960835509138381,66.84073107049609
E00015851,314,35,11,24,279,18,261,11.146496815286625,3.5031847133757963,7.643312101910828,88.85350318471338,5.7324840764331215,83.12101910828027
E00015852,384,60,32,28,324,24,300,15.625,8.333333333333332,7.291666666666667,84.375,6.25,78.125
E00015853,439,33,9,24,406,15,391,7.517084282460136,2.050113895216401,5.466970387243736,92.48291571753985,3.416856492027335,89.06605922551253
E00015854,213,70,42,28,143,8,135,32.863849765258216,19.718309859154928,13.145539906103288,67.13615023474179,3.755868544600939,63.38028169014085
E00015855,279,40,21,19,239,20,219,14.336917562724013,7.526881720430108,6.810035842293908,85.66308243727599,7.168458781362006,78.49462365591397
E00015856,334,31,8,23,303,23,280,9.281437125748502,2.3952095808383236,6.88622754491018,90.71856287425149,6.88622754491018,83.8323353293413
E00015857,342,42,16,26,300,5,295,12.280701754385964,4.678362573099415,7.602339181286549,87.71929824561403,1.461988304093567,86.25730994152046
E00015858,376,41,18,23,335,17,318,10.904255319148938,4.787234042553192,6.117021276595745,89.09574468085107,4.521276595744681,84.57446808510637
E00015859,359,30,13,17,329,22,307,8.356545961002785,3.6211699164345403,4.735376044568245,91.64345403899722,6.128133704735376,85.51532033426183
E00015860,341,29,14,15,312,12,300,8.504398826979472,4.105571847507331,4.398826979472141,91.49560117302052,3.519061583577713,87.97653958944281
E00015861,406,45,12,33,361,16,345,11.083743842364532,2.955665024630542,8.12807881773399,88.91625615763546,3.9408866995073892,84.97536945812809
E00015862,401,48,16,32,353,16,337,11.970074812967582,3.99002493765586,7.98004987531172,88.02992518703242,3.99002493765586,84.03990024937656
E00015863,342,57,28,29,285,23,262,16.666666666666664,8.187134502923977,8.47953216374269,83.33333333333334,6.725146198830409,76.60818713450293
E00015864,422,72,29,43,350,40,310,17.061611374407583,6.872037914691943,10.189573459715639,82.93838862559242,9.47867298578199,73.45971563981043
E00015865,396,42,11,31,354,22,332,10.606060606060606,2.7777777777777777,7.828282828282829,89.39393939393939,5.555555555555555,83.83838383838383
E00015866,376,39,14,25,337,17,320,10.372340425531915,3.723404255319149,6.648936170212766,89.62765957446808,4.521276595744681,85.1063829787234
E00015867,226,28,4,24,198,14,184,12.389380530973451,1.7699115044247788,10.619469026548673,87.61061946902655,6.1946902654867255,81.41592920353983
E00015868,285,38,11,27,247,15,232,13.333333333333334,3.8596491228070176,9.473684210526317,86.66666666666667,5.263157894736842,81.40350877192982
E00015869,226,37,13,24,189,12,177,16.371681415929203,5.752212389380531,10.619469026548673,83.6283185840708,5.3097345132743365,78.31858407079646
E00015870,293,26,9,17,267,20,247,8.873720136518772,3.0716723549488054,5.802047781569966,91.12627986348123,6.825938566552901,84.30034129692832
E00015871,254,33,16,17,221,15,206,12.992125984251967,6.299212598425196,6.692913385826772,87.00787401574803,5.905511811023622,81.10236220472441
E00015872,331,36,13,23,295,28,267,10.876132930513595,3.927492447129909,6.948640483383686,89.12386706948641,8.459214501510575,80.66465256797582
E00015873,296,38,15,23,258,10,248,12.837837837837837,5.0675675675675675,7.77027027027027,87.16216216216216,3.3783783783783785,83.78378378378379
E00015874,345,48,23,25,297,15,282,13.91304347826087,6.666666666666667,7.246376811594203,86.08695652173914,4.3478260869565215,81.73913043478261
E00015875,472,43,13,30,429,22,407,9.110169491525424,2.754237288135593,6.3559322033898304,90.88983050847457,4.661016949152542,86.22881355932203
E00015876,319,25,10,15,294,16,278,7.836990595611286,3.1347962382445136,4.702194357366771,92.16300940438872,5.015673981191222,87.14733542319749
E00015877,424,68,31,37,356,32,324,16.037735849056602,7.311320754716981,8.726415094339622,83.9622641509434,7.547169811320755,76.41509433962264
E00015878,291,39,21,18,252,12,240,13.402061855670103,7.216494845360824,6.185567010309279,86.5979381443299,4.123711340206185,82.4742268041237
E00015879,325,47,25,22,278,16,262,14.461538461538462,7.6923076923076925,6.769230769230769,85.53846153846155,4.923076923076923,80.61538461538461
E00015880,327,28,14,14,299,9,290,8.56269113149847,4.281345565749235,4.281345565749235,91.43730886850153,2.7522935779816518,88.68501529051987
E00015881,585,69,27,42,516,48,468,11.794871794871794,4.615384615384616,7.179487179487179,88.2051282051282,8.205128205128204,80
E00015882,475,49,16,33,426,39,387,10.31578947368421,3.3684210526315788,6.947368421052631,89.6842105263158,8.210526315789474,81.47368421052632
E00015883,351,43,16,27,308,17,291,12.250712250712251,4.5584045584045585,7.6923076923076925,87.74928774928775,4.843304843304843,82.90598290598291
E00015884,279,28,14,14,251,8,243,10.03584229390681,5.017921146953405,5.017921146953405,89.96415770609319,2.867383512544803,87.09677419354838
E00015885,312,36,10,26,276,12,264,11.538461538461538,3.205128205128205,8.333333333333332,88.46153846153845,3.8461538461538463,84.61538461538461
E00015886,393,43,18,25,350,22,328,10.941475826972011,4.580152671755725,6.361323155216285,89.05852417302799,5.597964376590331,83.46055979643766
E00015887,326,55,27,28,271,14,257,16.87116564417178,8.282208588957054,8.588957055214724,83.12883435582822,4.294478527607362,78.83435582822086
E00015888,356,34,15,19,322,16,306,9.550561797752808,4.213483146067416,5.337078651685393,90.4494382022472,4.49438202247191,85.95505617977528
E00015889,341,44,16,28,297,17,280,12.903225806451612,4.69208211143695,8.211143695014663,87.09677419354838,4.9853372434017595,82.11143695014663
E00015890,330,31,12,19,299,24,275,9.393939393939393,3.6363636363636362,5.757575757575758,90.6060606060606,7.2727272727272725,83.33333333333334
E00015891,312,71,34,37,241,8,233,22.756410256410255,10.897435897435898,11.858974358974358,77.24358974358975,2.564102564102564,74.67948717948718
E00015892,311,56,23,33,255,19,236,18.006430868167204,7.395498392282958,10.610932475884244,81.9935691318328,6.109324758842444,75.88424437299035
E00015893,303,27,2,25,276,19,257,8.91089108910891,0.6600660066006601,8.25082508250825,91.0891089108911,6.270627062706271,84.81848184818482
E00015894,249,65,41,24,184,14,170,26.104417670682732,16.46586345381526,9.63855421686747,73.89558232931726,5.622489959839357,68.27309236947792
E00015895,337,30,7,23,307,34,273,8.902077151335313,2.0771513353115725,6.824925816023739,91.0979228486647,10.089020771513352,81.00890207715133
E00015896,293,45,26,19,248,18,230,15.358361774744028,8.873720136518772,6.484641638225256,84.64163822525597,6.143344709897611,78.49829351535837
E00015897,450,87,47,40,363,27,336,19.333333333333332,10.444444444444445,8.88888888888889,80.66666666666666,6,74.66666666666667
E00015898,406,62,22,40,344,34,310,15.270935960591133,5.41871921182266,9.852216748768473,84.72906403940887,8.374384236453201,76.35467980295566
E00015899,324,32,10,22,292,20,272,9.876543209876543,3.0864197530864197,6.790123456790123,90.12345679012346,6.172839506172839,83.9506172839506
E00015900,360,48,10,38,312,18,294,13.333333333333334,2.7777777777777777,10.555555555555555,86.66666666666667,5,81.66666666666667
E00015901,350,70,36,34,280,14,266,20,10.285714285714285,9.714285714285714,80,4,76
E00015902,342,43,16,27,299,25,274,12.573099415204677,4.678362573099415,7.894736842105263,87.42690058479532,7.309941520467836,80.11695906432749
E00015903,315,22,10,12,293,26,267,6.984126984126984,3.1746031746031744,3.8095238095238098,93.01587301587301,8.253968253968253,84.76190476190476
E00015904,305,40,20,20,265,10,255,13.114754098360656,6.557377049180328,6.557377049180328,86.88524590163934,3.278688524590164,83.60655737704919
E00015905,280,61,24,37,219,7,212,21.785714285714285,8.571428571428571,13.214285714285715,78.21428571428571,2.5,75.71428571428571
E00015906,382,53,12,41,329,16,313,13.874345549738221,3.1413612565445024,10.732984293193718,86.12565445026178,4.18848167539267,81.93717277486911
E00015907,308,23,11,12,285,17,268,7.467532467532467,3.571428571428571,3.896103896103896,92.53246753246754,5.51948051948052,87.01298701298701
E00015909,302,50,23,27,252,23,229,16.55629139072848,7.6158940397351,8.940397350993377,83.44370860927152,7.6158940397351,75.82781456953643
E00015910,316,23,5,18,293,25,268,7.2784810126582276,1.5822784810126582,5.69620253164557,92.72151898734177,7.9113924050632916,84.81012658227847
E00015911,342,36,12,24,306,19,287,10.526315789473683,3.508771929824561,7.017543859649122,89.47368421052632,5.555555555555555,83.91812865497076
E00015912,370,41,26,15,329,24,305,11.081081081081082,7.027027027027027,4.054054054054054,88.91891891891892,6.486486486486487,82.43243243243244
E00015913,318,41,13,28,277,16,261,12.89308176100629,4.088050314465408,8.80503144654088,87.10691823899371,5.031446540880504,82.0754716981132
E00015914,296,27,8,19,269,24,245,9.121621621621621,2.7027027027027026,6.418918918918918,90.87837837837837,8.108108108108109,82.77027027027027
E00015915,365,50,29,21,315,18,297,13.698630136986301,7.9452054794520555,5.7534246575342465,86.3013698630137,4.931506849315069,81.36986301369863
E00015916,294,22,4,18,272,26,246,7.482993197278912,1.3605442176870748,6.122448979591836,92.51700680272108,8.843537414965986,83.6734693877551
E00015917,274,28,10,18,246,23,223,10.218978102189782,3.64963503649635,6.569343065693431,89.78102189781022,8.394160583941606,81.38686131386861
E00015918,378,54,13,41,324,19,305,14.285714285714285,3.439153439153439,10.846560846560847,85.71428571428571,5.026455026455026,80.68783068783068
E00015919,273,62,31,31,211,17,194,22.71062271062271,11.355311355311356,11.355311355311356,77.2893772893773,6.227106227106227,71.06227106227107
E00015920,318,50,22,28,268,18,250,15.723270440251572,6.918238993710692,8.80503144654088,84.27672955974843,5.660377358490567,78.61635220125787
E00015921,339,36,11,25,303,17,286,10.619469026548673,3.2448377581120944,7.374631268436578,89.38053097345133,5.014749262536873,84.36578171091446
E00015922,364,49,21,28,315,31,284,13.461538461538462,5.769230769230769,7.6923076923076925,86.53846153846155,8.516483516483516,78.02197802197803
E00015923,308,32,12,20,276,24,252,10.38961038961039,3.896103896103896,6.493506493506493,89.6103896103896,7.792207792207792,81.81818181818183
E00015924,368,38,16,22,330,18,312,10.326086956521738,4.3478260869565215,5.978260869565218,89.67391304347827,4.891304347826087,84.78260869565217
E00015925,242,16,4,12,226,12,214,6.6115702479338845,1.6528925619834711,4.958677685950414,93.38842975206612,4.958677685950414,88.42975206611571
E00015926,408,51,15,36,357,20,337,12.5,3.6764705882352944,8.823529411764707,87.5,4.901960784313726,82.59803921568627
E00015927,305,46,13,33,259,19,240,15.081967213114755,4.2622950819672125,10.819672131147541,84.91803278688525,6.229508196721312,78.68852459016394
E00015928,249,20,5,15,229,13,216,8.032128514056225,2.0080321285140563,6.024096385542169,91.96787148594377,5.220883534136546,86.74698795180723
E00015929,271,31,21,10,240,19,221,11.439114391143912,7.7490774907749085,3.6900369003690034,88.56088560885608,7.011070110701106,81.54981549815497
E00015930,274,18,3,15,256,21,235,6.569343065693431,1.094890510948905,5.474452554744526,93.43065693430657,7.664233576642336,85.76642335766424
E00015931,324,60,22,38,264,13,251,18.51851851851852,6.790123456790123,11.728395061728394,81.48148148148148,4.012345679012346,77.46913580246914
E00015932,300,56,40,16,244,15,229,18.666666666666668,13.333333333333334,5.333333333333334,81.33333333333333,5,76.33333333333333
E00015933,259,19,7,12,240,27,213,7.335907335907336,2.7027027027027026,4.633204633204633,92.66409266409266,10.424710424710424,82.23938223938224
E00015934,253,30,6,24,223,16,207,11.857707509881422,2.371541501976284,9.486166007905137,88.14229249011858,6.324110671936759,81.81818181818183
E00015935,422,55,22,33,367,24,343,13.033175355450238,5.213270142180095,7.819905213270142,86.96682464454977,5.687203791469194,81.27962085308057
E00015936,302,38,17,21,264,18,246,12.582781456953644,5.629139072847682,6.95364238410596,87.41721854304636,5.960264900662252,81.45695364238411
E00015937,266,21,2,19,245,24,221,7.894736842105263,0.7518796992481203,7.142857142857142,92.10526315789474,9.022556390977442,83.0827067669173
E00015938,239,21,7,14,218,21,197,8.786610878661087,2.928870292887029,5.857740585774058,91.21338912133892,8.786610878661087,82.42677824267783
E00015939,368,42,19,23,326,26,300,11.41304347826087,5.163043478260869,6.25,88.58695652173914,7.065217391304348,81.52173913043478
E00015940,331,39,17,22,292,19,273,11.782477341389729,5.13595166163142,6.646525679758309,88.21752265861026,5.740181268882175,82.4773413897281
E00015941,471,58,23,35,413,24,389,12.314225053078557,4.8832271762208075,7.43099787685775,87.68577494692144,5.095541401273886,82.59023354564756
E00015942,220,20,6,14,200,10,190,9.090909090909092,2.727272727272727,6.363636363636363,90.9090909090909,4.545454545454546,86.36363636363636
E00015943,300,52,24,28,248,14,234,17.333333333333336,8,9.333333333333334,82.66666666666667,4.666666666666667,78
E00015944,248,21,8,13,227,15,212,8.46774193548387,3.225806451612903,5.241935483870968,91.53225806451613,6.048387096774194,85.48387096774194
E00015945,269,47,23,24,222,13,209,17.472118959107807,8.550185873605948,8.921933085501859,82.5278810408922,4.83271375464684,77.69516728624535
E00015946,231,19,5,14,212,11,201,8.225108225108226,2.1645021645021645,6.0606060606060606,91.77489177489177,4.761904761904762,87.01298701298701
E00015947,451,61,22,39,390,21,369,13.52549889135255,4.878048780487805,8.647450110864744,86.47450110864744,4.656319290465632,81.81818181818183
E00015948,302,41,17,24,261,20,241,13.57615894039735,5.629139072847682,7.9470198675496695,86.42384105960265,6.622516556291391,79.80132450331125
E00015949,274,31,15,16,243,12,231,11.313868613138686,5.474452554744526,5.839416058394161,88.6861313868613,4.37956204379562,84.30656934306569
E00015950,237,24,11,13,213,12,201,10.126582278481013,4.641350210970464,5.485232067510549,89.87341772151899,5.063291139240507,84.81012658227847
E00015951,223,19,7,12,204,13,191,8.520179372197308,3.1390134529147984,5.381165919282512,91.4798206278027,5.829596412556054,85.65022421524664
E00015952,323,51,22,29,272,17,255,15.789473684210526,6.811145510835913,8.978328173374612,84.21052631578947,5.263157894736842,78.94736842105263
E00015953,306,38,16,22,268,23,245,12.418300653594772,5.228758169934641,7.18954248366013,87.58169934640523,7.516339869281046,80.06535947712419
E00015954,257,20,10,10,237,14,223,7.782101167315175,3.8910505836575875,3.8910505836575875,92.21789883268482,5.447470817120623,86.7704280155642
E00015955,334,43,18,25,291,21,270,12.874251497005988,5.389221556886228,7.48502994011976,87.12574850299401,6.287425149700598,80.83832335329342
E00015956,385,44,12,32,341,18,323,11.428571428571429,3.116883116883117,8.311688311688311,88.57142857142857,4.675324675324675,83.8961038961039
E00015957,274,32,16,16,242,7,235,11.678832116788321,5.839416058394161,5.839416058394161,88.32116788321169,2.5547445255474455,85.76642335766424
E00015958,342,41,14,27,301,27,274,11.988304093567251,4.093567251461988,7.894736842105263,88.01169590643275,7.894736842105263,80.11695906432749
E00015959,284,31,11,20,253,25,228,10.915492957746478,3.873239436619718,7.042253521126761,89.08450704225352,8.80281690140845,80.28169014084507
E00015960,275,53,24,29,222,14,208,19.272727272727273,8.727272727272728,10.545454545454545,80.72727272727272,5.090909090909091,75.63636363636364
E00015961,245,31,13,18,214,21,193,12.653061224489795,5.3061224489795915,7.346938775510205,87.34693877551021,8.571428571428571,78.77551020408163
E00015962,265,18,3,15,247,21,226,6.7924528301886795,1.1320754716981132,5.660377358490567,93.20754716981132,7.9245283018867925,85.28301886792453
E00015963,342,39,13,26,303,17,286,11.403508771929824,3.8011695906432745,7.602339181286549,88.59649122807018,4.970760233918129,83.62573099415205
E00015964,311,19,6,13,292,14,278,6.109324758842444,1.929260450160772,4.180064308681672,93.89067524115757,4.501607717041801,89.38906752411575
E00015965,359,31,6,25,328,29,299,8.635097493036211,1.6713091922005572,6.963788300835655,91.36490250696379,8.07799442896936,83.28690807799443
E00015966,345,34,14,20,311,27,284,9.855072463768117,4.057971014492753,5.797101449275362,90.14492753623189,7.82608695652174,82.31884057971014
E00015967,326,49,18,31,277,16,261,15.030674846625766,5.521472392638037,9.509202453987731,84.96932515337423,4.9079754601226995,80.06134969325154
E00015968,232,41,20,21,191,12,179,17.67241379310345,8.620689655172415,9.051724137931034,82.32758620689656,5.172413793103448,77.15517241379311
E00015969,275,16,5,11,259,18,241,5.818181818181818,1.8181818181818181,4,94.18181818181817,6.545454545454546,87.63636363636364
E00015970,263,14,6,8,249,23,226,5.323193916349809,2.2813688212927756,3.041825095057034,94.67680608365019,8.745247148288973,85.93155893536122
E00015971,331,40,17,23,291,28,263,12.084592145015106,5.13595166163142,6.948640483383686,87.91540785498489,8.459214501510575,79.45619335347432
E00015972,353,31,13,18,322,16,306,8.78186968838527,3.6827195467422094,5.099150141643059,91.21813031161473,4.53257790368272,86.68555240793201
E00015973,266,45,13,32,221,26,195,16.917293233082706,4.887218045112782,12.030075187969924,83.0827067669173,9.774436090225564,73.30827067669173
E00015974,224,12,7,5,212,19,193,5.357142857142857,3.125,2.232142857142857,94.64285714285714,8.482142857142858,86.16071428571429
E00015975,177,25,14,11,152,15,137,14.124293785310735,7.909604519774012,6.214689265536723,85.87570621468926,8.47457627118644,77.40112994350282
E00015976,325,19,7,12,306,20,286,5.846153846153846,2.1538461538461537,3.6923076923076925,94.15384615384616,6.153846153846154,88
E00015977,215,38,15,23,177,22,155,17.674418604651162,6.976744186046512,10.69767441860465,82.32558139534883,10.232558139534884,72.09302325581395
E00015978,286,18,6,12,268,25,243,6.293706293706294,2.097902097902098,4.195804195804196,93.7062937062937,8.741258741258742,84.96503496503497
E00015979,208,14,0,14,194,13,181,6.730769230769231,0,6.730769230769231,93.26923076923077,6.25,87.01923076923077
E00015980,243,29,10,19,214,18,196,11.934156378600823,4.11522633744856,7.818930041152264,88.06584362139918,7.4074074074074066,80.65843621399176
E00015981,245,40,16,24,205,19,186,16.3265306122449,6.530612244897959,9.795918367346939,83.6734693877551,7.755102040816326,75.91836734693878
E00015982,338,39,15,24,299,28,271,11.538461538461538,4.437869822485207,7.100591715976331,88.46153846153845,8.284023668639055,80.1775147928994
E00015983,320,37,14,23,283,22,261,11.5625,4.375,7.187499999999999,88.4375,6.875000000000001,81.5625
E00015984,528,49,24,25,479,45,434,9.280303030303031,4.545454545454546,4.734848484848484,90.71969696969697,8.522727272727272,82.1969696969697
E00015985,334,34,6,28,300,24,276,10.179640718562874,1.7964071856287425,8.383233532934131,89.82035928143712,7.18562874251497,82.63473053892216
E00015986,383,22,2,20,361,45,316,5.7441253263707575,0.5221932114882507,5.221932114882506,94.25587467362925,11.74934725848564,82.50652741514361
E00015987,470,153,65,88,317,21,296,32.5531914893617,13.829787234042554,18.72340425531915,67.4468085106383,4.468085106382979,62.97872340425532
E00015988,350,51,17,34,299,21,278,14.571428571428571,4.857142857142857,9.714285714285714,85.42857142857143,6,79.42857142857143
E00015989,415,71,38,33,344,17,327,17.10843373493976,9.156626506024097,7.951807228915662,82.89156626506025,4.096385542168675,78.79518072289157
E00015990,563,59,29,30,504,27,477,10.479573712255773,5.1509769094138544,5.328596802841918,89.52042628774423,4.7957371225577266,84.7246891651865
E00015991,372,43,15,28,329,20,309,11.559139784946236,4.032258064516129,7.526881720430108,88.44086021505376,5.376344086021505,83.06451612903226
E00015992,359,45,19,26,314,28,286,12.534818941504177,5.2924791086350975,7.242339832869081,87.46518105849582,7.7994428969359335,79.66573816155989
E00015993,261,39,22,17,222,19,203,14.942528735632186,8.42911877394636,6.513409961685824,85.0574712643678,7.2796934865900385,77.77777777777779
E00015994,317,50,16,34,267,25,242,15.772870662460567,5.047318611987381,10.725552050473187,84.22712933753942,7.886435331230284,76.34069400630915
E00015995,343,38,16,22,305,24,281,11.078717201166182,4.664723032069971,6.41399416909621,88.92128279883383,6.997084548104956,81.92419825072886
E00015996,367,50,18,32,317,24,293,13.623978201634879,4.904632152588556,8.71934604904632,86.37602179836512,6.539509536784741,79.83651226158038
E00015997,518,59,22,37,459,28,431,11.389961389961389,4.247104247104247,7.142857142857142,88.61003861003861,5.405405405405405,83.20463320463321
E00015998,415,44,16,28,371,23,348,10.602409638554217,3.8554216867469884,6.746987951807229,89.39759036144578,5.542168674698795,83.855421686747
E00015999,239,24,8,16,215,25,190,10.0418410041841,3.3472803347280333,6.694560669456067,89.9581589958159,10.460251046025103,79.49790794979079
E00016000,267,47,21,26,220,14,206,17.60299625468165,7.865168539325842,9.737827715355806,82.39700374531836,5.2434456928838955,77.15355805243446
E00016001,254,68,35,33,186,14,172,26.77165354330709,13.779527559055119,12.992125984251967,73.22834645669292,5.511811023622047,67.71653543307087
E00016002,438,65,33,32,373,22,351,14.840182648401825,7.534246575342466,7.30593607305936,85.15981735159818,5.0228310502283104,80.13698630136986
E00016003,255,15,1,14,240,27,213,5.88235294117647,0.39215686274509803,5.490196078431373,94.11764705882352,10.588235294117647,83.52941176470588
E00016004,403,89,43,46,314,20,294,22.084367245657567,10.669975186104217,11.41439205955335,77.91563275434244,4.962779156327544,72.95285359801488
E00016005,351,31,14,17,320,22,298,8.831908831908832,3.9886039886039883,4.843304843304843,91.16809116809117,6.267806267806268,84.9002849002849
E00016006,469,45,12,33,424,40,384,9.594882729211088,2.55863539445629,7.036247334754798,90.40511727078892,8.528784648187633,81.87633262260128
E00016007,361,41,10,31,320,26,294,11.357340720221606,2.7700831024930745,8.587257617728532,88.64265927977839,7.202216066481995,81.4404432132964
E00016008,424,72,27,45,352,30,322,16.9811320754717,6.367924528301887,10.61320754716981,83.01886792452831,7.0754716981132075,75.94339622641509
E00016009,296,51,26,25,245,17,228,17.22972972972973,8.783783783783784,8.445945945945946,82.77027027027027,5.743243243243244,77.02702702702703
E00016010,224,19,6,13,205,12,193,8.482142857142858,2.6785714285714284,5.803571428571429,91.51785714285714,5.357142857142857,86.16071428571429
E00016011,461,52,19,33,409,37,372,11.279826464208242,4.121475054229935,7.158351409978309,88.72017353579176,8.026030368763557,80.6941431670282
E00016012,312,56,22,34,256,23,233,17.94871794871795,7.051282051282051,10.897435897435898,82.05128205128204,7.371794871794872,74.67948717948718
E00016013,381,44,16,28,337,39,298,11.548556430446194,4.199475065616798,7.349081364829396,88.4514435695538,10.236220472440944,78.21522309711287
E00016014,296,43,20,23,253,29,224,14.527027027027026,6.756756756756757,7.77027027027027,85.47297297297297,9.797297297297296,75.67567567567568
E00016015,412,60,31,29,352,18,334,14.563106796116504,7.524271844660194,7.038834951456311,85.43689320388349,4.368932038834951,81.06796116504854
E00016016,414,61,18,43,353,24,329,14.734299516908212,4.3478260869565215,10.38647342995169,85.26570048309179,5.797101449275362,79.46859903381642
E00016017,413,65,25,40,348,11,337,15.738498789346247,6.053268765133172,9.685230024213075,84.26150121065376,2.663438256658596,81.59806295399515
E00016018,300,37,14,23,263,19,244,12.333333333333334,4.666666666666667,7.666666666666666,87.66666666666667,6.333333333333334,81.33333333333333
E00016019,260,25,6,19,235,13,222,9.615384615384617,2.307692307692308,7.307692307692308,90.38461538461539,5,85.38461538461539
E00016020,452,83,53,30,369,17,352,18.36283185840708,11.725663716814159,6.637168141592921,81.63716814159292,3.761061946902655,77.87610619469027
E00016021,266,38,14,24,228,17,211,14.285714285714285,5.263157894736842,9.022556390977442,85.71428571428571,6.390977443609022,79.32330827067669
E00016022,287,32,16,16,255,23,232,11.149825783972126,5.574912891986063,5.574912891986063,88.85017421602788,8.013937282229964,80.8362369337979
E00016023,304,34,7,27,270,21,249,11.18421052631579,2.302631578947368,8.881578947368421,88.81578947368422,6.907894736842106,81.9078947368421
E00016025,161,34,5,29,127,17,110,21.11801242236025,3.1055900621118013,18.012422360248447,78.88198757763976,10.559006211180124,68.32298136645963
E00016026,283,34,12,22,249,28,221,12.014134275618375,4.240282685512367,7.773851590106007,87.98586572438163,9.89399293286219,78.09187279151944
E00016027,321,39,17,22,282,21,261,12.149532710280374,5.29595015576324,6.853582554517133,87.85046728971963,6.5420560747663545,81.30841121495327
E00016028,285,57,28,29,228,7,221,20,9.824561403508772,10.175438596491228,80,2.456140350877193,77.54385964912281
E00016029,344,51,16,35,293,21,272,14.825581395348838,4.651162790697675,10.174418604651162,85.17441860465115,6.104651162790697,79.06976744186046
E00016030,305,41,16,25,264,16,248,13.442622950819672,5.245901639344262,8.19672131147541,86.55737704918033,5.245901639344262,81.31147540983606
E00016031,392,58,26,32,334,18,316,14.795918367346939,6.63265306122449,8.16326530612245,85.20408163265306,4.591836734693878,80.61224489795919
E00016032,399,50,20,30,349,26,323,12.531328320802004,5.012531328320802,7.518796992481203,87.468671679198,6.516290726817042,80.95238095238095
E00016033,338,50,18,32,288,14,274,14.792899408284024,5.325443786982249,9.467455621301776,85.20710059171599,4.142011834319527,81.06508875739645
E00016034,361,66,28,38,295,27,268,18.282548476454295,7.756232686980609,10.526315789473683,81.7174515235457,7.479224376731302,74.23822714681441
E00016035,424,65,21,44,359,20,339,15.330188679245282,4.952830188679245,10.377358490566039,84.66981132075472,4.716981132075472,79.95283018867924
E00016036,319,62,30,32,257,20,237,19.435736677115987,9.404388714733543,10.031347962382444,80.56426332288402,6.269592476489027,74.29467084639498
E00016037,342,60,30,30,282,16,266,17.543859649122805,8.771929824561402,8.771929824561402,82.45614035087719,4.678362573099415,77.77777777777779
E00016038,432,62,23,39,370,24,346,14.351851851851851,5.324074074074074,9.027777777777777,85.64814814814815,5.555555555555555,80.0925925925926
E00016039,371,48,22,26,323,19,304,12.93800539083558,5.929919137466308,7.008086253369273,87.06199460916442,5.121293800539084,81.94070080862534
E00016040,477,70,36,34,407,19,388,14.675052410901468,7.547169811320755,7.127882599580712,85.32494758909853,3.9832285115303985,81.34171907756813
E00016041,511,77,37,40,434,24,410,15.068493150684931,7.240704500978473,7.8277886497064575,84.93150684931507,4.6966731898238745,80.23483365949119
E00016042,245,38,18,20,207,11,196,15.510204081632653,7.346938775510205,8.16326530612245,84.48979591836735,4.489795918367347,80
E00016043,135,19,7,12,116,10,106,14.074074074074074,5.185185185185185,8.88888888888889,85.92592592592592,7.4074074074074066,78.51851851851852
E00016044,254,34,16,18,220,21,199,13.385826771653544,6.299212598425196,7.086614173228346,86.61417322834646,8.267716535433072,78.34645669291339
E00016045,447,43,9,34,404,20,384,9.619686800894854,2.013422818791946,7.606263982102908,90.38031319910515,4.47427293064877,85.90604026845638
E00016046,520,74,25,49,446,12,434,14.23076923076923,4.807692307692308,9.423076923076923,85.76923076923076,2.307692307692308,83.46153846153847
E00016047,314,43,16,27,271,17,254,13.694267515923567,5.095541401273886,8.598726114649681,86.30573248407643,5.414012738853503,80.89171974522293
E00016048,261,39,12,27,222,15,207,14.942528735632186,4.597701149425287,10.344827586206897,85.0574712643678,5.747126436781609,79.3103448275862
E00016049,306,37,19,18,269,19,250,12.091503267973856,6.209150326797386,5.88235294117647,87.90849673202614,6.209150326797386,81.69934640522875
E00016050,388,44,18,26,344,22,322,11.34020618556701,4.639175257731959,6.701030927835052,88.65979381443299,5.670103092783505,82.9896907216495
E00016051,303,27,8,19,276,34,242,8.91089108910891,2.6402640264026402,6.270627062706271,91.0891089108911,11.221122112211221,79.86798679867987
E00016052,290,49,20,29,241,17,224,16.896551724137932,6.896551724137931,10,83.10344827586206,5.862068965517241,77.24137931034483
E00016053,351,34,8,26,317,30,287,9.686609686609685,2.2792022792022792,7.4074074074074066,90.31339031339031,8.547008547008547,81.76638176638177
E00016054,335,31,7,24,304,18,286,9.253731343283581,2.0895522388059704,7.164179104477612,90.74626865671642,5.3731343283582085,85.37313432835822
E00016055,309,31,8,23,278,17,261,10.032362459546926,2.5889967637540456,7.443365695792881,89.96763754045307,5.501618122977346,84.46601941747572
E00016056,267,44,16,28,223,18,205,16.479400749063668,5.992509363295881,10.486891385767791,83.52059925093633,6.741573033707865,76.77902621722846
E00016057,338,41,19,22,297,10,287,12.1301775147929,5.621301775147929,6.508875739644971,87.86982248520711,2.9585798816568047,84.91124260355029
E00016058,338,28,15,13,310,12,298,8.284023668639055,4.437869822485207,3.8461538461538463,91.71597633136095,3.5502958579881656,88.16568047337277
E00016059,339,39,19,20,300,27,273,11.504424778761061,5.604719764011799,5.899705014749262,88.49557522123894,7.964601769911504,80.53097345132744
E00016060,263,41,18,23,222,21,201,15.5893536121673,6.844106463878327,8.745247148288973,84.4106463878327,7.984790874524715,76.42585551330798
E00016061,277,30,11,19,247,11,236,10.830324909747292,3.9711191335740073,6.859205776173286,89.16967509025271,3.9711191335740073,85.1985559566787
E00016062,233,19,6,13,214,26,188,8.15450643776824,2.575107296137339,5.579399141630901,91.84549356223177,11.158798283261802,80.68669527896995
E00016063,332,32,12,20,300,33,267,9.63855421686747,3.614457831325301,6.024096385542169,90.36144578313254,9.939759036144578,80.42168674698796
E00016064,330,32,8,24,298,11,287,9.696969696969697,2.4242424242424243,7.2727272727272725,90.30303030303031,3.3333333333333335,86.96969696969697
E00016065,334,58,22,36,276,12,264,17.365269461077844,6.58682634730539,10.778443113772456,82.63473053892216,3.592814371257485,79.04191616766467
E00016066,289,29,11,18,260,16,244,10.034602076124568,3.8062283737024223,6.228373702422145,89.96539792387543,5.536332179930796,84.42906574394463
E00016067,329,49,28,21,280,24,256,14.893617021276595,8.51063829787234,6.382978723404255,85.1063829787234,7.29483282674772,77.81155015197568
E00016068,426,52,20,32,374,23,351,12.206572769953052,4.694835680751173,7.511737089201878,87.79342723004694,5.39906103286385,82.3943661971831
E00016069,397,62,28,34,335,30,305,15.617128463476071,7.052896725440807,8.564231738035264,84.38287153652394,7.5566750629722925,76.82619647355163
E00016070,258,39,15,24,219,15,204,15.11627906976744,5.813953488372093,9.30232558139535,84.88372093023256,5.813953488372093,79.06976744186046
E00016071,285,44,27,17,241,22,219,15.43859649122807,9.473684210526317,5.964912280701754,84.56140350877193,7.719298245614035,76.84210526315789
E00016072,317,69,35,34,248,20,228,21.766561514195583,11.041009463722396,10.725552050473187,78.23343848580441,6.309148264984227,71.92429022082018
E00016073,237,40,15,25,197,15,182,16.877637130801688,6.329113924050633,10.548523206751055,83.12236286919831,6.329113924050633,76.79324894514767
E00016074,429,77,40,37,352,23,329,17.94871794871795,9.324009324009324,8.624708624708624,82.05128205128204,5.361305361305361,76.68997668997669
E00016075,334,41,24,17,293,25,268,12.275449101796406,7.18562874251497,5.089820359281437,87.72455089820359,7.48502994011976,80.23952095808383
E00016076,408,80,37,43,328,12,316,19.607843137254903,9.068627450980392,10.53921568627451,80.3921568627451,2.941176470588235,77.45098039215686
E00016077,237,29,11,18,208,20,188,12.236286919831224,4.641350210970464,7.59493670886076,87.76371308016878,8.438818565400844,79.32489451476793
E00016078,262,65,30,35,197,20,177,24.80916030534351,11.450381679389313,13.358778625954198,75.19083969465649,7.633587786259542,67.55725190839695
E00016079,297,42,14,28,255,18,237,14.14141414141414,4.713804713804714,9.427609427609427,85.85858585858585,6.0606060606060606,79.7979797979798
E00016080,288,47,16,31,241,17,224,16.319444444444446,5.555555555555555,10.76388888888889,83.68055555555556,5.902777777777778,77.77777777777779
E00016083,361,66,31,35,295,17,278,18.282548476454295,8.587257617728532,9.695290858725762,81.7174515235457,4.7091412742382275,77.00831024930747
E00016084,598,66,35,31,532,20,512,11.036789297658862,5.852842809364549,5.183946488294314,88.96321070234113,3.3444816053511706,85.61872909698997
E00016086,275,30,8,22,245,28,217,10.909090909090908,2.909090909090909,8,89.0909090909091,10.181818181818182,78.9090909090909
E00016087,217,18,4,14,199,11,188,8.294930875576037,1.8433179723502304,6.451612903225806,91.70506912442397,5.0691244239631335,86.63594470046083
E00016088,210,38,19,19,172,23,149,18.095238095238095,9.047619047619047,9.047619047619047,81.9047619047619,10.952380952380953,70.95238095238095
E00016089,272,52,23,29,220,16,204,19.11764705882353,8.455882352941178,10.661764705882353,80.88235294117648,5.88235294117647,75
E00016090,322,36,7,29,286,27,259,11.180124223602485,2.1739130434782608,9.006211180124224,88.81987577639751,8.385093167701864,80.43478260869566
E00016091,383,62,22,40,321,31,290,16.187989556135772,5.7441253263707575,10.443864229765012,83.81201044386422,8.093994778067886,75.71801566579634
E00016092,247,39,22,17,208,23,185,15.789473684210526,8.906882591093117,6.882591093117409,84.21052631578947,9.31174089068826,74.89878542510121
E00016093,290,21,1,20,269,27,242,7.241379310344828,0.3448275862068966,6.896551724137931,92.75862068965517,9.310344827586208,83.44827586206897
E00016094,344,48,22,26,296,33,263,13.953488372093023,6.395348837209303,7.55813953488372,86.04651162790698,9.593023255813954,76.45348837209302
E00016096,425,68,24,44,357,28,329,16,5.647058823529412,10.352941176470589,84,6.588235294117648,77.41176470588236
E00016097,338,41,17,24,297,34,263,12.1301775147929,5.029585798816568,7.100591715976331,87.86982248520711,10.059171597633137,77.81065088757396
E00016098,316,52,18,34,264,14,250,16.455696202531644,5.69620253164557,10.759493670886076,83.54430379746836,4.430379746835443,79.11392405063292
E00016100,339,38,6,32,301,37,264,11.209439528023598,1.7699115044247788,9.43952802359882,88.79056047197639,10.914454277286136,77.87610619469027
E00016101,262,53,21,32,209,18,191,20.229007633587788,8.015267175572518,12.213740458015266,79.77099236641222,6.870229007633588,72.90076335877863
E00016102,500,46,18,28,454,29,425,9.2,3.5999999999999996,5.6000000000000005,90.8,5.800000000000001,85
E00016103,290,42,16,26,248,10,238,14.482758620689657,5.517241379310345,8.96551724137931,85.51724137931035,3.4482758620689653,82.06896551724138
E00016104,365,32,11,21,333,19,314,8.767123287671232,3.0136986301369864,5.7534246575342465,91.23287671232877,5.205479452054795,86.02739726027397
E00016105,309,40,21,19,269,14,255,12.944983818770226,6.796116504854369,6.148867313915858,87.05501618122977,4.53074433656958,82.52427184466019
E00016106,238,36,8,28,202,19,183,15.126050420168067,3.361344537815126,11.76470588235294,84.87394957983193,7.9831932773109235,76.89075630252101
E00016107,346,62,33,29,284,18,266,17.91907514450867,9.53757225433526,8.38150289017341,82.08092485549133,5.202312138728324,76.878612716763
E00016108,226,37,17,20,189,10,179,16.371681415929203,7.52212389380531,8.849557522123893,83.6283185840708,4.424778761061947,79.20353982300885
E00016109,419,49,17,32,370,34,336,11.694510739856803,4.05727923627685,7.637231503579953,88.3054892601432,8.1145584725537,80.1909307875895
E00016110,348,58,29,29,290,20,270,16.666666666666664,8.333333333333332,8.333333333333332,83.33333333333334,5.747126436781609,77.58620689655173
E00016111,315,48,26,22,267,13,254,15.238095238095239,8.253968253968253,6.984126984126984,84.76190476190476,4.1269841269841265,80.63492063492063
E00165807,143,32,12,20,111,10,101,22.377622377622377,8.391608391608392,13.986013986013987,77.62237762237763,6.993006993006993,70.62937062937063
E00171519,321,31,11,20,290,20,270,9.657320872274143,3.4267912772585665,6.230529595015576,90.34267912772586,6.230529595015576,84.11214953271028
E00171520,279,29,8,21,250,23,227,10.39426523297491,2.867383512544803,7.526881720430108,89.6057347670251,8.24372759856631,81.36200716845879
E00171524,356,44,16,28,312,19,293,12.359550561797752,4.49438202247191,7.865168539325842,87.64044943820225,5.337078651685393,82.30337078651685
E00171525,276,34,14,20,242,27,215,12.318840579710146,5.072463768115942,7.246376811594203,87.68115942028986,9.782608695652174,77.89855072463769
E00171530,293,18,10,8,275,31,244,6.143344709897611,3.4129692832764507,2.7303754266211606,93.85665529010238,10.580204778156997,83.27645051194538
E00171531,413,52,26,26,361,12,349,12.590799031477,6.2953995157385,6.2953995157385,87.40920096852301,2.9055690072639226,84.50363196125909
E00171532,271,40,15,25,231,22,209,14.760147601476014,5.535055350553505,9.22509225092251,85.23985239852398,8.118081180811808,77.12177121771218
E00171533,650,63,11,52,587,44,543,9.692307692307692,1.6923076923076923,8,90.3076923076923,6.769230769230769,83.53846153846153
E00171534,126,1,1,0,125,9,116,0.7936507936507936,0.7936507936507936,0,99.20634920634922,7.142857142857142,92.06349206349206
E00171535,227,7,0,7,220,14,206,3.0837004405286343,0,3.0837004405286343,96.91629955947137,6.167400881057269,90.7488986784141
E00171540,250,14,2,12,236,18,218,5.6000000000000005,0.8,4.8,94.39999999999999,7.199999999999999,87.2
E00171541,319,37,10,27,282,32,250,11.598746081504702,3.1347962382445136,8.463949843260188,88.40125391849529,10.031347962382444,78.36990595611285
E00171542,337,29,5,24,308,20,288,8.605341246290802,1.483679525222552,7.121661721068249,91.3946587537092,5.934718100890208,85.45994065281899
E00171543,195,12,6,6,183,13,170,6.153846153846154,3.076923076923077,3.076923076923077,93.84615384615384,6.666666666666667,87.17948717948718
E00171545,204,18,4,14,186,12,174,8.823529411764707,1.9607843137254901,6.862745098039216,91.17647058823529,5.88235294117647,85.29411764705883
E00171546,373,32,11,21,341,22,319,8.579088471849866,2.949061662198391,5.630026809651475,91.42091152815014,5.898123324396782,85.52278820375335
E00171549,331,72,33,39,259,21,238,21.75226586102719,9.969788519637463,11.782477341389729,78.24773413897282,6.3444108761329305,71.90332326283988
E00171550,269,44,16,28,225,18,207,16.356877323420075,5.947955390334572,10.408921933085502,83.64312267657994,6.691449814126393,76.95167286245353
E00171551,352,26,4,22,326,29,297,7.386363636363637,1.1363636363636365,6.25,92.61363636363636,8.238636363636363,84.375
E00177482,466,71,32,39,395,26,369,15.236051502145923,6.866952789699571,8.369098712446352,84.76394849785407,5.579399141630901,79.18454935622317
E00177484,421,61,20,41,360,23,337,14.489311163895488,4.750593824228028,9.73871733966746,85.5106888361045,5.463182897862233,80.04750593824228
E00177485,461,46,17,29,415,34,381,9.97830802603037,3.68763557483731,6.29067245119306,90.02169197396964,7.37527114967462,82.646420824295
E00177486,605,79,46,33,526,36,490,13.057851239669422,7.6033057851239665,5.454545454545454,86.94214876033057,5.950413223140496,80.99173553719008
E00177502,149,10,1,9,139,9,130,6.7114093959731544,0.6711409395973155,6.0402684563758395,93.28859060402685,6.0402684563758395,87.24832214765101
E00177503,263,23,10,13,240,6,234,8.745247148288973,3.802281368821293,4.942965779467681,91.25475285171103,2.2813688212927756,88.97338403041825
E00177504,213,14,4,10,199,17,182,6.572769953051644,1.8779342723004695,4.694835680751173,93.42723004694837,7.981220657276995,85.44600938967136
E00177505,256,17,4,13,239,7,232,6.640625,1.5625,5.078125,93.359375,2.734375,90.625
E00177509,143,6,2,4,137,8,129,4.195804195804196,1.3986013986013985,2.797202797202797,95.8041958041958,5.594405594405594,90.20979020979021
E00177511,361,88,40,48,273,17,256,24.37673130193906,11.080332409972298,13.29639889196676,75.62326869806094,4.7091412742382275,70.91412742382272
E00177514,204,14,6,8,190,13,177,6.862745098039216,2.941176470588235,3.9215686274509802,93.13725490196079,6.372549019607843,86.76470588235294
E00177515,417,52,19,33,365,23,342,12.470023980815348,4.556354916067146,7.913669064748201,87.52997601918466,5.515587529976019,82.01438848920863
E00177516,527,41,13,28,486,34,452,7.7798861480075905,2.4667931688804554,5.313092979127135,92.22011385199241,6.451612903225806,85.7685009487666
E00177518,243,34,13,21,209,13,196,13.991769547325102,5.349794238683128,8.641975308641975,86.0082304526749,5.349794238683128,80.65843621399176
E00177522,109,16,1,15,93,9,84,14.678899082568808,0.9174311926605505,13.761467889908257,85.3211009174312,8.256880733944955,77.06422018348624
E00177525,265,54,27,27,211,7,204,20.37735849056604,10.18867924528302,10.18867924528302,79.62264150943396,2.6415094339622645,76.9811320754717
E00177529,311,25,5,20,286,32,254,8.038585209003216,1.607717041800643,6.430868167202572,91.96141479099678,10.289389067524116,81.67202572347267
E00177530,442,67,26,41,375,11,364,15.158371040723981,5.88235294117647,9.276018099547512,84.84162895927602,2.48868778280543,82.35294117647058
E00177533,179,26,4,22,153,9,144,14.52513966480447,2.2346368715083798,12.290502793296088,85.47486033519553,5.027932960893855,80.44692737430168
E00177534,393,51,19,32,342,21,321,12.977099236641221,4.8346055979643765,8.142493638676845,87.02290076335878,5.343511450381679,81.67938931297711
E00177536,392,39,14,25,353,31,322,9.948979591836734,3.571428571428571,6.377551020408164,90.05102040816327,7.908163265306123,82.14285714285714
E00177541,243,36,16,20,207,17,190,14.814814814814813,6.584362139917696,8.23045267489712,85.18518518518519,6.995884773662551,78.18930041152264
E00177547,328,45,25,20,283,20,263,13.719512195121952,7.621951219512195,6.097560975609756,86.28048780487805,6.097560975609756,80.1829268292683
E00177552,318,39,12,27,279,18,261,12.264150943396226,3.7735849056603774,8.49056603773585,87.73584905660378,5.660377358490567,82.0754716981132
E00177555,329,9,1,8,320,14,306,2.735562310030395,0.303951367781155,2.43161094224924,97.26443768996961,4.25531914893617,93.00911854103343
E00177556,168,5,0,5,163,12,151,2.976190476190476,0,2.976190476190476,97.02380952380952,7.142857142857142,89.88095238095238
E00177557,116,52,32,20,64,14,50,44.827586206896555,27.586206896551722,17.24137931034483,55.172413793103445,12.068965517241379,43.103448275862064
E00177562,219,37,18,19,182,10,172,16.894977168949772,8.21917808219178,8.67579908675799,83.10502283105022,4.5662100456621,78.53881278538812
E00177563,375,61,26,35,314,36,278,16.266666666666666,6.933333333333333,9.333333333333334,83.73333333333333,9.6,74.13333333333333
E00177564,345,45,15,30,300,6,294,13.043478260869565,4.3478260869565215,8.695652173913043,86.95652173913044,1.7391304347826086,85.21739130434783
E00177565,225,22,5,17,203,19,184,9.777777777777779,2.2222222222222223,7.555555555555555,90.22222222222223,8.444444444444445,81.77777777777779
E00177569,319,31,3,28,288,33,255,9.717868338557993,0.9404388714733543,8.77742946708464,90.28213166144201,10.344827586206897,79.9373040752351
E00177572,327,16,5,11,311,12,299,4.892966360856269,1.529051987767584,3.3639143730886847,95.10703363914374,3.669724770642202,91.43730886850153
E00177573,299,29,8,21,270,22,248,9.698996655518394,2.6755852842809364,7.023411371237458,90.3010033444816,7.357859531772576,82.94314381270902
E00177577,323,25,6,19,298,19,279,7.739938080495357,1.8575851393188854,5.88235294117647,92.26006191950464,5.88235294117647,86.37770897832817
E00177582,399,35,8,27,364,23,341,8.771929824561402,2.0050125313283207,6.7669172932330826,91.22807017543859,5.764411027568922,85.46365914786968
E00177585,444,48,26,22,396,22,374,10.81081081081081,5.8558558558558556,4.954954954954955,89.1891891891892,4.954954954954955,84.23423423423422
E00177587,202,10,4,6,192,9,183,4.9504950495049505,1.9801980198019802,2.9702970297029703,95.04950495049505,4.455445544554455,90.5940594059406
E00177591,710,44,6,38,666,43,623,6.197183098591549,0.8450704225352111,5.352112676056338,93.80281690140845,6.056338028169014,87.74647887323944
E00177592,253,25,7,18,228,18,210,9.881422924901186,2.766798418972332,7.114624505928854,90.11857707509881,7.114624505928854,83.00395256916995
E00177596,416,47,14,33,369,21,348,11.298076923076923,3.3653846153846154,7.9326923076923075,88.70192307692307,5.048076923076923,83.65384615384616
E00177599,367,48,22,26,319,24,295,13.079019073569482,5.994550408719346,7.084468664850137,86.92098092643052,6.539509536784741,80.38147138964578
E00177601,727,275,93,182,452,81,371,37.82668500687758,12.792297111416781,25.034387895460796,62.17331499312242,11.141678129298487,51.031636863823934
E00177608,113,0,0,0,113,11,102,0,0,0,100,9.734513274336283,90.2654867256637
E00177609,288,18,4,14,270,19,251,6.25,1.3888888888888888,4.861111111111112,93.75,6.597222222222222,87.15277777777779
E00177611,196,14,5,9,182,8,174,7.142857142857142,2.5510204081632653,4.591836734693878,92.85714285714286,4.081632653061225,88.77551020408163
E00177612,112,7,0,7,105,6,99,6.25,0,6.25,93.75,5.357142857142857,88.39285714285714
E00177615,167,8,2,6,159,7,152,4.790419161676647,1.1976047904191618,3.592814371257485,95.20958083832335,4.191616766467066,91.01796407185628
E00177619,163,11,2,9,152,14,138,6.748466257668712,1.2269938650306749,5.521472392638037,93.25153374233128,8.588957055214724,84.66257668711657
E00177620,172,17,6,11,155,10,145,9.883720930232558,3.488372093023256,6.395348837209303,90.11627906976744,5.813953488372093,84.30232558139535
E00177621,365,22,3,19,343,18,325,6.027397260273973,0.821917808219178,5.205479452054795,93.97260273972603,4.931506849315069,89.04109589041096
E00177626,215,20,3,17,195,17,178,9.30232558139535,1.3953488372093024,7.906976744186046,90.69767441860465,7.906976744186046,82.7906976744186
E00177627,179,16,6,10,163,22,141,8.938547486033519,3.35195530726257,5.58659217877095,91.06145251396647,12.290502793296088,78.77094972067039
E00177628,553,83,37,46,470,37,433,15.009041591320072,6.6907775768535265,8.318264014466546,84.99095840867993,6.6907775768535265,78.30018083182641
E00177629,528,113,59,54,415,26,389,21.401515151515152,11.174242424242424,10.227272727272728,78.59848484848484,4.924242424242424,73.67424242424242
E00177631,124,8,0,8,116,10,106,6.451612903225806,0,6.451612903225806,93.54838709677419,8.064516129032258,85.48387096774194
E00177634,287,18,5,13,269,15,254,6.2717770034843205,1.7421602787456445,4.529616724738676,93.72822299651567,5.2264808362369335,88.50174216027874
E00177638,595,76,26,50,519,15,504,12.773109243697478,4.369747899159663,8.403361344537815,87.22689075630252,2.5210084033613445,84.70588235294117
E00177641,244,12,8,4,232,15,217,4.918032786885246,3.278688524590164,1.639344262295082,95.08196721311475,6.147540983606557,88.9344262295082
E00177646,411,41,17,24,370,23,347,9.975669099756692,4.13625304136253,5.839416058394161,90.02433090024331,5.59610705596107,84.42822384428223
E00177648,277,24,6,18,253,17,236,8.664259927797833,2.166064981949458,6.4981949458483745,91.33574007220217,6.137184115523466,85.1985559566787
E00177649,132,8,2,6,124,11,113,6.0606060606060606,1.5151515151515151,4.545454545454546,93.93939393939394,8.333333333333332,85.60606060606061
E00177650,476,59,37,22,417,17,400,12.394957983193278,7.773109243697479,4.621848739495799,87.60504201680672,3.571428571428571,84.03361344537815
E00177654,363,65,31,34,298,21,277,17.90633608815427,8.539944903581267,9.366391184573002,82.09366391184572,5.785123966942149,76.30853994490359
E00177655,185,16,3,13,169,12,157,8.64864864864865,1.6216216216216217,7.027027027027027,91.35135135135135,6.486486486486487,84.86486486486487
E00177657,332,44,16,28,288,17,271,13.253012048192772,4.819277108433735,8.433734939759036,86.74698795180723,5.120481927710843,81.62650602409639
E00177660,212,22,5,17,190,12,178,10.377358490566039,2.358490566037736,8.018867924528301,89.62264150943396,5.660377358490567,83.9622641509434
E00177663,233,44,26,18,189,18,171,18.88412017167382,11.158798283261802,7.725321888412018,81.11587982832617,7.725321888412018,73.39055793991416
E00177667,164,9,2,7,155,10,145,5.487804878048781,1.2195121951219512,4.2682926829268295,94.51219512195121,6.097560975609756,88.41463414634147
E00177668,130,14,4,10,116,15,101,10.76923076923077,3.076923076923077,7.6923076923076925,89.23076923076924,11.538461538461538,77.6923076923077
E00177671,240,19,3,16,221,19,202,7.916666666666666,1.25,6.666666666666667,92.08333333333333,7.916666666666666,84.16666666666667
E00177673,190,29,14,15,161,15,146,15.263157894736842,7.368421052631578,7.894736842105263,84.73684210526315,7.894736842105263,76.84210526315789
E00177675,143,24,6,18,119,9,110,16.783216783216783,4.195804195804196,12.587412587412588,83.21678321678321,6.293706293706294,76.92307692307693
E00177676,160,3,1,2,157,12,145,1.875,0.625,1.25,98.125,7.5,90.625
E00177682,174,25,11,14,149,10,139,14.367816091954023,6.321839080459771,8.045977011494253,85.63218390804597,5.747126436781609,79.88505747126436
E00177684,188,9,0,9,179,12,167,4.787234042553192,0,4.787234042553192,95.2127659574468,6.382978723404255,88.82978723404256
E00177688,289,52,23,29,237,7,230,17.99307958477509,7.958477508650519,10.034602076124568,82.00692041522491,2.422145328719723,79.58477508650519
E00177689,287,28,11,17,259,19,240,9.75609756097561,3.8327526132404177,5.923344947735192,90.2439024390244,6.620209059233449,83.62369337979094
E00177690,146,17,5,12,129,8,121,11.643835616438356,3.4246575342465753,8.21917808219178,88.35616438356165,5.47945205479452,82.87671232876713
E00177691,127,22,8,14,105,8,97,17.322834645669293,6.299212598425196,11.023622047244094,82.67716535433071,6.299212598425196,76.37795275590551
E00177692,201,25,11,14,176,13,163,12.437810945273633,5.472636815920398,6.965174129353234,87.56218905472637,6.467661691542288,81.09452736318407
