OA,ts0590001,ts0590002,ts0590003,ts0590004,ts0590005,ts0590006,ts0590007,ts0590002_PCT,ts0590003_PCT,ts0590004_PCT,ts0590005_PCT,ts0590006_PCT,ts0590007_PCT
E00092757,122,32,15,17,90,69,21,26.229508196721312,12.295081967213115,13.934426229508196,73.77049180327869,56.557377049180324,17.21311475409836
E00092758,111,34,11,23,77,66,11,30.630630630630627,9.90990990990991,20.72072072072072,69.36936936936937,59.45945945945946,9.90990990990991
E00092759,108,31,10,21,77,66,11,28.703703703703702,9.25925925925926,19.444444444444446,71.29629629629629,61.111111111111114,10.185185185185185
E00092760,218,53,14,39,165,134,31,24.31192660550459,6.422018348623854,17.889908256880734,75.68807339449542,61.46788990825688,14.220183486238533
E00092761,131,50,17,33,81,69,12,38.16793893129771,12.977099236641221,25.190839694656486,61.832061068702295,52.67175572519084,9.16030534351145
E00092763,96,29,13,16,67,59,8,30.208333333333332,13.541666666666666,16.666666666666664,69.79166666666666,61.458333333333336,8.333333333333332
E00092764,99,35,12,23,64,53,11,35.35353535353536,12.121212121212121,23.232323232323232,64.64646464646465,53.535353535353536,11.11111111111111
E00092765,142,42,21,21,100,79,21,29.577464788732392,14.788732394366196,14.788732394366196,70.4225352112676,55.633802816901415,14.788732394366196
E00092766,98,28,10,18,70,55,15,28.57142857142857,10.204081632653061,18.367346938775512,71.42857142857143,56.12244897959183,15.306122448979592
E00092767,112,42,13,29,70,54,16,37.5,11.607142857142858,25.892857142857146,62.5,48.214285714285715,14.285714285714285
E00092768,216,59,21,38,157,132,25,27.314814814814813,9.722222222222223,17.59259259259259,72.68518518518519,61.111111111111114,11.574074074074074
E00092769,76,29,11,18,47,38,9,38.15789473684211,14.473684210526317,23.684210526315788,61.8421052631579,50,11.842105263157894
E00092770,123,38,15,23,85,71,14,30.89430894308943,12.195121951219512,18.69918699186992,69.10569105691057,57.72357723577236,11.38211382113821
E00092771,159,46,18,28,113,94,19,28.930817610062892,11.320754716981133,17.61006289308176,71.0691823899371,59.11949685534591,11.949685534591195
E00092772,124,37,9,28,87,69,18,29.838709677419356,7.258064516129033,22.58064516129032,70.16129032258065,55.64516129032258,14.516129032258066
E00092773,66,20,7,13,46,42,4,30.303030303030305,10.606060606060606,19.696969696969695,69.6969696969697,63.63636363636363,6.0606060606060606
E00092774,116,30,10,20,86,66,20,25.862068965517242,8.620689655172415,17.24137931034483,74.13793103448276,56.896551724137936,17.24137931034483
E00092775,130,37,14,23,93,76,17,28.46153846153846,10.76923076923077,17.692307692307693,71.53846153846153,58.46153846153847,13.076923076923078
E00092776,137,47,18,29,90,79,11,34.306569343065696,13.138686131386862,21.16788321167883,65.69343065693431,57.66423357664233,8.02919708029197
E00092777,141,41,11,30,100,84,16,29.078014184397162,7.801418439716312,21.27659574468085,70.92198581560284,59.57446808510638,11.347517730496454
E00092778,87,35,10,25,52,46,6,40.229885057471265,11.494252873563218,28.735632183908045,59.77011494252874,52.87356321839081,6.896551724137931
E00092779,136,45,13,32,91,81,10,33.088235294117645,9.558823529411764,23.52941176470588,66.91176470588235,59.55882352941176,7.352941176470589
E00092780,108,30,16,14,78,69,9,27.77777777777778,14.814814814814813,12.962962962962962,72.22222222222221,63.888888888888886,8.333333333333332
E00092781,80,32,7,25,48,43,5,40,8.75,31.25,60,53.75,6.25
E00092782,105,43,17,26,62,55,7,40.95238095238095,16.19047619047619,24.761904761904763,59.04761904761905,52.38095238095239,6.666666666666667
E00092783,63,24,7,17,39,33,6,38.095238095238095,11.11111111111111,26.984126984126984,61.904761904761905,52.38095238095239,9.523809523809524
E00092784,155,40,14,26,115,94,21,25.806451612903224,9.032258064516128,16.7741935483871,74.19354838709677,60.64516129032258,13.548387096774196
E00092785,112,29,13,16,83,69,14,25.892857142857146,11.607142857142858,14.285714285714285,74.10714285714286,61.60714285714286,12.5
E00092786,122,39,17,22,83,73,10,31.967213114754102,13.934426229508196,18.0327868852459,68.0327868852459,59.83606557377049,8.19672131147541
E00092787,148,37,15,22,111,99,12,25,10.135135135135135,14.864864864864865,75,66.8918918918919,8.108108108108109
E00092788,161,44,17,27,117,97,20,27.32919254658385,10.559006211180124,16.77018633540373,72.67080745341616,60.24844720496895,12.422360248447205
E00092790,152,45,12,33,107,88,19,29.605263157894733,7.894736842105263,21.710526315789476,70.39473684210526,57.89473684210527,12.5
E00092791,212,50,19,31,162,136,26,23.58490566037736,8.962264150943396,14.622641509433961,76.41509433962264,64.15094339622641,12.264150943396226
E00092792,104,34,9,25,70,56,14,32.69230769230769,8.653846153846153,24.03846153846154,67.3076923076923,53.84615384615385,13.461538461538462
E00092793,147,45,17,28,102,77,25,30.612244897959183,11.564625850340136,19.047619047619047,69.38775510204081,52.38095238095239,17.006802721088434
E00092794,131,32,6,26,99,86,13,24.427480916030532,4.580152671755725,19.84732824427481,75.57251908396947,65.64885496183206,9.923664122137405
E00092795,64,22,8,14,42,34,8,34.375,12.5,21.875,65.625,53.125,12.5
E00092796,134,37,11,26,97,88,9,27.611940298507463,8.208955223880597,19.402985074626866,72.38805970149254,65.67164179104478,6.7164179104477615
E00092797,304,67,17,50,237,211,26,22.039473684210524,5.592105263157895,16.447368421052634,77.96052631578947,69.4078947368421,8.552631578947368
E00092798,271,64,29,35,207,169,38,23.616236162361623,10.70110701107011,12.915129151291513,76.38376383763837,62.36162361623616,14.022140221402212
E00092799,82,30,10,20,52,35,17,36.58536585365854,12.195121951219512,24.390243902439025,63.41463414634146,42.68292682926829,20.73170731707317
E00092800,196,75,36,39,121,89,32,38.265306122448976,18.367346938775512,19.897959183673468,61.73469387755102,45.40816326530612,16.3265306122449
E00092801,96,33,6,27,63,41,22,34.375,6.25,28.125,65.625,42.70833333333333,22.916666666666664
E00092802,191,59,29,30,132,92,40,30.89005235602094,15.18324607329843,15.706806282722512,69.10994764397905,48.167539267015705,20.94240837696335
E00092803,152,46,20,26,106,81,25,30.263157894736842,13.157894736842104,17.105263157894736,69.73684210526315,53.289473684210535,16.447368421052634
E00092804,173,41,18,23,132,106,26,23.699421965317917,10.404624277456648,13.294797687861271,76.30057803468208,61.27167630057804,15.028901734104046
E00092806,100,28,13,15,72,57,15,28.000000000000004,13,15,72,56.99999999999999,15
E00092807,255,58,21,37,197,144,53,22.745098039215687,8.235294117647058,14.50980392156863,77.25490196078432,56.470588235294116,20.784313725490197
E00092808,109,38,16,22,71,57,14,34.862385321100916,14.678899082568808,20.18348623853211,65.13761467889908,52.293577981651374,12.844036697247708
E00092809,234,67,31,36,167,123,44,28.63247863247863,13.247863247863249,15.384615384615385,71.36752136752136,52.56410256410257,18.803418803418804
E00092811,176,65,23,42,111,93,18,36.93181818181818,13.068181818181818,23.863636363636363,63.06818181818182,52.84090909090909,10.227272727272728
E00092813,81,21,6,15,60,54,6,25.925925925925924,7.4074074074074066,18.51851851851852,74.07407407407408,66.66666666666666,7.4074074074074066
E00092815,114,38,12,26,76,57,19,33.33333333333333,10.526315789473683,22.807017543859647,66.66666666666666,50,16.666666666666664
E00092816,141,29,10,19,112,100,12,20.56737588652482,7.092198581560284,13.47517730496454,79.43262411347519,70.92198581560284,8.51063829787234
E00092817,122,41,17,24,81,73,8,33.60655737704918,13.934426229508196,19.672131147540984,66.39344262295081,59.83606557377049,6.557377049180328
E00092818,122,33,12,21,89,74,15,27.049180327868854,9.836065573770492,17.21311475409836,72.95081967213115,60.65573770491803,12.295081967213115
E00092820,86,25,11,14,61,52,9,29.069767441860467,12.790697674418606,16.27906976744186,70.93023255813954,60.46511627906976,10.465116279069768
E00092821,127,49,18,31,78,74,4,38.582677165354326,14.173228346456693,24.409448818897637,61.417322834645674,58.26771653543307,3.149606299212598
E00092822,134,45,14,31,89,69,20,33.582089552238806,10.44776119402985,23.134328358208954,66.4179104477612,51.49253731343284,14.925373134328357
E00092823,249,66,24,42,183,152,31,26.506024096385545,9.63855421686747,16.867469879518072,73.49397590361446,61.044176706827315,12.449799196787147
E00092825,103,32,11,21,71,52,19,31.06796116504854,10.679611650485436,20.388349514563107,68.93203883495146,50.48543689320388,18.446601941747574
E00092826,130,39,11,28,91,76,15,30,8.461538461538462,21.53846153846154,70,58.46153846153847,11.538461538461538
E00092827,255,76,23,53,179,153,26,29.80392156862745,9.019607843137255,20.784313725490197,70.19607843137254,60,10.196078431372548
E00092828,125,17,5,12,108,93,15,13.600000000000001,4,9.6,86.4,74.4,12
E00092829,141,35,14,21,106,97,9,24.822695035460992,9.929078014184398,14.893617021276595,75.177304964539,68.79432624113475,6.382978723404255
E00092830,165,49,16,33,116,101,15,29.6969696969697,9.696969696969697,20,70.3030303030303,61.212121212121204,9.090909090909092
E00092831,139,40,17,23,99,83,16,28.776978417266186,12.23021582733813,16.546762589928058,71.22302158273382,59.71223021582733,11.510791366906476
E00092832,62,20,8,12,42,35,7,32.25806451612903,12.903225806451612,19.35483870967742,67.74193548387096,56.451612903225815,11.29032258064516
E00092833,121,41,17,24,80,69,11,33.88429752066116,14.049586776859504,19.834710743801654,66.11570247933885,57.02479338842975,9.090909090909092
E00092835,139,38,13,25,101,78,23,27.33812949640288,9.352517985611511,17.985611510791365,72.66187050359713,56.11510791366906,16.546762589928058
E00092836,131,33,11,22,98,82,16,25.190839694656486,8.396946564885496,16.793893129770993,74.80916030534351,62.59541984732825,12.213740458015266
E00092837,143,38,16,22,105,86,19,26.573426573426573,11.188811188811188,15.384615384615385,73.42657342657343,60.13986013986013,13.286713286713287
E00092838,122,33,11,22,89,71,18,27.049180327868854,9.01639344262295,18.0327868852459,72.95081967213115,58.19672131147541,14.754098360655737
E00092839,139,39,11,28,100,75,25,28.05755395683453,7.913669064748201,20.14388489208633,71.94244604316546,53.956834532374096,17.985611510791365
E00092841,175,54,18,36,121,103,18,30.857142857142854,10.285714285714285,20.57142857142857,69.14285714285714,58.857142857142854,10.285714285714285
E00092842,137,42,15,27,95,83,12,30.656934306569344,10.948905109489052,19.708029197080293,69.34306569343066,60.58394160583942,8.75912408759124
E00092843,118,37,18,19,81,65,16,31.35593220338983,15.254237288135593,16.101694915254235,68.64406779661016,55.08474576271186,13.559322033898304
E00092845,129,55,16,39,74,61,13,42.63565891472868,12.4031007751938,30.23255813953488,57.36434108527132,47.286821705426355,10.077519379844961
E00092846,167,55,23,32,112,92,20,32.93413173652694,13.77245508982036,19.16167664670659,67.06586826347305,55.08982035928144,11.976047904191617
E00092847,147,50,15,35,97,83,14,34.01360544217687,10.204081632653061,23.809523809523807,65.98639455782312,56.4625850340136,9.523809523809524
E00092848,152,35,14,21,117,101,16,23.026315789473685,9.210526315789473,13.815789473684212,76.97368421052632,66.44736842105263,10.526315789473683
E00092849,143,59,19,40,84,76,8,41.25874125874126,13.286713286713287,27.972027972027973,58.74125874125874,53.14685314685315,5.594405594405594
E00092850,150,39,14,25,111,90,21,26,9.333333333333334,16.666666666666664,74,60,14.000000000000002
E00092851,192,56,17,39,136,118,18,29.166666666666668,8.854166666666668,20.3125,70.83333333333334,61.458333333333336,9.375
E00092852,114,32,10,22,82,75,7,28.07017543859649,8.771929824561402,19.298245614035086,71.9298245614035,65.78947368421053,6.140350877192982
E00092853,141,40,17,23,101,82,19,28.368794326241137,12.056737588652481,16.312056737588655,71.63120567375887,58.156028368794324,13.47517730496454
E00092854,138,37,7,30,101,86,15,26.811594202898554,5.072463768115942,21.73913043478261,73.18840579710145,62.31884057971014,10.869565217391305
E00092855,164,37,11,26,127,115,12,22.5609756097561,6.707317073170732,15.853658536585366,77.4390243902439,70.1219512195122,7.317073170731707
E00092856,155,39,10,29,116,101,15,25.161290322580644,6.451612903225806,18.70967741935484,74.83870967741936,65.16129032258064,9.67741935483871
E00092857,140,38,12,26,102,94,8,27.142857142857142,8.571428571428571,18.571428571428573,72.85714285714285,67.14285714285714,5.714285714285714
E00092858,184,59,22,37,125,108,17,32.065217391304344,11.956521739130435,20.108695652173914,67.93478260869566,58.69565217391305,9.239130434782608
E00092860,147,55,20,35,92,72,20,37.41496598639456,13.60544217687075,23.809523809523807,62.585034013605444,48.97959183673469,13.60544217687075
E00092861,140,50,19,31,90,80,10,35.714285714285715,13.571428571428571,22.142857142857142,64.28571428571429,57.14285714285714,7.142857142857142
E00092862,166,65,16,49,101,88,13,39.1566265060241,9.63855421686747,29.518072289156628,60.8433734939759,53.01204819277109,7.83132530120482
E00092863,138,43,14,29,95,79,16,31.15942028985507,10.144927536231885,21.014492753623188,68.84057971014492,57.2463768115942,11.594202898550725
E00092864,186,47,13,34,139,116,23,25.268817204301076,6.989247311827956,18.27956989247312,74.73118279569893,62.365591397849464,12.365591397849462
E00092865,216,68,39,29,148,115,33,31.48148148148148,18.055555555555554,13.425925925925927,68.51851851851852,53.24074074074075,15.277777777777779
E00092866,111,40,15,25,71,55,16,36.03603603603604,13.513513513513514,22.52252252252252,63.96396396396396,49.549549549549546,14.414414414414415
E00092867,159,49,17,32,110,88,22,30.81761006289308,10.69182389937107,20.125786163522015,69.18238993710692,55.34591194968554,13.836477987421384
E00092868,200,69,29,40,131,102,29,34.5,14.499999999999998,20,65.5,51,14.499999999999998
E00092869,121,28,10,18,93,70,23,23.140495867768596,8.264462809917356,14.87603305785124,76.85950413223141,57.85123966942148,19.00826446280992
E00092870,173,42,12,30,131,111,20,24.277456647398843,6.9364161849710975,17.341040462427745,75.72254335260115,64.16184971098265,11.560693641618498
E00092871,158,57,20,37,101,87,14,36.075949367088604,12.658227848101266,23.417721518987342,63.92405063291139,55.06329113924051,8.860759493670885
E00092872,127,41,11,30,86,78,8,32.28346456692913,8.661417322834646,23.62204724409449,67.71653543307087,61.417322834645674,6.299212598425196
E00092873,147,43,23,20,104,80,24,29.25170068027211,15.646258503401361,13.60544217687075,70.74829931972789,54.421768707483,16.3265306122449
E00092874,126,38,13,25,88,72,16,30.158730158730158,10.317460317460316,19.841269841269842,69.84126984126983,57.14285714285714,12.698412698412698
E00092875,159,56,17,39,103,92,11,35.22012578616352,10.69182389937107,24.528301886792452,64.77987421383648,57.861635220125784,6.918238993710692
E00092876,116,40,12,28,76,66,10,34.48275862068966,10.344827586206897,24.137931034482758,65.51724137931035,56.896551724137936,8.620689655172415
E00092877,126,39,12,27,87,77,10,30.952380952380953,9.523809523809524,21.428571428571427,69.04761904761905,61.111111111111114,7.936507936507936
E00092878,120,37,12,25,83,62,21,30.833333333333336,10,20.833333333333336,69.16666666666667,51.66666666666667,17.5
E00092879,160,39,16,23,121,102,19,24.375,10,14.374999999999998,75.625,63.74999999999999,11.875
E00092880,111,31,4,27,80,70,10,27.927927927927925,3.6036036036036037,24.324324324324326,72.07207207207207,63.06306306306306,9.00900900900901
E00092881,126,37,15,22,89,76,13,29.365079365079367,11.904761904761903,17.46031746031746,70.63492063492063,60.317460317460316,10.317460317460316
E00092882,141,37,7,30,104,80,24,26.24113475177305,4.964539007092199,21.27659574468085,73.75886524822694,56.73758865248227,17.02127659574468
E00092883,156,39,15,24,117,107,10,25,9.615384615384617,15.384615384615385,75,68.58974358974359,6.41025641025641
E00092884,119,36,16,20,83,67,16,30.252100840336134,13.445378151260504,16.80672268907563,69.74789915966386,56.30252100840336,13.445378151260504
E00092885,134,46,20,26,88,77,11,34.32835820895522,14.925373134328357,19.402985074626866,65.67164179104478,57.46268656716418,8.208955223880597
E00092886,136,49,19,30,87,70,17,36.029411764705884,13.970588235294118,22.058823529411764,63.970588235294116,51.470588235294116,12.5
E00092887,283,68,19,49,215,190,25,24.02826855123675,6.713780918727916,17.314487632508836,75.97173144876325,67.13780918727915,8.8339222614841
E00092888,115,43,17,26,72,62,10,37.391304347826086,14.782608695652174,22.608695652173914,62.60869565217392,53.91304347826087,8.695652173913043
E00092889,219,65,18,47,154,132,22,29.68036529680365,8.21917808219178,21.461187214611872,70.31963470319634,60.273972602739725,10.045662100456621
E00092890,108,27,7,20,81,70,11,25,6.481481481481481,18.51851851851852,75,64.81481481481481,10.185185185185185
E00092891,133,53,19,34,80,75,5,39.849624060150376,14.285714285714285,25.563909774436087,60.150375939849624,56.390977443609025,3.7593984962406015
E00092892,109,29,11,18,80,65,15,26.605504587155966,10.091743119266056,16.51376146788991,73.39449541284404,59.63302752293578,13.761467889908257
E00092894,92,19,6,13,73,57,16,20.652173913043477,6.521739130434782,14.130434782608695,79.34782608695652,61.95652173913043,17.391304347826086
E00092895,110,29,6,23,81,72,9,26.36363636363636,5.454545454545454,20.909090909090907,73.63636363636363,65.45454545454545,8.181818181818182
E00092896,86,24,8,16,62,54,8,27.906976744186046,9.30232558139535,18.6046511627907,72.09302325581395,62.7906976744186,9.30232558139535
E00092897,312,82,25,57,230,189,41,26.282051282051285,8.012820512820513,18.269230769230766,73.71794871794873,60.57692307692307,13.141025641025642
E00092898,131,32,12,20,99,83,16,24.427480916030532,9.16030534351145,15.267175572519085,75.57251908396947,63.358778625954194,12.213740458015266
E00092899,85,23,11,12,62,51,11,27.058823529411764,12.941176470588237,14.117647058823529,72.94117647058823,60,12.941176470588237
E00092900,124,42,16,26,82,72,10,33.87096774193548,12.903225806451612,20.967741935483872,66.12903225806451,58.06451612903226,8.064516129032258
E00092901,124,39,20,19,85,64,21,31.451612903225808,16.129032258064516,15.32258064516129,68.54838709677419,51.61290322580645,16.93548387096774
E00092902,198,60,23,37,138,93,45,30.303030303030305,11.616161616161616,18.68686868686869,69.6969696969697,46.96969696969697,22.727272727272727
E00092903,166,61,24,37,105,80,25,36.74698795180723,14.457831325301203,22.289156626506024,63.25301204819277,48.19277108433735,15.060240963855422
E00092904,159,56,27,29,103,80,23,35.22012578616352,16.9811320754717,18.238993710691823,64.77987421383648,50.314465408805034,14.465408805031446
E00092905,112,38,16,22,74,59,15,33.92857142857143,14.285714285714285,19.642857142857142,66.07142857142857,52.67857142857143,13.392857142857142
E00092906,101,34,12,22,67,49,18,33.663366336633665,11.881188118811881,21.782178217821784,66.33663366336634,48.51485148514851,17.82178217821782
E00092907,91,34,12,22,57,44,13,37.362637362637365,13.186813186813188,24.175824175824175,62.637362637362635,48.35164835164835,14.285714285714285
E00092908,91,33,13,20,58,48,10,36.26373626373626,14.285714285714285,21.978021978021978,63.73626373626373,52.74725274725275,10.989010989010989
E00092909,107,35,15,20,72,58,14,32.71028037383177,14.018691588785046,18.69158878504673,67.28971962616822,54.20560747663551,13.084112149532709
E00092910,121,37,16,21,84,67,17,30.57851239669421,13.223140495867769,17.355371900826448,69.42148760330579,55.371900826446286,14.049586776859504
E00092911,126,37,17,20,89,66,23,29.365079365079367,13.492063492063492,15.873015873015872,70.63492063492063,52.38095238095239,18.253968253968253
E00092912,75,23,8,15,52,39,13,30.666666666666664,10.666666666666668,20,69.33333333333334,52,17.333333333333336
E00092913,150,42,22,20,108,77,31,28.000000000000004,14.666666666666666,13.333333333333334,72,51.33333333333333,20.666666666666668
E00092914,134,42,12,30,92,66,26,31.343283582089555,8.955223880597014,22.388059701492537,68.65671641791045,49.25373134328358,19.402985074626866
E00092915,165,58,17,41,107,88,19,35.15151515151515,10.303030303030303,24.848484848484848,64.84848484848484,53.333333333333336,11.515151515151516
E00092916,102,27,12,15,75,64,11,26.47058823529412,11.76470588235294,14.705882352941178,73.52941176470588,62.745098039215684,10.784313725490197
E00092918,116,29,11,18,87,71,16,25,9.482758620689655,15.517241379310345,75,61.206896551724135,13.793103448275861
E00092919,71,25,8,17,46,43,3,35.2112676056338,11.267605633802818,23.943661971830984,64.7887323943662,60.56338028169014,4.225352112676056
E00092920,130,39,19,20,91,79,12,30,14.615384615384617,15.384615384615385,70,60.76923076923077,9.230769230769232
E00092921,206,47,16,31,159,132,27,22.815533980582526,7.766990291262135,15.048543689320388,77.18446601941747,64.07766990291263,13.106796116504855
E00092922,134,42,18,24,92,76,16,31.343283582089555,13.432835820895523,17.91044776119403,68.65671641791045,56.71641791044776,11.940298507462686
E00092923,106,33,6,27,73,58,15,31.132075471698112,5.660377358490567,25.471698113207548,68.86792452830188,54.71698113207547,14.150943396226415
E00092924,130,42,17,25,88,67,21,32.30769230769231,13.076923076923078,19.230769230769234,67.6923076923077,51.53846153846153,16.153846153846153
E00092925,121,39,19,20,82,64,18,32.231404958677686,15.702479338842975,16.528925619834713,67.76859504132231,52.892561983471076,14.87603305785124
E00092926,136,42,20,22,94,82,12,30.88235294117647,14.705882352941178,16.176470588235293,69.11764705882352,60.29411764705882,8.823529411764707
E00092927,115,41,14,27,74,62,12,35.65217391304348,12.173913043478262,23.47826086956522,64.34782608695652,53.91304347826087,10.434782608695652
E00092928,119,31,13,18,88,69,19,26.05042016806723,10.92436974789916,15.126050420168067,73.94957983193278,57.98319327731093,15.966386554621847
E00092929,223,58,19,39,165,147,18,26.00896860986547,8.520179372197308,17.48878923766816,73.99103139013454,65.91928251121077,8.071748878923767
E00092930,158,49,21,28,109,98,11,31.0126582278481,13.291139240506327,17.72151898734177,68.9873417721519,62.0253164556962,6.962025316455696
E00092931,145,40,14,26,105,86,19,27.586206896551722,9.655172413793103,17.93103448275862,72.41379310344827,59.310344827586206,13.10344827586207
E00092933,184,55,22,33,129,95,34,29.891304347826086,11.956521739130435,17.934782608695652,70.1086956521739,51.63043478260869,18.478260869565215
E00092934,168,64,29,35,104,72,32,38.095238095238095,17.261904761904763,20.833333333333336,61.904761904761905,42.857142857142854,19.047619047619047
E00092935,107,30,10,20,77,63,14,28.037383177570092,9.345794392523365,18.69158878504673,71.96261682242991,58.87850467289719,13.084112149532709
E00092936,221,54,22,32,167,126,41,24.43438914027149,9.95475113122172,14.479638009049776,75.56561085972851,57.01357466063348,18.552036199095024
E00092937,120,28,8,20,92,72,20,23.333333333333332,6.666666666666667,16.666666666666664,76.66666666666667,60,16.666666666666664
E00092938,98,22,5,17,76,64,12,22.448979591836736,5.1020408163265305,17.346938775510203,77.55102040816327,65.3061224489796,12.244897959183673
E00092939,82,27,7,20,55,46,9,32.926829268292686,8.536585365853659,24.390243902439025,67.07317073170732,56.09756097560976,10.975609756097562
E00092940,92,28,14,14,64,57,7,30.434782608695656,15.217391304347828,15.217391304347828,69.56521739130434,61.95652173913043,7.608695652173914
E00092941,90,20,7,13,70,56,14,22.22222222222222,7.777777777777778,14.444444444444443,77.77777777777779,62.22222222222222,15.555555555555555
E00092942,107,28,9,19,79,69,10,26.168224299065418,8.411214953271028,17.75700934579439,73.83177570093457,64.48598130841121,9.345794392523365
E00092943,145,51,20,31,94,65,29,35.172413793103445,13.793103448275861,21.379310344827587,64.82758620689654,44.827586206896555,20
E00092944,176,57,22,35,119,98,21,32.38636363636363,12.5,19.886363636363637,67.61363636363636,55.68181818181818,11.931818181818182
E00092945,233,61,26,35,172,150,22,26.180257510729614,11.158798283261802,15.021459227467812,73.8197424892704,64.37768240343348,9.44206008583691
E00092946,170,55,22,33,115,92,23,32.35294117647059,12.941176470588237,19.411764705882355,67.64705882352942,54.11764705882353,13.529411764705882
E00092947,134,35,13,22,99,77,22,26.119402985074625,9.701492537313433,16.417910447761194,73.88059701492537,57.46268656716418,16.417910447761194
E00092948,169,50,9,41,119,106,13,29.585798816568047,5.325443786982249,24.2603550295858,70.41420118343196,62.721893491124256,7.6923076923076925
E00092950,154,35,10,25,119,104,15,22.727272727272727,6.493506493506493,16.233766233766232,77.27272727272727,67.53246753246754,9.740259740259742
E00092952,143,37,14,23,106,93,13,25.874125874125873,9.79020979020979,16.083916083916083,74.12587412587412,65.03496503496503,9.090909090909092
E00092953,121,32,11,21,89,83,6,26.446280991735538,9.090909090909092,17.355371900826448,73.55371900826447,68.59504132231406,4.958677685950414
E00092954,168,51,14,37,117,98,19,30.357142857142854,8.333333333333332,22.023809523809522,69.64285714285714,58.333333333333336,11.30952380952381
E00092955,138,43,13,30,95,86,9,31.15942028985507,9.420289855072465,21.73913043478261,68.84057971014492,62.31884057971014,6.521739130434782
E00092956,215,50,13,37,165,140,25,23.25581395348837,6.046511627906977,17.209302325581397,76.74418604651163,65.11627906976744,11.627906976744185
E00092957,123,26,10,16,97,82,15,21.138211382113823,8.130081300813007,13.008130081300814,78.86178861788618,66.66666666666666,12.195121951219512
E00092958,122,40,21,19,82,70,12,32.78688524590164,17.21311475409836,15.573770491803279,67.21311475409836,57.377049180327866,9.836065573770492
E00092960,279,84,35,49,195,161,34,30.107526881720432,12.544802867383511,17.562724014336915,69.89247311827957,57.70609318996416,12.186379928315413
E00092962,130,32,10,22,98,82,16,24.615384615384617,7.6923076923076925,16.923076923076923,75.38461538461539,63.07692307692307,12.307692307692308
E00092963,103,20,6,14,83,70,13,19.41747572815534,5.825242718446602,13.592233009708737,80.58252427184466,67.96116504854369,12.62135922330097
E00092964,139,43,10,33,96,89,7,30.935251798561154,7.1942446043165464,23.741007194244602,69.06474820143885,64.02877697841727,5.0359712230215825
E00092965,75,27,8,19,48,45,3,36,10.666666666666668,25.333333333333336,64,60,4
E00092966,163,57,29,28,106,84,22,34.96932515337423,17.791411042944784,17.177914110429448,65.03067484662577,51.533742331288344,13.496932515337424
E00092967,192,56,25,31,136,101,35,29.166666666666668,13.020833333333334,16.145833333333336,70.83333333333334,52.604166666666664,18.229166666666664
E00092968,161,46,17,29,115,107,8,28.57142857142857,10.559006211180124,18.012422360248447,71.42857142857143,66.45962732919256,4.968944099378882
E00092969,170,41,16,25,129,113,16,24.11764705882353,9.411764705882353,14.705882352941178,75.88235294117646,66.47058823529412,9.411764705882353
E00092970,234,63,26,37,171,147,24,26.923076923076923,11.11111111111111,15.81196581196581,73.07692307692307,62.82051282051282,10.256410256410255
E00092971,200,46,11,35,154,130,24,23,5.5,17.5,77,65,12
E00092972,163,38,12,26,125,103,22,23.31288343558282,7.361963190184049,15.950920245398773,76.68711656441718,63.190184049079754,13.496932515337424
E00092973,144,39,13,26,105,93,12,27.083333333333332,9.027777777777777,18.055555555555554,72.91666666666666,64.58333333333334,8.333333333333332
E00092974,103,32,14,18,71,59,12,31.06796116504854,13.592233009708737,17.475728155339805,68.93203883495146,57.28155339805825,11.650485436893204
E00092975,146,42,17,25,104,85,19,28.767123287671232,11.643835616438356,17.123287671232877,71.23287671232876,58.21917808219178,13.013698630136986
E00092976,66,13,3,10,53,42,11,19.696969696969695,4.545454545454546,15.151515151515152,80.3030303030303,63.63636363636363,16.666666666666664
E00092977,131,35,14,21,96,82,14,26.717557251908396,10.687022900763358,16.030534351145036,73.2824427480916,62.59541984732825,10.687022900763358
E00092978,154,39,11,28,115,98,17,25.324675324675322,7.142857142857142,18.181818181818183,74.67532467532467,63.63636363636363,11.03896103896104
E00092979,128,41,23,18,87,77,10,32.03125,17.96875,14.0625,67.96875,60.15625,7.8125
E00092980,127,30,8,22,97,90,7,23.62204724409449,6.299212598425196,17.322834645669293,76.37795275590551,70.86614173228347,5.511811023622047
E00092981,99,32,9,23,67,58,9,32.323232323232325,9.090909090909092,23.232323232323232,67.67676767676768,58.58585858585859,9.090909090909092
E00092982,142,36,18,18,106,88,18,25.352112676056336,12.676056338028168,12.676056338028168,74.64788732394366,61.97183098591549,12.676056338028168
E00092983,120,39,14,25,81,69,12,32.5,11.666666666666666,20.833333333333336,67.5,57.49999999999999,10
E00092984,154,43,17,26,111,103,8,27.92207792207792,11.03896103896104,16.883116883116884,72.07792207792207,66.88311688311688,5.194805194805195
E00092985,124,34,9,25,90,78,12,27.419354838709676,7.258064516129033,20.161290322580644,72.58064516129032,62.903225806451616,9.67741935483871
E00092986,173,50,12,38,123,104,19,28.901734104046245,6.9364161849710975,21.965317919075144,71.09826589595376,60.115606936416185,10.982658959537572
E00092987,131,45,14,31,86,72,14,34.35114503816794,10.687022900763358,23.66412213740458,65.64885496183206,54.961832061068705,10.687022900763358
E00092988,108,35,14,21,73,63,10,32.407407407407405,12.962962962962962,19.444444444444446,67.5925925925926,58.333333333333336,9.25925925925926
E00092989,127,41,14,27,86,68,18,32.28346456692913,11.023622047244094,21.25984251968504,67.71653543307087,53.54330708661418,14.173228346456693
E00092990,94,25,5,20,69,62,7,26.595744680851062,5.319148936170213,21.27659574468085,73.40425531914893,65.95744680851064,7.446808510638298
E00092991,132,43,16,27,89,81,8,32.57575757575758,12.121212121212121,20.454545454545457,67.42424242424242,61.36363636363637,6.0606060606060606
E00092992,149,41,10,31,108,95,13,27.516778523489933,6.7114093959731544,20.80536912751678,72.48322147651007,63.758389261744966,8.724832214765101
E00092993,177,56,13,43,121,110,11,31.63841807909605,7.344632768361582,24.293785310734464,68.36158192090396,62.14689265536724,6.214689265536723
E00092994,150,45,12,33,105,83,22,30,8,22,70,55.333333333333336,14.666666666666666
E00092995,110,32,10,22,78,50,28,29.09090909090909,9.090909090909092,20,70.9090909090909,45.45454545454545,25.454545454545453
E00092996,130,47,14,33,83,70,13,36.15384615384615,10.76923076923077,25.384615384615383,63.84615384615384,53.84615384615385,10
E00092997,224,61,16,45,163,129,34,27.232142857142854,7.142857142857142,20.089285714285715,72.76785714285714,57.58928571428571,15.178571428571427
E00092998,138,36,12,24,102,86,16,26.08695652173913,8.695652173913043,17.391304347826086,73.91304347826086,62.31884057971014,11.594202898550725
E00092999,139,52,22,30,87,69,18,37.410071942446045,15.827338129496402,21.58273381294964,62.589928057553955,49.64028776978417,12.949640287769784
E00093000,137,43,10,33,94,77,17,31.386861313868614,7.2992700729927,24.087591240875913,68.61313868613139,56.20437956204379,12.408759124087592
E00093001,142,43,26,17,99,77,22,30.28169014084507,18.30985915492958,11.971830985915492,69.71830985915493,54.22535211267606,15.492957746478872
E00093002,150,45,11,34,105,92,13,30,7.333333333333333,22.666666666666664,70,61.33333333333333,8.666666666666668
E00093003,158,41,13,28,117,102,15,25.949367088607595,8.227848101265822,17.72151898734177,74.0506329113924,64.55696202531645,9.49367088607595
E00093004,133,35,15,20,98,85,13,26.31578947368421,11.278195488721805,15.037593984962406,73.68421052631578,63.90977443609023,9.774436090225564
E00093005,148,34,10,24,114,102,12,22.972972972972975,6.756756756756757,16.216216216216218,77.02702702702703,68.91891891891892,8.108108108108109
E00093006,154,56,17,39,98,80,18,36.36363636363637,11.03896103896104,25.324675324675322,63.63636363636363,51.94805194805194,11.688311688311687
E00093007,126,31,8,23,95,77,18,24.6031746031746,6.349206349206349,18.253968253968253,75.39682539682539,61.111111111111114,14.285714285714285
E00093008,147,45,17,28,102,92,10,30.612244897959183,11.564625850340136,19.047619047619047,69.38775510204081,62.585034013605444,6.802721088435375
E00093009,168,57,18,39,111,92,19,33.92857142857143,10.714285714285714,23.214285714285715,66.07142857142857,54.761904761904766,11.30952380952381
E00093010,146,50,21,29,96,84,12,34.24657534246575,14.383561643835616,19.863013698630137,65.75342465753424,57.534246575342465,8.21917808219178
E00093011,155,44,14,30,111,88,23,28.387096774193548,9.032258064516128,19.35483870967742,71.61290322580646,56.774193548387096,14.838709677419354
E00093012,99,29,11,18,70,62,8,29.292929292929294,11.11111111111111,18.181818181818183,70.70707070707071,62.62626262626263,8.080808080808081
E00093013,145,44,14,30,101,82,19,30.344827586206897,9.655172413793103,20.689655172413794,69.6551724137931,56.55172413793104,13.10344827586207
E00093014,110,34,9,25,76,60,16,30.909090909090907,8.181818181818182,22.727272727272727,69.0909090909091,54.54545454545454,14.545454545454545
E00093016,97,21,9,12,76,63,13,21.649484536082475,9.278350515463918,12.371134020618557,78.35051546391753,64.94845360824742,13.402061855670103
E00093017,113,38,13,25,75,61,14,33.6283185840708,11.504424778761061,22.123893805309734,66.3716814159292,53.98230088495575,12.389380530973451
E00093018,83,18,6,12,65,51,14,21.686746987951807,7.228915662650602,14.457831325301203,78.3132530120482,61.44578313253012,16.867469879518072
E00093019,212,50,22,28,162,129,33,23.58490566037736,10.377358490566039,13.20754716981132,76.41509433962264,60.84905660377359,15.566037735849056
E00093020,126,43,11,32,83,66,17,34.12698412698413,8.73015873015873,25.396825396825395,65.87301587301587,52.38095238095239,13.492063492063492
E00093021,111,32,12,20,79,65,14,28.82882882882883,10.81081081081081,18.01801801801802,71.17117117117117,58.55855855855856,12.612612612612612
E00093023,125,33,9,24,92,77,15,26.400000000000002,7.199999999999999,19.2,73.6,61.6,12
E00093024,155,55,17,38,100,80,20,35.483870967741936,10.967741935483872,24.516129032258064,64.51612903225806,51.61290322580645,12.903225806451612
E00093025,115,33,9,24,82,73,9,28.695652173913043,7.82608695652174,20.869565217391305,71.30434782608695,63.47826086956522,7.82608695652174
E00093026,202,65,29,36,137,105,32,32.17821782178218,14.356435643564355,17.82178217821782,67.82178217821783,51.98019801980198,15.841584158415841
E00093029,104,19,7,12,85,78,7,18.269230769230766,6.730769230769231,11.538461538461538,81.73076923076923,75,6.730769230769231
E00093030,137,39,16,23,98,88,10,28.467153284671532,11.678832116788321,16.78832116788321,71.53284671532847,64.23357664233576,7.2992700729927
E00093031,112,33,8,25,79,69,10,29.464285714285715,7.142857142857142,22.321428571428573,70.53571428571429,61.60714285714286,8.928571428571429
E00093033,127,39,13,26,88,80,8,30.708661417322837,10.236220472440944,20.47244094488189,69.29133858267717,62.99212598425197,6.299212598425196
E00093035,89,25,7,18,64,52,12,28.08988764044944,7.865168539325842,20.224719101123593,71.91011235955057,58.42696629213483,13.48314606741573
E00093036,102,31,6,25,71,62,9,30.392156862745097,5.88235294117647,24.509803921568626,69.6078431372549,60.78431372549019,8.823529411764707
E00093037,89,30,10,20,59,38,21,33.70786516853933,11.235955056179774,22.47191011235955,66.29213483146067,42.69662921348314,23.595505617977526
E00093038,238,60,11,49,178,146,32,25.210084033613445,4.621848739495799,20.588235294117645,74.78991596638656,61.34453781512605,13.445378151260504
E00093039,141,34,12,22,107,92,15,24.113475177304963,8.51063829787234,15.602836879432624,75.88652482269504,65.24822695035462,10.638297872340425
E00093041,97,25,9,16,72,62,10,25.773195876288657,9.278350515463918,16.49484536082474,74.22680412371135,63.91752577319587,10.309278350515463
E00093042,151,47,21,26,104,90,14,31.125827814569533,13.90728476821192,17.218543046357617,68.87417218543047,59.60264900662252,9.271523178807946
E00093043,192,57,22,35,135,107,28,29.6875,11.458333333333332,18.229166666666664,70.3125,55.729166666666664,14.583333333333334
E00093044,315,76,17,59,239,200,39,24.126984126984127,5.396825396825397,18.73015873015873,75.87301587301587,63.49206349206349,12.380952380952381
E00093046,187,45,12,33,142,124,18,24.06417112299465,6.417112299465241,17.647058823529413,75.93582887700535,66.31016042780749,9.62566844919786
E00093048,211,55,13,42,156,125,31,26.066350710900476,6.161137440758294,19.90521327014218,73.93364928909952,59.241706161137444,14.691943127962084
E00093049,165,44,12,32,121,92,29,26.666666666666668,7.2727272727272725,19.393939393939394,73.33333333333333,55.757575757575765,17.575757575757574
E00093050,188,47,13,34,141,124,17,25,6.914893617021277,18.085106382978726,75,65.95744680851064,9.042553191489363
E00093051,169,56,17,39,113,94,19,33.13609467455622,10.059171597633137,23.076923076923077,66.86390532544378,55.62130177514793,11.242603550295858
E00093052,254,55,15,40,199,163,36,21.653543307086615,5.905511811023622,15.748031496062993,78.34645669291339,64.1732283464567,14.173228346456693
E00093053,180,49,22,27,131,112,19,27.22222222222222,12.222222222222221,15,72.77777777777777,62.22222222222222,10.555555555555555
E00093055,191,48,20,28,143,119,24,25.13089005235602,10.471204188481675,14.659685863874344,74.86910994764398,62.30366492146597,12.56544502617801
E00093056,152,38,18,20,114,97,17,25,11.842105263157894,13.157894736842104,75,63.81578947368421,11.18421052631579
E00093058,194,56,14,42,138,118,20,28.865979381443296,7.216494845360824,21.649484536082475,71.1340206185567,60.824742268041234,10.309278350515463
E00093059,196,52,14,38,144,122,22,26.53061224489796,7.142857142857142,19.387755102040817,73.46938775510205,62.244897959183675,11.224489795918368
E00093060,146,42,16,26,104,88,16,28.767123287671232,10.95890410958904,17.80821917808219,71.23287671232876,60.273972602739725,10.95890410958904
E00093062,157,35,10,25,122,101,21,22.29299363057325,6.369426751592357,15.92356687898089,77.70700636942675,64.3312101910828,13.375796178343949
E00093064,100,28,8,20,72,47,25,28.000000000000004,8,20,72,47,25
E00093066,98,36,13,23,62,33,29,36.734693877551024,13.26530612244898,23.46938775510204,63.26530612244898,33.6734693877551,29.591836734693878
E00093067,122,40,18,22,82,62,20,32.78688524590164,14.754098360655737,18.0327868852459,67.21311475409836,50.81967213114754,16.39344262295082
E00093068,155,41,17,24,114,88,26,26.451612903225808,10.967741935483872,15.483870967741936,73.54838709677419,56.774193548387096,16.7741935483871
E00093069,112,36,19,17,76,57,19,32.142857142857146,16.964285714285715,15.178571428571427,67.85714285714286,50.89285714285714,16.964285714285715
E00093070,183,52,23,29,131,90,41,28.415300546448087,12.568306010928962,15.846994535519126,71.58469945355192,49.18032786885246,22.404371584699454
E00093071,147,35,13,22,112,88,24,23.809523809523807,8.843537414965986,14.965986394557824,76.19047619047619,59.863945578231295,16.3265306122449
E00093072,244,56,14,42,188,161,27,22.950819672131146,5.737704918032787,17.21311475409836,77.04918032786885,65.98360655737704,11.065573770491802
E00093073,179,49,18,31,130,115,15,27.37430167597765,10.05586592178771,17.318435754189945,72.62569832402235,64.24581005586593,8.379888268156424
E00093074,268,61,14,47,207,179,28,22.761194029850746,5.223880597014925,17.537313432835823,77.23880597014924,66.7910447761194,10.44776119402985
E00093075,189,59,16,43,130,120,10,31.216931216931215,8.465608465608465,22.75132275132275,68.78306878306879,63.49206349206349,5.291005291005291
E00093076,147,42,10,32,105,96,9,28.57142857142857,6.802721088435375,21.768707482993197,71.42857142857143,65.3061224489796,6.122448979591836
E00093077,277,68,24,44,209,185,24,24.548736462093864,8.664259927797833,15.884476534296029,75.45126353790613,66.78700361010831,8.664259927797833
E00093078,129,39,11,28,90,75,15,30.23255813953488,8.527131782945736,21.705426356589147,69.76744186046511,58.139534883720934,11.627906976744185
E00093080,208,68,12,56,140,127,13,32.69230769230769,5.769230769230769,26.923076923076923,67.3076923076923,61.057692307692314,6.25
E00093081,149,35,11,24,114,96,18,23.48993288590604,7.38255033557047,16.10738255033557,76.51006711409396,64.42953020134227,12.080536912751679
E00093082,91,23,5,18,68,56,12,25.274725274725274,5.4945054945054945,19.78021978021978,74.72527472527473,61.53846153846154,13.186813186813188
E00093083,101,29,11,18,72,59,13,28.71287128712871,10.891089108910892,17.82178217821782,71.28712871287128,58.415841584158414,12.871287128712872
E00093084,205,44,14,30,161,138,23,21.463414634146343,6.829268292682928,14.634146341463413,78.53658536585367,67.31707317073172,11.219512195121952
E00093085,222,35,9,26,187,164,23,15.765765765765765,4.054054054054054,11.711711711711711,84.23423423423422,73.87387387387388,10.36036036036036
E00093086,245,62,15,47,183,157,26,25.30612244897959,6.122448979591836,19.183673469387756,74.6938775510204,64.08163265306122,10.612244897959183
E00093087,235,60,14,46,175,149,26,25.53191489361702,5.957446808510639,19.574468085106382,74.46808510638297,63.40425531914894,11.063829787234042
E00093088,180,50,13,37,130,110,20,27.77777777777778,7.222222222222221,20.555555555555554,72.22222222222221,61.111111111111114,11.11111111111111
E00093089,193,67,20,47,126,111,15,34.715025906735754,10.362694300518134,24.352331606217618,65.28497409326425,57.51295336787565,7.772020725388601
E00093090,108,55,27,28,53,44,9,50.92592592592593,25,25.925925925925924,49.074074074074076,40.74074074074074,8.333333333333332
E00093091,117,48,14,34,69,48,21,41.02564102564102,11.965811965811966,29.059829059829063,58.97435897435898,41.02564102564102,17.94871794871795
E00093092,179,70,29,41,109,88,21,39.10614525139665,16.201117318435752,22.905027932960895,60.893854748603346,49.162011173184354,11.731843575418994
E00093093,89,38,22,16,51,34,17,42.69662921348314,24.719101123595504,17.97752808988764,57.30337078651685,38.20224719101123,19.101123595505616
E00093094,141,48,24,24,93,64,29,34.04255319148936,17.02127659574468,17.02127659574468,65.95744680851064,45.39007092198582,20.56737588652482
E00093095,234,78,40,38,156,123,33,33.33333333333333,17.094017094017094,16.23931623931624,66.66666666666666,52.56410256410257,14.102564102564102
E00093096,80,19,7,12,61,47,14,23.75,8.75,15,76.25,58.75,17.5
E00093097,178,57,26,31,121,85,36,32.02247191011236,14.606741573033707,17.415730337078653,67.97752808988764,47.752808988764045,20.224719101123593
E00093098,240,74,29,45,166,108,58,30.833333333333336,12.083333333333334,18.75,69.16666666666667,45,24.166666666666668
E00093099,164,44,17,27,120,94,26,26.82926829268293,10.365853658536585,16.463414634146343,73.17073170731707,57.3170731707317,15.853658536585366
E00093100,233,56,24,32,177,133,44,24.034334763948497,10.300429184549357,13.733905579399142,75.9656652360515,57.08154506437768,18.88412017167382
E00093101,214,67,31,36,147,107,40,31.308411214953267,14.485981308411214,16.822429906542055,68.69158878504673,50,18.69158878504673
E00093102,159,54,16,38,105,98,7,33.9622641509434,10.062893081761008,23.89937106918239,66.0377358490566,61.63522012578616,4.40251572327044
E00093103,110,40,11,29,70,59,11,36.36363636363637,10,26.36363636363636,63.63636363636363,53.63636363636364,10
E00093104,163,42,9,33,121,102,19,25.766871165644172,5.521472392638037,20.245398773006134,74.23312883435584,62.57668711656442,11.65644171779141
E00093105,101,37,13,24,64,59,5,36.633663366336634,12.871287128712872,23.762376237623762,63.366336633663366,58.415841584158414,4.9504950495049505
E00093106,92,28,8,20,64,55,9,30.434782608695656,8.695652173913043,21.73913043478261,69.56521739130434,59.78260869565217,9.782608695652174
E00093107,87,33,8,25,54,49,5,37.93103448275862,9.195402298850574,28.735632183908045,62.06896551724138,56.32183908045977,5.747126436781609
E00093108,181,70,33,37,111,97,14,38.67403314917127,18.23204419889503,20.441988950276244,61.32596685082873,53.591160220994475,7.734806629834254
E00093109,21,8,2,6,13,10,3,38.095238095238095,9.523809523809524,28.57142857142857,61.904761904761905,47.61904761904761,14.285714285714285
E00093110,95,27,14,13,68,59,9,28.421052631578945,14.736842105263156,13.684210526315791,71.57894736842105,62.10526315789474,9.473684210526317
E00093111,80,25,10,15,55,50,5,31.25,12.5,18.75,68.75,62.5,6.25
E00093113,134,42,11,31,92,74,18,31.343283582089555,8.208955223880597,23.134328358208954,68.65671641791045,55.223880597014926,13.432835820895523
E00093115,81,21,8,13,60,55,5,25.925925925925924,9.876543209876543,16.049382716049383,74.07407407407408,67.90123456790124,6.172839506172839
E00093116,134,58,23,35,76,69,7,43.28358208955223,17.16417910447761,26.119402985074625,56.71641791044776,51.49253731343284,5.223880597014925
E00093117,135,54,18,36,81,68,13,40,13.333333333333334,26.666666666666668,60,50.37037037037037,9.62962962962963
E00093118,122,40,11,29,82,70,12,32.78688524590164,9.01639344262295,23.770491803278688,67.21311475409836,57.377049180327866,9.836065573770492
E00093119,104,28,10,18,76,67,9,26.923076923076923,9.615384615384617,17.307692307692307,73.07692307692307,64.42307692307693,8.653846153846153
E00093120,134,44,15,29,90,77,13,32.83582089552239,11.194029850746269,21.641791044776117,67.16417910447761,57.46268656716418,9.701492537313433
E00093121,175,48,14,34,127,105,22,27.42857142857143,8,19.428571428571427,72.57142857142857,60,12.571428571428573
E00093122,119,35,7,28,84,73,11,29.411764705882355,5.88235294117647,23.52941176470588,70.58823529411765,61.34453781512605,9.243697478991598
E00093123,57,16,6,10,41,33,8,28.07017543859649,10.526315789473683,17.543859649122805,71.9298245614035,57.89473684210527,14.035087719298245
E00093124,144,43,17,26,101,80,21,29.86111111111111,11.805555555555555,18.055555555555554,70.13888888888889,55.55555555555556,14.583333333333334
E00093125,114,31,10,21,83,74,9,27.192982456140353,8.771929824561402,18.421052631578945,72.80701754385966,64.91228070175438,7.894736842105263
E00093126,111,41,12,29,70,60,10,36.93693693693694,10.81081081081081,26.126126126126124,63.06306306306306,54.054054054054056,9.00900900900901
E00093127,107,30,9,21,77,63,14,28.037383177570092,8.411214953271028,19.626168224299064,71.96261682242991,58.87850467289719,13.084112149532709
E00093128,97,27,11,16,70,57,13,27.835051546391753,11.34020618556701,16.49484536082474,72.16494845360825,58.76288659793815,13.402061855670103
E00093129,98,32,15,17,66,57,9,32.6530612244898,15.306122448979592,17.346938775510203,67.3469387755102,58.16326530612245,9.183673469387756
E00093130,70,18,5,13,52,45,7,25.71428571428571,7.142857142857142,18.571428571428573,74.28571428571429,64.28571428571429,10
E00093131,149,41,22,19,108,95,13,27.516778523489933,14.76510067114094,12.751677852348994,72.48322147651007,63.758389261744966,8.724832214765101
E00093132,219,61,17,44,158,132,26,27.85388127853881,7.76255707762557,20.091324200913242,72.14611872146118,60.273972602739725,11.87214611872146
E00093134,146,30,15,15,116,95,21,20.54794520547945,10.273972602739725,10.273972602739725,79.45205479452055,65.06849315068493,14.383561643835616
E00093135,137,49,16,33,88,77,11,35.76642335766424,11.678832116788321,24.087591240875913,64.23357664233576,56.20437956204379,8.02919708029197
E00093136,226,62,27,35,164,124,40,27.43362831858407,11.946902654867257,15.486725663716813,72.56637168141593,54.86725663716814,17.699115044247787
E00093137,145,50,23,27,95,72,23,34.48275862068966,15.862068965517242,18.620689655172416,65.51724137931035,49.6551724137931,15.862068965517242
E00093138,144,42,18,24,102,84,18,29.166666666666668,12.5,16.666666666666664,70.83333333333334,58.333333333333336,12.5
E00093140,125,42,16,26,83,58,25,33.6,12.8,20.8,66.4,46.400000000000006,20
E00093141,129,42,20,22,87,73,14,32.55813953488372,15.503875968992247,17.05426356589147,67.44186046511628,56.58914728682171,10.852713178294573
E00093142,141,34,16,18,107,78,29,24.113475177304963,11.347517730496454,12.76595744680851,75.88652482269504,55.319148936170215,20.56737588652482
E00093144,164,47,12,35,117,105,12,28.65853658536585,7.317073170731707,21.341463414634145,71.34146341463415,64.02439024390245,7.317073170731707
E00093145,146,39,13,26,107,96,11,26.71232876712329,8.904109589041095,17.80821917808219,73.28767123287672,65.75342465753424,7.534246575342466
E00093146,146,36,7,29,110,99,11,24.65753424657534,4.794520547945205,19.863013698630137,75.34246575342466,67.8082191780822,7.534246575342466
E00093147,77,15,1,14,62,51,11,19.480519480519483,1.2987012987012987,18.181818181818183,80.51948051948052,66.23376623376623,14.285714285714285
E00093148,69,30,5,25,39,39,0,43.47826086956522,7.246376811594203,36.231884057971016,56.52173913043478,56.52173913043478,0
E00093149,158,37,9,28,121,109,12,23.417721518987342,5.69620253164557,17.72151898734177,76.58227848101265,68.9873417721519,7.59493670886076
E00093150,117,32,3,29,85,67,18,27.350427350427353,2.564102564102564,24.786324786324787,72.64957264957265,57.26495726495726,15.384615384615385
E00093151,125,34,7,27,91,79,12,27.200000000000003,5.6000000000000005,21.6,72.8,63.2,9.6
E00093152,139,29,13,16,110,103,7,20.863309352517987,9.352517985611511,11.510791366906476,79.13669064748201,74.10071942446042,5.0359712230215825
E00093153,134,44,11,33,90,80,10,32.83582089552239,8.208955223880597,24.62686567164179,67.16417910447761,59.70149253731343,7.462686567164178
E00093154,150,50,15,35,100,92,8,33.33333333333333,10,23.333333333333332,66.66666666666666,61.33333333333333,5.333333333333334
E00093155,155,59,22,37,96,84,12,38.064516129032256,14.193548387096774,23.870967741935484,61.935483870967744,54.19354838709678,7.741935483870968
E00093156,116,41,11,30,75,66,9,35.3448275862069,9.482758620689655,25.862068965517242,64.65517241379311,56.896551724137936,7.758620689655173
E00093157,119,36,13,23,83,76,7,30.252100840336134,10.92436974789916,19.327731092436977,69.74789915966386,63.86554621848739,5.88235294117647
E00093158,134,34,8,26,100,86,14,25.37313432835821,5.970149253731343,19.402985074626866,74.6268656716418,64.17910447761194,10.44776119402985
E00093160,139,46,18,28,93,86,7,33.093525179856115,12.949640287769784,20.14388489208633,66.90647482014388,61.87050359712231,5.0359712230215825
E00093161,150,46,18,28,104,88,16,30.666666666666664,12,18.666666666666668,69.33333333333334,58.666666666666664,10.666666666666668
E00093162,142,48,12,36,94,80,14,33.80281690140845,8.450704225352112,25.352112676056336,66.19718309859155,56.33802816901409,9.859154929577464
E00093163,155,29,6,23,126,116,10,18.70967741935484,3.870967741935484,14.838709677419354,81.29032258064515,74.83870967741936,6.451612903225806
E00093164,178,58,15,43,120,105,15,32.58426966292135,8.426966292134832,24.15730337078652,67.41573033707866,58.98876404494382,8.426966292134832
E00093165,163,40,9,31,123,102,21,24.539877300613497,5.521472392638037,19.018404907975462,75.4601226993865,62.57668711656442,12.883435582822086
E00093166,210,57,16,41,153,138,15,27.142857142857142,7.6190476190476195,19.523809523809526,72.85714285714285,65.71428571428571,7.142857142857142
E00093167,151,55,21,34,96,83,13,36.423841059602644,13.90728476821192,22.516556291390728,63.576158940397356,54.966887417218544,8.609271523178808
E00093168,126,41,14,27,85,73,12,32.53968253968254,11.11111111111111,21.428571428571427,67.46031746031747,57.936507936507944,9.523809523809524
E00093169,109,24,8,16,85,71,14,22.018348623853214,7.339449541284404,14.678899082568808,77.98165137614679,65.13761467889908,12.844036697247708
E00093170,112,34,11,23,78,69,9,30.357142857142854,9.821428571428571,20.535714285714285,69.64285714285714,61.60714285714286,8.035714285714286
E00093171,186,56,15,41,130,117,13,30.107526881720432,8.064516129032258,22.043010752688172,69.89247311827957,62.903225806451616,6.989247311827956
E00093172,184,45,21,24,139,122,17,24.456521739130434,11.41304347826087,13.043478260869565,75.54347826086956,66.30434782608695,9.239130434782608
E00093173,124,37,18,19,87,54,33,29.838709677419356,14.516129032258066,15.32258064516129,70.16129032258065,43.54838709677419,26.61290322580645
E00093174,114,38,12,26,76,69,7,33.33333333333333,10.526315789473683,22.807017543859647,66.66666666666666,60.526315789473685,6.140350877192982
E00093175,104,29,15,14,75,59,16,27.884615384615387,14.423076923076922,13.461538461538462,72.11538461538461,56.730769230769226,15.384615384615385
E00093176,320,63,21,42,257,213,44,19.6875,6.5625,13.125,80.3125,66.5625,13.750000000000002
E00093177,115,39,18,21,76,52,24,33.91304347826087,15.65217391304348,18.26086956521739,66.08695652173913,45.21739130434783,20.869565217391305
E00093178,104,39,10,29,65,56,9,37.5,9.615384615384617,27.884615384615387,62.5,53.84615384615385,8.653846153846153
E00093179,101,36,16,20,65,51,14,35.64356435643564,15.841584158415841,19.801980198019802,64.35643564356435,50.495049504950494,13.861386138613863
E00093181,127,31,13,18,96,74,22,24.409448818897637,10.236220472440944,14.173228346456693,75.59055118110236,58.26771653543307,17.322834645669293
E00093182,134,24,6,18,110,103,7,17.91044776119403,4.477611940298507,13.432835820895523,82.08955223880598,76.86567164179104,5.223880597014925
E00093183,140,37,14,23,103,88,15,26.42857142857143,10,16.428571428571427,73.57142857142858,62.857142857142854,10.714285714285714
E00093184,168,47,14,33,121,102,19,27.976190476190478,8.333333333333332,19.642857142857142,72.02380952380952,60.71428571428571,11.30952380952381
E00093185,218,56,25,31,162,151,11,25.688073394495415,11.46788990825688,14.220183486238533,74.31192660550458,69.26605504587155,5.045871559633028
E00093186,126,34,16,18,92,84,8,26.984126984126984,12.698412698412698,14.285714285714285,73.01587301587301,66.66666666666666,6.349206349206349
E00093187,101,27,12,15,74,70,4,26.732673267326735,11.881188118811881,14.85148514851485,73.26732673267327,69.3069306930693,3.9603960396039604
E00093189,177,43,12,31,134,108,26,24.293785310734464,6.779661016949152,17.51412429378531,75.70621468926554,61.016949152542374,14.689265536723164
E00093190,213,52,19,33,161,149,12,24.413145539906104,8.92018779342723,15.492957746478872,75.5868544600939,69.95305164319248,5.633802816901409
E00093191,152,37,7,30,115,106,9,24.342105263157894,4.605263157894736,19.736842105263158,75.6578947368421,69.73684210526315,5.921052631578947
E00093192,116,38,11,27,78,70,8,32.758620689655174,9.482758620689655,23.275862068965516,67.24137931034483,60.3448275862069,6.896551724137931
E00093193,124,42,14,28,82,73,9,33.87096774193548,11.29032258064516,22.58064516129032,66.12903225806451,58.87096774193549,7.258064516129033
E00093194,130,41,15,26,89,83,6,31.538461538461537,11.538461538461538,20,68.46153846153847,63.84615384615384,4.615384615384616
E00093195,124,36,17,19,88,83,5,29.03225806451613,13.709677419354838,15.32258064516129,70.96774193548387,66.93548387096774,4.032258064516129
E00093196,177,42,16,26,135,114,21,23.728813559322035,9.03954802259887,14.689265536723164,76.27118644067797,64.40677966101694,11.864406779661017
E00093197,133,37,14,23,96,90,6,27.819548872180448,10.526315789473683,17.293233082706767,72.18045112781954,67.66917293233082,4.511278195488721
E00093198,109,30,8,22,79,74,5,27.522935779816514,7.339449541284404,20.18348623853211,72.47706422018348,67.88990825688074,4.587155963302752
E00093199,142,38,16,22,104,93,11,26.76056338028169,11.267605633802818,15.492957746478872,73.23943661971832,65.49295774647888,7.746478873239436
E00093200,168,43,18,25,125,112,13,25.595238095238095,10.714285714285714,14.880952380952381,74.40476190476191,66.66666666666666,7.738095238095238
E00093201,136,40,12,28,96,73,23,29.411764705882355,8.823529411764707,20.588235294117645,70.58823529411765,53.67647058823529,16.911764705882355
E00093202,128,40,18,22,88,79,9,31.25,14.0625,17.1875,68.75,61.71875,7.03125
E00093203,183,54,18,36,129,111,18,29.508196721311474,9.836065573770492,19.672131147540984,70.49180327868852,60.65573770491803,9.836065573770492
E00093204,73,18,1,17,55,48,7,24.65753424657534,1.36986301369863,23.28767123287671,75.34246575342466,65.75342465753424,9.58904109589041
E00093205,126,38,16,22,88,75,13,30.158730158730158,12.698412698412698,17.46031746031746,69.84126984126983,59.523809523809526,10.317460317460316
E00093206,280,74,27,47,206,174,32,26.42857142857143,9.642857142857144,16.785714285714285,73.57142857142858,62.142857142857146,11.428571428571429
E00093207,178,53,11,42,125,100,25,29.775280898876407,6.179775280898876,23.595505617977526,70.2247191011236,56.17977528089888,14.04494382022472
E00093208,163,45,20,25,118,102,16,27.607361963190186,12.269938650306749,15.337423312883436,72.39263803680981,62.57668711656442,9.815950920245399
E00093209,191,48,16,32,143,119,24,25.13089005235602,8.37696335078534,16.75392670157068,74.86910994764398,62.30366492146597,12.56544502617801
E00093210,77,27,5,22,50,37,13,35.064935064935064,6.493506493506493,28.57142857142857,64.93506493506493,48.05194805194805,16.883116883116884
E00093211,141,46,14,32,95,86,9,32.62411347517731,9.929078014184398,22.69503546099291,67.37588652482269,60.99290780141844,6.382978723404255
E00093212,141,39,17,22,102,87,15,27.659574468085108,12.056737588652481,15.602836879432624,72.3404255319149,61.702127659574465,10.638297872340425
E00093213,227,55,15,40,172,145,27,24.229074889867842,6.607929515418502,17.62114537444934,75.77092511013215,63.87665198237885,11.894273127753303
E00093214,150,45,19,26,105,88,17,30,12.666666666666668,17.333333333333336,70,58.666666666666664,11.333333333333332
E00093215,172,50,21,29,122,104,18,29.069767441860467,12.209302325581394,16.86046511627907,70.93023255813954,60.46511627906976,10.465116279069768
E00093216,123,36,13,23,87,76,11,29.268292682926827,10.569105691056912,18.69918699186992,70.73170731707317,61.78861788617886,8.94308943089431
E00093217,138,37,17,20,101,86,15,26.811594202898554,12.318840579710146,14.492753623188406,73.18840579710145,62.31884057971014,10.869565217391305
E00093218,316,90,27,63,226,192,34,28.48101265822785,8.544303797468354,19.936708860759495,71.51898734177216,60.75949367088608,10.759493670886076
E00093219,107,33,1,32,74,68,6,30.8411214953271,0.9345794392523363,29.906542056074763,69.1588785046729,63.55140186915887,5.607476635514018
E00093220,116,28,8,20,88,78,10,24.137931034482758,6.896551724137931,17.24137931034483,75.86206896551724,67.24137931034483,8.620689655172415
E00093221,171,31,5,26,140,113,27,18.128654970760234,2.923976608187134,15.204678362573098,81.87134502923976,66.08187134502924,15.789473684210526
E00093222,158,43,11,32,115,107,8,27.21518987341772,6.962025316455696,20.253164556962027,72.78481012658227,67.72151898734177,5.063291139240507
E00093223,222,61,19,42,161,141,20,27.47747747747748,8.558558558558559,18.91891891891892,72.52252252252252,63.51351351351351,9.00900900900901
E00093224,209,64,17,47,145,120,25,30.62200956937799,8.133971291866029,22.48803827751196,69.377990430622,57.41626794258373,11.961722488038278
E00093225,201,63,27,36,138,111,27,31.343283582089555,13.432835820895523,17.91044776119403,68.65671641791045,55.223880597014926,13.432835820895523
E00093226,201,60,22,38,141,123,18,29.850746268656714,10.945273631840797,18.90547263681592,70.1492537313433,61.19402985074627,8.955223880597014
E00093227,251,64,15,49,187,164,23,25.49800796812749,5.9760956175298805,19.52191235059761,74.5019920318725,65.33864541832669,9.163346613545817
E00093228,316,87,28,59,229,206,23,27.531645569620256,8.860759493670885,18.670886075949365,72.46835443037975,65.18987341772153,7.2784810126582276
E00093229,140,41,11,30,99,92,7,29.28571428571429,7.857142857142857,21.428571428571427,70.71428571428572,65.71428571428571,5
E00093230,153,39,14,25,114,102,12,25.49019607843137,9.15032679738562,16.33986928104575,74.50980392156863,66.66666666666666,7.8431372549019605
E00093231,128,35,14,21,93,82,11,27.34375,10.9375,16.40625,72.65625,64.0625,8.59375
E00093232,151,54,13,41,97,82,15,35.76158940397351,8.609271523178808,27.1523178807947,64.23841059602648,54.3046357615894,9.933774834437086
E00093233,181,43,13,30,138,121,17,23.756906077348066,7.18232044198895,16.574585635359114,76.24309392265194,66.85082872928176,9.392265193370166
E00093234,243,58,13,45,185,164,21,23.868312757201647,5.349794238683128,18.51851851851852,76.13168724279835,67.48971193415639,8.641975308641975
E00093235,218,56,19,37,162,138,24,25.688073394495415,8.715596330275229,16.972477064220186,74.31192660550458,63.30275229357798,11.009174311926607
E00093236,140,39,10,29,101,94,7,27.857142857142858,7.142857142857142,20.714285714285715,72.14285714285714,67.14285714285714,5
E00093237,156,50,8,42,106,93,13,32.05128205128205,5.128205128205128,26.923076923076923,67.94871794871796,59.61538461538461,8.333333333333332
E00093238,119,43,13,30,76,64,12,36.134453781512605,10.92436974789916,25.210084033613445,63.86554621848739,53.78151260504202,10.084033613445378
E00093239,171,54,11,43,117,107,10,31.57894736842105,6.432748538011696,25.146198830409354,68.42105263157895,62.57309941520468,5.847953216374268
E00093240,130,35,14,21,95,88,7,26.923076923076923,10.76923076923077,16.153846153846153,73.07692307692307,67.6923076923077,5.384615384615385
E00093241,168,48,19,29,120,106,14,28.57142857142857,11.30952380952381,17.261904761904763,71.42857142857143,63.095238095238095,8.333333333333332
E00093242,185,51,15,36,134,114,20,27.56756756756757,8.108108108108109,19.45945945945946,72.43243243243244,61.62162162162163,10.81081081081081
E00093243,119,30,10,20,89,77,12,25.210084033613445,8.403361344537815,16.80672268907563,74.78991596638656,64.70588235294117,10.084033613445378
E00093244,158,52,12,40,106,85,21,32.91139240506329,7.59493670886076,25.31645569620253,67.08860759493672,53.79746835443038,13.291139240506327
E00093245,137,45,9,36,92,84,8,32.846715328467155,6.569343065693431,26.277372262773724,67.15328467153284,61.31386861313869,5.839416058394161
E00093246,130,47,14,33,83,81,2,36.15384615384615,10.76923076923077,25.384615384615383,63.84615384615384,62.30769230769231,1.5384615384615385
E00093247,44,14,2,12,30,30,0,31.818181818181817,4.545454545454546,27.27272727272727,68.18181818181817,68.18181818181817,0
E00093248,321,86,24,62,235,194,41,26.791277258566975,7.476635514018691,19.314641744548286,73.20872274143302,60.43613707165109,12.77258566978193
E00093251,283,76,23,53,207,186,21,26.855123674911663,8.12720848056537,18.727915194346288,73.14487632508833,65.7243816254417,7.420494699646643
E00093252,171,50,16,34,121,105,16,29.239766081871345,9.35672514619883,19.883040935672515,70.76023391812866,61.40350877192983,9.35672514619883
E00093253,169,57,17,40,112,104,8,33.72781065088758,10.059171597633137,23.668639053254438,66.27218934911244,61.53846153846154,4.733727810650888
E00093254,164,40,18,22,124,79,45,24.390243902439025,10.975609756097562,13.414634146341465,75.60975609756098,48.170731707317074,27.439024390243905
E00093255,113,28,11,17,85,64,21,24.778761061946902,9.734513274336283,15.04424778761062,75.22123893805309,56.63716814159292,18.58407079646018
E00093259,126,34,15,19,92,65,27,26.984126984126984,11.904761904761903,15.079365079365079,73.01587301587301,51.587301587301596,21.428571428571427
E00093260,118,34,13,21,84,59,25,28.8135593220339,11.016949152542372,17.796610169491526,71.1864406779661,50,21.1864406779661
E00093262,154,44,26,18,110,61,49,28.57142857142857,16.883116883116884,11.688311688311687,71.42857142857143,39.61038961038961,31.818181818181817
E00093263,55,17,9,8,38,31,7,30.909090909090907,16.363636363636363,14.545454545454545,69.0909090909091,56.36363636363636,12.727272727272727
E00093264,121,41,17,24,80,58,22,33.88429752066116,14.049586776859504,19.834710743801654,66.11570247933885,47.93388429752066,18.181818181818183
E00093265,90,25,11,14,65,45,20,27.77777777777778,12.222222222222221,15.555555555555555,72.22222222222221,50,22.22222222222222
E00093266,68,23,9,14,45,27,18,33.82352941176471,13.23529411764706,20.588235294117645,66.17647058823529,39.705882352941174,26.47058823529412
E00093267,72,20,8,12,52,39,13,27.77777777777778,11.11111111111111,16.666666666666664,72.22222222222221,54.166666666666664,18.055555555555554
E00093268,91,35,20,15,56,32,24,38.46153846153847,21.978021978021978,16.483516483516482,61.53846153846154,35.16483516483517,26.373626373626376
E00093269,172,58,27,31,114,74,40,33.72093023255814,15.69767441860465,18.023255813953487,66.27906976744185,43.02325581395349,23.25581395348837
E00093270,171,60,27,33,111,76,35,35.08771929824561,15.789473684210526,19.298245614035086,64.91228070175438,44.44444444444444,20.46783625730994
E00093271,129,49,12,37,80,68,12,37.98449612403101,9.30232558139535,28.68217054263566,62.01550387596899,52.71317829457365,9.30232558139535
E00093272,157,41,11,30,116,101,15,26.11464968152866,7.006369426751593,19.10828025477707,73.88535031847134,64.3312101910828,9.554140127388536
E00093274,166,36,9,27,130,117,13,21.686746987951807,5.421686746987952,16.265060240963855,78.3132530120482,70.48192771084338,7.83132530120482
E00093275,194,48,9,39,146,126,20,24.742268041237114,4.639175257731959,20.103092783505154,75.25773195876289,64.94845360824742,10.309278350515463
E00093276,124,50,15,35,74,67,7,40.32258064516129,12.096774193548388,28.225806451612907,59.67741935483871,54.03225806451613,5.64516129032258
E00093277,206,54,14,40,152,140,12,26.21359223300971,6.796116504854369,19.41747572815534,73.7864077669903,67.96116504854369,5.825242718446602
E00093278,150,40,15,25,110,100,10,26.666666666666668,10,16.666666666666664,73.33333333333333,66.66666666666666,6.666666666666667
E00093279,149,52,15,37,97,87,10,34.899328859060404,10.06711409395973,24.832214765100673,65.1006711409396,58.38926174496645,6.7114093959731544
E00093280,147,50,11,39,97,85,12,34.01360544217687,7.482993197278912,26.53061224489796,65.98639455782312,57.82312925170068,8.16326530612245
E00093281,144,44,13,31,100,85,15,30.555555555555557,9.027777777777777,21.52777777777778,69.44444444444444,59.02777777777778,10.416666666666668
E00093282,125,40,9,31,85,76,9,32,7.199999999999999,24.8,68,60.8,7.199999999999999
E00093283,106,33,12,21,73,69,4,31.132075471698112,11.320754716981133,19.81132075471698,68.86792452830188,65.09433962264151,3.7735849056603774
E00093284,106,33,7,26,73,64,9,31.132075471698112,6.60377358490566,24.528301886792452,68.86792452830188,60.37735849056604,8.49056603773585
E00093285,59,19,5,14,40,40,0,32.20338983050847,8.47457627118644,23.728813559322035,67.79661016949152,67.79661016949152,0
E00093286,98,32,10,22,66,60,6,32.6530612244898,10.204081632653061,22.448979591836736,67.3469387755102,61.224489795918366,6.122448979591836
E00093287,130,43,17,26,87,76,11,33.07692307692307,13.076923076923078,20,66.92307692307692,58.46153846153847,8.461538461538462
E00093288,118,41,14,27,77,67,10,34.74576271186441,11.864406779661017,22.88135593220339,65.2542372881356,56.779661016949156,8.47457627118644
E00093289,140,33,14,19,107,85,22,23.57142857142857,10,13.571428571428571,76.42857142857142,60.71428571428571,15.714285714285714
E00093290,138,33,14,19,105,88,17,23.91304347826087,10.144927536231885,13.768115942028986,76.08695652173914,63.76811594202898,12.318840579710146
E00093291,237,65,22,43,172,153,19,27.42616033755274,9.282700421940929,18.143459915611814,72.57383966244726,64.55696202531645,8.016877637130802
E00093292,170,34,5,29,136,120,16,20,2.941176470588235,17.058823529411764,80,70.58823529411765,9.411764705882353
E00093293,249,45,17,28,204,161,43,18.072289156626507,6.827309236947792,11.244979919678714,81.92771084337349,64.65863453815261,17.269076305220885
E00093294,71,23,1,22,48,37,11,32.3943661971831,1.4084507042253522,30.985915492957744,67.6056338028169,52.112676056338024,15.492957746478872
E00093295,197,48,15,33,149,123,26,24.36548223350254,7.614213197969544,16.751269035532996,75.63451776649747,62.43654822335025,13.19796954314721
E00093296,169,32,10,22,137,120,17,18.93491124260355,5.9171597633136095,13.017751479289942,81.06508875739645,71.00591715976331,10.059171597633137
E00093297,223,53,21,32,170,147,23,23.766816143497756,9.417040358744394,14.349775784753364,76.23318385650224,65.91928251121077,10.31390134529148
E00093298,138,45,14,31,93,85,8,32.608695652173914,10.144927536231885,22.463768115942027,67.3913043478261,61.59420289855072,5.797101449275362
E00093299,200,49,7,42,151,132,19,24.5,3.5000000000000004,21,75.5,66,9.5
E00093300,126,31,11,20,95,89,6,24.6031746031746,8.73015873015873,15.873015873015872,75.39682539682539,70.63492063492063,4.761904761904762
E00093301,174,65,13,52,109,94,15,37.35632183908046,7.471264367816093,29.88505747126437,62.643678160919535,54.02298850574713,8.620689655172415
E00093302,247,40,6,34,207,180,27,16.194331983805668,2.42914979757085,13.765182186234817,83.80566801619433,72.8744939271255,10.931174089068826
E00093303,171,36,12,24,135,121,14,21.052631578947366,7.017543859649122,14.035087719298245,78.94736842105263,70.76023391812866,8.187134502923977
E00093304,216,47,12,35,169,155,14,21.75925925925926,5.555555555555555,16.203703703703702,78.24074074074075,71.75925925925925,6.481481481481481
E00093305,175,39,11,28,136,121,15,22.285714285714285,6.2857142857142865,16,77.71428571428571,69.14285714285714,8.571428571428571
E00093306,190,28,14,14,162,126,36,14.736842105263156,7.368421052631578,7.368421052631578,85.26315789473684,66.3157894736842,18.947368421052634
E00093307,167,41,11,30,126,116,10,24.550898203592812,6.58682634730539,17.964071856287426,75.44910179640718,69.46107784431138,5.9880239520958085
E00093308,272,46,14,32,226,179,47,16.911764705882355,5.147058823529411,11.76470588235294,83.08823529411765,65.80882352941177,17.27941176470588
E00093309,176,40,13,27,136,121,15,22.727272727272727,7.386363636363637,15.340909090909092,77.27272727272727,68.75,8.522727272727272
E00093310,155,41,16,25,114,83,31,26.451612903225808,10.32258064516129,16.129032258064516,73.54838709677419,53.5483870967742,20
E00093312,78,21,3,18,57,46,11,26.923076923076923,3.8461538461538463,23.076923076923077,73.07692307692307,58.97435897435898,14.102564102564102
E00093313,128,34,9,25,94,83,11,26.5625,7.03125,19.53125,73.4375,64.84375,8.59375
E00093314,174,50,16,34,124,109,15,28.735632183908045,9.195402298850574,19.54022988505747,71.26436781609196,62.643678160919535,8.620689655172415
E00093315,118,32,16,16,86,77,9,27.11864406779661,13.559322033898304,13.559322033898304,72.88135593220339,65.2542372881356,7.627118644067797
E00093316,133,43,9,34,90,85,5,32.33082706766917,6.7669172932330826,25.563909774436087,67.66917293233082,63.90977443609023,3.7593984962406015
E00093317,118,35,15,20,83,63,20,29.66101694915254,12.711864406779661,16.94915254237288,70.33898305084746,53.38983050847458,16.94915254237288
E00093318,118,36,10,26,82,68,14,30.508474576271187,8.47457627118644,22.033898305084744,69.49152542372882,57.6271186440678,11.864406779661017
E00093319,124,45,13,32,79,64,15,36.29032258064516,10.483870967741936,25.806451612903224,63.70967741935484,51.61290322580645,12.096774193548388
E00093320,143,46,9,37,97,83,14,32.16783216783217,6.293706293706294,25.874125874125873,67.83216783216784,58.04195804195804,9.79020979020979
E00093321,138,33,6,27,105,86,19,23.91304347826087,4.3478260869565215,19.565217391304348,76.08695652173914,62.31884057971014,13.768115942028986
E00093322,300,64,27,37,236,214,22,21.333333333333336,9,12.333333333333334,78.66666666666666,71.33333333333334,7.333333333333333
E00093323,130,40,16,24,90,76,14,30.76923076923077,12.307692307692308,18.461538461538463,69.23076923076923,58.46153846153847,10.76923076923077
E00093324,190,60,20,40,130,106,24,31.57894736842105,10.526315789473683,21.052631578947366,68.42105263157895,55.78947368421052,12.631578947368421
E00093325,310,76,26,50,234,209,25,24.516129032258064,8.38709677419355,16.129032258064516,75.48387096774194,67.41935483870968,8.064516129032258
E00093326,357,99,34,65,258,215,43,27.73109243697479,9.523809523809524,18.207282913165265,72.26890756302521,60.22408963585434,12.044817927170868
E00093328,133,32,12,20,101,83,18,24.06015037593985,9.022556390977442,15.037593984962406,75.93984962406014,62.40601503759399,13.533834586466165
E00093329,120,43,11,32,77,67,10,35.833333333333336,9.166666666666666,26.666666666666668,64.16666666666667,55.833333333333336,8.333333333333332
E00093330,180,51,14,37,129,111,18,28.333333333333332,7.777777777777778,20.555555555555554,71.66666666666667,61.66666666666667,10
E00093331,130,35,16,19,95,84,11,26.923076923076923,12.307692307692308,14.615384615384617,73.07692307692307,64.61538461538461,8.461538461538462
E00093332,130,42,19,23,88,74,14,32.30769230769231,14.615384615384617,17.692307692307693,67.6923076923077,56.92307692307692,10.76923076923077
E00093333,135,36,6,30,99,85,14,26.666666666666668,4.444444444444445,22.22222222222222,73.33333333333333,62.96296296296296,10.37037037037037
E00093334,123,43,20,23,80,73,7,34.959349593495936,16.260162601626014,18.69918699186992,65.04065040650406,59.34959349593496,5.691056910569105
E00093335,92,28,5,23,64,50,14,30.434782608695656,5.434782608695652,25,69.56521739130434,54.347826086956516,15.217391304347828
E00093336,81,25,4,21,56,49,7,30.864197530864196,4.938271604938271,25.925925925925924,69.1358024691358,60.49382716049383,8.641975308641975
E00093337,117,31,11,20,86,67,19,26.495726495726498,9.401709401709402,17.094017094017094,73.50427350427351,57.26495726495726,16.23931623931624
E00093338,158,41,11,30,117,104,13,25.949367088607595,6.962025316455696,18.9873417721519,74.0506329113924,65.82278481012658,8.227848101265822
E00093339,148,34,7,27,114,101,13,22.972972972972975,4.72972972972973,18.243243243243242,77.02702702702703,68.24324324324324,8.783783783783784
E00093340,183,34,11,23,149,135,14,18.579234972677597,6.0109289617486334,12.568306010928962,81.4207650273224,73.77049180327869,7.650273224043716
E00093341,199,35,9,26,164,139,25,17.587939698492463,4.522613065326634,13.06532663316583,82.41206030150754,69.84924623115577,12.562814070351758
E00093342,148,40,16,24,108,95,13,27.027027027027028,10.81081081081081,16.216216216216218,72.97297297297297,64.1891891891892,8.783783783783784
E00093343,148,50,15,35,98,84,14,33.78378378378378,10.135135135135135,23.64864864864865,66.21621621621621,56.75675675675676,9.45945945945946
E00093344,154,39,12,27,115,100,15,25.324675324675322,7.792207792207792,17.532467532467532,74.67532467532467,64.93506493506493,9.740259740259742
E00093345,172,35,6,29,137,123,14,20.348837209302324,3.488372093023256,16.86046511627907,79.65116279069767,71.51162790697676,8.13953488372093
E00093346,136,37,10,27,99,94,5,27.205882352941174,7.352941176470589,19.852941176470587,72.79411764705883,69.11764705882352,3.6764705882352944
E00093348,194,48,16,32,146,132,14,24.742268041237114,8.24742268041237,16.49484536082474,75.25773195876289,68.04123711340206,7.216494845360824
E00093349,93,23,8,15,70,66,4,24.731182795698924,8.60215053763441,16.129032258064516,75.26881720430107,70.96774193548387,4.301075268817205
E00093350,208,50,11,39,158,133,25,24.03846153846154,5.288461538461538,18.75,75.96153846153845,63.942307692307686,12.01923076923077
E00093351,110,29,11,18,81,73,8,26.36363636363636,10,16.363636363636363,73.63636363636363,66.36363636363637,7.2727272727272725
E00093352,165,41,12,29,124,113,11,24.848484848484848,7.2727272727272725,17.575757575757574,75.15151515151514,68.48484848484848,6.666666666666667
E00093353,122,39,11,28,83,75,8,31.967213114754102,9.01639344262295,22.950819672131146,68.0327868852459,61.47540983606557,6.557377049180328
E00093354,173,49,27,22,124,101,23,28.32369942196532,15.606936416184972,12.716763005780345,71.67630057803468,58.38150289017341,13.294797687861271
E00093355,105,28,8,20,77,67,10,26.666666666666668,7.6190476190476195,19.047619047619047,73.33333333333333,63.8095238095238,9.523809523809524
E00093356,46,16,5,11,30,25,5,34.78260869565217,10.869565217391305,23.91304347826087,65.21739130434783,54.347826086956516,10.869565217391305
E00093357,102,24,4,20,78,68,10,23.52941176470588,3.9215686274509802,19.607843137254903,76.47058823529412,66.66666666666666,9.803921568627452
E00093358,82,19,1,18,63,55,8,23.170731707317074,1.2195121951219512,21.951219512195124,76.82926829268293,67.07317073170732,9.75609756097561
E00093359,144,39,10,29,105,94,11,27.083333333333332,6.944444444444445,20.13888888888889,72.91666666666666,65.27777777777779,7.638888888888889
E00093360,119,25,5,20,94,81,13,21.008403361344538,4.201680672268908,16.80672268907563,78.99159663865547,68.0672268907563,10.92436974789916
E00093361,109,27,9,18,82,75,7,24.770642201834864,8.256880733944955,16.51376146788991,75.22935779816514,68.80733944954129,6.422018348623854
E00093362,132,41,11,30,91,87,4,31.060606060606062,8.333333333333332,22.727272727272727,68.93939393939394,65.9090909090909,3.0303030303030303
E00093363,105,31,5,26,74,64,10,29.523809523809526,4.761904761904762,24.761904761904763,70.47619047619048,60.952380952380956,9.523809523809524
E00093364,104,21,7,14,83,78,5,20.192307692307693,6.730769230769231,13.461538461538462,79.8076923076923,75,4.807692307692308
E00093365,92,29,8,21,63,56,7,31.521739130434785,8.695652173913043,22.82608695652174,68.47826086956522,60.86956521739131,7.608695652173914
E00093367,106,27,7,20,79,72,7,25.471698113207548,6.60377358490566,18.867924528301888,74.52830188679245,67.9245283018868,6.60377358490566
E00093368,191,41,10,31,150,138,12,21.465968586387437,5.2356020942408374,16.230366492146597,78.53403141361257,72.25130890052355,6.282722513089005
E00093369,112,32,15,17,80,67,13,28.57142857142857,13.392857142857142,15.178571428571427,71.42857142857143,59.82142857142857,11.607142857142858
E00093370,226,79,28,51,147,115,32,34.95575221238938,12.389380530973451,22.566371681415927,65.04424778761062,50.88495575221239,14.15929203539823
E00093371,154,45,15,30,109,87,22,29.22077922077922,9.740259740259742,19.480519480519483,70.77922077922078,56.493506493506494,14.285714285714285
E00093372,132,35,9,26,97,84,13,26.515151515151516,6.8181818181818175,19.696969696969695,73.48484848484848,63.63636363636363,9.848484848484848
E00093373,114,39,12,27,75,68,7,34.21052631578947,10.526315789473683,23.684210526315788,65.78947368421053,59.64912280701754,6.140350877192982
E00093374,130,44,21,23,86,71,15,33.84615384615385,16.153846153846153,17.692307692307693,66.15384615384615,54.61538461538461,11.538461538461538
E00093375,129,39,11,28,90,76,14,30.23255813953488,8.527131782945736,21.705426356589147,69.76744186046511,58.91472868217055,10.852713178294573
E00093376,72,24,5,19,48,37,11,33.33333333333333,6.944444444444445,26.38888888888889,66.66666666666666,51.388888888888886,15.277777777777779
E00093377,130,47,22,25,83,61,22,36.15384615384615,16.923076923076923,19.230769230769234,63.84615384615384,46.92307692307692,16.923076923076923
E00093378,101,31,11,20,70,54,16,30.693069306930692,10.891089108910892,19.801980198019802,69.3069306930693,53.46534653465347,15.841584158415841
E00093379,128,40,12,28,88,72,16,31.25,9.375,21.875,68.75,56.25,12.5
E00093380,254,65,17,48,189,156,33,25.590551181102363,6.692913385826772,18.89763779527559,74.40944881889764,61.417322834645674,12.992125984251967
E00093381,140,50,24,26,90,76,14,35.714285714285715,17.142857142857142,18.571428571428573,64.28571428571429,54.285714285714285,10
E00093382,183,54,16,38,129,111,18,29.508196721311474,8.743169398907105,20.76502732240437,70.49180327868852,60.65573770491803,9.836065573770492
E00093383,147,55,17,38,92,75,17,37.41496598639456,11.564625850340136,25.850340136054424,62.585034013605444,51.02040816326531,11.564625850340136
E00093384,120,43,15,28,77,67,10,35.833333333333336,12.5,23.333333333333332,64.16666666666667,55.833333333333336,8.333333333333332
E00093385,131,35,17,18,96,80,16,26.717557251908396,12.977099236641221,13.740458015267176,73.2824427480916,61.06870229007634,12.213740458015266
E00093386,213,69,23,46,144,131,13,32.3943661971831,10.7981220657277,21.5962441314554,67.6056338028169,61.502347417840376,6.103286384976526
E00093387,215,60,17,43,155,131,24,27.906976744186046,7.906976744186046,20,72.09302325581395,60.93023255813953,11.162790697674419
E00093388,86,30,14,16,56,48,8,34.883720930232556,16.27906976744186,18.6046511627907,65.11627906976744,55.81395348837209,9.30232558139535
E00093389,204,65,25,40,139,109,30,31.862745098039213,12.254901960784313,19.607843137254903,68.13725490196079,53.431372549019606,14.705882352941178
E00093390,159,46,21,25,113,100,13,28.930817610062892,13.20754716981132,15.723270440251572,71.0691823899371,62.893081761006286,8.176100628930817
E00093391,108,28,9,19,80,63,17,25.925925925925924,8.333333333333332,17.59259259259259,74.07407407407408,58.333333333333336,15.74074074074074
E00093392,191,58,25,33,133,103,30,30.36649214659686,13.089005235602095,17.277486910994764,69.63350785340315,53.92670157068062,15.706806282722512
E00093393,121,29,8,21,92,81,11,23.96694214876033,6.6115702479338845,17.355371900826448,76.03305785123968,66.94214876033058,9.090909090909092
E00093394,130,36,15,21,94,83,11,27.692307692307693,11.538461538461538,16.153846153846153,72.3076923076923,63.84615384615384,8.461538461538462
E00093395,187,50,11,39,137,125,12,26.737967914438503,5.88235294117647,20.855614973262032,73.2620320855615,66.84491978609626,6.417112299465241
E00093396,141,38,14,24,103,85,18,26.95035460992908,9.929078014184398,17.02127659574468,73.04964539007092,60.28368794326241,12.76595744680851
E00093397,189,53,16,37,136,116,20,28.04232804232804,8.465608465608465,19.576719576719576,71.95767195767195,61.37566137566137,10.582010582010582
E00093398,166,47,17,30,119,96,23,28.313253012048197,10.240963855421686,18.072289156626507,71.6867469879518,57.831325301204814,13.855421686746988
E00093399,120,26,4,22,94,75,19,21.666666666666668,3.3333333333333335,18.333333333333332,78.33333333333333,62.5,15.833333333333332
E00093400,112,34,7,27,78,64,14,30.357142857142854,6.25,24.107142857142858,69.64285714285714,57.14285714285714,12.5
E00093401,105,36,14,22,69,63,6,34.285714285714285,13.333333333333334,20.952380952380953,65.71428571428571,60,5.714285714285714
E00093402,136,32,7,25,104,93,11,23.52941176470588,5.147058823529411,18.38235294117647,76.47058823529412,68.38235294117648,8.088235294117647
E00093403,168,61,20,41,107,92,15,36.30952380952381,11.904761904761903,24.404761904761905,63.69047619047619,54.761904761904766,8.928571428571429
E00093404,159,47,17,30,112,95,17,29.559748427672954,10.69182389937107,18.867924528301888,70.44025157232704,59.74842767295597,10.69182389937107
E00093405,130,38,11,27,92,80,12,29.230769230769234,8.461538461538462,20.76923076923077,70.76923076923077,61.53846153846154,9.230769230769232
E00093406,133,42,12,30,91,77,14,31.57894736842105,9.022556390977442,22.55639097744361,68.42105263157895,57.89473684210527,10.526315789473683
E00093407,146,48,9,39,98,83,15,32.87671232876712,6.164383561643835,26.71232876712329,67.12328767123287,56.849315068493155,10.273972602739725
E00093408,132,26,10,16,106,90,16,19.696969696969695,7.575757575757576,12.121212121212121,80.3030303030303,68.18181818181817,12.121212121212121
E00093409,121,50,17,33,71,58,13,41.32231404958678,14.049586776859504,27.27272727272727,58.67768595041323,47.93388429752066,10.743801652892563
E00093410,90,24,8,16,66,60,6,26.666666666666668,8.88888888888889,17.77777777777778,73.33333333333333,66.66666666666666,6.666666666666667
E00093411,169,39,13,26,130,117,13,23.076923076923077,7.6923076923076925,15.384615384615385,76.92307692307693,69.23076923076923,7.6923076923076925
E00093412,171,41,12,29,130,112,18,23.976608187134502,7.017543859649122,16.95906432748538,76.0233918128655,65.49707602339181,10.526315789473683
E00093413,132,30,9,21,102,92,10,22.727272727272727,6.8181818181818175,15.909090909090908,77.27272727272727,69.6969696969697,7.575757575757576
E00093414,124,38,10,28,86,78,8,30.64516129032258,8.064516129032258,22.58064516129032,69.35483870967742,62.903225806451616,6.451612903225806
E00093415,148,44,8,36,104,92,12,29.72972972972973,5.405405405405405,24.324324324324326,70.27027027027027,62.16216216216216,8.108108108108109
E00093416,189,39,9,30,150,138,12,20.634920634920633,4.761904761904762,15.873015873015872,79.36507936507937,73.01587301587301,6.349206349206349
E00093417,132,39,10,29,93,80,13,29.545454545454547,7.575757575757576,21.96969696969697,70.45454545454545,60.60606060606061,9.848484848484848
E00093418,347,74,23,51,273,241,32,21.32564841498559,6.628242074927954,14.697406340057636,78.6743515850144,69.45244956772333,9.221902017291066
E00093419,148,41,11,30,107,97,10,27.7027027027027,7.4324324324324325,20.27027027027027,72.2972972972973,65.54054054054053,6.756756756756757
E00093420,116,30,16,14,86,61,25,25.862068965517242,13.793103448275861,12.068965517241379,74.13793103448276,52.58620689655172,21.551724137931032
E00093421,154,44,19,25,110,84,26,28.57142857142857,12.337662337662337,16.233766233766232,71.42857142857143,54.54545454545454,16.883116883116884
E00093422,100,27,7,20,73,50,23,27,7.000000000000001,20,73,50,23
E00093423,232,79,28,51,153,119,34,34.05172413793103,12.068965517241379,21.982758620689655,65.94827586206897,51.293103448275865,14.655172413793101
E00093424,124,41,13,28,83,61,22,33.064516129032256,10.483870967741936,22.58064516129032,66.93548387096774,49.193548387096776,17.741935483870968
E00093425,223,78,35,43,145,112,33,34.97757847533632,15.695067264573993,19.282511210762333,65.02242152466367,50.224215246636774,14.798206278026907
E00093426,142,42,16,26,100,64,36,29.577464788732392,11.267605633802818,18.30985915492958,70.4225352112676,45.07042253521127,25.352112676056336
E00093427,84,20,6,14,64,42,22,23.809523809523807,7.142857142857142,16.666666666666664,76.19047619047619,50,26.190476190476193
E00093429,173,56,21,35,117,81,36,32.369942196531795,12.138728323699421,20.23121387283237,67.63005780346822,46.82080924855491,20.809248554913296
E00093430,117,25,11,14,92,82,10,21.367521367521366,9.401709401709402,11.965811965811966,78.63247863247864,70.08547008547008,8.547008547008547
E00093431,148,48,20,28,100,74,26,32.432432432432435,13.513513513513514,18.91891891891892,67.56756756756756,50,17.56756756756757
E00093432,98,37,9,28,61,40,21,37.755102040816325,9.183673469387756,28.57142857142857,62.244897959183675,40.816326530612244,21.428571428571427
E00093433,79,21,8,13,58,38,20,26.582278481012654,10.126582278481013,16.455696202531644,73.41772151898735,48.10126582278481,25.31645569620253
E00093436,117,42,24,18,75,51,24,35.8974358974359,20.51282051282051,15.384615384615385,64.1025641025641,43.58974358974359,20.51282051282051
E00093437,216,62,21,41,154,131,23,28.703703703703702,9.722222222222223,18.98148148148148,71.29629629629629,60.64814814814815,10.648148148148149
E00093438,58,14,5,9,44,32,12,24.137931034482758,8.620689655172415,15.517241379310345,75.86206896551724,55.172413793103445,20.689655172413794
E00093439,139,42,12,30,97,74,23,30.215827338129497,8.633093525179856,21.58273381294964,69.7841726618705,53.23741007194245,16.546762589928058
E00093440,139,37,10,27,102,81,21,26.618705035971225,7.1942446043165464,19.424460431654676,73.38129496402878,58.27338129496403,15.107913669064748
E00093441,191,58,16,42,133,99,34,30.36649214659686,8.37696335078534,21.98952879581152,69.63350785340315,51.832460732984295,17.801047120418847
E00093442,210,57,19,38,153,133,20,27.142857142857142,9.047619047619047,18.095238095238095,72.85714285714285,63.33333333333333,9.523809523809524
E00093443,146,45,14,31,101,85,16,30.82191780821918,9.58904109589041,21.232876712328768,69.17808219178082,58.21917808219178,10.95890410958904
E00093712,150,38,12,26,112,82,30,25.333333333333336,8,17.333333333333336,74.66666666666667,54.666666666666664,20
E00093713,151,41,18,23,110,89,21,27.1523178807947,11.920529801324504,15.2317880794702,72.84768211920529,58.94039735099338,13.90728476821192
E00093714,164,48,26,22,116,92,24,29.268292682926827,15.853658536585366,13.414634146341465,70.73170731707317,56.09756097560976,14.634146341463413
E00093715,119,31,15,16,88,58,30,26.05042016806723,12.605042016806722,13.445378151260504,73.94957983193278,48.739495798319325,25.210084033613445
E00093716,80,22,9,13,58,47,11,27.500000000000004,11.25,16.25,72.5,58.75,13.750000000000002
E00093717,117,35,15,20,82,64,18,29.914529914529915,12.82051282051282,17.094017094017094,70.08547008547008,54.700854700854705,15.384615384615385
E00093718,77,27,15,12,50,37,13,35.064935064935064,19.480519480519483,15.584415584415584,64.93506493506493,48.05194805194805,16.883116883116884
E00093719,141,29,12,17,112,88,24,20.56737588652482,8.51063829787234,12.056737588652481,79.43262411347519,62.4113475177305,17.02127659574468
E00093720,130,43,17,26,87,82,5,33.07692307692307,13.076923076923078,20,66.92307692307692,63.07692307692307,3.8461538461538463
E00093721,121,40,21,19,81,49,32,33.057851239669425,17.355371900826448,15.702479338842975,66.94214876033058,40.49586776859504,26.446280991735538
E00093722,172,52,23,29,120,83,37,30.23255813953488,13.372093023255813,16.86046511627907,69.76744186046511,48.25581395348838,21.511627906976745
E00093723,112,42,18,24,70,54,16,37.5,16.071428571428573,21.428571428571427,62.5,48.214285714285715,14.285714285714285
E00093724,157,52,18,34,105,86,19,33.12101910828025,11.464968152866243,21.656050955414013,66.87898089171973,54.77707006369427,12.101910828025478
E00093725,148,49,22,27,99,68,31,33.108108108108105,14.864864864864865,18.243243243243242,66.8918918918919,45.94594594594595,20.945945945945947
E00093726,98,21,12,9,77,65,12,21.428571428571427,12.244897959183673,9.183673469387756,78.57142857142857,66.3265306122449,12.244897959183673
E00093727,165,45,26,19,120,85,35,27.27272727272727,15.757575757575756,11.515151515151516,72.72727272727273,51.515151515151516,21.21212121212121
E00093728,265,79,42,37,186,144,42,29.81132075471698,15.849056603773585,13.962264150943396,70.18867924528301,54.339622641509436,15.849056603773585
E00093729,209,68,18,50,141,121,20,32.535885167464116,8.61244019138756,23.923444976076556,67.46411483253588,57.89473684210527,9.569377990430622
E00093730,136,42,15,27,94,76,18,30.88235294117647,11.029411764705882,19.852941176470587,69.11764705882352,55.88235294117647,13.23529411764706
E00093731,177,46,16,30,131,110,21,25.98870056497175,9.03954802259887,16.94915254237288,74.01129943502825,62.14689265536724,11.864406779661017
E00093732,141,37,16,21,104,88,16,26.24113475177305,11.347517730496454,14.893617021276595,73.75886524822694,62.4113475177305,11.347517730496454
E00093733,165,49,21,28,116,97,19,29.6969696969697,12.727272727272727,16.969696969696972,70.3030303030303,58.78787878787879,11.515151515151516
E00093734,251,58,27,31,193,161,32,23.107569721115535,10.756972111553784,12.350597609561753,76.89243027888446,64.14342629482071,12.749003984063744
E00093735,106,27,7,20,79,64,15,25.471698113207548,6.60377358490566,18.867924528301888,74.52830188679245,60.37735849056604,14.150943396226415
E00093736,160,38,16,22,122,100,22,23.75,10,13.750000000000002,76.25,62.5,13.750000000000002
E00093737,121,54,23,31,67,54,13,44.62809917355372,19.00826446280992,25.6198347107438,55.371900826446286,44.62809917355372,10.743801652892563
E00093738,238,80,27,53,158,138,20,33.61344537815126,11.344537815126051,22.268907563025213,66.38655462184873,57.98319327731093,8.403361344537815
E00093739,135,48,21,27,87,78,9,35.55555555555556,15.555555555555555,20,64.44444444444444,57.77777777777777,6.666666666666667
E00093740,103,31,14,17,72,60,12,30.097087378640776,13.592233009708737,16.50485436893204,69.90291262135922,58.252427184466015,11.650485436893204
E00093741,177,54,22,32,123,103,20,30.508474576271187,12.429378531073446,18.07909604519774,69.49152542372882,58.19209039548022,11.299435028248588
E00093742,149,46,15,31,103,79,24,30.87248322147651,10.06711409395973,20.80536912751678,69.12751677852349,53.02013422818792,16.10738255033557
E00093743,119,41,18,23,78,61,17,34.45378151260504,15.126050420168067,19.327731092436977,65.54621848739495,51.26050420168067,14.285714285714285
E00093744,176,50,12,38,126,107,19,28.40909090909091,6.8181818181818175,21.59090909090909,71.5909090909091,60.79545454545454,10.795454545454545
E00093745,119,32,11,21,87,76,11,26.89075630252101,9.243697478991598,17.647058823529413,73.10924369747899,63.86554621848739,9.243697478991598
E00093746,150,45,17,28,105,91,14,30,11.333333333333332,18.666666666666668,70,60.66666666666667,9.333333333333334
E00093747,132,40,13,27,92,74,18,30.303030303030305,9.848484848484848,20.454545454545457,69.6969696969697,56.060606060606055,13.636363636363635
E00093748,132,40,16,24,92,82,10,30.303030303030305,12.121212121212121,18.181818181818183,69.6969696969697,62.121212121212125,7.575757575757576
E00093749,126,41,11,30,85,78,7,32.53968253968254,8.73015873015873,23.809523809523807,67.46031746031747,61.904761904761905,5.555555555555555
E00093750,76,29,6,23,47,38,9,38.15789473684211,7.894736842105263,30.263157894736842,61.8421052631579,50,11.842105263157894
E00093751,267,84,36,48,183,147,36,31.46067415730337,13.48314606741573,17.97752808988764,68.53932584269663,55.0561797752809,13.48314606741573
E00093752,167,50,24,26,117,99,18,29.94011976047904,14.37125748502994,15.568862275449103,70.05988023952095,59.281437125748504,10.778443113772456
E00093753,151,51,20,31,100,81,19,33.77483443708609,13.245033112582782,20.52980132450331,66.22516556291392,53.64238410596026,12.582781456953644
E00093754,128,26,7,19,102,90,12,20.3125,5.46875,14.84375,79.6875,70.3125,9.375
E00093755,285,61,27,34,224,175,49,21.403508771929825,9.473684210526317,11.929824561403509,78.59649122807018,61.40350877192983,17.192982456140353
E00093756,178,32,8,24,146,128,18,17.97752808988764,4.49438202247191,13.48314606741573,82.02247191011236,71.91011235955057,10.112359550561797
E00093757,69,21,9,12,48,35,13,30.434782608695656,13.043478260869565,17.391304347826086,69.56521739130434,50.72463768115942,18.84057971014493
E00093758,82,29,14,15,53,46,7,35.36585365853659,17.073170731707318,18.29268292682927,64.63414634146342,56.09756097560976,8.536585365853659
E00093759,104,35,14,21,69,61,8,33.65384615384615,13.461538461538462,20.192307692307693,66.34615384615384,58.65384615384615,7.6923076923076925
E00093760,163,61,31,30,102,74,28,37.423312883435585,19.018404907975462,18.404907975460123,62.57668711656442,45.39877300613497,17.177914110429448
E00093761,128,41,25,16,87,68,19,32.03125,19.53125,12.5,67.96875,53.125,14.84375
E00093763,138,48,24,24,90,64,26,34.78260869565217,17.391304347826086,17.391304347826086,65.21739130434783,46.3768115942029,18.84057971014493
E00093764,87,24,14,10,63,41,22,27.586206896551722,16.091954022988507,11.494252873563218,72.41379310344827,47.12643678160919,25.287356321839084
E00093765,175,40,15,25,135,116,19,22.857142857142858,8.571428571428571,14.285714285714285,77.14285714285715,66.28571428571428,10.857142857142858
E00093766,196,58,17,41,138,121,17,29.591836734693878,8.673469387755102,20.918367346938776,70.40816326530613,61.73469387755102,8.673469387755102
E00093767,159,44,11,33,115,98,17,27.67295597484277,6.918238993710692,20.754716981132077,72.32704402515722,61.63522012578616,10.69182389937107
E00093768,161,49,22,27,112,84,28,30.434782608695656,13.664596273291925,16.77018633540373,69.56521739130434,52.17391304347826,17.391304347826086
E00093769,261,71,27,44,190,143,47,27.203065134099617,10.344827586206897,16.85823754789272,72.79693486590038,54.78927203065134,18.007662835249043
E00093770,181,42,15,27,139,111,28,23.204419889502763,8.287292817679557,14.917127071823206,76.79558011049724,61.32596685082873,15.469613259668508
E00093771,162,46,24,22,116,99,17,28.39506172839506,14.814814814814813,13.580246913580247,71.60493827160494,61.111111111111114,10.493827160493826
E00093772,59,16,8,8,43,34,9,27.11864406779661,13.559322033898304,13.559322033898304,72.88135593220339,57.6271186440678,15.254237288135593
E00093773,97,20,5,15,77,63,14,20.618556701030926,5.154639175257731,15.463917525773196,79.38144329896907,64.94845360824742,14.432989690721648
E00093774,161,40,16,24,121,115,6,24.84472049689441,9.937888198757763,14.906832298136646,75.15527950310559,71.42857142857143,3.7267080745341614
E00093775,159,33,14,19,126,107,19,20.754716981132077,8.80503144654088,11.949685534591195,79.24528301886792,67.29559748427673,11.949685534591195
E00093776,248,61,21,40,187,157,30,24.596774193548388,8.46774193548387,16.129032258064516,75.40322580645162,63.306451612903224,12.096774193548388
E00093778,174,45,12,33,129,112,17,25.862068965517242,6.896551724137931,18.96551724137931,74.13793103448276,64.36781609195403,9.770114942528735
E00093779,155,58,29,29,97,76,21,37.41935483870968,18.70967741935484,18.70967741935484,62.58064516129033,49.03225806451613,13.548387096774196
E00093780,177,64,26,38,113,89,24,36.15819209039548,14.689265536723164,21.468926553672315,63.84180790960452,50.282485875706215,13.559322033898304
E00093781,182,63,24,39,119,93,26,34.61538461538461,13.186813186813188,21.428571428571427,65.38461538461539,51.098901098901095,14.285714285714285
E00093782,142,42,14,28,100,79,21,29.577464788732392,9.859154929577464,19.718309859154928,70.4225352112676,55.633802816901415,14.788732394366196
E00093783,175,57,22,35,118,87,31,32.57142857142858,12.571428571428573,20,67.42857142857143,49.714285714285715,17.71428571428571
E00093784,256,73,21,52,183,157,26,28.515625,8.203125,20.3125,71.484375,61.328125,10.15625
E00093785,154,39,14,25,115,97,18,25.324675324675322,9.090909090909092,16.233766233766232,74.67532467532467,62.98701298701299,11.688311688311687
E00093786,177,48,13,35,129,114,15,27.11864406779661,7.344632768361582,19.774011299435028,72.88135593220339,64.40677966101694,8.47457627118644
E00093787,319,94,33,61,225,181,44,29.46708463949843,10.344827586206897,19.122257053291534,70.53291536050156,56.739811912225704,13.793103448275861
E00093788,102,38,20,18,64,53,11,37.254901960784316,19.607843137254903,17.647058823529413,62.745098039215684,51.9607843137255,10.784313725490197
E00093789,127,38,11,27,89,79,10,29.92125984251969,8.661417322834646,21.25984251968504,70.07874015748031,62.20472440944882,7.874015748031496
E00093790,130,49,25,24,81,55,26,37.69230769230769,19.230769230769234,18.461538461538463,62.30769230769231,42.30769230769231,20
E00093791,171,36,11,25,135,116,19,21.052631578947366,6.432748538011696,14.619883040935672,78.94736842105263,67.83625730994152,11.11111111111111
E00093792,95,27,7,20,68,64,4,28.421052631578945,7.368421052631578,21.052631578947366,71.57894736842105,67.36842105263158,4.2105263157894735
E00093793,151,34,14,20,117,99,18,22.516556291390728,9.271523178807946,13.245033112582782,77.48344370860927,65.56291390728477,11.920529801324504
E00093794,141,34,10,24,107,97,10,24.113475177304963,7.092198581560284,17.02127659574468,75.88652482269504,68.79432624113475,7.092198581560284
E00093795,144,42,9,33,102,90,12,29.166666666666668,6.25,22.916666666666664,70.83333333333334,62.5,8.333333333333332
E00093796,117,36,15,21,81,66,15,30.76923076923077,12.82051282051282,17.94871794871795,69.23076923076923,56.41025641025641,12.82051282051282
E00093797,120,23,6,17,97,78,19,19.166666666666668,5,14.166666666666666,80.83333333333333,65,15.833333333333332
E00093798,79,28,13,15,51,34,17,35.44303797468354,16.455696202531644,18.9873417721519,64.55696202531645,43.037974683544306,21.518987341772153
E00093799,143,39,10,29,104,88,16,27.27272727272727,6.993006993006993,20.27972027972028,72.72727272727273,61.53846153846154,11.188811188811188
E00093800,143,53,21,32,90,59,31,37.06293706293706,14.685314685314685,22.377622377622377,62.93706293706294,41.25874125874126,21.678321678321677
E00093801,139,43,16,27,96,82,14,30.935251798561154,11.510791366906476,19.424460431654676,69.06474820143885,58.992805755395686,10.071942446043165
E00093802,143,41,19,22,102,66,36,28.671328671328673,13.286713286713287,15.384615384615385,71.32867132867133,46.15384615384615,25.174825174825177
E00093803,137,35,15,20,102,70,32,25.547445255474454,10.948905109489052,14.5985401459854,74.45255474452554,51.09489051094891,23.357664233576642
E00093804,153,44,14,30,109,89,20,28.75816993464052,9.15032679738562,19.607843137254903,71.24183006535948,58.16993464052288,13.071895424836603
E00093805,172,55,22,33,117,89,28,31.976744186046513,12.790697674418606,19.186046511627907,68.02325581395348,51.74418604651163,16.27906976744186
E00093806,146,46,18,28,100,87,13,31.506849315068493,12.32876712328767,19.17808219178082,68.4931506849315,59.589041095890416,8.904109589041095
E00093807,144,48,27,21,96,71,25,33.33333333333333,18.75,14.583333333333334,66.66666666666666,49.30555555555556,17.36111111111111
E00093808,180,63,24,39,117,92,25,35,13.333333333333334,21.666666666666668,65,51.11111111111111,13.88888888888889
E00093809,139,49,19,30,90,66,24,35.25179856115108,13.66906474820144,21.58273381294964,64.74820143884892,47.482014388489205,17.26618705035971
E00093810,157,47,16,31,110,84,26,29.936305732484076,10.191082802547772,19.745222929936308,70.06369426751591,53.503184713375795,16.560509554140125
E00093811,200,61,24,37,139,108,31,30.5,12,18.5,69.5,54,15.5
E00093812,161,50,25,25,111,79,32,31.05590062111801,15.527950310559005,15.527950310559005,68.94409937888199,49.06832298136646,19.875776397515526
E00093813,142,45,13,32,97,83,14,31.690140845070424,9.15492957746479,22.535211267605636,68.30985915492957,58.45070422535211,9.859154929577464
E00093814,151,55,17,38,96,77,19,36.423841059602644,11.258278145695364,25.165562913907287,63.576158940397356,50.993377483443716,12.582781456953644
E00093815,228,81,22,59,147,115,32,35.526315789473685,9.649122807017543,25.877192982456144,64.47368421052632,50.43859649122807,14.035087719298245
E00093816,114,35,10,25,79,60,19,30.701754385964914,8.771929824561402,21.929824561403507,69.2982456140351,52.63157894736842,16.666666666666664
E00093817,220,56,20,36,164,107,57,25.454545454545453,9.090909090909092,16.363636363636363,74.54545454545455,48.63636363636364,25.90909090909091
E00093818,119,42,10,32,77,63,14,35.294117647058826,8.403361344537815,26.89075630252101,64.70588235294117,52.94117647058824,11.76470588235294
E00093819,62,18,7,11,44,42,2,29.03225806451613,11.29032258064516,17.741935483870968,70.96774193548387,67.74193548387096,3.225806451612903
E00093820,100,29,9,20,71,56,15,28.999999999999996,9,20,71,56.00000000000001,15
E00093821,150,67,22,45,83,76,7,44.666666666666664,14.666666666666666,30,55.333333333333336,50.66666666666667,4.666666666666667
E00093822,137,40,22,18,97,67,30,29.1970802919708,16.05839416058394,13.138686131386862,70.8029197080292,48.9051094890511,21.897810218978105
E00093823,161,44,17,27,117,111,6,27.32919254658385,10.559006211180124,16.77018633540373,72.67080745341616,68.94409937888199,3.7267080745341614
E00093824,146,40,14,26,106,92,14,27.397260273972602,9.58904109589041,17.80821917808219,72.6027397260274,63.013698630136986,9.58904109589041
E00093825,103,33,8,25,70,57,13,32.038834951456316,7.766990291262135,24.271844660194176,67.96116504854369,55.33980582524271,12.62135922330097
E00093826,116,31,6,25,85,71,14,26.72413793103448,5.172413793103448,21.551724137931032,73.27586206896551,61.206896551724135,12.068965517241379
E00093827,175,55,20,35,120,100,20,31.428571428571427,11.428571428571429,20,68.57142857142857,57.14285714285714,11.428571428571429
E00093828,140,41,12,29,99,83,16,29.28571428571429,8.571428571428571,20.714285714285715,70.71428571428572,59.285714285714285,11.428571428571429
E00093829,144,38,17,21,106,97,9,26.38888888888889,11.805555555555555,14.583333333333334,73.61111111111111,67.36111111111111,6.25
E00093830,149,40,12,28,109,86,23,26.845637583892618,8.053691275167784,18.79194630872483,73.15436241610739,57.71812080536913,15.436241610738255
E00093831,115,41,13,28,74,63,11,35.65217391304348,11.304347826086957,24.347826086956523,64.34782608695652,54.78260869565217,9.565217391304348
E00093832,125,45,12,33,80,72,8,36,9.6,26.400000000000002,64,57.599999999999994,6.4
E00093834,135,52,17,35,83,77,6,38.51851851851852,12.592592592592592,25.925925925925924,61.48148148148148,57.03703703703704,4.444444444444445
E00093835,133,54,19,35,79,69,10,40.6015037593985,14.285714285714285,26.31578947368421,59.3984962406015,51.8796992481203,7.518796992481203
E00093836,107,23,5,18,84,73,11,21.49532710280374,4.672897196261682,16.822429906542055,78.50467289719626,68.22429906542055,10.2803738317757
E00093837,142,45,17,28,97,90,7,31.690140845070424,11.971830985915492,19.718309859154928,68.30985915492957,63.38028169014085,4.929577464788732
E00093838,162,44,15,29,118,98,20,27.160493827160494,9.25925925925926,17.901234567901234,72.8395061728395,60.49382716049383,12.345679012345679
E00093839,139,52,14,38,87,75,12,37.410071942446045,10.071942446043165,27.33812949640288,62.589928057553955,53.956834532374096,8.633093525179856
E00093840,163,43,15,28,120,103,17,26.380368098159508,9.202453987730062,17.177914110429448,73.61963190184049,63.190184049079754,10.429447852760736
E00093841,130,42,15,27,88,79,9,32.30769230769231,11.538461538461538,20.76923076923077,67.6923076923077,60.76923076923077,6.923076923076923
E00093842,190,59,14,45,131,120,11,31.05263157894737,7.368421052631578,23.684210526315788,68.94736842105263,63.1578947368421,5.7894736842105265
E00093843,71,22,13,9,49,45,4,30.985915492957744,18.30985915492958,12.676056338028168,69.01408450704226,63.38028169014085,5.633802816901409
E00093844,130,43,13,30,87,75,12,33.07692307692307,10,23.076923076923077,66.92307692307692,57.692307692307686,9.230769230769232
E00093845,195,52,20,32,143,124,19,26.666666666666668,10.256410256410255,16.41025641025641,73.33333333333333,63.589743589743584,9.7435897435897445
E00093846,109,36,14,22,73,62,11,33.02752293577982,12.844036697247708,20.18348623853211,66.97247706422019,56.88073394495413,10.091743119266056
E00093847,146,36,12,24,110,96,14,24.65753424657534,8.21917808219178,16.43835616438356,75.34246575342466,65.75342465753424,9.58904109589041
E00093848,86,23,9,14,63,52,11,26.744186046511626,10.465116279069768,16.27906976744186,73.25581395348837,60.46511627906976,12.790697674418606
E00093849,170,47,18,29,123,111,12,27.647058823529413,10.588235294117647,17.058823529411764,72.35294117647058,65.29411764705883,7.0588235294117645
E00093850,157,60,21,39,97,73,24,38.21656050955414,13.375796178343949,24.840764331210192,61.78343949044586,46.496815286624205,15.286624203821656
E00093851,143,39,17,22,104,87,17,27.27272727272727,11.888111888111888,15.384615384615385,72.72727272727273,60.83916083916085,11.888111888111888
E00093852,151,51,16,35,100,81,19,33.77483443708609,10.596026490066226,23.178807947019866,66.22516556291392,53.64238410596026,12.582781456953644
E00093854,115,36,14,22,79,52,27,31.30434782608696,12.173913043478262,19.130434782608695,68.69565217391305,45.21739130434783,23.47826086956522
E00093855,70,30,13,17,40,29,11,42.857142857142854,18.571428571428573,24.285714285714285,57.14285714285714,41.42857142857143,15.714285714285714
E00093856,96,28,15,13,68,59,9,29.166666666666668,15.625,13.541666666666666,70.83333333333334,61.458333333333336,9.375
E00093857,160,43,18,25,117,83,34,26.875,11.25,15.625,73.125,51.87500000000001,21.25
E00093858,96,29,9,20,67,49,18,30.208333333333332,9.375,20.833333333333336,69.79166666666666,51.041666666666664,18.75
E00093859,112,45,18,27,67,39,28,40.17857142857143,16.071428571428573,24.107142857142858,59.82142857142857,34.82142857142857,25
E00093860,180,59,30,29,121,83,38,32.77777777777778,16.666666666666664,16.11111111111111,67.22222222222223,46.111111111111114,21.11111111111111
E00093861,155,66,36,30,89,62,27,42.58064516129032,23.225806451612904,19.35483870967742,57.41935483870968,40,17.419354838709676
E00093862,181,45,19,26,136,90,46,24.861878453038674,10.497237569060774,14.3646408839779,75.13812154696133,49.72375690607735,25.41436464088398
E00093863,160,55,20,35,105,86,19,34.375,12.5,21.875,65.625,53.75,11.875
E00093864,107,39,14,25,68,59,9,36.44859813084112,13.084112149532709,23.364485981308412,63.55140186915887,55.140186915887845,8.411214953271028
E00093865,128,35,9,26,93,79,14,27.34375,7.03125,20.3125,72.65625,61.71875,10.9375
E00093866,92,29,15,14,63,56,7,31.521739130434785,16.304347826086957,15.217391304347828,68.47826086956522,60.86956521739131,7.608695652173914
E00093867,291,87,35,52,204,125,79,29.896907216494846,12.027491408934708,17.869415807560138,70.10309278350515,42.955326460481096,27.147766323024054
E00093868,210,61,24,37,149,111,38,29.04761904761905,11.428571428571429,17.61904761904762,70.95238095238095,52.85714285714286,18.095238095238095
E00093869,264,72,27,45,192,162,30,27.27272727272727,10.227272727272728,17.045454545454543,72.72727272727273,61.36363636363637,11.363636363636363
E00093870,187,62,32,30,125,90,35,33.155080213903744,17.11229946524064,16.042780748663102,66.84491978609626,48.1283422459893,18.71657754010695
E00093871,164,57,27,30,107,82,25,34.756097560975604,16.463414634146343,18.29268292682927,65.2439024390244,50,15.24390243902439
E00093872,108,33,13,20,75,54,21,30.555555555555557,12.037037037037036,18.51851851851852,69.44444444444444,50,19.444444444444446
E00093873,116,41,17,24,75,54,21,35.3448275862069,14.655172413793101,20.689655172413794,64.65517241379311,46.55172413793103,18.103448275862068
E00093874,288,63,25,38,225,175,50,21.875,8.680555555555555,13.194444444444445,78.125,60.763888888888886,17.36111111111111
E00093875,175,42,11,31,133,105,28,24,6.2857142857142865,17.71428571428571,76,60,16
E00093876,130,47,22,25,83,69,14,36.15384615384615,16.923076923076923,19.230769230769234,63.84615384615384,53.07692307692308,10.76923076923077
E00093877,139,42,14,28,97,67,30,30.215827338129497,10.071942446043165,20.14388489208633,69.7841726618705,48.201438848920866,21.58273381294964
E00093878,61,18,9,9,43,38,5,29.508196721311474,14.754098360655737,14.754098360655737,70.49180327868852,62.295081967213115,8.19672131147541
E00093879,125,44,17,27,81,69,12,35.199999999999996,13.600000000000001,21.6,64.8,55.2,9.6
E00093880,136,33,11,22,103,94,9,24.264705882352942,8.088235294117647,16.176470588235293,75.73529411764706,69.11764705882352,6.61764705882353
E00093881,112,27,13,14,85,62,23,24.107142857142858,11.607142857142858,12.5,75.89285714285714,55.35714285714286,20.535714285714285
E00093882,160,48,23,25,112,91,21,30,14.374999999999998,15.625,70,56.875,13.125
E00093883,145,45,16,29,100,77,23,31.03448275862069,11.03448275862069,20,68.96551724137932,53.103448275862064,15.862068965517242
E00093884,108,28,18,10,80,60,20,25.925925925925924,16.666666666666664,9.25925925925926,74.07407407407408,55.55555555555556,18.51851851851852
E00093885,130,44,23,21,86,63,23,33.84615384615385,17.692307692307693,16.153846153846153,66.15384615384615,48.46153846153846,17.692307692307693
E00093886,186,51,23,28,135,106,29,27.419354838709676,12.365591397849462,15.053763440860216,72.58064516129032,56.98924731182796,15.591397849462366
E00093887,154,34,11,23,120,91,29,22.07792207792208,7.142857142857142,14.935064935064934,77.92207792207793,59.09090909090909,18.83116883116883
E00093888,148,43,14,29,105,92,13,29.054054054054053,9.45945945945946,19.594594594594593,70.94594594594594,62.16216216216216,8.783783783783784
E00093889,137,37,17,20,100,71,29,27.00729927007299,12.408759124087592,14.5985401459854,72.99270072992701,51.82481751824818,21.16788321167883
E00093890,148,54,26,28,94,70,24,36.486486486486484,17.56756756756757,18.91891891891892,63.51351351351351,47.2972972972973,16.216216216216218
E00093891,137,40,20,20,97,74,23,29.1970802919708,14.5985401459854,14.5985401459854,70.8029197080292,54.01459854014598,16.78832116788321
E00093892,137,40,20,20,97,81,16,29.1970802919708,14.5985401459854,14.5985401459854,70.8029197080292,59.12408759124088,11.678832116788321
E00093893,77,22,7,15,55,51,4,28.57142857142857,9.090909090909092,19.480519480519483,71.42857142857143,66.23376623376623,5.194805194805195
E00093894,165,24,6,18,141,120,21,14.545454545454545,3.6363636363636362,10.909090909090908,85.45454545454545,72.72727272727273,12.727272727272727
E00093895,156,49,22,27,107,79,28,31.41025641025641,14.102564102564102,17.307692307692307,68.58974358974359,50.641025641025635,17.94871794871795
E00093896,143,31,8,23,112,93,19,21.678321678321677,5.594405594405594,16.083916083916083,78.32167832167832,65.03496503496503,13.286713286713287
E00093897,107,40,20,20,67,51,16,37.38317757009346,18.69158878504673,18.69158878504673,62.616822429906534,47.66355140186916,14.953271028037381
E00093898,71,17,8,9,54,47,7,23.943661971830984,11.267605633802818,12.676056338028168,76.05633802816901,66.19718309859155,9.859154929577464
E00093899,98,31,17,14,67,52,15,31.63265306122449,17.346938775510203,14.285714285714285,68.36734693877551,53.06122448979592,15.306122448979592
E00093900,98,25,10,15,73,57,16,25.510204081632654,10.204081632653061,15.306122448979592,74.48979591836735,58.16326530612245,16.3265306122449
E00093901,105,33,15,18,72,61,11,31.428571428571427,14.285714285714285,17.142857142857142,68.57142857142857,58.0952380952381,10.476190476190476
E00093902,196,64,23,41,132,117,15,32.6530612244898,11.73469387755102,20.918367346938776,67.3469387755102,59.693877551020414,7.653061224489796
E00093903,43,18,7,11,25,21,4,41.86046511627907,16.27906976744186,25.581395348837212,58.139534883720934,48.837209302325576,9.30232558139535
E00093904,145,35,19,16,110,86,24,24.137931034482758,13.10344827586207,11.03448275862069,75.86206896551724,59.310344827586206,16.551724137931036
E00093905,154,51,25,26,103,83,20,33.116883116883116,16.233766233766232,16.883116883116884,66.88311688311688,53.896103896103895,12.987012987012985
E00093906,123,47,22,25,76,61,15,38.21138211382114,17.88617886178862,20.32520325203252,61.78861788617886,49.59349593495935,12.195121951219512
E00093907,172,52,27,25,120,99,21,30.23255813953488,15.69767441860465,14.534883720930234,69.76744186046511,57.55813953488372,12.209302325581394
E00093908,169,58,25,33,111,76,35,34.319526627218934,14.792899408284024,19.526627218934912,65.68047337278107,44.97041420118343,20.710059171597635
E00093909,153,44,23,21,109,83,26,28.75816993464052,15.032679738562091,13.725490196078432,71.24183006535948,54.248366013071895,16.99346405228758
E00093910,124,36,18,18,88,72,16,29.03225806451613,14.516129032258066,14.516129032258066,70.96774193548387,58.06451612903226,12.903225806451612
E00093911,126,43,27,16,83,55,28,34.12698412698413,21.428571428571427,12.698412698412698,65.87301587301587,43.65079365079365,22.22222222222222
E00093912,152,46,15,31,106,80,26,30.263157894736842,9.868421052631579,20.394736842105264,69.73684210526315,52.63157894736842,17.105263157894736
E00093913,134,41,18,23,93,71,22,30.597014925373134,13.432835820895523,17.16417910447761,69.40298507462687,52.98507462686567,16.417910447761194
E00093914,97,36,12,24,61,52,9,37.11340206185567,12.371134020618557,24.742268041237114,62.88659793814433,53.608247422680414,9.278350515463918
E00093915,139,29,12,17,110,88,22,20.863309352517987,8.633093525179856,12.23021582733813,79.13669064748201,63.30935251798561,15.827338129496402
E00093916,147,50,17,33,97,84,13,34.01360544217687,11.564625850340136,22.448979591836736,65.98639455782312,57.14285714285714,8.843537414965986
E00093917,143,51,22,29,92,83,9,35.66433566433567,15.384615384615385,20.27972027972028,64.33566433566433,58.04195804195804,6.293706293706294
E00093918,113,42,17,25,71,63,8,37.16814159292036,15.04424778761062,22.123893805309734,62.83185840707964,55.75221238938053,7.079646017699115
E00093919,148,60,27,33,88,78,10,40.54054054054054,18.243243243243242,22.2972972972973,59.45945945945946,52.702702702702695,6.756756756756757
E00093920,133,31,15,16,102,77,25,23.308270676691727,11.278195488721805,12.030075187969924,76.69172932330827,57.89473684210527,18.796992481203006
E00093921,129,40,17,23,89,78,11,31.007751937984494,13.178294573643413,17.829457364341085,68.9922480620155,60.46511627906976,8.527131782945736
E00093922,131,32,10,22,99,86,13,24.427480916030532,7.633587786259542,16.793893129770993,75.57251908396947,65.64885496183206,9.923664122137405
E00093923,79,28,14,14,51,43,8,35.44303797468354,17.72151898734177,17.72151898734177,64.55696202531645,54.43037974683544,10.126582278481013
E00093924,121,35,17,18,86,71,15,28.92561983471074,14.049586776859504,14.87603305785124,71.07438016528926,58.67768595041323,12.396694214876034
E00093925,148,36,15,21,112,96,16,24.324324324324326,10.135135135135135,14.18918918918919,75.67567567567568,64.86486486486487,10.81081081081081
E00093926,156,40,17,23,116,92,24,25.64102564102564,10.897435897435898,14.743589743589745,74.35897435897436,58.97435897435898,15.384615384615385
E00093927,165,48,16,32,117,101,16,29.09090909090909,9.696969696969697,19.393939393939394,70.9090909090909,61.212121212121204,9.696969696969697
E00093928,115,39,17,22,76,59,17,33.91304347826087,14.782608695652174,19.130434782608695,66.08695652173913,51.30434782608696,14.782608695652174
E00093929,94,25,7,18,69,57,12,26.595744680851062,7.446808510638298,19.148936170212767,73.40425531914893,60.63829787234043,12.76595744680851
E00093930,111,34,19,15,77,60,17,30.630630630630627,17.117117117117118,13.513513513513514,69.36936936936937,54.054054054054056,15.315315315315313
E00093931,155,34,15,19,121,103,18,21.935483870967744,9.67741935483871,12.258064516129032,78.06451612903226,66.45161290322581,11.612903225806452
E00093932,133,37,13,24,96,76,20,27.819548872180448,9.774436090225564,18.045112781954884,72.18045112781954,57.14285714285714,15.037593984962406
E00093933,175,40,14,26,135,112,23,22.857142857142858,8,14.857142857142858,77.14285714285715,64,13.142857142857142
E00093934,165,55,26,29,110,85,25,33.33333333333333,15.757575757575756,17.575757575757574,66.66666666666666,51.515151515151516,15.151515151515152
E00093935,148,42,9,33,106,92,14,28.37837837837838,6.081081081081082,22.2972972972973,71.62162162162163,62.16216216216216,9.45945945945946
E00093936,143,47,18,29,96,86,10,32.86713286713287,12.587412587412588,20.27972027972028,67.13286713286713,60.13986013986013,6.993006993006993
E00093937,169,40,8,32,129,110,19,23.668639053254438,4.733727810650888,18.93491124260355,76.33136094674556,65.08875739644971,11.242603550295858
E00093938,144,41,19,22,103,87,16,28.47222222222222,13.194444444444445,15.277777777777779,71.52777777777779,60.416666666666664,11.11111111111111
E00093939,163,56,19,37,107,93,14,34.355828220858896,11.65644171779141,22.699386503067483,65.6441717791411,57.05521472392638,8.588957055214724
E00093940,172,68,20,48,104,91,13,39.53488372093023,11.627906976744185,27.906976744186046,60.46511627906976,52.90697674418605,7.55813953488372
E00093941,127,40,13,27,87,72,15,31.496062992125985,10.236220472440944,21.25984251968504,68.50393700787401,56.69291338582677,11.811023622047244
E00093942,68,24,8,16,44,36,8,35.294117647058826,11.76470588235294,23.52941176470588,64.70588235294117,52.94117647058824,11.76470588235294
E00093943,145,39,13,26,106,98,8,26.89655172413793,8.96551724137931,17.93103448275862,73.10344827586206,67.58620689655173,5.517241379310345
E00093944,159,28,13,15,131,119,12,17.61006289308176,8.176100628930817,9.433962264150944,82.38993710691824,74.84276729559748,7.547169811320755
E00093945,185,59,25,34,126,101,25,31.891891891891895,13.513513513513514,18.37837837837838,68.10810810810811,54.59459459459459,13.513513513513514
E00093946,171,44,18,26,127,103,24,25.730994152046783,10.526315789473683,15.204678362573098,74.26900584795322,60.23391812865497,14.035087719298245
E00093949,77,21,5,16,56,50,6,27.27272727272727,6.493506493506493,20.77922077922078,72.72727272727273,64.93506493506493,7.792207792207792
E00093950,175,50,15,35,125,109,16,28.57142857142857,8.571428571428571,20,71.42857142857143,62.28571428571429,9.142857142857142
E00093951,221,54,23,31,167,141,26,24.43438914027149,10.407239819004525,14.027149321266968,75.56561085972851,63.80090497737556,11.76470588235294
E00093952,146,43,14,29,103,89,14,29.45205479452055,9.58904109589041,19.863013698630137,70.54794520547945,60.95890410958904,9.58904109589041
E00093953,167,55,18,37,112,94,18,32.93413173652694,10.778443113772456,22.15568862275449,67.06586826347305,56.287425149700596,10.778443113772456
E00093954,150,34,11,23,116,108,8,22.666666666666664,7.333333333333333,15.333333333333332,77.33333333333333,72,5.333333333333334
E00093955,100,27,11,16,73,61,12,27,11,16,73,61,12
E00093956,200,58,19,39,142,118,24,28.999999999999996,9.5,19.5,71,59,12
E00093957,170,62,18,44,108,99,9,36.470588235294116,10.588235294117647,25.882352941176475,63.52941176470588,58.235294117647065,5.294117647058823
E00093958,68,15,5,10,53,45,8,22.058823529411764,7.352941176470589,14.705882352941178,77.94117647058823,66.17647058823529,11.76470588235294
E00093959,117,35,12,23,82,73,9,29.914529914529915,10.256410256410255,19.65811965811966,70.08547008547008,62.39316239316239,7.6923076923076925
E00093960,120,37,8,29,83,77,6,30.833333333333336,6.666666666666667,24.166666666666668,69.16666666666667,64.16666666666667,5
E00093961,157,53,23,30,104,93,11,33.75796178343949,14.64968152866242,19.10828025477707,66.2420382165605,59.23566878980891,7.006369426751593
E00093962,133,33,13,20,100,87,13,24.81203007518797,9.774436090225564,15.037593984962406,75.18796992481202,65.41353383458647,9.774436090225564
E00093963,81,32,8,24,49,43,6,39.50617283950617,9.876543209876543,29.629629629629626,60.49382716049383,53.086419753086425,7.4074074074074066
E00093964,153,56,22,34,97,87,10,36.60130718954248,14.37908496732026,22.22222222222222,63.39869281045751,56.86274509803921,6.535947712418301
E00093965,136,39,12,27,97,86,11,28.676470588235293,8.823529411764707,19.852941176470587,71.32352941176471,63.23529411764706,8.088235294117647
E00093966,306,91,33,58,215,181,34,29.73856209150327,10.784313725490197,18.954248366013072,70.26143790849673,59.150326797385624,11.11111111111111
E00093967,128,39,12,27,89,79,10,30.46875,9.375,21.09375,69.53125,61.71875,7.8125
E00093968,191,65,19,46,126,104,22,34.031413612565444,9.947643979057592,24.083769633507853,65.96858638743456,54.45026178010471,11.518324607329843
E00093969,132,47,11,36,85,76,9,35.60606060606061,8.333333333333332,27.27272727272727,64.39393939393939,57.57575757575758,6.8181818181818175
E00093970,127,43,11,32,84,65,19,33.85826771653544,8.661417322834646,25.196850393700785,66.14173228346458,51.181102362204726,14.960629921259844
E00093971,124,47,16,31,77,66,11,37.903225806451616,12.903225806451612,25,62.096774193548384,53.2258064516129,8.870967741935484
E00093972,111,34,12,22,77,61,16,30.630630630630627,10.81081081081081,19.81981981981982,69.36936936936937,54.95495495495496,14.414414414414415
E00093973,124,46,23,23,78,68,10,37.096774193548384,18.548387096774192,18.548387096774192,62.903225806451616,54.83870967741935,8.064516129032258
E00093974,54,15,5,10,39,31,8,27.77777777777778,9.25925925925926,18.51851851851852,72.22222222222221,57.407407407407405,14.814814814814813
E00093975,125,35,11,24,90,79,11,28.000000000000004,8.799999999999999,19.2,72,63.2,8.799999999999999
E00093976,134,42,13,29,92,80,12,31.343283582089555,9.701492537313433,21.641791044776117,68.65671641791045,59.70149253731343,8.955223880597014
E00093977,108,37,14,23,71,61,10,34.25925925925926,12.962962962962962,21.296296296296298,65.74074074074075,56.481481481481474,9.25925925925926
E00093978,266,66,20,46,200,178,22,24.81203007518797,7.518796992481203,17.293233082706767,75.18796992481202,66.9172932330827,8.270676691729323
E00093979,162,56,26,30,106,100,6,34.5679012345679,16.049382716049383,18.51851851851852,65.4320987654321,61.72839506172839,3.7037037037037033
E00093980,134,35,13,22,99,87,12,26.119402985074625,9.701492537313433,16.417910447761194,73.88059701492537,64.92537313432835,8.955223880597014
E00093981,191,48,16,32,143,123,20,25.13089005235602,8.37696335078534,16.75392670157068,74.86910994764398,64.3979057591623,10.471204188481675
E00093982,166,39,17,22,127,108,19,23.49397590361446,10.240963855421686,13.253012048192772,76.50602409638554,65.06024096385542,11.44578313253012
E00093983,183,40,13,27,143,131,12,21.85792349726776,7.103825136612022,14.754098360655737,78.14207650273224,71.58469945355192,6.557377049180328
E00093985,146,33,10,23,113,102,11,22.602739726027394,6.8493150684931505,15.753424657534246,77.3972602739726,69.86301369863014,7.534246575342466
E00093986,179,57,18,39,122,111,11,31.843575418994412,10.05586592178771,21.787709497206702,68.15642458100558,62.01117318435754,6.145251396648044
E00093987,153,47,12,35,106,92,14,30.718954248366014,7.8431372549019605,22.875816993464053,69.28104575163398,60.130718954248366,9.15032679738562
E00093988,267,39,12,27,228,197,31,14.606741573033707,4.49438202247191,10.112359550561797,85.39325842696628,73.78277153558052,11.610486891385769
E00093989,148,40,11,29,108,92,16,27.027027027027028,7.4324324324324325,19.594594594594593,72.97297297297297,62.16216216216216,10.81081081081081
E00093990,163,54,23,31,109,97,12,33.12883435582822,14.11042944785276,19.018404907975462,66.87116564417178,59.50920245398773,7.361963190184049
E00093991,184,54,19,35,130,119,11,29.347826086956523,10.326086956521738,19.021739130434785,70.65217391304348,64.67391304347827,5.978260869565218
E00093992,154,30,10,20,124,109,15,19.480519480519483,6.493506493506493,12.987012987012985,80.51948051948052,70.77922077922078,9.740259740259742
E00093993,221,39,10,29,182,151,31,17.647058823529413,4.524886877828054,13.122171945701359,82.35294117647058,68.32579185520362,14.027149321266968
E00093994,153,34,5,29,119,113,6,22.22222222222222,3.2679738562091507,18.954248366013072,77.77777777777779,73.8562091503268,3.9215686274509802
E00093995,139,36,10,26,103,90,13,25.899280575539567,7.1942446043165464,18.705035971223023,74.10071942446042,64.74820143884892,9.352517985611511
E00093996,145,39,16,23,106,97,9,26.89655172413793,11.03448275862069,15.862068965517242,73.10344827586206,66.89655172413794,6.206896551724138
E00093997,158,47,18,29,111,93,18,29.746835443037973,11.39240506329114,18.354430379746837,70.25316455696202,58.86075949367089,11.39240506329114
E00093998,162,37,14,23,125,113,12,22.839506172839506,8.641975308641975,14.19753086419753,77.1604938271605,69.75308641975309,7.4074074074074066
E00093999,160,39,11,28,121,103,18,24.375,6.875000000000001,17.5,75.625,64.375,11.25
E00094000,52,16,5,11,36,33,3,30.76923076923077,9.615384615384617,21.153846153846153,69.23076923076923,63.46153846153846,5.769230769230769
E00094001,136,51,14,37,85,75,10,37.5,10.294117647058822,27.205882352941174,62.5,55.14705882352941,7.352941176470589
E00094002,153,45,14,31,108,96,12,29.411764705882355,9.15032679738562,20.26143790849673,70.58823529411765,62.745098039215684,7.8431372549019605
E00094003,135,42,16,26,93,85,8,31.11111111111111,11.851851851851853,19.25925925925926,68.88888888888889,62.96296296296296,5.9259259259259265
E00094004,135,34,15,19,101,78,23,25.185185185185183,11.11111111111111,14.074074074074074,74.81481481481481,57.77777777777777,17.037037037037038
E00094005,170,35,6,29,135,126,9,20.588235294117645,3.5294117647058822,17.058823529411764,79.41176470588235,74.11764705882354,5.294117647058823
E00094006,153,43,10,33,110,97,13,28.104575163398692,6.535947712418301,21.568627450980394,71.89542483660131,63.39869281045751,8.49673202614379
E00094007,124,45,21,24,79,71,8,36.29032258064516,16.93548387096774,19.35483870967742,63.70967741935484,57.25806451612904,6.451612903225806
E00094008,150,38,12,26,112,102,10,25.333333333333336,8,17.333333333333336,74.66666666666667,68,6.666666666666667
E00094009,189,50,19,31,139,124,15,26.455026455026452,10.052910052910052,16.402116402116402,73.54497354497354,65.60846560846561,7.936507936507936
E00094010,122,38,13,25,84,81,3,31.147540983606557,10.655737704918032,20.491803278688526,68.85245901639344,66.39344262295081,2.459016393442623
E00094011,170,48,16,32,122,110,12,28.235294117647058,9.411764705882353,18.823529411764707,71.76470588235294,64.70588235294117,7.0588235294117645
E00094012,170,42,11,31,128,117,11,24.705882352941178,6.470588235294119,18.235294117647058,75.29411764705883,68.82352941176471,6.470588235294119
E00094013,153,41,15,26,112,102,10,26.797385620915033,9.803921568627452,16.99346405228758,73.20261437908496,66.66666666666666,6.535947712418301
E00094014,170,43,15,28,127,111,16,25.294117647058822,8.823529411764707,16.470588235294116,74.70588235294117,65.29411764705883,9.411764705882353
E00094015,156,50,14,36,106,92,14,32.05128205128205,8.974358974358974,23.076923076923077,67.94871794871796,58.97435897435898,8.974358974358974
E00094016,109,41,10,31,68,61,7,37.61467889908257,9.174311926605505,28.440366972477065,62.38532110091744,55.96330275229357,6.422018348623854
E00094017,208,69,17,52,139,126,13,33.17307692307692,8.173076923076923,25,66.82692307692307,60.57692307692307,6.25
E00094018,105,27,5,22,78,72,6,25.71428571428571,4.761904761904762,20.952380952380953,74.28571428571429,68.57142857142857,5.714285714285714
E00094019,165,39,11,28,126,116,10,23.636363636363637,6.666666666666667,16.969696969696972,76.36363636363637,70.3030303030303,6.0606060606060606
E00094020,145,52,15,37,93,84,9,35.86206896551724,10.344827586206897,25.517241379310345,64.13793103448275,57.931034482758626,6.206896551724138
E00094021,73,23,9,14,50,49,1,31.506849315068493,12.32876712328767,19.17808219178082,68.4931506849315,67.12328767123287,1.36986301369863
E00094022,141,48,17,31,93,81,12,34.04255319148936,12.056737588652481,21.98581560283688,65.95744680851064,57.446808510638306,8.51063829787234
E00094023,74,15,5,10,59,52,7,20.27027027027027,6.756756756756757,13.513513513513514,79.72972972972973,70.27027027027027,9.45945945945946
E00094024,116,35,15,20,81,73,8,30.17241379310345,12.931034482758621,17.24137931034483,69.82758620689656,62.93103448275862,6.896551724137931
E00094026,100,27,9,18,73,69,4,27,9,18,73,69,4
E00094027,130,35,14,21,95,89,6,26.923076923076923,10.76923076923077,16.153846153846153,73.07692307692307,68.46153846153847,4.615384615384616
E00094028,153,41,6,35,112,106,6,26.797385620915033,3.9215686274509802,22.875816993464053,73.20261437908496,69.28104575163398,3.9215686274509802
E00094029,150,51,20,31,99,94,5,34,13.333333333333334,20.666666666666668,66,62.66666666666667,3.3333333333333335
E00094030,151,43,17,26,108,96,12,28.47682119205298,11.258278145695364,17.218543046357617,71.52317880794702,63.576158940397356,7.9470198675496695
E00094031,103,32,16,16,71,71,0,31.06796116504854,15.53398058252427,15.53398058252427,68.93203883495146,68.93203883495146,0
E00094032,135,42,13,29,93,84,9,31.11111111111111,9.62962962962963,21.48148148148148,68.88888888888889,62.22222222222222,6.666666666666667
E00094033,151,50,22,28,101,89,12,33.11258278145696,14.56953642384106,18.543046357615893,66.88741721854305,58.94039735099338,7.9470198675496695
E00094034,85,28,15,13,57,49,8,32.94117647058823,17.647058823529413,15.294117647058824,67.05882352941175,57.647058823529406,9.411764705882353
E00094035,164,57,18,39,107,104,3,34.756097560975604,10.975609756097562,23.78048780487805,65.2439024390244,63.41463414634146,1.8292682926829267
E00094036,112,39,9,30,73,64,9,34.82142857142857,8.035714285714286,26.785714285714285,65.17857142857143,57.14285714285714,8.035714285714286
E00094037,133,38,8,30,95,87,8,28.57142857142857,6.015037593984962,22.55639097744361,71.42857142857143,65.41353383458647,6.015037593984962
E00094038,154,34,13,21,120,100,20,22.07792207792208,8.441558441558442,13.636363636363635,77.92207792207793,64.93506493506493,12.987012987012985
E00094039,122,42,18,24,80,65,15,34.42622950819672,14.754098360655737,19.672131147540984,65.57377049180327,53.278688524590166,12.295081967213115
E00094040,164,40,16,24,124,114,10,24.390243902439025,9.75609756097561,14.634146341463413,75.60975609756098,69.51219512195121,6.097560975609756
E00094041,123,38,14,24,85,73,12,30.89430894308943,11.38211382113821,19.51219512195122,69.10569105691057,59.34959349593496,9.75609756097561
E00094042,190,59,15,44,131,117,14,31.05263157894737,7.894736842105263,23.157894736842106,68.94736842105263,61.578947368421055,7.368421052631578
E00094043,153,48,21,27,105,92,13,31.372549019607842,13.725490196078432,17.647058823529413,68.62745098039215,60.130718954248366,8.49673202614379
E00094044,135,32,6,26,103,91,12,23.703703703703706,4.444444444444445,19.25925925925926,76.29629629629629,67.4074074074074,8.88888888888889
E00094045,149,49,16,33,100,88,12,32.88590604026846,10.738255033557047,22.14765100671141,67.11409395973155,59.06040268456376,8.053691275167784
E00094046,198,61,17,44,137,124,13,30.808080808080806,8.585858585858585,22.22222222222222,69.1919191919192,62.62626262626263,6.565656565656567
E00094047,179,39,10,29,140,121,19,21.787709497206702,5.58659217877095,16.201117318435752,78.2122905027933,67.59776536312849,10.614525139664805
E00094048,207,68,27,41,139,122,17,32.850241545893724,13.043478260869565,19.806763285024154,67.14975845410628,58.93719806763285,8.212560386473431
E00094049,202,63,19,44,139,117,22,31.18811881188119,9.405940594059405,21.782178217821784,68.8118811881188,57.920792079207914,10.891089108910892
E00094050,131,43,11,32,88,71,17,32.82442748091603,8.396946564885496,24.427480916030532,67.17557251908397,54.19847328244275,12.977099236641221
E00094051,121,29,6,23,92,81,11,23.96694214876033,4.958677685950414,19.00826446280992,76.03305785123968,66.94214876033058,9.090909090909092
E00094052,150,38,11,27,112,99,13,25.333333333333336,7.333333333333333,18,74.66666666666667,66,8.666666666666668
E00094053,162,59,26,33,103,86,17,36.41975308641975,16.049382716049383,20.37037037037037,63.580246913580254,53.086419753086425,10.493827160493826
E00094054,151,42,14,28,109,98,11,27.81456953642384,9.271523178807946,18.543046357615893,72.18543046357617,64.90066225165563,7.28476821192053
E00094055,154,39,8,31,115,104,11,25.324675324675322,5.194805194805195,20.12987012987013,74.67532467532467,67.53246753246754,7.142857142857142
E00094056,185,48,16,32,137,125,12,25.945945945945947,8.64864864864865,17.2972972972973,74.05405405405405,67.56756756756756,6.486486486486487
E00094057,118,41,16,25,77,69,8,34.74576271186441,13.559322033898304,21.1864406779661,65.2542372881356,58.47457627118644,6.779661016949152
E00094058,177,50,20,30,127,115,12,28.24858757062147,11.299435028248588,16.94915254237288,71.75141242937853,64.97175141242938,6.779661016949152
E00094059,153,49,20,29,104,98,6,32.02614379084967,13.071895424836603,18.954248366013072,67.97385620915033,64.05228758169935,3.9215686274509802
E00094060,118,43,16,27,75,63,12,36.440677966101696,13.559322033898304,22.88135593220339,63.559322033898304,53.38983050847458,10.16949152542373
E00094062,164,63,19,44,101,90,11,38.41463414634146,11.585365853658537,26.82926829268293,61.58536585365854,54.87804878048781,6.707317073170732
E00094063,84,28,10,18,56,47,9,33.33333333333333,11.904761904761903,21.428571428571427,66.66666666666666,55.952380952380956,10.714285714285714
E00094064,187,58,15,43,129,109,20,31.016042780748666,8.0213903743315509,22.994652406417114,68.98395721925134,58.288770053475936,10.695187165775401
E00094065,184,38,18,20,146,128,18,20.652173913043477,9.782608695652174,10.869565217391305,79.34782608695652,69.56521739130434,9.782608695652174
E00094066,139,36,10,26,103,90,13,25.899280575539567,7.1942446043165464,18.705035971223023,74.10071942446042,64.74820143884892,9.352517985611511
E00094067,147,39,20,19,108,93,15,26.53061224489796,13.60544217687075,12.925170068027212,73.46938775510205,63.26530612244898,10.204081632653061
E00094068,174,48,15,33,126,116,10,27.586206896551722,8.620689655172415,18.96551724137931,72.41379310344827,66.66666666666666,5.747126436781609
E00094069,54,15,0,15,39,39,0,27.77777777777778,0,27.77777777777778,72.22222222222221,72.22222222222221,0
E00094070,194,36,10,26,158,136,22,18.556701030927837,5.154639175257731,13.402061855670103,81.44329896907216,70.10309278350515,11.34020618556701
E00094071,264,77,21,56,187,159,28,29.166666666666668,7.954545454545454,21.21212121212121,70.83333333333334,60.22727272727273,10.606060606060606
E00094072,142,41,10,31,101,91,10,28.87323943661972,7.042253521126761,21.830985915492956,71.12676056338029,64.08450704225352,7.042253521126761
E00094073,99,39,11,28,60,49,11,39.39393939393939,11.11111111111111,28.28282828282828,60.60606060606061,49.494949494949495,11.11111111111111
E00094074,99,40,16,24,59,53,6,40.4040404040404,16.161616161616163,24.242424242424242,59.59595959595959,53.535353535353536,6.0606060606060606
E00094075,115,40,17,23,75,64,11,34.78260869565217,14.782608695652174,20,65.21739130434783,55.65217391304348,9.565217391304348
E00094076,116,40,14,26,76,65,11,34.48275862068966,12.068965517241379,22.413793103448278,65.51724137931035,56.03448275862068,9.482758620689655
E00094077,124,36,12,24,88,75,13,29.03225806451613,9.67741935483871,19.35483870967742,70.96774193548387,60.483870967741936,10.483870967741936
E00094078,136,46,17,29,90,74,16,33.82352941176471,12.5,21.323529411764707,66.17647058823529,54.41176470588235,11.76470588235294
E00094079,161,50,14,36,111,97,14,31.05590062111801,8.695652173913043,22.36024844720497,68.94409937888199,60.24844720496895,8.695652173913043
E00094080,169,67,20,47,102,75,27,39.64497041420118,11.834319526627219,27.810650887573964,60.35502958579882,44.37869822485207,15.976331360946746
E00094081,152,39,15,24,113,102,11,25.657894736842106,9.868421052631579,15.789473684210526,74.3421052631579,67.10526315789474,7.236842105263158
E00094082,142,43,17,26,99,86,13,30.28169014084507,11.971830985915492,18.30985915492958,69.71830985915493,60.56338028169014,9.15492957746479
E00094083,144,50,23,27,94,86,8,34.72222222222222,15.972222222222221,18.75,65.27777777777779,59.72222222222222,5.555555555555555
E00094084,117,48,17,31,69,60,9,41.02564102564102,14.529914529914532,26.495726495726498,58.97435897435898,51.28205128205128,7.6923076923076925
E00094085,148,37,10,27,111,99,12,25,6.756756756756757,18.243243243243242,75,66.8918918918919,8.108108108108109
E00094086,106,35,22,13,71,63,8,33.0188679245283,20.754716981132077,12.264150943396226,66.98113207547169,59.43396226415094,7.547169811320755
E00094088,135,48,15,33,87,75,12,35.55555555555556,11.11111111111111,24.444444444444443,64.44444444444444,55.55555555555556,8.88888888888889
E00094089,207,52,20,32,155,134,21,25.120772946859905,9.66183574879227,15.458937198067632,74.8792270531401,64.73429951690821,10.144927536231885
E00094090,192,57,24,33,135,107,28,29.6875,12.5,17.1875,70.3125,55.729166666666664,14.583333333333334
E00094091,122,49,22,27,73,56,17,40.16393442622951,18.0327868852459,22.131147540983605,59.83606557377049,45.90163934426229,13.934426229508196
E00094092,87,28,12,16,59,51,8,32.18390804597701,13.793103448275861,18.39080459770115,67.81609195402298,58.620689655172406,9.195402298850574
E00094093,158,50,20,30,108,95,13,31.645569620253166,12.658227848101266,18.9873417721519,68.35443037974683,60.12658227848101,8.227848101265822
E00094094,140,44,17,27,96,80,16,31.428571428571427,12.142857142857142,19.28571428571429,68.57142857142857,57.14285714285714,11.428571428571429
E00094095,158,42,12,30,116,104,12,26.582278481012654,7.59493670886076,18.9873417721519,73.41772151898735,65.82278481012658,7.59493670886076
E00094096,269,70,35,35,199,158,41,26.022304832713754,13.011152416356877,13.011152416356877,73.97769516728626,58.7360594795539,15.241635687732341
E00094097,257,89,40,49,168,135,33,34.63035019455253,15.56420233463035,19.06614785992218,65.36964980544747,52.52918287937744,12.840466926070038
E00094098,168,53,19,34,115,90,25,31.547619047619047,11.30952380952381,20.238095238095237,68.45238095238095,53.57142857142857,14.880952380952381
E00094099,149,56,16,40,93,77,16,37.58389261744966,10.738255033557047,26.845637583892618,62.41610738255034,51.67785234899329,10.738255033557047
E00094100,99,38,14,24,61,54,7,38.38383838383838,14.14141414141414,24.242424242424242,61.61616161616161,54.54545454545454,7.07070707070707
E00094101,112,36,10,26,76,69,7,32.142857142857146,8.928571428571429,23.214285714285715,67.85714285714286,61.60714285714286,6.25
E00094102,134,42,11,31,92,79,13,31.343283582089555,8.208955223880597,23.134328358208954,68.65671641791045,58.95522388059702,9.701492537313433
E00094103,176,63,18,45,113,101,12,35.79545454545455,10.227272727272728,25.568181818181817,64.20454545454545,57.38636363636363,6.8181818181818175
E00094104,104,34,7,27,70,64,6,32.69230769230769,6.730769230769231,25.961538461538463,67.3076923076923,61.53846153846154,5.769230769230769
E00094105,55,14,7,7,41,33,8,25.454545454545453,12.727272727272727,12.727272727272727,74.54545454545455,60,14.545454545454545
E00094106,137,57,16,41,80,77,3,41.605839416058394,11.678832116788321,29.927007299270077,58.3941605839416,56.20437956204379,2.18978102189781
E00094107,101,40,17,23,61,51,10,39.603960396039604,16.831683168316832,22.772277227722775,60.396039603960396,50.495049504950494,9.900990099009901
E00094108,118,32,8,24,86,76,10,27.11864406779661,6.779661016949152,20.33898305084746,72.88135593220339,64.40677966101694,8.47457627118644
E00094109,91,30,6,24,61,55,6,32.967032967032964,6.593406593406594,26.373626373626376,67.03296703296702,60.43956043956044,6.593406593406594
E00094110,165,54,11,43,111,102,9,32.72727272727273,6.666666666666667,26.060606060606062,67.27272727272727,61.81818181818181,5.454545454545454
E00094111,104,41,15,26,63,56,7,39.42307692307692,14.423076923076922,25,60.57692307692307,53.84615384615385,6.730769230769231
E00094112,116,34,12,22,82,71,11,29.310344827586203,10.344827586206897,18.96551724137931,70.6896551724138,61.206896551724135,9.482758620689655
E00094113,149,55,12,43,94,85,9,36.91275167785235,8.053691275167784,28.859060402684566,63.08724832214765,57.04697986577181,6.0402684563758395
E00094114,142,57,20,37,85,81,4,40.140845070422536,14.084507042253522,26.056338028169012,59.859154929577464,57.04225352112676,2.8169014084507045
E00094115,118,44,16,28,74,67,7,37.28813559322034,13.559322033898304,23.728813559322035,62.71186440677966,56.779661016949156,5.932203389830509
E00094116,47,17,5,12,30,21,9,36.17021276595745,10.638297872340425,25.53191489361702,63.829787234042556,44.680851063829785,19.148936170212767
E00094117,186,62,28,34,124,96,28,33.33333333333333,15.053763440860216,18.27956989247312,66.66666666666666,51.61290322580645,15.053763440860216
E00094118,76,23,8,15,53,42,11,30.263157894736842,10.526315789473683,19.736842105263158,69.73684210526315,55.26315789473685,14.473684210526317
E00094119,162,40,9,31,122,91,31,24.691358024691358,5.555555555555555,19.1358024691358,75.30864197530865,56.17283950617284,19.1358024691358
E00094120,240,86,36,50,154,109,45,35.833333333333336,15,20.833333333333336,64.16666666666667,45.416666666666664,18.75
E00094121,98,34,14,20,64,49,15,34.69387755102041,14.285714285714285,20.408163265306122,65.3061224489796,50,15.306122448979592
E00094122,88,32,14,18,56,40,16,36.36363636363637,15.909090909090908,20.454545454545457,63.63636363636363,45.45454545454545,18.181818181818183
E00094123,37,7,2,5,30,23,7,18.91891891891892,5.405405405405405,13.513513513513514,81.08108108108108,62.16216216216216,18.91891891891892
E00094124,197,63,28,35,134,95,39,31.979695431472084,14.213197969543149,17.766497461928935,68.02030456852792,48.223350253807105,19.796954314720814
E00094125,110,33,13,20,77,52,25,30,11.818181818181818,18.181818181818183,70,47.27272727272727,22.727272727272727
E00094126,212,67,24,43,145,114,31,31.60377358490566,11.320754716981133,20.28301886792453,68.39622641509435,53.77358490566038,14.622641509433961
E00094127,159,43,21,22,116,85,31,27.044025157232703,13.20754716981132,13.836477987421384,72.95597484276729,53.459119496855344,19.49685534591195
E00094128,149,49,13,36,100,77,23,32.88590604026846,8.724832214765101,24.161073825503358,67.11409395973155,51.67785234899329,15.436241610738255
E00094129,216,67,24,43,149,131,18,31.01851851851852,11.11111111111111,19.90740740740741,68.98148148148148,60.64814814814815,8.333333333333332
E00094130,101,28,7,21,73,60,13,27.722772277227726,6.9306930693069315,20.792079207920793,72.27722772277228,59.4059405940594,12.871287128712872
E00094131,156,56,29,27,100,64,36,35.8974358974359,18.58974358974359,17.307692307692307,64.1025641025641,41.02564102564102,23.076923076923077
E00094132,173,52,25,27,121,81,40,30.057803468208093,14.450867052023122,15.606936416184972,69.94219653179191,46.82080924855491,23.121387283236995
E00094133,11,2,0,2,9,7,2,18.181818181818183,0,18.181818181818183,81.81818181818183,63.63636363636363,18.181818181818183
E00094134,135,51,21,30,84,58,26,37.77777777777778,15.555555555555555,22.22222222222222,62.22222222222222,42.96296296296296,19.25925925925926
E00094135,148,49,21,28,99,81,18,33.108108108108105,14.18918918918919,18.91891891891892,66.8918918918919,54.729729729729726,12.162162162162163
E00094136,137,43,21,22,94,73,21,31.386861313868614,15.328467153284672,16.05839416058394,68.61313868613139,53.284671532846716,15.328467153284672
E00094137,96,32,9,23,64,49,15,33.33333333333333,9.375,23.958333333333336,66.66666666666666,51.041666666666664,15.625
E00094138,141,43,17,26,98,72,26,30.49645390070922,12.056737588652481,18.439716312056735,69.50354609929079,51.06382978723404,18.439716312056735
E00094139,149,44,26,18,105,80,25,29.53020134228188,17.449664429530202,12.080536912751679,70.46979865771812,53.691275167785236,16.778523489932887
E00094141,123,31,13,18,92,70,22,25.203252032520325,10.569105691056912,14.634146341463413,74.79674796747967,56.91056910569105,17.88617886178862
E00094142,137,41,26,15,96,70,26,29.927007299270077,18.97810218978102,10.948905109489052,70.07299270072993,51.09489051094891,18.97810218978102
E00094143,169,52,21,31,117,89,28,30.76923076923077,12.42603550295858,18.34319526627219,69.23076923076923,52.662721893491124,16.56804733727811
E00094144,164,44,17,27,120,93,27,26.82926829268293,10.365853658536585,16.463414634146343,73.17073170731707,56.70731707317073,16.463414634146343
E00094145,150,32,16,16,118,107,11,21.333333333333336,10.666666666666668,10.666666666666668,78.66666666666666,71.33333333333334,7.333333333333333
E00094146,203,64,28,36,139,108,31,31.527093596059114,13.793103448275861,17.733990147783253,68.4729064039409,53.20197044334976,15.270935960591133
E00094147,167,42,16,26,125,102,23,25.149700598802394,9.580838323353294,15.568862275449103,74.8502994011976,61.07784431137725,13.77245508982036
E00094148,115,28,8,20,87,69,18,24.347826086956523,6.956521739130435,17.391304347826086,75.65217391304347,60,15.65217391304348
E00094149,134,42,10,32,92,78,14,31.343283582089555,7.462686567164178,23.88059701492537,68.65671641791045,58.2089552238806,10.44776119402985
E00094150,142,52,24,28,90,67,23,36.61971830985916,16.901408450704224,19.718309859154928,63.38028169014085,47.183098591549296,16.19718309859155
E00094151,126,37,18,19,89,58,31,29.365079365079367,14.285714285714285,15.079365079365079,70.63492063492063,46.03174603174603,24.6031746031746
E00094152,177,55,23,32,122,96,26,31.07344632768362,12.994350282485875,18.07909604519774,68.92655367231639,54.23728813559322,14.689265536723164
E00094153,115,29,11,18,86,58,28,25.217391304347824,9.565217391304348,15.65217391304348,74.78260869565217,50.43478260869565,24.347826086956523
E00094154,173,56,24,32,117,89,28,32.369942196531795,13.872832369942195,18.497109826589593,67.63005780346822,51.445086705202314,16.184971098265898
E00094155,180,45,19,26,135,104,31,25,10.555555555555555,14.444444444444443,75,57.77777777777777,17.22222222222222
E00094156,144,44,18,26,100,83,17,30.555555555555557,12.5,18.055555555555554,69.44444444444444,57.638888888888886,11.805555555555555
E00094157,197,57,27,30,140,104,36,28.934010152284262,13.705583756345177,15.228426395939088,71.06598984771574,52.79187817258884,18.274111675126903
E00094158,170,55,16,39,115,98,17,32.35294117647059,9.411764705882353,22.941176470588236,67.64705882352942,57.647058823529406,10
E00094159,132,48,17,31,84,76,8,36.36363636363637,12.878787878787879,23.484848484848484,63.63636363636363,57.57575757575758,6.0606060606060606
E00094160,150,57,17,40,93,67,26,38,11.333333333333332,26.666666666666668,62,44.666666666666664,17.333333333333336
E00094161,140,53,27,26,87,69,18,37.857142857142854,19.28571428571429,18.571428571428573,62.142857142857146,49.28571428571429,12.857142857142856
E00094162,125,34,16,18,91,76,15,27.200000000000003,12.8,14.399999999999999,72.8,60.8,12
E00094163,134,41,15,26,93,83,10,30.597014925373134,11.194029850746269,19.402985074626866,69.40298507462687,61.940298507462686,7.462686567164178
E00094164,97,33,19,14,64,47,17,34.02061855670103,19.587628865979383,14.432989690721648,65.97938144329896,48.45360824742268,17.525773195876287
E00094165,110,39,21,18,71,57,14,35.45454545454545,19.090909090909093,16.363636363636363,64.54545454545455,51.81818181818182,12.727272727272727
E00094166,110,35,15,20,75,65,10,31.818181818181817,13.636363636363635,18.181818181818183,68.18181818181817,59.09090909090909,9.090909090909092
E00094167,155,45,17,28,110,92,18,29.03225806451613,10.967741935483872,18.064516129032256,70.96774193548387,59.354838709677416,11.612903225806452
E00094168,104,36,10,26,68,59,9,34.61538461538461,9.615384615384617,25,65.38461538461539,56.730769230769226,8.653846153846153
E00094169,119,39,11,28,80,67,13,32.773109243697476,9.243697478991598,23.52941176470588,67.22689075630252,56.30252100840336,10.92436974789916
E00094170,122,39,13,26,83,70,13,31.967213114754102,10.655737704918032,21.311475409836063,68.0327868852459,57.377049180327866,10.655737704918032
E00094171,140,46,12,34,94,83,11,32.857142857142854,8.571428571428571,24.285714285714285,67.14285714285714,59.285714285714285,7.857142857142857
E00094172,135,39,16,23,96,72,24,28.888888888888886,11.851851851851853,17.037037037037038,71.11111111111111,53.333333333333336,17.77777777777778
E00094173,135,43,13,30,92,84,8,31.851851851851855,9.62962962962963,22.22222222222222,68.14814814814815,62.22222222222222,5.9259259259259265
E00094174,132,49,18,31,83,63,20,37.121212121212125,13.636363636363635,23.484848484848484,62.878787878787875,47.72727272727273,15.151515151515152
E00094175,113,40,12,28,73,65,8,35.39823008849557,10.619469026548673,24.778761061946902,64.60176991150442,57.52212389380531,7.079646017699115
E00094176,149,55,18,37,94,84,10,36.91275167785235,12.080536912751679,24.832214765100673,63.08724832214765,56.375838926174495,6.7114093959731544
E00094177,66,19,6,13,47,43,4,28.78787878787879,9.090909090909092,19.696969696969695,71.21212121212122,65.15151515151516,6.0606060606060606
E00094178,159,52,13,39,107,90,17,32.70440251572327,8.176100628930817,24.528301886792452,67.29559748427673,56.60377358490566,10.69182389937107
E00094179,155,38,17,21,117,103,14,24.516129032258064,10.967741935483872,13.548387096774196,75.48387096774194,66.45161290322581,9.032258064516128
E00094180,138,41,16,25,97,82,15,29.71014492753623,11.594202898550725,18.115942028985508,70.28985507246377,59.42028985507246,10.869565217391305
E00094181,124,43,15,28,81,69,12,34.67741935483871,12.096774193548388,22.58064516129032,65.32258064516128,55.64516129032258,9.67741935483871
E00094182,185,61,21,40,124,106,18,32.972972972972975,11.351351351351353,21.62162162162162,67.02702702702703,57.2972972972973,9.72972972972973
E00094183,136,41,23,18,95,75,20,30.14705882352941,16.911764705882355,13.23529411764706,69.85294117647058,55.14705882352941,14.705882352941178
E00094184,112,48,25,23,64,51,13,42.857142857142854,22.321428571428573,20.535714285714285,57.14285714285714,45.535714285714285,11.607142857142858
E00094185,132,47,13,34,85,65,20,35.60606060606061,9.848484848484848,25.757575757575758,64.39393939393939,49.24242424242424,15.151515151515152
E00094186,197,70,32,38,127,104,23,35.53299492385787,16.243654822335024,19.289340101522843,64.46700507614213,52.79187817258884,11.6751269035533
E00094187,139,46,15,31,93,77,16,33.093525179856115,10.79136690647482,22.302158273381295,66.90647482014388,55.39568345323741,11.510791366906476
E00094188,119,39,6,33,80,71,9,32.773109243697476,5.042016806722689,27.73109243697479,67.22689075630252,59.66386554621849,7.563025210084033
E00094189,122,46,22,24,76,64,12,37.704918032786885,18.0327868852459,19.672131147540984,62.295081967213115,52.459016393442624,9.836065573770492
E00094190,170,55,14,41,115,100,15,32.35294117647059,8.235294117647058,24.11764705882353,67.64705882352942,58.82352941176471,8.823529411764707
E00094191,169,56,24,32,113,91,22,33.13609467455622,14.201183431952662,18.93491124260355,66.86390532544378,53.84615384615385,13.017751479289942
E00094192,121,35,13,22,86,78,8,28.92561983471074,10.743801652892563,18.181818181818183,71.07438016528926,64.46280991735537,6.6115702479338845
E00094193,115,37,17,20,78,64,14,32.17391304347826,14.782608695652174,17.391304347826086,67.82608695652173,55.65217391304348,12.173913043478262
E00094194,109,38,13,25,71,55,16,34.862385321100916,11.926605504587156,22.93577981651376,65.13761467889908,50.45871559633027,14.678899082568808
E00094195,177,55,23,32,122,97,25,31.07344632768362,12.994350282485875,18.07909604519774,68.92655367231639,54.80225988700565,14.124293785310735
E00094196,168,55,21,34,113,92,21,32.73809523809524,12.5,20.238095238095237,67.26190476190477,54.761904761904766,12.5
E00094197,104,29,15,14,75,64,11,27.884615384615387,14.423076923076922,13.461538461538462,72.11538461538461,61.53846153846154,10.576923076923077
E00094198,99,35,13,22,64,52,12,35.35353535353536,13.131313131313133,22.22222222222222,64.64646464646465,52.52525252525253,12.121212121212121
E00094199,124,40,12,28,84,73,11,32.25806451612903,9.67741935483871,22.58064516129032,67.74193548387096,58.87096774193549,8.870967741935484
E00094200,140,51,15,36,89,80,9,36.42857142857142,10.714285714285714,25.71428571428571,63.57142857142857,57.14285714285714,6.428571428571428
E00094201,161,51,26,25,110,96,14,31.67701863354037,16.149068322981368,15.527950310559005,68.32298136645963,59.62732919254658,8.695652173913043
E00094202,155,60,19,41,95,74,21,38.70967741935484,12.258064516129032,26.451612903225808,61.29032258064516,47.74193548387097,13.548387096774196
E00094203,112,36,10,26,76,67,9,32.142857142857146,8.928571428571429,23.214285714285715,67.85714285714286,59.82142857142857,8.035714285714286
E00094204,156,37,14,23,119,107,12,23.717948717948715,8.974358974358974,14.743589743589745,76.28205128205127,68.58974358974359,7.6923076923076925
E00094205,174,47,21,26,127,96,31,27.011494252873565,12.068965517241379,14.942528735632186,72.98850574712644,55.172413793103445,17.81609195402299
E00094206,188,63,30,33,125,87,38,33.51063829787234,15.957446808510639,17.5531914893617,66.48936170212765,46.27659574468085,20.212765957446805
E00094207,181,57,30,27,124,90,34,31.491712707182316,16.574585635359114,14.917127071823206,68.50828729281768,49.72375690607735,18.784530386740332
E00094208,139,47,20,27,92,50,42,33.81294964028777,14.388489208633093,19.424460431654676,66.18705035971223,35.97122302158273,30.215827338129497
E00094210,108,35,17,18,73,46,27,32.407407407407405,15.74074074074074,16.666666666666664,67.5925925925926,42.592592592592595,25
E00094211,100,32,15,17,68,51,17,32,15,17,68,51,17
E00094212,100,31,13,18,69,54,15,31,13,18,69,54,15
E00094213,135,47,24,23,88,57,31,34.81481481481482,17.77777777777778,17.037037037037038,65.18518518518519,42.22222222222222,22.962962962962962
E00094214,109,32,17,15,77,57,20,29.357798165137616,15.59633027522936,13.761467889908257,70.64220183486239,52.293577981651374,18.34862385321101
E00094215,78,15,7,8,63,52,11,19.230769230769234,8.974358974358974,10.256410256410255,80.76923076923077,66.66666666666666,14.102564102564102
E00094216,131,43,19,24,88,66,22,32.82442748091603,14.50381679389313,18.3206106870229,67.17557251908397,50.38167938931297,16.793893129770993
E00094218,102,43,17,26,59,45,14,42.15686274509804,16.666666666666664,25.49019607843137,57.84313725490197,44.11764705882353,13.725490196078432
E00094219,114,36,17,19,78,48,30,31.57894736842105,14.912280701754385,16.666666666666664,68.42105263157895,42.10526315789473,26.31578947368421
E00094220,133,38,16,22,95,65,30,28.57142857142857,12.030075187969924,16.541353383458645,71.42857142857143,48.87218045112782,22.55639097744361
E00094221,131,46,19,27,85,59,26,35.11450381679389,14.50381679389313,20.610687022900763,64.8854961832061,45.038167938931295,19.84732824427481
E00094222,163,64,30,34,99,84,15,39.263803680981596,18.404907975460123,20.858895705521473,60.73619631901841,51.533742331288344,9.202453987730062
E00094223,122,35,12,23,87,62,25,28.688524590163933,9.836065573770492,18.852459016393443,71.31147540983606,50.81967213114754,20.491803278688526
E00094224,100,30,6,24,70,63,7,30,6,24,70,63,7.000000000000001
E00094225,108,38,17,21,70,54,16,35.18518518518518,15.74074074074074,19.444444444444446,64.81481481481481,50,14.814814814814813
E00094226,149,52,22,30,97,72,25,34.899328859060404,14.76510067114094,20.13422818791946,65.1006711409396,48.322147651006716,16.778523489932887
E00094227,122,39,20,19,83,58,25,31.967213114754102,16.39344262295082,15.573770491803279,68.0327868852459,47.540983606557376,20.491803278688526
E00094228,158,50,18,32,108,94,14,31.645569620253166,11.39240506329114,20.253164556962027,68.35443037974683,59.49367088607595,8.860759493670885
E00094229,159,55,24,31,104,68,36,34.59119496855346,15.09433962264151,19.49685534591195,65.40880503144653,42.76729559748428,22.641509433962266
E00094230,164,53,21,32,111,92,19,32.31707317073171,12.804878048780488,19.51219512195122,67.6829268292683,56.09756097560976,11.585365853658537
E00094231,162,54,27,27,108,79,29,33.33333333333333,16.666666666666664,16.666666666666664,66.66666666666666,48.76543209876543,17.901234567901234
E00094232,100,32,11,21,68,40,28,32,11,21,68,40,28.000000000000004
E00094233,165,66,30,36,99,82,17,40,18.181818181818183,21.818181818181817,60,49.696969696969695,10.303030303030303
E00094234,149,54,16,38,95,80,15,36.241610738255034,10.738255033557047,25.503355704697988,63.758389261744966,53.691275167785236,10.06711409395973
E00094235,200,79,42,37,121,79,42,39.5,21,18.5,60.5,39.5,21
E00094236,105,40,14,26,65,54,11,38.095238095238095,13.333333333333334,24.761904761904763,61.904761904761905,51.42857142857142,10.476190476190476
E00094237,123,40,23,17,83,65,18,32.52032520325203,18.69918699186992,13.821138211382115,67.47967479674797,52.84552845528455,14.634146341463413
E00094238,146,39,12,27,107,95,12,26.71232876712329,8.21917808219178,18.493150684931507,73.28767123287672,65.06849315068493,8.21917808219178
E00094239,103,35,19,16,68,46,22,33.980582524271846,18.446601941747574,15.53398058252427,66.01941747572816,44.66019417475729,21.35922330097087
E00174340,135,38,11,27,97,86,11,28.14814814814815,8.148148148148149,20,71.85185185185186,63.70370370370371,8.148148148148149
E00174341,111,21,8,13,90,83,7,18.91891891891892,7.207207207207207,11.711711711711711,81.08108108108108,74.77477477477478,6.306306306306306
E00174342,74,16,5,11,58,49,9,21.62162162162162,6.756756756756757,14.864864864864865,78.37837837837837,66.21621621621621,12.162162162162163
E00174343,168,48,16,32,120,106,14,28.57142857142857,9.523809523809524,19.047619047619047,71.42857142857143,63.095238095238095,8.333333333333332
E00174344,124,37,9,28,87,69,18,29.838709677419356,7.258064516129033,22.58064516129032,70.16129032258065,55.64516129032258,14.516129032258066
E00174345,121,38,22,16,83,64,19,31.40495867768595,18.181818181818183,13.223140495867769,68.59504132231406,52.892561983471076,15.702479338842975
E00174346,92,29,10,19,63,59,4,31.521739130434785,10.869565217391305,20.652173913043477,68.47826086956522,64.13043478260869,4.3478260869565215
E00174347,151,45,20,25,106,94,12,29.80132450331126,13.245033112582782,16.55629139072848,70.19867549668875,62.251655629139066,7.9470198675496695
E00174348,157,42,19,23,115,104,11,26.751592356687897,12.101910828025478,14.64968152866242,73.24840764331209,66.2420382165605,7.006369426751593
E00174350,156,40,24,16,116,104,12,25.64102564102564,15.384615384615385,10.256410256410255,74.35897435897436,66.66666666666666,7.6923076923076925
E00174352,148,41,15,26,107,91,16,27.7027027027027,10.135135135135135,17.56756756756757,72.2972972972973,61.48648648648649,10.81081081081081
E00174354,123,40,9,31,83,78,5,32.52032520325203,7.317073170731707,25.203252032520325,67.47967479674797,63.41463414634146,4.0650406504065035
E00174355,189,51,23,28,138,115,23,26.984126984126984,12.16931216931217,14.814814814814813,73.01587301587301,60.84656084656085,12.16931216931217
E00174357,144,43,16,27,101,84,17,29.86111111111111,11.11111111111111,18.75,70.13888888888889,58.333333333333336,11.805555555555555
E00174360,165,56,20,36,109,86,23,33.939393939393945,12.121212121212121,21.818181818181817,66.06060606060606,52.121212121212125,13.939393939393941
E00174361,170,52,11,41,118,100,18,30.58823529411765,6.470588235294119,24.11764705882353,69.41176470588235,58.82352941176471,10.588235294117647
E00174363,265,72,31,41,193,161,32,27.169811320754718,11.69811320754717,15.471698113207546,72.83018867924528,60.75471698113207,12.075471698113208
E00174364,238,61,21,40,177,149,28,25.630252100840334,8.823529411764707,16.80672268907563,74.36974789915966,62.60504201680672,11.76470588235294
E00174366,227,52,19,33,175,150,25,22.90748898678414,8.370044052863436,14.537444933920703,77.09251101321586,66.07929515418502,11.013215859030836
E00174368,154,22,8,14,132,112,20,14.285714285714285,5.194805194805195,9.090909090909092,85.71428571428571,72.72727272727273,12.987012987012985
E00174369,181,51,17,34,130,115,15,28.176795580110497,9.392265193370166,18.784530386740332,71.8232044198895,63.53591160220995,8.287292817679557
E00174371,162,56,19,37,106,89,17,34.5679012345679,11.728395061728394,22.839506172839506,65.4320987654321,54.93827160493827,10.493827160493826
E00174372,64,21,6,15,43,38,5,32.8125,9.375,23.4375,67.1875,59.375,7.8125
E00174374,144,37,8,29,107,85,22,25.694444444444443,5.555555555555555,20.13888888888889,74.30555555555556,59.02777777777778,15.277777777777779
E00174375,184,47,15,32,137,113,24,25.543478260869566,8.152173913043478,17.391304347826086,74.45652173913044,61.41304347826087,13.043478260869565
E00174377,97,28,6,22,69,59,10,28.865979381443296,6.185567010309279,22.68041237113402,71.1340206185567,60.824742268041234,10.309278350515463
E00174378,54,12,7,5,42,35,7,22.22222222222222,12.962962962962962,9.25925925925926,77.77777777777779,64.81481481481481,12.962962962962962
E00174380,67,10,1,9,57,51,6,14.925373134328357,1.4925373134328357,13.432835820895523,85.07462686567165,76.11940298507463,8.955223880597014
E00174383,127,15,3,12,112,105,7,11.811023622047244,2.3622047244094486,9.448818897637794,88.18897637795276,82.67716535433071,5.511811023622047
E00174388,158,25,6,19,133,119,14,15.822784810126583,3.79746835443038,12.025316455696203,84.17721518987342,75.31645569620254,8.860759493670885
E00174389,180,58,20,38,122,82,40,32.22222222222222,11.11111111111111,21.11111111111111,67.77777777777779,45.55555555555556,22.22222222222222
E00174391,175,39,14,25,136,119,17,22.285714285714285,8,14.285714285714285,77.71428571428571,68,9.714285714285714
E00174397,188,45,15,30,143,118,25,23.93617021276596,7.9787234042553195,15.957446808510639,76.06382978723404,62.76595744680851,13.297872340425531
E00174399,237,67,21,46,170,147,23,28.270042194092827,8.860759493670885,19.40928270042194,71.72995780590718,62.0253164556962,9.70464135021097
E00174400,146,32,11,21,114,103,11,21.91780821917808,7.534246575342466,14.383561643835616,78.08219178082192,70.54794520547945,7.534246575342466
E00174402,195,53,13,40,142,123,19,27.17948717948718,6.666666666666667,20.51282051282051,72.82051282051282,63.07692307692307,9.7435897435897445
E00174403,76,16,5,11,60,52,8,21.052631578947366,6.578947368421052,14.473684210526317,78.94736842105263,68.42105263157895,10.526315789473683
E00174406,174,41,18,23,133,104,29,23.563218390804597,10.344827586206897,13.218390804597702,76.4367816091954,59.77011494252874,16.666666666666664
E00174408,164,46,14,32,118,91,27,28.04878048780488,8.536585365853659,19.51219512195122,71.95121951219512,55.487804878048784,16.463414634146343
E00174410,209,46,14,32,163,126,37,22.00956937799043,6.698564593301436,15.311004784688995,77.99043062200957,60.28708133971292,17.703349282296653
E00174411,178,55,19,36,123,86,37,30.89887640449438,10.674157303370785,20.224719101123593,69.10112359550563,48.31460674157304,20.786516853932586
E00174413,271,70,19,51,201,171,30,25.830258302583026,7.011070110701106,18.81918819188192,74.16974169741697,63.09963099630996,11.07011070110701
E00174414,183,57,18,39,126,110,16,31.147540983606557,9.836065573770492,21.311475409836063,68.85245901639344,60.10928961748634,8.743169398907105
E00174417,151,43,15,28,108,91,17,28.47682119205298,9.933774834437086,18.543046357615893,71.52317880794702,60.264900662251655,11.258278145695364
E00174419,280,68,29,39,212,144,68,24.285714285714285,10.357142857142858,13.928571428571429,75.71428571428571,51.42857142857142,24.285714285714285
E00174420,251,73,33,40,178,142,36,29.08366533864542,13.147410358565736,15.936254980079681,70.91633466135458,56.573705179282875,14.342629482071715
E00174422,74,19,7,12,55,44,11,25.675675675675674,9.45945945945946,16.216216216216218,74.32432432432432,59.45945945945946,14.864864864864865
E00174424,164,51,22,29,113,79,34,31.097560975609756,13.414634146341465,17.682926829268293,68.90243902439023,48.170731707317074,20.73170731707317
E00174425,134,28,13,15,106,68,38,20.8955223880597,9.701492537313433,11.194029850746269,79.1044776119403,50.74626865671642,28.35820895522388
E00184540,139,41,17,24,98,63,35,29.496402877697843,12.23021582733813,17.26618705035971,70.50359712230215,45.32374100719424,25.179856115107913
E00184541,74,21,7,14,53,48,5,28.37837837837838,9.45945945945946,18.91891891891892,71.62162162162163,64.86486486486487,6.756756756756757
E00184542,89,28,12,16,61,52,9,31.46067415730337,13.48314606741573,17.97752808988764,68.53932584269663,58.42696629213483,10.112359550561797
E00184543,245,41,18,23,204,176,28,16.73469387755102,7.346938775510205,9.387755102040817,83.26530612244898,71.83673469387755,11.428571428571429
E00184544,198,49,11,38,149,128,21,24.747474747474747,5.555555555555555,19.19191919191919,75.25252525252525,64.64646464646465,10.606060606060606
E00184546,137,33,12,21,104,87,17,24.087591240875913,8.75912408759124,15.328467153284672,75.91240875912408,63.503649635036496,12.408759124087592
E00184547,180,56,20,36,124,102,22,31.11111111111111,11.11111111111111,20,68.88888888888889,56.666666666666664,12.222222222222221
E00184549,218,60,20,40,158,130,28,27.522935779816514,9.174311926605505,18.34862385321101,72.47706422018348,59.63302752293578,12.844036697247708
E00184550,233,55,13,42,178,161,17,23.605150214592275,5.579399141630901,18.025751072961373,76.39484978540773,69.09871244635193,7.296137339055794
E00184551,432,62,24,38,370,348,22,14.351851851851851,5.555555555555555,8.796296296296296,85.64814814814815,80.55555555555556,5.092592592592593
E00184552,136,45,15,30,91,78,13,33.088235294117645,11.029411764705882,22.058823529411764,66.91176470588235,57.35294117647059,9.558823529411764
E00184553,264,78,31,47,186,161,25,29.545454545454547,11.742424242424242,17.803030303030305,70.45454545454545,60.984848484848484,9.469696969696969
E00184554,59,20,6,14,39,32,7,33.89830508474576,10.16949152542373,23.728813559322035,66.10169491525424,54.23728813559322,11.864406779661017
E00184555,122,35,12,23,87,76,11,28.688524590163933,9.836065573770492,18.852459016393443,71.31147540983606,62.295081967213115,9.01639344262295
E00184556,46,16,6,10,30,28,2,34.78260869565217,13.043478260869565,21.73913043478261,65.21739130434783,60.86956521739131,4.3478260869565215
E00184557,201,63,35,28,138,95,43,31.343283582089555,17.412935323383085,13.930348258706468,68.65671641791045,47.2636815920398,21.393034825870647
E00184558,166,44,10,34,122,105,17,26.506024096385545,6.024096385542169,20.481927710843372,73.49397590361446,63.25301204819277,10.240963855421686
E00184559,236,68,25,43,168,137,31,28.8135593220339,10.59322033898305,18.220338983050848,71.1864406779661,58.05084745762712,13.135593220338984
E00184560,149,33,10,23,116,88,28,22.14765100671141,6.7114093959731544,15.436241610738255,77.85234899328859,59.06040268456376,18.79194630872483
E00184561,184,55,15,40,129,99,30,29.891304347826086,8.152173913043478,21.73913043478261,70.1086956521739,53.80434782608695,16.304347826086957
E00184562,143,54,24,30,89,55,34,37.76223776223776,16.783216783216783,20.97902097902098,62.23776223776224,38.46153846153847,23.776223776223777
E00184563,221,53,21,32,168,127,41,23.981900452488688,9.502262443438914,14.479638009049776,76.01809954751131,57.466063348416284,18.552036199095024
E00184564,262,78,33,45,184,158,26,29.770992366412212,12.595419847328243,17.17557251908397,70.22900763358778,60.30534351145038,9.923664122137405
E00184565,62,11,4,7,51,44,7,17.741935483870968,6.451612903225806,11.29032258064516,82.25806451612904,70.96774193548387,11.29032258064516
E00184566,190,106,69,37,84,61,23,55.78947368421052,36.31578947368421,19.473684210526315,44.21052631578947,32.10526315789474,12.105263157894736
E00184567,264,73,23,50,191,162,29,27.65151515151515,8.712121212121213,18.939393939393938,72.34848484848484,61.36363636363637,10.984848484848484
E00184568,259,45,22,23,214,175,39,17.374517374517374,8.494208494208493,8.880308880308881,82.62548262548263,67.56756756756756,15.057915057915059
E00184569,65,9,4,5,56,51,5,13.846153846153847,6.153846153846154,7.6923076923076925,86.15384615384616,78.46153846153847,7.6923076923076925
E00184570,258,73,23,50,185,163,22,28.294573643410853,8.914728682170542,19.379844961240313,71.70542635658916,63.17829457364341,8.527131782945736
E00184571,264,72,23,49,192,169,23,27.27272727272727,8.712121212121213,18.560606060606062,72.72727272727273,64.01515151515152,8.712121212121213
E00184572,266,66,16,50,200,160,40,24.81203007518797,6.015037593984962,18.796992481203006,75.18796992481202,60.150375939849624,15.037593984962406
E00184573,53,12,2,10,41,33,8,22.641509433962266,3.7735849056603774,18.867924528301888,77.35849056603774,62.264150943396224,15.09433962264151
E00184574,167,39,13,26,128,98,30,23.353293413173652,7.784431137724551,15.568862275449103,76.64670658682635,58.68263473053892,17.964071856287426
E00184575,169,41,14,27,128,115,13,24.2603550295858,8.284023668639055,15.976331360946746,75.7396449704142,68.04733727810651,7.6923076923076925
E00184576,65,25,15,10,40,37,3,38.46153846153847,23.076923076923077,15.384615384615385,61.53846153846154,56.92307692307692,4.615384615384616
E00184577,84,19,11,8,65,56,9,22.61904761904762,13.095238095238097,9.523809523809524,77.38095238095238,66.66666666666666,10.714285714285714
E00184578,250,56,14,42,194,169,25,22.400000000000002,5.6000000000000005,16.8,77.60000000000001,67.60000000000001,10
E00184579,243,61,22,39,182,143,39,25.102880658436217,9.053497942386832,16.049382716049383,74.8971193415638,58.8477366255144,16.049382716049383
E00184580,270,54,14,40,216,169,47,20,5.185185185185185,14.814814814814813,80,62.59259259259259,17.40740740740741
E00184581,133,31,12,19,102,93,9,23.308270676691727,9.022556390977442,14.285714285714285,76.69172932330827,69.92481203007519,6.7669172932330826
E00184582,146,51,28,23,95,79,16,34.93150684931507,19.17808219178082,15.753424657534246,65.06849315068493,54.109589041095894,10.95890410958904
E00184583,130,40,13,27,90,76,14,30.76923076923077,10,20.76923076923077,69.23076923076923,58.46153846153847,10.76923076923077
E00184584,188,34,8,26,154,132,22,18.085106382978726,4.25531914893617,13.829787234042554,81.91489361702128,70.2127659574468,11.702127659574469
E00184585,57,9,2,7,48,38,10,15.789473684210526,3.508771929824561,12.280701754385964,84.21052631578947,66.66666666666666,17.543859649122805
E00184586,218,56,14,42,162,138,24,25.688073394495415,6.422018348623854,19.26605504587156,74.31192660550458,63.30275229357798,11.009174311926607
E00184587,60,20,8,12,40,36,4,33.33333333333333,13.333333333333334,20,66.66666666666666,60,6.666666666666667
E00184588,287,72,21,51,215,190,25,25.087108013937282,7.317073170731707,17.770034843205575,74.91289198606272,66.2020905923345,8.710801393728223
E00184589,142,50,29,21,92,81,11,35.2112676056338,20.422535211267608,14.788732394366196,64.7887323943662,57.04225352112676,7.746478873239436
E00184590,139,39,17,22,100,88,12,28.05755395683453,12.23021582733813,15.827338129496402,71.94244604316546,63.30935251798561,8.633093525179856
E00184591,224,49,15,34,175,147,28,21.875,6.696428571428571,15.178571428571427,78.125,65.625,12.5
E00184592,144,44,19,25,100,70,30,30.555555555555557,13.194444444444445,17.36111111111111,69.44444444444444,48.61111111111111,20.833333333333336
E00184593,97,36,14,22,61,54,7,37.11340206185567,14.432989690721648,22.68041237113402,62.88659793814433,55.670103092783506,7.216494845360824
E00184594,67,18,7,11,49,44,5,26.865671641791046,10.44776119402985,16.417910447761194,73.13432835820896,65.67164179104478,7.462686567164178
E00184595,109,33,10,23,76,62,14,30.275229357798167,9.174311926605505,21.100917431192663,69.72477064220183,56.88073394495413,12.844036697247708
E00184596,160,34,10,24,126,113,13,21.25,6.25,15,78.75,70.625,8.125
E00184597,100,21,9,12,79,66,13,21,9,12,79,66,13
E00184598,205,53,18,35,152,131,21,25.853658536585368,8.780487804878048,17.073170731707318,74.14634146341463,63.90243902439025,10.24390243902439
E00184599,254,50,14,36,204,179,25,19.68503937007874,5.511811023622047,14.173228346456693,80.31496062992126,70.47244094488188,9.84251968503937
E00184600,71,26,11,15,45,35,10,36.61971830985916,15.492957746478872,21.12676056338028,63.38028169014085,49.29577464788733,14.084507042253522
E00184601,182,36,10,26,146,121,25,19.78021978021978,5.4945054945054945,14.285714285714285,80.21978021978022,66.48351648351648,13.736263736263737
E00184602,363,77,24,53,286,247,39,21.21212121212121,6.6115702479338845,14.600550964187327,78.78787878787878,68.04407713498622,10.743801652892563
E00184603,62,19,8,11,43,42,1,30.64516129032258,12.903225806451612,17.741935483870968,69.35483870967742,67.74193548387096,1.6129032258064515
E00184604,118,39,17,22,79,64,15,33.05084745762712,14.40677966101695,18.64406779661017,66.94915254237289,54.23728813559322,12.711864406779661
E00184605,143,39,16,23,104,78,26,27.27272727272727,11.188811188811188,16.083916083916083,72.72727272727273,54.54545454545454,18.181818181818183
E00184606,279,70,11,59,209,182,27,25.089605734767023,3.942652329749104,21.14695340501792,74.91039426523297,65.23297491039428,9.67741935483871
E00184607,311,77,27,50,234,201,33,24.758842443729904,8.681672025723474,16.077170418006432,75.2411575562701,64.63022508038586,10.610932475884244
E00184608,80,23,7,16,57,50,7,28.749999999999996,8.75,20,71.25,62.5,8.75
E00184609,59,15,7,8,44,37,7,25.423728813559322,11.864406779661017,13.559322033898304,74.57627118644068,62.71186440677966,11.864406779661017
E00184610,242,70,30,40,172,122,50,28.92561983471074,12.396694214876034,16.528925619834713,71.07438016528926,50.413223140495866,20.66115702479339
E00184611,158,53,13,40,105,94,11,33.54430379746836,8.227848101265822,25.31645569620253,66.45569620253164,59.49367088607595,6.962025316455696
E00184612,103,28,8,20,75,66,9,27.184466019417474,7.766990291262135,19.41747572815534,72.81553398058253,64.07766990291263,8.737864077669903
E00184613,121,45,22,23,76,64,12,37.1900826446281,18.181818181818183,19.00826446280992,62.8099173553719,52.892561983471076,9.917355371900827
E00184614,90,18,5,13,72,66,6,20,5.555555555555555,14.444444444444443,80,73.33333333333333,6.666666666666667
E00184615,173,34,6,28,139,118,21,19.653179190751445,3.4682080924855487,16.184971098265898,80.34682080924856,68.20809248554913,12.138728323699421
E00184616,110,19,4,15,91,77,14,17.272727272727273,3.6363636363636362,13.636363636363635,82.72727272727273,70,12.727272727272727
E00184617,153,33,11,22,120,97,23,21.568627450980394,7.18954248366013,14.37908496732026,78.43137254901961,63.39869281045751,15.032679738562091
E00184618,133,23,8,15,110,94,16,17.293233082706767,6.015037593984962,11.278195488721805,82.70676691729322,70.67669172932331,12.030075187969924
E00184619,120,32,11,21,88,66,22,26.666666666666668,9.166666666666666,17.5,73.33333333333333,55.00000000000001,18.333333333333332
E00184620,290,78,26,52,212,180,32,26.89655172413793,8.96551724137931,17.93103448275862,73.10344827586206,62.06896551724138,11.03448275862069
E00184621,105,21,9,12,84,74,10,20,8.571428571428571,11.428571428571429,80,70.47619047619048,9.523809523809524
E00184622,157,30,11,19,127,113,14,19.10828025477707,7.006369426751593,12.101910828025478,80.89171974522293,71.97452229299363,8.9171974522293
E00184623,206,44,6,38,162,142,20,21.35922330097087,2.912621359223301,18.446601941747574,78.64077669902912,68.93203883495146,9.70873786407767
E00184624,263,58,20,38,205,178,27,22.0532319391635,7.604562737642586,14.44866920152091,77.9467680608365,67.68060836501901,10.26615969581749
E00184625,85,23,11,12,62,53,9,27.058823529411764,12.941176470588237,14.117647058823529,72.94117647058823,62.35294117647059,10.588235294117647
E00184626,201,58,19,39,143,124,19,28.855721393034827,9.45273631840796,19.402985074626866,71.14427860696517,61.69154228855721,9.45273631840796
E00184627,320,77,26,51,243,210,33,24.0625,8.125,15.937499999999998,75.9375,65.625,10.3125
E00184628,247,55,11,44,192,162,30,22.267206477732792,4.4534412955465585,17.813765182186234,77.7327935222672,65.58704453441295,12.145748987854251
E00184629,268,53,15,38,215,191,24,19.776119402985074,5.597014925373134,14.17910447761194,80.22388059701493,71.26865671641791,8.955223880597014
E00184630,161,29,12,17,132,118,14,18.012422360248447,7.453416149068323,10.559006211180124,81.98757763975155,73.29192546583852,8.695652173913043
E00184631,248,50,10,40,198,166,32,20.161290322580644,4.032258064516129,16.129032258064516,79.83870967741935,66.93548387096774,12.903225806451612
E00184632,268,63,19,44,205,179,26,23.507462686567166,7.08955223880597,16.417910447761194,76.49253731343283,66.7910447761194,9.701492537313433
E00184633,178,47,14,33,131,120,11,26.40449438202247,7.865168539325842,18.53932584269663,73.59550561797754,67.41573033707866,6.179775280898876
E00184634,220,40,12,28,180,161,19,18.181818181818183,5.454545454545454,12.727272727272727,81.81818181818183,73.18181818181819,8.636363636363637
E00184635,149,34,10,24,115,100,15,22.818791946308725,6.7114093959731544,16.10738255033557,77.18120805369128,67.11409395973155,10.06711409395973
E00184636,181,47,13,34,134,109,25,25.96685082872928,7.18232044198895,18.784530386740332,74.03314917127072,60.22099447513812,13.812154696132598
E00184637,198,53,17,36,145,122,23,26.767676767676768,8.585858585858585,18.181818181818183,73.23232323232324,61.61616161616161,11.616161616161616
E00184638,195,45,20,25,150,102,48,23.076923076923077,10.256410256410255,12.82051282051282,76.92307692307693,52.307692307692314,24.615384615384617
E00184639,177,23,9,14,154,140,14,12.994350282485875,5.084745762711865,7.909604519774012,87.00564971751412,79.09604519774011,7.909604519774012
E00184640,61,20,9,11,41,31,10,32.78688524590164,14.754098360655737,18.0327868852459,67.21311475409836,50.81967213114754,16.39344262295082
E00184641,138,33,10,23,105,89,16,23.91304347826087,7.246376811594203,16.666666666666664,76.08695652173914,64.4927536231884,11.594202898550725
E00184642,215,57,24,33,158,129,29,26.51162790697674,11.162790697674419,15.348837209302326,73.48837209302326,60,13.488372093023257
E00184643,207,58,19,39,149,118,31,28.019323671497588,9.178743961352657,18.84057971014493,71.98067632850241,57.00483091787439,14.975845410628018
E00184644,245,46,11,35,199,169,30,18.775510204081634,4.489795918367347,14.285714285714285,81.22448979591836,68.9795918367347,12.244897959183673
