OA,ts0590001,ts0590002,ts0590003,ts0590004,ts0590005,ts0590006,ts0590007,ts0590002_PCT,ts0590003_PCT,ts0590004_PCT,ts0590005_PCT,ts0590006_PCT,ts0590007_PCT
E00157365,267,82,30,52,185,150,35,30.711610486891384,11.235955056179774,19.475655430711612,69.28838951310861,56.17977528089888,13.108614232209737
E00157366,128,42,22,20,86,70,16,32.8125,17.1875,15.625,67.1875,54.6875,12.5
E00157368,12,5,2,3,7,5,2,41.66666666666667,16.666666666666664,25,58.333333333333336,41.66666666666667,16.666666666666664
E00157369,121,35,17,18,86,59,27,28.92561983471074,14.049586776859504,14.87603305785124,71.07438016528926,48.760330578512395,22.31404958677686
E00157370,129,47,18,29,82,71,11,36.434108527131784,13.953488372093023,22.48062015503876,63.565891472868216,55.03875968992248,8.527131782945736
E00157371,144,45,20,25,99,81,18,31.25,13.88888888888889,17.36111111111111,68.75,56.25,12.5
E00157372,195,64,30,34,131,92,39,32.82051282051282,15.384615384615385,17.435897435897434,67.17948717948717,47.179487179487175,20
E00157373,126,41,16,25,85,68,17,32.53968253968254,12.698412698412698,19.841269841269842,67.46031746031747,53.96825396825397,13.492063492063492
E00157374,113,47,20,27,66,47,19,41.5929203539823,17.699115044247787,23.893805309734514,58.4070796460177,41.5929203539823,16.8141592920354
E00157375,130,41,19,22,89,52,37,31.538461538461537,14.615384615384617,16.923076923076923,68.46153846153847,40,28.46153846153846
E00157376,140,43,18,25,97,72,25,30.714285714285715,12.857142857142856,17.857142857142858,69.28571428571428,51.42857142857142,17.857142857142858
E00157377,196,59,37,22,137,83,54,30.102040816326532,18.877551020408163,11.224489795918368,69.89795918367348,42.3469387755102,27.55102040816326
E00157378,97,32,10,22,65,46,19,32.98969072164948,10.309278350515463,22.68041237113402,67.0103092783505,47.42268041237113,19.587628865979383
E00157379,153,48,22,26,105,74,31,31.372549019607842,14.37908496732026,16.99346405228758,68.62745098039215,48.366013071895424,20.26143790849673
E00157380,170,51,21,30,119,81,38,30,12.352941176470589,17.647058823529413,70,47.647058823529406,22.35294117647059
E00157381,173,50,19,31,123,97,26,28.901734104046245,10.982658959537572,17.91907514450867,71.09826589595376,56.06936416184971,15.028901734104046
E00157382,203,65,23,42,138,102,36,32.01970443349754,11.330049261083744,20.689655172413794,67.98029556650246,50.24630541871922,17.733990147783253
E00157383,140,39,17,22,101,73,28,27.857142857142858,12.142857142857142,15.714285714285714,72.14285714285714,52.142857142857146,20
E00157384,148,39,13,26,109,86,23,26.351351351351347,8.783783783783784,17.56756756756757,73.64864864864865,58.108108108108105,15.54054054054054
E00157385,133,31,15,16,102,73,29,23.308270676691727,11.278195488721805,12.030075187969924,76.69172932330827,54.88721804511278,21.804511278195488
E00157386,145,37,14,23,108,84,24,25.517241379310345,9.655172413793103,15.862068965517242,74.48275862068967,57.931034482758626,16.551724137931036
E00157387,113,34,18,16,79,62,17,30.08849557522124,15.929203539823009,14.15929203539823,69.91150442477876,54.86725663716814,15.04424778761062
E00157388,263,68,32,36,195,121,74,25.85551330798479,12.167300380228136,13.688212927756654,74.1444866920152,46.00760456273764,28.13688212927757
E00157389,246,75,36,39,171,115,56,30.48780487804878,14.634146341463413,15.853658536585366,69.51219512195121,46.7479674796748,22.76422764227642
E00157390,69,23,17,6,46,35,11,33.33333333333333,24.637681159420293,8.695652173913043,66.66666666666666,50.72463768115942,15.942028985507244
E00157391,161,45,20,25,116,80,36,27.95031055900621,12.422360248447205,15.527950310559005,72.04968944099379,49.68944099378882,22.36024844720497
E00157392,177,55,16,39,122,98,24,31.07344632768362,9.03954802259887,22.033898305084744,68.92655367231639,55.367231638418076,13.559322033898304
E00157393,139,42,15,27,97,75,22,30.215827338129497,10.79136690647482,19.424460431654676,69.7841726618705,53.956834532374096,15.827338129496402
E00157394,184,68,34,34,116,77,39,36.95652173913043,18.478260869565215,18.478260869565215,63.04347826086957,41.84782608695652,21.195652173913043
E00157395,195,58,21,37,137,99,38,29.743589743589745,10.76923076923077,18.974358974358974,70.25641025641025,50.76923076923077,19.48717948717949
E00157396,162,52,26,26,110,66,44,32.098765432098766,16.049382716049383,16.049382716049383,67.90123456790124,40.74074074074074,27.160493827160494
E00157397,143,45,11,34,98,78,20,31.46853146853147,7.6923076923076925,23.776223776223777,68.53146853146853,54.54545454545454,13.986013986013987
E00157398,135,46,21,25,89,61,28,34.074074074074076,15.555555555555555,18.51851851851852,65.92592592592592,45.18518518518518,20.74074074074074
E00157399,160,50,18,32,110,80,30,31.25,11.25,20,68.75,50,18.75
E00157400,113,33,13,20,80,69,11,29.20353982300885,11.504424778761061,17.699115044247787,70.79646017699115,61.06194690265486,9.734513274336283
E00157401,212,85,44,41,127,87,40,40.09433962264151,20.754716981132077,19.339622641509436,59.905660377358494,41.0377358490566,18.867924528301888
E00157402,220,66,32,34,154,128,26,30,14.545454545454545,15.454545454545453,70,58.18181818181818,11.818181818181818
E00157403,139,57,25,32,82,58,24,41.007194244604314,17.985611510791365,23.021582733812952,58.992805755395686,41.726618705035975,17.26618705035971
E00157404,103,30,13,17,73,57,16,29.126213592233007,12.62135922330097,16.50485436893204,70.87378640776699,55.33980582524271,15.53398058252427
E00157405,118,29,13,16,89,79,10,24.576271186440678,11.016949152542372,13.559322033898304,75.42372881355932,66.94915254237289,8.47457627118644
E00157406,106,41,21,20,65,53,12,38.67924528301887,19.81132075471698,18.867924528301888,61.32075471698113,50,11.320754716981133
E00157407,209,73,26,47,136,102,34,34.92822966507177,12.440191387559809,22.48803827751196,65.07177033492823,48.803827751196174,16.267942583732058
E00157408,258,86,35,51,172,133,39,33.33333333333333,13.565891472868216,19.767441860465116,66.66666666666666,51.55038759689923,15.11627906976744
E00157409,146,41,14,27,105,88,17,28.08219178082192,9.58904109589041,18.493150684931507,71.91780821917808,60.273972602739725,11.643835616438356
E00157410,254,73,25,48,181,159,22,28.74015748031496,9.84251968503937,18.89763779527559,71.25984251968504,62.59842519685039,8.661417322834646
E00157411,106,33,11,22,73,55,18,31.132075471698112,10.377358490566039,20.754716981132077,68.86792452830188,51.886792452830186,16.9811320754717
E00157412,133,42,14,28,91,75,16,31.57894736842105,10.526315789473683,21.052631578947366,68.42105263157895,56.390977443609025,12.030075187969924
E00157413,144,43,19,24,101,92,9,29.86111111111111,13.194444444444445,16.666666666666664,70.13888888888889,63.888888888888886,6.25
E00157414,153,60,19,41,93,79,14,39.21568627450981,12.418300653594772,26.797385620915033,60.78431372549019,51.633986928104584,9.15032679738562
E00157415,175,57,21,36,118,104,14,32.57142857142858,12,20.57142857142857,67.42857142857143,59.42857142857143,8
E00157416,155,51,25,26,104,86,18,32.903225806451616,16.129032258064516,16.7741935483871,67.0967741935484,55.483870967741936,11.612903225806452
E00157417,82,29,12,17,53,42,11,35.36585365853659,14.634146341463413,20.73170731707317,64.63414634146342,51.21951219512195,13.414634146341465
E00157418,141,58,23,35,83,53,30,41.13475177304964,16.312056737588655,24.822695035460992,58.86524822695035,37.5886524822695,21.27659574468085
E00157419,119,39,20,19,80,65,15,32.773109243697476,16.80672268907563,15.966386554621847,67.22689075630252,54.621848739495796,12.605042016806722
E00157420,112,32,15,17,80,63,17,28.57142857142857,13.392857142857142,15.178571428571427,71.42857142857143,56.25,15.178571428571427
E00157421,142,51,25,26,91,66,25,35.91549295774648,17.6056338028169,18.30985915492958,64.08450704225352,46.478873239436616,17.6056338028169
E00157422,158,48,18,30,110,85,25,30.37974683544304,11.39240506329114,18.9873417721519,69.62025316455697,53.79746835443038,15.822784810126583
E00157423,170,63,31,32,107,89,18,37.05882352941177,18.235294117647058,18.823529411764707,62.94117647058823,52.352941176470594,10.588235294117647
E00157424,136,47,20,27,89,70,19,34.55882352941176,14.705882352941178,19.852941176470587,65.44117647058823,51.470588235294116,13.970588235294118
E00157425,241,62,24,38,179,146,33,25.72614107883817,9.95850622406639,15.767634854771783,74.27385892116183,60.58091286307054,13.692946058091287
E00157426,231,73,23,50,158,132,26,31.601731601731604,9.956709956709958,21.645021645021643,68.3982683982684,57.14285714285714,11.255411255411255
E00157428,185,41,21,20,144,126,18,22.162162162162165,11.351351351351353,10.81081081081081,77.83783783783784,68.10810810810811,9.72972972972973
E00157429,139,42,21,21,97,81,16,30.215827338129497,15.107913669064748,15.107913669064748,69.7841726618705,58.27338129496403,11.510791366906476
E00157430,134,41,17,24,93,62,31,30.597014925373134,12.686567164179104,17.91044776119403,69.40298507462687,46.26865671641791,23.134328358208954
E00157431,249,75,29,46,174,140,34,30.120481927710845,11.646586345381527,18.473895582329316,69.87951807228916,56.22489959839358,13.654618473895583
E00157432,85,29,9,20,56,40,16,34.11764705882353,10.588235294117647,23.52941176470588,65.88235294117646,47.05882352941176,18.823529411764707
E00157433,66,19,8,11,47,40,7,28.78787878787879,12.121212121212121,16.666666666666664,71.21212121212122,60.60606060606061,10.606060606060606
E00157434,177,55,26,29,122,93,29,31.07344632768362,14.689265536723164,16.38418079096045,68.92655367231639,52.54237288135594,16.38418079096045
E00157435,84,30,13,17,54,43,11,35.714285714285715,15.476190476190476,20.238095238095237,64.28571428571429,51.19047619047619,13.095238095238097
E00157436,84,22,5,17,62,53,9,26.190476190476193,5.952380952380952,20.238095238095237,73.80952380952381,63.095238095238095,10.714285714285714
E00157437,126,46,23,23,80,61,19,36.507936507936506,18.253968253968253,18.253968253968253,63.49206349206349,48.41269841269841,15.079365079365079
E00157438,176,60,30,30,116,87,29,34.090909090909086,17.045454545454543,17.045454545454543,65.9090909090909,49.43181818181818,16.477272727272727
E00157439,102,44,13,31,58,39,19,43.13725490196079,12.745098039215685,30.392156862745097,56.86274509803921,38.23529411764706,18.627450980392158
E00157440,106,36,14,22,70,56,14,33.9622641509434,13.20754716981132,20.754716981132077,66.0377358490566,52.83018867924528,13.20754716981132
E00157441,116,49,21,28,67,55,12,42.241379310344826,18.103448275862068,24.137931034482758,57.758620689655174,47.41379310344828,10.344827586206897
E00157442,148,45,19,26,103,87,16,30.405405405405407,12.837837837837837,17.56756756756757,69.5945945945946,58.78378378378378,10.81081081081081
E00157443,185,65,24,41,120,92,28,35.13513513513514,12.972972972972974,22.162162162162165,64.86486486486487,49.72972972972973,15.135135135135137
E00157444,182,64,37,27,118,82,36,35.16483516483517,20.32967032967033,14.835164835164836,64.83516483516483,45.05494505494506,19.78021978021978
E00157445,151,58,26,32,93,66,27,38.41059602649007,17.218543046357617,21.192052980132452,61.58940397350994,43.70860927152318,17.880794701986755
E00157446,135,37,14,23,98,75,23,27.40740740740741,10.37037037037037,17.037037037037038,72.5925925925926,55.55555555555556,17.037037037037038
E00157447,155,48,14,34,107,85,22,30.967741935483872,9.032258064516128,21.935483870967744,69.03225806451613,54.83870967741935,14.193548387096774
E00157448,162,54,22,32,108,74,34,33.33333333333333,13.580246913580247,19.753086419753085,66.66666666666666,45.67901234567901,20.98765432098765
E00157449,151,64,29,35,87,53,34,42.384105960264904,19.205298013245034,23.178807947019866,57.615894039735096,35.099337748344375,22.516556291390728
E00157450,83,32,17,15,51,34,17,38.55421686746988,20.481927710843372,18.072289156626507,61.44578313253012,40.963855421686745,20.481927710843372
E00157451,142,41,27,14,101,74,27,28.87323943661972,19.014084507042252,9.859154929577464,71.12676056338029,52.112676056338024,19.014084507042252
E00157452,184,66,34,32,118,83,35,35.869565217391305,18.478260869565215,17.391304347826086,64.13043478260869,45.108695652173914,19.021739130434785
E00157453,138,58,29,29,80,56,24,42.028985507246375,21.014492753623188,21.014492753623188,57.971014492753625,40.57971014492754,17.391304347826086
E00157454,147,65,36,29,82,51,31,44.21768707482993,24.489795918367346,19.727891156462583,55.78231292517006,34.69387755102041,21.08843537414966
E00157455,167,55,23,32,112,81,31,32.93413173652694,13.77245508982036,19.16167664670659,67.06586826347305,48.50299401197605,18.562874251497004
E00157456,171,51,26,25,120,101,19,29.82456140350877,15.204678362573098,14.619883040935672,70.17543859649122,59.06432748538012,11.11111111111111
E00157457,133,40,12,28,93,75,18,30.075187969924812,9.022556390977442,21.052631578947366,69.92481203007519,56.390977443609025,13.533834586466165
E00157458,162,44,15,29,118,86,32,27.160493827160494,9.25925925925926,17.901234567901234,72.8395061728395,53.086419753086425,19.753086419753085
E00157459,155,59,19,40,96,71,25,38.064516129032256,12.258064516129032,25.806451612903224,61.935483870967744,45.806451612903224,16.129032258064516
E00157460,182,60,30,30,122,75,47,32.967032967032964,16.483516483516482,16.483516483516482,67.03296703296702,41.208791208791204,25.82417582417583
E00157461,125,44,19,25,81,57,24,35.199999999999996,15.2,20,64.8,45.6,19.2
E00157462,145,41,23,18,104,68,36,28.27586206896552,15.862068965517242,12.413793103448276,71.72413793103448,46.89655172413793,24.82758620689655
E00157463,151,65,27,38,86,64,22,43.04635761589404,17.880794701986755,25.165562913907287,56.95364238410596,42.384105960264904,14.56953642384106
E00157464,146,49,24,25,97,63,34,33.56164383561644,16.43835616438356,17.123287671232877,66.43835616438356,43.15068493150685,23.28767123287671
E00157465,151,58,25,33,93,64,29,38.41059602649007,16.55629139072848,21.85430463576159,61.58940397350994,42.384105960264904,19.205298013245034
E00157466,169,53,20,33,116,85,31,31.360946745562128,11.834319526627219,19.526627218934912,68.63905325443787,50.29585798816568,18.34319526627219
E00157467,153,52,12,40,101,72,29,33.98692810457516,7.8431372549019605,26.143790849673206,66.01307189542483,47.05882352941176,18.954248366013072
E00157468,197,74,28,46,123,88,35,37.56345177664975,14.213197969543149,23.3502538071066,62.43654822335025,44.67005076142132,17.766497461928935
E00157469,213,60,32,28,153,101,52,28.169014084507044,15.023474178403756,13.145539906103288,71.83098591549296,47.417840375586856,24.413145539906104
E00157470,142,49,25,24,93,77,16,34.50704225352113,17.6056338028169,16.901408450704224,65.49295774647888,54.22535211267606,11.267605633802818
E00157471,143,69,31,38,74,62,12,48.25174825174825,21.678321678321677,26.573426573426573,51.74825174825175,43.35664335664335,8.391608391608392
E00157472,128,33,8,25,95,68,27,25.78125,6.25,19.53125,74.21875,53.125,21.09375
E00157473,155,45,16,29,110,88,22,29.03225806451613,10.32258064516129,18.70967741935484,70.96774193548387,56.774193548387096,14.193548387096774
E00157474,126,44,20,24,82,71,11,34.92063492063492,15.873015873015872,19.047619047619047,65.07936507936508,56.34920634920635,8.73015873015873
E00157475,152,35,16,19,117,89,28,23.026315789473685,10.526315789473683,12.5,76.97368421052632,58.55263157894737,18.421052631578945
E00157476,149,49,24,25,100,88,12,32.88590604026846,16.10738255033557,16.778523489932887,67.11409395973155,59.06040268456376,8.053691275167784
E00157477,167,47,26,21,120,87,33,28.143712574850298,15.568862275449103,12.574850299401197,71.8562874251497,52.09580838323353,19.760479041916167
E00157478,83,21,8,13,62,55,7,25.301204819277107,9.63855421686747,15.66265060240964,74.69879518072288,66.26506024096386,8.433734939759036
E00157479,171,65,28,37,106,82,24,38.01169590643275,16.374269005847953,21.637426900584796,61.98830409356725,47.953216374269005,14.035087719298245
E00157480,183,51,22,29,132,103,29,27.86885245901639,12.021857923497267,15.846994535519126,72.1311475409836,56.284153005464475,15.846994535519126
E00157481,193,59,24,35,134,115,19,30.569948186528496,12.435233160621761,18.134715025906736,69.43005181347151,59.58549222797927,9.844559585492227
E00157482,89,16,7,9,73,58,15,17.97752808988764,7.865168539325842,10.112359550561797,82.02247191011236,65.1685393258427,16.853932584269664
E00157483,161,62,21,41,99,84,15,38.50931677018634,13.043478260869565,25.465838509316768,61.49068322981367,52.17391304347826,9.316770186335404
E00157484,170,47,18,29,123,104,19,27.647058823529413,10.588235294117647,17.058823529411764,72.35294117647058,61.1764705882353,11.176470588235295
E00157485,162,45,20,25,117,95,22,27.77777777777778,12.345679012345679,15.432098765432098,72.22222222222221,58.64197530864198,13.580246913580247
E00157486,180,60,24,36,120,94,26,33.33333333333333,13.333333333333334,20,66.66666666666666,52.22222222222223,14.444444444444443
E00157487,171,48,19,29,123,93,30,28.07017543859649,11.11111111111111,16.95906432748538,71.9298245614035,54.385964912280706,17.543859649122805
E00157488,122,32,17,15,90,80,10,26.229508196721312,13.934426229508196,12.295081967213115,73.77049180327869,65.57377049180327,8.19672131147541
E00157489,124,37,19,18,87,66,21,29.838709677419356,15.32258064516129,14.516129032258066,70.16129032258065,53.2258064516129,16.93548387096774
E00157490,149,47,14,33,102,76,26,31.543624161073826,9.395973154362416,22.14765100671141,68.45637583892618,51.006711409395976,17.449664429530202
E00157491,100,34,18,16,66,52,14,34,18,16,66,52,14.000000000000002
E00157492,165,66,30,36,99,79,20,40,18.181818181818183,21.818181818181817,60,47.878787878787875,12.121212121212121
E00157493,171,47,20,27,124,108,16,27.485380116959064,11.695906432748536,15.789473684210526,72.51461988304094,63.1578947368421,9.35672514619883
E00157494,198,57,21,36,141,100,41,28.78787878787879,10.606060606060606,18.181818181818183,71.21212121212122,50.505050505050505,20.707070707070706
E00157495,153,49,24,25,104,84,20,32.02614379084967,15.686274509803921,16.33986928104575,67.97385620915033,54.90196078431373,13.071895424836603
E00157496,171,49,18,31,122,95,27,28.654970760233915,10.526315789473683,18.128654970760234,71.34502923976608,55.55555555555556,15.789473684210526
E00157497,162,51,20,31,111,83,28,31.48148148148148,12.345679012345679,19.1358024691358,68.51851851851852,51.23456790123457,17.28395061728395
E00157498,151,53,26,27,98,90,8,35.099337748344375,17.218543046357617,17.880794701986755,64.90066225165563,59.60264900662252,5.298013245033113
E00157499,116,37,15,22,79,61,18,31.896551724137932,12.931034482758621,18.96551724137931,68.10344827586206,52.58620689655172,15.517241379310345
E00157500,171,56,16,40,115,86,29,32.748538011695906,9.35672514619883,23.391812865497073,67.2514619883041,50.29239766081871,16.95906432748538
E00157501,163,46,17,29,117,95,22,28.22085889570552,10.429447852760736,17.791411042944784,71.77914110429448,58.282208588957054,13.496932515337424
E00157502,177,59,22,37,118,94,24,33.33333333333333,12.429378531073446,20.903954802259886,66.66666666666666,53.10734463276836,13.559322033898304
E00157503,156,41,15,26,115,95,20,26.282051282051285,9.615384615384617,16.666666666666664,73.71794871794873,60.89743589743589,12.82051282051282
E00157504,207,57,25,32,150,126,24,27.536231884057973,12.077294685990339,15.458937198067632,72.46376811594203,60.86956521739131,11.594202898550725
E00157505,180,48,15,33,132,105,27,26.666666666666668,8.333333333333332,18.333333333333332,73.33333333333333,58.333333333333336,15
E00157506,172,55,19,36,117,90,27,31.976744186046513,11.046511627906977,20.930232558139537,68.02325581395348,52.32558139534884,15.69767441860465
E00157507,158,45,13,32,113,103,10,28.48101265822785,8.227848101265822,20.253164556962027,71.51898734177216,65.18987341772153,6.329113924050633
E00157508,174,39,13,26,135,123,12,22.413793103448278,7.471264367816093,14.942528735632186,77.58620689655173,70.6896551724138,6.896551724137931
E00157509,153,47,33,14,106,87,19,30.718954248366014,21.568627450980394,9.15032679738562,69.28104575163398,56.86274509803921,12.418300653594772
E00157510,194,51,14,37,143,117,26,26.288659793814436,7.216494845360824,19.072164948453608,73.71134020618557,60.30927835051546,13.402061855670103
E00157511,151,35,16,19,116,102,14,23.178807947019866,10.596026490066226,12.582781456953644,76.82119205298014,67.54966887417218,9.271523178807946
E00157512,170,57,28,29,113,82,31,33.52941176470588,16.470588235294116,17.058823529411764,66.47058823529412,48.23529411764706,18.235294117647058
E00157513,158,54,21,33,104,58,46,34.177215189873415,13.291139240506327,20.88607594936709,65.82278481012658,36.708860759493675,29.11392405063291
E00157514,128,32,9,23,96,60,36,25,7.03125,17.96875,75,46.875,28.125
E00157515,145,51,24,27,94,58,36,35.172413793103445,16.551724137931036,18.620689655172416,64.82758620689654,40,24.82758620689655
E00157516,123,42,25,17,81,59,22,34.146341463414636,20.32520325203252,13.821138211382115,65.85365853658537,47.96747967479675,17.88617886178862
E00157517,139,43,18,25,96,74,22,30.935251798561154,12.949640287769784,17.985611510791365,69.06474820143885,53.23741007194245,15.827338129496402
E00157518,210,69,27,42,141,122,19,32.857142857142854,12.857142857142856,20,67.14285714285714,58.0952380952381,9.047619047619047
E00157519,162,49,16,33,113,93,20,30.246913580246915,9.876543209876543,20.37037037037037,69.75308641975309,57.407407407407405,12.345679012345679
E00157520,271,79,34,45,192,166,26,29.15129151291513,12.546125461254611,16.605166051660518,70.84870848708486,61.254612546125465,9.59409594095941
E00157521,127,36,18,18,91,76,15,28.346456692913385,14.173228346456693,14.173228346456693,71.65354330708661,59.84251968503938,11.811023622047244
E00157522,174,58,24,34,116,96,20,33.33333333333333,13.793103448275861,19.54022988505747,66.66666666666666,55.172413793103445,11.494252873563218
E00157523,165,63,26,37,102,88,14,38.18181818181819,15.757575757575756,22.424242424242426,61.81818181818181,53.333333333333336,8.484848484848486
E00157524,196,60,19,41,136,101,35,30.612244897959183,9.693877551020408,20.918367346938776,69.38775510204081,51.53061224489795,17.857142857142858
E00157525,153,46,19,27,107,83,24,30.065359477124183,12.418300653594772,17.647058823529413,69.93464052287581,54.248366013071895,15.686274509803921
E00157526,123,36,15,21,87,78,9,29.268292682926827,12.195121951219512,17.073170731707318,70.73170731707317,63.41463414634146,7.317073170731707
E00157527,151,56,27,29,95,79,16,37.086092715231786,17.880794701986755,19.205298013245034,62.913907284768214,52.317880794701985,10.596026490066226
E00157528,197,70,30,40,127,103,24,35.53299492385787,15.228426395939088,20.304568527918782,64.46700507614213,52.28426395939086,12.18274111675127
E00157529,191,68,33,35,123,108,15,35.602094240837694,17.277486910994764,18.32460732984293,64.3979057591623,56.54450261780105,7.853403141361256
E00157530,104,43,16,27,61,50,11,41.34615384615385,15.384615384615385,25.961538461538463,58.65384615384615,48.07692307692308,10.576923076923077
E00157531,174,59,24,35,115,96,19,33.90804597701149,13.793103448275861,20.114942528735632,66.0919540229885,55.172413793103445,10.919540229885058
E00157532,179,57,25,32,122,91,31,31.843575418994412,13.966480446927374,17.877094972067038,68.15642458100558,50.83798882681564,17.318435754189945
E00157533,143,50,23,27,93,77,16,34.96503496503497,16.083916083916083,18.88111888111888,65.03496503496503,53.84615384615385,11.188811188811188
E00157534,164,52,22,30,112,85,27,31.70731707317073,13.414634146341465,18.29268292682927,68.29268292682927,51.829268292682926,16.463414634146343
E00157535,147,41,11,30,106,86,20,27.89115646258503,7.482993197278912,20.408163265306122,72.10884353741497,58.50340136054422,13.60544217687075
E00157536,178,53,20,33,125,103,22,29.775280898876407,11.235955056179774,18.53932584269663,70.2247191011236,57.865168539325836,12.359550561797752
E00157537,187,61,25,36,126,107,19,32.62032085561498,13.368983957219251,19.25133689839572,67.37967914438502,57.21925133689839,10.16042780748663
E00157538,131,32,15,17,99,75,24,24.427480916030532,11.450381679389313,12.977099236641221,75.57251908396947,57.25190839694656,18.3206106870229
E00157539,141,55,24,31,86,65,21,39.00709219858156,17.02127659574468,21.98581560283688,60.99290780141844,46.09929078014184,14.893617021276595
E00157540,175,54,22,32,121,98,23,30.857142857142854,12.571428571428573,18.285714285714285,69.14285714285714,56.00000000000001,13.142857142857142
E00157541,147,42,17,25,105,86,19,28.57142857142857,11.564625850340136,17.006802721088434,71.42857142857143,58.50340136054422,12.925170068027212
E00157542,167,56,21,35,111,95,16,33.532934131736525,12.574850299401197,20.958083832335326,66.46706586826348,56.886227544910184,9.580838323353294
E00157543,161,50,20,30,111,94,17,31.05590062111801,12.422360248447205,18.633540372670808,68.94409937888199,58.38509316770186,10.559006211180124
E00157544,140,42,21,21,98,76,22,30,15,15,70,54.285714285714285,15.714285714285714
E00157545,151,55,22,33,96,77,19,36.423841059602644,14.56953642384106,21.85430463576159,63.576158940397356,50.993377483443716,12.582781456953644
E00157546,140,53,20,33,87,69,18,37.857142857142854,14.285714285714285,23.57142857142857,62.142857142857146,49.28571428571429,12.857142857142856
E00157547,179,64,29,35,115,97,18,35.754189944134076,16.201117318435752,19.553072625698324,64.24581005586593,54.18994413407822,10.05586592178771
E00157548,152,44,13,31,108,98,10,28.947368421052634,8.552631578947368,20.394736842105264,71.05263157894737,64.47368421052632,6.578947368421052
E00157549,161,48,20,28,113,98,15,29.81366459627329,12.422360248447205,17.391304347826086,70.1863354037267,60.86956521739131,9.316770186335404
E00157550,147,59,30,29,88,76,12,40.136054421768705,20.408163265306122,19.727891156462583,59.863945578231295,51.70068027210885,8.16326530612245
E00157551,171,50,14,36,121,98,23,29.239766081871345,8.187134502923977,21.052631578947366,70.76023391812866,57.30994152046783,13.450292397660817
E00157552,162,40,21,19,122,97,25,24.691358024691358,12.962962962962962,11.728395061728394,75.30864197530865,59.876543209876544,15.432098765432098
E00157553,113,30,14,16,83,67,16,26.548672566371685,12.389380530973451,14.15929203539823,73.45132743362832,59.29203539823009,14.15929203539823
E00157554,141,52,22,30,89,73,16,36.87943262411347,15.602836879432624,21.27659574468085,63.12056737588653,51.77304964539007,11.347517730496454
E00157555,194,49,17,32,145,118,27,25.257731958762886,8.762886597938143,16.49484536082474,74.74226804123711,60.824742268041234,13.917525773195877
E00157556,172,52,17,35,120,102,18,30.23255813953488,9.883720930232558,20.348837209302324,69.76744186046511,59.30232558139535,10.465116279069768
E00157557,158,45,15,30,113,89,24,28.48101265822785,9.49367088607595,18.9873417721519,71.51898734177216,56.32911392405063,15.18987341772152
E00157558,172,58,23,35,114,93,21,33.72093023255814,13.372093023255813,20.348837209302324,66.27906976744185,54.06976744186046,12.209302325581394
E00157559,129,46,26,20,83,71,12,35.65891472868217,20.155038759689923,15.503875968992247,64.34108527131784,55.03875968992248,9.30232558139535
E00157560,131,39,13,26,92,73,19,29.770992366412212,9.923664122137405,19.84732824427481,70.22900763358778,55.72519083969466,14.50381679389313
E00157561,204,54,17,37,150,128,22,26.47058823529412,8.333333333333332,18.137254901960784,73.52941176470588,62.745098039215684,10.784313725490197
E00157562,161,41,17,24,120,99,21,25.465838509316768,10.559006211180124,14.906832298136646,74.53416149068323,61.49068322981367,13.043478260869565
E00157563,267,60,20,40,207,175,32,22.47191011235955,7.490636704119851,14.981273408239701,77.52808988764045,65.54307116104869,11.985018726591761
E00157564,272,69,27,42,203,161,42,25.36764705882353,9.926470588235293,15.441176470588236,74.63235294117648,59.19117647058824,15.441176470588236
E00157565,198,48,17,31,150,131,19,24.242424242424242,8.585858585858585,15.656565656565657,75.75757575757575,66.16161616161617,9.595959595959595
E00157566,116,46,17,29,70,52,18,39.6551724137931,14.655172413793101,25,60.3448275862069,44.827586206896555,15.517241379310345
E00157567,255,70,31,39,185,150,35,27.450980392156865,12.156862745098039,15.294117647058824,72.54901960784314,58.82352941176471,13.725490196078432
E00157568,199,55,17,38,144,128,16,27.63819095477387,8.542713567839195,19.09547738693467,72.36180904522614,64.321608040201,8.040201005025125
E00157569,176,50,15,35,126,106,20,28.40909090909091,8.522727272727272,19.886363636363637,71.5909090909091,60.22727272727273,11.363636363636363
E00157570,179,50,23,27,129,110,19,27.932960893854748,12.849162011173185,15.083798882681565,72.06703910614524,61.452513966480446,10.614525139664805
E00157571,222,73,34,39,149,112,37,32.88288288288289,15.315315315315313,17.56756756756757,67.11711711711712,50.45045045045045,16.666666666666664
E00157572,195,42,17,25,153,116,37,21.53846153846154,8.717948717948717,12.82051282051282,78.46153846153847,59.48717948717949,18.974358974358974
E00157573,139,59,25,34,80,61,19,42.44604316546763,17.985611510791365,24.46043165467626,57.55395683453237,43.884892086330936,13.66906474820144
E00157574,184,66,25,41,118,97,21,35.869565217391305,13.586956521739129,22.282608695652172,64.13043478260869,52.71739130434783,11.41304347826087
E00157575,141,44,22,22,97,80,17,31.20567375886525,15.602836879432624,15.602836879432624,68.79432624113475,56.73758865248227,12.056737588652481
E00157576,175,41,18,23,134,89,45,23.42857142857143,10.285714285714285,13.142857142857142,76.57142857142857,50.857142857142854,25.71428571428571
E00157577,111,41,22,19,70,48,22,36.93693693693694,19.81981981981982,17.117117117117118,63.06306306306306,43.24324324324324,19.81981981981982
E00157578,132,40,21,19,92,64,28,30.303030303030305,15.909090909090908,14.393939393939394,69.6969696969697,48.484848484848484,21.21212121212121
E00157579,264,86,41,45,178,145,33,32.57575757575758,15.530303030303031,17.045454545454543,67.42424242424242,54.92424242424242,12.5
E00157582,198,67,26,41,131,75,56,33.83838383838384,13.131313131313133,20.707070707070706,66.16161616161617,37.878787878787875,28.28282828282828
E00157583,180,66,36,30,114,81,33,36.666666666666664,20,16.666666666666664,63.33333333333333,45,18.333333333333332
E00157584,107,37,18,19,70,48,22,34.57943925233645,16.822429906542055,17.75700934579439,65.42056074766354,44.85981308411215,20.5607476635514
E00157585,147,33,11,22,114,87,27,22.448979591836736,7.482993197278912,14.965986394557824,77.55102040816327,59.183673469387756,18.367346938775512
E00157586,147,52,24,28,95,67,28,35.374149659863946,16.3265306122449,19.047619047619047,64.62585034013605,45.57823129251701,19.047619047619047
E00157587,221,66,30,36,155,101,54,29.86425339366516,13.574660633484163,16.289592760180994,70.13574660633483,45.70135746606335,24.43438914027149
E00157588,160,48,27,21,112,69,43,30,16.875,13.125,70,43.125,26.875
E00157589,108,31,13,18,77,41,36,28.703703703703702,12.037037037037036,16.666666666666664,71.29629629629629,37.96296296296296,33.33333333333333
E00157590,124,42,14,28,82,67,15,33.87096774193548,11.29032258064516,22.58064516129032,66.12903225806451,54.03225806451613,12.096774193548388
E00157591,155,57,18,39,98,72,26,36.774193548387096,11.612903225806452,25.161290322580644,63.2258064516129,46.45161290322581,16.7741935483871
E00157592,130,53,28,25,77,64,13,40.76923076923077,21.53846153846154,19.230769230769234,59.23076923076923,49.23076923076923,10
E00157593,123,38,13,25,85,73,12,30.89430894308943,10.569105691056912,20.32520325203252,69.10569105691057,59.34959349593496,9.75609756097561
E00157594,176,58,23,35,118,97,21,32.95454545454545,13.068181818181818,19.886363636363637,67.04545454545455,55.11363636363637,11.931818181818182
E00157595,185,46,14,32,139,118,21,24.864864864864867,7.567567567567568,17.2972972972973,75.13513513513513,63.78378378378379,11.351351351351353
E00157596,189,49,17,32,140,114,26,25.925925925925924,8.994708994708994,16.93121693121693,74.07407407407408,60.317460317460316,13.756613756613756
E00157597,178,55,18,37,123,104,19,30.89887640449438,10.112359550561797,20.786516853932586,69.10112359550563,58.42696629213483,10.674157303370785
E00157598,154,60,14,46,94,83,11,38.961038961038966,9.090909090909092,29.87012987012987,61.038961038961034,53.896103896103895,7.142857142857142
E00157599,166,59,22,37,107,82,25,35.54216867469879,13.253012048192772,22.289156626506024,64.45783132530121,49.39759036144578,15.060240963855422
E00157600,151,48,11,37,103,89,14,31.788079470198678,7.28476821192053,24.503311258278146,68.21192052980133,58.94039735099338,9.271523178807946
E00157601,162,47,16,31,115,91,24,29.01234567901235,9.876543209876543,19.1358024691358,70.98765432098766,56.17283950617284,14.814814814814813
E00157602,135,51,12,39,84,65,19,37.77777777777778,8.88888888888889,28.888888888888886,62.22222222222222,48.148148148148145,14.074074074074074
E00157603,167,51,19,32,116,102,14,30.538922155688624,11.377245508982035,19.16167664670659,69.46107784431138,61.07784431137725,8.383233532934131
E00157604,145,51,21,30,94,82,12,35.172413793103445,14.482758620689657,20.689655172413794,64.82758620689654,56.55172413793104,8.275862068965518
E00157605,157,62,21,41,95,82,13,39.490445859872615,13.375796178343949,26.11464968152866,60.509554140127385,52.22929936305732,8.280254777070063
E00157606,235,63,20,43,172,136,36,26.80851063829787,8.51063829787234,18.29787234042553,73.19148936170212,57.87234042553191,15.319148936170212
E00157607,210,56,18,38,154,122,32,26.666666666666668,8.571428571428571,18.095238095238095,73.33333333333333,58.0952380952381,15.238095238095239
E00157608,145,40,11,29,105,86,19,27.586206896551722,7.586206896551724,20,72.41379310344827,59.310344827586206,13.10344827586207
E00157609,163,34,16,18,129,98,31,20.858895705521473,9.815950920245399,11.042944785276074,79.14110429447852,60.122699386503065,19.018404907975462
E00157610,204,77,27,50,127,106,21,37.745098039215684,13.23529411764706,24.509803921568626,62.254901960784316,51.9607843137255,10.294117647058822
E00157611,202,44,15,29,158,132,26,21.782178217821784,7.425742574257425,14.356435643564355,78.21782178217822,65.34653465346535,12.871287128712872
E00157612,113,40,20,20,73,56,17,35.39823008849557,17.699115044247787,17.699115044247787,64.60176991150442,49.557522123893804,15.04424778761062
E00157613,166,49,19,30,117,99,18,29.518072289156628,11.44578313253012,18.072289156626507,70.48192771084338,59.63855421686747,10.843373493975903
E00157614,154,43,10,33,111,93,18,27.92207792207792,6.493506493506493,21.428571428571427,72.07792207792207,60.3896103896104,11.688311688311687
E00157615,143,53,16,37,90,70,20,37.06293706293706,11.188811188811188,25.874125874125873,62.93706293706294,48.95104895104895,13.986013986013987
E00157616,174,45,17,28,129,107,22,25.862068965517242,9.770114942528735,16.091954022988507,74.13793103448276,61.49425287356321,12.643678160919542
E00157618,212,59,15,44,153,120,33,27.830188679245282,7.0754716981132075,20.754716981132077,72.16981132075472,56.60377358490566,15.566037735849056
E00157619,158,50,14,36,108,98,10,31.645569620253166,8.860759493670885,22.78481012658228,68.35443037974683,62.0253164556962,6.329113924050633
E00157620,145,32,12,20,113,92,21,22.06896551724138,8.275862068965518,13.793103448275861,77.93103448275862,63.44827586206897,14.482758620689657
E00157621,173,48,23,25,125,105,20,27.74566473988439,13.294797687861271,14.450867052023122,72.25433526011561,60.69364161849711,11.560693641618498
E00157622,122,38,10,28,84,69,15,31.147540983606557,8.19672131147541,22.950819672131146,68.85245901639344,56.557377049180324,12.295081967213115
E00157623,152,52,20,32,100,80,20,34.21052631578947,13.157894736842104,21.052631578947366,65.78947368421053,52.63157894736842,13.157894736842104
E00157625,162,35,14,21,127,104,23,21.604938271604937,8.641975308641975,12.962962962962962,78.39506172839506,64.19753086419753,14.19753086419753
E00157626,168,38,16,22,130,75,55,22.61904761904762,9.523809523809524,13.095238095238097,77.38095238095238,44.642857142857146,32.73809523809524
E00157627,211,63,23,40,148,117,31,29.85781990521327,10.90047393364929,18.95734597156398,70.14218009478674,55.45023696682464,14.691943127962084
E00157628,158,63,24,39,95,67,28,39.87341772151899,15.18987341772152,24.68354430379747,60.12658227848101,42.405063291139236,17.72151898734177
E00157629,163,55,27,28,108,88,20,33.74233128834356,16.56441717791411,17.177914110429448,66.25766871165644,53.987730061349694,12.269938650306749
E00157630,127,33,15,18,94,78,16,25.984251968503933,11.811023622047244,14.173228346456693,74.01574803149606,61.417322834645674,12.598425196850393
E00157631,185,41,13,28,144,111,33,22.162162162162165,7.027027027027027,15.135135135135137,77.83783783783784,60,17.83783783783784
E00157632,167,47,17,30,120,92,28,28.143712574850298,10.179640718562874,17.964071856287426,71.8562874251497,55.08982035928144,16.766467065868262
E00157633,145,42,11,31,103,88,15,28.965517241379313,7.586206896551724,21.379310344827587,71.03448275862068,60.689655172413794,10.344827586206897
E00157634,146,38,18,20,108,93,15,26.027397260273972,12.32876712328767,13.698630136986301,73.97260273972603,63.6986301369863,10.273972602739725
E00157635,177,47,15,32,130,106,24,26.55367231638418,8.47457627118644,18.07909604519774,73.44632768361582,59.887005649717516,13.559322033898304
E00157636,186,47,12,35,139,125,14,25.268817204301076,6.451612903225806,18.817204301075268,74.73118279569893,67.20430107526882,7.526881720430108
E00157637,206,49,22,27,157,135,22,23.78640776699029,10.679611650485436,13.106796116504855,76.2135922330097,65.53398058252428,10.679611650485436
E00157638,180,60,19,41,120,98,22,33.33333333333333,10.555555555555555,22.77777777777778,66.66666666666666,54.44444444444444,12.222222222222221
E00157639,135,27,2,25,108,89,19,20,1.4814814814814816,18.51851851851852,80,65.92592592592592,14.074074074074074
E00157640,109,36,11,25,73,63,10,33.02752293577982,10.091743119266056,22.93577981651376,66.97247706422019,57.798165137614674,9.174311926605505
E00157641,118,39,14,25,79,67,12,33.05084745762712,11.864406779661017,21.1864406779661,66.94915254237289,56.779661016949156,10.16949152542373
E00157642,159,40,16,24,119,99,20,25.157232704402517,10.062893081761008,15.09433962264151,74.84276729559748,62.264150943396224,12.578616352201259
E00157643,187,62,30,32,125,93,32,33.155080213903744,16.042780748663102,17.11229946524064,66.84491978609626,49.73262032085562,17.11229946524064
E00157645,123,42,18,24,81,67,14,34.146341463414636,14.634146341463413,19.51219512195122,65.85365853658537,54.47154471544715,11.38211382113821
E00157646,239,38,13,25,201,169,32,15.899581589958158,5.439330543933055,10.460251046025103,84.10041841004184,70.7112970711297,13.389121338912133
E00157647,167,41,13,28,126,114,12,24.550898203592812,7.784431137724551,16.766467065868262,75.44910179640718,68.26347305389223,7.18562874251497
E00157648,130,35,12,23,95,73,22,26.923076923076923,9.230769230769232,17.692307692307693,73.07692307692307,56.15384615384615,16.923076923076923
E00157649,160,54,20,34,106,85,21,33.75,12.5,21.25,66.25,53.125,13.125
E00157650,160,55,23,32,105,81,24,34.375,14.374999999999998,20,65.625,50.625,15
E00157651,146,45,22,23,101,71,30,30.82191780821918,15.068493150684931,15.753424657534246,69.17808219178082,48.63013698630137,20.54794520547945
E00157652,156,67,35,32,89,65,24,42.94871794871795,22.435897435897438,20.51282051282051,57.05128205128205,41.66666666666667,15.384615384615385
E00157653,195,68,25,43,127,93,34,34.87179487179487,12.82051282051282,22.05128205128205,65.12820512820512,47.69230769230769,17.435897435897434
E00157654,164,61,32,29,103,66,37,37.19512195121951,19.51219512195122,17.682926829268293,62.80487804878049,40.243902439024396,22.5609756097561
E00157655,299,80,32,48,219,175,44,26.755852842809364,10.702341137123746,16.05351170568562,73.24414715719062,58.52842809364549,14.715719063545151
E00157656,145,45,18,27,100,87,13,31.03448275862069,12.413793103448276,18.620689655172416,68.96551724137932,60,8.96551724137931
E00157657,166,57,27,30,109,80,29,34.33734939759036,16.265060240963855,18.072289156626507,65.66265060240963,48.19277108433735,17.46987951807229
E00157658,129,37,20,17,92,75,17,28.68217054263566,15.503875968992247,13.178294573643413,71.31782945736434,58.139534883720934,13.178294573643413
E00157659,241,56,25,31,185,145,40,23.236514522821576,10.37344398340249,12.863070539419086,76.76348547717843,60.16597510373444,16.59751037344398
E00157660,172,49,19,30,123,98,25,28.488372093023255,11.046511627906977,17.441860465116278,71.51162790697676,56.97674418604651,14.534883720930234
E00157661,169,55,22,33,114,98,16,32.544378698224854,13.017751479289942,19.526627218934912,67.45562130177515,57.98816568047337,9.467455621301776
E00157662,191,45,14,31,146,118,28,23.56020942408377,7.329842931937172,16.230366492146597,76.43979057591623,61.78010471204188,14.659685863874344
E00157663,173,50,22,28,123,97,26,28.901734104046245,12.716763005780345,16.184971098265898,71.09826589595376,56.06936416184971,15.028901734104046
E00157664,185,62,20,42,123,110,13,33.513513513513516,10.81081081081081,22.702702702702705,66.48648648648648,59.45945945945946,7.027027027027027
E00157665,125,35,12,23,90,66,24,28.000000000000004,9.6,18.4,72,52.800000000000004,19.2
E00157666,158,41,16,25,117,98,19,25.949367088607595,10.126582278481013,15.822784810126583,74.0506329113924,62.0253164556962,12.025316455696203
E00157667,153,54,21,33,99,83,16,35.294117647058826,13.725490196078432,21.568627450980394,64.70588235294117,54.248366013071895,10.457516339869281
E00157668,122,40,14,26,82,73,9,32.78688524590164,11.475409836065573,21.311475409836063,67.21311475409836,59.83606557377049,7.377049180327869
E00157669,144,51,27,24,93,80,13,35.41666666666667,18.75,16.666666666666664,64.58333333333334,55.55555555555556,9.027777777777777
E00157670,143,43,16,27,100,77,23,30.069930069930066,11.188811188811188,18.88111888111888,69.93006993006993,53.84615384615385,16.083916083916083
E00157671,96,24,10,14,72,66,6,25,10.416666666666668,14.583333333333334,75,68.75,6.25
E00157672,183,49,18,31,134,119,15,26.775956284153008,9.836065573770492,16.939890710382514,73.224043715847,65.02732240437157,8.19672131147541
E00157673,172,56,23,33,116,91,25,32.55813953488372,13.372093023255813,19.186046511627907,67.44186046511628,52.90697674418605,14.534883720930234
E00157674,67,21,9,12,46,36,10,31.343283582089555,13.432835820895523,17.91044776119403,68.65671641791045,53.73134328358209,14.925373134328357
E00157675,145,42,19,23,103,73,30,28.965517241379313,13.10344827586207,15.862068965517242,71.03448275862068,50.3448275862069,20.689655172413794
E00157676,161,45,15,30,116,98,18,27.95031055900621,9.316770186335404,18.633540372670808,72.04968944099379,60.86956521739131,11.180124223602485
E00157677,67,25,14,11,42,35,7,37.3134328358209,20.8955223880597,16.417910447761194,62.68656716417911,52.23880597014925,10.44776119402985
E00157678,189,58,23,35,131,107,24,30.687830687830687,12.16931216931217,18.51851851851852,69.31216931216932,56.613756613756614,12.698412698412698
E00157679,162,47,12,35,115,90,25,29.01234567901235,7.4074074074074066,21.604938271604937,70.98765432098766,55.55555555555556,15.432098765432098
E00157680,198,56,27,29,142,118,24,28.28282828282828,13.636363636363635,14.646464646464647,71.71717171717171,59.59595959595959,12.121212121212121
E00157681,158,44,17,27,114,79,35,27.848101265822784,10.759493670886076,17.088607594936708,72.15189873417721,50,22.151898734177212
E00157682,130,42,18,24,88,57,31,32.30769230769231,13.846153846153847,18.461538461538463,67.6923076923077,43.84615384615385,23.846153846153847
E00157683,151,50,23,27,101,75,26,33.11258278145696,15.2317880794702,17.880794701986755,66.88741721854305,49.668874172185426,17.218543046357617
E00157684,99,36,15,21,63,43,20,36.36363636363637,15.151515151515152,21.21212121212121,63.63636363636363,43.43434343434344,20.2020202020202
E00157685,109,39,14,25,70,60,10,35.77981651376147,12.844036697247708,22.93577981651376,64.22018348623854,55.04587155963303,9.174311926605505
E00157686,134,45,20,25,89,64,25,33.582089552238806,14.925373134328357,18.65671641791045,66.4179104477612,47.76119402985074,18.65671641791045
E00157687,86,23,7,16,63,52,11,26.744186046511626,8.13953488372093,18.6046511627907,73.25581395348837,60.46511627906976,12.790697674418606
E00157689,164,44,21,23,120,87,33,26.82926829268293,12.804878048780488,14.02439024390244,73.17073170731707,53.04878048780488,20.121951219512198
E00157690,146,31,15,16,115,86,29,21.232876712328768,10.273972602739725,10.95890410958904,78.76712328767124,58.9041095890411,19.863013698630137
E00157691,133,48,24,24,85,61,24,36.09022556390977,18.045112781954884,18.045112781954884,63.90977443609023,45.86466165413533,18.045112781954884
E00157692,136,35,13,22,101,76,25,25.735294117647058,9.558823529411764,16.176470588235293,74.26470588235294,55.88235294117647,18.38235294117647
E00157693,194,76,36,40,118,88,30,39.175257731958766,18.556701030927837,20.618556701030926,60.824742268041234,45.36082474226804,15.463917525773196
E00157694,134,51,19,32,83,53,30,38.059701492537314,14.17910447761194,23.88059701492537,61.940298507462686,39.55223880597015,22.388059701492537
E00157695,148,45,24,21,103,78,25,30.405405405405407,16.216216216216218,14.18918918918919,69.5945945945946,52.702702702702695,16.89189189189189
E00157696,91,29,20,9,62,43,19,31.868131868131865,21.978021978021978,9.89010989010989,68.13186813186813,47.25274725274725,20.87912087912088
E00157697,119,29,11,18,90,61,29,24.369747899159663,9.243697478991598,15.126050420168067,75.63025210084034,51.26050420168067,24.369747899159663
E00157698,156,49,17,32,107,87,20,31.41025641025641,10.897435897435898,20.51282051282051,68.58974358974359,55.769230769230774,12.82051282051282
E00157699,67,23,8,15,44,29,15,34.32835820895522,11.940298507462686,22.388059701492537,65.67164179104478,43.28358208955223,22.388059701492537
E00157700,151,50,16,34,101,92,9,33.11258278145696,10.596026490066226,22.516556291390728,66.88741721854305,60.9271523178808,5.960264900662252
E00157702,173,63,23,40,110,93,17,36.41618497109826,13.294797687861271,23.121387283236995,63.58381502890174,53.75722543352601,9.826589595375722
E00157703,131,37,13,24,94,71,23,28.24427480916031,9.923664122137405,18.3206106870229,71.7557251908397,54.19847328244275,17.557251908396946
E00157704,175,64,20,44,111,94,17,36.57142857142857,11.428571428571429,25.142857142857146,63.42857142857142,53.714285714285715,9.714285714285714
E00157705,206,57,24,33,149,129,20,27.669902912621357,11.650485436893204,16.019417475728158,72.33009708737865,62.62135922330098,9.70873786407767
E00157706,119,37,19,18,82,52,30,31.092436974789916,15.966386554621847,15.126050420168067,68.90756302521008,43.69747899159664,25.210084033613445
E00157707,145,38,19,19,107,65,42,26.20689655172414,13.10344827586207,13.10344827586207,73.79310344827587,44.827586206896555,28.965517241379313
E00157708,254,73,27,46,181,156,25,28.74015748031496,10.62992125984252,18.11023622047244,71.25984251968504,61.417322834645674,9.84251968503937
E00157709,184,66,26,40,118,89,29,35.869565217391305,14.130434782608695,21.73913043478261,64.13043478260869,48.369565217391305,15.760869565217392
E00157710,200,62,23,39,138,101,37,31,11.5,19.5,69,50.5,18.5
E00157711,140,50,22,28,90,75,15,35.714285714285715,15.714285714285714,20,64.28571428571429,53.57142857142857,10.714285714285714
E00157712,247,62,18,44,185,150,35,25.101214574898783,7.28744939271255,17.813765182186234,74.89878542510121,60.72874493927125,14.17004048582996
E00157714,134,56,27,29,78,56,22,41.7910447761194,20.149253731343283,21.641791044776117,58.2089552238806,41.7910447761194,16.417910447761194
E00157715,186,56,28,28,130,101,29,30.107526881720432,15.053763440860216,15.053763440860216,69.89247311827957,54.3010752688172,15.591397849462366
E00157716,146,53,25,28,93,60,33,36.3013698630137,17.123287671232877,19.17808219178082,63.6986301369863,41.0958904109589,22.602739726027394
E00157717,67,18,7,11,49,34,15,26.865671641791046,10.44776119402985,16.417910447761194,73.13432835820896,50.74626865671642,22.388059701492537
E00157718,141,53,16,37,88,72,16,37.5886524822695,11.347517730496454,26.24113475177305,62.4113475177305,51.06382978723404,11.347517730496454
E00157719,116,43,20,23,73,58,15,37.06896551724138,17.24137931034483,19.82758620689655,62.93103448275862,50,12.931034482758621
E00157720,194,52,25,27,142,119,23,26.804123711340207,12.886597938144329,13.917525773195877,73.19587628865979,61.34020618556701,11.855670103092782
E00157721,181,57,18,39,124,94,30,31.491712707182316,9.94475138121547,21.54696132596685,68.50828729281768,51.93370165745856,16.574585635359114
E00157722,137,49,19,30,88,72,16,35.76642335766424,13.86861313868613,21.897810218978105,64.23357664233576,52.55474452554745,11.678832116788321
E00157723,122,33,14,19,89,65,24,27.049180327868854,11.475409836065573,15.573770491803279,72.95081967213115,53.278688524590166,19.672131147540984
E00157724,143,41,18,23,102,79,23,28.671328671328673,12.587412587412588,16.083916083916083,71.32867132867133,55.24475524475524,16.083916083916083
E00157725,71,25,6,19,46,41,5,35.2112676056338,8.450704225352112,26.76056338028169,64.7887323943662,57.74647887323944,7.042253521126761
E00157726,88,25,8,17,63,51,12,28.40909090909091,9.090909090909092,19.318181818181817,71.5909090909091,57.95454545454546,13.636363636363635
E00157727,163,50,11,39,113,92,21,30.67484662576687,6.748466257668712,23.92638036809816,69.32515337423312,56.44171779141104,12.883435582822086
E00157728,133,41,12,29,92,68,24,30.82706766917293,9.022556390977442,21.804511278195488,69.17293233082707,51.127819548872175,18.045112781954884
E00157729,169,63,30,33,106,76,30,37.278106508875744,17.75147928994083,19.526627218934912,62.721893491124256,44.97041420118343,17.75147928994083
E00157730,153,61,25,36,92,71,21,39.869281045751634,16.33986928104575,23.52941176470588,60.130718954248366,46.40522875816993,13.725490196078432
E00157731,168,58,22,36,110,93,17,34.523809523809526,13.095238095238097,21.428571428571427,65.47619047619048,55.35714285714286,10.119047619047619
E00157732,154,58,24,34,96,67,29,37.66233766233766,15.584415584415584,22.07792207792208,62.33766233766234,43.506493506493506,18.83116883116883
E00157733,142,47,14,33,95,80,15,33.098591549295776,9.859154929577464,23.239436619718308,66.90140845070422,56.33802816901409,10.56338028169014
E00157734,99,28,13,15,71,52,19,28.28282828282828,13.131313131313133,15.151515151515152,71.71717171717171,52.52525252525253,19.19191919191919
E00157735,131,48,19,29,83,67,16,36.6412213740458,14.50381679389313,22.137404580152673,63.358778625954194,51.14503816793893,12.213740458015266
E00157736,175,43,22,21,132,77,55,24.571428571428573,12.571428571428573,12,75.42857142857143,44,31.428571428571427
E00157737,151,54,27,27,97,65,32,35.76158940397351,17.880794701986755,17.880794701986755,64.23841059602648,43.04635761589404,21.192052980132452
E00157738,147,48,24,24,99,72,27,32.6530612244898,16.3265306122449,16.3265306122449,67.3469387755102,48.97959183673469,18.367346938775512
E00157739,70,22,8,14,48,33,15,31.428571428571427,11.428571428571429,20,68.57142857142857,47.14285714285714,21.428571428571427
E00157740,139,38,16,22,101,69,32,27.33812949640288,11.510791366906476,15.827338129496402,72.66187050359713,49.64028776978417,23.021582733812952
E00157741,174,61,24,37,113,98,15,35.05747126436782,13.793103448275861,21.26436781609195,64.9425287356322,56.32183908045977,8.620689655172415
E00157743,180,48,20,28,132,102,30,26.666666666666668,11.11111111111111,15.555555555555555,73.33333333333333,56.666666666666664,16.666666666666664
E00157744,112,34,15,19,78,57,21,30.357142857142854,13.392857142857142,16.964285714285715,69.64285714285714,50.89285714285714,18.75
E00157745,178,62,33,29,116,91,25,34.831460674157306,18.53932584269663,16.292134831460675,65.1685393258427,51.12359550561798,14.04494382022472
E00157746,198,76,32,44,122,99,23,38.38383838383838,16.161616161616163,22.22222222222222,61.61616161616161,50,11.616161616161616
E00157747,140,41,20,21,99,84,15,29.28571428571429,14.285714285714285,15,70.71428571428572,60,10.714285714285714
E00157748,184,65,26,39,119,101,18,35.32608695652174,14.130434782608695,21.195652173913043,64.67391304347827,54.891304347826086,9.782608695652174
E00157749,220,55,24,31,165,124,41,25,10.909090909090908,14.09090909090909,75,56.36363636363636,18.636363636363637
E00165855,135,46,17,29,89,59,30,34.074074074074076,12.592592592592592,21.48148148148148,65.92592592592592,43.7037037037037,22.22222222222222
E00167781,99,25,10,15,74,61,13,25.252525252525253,10.1010101010101,15.151515151515152,74.74747474747475,61.61616161616161,13.131313131313133
E00167782,183,49,22,27,134,92,42,26.775956284153008,12.021857923497267,14.754098360655737,73.224043715847,50.27322404371585,22.950819672131146
E00167783,61,10,4,6,51,29,22,16.39344262295082,6.557377049180328,9.836065573770492,83.60655737704919,47.540983606557376,36.0655737704918
E00167784,104,29,15,14,75,40,35,27.884615384615387,14.423076923076922,13.461538461538462,72.11538461538461,38.46153846153847,33.65384615384615
E00167787,163,43,19,24,120,84,36,26.380368098159508,11.65644171779141,14.723926380368098,73.61963190184049,51.533742331288344,22.085889570552148
E00167788,226,79,40,39,147,117,30,34.95575221238938,17.699115044247787,17.25663716814159,65.04424778761062,51.76991150442478,13.274336283185843
E00190473,165,60,20,40,105,74,31,36.36363636363637,12.121212121212121,24.242424242424242,63.63636363636363,44.84848484848485,18.787878787878785
E00190474,132,40,23,17,92,38,54,30.303030303030305,17.424242424242426,12.878787878787879,69.6969696969697,28.78787878787879,40.909090909090914
E00190482,151,38,15,23,113,90,23,25.165562913907287,9.933774834437086,15.2317880794702,74.83443708609272,59.60264900662252,15.2317880794702
E00190493,133,39,17,22,94,81,13,29.32330827067669,12.781954887218044,16.541353383458645,70.67669172932331,60.902255639097746,9.774436090225564
E00190503,184,49,15,34,135,104,31,26.6304347826087,8.152173913043478,18.478260869565215,73.36956521739131,56.52173913043478,16.847826086956523
E00190515,209,56,21,35,153,129,24,26.794258373205743,10.047846889952153,16.74641148325359,73.20574162679426,61.72248803827751,11.483253588516746
