OA,ts0380001,ts0380002,ts0380003,ts0380004,ts0380005,ts0380006,ts0380007,ts0380002_PCT,ts0380003_PCT,ts0380004_PCT,ts0380005_PCT,ts0380006_PCT,ts0380007_PCT
E00084325,290,53,17,36,237,21,216,18.275862068965516,5.862068965517241,12.413793103448276,81.72413793103448,7.241379310344828,74.48275862068967
E00084326,329,79,36,43,250,10,240,24.012158054711247,10.94224924012158,13.069908814589665,75.98784194528876,3.0395136778115504,72.94832826747721
E00084328,260,57,27,30,203,11,192,21.923076923076923,10.384615384615385,11.538461538461538,78.07692307692308,4.230769230769231,73.84615384615385
E00084329,347,62,21,41,285,30,255,17.86743515850144,6.051873198847262,11.815561959654179,82.13256484149855,8.645533141210375,73.48703170028818
E00084330,520,76,26,50,444,28,416,14.615384615384617,5,9.615384615384617,85.38461538461539,5.384615384615385,80
E00084331,174,56,35,21,118,10,108,32.18390804597701,20.114942528735632,12.068965517241379,67.81609195402298,5.747126436781609,62.06896551724138
E00084332,394,69,28,41,325,28,297,17.512690355329948,7.1065989847715745,10.406091370558377,82.48730964467005,7.1065989847715745,75.38071065989847
E00084333,360,53,11,42,307,23,284,14.722222222222223,3.0555555555555554,11.666666666666666,85.27777777777777,6.388888888888888,78.88888888888889
E00084334,339,63,18,45,276,35,241,18.58407079646018,5.3097345132743365,13.274336283185843,81.41592920353983,10.32448377581121,71.09144542772862
E00084336,517,79,37,42,438,19,419,15.28046421663443,7.156673114119923,8.123791102514506,84.71953578336557,3.67504835589942,81.04448742746615
E00084337,262,80,34,46,182,9,173,30.53435114503817,12.977099236641221,17.557251908396946,69.46564885496184,3.435114503816794,66.03053435114504
E00084338,306,52,23,29,254,17,237,16.99346405228758,7.516339869281046,9.477124183006536,83.00653594771242,5.555555555555555,77.45098039215686
E00084339,520,78,32,46,442,21,421,15,6.153846153846154,8.846153846153847,85,4.038461538461538,80.96153846153847
E00084340,378,63,29,34,315,26,289,16.666666666666664,7.671957671957672,8.994708994708994,83.33333333333334,6.878306878306878,76.45502645502646
E00084341,375,79,31,48,296,21,275,21.066666666666666,8.266666666666666,12.8,78.93333333333334,5.6000000000000005,73.33333333333333
E00084342,485,64,28,36,421,24,397,13.195876288659795,5.77319587628866,7.422680412371134,86.80412371134021,4.948453608247423,81.85567010309278
E00084343,427,61,26,35,366,20,346,14.285714285714285,6.0889929742388755,8.19672131147541,85.71428571428571,4.683840749414521,81.0304449648712
E00084344,344,67,26,41,277,18,259,19.476744186046513,7.55813953488372,11.918604651162791,80.52325581395348,5.232558139534884,75.29069767441861
E00084345,298,66,30,36,232,22,210,22.14765100671141,10.06711409395973,12.080536912751679,77.85234899328859,7.38255033557047,70.46979865771812
E00084347,332,69,30,39,263,31,232,20.783132530120483,9.036144578313253,11.74698795180723,79.21686746987952,9.33734939759036,69.87951807228916
E00084348,318,64,35,29,254,27,227,20.125786163522015,11.0062893081761,9.119496855345911,79.87421383647799,8.49056603773585,71.38364779874213
E00084349,413,81,36,45,332,36,296,19.612590799031477,8.716707021791766,10.895883777239709,80.38740920096852,8.716707021791766,71.67070217917676
E00084350,382,57,17,40,325,21,304,14.921465968586386,4.450261780104712,10.471204188481675,85.07853403141361,5.49738219895288,79.58115183246073
E00084351,320,48,23,25,272,16,256,15,7.187499999999999,7.8125,85,5,80
E00084352,338,67,32,35,271,25,246,19.82248520710059,9.467455621301776,10.355029585798817,80.1775147928994,7.396449704142012,72.7810650887574
E00084353,433,77,27,50,356,30,326,17.782909930715935,6.235565819861432,11.547344110854503,82.21709006928405,6.928406466512701,75.28868360277137
E00084355,292,58,25,33,234,23,211,19.863013698630137,8.561643835616438,11.301369863013697,80.13698630136986,7.876712328767123,72.26027397260275
E00084356,280,40,13,27,240,32,208,14.285714285714285,4.642857142857143,9.642857142857144,85.71428571428571,11.428571428571429,74.28571428571429
E00084357,288,51,28,23,237,10,227,17.708333333333336,9.722222222222223,7.986111111111111,82.29166666666666,3.4722222222222223,78.81944444444444
E00084358,317,52,22,30,265,25,240,16.40378548895899,6.940063091482649,9.46372239747634,83.59621451104101,7.886435331230284,75.70977917981072
E00084359,314,56,15,41,258,20,238,17.8343949044586,4.777070063694268,13.05732484076433,82.16560509554141,6.369426751592357,75.79617834394905
E00084360,289,67,27,40,222,20,202,23.18339100346021,9.342560553633218,13.84083044982699,76.8166089965398,6.920415224913495,69.8961937716263
E00084361,339,71,28,43,268,36,232,20.943952802359885,8.259587020648967,12.684365781710916,79.05604719764013,10.619469026548673,68.43657817109144
E00084362,356,70,17,53,286,37,249,19.662921348314608,4.775280898876404,14.887640449438203,80.33707865168539,10.393258426966293,69.9438202247191
E00084363,328,40,14,26,288,20,268,12.195121951219512,4.2682926829268295,7.926829268292683,87.8048780487805,6.097560975609756,81.70731707317073
E00084364,388,71,35,36,317,29,288,18.298969072164947,9.02061855670103,9.278350515463918,81.70103092783505,7.474226804123711,74.22680412371135
E00084365,385,70,33,37,315,19,296,18.181818181818183,8.571428571428571,9.61038961038961,81.81818181818183,4.935064935064935,76.88311688311688
E00084366,330,65,28,37,265,17,248,19.696969696969695,8.484848484848486,11.212121212121213,80.3030303030303,5.151515151515151,75.15151515151514
E00084367,333,58,22,36,275,14,261,17.417417417417415,6.606606606606606,10.81081081081081,82.58258258258259,4.2042042042042045,78.37837837837837
E00084368,314,51,24,27,263,11,252,16.24203821656051,7.643312101910828,8.598726114649681,83.7579617834395,3.5031847133757963,80.2547770700637
E00084369,326,39,15,24,287,32,255,11.96319018404908,4.601226993865031,7.361963190184049,88.03680981595092,9.815950920245399,78.22085889570552
E00084370,288,53,26,27,235,19,216,18.40277777777778,9.027777777777777,9.375,81.59722222222221,6.597222222222222,75
E00084371,476,64,25,39,412,30,382,13.445378151260504,5.2521008403361344,8.193277310924369,86.5546218487395,6.302521008403361,80.25210084033614
E00084372,272,52,20,32,220,20,200,19.11764705882353,7.352941176470589,11.76470588235294,80.88235294117648,7.352941176470589,73.52941176470588
E00084373,333,54,24,30,279,22,257,16.216216216216218,7.207207207207207,9.00900900900901,83.78378378378379,6.606606606606606,77.17717717717719
E00084374,289,35,11,24,254,20,234,12.110726643598616,3.8062283737024223,8.304498269896193,87.88927335640139,6.920415224913495,80.96885813148789
E00084375,305,45,14,31,260,20,240,14.754098360655737,4.590163934426229,10.163934426229508,85.24590163934425,6.557377049180328,78.68852459016394
E00084376,362,66,35,31,296,11,285,18.23204419889503,9.668508287292818,8.56353591160221,81.76795580110497,3.0386740331491713,78.72928176795581
E00084377,283,33,10,23,250,19,231,11.66077738515901,3.53356890459364,8.12720848056537,88.33922261484098,6.713780918727916,81.62544169611307
E00084378,383,86,40,46,297,18,279,22.45430809399478,10.443864229765012,12.010443864229766,77.54569190600522,4.699738903394255,72.84595300261097
E00084379,250,31,13,18,219,11,208,12.4,5.2,7.199999999999999,87.6,4.3999999999999995,83.2
E00084380,314,70,31,39,244,23,221,22.29299363057325,9.872611464968154,12.420382165605096,77.70700636942675,7.32484076433121,70.38216560509554
E00084381,353,56,18,38,297,26,271,15.864022662889518,5.099150141643059,10.764872521246458,84.13597733711048,7.365439093484419,76.77053824362606
E00084382,283,38,17,21,245,18,227,13.427561837455832,6.007067137809187,7.420494699646643,86.57243816254417,6.36042402826855,80.21201413427562
E00084383,334,63,34,29,271,20,251,18.862275449101794,10.179640718562874,8.682634730538922,81.1377245508982,5.9880239520958085,75.1497005988024
E00084384,283,40,18,22,243,26,217,14.13427561837456,6.36042402826855,7.773851590106007,85.86572438162544,9.187279151943462,76.67844522968198
E00084385,229,89,34,55,140,20,120,38.864628820960704,14.847161572052403,24.017467248908297,61.135371179039296,8.73362445414847,52.40174672489083
E00084386,344,69,32,37,275,35,240,20.058139534883722,9.30232558139535,10.755813953488373,79.94186046511628,10.174418604651162,69.76744186046511
E00084387,292,64,23,41,228,25,203,21.91780821917808,7.876712328767123,14.04109589041096,78.08219178082192,8.561643835616438,69.52054794520548
E00084388,247,45,13,32,202,10,192,18.218623481781375,5.263157894736842,12.955465587044534,81.78137651821862,4.048582995951417,77.7327935222672
E00084389,253,74,34,40,179,12,167,29.249011857707508,13.438735177865613,15.810276679841898,70.7509881422925,4.743083003952568,66.00790513833992
E00084390,401,87,36,51,314,23,291,21.695760598503743,8.977556109725686,12.718204488778055,78.30423940149626,5.7356608478802995,72.56857855361596
E00084391,349,64,33,31,285,20,265,18.33810888252149,9.455587392550143,8.882521489971348,81.66189111747852,5.730659025787966,75.93123209169055
E00084392,340,52,22,30,288,20,268,15.294117647058824,6.470588235294119,8.823529411764707,84.70588235294117,5.88235294117647,78.82352941176471
E00084393,303,26,7,19,277,26,251,8.58085808580858,2.31023102310231,6.270627062706271,91.41914191419141,8.58085808580858,82.83828382838284
E00084394,403,51,20,31,352,22,330,12.655086848635236,4.962779156327544,7.6923076923076925,87.34491315136476,5.459057071960298,81.88585607940446
E00084395,284,57,24,33,227,13,214,20.070422535211268,8.450704225352112,11.619718309859154,79.92957746478874,4.577464788732395,75.35211267605634
E00084396,433,43,13,30,390,18,372,9.930715935334874,3.0023094688221708,6.928406466512701,90.06928406466513,4.157043879907621,85.91224018475751
E00084397,379,39,15,24,340,12,328,10.29023746701847,3.95778364116095,6.33245382585752,89.70976253298153,3.16622691292876,86.54353562005277
E00084398,329,46,25,21,283,16,267,13.98176291793313,7.598784194528875,6.382978723404255,86.01823708206688,4.86322188449848,81.15501519756839
E00084399,285,42,15,27,243,13,230,14.736842105263156,5.263157894736842,9.473684210526317,85.26315789473684,4.56140350877193,80.7017543859649
E00084400,362,50,20,30,312,10,302,13.812154696132598,5.524861878453039,8.287292817679557,86.1878453038674,2.7624309392265194,83.42541436464089
E00084401,419,58,28,30,361,11,350,13.842482100238662,6.682577565632458,7.159904534606206,86.15751789976133,2.6252983293556085,83.53221957040573
E00084402,435,57,30,27,378,16,362,13.10344827586207,6.896551724137931,6.206896551724138,86.89655172413792,3.67816091954023,83.2183908045977
E00084403,512,36,14,22,476,27,449,7.03125,2.734375,4.296875,92.96875,5.2734375,87.6953125
E00084404,401,75,35,40,326,20,306,18.703241895261847,8.728179551122196,9.975062344139651,81.29675810473816,4.987531172069826,76.30922693266832
E00084405,499,119,48,71,380,20,360,23.847695390781563,9.619238476953909,14.228456913827655,76.15230460921843,4.008016032064128,72.14428857715431
E00084406,444,41,20,21,403,15,388,9.234234234234235,4.504504504504505,4.72972972972973,90.76576576576578,3.3783783783783785,87.38738738738738
E00084407,428,50,22,28,378,27,351,11.682242990654206,5.14018691588785,6.5420560747663545,88.3177570093458,6.308411214953271,82.00934579439252
E00084408,382,51,22,29,331,10,321,13.350785340314136,5.7591623036649215,7.591623036649215,86.64921465968587,2.6178010471204187,84.03141361256544
E00084409,312,33,9,24,279,22,257,10.576923076923077,2.8846153846153846,7.6923076923076925,89.42307692307693,7.051282051282051,82.37179487179486
E00084410,353,48,19,29,305,15,290,13.59773371104816,5.382436260623229,8.21529745042493,86.40226628895185,4.2492917847025495,82.15297450424929
E00084411,423,52,16,36,371,25,346,12.293144208037825,3.7825059101654848,8.51063829787234,87.70685579196218,5.91016548463357,81.7966903073286
E00084412,365,35,9,26,330,19,311,9.58904109589041,2.4657534246575343,7.123287671232877,90.41095890410958,5.205479452054795,85.2054794520548
E00084413,325,41,20,21,284,13,271,12.615384615384615,6.153846153846154,6.461538461538462,87.38461538461539,4,83.38461538461537
E00084414,408,57,22,35,351,27,324,13.970588235294118,5.392156862745098,8.57843137254902,86.02941176470588,6.61764705882353,79.41176470588235
E00084415,369,103,62,41,266,19,247,27.91327913279133,16.802168021680217,11.11111111111111,72.08672086720867,5.149051490514905,66.93766937669376
E00084416,398,30,8,22,368,12,356,7.537688442211055,2.0100502512562812,5.527638190954774,92.46231155778895,3.015075376884422,89.44723618090453
E00084417,411,51,21,30,360,18,342,12.408759124087592,5.109489051094891,7.2992700729927,87.59124087591242,4.37956204379562,83.21167883211679
E00084418,421,44,22,22,377,19,358,10.451306413301662,5.225653206650831,5.225653206650831,89.54869358669833,4.513064133016627,85.03562945368171
E00084419,271,42,13,29,229,23,206,15.498154981549817,4.797047970479705,10.70110701107011,84.50184501845018,8.487084870848708,76.01476014760148
E00084420,353,51,29,22,302,20,282,14.44759206798867,8.21529745042493,6.232294617563739,85.55240793201133,5.6657223796034,79.88668555240793
E00084421,322,51,25,26,271,22,249,15.838509316770185,7.763975155279502,8.074534161490684,84.16149068322981,6.832298136645963,77.32919254658384
E00084422,311,69,24,45,242,15,227,22.186495176848876,7.717041800643088,14.469453376205788,77.81350482315112,4.823151125401929,72.9903536977492
E00084423,271,40,11,29,231,27,204,14.760147601476014,4.059040590405904,10.70110701107011,85.23985239852398,9.96309963099631,75.27675276752768
E00084424,294,65,36,29,229,11,218,22.108843537414966,12.244897959183673,9.863945578231291,77.89115646258503,3.741496598639456,74.14965986394559
E00084425,354,65,21,44,289,27,262,18.361581920903955,5.932203389830509,12.429378531073446,81.63841807909604,7.627118644067797,74.01129943502825
E00084426,394,44,15,29,350,19,331,11.16751269035533,3.807106598984772,7.3604060913705585,88.83248730964468,4.822335025380711,84.01015228426397
E00084427,529,65,22,43,464,21,443,12.287334593572778,4.158790170132325,8.128544423440454,87.71266540642722,3.9697542533081283,83.7429111531191
E00084428,367,56,23,33,311,19,292,15.258855585831062,6.267029972752043,8.991825613079019,84.74114441416893,5.177111716621254,79.56403269754769
E00084429,355,73,26,47,282,34,248,20.56338028169014,7.323943661971831,13.239436619718308,79.43661971830987,9.577464788732394,69.85915492957746
E00084430,460,75,30,45,385,13,372,16.304347826086957,6.521739130434782,9.782608695652174,83.69565217391305,2.8260869565217392,80.8695652173913
E00084431,555,55,25,30,500,18,482,9.90990990990991,4.504504504504505,5.405405405405405,90.09009009009009,3.2432432432432434,86.84684684684684
E00084432,449,59,27,32,390,19,371,13.140311804008908,6.013363028953229,7.126948775055679,86.8596881959911,4.231625835189309,82.62806236080178
E00084433,500,72,32,40,428,12,416,14.399999999999999,6.4,8,85.6,2.4,83.2
E00084434,509,49,23,26,460,12,448,9.62671905697446,4.518664047151278,5.1080550098231825,90.37328094302553,2.357563850687623,88.01571709233792
E00084435,352,64,26,38,288,13,275,18.181818181818183,7.386363636363637,10.795454545454545,81.81818181818183,3.6931818181818183,78.125
E00084436,350,51,19,32,299,13,286,14.571428571428571,5.428571428571429,9.142857142857142,85.42857142857143,3.7142857142857144,81.71428571428572
E00084437,545,80,41,39,465,24,441,14.678899082568808,7.522935779816514,7.155963302752294,85.3211009174312,4.4036697247706424,80.91743119266054
E00084438,428,58,25,33,370,11,359,13.551401869158877,5.841121495327103,7.710280373831775,86.44859813084112,2.570093457943925,83.8785046728972
E00084439,163,47,17,30,116,7,109,28.834355828220858,10.429447852760736,18.404907975460123,71.16564417177914,4.294478527607362,66.87116564417178
E00084443,235,48,21,27,187,9,178,20.425531914893615,8.936170212765958,11.48936170212766,79.57446808510639,3.829787234042553,75.74468085106383
E00084444,217,49,28,21,168,18,150,22.58064516129032,12.903225806451612,9.67741935483871,77.41935483870968,8.294930875576037,69.12442396313364
E00084445,362,70,17,53,292,28,264,19.337016574585636,4.696132596685083,14.64088397790055,80.66298342541437,7.734806629834254,72.92817679558011
E00084446,271,37,11,26,234,20,214,13.653136531365314,4.059040590405904,9.59409594095941,86.34686346863468,7.380073800738007,78.96678966789668
E00084447,448,53,21,32,395,41,354,11.830357142857142,4.6875,7.142857142857142,88.16964285714286,9.151785714285714,79.01785714285714
E00084450,272,39,14,25,233,29,204,14.338235294117647,5.147058823529411,9.191176470588236,85.66176470588235,10.661764705882353,75
E00084451,292,41,15,26,251,26,225,14.04109589041096,5.136986301369863,8.904109589041095,85.95890410958904,8.904109589041095,77.05479452054794
E00084453,361,53,12,41,308,28,280,14.681440443213297,3.32409972299169,11.357340720221606,85.3185595567867,7.756232686980609,77.5623268698061
E00084454,360,85,44,41,275,29,246,23.61111111111111,12.222222222222221,11.38888888888889,76.38888888888889,8.055555555555555,68.33333333333333
E00084456,186,49,21,28,137,14,123,26.344086021505376,11.29032258064516,15.053763440860216,73.65591397849462,7.526881720430108,66.12903225806451
E00084457,291,65,31,34,226,13,213,22.336769759450174,10.652920962199312,11.683848797250858,77.66323024054984,4.4673539518900345,73.19587628865979
E00084458,290,48,23,25,242,25,217,16.551724137931036,7.931034482758621,8.620689655172415,83.44827586206897,8.620689655172415,74.82758620689656
E00084459,392,81,33,48,311,18,293,20.66326530612245,8.418367346938775,12.244897959183673,79.33673469387756,4.591836734693878,74.74489795918367
E00084460,292,53,26,27,239,29,210,18.15068493150685,8.904109589041095,9.246575342465754,81.84931506849315,9.931506849315069,71.91780821917808
E00084461,325,56,20,36,269,20,249,17.23076923076923,6.153846153846154,11.076923076923077,82.76923076923077,6.153846153846154,76.61538461538461
E00084462,383,71,30,41,312,22,290,18.5378590078329,7.83289817232376,10.704960835509137,81.4621409921671,5.7441253263707575,75.71801566579634
E00084463,262,65,25,40,197,15,182,24.80916030534351,9.541984732824428,15.267175572519085,75.19083969465649,5.7251908396946565,69.46564885496184
E00084464,357,73,29,44,284,24,260,20.448179271708682,8.123249299719888,12.324929971988796,79.55182072829132,6.722689075630252,72.82913165266106
E00084465,329,88,52,36,241,18,223,26.74772036474164,15.80547112462006,10.94224924012158,73.25227963525836,5.47112462006079,67.78115501519757
E00084466,548,93,37,56,455,33,422,16.970802919708028,6.751824817518248,10.218978102189782,83.029197080291965,6.021897810218978,77.00729927007299
E00084467,580,97,32,65,483,37,446,16.724137931034484,5.517241379310345,11.206896551724139,83.27586206896552,6.379310344827586,76.89655172413794
E00084468,442,74,33,41,368,27,341,16.7420814479638,7.46606334841629,9.276018099547512,83.2579185520362,6.108597285067873,77.14932126696833
E00084469,275,38,14,24,237,17,220,13.818181818181818,5.090909090909091,8.727272727272728,86.18181818181819,6.181818181818182,80
E00084470,271,39,16,23,232,14,218,14.391143911439114,5.904059040590406,8.487084870848708,85.60885608856088,5.166051660516605,80.44280442804428
E00084471,327,47,20,27,280,30,250,14.37308868501529,6.116207951070336,8.256880733944955,85.62691131498471,9.174311926605505,76.45259938837921
E00084472,271,44,12,32,227,20,207,16.236162361623617,4.428044280442804,11.808118081180812,83.76383763837639,7.380073800738007,76.38376383763837
E00084473,312,29,10,19,283,29,254,9.294871794871796,3.205128205128205,6.089743589743589,90.7051282051282,9.294871794871796,81.41025641025641
E00084474,299,56,20,36,243,21,222,18.729096989966553,6.688963210702341,12.040133779264215,81.27090301003345,7.023411371237458,74.24749163879598
E00084475,363,68,28,40,295,21,274,18.732782369146005,7.7134986225895315,11.019283746556475,81.26721763085399,5.785123966942149,75.48209366391184
E00084476,309,56,24,32,253,18,235,18.12297734627832,7.766990291262135,10.355987055016183,81.87702265372168,5.825242718446602,76.05177993527508
E00084477,218,27,8,19,191,19,172,12.385321100917432,3.669724770642202,8.715596330275229,87.61467889908256,8.715596330275229,78.89908256880734
E00084478,284,37,12,25,247,23,224,13.028169014084506,4.225352112676056,8.80281690140845,86.97183098591549,8.098591549295776,78.87323943661971
E00084479,325,65,32,33,260,24,236,20,9.846153846153847,10.153846153846153,80,7.384615384615385,72.61538461538461
E00084480,273,39,16,23,234,20,214,14.285714285714285,5.86080586080586,8.424908424908425,85.71428571428571,7.326007326007327,78.3882783882784
E00084481,459,65,20,45,394,24,370,14.161220043572984,4.357298474945534,9.803921568627452,85.83877995642702,5.228758169934641,80.61002178649237
E00084482,369,73,27,46,296,26,270,19.78319783197832,7.317073170731707,12.466124661246612,80.21680216802169,7.046070460704606,73.17073170731707
E00084483,316,34,14,20,282,18,264,10.759493670886076,4.430379746835443,6.329113924050633,89.24050632911393,5.69620253164557,83.54430379746836
E00084484,342,55,21,34,287,14,273,16.08187134502924,6.140350877192982,9.941520467836257,83.91812865497076,4.093567251461988,79.82456140350878
E00084485,373,70,31,39,303,14,289,18.766756032171582,8.310991957104557,10.455764075067025,81.23324396782841,3.753351206434316,77.4798927613941
E00084486,371,84,41,43,287,13,274,22.641509433962266,11.05121293800539,11.590296495956872,77.35849056603774,3.5040431266846364,73.8544474393531
E00084487,315,55,17,38,260,16,244,17.46031746031746,5.396825396825397,12.063492063492063,82.53968253968253,5.079365079365079,77.46031746031747
E00084488,367,63,30,33,304,17,287,17.166212534059948,8.174386920980927,8.991825613079019,82.83378746594006,4.632152588555858,78.2016348773842
E00084489,387,92,39,53,295,24,271,23.772609819121445,10.077519379844961,13.695090439276486,76.22739018087856,6.2015503875969,70.02583979328165
E00084490,304,37,9,28,267,24,243,12.171052631578947,2.9605263157894735,9.210526315789473,87.82894736842105,7.894736842105263,79.93421052631578
E00084491,393,46,15,31,347,40,307,11.704834605597965,3.816793893129771,7.888040712468193,88.29516539440203,10.178117048346055,78.11704834605598
E00084492,331,57,34,23,274,18,256,17.220543806646525,10.27190332326284,6.948640483383686,82.77945619335347,5.438066465256798,77.34138972809667
E00084493,357,70,30,40,287,24,263,19.607843137254903,8.403361344537815,11.204481792717088,80.3921568627451,6.722689075630252,73.66946778711485
E00084495,381,75,26,49,306,13,293,19.68503937007874,6.824146981627297,12.860892388451445,80.31496062992126,3.4120734908136483,76.9028871391076
E00084496,366,60,28,32,306,20,286,16.39344262295082,7.650273224043716,8.743169398907105,83.60655737704919,5.46448087431694,78.14207650273224
E00084497,366,73,42,31,293,6,287,19.94535519125683,11.475409836065573,8.469945355191257,80.05464480874316,1.639344262295082,78.41530054644808
E00084498,352,44,18,26,308,21,287,12.5,5.113636363636364,7.386363636363637,87.5,5.965909090909091,81.5340909090909
E00084499,376,81,37,44,295,18,277,21.54255319148936,9.840425531914894,11.702127659574469,78.45744680851064,4.787234042553192,73.67021276595744
E00084500,480,85,39,46,395,19,376,17.708333333333336,8.125,9.583333333333334,82.29166666666666,3.958333333333333,78.33333333333333
E00084501,417,105,62,43,312,12,300,25.179856115107913,14.86810551558753,10.311750599520384,74.82014388489209,2.877697841726619,71.94244604316546
E00084502,448,79,39,40,369,20,349,17.633928571428573,8.705357142857142,8.928571428571429,82.36607142857143,4.464285714285714,77.90178571428571
E00084503,375,58,31,27,317,18,299,15.466666666666667,8.266666666666666,7.199999999999999,84.53333333333333,4.8,79.73333333333333
E00084504,622,114,44,70,508,42,466,18.327974276527332,7.07395498392283,11.254019292604502,81.67202572347267,6.752411575562702,74.91961414790997
E00084505,419,87,27,60,332,21,311,20.763723150357997,6.443914081145586,14.319809069212411,79.23627684964201,5.011933174224343,74.22434367541766
E00084506,440,74,29,45,366,23,343,16.818181818181817,6.59090909090909,10.227272727272728,83.18181818181817,5.227272727272727,77.95454545454545
E00084508,437,57,29,28,380,31,349,13.043478260869565,6.636155606407322,6.407322654462242,86.95652173913044,7.093821510297483,79.86270022883295
E00084509,353,35,14,21,318,32,286,9.91501416430595,3.9660056657223794,5.94900849858357,90.08498583569406,9.06515580736544,81.01983002832861
E00084510,378,50,13,37,328,28,300,13.227513227513226,3.439153439153439,9.788359788359788,86.77248677248677,7.4074074074074066,79.36507936507937
E00084511,368,51,23,28,317,30,287,13.858695652173914,6.25,7.608695652173914,86.1413043478261,8.152173913043478,77.98913043478261
E00084513,336,61,26,35,275,21,254,18.154761904761905,7.738095238095238,10.416666666666668,81.84523809523809,6.25,75.59523809523809
E00084517,296,34,6,28,262,23,239,11.486486486486488,2.027027027027027,9.45945945945946,88.51351351351352,7.77027027027027,80.74324324324324
E00084518,312,32,14,18,280,15,265,10.256410256410255,4.487179487179487,5.769230769230769,89.74358974358975,4.807692307692308,84.93589743589743
E00084519,291,49,19,30,242,28,214,16.83848797250859,6.529209621993128,10.309278350515463,83.16151202749141,9.621993127147768,73.53951890034365
E00084520,505,40,10,30,465,23,442,7.920792079207921,1.9801980198019802,5.9405940594059405,92.07920792079209,4.554455445544554,87.52475247524752
E00084522,392,38,10,28,354,32,322,9.693877551020408,2.5510204081632653,7.142857142857142,90.3061224489796,8.16326530612245,82.14285714285714
E00084523,281,35,8,27,246,19,227,12.455516014234876,2.8469750889679712,9.608540925266903,87.54448398576513,6.761565836298933,80.78291814946618
E00084524,277,63,30,33,214,20,194,22.743682310469314,10.830324909747292,11.913357400722022,77.25631768953069,7.2202166064981945,70.03610108303249
E00084525,292,41,18,23,251,18,233,14.04109589041096,6.164383561643835,7.876712328767123,85.95890410958904,6.164383561643835,79.7945205479452
E00084526,345,38,13,25,307,21,286,11.014492753623188,3.768115942028986,7.246376811594203,88.98550724637681,6.086956521739131,82.89855072463767
E00084527,309,21,4,17,288,18,270,6.796116504854369,1.2944983818770228,5.501618122977346,93.20388349514563,5.825242718446602,87.37864077669903
E00084528,293,27,10,17,266,24,242,9.215017064846416,3.4129692832764507,5.802047781569966,90.78498293515358,8.19112627986348,82.5938566552901
E00084529,320,60,22,38,260,23,237,18.75,6.875000000000001,11.875,81.25,7.187499999999999,74.0625
E00084530,301,43,13,30,258,27,231,14.285714285714285,4.318936877076411,9.966777408637874,85.71428571428571,8.970099667774086,76.74418604651163
E00084531,336,29,17,12,307,22,285,8.630952380952381,5.059523809523809,3.571428571428571,91.36904761904762,6.547619047619048,84.82142857142857
E00084532,341,61,27,34,280,19,261,17.888563049853374,7.9178885630498534,9.970674486803519,82.11143695014663,5.571847507331378,76.53958944281524
E00084533,349,31,14,17,318,23,295,8.882521489971348,4.011461318051576,4.871060171919771,91.11747851002865,6.59025787965616,84.5272206303725
E00084534,383,63,29,34,320,19,301,16.449086161879894,7.5718015665796345,8.87728459530026,83.5509138381201,4.960835509138381,78.59007832898173
E00084535,479,57,15,42,422,24,398,11.899791231732777,3.1315240083507305,8.768267223382047,88.10020876826722,5.010438413361169,83.08977035490605
E00084536,295,37,19,18,258,15,243,12.54237288135593,6.440677966101695,6.101694915254238,87.45762711864407,5.084745762711865,82.37288135593221
E00084537,326,42,18,24,284,22,262,12.883435582822086,5.521472392638037,7.361963190184049,87.11656441717791,6.748466257668712,80.3680981595092
E00084538,245,26,8,18,219,17,202,10.612244897959183,3.2653061224489797,7.346938775510205,89.38775510204081,6.938775510204081,82.44897959183673
E00084539,418,35,5,30,383,34,349,8.373205741626794,1.1961722488038278,7.177033492822966,91.6267942583732,8.133971291866029,83.49282296650718
E00084540,319,44,10,34,275,20,255,13.793103448275861,3.1347962382445136,10.658307210031348,86.20689655172413,6.269592476489027,79.9373040752351
E00084541,586,51,18,33,535,38,497,8.70307167235495,3.0716723549488054,5.631399317406143,91.29692832764505,6.484641638225256,84.81228668941979
E00084542,270,53,21,32,217,17,200,19.62962962962963,7.777777777777778,11.851851851851853,80.37037037037037,6.296296296296296,74.07407407407408
E00084543,371,44,18,26,327,30,297,11.859838274932615,4.8517520215633425,7.008086253369273,88.14016172506739,8.086253369272237,80.05390835579514
E00084544,285,42,19,23,243,31,212,14.736842105263156,6.666666666666667,8.070175438596491,85.26315789473684,10.87719298245614,74.3859649122807
E00084546,342,88,59,29,254,18,236,25.730994152046783,17.251461988304094,8.47953216374269,74.26900584795322,5.263157894736842,69.00584795321637
E00084547,326,40,13,27,286,18,268,12.269938650306749,3.9877300613496933,8.282208588957054,87.73006134969326,5.521472392638037,82.20858895705521
E00084548,530,81,37,44,449,25,424,15.283018867924527,6.981132075471698,8.30188679245283,84.71698113207547,4.716981132075472,80
E00084549,388,39,6,33,349,24,325,10.051546391752577,1.5463917525773196,8.505154639175258,89.94845360824742,6.185567010309279,83.76288659793815
E00084550,318,36,12,24,282,24,258,11.320754716981133,3.7735849056603774,7.547169811320755,88.67924528301887,7.547169811320755,81.13207547169812
E00084551,256,42,11,31,214,21,193,16.40625,4.296875,12.109375,83.59375,8.203125,75.390625
E00084552,329,33,11,22,296,20,276,10.030395136778116,3.343465045592705,6.68693009118541,89.96960486322189,6.079027355623101,83.89057750759878
E00084553,261,24,7,17,237,25,212,9.195402298850574,2.681992337164751,6.513409961685824,90.80459770114942,9.578544061302683,81.22605363984674
E00084554,300,49,20,29,251,15,236,16.333333333333332,6.666666666666667,9.666666666666666,83.66666666666667,5,78.66666666666666
E00084555,337,30,12,18,307,34,273,8.902077151335313,3.5608308605341246,5.341246290801187,91.0979228486647,10.089020771513352,81.00890207715133
E00084556,247,51,29,22,196,10,186,20.647773279352226,11.740890688259109,8.906882591093117,79.35222672064778,4.048582995951417,75.30364372469636
E00084557,264,48,20,28,216,31,185,18.181818181818183,7.575757575757576,10.606060606060606,81.81818181818183,11.742424242424242,70.07575757575758
E00084558,297,52,19,33,245,22,223,17.50841750841751,6.397306397306397,11.11111111111111,82.49158249158249,7.4074074074074066,75.08417508417509
E00084559,228,51,20,31,177,9,168,22.36842105263158,8.771929824561402,13.596491228070176,77.63157894736842,3.9473684210526314,73.68421052631578
E00084560,314,49,22,27,265,20,245,15.605095541401273,7.006369426751593,8.598726114649681,84.39490445859873,6.369426751592357,78.02547770700637
E00084561,304,46,21,25,258,17,241,15.131578947368421,6.907894736842106,8.223684210526317,84.86842105263158,5.592105263157895,79.27631578947368
E00084562,262,57,23,34,205,21,184,21.755725190839694,8.778625954198473,12.977099236641221,78.2442748091603,8.015267175572518,70.22900763358778
E00084563,249,37,12,25,212,25,187,14.859437751004014,4.819277108433735,10.040160642570282,85.14056224899599,10.040160642570282,75.1004016064257
E00084564,335,54,18,36,281,15,266,16.119402985074625,5.3731343283582085,10.746268656716417,83.88059701492537,4.477611940298507,79.40298507462687
E00084565,305,46,14,32,259,25,234,15.081967213114755,4.590163934426229,10.491803278688524,84.91803278688525,8.19672131147541,76.72131147540983
E00084566,335,53,26,27,282,13,269,15.82089552238806,7.761194029850746,8.059701492537313,84.17910447761194,3.880597014925373,80.29850746268656
E00084567,315,37,9,28,278,14,264,11.746031746031745,2.857142857142857,8.88888888888889,88.25396825396825,4.444444444444445,83.80952380952381
E00084568,310,47,19,28,263,25,238,15.161290322580644,6.129032258064516,9.032258064516128,84.83870967741936,8.064516129032258,76.77419354838709
E00084569,390,46,14,32,344,32,312,11.794871794871794,3.5897435897435894,8.205128205128204,88.2051282051282,8.205128205128204,80
E00084570,270,58,25,33,212,20,192,21.48148148148148,9.25925925925926,12.222222222222221,78.51851851851852,7.4074074074074066,71.11111111111111
E00084571,144,12,6,6,132,14,118,8.333333333333332,4.166666666666666,4.166666666666666,91.66666666666666,9.722222222222223,81.94444444444444
E00084572,314,56,26,30,258,25,233,17.8343949044586,8.280254777070063,9.554140127388536,82.16560509554141,7.961783439490445,74.20382165605095
E00084573,316,63,25,38,253,22,231,19.936708860759495,7.9113924050632916,12.025316455696203,80.0632911392405,6.962025316455696,73.10126582278481
E00084575,273,43,18,25,230,23,207,15.75091575091575,6.593406593406594,9.157509157509157,84.24908424908425,8.424908424908425,75.82417582417582
E00084576,299,58,16,42,241,24,217,19.39799331103679,5.351170568561873,14.046822742474916,80.60200668896321,8.02675585284281,72.5752508361204
E00084577,327,51,12,39,276,24,252,15.59633027522936,3.669724770642202,11.926605504587156,84.40366972477065,7.339449541284404,77.06422018348624
E00084578,561,70,20,50,491,34,457,12.4777183600713,3.5650623885918007,8.9126559714795,87.5222816399287,6.0606060606060606,81.46167557932263
E00084579,282,55,13,42,227,21,206,19.50354609929078,4.609929078014184,14.893617021276595,80.49645390070921,7.446808510638298,73.04964539007092
E00084580,298,50,23,27,248,21,227,16.778523489932887,7.718120805369128,9.060402684563758,83.22147651006712,7.046979865771812,76.1744966442953
E00084582,289,51,16,35,238,31,207,17.647058823529413,5.536332179930796,12.110726643598616,82.35294117647058,10.726643598615917,71.62629757785467
E00084583,456,175,127,48,281,20,261,38.377192982456144,27.850877192982455,10.526315789473683,61.622807017543856,4.385964912280701,57.23684210526315
E00084584,320,68,31,37,252,15,237,21.25,9.6875,11.5625,78.75,4.6875,74.0625
E00084585,296,37,17,20,259,19,240,12.5,5.743243243243244,6.756756756756757,87.5,6.418918918918918,81.08108108108108
E00084586,232,66,33,33,166,26,140,28.448275862068968,14.224137931034484,14.224137931034484,71.55172413793103,11.206896551724139,60.3448275862069
E00084587,354,54,22,32,300,14,286,15.254237288135593,6.214689265536723,9.03954802259887,84.7457627118644,3.954802259887006,80.7909604519774
E00084588,342,48,18,30,294,30,264,14.035087719298245,5.263157894736842,8.771929824561402,85.96491228070175,8.771929824561402,77.19298245614034
E00084589,317,52,16,36,265,25,240,16.40378548895899,5.047318611987381,11.35646687697161,83.59621451104101,7.886435331230284,75.70977917981072
E00084590,264,59,26,33,205,17,188,22.348484848484848,9.848484848484848,12.5,77.65151515151516,6.4393939393939394,71.21212121212122
E00084591,343,52,11,41,291,36,255,15.160349854227405,3.206997084548105,11.9533527696793,84.8396501457726,10.495626822157435,74.34402332361516
E00084592,292,39,11,28,253,27,226,13.356164383561644,3.767123287671233,9.58904109589041,86.64383561643835,9.246575342465754,77.3972602739726
E00084593,298,45,19,26,253,36,217,15.100671140939598,6.375838926174497,8.724832214765101,84.8993288590604,12.080536912751679,72.81879194630872
E00084594,311,37,16,21,274,23,251,11.89710610932476,5.144694533762058,6.752411575562702,88.10289389067523,7.395498392282958,80.70739549839229
E00084595,342,55,17,38,287,33,254,16.08187134502924,4.970760233918129,11.11111111111111,83.91812865497076,9.649122807017543,74.26900584795322
E00084596,344,66,25,41,278,23,255,19.186046511627907,7.267441860465117,11.918604651162791,80.81395348837209,6.686046511627906,74.12790697674419
E00084597,300,45,16,29,255,30,225,15,5.333333333333334,9.666666666666666,85,10,75
E00084598,246,63,28,35,183,18,165,25.609756097560975,11.38211382113821,14.227642276422763,74.39024390243902,7.317073170731707,67.07317073170732
E00084599,222,64,42,22,158,12,146,28.82882882882883,18.91891891891892,9.90990990990991,71.17117117117117,5.405405405405405,65.76576576576578
E00084600,325,64,25,39,261,21,240,19.692307692307693,7.6923076923076925,12,80.3076923076923,6.461538461538462,73.84615384615385
E00084601,303,41,16,25,262,19,243,13.531353135313532,5.2805280528052805,8.25082508250825,86.46864686468648,6.270627062706271,80.19801980198021
E00084602,266,41,17,24,225,20,205,15.413533834586465,6.390977443609022,9.022556390977442,84.58646616541353,7.518796992481203,77.06766917293233
E00084603,300,60,29,31,240,13,227,20,9.666666666666666,10.333333333333334,80,4.333333333333334,75.66666666666667
E00084604,305,47,17,30,258,31,227,15.40983606557377,5.573770491803279,9.836065573770492,84.59016393442623,10.163934426229508,74.42622950819671
E00084605,402,87,43,44,315,22,293,21.641791044776117,10.696517412935323,10.945273631840797,78.35820895522389,5.472636815920398,72.88557213930348
E00084606,251,45,20,25,206,27,179,17.928286852589643,7.968127490039841,9.9601593625498,82.07171314741036,10.756972111553784,71.31474103585657
E00084607,365,65,28,37,300,29,271,17.80821917808219,7.671232876712329,10.136986301369863,82.1917808219178,7.9452054794520555,74.24657534246575
E00084608,313,63,24,39,250,34,216,20.12779552715655,7.667731629392971,12.460063897763577,79.87220447284345,10.86261980830671,69.00958466453673
E00084609,338,59,28,31,279,26,253,17.45562130177515,8.284023668639055,9.171597633136095,82.54437869822485,7.6923076923076925,74.85207100591717
E00084610,352,61,25,36,291,24,267,17.329545454545457,7.1022727272727275,10.227272727272728,82.67045454545455,6.8181818181818175,75.85227272727273
E00084611,361,57,25,32,304,15,289,15.789473684210526,6.9252077562326875,8.86426592797784,84.21052631578947,4.1551246537396125,80.05540166204986
E00084612,381,54,22,32,327,28,299,14.173228346456693,5.774278215223097,8.398950131233596,85.8267716535433,7.349081364829396,78.4776902887139
E00084613,323,68,26,42,255,21,234,21.052631578947366,8.04953560371517,13.003095975232199,78.94736842105263,6.5015479876160995,72.44582043343654
E00084615,285,39,12,27,246,15,231,13.684210526315791,4.2105263157894735,9.473684210526317,86.31578947368422,5.263157894736842,81.05263157894737
E00084616,285,59,17,42,226,26,200,20.701754385964914,5.964912280701754,14.736842105263156,79.2982456140351,9.12280701754386,70.17543859649122
E00084617,355,73,28,45,282,32,250,20.56338028169014,7.887323943661972,12.676056338028168,79.43661971830987,9.014084507042254,70.4225352112676
E00084618,335,46,21,25,289,9,280,13.73134328358209,6.26865671641791,7.462686567164178,86.26865671641791,2.6865671641791042,83.5820895522388
E00084619,373,56,23,33,317,23,294,15.013404825737265,6.166219839142091,8.847184986595174,84.98659517426273,6.166219839142091,78.82037533512064
E00084620,316,49,16,33,267,23,244,15.50632911392405,5.063291139240507,10.443037974683545,84.49367088607595,7.2784810126582276,77.21518987341773
E00084621,342,68,51,17,274,14,260,19.883040935672515,14.912280701754385,4.970760233918129,80.11695906432749,4.093567251461988,76.0233918128655
E00084622,327,37,12,25,290,18,272,11.314984709480122,3.669724770642202,7.64525993883792,88.68501529051987,5.5045871559633035,83.18042813455658
E00084623,247,58,25,33,189,14,175,23.481781376518217,10.121457489878543,13.360323886639677,76.51821862348179,5.668016194331984,70.8502024291498
E00084624,377,48,19,29,329,14,315,12.73209549071618,5.039787798408488,7.6923076923076925,87.26790450928382,3.7135278514588856,83.55437665782493
E00084625,298,46,24,22,252,15,237,15.436241610738255,8.053691275167784,7.38255033557047,84.56375838926175,5.033557046979865,79.53020134228188
E00084626,295,92,56,36,203,12,191,31.186440677966104,18.983050847457626,12.203389830508476,68.8135593220339,4.067796610169491,64.7457627118644
E00084627,238,40,13,27,198,12,186,16.80672268907563,5.46218487394958,11.344537815126051,83.19327731092437,5.042016806722689,78.15126050420169
E00084628,291,39,12,27,252,20,232,13.402061855670103,4.123711340206185,9.278350515463918,86.5979381443299,6.872852233676976,79.72508591065292
E00084629,372,47,14,33,325,29,296,12.634408602150538,3.763440860215054,8.870967741935484,87.36559139784946,7.795698924731183,79.56989247311827
E00084630,288,33,12,21,255,22,233,11.458333333333332,4.166666666666666,7.291666666666667,88.54166666666666,7.638888888888889,80.90277777777779
E00084631,299,43,14,29,256,30,226,14.381270903010032,4.682274247491638,9.698996655518394,85.61872909698997,10.033444816053512,75.58528428093646
E00084632,273,41,17,24,232,20,212,15.018315018315018,6.227106227106227,8.791208791208792,84.98168498168498,7.326007326007327,77.65567765567766
E00084633,262,37,11,26,225,15,210,14.122137404580155,4.198473282442748,9.923664122137405,85.87786259541986,5.7251908396946565,80.1526717557252
E00084635,206,65,32,33,141,6,135,31.55339805825243,15.53398058252427,16.019417475728158,68.44660194174757,2.912621359223301,65.53398058252428
E00084636,584,69,28,41,515,37,478,11.815068493150685,4.794520547945205,7.02054794520548,88.18493150684932,6.335616438356165,81.84931506849315
E00084637,400,39,17,22,361,34,327,9.75,4.25,5.5,90.25,8.5,81.75
E00084638,308,34,8,26,274,29,245,11.03896103896104,2.5974025974025974,8.441558441558442,88.96103896103897,9.415584415584416,79.54545454545455
E00084639,335,38,7,31,297,11,286,11.343283582089553,2.0895522388059704,9.253731343283581,88.65671641791046,3.2835820895522385,85.37313432835822
E00084640,324,35,11,24,289,23,266,10.802469135802468,3.3950617283950617,7.4074074074074066,89.19753086419753,7.098765432098765,82.09876543209876
E00084641,345,34,16,18,311,23,288,9.855072463768117,4.63768115942029,5.217391304347826,90.14492753623189,6.666666666666667,83.47826086956522
E00084642,220,49,25,24,171,16,155,22.272727272727273,11.363636363636363,10.909090909090908,77.72727272727272,7.2727272727272725,70.45454545454545
E00084643,338,45,23,22,293,32,261,13.313609467455622,6.8047337278106506,6.508875739644971,86.68639053254438,9.467455621301776,77.2189349112426
E00084644,354,73,22,51,281,16,265,20.62146892655367,6.214689265536723,14.40677966101695,79.37853107344633,4.519774011299435,74.85875706214689
E00084645,347,62,25,37,285,30,255,17.86743515850144,7.204610951008646,10.662824207492795,82.13256484149855,8.645533141210375,73.48703170028818
E00084646,398,32,10,22,366,28,338,8.040201005025125,2.512562814070352,5.527638190954774,91.95979899497488,7.035175879396985,84.92462311557789
E00084647,235,63,27,36,172,11,161,26.80851063829787,11.48936170212766,15.319148936170212,73.19148936170212,4.680851063829787,68.51063829787233
E00084648,401,62,27,35,339,24,315,15.46134663341646,6.733167082294264,8.728179551122196,84.53865336658353,5.985037406483791,78.55361596009975
E00084649,316,34,20,14,282,17,265,10.759493670886076,6.329113924050633,4.430379746835443,89.24050632911393,5.379746835443038,83.86075949367088
E00084650,371,46,14,32,325,33,292,12.398921832884097,3.7735849056603774,8.62533692722372,87.6010781671159,8.89487870619946,78.70619946091644
E00084651,337,63,16,47,274,22,252,18.694362017804153,4.747774480712167,13.94658753709199,81.30563798219585,6.528189910979229,74.77744807121661
E00084652,314,51,17,34,263,20,243,16.24203821656051,5.414012738853503,10.828025477707007,83.7579617834395,6.369426751592357,77.38853503184714
E00084653,319,32,8,24,287,27,260,10.031347962382444,2.507836990595611,7.523510971786834,89.96865203761756,8.463949843260188,81.50470219435736
E00084654,356,55,29,26,301,23,278,15.44943820224719,8.146067415730338,7.303370786516854,84.5505617977528,6.460674157303371,78.08988764044943
E00084655,402,46,15,31,356,34,322,11.442786069651742,3.731343283582089,7.711442786069651,88.55721393034825,8.45771144278607,80.09950248756219
E00084656,413,58,19,39,355,31,324,14.043583535108958,4.600484261501211,9.443099273607748,85.95641646489103,7.506053268765134,78.4503631961259
E00084657,310,51,18,33,259,19,240,16.451612903225808,5.806451612903226,10.64516129032258,83.54838709677419,6.129032258064516,77.41935483870968
E00084658,320,50,20,30,270,18,252,15.625,6.25,9.375,84.375,5.625,78.75
E00084659,372,36,13,23,336,15,321,9.67741935483871,3.494623655913978,6.182795698924731,90.32258064516128,4.032258064516129,86.29032258064517
E00084660,327,41,9,32,286,24,262,12.538226299694188,2.7522935779816518,9.785932721712538,87.46177370030581,7.339449541284404,80.1223241590214
E00084661,281,64,30,34,217,13,204,22.77580071174377,10.676156583629894,12.099644128113878,77.22419928825623,4.6263345195729535,72.59786476868328
E00084662,309,75,35,40,234,13,221,24.271844660194176,11.326860841423949,12.944983818770226,75.72815533980582,4.207119741100324,71.52103559870551
E00084664,291,49,20,29,242,16,226,16.83848797250859,6.872852233676976,9.965635738831615,83.16151202749141,5.498281786941581,77.66323024054984
E00084666,333,43,13,30,290,22,268,12.912912912912914,3.903903903903904,9.00900900900901,87.08708708708708,6.606606606606606,80.48048048048048
E00084667,330,48,16,32,282,24,258,14.545454545454545,4.848484848484849,9.696969696969697,85.45454545454545,7.2727272727272725,78.18181818181819
E00084668,330,50,13,37,280,25,255,15.151515151515152,3.939393939393939,11.212121212121213,84.84848484848484,7.575757575757576,77.27272727272727
E00084669,267,38,16,22,229,18,211,14.232209737827715,5.992509363295881,8.239700374531834,85.76779026217228,6.741573033707865,79.02621722846442
E00084670,357,41,12,29,316,26,290,11.484593837535014,3.361344537815126,8.123249299719888,88.51540616246498,7.282913165266107,81.23249299719888
E00084671,360,33,12,21,327,24,303,9.166666666666666,3.3333333333333335,5.833333333333333,90.83333333333333,6.666666666666667,84.16666666666667
E00084674,340,34,11,23,306,25,281,10,3.2352941176470593,6.764705882352941,90,7.352941176470589,82.6470588235294
E00084678,314,47,18,29,267,38,229,14.968152866242038,5.7324840764331215,9.235668789808917,85.03184713375796,12.101910828025478,72.92993630573248
E00084679,314,44,17,27,270,15,255,14.012738853503185,5.414012738853503,8.598726114649681,85.98726114649682,4.777070063694268,81.21019108280255
E00084680,487,57,23,34,430,31,399,11.704312114989733,4.722792607802875,6.981519507186857,88.29568788501027,6.365503080082135,81.93018480492813
E00084681,300,62,18,44,238,25,213,20.666666666666668,6,14.666666666666666,79.33333333333333,8.333333333333332,71
E00084682,251,60,28,32,191,19,172,23.904382470119522,11.155378486055776,12.749003984063744,76.09561752988047,7.569721115537849,68.52589641434263
E00084683,416,64,18,46,352,19,333,15.384615384615385,4.326923076923077,11.057692307692307,84.61538461538461,4.567307692307692,80.04807692307693
E00084684,426,39,13,26,387,25,362,9.15492957746479,3.051643192488263,6.103286384976526,90.84507042253522,5.868544600938967,84.97652582159625
E00084686,391,59,15,44,332,12,320,15.089514066496163,3.8363171355498724,11.253196930946292,84.91048593350384,3.0690537084398977,81.84143222506394
E00084687,356,49,18,31,307,20,287,13.764044943820226,5.056179775280898,8.707865168539326,86.23595505617978,5.617977528089887,80.6179775280899
E00084688,344,59,30,29,285,21,264,17.151162790697676,8.720930232558139,8.430232558139535,82.84883720930233,6.104651162790697,76.74418604651163
E00084690,394,34,1,33,360,24,336,8.629441624365482,0.25380710659898476,8.375634517766498,91.37055837563452,6.091370558375635,85.27918781725889
E00084691,386,110,63,47,276,22,254,28.497409326424872,16.321243523316063,12.176165803108809,71.50259067357513,5.699481865284974,65.80310880829016
E00084692,298,75,35,40,223,12,211,25.16778523489933,11.74496644295302,13.422818791946309,74.83221476510067,4.026845637583892,70.80536912751678
E00084693,286,29,8,21,257,21,236,10.13986013986014,2.797202797202797,7.3426573426573425,89.86013986013987,7.3426573426573425,82.51748251748252
E00084694,258,25,8,17,233,17,216,9.689922480620156,3.10077519379845,6.5891472868217065,90.31007751937985,6.5891472868217065,83.72093023255815
E00084695,309,48,22,26,261,27,234,15.53398058252427,7.119741100323624,8.414239482200648,84.46601941747572,8.737864077669903,75.72815533980582
E00084696,326,52,14,38,274,25,249,15.950920245398773,4.294478527607362,11.65644171779141,84.04907975460122,7.668711656441718,76.38036809815951
E00084697,341,57,15,42,284,24,260,16.715542521994134,4.398826979472141,12.316715542521994,83.28445747800586,7.038123167155426,76.24633431085044
E00084698,367,136,92,44,231,19,212,37.05722070844686,25.068119891008173,11.989100817438691,62.94277929155313,5.177111716621254,57.765667574931875
E00084699,408,83,35,48,325,37,288,20.34313725490196,8.57843137254902,11.76470588235294,79.65686274509804,9.068627450980392,70.58823529411765
E00084700,344,41,16,25,303,39,264,11.918604651162791,4.651162790697675,7.267441860465117,88.0813953488372,11.337209302325581,76.74418604651163
E00084701,310,52,27,25,258,29,229,16.7741935483871,8.709677419354838,8.064516129032258,83.22580645161291,9.35483870967742,73.87096774193549
E00084702,321,29,9,20,292,17,275,9.034267912772584,2.803738317757009,6.230529595015576,90.96573208722741,5.29595015576324,85.66978193146417
E00084703,273,52,20,32,221,20,201,19.047619047619047,7.326007326007327,11.72161172161172,80.95238095238095,7.326007326007327,73.62637362637363
E00084704,398,60,27,33,338,32,306,15.07537688442211,6.78391959798995,8.291457286432161,84.92462311557789,8.040201005025125,76.88442211055276
E00084705,301,55,20,35,246,19,227,18.272425249169437,6.64451827242525,11.627906976744185,81.72757475083057,6.312292358803987,75.41528239202658
E00084706,266,39,14,25,227,14,213,14.661654135338345,5.263157894736842,9.398496240601503,85.33834586466166,5.263157894736842,80.07518796992481
E00084707,296,55,20,35,241,22,219,18.58108108108108,6.756756756756757,11.824324324324325,81.41891891891892,7.4324324324324325,73.98648648648648
E00084708,301,58,17,41,243,22,221,19.269102990033225,5.647840531561462,13.621262458471762,80.73089700996677,7.308970099667775,73.421926910299
E00084709,322,53,20,33,269,19,250,16.459627329192546,6.211180124223603,10.248447204968944,83.54037267080744,5.900621118012422,77.63975155279503
E00084710,323,33,11,22,290,21,269,10.21671826625387,3.4055727554179565,6.811145510835913,89.78328173374614,6.5015479876160995,83.28173374613003
E00084711,321,53,23,30,268,27,241,16.510903426791277,7.165109034267912,9.345794392523365,83.48909657320873,8.411214953271028,75.0778816199377
E00084712,373,54,21,33,319,29,290,14.47721179624665,5.630026809651475,8.847184986595174,85.52278820375335,7.774798927613941,77.7479892761394
E00084713,354,54,16,38,300,24,276,15.254237288135593,4.519774011299435,10.734463276836157,84.7457627118644,6.779661016949152,77.96610169491525
E00084715,220,45,23,22,175,26,149,20.454545454545457,10.454545454545453,10,79.54545454545455,11.818181818181818,67.72727272727272
E00084716,224,56,21,35,168,14,154,25,9.375,15.625,75,6.25,68.75
E00084717,299,24,3,21,275,17,258,8.02675585284281,1.0033444816053512,7.023411371237458,91.9732441471572,5.68561872909699,86.2876254180602
E00084718,293,39,11,28,254,22,232,13.310580204778159,3.754266211604096,9.556313993174061,86.68941979522185,7.508532423208192,79.18088737201366
E00084719,353,44,8,36,309,39,270,12.464589235127479,2.26628895184136,10.198300283286118,87.53541076487252,11.048158640226628,76.48725212464589
E00084720,330,51,15,36,279,17,262,15.454545454545453,4.545454545454546,10.909090909090908,84.54545454545455,5.151515151515151,79.39393939393939
E00084721,289,32,14,18,257,16,241,11.072664359861593,4.844290657439446,6.228373702422145,88.92733564013841,5.536332179930796,83.39100346020761
E00084722,327,41,17,24,286,24,262,12.538226299694188,5.198776758409786,7.339449541284404,87.46177370030581,7.339449541284404,80.1223241590214
E00084723,279,30,11,19,249,17,232,10.75268817204301,3.942652329749104,6.810035842293908,89.24731182795699,6.093189964157706,83.15412186379928
E00084724,334,33,6,27,301,27,274,9.880239520958083,1.7964071856287425,8.08383233532934,90.11976047904191,8.08383233532934,82.03592814371258
E00084725,296,39,13,26,257,25,232,13.175675675675674,4.391891891891892,8.783783783783784,86.82432432432432,8.445945945945946,78.37837837837837
E00084726,311,38,15,23,273,24,249,12.218649517684888,4.823151125401929,7.395498392282958,87.78135048231512,7.717041800643088,80.06430868167203
E00084727,307,38,12,26,269,33,236,12.37785016286645,3.908794788273615,8.469055374592834,87.62214983713355,10.749185667752444,76.8729641693811
E00084728,234,24,13,11,210,11,199,10.256410256410255,5.555555555555555,4.700854700854701,89.74358974358975,4.700854700854701,85.04273504273505
E00084729,283,43,15,28,240,29,211,15.19434628975265,5.30035335689046,9.89399293286219,84.80565371024736,10.247349823321555,74.55830388692578
E00084730,332,38,8,30,294,26,268,11.44578313253012,2.4096385542168677,9.036144578313253,88.55421686746988,7.83132530120482,80.72289156626506
E00084731,338,53,12,41,285,32,253,15.680473372781064,3.5502958579881656,12.1301775147929,84.31952662721893,9.467455621301776,74.85207100591717
E00084732,501,53,15,38,448,43,405,10.578842315369261,2.9940119760479043,7.584830339321358,89.42115768463074,8.582834331337326,80.83832335329342
E00084733,327,64,22,42,263,21,242,19.571865443425075,6.727828746177369,12.844036697247708,80.42813455657493,6.422018348623854,74.00611620795107
E00084734,324,50,17,33,274,26,248,15.432098765432098,5.246913580246913,10.185185185185185,84.5679012345679,8.024691358024691,76.5432098765432
E00084735,318,48,14,34,270,23,247,15.09433962264151,4.40251572327044,10.69182389937107,84.90566037735849,7.232704402515723,77.67295597484278
E00084736,318,32,4,28,286,20,266,10.062893081761008,1.257861635220126,8.80503144654088,89.937106918239,6.289308176100629,83.64779874213836
E00084737,358,56,23,33,302,31,271,15.64245810055866,6.424581005586592,9.217877094972067,84.35754189944134,8.659217877094973,75.69832402234637
E00084738,148,19,8,11,129,8,121,12.837837837837837,5.405405405405405,7.4324324324324325,87.16216216216216,5.405405405405405,81.75675675675676
E00084739,460,94,37,57,366,33,333,20.434782608695652,8.043478260869565,12.391304347826088,79.56521739130434,7.173913043478261,72.3913043478261
E00084740,296,43,17,26,253,29,224,14.527027027027026,5.743243243243244,8.783783783783784,85.47297297297297,9.797297297297296,75.67567567567568
E00084742,307,50,18,32,257,28,229,16.286644951140065,5.863192182410423,10.423452768729643,83.71335504885994,9.120521172638437,74.5928338762215
E00084744,321,32,11,21,289,32,257,9.968847352024921,3.4267912772585665,6.5420560747663545,90.03115264797508,9.968847352024921,80.06230529595015
E00084745,308,19,5,14,289,33,256,6.1688311688311686,1.6233766233766231,4.545454545454546,93.83116883116884,10.714285714285714,83.11688311688312
E00084746,262,30,11,19,232,17,215,11.450381679389313,4.198473282442748,7.251908396946565,88.54961832061069,6.488549618320611,82.06106870229007
E00084747,321,41,11,30,280,38,242,12.77258566978193,3.4267912772585665,9.345794392523365,87.22741433021807,11.838006230529595,75.38940809968847
E00084748,381,78,34,44,303,30,273,20.47244094488189,8.923884514435695,11.548556430446194,79.52755905511812,7.874015748031496,71.65354330708661
E00084749,413,64,16,48,349,31,318,15.49636803874092,3.87409200968523,11.62227602905569,84.50363196125909,7.506053268765134,76.99757869249395
E00084750,260,58,28,30,202,15,187,22.30769230769231,10.76923076923077,11.538461538461538,77.6923076923077,5.769230769230769,71.92307692307692
E00084751,291,27,9,18,264,18,246,9.278350515463918,3.0927835051546393,6.185567010309279,90.72164948453609,6.185567010309279,84.5360824742268
E00084752,311,66,23,43,245,23,222,21.221864951768488,7.395498392282958,13.826366559485532,78.77813504823152,7.395498392282958,71.38263665594855
E00084753,422,43,10,33,379,28,351,10.189573459715639,2.3696682464454977,7.819905213270142,89.81042654028435,6.6350710900473935,83.17535545023696
E00084754,345,45,17,28,300,24,276,13.043478260869565,4.9275362318840585,8.115942028985506,86.95652173913044,6.956521739130435,80
E00084755,339,35,14,21,304,29,275,10.32448377581121,4.129793510324483,6.1946902654867255,89.67551622418878,8.55457227138643,81.12094395280236
E00084756,565,69,18,51,496,33,463,12.212389380530974,3.185840707964602,9.026548672566372,87.78761061946902,5.84070796460177,81.94690265486726
E00084757,359,63,34,29,296,29,267,17.548746518105848,9.47075208913649,8.07799442896936,82.45125348189416,8.07799442896936,74.3732590529248
E00084758,318,35,13,22,283,24,259,11.0062893081761,4.088050314465408,6.918238993710692,88.9937106918239,7.547169811320755,81.44654088050315
E00084759,318,55,25,30,263,30,233,17.29559748427673,7.861635220125786,9.433962264150944,82.70440251572327,9.433962264150944,73.27044025157232
E00084760,296,31,9,22,265,25,240,10.472972972972974,3.040540540540541,7.4324324324324325,89.52702702702703,8.445945945945946,81.08108108108108
E00084761,260,69,23,46,191,26,165,26.53846153846154,8.846153846153847,17.692307692307693,73.46153846153847,10,63.46153846153846
E00084762,318,45,17,28,273,24,249,14.150943396226415,5.345911949685535,8.80503144654088,85.84905660377359,7.547169811320755,78.30188679245283
E00084763,269,39,16,23,230,20,210,14.49814126394052,5.947955390334572,8.550185873605948,85.50185873605948,7.434944237918216,78.06691449814126
E00084764,243,34,9,25,209,34,175,13.991769547325102,3.7037037037037033,10.2880658436214,86.0082304526749,13.991769547325102,72.0164609053498
E00084765,238,39,9,30,199,19,180,16.386554621848738,3.7815126050420167,12.605042016806722,83.61344537815127,7.9831932773109235,75.63025210084034
E00084766,228,30,10,20,198,20,178,13.157894736842104,4.385964912280701,8.771929824561402,86.8421052631579,8.771929824561402,78.0701754385965
E00084767,301,31,9,22,270,16,254,10.299003322259136,2.990033222591362,7.308970099667775,89.70099667774086,5.3156146179401995,84.38538205980066
E00084769,303,40,16,24,263,20,243,13.2013201320132,5.2805280528052805,7.920792079207921,86.79867986798679,6.6006600660066,80.19801980198021
E00084771,127,15,3,12,112,8,104,11.811023622047244,2.3622047244094486,9.448818897637794,88.18897637795276,6.299212598425196,81.88976377952756
E00084772,143,35,18,17,108,11,97,24.475524475524477,12.587412587412588,11.888111888111888,75.52447552447552,7.6923076923076925,67.83216783216784
E00084773,337,46,16,30,291,32,259,13.649851632047477,4.747774480712167,8.902077151335313,86.35014836795251,9.495548961424333,76.8545994065282
E00084774,229,27,12,15,202,26,176,11.790393013100436,5.240174672489083,6.550218340611353,88.20960698689956,11.353711790393014,76.85589519650655
E00084775,228,50,26,24,178,15,163,21.929824561403507,11.403508771929824,10.526315789473683,78.0701754385965,6.578947368421052,71.49122807017544
E00084776,267,37,12,25,230,22,208,13.857677902621724,4.49438202247191,9.363295880149813,86.14232209737828,8.239700374531834,77.90262172284645
E00084777,291,47,20,27,244,26,218,16.151202749140893,6.872852233676976,9.278350515463918,83.8487972508591,8.934707903780069,74.91408934707904
E00084778,388,51,19,32,337,35,302,13.144329896907218,4.896907216494846,8.24742268041237,86.85567010309279,9.02061855670103,77.83505154639175
E00084779,306,44,13,31,262,28,234,14.37908496732026,4.248366013071895,10.130718954248366,85.62091503267973,9.15032679738562,76.47058823529412
E00084780,321,45,15,30,276,28,248,14.018691588785046,4.672897196261682,9.345794392523365,85.98130841121495,8.722741433021806,77.25856697819314
E00084781,246,52,23,29,194,21,173,21.138211382113823,9.34959349593496,11.788617886178862,78.86178861788618,8.536585365853659,70.32520325203252
E00084782,225,55,36,19,170,11,159,24.444444444444443,16,8.444444444444445,75.55555555555556,4.888888888888889,70.66666666666667
E00084783,382,42,18,24,340,31,309,10.99476439790576,4.712041884816754,6.282722513089005,89.00523560209425,8.115183246073299,80.89005235602095
E00084784,378,46,10,36,332,21,311,12.16931216931217,2.6455026455026456,9.523809523809524,87.83068783068782,5.555555555555555,82.27513227513228
E00084785,281,50,19,31,231,24,207,17.793594306049823,6.761565836298933,11.032028469750891,82.20640569395017,8.540925266903916,73.66548042704626
E00084786,306,45,13,32,261,26,235,14.705882352941178,4.248366013071895,10.457516339869281,85.29411764705883,8.49673202614379,76.79738562091504
E00084787,296,42,11,31,254,12,242,14.18918918918919,3.7162162162162162,10.472972972972974,85.8108108108108,4.054054054054054,81.75675675675676
E00084788,339,64,24,40,275,22,253,18.87905604719764,7.079646017699115,11.799410029498524,81.12094395280236,6.489675516224189,74.63126843657817
E00084789,366,55,23,32,311,25,286,15.027322404371585,6.284153005464481,8.743169398907105,84.97267759562843,6.830601092896176,78.14207650273224
E00084790,364,52,18,34,312,18,294,14.285714285714285,4.945054945054945,9.340659340659341,85.71428571428571,4.945054945054945,80.76923076923077
E00084791,334,70,23,47,264,24,240,20.958083832335326,6.88622754491018,14.071856287425149,79.04191616766467,7.18562874251497,71.8562874251497
E00084792,306,51,25,26,255,15,240,16.666666666666664,8.169934640522875,8.49673202614379,83.33333333333334,4.901960784313726,78.43137254901961
E00084793,315,70,31,39,245,14,231,22.22222222222222,9.841269841269842,12.380952380952381,77.77777777777779,4.444444444444445,73.33333333333333
E00084794,365,77,35,42,288,19,269,21.095890410958905,9.58904109589041,11.506849315068493,78.9041095890411,5.205479452054795,73.6986301369863
E00084795,392,55,27,28,337,25,312,14.030612244897958,6.887755102040815,7.142857142857142,85.96938775510205,6.377551020408164,79.59183673469387
E00084796,215,56,27,29,159,9,150,26.046511627906977,12.558139534883722,13.488372093023257,73.95348837209302,4.186046511627907,69.76744186046511
E00084797,516,123,55,68,393,33,360,23.837209302325583,10.65891472868217,13.178294573643413,76.16279069767442,6.395348837209303,69.76744186046511
E00084798,391,70,39,31,321,20,301,17.902813299232736,9.974424552429667,7.928388746803069,82.09718670076727,5.115089514066496,76.98209718670077
E00084799,419,91,40,51,328,24,304,21.71837708830549,9.54653937947494,12.17183770883055,78.28162291169451,5.727923627684964,72.55369928400954
E00084800,349,61,26,35,288,22,266,17.478510028653297,7.4498567335243555,10.028653295128938,82.52148997134671,6.303724928366762,76.21776504297995
E00084801,453,81,39,42,372,15,357,17.880794701986755,8.609271523178808,9.271523178807946,82.11920529801324,3.3112582781456954,78.80794701986756
E00084802,288,37,11,26,251,16,235,12.847222222222221,3.8194444444444446,9.027777777777777,87.15277777777779,5.555555555555555,81.59722222222221
E00084803,315,56,16,40,259,14,245,17.77777777777778,5.079365079365079,12.698412698412698,82.22222222222221,4.444444444444445,77.77777777777779
E00084804,232,22,6,16,210,18,192,9.482758620689655,2.586206896551724,6.896551724137931,90.51724137931035,7.758620689655173,82.75862068965517
E00084805,415,51,23,28,364,18,346,12.289156626506024,5.542168674698795,6.746987951807229,87.71084337349397,4.337349397590361,83.37349397590361
E00084806,257,48,17,31,209,17,192,18.67704280155642,6.614785992217899,12.062256809338521,81.32295719844358,6.614785992217899,74.70817120622569
E00084807,338,73,28,45,265,18,247,21.597633136094675,8.284023668639055,13.313609467455622,78.40236686390533,5.325443786982249,73.07692307692307
E00084808,312,62,26,36,250,24,226,19.871794871794872,8.333333333333332,11.538461538461538,80.12820512820514,7.6923076923076925,72.43589743589743
E00084809,287,45,19,26,242,14,228,15.6794425087108,6.620209059233449,9.059233449477352,84.3205574912892,4.878048780487805,79.44250871080139
E00084810,213,45,18,27,168,22,146,21.12676056338028,8.450704225352112,12.676056338028168,78.87323943661971,10.328638497652582,68.54460093896714
E00084811,351,44,18,26,307,33,274,12.535612535612536,5.128205128205128,7.4074074074074066,87.46438746438746,9.401709401709402,78.06267806267806
E00084812,338,41,11,30,297,19,278,12.1301775147929,3.2544378698224854,8.875739644970414,87.86982248520711,5.621301775147929,82.24852071005917
E00084813,290,63,40,23,227,13,214,21.72413793103448,13.793103448275861,7.931034482758621,78.27586206896552,4.482758620689655,73.79310344827587
E00084814,334,65,29,36,269,22,247,19.46107784431138,8.682634730538922,10.778443113772456,80.53892215568862,6.58682634730539,73.95209580838323
E00084815,159,43,25,18,116,15,101,27.044025157232703,15.723270440251572,11.320754716981133,72.95597484276729,9.433962264150944,63.52201257861635
E00084816,405,86,38,48,319,19,300,21.23456790123457,9.382716049382717,11.851851851851853,78.76543209876543,4.691358024691358,74.07407407407408
E00084817,340,70,40,30,270,7,263,20.588235294117645,11.76470588235294,8.823529411764707,79.41176470588235,2.0588235294117645,77.3529411764706
E00084818,251,60,20,40,191,22,169,23.904382470119522,7.968127490039841,15.936254980079681,76.09561752988047,8.764940239043826,67.33067729083665
E00084819,363,49,19,30,314,23,291,13.498622589531681,5.234159779614325,8.264462809917356,86.50137741046832,6.336088154269973,80.16528925619835
E00084820,296,37,9,28,259,16,243,12.5,3.040540540540541,9.45945945945946,87.5,5.405405405405405,82.0945945945946
E00084821,217,32,9,23,185,20,165,14.746543778801843,4.147465437788019,10.599078341013826,85.25345622119815,9.216589861751153,76.036866359447
E00084822,241,44,16,28,197,16,181,18.25726141078838,6.639004149377594,11.618257261410788,81.74273858921161,6.639004149377594,75.10373443983403
E00084823,272,42,13,29,230,23,207,15.441176470588236,4.779411764705882,10.661764705882353,84.55882352941177,8.455882352941178,76.10294117647058
E00084824,286,60,24,36,226,18,208,20.97902097902098,8.391608391608392,12.587412587412588,79.02097902097903,6.293706293706294,72.72727272727273
E00084825,324,39,11,28,285,24,261,12.037037037037036,3.3950617283950617,8.641975308641975,87.96296296296296,7.4074074074074066,80.55555555555556
E00084826,262,55,22,33,207,20,187,20.99236641221374,8.396946564885496,12.595419847328243,79.00763358778626,7.633587786259542,71.37404580152672
E00084827,347,55,13,42,292,22,270,15.85014409221902,3.7463976945244957,12.103746397694524,84.14985590778097,6.340057636887608,77.80979827089337
E00084828,388,63,16,47,325,21,304,16.237113402061855,4.123711340206185,12.11340206185567,83.76288659793815,5.412371134020619,78.35051546391753
E00084829,320,46,17,29,274,28,246,14.374999999999998,5.3125,9.0625,85.625,8.75,76.875
E00084830,318,48,13,35,270,22,248,15.09433962264151,4.088050314465408,11.0062893081761,84.90566037735849,6.918238993710692,77.9874213836478
E00084831,185,51,34,17,134,12,122,27.56756756756757,18.37837837837838,9.18918918918919,72.43243243243244,6.486486486486487,65.94594594594595
E00084832,364,76,37,39,288,25,263,20.87912087912088,10.164835164835164,10.714285714285714,79.12087912087912,6.868131868131869,72.25274725274726
E00084833,309,65,28,37,244,17,227,21.035598705501616,9.06148867313916,11.974110032362459,78.96440129449837,5.501618122977346,73.46278317152104
E00084834,394,90,40,50,304,24,280,22.84263959390863,10.152284263959391,12.690355329949238,77.15736040609137,6.091370558375635,71.06598984771574
E00084836,273,60,20,40,213,21,192,21.978021978021978,7.326007326007327,14.652014652014653,78.02197802197803,7.6923076923076925,70.32967032967034
E00084837,275,62,17,45,213,32,181,22.545454545454547,6.181818181818182,16.363636363636363,77.45454545454545,11.636363636363637,65.81818181818181
E00084838,344,60,20,40,284,27,257,17.441860465116278,5.813953488372093,11.627906976744185,82.55813953488372,7.848837209302325,74.70930232558139
E00084839,275,45,13,32,230,25,205,16.363636363636363,4.7272727272727275,11.636363636363637,83.63636363636363,9.090909090909092,74.54545454545455
E00084840,396,69,25,44,327,18,309,17.424242424242426,6.313131313131313,11.11111111111111,82.57575757575758,4.545454545454546,78.03030303030303
E00084841,282,56,21,35,226,27,199,19.858156028368796,7.446808510638298,12.411347517730496,80.1418439716312,9.574468085106384,70.56737588652481
E00084842,271,42,13,29,229,17,212,15.498154981549817,4.797047970479705,10.70110701107011,84.50184501845018,6.273062730627306,78.22878228782287
E00084843,377,70,30,40,307,24,283,18.56763925729443,7.957559681697612,10.610079575596817,81.43236074270557,6.36604774535809,75.06631299734748
E00084844,308,36,14,22,272,20,252,11.688311688311687,4.545454545454546,7.142857142857142,88.31168831168831,6.493506493506493,81.81818181818183
E00084845,405,62,21,41,343,19,324,15.308641975308642,5.185185185185185,10.123456790123457,84.69135802469135,4.691358024691358,80
E00084846,384,57,23,34,327,18,309,14.84375,5.989583333333334,8.854166666666668,85.15625,4.6875,80.46875
E00084847,309,56,22,34,253,30,223,18.12297734627832,7.119741100323624,11.003236245954692,81.87702265372168,9.70873786407767,72.168284789644
E00084848,289,86,36,50,203,18,185,29.757785467128027,12.45674740484429,17.301038062283737,70.24221453287197,6.228373702422145,64.01384083044984
E00084849,270,59,18,41,211,27,184,21.85185185185185,6.666666666666667,15.185185185185185,78.14814814814814,10,68.14814814814815
E00084850,235,42,16,26,193,15,178,17.872340425531917,6.808510638297872,11.063829787234042,82.12765957446808,6.382978723404255,75.74468085106383
E00084851,375,64,24,40,311,34,277,17.066666666666666,6.4,10.666666666666668,82.93333333333334,9.066666666666666,73.86666666666667
E00084852,362,49,14,35,313,37,276,13.535911602209943,3.867403314917127,9.668508287292818,86.46408839779005,10.220994475138122,76.24309392265194
E00084853,275,37,10,27,238,23,215,13.454545454545455,3.6363636363636362,9.818181818181818,86.54545454545455,8.363636363636363,78.18181818181819
E00084854,313,53,23,30,260,20,240,16.93290734824281,7.348242811501597,9.584664536741213,83.06709265175719,6.3897763578274756,76.6773162939297
E00084855,273,71,33,38,202,15,187,26.00732600732601,12.087912087912088,13.91941391941392,73.992673992674,5.4945054945054945,68.4981684981685
E00084856,265,38,12,26,227,16,211,14.339622641509434,4.528301886792453,9.811320754716983,85.66037735849056,6.037735849056604,79.62264150943396
E00084857,272,39,8,31,233,31,202,14.338235294117647,2.941176470588235,11.397058823529411,85.66176470588235,11.397058823529411,74.26470588235294
E00084858,366,60,20,40,306,36,270,16.39344262295082,5.46448087431694,10.92896174863388,83.60655737704919,9.836065573770492,73.77049180327869
E00084859,372,69,29,40,303,29,274,18.548387096774192,7.795698924731183,10.75268817204301,81.45161290322581,7.795698924731183,73.65591397849462
E00084860,304,62,29,33,242,19,223,20.394736842105264,9.539473684210527,10.855263157894738,79.60526315789474,6.25,73.35526315789474
E00084861,302,36,10,26,266,37,229,11.920529801324504,3.3112582781456954,8.609271523178808,88.0794701986755,12.251655629139073,75.82781456953643
E00084862,364,42,9,33,322,33,289,11.538461538461538,2.4725274725274726,9.065934065934066,88.46153846153845,9.065934065934066,79.3956043956044
E00084863,371,42,6,36,329,28,301,11.320754716981133,1.6172506738544474,9.703504043126685,88.67924528301887,7.547169811320755,81.13207547169812
E00084864,443,61,28,33,382,22,360,13.769751693002258,6.320541760722348,7.44920993227991,86.23024830699775,4.966139954853273,81.26410835214448
E00084865,302,44,7,37,258,17,241,14.56953642384106,2.3178807947019866,12.251655629139073,85.43046357615894,5.629139072847682,79.80132450331125
E00084866,302,40,12,28,262,31,231,13.245033112582782,3.9735099337748347,9.271523178807946,86.75496688741721,10.264900662251655,76.49006622516556
E00084867,302,35,9,26,267,27,240,11.589403973509933,2.980132450331126,8.609271523178808,88.41059602649007,8.940397350993377,79.47019867549669
E00084868,352,59,25,34,293,15,278,16.761363636363637,7.1022727272727275,9.659090909090908,83.23863636363636,4.261363636363636,78.97727272727273
E00084869,387,33,6,27,354,16,338,8.527131782945736,1.550387596899225,6.976744186046512,91.47286821705426,4.1343669250646,87.33850129198967
E00084870,408,65,28,37,343,33,310,15.931372549019606,6.862745098039216,9.068627450980392,84.06862745098039,8.088235294117647,75.98039215686273
E00084871,382,31,8,23,351,30,321,8.115183246073299,2.094240837696335,6.020942408376963,91.8848167539267,7.853403141361256,84.03141361256544
E00084872,261,62,32,30,199,11,188,23.754789272030653,12.260536398467432,11.494252873563218,76.24521072796935,4.21455938697318,72.03065134099617
E00084873,320,69,39,30,251,13,238,21.5625,12.1875,9.375,78.4375,4.0625,74.375
E00084874,293,39,15,24,254,15,239,13.310580204778159,5.1194539249146755,8.19112627986348,86.68941979522185,5.1194539249146755,81.56996587030717
E00084875,307,37,11,26,270,19,251,12.052117263843648,3.5830618892508146,8.469055374592834,87.94788273615634,6.188925081433225,81.75895765472313
E00084876,283,34,12,22,249,14,235,12.014134275618375,4.240282685512367,7.773851590106007,87.98586572438163,4.946996466431095,83.03886925795054
E00084877,369,30,5,25,339,33,306,8.130081300813007,1.3550135501355014,6.775067750677506,91.869918699187,8.94308943089431,82.92682926829268
E00084878,253,42,12,30,211,18,193,16.600790513833992,4.743083003952568,11.857707509881422,83.399209486166,7.114624505928854,76.28458498023716
E00084879,276,30,10,20,246,24,222,10.869565217391305,3.6231884057971016,7.246376811594203,89.13043478260869,8.695652173913043,80.43478260869566
E00084880,337,34,11,23,303,19,284,10.089020771513352,3.2640949554896146,6.824925816023739,89.91097922848664,5.637982195845697,84.27299703264094
E00084881,340,84,35,49,256,12,244,24.705882352941178,10.294117647058822,14.411764705882351,75.29411764705883,3.5294117647058822,71.76470588235294
E00084882,372,35,9,26,337,34,303,9.408602150537634,2.4193548387096775,6.989247311827956,90.59139784946237,9.13978494623656,81.45161290322581
E00084883,271,44,17,27,227,26,201,16.236162361623617,6.273062730627306,9.96309963099631,83.76383763837639,9.59409594095941,74.16974169741697
E00084884,336,31,4,27,305,31,274,9.226190476190476,1.1904761904761905,8.035714285714286,90.77380952380952,9.226190476190476,81.54761904761905
E00084885,300,53,22,31,247,23,224,17.666666666666668,7.333333333333333,10.333333333333334,82.33333333333334,7.666666666666666,74.66666666666667
E00084886,247,30,9,21,217,8,209,12.145748987854251,3.643724696356275,8.502024291497975,87.85425101214574,3.2388663967611335,84.61538461538461
E00084887,271,36,9,27,235,22,213,13.284132841328415,3.3210332103321036,9.96309963099631,86.71586715867159,8.118081180811808,78.59778597785979
E00084888,319,50,16,34,269,15,254,15.673981191222571,5.015673981191222,10.658307210031348,84.32601880877742,4.702194357366771,79.62382445141067
E00084889,352,80,42,38,272,20,252,22.727272727272727,11.931818181818182,10.795454545454545,77.27272727272727,5.681818181818182,71.5909090909091
E00084891,335,39,16,23,296,19,277,11.641791044776118,4.776119402985075,6.865671641791045,88.35820895522389,5.6716417910447765,82.68656716417911
E00084892,280,51,17,34,229,22,207,18.21428571428571,6.071428571428571,12.142857142857142,81.78571428571428,7.857142857142857,73.92857142857143
E00084893,361,39,12,27,322,18,304,10.80332409972299,3.32409972299169,7.479224376731302,89.19667590027701,4.986149584487535,84.21052631578947
E00084894,300,28,9,19,272,23,249,9.333333333333334,3,6.333333333333334,90.66666666666666,7.666666666666666,83
E00084895,298,61,23,38,237,23,214,20.469798657718123,7.718120805369128,12.751677852348994,79.53020134228188,7.718120805369128,71.81208053691275
E00084896,293,48,15,33,245,24,221,16.38225255972696,5.1194539249146755,11.262798634812286,83.61774744027304,8.19112627986348,75.42662116040955
E00084897,525,196,147,49,329,23,306,37.333333333333336,28.000000000000004,9.333333333333334,62.66666666666667,4.380952380952381,58.285714285714285
E00084898,239,34,8,26,205,19,186,14.225941422594143,3.3472803347280333,10.87866108786611,85.77405857740585,7.949790794979079,77.82426778242679
E00084899,280,38,13,25,242,15,227,13.571428571428571,4.642857142857143,8.928571428571429,86.42857142857143,5.357142857142857,81.07142857142857
E00084900,299,44,20,24,255,13,242,14.715719063545151,6.688963210702341,8.02675585284281,85.28428093645485,4.3478260869565215,80.93645484949833
E00084901,372,32,6,26,340,20,320,8.60215053763441,1.6129032258064515,6.989247311827956,91.39784946236558,5.376344086021505,86.02150537634408
E00084902,371,41,16,25,330,35,295,11.05121293800539,4.31266846361186,6.738544474393531,88.94878706199461,9.433962264150944,79.51482479784366
E00084903,277,35,12,23,242,19,223,12.63537906137184,4.332129963898916,8.303249097472925,87.36462093862815,6.859205776173286,80.50541516245488
E00084904,348,49,18,31,299,25,274,14.080459770114942,5.172413793103448,8.908045977011495,85.91954022988506,7.183908045977011,78.73563218390804
E00084905,373,65,30,35,308,25,283,17.426273458445042,8.04289544235925,9.383378016085791,82.57372654155496,6.702412868632708,75.87131367292224
E00084906,348,60,28,32,288,26,262,17.24137931034483,8.045977011494253,9.195402298850574,82.75862068965517,7.471264367816093,75.28735632183908
E00084907,337,61,27,34,276,18,258,18.100890207715135,8.011869436201781,10.089020771513352,81.89910979228486,5.341246290801187,76.55786350148368
E00084908,315,108,77,31,207,21,186,34.285714285714285,24.444444444444443,9.841269841269842,65.71428571428571,6.666666666666667,59.04761904761905
E00084909,311,53,19,34,258,24,234,17.041800643086816,6.109324758842444,10.932475884244374,82.95819935691318,7.717041800643088,75.2411575562701
E00084910,298,51,21,30,247,12,235,17.114093959731544,7.046979865771812,10.06711409395973,82.88590604026845,4.026845637583892,78.85906040268456
E00084911,286,43,17,26,243,29,214,15.034965034965033,5.944055944055944,9.090909090909092,84.96503496503497,10.13986013986014,74.82517482517483
E00084912,286,81,38,43,205,9,196,28.321678321678323,13.286713286713287,15.034965034965033,71.67832167832168,3.146853146853147,68.53146853146853
E00084913,370,75,33,42,295,22,273,20.27027027027027,8.91891891891892,11.351351351351353,79.72972972972973,5.9459459459459465,73.78378378378379
E00084914,292,51,23,28,241,22,219,17.465753424657535,7.876712328767123,9.58904109589041,82.53424657534246,7.534246575342466,75
E00084915,292,56,14,42,236,35,201,19.17808219178082,4.794520547945205,14.383561643835616,80.82191780821918,11.986301369863012,68.83561643835617
E00084916,348,83,40,43,265,18,247,23.850574712643677,11.494252873563218,12.35632183908046,76.14942528735632,5.172413793103448,70.97701149425288
E00084917,296,60,24,36,236,20,216,20.27027027027027,8.108108108108109,12.162162162162163,79.72972972972973,6.756756756756757,72.97297297297297
E00084918,314,49,19,30,265,23,242,15.605095541401273,6.050955414012739,9.554140127388536,84.39490445859873,7.32484076433121,77.07006369426752
E00084919,386,80,34,46,306,20,286,20.72538860103627,8.808290155440414,11.917098445595855,79.27461139896373,5.181347150259067,74.09326424870466
E00084920,372,77,32,45,295,34,261,20.698924731182796,8.60215053763441,12.096774193548388,79.3010752688172,9.13978494623656,70.16129032258065
E00084921,321,40,13,27,281,20,261,12.461059190031152,4.049844236760125,8.411214953271028,87.53894080996885,6.230529595015576,81.30841121495327
E00084922,295,53,19,34,242,26,216,17.966101694915253,6.440677966101695,11.525423728813559,82.03389830508473,8.813559322033898,73.22033898305085
E00084923,336,50,20,30,286,25,261,14.880952380952381,5.952380952380952,8.928571428571429,85.11904761904762,7.440476190476191,77.67857142857143
E00084924,294,36,11,25,258,24,234,12.244897959183673,3.741496598639456,8.503401360544217,87.75510204081633,8.16326530612245,79.59183673469387
E00084925,309,52,15,37,257,24,233,16.828478964401295,4.854368932038835,11.974110032362459,83.1715210355987,7.766990291262135,75.40453074433657
E00084926,307,32,11,21,275,40,235,10.423452768729643,3.5830618892508146,6.840390879478828,89.57654723127035,13.029315960912053,76.54723127035831
E00084927,299,44,18,26,255,31,224,14.715719063545151,6.0200668896321075,8.695652173913043,85.28428093645485,10.367892976588628,74.91638795986621
E00084928,320,64,29,35,256,20,236,20,9.0625,10.9375,80,6.25,73.75
E00084929,299,56,26,30,243,19,224,18.729096989966553,8.695652173913043,10.033444816053512,81.27090301003345,6.354515050167224,74.91638795986621
E00084930,311,46,20,26,265,18,247,14.790996784565916,6.430868167202572,8.360128617363344,85.20900321543408,5.787781350482315,79.42122186495176
E00084931,302,49,13,36,253,22,231,16.225165562913908,4.304635761589404,11.920529801324504,83.77483443708608,7.28476821192053,76.49006622516556
E00084932,361,76,31,45,285,18,267,21.052631578947366,8.587257617728532,12.465373961218837,78.94736842105263,4.986149584487535,73.9612188365651
E00084933,280,48,17,31,232,22,210,17.142857142857142,6.071428571428571,11.071428571428571,82.85714285714286,7.857142857142857,75
E00084934,323,31,12,19,292,24,268,9.597523219814242,3.7151702786377707,5.88235294117647,90.40247678018576,7.430340557275541,82.97213622291022
E00084935,277,53,23,30,224,17,207,19.133574007220215,8.303249097472925,10.830324909747292,80.86642599277978,6.137184115523466,74.72924187725631
E00084936,334,48,14,34,286,24,262,14.37125748502994,4.191616766467066,10.179640718562874,85.62874251497006,7.18562874251497,78.44311377245509
E00084937,276,56,24,32,220,24,196,20.28985507246377,8.695652173913043,11.594202898550725,79.71014492753623,8.695652173913043,71.01449275362319
E00084938,467,75,32,43,392,33,359,16.059957173447536,6.852248394004283,9.207708779443255,83.94004282655246,7.066381156316917,76.87366167023555
E00084939,414,71,27,44,343,23,320,17.14975845410628,6.521739130434782,10.628019323671497,82.85024154589372,5.555555555555555,77.29468599033817
E00084940,446,68,24,44,378,37,341,15.246636771300448,5.381165919282512,9.865470852017937,84.75336322869956,8.295964125560538,76.45739910313901
E00084941,331,76,35,41,255,14,241,22.9607250755287,10.574018126888216,12.386706948640484,77.0392749244713,4.229607250755287,72.80966767371602
E00084942,268,61,33,28,207,16,191,22.761194029850746,12.313432835820896,10.44776119402985,77.23880597014924,5.970149253731343,71.26865671641791
E00084944,328,68,26,42,260,26,234,20.73170731707317,7.926829268292683,12.804878048780488,79.26829268292683,7.926829268292683,71.34146341463415
E00084945,328,30,10,20,298,23,275,9.146341463414634,3.048780487804878,6.097560975609756,90.85365853658537,7.01219512195122,83.84146341463415
E00084946,264,40,11,29,224,21,203,15.151515151515152,4.166666666666666,10.984848484848484,84.84848484848484,7.954545454545454,76.89393939393939
E00084947,365,55,22,33,310,25,285,15.068493150684931,6.027397260273973,9.04109589041096,84.93150684931507,6.8493150684931505,78.08219178082192
E00084948,368,62,25,37,306,32,274,16.847826086956523,6.7934782608695645,10.054347826086957,83.15217391304348,8.695652173913043,74.45652173913044
E00084949,346,71,35,36,275,20,255,20.520231213872833,10.115606936416185,10.404624277456648,79.47976878612717,5.780346820809249,73.69942196531792
E00084950,401,72,32,40,329,20,309,17.955112219451372,7.98004987531172,9.975062344139651,82.04488778054862,4.987531172069826,77.0573566084788
E00084951,338,45,21,24,293,23,270,13.313609467455622,6.21301775147929,7.100591715976331,86.68639053254438,6.8047337278106506,79.88165680473372
E00084952,435,88,33,55,347,17,330,20.229885057471265,7.586206896551724,12.643678160919542,79.77011494252874,3.9080459770114944,75.86206896551724
E00084954,462,37,20,17,425,25,400,8.008658008658008,4.329004329004329,3.67965367965368,91.991341991342,5.411255411255411,86.58008658008657
E00084955,363,48,14,34,315,23,292,13.223140495867769,3.8567493112947657,9.366391184573002,86.77685950413223,6.336088154269973,80.44077134986226
E00084957,319,41,16,25,278,23,255,12.852664576802509,5.015673981191222,7.836990595611286,87.14733542319749,7.210031347962382,79.9373040752351
E00084958,385,55,20,35,330,24,306,14.285714285714285,5.194805194805195,9.090909090909092,85.71428571428571,6.233766233766234,79.48051948051949
E00084959,419,55,23,32,364,30,334,13.126491646778044,5.4892601431980905,7.637231503579953,86.87350835322196,7.159904534606206,79.71360381861575
E00084960,311,36,17,19,275,22,253,11.57556270096463,5.466237942122187,6.109324758842444,88.42443729903538,7.07395498392283,81.35048231511254
E00084961,362,50,16,34,312,32,280,13.812154696132598,4.41988950276243,9.392265193370166,86.1878453038674,8.83977900552486,77.34806629834254
E00084962,422,57,14,43,365,41,324,13.507109004739338,3.3175355450236967,10.189573459715639,86.49289099526067,9.715639810426541,76.77725118483413
E00084963,290,53,20,33,237,24,213,18.275862068965516,6.896551724137931,11.379310344827587,81.72413793103448,8.275862068965518,73.44827586206897
E00084964,325,53,21,32,272,29,243,16.307692307692307,6.461538461538462,9.846153846153847,83.6923076923077,8.923076923076923,74.76923076923076
E00084965,358,58,18,40,300,28,272,16.201117318435752,5.027932960893855,11.1731843575419,83.79888268156425,7.82122905027933,75.97765363128491
E00084966,352,52,12,40,300,29,271,14.772727272727273,3.4090909090909087,11.363636363636363,85.22727272727273,8.238636363636363,76.98863636363636
E00084967,291,55,21,34,236,17,219,18.900343642611684,7.216494845360824,11.683848797250858,81.09965635738831,5.841924398625429,75.25773195876289
E00084968,602,104,50,54,498,37,461,17.275747508305646,8.305647840531561,8.970099667774086,82.72425249169434,6.146179401993355,76.578073089701
E00084969,288,87,45,42,201,9,192,30.208333333333332,15.625,14.583333333333334,69.79166666666666,3.125,66.66666666666666
E00084970,395,72,34,38,323,22,301,18.227848101265824,8.60759493670886,9.620253164556962,81.77215189873418,5.5696202531645564,76.20253164556962
E00084971,277,75,36,39,202,11,191,27.075812274368232,12.996389891696749,14.079422382671481,72.92418772563177,3.9711191335740073,68.95306859205776
E00084972,410,90,28,62,320,13,307,21.951219512195124,6.829268292682928,15.121951219512194,78.04878048780488,3.1707317073170733,74.8780487804878
E00084973,339,175,112,63,164,19,145,51.62241887905604,33.03834808259587,18.58407079646018,48.37758112094395,5.604719764011799,42.772861356932154
E00084974,509,64,27,37,445,20,425,12.573673870333987,5.304518664047151,7.269155206286837,87.42632612966601,3.9292730844793713,83.49705304518665
E00084975,271,79,46,33,192,9,183,29.15129151291513,16.974169741697416,12.177121771217712,70.84870848708486,3.3210332103321036,67.52767527675276
E00084976,361,40,12,28,321,24,297,11.080332409972298,3.32409972299169,7.756232686980609,88.9196675900277,6.64819944598338,82.27146814404432
E00084978,278,74,42,32,204,14,190,26.618705035971225,15.107913669064748,11.510791366906476,73.38129496402878,5.0359712230215825,68.34532374100719
E00084979,368,110,61,49,258,22,236,29.891304347826086,16.57608695652174,13.31521739130435,70.1086956521739,5.978260869565218,64.13043478260869
E00084980,331,78,38,40,253,6,247,23.564954682779458,11.48036253776435,12.084592145015106,76.43504531722054,1.812688821752266,74.62235649546828
E00084981,421,98,56,42,323,18,305,23.27790973871734,13.30166270783848,9.97624703087886,76.72209026128266,4.275534441805226,72.44655581947742
E00084982,385,67,38,29,318,16,302,17.402597402597404,9.87012987012987,7.532467532467532,82.5974025974026,4.1558441558441555,78.44155844155844
E00084983,152,32,18,14,120,6,114,21.052631578947366,11.842105263157894,9.210526315789473,78.94736842105263,3.9473684210526314,75
E00084984,378,112,65,47,266,21,245,29.629629629629626,17.195767195767196,12.433862433862434,70.37037037037037,5.555555555555555,64.81481481481481
E00084985,387,85,38,47,302,24,278,21.963824289405682,9.819121447028424,12.144702842377262,78.0361757105943,6.2015503875969,71.83462532299741
E00084986,401,61,23,38,340,20,320,15.211970074812967,5.7356608478802995,9.476309226932669,84.78802992518703,4.987531172069826,79.80049875311721
E00084987,265,75,45,30,190,4,186,28.30188679245283,16.9811320754717,11.320754716981133,71.69811320754717,1.509433962264151,70.18867924528301
E00084988,339,62,33,29,277,17,260,18.289085545722713,9.734513274336283,8.55457227138643,81.71091445427729,5.014749262536873,76.69616519174042
E00084990,407,68,24,44,339,22,317,16.707616707616708,5.896805896805897,10.81081081081081,83.29238329238329,5.405405405405405,77.88697788697789
E00084991,298,77,38,39,221,16,205,25.838926174496645,12.751677852348994,13.087248322147651,74.16107382550335,5.369127516778524,68.79194630872483
E00084992,338,86,46,40,252,11,241,25.443786982248522,13.609467455621301,11.834319526627219,74.55621301775149,3.2544378698224854,71.30177514792899
E00084993,457,86,38,48,371,18,353,18.818380743982495,8.315098468271334,10.50328227571116,81.1816192560175,3.938730853391685,77.24288840262582
E00084994,310,97,59,38,213,21,192,31.290322580645164,19.032258064516128,12.258064516129032,68.70967741935485,6.774193548387098,61.935483870967744
E00084995,322,110,62,48,212,22,190,34.161490683229815,19.25465838509317,14.906832298136646,65.83850931677019,6.832298136645963,59.006211180124225
E00084996,375,123,64,59,252,20,232,32.800000000000004,17.066666666666666,15.733333333333333,67.2,5.333333333333334,61.86666666666667
E00084997,324,53,22,31,271,13,258,16.358024691358025,6.790123456790123,9.5679012345679,83.64197530864197,4.012345679012346,79.62962962962963
E00084998,370,43,18,25,327,12,315,11.621621621621623,4.864864864864865,6.756756756756757,88.37837837837837,3.2432432432432434,85.13513513513513
E00084999,249,65,31,34,184,20,164,26.104417670682732,12.449799196787147,13.654618473895583,73.89558232931726,8.032128514056225,65.86345381526104
E00085000,302,38,12,26,264,13,251,12.582781456953644,3.9735099337748347,8.609271523178808,87.41721854304636,4.304635761589404,83.11258278145695
E00175371,252,37,12,25,215,18,197,14.682539682539684,4.761904761904762,9.920634920634921,85.31746031746032,7.142857142857142,78.17460317460318
E00175372,224,21,5,16,203,13,190,9.375,2.232142857142857,7.142857142857142,90.625,5.803571428571429,84.82142857142857
E00175373,244,24,8,16,220,17,203,9.836065573770492,3.278688524590164,6.557377049180328,90.1639344262295,6.967213114754098,83.19672131147541
E00175374,281,49,15,34,232,17,215,17.437722419928825,5.338078291814947,12.099644128113878,82.56227758007117,6.049822064056939,76.51245551601423
E00175377,464,51,15,36,413,22,391,10.991379310344827,3.2327586206896552,7.758620689655173,89.00862068965517,4.741379310344827,84.26724137931035
E00175379,365,76,37,39,289,29,260,20.82191780821918,10.136986301369863,10.684931506849315,79.17808219178082,7.9452054794520555,71.23287671232876
E00175380,349,42,17,25,307,24,283,12.034383954154727,4.871060171919771,7.163323782234957,87.96561604584528,6.876790830945559,81.08882521489971
E00175382,231,14,4,10,217,8,209,6.0606060606060606,1.7316017316017316,4.329004329004329,93.93939393939394,3.463203463203463,90.47619047619048
E00175383,268,33,6,27,235,19,216,12.313432835820896,2.2388059701492535,10.074626865671641,87.68656716417911,7.08955223880597,80.59701492537313
E00175384,299,51,27,24,248,16,232,17.05685618729097,9.03010033444816,8.02675585284281,82.94314381270902,5.351170568561873,77.59197324414716
E00175385,412,49,19,30,363,24,339,11.893203883495145,4.611650485436893,7.281553398058252,88.10679611650485,5.825242718446602,82.28155339805825
E00175387,198,46,19,27,152,17,135,23.232323232323232,9.595959595959595,13.636363636363635,76.76767676767676,8.585858585858585,68.18181818181817
E00175389,162,21,7,14,141,10,131,12.962962962962962,4.320987654320987,8.641975308641975,87.03703703703704,6.172839506172839,80.8641975308642
E00175390,231,50,21,29,181,9,172,21.645021645021643,9.090909090909092,12.554112554112553,78.35497835497836,3.896103896103896,74.45887445887446
E00175391,422,53,18,35,369,14,355,12.559241706161137,4.265402843601896,8.293838862559241,87.44075829383885,3.3175355450236967,84.12322274881517
E00175392,282,32,9,23,250,19,231,11.347517730496454,3.1914893617021276,8.156028368794328,88.65248226950354,6.73758865248227,81.91489361702128
E00175393,394,19,5,14,375,15,360,4.822335025380711,1.2690355329949239,3.5532994923857872,95.17766497461929,3.807106598984772,91.37055837563452
E00175394,249,14,6,8,235,15,220,5.622489959839357,2.4096385542168677,3.2128514056224895,94.37751004016064,6.024096385542169,88.35341365461848
E00175395,180,13,5,8,167,9,158,7.222222222222221,2.7777777777777777,4.444444444444445,92.77777777777779,5,87.77777777777777
E00175396,304,32,15,17,272,16,256,10.526315789473683,4.934210526315789,5.592105263157895,89.47368421052632,5.263157894736842,84.21052631578947
E00175397,291,22,11,11,269,18,251,7.560137457044673,3.7800687285223367,3.7800687285223367,92.43986254295532,6.185567010309279,86.25429553264605
E00175398,165,20,4,16,145,9,136,12.121212121212121,2.4242424242424243,9.696969696969697,87.87878787878788,5.454545454545454,82.42424242424242
E00175399,193,34,16,18,159,13,146,17.616580310880828,8.290155440414509,9.32642487046632,82.38341968911918,6.7357512953367875,75.64766839378238
E00175400,217,42,24,18,175,12,163,19.35483870967742,11.059907834101383,8.294930875576037,80.64516129032258,5.529953917050691,75.11520737327189
E00175401,230,19,3,16,211,14,197,8.26086956521739,1.3043478260869565,6.956521739130435,91.73913043478261,6.086956521739131,85.65217391304348
E00175402,238,42,15,27,196,7,189,17.647058823529413,6.302521008403361,11.344537815126051,82.35294117647058,2.941176470588235,79.41176470588235
E00175403,193,9,2,7,184,7,177,4.66321243523316,1.0362694300518136,3.6269430051813467,95.33678756476684,3.6269430051813467,91.70984455958549
E00175404,440,67,16,51,373,26,347,15.227272727272728,3.6363636363636362,11.59090909090909,84.77272727272728,5.909090909090909,78.86363636363637
E00175405,412,74,22,52,338,27,311,17.96116504854369,5.339805825242718,12.62135922330097,82.03883495145631,6.553398058252427,75.48543689320388
E00175406,410,42,12,30,368,26,342,10.24390243902439,2.9268292682926833,7.317073170731707,89.75609756097562,6.341463414634147,83.41463414634146
E00175407,353,29,6,23,324,16,308,8.21529745042493,1.69971671388102,6.515580736543909,91.78470254957507,4.53257790368272,87.25212464589235
E00175410,249,23,8,15,226,18,208,9.236947791164658,3.2128514056224895,6.024096385542169,90.76305220883533,7.228915662650602,83.53413654618474
E00175411,208,27,12,15,181,17,164,12.980769230769232,5.769230769230769,7.211538461538461,87.01923076923077,8.173076923076923,78.84615384615384
E00175412,456,73,41,32,383,33,350,16.00877192982456,8.991228070175438,7.017543859649122,83.99122807017544,7.236842105263158,76.75438596491229
E00175413,402,32,10,22,370,21,349,7.960199004975125,2.4875621890547266,5.472636815920398,92.03980099502488,5.223880597014925,86.81592039800995
E00175414,434,51,16,35,383,41,342,11.751152073732719,3.686635944700461,8.064516129032258,88.24884792626729,9.44700460829493,78.80184331797236
E00175415,338,32,5,27,306,27,279,9.467455621301776,1.4792899408284024,7.988165680473373,90.53254437869822,7.988165680473373,82.54437869822485
E00175416,380,25,7,18,355,31,324,6.578947368421052,1.8421052631578945,4.736842105263158,93.42105263157895,8.157894736842106,85.26315789473684
E00175417,182,19,5,14,163,6,157,10.43956043956044,2.7472527472527473,7.6923076923076925,89.56043956043956,3.296703296703297,86.26373626373626
E00175418,241,22,9,13,219,9,210,9.12863070539419,3.7344398340248963,5.394190871369295,90.87136929460581,3.7344398340248963,87.13692946058092
E00175419,137,15,4,11,122,0,122,10.948905109489052,2.9197080291970803,8.02919708029197,89.05109489051095,0,89.05109489051095
E00175420,291,29,12,17,262,6,256,9.965635738831615,4.123711340206185,5.841924398625429,90.03436426116839,2.0618556701030926,87.97250859106529
E00175421,210,14,4,10,196,12,184,6.666666666666667,1.9047619047619049,4.761904761904762,93.33333333333333,5.714285714285714,87.61904761904762
E00175422,349,44,22,22,305,16,289,12.607449856733524,6.303724928366762,6.303724928366762,87.39255014326648,4.584527220630372,82.8080229226361
E00175423,328,45,11,34,283,14,269,13.719512195121952,3.353658536585366,10.365853658536585,86.28048780487805,4.2682926829268295,82.01219512195121
E00175424,338,27,8,19,311,20,291,7.988165680473373,2.366863905325444,5.621301775147929,92.01183431952663,5.9171597633136095,86.09467455621301
E00175425,470,31,12,19,439,27,412,6.595744680851063,2.553191489361702,4.042553191489362,93.40425531914893,5.74468085106383,87.65957446808511
E00175426,116,6,2,4,110,9,101,5.172413793103448,1.7241379310344827,3.4482758620689653,94.82758620689656,7.758620689655173,87.06896551724138
E00175427,274,24,4,20,250,17,233,8.75912408759124,1.4598540145985401,7.2992700729927,91.24087591240875,6.204379562043796,85.03649635036497
E00175428,226,26,10,16,200,11,189,11.504424778761061,4.424778761061947,7.079646017699115,88.49557522123894,4.867256637168142,83.6283185840708
E00175429,145,12,3,9,133,4,129,8.275862068965518,2.0689655172413794,6.206896551724138,91.72413793103448,2.7586206896551726,88.96551724137932
E00175430,388,56,22,34,332,16,316,14.432989690721648,5.670103092783505,8.762886597938143,85.56701030927834,4.123711340206185,81.44329896907216
E00175431,259,30,6,24,229,23,206,11.583011583011583,2.3166023166023164,9.266409266409266,88.41698841698842,8.880308880308881,79.53667953667953
E00175433,177,28,8,20,149,21,128,15.819209039548024,4.519774011299435,11.299435028248588,84.18079096045197,11.864406779661017,72.31638418079096
E00175434,400,34,10,24,366,21,345,8.5,2.5,6,91.5,5.25,86.25
E00175436,375,33,9,24,342,27,315,8.799999999999999,2.4,6.4,91.2,7.199999999999999,84
E00175437,347,22,2,20,325,17,308,6.340057636887608,0.57636887608069165,5.763688760806916,93.65994236311239,4.899135446685879,88.76080691642652
E00175439,354,20,3,17,334,12,322,5.649717514124294,0.847457627118644,4.80225988700565,94.35028248587571,3.389830508474576,90.96045197740112
E00175440,191,7,2,5,184,10,174,3.664921465968586,1.0471204188481675,2.6178010471204187,96.33507853403141,5.2356020942408374,91.09947643979058
E00175441,128,11,5,6,117,5,112,8.59375,3.90625,4.6875,91.40625,3.90625,87.5
E00175442,475,62,22,40,413,30,383,13.052631578947368,4.631578947368421,8.421052631578947,86.94736842105263,6.315789473684211,80.63157894736842
E00175443,318,28,4,24,290,19,271,8.80503144654088,1.257861635220126,7.547169811320755,91.19496855345912,5.9748427672955975,85.22012578616352
E00175444,192,31,16,15,161,15,146,16.145833333333336,8.333333333333332,7.8125,83.85416666666666,7.8125,76.04166666666666
E00175445,320,40,13,27,280,16,264,12.5,4.0625,8.4375,87.5,5,82.5
E00175446,338,22,9,13,316,25,291,6.508875739644971,2.6627218934911245,3.8461538461538463,93.49112426035504,7.396449704142012,86.09467455621301
E00175447,379,21,4,17,358,15,343,5.540897097625329,1.0554089709762533,4.485488126649076,94.45910290237467,3.95778364116095,90.50131926121372
E00175448,191,14,5,9,177,5,172,7.329842931937172,2.6178010471204187,4.712041884816754,92.67015706806284,2.6178010471204187,90.0523560209424
E00175449,153,9,5,4,144,7,137,5.88235294117647,3.2679738562091507,2.6143790849673203,94.11764705882352,4.57516339869281,89.54248366013073
E00175450,277,26,7,19,251,20,231,9.386281588447654,2.527075812274368,6.859205776173286,90.61371841155234,7.2202166064981945,83.39350180505414
E00175451,273,28,13,15,245,20,225,10.256410256410255,4.761904761904762,5.4945054945054945,89.74358974358975,7.326007326007327,82.41758241758241
E00175452,165,22,8,14,143,14,129,13.333333333333334,4.848484848484849,8.484848484848486,86.66666666666667,8.484848484848486,78.18181818181819
E00175454,133,1,1,0,132,4,128,0.7518796992481203,0.7518796992481203,0,99.24812030075188,3.007518796992481,96.2406015037594
E00175455,519,27,8,19,492,44,448,5.202312138728324,1.5414258188824663,3.6608863198458574,94.79768786127167,8.477842003853564,86.31984585741812
E00175459,208,30,14,16,178,16,162,14.423076923076922,6.730769230769231,7.6923076923076925,85.57692307692307,7.6923076923076925,77.88461538461539
E00175460,232,37,17,20,195,13,182,15.948275862068966,7.327586206896551,8.620689655172415,84.05172413793103,5.603448275862069,78.44827586206897
E00175461,318,49,20,29,269,18,251,15.40880503144654,6.289308176100629,9.119496855345911,84.59119496855347,5.660377358490567,78.9308176100629
E00175462,175,32,18,14,143,17,126,18.285714285714285,10.285714285714285,8,81.71428571428572,9.714285714285714,72
E00175463,344,34,8,26,310,16,294,9.883720930232558,2.3255813953488373,7.55813953488372,90.11627906976744,4.651162790697675,85.46511627906976
E00175464,287,30,7,23,257,16,241,10.452961672473867,2.4390243902439024,8.013937282229964,89.54703832752612,5.574912891986063,83.97212543554006
E00175465,503,50,12,38,453,27,426,9.940357852882704,2.3856858846918487,7.5546719681908545,90.05964214711729,5.36779324055666,84.69184890656064
E00175466,227,43,24,19,184,15,169,18.94273127753304,10.572687224669604,8.370044052863436,81.05726872246696,6.607929515418502,74.44933920704845
E00175467,239,57,28,29,182,18,164,23.84937238493724,11.715481171548117,12.133891213389122,76.15062761506276,7.531380753138076,68.6192468619247
E00175468,254,29,8,21,225,18,207,11.41732283464567,3.149606299212598,8.267716535433072,88.58267716535433,7.086614173228346,81.49606299212599
E00175469,395,30,11,19,365,26,339,7.59493670886076,2.7848101265822782,4.810126582278481,92.40506329113924,6.582278481012659,85.82278481012658
E00175470,394,19,1,18,375,26,349,4.822335025380711,0.25380710659898476,4.568527918781726,95.17766497461929,6.598984771573605,88.57868020304569
E00175471,299,26,7,19,273,15,258,8.695652173913043,2.341137123745819,6.354515050167224,91.30434782608695,5.016722408026756,86.2876254180602
E00175472,475,38,11,27,437,32,405,8,2.3157894736842106,5.684210526315789,92,6.7368421052631575,85.26315789473684
E00175473,360,28,6,22,332,25,307,7.777777777777778,1.6666666666666667,6.111111111111111,92.22222222222223,6.944444444444445,85.27777777777777
E00175474,330,22,7,15,308,23,285,6.666666666666667,2.1212121212121215,4.545454545454546,93.33333333333333,6.969696969696971,86.36363636363636
E00175475,111,13,5,8,98,4,94,11.711711711711711,4.504504504504505,7.207207207207207,88.28828828828829,3.6036036036036037,84.68468468468468
E00175476,401,30,10,20,371,23,348,7.4812967581047385,2.493765586034913,4.987531172069826,92.51870324189527,5.7356608478802995,86.78304239401497
E00175477,370,41,18,23,329,16,313,11.081081081081082,4.864864864864865,6.216216216216217,88.91891891891892,4.324324324324325,84.5945945945946
E00175478,369,39,13,26,330,13,317,10.569105691056912,3.523035230352303,7.046070460704606,89.43089430894308,3.523035230352303,85.90785907859079
E00175479,576,51,23,28,525,30,495,8.854166666666668,3.9930555555555554,4.861111111111112,91.14583333333334,5.208333333333334,85.9375
E00175480,327,33,13,20,294,27,267,10.091743119266056,3.9755351681957185,6.116207951070336,89.90825688073394,8.256880733944955,81.65137614678899
E00175481,309,32,11,21,277,26,251,10.355987055016183,3.559870550161812,6.796116504854369,89.64401294498381,8.414239482200648,81.22977346278317
E00175483,271,19,6,13,252,19,233,7.011070110701106,2.214022140221402,4.797047970479705,92.98892988929889,7.011070110701106,85.97785977859779
E00175485,257,56,20,36,201,11,190,21.78988326848249,7.782101167315175,14.007782101167315,78.21011673151752,4.280155642023346,73.92996108949417
E00175486,323,27,5,22,296,28,268,8.359133126934983,1.5479876160990713,6.811145510835913,91.64086687306502,8.6687306501548,82.97213622291022
E00175487,350,24,9,15,326,24,302,6.857142857142858,2.571428571428571,4.285714285714286,93.14285714285714,6.857142857142858,86.28571428571429
E00175488,404,30,3,27,374,25,349,7.425742574257425,0.7425742574257426,6.683168316831684,92.57425742574257,6.188118811881188,86.38613861386139
E00175490,335,33,7,26,302,21,281,9.850746268656717,2.0895522388059704,7.761194029850746,90.14925373134328,6.26865671641791,83.88059701492537
E00175491,325,37,14,23,288,31,257,11.384615384615385,4.3076923076923075,7.076923076923077,88.61538461538461,9.538461538461538,79.07692307692308
E00175492,396,51,29,22,345,23,322,12.878787878787879,7.3232323232323235,5.555555555555555,87.12121212121212,5.808080808080808,81.31313131313132
E00175493,256,8,1,7,248,15,233,3.125,0.390625,2.734375,96.875,5.859375,91.015625
E00175494,339,24,4,20,315,32,283,7.079646017699115,1.1799410029498525,5.899705014749262,92.92035398230088,9.43952802359882,83.48082595870207
E00175495,136,6,2,4,130,6,124,4.411764705882353,1.4705882352941175,2.941176470588235,95.58823529411765,4.411764705882353,91.17647058823529
E00175496,285,73,29,44,212,10,202,25.6140350877193,10.175438596491228,15.43859649122807,74.3859649122807,3.508771929824561,70.87719298245614
E00175497,257,19,6,13,238,8,230,7.392996108949417,2.3346303501945527,5.058365758754864,92.60700389105058,3.11284046692607,89.49416342412452
E00175498,253,11,0,11,242,13,229,4.3478260869565215,0,4.3478260869565215,95.65217391304348,5.138339920948617,90.51383399209486
E00175499,284,33,12,21,251,27,224,11.619718309859154,4.225352112676056,7.394366197183098,88.38028169014085,9.507042253521126,78.87323943661971
E00175500,310,45,14,31,265,18,247,14.516129032258066,4.516129032258064,10,85.48387096774194,5.806451612903226,79.6774193548387
E00175502,383,32,10,22,351,29,322,8.355091383812011,2.610966057441253,5.7441253263707575,91.64490861618799,7.5718015665796345,84.07310704960835
E00175504,376,83,57,26,293,22,271,22.074468085106382,15.159574468085108,6.914893617021277,77.92553191489363,5.851063829787234,72.07446808510637
E00175505,303,29,15,14,274,19,255,9.570957095709572,4.9504950495049505,4.62046204620462,90.42904290429043,6.270627062706271,84.15841584158416
E00175506,364,35,9,26,329,14,315,9.615384615384617,2.4725274725274726,7.142857142857142,90.38461538461539,3.8461538461538463,86.53846153846155
E00175507,279,24,10,14,255,12,243,8.60215053763441,3.584229390681003,5.017921146953405,91.39784946236558,4.301075268817205,87.09677419354838
E00175508,220,18,4,14,202,14,188,8.181818181818182,1.8181818181818181,6.363636363636363,91.81818181818183,6.363636363636363,85.45454545454545
E00175509,364,32,13,19,332,11,321,8.791208791208792,3.571428571428571,5.21978021978022,91.20879120879121,3.021978021978022,88.18681318681318
E00175511,235,39,23,16,196,11,185,16.595744680851062,9.787234042553191,6.808510638297872,83.40425531914893,4.680851063829787,78.72340425531915
E00183422,425,28,19,9,397,12,385,6.588235294117648,4.470588235294118,2.1176470588235294,93.41176470588235,2.823529411764706,90.58823529411765
E00183424,240,12,4,8,228,16,212,5,1.6666666666666667,3.3333333333333335,95,6.666666666666667,88.33333333333333
E00183430,340,49,13,36,291,25,266,14.411764705882351,3.823529411764706,10.588235294117647,85.58823529411764,7.352941176470589,78.23529411764706
E00183431,402,46,19,27,356,26,330,11.442786069651742,4.72636815920398,6.7164179104477615,88.55721393034825,6.467661691542288,82.08955223880598
E00183437,440,63,33,30,377,15,362,14.318181818181818,7.5,6.8181818181818175,85.68181818181819,3.4090909090909087,82.27272727272728
E00183438,211,26,5,21,185,5,180,12.322274881516588,2.3696682464454977,9.95260663507109,87.67772511848341,2.3696682464454977,85.30805687203792
E00183439,286,15,3,12,271,13,258,5.244755244755245,1.048951048951049,4.195804195804196,94.75524475524476,4.545454545454546,90.20979020979021
E00183440,122,17,5,12,105,4,101,13.934426229508196,4.098360655737705,9.836065573770492,86.0655737704918,3.278688524590164,82.78688524590164
E00183441,215,21,6,15,194,14,180,9.767441860465116,2.7906976744186047,6.976744186046512,90.23255813953487,6.511627906976744,83.72093023255815
E00183442,316,41,19,22,275,8,267,12.974683544303797,6.012658227848101,6.962025316455696,87.0253164556962,2.5316455696202533,84.49367088607595
E00183443,314,42,9,33,272,22,250,13.375796178343949,2.8662420382165608,10.509554140127388,86.62420382165605,7.006369426751593,79.61783439490446
E00183444,165,10,3,7,155,5,150,6.0606060606060606,1.8181818181818181,4.242424242424243,93.93939393939394,3.0303030303030303,90.9090909090909
E00183445,493,45,17,28,448,36,412,9.1277890466531435,3.4482758620689653,5.679513184584178,90.87221095334685,7.302231237322515,83.56997971602435
E00183446,374,49,21,28,325,34,291,13.101604278074866,5.614973262032086,7.4866310160427805,86.89839572192514,9.090909090909092,77.80748663101605
E00183447,275,38,17,21,237,28,209,13.818181818181818,6.181818181818182,7.636363636363637,86.18181818181819,10.181818181818182,76
E00183448,429,44,15,29,385,26,359,10.256410256410255,3.4965034965034967,6.75990675990676,89.74358974358975,6.0606060606060606,83.68298368298368
E00183449,359,52,27,25,307,18,289,14.484679665738161,7.520891364902507,6.963788300835655,85.51532033426183,5.013927576601671,80.50139275766016
E00183450,346,24,10,14,322,20,302,6.9364161849710975,2.8901734104046244,4.046242774566474,93.0635838150289,5.780346820809249,87.28323699421965
E00183451,264,23,9,14,241,15,226,8.712121212121213,3.4090909090909087,5.303030303030303,91.28787878787878,5.681818181818182,85.60606060606061
E00183452,369,46,18,28,323,30,293,12.466124661246612,4.878048780487805,7.588075880758807,87.53387533875339,8.130081300813007,79.40379403794037
E00183453,247,34,13,21,213,21,192,13.765182186234817,5.263157894736842,8.502024291497975,86.23481781376519,8.502024291497975,77.7327935222672
E00183454,405,41,15,26,364,33,331,10.123456790123457,3.7037037037037033,6.419753086419753,89.87654320987654,8.148148148148149,81.72839506172839
E00183455,351,37,13,24,314,21,293,10.541310541310542,3.7037037037037033,6.837606837606838,89.45868945868945,5.982905982905983,83.47578347578347
E00183456,231,21,8,13,210,10,200,9.090909090909092,3.463203463203463,5.627705627705628,90.9090909090909,4.329004329004329,86.58008658008657
E00183457,516,47,19,28,469,20,449,9.108527131782946,3.6821705426356592,5.426356589147287,90.89147286821705,3.875968992248062,87.01550387596899
E00183458,260,21,10,11,239,22,217,8.076923076923077,3.8461538461538463,4.230769230769231,91.92307692307692,8.461538461538462,83.46153846153847
E00183459,123,15,3,12,108,11,97,12.195121951219512,2.4390243902439024,9.75609756097561,87.8048780487805,8.94308943089431,78.86178861788618
E00183460,299,34,12,22,265,20,245,11.37123745819398,4.013377926421405,7.357859531772576,88.62876254180601,6.688963210702341,81.93979933110369
E00183461,361,35,11,24,326,18,308,9.695290858725762,3.0470914127423825,6.64819944598338,90.30470914127424,4.986149584487535,85.3185595567867
E00183462,590,30,12,18,560,28,532,5.084745762711865,2.0338983050847457,3.050847457627119,94.91525423728814,4.745762711864407,90.16949152542372
E00183463,186,19,4,15,167,13,154,10.21505376344086,2.1505376344086025,8.064516129032258,89.78494623655914,6.989247311827956,82.79569892473118
E00183464,255,12,2,10,243,12,231,4.705882352941177,0.7843137254901961,3.9215686274509802,95.29411764705881,4.705882352941177,90.58823529411765
E00183465,582,30,6,24,552,34,518,5.154639175257731,1.0309278350515463,4.123711340206185,94.84536082474226,5.841924398625429,89.00343642611683
E00183466,341,14,2,12,327,19,308,4.105571847507331,0.5865102639296188,3.519061583577713,95.89442815249268,5.571847507331378,90.32258064516128
E00183467,363,17,3,14,346,23,323,4.683195592286501,0.8264462809917356,3.8567493112947657,95.31680440771349,6.336088154269973,88.98071625344353
E00183468,353,28,5,23,325,22,303,7.932011331444759,1.41643059490085,6.515580736543909,92.06798866855524,6.232294617563739,85.8356940509915
E00183469,293,18,0,18,275,26,249,6.143344709897611,0,6.143344709897611,93.85665529010238,8.873720136518772,84.98293515358361
E00183470,500,49,13,36,451,33,418,9.8,2.6,7.199999999999999,90.2,6.6000000000000005,83.6
E00183471,124,7,1,6,117,4,113,5.64516129032258,0.8064516129032258,4.838709677419355,94.35483870967742,3.225806451612903,91.12903225806451
E00183472,203,22,7,15,181,17,164,10.83743842364532,3.4482758620689653,7.389162561576355,89.16256157635468,8.374384236453201,80.78817733990148
E00183473,582,55,17,38,527,35,492,9.450171821305842,2.9209621993127146,6.529209621993128,90.54982817869416,6.013745704467354,84.5360824742268
E00183625,227,14,4,10,213,9,204,6.167400881057269,1.762114537444934,4.405286343612335,93.83259911894272,3.9647577092511015,89.86784140969164
E00183626,306,29,6,23,277,15,262,9.477124183006536,1.9607843137254901,7.516339869281046,90.52287581699346,4.901960784313726,85.62091503267973
E00183627,324,35,15,20,289,25,264,10.802469135802468,4.62962962962963,6.172839506172839,89.19753086419753,7.716049382716049,81.48148148148148
E00183628,115,16,8,8,99,9,90,13.91304347826087,6.956521739130435,6.956521739130435,86.08695652173914,7.82608695652174,78.26086956521739
E00183629,446,80,40,40,366,31,335,17.937219730941703,8.968609865470851,8.968609865470851,82.0627802690583,6.950672645739911,75.11210762331838
E00183630,193,29,9,20,164,15,149,15.025906735751295,4.66321243523316,10.362694300518134,84.97409326424871,7.772020725388601,77.2020725388601
E00183631,270,10,4,6,260,12,248,3.7037037037037033,1.4814814814814816,2.2222222222222223,96.29629629629629,4.444444444444445,91.85185185185185
E00183632,333,44,32,12,289,17,272,13.213213213213212,9.60960960960961,3.6036036036036037,86.78678678678679,5.105105105105105,81.68168168168168
E00183633,133,4,1,3,129,9,120,3.007518796992481,0.7518796992481203,2.2556390977443606,96.99248120300751,6.7669172932330826,90.22556390977444
E00183634,383,25,3,22,358,32,326,6.527415143603134,0.7832898172323759,5.7441253263707575,93.47258485639686,8.355091383812011,85.11749347258485
E00183635,302,33,14,19,269,15,254,10.927152317880795,4.635761589403973,6.291390728476822,89.0728476821192,4.966887417218543,84.10596026490066
E00183636,363,23,1,22,340,21,319,6.336088154269973,0.27548209366391185,6.0606060606060606,93.66391184573003,5.785123966942149,87.87878787878788
E00183637,550,44,5,39,506,23,483,8,0.9090909090909091,7.090909090909091,92,4.181818181818182,87.81818181818181
E00183638,138,14,6,8,124,5,119,10.144927536231885,4.3478260869565215,5.797101449275362,89.85507246376811,3.6231884057971016,86.23188405797102
E00183639,507,67,13,54,440,25,415,13.214990138067062,2.564102564102564,10.650887573964498,86.78500986193293,4.930966469428008,81.85404339250493
E00183640,257,30,9,21,227,18,209,11.673151750972762,3.501945525291829,8.171206225680933,88.32684824902724,7.003891050583658,81.32295719844358
E00183641,174,16,0,16,158,18,140,9.195402298850574,0,9.195402298850574,90.80459770114942,10.344827586206897,80.45977011494253
E00183642,428,53,15,38,375,25,350,12.383177570093459,3.5046728971962615,8.878504672897195,87.61682242990653,5.841121495327103,81.77570093457945
E00183643,261,17,3,14,244,14,230,6.513409961685824,1.1494252873563218,5.363984674329502,93.48659003831418,5.363984674329502,88.12260536398468
E00183644,501,63,24,39,438,26,412,12.574850299401197,4.790419161676647,7.784431137724551,87.42514970059881,5.189620758483033,82.23552894211576
E00183645,380,34,13,21,346,26,320,8.947368421052632,3.421052631578948,5.526315789473684,91.05263157894737,6.842105263157896,84.21052631578947
E00183646,367,19,5,14,348,21,327,5.177111716621254,1.3623978201634876,3.8147138964577656,94.82288828337875,5.722070844686648,89.10081743869209
E00183647,194,17,3,14,177,20,157,8.762886597938143,1.5463917525773196,7.216494845360824,91.23711340206185,10.309278350515463,80.9278350515464
E00183648,574,185,80,105,389,41,348,32.22996515679443,13.937282229965156,18.29268292682927,67.77003484320558,7.142857142857142,60.62717770034843
E00183649,145,15,4,11,130,4,126,10.344827586206897,2.7586206896551726,7.586206896551724,89.65517241379311,2.7586206896551726,86.89655172413792
E00183650,232,100,49,51,132,14,118,43.103448275862064,21.120689655172413,21.982758620689655,56.896551724137936,6.0344827586206895,50.86206896551724
E00183651,117,59,27,32,58,7,51,50.427350427350426,23.076923076923077,27.350427350427353,49.572649572649574,5.982905982905983,43.58974358974359
E00183652,201,14,3,11,187,10,177,6.965174129353234,1.4925373134328357,5.472636815920398,93.03482587064677,4.975124378109453,88.05970149253731
E00183653,329,28,10,18,301,16,285,8.51063829787234,3.0395136778115504,5.47112462006079,91.48936170212765,4.86322188449848,86.62613981762918
E00183654,585,31,12,19,554,20,534,5.299145299145299,2.051282051282051,3.2478632478632483,94.70085470085469,3.418803418803419,91.28205128205128
E00183655,515,32,14,18,483,25,458,6.213592233009709,2.7184466019417477,3.4951456310679614,93.7864077669903,4.854368932038835,88.93203883495146
E00183656,299,12,0,12,287,14,273,4.013377926421405,0,4.013377926421405,95.9866220735786,4.682274247491638,91.30434782608695
E00183657,276,24,7,17,252,13,239,8.695652173913043,2.536231884057971,6.159420289855073,91.30434782608695,4.710144927536232,86.59420289855072
E00183658,207,12,4,8,195,7,188,5.797101449275362,1.932367149758454,3.864734299516908,94.20289855072464,3.3816425120772946,90.82125603864735
E00183659,447,12,0,12,435,26,409,2.684563758389262,0,2.684563758389262,97.31543624161074,5.8165548098434,91.49888143176734
E00183660,282,32,10,22,250,11,239,11.347517730496454,3.546099290780142,7.801418439716312,88.65248226950354,3.900709219858156,84.75177304964538
E00183661,199,13,1,12,186,16,170,6.532663316582915,0.5025125628140703,6.030150753768844,93.46733668341709,8.040201005025125,85.42713567839196
E00183662,315,13,5,8,302,16,286,4.1269841269841265,1.5873015873015872,2.5396825396825395,95.87301587301587,5.079365079365079,90.7936507936508
E00183663,291,26,15,11,265,10,255,8.934707903780069,5.154639175257731,3.7800687285223367,91.06529209621993,3.436426116838488,87.62886597938144
E00183664,252,21,4,17,231,6,225,8.333333333333332,1.5873015873015872,6.746031746031746,91.66666666666666,2.380952380952381,89.28571428571429
E00183665,421,34,9,25,387,18,369,8.076009501187649,2.137767220902613,5.938242280285035,91.92399049881234,4.275534441805226,87.64845605700712
E00183666,323,22,10,12,301,13,288,6.811145510835913,3.0959752321981426,3.7151702786377707,93.18885448916409,4.024767801857585,89.1640866873065
E00183667,131,11,0,11,120,6,114,8.396946564885496,0,8.396946564885496,91.6030534351145,4.580152671755725,87.02290076335878
E00183668,498,42,14,28,456,18,438,8.433734939759036,2.8112449799196786,5.622489959839357,91.56626506024097,3.614457831325301,87.95180722891565
E00183669,372,49,15,34,323,21,302,13.172043010752688,4.032258064516129,9.13978494623656,86.82795698924731,5.64516129032258,81.18279569892472
E00183670,109,11,4,7,98,7,91,10.091743119266056,3.669724770642202,6.422018348623854,89.90825688073394,6.422018348623854,83.4862385321101
E00183671,502,39,10,29,463,34,429,7.768924302788845,1.9920318725099602,5.776892430278884,92.23107569721115,6.772908366533864,85.4581673306773
E00183672,202,22,11,11,180,13,167,10.891089108910892,5.445544554455446,5.445544554455446,89.10891089108911,6.435643564356436,82.67326732673267
E00183673,509,46,16,30,463,41,422,9.037328094302556,3.143418467583497,5.893909626719057,90.96267190569745,8.055009823182711,82.90766208251473
E00183674,114,13,2,11,101,7,94,11.403508771929824,1.7543859649122806,9.649122807017543,88.59649122807018,6.140350877192982,82.45614035087719
E00183675,445,51,18,33,394,25,369,11.46067415730337,4.044943820224719,7.415730337078652,88.53932584269663,5.617977528089887,82.92134831460675
E00183676,218,22,9,13,196,18,178,10.091743119266056,4.128440366972478,5.963302752293578,89.90825688073394,8.256880733944955,81.65137614678899
E00183677,241,35,9,26,206,12,194,14.522821576763487,3.7344398340248963,10.78838174273859,85.47717842323651,4.979253112033195,80.49792531120332
E00183678,314,29,16,13,285,21,264,9.235668789808917,5.095541401273886,4.140127388535031,90.76433121019109,6.687898089171974,84.07643312101911
E00183679,460,51,17,34,409,37,372,11.08695652173913,3.6956521739130435,7.391304347826087,88.91304347826086,8.043478260869565,80.8695652173913
E00183680,301,27,5,22,274,11,263,8.970099667774086,1.6611295681063125,7.308970099667775,91.0299003322259,3.6544850498338874,87.37541528239203
E00183681,598,80,31,49,518,34,484,13.377926421404682,5.183946488294314,8.193979933110368,86.62207357859532,5.68561872909699,80.93645484949833
E00183682,351,12,5,7,339,23,316,3.418803418803419,1.4245014245014245,1.9943019943019942,96.58119658119658,6.552706552706552,90.02849002849003
E00183683,342,26,11,15,316,18,298,7.602339181286549,3.216374269005848,4.385964912280701,92.39766081871345,5.263157894736842,87.13450292397661
E00183684,303,40,14,26,263,18,245,13.2013201320132,4.62046204620462,8.58085808580858,86.79867986798679,5.9405940594059405,80.85808580858085
E00183685,441,26,8,18,415,12,403,5.895691609977324,1.8140589569160999,4.081632653061225,94.10430839002267,2.7210884353741496,91.38321995464852
E00183686,269,33,11,22,236,23,213,12.267657992565056,4.089219330855019,8.178438661710038,87.73234200743495,8.550185873605948,79.182156133829
E00183687,311,16,6,10,295,13,282,5.144694533762058,1.929260450160772,3.215434083601286,94.85530546623794,4.180064308681672,90.67524115755627
E00183688,263,22,6,16,241,14,227,8.365019011406844,2.2813688212927756,6.083650190114068,91.63498098859316,5.323193916349809,86.31178707224335
E00183689,589,34,7,27,555,27,528,5.772495755517826,1.1884550084889642,4.584040747028863,94.22750424448218,4.584040747028863,89.64346349745331
E00183690,229,29,10,19,200,13,187,12.663755458515283,4.366812227074235,8.296943231441048,87.33624454148472,5.676855895196507,81.6593886462882
E00183691,595,29,5,24,566,47,519,4.873949579831933,0.8403361344537815,4.033613445378151,95.12605042016806,7.899159663865546,87.22689075630252
E00183692,430,16,6,10,414,19,395,3.7209302325581395,1.3953488372093024,2.3255813953488373,96.27906976744185,4.4186046511627906,91.86046511627907
E00183693,363,18,4,14,345,10,335,4.958677685950414,1.1019283746556474,3.8567493112947657,95.0413223140496,2.7548209366391188,92.28650137741047
E00183694,278,10,1,9,268,9,259,3.5971223021582732,0.3597122302158274,3.237410071942446,96.40287769784173,3.237410071942446,93.16546762589928
E00183695,448,21,4,17,427,22,405,4.6875,0.8928571428571428,3.7946428571428568,95.3125,4.910714285714286,90.40178571428571
E00183696,131,10,5,5,121,8,113,7.633587786259542,3.816793893129771,3.816793893129771,92.36641221374046,6.106870229007633,86.25954198473282
E00183697,345,13,3,10,332,26,306,3.768115942028986,0.8695652173913043,2.898550724637681,96.23188405797102,7.536231884057972,88.69565217391305
E00183698,383,29,8,21,354,15,339,7.5718015665796345,2.088772845953003,5.483028720626632,92.42819843342036,3.91644908616188,88.51174934725849
E00183703,155,4,0,4,151,4,147,2.5806451612903225,0,2.5806451612903225,97.41935483870968,2.5806451612903225,94.83870967741936
E00183704,351,11,1,10,340,21,319,3.133903133903134,0.2849002849002849,2.849002849002849,96.86609686609687,5.982905982905983,90.88319088319088
E00183705,216,28,6,22,188,15,173,12.962962962962962,2.7777777777777777,10.185185185185185,87.03703703703704,6.944444444444445,80.0925925925926
E00183706,418,19,0,19,399,19,380,4.545454545454546,0,4.545454545454546,95.45454545454545,4.545454545454546,90.9090909090909
E00183707,281,36,9,27,245,16,229,12.811387900355871,3.202846975088968,9.608540925266903,87.18861209964413,5.6939501779359425,81.49466192170819
E00183708,281,147,83,64,134,16,118,52.313167259786475,29.537366548042705,22.77580071174377,47.686832740213525,5.6939501779359425,41.99288256227758
E00183709,488,55,20,35,433,40,393,11.270491803278688,4.098360655737705,7.172131147540983,88.72950819672131,8.19672131147541,80.5327868852459
