OA,ts0590001,ts0590002,ts0590003,ts0590004,ts0590005,ts0590006,ts0590007,ts0590002_PCT,ts0590003_PCT,ts0590004_PCT,ts0590005_PCT,ts0590006_PCT,ts0590007_PCT
E00159354,164,49,26,23,115,90,25,29.878048780487802,15.853658536585366,14.02439024390244,70.1219512195122,54.87804878048781,15.24390243902439
E00159355,142,50,27,23,92,71,21,35.2112676056338,19.014084507042252,16.19718309859155,64.7887323943662,50,14.788732394366196
E00159356,111,32,5,27,79,64,15,28.82882882882883,4.504504504504505,24.324324324324326,71.17117117117117,57.65765765765766,13.513513513513514
E00159357,81,29,14,15,52,41,11,35.80246913580247,17.28395061728395,18.51851851851852,64.19753086419753,50.617283950617285,13.580246913580247
E00159358,129,38,19,19,91,72,19,29.457364341085274,14.728682170542637,14.728682170542637,70.54263565891473,55.81395348837209,14.728682170542637
E00159359,95,22,12,10,73,60,13,23.157894736842106,12.631578947368421,10.526315789473683,76.84210526315789,63.1578947368421,13.684210526315791
E00159360,175,51,26,25,124,97,27,29.142857142857142,14.857142857142858,14.285714285714285,70.85714285714285,55.42857142857143,15.428571428571427
E00159361,106,45,20,25,61,49,12,42.45283018867924,18.867924528301888,23.58490566037736,57.54716981132076,46.22641509433962,11.320754716981133
E00159362,175,57,22,35,118,96,22,32.57142857142858,12.571428571428573,20,67.42857142857143,54.85714285714286,12.571428571428573
E00159363,128,44,16,28,84,68,16,34.375,12.5,21.875,65.625,53.125,12.5
E00159364,292,77,34,43,215,173,42,26.36986301369863,11.643835616438356,14.726027397260275,73.63013698630137,59.24657534246576,14.383561643835616
E00159365,136,40,12,28,96,75,21,29.411764705882355,8.823529411764707,20.588235294117645,70.58823529411765,55.14705882352941,15.441176470588236
E00159366,141,32,13,19,109,93,16,22.69503546099291,9.219858156028367,13.47517730496454,77.30496453900709,65.95744680851064,11.347517730496454
E00159367,115,23,5,18,92,74,18,20,4.3478260869565215,15.65217391304348,80,64.34782608695652,15.65217391304348
E00159368,150,32,12,20,118,92,26,21.333333333333336,8,13.333333333333334,78.66666666666666,61.33333333333333,17.333333333333336
E00159369,143,43,12,31,100,91,9,30.069930069930066,8.391608391608392,21.678321678321677,69.93006993006993,63.63636363636363,6.293706293706294
E00159370,93,29,12,17,64,54,10,31.182795698924732,12.903225806451612,18.27956989247312,68.81720430107528,58.06451612903226,10.75268817204301
E00159371,151,52,29,23,99,78,21,34.437086092715234,19.205298013245034,15.2317880794702,65.56291390728477,51.65562913907284,13.90728476821192
E00159372,190,57,26,31,133,120,13,30,13.684210526315791,16.315789473684212,70,63.1578947368421,6.842105263157896
E00159373,122,45,19,26,77,70,7,36.885245901639344,15.573770491803279,21.311475409836063,63.114754098360656,57.377049180327866,5.737704918032787
E00159374,162,35,12,23,127,114,13,21.604938271604937,7.4074074074074066,14.19753086419753,78.39506172839506,70.37037037037037,8.024691358024691
E00159375,122,36,14,22,86,73,13,29.508196721311474,11.475409836065573,18.0327868852459,70.49180327868852,59.83606557377049,10.655737704918032
E00159376,148,48,15,33,100,86,14,32.432432432432435,10.135135135135135,22.2972972972973,67.56756756756756,58.108108108108105,9.45945945945946
E00159377,75,23,12,11,52,39,13,30.666666666666664,16,14.666666666666666,69.33333333333334,52,17.333333333333336
E00159378,115,33,15,18,82,67,15,28.695652173913043,13.043478260869565,15.65217391304348,71.30434782608695,58.26086956521739,13.043478260869565
E00159379,167,50,19,31,117,100,17,29.94011976047904,11.377245508982035,18.562874251497004,70.05988023952095,59.88023952095808,10.179640718562874
E00159380,152,45,14,31,107,79,28,29.605263157894733,9.210526315789473,20.394736842105264,70.39473684210526,51.973684210526315,18.421052631578945
E00159381,311,72,25,47,239,199,40,23.15112540192926,8.038585209003216,15.112540192926044,76.84887459807074,63.9871382636656,12.861736334405144
E00159383,98,39,17,22,59,55,4,39.795918367346935,17.346938775510203,22.448979591836736,60.204081632653065,56.12244897959183,4.081632653061225
E00159384,156,50,21,29,106,89,17,32.05128205128205,13.461538461538462,18.58974358974359,67.94871794871796,57.05128205128205,10.897435897435898
E00159385,189,47,21,26,142,121,21,24.867724867724867,11.11111111111111,13.756613756613756,75.13227513227513,64.02116402116403,11.11111111111111
E00159387,137,39,11,28,98,88,10,28.467153284671532,8.02919708029197,20.437956204379564,71.53284671532847,64.23357664233576,7.2992700729927
E00159388,150,56,14,42,94,87,7,37.333333333333336,9.333333333333334,28.000000000000004,62.66666666666667,57.99999999999999,4.666666666666667
E00159390,107,32,22,10,75,70,5,29.906542056074763,20.5607476635514,9.345794392523365,70.09345794392523,65.42056074766354,4.672897196261682
E00159391,103,30,12,18,73,67,6,29.126213592233007,11.650485436893204,17.475728155339805,70.87378640776699,65.0485436893204,5.825242718446602
E00159392,122,38,14,24,84,78,6,31.147540983606557,11.475409836065573,19.672131147540984,68.85245901639344,63.934426229508205,4.918032786885246
E00159393,132,44,23,21,88,77,11,33.33333333333333,17.424242424242426,15.909090909090908,66.66666666666666,58.333333333333336,8.333333333333332
E00159394,161,53,22,31,108,96,12,32.91925465838509,13.664596273291925,19.25465838509317,67.08074534161491,59.62732919254658,7.453416149068323
E00159395,144,45,24,21,99,92,7,31.25,16.666666666666664,14.583333333333334,68.75,63.888888888888886,4.861111111111112
E00159396,107,26,16,10,81,77,4,24.299065420560748,14.953271028037381,9.345794392523365,75.70093457943925,71.96261682242991,3.7383177570093453
E00159397,181,63,19,44,118,105,13,34.806629834254146,10.497237569060774,24.30939226519337,65.19337016574586,58.011049723756905,7.18232044198895
E00159398,236,88,32,56,148,134,14,37.28813559322034,13.559322033898304,23.728813559322035,62.71186440677966,56.779661016949156,5.932203389830509
E00159399,130,46,27,19,84,71,13,35.38461538461539,20.76923076923077,14.615384615384617,64.61538461538461,54.61538461538461,10
E00159400,180,49,18,31,131,119,12,27.22222222222222,10,17.22222222222222,72.77777777777777,66.11111111111111,6.666666666666667
E00159401,194,55,26,29,139,126,13,28.350515463917525,13.402061855670103,14.948453608247423,71.64948453608247,64.94845360824742,6.701030927835052
E00159402,163,55,11,44,108,103,5,33.74233128834356,6.748466257668712,26.993865030674847,66.25766871165644,63.190184049079754,3.067484662576687
E00159403,165,50,20,30,115,108,7,30.303030303030305,12.121212121212121,18.181818181818183,69.6969696969697,65.45454545454545,4.242424242424243
E00159404,195,49,20,29,146,132,14,25.128205128205128,10.256410256410255,14.871794871794872,74.87179487179488,67.6923076923077,7.179487179487179
E00159405,108,31,11,20,77,73,4,28.703703703703702,10.185185185185185,18.51851851851852,71.29629629629629,67.5925925925926,3.7037037037037033
E00159406,173,33,15,18,140,129,11,19.07514450867052,8.670520231213873,10.404624277456648,80.92485549132948,74.56647398843931,6.358381502890173
E00159407,120,39,8,31,81,74,7,32.5,6.666666666666667,25.833333333333336,67.5,61.66666666666667,5.833333333333333
E00159408,179,60,28,32,119,109,10,33.5195530726257,15.64245810055866,17.877094972067038,66.4804469273743,60.893854748603346,5.58659217877095
E00159409,164,52,24,28,112,103,9,31.70731707317073,14.634146341463413,17.073170731707318,68.29268292682927,62.80487804878049,5.487804878048781
E00159410,128,68,50,18,60,59,1,53.125,39.0625,14.0625,46.875,46.09375,0.78125
E00159411,175,60,21,39,115,104,11,34.285714285714285,12,22.285714285714285,65.71428571428571,59.42857142857143,6.2857142857142865
E00159413,171,29,16,13,142,136,6,16.95906432748538,9.35672514619883,7.602339181286549,83.04093567251462,79.53216374269006,3.508771929824561
E00159414,157,47,17,30,110,99,11,29.936305732484076,10.828025477707007,19.10828025477707,70.06369426751591,63.05732484076433,7.006369426751593
E00159415,100,19,6,13,81,74,7,19,6,13,81,74,7.000000000000001
E00159416,133,35,22,13,98,89,9,26.31578947368421,16.541353383458645,9.774436090225564,73.68421052631578,66.9172932330827,6.7669172932330826
E00159417,134,51,19,32,83,72,11,38.059701492537314,14.17910447761194,23.88059701492537,61.940298507462686,53.73134328358209,8.208955223880597
E00159418,184,47,22,25,137,124,13,25.543478260869566,11.956521739130435,13.586956521739129,74.45652173913044,67.3913043478261,7.065217391304348
E00159419,177,44,21,23,133,114,19,24.858757062146893,11.864406779661017,12.994350282485875,75.14124293785311,64.40677966101694,10.734463276836157
E00159420,214,68,25,43,146,116,30,31.775700934579437,11.682242990654206,20.093457943925234,68.22429906542055,54.20560747663551,14.018691588785046
E00159421,142,55,21,34,87,69,18,38.732394366197184,14.788732394366196,23.943661971830984,61.267605633802816,48.59154929577465,12.676056338028168
E00159423,139,45,25,20,94,77,17,32.37410071942446,17.985611510791365,14.388489208633093,67.62589928057554,55.39568345323741,12.23021582733813
E00159424,95,32,16,16,63,52,11,33.68421052631579,16.842105263157894,16.842105263157894,66.3157894736842,54.736842105263165,11.578947368421053
E00159425,152,50,14,36,102,88,14,32.89473684210527,9.210526315789473,23.684210526315788,67.10526315789474,57.89473684210527,9.210526315789473
E00159426,205,66,22,44,139,105,34,32.19512195121951,10.731707317073171,21.463414634146343,67.8048780487805,51.21951219512195,16.585365853658537
E00159428,88,23,8,15,65,48,17,26.136363636363637,9.090909090909092,17.045454545454543,73.86363636363636,54.54545454545454,19.318181818181817
E00159430,142,48,17,31,94,77,17,33.80281690140845,11.971830985915492,21.830985915492956,66.19718309859155,54.22535211267606,11.971830985915492
E00159431,147,41,14,27,106,94,12,27.89115646258503,9.523809523809524,18.367346938775512,72.10884353741497,63.94557823129252,8.16326530612245
E00159432,133,37,13,24,96,70,26,27.819548872180448,9.774436090225564,18.045112781954884,72.18045112781954,52.63157894736842,19.548872180451127
E00159434,161,41,16,25,120,99,21,25.465838509316768,9.937888198757763,15.527950310559005,74.53416149068323,61.49068322981367,13.043478260869565
E00159435,279,67,27,40,212,174,38,24.014336917562723,9.67741935483871,14.336917562724013,75.98566308243727,62.365591397849464,13.620071684587815
E00159436,155,53,27,26,102,65,37,34.193548387096776,17.419354838709676,16.7741935483871,65.80645161290323,41.935483870967744,23.870967741935484
E00159437,96,20,13,7,76,55,21,20.833333333333336,13.541666666666666,7.291666666666667,79.16666666666666,57.291666666666664,21.875
E00159438,56,16,8,8,40,31,9,28.57142857142857,14.285714285714285,14.285714285714285,71.42857142857143,55.35714285714286,16.071428571428573
E00159439,148,28,13,15,120,98,22,18.91891891891892,8.783783783783784,10.135135135135135,81.08108108108108,66.21621621621621,14.864864864864865
E00159440,158,41,17,24,117,96,21,25.949367088607595,10.759493670886076,15.18987341772152,74.0506329113924,60.75949367088608,13.291139240506327
E00159441,141,37,15,22,104,91,13,26.24113475177305,10.638297872340425,15.602836879432624,73.75886524822694,64.53900709219859,9.219858156028367
E00159442,124,21,9,12,103,80,23,16.93548387096774,7.258064516129033,9.67741935483871,83.06451612903226,64.51612903225806,18.548387096774192
E00159443,195,35,16,19,160,124,36,17.94871794871795,8.205128205128204,9.7435897435897445,82.05128205128204,63.589743589743584,18.461538461538463
E00159444,129,24,15,9,105,83,22,18.6046511627907,11.627906976744185,6.976744186046512,81.3953488372093,64.34108527131784,17.05426356589147
E00159445,118,34,16,18,84,70,14,28.8135593220339,13.559322033898304,15.254237288135593,71.1864406779661,59.32203389830508,11.864406779661017
E00159446,161,42,26,16,119,104,15,26.08695652173913,16.149068322981368,9.937888198757763,73.91304347826086,64.59627329192547,9.316770186335404
E00159447,121,36,16,20,85,77,8,29.75206611570248,13.223140495867769,16.528925619834713,70.24793388429752,63.63636363636363,6.6115702479338845
E00159449,125,37,18,19,88,76,12,29.599999999999998,14.399999999999999,15.2,70.39999999999999,60.8,9.6
E00159450,115,29,9,20,86,78,8,25.217391304347824,7.82608695652174,17.391304347826086,74.78260869565217,67.82608695652173,6.956521739130435
E00159451,140,40,23,17,100,78,22,28.57142857142857,16.428571428571427,12.142857142857142,71.42857142857143,55.714285714285715,15.714285714285714
E00159453,225,51,20,31,174,146,28,22.666666666666664,8.88888888888889,13.777777777777779,77.33333333333333,64.88888888888889,12.444444444444445
E00159454,153,29,14,15,124,102,22,18.954248366013072,9.15032679738562,9.803921568627452,81.04575163398692,66.66666666666666,14.37908496732026
E00159455,123,23,12,11,100,86,14,18.69918699186992,9.75609756097561,8.94308943089431,81.30081300813008,69.91869918699187,11.38211382113821
E00159456,118,25,10,15,93,80,13,21.1864406779661,8.47457627118644,12.711864406779661,78.8135593220339,67.79661016949152,11.016949152542372
E00159457,133,44,17,27,89,78,11,33.08270676691729,12.781954887218044,20.30075187969925,66.9172932330827,58.64661654135338,8.270676691729323
E00159458,118,28,12,16,90,75,15,23.728813559322035,10.16949152542373,13.559322033898304,76.27118644067797,63.559322033898304,12.711864406779661
E00159459,106,35,12,23,71,67,4,33.0188679245283,11.320754716981133,21.69811320754717,66.98113207547169,63.20754716981132,3.7735849056603774
E00159460,134,44,16,28,90,86,4,32.83582089552239,11.940298507462686,20.8955223880597,67.16417910447761,64.17910447761194,2.9850746268656714
E00159461,126,29,11,18,97,84,13,23.015873015873016,8.73015873015873,14.285714285714285,76.98412698412699,66.66666666666666,10.317460317460316
E00159462,123,38,7,31,85,76,9,30.89430894308943,5.691056910569105,25.203252032520325,69.10569105691057,61.78861788617886,7.317073170731707
E00159463,170,54,20,34,116,96,20,31.76470588235294,11.76470588235294,20,68.23529411764706,56.470588235294116,11.76470588235294
E00159464,124,33,15,18,91,81,10,26.61290322580645,12.096774193548388,14.516129032258066,73.38709677419355,65.32258064516128,8.064516129032258
E00159465,77,28,11,17,49,43,6,36.36363636363637,14.285714285714285,22.07792207792208,63.63636363636363,55.84415584415584,7.792207792207792
E00159466,136,57,23,34,79,74,5,41.911764705882355,16.911764705882355,25,58.08823529411765,54.41176470588235,3.6764705882352944
E00159467,157,49,15,34,108,96,12,31.210191082802545,9.554140127388536,21.656050955414013,68.78980891719745,61.146496815286625,7.643312101910828
E00159468,111,39,8,31,72,60,12,35.13513513513514,7.207207207207207,27.927927927927925,64.86486486486487,54.054054054054056,10.81081081081081
E00159469,131,35,8,27,96,84,12,26.717557251908396,6.106870229007633,20.610687022900763,73.2824427480916,64.12213740458014,9.16030534351145
E00159470,177,39,9,30,138,117,21,22.033898305084744,5.084745762711865,16.94915254237288,77.96610169491525,66.10169491525424,11.864406779661017
E00159471,147,63,14,49,84,74,10,42.857142857142854,9.523809523809524,33.33333333333333,57.14285714285714,50.34013605442177,6.802721088435375
E00159472,111,30,13,17,81,66,15,27.027027027027028,11.711711711711711,15.315315315315313,72.97297297297297,59.45945945945946,13.513513513513514
E00159473,173,56,25,31,117,105,12,32.369942196531795,14.450867052023122,17.91907514450867,67.63005780346822,60.69364161849711,6.9364161849710975
E00159474,138,41,14,27,97,91,6,29.71014492753623,10.144927536231885,19.565217391304348,70.28985507246377,65.94202898550725,4.3478260869565215
E00159475,125,36,12,24,89,73,16,28.799999999999997,9.6,19.2,71.2,58.4,12.8
E00159476,172,53,19,34,119,100,19,30.813953488372093,11.046511627906977,19.767441860465116,69.18604651162791,58.139534883720934,11.046511627906977
E00159477,140,44,15,29,96,84,12,31.428571428571427,10.714285714285714,20.714285714285715,68.57142857142857,60,8.571428571428571
E00159478,66,16,6,10,50,37,13,24.242424242424242,9.090909090909092,15.151515151515152,75.75757575757575,56.060606060606055,19.696969696969695
E00159479,111,35,13,22,76,64,12,31.53153153153153,11.711711711711711,19.81981981981982,68.46846846846847,57.65765765765766,10.81081081081081
E00159480,180,58,23,35,122,101,21,32.22222222222222,12.777777777777777,19.444444444444446,67.77777777777779,56.111111111111114,11.666666666666666
E00159481,108,34,10,24,74,62,12,31.48148148148148,9.25925925925926,22.22222222222222,68.51851851851852,57.407407407407405,11.11111111111111
E00159482,159,59,25,34,100,88,12,37.10691823899371,15.723270440251572,21.38364779874214,62.893081761006286,55.34591194968554,7.547169811320755
E00159483,158,47,11,36,111,95,16,29.746835443037973,6.962025316455696,22.78481012658228,70.25316455696202,60.12658227848101,10.126582278481013
E00159484,137,55,18,37,82,77,5,40.14598540145985,13.138686131386862,27.00729927007299,59.854014598540154,56.20437956204379,3.64963503649635
E00159485,169,61,25,36,108,90,18,36.09467455621302,14.792899408284024,21.301775147928996,63.905325443786985,53.25443786982249,10.650887573964498
E00159486,141,49,11,38,92,73,19,34.751773049645394,7.801418439716312,26.95035460992908,65.24822695035462,51.77304964539007,13.47517730496454
E00159487,166,55,25,30,111,95,16,33.13253012048193,15.060240963855422,18.072289156626507,66.86746987951807,57.22891566265061,9.63855421686747
E00159488,139,50,25,25,89,78,11,35.97122302158273,17.985611510791365,17.985611510791365,64.02877697841727,56.11510791366906,7.913669064748201
E00159489,143,41,17,24,102,92,10,28.671328671328673,11.888111888111888,16.783216783216783,71.32867132867133,64.33566433566433,6.993006993006993
E00159490,140,30,13,17,110,93,17,21.428571428571427,9.285714285714286,12.142857142857142,78.57142857142857,66.42857142857143,12.142857142857142
E00159491,107,31,9,22,76,64,12,28.971962616822427,8.411214953271028,20.5607476635514,71.02803738317756,59.813084112149525,11.214953271028037
E00159492,104,25,4,21,79,70,9,24.03846153846154,3.8461538461538463,20.192307692307693,75.96153846153845,67.3076923076923,8.653846153846153
E00159493,153,36,11,25,117,103,14,23.52941176470588,7.18954248366013,16.33986928104575,76.47058823529412,67.3202614379085,9.15032679738562
E00159494,102,26,7,19,76,49,27,25.49019607843137,6.862745098039216,18.627450980392158,74.50980392156863,48.03921568627451,26.47058823529412
E00159495,67,20,4,16,47,39,8,29.850746268656714,5.970149253731343,23.88059701492537,70.1492537313433,58.2089552238806,11.940298507462686
E00159496,203,64,21,43,139,102,37,31.527093596059114,10.344827586206897,21.182266009852217,68.4729064039409,50.24630541871922,18.226600985221676
E00159497,242,65,27,38,177,127,50,26.859504132231404,11.15702479338843,15.702479338842975,73.14049586776859,52.47933884297521,20.66115702479339
E00159498,103,29,10,19,74,50,24,28.155339805825243,9.70873786407767,18.446601941747574,71.84466019417476,48.54368932038835,23.300970873786408
E00159499,173,50,19,31,123,90,33,28.901734104046245,10.982658959537572,17.91907514450867,71.09826589595376,52.02312138728323,19.07514450867052
E00159500,171,71,31,40,100,73,27,41.52046783625731,18.128654970760234,23.391812865497073,58.47953216374269,42.69005847953216,15.789473684210526
E00159501,187,73,34,39,114,85,29,39.037433155080215,18.181818181818183,20.855614973262032,60.962566844919785,45.45454545454545,15.508021390374333
E00159502,174,52,20,32,122,85,37,29.88505747126437,11.494252873563218,18.39080459770115,70.11494252873564,48.85057471264368,21.26436781609195
E00159503,150,45,16,29,105,92,13,30,10.666666666666668,19.333333333333332,70,61.33333333333333,8.666666666666668
E00159504,124,35,16,19,89,75,14,28.225806451612907,12.903225806451612,15.32258064516129,71.7741935483871,60.483870967741936,11.29032258064516
E00159505,221,63,25,38,158,106,52,28.50678733031674,11.312217194570136,17.194570135746606,71.49321266968326,47.963800904977376,23.52941176470588
E00159506,122,37,17,20,85,74,11,30.327868852459016,13.934426229508196,16.39344262295082,69.67213114754098,60.65573770491803,9.01639344262295
E00159507,224,90,36,54,134,100,34,40.17857142857143,16.071428571428573,24.107142857142858,59.82142857142857,44.642857142857146,15.178571428571427
E00159508,148,53,18,35,95,72,23,35.810810810810814,12.162162162162163,23.64864864864865,64.1891891891892,48.64864864864865,15.54054054054054
E00159509,127,44,16,28,83,59,24,34.645669291338585,12.598425196850393,22.04724409448819,65.35433070866141,46.45669291338583,18.89763779527559
E00159510,185,62,27,35,123,89,34,33.513513513513516,14.594594594594595,18.91891891891892,66.48648648648648,48.10810810810811,18.37837837837838
E00159511,182,67,26,41,115,87,28,36.81318681318682,14.285714285714285,22.52747252747253,63.18681318681318,47.8021978021978,15.384615384615385
E00159512,131,53,20,33,78,57,21,40.458015267175576,15.267175572519085,25.190839694656486,59.541984732824424,43.51145038167939,16.030534351145036
E00159513,131,42,14,28,89,71,18,32.06106870229007,10.687022900763358,21.374045801526716,67.93893129770993,54.19847328244275,13.740458015267176
E00159514,184,54,18,36,130,98,32,29.347826086956523,9.782608695652174,19.565217391304348,70.65217391304348,53.2608695652174,17.391304347826086
E00159515,143,41,19,22,102,85,17,28.671328671328673,13.286713286713287,15.384615384615385,71.32867132867133,59.44055944055944,11.888111888111888
E00159516,81,28,13,15,53,34,19,34.5679012345679,16.049382716049383,18.51851851851852,65.4320987654321,41.9753086419753,23.456790123456788
E00159517,67,14,4,10,53,47,6,20.8955223880597,5.970149253731343,14.925373134328357,79.1044776119403,70.1492537313433,8.955223880597014
E00159518,173,56,32,24,117,90,27,32.369942196531795,18.497109826589593,13.872832369942195,67.63005780346822,52.02312138728323,15.606936416184972
E00159519,176,36,17,19,140,108,32,20.454545454545457,9.659090909090908,10.795454545454545,79.54545454545455,61.36363636363637,18.181818181818183
E00159520,113,26,11,15,87,81,6,23.008849557522122,9.734513274336283,13.274336283185843,76.99115044247787,71.68141592920354,5.3097345132743365
E00159521,125,41,14,27,84,78,6,32.800000000000004,11.200000000000001,21.6,67.2,62.4,4.8
E00159522,146,15,4,11,131,115,16,10.273972602739725,2.73972602739726,7.534246575342466,89.72602739726028,78.76712328767124,10.95890410958904
E00159523,144,31,12,19,113,94,19,21.52777777777778,8.333333333333332,13.194444444444445,78.47222222222221,65.27777777777779,13.194444444444445
E00159524,157,43,13,30,114,90,24,27.388535031847134,8.280254777070063,19.10828025477707,72.61146496815286,57.324840764331206,15.286624203821656
E00159525,172,37,11,26,135,116,19,21.511627906976745,6.395348837209303,15.11627906976744,78.48837209302324,67.44186046511628,11.046511627906977
E00159526,149,44,15,29,105,83,22,29.53020134228188,10.06711409395973,19.463087248322147,70.46979865771812,55.70469798657718,14.76510067114094
E00159527,133,41,12,29,92,76,16,30.82706766917293,9.022556390977442,21.804511278195488,69.17293233082707,57.14285714285714,12.030075187969924
E00159528,145,26,10,16,119,98,21,17.93103448275862,6.896551724137931,11.03448275862069,82.06896551724138,67.58620689655173,14.482758620689657
E00159529,140,40,11,29,100,86,14,28.57142857142857,7.857142857142857,20.714285714285715,71.42857142857143,61.42857142857143,10
E00159530,149,45,14,31,104,87,17,30.201342281879196,9.395973154362416,20.80536912751678,69.79865771812081,58.38926174496645,11.409395973154362
E00159531,189,52,21,31,137,118,19,27.513227513227513,11.11111111111111,16.402116402116402,72.4867724867725,62.43386243386243,10.052910052910052
E00159532,160,51,13,38,109,91,18,31.874999999999996,8.125,23.75,68.125,56.875,11.25
E00159533,153,47,19,28,106,92,14,30.718954248366014,12.418300653594772,18.30065359477124,69.28104575163398,60.130718954248366,9.15032679738562
E00159534,185,37,18,19,148,119,29,20,9.72972972972973,10.27027027027027,80,64.32432432432432,15.675675675675677
E00159535,171,57,20,37,114,92,22,33.33333333333333,11.695906432748536,21.637426900584796,66.66666666666666,53.80116959064327,12.865497076023392
E00159536,154,40,11,29,114,99,15,25.97402597402597,7.142857142857142,18.83116883116883,74.02597402597402,64.28571428571429,9.740259740259742
E00159537,149,35,14,21,114,85,29,23.48993288590604,9.395973154362416,14.093959731543624,76.51006711409396,57.04697986577181,19.463087248322147
E00159538,90,25,10,15,65,51,14,27.77777777777778,11.11111111111111,16.666666666666664,72.22222222222221,56.666666666666664,15.555555555555555
E00159539,204,64,31,33,140,103,37,31.372549019607842,15.196078431372548,16.176470588235293,68.62745098039215,50.49019607843137,18.137254901960784
E00159540,190,45,13,32,145,121,24,23.684210526315788,6.842105263157896,16.842105263157894,76.31578947368422,63.68421052631579,12.631578947368421
E00159541,32,12,7,5,20,14,6,37.5,21.875,15.625,62.5,43.75,18.75
E00159542,155,33,17,16,122,105,17,21.29032258064516,10.967741935483872,10.32258064516129,78.70967741935485,67.74193548387096,10.967741935483872
E00159543,114,27,15,12,87,67,20,23.684210526315788,13.157894736842104,10.526315789473683,76.31578947368422,58.77192982456141,17.543859649122805
E00159544,149,42,18,24,107,86,21,28.187919463087248,12.080536912751679,16.10738255033557,71.81208053691275,57.71812080536913,14.093959731543624
E00159545,77,24,11,13,53,48,5,31.16883116883117,14.285714285714285,16.883116883116884,68.83116883116884,62.33766233766234,6.493506493506493
E00159546,120,36,12,24,84,59,25,30,10,20,70,49.166666666666664,20.833333333333336
E00159547,149,36,19,17,113,91,22,24.161073825503358,12.751677852348994,11.409395973154362,75.83892617449665,61.07382550335571,14.76510067114094
E00159548,168,43,20,23,125,105,20,25.595238095238095,11.904761904761903,13.690476190476192,74.40476190476191,62.5,11.904761904761903
E00159549,164,52,13,39,112,94,18,31.70731707317073,7.926829268292683,23.78048780487805,68.29268292682927,57.3170731707317,10.975609756097562
E00159550,221,58,20,38,163,138,25,26.244343891402718,9.049773755656108,17.194570135746606,73.7556561085973,62.44343891402715,11.312217194570136
E00159551,176,54,25,29,122,99,23,30.681818181818183,14.204545454545455,16.477272727272727,69.31818181818183,56.25,13.068181818181818
E00159553,199,47,18,29,152,124,28,23.618090452261306,9.045226130653267,14.572864321608039,76.38190954773869,62.311557788944725,14.07035175879397
E00159554,136,36,17,19,100,75,25,26.47058823529412,12.5,13.970588235294118,73.52941176470588,55.14705882352941,18.38235294117647
E00159555,106,37,17,20,69,55,14,34.90566037735849,16.037735849056602,18.867924528301888,65.09433962264151,51.886792452830186,13.20754716981132
E00159556,108,29,8,21,79,64,15,26.851851851851855,7.4074074074074066,19.444444444444446,73.14814814814815,59.25925925925925,13.88888888888889
E00159557,140,28,6,22,112,102,10,20,4.285714285714286,15.714285714285714,80,72.85714285714285,7.142857142857142
E00159558,134,25,11,14,109,95,14,18.65671641791045,8.208955223880597,10.44776119402985,81.34328358208955,70.8955223880597,10.44776119402985
E00159559,174,51,17,34,123,94,29,29.310344827586203,9.770114942528735,19.54022988505747,70.6896551724138,54.02298850574713,16.666666666666664
E00159560,135,41,21,20,94,79,15,30.37037037037037,15.555555555555555,14.814814814814813,69.62962962962963,58.51851851851851,11.11111111111111
E00159561,194,66,30,36,128,111,17,34.02061855670103,15.463917525773196,18.556701030927837,65.97938144329896,57.21649484536082,8.762886597938143
E00159562,193,53,22,31,140,120,20,27.461139896373055,11.398963730569948,16.06217616580311,72.53886010362694,62.17616580310881,10.362694300518134
E00159563,136,35,7,28,101,82,19,25.735294117647058,5.147058823529411,20.588235294117645,74.26470588235294,60.29411764705882,13.970588235294118
E00159564,155,39,14,25,116,106,10,25.161290322580644,9.032258064516128,16.129032258064516,74.83870967741936,68.38709677419355,6.451612903225806
E00159565,163,33,8,25,130,118,12,20.245398773006134,4.9079754601226995,15.337423312883436,79.75460122699386,72.39263803680981,7.361963190184049
E00159566,125,34,22,12,91,72,19,27.200000000000003,17.599999999999998,9.6,72.8,57.599999999999994,15.2
E00159567,159,48,10,38,111,90,21,30.18867924528302,6.289308176100629,23.89937106918239,69.81132075471697,56.60377358490566,13.20754716981132
E00159568,119,40,13,27,79,74,5,33.61344537815126,10.92436974789916,22.689075630252102,66.38655462184873,62.18487394957983,4.201680672268908
E00159569,131,39,20,19,92,73,19,29.770992366412212,15.267175572519085,14.50381679389313,70.22900763358778,55.72519083969466,14.50381679389313
E00159570,168,44,18,26,124,95,29,26.190476190476193,10.714285714285714,15.476190476190476,73.80952380952381,56.547619047619044,17.261904761904763
E00159571,180,42,20,22,138,107,31,23.333333333333332,11.11111111111111,12.222222222222221,76.66666666666667,59.44444444444444,17.22222222222222
E00159572,100,21,9,12,79,64,15,21,9,12,79,64,15
E00159573,176,44,23,21,132,116,16,25,13.068181818181818,11.931818181818182,75,65.9090909090909,9.090909090909092
E00159574,163,29,10,19,134,96,38,17.791411042944784,6.134969325153374,11.65644171779141,82.20858895705521,58.895705521472394,23.31288343558282
E00159575,160,37,18,19,123,103,20,23.125,11.25,11.875,76.875,64.375,12.5
E00159576,153,32,8,24,121,95,26,20.915032679738562,5.228758169934641,15.686274509803921,79.08496732026144,62.091503267973856,16.99346405228758
E00159577,204,63,25,38,141,125,16,30.88235294117647,12.254901960784313,18.627450980392158,69.11764705882352,61.274509803921575,7.8431372549019605
E00159578,149,50,17,33,99,73,26,33.557046979865774,11.409395973154362,22.14765100671141,66.44295302013423,48.99328859060403,17.449664429530202
E00159579,99,27,9,18,72,63,9,27.27272727272727,9.090909090909092,18.181818181818183,72.72727272727273,63.63636363636363,9.090909090909092
E00159580,193,50,17,33,143,121,22,25.906735751295333,8.808290155440414,17.098445595854923,74.09326424870466,62.69430051813472,11.398963730569948
E00159582,167,46,13,33,121,101,20,27.54491017964072,7.784431137724551,19.760479041916167,72.45508982035929,60.47904191616767,11.976047904191617
E00159583,145,44,14,30,101,90,11,30.344827586206897,9.655172413793103,20.689655172413794,69.6551724137931,62.06896551724138,7.586206896551724
E00159584,98,27,11,16,71,60,11,27.55102040816326,11.224489795918368,16.3265306122449,72.44897959183673,61.224489795918366,11.224489795918368
E00159585,177,52,22,30,125,118,7,29.37853107344633,12.429378531073446,16.94915254237288,70.62146892655367,66.66666666666666,3.954802259887006
E00159586,97,27,12,15,70,62,8,27.835051546391753,12.371134020618557,15.463917525773196,72.16494845360825,63.91752577319587,8.24742268041237
E00159587,141,45,16,29,96,86,10,31.914893617021278,11.347517730496454,20.56737588652482,68.08510638297872,60.99290780141844,7.092198581560284
E00159588,166,47,22,25,119,106,13,28.313253012048197,13.253012048192772,15.060240963855422,71.6867469879518,63.85542168674698,7.83132530120482
E00159589,113,37,15,22,76,60,16,32.743362831858406,13.274336283185843,19.469026548672566,67.2566371681416,53.09734513274337,14.15929203539823
E00159590,147,39,13,26,108,89,19,26.53061224489796,8.843537414965986,17.687074829931973,73.46938775510205,60.544217687074834,12.925170068027212
E00159591,136,46,23,23,90,76,14,33.82352941176471,16.911764705882355,16.911764705882355,66.17647058823529,55.88235294117647,10.294117647058822
E00159592,109,37,18,19,72,58,14,33.94495412844037,16.51376146788991,17.431192660550458,66.05504587155964,53.21100917431193,12.844036697247708
E00159593,118,21,9,12,97,88,9,17.796610169491526,7.627118644067797,10.16949152542373,82.20338983050848,74.57627118644068,7.627118644067797
E00159594,27,3,0,3,24,21,3,11.11111111111111,0,11.11111111111111,88.88888888888889,77.77777777777779,11.11111111111111
E00159595,145,52,7,45,93,78,15,35.86206896551724,4.827586206896552,31.03448275862069,64.13793103448275,53.79310344827586,10.344827586206897
E00159596,177,71,27,44,106,85,21,40.11299435028249,15.254237288135593,24.858757062146893,59.887005649717516,48.0225988700565,11.864406779661017
E00159597,130,47,21,26,83,63,20,36.15384615384615,16.153846153846153,20,63.84615384615384,48.46153846153846,15.384615384615385
E00159598,143,39,16,23,104,82,22,27.27272727272727,11.188811188811188,16.083916083916083,72.72727272727273,57.34265734265735,15.384615384615385
E00159599,192,60,26,34,132,109,23,31.25,13.541666666666666,17.708333333333336,68.75,56.770833333333336,11.979166666666668
E00159600,198,49,17,32,149,130,19,24.747474747474747,8.585858585858585,16.161616161616163,75.25252525252525,65.65656565656566,9.595959595959595
E00159601,68,21,9,12,47,34,13,30.88235294117647,13.23529411764706,17.647058823529413,69.11764705882352,50,19.11764705882353
E00159602,125,39,11,28,86,61,25,31.2,8.799999999999999,22.400000000000002,68.8,48.8,20
E00159603,157,57,26,31,100,77,23,36.30573248407643,16.560509554140125,19.745222929936308,63.69426751592356,49.044585987261144,14.64968152866242
E00159604,123,43,17,26,80,63,17,34.959349593495936,13.821138211382115,21.138211382113823,65.04065040650406,51.21951219512195,13.821138211382115
E00159605,112,26,12,14,86,66,20,23.214285714285715,10.714285714285714,12.5,76.78571428571429,58.92857142857143,17.857142857142858
E00159606,165,39,15,24,126,109,17,23.636363636363637,9.090909090909092,14.545454545454545,76.36363636363637,66.06060606060606,10.303030303030303
E00159607,169,49,11,38,120,106,14,28.994082840236686,6.508875739644971,22.485207100591715,71.00591715976331,62.721893491124256,8.284023668639055
E00159608,77,26,11,15,51,43,8,33.76623376623377,14.285714285714285,19.480519480519483,66.23376623376623,55.84415584415584,10.38961038961039
E00159609,127,43,24,19,84,75,9,33.85826771653544,18.89763779527559,14.960629921259844,66.14173228346458,59.055118110236215,7.086614173228346
E00159611,163,53,29,24,110,93,17,32.515337423312886,17.791411042944784,14.723926380368098,67.48466257668711,57.05521472392638,10.429447852760736
E00159612,127,39,12,27,88,77,11,30.708661417322837,9.448818897637794,21.25984251968504,69.29133858267717,60.629921259842526,8.661417322834646
E00159613,139,33,11,22,106,86,20,23.741007194244602,7.913669064748201,15.827338129496402,76.2589928057554,61.87050359712231,14.388489208633093
E00159614,88,36,17,19,52,48,4,40.909090909090914,19.318181818181817,21.59090909090909,59.09090909090909,54.54545454545454,4.545454545454546
E00159615,133,39,12,27,94,86,8,29.32330827067669,9.022556390977442,20.30075187969925,70.67669172932331,64.66165413533834,6.015037593984962
E00159616,146,36,12,24,110,87,23,24.65753424657534,8.21917808219178,16.43835616438356,75.34246575342466,59.589041095890416,15.753424657534246
E00159617,116,38,12,26,78,62,16,32.758620689655174,10.344827586206897,22.413793103448278,67.24137931034483,53.44827586206896,13.793103448275861
E00159618,125,45,14,31,80,68,12,36,11.200000000000001,24.8,64,54.400000000000006,9.6
E00159619,119,39,19,20,80,66,14,32.773109243697476,15.966386554621847,16.80672268907563,67.22689075630252,55.46218487394958,11.76470588235294
E00159620,133,47,24,23,86,77,9,35.338345864661655,18.045112781954884,17.293233082706767,64.66165413533834,57.89473684210527,6.7669172932330826
E00159621,127,40,17,23,87,73,14,31.496062992125985,13.385826771653544,18.11023622047244,68.50393700787401,57.48031496062992,11.023622047244094
E00159622,138,46,9,37,92,77,15,33.33333333333333,6.521739130434782,26.811594202898554,66.66666666666666,55.79710144927537,10.869565217391305
E00159623,101,28,12,16,73,54,19,27.722772277227726,11.881188118811881,15.841584158415841,72.27722772277228,53.46534653465347,18.81188118811881
E00159624,136,44,19,25,92,75,17,32.35294117647059,13.970588235294118,18.38235294117647,67.64705882352942,55.14705882352941,12.5
E00159625,125,43,16,27,82,69,13,34.4,12.8,21.6,65.60000000000001,55.2,10.4
E00159626,125,26,14,12,99,85,14,20.8,11.200000000000001,9.6,79.2,68,11.200000000000001
E00159627,158,50,22,28,108,94,14,31.645569620253166,13.924050632911392,17.72151898734177,68.35443037974683,59.49367088607595,8.860759493670885
E00159628,140,41,14,27,99,83,16,29.28571428571429,10,19.28571428571429,70.71428571428572,59.285714285714285,11.428571428571429
E00159629,112,44,18,26,68,58,10,39.285714285714285,16.071428571428573,23.214285714285715,60.71428571428571,51.78571428571429,8.928571428571429
E00159630,127,41,12,29,86,76,10,32.28346456692913,9.448818897637794,22.83464566929134,67.71653543307087,59.84251968503938,7.874015748031496
E00159631,142,57,17,40,85,69,16,40.140845070422536,11.971830985915492,28.169014084507044,59.859154929577464,48.59154929577465,11.267605633802818
E00159632,112,33,10,23,79,65,14,29.464285714285715,8.928571428571429,20.535714285714285,70.53571428571429,58.03571428571429,12.5
E00159633,113,30,14,16,83,72,11,26.548672566371685,12.389380530973451,14.15929203539823,73.45132743362832,63.716814159292035,9.734513274336283
E00159634,132,44,10,34,88,78,10,33.33333333333333,7.575757575757576,25.757575757575758,66.66666666666666,59.09090909090909,7.575757575757576
E00159635,145,42,16,26,103,83,20,28.965517241379313,11.03448275862069,17.93103448275862,71.03448275862068,57.24137931034483,13.793103448275861
E00159636,158,56,25,31,102,84,18,35.44303797468354,15.822784810126583,19.62025316455696,64.55696202531645,53.16455696202531,11.39240506329114
E00159637,134,33,10,23,101,85,16,24.62686567164179,7.462686567164178,17.16417910447761,75.3731343283582,63.43283582089553,11.940298507462686
E00159638,158,47,22,25,111,85,26,29.746835443037973,13.924050632911392,15.822784810126583,70.25316455696202,53.79746835443038,16.455696202531644
E00159639,61,13,3,10,48,36,12,21.311475409836063,4.918032786885246,16.39344262295082,78.68852459016394,59.01639344262295,19.672131147540984
E00159640,104,36,9,27,68,54,14,34.61538461538461,8.653846153846153,25.961538461538463,65.38461538461539,51.92307692307693,13.461538461538462
E00159641,126,31,9,22,95,84,11,24.6031746031746,7.142857142857142,17.46031746031746,75.39682539682539,66.66666666666666,8.73015873015873
E00159642,115,38,12,26,77,59,18,33.04347826086956,10.434782608695652,22.608695652173914,66.95652173913044,51.30434782608696,15.65217391304348
E00159645,170,57,25,32,113,74,39,33.52941176470588,14.705882352941178,18.823529411764707,66.47058823529412,43.529411764705884,22.941176470588236
E00159646,118,41,14,27,77,63,14,34.74576271186441,11.864406779661017,22.88135593220339,65.2542372881356,53.38983050847458,11.864406779661017
E00159647,98,46,13,33,52,47,5,46.93877551020408,13.26530612244898,33.6734693877551,53.06122448979592,47.95918367346938,5.1020408163265305
E00159648,243,80,34,46,163,142,21,32.92181069958848,13.991769547325102,18.930041152263374,67.07818930041152,58.43621399176955,8.641975308641975
E00159649,149,49,16,33,100,91,9,32.88590604026846,10.738255033557047,22.14765100671141,67.11409395973155,61.07382550335571,6.0402684563758395
E00159650,144,36,8,28,108,94,14,25,5.555555555555555,19.444444444444446,75,65.27777777777779,9.722222222222223
E00159651,119,34,13,21,85,71,14,28.57142857142857,10.92436974789916,17.647058823529413,71.42857142857143,59.66386554621849,11.76470588235294
E00159652,149,40,11,29,109,101,8,26.845637583892618,7.38255033557047,19.463087248322147,73.15436241610739,67.78523489932886,5.369127516778524
E00159653,124,28,11,17,96,87,9,22.58064516129032,8.870967741935484,13.709677419354838,77.41935483870968,70.16129032258065,7.258064516129033
E00159654,146,42,12,30,104,94,10,28.767123287671232,8.21917808219178,20.54794520547945,71.23287671232876,64.38356164383562,6.8493150684931505
E00159655,157,40,14,26,117,102,15,25.477707006369428,8.9171974522293,16.560509554140125,74.52229299363057,64.96815286624204,9.554140127388536
E00159656,112,35,17,18,77,67,10,31.25,15.178571428571427,16.071428571428573,68.75,59.82142857142857,8.928571428571429
E00159657,93,41,9,32,52,48,4,44.086021505376344,9.67741935483871,34.40860215053764,55.91397849462365,51.61290322580645,4.301075268817205
E00159658,85,37,15,22,48,43,5,43.529411764705884,17.647058823529413,25.882352941176475,56.470588235294116,50.588235294117645,5.88235294117647
E00159659,139,43,13,30,96,80,16,30.935251798561154,9.352517985611511,21.58273381294964,69.06474820143885,57.55395683453237,11.510791366906476
E00159660,119,38,16,22,81,75,6,31.932773109243694,13.445378151260504,18.487394957983195,68.0672268907563,63.02521008403361,5.042016806722689
E00159661,126,43,19,24,83,75,8,34.12698412698413,15.079365079365079,19.047619047619047,65.87301587301587,59.523809523809526,6.349206349206349
E00159662,132,36,10,26,96,89,7,27.27272727272727,7.575757575757576,19.696969696969695,72.72727272727273,67.42424242424242,5.303030303030303
E00159663,129,38,9,29,91,77,14,29.457364341085274,6.976744186046512,22.48062015503876,70.54263565891473,59.68992248062015,10.852713178294573
E00159664,140,36,13,23,104,94,10,25.71428571428571,9.285714285714286,16.428571428571427,74.28571428571429,67.14285714285714,7.142857142857142
E00159666,257,67,19,48,190,165,25,26.07003891050584,7.392996108949417,18.67704280155642,73.92996108949417,64.2023346303502,9.72762645914397
E00159667,146,46,19,27,100,84,16,31.506849315068493,13.013698630136986,18.493150684931507,68.4931506849315,57.534246575342465,10.95890410958904
E00159668,118,39,14,25,79,71,8,33.05084745762712,11.864406779661017,21.1864406779661,66.94915254237289,60.16949152542372,6.779661016949152
E00159669,116,29,13,16,87,79,8,25,11.206896551724139,13.793103448275861,75,68.10344827586206,6.896551724137931
E00159670,161,54,13,41,107,94,13,33.54037267080746,8.074534161490684,25.465838509316768,66.45962732919256,58.38509316770186,8.074534161490684
E00159671,159,37,14,23,122,102,20,23.270440251572328,8.80503144654088,14.465408805031446,76.72955974842768,64.15094339622641,12.578616352201259
E00159672,169,61,23,38,108,98,10,36.09467455621302,13.609467455621301,22.485207100591715,63.905325443786985,57.98816568047337,5.9171597633136095
E00159673,112,26,7,19,86,77,9,23.214285714285715,6.25,16.964285714285715,76.78571428571429,68.75,8.035714285714286
E00159674,140,26,9,17,114,102,12,18.571428571428573,6.428571428571428,12.142857142857142,81.42857142857143,72.85714285714285,8.571428571428571
E00159675,136,46,15,31,90,77,13,33.82352941176471,11.029411764705882,22.794117647058822,66.17647058823529,56.61764705882353,9.558823529411764
E00159676,197,37,14,23,160,134,26,18.781725888324875,7.1065989847715745,11.6751269035533,81.21827411167513,68.02030456852792,13.19796954314721
E00159677,170,26,10,16,144,128,16,15.294117647058824,5.88235294117647,9.411764705882353,84.70588235294117,75.29411764705883,9.411764705882353
E00159678,237,49,14,35,188,154,34,20.675105485232066,5.9071729957805905,14.767932489451477,79.32489451476793,64.9789029535865,14.345991561181433
E00159679,141,33,17,16,108,96,12,23.404255319148938,12.056737588652481,11.347517730496454,76.59574468085107,68.08510638297872,8.51063829787234
E00159680,146,37,7,30,109,96,13,25.34246575342466,4.794520547945205,20.54794520547945,74.65753424657534,65.75342465753424,8.904109589041095
E00159681,129,44,18,26,85,72,13,34.10852713178294,13.953488372093023,20.155038759689923,65.89147286821705,55.81395348837209,10.077519379844961
E00159682,108,26,7,19,82,71,11,24.074074074074073,6.481481481481481,17.59259259259259,75.92592592592592,65.74074074074075,10.185185185185185
E00159683,128,37,16,21,91,75,16,28.90625,12.5,16.40625,71.09375,58.59375,12.5
E00159684,28,8,1,7,20,17,3,28.57142857142857,3.571428571428571,25,71.42857142857143,60.71428571428571,10.714285714285714
E00159685,127,32,13,19,95,80,15,25.196850393700785,10.236220472440944,14.960629921259844,74.80314960629921,62.99212598425197,11.811023622047244
E00159687,133,39,20,19,94,79,15,29.32330827067669,15.037593984962406,14.285714285714285,70.67669172932331,59.3984962406015,11.278195488721805
E00159688,240,62,21,41,178,136,42,25.833333333333336,8.75,17.083333333333332,74.16666666666667,56.666666666666664,17.5
E00159689,201,74,39,35,127,90,37,36.81592039800995,19.402985074626866,17.412935323383085,63.18407960199005,44.776119402985074,18.407960199004975
E00159690,62,22,13,9,40,28,12,35.483870967741936,20.967741935483872,14.516129032258066,64.51612903225806,45.16129032258064,19.35483870967742
E00159691,118,39,9,30,79,60,19,33.05084745762712,7.627118644067797,25.423728813559322,66.94915254237289,50.847457627118644,16.101694915254235
E00159692,169,52,24,28,117,96,21,30.76923076923077,14.201183431952662,16.56804733727811,69.23076923076923,56.80473372781065,12.42603550295858
E00159694,224,45,9,36,179,158,21,20.089285714285715,4.017857142857143,16.071428571428573,79.91071428571429,70.53571428571429,9.375
E00159696,165,44,12,32,121,105,16,26.666666666666668,7.2727272727272725,19.393939393939394,73.33333333333333,63.63636363636363,9.696969696969697
E00159700,163,47,14,33,116,90,26,28.834355828220858,8.588957055214724,20.245398773006134,71.16564417177914,55.21472392638037,15.950920245398773
E00159701,115,30,12,18,85,75,10,26.08695652173913,10.434782608695652,15.65217391304348,73.91304347826086,65.21739130434783,8.695652173913043
E00159702,152,55,20,35,97,81,16,36.18421052631579,13.157894736842104,23.026315789473685,63.81578947368421,53.289473684210535,10.526315789473683
E00159703,238,62,26,36,176,153,23,26.05042016806723,10.92436974789916,15.126050420168067,73.94957983193278,64.28571428571429,9.663865546218489
E00159704,161,53,14,39,108,97,11,32.91925465838509,8.695652173913043,24.22360248447205,67.08074534161491,60.24844720496895,6.832298136645963
E00159705,240,69,21,48,171,149,22,28.749999999999996,8.75,20,71.25,62.083333333333336,9.166666666666666
E00159707,168,46,10,36,122,110,12,27.380952380952383,5.952380952380952,21.428571428571427,72.61904761904762,65.47619047619048,7.142857142857142
E00159708,200,29,12,17,171,156,15,14.499999999999998,6,8.5,85.5,78,7.5
E00159709,91,35,18,17,56,41,15,38.46153846153847,19.78021978021978,18.681318681318682,61.53846153846154,45.05494505494506,16.483516483516482
E00159710,146,26,7,19,120,103,17,17.80821917808219,4.794520547945205,13.013698630136986,82.1917808219178,70.54794520547945,11.643835616438356
E00159711,122,23,9,14,99,87,12,18.852459016393443,7.377049180327869,11.475409836065573,81.14754098360656,71.31147540983606,9.836065573770492
E00159712,65,24,6,18,41,36,5,36.92307692307693,9.230769230769232,27.692307692307693,63.07692307692307,55.38461538461539,7.6923076923076925
E00159714,171,42,19,23,129,116,13,24.561403508771928,11.11111111111111,13.450292397660817,75.43859649122807,67.83625730994152,7.602339181286549
E00159715,187,54,32,22,133,102,31,28.87700534759358,17.11229946524064,11.76470588235294,71.12299465240642,54.54545454545454,16.577540106951872
E00159716,183,46,14,32,137,123,14,25.136612021857925,7.650273224043716,17.48633879781421,74.86338797814209,67.21311475409836,7.650273224043716
E00159717,133,39,19,20,94,75,19,29.32330827067669,14.285714285714285,15.037593984962406,70.67669172932331,56.390977443609025,14.285714285714285
E00159719,110,37,13,24,73,63,10,33.63636363636363,11.818181818181818,21.818181818181817,66.36363636363637,57.27272727272727,9.090909090909092
E00159720,165,53,20,33,112,95,17,32.121212121212125,12.121212121212121,20,67.87878787878789,57.57575757575758,10.303030303030303
E00159721,161,39,13,26,122,105,17,24.22360248447205,8.074534161490684,16.149068322981368,75.77639751552795,65.21739130434783,10.559006211180124
E00159722,137,43,18,25,94,78,16,31.386861313868614,13.138686131386862,18.248175182481752,68.61313868613139,56.934306569343065,11.678832116788321
E00159723,118,36,11,25,82,66,16,30.508474576271187,9.322033898305085,21.1864406779661,69.49152542372882,55.932203389830505,13.559322033898304
E00159724,197,68,25,43,129,115,14,34.51776649746193,12.690355329949238,21.82741116751269,65.48223350253807,58.37563451776649,7.1065989847715745
E00159725,132,37,12,25,95,81,14,28.030303030303028,9.090909090909092,18.939393939393938,71.96969696969697,61.36363636363637,10.606060606060606
E00159726,143,38,8,30,105,94,11,26.573426573426573,5.594405594405594,20.97902097902098,73.42657342657343,65.73426573426573,7.6923076923076925
E00159728,175,48,15,33,127,108,19,27.42857142857143,8.571428571428571,18.857142857142858,72.57142857142857,61.71428571428571,10.857142857142858
E00159729,172,43,14,29,129,115,14,25,8.13953488372093,16.86046511627907,75,66.86046511627907,8.13953488372093
E00159730,102,34,8,26,68,59,9,33.33333333333333,7.8431372549019605,25.49019607843137,66.66666666666666,57.84313725490197,8.823529411764707
E00159731,152,52,16,36,100,90,10,34.21052631578947,10.526315789473683,23.684210526315788,65.78947368421053,59.210526315789465,6.578947368421052
E00159732,151,45,18,27,106,93,13,29.80132450331126,11.920529801324504,17.880794701986755,70.19867549668875,61.58940397350994,8.609271523178808
E00159733,147,46,20,26,101,96,5,31.292517006802722,13.60544217687075,17.687074829931973,68.70748299319727,65.3061224489796,3.4013605442176873
E00159734,120,36,15,21,84,76,8,30,12.5,17.5,70,63.33333333333333,6.666666666666667
E00159735,168,35,12,23,133,122,11,20.833333333333336,7.142857142857142,13.690476190476192,79.16666666666666,72.61904761904762,6.547619047619048
E00159736,139,48,18,30,91,81,10,34.53237410071942,12.949640287769784,21.58273381294964,65.46762589928058,58.27338129496403,7.1942446043165464
E00159737,101,25,1,24,76,66,10,24.752475247524753,0.9900990099009901,23.762376237623762,75.24752475247524,65.34653465346535,9.900990099009901
E00159739,146,35,8,27,111,107,4,23.972602739726025,5.47945205479452,18.493150684931507,76.02739726027397,73.28767123287672,2.73972602739726
E00159740,137,39,14,25,98,90,8,28.467153284671532,10.218978102189782,18.248175182481752,71.53284671532847,65.69343065693431,5.839416058394161
E00159741,153,45,18,27,108,90,18,29.411764705882355,11.76470588235294,17.647058823529413,70.58823529411765,58.82352941176471,11.76470588235294
E00159742,164,48,14,34,116,106,10,29.268292682926827,8.536585365853659,20.73170731707317,70.73170731707317,64.63414634146342,6.097560975609756
E00159743,169,39,16,23,130,116,14,23.076923076923077,9.467455621301776,13.609467455621301,76.92307692307693,68.63905325443787,8.284023668639055
E00159744,139,33,9,24,106,93,13,23.741007194244602,6.474820143884892,17.26618705035971,76.2589928057554,66.90647482014388,9.352517985611511
E00159745,139,35,6,29,104,96,8,25.179856115107913,4.316546762589928,20.863309352517987,74.82014388489209,69.06474820143885,5.755395683453238
E00159747,141,37,10,27,104,95,9,26.24113475177305,7.092198581560284,19.148936170212767,73.75886524822694,67.37588652482269,6.382978723404255
E00159748,161,42,14,28,119,112,7,26.08695652173913,8.695652173913043,17.391304347826086,73.91304347826086,69.56521739130434,4.3478260869565215
E00159750,172,52,17,35,120,108,12,30.23255813953488,9.883720930232558,20.348837209302324,69.76744186046511,62.7906976744186,6.976744186046512
E00159751,152,43,13,30,109,97,12,28.289473684210524,8.552631578947368,19.736842105263158,71.71052631578947,63.81578947368421,7.894736842105263
E00159752,160,52,15,37,108,94,14,32.5,9.375,23.125,67.5,58.75,8.75
E00159753,162,44,16,28,118,109,9,27.160493827160494,9.876543209876543,17.28395061728395,72.8395061728395,67.28395061728395,5.555555555555555
E00159754,137,43,15,28,94,81,13,31.386861313868614,10.948905109489052,20.437956204379564,68.61313868613139,59.12408759124088,9.48905109489051
E00159755,212,58,15,43,154,136,18,27.358490566037734,7.0754716981132075,20.28301886792453,72.64150943396226,64.15094339622641,8.49056603773585
E00159756,169,41,16,25,128,115,13,24.2603550295858,9.467455621301776,14.792899408284024,75.7396449704142,68.04733727810651,7.6923076923076925
E00159757,170,57,20,37,113,98,15,33.52941176470588,11.76470588235294,21.764705882352942,66.47058823529412,57.647058823529406,8.823529411764707
E00159758,121,34,11,23,87,76,11,28.09917355371901,9.090909090909092,19.00826446280992,71.900826446281,62.8099173553719,9.090909090909092
E00159760,119,32,17,15,87,75,12,26.89075630252101,14.285714285714285,12.605042016806722,73.10924369747899,63.02521008403361,10.084033613445378
E00159761,151,35,13,22,116,106,10,23.178807947019866,8.609271523178808,14.56953642384106,76.82119205298014,70.19867549668875,6.622516556291391
E00159762,141,42,16,26,99,92,7,29.78723404255319,11.347517730496454,18.439716312056735,70.2127659574468,65.24822695035462,4.964539007092199
E00159763,154,40,9,31,114,104,10,25.97402597402597,5.844155844155844,20.12987012987013,74.02597402597402,67.53246753246754,6.493506493506493
E00159764,173,48,29,19,125,102,23,27.74566473988439,16.76300578034682,10.982658959537572,72.25433526011561,58.95953757225434,13.294797687861271
E00159765,183,45,19,26,138,115,23,24.59016393442623,10.382513661202186,14.207650273224044,75.40983606557377,62.841530054644814,12.568306010928962
E00159766,170,36,9,27,134,123,11,21.176470588235293,5.294117647058823,15.88235294117647,78.82352941176471,72.35294117647058,6.470588235294119
E00159767,175,51,19,32,124,113,11,29.142857142857142,10.857142857142858,18.285714285714285,70.85714285714285,64.57142857142857,6.2857142857142865
E00159769,163,43,13,30,120,115,5,26.380368098159508,7.975460122699387,18.404907975460123,73.61963190184049,70.5521472392638,3.067484662576687
E00159770,156,38,17,21,118,102,16,24.358974358974358,10.897435897435898,13.461538461538462,75.64102564102564,65.38461538461539,10.256410256410255
E00159771,145,41,15,26,104,90,14,28.27586206896552,10.344827586206897,17.93103448275862,71.72413793103448,62.06896551724138,9.655172413793103
E00159772,131,37,9,28,94,84,10,28.24427480916031,6.870229007633588,21.374045801526716,71.7557251908397,64.12213740458014,7.633587786259542
E00159773,188,55,19,36,133,124,9,29.25531914893617,10.106382978723403,19.148936170212767,70.74468085106383,65.95744680851064,4.787234042553192
E00159774,130,36,15,21,94,79,15,27.692307692307693,11.538461538461538,16.153846153846153,72.3076923076923,60.76923076923077,11.538461538461538
E00159775,156,33,18,15,123,98,25,21.153846153846153,11.538461538461538,9.615384615384617,78.84615384615384,62.82051282051282,16.025641025641026
E00159776,163,44,21,23,119,100,19,26.993865030674847,12.883435582822086,14.11042944785276,73.00613496932516,61.34969325153374,11.65644171779141
E00159777,136,38,17,21,98,75,23,27.941176470588236,12.5,15.441176470588236,72.05882352941177,55.14705882352941,16.911764705882355
E00159778,154,48,31,17,106,89,17,31.16883116883117,20.12987012987013,11.03896103896104,68.83116883116884,57.7922077922078,11.03896103896104
E00159779,132,28,11,17,104,92,12,21.21212121212121,8.333333333333332,12.878787878787879,78.78787878787878,69.6969696969697,9.090909090909092
E00159780,123,36,25,11,87,74,13,29.268292682926827,20.32520325203252,8.94308943089431,70.73170731707317,60.16260162601627,10.569105691056912
E00159781,157,34,13,21,123,106,17,21.656050955414013,8.280254777070063,13.375796178343949,78.343949044586,67.51592356687898,10.828025477707007
E00159782,189,68,41,27,121,97,24,35.978835978835974,21.693121693121693,14.285714285714285,64.02116402116403,51.32275132275132,12.698412698412698
E00159783,138,45,12,33,93,80,13,32.608695652173914,8.695652173913043,23.91304347826087,67.3913043478261,57.971014492753625,9.420289855072465
E00159784,134,30,12,18,104,83,21,22.388059701492537,8.955223880597014,13.432835820895523,77.61194029850746,61.940298507462686,15.671641791044777
E00159785,142,33,10,23,109,92,17,23.239436619718308,7.042253521126761,16.19718309859155,76.76056338028168,64.7887323943662,11.971830985915492
E00159786,102,30,18,12,72,60,12,29.411764705882355,17.647058823529413,11.76470588235294,70.58823529411765,58.82352941176471,11.76470588235294
E00159787,186,58,20,38,128,119,9,31.182795698924732,10.75268817204301,20.43010752688172,68.81720430107528,63.97849462365591,4.838709677419355
E00159788,107,26,8,18,81,71,10,24.299065420560748,7.476635514018691,16.822429906542055,75.70093457943925,66.35514018691589,9.345794392523365
E00159789,190,54,19,35,136,126,10,28.421052631578945,10,18.421052631578945,71.57894736842105,66.3157894736842,5.263157894736842
E00172302,89,19,13,6,70,55,15,21.34831460674157,14.606741573033707,6.741573033707865,78.65168539325843,61.79775280898876,16.853932584269664
E00172303,115,34,23,11,81,68,13,29.565217391304348,20,9.565217391304348,70.43478260869566,59.130434782608695,11.304347826086957
E00172304,227,58,16,42,169,155,14,25.55066079295154,7.048458149779736,18.502202643171806,74.44933920704845,68.28193832599119,6.167400881057269
E00172305,137,32,11,21,105,92,13,23.357664233576642,8.02919708029197,15.328467153284672,76.64233576642336,67.15328467153284,9.48905109489051
E00172307,103,28,12,16,75,64,11,27.184466019417474,11.650485436893204,15.53398058252427,72.81553398058253,62.13592233009708,10.679611650485436
E00172308,229,44,14,30,185,154,31,19.213973799126638,6.11353711790393,13.100436681222707,80.78602620087337,67.24890829694323,13.537117903930133
E00172309,165,26,8,18,139,120,19,15.757575757575756,4.848484848484849,10.909090909090908,84.24242424242424,72.72727272727273,11.515151515151516
E00172310,125,42,15,27,83,74,9,33.6,12,21.6,66.4,59.199999999999996,7.199999999999999
E00172311,154,32,12,20,122,112,10,20.77922077922078,7.792207792207792,12.987012987012985,79.22077922077922,72.72727272727273,6.493506493506493
E00172312,211,57,21,36,154,132,22,27.014218009478675,9.95260663507109,17.061611374407583,72.98578199052133,62.55924170616114,10.42654028436019
E00172313,171,58,24,34,113,98,15,33.91812865497076,14.035087719298245,19.883040935672515,66.08187134502924,57.30994152046783,8.771929824561402
E00172314,89,24,7,17,65,54,11,26.96629213483146,7.865168539325842,19.101123595505616,73.03370786516854,60.67415730337079,12.359550561797752
E00172315,156,35,8,27,121,101,20,22.435897435897438,5.128205128205128,17.307692307692307,77.56410256410257,64.74358974358975,12.82051282051282
E00172316,109,24,4,20,85,74,11,22.018348623853214,3.669724770642202,18.34862385321101,77.98165137614679,67.88990825688074,10.091743119266056
E00172317,146,29,9,20,117,104,13,19.863013698630137,6.164383561643835,13.698630136986301,80.13698630136986,71.23287671232876,8.904109589041095
E00172318,171,19,9,10,152,134,18,11.11111111111111,5.263157894736842,5.847953216374268,88.88888888888889,78.3625730994152,10.526315789473683
E00172319,107,35,23,12,72,59,13,32.71028037383177,21.49532710280374,11.214953271028037,67.28971962616822,55.140186915887845,12.149532710280374
E00172320,132,18,4,14,114,90,24,13.636363636363635,3.0303030303030303,10.606060606060606,86.36363636363636,68.18181818181817,18.181818181818183
E00172321,51,15,5,10,36,31,5,29.411764705882355,9.803921568627452,19.607843137254903,70.58823529411765,60.78431372549019,9.803921568627452
E00172322,160,39,10,29,121,108,13,24.375,6.25,18.125,75.625,67.5,8.125
E00172323,167,38,10,28,129,103,26,22.75449101796407,5.9880239520958085,16.766467065868262,77.24550898203593,61.67664670658682,15.568862275449103
E00172324,177,44,13,31,133,114,19,24.858757062146893,7.344632768361582,17.51412429378531,75.14124293785311,64.40677966101694,10.734463276836157
E00172325,296,52,17,35,244,212,32,17.56756756756757,5.743243243243244,11.824324324324325,82.43243243243244,71.62162162162163,10.81081081081081
E00172326,176,21,6,15,155,137,18,11.931818181818182,3.4090909090909087,8.522727272727272,88.06818181818183,77.8409090909091,10.227272727272728
E00172327,195,42,11,31,153,123,30,21.53846153846154,5.641025641025641,15.897435897435896,78.46153846153847,63.07692307692307,15.384615384615385
E00172328,153,46,15,31,107,82,25,30.065359477124183,9.803921568627452,20.26143790849673,69.93464052287581,53.59477124183007,16.33986928104575
E00172329,160,33,13,20,127,109,18,20.625,8.125,12.5,79.375,68.125,11.25
E00172330,161,38,14,24,123,96,27,23.60248447204969,8.695652173913043,14.906832298136646,76.3975155279503,59.62732919254658,16.77018633540373
E00172331,155,41,15,26,114,98,16,26.451612903225808,9.67741935483871,16.7741935483871,73.54838709677419,63.2258064516129,10.32258064516129
E00172332,155,43,17,26,112,90,22,27.741935483870968,10.967741935483872,16.7741935483871,72.25806451612902,58.06451612903226,14.193548387096774
E00172333,159,36,11,25,123,89,34,22.641509433962266,6.918238993710692,15.723270440251572,77.35849056603774,55.9748427672956,21.38364779874214
E00172334,181,42,15,27,139,113,26,23.204419889502763,8.287292817679557,14.917127071823206,76.79558011049724,62.430939226519335,14.3646408839779
E00172335,195,45,17,28,150,131,19,23.076923076923077,8.717948717948717,14.358974358974358,76.92307692307693,67.17948717948717,9.7435897435897445
E00172336,146,38,11,27,108,101,7,26.027397260273972,7.534246575342466,18.493150684931507,73.97260273972603,69.17808219178082,4.794520547945205
E00186839,283,70,20,50,213,169,44,24.73498233215548,7.06713780918728,17.6678445229682,75.26501766784452,59.717314487632514,15.547703180212014
E00186845,187,63,28,35,124,107,17,33.68983957219251,14.973262032085561,18.71657754010695,66.31016042780749,57.21925133689839,9.090909090909092
E00186846,481,243,179,64,238,194,44,50.51975051975052,37.21413721413722,13.305613305613306,49.48024948024948,40.33264033264034,9.147609147609149
E00186847,338,74,30,44,264,225,39,21.893491124260358,8.875739644970414,13.017751479289942,78.10650887573965,66.5680473372781,11.538461538461538
E00186864,137,45,13,32,92,80,12,32.846715328467155,9.48905109489051,23.357664233576642,67.15328467153284,58.3941605839416,8.75912408759124
E00186865,165,45,11,34,120,107,13,27.27272727272727,6.666666666666667,20.606060606060606,72.72727272727273,64.84848484848484,7.878787878787878
E00186867,151,33,14,19,118,104,14,21.85430463576159,9.271523178807946,12.582781456953644,78.1456953642384,68.87417218543047,9.271523178807946
E00186870,94,25,13,12,69,62,7,26.595744680851062,13.829787234042554,12.76595744680851,73.40425531914893,65.95744680851064,7.446808510638298
E00186875,227,53,13,40,174,160,14,23.348017621145374,5.726872246696035,17.62114537444934,76.65198237885463,70.48458149779736,6.167400881057269
E00186877,176,59,29,30,117,90,27,33.52272727272727,16.477272727272727,17.045454545454543,66.47727272727273,51.13636363636363,15.340909090909092
E00186881,299,74,24,50,225,199,26,24.74916387959866,8.02675585284281,16.722408026755854,75.25083612040135,66.5551839464883,8.695652173913043
E00186883,20,8,2,6,12,10,2,40,10,30,60,50,10
E00186884,144,25,7,18,119,105,14,17.36111111111111,4.861111111111112,12.5,82.63888888888889,72.91666666666666,9.722222222222223
E00186885,274,61,16,45,213,186,27,22.26277372262774,5.839416058394161,16.423357664233578,77.73722627737226,67.88321167883211,9.854014598540147
E00186890,291,58,20,38,233,191,42,19.93127147766323,6.872852233676976,13.058419243986256,80.06872852233677,65.63573883161511,14.432989690721648
E00186893,124,36,6,30,88,80,8,29.03225806451613,4.838709677419355,24.193548387096776,70.96774193548387,64.51612903225806,6.451612903225806
E00186895,145,44,18,26,101,85,16,30.344827586206897,12.413793103448276,17.93103448275862,69.6551724137931,58.620689655172406,11.03448275862069
E00186901,48,17,10,7,31,23,8,35.41666666666667,20.833333333333336,14.583333333333334,64.58333333333334,47.91666666666667,16.666666666666664
E00186904,159,30,6,24,129,111,18,18.867924528301888,3.7735849056603774,15.09433962264151,81.13207547169812,69.81132075471697,11.320754716981133
E00186905,229,50,8,42,179,150,29,21.83406113537118,3.4934497816593884,18.340611353711793,78.16593886462883,65.50218340611353,12.663755458515283
E00186909,304,75,18,57,229,195,34,24.671052631578945,5.921052631578947,18.75,75.32894736842105,64.14473684210526,11.18421052631579
E00186915,161,44,8,36,117,94,23,27.32919254658385,4.968944099378882,22.36024844720497,72.67080745341616,58.38509316770186,14.285714285714285
E00186918,76,18,8,10,58,45,13,23.684210526315788,10.526315789473683,13.157894736842104,76.31578947368422,59.210526315789465,17.105263157894736
E00186923,323,62,24,38,261,221,40,19.195046439628484,7.430340557275541,11.76470588235294,80.80495356037152,68.42105263157895,12.38390092879257
E00186925,118,30,10,20,88,70,18,25.423728813559322,8.47457627118644,16.94915254237288,74.57627118644068,59.32203389830508,15.254237288135593
E00186927,184,17,6,11,167,136,31,9.239130434782608,3.260869565217391,5.978260869565218,90.76086956521739,73.91304347826086,16.847826086956523
E00186928,66,17,6,11,49,44,5,25.757575757575758,9.090909090909092,16.666666666666664,74.24242424242425,66.66666666666666,7.575757575757576
E00186933,332,69,21,48,263,233,30,20.783132530120483,6.325301204819277,14.457831325301203,79.21686746987952,70.18072289156626,9.036144578313253
E00186935,136,22,13,9,114,95,19,16.176470588235293,9.558823529411764,6.61764705882353,83.82352941176471,69.85294117647058,13.970588235294118
E00186940,300,64,19,45,236,204,32,21.333333333333336,6.333333333333334,15,78.66666666666666,68,10.666666666666668
E00186944,144,44,20,24,100,88,12,30.555555555555557,13.88888888888889,16.666666666666664,69.44444444444444,61.111111111111114,8.333333333333332
E00186945,52,16,4,12,36,27,9,30.76923076923077,7.6923076923076925,23.076923076923077,69.23076923076923,51.92307692307693,17.307692307692307
E00186946,58,21,7,14,37,30,7,36.206896551724135,12.068965517241379,24.137931034482758,63.793103448275865,51.724137931034484,12.068965517241379
E00186948,11,1,0,1,10,9,1,9.090909090909092,0,9.090909090909092,90.9090909090909,81.81818181818183,9.090909090909092
E00186954,62,14,3,11,48,43,5,22.58064516129032,4.838709677419355,17.741935483870968,77.41935483870968,69.35483870967742,8.064516129032258
E00186962,180,52,23,29,128,118,10,28.888888888888886,12.777777777777777,16.11111111111111,71.11111111111111,65.55555555555556,5.555555555555555
E00186964,52,14,4,10,38,36,2,26.923076923076923,7.6923076923076925,19.230769230769234,73.07692307692307,69.23076923076923,3.8461538461538463
E00186977,341,73,23,50,268,219,49,21.407624633431084,6.744868035190615,14.66275659824047,78.59237536656892,64.22287390029325,14.369501466275661
E00186978,113,31,14,17,82,75,7,27.43362831858407,12.389380530973451,15.04424778761062,72.56637168141593,66.3716814159292,6.1946902654867255
E00186980,90,27,7,20,63,49,14,30,7.777777777777778,22.22222222222222,70,54.44444444444444,15.555555555555555
E00186989,142,43,19,24,99,81,18,30.28169014084507,13.380281690140844,16.901408450704224,69.71830985915493,57.04225352112676,12.676056338028168
E00186993,219,38,11,27,181,143,38,17.35159817351598,5.0228310502283104,12.32876712328767,82.64840182648402,65.29680365296804,17.35159817351598
E00186994,140,37,14,23,103,82,21,26.42857142857143,10,16.428571428571427,73.57142857142858,58.57142857142858,15
E00186997,143,44,13,31,99,88,11,30.76923076923077,9.090909090909092,21.678321678321677,69.23076923076923,61.53846153846154,7.6923076923076925
E00187013,255,68,26,42,187,159,28,26.666666666666668,10.196078431372548,16.470588235294116,73.33333333333333,62.35294117647059,10.980392156862745
E00187014,289,58,16,42,231,193,38,20.069204152249135,5.536332179930796,14.53287197231834,79.93079584775087,66.78200692041523,13.148788927335639
E00187015,164,45,24,21,119,104,15,27.439024390243905,14.634146341463413,12.804878048780488,72.5609756097561,63.41463414634146,9.146341463414634
E00187018,197,61,24,37,136,115,21,30.96446700507614,12.18274111675127,18.781725888324875,69.03553299492386,58.37563451776649,10.65989847715736
