OA,ts0590001,ts0590002,ts0590003,ts0590004,ts0590005,ts0590006,ts0590007,ts0590002_PCT,ts0590003_PCT,ts0590004_PCT,ts0590005_PCT,ts0590006_PCT,ts0590007_PCT
E00122064,167,56,26,30,111,88,23,33.532934131736525,15.568862275449103,17.964071856287426,66.46706586826348,52.69461077844312,13.77245508982036
E00122065,191,78,34,44,113,80,33,40.83769633507853,17.801047120418847,23.036649214659686,59.16230366492147,41.8848167539267,17.277486910994764
E00122066,116,34,16,18,82,55,27,29.310344827586203,13.793103448275861,15.517241379310345,70.6896551724138,47.41379310344828,23.275862068965516
E00122067,145,56,20,36,89,76,13,38.62068965517241,13.793103448275861,24.82758620689655,61.37931034482759,52.41379310344828,8.96551724137931
E00122068,57,18,7,11,39,30,9,31.57894736842105,12.280701754385964,19.298245614035086,68.42105263157895,52.63157894736842,15.789473684210526
E00122069,119,33,16,17,86,59,27,27.73109243697479,13.445378151260504,14.285714285714285,72.26890756302521,49.57983193277311,22.689075630252102
E00122070,131,39,17,22,92,63,29,29.770992366412212,12.977099236641221,16.793893129770993,70.22900763358778,48.091603053435115,22.137404580152673
E00122071,97,39,20,19,58,46,12,40.20618556701031,20.618556701030926,19.587628865979383,59.79381443298969,47.42268041237113,12.371134020618557
E00122072,101,36,17,19,65,54,11,35.64356435643564,16.831683168316832,18.81188118811881,64.35643564356435,53.46534653465347,10.891089108910892
E00122073,172,44,17,27,128,104,24,25.581395348837212,9.883720930232558,15.69767441860465,74.4186046511628,60.46511627906976,13.953488372093023
E00122074,178,40,10,30,138,106,32,22.47191011235955,5.617977528089887,16.853932584269664,77.52808988764045,59.55056179775281,17.97752808988764
E00122075,122,47,21,26,75,64,11,38.52459016393443,17.21311475409836,21.311475409836063,61.47540983606557,52.459016393442624,9.01639344262295
E00122077,115,64,35,29,51,46,5,55.65217391304348,30.434782608695656,25.217391304347824,44.34782608695652,40,4.3478260869565215
E00122078,123,40,13,27,83,71,12,32.52032520325203,10.569105691056912,21.951219512195124,67.47967479674797,57.72357723577236,9.75609756097561
E00122080,148,58,27,31,90,82,8,39.189189189189186,18.243243243243242,20.945945945945947,60.810810810810814,55.4054054054054,5.405405405405405
E00122083,141,46,16,30,95,85,10,32.62411347517731,11.347517730496454,21.27659574468085,67.37588652482269,60.28368794326241,7.092198581560284
E00122084,140,39,14,25,101,93,8,27.857142857142858,10,17.857142857142858,72.14285714285714,66.42857142857143,5.714285714285714
E00122085,224,88,40,48,136,115,21,39.285714285714285,17.857142857142858,21.428571428571427,60.71428571428571,51.33928571428571,9.375
E00122086,129,44,14,30,85,75,10,34.10852713178294,10.852713178294573,23.25581395348837,65.89147286821705,58.139534883720934,7.751937984496124
E00122087,148,58,28,30,90,71,19,39.189189189189186,18.91891891891892,20.27027027027027,60.810810810810814,47.97297297297297,12.837837837837837
E00122088,141,42,12,30,99,81,18,29.78723404255319,8.51063829787234,21.27659574468085,70.2127659574468,57.446808510638306,12.76595744680851
E00122089,152,40,21,19,112,97,15,26.31578947368421,13.815789473684212,12.5,73.68421052631578,63.81578947368421,9.868421052631579
E00122090,121,45,20,25,76,65,11,37.1900826446281,16.528925619834713,20.66115702479339,62.8099173553719,53.71900826446281,9.090909090909092
E00122091,123,31,12,19,92,82,10,25.203252032520325,9.75609756097561,15.447154471544716,74.79674796747967,66.66666666666666,8.130081300813007
E00122092,147,38,8,30,109,86,23,25.850340136054424,5.442176870748299,20.408163265306122,74.14965986394559,58.50340136054422,15.646258503401361
E00122093,133,47,21,26,86,65,21,35.338345864661655,15.789473684210526,19.548872180451127,64.66165413533834,48.87218045112782,15.789473684210526
E00122094,144,42,13,29,102,80,22,29.166666666666668,9.027777777777777,20.13888888888889,70.83333333333334,55.55555555555556,15.277777777777779
E00122095,214,66,28,38,148,122,26,30.8411214953271,13.084112149532709,17.75700934579439,69.1588785046729,57.009345794392516,12.149532710280374
E00122096,121,39,16,23,82,59,23,32.231404958677686,13.223140495867769,19.00826446280992,67.76859504132231,48.760330578512395,19.00826446280992
E00122097,181,77,38,39,104,94,10,42.5414364640884,20.994475138121548,21.54696132596685,57.4585635359116,51.93370165745856,5.524861878453039
E00122098,94,49,18,31,45,38,7,52.12765957446809,19.148936170212767,32.97872340425532,47.87234042553192,40.42553191489361,7.446808510638298
E00122099,101,44,9,35,57,48,9,43.56435643564357,8.91089108910891,34.65346534653465,56.43564356435643,47.524752475247524,8.91089108910891
E00122100,107,59,17,42,48,44,4,55.140186915887845,15.887850467289718,39.25233644859813,44.85981308411215,41.1214953271028,3.7383177570093453
E00122101,184,96,54,42,88,78,10,52.17391304347826,29.347826086956523,22.82608695652174,47.82608695652174,42.391304347826086,5.434782608695652
E00122102,109,27,9,18,82,63,19,24.770642201834864,8.256880733944955,16.51376146788991,75.22935779816514,57.798165137614674,17.431192660550458
E00122103,149,47,20,27,102,74,28,31.543624161073826,13.422818791946309,18.120805369127517,68.45637583892618,49.664429530201346,18.79194630872483
E00122105,146,47,23,24,99,82,17,32.19178082191781,15.753424657534246,16.43835616438356,67.8082191780822,56.16438356164384,11.643835616438356
E00122106,148,48,24,24,100,79,21,32.432432432432435,16.216216216216218,16.216216216216218,67.56756756756756,53.37837837837838,14.18918918918919
E00122107,170,44,18,26,126,97,29,25.882352941176475,10.588235294117647,15.294117647058824,74.11764705882354,57.05882352941176,17.058823529411764
E00122110,84,32,15,17,52,40,12,38.095238095238095,17.857142857142858,20.238095238095237,61.904761904761905,47.61904761904761,14.285714285714285
E00122111,101,41,12,29,60,51,9,40.5940594059406,11.881188118811881,28.71287128712871,59.4059405940594,50.495049504950494,8.91089108910891
E00122112,166,62,21,41,104,88,16,37.34939759036144,12.650602409638553,24.69879518072289,62.65060240963856,53.01204819277109,9.63855421686747
E00122114,170,49,18,31,121,94,27,28.823529411764703,10.588235294117647,18.235294117647058,71.17647058823529,55.294117647058826,15.88235294117647
E00122115,167,63,30,33,104,86,18,37.72455089820359,17.964071856287426,19.760479041916167,62.27544910179641,51.49700598802395,10.778443113772456
E00122116,153,54,19,35,99,80,19,35.294117647058826,12.418300653594772,22.875816993464053,64.70588235294117,52.28758169934641,12.418300653594772
E00122117,143,46,16,30,97,77,20,32.16783216783217,11.188811188811188,20.97902097902098,67.83216783216784,53.84615384615385,13.986013986013987
E00122118,169,50,15,35,119,94,25,29.585798816568047,8.875739644970414,20.710059171597635,70.41420118343196,55.62130177514793,14.792899408284024
E00122119,84,28,14,14,56,42,14,33.33333333333333,16.666666666666664,16.666666666666664,66.66666666666666,50,16.666666666666664
E00122120,121,41,15,26,80,63,17,33.88429752066116,12.396694214876034,21.487603305785125,66.11570247933885,52.066115702479344,14.049586776859504
E00122121,176,60,22,38,116,81,35,34.090909090909086,12.5,21.59090909090909,65.9090909090909,46.02272727272727,19.886363636363637
E00122122,92,30,11,19,62,50,12,32.608695652173914,11.956521739130435,20.652173913043477,67.3913043478261,54.347826086956516,13.043478260869565
E00122123,138,41,16,25,97,64,33,29.71014492753623,11.594202898550725,18.115942028985508,70.28985507246377,46.3768115942029,23.91304347826087
E00122124,145,56,18,38,89,81,8,38.62068965517241,12.413793103448276,26.20689655172414,61.37931034482759,55.86206896551724,5.517241379310345
E00122125,176,52,27,25,124,88,36,29.545454545454547,15.340909090909092,14.204545454545455,70.45454545454545,50,20.454545454545457
E00122126,142,42,13,29,100,82,18,29.577464788732392,9.15492957746479,20.422535211267608,70.4225352112676,57.74647887323944,12.676056338028168
E00122127,195,63,20,43,132,99,33,32.30769230769231,10.256410256410255,22.05128205128205,67.6923076923077,50.76923076923077,16.923076923076923
E00122128,211,72,33,39,139,99,40,34.12322274881517,15.639810426540285,18.48341232227488,65.87677725118483,46.91943127962085,18.95734597156398
E00122129,132,45,13,32,87,75,12,34.090909090909086,9.848484848484848,24.242424242424242,65.9090909090909,56.81818181818182,9.090909090909092
E00122130,145,59,19,40,86,68,18,40.689655172413794,13.10344827586207,27.586206896551722,59.310344827586206,46.89655172413793,12.413793103448276
E00122131,143,47,9,38,96,83,13,32.86713286713287,6.293706293706294,26.573426573426573,67.13286713286713,58.04195804195804,9.090909090909092
E00122132,164,55,20,35,109,95,14,33.53658536585366,12.195121951219512,21.341463414634145,66.46341463414635,57.92682926829268,8.536585365853659
E00122133,113,35,16,19,78,58,20,30.973451327433626,14.15929203539823,16.8141592920354,69.02654867256636,51.32743362831859,17.699115044247787
E00122134,185,68,25,43,117,99,18,36.75675675675676,13.513513513513514,23.243243243243246,63.24324324324324,53.51351351351351,9.72972972972973
E00122135,126,35,14,21,91,71,20,27.77777777777778,11.11111111111111,16.666666666666664,72.22222222222221,56.34920634920635,15.873015873015872
E00122136,144,58,22,36,86,73,13,40.27777777777778,15.277777777777779,25,59.72222222222222,50.69444444444444,9.027777777777777
E00122137,98,40,15,25,58,42,16,40.816326530612244,15.306122448979592,25.510204081632654,59.183673469387756,42.857142857142854,16.3265306122449
E00122138,82,37,11,26,45,38,7,45.1219512195122,13.414634146341465,31.70731707317073,54.87804878048781,46.34146341463415,8.536585365853659
E00122139,86,27,12,15,59,45,14,31.3953488372093,13.953488372093023,17.441860465116278,68.6046511627907,52.32558139534884,16.27906976744186
E00122140,46,15,7,8,31,28,3,32.608695652173914,15.217391304347828,17.391304347826086,67.3913043478261,60.86956521739131,6.521739130434782
E00122141,136,45,19,26,91,75,16,33.088235294117645,13.970588235294118,19.11764705882353,66.91176470588235,55.14705882352941,11.76470588235294
E00122142,66,25,7,18,41,33,8,37.878787878787875,10.606060606060606,27.27272727272727,62.121212121212125,50,12.121212121212121
E00122143,107,38,19,19,69,58,11,35.51401869158878,17.75700934579439,17.75700934579439,64.48598130841121,54.20560747663551,10.2803738317757
E00122144,132,45,19,26,87,71,16,34.090909090909086,14.393939393939394,19.696969696969695,65.9090909090909,53.78787878787878,12.121212121212121
E00122145,128,52,25,27,76,65,11,40.625,19.53125,21.09375,59.375,50.78125,8.59375
E00122146,119,45,12,33,74,56,18,37.81512605042017,10.084033613445378,27.73109243697479,62.18487394957983,47.05882352941176,15.126050420168067
E00122147,155,59,25,34,96,61,35,38.064516129032256,16.129032258064516,21.935483870967744,61.935483870967744,39.35483870967742,22.58064516129032
E00122148,102,32,16,16,70,53,17,31.372549019607842,15.686274509803921,15.686274509803921,68.62745098039215,51.9607843137255,16.666666666666664
E00122149,101,37,12,25,64,52,12,36.633663366336634,11.881188118811881,24.752475247524753,63.366336633663366,51.48514851485149,11.881188118811881
E00122150,71,19,5,14,52,43,9,26.76056338028169,7.042253521126761,19.718309859154928,73.23943661971832,60.56338028169014,12.676056338028168
E00122151,99,41,24,17,58,45,13,41.41414141414141,24.242424242424242,17.17171717171717,58.58585858585859,45.45454545454545,13.131313131313133
E00122152,141,42,13,29,99,83,16,29.78723404255319,9.219858156028367,20.56737588652482,70.2127659574468,58.86524822695035,11.347517730496454
E00122153,124,44,22,22,80,61,19,35.483870967741936,17.741935483870968,17.741935483870968,64.51612903225806,49.193548387096776,15.32258064516129
E00122154,121,35,17,18,86,70,16,28.92561983471074,14.049586776859504,14.87603305785124,71.07438016528926,57.85123966942148,13.223140495867769
E00122155,106,39,17,22,67,51,16,36.79245283018868,16.037735849056602,20.754716981132077,63.20754716981132,48.113207547169814,15.09433962264151
E00122156,163,60,22,38,103,80,23,36.809815950920246,13.496932515337424,23.31288343558282,63.190184049079754,49.079754601226995,14.11042944785276
E00122157,163,51,25,26,112,87,25,31.28834355828221,15.337423312883436,15.950920245398773,68.71165644171779,53.37423312883436,15.337423312883436
E00122158,171,52,25,27,119,104,15,30.409356725146196,14.619883040935672,15.789473684210526,69.5906432748538,60.81871345029239,8.771929824561402
E00122159,80,23,9,14,57,43,14,28.749999999999996,11.25,17.5,71.25,53.75,17.5
E00122160,92,28,8,20,64,56,8,30.434782608695656,8.695652173913043,21.73913043478261,69.56521739130434,60.86956521739131,8.695652173913043
E00122161,147,56,16,40,91,76,15,38.095238095238095,10.884353741496598,27.2108843537415,61.904761904761905,51.70068027210885,10.204081632653061
E00122162,160,61,21,40,99,89,10,38.125,13.125,25,61.875,55.625,6.25
E00122163,146,49,19,30,97,85,12,33.56164383561644,13.013698630136986,20.54794520547945,66.43835616438356,58.21917808219178,8.21917808219178
E00122164,161,57,16,41,104,88,16,35.40372670807454,9.937888198757763,25.465838509316768,64.59627329192547,54.6583850931677,9.937888198757763
E00122165,106,29,7,22,77,61,16,27.358490566037734,6.60377358490566,20.754716981132077,72.64150943396226,57.54716981132076,15.09433962264151
E00122166,128,54,14,40,74,59,15,42.1875,10.9375,31.25,57.8125,46.09375,11.71875
E00122167,143,56,15,41,87,72,15,39.16083916083916,10.48951048951049,28.671328671328673,60.83916083916085,50.349650349650354,10.48951048951049
E00122169,148,64,23,41,84,68,16,43.24324324324324,15.54054054054054,27.7027027027027,56.75675675675676,45.94594594594595,10.81081081081081
E00122170,156,52,21,31,104,87,17,33.33333333333333,13.461538461538462,19.871794871794872,66.66666666666666,55.769230769230774,10.897435897435898
E00122171,123,50,15,35,73,63,10,40.65040650406504,12.195121951219512,28.455284552845526,59.34959349593496,51.21951219512195,8.130081300813007
E00122172,153,50,26,24,103,80,23,32.6797385620915,16.99346405228758,15.686274509803921,67.3202614379085,52.28758169934641,15.032679738562091
E00122173,138,44,17,27,94,85,9,31.88405797101449,12.318840579710146,19.565217391304348,68.11594202898551,61.59420289855072,6.521739130434782
E00122174,160,60,15,45,100,84,16,37.5,9.375,28.125,62.5,52.5,10
E00122175,143,50,19,31,93,83,10,34.96503496503497,13.286713286713287,21.678321678321677,65.03496503496503,58.04195804195804,6.993006993006993
E00122176,125,43,18,25,82,73,9,34.4,14.399999999999999,20,65.60000000000001,58.4,7.199999999999999
E00122177,124,53,20,33,71,61,10,42.74193548387097,16.129032258064516,26.61290322580645,57.25806451612904,49.193548387096776,8.064516129032258
E00122178,144,51,21,30,93,77,16,35.41666666666667,14.583333333333334,20.833333333333336,64.58333333333334,53.47222222222222,11.11111111111111
E00122179,163,50,14,36,113,96,17,30.67484662576687,8.588957055214724,22.085889570552148,69.32515337423312,58.895705521472394,10.429447852760736
E00122180,197,84,32,52,113,94,19,42.63959390862944,16.243654822335024,26.39593908629442,57.360406091370564,47.71573604060914,9.644670050761421
E00122181,144,40,11,29,104,87,17,27.77777777777778,7.638888888888889,20.13888888888889,72.22222222222221,60.416666666666664,11.805555555555555
E00122182,153,42,13,29,111,96,15,27.450980392156865,8.49673202614379,18.954248366013072,72.54901960784314,62.745098039215684,9.803921568627452
E00122183,136,45,8,37,91,69,22,33.088235294117645,5.88235294117647,27.205882352941174,66.91176470588235,50.73529411764706,16.176470588235293
E00122184,106,39,11,28,67,59,8,36.79245283018868,10.377358490566039,26.41509433962264,63.20754716981132,55.660377358490564,7.547169811320755
E00122185,147,50,17,33,97,86,11,34.01360544217687,11.564625850340136,22.448979591836736,65.98639455782312,58.50340136054422,7.482993197278912
E00122186,75,34,17,17,41,38,3,45.33333333333333,22.666666666666664,22.666666666666664,54.666666666666664,50.66666666666667,4
E00122188,199,68,19,49,131,106,25,34.17085427135678,9.547738693467336,24.623115577889447,65.82914572864321,53.266331658291456,12.562814070351758
E00122189,98,25,8,17,73,58,15,25.510204081632654,8.16326530612245,17.346938775510203,74.48979591836735,59.183673469387756,15.306122448979592
E00122191,204,78,25,53,126,101,25,38.23529411764706,12.254901960784313,25.98039215686275,61.76470588235294,49.50980392156863,12.254901960784313
E00122192,57,18,8,10,39,29,10,31.57894736842105,14.035087719298245,17.543859649122805,68.42105263157895,50.877192982456144,17.543859649122805
E00122193,175,49,21,28,126,89,37,28.000000000000004,12,16,72,50.857142857142854,21.142857142857142
E00122194,132,41,17,24,91,68,23,31.060606060606062,12.878787878787879,18.181818181818183,68.93939393939394,51.515151515151516,17.424242424242426
E00122195,187,54,26,28,133,100,33,28.87700534759358,13.903743315508022,14.973262032085561,71.12299465240642,53.475935828877006,17.647058823529413
E00122196,191,57,25,32,134,91,43,29.84293193717277,13.089005235602095,16.75392670157068,70.15706806282722,47.64397905759162,22.5130890052356
E00122197,100,41,19,22,59,42,17,41,19,22,59,42,17
E00122198,129,36,14,22,93,75,18,27.906976744186046,10.852713178294573,17.05426356589147,72.09302325581395,58.139534883720934,13.953488372093023
E00122199,122,34,12,22,88,72,16,27.86885245901639,9.836065573770492,18.0327868852459,72.1311475409836,59.01639344262295,13.114754098360656
E00122200,109,35,15,20,74,59,15,32.11009174311927,13.761467889908257,18.34862385321101,67.88990825688074,54.12844036697248,13.761467889908257
E00122201,89,27,10,17,62,45,17,30.337078651685395,11.235955056179774,19.101123595505616,69.66292134831461,50.56179775280899,19.101123595505616
E00122202,135,45,22,23,90,79,11,33.33333333333333,16.296296296296298,17.037037037037038,66.66666666666666,58.51851851851851,8.148148148148149
E00122203,78,33,11,22,45,33,12,42.30769230769231,14.102564102564102,28.205128205128204,57.692307692307686,42.30769230769231,15.384615384615385
E00122204,165,62,24,38,103,77,26,37.57575757575757,14.545454545454545,23.03030303030303,62.42424242424243,46.666666666666664,15.757575757575756
E00122205,130,53,17,36,77,67,10,40.76923076923077,13.076923076923078,27.692307692307693,59.23076923076923,51.53846153846153,7.6923076923076925
E00122206,108,50,19,31,58,45,13,46.2962962962963,17.59259259259259,28.703703703703702,53.70370370370371,41.66666666666667,12.037037037037036
E00122207,128,51,13,38,77,60,17,39.84375,10.15625,29.6875,60.15625,46.875,13.28125
E00122208,81,26,15,11,55,44,11,32.098765432098766,18.51851851851852,13.580246913580247,67.90123456790124,54.32098765432099,13.580246913580247
E00122209,126,35,17,18,91,81,10,27.77777777777778,13.492063492063492,14.285714285714285,72.22222222222221,64.28571428571429,7.936507936507936
E00122210,156,51,19,32,105,82,23,32.69230769230769,12.179487179487179,20.51282051282051,67.3076923076923,52.56410256410257,14.743589743589745
E00122211,156,61,13,48,95,81,14,39.1025641025641,8.333333333333332,30.76923076923077,60.89743589743589,51.92307692307693,8.974358974358974
E00122212,107,39,13,26,68,50,18,36.44859813084112,12.149532710280374,24.299065420560748,63.55140186915887,46.728971962616825,16.822429906542055
E00122213,98,32,14,18,66,54,12,32.6530612244898,14.285714285714285,18.367346938775512,67.3469387755102,55.10204081632652,12.244897959183673
E00122214,140,45,23,22,95,74,21,32.142857142857146,16.428571428571427,15.714285714285714,67.85714285714286,52.85714285714286,15
E00122215,97,32,13,19,65,54,11,32.98969072164948,13.402061855670103,19.587628865979383,67.0103092783505,55.670103092783506,11.34020618556701
E00122216,111,38,19,19,73,59,14,34.234234234234236,17.117117117117118,17.117117117117118,65.76576576576578,53.153153153153156,12.612612612612612
E00122217,193,70,31,39,123,105,18,36.26943005181347,16.06217616580311,20.207253886010363,63.730569948186535,54.40414507772021,9.32642487046632
E00122218,146,47,22,25,99,82,17,32.19178082191781,15.068493150684931,17.123287671232877,67.8082191780822,56.16438356164384,11.643835616438356
E00122219,113,17,8,9,96,81,15,15.04424778761062,7.079646017699115,7.964601769911504,84.95575221238938,71.68141592920354,13.274336283185843
E00122220,152,62,26,36,90,78,12,40.78947368421053,17.105263157894736,23.684210526315788,59.210526315789465,51.31578947368421,7.894736842105263
E00122221,147,54,15,39,93,72,21,36.734693877551024,10.204081632653061,26.53061224489796,63.26530612244898,48.97959183673469,14.285714285714285
E00122222,157,49,16,33,108,92,16,31.210191082802545,10.191082802547772,21.019108280254777,68.78980891719745,58.59872611464968,10.191082802547772
E00122224,175,77,29,48,98,83,15,44,16.57142857142857,27.42857142857143,56.00000000000001,47.42857142857143,8.571428571428571
E00122225,280,79,26,53,201,167,34,28.214285714285715,9.285714285714286,18.928571428571427,71.78571428571429,59.64285714285714,12.142857142857142
E00122227,253,77,27,50,176,147,29,30.434782608695656,10.67193675889328,19.76284584980237,69.56521739130434,58.10276679841897,11.462450592885375
E00122228,195,76,26,50,119,101,18,38.97435897435898,13.333333333333334,25.64102564102564,61.02564102564103,51.7948717948718,9.230769230769232
E00122229,165,53,15,38,112,96,16,32.121212121212125,9.090909090909092,23.03030303030303,67.87878787878789,58.18181818181818,9.696969696969697
E00122230,139,61,27,34,78,62,16,43.884892086330936,19.424460431654676,24.46043165467626,56.11510791366906,44.60431654676259,11.510791366906476
E00122231,125,29,7,22,96,91,5,23.200000000000003,5.6000000000000005,17.599999999999998,76.8,72.8,4
E00122232,151,55,19,36,96,85,11,36.423841059602644,12.582781456953644,23.841059602649008,63.576158940397356,56.29139072847682,7.28476821192053
E00122233,255,84,26,58,171,137,34,32.94117647058823,10.196078431372548,22.745098039215687,67.05882352941175,53.72549019607843,13.333333333333334
E00122234,116,41,15,26,75,61,14,35.3448275862069,12.931034482758621,22.413793103448278,64.65517241379311,52.58620689655172,12.068965517241379
E00122235,180,60,10,50,120,97,23,33.33333333333333,5.555555555555555,27.77777777777778,66.66666666666666,53.888888888888886,12.777777777777777
E00122236,116,32,14,18,84,75,9,27.586206896551722,12.068965517241379,15.517241379310345,72.41379310344827,64.65517241379311,7.758620689655173
E00122237,66,15,5,10,51,44,7,22.727272727272727,7.575757575757576,15.151515151515152,77.27272727272727,66.66666666666666,10.606060606060606
E00122238,138,42,18,24,96,81,15,30.434782608695656,13.043478260869565,17.391304347826086,69.56521739130434,58.69565217391305,10.869565217391305
E00122239,116,40,13,27,76,67,9,34.48275862068966,11.206896551724139,23.275862068965516,65.51724137931035,57.758620689655174,7.758620689655173
E00122240,152,56,24,32,96,72,24,36.84210526315789,15.789473684210526,21.052631578947366,63.1578947368421,47.368421052631575,15.789473684210526
E00122241,155,52,16,36,103,85,18,33.5483870967742,10.32258064516129,23.225806451612904,66.45161290322581,54.83870967741935,11.612903225806452
E00122242,149,52,17,35,97,80,17,34.899328859060404,11.409395973154362,23.48993288590604,65.1006711409396,53.691275167785236,11.409395973154362
E00122243,147,49,16,33,98,81,17,33.33333333333333,10.884353741496598,22.448979591836736,66.66666666666666,55.10204081632652,11.564625850340136
E00122244,190,63,21,42,127,113,14,33.1578947368421,11.052631578947368,22.105263157894736,66.84210526315789,59.473684210526315,7.368421052631578
E00122245,155,52,17,35,103,86,17,33.5483870967742,10.967741935483872,22.58064516129032,66.45161290322581,55.483870967741936,10.967741935483872
E00122246,151,44,16,28,107,77,30,29.13907284768212,10.596026490066226,18.543046357615893,70.86092715231787,50.993377483443716,19.867549668874172
E00122247,115,35,11,24,80,67,13,30.434782608695656,9.565217391304348,20.869565217391305,69.56521739130434,58.26086956521739,11.304347826086957
E00122248,136,45,17,28,91,77,14,33.088235294117645,12.5,20.588235294117645,66.91176470588235,56.61764705882353,10.294117647058822
E00122249,79,32,10,22,47,37,10,40.50632911392405,12.658227848101266,27.848101265822784,59.49367088607595,46.835443037974684,12.658227848101266
E00122250,148,54,18,36,94,82,12,36.486486486486484,12.162162162162163,24.324324324324326,63.51351351351351,55.4054054054054,8.108108108108109
E00122251,114,36,14,22,78,60,18,31.57894736842105,12.280701754385964,19.298245614035086,68.42105263157895,52.63157894736842,15.789473684210526
E00122252,147,53,12,41,94,74,20,36.054421768707485,8.16326530612245,27.89115646258503,63.94557823129252,50.34013605442177,13.60544217687075
E00122253,131,44,13,31,87,79,8,33.587786259541986,9.923664122137405,23.66412213740458,66.41221374045801,60.30534351145038,6.106870229007633
E00122254,138,62,25,37,76,61,15,44.927536231884055,18.115942028985508,26.811594202898554,55.072463768115945,44.20289855072464,10.869565217391305
E00122255,58,14,1,13,44,39,5,24.137931034482758,1.7241379310344827,22.413793103448278,75.86206896551724,67.24137931034483,8.620689655172415
E00122256,45,15,6,9,30,25,5,33.33333333333333,13.333333333333334,20,66.66666666666666,55.55555555555556,11.11111111111111
E00122257,143,52,19,33,91,74,17,36.36363636363637,13.286713286713287,23.076923076923077,63.63636363636363,51.74825174825175,11.888111888111888
E00122258,138,42,18,24,96,77,19,30.434782608695656,13.043478260869565,17.391304347826086,69.56521739130434,55.79710144927537,13.768115942028986
E00122259,114,55,23,32,59,49,10,48.24561403508772,20.175438596491226,28.07017543859649,51.75438596491229,42.98245614035088,8.771929824561402
E00122260,115,35,8,27,80,64,16,30.434782608695656,6.956521739130435,23.47826086956522,69.56521739130434,55.65217391304348,13.91304347826087
E00122261,165,41,14,27,124,103,21,24.848484848484848,8.484848484848486,16.363636363636363,75.15151515151514,62.42424242424243,12.727272727272727
E00122262,125,42,21,21,83,71,12,33.6,16.8,16.8,66.4,56.8,9.6
E00122263,227,73,29,44,154,128,26,32.158590308370044,12.77533039647577,19.383259911894275,67.84140969162996,56.38766519823789,11.45374449339207
E00122264,99,35,12,23,64,56,8,35.35353535353536,12.121212121212121,23.232323232323232,64.64646464646465,56.56565656565656,8.080808080808081
E00122265,19,6,3,3,13,9,4,31.57894736842105,15.789473684210526,15.789473684210526,68.42105263157895,47.368421052631575,21.052631578947366
E00122266,159,39,16,23,120,102,18,24.528301886792452,10.062893081761008,14.465408805031446,75.47169811320755,64.15094339622641,11.320754716981133
E00122267,77,28,9,19,49,40,9,36.36363636363637,11.688311688311687,24.675324675324674,63.63636363636363,51.94805194805194,11.688311688311687
E00122268,111,33,12,21,78,60,18,29.72972972972973,10.81081081081081,18.91891891891892,70.27027027027027,54.054054054054056,16.216216216216218
E00122269,109,39,18,21,70,58,12,35.77981651376147,16.51376146788991,19.26605504587156,64.22018348623854,53.21100917431193,11.009174311926607
E00122270,134,46,18,28,88,74,14,34.32835820895522,13.432835820895523,20.8955223880597,65.67164179104478,55.223880597014926,10.44776119402985
E00122271,110,36,9,27,74,63,11,32.72727272727273,8.181818181818182,24.545454545454547,67.27272727272727,57.27272727272727,10
E00122272,117,30,7,23,87,78,9,25.64102564102564,5.982905982905983,19.65811965811966,74.35897435897436,66.66666666666666,7.6923076923076925
E00122273,48,19,6,13,29,28,1,39.58333333333333,12.5,27.083333333333332,60.416666666666664,58.333333333333336,2.083333333333333
E00122274,112,41,14,27,71,67,4,36.607142857142854,12.5,24.107142857142858,63.39285714285714,59.82142857142857,3.571428571428571
E00122275,102,29,14,15,73,64,9,28.431372549019606,13.725490196078432,14.705882352941178,71.56862745098039,62.745098039215684,8.823529411764707
E00122276,160,71,26,45,89,75,14,44.375,16.25,28.125,55.625,46.875,8.75
E00122277,149,51,27,24,98,68,30,34.22818791946309,18.120805369127517,16.10738255033557,65.77181208053692,45.63758389261745,20.13422818791946
E00122278,201,61,29,32,140,108,32,30.34825870646766,14.427860696517413,15.92039800995025,69.65174129353234,53.73134328358209,15.92039800995025
E00122279,128,36,19,17,92,79,13,28.125,14.84375,13.28125,71.875,61.71875,10.15625
E00122280,124,41,12,29,83,75,8,33.064516129032256,9.67741935483871,23.387096774193548,66.93548387096774,60.483870967741936,6.451612903225806
E00122281,168,54,24,30,114,91,23,32.142857142857146,14.285714285714285,17.857142857142858,67.85714285714286,54.166666666666664,13.690476190476192
E00122282,137,41,11,30,96,74,22,29.927007299270077,8.02919708029197,21.897810218978105,70.07299270072993,54.01459854014598,16.05839416058394
E00122283,108,37,18,19,71,53,18,34.25925925925926,16.666666666666664,17.59259259259259,65.74074074074075,49.074074074074076,16.666666666666664
E00122284,123,44,16,28,79,52,27,35.77235772357724,13.008130081300814,22.76422764227642,64.22764227642277,42.27642276422765,21.951219512195124
E00122285,146,27,16,11,119,105,14,18.493150684931507,10.95890410958904,7.534246575342466,81.5068493150685,71.91780821917808,9.58904109589041
E00122286,141,36,12,24,105,79,26,25.53191489361702,8.51063829787234,17.02127659574468,74.46808510638297,56.02836879432624,18.439716312056735
E00122287,142,40,19,21,102,78,24,28.169014084507044,13.380281690140844,14.788732394366196,71.83098591549296,54.929577464788736,16.901408450704224
E00122288,126,39,14,25,87,73,14,30.952380952380953,11.11111111111111,19.841269841269842,69.04761904761905,57.936507936507944,11.11111111111111
E00122289,168,64,34,30,104,79,25,38.095238095238095,20.238095238095237,17.857142857142858,61.904761904761905,47.023809523809526,14.880952380952381
E00122290,92,32,15,17,60,46,14,34.78260869565217,16.304347826086957,18.478260869565215,65.21739130434783,50,15.217391304347828
E00122291,178,69,24,45,109,95,14,38.764044943820224,13.48314606741573,25.280898876404496,61.23595505617978,53.37078651685393,7.865168539325842
E00122293,128,33,10,23,95,79,16,25.78125,7.8125,17.96875,74.21875,61.71875,12.5
E00122294,174,58,33,25,116,88,28,33.33333333333333,18.96551724137931,14.367816091954023,66.66666666666666,50.57471264367817,16.091954022988507
E00122295,131,53,22,31,78,54,24,40.458015267175576,16.793893129770993,23.66412213740458,59.541984732824424,41.221374045801525,18.3206106870229
E00122296,153,55,21,34,98,77,21,35.947712418300654,13.725490196078432,22.22222222222222,64.05228758169935,50.326797385620914,13.725490196078432
E00122297,145,50,17,33,95,79,16,34.48275862068966,11.724137931034482,22.758620689655174,65.51724137931035,54.48275862068965,11.03448275862069
E00122298,135,35,14,21,100,71,29,25.925925925925924,10.37037037037037,15.555555555555555,74.07407407407408,52.59259259259259,21.48148148148148
E00122299,125,43,19,24,82,59,23,34.4,15.2,19.2,65.60000000000001,47.199999999999996,18.4
E00122300,92,33,16,17,59,50,9,35.869565217391305,17.391304347826086,18.478260869565215,64.13043478260869,54.347826086956516,9.782608695652174
E00122301,131,37,12,25,94,68,26,28.24427480916031,9.16030534351145,19.083969465648856,71.7557251908397,51.908396946564885,19.84732824427481
E00122302,120,36,15,21,84,61,23,30,12.5,17.5,70,50.83333333333333,19.166666666666668
E00122303,138,42,13,29,96,76,20,30.434782608695656,9.420289855072465,21.014492753623188,69.56521739130434,55.072463768115945,14.492753623188406
E00122305,155,73,33,40,82,71,11,47.096774193548384,21.29032258064516,25.806451612903224,52.903225806451616,45.806451612903224,7.096774193548387
E00122306,135,54,16,38,81,70,11,40,11.851851851851853,28.14814814814815,60,51.85185185185185,8.148148148148149
E00122307,110,48,9,39,62,54,8,43.63636363636363,8.181818181818182,35.45454545454545,56.36363636363636,49.09090909090909,7.2727272727272725
E00122308,143,54,23,31,89,79,10,37.76223776223776,16.083916083916083,21.678321678321677,62.23776223776224,55.24475524475524,6.993006993006993
E00122310,54,27,14,13,27,26,1,50,25.925925925925924,24.074074074074073,50,48.148148148148145,1.8518518518518516
E00122311,127,61,26,35,66,54,12,48.031496062992126,20.47244094488189,27.559055118110237,51.96850393700787,42.51968503937008,9.448818897637794
E00122312,122,50,27,23,72,64,8,40.98360655737705,22.131147540983605,18.852459016393443,59.01639344262295,52.459016393442624,6.557377049180328
E00122313,140,60,29,31,80,73,7,42.857142857142854,20.714285714285715,22.142857142857142,57.14285714285714,52.142857142857146,5
E00122314,67,23,8,15,44,35,9,34.32835820895522,11.940298507462686,22.388059701492537,65.67164179104478,52.23880597014925,13.432835820895523
E00122315,24,4,1,3,20,20,0,16.666666666666664,4.166666666666666,12.5,83.33333333333334,83.33333333333334,0
E00122316,99,32,10,22,67,57,10,32.323232323232325,10.1010101010101,22.22222222222222,67.67676767676768,57.57575757575758,10.1010101010101
E00122317,178,81,41,40,97,67,30,45.50561797752809,23.03370786516854,22.47191011235955,54.49438202247191,37.640449438202246,16.853932584269664
E00122318,170,49,14,35,121,105,16,28.823529411764703,8.235294117647058,20.588235294117645,71.17647058823529,61.76470588235294,9.411764705882353
E00122319,121,34,7,27,87,68,19,28.09917355371901,5.785123966942149,22.31404958677686,71.900826446281,56.19834710743802,15.702479338842975
E00122320,141,46,14,32,95,81,14,32.62411347517731,9.929078014184398,22.69503546099291,67.37588652482269,57.446808510638306,9.929078014184398
E00122321,149,52,25,27,97,88,9,34.899328859060404,16.778523489932887,18.120805369127517,65.1006711409396,59.06040268456376,6.0402684563758395
E00122322,95,39,8,31,56,53,3,41.05263157894737,8.421052631578947,32.631578947368425,58.94736842105262,55.78947368421052,3.1578947368421053
E00122323,129,40,14,26,89,71,18,31.007751937984494,10.852713178294573,20.155038759689923,68.9922480620155,55.03875968992248,13.953488372093023
E00122324,125,41,19,22,84,73,11,32.800000000000004,15.2,17.599999999999998,67.2,58.4,8.799999999999999
E00122325,122,43,20,23,79,56,23,35.24590163934426,16.39344262295082,18.852459016393443,64.75409836065575,45.90163934426229,18.852459016393443
E00122326,96,32,17,15,64,44,20,33.33333333333333,17.708333333333336,15.625,66.66666666666666,45.83333333333333,20.833333333333336
E00122327,114,47,23,24,67,53,14,41.228070175438596,20.175438596491226,21.052631578947366,58.77192982456141,46.49122807017544,12.280701754385964
E00122328,121,33,10,23,88,72,16,27.27272727272727,8.264462809917356,19.00826446280992,72.72727272727273,59.50413223140496,13.223140495867769
E00122329,125,43,23,20,82,73,9,34.4,18.4,16,65.60000000000001,58.4,7.199999999999999
E00122330,85,30,9,21,55,43,12,35.294117647058826,10.588235294117647,24.705882352941178,64.70588235294117,50.588235294117645,14.117647058823529
E00122331,161,62,19,43,99,77,22,38.50931677018634,11.801242236024844,26.70807453416149,61.49068322981367,47.82608695652174,13.664596273291925
E00122332,144,59,23,36,85,73,12,40.97222222222222,15.972222222222221,25,59.02777777777778,50.69444444444444,8.333333333333332
E00122333,243,67,21,46,176,153,23,27.572016460905353,8.641975308641975,18.930041152263374,72.42798353909465,62.96296296296296,9.465020576131687
E00122334,31,16,7,9,15,11,4,51.61290322580645,22.58064516129032,29.03225806451613,48.38709677419355,35.483870967741936,12.903225806451612
E00122335,107,35,14,21,72,57,15,32.71028037383177,13.084112149532709,19.626168224299064,67.28971962616822,53.271028037383175,14.018691588785046
E00122336,154,61,24,37,93,79,14,39.61038961038961,15.584415584415584,24.025974025974026,60.3896103896104,51.298701298701296,9.090909090909092
E00122337,95,38,16,22,57,54,3,40,16.842105263157894,23.157894736842106,60,56.84210526315789,3.1578947368421053
E00122338,147,44,17,27,103,83,20,29.931972789115648,11.564625850340136,18.367346938775512,70.06802721088435,56.4625850340136,13.60544217687075
E00122339,67,19,5,14,48,40,8,28.35820895522388,7.462686567164178,20.8955223880597,71.64179104477611,59.70149253731343,11.940298507462686
E00122340,148,63,12,51,85,73,12,42.567567567567565,8.108108108108109,34.45945945945946,57.432432432432435,49.32432432432432,8.108108108108109
E00122341,125,48,17,31,77,57,20,38.4,13.600000000000001,24.8,61.6,45.6,16
E00122342,86,30,14,16,56,44,12,34.883720930232556,16.27906976744186,18.6046511627907,65.11627906976744,51.162790697674424,13.953488372093023
E00122343,110,38,15,23,72,61,11,34.54545454545455,13.636363636363635,20.909090909090907,65.45454545454545,55.45454545454545,10
E00122344,134,48,16,32,86,73,13,35.82089552238806,11.940298507462686,23.88059701492537,64.17910447761194,54.47761194029851,9.701492537313433
E00122345,112,40,13,27,72,62,10,35.714285714285715,11.607142857142858,24.107142857142858,64.28571428571429,55.35714285714286,8.928571428571429
E00122346,143,50,9,41,93,71,22,34.96503496503497,6.293706293706294,28.671328671328673,65.03496503496503,49.65034965034965,15.384615384615385
E00122347,90,33,12,21,57,43,14,36.666666666666664,13.333333333333334,23.333333333333332,63.33333333333333,47.77777777777778,15.555555555555555
E00122348,114,42,14,28,72,57,15,36.84210526315789,12.280701754385964,24.561403508771928,63.1578947368421,50,13.157894736842104
E00122350,124,43,17,26,81,64,17,34.67741935483871,13.709677419354838,20.967741935483872,65.32258064516128,51.61290322580645,13.709677419354838
E00122351,112,41,20,21,71,62,9,36.607142857142854,17.857142857142858,18.75,63.39285714285714,55.35714285714286,8.035714285714286
E00122352,235,80,45,35,155,135,20,34.04255319148936,19.148936170212767,14.893617021276595,65.95744680851064,57.446808510638306,8.51063829787234
E00122353,159,74,42,32,85,74,11,46.540880503144656,26.41509433962264,20.125786163522015,53.459119496855344,46.540880503144656,6.918238993710692
E00122354,207,57,33,24,150,126,24,27.536231884057973,15.942028985507244,11.594202898550725,72.46376811594203,60.86956521739131,11.594202898550725
E00122355,135,38,16,22,97,82,15,28.14814814814815,11.851851851851853,16.296296296296298,71.85185185185186,60.74074074074074,11.11111111111111
E00122356,145,47,16,31,98,81,17,32.41379310344827,11.03448275862069,21.379310344827587,67.58620689655173,55.86206896551724,11.724137931034482
E00122357,84,39,18,21,45,36,9,46.42857142857143,21.428571428571427,25,53.57142857142857,42.857142857142854,10.714285714285714
E00122358,94,45,13,32,49,41,8,47.87234042553192,13.829787234042554,34.04255319148936,52.12765957446809,43.61702127659575,8.51063829787234
E00122359,170,63,32,31,107,93,14,37.05882352941177,18.823529411764707,18.235294117647058,62.94117647058823,54.70588235294118,8.235294117647058
E00122360,108,25,7,18,83,63,20,23.14814814814815,6.481481481481481,16.666666666666664,76.85185185185185,58.333333333333336,18.51851851851852
E00122361,117,49,26,23,68,50,18,41.88034188034188,22.22222222222222,19.65811965811966,58.119658119658126,42.73504273504273,15.384615384615385
E00122362,123,65,32,33,58,51,7,52.84552845528455,26.01626016260163,26.82926829268293,47.15447154471545,41.46341463414634,5.691056910569105
E00122363,94,52,26,26,42,36,6,55.319148936170215,27.659574468085108,27.659574468085108,44.680851063829785,38.297872340425535,6.382978723404255
E00122364,152,77,52,25,75,57,18,50.6578947368421,34.21052631578947,16.447368421052634,49.34210526315789,37.5,11.842105263157894
E00122365,127,79,49,30,48,43,5,62.20472440944882,38.582677165354326,23.62204724409449,37.79527559055118,33.85826771653544,3.937007874015748
E00122366,101,41,15,26,60,49,11,40.5940594059406,14.85148514851485,25.742574257425744,59.4059405940594,48.51485148514851,10.891089108910892
E00122367,96,37,16,21,59,51,8,38.54166666666667,16.666666666666664,21.875,61.458333333333336,53.125,8.333333333333332
E00122368,195,70,30,40,125,108,17,35.8974358974359,15.384615384615385,20.51282051282051,64.1025641025641,55.38461538461539,8.717948717948717
E00122369,87,46,24,22,41,36,5,52.87356321839081,27.586206896551722,25.287356321839084,47.12643678160919,41.37931034482759,5.747126436781609
E00122370,119,51,26,25,68,47,21,42.857142857142854,21.84873949579832,21.008403361344538,57.14285714285714,39.49579831932773,17.647058823529413
E00122371,179,91,51,40,88,82,6,50.83798882681564,28.49162011173184,22.3463687150838,49.162011173184354,45.81005586592179,3.35195530726257
E00122372,175,73,34,39,102,75,27,41.714285714285715,19.428571428571427,22.285714285714285,58.285714285714285,42.857142857142854,15.428571428571427
E00122373,176,54,21,33,122,110,12,30.681818181818183,11.931818181818182,18.75,69.31818181818183,62.5,6.8181818181818175
E00122374,116,58,37,21,58,51,7,50,31.896551724137932,18.103448275862068,50,43.96551724137931,6.0344827586206895
E00122375,119,56,37,19,63,57,6,47.05882352941176,31.092436974789916,15.966386554621847,52.94117647058824,47.89915966386555,5.042016806722689
E00122376,109,60,38,22,49,40,9,55.04587155963303,34.862385321100916,20.18348623853211,44.95412844036697,36.69724770642202,8.256880733944955
E00122377,145,67,42,25,78,61,17,46.206896551724135,28.965517241379313,17.24137931034483,53.79310344827586,42.06896551724138,11.724137931034482
E00122378,77,33,11,22,44,33,11,42.857142857142854,14.285714285714285,28.57142857142857,57.14285714285714,42.857142857142854,14.285714285714285
E00122379,114,41,12,29,73,67,6,35.96491228070175,10.526315789473683,25.438596491228072,64.03508771929825,58.77192982456141,5.263157894736842
E00122380,99,44,17,27,55,50,5,44.44444444444444,17.17171717171717,27.27272727272727,55.55555555555556,50.505050505050505,5.05050505050505
E00122381,90,36,19,17,54,42,12,40,21.11111111111111,18.88888888888889,60,46.666666666666664,13.333333333333334
E00122382,105,39,23,16,66,53,13,37.142857142857146,21.904761904761905,15.238095238095239,62.857142857142854,50.476190476190474,12.380952380952381
E00122383,134,43,11,32,91,78,13,32.08955223880597,8.208955223880597,23.88059701492537,67.91044776119402,58.2089552238806,9.701492537313433
E00122384,125,45,22,23,80,58,22,36,17.599999999999998,18.4,64,46.400000000000006,17.599999999999998
E00122385,98,37,18,19,61,45,16,37.755102040816325,18.367346938775512,19.387755102040817,62.244897959183675,45.91836734693878,16.3265306122449
E00122386,120,50,23,27,70,52,18,41.66666666666667,19.166666666666668,22.5,58.333333333333336,43.333333333333336,15
E00122387,100,33,10,23,67,55,12,33,10,23,67,55.00000000000001,12
E00122388,141,51,24,27,90,83,7,36.17021276595745,17.02127659574468,19.148936170212767,63.829787234042556,58.86524822695035,4.964539007092199
E00122389,118,46,16,30,72,58,14,38.983050847457626,13.559322033898304,25.423728813559322,61.016949152542374,49.152542372881356,11.864406779661017
E00122390,139,47,18,29,92,77,15,33.81294964028777,12.949640287769784,20.863309352517987,66.18705035971223,55.39568345323741,10.79136690647482
E00122391,96,31,13,18,65,54,11,32.29166666666667,13.541666666666666,18.75,67.70833333333334,56.25,11.458333333333332
E00122392,94,24,15,9,70,49,21,25.53191489361702,15.957446808510639,9.574468085106384,74.46808510638297,52.12765957446809,22.340425531914892
E00122394,215,71,29,42,144,115,29,33.02325581395349,13.488372093023257,19.53488372093023,66.97674418604652,53.48837209302325,13.488372093023257
E00122395,159,54,21,33,105,96,9,33.9622641509434,13.20754716981132,20.754716981132077,66.0377358490566,60.37735849056604,5.660377358490567
E00122396,155,58,25,33,97,82,15,37.41935483870968,16.129032258064516,21.29032258064516,62.58064516129033,52.903225806451616,9.67741935483871
E00122397,92,35,9,26,57,46,11,38.04347826086957,9.782608695652174,28.26086956521739,61.95652173913043,50,11.956521739130435
E00122398,183,59,21,38,124,102,22,32.240437158469945,11.475409836065573,20.76502732240437,67.75956284153006,55.73770491803278,12.021857923497267
E00122399,207,64,27,37,143,98,45,30.917874396135264,13.043478260869565,17.874396135265698,69.08212560386472,47.34299516908212,21.73913043478261
E00122400,90,27,10,17,63,50,13,30,11.11111111111111,18.88888888888889,70,55.55555555555556,14.444444444444443
E00122401,135,46,12,34,89,74,15,34.074074074074076,8.88888888888889,25.185185185185183,65.92592592592592,54.81481481481482,11.11111111111111
E00122402,149,53,22,31,96,80,16,35.57046979865772,14.76510067114094,20.80536912751678,64.42953020134227,53.691275167785236,10.738255033557047
E00122403,211,47,18,29,164,123,41,22.274881516587676,8.530805687203792,13.744075829383887,77.72511848341233,58.29383886255924,19.431279620853083
E00122404,135,45,14,31,90,76,14,33.33333333333333,10.37037037037037,22.962962962962962,66.66666666666666,56.2962962962963,10.37037037037037
E00122406,140,37,14,23,103,83,20,26.42857142857143,10,16.428571428571427,73.57142857142858,59.285714285714285,14.285714285714285
E00122407,135,47,19,28,88,72,16,34.81481481481482,14.074074074074074,20.74074074074074,65.18518518518519,53.333333333333336,11.851851851851853
E00122409,94,46,16,30,48,41,7,48.93617021276596,17.02127659574468,31.914893617021278,51.06382978723404,43.61702127659575,7.446808510638298
E00122410,135,50,16,34,85,72,13,37.03703703703704,11.851851851851853,25.185185185185183,62.96296296296296,53.333333333333336,9.62962962962963
E00122411,118,41,13,28,77,63,14,34.74576271186441,11.016949152542372,23.728813559322035,65.2542372881356,53.38983050847458,11.864406779661017
E00122412,188,65,23,42,123,105,18,34.57446808510639,12.23404255319149,22.340425531914892,65.42553191489363,55.85106382978723,9.574468085106384
E00122413,166,60,27,33,106,75,31,36.144578313253014,16.265060240963855,19.879518072289155,63.85542168674698,45.18072289156627,18.67469879518072
E00122414,158,50,15,35,108,90,18,31.645569620253166,9.49367088607595,22.151898734177212,68.35443037974683,56.9620253164557,11.39240506329114
E00122415,248,77,29,48,171,138,33,31.048387096774192,11.693548387096774,19.35483870967742,68.95161290322581,55.64516129032258,13.306451612903224
E00122416,104,21,9,12,83,68,15,20.192307692307693,8.653846153846153,11.538461538461538,79.8076923076923,65.38461538461539,14.423076923076922
E00122417,179,59,19,40,120,97,23,32.960893854748605,10.614525139664805,22.3463687150838,67.0391061452514,54.18994413407822,12.849162011173185
E00122418,159,54,22,32,105,87,18,33.9622641509434,13.836477987421384,20.125786163522015,66.0377358490566,54.71698113207547,11.320754716981133
E00122419,122,38,10,28,84,68,16,31.147540983606557,8.19672131147541,22.950819672131146,68.85245901639344,55.73770491803278,13.114754098360656
E00122420,130,47,12,35,83,61,22,36.15384615384615,9.230769230769232,26.923076923076923,63.84615384615384,46.92307692307692,16.923076923076923
E00122421,143,47,14,33,96,83,13,32.86713286713287,9.79020979020979,23.076923076923077,67.13286713286713,58.04195804195804,9.090909090909092
E00122422,107,46,14,32,61,58,3,42.99065420560748,13.084112149532709,29.906542056074763,57.009345794392516,54.20560747663551,2.803738317757009
E00122423,119,39,22,17,80,65,15,32.773109243697476,18.487394957983195,14.285714285714285,67.22689075630252,54.621848739495796,12.605042016806722
E00122424,120,41,24,17,79,61,18,34.166666666666664,20,14.166666666666666,65.83333333333333,50.83333333333333,15
E00122425,108,33,10,23,75,65,10,30.555555555555557,9.25925925925926,21.296296296296298,69.44444444444444,60.18518518518518,9.25925925925926
E00122426,136,40,13,27,96,79,17,29.411764705882355,9.558823529411764,19.852941176470587,70.58823529411765,58.08823529411765,12.5
E00122427,92,35,15,20,57,42,15,38.04347826086957,16.304347826086957,21.73913043478261,61.95652173913043,45.65217391304348,16.304347826086957
E00122428,125,43,18,25,82,68,14,34.4,14.399999999999999,20,65.60000000000001,54.400000000000006,11.200000000000001
E00122429,143,47,19,28,96,75,21,32.86713286713287,13.286713286713287,19.58041958041958,67.13286713286713,52.44755244755245,14.685314685314685
E00122430,137,45,18,27,92,72,20,32.846715328467155,13.138686131386862,19.708029197080293,67.15328467153284,52.55474452554745,14.5985401459854
E00122431,87,27,15,12,60,44,16,31.03448275862069,17.24137931034483,13.793103448275861,68.96551724137932,50.57471264367817,18.39080459770115
E00122432,114,40,17,23,74,62,12,35.08771929824561,14.912280701754385,20.175438596491226,64.91228070175438,54.385964912280706,10.526315789473683
E00122433,150,57,23,34,93,82,11,38,15.333333333333332,22.666666666666664,62,54.666666666666664,7.333333333333333
E00122434,93,37,15,22,56,48,8,39.784946236559136,16.129032258064516,23.655913978494624,60.215053763440864,51.61290322580645,8.60215053763441
E00122435,103,40,19,21,63,53,10,38.83495145631068,18.446601941747574,20.388349514563107,61.165048543689316,51.45631067961165,9.70873786407767
E00122436,112,39,13,26,73,64,9,34.82142857142857,11.607142857142858,23.214285714285715,65.17857142857143,57.14285714285714,8.035714285714286
E00122437,153,54,18,36,99,85,14,35.294117647058826,11.76470588235294,23.52941176470588,64.70588235294117,55.55555555555556,9.15032679738562
E00122438,144,45,17,28,99,85,14,31.25,11.805555555555555,19.444444444444446,68.75,59.02777777777778,9.722222222222223
E00122439,86,42,14,28,44,39,5,48.837209302325576,16.27906976744186,32.55813953488372,51.162790697674424,45.348837209302324,5.813953488372093
E00122440,82,36,15,21,46,34,12,43.90243902439025,18.29268292682927,25.609756097560975,56.09756097560976,41.46341463414634,14.634146341463413
E00122441,168,66,26,40,102,89,13,39.285714285714285,15.476190476190476,23.809523809523807,60.71428571428571,52.976190476190474,7.738095238095238
E00122442,154,48,15,33,106,92,14,31.16883116883117,9.740259740259742,21.428571428571427,68.83116883116884,59.74025974025974,9.090909090909092
E00122443,112,36,13,23,76,72,4,32.142857142857146,11.607142857142858,20.535714285714285,67.85714285714286,64.28571428571429,3.571428571428571
E00122444,108,43,16,27,65,53,12,39.81481481481482,14.814814814814813,25,60.18518518518518,49.074074074074076,11.11111111111111
E00122445,105,35,14,21,70,59,11,33.33333333333333,13.333333333333334,20,66.66666666666666,56.19047619047619,10.476190476190476
E00122446,114,44,12,32,70,62,8,38.59649122807017,10.526315789473683,28.07017543859649,61.40350877192983,54.385964912280706,7.017543859649122
E00122447,143,42,22,20,101,84,17,29.37062937062937,15.384615384615385,13.986013986013987,70.62937062937063,58.74125874125874,11.888111888111888
E00122448,145,51,19,32,94,76,18,35.172413793103445,13.10344827586207,22.06896551724138,64.82758620689654,52.41379310344828,12.413793103448276
E00122449,108,45,11,34,63,49,14,41.66666666666667,10.185185185185185,31.48148148148148,58.333333333333336,45.370370370370374,12.962962962962962
E00122450,97,38,14,24,59,49,10,39.175257731958766,14.432989690721648,24.742268041237114,60.824742268041234,50.51546391752577,10.309278350515463
E00122451,141,50,15,35,91,79,12,35.46099290780142,10.638297872340425,24.822695035460992,64.53900709219859,56.02836879432624,8.51063829787234
E00122452,115,38,14,24,77,65,12,33.04347826086956,12.173913043478262,20.869565217391305,66.95652173913044,56.52173913043478,10.434782608695652
E00122453,140,61,17,44,79,64,15,43.57142857142857,12.142857142857142,31.428571428571427,56.42857142857143,45.714285714285715,10.714285714285714
E00122454,123,51,16,35,72,61,11,41.46341463414634,13.008130081300814,28.455284552845526,58.536585365853654,49.59349593495935,8.94308943089431
E00122455,122,44,12,32,78,68,10,36.0655737704918,9.836065573770492,26.229508196721312,63.934426229508205,55.73770491803278,8.19672131147541
E00122456,99,41,13,28,58,49,9,41.41414141414141,13.131313131313133,28.28282828282828,58.58585858585859,49.494949494949495,9.090909090909092
E00122457,123,36,8,28,87,76,11,29.268292682926827,6.504065040650407,22.76422764227642,70.73170731707317,61.78861788617886,8.94308943089431
E00122458,142,43,21,22,99,84,15,30.28169014084507,14.788732394366196,15.492957746478872,69.71830985915493,59.154929577464785,10.56338028169014
E00122459,139,37,10,27,102,92,10,26.618705035971225,7.1942446043165464,19.424460431654676,73.38129496402878,66.18705035971223,7.1942446043165464
E00122460,115,46,15,31,69,49,20,40,13.043478260869565,26.956521739130434,60,42.608695652173914,17.391304347826086
E00122461,114,49,27,22,65,55,10,42.98245614035088,23.684210526315788,19.298245614035086,57.01754385964912,48.24561403508772,8.771929824561402
E00122462,203,65,23,42,138,110,28,32.01970443349754,11.330049261083744,20.689655172413794,67.98029556650246,54.187192118226605,13.793103448275861
E00122463,124,38,16,22,86,70,16,30.64516129032258,12.903225806451612,17.741935483870968,69.35483870967742,56.451612903225815,12.903225806451612
E00122464,101,50,23,27,51,41,10,49.504950495049506,22.772277227722775,26.732673267326735,50.495049504950494,40.5940594059406,9.900990099009901
E00122465,152,44,20,24,108,80,28,28.947368421052634,13.157894736842104,15.789473684210526,71.05263157894737,52.63157894736842,18.421052631578945
E00122466,145,43,20,23,102,81,21,29.655172413793103,13.793103448275861,15.862068965517242,70.34482758620689,55.86206896551724,14.482758620689657
E00122467,140,48,20,28,92,79,13,34.285714285714285,14.285714285714285,20,65.71428571428571,56.42857142857143,9.285714285714286
E00122468,135,60,29,31,75,67,8,44.44444444444444,21.48148148148148,22.962962962962962,55.55555555555556,49.629629629629626,5.9259259259259265
E00122469,70,27,16,11,43,35,8,38.57142857142858,22.857142857142858,15.714285714285714,61.42857142857143,50,11.428571428571429
E00122470,162,52,19,33,110,84,26,32.098765432098766,11.728395061728394,20.37037037037037,67.90123456790124,51.85185185185185,16.049382716049383
E00122471,135,42,18,24,93,78,15,31.11111111111111,13.333333333333334,17.77777777777778,68.88888888888889,57.77777777777777,11.11111111111111
E00122472,124,45,21,24,79,66,13,36.29032258064516,16.93548387096774,19.35483870967742,63.70967741935484,53.2258064516129,10.483870967741936
E00122474,134,58,28,30,76,64,12,43.28358208955223,20.8955223880597,22.388059701492537,56.71641791044776,47.76119402985074,8.955223880597014
E00122476,151,46,25,21,105,90,15,30.4635761589404,16.55629139072848,13.90728476821192,69.5364238410596,59.60264900662252,9.933774834437086
E00122477,119,39,18,21,80,68,12,32.773109243697476,15.126050420168067,17.647058823529413,67.22689075630252,57.14285714285714,10.084033613445378
E00122478,151,55,26,29,96,76,20,36.423841059602644,17.218543046357617,19.205298013245034,63.576158940397356,50.331125827814574,13.245033112582782
E00122479,159,50,16,34,109,91,18,31.446540880503143,10.062893081761008,21.38364779874214,68.55345911949685,57.23270440251572,11.320754716981133
E00122482,115,43,17,26,72,63,9,37.391304347826086,14.782608695652174,22.608695652173914,62.60869565217392,54.78260869565217,7.82608695652174
E00122483,145,38,21,17,107,85,22,26.20689655172414,14.482758620689657,11.724137931034482,73.79310344827587,58.620689655172406,15.172413793103448
E00122484,183,63,20,43,120,104,16,34.42622950819672,10.92896174863388,23.497267759562842,65.57377049180327,56.830601092896174,8.743169398907105
E00122485,189,58,21,37,131,115,16,30.687830687830687,11.11111111111111,19.576719576719576,69.31216931216932,60.84656084656085,8.465608465608465
E00122486,163,52,18,34,111,87,24,31.901840490797547,11.042944785276074,20.858895705521473,68.09815950920245,53.37423312883436,14.723926380368098
E00122487,114,31,14,17,83,69,14,27.192982456140353,12.280701754385964,14.912280701754385,72.80701754385966,60.526315789473685,12.280701754385964
E00122488,119,45,12,33,74,68,6,37.81512605042017,10.084033613445378,27.73109243697479,62.18487394957983,57.14285714285714,5.042016806722689
E00122489,150,52,22,30,98,75,23,34.66666666666667,14.666666666666666,20,65.33333333333333,50,15.333333333333332
E00122490,170,56,21,35,114,98,16,32.94117647058823,12.352941176470589,20.588235294117645,67.05882352941175,57.647058823529406,9.411764705882353
E00122491,176,43,15,28,133,104,29,24.431818181818183,8.522727272727272,15.909090909090908,75.56818181818183,59.09090909090909,16.477272727272727
E00122493,207,66,25,41,141,120,21,31.88405797101449,12.077294685990339,19.806763285024154,68.11594202898551,57.971014492753625,10.144927536231885
E00122494,156,42,15,27,114,101,13,26.923076923076923,9.615384615384617,17.307692307692307,73.07692307692307,64.74358974358975,8.333333333333332
E00122495,112,33,12,21,79,70,9,29.464285714285715,10.714285714285714,18.75,70.53571428571429,62.5,8.035714285714286
E00122496,163,48,17,31,115,93,22,29.447852760736197,10.429447852760736,19.018404907975462,70.5521472392638,57.05521472392638,13.496932515337424
E00122497,134,46,23,23,88,61,27,34.32835820895522,17.16417910447761,17.16417910447761,65.67164179104478,45.52238805970149,20.149253731343283
E00122499,197,61,25,36,136,120,16,30.96446700507614,12.690355329949238,18.274111675126903,69.03553299492386,60.913705583756354,8.121827411167512
E00122500,170,64,27,37,106,95,11,37.64705882352941,15.88235294117647,21.764705882352942,62.35294117647059,55.88235294117647,6.470588235294119
E00122502,162,62,30,32,100,85,15,38.2716049382716,18.51851851851852,19.753086419753085,61.72839506172839,52.46913580246913,9.25925925925926
E00122503,103,33,20,13,70,62,8,32.038834951456316,19.41747572815534,12.62135922330097,67.96116504854369,60.19417475728155,7.766990291262135
E00122504,214,59,26,33,155,137,18,27.570093457943923,12.149532710280374,15.42056074766355,72.42990654205607,64.01869158878505,8.411214953271028
E00122505,179,61,24,37,118,92,26,34.07821229050279,13.40782122905028,20.670391061452513,65.92178770949721,51.39664804469274,14.52513966480447
E00122506,144,58,28,30,86,67,19,40.27777777777778,19.444444444444446,20.833333333333336,59.72222222222222,46.52777777777778,13.194444444444445
E00122507,139,37,12,25,102,88,14,26.618705035971225,8.633093525179856,17.985611510791365,73.38129496402878,63.30935251798561,10.071942446043165
E00122508,137,57,22,35,80,61,19,41.605839416058394,16.05839416058394,25.547445255474454,58.3941605839416,44.52554744525548,13.86861313868613
E00122509,146,49,19,30,97,83,14,33.56164383561644,13.013698630136986,20.54794520547945,66.43835616438356,56.849315068493155,9.58904109589041
E00122510,86,35,7,28,51,46,5,40.69767441860465,8.13953488372093,32.55813953488372,59.30232558139535,53.48837209302325,5.813953488372093
E00122511,145,55,14,41,90,78,12,37.93103448275862,9.655172413793103,28.27586206896552,62.06896551724138,53.79310344827586,8.275862068965518
E00122512,142,48,10,38,94,80,14,33.80281690140845,7.042253521126761,26.76056338028169,66.19718309859155,56.33802816901409,9.859154929577464
E00122513,197,63,22,41,134,109,25,31.979695431472084,11.16751269035533,20.812182741116754,68.02030456852792,55.32994923857868,12.690355329949238
E00122514,172,56,22,34,116,94,22,32.55813953488372,12.790697674418606,19.767441860465116,67.44186046511628,54.65116279069767,12.790697674418606
E00167520,180,42,12,30,138,117,21,23.333333333333332,6.666666666666667,16.666666666666664,76.66666666666667,65,11.666666666666666
E00167521,165,48,21,27,117,105,12,29.09090909090909,12.727272727272727,16.363636363636363,70.9090909090909,63.63636363636363,7.2727272727272725
E00167522,79,31,10,21,48,44,4,39.24050632911392,12.658227848101266,26.582278481012654,60.75949367088608,55.69620253164557,5.063291139240507
E00167523,195,66,21,45,129,112,17,33.84615384615385,10.76923076923077,23.076923076923077,66.15384615384615,57.43589743589743,8.717948717948717
E00167524,85,34,14,20,51,40,11,40,16.470588235294116,23.52941176470588,60,47.05882352941176,12.941176470588237
E00167525,72,31,16,15,41,35,6,43.05555555555556,22.22222222222222,20.833333333333336,56.94444444444444,48.61111111111111,8.333333333333332
E00167526,80,25,14,11,55,54,1,31.25,17.5,13.750000000000002,68.75,67.5,1.25
E00167527,129,44,22,22,85,73,12,34.10852713178294,17.05426356589147,17.05426356589147,65.89147286821705,56.58914728682171,9.30232558139535
E00167528,75,22,15,7,53,43,10,29.333333333333332,20,9.333333333333334,70.66666666666667,57.333333333333336,13.333333333333334
E00167529,210,42,13,29,168,135,33,20,6.190476190476191,13.80952380952381,80,64.28571428571429,15.714285714285714
E00167530,204,55,16,39,149,115,34,26.96078431372549,7.8431372549019605,19.11764705882353,73.0392156862745,56.372549019607845,16.666666666666664
E00167531,147,34,16,18,113,88,25,23.12925170068027,10.884353741496598,12.244897959183673,76.87074829931973,59.863945578231295,17.006802721088434
E00167532,174,53,24,29,121,100,21,30.45977011494253,13.793103448275861,16.666666666666664,69.54022988505747,57.47126436781609,12.068965517241379
E00167533,61,38,25,13,23,22,1,62.295081967213115,40.98360655737705,21.311475409836063,37.704918032786885,36.0655737704918,1.639344262295082
E00167534,235,67,21,46,168,142,26,28.510638297872344,8.936170212765958,19.574468085106382,71.48936170212767,60.42553191489362,11.063829787234042
E00167535,220,59,18,41,161,141,20,26.81818181818182,8.181818181818182,18.636363636363637,73.18181818181819,64.0909090909091,9.090909090909092
E00167537,115,47,24,23,68,62,6,40.869565217391305,20.869565217391305,20,59.130434782608695,53.91304347826087,5.217391304347826
E00167538,103,20,10,10,83,69,14,19.41747572815534,9.70873786407767,9.70873786407767,80.58252427184466,66.99029126213593,13.592233009708737
E00167539,127,33,10,23,94,78,16,25.984251968503933,7.874015748031496,18.11023622047244,74.01574803149606,61.417322834645674,12.598425196850393
E00167540,84,29,13,16,55,48,7,34.523809523809526,15.476190476190476,19.047619047619047,65.47619047619048,57.14285714285714,8.333333333333332
E00167543,180,54,18,36,126,100,26,30,10,20,70,55.55555555555556,14.444444444444443
E00167544,210,75,21,54,135,111,24,35.714285714285715,10,25.71428571428571,64.28571428571429,52.85714285714286,11.428571428571429
E00167545,51,13,7,6,38,35,3,25.49019607843137,13.725490196078432,11.76470588235294,74.50980392156863,68.62745098039215,5.88235294117647
E00167546,85,28,10,18,57,44,13,32.94117647058823,11.76470588235294,21.176470588235293,67.05882352941175,51.76470588235295,15.294117647058824
E00167547,175,43,11,32,132,116,16,24.571428571428573,6.2857142857142865,18.285714285714285,75.42857142857143,66.28571428571428,9.142857142857142
E00167548,124,44,12,32,80,62,18,35.483870967741936,9.67741935483871,25.806451612903224,64.51612903225806,50,14.516129032258066
E00167549,162,58,16,42,104,83,21,35.80246913580247,9.876543209876543,25.925925925925924,64.19753086419753,51.23456790123457,12.962962962962962
E00167550,190,75,23,52,115,100,15,39.473684210526315,12.105263157894736,27.368421052631582,60.526315789473685,52.63157894736842,7.894736842105263
E00167551,209,61,18,43,148,124,24,29.1866028708134,8.61244019138756,20.574162679425836,70.81339712918661,59.33014354066985,11.483253588516746
E00167552,173,51,13,38,122,109,13,29.47976878612717,7.514450867052023,21.965317919075144,70.52023121387283,63.005780346820806,7.514450867052023
E00167553,230,82,24,58,148,118,30,35.65217391304348,10.434782608695652,25.217391304347824,64.34782608695652,51.30434782608696,13.043478260869565
E00167554,58,14,2,12,44,29,15,24.137931034482758,3.4482758620689653,20.689655172413794,75.86206896551724,50,25.862068965517242
E00167555,53,21,5,16,32,31,1,39.62264150943396,9.433962264150944,30.18867924528302,60.37735849056604,58.490566037735846,1.8867924528301887
E00167557,548,461,345,116,87,71,16,84.12408759124088,62.95620437956204,21.16788321167883,15.875912408759124,12.956204379562045,2.9197080291970803
E00190147,148,48,19,29,100,74,26,32.432432432432435,12.837837837837837,19.594594594594593,67.56756756756756,50,17.56756756756757
E00190154,56,25,6,19,31,28,3,44.642857142857146,10.714285714285714,33.92857142857143,55.35714285714286,50,5.357142857142857
E00190156,107,34,18,16,73,64,9,31.775700934579437,16.822429906542055,14.953271028037381,68.22429906542055,59.813084112149525,8.411214953271028
E00190159,162,46,15,31,116,99,17,28.39506172839506,9.25925925925926,19.1358024691358,71.60493827160494,61.111111111111114,10.493827160493826
E00190161,94,53,30,23,41,34,7,56.38297872340425,31.914893617021278,24.46808510638298,43.61702127659575,36.17021276595745,7.446808510638298
E00190164,102,76,53,23,26,21,5,74.50980392156863,51.9607843137255,22.54901960784314,25.49019607843137,20.588235294117645,4.901960784313726
E00190165,150,43,13,30,107,84,23,28.666666666666668,8.666666666666668,20,71.33333333333334,56.00000000000001,15.333333333333332
E00190166,138,78,39,39,60,54,6,56.52173913043478,28.26086956521739,28.26086956521739,43.47826086956522,39.130434782608695,4.3478260869565215
E00190167,147,40,13,27,107,90,17,27.2108843537415,8.843537414965986,18.367346938775512,72.78911564625851,61.224489795918366,11.564625850340136
E00190169,136,37,19,18,99,87,12,27.205882352941174,13.970588235294118,13.23529411764706,72.79411764705883,63.970588235294116,8.823529411764707
E00190174,158,50,23,27,108,55,53,31.645569620253166,14.556962025316455,17.088607594936708,68.35443037974683,34.810126582278485,33.54430379746836
E00190177,92,39,18,21,53,42,11,42.391304347826086,19.565217391304348,22.82608695652174,57.608695652173914,45.65217391304348,11.956521739130435
E00190178,145,24,11,13,121,98,23,16.551724137931036,7.586206896551724,8.96551724137931,83.44827586206897,67.58620689655173,15.862068965517242
E00190179,106,36,11,25,70,60,10,33.9622641509434,10.377358490566039,23.58490566037736,66.0377358490566,56.60377358490566,9.433962264150944
E00190185,212,74,20,54,138,114,24,34.90566037735849,9.433962264150944,25.471698113207548,65.09433962264151,53.77358490566038,11.320754716981133
E00190188,170,59,18,41,111,88,23,34.705882352941174,10.588235294117647,24.11764705882353,65.29411764705883,51.76470588235295,13.529411764705882
E00190192,116,55,20,35,61,51,10,47.41379310344828,17.24137931034483,30.17241379310345,52.58620689655172,43.96551724137931,8.620689655172415
E00190193,187,40,12,28,147,123,24,21.390374331550802,6.417112299465241,14.973262032085561,78.6096256684492,65.77540106951871,12.834224598930483
E00190194,93,26,17,9,67,53,14,27.956989247311824,18.27956989247312,9.67741935483871,72.04301075268818,56.98924731182796,15.053763440860216
E00190198,165,50,18,32,115,103,12,30.303030303030305,10.909090909090908,19.393939393939394,69.6969696969697,62.42424242424243,7.2727272727272725
E00190200,185,57,16,41,128,112,16,30.810810810810814,8.64864864864865,22.162162162162165,69.1891891891892,60.54054054054055,8.64864864864865
E00190201,214,56,14,42,158,124,34,26.168224299065418,6.5420560747663545,19.626168224299064,73.83177570093457,57.943925233644855,15.887850467289718
E00190205,145,103,70,33,42,37,5,71.03448275862068,48.275862068965516,22.758620689655174,28.965517241379313,25.517241379310345,3.4482758620689653
E00190207,160,49,21,28,111,77,34,30.625000000000004,13.125,17.5,69.375,48.125,21.25
E00190210,84,30,10,20,54,53,1,35.714285714285715,11.904761904761903,23.809523809523807,64.28571428571429,63.095238095238095,1.1904761904761905
E00190212,206,59,28,31,147,124,23,28.640776699029125,13.592233009708737,15.048543689320388,71.35922330097088,60.19417475728155,11.165048543689322
E00190215,130,45,14,31,85,73,12,34.61538461538461,10.76923076923077,23.846153846153847,65.38461538461539,56.15384615384615,9.230769230769232
E00190217,125,34,11,23,91,72,19,27.200000000000003,8.799999999999999,18.4,72.8,57.599999999999994,15.2
E00190218,147,29,7,22,118,102,16,19.727891156462583,4.761904761904762,14.965986394557824,80.27210884353741,69.38775510204081,10.884353741496598
