OA,ts0380001,ts0380002,ts0380003,ts0380004,ts0380005,ts0380006,ts0380007,ts0380002_PCT,ts0380003_PCT,ts0380004_PCT,ts0380005_PCT,ts0380006_PCT,ts0380007_PCT
E00122064,319,38,15,23,281,29,252,11.912225705329153,4.702194357366771,7.210031347962382,88.08777429467085,9.090909090909092,78.99686520376176
E00122065,339,78,31,47,261,30,231,23.008849557522122,9.144542772861357,13.864306784660767,76.99115044247787,8.849557522123893,68.14159292035397
E00122066,313,85,34,51,228,25,203,27.15654952076677,10.86261980830671,16.293929712460063,72.84345047923323,7.987220447284344,64.85623003194888
E00122067,294,37,7,30,257,26,231,12.585034013605442,2.380952380952381,10.204081632653061,87.41496598639455,8.843537414965986,78.57142857142857
E00122068,182,56,27,29,126,15,111,30.76923076923077,14.835164835164836,15.934065934065933,69.23076923076923,8.241758241758241,60.98901098901099
E00122069,268,79,57,22,189,15,174,29.47761194029851,21.26865671641791,8.208955223880597,70.52238805970148,5.597014925373134,64.92537313432835
E00122070,266,36,8,28,230,28,202,13.533834586466165,3.007518796992481,10.526315789473683,86.46616541353383,10.526315789473683,75.93984962406014
E00122071,248,48,18,30,200,22,178,19.35483870967742,7.258064516129033,12.096774193548388,80.64516129032258,8.870967741935484,71.7741935483871
E00122072,227,31,11,20,196,18,178,13.656387665198238,4.845814977973569,8.81057268722467,86.34361233480176,7.929515418502203,78.41409691629956
E00122073,341,57,24,33,284,19,265,16.715542521994134,7.038123167155426,9.67741935483871,83.28445747800586,5.571847507331378,77.71260997067448
E00122074,437,70,18,52,367,27,340,16.018306636155607,4.118993135011442,11.899313501144166,83.98169336384439,6.178489702517163,77.80320366132723
E00122075,404,115,45,70,289,17,272,28.465346534653463,11.138613861386139,17.326732673267326,71.53465346534654,4.207920792079208,67.32673267326733
E00122077,319,83,26,57,236,24,212,26.01880877742947,8.150470219435736,17.86833855799373,73.98119122257053,7.523510971786834,66.4576802507837
E00122078,302,59,25,34,243,17,226,19.5364238410596,8.27814569536424,11.258278145695364,80.4635761589404,5.629139072847682,74.83443708609272
E00122080,308,64,18,46,244,28,216,20.77922077922078,5.844155844155844,14.935064935064934,79.22077922077922,9.090909090909092,70.12987012987013
E00122083,367,90,42,48,277,26,251,24.52316076294278,11.444141689373296,13.079019073569482,75.47683923705722,7.084468664850137,68.39237057220708
E00122084,324,102,47,55,222,19,203,31.48148148148148,14.506172839506174,16.97530864197531,68.51851851851852,5.864197530864197,62.65432098765432
E00122085,605,123,23,100,482,44,438,20.330578512396695,3.8016528925619832,16.528925619834713,79.66942148760332,7.2727272727272725,72.39669421487604
E00122086,338,106,51,55,232,20,212,31.360946745562128,15.088757396449704,16.272189349112427,68.63905325443787,5.9171597633136095,62.721893491124256
E00122087,327,39,11,28,288,38,250,11.926605504587156,3.3639143730886847,8.56269113149847,88.07339449541286,11.62079510703364,76.45259938837921
E00122088,306,49,20,29,257,23,234,16.013071895424837,6.535947712418301,9.477124183006536,83.98692810457517,7.516339869281046,76.47058823529412
E00122089,276,38,8,30,238,23,215,13.768115942028986,2.898550724637681,10.869565217391305,86.23188405797102,8.333333333333332,77.89855072463769
E00122090,284,46,21,25,238,25,213,16.19718309859155,7.394366197183098,8.80281690140845,83.80281690140845,8.80281690140845,75
E00122091,324,52,17,35,272,33,239,16.049382716049383,5.246913580246913,10.802469135802468,83.9506172839506,10.185185185185185,73.76543209876543
E00122092,462,117,60,57,345,44,301,25.324675324675322,12.987012987012985,12.337662337662337,74.67532467532467,9.523809523809524,65.15151515151516
E00122093,300,46,12,34,254,26,228,15.333333333333332,4,11.333333333333332,84.66666666666667,8.666666666666668,76
E00122094,279,34,7,27,245,25,220,12.186379928315413,2.5089605734767026,9.67741935483871,87.81362007168458,8.960573476702509,78.85304659498208
E00122095,416,48,18,30,368,50,318,11.538461538461538,4.326923076923077,7.211538461538461,88.46153846153845,12.01923076923077,76.4423076923077
E00122096,299,47,19,28,252,33,219,15.719063545150503,6.354515050167224,9.364548494983277,84.2809364548495,11.036789297658862,73.24414715719062
E00122097,417,56,26,30,361,22,339,13.42925659472422,6.235011990407674,7.1942446043165464,86.57074340527578,5.275779376498801,81.29496402877699
E00122098,378,45,24,21,333,17,316,11.904761904761903,6.349206349206349,5.555555555555555,88.09523809523809,4.497354497354497,83.5978835978836
E00122099,356,103,48,55,253,14,239,28.932584269662918,13.48314606741573,15.44943820224719,71.06741573033707,3.932584269662921,67.13483146067416
E00122100,396,45,22,23,351,12,339,11.363636363636363,5.555555555555555,5.808080808080808,88.63636363636364,3.0303030303030303,85.60606060606061
E00122101,459,80,15,65,379,43,336,17.429193899782135,3.2679738562091507,14.161220043572984,82.57080610021787,9.368191721132897,73.20261437908496
E00122102,268,44,22,22,224,25,199,16.417910447761194,8.208955223880597,8.208955223880597,83.5820895522388,9.328358208955224,74.25373134328358
E00122103,323,50,21,29,273,22,251,15.479876160990713,6.5015479876160995,8.978328173374612,84.52012383900929,6.811145510835913,77.70897832817337
E00122105,326,54,14,40,272,26,246,16.56441717791411,4.294478527607362,12.269938650306749,83.43558282208589,7.975460122699387,75.4601226993865
E00122106,358,80,35,45,278,28,250,22.3463687150838,9.776536312849162,12.569832402234638,77.6536312849162,7.82122905027933,69.83240223463687
E00122107,376,61,19,42,315,37,278,16.22340425531915,5.053191489361701,11.170212765957446,83.77659574468085,9.840425531914894,73.93617021276596
E00122110,197,25,8,17,172,19,153,12.690355329949238,4.060913705583756,8.629441624365482,87.30964467005076,9.644670050761421,77.66497461928934
E00122111,271,64,27,37,207,20,187,23.616236162361623,9.96309963099631,13.653136531365314,76.38376383763837,7.380073800738007,69.00369003690037
E00122112,358,69,27,42,289,23,266,19.273743016759777,7.5418994413407825,11.731843575418994,80.72625698324022,6.424581005586592,74.30167597765363
E00122114,365,62,21,41,303,36,267,16.986301369863014,5.7534246575342465,11.232876712328768,83.01369863013699,9.863013698630137,73.15068493150685
E00122115,333,56,20,36,277,31,246,16.816816816816818,6.006006006006006,10.81081081081081,83.18318318318319,9.30930930930931,73.87387387387388
E00122116,349,92,39,53,257,27,230,26.36103151862464,11.174785100286533,15.18624641833811,73.63896848137536,7.736389684813753,65.90257879656161
E00122117,339,85,43,42,254,26,228,25.073746312684364,12.684365781710916,12.389380530973451,74.92625368731564,7.669616519174041,67.2566371681416
E00122118,334,42,14,28,292,34,258,12.574850299401197,4.191616766467066,8.383233532934131,87.42514970059881,10.179640718562874,77.24550898203593
E00122119,160,30,10,20,130,12,118,18.75,6.25,12.5,81.25,7.5,73.75
E00122120,259,37,12,25,222,27,195,14.285714285714285,4.633204633204633,9.652509652509652,85.71428571428571,10.424710424710424,75.2895752895753
E00122121,329,49,12,37,280,31,249,14.893617021276595,3.64741641337386,11.246200607902736,85.1063829787234,9.422492401215806,75.6838905775076
E00122122,303,105,50,55,198,15,183,34.65346534653465,16.5016501650165,18.151815181518153,65.34653465346535,4.9504950495049505,60.396039603960396
E00122123,307,41,12,29,266,27,239,13.355048859934854,3.908794788273615,9.446254071661238,86.64495114006515,8.794788273615636,77.85016286644951
E00122124,300,30,10,20,270,23,247,10,3.3333333333333335,6.666666666666667,90,7.666666666666666,82.33333333333334
E00122125,337,42,18,24,295,19,276,12.462908011869436,5.341246290801187,7.121661721068249,87.53709198813057,5.637982195845697,81.89910979228486
E00122126,347,78,34,44,269,25,244,22.478386167146976,9.798270893371757,12.680115273775217,77.52161383285303,7.204610951008646,70.31700288184439
E00122127,380,49,16,33,331,29,302,12.894736842105264,4.2105263157894735,8.68421052631579,87.10526315789474,7.631578947368421,79.47368421052632
E00122128,443,71,27,44,372,44,328,16.02708803611738,6.094808126410835,9.932279909706546,83.97291196388262,9.932279909706546,74.04063205417607
E00122129,336,66,26,40,270,23,247,19.642857142857142,7.738095238095238,11.904761904761903,80.35714285714286,6.845238095238096,73.51190476190477
E00122130,345,61,20,41,284,25,259,17.681159420289855,5.797101449275362,11.884057971014492,82.31884057971014,7.246376811594203,75.07246376811594
E00122131,283,44,16,28,239,31,208,15.547703180212014,5.6537102473498235,9.89399293286219,84.45229681978799,10.954063604240282,73.4982332155477
E00122132,346,52,27,25,294,29,265,15.028901734104046,7.803468208092486,7.225433526011561,84.97109826589595,8.38150289017341,76.58959537572254
E00122133,283,62,24,38,221,24,197,21.908127208480565,8.480565371024735,13.427561837455832,78.09187279151944,8.480565371024735,69.6113074204947
E00122134,411,54,22,32,357,43,314,13.138686131386862,5.35279805352798,7.785888077858881,86.86131386861314,10.46228710462287,76.39902676399026
E00122135,302,55,23,32,247,22,225,18.211920529801322,7.6158940397351,10.596026490066226,81.78807947019867,7.28476821192053,74.50331125827815
E00122136,317,69,34,35,248,23,225,21.766561514195583,10.725552050473187,11.041009463722396,78.23343848580441,7.255520504731862,70.97791798107255
E00122137,291,68,21,47,223,20,203,23.367697594501717,7.216494845360824,16.151202749140893,76.6323024054983,6.872852233676976,69.7594501718213
E00122138,274,70,24,46,204,30,174,25.547445255474454,8.75912408759124,16.78832116788321,74.45255474452554,10.948905109489052,63.503649635036496
E00122139,241,62,26,36,179,26,153,25.72614107883817,10.78838174273859,14.937759336099585,74.27385892116183,10.78838174273859,63.48547717842323
E00122140,155,73,47,26,82,13,69,47.096774193548384,30.32258064516129,16.7741935483871,52.903225806451616,8.38709677419355,44.516129032258064
E00122141,321,91,37,54,230,29,201,28.34890965732087,11.526479750778815,16.822429906542055,71.65109034267913,9.034267912772584,62.616822429906534
E00122142,188,61,33,28,127,22,105,32.4468085106383,17.5531914893617,14.893617021276595,67.5531914893617,11.702127659574469,55.85106382978723
E00122143,252,76,39,37,176,15,161,30.158730158730158,15.476190476190476,14.682539682539684,69.84126984126983,5.952380952380952,63.888888888888886
E00122144,289,56,22,34,233,28,205,19.377162629757784,7.612456747404845,11.76470588235294,80.62283737024222,9.688581314878892,70.93425605536332
E00122145,288,67,32,35,221,24,197,23.26388888888889,11.11111111111111,12.152777777777777,76.73611111111111,8.333333333333332,68.40277777777779
E00122146,278,67,27,40,211,23,188,24.100719424460433,9.712230215827338,14.388489208633093,75.89928057553958,8.273381294964029,67.62589928057554
E00122147,350,45,15,30,305,36,269,12.857142857142856,4.285714285714286,8.571428571428571,87.14285714285714,10.285714285714285,76.85714285714286
E00122148,333,59,21,38,274,33,241,17.71771771771772,6.306306306306306,11.411411411411411,82.28228228228228,9.90990990990991,72.37237237237237
E00122149,271,50,20,30,221,35,186,18.45018450184502,7.380073800738007,11.07011070110701,81.54981549815497,12.915129151291513,68.63468634686348
E00122150,229,45,11,34,184,23,161,19.65065502183406,4.8034934497816595,14.847161572052403,80.34934497816593,10.043668122270741,70.3056768558952
E00122151,282,62,29,33,220,28,192,21.98581560283688,10.28368794326241,11.702127659574469,78.01418439716312,9.929078014184398,68.08510638297872
E00122152,288,43,14,29,245,20,225,14.930555555555555,4.861111111111112,10.069444444444445,85.06944444444444,6.944444444444445,78.125
E00122153,358,63,24,39,295,40,255,17.59776536312849,6.70391061452514,10.893854748603351,82.40223463687151,11.1731843575419,71.22905027932961
E00122154,289,44,21,23,245,26,219,15.22491349480969,7.26643598615917,7.958477508650519,84.77508650519032,8.996539792387544,75.77854671280276
E00122155,312,65,39,26,247,36,211,20.833333333333336,12.5,8.333333333333332,79.16666666666666,11.538461538461538,67.62820512820514
E00122156,414,77,28,49,337,39,298,18.59903381642512,6.763285024154589,11.83574879227053,81.40096618357488,9.420289855072465,71.98067632850241
E00122157,342,51,11,40,291,32,259,14.912280701754385,3.216374269005848,11.695906432748536,85.08771929824562,9.35672514619883,75.73099415204678
E00122158,286,40,16,24,246,26,220,13.986013986013987,5.594405594405594,8.391608391608392,86.01398601398601,9.090909090909092,76.92307692307693
E00122159,214,67,32,35,147,12,135,31.308411214953267,14.953271028037381,16.355140186915886,68.69158878504673,5.607476635514018,63.084112149532714
E00122160,242,44,15,29,198,22,176,18.181818181818183,6.198347107438017,11.983471074380166,81.81818181818183,9.090909090909092,72.72727272727273
E00122161,337,51,14,37,286,26,260,15.133531157270031,4.154302670623145,10.979228486646884,84.86646884272997,7.71513353115727,77.1513353115727
E00122162,292,50,22,28,242,22,220,17.123287671232877,7.534246575342466,9.58904109589041,82.87671232876713,7.534246575342466,75.34246575342466
E00122163,318,56,19,37,262,20,242,17.61006289308176,5.9748427672955975,11.635220125786164,82.38993710691824,6.289308176100629,76.10062893081762
E00122164,360,65,16,49,295,37,258,18.055555555555554,4.444444444444445,13.61111111111111,81.94444444444444,10.277777777777777,71.66666666666667
E00122165,266,59,24,35,207,35,172,22.18045112781955,9.022556390977442,13.157894736842104,77.81954887218046,13.157894736842104,64.66165413533834
E00122166,317,75,39,36,242,18,224,23.65930599369085,12.302839116719243,11.35646687697161,76.34069400630915,5.678233438485805,70.66246056782335
E00122167,346,72,37,35,274,25,249,20.809248554913296,10.69364161849711,10.115606936416185,79.1907514450867,7.225433526011561,71.96531791907515
E00122169,316,50,23,27,266,31,235,15.822784810126583,7.2784810126582276,8.544303797468354,84.17721518987342,9.81012658227848,74.36708860759494
E00122170,393,85,43,42,308,46,262,21.62849872773537,10.941475826972011,10.687022900763358,78.37150127226464,11.704834605597965,66.66666666666666
E00122171,362,100,39,61,262,19,243,27.624309392265197,10.773480662983426,16.85082872928177,72.37569060773481,5.248618784530387,67.12707182320442
E00122172,366,94,50,44,272,29,243,25.683060109289617,13.661202185792352,12.021857923497267,74.31693989071039,7.923497267759563,66.39344262295081
E00122173,309,50,12,38,259,33,226,16.181229773462782,3.8834951456310676,12.297734627831716,83.81877022653723,10.679611650485436,73.13915857605178
E00122174,297,42,14,28,255,30,225,14.14141414141414,4.713804713804714,9.427609427609427,85.85858585858585,10.1010101010101,75.75757575757575
E00122175,287,55,18,37,232,17,215,19.16376306620209,6.2717770034843205,12.89198606271777,80.8362369337979,5.923344947735192,74.91289198606272
E00122176,288,73,33,40,215,25,190,25.34722222222222,11.458333333333332,13.88888888888889,74.65277777777779,8.680555555555555,65.97222222222221
E00122177,303,70,28,42,233,36,197,23.1023102310231,9.24092409240924,13.861386138613863,76.89768976897689,11.881188118811881,65.01650165016501
E00122178,310,97,43,54,213,26,187,31.290322580645164,13.870967741935484,17.419354838709676,68.70967741935485,8.38709677419355,60.322580645161295
E00122179,403,98,57,41,305,31,274,24.317617866004962,14.1439205955335,10.173697270471465,75.68238213399503,7.6923076923076925,67.99007444168734
E00122180,401,68,20,48,333,30,303,16.957605985037407,4.987531172069826,11.970074812967582,83.0423940149626,7.4812967581047385,75.56109725685786
E00122181,328,51,19,32,277,30,247,15.548780487804878,5.7926829268292686,9.75609756097561,84.45121951219512,9.146341463414634,75.3048780487805
E00122182,343,84,37,47,259,28,231,24.489795918367346,10.787172011661808,13.702623906705538,75.51020408163265,8.16326530612245,67.3469387755102
E00122183,303,73,35,38,230,25,205,24.09240924092409,11.55115511551155,12.541254125412541,75.9075907590759,8.25082508250825,67.65676567656766
E00122184,292,67,28,39,225,27,198,22.945205479452056,9.58904109589041,13.356164383561644,77.05479452054794,9.246575342465754,67.8082191780822
E00122185,344,106,55,51,238,22,216,30.813953488372093,15.988372093023257,14.825581395348838,69.18604651162791,6.395348837209303,62.7906976744186
E00122186,238,76,40,36,162,15,147,31.932773109243694,16.80672268907563,15.126050420168067,68.0672268907563,6.302521008403361,61.76470588235294
E00122188,386,66,29,37,320,34,286,17.098445595854923,7.512953367875648,9.585492227979273,82.90155440414507,8.808290155440414,74.09326424870466
E00122189,256,49,23,26,207,18,189,19.140625,8.984375,10.15625,80.859375,7.03125,73.828125
E00122191,457,96,45,51,361,43,318,21.00656455142232,9.846827133479213,11.159737417943107,78.99343544857767,9.409190371991247,69.58424507658644
E00122192,166,31,14,17,135,10,125,18.67469879518072,8.433734939759036,10.240963855421686,81.32530120481928,6.024096385542169,75.30120481927712
E00122193,346,67,18,49,279,31,248,19.36416184971098,5.202312138728324,14.16184971098266,80.63583815028902,8.959537572254336,71.67630057803468
E00122194,307,56,25,31,251,26,225,18.241042345276874,8.143322475570033,10.097719869706841,81.75895765472313,8.469055374592834,73.28990228013029
E00122195,429,99,58,41,330,28,302,23.076923076923077,13.51981351981352,9.557109557109557,76.92307692307693,6.526806526806526,70.3962703962704
E00122196,465,65,21,44,400,30,370,13.978494623655912,4.516129032258064,9.46236559139785,86.02150537634408,6.451612903225806,79.56989247311827
E00122197,243,40,19,21,203,21,182,16.46090534979424,7.818930041152264,8.641975308641975,83.53909465020575,8.641975308641975,74.8971193415638
E00122198,311,42,14,28,269,26,243,13.504823151125404,4.501607717041801,9.003215434083602,86.49517684887459,8.360128617363344,78.13504823151125
E00122199,275,53,20,33,222,25,197,19.272727272727273,7.2727272727272725,12,80.72727272727272,9.090909090909092,71.63636363636363
E00122200,269,76,25,51,193,14,179,28.25278810408922,9.293680297397769,18.95910780669145,71.74721189591078,5.204460966542751,66.54275092936803
E00122201,150,34,12,22,116,11,105,22.666666666666664,8,14.666666666666666,77.33333333333333,7.333333333333333,70
E00122202,237,43,14,29,194,35,159,18.143459915611814,5.9071729957805905,12.236286919831224,81.85654008438819,14.767932489451477,67.08860759493672
E00122203,165,26,7,19,139,18,121,15.757575757575756,4.242424242424243,11.515151515151516,84.24242424242424,10.909090909090908,73.33333333333333
E00122204,323,53,17,36,270,34,236,16.408668730650156,5.263157894736842,11.145510835913312,83.59133126934985,10.526315789473683,73.06501547987617
E00122205,259,35,8,27,224,19,205,13.513513513513514,3.088803088803089,10.424710424710424,86.48648648648648,7.335907335907336,79.15057915057915
E00122206,203,30,11,19,173,24,149,14.77832512315271,5.41871921182266,9.35960591133005,85.22167487684729,11.822660098522167,73.39901477832512
E00122207,280,56,31,25,224,19,205,20,11.071428571428571,8.928571428571429,80,6.785714285714286,73.21428571428571
E00122208,184,27,6,21,157,19,138,14.673913043478262,3.260869565217391,11.41304347826087,85.32608695652173,10.326086956521738,75
E00122209,242,81,43,38,161,20,141,33.47107438016529,17.768595041322314,15.702479338842975,66.52892561983471,8.264462809917356,58.26446280991735
E00122210,288,42,19,23,246,22,224,14.583333333333334,6.597222222222222,7.986111111111111,85.41666666666666,7.638888888888889,77.77777777777779
E00122211,368,83,41,42,285,37,248,22.554347826086957,11.141304347826086,11.41304347826087,77.44565217391305,10.054347826086957,67.3913043478261
E00122212,243,46,15,31,197,15,182,18.930041152263374,6.172839506172839,12.757201646090536,81.06995884773663,6.172839506172839,74.8971193415638
E00122213,194,34,11,23,160,22,138,17.525773195876287,5.670103092783505,11.855670103092782,82.4742268041237,11.34020618556701,71.1340206185567
E00122214,231,29,9,20,202,22,180,12.554112554112553,3.896103896103896,8.658008658008658,87.44588744588745,9.523809523809524,77.92207792207793
E00122215,196,36,13,23,160,21,139,18.367346938775512,6.63265306122449,11.73469387755102,81.63265306122449,10.714285714285714,70.91836734693877
E00122216,184,25,7,18,159,18,141,13.586956521739129,3.804347826086957,9.782608695652174,86.41304347826086,9.782608695652174,76.63043478260869
E00122217,341,54,24,30,287,24,263,15.835777126099707,7.038123167155426,8.797653958944283,84.1642228739003,7.038123167155426,77.12609970674487
E00122218,314,57,22,35,257,22,235,18.152866242038215,7.006369426751593,11.146496815286625,81.84713375796179,7.006369426751593,74.84076433121018
E00122219,209,59,28,31,150,20,130,28.22966507177033,13.397129186602871,14.832535885167463,71.77033492822966,9.569377990430622,62.20095693779905
E00122220,267,42,13,29,225,25,200,15.730337078651685,4.868913857677903,10.861423220973784,84.26966292134831,9.363295880149813,74.90636704119851
E00122221,356,73,28,45,283,24,259,20.50561797752809,7.865168539325842,12.640449438202248,79.49438202247191,6.741573033707865,72.75280898876404
E00122222,289,41,16,25,248,26,222,14.186851211072666,5.536332179930796,8.650519031141869,85.81314878892734,8.996539792387544,76.8166089965398
E00122224,364,62,21,41,302,32,270,17.032967032967033,5.769230769230769,11.263736263736265,82.96703296703298,8.791208791208792,74.17582417582418
E00122225,602,98,39,59,504,40,464,16.27906976744186,6.4784053156146175,9.800664451827243,83.72093023255815,6.64451827242525,77.0764119601329
E00122227,532,115,58,57,417,46,371,21.616541353383457,10.902255639097744,10.714285714285714,78.38345864661655,8.646616541353383,69.73684210526315
E00122228,415,67,25,42,348,34,314,16.14457831325301,6.024096385542169,10.120481927710843,83.855421686747,8.19277108433735,75.66265060240964
E00122229,353,67,24,43,286,27,259,18.980169971671387,6.79886685552408,12.181303116147308,81.01983002832861,7.64872521246459,73.37110481586402
E00122230,319,71,33,38,248,22,226,22.25705329153605,10.344827586206897,11.912225705329153,77.74294670846395,6.896551724137931,70.84639498432603
E00122231,253,45,26,19,208,15,193,17.786561264822133,10.276679841897234,7.5098814229249005,82.21343873517787,5.928853754940711,76.28458498023716
E00122232,324,66,38,28,258,21,237,20.37037037037037,11.728395061728394,8.641975308641975,79.62962962962963,6.481481481481481,73.14814814814815
E00122233,451,48,20,28,403,28,375,10.643015521064301,4.434589800443459,6.208425720620843,89.3569844789357,6.208425720620843,83.14855875831486
E00122234,319,54,25,29,265,30,235,16.927899686520377,7.836990595611286,9.090909090909092,83.07210031347962,9.404388714733543,73.66771159874608
E00122235,379,61,14,47,318,30,288,16.094986807387862,3.6939313984168867,12.401055408970976,83.90501319261213,7.9155672823219,75.98944591029023
E00122236,298,59,17,42,239,26,213,19.798657718120804,5.704697986577181,14.093959731543624,80.20134228187919,8.724832214765101,71.47651006711409
E00122237,229,75,31,44,154,19,135,32.751091703056765,13.537117903930133,19.213973799126638,67.24890829694323,8.296943231441048,58.951965065502186
E00122238,334,69,28,41,265,29,236,20.65868263473054,8.383233532934131,12.275449101796406,79.34131736526946,8.682634730538922,70.65868263473054
E00122239,321,123,84,39,198,17,181,38.31775700934579,26.168224299065418,12.149532710280374,61.6822429906542,5.29595015576324,56.38629283489096
E00122240,384,96,43,53,288,33,255,25,11.197916666666668,13.802083333333334,75,8.59375,66.40625
E00122241,333,79,51,28,254,24,230,23.723723723723726,15.315315315315313,8.408408408408409,76.27627627627628,7.207207207207207,69.06906906906907
E00122242,329,48,18,30,281,35,246,14.58966565349544,5.47112462006079,9.118541033434651,85.41033434650456,10.638297872340425,74.77203647416414
E00122243,329,49,16,33,280,33,247,14.893617021276595,4.86322188449848,10.030395136778116,85.1063829787234,10.030395136778116,75.07598784194529
E00122244,359,43,16,27,316,43,273,11.977715877437326,4.456824512534819,7.520891364902507,88.02228412256268,11.977715877437326,76.04456824512535
E00122245,315,63,19,44,252,23,229,20,6.031746031746032,13.968253968253968,80,7.301587301587302,72.6984126984127
E00122246,315,75,41,34,240,20,220,23.809523809523807,13.015873015873018,10.793650793650794,76.19047619047619,6.349206349206349,69.84126984126983
E00122247,312,72,26,46,240,28,212,23.076923076923077,8.333333333333332,14.743589743589745,76.92307692307693,8.974358974358974,67.94871794871796
E00122248,315,87,45,42,228,23,205,27.61904761904762,14.285714285714285,13.333333333333334,72.38095238095238,7.301587301587302,65.07936507936508
E00122249,260,58,26,32,202,36,166,22.30769230769231,10,12.307692307692308,77.6923076923077,13.846153846153847,63.84615384615384
E00122250,441,124,71,53,317,27,290,28.117913832199548,16.099773242630384,12.01814058956916,71.88208616780045,6.122448979591836,65.75963718820861
E00122251,265,45,24,21,220,22,198,16.9811320754717,9.056603773584905,7.9245283018867925,83.01886792452831,8.30188679245283,74.71698113207546
E00122252,288,48,14,34,240,24,216,16.666666666666664,4.861111111111112,11.805555555555555,83.33333333333334,8.333333333333332,75
E00122253,295,47,20,27,248,29,219,15.932203389830507,6.779661016949152,9.152542372881356,84.06779661016948,9.830508474576272,74.23728813559322
E00122254,281,42,11,31,239,27,212,14.94661921708185,3.9145907473309607,11.032028469750891,85.05338078291815,9.608540925266903,75.44483985765125
E00122255,228,83,38,45,145,20,125,36.40350877192983,16.666666666666664,19.736842105263158,63.59649122807017,8.771929824561402,54.824561403508774
E00122256,196,85,38,47,111,16,95,43.36734693877551,19.387755102040817,23.97959183673469,56.63265306122449,8.16326530612245,48.46938775510204
E00122257,378,146,91,55,232,28,204,38.62433862433862,24.074074074074073,14.550264550264549,61.37566137566137,7.4074074074074066,53.96825396825397
E00122258,276,60,22,38,216,26,190,21.73913043478261,7.971014492753622,13.768115942028986,78.26086956521739,9.420289855072465,68.84057971014492
E00122259,238,43,16,27,195,17,178,18.067226890756302,6.722689075630252,11.344537815126051,81.9327731092437,7.142857142857142,74.78991596638656
E00122260,255,73,34,39,182,11,171,28.627450980392155,13.333333333333334,15.294117647058824,71.37254901960785,4.313725490196078,67.05882352941175
E00122261,297,75,27,48,222,22,200,25.252525252525253,9.090909090909092,16.161616161616163,74.74747474747475,7.4074074074074066,67.34006734006735
E00122262,319,104,68,36,215,18,197,32.60188087774294,21.316614420062695,11.285266457680251,67.39811912225704,5.6426332288401255,61.75548589341693
E00122263,470,94,42,52,376,27,349,20,8.936170212765958,11.063829787234042,80,5.74468085106383,74.25531914893617
E00122264,215,43,14,29,172,17,155,20,6.511627906976744,13.488372093023257,80,7.906976744186046,72.09302325581395
E00122265,144,56,24,32,88,18,70,38.88888888888889,16.666666666666664,22.22222222222222,61.111111111111114,12.5,48.61111111111111
E00122266,339,87,45,42,252,33,219,25.663716814159294,13.274336283185843,12.389380530973451,74.33628318584071,9.734513274336283,64.60176991150442
E00122267,317,93,51,42,224,22,202,29.33753943217666,16.08832807570978,13.249211356466878,70.66246056782335,6.940063091482649,63.722397476340696
E00122268,213,48,12,36,165,21,144,22.535211267605636,5.633802816901409,16.901408450704224,77.46478873239437,9.859154929577464,67.6056338028169
E00122269,269,73,25,48,196,14,182,27.137546468401485,9.293680297397769,17.843866171003718,72.86245353159852,5.204460966542751,67.65799256505576
E00122270,297,58,28,30,239,23,216,19.52861952861953,9.427609427609427,10.1010101010101,80.47138047138047,7.744107744107744,72.72727272727273
E00122271,260,74,33,41,186,20,166,28.46153846153846,12.692307692307692,15.769230769230768,71.53846153846153,7.6923076923076925,63.84615384615384
E00122272,273,67,29,38,206,23,183,24.54212454212454,10.622710622710622,13.91941391941392,75.45787545787546,8.424908424908425,67.03296703296702
E00122273,170,61,34,27,109,19,90,35.88235294117647,20,15.88235294117647,64.11764705882354,11.176470588235295,52.94117647058824
E00122274,271,66,30,36,205,31,174,24.354243542435423,11.07011070110701,13.284132841328415,75.64575645756457,11.439114391143912,64.20664206642066
E00122275,261,59,25,34,202,24,178,22.60536398467433,9.578544061302683,13.026819923371647,77.39463601532567,9.195402298850574,68.19923371647509
E00122276,314,66,26,40,248,21,227,21.019108280254777,8.280254777070063,12.738853503184714,78.98089171974523,6.687898089171974,72.29299363057325
E00122277,349,75,42,33,274,33,241,21.48997134670487,12.034383954154727,9.455587392550143,78.51002865329512,9.455587392550143,69.05444126074498
E00122278,451,75,21,54,376,32,344,16.62971175166297,4.656319290465632,11.973392461197339,83.37028824833703,7.095343680709535,76.27494456762749
E00122279,333,92,46,46,241,21,220,27.627627627627625,13.813813813813812,13.813813813813812,72.37237237237237,6.306306306306306,66.06606606606607
E00122280,346,96,53,43,250,25,225,27.74566473988439,15.31791907514451,12.427745664739884,72.25433526011561,7.225433526011561,65.02890173410405
E00122281,348,49,19,30,299,35,264,14.080459770114942,5.459770114942529,8.620689655172415,85.91954022988506,10.057471264367816,75.86206896551724
E00122282,321,59,19,40,262,26,236,18.38006230529595,5.919003115264798,12.461059190031152,81.61993769470405,8.09968847352025,73.5202492211838
E00122283,249,46,16,30,203,20,183,18.473895582329316,6.425702811244979,12.048192771084338,81.52610441767068,8.032128514056225,73.49397590361446
E00122284,261,37,11,26,224,18,206,14.17624521072797,4.21455938697318,9.961685823754788,85.82375478927203,6.896551724137931,78.9272030651341
E00122285,275,33,9,24,242,13,229,12,3.272727272727273,8.727272727272728,88,4.7272727272727275,83.27272727272728
E00122286,321,63,30,33,258,20,238,19.626168224299064,9.345794392523365,10.2803738317757,80.37383177570094,6.230529595015576,74.14330218068535
E00122287,311,50,18,32,261,30,231,16.077170418006432,5.787781350482315,10.289389067524116,83.92282958199357,9.646302250803858,74.27652733118971
E00122288,312,83,22,61,229,32,197,26.602564102564102,7.051282051282051,19.55128205128205,73.3974358974359,10.256410256410255,63.141025641025635
E00122289,362,62,26,36,300,26,274,17.12707182320442,7.18232044198895,9.94475138121547,82.87292817679558,7.18232044198895,75.69060773480662
E00122290,189,45,26,19,144,20,124,23.809523809523807,13.756613756613756,10.052910052910052,76.19047619047619,10.582010582010582,65.60846560846561
E00122291,360,72,28,44,288,21,267,20,7.777777777777778,12.222222222222221,80,5.833333333333333,74.16666666666667
E00122293,329,89,51,38,240,17,223,27.0516717325228,15.501519756838904,11.55015197568389,72.94832826747721,5.167173252279635,67.78115501519757
E00122294,404,72,37,35,332,44,288,17.82178217821782,9.158415841584159,8.663366336633663,82.17821782178217,10.891089108910892,71.28712871287128
E00122295,296,49,18,31,247,25,222,16.554054054054053,6.081081081081082,10.472972972972974,83.44594594594594,8.445945945945946,75
E00122296,339,72,25,47,267,23,244,21.238938053097346,7.374631268436578,13.864306784660767,78.76106194690266,6.784660766961652,71.976401179941
E00122297,306,53,16,37,253,18,235,17.320261437908496,5.228758169934641,12.091503267973856,82.6797385620915,5.88235294117647,76.79738562091504
E00122298,241,36,7,29,205,27,178,14.937759336099585,2.904564315352697,12.033195020746888,85.06224066390041,11.20331950207469,73.85892116182573
E00122299,317,41,14,27,276,31,245,12.933753943217665,4.416403785488959,8.517350157728707,87.06624605678233,9.779179810725552,77.28706624605678
E00122300,288,59,22,37,229,27,202,20.48611111111111,7.638888888888889,12.847222222222221,79.51388888888889,9.375,70.13888888888889
E00122301,312,79,40,39,233,18,215,25.320512820512818,12.82051282051282,12.5,74.67948717948718,5.769230769230769,68.91025641025641
E00122302,307,67,25,42,240,33,207,21.824104234527688,8.143322475570033,13.680781758957655,78.17589576547232,10.749185667752444,67.42671009771986
E00122303,317,65,29,36,252,24,228,20.50473186119874,9.14826498422713,11.35646687697161,79.49526813880126,7.570977917981073,71.92429022082018
E00122305,355,51,16,35,304,28,276,14.366197183098592,4.507042253521127,9.859154929577464,85.63380281690141,7.887323943661972,77.74647887323944
E00122306,362,107,55,52,255,20,235,29.55801104972376,15.193370165745856,14.3646408839779,70.44198895027624,5.524861878453039,64.9171270718232
E00122307,301,76,39,37,225,15,210,25.249169435215947,12.956810631229235,12.29235880398671,74.75083056478405,4.983388704318937,69.76744186046511
E00122308,333,71,26,45,262,29,233,21.32132132132132,7.807807807807808,13.513513513513514,78.67867867867868,8.708708708708707,69.96996996996997
E00122310,220,67,41,26,153,10,143,30.454545454545457,18.636363636363637,11.818181818181818,69.54545454545455,4.545454545454546,65
E00122311,370,110,58,52,260,19,241,29.72972972972973,15.675675675675677,14.054054054054054,70.27027027027027,5.135135135135135,65.13513513513513
E00122312,268,53,20,33,215,27,188,19.776119402985074,7.462686567164178,12.313432835820896,80.22388059701493,10.074626865671641,70.1492537313433
E00122313,334,102,42,60,232,22,210,30.538922155688624,12.574850299401197,17.964071856287426,69.46107784431138,6.58682634730539,62.874251497005986
E00122314,182,67,33,34,115,15,100,36.81318681318682,18.13186813186813,18.681318681318682,63.18681318681318,8.241758241758241,54.94505494505495
E00122315,119,43,16,27,76,11,65,36.134453781512605,13.445378151260504,22.689075630252102,63.86554621848739,9.243697478991598,54.621848739495796
E00122316,260,64,32,32,196,18,178,24.615384615384617,12.307692307692308,12.307692307692308,75.38461538461539,6.923076923076923,68.46153846153847
E00122317,461,80,20,60,381,42,339,17.35357917570499,4.3383947939262475,13.015184381778742,82.646420824295,9.11062906724512,73.53579175704989
E00122318,335,50,19,31,285,25,260,14.925373134328357,5.6716417910447765,9.253731343283581,85.07462686567165,7.462686567164178,77.61194029850746
E00122319,355,96,48,48,259,18,241,27.042253521126757,13.521126760563378,13.521126760563378,72.95774647887325,5.070422535211268,67.88732394366197
E00122320,352,75,41,34,277,16,261,21.306818181818183,11.647727272727272,9.659090909090908,78.69318181818183,4.545454545454546,74.14772727272727
E00122321,319,94,34,60,225,24,201,29.46708463949843,10.658307210031348,18.808777429467085,70.53291536050156,7.523510971786834,63.00940438871473
E00122322,326,110,52,58,216,21,195,33.74233128834356,15.950920245398773,17.791411042944784,66.25766871165644,6.441717791411043,59.8159509202454
E00122323,361,76,38,38,285,28,257,21.052631578947366,10.526315789473683,10.526315789473683,78.94736842105263,7.756232686980609,71.19113573407202
E00122324,276,44,23,21,232,25,207,15.942028985507244,8.333333333333332,7.608695652173914,84.05797101449275,9.057971014492754,75
E00122325,282,45,20,25,237,30,207,15.957446808510639,7.092198581560284,8.865248226950355,84.04255319148936,10.638297872340425,73.40425531914893
E00122326,221,52,24,28,169,20,149,23.52941176470588,10.85972850678733,12.669683257918551,76.47058823529412,9.049773755656108,67.42081447963801
E00122327,330,93,50,43,237,26,211,28.18181818181818,15.151515151515152,13.030303030303031,71.81818181818181,7.878787878787878,63.93939393939394
E00122328,298,76,31,45,222,31,191,25.503355704697988,10.40268456375839,15.100671140939598,74.49664429530202,10.40268456375839,64.09395973154362
E00122329,338,54,27,27,284,42,242,15.976331360946746,7.988165680473373,7.988165680473373,84.02366863905326,12.42603550295858,71.59763313609467
E00122330,292,61,22,39,231,25,206,20.89041095890411,7.534246575342466,13.356164383561644,79.1095890410959,8.561643835616438,70.54794520547945
E00122331,341,63,21,42,278,33,245,18.475073313782993,6.158357771260997,12.316715542521994,81.52492668621701,9.67741935483871,71.8475073313783
E00122332,369,102,38,64,267,22,245,27.64227642276423,10.29810298102981,17.344173441734416,72.35772357723577,5.9620596205962055,66.39566395663957
E00122333,568,114,43,71,454,49,405,20.070422535211268,7.570422535211267,12.5,79.92957746478874,8.626760563380282,71.30281690140845
E00122334,106,40,29,11,66,4,62,37.735849056603776,27.358490566037734,10.377358490566039,62.264150943396224,3.7735849056603774,58.490566037735846
E00122335,306,66,23,43,240,22,218,21.568627450980394,7.516339869281046,14.052287581699346,78.43137254901961,7.18954248366013,71.24183006535948
E00122336,324,68,24,44,256,29,227,20.98765432098765,7.4074074074074066,13.580246913580247,79.01234567901234,8.950617283950617,70.06172839506173
E00122337,263,49,20,29,214,19,195,18.631178707224336,7.604562737642586,11.02661596958175,81.36882129277566,7.224334600760455,74.1444866920152
E00122338,294,49,25,24,245,20,225,16.666666666666664,8.503401360544217,8.16326530612245,83.33333333333334,6.802721088435375,76.53061224489795
E00122339,267,91,37,54,176,18,158,34.08239700374532,13.857677902621724,20.224719101123593,65.91760299625467,6.741573033707865,59.176029962546814
E00122340,356,106,56,50,250,29,221,29.775280898876407,15.730337078651685,14.04494382022472,70.2247191011236,8.146067415730338,62.07865168539326
E00122341,304,44,19,25,260,21,239,14.473684210526317,6.25,8.223684210526317,85.52631578947368,6.907894736842106,78.61842105263158
E00122342,266,75,46,29,191,25,166,28.195488721804512,17.293233082706767,10.902255639097744,71.80451127819549,9.398496240601503,62.40601503759399
E00122343,301,69,29,40,232,34,198,22.92358803986711,9.634551495016613,13.2890365448505,77.0764119601329,11.295681063122924,65.78073089700996
E00122344,286,61,28,33,225,34,191,21.328671328671327,9.79020979020979,11.538461538461538,78.67132867132867,11.888111888111888,66.78321678321679
E00122345,284,58,21,37,226,26,200,20.422535211267608,7.394366197183098,13.028169014084506,79.5774647887324,9.15492957746479,70.4225352112676
E00122346,340,65,28,37,275,26,249,19.11764705882353,8.235294117647058,10.882352941176471,80.88235294117648,7.647058823529412,73.23529411764706
E00122347,249,67,26,41,182,22,160,26.907630522088354,10.441767068273093,16.46586345381526,73.09236947791165,8.835341365461847,64.2570281124498
E00122348,268,55,24,31,213,20,193,20.522388059701495,8.955223880597014,11.567164179104477,79.47761194029852,7.462686567164178,72.01492537313433
E00122350,276,39,7,32,237,33,204,14.130434782608695,2.536231884057971,11.594202898550725,85.86956521739131,11.956521739130435,73.91304347826086
E00122351,332,67,22,45,265,27,238,20.180722891566266,6.626506024096386,13.55421686746988,79.81927710843374,8.132530120481928,71.6867469879518
E00122352,438,53,6,47,385,35,350,12.100456621004566,1.36986301369863,10.730593607305936,87.89954337899543,7.9908675799086755,79.90867579908677
E00122353,469,87,25,62,382,39,343,18.550106609808104,5.330490405117271,13.219616204690832,81.4498933901919,8.315565031982942,73.13432835820896
E00122354,412,49,10,39,363,32,331,11.893203883495145,2.4271844660194173,9.466019417475728,88.10679611650485,7.766990291262135,80.33980582524272
E00122355,260,48,17,31,212,24,188,18.461538461538463,6.538461538461539,11.923076923076923,81.53846153846153,9.230769230769232,72.3076923076923
E00122356,316,74,29,45,242,24,218,23.417721518987342,9.177215189873419,14.240506329113925,76.58227848101265,7.59493670886076,68.9873417721519
E00122357,288,91,40,51,197,14,183,31.59722222222222,13.88888888888889,17.708333333333336,68.40277777777779,4.861111111111112,63.541666666666664
E00122358,316,98,51,47,218,14,204,31.0126582278481,16.139240506329113,14.873417721518987,68.9873417721519,4.430379746835443,64.55696202531645
E00122359,365,60,13,47,305,41,264,16.43835616438356,3.5616438356164384,12.876712328767123,83.56164383561644,11.232876712328768,72.32876712328768
E00122360,291,36,12,24,255,26,229,12.371134020618557,4.123711340206185,8.24742268041237,87.62886597938144,8.934707903780069,78.69415807560138
E00122361,314,58,17,41,256,38,218,18.471337579617835,5.414012738853503,13.05732484076433,81.52866242038218,12.101910828025478,69.42675159235668
E00122362,350,78,29,49,272,20,252,22.285714285714285,8.285714285714285,14.000000000000002,77.71428571428571,5.714285714285714,72
E00122363,292,59,20,39,233,20,213,20.205479452054796,6.8493150684931505,13.356164383561644,79.7945205479452,6.8493150684931505,72.94520547945206
E00122364,441,67,16,51,374,50,324,15.192743764172336,3.6281179138321997,11.564625850340136,84.80725623582767,11.337868480725625,73.46938775510205
E00122365,405,64,22,42,341,35,306,15.802469135802468,5.432098765432099,10.37037037037037,84.19753086419753,8.641975308641975,75.55555555555556
E00122366,330,80,26,54,250,17,233,24.242424242424242,7.878787878787878,16.363636363636363,75.75757575757575,5.151515151515151,70.60606060606061
E00122367,302,97,46,51,205,16,189,32.11920529801324,15.2317880794702,16.887417218543046,67.88079470198676,5.298013245033113,62.58278145695364
E00122368,360,77,27,50,283,36,247,21.38888888888889,7.5,13.88888888888889,78.61111111111111,10,68.61111111111111
E00122369,294,66,27,39,228,20,208,22.448979591836736,9.183673469387756,13.26530612244898,77.55102040816327,6.802721088435375,70.74829931972789
E00122370,320,55,21,34,265,29,236,17.1875,6.5625,10.625,82.8125,9.0625,73.75
E00122371,505,83,30,53,422,36,386,16.435643564356436,5.9405940594059405,10.495049504950495,83.56435643564356,7.128712871287128,76.43564356435644
E00122372,367,49,17,32,318,35,283,13.35149863760218,4.632152588555858,8.71934604904632,86.64850136239782,9.536784741144414,77.11171662125341
E00122373,374,72,22,50,302,23,279,19.25133689839572,5.88235294117647,13.368983957219251,80.74866310160428,6.149732620320856,74.59893048128342
E00122374,363,64,14,50,299,32,267,17.63085399449036,3.8567493112947657,13.774104683195592,82.36914600550963,8.81542699724518,73.55371900826447
E00122375,397,60,15,45,337,38,299,15.113350125944585,3.7783375314861463,11.335012594458437,84.88664987405542,9.571788413098236,75.31486146095719
E00122376,325,64,11,53,261,33,228,19.692307692307693,3.3846153846153846,16.307692307692307,80.3076923076923,10.153846153846153,70.15384615384616
E00122377,421,63,18,45,358,33,325,14.964370546318289,4.275534441805226,10.688836104513063,85.03562945368171,7.8384798099762465,77.19714964370546
E00122378,241,80,35,45,161,19,142,33.19502074688796,14.522821576763487,18.672199170124482,66.80497925311202,7.883817427385892,58.921161825726145
E00122379,283,63,20,43,220,26,194,22.261484098939928,7.06713780918728,15.19434628975265,77.73851590106007,9.187279151943462,68.55123674911661
E00122380,312,86,36,50,226,17,209,27.564102564102566,11.538461538461538,16.025641025641026,72.43589743589743,5.448717948717949,66.98717948717949
E00122381,257,87,49,38,170,22,148,33.85214007782101,19.06614785992218,14.785992217898833,66.14785992217898,8.560311284046692,57.58754863813229
E00122382,288,49,19,30,239,40,199,17.01388888888889,6.597222222222222,10.416666666666668,82.98611111111111,13.88888888888889,69.09722222222221
E00122383,303,57,27,30,246,19,227,18.81188118811881,8.91089108910891,9.900990099009901,81.1881188118812,6.270627062706271,74.91749174917491
E00122384,293,50,19,31,243,23,220,17.064846416382252,6.484641638225256,10.580204778156997,82.93515358361775,7.849829351535837,75.0853242320819
E00122385,296,59,30,29,237,21,216,19.93243243243243,10.135135135135135,9.797297297297296,80.06756756756756,7.094594594594595,72.97297297297297
E00122386,334,64,24,40,270,20,250,19.16167664670659,7.18562874251497,11.976047904191617,80.83832335329342,5.9880239520958085,74.8502994011976
E00122387,272,45,16,29,227,19,208,16.544117647058822,5.88235294117647,10.661764705882353,83.45588235294117,6.985294117647059,76.47058823529412
E00122388,336,49,20,29,287,30,257,14.583333333333334,5.952380952380952,8.630952380952381,85.41666666666666,8.928571428571429,76.48809523809523
E00122389,328,75,31,44,253,30,223,22.865853658536587,9.451219512195122,13.414634146341465,77.13414634146342,9.146341463414634,67.98780487804879
E00122390,303,47,13,34,256,28,228,15.51155115511551,4.29042904290429,11.221122112211221,84.48844884488449,9.24092409240924,75.24752475247524
E00122391,277,69,26,43,208,16,192,24.90974729241877,9.386281588447654,15.523465703971121,75.09025270758123,5.776173285198556,69.31407942238266
E00122392,266,65,30,35,201,21,180,24.43609022556391,11.278195488721805,13.157894736842104,75.56390977443608,7.894736842105263,67.66917293233082
E00122394,440,58,23,35,382,40,342,13.18181818181818,5.227272727272727,7.954545454545454,86.81818181818181,9.090909090909092,77.72727272727272
E00122395,323,56,19,37,267,17,250,17.3374613003096,5.88235294117647,11.455108359133128,82.6625386996904,5.263157894736842,77.39938080495357
E00122396,334,74,27,47,260,24,236,22.15568862275449,8.08383233532934,14.071856287425149,77.84431137724552,7.18562874251497,70.65868263473054
E00122397,250,41,16,25,209,19,190,16.400000000000002,6.4,10,83.6,7.6,76
E00122398,392,68,19,49,324,30,294,17.346938775510203,4.846938775510204,12.5,82.6530612244898,7.653061224489796,75
E00122399,451,85,34,51,366,37,329,18.8470066518847,7.5388026607538805,11.30820399113082,81.1529933481153,8.2039911308204,72.9490022172949
E00122400,193,39,11,28,154,16,138,20.207253886010363,5.699481865284974,14.507772020725387,79.79274611398964,8.290155440414509,71.50259067357513
E00122401,305,67,30,37,238,16,222,21.9672131147541,9.836065573770492,12.131147540983607,78.0327868852459,5.245901639344262,72.78688524590164
E00122402,361,81,44,37,280,24,256,22.437673130193904,12.18836565096953,10.249307479224377,77.5623268698061,6.64819944598338,70.91412742382272
E00122403,424,75,34,41,349,20,329,17.68867924528302,8.018867924528301,9.669811320754718,82.31132075471697,4.716981132075472,77.59433962264151
E00122404,307,57,17,40,250,38,212,18.566775244299674,5.537459283387622,13.029315960912053,81.43322475570032,12.37785016286645,69.05537459283387
E00122406,298,54,25,29,244,37,207,18.120805369127517,8.389261744966444,9.731543624161073,81.87919463087249,12.416107382550337,69.46308724832215
E00122407,315,58,21,37,257,19,238,18.412698412698415,6.666666666666667,11.746031746031745,81.58730158730158,6.031746031746032,75.55555555555556
E00122409,283,68,26,42,215,13,202,24.02826855123675,9.187279151943462,14.840989399293287,75.97173144876325,4.593639575971731,71.37809187279152
E00122410,273,57,17,40,216,17,199,20.87912087912088,6.227106227106227,14.652014652014653,79.12087912087912,6.227106227106227,72.89377289377289
E00122411,291,81,48,33,210,16,194,27.835051546391753,16.49484536082474,11.34020618556701,72.16494845360825,5.498281786941581,66.66666666666666
E00122412,367,57,26,31,310,26,284,15.531335149863759,7.084468664850137,8.446866485013624,84.46866485013625,7.084468664850137,77.3841961852861
E00122413,372,66,34,32,306,24,282,17.741935483870968,9.13978494623656,8.60215053763441,82.25806451612904,6.451612903225806,75.80645161290323
E00122414,363,71,23,48,292,27,265,19.55922865013774,6.336088154269973,13.223140495867769,80.44077134986226,7.43801652892562,73.00275482093664
E00122415,509,69,29,40,440,36,404,13.555992141453832,5.697445972495088,7.858546168958743,86.44400785854617,7.072691552062868,79.3713163064833
E00122416,246,73,30,43,173,25,148,29.67479674796748,12.195121951219512,17.479674796747968,70.32520325203252,10.16260162601626,60.16260162601627
E00122417,329,53,18,35,276,31,245,16.109422492401215,5.47112462006079,10.638297872340425,83.89057750759878,9.422492401215806,74.46808510638297
E00122418,308,49,17,32,259,31,228,15.909090909090908,5.51948051948052,10.38961038961039,84.0909090909091,10.064935064935066,74.02597402597402
E00122419,293,48,23,25,245,25,220,16.38225255972696,7.849829351535837,8.532423208191126,83.61774744027304,8.532423208191126,75.0853242320819
E00122420,300,61,25,36,239,27,212,20.333333333333332,8.333333333333332,12,79.66666666666666,9,70.66666666666667
E00122421,311,52,19,33,259,24,235,16.720257234726688,6.109324758842444,10.610932475884244,83.27974276527331,7.717041800643088,75.56270096463022
E00122422,264,51,22,29,213,19,194,19.318181818181817,8.333333333333332,10.984848484848484,80.68181818181817,7.196969696969697,73.48484848484848
E00122423,261,33,11,22,228,24,204,12.643678160919542,4.21455938697318,8.42911877394636,87.356321839080465,9.195402298850574,78.16091954022988
E00122424,244,51,19,32,193,18,175,20.901639344262296,7.786885245901639,13.114754098360656,79.09836065573771,7.377049180327869,71.72131147540983
E00122425,275,51,19,32,224,32,192,18.545454545454547,6.909090909090909,11.636363636363637,81.45454545454545,11.636363636363637,69.81818181818183
E00122426,298,41,14,27,257,29,228,13.758389261744966,4.697986577181208,9.060402684563758,86.24161073825503,9.731543624161073,76.51006711409396
E00122427,249,43,13,30,206,19,187,17.269076305220885,5.220883534136546,12.048192771084338,82.73092369477911,7.630522088353414,75.1004016064257
E00122428,334,63,25,38,271,35,236,18.862275449101794,7.48502994011976,11.377245508982035,81.1377245508982,10.479041916167663,70.65868263473054
E00122429,356,93,47,46,263,33,230,26.12359550561798,13.202247191011235,12.921348314606742,73.87640449438202,9.269662921348315,64.60674157303372
E00122430,314,42,13,29,272,25,247,13.375796178343949,4.140127388535031,9.235668789808917,86.62420382165605,7.961783439490445,78.6624203821656
E00122431,260,50,22,28,210,25,185,19.230769230769234,8.461538461538462,10.76923076923077,80.76923076923077,9.615384615384617,71.15384615384616
E00122432,283,52,19,33,231,26,205,18.374558303886925,6.713780918727916,11.66077738515901,81.62544169611307,9.187279151943462,72.43816254416961
E00122433,338,49,15,34,289,27,262,14.497041420118343,4.437869822485207,10.059171597633137,85.50295857988166,7.988165680473373,77.51479289940828
E00122434,265,53,25,28,212,23,189,20,9.433962264150944,10.566037735849058,80,8.679245283018867,71.32075471698113
E00122435,294,55,28,27,239,24,215,18.70748299319728,9.523809523809524,9.183673469387756,81.29251700680273,8.16326530612245,73.12925170068027
E00122436,270,54,17,37,216,16,200,20,6.296296296296296,13.703703703703704,80,5.9259259259259265,74.07407407407408
E00122437,327,42,20,22,285,26,259,12.844036697247708,6.116207951070336,6.727828746177369,87.1559633027523,7.951070336391437,79.20489296636084
E00122438,303,61,21,40,242,25,217,20.13201320132013,6.9306930693069315,13.2013201320132,79.86798679867987,8.25082508250825,71.61716171617162
E00122439,236,71,37,34,165,14,151,30.08474576271186,15.677966101694915,14.40677966101695,69.91525423728814,5.932203389830509,63.983050847457626
E00122440,261,83,43,40,178,12,166,31.800766283524908,16.47509578544061,15.32567049808429,68.19923371647509,4.597701149425287,63.601532567049816
E00122441,340,59,22,37,281,25,256,17.352941176470587,6.470588235294119,10.882352941176471,82.6470588235294,7.352941176470589,75.29411764705883
E00122442,314,65,28,37,249,26,223,20.70063694267516,8.9171974522293,11.78343949044586,79.29936305732484,8.280254777070063,71.01910828025477
E00122443,234,40,21,19,194,16,178,17.094017094017094,8.974358974358974,8.11965811965812,82.90598290598291,6.837606837606838,76.06837606837607
E00122444,289,83,38,45,206,17,189,28.719723183391004,13.148788927335639,15.570934256055363,71.280276816609,5.88235294117647,65.39792387543253
E00122445,276,60,30,30,216,24,192,21.73913043478261,10.869565217391305,10.869565217391305,78.26086956521739,8.695652173913043,69.56521739130434
E00122446,346,79,41,38,267,32,235,22.832369942196532,11.849710982658959,10.982658959537572,77.16763005780348,9.248554913294797,67.91907514450867
E00122447,322,55,15,40,267,30,237,17.080745341614907,4.658385093167702,12.422360248447205,82.91925465838509,9.316770186335404,73.6024844720497
E00122448,349,83,41,42,266,29,237,23.78223495702006,11.74785100286533,12.034383954154727,76.21776504297995,8.30945558739255,67.90830945558739
E00122449,256,77,37,40,179,16,163,30.078125,14.453125,15.625,69.921875,6.25,63.671875
E00122450,270,55,22,33,215,28,187,20.37037037037037,8.148148148148149,12.222222222222221,79.62962962962963,10.37037037037037,69.25925925925925
E00122451,327,74,41,33,253,23,230,22.629969418960243,12.538226299694188,10.091743119266056,77.37003058103976,7.033639143730887,70.33639143730886
E00122452,272,53,23,30,219,25,194,19.485294117647058,8.455882352941178,11.029411764705882,80.51470588235294,9.191176470588236,71.32352941176471
E00122453,306,65,24,41,241,25,216,21.241830065359476,7.8431372549019605,13.398692810457517,78.75816993464052,8.169934640522875,70.58823529411765
E00122454,259,52,21,31,207,29,178,20.077220077220076,8.108108108108109,11.96911196911197,79.92277992277992,11.196911196911197,68.72586872586872
E00122455,320,74,31,43,246,19,227,23.125,9.6875,13.4375,76.875,5.9375,70.9375
E00122456,304,81,34,47,223,19,204,26.644736842105267,11.18421052631579,15.460526315789474,73.35526315789474,6.25,67.10526315789474
E00122457,333,92,57,35,241,28,213,27.627627627627625,17.117117117117118,10.51051051051051,72.37237237237237,8.408408408408409,63.96396396396396
E00122458,297,77,32,45,220,25,195,25.925925925925924,10.774410774410773,15.151515151515152,74.07407407407408,8.417508417508419,65.65656565656566
E00122459,309,81,40,41,228,21,207,26.21359223300971,12.944983818770226,13.268608414239482,73.7864077669903,6.796116504854369,66.99029126213593
E00122460,330,55,18,37,275,26,249,16.666666666666664,5.454545454545454,11.212121212121213,83.33333333333334,7.878787878787878,75.45454545454545
E00122461,289,61,17,44,228,18,210,21.10726643598616,5.88235294117647,15.22491349480969,78.89273356401384,6.228373702422145,72.66435986159169
E00122462,405,79,26,53,326,38,288,19.50617283950617,6.419753086419753,13.086419753086421,80.49382716049382,9.382716049382717,71.11111111111111
E00122463,317,45,8,37,272,31,241,14.195583596214512,2.5236593059936907,11.67192429022082,85.8044164037855,9.779179810725552,76.02523659305994
E00122464,277,55,21,34,222,22,200,19.855595667870034,7.581227436823104,12.274368231046932,80.14440433212997,7.9422382671480145,72.20216606498195
E00122465,329,42,10,32,287,27,260,12.76595744680851,3.0395136778115504,9.72644376899696,87.2340425531915,8.206686930091186,79.0273556231003
E00122466,311,37,9,28,274,33,241,11.89710610932476,2.8938906752411575,9.003215434083602,88.10289389067523,10.610932475884244,77.491961414791
E00122467,301,51,16,35,250,30,220,16.943521594684384,5.3156146179401995,11.627906976744185,83.05647840531562,9.966777408637874,73.08970099667775
E00122468,367,54,15,39,313,26,287,14.713896457765669,4.087193460490464,10.626702997275205,85.28610354223434,7.084468664850137,78.2016348773842
E00122469,306,81,38,43,225,14,211,26.47058823529412,12.418300653594772,14.052287581699346,73.52941176470588,4.57516339869281,68.95424836601308
E00122470,308,76,30,46,232,28,204,24.675324675324674,9.740259740259742,14.935064935064934,75.32467532467533,9.090909090909092,66.23376623376623
E00122471,293,94,43,51,199,18,181,32.081911262798634,14.675767918088736,17.4061433447099,67.91808873720136,6.143344709897611,61.774744027303754
E00122472,315,77,32,45,238,25,213,24.444444444444443,10.158730158730158,14.285714285714285,75.55555555555556,7.936507936507936,67.61904761904762
E00122474,395,73,13,60,322,25,297,18.48101265822785,3.2911392405063293,15.18987341772152,81.51898734177216,6.329113924050633,75.18987341772151
E00122476,345,58,8,50,287,29,258,16.81159420289855,2.318840579710145,14.492753623188406,83.18840579710145,8.405797101449275,74.78260869565217
E00122477,235,36,11,25,199,14,185,15.319148936170212,4.680851063829787,10.638297872340425,84.68085106382979,5.957446808510639,78.72340425531915
E00122478,317,52,19,33,265,31,234,16.40378548895899,5.993690851735016,10.410094637223976,83.59621451104101,9.779179810725552,73.81703470031546
E00122479,309,57,20,37,252,13,239,18.446601941747574,6.472491909385113,11.974110032362459,81.55339805825243,4.207119741100324,77.34627831715211
E00122482,264,45,22,23,219,16,203,17.045454545454543,8.333333333333332,8.712121212121213,82.95454545454545,6.0606060606060606,76.89393939393939
E00122483,319,58,20,38,261,30,231,18.181818181818183,6.269592476489027,11.912225705329153,81.81818181818183,9.404388714733543,72.41379310344827
E00122484,383,70,26,44,313,11,302,18.27676240208877,6.7885117493472595,11.488250652741515,81.72323759791122,2.8720626631853787,78.85117493472585
E00122485,411,73,35,38,338,24,314,17.761557177615572,8.51581508515815,9.245742092457421,82.23844282238443,5.839416058394161,76.39902676399026
E00122486,391,84,46,38,307,18,289,21.483375959079286,11.76470588235294,9.718670076726342,78.51662404092072,4.603580562659847,73.91304347826086
E00122487,252,69,24,45,183,23,160,27.380952380952383,9.523809523809524,17.857142857142858,72.61904761904762,9.126984126984127,63.49206349206349
E00122488,292,83,42,41,209,20,189,28.424657534246577,14.383561643835616,14.04109589041096,71.57534246575342,6.8493150684931505,64.72602739726028
E00122489,298,54,16,38,244,25,219,18.120805369127517,5.369127516778524,12.751677852348994,81.87919463087249,8.389261744966444,73.48993288590604
E00122490,346,65,23,42,281,23,258,18.786127167630056,6.6473988439306355,12.138728323699421,81.21387283236994,6.6473988439306355,74.56647398843931
E00122491,308,56,17,39,252,25,227,18.181818181818183,5.51948051948052,12.662337662337661,81.81818181818183,8.116883116883116,73.7012987012987
E00122493,468,85,39,46,383,23,360,18.162393162393162,8.333333333333332,9.82905982905983,81.83760683760684,4.914529914529915,76.92307692307693
E00122494,309,54,12,42,255,26,229,17.475728155339805,3.8834951456310676,13.592233009708737,82.52427184466019,8.414239482200648,74.11003236245955
E00122495,247,76,41,35,171,17,154,30.76923076923077,16.599190283400812,14.17004048582996,69.23076923076923,6.882591093117409,62.34817813765182
E00122496,307,70,27,43,237,27,210,22.80130293159609,8.794788273615636,14.006514657980457,77.19869706840392,8.794788273615636,68.40390879478826
E00122497,329,81,59,22,248,29,219,24.620060790273556,17.933130699088146,6.68693009118541,75.37993920972644,8.814589665653495,66.56534954407294
E00122499,374,73,14,59,301,34,267,19.518716577540108,3.7433155080213902,15.775401069518717,80.4812834224599,9.090909090909092,71.3903743315508
E00122500,383,78,31,47,305,24,281,20.365535248041773,8.093994778067886,12.27154046997389,79.63446475195822,6.266318537859007,73.36814621409921
E00122502,361,46,9,37,315,31,284,12.742382271468145,2.4930747922437675,10.249307479224377,87.25761772853186,8.587257617728532,78.67036011080333
E00122503,256,61,23,38,195,27,168,23.828125,8.984375,14.84375,76.171875,10.546875,65.625
E00122504,379,70,28,42,309,29,280,18.46965699208443,7.387862796833773,11.081794195250659,81.53034300791556,7.651715039577836,73.87862796833772
E00122505,352,55,21,34,297,40,257,15.625,5.965909090909091,9.659090909090908,84.375,11.363636363636363,73.01136363636364
E00122506,288,40,9,31,248,18,230,13.88888888888889,3.125,10.76388888888889,86.11111111111111,6.25,79.86111111111111
E00122507,294,50,18,32,244,30,214,17.006802721088434,6.122448979591836,10.884353741496598,82.99319727891157,10.204081632653061,72.78911564625851
E00122508,304,44,17,27,260,19,241,14.473684210526317,5.592105263157895,8.881578947368421,85.52631578947368,6.25,79.27631578947368
E00122509,310,64,40,24,246,25,221,20.64516129032258,12.903225806451612,7.741935483870968,79.35483870967742,8.064516129032258,71.29032258064515
E00122510,280,86,41,45,194,12,182,30.714285714285715,14.642857142857144,16.071428571428573,69.28571428571428,4.285714285714286,65
E00122511,339,65,17,48,274,30,244,19.174041297935105,5.014749262536873,14.15929203539823,80.8259587020649,8.849557522123893,71.976401179941
E00122512,449,98,47,51,351,20,331,21.826280623608017,10.46770601336303,11.358574610244988,78.17371937639199,4.4543429844097995,73.71937639198218
E00122513,417,68,21,47,349,42,307,16.30695443645084,5.0359712230215825,11.270983213429256,83.69304556354916,10.071942446043165,73.621103117506
E00122514,366,48,15,33,318,12,306,13.114754098360656,4.098360655737705,9.01639344262295,86.88524590163934,3.278688524590164,83.60655737704919
E00167520,350,39,17,22,311,25,286,11.142857142857142,4.857142857142857,6.2857142857142865,88.85714285714286,7.142857142857142,81.71428571428572
E00167521,330,51,19,32,279,17,262,15.454545454545453,5.757575757575758,9.696969696969697,84.54545454545455,5.151515151515151,79.39393939393939
E00167522,246,61,21,40,185,23,162,24.796747967479675,8.536585365853659,16.260162601626014,75.20325203252033,9.34959349593496,65.85365853658537
E00167523,427,94,32,62,333,36,297,22.01405152224824,7.494145199063232,14.519906323185012,77.98594847775175,8.430913348946136,69.55503512880561
E00167524,226,63,35,28,163,10,153,27.876106194690266,15.486725663716813,12.389380530973451,72.12389380530973,4.424778761061947,67.69911504424779
E00167525,173,34,14,20,139,13,126,19.653179190751445,8.092485549132949,11.560693641618498,80.34682080924856,7.514450867052023,72.83236994219652
E00167526,148,31,11,20,117,16,101,20.945945945945947,7.4324324324324325,13.513513513513514,79.05405405405406,10.81081081081081,68.24324324324324
E00167527,265,51,16,35,214,10,204,19.245283018867926,6.037735849056604,13.20754716981132,80.75471698113208,3.7735849056603774,76.9811320754717
E00167528,159,26,7,19,133,13,120,16.352201257861633,4.40251572327044,11.949685534591195,83.64779874213836,8.176100628930817,75.47169811320755
E00167529,352,25,0,25,327,36,291,7.1022727272727275,0,7.1022727272727275,92.89772727272727,10.227272727272728,82.67045454545455
E00167530,377,34,11,23,343,30,313,9.018567639257293,2.9177718832891246,6.10079575596817,90.98143236074272,7.957559681697612,83.0238726790451
E00167531,273,34,1,33,239,17,222,12.454212454212454,0.3663003663003663,12.087912087912088,87.54578754578755,6.227106227106227,81.31868131868131
E00167532,328,53,19,34,275,26,249,16.158536585365855,5.7926829268292686,10.365853658536585,83.84146341463415,7.926829268292683,75.91463414634147
E00167533,169,30,8,22,139,10,129,17.75147928994083,4.733727810650888,13.017751479289942,82.24852071005917,5.9171597633136095,76.33136094674556
E00167534,429,74,21,53,355,25,330,17.24941724941725,4.895104895104895,12.354312354312354,82.75058275058275,5.827505827505827,76.92307692307693
E00167535,383,53,18,35,330,32,298,13.838120104438643,4.699738903394255,9.138381201044385,86.16187989556136,8.355091383812011,77.80678851174935
E00167537,249,46,19,27,203,20,183,18.473895582329316,7.630522088353414,10.843373493975903,81.52610441767068,8.032128514056225,73.49397590361446
E00167538,181,28,13,15,153,10,143,15.469613259668508,7.18232044198895,8.287292817679557,84.5303867403315,5.524861878453039,79.00552486187846
E00167539,250,42,19,23,208,16,192,16.8,7.6,9.2,83.2,6.4,76.8
E00167540,174,31,11,20,143,12,131,17.81609195402299,6.321839080459771,11.494252873563218,82.18390804597702,6.896551724137931,75.28735632183908
E00167543,389,49,15,34,340,30,310,12.596401028277635,3.8560411311053984,8.740359897172237,87.40359897172236,7.712082262210797,79.69151670951156
E00167544,413,51,16,35,362,28,334,12.34866828087167,3.87409200968523,8.47457627118644,87.65133171912834,6.779661016949152,80.87167070217917
E00167545,119,34,14,20,85,14,71,28.57142857142857,11.76470588235294,16.80672268907563,71.42857142857143,11.76470588235294,59.66386554621849
E00167546,173,22,5,17,151,14,137,12.716763005780345,2.8901734104046244,9.826589595375722,87.28323699421965,8.092485549132949,79.1907514450867
E00167547,375,81,49,32,294,25,269,21.6,13.066666666666665,8.533333333333333,78.4,6.666666666666667,71.73333333333333
E00167548,303,65,22,43,238,32,206,21.45214521452145,7.2607260726072615,14.19141914191419,78.54785478547855,10.561056105610561,67.98679867986799
E00167549,304,50,19,31,254,17,237,16.447368421052634,6.25,10.197368421052632,83.55263157894737,5.592105263157895,77.96052631578947
E00167550,382,64,22,42,318,32,286,16.75392670157068,5.7591623036649215,10.99476439790576,83.24607329842932,8.37696335078534,74.86910994764398
E00167551,385,45,17,28,340,29,311,11.688311688311687,4.415584415584416,7.2727272727272725,88.31168831168831,7.532467532467532,80.77922077922078
E00167552,326,34,13,21,292,19,273,10.429447852760736,3.9877300613496933,6.441717791411043,89.57055214723927,5.828220858895705,83.74233128834356
E00167553,472,47,20,27,425,44,381,9.957627118644067,4.23728813559322,5.720338983050848,90.04237288135593,9.322033898305085,80.72033898305084
E00167554,427,70,22,48,357,40,317,16.39344262295082,5.152224824355972,11.241217798594848,83.60655737704919,9.367681498829041,74.23887587822014
E00167555,118,34,18,16,84,4,80,28.8135593220339,15.254237288135593,13.559322033898304,71.1864406779661,3.389830508474576,67.79661016949152
E00167557,4502,666,128,538,3836,238,3598,14.793425144380276,2.8431808085295422,11.950244335850734,85.20657485561972,5.286539315859618,79.92003553976011
E00190147,318,66,15,51,252,27,225,20.754716981132077,4.716981132075472,16.037735849056602,79.24528301886792,8.49056603773585,70.75471698113208
E00190154,209,60,25,35,149,16,133,28.708133971291865,11.961722488038278,16.74641148325359,71.29186602870813,7.655502392344498,63.63636363636363
E00190156,250,50,9,41,200,23,177,20,3.5999999999999996,16.400000000000002,80,9.2,70.8
E00190159,331,53,25,28,278,36,242,16.012084592145015,7.552870090634441,8.459214501510575,83.98791540785498,10.876132930513595,73.111782477341393
E00190161,278,47,17,30,231,22,209,16.906474820143885,6.115107913669065,10.79136690647482,83.09352517985612,7.913669064748201,75.17985611510791
E00190164,565,93,34,59,472,27,445,16.460176991150444,6.017699115044247,10.442477876106194,83.53982300884955,4.778761061946903,78.76106194690266
E00190165,321,45,19,26,276,29,247,14.018691588785046,5.919003115264798,8.09968847352025,85.98130841121495,9.034267912772584,76.94704049844236
E00190166,597,101,27,74,496,39,457,16.917922948073702,4.522613065326634,12.39530988274707,83.08207705192629,6.532663316582915,76.54941373534339
E00190167,292,45,11,34,247,20,227,15.41095890410959,3.767123287671233,11.643835616438356,84.58904109589042,6.8493150684931505,77.73972602739725
E00190169,318,60,21,39,258,24,234,18.867924528301888,6.60377358490566,12.264150943396226,81.13207547169812,7.547169811320755,73.58490566037736
E00190174,480,35,8,27,445,47,398,7.291666666666667,1.6666666666666667,5.625,92.70833333333334,9.791666666666666,82.91666666666667
E00190177,194,26,9,17,168,16,152,13.402061855670103,4.639175257731959,8.762886597938143,86.5979381443299,8.24742268041237,78.35051546391753
E00190178,243,13,1,12,230,12,218,5.349794238683128,0.411522633744856,4.938271604938271,94.65020576131687,4.938271604938271,89.7119341563786
E00190179,208,34,15,19,174,24,150,16.346153846153847,7.211538461538461,9.134615384615383,83.65384615384616,11.538461538461538,72.11538461538461
E00190185,456,65,26,39,391,23,368,14.25438596491228,5.701754385964912,8.552631578947368,85.74561403508771,5.0438596491228065,80.7017543859649
E00190188,324,43,15,28,281,21,260,13.271604938271606,4.62962962962963,8.641975308641975,86.72839506172839,6.481481481481481,80.24691358024691
E00190192,279,74,38,36,205,15,190,26.523297491039425,13.620071684587815,12.903225806451612,73.47670250896059,5.376344086021505,68.10035842293907
E00190193,322,50,19,31,272,21,251,15.527950310559005,5.900621118012422,9.627329192546584,84.472049689441,6.521739130434782,77.95031055900621
E00190194,149,20,6,14,129,6,123,13.422818791946309,4.026845637583892,9.395973154362416,86.57718120805369,4.026845637583892,82.5503355704698
E00190198,309,68,23,45,241,24,217,22.006472491909385,7.443365695792881,14.563106796116504,77.99352750809061,7.766990291262135,70.22653721682848
E00190200,452,50,23,27,402,24,378,11.061946902654867,5.0884955752212395,5.9734513274336285,88.93805309734513,5.3097345132743365,83.6283185840708
E00190201,379,46,14,32,333,17,316,12.137203166226913,3.6939313984168867,8.443271767810026,87.86279683377309,4.485488126649076,83.37730870712402
E00190205,854,162,24,138,692,63,629,18.969555035128806,2.810304449648712,16.159250585480095,81.0304449648712,7.377049180327869,73.65339578454333
E00190207,322,54,24,30,268,24,244,16.77018633540373,7.453416149068323,9.316770186335404,83.22981366459628,7.453416149068323,75.77639751552795
E00190210,208,54,30,24,154,9,145,25.961538461538463,14.423076923076922,11.538461538461538,74.03846153846155,4.326923076923077,69.71153846153845
E00190212,435,43,18,25,392,33,359,9.885057471264368,4.137931034482759,5.747126436781609,90.11494252873563,7.586206896551724,82.5287356321839
E00190215,272,44,15,29,228,18,210,16.176470588235293,5.514705882352941,10.661764705882353,83.82352941176471,6.61764705882353,77.20588235294117
E00190217,232,32,10,22,200,19,181,13.793103448275861,4.310344827586207,9.482758620689655,86.20689655172413,8.189655172413794,78.01724137931035
E00190218,231,36,12,24,195,23,172,15.584415584415584,5.194805194805195,10.38961038961039,84.4155844155844,9.956709956709958,74.45887445887446
