OA,ts0380001,ts0380002,ts0380003,ts0380004,ts0380005,ts0380006,ts0380007,ts0380002_PCT,ts0380003_PCT,ts0380004_PCT,ts0380005_PCT,ts0380006_PCT,ts0380007_PCT
E00161203,482,60,16,44,422,22,400,12.448132780082988,3.319502074688797,9.12863070539419,87.55186721991701,4.564315352697095,82.98755186721992
E00161204,345,55,19,36,290,24,266,15.942028985507244,5.507246376811594,10.434782608695652,84.05797101449275,6.956521739130435,77.10144927536233
E00161205,364,70,24,46,294,31,263,19.230769230769234,6.593406593406594,12.637362637362637,80.76923076923077,8.516483516483516,72.25274725274726
E00161207,522,61,13,48,461,44,417,11.685823754789272,2.490421455938697,9.195402298850574,88.31417624521073,8.42911877394636,79.88505747126436
E00161208,334,66,23,43,268,21,247,19.760479041916167,6.88622754491018,12.874251497005988,80.23952095808383,6.287425149700598,73.95209580838323
E00161209,334,38,13,25,296,40,256,11.377245508982035,3.8922155688622757,7.48502994011976,88.62275449101796,11.976047904191617,76.64670658682635
E00161211,373,39,9,30,334,24,310,10.455764075067025,2.4128686327077746,8.04289544235925,89.54423592493298,6.434316353887399,83.10991957104558
E00161214,298,41,13,28,257,29,228,13.758389261744966,4.3624161073825505,9.395973154362416,86.24161073825503,9.731543624161073,76.51006711409396
E00161215,535,83,23,60,452,30,422,15.514018691588785,4.299065420560748,11.214953271028037,84.48598130841121,5.607476635514018,78.8785046728972
E00161217,414,58,20,38,356,33,323,14.009661835748794,4.830917874396135,9.178743961352657,85.99033816425121,7.971014492753622,78.01932367149759
E00161219,345,86,44,42,259,27,232,24.92753623188406,12.753623188405797,12.173913043478262,75.07246376811594,7.82608695652174,67.2463768115942
E00161220,332,62,23,39,270,26,244,18.67469879518072,6.927710843373494,11.74698795180723,81.32530120481928,7.83132530120482,73.49397590361446
E00161221,329,44,14,30,285,29,256,13.37386018237082,4.25531914893617,9.118541033434651,86.62613981762918,8.814589665653495,77.81155015197568
E00161222,252,34,13,21,218,30,188,13.492063492063492,5.158730158730158,8.333333333333332,86.5079365079365,11.904761904761903,74.60317460317461
E00161223,312,52,16,36,260,24,236,16.666666666666664,5.128205128205128,11.538461538461538,83.33333333333334,7.6923076923076925,75.64102564102564
E00161224,350,66,31,35,284,32,252,18.857142857142858,8.857142857142856,10,81.14285714285714,9.142857142857142,72
E00161225,274,40,12,28,234,16,218,14.5985401459854,4.37956204379562,10.218978102189782,85.40145985401459,5.839416058394161,79.56204379562044
E00161226,347,45,11,34,302,29,273,12.968299711815561,3.170028818443804,9.798270893371757,87.03170028818444,8.357348703170029,78.6743515850144
E00161228,298,30,8,22,268,25,243,10.06711409395973,2.684563758389262,7.38255033557047,89.93288590604027,8.389261744966444,81.54362416107382
E00161229,236,32,6,26,204,26,178,13.559322033898304,2.5423728813559325,11.016949152542372,86.4406779661017,11.016949152542372,75.42372881355932
E00161230,213,48,16,32,165,17,148,22.535211267605636,7.511737089201878,15.023474178403756,77.46478873239437,7.981220657276995,69.48356807511738
E00161231,217,36,19,17,181,20,161,16.589861751152075,8.755760368663594,7.834101382488479,83.41013824884793,9.216589861751153,74.19354838709677
E00161232,216,42,15,27,174,20,154,19.444444444444446,6.944444444444445,12.5,80.55555555555556,9.25925925925926,71.29629629629629
E00161233,355,70,25,45,285,20,265,19.718309859154928,7.042253521126761,12.676056338028168,80.28169014084507,5.633802816901409,74.64788732394366
E00161234,411,70,21,49,341,39,302,17.0316301703163,5.109489051094891,11.922141119221411,82.9683698296837,9.48905109489051,73.47931873479318
E00161235,367,50,11,39,317,42,275,13.623978201634879,2.997275204359673,10.626702997275205,86.37602179836512,11.444141689373296,74.93188010899182
E00161236,312,44,11,33,268,31,237,14.102564102564102,3.5256410256410255,10.576923076923077,85.8974358974359,9.935897435897436,75.96153846153845
E00161237,382,58,19,39,324,33,291,15.18324607329843,4.973821989528796,10.209424083769633,84.81675392670157,8.638743455497382,76.17801047120419
E00161238,242,43,17,26,199,22,177,17.768595041322314,7.024793388429752,10.743801652892563,82.23140495867769,9.090909090909092,73.14049586776859
E00161239,285,62,29,33,223,27,196,21.75438596491228,10.175438596491228,11.578947368421053,78.24561403508771,9.473684210526317,68.77192982456141
E00161240,313,63,25,38,250,29,221,20.12779552715655,7.987220447284344,12.140575079872203,79.87220447284345,9.26517571884984,70.6070287539936
E00161241,377,54,23,31,323,26,297,14.323607427055704,6.10079575596817,8.222811671087534,85.6763925729443,6.896551724137931,78.77984084880637
E00161242,292,49,22,27,243,21,222,16.78082191780822,7.534246575342466,9.246575342465754,83.21917808219177,7.191780821917808,76.02739726027397
E00161243,277,48,13,35,229,28,201,17.328519855595665,4.693140794223827,12.63537906137184,82.67148014440433,10.108303249097473,72.56317689530685
E00161244,271,27,6,21,244,30,214,9.96309963099631,2.214022140221402,7.7490774907749085,90.03690036900369,11.07011070110701,78.96678966789668
E00161245,285,42,23,19,243,27,216,14.736842105263156,8.070175438596491,6.666666666666667,85.26315789473684,9.473684210526317,75.78947368421053
E00161248,347,45,10,35,302,41,261,12.968299711815561,2.881844380403458,10.086455331412104,87.03170028818444,11.815561959654179,75.21613832853026
E00161249,277,29,4,25,248,32,216,10.469314079422382,1.444043321299639,9.025270758122744,89.53068592057761,11.552346570397113,77.9783393501805
E00161250,282,60,29,31,222,20,202,21.27659574468085,10.28368794326241,10.99290780141844,78.72340425531915,7.092198581560284,71.63120567375887
E00161251,332,70,28,42,262,16,246,21.084337349397593,8.433734939759036,12.650602409638553,78.91566265060241,4.819277108433735,74.09638554216868
E00161252,323,35,7,28,288,32,256,10.8359133126935,2.1671826625387,8.6687306501548,89.1640866873065,9.907120743034056,79.25696594427245
E00161253,316,50,19,31,266,34,232,15.822784810126583,6.012658227848101,9.81012658227848,84.17721518987342,10.759493670886076,73.41772151898735
E00161254,248,37,14,23,211,24,187,14.919354838709678,5.64516129032258,9.274193548387096,85.08064516129032,9.67741935483871,75.40322580645162
E00161255,287,42,11,31,245,32,213,14.634146341463413,3.8327526132404177,10.801393728222997,85.36585365853658,11.149825783972126,74.21602787456446
E00161256,304,30,13,17,274,24,250,9.868421052631579,4.276315789473684,5.592105263157895,90.13157894736842,7.894736842105263,82.23684210526315
E00161257,341,52,16,36,289,29,260,15.249266862170089,4.69208211143695,10.557184750733137,84.75073313782991,8.504398826979472,76.24633431085044
E00161258,374,36,13,23,338,26,312,9.62566844919786,3.4759358288770055,6.149732620320856,90.37433155080214,6.951871657754011,83.42245989304813
E00161259,384,51,20,31,333,28,305,13.28125,5.208333333333334,8.072916666666668,86.71875,7.291666666666667,79.42708333333334
E00161260,604,70,25,45,534,51,483,11.589403973509933,4.13907284768212,7.450331125827815,88.41059602649007,8.443708609271523,79.96688741721854
E00161261,336,54,25,29,282,21,261,16.071428571428573,7.440476190476191,8.630952380952381,83.92857142857143,6.25,77.67857142857143
E00161262,346,43,6,37,303,23,280,12.427745664739884,1.7341040462427744,10.69364161849711,87.57225433526011,6.6473988439306355,80.92485549132948
E00161263,366,70,22,48,296,31,265,19.12568306010929,6.0109289617486334,13.114754098360656,80.87431693989072,8.469945355191257,72.40437158469946
E00161264,547,58,16,42,489,53,436,10.603290676416819,2.9250457038391224,7.678244972577697,89.39670932358318,9.689213893967093,79.70749542961609
E00161265,428,38,13,25,390,32,358,8.878504672897195,3.0373831775700935,5.841121495327103,91.1214953271028,7.476635514018691,83.64485981308411
E00161266,402,38,10,28,364,26,338,9.45273631840796,2.4875621890547266,6.965174129353234,90.54726368159204,6.467661691542288,84.07960199004975
E00161268,326,61,21,40,265,28,237,18.711656441717793,6.441717791411043,12.269938650306749,81.28834355828221,8.588957055214724,72.69938650306749
E00161269,296,29,8,21,267,26,241,9.797297297297296,2.7027027027027026,7.094594594594595,90.2027027027027,8.783783783783784,81.41891891891892
E00161270,314,50,14,36,264,31,233,15.92356687898089,4.45859872611465,11.464968152866243,84.07643312101911,9.872611464968154,74.20382165605095
E00161271,275,40,12,28,235,38,197,14.545454545454545,4.363636363636364,10.181818181818182,85.45454545454545,13.818181818181818,71.63636363636363
E00161272,320,41,12,29,279,18,261,12.812499999999998,3.75,9.0625,87.1875,5.625,81.5625
E00161273,297,34,12,22,263,28,235,11.447811447811448,4.040404040404041,7.4074074074074066,88.55218855218855,9.427609427609427,79.12457912457911
E00161274,259,41,10,31,218,17,201,15.83011583011583,3.861003861003861,11.96911196911197,84.16988416988417,6.563706563706563,77.60617760617761
E00161275,290,46,18,28,244,34,210,15.862068965517242,6.206896551724138,9.655172413793103,84.13793103448276,11.724137931034482,72.41379310344827
E00161276,268,38,12,26,230,23,207,14.17910447761194,4.477611940298507,9.701492537313433,85.82089552238806,8.582089552238806,77.23880597014924
E00161277,309,53,15,38,256,22,234,17.15210355987055,4.854368932038835,12.297734627831716,82.84789644012946,7.119741100323624,75.72815533980582
E00161278,240,51,29,22,189,17,172,21.25,12.083333333333334,9.166666666666666,78.75,7.083333333333333,71.66666666666667
E00161279,218,44,12,32,174,16,158,20.18348623853211,5.5045871559633035,14.678899082568808,79.81651376146789,7.339449541284404,72.47706422018348
E00161280,223,22,11,11,201,24,177,9.865470852017937,4.932735426008969,4.932735426008969,90.13452914798206,10.762331838565023,79.37219730941703
E00161281,280,60,19,41,220,29,191,21.428571428571427,6.785714285714286,14.642857142857144,78.57142857142857,10.357142857142858,68.21428571428572
E00161282,282,36,10,26,246,36,210,12.76595744680851,3.546099290780142,9.219858156028367,87.2340425531915,12.76595744680851,74.46808510638297
E00161283,217,27,9,18,190,18,172,12.442396313364055,4.147465437788019,8.294930875576037,87.55760368663594,8.294930875576037,79.26267281105991
E00161284,335,54,14,40,281,29,252,16.119402985074625,4.179104477611941,11.940298507462686,83.88059701492537,8.656716417910449,75.22388059701493
E00161285,279,29,6,23,250,26,224,10.39426523297491,2.1505376344086025,8.24372759856631,89.6057347670251,9.31899641577061,80.28673835125448
E00161286,345,42,10,32,303,25,278,12.173913043478262,2.898550724637681,9.27536231884058,87.82608695652175,7.246376811594203,80.57971014492755
E00161287,290,43,13,30,247,18,229,14.827586206896552,4.482758620689655,10.344827586206897,85.17241379310346,6.206896551724138,78.96551724137932
E00161288,289,38,13,25,251,27,224,13.148788927335639,4.498269896193772,8.650519031141869,86.85121107266436,9.342560553633218,77.50865051903114
E00161289,590,59,23,36,531,43,488,10,3.898305084745763,6.101694915254238,90,7.288135593220339,82.71186440677965
E00161290,413,74,22,52,339,38,301,17.91767554479419,5.326876513317192,12.590799031477,82.082324455205807,9.200968523002421,72.88135593220339
E00161291,323,65,25,40,258,32,226,20.123839009287924,7.739938080495357,12.38390092879257,79.87616099071208,9.907120743034056,69.96904024767801
E00161292,248,60,27,33,188,14,174,24.193548387096776,10.887096774193548,13.306451612903224,75.80645161290323,5.64516129032258,70.16129032258065
E00161293,380,40,16,24,340,47,293,10.526315789473683,4.2105263157894735,6.315789473684211,89.47368421052632,12.368421052631579,77.10526315789473
E00161294,315,53,23,30,262,29,233,16.825396825396826,7.301587301587302,9.523809523809524,83.17460317460318,9.206349206349207,73.96825396825398
E00161295,251,63,24,39,188,22,166,25.099601593625497,9.56175298804781,15.53784860557769,74.9003984063745,8.764940239043826,66.13545816733067
E00161296,312,73,29,44,239,21,218,23.397435897435898,9.294871794871796,14.102564102564102,76.6025641025641,6.730769230769231,69.87179487179486
E00161297,280,60,16,44,220,24,196,21.428571428571427,5.714285714285714,15.714285714285714,78.57142857142857,8.571428571428571,70
E00161298,329,55,19,36,274,32,242,16.717325227963524,5.775075987841945,10.94224924012158,83.28267477203647,9.72644376899696,73.55623100303951
E00161299,277,45,10,35,232,27,205,16.24548736462094,3.6101083032490973,12.63537906137184,83.75451263537906,9.747292418772563,74.0072202166065
E00161300,324,59,18,41,265,43,222,18.209876543209877,5.555555555555555,12.654320987654321,81.79012345679013,13.271604938271606,68.51851851851852
E00161301,416,103,72,31,313,27,286,24.759615384615387,17.307692307692307,7.451923076923077,75.24038461538461,6.490384615384616,68.75
E00161302,201,46,16,30,155,18,137,22.885572139303484,7.960199004975125,14.925373134328357,77.11442786069652,8.955223880597014,68.1592039800995
E00161303,304,79,34,45,225,24,201,25.986842105263158,11.18421052631579,14.802631578947366,74.01315789473685,7.894736842105263,66.11842105263158
E00161304,377,71,30,41,306,40,266,18.83289124668435,7.957559681697612,10.875331564986737,81.16710875331566,10.610079575596817,70.55702917771883
E00161305,272,74,42,32,198,7,191,27.205882352941174,15.441176470588236,11.76470588235294,72.79411764705883,2.5735294117647056,70.22058823529412
E00161306,467,71,33,38,396,39,357,15.203426124197003,7.066381156316917,8.137044967880087,84.79657387580299,8.35117773019272,76.44539614561027
E00161307,343,52,13,39,291,36,255,15.160349854227405,3.7900874635568513,11.370262390670554,84.8396501457726,10.495626822157435,74.34402332361516
E00161309,263,45,14,31,218,29,189,17.110266159695815,5.323193916349809,11.787072243346007,82.88973384030417,11.02661596958175,71.86311787072243
E00161310,274,27,9,18,247,35,212,9.854014598540147,3.2846715328467155,6.569343065693431,90.14598540145985,12.773722627737227,77.37226277372264
E00161311,303,53,21,32,250,28,222,17.491749174917494,6.9306930693069315,10.561056105610561,82.50825082508251,9.24092409240924,73.26732673267327
E00161312,367,50,16,34,317,29,288,13.623978201634879,4.35967302452316,9.264305177111716,86.37602179836512,7.901907356948229,78.4741144414169
E00161313,305,120,90,30,185,22,163,39.34426229508197,29.508196721311474,9.836065573770492,60.65573770491803,7.213114754098362,53.442622950819676
E00161314,424,58,20,38,366,32,334,13.679245283018867,4.716981132075472,8.962264150943396,86.32075471698113,7.547169811320755,78.77358490566037
E00161315,284,33,10,23,251,25,226,11.619718309859154,3.5211267605633805,8.098591549295776,88.38028169014085,8.80281690140845,79.5774647887324
E00161316,262,60,27,33,202,22,180,22.900763358778626,10.305343511450381,12.595419847328243,77.09923664122137,8.396946564885496,68.70229007633588
E00161317,325,29,5,24,296,36,260,8.923076923076923,1.5384615384615385,7.384615384615385,91.07692307692308,11.076923076923077,80
E00161319,354,41,14,27,313,34,279,11.581920903954803,3.954802259887006,7.627118644067797,88.4180790960452,9.6045197740113,78.8135593220339
E00161320,382,61,18,43,321,32,289,15.968586387434556,4.712041884816754,11.2565445026178,84.03141361256544,8.37696335078534,75.6544502617801
E00161321,337,40,13,27,297,30,267,11.869436201780417,3.857566765578635,8.011869436201781,88.13056379821958,8.902077151335313,79.22848664688428
E00161322,281,26,7,19,255,31,224,9.252669039145907,2.491103202846975,6.761565836298933,90.74733096085409,11.032028469750891,79.7153024911032
E00161323,338,36,11,25,302,29,273,10.650887573964498,3.2544378698224854,7.396449704142012,89.3491124260355,8.579881656804734,80.76923076923077
E00161324,351,42,15,27,309,50,259,11.965811965811966,4.273504273504273,7.6923076923076925,88.03418803418803,14.245014245014245,73.78917378917379
E00161325,274,58,16,42,216,20,196,21.16788321167883,5.839416058394161,15.328467153284672,78.83211678832117,7.2992700729927,71.53284671532847
E00161326,314,34,10,24,280,37,243,10.828025477707007,3.1847133757961785,7.643312101910828,89.171974522293,11.78343949044586,77.38853503184714
E00161327,250,46,15,31,204,24,180,18.4,6,12.4,81.6,9.6,72
E00161328,278,68,25,43,210,24,186,24.46043165467626,8.992805755395683,15.467625899280577,75.53956834532374,8.633093525179856,66.90647482014388
E00161330,445,81,34,47,364,30,334,18.202247191011235,7.640449438202247,10.561797752808989,81.79775280898876,6.741573033707865,75.0561797752809
E00161331,332,62,26,36,270,30,240,18.67469879518072,7.83132530120482,10.843373493975903,81.32530120481928,9.036144578313253,72.28915662650603
E00161332,295,41,15,26,254,38,216,13.898305084745763,5.084745762711865,8.813559322033898,86.10169491525423,12.88135593220339,73.22033898305085
E00161333,241,55,21,34,186,25,161,22.821576763485478,8.71369294605809,14.107883817427386,77.17842323651453,10.37344398340249,66.80497925311202
E00161334,263,43,16,27,220,19,201,16.34980988593156,6.083650190114068,10.26615969581749,83.65019011406845,7.224334600760455,76.42585551330798
E00161335,230,22,7,15,208,28,180,9.565217391304348,3.0434782608695654,6.521739130434782,90.43478260869566,12.173913043478262,78.26086956521739
E00161336,328,63,27,36,265,29,236,19.20731707317073,8.231707317073171,10.975609756097562,80.79268292682927,8.841463414634147,71.95121951219512
E00161338,303,28,4,24,275,25,250,9.24092409240924,1.3201320132013201,7.920792079207921,90.75907590759076,8.25082508250825,82.50825082508251
E00161339,436,78,26,52,358,46,312,17.889908256880734,5.963302752293578,11.926605504587156,82.11009174311926,10.550458715596331,71.55963302752293
E00161340,287,54,14,40,233,28,205,18.81533101045296,4.878048780487805,13.937282229965156,81.18466898954703,9.75609756097561,71.42857142857143
E00161341,290,69,31,38,221,32,189,23.79310344827586,10.689655172413794,13.10344827586207,76.20689655172413,11.03448275862069,65.17241379310344
E00161342,281,34,9,25,247,12,235,12.099644128113878,3.202846975088968,8.896797153024911,87.90035587188612,4.270462633451958,83.62989323843416
E00161343,389,48,18,30,341,29,312,12.339331619537274,4.627249357326478,7.712082262210797,87.66066838046272,7.455012853470437,80.20565552699229
E00161344,270,54,23,31,216,29,187,20,8.518518518518519,11.481481481481481,80,10.74074074074074,69.25925925925925
E00161345,367,50,28,22,317,31,286,13.623978201634879,7.629427792915531,5.994550408719346,86.37602179836512,8.446866485013624,77.9291553133515
E00161346,271,44,19,25,227,26,201,16.236162361623617,7.011070110701106,9.22509225092251,83.76383763837639,9.59409594095941,74.16974169741697
E00161347,312,32,12,20,280,30,250,10.256410256410255,3.8461538461538463,6.41025641025641,89.74358974358975,9.615384615384617,80.12820512820514
E00161349,280,45,15,30,235,31,204,16.071428571428573,5.357142857142857,10.714285714285714,83.92857142857143,11.071428571428571,72.85714285714285
E00161350,271,42,16,26,229,24,205,15.498154981549817,5.904059040590406,9.59409594095941,84.50184501845018,8.856088560885608,75.64575645756457
E00161351,293,39,9,30,254,39,215,13.310580204778159,3.0716723549488054,10.238907849829351,86.68941979522185,13.310580204778159,73.37883959044369
E00161352,329,33,8,25,296,34,262,10.030395136778116,2.43161094224924,7.598784194528875,89.96960486322189,10.33434650455927,79.63525835866263
E00161354,378,68,24,44,310,29,281,17.989417989417987,6.349206349206349,11.64021164021164,82.01058201058201,7.671957671957672,74.33862433862434
E00161355,288,31,12,19,257,29,228,10.76388888888889,4.166666666666666,6.597222222222222,89.23611111111111,10.069444444444445,79.16666666666666
E00161357,164,38,12,26,126,10,116,23.170731707317074,7.317073170731707,15.853658536585366,76.82926829268293,6.097560975609756,70.73170731707317
E00161358,344,61,33,28,283,35,248,17.732558139534884,9.593023255813954,8.13953488372093,82.26744186046511,10.174418604651162,72.09302325581395
E00161359,334,47,14,33,287,20,267,14.071856287425149,4.191616766467066,9.880239520958083,85.92814371257485,5.9880239520958085,79.94011976047905
E00161360,362,67,23,44,295,30,265,18.50828729281768,6.353591160220995,12.154696132596685,81.49171270718232,8.287292817679557,73.20441988950276
E00161361,281,75,40,35,206,17,189,26.690391459074732,14.23487544483986,12.455516014234876,73.30960854092527,6.049822064056939,67.25978647686833
E00161363,429,79,32,47,350,32,318,18.414918414918414,7.459207459207459,10.955710955710956,81.58508158508158,7.459207459207459,74.12587412587412
E00161364,439,76,22,54,363,45,318,17.312072892938495,5.0113895216400905,12.300683371298406,82.6879271070615,10.250569476082005,72.4373576309795
E00161365,240,41,15,26,199,17,182,17.083333333333332,6.25,10.833333333333334,82.91666666666667,7.083333333333333,75.83333333333333
E00161366,290,63,27,36,227,16,211,21.72413793103448,9.310344827586208,12.413793103448276,78.27586206896552,5.517241379310345,72.75862068965517
E00161367,232,47,20,27,185,26,159,20.25862068965517,8.620689655172415,11.637931034482758,79.74137931034483,11.206896551724139,68.53448275862068
E00161368,312,34,10,24,278,32,246,10.897435897435898,3.205128205128205,7.6923076923076925,89.1025641025641,10.256410256410255,78.84615384615384
E00161369,250,27,12,15,223,32,191,10.8,4.8,6,89.2,12.8,76.4
E00161370,200,49,23,26,151,19,132,24.5,11.5,13,75.5,9.5,66
E00161371,280,92,61,31,188,21,167,32.857142857142854,21.785714285714285,11.071428571428571,67.14285714285714,7.5,59.64285714285714
E00161373,246,38,15,23,208,20,188,15.447154471544716,6.097560975609756,9.34959349593496,84.5528455284553,8.130081300813007,76.42276422764228
E00161374,292,52,18,34,240,27,213,17.80821917808219,6.164383561643835,11.643835616438356,82.1917808219178,9.246575342465754,72.94520547945206
E00161375,236,49,17,32,187,12,175,20.76271186440678,7.203389830508475,13.559322033898304,79.23728813559322,5.084745762711865,74.15254237288136
E00161376,316,33,5,28,283,31,252,10.443037974683545,1.5822784810126582,8.860759493670885,89.55696202531645,9.81012658227848,79.74683544303798
E00161377,424,56,17,39,368,32,336,13.20754716981132,4.009433962264151,9.19811320754717,86.79245283018868,7.547169811320755,79.24528301886792
E00161378,452,48,19,29,404,40,364,10.619469026548673,4.20353982300885,6.415929203539823,89.38053097345133,8.849557522123893,80.53097345132744
E00161379,340,34,7,27,306,34,272,10,2.0588235294117645,7.941176470588235,90,10,80
E00161380,241,35,12,23,206,26,180,14.522821576763487,4.979253112033195,9.54356846473029,85.47717842323651,10.78838174273859,74.68879668049793
E00161381,328,52,16,36,276,35,241,15.853658536585366,4.878048780487805,10.975609756097562,84.14634146341463,10.670731707317072,73.47560975609755
E00161382,233,41,7,34,192,19,173,17.59656652360515,3.004291845493562,14.592274678111588,82.40343347639485,8.15450643776824,74.2489270386266
E00161383,312,31,9,22,281,36,245,9.935897435897436,2.8846153846153846,7.051282051282051,90.06410256410257,11.538461538461538,78.52564102564102
E00161384,388,122,89,33,266,26,240,31.443298969072163,22.938144329896907,8.505154639175258,68.55670103092784,6.701030927835052,61.855670103092784
E00161385,227,63,28,35,164,13,151,27.75330396475771,12.334801762114537,15.418502202643172,72.24669603524228,5.726872246696035,66.51982378854625
E00161386,370,48,19,29,322,29,293,12.972972972972974,5.135135135135135,7.837837837837839,87.02702702702703,7.837837837837839,79.1891891891892
E00161387,267,51,15,36,216,21,195,19.101123595505616,5.617977528089887,13.48314606741573,80.89887640449437,7.865168539325842,73.03370786516854
E00161388,505,42,11,31,463,53,410,8.316831683168317,2.178217821782178,6.138613861386139,91.68316831683168,10.495049504950495,81.1881188118812
E00161389,574,72,23,49,502,52,450,12.543554006968641,4.006968641114982,8.536585365853659,87.45644599303137,9.059233449477352,78.397212543554
E00161390,290,30,7,23,260,22,238,10.344827586206897,2.413793103448276,7.931034482758621,89.65517241379311,7.586206896551724,82.06896551724138
E00161391,302,24,6,18,278,25,253,7.9470198675496695,1.9867549668874174,5.960264900662252,92.05298013245033,8.27814569536424,83.77483443708608
E00161392,356,30,8,22,326,26,300,8.426966292134832,2.247191011235955,6.179775280898876,91.57303370786516,7.303370786516854,84.26966292134831
E00161393,305,43,13,30,262,33,229,14.098360655737704,4.2622950819672125,9.836065573770492,85.90163934426229,10.819672131147541,75.08196721311475
E00161394,310,51,18,33,259,21,238,16.451612903225808,5.806451612903226,10.64516129032258,83.54838709677419,6.774193548387098,76.77419354838709
E00161395,280,31,6,25,249,26,223,11.071428571428571,2.142857142857143,8.928571428571429,88.92857142857142,9.285714285714286,79.64285714285714
E00161396,190,37,11,26,153,16,137,19.473684210526315,5.7894736842105265,13.684210526315791,80.52631578947368,8.421052631578947,72.10526315789474
E00161398,294,32,6,26,262,32,230,10.884353741496598,2.0408163265306123,8.843537414965986,89.1156462585034,10.884353741496598,78.2312925170068
E00161399,263,45,13,32,218,23,195,17.110266159695815,4.942965779467681,12.167300380228136,82.88973384030417,8.745247148288973,74.1444866920152
E00161400,383,44,11,33,339,30,309,11.488250652741515,2.8720626631853787,8.616187989556137,88.51174934725849,7.83289817232376,80.67885117493474
E00161401,206,44,21,23,162,19,143,21.35922330097087,10.194174757281553,11.165048543689322,78.64077669902912,9.223300970873787,69.41747572815534
E00161402,251,34,14,20,217,27,190,13.545816733067728,5.577689243027888,7.968127490039841,86.45418326693228,10.756972111553784,75.69721115537848
E00161403,222,23,9,14,199,20,179,10.36036036036036,4.054054054054054,6.306306306306306,89.63963963963964,9.00900900900901,80.63063063063063
E00161404,320,37,12,25,283,29,254,11.5625,3.75,7.8125,88.4375,9.0625,79.375
E00161405,373,28,8,20,345,39,306,7.506702412868632,2.1447721179624666,5.361930294906166,92.49329758713137,10.455764075067025,82.03753351206434
E00161406,381,104,51,53,277,41,236,27.296587926509186,13.385826771653544,13.910761154855644,72.70341207349081,10.761154855643044,61.942257217847775
E00161409,286,35,12,23,251,26,225,12.237762237762238,4.195804195804196,8.041958041958042,87.76223776223776,9.090909090909092,78.67132867132867
E00161410,224,27,9,18,197,23,174,12.053571428571429,4.017857142857143,8.035714285714286,87.94642857142857,10.267857142857142,77.67857142857143
E00161411,199,49,20,29,150,21,129,24.623115577889447,10.050251256281408,14.572864321608039,75.37688442211056,10.552763819095476,64.82412060301507
E00161412,384,70,20,50,314,31,283,18.229166666666664,5.208333333333334,13.020833333333334,81.77083333333334,8.072916666666668,73.69791666666666
E00161413,318,70,19,51,248,33,215,22.0125786163522,5.9748427672955975,16.037735849056602,77.9874213836478,10.377358490566039,67.61006289308176
E00161414,368,26,8,18,342,34,308,7.065217391304348,2.1739130434782608,4.891304347826087,92.93478260869566,9.239130434782608,83.69565217391305
E00161415,464,105,61,44,359,37,322,22.629310344827587,13.14655172413793,9.482758620689655,77.37068965517241,7.974137931034483,69.39655172413794
E00161416,254,41,14,27,213,20,193,16.141732283464567,5.511811023622047,10.62992125984252,83.85826771653542,7.874015748031496,75.98425196850394
E00161417,366,56,17,39,310,42,268,15.300546448087433,4.644808743169399,10.655737704918032,84.69945355191257,11.475409836065573,73.224043715847
E00161418,311,45,15,30,266,25,241,14.469453376205788,4.823151125401929,9.646302250803858,85.53054662379421,8.038585209003216,77.491961414791
E00161419,288,34,12,22,254,36,218,11.805555555555555,4.166666666666666,7.638888888888889,88.19444444444444,12.5,75.69444444444444
E00161420,223,32,11,21,191,26,165,14.349775784753364,4.932735426008969,9.417040358744394,85.65022421524664,11.659192825112108,73.99103139013454
E00161422,398,48,11,37,350,26,324,12.060301507537687,2.763819095477387,9.296482412060302,87.93969849246231,6.532663316582915,81.4070351758794
E00161423,334,42,17,25,292,26,266,12.574850299401197,5.089820359281437,7.48502994011976,87.42514970059881,7.784431137724551,79.64071856287424
E00161424,298,41,9,32,257,27,230,13.758389261744966,3.0201342281879198,10.738255033557047,86.24161073825503,9.060402684563758,77.18120805369128
E00161425,256,55,19,36,201,17,184,21.484375,7.421875,14.0625,78.515625,6.640625,71.875
E00161426,413,60,20,40,353,28,325,14.527845036319611,4.8426150121065374,9.685230024213075,85.4721549636804,6.779661016949152,78.69249394673123
E00161427,238,37,16,21,201,21,180,15.546218487394958,6.722689075630252,8.823529411764707,84.45378151260505,8.823529411764707,75.63025210084034
E00161429,286,58,21,37,228,30,198,20.27972027972028,7.3426573426573425,12.937062937062937,79.72027972027972,10.48951048951049,69.23076923076923
E00161430,280,43,14,29,237,22,215,15.357142857142858,5,10.357142857142858,84.64285714285714,7.857142857142857,76.78571428571429
E00161431,331,40,10,30,291,32,259,12.084592145015106,3.0211480362537766,9.06344410876133,87.91540785498489,9.667673716012084,78.24773413897282
E00161432,325,88,52,36,237,20,217,27.076923076923077,16,11.076923076923077,72.92307692307692,6.153846153846154,66.76923076923077
E00161433,266,55,24,31,211,19,192,20.676691729323306,9.022556390977442,11.654135338345863,79.32330827067669,7.142857142857142,72.18045112781954
E00161434,331,45,27,18,286,28,258,13.595166163141995,8.157099697885197,5.438066465256798,86.404833836858,8.459214501510575,77.94561933534743
E00161435,383,65,25,40,318,23,295,16.971279373368144,6.527415143603134,10.443864229765012,83.02872062663185,6.005221932114883,77.02349869451697
E00161436,374,115,43,72,259,30,229,30.74866310160428,11.497326203208557,19.25133689839572,69.25133689839572,8.0213903743315509,61.229946524064175
E00161437,322,38,12,26,284,38,246,11.801242236024844,3.7267080745341614,8.074534161490684,88.19875776397515,11.801242236024844,76.3975155279503
E00161439,418,76,20,56,342,48,294,18.181818181818183,4.784688995215311,13.397129186602871,81.81818181818183,11.483253588516746,70.33492822966507
E00161440,372,51,16,35,321,35,286,13.709677419354838,4.301075268817205,9.408602150537634,86.29032258064517,9.408602150537634,76.88172043010752
E00161441,438,51,19,32,387,41,346,11.643835616438356,4.337899543378995,7.30593607305936,88.35616438356165,9.360730593607306,78.99543378995433
E00161442,383,74,32,42,309,35,274,19.321148825065272,8.355091383812011,10.966057441253264,80.67885117493474,9.138381201044385,71.54046997389034
E00161443,374,68,18,50,306,17,289,18.181818181818183,4.81283422459893,13.368983957219251,81.81818181818183,4.545454545454546,77.27272727272727
E00161444,392,87,57,30,305,33,272,22.193877551020407,14.540816326530612,7.653061224489796,77.8061224489796,8.418367346938775,69.38775510204081
E00161445,341,45,15,30,296,27,269,13.196480938416421,4.398826979472141,8.797653958944283,86.80351906158357,7.9178885630498534,78.88563049853371
E00161446,407,66,28,38,341,41,300,16.216216216216218,6.87960687960688,9.336609336609335,83.78378378378379,10.073710073710075,73.71007371007371
E00161447,343,48,14,34,295,27,268,13.994169096209912,4.081632653061225,9.912536443148689,86.0058309037901,7.871720116618077,78.134110787172
E00161448,290,52,18,34,238,34,204,17.93103448275862,6.206896551724138,11.724137931034482,82.06896551724138,11.724137931034482,70.34482758620689
E00161449,280,60,20,40,220,20,200,21.428571428571427,7.142857142857142,14.285714285714285,78.57142857142857,7.142857142857142,71.42857142857143
E00161450,263,48,15,33,215,25,190,18.250950570342205,5.7034220532319395,12.547528517110266,81.74904942965779,9.505703422053232,72.24334600760456
E00161451,467,49,11,38,418,43,375,10.492505353319057,2.355460385438972,8.137044967880087,89.50749464668094,9.207708779443255,80.29978586723769
E00161452,365,37,10,27,328,30,298,10.136986301369863,2.73972602739726,7.397260273972603,89.86301369863014,8.21917808219178,81.64383561643835
E00161453,352,40,16,24,312,23,289,11.363636363636363,4.545454545454546,6.8181818181818175,88.63636363636364,6.534090909090909,82.10227272727273
E00161454,450,58,22,36,392,26,366,12.88888888888889,4.888888888888889,8,87.1111111111111,5.777777777777778,81.33333333333333
E00161455,255,33,18,15,222,28,194,12.941176470588237,7.0588235294117645,5.88235294117647,87.05882352941177,10.980392156862745,76.07843137254902
E00161456,384,39,10,29,345,32,313,10.15625,2.604166666666667,7.552083333333333,89.84375,8.333333333333332,81.51041666666666
E00161457,329,29,7,22,300,31,269,8.814589665653495,2.127659574468085,6.68693009118541,91.1854103343465,9.422492401215806,81.7629179331307
E00161458,381,56,17,39,325,30,295,14.698162729658792,4.4619422572178475,10.236220472440944,85.30183727034121,7.874015748031496,77.42782152230971
E00161459,261,52,27,25,209,24,185,19.923371647509576,10.344827586206897,9.578544061302683,80.07662835249042,9.195402298850574,70.88122605363985
E00161460,292,33,5,28,259,34,225,11.301369863013697,1.7123287671232876,9.58904109589041,88.6986301369863,11.643835616438356,77.05479452054794
E00161461,319,54,17,37,265,24,241,16.927899686520377,5.329153605015674,11.598746081504702,83.07210031347962,7.523510971786834,75.54858934169279
E00161462,328,49,11,38,279,18,261,14.939024390243901,3.353658536585366,11.585365853658537,85.0609756097561,5.487804878048781,79.57317073170732
E00161463,279,40,12,28,239,19,220,14.336917562724013,4.301075268817205,10.03584229390681,85.66308243727599,6.810035842293908,78.85304659498208
E00161464,252,36,16,20,216,24,192,14.285714285714285,6.349206349206349,7.936507936507936,85.71428571428571,9.523809523809524,76.19047619047619
E00161465,236,49,21,28,187,23,164,20.76271186440678,8.898305084745763,11.864406779661017,79.23728813559322,9.745762711864407,69.49152542372882
E00161466,269,31,5,26,238,20,218,11.524163568773234,1.858736059479554,9.66542750929368,88.47583643122677,7.434944237918216,81.04089219330855
E00161467,290,31,11,20,259,31,228,10.689655172413794,3.793103448275862,6.896551724137931,89.3103448275862,10.689655172413794,78.62068965517241
E00161468,338,49,16,33,289,19,270,14.497041420118343,4.733727810650888,9.763313609467456,85.50295857988166,5.621301775147929,79.88165680473372
E00161469,298,40,10,30,258,25,233,13.422818791946309,3.3557046979865772,10.06711409395973,86.57718120805369,8.389261744966444,78.18791946308725
E00161470,311,46,16,30,265,22,243,14.790996784565916,5.144694533762058,9.646302250803858,85.20900321543408,7.07395498392283,78.13504823151125
E00161471,409,34,5,29,375,35,340,8.312958435207824,1.2224938875305624,7.090464547677261,91.68704156479217,8.557457212713937,83.12958435207824
E00161473,252,38,13,25,214,22,192,15.079365079365079,5.158730158730158,9.920634920634921,84.92063492063492,8.73015873015873,76.19047619047619
E00161474,485,149,97,52,336,34,302,30.721649484536083,20,10.721649484536082,69.27835051546391,7.010309278350515,62.2680412371134
E00161475,310,45,17,28,265,23,242,14.516129032258066,5.483870967741936,9.032258064516128,85.48387096774194,7.419354838709677,78.06451612903226
E00161476,350,42,17,25,308,25,283,12,4.857142857142857,7.142857142857142,88,7.142857142857142,80.85714285714286
E00161477,312,77,34,43,235,17,218,24.679487179487182,10.897435897435898,13.782051282051283,75.32051282051282,5.448717948717949,69.87179487179486
E00161478,280,45,19,26,235,25,210,16.071428571428573,6.785714285714286,9.285714285714286,83.92857142857143,8.928571428571429,75
E00161479,258,44,15,29,214,19,195,17.05426356589147,5.813953488372093,11.24031007751938,82.94573643410853,7.3643410852713185,75.5813953488372
E00161480,381,49,12,37,332,31,301,12.860892388451445,3.149606299212598,9.711286089238845,87.13910761154857,8.136482939632545,79.00262467191601
E00161481,292,30,12,18,262,31,231,10.273972602739725,4.10958904109589,6.164383561643835,89.72602739726028,10.616438356164384,79.1095890410959
E00161482,325,40,14,26,285,34,251,12.307692307692308,4.3076923076923075,8,87.6923076923077,10.461538461538462,77.23076923076924
E00161483,276,42,17,25,234,18,216,15.217391304347828,6.159420289855073,9.057971014492754,84.78260869565217,6.521739130434782,78.26086956521739
E00161484,284,47,25,22,237,29,208,16.549295774647888,8.80281690140845,7.746478873239436,83.45070422535211,10.211267605633804,73.23943661971832
E00161485,309,38,8,30,271,28,243,12.297734627831716,2.5889967637540456,9.70873786407767,87.70226537216828,9.06148867313916,78.64077669902912
E00161486,307,33,8,25,274,36,238,10.749185667752444,2.6058631921824107,8.143322475570033,89.25081433224756,11.726384364820847,77.52442996742671
E00161487,287,51,21,30,236,16,220,17.770034843205575,7.317073170731707,10.452961672473867,82.22996515679442,5.574912891986063,76.65505226480836
E00161488,330,45,23,22,285,33,252,13.636363636363635,6.969696969696971,6.666666666666667,86.36363636363636,10,76.36363636363637
E00161489,336,39,13,26,297,23,274,11.607142857142858,3.869047619047619,7.738095238095238,88.39285714285714,6.845238095238096,81.54761904761905
E00161490,266,55,18,37,211,28,183,20.676691729323306,6.7669172932330826,13.909774436090224,79.32330827067669,10.526315789473683,68.796992481203
E00161491,304,48,11,37,256,27,229,15.789473684210526,3.618421052631579,12.171052631578947,84.21052631578947,8.881578947368421,75.32894736842105
E00161492,352,46,17,29,306,27,279,13.068181818181818,4.829545454545454,8.238636363636363,86.93181818181817,7.670454545454546,79.26136363636364
E00161493,235,55,23,32,180,16,164,23.404255319148938,9.787234042553191,13.617021276595745,76.59574468085107,6.808510638297872,69.7872340425532
E00161494,330,55,18,37,275,37,238,16.666666666666664,5.454545454545454,11.212121212121213,83.33333333333334,11.212121212121213,72.12121212121212
E00161495,259,43,14,29,216,31,185,16.602316602316602,5.405405405405405,11.196911196911197,83.3976833976834,11.96911196911197,71.42857142857143
E00161496,301,52,20,32,249,23,226,17.275747508305646,6.64451827242525,10.631229235880399,82.72425249169434,7.641196013289036,75.08305647840533
E00161497,391,57,17,40,334,31,303,14.578005115089516,4.3478260869565215,10.230179028132993,85.42199488491049,7.928388746803069,77.49360613810742
E00161498,327,56,16,40,271,30,241,17.12538226299694,4.892966360856269,12.232415902140673,82.87461773700305,9.174311926605505,73.70030581039755
E00161499,316,63,30,33,253,30,223,19.936708860759495,9.49367088607595,10.443037974683545,80.0632911392405,9.49367088607595,70.56962025316456
E00161501,285,48,21,27,237,38,199,16.842105263157894,7.368421052631578,9.473684210526317,83.15789473684211,13.333333333333334,69.82456140350877
E00161502,156,13,1,12,143,14,129,8.333333333333332,0.641025641025641,7.6923076923076925,91.66666666666666,8.974358974358974,82.6923076923077
E00161503,238,32,6,26,206,18,188,13.445378151260504,2.5210084033613445,10.92436974789916,86.5546218487395,7.563025210084033,78.99159663865547
E00161504,366,46,13,33,320,30,290,12.568306010928962,3.551912568306011,9.01639344262295,87.43169398907104,8.19672131147541,79.23497267759562
E00161505,207,36,10,26,171,17,154,17.391304347826086,4.830917874396135,12.560386473429952,82.6086956521739,8.212560386473431,74.39613526570048
E00161506,291,66,20,46,225,26,199,22.68041237113402,6.872852233676976,15.807560137457044,77.31958762886599,8.934707903780069,68.38487972508591
E00161507,167,55,27,28,112,12,100,32.93413173652694,16.16766467065868,16.766467065868262,67.06586826347305,7.18562874251497,59.88023952095808
E00161508,287,47,23,24,240,25,215,16.376306620209057,8.013937282229964,8.362369337979095,83.62369337979094,8.710801393728223,74.91289198606272
E00161509,273,43,18,25,230,30,200,15.75091575091575,6.593406593406594,9.157509157509157,84.24908424908425,10.989010989010989,73.26007326007326
E00161510,349,44,16,28,305,29,276,12.607449856733524,4.584527220630372,8.022922636103152,87.39255014326648,8.30945558739255,79.08309455587393
E00161511,295,49,29,20,246,25,221,16.610169491525422,9.830508474576272,6.779661016949152,83.38983050847457,8.47457627118644,74.91525423728814
E00161512,246,29,9,20,217,24,193,11.788617886178862,3.6585365853658534,8.130081300813007,88.21138211382113,9.75609756097561,78.45528455284553
E00161513,360,32,9,23,328,26,302,8.88888888888889,2.5,6.388888888888888,91.11111111111111,7.222222222222221,83.88888888888889
E00161514,391,79,39,40,312,23,289,20.20460358056266,9.974424552429667,10.230179028132993,79.79539641943734,5.88235294117647,73.91304347826086
E00161515,312,28,8,20,284,31,253,8.974358974358974,2.564102564102564,6.41025641025641,91.02564102564102,9.935897435897436,81.08974358974359
E00161516,307,69,28,41,238,13,225,22.475570032573287,9.120521172638437,13.355048859934854,77.52442996742671,4.234527687296417,73.28990228013029
E00161517,351,49,18,31,302,37,265,13.96011396011396,5.128205128205128,8.831908831908832,86.03988603988604,10.541310541310542,75.49857549857549
E00161518,295,36,13,23,259,40,219,12.203389830508476,4.406779661016949,7.796610169491526,87.79661016949153,13.559322033898304,74.23728813559322
E00161519,181,64,27,37,117,8,109,35.35911602209944,14.917127071823206,20.441988950276244,64.64088397790056,4.41988950276243,60.22099447513812
E00161520,209,71,35,36,138,20,118,33.97129186602871,16.74641148325359,17.22488038277512,66.02870813397129,9.569377990430622,56.45933014354066
E00161521,390,49,14,35,341,37,304,12.564102564102564,3.5897435897435894,8.974358974358974,87.43589743589743,9.487179487179487,77.94871794871796
E00161522,482,73,20,53,409,36,373,15.145228215767634,4.149377593360995,10.995850622406639,84.85477178423237,7.468879668049793,77.38589211618257
E00161523,374,51,10,41,323,34,289,13.636363636363635,2.6737967914438503,10.962566844919785,86.36363636363636,9.090909090909092,77.27272727272727
E00161524,407,64,39,25,343,17,326,15.724815724815725,9.582309582309582,6.142506142506143,84.27518427518427,4.176904176904177,80.0982800982801
E00161525,330,44,16,28,286,31,255,13.333333333333334,4.848484848484849,8.484848484848486,86.66666666666667,9.393939393939393,77.27272727272727
E00161526,415,34,11,23,381,17,364,8.19277108433735,2.6506024096385543,5.542168674698795,91.80722891566265,4.096385542168675,87.71084337349397
E00161527,310,34,12,22,276,29,247,10.967741935483872,3.870967741935484,7.096774193548387,89.03225806451613,9.35483870967742,79.6774193548387
E00161528,302,42,12,30,260,23,237,13.90728476821192,3.9735099337748347,9.933774834437086,86.09271523178808,7.6158940397351,78.47682119205298
E00161529,345,37,10,27,308,36,272,10.72463768115942,2.898550724637681,7.82608695652174,89.27536231884058,10.434782608695652,78.84057971014494
E00161532,313,39,12,27,274,21,253,12.460063897763577,3.8338658146964857,8.626198083067091,87.53993610223642,6.7092651757188495,80.83067092651757
E00161534,337,41,13,28,296,27,269,12.166172106824925,3.857566765578635,8.30860534124629,87.83382789317507,8.011869436201781,79.82195845697329
E00161535,318,34,13,21,284,23,261,10.69182389937107,4.088050314465408,6.60377358490566,89.30817610062893,7.232704402515723,82.0754716981132
E00161536,349,41,6,35,308,26,282,11.74785100286533,1.7191977077363898,10.028653295128938,88.25214899713467,7.4498567335243555,80.80229226361033
E00161537,372,47,19,28,325,26,299,12.634408602150538,5.10752688172043,7.526881720430108,87.36559139784946,6.989247311827956,80.3763440860215
E00161539,303,18,6,12,285,35,250,5.9405940594059405,1.9801980198019802,3.9603960396039604,94.05940594059405,11.55115511551155,82.50825082508251
E00161540,386,45,13,32,341,39,302,11.658031088082902,3.3678756476683938,8.290155440414509,88.3419689119171,10.103626943005182,78.23834196891191
E00161542,343,60,29,31,283,26,257,17.49271137026239,8.454810495626822,9.037900874635568,82.5072886297376,7.580174927113703,74.9271137026239
E00161543,468,35,6,29,433,47,386,7.478632478632479,1.282051282051282,6.196581196581197,92.52136752136752,10.042735042735043,82.47863247863248
E00161544,295,28,7,21,267,24,243,9.491525423728813,2.3728813559322033,7.118644067796611,90.5084745762712,8.135593220338983,82.37288135593221
E00161545,274,53,21,32,221,27,194,19.34306569343066,7.664233576642336,11.678832116788321,80.65693430656934,9.854014598540147,70.8029197080292
E00161546,302,51,16,35,251,20,231,16.887417218543046,5.298013245033113,11.589403973509933,83.11258278145695,6.622516556291391,76.49006622516556
E00161547,422,61,17,44,361,25,336,14.454976303317535,4.028436018957346,10.42654028436019,85.54502369668246,5.924170616113744,79.62085308056872
E00161548,228,53,24,29,175,25,150,23.24561403508772,10.526315789473683,12.719298245614036,76.75438596491229,10.964912280701753,65.78947368421053
E00161550,352,56,15,41,296,22,274,15.909090909090908,4.261363636363636,11.647727272727272,84.0909090909091,6.25,77.8409090909091
E00161551,322,38,10,28,284,26,258,11.801242236024844,3.1055900621118013,8.695652173913043,88.19875776397515,8.074534161490684,80.12422360248446
E00161553,503,58,12,46,445,34,411,11.530815109343937,2.3856858846918487,9.145129224652088,88.46918489065607,6.759443339960239,81.70974155069582
E00161554,327,28,7,21,299,25,274,8.56269113149847,2.1406727828746175,6.422018348623854,91.43730886850153,7.64525993883792,83.79204892966361
E00161555,403,45,14,31,358,43,315,11.166253101736972,3.4739454094292808,7.6923076923076925,88.83374689826302,10.669975186104217,78.16377171215882
E00161556,266,36,10,26,230,38,192,13.533834586466165,3.7593984962406015,9.774436090225564,86.46616541353383,14.285714285714285,72.18045112781954
E00161557,254,32,10,22,222,23,199,12.598425196850393,3.937007874015748,8.661417322834646,87.4015748031496,9.05511811023622,78.34645669291339
E00161558,340,63,20,43,277,20,257,18.529411764705884,5.88235294117647,12.647058823529411,81.47058823529412,5.88235294117647,75.58823529411765
E00161559,322,30,11,19,292,28,264,9.316770186335404,3.4161490683229814,5.900621118012422,90.6832298136646,8.695652173913043,81.98757763975155
E00161560,316,32,7,25,284,25,259,10.126582278481013,2.2151898734177213,7.9113924050632916,89.87341772151899,7.9113924050632916,81.9620253164557
E00161561,235,25,10,15,210,20,190,10.638297872340425,4.25531914893617,6.382978723404255,89.36170212765957,8.51063829787234,80.85106382978722
E00161562,333,46,16,30,287,31,256,13.813813813813812,4.804804804804805,9.00900900900901,86.18618618618619,9.30930930930931,76.87687687687688
E00161563,411,48,11,37,363,29,334,11.678832116788321,2.67639902676399,9.002433090024331,88.32116788321169,7.0559610705596105,81.26520681265207
E00161564,380,51,12,39,329,24,305,13.421052631578947,3.1578947368421053,10.263157894736842,86.57894736842105,6.315789473684211,80.26315789473685
E00161565,535,70,20,50,465,37,428,13.084112149532709,3.7383177570093453,9.345794392523365,86.91588785046729,6.915887850467289,80
E00161566,267,28,10,18,239,20,219,10.486891385767791,3.7453183520599254,6.741573033707865,89.51310861423221,7.490636704119851,82.02247191011236
E00161567,304,53,12,41,251,33,218,17.434210526315788,3.9473684210526314,13.486842105263158,82.56578947368422,10.855263157894738,71.71052631578947
E00161568,307,52,14,38,255,19,236,16.938110749185668,4.5602605863192185,12.37785016286645,83.06188925081433,6.188925081433225,76.8729641693811
E00161569,286,50,15,35,236,28,208,17.482517482517483,5.244755244755245,12.237762237762238,82.51748251748252,9.79020979020979,72.72727272727273
E00161570,334,92,48,44,242,25,217,27.54491017964072,14.37125748502994,13.17365269461078,72.45508982035929,7.48502994011976,64.97005988023952
E00161571,295,35,14,21,260,31,229,11.864406779661017,4.745762711864407,7.118644067796611,88.13559322033898,10.508474576271185,77.62711864406779
E00161572,148,36,16,20,112,17,95,24.324324324324326,10.81081081081081,13.513513513513514,75.67567567567568,11.486486486486488,64.1891891891892
E00161573,279,50,17,33,229,21,208,17.921146953405017,6.093189964157706,11.827956989247312,82.07885304659499,7.526881720430108,74.55197132616487
E00161574,259,34,9,25,225,18,207,13.127413127413126,3.474903474903475,9.652509652509652,86.87258687258688,6.94980694980695,79.92277992277992
E00161575,274,40,17,23,234,16,218,14.5985401459854,6.204379562043796,8.394160583941606,85.40145985401459,5.839416058394161,79.56204379562044
E00161576,531,82,15,67,449,46,403,15.44256120527307,2.824858757062147,12.617702448210924,84.55743879472693,8.662900188323917,75.89453860640302
E00161577,236,74,35,39,162,16,146,31.35593220338983,14.83050847457627,16.52542372881356,68.64406779661016,6.779661016949152,61.86440677966102
E00161578,279,51,16,35,228,26,202,18.27956989247312,5.734767025089606,12.544802867383511,81.72043010752688,9.31899641577061,72.40143369175627
E00161579,224,49,19,30,175,23,152,21.875,8.482142857142858,13.392857142857142,78.125,10.267857142857142,67.85714285714286
E00161580,384,86,31,55,298,28,270,22.395833333333336,8.072916666666668,14.322916666666666,77.60416666666666,7.291666666666667,70.3125
E00161581,315,34,12,22,281,30,251,10.793650793650794,3.8095238095238098,6.984126984126984,89.20634920634922,9.523809523809524,79.68253968253968
E00161582,286,44,15,29,242,32,210,15.384615384615385,5.244755244755245,10.13986013986014,84.61538461538461,11.188811188811188,73.42657342657343
E00161583,245,36,8,28,209,16,193,14.69387755102041,3.2653061224489797,11.428571428571429,85.3061224489796,6.530612244897959,78.77551020408163
E00161584,302,42,15,27,260,26,234,13.90728476821192,4.966887417218543,8.940397350993377,86.09271523178808,8.609271523178808,77.48344370860927
E00161585,264,42,17,25,222,16,206,15.909090909090908,6.4393939393939394,9.469696969696969,84.0909090909091,6.0606060606060606,78.03030303030303
E00161586,275,49,12,37,226,20,206,17.81818181818182,4.363636363636364,13.454545454545455,82.18181818181817,7.2727272727272725,74.90909090909092
E00161587,258,49,22,27,209,14,195,18.992248062015506,8.527131782945736,10.465116279069768,81.0077519379845,5.426356589147287,75.5813953488372
E00161588,272,35,11,24,237,18,219,12.867647058823529,4.044117647058823,8.823529411764707,87.13235294117648,6.61764705882353,80.51470588235294
E00161589,324,36,5,31,288,33,255,11.11111111111111,1.5432098765432098,9.5679012345679,88.88888888888889,10.185185185185185,78.70370370370371
E00161590,321,26,9,17,295,28,267,8.09968847352025,2.803738317757009,5.29595015576324,91.90031152647975,8.722741433021806,83.17757009345794
E00161591,299,37,8,29,262,29,233,12.37458193979933,2.6755852842809364,9.698996655518394,87.62541806020067,9.698996655518394,77.92642140468227
E00161592,257,46,15,31,211,25,186,17.898832684824903,5.836575875486381,12.062256809338521,82.10116731517509,9.72762645914397,72.37354085603113
E00161593,276,61,22,39,215,22,193,22.10144927536232,7.971014492753622,14.130434782608695,77.89855072463769,7.971014492753622,69.92753623188406
E00161594,311,39,15,24,272,30,242,12.540192926045016,4.823151125401929,7.717041800643088,87.45980707395499,9.646302250803858,77.81350482315112
E00161595,305,38,12,26,267,26,241,12.459016393442624,3.934426229508197,8.524590163934425,87.54098360655738,8.524590163934425,79.01639344262294
E00161596,228,20,6,14,208,26,182,8.771929824561402,2.631578947368421,6.140350877192982,91.22807017543859,11.403508771929824,79.82456140350878
E00161597,310,59,22,37,251,31,220,19.032258064516128,7.096774193548387,11.935483870967742,80.96774193548387,10,70.96774193548387
E00161598,300,41,13,28,259,26,233,13.666666666666666,4.333333333333334,9.333333333333334,86.33333333333333,8.666666666666668,77.66666666666666
E00161600,319,37,9,28,282,22,260,11.598746081504702,2.8213166144200628,8.77742946708464,88.40125391849529,6.896551724137931,81.50470219435736
E00161601,336,48,19,29,288,34,254,14.285714285714285,5.654761904761905,8.630952380952381,85.71428571428571,10.119047619047619,75.59523809523809
E00161602,262,68,45,23,194,13,181,25.954198473282442,17.17557251908397,8.778625954198473,74.04580152671755,4.961832061068702,69.08396946564885
E00161603,305,35,17,18,270,28,242,11.475409836065573,5.573770491803279,5.901639344262295,88.52459016393442,9.180327868852459,79.34426229508198
E00161604,256,68,26,42,188,21,167,26.5625,10.15625,16.40625,73.4375,8.203125,65.234375
E00161605,368,35,18,17,333,34,299,9.510869565217392,4.891304347826087,4.619565217391304,90.48913043478261,9.239130434782608,81.25
E00161606,293,35,8,27,258,31,227,11.945392491467576,2.7303754266211606,9.215017064846416,88.05460750853243,10.580204778156997,77.47440273037543
E00167707,378,76,33,43,302,26,276,20.105820105820104,8.73015873015873,11.375661375661375,79.8941798941799,6.878306878306878,73.01587301587301
E00167708,374,45,18,27,329,36,293,12.032085561497325,4.81283422459893,7.219251336898395,87.96791443850267,9.62566844919786,78.34224598930481
E00167711,228,25,8,17,203,19,184,10.964912280701753,3.508771929824561,7.456140350877193,89.03508771929825,8.333333333333332,80.7017543859649
E00167713,298,40,18,22,258,34,224,13.422818791946309,6.0402684563758395,7.38255033557047,86.57718120805369,11.409395973154362,75.16778523489933
E00167714,287,30,8,22,257,28,229,10.452961672473867,2.7874564459930316,7.665505226480835,89.54703832752612,9.75609756097561,79.79094076655052
E00167715,113,29,15,14,84,11,73,25.663716814159294,13.274336283185843,12.389380530973451,74.33628318584071,9.734513274336283,64.60176991150442
E00167716,209,31,7,24,178,22,156,14.832535885167463,3.349282296650718,11.483253588516746,85.16746411483254,10.526315789473683,74.64114832535886
E00167717,362,52,13,39,310,43,267,14.3646408839779,3.591160220994475,10.773480662983426,85.6353591160221,11.878453038674033,73.75690607734806
E00167718,219,65,40,25,154,15,139,29.68036529680365,18.2648401826484,11.415525114155251,70.31963470319634,6.8493150684931505,63.4703196347032
E00167719,312,30,9,21,282,20,262,9.615384615384617,2.8846153846153846,6.730769230769231,90.38461538461539,6.41025641025641,83.97435897435898
E00167720,171,26,10,16,145,15,130,15.204678362573098,5.847953216374268,9.35672514619883,84.7953216374269,8.771929824561402,76.0233918128655
E00167721,234,30,9,21,204,17,187,12.82051282051282,3.8461538461538463,8.974358974358974,87.17948717948718,7.264957264957266,79.91452991452992
E00167722,306,43,12,31,263,36,227,14.052287581699346,3.9215686274509802,10.130718954248366,85.94771241830065,11.76470588235294,74.18300653594771
E00167723,212,14,5,9,198,18,180,6.60377358490566,2.358490566037736,4.245283018867925,93.39622641509435,8.49056603773585,84.90566037735849
E00167724,187,30,12,18,157,16,141,16.042780748663102,6.417112299465241,9.62566844919786,83.9572192513369,8.55614973262032,75.40106951871658
E00167726,318,38,10,28,280,31,249,11.949685534591195,3.1446540880503147,8.80503144654088,88.0503144654088,9.748427672955975,78.30188679245283
E00167727,258,47,18,29,211,19,192,18.217054263565892,6.976744186046512,11.24031007751938,81.78294573643412,7.3643410852713185,74.4186046511628
E00188555,457,63,15,48,394,43,351,13.785557986870897,3.282275711159737,10.50328227571116,86.2144420131291,9.409190371991247,76.80525164113786
E00188556,452,53,11,42,399,32,367,11.725663716814159,2.433628318584071,9.29203539823009,88.27433628318585,7.079646017699115,81.19469026548673
E00188563,280,30,9,21,250,23,227,10.714285714285714,3.214285714285714,7.5,89.28571428571429,8.214285714285714,81.07142857142857
E00188567,226,28,9,19,198,15,183,12.389380530973451,3.982300884955752,8.4070796460177,87.61061946902655,6.637168141592921,80.97345132743364
E00188568,181,21,6,15,160,14,146,11.602209944751381,3.314917127071823,8.287292817679557,88.39779005524862,7.734806629834254,80.66298342541437
E00188569,392,65,24,41,327,27,300,16.581632653061224,6.122448979591836,10.459183673469388,83.41836734693877,6.887755102040815,76.53061224489795
E00188571,301,48,20,28,253,27,226,15.946843853820598,6.64451827242525,9.30232558139535,84.0531561461794,8.970099667774086,75.08305647840533
E00188572,321,42,16,26,279,20,259,13.084112149532709,4.984423676012461,8.09968847352025,86.91588785046729,6.230529595015576,80.68535825545172
E00188574,322,52,18,34,270,27,243,16.149068322981368,5.590062111801243,10.559006211180124,83.85093167701864,8.385093167701864,75.46583850931677
E00188575,360,90,56,34,270,20,250,25,15.555555555555555,9.444444444444445,75,5.555555555555555,69.44444444444444
E00188577,335,57,15,42,278,18,260,17.01492537313433,4.477611940298507,12.53731343283582,82.98507462686567,5.3731343283582085,77.61194029850746
E00188582,322,44,15,29,278,16,262,13.664596273291925,4.658385093167702,9.006211180124224,86.33540372670807,4.968944099378882,81.36645962732919
E00188585,332,22,5,17,310,37,273,6.626506024096386,1.5060240963855422,5.120481927710843,93.37349397590361,11.144578313253012,82.2289156626506
E00188587,270,24,0,24,246,13,233,8.88888888888889,0,8.88888888888889,91.11111111111111,4.814814814814815,86.29629629629629
E00188588,393,46,15,31,347,34,313,11.704834605597965,3.816793893129771,7.888040712468193,88.29516539440203,8.651399491094146,79.64376590330788
E00188593,390,33,11,22,357,19,338,8.461538461538462,2.8205128205128207,5.641025641025641,91.53846153846153,4.871794871794872,86.66666666666667
E00188595,239,25,10,15,214,22,192,10.460251046025103,4.184100418410042,6.2761506276150625,89.5397489539749,9.205020920502092,80.3347280334728
E00188597,232,71,29,42,161,23,138,30.603448275862068,12.5,18.103448275862068,69.39655172413794,9.913793103448276,59.48275862068966
E00188603,331,42,22,20,289,26,263,12.688821752265861,6.646525679758309,6.042296072507553,87.31117824773413,7.854984894259818,79.45619335347432
E00188606,291,36,8,28,255,22,233,12.371134020618557,2.7491408934707904,9.621993127147768,87.62886597938144,7.560137457044673,80.06872852233677
E00188607,292,19,5,14,273,17,256,6.506849315068493,1.7123287671232876,4.794520547945205,93.4931506849315,5.821917808219178,87.67123287671232
E00188611,281,33,9,24,248,28,220,11.743772241992882,3.202846975088968,8.540925266903916,88.25622775800713,9.9644128113879,78.29181494661923
E00188612,325,32,12,20,293,26,267,9.846153846153847,3.6923076923076925,6.153846153846154,90.15384615384615,8,82.15384615384616
E00188617,315,23,4,19,292,29,263,7.301587301587302,1.2698412698412698,6.031746031746032,92.6984126984127,9.206349206349207,83.4920634920635
E00188618,358,30,7,23,328,25,303,8.379888268156424,1.9553072625698324,6.424581005586592,91.62011173184358,6.983240223463687,84.63687150837988
E00188620,201,33,11,22,168,14,154,16.417910447761194,5.472636815920398,10.945273631840797,83.5820895522388,6.965174129353234,76.61691542288557
E00188622,160,34,14,20,126,16,110,21.25,8.75,12.5,78.75,10,68.75
E00188623,316,9,4,5,307,21,286,2.848101265822785,1.2658227848101267,1.5822784810126582,97.15189873417721,6.6455696202531636,90.50632911392405
E00188625,165,29,9,20,136,17,119,17.575757575757574,5.454545454545454,12.121212121212121,82.42424242424242,10.303030303030303,72.12121212121212
E00188629,354,33,10,23,321,24,297,9.322033898305085,2.824858757062147,6.497175141242938,90.67796610169492,6.779661016949152,83.89830508474576
E00188630,451,50,18,32,401,28,373,11.086474501108649,3.9911308203991127,7.095343680709535,88.91352549889136,6.208425720620843,82.70509977827051
E00188631,224,29,12,17,195,18,177,12.946428571428573,5.357142857142857,7.5892857142857135,87.05357142857143,8.035714285714286,79.01785714285714
E00188633,359,31,6,25,328,29,299,8.635097493036211,1.6713091922005572,6.963788300835655,91.36490250696379,8.07799442896936,83.28690807799443
E00188638,230,57,28,29,173,21,152,24.782608695652176,12.173913043478262,12.608695652173912,75.21739130434783,9.130434782608695,66.08695652173913
E00188639,486,38,9,29,448,37,411,7.818930041152264,1.8518518518518516,5.967078189300412,92.18106995884774,7.613168724279835,84.5679012345679
E00188640,192,71,41,30,121,14,107,36.97916666666667,21.354166666666664,15.625,63.020833333333336,7.291666666666667,55.729166666666664
E00188641,412,50,16,34,362,26,336,12.135922330097088,3.8834951456310676,8.25242718446602,87.86407766990291,6.310679611650485,81.55339805825243
E00188643,334,31,9,22,303,25,278,9.281437125748502,2.694610778443114,6.58682634730539,90.71856287425149,7.48502994011976,83.23353293413174
E00188648,378,30,9,21,348,31,317,7.936507936507936,2.380952380952381,5.555555555555555,92.06349206349206,8.201058201058201,83.86243386243386
E00188651,296,30,8,22,266,19,247,10.135135135135135,2.7027027027027026,7.4324324324324325,89.86486486486487,6.418918918918918,83.44594594594594
E00188655,228,26,3,23,202,31,171,11.403508771929824,1.3157894736842104,10.087719298245613,88.59649122807018,13.596491228070176,75
E00188656,269,37,12,25,232,20,212,13.754646840148698,4.4609665427509295,9.293680297397769,86.2453531598513,7.434944237918216,78.81040892193309
E00188658,325,36,10,26,289,29,260,11.076923076923077,3.076923076923077,8,88.92307692307693,8.923076923076923,80
E00188661,301,42,17,25,259,32,227,13.953488372093023,5.647840531561462,8.305647840531561,86.04651162790698,10.631229235880399,75.41528239202658
E00188662,371,97,28,69,274,34,240,26.1455525606469,7.547169811320755,18.598382749326145,73.8544474393531,9.164420485175203,64.6900269541779
E00188668,326,24,8,16,302,26,276,7.361963190184049,2.4539877300613497,4.9079754601226995,92.63803680981594,7.975460122699387,84.66257668711657
E00188670,340,30,8,22,310,33,277,8.823529411764707,2.3529411764705883,6.470588235294119,91.17647058823529,9.705882352941178,81.47058823529412
E00188671,346,38,9,29,308,14,294,10.982658959537572,2.601156069364162,8.38150289017341,89.01734104046243,4.046242774566474,84.97109826589595
E00188674,377,18,7,11,359,21,338,4.774535809018567,1.8567639257294428,2.9177718832891246,95.22546419098144,5.570291777188329,89.65517241379311
E00188675,246,15,3,12,231,8,223,6.097560975609756,1.2195121951219512,4.878048780487805,93.90243902439023,3.2520325203252036,90.65040650406505
E00188678,278,27,7,20,251,23,228,9.712230215827338,2.5179856115107913,7.1942446043165464,90.28776978417267,8.273381294964029,82.01438848920863
E00188679,400,48,15,33,352,35,317,12,3.75,8.25,88,8.75,79.25
E00188680,373,61,44,17,312,14,298,16.353887399463808,11.796246648793565,4.557640750670242,83.6461126005362,3.753351206434316,79.89276139410187
E00188685,220,54,27,27,166,17,149,24.545454545454547,12.272727272727273,12.272727272727273,75.45454545454545,7.727272727272727,67.72727272727272
E00188686,351,73,39,34,278,34,244,20.7977207977208,11.11111111111111,9.686609686609685,79.2022792022792,9.686609686609685,69.51566951566952
E00188687,319,28,6,22,291,23,268,8.77742946708464,1.8808777429467085,6.896551724137931,91.22257053291536,7.210031347962382,84.01253918495298
E00188693,147,10,5,5,137,9,128,6.802721088435375,3.4013605442176873,3.4013605442176873,93.19727891156462,6.122448979591836,87.07482993197279
E00188694,294,43,25,18,251,23,228,14.625850340136054,8.503401360544217,6.122448979591836,85.37414965986395,7.8231292517006805,77.55102040816327
E00188695,301,49,18,31,252,18,234,16.27906976744186,5.980066445182724,10.299003322259136,83.72093023255815,5.980066445182724,77.74086378737542
E00188699,311,9,0,9,302,23,279,2.8938906752411575,0,2.8938906752411575,97.10610932475883,7.395498392282958,89.71061093247589
E00188702,231,40,10,30,191,27,164,17.316017316017316,4.329004329004329,12.987012987012985,82.68398268398268,11.688311688311687,70.995670995671
E00188705,225,27,6,21,198,23,175,12,2.666666666666667,9.333333333333334,88,10.222222222222223,77.77777777777779
E00188709,295,44,16,28,251,29,222,14.915254237288137,5.423728813559322,9.491525423728813,85.08474576271186,9.830508474576272,75.2542372881356
E00188711,353,29,10,19,324,34,290,8.21529745042493,2.8328611898017,5.382436260623229,91.78470254957507,9.631728045325778,82.15297450424929
E00188718,261,33,14,19,228,20,208,12.643678160919542,5.363984674329502,7.2796934865900385,87.356321839080465,7.662835249042145,79.6934865900383
E00188721,284,23,4,19,261,18,243,8.098591549295776,1.4084507042253522,6.690140845070422,91.90140845070422,6.338028169014084,85.56338028169014
E00188722,247,50,24,26,197,17,180,20.242914979757085,9.7165991902834,10.526315789473683,79.75708502024291,6.882591093117409,72.8744939271255
E00188724,483,46,17,29,437,39,398,9.523809523809524,3.5196687370600417,6.004140786749482,90.47619047619048,8.074534161490684,82.40165631469979
E00188729,262,32,15,17,230,31,199,12.213740458015266,5.7251908396946565,6.488549618320611,87.78625954198473,11.83206106870229,75.95419847328245
E00188730,920,100,17,83,820,91,729,10.869565217391305,1.8478260869565217,9.021739130434783,89.13043478260869,9.891304347826086,79.23913043478261
E00188732,242,15,3,12,227,15,212,6.198347107438017,1.2396694214876034,4.958677685950414,93.80165289256198,6.198347107438017,87.60330578512396
E00188735,317,30,6,24,287,15,272,9.46372239747634,1.8927444794952681,7.570977917981073,90.53627760252367,4.73186119873817,85.8044164037855
E00188736,286,30,12,18,256,19,237,10.48951048951049,4.195804195804196,6.293706293706294,89.5104895104895,6.643356643356643,82.86713286713287
E00188740,273,38,6,32,235,26,209,13.91941391941392,2.197802197802198,11.72161172161172,86.08058608058609,9.523809523809524,76.55677655677655
E00188742,336,31,8,23,305,29,276,9.226190476190476,2.380952380952381,6.845238095238096,90.77380952380952,8.630952380952381,82.14285714285714
E00188745,283,35,8,27,248,15,233,12.36749116607774,2.8268551236749118,9.540636042402827,87.63250883392226,5.30035335689046,82.3321554770318
E00188746,363,39,10,29,324,24,300,10.743801652892563,2.7548209366391188,7.988980716253444,89.25619834710744,6.6115702479338845,82.64462809917356
E00188749,345,35,16,19,310,30,280,10.144927536231885,4.63768115942029,5.507246376811594,89.85507246376811,8.695652173913043,81.15942028985508
