OA,ts0380001,ts0380002,ts0380003,ts0380004,ts0380005,ts0380006,ts0380007,ts0380002_PCT,ts0380003_PCT,ts0380004_PCT,ts0380005_PCT,ts0380006_PCT,ts0380007_PCT
E00126457,262,58,22,36,204,24,180,22.137404580152673,8.396946564885496,13.740458015267176,77.86259541984732,9.16030534351145,68.70229007633588
E00126458,592,88,29,59,504,44,460,14.864864864864865,4.898648648648648,9.966216216216216,85.13513513513513,7.4324324324324325,77.7027027027027
E00126459,426,94,43,51,332,39,293,22.065727699530516,10.093896713615024,11.971830985915492,77.93427230046949,9.15492957746479,68.7793427230047
E00126460,247,50,17,33,197,28,169,20.242914979757085,6.882591093117409,13.360323886639677,79.75708502024291,11.336032388663968,68.42105263157895
E00126461,269,29,10,19,240,17,223,10.780669144981413,3.717472118959108,7.063197026022305,89.21933085501858,6.319702602230483,82.8996282527881
E00126462,294,40,18,22,254,23,231,13.60544217687075,6.122448979591836,7.482993197278912,86.39455782312925,7.8231292517006805,78.57142857142857
E00126463,246,47,15,32,199,19,180,19.10569105691057,6.097560975609756,13.008130081300814,80.89430894308943,7.723577235772358,73.17073170731707
E00126464,250,44,18,26,206,17,189,17.599999999999998,7.199999999999999,10.4,82.39999999999999,6.800000000000001,75.6
E00126465,348,67,36,31,281,23,258,19.25287356321839,10.344827586206897,8.908045977011495,80.74712643678161,6.609195402298851,74.13793103448276
E00126466,351,72,29,43,279,32,247,20.51282051282051,8.262108262108262,12.250712250712251,79.48717948717949,9.116809116809117,70.37037037037037
E00126467,260,68,22,46,192,16,176,26.153846153846157,8.461538461538462,17.692307692307693,73.84615384615385,6.153846153846154,67.6923076923077
E00126468,340,64,29,35,276,39,237,18.823529411764707,8.529411764705882,10.294117647058822,81.17647058823529,11.470588235294118,69.70588235294117
E00126469,228,33,8,25,195,22,173,14.473684210526317,3.508771929824561,10.964912280701753,85.52631578947368,9.649122807017543,75.87719298245614
E00126470,258,48,21,27,210,15,195,18.6046511627907,8.13953488372093,10.465116279069768,81.3953488372093,5.813953488372093,75.5813953488372
E00126471,489,72,22,50,417,34,383,14.723926380368098,4.4989775051124745,10.224948875255624,85.2760736196319,6.952965235173824,78.32310838445807
E00126472,295,49,22,27,246,27,219,16.610169491525422,7.457627118644068,9.152542372881356,83.38983050847457,9.152542372881356,74.23728813559322
E00126474,250,61,27,34,189,30,159,24.4,10.8,13.600000000000001,75.6,12,63.6
E00126475,403,56,17,39,347,39,308,13.895781637717123,4.218362282878412,9.67741935483871,86.10421836228288,9.67741935483871,76.42679900744417
E00126476,301,51,13,38,250,25,225,16.943521594684384,4.318936877076411,12.624584717607974,83.05647840531562,8.305647840531561,74.75083056478405
E00126477,338,41,13,28,297,29,268,12.1301775147929,3.8461538461538463,8.284023668639055,87.86982248520711,8.579881656804734,79.28994082840237
E00126478,239,38,16,22,201,32,169,15.899581589958158,6.694560669456067,9.205020920502092,84.10041841004184,13.389121338912133,70.7112970711297
E00126479,154,39,23,16,115,12,103,25.324675324675322,14.935064935064934,10.38961038961039,74.67532467532467,7.792207792207792,66.88311688311688
E00126480,300,47,19,28,253,21,232,15.666666666666668,6.333333333333334,9.333333333333334,84.33333333333334,7.000000000000001,77.33333333333333
E00126481,373,76,29,47,297,29,268,20.37533512064343,7.774798927613941,12.600536193029491,79.62466487935657,7.774798927613941,71.84986595174263
E00126482,303,91,41,50,212,17,195,30.033003300330037,13.531353135313532,16.5016501650165,69.96699669966998,5.6105610561056105,64.35643564356435
E00126483,284,55,17,38,229,30,199,19.366197183098592,5.985915492957746,13.380281690140844,80.63380281690141,10.56338028169014,70.07042253521126
E00126484,141,69,41,28,72,11,61,48.93617021276596,29.078014184397162,19.858156028368796,51.06382978723404,7.801418439716312,43.262411347517734
E00126485,281,54,26,28,227,26,201,19.217081850533805,9.252669039145907,9.9644128113879,80.78291814946618,9.252669039145907,71.53024911032028
E00126486,276,30,10,20,246,29,217,10.869565217391305,3.6231884057971016,7.246376811594203,89.13043478260869,10.507246376811594,78.62318840579711
E00126487,256,58,18,40,198,27,171,22.65625,7.03125,15.625,77.34375,10.546875,66.796875
E00126488,292,58,23,35,234,34,200,19.863013698630137,7.876712328767123,11.986301369863012,80.13698630136986,11.643835616438356,68.4931506849315
E00126489,304,83,45,38,221,15,206,27.302631578947366,14.802631578947366,12.5,72.69736842105263,4.934210526315789,67.76315789473685
E00126490,231,63,31,32,168,10,158,27.27272727272727,13.41991341991342,13.852813852813853,72.72727272727273,4.329004329004329,68.3982683982684
E00126491,209,68,29,39,141,13,128,32.535885167464116,13.875598086124402,18.660287081339714,67.46411483253588,6.220095693779904,61.24401913875598
E00126493,309,45,9,36,264,24,240,14.563106796116504,2.912621359223301,11.650485436893204,85.43689320388349,7.766990291262135,77.66990291262135
E00126494,280,30,11,19,250,25,225,10.714285714285714,3.9285714285714284,6.785714285714286,89.28571428571429,8.928571428571429,80.35714285714286
E00126495,354,54,15,39,300,29,271,15.254237288135593,4.23728813559322,11.016949152542372,84.7457627118644,8.192090395480225,76.55367231638418
E00126496,242,43,19,24,199,23,176,17.768595041322314,7.851239669421488,9.917355371900827,82.23140495867769,9.50413223140496,72.72727272727273
E00126497,226,33,14,19,193,17,176,14.601769911504425,6.1946902654867255,8.4070796460177,85.39823008849558,7.52212389380531,77.87610619469027
E00126498,266,34,14,20,232,25,207,12.781954887218044,5.263157894736842,7.518796992481203,87.21804511278195,9.398496240601503,77.81954887218046
E00126499,318,41,16,25,277,28,249,12.89308176100629,5.031446540880504,7.861635220125786,87.10691823899371,8.80503144654088,78.30188679245283
E00126500,221,62,19,43,159,13,146,28.054298642533936,8.597285067873303,19.457013574660635,71.94570135746606,5.88235294117647,66.06334841628959
E00126501,336,62,24,38,274,24,250,18.452380952380953,7.142857142857142,11.30952380952381,81.54761904761905,7.142857142857142,74.40476190476191
E00126502,378,61,29,32,317,28,289,16.137566137566136,7.671957671957672,8.465608465608465,83.86243386243386,7.4074074074074066,76.45502645502646
E00126503,270,49,16,33,221,26,195,18.14814814814815,5.9259259259259265,12.222222222222221,81.85185185185185,9.62962962962963,72.22222222222221
E00126504,312,44,16,28,268,26,242,14.102564102564102,5.128205128205128,8.974358974358974,85.8974358974359,8.333333333333332,77.56410256410257
E00126505,296,72,33,39,224,32,192,24.324324324324326,11.14864864864865,13.175675675675674,75.67567567567568,10.81081081081081,64.86486486486487
E00126506,252,59,21,38,193,7,186,23.41269841269841,8.333333333333332,15.079365079365079,76.5873015873016,2.7777777777777777,73.80952380952381
E00126507,283,52,22,30,231,22,209,18.374558303886925,7.773851590106007,10.60070671378092,81.62544169611307,7.773851590106007,73.85159010600707
E00126508,589,83,34,49,506,46,460,14.091680814940577,5.772495755517826,8.31918505942275,85.90831918505943,7.809847198641766,78.09847198641766
E00126509,293,53,27,26,240,27,213,18.088737201365188,9.215017064846416,8.873720136518772,81.91126279863481,9.215017064846416,72.6962457337884
E00126510,412,77,33,44,335,36,299,18.689320388349515,8.009708737864079,10.679611650485436,81.31067961165049,8.737864077669903,72.57281553398059
E00126511,241,25,13,12,216,22,194,10.37344398340249,5.394190871369295,4.979253112033195,89.62655601659752,9.12863070539419,80.49792531120332
E00126512,256,42,21,21,214,23,191,16.40625,8.203125,8.203125,83.59375,8.984375,74.609375
E00126513,319,71,33,38,248,21,227,22.25705329153605,10.344827586206897,11.912225705329153,77.74294670846395,6.583072100313479,71.15987460815047
E00126514,318,73,24,49,245,20,225,22.955974842767297,7.547169811320755,15.40880503144654,77.04402515723271,6.289308176100629,70.75471698113208
E00126515,286,56,26,30,230,18,212,19.58041958041958,9.090909090909092,10.48951048951049,80.41958041958041,6.293706293706294,74.12587412587412
E00126516,364,49,11,38,315,32,283,13.461538461538462,3.021978021978022,10.43956043956044,86.53846153846155,8.791208791208792,77.74725274725274
E00126517,251,50,23,27,201,21,180,19.9203187250996,9.163346613545817,10.756972111553784,80.0796812749004,8.366533864541832,71.71314741035857
E00126518,554,100,41,59,454,44,410,18.050541516245488,7.400722021660649,10.649819494584838,81.94945848375451,7.9422382671480145,74.0072202166065
E00126519,237,77,39,38,160,14,146,32.48945147679325,16.455696202531644,16.033755274261605,67.51054852320675,5.9071729957805905,61.60337552742617
E00126520,477,72,23,49,405,48,357,15.09433962264151,4.821802935010482,10.272536687631026,84.90566037735849,10.062893081761008,74.84276729559748
E00126521,271,70,23,47,201,21,180,25.830258302583026,8.487084870848708,17.343173431734318,74.16974169741697,7.7490774907749085,66.42066420664207
E00126522,250,71,42,29,179,16,163,28.4,16.8,11.600000000000001,71.6,6.4,65.2
E00126523,280,66,35,31,214,15,199,23.57142857142857,12.5,11.071428571428571,76.42857142857142,5.357142857142857,71.07142857142857
E00126524,271,50,14,36,221,23,198,18.45018450184502,5.166051660516605,13.284132841328415,81.54981549815497,8.487084870848708,73.06273062730627
E00126526,254,65,31,34,189,14,175,25.590551181102363,12.204724409448819,13.385826771653544,74.40944881889764,5.511811023622047,68.89763779527559
E00126527,257,66,30,36,191,20,171,25.680933852140075,11.673151750972762,14.007782101167315,74.31906614785993,7.782101167315175,66.53696498054474
E00126528,272,57,30,27,215,13,202,20.955882352941178,11.029411764705882,9.926470588235293,79.04411764705883,4.779411764705882,74.26470588235294
E00126529,293,60,24,36,233,16,217,20.477815699658702,8.19112627986348,12.286689419795222,79.5221843003413,5.460750853242321,74.06143344709898
E00126530,322,93,39,54,229,7,222,28.88198757763975,12.111801242236025,16.77018633540373,71.11801242236024,2.1739130434782608,68.94409937888199
E00126531,262,60,23,37,202,15,187,22.900763358778626,8.778625954198473,14.122137404580155,77.09923664122137,5.7251908396946565,71.37404580152672
E00126532,345,59,35,24,286,17,269,17.101449275362317,10.144927536231885,6.956521739130435,82.89855072463767,4.9275362318840585,77.97101449275362
E00126533,299,58,21,37,241,18,223,19.39799331103679,7.023411371237458,12.37458193979933,80.60200668896321,6.0200668896321075,74.5819397993311
E00126534,277,87,46,41,190,26,164,31.40794223826715,16.60649819494585,14.801444043321299,68.59205776173285,9.386281588447654,59.205776173285194
E00126535,327,82,35,47,245,34,211,25.076452599388375,10.703363914373089,14.37308868501529,74.92354740061162,10.397553516819572,64.52599388379205
E00126536,343,60,27,33,283,35,248,17.49271137026239,7.871720116618077,9.620991253644315,82.5072886297376,10.204081632653061,72.30320699708454
E00126537,266,68,42,26,198,13,185,25.563909774436087,15.789473684210526,9.774436090225564,74.43609022556392,4.887218045112782,69.54887218045113
E00126538,337,81,39,42,256,16,240,24.03560830860534,11.572700296735905,12.462908011869436,75.96439169139467,4.747774480712167,71.2166172106825
E00126539,299,70,33,37,229,24,205,23.411371237458194,11.036789297658862,12.37458193979933,76.58862876254182,8.02675585284281,68.56187290969899
E00126540,325,65,19,46,260,30,230,20,5.846153846153846,14.153846153846153,80,9.230769230769232,70.76923076923077
E00126541,301,73,50,23,228,23,205,24.25249169435216,16.611295681063122,7.641196013289036,75.74750830564784,7.641196013289036,68.10631229235881
E00126542,240,47,20,27,193,30,163,19.583333333333332,8.333333333333332,11.25,80.41666666666667,12.5,67.91666666666667
E00126543,299,60,31,29,239,25,214,20.066889632107024,10.367892976588628,9.698996655518394,79.93311036789298,8.361204013377927,71.57190635451505
E00126544,205,47,23,24,158,21,137,22.926829268292686,11.219512195121952,11.707317073170733,77.07317073170732,10.24390243902439,66.82926829268293
E00126545,235,50,24,26,185,14,171,21.27659574468085,10.212765957446807,11.063829787234042,78.72340425531915,5.957446808510639,72.76595744680851
E00126546,310,50,22,28,260,21,239,16.129032258064516,7.096774193548387,9.032258064516128,83.87096774193549,6.774193548387098,77.09677419354838
E00126547,263,49,18,31,214,16,198,18.631178707224336,6.844106463878327,11.787072243346007,81.36882129277566,6.083650190114068,75.2851711026616
E00126548,354,55,16,39,299,17,282,15.53672316384181,4.519774011299435,11.016949152542372,84.4632768361582,4.80225988700565,79.66101694915254
E00126549,288,45,12,33,243,23,220,15.625,4.166666666666666,11.458333333333332,84.375,7.986111111111111,76.38888888888889
E00126550,271,53,23,30,218,30,188,19.557195571955717,8.487084870848708,11.07011070110701,80.44280442804428,11.07011070110701,69.37269372693727
E00126551,230,58,18,40,172,23,149,25.217391304347824,7.82608695652174,17.391304347826086,74.78260869565217,10,64.78260869565217
E00126552,211,43,21,22,168,18,150,20.379146919431278,9.95260663507109,10.42654028436019,79.62085308056872,8.530805687203792,71.09004739336493
E00126553,267,54,18,36,213,26,187,20.224719101123593,6.741573033707865,13.48314606741573,79.7752808988764,9.737827715355806,70.0374531835206
E00126554,226,36,15,21,190,14,176,15.929203539823009,6.637168141592921,9.29203539823009,84.070796460177,6.1946902654867255,77.87610619469027
E00126555,358,84,33,51,274,27,247,23.463687150837988,9.217877094972067,14.24581005586592,76.53631284916202,7.5418994413407825,68.99441340782123
E00126556,300,91,38,53,209,32,177,30.333333333333336,12.666666666666668,17.666666666666668,69.66666666666667,10.666666666666668,59
E00126557,211,36,13,23,175,17,158,17.061611374407583,6.161137440758294,10.90047393364929,82.93838862559242,8.056872037914692,74.88151658767772
E00126558,242,59,19,40,183,22,161,24.380165289256198,7.851239669421488,16.528925619834713,75.6198347107438,9.090909090909092,66.52892561983471
E00126559,280,44,14,30,236,31,205,15.714285714285714,5,10.714285714285714,84.28571428571429,11.071428571428571,73.21428571428571
E00126560,271,49,20,29,222,19,203,18.081180811808117,7.380073800738007,10.70110701107011,81.91881918819189,7.011070110701106,74.90774907749078
E00126561,338,107,65,42,231,21,210,31.65680473372781,19.230769230769234,12.42603550295858,68.34319526627219,6.21301775147929,62.1301775147929
E00126562,274,51,26,25,223,24,199,18.613138686131386,9.48905109489051,9.124087591240876,81.38686131386861,8.75912408759124,72.62773722627736
E00126563,321,48,25,23,273,33,240,14.953271028037381,7.78816199376947,7.165109034267912,85.04672897196261,10.2803738317757,74.76635514018692
E00126564,327,67,39,28,260,20,240,20.489296636085626,11.926605504587156,8.56269113149847,79.51070336391437,6.116207951070336,73.39449541284404
E00126565,315,55,17,38,260,30,230,17.46031746031746,5.396825396825397,12.063492063492063,82.53968253968253,9.523809523809524,73.01587301587301
E00126566,270,54,23,31,216,22,194,20,8.518518518518519,11.481481481481481,80,8.148148148148149,71.85185185185186
E00126567,237,45,15,30,192,21,171,18.9873417721519,6.329113924050633,12.658227848101266,81.0126582278481,8.860759493670885,72.15189873417721
E00126568,265,49,16,33,216,23,193,18.49056603773585,6.037735849056604,12.452830188679245,81.50943396226415,8.679245283018867,72.83018867924528
E00126569,282,52,26,26,230,19,211,18.439716312056735,9.219858156028367,9.219858156028367,81.56028368794325,6.73758865248227,74.822695035461
E00126570,300,39,11,28,261,32,229,13,3.6666666666666665,9.333333333333334,87,10.666666666666668,76.33333333333333
E00126571,268,38,15,23,230,17,213,14.17910447761194,5.597014925373134,8.582089552238806,85.82089552238806,6.343283582089552,79.47761194029852
E00126572,276,66,29,37,210,22,188,23.91304347826087,10.507246376811594,13.405797101449277,76.08695652173914,7.971014492753622,68.11594202898551
E00126573,264,57,28,29,207,18,189,21.59090909090909,10.606060606060606,10.984848484848484,78.4090909090909,6.8181818181818175,71.5909090909091
E00126574,254,48,16,32,206,16,190,18.89763779527559,6.299212598425196,12.598425196850393,81.10236220472441,6.299212598425196,74.80314960629921
E00126575,226,53,20,33,173,20,153,23.451327433628318,8.849557522123893,14.601769911504425,76.54867256637168,8.849557522123893,67.69911504424779
E00126576,424,97,58,39,327,31,296,22.87735849056604,13.679245283018867,9.19811320754717,77.12264150943396,7.311320754716981,69.81132075471697
E00126577,294,45,16,29,249,34,215,15.306122448979592,5.442176870748299,9.863945578231291,84.6938775510204,11.564625850340136,73.12925170068027
E00126578,463,87,53,34,376,30,346,18.790496760259177,11.447084233261338,7.343412526997841,81.20950323974083,6.479481641468683,74.73002159827213
E00126579,489,66,28,38,423,47,376,13.496932515337424,5.725971370143149,7.770961145194274,86.50306748466258,9.611451942740286,76.89161554192229
E00126581,261,70,38,32,191,16,175,26.81992337164751,14.559386973180077,12.260536398467432,73.18007662835248,6.130268199233716,67.04980842911877
E00126582,507,103,47,56,404,40,364,20.315581854043394,9.270216962524655,11.045364891518737,79.6844181459566,7.889546351084813,71.7948717948718
E00126583,595,104,47,57,491,38,453,17.478991596638654,7.899159663865546,9.57983193277311,82.52100840336134,6.386554621848739,76.1344537815126
E00126584,356,96,38,58,260,19,241,26.96629213483146,10.674157303370785,16.292134831460675,73.03370786516854,5.337078651685393,67.69662921348315
E00126585,511,89,34,55,422,48,374,17.416829745596868,6.653620352250488,10.76320939334638,82.58317025440313,9.393346379647749,73.18982387475538
E00126586,267,75,40,35,192,7,185,28.08988764044944,14.981273408239701,13.108614232209737,71.91011235955057,2.6217228464419478,69.28838951310861
E00126588,250,84,51,33,166,18,148,33.6,20.4,13.200000000000001,66.4,7.199999999999999,59.199999999999996
E00126589,244,51,21,30,193,20,173,20.901639344262296,8.60655737704918,12.295081967213115,79.09836065573771,8.19672131147541,70.90163934426229
E00126590,324,63,22,41,261,22,239,19.444444444444446,6.790123456790123,12.654320987654321,80.55555555555556,6.790123456790123,73.76543209876543
E00126591,273,43,23,20,230,16,214,15.75091575091575,8.424908424908425,7.326007326007327,84.24908424908425,5.86080586080586,78.3882783882784
E00126592,273,52,29,23,221,22,199,19.047619047619047,10.622710622710622,8.424908424908425,80.95238095238095,8.058608058608058,72.89377289377289
E00126593,331,48,21,27,283,29,254,14.501510574018129,6.3444108761329305,8.157099697885197,85.49848942598187,8.761329305135952,76.73716012084593
E00126594,560,94,34,60,466,50,416,16.785714285714285,6.071428571428571,10.714285714285714,83.21428571428572,8.928571428571429,74.28571428571429
E00126595,178,31,16,15,147,15,132,17.415730337078653,8.98876404494382,8.426966292134832,82.58426966292134,8.426966292134832,74.15730337078652
E00126596,223,66,34,32,157,11,146,29.596412556053814,15.246636771300448,14.349775784753364,70.4035874439462,4.932735426008969,65.47085201793722
E00126597,308,67,30,37,241,18,223,21.753246753246753,9.740259740259742,12.012987012987013,78.24675324675324,5.844155844155844,72.40259740259741
E00126598,163,73,42,31,90,6,84,44.785276073619634,25.766871165644172,19.018404907975462,55.21472392638037,3.6809815950920246,51.533742331288344
E00126599,311,68,33,35,243,19,224,21.864951768488748,10.610932475884244,11.254019292604502,78.13504823151125,6.109324758842444,72.02572347266882
E00126600,248,107,66,41,141,9,132,43.145161290322584,26.61290322580645,16.532258064516128,56.85483870967742,3.6290322580645165,53.2258064516129
E00126601,253,55,27,28,198,23,175,21.73913043478261,10.67193675889328,11.067193675889328,78.26086956521739,9.090909090909092,69.1699604743083
E00126602,348,68,20,48,280,22,258,19.54022988505747,5.747126436781609,13.793103448275861,80.45977011494253,6.321839080459771,74.13793103448276
E00126604,427,139,74,65,288,20,268,32.55269320843091,17.330210772833723,15.22248243559719,67.44730679156909,4.683840749414521,62.76346604215457
E00126605,226,45,14,31,181,13,168,19.911504424778762,6.1946902654867255,13.716814159292035,80.08849557522124,5.752212389380531,74.33628318584071
E00126607,307,47,24,23,260,31,229,15.309446254071663,7.81758957654723,7.491856677524431,84.69055374592834,10.097719869706841,74.5928338762215
E00126608,520,49,11,38,471,48,423,9.423076923076923,2.1153846153846154,7.307692307692308,90.57692307692308,9.230769230769232,81.34615384615384
E00126609,322,50,19,31,272,27,245,15.527950310559005,5.900621118012422,9.627329192546584,84.472049689441,8.385093167701864,76.08695652173914
E00126611,268,65,31,34,203,18,185,24.253731343283583,11.567164179104477,12.686567164179104,75.74626865671642,6.7164179104477615,69.02985074626866
E00126612,240,58,24,34,182,19,163,24.166666666666668,10,14.166666666666666,75.83333333333333,7.916666666666666,67.91666666666667
E00126613,348,79,36,43,269,16,253,22.701149425287355,10.344827586206897,12.35632183908046,77.29885057471265,4.597701149425287,72.70114942528735
E00126614,311,49,14,35,262,19,243,15.755627009646304,4.501607717041801,11.254019292604502,84.2443729903537,6.109324758842444,78.13504823151125
E00126615,307,71,32,39,236,25,211,23.12703583061889,10.423452768729643,12.703583061889251,76.8729641693811,8.143322475570033,68.72964169381108
E00126616,336,55,19,36,281,17,264,16.36904761904762,5.654761904761905,10.714285714285714,83.63095238095238,5.059523809523809,78.57142857142857
E00126617,297,64,29,35,233,20,213,21.548821548821547,9.764309764309765,11.784511784511785,78.45117845117845,6.7340067340067336,71.71717171717171
E00126618,220,79,33,46,141,12,129,35.90909090909091,15,20.909090909090907,64.0909090909091,5.454545454545454,58.63636363636363
E00126619,208,67,30,37,141,16,125,32.21153846153847,14.423076923076922,17.78846153846154,67.78846153846155,7.6923076923076925,60.09615384615385
E00126620,267,65,44,21,202,24,178,24.344569288389515,16.479400749063668,7.865168539325842,75.65543071161048,8.98876404494382,66.66666666666666
E00126621,388,37,7,30,351,34,317,9.536082474226804,1.804123711340206,7.731958762886598,90.4639175257732,8.762886597938143,81.70103092783505
E00126622,342,60,26,34,282,33,249,17.543859649122805,7.602339181286549,9.941520467836257,82.45614035087719,9.649122807017543,72.80701754385966
E00126623,308,72,28,44,236,22,214,23.376623376623375,9.090909090909092,14.285714285714285,76.62337662337663,7.142857142857142,69.48051948051948
E00126624,327,28,7,21,299,27,272,8.56269113149847,2.1406727828746175,6.422018348623854,91.43730886850153,8.256880733944955,83.18042813455658
E00126625,327,67,27,40,260,23,237,20.489296636085626,8.256880733944955,12.232415902140673,79.51070336391437,7.033639143730887,72.47706422018348
E00126626,298,34,2,32,264,22,242,11.409395973154362,0.6711409395973155,10.738255033557047,88.59060402684564,7.38255033557047,81.20805369127517
E00126627,277,46,11,35,231,19,212,16.60649819494585,3.9711191335740073,12.63537906137184,83.39350180505414,6.859205776173286,76.53429602888086
E00126628,311,51,21,30,260,20,240,16.39871382636656,6.752411575562702,9.646302250803858,83.60128617363344,6.430868167202572,77.17041800643086
E00126629,453,63,24,39,390,41,349,13.90728476821192,5.298013245033113,8.609271523178808,86.09271523178808,9.050772626931568,77.04194260485652
E00126630,291,33,19,14,258,34,224,11.34020618556701,6.529209621993128,4.810996563573884,88.65979381443299,11.683848797250858,76.97594501718214
E00126631,280,67,37,30,213,25,188,23.92857142857143,13.214285714285715,10.714285714285714,76.07142857142857,8.928571428571429,67.14285714285714
E00126632,412,45,22,23,367,24,343,10.922330097087379,5.339805825242718,5.582524271844661,89.07766990291263,5.825242718446602,83.25242718446601
E00126633,368,70,37,33,298,33,265,19.021739130434785,10.054347826086957,8.967391304347826,80.97826086956522,8.967391304347826,72.01086956521739
E00126634,318,65,26,39,253,29,224,20.440251572327046,8.176100628930817,12.264150943396226,79.55974842767296,9.119496855345911,70.44025157232704
E00126636,386,35,4,31,351,43,308,9.067357512953368,1.0362694300518136,8.031088082901555,90.93264248704664,11.139896373056994,79.79274611398964
E00126637,260,31,14,17,229,23,206,11.923076923076923,5.384615384615385,6.538461538461539,88.07692307692308,8.846153846153847,79.23076923076923
E00126638,302,52,21,31,250,26,224,17.218543046357617,6.95364238410596,10.264900662251655,82.78145695364239,8.609271523178808,74.17218543046357
E00126639,372,28,7,21,344,36,308,7.526881720430108,1.881720430107527,5.64516129032258,92.47311827956989,9.67741935483871,82.79569892473118
E00126640,313,57,17,40,256,15,241,18.210862619808307,5.431309904153355,12.779552715654951,81.78913738019169,4.792332268370607,76.99680511182109
E00126641,291,66,28,38,225,31,194,22.68041237113402,9.621993127147768,13.058419243986256,77.31958762886599,10.652920962199312,66.66666666666666
E00126642,400,108,52,56,292,23,269,27,13,14.000000000000002,73,5.75,67.25
E00126643,357,58,27,31,299,38,261,16.246498599439775,7.563025210084033,8.683473389355742,83.75350140056022,10.644257703081232,73.10924369747899
E00126644,337,28,10,18,309,27,282,8.30860534124629,2.967359050445104,5.341246290801187,91.69139465875371,8.011869436201781,83.67952522255193
E00126645,273,45,19,26,228,32,196,16.483516483516482,6.95970695970696,9.523809523809524,83.51648351648352,11.72161172161172,71.7948717948718
E00126646,411,112,51,61,299,36,263,27.25060827250608,12.408759124087592,14.841849148418493,72.74939172749392,8.75912408759124,63.990267639902676
E00126647,292,81,34,47,211,11,200,27.73972602739726,11.643835616438356,16.095890410958905,72.26027397260275,3.767123287671233,68.4931506849315
E00126648,447,132,95,37,315,23,292,29.53020134228188,21.252796420581653,8.277404921700224,70.46979865771812,5.1454138702460845,65.32438478747203
E00126649,202,58,30,28,144,23,121,28.71287128712871,14.85148514851485,13.861386138613863,71.28712871287128,11.386138613861387,59.900990099009896
E00126650,267,55,26,29,212,18,194,20.59925093632959,9.737827715355806,10.861423220973784,79.40074906367042,6.741573033707865,72.65917602996255
E00126651,358,81,44,37,277,20,257,22.62569832402235,12.290502793296088,10.335195530726256,77.37430167597765,5.58659217877095,71.7877094972067
E00126652,101,46,21,25,55,6,49,45.54455445544555,20.792079207920793,24.752475247524753,54.45544554455446,5.9405940594059405,48.51485148514851
E00126653,314,61,27,34,253,32,221,19.426751592356688,8.598726114649681,10.828025477707007,80.57324840764332,10.191082802547772,70.38216560509554
E00126654,258,65,29,36,193,14,179,25.1937984496124,11.24031007751938,13.953488372093023,74.8062015503876,5.426356589147287,69.37984496124031
E00126655,428,79,31,48,349,30,319,18.457943925233643,7.242990654205607,11.214953271028037,81.54205607476635,7.009345794392523,74.53271028037383
E00126656,199,36,12,24,163,15,148,18.090452261306535,6.030150753768844,12.060301507537687,81.90954773869346,7.537688442211055,74.37185929648241
E00126657,205,59,31,28,146,12,134,28.780487804878046,15.121951219512194,13.658536585365855,71.21951219512195,5.853658536585367,65.3658536585366
E00126658,304,64,33,31,240,18,222,21.052631578947366,10.855263157894738,10.197368421052632,78.94736842105263,5.921052631578947,73.02631578947368
E00126659,173,77,47,30,96,7,89,44.50867052023121,27.167630057803464,17.341040462427745,55.49132947976878,4.046242774566474,51.445086705202314
E00126660,246,47,16,31,199,24,175,19.10569105691057,6.504065040650407,12.601626016260163,80.89430894308943,9.75609756097561,71.13821138211382
E00126661,231,75,42,33,156,14,142,32.467532467532465,18.181818181818183,14.285714285714285,67.53246753246754,6.0606060606060606,61.471861471861466
E00126662,299,54,23,31,245,28,217,18.06020066889632,7.6923076923076925,10.367892976588628,81.93979933110369,9.364548494983277,72.5752508361204
E00126663,241,48,19,29,193,32,161,19.91701244813278,7.883817427385892,12.033195020746888,80.08298755186722,13.278008298755188,66.80497925311202
E00126664,344,67,31,36,277,21,256,19.476744186046513,9.011627906976743,10.465116279069768,80.52325581395348,6.104651162790697,74.4186046511628
E00126666,371,89,48,41,282,39,243,23.98921832884097,12.93800539083558,11.05121293800539,76.01078167115904,10.512129380053908,65.49865229110512
E00126667,310,65,22,43,245,32,213,20.967741935483872,7.096774193548387,13.870967741935484,79.03225806451613,10.32258064516129,68.70967741935485
E00126668,496,128,61,67,368,32,336,25.806451612903224,12.298387096774194,13.508064516129032,74.19354838709677,6.451612903225806,67.74193548387096
E00126669,285,44,14,30,241,21,220,15.43859649122807,4.912280701754386,10.526315789473683,84.56140350877193,7.368421052631578,77.19298245614034
E00126670,426,54,21,33,372,47,325,12.676056338028168,4.929577464788732,7.746478873239436,87.32394366197182,11.032863849765258,76.29107981220658
E00126674,212,39,11,28,173,26,147,18.39622641509434,5.188679245283019,13.20754716981132,81.60377358490565,12.264150943396226,69.33962264150944
E00126675,220,37,16,21,183,22,161,16.818181818181817,7.2727272727272725,9.545454545454547,83.18181818181817,10,73.18181818181819
E00126676,299,60,28,32,239,20,219,20.066889632107024,9.364548494983277,10.702341137123746,79.93311036789298,6.688963210702341,73.24414715719062
E00126677,309,35,12,23,274,22,252,11.326860841423949,3.8834951456310676,7.443365695792881,88.67313915857605,7.119741100323624,81.55339805825243
E00126678,271,59,24,35,212,22,190,21.771217712177123,8.856088560885608,12.915129151291513,78.22878228782287,8.118081180811808,70.11070110701108
E00126679,291,60,22,38,231,27,204,20.618556701030926,7.560137457044673,13.058419243986256,79.38144329896907,9.278350515463918,70.10309278350515
E00126680,358,64,25,39,294,25,269,17.877094972067038,6.983240223463687,10.893854748603351,82.12290502793296,6.983240223463687,75.13966480446928
E00126681,228,62,31,31,166,19,147,27.192982456140353,13.596491228070176,13.596491228070176,72.80701754385966,8.333333333333332,64.47368421052632
E00126682,379,104,56,48,275,34,241,27.440633245382585,14.775725593667547,12.66490765171504,72.55936675461741,8.970976253298153,63.58839050131926
E00126683,217,51,25,26,166,22,144,23.502304147465438,11.52073732718894,11.981566820276496,76.49769585253456,10.138248847926267,66.3594470046083
E00126684,301,50,24,26,251,19,232,16.611295681063122,7.973421926910299,8.637873754152823,83.38870431893687,6.312292358803987,77.0764119601329
E00126685,330,74,39,35,256,21,235,22.424242424242426,11.818181818181818,10.606060606060606,77.57575757575758,6.363636363636363,71.21212121212122
E00126686,319,64,26,38,255,25,230,20.06269592476489,8.150470219435736,11.912225705329153,79.9373040752351,7.836990595611286,72.10031347962382
E00126687,599,90,45,45,509,42,467,15.025041736227045,7.512520868113523,7.512520868113523,84.97495826377296,7.0116861435726205,77.96327212020033
E00126688,139,55,35,20,84,11,73,39.568345323741006,25.179856115107913,14.388489208633093,60.431654676258994,7.913669064748201,52.51798561151079
E00126689,264,71,31,40,193,18,175,26.89393939393939,11.742424242424242,15.151515151515152,73.10606060606061,6.8181818181818175,66.28787878787878
E00126690,412,64,25,39,348,39,309,15.53398058252427,6.067961165048544,9.466019417475728,84.46601941747572,9.466019417475728,75
E00126691,480,94,38,56,386,33,353,19.583333333333332,7.916666666666666,11.666666666666666,80.41666666666667,6.875000000000001,73.54166666666667
E00126692,346,102,57,45,244,32,212,29.47976878612717,16.473988439306357,13.005780346820808,70.52023121387283,9.248554913294797,61.27167630057804
E00126693,268,52,16,36,216,30,186,19.402985074626866,5.970149253731343,13.432835820895523,80.59701492537313,11.194029850746269,69.40298507462687
E00126694,539,85,40,45,454,40,414,15.769944341372913,7.421150278293136,8.348794063079778,84.2300556586271,7.421150278293136,76.80890538033395
E00126695,280,87,46,41,193,18,175,31.071428571428573,16.428571428571427,14.642857142857144,68.92857142857143,6.428571428571428,62.5
E00126696,290,49,21,28,241,26,215,16.896551724137932,7.241379310344828,9.655172413793103,83.10344827586206,8.96551724137931,74.13793103448276
E00126697,284,61,14,47,223,16,207,21.47887323943662,4.929577464788732,16.549295774647888,78.52112676056338,5.633802816901409,72.88732394366197
E00126698,284,52,22,30,232,16,216,18.30985915492958,7.746478873239436,10.56338028169014,81.69014084507043,5.633802816901409,76.05633802816901
E00126699,286,80,42,38,206,14,192,27.972027972027973,14.685314685314685,13.286713286713287,72.02797202797203,4.895104895104895,67.13286713286713
E00126700,262,39,16,23,223,23,200,14.885496183206106,6.106870229007633,8.778625954198473,85.1145038167939,8.778625954198473,76.33587786259542
E00126701,292,48,19,29,244,30,214,16.43835616438356,6.506849315068493,9.931506849315069,83.56164383561644,10.273972602739725,73.28767123287672
E00126702,500,71,22,49,429,49,380,14.2,4.3999999999999995,9.8,85.8,9.8,76
E00126703,291,40,14,26,251,27,224,13.745704467353953,4.810996563573884,8.934707903780069,86.25429553264605,9.278350515463918,76.97594501718214
E00126704,379,59,22,37,320,28,292,15.567282321899736,5.804749340369393,9.762532981530343,84.43271767810026,7.387862796833773,77.04485488126649
E00126705,323,38,12,26,285,27,258,11.76470588235294,3.7151702786377707,8.04953560371517,88.23529411764706,8.359133126934983,79.87616099071208
E00126706,463,52,18,34,411,45,366,11.23110151187905,3.8876889848812093,7.343412526997841,88.76889848812095,9.719222462203025,79.04967602591793
E00126707,287,79,33,46,208,19,189,27.526132404181187,11.498257839721255,16.02787456445993,72.47386759581882,6.620209059233449,65.85365853658537
E00126708,258,39,18,21,219,27,192,15.11627906976744,6.976744186046512,8.13953488372093,84.88372093023256,10.465116279069768,74.4186046511628
E00126709,290,54,18,36,236,30,206,18.620689655172416,6.206896551724138,12.413793103448276,81.37931034482759,10.344827586206897,71.03448275862068
E00126710,339,48,19,29,291,23,268,14.15929203539823,5.604719764011799,8.55457227138643,85.84070796460178,6.784660766961652,79.05604719764013
E00126711,299,34,13,21,265,22,243,11.37123745819398,4.3478260869565215,7.023411371237458,88.62876254180601,7.357859531772576,81.27090301003345
E00126712,309,45,14,31,264,19,245,14.563106796116504,4.53074433656958,10.032362459546926,85.43689320388349,6.148867313915858,79.28802588996764
E00126713,243,36,13,23,207,15,192,14.814814814814813,5.349794238683128,9.465020576131687,85.18518518518519,6.172839506172839,79.01234567901234
E00126714,284,39,14,25,245,25,220,13.732394366197184,4.929577464788732,8.80281690140845,86.26760563380282,8.80281690140845,77.46478873239437
E00126715,307,35,14,21,272,26,246,11.400651465798045,4.5602605863192185,6.840390879478828,88.59934853420195,8.469055374592834,80.13029315960912
E00126716,248,46,23,23,202,22,180,18.548387096774192,9.274193548387096,9.274193548387096,81.45161290322581,8.870967741935484,72.58064516129032
E00126717,365,47,22,25,318,29,289,12.876712328767123,6.027397260273973,6.8493150684931505,87.12328767123287,7.9452054794520555,79.17808219178082
E00126718,312,65,35,30,247,24,223,20.833333333333336,11.217948717948719,9.615384615384617,79.16666666666666,7.6923076923076925,71.47435897435898
E00126719,359,36,14,22,323,32,291,10.027855153203342,3.8997214484679668,6.128133704735376,89.97214484679665,8.913649025069638,81.05849582172702
E00126720,319,75,27,48,244,30,214,23.510971786833856,8.463949843260188,15.047021943573668,76.48902821316614,9.404388714733543,67.0846394984326
E00126721,238,70,30,40,168,7,161,29.411764705882355,12.605042016806722,16.80672268907563,70.58823529411765,2.941176470588235,67.64705882352942
E00126722,252,59,34,25,193,14,179,23.41269841269841,13.492063492063492,9.920634920634921,76.5873015873016,5.555555555555555,71.03174603174604
E00126723,276,68,30,38,208,13,195,24.637681159420293,10.869565217391305,13.768115942028986,75.36231884057972,4.710144927536232,70.65217391304348
E00126724,318,63,26,37,255,25,230,19.81132075471698,8.176100628930817,11.635220125786164,80.18867924528303,7.861635220125786,72.32704402515722
E00126725,152,15,3,12,137,14,123,9.868421052631579,1.9736842105263157,7.894736842105263,90.13157894736842,9.210526315789473,80.92105263157895
E00126727,324,55,9,46,269,40,229,16.97530864197531,2.7777777777777777,14.19753086419753,83.0246913580247,12.345679012345679,70.67901234567901
E00126728,282,46,14,32,236,33,203,16.312056737588655,4.964539007092199,11.347517730496454,83.68794326241135,11.702127659574469,71.98581560283688
E00126729,385,42,10,32,343,29,314,10.909090909090908,2.5974025974025974,8.311688311688311,89.0909090909091,7.532467532467532,81.55844155844156
E00126730,246,55,20,35,191,20,171,22.35772357723577,8.130081300813007,14.227642276422763,77.64227642276423,8.130081300813007,69.51219512195121
E00126731,284,67,24,43,217,29,188,23.591549295774648,8.450704225352112,15.140845070422534,76.40845070422534,10.211267605633804,66.19718309859155
E00126733,246,46,19,27,200,24,176,18.69918699186992,7.723577235772358,10.975609756097562,81.30081300813008,9.75609756097561,71.54471544715447
E00126734,289,38,17,21,251,30,221,13.148788927335639,5.88235294117647,7.26643598615917,86.85121107266436,10.380622837370241,76.47058823529412
E00126735,310,40,7,33,270,34,236,12.903225806451612,2.258064516129032,10.64516129032258,87.09677419354838,10.967741935483872,76.12903225806451
E00126736,415,78,33,45,337,45,292,18.795180722891565,7.951807228915662,10.843373493975903,81.20481927710843,10.843373493975903,70.36144578313252
E00126737,279,33,11,22,246,33,213,11.827956989247312,3.942652329749104,7.885304659498208,88.17204301075269,11.827956989247312,76.34408602150538
E00126738,254,43,16,27,211,14,197,16.92913385826772,6.299212598425196,10.62992125984252,83.07086614173228,5.511811023622047,77.55905511811024
E00126739,275,48,18,30,227,19,208,17.454545454545457,6.545454545454546,10.909090909090908,82.54545454545455,6.909090909090909,75.63636363636364
E00126740,207,46,19,27,161,13,148,22.22222222222222,9.178743961352657,13.043478260869565,77.77777777777779,6.280193236714976,71.49758454106279
E00126741,276,89,51,38,187,25,162,32.2463768115942,18.478260869565215,13.768115942028986,67.7536231884058,9.057971014492754,58.69565217391305
E00126742,260,38,15,23,222,19,203,14.615384615384617,5.769230769230769,8.846153846153847,85.38461538461539,7.307692307692308,78.07692307692308
E00126743,249,48,18,30,201,23,178,19.27710843373494,7.228915662650602,12.048192771084338,80.72289156626506,9.236947791164658,71.4859437751004
E00126744,262,47,19,28,215,28,187,17.938931297709924,7.251908396946565,10.687022900763358,82.06106870229007,10.687022900763358,71.37404580152672
E00126745,326,53,23,30,273,29,244,16.257668711656443,7.05521472392638,9.202453987730062,83.74233128834356,8.895705521472392,74.84662576687117
E00126746,246,41,15,26,205,20,185,16.666666666666664,6.097560975609756,10.569105691056912,83.33333333333334,8.130081300813007,75.20325203252033
E00126747,266,44,13,31,222,30,192,16.541353383458645,4.887218045112782,11.654135338345863,83.45864661654136,11.278195488721805,72.18045112781954
E00126749,400,67,25,42,333,27,306,16.75,6.25,10.5,83.25,6.75,76.5
E00126750,247,57,26,31,190,16,174,23.076923076923077,10.526315789473683,12.550607287449392,76.92307692307693,6.477732793522267,70.44534412955466
E00126751,347,74,42,32,273,17,256,21.32564841498559,12.103746397694524,9.221902017291066,78.6743515850144,4.899135446685879,73.77521613832853
E00126753,298,45,18,27,253,23,230,15.100671140939598,6.0402684563758395,9.060402684563758,84.8993288590604,7.718120805369128,77.18120805369128
E00126754,269,50,22,28,219,31,188,18.587360594795538,8.178438661710038,10.408921933085502,81.41263940520446,11.524163568773234,69.88847583643123
E00126756,224,29,7,22,195,22,173,12.946428571428573,3.125,9.821428571428571,87.05357142857143,9.821428571428571,77.23214285714286
E00126757,249,37,16,21,212,18,194,14.859437751004014,6.425702811244979,8.433734939759036,85.14056224899599,7.228915662650602,77.91164658634538
E00126758,201,20,1,19,181,15,166,9.950248756218906,0.4975124378109453,9.45273631840796,90.04975124378109,7.462686567164178,82.58706467661692
E00126759,415,57,22,35,358,25,333,13.734939759036143,5.301204819277109,8.433734939759036,86.26506024096385,6.024096385542169,80.24096385542168
E00126760,299,37,16,21,262,17,245,12.37458193979933,5.351170568561873,7.023411371237458,87.62541806020067,5.68561872909699,81.93979933110369
E00126761,433,94,67,27,339,28,311,21.709006928406467,15.473441108545035,6.235565819861432,78.29099307159353,6.466512702078522,71.82448036951502
E00126762,308,37,10,27,271,34,237,12.012987012987013,3.2467532467532463,8.766233766233766,87.98701298701299,11.03896103896104,76.94805194805194
E00126763,542,81,33,48,461,46,415,14.944649446494465,6.088560885608856,8.856088560885608,85.05535055350553,8.487084870848708,76.56826568265683
E00126764,263,28,4,24,235,23,212,10.646387832699618,1.520912547528517,9.125475285171103,89.35361216730038,8.745247148288973,80.6083650190114
E00126765,309,46,14,32,263,26,237,14.886731391585762,4.53074433656958,10.355987055016183,85.11326860841424,8.414239482200648,76.69902912621359
E00126766,308,48,19,29,260,23,237,15.584415584415584,6.1688311688311686,9.415584415584416,84.4155844155844,7.467532467532467,76.94805194805194
E00126767,233,63,32,31,170,12,158,27.038626609442062,13.733905579399142,13.304721030042918,72.96137339055794,5.150214592274678,67.81115879828327
E00126769,452,69,24,45,383,49,334,15.265486725663715,5.3097345132743365,9.955752212389381,84.7345132743363,10.84070796460177,73.89380530973452
E00126770,292,20,7,13,272,36,236,6.8493150684931505,2.3972602739726026,4.4520547945205475,93.15068493150685,12.32876712328767,80.82191780821918
E00126771,298,29,7,22,269,33,236,9.731543624161073,2.348993288590604,7.38255033557047,90.26845637583892,11.073825503355705,79.19463087248322
E00126772,360,77,35,42,283,28,255,21.38888888888889,9.722222222222223,11.666666666666666,78.61111111111111,7.777777777777778,70.83333333333334
E00126774,260,39,18,21,221,14,207,15,6.923076923076923,8.076923076923077,85,5.384615384615385,79.61538461538461
E00126775,353,42,5,37,311,34,277,11.89801699716714,1.41643059490085,10.48158640226629,88.10198300283287,9.631728045325778,78.47025495750708
E00126776,402,62,20,42,340,21,319,15.422885572139302,4.975124378109453,10.44776119402985,84.5771144278607,5.223880597014925,79.35323383084577
E00126777,247,34,11,23,213,24,189,13.765182186234817,4.4534412955465585,9.31174089068826,86.23481781376519,9.7165991902834,76.51821862348179
E00126778,352,61,24,37,291,22,269,17.329545454545457,6.8181818181818175,10.511363636363637,82.67045454545455,6.25,76.42045454545455
E00126779,364,55,21,34,309,43,266,15.10989010989011,5.769230769230769,9.340659340659341,84.89010989010988,11.813186813186812,73.07692307692307
E00126780,317,39,8,31,278,39,239,12.302839116719243,2.5236593059936907,9.779179810725552,87.69716088328076,12.302839116719243,75.39432176656152
E00126781,310,68,30,38,242,23,219,21.935483870967744,9.67741935483871,12.258064516129032,78.06451612903226,7.419354838709677,70.64516129032258
E00126782,233,54,18,36,179,22,157,23.17596566523605,7.725321888412018,15.450643776824036,76.82403433476395,9.44206008583691,67.38197424892704
E00126783,202,31,12,19,171,23,148,15.346534653465346,5.9405940594059405,9.405940594059405,84.65346534653465,11.386138613861387,73.26732673267327
E00126784,279,31,13,18,248,31,217,11.11111111111111,4.659498207885305,6.451612903225806,88.88888888888889,11.11111111111111,77.77777777777779
E00126785,248,30,8,22,218,21,197,12.096774193548388,3.225806451612903,8.870967741935484,87.90322580645162,8.46774193548387,79.43548387096774
E00126786,299,49,20,29,250,29,221,16.387959866220736,6.688963210702341,9.698996655518394,83.61204013377926,9.698996655518394,73.91304347826086
E00126787,262,64,24,40,198,20,178,24.427480916030532,9.16030534351145,15.267175572519085,75.57251908396947,7.633587786259542,67.93893129770993
E00126788,246,37,12,25,209,19,190,15.040650406504067,4.878048780487805,10.16260162601626,84.95934959349594,7.723577235772358,77.23577235772358
E00126789,226,37,13,24,189,19,170,16.371681415929203,5.752212389380531,10.619469026548673,83.6283185840708,8.4070796460177,75.22123893805309
E00126790,386,45,14,31,341,53,288,11.658031088082902,3.6269430051813467,8.031088082901555,88.3419689119171,13.730569948186528,74.61139896373057
E00170497,238,41,21,20,197,21,176,17.22689075630252,8.823529411764707,8.403361344537815,82.77310924369748,8.823529411764707,73.94957983193278
E00170498,350,57,26,31,293,30,263,16.28571428571429,7.428571428571429,8.857142857142856,83.71428571428572,8.571428571428571,75.14285714285714
E00170499,344,28,9,19,316,32,284,8.13953488372093,2.616279069767442,5.523255813953488,91.86046511627907,9.30232558139535,82.55813953488372
E00170500,289,77,33,44,212,16,196,26.643598615916954,11.418685121107266,15.22491349480969,73.35640138408304,5.536332179930796,67.82006920415225
E00170501,424,54,15,39,370,40,330,12.735849056603774,3.5377358490566038,9.19811320754717,87.26415094339622,9.433962264150944,77.83018867924528
E00170502,263,65,27,38,198,25,173,24.714828897338403,10.26615969581749,14.44866920152091,75.2851711026616,9.505703422053232,65.77946768060836
E00170503,303,62,16,46,241,19,222,20.462046204620464,5.2805280528052805,15.181518151815181,79.53795379537954,6.270627062706271,73.26732673267327
E00170504,426,61,25,36,365,24,341,14.319248826291082,5.868544600938967,8.450704225352112,85.68075117370893,5.633802816901409,80.04694835680752
E00170505,271,25,9,16,246,21,225,9.22509225092251,3.3210332103321036,5.904059040590406,90.7749077490775,7.7490774907749085,83.02583025830258
E00170506,306,68,20,48,238,23,215,22.22222222222222,6.535947712418301,15.686274509803921,77.77777777777779,7.516339869281046,70.26143790849673
E00170507,366,70,35,35,296,26,270,19.12568306010929,9.562841530054644,9.562841530054644,80.87431693989072,7.103825136612022,73.77049180327869
E00170508,202,32,14,18,170,19,151,15.841584158415841,6.9306930693069315,8.91089108910891,84.15841584158416,9.405940594059405,74.75247524752476
E00170510,1890,757,251,506,1133,284,849,40.05291005291005,13.280423280423282,26.77248677248677,59.94708994708995,15.026455026455027,44.920634920634924
E00170512,226,27,10,17,199,21,178,11.946902654867257,4.424778761061947,7.52212389380531,88.05309734513274,9.29203539823009,78.76106194690266
E00170513,200,26,7,19,174,16,158,13,3.5000000000000004,9.5,87,8,79
E00170514,339,44,16,28,295,33,262,12.979351032448378,4.71976401179941,8.259587020648967,87.02064896755162,9.734513274336283,77.28613569321534
E00170515,221,27,9,18,194,18,176,12.217194570135746,4.072398190045249,8.144796380090497,87.78280542986425,8.144796380090497,79.63800904977376
E00170518,334,68,23,45,266,24,242,20.359281437125748,6.88622754491018,13.47305389221557,79.64071856287424,7.18562874251497,72.45508982035929
E00170519,358,51,16,35,307,26,281,14.24581005586592,4.4692737430167595,9.776536312849162,85.75418994413407,7.262569832402235,78.49162011173185
E00170520,362,36,15,21,326,23,303,9.94475138121547,4.143646408839778,5.801104972375691,90.05524861878453,6.353591160220995,83.70165745856355
E00170521,454,51,21,30,403,29,374,11.233480176211454,4.6255506607929515,6.607929515418502,88.76651982378854,6.387665198237885,82.37885462555066
E00170522,430,116,61,55,314,31,283,26.976744186046513,14.186046511627906,12.790697674418606,73.0232558139535,7.209302325581396,65.81395348837209
E00170523,211,32,8,24,179,21,158,15.165876777251185,3.7914691943127963,11.374407582938389,84.83412322274881,9.95260663507109,74.88151658767772
E00181937,560,98,32,66,462,48,414,17.5,5.714285714285714,11.785714285714285,82.5,8.571428571428571,73.92857142857143
E00181942,330,40,12,28,290,24,266,12.121212121212121,3.6363636363636362,8.484848484848486,87.87878787878788,7.2727272727272725,80.60606060606061
E00181945,295,33,10,23,262,27,235,11.186440677966102,3.389830508474576,7.796610169491526,88.8135593220339,9.152542372881356,79.66101694915254
E00181946,254,51,25,26,203,16,187,20.078740157480315,9.84251968503937,10.236220472440944,79.92125984251969,6.299212598425196,73.62204724409449
E00181949,351,23,5,18,328,24,304,6.552706552706552,1.4245014245014245,5.128205128205128,93.44729344729345,6.837606837606838,86.6096866096866
E00181950,288,41,16,25,247,22,225,14.23611111111111,5.555555555555555,8.680555555555555,85.76388888888889,7.638888888888889,78.125
E00181953,244,99,47,52,145,17,128,40.57377049180328,19.262295081967213,21.311475409836063,59.42622950819673,6.967213114754098,52.459016393442624
E00181959,391,60,26,34,331,27,304,15.34526854219949,6.649616368286446,8.695652173913043,84.65473145780051,6.905370843989769,77.74936061381074
E00181960,112,6,1,5,106,5,101,5.357142857142857,0.8928571428571428,4.464285714285714,94.64285714285714,4.464285714285714,90.17857142857143
E00181967,503,44,14,30,459,27,432,8.747514910536779,2.783300198807157,5.964214711729622,91.25248508946322,5.36779324055666,85.88469184890656
E00181970,367,36,9,27,331,27,304,9.809264305177113,2.452316076294278,7.3569482288828345,90.19073569482289,7.3569482288828345,82.83378746594006
E00181971,522,46,14,32,476,41,435,8.812260536398467,2.681992337164751,6.130268199233716,91.18773946360153,7.854406130268199,83.33333333333334
E00181973,521,57,24,33,464,43,421,10.9404990403071,4.606525911708253,6.333973128598848,89.0595009596929,8.253358925143955,80.80614203454894
E00181977,468,55,17,38,413,31,382,11.752136752136751,3.632478632478633,8.11965811965812,88.24786324786325,6.623931623931624,81.62393162393163
E00181979,572,68,21,47,504,44,460,11.888111888111888,3.6713286713286712,8.216783216783217,88.11188811188812,7.6923076923076925,80.41958041958041
E00181981,362,68,27,41,294,29,265,18.784530386740332,7.458563535911603,11.32596685082873,81.21546961325967,8.011049723756907,73.20441988950276
E00181983,295,62,29,33,233,28,205,21.01694915254237,9.830508474576272,11.186440677966102,78.98305084745762,9.491525423728813,69.49152542372882
E00181986,254,136,88,48,118,14,104,53.54330708661418,34.645669291338585,18.89763779527559,46.45669291338583,5.511811023622047,40.94488188976378
E00181987,579,41,7,34,538,38,500,7.081174438687392,1.2089810017271159,5.872193436960276,92.91882556131262,6.563039723661486,86.35578583765113
E00181991,183,23,9,14,160,19,141,12.568306010928962,4.918032786885246,7.650273224043716,87.43169398907104,10.382513661202186,77.04918032786885
E00181992,567,44,17,27,523,43,480,7.760141093474426,2.9982363315696645,4.761904761904762,92.23985890652557,7.583774250440917,84.65608465608466
E00181994,278,25,7,18,253,16,237,8.992805755395683,2.5179856115107913,6.474820143884892,91.00719424460432,5.755395683453238,85.25179856115108
E00181995,486,33,8,25,453,37,416,6.790123456790123,1.646090534979424,5.1440329218107,93.20987654320987,7.613168724279835,85.59670781893004
E00181996,100,5,3,2,95,5,90,5,3,2,95,5,90
E00181999,351,53,25,28,298,21,277,15.0997150997151,7.122507122507122,7.977207977207977,84.9002849002849,5.982905982905983,78.91737891737893
E00182000,147,33,6,27,114,10,104,22.448979591836736,4.081632653061225,18.367346938775512,77.55102040816327,6.802721088435375,70.74829931972789
E00182001,490,68,28,40,422,37,385,13.877551020408163,5.714285714285714,8.16326530612245,86.12244897959184,7.551020408163265,78.57142857142857
E00182005,333,28,7,21,305,36,269,8.408408408408409,2.1021021021021022,6.306306306306306,91.5915915915916,10.81081081081081,80.78078078078079
E00182008,164,12,6,6,152,17,135,7.317073170731707,3.6585365853658534,3.6585365853658534,92.6829268292683,10.365853658536585,82.3170731707317
E00182012,432,43,14,29,389,35,354,9.953703703703704,3.2407407407407405,6.712962962962964,90.04629629629629,8.101851851851851,81.94444444444444
E00182014,252,30,8,22,222,15,207,11.904761904761903,3.1746031746031744,8.73015873015873,88.09523809523809,5.952380952380952,82.14285714285714
E00182019,168,19,4,15,149,16,133,11.30952380952381,2.380952380952381,8.928571428571429,88.69047619047619,9.523809523809524,79.16666666666666
E00182021,277,50,23,27,227,22,205,18.050541516245488,8.303249097472925,9.747292418772563,81.94945848375451,7.9422382671480145,74.0072202166065
E00182024,266,31,11,20,235,18,217,11.654135338345863,4.135338345864661,7.518796992481203,88.34586466165413,6.7669172932330826,81.57894736842105
E00182026,157,8,3,5,149,9,140,5.095541401273886,1.910828025477707,3.1847133757961785,94.90445859872611,5.7324840764331215,89.171974522293
E00182030,379,37,10,27,342,20,322,9.762532981530343,2.638522427440633,7.12401055408971,90.23746701846966,5.277044854881266,84.96042216358839
E00182033,323,34,8,26,289,26,263,10.526315789473683,2.476780185758514,8.04953560371517,89.47368421052632,8.04953560371517,81.42414860681114
E00182044,313,33,11,22,280,28,252,10.543130990415335,3.5143769968051117,7.0287539936102235,89.45686900958466,8.945686900958465,80.5111821086262
