OA,ts0590001,ts0590002,ts0590003,ts0590004,ts0590005,ts0590006,ts0590007,ts0590002_PCT,ts0590003_PCT,ts0590004_PCT,ts0590005_PCT,ts0590006_PCT,ts0590007_PCT
E00117330,147,43,13,30,104,83,21,29.25170068027211,8.843537414965986,20.408163265306122,70.74829931972789,56.4625850340136,14.285714285714285
E00117331,148,34,10,24,114,103,11,22.972972972972975,6.756756756756757,16.216216216216218,77.02702702702703,69.5945945945946,7.4324324324324325
E00117332,123,30,10,20,93,81,12,24.390243902439025,8.130081300813007,16.260162601626014,75.60975609756098,65.85365853658537,9.75609756097561
E00117333,177,46,17,29,131,115,16,25.98870056497175,9.6045197740113,16.38418079096045,74.01129943502825,64.97175141242938,9.03954802259887
E00117334,176,35,7,28,141,122,19,19.886363636363637,3.977272727272727,15.909090909090908,80.11363636363636,69.31818181818183,10.795454545454545
E00117335,194,44,13,31,150,128,22,22.68041237113402,6.701030927835052,15.979381443298967,77.31958762886599,65.97938144329896,11.34020618556701
E00117336,125,36,11,25,89,77,12,28.799999999999997,8.799999999999999,20,71.2,61.6,9.6
E00117337,116,16,5,11,100,89,11,13.793103448275861,4.310344827586207,9.482758620689655,86.20689655172413,76.72413793103449,9.482758620689655
E00117338,147,40,11,29,107,93,14,27.2108843537415,7.482993197278912,19.727891156462583,72.78911564625851,63.26530612244898,9.523809523809524
E00117339,137,35,13,22,102,85,17,25.547445255474454,9.48905109489051,16.05839416058394,74.45255474452554,62.04379562043796,12.408759124087592
E00117340,157,45,16,29,112,100,12,28.662420382165603,10.191082802547772,18.471337579617835,71.3375796178344,63.69426751592356,7.643312101910828
E00117341,181,67,27,40,114,94,20,37.01657458563536,14.917127071823206,22.099447513812155,62.98342541436463,51.93370165745856,11.049723756906078
E00117342,97,24,9,15,73,67,6,24.742268041237114,9.278350515463918,15.463917525773196,75.25773195876289,69.0721649484536,6.185567010309279
E00117343,197,58,19,39,139,126,13,29.441624365482234,9.644670050761421,19.796954314720814,70.55837563451777,63.95939086294417,6.598984771573605
E00117344,115,27,4,23,88,78,10,23.47826086956522,3.4782608695652173,20,76.52173913043478,67.82608695652173,8.695652173913043
E00117345,155,37,7,30,118,97,21,23.870967741935484,4.516129032258064,19.35483870967742,76.12903225806451,62.58064516129033,13.548387096774196
E00117346,172,44,13,31,128,110,18,25.581395348837212,7.55813953488372,18.023255813953487,74.4186046511628,63.95348837209303,10.465116279069768
E00117347,125,36,9,27,89,74,15,28.799999999999997,7.199999999999999,21.6,71.2,59.199999999999996,12
E00117348,148,33,9,24,115,100,15,22.2972972972973,6.081081081081082,16.216216216216218,77.7027027027027,67.56756756756756,10.135135135135135
E00117349,200,71,26,45,129,114,15,35.5,13,22.5,64.5,56.99999999999999,7.5
E00117350,181,56,14,42,125,107,18,30.939226519337016,7.734806629834254,23.204419889502763,69.06077348066299,59.11602209944752,9.94475138121547
E00117351,162,46,22,24,116,98,18,28.39506172839506,13.580246913580247,14.814814814814813,71.60493827160494,60.49382716049383,11.11111111111111
E00117352,128,34,15,19,94,72,22,26.5625,11.71875,14.84375,73.4375,56.25,17.1875
E00117353,146,40,16,24,106,83,23,27.397260273972602,10.95890410958904,16.43835616438356,72.6027397260274,56.849315068493155,15.753424657534246
E00117354,181,50,19,31,131,111,20,27.624309392265197,10.497237569060774,17.12707182320442,72.37569060773481,61.32596685082873,11.049723756906078
E00117355,133,34,12,22,99,82,17,25.563909774436087,9.022556390977442,16.541353383458645,74.43609022556392,61.65413533834586,12.781954887218044
E00117357,160,36,17,19,124,96,28,22.5,10.625,11.875,77.5,60,17.5
E00117358,231,42,15,27,189,169,20,18.181818181818183,6.493506493506493,11.688311688311687,81.81818181818183,73.16017316017316,8.658008658008658
E00117359,194,58,17,41,136,114,22,29.896907216494846,8.762886597938143,21.1340206185567,70.10309278350515,58.76288659793815,11.34020618556701
E00117360,200,54,21,33,146,127,19,27,10.5,16.5,73,63.5,9.5
E00117361,121,41,9,32,80,64,16,33.88429752066116,7.43801652892562,26.446280991735538,66.11570247933885,52.892561983471076,13.223140495867769
E00117362,182,69,26,43,113,89,24,37.91208791208791,14.285714285714285,23.626373626373624,62.08791208791209,48.9010989010989,13.186813186813188
E00117363,203,46,17,29,157,139,18,22.660098522167488,8.374384236453201,14.285714285714285,77.33990147783251,68.4729064039409,8.866995073891626
E00117364,139,34,12,22,105,91,14,24.46043165467626,8.633093525179856,15.827338129496402,75.53956834532374,65.46762589928058,10.071942446043165
E00117365,84,8,3,5,76,61,15,9.523809523809524,3.571428571428571,5.952380952380952,90.47619047619048,72.61904761904762,17.857142857142858
E00117366,109,30,12,18,79,69,10,27.522935779816514,11.009174311926607,16.51376146788991,72.47706422018348,63.30275229357798,9.174311926605505
E00117368,178,58,25,33,120,87,33,32.58426966292135,14.04494382022472,18.53932584269663,67.41573033707866,48.87640449438202,18.53932584269663
E00117369,211,56,22,34,155,133,22,26.540284360189574,10.42654028436019,16.113744075829384,73.45971563981043,63.03317535545023,10.42654028436019
E00117370,190,56,21,35,134,117,17,29.47368421052631,11.052631578947368,18.421052631578945,70.52631578947368,61.578947368421055,8.947368421052632
E00117371,217,59,16,43,158,133,25,27.188940092165897,7.373271889400922,19.81566820276498,72.81105990783409,61.29032258064516,11.52073732718894
E00117372,85,26,10,16,59,53,6,30.58823529411765,11.76470588235294,18.823529411764707,69.41176470588235,62.35294117647059,7.0588235294117645
E00117373,172,45,14,31,127,112,15,26.16279069767442,8.13953488372093,18.023255813953487,73.83720930232558,65.11627906976744,8.720930232558139
E00117374,137,38,7,31,99,79,20,27.73722627737226,5.109489051094891,22.62773722627737,72.26277372262774,57.66423357664233,14.5985401459854
E00117375,242,57,25,32,185,164,21,23.553719008264462,10.330578512396695,13.223140495867769,76.44628099173553,67.76859504132231,8.677685950413224
E00117376,125,27,8,19,98,91,7,21.6,6.4,15.2,78.4,72.8,5.6000000000000005
E00117377,130,46,16,30,84,69,15,35.38461538461539,12.307692307692308,23.076923076923077,64.61538461538461,53.07692307692308,11.538461538461538
E00117378,184,41,13,28,143,126,17,22.282608695652172,7.065217391304348,15.217391304347828,77.71739130434783,68.47826086956522,9.239130434782608
E00117379,159,42,20,22,117,102,15,26.41509433962264,12.578616352201259,13.836477987421384,73.58490566037736,64.15094339622641,9.433962264150944
E00117380,146,35,11,24,111,96,15,23.972602739726025,7.534246575342466,16.43835616438356,76.02739726027397,65.75342465753424,10.273972602739725
E00117381,161,48,13,35,113,99,14,29.81366459627329,8.074534161490684,21.73913043478261,70.1863354037267,61.49068322981367,8.695652173913043
E00117382,138,45,18,27,93,84,9,32.608695652173914,13.043478260869565,19.565217391304348,67.3913043478261,60.86956521739131,6.521739130434782
E00117383,134,41,11,30,93,79,14,30.597014925373134,8.208955223880597,22.388059701492537,69.40298507462687,58.95522388059702,10.44776119402985
E00117384,154,38,13,25,116,103,13,24.675324675324674,8.441558441558442,16.233766233766232,75.32467532467533,66.88311688311688,8.441558441558442
E00117385,188,41,11,30,147,126,21,21.808510638297875,5.851063829787234,15.957446808510639,78.19148936170212,67.02127659574468,11.170212765957446
E00117386,172,45,13,32,127,104,23,26.16279069767442,7.55813953488372,18.6046511627907,73.83720930232558,60.46511627906976,13.372093023255813
E00117387,206,59,15,44,147,127,20,28.640776699029125,7.281553398058252,21.35922330097087,71.35922330097088,61.6504854368932,9.70873786407767
E00117388,99,27,6,21,72,65,7,27.27272727272727,6.0606060606060606,21.21212121212121,72.72727272727273,65.65656565656566,7.07070707070707
E00117389,198,44,10,34,154,127,27,22.22222222222222,5.05050505050505,17.17171717171717,77.77777777777779,64.14141414141415,13.636363636363635
E00117390,209,57,23,34,152,139,13,27.27272727272727,11.004784688995215,16.267942583732058,72.72727272727273,66.50717703349282,6.220095693779904
E00117391,199,52,23,29,147,124,23,26.13065326633166,11.557788944723619,14.572864321608039,73.86934673366834,62.311557788944725,11.557788944723619
E00117392,180,48,20,28,132,109,23,26.666666666666668,11.11111111111111,15.555555555555555,73.33333333333333,60.55555555555555,12.777777777777777
E00117393,154,39,10,29,115,105,10,25.324675324675322,6.493506493506493,18.83116883116883,74.67532467532467,68.18181818181817,6.493506493506493
E00117394,145,37,17,20,108,89,19,25.517241379310345,11.724137931034482,13.793103448275861,74.48275862068967,61.37931034482759,13.10344827586207
E00117395,178,50,15,35,128,111,17,28.08988764044944,8.426966292134832,19.662921348314608,71.91011235955057,62.35955056179775,9.550561797752808
E00117396,79,14,4,10,65,58,7,17.72151898734177,5.063291139240507,12.658227848101266,82.27848101265823,73.41772151898735,8.860759493670885
E00117397,130,28,7,21,102,88,14,21.53846153846154,5.384615384615385,16.153846153846153,78.46153846153847,67.6923076923077,10.76923076923077
E00117398,124,42,20,22,82,69,13,33.87096774193548,16.129032258064516,17.741935483870968,66.12903225806451,55.64516129032258,10.483870967741936
E00117399,208,50,19,31,158,134,24,24.03846153846154,9.134615384615383,14.903846153846153,75.96153846153845,64.42307692307693,11.538461538461538
E00117400,242,61,31,30,181,165,16,25.206611570247933,12.8099173553719,12.396694214876034,74.79338842975206,68.18181818181817,6.6115702479338845
E00117401,183,60,17,43,123,115,8,32.78688524590164,9.289617486338798,23.497267759562842,67.21311475409836,62.841530054644814,4.371584699453552
E00117402,199,45,13,32,154,134,20,22.613065326633166,6.532663316582915,16.08040201005025,77.38693467336684,67.33668341708542,10.050251256281408
E00117403,192,51,13,38,141,124,17,26.5625,6.770833333333333,19.791666666666664,73.4375,64.58333333333334,8.854166666666668
E00117404,178,57,18,39,121,102,19,32.02247191011236,10.112359550561797,21.910112359550563,67.97752808988764,57.30337078651685,10.674157303370785
E00117405,132,42,20,22,90,82,8,31.818181818181817,15.151515151515152,16.666666666666664,68.18181818181817,62.121212121212125,6.0606060606060606
E00117406,149,44,11,33,105,96,9,29.53020134228188,7.38255033557047,22.14765100671141,70.46979865771812,64.42953020134227,6.0402684563758395
E00117407,143,37,10,27,106,97,9,25.874125874125873,6.993006993006993,18.88111888111888,74.12587412587412,67.83216783216784,6.293706293706294
E00117408,117,33,12,21,84,78,6,28.205128205128204,10.256410256410255,17.94871794871795,71.7948717948718,66.66666666666666,5.128205128205128
E00117409,120,38,8,30,82,71,11,31.666666666666664,6.666666666666667,25,68.33333333333333,59.166666666666664,9.166666666666666
E00117410,154,49,18,31,105,85,20,31.818181818181817,11.688311688311687,20.12987012987013,68.18181818181817,55.1948051948052,12.987012987012985
E00117411,87,29,11,18,58,49,9,33.33333333333333,12.643678160919542,20.689655172413794,66.66666666666666,56.32183908045977,10.344827586206897
E00117412,68,16,6,10,52,44,8,23.52941176470588,8.823529411764707,14.705882352941178,76.47058823529412,64.70588235294117,11.76470588235294
E00117413,171,46,16,30,125,112,13,26.900584795321635,9.35672514619883,17.543859649122805,73.09941520467837,65.49707602339181,7.602339181286549
E00117414,101,26,8,18,75,68,7,25.742574257425744,7.920792079207921,17.82178217821782,74.25742574257426,67.32673267326733,6.9306930693069315
E00117415,209,58,17,41,151,130,21,27.751196172248804,8.133971291866029,19.617224880382775,72.24880382775119,62.20095693779905,10.047846889952153
E00117416,262,65,22,43,197,174,23,24.80916030534351,8.396946564885496,16.412213740458014,75.19083969465649,66.41221374045801,8.778625954198473
E00117417,197,40,18,22,157,126,31,20.304568527918782,9.137055837563452,11.16751269035533,79.69543147208121,63.95939086294417,15.736040609137056
E00117418,142,34,12,22,108,94,14,23.943661971830984,8.450704225352112,15.492957746478872,76.05633802816901,66.19718309859155,9.859154929577464
E00117419,148,54,24,30,94,79,15,36.486486486486484,16.216216216216218,20.27027027027027,63.51351351351351,53.37837837837838,10.135135135135135
E00117420,100,29,9,20,71,61,10,28.999999999999996,9,20,71,61,10
E00117421,175,34,8,26,141,120,21,19.428571428571427,4.571428571428571,14.857142857142858,80.57142857142857,68.57142857142857,12
E00117422,161,42,18,24,119,106,13,26.08695652173913,11.180124223602485,14.906832298136646,73.91304347826086,65.83850931677019,8.074534161490684
E00117423,277,75,24,51,202,180,22,27.075812274368232,8.664259927797833,18.4115523465704,72.92418772563177,64.98194945848375,7.9422382671480145
E00117424,145,42,16,26,103,95,8,28.965517241379313,11.03448275862069,17.93103448275862,71.03448275862068,65.51724137931035,5.517241379310345
E00117425,170,48,17,31,122,109,13,28.235294117647058,10,18.235294117647058,71.76470588235294,64.11764705882354,7.647058823529412
E00117426,170,46,14,32,124,107,17,27.058823529411764,8.235294117647058,18.823529411764707,72.94117647058823,62.94117647058823,10
E00117427,111,38,17,21,73,61,12,34.234234234234236,15.315315315315313,18.91891891891892,65.76576576576578,54.95495495495496,10.81081081081081
E00117428,194,64,20,44,130,113,17,32.98969072164948,10.309278350515463,22.68041237113402,67.0103092783505,58.24742268041238,8.762886597938143
E00117429,321,101,37,64,220,176,44,31.464174454828658,11.526479750778815,19.937694704049843,68.53582554517133,54.82866043613706,13.707165109034266
E00117430,48,9,2,7,39,33,6,18.75,4.166666666666666,14.583333333333334,81.25,68.75,12.5
E00117431,166,45,14,31,121,97,24,27.10843373493976,8.433734939759036,18.67469879518072,72.89156626506023,58.43373493975904,14.457831325301203
E00117432,117,25,12,13,92,80,12,21.367521367521366,10.256410256410255,11.11111111111111,78.63247863247864,68.37606837606837,10.256410256410255
E00117433,169,44,14,30,125,107,18,26.035502958579883,8.284023668639055,17.75147928994083,73.96449704142012,63.31360946745562,10.650887573964498
E00117434,179,55,14,41,124,106,18,30.726256983240223,7.82122905027933,22.905027932960895,69.27374301675978,59.217877094972074,10.05586592178771
E00117435,169,44,20,24,125,104,21,26.035502958579883,11.834319526627219,14.201183431952662,73.96449704142012,61.53846153846154,12.42603550295858
E00117436,158,38,15,23,120,104,16,24.050632911392405,9.49367088607595,14.556962025316455,75.9493670886076,65.82278481012658,10.126582278481013
E00117438,176,50,20,30,126,99,27,28.40909090909091,11.363636363636363,17.045454545454543,71.5909090909091,56.25,15.340909090909092
E00117439,136,33,12,21,103,82,21,24.264705882352942,8.823529411764707,15.441176470588236,75.73529411764706,60.29411764705882,15.441176470588236
E00117440,127,36,14,22,91,81,10,28.346456692913385,11.023622047244094,17.322834645669293,71.65354330708661,63.77952755905512,7.874015748031496
E00117441,145,40,16,24,105,90,15,27.586206896551722,11.03448275862069,16.551724137931036,72.41379310344827,62.06896551724138,10.344827586206897
E00117442,130,42,20,22,88,69,19,32.30769230769231,15.384615384615385,16.923076923076923,67.6923076923077,53.07692307692308,14.615384615384617
E00117443,150,42,9,33,108,94,14,28.000000000000004,6,22,72,62.66666666666667,9.333333333333334
E00117444,144,41,18,23,103,78,25,28.47222222222222,12.5,15.972222222222221,71.52777777777779,54.166666666666664,17.36111111111111
E00117445,140,42,15,27,98,87,11,30,10.714285714285714,19.28571428571429,70,62.142857142857146,7.857142857142857
E00117446,149,38,11,27,111,99,12,25.503355704697988,7.38255033557047,18.120805369127517,74.49664429530202,66.44295302013423,8.053691275167784
E00117448,228,50,21,29,178,155,23,21.929824561403507,9.210526315789473,12.719298245614036,78.0701754385965,67.98245614035088,10.087719298245613
E00117449,189,52,21,31,137,114,23,27.513227513227513,11.11111111111111,16.402116402116402,72.4867724867725,60.317460317460316,12.16931216931217
E00117450,219,60,22,38,159,135,24,27.397260273972602,10.045662100456621,17.35159817351598,72.6027397260274,61.64383561643836,10.95890410958904
E00117451,180,54,23,31,126,106,20,30,12.777777777777777,17.22222222222222,70,58.88888888888889,11.11111111111111
E00117452,297,71,26,45,226,191,35,23.905723905723907,8.754208754208754,15.151515151515152,76.0942760942761,64.3097643097643,11.784511784511785
E00117453,176,51,15,36,125,105,20,28.97727272727273,8.522727272727272,20.454545454545457,71.02272727272727,59.65909090909091,11.363636363636363
E00117454,173,43,16,27,130,111,19,24.85549132947977,9.248554913294797,15.606936416184972,75.14450867052022,64.16184971098265,10.982658959537572
E00117455,137,31,8,23,106,84,22,22.62773722627737,5.839416058394161,16.78832116788321,77.37226277372264,61.31386861313869,16.05839416058394
E00117456,167,42,11,31,125,100,25,25.149700598802394,6.58682634730539,18.562874251497004,74.8502994011976,59.88023952095808,14.97005988023952
E00117457,140,38,7,31,102,95,7,27.142857142857142,5,22.142857142857142,72.85714285714285,67.85714285714286,5
E00117458,168,42,15,27,126,106,20,25,8.928571428571429,16.071428571428573,75,63.095238095238095,11.904761904761903
E00117459,195,38,10,28,157,136,21,19.48717948717949,5.128205128205128,14.358974358974358,80.51282051282051,69.74358974358974,10.76923076923077
E00117460,247,66,29,37,181,158,23,26.720647773279353,11.740890688259109,14.979757085020243,73.27935222672065,63.96761133603239,9.31174089068826
E00117461,294,75,28,47,219,184,35,25.510204081632654,9.523809523809524,15.98639455782313,74.48979591836735,62.585034013605444,11.904761904761903
E00117462,210,51,21,30,159,134,25,24.285714285714285,10,14.285714285714285,75.71428571428571,63.8095238095238,11.904761904761903
E00117463,192,41,23,18,151,133,18,21.354166666666664,11.979166666666668,9.375,78.64583333333334,69.27083333333334,9.375
E00117464,239,44,18,26,195,181,14,18.410041841004183,7.531380753138076,10.87866108786611,81.58995815899581,75.73221757322176,5.857740585774058
E00117465,290,72,27,45,218,188,30,24.82758620689655,9.310344827586208,15.517241379310345,75.17241379310344,64.82758620689654,10.344827586206897
E00117466,142,44,17,27,98,88,10,30.985915492957744,11.971830985915492,19.014084507042252,69.01408450704226,61.97183098591549,7.042253521126761
E00117467,174,48,18,30,126,116,10,27.586206896551722,10.344827586206897,17.24137931034483,72.41379310344827,66.66666666666666,5.747126436781609
E00117468,85,34,12,22,51,47,4,40,14.117647058823529,25.882352941176475,60,55.294117647058826,4.705882352941177
E00117469,113,21,4,17,92,80,12,18.58407079646018,3.5398230088495577,15.04424778761062,81.41592920353983,70.79646017699115,10.619469026548673
E00117470,181,50,13,37,131,123,8,27.624309392265197,7.18232044198895,20.441988950276244,72.37569060773481,67.95580110497238,4.41988950276243
E00117471,186,45,14,31,141,119,22,24.193548387096776,7.526881720430108,16.666666666666664,75.80645161290323,63.97849462365591,11.827956989247312
E00117472,184,48,14,34,136,123,13,26.08695652173913,7.608695652173914,18.478260869565215,73.91304347826086,66.84782608695652,7.065217391304348
E00117473,193,49,17,32,144,130,14,25.38860103626943,8.808290155440414,16.580310880829018,74.61139896373057,67.35751295336787,7.253886010362693
E00117474,138,50,16,34,88,80,8,36.231884057971016,11.594202898550725,24.637681159420293,63.76811594202898,57.971014492753625,5.797101449275362
E00117475,226,62,18,44,164,141,23,27.43362831858407,7.964601769911504,19.469026548672566,72.56637168141593,62.38938053097345,10.176991150442479
E00117476,154,46,13,33,108,97,11,29.87012987012987,8.441558441558442,21.428571428571427,70.12987012987013,62.98701298701299,7.142857142857142
E00117477,165,39,12,27,126,113,13,23.636363636363637,7.2727272727272725,16.363636363636363,76.36363636363637,68.48484848484848,7.878787878787878
E00117478,166,44,8,36,122,111,11,26.506024096385545,4.819277108433735,21.686746987951807,73.49397590361446,66.86746987951807,6.626506024096386
E00117479,177,46,12,34,131,115,16,25.98870056497175,6.779661016949152,19.2090395480226,74.01129943502825,64.97175141242938,9.03954802259887
E00117480,148,37,16,21,111,93,18,25,10.81081081081081,14.18918918918919,75,62.83783783783784,12.162162162162163
E00117481,206,56,16,40,150,126,24,27.184466019417474,7.766990291262135,19.41747572815534,72.81553398058253,61.165048543689316,11.650485436893204
E00117482,146,39,16,23,107,96,11,26.71232876712329,10.95890410958904,15.753424657534246,73.28767123287672,65.75342465753424,7.534246575342466
E00117483,165,43,13,30,122,114,8,26.060606060606062,7.878787878787878,18.181818181818183,73.93939393939394,69.0909090909091,4.848484848484849
E00117484,158,47,13,34,111,94,17,29.746835443037973,8.227848101265822,21.518987341772153,70.25316455696202,59.49367088607595,10.759493670886076
E00117485,212,59,28,31,153,136,17,27.830188679245282,13.20754716981132,14.622641509433961,72.16981132075472,64.15094339622641,8.018867924528301
E00117486,229,61,27,34,168,150,18,26.637554585152838,11.790393013100436,14.847161572052403,73.36244541484717,65.50218340611353,7.860262008733625
E00117487,154,35,7,28,119,107,12,22.727272727272727,4.545454545454546,18.181818181818183,77.27272727272727,69.48051948051948,7.792207792207792
E00117488,167,47,15,32,120,104,16,28.143712574850298,8.982035928143713,19.16167664670659,71.8562874251497,62.27544910179641,9.580838323353294
E00117489,181,52,17,35,129,106,23,28.7292817679558,9.392265193370166,19.337016574585636,71.27071823204419,58.5635359116022,12.70718232044199
E00117490,161,52,9,43,109,83,26,32.298136645962735,5.590062111801243,26.70807453416149,67.70186335403726,51.5527950310559,16.149068322981368
E00117491,173,39,8,31,134,119,15,22.54335260115607,4.624277456647398,17.91907514450867,77.45664739884393,68.78612716763006,8.670520231213873
E00117492,178,50,20,30,128,111,17,28.08988764044944,11.235955056179774,16.853932584269664,71.91011235955057,62.35955056179775,9.550561797752808
E00117493,190,44,10,34,146,126,20,23.157894736842106,5.263157894736842,17.894736842105264,76.84210526315789,66.3157894736842,10.526315789473683
E00117494,167,46,12,34,121,114,7,27.54491017964072,7.18562874251497,20.359281437125748,72.45508982035929,68.26347305389223,4.191616766467066
E00117496,164,52,17,35,112,96,16,31.70731707317073,10.365853658536585,21.341463414634145,68.29268292682927,58.536585365853654,9.75609756097561
E00117497,158,44,15,29,114,105,9,27.848101265822784,9.49367088607595,18.354430379746837,72.15189873417721,66.45569620253164,5.69620253164557
E00117498,179,43,8,35,136,124,12,24.022346368715084,4.4692737430167595,19.553072625698324,75.97765363128491,69.27374301675978,6.70391061452514
E00117499,184,60,17,43,124,113,11,32.608695652173914,9.239130434782608,23.369565217391305,67.3913043478261,61.41304347826087,5.978260869565218
E00117500,64,20,6,14,44,41,3,31.25,9.375,21.875,68.75,64.0625,4.6875
E00117501,88,30,12,18,58,49,9,34.090909090909086,13.636363636363635,20.454545454545457,65.9090909090909,55.68181818181818,10.227272727272728
E00117503,147,35,15,20,112,98,14,23.809523809523807,10.204081632653061,13.60544217687075,76.19047619047619,66.66666666666666,9.523809523809524
E00117504,163,44,15,29,119,102,17,26.993865030674847,9.202453987730062,17.791411042944784,73.00613496932516,62.57668711656442,10.429447852760736
E00117505,190,43,14,29,147,128,19,22.63157894736842,7.368421052631578,15.263157894736842,77.36842105263158,67.36842105263158,10
E00117506,188,48,15,33,140,123,17,25.53191489361702,7.9787234042553195,17.5531914893617,74.46808510638297,65.42553191489363,9.042553191489363
E00117507,155,51,20,31,104,92,12,32.903225806451616,12.903225806451612,20,67.0967741935484,59.354838709677416,7.741935483870968
E00117508,159,39,21,18,120,101,19,24.528301886792452,13.20754716981132,11.320754716981133,75.47169811320755,63.52201257861635,11.949685534591195
E00117509,149,39,13,26,110,94,16,26.174496644295303,8.724832214765101,17.449664429530202,73.8255033557047,63.08724832214765,10.738255033557047
E00117510,158,49,18,31,109,94,15,31.0126582278481,11.39240506329114,19.62025316455696,68.9873417721519,59.49367088607595,9.49367088607595
E00117511,79,26,15,11,53,47,6,32.91139240506329,18.9873417721519,13.924050632911392,67.08860759493672,59.49367088607595,7.59493670886076
E00117512,144,36,11,25,108,80,28,25,7.638888888888889,17.36111111111111,75,55.55555555555556,19.444444444444446
E00117513,154,54,16,38,100,93,7,35.064935064935064,10.38961038961039,24.675324675324674,64.93506493506493,60.3896103896104,4.545454545454546
E00117514,128,31,9,22,97,87,10,24.21875,7.03125,17.1875,75.78125,67.96875,7.8125
E00117515,153,35,12,23,118,104,14,22.875816993464053,7.8431372549019605,15.032679738562091,77.12418300653596,67.97385620915033,9.15032679738562
E00117516,174,42,12,30,132,121,11,24.137931034482758,6.896551724137931,17.24137931034483,75.86206896551724,69.54022988505747,6.321839080459771
E00117517,159,32,14,18,127,114,13,20.125786163522015,8.80503144654088,11.320754716981133,79.87421383647799,71.69811320754717,8.176100628930817
E00117518,149,30,11,19,119,106,13,20.13422818791946,7.38255033557047,12.751677852348994,79.86577181208054,71.14093959731544,8.724832214765101
E00117519,130,37,13,24,93,74,19,28.46153846153846,10,18.461538461538463,71.53846153846153,56.92307692307692,14.615384615384617
E00117520,161,43,16,27,118,105,13,26.70807453416149,9.937888198757763,16.77018633540373,73.29192546583852,65.21739130434783,8.074534161490684
E00117521,164,46,12,34,118,105,13,28.04878048780488,7.317073170731707,20.73170731707317,71.95121951219512,64.02439024390245,7.926829268292683
E00117522,157,42,13,29,115,98,17,26.751592356687897,8.280254777070063,18.471337579617835,73.24840764331209,62.42038216560509,10.828025477707007
E00117523,134,43,22,21,91,79,12,32.08955223880597,16.417910447761194,15.671641791044777,67.91044776119402,58.95522388059702,8.955223880597014
E00117524,162,45,13,32,117,99,18,27.77777777777778,8.024691358024691,19.753086419753085,72.22222222222221,61.111111111111114,11.11111111111111
E00117525,128,43,19,24,85,74,11,33.59375,14.84375,18.75,66.40625,57.8125,8.59375
E00117526,192,57,19,38,135,101,34,29.6875,9.895833333333332,19.791666666666664,70.3125,52.604166666666664,17.708333333333336
E00117527,150,46,13,33,104,92,12,30.666666666666664,8.666666666666668,22,69.33333333333334,61.33333333333333,8
E00117528,182,36,14,22,146,131,15,19.78021978021978,7.6923076923076925,12.087912087912088,80.21978021978022,71.97802197802197,8.241758241758241
E00117530,119,26,9,17,93,72,21,21.84873949579832,7.563025210084033,14.285714285714285,78.15126050420169,60.50420168067227,17.647058823529413
E00117531,133,40,16,24,93,83,10,30.075187969924812,12.030075187969924,18.045112781954884,69.92481203007519,62.40601503759399,7.518796992481203
E00117532,170,38,10,28,132,113,19,22.35294117647059,5.88235294117647,16.470588235294116,77.64705882352942,66.47058823529412,11.176470588235295
E00117533,154,36,23,13,118,100,18,23.376623376623375,14.935064935064934,8.441558441558442,76.62337662337663,64.93506493506493,11.688311688311687
E00117534,185,45,20,25,140,126,14,24.324324324324326,10.81081081081081,13.513513513513514,75.67567567567568,68.10810810810811,7.567567567567568
E00117535,146,42,19,23,104,92,12,28.767123287671232,13.013698630136986,15.753424657534246,71.23287671232876,63.013698630136986,8.21917808219178
E00117536,188,36,14,22,152,127,25,19.148936170212767,7.446808510638298,11.702127659574469,80.85106382978722,67.5531914893617,13.297872340425531
E00117537,172,39,14,25,133,119,14,22.674418604651162,8.13953488372093,14.534883720930234,77.32558139534885,69.18604651162791,8.13953488372093
E00117539,164,39,8,31,125,112,13,23.78048780487805,4.878048780487805,18.902439024390244,76.21951219512195,68.29268292682927,7.926829268292683
E00117540,154,43,12,31,111,99,12,27.92207792207792,7.792207792207792,20.12987012987013,72.07792207792207,64.28571428571429,7.792207792207792
E00117541,177,46,12,34,131,111,20,25.98870056497175,6.779661016949152,19.2090395480226,74.01129943502825,62.71186440677966,11.299435028248588
E00117542,157,37,10,27,120,103,17,23.56687898089172,6.369426751592357,17.197452229299362,76.43312101910828,65.60509554140127,10.828025477707007
E00117543,111,31,11,20,80,69,11,27.927927927927925,9.90990990990991,18.01801801801802,72.07207207207207,62.16216216216216,9.90990990990991
E00117545,151,31,18,13,120,104,16,20.52980132450331,11.920529801324504,8.609271523178808,79.47019867549669,68.87417218543047,10.596026490066226
E00117546,144,32,11,21,112,96,16,22.22222222222222,7.638888888888889,14.583333333333334,77.77777777777779,66.66666666666666,11.11111111111111
E00117547,145,41,18,23,104,93,11,28.27586206896552,12.413793103448276,15.862068965517242,71.72413793103448,64.13793103448275,7.586206896551724
E00117548,157,34,12,22,123,106,17,21.656050955414013,7.643312101910828,14.012738853503185,78.343949044586,67.51592356687898,10.828025477707007
E00117549,142,36,15,21,106,91,15,25.352112676056336,10.56338028169014,14.788732394366196,74.64788732394366,64.08450704225352,10.56338028169014
E00117551,228,50,17,33,178,137,41,21.929824561403507,7.456140350877193,14.473684210526317,78.0701754385965,60.08771929824561,17.982456140350877
E00117552,76,30,11,19,46,43,3,39.473684210526315,14.473684210526317,25,60.526315789473685,56.57894736842105,3.9473684210526314
E00117553,145,31,13,18,114,100,14,21.379310344827587,8.96551724137931,12.413793103448276,78.62068965517241,68.96551724137932,9.655172413793103
E00117554,197,53,21,32,144,133,11,26.903553299492383,10.65989847715736,16.243654822335024,73.09644670050761,67.51269035532995,5.583756345177665
E00117555,144,30,9,21,114,99,15,20.833333333333336,6.25,14.583333333333334,79.16666666666666,68.75,10.416666666666668
E00117558,229,55,22,33,174,155,19,24.017467248908297,9.606986899563319,14.41048034934498,75.9825327510917,67.68558951965066,8.296943231441048
E00117559,214,50,16,34,164,133,31,23.364485981308412,7.476635514018691,15.887850467289718,76.63551401869158,62.149532710280376,14.485981308411214
E00117560,188,43,11,32,145,124,21,22.872340425531913,5.851063829787234,17.02127659574468,77.12765957446808,65.95744680851064,11.170212765957446
E00117562,297,54,22,32,243,174,69,18.181818181818183,7.4074074074074066,10.774410774410773,81.81818181818183,58.58585858585859,23.232323232323232
E00117563,123,36,18,18,87,77,10,29.268292682926827,14.634146341463413,14.634146341463413,70.73170731707317,62.601626016260155,8.130081300813007
E00117564,142,42,17,25,100,80,20,29.577464788732392,11.971830985915492,17.6056338028169,70.4225352112676,56.33802816901409,14.084507042253522
E00117565,189,50,19,31,139,119,20,26.455026455026452,10.052910052910052,16.402116402116402,73.54497354497354,62.96296296296296,10.582010582010582
E00117566,191,48,15,33,143,124,19,25.13089005235602,7.853403141361256,17.277486910994764,74.86910994764398,64.92146596858639,9.947643979057592
E00117567,235,46,17,29,189,163,26,19.574468085106382,7.234042553191489,12.340425531914894,80.42553191489363,69.36170212765957,11.063829787234042
E00117568,158,29,10,19,129,110,19,18.354430379746837,6.329113924050633,12.025316455696203,81.64556962025317,69.62025316455697,12.025316455696203
E00117569,181,47,20,27,134,116,18,25.96685082872928,11.049723756906078,14.917127071823206,74.03314917127072,64.08839779005525,9.94475138121547
E00117570,119,21,10,11,98,85,13,17.647058823529413,8.403361344537815,9.243697478991598,82.35294117647058,71.42857142857143,10.92436974789916
E00117571,155,29,10,19,126,115,11,18.70967741935484,6.451612903225806,12.258064516129032,81.29032258064515,74.19354838709677,7.096774193548387
E00117572,248,55,21,34,193,174,19,22.177419354838708,8.46774193548387,13.709677419354838,77.82258064516128,70.16129032258065,7.661290322580645
E00117573,185,54,16,38,131,108,23,29.18918918918919,8.64864864864865,20.54054054054054,70.8108108108108,58.37837837837838,12.432432432432433
E00117574,256,50,19,31,206,156,50,19.53125,7.421875,12.109375,80.46875,60.9375,19.53125
E00117575,145,32,12,20,113,106,7,22.06896551724138,8.275862068965518,13.793103448275861,77.93103448275862,73.10344827586206,4.827586206896552
E00117577,152,26,7,19,126,104,22,17.105263157894736,4.605263157894736,12.5,82.89473684210526,68.42105263157895,14.473684210526317
E00117579,131,34,16,18,97,85,12,25.954198473282442,12.213740458015266,13.740458015267176,74.04580152671755,64.8854961832061,9.16030534351145
E00117580,201,40,10,30,161,132,29,19.900497512437813,4.975124378109453,14.925373134328357,80.09950248756219,65.67164179104478,14.427860696517413
E00117581,149,34,10,24,115,98,17,22.818791946308725,6.7114093959731544,16.10738255033557,77.18120805369128,65.77181208053692,11.409395973154362
E00117582,225,61,20,41,164,150,14,27.111111111111114,8.88888888888889,18.22222222222222,72.88888888888889,66.66666666666666,6.222222222222222
E00117583,172,35,14,21,137,125,12,20.348837209302324,8.13953488372093,12.209302325581394,79.65116279069767,72.67441860465115,6.976744186046512
E00117587,225,54,19,35,171,136,35,24,8.444444444444445,15.555555555555555,76,60.44444444444444,15.555555555555555
E00117589,203,40,16,24,163,130,33,19.704433497536947,7.8817733990147785,11.822660098522167,80.29556650246306,64.03940886699507,16.25615763546798
E00117590,175,26,8,18,149,122,27,14.857142857142858,4.571428571428571,10.285714285714285,85.14285714285714,69.71428571428572,15.428571428571427
E00117591,309,71,22,49,238,203,35,22.97734627831715,7.119741100323624,15.857605177993527,77.02265372168284,65.69579288025889,11.326860841423949
E00117592,259,63,22,41,196,173,23,24.324324324324326,8.494208494208493,15.83011583011583,75.67567567567568,66.79536679536679,8.880308880308881
E00117594,128,26,13,13,102,87,15,20.3125,10.15625,10.15625,79.6875,67.96875,11.71875
E00117595,176,52,20,32,124,112,12,29.545454545454547,11.363636363636363,18.181818181818183,70.45454545454545,63.63636363636363,6.8181818181818175
E00117596,153,30,12,18,123,100,23,19.607843137254903,7.8431372549019605,11.76470588235294,80.3921568627451,65.359477124183,15.032679738562091
E00117597,161,23,7,16,138,120,18,14.285714285714285,4.3478260869565215,9.937888198757763,85.71428571428571,74.53416149068323,11.180124223602485
E00117598,121,38,12,26,83,69,14,31.40495867768595,9.917355371900827,21.487603305785125,68.59504132231406,57.02479338842975,11.570247933884298
E00117599,130,38,9,29,92,81,11,29.230769230769234,6.923076923076923,22.30769230769231,70.76923076923077,62.30769230769231,8.461538461538462
E00117600,147,43,8,35,104,89,15,29.25170068027211,5.442176870748299,23.809523809523807,70.74829931972789,60.544217687074834,10.204081632653061
E00117601,152,38,4,34,114,98,16,25,2.631578947368421,22.36842105263158,75,64.47368421052632,10.526315789473683
E00117602,131,32,11,21,99,85,14,24.427480916030532,8.396946564885496,16.030534351145036,75.57251908396947,64.8854961832061,10.687022900763358
E00117603,158,49,21,28,109,100,9,31.0126582278481,13.291139240506327,17.72151898734177,68.9873417721519,63.29113924050633,5.69620253164557
E00117604,130,38,12,26,92,79,13,29.230769230769234,9.230769230769232,20,70.76923076923077,60.76923076923077,10
E00117605,165,37,12,25,128,112,16,22.424242424242426,7.2727272727272725,15.151515151515152,77.57575757575758,67.87878787878789,9.696969696969697
E00117606,109,29,9,20,80,63,17,26.605504587155966,8.256880733944955,18.34862385321101,73.39449541284404,57.798165137614674,15.59633027522936
E00117607,150,33,9,24,117,110,7,22,6,16,78,73.33333333333333,4.666666666666667
E00117608,194,44,17,27,150,139,11,22.68041237113402,8.762886597938143,13.917525773195877,77.31958762886599,71.64948453608247,5.670103092783505
E00117609,177,43,16,27,134,120,14,24.293785310734464,9.03954802259887,15.254237288135593,75.70621468926554,67.79661016949152,7.909604519774012
E00117610,172,30,15,15,142,125,17,17.441860465116278,8.720930232558139,8.720930232558139,82.55813953488372,72.67441860465115,9.883720930232558
E00117611,187,56,15,41,131,114,17,29.946524064171122,8.0213903743315509,21.92513368983957,70.05347593582889,60.962566844919785,9.090909090909092
E00117612,162,45,16,29,117,102,15,27.77777777777778,9.876543209876543,17.901234567901234,72.22222222222221,62.96296296296296,9.25925925925926
E00167929,132,37,16,21,95,82,13,28.030303030303028,12.121212121212121,15.909090909090908,71.96969696969697,62.121212121212125,9.848484848484848
E00167930,125,26,10,16,99,84,15,20.8,8,12.8,79.2,67.2,12
E00167931,116,31,8,23,85,63,22,26.72413793103448,6.896551724137931,19.82758620689655,73.27586206896551,54.310344827586206,18.96551724137931
E00167932,179,44,18,26,135,123,12,24.581005586592177,10.05586592178771,14.52513966480447,75.41899441340783,68.71508379888269,6.70391061452514
E00167933,198,33,12,21,165,143,22,16.666666666666664,6.0606060606060606,10.606060606060606,83.33333333333334,72.22222222222221,11.11111111111111
E00167934,183,42,17,25,141,125,16,22.950819672131146,9.289617486338798,13.661202185792352,77.04918032786885,68.30601092896174,8.743169398907105
E00167935,162,30,11,19,132,102,30,18.51851851851852,6.790123456790123,11.728395061728394,81.48148148148148,62.96296296296296,18.51851851851852
E00167936,311,48,17,31,263,202,61,15.434083601286176,5.466237942122187,9.967845659163988,84.56591639871382,64.95176848874597,19.614147909967848
E00167937,163,48,19,29,115,91,24,29.447852760736197,11.65644171779141,17.791411042944784,70.5521472392638,55.828220858895705,14.723926380368098
E00167938,158,35,8,27,123,108,15,22.151898734177212,5.063291139240507,17.088607594936708,77.84810126582279,68.35443037974683,9.49367088607595
E00167939,295,38,14,24,257,224,33,12.88135593220339,4.745762711864407,8.135593220338983,87.11864406779661,75.9322033898305,11.186440677966102
E00167940,128,24,10,14,104,89,15,18.75,7.8125,10.9375,81.25,69.53125,11.71875
E00167941,253,50,22,28,203,179,24,19.76284584980237,8.695652173913043,11.067193675889328,80.23715415019763,70.7509881422925,9.486166007905137
E00167942,132,40,12,28,92,89,3,30.303030303030305,9.090909090909092,21.21212121212121,69.6969696969697,67.42424242424242,2.272727272727273
E00167943,75,20,6,14,55,50,5,26.666666666666668,8,18.666666666666668,73.33333333333333,66.66666666666666,6.666666666666667
E00167944,277,58,22,36,219,190,29,20.938628158844764,7.9422382671480145,12.996389891696749,79.06137184115524,68.59205776173285,10.469314079422382
E00167945,110,25,10,15,85,74,11,22.727272727272727,9.090909090909092,13.636363636363635,77.27272727272727,67.27272727272727,10
E00167946,145,44,9,35,101,84,17,30.344827586206897,6.206896551724138,24.137931034482758,69.6551724137931,57.931034482758626,11.724137931034482
E00167947,119,39,17,22,80,64,16,32.773109243697476,14.285714285714285,18.487394957983195,67.22689075630252,53.78151260504202,13.445378151260504
E00167948,143,33,11,22,110,89,21,23.076923076923077,7.6923076923076925,15.384615384615385,76.92307692307693,62.23776223776224,14.685314685314685
E00167949,124,39,9,30,85,75,10,31.451612903225808,7.258064516129033,24.193548387096776,68.54838709677419,60.483870967741936,8.064516129032258
E00167950,148,20,7,13,128,113,15,13.513513513513514,4.72972972972973,8.783783783783784,86.48648648648648,76.35135135135135,10.135135135135135
E00167951,163,33,8,25,130,114,16,20.245398773006134,4.9079754601226995,15.337423312883436,79.75460122699386,69.93865030674846,9.815950920245399
E00167952,35,13,6,7,22,19,3,37.142857142857146,17.142857142857142,20,62.857142857142854,54.285714285714285,8.571428571428571
E00167954,183,27,8,19,156,129,27,14.754098360655737,4.371584699453552,10.382513661202186,85.24590163934425,70.49180327868852,14.754098360655737
E00167955,190,45,17,28,145,131,14,23.684210526315788,8.947368421052632,14.736842105263156,76.31578947368422,68.94736842105263,7.368421052631578
E00167956,216,56,22,34,160,136,24,25.925925925925924,10.185185185185185,15.74074074074074,74.07407407407408,62.96296296296296,11.11111111111111
E00167957,56,15,6,9,41,35,6,26.785714285714285,10.714285714285714,16.071428571428573,73.21428571428571,62.5,10.714285714285714
E00184836,113,23,10,13,90,81,9,20.353982300884958,8.849557522123893,11.504424778761061,79.64601769911505,71.68141592920354,7.964601769911504
E00184837,184,32,10,22,152,134,18,17.391304347826086,5.434782608695652,11.956521739130435,82.6086956521739,72.82608695652173,9.782608695652174
E00184839,165,42,13,29,123,106,17,25.454545454545453,7.878787878787878,17.575757575757574,74.54545454545455,64.24242424242425,10.303030303030303
E00184840,127,24,7,17,103,87,16,18.89763779527559,5.511811023622047,13.385826771653544,81.10236220472441,68.50393700787401,12.598425196850393
E00184851,208,53,22,31,155,129,26,25.48076923076923,10.576923076923077,14.903846153846153,74.51923076923077,62.019230769230774,12.5
E00184856,323,65,22,43,258,177,81,20.123839009287924,6.811145510835913,13.312693498452013,79.87616099071208,54.79876160990712,25.077399380804955
E00184877,315,48,20,28,267,168,99,15.238095238095239,6.349206349206349,8.88888888888889,84.76190476190476,53.333333333333336,31.428571428571427
E00184884,165,43,13,30,122,108,14,26.060606060606062,7.878787878787878,18.181818181818183,73.93939393939394,65.45454545454545,8.484848484848486
E00184899,264,41,12,29,223,197,26,15.530303030303031,4.545454545454546,10.984848484848484,84.46969696969697,74.62121212121212,9.848484848484848
E00184902,235,45,16,29,190,156,34,19.148936170212767,6.808510638297872,12.340425531914894,80.85106382978722,66.38297872340425,14.468085106382977
E00184912,204,28,8,20,176,160,16,13.725490196078432,3.9215686274509802,9.803921568627452,86.27450980392157,78.43137254901961,7.8431372549019605
E00184944,106,14,3,11,92,79,13,13.20754716981132,2.8301886792452833,10.377358490566039,86.79245283018868,74.52830188679245,12.264150943396226
E00184951,115,28,14,14,87,72,15,24.347826086956523,12.173913043478262,12.173913043478262,75.65217391304347,62.60869565217392,13.043478260869565
E00184956,131,31,11,20,100,87,13,23.66412213740458,8.396946564885496,15.267175572519085,76.33587786259542,66.41221374045801,9.923664122137405
E00184957,87,24,3,21,63,47,16,27.586206896551722,3.4482758620689653,24.137931034482758,72.41379310344827,54.02298850574713,18.39080459770115
E00184965,220,36,11,25,184,157,27,16.363636363636363,5,11.363636363636363,83.63636363636363,71.36363636363636,12.272727272727273
E00184967,134,22,11,11,112,94,18,16.417910447761194,8.208955223880597,8.208955223880597,83.5820895522388,70.1492537313433,13.432835820895523
E00184968,226,51,9,42,175,144,31,22.566371681415927,3.982300884955752,18.58407079646018,77.43362831858407,63.716814159292035,13.716814159292035
E00184971,93,21,5,16,72,59,13,22.58064516129032,5.376344086021505,17.20430107526882,77.41935483870968,63.44086021505376,13.978494623655912
E00184987,189,31,11,20,158,146,12,16.402116402116402,5.82010582010582,10.582010582010582,83.5978835978836,77.24867724867724,6.349206349206349
E00185008,194,35,15,20,159,139,20,18.04123711340206,7.731958762886598,10.309278350515463,81.95876288659794,71.64948453608247,10.309278350515463
E00185013,137,29,8,21,108,86,22,21.16788321167883,5.839416058394161,15.328467153284672,78.83211678832117,62.77372262773723,16.05839416058394
E00185016,156,42,10,32,114,101,13,26.923076923076923,6.41025641025641,20.51282051282051,73.07692307692307,64.74358974358975,8.333333333333332
E00185025,232,37,12,25,195,155,40,15.948275862068966,5.172413793103448,10.775862068965516,84.05172413793103,66.8103448275862,17.24137931034483
E00185026,330,64,16,48,266,233,33,19.393939393939394,4.848484848484849,14.545454545454545,80.60606060606061,70.60606060606061,10
E00185027,218,34,10,24,184,159,25,15.59633027522936,4.587155963302752,11.009174311926607,84.40366972477065,72.93577981651376,11.46788990825688
E00185028,52,18,7,11,34,29,5,34.61538461538461,13.461538461538462,21.153846153846153,65.38461538461539,55.769230769230774,9.615384615384617
