OA,ts0590001,ts0590002,ts0590003,ts0590004,ts0590005,ts0590006,ts0590007,ts0590002_PCT,ts0590003_PCT,ts0590004_PCT,ts0590005_PCT,ts0590006_PCT,ts0590007_PCT
E00131498,217,53,18,35,164,119,45,24.42396313364055,8.294930875576037,16.129032258064516,75.57603686635944,54.83870967741935,20.737327188940093
E00131499,166,52,14,38,114,95,19,31.32530120481928,8.433734939759036,22.89156626506024,68.67469879518072,57.22891566265061,11.44578313253012
E00131500,108,29,11,18,79,56,23,26.851851851851855,10.185185185185185,16.666666666666664,73.14814814814815,51.85185185185185,21.296296296296298
E00131501,110,41,16,25,69,58,11,37.27272727272727,14.545454545454545,22.727272727272727,62.727272727272734,52.72727272727272,10
E00131502,78,29,11,18,49,32,17,37.17948717948718,14.102564102564102,23.076923076923077,62.82051282051282,41.02564102564102,21.794871794871796
E00131503,88,31,12,19,57,32,25,35.22727272727273,13.636363636363635,21.59090909090909,64.77272727272727,36.36363636363637,28.40909090909091
E00131504,165,47,21,26,118,87,31,28.484848484848484,12.727272727272727,15.757575757575756,71.51515151515152,52.72727272727272,18.787878787878785
E00131505,165,60,29,31,105,82,23,36.36363636363637,17.575757575757574,18.787878787878785,63.63636363636363,49.696969696969695,13.939393939393941
E00131506,164,47,16,31,117,91,26,28.65853658536585,9.75609756097561,18.902439024390244,71.34146341463415,55.487804878048784,15.853658536585366
E00131507,185,49,22,27,136,113,23,26.486486486486488,11.891891891891893,14.594594594594595,73.51351351351352,61.08108108108108,12.432432432432433
E00131508,158,49,18,31,109,91,18,31.0126582278481,11.39240506329114,19.62025316455696,68.9873417721519,57.59493670886076,11.39240506329114
E00131509,187,55,24,31,132,103,29,29.411764705882355,12.834224598930483,16.577540106951872,70.58823529411765,55.080213903743314,15.508021390374333
E00131510,149,43,15,28,106,92,14,28.859060402684566,10.06711409395973,18.79194630872483,71.14093959731544,61.74496644295302,9.395973154362416
E00131511,111,34,12,22,77,68,9,30.630630630630627,10.81081081081081,19.81981981981982,69.36936936936937,61.261261261261254,8.108108108108109
E00131512,149,41,17,24,108,86,22,27.516778523489933,11.409395973154362,16.10738255033557,72.48322147651007,57.71812080536913,14.76510067114094
E00131513,147,45,26,19,102,85,17,30.612244897959183,17.687074829931973,12.925170068027212,69.38775510204081,57.82312925170068,11.564625850340136
E00131514,51,20,11,9,31,22,9,39.21568627450981,21.568627450980394,17.647058823529413,60.78431372549019,43.13725490196079,17.647058823529413
E00131516,111,36,11,25,75,64,11,32.432432432432435,9.90990990990991,22.52252252252252,67.56756756756756,57.65765765765766,9.90990990990991
E00131517,167,43,16,27,124,95,29,25.748502994011975,9.580838323353294,16.16766467065868,74.25149700598801,56.886227544910184,17.365269461077844
E00131519,207,44,19,25,163,145,18,21.256038647342994,9.178743961352657,12.077294685990339,78.74396135265701,70.04830917874396,8.695652173913043
E00131520,131,40,17,23,91,83,8,30.53435114503817,12.977099236641221,17.557251908396946,69.46564885496184,63.358778625954194,6.106870229007633
E00131521,291,70,25,45,221,190,31,24.054982817869416,8.59106529209622,15.463917525773196,75.94501718213058,65.29209621993127,10.652920962199312
E00131522,96,36,12,24,60,50,10,37.5,12.5,25,62.5,52.083333333333336,10.416666666666668
E00131523,236,65,19,46,171,138,33,27.54237288135593,8.050847457627118,19.491525423728813,72.45762711864407,58.47457627118644,13.983050847457626
E00131524,96,26,8,18,70,56,14,27.083333333333332,8.333333333333332,18.75,72.91666666666666,58.333333333333336,14.583333333333334
E00131526,297,73,31,42,224,189,35,24.579124579124578,10.437710437710438,14.14141414141414,75.42087542087542,63.63636363636363,11.784511784511785
E00131527,123,35,15,20,88,71,17,28.455284552845526,12.195121951219512,16.260162601626014,71.54471544715447,57.72357723577236,13.821138211382115
E00131528,131,44,11,33,87,75,12,33.587786259541986,8.396946564885496,25.190839694656486,66.41221374045801,57.25190839694656,9.16030534351145
E00131529,129,34,11,23,95,84,11,26.356589147286826,8.527131782945736,17.829457364341085,73.64341085271317,65.11627906976744,8.527131782945736
E00131530,167,52,16,36,115,97,18,31.137724550898206,9.580838323353294,21.55688622754491,68.8622754491018,58.08383233532935,10.778443113772456
E00131531,311,82,26,56,229,189,40,26.366559485530544,8.360128617363344,18.006430868167204,73.63344051446946,60.77170418006431,12.861736334405144
E00131532,116,28,8,20,88,65,23,24.137931034482758,6.896551724137931,17.24137931034483,75.86206896551724,56.03448275862068,19.82758620689655
E00131533,201,55,17,38,146,115,31,27.363184079601986,8.45771144278607,18.90547263681592,72.636815920398,57.2139303482587,15.422885572139302
E00131534,108,22,7,15,86,71,15,20.37037037037037,6.481481481481481,13.88888888888889,79.62962962962963,65.74074074074075,13.88888888888889
E00131535,182,50,19,31,132,106,26,27.472527472527474,10.43956043956044,17.032967032967033,72.52747252747253,58.24175824175825,14.285714285714285
E00131536,110,31,9,22,79,68,11,28.18181818181818,8.181818181818182,20,71.81818181818181,61.81818181818181,10
E00131537,81,32,7,25,49,44,5,39.50617283950617,8.641975308641975,30.864197530864196,60.49382716049383,54.32098765432099,6.172839506172839
E00131538,134,51,17,34,83,67,16,38.059701492537314,12.686567164179104,25.37313432835821,61.940298507462686,50,11.940298507462686
E00131539,146,46,14,32,100,76,24,31.506849315068493,9.58904109589041,21.91780821917808,68.4931506849315,52.054794520547944,16.43835616438356
E00131540,295,64,19,45,231,192,39,21.694915254237287,6.440677966101695,15.254237288135593,78.30508474576271,65.08474576271186,13.220338983050848
E00131541,173,62,20,42,111,91,20,35.83815028901734,11.560693641618498,24.277456647398843,64.16184971098265,52.601156069364166,11.560693641618498
E00131542,111,36,18,18,75,63,12,32.432432432432435,16.216216216216218,16.216216216216218,67.56756756756756,56.75675675675676,10.81081081081081
E00131543,177,49,16,33,128,109,19,27.683615819209038,9.03954802259887,18.64406779661017,72.31638418079096,61.5819209039548,10.734463276836157
E00131544,95,37,13,24,58,51,7,38.94736842105263,13.684210526315791,25.263157894736842,61.05263157894737,53.68421052631579,7.368421052631578
E00131545,107,29,11,18,78,65,13,27.102803738317753,10.2803738317757,16.822429906542055,72.89719626168224,60.747663551401864,12.149532710280374
E00131546,244,74,27,47,170,143,27,30.327868852459016,11.065573770491802,19.262295081967213,69.67213114754098,58.606557377049185,11.065573770491802
E00131547,210,57,14,43,153,140,13,27.142857142857142,6.666666666666667,20.476190476190474,72.85714285714285,66.66666666666666,6.190476190476191
E00131549,323,82,27,55,241,205,36,25.386996904024766,8.359133126934983,17.027863777089784,74.61300309597523,63.46749226006192,11.145510835913312
E00131550,195,58,16,42,137,115,22,29.743589743589745,8.205128205128204,21.53846153846154,70.25641025641025,58.97435897435898,11.282051282051283
E00131553,179,56,23,33,123,105,18,31.28491620111732,12.849162011173185,18.435754189944134,68.71508379888269,58.659217877094974,10.05586592178771
E00131554,176,54,29,25,122,90,32,30.681818181818183,16.477272727272727,14.204545454545455,69.31818181818183,51.13636363636363,18.181818181818183
E00131555,206,68,23,45,138,125,13,33.00970873786408,11.165048543689322,21.844660194174757,66.99029126213593,60.679611650485434,6.310679611650485
E00131556,190,59,30,29,131,90,41,31.05263157894737,15.789473684210526,15.263157894736842,68.94736842105263,47.368421052631575,21.578947368421055
E00131557,199,44,20,24,155,126,29,22.110552763819097,10.050251256281408,12.060301507537687,77.88944723618091,63.31658291457286,14.572864321608039
E00131558,136,45,16,29,91,68,23,33.088235294117645,11.76470588235294,21.323529411764707,66.91176470588235,50,16.911764705882355
E00131559,197,60,21,39,137,106,31,30.456852791878177,10.65989847715736,19.796954314720814,69.54314720812182,53.80710659898477,15.736040609137056
E00131561,184,49,22,27,135,112,23,26.6304347826087,11.956521739130435,14.673913043478262,73.36956521739131,60.86956521739131,12.5
E00131562,147,35,9,26,112,97,15,23.809523809523807,6.122448979591836,17.687074829931973,76.19047619047619,65.98639455782312,10.204081632653061
E00131563,144,39,18,21,105,81,24,27.083333333333332,12.5,14.583333333333334,72.91666666666666,56.25,16.666666666666664
E00131564,177,48,17,31,129,115,14,27.11864406779661,9.6045197740113,17.51412429378531,72.88135593220339,64.97175141242938,7.909604519774012
E00131565,153,32,12,20,121,103,18,20.915032679738562,7.8431372549019605,13.071895424836603,79.08496732026144,67.3202614379085,11.76470588235294
E00131566,176,46,15,31,130,110,20,26.136363636363637,8.522727272727272,17.613636363636363,73.86363636363636,62.5,11.363636363636363
E00131567,118,32,10,22,86,69,17,27.11864406779661,8.47457627118644,18.64406779661017,72.88135593220339,58.47457627118644,14.40677966101695
E00131568,100,18,5,13,82,70,12,18,5,13,82,70,12
E00131569,132,38,13,25,94,84,10,28.78787878787879,9.848484848484848,18.939393939393938,71.21212121212122,63.63636363636363,7.575757575757576
E00131570,184,44,19,25,140,125,15,23.91304347826087,10.326086956521738,13.586956521739129,76.08695652173914,67.93478260869566,8.152173913043478
E00131572,154,35,10,25,119,109,10,22.727272727272727,6.493506493506493,16.233766233766232,77.27272727272727,70.77922077922078,6.493506493506493
E00131573,133,32,8,24,101,84,17,24.06015037593985,6.015037593984962,18.045112781954884,75.93984962406014,63.1578947368421,12.781954887218044
E00131574,125,28,10,18,97,83,14,22.400000000000002,8,14.399999999999999,77.60000000000001,66.4,11.200000000000001
E00131575,155,49,22,27,106,90,16,31.61290322580645,14.193548387096774,17.419354838709676,68.38709677419355,58.06451612903226,10.32258064516129
E00131576,103,38,12,26,65,52,13,36.89320388349515,11.650485436893204,25.24271844660194,63.10679611650486,50.48543689320388,12.62135922330097
E00131577,114,29,14,15,85,74,11,25.438596491228072,12.280701754385964,13.157894736842104,74.56140350877193,64.91228070175438,9.649122807017543
E00131578,138,34,15,19,104,86,18,24.637681159420293,10.869565217391305,13.768115942028986,75.36231884057972,62.31884057971014,13.043478260869565
E00131579,161,42,12,30,119,101,18,26.08695652173913,7.453416149068323,18.633540372670808,73.91304347826086,62.732919254658384,11.180124223602485
E00131580,124,35,11,24,89,66,23,28.225806451612907,8.870967741935484,19.35483870967742,71.7741935483871,53.2258064516129,18.548387096774192
E00131582,238,68,19,49,170,148,22,28.57142857142857,7.9831932773109235,20.588235294117645,71.42857142857143,62.18487394957983,9.243697478991598
E00131583,330,103,41,62,227,180,47,31.212121212121215,12.424242424242424,18.787878787878785,68.78787878787878,54.54545454545454,14.242424242424242
E00131584,218,55,15,40,163,145,18,25.229357798165136,6.8807339449541285,18.34862385321101,74.77064220183486,66.5137614678899,8.256880733944955
E00131585,173,47,10,37,126,108,18,27.167630057803464,5.780346820809249,21.38728323699422,72.83236994219652,62.42774566473989,10.404624277456648
E00131586,168,39,11,28,129,118,11,23.214285714285715,6.547619047619048,16.666666666666664,76.78571428571429,70.23809523809523,6.547619047619048
E00131587,174,44,12,32,130,112,18,25.287356321839084,6.896551724137931,18.39080459770115,74.71264367816092,64.36781609195403,10.344827586206897
E00131588,210,47,8,39,163,134,29,22.380952380952383,3.8095238095238098,18.571428571428573,77.61904761904762,63.8095238095238,13.80952380952381
E00131589,262,58,12,46,204,174,30,22.137404580152673,4.580152671755725,17.557251908396946,77.86259541984732,66.41221374045801,11.450381679389313
E00131590,125,29,10,19,96,87,9,23.200000000000003,8,15.2,76.8,69.6,7.199999999999999
E00131591,157,52,16,36,105,96,9,33.12101910828025,10.191082802547772,22.929936305732486,66.87898089171973,61.146496815286625,5.7324840764331215
E00131592,207,56,18,38,151,133,18,27.053140096618357,8.695652173913043,18.357487922705314,72.94685990338165,64.25120772946859,8.695652173913043
E00131593,147,48,17,31,99,86,13,32.6530612244898,11.564625850340136,21.08843537414966,67.3469387755102,58.50340136054422,8.843537414965986
E00131594,166,57,20,37,109,95,14,34.33734939759036,12.048192771084338,22.289156626506024,65.66265060240963,57.22891566265061,8.433734939759036
E00131595,179,46,15,31,133,119,14,25.69832402234637,8.379888268156424,17.318435754189945,74.30167597765363,66.4804469273743,7.82122905027933
E00131596,216,48,14,34,168,149,19,22.22222222222222,6.481481481481481,15.74074074074074,77.77777777777779,68.98148148148148,8.796296296296296
E00131597,75,24,9,15,51,39,12,32,12,20,68,52,16
E00131598,88,28,5,23,60,50,10,31.818181818181817,5.681818181818182,26.136363636363637,68.18181818181817,56.81818181818182,11.363636363636363
E00131599,119,36,14,22,83,65,18,30.252100840336134,11.76470588235294,18.487394957983195,69.74789915966386,54.621848739495796,15.126050420168067
E00131600,252,67,17,50,185,151,34,26.58730158730159,6.746031746031746,19.841269841269842,73.4126984126984,59.92063492063492,13.492063492063492
E00131601,194,52,19,33,142,120,22,26.804123711340207,9.793814432989691,17.010309278350515,73.19587628865979,61.855670103092784,11.34020618556701
E00131603,190,49,13,36,141,115,26,25.789473684210527,6.842105263157896,18.947368421052634,74.21052631578947,60.526315789473685,13.684210526315791
E00131604,96,24,12,12,72,64,8,25,12.5,12.5,75,66.66666666666666,8.333333333333332
E00131605,153,57,13,44,96,85,11,37.254901960784316,8.49673202614379,28.75816993464052,62.745098039215684,55.55555555555556,7.18954248366013
E00131606,141,26,8,18,115,104,11,18.439716312056735,5.673758865248227,12.76595744680851,81.56028368794325,73.75886524822694,7.801418439716312
E00131607,108,29,8,21,79,69,10,26.851851851851855,7.4074074074074066,19.444444444444446,73.14814814814815,63.888888888888886,9.25925925925926
E00131608,95,28,10,18,67,61,6,29.47368421052631,10.526315789473683,18.947368421052634,70.52631578947368,64.21052631578948,6.315789473684211
E00131609,89,31,14,17,58,55,3,34.831460674157306,15.730337078651685,19.101123595505616,65.1685393258427,61.79775280898876,3.3707865168539324
E00131610,60,19,8,11,41,36,5,31.666666666666664,13.333333333333334,18.333333333333332,68.33333333333333,60,8.333333333333332
E00131611,107,33,6,27,74,62,12,30.8411214953271,5.607476635514018,25.233644859813083,69.1588785046729,57.943925233644855,11.214953271028037
E00131612,151,50,12,38,101,82,19,33.11258278145696,7.9470198675496695,25.165562913907287,66.88741721854305,54.3046357615894,12.582781456953644
E00131613,179,46,13,33,133,115,18,25.69832402234637,7.262569832402235,18.435754189944134,74.30167597765363,64.24581005586593,10.05586592178771
E00131614,116,39,10,29,77,66,11,33.62068965517241,8.620689655172415,25,66.37931034482759,56.896551724137936,9.482758620689655
E00131615,98,23,8,15,75,61,14,23.46938775510204,8.16326530612245,15.306122448979592,76.53061224489795,62.244897959183675,14.285714285714285
E00131616,86,25,8,17,61,55,6,29.069767441860467,9.30232558139535,19.767441860465116,70.93023255813954,63.95348837209303,6.976744186046512
E00131617,67,16,6,10,51,42,9,23.88059701492537,8.955223880597014,14.925373134328357,76.11940298507463,62.68656716417911,13.432835820895523
E00131618,86,37,16,21,49,43,6,43.02325581395349,18.6046511627907,24.418604651162788,56.97674418604651,50,6.976744186046512
E00131619,93,24,14,10,69,41,28,25.806451612903224,15.053763440860216,10.75268817204301,74.19354838709677,44.086021505376344,30.107526881720432
E00131620,174,51,18,33,123,108,15,29.310344827586203,10.344827586206897,18.96551724137931,70.6896551724138,62.06896551724138,8.620689655172415
E00131621,135,30,10,20,105,86,19,22.22222222222222,7.4074074074074066,14.814814814814813,77.77777777777779,63.70370370370371,14.074074074074074
E00131622,203,46,12,34,157,135,22,22.660098522167488,5.911330049261084,16.748768472906402,77.33990147783251,66.50246305418719,10.83743842364532
E00131623,145,40,11,29,105,94,11,27.586206896551722,7.586206896551724,20,72.41379310344827,64.82758620689654,7.586206896551724
E00131624,99,26,13,13,73,62,11,26.262626262626267,13.131313131313133,13.131313131313133,73.73737373737373,62.62626262626263,11.11111111111111
E00131626,205,61,21,40,144,119,25,29.756097560975608,10.24390243902439,19.51219512195122,70.24390243902438,58.048780487804876,12.195121951219512
E00131628,195,59,20,39,136,111,25,30.256410256410255,10.256410256410255,20,69.74358974358974,56.92307692307692,12.82051282051282
E00131629,173,41,12,29,132,113,19,23.699421965317917,6.9364161849710975,16.76300578034682,76.30057803468208,65.3179190751445,10.982658959537572
E00131630,246,59,18,41,187,157,30,23.983739837398375,7.317073170731707,16.666666666666664,76.01626016260163,63.82113821138211,12.195121951219512
E00131631,154,51,15,36,103,84,19,33.116883116883116,9.740259740259742,23.376623376623375,66.88311688311688,54.54545454545454,12.337662337662337
E00131632,78,26,16,10,52,43,9,33.33333333333333,20.51282051282051,12.82051282051282,66.66666666666666,55.12820512820513,11.538461538461538
E00131633,111,25,7,18,86,77,9,22.52252252252252,6.306306306306306,16.216216216216218,77.47747747747748,69.36936936936937,8.108108108108109
E00131634,157,49,12,37,108,94,14,31.210191082802545,7.643312101910828,23.56687898089172,68.78980891719745,59.87261146496815,8.9171974522293
E00131635,138,43,15,28,95,78,17,31.15942028985507,10.869565217391305,20.28985507246377,68.84057971014492,56.52173913043478,12.318840579710146
E00131636,234,54,22,32,180,149,31,23.076923076923077,9.401709401709402,13.675213675213676,76.92307692307693,63.67521367521367,13.247863247863249
E00131638,331,74,21,53,257,220,37,22.356495468277945,6.3444108761329305,16.012084592145015,77.64350453172206,66.46525679758308,11.178247734138973
E00131640,127,33,6,27,94,78,16,25.984251968503933,4.724409448818897,21.25984251968504,74.01574803149606,61.417322834645674,12.598425196850393
E00131641,208,64,17,47,144,116,28,30.76923076923077,8.173076923076923,22.596153846153847,69.23076923076923,55.769230769230774,13.461538461538462
E00131642,136,36,13,23,100,86,14,26.47058823529412,9.558823529411764,16.911764705882355,73.52941176470588,63.23529411764706,10.294117647058822
E00131643,113,34,12,22,79,68,11,30.08849557522124,10.619469026548673,19.469026548672566,69.91150442477876,60.17699115044248,9.734513274336283
E00131644,211,55,14,41,156,129,27,26.066350710900476,6.6350710900473935,19.431279620853083,73.93364928909952,61.137440758293835,12.796208530805686
E00131645,236,59,13,46,177,147,30,25,5.508474576271186,19.491525423728813,75,62.28813559322034,12.711864406779661
E00131646,135,37,9,28,98,81,17,27.40740740740741,6.666666666666667,20.74074074074074,72.5925925925926,60,12.592592592592592
E00131647,137,31,11,20,106,94,12,22.62773722627737,8.02919708029197,14.5985401459854,77.37226277372264,68.61313868613139,8.75912408759124
E00131648,101,36,14,22,65,54,11,35.64356435643564,13.861386138613863,21.782178217821784,64.35643564356435,53.46534653465347,10.891089108910892
E00131649,153,47,15,32,106,86,20,30.718954248366014,9.803921568627452,20.915032679738562,69.28104575163398,56.209150326797385,13.071895424836603
E00131651,234,54,14,40,180,150,30,23.076923076923077,5.982905982905983,17.094017094017094,76.92307692307693,64.1025641025641,12.82051282051282
E00131652,140,38,14,24,102,89,13,27.142857142857142,10,17.142857142857142,72.85714285714285,63.57142857142857,9.285714285714286
E00131653,129,36,5,31,93,76,17,27.906976744186046,3.875968992248062,24.031007751937985,72.09302325581395,58.91472868217055,13.178294573643413
E00131654,152,47,21,26,105,91,14,30.92105263157895,13.815789473684212,17.105263157894736,69.07894736842105,59.86842105263158,9.210526315789473
E00131655,108,26,7,19,82,65,17,24.074074074074073,6.481481481481481,17.59259259259259,75.92592592592592,60.18518518518518,15.74074074074074
E00131656,122,36,13,23,86,75,11,29.508196721311474,10.655737704918032,18.852459016393443,70.49180327868852,61.47540983606557,9.01639344262295
E00131657,98,29,10,19,69,63,6,29.591836734693878,10.204081632653061,19.387755102040817,70.40816326530613,64.28571428571429,6.122448979591836
E00131658,162,40,16,24,122,97,25,24.691358024691358,9.876543209876543,14.814814814814813,75.30864197530865,59.876543209876544,15.432098765432098
E00131659,124,42,11,31,82,66,16,33.87096774193548,8.870967741935484,25,66.12903225806451,53.2258064516129,12.903225806451612
E00131660,131,38,18,20,93,75,18,29.00763358778626,13.740458015267176,15.267175572519085,70.99236641221374,57.25190839694656,13.740458015267176
E00131661,177,55,22,33,122,98,24,31.07344632768362,12.429378531073446,18.64406779661017,68.92655367231639,55.367231638418076,13.559322033898304
E00131662,281,77,30,47,204,181,23,27.402135231316727,10.676156583629894,16.72597864768683,72.59786476868328,64.41281138790036,8.185053380782918
E00131663,115,48,21,27,67,49,18,41.73913043478261,18.26086956521739,23.47826086956522,58.26086956521739,42.608695652173914,15.65217391304348
E00131664,230,47,13,34,183,157,26,20.434782608695652,5.6521739130434785,14.782608695652174,79.56521739130434,68.26086956521739,11.304347826086957
E00131665,196,56,28,28,140,123,17,28.57142857142857,14.285714285714285,14.285714285714285,71.42857142857143,62.755102040816325,8.673469387755102
E00131666,205,51,19,32,154,132,22,24.878048780487806,9.268292682926829,15.609756097560975,75.1219512195122,64.39024390243902,10.731707317073171
E00131667,223,60,23,37,163,137,26,26.905829596412556,10.31390134529148,16.591928251121075,73.09417040358744,61.43497757847533,11.659192825112108
E00131668,164,42,14,28,122,98,24,25.609756097560975,8.536585365853659,17.073170731707318,74.39024390243902,59.756097560975604,14.634146341463413
E00131669,216,49,23,26,167,126,41,22.685185185185187,10.648148148148149,12.037037037037036,77.31481481481481,58.333333333333336,18.98148148148148
E00131671,137,47,21,26,90,71,19,34.306569343065696,15.328467153284672,18.97810218978102,65.69343065693431,51.82481751824818,13.86861313868613
E00131672,146,49,11,38,97,80,17,33.56164383561644,7.534246575342466,26.027397260273972,66.43835616438356,54.794520547945204,11.643835616438356
E00131673,79,26,5,21,53,47,6,32.91139240506329,6.329113924050633,26.582278481012654,67.08860759493672,59.49367088607595,7.59493670886076
E00131674,225,58,24,34,167,142,25,25.77777777777778,10.666666666666668,15.11111111111111,74.22222222222223,63.11111111111111,11.11111111111111
E00131675,120,38,10,28,82,65,17,31.666666666666664,8.333333333333332,23.333333333333332,68.33333333333333,54.166666666666664,14.166666666666666
E00131676,162,46,14,32,116,96,20,28.39506172839506,8.641975308641975,19.753086419753085,71.60493827160494,59.25925925925925,12.345679012345679
E00131677,130,33,12,21,97,89,8,25.384615384615383,9.230769230769232,16.153846153846153,74.61538461538461,68.46153846153847,6.153846153846154
E00131678,153,24,9,15,129,111,18,15.686274509803921,5.88235294117647,9.803921568627452,84.31372549019608,72.54901960784314,11.76470588235294
E00131679,86,18,3,15,68,62,6,20.930232558139537,3.488372093023256,17.441860465116278,79.06976744186046,72.09302325581395,6.976744186046512
E00131680,85,18,1,17,67,56,11,21.176470588235293,1.1764705882352942,20,78.82352941176471,65.88235294117646,12.941176470588237
E00131681,106,28,10,18,78,68,10,26.41509433962264,9.433962264150944,16.9811320754717,73.58490566037736,64.15094339622641,9.433962264150944
E00131682,206,45,16,29,161,143,18,21.844660194174757,7.766990291262135,14.077669902912621,78.15533980582524,69.41747572815534,8.737864077669903
E00131683,157,49,13,36,108,88,20,31.210191082802545,8.280254777070063,22.929936305732486,68.78980891719745,56.05095541401274,12.738853503184714
E00131684,213,41,14,27,172,151,21,19.248826291079812,6.572769953051644,12.676056338028168,80.75117370892019,70.89201877934272,9.859154929577464
E00131685,117,26,7,19,91,75,16,22.22222222222222,5.982905982905983,16.23931623931624,77.77777777777779,64.1025641025641,13.675213675213676
E00131686,211,56,26,30,155,127,28,26.540284360189574,12.322274881516588,14.218009478672986,73.45971563981043,60.18957345971564,13.270142180094787
E00131687,118,29,13,16,89,75,14,24.576271186440678,11.016949152542372,13.559322033898304,75.42372881355932,63.559322033898304,11.864406779661017
E00131688,150,49,25,24,101,85,16,32.666666666666664,16.666666666666664,16,67.33333333333333,56.666666666666664,10.666666666666668
E00131689,131,42,11,31,89,75,14,32.06106870229007,8.396946564885496,23.66412213740458,67.93893129770993,57.25190839694656,10.687022900763358
E00131690,122,47,12,35,75,71,4,38.52459016393443,9.836065573770492,28.688524590163933,61.47540983606557,58.19672131147541,3.278688524590164
E00131691,278,64,20,44,214,179,35,23.021582733812952,7.1942446043165464,15.827338129496402,76.97841726618705,64.38848920863309,12.589928057553957
E00131692,181,54,16,38,127,95,32,29.83425414364641,8.83977900552486,20.994475138121548,70.1657458563536,52.48618784530387,17.67955801104972
E00131693,146,47,17,30,99,85,14,32.19178082191781,11.643835616438356,20.54794520547945,67.8082191780822,58.21917808219178,9.58904109589041
E00131694,280,75,31,44,205,170,35,26.785714285714285,11.071428571428571,15.714285714285714,73.21428571428571,60.71428571428571,12.5
E00131695,204,49,10,39,155,129,26,24.019607843137255,4.901960784313726,19.11764705882353,75.98039215686273,63.23529411764706,12.745098039215685
E00131696,228,72,16,56,156,138,18,31.57894736842105,7.017543859649122,24.561403508771928,68.42105263157895,60.526315789473685,7.894736842105263
E00131697,134,44,16,28,90,70,20,32.83582089552239,11.940298507462686,20.8955223880597,67.16417910447761,52.23880597014925,14.925373134328357
E00131698,107,39,14,25,68,56,12,36.44859813084112,13.084112149532709,23.364485981308412,63.55140186915887,52.336448598130836,11.214953271028037
E00131699,98,27,7,20,71,62,9,27.55102040816326,7.142857142857142,20.408163265306122,72.44897959183673,63.26530612244898,9.183673469387756
E00131701,56,13,2,11,43,34,9,23.214285714285715,3.571428571428571,19.642857142857142,76.78571428571429,60.71428571428571,16.071428571428573
E00131702,200,60,25,35,140,114,26,30,12.5,17.5,70,56.99999999999999,13
E00131703,163,38,13,25,125,102,23,23.31288343558282,7.975460122699387,15.337423312883436,76.68711656441718,62.57668711656442,14.11042944785276
E00131704,198,55,14,41,143,115,28,27.77777777777778,7.07070707070707,20.707070707070706,72.22222222222221,58.080808080808076,14.14141414141414
E00131705,195,67,27,40,128,102,26,34.35897435897436,13.846153846153847,20.51282051282051,65.64102564102564,52.307692307692314,13.333333333333334
E00131706,166,52,24,28,114,90,24,31.32530120481928,14.457831325301203,16.867469879518072,68.67469879518072,54.21686746987952,14.457831325301203
E00131707,76,20,9,11,56,44,12,26.31578947368421,11.842105263157894,14.473684210526317,73.68421052631578,57.89473684210527,15.789473684210526
E00131708,230,66,24,42,164,128,36,28.695652173913043,10.434782608695652,18.26086956521739,71.30434782608695,55.65217391304348,15.65217391304348
E00131709,141,42,15,27,99,84,15,29.78723404255319,10.638297872340425,19.148936170212767,70.2127659574468,59.57446808510638,10.638297872340425
E00131710,148,36,8,28,112,90,22,24.324324324324326,5.405405405405405,18.91891891891892,75.67567567567568,60.810810810810814,14.864864864864865
E00131711,78,21,8,13,57,45,12,26.923076923076923,10.256410256410255,16.666666666666664,73.07692307692307,57.692307692307686,15.384615384615385
E00131712,157,44,22,22,113,82,31,28.02547770700637,14.012738853503185,14.012738853503185,71.97452229299363,52.22929936305732,19.745222929936308
E00131713,237,82,33,49,155,123,32,34.59915611814346,13.924050632911392,20.675105485232066,65.40084388185655,51.89873417721519,13.502109704641349
E00131714,154,42,21,21,112,91,21,27.27272727272727,13.636363636363635,13.636363636363635,72.72727272727273,59.09090909090909,13.636363636363635
E00131715,154,46,19,27,108,84,24,29.87012987012987,12.337662337662337,17.532467532467532,70.12987012987013,54.54545454545454,15.584415584415584
E00131716,151,44,15,29,107,91,16,29.13907284768212,9.933774834437086,19.205298013245034,70.86092715231787,60.264900662251655,10.596026490066226
E00131717,166,40,16,24,126,105,21,24.096385542168676,9.63855421686747,14.457831325301203,75.90361445783132,63.25301204819277,12.650602409638553
E00131719,119,31,9,22,88,78,10,26.05042016806723,7.563025210084033,18.487394957983195,73.94957983193278,65.54621848739495,8.403361344537815
E00131720,172,42,18,24,130,114,16,24.418604651162788,10.465116279069768,13.953488372093023,75.5813953488372,66.27906976744185,9.30232558139535
E00131721,179,42,14,28,137,116,21,23.463687150837988,7.82122905027933,15.64245810055866,76.53631284916202,64.80446927374301,11.731843575418994
E00131722,219,57,14,43,162,139,23,26.027397260273972,6.392694063926941,19.63470319634703,73.97260273972603,63.4703196347032,10.50228310502283
E00131723,124,29,6,23,95,82,13,23.387096774193548,4.838709677419355,18.548387096774192,76.61290322580645,66.12903225806451,10.483870967741936
E00131724,151,42,12,30,109,93,16,27.81456953642384,7.9470198675496695,19.867549668874172,72.18543046357617,61.58940397350994,10.596026490066226
E00131725,212,55,16,39,157,136,21,25.943396226415093,7.547169811320755,18.39622641509434,74.05660377358491,64.15094339622641,9.90566037735849
E00131726,144,41,17,24,103,92,11,28.47222222222222,11.805555555555555,16.666666666666664,71.52777777777779,63.888888888888886,7.638888888888889
E00131727,155,36,6,30,119,102,17,23.225806451612904,3.870967741935484,19.35483870967742,76.77419354838709,65.80645161290323,10.967741935483872
E00131729,78,19,3,16,59,48,11,24.358974358974358,3.8461538461538463,20.51282051282051,75.64102564102564,61.53846153846154,14.102564102564102
E00131730,179,57,18,39,122,104,18,31.843575418994412,10.05586592178771,21.787709497206702,68.15642458100558,58.10055865921788,10.05586592178771
E00131731,306,86,31,55,220,185,35,28.104575163398692,10.130718954248366,17.973856209150327,71.89542483660131,60.45751633986928,11.437908496732026
E00131734,141,47,14,33,94,84,10,33.33333333333333,9.929078014184398,23.404255319148938,66.66666666666666,59.57446808510638,7.092198581560284
E00131735,233,57,21,36,176,164,12,24.463519313304722,9.012875536480687,15.450643776824036,75.53648068669528,70.3862660944206,5.150214592274678
E00131736,153,35,13,22,118,100,18,22.875816993464053,8.49673202614379,14.37908496732026,77.12418300653596,65.359477124183,11.76470588235294
E00131737,215,53,16,37,162,135,27,24.651162790697676,7.441860465116279,17.209302325581397,75.34883720930232,62.7906976744186,12.558139534883722
E00131738,149,37,10,27,112,95,17,24.832214765100673,6.7114093959731544,18.120805369127517,75.16778523489933,63.758389261744966,11.409395973154362
E00131739,143,38,8,30,105,97,8,26.573426573426573,5.594405594405594,20.97902097902098,73.42657342657343,67.83216783216784,5.594405594405594
E00131740,156,45,17,28,111,96,15,28.846153846153843,10.897435897435898,17.94871794871795,71.15384615384616,61.53846153846154,9.615384615384617
E00131741,94,27,5,22,67,55,12,28.723404255319153,5.319148936170213,23.404255319148938,71.27659574468085,58.51063829787234,12.76595744680851
E00131742,152,40,9,31,112,96,16,26.31578947368421,5.921052631578947,20.394736842105264,73.68421052631578,63.1578947368421,10.526315789473683
E00131743,128,46,14,32,82,73,9,35.9375,10.9375,25,64.0625,57.03125,7.03125
E00131744,114,31,8,23,83,67,16,27.192982456140353,7.017543859649122,20.175438596491226,72.80701754385966,58.77192982456141,14.035087719298245
E00131745,105,32,15,17,73,58,15,30.476190476190478,14.285714285714285,16.19047619047619,69.52380952380952,55.23809523809524,14.285714285714285
E00131746,135,36,13,23,99,85,14,26.666666666666668,9.62962962962963,17.037037037037038,73.33333333333333,62.96296296296296,10.37037037037037
E00131747,198,38,16,22,160,138,22,19.19191919191919,8.080808080808081,11.11111111111111,80.8080808080808,69.6969696969697,11.11111111111111
E00131748,162,49,23,26,113,92,21,30.246913580246915,14.19753086419753,16.049382716049383,69.75308641975309,56.79012345679012,12.962962962962962
E00131749,115,39,14,25,76,68,8,33.91304347826087,12.173913043478262,21.73913043478261,66.08695652173913,59.130434782608695,6.956521739130435
E00131750,126,46,22,24,80,64,16,36.507936507936506,17.46031746031746,19.047619047619047,63.49206349206349,50.79365079365079,12.698412698412698
E00131751,172,51,20,31,121,99,22,29.651162790697676,11.627906976744185,18.023255813953487,70.34883720930233,57.55813953488372,12.790697674418606
E00131752,302,102,45,57,200,146,54,33.77483443708609,14.90066225165563,18.874172185430464,66.22516556291392,48.34437086092716,17.880794701986755
E00131753,235,64,32,32,171,117,54,27.23404255319149,13.617021276595745,13.617021276595745,72.76595744680851,49.787234042553195,22.97872340425532
E00131754,72,21,6,15,51,40,11,29.166666666666668,8.333333333333332,20.833333333333336,70.83333333333334,55.55555555555556,15.277777777777779
E00131755,138,37,15,22,101,87,14,26.811594202898554,10.869565217391305,15.942028985507244,73.18840579710145,63.04347826086957,10.144927536231885
E00131756,143,47,20,27,96,73,23,32.86713286713287,13.986013986013987,18.88111888111888,67.13286713286713,51.048951048951054,16.083916083916083
E00131757,131,51,22,29,80,71,9,38.93129770992366,16.793893129770993,22.137404580152673,61.06870229007634,54.19847328244275,6.870229007633588
E00131759,154,44,20,24,110,86,24,28.57142857142857,12.987012987012985,15.584415584415584,71.42857142857143,55.84415584415584,15.584415584415584
E00131760,238,79,30,49,159,124,35,33.193277310924366,12.605042016806722,20.588235294117645,66.80672268907563,52.10084033613446,14.705882352941178
E00131761,139,47,19,28,92,75,17,33.81294964028777,13.66906474820144,20.14388489208633,66.18705035971223,53.956834532374096,12.23021582733813
E00131762,199,52,16,36,147,124,23,26.13065326633166,8.040201005025125,18.090452261306535,73.86934673366834,62.311557788944725,11.557788944723619
E00131763,156,37,15,22,119,101,18,23.717948717948715,9.615384615384617,14.102564102564102,76.28205128205127,64.74358974358975,11.538461538461538
E00131764,146,39,11,28,107,87,20,26.71232876712329,7.534246575342466,19.17808219178082,73.28767123287672,59.589041095890416,13.698630136986301
E00131765,183,41,13,28,142,130,12,22.404371584699454,7.103825136612022,15.300546448087433,77.59562841530054,71.03825136612022,6.557377049180328
E00131766,153,42,12,30,111,95,16,27.450980392156865,7.8431372549019605,19.607843137254903,72.54901960784314,62.091503267973856,10.457516339869281
E00131767,115,37,7,30,78,67,11,32.17391304347826,6.086956521739131,26.08695652173913,67.82608695652173,58.26086956521739,9.565217391304348
E00131768,114,29,10,19,85,73,12,25.438596491228072,8.771929824561402,16.666666666666664,74.56140350877193,64.03508771929825,10.526315789473683
E00131769,177,46,18,28,131,107,24,25.98870056497175,10.16949152542373,15.819209039548024,74.01129943502825,60.451977401129945,13.559322033898304
E00131770,127,30,8,22,97,84,13,23.62204724409449,6.299212598425196,17.322834645669293,76.37795275590551,66.14173228346458,10.236220472440944
E00131771,98,27,7,20,71,61,10,27.55102040816326,7.142857142857142,20.408163265306122,72.44897959183673,62.244897959183675,10.204081632653061
E00131772,110,33,7,26,77,73,4,30,6.363636363636363,23.636363636363637,70,66.36363636363637,3.6363636363636362
E00131773,165,61,12,49,104,90,14,36.96969696969697,7.2727272727272725,29.6969696969697,63.030303030303024,54.54545454545454,8.484848484848486
E00131774,179,51,17,34,128,105,23,28.49162011173184,9.497206703910614,18.994413407821227,71.50837988826815,58.659217877094974,12.849162011173185
E00131775,161,50,13,37,111,97,14,31.05590062111801,8.074534161490684,22.981366459627328,68.94409937888199,60.24844720496895,8.695652173913043
E00131776,169,37,9,28,132,110,22,21.893491124260358,5.325443786982249,16.56804733727811,78.10650887573965,65.08875739644971,13.017751479289942
E00131777,182,48,16,32,134,118,16,26.373626373626376,8.791208791208792,17.582417582417584,73.62637362637363,64.83516483516483,8.791208791208792
E00131778,110,23,5,18,87,72,15,20.909090909090907,4.545454545454546,16.363636363636363,79.0909090909091,65.45454545454545,13.636363636363635
E00131779,156,42,16,26,114,98,16,26.923076923076923,10.256410256410255,16.666666666666664,73.07692307692307,62.82051282051282,10.256410256410255
E00131780,114,29,7,22,85,74,11,25.438596491228072,6.140350877192982,19.298245614035086,74.56140350877193,64.91228070175438,9.649122807017543
E00131781,88,17,4,13,71,59,12,19.318181818181817,4.545454545454546,14.772727272727273,80.68181818181817,67.04545454545455,13.636363636363635
E00131782,238,57,8,49,181,155,26,23.949579831932773,3.361344537815126,20.588235294117645,76.05042016806722,65.12605042016807,10.92436974789916
E00131783,151,43,17,26,108,92,16,28.47682119205298,11.258278145695364,17.218543046357617,71.52317880794702,60.9271523178808,10.596026490066226
E00131784,159,42,15,27,117,97,20,26.41509433962264,9.433962264150944,16.9811320754717,73.58490566037736,61.0062893081761,12.578616352201259
E00170693,104,25,10,15,79,60,19,24.03846153846154,9.615384615384617,14.423076923076922,75.96153846153845,57.692307692307686,18.269230769230766
E00170694,235,52,16,36,183,143,40,22.127659574468083,6.808510638297872,15.319148936170212,77.87234042553192,60.851063829787236,17.02127659574468
E00170695,108,35,14,21,73,58,15,32.407407407407405,12.962962962962962,19.444444444444446,67.5925925925926,53.70370370370371,13.88888888888889
E00170696,100,34,12,22,66,57,9,34,12,22,66,56.99999999999999,9
E00170697,109,37,14,23,72,63,9,33.94495412844037,12.844036697247708,21.100917431192663,66.05504587155964,57.798165137614674,8.256880733944955
E00170698,173,26,11,15,147,119,28,15.028901734104046,6.358381502890173,8.670520231213873,84.97109826589595,68.78612716763006,16.184971098265898
E00170699,151,21,5,16,130,105,25,13.90728476821192,3.3112582781456954,10.596026490066226,86.09271523178808,69.5364238410596,16.55629139072848
E00170700,101,28,14,14,73,60,13,27.722772277227726,13.861386138613863,13.861386138613863,72.27722772277228,59.4059405940594,12.871287128712872
E00170701,95,27,9,18,68,52,16,28.421052631578945,9.473684210526317,18.947368421052634,71.57894736842105,54.736842105263165,16.842105263157894
E00170702,261,80,35,45,181,156,25,30.65134099616858,13.409961685823754,17.24137931034483,69.34865900383141,59.77011494252874,9.578544061302683
E00170703,183,50,9,41,133,118,15,27.322404371584703,4.918032786885246,22.404371584699454,72.6775956284153,64.48087431693989,8.19672131147541
E00170704,81,19,8,11,62,55,7,23.456790123456788,9.876543209876543,13.580246913580247,76.5432098765432,67.90123456790124,8.641975308641975
E00170705,187,35,10,25,152,129,23,18.71657754010695,5.347593582887701,13.368983957219251,81.28342245989305,68.98395721925134,12.299465240641712
E00170706,44,19,8,11,25,20,5,43.18181818181818,18.181818181818183,25,56.81818181818182,45.45454545454545,11.363636363636363
E00170707,134,45,21,24,89,65,24,33.582089552238806,15.671641791044777,17.91044776119403,66.4179104477612,48.507462686567166,17.91044776119403
E00170709,239,62,18,44,177,138,39,25.94142259414226,7.531380753138076,18.410041841004183,74.05857740585773,57.74058577405857,16.317991631799163
E00170710,230,57,12,45,173,144,29,24.782608695652176,5.217391304347826,19.565217391304348,75.21739130434783,62.60869565217392,12.608695652173912
E00187335,268,64,24,40,204,163,41,23.88059701492537,8.955223880597014,14.925373134328357,76.11940298507463,60.820895522388064,15.298507462686567
E00187336,158,26,13,13,132,99,33,16.455696202531644,8.227848101265822,8.227848101265822,83.54430379746836,62.65822784810127,20.88607594936709
E00187347,179,35,12,23,144,113,31,19.553072625698324,6.70391061452514,12.849162011173185,80.44692737430168,63.128491620111724,17.318435754189945
E00187354,203,45,11,34,158,137,21,22.167487684729064,5.41871921182266,16.748768472906402,77.83251231527095,67.48768472906403,10.344827586206897
E00187357,118,21,6,15,97,79,18,17.796610169491526,5.084745762711865,12.711864406779661,82.20338983050848,66.94915254237289,15.254237288135593
E00187360,155,43,13,30,112,89,23,27.741935483870968,8.38709677419355,19.35483870967742,72.25806451612902,57.41935483870968,14.838709677419354
E00187361,164,42,10,32,122,99,23,25.609756097560975,6.097560975609756,19.51219512195122,74.39024390243902,60.36585365853659,14.02439024390244
E00187368,244,45,18,27,199,174,25,18.442622950819672,7.377049180327869,11.065573770491802,81.55737704918032,71.31147540983606,10.245901639344263
E00187370,108,32,9,23,76,67,9,29.629629629629626,8.333333333333332,21.296296296296298,70.37037037037037,62.03703703703704,8.333333333333332
E00187371,155,23,7,16,132,113,19,14.838709677419354,4.516129032258064,10.32258064516129,85.16129032258064,72.90322580645162,12.258064516129032
E00187378,229,46,11,35,183,159,24,20.087336244541483,4.8034934497816595,15.283842794759824,79.91266375545851,69.43231441048034,10.480349344978166
E00187382,279,40,10,30,239,204,35,14.336917562724013,3.584229390681003,10.75268817204301,85.66308243727599,73.11827956989248,12.544802867383511
E00187390,297,45,4,41,252,222,30,15.151515151515152,1.3468013468013467,13.804713804713806,84.84848484848484,74.74747474747475,10.1010101010101
E00187396,145,25,6,19,120,107,13,17.24137931034483,4.137931034482759,13.10344827586207,82.75862068965517,73.79310344827587,8.96551724137931
E00187399,145,35,22,13,110,101,9,24.137931034482758,15.172413793103448,8.96551724137931,75.86206896551724,69.6551724137931,6.206896551724138
E00187407,234,59,20,39,175,148,27,25.213675213675213,8.547008547008547,16.666666666666664,74.78632478632478,63.24786324786324,11.538461538461538
E00187411,93,33,10,23,60,51,9,35.483870967741936,10.75268817204301,24.731182795698924,64.51612903225806,54.83870967741935,9.67741935483871
E00187419,367,67,15,52,300,256,44,18.256130790190735,4.087193460490464,14.168937329700274,81.74386920980926,69.75476839237056,11.989100817438691
E00187422,172,38,17,21,134,108,26,22.093023255813954,9.883720930232558,12.209302325581394,77.90697674418605,62.7906976744186,15.11627906976744
E00187423,65,8,3,5,57,51,6,12.307692307692308,4.615384615384616,7.6923076923076925,87.6923076923077,78.46153846153847,9.230769230769232
E00187424,142,41,19,22,101,86,15,28.87323943661972,13.380281690140844,15.492957746478872,71.12676056338029,60.56338028169014,10.56338028169014
E00187430,107,25,7,18,82,69,13,23.364485981308412,6.5420560747663545,16.822429906542055,76.63551401869158,64.48598130841121,12.149532710280374
E00187432,188,44,17,27,144,122,22,23.404255319148938,9.042553191489363,14.361702127659576,76.59574468085107,64.8936170212766,11.702127659574469
E00187437,79,18,10,8,61,47,14,22.78481012658228,12.658227848101266,10.126582278481013,77.21518987341773,59.49367088607595,17.72151898734177
E00187445,94,23,11,12,71,54,17,24.46808510638298,11.702127659574469,12.76595744680851,75.53191489361703,57.446808510638306,18.085106382978726
E00187446,204,39,11,28,165,142,23,19.11764705882353,5.392156862745098,13.725490196078432,80.88235294117648,69.6078431372549,11.27450980392157
E00187448,126,30,10,20,96,81,15,23.809523809523807,7.936507936507936,15.873015873015872,76.19047619047619,64.28571428571429,11.904761904761903
E00187454,69,13,4,9,56,44,12,18.84057971014493,5.797101449275362,13.043478260869565,81.15942028985508,63.76811594202898,17.391304347826086
E00187455,55,11,6,5,44,39,5,20,10.909090909090908,9.090909090909092,80,70.9090909090909,9.090909090909092
E00187456,111,28,7,21,83,67,16,25.225225225225223,6.306306306306306,18.91891891891892,74.77477477477478,60.36036036036037,14.414414414414415
E00187461,323,69,29,40,254,215,39,21.36222910216718,8.978328173374612,12.38390092879257,78.63777089783281,66.56346749226006,12.074303405572756
E00187462,92,22,2,20,70,57,13,23.91304347826087,2.1739130434782608,21.73913043478261,76.08695652173914,61.95652173913043,14.130434782608695
E00187468,118,22,9,13,96,72,24,18.64406779661017,7.627118644067797,11.016949152542372,81.35593220338984,61.016949152542374,20.33898305084746
E00187470,63,19,4,15,44,39,5,30.158730158730158,6.349206349206349,23.809523809523807,69.84126984126983,61.904761904761905,7.936507936507936
E00187472,166,50,19,31,116,88,28,30.120481927710845,11.44578313253012,18.67469879518072,69.87951807228916,53.01204819277109,16.867469879518072
E00187480,186,48,14,34,138,120,18,25.806451612903224,7.526881720430108,18.27956989247312,74.19354838709677,64.51612903225806,9.67741935483871
E00187481,246,47,18,29,199,170,29,19.10569105691057,7.317073170731707,11.788617886178862,80.89430894308943,69.10569105691057,11.788617886178862
E00187482,115,27,3,24,88,72,16,23.47826086956522,2.608695652173913,20.869565217391305,76.52173913043478,62.60869565217392,13.91304347826087
E00187483,268,49,18,31,219,187,32,18.28358208955224,6.7164179104477615,11.567164179104477,81.71641791044776,69.77611940298507,11.940298507462686
E00187486,234,55,19,36,179,155,24,23.504273504273502,8.11965811965812,15.384615384615385,76.49572649572649,66.23931623931624,10.256410256410255
E00187488,172,39,15,24,133,106,27,22.674418604651162,8.720930232558139,13.953488372093023,77.32558139534885,61.627906976744185,15.69767441860465
E00187490,206,55,25,30,151,121,30,26.699029126213592,12.135922330097088,14.563106796116504,73.30097087378641,58.7378640776699,14.563106796116504
E00187507,206,54,16,38,152,115,37,26.21359223300971,7.766990291262135,18.446601941747574,73.7864077669903,55.8252427184466,17.96116504854369
E00187509,116,31,12,19,85,68,17,26.72413793103448,10.344827586206897,16.379310344827587,73.27586206896551,58.620689655172406,14.655172413793101
