OA,ts0380001,ts0380002,ts0380003,ts0380004,ts0380005,ts0380006,ts0380007,ts0380002_PCT,ts0380003_PCT,ts0380004_PCT,ts0380005_PCT,ts0380006_PCT,ts0380007_PCT
E00067918,338,51,17,34,287,27,260,15.088757396449704,5.029585798816568,10.059171597633137,84.91124260355029,7.988165680473373,76.92307692307693
E00067919,342,61,16,45,281,31,250,17.83625730994152,4.678362573099415,13.157894736842104,82.16374269005848,9.064327485380117,73.09941520467837
E00067920,282,72,30,42,210,19,191,25.53191489361702,10.638297872340425,14.893617021276595,74.46808510638297,6.73758865248227,67.73049645390071
E00067921,255,62,22,40,193,17,176,24.313725490196077,8.627450980392156,15.686274509803921,75.68627450980392,6.666666666666667,69.01960784313725
E00067922,243,63,29,34,180,21,159,25.925925925925924,11.934156378600823,13.991769547325102,74.07407407407408,8.641975308641975,65.4320987654321
E00067923,322,43,15,28,279,21,258,13.354037267080745,4.658385093167702,8.695652173913043,86.64596273291926,6.521739130434782,80.12422360248446
E00067924,498,77,34,43,421,23,398,15.461847389558233,6.827309236947792,8.634538152610443,84.53815261044177,4.618473895582329,79.91967871485943
E00067925,348,42,18,24,306,9,297,12.068965517241379,5.172413793103448,6.896551724137931,87.93103448275862,2.586206896551724,85.34482758620689
E00067926,244,45,15,30,199,19,180,18.442622950819672,6.147540983606557,12.295081967213115,81.55737704918032,7.786885245901639,73.77049180327869
E00067927,265,55,14,41,210,19,191,20.754716981132077,5.283018867924529,15.471698113207546,79.24528301886792,7.169811320754717,72.0754716981132
E00067928,298,52,17,35,246,20,226,17.449664429530202,5.704697986577181,11.74496644295302,82.5503355704698,6.7114093959731544,75.83892617449665
E00067929,364,110,56,54,254,18,236,30.21978021978022,15.384615384615385,14.835164835164836,69.78021978021978,4.945054945054945,64.83516483516483
E00067930,294,45,16,29,249,15,234,15.306122448979592,5.442176870748299,9.863945578231291,84.6938775510204,5.1020408163265305,79.59183673469387
E00067931,259,50,27,23,209,22,187,19.305019305019304,10.424710424710424,8.880308880308881,80.6949806949807,8.494208494208493,72.2007722007722
E00067932,318,62,19,43,256,29,227,19.49685534591195,5.9748427672955975,13.522012578616351,80.50314465408806,9.119496855345911,71.38364779874213
E00067933,368,67,30,37,301,23,278,18.206521739130434,8.152173913043478,10.054347826086957,81.79347826086956,6.25,75.54347826086956
E00067934,333,53,25,28,280,24,256,15.915915915915916,7.5075075075075075,8.408408408408409,84.08408408408408,7.207207207207207,76.87687687687688
E00067935,456,94,54,40,362,23,339,20.614035087719298,11.842105263157894,8.771929824561402,79.3859649122807,5.0438596491228065,74.3421052631579
E00067936,483,95,44,51,388,14,374,19.66873706004141,9.109730848861282,10.559006211180124,80.33126293995859,2.898550724637681,77.4327122153209
E00067937,525,141,95,46,384,32,352,26.857142857142858,18.095238095238095,8.761904761904763,73.14285714285714,6.095238095238095,67.04761904761905
E00067938,431,71,32,39,360,22,338,16.473317865429234,7.424593967517401,9.048723897911833,83.52668213457076,5.104408352668213,78.42227378190255
E00067939,469,76,40,36,393,15,378,16.204690831556505,8.528784648187633,7.675906183368871,83.7953091684435,3.1982942430703627,80.59701492537313
E00067940,361,41,19,22,320,10,310,11.357340720221606,5.263157894736842,6.094182825484765,88.64265927977839,2.7700831024930745,85.87257617728532
E00067942,286,98,57,41,188,17,171,34.26573426573427,19.93006993006993,14.335664335664337,65.73426573426573,5.944055944055944,59.790209790209794
E00067943,238,36,17,19,202,18,184,15.126050420168067,7.142857142857142,7.9831932773109235,84.87394957983193,7.563025210084033,77.31092436974791
E00067945,307,89,40,49,218,18,200,28.990228013029316,13.029315960912053,15.960912052117262,71.00977198697068,5.863192182410423,65.14657980456026
E00067946,289,73,28,45,216,18,198,25.259515570934255,9.688581314878892,15.570934256055363,74.74048442906575,6.228373702422145,68.5121107266436
E00067947,230,38,10,28,192,10,182,16.52173913043478,4.3478260869565215,12.173913043478262,83.47826086956522,4.3478260869565215,79.13043478260869
E00067948,464,56,23,33,408,26,382,12.068965517241379,4.956896551724138,7.112068965517242,87.93103448275862,5.603448275862069,82.32758620689656
E00067949,357,57,12,45,300,35,265,15.966386554621847,3.361344537815126,12.605042016806722,84.03361344537815,9.803921568627452,74.2296918767507
E00067950,299,55,19,36,244,23,221,18.394648829431436,6.354515050167224,12.040133779264215,81.60535117056857,7.6923076923076925,73.91304347826086
E00067952,288,75,41,34,213,15,198,26.041666666666668,14.23611111111111,11.805555555555555,73.95833333333334,5.208333333333334,68.75
E00067953,335,57,29,28,278,19,259,17.01492537313433,8.656716417910449,8.358208955223882,82.98507462686567,5.6716417910447765,77.31343283582089
E00067954,358,65,27,38,293,16,277,18.156424581005588,7.5418994413407825,10.614525139664805,81.84357541899442,4.4692737430167595,77.37430167597765
E00067955,370,68,17,51,302,20,282,18.37837837837838,4.594594594594595,13.783783783783784,81.62162162162161,5.405405405405405,76.21621621621621
E00067956,271,40,12,28,231,19,212,14.760147601476014,4.428044280442804,10.33210332103321,85.23985239852398,7.011070110701106,78.22878228782287
E00067957,335,58,20,38,277,21,256,17.313432835820898,5.970149253731343,11.343283582089553,82.68656716417911,6.26865671641791,76.4179104477612
E00067958,302,62,23,39,240,16,224,20.52980132450331,7.6158940397351,12.91390728476821,79.47019867549669,5.298013245033113,74.17218543046357
E00067959,281,54,18,36,227,19,208,19.217081850533805,6.405693950177936,12.811387900355871,80.78291814946618,6.761565836298933,74.02135231316726
E00067960,263,43,15,28,220,19,201,16.34980988593156,5.7034220532319395,10.646387832699618,83.65019011406845,7.224334600760455,76.42585551330798
E00067961,280,50,18,32,230,28,202,17.857142857142858,6.428571428571428,11.428571428571429,82.14285714285714,10,72.14285714285714
E00067962,281,32,12,20,249,26,223,11.387900355871885,4.270462633451958,7.11743772241993,88.61209964412812,9.252669039145907,79.35943060498221
E00067963,604,90,35,55,514,41,473,14.90066225165563,5.7947019867549665,9.105960264900661,85.09933774834437,6.788079470198675,78.31125827814569
E00067964,252,34,14,20,218,22,196,13.492063492063492,5.555555555555555,7.936507936507936,86.5079365079365,8.73015873015873,77.77777777777779
E00067965,314,51,17,34,263,21,242,16.24203821656051,5.414012738853503,10.828025477707007,83.7579617834395,6.687898089171974,77.07006369426752
E00067966,332,45,18,27,287,28,259,13.55421686746988,5.421686746987952,8.132530120481928,86.44578313253012,8.433734939759036,78.01204819277109
E00067967,407,68,27,41,339,32,307,16.707616707616708,6.6339066339066335,10.073710073710075,83.29238329238329,7.862407862407863,75.42997542997543
E00067968,307,68,25,43,239,19,220,22.149837133550488,8.143322475570033,14.006514657980457,77.85016286644951,6.188925081433225,71.66123778501628
E00067969,290,54,24,30,236,28,208,18.620689655172416,8.275862068965518,10.344827586206897,81.37931034482759,9.655172413793103,71.72413793103448
E00067970,284,61,29,32,223,9,214,21.47887323943662,10.211267605633804,11.267605633802818,78.52112676056338,3.169014084507042,75.35211267605634
E00067971,297,48,16,32,249,17,232,16.161616161616163,5.387205387205387,10.774410774410773,83.83838383838383,5.723905723905724,78.11447811447812
E00067972,341,41,16,25,300,28,272,12.023460410557185,4.69208211143695,7.331378299120235,87.97653958944281,8.211143695014663,79.76539589442815
E00067973,333,59,21,38,274,18,256,17.71771771771772,6.306306306306306,11.411411411411411,82.28228228228228,5.405405405405405,76.87687687687688
E00067974,241,46,12,34,195,27,168,19.08713692946058,4.979253112033195,14.107883817427386,80.91286307053942,11.20331950207469,69.70954356846472
E00067975,273,43,14,29,230,21,209,15.75091575091575,5.128205128205128,10.622710622710622,84.24908424908425,7.6923076923076925,76.55677655677655
E00067976,342,69,25,44,273,25,248,20.175438596491226,7.309941520467836,12.865497076023392,79.82456140350878,7.309941520467836,72.51461988304094
E00067977,312,29,9,20,283,26,257,9.294871794871796,2.8846153846153846,6.41025641025641,90.7051282051282,8.333333333333332,82.37179487179486
E00067978,227,55,27,28,172,9,163,24.229074889867842,11.894273127753303,12.334801762114537,75.77092511013215,3.9647577092511015,71.80616740088107
E00067979,266,45,18,27,221,14,207,16.917293233082706,6.7669172932330826,10.150375939849624,83.0827067669173,5.263157894736842,77.81954887218046
E00067980,211,62,24,38,149,14,135,29.383886255924168,11.374407582938389,18.009478672985782,70.61611374407583,6.6350710900473935,63.98104265402843
E00067981,314,51,14,37,263,23,240,16.24203821656051,4.45859872611465,11.78343949044586,83.7579617834395,7.32484076433121,76.43312101910828
E00067982,255,54,20,34,201,18,183,21.176470588235293,7.8431372549019605,13.333333333333334,78.82352941176471,7.0588235294117645,71.76470588235294
E00067983,287,51,21,30,236,19,217,17.770034843205575,7.317073170731707,10.452961672473867,82.22996515679442,6.620209059233449,75.60975609756098
E00067985,225,77,33,44,148,20,128,34.22222222222222,14.666666666666666,19.555555555555557,65.77777777777779,8.88888888888889,56.888888888888886
E00067987,229,64,22,42,165,16,149,27.947598253275107,9.606986899563319,18.340611353711793,72.0524017467249,6.986899563318777,65.06550218340611
E00067988,166,48,24,24,118,16,102,28.915662650602407,14.457831325301203,14.457831325301203,71.08433734939759,9.63855421686747,61.44578313253012
E00067989,322,48,15,33,274,22,252,14.906832298136646,4.658385093167702,10.248447204968944,85.09316770186336,6.832298136645963,78.26086956521739
E00067990,350,48,21,27,302,37,265,13.714285714285715,6,7.7142857142857135,86.28571428571429,10.571428571428571,75.71428571428571
E00067991,282,41,12,29,241,27,214,14.539007092198581,4.25531914893617,10.28368794326241,85.46099290780141,9.574468085106384,75.88652482269504
E00067992,261,27,10,17,234,20,214,10.344827586206897,3.8314176245210727,6.513409961685824,89.65517241379311,7.662835249042145,81.99233716475096
E00067993,316,61,29,32,255,16,239,19.303797468354432,9.177215189873419,10.126582278481013,80.69620253164557,5.063291139240507,75.63291139240506
E00067994,297,60,24,36,237,19,218,20.2020202020202,8.080808080808081,12.121212121212121,79.7979797979798,6.397306397306397,73.4006734006734
E00067995,276,64,24,40,212,23,189,23.18840579710145,8.695652173913043,14.492753623188406,76.81159420289855,8.333333333333332,68.47826086956522
E00067996,285,53,22,31,232,23,209,18.596491228070175,7.719298245614035,10.87719298245614,81.40350877192982,8.070175438596491,73.33333333333333
E00067997,309,43,17,26,266,34,232,13.915857605177994,5.501618122977346,8.414239482200648,86.08414239482201,11.003236245954692,75.08090614886731
E00067998,284,32,8,24,252,18,234,11.267605633802818,2.8169014084507045,8.450704225352112,88.73239436619718,6.338028169014084,82.3943661971831
E00067999,237,46,16,30,191,18,173,19.40928270042194,6.751054852320674,12.658227848101266,80.59071729957806,7.59493670886076,72.9957805907173
E00068000,207,63,31,32,144,17,127,30.434782608695656,14.975845410628018,15.458937198067632,69.56521739130434,8.212560386473431,61.35265700483091
E00068001,321,59,22,37,262,19,243,18.38006230529595,6.853582554517133,11.526479750778815,81.61993769470405,5.919003115264798,75.70093457943925
E00068002,274,64,25,39,210,17,193,23.357664233576642,9.124087591240876,14.233576642335766,76.64233576642336,6.204379562043796,70.43795620437956
E00068003,279,58,20,38,221,25,196,20.78853046594982,7.168458781362006,13.620071684587815,79.21146953405018,8.960573476702509,70.25089605734766
E00068004,488,63,23,40,425,37,388,12.90983606557377,4.713114754098361,8.19672131147541,87.09016393442623,7.581967213114754,79.50819672131148
E00068005,510,70,15,55,440,49,391,13.725490196078432,2.941176470588235,10.784313725490197,86.27450980392157,9.607843137254903,76.66666666666667
E00068006,306,66,30,36,240,14,226,21.568627450980394,9.803921568627452,11.76470588235294,78.43137254901961,4.57516339869281,73.8562091503268
E00068007,323,75,35,40,248,22,226,23.219814241486066,10.8359133126935,12.38390092879257,76.78018575851394,6.811145510835913,69.96904024767801
E00068008,276,50,18,32,226,24,202,18.115942028985508,6.521739130434782,11.594202898550725,81.88405797101449,8.695652173913043,73.18840579710145
E00068009,295,73,37,36,222,13,209,24.74576271186441,12.54237288135593,12.203389830508476,75.2542372881356,4.406779661016949,70.84745762711864
E00068010,301,72,18,54,229,19,210,23.920265780730897,5.980066445182724,17.940199335548172,76.0797342192691,6.312292358803987,69.76744186046511
E00068011,286,44,17,27,242,21,221,15.384615384615385,5.944055944055944,9.44055944055944,84.61538461538461,7.3426573426573425,77.27272727272727
E00068012,331,76,30,46,255,18,237,22.9607250755287,9.06344410876133,13.897280966767372,77.0392749244713,5.438066465256798,71.6012084592145
E00068014,262,62,31,31,200,21,179,23.66412213740458,11.83206106870229,11.83206106870229,76.33587786259542,8.015267175572518,68.32061068702289
E00068015,234,47,21,26,187,13,174,20.085470085470085,8.974358974358974,11.11111111111111,79.91452991452992,5.555555555555555,74.35897435897436
E00068016,283,52,17,35,231,18,213,18.374558303886925,6.007067137809187,12.36749116607774,81.62544169611307,6.36042402826855,75.26501766784452
E00068017,310,57,22,35,253,15,238,18.387096774193548,7.096774193548387,11.29032258064516,81.61290322580645,4.838709677419355,76.77419354838709
E00068018,260,47,17,30,213,22,191,18.076923076923077,6.538461538461539,11.538461538461538,81.92307692307692,8.461538461538462,73.46153846153847
E00068019,303,49,25,24,254,14,240,16.17161716171617,8.25082508250825,7.920792079207921,83.82838283828383,4.62046204620462,79.20792079207921
E00068020,276,53,18,35,223,19,204,19.202898550724637,6.521739130434782,12.681159420289855,80.79710144927536,6.884057971014493,73.91304347826086
E00068021,283,62,41,21,221,10,211,21.908127208480565,14.487632508833922,7.420494699646643,78.09187279151944,3.53356890459364,74.55830388692578
E00068022,236,43,19,24,193,16,177,18.220338983050848,8.050847457627118,10.16949152542373,81.77966101694916,6.779661016949152,75
E00068023,306,80,37,43,226,16,210,26.143790849673206,12.091503267973856,14.052287581699346,73.8562091503268,5.228758169934641,68.62745098039215
E00068024,296,85,44,41,211,18,193,28.716216216216218,14.864864864864865,13.85135135135135,71.28378378378379,6.081081081081082,65.2027027027027
E00068025,317,135,83,52,182,15,167,42.586750788643535,26.18296529968454,16.40378548895899,57.413249211356465,4.73186119873817,52.6813880126183
E00068026,319,68,26,42,251,14,237,21.316614420062695,8.150470219435736,13.166144200626958,78.68338557993731,4.38871473354232,74.29467084639498
E00068027,329,59,26,33,270,10,260,17.933130699088146,7.90273556231003,10.030395136778116,82.06686930091185,3.0395136778115504,79.0273556231003
E00068028,303,93,49,44,210,16,194,30.693069306930692,16.17161716171617,14.521452145214523,69.3069306930693,5.2805280528052805,64.02640264026402
E00068029,297,92,50,42,205,13,192,30.976430976430976,16.835016835016837,14.14141414141414,69.02356902356902,4.377104377104377,64.64646464646465
E00068030,345,72,27,45,273,13,260,20.869565217391305,7.82608695652174,13.043478260869565,79.13043478260869,3.768115942028986,75.36231884057972
E00068031,346,81,48,33,265,14,251,23.410404624277454,13.872832369942195,9.53757225433526,76.58959537572254,4.046242774566474,72.54335260115607
E00068032,388,76,34,42,312,14,298,19.587628865979383,8.762886597938143,10.824742268041238,80.41237113402062,3.608247422680412,76.80412371134021
E00068033,211,65,38,27,146,10,136,30.80568720379147,18.009478672985782,12.796208530805686,69.19431279620854,4.739336492890995,64.45497630331754
E00068034,405,116,67,49,289,15,274,28.641975308641975,16.543209876543212,12.098765432098766,71.35802469135803,3.7037037037037033,67.65432098765433
E00068035,241,58,40,18,183,18,165,24.066390041493776,16.59751037344398,7.468879668049793,75.93360995850622,7.468879668049793,68.46473029045643
E00068036,193,34,11,23,159,16,143,17.616580310880828,5.699481865284974,11.917098445595855,82.38341968911918,8.290155440414509,74.09326424870466
E00068037,313,51,17,34,262,30,232,16.293929712460063,5.431309904153355,10.86261980830671,83.70607028753993,9.584664536741213,74.12140575079871
E00068038,248,107,38,69,141,20,121,43.145161290322584,15.32258064516129,27.82258064516129,56.85483870967742,8.064516129032258,48.79032258064516
E00068040,248,57,31,26,191,10,181,22.983870967741936,12.5,10.483870967741936,77.01612903225806,4.032258064516129,72.98387096774194
E00068041,177,66,26,40,111,13,98,37.28813559322034,14.689265536723164,22.598870056497177,62.71186440677966,7.344632768361582,55.367231638418076
E00068042,189,43,9,34,146,13,133,22.75132275132275,4.761904761904762,17.989417989417987,77.24867724867724,6.878306878306878,70.37037037037037
E00068043,332,63,24,39,269,22,247,18.97590361445783,7.228915662650602,11.74698795180723,81.02409638554217,6.626506024096386,74.3975903614458
E00068044,419,84,37,47,335,26,309,20.047732696897373,8.83054892601432,11.217183770883054,79.95226730310262,6.205250596658711,73.74701670644392
E00068045,311,48,18,30,263,16,247,15.434083601286176,5.787781350482315,9.646302250803858,84.56591639871382,5.144694533762058,79.42122186495176
E00068046,281,62,29,33,219,15,204,22.064056939501782,10.320284697508896,11.743772241992882,77.93594306049823,5.338078291814947,72.59786476868328
E00068047,460,102,41,61,358,36,322,22.17391304347826,8.91304347826087,13.260869565217392,77.82608695652173,7.82608695652174,70
E00068048,502,102,48,54,400,42,358,20.318725099601593,9.56175298804781,10.756972111553784,79.6812749003984,8.366533864541832,71.31474103585657
E00068049,333,76,37,39,257,27,230,22.822822822822822,11.11111111111111,11.711711711711711,77.17717717717719,8.108108108108109,69.06906906906907
E00068050,295,64,30,34,231,15,216,21.694915254237287,10.16949152542373,11.525423728813559,78.30508474576271,5.084745762711865,73.22033898305085
E00068051,435,81,28,53,354,27,327,18.620689655172416,6.436781609195402,12.183908045977011,81.37931034482759,6.206896551724138,75.17241379310344
E00068052,306,63,26,37,243,16,227,20.588235294117645,8.49673202614379,12.091503267973856,79.41176470588235,5.228758169934641,74.18300653594771
E00068053,411,98,35,63,313,28,285,23.844282238442823,8.51581508515815,15.328467153284672,76.15571776155717,6.81265206812652,69.34306569343066
E00068054,402,92,32,60,310,31,279,22.885572139303484,7.960199004975125,14.925373134328357,77.11442786069652,7.711442786069651,69.40298507462687
E00068055,341,100,61,39,241,18,223,29.32551319648094,17.888563049853374,11.436950146627565,70.67448680351906,5.278592375366569,65.39589442815249
E00068056,412,97,50,47,315,8,307,23.54368932038835,12.135922330097088,11.407766990291263,76.45631067961165,1.9417475728155338,74.51456310679612
E00068057,423,75,36,39,348,18,330,17.73049645390071,8.51063829787234,9.219858156028367,82.26950354609929,4.25531914893617,78.01418439716312
E00068058,530,83,46,37,447,18,429,15.660377358490566,8.679245283018867,6.981132075471698,84.33962264150944,3.3962264150943398,80.9433962264151
E00068059,559,51,24,27,508,10,498,9.123434704830053,4.293381037567084,4.83005366726297,90.87656529516994,1.7889087656529516,89.08765652951699
E00068060,515,97,51,46,418,20,398,18.83495145631068,9.902912621359224,8.932038834951456,81.16504854368932,3.8834951456310676,77.28155339805825
E00068061,613,105,45,60,508,9,499,17.128874388254488,7.3409461663947795,9.787928221859707,82.87112561174551,1.468189233278956,81.40293637846656
E00068062,539,92,42,50,447,19,428,17.068645640074212,7.792207792207792,9.276437847866418,82.93135435992579,3.525046382189239,79.40630797773655
E00068063,473,49,22,27,424,14,410,10.359408033826638,4.651162790697675,5.708245243128964,89.64059196617336,2.9598308668076108,86.68076109936575
E00068064,579,59,26,33,520,12,508,10.189982728842832,4.490500863557859,5.699481865284974,89.81001727115718,2.072538860103627,87.73747841105354
E00068065,332,82,39,43,250,16,234,24.69879518072289,11.74698795180723,12.951807228915662,75.30120481927712,4.819277108433735,70.48192771084338
E00068066,468,118,52,66,350,29,321,25.213675213675213,11.11111111111111,14.102564102564102,74.78632478632478,6.196581196581197,68.58974358974359
E00068068,282,62,27,35,220,24,196,21.98581560283688,9.574468085106384,12.411347517730496,78.01418439716312,8.51063829787234,69.50354609929079
E00068070,318,55,17,38,263,27,236,17.29559748427673,5.345911949685535,11.949685534591195,82.70440251572327,8.49056603773585,74.21383647798741
E00068071,297,76,39,37,221,14,207,25.589225589225588,13.131313131313133,12.457912457912458,74.41077441077442,4.713804713804714,69.6969696969697
E00068072,387,107,54,53,280,27,253,27.648578811369507,13.953488372093023,13.695090439276486,72.3514211886305,6.976744186046512,65.37467700258398
E00068073,265,70,40,30,195,11,184,26.41509433962264,15.09433962264151,11.320754716981133,73.58490566037736,4.150943396226415,69.43396226415094
E00068075,360,76,41,35,284,15,269,21.11111111111111,11.38888888888889,9.722222222222223,78.88888888888889,4.166666666666666,74.72222222222223
E00068076,422,110,57,53,312,18,294,26.066350710900476,13.507109004739338,12.559241706161137,73.93364928909952,4.265402843601896,69.66824644549763
E00068077,540,81,39,42,459,14,445,15,7.222222222222221,7.777777777777778,85,2.5925925925925926,82.4074074074074
E00068078,423,64,34,30,359,13,346,15.130023640661939,8.037825059101655,7.092198581560284,84.86997635933807,3.0732860520094563,81.7966903073286
E00068079,370,63,22,41,307,12,295,17.027027027027028,5.9459459459459465,11.081081081081082,82.97297297297297,3.2432432432432434,79.72972972972973
E00068080,602,78,34,44,524,9,515,12.956810631229235,5.647840531561462,7.308970099667775,87.04318936877077,1.495016611295681,85.54817275747509
E00068081,287,92,52,40,195,12,183,32.05574912891986,18.118466898954704,13.937282229965156,67.94425087108013,4.181184668989547,63.76306620209059
E00068082,419,61,29,32,358,15,343,14.558472553699284,6.921241050119331,7.637231503579953,85.44152744630071,3.579952267303103,81.86157517899761
E00068083,309,56,29,27,253,12,241,18.12297734627832,9.385113268608414,8.737864077669903,81.87702265372168,3.8834951456310676,77.99352750809061
E00068084,493,67,36,31,426,15,411,13.590263691683571,7.302231237322515,6.288032454361055,86.40973630831643,3.0425963488843815,83.36713995943205
E00068085,259,43,17,26,216,19,197,16.602316602316602,6.563706563706563,10.038610038610038,83.3976833976834,7.335907335907336,76.06177606177607
E00068086,463,68,35,33,395,8,387,14.686825053995682,7.559395248380129,7.127429805615551,85.31317494600432,1.7278617710583155,83.58531317494601
E00068087,406,59,29,30,347,9,338,14.532019704433496,7.142857142857142,7.389162561576355,85.4679802955665,2.2167487684729066,83.2512315270936
E00068088,359,68,42,26,291,8,283,18.94150417827298,11.699164345403899,7.242339832869081,81.05849582172702,2.2284122562674096,78.8300835654596
E00068089,515,69,28,41,446,18,428,13.398058252427184,5.436893203883495,7.961165048543689,86.60194174757282,3.4951456310679614,83.10679611650485
E00068090,414,69,29,40,345,9,336,16.666666666666664,7.004830917874397,9.66183574879227,83.33333333333334,2.1739130434782608,81.15942028985508
E00068091,258,59,29,30,199,11,188,22.868217054263564,11.24031007751938,11.627906976744185,77.13178294573643,4.263565891472868,72.86821705426357
E00068092,467,78,43,35,389,6,383,16.70235546038544,9.207708779443255,7.494646680942184,83.29764453961455,1.284796573875803,82.01284796573876
E00068093,502,82,49,33,420,14,406,16.334661354581673,9.760956175298805,6.573705179282868,83.66533864541833,2.788844621513944,80.87649402390437
E00068094,258,49,35,14,209,7,202,18.992248062015506,13.565891472868216,5.426356589147287,81.0077519379845,2.7131782945736433,78.29457364341084
E00068097,440,50,26,24,390,17,373,11.363636363636363,5.909090909090909,5.454545454545454,88.63636363636364,3.8636363636363633,84.77272727272728
E00068098,450,69,29,40,381,12,369,15.333333333333332,6.444444444444445,8.88888888888889,84.66666666666667,2.666666666666667,82
E00068099,389,70,43,27,319,8,311,17.994858611825194,11.053984575835475,6.940874035989718,82.0051413881748,2.056555269922879,79.94858611825192
E00068100,413,82,57,25,331,7,324,19.854721549636803,13.801452784503631,6.053268765133172,80.1452784503632,1.694915254237288,78.4503631961259
E00068101,300,62,31,31,238,19,219,20.666666666666668,10.333333333333334,10.333333333333334,79.33333333333333,6.333333333333334,73
E00068102,244,74,38,36,170,15,155,30.327868852459016,15.573770491803279,14.754098360655737,69.67213114754098,6.147540983606557,63.52459016393443
E00068103,355,74,38,36,281,20,261,20.845070422535212,10.704225352112676,10.140845070422536,79.15492957746478,5.633802816901409,73.52112676056338
E00068104,434,60,27,33,374,30,344,13.82488479262673,6.221198156682028,7.603686635944701,86.17511520737328,6.912442396313365,79.26267281105991
E00068105,364,65,32,33,299,20,279,17.857142857142858,8.791208791208792,9.065934065934066,82.14285714285714,5.4945054945054945,76.64835164835165
E00068106,322,54,24,30,268,17,251,16.77018633540373,7.453416149068323,9.316770186335404,83.22981366459628,5.279503105590062,77.95031055900621
E00068107,427,63,33,30,364,13,351,14.754098360655737,7.728337236533958,7.02576112412178,85.24590163934425,3.0444964871194378,82.20140515222482
E00068108,377,83,29,54,294,19,275,22.015915119363395,7.6923076923076925,14.323607427055704,77.9840848806366,5.039787798408488,72.94429708222812
E00068109,325,40,15,25,285,24,261,12.307692307692308,4.615384615384616,7.6923076923076925,87.6923076923077,7.384615384615385,80.3076923076923
E00068110,282,37,9,28,245,16,229,13.120567375886525,3.1914893617021276,9.929078014184398,86.87943262411348,5.673758865248227,81.20567375886525
E00068111,357,61,24,37,296,17,279,17.086834733893557,6.722689075630252,10.364145658263306,82.91316526610645,4.761904761904762,78.15126050420169
E00068112,287,52,22,30,235,17,218,18.118466898954704,7.665505226480835,10.452961672473867,81.8815331010453,5.923344947735192,75.9581881533101
E00068113,342,48,26,22,294,13,281,14.035087719298245,7.602339181286549,6.432748538011696,85.96491228070175,3.8011695906432745,82.16374269005848
E00068114,321,61,31,30,260,27,233,19.003115264797508,9.657320872274143,9.345794392523365,80.99688473520249,8.411214953271028,72.58566978193146
E00068115,296,62,23,39,234,15,219,20.945945945945947,7.77027027027027,13.175675675675674,79.05405405405406,5.0675675675675675,73.98648648648648
E00068116,314,44,17,27,270,11,259,14.012738853503185,5.414012738853503,8.598726114649681,85.98726114649682,3.5031847133757963,82.48407643312102
E00068117,382,59,20,39,323,18,305,15.44502617801047,5.2356020942408374,10.209424083769633,84.55497382198953,4.712041884816754,79.84293193717278
E00068118,344,52,19,33,292,12,280,15.11627906976744,5.523255813953488,9.593023255813954,84.88372093023256,3.488372093023256,81.3953488372093
E00068119,282,49,18,31,233,18,215,17.375886524822697,6.382978723404255,10.99290780141844,82.62411347517731,6.382978723404255,76.24113475177306
E00068120,361,65,21,44,296,27,269,18.005540166204987,5.8171745152354575,12.18836565096953,81.99445983379502,7.479224376731302,74.51523545706371
E00068121,253,53,22,31,200,14,186,20.948616600790515,8.695652173913043,12.25296442687747,79.05138339920948,5.533596837944664,73.51778656126481
E00068122,251,77,37,40,174,13,161,30.677290836653388,14.741035856573706,15.936254980079681,69.32270916334662,5.179282868525896,64.14342629482071
E00068123,330,39,18,21,291,26,265,11.818181818181818,5.454545454545454,6.363636363636363,88.18181818181819,7.878787878787878,80.3030303030303
E00068124,367,61,35,26,306,12,294,16.62125340599455,9.536784741144414,7.084468664850137,83.37874659400545,3.2697547683923704,80.10899182561307
E00068125,310,83,40,43,227,19,208,26.7741935483871,12.903225806451612,13.870967741935484,73.22580645161291,6.129032258064516,67.0967741935484
E00068126,278,49,21,28,229,16,213,17.62589928057554,7.553956834532374,10.071942446043165,82.37410071942446,5.755395683453238,76.61870503597122
E00068127,188,38,9,29,150,13,137,20.212765957446805,4.787234042553192,15.425531914893616,79.7872340425532,6.914893617021277,72.87234042553192
E00068128,414,71,38,33,343,18,325,17.14975845410628,9.178743961352657,7.971014492753622,82.85024154589372,4.3478260869565215,78.50241545893721
E00068129,305,38,13,25,267,29,238,12.459016393442624,4.2622950819672125,8.19672131147541,87.54098360655738,9.508196721311474,78.0327868852459
E00068130,241,52,24,28,189,21,168,21.57676348547718,9.95850622406639,11.618257261410788,78.42323651452283,8.71369294605809,69.70954356846472
E00068131,243,53,26,27,190,18,172,21.810699588477366,10.699588477366255,11.11111111111111,78.18930041152264,7.4074074074074066,70.78189300411523
E00068132,405,52,21,31,353,30,323,12.839506172839506,5.185185185185185,7.654320987654321,87.1604938271605,7.4074074074074066,79.75308641975309
E00068133,209,63,35,28,146,10,136,30.14354066985646,16.74641148325359,13.397129186602871,69.85645933014354,4.784688995215311,65.07177033492823
E00068134,344,70,31,39,274,17,257,20.348837209302324,9.011627906976743,11.337209302325581,79.65116279069767,4.941860465116279,74.70930232558139
E00068135,252,58,30,28,194,10,184,23.015873015873016,11.904761904761903,11.11111111111111,76.98412698412699,3.968253968253968,73.01587301587301
E00068136,376,65,24,41,311,13,298,17.287234042553195,6.382978723404255,10.904255319148938,82.7127659574468,3.4574468085106385,79.25531914893617
E00068137,348,76,33,43,272,19,253,21.839080459770116,9.482758620689655,12.35632183908046,78.16091954022988,5.459770114942529,72.70114942528735
E00068138,342,57,27,30,285,15,270,16.666666666666664,7.894736842105263,8.771929824561402,83.33333333333334,4.385964912280701,78.94736842105263
E00068139,328,88,42,46,240,22,218,26.82926829268293,12.804878048780488,14.02439024390244,73.17073170731707,6.707317073170732,66.46341463414635
E00068140,379,47,16,31,332,20,312,12.401055408970976,4.221635883905013,8.179419525065963,87.59894459102902,5.277044854881266,82.32189973614776
E00068141,372,66,26,40,306,18,288,17.741935483870968,6.989247311827956,10.75268817204301,82.25806451612904,4.838709677419355,77.41935483870968
E00068142,302,66,29,37,236,23,213,21.85430463576159,9.602649006622517,12.251655629139073,78.1456953642384,7.6158940397351,70.52980132450331
E00068143,292,43,17,26,249,22,227,14.726027397260275,5.821917808219178,8.904109589041095,85.27397260273972,7.534246575342466,77.73972602739725
E00068144,248,58,38,20,190,14,176,23.387096774193548,15.32258064516129,8.064516129032258,76.61290322580645,5.64516129032258,70.96774193548387
E00068145,345,73,26,47,272,23,249,21.15942028985507,7.536231884057972,13.623188405797102,78.84057971014494,6.666666666666667,72.17391304347827
E00068146,352,85,37,48,267,17,250,24.147727272727273,10.511363636363637,13.636363636363635,75.85227272727273,4.829545454545454,71.02272727272727
E00068147,282,72,38,34,210,14,196,25.53191489361702,13.47517730496454,12.056737588652481,74.46808510638297,4.964539007092199,69.50354609929079
E00068148,338,86,39,47,252,15,237,25.443786982248522,11.538461538461538,13.905325443786982,74.55621301775149,4.437869822485207,70.11834319526628
E00068149,295,75,39,36,220,17,203,25.423728813559322,13.220338983050848,12.203389830508476,74.57627118644068,5.762711864406779,68.8135593220339
E00068150,322,47,14,33,275,18,257,14.596273291925465,4.3478260869565215,10.248447204968944,85.40372670807453,5.590062111801243,79.8136645962733
E00068151,334,73,31,42,261,20,241,21.856287425149702,9.281437125748502,12.574850299401197,78.1437125748503,5.9880239520958085,72.15568862275448
E00068152,334,69,32,37,265,23,242,20.65868263473054,9.580838323353294,11.077844311377245,79.34131736526946,6.88622754491018,72.45508982035929
E00068153,323,64,29,35,259,25,234,19.814241486068113,8.978328173374612,10.8359133126935,80.18575851393189,7.739938080495357,72.44582043343654
E00068154,281,71,39,32,210,13,197,25.26690391459075,13.87900355871886,11.387900355871885,74.73309608540926,4.6263345195729535,70.1067615658363
E00068155,302,89,51,38,213,16,197,29.47019867549669,16.887417218543046,12.582781456953644,70.52980132450331,5.298013245033113,65.23178807947019
E00068156,301,46,20,26,255,20,235,15.282392026578073,6.64451827242525,8.637873754152823,84.71760797342192,6.64451827242525,78.07308970099668
E00068157,392,75,37,38,317,11,306,19.132653061224488,9.438775510204081,9.693877551020408,80.86734693877551,2.806122448979592,78.06122448979592
E00068158,542,83,38,45,459,21,438,15.313653136531366,7.011070110701106,8.302583025830259,84.68634686346863,3.8745387453874542,80.81180811808119
E00068159,288,48,20,28,240,12,228,16.666666666666664,6.944444444444445,9.722222222222223,83.33333333333334,4.166666666666666,79.16666666666666
E00068160,308,69,34,35,239,14,225,22.4025974025974,11.03896103896104,11.363636363636363,77.59740259740259,4.545454545454546,73.05194805194806
E00068161,298,66,26,40,232,18,214,22.14765100671141,8.724832214765101,13.422818791946309,77.85234899328859,6.0402684563758395,71.81208053691275
E00068162,292,51,26,25,241,22,219,17.465753424657535,8.904109589041095,8.561643835616438,82.53424657534246,7.534246575342466,75
E00068163,281,68,33,35,213,21,192,24.199288256227756,11.743772241992882,12.455516014234876,75.80071174377224,7.473309608540925,68.32740213523132
E00068164,307,44,22,22,263,19,244,14.332247557003258,7.166123778501629,7.166123778501629,85.66775244299674,6.188925081433225,79.47882736156352
E00068165,249,85,43,42,164,19,145,34.13654618473896,17.269076305220885,16.867469879518072,65.86345381526104,7.630522088353414,58.23293172690763
E00068166,463,82,36,46,381,15,366,17.71058315334773,7.775377969762419,9.935205183585314,82.28941684665226,3.2397408207343417,79.04967602591793
E00068167,300,75,31,44,225,25,200,25,10.333333333333334,14.666666666666666,75,8.333333333333332,66.66666666666666
E00068168,289,60,21,39,229,12,217,20.761245674740483,7.26643598615917,13.494809688581316,79.23875432525952,4.1522491349480966,75.08650519031141
E00068169,317,66,37,29,251,22,229,20.82018927444795,11.67192429022082,9.14826498422713,79.17981072555204,6.940063091482649,72.2397476340694
E00068170,324,92,48,44,232,7,225,28.39506172839506,14.814814814814813,13.580246913580247,71.60493827160494,2.1604938271604937,69.44444444444444
E00068171,296,65,31,34,231,5,226,21.95945945945946,10.472972972972974,11.486486486486488,78.04054054054053,1.6891891891891893,76.35135135135135
E00068172,317,80,32,48,237,13,224,25.236593059936908,10.094637223974763,15.141955835962145,74.76340694006309,4.100946372239748,70.66246056782335
E00068173,287,51,28,23,236,21,215,17.770034843205575,9.75609756097561,8.013937282229964,82.22996515679442,7.317073170731707,74.91289198606272
E00068174,340,60,25,35,280,18,262,17.647058823529413,7.352941176470589,10.294117647058822,82.35294117647058,5.294117647058823,77.05882352941177
E00068175,313,96,52,44,217,14,203,30.670926517571885,16.61341853035144,14.057507987220447,69.32907348242811,4.472843450479233,64.85623003194888
E00068176,323,60,20,40,263,15,248,18.575851393188856,6.191950464396285,12.38390092879257,81.42414860681114,4.643962848297214,76.78018575851394
E00068177,355,58,29,29,297,14,283,16.338028169014084,8.169014084507042,8.169014084507042,83.66197183098592,3.943661971830986,79.71830985915493
E00068178,334,128,68,60,206,15,191,38.32335329341318,20.359281437125748,17.964071856287426,61.67664670658682,4.491017964071856,57.18562874251497
E00068179,354,48,18,30,306,18,288,13.559322033898304,5.084745762711865,8.47457627118644,86.4406779661017,5.084745762711865,81.35593220338984
E00068180,224,45,11,34,179,10,169,20.089285714285715,4.910714285714286,15.178571428571427,79.91071428571429,4.464285714285714,75.44642857142857
E00068181,310,48,20,28,262,31,231,15.483870967741936,6.451612903225806,9.032258064516128,84.51612903225806,10,74.51612903225806
E00068182,325,54,22,32,271,28,243,16.615384615384617,6.769230769230769,9.846153846153847,83.38461538461537,8.615384615384615,74.76923076923076
E00068183,319,50,21,29,269,23,246,15.673981191222571,6.583072100313479,9.090909090909092,84.32601880877742,7.210031347962382,77.11598746081505
E00068184,281,99,64,35,182,18,164,35.231316725978644,22.77580071174377,12.455516014234876,64.76868327402136,6.405693950177936,58.362989323843415
E00068185,265,53,26,27,212,15,197,20,9.811320754716983,10.18867924528302,80,5.660377358490567,74.33962264150942
E00068186,258,50,17,33,208,24,184,19.379844961240313,6.5891472868217065,12.790697674418606,80.62015503875969,9.30232558139535,71.31782945736434
E00068187,242,65,32,33,177,4,173,26.859504132231404,13.223140495867769,13.636363636363635,73.14049586776859,1.6528925619834711,71.48760330578511
E00068188,300,51,21,30,249,18,231,17,7.000000000000001,10,83,6,77
E00068189,270,35,10,25,235,28,207,12.962962962962962,3.7037037037037033,9.25925925925926,87.03703703703704,10.37037037037037,76.66666666666667
E00068190,352,65,30,35,287,15,272,18.46590909090909,8.522727272727272,9.943181818181818,81.5340909090909,4.261363636363636,77.27272727272727
E00068191,301,59,22,37,242,23,219,19.601328903654487,7.308970099667775,12.29235880398671,80.39867109634552,7.641196013289036,72.75747508305648
E00068192,281,65,19,46,216,30,186,23.131672597864767,6.761565836298933,16.370106761565836,76.86832740213522,10.676156583629894,66.19217081850533
E00068193,332,49,18,31,283,21,262,14.759036144578314,5.421686746987952,9.33734939759036,85.2409638554217,6.325301204819277,78.91566265060241
E00068194,333,75,26,49,258,20,238,22.52252252252252,7.807807807807808,14.714714714714713,77.47747747747748,6.006006006006006,71.47147147147147
E00068195,285,51,18,33,234,24,210,17.894736842105264,6.315789473684211,11.578947368421053,82.10526315789474,8.421052631578947,73.68421052631578
E00068196,349,75,35,40,274,27,247,21.48997134670487,10.028653295128938,11.461318051575931,78.51002865329512,7.736389684813753,70.77363896848138
E00068197,349,57,25,32,292,32,260,16.332378223495702,7.163323782234957,9.169054441260744,83.66762177650429,9.169054441260744,74.49856733524355
E00068198,312,78,34,44,234,20,214,25,10.897435897435898,14.102564102564102,75,6.41025641025641,68.58974358974359
E00068199,257,52,22,30,205,17,188,20.233463035019454,8.560311284046692,11.673151750972762,79.76653696498055,6.614785992217899,73.15175097276264
E00068200,294,46,18,28,248,16,232,15.646258503401361,6.122448979591836,9.523809523809524,84.35374149659864,5.442176870748299,78.91156462585033
E00068201,260,51,19,32,209,16,193,19.615384615384617,7.307692307692308,12.307692307692308,80.38461538461539,6.153846153846154,74.23076923076923
E00068202,288,54,29,25,234,11,223,18.75,10.069444444444445,8.680555555555555,81.25,3.8194444444444446,77.43055555555556
E00068203,327,72,26,46,255,15,240,22.018348623853214,7.951070336391437,14.067278287461773,77.98165137614679,4.587155963302752,73.39449541284404
E00068204,271,63,21,42,208,21,187,23.247232472324722,7.7490774907749085,15.498154981549817,76.75276752767527,7.7490774907749085,69.00369003690037
E00068205,270,78,42,36,192,22,170,28.888888888888886,15.555555555555555,13.333333333333334,71.11111111111111,8.148148148148149,62.96296296296296
E00068206,375,72,33,39,303,17,286,19.2,8.799999999999999,10.4,80.80000000000001,4.533333333333333,76.26666666666667
E00068207,258,64,36,28,194,22,172,24.8062015503876,13.953488372093023,10.852713178294573,75.1937984496124,8.527131782945736,66.66666666666666
E00068208,289,57,27,30,232,15,217,19.72318339100346,9.342560553633218,10.380622837370241,80.27681660899654,5.190311418685121,75.08650519031141
E00068209,350,64,23,41,286,19,267,18.285714285714285,6.571428571428571,11.714285714285715,81.71428571428572,5.428571428571429,76.28571428571429
E00068210,320,91,45,46,229,18,211,28.4375,14.0625,14.374999999999998,71.5625,5.625,65.9375
E00068211,314,74,34,40,240,20,220,23.56687898089172,10.828025477707007,12.738853503184714,76.43312101910828,6.369426751592357,70.06369426751591
E00068212,356,59,25,34,297,34,263,16.573033707865168,7.02247191011236,9.550561797752808,83.42696629213484,9.550561797752808,73.87640449438202
E00068213,280,72,31,41,208,25,183,25.71428571428571,11.071428571428571,14.642857142857144,74.28571428571429,8.928571428571429,65.35714285714286
E00068214,311,61,26,35,250,12,238,19.614147909967848,8.360128617363344,11.254019292604502,80.38585209003215,3.858520900321544,76.52733118971061
E00068215,362,67,31,36,295,28,267,18.50828729281768,8.56353591160221,9.94475138121547,81.49171270718232,7.734806629834254,73.75690607734806
E00068216,316,46,19,27,270,20,250,14.556962025316455,6.012658227848101,8.544303797468354,85.44303797468355,6.329113924050633,79.11392405063292
E00068217,348,58,17,41,290,31,259,16.666666666666664,4.885057471264368,11.781609195402298,83.33333333333334,8.908045977011495,74.42528735632183
E00068218,350,68,25,43,282,22,260,19.428571428571427,7.142857142857142,12.285714285714286,80.57142857142857,6.2857142857142865,74.28571428571429
E00068219,346,43,17,26,303,15,288,12.427745664739884,4.913294797687861,7.514450867052023,87.57225433526011,4.335260115606936,83.23699421965318
E00068220,299,74,39,35,225,18,207,24.74916387959866,13.043478260869565,11.705685618729097,75.25083612040135,6.0200668896321075,69.23076923076923
E00068221,249,55,24,31,194,14,180,22.08835341365462,9.63855421686747,12.449799196787147,77.91164658634538,5.622489959839357,72.28915662650603
E00068222,343,90,44,46,253,16,237,26.239067055393583,12.82798833819242,13.411078717201166,73.76093294460642,4.664723032069971,69.09620991253644
E00068223,311,70,28,42,241,13,228,22.508038585209004,9.003215434083602,13.504823151125404,77.491961414791,4.180064308681672,73.31189710610933
E00068224,304,76,37,39,228,14,214,25,12.171052631578947,12.828947368421053,75,4.605263157894736,70.39473684210526
E00068225,259,71,37,34,188,12,176,27.413127413127413,14.285714285714285,13.127413127413126,72.58687258687259,4.633204633204633,67.95366795366795
E00068226,280,63,25,38,217,15,202,22.5,8.928571428571429,13.571428571428571,77.5,5.357142857142857,72.14285714285714
E00068227,367,73,35,38,294,14,280,19.891008174386922,9.536784741144414,10.354223433242508,80.10899182561307,3.8147138964577656,76.29427792915531
E00068228,323,74,37,37,249,19,230,22.910216718266255,11.455108359133128,11.455108359133128,77.08978328173374,5.88235294117647,71.20743034055728
E00068229,328,81,40,41,247,20,227,24.695121951219512,12.195121951219512,12.5,75.3048780487805,6.097560975609756,69.20731707317073
E00068230,303,70,24,46,233,28,205,23.1023102310231,7.920792079207921,15.181518151815181,76.89768976897689,9.24092409240924,67.65676567656766
E00068231,380,81,39,42,299,22,277,21.31578947368421,10.263157894736842,11.052631578947368,78.6842105263158,5.7894736842105265,72.89473684210527
E00068232,229,52,17,35,177,14,163,22.707423580786028,7.423580786026202,15.283842794759824,77.29257641921397,6.11353711790393,71.17903930131004
E00068233,501,78,25,53,423,37,386,15.568862275449103,4.990019960079841,10.578842315369261,84.4311377245509,7.385229540918163,77.04590818363273
E00068234,457,66,23,43,391,38,353,14.442013129102845,5.032822757111598,9.409190371991247,85.55798687089715,8.315098468271334,77.24288840262582
E00068235,368,73,26,47,295,20,275,19.83695652173913,7.065217391304348,12.771739130434783,80.16304347826086,5.434782608695652,74.72826086956522
E00068236,315,55,23,32,260,24,236,17.46031746031746,7.301587301587302,10.158730158730158,82.53968253968253,7.6190476190476195,74.92063492063492
E00068237,391,55,20,35,336,27,309,14.066496163682865,5.115089514066496,8.951406649616368,85.93350383631714,6.905370843989769,79.02813299232737
E00068238,273,64,27,37,209,14,195,23.44322344322344,9.89010989010989,13.553113553113553,76.55677655677655,5.128205128205128,71.42857142857143
E00068239,469,87,36,51,382,26,356,18.550106609808104,7.675906183368871,10.874200426439232,81.4498933901919,5.543710021321962,75.90618336886993
E00068241,337,81,39,42,256,19,237,24.03560830860534,11.572700296735905,12.462908011869436,75.96439169139467,5.637982195845697,70.32640949554896
E00068242,440,79,33,46,361,33,328,17.954545454545453,7.5,10.454545454545453,82.04545454545455,7.5,74.54545454545455
E00068243,242,51,25,26,191,12,179,21.074380165289256,10.330578512396695,10.743801652892563,78.92561983471074,4.958677685950414,73.96694214876032
E00068244,552,48,19,29,504,38,466,8.695652173913043,3.4420289855072466,5.253623188405797,91.30434782608695,6.884057971014493,84.42028985507247
E00068245,257,68,32,36,189,20,169,26.459143968871597,12.45136186770428,14.007782101167315,73.54085603112841,7.782101167315175,65.75875486381322
E00068246,367,57,29,28,310,21,289,15.531335149863759,7.901907356948229,7.629427792915531,84.46866485013625,5.722070844686648,78.7465940054496
E00068247,348,76,25,51,272,13,259,21.839080459770116,7.183908045977011,14.655172413793101,78.16091954022988,3.7356321839080464,74.42528735632183
E00068248,319,91,41,50,228,12,216,28.526645768025077,12.852664576802509,15.673981191222571,71.47335423197492,3.761755485893417,67.7115987460815
E00068249,388,78,31,47,310,35,275,20.103092783505154,7.989690721649484,12.11340206185567,79.89690721649485,9.02061855670103,70.87628865979381
E00068250,386,82,36,46,304,30,274,21.243523316062177,9.32642487046632,11.917098445595855,78.75647668393782,7.772020725388601,70.98445595854922
E00068252,211,75,34,41,136,18,118,35.54502369668246,16.113744075829384,19.431279620853083,64.45497630331754,8.530805687203792,55.92417061611374
E00068253,238,98,48,50,140,16,124,41.17647058823529,20.168067226890756,21.008403361344538,58.82352941176471,6.722689075630252,52.10084033613446
E00068254,292,47,19,28,245,15,230,16.095890410958905,6.506849315068493,9.58904109589041,83.9041095890411,5.136986301369863,78.76712328767124
E00068255,367,89,54,35,278,24,254,24.250681198910083,14.713896457765669,9.536784741144414,75.74931880108991,6.539509536784741,69.20980926430518
E00068256,145,69,35,34,76,6,70,47.58620689655172,24.137931034482758,23.448275862068964,52.41379310344828,4.137931034482759,48.275862068965516
E00068257,202,60,33,27,142,8,134,29.7029702970297,16.33663366336634,13.366336633663368,70.29702970297029,3.9603960396039604,66.33663366336634
E00068258,117,29,13,16,88,7,81,24.786324786324787,11.11111111111111,13.675213675213676,75.21367521367522,5.982905982905983,69.23076923076923
E00068259,350,85,47,38,265,14,251,24.285714285714285,13.428571428571429,10.857142857142858,75.71428571428571,4,71.71428571428572
E00068260,226,44,15,29,182,11,171,19.469026548672566,6.637168141592921,12.831858407079647,80.53097345132744,4.867256637168142,75.66371681415929
E00068261,344,58,27,31,286,30,256,16.86046511627907,7.848837209302325,9.011627906976743,83.13953488372093,8.720930232558139,74.4186046511628
E00068262,197,36,6,30,161,22,139,18.274111675126903,3.0456852791878175,15.228426395939088,81.7258883248731,11.16751269035533,70.55837563451777
E00068263,280,41,20,21,239,22,217,14.642857142857144,7.142857142857142,7.5,85.35714285714285,7.857142857142857,77.5
E00068265,292,32,12,20,260,30,230,10.95890410958904,4.10958904109589,6.8493150684931505,89.04109589041096,10.273972602739725,78.76712328767124
E00068266,273,34,7,27,239,30,209,12.454212454212454,2.564102564102564,9.89010989010989,87.54578754578755,10.989010989010989,76.55677655677655
E00068267,310,57,20,37,253,19,234,18.387096774193548,6.451612903225806,11.935483870967742,81.61290322580645,6.129032258064516,75.48387096774194
E00068268,260,51,21,30,209,23,186,19.615384615384617,8.076923076923077,11.538461538461538,80.38461538461539,8.846153846153847,71.53846153846153
E00068269,220,46,22,24,174,10,164,20.909090909090907,10,10.909090909090908,79.0909090909091,4.545454545454546,74.54545454545455
E00068270,258,54,20,34,204,21,183,20.930232558139537,7.751937984496124,13.178294573643413,79.06976744186046,8.13953488372093,70.93023255813954
E00068271,227,31,11,20,196,19,177,13.656387665198238,4.845814977973569,8.81057268722467,86.34361233480176,8.370044052863436,77.97356828193833
E00068272,310,48,11,37,262,29,233,15.483870967741936,3.5483870967741935,11.935483870967742,84.51612903225806,9.35483870967742,75.16129032258064
E00068273,300,47,14,33,253,19,234,15.666666666666668,4.666666666666667,11,84.33333333333334,6.333333333333334,78
E00068274,294,30,11,19,264,23,241,10.204081632653061,3.741496598639456,6.462585034013606,89.79591836734694,7.8231292517006805,81.97278911564626
E00068275,292,75,39,36,217,21,196,25.684931506849317,13.356164383561644,12.32876712328767,74.31506849315068,7.191780821917808,67.12328767123287
E00068276,281,74,42,32,207,25,182,26.334519572953734,14.94661921708185,11.387900355871885,73.66548042704626,8.896797153024911,64.76868327402136
E00068277,270,61,27,34,209,12,197,22.59259259259259,10,12.592592592592592,77.4074074074074,4.444444444444445,72.96296296296296
E00068278,286,83,45,38,203,20,183,29.02097902097902,15.734265734265735,13.286713286713287,70.97902097902097,6.993006993006993,63.98601398601399
E00068279,438,93,40,53,345,43,302,21.232876712328768,9.1324200913242,12.100456621004566,78.76712328767124,9.817351598173515,68.94977168949772
E00068280,309,54,16,38,255,24,231,17.475728155339805,5.177993527508091,12.297734627831716,82.52427184466019,7.766990291262135,74.75728155339806
E00068281,369,38,7,31,331,36,295,10.29810298102981,1.8970189701897018,8.401084010840108,89.70189701897019,9.75609756097561,79.94579945799458
E00068282,344,46,7,39,298,35,263,13.372093023255813,2.0348837209302326,11.337209302325581,86.62790697674419,10.174418604651162,76.45348837209302
E00068283,367,86,49,37,281,20,261,23.43324250681199,13.35149863760218,10.08174386920981,76.566757493188,5.449591280653951,71.11716621253406
E00068284,272,44,7,37,228,28,200,16.176470588235293,2.5735294117647056,13.602941176470587,83.82352941176471,10.294117647058822,73.52941176470588
E00068285,417,53,25,28,364,28,336,12.709832134292565,5.995203836930456,6.71462829736211,87.29016786570743,6.71462829736211,80.57553956834532
E00068286,205,44,15,29,161,21,140,21.463414634146343,7.317073170731707,14.146341463414632,78.53658536585367,10.24390243902439,68.29268292682927
E00068287,325,46,13,33,279,35,244,14.153846153846153,4,10.153846153846153,85.84615384615385,10.76923076923077,75.07692307692308
E00068288,290,48,12,36,242,30,212,16.551724137931036,4.137931034482759,12.413793103448276,83.44827586206897,10.344827586206897,73.10344827586206
E00068289,267,68,29,39,199,15,184,25.468164794007492,10.861423220973784,14.606741573033707,74.53183520599251,5.617977528089887,68.91385767790263
E00068290,357,48,23,25,309,24,285,13.445378151260504,6.442577030812324,7.002801120448179,86.5546218487395,6.722689075630252,79.83193277310924
E00068291,329,69,33,36,260,30,230,20.972644376899694,10.030395136778116,10.94224924012158,79.0273556231003,9.118541033434651,69.90881458966565
E00068292,289,43,13,30,246,21,225,14.878892733564014,4.498269896193772,10.380622837370241,85.12110726643598,7.26643598615917,77.85467128027682
E00068293,371,75,24,51,296,27,269,20.21563342318059,6.46900269541779,13.746630727762804,79.78436657681941,7.277628032345014,72.50673854447439
E00068294,272,66,28,38,206,15,191,24.264705882352942,10.294117647058822,13.970588235294118,75.73529411764706,5.514705882352941,70.22058823529412
E00068295,162,50,35,15,112,14,98,30.864197530864196,21.604938271604937,9.25925925925926,69.1358024691358,8.641975308641975,60.49382716049383
E00068296,338,138,73,65,200,24,176,40.828402366863905,21.597633136094675,19.230769230769234,59.171597633136095,7.100591715976331,52.071005917159766
E00068297,191,70,29,41,121,10,111,36.64921465968586,15.18324607329843,21.465968586387437,63.35078534031413,5.2356020942408374,58.1151832460733
E00068298,324,85,43,42,239,20,219,26.234567901234566,13.271604938271606,12.962962962962962,73.76543209876543,6.172839506172839,67.5925925925926
E00068299,163,44,14,30,119,5,114,26.993865030674847,8.588957055214724,18.404907975460123,73.00613496932516,3.067484662576687,69.93865030674846
E00068301,274,92,54,38,182,12,170,33.57664233576642,19.708029197080293,13.86861313868613,66.42335766423358,4.37956204379562,62.04379562043796
E00068302,342,66,18,48,276,38,238,19.298245614035086,5.263157894736842,14.035087719298245,80.7017543859649,11.11111111111111,69.5906432748538
E00068303,434,100,36,64,334,32,302,23.04147465437788,8.294930875576037,14.746543778801843,76.95852534562212,7.373271889400922,69.5852534562212
E00068304,353,85,41,44,268,27,241,24.07932011331445,11.614730878186968,12.464589235127479,75.92067988668555,7.64872521246459,68.27195467422096
E00068306,245,41,14,27,204,27,177,16.73469387755102,5.714285714285714,11.020408163265307,83.26530612244898,11.020408163265307,72.24489795918367
E00068307,328,45,15,30,283,20,263,13.719512195121952,4.573170731707317,9.146341463414634,86.28048780487805,6.097560975609756,80.1829268292683
E00068308,221,35,14,21,186,18,168,15.837104072398189,6.334841628959276,9.502262443438914,84.16289592760181,8.144796380090497,76.01809954751131
E00068309,305,36,13,23,269,22,247,11.80327868852459,4.2622950819672125,7.540983606557377,88.19672131147541,7.213114754098362,80.98360655737706
E00068310,380,50,11,39,330,40,290,13.157894736842104,2.8947368421052633,10.263157894736842,86.8421052631579,10.526315789473683,76.31578947368422
E00068312,219,47,26,21,172,14,158,21.461187214611872,11.87214611872146,9.58904109589041,78.53881278538812,6.392694063926941,72.14611872146118
E00068314,230,81,42,39,149,22,127,35.21739130434783,18.26086956521739,16.956521739130434,64.78260869565217,9.565217391304348,55.21739130434783
E00068315,322,95,45,50,227,16,211,29.503105590062113,13.975155279503104,15.527950310559005,70.4968944099379,4.968944099378882,65.527950310559
E00068316,284,39,16,23,245,21,224,13.732394366197184,5.633802816901409,8.098591549295776,86.26760563380282,7.394366197183098,78.87323943661971
E00068317,350,72,32,40,278,12,266,20.57142857142857,9.142857142857142,11.428571428571429,79.42857142857143,3.428571428571429,76
E00068318,391,93,44,49,298,27,271,23.785166240409207,11.253196930946292,12.531969309462914,76.21483375959079,6.905370843989769,69.30946291560103
E00068319,248,119,76,43,129,15,114,47.983870967741936,30.64516129032258,17.338709677419356,52.016129032258064,6.048387096774194,45.96774193548387
E00068320,290,83,48,35,207,12,195,28.620689655172416,16.551724137931036,12.068965517241379,71.37931034482759,4.137931034482759,67.24137931034483
E00068321,298,73,37,36,225,21,204,24.496644295302016,12.416107382550337,12.080536912751679,75.50335570469798,7.046979865771812,68.45637583892618
E00068322,399,89,38,51,310,26,284,22.305764411027567,9.523809523809524,12.781954887218044,77.69423558897243,6.516290726817042,71.17794486215539
E00068323,293,66,37,29,227,18,209,22.525597269624573,12.627986348122866,9.897610921501707,77.47440273037543,6.143344709897611,71.33105802047781
E00068324,288,62,28,34,226,11,215,21.52777777777778,9.722222222222223,11.805555555555555,78.47222222222221,3.8194444444444446,74.65277777777779
E00068325,277,45,24,21,232,18,214,16.24548736462094,8.664259927797833,7.581227436823104,83.75451263537906,6.4981949458483745,77.25631768953069
E00068326,370,60,24,36,310,30,280,16.216216216216218,6.486486486486487,9.72972972972973,83.78378378378379,8.108108108108109,75.67567567567568
E00068327,308,52,16,36,256,16,240,16.883116883116884,5.194805194805195,11.688311688311687,83.11688311688312,5.194805194805195,77.92207792207793
E00068328,306,49,19,30,257,16,241,16.013071895424837,6.209150326797386,9.803921568627452,83.98692810457517,5.228758169934641,78.75816993464052
E00068329,299,52,21,31,247,16,231,17.391304347826086,7.023411371237458,10.367892976588628,82.6086956521739,5.351170568561873,77.25752508361204
E00068330,346,78,33,45,268,23,245,22.54335260115607,9.53757225433526,13.005780346820808,77.45664739884393,6.6473988439306355,70.8092485549133
E00068331,290,62,27,35,228,16,212,21.379310344827587,9.310344827586208,12.068965517241379,78.62068965517241,5.517241379310345,73.10344827586206
E00068332,338,68,31,37,270,25,245,20.118343195266274,9.171597633136095,10.946745562130179,79.88165680473372,7.396449704142012,72.48520710059172
E00068333,471,92,42,50,379,13,366,19.53290870488323,8.9171974522293,10.615711252653929,80.46709129511677,2.7600849256900215,77.70700636942675
E00068334,297,76,36,40,221,32,189,25.589225589225588,12.121212121212121,13.468013468013467,74.41077441077442,10.774410774410773,63.63636363636363
E00068335,296,48,21,27,248,24,224,16.216216216216218,7.094594594594595,9.121621621621621,83.78378378378379,8.108108108108109,75.67567567567568
E00068336,267,63,33,30,204,13,191,23.595505617977526,12.359550561797752,11.235955056179774,76.40449438202246,4.868913857677903,71.53558052434457
E00068337,325,97,43,54,228,19,209,29.846153846153843,13.230769230769232,16.615384615384617,70.15384615384616,5.846153846153846,64.3076923076923
E00068338,328,78,31,47,250,23,227,23.78048780487805,9.451219512195122,14.329268292682926,76.21951219512195,7.01219512195122,69.20731707317073
E00068339,263,49,21,28,214,19,195,18.631178707224336,7.984790874524715,10.646387832699618,81.36882129277566,7.224334600760455,74.1444866920152
E00068340,218,47,19,28,171,9,162,21.55963302752294,8.715596330275229,12.844036697247708,78.44036697247707,4.128440366972478,74.31192660550458
E00068341,464,103,47,56,361,22,339,22.198275862068968,10.129310344827585,12.068965517241379,77.80172413793103,4.741379310344827,73.0603448275862
E00068342,288,84,34,50,204,16,188,29.166666666666668,11.805555555555555,17.36111111111111,70.83333333333334,5.555555555555555,65.27777777777779
E00068343,286,78,35,43,208,13,195,27.27272727272727,12.237762237762238,15.034965034965033,72.72727272727273,4.545454545454546,68.18181818181817
E00068344,396,93,39,54,303,26,277,23.484848484848484,9.848484848484848,13.636363636363635,76.51515151515152,6.565656565656567,69.94949494949495
E00068345,255,55,20,35,200,16,184,21.568627450980394,7.8431372549019605,13.725490196078432,78.43137254901961,6.2745098039215685,72.15686274509804
E00068346,292,76,36,40,216,23,193,26.027397260273972,12.32876712328767,13.698630136986301,73.97260273972603,7.876712328767123,66.0958904109589
E00068347,220,47,23,24,173,22,151,21.363636363636363,10.454545454545453,10.909090909090908,78.63636363636364,10,68.63636363636364
E00068348,388,119,78,41,269,26,243,30.670103092783506,20.103092783505154,10.56701030927835,69.3298969072165,6.701030927835052,62.628865979381445
E00068349,294,68,32,36,226,16,210,23.12925170068027,10.884353741496598,12.244897959183673,76.87074829931973,5.442176870748299,71.42857142857143
E00068350,309,38,17,21,271,15,256,12.297734627831716,5.501618122977346,6.796116504854369,87.70226537216828,4.854368932038835,82.84789644012946
E00068351,605,96,45,51,509,40,469,15.867768595041323,7.43801652892562,8.429752066115702,84.13223140495867,6.6115702479338845,77.52066115702479
E00068352,296,60,25,35,236,15,221,20.27027027027027,8.445945945945946,11.824324324324325,79.72972972972973,5.0675675675675675,74.66216216216216
E00068353,292,52,21,31,240,14,226,17.80821917808219,7.191780821917808,10.616438356164384,82.1917808219178,4.794520547945205,77.3972602739726
E00068354,274,60,37,23,214,19,195,21.897810218978105,13.503649635036496,8.394160583941606,78.1021897810219,6.934306569343065,71.16788321167883
E00068355,283,45,15,30,238,23,215,15.901060070671377,5.30035335689046,10.60070671378092,84.09893992932862,8.12720848056537,75.97173144876325
E00068356,264,51,22,29,213,9,204,19.318181818181817,8.333333333333332,10.984848484848484,80.68181818181817,3.4090909090909087,77.27272727272727
E00068357,337,54,20,34,283,23,260,16.023738872403563,5.934718100890208,10.089020771513352,83.97626112759644,6.824925816023739,77.1513353115727
E00068358,326,46,15,31,280,21,259,14.11042944785276,4.601226993865031,9.509202453987731,85.88957055214725,6.441717791411043,79.4478527607362
E00068359,330,77,41,36,253,25,228,23.333333333333332,12.424242424242424,10.909090909090908,76.66666666666667,7.575757575757576,69.0909090909091
E00068360,320,41,15,26,279,17,262,12.812499999999998,4.6875,8.125,87.1875,5.3125,81.875
E00068361,240,49,20,29,191,22,169,20.416666666666668,8.333333333333332,12.083333333333334,79.58333333333333,9.166666666666666,70.41666666666667
E00068362,315,45,20,25,270,25,245,14.285714285714285,6.349206349206349,7.936507936507936,85.71428571428571,7.936507936507936,77.77777777777779
E00068364,405,35,7,28,370,22,348,8.641975308641975,1.728395061728395,6.91358024691358,91.35802469135803,5.432098765432099,85.92592592592592
E00068365,304,66,32,34,238,17,221,21.710526315789476,10.526315789473683,11.18421052631579,78.28947368421053,5.592105263157895,72.69736842105263
E00068366,452,46,20,26,406,27,379,10.176991150442479,4.424778761061947,5.752212389380531,89.82300884955751,5.9734513274336285,83.8495575221239
E00068367,457,81,43,38,376,22,354,17.72428884026258,9.409190371991247,8.315098468271334,82.27571115973743,4.814004376367615,77.4617067833698
E00068368,428,35,12,23,393,27,366,8.177570093457943,2.803738317757009,5.373831775700935,91.82242990654206,6.308411214953271,85.51401869158879
E00068369,598,80,26,54,518,39,479,13.377926421404682,4.3478260869565215,9.03010033444816,86.62207357859532,6.521739130434782,80.10033444816054
E00068370,305,63,26,37,242,20,222,20.655737704918035,8.524590163934425,12.131147540983607,79.34426229508198,6.557377049180328,72.78688524590164
E00068371,417,43,10,33,374,31,343,10.311750599520384,2.3980815347721824,7.913669064748201,89.68824940047962,7.434052757793765,82.25419664268586
E00068372,290,44,15,29,246,17,229,15.172413793103448,5.172413793103448,10,84.82758620689656,5.862068965517241,78.96551724137932
E00068373,294,60,20,40,234,36,198,20.408163265306122,6.802721088435375,13.60544217687075,79.59183673469387,12.244897959183673,67.3469387755102
E00068374,353,62,27,35,291,38,253,17.56373937677054,7.64872521246459,9.91501416430595,82.43626062322946,10.764872521246458,71.671388101983
E00068375,234,10,1,9,224,22,202,4.273504273504273,0.4273504273504274,3.8461538461538463,95.72649572649573,9.401709401709402,86.32478632478633
E00068376,395,61,32,29,334,28,306,15.443037974683543,8.10126582278481,7.341772151898734,84.55696202531645,7.088607594936709,77.46835443037975
E00068377,401,86,50,36,315,26,289,21.44638403990025,12.468827930174564,8.977556109725686,78.55361596009975,6.483790523690773,72.06982543640898
E00068380,261,36,21,15,225,23,202,13.793103448275861,8.045977011494253,5.747126436781609,86.20689655172413,8.812260536398467,77.39463601532567
E00068381,340,47,15,32,293,21,272,13.823529411764707,4.411764705882353,9.411764705882353,86.1764705882353,6.176470588235294,80
E00068382,355,50,21,29,305,31,274,14.084507042253522,5.915492957746479,8.169014084507042,85.91549295774648,8.732394366197182,77.1830985915493
E00068383,227,86,56,30,141,20,121,37.88546255506608,24.669603524229075,13.215859030837004,62.11453744493392,8.81057268722467,53.30396475770925
E00068384,398,51,19,32,347,23,324,12.814070351758794,4.773869346733668,8.040201005025125,87.1859296482412,5.778894472361809,81.4070351758794
E00068385,341,54,19,35,287,18,269,15.835777126099707,5.571847507331378,10.263929618768328,84.1642228739003,5.278592375366569,78.88563049853371
E00068386,329,40,12,28,289,33,256,12.158054711246201,3.64741641337386,8.51063829787234,87.84194528875379,10.030395136778116,77.81155015197568
E00068387,368,60,26,34,308,25,283,16.304347826086957,7.065217391304348,9.239130434782608,83.69565217391305,6.7934782608695645,76.90217391304348
E00068388,341,48,21,27,293,27,266,14.076246334310852,6.158357771260997,7.9178885630498534,85.92375366568915,7.9178885630498534,78.00586510263929
E00068389,378,41,17,24,337,17,320,10.846560846560847,4.497354497354497,6.349206349206349,89.15343915343915,4.497354497354497,84.65608465608466
E00068390,376,59,29,30,317,35,282,15.691489361702127,7.712765957446808,7.9787234042553195,84.30851063829788,9.308510638297872,75
E00068391,422,46,20,26,376,40,336,10.90047393364929,4.739336492890995,6.161137440758294,89.0995260663507,9.47867298578199,79.62085308056872
E00068392,512,72,31,41,440,43,397,14.0625,6.0546875,8.0078125,85.9375,8.3984375,77.5390625
E00068393,521,53,16,37,468,30,438,10.17274472168906,3.071017274472169,7.1017274472168905,89.82725527831093,5.758157389635317,84.06909788867563
E00068394,417,69,28,41,348,23,325,16.546762589928058,6.71462829736211,9.832134292565947,83.45323741007195,5.515587529976019,77.93764988009593
E00068395,271,46,19,27,225,15,210,16.974169741697416,7.011070110701106,9.96309963099631,83.02583025830258,5.535055350553505,77.49077490774908
E00068396,297,50,23,27,247,19,228,16.835016835016837,7.744107744107744,9.090909090909092,83.16498316498317,6.397306397306397,76.76767676767676
E00068397,271,59,26,33,212,30,182,21.771217712177123,9.59409594095941,12.177121771217712,78.22878228782287,11.07011070110701,67.15867158671587
E00068398,327,54,18,36,273,18,255,16.51376146788991,5.5045871559633035,11.009174311926607,83.4862385321101,5.5045871559633035,77.98165137614679
E00068399,439,140,76,64,299,13,286,31.890660592255127,17.312072892938495,14.578587699316628,68.10933940774487,2.9612756264236904,65.14806378132118
E00068400,290,53,16,37,237,24,213,18.275862068965516,5.517241379310345,12.758620689655173,81.72413793103448,8.275862068965518,73.44827586206897
E00068401,302,46,9,37,256,26,230,15.2317880794702,2.980132450331126,12.251655629139073,84.76821192052981,8.609271523178808,76.15894039735099
E00068402,353,57,25,32,296,15,281,16.147308781869686,7.0821529745042495,9.06515580736544,83.85269121813032,4.2492917847025495,79.60339943342775
E00068403,468,71,18,53,397,36,361,15.17094017094017,3.8461538461538463,11.324786324786325,84.82905982905983,7.6923076923076925,77.13675213675214
E00068404,296,45,23,22,251,17,234,15.202702702702704,7.77027027027027,7.4324324324324325,84.7972972972973,5.743243243243244,79.05405405405406
E00068405,343,77,31,46,266,25,241,22.448979591836736,9.037900874635568,13.411078717201166,77.55102040816327,7.288629737609329,70.26239067055393
E00068406,258,58,27,31,200,23,177,22.48062015503876,10.465116279069768,12.015503875968992,77.51937984496125,8.914728682170542,68.6046511627907
E00068407,327,68,34,34,259,26,233,20.795107033639145,10.397553516819572,10.397553516819572,79.20489296636084,7.951070336391437,71.25382262996942
E00068408,312,68,27,41,244,13,231,21.794871794871796,8.653846153846153,13.141025641025642,78.2051282051282,4.166666666666666,74.03846153846155
E00068409,295,71,39,32,224,16,208,24.06779661016949,13.220338983050848,10.847457627118644,75.9322033898305,5.423728813559322,70.50847457627118
E00068412,319,72,31,41,247,27,220,22.570532915360502,9.717868338557993,12.852664576802509,77.4294670846395,8.463949843260188,68.96551724137932
E00068413,261,72,39,33,189,11,178,27.586206896551722,14.942528735632186,12.643678160919542,72.41379310344827,4.21455938697318,68.19923371647509
E00068414,345,63,27,36,282,18,264,18.26086956521739,7.82608695652174,10.434782608695652,81.73913043478261,5.217391304347826,76.52173913043478
E00068415,299,65,25,40,234,15,219,21.73913043478261,8.361204013377927,13.377926421404682,78.26086956521739,5.016722408026756,73.24414715719062
E00068416,224,49,19,30,175,19,156,21.875,8.482142857142858,13.392857142857142,78.125,8.482142857142858,69.64285714285714
E00068417,319,63,21,42,256,28,228,19.74921630094044,6.583072100313479,13.166144200626958,80.25078369905955,8.77742946708464,71.47335423197492
E00068418,292,68,33,35,224,20,204,23.28767123287671,11.301369863013697,11.986301369863012,76.71232876712328,6.8493150684931505,69.86301369863014
E00068419,369,86,39,47,283,15,268,23.306233062330623,10.569105691056912,12.737127371273713,76.69376693766937,4.0650406504065035,72.62872628726286
E00068420,265,52,22,30,213,19,194,19.622641509433965,8.30188679245283,11.320754716981133,80.37735849056604,7.169811320754717,73.20754716981132
E00068421,231,48,14,34,183,11,172,20.77922077922078,6.0606060606060606,14.71861471861472,79.22077922077922,4.761904761904762,74.45887445887446
E00068422,249,38,15,23,211,19,192,15.261044176706829,6.024096385542169,9.236947791164658,84.73895582329317,7.630522088353414,77.10843373493977
E00068423,304,76,44,32,228,18,210,25,14.473684210526317,10.526315789473683,75,5.921052631578947,69.07894736842105
E00068424,591,92,46,46,499,41,458,15.5668358714044,7.7834179357022,7.7834179357022,84.4331641285956,6.937394247038917,77.49576988155668
E00068425,302,59,20,39,243,24,219,19.5364238410596,6.622516556291391,12.91390728476821,80.4635761589404,7.9470198675496695,72.51655629139073
E00068426,272,69,38,31,203,26,177,25.36764705882353,13.970588235294118,11.397058823529411,74.63235294117648,9.558823529411764,65.07352941176471
E00068427,284,63,30,33,221,15,206,22.183098591549296,10.56338028169014,11.619718309859154,77.8169014084507,5.28169014084507,72.53521126760563
E00068428,353,86,35,51,267,18,249,24.362606232294617,9.91501416430595,14.44759206798867,75.63739376770539,5.099150141643059,70.53824362606233
E00068429,301,87,31,56,214,13,201,28.903654485049834,10.299003322259136,18.6046511627907,71.09634551495017,4.318936877076411,66.77740863787376
E00068430,328,59,23,36,269,16,253,17.98780487804878,7.01219512195122,10.975609756097562,82.01219512195121,4.878048780487805,77.13414634146342
E00068431,340,80,39,41,260,20,240,23.52941176470588,11.470588235294118,12.058823529411764,76.47058823529412,5.88235294117647,70.58823529411765
E00068432,277,51,30,21,226,15,211,18.4115523465704,10.830324909747292,7.581227436823104,81.58844765342961,5.415162454873646,76.17328519855594
E00068433,267,50,26,24,217,18,199,18.726591760299627,9.737827715355806,8.98876404494382,81.27340823970037,6.741573033707865,74.53183520599251
E00068434,273,64,41,23,209,22,187,23.44322344322344,15.018315018315018,8.424908424908425,76.55677655677655,8.058608058608058,68.4981684981685
E00068435,423,79,25,54,344,26,318,18.67612293144208,5.91016548463357,12.76595744680851,81.32387706855792,6.1465721040189125,75.177304964539
E00068436,398,106,45,61,292,24,268,26.633165829145728,11.306532663316583,15.326633165829145,73.36683417085426,6.030150753768844,67.33668341708542
E00068437,254,77,43,34,177,25,152,30.314960629921263,16.92913385826772,13.385826771653544,69.68503937007874,9.84251968503937,59.84251968503938
E00068438,315,61,35,26,254,8,246,19.365079365079367,11.11111111111111,8.253968253968253,80.63492063492063,2.5396825396825395,78.0952380952381
E00068439,308,68,26,42,240,19,221,22.07792207792208,8.441558441558442,13.636363636363635,77.92207792207793,6.1688311688311686,71.75324675324676
E00068440,282,77,35,42,205,26,179,27.30496453900709,12.411347517730496,14.893617021276595,72.69503546099291,9.219858156028367,63.47517730496454
E00068441,375,66,30,36,309,27,282,17.599999999999998,8,9.6,82.39999999999999,7.199999999999999,75.2
E00068442,317,60,10,50,257,24,233,18.92744479495268,3.1545741324921135,15.772870662460567,81.07255520504731,7.570977917981073,73.50157728706624
E00068443,259,46,19,27,213,20,193,17.760617760617762,7.335907335907336,10.424710424710424,82.23938223938224,7.722007722007722,74.5173745173745
E00068444,272,48,12,36,224,26,198,17.647058823529413,4.411764705882353,13.23529411764706,82.35294117647058,9.558823529411764,72.79411764705883
E00068445,319,44,16,28,275,32,243,13.793103448275861,5.015673981191222,8.77742946708464,86.20689655172413,10.031347962382444,76.17554858934169
E00068446,269,41,19,22,228,35,193,15.241635687732341,7.063197026022305,8.178438661710038,84.75836431226766,13.011152416356877,71.74721189591078
E00068447,276,47,18,29,229,20,209,17.02898550724638,6.521739130434782,10.507246376811594,82.97101449275362,7.246376811594203,75.72463768115942
E00068448,460,53,20,33,407,36,371,11.521739130434783,4.3478260869565215,7.173913043478261,88.47826086956522,7.82608695652174,80.65217391304348
E00068449,240,46,18,28,194,28,166,19.166666666666668,7.5,11.666666666666666,80.83333333333333,11.666666666666666,69.16666666666667
E00068450,275,90,48,42,185,16,169,32.72727272727273,17.454545454545457,15.272727272727273,67.27272727272727,5.818181818181818,61.45454545454545
E00068451,270,47,19,28,223,16,207,17.40740740740741,7.037037037037037,10.37037037037037,82.5925925925926,5.9259259259259265,76.66666666666667
E00068452,284,44,22,22,240,34,206,15.492957746478872,7.746478873239436,7.746478873239436,84.50704225352112,11.971830985915492,72.53521126760563
E00068453,317,55,15,40,262,30,232,17.350157728706623,4.73186119873817,12.618296529968454,82.64984227129337,9.46372239747634,73.18611987381703
E00068454,264,40,14,26,224,27,197,15.151515151515152,5.303030303030303,9.848484848484848,84.84848484848484,10.227272727272728,74.62121212121212
E00068455,447,57,23,34,390,37,353,12.751677852348994,5.1454138702460845,7.606263982102908,87.24832214765101,8.277404921700224,78.97091722595079
E00068457,242,50,22,28,192,19,173,20.66115702479339,9.090909090909092,11.570247933884298,79.33884297520662,7.851239669421488,71.48760330578511
E00068458,267,55,17,38,212,15,197,20.59925093632959,6.367041198501873,14.232209737827715,79.40074906367042,5.617977528089887,73.78277153558052
E00068459,256,39,10,29,217,24,193,15.234375,3.90625,11.328125,84.765625,9.375,75.390625
E00068460,267,60,24,36,207,28,179,22.47191011235955,8.98876404494382,13.48314606741573,77.52808988764045,10.486891385767791,67.04119850187266
E00068461,316,48,29,19,268,26,242,15.18987341772152,9.177215189873419,6.012658227848101,84.81012658227847,8.227848101265822,76.58227848101265
E00068462,306,59,33,26,247,25,222,19.28104575163399,10.784313725490197,8.49673202614379,80.71895424836602,8.169934640522875,72.54901960784314
E00068463,264,63,31,32,201,25,176,23.863636363636363,11.742424242424242,12.121212121212121,76.13636363636364,9.469696969696969,66.66666666666666
E00068465,287,53,23,30,234,22,212,18.466898954703833,8.013937282229964,10.452961672473867,81.53310104529616,7.665505226480835,73.86759581881533
E00068466,281,39,12,27,242,22,220,13.87900355871886,4.270462633451958,9.608540925266903,86.12099644128114,7.829181494661921,78.29181494661923
E00068467,189,56,24,32,133,17,116,29.629629629629626,12.698412698412698,16.93121693121693,70.37037037037037,8.994708994708994,61.37566137566137
E00068468,244,39,14,25,205,23,182,15.983606557377051,5.737704918032787,10.245901639344263,84.01639344262296,9.426229508196721,74.59016393442623
E00068469,265,43,12,31,222,21,201,16.22641509433962,4.528301886792453,11.69811320754717,83.77358490566039,7.9245283018867925,75.84905660377359
E00068470,263,31,15,16,232,22,210,11.787072243346007,5.7034220532319395,6.083650190114068,88.212927756654,8.365019011406844,79.84790874524715
E00068471,270,41,21,20,229,16,213,15.185185185185185,7.777777777777778,7.4074074074074066,84.81481481481481,5.9259259259259265,78.88888888888889
E00068472,204,46,19,27,158,19,139,22.54901960784314,9.313725490196079,13.23529411764706,77.45098039215686,9.313725490196079,68.13725490196079
E00068474,311,63,24,39,248,29,219,20.257234726688104,7.717041800643088,12.540192926045016,79.7427652733119,9.32475884244373,70.41800643086816
E00068475,323,56,14,42,267,23,244,17.3374613003096,4.3343653250774,13.003095975232199,82.6625386996904,7.120743034055728,75.54179566563467
E00068476,323,60,23,37,263,30,233,18.575851393188856,7.120743034055728,11.455108359133128,81.42414860681114,9.287925696594428,72.13622291021672
E00068477,360,58,20,38,302,23,279,16.11111111111111,5.555555555555555,10.555555555555555,83.88888888888889,6.388888888888888,77.5
E00068478,256,53,18,35,203,9,194,20.703125,7.03125,13.671875,79.296875,3.515625,75.78125
E00068479,352,79,37,42,273,30,243,22.443181818181817,10.511363636363637,11.931818181818182,77.55681818181817,8.522727272727272,69.0340909090909
E00068480,256,38,12,26,218,15,203,14.84375,4.6875,10.15625,85.15625,5.859375,79.296875
E00068481,306,66,17,49,240,32,208,21.568627450980394,5.555555555555555,16.013071895424837,78.43137254901961,10.457516339869281,67.97385620915033
E00068482,305,56,24,32,249,16,233,18.360655737704917,7.868852459016394,10.491803278688524,81.63934426229508,5.245901639344262,76.39344262295083
E00068483,273,63,34,29,210,23,187,23.076923076923077,12.454212454212454,10.622710622710622,76.92307692307693,8.424908424908425,68.4981684981685
E00068484,246,60,30,30,186,11,175,24.390243902439025,12.195121951219512,12.195121951219512,75.60975609756098,4.471544715447155,71.13821138211382
E00068485,265,44,15,29,221,17,204,16.60377358490566,5.660377358490567,10.943396226415095,83.39622641509435,6.415094339622642,76.9811320754717
E00068486,186,89,47,42,97,9,88,47.8494623655914,25.268817204301076,22.58064516129032,52.1505376344086,4.838709677419355,47.31182795698925
E00068487,528,65,28,37,463,17,446,12.31060606060606,5.303030303030303,7.007575757575757,87.68939393939394,3.2196969696969697,84.46969696969697
E00068488,559,67,29,38,492,15,477,11.985688729874775,5.18783542039356,6.797853309481217,88.01431127012522,2.6833631484794274,85.3309481216458
E00068489,457,57,16,41,400,29,371,12.472647702407002,3.50109409190372,8.971553610503284,87.527352297593,6.3457330415754925,81.1816192560175
E00068490,480,86,45,41,394,19,375,17.916666666666668,9.375,8.541666666666666,82.08333333333333,3.958333333333333,78.125
E00068491,492,82,43,39,410,26,384,16.666666666666664,8.739837398373984,7.926829268292683,83.33333333333334,5.284552845528456,78.04878048780488
E00068492,423,86,39,47,337,22,315,20.33096926713948,9.219858156028367,11.11111111111111,79.66903073286052,5.200945626477541,74.46808510638297
E00068493,493,73,37,36,420,15,405,14.807302231237324,7.505070993914807,7.302231237322515,85.19269776876268,3.0425963488843815,82.1501014198783
E00068494,562,76,44,32,486,8,478,13.523131672597867,7.829181494661921,5.6939501779359425,86.47686832740213,1.4234875444839856,85.05338078291815
E00068495,452,58,30,28,394,12,382,12.831858407079647,6.637168141592921,6.1946902654867255,87.16814159292035,2.6548672566371683,84.51327433628319
E00068496,453,37,16,21,416,15,401,8.167770419426049,3.532008830022075,4.635761589403973,91.83222958057395,3.3112582781456954,88.52097130242825
E00068497,480,100,37,63,380,23,357,20.833333333333336,7.708333333333334,13.125,79.16666666666666,4.791666666666667,74.375
E00068498,461,75,41,34,386,7,379,16.268980477223426,8.893709327548807,7.37527114967462,83.73101952277658,1.5184381778741864,82.21258134490239
E00068500,425,54,29,25,371,26,345,12.705882352941176,6.8235294117647065,5.88235294117647,87.29411764705883,6.11764705882353,81.17647058823529
E00068501,401,110,64,46,291,11,280,27.431421446384043,15.96009975062344,11.471321695760599,72.56857855361596,2.7431421446384037,69.82543640897757
E00068502,518,67,31,36,451,18,433,12.934362934362934,5.984555984555985,6.94980694980695,87.06563706563706,3.474903474903475,83.59073359073359
E00068503,396,87,45,42,309,9,300,21.96969696969697,11.363636363636363,10.606060606060606,78.03030303030303,2.272727272727273,75.75757575757575
E00068504,421,80,41,39,341,16,325,19.002375296912113,9.73871733966746,9.263657957244655,80.9976247030879,3.800475059382423,77.19714964370546
E00068505,445,57,27,30,388,14,374,12.808988764044942,6.067415730337078,6.741573033707865,87.19101123595505,3.146067415730337,84.04494382022472
E00068506,330,56,26,30,274,11,263,16.969696969696972,7.878787878787878,9.090909090909092,83.03030303030303,3.3333333333333335,79.6969696969697
E00068507,443,99,49,50,344,20,324,22.34762979683973,11.060948081264108,11.286681715575622,77.65237020316027,4.514672686230249,73.13769751693002
E00068508,116,48,29,19,68,6,62,41.37931034482759,25,16.379310344827587,58.620689655172406,5.172413793103448,53.44827586206896
E00068509,390,56,23,33,334,29,305,14.358974358974358,5.897435897435897,8.461538461538462,85.64102564102564,7.435897435897436,78.2051282051282
E00068510,407,72,30,42,335,17,318,17.69041769041769,7.371007371007371,10.319410319410318,82.30958230958231,4.176904176904177,78.13267813267814
E00068511,356,77,38,39,279,7,272,21.629213483146067,10.674157303370785,10.955056179775282,78.37078651685393,1.9662921348314606,76.40449438202246
E00068512,520,130,77,53,390,21,369,25,14.807692307692308,10.192307692307692,75,4.038461538461538,70.96153846153847
E00068513,340,37,17,20,303,17,286,10.882352941176471,5,5.88235294117647,89.11764705882354,5,84.11764705882354
E00068514,402,69,33,36,333,18,315,17.16417910447761,8.208955223880597,8.955223880597014,82.83582089552239,4.477611940298507,78.35820895522389
E00068515,431,44,19,25,387,12,375,10.208816705336426,4.408352668213457,5.800464037122969,89.79118329466357,2.784222737819025,87.00696055684455
E00068516,527,59,29,30,468,22,446,11.195445920303605,5.502846299810247,5.692599620493358,88.8045540796964,4.174573055028463,84.62998102466793
E00068517,615,73,33,40,542,24,518,11.869918699186991,5.365853658536586,6.504065040650407,88.13008130081302,3.902439024390244,84.22764227642277
E00068518,360,82,53,29,278,21,257,22.77777777777778,14.722222222222223,8.055555555555555,77.22222222222223,5.833333333333333,71.38888888888889
E00068519,361,94,46,48,267,17,250,26.038781163434905,12.742382271468145,13.29639889196676,73.9612188365651,4.7091412742382275,69.25207756232687
E00068520,552,68,38,30,484,23,461,12.318840579710146,6.884057971014493,5.434782608695652,87.68115942028986,4.166666666666666,83.51449275362319
E00068521,603,75,32,43,528,23,505,12.437810945273633,5.306799336650083,7.131011608623548,87.56218905472637,3.814262023217247,83.74792703150912
E00068522,469,57,29,28,412,11,401,12.153518123667377,6.183368869936034,5.970149253731343,87.84648187633263,2.345415778251599,85.50106609808103
E00068523,403,57,28,29,346,15,331,14.1439205955335,6.9478908188585615,7.196029776674938,85.8560794044665,3.722084367245657,82.13399503722084
E00068524,616,83,40,43,533,13,520,13.474025974025974,6.493506493506493,6.98051948051948,86.52597402597402,2.1103896103896105,84.4155844155844
E00068525,607,86,47,39,521,9,512,14.168039538714991,7.742998352553541,6.425041186161449,85.831960461285007,1.4827018121911038,84.34925864909391
E00068526,612,75,31,44,537,18,519,12.254901960784313,5.065359477124183,7.18954248366013,87.74509803921569,2.941176470588235,84.80392156862744
E00068527,609,71,35,36,538,16,522,11.658456486042693,5.747126436781609,5.911330049261084,88.3415435139573,2.6272577996715927,85.71428571428571
E00068528,620,83,40,43,537,9,528,13.38709677419355,6.451612903225806,6.935483870967742,86.61290322580645,1.4516129032258065,85.16129032258064
E00068529,294,72,25,47,222,19,203,24.489795918367346,8.503401360544217,15.98639455782313,75.51020408163265,6.462585034013606,69.04761904761905
E00068530,331,41,19,22,290,34,256,12.386706948640484,5.740181268882175,6.646525679758309,87.61329305135952,10.27190332326284,77.34138972809667
E00068532,275,49,15,34,226,27,199,17.81818181818182,5.454545454545454,12.363636363636363,82.18181818181817,9.818181818181818,72.36363636363636
E00068533,260,33,12,21,227,20,207,12.692307692307692,4.615384615384616,8.076923076923077,87.3076923076923,7.6923076923076925,79.61538461538461
E00068534,286,32,13,19,254,27,227,11.188811188811188,4.545454545454546,6.643356643356643,88.81118881118881,9.44055944055944,79.37062937062937
E00068535,293,43,13,30,250,28,222,14.675767918088736,4.436860068259386,10.238907849829351,85.32423208191126,9.556313993174061,75.76791808873719
E00068537,320,44,17,27,276,28,248,13.750000000000002,5.3125,8.4375,86.25,8.75,77.5
E00068538,371,47,12,35,324,28,296,12.668463611859837,3.234501347708895,9.433962264150944,87.33153638814017,7.547169811320755,79.78436657681941
E00068539,413,59,19,40,354,32,322,14.285714285714285,4.600484261501211,9.685230024213075,85.71428571428571,7.74818401937046,77.96610169491525
E00068540,532,67,20,47,465,52,413,12.593984962406015,3.7593984962406015,8.834586466165414,87.40601503759399,9.774436090225564,77.63157894736842
E00068541,327,60,22,38,267,30,237,18.34862385321101,6.727828746177369,11.62079510703364,81.65137614678899,9.174311926605505,72.47706422018348
E00068543,229,40,14,26,189,16,173,17.46724890829694,6.11353711790393,11.353711790393014,82.53275109170306,6.986899563318777,75.54585152838428
E00068544,385,50,14,36,335,35,300,12.987012987012985,3.6363636363636362,9.35064935064935,87.01298701298701,9.090909090909092,77.92207792207793
E00068545,150,22,4,18,128,12,116,14.666666666666666,2.666666666666667,12,85.33333333333334,8,77.33333333333333
E00068546,185,23,7,16,162,20,142,12.432432432432433,3.783783783783784,8.64864864864865,87.56756756756758,10.81081081081081,76.75675675675676
E00068547,288,41,15,26,247,25,222,14.23611111111111,5.208333333333334,9.027777777777777,85.76388888888889,8.680555555555555,77.08333333333334
E00068548,216,45,15,30,171,18,153,20.833333333333336,6.944444444444445,13.88888888888889,79.16666666666666,8.333333333333332,70.83333333333334
E00068549,301,35,15,20,266,20,246,11.627906976744185,4.983388704318937,6.64451827242525,88.37209302325581,6.64451827242525,81.72757475083057
E00068550,228,26,7,19,202,22,180,11.403508771929824,3.070175438596491,8.333333333333332,88.59649122807018,9.649122807017543,78.94736842105263
E00068551,286,51,18,33,235,25,210,17.832167832167833,6.293706293706294,11.538461538461538,82.16783216783216,8.741258741258742,73.42657342657343
E00068552,412,58,22,36,354,37,317,14.077669902912621,5.339805825242718,8.737864077669903,85.92233009708737,8.980582524271846,76.94174757281553
E00068553,311,41,15,26,270,31,239,13.183279742765272,4.823151125401929,8.360128617363344,86.81672025723472,9.967845659163988,76.84887459807074
E00068554,225,32,6,26,193,17,176,14.222222222222221,2.666666666666667,11.555555555555555,85.77777777777777,7.555555555555555,78.22222222222223
E00068555,180,23,9,14,157,15,142,12.777777777777777,5,7.777777777777778,87.22222222222223,8.333333333333332,78.88888888888889
E00068556,172,34,7,27,138,12,126,19.767441860465116,4.069767441860465,15.69767441860465,80.23255813953489,6.976744186046512,73.25581395348837
E00068557,390,69,27,42,321,32,289,17.692307692307693,6.923076923076923,10.76923076923077,82.3076923076923,8.205128205128204,74.1025641025641
E00068558,293,52,23,29,241,19,222,17.747440273037544,7.849829351535837,9.897610921501707,82.25255972696246,6.484641638225256,75.76791808873719
E00068559,356,70,29,41,286,20,266,19.662921348314608,8.146067415730338,11.51685393258427,80.33707865168539,5.617977528089887,74.71910112359551
E00068560,178,31,10,21,147,12,135,17.415730337078653,5.617977528089887,11.797752808988763,82.58426966292134,6.741573033707865,75.84269662921348
E00068561,271,70,25,45,201,23,178,25.830258302583026,9.22509225092251,16.605166051660518,74.16974169741697,8.487084870848708,65.68265682656826
E00068562,159,30,12,18,129,10,119,18.867924528301888,7.547169811320755,11.320754716981133,81.13207547169812,6.289308176100629,74.84276729559748
E00068563,187,26,9,17,161,10,151,13.903743315508022,4.81283422459893,9.090909090909092,86.09625668449198,5.347593582887701,80.74866310160428
E00068564,170,43,17,26,127,18,109,25.294117647058822,10,15.294117647058824,74.70588235294117,10.588235294117647,64.11764705882354
E00068565,162,52,23,29,110,9,101,32.098765432098766,14.19753086419753,17.901234567901234,67.90123456790124,5.555555555555555,62.34567901234568
E00068566,205,53,17,36,152,19,133,25.853658536585368,8.292682926829269,17.560975609756095,74.14634146341463,9.268292682926829,64.8780487804878
E00068567,223,40,22,18,183,19,164,17.937219730941703,9.865470852017937,8.071748878923767,82.0627802690583,8.520179372197308,73.54260089686099
E00068568,297,42,24,18,255,14,241,14.14141414141414,8.080808080808081,6.0606060606060606,85.85858585858585,4.713804713804714,81.14478114478115
E00068569,260,71,34,37,189,16,173,27.307692307692307,13.076923076923078,14.23076923076923,72.6923076923077,6.153846153846154,66.53846153846153
E00068570,307,50,17,33,257,27,230,16.286644951140065,5.537459283387622,10.749185667752444,83.71335504885994,8.794788273615636,74.9185667752443
E00068571,274,59,16,43,215,28,187,21.532846715328464,5.839416058394161,15.693430656934307,78.46715328467153,10.218978102189782,68.24817518248175
E00068572,223,38,19,19,185,15,170,17.040358744394617,8.520179372197308,8.520179372197308,82.95964125560538,6.726457399103139,76.23318385650224
E00068573,439,74,33,41,365,8,357,16.856492027334852,7.517084282460136,9.339407744874716,83.14350797266515,1.8223234624145785,81.32118451025056
E00068574,368,42,16,26,326,24,302,11.41304347826087,4.3478260869565215,7.065217391304348,88.58695652173914,6.521739130434782,82.06521739130434
E00068575,356,45,17,28,311,19,292,12.640449438202248,4.775280898876404,7.865168539325842,87.35955056179775,5.337078651685393,82.02247191011236
E00068576,356,62,32,30,294,18,276,17.415730337078653,8.98876404494382,8.426966292134832,82.58426966292134,5.056179775280898,77.52808988764045
E00068577,306,67,31,36,239,14,225,21.895424836601308,10.130718954248366,11.76470588235294,78.10457516339869,4.57516339869281,73.52941176470588
E00068578,311,107,60,47,204,15,189,34.40514469453376,19.292604501607716,15.112540192926044,65.59485530546624,4.823151125401929,60.77170418006431
E00068579,391,85,45,40,306,15,291,21.73913043478261,11.508951406649617,10.230179028132993,78.26086956521739,3.8363171355498724,74.42455242966753
E00068580,393,69,32,37,324,26,298,17.557251908396946,8.142493638676845,9.414758269720101,82.44274809160305,6.615776081424936,75.82697201017811
E00068581,306,56,21,35,250,26,224,18.30065359477124,6.862745098039216,11.437908496732026,81.69934640522875,8.49673202614379,73.20261437908496
E00068583,416,92,41,51,324,11,313,22.115384615384613,9.85576923076923,12.259615384615383,77.88461538461539,2.644230769230769,75.24038461538461
E00068584,447,71,35,36,376,15,361,15.883668903803134,7.829977628635347,8.053691275167784,84.11633109619687,3.3557046979865772,80.76062639821029
E00068585,389,77,34,43,312,13,299,19.794344473007712,8.740359897172237,11.053984575835475,80.20565552699229,3.3419023136246784,76.86375321336762
E00068586,436,114,69,45,322,13,309,26.146788990825687,15.825688073394495,10.321100917431194,73.85321100917432,2.981651376146789,70.87155963302753
E00068587,555,102,52,50,453,19,434,18.37837837837838,9.36936936936937,9.00900900900901,81.62162162162161,3.423423423423423,78.1981981981982
E00068588,413,82,41,41,331,18,313,19.854721549636803,9.927360774818402,9.927360774818402,80.1452784503632,4.358353510895883,75.78692493946731
E00068589,257,41,15,26,216,13,203,15.953307392996107,5.836575875486381,10.116731517509727,84.04669260700389,5.058365758754864,78.98832684824903
E00068590,291,52,27,25,239,13,226,17.869415807560138,9.278350515463918,8.59106529209622,82.13058419243985,4.4673539518900345,77.66323024054984
E00068591,447,71,36,35,376,18,358,15.883668903803134,8.053691275167784,7.829977628635347,84.11633109619687,4.026845637583892,80.08948545861297
E00068592,450,82,28,54,368,16,352,18.22222222222222,6.222222222222222,12,81.77777777777779,3.5555555555555554,78.22222222222223
E00068593,529,82,29,53,447,14,433,15.500945179584122,5.482041587901701,10.01890359168242,84.49905482041588,2.6465028355387523,81.85255198487712
E00068594,485,66,30,36,419,23,396,13.608247422680412,6.185567010309279,7.422680412371134,86.3917525773196,4.742268041237113,81.64948453608247
E00068595,393,67,20,47,326,16,310,17.048346055979643,5.089058524173027,11.959287531806616,82.95165394402035,4.071246819338422,78.88040712468194
E00068596,434,68,31,37,366,18,348,15.668202764976957,7.142857142857142,8.525345622119817,84.33179723502305,4.147465437788019,80.18433179723502
E00068597,247,62,35,27,185,8,177,25.101214574898783,14.17004048582996,10.931174089068826,74.89878542510121,3.2388663967611335,71.65991902834008
E00068598,385,93,55,38,292,12,280,24.155844155844157,14.285714285714285,9.87012987012987,75.84415584415585,3.116883116883117,72.72727272727273
E00068599,346,65,32,33,281,21,260,18.786127167630056,9.248554913294797,9.53757225433526,81.21387283236994,6.069364161849711,75.14450867052022
E00068600,396,78,38,40,318,11,307,19.696969696969695,9.595959595959595,10.1010101010101,80.3030303030303,2.7777777777777777,77.52525252525253
E00068601,358,86,52,34,272,10,262,24.022346368715084,14.52513966480447,9.497206703910614,75.97765363128491,2.793296089385475,73.18435754189943
E00068602,303,43,18,25,260,12,248,14.19141914191419,5.9405940594059405,8.25082508250825,85.8085808580858,3.9603960396039604,81.84818481848185
E00068603,295,70,30,40,225,15,210,23.728813559322035,10.16949152542373,13.559322033898304,76.27118644067797,5.084745762711865,71.1864406779661
E00068604,217,60,26,34,157,12,145,27.64976958525346,11.981566820276496,15.668202764976957,72.35023041474655,5.529953917050691,66.82027649769586
E00068605,383,38,11,27,345,17,328,9.921671018276761,2.8720626631853787,7.049608355091384,90.07832898172323,4.43864229765013,85.6396866840731
E00068606,299,82,33,49,217,17,200,27.424749163879596,11.036789297658862,16.387959866220736,72.5752508361204,5.68561872909699,66.88963210702342
E00068607,590,107,55,52,483,27,456,18.135593220338983,9.322033898305085,8.813559322033898,81.86440677966101,4.576271186440678,77.28813559322035
E00068608,428,82,30,52,346,25,321,19.158878504672895,7.009345794392523,12.149532710280374,80.8411214953271,5.841121495327103,75
E00068609,488,79,31,48,409,18,391,16.188524590163937,6.352459016393443,9.836065573770492,83.81147540983606,3.6885245901639343,80.12295081967213
E00068610,452,78,30,48,374,15,359,17.25663716814159,6.637168141592921,10.619469026548673,82.7433628318584,3.3185840707964607,79.42477876106194
E00068611,445,79,35,44,366,24,342,17.752808988764045,7.865168539325842,9.887640449438202,82.24719101123596,5.393258426966292,76.85393258426966
E00068612,407,70,29,41,337,17,320,17.1990171990172,7.125307125307126,10.073710073710075,82.80098280098281,4.176904176904177,78.62407862407862
E00068613,413,91,44,47,322,9,313,22.033898305084744,10.653753026634384,11.380145278450362,77.96610169491525,2.1791767554479415,75.78692493946731
E00068614,458,86,52,34,372,15,357,18.777292576419214,11.353711790393014,7.423580786026202,81.22270742358079,3.2751091703056767,77.9475982532751
E00068615,422,72,30,42,350,16,334,17.061611374407583,7.109004739336493,9.95260663507109,82.93838862559242,3.7914691943127963,79.14691943127961
E00068616,281,43,13,30,238,23,215,15.302491103202847,4.6263345195729535,10.676156583629894,84.69750889679716,8.185053380782918,76.51245551601423
E00068617,280,70,27,43,210,22,188,25,9.642857142857144,15.357142857142858,75,7.857142857142857,67.14285714285714
E00068618,234,64,35,29,170,12,158,27.350427350427353,14.957264957264957,12.393162393162394,72.64957264957265,5.128205128205128,67.52136752136752
E00068619,293,52,20,32,241,21,220,17.747440273037544,6.825938566552901,10.921501706484642,82.25255972696246,7.167235494880546,75.0853242320819
E00068620,399,75,24,51,324,31,293,18.796992481203006,6.015037593984962,12.781954887218044,81.203007518797,7.769423558897243,73.43358395989975
E00068621,353,74,29,45,279,36,243,20.96317280453258,8.21529745042493,12.747875354107649,79.03682719546742,10.198300283286118,68.83852691218131
E00068622,242,61,23,38,181,26,155,25.206611570247933,9.50413223140496,15.702479338842975,74.79338842975206,10.743801652892563,64.0495867768595
E00068623,284,56,22,34,228,29,199,19.718309859154928,7.746478873239436,11.971830985915492,80.28169014084507,10.211267605633804,70.07042253521126
E00068624,249,44,20,24,205,18,187,17.670682730923694,8.032128514056225,9.63855421686747,82.32931726907631,7.228915662650602,75.1004016064257
E00068625,296,46,13,33,250,23,227,15.54054054054054,4.391891891891892,11.14864864864865,84.45945945945947,7.77027027027027,76.6891891891892
E00068626,285,40,8,32,245,18,227,14.035087719298245,2.807017543859649,11.228070175438596,85.96491228070175,6.315789473684211,79.64912280701755
E00068627,246,46,16,30,200,20,180,18.69918699186992,6.504065040650407,12.195121951219512,81.30081300813008,8.130081300813007,73.17073170731707
E00068628,232,41,8,33,191,24,167,17.67241379310345,3.4482758620689653,14.224137931034484,82.32758620689656,10.344827586206897,71.98275862068965
E00068629,294,52,17,35,242,30,212,17.687074829931973,5.782312925170068,11.904761904761903,82.31292517006803,10.204081632653061,72.10884353741497
E00068630,309,56,16,40,253,27,226,18.12297734627832,5.177993527508091,12.944983818770226,81.87702265372168,8.737864077669903,73.13915857605178
E00068631,309,49,19,30,260,21,239,15.857605177993527,6.148867313915858,9.70873786407767,84.14239482200647,6.796116504854369,77.34627831715211
E00068632,225,49,21,28,176,23,153,21.777777777777775,9.333333333333334,12.444444444444445,78.22222222222223,10.222222222222223,68
E00068633,283,47,19,28,236,24,212,16.607773851590103,6.713780918727916,9.89399293286219,83.3922261484099,8.480565371024735,74.91166077738515
E00068634,247,63,24,39,184,23,161,25.506072874493928,9.7165991902834,15.789473684210526,74.49392712550608,9.31174089068826,65.18218623481782
E00068635,269,41,18,23,228,19,209,15.241635687732341,6.691449814126393,8.550185873605948,84.75836431226766,7.063197026022305,77.69516728624535
E00068636,287,40,17,23,247,32,215,13.937282229965156,5.923344947735192,8.013937282229964,86.06271777003485,11.149825783972126,74.91289198606272
E00068637,257,51,20,31,206,15,191,19.844357976653697,7.782101167315175,12.062256809338521,80.1556420233463,5.836575875486381,74.31906614785993
E00068638,265,56,24,32,209,17,192,21.132075471698116,9.056603773584905,12.075471698113208,78.8679245283019,6.415094339622642,72.45283018867924
E00068639,285,53,20,33,232,31,201,18.596491228070175,7.017543859649122,11.578947368421053,81.40350877192982,10.87719298245614,70.52631578947368
E00068640,328,72,39,33,256,16,240,21.951219512195124,11.890243902439025,10.060975609756099,78.04878048780488,4.878048780487805,73.17073170731707
E00068641,274,42,16,26,232,21,211,15.328467153284672,5.839416058394161,9.48905109489051,84.67153284671532,7.664233576642336,77.00729927007299
E00068642,298,67,20,47,231,21,210,22.483221476510067,6.7114093959731544,15.771812080536913,77.51677852348993,7.046979865771812,70.46979865771812
E00068644,274,43,10,33,231,21,210,15.693430656934307,3.64963503649635,12.043795620437956,84.30656934306569,7.664233576642336,76.64233576642336
E00068645,253,42,13,29,211,22,189,16.600790513833992,5.138339920948617,11.462450592885375,83.399209486166,8.695652173913043,74.70355731225297
E00068646,274,50,18,32,224,25,199,18.248175182481752,6.569343065693431,11.678832116788321,81.75182481751825,9.124087591240876,72.62773722627736
E00068647,229,95,58,37,134,12,122,41.48471615720524,25.327510917030565,16.157205240174672,58.515283842794766,5.240174672489083,53.275109170305676
E00068648,306,70,33,37,236,21,215,22.875816993464053,10.784313725490197,12.091503267973856,77.12418300653596,6.862745098039216,70.26143790849673
E00068649,302,74,36,38,228,17,211,24.503311258278146,11.920529801324504,12.582781456953644,75.49668874172185,5.629139072847682,69.86754966887418
E00068651,288,68,33,35,220,15,205,23.61111111111111,11.458333333333332,12.152777777777777,76.38888888888889,5.208333333333334,71.18055555555556
E00068652,310,88,44,44,222,19,203,28.387096774193548,14.193548387096774,14.193548387096774,71.61290322580646,6.129032258064516,65.48387096774194
E00068653,325,79,37,42,246,17,229,24.307692307692307,11.384615384615385,12.923076923076923,75.6923076923077,5.230769230769231,70.46153846153847
E00068654,201,70,35,35,131,10,121,34.82587064676617,17.412935323383085,17.412935323383085,65.17412935323384,4.975124378109453,60.19900497512438
E00068655,324,76,41,35,248,14,234,23.456790123456788,12.654320987654321,10.802469135802468,76.5432098765432,4.320987654320987,72.22222222222221
E00068656,373,104,64,40,269,19,250,27.882037533512065,17.158176943699733,10.723860589812332,72.11796246648794,5.093833780160858,67.02412868632707
E00171185,460,138,73,65,322,23,299,30,15.869565217391305,14.130434782608695,70,5,65
E00171186,187,37,11,26,150,19,131,19.786096256684495,5.88235294117647,13.903743315508022,80.21390374331551,10.16042780748663,70.05347593582889
E00171188,172,31,19,12,141,10,131,18.023255813953487,11.046511627906977,6.976744186046512,81.97674418604652,5.813953488372093,76.16279069767442
E00171189,378,64,27,37,314,25,289,16.93121693121693,7.142857142857142,9.788359788359788,83.06878306878306,6.613756613756613,76.45502645502646
E00171190,255,52,19,33,203,18,185,20.392156862745097,7.450980392156863,12.941176470588237,79.6078431372549,7.0588235294117645,72.54901960784314
E00171191,129,28,11,17,101,11,90,21.705426356589147,8.527131782945736,13.178294573643413,78.29457364341084,8.527131782945736,69.76744186046511
E00171193,122,20,5,15,102,10,92,16.39344262295082,4.098360655737705,12.295081967213115,83.60655737704919,8.19672131147541,75.40983606557377
E00171194,259,46,18,28,213,8,205,17.760617760617762,6.94980694980695,10.81081081081081,82.23938223938224,3.088803088803089,79.15057915057915
E00171195,293,69,37,32,224,28,196,23.549488054607508,12.627986348122866,10.921501706484642,76.45051194539249,9.556313993174061,66.89419795221842
E00171196,345,46,16,30,299,22,277,13.333333333333334,4.63768115942029,8.695652173913043,86.66666666666667,6.3768115942028984,80.28985507246377
E00171197,494,85,17,68,409,52,357,17.20647773279352,3.4412955465587043,13.765182186234817,82.79352226720647,10.526315789473683,72.2672064777328
E00171198,350,46,15,31,304,14,290,13.142857142857142,4.285714285714286,8.857142857142856,86.85714285714286,4,82.85714285714286
E00171199,463,41,22,19,422,17,405,8.855291576673865,4.751619870410368,4.103671706263499,91.14470842332614,3.6717062634989204,87.47300215982722
E00171200,224,45,14,31,179,14,165,20.089285714285715,6.25,13.839285714285715,79.91071428571429,6.25,73.66071428571429
E00171201,288,42,15,27,246,25,221,14.583333333333334,5.208333333333334,9.375,85.41666666666666,8.680555555555555,76.73611111111111
E00171202,326,30,3,27,296,29,267,9.202453987730062,0.9202453987730062,8.282208588957054,90.79754601226993,8.895705521472392,81.90184049079755
E00171203,396,25,8,17,371,26,345,6.313131313131313,2.0202020202020203,4.292929292929292,93.68686868686868,6.565656565656567,87.12121212121212
E00171204,348,30,8,22,318,22,296,8.620689655172415,2.2988505747126435,6.321839080459771,91.37931034482759,6.321839080459771,85.0574712643678
E00171205,371,90,59,31,281,26,255,24.258760107816713,15.902964959568733,8.355795148247978,75.74123989218329,7.008086253369273,68.73315363881402
E00171206,246,49,21,28,197,23,174,19.91869918699187,8.536585365853659,11.38211382113821,80.08130081300813,9.34959349593496,70.73170731707317
E00171207,399,33,14,19,366,16,350,8.270676691729323,3.508771929824561,4.761904761904762,91.72932330827066,4.010025062656641,87.71929824561403
E00171208,333,32,4,28,301,19,282,9.60960960960961,1.2012012012012012,8.408408408408409,90.39039039039038,5.7057057057057055,84.68468468468468
E00171210,278,26,6,20,252,28,224,9.352517985611511,2.158273381294964,7.1942446043165464,90.64748201438849,10.071942446043165,80.57553956834532
E00171211,470,56,27,29,414,35,379,11.914893617021278,5.74468085106383,6.170212765957447,88.08510638297872,7.446808510638298,80.63829787234043
E00171212,214,26,10,16,188,17,171,12.149532710280374,4.672897196261682,7.476635514018691,87.85046728971963,7.943925233644859,79.90654205607477
E00171213,229,40,16,24,189,17,172,17.46724890829694,6.986899563318777,10.480349344978166,82.53275109170306,7.423580786026202,75.10917030567686
E00171215,299,58,15,43,241,18,223,19.39799331103679,5.016722408026756,14.381270903010032,80.60200668896321,6.0200668896321075,74.5819397993311
E00171216,257,64,30,34,193,25,168,24.90272373540856,11.673151750972762,13.229571984435799,75.09727626459144,9.72762645914397,65.36964980544747
E00171218,127,73,52,21,54,6,48,57.48031496062992,40.94488188976378,16.535433070866144,42.51968503937008,4.724409448818897,37.79527559055118
E00171219,367,83,55,28,284,12,272,22.615803814713896,14.986376021798364,7.629427792915531,77.3841961852861,3.2697547683923704,74.11444141689373
E00171220,155,18,6,12,137,16,121,11.612903225806452,3.870967741935484,7.741935483870968,88.38709677419355,10.32258064516129,78.06451612903226
E00171221,474,100,59,41,374,26,348,21.09704641350211,12.447257383966246,8.649789029535865,78.90295358649789,5.485232067510549,73.41772151898735
E00171222,207,36,13,23,171,10,161,17.391304347826086,6.280193236714976,11.11111111111111,82.6086956521739,4.830917874396135,77.77777777777779
E00171223,263,25,6,19,238,18,220,9.505703422053232,2.2813688212927756,7.224334600760455,90.49429657794677,6.844106463878327,83.65019011406845
E00171224,340,37,6,31,303,37,266,10.882352941176471,1.7647058823529411,9.117647058823529,89.11764705882354,10.882352941176471,78.23529411764706
E00171225,251,51,18,33,200,20,180,20.318725099601593,7.171314741035857,13.147410358565736,79.6812749003984,7.968127490039841,71.71314741035857
E00171226,241,46,18,28,195,24,171,19.08713692946058,7.468879668049793,11.618257261410788,80.91286307053942,9.95850622406639,70.95435684647303
E00171227,197,16,7,9,181,13,168,8.121827411167512,3.5532994923857872,4.568527918781726,91.87817258883248,6.598984771573605,85.27918781725889
E00171228,396,69,30,39,327,21,306,17.424242424242426,7.575757575757576,9.848484848484848,82.57575757575758,5.303030303030303,77.27272727272727
E00171229,429,56,15,41,373,24,349,13.053613053613052,3.4965034965034967,9.557109557109557,86.94638694638695,5.594405594405594,81.35198135198135
E00171230,207,14,0,14,193,18,175,6.763285024154589,0,6.763285024154589,93.23671497584542,8.695652173913043,84.54106280193237
E00171231,352,89,41,48,263,19,244,25.28409090909091,11.647727272727272,13.636363636363635,74.7159090909091,5.3977272727272725,69.31818181818183
E00171232,224,43,24,19,181,8,173,19.196428571428573,10.714285714285714,8.482142857142858,80.80357142857143,3.571428571428571,77.23214285714286
E00171233,278,78,43,35,200,22,178,28.05755395683453,15.467625899280577,12.589928057553957,71.94244604316546,7.913669064748201,64.02877697841727
E00171234,294,55,21,34,239,22,217,18.70748299319728,7.142857142857142,11.564625850340136,81.29251700680273,7.482993197278912,73.80952380952381
E00171235,334,29,10,19,305,18,287,8.682634730538922,2.9940119760479043,5.688622754491018,91.31736526946108,5.389221556886228,85.92814371257485
E00171236,375,48,21,27,327,25,302,12.8,5.6000000000000005,7.199999999999999,87.2,6.666666666666667,80.53333333333333
E00171237,268,24,9,15,244,26,218,8.955223880597014,3.3582089552238807,5.597014925373134,91.04477611940298,9.701492537313433,81.34328358208955
E00171238,295,34,11,23,261,24,237,11.525423728813559,3.728813559322034,7.796610169491526,88.47457627118645,8.135593220338983,80.33898305084746
E00171239,211,33,12,21,178,13,165,15.639810426540285,5.687203791469194,9.95260663507109,84.36018957345972,6.161137440758294,78.19905213270142
E00171240,294,40,9,31,254,13,241,13.60544217687075,3.061224489795918,10.54421768707483,86.39455782312925,4.421768707482993,81.97278911564626
E00171241,335,42,15,27,293,26,267,12.53731343283582,4.477611940298507,8.059701492537313,87.46268656716418,7.761194029850746,79.70149253731343
E00171242,409,45,16,29,364,24,340,11.00244498777506,3.9119804400977993,7.090464547677261,88.99755501222494,5.8679706601467,83.12958435207824
E00171243,217,19,1,18,198,14,184,8.755760368663594,0.4608294930875576,8.294930875576037,91.24423963133641,6.451612903225806,84.7926267281106
E00171244,179,43,12,31,136,16,120,24.022346368715084,6.70391061452514,17.318435754189945,75.97765363128491,8.938547486033519,67.0391061452514
E00171245,224,48,16,32,176,22,154,21.428571428571427,7.142857142857142,14.285714285714285,78.57142857142857,9.821428571428571,68.75
E00171246,150,49,25,24,101,9,92,32.666666666666664,16.666666666666664,16,67.33333333333333,6,61.33333333333333
E00179845,323,87,46,41,236,24,212,26.93498452012384,14.241486068111456,12.693498452012383,73.06501547987617,7.430340557275541,65.63467492260062
E00179847,132,19,8,11,113,16,97,14.393939393939394,6.0606060606060606,8.333333333333332,85.60606060606061,12.121212121212121,73.48484848484848
E00179849,106,17,3,14,89,8,81,16.037735849056602,2.8301886792452833,13.20754716981132,83.9622641509434,7.547169811320755,76.41509433962264
E00179852,543,55,20,35,488,33,455,10.128913443830571,3.683241252302026,6.445672191528545,89.87108655616943,6.077348066298343,83.79373848987109
E00179853,443,53,29,24,390,14,376,11.963882618510159,6.5462753950338595,5.417607223476298,88.036117381489845,3.160270880361174,84.87584650112868
E00179854,164,26,6,20,138,11,127,15.853658536585366,3.6585365853658534,12.195121951219512,84.14634146341463,6.707317073170732,77.4390243902439
E00179856,315,63,25,38,252,17,235,20,7.936507936507936,12.063492063492063,80,5.396825396825397,74.60317460317461
E00179857,133,8,3,5,125,5,120,6.015037593984962,2.2556390977443606,3.7593984962406015,93.98496240601504,3.7593984962406015,90.22556390977444
E00179858,152,21,6,15,131,11,120,13.815789473684212,3.9473684210526314,9.868421052631579,86.18421052631578,7.236842105263158,78.94736842105263
E00179860,292,30,9,21,262,33,229,10.273972602739725,3.0821917808219177,7.191780821917808,89.72602739726028,11.301369863013697,78.42465753424658
E00179862,241,51,19,32,190,11,179,21.16182572614108,7.883817427385892,13.278008298755188,78.83817427385893,4.564315352697095,74.27385892116183
E00179868,200,30,13,17,170,12,158,15,6.5,8.5,85,6,79
E00179870,322,60,25,35,262,25,237,18.633540372670808,7.763975155279502,10.869565217391305,81.36645962732919,7.763975155279502,73.6024844720497
E00179871,359,74,35,39,285,17,268,20.61281337047354,9.749303621169917,10.86350974930362,79.38718662952647,4.735376044568245,74.65181058495823
E00179872,433,82,13,69,351,26,325,18.937644341801384,3.0023094688221708,15.935334872979215,81.06235565819861,6.0046189376443415,75.05773672055427
E00179873,233,61,35,26,172,14,158,26.180257510729614,15.021459227467812,11.158798283261802,73.8197424892704,6.008583690987124,67.81115879828327
E00179875,255,63,27,36,192,15,177,24.705882352941178,10.588235294117647,14.117647058823529,75.29411764705883,5.88235294117647,69.41176470588235
E00179877,188,58,26,32,130,14,116,30.851063829787233,13.829787234042554,17.02127659574468,69.14893617021278,7.446808510638298,61.702127659574465
E00179879,290,41,11,30,249,17,232,14.13793103448276,3.793103448275862,10.344827586206897,85.86206896551725,5.862068965517241,80
E00179880,281,55,23,32,226,29,197,19.572953736654807,8.185053380782918,11.387900355871885,80.42704626334519,10.320284697508896,70.1067615658363
E00179881,136,14,8,6,122,7,115,10.294117647058822,5.88235294117647,4.411764705882353,89.70588235294117,5.147058823529411,84.55882352941177
E00179882,624,78,24,54,546,45,501,12.5,3.8461538461538463,8.653846153846153,87.5,7.211538461538461,80.28846153846155
E00179883,314,31,17,14,283,6,277,9.872611464968154,5.414012738853503,4.45859872611465,90.12738853503186,1.910828025477707,88.21656050955414
E00179884,551,82,41,41,469,34,435,14.882032667876588,7.441016333938294,7.441016333938294,85.11796733212341,6.170598911070781,78.94736842105263
E00179887,367,58,31,27,309,12,297,15.803814713896458,8.446866485013624,7.3569482288828345,84.19618528610354,3.2697547683923704,80.92643051771117
E00179888,473,82,28,54,391,47,344,17.33615221987315,5.9196617336152215,11.416490486257928,82.66384778012686,9.936575052854122,72.72727272727273
E00179891,429,48,10,38,381,46,335,11.188811188811188,2.331002331002331,8.857808857808857,88.81118881118881,10.722610722610723,78.08857808857809
E00179894,493,46,12,34,447,35,412,9.330628803245435,2.434077079107505,6.896551724137931,90.66937119675457,7.099391480730223,83.56997971602435
E00179897,209,22,12,10,187,13,174,10.526315789473683,5.741626794258373,4.784688995215311,89.47368421052632,6.220095693779904,83.25358851674642
E00179898,122,12,4,8,110,13,97,9.836065573770492,3.278688524590164,6.557377049180328,90.1639344262295,10.655737704918032,79.50819672131148
E00179899,345,50,27,23,295,24,271,14.492753623188406,7.82608695652174,6.666666666666667,85.5072463768116,6.956521739130435,78.55072463768116
E00179900,342,53,29,24,289,12,277,15.497076023391813,8.47953216374269,7.017543859649122,84.50292397660819,3.508771929824561,80.99415204678363
E00179901,360,64,14,50,296,30,266,17.77777777777778,3.888888888888889,13.88888888888889,82.22222222222221,8.333333333333332,73.88888888888889
E00179902,295,34,19,15,261,30,231,11.525423728813559,6.440677966101695,5.084745762711865,88.47457627118645,10.16949152542373,78.30508474576271
E00179904,242,13,6,7,229,17,212,5.371900826446281,2.479338842975207,2.8925619834710745,94.62809917355372,7.024793388429752,87.60330578512396
E00179907,541,84,15,69,457,46,411,15.526802218114602,2.7726432532347505,12.754158964879853,84.4731977818854,8.502772643253234,75.97042513863215
E00179909,476,92,41,51,384,24,360,19.327731092436977,8.61344537815126,10.714285714285714,80.67226890756302,5.042016806722689,75.63025210084034
