OA,ts0590001,ts0590002,ts0590003,ts0590004,ts0590005,ts0590006,ts0590007,ts0590002_PCT,ts0590003_PCT,ts0590004_PCT,ts0590005_PCT,ts0590006_PCT,ts0590007_PCT
E00067918,199,72,32,40,127,112,15,36.18090452261307,16.08040201005025,20.100502512562816,63.81909547738693,56.28140703517588,7.537688442211055
E00067919,182,57,18,39,125,110,15,31.318681318681318,9.89010989010989,21.428571428571427,68.68131868131869,60.43956043956044,8.241758241758241
E00067920,148,26,5,21,122,107,15,17.56756756756757,3.3783783783783785,14.18918918918919,82.43243243243244,72.2972972972973,10.135135135135135
E00067921,129,33,12,21,96,89,7,25.581395348837212,9.30232558139535,16.27906976744186,74.4186046511628,68.9922480620155,5.426356589147287
E00067922,110,23,7,16,87,76,11,20.909090909090907,6.363636363636363,14.545454545454545,79.0909090909091,69.0909090909091,10
E00067923,166,52,12,40,114,100,14,31.32530120481928,7.228915662650602,24.096385542168676,68.67469879518072,60.24096385542169,8.433734939759036
E00067924,207,84,23,61,123,109,14,40.57971014492754,11.11111111111111,29.468599033816425,59.42028985507246,52.65700483091788,6.763285024154589
E00067925,145,51,13,38,94,89,5,35.172413793103445,8.96551724137931,26.20689655172414,64.82758620689654,61.37931034482759,3.4482758620689653
E00067926,165,41,14,27,124,111,13,24.848484848484848,8.484848484848486,16.363636363636363,75.15151515151514,67.27272727272727,7.878787878787878
E00067927,161,35,14,21,126,109,17,21.73913043478261,8.695652173913043,13.043478260869565,78.26086956521739,67.70186335403726,10.559006211180124
E00067928,147,48,9,39,99,88,11,32.6530612244898,6.122448979591836,26.53061224489796,67.3469387755102,59.863945578231295,7.482993197278912
E00067929,158,51,22,29,107,102,5,32.278481012658226,13.924050632911392,18.354430379746837,67.72151898734177,64.55696202531645,3.1645569620253164
E00067930,170,39,18,21,131,125,6,22.941176470588236,10.588235294117647,12.352941176470589,77.05882352941177,73.52941176470588,3.5294117647058822
E00067931,135,29,9,20,106,90,16,21.48148148148148,6.666666666666667,14.814814814814813,78.51851851851852,66.66666666666666,11.851851851851853
E00067932,178,58,17,41,120,106,14,32.58426966292135,9.550561797752808,23.03370786516854,67.41573033707866,59.55056179775281,7.865168539325842
E00067933,177,47,14,33,130,120,10,26.55367231638418,7.909604519774012,18.64406779661017,73.44632768361582,67.79661016949152,5.649717514124294
E00067934,148,42,10,32,106,89,17,28.37837837837838,6.756756756756757,21.62162162162162,71.62162162162163,60.13513513513513,11.486486486486488
E00067935,206,56,17,39,150,128,22,27.184466019417474,8.25242718446602,18.932038834951456,72.81553398058253,62.13592233009708,10.679611650485436
E00067936,190,71,18,53,119,108,11,37.368421052631575,9.473684210526317,27.89473684210526,62.63157894736842,56.84210526315789,5.7894736842105265
E00067937,180,65,22,43,115,103,12,36.11111111111111,12.222222222222221,23.88888888888889,63.888888888888886,57.22222222222222,6.666666666666667
E00067938,180,62,23,39,118,111,7,34.44444444444444,12.777777777777777,21.666666666666668,65.55555555555556,61.66666666666667,3.888888888888889
E00067939,184,84,21,63,100,89,11,45.65217391304348,11.41304347826087,34.23913043478261,54.347826086956516,48.369565217391305,5.978260869565218
E00067940,131,51,17,34,80,72,8,38.93129770992366,12.977099236641221,25.954198473282442,61.06870229007634,54.961832061068705,6.106870229007633
E00067942,146,39,17,22,107,96,11,26.71232876712329,11.643835616438356,15.068493150684931,73.28767123287672,65.75342465753424,7.534246575342466
E00067943,123,44,18,26,79,71,8,35.77235772357724,14.634146341463413,21.138211382113823,64.22764227642277,57.72357723577236,6.504065040650407
E00067945,140,33,7,26,107,97,10,23.57142857142857,5,18.571428571428573,76.42857142857142,69.28571428571428,7.142857142857142
E00067946,149,40,8,32,109,102,7,26.845637583892618,5.369127516778524,21.476510067114095,73.15436241610739,68.45637583892618,4.697986577181208
E00067947,139,35,15,20,104,96,8,25.179856115107913,10.79136690647482,14.388489208633093,74.82014388489209,69.06474820143885,5.755395683453238
E00067948,221,75,31,44,146,130,16,33.93665158371041,14.027149321266968,19.90950226244344,66.06334841628959,58.82352941176471,7.239819004524888
E00067949,178,53,27,26,125,118,7,29.775280898876407,15.168539325842698,14.606741573033707,70.2247191011236,66.29213483146067,3.932584269662921
E00067950,162,51,19,32,111,102,9,31.48148148148148,11.728395061728394,19.753086419753085,68.51851851851852,62.96296296296296,5.555555555555555
E00067952,111,32,7,25,79,69,10,28.82882882882883,6.306306306306306,22.52252252252252,71.17117117117117,62.16216216216216,9.00900900900901
E00067953,126,42,13,29,84,78,6,33.33333333333333,10.317460317460316,23.015873015873016,66.66666666666666,61.904761904761905,4.761904761904762
E00067954,164,48,9,39,116,104,12,29.268292682926827,5.487804878048781,23.78048780487805,70.73170731707317,63.41463414634146,7.317073170731707
E00067955,217,54,19,35,163,150,13,24.88479262672811,8.755760368663594,16.129032258064516,75.11520737327189,69.12442396313364,5.990783410138248
E00067956,142,45,11,34,97,87,10,31.690140845070424,7.746478873239436,23.943661971830984,68.30985915492957,61.267605633802816,7.042253521126761
E00067957,179,42,10,32,137,123,14,23.463687150837988,5.58659217877095,17.877094972067038,76.53631284916202,68.71508379888269,7.82122905027933
E00067958,194,60,13,47,134,123,11,30.927835051546392,6.701030927835052,24.22680412371134,69.0721649484536,63.4020618556701,5.670103092783505
E00067959,155,45,17,28,110,106,4,29.03225806451613,10.967741935483872,18.064516129032256,70.96774193548387,68.38709677419355,2.5806451612903225
E00067960,115,36,12,24,79,67,12,31.30434782608696,10.434782608695652,20.869565217391305,68.69565217391305,58.26086956521739,10.434782608695652
E00067961,117,37,11,26,80,65,15,31.62393162393162,9.401709401709402,22.22222222222222,68.37606837606837,55.55555555555556,12.82051282051282
E00067962,125,38,14,24,87,76,11,30.4,11.200000000000001,19.2,69.6,60.8,8.799999999999999
E00067963,262,99,43,56,163,131,32,37.786259541984734,16.412213740458014,21.374045801526716,62.213740458015266,50,12.213740458015266
E00067964,99,27,8,19,72,66,6,27.27272727272727,8.080808080808081,19.19191919191919,72.72727272727273,66.66666666666666,6.0606060606060606
E00067965,144,42,9,33,102,84,18,29.166666666666668,6.25,22.916666666666664,70.83333333333334,58.333333333333336,12.5
E00067966,176,53,21,32,123,101,22,30.113636363636363,11.931818181818182,18.181818181818183,69.88636363636364,57.38636363636363,12.5
E00067967,146,48,21,27,98,82,16,32.87671232876712,14.383561643835616,18.493150684931507,67.12328767123287,56.16438356164384,10.95890410958904
E00067968,120,35,8,27,85,74,11,29.166666666666668,6.666666666666667,22.5,70.83333333333334,61.66666666666667,9.166666666666666
E00067969,112,34,12,22,78,65,13,30.357142857142854,10.714285714285714,19.642857142857142,69.64285714285714,58.03571428571429,11.607142857142858
E00067970,137,46,13,33,91,81,10,33.57664233576642,9.48905109489051,24.087591240875913,66.42335766423358,59.12408759124088,7.2992700729927
E00067971,132,35,11,24,97,81,16,26.515151515151516,8.333333333333332,18.181818181818183,73.48484848484848,61.36363636363637,12.121212121212121
E00067972,150,35,10,25,115,98,17,23.333333333333332,6.666666666666667,16.666666666666664,76.66666666666667,65.33333333333333,11.333333333333332
E00067973,170,40,18,22,130,108,22,23.52941176470588,10.588235294117647,12.941176470588237,76.47058823529412,63.52941176470588,12.941176470588237
E00067974,94,30,7,23,64,56,8,31.914893617021278,7.446808510638298,24.46808510638298,68.08510638297872,59.57446808510638,8.51063829787234
E00067975,129,35,6,29,94,85,9,27.131782945736433,4.651162790697675,22.48062015503876,72.86821705426357,65.89147286821705,6.976744186046512
E00067976,165,48,18,30,117,95,22,29.09090909090909,10.909090909090908,18.181818181818183,70.9090909090909,57.57575757575758,13.333333333333334
E00067977,152,40,8,32,112,98,14,26.31578947368421,5.263157894736842,21.052631578947366,73.68421052631578,64.47368421052632,9.210526315789473
E00067978,86,22,8,14,64,57,7,25.581395348837212,9.30232558139535,16.27906976744186,74.4186046511628,66.27906976744185,8.13953488372093
E00067979,122,36,9,27,86,79,7,29.508196721311474,7.377049180327869,22.131147540983605,70.49180327868852,64.75409836065575,5.737704918032787
E00067980,62,24,4,20,38,37,1,38.70967741935484,6.451612903225806,32.25806451612903,61.29032258064516,59.67741935483871,1.6129032258064515
E00067981,163,37,17,20,126,115,11,22.699386503067483,10.429447852760736,12.269938650306749,77.30061349693251,70.5521472392638,6.748466257668712
E00067982,112,38,9,29,74,66,8,33.92857142857143,8.035714285714286,25.892857142857146,66.07142857142857,58.92857142857143,7.142857142857142
E00067983,112,28,6,22,84,74,10,25,5.357142857142857,19.642857142857142,75,66.07142857142857,8.928571428571429
E00067985,80,20,0,20,60,53,7,25,0,25,75,66.25,8.75
E00067987,64,17,4,13,47,39,8,26.5625,6.25,20.3125,73.4375,60.9375,12.5
E00067988,46,20,9,11,26,20,6,43.47826086956522,19.565217391304348,23.91304347826087,56.52173913043478,43.47826086956522,13.043478260869565
E00067989,151,40,14,26,111,95,16,26.490066225165563,9.271523178807946,17.218543046357617,73.50993377483444,62.913907284768214,10.596026490066226
E00067990,168,46,15,31,122,99,23,27.380952380952383,8.928571428571429,18.452380952380953,72.61904761904762,58.92857142857143,13.690476190476192
E00067991,119,30,8,22,89,80,9,25.210084033613445,6.722689075630252,18.487394957983195,74.78991596638656,67.22689075630252,7.563025210084033
E00067992,118,35,11,24,83,73,10,29.66101694915254,9.322033898305085,20.33898305084746,70.33898305084746,61.86440677966102,8.47457627118644
E00067993,151,39,17,22,112,103,9,25.82781456953642,11.258278145695364,14.56953642384106,74.17218543046357,68.21192052980133,5.960264900662252
E00067994,121,35,12,23,86,78,8,28.92561983471074,9.917355371900827,19.00826446280992,71.07438016528926,64.46280991735537,6.6115702479338845
E00067995,129,39,18,21,90,78,12,30.23255813953488,13.953488372093023,16.27906976744186,69.76744186046511,60.46511627906976,9.30232558139535
E00067996,129,47,14,33,82,65,17,36.434108527131784,10.852713178294573,25.581395348837212,63.565891472868216,50.3875968992248,13.178294573643413
E00067997,140,39,13,26,101,85,16,27.857142857142858,9.285714285714286,18.571428571428573,72.14285714285714,60.71428571428571,11.428571428571429
E00067998,130,42,10,32,88,70,18,32.30769230769231,7.6923076923076925,24.615384615384617,67.6923076923077,53.84615384615385,13.846153846153847
E00067999,81,29,12,17,52,47,5,35.80246913580247,14.814814814814813,20.98765432098765,64.19753086419753,58.0246913580247,6.172839506172839
E00068000,82,23,8,15,59,48,11,28.04878048780488,9.75609756097561,18.29268292682927,71.95121951219512,58.536585365853654,13.414634146341465
E00068001,133,36,9,27,97,86,11,27.06766917293233,6.7669172932330826,20.30075187969925,72.93233082706767,64.66165413533834,8.270676691729323
E00068002,91,23,7,16,68,60,8,25.274725274725274,7.6923076923076925,17.582417582417584,74.72527472527473,65.93406593406593,8.791208791208792
E00068003,121,42,15,27,79,70,9,34.710743801652896,12.396694214876034,22.31404958677686,65.28925619834712,57.85123966942148,7.43801652892562
E00068004,233,74,30,44,159,136,23,31.759656652360512,12.875536480686694,18.88412017167382,68.24034334763948,58.36909871244635,9.871244635193133
E00068005,254,85,36,49,169,140,29,33.46456692913386,14.173228346456693,19.291338582677163,66.53543307086615,55.118110236220474,11.41732283464567
E00068006,125,30,6,24,95,81,14,24,4.8,19.2,76,64.8,11.200000000000001
E00068007,128,35,7,28,93,82,11,27.34375,5.46875,21.875,72.65625,64.0625,8.59375
E00068008,133,35,15,20,98,84,14,26.31578947368421,11.278195488721805,15.037593984962406,73.68421052631578,63.1578947368421,10.526315789473683
E00068009,137,33,5,28,104,94,10,24.087591240875913,3.64963503649635,20.437956204379564,75.91240875912408,68.61313868613139,7.2992700729927
E00068010,184,49,11,38,135,121,14,26.6304347826087,5.978260869565218,20.652173913043477,73.36956521739131,65.76086956521739,7.608695652173914
E00068011,141,31,7,24,110,103,7,21.98581560283688,4.964539007092199,17.02127659574468,78.01418439716312,73.04964539007092,4.964539007092199
E00068012,148,37,9,28,111,96,15,25,6.081081081081082,18.91891891891892,75,64.86486486486487,10.135135135135135
E00068014,115,23,3,20,92,86,6,20,2.608695652173913,17.391304347826086,80,74.78260869565217,5.217391304347826
E00068015,104,23,8,15,81,69,12,22.115384615384613,7.6923076923076925,14.423076923076922,77.88461538461539,66.34615384615384,11.538461538461538
E00068016,157,39,14,25,118,106,12,24.840764331210192,8.9171974522293,15.92356687898089,75.15923566878982,67.51592356687898,7.643312101910828
E00068017,156,39,12,27,117,106,11,25,7.6923076923076925,17.307692307692307,75,67.94871794871796,7.051282051282051
E00068018,135,42,16,26,93,83,10,31.11111111111111,11.851851851851853,19.25925925925926,68.88888888888889,61.48148148148148,7.4074074074074066
E00068019,155,36,9,27,119,106,13,23.225806451612904,5.806451612903226,17.419354838709676,76.77419354838709,68.38709677419355,8.38709677419355
E00068020,147,44,16,28,103,93,10,29.931972789115648,10.884353741496598,19.047619047619047,70.06802721088435,63.26530612244898,6.802721088435375
E00068021,105,33,15,18,72,66,6,31.428571428571427,14.285714285714285,17.142857142857142,68.57142857142857,62.857142857142854,5.714285714285714
E00068022,114,22,3,19,92,85,7,19.298245614035086,2.631578947368421,16.666666666666664,80.7017543859649,74.56140350877193,6.140350877192982
E00068023,111,35,1,34,76,71,5,31.53153153153153,0.9009009009009009,30.630630630630627,68.46846846846847,63.96396396396396,4.504504504504505
E00068024,127,33,10,23,94,80,14,25.984251968503933,7.874015748031496,18.11023622047244,74.01574803149606,62.99212598425197,11.023622047244094
E00068025,111,28,9,19,83,72,11,25.225225225225223,8.108108108108109,17.117117117117118,74.77477477477478,64.86486486486487,9.90990990990991
E00068026,115,36,8,28,79,76,3,31.30434782608696,6.956521739130435,24.347826086956523,68.69565217391305,66.08695652173913,2.608695652173913
E00068027,133,45,9,36,88,78,10,33.83458646616541,6.7669172932330826,27.06766917293233,66.16541353383458,58.64661654135338,7.518796992481203
E00068028,102,41,8,33,61,54,7,40.19607843137255,7.8431372549019605,32.35294117647059,59.80392156862745,52.94117647058824,6.862745098039216
E00068029,118,52,15,37,66,53,13,44.06779661016949,12.711864406779661,31.35593220338983,55.932203389830505,44.91525423728814,11.016949152542372
E00068030,121,44,15,29,77,67,10,36.36363636363637,12.396694214876034,23.96694214876033,63.63636363636363,55.371900826446286,8.264462809917356
E00068031,131,43,9,34,88,82,6,32.82442748091603,6.870229007633588,25.954198473282442,67.17557251908397,62.59541984732825,4.580152671755725
E00068032,145,48,13,35,97,90,7,33.10344827586207,8.96551724137931,24.137931034482758,66.89655172413794,62.06896551724138,4.827586206896552
E00068033,67,23,7,16,44,40,4,34.32835820895522,10.44776119402985,23.88059701492537,65.67164179104478,59.70149253731343,5.970149253731343
E00068034,153,48,14,34,105,91,14,31.372549019607842,9.15032679738562,22.22222222222222,68.62745098039215,59.47712418300654,9.15032679738562
E00068035,111,21,7,14,90,80,10,18.91891891891892,6.306306306306306,12.612612612612612,81.08108108108108,72.07207207207207,9.00900900900901
E00068036,122,20,6,14,102,90,12,16.39344262295082,4.918032786885246,11.475409836065573,83.60655737704919,73.77049180327869,9.836065573770492
E00068037,191,49,14,35,142,128,14,25.654450261780106,7.329842931937172,18.32460732984293,74.3455497382199,67.01570680628272,7.329842931937172
E00068038,83,24,5,19,59,54,5,28.915662650602407,6.024096385542169,22.89156626506024,71.08433734939759,65.06024096385542,6.024096385542169
E00068040,103,25,8,17,78,70,8,24.271844660194176,7.766990291262135,16.50485436893204,75.72815533980582,67.96116504854369,7.766990291262135
E00068041,73,15,3,12,58,54,4,20.54794520547945,4.10958904109589,16.43835616438356,79.45205479452055,73.97260273972603,5.47945205479452
E00068042,78,24,8,16,54,48,6,30.76923076923077,10.256410256410255,20.51282051282051,69.23076923076923,61.53846153846154,7.6923076923076925
E00068043,183,52,17,35,131,121,10,28.415300546448087,9.289617486338798,19.12568306010929,71.58469945355192,66.12021857923497,5.46448087431694
E00068044,198,51,13,38,147,132,15,25.757575757575758,6.565656565656567,19.19191919191919,74.24242424242425,66.66666666666666,7.575757575757576
E00068045,141,48,15,33,93,74,19,34.04255319148936,10.638297872340425,23.404255319148938,65.95744680851064,52.4822695035461,13.47517730496454
E00068046,167,38,14,24,129,119,10,22.75449101796407,8.383233532934131,14.37125748502994,77.24550898203593,71.25748502994011,5.9880239520958085
E00068047,198,60,23,37,138,117,21,30.303030303030305,11.616161616161616,18.68686868686869,69.6969696969697,59.09090909090909,10.606060606060606
E00068048,241,58,19,39,183,171,12,24.066390041493776,7.883817427385892,16.182572614107883,75.93360995850622,70.95435684647303,4.979253112033195
E00068049,132,41,15,26,91,80,11,31.060606060606062,11.363636363636363,19.696969696969695,68.93939393939394,60.60606060606061,8.333333333333332
E00068050,130,38,5,33,92,83,9,29.230769230769234,3.8461538461538463,25.384615384615383,70.76923076923077,63.84615384615384,6.923076923076923
E00068051,234,67,20,47,167,154,13,28.63247863247863,8.547008547008547,20.085470085470085,71.36752136752136,65.8119658119658,5.555555555555555
E00068052,159,50,21,29,109,96,13,31.446540880503143,13.20754716981132,18.238993710691823,68.55345911949685,60.37735849056604,8.176100628930817
E00068053,180,64,22,42,116,104,12,35.55555555555556,12.222222222222221,23.333333333333332,64.44444444444444,57.77777777777777,6.666666666666667
E00068054,194,60,10,50,134,116,18,30.927835051546392,5.154639175257731,25.773195876288657,69.0721649484536,59.79381443298969,9.278350515463918
E00068055,146,36,17,19,110,100,10,24.65753424657534,11.643835616438356,13.013698630136986,75.34246575342466,68.4931506849315,6.8493150684931505
E00068056,158,46,18,28,112,102,10,29.11392405063291,11.39240506329114,17.72151898734177,70.88607594936708,64.55696202531645,6.329113924050633
E00068057,192,66,21,45,126,108,18,34.375,10.9375,23.4375,65.625,56.25,9.375
E00068058,170,57,23,34,113,102,11,33.52941176470588,13.529411764705882,20,66.47058823529412,60,6.470588235294119
E00068059,186,79,26,53,107,99,8,42.473118279569896,13.978494623655912,28.49462365591398,57.52688172043011,53.2258064516129,4.301075268817205
E00068060,172,77,29,48,95,92,3,44.76744186046512,16.86046511627907,27.906976744186046,55.23255813953488,53.48837209302325,1.744186046511628
E00068061,180,78,32,46,102,91,11,43.333333333333336,17.77777777777778,25.555555555555554,56.666666666666664,50.55555555555556,6.111111111111111
E00068062,230,71,16,55,159,144,15,30.869565217391305,6.956521739130435,23.91304347826087,69.1304347826087,62.60869565217392,6.521739130434782
E00068063,135,50,26,24,85,79,6,37.03703703703704,19.25925925925926,17.77777777777778,62.96296296296296,58.51851851851851,4.444444444444445
E00068064,224,96,36,60,128,119,9,42.857142857142854,16.071428571428573,26.785714285714285,57.14285714285714,53.125,4.017857142857143
E00068065,126,47,16,31,79,69,10,37.301587301587304,12.698412698412698,24.6031746031746,62.698412698412696,54.761904761904766,7.936507936507936
E00068066,126,59,29,30,67,58,9,46.82539682539682,23.015873015873016,23.809523809523807,53.17460317460318,46.03174603174603,7.142857142857142
E00068068,172,28,7,21,144,125,19,16.27906976744186,4.069767441860465,12.209302325581394,83.72093023255815,72.67441860465115,11.046511627906977
E00068070,173,58,21,37,115,95,20,33.52601156069364,12.138728323699421,21.38728323699422,66.47398843930635,54.91329479768786,11.560693641618498
E00068071,129,39,13,26,90,85,5,30.23255813953488,10.077519379844961,20.155038759689923,69.76744186046511,65.89147286821705,3.875968992248062
E00068072,130,46,15,31,84,78,6,35.38461538461539,11.538461538461538,23.846153846153847,64.61538461538461,60,4.615384615384616
E00068073,98,34,14,20,64,60,4,34.69387755102041,14.285714285714285,20.408163265306122,65.3061224489796,61.224489795918366,4.081632653061225
E00068075,194,34,7,27,160,148,12,17.525773195876287,3.608247422680412,13.917525773195877,82.4742268041237,76.28865979381443,6.185567010309279
E00068076,194,55,18,37,139,132,7,28.350515463917525,9.278350515463918,19.072164948453608,71.64948453608247,68.04123711340206,3.608247422680412
E00068077,195,79,22,57,116,103,13,40.51282051282051,11.282051282051283,29.230769230769234,59.48717948717949,52.820512820512825,6.666666666666667
E00068078,141,77,17,60,64,64,0,54.60992907801418,12.056737588652481,42.5531914893617,45.39007092198582,45.39007092198582,0
E00068079,130,46,14,32,84,76,8,35.38461538461539,10.76923076923077,24.615384615384617,64.61538461538461,58.46153846153847,6.153846153846154
E00068080,206,105,34,71,101,87,14,50.970873786407765,16.50485436893204,34.46601941747573,49.029126213592235,42.23300970873786,6.796116504854369
E00068081,92,25,7,18,67,62,5,27.173913043478258,7.608695652173914,19.565217391304348,72.82608695652173,67.3913043478261,5.434782608695652
E00068082,171,59,21,38,112,104,8,34.50292397660819,12.280701754385964,22.22222222222222,65.49707602339181,60.81871345029239,4.678362573099415
E00068083,126,33,12,21,93,86,7,26.190476190476193,9.523809523809524,16.666666666666664,73.80952380952381,68.25396825396825,5.555555555555555
E00068084,162,73,24,49,89,84,5,45.06172839506173,14.814814814814813,30.246913580246915,54.93827160493827,51.85185185185185,3.0864197530864197
E00068085,128,30,6,24,98,81,17,23.4375,4.6875,18.75,76.5625,63.28125,13.28125
E00068086,169,86,32,54,83,77,6,50.887573964497044,18.93491124260355,31.952662721893493,49.112426035502956,45.562130177514796,3.5502958579881656
E00068087,118,50,15,35,68,59,9,42.3728813559322,12.711864406779661,29.66101694915254,57.6271186440678,50,7.627118644067797
E00068088,96,27,8,19,69,63,6,28.125,8.333333333333332,19.791666666666664,71.875,65.625,6.25
E00068089,183,79,19,60,104,99,5,43.169398907103826,10.382513661202186,32.78688524590164,56.830601092896174,54.09836065573771,2.73224043715847
E00068090,136,52,18,34,84,75,9,38.23529411764706,13.23529411764706,25,61.76470588235294,55.14705882352941,6.61764705882353
E00068091,80,33,5,28,47,47,0,41.25,6.25,35,58.75,58.75,0
E00068092,153,53,15,38,100,97,3,34.64052287581699,9.803921568627452,24.836601307189543,65.359477124183,63.39869281045751,1.9607843137254901
E00068093,148,62,16,46,86,76,10,41.891891891891895,10.81081081081081,31.08108108108108,58.108108108108105,51.35135135135135,6.756756756756757
E00068094,69,27,13,14,42,42,0,39.130434782608695,18.84057971014493,20.28985507246377,60.86956521739131,60.86956521739131,0
E00068097,165,61,19,42,104,97,7,36.96969696969697,11.515151515151516,25.454545454545453,63.030303030303024,58.78787878787879,4.242424242424243
E00068098,140,56,17,39,84,77,7,40,12.142857142857142,27.857142857142858,60,55.00000000000001,5
E00068099,129,49,13,36,80,75,5,37.98449612403101,10.077519379844961,27.906976744186046,62.01550387596899,58.139534883720934,3.875968992248062
E00068100,123,39,10,29,84,78,6,31.70731707317073,8.130081300813007,23.577235772357724,68.29268292682927,63.41463414634146,4.878048780487805
E00068101,129,39,8,31,90,85,5,30.23255813953488,6.2015503875969,24.031007751937985,69.76744186046511,65.89147286821705,3.875968992248062
E00068102,92,25,7,18,67,56,11,27.173913043478258,7.608695652173914,19.565217391304348,72.82608695652173,60.86956521739131,11.956521739130435
E00068103,141,44,8,36,97,85,12,31.20567375886525,5.673758865248227,25.53191489361702,68.79432624113475,60.28368794326241,8.51063829787234
E00068104,209,73,17,56,136,113,23,34.92822966507177,8.133971291866029,26.794258373205743,65.07177033492823,54.066985645933016,11.004784688995215
E00068105,150,44,15,29,106,92,14,29.333333333333332,10,19.333333333333332,70.66666666666667,61.33333333333333,9.333333333333334
E00068106,144,52,22,30,92,84,8,36.11111111111111,15.277777777777779,20.833333333333336,63.888888888888886,58.333333333333336,5.555555555555555
E00068107,208,60,20,40,148,130,18,28.846153846153843,9.615384615384617,19.230769230769234,71.15384615384616,62.5,8.653846153846153
E00068108,173,47,9,38,126,111,15,27.167630057803464,5.202312138728324,21.965317919075144,72.83236994219652,64.16184971098265,8.670520231213873
E00068109,165,59,17,42,106,95,11,35.75757575757576,10.303030303030303,25.454545454545453,64.24242424242425,57.57575757575758,6.666666666666667
E00068110,144,43,14,29,101,94,7,29.86111111111111,9.722222222222223,20.13888888888889,70.13888888888889,65.27777777777779,4.861111111111112
E00068111,147,47,15,32,100,91,9,31.97278911564626,10.204081632653061,21.768707482993197,68.02721088435374,61.904761904761905,6.122448979591836
E00068112,107,31,9,22,76,70,6,28.971962616822427,8.411214953271028,20.5607476635514,71.02803738317756,65.42056074766354,5.607476635514018
E00068113,154,51,16,35,103,96,7,33.116883116883116,10.38961038961039,22.727272727272727,66.88311688311688,62.33766233766234,4.545454545454546
E00068114,150,45,10,35,105,91,14,30,6.666666666666667,23.333333333333332,70,60.66666666666667,9.333333333333334
E00068115,140,39,17,22,101,93,8,27.857142857142858,12.142857142857142,15.714285714285714,72.14285714285714,66.42857142857143,5.714285714285714
E00068116,136,44,14,30,92,80,12,32.35294117647059,10.294117647058822,22.058823529411764,67.64705882352942,58.82352941176471,8.823529411764707
E00068117,171,65,23,42,106,94,12,38.01169590643275,13.450292397660817,24.561403508771928,61.98830409356725,54.97076023391813,7.017543859649122
E00068118,154,50,23,27,104,93,11,32.467532467532465,14.935064935064934,17.532467532467532,67.53246753246754,60.3896103896104,7.142857142857142
E00068119,140,46,12,34,94,80,14,32.857142857142854,8.571428571428571,24.285714285714285,67.14285714285714,57.14285714285714,10
E00068120,188,65,22,43,123,117,6,34.57446808510639,11.702127659574469,22.872340425531913,65.42553191489363,62.23404255319149,3.1914893617021276
E00068121,114,31,10,21,83,74,9,27.192982456140353,8.771929824561402,18.421052631578945,72.80701754385966,64.91228070175438,7.894736842105263
E00068122,92,21,7,14,71,62,9,22.82608695652174,7.608695652173914,15.217391304347828,77.17391304347827,67.3913043478261,9.782608695652174
E00068123,129,38,15,23,91,86,5,29.457364341085274,11.627906976744185,17.829457364341085,70.54263565891473,66.66666666666666,3.875968992248062
E00068124,158,59,12,47,99,92,7,37.34177215189873,7.59493670886076,29.746835443037973,62.65822784810127,58.22784810126582,4.430379746835443
E00068125,112,30,9,21,82,75,7,26.785714285714285,8.035714285714286,18.75,73.21428571428571,66.96428571428571,6.25
E00068126,123,35,7,28,88,81,7,28.455284552845526,5.691056910569105,22.76422764227642,71.54471544715447,65.85365853658537,5.691056910569105
E00068127,80,27,11,16,53,45,8,33.75,13.750000000000002,20,66.25,56.25,10
E00068128,182,58,22,36,124,110,14,31.868131868131865,12.087912087912088,19.78021978021978,68.13186813186813,60.43956043956044,7.6923076923076925
E00068129,150,44,9,35,106,93,13,29.333333333333332,6,23.333333333333332,70.66666666666667,62,8.666666666666668
E00068130,104,29,9,20,75,74,1,27.884615384615387,8.653846153846153,19.230769230769234,72.11538461538461,71.15384615384616,0.9615384615384616
E00068131,92,39,7,32,53,48,5,42.391304347826086,7.608695652173914,34.78260869565217,57.608695652173914,52.17391304347826,5.434782608695652
E00068132,200,61,16,45,139,129,10,30.5,8,22.5,69.5,64.5,5
E00068133,70,27,6,21,43,42,1,38.57142857142858,8.571428571428571,30,61.42857142857143,60,1.4285714285714286
E00068134,148,39,12,27,109,95,14,26.351351351351347,8.108108108108109,18.243243243243242,73.64864864864865,64.1891891891892,9.45945945945946
E00068135,86,32,9,23,54,45,9,37.2093023255814,10.465116279069768,26.744186046511626,62.7906976744186,52.32558139534884,10.465116279069768
E00068136,187,57,23,34,130,122,8,30.481283422459892,12.299465240641712,18.181818181818183,69.5187165775401,65.24064171122996,4.27807486631016
E00068137,146,49,15,34,97,86,11,33.56164383561644,10.273972602739725,23.28767123287671,66.43835616438356,58.9041095890411,7.534246575342466
E00068138,161,44,12,32,117,107,10,27.32919254658385,7.453416149068323,19.875776397515526,72.67080745341616,66.45962732919256,6.211180124223603
E00068139,116,38,11,27,78,69,9,32.758620689655174,9.482758620689655,23.275862068965516,67.24137931034483,59.48275862068966,7.758620689655173
E00068140,190,52,11,41,138,126,12,27.368421052631582,5.7894736842105265,21.578947368421055,72.63157894736842,66.3157894736842,6.315789473684211
E00068141,164,48,13,35,116,103,13,29.268292682926827,7.926829268292683,21.341463414634145,70.73170731707317,62.80487804878049,7.926829268292683
E00068142,121,38,7,31,83,75,8,31.40495867768595,5.785123966942149,25.6198347107438,68.59504132231406,61.98347107438017,6.6115702479338845
E00068143,122,40,4,36,82,69,13,32.78688524590164,3.278688524590164,29.508196721311474,67.21311475409836,56.557377049180324,10.655737704918032
E00068144,96,29,7,22,67,61,6,30.208333333333332,7.291666666666667,22.916666666666664,69.79166666666666,63.541666666666664,6.25
E00068145,152,42,11,31,110,96,14,27.631578947368425,7.236842105263158,20.394736842105264,72.36842105263158,63.1578947368421,9.210526315789473
E00068146,144,43,10,33,101,93,8,29.86111111111111,6.944444444444445,22.916666666666664,70.13888888888889,64.58333333333334,5.555555555555555
E00068147,99,42,15,27,57,49,8,42.42424242424242,15.151515151515152,27.27272727272727,57.57575757575758,49.494949494949495,8.080808080808081
E00068148,132,35,10,25,97,90,7,26.515151515151516,7.575757575757576,18.939393939393938,73.48484848484848,68.18181818181817,5.303030303030303
E00068149,119,37,12,25,82,66,16,31.092436974789916,10.084033613445378,21.008403361344538,68.90756302521008,55.46218487394958,13.445378151260504
E00068150,174,58,16,42,116,102,14,33.33333333333333,9.195402298850574,24.137931034482758,66.66666666666666,58.620689655172406,8.045977011494253
E00068151,137,40,14,26,97,83,14,29.1970802919708,10.218978102189782,18.97810218978102,70.8029197080292,60.58394160583942,10.218978102189782
E00068152,163,45,13,32,118,113,5,27.607361963190186,7.975460122699387,19.631901840490798,72.39263803680981,69.32515337423312,3.067484662576687
E00068153,153,47,9,38,106,94,12,30.718954248366014,5.88235294117647,24.836601307189543,69.28104575163398,61.43790849673203,7.8431372549019605
E00068154,103,51,9,42,52,47,5,49.51456310679612,8.737864077669903,40.77669902912621,50.48543689320388,45.63106796116505,4.854368932038835
E00068155,131,30,11,19,101,85,16,22.900763358778626,8.396946564885496,14.50381679389313,77.09923664122137,64.8854961832061,12.213740458015266
E00068156,160,43,9,34,117,104,13,26.875,5.625,21.25,73.125,65,8.125
E00068157,137,38,11,27,99,83,16,27.73722627737226,8.02919708029197,19.708029197080293,72.26277372262774,60.58394160583942,11.678832116788321
E00068158,195,73,22,51,122,113,9,37.43589743589744,11.282051282051283,26.153846153846157,62.56410256410256,57.948717948717956,4.615384615384616
E00068159,156,41,6,35,115,108,7,26.282051282051285,3.8461538461538463,22.435897435897438,73.71794871794873,69.23076923076923,4.487179487179487
E00068160,155,40,15,25,115,100,15,25.806451612903224,9.67741935483871,16.129032258064516,74.19354838709677,64.51612903225806,9.67741935483871
E00068161,114,37,16,21,77,71,6,32.45614035087719,14.035087719298245,18.421052631578945,67.54385964912281,62.28070175438597,5.263157894736842
E00068162,141,36,13,23,105,95,10,25.53191489361702,9.219858156028367,16.312056737588655,74.46808510638297,67.37588652482269,7.092198581560284
E00068163,133,35,9,26,98,86,12,26.31578947368421,6.7669172932330826,19.548872180451127,73.68421052631578,64.66165413533834,9.022556390977442
E00068164,159,50,14,36,109,99,10,31.446540880503143,8.80503144654088,22.641509433962266,68.55345911949685,62.264150943396224,6.289308176100629
E00068165,71,22,10,12,49,37,12,30.985915492957744,14.084507042253522,16.901408450704224,69.01408450704226,52.112676056338024,16.901408450704224
E00068166,178,63,12,51,115,107,8,35.39325842696629,6.741573033707865,28.651685393258425,64.60674157303372,60.1123595505618,4.49438202247191
E00068167,139,38,9,29,101,91,10,27.33812949640288,6.474820143884892,20.863309352517987,72.66187050359713,65.46762589928058,7.1942446043165464
E00068168,116,37,12,25,79,72,7,31.896551724137932,10.344827586206897,21.551724137931032,68.10344827586206,62.06896551724138,6.0344827586206895
E00068169,154,36,8,28,118,103,15,23.376623376623375,5.194805194805195,18.181818181818183,76.62337662337663,66.88311688311688,9.740259740259742
E00068170,106,53,18,35,53,50,3,50,16.9811320754717,33.0188679245283,50,47.16981132075472,2.8301886792452833
E00068171,142,41,9,32,101,91,10,28.87323943661972,6.338028169014084,22.535211267605636,71.12676056338029,64.08450704225352,7.042253521126761
E00068172,130,44,9,35,86,74,12,33.84615384615385,6.923076923076923,26.923076923076923,66.15384615384615,56.92307692307692,9.230769230769232
E00068173,122,26,11,15,96,83,13,21.311475409836063,9.01639344262295,12.295081967213115,78.68852459016394,68.0327868852459,10.655737704918032
E00068174,149,40,12,28,109,99,10,26.845637583892618,8.053691275167784,18.79194630872483,73.15436241610739,66.44295302013423,6.7114093959731544
E00068175,97,36,12,24,61,52,9,37.11340206185567,12.371134020618557,24.742268041237114,62.88659793814433,53.608247422680414,9.278350515463918
E00068176,135,37,3,34,98,86,12,27.40740740740741,2.2222222222222223,25.185185185185183,72.5925925925926,63.70370370370371,8.88888888888889
E00068177,172,43,8,35,129,125,4,25,4.651162790697675,20.348837209302324,75,72.67441860465115,2.3255813953488373
E00068178,95,26,7,19,69,61,8,27.368421052631582,7.368421052631578,20,72.63157894736842,64.21052631578948,8.421052631578947
E00068179,170,43,7,36,127,113,14,25.294117647058822,4.117647058823529,21.176470588235293,74.70588235294117,66.47058823529412,8.235294117647058
E00068180,109,26,5,21,83,79,4,23.853211009174313,4.587155963302752,19.26605504587156,76.14678899082568,72.47706422018348,3.669724770642202
E00068181,162,47,12,35,115,106,9,29.01234567901235,7.4074074074074066,21.604938271604937,70.98765432098766,65.4320987654321,5.555555555555555
E00068182,157,51,9,42,106,100,6,32.48407643312102,5.7324840764331215,26.751592356687897,67.51592356687898,63.69426751592356,3.821656050955414
E00068183,160,46,12,34,114,109,5,28.749999999999996,7.5,21.25,71.25,68.125,3.125
E00068184,102,29,14,15,73,69,4,28.431372549019606,13.725490196078432,14.705882352941178,71.56862745098039,67.64705882352942,3.9215686274509802
E00068185,163,39,8,31,124,110,14,23.92638036809816,4.9079754601226995,19.018404907975462,76.07361963190185,67.48466257668711,8.588957055214724
E00068186,124,43,15,28,81,74,7,34.67741935483871,12.096774193548388,22.58064516129032,65.32258064516128,59.67741935483871,5.64516129032258
E00068187,72,28,10,18,44,41,3,38.88888888888889,13.88888888888889,25,61.111111111111114,56.94444444444444,4.166666666666666
E00068188,164,52,15,37,112,102,10,31.70731707317073,9.146341463414634,22.5609756097561,68.29268292682927,62.19512195121951,6.097560975609756
E00068189,155,30,7,23,125,110,15,19.35483870967742,4.516129032258064,14.838709677419354,80.64516129032258,70.96774193548387,9.67741935483871
E00068190,163,54,20,34,109,92,17,33.12883435582822,12.269938650306749,20.858895705521473,66.87116564417178,56.44171779141104,10.429447852760736
E00068191,140,43,16,27,97,86,11,30.714285714285715,11.428571428571429,19.28571428571429,69.28571428571428,61.42857142857143,7.857142857142857
E00068192,109,30,10,20,79,63,16,27.522935779816514,9.174311926605505,18.34862385321101,72.47706422018348,57.798165137614674,14.678899082568808
E00068193,180,50,18,32,130,112,18,27.77777777777778,10,17.77777777777778,72.22222222222221,62.22222222222222,10
E00068194,163,49,10,39,114,104,10,30.061349693251532,6.134969325153374,23.92638036809816,69.93865030674846,63.80368098159509,6.134969325153374
E00068195,144,33,3,30,111,101,10,22.916666666666664,2.083333333333333,20.833333333333336,77.08333333333334,70.13888888888889,6.944444444444445
E00068196,153,43,13,30,110,95,15,28.104575163398692,8.49673202614379,19.607843137254903,71.89542483660131,62.091503267973856,9.803921568627452
E00068197,179,45,10,35,134,118,16,25.139664804469277,5.58659217877095,19.553072625698324,74.86033519553072,65.92178770949721,8.938547486033519
E00068198,148,40,11,29,108,97,11,27.027027027027028,7.4324324324324325,19.594594594594593,72.97297297297297,65.54054054054053,7.4324324324324325
E00068199,138,32,9,23,106,96,10,23.18840579710145,6.521739130434782,16.666666666666664,76.81159420289855,69.56521739130434,7.246376811594203
E00068200,128,38,7,31,90,80,10,29.6875,5.46875,24.21875,70.3125,62.5,7.8125
E00068201,131,33,12,21,98,92,6,25.190839694656486,9.16030534351145,16.030534351145036,74.80916030534351,70.22900763358778,4.580152671755725
E00068202,124,45,10,35,79,68,11,36.29032258064516,8.064516129032258,28.225806451612907,63.70967741935484,54.83870967741935,8.870967741935484
E00068203,148,39,13,26,109,96,13,26.351351351351347,8.783783783783784,17.56756756756757,73.64864864864865,64.86486486486487,8.783783783783784
E00068204,109,32,9,23,77,64,13,29.357798165137616,8.256880733944955,21.100917431192663,70.64220183486239,58.71559633027523,11.926605504587156
E00068205,92,37,9,28,55,46,9,40.21739130434783,9.782608695652174,30.434782608695656,59.78260869565217,50,9.782608695652174
E00068206,171,51,15,36,120,109,11,29.82456140350877,8.771929824561402,21.052631578947366,70.17543859649122,63.74269005847953,6.432748538011696
E00068207,111,31,11,20,80,70,10,27.927927927927925,9.90990990990991,18.01801801801802,72.07207207207207,63.06306306306306,9.00900900900901
E00068208,124,40,17,23,84,72,12,32.25806451612903,13.709677419354838,18.548387096774192,67.74193548387096,58.06451612903226,9.67741935483871
E00068209,161,50,14,36,111,100,11,31.05590062111801,8.695652173913043,22.36024844720497,68.94409937888199,62.11180124223602,6.832298136645963
E00068210,142,39,13,26,103,93,10,27.464788732394368,9.15492957746479,18.30985915492958,72.53521126760563,65.49295774647888,7.042253521126761
E00068211,134,41,17,24,93,84,9,30.597014925373134,12.686567164179104,17.91044776119403,69.40298507462687,62.68656716417911,6.7164179104477615
E00068212,181,54,14,40,127,114,13,29.83425414364641,7.734806629834254,22.099447513812155,70.1657458563536,62.98342541436463,7.18232044198895
E00068213,138,43,15,28,95,90,5,31.15942028985507,10.869565217391305,20.28985507246377,68.84057971014492,65.21739130434783,3.6231884057971016
E00068214,148,54,16,38,94,85,9,36.486486486486484,10.81081081081081,25.675675675675674,63.51351351351351,57.432432432432435,6.081081081081082
E00068215,181,52,15,37,129,111,18,28.7292817679558,8.287292817679557,20.441988950276244,71.27071823204419,61.32596685082873,9.94475138121547
E00068216,152,53,14,39,99,91,8,34.868421052631575,9.210526315789473,25.657894736842106,65.13157894736842,59.86842105263158,5.263157894736842
E00068217,170,46,13,33,124,108,16,27.058823529411764,7.647058823529412,19.411764705882355,72.94117647058823,63.52941176470588,9.411764705882353
E00068218,165,59,20,39,106,93,13,35.75757575757576,12.121212121212121,23.636363636363637,64.24242424242425,56.36363636363636,7.878787878787878
E00068219,186,46,13,33,140,124,16,24.731182795698924,6.989247311827956,17.741935483870968,75.26881720430107,66.66666666666666,8.60215053763441
E00068220,126,44,13,31,82,73,9,34.92063492063492,10.317460317460316,24.6031746031746,65.07936507936508,57.936507936507944,7.142857142857142
E00068221,88,23,7,16,65,56,9,26.136363636363637,7.954545454545454,18.181818181818183,73.86363636363636,63.63636363636363,10.227272727272728
E00068222,147,42,12,30,105,89,16,28.57142857142857,8.16326530612245,20.408163265306122,71.42857142857143,60.544217687074834,10.884353741496598
E00068223,150,43,15,28,107,96,11,28.666666666666668,10,18.666666666666668,71.33333333333334,64,7.333333333333333
E00068224,110,33,11,22,77,73,4,30,10,20,70,66.36363636363637,3.6363636363636362
E00068225,107,28,8,20,79,71,8,26.168224299065418,7.476635514018691,18.69158878504673,73.83177570093457,66.35514018691589,7.476635514018691
E00068226,144,39,9,30,105,96,9,27.083333333333332,6.25,20.833333333333336,72.91666666666666,66.66666666666666,6.25
E00068227,160,49,10,39,111,95,16,30.625000000000004,6.25,24.375,69.375,59.375,10
E00068228,140,57,17,40,83,71,12,40.714285714285715,12.142857142857142,28.57142857142857,59.285714285714285,50.71428571428571,8.571428571428571
E00068229,145,39,10,29,106,89,17,26.89655172413793,6.896551724137931,20,73.10344827586206,61.37931034482759,11.724137931034482
E00068230,129,42,12,30,87,79,8,32.55813953488372,9.30232558139535,23.25581395348837,67.44186046511628,61.240310077519375,6.2015503875969
E00068231,179,48,15,33,131,109,22,26.81564245810056,8.379888268156424,18.435754189944134,73.18435754189943,60.893854748603346,12.290502793296088
E00068232,89,20,4,16,69,53,16,22.47191011235955,4.49438202247191,17.97752808988764,77.52808988764045,59.55056179775281,17.97752808988764
E00068233,255,67,13,54,188,166,22,26.27450980392157,5.098039215686274,21.176470588235293,73.72549019607844,65.09803921568627,8.627450980392156
E00068234,236,67,28,39,169,153,16,28.389830508474578,11.864406779661017,16.52542372881356,71.61016949152543,64.83050847457628,6.779661016949152
E00068235,171,52,13,39,119,108,11,30.409356725146196,7.602339181286549,22.807017543859647,69.5906432748538,63.1578947368421,6.432748538011696
E00068236,179,57,17,40,122,110,12,31.843575418994412,9.497206703910614,22.3463687150838,68.15642458100558,61.452513966480446,6.70391061452514
E00068237,223,55,15,40,168,142,26,24.663677130044842,6.726457399103139,17.937219730941703,75.33632286995515,63.67713004484305,11.659192825112108
E00068238,132,25,9,16,107,87,20,18.939393939393938,6.8181818181818175,12.121212121212121,81.06060606060606,65.9090909090909,15.151515151515152
E00068239,236,71,23,48,165,145,20,30.08474576271186,9.745762711864407,20.33898305084746,69.91525423728814,61.440677966101696,8.47457627118644
E00068241,157,51,13,38,106,95,11,32.48407643312102,8.280254777070063,24.203821656050955,67.51592356687898,60.509554140127385,7.006369426751593
E00068242,245,69,23,46,176,159,17,28.163265306122447,9.387755102040817,18.775510204081634,71.83673469387755,64.89795918367346,6.938775510204081
E00068243,123,43,15,28,80,69,11,34.959349593495936,12.195121951219512,22.76422764227642,65.04065040650406,56.09756097560976,8.94308943089431
E00068244,284,76,33,43,208,178,30,26.76056338028169,11.619718309859154,15.140845070422534,73.23943661971832,62.676056338028175,10.56338028169014
E00068245,120,33,12,21,87,80,7,27.500000000000004,10,17.5,72.5,66.66666666666666,5.833333333333333
E00068246,145,54,9,45,91,80,11,37.24137931034483,6.206896551724138,31.03448275862069,62.758620689655174,55.172413793103445,7.586206896551724
E00068247,183,54,12,42,129,114,15,29.508196721311474,6.557377049180328,22.950819672131146,70.49180327868852,62.295081967213115,8.19672131147541
E00068248,112,23,1,22,89,74,15,20.535714285714285,0.8928571428571428,19.642857142857142,79.46428571428571,66.07142857142857,13.392857142857142
E00068249,200,50,13,37,150,136,14,25,6.5,18.5,75,68,7.000000000000001
E00068250,183,50,15,35,133,110,23,27.322404371584703,8.19672131147541,19.12568306010929,72.6775956284153,60.10928961748634,12.568306010928962
E00068252,65,18,5,13,47,43,4,27.692307692307693,7.6923076923076925,20,72.3076923076923,66.15384615384615,6.153846153846154
E00068253,70,33,14,19,37,34,3,47.14285714285714,20,27.142857142857142,52.85714285714286,48.57142857142857,4.285714285714286
E00068254,140,32,4,28,108,100,8,22.857142857142858,2.857142857142857,20,77.14285714285715,71.42857142857143,5.714285714285714
E00068255,171,44,11,33,127,108,19,25.730994152046783,6.432748538011696,19.298245614035086,74.26900584795322,63.1578947368421,11.11111111111111
E00068256,45,18,3,15,27,27,0,40,6.666666666666667,33.33333333333333,60,60,0
E00068257,63,23,5,18,40,33,7,36.507936507936506,7.936507936507936,28.57142857142857,63.49206349206349,52.38095238095239,11.11111111111111
E00068258,60,21,3,18,39,38,1,35,5,30,65,63.33333333333333,1.6666666666666667
E00068259,142,53,16,37,89,76,13,37.32394366197183,11.267605633802818,26.056338028169012,62.676056338028175,53.52112676056338,9.15492957746479
E00068260,108,29,11,18,79,67,12,26.851851851851855,10.185185185185185,16.666666666666664,73.14814814814815,62.03703703703704,11.11111111111111
E00068261,161,37,17,20,124,112,12,22.981366459627328,10.559006211180124,12.422360248447205,77.01863354037268,69.56521739130434,7.453416149068323
E00068262,87,23,12,11,64,57,7,26.436781609195403,13.793103448275861,12.643678160919542,73.5632183908046,65.51724137931035,8.045977011494253
E00068263,142,50,14,36,92,84,8,35.2112676056338,9.859154929577464,25.352112676056336,64.7887323943662,59.154929577464785,5.633802816901409
E00068265,153,34,9,25,119,110,9,22.22222222222222,5.88235294117647,16.33986928104575,77.77777777777779,71.89542483660131,5.88235294117647
E00068266,135,38,11,27,97,83,14,28.14814814814815,8.148148148148149,20,71.85185185185186,61.48148148148148,10.37037037037037
E00068267,141,48,14,34,93,78,15,34.04255319148936,9.929078014184398,24.113475177304963,65.95744680851064,55.319148936170215,10.638297872340425
E00068268,114,24,14,10,90,84,6,21.052631578947366,12.280701754385964,8.771929824561402,78.94736842105263,73.68421052631578,5.263157894736842
E00068269,80,23,9,14,57,43,14,28.749999999999996,11.25,17.5,71.25,53.75,17.5
E00068270,122,39,11,28,83,76,7,31.967213114754102,9.01639344262295,22.950819672131146,68.0327868852459,62.295081967213115,5.737704918032787
E00068271,109,27,8,19,82,75,7,24.770642201834864,7.339449541284404,17.431192660550458,75.22935779816514,68.80733944954129,6.422018348623854
E00068272,115,39,17,22,76,65,11,33.91304347826087,14.782608695652174,19.130434782608695,66.08695652173913,56.52173913043478,9.565217391304348
E00068273,168,50,23,27,118,107,11,29.761904761904763,13.690476190476192,16.071428571428573,70.23809523809523,63.69047619047619,6.547619047619048
E00068274,149,55,22,33,94,80,14,36.91275167785235,14.76510067114094,22.14765100671141,63.08724832214765,53.691275167785236,9.395973154362416
E00068275,134,46,17,29,88,73,15,34.32835820895522,12.686567164179104,21.641791044776117,65.67164179104478,54.47761194029851,11.194029850746269
E00068276,96,31,7,24,65,57,8,32.29166666666667,7.291666666666667,25,67.70833333333334,59.375,8.333333333333332
E00068277,151,48,13,35,103,93,10,31.788079470198678,8.609271523178808,23.178807947019866,68.21192052980133,61.58940397350994,6.622516556291391
E00068278,116,32,10,22,84,70,14,27.586206896551722,8.620689655172415,18.96551724137931,72.41379310344827,60.3448275862069,12.068965517241379
E00068279,188,80,30,50,108,99,9,42.5531914893617,15.957446808510639,26.595744680851062,57.446808510638306,52.659574468085104,4.787234042553192
E00068280,134,33,12,21,101,84,17,24.62686567164179,8.955223880597014,15.671641791044777,75.3731343283582,62.68656716417911,12.686567164179104
E00068281,217,75,30,45,142,125,17,34.56221198156682,13.82488479262673,20.737327188940093,65.43778801843318,57.6036866359447,7.834101382488479
E00068282,157,58,15,43,99,84,15,36.94267515923567,9.554140127388536,27.388535031847134,63.05732484076433,53.503184713375795,9.554140127388536
E00068283,167,51,22,29,116,99,17,30.538922155688624,13.17365269461078,17.365269461077844,69.46107784431138,59.281437125748504,10.179640718562874
E00068284,158,37,14,23,121,111,10,23.417721518987342,8.860759493670885,14.556962025316455,76.58227848101265,70.25316455696202,6.329113924050633
E00068285,269,54,16,38,215,193,22,20.074349442379184,5.947955390334572,14.12639405204461,79.92565055762083,71.74721189591078,8.178438661710038
E00068286,120,38,14,24,82,74,8,31.666666666666664,11.666666666666666,20,68.33333333333333,61.66666666666667,6.666666666666667
E00068287,193,43,14,29,150,124,26,22.279792746113987,7.253886010362693,15.025906735751295,77.720207253886,64.24870466321244,13.471502590673575
E00068288,160,54,19,35,106,85,21,33.75,11.875,21.875,66.25,53.125,13.125
E00068289,145,40,15,25,105,97,8,27.586206896551722,10.344827586206897,17.24137931034483,72.41379310344827,66.89655172413794,5.517241379310345
E00068290,196,60,21,39,136,113,23,30.612244897959183,10.714285714285714,19.897959183673468,69.38775510204081,57.6530612244898,11.73469387755102
E00068291,155,61,29,32,94,78,16,39.35483870967742,18.70967741935484,20.64516129032258,60.64516129032258,50.32258064516129,10.32258064516129
E00068292,154,44,20,24,110,98,12,28.57142857142857,12.987012987012985,15.584415584415584,71.42857142857143,63.63636363636363,7.792207792207792
E00068293,162,68,26,42,94,88,6,41.9753086419753,16.049382716049383,25.925925925925924,58.0246913580247,54.32098765432099,3.7037037037037033
E00068294,116,30,12,18,86,78,8,25.862068965517242,10.344827586206897,15.517241379310345,74.13793103448276,67.24137931034483,6.896551724137931
E00068295,59,28,6,22,31,30,1,47.45762711864407,10.16949152542373,37.28813559322034,52.54237288135594,50.847457627118644,1.694915254237288
E00068296,132,43,15,28,89,82,7,32.57575757575758,11.363636363636363,21.21212121212121,67.42424242424242,62.121212121212125,5.303030303030303
E00068297,83,29,4,25,54,47,7,34.93975903614458,4.819277108433735,30.120481927710845,65.06024096385542,56.62650602409639,8.433734939759036
E00068298,117,51,19,32,66,59,7,43.58974358974359,16.23931623931624,27.350427350427353,56.41025641025641,50.427350427350426,5.982905982905983
E00068299,71,24,8,16,47,39,8,33.80281690140845,11.267605633802818,22.535211267605636,66.19718309859155,54.929577464788736,11.267605633802818
E00068301,104,48,17,31,56,53,3,46.15384615384615,16.346153846153847,29.807692307692307,53.84615384615385,50.96153846153846,2.8846153846153846
E00068302,158,47,22,25,111,100,11,29.746835443037973,13.924050632911392,15.822784810126583,70.25316455696202,63.29113924050633,6.962025316455696
E00068303,136,62,24,38,74,66,8,45.588235294117645,17.647058823529413,27.941176470588236,54.41176470588235,48.529411764705884,5.88235294117647
E00068304,151,50,19,31,101,92,9,33.11258278145696,12.582781456953644,20.52980132450331,66.88741721854305,60.9271523178808,5.960264900662252
E00068306,131,36,12,24,95,80,15,27.480916030534353,9.16030534351145,18.3206106870229,72.51908396946564,61.06870229007634,11.450381679389313
E00068307,164,55,25,30,109,88,21,33.53658536585366,15.24390243902439,18.29268292682927,66.46341463414635,53.65853658536586,12.804878048780488
E00068308,91,29,12,17,62,54,8,31.868131868131865,13.186813186813188,18.681318681318682,68.13186813186813,59.34065934065934,8.791208791208792
E00068309,135,42,12,30,93,79,14,31.11111111111111,8.88888888888889,22.22222222222222,68.88888888888889,58.51851851851851,10.37037037037037
E00068310,190,42,15,27,148,119,29,22.105263157894736,7.894736842105263,14.210526315789473,77.89473684210526,62.63157894736842,15.263157894736842
E00068312,94,24,10,14,70,57,13,25.53191489361702,10.638297872340425,14.893617021276595,74.46808510638297,60.63829787234043,13.829787234042554
E00068314,92,26,6,20,66,56,10,28.26086956521739,6.521739130434782,21.73913043478261,71.73913043478261,60.86956521739131,10.869565217391305
E00068315,130,36,11,25,94,85,9,27.692307692307693,8.461538461538462,19.230769230769234,72.3076923076923,65.38461538461539,6.923076923076923
E00068316,172,49,16,33,123,109,14,28.488372093023255,9.30232558139535,19.186046511627907,71.51162790697676,63.372093023255815,8.13953488372093
E00068317,131,37,9,28,94,81,13,28.24427480916031,6.870229007633588,21.374045801526716,71.7557251908397,61.832061068702295,9.923664122137405
E00068318,119,48,17,31,71,65,6,40.33613445378151,14.285714285714285,26.05042016806723,59.66386554621849,54.621848739495796,5.042016806722689
E00068319,59,19,9,10,40,35,5,32.20338983050847,15.254237288135593,16.94915254237288,67.79661016949152,59.32203389830508,8.47457627118644
E00068320,119,33,8,25,86,74,12,27.73109243697479,6.722689075630252,21.008403361344538,72.26890756302521,62.18487394957983,10.084033613445378
E00068321,117,26,8,18,91,81,10,22.22222222222222,6.837606837606838,15.384615384615385,77.77777777777779,69.23076923076923,8.547008547008547
E00068322,151,49,12,37,102,93,9,32.450331125827816,7.9470198675496695,24.503311258278146,67.54966887417218,61.58940397350994,5.960264900662252
E00068323,128,38,10,28,90,79,11,29.6875,7.8125,21.875,70.3125,61.71875,8.59375
E00068324,143,28,3,25,115,102,13,19.58041958041958,2.097902097902098,17.482517482517483,80.41958041958041,71.32867132867133,9.090909090909092
E00068325,153,39,13,26,114,98,16,25.49019607843137,8.49673202614379,16.99346405228758,74.50980392156863,64.05228758169935,10.457516339869281
E00068326,191,50,7,43,141,126,15,26.17801047120419,3.664921465968586,22.5130890052356,73.82198952879581,65.96858638743456,7.853403141361256
E00068327,169,49,17,32,120,109,11,28.994082840236686,10.059171597633137,18.93491124260355,71.00591715976331,64.49704142011834,6.508875739644971
E00068328,145,48,15,33,97,90,7,33.10344827586207,10.344827586206897,22.758620689655174,66.89655172413794,62.06896551724138,4.827586206896552
E00068329,151,33,8,25,118,103,15,21.85430463576159,5.298013245033113,16.55629139072848,78.1456953642384,68.21192052980133,9.933774834437086
E00068330,163,55,16,39,108,91,17,33.74233128834356,9.815950920245399,23.92638036809816,66.25766871165644,55.828220858895705,10.429447852760736
E00068331,96,29,10,19,67,58,9,30.208333333333332,10.416666666666668,19.791666666666664,69.79166666666666,60.416666666666664,9.375
E00068332,152,52,12,40,100,91,9,34.21052631578947,7.894736842105263,26.31578947368421,65.78947368421053,59.86842105263158,5.921052631578947
E00068333,178,61,18,43,117,97,20,34.26966292134831,10.112359550561797,24.15730337078652,65.73033707865169,54.49438202247191,11.235955056179774
E00068334,131,33,8,25,98,91,7,25.190839694656486,6.106870229007633,19.083969465648856,74.80916030534351,69.46564885496184,5.343511450381679
E00068335,160,50,13,37,110,102,8,31.25,8.125,23.125,68.75,63.74999999999999,5
E00068336,100,37,10,27,63,56,7,37,10,27,63,56.00000000000001,7.000000000000001
E00068337,108,34,10,24,74,64,10,31.48148148148148,9.25925925925926,22.22222222222222,68.51851851851852,59.25925925925925,9.25925925925926
E00068338,121,45,13,32,76,70,6,37.1900826446281,10.743801652892563,26.446280991735538,62.8099173553719,57.85123966942148,4.958677685950414
E00068339,140,47,10,37,93,79,14,33.57142857142857,7.142857142857142,26.42857142857143,66.42857142857143,56.42857142857143,10
E00068340,104,37,14,23,67,54,13,35.57692307692308,13.461538461538462,22.115384615384613,64.42307692307693,51.92307692307693,12.5
E00068341,154,56,24,32,98,88,10,36.36363636363637,15.584415584415584,20.77922077922078,63.63636363636363,57.14285714285714,6.493506493506493
E00068342,131,47,13,34,84,76,8,35.87786259541985,9.923664122137405,25.954198473282442,64.12213740458014,58.01526717557252,6.106870229007633
E00068343,141,44,15,29,97,88,9,31.20567375886525,10.638297872340425,20.56737588652482,68.79432624113475,62.4113475177305,6.382978723404255
E00068344,136,55,16,39,81,73,8,40.44117647058824,11.76470588235294,28.676470588235293,59.55882352941176,53.67647058823529,5.88235294117647
E00068345,133,37,11,26,96,85,11,27.819548872180448,8.270676691729323,19.548872180451127,72.18045112781954,63.90977443609023,8.270676691729323
E00068346,149,38,13,25,111,96,15,25.503355704697988,8.724832214765101,16.778523489932887,74.49664429530202,64.42953020134227,10.06711409395973
E00068347,115,27,10,17,88,85,3,23.47826086956522,8.695652173913043,14.782608695652174,76.52173913043478,73.91304347826086,2.608695652173913
E00068348,166,42,10,32,124,103,21,25.301204819277107,6.024096385542169,19.27710843373494,74.69879518072288,62.048192771084345,12.650602409638553
E00068349,133,26,4,22,107,94,13,19.548872180451127,3.007518796992481,16.541353383458645,80.45112781954887,70.67669172932331,9.774436090225564
E00068350,143,59,11,48,84,79,5,41.25874125874126,7.6923076923076925,33.56643356643357,58.74125874125874,55.24475524475524,3.4965034965034967
E00068351,314,84,27,57,230,198,32,26.751592356687897,8.598726114649681,18.152866242038215,73.24840764331209,63.05732484076433,10.191082802547772
E00068352,132,43,6,37,89,79,10,32.57575757575758,4.545454545454546,28.030303030303028,67.42424242424242,59.84848484848485,7.575757575757576
E00068353,156,45,8,37,111,100,11,28.846153846153843,5.128205128205128,23.717948717948715,71.15384615384616,64.1025641025641,7.051282051282051
E00068354,122,36,11,25,86,78,8,29.508196721311474,9.01639344262295,20.491803278688526,70.49180327868852,63.934426229508205,6.557377049180328
E00068355,140,43,15,28,97,89,8,30.714285714285715,10.714285714285714,20,69.28571428571428,63.57142857142857,5.714285714285714
E00068356,139,39,6,33,100,88,12,28.05755395683453,4.316546762589928,23.741007194244602,71.94244604316546,63.30935251798561,8.633093525179856
E00068357,152,53,18,35,99,95,4,34.868421052631575,11.842105263157894,23.026315789473685,65.13157894736842,62.5,2.631578947368421
E00068358,172,52,19,33,120,105,15,30.23255813953488,11.046511627906977,19.186046511627907,69.76744186046511,61.04651162790697,8.720930232558139
E00068359,148,37,8,29,111,91,20,25,5.405405405405405,19.594594594594593,75,61.48648648648649,13.513513513513514
E00068360,156,59,25,34,97,84,13,37.82051282051282,16.025641025641026,21.794871794871796,62.17948717948718,53.84615384615385,8.333333333333332
E00068361,83,38,15,23,45,40,5,45.78313253012048,18.072289156626507,27.710843373493976,54.21686746987952,48.19277108433735,6.024096385542169
E00068362,126,44,19,25,82,69,13,34.92063492063492,15.079365079365079,19.841269841269842,65.07936507936508,54.761904761904766,10.317460317460316
E00068364,195,64,17,47,131,114,17,32.82051282051282,8.717948717948717,24.102564102564102,67.17948717948717,58.46153846153847,8.717948717948717
E00068365,126,48,12,36,78,71,7,38.095238095238095,9.523809523809524,28.57142857142857,61.904761904761905,56.34920634920635,5.555555555555555
E00068366,262,76,24,52,186,159,27,29.00763358778626,9.16030534351145,19.84732824427481,70.99236641221374,60.68702290076335,10.305343511450381
E00068367,229,59,18,41,170,159,11,25.76419213973799,7.860262008733625,17.903930131004365,74.235807860262,69.43231441048034,4.8034934497816595
E00068368,229,58,17,41,171,148,23,25.327510917030565,7.423580786026202,17.903930131004365,74.67248908296943,64.62882096069869,10.043668122270741
E00068369,296,91,27,64,205,181,24,30.743243243243246,9.121621621621621,21.62162162162162,69.25675675675676,61.14864864864865,8.108108108108109
E00068370,133,39,16,23,94,86,8,29.32330827067669,12.030075187969924,17.293233082706767,70.67669172932331,64.66165413533834,6.015037593984962
E00068371,235,71,20,51,164,134,30,30.21276595744681,8.51063829787234,21.70212765957447,69.7872340425532,57.02127659574469,12.76595744680851
E00068372,138,38,15,23,100,92,8,27.536231884057973,10.869565217391305,16.666666666666664,72.46376811594203,66.66666666666666,5.797101449275362
E00068373,133,43,12,31,90,78,12,32.33082706766917,9.022556390977442,23.308270676691727,67.66917293233082,58.64661654135338,9.022556390977442
E00068374,167,55,14,41,112,93,19,32.93413173652694,8.383233532934131,24.550898203592812,67.06586826347305,55.688622754491014,11.377245508982035
E00068375,124,45,9,36,79,72,7,36.29032258064516,7.258064516129033,29.03225806451613,63.70967741935484,58.06451612903226,5.64516129032258
E00068376,189,48,17,31,141,117,24,25.396825396825395,8.994708994708994,16.402116402116402,74.60317460317461,61.904761904761905,12.698412698412698
E00068377,138,43,12,31,95,84,11,31.15942028985507,8.695652173913043,22.463768115942027,68.84057971014492,60.86956521739131,7.971014492753622
E00068380,129,34,10,24,95,83,12,26.356589147286826,7.751937984496124,18.6046511627907,73.64341085271317,64.34108527131784,9.30232558139535
E00068381,134,46,19,27,88,66,22,34.32835820895522,14.17910447761194,20.149253731343283,65.67164179104478,49.25373134328358,16.417910447761194
E00068382,135,37,11,26,98,82,16,27.40740740740741,8.148148148148149,19.25925925925926,72.5925925925926,60.74074074074074,11.851851851851853
E00068383,61,15,7,8,46,37,9,24.59016393442623,11.475409836065573,13.114754098360656,75.40983606557377,60.65573770491803,14.754098360655737
E00068384,191,56,16,40,135,127,8,29.31937172774869,8.37696335078534,20.94240837696335,70.68062827225131,66.49214659685863,4.18848167539267
E00068385,172,50,15,35,122,108,14,29.069767441860467,8.720930232558139,20.348837209302324,70.93023255813954,62.7906976744186,8.13953488372093
E00068386,149,53,15,38,96,80,16,35.57046979865772,10.06711409395973,25.503355704697988,64.42953020134227,53.691275167785236,10.738255033557047
E00068387,155,59,20,39,96,81,15,38.064516129032256,12.903225806451612,25.161290322580644,61.935483870967744,52.25806451612903,9.67741935483871
E00068388,168,51,21,30,117,103,14,30.357142857142854,12.5,17.857142857142858,69.64285714285714,61.30952380952381,8.333333333333332
E00068389,178,64,19,45,114,100,14,35.95505617977528,10.674157303370785,25.280898876404496,64.04494382022472,56.17977528089888,7.865168539325842
E00068390,170,54,11,43,116,97,19,31.76470588235294,6.470588235294119,25.294117647058822,68.23529411764706,57.05882352941176,11.176470588235295
E00068391,220,72,31,41,148,128,20,32.72727272727273,14.09090909090909,18.636363636363637,67.27272727272727,58.18181818181818,9.090909090909092
E00068392,227,70,25,45,157,132,25,30.837004405286343,11.013215859030836,19.823788546255507,69.16299559471366,58.14977973568281,11.013215859030836
E00068393,251,65,18,47,186,159,27,25.89641434262948,7.171314741035857,18.725099601593627,74.10358565737052,63.34661354581673,10.756972111553784
E00068394,180,56,21,35,124,116,8,31.11111111111111,11.666666666666666,19.444444444444446,68.88888888888889,64.44444444444444,4.444444444444445
E00068395,111,41,15,26,70,66,4,36.93693693693694,13.513513513513514,23.423423423423422,63.06306306306306,59.45945945945946,3.6036036036036037
E00068396,141,45,15,30,96,86,10,31.914893617021278,10.638297872340425,21.27659574468085,68.08510638297872,60.99290780141844,7.092198581560284
E00068397,112,24,10,14,88,81,7,21.428571428571427,8.928571428571429,12.5,78.57142857142857,72.32142857142857,6.25
E00068398,143,49,13,36,94,85,9,34.26573426573427,9.090909090909092,25.174825174825177,65.73426573426573,59.44055944055944,6.293706293706294
E00068399,162,68,18,50,94,84,10,41.9753086419753,11.11111111111111,30.864197530864196,58.0246913580247,51.85185185185185,6.172839506172839
E00068400,150,48,8,40,102,93,9,32,5.333333333333334,26.666666666666668,68,62,6
E00068401,173,63,25,38,110,94,16,36.41618497109826,14.450867052023122,21.965317919075144,63.58381502890174,54.33526011560693,9.248554913294797
E00068402,154,56,24,32,98,87,11,36.36363636363637,15.584415584415584,20.77922077922078,63.63636363636363,56.493506493506494,7.142857142857142
E00068403,258,86,32,54,172,161,11,33.33333333333333,12.4031007751938,20.930232558139537,66.66666666666666,62.4031007751938,4.263565891472868
E00068404,138,41,10,31,97,86,11,29.71014492753623,7.246376811594203,22.463768115942027,70.28985507246377,62.31884057971014,7.971014492753622
E00068405,171,50,12,38,121,108,13,29.239766081871345,7.017543859649122,22.22222222222222,70.76023391812866,63.1578947368421,7.602339181286549
E00068406,100,28,8,20,72,63,9,28.000000000000004,8,20,72,63,9
E00068407,139,37,7,30,102,85,17,26.618705035971225,5.0359712230215825,21.58273381294964,73.38129496402878,61.15107913669065,12.23021582733813
E00068408,136,32,11,21,104,91,13,23.52941176470588,8.088235294117647,15.441176470588236,76.47058823529412,66.91176470588235,9.558823529411764
E00068409,123,40,15,25,83,71,12,32.52032520325203,12.195121951219512,20.32520325203252,67.47967479674797,57.72357723577236,9.75609756097561
E00068412,132,51,23,28,81,71,10,38.63636363636363,17.424242424242426,21.21212121212121,61.36363636363637,53.78787878787878,7.575757575757576
E00068413,106,34,10,24,72,62,10,32.075471698113205,9.433962264150944,22.641509433962266,67.9245283018868,58.490566037735846,9.433962264150944
E00068414,180,67,29,38,113,103,10,37.22222222222222,16.11111111111111,21.11111111111111,62.77777777777778,57.22222222222222,5.555555555555555
E00068415,134,36,13,23,98,85,13,26.865671641791046,9.701492537313433,17.16417910447761,73.13432835820896,63.43283582089553,9.701492537313433
E00068416,124,28,7,21,96,95,1,22.58064516129032,5.64516129032258,16.93548387096774,77.41935483870968,76.61290322580645,0.8064516129032258
E00068417,167,48,17,31,119,112,7,28.74251497005988,10.179640718562874,18.562874251497004,71.25748502994011,67.06586826347305,4.191616766467066
E00068418,143,38,14,24,105,94,11,26.573426573426573,9.79020979020979,16.783216783216783,73.42657342657343,65.73426573426573,7.6923076923076925
E00068419,167,57,15,42,110,92,18,34.13173652694611,8.982035928143713,25.149700598802394,65.86826347305389,55.08982035928144,10.778443113772456
E00068420,143,50,19,31,93,86,7,34.96503496503497,13.286713286713287,21.678321678321677,65.03496503496503,60.13986013986013,4.895104895104895
E00068421,144,34,8,26,110,96,14,23.61111111111111,5.555555555555555,18.055555555555554,76.38888888888889,66.66666666666666,9.722222222222223
E00068422,120,34,11,23,86,82,4,28.333333333333332,9.166666666666666,19.166666666666668,71.66666666666667,68.33333333333333,3.3333333333333335
E00068423,135,40,10,30,95,90,5,29.629629629629626,7.4074074074074066,22.22222222222222,70.37037037037037,66.66666666666666,3.7037037037037033
E00068424,309,84,28,56,225,207,18,27.184466019417474,9.06148867313916,18.12297734627832,72.81553398058253,66.99029126213593,5.825242718446602
E00068425,138,40,8,32,98,87,11,28.985507246376812,5.797101449275362,23.18840579710145,71.01449275362319,63.04347826086957,7.971014492753622
E00068426,94,21,5,16,73,68,5,22.340425531914892,5.319148936170213,17.02127659574468,77.6595744680851,72.3404255319149,5.319148936170213
E00068427,121,35,7,28,86,77,9,28.92561983471074,5.785123966942149,23.140495867768596,71.07438016528926,63.63636363636363,7.43801652892562
E00068428,161,56,23,33,105,93,12,34.78260869565217,14.285714285714285,20.496894409937887,65.21739130434783,57.7639751552795,7.453416149068323
E00068429,130,39,15,24,91,77,14,30,11.538461538461538,18.461538461538463,70,59.23076923076923,10.76923076923077
E00068430,147,47,9,38,100,90,10,31.97278911564626,6.122448979591836,25.850340136054424,68.02721088435374,61.224489795918366,6.802721088435375
E00068431,149,46,9,37,103,91,12,30.87248322147651,6.0402684563758395,24.832214765100673,69.12751677852349,61.07382550335571,8.053691275167784
E00068432,124,36,5,31,88,82,6,29.03225806451613,4.032258064516129,25,70.96774193548387,66.12903225806451,4.838709677419355
E00068433,126,37,14,23,89,80,9,29.365079365079367,11.11111111111111,18.253968253968253,70.63492063492063,63.49206349206349,7.142857142857142
E00068434,121,42,8,34,79,72,7,34.710743801652896,6.6115702479338845,28.09917355371901,65.28925619834712,59.50413223140496,5.785123966942149
E00068435,235,83,45,38,152,138,14,35.319148936170215,19.148936170212767,16.170212765957448,64.68085106382979,58.723404255319146,5.957446808510639
E00068436,192,67,34,33,125,114,11,34.89583333333333,17.708333333333336,17.1875,65.10416666666666,59.375,5.729166666666666
E00068437,107,30,10,20,77,69,8,28.037383177570092,9.345794392523365,18.69158878504673,71.96261682242991,64.48598130841121,7.476635514018691
E00068438,127,33,11,22,94,80,14,25.984251968503933,8.661417322834646,17.322834645669293,74.01574803149606,62.99212598425197,11.023622047244094
E00068439,142,36,9,27,106,96,10,25.352112676056336,6.338028169014084,19.014084507042252,74.64788732394366,67.6056338028169,7.042253521126761
E00068440,150,47,16,31,103,88,15,31.333333333333336,10.666666666666668,20.666666666666668,68.66666666666667,58.666666666666664,10
E00068441,204,80,31,49,124,110,14,39.21568627450981,15.196078431372548,24.019607843137255,60.78431372549019,53.92156862745098,6.862745098039216
E00068442,170,72,30,42,98,91,7,42.35294117647059,17.647058823529413,24.705882352941178,57.647058823529406,53.529411764705884,4.117647058823529
E00068443,98,22,7,15,76,65,11,22.448979591836736,7.142857142857142,15.306122448979592,77.55102040816327,66.3265306122449,11.224489795918368
E00068444,132,46,11,35,86,79,7,34.84848484848485,8.333333333333332,26.515151515151516,65.15151515151516,59.84848484848485,5.303030303030303
E00068445,136,45,13,32,91,78,13,33.088235294117645,9.558823529411764,23.52941176470588,66.91176470588235,57.35294117647059,9.558823529411764
E00068446,140,45,15,30,95,84,11,32.142857142857146,10.714285714285714,21.428571428571427,67.85714285714286,60,7.857142857142857
E00068447,119,37,10,27,82,74,8,31.092436974789916,8.403361344537815,22.689075630252102,68.90756302521008,62.18487394957983,6.722689075630252
E00068448,226,58,20,38,168,149,19,25.663716814159294,8.849557522123893,16.8141592920354,74.33628318584071,65.929203539823,8.4070796460177
E00068449,115,36,9,27,79,69,10,31.30434782608696,7.82608695652174,23.47826086956522,68.69565217391305,60,8.695652173913043
E00068450,86,22,4,18,64,55,9,25.581395348837212,4.651162790697675,20.930232558139537,74.4186046511628,63.95348837209303,10.465116279069768
E00068451,123,43,14,29,80,72,8,34.959349593495936,11.38211382113821,23.577235772357724,65.04065040650406,58.536585365853654,6.504065040650407
E00068452,125,38,12,26,87,76,11,30.4,9.6,20.8,69.6,60.8,8.799999999999999
E00068453,152,39,16,23,113,97,16,25.657894736842106,10.526315789473683,15.131578947368421,74.3421052631579,63.81578947368421,10.526315789473683
E00068454,104,31,12,19,73,66,7,29.807692307692307,11.538461538461538,18.269230769230766,70.1923076923077,63.46153846153846,6.730769230769231
E00068455,219,54,20,34,165,148,17,24.65753424657534,9.1324200913242,15.52511415525114,75.34246575342466,67.57990867579909,7.76255707762557
E00068457,100,25,7,18,75,66,9,25,7.000000000000001,18,75,66,9
E00068458,114,25,6,19,89,76,13,21.929824561403507,5.263157894736842,16.666666666666664,78.0701754385965,66.66666666666666,11.403508771929824
E00068459,130,43,20,23,87,77,10,33.07692307692307,15.384615384615385,17.692307692307693,66.92307692307692,59.23076923076923,7.6923076923076925
E00068460,125,32,6,26,93,79,14,25.6,4.8,20.8,74.4,63.2,11.200000000000001
E00068461,151,50,15,35,101,89,12,33.11258278145696,9.933774834437086,23.178807947019866,66.88741721854305,58.94039735099338,7.9470198675496695
E00068462,124,27,10,17,97,87,10,21.774193548387096,8.064516129032258,13.709677419354838,78.2258064516129,70.16129032258065,8.064516129032258
E00068463,106,42,13,29,64,59,5,39.62264150943396,12.264150943396226,27.358490566037734,60.37735849056604,55.660377358490564,4.716981132075472
E00068465,120,45,10,35,75,68,7,37.5,8.333333333333332,29.166666666666668,62.5,56.666666666666664,5.833333333333333
E00068466,144,49,13,36,95,85,10,34.02777777777778,9.027777777777777,25,65.97222222222221,59.02777777777778,6.944444444444445
E00068467,77,23,6,17,54,45,9,29.87012987012987,7.792207792207792,22.07792207792208,70.12987012987013,58.44155844155844,11.688311688311687
E00068468,94,24,9,15,70,63,7,25.53191489361702,9.574468085106384,15.957446808510639,74.46808510638297,67.02127659574468,7.446808510638298
E00068469,110,33,8,25,77,66,11,30,7.2727272727272725,22.727272727272727,70,60,10
E00068470,107,29,11,18,78,72,6,27.102803738317753,10.2803738317757,16.822429906542055,72.89719626168224,67.28971962616822,5.607476635514018
E00068471,134,36,10,26,98,91,7,26.865671641791046,7.462686567164178,19.402985074626866,73.13432835820896,67.91044776119402,5.223880597014925
E00068472,93,28,12,16,65,57,8,30.107526881720432,12.903225806451612,17.20430107526882,69.89247311827957,61.29032258064516,8.60215053763441
E00068474,143,49,12,37,94,84,10,34.26573426573427,8.391608391608392,25.874125874125873,65.73426573426573,58.74125874125874,6.993006993006993
E00068475,152,51,15,36,101,84,17,33.55263157894737,9.868421052631579,23.684210526315788,66.44736842105263,55.26315789473685,11.18421052631579
E00068476,154,47,15,32,107,97,10,30.519480519480517,9.740259740259742,20.77922077922078,69.48051948051948,62.98701298701299,6.493506493506493
E00068477,187,62,18,44,125,110,15,33.155080213903744,9.62566844919786,23.52941176470588,66.84491978609626,58.82352941176471,8.0213903743315509
E00068478,109,29,7,22,80,67,13,26.605504587155966,6.422018348623854,20.18348623853211,73.39449541284404,61.46788990825688,11.926605504587156
E00068479,146,50,15,35,96,86,10,34.24657534246575,10.273972602739725,23.972602739726025,65.75342465753424,58.9041095890411,6.8493150684931505
E00068480,126,43,14,29,83,81,2,34.12698412698413,11.11111111111111,23.015873015873016,65.87301587301587,64.28571428571429,1.5873015873015872
E00068481,132,40,13,27,92,80,12,30.303030303030305,9.848484848484848,20.454545454545457,69.6969696969697,60.60606060606061,9.090909090909092
E00068482,141,28,4,24,113,102,11,19.858156028368796,2.8368794326241136,17.02127659574468,80.1418439716312,72.3404255319149,7.801418439716312
E00068483,99,28,9,19,71,60,11,28.28282828282828,9.090909090909092,19.19191919191919,71.71717171717171,60.60606060606061,11.11111111111111
E00068484,101,28,6,22,73,68,5,27.722772277227726,5.9405940594059405,21.782178217821784,72.27722772277228,67.32673267326733,4.9504950495049505
E00068485,138,35,8,27,103,94,9,25.36231884057971,5.797101449275362,19.565217391304348,74.63768115942028,68.11594202898551,6.521739130434782
E00068486,56,15,2,13,41,36,5,26.785714285714285,3.571428571428571,23.214285714285715,73.21428571428571,64.28571428571429,8.928571428571429
E00068487,231,69,21,48,162,144,18,29.87012987012987,9.090909090909092,20.77922077922078,70.12987012987013,62.33766233766234,7.792207792207792
E00068488,180,82,27,55,98,87,11,45.55555555555556,15,30.555555555555557,54.44444444444444,48.333333333333336,6.111111111111111
E00068489,181,51,22,29,130,114,16,28.176795580110497,12.154696132596685,16.022099447513813,71.8232044198895,62.98342541436463,8.83977900552486
E00068490,183,79,25,54,104,91,13,43.169398907103826,13.661202185792352,29.508196721311474,56.830601092896174,49.72677595628415,7.103825136612022
E00068491,179,52,18,34,127,115,12,29.05027932960894,10.05586592178771,18.994413407821227,70.94972067039106,64.24581005586593,6.70391061452514
E00068492,160,50,12,38,110,102,8,31.25,7.5,23.75,68.75,63.74999999999999,5
E00068493,163,71,24,47,92,88,4,43.558282208588956,14.723926380368098,28.834355828220858,56.44171779141104,53.987730061349694,2.4539877300613497
E00068494,169,74,23,51,95,88,7,43.786982248520715,13.609467455621301,30.17751479289941,56.213017751479285,52.071005917159766,4.142011834319527
E00068495,158,42,13,29,116,108,8,26.582278481012654,8.227848101265822,18.354430379746837,73.41772151898735,68.35443037974683,5.063291139240507
E00068496,139,57,17,40,82,79,3,41.007194244604314,12.23021582733813,28.776978417266186,58.992805755395686,56.83453237410072,2.158273381294964
E00068497,165,61,22,39,104,94,10,36.96969696969697,13.333333333333334,23.636363636363637,63.030303030303024,56.96969696969697,6.0606060606060606
E00068498,165,70,20,50,95,89,6,42.42424242424242,12.121212121212121,30.303030303030305,57.57575757575758,53.939393939393945,3.6363636363636362
E00068500,161,47,15,32,114,102,12,29.19254658385093,9.316770186335404,19.875776397515526,70.80745341614907,63.35403726708074,7.453416149068323
E00068501,155,37,11,26,118,106,12,23.870967741935484,7.096774193548387,16.7741935483871,76.12903225806451,68.38709677419355,7.741935483870968
E00068502,193,75,23,52,118,107,11,38.860103626943,11.917098445595855,26.94300518134715,61.13989637305699,55.44041450777202,5.699481865284974
E00068503,131,55,15,40,76,72,4,41.98473282442748,11.450381679389313,30.53435114503817,58.01526717557252,54.961832061068705,3.0534351145038165
E00068504,180,47,15,32,133,118,15,26.111111111111114,8.333333333333332,17.77777777777778,73.88888888888889,65.55555555555556,8.333333333333332
E00068505,183,53,18,35,130,122,8,28.96174863387978,9.836065573770492,19.12568306010929,71.03825136612022,66.66666666666666,4.371584699453552
E00068506,117,34,11,23,83,78,5,29.059829059829063,9.401709401709402,19.65811965811966,70.94017094017094,66.66666666666666,4.273504273504273
E00068507,180,63,20,43,117,103,14,35,11.11111111111111,23.88888888888889,65,57.22222222222222,7.777777777777778
E00068508,12,4,1,3,8,7,1,33.33333333333333,8.333333333333332,25,66.66666666666666,58.333333333333336,8.333333333333332
E00068509,172,46,13,33,126,118,8,26.744186046511626,7.55813953488372,19.186046511627907,73.25581395348837,68.6046511627907,4.651162790697675
E00068510,160,57,15,42,103,90,13,35.625,9.375,26.25,64.375,56.25,8.125
E00068511,130,46,12,34,84,75,9,35.38461538461539,9.230769230769232,26.153846153846157,64.61538461538461,57.692307692307686,6.923076923076923
E00068512,169,50,13,37,119,108,11,29.585798816568047,7.6923076923076925,21.893491124260358,70.41420118343196,63.905325443786985,6.508875739644971
E00068513,163,50,6,44,113,105,8,30.67484662576687,3.6809815950920246,26.993865030674847,69.32515337423312,64.41717791411043,4.9079754601226995
E00068514,150,46,15,31,104,94,10,30.666666666666664,10,20.666666666666668,69.33333333333334,62.66666666666667,6.666666666666667
E00068515,173,72,24,48,101,92,9,41.61849710982659,13.872832369942195,27.74566473988439,58.38150289017341,53.179190751445084,5.202312138728324
E00068516,174,82,24,58,92,80,12,47.12643678160919,13.793103448275861,33.33333333333333,52.87356321839081,45.97701149425287,6.896551724137931
E00068517,150,68,18,50,82,70,12,45.33333333333333,12,33.33333333333333,54.666666666666664,46.666666666666664,8
E00068518,101,30,7,23,71,66,5,29.7029702970297,6.9306930693069315,22.772277227722775,70.29702970297029,65.34653465346535,4.9504950495049505
E00068519,91,38,10,28,53,45,8,41.75824175824176,10.989010989010989,30.76923076923077,58.24175824175825,49.45054945054945,8.791208791208792
E00068520,209,77,22,55,132,117,15,36.84210526315789,10.526315789473683,26.31578947368421,63.1578947368421,55.980861244019145,7.177033492822966
E00068521,164,69,19,50,95,79,16,42.073170731707314,11.585365853658537,30.48780487804878,57.92682926829268,48.170731707317074,9.75609756097561
E00068522,162,52,18,34,110,100,10,32.098765432098766,11.11111111111111,20.98765432098765,67.90123456790124,61.72839506172839,6.172839506172839
E00068523,146,55,12,43,91,80,11,37.67123287671233,8.21917808219178,29.45205479452055,62.328767123287676,54.794520547945204,7.534246575342466
E00068524,163,68,17,51,95,90,5,41.717791411042946,10.429447852760736,31.28834355828221,58.282208588957054,55.21472392638037,3.067484662576687
E00068525,189,85,30,55,104,97,7,44.97354497354497,15.873015873015872,29.100529100529098,55.026455026455025,51.32275132275132,3.7037037037037033
E00068526,243,84,23,61,159,149,10,34.5679012345679,9.465020576131687,25.102880658436217,65.4320987654321,61.31687242798354,4.11522633744856
E00068527,192,66,24,42,126,121,5,34.375,12.5,21.875,65.625,63.020833333333336,2.604166666666667
E00068528,201,78,21,57,123,118,5,38.80597014925373,10.44776119402985,28.35820895522388,61.19402985074627,58.70646766169154,2.4875621890547266
E00068529,153,40,10,30,113,100,13,26.143790849673206,6.535947712418301,19.607843137254903,73.8562091503268,65.359477124183,8.49673202614379
E00068530,187,47,13,34,140,116,24,25.13368983957219,6.951871657754011,18.181818181818183,74.8663101604278,62.03208556149733,12.834224598930483
E00068532,151,47,18,29,104,84,20,31.125827814569533,11.920529801324504,19.205298013245034,68.87417218543047,55.62913907284768,13.245033112582782
E00068533,147,43,10,33,104,90,14,29.25170068027211,6.802721088435375,22.448979591836736,70.74829931972789,61.224489795918366,9.523809523809524
E00068534,154,44,16,28,110,84,26,28.57142857142857,10.38961038961039,18.181818181818183,71.42857142857143,54.54545454545454,16.883116883116884
E00068535,120,38,17,21,82,67,15,31.666666666666664,14.166666666666666,17.5,68.33333333333333,55.833333333333336,12.5
E00068537,174,63,24,39,111,95,16,36.206896551724135,13.793103448275861,22.413793103448278,63.793103448275865,54.59770114942529,9.195402298850574
E00068538,183,55,19,36,128,111,17,30.05464480874317,10.382513661202186,19.672131147540984,69.94535519125684,60.65573770491803,9.289617486338798
E00068539,225,61,16,45,164,149,15,27.111111111111114,7.111111111111111,20,72.88888888888889,66.22222222222223,6.666666666666667
E00068540,305,87,34,53,218,183,35,28.524590163934427,11.147540983606557,17.37704918032787,71.47540983606558,60,11.475409836065573
E00068541,154,51,18,33,103,96,7,33.116883116883116,11.688311688311687,21.428571428571427,66.88311688311688,62.33766233766234,4.545454545454546
E00068543,141,25,8,17,116,102,14,17.73049645390071,5.673758865248227,12.056737588652481,82.26950354609929,72.3404255319149,9.929078014184398
E00068544,251,67,24,43,184,165,19,26.693227091633464,9.56175298804781,17.131474103585656,73.30677290836654,65.73705179282868,7.569721115537849
E00068545,89,17,1,16,72,63,9,19.101123595505616,1.1235955056179776,17.97752808988764,80.89887640449437,70.78651685393258,10.112359550561797
E00068546,115,30,11,19,85,73,12,26.08695652173913,9.565217391304348,16.52173913043478,73.91304347826086,63.47826086956522,10.434782608695652
E00068547,163,40,8,32,123,109,14,24.539877300613497,4.9079754601226995,19.631901840490798,75.4601226993865,66.87116564417178,8.588957055214724
E00068548,90,38,10,28,52,49,3,42.22222222222222,11.11111111111111,31.11111111111111,57.77777777777777,54.44444444444444,3.3333333333333335
E00068549,170,46,13,33,124,106,18,27.058823529411764,7.647058823529412,19.411764705882355,72.94117647058823,62.35294117647059,10.588235294117647
E00068550,143,37,8,29,106,90,16,25.874125874125873,5.594405594405594,20.27972027972028,74.12587412587412,62.93706293706294,11.188811188811188
E00068551,153,46,18,28,107,90,17,30.065359477124183,11.76470588235294,18.30065359477124,69.93464052287581,58.82352941176471,11.11111111111111
E00068552,203,63,14,49,140,125,15,31.03448275862069,6.896551724137931,24.137931034482758,68.96551724137932,61.57635467980296,7.389162561576355
E00068553,193,36,11,25,157,137,20,18.65284974093264,5.699481865284974,12.953367875647666,81.34715025906736,70.98445595854922,10.362694300518134
E00068554,128,39,12,27,89,77,12,30.46875,9.375,21.09375,69.53125,60.15625,9.375
E00068555,93,25,9,16,68,61,7,26.881720430107524,9.67741935483871,17.20430107526882,73.11827956989248,65.59139784946237,7.526881720430108
E00068556,75,22,5,17,53,46,7,29.333333333333332,6.666666666666667,22.666666666666664,70.66666666666667,61.33333333333333,9.333333333333334
E00068557,199,56,16,40,143,123,20,28.14070351758794,8.040201005025125,20.100502512562816,71.85929648241206,61.80904522613066,10.050251256281408
E00068558,141,38,9,29,103,96,7,26.95035460992908,6.382978723404255,20.56737588652482,73.04964539007092,68.08510638297872,4.964539007092199
E00068559,192,49,10,39,143,129,14,25.520833333333332,5.208333333333334,20.3125,74.47916666666666,67.1875,7.291666666666667
E00068560,84,28,5,23,56,48,8,33.33333333333333,5.952380952380952,27.380952380952383,66.66666666666666,57.14285714285714,9.523809523809524
E00068561,133,30,4,26,103,95,8,22.55639097744361,3.007518796992481,19.548872180451127,77.44360902255639,71.42857142857143,6.015037593984962
E00068562,98,26,7,19,72,62,10,26.53061224489796,7.142857142857142,19.387755102040817,73.46938775510205,63.26530612244898,10.204081632653061
E00068563,111,25,4,21,86,77,9,22.52252252252252,3.6036036036036037,18.91891891891892,77.47747747747748,69.36936936936937,8.108108108108109
E00068564,69,17,7,10,52,45,7,24.637681159420293,10.144927536231885,14.492753623188406,75.36231884057972,65.21739130434783,10.144927536231885
E00068565,60,20,8,12,40,34,6,33.33333333333333,13.333333333333334,20,66.66666666666666,56.666666666666664,10
E00068566,87,24,5,19,63,49,14,27.586206896551722,5.747126436781609,21.839080459770116,72.41379310344827,56.32183908045977,16.091954022988507
E00068567,89,22,7,15,67,55,12,24.719101123595504,7.865168539325842,16.853932584269664,75.28089887640449,61.79775280898876,13.48314606741573
E00068568,142,47,11,36,95,80,15,33.098591549295776,7.746478873239436,25.352112676056336,66.90140845070422,56.33802816901409,10.56338028169014
E00068569,113,31,8,23,82,77,5,27.43362831858407,7.079646017699115,20.353982300884958,72.56637168141593,68.14159292035397,4.424778761061947
E00068570,166,44,14,30,122,109,13,26.506024096385545,8.433734939759036,18.072289156626507,73.49397590361446,65.66265060240963,7.83132530120482
E00068571,152,32,5,27,120,112,8,21.052631578947366,3.289473684210526,17.763157894736842,78.94736842105263,73.68421052631578,5.263157894736842
E00068572,106,35,10,25,71,64,7,33.0188679245283,9.433962264150944,23.58490566037736,66.98113207547169,60.37735849056604,6.60377358490566
E00068573,186,52,20,32,134,119,15,27.956989247311824,10.75268817204301,17.20430107526882,72.04301075268818,63.97849462365591,8.064516129032258
E00068574,171,51,17,34,120,106,14,29.82456140350877,9.941520467836257,19.883040935672515,70.17543859649122,61.98830409356725,8.187134502923977
E00068575,149,41,6,35,108,98,10,27.516778523489933,4.026845637583892,23.48993288590604,72.48322147651007,65.77181208053692,6.7114093959731544
E00068576,141,51,13,38,90,80,10,36.17021276595745,9.219858156028367,26.95035460992908,63.829787234042556,56.73758865248227,7.092198581560284
E00068577,131,39,14,25,92,83,9,29.770992366412212,10.687022900763358,19.083969465648856,70.22900763358778,63.358778625954194,6.870229007633588
E00068578,99,22,3,19,77,67,10,22.22222222222222,3.0303030303030303,19.19191919191919,77.77777777777779,67.67676767676768,10.1010101010101
E00068579,163,40,4,36,123,117,6,24.539877300613497,2.4539877300613497,22.085889570552148,75.4601226993865,71.77914110429448,3.6809815950920246
E00068580,194,51,16,35,143,128,15,26.288659793814436,8.24742268041237,18.04123711340206,73.71134020618557,65.97938144329896,7.731958762886598
E00068581,148,39,11,28,109,101,8,26.351351351351347,7.4324324324324325,18.91891891891892,73.64864864864865,68.24324324324324,5.405405405405405
E00068583,173,40,10,30,133,127,6,23.121387283236995,5.780346820809249,17.341040462427745,76.878612716763,73.41040462427746,3.4682080924855487
E00068584,176,54,12,42,122,112,10,30.681818181818183,6.8181818181818175,23.863636363636363,69.31818181818183,63.63636363636363,5.681818181818182
E00068585,154,53,22,31,101,89,12,34.41558441558442,14.285714285714285,20.12987012987013,65.5844155844156,57.7922077922078,7.792207792207792
E00068586,165,49,17,32,116,104,12,29.6969696969697,10.303030303030303,19.393939393939394,70.3030303030303,63.030303030303024,7.2727272727272725
E00068587,203,75,23,52,128,119,9,36.94581280788177,11.330049261083744,25.615763546798032,63.05418719211823,58.620689655172406,4.433497536945813
E00068588,182,59,23,36,123,105,18,32.417582417582416,12.637362637362637,19.78021978021978,67.58241758241759,57.692307692307686,9.89010989010989
E00068589,106,37,10,27,69,59,10,34.90566037735849,9.433962264150944,25.471698113207548,65.09433962264151,55.660377358490564,9.433962264150944
E00068590,111,21,6,15,90,83,7,18.91891891891892,5.405405405405405,13.513513513513514,81.08108108108108,74.77477477477478,6.306306306306306
E00068591,169,55,15,40,114,103,11,32.544378698224854,8.875739644970414,23.668639053254438,67.45562130177515,60.946745562130175,6.508875739644971
E00068592,135,46,15,31,89,79,10,34.074074074074076,11.11111111111111,22.962962962962962,65.92592592592592,58.51851851851851,7.4074074074074066
E00068593,269,78,21,57,191,154,37,28.99628252788104,7.806691449814126,21.189591078066915,71.00371747211895,57.249070631970255,13.754646840148698
E00068594,167,58,18,40,109,101,8,34.73053892215569,10.778443113772456,23.952095808383234,65.26946107784431,60.47904191616767,4.790419161676647
E00068595,166,57,9,48,109,97,12,34.33734939759036,5.421686746987952,28.915662650602407,65.66265060240963,58.43373493975904,7.228915662650602
E00068596,202,52,8,44,150,138,12,25.742574257425744,3.9603960396039604,21.782178217821784,74.25742574257426,68.31683168316832,5.9405940594059405
E00068597,102,24,7,17,78,72,6,23.52941176470588,6.862745098039216,16.666666666666664,76.47058823529412,70.58823529411765,5.88235294117647
E00068598,133,49,11,38,84,79,5,36.84210526315789,8.270676691729323,28.57142857142857,63.1578947368421,59.3984962406015,3.7593984962406015
E00068599,128,45,20,25,83,73,10,35.15625,15.625,19.53125,64.84375,57.03125,7.8125
E00068600,173,50,16,34,123,106,17,28.901734104046245,9.248554913294797,19.653179190751445,71.09826589595376,61.27167630057804,9.826589595375722
E00068601,108,51,8,43,57,53,4,47.22222222222222,7.4074074074074066,39.81481481481482,52.77777777777778,49.074074074074076,3.7037037037037033
E00068602,155,50,14,36,105,94,11,32.25806451612903,9.032258064516128,23.225806451612904,67.74193548387096,60.64516129032258,7.096774193548387
E00068603,115,38,15,23,77,68,9,33.04347826086956,13.043478260869565,20,66.95652173913044,59.130434782608695,7.82608695652174
E00068604,86,21,6,15,65,55,10,24.418604651162788,6.976744186046512,17.441860465116278,75.5813953488372,63.95348837209303,11.627906976744185
E00068605,232,56,27,29,176,149,27,24.137931034482758,11.637931034482758,12.5,75.86206896551724,64.22413793103449,11.637931034482758
E00068606,100,35,15,20,65,55,10,35,15,20,65,55.00000000000001,10
E00068607,241,70,23,47,171,152,19,29.045643153526974,9.54356846473029,19.502074688796682,70.95435684647303,63.07053941908713,7.883817427385892
E00068608,153,44,17,27,109,98,11,28.75816993464052,11.11111111111111,17.647058823529413,71.24183006535948,64.05228758169935,7.18954248366013
E00068609,227,52,13,39,175,157,18,22.90748898678414,5.726872246696035,17.180616740088105,77.09251101321586,69.16299559471366,7.929515418502203
E00068610,198,63,12,51,135,117,18,31.818181818181817,6.0606060606060606,25.757575757575758,68.18181818181817,59.09090909090909,9.090909090909092
E00068611,184,54,16,38,130,115,15,29.347826086956523,8.695652173913043,20.652173913043477,70.65217391304348,62.5,8.152173913043478
E00068612,176,62,19,43,114,110,4,35.22727272727273,10.795454545454545,24.431818181818183,64.77272727272727,62.5,2.272727272727273
E00068613,122,38,4,34,84,79,5,31.147540983606557,3.278688524590164,27.86885245901639,68.85245901639344,64.75409836065575,4.098360655737705
E00068614,177,56,21,35,121,105,16,31.63841807909605,11.864406779661017,19.774011299435028,68.36158192090396,59.32203389830508,9.03954802259887
E00068615,150,41,12,29,109,99,10,27.333333333333332,8,19.333333333333332,72.66666666666667,66,6.666666666666667
E00068616,139,40,14,26,99,89,10,28.776978417266186,10.071942446043165,18.705035971223023,71.22302158273382,64.02877697841727,7.1942446043165464
E00068617,110,31,6,25,79,66,13,28.18181818181818,5.454545454545454,22.727272727272727,71.81818181818181,60,11.818181818181818
E00068618,95,29,9,20,66,59,7,30.526315789473685,9.473684210526317,21.052631578947366,69.47368421052632,62.10526315789474,7.368421052631578
E00068619,143,43,15,28,100,88,12,30.069930069930066,10.48951048951049,19.58041958041958,69.93006993006993,61.53846153846154,8.391608391608392
E00068620,193,64,20,44,129,113,16,33.160621761658035,10.362694300518134,22.797927461139896,66.83937823834198,58.549222797927456,8.290155440414509
E00068621,157,52,14,38,105,92,13,33.12101910828025,8.9171974522293,24.203821656050955,66.87898089171973,58.59872611464968,8.280254777070063
E00068622,98,26,9,17,72,61,11,26.53061224489796,9.183673469387756,17.346938775510203,73.46938775510205,62.244897959183675,11.224489795918368
E00068623,133,39,14,25,94,74,20,29.32330827067669,10.526315789473683,18.796992481203006,70.67669172932331,55.639097744360896,15.037593984962406
E00068624,114,39,12,27,75,65,10,34.21052631578947,10.526315789473683,23.684210526315788,65.78947368421053,57.01754385964912,8.771929824561402
E00068625,112,30,8,22,82,68,14,26.785714285714285,7.142857142857142,19.642857142857142,73.21428571428571,60.71428571428571,12.5
E00068626,124,35,11,24,89,80,9,28.225806451612907,8.870967741935484,19.35483870967742,71.7741935483871,64.51612903225806,7.258064516129033
E00068627,105,32,11,21,73,65,8,30.476190476190478,10.476190476190476,20,69.52380952380952,61.904761904761905,7.6190476190476195
E00068628,91,17,6,11,74,64,10,18.681318681318682,6.593406593406594,12.087912087912088,81.31868131868131,70.32967032967034,10.989010989010989
E00068629,154,47,9,38,107,95,12,30.519480519480517,5.844155844155844,24.675324675324674,69.48051948051948,61.68831168831169,7.792207792207792
E00068630,161,44,15,29,117,105,12,27.32919254658385,9.316770186335404,18.012422360248447,72.67080745341616,65.21739130434783,7.453416149068323
E00068631,142,33,12,21,109,93,16,23.239436619718308,8.450704225352112,14.788732394366196,76.76056338028168,65.49295774647888,11.267605633802818
E00068632,110,28,6,22,82,68,14,25.454545454545453,5.454545454545454,20,74.54545454545455,61.81818181818181,12.727272727272727
E00068633,109,35,10,25,74,61,13,32.11009174311927,9.174311926605505,22.93577981651376,67.88990825688074,55.96330275229357,11.926605504587156
E00068634,104,31,9,22,73,62,11,29.807692307692307,8.653846153846153,21.153846153846153,70.1923076923077,59.61538461538461,10.576923076923077
E00068635,135,43,10,33,92,86,6,31.851851851851855,7.4074074074074066,24.444444444444443,68.14814814814815,63.70370370370371,4.444444444444445
E00068636,123,37,12,25,86,71,15,30.081300813008134,9.75609756097561,20.32520325203252,69.91869918699187,57.72357723577236,12.195121951219512
E00068637,129,39,10,29,90,82,8,30.23255813953488,7.751937984496124,22.48062015503876,69.76744186046511,63.565891472868216,6.2015503875969
E00068638,112,27,10,17,85,79,6,24.107142857142858,8.928571428571429,15.178571428571427,75.89285714285714,70.53571428571429,5.357142857142857
E00068639,158,44,10,34,114,100,14,27.848101265822784,6.329113924050633,21.518987341772153,72.15189873417721,63.29113924050633,8.860759493670885
E00068640,115,31,8,23,84,71,13,26.956521739130434,6.956521739130435,20,73.04347826086956,61.73913043478261,11.304347826086957
E00068641,131,31,6,25,100,90,10,23.66412213740458,4.580152671755725,19.083969465648856,76.33587786259542,68.70229007633588,7.633587786259542
E00068642,123,44,16,28,79,71,8,35.77235772357724,13.008130081300814,22.76422764227642,64.22764227642277,57.72357723577236,6.504065040650407
E00068644,121,31,6,25,90,80,10,25.6198347107438,4.958677685950414,20.66115702479339,74.3801652892562,66.11570247933885,8.264462809917356
E00068645,132,33,9,24,99,91,8,25,6.8181818181818175,18.181818181818183,75,68.93939393939394,6.0606060606060606
E00068646,118,34,12,22,84,78,6,28.8135593220339,10.16949152542373,18.64406779661017,71.1864406779661,66.10169491525424,5.084745762711865
E00068647,66,26,8,18,40,37,3,39.39393939393939,12.121212121212121,27.27272727272727,60.60606060606061,56.060606060606055,4.545454545454546
E00068648,120,49,8,41,71,67,4,40.833333333333336,6.666666666666667,34.166666666666664,59.166666666666664,55.833333333333336,3.3333333333333335
E00068649,144,46,11,35,98,81,17,31.944444444444443,7.638888888888889,24.305555555555554,68.05555555555556,56.25,11.805555555555555
E00068651,117,35,11,24,82,74,8,29.914529914529915,9.401709401709402,20.51282051282051,70.08547008547008,63.24786324786324,6.837606837606838
E00068652,134,38,14,24,96,87,9,28.35820895522388,10.44776119402985,17.91044776119403,71.64179104477611,64.92537313432835,6.7164179104477615
E00068653,147,40,8,32,107,92,15,27.2108843537415,5.442176870748299,21.768707482993197,72.78911564625851,62.585034013605444,10.204081632653061
E00068654,69,14,4,10,55,47,8,20.28985507246377,5.797101449275362,14.492753623188406,79.71014492753623,68.11594202898551,11.594202898550725
E00068655,136,48,15,33,88,81,7,35.294117647058826,11.029411764705882,24.264705882352942,64.70588235294117,59.55882352941176,5.147058823529411
E00068656,162,46,12,34,116,101,15,28.39506172839506,7.4074074074074066,20.98765432098765,71.60493827160494,62.34567901234568,9.25925925925926
E00171185,202,39,13,26,163,151,12,19.306930693069308,6.435643564356436,12.871287128712872,80.6930693069307,74.75247524752476,5.9405940594059405
E00171186,124,24,5,19,100,93,7,19.35483870967742,4.032258064516129,15.32258064516129,80.64516129032258,75,5.64516129032258
E00171188,98,21,10,11,77,65,12,21.428571428571427,10.204081632653061,11.224489795918368,78.57142857142857,66.3265306122449,12.244897959183673
E00171189,182,72,23,49,110,94,16,39.56043956043956,12.637362637362637,26.923076923076923,60.43956043956044,51.64835164835166,8.791208791208792
E00171190,126,50,19,31,76,71,5,39.682539682539684,15.079365079365079,24.6031746031746,60.317460317460316,56.34920634920635,3.968253968253968
E00171191,75,15,8,7,60,51,9,20,10.666666666666668,9.333333333333334,80,68,12
E00171193,69,32,10,22,37,36,1,46.3768115942029,14.492753623188406,31.88405797101449,53.62318840579711,52.17391304347826,1.4492753623188406
E00171194,151,37,10,27,114,108,6,24.503311258278146,6.622516556291391,17.880794701986755,75.49668874172185,71.52317880794702,3.9735099337748347
E00171195,155,43,16,27,112,93,19,27.741935483870968,10.32258064516129,17.419354838709676,72.25806451612902,60,12.258064516129032
E00171196,149,45,14,31,104,94,10,30.201342281879196,9.395973154362416,20.80536912751678,69.79865771812081,63.08724832214765,6.7114093959731544
E00171197,161,60,38,22,101,94,7,37.267080745341616,23.60248447204969,13.664596273291925,62.732919254658384,58.38509316770186,4.3478260869565215
E00171198,145,66,37,29,79,78,1,45.51724137931035,25.517241379310345,20,54.48275862068965,53.79310344827586,0.6896551724137931
E00171199,212,53,18,35,159,143,16,25,8.49056603773585,16.50943396226415,75,67.45283018867924,7.547169811320755
E00171200,149,23,4,19,126,114,12,15.436241610738255,2.684563758389262,12.751677852348994,84.56375838926175,76.51006711409396,8.053691275167784
E00171201,135,39,15,24,96,92,4,28.888888888888886,11.11111111111111,17.77777777777778,71.11111111111111,68.14814814814815,2.9629629629629632
E00171202,182,33,12,21,149,126,23,18.13186813186813,6.593406593406594,11.538461538461538,81.86813186813187,69.23076923076923,12.637362637362637
E00171203,195,47,14,33,148,126,22,24.102564102564102,7.179487179487179,16.923076923076923,75.8974358974359,64.61538461538461,11.282051282051283
E00171204,186,47,16,31,139,114,25,25.268817204301076,8.60215053763441,16.666666666666664,74.73118279569893,61.29032258064516,13.440860215053762
E00171205,176,43,14,29,133,111,22,24.431818181818183,7.954545454545454,16.477272727272727,75.56818181818183,63.06818181818182,12.5
E00171206,105,26,9,17,79,73,6,24.761904761904763,8.571428571428571,16.19047619047619,75.23809523809524,69.52380952380952,5.714285714285714
E00171207,226,57,14,43,169,140,29,25.221238938053098,6.1946902654867255,19.02654867256637,74.77876106194691,61.94690265486725,12.831858407079647
E00171208,193,52,18,34,141,129,12,26.94300518134715,9.32642487046632,17.616580310880828,73.05699481865285,66.83937823834198,6.217616580310881
E00171210,144,45,16,29,99,83,16,31.25,11.11111111111111,20.13888888888889,68.75,57.638888888888886,11.11111111111111
E00171211,224,52,15,37,172,155,17,23.214285714285715,6.696428571428571,16.517857142857142,76.78571428571429,69.19642857142857,7.5892857142857135
E00171212,136,32,10,22,104,95,9,23.52941176470588,7.352941176470589,16.176470588235293,76.47058823529412,69.85294117647058,6.61764705882353
E00171213,110,26,10,16,84,66,18,23.636363636363637,9.090909090909092,14.545454545454545,76.36363636363637,60,16.363636363636363
E00171215,81,54,38,16,27,24,3,66.66666666666666,46.913580246913575,19.753086419753085,33.33333333333333,29.629629629629626,3.7037037037037033
E00171216,151,30,12,18,121,115,6,19.867549668874172,7.9470198675496695,11.920529801324504,80.13245033112582,76.15894039735099,3.9735099337748347
E00171218,15,3,1,2,12,11,1,20,6.666666666666667,13.333333333333334,80,73.33333333333333,6.666666666666667
E00171219,160,43,14,29,117,106,11,26.875,8.75,18.125,73.125,66.25,6.875000000000001
E00171220,101,23,8,15,78,69,9,22.772277227722775,7.920792079207921,14.85148514851485,77.22772277227723,68.31683168316832,8.91089108910891
E00171221,213,62,24,38,151,135,16,29.107981220657276,11.267605633802818,17.84037558685446,70.89201877934272,63.38028169014085,7.511737089201878
E00171222,102,21,6,15,81,72,9,20.588235294117645,5.88235294117647,14.705882352941178,79.41176470588235,70.58823529411765,8.823529411764707
E00171223,153,30,9,21,123,115,8,19.607843137254903,5.88235294117647,13.725490196078432,80.3921568627451,75.16339869281046,5.228758169934641
E00171224,237,30,12,18,207,189,18,12.658227848101266,5.063291139240507,7.59493670886076,87.34177215189874,79.74683544303798,7.59493670886076
E00171225,151,23,6,17,128,114,14,15.2317880794702,3.9735099337748347,11.258278145695364,84.76821192052981,75.49668874172185,9.271523178807946
E00171226,157,28,10,18,129,119,10,17.8343949044586,6.369426751592357,11.464968152866243,82.16560509554141,75.79617834394905,6.369426751592357
E00171227,108,32,10,22,76,63,13,29.629629629629626,9.25925925925926,20.37037037037037,70.37037037037037,58.333333333333336,12.037037037037036
E00171228,212,50,17,33,162,145,17,23.58490566037736,8.018867924528301,15.566037735849056,76.41509433962264,68.39622641509435,8.018867924528301
E00171229,238,45,14,31,193,174,19,18.907563025210084,5.88235294117647,13.025210084033615,81.09243697478992,73.10924369747899,7.9831932773109235
E00171230,143,17,4,13,126,112,14,11.888111888111888,2.797202797202797,9.090909090909092,88.11188811188812,78.32167832167832,9.79020979020979
E00171231,131,33,10,23,98,85,13,25.190839694656486,7.633587786259542,17.557251908396946,74.80916030534351,64.8854961832061,9.923664122137405
E00171232,96,30,15,15,66,59,7,31.25,15.625,15.625,68.75,61.458333333333336,7.291666666666667
E00171233,123,30,12,18,93,80,13,24.390243902439025,9.75609756097561,14.634146341463413,75.60975609756098,65.04065040650406,10.569105691056912
E00171234,125,38,8,30,87,78,9,30.4,6.4,24,69.6,62.4,7.199999999999999
E00171235,167,41,12,29,126,108,18,24.550898203592812,7.18562874251497,17.365269461077844,75.44910179640718,64.67065868263472,10.778443113772456
E00171236,178,36,11,25,142,122,20,20.224719101123593,6.179775280898876,14.04494382022472,79.7752808988764,68.53932584269663,11.235955056179774
E00171237,157,35,13,22,122,104,18,22.29299363057325,8.280254777070063,14.012738853503185,77.70700636942675,66.2420382165605,11.464968152866243
E00171238,153,46,10,36,107,95,12,30.065359477124183,6.535947712418301,23.52941176470588,69.93464052287581,62.091503267973856,7.8431372549019605
E00171239,133,37,12,25,96,87,9,27.819548872180448,9.022556390977442,18.796992481203006,72.18045112781954,65.41353383458647,6.7669172932330826
E00171240,155,39,16,23,116,96,20,25.161290322580644,10.32258064516129,14.838709677419354,74.83870967741936,61.935483870967744,12.903225806451612
E00171241,165,45,14,31,120,92,28,27.27272727272727,8.484848484848486,18.787878787878785,72.72727272727273,55.757575757575765,16.969696969696972
E00171242,209,55,15,40,154,122,32,26.31578947368421,7.177033492822966,19.138755980861244,73.68421052631578,58.3732057416268,15.311004784688995
E00171243,129,30,3,27,99,83,16,23.25581395348837,2.3255813953488373,20.930232558139537,76.74418604651163,64.34108527131784,12.4031007751938
E00171244,89,25,4,21,64,59,5,28.08988764044944,4.49438202247191,23.595505617977526,71.91011235955057,66.29213483146067,5.617977528089887
E00171245,88,22,6,16,66,54,12,25,6.8181818181818175,18.181818181818183,75,61.36363636363637,13.636363636363635
E00171246,53,21,11,10,32,28,4,39.62264150943396,20.754716981132077,18.867924528301888,60.37735849056604,52.83018867924528,7.547169811320755
E00179845,105,22,9,13,83,76,7,20.952380952380953,8.571428571428571,12.380952380952381,79.04761904761905,72.38095238095238,6.666666666666667
E00179847,82,19,11,8,63,52,11,23.170731707317074,13.414634146341465,9.75609756097561,76.82926829268293,63.41463414634146,13.414634146341465
E00179849,56,17,7,10,39,33,6,30.357142857142854,12.5,17.857142857142858,69.64285714285714,58.92857142857143,10.714285714285714
E00179852,329,67,26,41,262,229,33,20.364741641337385,7.90273556231003,12.462006079027356,79.63525835866263,69.6048632218845,10.030395136778116
E00179853,258,44,13,31,214,191,23,17.05426356589147,5.038759689922481,12.015503875968992,82.94573643410853,74.03100775193798,8.914728682170542
E00179854,127,25,9,16,102,96,6,19.68503937007874,7.086614173228346,12.598425196850393,80.31496062992126,75.59055118110236,4.724409448818897
E00179856,186,38,10,28,148,139,9,20.43010752688172,5.376344086021505,15.053763440860216,79.56989247311827,74.73118279569893,4.838709677419355
E00179857,101,15,4,11,86,79,7,14.85148514851485,3.9603960396039604,10.891089108910892,85.14851485148515,78.21782178217822,6.9306930693069315
E00179858,81,23,9,14,58,52,6,28.39506172839506,11.11111111111111,17.28395061728395,71.60493827160494,64.19753086419753,7.4074074074074066
E00179860,162,42,12,30,120,109,11,25.925925925925924,7.4074074074074066,18.51851851851852,74.07407407407408,67.28395061728395,6.790123456790123
E00179862,139,27,14,13,112,102,10,19.424460431654676,10.071942446043165,9.352517985611511,80.57553956834532,73.38129496402878,7.1942446043165464
E00179868,95,31,8,23,64,60,4,32.631578947368425,8.421052631578947,24.210526315789473,67.36842105263158,63.1578947368421,4.2105263157894735
E00179870,171,23,7,16,148,129,19,13.450292397660817,4.093567251461988,9.35672514619883,86.54970760233918,75.43859649122807,11.11111111111111
E00179871,195,61,23,38,134,113,21,31.28205128205128,11.794871794871794,19.48717948717949,68.71794871794872,57.948717948717956,10.76923076923077
E00179872,159,91,56,35,68,62,6,57.23270440251572,35.22012578616352,22.0125786163522,42.76729559748428,38.9937106918239,3.7735849056603774
E00179873,92,26,5,21,66,58,8,28.26086956521739,5.434782608695652,22.82608695652174,71.73913043478261,63.04347826086957,8.695652173913043
E00179875,154,46,22,24,108,92,16,29.87012987012987,14.285714285714285,15.584415584415584,70.12987012987013,59.74025974025974,10.38961038961039
E00179877,77,27,4,23,50,45,5,35.064935064935064,5.194805194805195,29.87012987012987,64.93506493506493,58.44155844155844,6.493506493506493
E00179879,187,33,12,21,154,143,11,17.647058823529413,6.417112299465241,11.229946524064172,82.35294117647058,76.47058823529412,5.88235294117647
E00179880,125,39,9,30,86,78,8,31.2,7.199999999999999,24,68.8,62.4,6.4
E00179881,67,13,4,9,54,47,7,19.402985074626866,5.970149253731343,13.432835820895523,80.59701492537313,70.1492537313433,10.44776119402985
E00179882,363,76,21,55,287,248,39,20.9366391184573,5.785123966942149,15.151515151515152,79.06336088154269,68.31955922865014,10.743801652892563
E00179883,83,28,10,18,55,49,6,33.734939759036145,12.048192771084338,21.686746987951807,66.26506024096386,59.036144578313255,7.228915662650602
E00179884,290,69,20,49,221,207,14,23.79310344827586,6.896551724137931,16.896551724137932,76.20689655172413,71.37931034482759,4.827586206896552
E00179887,108,44,16,28,64,64,0,40.74074074074074,14.814814814814813,25.925925925925924,59.25925925925925,59.25925925925925,0
E00179888,107,72,36,36,35,33,2,67.28971962616822,33.64485981308411,33.64485981308411,32.71028037383177,30.8411214953271,1.8691588785046727
E00179891,206,65,18,47,141,122,19,31.55339805825243,8.737864077669903,22.815533980582526,68.44660194174757,59.22330097087378,9.223300970873787
E00179894,231,48,21,27,183,159,24,20.77922077922078,9.090909090909092,11.688311688311687,79.22077922077922,68.83116883116884,10.38961038961039
E00179897,101,23,7,16,78,73,5,22.772277227722775,6.9306930693069315,15.841584158415841,77.22772277227723,72.27722772277228,4.9504950495049505
E00179898,62,15,2,13,47,40,7,24.193548387096776,3.225806451612903,20.967741935483872,75.80645161290323,64.51612903225806,11.29032258064516
E00179899,185,51,13,38,134,123,11,27.56756756756757,7.027027027027027,20.54054054054054,72.43243243243244,66.48648648648648,5.9459459459459465
E00179900,130,41,13,28,89,86,3,31.538461538461537,10,21.53846153846154,68.46153846153847,66.15384615384615,2.307692307692308
E00179901,107,54,40,14,53,45,8,50.467289719626166,37.38317757009346,13.084112149532709,49.532710280373834,42.05607476635514,7.476635514018691
E00179902,107,42,11,31,65,62,3,39.25233644859813,10.2803738317757,28.971962616822427,60.747663551401864,57.943925233644855,2.803738317757009
E00179904,151,34,10,24,117,101,16,22.516556291390728,6.622516556291391,15.894039735099339,77.48344370860927,66.88741721854305,10.596026490066226
E00179907,160,93,55,38,67,57,10,58.12500000000001,34.375,23.75,41.875,35.625,6.25
E00179909,213,65,17,48,148,132,16,30.51643192488263,7.981220657276995,22.535211267605636,69.48356807511738,61.97183098591549,7.511737089201878
