OA,ts0590001,ts0590002,ts0590003,ts0590004,ts0590005,ts0590006,ts0590007,ts0590002_PCT,ts0590003_PCT,ts0590004_PCT,ts0590005_PCT,ts0590006_PCT,ts0590007_PCT
E00143391,167,48,15,33,119,97,22,28.74251497005988,8.982035928143713,19.760479041916167,71.25748502994011,58.08383233532935,13.17365269461078
E00143392,183,47,16,31,136,116,20,25.683060109289617,8.743169398907105,16.939890710382514,74.31693989071039,63.387978142076506,10.92896174863388
E00143393,154,37,10,27,117,103,14,24.025974025974026,6.493506493506493,17.532467532467532,75.97402597402598,66.88311688311688,9.090909090909092
E00143394,175,52,7,45,123,107,16,29.714285714285715,4,25.71428571428571,70.28571428571428,61.142857142857146,9.142857142857142
E00143395,139,50,10,40,89,81,8,35.97122302158273,7.1942446043165464,28.776978417266186,64.02877697841727,58.27338129496403,5.755395683453238
E00143396,169,63,18,45,106,95,11,37.278106508875744,10.650887573964498,26.627218934911244,62.721893491124256,56.213017751479285,6.508875739644971
E00143397,117,38,12,26,79,66,13,32.47863247863248,10.256410256410255,22.22222222222222,67.52136752136752,56.41025641025641,11.11111111111111
E00143398,137,45,12,33,92,79,13,32.846715328467155,8.75912408759124,24.087591240875913,67.15328467153284,57.66423357664233,9.48905109489051
E00143399,142,48,17,31,94,87,7,33.80281690140845,11.971830985915492,21.830985915492956,66.19718309859155,61.267605633802816,4.929577464788732
E00143400,137,49,12,37,88,79,9,35.76642335766424,8.75912408759124,27.00729927007299,64.23357664233576,57.66423357664233,6.569343065693431
E00143401,147,47,12,35,100,88,12,31.97278911564626,8.16326530612245,23.809523809523807,68.02721088435374,59.863945578231295,8.16326530612245
E00143402,47,14,6,8,33,31,2,29.78723404255319,12.76595744680851,17.02127659574468,70.2127659574468,65.95744680851064,4.25531914893617
E00143403,136,40,13,27,96,83,13,29.411764705882355,9.558823529411764,19.852941176470587,70.58823529411765,61.029411764705884,9.558823529411764
E00143404,150,52,13,39,98,88,10,34.66666666666667,8.666666666666668,26,65.33333333333333,58.666666666666664,6.666666666666667
E00143405,137,47,12,35,90,79,11,34.306569343065696,8.75912408759124,25.547445255474454,65.69343065693431,57.66423357664233,8.02919708029197
E00143406,147,44,16,28,103,88,15,29.931972789115648,10.884353741496598,19.047619047619047,70.06802721088435,59.863945578231295,10.204081632653061
E00143407,181,60,15,45,121,103,18,33.14917127071823,8.287292817679557,24.861878453038674,66.85082872928176,56.9060773480663,9.94475138121547
E00143409,116,34,13,21,82,73,9,29.310344827586203,11.206896551724139,18.103448275862068,70.6896551724138,62.93103448275862,7.758620689655173
E00143410,122,35,11,24,87,70,17,28.688524590163933,9.01639344262295,19.672131147540984,71.31147540983606,57.377049180327866,13.934426229508196
E00143411,142,44,19,25,98,89,9,30.985915492957744,13.380281690140844,17.6056338028169,69.01408450704226,62.676056338028175,6.338028169014084
E00143412,180,54,16,38,126,110,16,30,8.88888888888889,21.11111111111111,70,61.111111111111114,8.88888888888889
E00143413,160,49,10,39,111,98,13,30.625000000000004,6.25,24.375,69.375,61.25000000000001,8.125
E00143414,138,51,18,33,87,76,11,36.95652173913043,13.043478260869565,23.91304347826087,63.04347826086957,55.072463768115945,7.971014492753622
E00143415,100,32,11,21,68,55,13,32,11,21,68,55.00000000000001,13
E00143416,128,41,13,28,87,76,11,32.03125,10.15625,21.875,67.96875,59.375,8.59375
E00143417,154,51,14,37,103,89,14,33.116883116883116,9.090909090909092,24.025974025974026,66.88311688311688,57.7922077922078,9.090909090909092
E00143418,108,43,20,23,65,61,4,39.81481481481482,18.51851851851852,21.296296296296298,60.18518518518518,56.481481481481474,3.7037037037037033
E00143419,80,36,15,21,44,40,4,45,18.75,26.25,55.00000000000001,50,5
E00143420,139,44,11,33,95,81,14,31.654676258992804,7.913669064748201,23.741007194244602,68.34532374100719,58.27338129496403,10.071942446043165
E00143421,164,49,19,30,115,103,12,29.878048780487802,11.585365853658537,18.29268292682927,70.1219512195122,62.80487804878049,7.317073170731707
E00143422,114,47,17,30,67,52,15,41.228070175438596,14.912280701754385,26.31578947368421,58.77192982456141,45.614035087719294,13.157894736842104
E00143423,130,48,14,34,82,67,15,36.92307692307693,10.76923076923077,26.153846153846157,63.07692307692307,51.53846153846153,11.538461538461538
E00143424,152,44,22,22,108,88,20,28.947368421052634,14.473684210526317,14.473684210526317,71.05263157894737,57.89473684210527,13.157894736842104
E00143425,111,37,13,24,74,61,13,33.33333333333333,11.711711711711711,21.62162162162162,66.66666666666666,54.95495495495496,11.711711711711711
E00143426,97,34,10,24,63,50,13,35.051546391752574,10.309278350515463,24.742268041237114,64.94845360824742,51.546391752577314,13.402061855670103
E00143427,178,66,31,35,112,82,30,37.07865168539326,17.415730337078653,19.662921348314608,62.92134831460674,46.06741573033708,16.853932584269664
E00143428,139,51,19,32,88,74,14,36.69064748201439,13.66906474820144,23.021582733812952,63.30935251798561,53.23741007194245,10.071942446043165
E00143429,119,39,13,26,80,66,14,32.773109243697476,10.92436974789916,21.84873949579832,67.22689075630252,55.46218487394958,11.76470588235294
E00143432,165,66,19,47,99,88,11,40,11.515151515151516,28.484848484848484,60,53.333333333333336,6.666666666666667
E00143433,227,65,17,48,162,141,21,28.634361233480178,7.488986784140969,21.145374449339208,71.36563876651982,62.11453744493392,9.251101321585903
E00143434,130,43,20,23,87,74,13,33.07692307692307,15.384615384615385,17.692307692307693,66.92307692307692,56.92307692307692,10
E00143435,142,45,17,28,97,85,12,31.690140845070424,11.971830985915492,19.718309859154928,68.30985915492957,59.859154929577464,8.450704225352112
E00143436,134,47,12,35,87,81,6,35.07462686567165,8.955223880597014,26.119402985074625,64.92537313432835,60.447761194029844,4.477611940298507
E00143437,135,46,12,34,89,80,9,34.074074074074076,8.88888888888889,25.185185185185183,65.92592592592592,59.25925925925925,6.666666666666667
E00143438,174,52,17,35,122,109,13,29.88505747126437,9.770114942528735,20.114942528735632,70.11494252873564,62.643678160919535,7.471264367816093
E00143439,198,55,17,38,143,123,20,27.77777777777778,8.585858585858585,19.19191919191919,72.22222222222221,62.121212121212125,10.1010101010101
E00143440,127,34,6,28,93,77,16,26.77165354330709,4.724409448818897,22.04724409448819,73.22834645669292,60.629921259842526,12.598425196850393
E00143441,99,41,14,27,58,38,20,41.41414141414141,14.14141414141414,27.27272727272727,58.58585858585859,38.38383838383838,20.2020202020202
E00143442,155,47,18,29,108,92,16,30.32258064516129,11.612903225806452,18.70967741935484,69.6774193548387,59.354838709677416,10.32258064516129
E00143443,164,55,19,36,109,94,15,33.53658536585366,11.585365853658537,21.951219512195124,66.46341463414635,57.3170731707317,9.146341463414634
E00143444,130,39,13,26,91,78,13,30,10,20,70,60,10
E00143445,118,39,11,28,79,73,6,33.05084745762712,9.322033898305085,23.728813559322035,66.94915254237289,61.86440677966102,5.084745762711865
E00143446,153,39,9,30,114,99,15,25.49019607843137,5.88235294117647,19.607843137254903,74.50980392156863,64.70588235294117,9.803921568627452
E00143447,60,25,5,20,35,28,7,41.66666666666667,8.333333333333332,33.33333333333333,58.333333333333336,46.666666666666664,11.666666666666666
E00143448,175,50,17,33,125,103,22,28.57142857142857,9.714285714285714,18.857142857142858,71.42857142857143,58.857142857142854,12.571428571428573
E00143449,131,48,13,35,83,72,11,36.6412213740458,9.923664122137405,26.717557251908396,63.358778625954194,54.961832061068705,8.396946564885496
E00143450,59,18,9,9,41,38,3,30.508474576271187,15.254237288135593,15.254237288135593,69.49152542372882,64.40677966101694,5.084745762711865
E00143451,146,53,20,33,93,76,17,36.3013698630137,13.698630136986301,22.602739726027394,63.6986301369863,52.054794520547944,11.643835616438356
E00143452,114,33,10,23,81,68,13,28.947368421052634,8.771929824561402,20.175438596491226,71.05263157894737,59.64912280701754,11.403508771929824
E00143453,208,80,22,58,128,114,14,38.46153846153847,10.576923076923077,27.884615384615387,61.53846153846154,54.807692307692314,6.730769230769231
E00143454,160,48,17,31,112,95,17,30,10.625,19.375,70,59.375,10.625
E00143455,168,67,21,46,101,90,11,39.88095238095239,12.5,27.380952380952383,60.11904761904761,53.57142857142857,6.547619047619048
E00143456,97,21,2,19,76,69,7,21.649484536082475,2.0618556701030926,19.587628865979383,78.35051546391753,71.1340206185567,7.216494845360824
E00143457,133,40,16,24,93,79,14,30.075187969924812,12.030075187969924,18.045112781954884,69.92481203007519,59.3984962406015,10.526315789473683
E00143458,172,56,19,37,116,96,20,32.55813953488372,11.046511627906977,21.511627906976745,67.44186046511628,55.81395348837209,11.627906976744185
E00143459,135,42,10,32,93,77,16,31.11111111111111,7.4074074074074066,23.703703703703706,68.88888888888889,57.03703703703704,11.851851851851853
E00143460,133,41,12,29,92,83,9,30.82706766917293,9.022556390977442,21.804511278195488,69.17293233082707,62.40601503759399,6.7669172932330826
E00143461,113,34,14,20,79,69,10,30.08849557522124,12.389380530973451,17.699115044247787,69.91150442477876,61.06194690265486,8.849557522123893
E00143462,145,36,11,25,109,91,18,24.82758620689655,7.586206896551724,17.24137931034483,75.17241379310344,62.758620689655174,12.413793103448276
E00143463,112,30,6,24,82,65,17,26.785714285714285,5.357142857142857,21.428571428571427,73.21428571428571,58.03571428571429,15.178571428571427
E00143464,126,43,10,33,83,73,10,34.12698412698413,7.936507936507936,26.190476190476193,65.87301587301587,57.936507936507944,7.936507936507936
E00143465,45,12,5,7,33,33,0,26.666666666666668,11.11111111111111,15.555555555555555,73.33333333333333,73.33333333333333,0
E00143466,88,28,6,22,60,54,6,31.818181818181817,6.8181818181818175,25,68.18181818181817,61.36363636363637,6.8181818181818175
E00143467,172,52,13,39,120,101,19,30.23255813953488,7.55813953488372,22.674418604651162,69.76744186046511,58.720930232558146,11.046511627906977
E00143468,132,45,7,38,87,75,12,34.090909090909086,5.303030303030303,28.78787878787879,65.9090909090909,56.81818181818182,9.090909090909092
E00143469,121,40,7,33,81,75,6,33.057851239669425,5.785123966942149,27.27272727272727,66.94214876033058,61.98347107438017,4.958677685950414
E00143470,51,13,0,13,38,31,7,25.49019607843137,0,25.49019607843137,74.50980392156863,60.78431372549019,13.725490196078432
E00143471,197,44,12,32,153,133,20,22.33502538071066,6.091370558375635,16.243654822335024,77.66497461928934,67.51269035532995,10.152284263959391
E00143472,216,53,16,37,163,144,19,24.537037037037038,7.4074074074074066,17.12962962962963,75.46296296296296,66.66666666666666,8.796296296296296
E00143473,132,42,7,35,90,76,14,31.818181818181817,5.303030303030303,26.515151515151516,68.18181818181817,57.57575757575758,10.606060606060606
E00143474,97,33,5,28,64,50,14,34.02061855670103,5.154639175257731,28.865979381443296,65.97938144329896,51.546391752577314,14.432989690721648
E00143475,131,43,16,27,88,78,10,32.82442748091603,12.213740458015266,20.610687022900763,67.17557251908397,59.541984732824424,7.633587786259542
E00143476,123,34,6,28,89,80,9,27.64227642276423,4.878048780487805,22.76422764227642,72.35772357723577,65.04065040650406,7.317073170731707
E00143477,128,24,8,16,104,93,11,18.75,6.25,12.5,81.25,72.65625,8.59375
E00143478,171,54,18,36,117,97,20,31.57894736842105,10.526315789473683,21.052631578947366,68.42105263157895,56.72514619883041,11.695906432748536
E00143479,209,64,21,43,145,128,17,30.62200956937799,10.047846889952153,20.574162679425836,69.377990430622,61.24401913875598,8.133971291866029
E00143480,146,49,18,31,97,85,12,33.56164383561644,12.32876712328767,21.232876712328768,66.43835616438356,58.21917808219178,8.21917808219178
E00143481,82,32,7,25,50,40,10,39.02439024390244,8.536585365853659,30.48780487804878,60.97560975609756,48.78048780487805,12.195121951219512
E00143482,193,63,18,45,130,115,15,32.64248704663213,9.32642487046632,23.316062176165804,67.35751295336787,59.58549222797927,7.772020725388601
E00143483,181,53,10,43,128,107,21,29.2817679558011,5.524861878453039,23.756906077348066,70.71823204419888,59.11602209944752,11.602209944751381
E00143484,174,45,15,30,129,120,9,25.862068965517242,8.620689655172415,17.24137931034483,74.13793103448276,68.96551724137932,5.172413793103448
E00143485,117,36,16,20,81,72,9,30.76923076923077,13.675213675213676,17.094017094017094,69.23076923076923,61.53846153846154,7.6923076923076925
E00143486,196,57,16,41,139,127,12,29.081632653061224,8.16326530612245,20.918367346938776,70.91836734693877,64.79591836734694,6.122448979591836
E00143487,160,56,24,32,104,92,12,35,15,20,65,57.49999999999999,7.5
E00143488,186,51,21,30,135,118,17,27.419354838709676,11.29032258064516,16.129032258064516,72.58064516129032,63.44086021505376,9.13978494623656
E00143489,151,39,18,21,112,100,12,25.82781456953642,11.920529801324504,13.90728476821192,74.17218543046357,66.22516556291392,7.9470198675496695
E00143490,183,64,12,52,119,104,15,34.97267759562842,6.557377049180328,28.415300546448087,65.02732240437157,56.830601092896174,8.19672131147541
E00143491,85,32,13,19,53,48,5,37.64705882352941,15.294117647058824,22.35294117647059,62.35294117647059,56.470588235294116,5.88235294117647
E00143492,119,42,8,34,77,66,11,35.294117647058826,6.722689075630252,28.57142857142857,64.70588235294117,55.46218487394958,9.243697478991598
E00143493,101,34,15,19,67,65,2,33.663366336633665,14.85148514851485,18.81188118811881,66.33663366336634,64.35643564356435,1.9801980198019802
E00143494,138,45,24,21,93,80,13,32.608695652173914,17.391304347826086,15.217391304347828,67.3913043478261,57.971014492753625,9.420289855072465
E00143495,151,60,17,43,91,82,9,39.735099337748345,11.258278145695364,28.47682119205298,60.264900662251655,54.3046357615894,5.960264900662252
E00143496,134,29,11,18,105,91,14,21.641791044776117,8.208955223880597,13.432835820895523,78.35820895522389,67.91044776119402,10.44776119402985
E00143497,124,45,16,29,79,68,11,36.29032258064516,12.903225806451612,23.387096774193548,63.70967741935484,54.83870967741935,8.870967741935484
E00143498,168,49,24,25,119,107,12,29.166666666666668,14.285714285714285,14.880952380952381,70.83333333333334,63.69047619047619,7.142857142857142
E00143499,89,27,8,19,62,62,0,30.337078651685395,8.98876404494382,21.34831460674157,69.66292134831461,69.66292134831461,0
E00143500,147,36,8,28,111,94,17,24.489795918367346,5.442176870748299,19.047619047619047,75.51020408163265,63.94557823129252,11.564625850340136
E00143501,178,56,11,45,122,112,10,31.46067415730337,6.179775280898876,25.280898876404496,68.53932584269663,62.92134831460674,5.617977528089887
E00143502,147,40,9,31,107,98,9,27.2108843537415,6.122448979591836,21.08843537414966,72.78911564625851,66.66666666666666,6.122448979591836
E00143503,118,38,10,28,80,73,7,32.20338983050847,8.47457627118644,23.728813559322035,67.79661016949152,61.86440677966102,5.932203389830509
E00143504,142,43,12,31,99,93,6,30.28169014084507,8.450704225352112,21.830985915492956,69.71830985915493,65.49295774647888,4.225352112676056
E00143505,167,58,16,42,109,91,18,34.73053892215569,9.580838323353294,25.149700598802394,65.26946107784431,54.49101796407185,10.778443113772456
E00143506,117,26,7,19,91,83,8,22.22222222222222,5.982905982905983,16.23931623931624,77.77777777777779,70.94017094017094,6.837606837606838
E00143507,141,42,14,28,99,88,11,29.78723404255319,9.929078014184398,19.858156028368796,70.2127659574468,62.4113475177305,7.801418439716312
E00143508,91,31,11,20,60,53,7,34.065934065934066,12.087912087912088,21.978021978021978,65.93406593406593,58.24175824175825,7.6923076923076925
E00143509,168,42,9,33,126,112,14,25,5.357142857142857,19.642857142857142,75,66.66666666666666,8.333333333333332
E00143510,44,10,3,7,34,31,3,22.727272727272727,6.8181818181818175,15.909090909090908,77.27272727272727,70.45454545454545,6.8181818181818175
E00143511,154,52,9,43,102,88,14,33.76623376623377,5.844155844155844,27.92207792207792,66.23376623376623,57.14285714285714,9.090909090909092
E00143512,64,18,5,13,46,39,7,28.125,7.8125,20.3125,71.875,60.9375,10.9375
E00143513,122,33,13,20,89,82,7,27.049180327868854,10.655737704918032,16.39344262295082,72.95081967213115,67.21311475409836,5.737704918032787
E00143514,110,36,6,30,74,64,10,32.72727272727273,5.454545454545454,27.27272727272727,67.27272727272727,58.18181818181818,9.090909090909092
E00143515,167,49,12,37,118,102,16,29.34131736526946,7.18562874251497,22.15568862275449,70.65868263473054,61.07784431137725,9.580838323353294
E00143516,179,52,16,36,127,107,20,29.05027932960894,8.938547486033519,20.11173184357542,70.94972067039106,59.77653631284916,11.1731843575419
E00143517,125,49,16,33,76,65,11,39.2,12.8,26.400000000000002,60.8,52,8.799999999999999
E00143518,159,33,10,23,126,115,11,20.754716981132077,6.289308176100629,14.465408805031446,79.24528301886792,72.32704402515722,6.918238993710692
E00143519,126,52,18,34,74,59,15,41.269841269841265,14.285714285714285,26.984126984126984,58.730158730158735,46.82539682539682,11.904761904761903
E00143520,130,31,7,24,99,83,16,23.846153846153847,5.384615384615385,18.461538461538463,76.15384615384615,63.84615384615384,12.307692307692308
E00143521,229,60,18,42,169,147,22,26.200873362445414,7.860262008733625,18.340611353711793,73.7991266375546,64.19213973799127,9.606986899563319
E00143522,150,33,12,21,117,96,21,22,8,14.000000000000002,78,64,14.000000000000002
E00143523,195,57,12,45,138,116,22,29.230769230769234,6.153846153846154,23.076923076923077,70.76923076923077,59.48717948717949,11.282051282051283
E00143524,145,50,22,28,95,81,14,34.48275862068966,15.172413793103448,19.310344827586206,65.51724137931035,55.86206896551724,9.655172413793103
E00143525,163,49,13,36,114,90,24,30.061349693251532,7.975460122699387,22.085889570552148,69.93865030674846,55.21472392638037,14.723926380368098
E00143526,132,50,9,41,82,72,10,37.878787878787875,6.8181818181818175,31.060606060606062,62.121212121212125,54.54545454545454,7.575757575757576
E00143527,176,45,14,31,131,110,21,25.568181818181817,7.954545454545454,17.613636363636363,74.43181818181817,62.5,11.931818181818182
E00143529,93,19,3,16,74,60,14,20.43010752688172,3.225806451612903,17.20430107526882,79.56989247311827,64.51612903225806,15.053763440860216
E00143530,129,35,11,24,94,77,17,27.131782945736433,8.527131782945736,18.6046511627907,72.86821705426357,59.68992248062015,13.178294573643413
E00143531,132,41,12,29,91,77,14,31.060606060606062,9.090909090909092,21.96969696969697,68.93939393939394,58.333333333333336,10.606060606060606
E00143532,146,44,13,31,102,89,13,30.136986301369863,8.904109589041095,21.232876712328768,69.86301369863014,60.95890410958904,8.904109589041095
E00143533,142,53,17,36,89,74,15,37.32394366197183,11.971830985915492,25.352112676056336,62.676056338028175,52.112676056338024,10.56338028169014
E00143534,175,53,14,39,122,99,23,30.28571428571429,8,22.285714285714285,69.71428571428572,56.57142857142857,13.142857142857142
E00143535,148,39,10,29,109,96,13,26.351351351351347,6.756756756756757,19.594594594594593,73.64864864864865,64.86486486486487,8.783783783783784
E00143536,129,29,9,20,100,79,21,22.48062015503876,6.976744186046512,15.503875968992247,77.51937984496125,61.240310077519375,16.27906976744186
E00143537,171,54,26,28,117,99,18,31.57894736842105,15.204678362573098,16.374269005847953,68.42105263157895,57.89473684210527,10.526315789473683
E00143538,145,37,11,26,108,94,14,25.517241379310345,7.586206896551724,17.93103448275862,74.48275862068967,64.82758620689654,9.655172413793103
E00143539,129,39,9,30,90,79,11,30.23255813953488,6.976744186046512,23.25581395348837,69.76744186046511,61.240310077519375,8.527131782945736
E00143540,140,41,11,30,99,87,12,29.28571428571429,7.857142857142857,21.428571428571427,70.71428571428572,62.142857142857146,8.571428571428571
E00143541,144,36,11,25,108,88,20,25,7.638888888888889,17.36111111111111,75,61.111111111111114,13.88888888888889
E00143542,123,44,9,35,79,70,9,35.77235772357724,7.317073170731707,28.455284552845526,64.22764227642277,56.91056910569105,7.317073170731707
E00143543,111,29,10,19,82,72,10,26.126126126126124,9.00900900900901,17.117117117117118,73.87387387387388,64.86486486486487,9.00900900900901
E00143544,148,59,21,38,89,79,10,39.86486486486486,14.18918918918919,25.675675675675674,60.13513513513513,53.37837837837838,6.756756756756757
E00143545,128,30,8,22,98,85,13,23.4375,6.25,17.1875,76.5625,66.40625,10.15625
E00143546,158,54,13,41,104,88,16,34.177215189873415,8.227848101265822,25.949367088607595,65.82278481012658,55.69620253164557,10.126582278481013
E00143547,143,37,9,28,106,87,19,25.874125874125873,6.293706293706294,19.58041958041958,74.12587412587412,60.83916083916085,13.286713286713287
E00143548,103,39,15,24,64,54,10,37.86407766990291,14.563106796116504,23.300970873786408,62.13592233009708,52.42718446601942,9.70873786407767
E00143549,82,33,8,25,49,43,6,40.243902439024396,9.75609756097561,30.48780487804878,59.756097560975604,52.4390243902439,7.317073170731707
E00143550,32,6,1,5,26,25,1,18.75,3.125,15.625,81.25,78.125,3.125
E00143551,126,36,7,29,90,74,16,28.57142857142857,5.555555555555555,23.015873015873016,71.42857142857143,58.730158730158735,12.698412698412698
E00143552,145,41,15,26,104,90,14,28.27586206896552,10.344827586206897,17.93103448275862,71.72413793103448,62.06896551724138,9.655172413793103
E00143553,108,29,6,23,79,76,3,26.851851851851855,5.555555555555555,21.296296296296298,73.14814814814815,70.37037037037037,2.7777777777777777
E00143554,166,62,17,45,104,89,15,37.34939759036144,10.240963855421686,27.10843373493976,62.65060240963856,53.6144578313253,9.036144578313253
E00143555,174,47,15,32,127,113,14,27.011494252873565,8.620689655172415,18.39080459770115,72.98850574712644,64.9425287356322,8.045977011494253
E00143556,165,44,13,31,121,105,16,26.666666666666668,7.878787878787878,18.787878787878785,73.33333333333333,63.63636363636363,9.696969696969697
E00143557,141,40,11,29,101,89,12,28.368794326241137,7.801418439716312,20.56737588652482,71.63120567375887,63.12056737588653,8.51063829787234
E00143558,140,42,11,31,98,89,9,30,7.857142857142857,22.142857142857142,70,63.57142857142857,6.428571428571428
E00143559,114,40,9,31,74,65,9,35.08771929824561,7.894736842105263,27.192982456140353,64.91228070175438,57.01754385964912,7.894736842105263
E00143560,144,51,11,40,93,89,4,35.41666666666667,7.638888888888889,27.77777777777778,64.58333333333334,61.80555555555556,2.7777777777777777
E00143561,79,28,8,20,51,39,12,35.44303797468354,10.126582278481013,25.31645569620253,64.55696202531645,49.36708860759494,15.18987341772152
E00143562,129,35,17,18,94,84,10,27.131782945736433,13.178294573643413,13.953488372093023,72.86821705426357,65.11627906976744,7.751937984496124
E00143563,97,26,8,18,71,64,7,26.804123711340207,8.24742268041237,18.556701030927837,73.19587628865979,65.97938144329896,7.216494845360824
E00143564,106,41,13,28,65,55,10,38.67924528301887,12.264150943396226,26.41509433962264,61.32075471698113,51.886792452830186,9.433962264150944
E00143565,122,33,11,22,89,84,5,27.049180327868854,9.01639344262295,18.0327868852459,72.95081967213115,68.85245901639344,4.098360655737705
E00143566,124,40,11,29,84,68,16,32.25806451612903,8.870967741935484,23.387096774193548,67.74193548387096,54.83870967741935,12.903225806451612
E00143567,162,46,18,28,116,101,15,28.39506172839506,11.11111111111111,17.28395061728395,71.60493827160494,62.34567901234568,9.25925925925926
E00143568,164,44,14,30,120,108,12,26.82926829268293,8.536585365853659,18.29268292682927,73.17073170731707,65.85365853658537,7.317073170731707
E00143569,175,59,10,49,116,97,19,33.714285714285715,5.714285714285714,28.000000000000004,66.28571428571428,55.42857142857143,10.857142857142858
E00143570,260,82,27,55,178,142,36,31.538461538461537,10.384615384615385,21.153846153846153,68.46153846153847,54.61538461538461,13.846153846153847
E00143571,130,42,8,34,88,75,13,32.30769230769231,6.153846153846154,26.153846153846157,67.6923076923077,57.692307692307686,10
E00143572,220,66,22,44,154,125,29,30,10,20,70,56.81818181818182,13.18181818181818
E00143573,156,55,26,29,101,67,34,35.256410256410255,16.666666666666664,18.58974358974359,64.74358974358975,42.94871794871795,21.794871794871796
E00143574,127,45,15,30,82,66,16,35.43307086614173,11.811023622047244,23.62204724409449,64.56692913385827,51.96850393700787,12.598425196850393
E00143575,174,50,17,33,124,98,26,28.735632183908045,9.770114942528735,18.96551724137931,71.26436781609196,56.32183908045977,14.942528735632186
E00143576,117,38,17,21,79,57,22,32.47863247863248,14.529914529914532,17.94871794871795,67.52136752136752,48.717948717948715,18.803418803418804
E00143577,282,86,24,62,196,168,28,30.49645390070922,8.51063829787234,21.98581560283688,69.50354609929079,59.57446808510638,9.929078014184398
E00143578,217,58,16,42,159,130,29,26.72811059907834,7.373271889400922,19.35483870967742,73.27188940092167,59.907834101382484,13.36405529953917
E00143579,157,53,17,36,104,86,18,33.75796178343949,10.828025477707007,22.929936305732486,66.2420382165605,54.77707006369427,11.464968152866243
E00143580,255,82,29,53,173,150,23,32.15686274509804,11.372549019607844,20.784313725490197,67.84313725490196,58.82352941176471,9.019607843137255
E00143581,132,45,11,34,87,80,7,34.090909090909086,8.333333333333332,25.757575757575758,65.9090909090909,60.60606060606061,5.303030303030303
E00143582,171,46,11,35,125,105,20,26.900584795321635,6.432748538011696,20.46783625730994,73.09941520467837,61.40350877192983,11.695906432748536
E00143583,101,35,8,27,66,58,8,34.65346534653465,7.920792079207921,26.732673267326735,65.34653465346535,57.42574257425742,7.920792079207921
E00143584,102,25,6,19,77,66,11,24.509803921568626,5.88235294117647,18.627450980392158,75.49019607843137,64.70588235294117,10.784313725490197
E00143585,207,55,22,33,152,123,29,26.570048309178745,10.628019323671497,15.942028985507244,73.42995169082126,59.42028985507246,14.009661835748794
E00143586,106,35,8,27,71,60,11,33.0188679245283,7.547169811320755,25.471698113207548,66.98113207547169,56.60377358490566,10.377358490566039
E00143587,114,42,19,23,72,61,11,36.84210526315789,16.666666666666664,20.175438596491226,63.1578947368421,53.50877192982456,9.649122807017543
E00143588,58,19,3,16,39,38,1,32.758620689655174,5.172413793103448,27.586206896551722,67.24137931034483,65.51724137931035,1.7241379310344827
E00143589,87,29,8,21,58,48,10,33.33333333333333,9.195402298850574,24.137931034482758,66.66666666666666,55.172413793103445,11.494252873563218
E00143590,112,39,9,30,73,69,4,34.82142857142857,8.035714285714286,26.785714285714285,65.17857142857143,61.60714285714286,3.571428571428571
E00143591,110,38,7,31,72,61,11,34.54545454545455,6.363636363636363,28.18181818181818,65.45454545454545,55.45454545454545,10
E00143592,242,61,22,39,181,163,18,25.206611570247933,9.090909090909092,16.115702479338843,74.79338842975206,67.35537190082644,7.43801652892562
E00143593,109,34,6,28,75,71,4,31.19266055045872,5.5045871559633035,25.688073394495415,68.80733944954129,65.13761467889908,3.669724770642202
E00143594,131,44,22,22,87,79,8,33.587786259541986,16.793893129770993,16.793893129770993,66.41221374045801,60.30534351145038,6.106870229007633
E00143595,136,45,15,30,91,80,11,33.088235294117645,11.029411764705882,22.058823529411764,66.91176470588235,58.82352941176471,8.088235294117647
E00143596,139,45,7,38,94,82,12,32.37410071942446,5.0359712230215825,27.33812949640288,67.62589928057554,58.992805755395686,8.633093525179856
E00143597,95,24,9,15,71,66,5,25.263157894736842,9.473684210526317,15.789473684210526,74.73684210526315,69.47368421052632,5.263157894736842
E00143598,137,41,13,28,96,85,11,29.927007299270077,9.48905109489051,20.437956204379564,70.07299270072993,62.04379562043796,8.02919708029197
E00143599,121,35,4,31,86,74,12,28.92561983471074,3.3057851239669422,25.6198347107438,71.07438016528926,61.15702479338842,9.917355371900827
E00143600,164,41,8,33,123,111,12,25,4.878048780487805,20.121951219512198,75,67.6829268292683,7.317073170731707
E00143601,101,35,18,17,66,58,8,34.65346534653465,17.82178217821782,16.831683168316832,65.34653465346535,57.42574257425742,7.920792079207921
E00143602,154,50,5,45,104,93,11,32.467532467532465,3.2467532467532463,29.22077922077922,67.53246753246754,60.3896103896104,7.142857142857142
E00143603,137,53,15,38,84,75,9,38.68613138686132,10.948905109489052,27.73722627737226,61.31386861313869,54.74452554744526,6.569343065693431
E00143604,53,14,4,10,39,34,5,26.41509433962264,7.547169811320755,18.867924528301888,73.58490566037736,64.15094339622641,9.433962264150944
E00143605,171,45,14,31,126,108,18,26.31578947368421,8.187134502923977,18.128654970760234,73.68421052631578,63.1578947368421,10.526315789473683
E00143606,209,52,14,38,157,140,17,24.880382775119617,6.698564593301436,18.181818181818183,75.11961722488039,66.98564593301435,8.133971291866029
E00143607,137,44,9,35,93,80,13,32.11678832116788,6.569343065693431,25.547445255474454,67.88321167883211,58.3941605839416,9.48905109489051
E00143608,181,59,14,45,122,109,13,32.59668508287293,7.734806629834254,24.861878453038674,67.40331491712708,60.22099447513812,7.18232044198895
E00143609,164,43,14,29,121,108,13,26.21951219512195,8.536585365853659,17.682926829268293,73.78048780487805,65.85365853658537,7.926829268292683
E00143610,152,53,17,36,99,85,14,34.868421052631575,11.18421052631579,23.684210526315788,65.13157894736842,55.92105263157895,9.210526315789473
E00143611,164,57,15,42,107,98,9,34.756097560975604,9.146341463414634,25.609756097560975,65.2439024390244,59.756097560975604,5.487804878048781
E00143612,115,39,11,28,76,63,13,33.91304347826087,9.565217391304348,24.347826086956523,66.08695652173913,54.78260869565217,11.304347826086957
E00143613,39,14,4,10,25,24,1,35.8974358974359,10.256410256410255,25.64102564102564,64.1025641025641,61.53846153846154,2.564102564102564
E00143614,138,40,13,27,98,84,14,28.985507246376812,9.420289855072465,19.565217391304348,71.01449275362319,60.86956521739131,10.144927536231885
E00143615,139,37,11,26,102,86,16,26.618705035971225,7.913669064748201,18.705035971223023,73.38129496402878,61.87050359712231,11.510791366906476
E00143616,168,52,23,29,116,102,14,30.952380952380953,13.690476190476192,17.261904761904763,69.04761904761905,60.71428571428571,8.333333333333332
E00143617,189,31,5,26,158,131,27,16.402116402116402,2.6455026455026456,13.756613756613756,83.5978835978836,69.31216931216932,14.285714285714285
E00143618,148,45,13,32,103,94,9,30.405405405405407,8.783783783783784,21.62162162162162,69.5945945945946,63.51351351351351,6.081081081081082
E00143619,132,40,14,26,92,77,15,30.303030303030305,10.606060606060606,19.696969696969695,69.6969696969697,58.333333333333336,11.363636363636363
E00143620,118,27,6,21,91,81,10,22.88135593220339,5.084745762711865,17.796610169491526,77.11864406779661,68.64406779661016,8.47457627118644
E00143621,118,32,10,22,86,79,7,27.11864406779661,8.47457627118644,18.64406779661017,72.88135593220339,66.94915254237289,5.932203389830509
E00143622,193,45,20,25,148,133,15,23.316062176165804,10.362694300518134,12.953367875647666,76.68393782383419,68.9119170984456,7.772020725388601
E00143623,150,34,9,25,116,104,12,22.666666666666664,6,16.666666666666664,77.33333333333333,69.33333333333334,8
E00143624,153,42,12,30,111,100,11,27.450980392156865,7.8431372549019605,19.607843137254903,72.54901960784314,65.359477124183,7.18954248366013
E00143625,153,41,15,26,112,104,8,26.797385620915033,9.803921568627452,16.99346405228758,73.20261437908496,67.97385620915033,5.228758169934641
E00143627,147,52,18,34,95,79,16,35.374149659863946,12.244897959183673,23.12925170068027,64.62585034013605,53.74149659863946,10.884353741496598
E00143628,124,32,9,23,92,85,7,25.806451612903224,7.258064516129033,18.548387096774192,74.19354838709677,68.54838709677419,5.64516129032258
E00143629,175,43,8,35,132,108,24,24.571428571428573,4.571428571428571,20,75.42857142857143,61.71428571428571,13.714285714285715
E00143630,117,35,18,17,82,72,10,29.914529914529915,15.384615384615385,14.529914529914532,70.08547008547008,61.53846153846154,8.547008547008547
E00143631,53,17,5,12,36,31,5,32.075471698113205,9.433962264150944,22.641509433962266,67.9245283018868,58.490566037735846,9.433962264150944
E00143632,171,50,19,31,121,99,22,29.239766081871345,11.11111111111111,18.128654970760234,70.76023391812866,57.89473684210527,12.865497076023392
E00143633,50,9,4,5,41,34,7,18,8,10,82,68,14.000000000000002
E00143634,129,32,14,18,97,70,27,24.8062015503876,10.852713178294573,13.953488372093023,75.1937984496124,54.263565891472865,20.930232558139537
E00143635,168,46,11,35,122,101,21,27.380952380952383,6.547619047619048,20.833333333333336,72.61904761904762,60.11904761904761,12.5
E00143636,133,27,8,19,106,81,25,20.30075187969925,6.015037593984962,14.285714285714285,79.69924812030075,60.902255639097746,18.796992481203006
E00143637,170,52,17,35,118,106,12,30.58823529411765,10,20.588235294117645,69.41176470588235,62.35294117647059,7.0588235294117645
E00143638,168,54,20,34,114,106,8,32.142857142857146,11.904761904761903,20.238095238095237,67.85714285714286,63.095238095238095,4.761904761904762
E00143639,167,41,10,31,126,106,20,24.550898203592812,5.9880239520958085,18.562874251497004,75.44910179640718,63.47305389221557,11.976047904191617
E00143640,151,37,10,27,114,97,17,24.503311258278146,6.622516556291391,17.880794701986755,75.49668874172185,64.23841059602648,11.258278145695364
E00143641,147,44,13,31,103,94,9,29.931972789115648,8.843537414965986,21.08843537414966,70.06802721088435,63.94557823129252,6.122448979591836
E00143642,149,47,7,40,102,87,15,31.543624161073826,4.697986577181208,26.845637583892618,68.45637583892618,58.38926174496645,10.06711409395973
E00143643,120,33,9,24,87,77,10,27.500000000000004,7.5,20,72.5,64.16666666666667,8.333333333333332
E00143644,177,45,11,34,132,117,15,25.423728813559322,6.214689265536723,19.2090395480226,74.57627118644068,66.10169491525424,8.47457627118644
E00143645,150,47,8,39,103,96,7,31.333333333333336,5.333333333333334,26,68.66666666666667,64,4.666666666666667
E00143646,144,35,8,27,109,95,14,24.305555555555554,5.555555555555555,18.75,75.69444444444444,65.97222222222221,9.722222222222223
E00143647,89,23,6,17,66,61,5,25.842696629213485,6.741573033707865,19.101123595505616,74.15730337078652,68.53932584269663,5.617977528089887
E00143648,184,68,19,49,116,98,18,36.95652173913043,10.326086956521738,26.6304347826087,63.04347826086957,53.2608695652174,9.782608695652174
E00143649,192,53,15,38,139,122,17,27.604166666666668,7.8125,19.791666666666664,72.39583333333334,63.541666666666664,8.854166666666668
E00143650,157,50,11,39,107,96,11,31.84713375796178,7.006369426751593,24.840764331210192,68.15286624203821,61.146496815286625,7.006369426751593
E00143651,207,53,18,35,154,130,24,25.60386473429952,8.695652173913043,16.908212560386474,74.39613526570048,62.80193236714976,11.594202898550725
E00143652,134,35,12,23,99,82,17,26.119402985074625,8.955223880597014,17.16417910447761,73.88059701492537,61.19402985074627,12.686567164179104
E00143653,120,34,7,27,86,76,10,28.333333333333332,5.833333333333333,22.5,71.66666666666667,63.33333333333333,8.333333333333332
E00143654,142,40,18,22,102,91,11,28.169014084507044,12.676056338028168,15.492957746478872,71.83098591549296,64.08450704225352,7.746478873239436
E00143656,143,52,12,40,91,75,16,36.36363636363637,8.391608391608392,27.972027972027973,63.63636363636363,52.44755244755245,11.188811188811188
E00143657,146,47,17,30,99,85,14,32.19178082191781,11.643835616438356,20.54794520547945,67.8082191780822,58.21917808219178,9.58904109589041
E00143658,132,41,10,31,91,83,8,31.060606060606062,7.575757575757576,23.484848484848484,68.93939393939394,62.878787878787875,6.0606060606060606
E00143659,162,47,18,29,115,92,23,29.01234567901235,11.11111111111111,17.901234567901234,70.98765432098766,56.79012345679012,14.19753086419753
E00143660,106,31,8,23,75,64,11,29.245283018867923,7.547169811320755,21.69811320754717,70.75471698113208,60.37735849056604,10.377358490566039
E00143661,160,56,16,40,104,97,7,35,10,25,65,60.62499999999999,4.375
E00143662,131,34,13,21,97,82,15,25.954198473282442,9.923664122137405,16.030534351145036,74.04580152671755,62.59541984732825,11.450381679389313
E00143663,160,55,19,36,105,87,18,34.375,11.875,22.5,65.625,54.37499999999999,11.25
E00143664,160,50,12,38,110,106,4,31.25,7.5,23.75,68.75,66.25,2.5
E00143665,136,35,12,23,101,89,12,25.735294117647058,8.823529411764707,16.911764705882355,74.26470588235294,65.44117647058823,8.823529411764707
E00143666,160,52,8,44,108,85,23,32.5,5,27.500000000000004,67.5,53.125,14.374999999999998
E00143667,153,44,13,31,109,95,14,28.75816993464052,8.49673202614379,20.26143790849673,71.24183006535948,62.091503267973856,9.15032679738562
E00143668,128,36,9,27,92,80,12,28.125,7.03125,21.09375,71.875,62.5,9.375
E00143669,128,40,15,25,88,72,16,31.25,11.71875,19.53125,68.75,56.25,12.5
E00143670,161,35,4,31,126,110,16,21.73913043478261,2.484472049689441,19.25465838509317,78.26086956521739,68.32298136645963,9.937888198757763
E00143671,161,57,26,31,104,83,21,35.40372670807454,16.149068322981368,19.25465838509317,64.59627329192547,51.5527950310559,13.043478260869565
E00143672,170,44,20,24,126,112,14,25.882352941176475,11.76470588235294,14.117647058823529,74.11764705882354,65.88235294117646,8.235294117647058
E00143673,151,48,13,35,103,81,22,31.788079470198678,8.609271523178808,23.178807947019866,68.21192052980133,53.64238410596026,14.56953642384106
E00143674,45,16,7,9,29,24,5,35.55555555555556,15.555555555555555,20,64.44444444444444,53.333333333333336,11.11111111111111
E00143675,150,50,20,30,100,81,19,33.33333333333333,13.333333333333334,20,66.66666666666666,54,12.666666666666668
E00143676,131,47,15,32,84,67,17,35.87786259541985,11.450381679389313,24.427480916030532,64.12213740458014,51.14503816793893,12.977099236641221
E00143678,119,29,11,18,90,77,13,24.369747899159663,9.243697478991598,15.126050420168067,75.63025210084034,64.70588235294117,10.92436974789916
E00143679,91,34,9,25,57,48,9,37.362637362637365,9.89010989010989,27.472527472527474,62.637362637362635,52.74725274725275,9.89010989010989
E00143680,136,46,14,32,90,70,20,33.82352941176471,10.294117647058822,23.52941176470588,66.17647058823529,51.470588235294116,14.705882352941178
E00143681,125,34,14,20,91,65,26,27.200000000000003,11.200000000000001,16,72.8,52,20.8
E00143682,147,47,15,32,100,75,25,31.97278911564626,10.204081632653061,21.768707482993197,68.02721088435374,51.02040816326531,17.006802721088434
E00143683,134,43,14,29,91,81,10,32.08955223880597,10.44776119402985,21.641791044776117,67.91044776119402,60.447761194029844,7.462686567164178
E00143684,146,44,17,27,102,81,21,30.136986301369863,11.643835616438356,18.493150684931507,69.86301369863014,55.47945205479452,14.383561643835616
E00143685,137,48,24,24,89,67,22,35.03649635036496,17.51824817518248,17.51824817518248,64.96350364963503,48.9051094890511,16.05839416058394
E00143686,75,28,14,14,47,46,1,37.333333333333336,18.666666666666668,18.666666666666668,62.66666666666667,61.33333333333333,1.3333333333333335
E00143687,135,41,13,28,94,83,11,30.37037037037037,9.62962962962963,20.74074074074074,69.62962962962963,61.48148148148148,8.148148148148149
E00143688,162,56,18,38,106,87,19,34.5679012345679,11.11111111111111,23.456790123456788,65.4320987654321,53.70370370370371,11.728395061728394
E00143689,105,37,16,21,68,57,11,35.23809523809524,15.238095238095239,20,64.76190476190476,54.285714285714285,10.476190476190476
E00143690,112,34,14,20,78,67,11,30.357142857142854,12.5,17.857142857142858,69.64285714285714,59.82142857142857,9.821428571428571
E00143691,119,39,12,27,80,69,11,32.773109243697476,10.084033613445378,22.689075630252102,67.22689075630252,57.98319327731093,9.243697478991598
E00143692,138,41,17,24,97,79,18,29.71014492753623,12.318840579710146,17.391304347826086,70.28985507246377,57.2463768115942,13.043478260869565
E00143693,128,50,18,32,78,68,10,39.0625,14.0625,25,60.9375,53.125,7.8125
E00143694,113,32,6,26,81,70,11,28.31858407079646,5.3097345132743365,23.008849557522122,71.68141592920354,61.94690265486725,9.734513274336283
E00143695,123,43,12,31,80,69,11,34.959349593495936,9.75609756097561,25.203252032520325,65.04065040650406,56.09756097560976,8.94308943089431
E00143696,131,54,16,38,77,67,10,41.221374045801525,12.213740458015266,29.00763358778626,58.778625954198475,51.14503816793893,7.633587786259542
E00143697,134,39,10,29,95,84,11,29.1044776119403,7.462686567164178,21.641791044776117,70.8955223880597,62.68656716417911,8.208955223880597
E00143698,139,35,12,23,104,92,12,25.179856115107913,8.633093525179856,16.546762589928058,74.82014388489209,66.18705035971223,8.633093525179856
E00143699,137,35,5,30,102,86,16,25.547445255474454,3.64963503649635,21.897810218978105,74.45255474452554,62.77372262773723,11.678832116788321
E00143700,134,27,7,20,107,101,6,20.149253731343283,5.223880597014925,14.925373134328357,79.8507462686567,75.3731343283582,4.477611940298507
E00143701,126,42,10,32,84,73,11,33.33333333333333,7.936507936507936,25.396825396825395,66.66666666666666,57.936507936507944,8.73015873015873
E00143702,134,44,17,27,90,76,14,32.83582089552239,12.686567164179104,20.149253731343283,67.16417910447761,56.71641791044776,10.44776119402985
E00143703,148,46,14,32,102,89,13,31.08108108108108,9.45945945945946,21.62162162162162,68.91891891891892,60.13513513513513,8.783783783783784
E00143704,155,49,12,37,106,94,12,31.61290322580645,7.741935483870968,23.870967741935484,68.38709677419355,60.64516129032258,7.741935483870968
E00143705,92,20,5,15,72,64,8,21.73913043478261,5.434782608695652,16.304347826086957,78.26086956521739,69.56521739130434,8.695652173913043
E00143706,140,43,10,33,97,85,12,30.714285714285715,7.142857142857142,23.57142857142857,69.28571428571428,60.71428571428571,8.571428571428571
E00143707,139,35,13,22,104,94,10,25.179856115107913,9.352517985611511,15.827338129496402,74.82014388489209,67.62589928057554,7.1942446043165464
E00143708,128,34,12,22,94,87,7,26.5625,9.375,17.1875,73.4375,67.96875,5.46875
E00143709,126,36,10,26,90,76,14,28.57142857142857,7.936507936507936,20.634920634920633,71.42857142857143,60.317460317460316,11.11111111111111
E00143710,144,37,10,27,107,94,13,25.694444444444443,6.944444444444445,18.75,74.30555555555556,65.27777777777779,9.027777777777777
E00143711,139,48,9,39,91,83,8,34.53237410071942,6.474820143884892,28.05755395683453,65.46762589928058,59.71223021582733,5.755395683453238
E00143712,156,51,18,33,105,95,10,32.69230769230769,11.538461538461538,21.153846153846153,67.3076923076923,60.89743589743589,6.41025641025641
E00143713,119,48,17,31,71,66,5,40.33613445378151,14.285714285714285,26.05042016806723,59.66386554621849,55.46218487394958,4.201680672268908
E00143715,139,44,14,30,95,86,9,31.654676258992804,10.071942446043165,21.58273381294964,68.34532374100719,61.87050359712231,6.474820143884892
E00143716,111,48,18,30,63,60,3,43.24324324324324,16.216216216216218,27.027027027027028,56.75675675675676,54.054054054054056,2.7027027027027026
E00143717,117,31,12,19,86,82,4,26.495726495726498,10.256410256410255,16.23931623931624,73.50427350427351,70.08547008547008,3.418803418803419
E00143718,154,43,13,30,111,91,20,27.92207792207792,8.441558441558442,19.480519480519483,72.07792207792207,59.09090909090909,12.987012987012985
E00143720,143,45,16,29,98,87,11,31.46853146853147,11.188811188811188,20.27972027972028,68.53146853146853,60.83916083916085,7.6923076923076925
E00143721,153,47,14,33,106,98,8,30.718954248366014,9.15032679738562,21.568627450980394,69.28104575163398,64.05228758169935,5.228758169934641
E00143722,130,36,12,24,94,82,12,27.692307692307693,9.230769230769232,18.461538461538463,72.3076923076923,63.07692307692307,9.230769230769232
E00143723,137,36,12,24,101,88,13,26.277372262773724,8.75912408759124,17.51824817518248,73.72262773722628,64.23357664233576,9.48905109489051
E00143724,131,33,9,24,98,86,12,25.190839694656486,6.870229007633588,18.3206106870229,74.80916030534351,65.64885496183206,9.16030534351145
E00143725,115,35,10,25,80,65,15,30.434782608695656,8.695652173913043,21.73913043478261,69.56521739130434,56.52173913043478,13.043478260869565
E00143726,103,26,6,20,77,65,12,25.24271844660194,5.825242718446602,19.41747572815534,74.75728155339806,63.10679611650486,11.650485436893204
E00143727,147,51,12,39,96,89,7,34.69387755102041,8.16326530612245,26.53061224489796,65.3061224489796,60.544217687074834,4.761904761904762
E00143728,109,34,10,24,75,68,7,31.19266055045872,9.174311926605505,22.018348623853214,68.80733944954129,62.38532110091744,6.422018348623854
E00143729,80,21,5,16,59,54,5,26.25,6.25,20,73.75,67.5,6.25
E00143730,174,68,21,47,106,98,8,39.08045977011494,12.068965517241379,27.011494252873565,60.91954022988506,56.32183908045977,4.597701149425287
E00143731,158,39,10,29,119,105,14,24.68354430379747,6.329113924050633,18.354430379746837,75.31645569620254,66.45569620253164,8.860759493670885
E00143732,218,52,14,38,166,151,15,23.853211009174313,6.422018348623854,17.431192660550458,76.14678899082568,69.26605504587155,6.8807339449541285
E00143733,214,67,34,33,147,120,27,31.308411214953267,15.887850467289718,15.42056074766355,68.69158878504673,56.074766355140184,12.616822429906541
E00143734,191,40,15,25,151,134,17,20.94240837696335,7.853403141361256,13.089005235602095,79.05759162303664,70.15706806282722,8.900523560209423
E00143735,151,50,17,33,101,90,11,33.11258278145696,11.258278145695364,21.85430463576159,66.88741721854305,59.60264900662252,7.28476821192053
E00143736,114,39,10,29,75,63,12,34.21052631578947,8.771929824561402,25.438596491228072,65.78947368421053,55.26315789473685,10.526315789473683
E00143737,84,29,7,22,55,50,5,34.523809523809526,8.333333333333332,26.190476190476193,65.47619047619048,59.523809523809526,5.952380952380952
E00143738,16,5,2,3,11,9,2,31.25,12.5,18.75,68.75,56.25,12.5
E00143739,170,56,20,36,114,93,21,32.94117647058823,11.76470588235294,21.176470588235293,67.05882352941175,54.70588235294118,12.352941176470589
E00143740,143,48,15,33,95,84,11,33.56643356643357,10.48951048951049,23.076923076923077,66.43356643356644,58.74125874125874,7.6923076923076925
E00143741,141,37,7,30,104,89,15,26.24113475177305,4.964539007092199,21.27659574468085,73.75886524822694,63.12056737588653,10.638297872340425
E00143742,174,54,18,36,120,103,17,31.03448275862069,10.344827586206897,20.689655172413794,68.96551724137932,59.195402298850574,9.770114942528735
E00143743,134,38,9,29,96,84,12,28.35820895522388,6.7164179104477615,21.641791044776117,71.64179104477611,62.68656716417911,8.955223880597014
E00143744,101,32,12,20,69,55,14,31.683168316831683,11.881188118811881,19.801980198019802,68.31683168316832,54.45544554455446,13.861386138613863
E00143745,114,31,11,20,83,66,17,27.192982456140353,9.649122807017543,17.543859649122805,72.80701754385966,57.89473684210527,14.912280701754385
E00143746,105,32,15,17,73,60,13,30.476190476190478,14.285714285714285,16.19047619047619,69.52380952380952,57.14285714285714,12.380952380952381
E00143747,126,52,25,27,74,57,17,41.269841269841265,19.841269841269842,21.428571428571427,58.730158730158735,45.23809523809524,13.492063492063492
E00143748,70,21,8,13,49,44,5,30,11.428571428571429,18.571428571428573,70,62.857142857142854,7.142857142857142
E00143749,99,34,12,22,65,53,12,34.34343434343434,12.121212121212121,22.22222222222222,65.65656565656566,53.535353535353536,12.121212121212121
E00143750,170,47,14,33,123,85,38,27.647058823529413,8.235294117647058,19.411764705882355,72.35294117647058,50,22.35294117647059
E00143751,139,30,9,21,109,95,14,21.58273381294964,6.474820143884892,15.107913669064748,78.41726618705036,68.34532374100719,10.071942446043165
E00143752,147,45,13,32,102,94,8,30.612244897959183,8.843537414965986,21.768707482993197,69.38775510204081,63.94557823129252,5.442176870748299
E00143753,162,52,15,37,110,92,18,32.098765432098766,9.25925925925926,22.839506172839506,67.90123456790124,56.79012345679012,11.11111111111111
E00143754,116,32,12,20,84,69,15,27.586206896551722,10.344827586206897,17.24137931034483,72.41379310344827,59.48275862068966,12.931034482758621
E00143755,116,39,13,26,77,69,8,33.62068965517241,11.206896551724139,22.413793103448278,66.37931034482759,59.48275862068966,6.896551724137931
E00143756,153,53,21,32,100,87,13,34.64052287581699,13.725490196078432,20.915032679738562,65.359477124183,56.86274509803921,8.49673202614379
E00143757,167,36,12,24,131,112,19,21.55688622754491,7.18562874251497,14.37125748502994,78.44311377245509,67.06586826347305,11.377245508982035
E00143758,125,45,19,26,80,71,9,36,15.2,20.8,64,56.8,7.199999999999999
E00143759,158,60,21,39,98,85,13,37.9746835443038,13.291139240506327,24.68354430379747,62.0253164556962,53.79746835443038,8.227848101265822
E00143760,157,41,15,26,116,98,18,26.11464968152866,9.554140127388536,16.560509554140125,73.88535031847134,62.42038216560509,11.464968152866243
E00143761,140,45,16,29,95,85,10,32.142857142857146,11.428571428571429,20.714285714285715,67.85714285714286,60.71428571428571,7.142857142857142
E00143762,166,48,14,34,118,102,16,28.915662650602407,8.433734939759036,20.481927710843372,71.08433734939759,61.44578313253012,9.63855421686747
E00143763,148,41,14,27,107,88,19,27.7027027027027,9.45945945945946,18.243243243243242,72.2972972972973,59.45945945945946,12.837837837837837
E00143764,129,41,12,29,88,76,12,31.782945736434108,9.30232558139535,22.48062015503876,68.21705426356588,58.91472868217055,9.30232558139535
E00143765,112,38,8,30,74,66,8,33.92857142857143,7.142857142857142,26.785714285714285,66.07142857142857,58.92857142857143,7.142857142857142
E00143766,131,45,12,33,86,73,13,34.35114503816794,9.16030534351145,25.190839694656486,65.64885496183206,55.72519083969466,9.923664122137405
E00143767,154,52,15,37,102,83,19,33.76623376623377,9.740259740259742,24.025974025974026,66.23376623376623,53.896103896103895,12.337662337662337
E00143768,176,56,18,38,120,105,15,31.818181818181817,10.227272727272728,21.59090909090909,68.18181818181817,59.65909090909091,8.522727272727272
E00143769,188,43,15,28,145,121,24,22.872340425531913,7.9787234042553195,14.893617021276595,77.12765957446808,64.36170212765957,12.76595744680851
E00143770,183,55,18,37,128,106,22,30.05464480874317,9.836065573770492,20.21857923497268,69.94535519125684,57.92349726775956,12.021857923497267
E00143771,155,45,17,28,110,92,18,29.03225806451613,10.967741935483872,18.064516129032256,70.96774193548387,59.354838709677416,11.612903225806452
E00143772,103,32,15,17,71,64,7,31.06796116504854,14.563106796116504,16.50485436893204,68.93203883495146,62.13592233009708,6.796116504854369
E00143773,177,54,20,34,123,105,18,30.508474576271187,11.299435028248588,19.2090395480226,69.49152542372882,59.32203389830508,10.16949152542373
E00165851,190,57,14,43,133,116,17,30,7.368421052631578,22.63157894736842,70,61.05263157894737,8.947368421052632
E00173394,266,64,17,47,202,179,23,24.06015037593985,6.390977443609022,17.669172932330827,75.93984962406014,67.29323308270678,8.646616541353383
E00173395,25,13,4,9,12,12,0,52,16,36,48,48,0
E00173396,66,25,7,18,41,22,19,37.878787878787875,10.606060606060606,27.27272727272727,62.121212121212125,33.33333333333333,28.78787878787879
E00176778,101,30,8,22,71,59,12,29.7029702970297,7.920792079207921,21.782178217821784,70.29702970297029,58.415841584158414,11.881188118811881
E00176796,129,29,7,22,100,83,17,22.48062015503876,5.426356589147287,17.05426356589147,77.51937984496125,64.34108527131784,13.178294573643413
E00176804,316,45,7,38,271,241,30,14.240506329113925,2.2151898734177213,12.025316455696203,85.75949367088607,76.26582278481013,9.49367088607595
E00176807,117,22,3,19,95,85,10,18.803418803418804,2.564102564102564,16.23931623931624,81.19658119658119,72.64957264957265,8.547008547008547
E00176815,135,34,8,26,101,87,14,25.185185185185183,5.9259259259259265,19.25925925925926,74.81481481481481,64.44444444444444,10.37037037037037
E00176816,197,49,15,34,148,124,24,24.873096446700508,7.614213197969544,17.258883248730964,75.1269035532995,62.944162436548226,12.18274111675127
E00176821,117,31,7,24,86,77,9,26.495726495726498,5.982905982905983,20.51282051282051,73.50427350427351,65.8119658119658,7.6923076923076925
E00176825,222,27,7,20,195,168,27,12.162162162162163,3.153153153153153,9.00900900900901,87.83783783783784,75.67567567567568,12.162162162162163
E00176834,184,32,8,24,152,137,15,17.391304347826086,4.3478260869565215,13.043478260869565,82.6086956521739,74.45652173913044,8.152173913043478
E00176840,71,27,8,19,44,35,9,38.028169014084504,11.267605633802818,26.76056338028169,61.97183098591549,49.29577464788733,12.676056338028168
E00176841,187,54,17,37,133,110,23,28.87700534759358,9.090909090909092,19.786096256684495,71.12299465240642,58.82352941176471,12.299465240641712
E00176852,157,38,11,27,119,96,23,24.203821656050955,7.006369426751593,17.197452229299362,75.79617834394905,61.146496815286625,14.64968152866242
E00176870,190,56,18,38,134,120,14,29.47368421052631,9.473684210526317,20,70.52631578947368,63.1578947368421,7.368421052631578
E00176875,130,38,9,29,92,79,13,29.230769230769234,6.923076923076923,22.30769230769231,70.76923076923077,60.76923076923077,10
E00176876,179,33,6,27,146,124,22,18.435754189944134,3.35195530726257,15.083798882681565,81.56424581005587,69.27374301675978,12.290502793296088
E00176889,158,43,17,26,115,92,23,27.21518987341772,10.759493670886076,16.455696202531644,72.78481012658227,58.22784810126582,14.556962025316455
E00176891,209,54,18,36,155,128,27,25.837320574162682,8.61244019138756,17.22488038277512,74.16267942583733,61.24401913875598,12.918660287081341
E00176893,149,42,13,29,107,71,36,28.187919463087248,8.724832214765101,19.463087248322147,71.81208053691275,47.651006711409394,24.161073825503358
E00176895,172,51,17,34,121,101,20,29.651162790697676,9.883720930232558,19.767441860465116,70.34883720930233,58.720930232558146,11.627906976744185
E00176901,118,31,9,22,87,75,12,26.27118644067797,7.627118644067797,18.64406779661017,73.72881355932203,63.559322033898304,10.16949152542373
E00176909,259,53,17,36,206,174,32,20.463320463320464,6.563706563706563,13.8996138996139,79.53667953667953,67.18146718146718,12.355212355212355
