OA,ts0380001,ts0380002,ts0380003,ts0380004,ts0380005,ts0380006,ts0380007,ts0380002_PCT,ts0380003_PCT,ts0380004_PCT,ts0380005_PCT,ts0380006_PCT,ts0380007_PCT
E00109905,289,58,17,41,231,26,205,20.069204152249135,5.88235294117647,14.186851211072666,79.93079584775087,8.996539792387544,70.93425605536332
E00109906,297,59,23,36,238,25,213,19.865319865319865,7.744107744107744,12.121212121212121,80.13468013468014,8.417508417508419,71.71717171717171
E00109907,285,53,33,20,232,20,212,18.596491228070175,11.578947368421053,7.017543859649122,81.40350877192982,7.017543859649122,74.3859649122807
E00109908,252,67,29,38,185,18,167,26.58730158730159,11.507936507936508,15.079365079365079,73.4126984126984,7.142857142857142,66.26984126984127
E00109910,303,56,26,30,247,23,224,18.48184818481848,8.58085808580858,9.900990099009901,81.51815181518151,7.590759075907591,73.92739273927393
E00109911,311,51,17,34,260,22,238,16.39871382636656,5.466237942122187,10.932475884244374,83.60128617363344,7.07395498392283,76.52733118971061
E00109914,268,70,28,42,198,18,180,26.119402985074625,10.44776119402985,15.671641791044777,73.88059701492537,6.7164179104477615,67.16417910447761
E00109915,300,73,26,47,227,17,210,24.333333333333336,8.666666666666668,15.666666666666668,75.66666666666667,5.666666666666666,70
E00109916,327,67,24,43,260,18,242,20.489296636085626,7.339449541284404,13.149847094801222,79.51070336391437,5.5045871559633035,74.00611620795107
E00109917,333,61,22,39,272,23,249,18.31831831831832,6.606606606606606,11.711711711711711,81.68168168168168,6.906906906906906,74.77477477477478
E00109918,333,62,20,42,271,27,244,18.61861861861862,6.006006006006006,12.612612612612612,81.38138138138137,8.108108108108109,73.27327327327328
E00109919,336,77,28,49,259,18,241,22.916666666666664,8.333333333333332,14.583333333333334,77.08333333333334,5.357142857142857,71.72619047619048
E00109920,293,64,25,39,229,25,204,21.843003412969285,8.532423208191126,13.310580204778159,78.15699658703072,8.532423208191126,69.6245733788396
E00109921,333,75,36,39,258,20,238,22.52252252252252,10.81081081081081,11.711711711711711,77.47747747747748,6.006006006006006,71.47147147147147
E00109922,266,58,25,33,208,16,192,21.804511278195488,9.398496240601503,12.406015037593985,78.19548872180451,6.015037593984962,72.18045112781954
E00109923,570,108,49,59,462,40,422,18.947368421052634,8.596491228070176,10.350877192982457,81.05263157894737,7.017543859649122,74.03508771929825
E00109924,325,65,31,34,260,29,231,20,9.538461538461538,10.461538461538462,80,8.923076923076923,71.07692307692308
E00109925,308,51,16,35,257,31,226,16.558441558441558,5.194805194805195,11.363636363636363,83.44155844155844,10.064935064935066,73.37662337662337
E00109926,235,43,8,35,192,26,166,18.29787234042553,3.404255319148936,14.893617021276595,81.70212765957446,11.063829787234042,70.63829787234043
E00109927,328,87,38,49,241,20,221,26.52439024390244,11.585365853658537,14.939024390243901,73.47560975609755,6.097560975609756,67.3780487804878
E00109928,240,50,21,29,190,22,168,20.833333333333336,8.75,12.083333333333334,79.16666666666666,9.166666666666666,70
E00109929,324,85,40,45,239,28,211,26.234567901234566,12.345679012345679,13.88888888888889,73.76543209876543,8.641975308641975,65.12345679012346
E00109930,381,126,78,48,255,24,231,33.07086614173229,20.47244094488189,12.598425196850393,66.92913385826772,6.299212598425196,60.629921259842526
E00109931,367,63,23,40,304,25,279,17.166212534059948,6.267029972752043,10.899182561307901,82.83378746594006,6.811989100817439,76.02179836512262
E00109932,293,50,20,30,243,36,207,17.064846416382252,6.825938566552901,10.238907849829351,82.93515358361775,12.286689419795222,70.64846416382252
E00109933,289,62,31,31,227,24,203,21.453287197231834,10.726643598615917,10.726643598615917,78.54671280276817,8.304498269896193,70.24221453287197
E00109934,297,71,34,37,226,24,202,23.905723905723907,11.447811447811448,12.457912457912458,76.0942760942761,8.080808080808081,68.01346801346801
E00109935,231,37,10,27,194,18,176,16.017316017316016,4.329004329004329,11.688311688311687,83.98268398268398,7.792207792207792,76.19047619047619
E00109936,285,43,17,26,242,28,214,15.087719298245613,5.964912280701754,9.12280701754386,84.91228070175438,9.824561403508772,75.08771929824562
E00109937,297,29,11,18,268,21,247,9.764309764309765,3.7037037037037033,6.0606060606060606,90.23569023569024,7.07070707070707,83.16498316498317
E00109938,281,32,7,25,249,27,222,11.387900355871885,2.491103202846975,8.896797153024911,88.61209964412812,9.608540925266903,79.00355871886121
E00109939,133,15,6,9,118,16,102,11.278195488721805,4.511278195488721,6.7669172932330826,88.7218045112782,12.030075187969924,76.69172932330827
E00109940,284,40,9,31,244,27,217,14.084507042253522,3.169014084507042,10.915492957746478,85.91549295774648,9.507042253521126,76.40845070422534
E00109941,166,45,23,22,121,18,103,27.10843373493976,13.855421686746988,13.253012048192772,72.89156626506023,10.843373493975903,62.048192771084345
E00109942,312,48,17,31,264,22,242,15.384615384615385,5.448717948717949,9.935897435897436,84.61538461538461,7.051282051282051,77.56410256410257
E00109943,297,48,19,29,249,25,224,16.161616161616163,6.397306397306397,9.764309764309765,83.83838383838383,8.417508417508419,75.42087542087542
E00109944,226,28,8,20,198,14,184,12.389380530973451,3.5398230088495577,8.849557522123893,87.61061946902655,6.1946902654867255,81.41592920353983
E00109945,401,67,22,45,334,30,304,16.708229426433917,5.486284289276807,11.221945137157107,83.29177057356608,7.4812967581047385,75.81047381546135
E00109946,327,45,16,29,282,24,258,13.761467889908257,4.892966360856269,8.868501529051988,86.23853211009175,7.339449541284404,78.89908256880734
E00109949,237,49,22,27,188,24,164,20.675105485232066,9.282700421940929,11.39240506329114,79.32489451476793,10.126582278481013,69.19831223628692
E00109950,303,45,15,30,258,27,231,14.85148514851485,4.9504950495049505,9.900990099009901,85.14851485148515,8.91089108910891,76.23762376237624
E00109952,231,29,9,20,202,27,175,12.554112554112553,3.896103896103896,8.658008658008658,87.44588744588745,11.688311688311687,75.75757575757575
E00109954,387,74,23,51,313,33,280,19.12144702842377,5.943152454780361,13.178294573643413,80.87855297157623,8.527131782945736,72.3514211886305
E00109956,275,45,17,28,230,16,214,16.363636363636363,6.181818181818182,10.181818181818182,83.63636363636363,5.818181818181818,77.81818181818181
E00109958,290,81,33,48,209,12,197,27.93103448275862,11.379310344827587,16.551724137931036,72.06896551724138,4.137931034482759,67.93103448275862
E00109959,164,53,28,25,111,9,102,32.31707317073171,17.073170731707318,15.24390243902439,67.6829268292683,5.487804878048781,62.19512195121951
E00109961,325,55,22,33,270,38,232,16.923076923076923,6.769230769230769,10.153846153846153,83.07692307692308,11.692307692307692,71.38461538461539
E00109962,296,68,19,49,228,19,209,22.972972972972975,6.418918918918918,16.554054054054053,77.02702702702703,6.418918918918918,70.6081081081081
E00109963,368,82,48,34,286,23,263,22.282608695652172,13.043478260869565,9.239130434782608,77.71739130434783,6.25,71.46739130434783
E00109964,199,57,27,30,142,18,124,28.643216080402013,13.5678391959799,15.07537688442211,71.35678391959799,9.045226130653267,62.311557788944725
E00109965,341,53,12,41,288,39,249,15.542521994134898,3.519061583577713,12.023460410557185,84.4574780058651,11.436950146627565,73.02052785923753
E00109967,219,40,11,29,179,21,158,18.2648401826484,5.0228310502283104,13.24200913242009,81.7351598173516,9.58904109589041,72.14611872146118
E00109968,255,69,31,38,186,14,172,27.058823529411764,12.156862745098039,14.901960784313726,72.94117647058823,5.490196078431373,67.45098039215686
E00109969,201,27,9,18,174,18,156,13.432835820895523,4.477611940298507,8.955223880597014,86.56716417910447,8.955223880597014,77.61194029850746
E00109972,340,57,19,38,283,19,264,16.76470588235294,5.588235294117648,11.176470588235295,83.23529411764706,5.588235294117648,77.64705882352942
E00109973,336,48,22,26,288,22,266,14.285714285714285,6.547619047619048,7.738095238095238,85.71428571428571,6.547619047619048,79.16666666666666
E00109974,253,32,11,21,221,30,191,12.648221343873518,4.3478260869565215,8.300395256916996,87.35177865612648,11.857707509881422,75.49407114624506
E00109975,420,57,13,44,363,39,324,13.571428571428571,3.0952380952380953,10.476190476190476,86.42857142857143,9.285714285714286,77.14285714285715
E00109976,248,38,15,23,210,31,179,15.32258064516129,6.048387096774194,9.274193548387096,84.67741935483872,12.5,72.17741935483872
E00109978,336,47,22,25,289,25,264,13.988095238095239,6.547619047619048,7.440476190476191,86.01190476190477,7.440476190476191,78.57142857142857
E00109979,228,42,9,33,186,19,167,18.421052631578945,3.9473684210526314,14.473684210526317,81.57894736842105,8.333333333333332,73.24561403508771
E00109980,332,45,15,30,287,22,265,13.55421686746988,4.518072289156627,9.036144578313253,86.44578313253012,6.626506024096386,79.81927710843374
E00109981,269,34,14,20,235,21,214,12.639405204460965,5.204460966542751,7.434944237918216,87.36059479553904,7.806691449814126,79.5539033457249
E00109982,258,26,7,19,232,26,206,10.077519379844961,2.7131782945736433,7.3643410852713185,89.92248062015504,10.077519379844961,79.84496124031007
E00109983,337,49,21,28,288,26,262,14.540059347181009,6.231454005934718,8.30860534124629,85.45994065281899,7.71513353115727,77.74480712166172
E00109984,258,30,12,18,228,18,210,11.627906976744185,4.651162790697675,6.976744186046512,88.37209302325581,6.976744186046512,81.3953488372093
E00109985,300,28,10,18,272,27,245,9.333333333333334,3.3333333333333335,6,90.66666666666666,9,81.66666666666667
E00109986,333,41,17,24,292,29,263,12.312312312312311,5.105105105105105,7.207207207207207,87.68768768768768,8.708708708708707,78.97897897897897
E00109987,333,48,10,38,285,21,264,14.414414414414415,3.003003003003003,11.411411411411411,85.58558558558559,6.306306306306306,79.27927927927928
E00109988,320,44,16,28,276,29,247,13.750000000000002,5,8.75,86.25,9.0625,77.1875
E00109989,343,44,6,38,299,35,264,12.82798833819242,1.749271137026239,11.078717201166182,87.17201166180757,10.204081632653061,76.96793002915452
E00109990,264,39,10,29,225,26,199,14.772727272727273,3.787878787878788,10.984848484848484,85.22727272727273,9.848484848484848,75.37878787878788
E00109991,455,39,13,26,416,44,372,8.571428571428571,2.857142857142857,5.714285714285714,91.42857142857143,9.6703296703296715,81.75824175824175
E00109992,200,19,5,14,181,17,164,9.5,2.5,7.000000000000001,90.5,8.5,82
E00109993,374,78,31,47,296,32,264,20.855614973262032,8.288770053475936,12.566844919786096,79.14438502673798,8.55614973262032,70.58823529411765
E00109994,427,55,18,37,372,34,338,12.88056206088993,4.215456674473068,8.665105386416862,87.11943793911007,7.962529274004685,79.15690866510539
E00109995,267,68,36,32,199,28,171,25.468164794007492,13.48314606741573,11.985018726591761,74.53183520599251,10.486891385767791,64.04494382022472
E00109997,304,33,11,22,271,34,237,10.855263157894738,3.618421052631579,7.236842105263158,89.14473684210526,11.18421052631579,77.96052631578947
E00109998,335,65,37,28,270,31,239,19.402985074626866,11.044776119402986,8.358208955223882,80.59701492537313,9.253731343283581,71.34328358208955
E00109999,242,36,13,23,206,20,186,14.87603305785124,5.371900826446281,9.50413223140496,85.12396694214877,8.264462809917356,76.85950413223141
E00110000,297,45,12,33,252,22,230,15.151515151515152,4.040404040404041,11.11111111111111,84.84848484848484,7.4074074074074066,77.44107744107744
E00110001,299,60,27,33,239,25,214,20.066889632107024,9.03010033444816,11.036789297658862,79.93311036789298,8.361204013377927,71.57190635451505
E00110002,271,49,21,28,222,21,201,18.081180811808117,7.7490774907749085,10.33210332103321,81.91881918819189,7.7490774907749085,74.16974169741697
E00110003,244,32,16,16,212,26,186,13.114754098360656,6.557377049180328,6.557377049180328,86.88524590163934,10.655737704918032,76.22950819672131
E00110004,338,56,12,44,282,23,259,16.56804733727811,3.5502958579881656,13.017751479289942,83.4319526627219,6.8047337278106506,76.62721893491124
E00110005,247,32,13,19,215,21,194,12.955465587044534,5.263157894736842,7.6923076923076925,87.04453441295547,8.502024291497975,78.54251012145748
E00110006,446,66,27,39,380,33,347,14.798206278026907,6.053811659192825,8.74439461883408,85.20179372197309,7.399103139013453,77.80269058295964
E00110007,241,49,15,34,192,22,170,20.33195020746888,6.224066390041494,14.107883817427386,79.66804979253112,9.12863070539419,70.53941908713693
E00110008,355,83,28,55,272,21,251,23.380281690140844,7.887323943661972,15.492957746478872,76.61971830985915,5.915492957746479,70.70422535211267
E00110009,289,56,14,42,233,29,204,19.377162629757784,4.844290657439446,14.53287197231834,80.62283737024222,10.034602076124568,70.58823529411765
E00110010,238,52,22,30,186,20,166,21.84873949579832,9.243697478991598,12.605042016806722,78.15126050420169,8.403361344537815,69.74789915966386
E00110012,257,45,15,30,212,16,196,17.509727626459142,5.836575875486381,11.673151750972762,82.49027237354085,6.22568093385214,76.26459143968872
E00110013,313,56,26,30,257,21,236,17.89137380191693,8.30670926517572,9.584664536741213,82.10862619808307,6.7092651757188495,75.39936102236422
E00110014,381,57,21,36,324,32,292,14.960629921259844,5.511811023622047,9.448818897637794,85.03937007874016,8.398950131233596,76.64041994750657
E00110015,358,54,19,35,304,34,270,15.083798882681565,5.307262569832402,9.776536312849162,84.91620111731844,9.497206703910614,75.41899441340783
E00110016,345,45,12,33,300,36,264,13.043478260869565,3.4782608695652173,9.565217391304348,86.95652173913044,10.434782608695652,76.52173913043478
E00110017,326,58,30,28,268,21,247,17.791411042944784,9.202453987730062,8.588957055214724,82.20858895705521,6.441717791411043,75.76687116564416
E00110018,399,63,28,35,336,38,298,15.789473684210526,7.017543859649122,8.771929824561402,84.21052631578947,9.523809523809524,74.68671679197995
E00110019,269,50,19,31,219,18,201,18.587360594795538,7.063197026022305,11.524163568773234,81.41263940520446,6.691449814126393,74.72118959107806
E00110020,263,46,17,29,217,28,189,17.490494296577946,6.4638783269961975,11.02661596958175,82.50950570342205,10.646387832699618,71.86311787072243
E00110021,309,50,23,27,259,25,234,16.181229773462782,7.443365695792881,8.737864077669903,83.81877022653723,8.090614886731391,75.72815533980582
E00110022,446,66,25,41,380,40,340,14.798206278026907,5.605381165919283,9.192825112107624,85.20179372197309,8.968609865470851,76.23318385650224
E00110023,466,41,9,32,425,31,394,8.798283261802576,1.9313304721030045,6.866952789699571,91.20171673819742,6.652360515021459,84.54935622317596
E00110024,373,78,43,35,295,22,273,20.91152815013405,11.528150134048257,9.383378016085791,79.08847184986595,5.898123324396782,73.19034852546918
E00110025,608,74,21,53,534,43,491,12.171052631578947,3.453947368421053,8.717105263157894,87.82894736842105,7.072368421052631,80.75657894736842
E00110026,313,36,14,22,277,29,248,11.501597444089457,4.472843450479233,7.0287539936102235,88.49840255591054,9.26517571884984,79.2332268370607
E00110027,277,39,25,14,238,33,205,14.079422382671481,9.025270758122744,5.054151624548736,85.92057761732852,11.913357400722022,74.0072202166065
E00110028,211,34,13,21,177,16,161,16.113744075829384,6.161137440758294,9.95260663507109,83.88625592417061,7.5829383886255926,76.30331753554502
E00110029,195,32,14,18,163,21,142,16.41025641025641,7.179487179487179,9.230769230769232,83.58974358974359,10.76923076923077,72.82051282051282
E00110030,452,64,15,49,388,38,350,14.15929203539823,3.3185840707964607,10.84070796460177,85.84070796460178,8.4070796460177,77.43362831858407
E00110031,260,47,17,30,213,20,193,18.076923076923077,6.538461538461539,11.538461538461538,81.92307692307692,7.6923076923076925,74.23076923076923
E00110032,247,52,13,39,195,19,176,21.052631578947366,5.263157894736842,15.789473684210526,78.94736842105263,7.6923076923076925,71.25506072874494
E00110033,218,43,13,30,175,17,158,19.724770642201836,5.963302752293578,13.761467889908257,80.27522935779817,7.79816513761468,72.47706422018348
E00110034,311,43,17,26,268,24,244,13.826366559485532,5.466237942122187,8.360128617363344,86.17363344051448,7.717041800643088,78.45659163987139
E00110035,313,52,21,31,261,26,235,16.61341853035144,6.7092651757188495,9.904153354632587,83.38658146964856,8.30670926517572,75.07987220447284
E00110036,314,40,13,27,274,39,235,12.738853503184714,4.140127388535031,8.598726114649681,87.26114649681529,12.420382165605096,74.84076433121018
E00110037,293,53,25,28,240,32,208,18.088737201365188,8.532423208191126,9.556313993174061,81.91126279863481,10.921501706484642,70.98976109215018
E00110038,219,37,7,30,182,12,170,16.894977168949772,3.1963470319634704,13.698630136986301,83.10502283105022,5.47945205479452,77.6255707762557
E00110039,396,42,13,29,354,35,319,10.606060606060606,3.2828282828282833,7.3232323232323235,89.39393939393939,8.83838383838384,80.55555555555556
E00110040,113,17,7,10,96,9,87,15.04424778761062,6.1946902654867255,8.849557522123893,84.95575221238938,7.964601769911504,76.99115044247787
E00110042,311,61,20,41,250,23,227,19.614147909967848,6.430868167202572,13.183279742765272,80.38585209003215,7.395498392282958,72.9903536977492
E00110043,330,64,22,42,266,33,233,19.393939393939394,6.666666666666667,12.727272727272727,80.60606060606061,10,70.60606060606061
E00110044,327,80,33,47,247,17,230,24.464831804281346,10.091743119266056,14.37308868501529,75.53516819571865,5.198776758409786,70.33639143730886
E00110045,350,68,29,39,282,36,246,19.428571428571427,8.285714285714285,11.142857142857142,80.57142857142857,10.285714285714285,70.28571428571428
E00110046,206,69,39,30,137,14,123,33.49514563106796,18.932038834951456,14.563106796116504,66.50485436893204,6.796116504854369,59.70873786407766
E00110047,361,74,33,41,287,25,262,20.498614958448755,9.141274238227147,11.357340720221606,79.50138504155125,6.9252077562326875,72.57617728531855
E00110048,239,56,23,33,183,11,172,23.430962343096233,9.623430962343097,13.807531380753138,76.56903765690377,4.602510460251046,71.96652719665272
E00110049,285,39,12,27,246,26,220,13.684210526315791,4.2105263157894735,9.473684210526317,86.31578947368422,9.12280701754386,77.19298245614034
E00110050,210,44,16,28,166,18,148,20.952380952380953,7.6190476190476195,13.333333333333334,79.04761904761905,8.571428571428571,70.47619047619048
E00110051,265,77,35,42,188,14,174,29.056603773584904,13.20754716981132,15.849056603773585,70.94339622641509,5.283018867924529,65.66037735849056
E00110052,185,29,9,20,156,18,138,15.675675675675677,4.864864864864865,10.81081081081081,84.32432432432432,9.72972972972973,74.5945945945946
E00110053,233,48,18,30,185,13,172,20.600858369098713,7.725321888412018,12.875536480686694,79.39914163090128,5.579399141630901,73.8197424892704
E00110054,292,100,55,45,192,15,177,34.24657534246575,18.835616438356166,15.41095890410959,65.75342465753424,5.136986301369863,60.61643835616438
E00110055,352,65,22,43,287,32,255,18.46590909090909,6.25,12.215909090909092,81.5340909090909,9.090909090909092,72.44318181818183
E00110056,319,89,41,48,230,16,214,27.89968652037618,12.852664576802509,15.047021943573668,72.10031347962382,5.015673981191222,67.0846394984326
E00110057,271,42,17,25,229,9,220,15.498154981549817,6.273062730627306,9.22509225092251,84.50184501845018,3.3210332103321036,81.18081180811808
E00110058,234,47,21,26,187,21,166,20.085470085470085,8.974358974358974,11.11111111111111,79.91452991452992,8.974358974358974,70.94017094017094
E00110059,332,44,11,33,288,38,250,13.253012048192772,3.313253012048193,9.939759036144578,86.74698795180723,11.44578313253012,75.30120481927712
E00110060,307,37,14,23,270,26,244,12.052117263843648,4.5602605863192185,7.491856677524431,87.94788273615634,8.469055374592834,79.47882736156352
E00110062,183,28,14,14,155,12,143,15.300546448087433,7.650273224043716,7.650273224043716,84.69945355191257,6.557377049180328,78.14207650273224
E00110063,256,58,24,34,198,20,178,22.65625,9.375,13.28125,77.34375,7.8125,69.53125
E00110064,243,46,19,27,197,14,183,18.930041152263374,7.818930041152264,11.11111111111111,81.06995884773663,5.761316872427984,75.30864197530865
E00110067,176,22,13,9,154,13,141,12.5,7.386363636363637,5.113636363636364,87.5,7.386363636363637,80.11363636363636
E00110068,150,25,9,16,125,12,113,16.666666666666664,6,10.666666666666668,83.33333333333334,8,75.33333333333333
E00110069,293,52,15,37,241,21,220,17.747440273037544,5.1194539249146755,12.627986348122866,82.25255972696246,7.167235494880546,75.0853242320819
E00110070,370,64,29,35,306,22,284,17.2972972972973,7.837837837837839,9.45945945945946,82.70270270270271,5.9459459459459465,76.75675675675676
E00110071,393,70,20,50,323,34,289,17.8117048346056,5.089058524173027,12.72264631043257,82.1882951653944,8.651399491094146,73.53689567430025
E00110072,170,48,22,26,122,11,111,28.235294117647058,12.941176470588237,15.294117647058824,71.76470588235294,6.470588235294119,65.29411764705883
E00110073,297,59,24,35,238,24,214,19.865319865319865,8.080808080808081,11.784511784511785,80.13468013468014,8.080808080808081,72.05387205387206
E00110074,245,44,18,26,201,18,183,17.959183673469386,7.346938775510205,10.612244897959183,82.0408163265306,7.346938775510205,74.6938775510204
E00110075,236,40,17,23,196,20,176,16.94915254237288,7.203389830508475,9.745762711864407,83.05084745762711,8.47457627118644,74.57627118644068
E00110076,247,32,15,17,215,13,202,12.955465587044534,6.0728744939271255,6.882591093117409,87.04453441295547,5.263157894736842,81.78137651821862
E00110077,126,32,15,17,94,10,84,25.396825396825395,11.904761904761903,13.492063492063492,74.60317460317461,7.936507936507936,66.66666666666666
E00110078,209,22,6,16,187,15,172,10.526315789473683,2.8708133971291865,7.655502392344498,89.47368421052632,7.177033492822966,82.29665071770334
E00110079,227,50,15,35,177,17,160,22.026431718061673,6.607929515418502,15.418502202643172,77.97356828193833,7.488986784140969,70.48458149779736
E00110080,169,23,9,14,146,21,125,13.609467455621301,5.325443786982249,8.284023668639055,86.3905325443787,12.42603550295858,73.96449704142012
E00110081,245,60,38,22,185,24,161,24.489795918367346,15.510204081632653,8.979591836734693,75.51020408163265,9.795918367346939,65.71428571428571
E00110082,133,20,4,16,113,10,103,15.037593984962406,3.007518796992481,12.030075187969924,84.9624060150376,7.518796992481203,77.44360902255639
E00110083,265,46,20,26,219,20,199,17.358490566037734,7.547169811320755,9.811320754716983,82.64150943396227,7.547169811320755,75.09433962264151
E00110084,135,19,2,17,116,16,100,14.074074074074074,1.4814814814814816,12.592592592592592,85.92592592592592,11.851851851851853,74.07407407407408
E00110085,167,33,23,10,134,9,125,19.760479041916167,13.77245508982036,5.9880239520958085,80.23952095808383,5.389221556886228,74.8502994011976
E00110086,382,46,16,30,336,30,306,12.041884816753926,4.18848167539267,7.853403141361256,87.95811518324608,7.853403141361256,80.10471204188482
E00110088,330,49,10,39,281,25,256,14.84848484848485,3.0303030303030303,11.818181818181818,85.15151515151516,7.575757575757576,77.57575757575758
E00110089,343,67,27,40,276,19,257,19.533527696793,7.871720116618077,11.661807580174926,80.466472303207,5.539358600583091,74.9271137026239
E00110090,309,44,11,33,265,27,238,14.239482200647249,3.559870550161812,10.679611650485436,85.76051779935275,8.737864077669903,77.02265372168284
E00110091,234,23,7,16,211,21,190,9.82905982905983,2.9914529914529915,6.837606837606838,90.17094017094017,8.974358974358974,81.19658119658119
E00110092,371,45,20,25,326,29,297,12.129380053908356,5.3908355795148255,6.738544474393531,87.87061994609164,7.816711590296496,80.05390835579514
E00110093,307,55,23,32,252,23,229,17.91530944625407,7.491856677524431,10.423452768729643,82.08469055374593,7.491856677524431,74.5928338762215
E00110094,271,78,39,39,193,18,175,28.782287822878228,14.391143911439114,14.391143911439114,71.21771217712177,6.642066420664207,64.57564575645756
E00110095,309,41,18,23,268,29,239,13.268608414239482,5.825242718446602,7.443365695792881,86.73139158576052,9.385113268608414,77.34627831715211
E00110096,335,43,16,27,292,23,269,12.835820895522387,4.776119402985075,8.059701492537313,87.16417910447761,6.865671641791045,80.29850746268656
E00110097,352,52,16,36,300,28,272,14.772727272727273,4.545454545454546,10.227272727272728,85.22727272727273,7.954545454545454,77.27272727272727
E00110098,391,55,23,32,336,30,306,14.066496163682865,5.88235294117647,8.184143222506394,85.93350383631714,7.672634271099745,78.26086956521739
E00110099,339,56,25,31,283,29,254,16.519174041297934,7.374631268436578,9.144542772861357,83.48082595870207,8.55457227138643,74.92625368731564
E00110100,356,66,29,37,290,29,261,18.53932584269663,8.146067415730338,10.393258426966293,81.46067415730337,8.146067415730338,73.31460674157303
E00110101,246,48,17,31,198,18,180,19.51219512195122,6.910569105691057,12.601626016260163,80.48780487804879,7.317073170731707,73.17073170731707
E00110102,340,54,24,30,286,27,259,15.88235294117647,7.0588235294117645,8.823529411764707,84.11764705882354,7.941176470588235,76.17647058823529
E00110103,367,63,27,36,304,22,282,17.166212534059948,7.3569482288828345,9.809264305177113,82.83378746594006,5.994550408719346,76.83923705722071
E00110104,301,54,21,33,247,27,220,17.940199335548172,6.976744186046512,10.96345514950166,82.05980066445183,8.970099667774086,73.08970099667775
E00110105,327,49,10,39,278,21,257,14.984709480122325,3.058103975535168,11.926605504587156,85.01529051987767,6.422018348623854,78.59327217125383
E00110106,265,35,16,19,230,22,208,13.20754716981132,6.037735849056604,7.169811320754717,86.79245283018868,8.30188679245283,78.49056603773586
E00110107,299,50,20,30,249,28,221,16.722408026755854,6.688963210702341,10.033444816053512,83.27759197324414,9.364548494983277,73.91304347826086
E00110108,139,18,7,11,121,13,108,12.949640287769784,5.0359712230215825,7.913669064748201,87.05035971223022,9.352517985611511,77.6978417266187
E00110109,278,32,10,22,246,25,221,11.510791366906476,3.5971223021582732,7.913669064748201,88.48920863309353,8.992805755395683,79.49640287769785
E00110110,238,30,12,18,208,26,182,12.605042016806722,5.042016806722689,7.563025210084033,87.39495798319328,10.92436974789916,76.47058823529412
E00110111,271,29,14,15,242,29,213,10.70110701107011,5.166051660516605,5.535055350553505,89.2988929889299,10.70110701107011,78.59778597785979
E00110112,219,52,21,31,167,17,150,23.74429223744292,9.58904109589041,14.15525114155251,76.25570776255708,7.76255707762557,68.4931506849315
E00110113,267,43,10,33,224,33,191,16.10486891385768,3.7453183520599254,12.359550561797752,83.89513108614233,12.359550561797752,71.53558052434457
E00110114,317,53,15,38,264,21,243,16.7192429022082,4.73186119873817,11.987381703470032,83.2807570977918,6.624605678233439,76.65615141955836
E00110115,321,67,22,45,254,30,224,20.87227414330218,6.853582554517133,14.018691588785046,79.12772585669782,9.345794392523365,69.78193146417445
E00110116,586,64,18,46,522,45,477,10.921501706484642,3.0716723549488054,7.849829351535837,89.07849829351537,7.679180887372014,81.39931740614334
E00110123,507,87,36,51,420,30,390,17.159763313609467,7.100591715976331,10.059171597633137,82.84023668639054,5.9171597633136095,76.92307692307693
E00110124,287,50,13,37,237,18,219,17.421602787456447,4.529616724738676,12.89198606271777,82.57839721254355,6.2717770034843205,76.30662020905923
E00110125,608,92,29,63,516,25,491,15.131578947368421,4.769736842105264,10.361842105263158,84.86842105263158,4.111842105263158,80.75657894736842
E00110126,394,68,20,48,326,27,299,17.258883248730964,5.0761421319796955,12.18274111675127,82.74111675126903,6.852791878172589,75.88832487309645
E00110127,382,57,24,33,325,28,297,14.921465968586386,6.282722513089005,8.638743455497382,85.07853403141361,7.329842931937172,77.74869109947645
E00110128,435,91,43,48,344,36,308,20.919540229885058,9.885057471264368,11.03448275862069,79.08045977011494,8.275862068965518,70.80459770114943
E00110129,304,36,8,28,268,18,250,11.842105263157894,2.631578947368421,9.210526315789473,88.1578947368421,5.921052631578947,82.23684210526315
E00110130,404,59,18,41,345,22,323,14.603960396039604,4.455445544554455,10.14851485148515,85.39603960396039,5.445544554455446,79.95049504950495
E00110132,303,48,15,33,255,20,235,15.841584158415841,4.9504950495049505,10.891089108910892,84.15841584158416,6.6006600660066,77.55775577557755
E00110133,280,33,7,26,247,24,223,11.785714285714285,2.5,9.285714285714286,88.21428571428571,8.571428571428571,79.64285714285714
E00110134,381,63,18,45,318,32,286,16.535433070866144,4.724409448818897,11.811023622047244,83.46456692913385,8.398950131233596,75.06561679790026
E00110136,385,45,11,34,340,47,293,11.688311688311687,2.857142857142857,8.831168831168831,88.31168831168831,12.207792207792208,76.1038961038961
E00110137,617,102,38,64,515,42,473,16.53160453808752,6.158833063209076,10.372771474878444,83.46839546191248,6.807131280388978,76.6612641815235
E00110139,330,52,13,39,278,32,246,15.757575757575756,3.939393939393939,11.818181818181818,84.24242424242424,9.696969696969697,74.54545454545455
E00110140,373,51,17,34,322,30,292,13.672922252010725,4.557640750670242,9.115281501340483,86.32707774798928,8.04289544235925,78.28418230563003
E00110142,282,52,23,29,230,20,210,18.439716312056735,8.156028368794328,10.28368794326241,81.56028368794325,7.092198581560284,74.46808510638297
E00110144,326,67,26,41,259,24,235,20.552147239263803,7.975460122699387,12.576687116564417,79.4478527607362,7.361963190184049,72.08588957055214
E00110145,454,59,16,43,395,35,360,12.995594713656388,3.524229074889868,9.47136563876652,87.00440528634361,7.709251101321586,79.29515418502203
E00110146,375,74,29,45,301,21,280,19.733333333333334,7.733333333333333,12,80.26666666666667,5.6000000000000005,74.66666666666667
E00110147,448,96,40,56,352,27,325,21.428571428571427,8.928571428571429,12.5,78.57142857142857,6.026785714285714,72.54464285714286
E00110148,350,49,20,29,301,28,273,14.000000000000002,5.714285714285714,8.285714285714285,86,8,78
E00110149,326,66,30,36,260,25,235,20.245398773006134,9.202453987730062,11.042944785276074,79.75460122699386,7.668711656441718,72.08588957055214
E00110150,512,87,30,57,425,36,389,16.9921875,5.859375,11.1328125,83.0078125,7.03125,75.9765625
E00110152,278,55,19,36,223,21,202,19.784172661870503,6.83453237410072,12.949640287769784,80.2158273381295,7.553956834532374,72.66187050359713
E00110153,304,44,11,33,260,24,236,14.473684210526317,3.618421052631579,10.855263157894738,85.52631578947368,7.894736842105263,77.63157894736842
E00110154,358,53,20,33,305,21,284,14.804469273743019,5.58659217877095,9.217877094972067,85.19553072625699,5.865921787709497,79.3296089385475
E00110156,269,54,15,39,215,15,200,20.074349442379184,5.5762081784386615,14.49814126394052,79.92565055762083,5.5762081784386615,74.34944237918215
E00110157,240,68,29,39,172,16,156,28.333333333333332,12.083333333333334,16.25,71.66666666666667,6.666666666666667,65
E00110158,330,57,20,37,273,27,246,17.272727272727273,6.0606060606060606,11.212121212121213,82.72727272727273,8.181818181818182,74.54545454545455
E00110159,260,44,12,32,216,27,189,16.923076923076923,4.615384615384616,12.307692307692308,83.07692307692308,10.384615384615385,72.6923076923077
E00110160,241,41,12,29,200,20,180,17.012448132780083,4.979253112033195,12.033195020746888,82.98755186721992,8.29875518672199,74.68879668049793
E00110161,248,44,11,33,204,16,188,17.741935483870968,4.435483870967742,13.306451612903224,82.25806451612904,6.451612903225806,75.80645161290323
E00110162,282,32,4,28,250,21,229,11.347517730496454,1.4184397163120568,9.929078014184398,88.65248226950354,7.446808510638298,81.20567375886525
E00110163,123,37,18,19,86,10,76,30.081300813008134,14.634146341463413,15.447154471544716,69.91869918699187,8.130081300813007,61.78861788617886
E00110165,307,44,13,31,263,25,238,14.332247557003258,4.234527687296417,10.097719869706841,85.66775244299674,8.143322475570033,77.52442996742671
E00110166,354,49,16,33,305,35,270,13.841807909604519,4.519774011299435,9.322033898305085,86.15819209039547,9.887005649717514,76.27118644067797
E00110167,367,43,15,28,324,23,301,11.716621253405995,4.087193460490464,7.629427792915531,88.28337874659401,6.267029972752043,82.01634877384197
E00110168,323,54,14,40,269,23,246,16.718266253869967,4.3343653250774,12.38390092879257,83.28173374613003,7.120743034055728,76.16099071207431
E00110169,254,46,19,27,208,18,190,18.11023622047244,7.480314960629922,10.62992125984252,81.88976377952756,7.086614173228346,74.80314960629921
E00110170,308,61,26,35,247,24,223,19.805194805194805,8.441558441558442,11.363636363636363,80.1948051948052,7.792207792207792,72.40259740259741
E00110171,279,57,20,37,222,19,203,20.43010752688172,7.168458781362006,13.261648745519713,79.56989247311827,6.810035842293908,72.75985663082437
E00110172,357,49,15,34,308,27,281,13.725490196078432,4.201680672268908,9.523809523809524,86.27450980392157,7.563025210084033,78.71148459383754
E00110173,292,72,29,43,220,19,201,24.65753424657534,9.931506849315069,14.726027397260275,75.34246575342466,6.506849315068493,68.83561643835617
E00110174,302,44,13,31,258,27,231,14.56953642384106,4.304635761589404,10.264900662251655,85.43046357615894,8.940397350993377,76.49006622516556
E00110175,285,55,27,28,230,29,201,19.298245614035086,9.473684210526317,9.824561403508772,80.7017543859649,10.175438596491228,70.52631578947368
E00110176,312,64,30,34,248,25,223,20.51282051282051,9.615384615384617,10.897435897435898,79.48717948717949,8.012820512820513,71.47435897435898
E00110177,264,50,23,27,214,16,198,18.939393939393938,8.712121212121213,10.227272727272728,81.06060606060606,6.0606060606060606,75
E00110178,303,62,17,45,241,28,213,20.462046204620464,5.6105610561056105,14.85148514851485,79.53795379537954,9.24092409240924,70.29702970297029
E00110179,308,41,7,34,267,27,240,13.311688311688311,2.272727272727273,11.03896103896104,86.68831168831169,8.766233766233766,77.92207792207793
E00110180,328,54,30,24,274,18,256,16.463414634146343,9.146341463414634,7.317073170731707,83.53658536585365,5.487804878048781,78.04878048780488
E00110181,312,53,24,29,259,21,238,16.98717948717949,7.6923076923076925,9.294871794871796,83.01282051282051,6.730769230769231,76.28205128205127
E00110182,311,88,36,52,223,30,193,28.29581993569132,11.57556270096463,16.720257234726688,71.70418006430869,9.646302250803858,62.057877813504824
E00110183,317,49,19,30,268,38,230,15.457413249211358,5.993690851735016,9.46372239747634,84.54258675078864,11.987381703470032,72.55520504731862
E00110184,348,56,20,36,292,28,264,16.091954022988507,5.747126436781609,10.344827586206897,83.9080459770115,8.045977011494253,75.86206896551724
E00110185,292,57,21,36,235,27,208,19.52054794520548,7.191780821917808,12.32876712328767,80.47945205479452,9.246575342465754,71.23287671232876
E00110186,285,47,12,35,238,29,209,16.49122807017544,4.2105263157894735,12.280701754385964,83.50877192982456,10.175438596491228,73.33333333333333
E00110187,314,58,24,34,256,31,225,18.471337579617835,7.643312101910828,10.828025477707007,81.52866242038218,9.872611464968154,71.656050955414
E00110188,255,46,18,28,209,22,187,18.03921568627451,7.0588235294117645,10.980392156862745,81.96078431372548,8.627450980392156,73.33333333333333
E00110189,283,56,22,34,227,26,201,19.78798586572438,7.773851590106007,12.014134275618375,80.21201413427562,9.187279151943462,71.02473498233216
E00110190,257,55,21,34,202,24,178,21.40077821011673,8.171206225680933,13.229571984435799,78.59922178988327,9.33852140077821,69.26070038910505
E00110191,324,42,7,35,282,37,245,12.962962962962962,2.1604938271604937,10.802469135802468,87.03703703703704,11.419753086419753,75.61728395061729
E00110192,285,74,37,37,211,25,186,25.964912280701753,12.982456140350877,12.982456140350877,74.03508771929825,8.771929824561402,65.26315789473685
E00110193,447,110,56,54,337,42,295,24.60850111856823,12.527964205816556,12.080536912751679,75.39149888143176,9.395973154362416,65.99552572706935
E00110194,295,45,16,29,250,30,220,15.254237288135593,5.423728813559322,9.830508474576272,84.7457627118644,10.16949152542373,74.57627118644068
E00110195,181,35,17,18,146,16,130,19.337016574585636,9.392265193370166,9.94475138121547,80.66298342541437,8.83977900552486,71.8232044198895
E00110196,342,87,43,44,255,24,231,25.438596491228072,12.573099415204677,12.865497076023392,74.56140350877193,7.017543859649122,67.54385964912281
E00110197,247,39,14,25,208,25,183,15.789473684210526,5.668016194331984,10.121457489878543,84.21052631578947,10.121457489878543,74.08906882591093
E00110198,383,69,25,44,314,37,277,18.01566579634465,6.527415143603134,11.488250652741515,81.98433420365535,9.660574412532636,72.32375979112271
E00110199,183,31,8,23,152,12,140,16.939890710382514,4.371584699453552,12.568306010928962,83.06010928961749,6.557377049180328,76.50273224043715
E00110200,336,63,19,44,273,21,252,18.75,5.654761904761905,13.095238095238097,81.25,6.25,75
E00110201,234,66,30,36,168,16,152,28.205128205128204,12.82051282051282,15.384615384615385,71.7948717948718,6.837606837606838,64.95726495726495
E00110202,222,64,38,26,158,20,138,28.82882882882883,17.117117117117118,11.711711711711711,71.17117117117117,9.00900900900901,62.16216216216216
E00110203,338,72,25,47,266,18,248,21.301775147928996,7.396449704142012,13.905325443786982,78.69822485207101,5.325443786982249,73.37278106508876
E00110204,285,74,28,46,211,17,194,25.964912280701753,9.824561403508772,16.140350877192983,74.03508771929825,5.964912280701754,68.0701754385965
E00110205,344,91,48,43,253,8,245,26.453488372093027,13.953488372093023,12.5,73.54651162790698,2.3255813953488373,71.22093023255815
E00110206,327,74,31,43,253,18,235,22.629969418960243,9.480122324159021,13.149847094801222,77.37003058103976,5.5045871559633035,71.86544342507645
E00110207,320,72,36,36,248,21,227,22.5,11.25,11.25,77.5,6.5625,70.9375
E00110208,389,84,27,57,305,30,275,21.59383033419023,6.940874035989718,14.652956298200515,78.40616966580977,7.712082262210797,70.69408740359897
E00110209,370,79,27,52,291,31,260,21.35135135135135,7.297297297297297,14.054054054054054,78.64864864864865,8.378378378378379,70.27027027027027
E00110210,272,81,43,38,191,16,175,29.77941176470588,15.808823529411764,13.970588235294118,70.22058823529412,5.88235294117647,64.33823529411765
E00110211,323,64,31,33,259,25,234,19.814241486068113,9.597523219814242,10.21671826625387,80.18575851393189,7.739938080495357,72.44582043343654
E00110212,158,50,30,20,108,7,101,31.645569620253166,18.9873417721519,12.658227848101266,68.35443037974683,4.430379746835443,63.92405063291139
E00110213,329,70,29,41,259,22,237,21.27659574468085,8.814589665653495,12.462006079027356,78.72340425531915,6.68693009118541,72.03647416413374
E00110214,353,73,32,41,280,21,259,20.679886685552407,9.06515580736544,11.614730878186968,79.3201133144476,5.94900849858357,73.37110481586402
E00110215,334,74,33,41,260,24,236,22.15568862275449,9.880239520958083,12.275449101796406,77.84431137724552,7.18562874251497,70.65868263473054
E00110216,462,59,8,51,403,34,369,12.770562770562771,1.7316017316017316,11.03896103896104,87.22943722943724,7.35930735930736,79.87012987012987
E00110217,300,52,20,32,248,14,234,17.333333333333336,6.666666666666667,10.666666666666668,82.66666666666667,4.666666666666667,78
E00110218,155,35,11,24,120,11,109,22.58064516129032,7.096774193548387,15.483870967741936,77.41935483870968,7.096774193548387,70.3225806451613
E00110219,309,77,30,47,232,17,215,24.919093851132686,9.70873786407767,15.210355987055015,75.08090614886731,5.501618122977346,69.57928802588997
E00110220,386,60,22,38,326,26,300,15.544041450777202,5.699481865284974,9.844559585492227,84.4559585492228,6.7357512953367875,77.720207253886
E00110222,264,52,21,31,212,8,204,19.696969696969695,7.954545454545454,11.742424242424242,80.3030303030303,3.0303030303030303,77.27272727272727
E00110223,231,64,32,32,167,15,152,27.705627705627705,13.852813852813853,13.852813852813853,72.2943722943723,6.493506493506493,65.80086580086581
E00110224,308,41,13,28,267,26,241,13.311688311688311,4.220779220779221,9.090909090909092,86.68831168831169,8.441558441558442,78.24675324675324
E00110225,300,61,29,32,239,27,212,20.333333333333332,9.666666666666666,10.666666666666668,79.66666666666666,9,70.66666666666667
E00110226,299,62,24,38,237,19,218,20.735785953177256,8.02675585284281,12.709030100334449,79.26421404682274,6.354515050167224,72.90969899665552
E00110227,227,81,40,41,146,19,127,35.68281938325991,17.62114537444934,18.06167400881057,64.31718061674009,8.370044052863436,55.947136563876654
E00110228,337,67,20,47,270,20,250,19.881305637982198,5.934718100890208,13.94658753709199,80.1186943620178,5.934718100890208,74.1839762611276
E00110229,215,73,43,30,142,23,119,33.95348837209302,20,13.953488372093023,66.04651162790698,10.69767441860465,55.348837209302324
E00110230,252,74,42,32,178,14,164,29.365079365079367,16.666666666666664,12.698412698412698,70.63492063492063,5.555555555555555,65.07936507936508
E00110231,218,58,34,24,160,16,144,26.605504587155966,15.59633027522936,11.009174311926607,73.39449541284404,7.339449541284404,66.05504587155964
E00110232,267,77,44,33,190,14,176,28.83895131086142,16.479400749063668,12.359550561797752,71.16104868913857,5.2434456928838955,65.91760299625467
E00110233,257,48,19,29,209,24,185,18.67704280155642,7.392996108949417,11.284046692607005,81.32295719844358,9.33852140077821,71.98443579766537
E00110234,456,70,18,52,386,39,347,15.350877192982457,3.9473684210526314,11.403508771929824,84.64912280701753,8.552631578947368,76.09649122807018
E00110235,239,32,15,17,207,14,193,13.389121338912133,6.2761506276150625,7.112970711297072,86.61087866108787,5.857740585774058,80.75313807531381
E00110236,197,45,22,23,152,7,145,22.84263959390863,11.16751269035533,11.6751269035533,77.15736040609137,3.5532994923857872,73.60406091370558
E00110237,243,59,25,34,184,28,156,24.279835390946502,10.2880658436214,13.991769547325102,75.7201646090535,11.522633744855968,64.19753086419753
E00110238,284,33,3,30,251,21,230,11.619718309859154,1.056338028169014,10.56338028169014,88.38028169014085,7.394366197183098,80.98591549295774
E00110239,247,64,30,34,183,26,157,25.910931174089068,12.145748987854251,13.765182186234817,74.08906882591093,10.526315789473683,63.56275303643725
E00110240,372,95,44,51,277,17,260,25.537634408602152,11.827956989247312,13.709677419354838,74.46236559139786,4.56989247311828,69.89247311827957
E00110241,265,70,25,45,195,24,171,26.41509433962264,9.433962264150944,16.9811320754717,73.58490566037736,9.056603773584905,64.52830188679245
E00110242,290,52,23,29,238,24,214,17.93103448275862,7.931034482758621,10,82.06896551724138,8.275862068965518,73.79310344827587
E00110243,300,69,32,37,231,21,210,23,10.666666666666668,12.333333333333334,77,7.000000000000001,70
E00110244,294,54,19,35,240,22,218,18.367346938775512,6.462585034013606,11.904761904761903,81.63265306122449,7.482993197278912,74.14965986394559
E00110245,288,70,40,30,218,8,210,24.305555555555554,13.88888888888889,10.416666666666668,75.69444444444444,2.7777777777777777,72.91666666666666
E00110246,311,55,33,22,256,29,227,17.684887459807076,10.610932475884244,7.07395498392283,82.31511254019293,9.32475884244373,72.9903536977492
E00110247,325,48,18,30,277,22,255,14.76923076923077,5.538461538461538,9.230769230769232,85.23076923076923,6.769230769230769,78.46153846153847
E00110248,353,45,15,30,308,26,282,12.747875354107649,4.2492917847025495,8.498583569405099,87.25212464589235,7.365439093484419,79.88668555240793
E00110249,388,64,21,43,324,26,298,16.49484536082474,5.412371134020619,11.082474226804123,83.50515463917526,6.701030927835052,76.80412371134021
E00110250,389,98,46,52,291,27,264,25.19280205655527,11.825192802056556,13.367609254498714,74.80719794344472,6.940874035989718,67.86632390745501
E00110251,330,86,28,58,244,15,229,26.060606060606062,8.484848484848486,17.575757575757574,73.93939393939394,4.545454545454546,69.39393939393939
E00110252,371,72,32,40,299,24,275,19.40700808625337,8.62533692722372,10.781671159029651,80.59299191374663,6.46900269541779,74.12398921832884
E00110253,326,48,22,26,278,21,257,14.723926380368098,6.748466257668712,7.975460122699387,85.2760736196319,6.441717791411043,78.83435582822086
E00110254,198,68,40,28,130,16,114,34.34343434343434,20.2020202020202,14.14141414141414,65.65656565656566,8.080808080808081,57.57575757575758
E00110255,261,40,17,23,221,25,196,15.32567049808429,6.513409961685824,8.812260536398467,84.67432950191571,9.578544061302683,75.09578544061303
E00110256,346,103,47,56,243,21,222,29.76878612716763,13.583815028901732,16.184971098265898,70.23121387283237,6.069364161849711,64.16184971098265
E00110257,307,54,20,34,253,30,223,17.58957654723127,6.514657980456026,11.074918566775244,82.41042345276874,9.77198697068404,72.63843648208469
E00110258,291,31,14,17,260,27,233,10.652920962199312,4.810996563573884,5.841924398625429,89.3470790378007,9.278350515463918,80.06872852233677
E00110259,395,153,94,59,242,20,222,38.734177215189874,23.79746835443038,14.936708860759493,61.26582278481013,5.063291139240507,56.20253164556962
E00110260,254,60,29,31,194,27,167,23.62204724409449,11.41732283464567,12.204724409448819,76.37795275590551,10.62992125984252,65.74803149606299
E00110261,281,45,10,35,236,17,219,16.014234875444842,3.558718861209965,12.455516014234876,83.98576512455516,6.049822064056939,77.93594306049823
E00110262,267,71,33,38,196,19,177,26.591760299625467,12.359550561797752,14.232209737827715,73.40823970037454,7.116104868913857,66.29213483146067
E00110263,268,59,26,33,209,23,186,22.01492537313433,9.701492537313433,12.313432835820896,77.98507462686567,8.582089552238806,69.40298507462687
E00110264,321,61,32,29,260,21,239,19.003115264797508,9.968847352024921,9.034267912772584,80.99688473520249,6.5420560747663545,74.45482866043614
E00110265,285,53,21,32,232,23,209,18.596491228070175,7.368421052631578,11.228070175438596,81.40350877192982,8.070175438596491,73.33333333333333
E00110266,327,61,31,30,266,35,231,18.654434250764528,9.480122324159021,9.174311926605505,81.34556574923548,10.703363914373089,70.64220183486239
E00110267,287,52,13,39,235,22,213,18.118466898954704,4.529616724738676,13.588850174216027,81.8815331010453,7.665505226480835,74.21602787456446
E00110268,356,55,21,34,301,29,272,15.44943820224719,5.8988764044943816,9.550561797752808,84.5505617977528,8.146067415730338,76.40449438202246
E00110269,315,51,21,30,264,25,239,16.19047619047619,6.666666666666667,9.523809523809524,83.80952380952381,7.936507936507936,75.87301587301587
E00110270,285,49,20,29,236,23,213,17.192982456140353,7.017543859649122,10.175438596491228,82.80701754385966,8.070175438596491,74.73684210526315
E00110272,301,56,13,43,245,29,216,18.6046511627907,4.318936877076411,14.285714285714285,81.3953488372093,9.634551495016613,71.76079734219269
E00110273,312,46,11,35,266,24,242,14.743589743589745,3.5256410256410255,11.217948717948719,85.25641025641025,7.6923076923076925,77.56410256410257
E00110274,315,54,21,33,261,22,239,17.142857142857142,6.666666666666667,10.476190476190476,82.85714285714286,6.984126984126984,75.87301587301587
E00110275,307,47,11,36,260,28,232,15.309446254071663,3.5830618892508146,11.726384364820847,84.69055374592834,9.120521172638437,75.57003257328991
E00110276,220,62,27,35,158,12,146,28.18181818181818,12.272727272727273,15.909090909090908,71.81818181818181,5.454545454545454,66.36363636363637
E00110277,298,48,11,37,250,27,223,16.10738255033557,3.691275167785235,12.416107382550337,83.89261744966443,9.060402684563758,74.83221476510067
E00110278,345,51,15,36,294,18,276,14.782608695652174,4.3478260869565215,10.434782608695652,85.21739130434783,5.217391304347826,80
E00110279,236,38,11,27,198,22,176,16.101694915254235,4.661016949152542,11.440677966101696,83.89830508474576,9.322033898305085,74.57627118644068
E00110280,333,47,20,27,286,28,258,14.114114114114114,6.006006006006006,8.108108108108109,85.88588588588588,8.408408408408409,77.47747747747748
E00110282,226,66,32,34,160,15,145,29.20353982300885,14.15929203539823,15.04424778761062,70.79646017699115,6.637168141592921,64.15929203539822
E00110283,348,65,26,39,283,22,261,18.67816091954023,7.471264367816093,11.206896551724139,81.32183908045977,6.321839080459771,75
E00110284,372,39,23,16,333,18,315,10.483870967741936,6.182795698924731,4.301075268817205,89.51612903225806,4.838709677419355,84.67741935483872
E00110285,261,61,26,35,200,16,184,23.371647509578544,9.961685823754788,13.409961685823754,76.62835249042146,6.130268199233716,70.49808429118774
E00110286,245,57,29,28,188,11,177,23.26530612244898,11.83673469387755,11.428571428571429,76.73469387755102,4.489795918367347,72.24489795918367
E00110287,279,54,26,28,225,27,198,19.35483870967742,9.31899641577061,10.03584229390681,80.64516129032258,9.67741935483871,70.96774193548387
E00110288,293,56,28,28,237,24,213,19.112627986348123,9.556313993174061,9.556313993174061,80.88737201365188,8.19112627986348,72.6962457337884
E00110289,268,51,27,24,217,20,197,19.029850746268657,10.074626865671641,8.955223880597014,80.97014925373134,7.462686567164178,73.50746268656717
E00110290,579,38,10,28,541,23,518,6.563039723661486,1.7271157167530224,4.8359240069084635,93.43696027633851,3.9723661485319512,89.46459412780656
E00110291,289,64,33,31,225,25,200,22.145328719723185,11.418685121107266,10.726643598615917,77.85467128027682,8.650519031141869,69.20415224913495
E00110292,328,70,30,40,258,18,240,21.341463414634145,9.146341463414634,12.195121951219512,78.65853658536585,5.487804878048781,73.17073170731707
E00110293,278,63,30,33,215,22,193,22.66187050359712,10.79136690647482,11.870503597122301,77.33812949640287,7.913669064748201,69.42446043165468
E00110294,432,23,9,14,409,25,384,5.324074074074074,2.083333333333333,3.2407407407407405,94.67592592592592,5.787037037037037,88.88888888888889
E00110295,330,42,8,34,288,25,263,12.727272727272727,2.4242424242424243,10.303030303030303,87.27272727272727,7.575757575757576,79.6969696969697
E00110298,401,24,4,20,377,17,360,5.985037406483791,0.997506234413965,4.987531172069826,94.0149625935162,4.239401496259352,89.77556109725685
E00110299,388,53,22,31,335,20,315,13.65979381443299,5.670103092783505,7.989690721649484,86.34020618556701,5.154639175257731,81.18556701030928
E00110300,403,73,24,49,330,25,305,18.11414392059553,5.955334987593052,12.158808933002481,81.88585607940446,6.20347394540943,75.68238213399503
E00110301,547,89,39,50,458,26,432,16.270566727605118,7.129798903107861,9.140767824497258,83.72943327239489,4.753199268738574,78.97623400365632
E00110302,444,86,41,45,358,23,335,19.36936936936937,9.234234234234235,10.135135135135135,80.63063063063063,5.18018018018018,75.45045045045045
E00110303,259,32,12,20,227,21,206,12.355212355212355,4.633204633204633,7.722007722007722,87.64478764478764,8.108108108108109,79.53667953667953
E00110304,282,50,29,21,232,16,216,17.73049645390071,10.28368794326241,7.446808510638298,82.26950354609929,5.673758865248227,76.59574468085107
E00110305,352,88,38,50,264,27,237,25,10.795454545454545,14.204545454545455,75,7.670454545454546,67.32954545454545
E00110306,363,91,50,41,272,18,254,25.068870523415974,13.774104683195592,11.294765840220386,74.93112947658402,4.958677685950414,69.9724517906336
E00110307,298,44,12,32,254,25,229,14.76510067114094,4.026845637583892,10.738255033557047,85.23489932885906,8.389261744966444,76.84563758389261
E00110309,229,24,8,16,205,15,190,10.480349344978166,3.4934497816593884,6.986899563318777,89.51965065502183,6.550218340611353,82.96943231441048
E00110310,348,59,12,47,289,22,267,16.954022988505745,3.4482758620689653,13.505747126436782,83.04597701149426,6.321839080459771,76.72413793103449
E00110311,261,38,13,25,223,15,208,14.559386973180077,4.980842911877394,9.578544061302683,85.44061302681992,5.747126436781609,79.6934865900383
E00110312,426,107,64,43,319,27,292,25.11737089201878,15.023474178403756,10.093896713615024,74.88262910798123,6.338028169014084,68.54460093896714
E00110313,373,83,43,40,290,24,266,22.25201072386059,11.528150134048257,10.723860589812332,77.7479892761394,6.434316353887399,71.31367292225201
E00110314,196,38,18,20,158,13,145,19.387755102040817,9.183673469387756,10.204081632653061,80.61224489795919,6.63265306122449,73.9795918367347
E00110317,430,57,19,38,373,39,334,13.25581395348837,4.4186046511627906,8.837209302325581,86.74418604651163,9.069767441860465,77.67441860465117
E00110318,224,41,17,24,183,19,164,18.303571428571427,7.5892857142857135,10.714285714285714,81.69642857142857,8.482142857142858,73.21428571428571
E00110319,243,33,10,23,210,17,193,13.580246913580247,4.11522633744856,9.465020576131687,86.41975308641975,6.995884773662551,79.42386831275721
E00110320,212,44,14,30,168,11,157,20.754716981132077,6.60377358490566,14.150943396226415,79.24528301886792,5.188679245283019,74.05660377358491
E00110321,215,47,23,24,168,21,147,21.86046511627907,10.69767441860465,11.162790697674419,78.13953488372093,9.767441860465116,68.37209302325581
E00110322,166,71,41,30,95,18,77,42.77108433734939,24.69879518072289,18.072289156626507,57.22891566265061,10.843373493975903,46.3855421686747
E00110323,240,27,5,22,213,20,193,11.25,2.083333333333333,9.166666666666666,88.75,8.333333333333332,80.41666666666667
E00110324,265,49,25,24,216,26,190,18.49056603773585,9.433962264150944,9.056603773584905,81.50943396226415,9.811320754716983,71.69811320754717
E00110325,272,57,17,40,215,24,191,20.955882352941178,6.25,14.705882352941178,79.04411764705883,8.823529411764707,70.22058823529412
E00110326,220,64,30,34,156,13,143,29.09090909090909,13.636363636363635,15.454545454545453,70.9090909090909,5.909090909090909,65
E00110327,320,45,16,29,275,34,241,14.0625,5,9.0625,85.9375,10.625,75.3125
E00110328,457,59,20,39,398,39,359,12.910284463894966,4.3763676148796495,8.533916849015318,87.08971553610503,8.533916849015318,78.55579868708972
E00110332,269,49,21,28,220,21,199,18.21561338289963,7.806691449814126,10.408921933085502,81.78438661710037,7.806691449814126,73.97769516728626
E00110333,120,27,6,21,93,11,82,22.5,5,17.5,77.5,9.166666666666666,68.33333333333333
E00110334,244,57,24,33,187,16,171,23.36065573770492,9.836065573770492,13.524590163934427,76.63934426229508,6.557377049180328,70.08196721311475
E00110335,222,46,18,28,176,17,159,20.72072072072072,8.108108108108109,12.612612612612612,79.27927927927928,7.657657657657657,71.62162162162163
E00110336,434,67,23,44,367,38,329,15.43778801843318,5.299539170506913,10.138248847926267,84.56221198156682,8.755760368663594,75.80645161290323
E00110337,288,43,13,30,245,19,226,14.930555555555555,4.513888888888888,10.416666666666668,85.06944444444444,6.597222222222222,78.47222222222221
E00110338,348,51,15,36,297,27,270,14.655172413793101,4.310344827586207,10.344827586206897,85.34482758620689,7.758620689655173,77.58620689655173
E00110339,325,54,14,40,271,34,237,16.615384615384617,4.3076923076923075,12.307692307692308,83.38461538461537,10.461538461538462,72.92307692307692
E00110340,343,40,9,31,303,33,270,11.661807580174926,2.623906705539359,9.037900874635568,88.33819241982506,9.620991253644315,78.71720116618076
E00110341,464,69,33,36,395,30,365,14.870689655172415,7.112068965517242,7.758620689655173,85.12931034482759,6.4655172413793105,78.66379310344827
E00110342,362,82,45,37,280,32,248,22.65193370165746,12.430939226519337,10.220994475138122,77.34806629834254,8.83977900552486,68.50828729281768
E00110343,313,93,42,51,220,30,190,29.712460063897762,13.418530351437699,16.293929712460063,70.28753993610223,9.584664536741213,60.70287539936102
E00110344,393,68,18,50,325,32,293,17.302798982188293,4.580152671755725,12.72264631043257,82.69720101781171,8.142493638676845,74.55470737913485
E00110345,472,89,40,49,383,42,341,18.85593220338983,8.47457627118644,10.38135593220339,81.14406779661016,8.898305084745763,72.2457627118644
E00110346,272,35,11,24,237,27,210,12.867647058823529,4.044117647058823,8.823529411764707,87.13235294117648,9.926470588235293,77.20588235294117
E00110347,307,57,19,38,250,25,225,18.566775244299674,6.188925081433225,12.37785016286645,81.43322475570032,8.143322475570033,73.28990228013029
E00110348,330,41,16,25,289,31,258,12.424242424242424,4.848484848484849,7.575757575757576,87.57575757575758,9.393939393939393,78.18181818181819
E00110349,519,74,22,52,445,43,402,14.258188824662813,4.238921001926782,10.01926782273603,85.74181117533719,8.285163776493256,77.45664739884393
E00110350,325,44,14,30,281,32,249,13.538461538461538,4.3076923076923075,9.230769230769232,86.46153846153845,9.846153846153847,76.61538461538461
E00110351,343,67,27,40,276,23,253,19.533527696793,7.871720116618077,11.661807580174926,80.466472303207,6.705539358600583,73.76093294460642
E00110352,276,68,35,33,208,25,183,24.637681159420293,12.681159420289855,11.956521739130435,75.36231884057972,9.057971014492754,66.30434782608695
E00110353,238,46,22,24,192,16,176,19.327731092436977,9.243697478991598,10.084033613445378,80.67226890756302,6.722689075630252,73.94957983193278
E00110354,330,62,27,35,268,29,239,18.787878787878785,8.181818181818182,10.606060606060606,81.21212121212122,8.787878787878787,72.42424242424242
E00110355,264,59,24,35,205,23,182,22.348484848484848,9.090909090909092,13.257575757575758,77.65151515151516,8.712121212121213,68.93939393939394
E00110356,343,75,34,41,268,34,234,21.865889212827987,9.912536443148689,11.9533527696793,78.134110787172,9.912536443148689,68.22157434402332
E00110357,256,62,24,38,194,14,180,24.21875,9.375,14.84375,75.78125,5.46875,70.3125
E00110358,251,56,16,40,195,23,172,22.31075697211155,6.374501992031872,15.936254980079681,77.68924302788844,9.163346613545817,68.52589641434263
E00110359,302,38,14,24,264,30,234,12.582781456953644,4.635761589403973,7.9470198675496695,87.41721854304636,9.933774834437086,77.48344370860927
E00110360,356,48,21,27,308,35,273,13.48314606741573,5.8988764044943816,7.584269662921349,86.51685393258427,9.831460674157304,76.68539325842697
E00110361,349,68,24,44,281,25,256,19.484240687679083,6.876790830945559,12.607449856733524,80.51575931232091,7.163323782234957,73.35243553008596
E00110362,390,87,50,37,303,21,282,22.30769230769231,12.82051282051282,9.487179487179487,77.6923076923077,5.384615384615385,72.3076923076923
E00110363,352,50,14,36,302,28,274,14.204545454545455,3.977272727272727,10.227272727272728,85.79545454545455,7.954545454545454,77.8409090909091
E00110364,323,56,24,32,267,16,251,17.3374613003096,7.430340557275541,9.907120743034056,82.6625386996904,4.953560371517028,77.70897832817337
E00110365,231,34,17,17,197,20,177,14.71861471861472,7.35930735930736,7.35930735930736,85.28138528138528,8.658008658008658,76.62337662337663
E00110366,315,51,19,32,264,29,235,16.19047619047619,6.031746031746032,10.158730158730158,83.80952380952381,9.206349206349207,74.60317460317461
E00110367,314,50,17,33,264,20,244,15.92356687898089,5.414012738853503,10.509554140127388,84.07643312101911,6.369426751592357,77.70700636942675
E00110368,299,50,12,38,249,29,220,16.722408026755854,4.013377926421405,12.709030100334449,83.27759197324414,9.698996655518394,73.57859531772574
E00110369,237,67,30,37,170,14,156,28.270042194092827,12.658227848101266,15.611814345991561,71.72995780590718,5.9071729957805905,65.82278481012658
E00110370,319,40,17,23,279,22,257,12.539184952978054,5.329153605015674,7.210031347962382,87.46081504702194,6.896551724137931,80.56426332288402
E00110371,236,57,25,32,179,13,166,24.152542372881356,10.59322033898305,13.559322033898304,75.84745762711864,5.508474576271186,70.33898305084746
E00110372,134,30,4,26,104,13,91,22.388059701492537,2.9850746268656714,19.402985074626866,77.61194029850746,9.701492537313433,67.91044776119402
E00110373,307,58,22,36,249,27,222,18.892508143322477,7.166123778501629,11.726384364820847,81.10749185667753,8.794788273615636,72.31270358306189
E00110374,296,41,8,33,255,33,222,13.85135135135135,2.7027027027027026,11.14864864864865,86.14864864864865,11.14864864864865,75
E00110375,248,33,9,24,215,24,191,13.306451612903224,3.6290322580645165,9.67741935483871,86.69354838709677,9.67741935483871,77.01612903225806
E00110376,369,43,18,25,326,26,300,11.653116531165312,4.878048780487805,6.775067750677506,88.34688346883469,7.046070460704606,81.30081300813008
E00110377,272,62,35,27,210,21,189,22.794117647058822,12.867647058823529,9.926470588235293,77.20588235294117,7.720588235294118,69.48529411764706
E00110378,270,47,21,26,223,23,200,17.40740740740741,7.777777777777778,9.62962962962963,82.5925925925926,8.518518518518519,74.07407407407408
E00110379,277,69,30,39,208,27,181,24.90974729241877,10.830324909747292,14.079422382671481,75.09025270758123,9.747292418772563,65.34296028880865
E00110380,263,46,15,31,217,23,194,17.490494296577946,5.7034220532319395,11.787072243346007,82.50950570342205,8.745247148288973,73.76425855513308
E00110381,269,39,17,22,230,17,213,14.49814126394052,6.319702602230483,8.178438661710038,85.50185873605948,6.319702602230483,79.182156133829
E00110382,260,45,13,32,215,16,199,17.307692307692307,5,12.307692307692308,82.6923076923077,6.153846153846154,76.53846153846153
E00110383,312,49,23,26,263,32,231,15.705128205128204,7.371794871794872,8.333333333333332,84.2948717948718,10.256410256410255,74.03846153846155
E00110384,287,54,28,26,233,29,204,18.81533101045296,9.75609756097561,9.059233449477352,81.18466898954703,10.104529616724738,71.0801393728223
E00110385,292,54,22,32,238,40,198,18.493150684931507,7.534246575342466,10.95890410958904,81.5068493150685,13.698630136986301,67.8082191780822
E00110386,262,81,42,39,181,19,162,30.916030534351147,16.030534351145036,14.885496183206106,69.08396946564885,7.251908396946565,61.832061068702295
E00110387,249,60,20,40,189,12,177,24.096385542168676,8.032128514056225,16.06425702811245,75.90361445783132,4.819277108433735,71.08433734939759
E00110388,284,37,15,22,247,18,229,13.028169014084506,5.28169014084507,7.746478873239436,86.97183098591549,6.338028169014084,80.63380281690141
E00110389,249,54,24,30,195,13,182,21.686746987951807,9.63855421686747,12.048192771084338,78.3132530120482,5.220883534136546,73.09236947791165
E00110390,155,18,9,9,137,8,129,11.612903225806452,5.806451612903226,5.806451612903226,88.38709677419355,5.161290322580645,83.22580645161291
E00110391,287,54,21,33,233,25,208,18.81533101045296,7.317073170731707,11.498257839721255,81.18466898954703,8.710801393728223,72.47386759581882
E00110392,284,57,17,40,227,20,207,20.070422535211268,5.985915492957746,14.084507042253522,79.92957746478874,7.042253521126761,72.88732394366197
E00110393,284,55,16,39,229,26,203,19.366197183098592,5.633802816901409,13.732394366197184,80.63380281690141,9.15492957746479,71.47887323943662
E00110394,139,49,27,22,90,4,86,35.25179856115108,19.424460431654676,15.827338129496402,64.74820143884892,2.877697841726619,61.87050359712231
E00110395,301,58,23,35,243,21,222,19.269102990033225,7.641196013289036,11.627906976744185,80.73089700996677,6.976744186046512,73.75415282392026
E00110396,360,76,38,38,284,40,244,21.11111111111111,10.555555555555555,10.555555555555555,78.88888888888889,11.11111111111111,67.77777777777779
E00110397,279,48,17,31,231,23,208,17.20430107526882,6.093189964157706,11.11111111111111,82.79569892473118,8.24372759856631,74.55197132616487
E00110398,496,102,36,66,394,55,339,20.56451612903226,7.258064516129033,13.306451612903224,79.43548387096774,11.088709677419354,68.34677419354838
E00110399,244,44,15,29,200,29,171,18.0327868852459,6.147540983606557,11.885245901639344,81.9672131147541,11.885245901639344,70.08196721311475
E00110400,287,51,19,32,236,27,209,17.770034843205575,6.620209059233449,11.149825783972126,82.22996515679442,9.40766550522648,72.82229965156795
E00110401,279,41,11,30,238,33,205,14.695340501792115,3.942652329749104,10.75268817204301,85.30465949820788,11.827956989247312,73.47670250896059
E00110402,290,59,13,46,231,26,205,20.344827586206897,4.482758620689655,15.862068965517242,79.65517241379311,8.96551724137931,70.6896551724138
E00110404,529,89,33,56,440,54,386,16.824196597353495,6.238185255198488,10.58601134215501,83.1758034026465,10.207939508506616,72.96786389413988
E00110405,218,35,12,23,183,25,158,16.055045871559635,5.5045871559633035,10.550458715596331,83.94495412844036,11.46788990825688,72.47706422018348
E00110406,238,37,10,27,201,26,175,15.546218487394958,4.201680672268908,11.344537815126051,84.45378151260505,10.92436974789916,73.52941176470588
E00110407,259,36,13,23,223,19,204,13.8996138996139,5.019305019305019,8.880308880308881,86.10038610038609,7.335907335907336,78.76447876447877
E00110409,141,32,9,23,109,14,95,22.69503546099291,6.382978723404255,16.312056737588655,77.30496453900709,9.929078014184398,67.37588652482269
E00110410,244,56,27,29,188,19,169,22.950819672131146,11.065573770491802,11.885245901639344,77.04918032786885,7.786885245901639,69.26229508196722
E00110411,291,59,27,32,232,24,208,20.274914089347078,9.278350515463918,10.996563573883162,79.72508591065292,8.24742268041237,71.47766323024055
E00110412,284,50,15,35,234,32,202,17.6056338028169,5.28169014084507,12.323943661971832,82.3943661971831,11.267605633802818,71.12676056338029
E00110413,246,48,20,28,198,21,177,19.51219512195122,8.130081300813007,11.38211382113821,80.48780487804879,8.536585365853659,71.95121951219512
E00110414,321,55,19,36,266,25,241,17.133956386292834,5.919003115264798,11.214953271028037,82.86604361370716,7.78816199376947,75.0778816199377
E00110415,235,49,26,23,186,18,168,20.851063829787233,11.063829787234042,9.787234042553191,79.14893617021276,7.659574468085106,71.48936170212767
E00110416,281,60,12,48,221,30,191,21.352313167259787,4.270462633451958,17.08185053380783,78.64768683274022,10.676156583629894,67.97153024911033
E00110417,255,58,24,34,197,20,177,22.745098039215687,9.411764705882353,13.333333333333334,77.25490196078432,7.8431372549019605,69.41176470588235
E00110418,290,38,10,28,252,28,224,13.10344827586207,3.4482758620689653,9.655172413793103,86.89655172413792,9.655172413793103,77.24137931034483
E00110419,328,64,23,41,264,31,233,19.51219512195122,7.01219512195122,12.5,80.48780487804879,9.451219512195122,71.03658536585365
E00110420,228,37,7,30,191,16,175,16.228070175438596,3.070175438596491,13.157894736842104,83.77192982456141,7.017543859649122,76.75438596491229
E00110421,310,54,18,36,256,22,234,17.419354838709676,5.806451612903226,11.612903225806452,82.58064516129032,7.096774193548387,75.48387096774194
E00110422,340,60,21,39,280,18,262,17.647058823529413,6.176470588235294,11.470588235294118,82.35294117647058,5.294117647058823,77.05882352941177
E00110423,346,49,14,35,297,29,268,14.16184971098266,4.046242774566474,10.115606936416185,85.83815028901735,8.38150289017341,77.45664739884393
E00110425,368,70,26,44,298,38,260,19.021739130434785,7.065217391304348,11.956521739130435,80.97826086956522,10.326086956521738,70.65217391304348
E00110426,329,44,12,32,285,23,262,13.37386018237082,3.64741641337386,9.72644376899696,86.62613981762918,6.990881458966565,79.63525835866263
E00110427,282,43,12,31,239,25,214,15.24822695035461,4.25531914893617,10.99290780141844,84.75177304964538,8.865248226950355,75.88652482269504
E00110428,311,53,16,37,258,25,233,17.041800643086816,5.144694533762058,11.89710610932476,82.95819935691318,8.038585209003216,74.91961414790997
E00176365,438,41,8,33,397,28,369,9.360730593607306,1.82648401826484,7.534246575342466,90.6392694063927,6.392694063926941,84.24657534246576
E00176366,281,39,12,27,242,22,220,13.87900355871886,4.270462633451958,9.608540925266903,86.12099644128114,7.829181494661921,78.29181494661923
E00176367,374,48,21,27,326,16,310,12.834224598930483,5.614973262032086,7.219251336898395,87.16577540106952,4.27807486631016,82.88770053475936
E00176368,269,48,20,28,221,28,193,17.843866171003718,7.434944237918216,10.408921933085502,82.15613382899627,10.408921933085502,71.74721189591078
E00176369,458,59,15,44,399,29,370,12.882096069868995,3.2751091703056767,9.606986899563319,87.117903930131,6.331877729257641,80.78602620087337
E00176370,370,44,9,35,326,36,290,11.891891891891893,2.4324324324324325,9.45945945945946,88.10810810810811,9.72972972972973,78.37837837837837
E00176371,124,13,4,9,111,13,98,10.483870967741936,3.225806451612903,7.258064516129033,89.51612903225806,10.483870967741936,79.03225806451613
E00176372,342,64,31,33,278,23,255,18.71345029239766,9.064327485380117,9.649122807017543,81.28654970760235,6.725146198830409,74.56140350877193
E00176373,256,69,37,32,187,21,166,26.953125,14.453125,12.5,73.046875,8.203125,64.84375
E00176374,200,54,31,23,146,16,130,27,15.5,11.5,73,8,65
E00176375,286,37,15,22,249,30,219,12.937062937062937,5.244755244755245,7.6923076923076925,87.06293706293707,10.48951048951049,76.57342657342657
E00176376,159,21,8,13,138,8,130,13.20754716981132,5.031446540880504,8.176100628930817,86.79245283018868,5.031446540880504,81.76100628930818
E00176377,220,20,8,12,200,28,172,9.090909090909092,3.6363636363636362,5.454545454545454,90.9090909090909,12.727272727272727,78.18181818181819
E00176378,291,38,13,25,253,28,225,13.058419243986256,4.4673539518900345,8.59106529209622,86.94158075601375,9.621993127147768,77.31958762886599
E00176379,244,68,21,47,176,17,159,27.86885245901639,8.60655737704918,19.262295081967213,72.1311475409836,6.967213114754098,65.1639344262295
E00176380,301,93,50,43,208,21,187,30.89700996677741,16.611295681063122,14.285714285714285,69.10299003322258,6.976744186046512,62.12624584717608
E00176381,335,31,6,25,304,28,276,9.253731343283581,1.791044776119403,7.462686567164178,90.74626865671642,8.358208955223882,82.38805970149254
E00176382,313,52,21,31,261,21,240,16.61341853035144,6.7092651757188495,9.904153354632587,83.38658146964856,6.7092651757188495,76.6773162939297
E00176383,289,29,5,24,260,12,248,10.034602076124568,1.7301038062283738,8.304498269896193,89.96539792387543,4.1522491349480966,85.81314878892734
E00176384,167,23,7,16,144,22,122,13.77245508982036,4.191616766467066,9.580838323353294,86.22754491017965,13.17365269461078,73.05389221556887
E00176385,121,7,2,5,114,8,106,5.785123966942149,1.6528925619834711,4.132231404958678,94.21487603305785,6.6115702479338845,87.60330578512396
E00176386,247,83,66,17,164,11,153,33.603238866396765,26.720647773279353,6.882591093117409,66.39676113360325,4.4534412955465585,61.943319838056674
E00176387,288,39,16,23,249,20,229,13.541666666666666,5.555555555555555,7.986111111111111,86.45833333333334,6.944444444444445,79.51388888888889
E00176388,364,41,15,26,323,18,305,11.263736263736265,4.1208791208791204,7.142857142857142,88.73626373626374,4.945054945054945,83.79120879120879
E00176390,440,65,19,46,375,40,335,14.772727272727273,4.318181818181818,10.454545454545453,85.22727272727273,9.090909090909092,76.13636363636364
E00176391,286,21,4,17,265,19,246,7.3426573426573425,1.3986013986013985,5.944055944055944,92.65734265734265,6.643356643356643,86.01398601398601
E00176392,569,57,19,38,512,25,487,10.017574692442881,3.3391915641476277,6.6783831282952555,89.98242530755711,4.393673110720562,85.58875219683657
E00176394,137,16,8,8,121,10,111,11.678832116788321,5.839416058394161,5.839416058394161,88.32116788321169,7.2992700729927,81.02189781021897
E00176395,267,38,15,23,229,17,212,14.232209737827715,5.617977528089887,8.614232209737828,85.76779026217228,6.367041198501873,79.40074906367042
E00176396,234,25,5,20,209,20,189,10.683760683760683,2.1367521367521367,8.547008547008547,89.31623931623932,8.547008547008547,80.76923076923077
E00176397,261,40,16,24,221,28,193,15.32567049808429,6.130268199233716,9.195402298850574,84.67432950191571,10.727969348659004,73.9463601532567
E00176398,282,37,6,31,245,25,220,13.120567375886525,2.127659574468085,10.99290780141844,86.87943262411348,8.865248226950355,78.01418439716312
E00176399,295,42,10,32,253,22,231,14.237288135593221,3.389830508474576,10.847457627118644,85.76271186440678,7.457627118644068,78.30508474576271
E00176400,273,35,5,30,238,27,211,12.82051282051282,1.8315018315018317,10.989010989010989,87.17948717948718,9.89010989010989,77.2893772893773
E00176401,403,80,33,47,323,30,293,19.851116625310176,8.188585607940446,11.662531017369728,80.14888337468983,7.444168734491314,72.7047146401985
E00176402,256,20,2,18,236,15,221,7.8125,0.78125,7.03125,92.1875,5.859375,86.328125
E00176403,273,36,10,26,237,15,222,13.186813186813188,3.6630036630036633,9.523809523809524,86.81318681318682,5.4945054945054945,81.31868131868131
E00176404,229,47,17,30,182,25,157,20.52401746724891,7.423580786026202,13.100436681222707,79.47598253275109,10.91703056768559,68.5589519650655
E00176405,175,30,14,16,145,14,131,17.142857142857142,8,9.142857142857142,82.85714285714286,8,74.85714285714286
E00176406,394,30,10,20,364,32,332,7.614213197969544,2.5380710659898478,5.0761421319796955,92.38578680203045,8.121827411167512,84.26395939086294
E00176407,280,61,30,31,219,20,199,21.785714285714285,10.714285714285714,11.071428571428571,78.21428571428571,7.142857142857142,71.07142857142857
E00176409,442,73,31,42,369,22,347,16.515837104072396,7.013574660633484,9.502262443438914,83.48416289592761,4.97737556561086,78.50678733031674
E00176410,347,44,16,28,303,16,287,12.680115273775217,4.610951008645533,8.069164265129682,87.31988472622479,4.610951008645533,82.70893371757924
E00176411,328,38,14,24,290,26,264,11.585365853658537,4.2682926829268295,7.317073170731707,88.41463414634147,7.926829268292683,80.48780487804879
E00176412,313,44,17,27,269,20,249,14.057507987220447,5.431309904153355,8.626198083067091,85.94249201277955,6.3897763578274756,79.55271565495208
E00176413,341,40,9,31,301,27,274,11.730205278592376,2.6392961876832843,9.090909090909092,88.26979472140762,7.9178885630498534,80.35190615835776
E00176414,373,33,11,22,340,31,309,8.847184986595174,2.949061662198391,5.898123324396782,91.15281501340483,8.310991957104557,82.84182305630027
E00176415,306,43,13,30,263,39,224,14.052287581699346,4.248366013071895,9.803921568627452,85.94771241830065,12.745098039215685,73.20261437908496
E00176416,324,38,7,31,286,40,246,11.728395061728394,2.1604938271604937,9.5679012345679,88.27160493827161,12.345679012345679,75.92592592592592
E00176418,205,33,14,19,172,21,151,16.097560975609756,6.829268292682928,9.268292682926829,83.90243902439025,10.24390243902439,73.65853658536585
E00176419,172,48,16,32,124,10,114,27.906976744186046,9.30232558139535,18.6046511627907,72.09302325581395,5.813953488372093,66.27906976744185
E00176420,414,46,19,27,368,20,348,11.11111111111111,4.5893719806763285,6.521739130434782,88.88888888888889,4.830917874396135,84.05797101449275
E00176421,272,38,7,31,234,19,215,13.970588235294118,2.5735294117647056,11.397058823529411,86.02941176470588,6.985294117647059,79.04411764705883
E00176423,271,66,44,22,205,19,186,24.354243542435423,16.236162361623617,8.118081180811808,75.64575645756457,7.011070110701106,68.63468634686348
E00176424,235,22,4,18,213,15,198,9.361702127659575,1.702127659574468,7.659574468085106,90.63829787234042,6.382978723404255,84.25531914893617
E00176425,186,21,7,14,165,16,149,11.29032258064516,3.763440860215054,7.526881720430108,88.70967741935483,8.60215053763441,80.10752688172043
E00176426,157,25,14,11,132,11,121,15.92356687898089,8.9171974522293,7.006369426751593,84.07643312101911,7.006369426751593,77.07006369426752
E00176427,298,40,11,29,258,22,236,13.422818791946309,3.691275167785235,9.731543624161073,86.57718120805369,7.38255033557047,79.19463087248322
E00176428,381,35,10,25,346,19,327,9.186351706036746,2.6246719160104988,6.561679790026247,90.81364829396325,4.986876640419948,85.8267716535433
E00176429,331,68,34,34,263,19,244,20.54380664652568,10.27190332326284,10.27190332326284,79.45619335347432,5.740181268882175,73.71601208459214
E00176430,238,23,6,17,215,23,192,9.663865546218489,2.5210084033613445,7.142857142857142,90.33613445378151,9.663865546218489,80.67226890756302
E00176431,248,32,12,20,216,21,195,12.903225806451612,4.838709677419355,8.064516129032258,87.09677419354838,8.46774193548387,78.62903225806451
E00176432,159,22,8,14,137,13,124,13.836477987421384,5.031446540880504,8.80503144654088,86.16352201257862,8.176100628930817,77.9874213836478
E00176433,198,32,11,21,166,16,150,16.161616161616163,5.555555555555555,10.606060606060606,83.83838383838383,8.080808080808081,75.75757575757575
E00176434,337,47,17,30,290,18,272,13.94658753709199,5.044510385756676,8.902077151335313,86.05341246290801,5.341246290801187,80.71216617210682
E00176435,232,35,16,19,197,13,184,15.086206896551724,6.896551724137931,8.189655172413794,84.91379310344827,5.603448275862069,79.3103448275862
E00176436,344,55,18,37,289,35,254,15.988372093023257,5.232558139534884,10.755813953488373,84.01162790697676,10.174418604651162,73.83720930232558
E00176437,216,57,24,33,159,12,147,26.38888888888889,11.11111111111111,15.277777777777779,73.61111111111111,5.555555555555555,68.05555555555556
E00176438,140,18,6,12,122,9,113,12.857142857142856,4.285714285714286,8.571428571428571,87.14285714285714,6.428571428571428,80.71428571428572
E00176439,325,42,11,31,283,27,256,12.923076923076923,3.3846153846153846,9.538461538461538,87.07692307692308,8.307692307692308,78.76923076923077
E00176440,301,38,9,29,263,15,248,12.624584717607974,2.990033222591362,9.634551495016613,87.37541528239203,4.983388704318937,82.39202657807309
E00176442,196,25,13,12,171,14,157,12.755102040816327,6.63265306122449,6.122448979591836,87.24489795918367,7.142857142857142,80.10204081632652
E00176443,252,45,11,34,207,20,187,17.857142857142858,4.365079365079365,13.492063492063492,82.14285714285714,7.936507936507936,74.20634920634922
E00176445,418,53,16,37,365,32,333,12.679425837320574,3.827751196172249,8.851674641148326,87.32057416267942,7.655502392344498,79.66507177033493
E00176446,326,69,29,40,257,18,239,21.165644171779142,8.895705521472392,12.269938650306749,78.83435582822086,5.521472392638037,73.31288343558282
E00176447,240,64,33,31,176,16,160,26.666666666666668,13.750000000000002,12.916666666666668,73.33333333333333,6.666666666666667,66.66666666666666
E00176448,294,25,5,20,269,23,246,8.503401360544217,1.7006802721088436,6.802721088435375,91.49659863945578,7.8231292517006805,83.6734693877551
E00176449,200,37,11,26,163,18,145,18.5,5.5,13,81.5,9,72.5
E00176450,182,38,7,31,144,15,129,20.87912087912088,3.8461538461538463,17.032967032967033,79.12087912087912,8.241758241758241,70.87912087912088
E00176451,298,42,15,27,256,27,229,14.093959731543624,5.033557046979865,9.060402684563758,85.90604026845638,9.060402684563758,76.84563758389261
E00176452,345,41,13,28,304,38,266,11.884057971014492,3.768115942028986,8.115942028985506,88.1159420289855,11.014492753623188,77.10144927536233
E00176453,319,37,7,30,282,26,256,11.598746081504702,2.19435736677116,9.404388714733543,88.40125391849529,8.150470219435736,80.25078369905955
E00176454,397,70,22,48,327,31,296,17.632241813602015,5.541561712846348,12.090680100755668,82.36775818639799,7.8085642317380355,74.55919395465995
E00188018,1632,226,47,179,1406,123,1283,13.848039215686276,2.8799019607843137,10.968137254901961,86.15196078431373,7.536764705882352,78.61519607843137
E00188020,393,78,22,56,315,22,293,19.84732824427481,5.597964376590331,14.249363867684478,80.1526717557252,5.597964376590331,74.55470737913485
E00188022,356,17,7,10,339,21,318,4.775280898876404,1.9662921348314606,2.8089887640449436,95.2247191011236,5.8988764044943816,89.32584269662921
E00188024,302,47,17,30,255,21,234,15.562913907284766,5.629139072847682,9.933774834437086,84.43708609271523,6.95364238410596,77.48344370860927
E00188025,314,23,4,19,291,25,266,7.32484076433121,1.2738853503184715,6.050955414012739,92.67515923566879,7.961783439490445,84.71337579617835
E00188026,303,35,12,23,268,15,253,11.55115511551155,3.9603960396039604,7.590759075907591,88.44884488448845,4.9504950495049505,83.4983498349835
E00188030,441,79,40,39,362,33,329,17.913832199546487,9.070294784580499,8.843537414965986,82.08616780045351,7.482993197278912,74.60317460317461
E00188031,333,25,6,19,308,20,288,7.5075075075075075,1.8018018018018018,5.7057057057057055,92.49249249249249,6.006006006006006,86.48648648648648
E00188037,267,61,25,36,206,15,191,22.846441947565545,9.363295880149813,13.48314606741573,77.15355805243446,5.617977528089887,71.53558052434457
E00188042,177,26,5,21,151,17,134,14.689265536723164,2.824858757062147,11.864406779661017,85.31073446327684,9.6045197740113,75.70621468926554
E00188043,418,34,7,27,384,33,351,8.133971291866029,1.674641148325359,6.4593301435406705,91.86602870813397,7.894736842105263,83.97129186602871
E00188044,305,42,19,23,263,10,253,13.77049180327869,6.229508196721312,7.540983606557377,86.22950819672131,3.278688524590164,82.95081967213115
E00188046,212,55,18,37,157,25,132,25.943396226415093,8.49056603773585,17.452830188679243,74.05660377358491,11.79245283018868,62.264150943396224
E00188047,305,35,12,23,270,11,259,11.475409836065573,3.934426229508197,7.540983606557377,88.52459016393442,3.606557377049181,84.91803278688525
E00188048,434,60,17,43,374,27,347,13.82488479262673,3.9170506912442393,9.90783410138249,86.17511520737328,6.221198156682028,79.95391705069125
E00188049,258,27,10,17,231,11,220,10.465116279069768,3.875968992248062,6.5891472868217065,89.53488372093024,4.263565891472868,85.27131782945736
E00188050,234,44,13,31,190,14,176,18.803418803418804,5.555555555555555,13.247863247863249,81.19658119658119,5.982905982905983,75.21367521367522
E00188054,377,46,21,25,331,29,302,12.20159151193634,5.570291777188329,6.631299734748011,87.79840848806366,7.6923076923076925,80.10610079575596
E00188055,123,12,4,8,111,4,107,9.75609756097561,3.2520325203252036,6.504065040650407,90.2439024390244,3.2520325203252036,86.99186991869918
E00188056,350,51,18,33,299,19,280,14.571428571428571,5.142857142857142,9.428571428571429,85.42857142857143,5.428571428571429,80
E00188057,373,58,20,38,315,25,290,15.549597855227882,5.361930294906166,10.187667560321715,84.45040214477211,6.702412868632708,77.7479892761394
E00188058,386,35,11,24,351,28,323,9.067357512953368,2.849740932642487,6.217616580310881,90.93264248704664,7.253886010362693,83.67875647668393
E00188059,354,32,15,17,322,12,310,9.03954802259887,4.23728813559322,4.80225988700565,90.96045197740112,3.389830508474576,87.57062146892656
E00188060,333,30,6,24,303,21,282,9.00900900900901,1.8018018018018018,7.207207207207207,90.990990990991,6.306306306306306,84.68468468468468
E00188064,753,52,6,46,701,53,648,6.905710491367861,0.796812749003984,6.108897742363878,93.09428950863213,7.03851261620186,86.05577689243027
E00188066,244,30,10,20,214,13,201,12.295081967213115,4.098360655737705,8.19672131147541,87.70491803278688,5.327868852459016,82.37704918032787
E00188071,310,39,12,27,271,18,253,12.580645161290322,3.870967741935484,8.709677419354838,87.41935483870968,5.806451612903226,81.61290322580645
E00188072,318,42,12,30,276,16,260,13.20754716981132,3.7735849056603774,9.433962264150944,86.79245283018868,5.031446540880504,81.76100628930818
E00188073,346,25,7,18,321,20,301,7.225433526011561,2.023121387283237,5.202312138728324,92.77456647398844,5.780346820809249,86.9942196531792
E00188074,346,27,12,15,319,19,300,7.803468208092486,3.4682080924855487,4.335260115606936,92.1965317919075,5.491329479768786,86.70520231213872
E00188075,346,26,10,16,320,20,300,7.514450867052023,2.8901734104046244,4.624277456647398,92.48554913294798,5.780346820809249,86.70520231213872
E00188076,264,68,26,42,196,22,174,25.757575757575758,9.848484848484848,15.909090909090908,74.24242424242425,8.333333333333332,65.9090909090909
E00188077,382,57,15,42,325,22,303,14.921465968586386,3.926701570680628,10.99476439790576,85.07853403141361,5.7591623036649215,79.31937172774869
E00188078,268,36,9,27,232,9,223,13.432835820895523,3.3582089552238807,10.074626865671641,86.56716417910447,3.3582089552238807,83.2089552238806
E00188083,154,27,13,14,127,5,122,17.532467532467532,8.441558441558442,9.090909090909092,82.46753246753246,3.2467532467532463,79.22077922077922
E00188084,176,28,8,20,148,7,141,15.909090909090908,4.545454545454546,11.363636363636363,84.0909090909091,3.977272727272727,80.11363636363636
E00188085,255,24,9,15,231,22,209,9.411764705882353,3.5294117647058822,5.88235294117647,90.58823529411765,8.627450980392156,81.96078431372548
E00188086,375,65,15,50,310,22,288,17.333333333333336,4,13.333333333333334,82.66666666666667,5.866666666666666,76.8
E00188089,531,58,6,52,473,20,453,10.922787193973635,1.1299435028248588,9.792843691148775,89.07721280602637,3.766478342749529,85.31073446327684
E00188093,312,40,19,21,272,24,248,12.82051282051282,6.089743589743589,6.730769230769231,87.17948717948718,7.6923076923076925,79.48717948717949
E00188095,501,35,9,26,466,17,449,6.986027944111776,1.7964071856287425,5.189620758483033,93.01397205588823,3.3932135728542914,89.62075848303394
E00188098,297,34,6,28,263,15,248,11.447811447811448,2.0202020202020203,9.427609427609427,88.55218855218855,5.05050505050505,83.5016835016835
E00188100,369,23,4,19,346,23,323,6.233062330623306,1.084010840108401,5.149051490514905,93.76693766937669,6.233062330623306,87.53387533875339
E00188101,333,70,31,39,263,13,250,21.02102102102102,9.30930930930931,11.711711711711711,78.97897897897897,3.903903903903904,75.07507507507508
E00188102,238,43,12,31,195,15,180,18.067226890756302,5.042016806722689,13.025210084033615,81.9327731092437,6.302521008403361,75.63025210084034
E00188105,279,29,10,19,250,17,233,10.39426523297491,3.584229390681003,6.810035842293908,89.6057347670251,6.093189964157706,83.51254480286738
E00188107,323,43,17,26,280,27,253,13.312693498452013,5.263157894736842,8.04953560371517,86.687306501548,8.359133126934983,78.328173374613
E00188108,264,26,3,23,238,16,222,9.848484848484848,1.1363636363636365,8.712121212121213,90.15151515151516,6.0606060606060606,84.0909090909091
E00188110,276,41,12,29,235,21,214,14.855072463768115,4.3478260869565215,10.507246376811594,85.14492753623189,7.608695652173914,77.53623188405797
E00188111,245,35,8,27,210,12,198,14.285714285714285,3.2653061224489797,11.020408163265307,85.71428571428571,4.8979591836734695,80.81632653061224
E00188113,343,12,3,9,331,32,299,3.498542274052478,0.8746355685131195,2.623906705539359,96.50145772594753,9.329446064139942,87.17201166180757
E00188114,359,51,16,35,308,27,281,14.206128133704734,4.456824512534819,9.749303621169917,85.79387186629526,7.520891364902507,78.27298050139275
E00188120,421,43,19,24,378,23,355,10.21377672209026,4.513064133016627,5.7007125890736345,89.78622327790974,5.463182897862233,84.32304038004752
E00188121,231,43,12,31,188,12,176,18.614718614718615,5.194805194805195,13.41991341991342,81.38528138528139,5.194805194805195,76.19047619047619
E00188123,283,50,20,30,233,21,212,17.6678445229682,7.06713780918728,10.60070671378092,82.3321554770318,7.420494699646643,74.91166077738515
E00188128,295,37,16,21,258,25,233,12.54237288135593,5.423728813559322,7.118644067796611,87.45762711864407,8.47457627118644,78.98305084745762
E00188129,280,25,10,15,255,18,237,8.928571428571429,3.571428571428571,5.357142857142857,91.07142857142857,6.428571428571428,84.64285714285714
E00188131,363,54,24,30,309,24,285,14.87603305785124,6.6115702479338845,8.264462809917356,85.12396694214877,6.6115702479338845,78.51239669421489
E00188132,287,20,7,13,267,24,243,6.968641114982578,2.4390243902439024,4.529616724738676,93.03135888501743,8.362369337979095,84.66898954703834
E00188133,301,43,14,29,258,37,221,14.285714285714285,4.651162790697675,9.634551495016613,85.71428571428571,12.29235880398671,73.421926910299
E00188136,314,32,9,23,282,26,256,10.191082802547772,2.8662420382165608,7.32484076433121,89.80891719745223,8.280254777070063,81.52866242038218
E00188138,284,27,8,19,257,25,232,9.507042253521126,2.8169014084507045,6.690140845070422,90.49295774647888,8.80281690140845,81.69014084507043
E00188141,292,31,9,22,261,26,235,10.616438356164384,3.0821917808219177,7.534246575342466,89.38356164383562,8.904109589041095,80.47945205479452
E00188143,361,29,12,17,332,14,318,8.033240997229916,3.32409972299169,4.7091412742382275,91.96675900277008,3.8781163434903045,88.08864265927978
E00188144,331,44,15,29,287,22,265,13.293051359516618,4.531722054380665,8.761329305135952,86.70694864048339,6.646525679758309,80.06042296072508
E00188148,403,43,15,28,360,23,337,10.669975186104217,3.722084367245657,6.9478908188585615,89.33002481389578,5.707196029776675,83.62282878411911
E00188150,208,28,9,19,180,10,170,13.461538461538462,4.326923076923077,9.134615384615383,86.53846153846155,4.807692307692308,81.73076923076923
E00188152,359,43,14,29,316,9,307,11.977715877437326,3.8997214484679668,8.07799442896936,88.02228412256268,2.5069637883008355,85.51532033426183
E00188153,353,20,4,16,333,20,313,5.6657223796034,1.13314447592068,4.53257790368272,94.3342776203966,5.6657223796034,88.6685552407932
E00188156,327,46,17,29,281,26,255,14.067278287461773,5.198776758409786,8.868501529051988,85.93272171253822,7.951070336391437,77.98165137614679
E00188159,197,23,4,19,174,11,163,11.6751269035533,2.030456852791878,9.644670050761421,88.3248730964467,5.583756345177665,82.74111675126903
E00188160,346,50,18,32,296,23,273,14.450867052023122,5.202312138728324,9.248554913294797,85.54913294797689,6.6473988439306355,78.90173410404624
E00188162,301,54,18,36,247,15,232,17.940199335548172,5.980066445182724,11.960132890365449,82.05980066445183,4.983388704318937,77.0764119601329
E00188164,249,18,2,16,231,20,211,7.228915662650602,0.8032128514056224,6.425702811244979,92.7710843373494,8.032128514056225,84.73895582329317
E00188168,260,49,25,24,211,11,200,18.846153846153847,9.615384615384617,9.230769230769232,81.15384615384616,4.230769230769231,76.92307692307693
