OA,ts0380001,ts0380002,ts0380003,ts0380004,ts0380005,ts0380006,ts0380007,ts0380002_PCT,ts0380003_PCT,ts0380004_PCT,ts0380005_PCT,ts0380006_PCT,ts0380007_PCT
E00112295,257,26,9,17,231,31,200,10.116731517509727,3.501945525291829,6.614785992217899,89.88326848249028,12.062256809338521,77.82101167315176
E00112296,217,33,7,26,184,14,170,15.207373271889402,3.225806451612903,11.981566820276496,84.7926267281106,6.451612903225806,78.3410138248848
E00112297,343,36,11,25,307,34,273,10.495626822157435,3.206997084548105,7.288629737609329,89.50437317784257,9.912536443148689,79.59183673469387
E00112298,427,59,22,37,368,40,328,13.817330210772832,5.152224824355972,8.665105386416862,86.18266978922716,9.367681498829041,76.81498829039812
E00112299,263,22,7,15,241,18,223,8.365019011406844,2.6615969581749046,5.7034220532319395,91.63498098859316,6.844106463878327,84.79087452471484
E00112300,224,24,9,15,200,27,173,10.714285714285714,4.017857142857143,6.696428571428571,89.28571428571429,12.053571428571429,77.23214285714286
E00112301,281,28,6,22,253,32,221,9.9644128113879,2.135231316725979,7.829181494661921,90.0355871886121,11.387900355871885,78.64768683274022
E00112302,214,21,4,17,193,20,173,9.813084112149532,1.8691588785046727,7.943925233644859,90.18691588785047,9.345794392523365,80.8411214953271
E00112303,249,33,10,23,216,26,190,13.253012048192772,4.016064257028113,9.236947791164658,86.74698795180723,10.441767068273093,76.30522088353415
E00112304,234,31,9,22,203,17,186,13.247863247863249,3.8461538461538463,9.401709401709402,86.75213675213675,7.264957264957266,79.48717948717949
E00112305,196,35,11,24,161,20,141,17.857142857142858,5.612244897959184,12.244897959183673,82.14285714285714,10.204081632653061,71.93877551020408
E00112306,220,28,5,23,192,20,172,12.727272727272727,2.272727272727273,10.454545454545453,87.27272727272727,9.090909090909092,78.18181818181819
E00112307,237,21,4,17,216,22,194,8.860759493670885,1.6877637130801686,7.172995780590717,91.13924050632912,9.282700421940929,81.85654008438819
E00112308,225,22,8,14,203,20,183,9.777777777777779,3.5555555555555554,6.222222222222222,90.22222222222223,8.88888888888889,81.33333333333333
E00112309,140,39,23,16,101,9,92,27.857142857142858,16.428571428571427,11.428571428571429,72.14285714285714,6.428571428571428,65.71428571428571
E00112311,213,36,10,26,177,25,152,16.901408450704224,4.694835680751173,12.206572769953052,83.09859154929578,11.737089201877934,71.36150234741784
E00112312,221,25,10,15,196,21,175,11.312217194570136,4.524886877828054,6.787330316742081,88.68778280542986,9.502262443438914,79.18552036199095
E00112313,117,15,1,14,102,7,95,12.82051282051282,0.8547008547008548,11.965811965811966,87.17948717948718,5.982905982905983,81.19658119658119
E00112314,300,51,19,32,249,17,232,17,6.333333333333334,10.666666666666668,83,5.666666666666666,77.33333333333333
E00112315,279,19,4,15,260,19,241,6.810035842293908,1.4336917562724014,5.376344086021505,93.1899641577061,6.810035842293908,86.37992831541219
E00112316,250,40,12,28,210,16,194,16,4.8,11.200000000000001,84,6.4,77.60000000000001
E00112317,266,23,6,17,243,20,223,8.646616541353383,2.2556390977443606,6.390977443609022,91.35338345864662,7.518796992481203,83.83458646616542
E00112319,300,51,21,30,249,23,226,17,7.000000000000001,10,83,7.666666666666666,75.33333333333333
E00112320,293,31,11,20,262,30,232,10.580204778156997,3.754266211604096,6.825938566552901,89.419795221843,10.238907849829351,79.18088737201366
E00112321,263,34,10,24,229,21,208,12.927756653992395,3.802281368821293,9.125475285171103,87.07224334600761,7.984790874524715,79.08745247148289
E00112322,268,21,6,15,247,25,222,7.835820895522389,2.2388059701492535,5.597014925373134,92.16417910447761,9.328358208955224,82.83582089552239
E00112323,335,46,9,37,289,28,261,13.73134328358209,2.6865671641791042,11.044776119402986,86.26865671641791,8.358208955223882,77.91044776119404
E00112324,302,34,6,28,268,32,236,11.258278145695364,1.9867549668874174,9.271523178807946,88.74172185430463,10.596026490066226,78.1456953642384
E00112325,317,30,4,26,287,24,263,9.46372239747634,1.2618296529968454,8.201892744479496,90.53627760252367,7.570977917981073,82.96529968454259
E00112326,325,26,9,17,299,22,277,8,2.769230769230769,5.230769230769231,92,6.769230769230769,85.23076923076923
E00112327,280,40,7,33,240,17,223,14.285714285714285,2.5,11.785714285714285,85.71428571428571,6.071428571428571,79.64285714285714
E00112328,243,41,15,26,202,20,182,16.872427983539097,6.172839506172839,10.699588477366255,83.1275720164609,8.23045267489712,74.8971193415638
E00112329,293,33,8,25,260,19,241,11.262798634812286,2.7303754266211606,8.532423208191126,88.73720136518772,6.484641638225256,82.25255972696246
E00112330,311,38,8,30,273,28,245,12.218649517684888,2.572347266881029,9.646302250803858,87.78135048231512,9.003215434083602,78.77813504823152
E00112331,323,57,18,39,266,30,236,17.647058823529413,5.572755417956656,12.074303405572756,82.35294117647058,9.287925696594428,73.06501547987617
E00112332,284,43,14,29,241,21,220,15.140845070422534,4.929577464788732,10.211267605633804,84.85915492957746,7.394366197183098,77.46478873239437
E00112333,287,30,10,20,257,34,223,10.452961672473867,3.484320557491289,6.968641114982578,89.54703832752612,11.846689895470384,77.70034843205575
E00112334,293,53,10,43,240,23,217,18.088737201365188,3.4129692832764507,14.675767918088736,81.91126279863481,7.849829351535837,74.06143344709898
E00112335,211,37,18,19,174,16,158,17.535545023696685,8.530805687203792,9.004739336492891,82.46445497630332,7.5829383886255926,74.88151658767772
E00112336,251,71,35,36,180,14,166,28.286852589641438,13.94422310756972,14.342629482071715,71.71314741035857,5.577689243027888,66.13545816733067
E00112337,473,121,57,64,352,45,307,25.581395348837212,12.050739957716702,13.530655391120508,74.4186046511628,9.513742071881607,64.90486257928119
E00112338,310,63,23,40,247,21,226,20.32258064516129,7.419354838709677,12.903225806451612,79.6774193548387,6.774193548387098,72.90322580645162
E00112339,271,52,23,29,219,25,194,19.18819188191882,8.487084870848708,10.70110701107011,80.81180811808119,9.22509225092251,71.58671586715867
E00112340,258,43,15,28,215,17,198,16.666666666666664,5.813953488372093,10.852713178294573,83.33333333333334,6.5891472868217065,76.74418604651163
E00112341,287,32,12,20,255,26,229,11.149825783972126,4.181184668989547,6.968641114982578,88.85017421602788,9.059233449477352,79.79094076655052
E00112342,271,47,14,33,224,27,197,17.343173431734318,5.166051660516605,12.177121771217712,82.65682656826569,9.96309963099631,72.69372693726937
E00112343,288,47,22,25,241,23,218,16.319444444444446,7.638888888888889,8.680555555555555,83.68055555555556,7.986111111111111,75.69444444444444
E00112344,269,38,9,29,231,19,212,14.12639405204461,3.3457249070631967,10.780669144981413,85.87360594795538,7.063197026022305,78.81040892193309
E00112345,284,37,12,25,247,21,226,13.028169014084506,4.225352112676056,8.80281690140845,86.97183098591549,7.394366197183098,79.5774647887324
E00112346,313,50,19,31,263,27,236,15.974440894568689,6.070287539936102,9.904153354632587,84.02555910543131,8.626198083067091,75.39936102236422
E00112347,318,42,14,28,276,30,246,13.20754716981132,4.40251572327044,8.80503144654088,86.79245283018868,9.433962264150944,77.35849056603774
E00112348,294,31,8,23,263,18,245,10.54421768707483,2.7210884353741496,7.8231292517006805,89.45578231292517,6.122448979591836,83.33333333333334
E00112349,322,75,42,33,247,26,221,23.29192546583851,13.043478260869565,10.248447204968944,76.70807453416148,8.074534161490684,68.63354037267081
E00112350,291,41,10,31,250,31,219,14.0893470790378,3.436426116838488,10.652920962199312,85.91065292096219,10.652920962199312,75.25773195876289
E00112351,312,41,13,28,271,29,242,13.141025641025642,4.166666666666666,8.974358974358974,86.85897435897436,9.294871794871796,77.56410256410257
E00112352,360,36,8,28,324,22,302,10,2.2222222222222223,7.777777777777778,90,6.111111111111111,83.88888888888889
E00112353,259,32,8,24,227,24,203,12.355212355212355,3.088803088803089,9.266409266409266,87.64478764478764,9.266409266409266,78.37837837837837
E00112354,352,45,11,34,307,34,273,12.784090909090908,3.125,9.659090909090908,87.2159090909091,9.659090909090908,77.55681818181817
E00112355,321,33,12,21,288,36,252,10.2803738317757,3.7383177570093453,6.5420560747663545,89.7196261682243,11.214953271028037,78.50467289719626
E00112356,336,49,20,29,287,24,263,14.583333333333334,5.952380952380952,8.630952380952381,85.41666666666666,7.142857142857142,78.27380952380952
E00112357,361,37,10,27,324,33,291,10.249307479224377,2.7700831024930745,7.479224376731302,89.75069252077562,9.141274238227147,80.60941828254848
E00112358,338,31,9,22,307,37,270,9.171597633136095,2.6627218934911245,6.508875739644971,90.8284023668639,10.946745562130179,79.88165680473372
E00112359,288,29,9,20,259,18,241,10.069444444444445,3.125,6.944444444444445,89.93055555555556,6.25,83.68055555555556
E00112360,308,30,9,21,278,29,249,9.740259740259742,2.922077922077922,6.8181818181818175,90.25974025974025,9.415584415584416,80.84415584415584
E00112361,190,53,24,29,137,9,128,27.89473684210526,12.631578947368421,15.263157894736842,72.10526315789474,4.736842105263158,67.36842105263158
E00112362,279,48,19,29,231,27,204,17.20430107526882,6.810035842293908,10.39426523297491,82.79569892473118,9.67741935483871,73.11827956989248
E00112363,246,36,12,24,210,29,181,14.634146341463413,4.878048780487805,9.75609756097561,85.36585365853658,11.788617886178862,73.57723577235772
E00112364,364,41,14,27,323,34,289,11.263736263736265,3.8461538461538463,7.417582417582418,88.73626373626374,9.340659340659341,79.3956043956044
E00112365,288,26,7,19,262,35,227,9.027777777777777,2.430555555555556,6.597222222222222,90.97222222222221,12.152777777777777,78.81944444444444
E00112366,391,51,10,41,340,30,310,13.043478260869565,2.557544757033248,10.485933503836318,86.95652173913044,7.672634271099745,79.28388746803068
E00112367,279,32,12,20,247,26,221,11.469534050179211,4.301075268817205,7.168458781362006,88.5304659498208,9.31899641577061,79.21146953405018
E00112368,343,50,17,33,293,30,263,14.577259475218659,4.956268221574344,9.620991253644315,85.42274052478133,8.746355685131196,76.67638483965014
E00112369,289,27,6,21,262,25,237,9.342560553633218,2.0761245674740483,7.26643598615917,90.65743944636678,8.650519031141869,82.00692041522491
E00112370,336,47,9,38,289,38,251,13.988095238095239,2.6785714285714284,11.30952380952381,86.01190476190477,11.30952380952381,74.70238095238095
E00112371,330,40,21,19,290,32,258,12.121212121212121,6.363636363636363,5.757575757575758,87.87878787878788,9.696969696969697,78.18181818181819
E00112372,242,31,17,14,211,19,192,12.8099173553719,7.024793388429752,5.785123966942149,87.19008264462809,7.851239669421488,79.33884297520662
E00112373,308,38,11,27,270,28,242,12.337662337662337,3.571428571428571,8.766233766233766,87.66233766233766,9.090909090909092,78.57142857142857
E00112374,262,21,6,15,241,34,207,8.015267175572518,2.2900763358778624,5.7251908396946565,91.98473282442748,12.977099236641221,79.00763358778626
E00112375,154,13,2,11,141,22,119,8.441558441558442,1.2987012987012987,7.142857142857142,91.55844155844156,14.285714285714285,77.27272727272727
E00112376,267,32,13,19,235,23,212,11.985018726591761,4.868913857677903,7.116104868913857,88.01498127340824,8.614232209737828,79.40074906367042
E00112377,231,34,7,27,197,29,168,14.71861471861472,3.0303030303030303,11.688311688311687,85.28138528138528,12.554112554112553,72.72727272727273
E00112378,285,45,11,34,240,17,223,15.789473684210526,3.8596491228070176,11.929824561403509,84.21052631578947,5.964912280701754,78.24561403508771
E00112379,362,37,10,27,325,37,288,10.220994475138122,2.7624309392265194,7.458563535911603,89.77900552486187,10.220994475138122,79.55801104972376
E00112380,274,41,13,28,233,38,195,14.963503649635038,4.744525547445255,10.218978102189782,85.03649635036497,13.86861313868613,71.16788321167883
E00112381,236,44,16,28,192,19,173,18.64406779661017,6.779661016949152,11.864406779661017,81.35593220338984,8.050847457627118,73.30508474576271
E00112382,272,34,14,20,238,17,221,12.5,5.147058823529411,7.352941176470589,87.5,6.25,81.25
E00112383,343,43,14,29,300,34,266,12.536443148688047,4.081632653061225,8.454810495626822,87.46355685131195,9.912536443148689,77.55102040816327
E00112384,374,60,27,33,314,28,286,16.042780748663102,7.219251336898395,8.823529411764707,83.9572192513369,7.4866310160427805,76.47058823529412
E00112386,273,24,10,14,249,22,227,8.791208791208792,3.6630036630036633,5.128205128205128,91.20879120879121,8.058608058608058,83.15018315018315
E00112387,272,34,15,19,238,20,218,12.5,5.514705882352941,6.985294117647059,87.5,7.352941176470589,80.14705882352942
E00112388,228,25,7,18,203,22,181,10.964912280701753,3.070175438596491,7.894736842105263,89.03508771929825,9.649122807017543,79.3859649122807
E00112389,226,18,2,16,208,18,190,7.964601769911504,0.8849557522123894,7.079646017699115,92.03539823008849,7.964601769911504,84.070796460177
E00112390,252,25,6,19,227,20,207,9.920634920634921,2.380952380952381,7.5396825396825395,90.07936507936508,7.936507936507936,82.14285714285714
E00112391,232,23,7,16,209,25,184,9.913793103448276,3.0172413793103448,6.896551724137931,90.08620689655173,10.775862068965516,79.3103448275862
E00112392,342,39,9,30,303,31,272,11.403508771929824,2.631578947368421,8.771929824561402,88.59649122807018,9.064327485380117,79.53216374269006
E00112393,294,29,10,19,265,28,237,9.863945578231291,3.4013605442176873,6.462585034013606,90.1360544217687,9.523809523809524,80.61224489795919
E00112394,261,33,8,25,228,34,194,12.643678160919542,3.065134099616858,9.578544061302683,87.356321839080465,13.026819923371647,74.32950191570882
E00112395,321,27,6,21,294,32,262,8.411214953271028,1.8691588785046727,6.5420560747663545,91.58878504672897,9.968847352024921,81.61993769470405
E00112396,293,42,9,33,251,27,224,14.334470989761092,3.0716723549488054,11.262798634812286,85.6655290102389,9.215017064846416,76.45051194539249
E00112397,398,79,31,48,319,33,286,19.849246231155778,7.788944723618091,12.060301507537687,80.15075376884423,8.291457286432161,71.85929648241206
E00112398,270,30,5,25,240,22,218,11.11111111111111,1.8518518518518516,9.25925925925926,88.88888888888889,8.148148148148149,80.74074074074075
E00112399,275,44,11,33,231,33,198,16,4,12,84,12,72
E00112400,206,23,6,17,183,28,155,11.165048543689322,2.912621359223301,8.25242718446602,88.83495145631069,13.592233009708737,75.24271844660194
E00112401,274,48,8,40,226,27,199,17.51824817518248,2.9197080291970803,14.5985401459854,82.48175182481752,9.854014598540147,72.62773722627736
E00112402,254,43,12,31,211,23,188,16.92913385826772,4.724409448818897,12.204724409448819,83.07086614173228,9.05511811023622,74.01574803149606
E00112403,241,82,32,50,159,19,140,34.024896265560166,13.278008298755188,20.74688796680498,65.97510373443983,7.883817427385892,58.09128630705395
E00112404,221,38,4,34,183,22,161,17.194570135746606,1.809954751131222,15.384615384615385,82.80542986425338,9.95475113122172,72.85067873303167
E00112405,357,51,22,29,306,14,292,14.285714285714285,6.162464985994398,8.123249299719888,85.71428571428571,3.9215686274509802,81.79271708683473
E00112406,264,84,30,54,180,6,174,31.818181818181817,11.363636363636363,20.454545454545457,68.18181818181817,2.272727272727273,65.9090909090909
E00112407,289,93,38,55,196,17,179,32.17993079584775,13.148788927335639,19.031141868512112,67.82006920415225,5.88235294117647,61.93771626297578
E00112408,335,58,27,31,277,20,257,17.313432835820898,8.059701492537313,9.253731343283581,82.68656716417911,5.970149253731343,76.71641791044776
E00112409,291,43,13,30,248,24,224,14.776632302405499,4.4673539518900345,10.309278350515463,85.2233676975945,8.24742268041237,76.97594501718214
E00112410,376,63,28,35,313,18,295,16.75531914893617,7.446808510638298,9.308510638297872,83.24468085106383,4.787234042553192,78.45744680851064
E00112411,347,67,28,39,280,20,260,19.30835734870317,8.069164265129682,11.239193083573488,80.69164265129683,5.763688760806916,74.92795389048992
E00112412,390,74,23,51,316,17,299,18.974358974358974,5.897435897435897,13.076923076923078,81.02564102564102,4.358974358974359,76.66666666666667
E00112413,307,54,17,37,253,19,234,17.58957654723127,5.537459283387622,12.052117263843648,82.41042345276874,6.188925081433225,76.2214983713355
E00112414,504,82,36,46,422,31,391,16.26984126984127,7.142857142857142,9.126984126984127,83.73015873015873,6.15079365079365,77.57936507936508
E00112415,256,102,59,43,154,14,140,39.84375,23.046875,16.796875,60.15625,5.46875,54.6875
E00112417,289,63,23,40,226,19,207,21.79930795847751,7.958477508650519,13.84083044982699,78.20069204152249,6.5743944636678195,71.62629757785467
E00112418,264,53,24,29,211,14,197,20.075757575757574,9.090909090909092,10.984848484848484,79.92424242424242,5.303030303030303,74.62121212121212
E00112419,566,66,15,51,500,44,456,11.66077738515901,2.65017667844523,9.010600706713781,88.33922261484098,7.773851590106007,80.56537102473497
E00112420,311,43,11,32,268,27,241,13.826366559485532,3.536977491961415,10.289389067524116,86.17363344051448,8.681672025723474,77.491961414791
E00112423,369,59,21,38,310,21,289,15.989159891598916,5.691056910569105,10.29810298102981,84.01084010840108,5.691056910569105,78.31978319783198
E00112424,268,76,35,41,192,17,175,28.35820895522388,13.059701492537313,15.298507462686567,71.64179104477611,6.343283582089552,65.29850746268657
E00112425,346,30,12,18,316,37,279,8.670520231213873,3.4682080924855487,5.202312138728324,91.32947976878613,10.69364161849711,80.63583815028902
E00112427,190,21,2,19,169,16,153,11.052631578947368,1.0526315789473684,10,88.94736842105263,8.421052631578947,80.52631578947368
E00112428,206,32,10,22,174,21,153,15.53398058252427,4.854368932038835,10.679611650485436,84.46601941747572,10.194174757281553,74.27184466019418
E00112429,191,34,14,20,157,17,140,17.801047120418847,7.329842931937172,10.471204188481675,82.19895287958116,8.900523560209423,73.29842931937172
E00112430,212,15,3,12,197,17,180,7.0754716981132075,1.4150943396226416,5.660377358490567,92.9245283018868,8.018867924528301,84.90566037735849
E00112431,189,24,6,18,165,11,154,12.698412698412698,3.1746031746031744,9.523809523809524,87.3015873015873,5.82010582010582,81.48148148148148
E00112432,166,45,21,24,121,16,105,27.10843373493976,12.650602409638553,14.457831325301203,72.89156626506023,9.63855421686747,63.25301204819277
E00112433,321,71,31,40,250,16,234,22.118380062305295,9.657320872274143,12.461059190031152,77.88161993769471,4.984423676012461,72.89719626168224
E00112434,182,30,6,24,152,17,135,16.483516483516482,3.296703296703297,13.186813186813188,83.51648351648352,9.340659340659341,74.17582417582418
E00112435,335,51,11,40,284,23,261,15.223880597014924,3.2835820895522385,11.940298507462686,84.77611940298507,6.865671641791045,77.91044776119404
E00112436,161,58,28,30,103,12,91,36.024844720496894,17.391304347826086,18.633540372670808,63.975155279503106,7.453416149068323,56.52173913043478
E00112437,203,30,8,22,173,27,146,14.77832512315271,3.9408866995073892,10.83743842364532,85.22167487684729,13.30049261083744,71.92118226600985
E00112439,287,33,10,23,254,32,222,11.498257839721255,3.484320557491289,8.013937282229964,88.50174216027874,11.149825783972126,77.35191637630662
E00112440,227,25,10,15,202,19,183,11.013215859030836,4.405286343612335,6.607929515418502,88.98678414096916,8.370044052863436,80.61674008810573
E00112441,221,23,8,15,198,27,171,10.407239819004525,3.619909502262444,6.787330316742081,89.59276018099548,12.217194570135746,77.37556561085974
E00112442,180,20,10,10,160,20,140,11.11111111111111,5.555555555555555,5.555555555555555,88.88888888888889,11.11111111111111,77.77777777777779
E00112443,204,43,16,27,161,19,142,21.07843137254902,7.8431372549019605,13.23529411764706,78.92156862745098,9.313725490196079,69.6078431372549
E00112444,261,53,29,24,208,27,181,20.306513409961685,11.11111111111111,9.195402298850574,79.6934865900383,10.344827586206897,69.34865900383141
E00112445,162,31,8,23,131,7,124,19.1358024691358,4.938271604938271,14.19753086419753,80.8641975308642,4.320987654320987,76.5432098765432
E00112446,309,28,8,20,281,31,250,9.06148867313916,2.5889967637540456,6.472491909385113,90.93851132686083,10.032362459546926,80.90614886731392
E00112447,286,37,7,30,249,20,229,12.937062937062937,2.4475524475524475,10.48951048951049,87.06293706293707,6.993006993006993,80.06993006993007
E00112448,249,33,14,19,216,27,189,13.253012048192772,5.622489959839357,7.630522088353414,86.74698795180723,10.843373493975903,75.90361445783132
E00112449,289,32,12,20,257,22,235,11.072664359861593,4.1522491349480966,6.920415224913495,88.92733564013841,7.612456747404845,81.31487889273356
E00112450,363,42,14,28,321,29,292,11.570247933884298,3.8567493112947657,7.7134986225895315,88.42975206611571,7.988980716253444,80.44077134986226
E00112451,227,33,11,22,194,31,163,14.537444933920703,4.845814977973569,9.691629955947137,85.46255506607929,13.656387665198238,71.80616740088107
E00112452,248,63,12,51,185,21,164,25.403225806451612,4.838709677419355,20.56451612903226,74.59677419354838,8.46774193548387,66.12903225806451
E00112453,412,78,39,39,334,21,313,18.932038834951456,9.466019417475728,9.466019417475728,81.06796116504854,5.097087378640777,75.97087378640776
E00112454,278,36,11,25,242,28,214,12.949640287769784,3.9568345323741005,8.992805755395683,87.05035971223022,10.071942446043165,76.97841726618705
E00112455,350,37,3,34,313,35,278,10.571428571428571,0.8571428571428572,9.714285714285714,89.42857142857143,10,79.42857142857143
E00112456,273,37,11,26,236,19,217,13.553113553113553,4.029304029304029,9.523809523809524,86.44688644688645,6.95970695970696,79.48717948717949
E00112457,396,144,101,43,252,31,221,36.36363636363637,25.5050505050505,10.85858585858586,63.63636363636363,7.828282828282829,55.80808080808081
E00112458,260,35,10,25,225,29,196,13.461538461538462,3.8461538461538463,9.615384615384617,86.53846153846155,11.153846153846155,75.38461538461539
E00112459,235,37,11,26,198,23,175,15.74468085106383,4.680851063829787,11.063829787234042,84.25531914893617,9.787234042553191,74.46808510638297
E00112460,431,48,11,37,383,34,349,11.1368909512761,2.5522041763341066,8.584686774941995,88.8631090487239,7.888631090487238,80.97447795823666
E00112461,311,30,9,21,281,37,244,9.646302250803858,2.8938906752411575,6.752411575562702,90.35369774919614,11.89710610932476,78.45659163987139
E00112462,318,36,14,22,282,30,252,11.320754716981133,4.40251572327044,6.918238993710692,88.67924528301887,9.433962264150944,79.24528301886792
E00112463,330,50,20,30,280,31,249,15.151515151515152,6.0606060606060606,9.090909090909092,84.84848484848484,9.393939393939393,75.45454545454545
E00112464,337,59,18,41,278,20,258,17.50741839762611,5.341246290801187,12.166172106824925,82.49258160237389,5.934718100890208,76.55786350148368
E00112465,358,65,26,39,293,28,265,18.156424581005588,7.262569832402235,10.893854748603351,81.84357541899442,7.82122905027933,74.02234636871509
E00112466,277,58,26,32,219,22,197,20.938628158844764,9.386281588447654,11.552346570397113,79.06137184115524,7.9422382671480145,71.11913357400722
E00112467,342,52,21,31,290,17,273,15.204678362573098,6.140350877192982,9.064327485380117,84.7953216374269,4.970760233918129,79.82456140350878
E00112468,311,49,23,26,262,14,248,15.755627009646304,7.395498392282958,8.360128617363344,84.2443729903537,4.501607717041801,79.7427652733119
E00112469,322,67,32,35,255,15,240,20.80745341614907,9.937888198757763,10.869565217391305,79.19254658385093,4.658385093167702,74.53416149068323
E00112470,309,51,22,29,258,18,240,16.50485436893204,7.119741100323624,9.385113268608414,83.49514563106796,5.825242718446602,77.66990291262135
E00112471,239,67,36,31,172,13,159,28.03347280334728,15.062761506276152,12.97071129707113,71.96652719665272,5.439330543933055,66.52719665271967
E00112472,315,40,19,21,275,17,258,12.698412698412698,6.031746031746032,6.666666666666667,87.3015873015873,5.396825396825397,81.9047619047619
E00112473,302,51,22,29,251,22,229,16.887417218543046,7.28476821192053,9.602649006622517,83.11258278145695,7.28476821192053,75.82781456953643
E00112474,270,59,32,27,211,22,189,21.85185185185185,11.851851851851853,10,78.14814814814814,8.148148148148149,70
E00112475,378,54,22,32,324,23,301,14.285714285714285,5.82010582010582,8.465608465608465,85.71428571428571,6.084656084656085,79.62962962962963
E00112476,237,57,24,33,180,25,155,24.050632911392405,10.126582278481013,13.924050632911392,75.9493670886076,10.548523206751055,65.40084388185655
E00112477,270,62,19,43,208,33,175,22.962962962962962,7.037037037037037,15.925925925925927,77.03703703703704,12.222222222222221,64.81481481481481
E00112478,190,34,12,22,156,18,138,17.894736842105264,6.315789473684211,11.578947368421053,82.10526315789474,9.473684210526317,72.63157894736842
E00112479,364,69,21,48,295,20,275,18.956043956043956,5.769230769230769,13.186813186813188,81.04395604395604,5.4945054945054945,75.54945054945054
E00112480,297,45,18,27,252,26,226,15.151515151515152,6.0606060606060606,9.090909090909092,84.84848484848484,8.754208754208754,76.0942760942761
E00112481,211,52,26,26,159,9,150,24.644549763033176,12.322274881516588,12.322274881516588,75.35545023696683,4.265402843601896,71.09004739336493
E00112482,343,69,27,42,274,16,258,20.11661807580175,7.871720116618077,12.244897959183673,79.88338192419825,4.664723032069971,75.21865889212827
E00112483,204,40,17,23,164,11,153,19.607843137254903,8.333333333333332,11.27450980392157,80.3921568627451,5.392156862745098,75
E00112484,227,36,18,18,191,18,173,15.859030837004406,7.929515418502203,7.929515418502203,84.14096916299559,7.929515418502203,76.2114537444934
E00112485,210,35,9,26,175,19,156,16.666666666666664,4.285714285714286,12.380952380952381,83.33333333333334,9.047619047619047,74.28571428571429
E00112486,407,51,12,39,356,31,325,12.530712530712531,2.9484029484029484,9.582309582309582,87.46928746928747,7.616707616707617,79.85257985257985
E00112487,275,24,4,20,251,31,220,8.727272727272728,1.4545454545454546,7.2727272727272725,91.27272727272727,11.272727272727273,80
E00112488,490,53,14,39,437,52,385,10.816326530612246,2.857142857142857,7.959183673469387,89.18367346938776,10.612244897959183,78.57142857142857
E00112489,445,59,25,34,386,42,344,13.258426966292136,5.617977528089887,7.640449438202247,86.74157303370787,9.438202247191011,77.30337078651685
E00112490,267,70,34,36,197,26,171,26.217228464419474,12.734082397003746,13.48314606741573,73.78277153558052,9.737827715355806,64.04494382022472
E00112491,225,51,19,32,174,24,150,22.666666666666664,8.444444444444445,14.222222222222221,77.33333333333333,10.666666666666668,66.66666666666666
E00112492,198,21,3,18,177,22,155,10.606060606060606,1.5151515151515151,9.090909090909092,89.39393939393939,11.11111111111111,78.28282828282829
E00112493,305,26,8,18,279,38,241,8.524590163934425,2.622950819672131,5.901639344262295,91.47540983606557,12.459016393442624,79.01639344262294
E00112494,221,55,20,35,166,20,146,24.8868778280543,9.049773755656108,15.837104072398189,75.1131221719457,9.049773755656108,66.06334841628959
E00112495,212,42,10,32,170,25,145,19.81132075471698,4.716981132075472,15.09433962264151,80.18867924528303,11.79245283018868,68.39622641509435
E00112496,313,40,8,32,273,19,254,12.779552715654951,2.5559105431309903,10.223642172523961,87.22044728434504,6.070287539936102,81.15015974440894
E00112497,212,25,11,14,187,23,164,11.79245283018868,5.188679245283019,6.60377358490566,88.20754716981132,10.849056603773585,77.35849056603774
E00112498,261,38,7,31,223,26,197,14.559386973180077,2.681992337164751,11.877394636015326,85.44061302681992,9.961685823754788,75.47892720306514
E00112499,283,57,23,34,226,22,204,20.141342756183743,8.12720848056537,12.014134275618375,79.85865724381625,7.773851590106007,72.08480565371025
E00112500,404,74,9,65,330,37,293,18.316831683168317,2.2277227722772275,16.08910891089109,81.68316831683168,9.158415841584159,72.52475247524752
E00112501,204,49,15,34,155,21,134,24.019607843137255,7.352941176470589,16.666666666666664,75.98039215686273,10.294117647058822,65.68627450980392
E00112502,260,57,14,43,203,28,175,21.923076923076923,5.384615384615385,16.538461538461537,78.07692307692308,10.76923076923077,67.3076923076923
E00112503,261,31,3,28,230,30,200,11.877394636015326,1.1494252873563218,10.727969348659004,88.12260536398468,11.494252873563218,76.62835249042146
E00112504,540,71,25,46,469,31,438,13.148148148148147,4.62962962962963,8.518518518518519,86.85185185185185,5.7407407407407405,81.11111111111111
E00112505,589,111,32,79,478,53,425,18.845500848896435,5.432937181663837,13.412563667232597,81.15449915110356,8.998302207130731,72.15619694397284
E00112506,208,26,9,17,182,18,164,12.5,4.326923076923077,8.173076923076923,87.5,8.653846153846153,78.84615384615384
E00112507,228,22,3,19,206,18,188,9.649122807017543,1.3157894736842104,8.333333333333332,90.35087719298247,7.894736842105263,82.45614035087719
E00112508,222,26,8,18,196,21,175,11.711711711711711,3.6036036036036037,8.108108108108109,88.28828828828829,9.45945945945946,78.82882882882883
E00112509,241,30,5,25,211,22,189,12.448132780082988,2.0746887966804977,10.37344398340249,87.55186721991701,9.12863070539419,78.42323651452283
E00112510,223,45,23,22,178,13,165,20.179372197309416,10.31390134529148,9.865470852017937,79.82062780269058,5.829596412556054,73.99103139013454
E00112511,244,47,20,27,197,15,182,19.262295081967213,8.19672131147541,11.065573770491802,80.73770491803278,6.147540983606557,74.59016393442623
E00112512,215,39,20,19,176,22,154,18.13953488372093,9.30232558139535,8.837209302325581,81.86046511627907,10.232558139534884,71.62790697674419
E00112513,250,33,11,22,217,28,189,13.200000000000001,4.3999999999999995,8.799999999999999,86.8,11.200000000000001,75.6
E00112514,299,42,15,27,257,32,225,14.046822742474916,5.016722408026756,9.03010033444816,85.95317725752508,10.702341137123746,75.25083612040135
E00112516,263,29,8,21,234,25,209,11.02661596958175,3.041825095057034,7.984790874524715,88.97338403041825,9.505703422053232,79.46768060836501
E00112517,243,43,14,29,200,19,181,17.695473251028808,5.761316872427984,11.934156378600823,82.3045267489712,7.818930041152264,74.48559670781893
E00112518,316,59,28,31,257,31,226,18.670886075949365,8.860759493670885,9.81012658227848,81.32911392405063,9.81012658227848,71.51898734177216
E00112519,256,55,27,28,201,25,176,21.484375,10.546875,10.9375,78.515625,9.765625,68.75
E00112520,236,53,25,28,183,18,165,22.45762711864407,10.59322033898305,11.864406779661017,77.54237288135593,7.627118644067797,69.91525423728814
E00112521,274,32,12,20,242,22,220,11.678832116788321,4.37956204379562,7.2992700729927,88.32116788321169,8.02919708029197,80.2919708029197
E00112522,351,100,59,41,251,23,228,28.49002849002849,16.80911680911681,11.68091168091168,71.50997150997152,6.552706552706552,64.95726495726495
E00112523,200,31,8,23,169,17,152,15.5,4,11.5,84.5,8.5,76
E00112524,238,36,15,21,202,33,169,15.126050420168067,6.302521008403361,8.823529411764707,84.87394957983193,13.865546218487395,71.00840336134453
E00112525,241,30,9,21,211,17,194,12.448132780082988,3.7344398340248963,8.71369294605809,87.55186721991701,7.053941908713693,80.49792531120332
E00112526,277,41,7,34,236,29,207,14.801444043321299,2.527075812274368,12.274368231046932,85.1985559566787,10.469314079422382,74.72924187725631
E00112527,362,54,17,37,308,29,279,14.917127071823206,4.696132596685083,10.220994475138122,85.0828729281768,8.011049723756907,77.07182320441989
E00112528,248,46,22,24,202,23,179,18.548387096774192,8.870967741935484,9.67741935483871,81.45161290322581,9.274193548387096,72.17741935483872
E00112529,423,44,14,30,379,25,354,10.401891252955082,3.309692671394799,7.092198581560284,89.59810874704492,5.91016548463357,83.68794326241135
E00112530,266,40,12,28,226,31,195,15.037593984962406,4.511278195488721,10.526315789473683,84.9624060150376,11.654135338345863,73.30827067669173
E00112531,322,39,12,27,283,38,245,12.111801242236025,3.7267080745341614,8.385093167701864,87.88819875776397,11.801242236024844,76.08695652173914
E00112532,231,40,15,25,191,26,165,17.316017316017316,6.493506493506493,10.822510822510822,82.68398268398268,11.255411255411255,71.42857142857143
E00112533,306,32,3,29,274,28,246,10.457516339869281,0.9803921568627451,9.477124183006536,89.54248366013073,9.15032679738562,80.3921568627451
E00112534,300,40,13,27,260,28,232,13.333333333333334,4.333333333333334,9,86.66666666666667,9.333333333333334,77.33333333333333
E00112535,287,50,15,35,237,25,212,17.421602787456447,5.2264808362369335,12.195121951219512,82.57839721254355,8.710801393728223,73.86759581881533
E00112536,317,43,14,29,274,18,256,13.564668769716087,4.416403785488959,9.14826498422713,86.43533123028391,5.678233438485805,80.7570977917981
E00112537,285,42,18,24,243,18,225,14.736842105263156,6.315789473684211,8.421052631578947,85.26315789473684,6.315789473684211,78.94736842105263
E00112538,269,36,10,26,233,23,210,13.382899628252787,3.717472118959108,9.66542750929368,86.61710037174721,8.550185873605948,78.06691449814126
E00112539,301,43,10,33,258,28,230,14.285714285714285,3.322259136212625,10.96345514950166,85.71428571428571,9.30232558139535,76.41196013289037
E00112540,316,85,43,42,231,32,199,26.89873417721519,13.60759493670886,13.291139240506327,73.10126582278481,10.126582278481013,62.9746835443038
E00112541,392,49,21,28,343,38,305,12.5,5.357142857142857,7.142857142857142,87.5,9.693877551020408,77.8061224489796
E00112543,288,72,38,34,216,24,192,25,13.194444444444445,11.805555555555555,75,8.333333333333332,66.66666666666666
E00112544,302,76,33,43,226,20,206,25.165562913907287,10.927152317880795,14.23841059602649,74.83443708609272,6.622516556291391,68.21192052980133
E00112545,311,41,15,26,270,25,245,13.183279742765272,4.823151125401929,8.360128617363344,86.81672025723472,8.038585209003216,78.77813504823152
E00112546,373,120,78,42,253,18,235,32.171581769437,20.91152815013405,11.26005361930295,67.828418230563,4.825737265415549,63.00268096514745
E00112547,300,44,15,29,256,35,221,14.666666666666666,5,9.666666666666666,85.33333333333334,11.666666666666666,73.66666666666667
E00112548,320,59,18,41,261,19,242,18.4375,5.625,12.812499999999998,81.5625,5.9375,75.625
E00112549,284,60,23,37,224,25,199,21.12676056338028,8.098591549295776,13.028169014084506,78.87323943661971,8.80281690140845,70.07042253521126
E00112550,291,43,13,30,248,16,232,14.776632302405499,4.4673539518900345,10.309278350515463,85.2233676975945,5.498281786941581,79.72508591065292
E00112551,348,59,19,40,289,24,265,16.954022988505745,5.459770114942529,11.494252873563218,83.04597701149426,6.896551724137931,76.14942528735632
E00112552,175,65,30,35,110,12,98,37.142857142857146,17.142857142857142,20,62.857142857142854,6.857142857142858,56.00000000000001
E00112553,189,56,33,23,133,10,123,29.629629629629626,17.46031746031746,12.16931216931217,70.37037037037037,5.291005291005291,65.07936507936508
E00112554,243,26,7,19,217,25,192,10.699588477366255,2.880658436213992,7.818930041152264,89.30041152263375,10.2880658436214,79.01234567901234
E00112555,353,73,40,33,280,39,241,20.679886685552407,11.3314447592068,9.34844192634561,79.3201133144476,11.048158640226628,68.27195467422096
E00112556,188,54,19,35,134,8,126,28.723404255319153,10.106382978723403,18.617021276595743,71.27659574468085,4.25531914893617,67.02127659574468
E00112557,391,87,43,44,304,24,280,22.25063938618926,10.997442455242968,11.253196930946292,77.74936061381074,6.138107416879795,71.61125319693095
E00112558,486,77,28,49,409,34,375,15.843621399176955,5.761316872427984,10.08230452674897,84.15637860082305,6.995884773662551,77.1604938271605
E00112559,303,51,25,26,252,13,239,16.831683168316832,8.25082508250825,8.58085808580858,83.16831683168317,4.29042904290429,78.87788778877888
E00112560,315,64,25,39,251,26,225,20.317460317460316,7.936507936507936,12.380952380952381,79.68253968253968,8.253968253968253,71.42857142857143
E00112561,338,56,21,35,282,19,263,16.56804733727811,6.21301775147929,10.355029585798817,83.4319526627219,5.621301775147929,77.81065088757396
E00112562,399,69,27,42,330,34,296,17.293233082706767,6.7669172932330826,10.526315789473683,82.70676691729322,8.521303258145362,74.18546365914787
E00112563,377,92,48,44,285,23,262,24.40318302387268,12.73209549071618,11.671087533156498,75.59681697612733,6.10079575596817,69.49602122015915
E00112564,452,64,17,47,388,29,359,14.15929203539823,3.761061946902655,10.398230088495575,85.84070796460178,6.415929203539823,79.42477876106194
E00112565,312,64,18,46,248,35,213,20.51282051282051,5.769230769230769,14.743589743589745,79.48717948717949,11.217948717948719,68.26923076923077
E00112566,454,90,24,66,364,29,335,19.823788546255507,5.286343612334802,14.537444933920703,80.1762114537445,6.387665198237885,73.7885462555066
E00112567,350,63,21,42,287,31,256,18,6,12,82,8.857142857142856,73.14285714285714
E00112568,340,56,20,36,284,30,254,16.470588235294116,5.88235294117647,10.588235294117647,83.52941176470588,8.823529411764707,74.70588235294117
E00112570,227,86,52,34,141,4,137,37.88546255506608,22.90748898678414,14.977973568281937,62.11453744493392,1.762114537444934,60.352422907488986
E00112571,305,46,17,29,259,23,236,15.081967213114755,5.573770491803279,9.508196721311474,84.91803278688525,7.540983606557377,77.37704918032787
E00112572,372,66,24,42,306,40,266,17.741935483870968,6.451612903225806,11.29032258064516,82.25806451612904,10.75268817204301,71.50537634408603
E00112573,343,57,13,44,286,33,253,16.61807580174927,3.7900874635568513,12.82798833819242,83.38192419825073,9.620991253644315,73.76093294460642
E00112574,297,55,14,41,242,16,226,18.51851851851852,4.713804713804714,13.804713804713806,81.48148148148148,5.387205387205387,76.0942760942761
E00112575,186,24,10,14,162,24,138,12.903225806451612,5.376344086021505,7.526881720430108,87.09677419354838,12.903225806451612,74.19354838709677
E00112576,413,87,36,51,326,29,297,21.06537530266344,8.716707021791766,12.34866828087167,78.93462469733656,7.021791767554479,71.91283292978208
E00112577,322,54,27,27,268,18,250,16.77018633540373,8.385093167701864,8.385093167701864,83.22981366459628,5.590062111801243,77.63975155279503
E00112578,259,69,32,37,190,25,165,26.640926640926644,12.355212355212355,14.285714285714285,73.35907335907336,9.652509652509652,63.7065637065637
E00112579,309,54,35,19,255,28,227,17.475728155339805,11.326860841423949,6.148867313915858,82.52427184466019,9.06148867313916,73.46278317152104
E00112580,364,78,35,43,286,18,268,21.428571428571427,9.615384615384617,11.813186813186812,78.57142857142857,4.945054945054945,73.62637362637363
E00112581,363,89,40,49,274,16,258,24.517906336088156,11.019283746556475,13.498622589531681,75.48209366391184,4.40771349862259,71.07438016528926
E00112582,452,62,25,37,390,35,355,13.716814159292035,5.530973451327434,8.185840707964601,86.28318584070797,7.7433628318584065,78.53982300884957
E00112583,283,50,20,30,233,15,218,17.6678445229682,7.06713780918728,10.60070671378092,82.3321554770318,5.30035335689046,77.03180212014135
E00112584,418,64,14,50,354,29,325,15.311004784688995,3.349282296650718,11.961722488038278,84.688995215311,6.937799043062201,77.75119617224881
E00112585,260,39,14,25,221,12,209,15,5.384615384615385,9.615384615384617,85,4.615384615384616,80.38461538461539
E00112586,270,49,18,31,221,11,210,18.14814814814815,6.666666666666667,11.481481481481481,81.85185185185185,4.074074074074074,77.77777777777779
E00112587,284,57,23,34,227,15,212,20.070422535211268,8.098591549295776,11.971830985915492,79.92957746478874,5.28169014084507,74.64788732394366
E00112588,396,47,14,33,349,27,322,11.868686868686869,3.535353535353535,8.333333333333332,88.13131313131312,6.8181818181818175,81.31313131313132
E00112589,292,61,21,40,231,26,205,20.89041095890411,7.191780821917808,13.698630136986301,79.1095890410959,8.904109589041095,70.2054794520548
E00112590,279,40,17,23,239,21,218,14.336917562724013,6.093189964157706,8.24372759856631,85.66308243727599,7.526881720430108,78.13620071684588
E00112591,423,65,20,45,358,43,315,15.36643026004728,4.7281323877068555,10.638297872340425,84.63356973995272,10.16548463356974,74.46808510638297
E00112592,289,55,16,39,234,32,202,19.031141868512112,5.536332179930796,13.494809688581316,80.96885813148789,11.072664359861593,69.8961937716263
E00112593,439,45,13,32,394,29,365,10.250569476082005,2.9612756264236904,7.289293849658314,89.749430523918,6.605922551252847,83.14350797266515
E00112594,337,65,18,47,272,24,248,19.287833827893174,5.341246290801187,13.94658753709199,80.71216617210682,7.121661721068249,73.59050445103857
E00112596,292,50,15,35,242,15,227,17.123287671232877,5.136986301369863,11.986301369863012,82.87671232876713,5.136986301369863,77.73972602739725
E00112597,455,77,30,47,378,43,335,16.923076923076923,6.593406593406594,10.329670329670328,83.07692307692308,9.45054945054945,73.62637362637363
E00112598,265,62,29,33,203,16,187,23.39622641509434,10.943396226415095,12.452830188679245,76.60377358490567,6.037735849056604,70.56603773584905
E00112599,301,31,9,22,270,26,244,10.299003322259136,2.990033222591362,7.308970099667775,89.70099667774086,8.637873754152823,81.06312292358804
E00112600,226,32,9,23,194,23,171,14.15929203539823,3.982300884955752,10.176991150442479,85.84070796460178,10.176991150442479,75.66371681415929
E00112601,411,90,53,37,321,34,287,21.897810218978105,12.895377128953772,9.002433090024331,78.1021897810219,8.27250608272506,69.82968369829685
E00112602,301,56,26,30,245,9,236,18.6046511627907,8.637873754152823,9.966777408637874,81.3953488372093,2.990033222591362,78.40531561461795
E00112603,369,73,31,42,296,19,277,19.78319783197832,8.401084010840108,11.38211382113821,80.21680216802169,5.149051490514905,75.06775067750678
E00112604,347,53,20,33,294,20,274,15.273775216138327,5.763688760806916,9.510086455331413,84.72622478386167,5.763688760806916,78.96253602305475
E00112605,331,58,30,28,273,24,249,17.522658610271904,9.06344410876133,8.459214501510575,82.4773413897281,7.250755287009064,75.22658610271903
E00112606,488,81,39,42,407,34,373,16.598360655737704,7.991803278688526,8.60655737704918,83.40163934426229,6.967213114754098,76.4344262295082
E00112607,242,108,79,29,134,11,123,44.62809917355372,32.64462809917356,11.983471074380166,55.371900826446286,4.545454545454546,50.82644628099173
E00112608,378,69,33,36,309,12,297,18.253968253968253,8.73015873015873,9.523809523809524,81.74603174603175,3.1746031746031744,78.57142857142857
E00112609,321,63,26,37,258,15,243,19.626168224299064,8.09968847352025,11.526479750778815,80.37383177570094,4.672897196261682,75.70093457943925
E00112610,281,39,20,19,242,18,224,13.87900355871886,7.11743772241993,6.761565836298933,86.12099644128114,6.405693950177936,79.7153024911032
E00112611,329,49,25,24,280,18,262,14.893617021276595,7.598784194528875,7.29483282674772,85.1063829787234,5.47112462006079,79.63525835866263
E00112612,319,56,17,39,263,17,246,17.55485893416928,5.329153605015674,12.225705329153605,82.44514106583071,5.329153605015674,77.11598746081505
E00112613,245,36,16,20,209,15,194,14.69387755102041,6.530612244897959,8.16326530612245,85.3061224489796,6.122448979591836,79.18367346938776
E00112614,312,53,22,31,259,38,221,16.98717948717949,7.051282051282051,9.935897435897436,83.01282051282051,12.179487179487179,70.83333333333334
E00112615,276,46,12,34,230,24,206,16.666666666666664,4.3478260869565215,12.318840579710146,83.33333333333334,8.695652173913043,74.63768115942028
E00112616,442,79,34,45,363,27,336,17.873303167420815,7.6923076923076925,10.180995475113122,82.12669683257919,6.108597285067873,76.01809954751131
E00112617,226,46,18,28,180,27,153,20.353982300884958,7.964601769911504,12.389380530973451,79.64601769911505,11.946902654867257,67.69911504424779
E00112619,327,48,27,21,279,26,253,14.678899082568808,8.256880733944955,6.422018348623854,85.3211009174312,7.951070336391437,77.37003058103976
E00112620,283,34,11,23,249,21,228,12.014134275618375,3.8869257950530036,8.12720848056537,87.98586572438163,7.420494699646643,80.56537102473497
E00112621,327,52,7,45,275,21,254,15.902140672782874,2.1406727828746175,13.761467889908257,84.09785932721712,6.422018348623854,77.67584097859327
E00112622,308,44,24,20,264,15,249,14.285714285714285,7.792207792207792,6.493506493506493,85.71428571428571,4.870129870129871,80.84415584415584
E00112623,301,42,14,28,259,19,240,13.953488372093023,4.651162790697675,9.30232558139535,86.04651162790698,6.312292358803987,79.734219269103
E00112624,295,39,16,23,256,22,234,13.220338983050848,5.423728813559322,7.796610169491526,86.77966101694915,7.457627118644068,79.3220338983051
E00112625,243,56,25,31,187,16,171,23.045267489711936,10.2880658436214,12.757201646090536,76.95473251028807,6.584362139917696,70.37037037037037
E00112626,242,48,22,26,194,14,180,19.834710743801654,9.090909090909092,10.743801652892563,80.16528925619835,5.785123966942149,74.3801652892562
E00112627,344,59,20,39,285,21,264,17.151162790697676,5.813953488372093,11.337209302325581,82.84883720930233,6.104651162790697,76.74418604651163
E00112628,266,54,29,25,212,16,196,20.30075187969925,10.902255639097744,9.398496240601503,79.69924812030075,6.015037593984962,73.68421052631578
E00112629,302,79,35,44,223,20,203,26.158940397350992,11.589403973509933,14.56953642384106,73.84105960264901,6.622516556291391,67.21854304635761
E00112630,304,43,25,18,261,15,246,14.144736842105262,8.223684210526317,5.921052631578947,85.85526315789474,4.934210526315789,80.92105263157895
E00112631,302,46,16,30,256,29,227,15.2317880794702,5.298013245033113,9.933774834437086,84.76821192052981,9.602649006622517,75.16556291390728
E00112632,304,39,12,27,265,28,237,12.828947368421053,3.9473684210526314,8.881578947368421,87.17105263157895,9.210526315789473,77.96052631578947
E00112633,281,45,17,28,236,22,214,16.014234875444842,6.049822064056939,9.9644128113879,83.98576512455516,7.829181494661921,76.15658362989323
E00112634,328,56,21,35,272,29,243,17.073170731707318,6.402439024390244,10.670731707317072,82.92682926829268,8.841463414634147,74.08536585365853
E00112635,319,48,10,38,271,28,243,15.047021943573668,3.1347962382445136,11.912225705329153,84.95297805642633,8.77742946708464,76.17554858934169
E00112636,272,42,14,28,230,26,204,15.441176470588236,5.147058823529411,10.294117647058822,84.55882352941177,9.558823529411764,75
E00112637,363,56,26,30,307,27,280,15.426997245179063,7.162534435261708,8.264462809917356,84.57300275482093,7.43801652892562,77.13498622589532
E00112638,269,31,15,16,238,19,219,11.524163568773234,5.5762081784386615,5.947955390334572,88.47583643122677,7.063197026022305,81.41263940520446
E00112639,262,30,13,17,232,26,206,11.450381679389313,4.961832061068702,6.488549618320611,88.54961832061069,9.923664122137405,78.62595419847328
E00112640,311,39,17,22,272,20,252,12.540192926045016,5.466237942122187,7.07395498392283,87.45980707395499,6.430868167202572,81.02893890675242
E00112641,245,52,21,31,193,19,174,21.224489795918366,8.571428571428571,12.653061224489795,78.77551020408163,7.755102040816326,71.0204081632653
E00112642,226,41,12,29,185,20,165,18.141592920353983,5.3097345132743365,12.831858407079647,81.85840707964603,8.849557522123893,73.00884955752213
E00112643,332,39,13,26,293,27,266,11.74698795180723,3.91566265060241,7.83132530120482,88.25301204819277,8.132530120481928,80.12048192771084
E00112644,279,75,31,44,204,15,189,26.881720430107524,11.11111111111111,15.770609318996415,73.11827956989248,5.376344086021505,67.74193548387096
E00112645,307,43,13,30,264,31,233,14.006514657980457,4.234527687296417,9.77198697068404,85.99348534201955,10.097719869706841,75.8957654723127
E00112646,308,40,12,28,268,28,240,12.987012987012985,3.896103896103896,9.090909090909092,87.01298701298701,9.090909090909092,77.92207792207793
E00112647,260,33,11,22,227,25,202,12.692307692307692,4.230769230769231,8.461538461538462,87.3076923076923,9.615384615384617,77.6923076923077
E00112648,240,42,14,28,198,12,186,17.5,5.833333333333333,11.666666666666666,82.5,5,77.5
E00112649,326,47,16,31,279,31,248,14.417177914110429,4.9079754601226995,9.509202453987731,85.58282208588957,9.509202453987731,76.07361963190185
E00112650,420,50,20,30,370,35,335,11.904761904761903,4.761904761904762,7.142857142857142,88.09523809523809,8.333333333333332,79.76190476190477
E00112651,318,68,26,42,250,31,219,21.38364779874214,8.176100628930817,13.20754716981132,78.61635220125787,9.748427672955975,68.86792452830188
E00112652,431,47,19,28,384,31,353,10.904872389791183,4.408352668213457,6.496519721577726,89.0951276102088,7.192575406032482,81.90255220417633
E00112653,308,45,21,24,263,24,239,14.61038961038961,6.8181818181818175,7.792207792207792,85.3896103896104,7.792207792207792,77.59740259740259
E00112654,174,42,18,24,132,13,119,24.137931034482758,10.344827586206897,13.793103448275861,75.86206896551724,7.471264367816093,68.39080459770115
E00112655,292,30,1,29,262,25,237,10.273972602739725,0.3424657534246575,9.931506849315069,89.72602739726028,8.561643835616438,81.16438356164383
E00112656,270,32,10,22,238,28,210,11.851851851851853,3.7037037037037033,8.148148148148149,88.14814814814815,10.37037037037037,77.77777777777779
E00112657,264,35,14,21,229,38,191,13.257575757575758,5.303030303030303,7.954545454545454,86.74242424242425,14.393939393939394,72.34848484848484
E00112658,264,28,5,23,236,18,218,10.606060606060606,1.893939393939394,8.712121212121213,89.39393939393939,6.8181818181818175,82.57575757575758
E00112659,244,32,11,21,212,29,183,13.114754098360656,4.508196721311475,8.60655737704918,86.88524590163934,11.885245901639344,75
E00112660,281,55,27,28,226,19,207,19.572953736654807,9.608540925266903,9.9644128113879,80.42704626334519,6.761565836298933,73.66548042704626
E00112661,330,38,12,26,292,30,262,11.515151515151516,3.6363636363636362,7.878787878787878,88.48484848484848,9.090909090909092,79.39393939393939
E00112662,245,62,30,32,183,10,173,25.30612244897959,12.244897959183673,13.061224489795919,74.6938775510204,4.081632653061225,70.61224489795919
E00112663,222,62,18,44,160,16,144,27.927927927927925,8.108108108108109,19.81981981981982,72.07207207207207,7.207207207207207,64.86486486486487
E00112664,209,27,7,20,182,27,155,12.918660287081341,3.349282296650718,9.569377990430622,87.08133971291866,12.918660287081341,74.16267942583733
E00112665,304,35,12,23,269,26,243,11.513157894736842,3.9473684210526314,7.565789473684211,88.48684210526315,8.552631578947368,79.93421052631578
E00112666,241,47,14,33,194,15,179,19.502074688796682,5.809128630705394,13.692946058091287,80.49792531120332,6.224066390041494,74.27385892116183
E00112667,284,18,7,11,266,19,247,6.338028169014084,2.464788732394366,3.873239436619718,93.66197183098592,6.690140845070422,86.97183098591549
E00112668,310,32,8,24,278,25,253,10.32258064516129,2.5806451612903225,7.741935483870968,89.6774193548387,8.064516129032258,81.61290322580645
E00112669,270,40,14,26,230,22,208,14.814814814814813,5.185185185185185,9.62962962962963,85.18518518518519,8.148148148148149,77.03703703703704
E00112670,369,78,35,43,291,22,269,21.138211382113823,9.48509485094851,11.653116531165312,78.86178861788618,5.9620596205962055,72.89972899728997
E00112671,242,43,19,24,199,19,180,17.768595041322314,7.851239669421488,9.917355371900827,82.23140495867769,7.851239669421488,74.3801652892562
E00112672,212,36,10,26,176,29,147,16.9811320754717,4.716981132075472,12.264150943396226,83.01886792452831,13.679245283018867,69.33962264150944
E00112673,293,44,11,33,249,31,218,15.017064846416384,3.754266211604096,11.262798634812286,84.98293515358361,10.580204778156997,74.40273037542661
E00112674,206,46,20,26,160,20,140,22.330097087378643,9.70873786407767,12.62135922330097,77.66990291262135,9.70873786407767,67.96116504854369
E00112675,217,57,17,40,160,23,137,26.26728110599078,7.834101382488479,18.433179723502306,73.73271889400922,10.599078341013826,63.133640552995395
E00112676,240,39,13,26,201,32,169,16.25,5.416666666666667,10.833333333333334,83.75,13.333333333333334,70.41666666666667
E00112677,266,50,17,33,216,27,189,18.796992481203006,6.390977443609022,12.406015037593985,81.203007518797,10.150375939849624,71.05263157894737
E00112678,278,28,13,15,250,39,211,10.071942446043165,4.676258992805756,5.39568345323741,89.92805755395683,14.028776978417264,75.89928057553958
E00112679,228,23,6,17,205,24,181,10.087719298245613,2.631578947368421,7.456140350877193,89.91228070175438,10.526315789473683,79.3859649122807
E00112680,195,18,3,15,177,28,149,9.230769230769232,1.5384615384615385,7.6923076923076925,90.76923076923077,14.358974358974358,76.41025641025641
E00168905,313,40,17,23,273,17,256,12.779552715654951,5.431309904153355,7.348242811501597,87.22044728434504,5.431309904153355,81.78913738019169
E00168906,357,68,30,38,289,18,271,19.047619047619047,8.403361344537815,10.644257703081232,80.95238095238095,5.042016806722689,75.91036414565826
E00168907,244,50,22,28,194,19,175,20.491803278688526,9.01639344262295,11.475409836065573,79.50819672131148,7.786885245901639,71.72131147540983
E00168908,206,37,23,14,169,17,152,17.96116504854369,11.165048543689322,6.796116504854369,82.03883495145631,8.25242718446602,73.7864077669903
E00168909,125,18,5,13,107,9,98,14.399999999999999,4,10.4,85.6,7.199999999999999,78.4
E00168910,683,79,39,40,604,51,553,11.566617862371888,5.710102489019034,5.856515373352855,88.43338213762812,7.46705710102489,80.96632503660322
E00168911,205,67,44,23,138,13,125,32.6829268292683,21.463414634146343,11.219512195121952,67.31707317073172,6.341463414634147,60.97560975609756
E00168912,335,36,12,24,299,26,273,10.746268656716417,3.582089552238806,7.164179104477612,89.25373134328358,7.761194029850746,81.49253731343283
E00168913,238,47,14,33,191,21,170,19.747899159663866,5.88235294117647,13.865546218487395,80.25210084033614,8.823529411764707,71.42857142857143
E00168914,279,31,8,23,248,26,222,11.11111111111111,2.867383512544803,8.24372759856631,88.88888888888889,9.31899641577061,79.56989247311827
E00168916,288,65,40,25,223,12,211,22.569444444444446,13.88888888888889,8.680555555555555,77.43055555555556,4.166666666666666,73.26388888888889
E00168917,312,56,13,43,256,16,240,17.94871794871795,4.166666666666666,13.782051282051283,82.05128205128204,5.128205128205128,76.92307692307693
E00168918,181,16,0,16,165,23,142,8.83977900552486,0,8.83977900552486,91.16022099447514,12.70718232044199,78.45303867403315
E00168919,299,38,15,23,261,23,238,12.709030100334449,5.016722408026756,7.6923076923076925,87.29096989966555,7.6923076923076925,79.59866220735786
E00168920,337,45,13,32,292,19,273,13.353115727002967,3.857566765578635,9.495548961424333,86.64688427299704,5.637982195845697,81.00890207715133
E00168921,202,32,10,22,170,20,150,15.841584158415841,4.9504950495049505,10.891089108910892,84.15841584158416,9.900990099009901,74.25742574257426
E00168922,500,22,5,17,478,24,454,4.3999999999999995,1,3.4000000000000004,95.6,4.8,90.8
E00186361,217,22,7,15,195,16,179,10.138248847926267,3.225806451612903,6.912442396313365,89.86175115207374,7.373271889400922,82.48847926267281
E00186369,257,82,32,50,175,23,152,31.906614785992215,12.45136186770428,19.45525291828794,68.09338521400778,8.949416342412452,59.143968871595334
E00186385,223,36,17,19,187,10,177,16.143497757847534,7.623318385650224,8.520179372197308,83.85650224215246,4.484304932735426,79.37219730941703
E00186400,162,26,12,14,136,16,120,16.049382716049383,7.4074074074074066,8.641975308641975,83.9506172839506,9.876543209876543,74.07407407407408
E00186411,224,15,7,8,209,19,190,6.696428571428571,3.125,3.571428571428571,93.30357142857143,8.482142857142858,84.82142857142857
E00186421,291,16,2,14,275,23,252,5.498281786941581,0.6872852233676976,4.810996563573884,94.50171821305841,7.903780068728522,86.5979381443299
E00186427,567,70,24,46,497,26,471,12.345679012345679,4.232804232804233,8.112874779541446,87.65432098765432,4.5855379188712515,83.06878306878306
E00186439,288,28,10,18,260,20,240,9.722222222222223,3.4722222222222223,6.25,90.27777777777779,6.944444444444445,83.33333333333334
E00186443,141,16,5,11,125,10,115,11.347517730496454,3.546099290780142,7.801418439716312,88.65248226950354,7.092198581560284,81.56028368794325
E00186480,280,36,8,28,244,27,217,12.857142857142856,2.857142857142857,10,87.14285714285714,9.642857142857144,77.5
E00186481,296,31,9,22,265,15,250,10.472972972972974,3.040540540540541,7.4324324324324325,89.52702702702703,5.0675675675675675,84.45945945945947
E00186482,248,44,24,20,204,22,182,17.741935483870968,9.67741935483871,8.064516129032258,82.25806451612904,8.870967741935484,73.38709677419355
E00186484,519,85,25,60,434,44,390,16.377649325626205,4.8169556840077075,11.560693641618498,83.62235067437379,8.477842003853564,75.14450867052022
E00186500,441,62,10,52,379,33,346,14.058956916099774,2.2675736961451247,11.791383219954648,85.94104308390023,7.482993197278912,78.45804988662131
E00186502,212,30,12,18,182,25,157,14.150943396226415,5.660377358490567,8.49056603773585,85.84905660377359,11.79245283018868,74.05660377358491
