OA,ts0380001,ts0380002,ts0380003,ts0380004,ts0380005,ts0380006,ts0380007,ts0380002_PCT,ts0380003_PCT,ts0380004_PCT,ts0380005_PCT,ts0380006_PCT,ts0380007_PCT
E00078837,333,39,11,28,294,31,263,11.711711711711711,3.303303303303303,8.408408408408409,88.28828828828829,9.30930930930931,78.97897897897897
E00078838,366,39,13,26,327,31,296,10.655737704918032,3.551912568306011,7.103825136612022,89.34426229508196,8.469945355191257,80.87431693989072
E00078839,381,76,41,35,305,37,268,19.94750656167979,10.761154855643044,9.186351706036746,80.0524934383202,9.711286089238845,70.34120734908137
E00078840,190,30,10,20,160,23,137,15.789473684210526,5.263157894736842,10.526315789473683,84.21052631578947,12.105263157894736,72.10526315789474
E00078841,261,41,13,28,220,20,200,15.708812260536398,4.980842911877394,10.727969348659004,84.2911877394636,7.662835249042145,76.62835249042146
E00078842,447,57,15,42,390,35,355,12.751677852348994,3.3557046979865772,9.395973154362416,87.24832214765101,7.829977628635347,79.41834451901566
E00078843,443,72,29,43,371,39,332,16.252821670428894,6.5462753950338595,9.706546275395034,83.7471783295711,8.803611738148984,74.94356659142211
E00078844,360,52,14,38,308,27,281,14.444444444444443,3.888888888888889,10.555555555555555,85.55555555555556,7.5,78.05555555555556
E00078845,145,14,3,11,131,13,118,9.655172413793103,2.0689655172413794,7.586206896551724,90.3448275862069,8.96551724137931,81.37931034482759
E00078846,272,37,11,26,235,23,212,13.602941176470587,4.044117647058823,9.558823529411764,86.39705882352942,8.455882352941178,77.94117647058823
E00078847,314,35,12,23,279,19,260,11.146496815286625,3.821656050955414,7.32484076433121,88.85350318471338,6.050955414012739,82.80254777070064
E00078848,398,83,38,45,315,23,292,20.85427135678392,9.547738693467336,11.306532663316583,79.14572864321609,5.778894472361809,73.36683417085426
E00078849,164,75,43,32,89,10,79,45.73170731707317,26.21951219512195,19.51219512195122,54.268292682926834,6.097560975609756,48.170731707317074
E00078850,398,78,31,47,320,30,290,19.597989949748744,7.788944723618091,11.809045226130653,80.40201005025126,7.537688442211055,72.8643216080402
E00078851,343,47,22,25,296,29,267,13.702623906705538,6.41399416909621,7.288629737609329,86.29737609329446,8.454810495626822,77.84256559766763
E00078852,313,62,29,33,251,20,231,19.808306709265175,9.26517571884984,10.543130990415335,80.19169329073482,6.3897763578274756,73.80191693290735
E00078853,339,66,22,44,273,20,253,19.469026548672566,6.489675516224189,12.979351032448378,80.53097345132744,5.899705014749262,74.63126843657817
E00078854,285,51,25,26,234,16,218,17.894736842105264,8.771929824561402,9.12280701754386,82.10526315789474,5.614035087719298,76.49122807017544
E00078855,220,54,25,29,166,20,146,24.545454545454547,11.363636363636363,13.18181818181818,75.45454545454545,9.090909090909092,66.36363636363637
E00078856,407,64,24,40,343,18,325,15.724815724815725,5.896805896805897,9.828009828009828,84.27518427518427,4.422604422604422,79.85257985257985
E00078857,237,41,16,25,196,17,179,17.29957805907173,6.751054852320674,10.548523206751055,82.70042194092827,7.172995780590717,75.52742616033755
E00078858,444,83,39,44,361,18,343,18.693693693693696,8.783783783783784,9.90990990990991,81.30630630630631,4.054054054054054,77.25225225225225
E00078859,243,73,41,32,170,17,153,30.04115226337449,16.872427983539097,13.168724279835391,69.95884773662551,6.995884773662551,62.96296296296296
E00078860,242,49,16,33,193,18,175,20.24793388429752,6.6115702479338845,13.636363636363635,79.75206611570248,7.43801652892562,72.31404958677686
E00078861,295,72,24,48,223,12,211,24.40677966101695,8.135593220338983,16.271186440677965,75.59322033898304,4.067796610169491,71.52542372881356
E00078862,332,66,23,43,266,25,241,19.879518072289155,6.927710843373494,12.951807228915662,80.12048192771084,7.530120481927711,72.59036144578313
E00078863,274,54,23,31,220,19,201,19.708029197080293,8.394160583941606,11.313868613138686,80.2919708029197,6.934306569343065,73.35766423357664
E00078864,253,47,18,29,206,14,192,18.57707509881423,7.114624505928854,11.462450592885375,81.42292490118577,5.533596837944664,75.8893280632411
E00078865,344,61,22,39,283,18,265,17.732558139534884,6.395348837209303,11.337209302325581,82.26744186046511,5.232558139534884,77.03488372093024
E00078866,274,33,13,20,241,18,223,12.043795620437956,4.744525547445255,7.2992700729927,87.95620437956204,6.569343065693431,81.38686131386861
E00078867,388,63,24,39,325,23,302,16.237113402061855,6.185567010309279,10.051546391752577,83.76288659793815,5.927835051546391,77.83505154639175
E00078868,378,66,23,43,312,30,282,17.46031746031746,6.084656084656085,11.375661375661375,82.53968253968253,7.936507936507936,74.60317460317461
E00078869,424,77,36,41,347,17,330,18.160377358490564,8.49056603773585,9.669811320754718,81.83962264150944,4.009433962264151,77.83018867924528
E00078870,373,66,24,42,307,20,287,17.694369973190348,6.434316353887399,11.26005361930295,82.30563002680965,5.361930294906166,76.94369973190348
E00078871,303,58,25,33,245,26,219,19.141914191419144,8.25082508250825,10.891089108910892,80.85808580858085,8.58085808580858,72.27722772277228
E00078872,408,143,114,29,265,20,245,35.049019607843135,27.941176470588236,7.107843137254902,64.95098039215686,4.901960784313726,60.049019607843135
E00078873,502,88,36,52,414,31,383,17.52988047808765,7.171314741035857,10.358565737051793,82.47011952191235,6.175298804780876,76.29482071713147
E00078874,335,75,25,50,260,19,241,22.388059701492537,7.462686567164178,14.925373134328357,77.61194029850746,5.6716417910447765,71.94029850746269
E00078875,501,74,28,46,427,45,382,14.770459081836327,5.588822355289421,9.181636726546905,85.22954091816366,8.982035928143713,76.24750499001996
E00078876,338,94,46,48,244,16,228,27.810650887573964,13.609467455621301,14.201183431952662,72.18934911242604,4.733727810650888,67.45562130177515
E00078877,392,79,42,37,313,21,292,20.153061224489797,10.714285714285714,9.438775510204081,79.8469387755102,5.357142857142857,74.48979591836735
E00078878,326,56,27,29,270,13,257,17.177914110429448,8.282208588957054,8.895705521472392,82.82208588957054,3.9877300613496933,78.83435582822086
E00078879,301,64,27,37,237,19,218,21.262458471760798,8.970099667774086,12.29235880398671,78.7375415282392,6.312292358803987,72.42524916943522
E00078880,338,46,22,24,292,26,266,13.609467455621301,6.508875739644971,7.100591715976331,86.3905325443787,7.6923076923076925,78.69822485207101
E00078881,225,75,26,49,150,16,134,33.33333333333333,11.555555555555555,21.777777777777775,66.66666666666666,7.111111111111111,59.55555555555555
E00078882,305,55,17,38,250,14,236,18.0327868852459,5.573770491803279,12.459016393442624,81.9672131147541,4.590163934426229,77.37704918032787
E00078883,376,85,33,52,291,19,272,22.606382978723406,8.77659574468085,13.829787234042554,77.3936170212766,5.053191489361701,72.3404255319149
E00078884,358,47,12,35,311,23,288,13.128491620111731,3.35195530726257,9.776536312849162,86.87150837988827,6.424581005586592,80.44692737430168
E00078885,285,37,9,28,248,31,217,12.982456140350877,3.1578947368421053,9.824561403508772,87.01754385964912,10.87719298245614,76.14035087719299
E00078886,383,68,33,35,315,22,293,17.75456919060052,8.616187989556137,9.138381201044385,82.24543080939948,5.7441253263707575,76.50130548302873
E00078887,392,65,22,43,327,25,302,16.581632653061224,5.612244897959184,10.96938775510204,83.41836734693877,6.377551020408164,77.04081632653062
E00078888,289,48,12,36,241,22,219,16.608996539792386,4.1522491349480966,12.45674740484429,83.39100346020761,7.612456747404845,75.77854671280276
E00078889,544,61,29,32,483,21,462,11.213235294117647,5.330882352941177,5.88235294117647,88.78676470588235,3.860294117647059,84.92647058823529
E00078892,474,55,23,32,419,11,408,11.60337552742616,4.852320675105485,6.751054852320674,88.39662447257383,2.320675105485232,86.07594936708861
E00078893,508,57,24,33,451,27,424,11.220472440944881,4.724409448818897,6.496062992125983,88.77952755905511,5.31496062992126,83.46456692913385
E00078894,310,78,35,43,232,10,222,25.161290322580644,11.29032258064516,13.870967741935484,74.83870967741936,3.225806451612903,71.61290322580646
E00078896,624,55,27,28,569,13,556,8.814102564102564,4.326923076923077,4.487179487179487,91.18589743589743,2.083333333333333,89.1025641025641
E00078898,315,53,26,27,262,9,253,16.825396825396826,8.253968253968253,8.571428571428571,83.17460317460318,2.857142857142857,80.31746031746032
E00078899,548,59,27,32,489,17,472,10.766423357664232,4.927007299270073,5.839416058394161,89.23357664233576,3.102189781021898,86.13138686131386
E00078900,443,53,24,29,390,16,374,11.963882618510159,5.417607223476298,6.5462753950338595,88.036117381489845,3.611738148984198,84.42437923250564
E00078901,608,72,35,37,536,9,527,11.842105263157894,5.756578947368421,6.0855263157894735,88.1578947368421,1.4802631578947367,86.67763157894737
E00078902,618,70,33,37,548,14,534,11.326860841423949,5.339805825242718,5.9870550161812295,88.67313915857605,2.26537216828479,86.40776699029125
E00078903,520,58,23,35,462,6,456,11.153846153846155,4.423076923076923,6.730769230769231,88.84615384615384,1.153846153846154,87.6923076923077
E00078904,557,59,29,30,498,12,486,10.59245960502693,5.206463195691203,5.385996409335727,89.40754039497307,2.154398563734291,87.25314183123878
E00078905,507,54,31,23,453,10,443,10.650887573964498,6.11439842209073,4.536489151873767,89.3491124260355,1.9723865877712032,87.3767258382643
E00078906,401,53,31,22,348,9,339,13.216957605985039,7.73067331670823,5.486284289276807,86.78304239401497,2.2443890274314215,84.53865336658353
E00078907,532,48,22,26,484,9,475,9.022556390977442,4.135338345864661,4.887218045112782,90.97744360902256,1.6917293233082706,89.28571428571429
E00078909,518,66,34,32,452,28,424,12.741312741312742,6.563706563706563,6.177606177606178,87.25868725868726,5.405405405405405,81.85328185328186
E00078910,477,36,16,20,441,8,433,7.547169811320755,3.3542976939203357,4.1928721174004195,92.45283018867924,1.6771488469601679,90.77568134171908
E00078911,620,88,39,49,532,14,518,14.193548387096774,6.290322580645161,7.903225806451612,85.80645161290322,2.258064516129032,83.54838709677419
E00078912,417,49,30,19,368,11,357,11.750599520383693,7.1942446043165464,4.556354916067146,88.2494004796163,2.6378896882494005,85.61151079136691
E00078913,372,56,16,40,316,8,308,15.053763440860216,4.301075268817205,10.75268817204301,84.94623655913979,2.1505376344086025,82.79569892473118
E00078914,364,39,20,19,325,9,316,10.714285714285714,5.4945054945054945,5.21978021978022,89.28571428571429,2.4725274725274726,86.81318681318682
E00078915,399,75,32,43,324,17,307,18.796992481203006,8.020050125313283,10.776942355889723,81.203007518797,4.260651629072681,76.94235588972431
E00078916,429,69,31,38,360,14,346,16.083916083916083,7.226107226107226,8.857808857808857,83.91608391608392,3.263403263403263,80.65268065268066
E00078917,408,69,35,34,339,11,328,16.911764705882355,8.57843137254902,8.333333333333332,83.08823529411765,2.696078431372549,80.3921568627451
E00078918,388,95,46,49,293,23,270,24.484536082474225,11.855670103092782,12.628865979381443,75.51546391752578,5.927835051546391,69.58762886597938
E00078919,556,88,37,51,468,26,442,15.827338129496402,6.654676258992806,9.172661870503598,84.17266187050359,4.676258992805756,79.49640287769785
E00078920,295,43,21,22,252,17,235,14.576271186440678,7.118644067796611,7.457627118644068,85.42372881355932,5.762711864406779,79.66101694915254
E00078921,321,55,28,27,266,9,257,17.133956386292834,8.722741433021806,8.411214953271028,82.86604361370716,2.803738317757009,80.06230529595015
E00078922,255,78,44,34,177,21,156,30.58823529411765,17.254901960784313,13.333333333333334,69.41176470588235,8.235294117647058,61.1764705882353
E00078923,324,44,17,27,280,10,270,13.580246913580247,5.246913580246913,8.333333333333332,86.41975308641975,3.0864197530864197,83.33333333333334
E00078924,357,44,21,23,313,10,303,12.324929971988796,5.88235294117647,6.442577030812324,87.6750700280112,2.801120448179272,84.87394957983193
E00078925,304,63,25,38,241,16,225,20.723684210526315,8.223684210526317,12.5,79.27631578947368,5.263157894736842,74.01315789473685
E00078926,272,42,15,27,230,15,215,15.441176470588236,5.514705882352941,9.926470588235293,84.55882352941177,5.514705882352941,79.04411764705883
E00078927,361,63,32,31,298,18,280,17.451523545706372,8.86426592797784,8.587257617728532,82.54847645429363,4.986149584487535,77.5623268698061
E00078928,347,55,20,35,292,15,277,15.85014409221902,5.763688760806916,10.086455331412104,84.14985590778097,4.322766570605188,79.82708933717579
E00078929,502,90,38,52,412,27,385,17.928286852589643,7.569721115537849,10.358565737051793,82.07171314741036,5.378486055776892,76.69322709163346
E00078930,494,77,32,45,417,18,399,15.587044534412955,6.477732793522267,9.109311740890687,84.41295546558705,3.643724696356275,80.76923076923077
E00078931,275,70,31,39,205,15,190,25.454545454545453,11.272727272727273,14.181818181818182,74.54545454545455,5.454545454545454,69.0909090909091
E00078932,379,49,22,27,330,13,317,12.928759894459102,5.804749340369393,7.12401055408971,87.0712401055409,3.430079155672823,83.64116094986808
E00078933,379,61,31,30,318,8,310,16.094986807387862,8.179419525065963,7.9155672823219,83.90501319261213,2.1108179419525066,81.79419525065963
E00078934,368,79,37,42,289,28,261,21.467391304347828,10.054347826086957,11.41304347826087,78.53260869565217,7.608695652173914,70.92391304347827
E00078935,378,69,23,46,309,14,295,18.253968253968253,6.084656084656085,12.16931216931217,81.74603174603175,3.7037037037037033,78.04232804232805
E00078936,344,57,26,31,287,19,268,16.569767441860463,7.55813953488372,9.011627906976743,83.43023255813954,5.523255813953488,77.90697674418605
E00078937,335,56,25,31,279,16,263,16.716417910447763,7.462686567164178,9.253731343283581,83.28358208955224,4.776119402985075,78.50746268656717
E00078938,445,52,18,34,393,26,367,11.685393258426966,4.044943820224719,7.640449438202247,88.31460674157303,5.842696629213483,82.47191011235955
E00078939,409,73,31,42,336,27,309,17.84841075794621,7.579462102689487,10.268948655256724,82.15158924205379,6.601466992665037,75.55012224938875
E00078940,323,50,22,28,273,18,255,15.479876160990713,6.811145510835913,8.6687306501548,84.52012383900929,5.572755417956656,78.94736842105263
E00078941,382,49,20,29,333,11,322,12.827225130890053,5.2356020942408374,7.591623036649215,87.17277486910994,2.8795811518324608,84.29319371727748
E00078942,354,81,40,41,273,16,257,22.88135593220339,11.299435028248588,11.581920903954803,77.11864406779661,4.519774011299435,72.59887005649718
E00078943,261,66,36,30,195,9,186,25.287356321839084,13.793103448275861,11.494252873563218,74.71264367816092,3.4482758620689653,71.26436781609196
E00078944,446,65,24,41,381,26,355,14.573991031390134,5.381165919282512,9.192825112107624,85.42600896860986,5.829596412556054,79.5964125560538
E00078945,388,51,14,37,337,12,325,13.144329896907218,3.608247422680412,9.536082474226804,86.85567010309279,3.0927835051546393,83.76288659793815
E00078946,418,62,26,36,356,13,343,14.832535885167463,6.220095693779904,8.61244019138756,85.16746411483254,3.110047846889952,82.05741626794259
E00078948,322,67,30,37,255,14,241,20.80745341614907,9.316770186335404,11.490683229813664,79.19254658385093,4.3478260869565215,74.84472049689441
E00078949,431,57,21,36,374,27,347,13.225058004640372,4.872389791183294,8.352668213457076,86.77494199535964,6.2645011600928076,80.51044083526682
E00078950,499,62,30,32,437,27,410,12.424849699398797,6.012024048096192,6.4128256513026045,87.5751503006012,5.410821643286573,82.16432865731463
E00078951,351,71,30,41,280,13,267,20.22792022792023,8.547008547008547,11.68091168091168,79.77207977207978,3.7037037037037033,76.06837606837607
E00078952,465,50,28,22,415,18,397,10.75268817204301,6.021505376344086,4.731182795698925,89.24731182795699,3.870967741935484,85.3763440860215
E00078953,322,59,30,29,263,8,255,18.32298136645963,9.316770186335404,9.006211180124224,81.67701863354037,2.484472049689441,79.19254658385093
E00078954,447,70,34,36,377,14,363,15.659955257270694,7.606263982102908,8.053691275167784,84.3400447427293,3.131991051454139,81.20805369127517
E00078955,393,70,42,28,323,6,317,17.8117048346056,10.687022900763358,7.124681933842239,82.1882951653944,1.5267175572519083,80.6615776081425
E00078956,389,50,23,27,339,12,327,12.853470437017995,5.912596401028278,6.940874035989718,87.146529562982,3.0848329048843186,84.06169665809769
E00078957,594,79,38,41,515,27,488,13.299663299663301,6.397306397306397,6.902356902356903,86.7003367003367,4.545454545454546,82.15488215488216
E00078958,464,58,23,35,406,18,388,12.5,4.956896551724138,7.543103448275862,87.5,3.8793103448275863,83.62068965517241
E00078959,397,41,24,17,356,21,335,10.327455919395465,6.045340050377834,4.282115869017632,89.67254408060454,5.289672544080604,84.38287153652394
E00078960,427,64,31,33,363,19,344,14.988290398126464,7.259953161592506,7.728337236533958,85.01170960187353,4.449648711943794,80.56206088992974
E00078961,482,61,28,33,421,16,405,12.655601659751037,5.809128630705394,6.846473029045644,87.34439834024896,3.319502074688797,84.02489626556017
E00078962,358,77,40,37,281,19,262,21.508379888268156,11.1731843575419,10.335195530726256,78.49162011173185,5.307262569832402,73.18435754189943
E00078963,394,104,64,40,290,12,278,26.39593908629442,16.243654822335024,10.152284263959391,73.60406091370558,3.0456852791878175,70.55837563451777
E00078964,362,53,28,25,309,6,303,14.64088397790055,7.734806629834254,6.906077348066299,85.35911602209944,1.6574585635359116,83.70165745856355
E00078965,365,66,26,40,299,30,269,18.08219178082192,7.123287671232877,10.95890410958904,81.91780821917808,8.21917808219178,73.6986301369863
E00078967,209,47,24,23,162,15,147,22.48803827751196,11.483253588516746,11.004784688995215,77.51196172248804,7.177033492822966,70.33492822966507
E00078968,404,45,17,28,359,12,347,11.138613861386139,4.207920792079208,6.9306930693069315,88.86138613861387,2.9702970297029703,85.89108910891089
E00078969,425,119,57,62,306,18,288,28.000000000000004,13.411764705882353,14.588235294117647,72,4.235294117647059,67.76470588235294
E00078970,358,57,24,33,301,13,288,15.921787709497206,6.70391061452514,9.217877094972067,84.07821229050279,3.6312849162011176,80.44692737430168
E00078971,192,30,13,17,162,15,147,15.625,6.770833333333333,8.854166666666668,84.375,7.8125,76.5625
E00078972,377,67,24,43,310,27,283,17.771883289124666,6.36604774535809,11.405835543766578,82.22811671087533,7.161803713527852,75.06631299734748
E00078974,338,85,46,39,253,14,239,25.14792899408284,13.609467455621301,11.538461538461538,74.85207100591717,4.142011834319527,70.71005917159763
E00078975,191,49,22,27,142,14,128,25.654450261780106,11.518324607329843,14.136125654450263,74.3455497382199,7.329842931937172,67.01570680628272
E00078976,275,49,11,38,226,34,192,17.81818181818182,4,13.818181818181818,82.18181818181817,12.363636363636363,69.81818181818183
E00078977,355,32,10,22,323,35,288,9.014084507042254,2.8169014084507045,6.197183098591549,90.98591549295774,9.859154929577464,81.12676056338029
E00078978,232,67,30,37,165,22,143,28.879310344827587,12.931034482758621,15.948275862068966,71.12068965517241,9.482758620689655,61.63793103448276
E00078979,494,55,21,34,439,36,403,11.133603238866396,4.251012145748987,6.882591093117409,88.8663967611336,7.28744939271255,81.57894736842105
E00078980,238,59,27,32,179,29,150,24.789915966386555,11.344537815126051,13.445378151260504,75.21008403361344,12.184873949579831,63.02521008403361
E00078981,317,47,20,27,270,27,243,14.826498422712934,6.309148264984227,8.517350157728707,85.17350157728707,8.517350157728707,76.65615141955836
E00078982,525,106,48,58,419,35,384,20.19047619047619,9.142857142857142,11.047619047619047,79.80952380952381,6.666666666666667,73.14285714285714
E00078983,430,87,40,47,343,28,315,20.232558139534884,9.30232558139535,10.930232558139535,79.76744186046511,6.511627906976744,73.25581395348837
E00078984,370,90,35,55,280,24,256,24.324324324324326,9.45945945945946,14.864864864864865,75.67567567567568,6.486486486486487,69.1891891891892
E00078985,355,61,23,38,294,22,272,17.183098591549296,6.478873239436619,10.704225352112676,82.8169014084507,6.197183098591549,76.61971830985915
E00078987,506,90,29,61,416,39,377,17.786561264822133,5.7312252964426875,12.055335968379447,82.21343873517787,7.707509881422925,74.50592885375494
E00078988,389,70,32,38,319,27,292,17.994858611825194,8.226221079691516,9.768637532133676,82.0051413881748,6.940874035989718,75.06426735218508
E00078989,276,62,20,42,214,17,197,22.463768115942027,7.246376811594203,15.217391304347828,77.53623188405797,6.159420289855073,71.37681159420289
E00078990,433,62,18,44,371,35,336,14.318706697459586,4.157043879907621,10.161662817551962,85.68129330254041,8.083140877598153,77.59815242494227
E00078991,454,62,20,42,392,35,357,13.656387665198238,4.405286343612335,9.251101321585903,86.34361233480176,7.709251101321586,78.63436123348018
E00078992,282,42,13,29,240,24,216,14.893617021276595,4.609929078014184,10.28368794326241,85.1063829787234,8.51063829787234,76.59574468085107
E00078993,434,118,59,59,316,22,294,27.188940092165897,13.594470046082948,13.594470046082948,72.81105990783409,5.0691244239631335,67.74193548387096
E00078994,252,47,23,24,205,21,184,18.650793650793652,9.126984126984127,9.523809523809524,81.34920634920636,8.333333333333332,73.01587301587301
E00078995,198,51,29,22,147,3,144,25.757575757575758,14.646464646464647,11.11111111111111,74.24242424242425,1.5151515151515151,72.72727272727273
E00078996,308,46,20,26,262,15,247,14.935064935064934,6.493506493506493,8.441558441558442,85.06493506493507,4.870129870129871,80.1948051948052
E00078997,358,44,13,31,314,17,297,12.290502793296088,3.6312849162011176,8.659217877094973,87.70949720670392,4.748603351955307,82.9608938547486
E00078998,347,53,17,36,294,31,263,15.273775216138327,4.899135446685879,10.37463976945245,84.72622478386167,8.93371757925072,75.79250720461094
E00078999,591,76,29,47,515,33,482,12.859560067681894,4.906937394247039,7.952622673434856,87.1404399323181,5.583756345177665,81.55668358714044
E00079000,421,78,37,41,343,21,322,18.52731591448931,8.788598574821853,9.73871733966746,81.47268408551069,4.98812351543943,76.48456057007125
E00079001,344,43,17,26,301,23,278,12.5,4.941860465116279,7.55813953488372,87.5,6.686046511627906,80.81395348837209
E00079003,238,32,17,15,206,21,185,13.445378151260504,7.142857142857142,6.302521008403361,86.5546218487395,8.823529411764707,77.73109243697479
E00079004,358,62,21,41,296,21,275,17.318435754189945,5.865921787709497,11.452513966480447,82.68156424581005,5.865921787709497,76.81564245810057
E00079005,281,57,28,29,224,12,212,20.284697508896798,9.9644128113879,10.320284697508896,79.7153024911032,4.270462633451958,75.44483985765125
E00079006,365,50,21,29,315,19,296,13.698630136986301,5.7534246575342465,7.9452054794520555,86.3013698630137,5.205479452054795,81.0958904109589
E00079007,276,40,19,21,236,22,214,14.492753623188406,6.884057971014493,7.608695652173914,85.5072463768116,7.971014492753622,77.53623188405797
E00079008,218,20,4,16,198,14,184,9.174311926605505,1.834862385321101,7.339449541284404,90.82568807339449,6.422018348623854,84.40366972477065
E00079009,223,44,21,23,179,11,168,19.730941704035875,9.417040358744394,10.31390134529148,80.26905829596413,4.932735426008969,75.33632286995515
E00079010,248,23,6,17,225,16,209,9.274193548387096,2.4193548387096775,6.854838709677419,90.7258064516129,6.451612903225806,84.2741935483871
E00079011,276,43,15,28,233,18,215,15.579710144927535,5.434782608695652,10.144927536231885,84.42028985507247,6.521739130434782,77.89855072463769
E00079012,260,43,16,27,217,19,198,16.538461538461537,6.153846153846154,10.384615384615385,83.46153846153847,7.307692307692308,76.15384615384615
E00079013,544,75,33,42,469,36,433,13.786764705882353,6.0661764705882355,7.720588235294118,86.21323529411765,6.61764705882353,79.59558823529412
E00079014,293,52,23,29,241,21,220,17.747440273037544,7.849829351535837,9.897610921501707,82.25255972696246,7.167235494880546,75.0853242320819
E00079015,315,54,26,28,261,22,239,17.142857142857142,8.253968253968253,8.88888888888889,82.85714285714286,6.984126984126984,75.87301587301587
E00079017,312,59,27,32,253,14,239,18.91025641025641,8.653846153846153,10.256410256410255,81.08974358974359,4.487179487179487,76.6025641025641
E00079018,307,46,15,31,261,18,243,14.983713355048861,4.88599348534202,10.097719869706841,85.01628664495115,5.863192182410423,79.15309446254072
E00079019,286,50,21,29,236,17,219,17.482517482517483,7.3426573426573425,10.13986013986014,82.51748251748252,5.944055944055944,76.57342657342657
E00079020,559,70,29,41,489,42,447,12.522361359570661,5.18783542039356,7.334525939177102,87.47763864042933,7.5134168157423975,79.96422182468694
E00079021,559,75,23,52,484,28,456,13.416815742397137,4.114490161001789,9.30232558139535,86.58318425760287,5.008944543828265,81.5742397137746
E00079022,355,50,22,28,305,27,278,14.084507042253522,6.197183098591549,7.887323943661972,85.91549295774648,7.605633802816901,78.30985915492957
E00079024,382,62,22,40,320,32,288,16.230366492146597,5.7591623036649215,10.471204188481675,83.7696335078534,8.37696335078534,75.39267015706807
E00079025,222,39,11,28,183,20,163,17.56756756756757,4.954954954954955,12.612612612612612,82.43243243243244,9.00900900900901,73.42342342342343
E00079026,274,41,15,26,233,19,214,14.963503649635038,5.474452554744526,9.48905109489051,85.03649635036497,6.934306569343065,78.1021897810219
E00079027,270,56,29,27,214,16,198,20.74074074074074,10.74074074074074,10,79.25925925925927,5.9259259259259265,73.33333333333333
E00079028,314,46,18,28,268,35,233,14.64968152866242,5.7324840764331215,8.9171974522293,85.35031847133759,11.146496815286625,74.20382165605095
E00079029,347,50,15,35,297,25,272,14.409221902017292,4.322766570605188,10.086455331412104,85.5907780979827,7.204610951008646,78.38616714697406
E00079030,313,56,17,39,257,26,231,17.89137380191693,5.431309904153355,12.460063897763577,82.10862619808307,8.30670926517572,73.80191693290735
E00079031,370,81,26,55,289,22,267,21.891891891891895,7.027027027027027,14.864864864864865,78.10810810810811,5.9459459459459465,72.16216216216216
E00079032,390,56,21,35,334,34,300,14.358974358974358,5.384615384615385,8.974358974358974,85.64102564102564,8.717948717948717,76.92307692307693
E00079033,327,51,25,26,276,17,259,15.59633027522936,7.64525993883792,7.951070336391437,84.40366972477065,5.198776758409786,79.20489296636084
E00079034,145,21,5,16,124,9,115,14.482758620689657,3.4482758620689653,11.03448275862069,85.51724137931035,6.206896551724138,79.3103448275862
E00079035,189,22,9,13,167,12,155,11.64021164021164,4.761904761904762,6.878306878306878,88.35978835978835,6.349206349206349,82.01058201058201
E00079036,177,31,13,18,146,14,132,17.51412429378531,7.344632768361582,10.16949152542373,82.485875706214685,7.909604519774012,74.57627118644068
E00079037,352,51,15,36,301,31,270,14.488636363636365,4.261363636363636,10.227272727272728,85.51136363636364,8.806818181818182,76.70454545454545
E00079038,152,33,10,23,119,8,111,21.710526315789476,6.578947368421052,15.131578947368421,78.28947368421053,5.263157894736842,73.02631578947368
E00079040,348,38,16,22,310,26,284,10.919540229885058,4.597701149425287,6.321839080459771,89.08045977011494,7.471264367816093,81.60919540229885
E00079042,306,29,7,22,277,22,255,9.477124183006536,2.287581699346405,7.18954248366013,90.52287581699346,7.18954248366013,83.33333333333334
E00079043,346,79,32,47,267,24,243,22.832369942196532,9.248554913294797,13.583815028901732,77.16763005780348,6.9364161849710975,70.23121387283237
E00079044,352,35,12,23,317,18,299,9.943181818181818,3.4090909090909087,6.534090909090909,90.05681818181817,5.113636363636364,84.94318181818183
E00079045,123,24,8,16,99,7,92,19.51219512195122,6.504065040650407,13.008130081300814,80.48780487804879,5.691056910569105,74.79674796747967
E00079047,545,76,30,46,469,38,431,13.944954128440369,5.5045871559633035,8.440366972477065,86.05504587155963,6.972477064220184,79.08256880733944
E00079048,388,62,26,36,326,27,299,15.979381443298967,6.701030927835052,9.278350515463918,84.02061855670104,6.958762886597938,77.0618556701031
E00079049,242,35,12,23,207,16,191,14.46280991735537,4.958677685950414,9.50413223140496,85.53719008264463,6.6115702479338845,78.92561983471074
E00079050,113,11,7,4,102,7,95,9.734513274336283,6.1946902654867255,3.5398230088495577,90.2654867256637,6.1946902654867255,84.070796460177
E00079051,277,43,12,31,234,21,213,15.523465703971121,4.332129963898916,11.191335740072201,84.47653429602889,7.581227436823104,76.89530685920577
E00079052,286,53,17,36,233,28,205,18.53146853146853,5.944055944055944,12.587412587412588,81.46853146853147,9.79020979020979,71.67832167832168
E00079053,489,63,15,48,426,29,397,12.883435582822086,3.067484662576687,9.815950920245399,87.11656441717791,5.930470347648262,81.18609406952966
E00079054,357,51,30,21,306,6,300,14.285714285714285,8.403361344537815,5.88235294117647,85.71428571428571,1.680672268907563,84.03361344537815
E00079055,401,33,20,13,368,8,360,8.229426433915211,4.987531172069826,3.2418952618453867,91.77057356608479,1.99501246882793,89.77556109725685
E00079056,238,65,39,26,173,14,159,27.310924369747898,16.386554621848738,10.92436974789916,72.68907563025209,5.88235294117647,66.80672268907563
E00079057,357,73,39,34,284,16,268,20.448179271708682,10.92436974789916,9.523809523809524,79.55182072829132,4.481792717086835,75.07002801120449
E00079058,191,71,40,31,120,4,116,37.17277486910995,20.94240837696335,16.230366492146597,62.82722513089005,2.094240837696335,60.73298429319372
E00079059,283,53,28,25,230,10,220,18.727915194346288,9.89399293286219,8.8339222614841,81.2720848056537,3.53356890459364,77.73851590106007
E00079060,392,132,74,58,260,26,234,33.6734693877551,18.877551020408163,14.795918367346939,66.3265306122449,6.63265306122449,59.693877551020414
E00079061,359,59,20,39,300,15,285,16.434540389972145,5.571030640668524,10.86350974930362,83.56545961002786,4.178272980501393,79.38718662952647
E00079062,497,88,40,48,409,24,385,17.706237424547282,8.048289738430583,9.6579476861167,82.29376257545272,4.82897384305835,77.46478873239437
E00079063,419,42,14,28,377,12,365,10.023866348448687,3.341288782816229,6.682577565632458,89.97613365155132,2.863961813842482,87.11217183770883
E00079064,366,32,6,26,334,16,318,8.743169398907105,1.639344262295082,7.103825136612022,91.2568306010929,4.371584699453552,86.88524590163934
E00079065,357,64,26,38,293,11,282,17.92717086834734,7.282913165266107,10.644257703081232,82.07282913165265,3.081232492997199,78.99159663865547
E00079066,327,48,17,31,279,9,270,14.678899082568808,5.198776758409786,9.480122324159021,85.3211009174312,2.7522935779816518,82.56880733944955
E00079067,302,54,32,22,248,6,242,17.880794701986755,10.596026490066226,7.28476821192053,82.11920529801324,1.9867549668874174,80.13245033112582
E00079068,359,53,26,27,306,9,297,14.763231197771587,7.242339832869081,7.520891364902507,85.23676880222841,2.5069637883008355,82.72980501392759
E00079069,328,61,24,37,267,19,248,18.597560975609756,7.317073170731707,11.28048780487805,81.40243902439023,5.7926829268292686,75.60975609756098
E00079070,268,44,16,28,224,5,219,16.417910447761194,5.970149253731343,10.44776119402985,83.5820895522388,1.8656716417910446,81.71641791044776
E00079071,425,65,26,39,360,11,349,15.294117647058824,6.11764705882353,9.176470588235293,84.70588235294117,2.588235294117647,82.11764705882352
E00079072,319,77,38,39,242,16,226,24.137931034482758,11.912225705329153,12.225705329153605,75.86206896551724,5.015673981191222,70.84639498432603
E00079073,549,84,35,49,465,45,420,15.300546448087433,6.375227686703097,8.925318761384334,84.69945355191257,8.19672131147541,76.50273224043715
E00079074,137,19,7,12,118,15,103,13.86861313868613,5.109489051094891,8.75912408759124,86.13138686131386,10.948905109489052,75.18248175182481
E00079075,372,45,17,28,327,30,297,12.096774193548388,4.56989247311828,7.526881720430108,87.90322580645162,8.064516129032258,79.83870967741935
E00079076,305,60,18,42,245,25,220,19.672131147540984,5.901639344262295,13.77049180327869,80.32786885245902,8.19672131147541,72.1311475409836
E00079077,302,58,21,37,244,22,222,19.205298013245034,6.95364238410596,12.251655629139073,80.79470198675497,7.28476821192053,73.50993377483444
E00079078,317,44,15,29,273,36,237,13.880126182965299,4.73186119873817,9.14826498422713,86.1198738170347,11.35646687697161,74.76340694006309
E00079079,297,60,20,40,237,28,209,20.2020202020202,6.7340067340067336,13.468013468013467,79.7979797979798,9.427609427609427,70.37037037037037
E00079080,424,64,20,44,360,33,327,15.09433962264151,4.716981132075472,10.377358490566039,84.90566037735849,7.783018867924528,77.12264150943396
E00079081,433,63,22,41,370,29,341,14.549653579676674,5.080831408775981,9.468822170900692,85.45034642032333,6.697459584295612,78.75288683602771
E00079082,372,79,44,35,293,14,279,21.236559139784948,11.827956989247312,9.408602150537634,78.76344086021506,3.763440860215054,75
E00079083,399,62,29,33,337,28,309,15.538847117794486,7.268170426065162,8.270676691729323,84.46115288220551,7.017543859649122,77.44360902255639
E00079084,338,66,21,45,272,19,253,19.526627218934912,6.21301775147929,13.313609467455622,80.4733727810651,5.621301775147929,74.85207100591717
E00079085,412,135,96,39,277,25,252,32.76699029126214,23.300970873786408,9.466019417475728,67.23300970873787,6.067961165048544,61.165048543689316
E00079086,361,63,19,44,298,14,284,17.451523545706372,5.263157894736842,12.18836565096953,82.54847645429363,3.8781163434903045,78.67036011080333
E00079087,261,63,19,44,198,37,161,24.137931034482758,7.2796934865900385,16.85823754789272,75.86206896551724,14.17624521072797,61.68582375478927
E00079088,169,47,25,22,122,16,106,27.810650887573964,14.792899408284024,13.017751479289942,72.18934911242604,9.467455621301776,62.721893491124256
E00079089,250,54,20,34,196,23,173,21.6,8,13.600000000000001,78.4,9.2,69.19999999999999
E00079090,355,82,39,43,273,20,253,23.098591549295776,10.985915492957748,12.112676056338028,76.90140845070422,5.633802816901409,71.26760563380282
E00079091,393,79,46,33,314,16,298,20.10178117048346,11.704834605597965,8.396946564885496,79.89821882951654,4.071246819338422,75.82697201017811
E00079092,256,116,44,72,140,15,125,45.3125,17.1875,28.125,54.6875,5.859375,48.828125
E00079093,228,62,32,30,166,11,155,27.192982456140353,14.035087719298245,13.157894736842104,72.80701754385966,4.824561403508771,67.98245614035088
E00079094,303,56,27,29,247,18,229,18.48184818481848,8.91089108910891,9.570957095709572,81.51815181518151,5.9405940594059405,75.57755775577559
E00079095,353,55,20,35,298,22,276,15.58073654390935,5.6657223796034,9.91501416430595,84.41926345609065,6.232294617563739,78.18696883852692
E00079096,364,103,47,56,261,19,242,28.296703296703296,12.912087912087914,15.384615384615385,71.7032967032967,5.21978021978022,66.48351648351648
E00079097,363,66,27,39,297,18,279,18.181818181818183,7.43801652892562,10.743801652892563,81.81818181818183,4.958677685950414,76.85950413223141
E00079098,330,50,17,33,280,27,253,15.151515151515152,5.151515151515151,10,84.84848484848484,8.181818181818182,76.66666666666667
E00079099,331,42,22,20,289,12,277,12.688821752265861,6.646525679758309,6.042296072507553,87.31117824773413,3.625377643504532,83.68580060422961
E00079100,349,49,18,31,300,23,277,14.040114613180515,5.157593123209169,8.882521489971348,85.95988538681948,6.59025787965616,79.36962750716332
E00079101,288,65,30,35,223,19,204,22.569444444444446,10.416666666666668,12.152777777777777,77.43055555555556,6.597222222222222,70.83333333333334
E00079102,378,62,30,32,316,28,288,16.402116402116402,7.936507936507936,8.465608465608465,83.5978835978836,7.4074074074074066,76.19047619047619
E00079103,353,73,40,33,280,20,260,20.679886685552407,11.3314447592068,9.34844192634561,79.3201133144476,5.6657223796034,73.65439093484419
E00079104,258,60,23,37,198,12,186,23.25581395348837,8.914728682170542,14.34108527131783,76.74418604651163,4.651162790697675,72.09302325581395
E00079105,296,76,35,41,220,26,194,25.675675675675674,11.824324324324325,13.85135135135135,74.32432432432432,8.783783783783784,65.54054054054053
E00079106,275,43,18,25,232,16,216,15.636363636363637,6.545454545454546,9.090909090909092,84.36363636363636,5.818181818181818,78.54545454545455
E00079107,269,42,18,24,227,25,202,15.613382899628252,6.691449814126393,8.921933085501859,84.38661710037175,9.293680297397769,75.09293680297398
E00079108,366,80,35,45,286,22,264,21.85792349726776,9.562841530054644,12.295081967213115,78.14207650273224,6.0109289617486334,72.1311475409836
E00079109,300,76,31,45,224,24,200,25.333333333333336,10.333333333333334,15,74.66666666666667,8,66.66666666666666
E00079110,162,42,14,28,120,8,112,25.925925925925924,8.641975308641975,17.28395061728395,74.07407407407408,4.938271604938271,69.1358024691358
E00079111,382,71,21,50,311,17,294,18.586387434554975,5.49738219895288,13.089005235602095,81.41361256544502,4.450261780104712,76.96335078534031
E00079112,501,93,38,55,408,20,388,18.562874251497004,7.584830339321358,10.978043912175648,81.437125748502993,3.992015968063872,77.44510978043913
E00079113,341,52,20,32,289,23,266,15.249266862170089,5.865102639296188,9.3841642228739,84.75073313782991,6.744868035190615,78.00586510263929
E00079114,233,57,27,30,176,11,165,24.463519313304722,11.587982832618025,12.875536480686694,75.53648068669528,4.721030042918455,70.81545064377683
E00079115,325,52,16,36,273,22,251,16,4.923076923076923,11.076923076923077,84,6.769230769230769,77.23076923076924
E00079116,284,70,33,37,214,26,188,24.647887323943664,11.619718309859154,13.028169014084506,75.35211267605634,9.15492957746479,66.19718309859155
E00079117,202,57,31,26,145,9,136,28.217821782178216,15.346534653465346,12.871287128712872,71.78217821782178,4.455445544554455,67.32673267326733
E00079118,316,58,25,33,258,29,229,18.354430379746837,7.9113924050632916,10.443037974683545,81.64556962025317,9.177215189873419,72.46835443037975
E00079119,394,45,16,29,349,34,315,11.421319796954315,4.060913705583756,7.3604060913705585,88.57868020304569,8.629441624365482,79.94923857868021
E00079120,326,89,49,40,237,29,208,27.300613496932513,15.030674846625766,12.269938650306749,72.69938650306749,8.895705521472392,63.80368098159509
E00079121,272,35,11,24,237,39,198,12.867647058823529,4.044117647058823,8.823529411764707,87.13235294117648,14.338235294117647,72.79411764705883
E00079122,253,40,17,23,213,24,189,15.810276679841898,6.719367588932807,9.090909090909092,84.18972332015811,9.486166007905137,74.70355731225297
E00079123,257,41,26,15,216,20,196,15.953307392996107,10.116731517509727,5.836575875486381,84.04669260700389,7.782101167315175,76.26459143968872
E00079125,201,30,9,21,171,15,156,14.925373134328357,4.477611940298507,10.44776119402985,85.07462686567165,7.462686567164178,77.61194029850746
E00079126,269,57,24,33,212,23,189,21.189591078066915,8.921933085501859,12.267657992565056,78.81040892193309,8.550185873605948,70.26022304832715
E00079127,407,72,34,38,335,25,310,17.69041769041769,8.353808353808354,9.336609336609335,82.30958230958231,6.142506142506143,76.16707616707616
E00079128,167,49,23,26,118,11,107,29.34131736526946,13.77245508982036,15.568862275449103,70.65868263473054,6.58682634730539,64.07185628742515
E00079129,430,76,41,35,354,24,330,17.674418604651162,9.534883720930234,8.13953488372093,82.32558139534883,5.5813953488372094,76.74418604651163
E00079130,375,83,35,48,292,14,278,22.133333333333333,9.333333333333334,12.8,77.86666666666666,3.733333333333334,74.13333333333333
E00079131,252,71,41,30,181,18,163,28.174603174603174,16.26984126984127,11.904761904761903,71.82539682539682,7.142857142857142,64.68253968253968
E00079132,443,73,34,39,370,17,353,16.478555304740404,7.674943566591422,8.803611738148984,83.52144469525959,3.837471783295711,79.68397291196389
E00079133,295,48,14,34,247,19,228,16.271186440677965,4.745762711864407,11.525423728813559,83.72881355932203,6.440677966101695,77.28813559322035
E00079134,262,34,12,22,228,33,195,12.977099236641221,4.580152671755725,8.396946564885496,87.02290076335878,12.595419847328243,74.42748091603053
E00079135,290,49,12,37,241,32,209,16.896551724137932,4.137931034482759,12.758620689655173,83.10344827586206,11.03448275862069,72.06896551724138
E00079136,250,44,17,27,206,21,185,17.599999999999998,6.800000000000001,10.8,82.39999999999999,8.4,74
E00079137,172,46,23,23,126,16,110,26.744186046511626,13.372093023255813,13.372093023255813,73.25581395348837,9.30232558139535,63.95348837209303
E00079138,283,40,11,29,243,29,214,14.13427561837456,3.8869257950530036,10.247349823321555,85.86572438162544,10.247349823321555,75.61837455830388
E00079139,216,45,15,30,171,21,150,20.833333333333336,6.944444444444445,13.88888888888889,79.16666666666666,9.722222222222223,69.44444444444444
E00079140,339,57,24,33,282,28,254,16.8141592920354,7.079646017699115,9.734513274336283,83.1858407079646,8.259587020648967,74.92625368731564
E00079141,291,53,16,37,238,27,211,18.213058419243985,5.498281786941581,12.714776632302405,81.78694158075601,9.278350515463918,72.5085910652921
E00079142,288,34,5,29,254,22,232,11.805555555555555,1.7361111111111112,10.069444444444445,88.19444444444444,7.638888888888889,80.55555555555556
E00079145,135,17,1,16,118,13,105,12.592592592592592,0.7407407407407408,11.851851851851853,87.4074074074074,9.62962962962963,77.77777777777779
E00079146,380,32,7,25,348,29,319,8.421052631578947,1.8421052631578945,6.578947368421052,91.57894736842105,7.631578947368421,83.94736842105263
E00079147,279,60,21,39,219,22,197,21.50537634408602,7.526881720430108,13.978494623655912,78.49462365591397,7.885304659498208,70.60931899641577
E00079148,287,57,24,33,230,20,210,19.860627177700348,8.362369337979095,11.498257839721255,80.13937282229965,6.968641114982578,73.17073170731707
E00079149,305,31,10,21,274,28,246,10.163934426229508,3.278688524590164,6.885245901639345,89.8360655737705,9.180327868852459,80.65573770491802
E00079151,304,47,14,33,257,21,236,15.460526315789474,4.605263157894736,10.855263157894738,84.53947368421053,6.907894736842106,77.63157894736842
E00079152,249,58,21,37,191,20,171,23.293172690763054,8.433734939759036,14.859437751004014,76.70682730923694,8.032128514056225,68.67469879518072
E00079153,322,46,15,31,276,28,248,14.285714285714285,4.658385093167702,9.627329192546584,85.71428571428571,8.695652173913043,77.01863354037268
E00079154,513,103,54,49,410,33,377,20.077972709551656,10.526315789473683,9.551656920077972,79.92202729044834,6.432748538011696,73.48927875243665
E00079155,266,25,11,14,241,16,225,9.398496240601503,4.135338345864661,5.263157894736842,90.6015037593985,6.015037593984962,84.58646616541353
E00079156,265,37,14,23,228,16,212,13.962264150943396,5.283018867924529,8.679245283018867,86.0377358490566,6.037735849056604,80
E00079157,390,51,26,25,339,25,314,13.076923076923078,6.666666666666667,6.41025641025641,86.92307692307692,6.41025641025641,80.51282051282051
E00079158,349,42,14,28,307,14,293,12.034383954154727,4.011461318051576,8.022922636103152,87.96561604584528,4.011461318051576,83.95415472779369
E00079159,347,52,22,30,295,15,280,14.985590778097983,6.340057636887608,8.645533141210375,85.01440922190201,4.322766570605188,80.69164265129683
E00079160,345,38,14,24,307,20,287,11.014492753623188,4.057971014492753,6.956521739130435,88.98550724637681,5.797101449275362,83.18840579710145
E00079161,402,50,24,26,352,24,328,12.437810945273633,5.970149253731343,6.467661691542288,87.56218905472637,5.970149253731343,81.59203980099502
E00079162,541,47,23,24,494,11,483,8.687615526802219,4.251386321626617,4.436229205175601,91.31238447319778,2.033271719038817,89.27911275415896
E00079163,487,65,33,32,422,11,411,13.347022587268995,6.7761806981519515,6.570841889117044,86.652977412731,2.2587268993839835,84.39425051334702
E00079164,406,55,23,32,351,23,328,13.546798029556651,5.665024630541872,7.8817733990147785,86.45320197044335,5.665024630541872,80.78817733990148
E00079165,478,53,30,23,425,18,407,11.08786610878661,6.2761506276150625,4.811715481171548,88.91213389121339,3.765690376569038,85.14644351464436
E00079166,478,76,35,41,402,30,372,15.899581589958158,7.322175732217573,8.577405857740587,84.10041841004184,6.2761506276150625,77.82426778242679
E00079167,420,71,28,43,349,27,322,16.904761904761905,6.666666666666667,10.238095238095237,83.0952380952381,6.428571428571428,76.66666666666667
E00079168,440,80,37,43,360,10,350,18.181818181818183,8.409090909090908,9.772727272727273,81.81818181818183,2.272727272727273,79.54545454545455
E00079169,489,59,28,31,430,9,421,12.065439672801636,5.725971370143149,6.339468302658487,87.93456032719837,1.8404907975460123,86.09406952965234
E00079170,473,85,43,42,388,23,365,17.970401691331926,9.090909090909092,8.879492600422834,82.02959830866807,4.862579281183932,77.16701902748414
E00079171,428,52,21,31,376,16,360,12.149532710280374,4.906542056074766,7.242990654205607,87.85046728971963,3.7383177570093453,84.11214953271028
E00079172,366,60,22,38,306,20,286,16.39344262295082,6.0109289617486334,10.382513661202186,83.60655737704919,5.46448087431694,78.14207650273224
E00079173,422,54,21,33,368,23,345,12.796208530805686,4.976303317535545,7.819905213270142,87.20379146919431,5.450236966824645,81.75355450236967
E00079174,475,67,23,44,408,19,389,14.105263157894738,4.842105263157895,9.263157894736842,85.89473684210527,4,81.89473684210526
E00079175,405,30,13,17,375,14,361,7.4074074074074066,3.2098765432098766,4.197530864197531,92.5925925925926,3.45679012345679,89.13580246913581
E00079177,337,84,50,34,253,21,232,24.92581602373887,14.836795252225517,10.089020771513352,75.07418397626114,6.231454005934718,68.84272997032642
E00079178,255,49,24,25,206,4,202,19.215686274509807,9.411764705882353,9.803921568627452,80.7843137254902,1.5686274509803921,79.2156862745098
E00079179,491,50,22,28,441,18,423,10.183299389002038,4.480651731160896,5.7026476578411405,89.81670061099797,3.6659877800407332,86.15071283095723
E00079180,510,43,21,22,467,9,458,8.431372549019608,4.117647058823529,4.313725490196078,91.56862745098039,1.7647058823529411,89.80392156862746
E00079181,261,51,21,30,210,20,190,19.54022988505747,8.045977011494253,11.494252873563218,80.45977011494253,7.662835249042145,72.79693486590038
E00079182,282,37,17,20,245,15,230,13.120567375886525,6.028368794326241,7.092198581560284,86.87943262411348,5.319148936170213,81.56028368794325
E00079183,263,78,39,39,185,8,177,29.65779467680608,14.82889733840304,14.82889733840304,70.34220532319392,3.041825095057034,67.30038022813687
E00079185,320,63,35,28,257,16,241,19.6875,10.9375,8.75,80.3125,5,75.3125
E00079186,321,69,36,33,252,21,231,21.49532710280374,11.214953271028037,10.2803738317757,78.50467289719626,6.5420560747663545,71.96261682242991
E00079187,468,73,31,42,395,17,378,15.598290598290598,6.623931623931624,8.974358974358974,84.4017094017094,3.632478632478633,80.76923076923077
E00079188,443,80,42,38,363,20,343,18.058690744920995,9.480812641083523,8.577878103837472,81.941309255079,4.514672686230249,77.42663656884876
E00079189,395,63,24,39,332,28,304,15.949367088607595,6.075949367088607,9.873417721518987,84.05063291139241,7.088607594936709,76.9620253164557
E00079190,207,32,7,25,175,21,154,15.458937198067632,3.3816425120772946,12.077294685990339,84.54106280193237,10.144927536231885,74.39613526570048
E00079191,339,47,21,26,292,24,268,13.864306784660767,6.1946902654867255,7.669616519174041,86.13569321533923,7.079646017699115,79.05604719764013
E00079192,238,33,4,29,205,22,183,13.865546218487395,1.680672268907563,12.184873949579831,86.1344537815126,9.243697478991598,76.89075630252101
E00079193,268,38,10,28,230,19,211,14.17910447761194,3.731343283582089,10.44776119402985,85.82089552238806,7.08955223880597,78.73134328358209
E00079194,264,70,40,30,194,23,171,26.515151515151516,15.151515151515152,11.363636363636363,73.48484848484848,8.712121212121213,64.77272727272727
E00079195,265,22,8,14,243,26,217,8.30188679245283,3.018867924528302,5.283018867924529,91.69811320754717,9.811320754716983,81.88679245283019
E00079196,233,62,30,32,171,15,156,26.609442060085836,12.875536480686694,13.733905579399142,73.39055793991416,6.437768240343347,66.95278969957081
E00079197,282,56,26,30,226,16,210,19.858156028368796,9.219858156028367,10.638297872340425,80.1418439716312,5.673758865248227,74.46808510638297
E00079198,299,65,26,39,234,15,219,21.73913043478261,8.695652173913043,13.043478260869565,78.26086956521739,5.016722408026756,73.24414715719062
E00079199,299,69,36,33,230,21,209,23.076923076923077,12.040133779264215,11.036789297658862,76.92307692307693,7.023411371237458,69.89966555183946
E00079200,319,67,30,37,252,22,230,21.003134796238246,9.404388714733543,11.598746081504702,78.99686520376176,6.896551724137931,72.10031347962382
E00079201,329,82,39,43,247,21,226,24.924012158054712,11.854103343465045,13.069908814589665,75.07598784194529,6.382978723404255,68.69300911854104
E00079202,256,77,36,41,179,9,170,30.078125,14.0625,16.015625,69.921875,3.515625,66.40625
E00079203,245,31,17,14,214,20,194,12.653061224489795,6.938775510204081,5.714285714285714,87.34693877551021,8.16326530612245,79.18367346938776
E00079204,292,70,34,36,222,17,205,23.972602739726025,11.643835616438356,12.32876712328767,76.02739726027397,5.821917808219178,70.2054794520548
E00079205,448,104,47,57,344,24,320,23.214285714285715,10.491071428571429,12.723214285714285,76.78571428571429,5.357142857142857,71.42857142857143
E00079206,271,50,20,30,221,21,200,18.45018450184502,7.380073800738007,11.07011070110701,81.54981549815497,7.7490774907749085,73.80073800738008
E00079207,272,87,37,50,185,20,165,31.985294117647058,13.602941176470587,18.38235294117647,68.01470588235294,7.352941176470589,60.66176470588235
E00079208,478,88,40,48,390,15,375,18.410041841004183,8.368200836820083,10.0418410041841,81.58995815899581,3.1380753138075312,78.45188284518828
E00079209,324,61,26,35,263,14,249,18.82716049382716,8.024691358024691,10.802469135802468,81.17283950617285,4.320987654320987,76.85185185185185
E00079210,310,78,30,48,232,20,212,25.161290322580644,9.67741935483871,15.483870967741936,74.83870967741936,6.451612903225806,68.38709677419355
E00079211,324,69,37,32,255,14,241,21.296296296296298,11.419753086419753,9.876543209876543,78.70370370370371,4.320987654320987,74.38271604938271
E00079212,354,88,32,56,266,19,247,24.858757062146893,9.03954802259887,15.819209039548024,75.14124293785311,5.367231638418079,69.77401129943502
E00079213,318,55,23,32,263,24,239,17.29559748427673,7.232704402515723,10.062893081761008,82.70440251572327,7.547169811320755,75.15723270440252
E00079214,380,62,31,31,318,21,297,16.315789473684212,8.157894736842106,8.157894736842106,83.6842105263158,5.526315789473684,78.15789473684211
E00079215,325,52,26,26,273,14,259,16,8,8,84,4.3076923076923075,79.6923076923077
E00079216,336,69,30,39,267,16,251,20.535714285714285,8.928571428571429,11.607142857142858,79.46428571428571,4.761904761904762,74.70238095238095
E00079217,215,65,30,35,150,9,141,30.23255813953488,13.953488372093023,16.27906976744186,69.76744186046511,4.186046511627907,65.58139534883722
E00079218,294,70,32,38,224,20,204,23.809523809523807,10.884353741496598,12.925170068027212,76.19047619047619,6.802721088435375,69.38775510204081
E00079219,431,71,29,42,360,24,336,16.473317865429234,6.728538283062645,9.744779582366588,83.52668213457076,5.56844547563805,77.9582366589327
E00079220,371,67,33,34,304,14,290,18.059299191374663,8.89487870619946,9.164420485175203,81.94070080862534,3.7735849056603774,78.16711590296495
E00079221,505,60,31,29,445,12,433,11.881188118811881,6.138613861386139,5.742574257425743,88.11881188118812,2.376237623762376,85.74257425742574
E00079222,445,53,24,29,392,14,378,11.910112359550562,5.393258426966292,6.51685393258427,88.08988764044943,3.146067415730337,84.9438202247191
E00079223,522,51,26,25,471,20,451,9.770114942528735,4.980842911877394,4.789272030651341,90.22988505747126,3.8314176245210727,86.39846743295018
E00079224,309,41,21,20,268,20,248,13.268608414239482,6.796116504854369,6.472491909385113,86.73139158576052,6.472491909385113,80.2588996763754
E00079226,333,63,36,27,270,16,254,18.91891891891892,10.81081081081081,8.108108108108109,81.08108108108108,4.804804804804805,76.27627627627628
E00079227,464,68,31,37,396,15,381,14.655172413793101,6.68103448275862,7.974137931034483,85.34482758620689,3.2327586206896552,82.11206896551724
E00079228,332,42,23,19,290,9,281,12.650602409638553,6.927710843373494,5.72289156626506,87.34939759036145,2.710843373493976,84.63855421686746
E00079229,329,49,27,22,280,5,275,14.893617021276595,8.206686930091186,6.68693009118541,85.1063829787234,1.5197568389057752,83.58662613981764
E00079230,398,70,31,39,328,18,310,17.587939698492463,7.788944723618091,9.798994974874372,82.41206030150754,4.522613065326634,77.88944723618091
E00079231,378,48,19,29,330,25,305,12.698412698412698,5.026455026455026,7.671957671957672,87.3015873015873,6.613756613756613,80.68783068783068
E00079232,264,54,19,35,210,20,190,20.454545454545457,7.196969696969697,13.257575757575758,79.54545454545455,7.575757575757576,71.96969696969697
E00079233,313,61,29,32,252,31,221,19.488817891373802,9.26517571884984,10.223642172523961,80.5111821086262,9.904153354632587,70.6070287539936
E00079234,306,35,11,24,271,19,252,11.437908496732026,3.594771241830065,7.8431372549019605,88.56209150326796,6.209150326797386,82.35294117647058
E00079236,411,74,38,36,337,25,312,18.004866180048662,9.245742092457421,8.75912408759124,81.99513381995133,6.082725060827251,75.91240875912408
E00079237,237,102,65,37,135,7,128,43.037974683544306,27.42616033755274,15.611814345991561,56.9620253164557,2.9535864978902953,54.008438818565395
E00079238,274,52,28,24,222,16,206,18.97810218978102,10.218978102189782,8.75912408759124,81.02189781021897,5.839416058394161,75.18248175182481
E00079239,308,32,7,25,276,19,257,10.38961038961039,2.272727272727273,8.116883116883116,89.6103896103896,6.1688311688311686,83.44155844155844
E00079240,264,54,21,33,210,26,184,20.454545454545457,7.954545454545454,12.5,79.54545454545455,9.848484848484848,69.6969696969697
E00079241,294,66,28,38,228,5,223,22.448979591836736,9.523809523809524,12.925170068027212,77.55102040816327,1.7006802721088436,75.85034013605441
E00079243,253,56,27,29,197,19,178,22.134387351778656,10.67193675889328,11.462450592885375,77.86561264822134,7.5098814229249005,70.35573122529645
E00079244,310,71,32,39,239,23,216,22.903225806451612,10.32258064516129,12.580645161290322,77.09677419354838,7.419354838709677,69.6774193548387
E00079245,242,48,19,29,194,21,173,19.834710743801654,7.851239669421488,11.983471074380166,80.16528925619835,8.677685950413224,71.48760330578511
E00079246,295,40,18,22,255,25,230,13.559322033898304,6.101694915254238,7.457627118644068,86.4406779661017,8.47457627118644,77.96610169491525
E00079247,312,63,26,37,249,23,226,20.192307692307693,8.333333333333332,11.858974358974358,79.8076923076923,7.371794871794872,72.43589743589743
E00079248,312,65,20,45,247,26,221,20.833333333333336,6.41025641025641,14.423076923076922,79.16666666666666,8.333333333333332,70.83333333333334
E00079249,267,47,24,23,220,24,196,17.60299625468165,8.98876404494382,8.614232209737828,82.39700374531836,8.98876404494382,73.40823970037454
E00079250,279,53,21,32,226,22,204,18.996415770609318,7.526881720430108,11.469534050179211,81.00358422939068,7.885304659498208,73.11827956989248
E00079251,323,54,21,33,269,24,245,16.718266253869967,6.5015479876160995,10.21671826625387,83.28173374613003,7.430340557275541,75.85139318885449
E00079252,280,41,15,26,239,15,224,14.642857142857144,5.357142857142857,9.285714285714286,85.35714285714285,5.357142857142857,80
E00079253,316,57,25,32,259,24,235,18.037974683544302,7.9113924050632916,10.126582278481013,81.9620253164557,7.59493670886076,74.36708860759494
E00079254,270,77,35,42,193,22,171,28.51851851851852,12.962962962962962,15.555555555555555,71.48148148148148,8.148148148148149,63.33333333333333
E00079255,384,99,38,61,285,23,262,25.78125,9.895833333333332,15.885416666666666,74.21875,5.989583333333334,68.22916666666666
E00079256,210,51,22,29,159,9,150,24.285714285714285,10.476190476190476,13.80952380952381,75.71428571428571,4.285714285714286,71.42857142857143
E00079257,315,62,31,31,253,20,233,19.682539682539684,9.841269841269842,9.841269841269842,80.31746031746032,6.349206349206349,73.96825396825398
E00079258,301,63,22,41,238,12,226,20.930232558139537,7.308970099667775,13.621262458471762,79.06976744186046,3.9867109634551494,75.08305647840533
E00079259,380,62,26,36,318,21,297,16.315789473684212,6.842105263157896,9.473684210526317,83.6842105263158,5.526315789473684,78.15789473684211
E00079260,332,50,26,24,282,20,262,15.060240963855422,7.83132530120482,7.228915662650602,84.93975903614458,6.024096385542169,78.91566265060241
E00079261,336,89,52,37,247,15,232,26.488095238095237,15.476190476190476,11.011904761904761,73.51190476190477,4.464285714285714,69.04761904761905
E00079262,404,44,17,27,360,27,333,10.891089108910892,4.207920792079208,6.683168316831684,89.10891089108911,6.683168316831684,82.42574257425743
E00079263,340,42,10,32,298,27,271,12.352941176470589,2.941176470588235,9.411764705882353,87.6470588235294,7.941176470588235,79.70588235294119
E00079264,218,65,25,40,153,6,147,29.81651376146789,11.46788990825688,18.34862385321101,70.18348623853211,2.7522935779816518,67.43119266055045
E00079265,364,39,15,24,325,28,297,10.714285714285714,4.1208791208791204,6.593406593406594,89.28571428571429,7.6923076923076925,81.5934065934066
E00079266,335,38,17,21,297,23,274,11.343283582089553,5.074626865671641,6.26865671641791,88.65671641791046,6.865671641791045,81.7910447761194
E00079267,204,71,35,36,133,7,126,34.80392156862745,17.15686274509804,17.647058823529413,65.19607843137256,3.431372549019608,61.76470588235294
E00079268,400,124,68,56,276,13,263,31,17,14.000000000000002,69,3.25,65.75
E00079269,197,43,24,19,154,13,141,21.82741116751269,12.18274111675127,9.644670050761421,78.1725888324873,6.598984771573605,71.57360406091371
E00079270,257,70,32,38,187,17,170,27.237354085603112,12.45136186770428,14.785992217898833,72.76264591439688,6.614785992217899,66.14785992217898
E00079271,321,59,33,26,262,16,246,18.38006230529595,10.2803738317757,8.09968847352025,81.61993769470405,4.984423676012461,76.63551401869158
E00079272,292,66,32,34,226,17,209,22.602739726027394,10.95890410958904,11.643835616438356,77.3972602739726,5.821917808219178,71.57534246575342
E00079274,280,47,15,32,233,19,214,16.785714285714285,5.357142857142857,11.428571428571429,83.21428571428572,6.785714285714286,76.42857142857142
E00079275,393,69,25,44,324,19,305,17.557251908396946,6.361323155216285,11.195928753180661,82.44274809160305,4.8346055979643765,77.60814249363868
E00079276,352,59,16,43,293,31,262,16.761363636363637,4.545454545454546,12.215909090909092,83.23863636363636,8.806818181818182,74.43181818181817
E00079277,242,39,16,23,203,7,196,16.115702479338843,6.6115702479338845,9.50413223140496,83.88429752066115,2.8925619834710745,80.99173553719008
E00079278,291,42,15,27,249,18,231,14.432989690721648,5.154639175257731,9.278350515463918,85.56701030927834,6.185567010309279,79.38144329896907
E00079279,258,32,12,20,226,12,214,12.4031007751938,4.651162790697675,7.751937984496124,87.59689922480621,4.651162790697675,82.94573643410853
E00079280,433,109,67,42,324,21,303,25.17321016166282,15.473441108545035,9.699769053117784,74.82678983833718,4.849884526558892,69.9769053117783
E00079281,282,61,21,40,221,24,197,21.631205673758867,7.446808510638298,14.184397163120568,78.36879432624113,8.51063829787234,69.8581560283688
E00079282,322,69,24,45,253,16,237,21.428571428571427,7.453416149068323,13.975155279503104,78.57142857142857,4.968944099378882,73.6024844720497
E00079283,315,48,21,27,267,22,245,15.238095238095239,6.666666666666667,8.571428571428571,84.76190476190476,6.984126984126984,77.77777777777779
E00079284,270,71,43,28,199,19,180,26.296296296296294,15.925925925925927,10.37037037037037,73.70370370370371,7.037037037037037,66.66666666666666
E00079285,337,52,21,31,285,30,255,15.43026706231454,6.231454005934718,9.198813056379821,84.56973293768546,8.902077151335313,75.66765578635015
E00079286,345,88,45,43,257,19,238,25.507246376811594,13.043478260869565,12.46376811594203,74.4927536231884,5.507246376811594,68.98550724637681
E00079287,289,71,36,35,218,23,195,24.567474048442904,12.45674740484429,12.110726643598616,75.4325259515571,7.958477508650519,67.47404844290658
E00079288,260,62,22,40,198,23,175,23.846153846153847,8.461538461538462,15.384615384615385,76.15384615384615,8.846153846153847,67.3076923076923
E00079289,333,53,25,28,280,25,255,15.915915915915916,7.5075075075075075,8.408408408408409,84.08408408408408,7.5075075075075075,76.57657657657657
E00079290,385,46,13,33,339,26,313,11.948051948051948,3.3766233766233764,8.571428571428571,88.05194805194805,6.753246753246753,81.2987012987013
E00079291,239,45,11,34,194,18,176,18.828451882845187,4.602510460251046,14.225941422594143,81.17154811715481,7.531380753138076,73.64016736401673
E00079292,293,59,19,40,234,23,211,20.13651877133106,6.484641638225256,13.651877133105803,79.86348122866895,7.849829351535837,72.01365187713311
E00079293,250,36,16,20,214,20,194,14.399999999999999,6.4,8,85.6,8,77.60000000000001
E00079294,299,56,28,28,243,25,218,18.729096989966553,9.364548494983277,9.364548494983277,81.27090301003345,8.361204013377927,72.90969899665552
E00079295,228,48,20,28,180,13,167,21.052631578947366,8.771929824561402,12.280701754385964,78.94736842105263,5.701754385964912,73.24561403508771
E00079296,315,52,20,32,263,25,238,16.507936507936506,6.349206349206349,10.158730158730158,83.4920634920635,7.936507936507936,75.55555555555556
E00079297,222,44,18,26,178,16,162,19.81981981981982,8.108108108108109,11.711711711711711,80.18018018018019,7.207207207207207,72.97297297297297
E00079298,331,59,16,43,272,22,250,17.82477341389728,4.833836858006042,12.990936555891238,82.17522658610272,6.646525679758309,75.52870090634441
E00079299,313,85,37,48,228,15,213,27.15654952076677,11.821086261980831,15.335463258785943,72.84345047923323,4.792332268370607,68.05111821086261
E00079300,291,53,13,40,238,22,216,18.213058419243985,4.4673539518900345,13.745704467353953,81.78694158075601,7.560137457044673,74.22680412371135
E00079301,162,43,22,21,119,13,106,26.543209876543212,13.580246913580247,12.962962962962962,73.4567901234568,8.024691358024691,65.4320987654321
E00079302,410,100,50,50,310,30,280,24.390243902439025,12.195121951219512,12.195121951219512,75.60975609756098,7.317073170731707,68.29268292682927
E00079303,302,70,42,28,232,14,218,23.178807947019866,13.90728476821192,9.271523178807946,76.82119205298014,4.635761589403973,72.18543046357617
E00079304,332,51,21,30,281,22,259,15.36144578313253,6.325301204819277,9.036144578313253,84.63855421686746,6.626506024096386,78.01204819277109
E00079305,235,65,18,47,170,21,149,27.659574468085108,7.659574468085106,20,72.3404255319149,8.936170212765958,63.40425531914894
E00079306,330,74,32,42,256,28,228,22.424242424242426,9.696969696969697,12.727272727272727,77.57575757575758,8.484848484848486,69.0909090909091
E00079307,188,57,33,24,131,19,112,30.319148936170215,17.5531914893617,12.76595744680851,69.68085106382979,10.106382978723403,59.57446808510638
E00079308,345,48,14,34,297,32,265,13.91304347826087,4.057971014492753,9.855072463768117,86.08695652173914,9.27536231884058,76.81159420289855
E00079309,362,35,15,20,327,25,302,9.668508287292818,4.143646408839778,5.524861878453039,90.33149171270718,6.906077348066299,83.42541436464089
E00079310,285,56,21,35,229,34,195,19.649122807017545,7.368421052631578,12.280701754385964,80.35087719298247,11.929824561403509,68.42105263157895
E00079311,393,47,16,31,346,48,298,11.959287531806616,4.071246819338422,7.888040712468193,88.04071246819338,12.213740458015266,75.82697201017811
E00079312,335,38,10,28,297,24,273,11.343283582089553,2.9850746268656714,8.358208955223882,88.65671641791046,7.164179104477612,81.49253731343283
E00079313,259,56,18,38,203,15,188,21.62162162162162,6.94980694980695,14.671814671814673,78.37837837837837,5.7915057915057915,72.58687258687259
E00079314,227,33,11,22,194,30,164,14.537444933920703,4.845814977973569,9.691629955947137,85.46255506607929,13.215859030837004,72.24669603524228
E00079315,237,36,10,26,201,17,184,15.18987341772152,4.219409282700422,10.970464135021098,84.81012658227847,7.172995780590717,77.63713080168776
E00079316,268,45,13,32,223,22,201,16.791044776119403,4.850746268656716,11.940298507462686,83.2089552238806,8.208955223880597,75
E00079317,450,79,23,56,371,32,339,17.555555555555554,5.111111111111112,12.444444444444445,82.44444444444444,7.111111111111111,75.33333333333333
E00079318,258,52,21,31,206,20,186,20.155038759689923,8.13953488372093,12.015503875968992,79.84496124031007,7.751937984496124,72.09302325581395
E00079319,220,41,19,22,179,14,165,18.636363636363637,8.636363636363637,10,81.36363636363636,6.363636363636363,75
E00079320,288,57,23,34,231,19,212,19.791666666666664,7.986111111111111,11.805555555555555,80.20833333333334,6.597222222222222,73.61111111111111
E00079321,293,71,26,45,222,23,199,24.2320819112628,8.873720136518772,15.358361774744028,75.76791808873719,7.849829351535837,67.91808873720136
E00079322,162,50,22,28,112,16,96,30.864197530864196,13.580246913580247,17.28395061728395,69.1358024691358,9.876543209876543,59.25925925925925
E00079323,220,57,22,35,163,23,140,25.90909090909091,10,15.909090909090908,74.0909090909091,10.454545454545453,63.63636363636363
E00079324,282,59,9,50,223,20,203,20.921985815602838,3.1914893617021276,17.73049645390071,79.07801418439716,7.092198581560284,71.98581560283688
E00079325,362,44,13,31,318,29,289,12.154696132596685,3.591160220994475,8.56353591160221,87.84530386740332,8.011049723756907,79.8342541436464
E00079326,309,83,56,27,226,24,202,26.860841423948216,18.12297734627832,8.737864077669903,73.13915857605178,7.766990291262135,65.37216828478964
E00079327,339,40,12,28,299,33,266,11.799410029498524,3.5398230088495577,8.259587020648967,88.20058997050147,9.734513274336283,78.46607669616519
E00079328,282,63,22,41,219,16,203,22.340425531914892,7.801418439716312,14.539007092198581,77.6595744680851,5.673758865248227,71.98581560283688
E00079329,261,61,18,43,200,19,181,23.371647509578544,6.896551724137931,16.47509578544061,76.62835249042146,7.2796934865900385,69.34865900383141
E00079330,114,45,20,25,69,7,62,39.473684210526315,17.543859649122805,21.929824561403507,60.526315789473685,6.140350877192982,54.385964912280706
E00079331,318,67,16,51,251,23,228,21.069182389937108,5.031446540880504,16.037735849056602,78.9308176100629,7.232704402515723,71.69811320754717
E00079332,276,55,25,30,221,28,193,19.92753623188406,9.057971014492754,10.869565217391305,80.07246376811594,10.144927536231885,69.92753623188406
E00079333,218,69,28,41,149,15,134,31.65137614678899,12.844036697247708,18.807339449541285,68.34862385321101,6.8807339449541285,61.46788990825688
E00079334,262,60,21,39,202,19,183,22.900763358778626,8.015267175572518,14.885496183206106,77.09923664122137,7.251908396946565,69.8473282442748
E00079335,236,35,10,25,201,15,186,14.83050847457627,4.23728813559322,10.59322033898305,85.16949152542372,6.3559322033898304,78.8135593220339
E00079336,272,51,9,42,221,14,207,18.75,3.308823529411765,15.441176470588236,81.25,5.147058823529411,76.10294117647058
E00079337,253,71,28,43,182,17,165,28.063241106719367,11.067193675889328,16.99604743083004,71.93675889328063,6.719367588932807,65.21739130434783
E00079338,290,47,20,27,243,30,213,16.206896551724135,6.896551724137931,9.310344827586208,83.79310344827586,10.344827586206897,73.44827586206897
E00079339,240,42,12,30,198,11,187,17.5,5,12.5,82.5,4.583333333333333,77.91666666666667
E00079341,382,55,22,33,327,24,303,14.397905759162304,5.7591623036649215,8.638743455497382,85.6020942408377,6.282722513089005,79.31937172774869
E00079342,289,57,23,34,232,27,205,19.72318339100346,7.958477508650519,11.76470588235294,80.27681660899654,9.342560553633218,70.93425605536332
E00079343,313,51,26,25,262,31,231,16.293929712460063,8.30670926517572,7.987220447284344,83.70607028753993,9.904153354632587,73.80191693290735
E00079344,295,59,31,28,236,25,211,20,10.508474576271185,9.491525423728813,80,8.47457627118644,71.52542372881356
E00079345,305,54,21,33,251,23,228,17.704918032786885,6.885245901639345,10.819672131147541,82.29508196721311,7.540983606557377,74.75409836065575
E00079346,284,60,28,32,224,16,208,21.12676056338028,9.859154929577464,11.267605633802818,78.87323943661971,5.633802816901409,73.23943661971832
E00079347,390,53,20,33,337,16,321,13.58974358974359,5.128205128205128,8.461538461538462,86.41025641025641,4.102564102564102,82.3076923076923
E00079348,263,44,19,25,219,15,204,16.730038022813687,7.224334600760455,9.505703422053232,83.26996197718631,5.7034220532319395,77.56653992395437
E00079349,333,50,14,36,283,25,258,15.015015015015015,4.2042042042042045,10.81081081081081,84.98498498498499,7.5075075075075075,77.47747747747748
E00079350,332,61,14,47,271,31,240,18.373493975903614,4.216867469879518,14.156626506024098,81.62650602409639,9.33734939759036,72.28915662650603
E00079351,304,45,17,28,259,27,232,14.802631578947366,5.592105263157895,9.210526315789473,85.19736842105263,8.881578947368421,76.31578947368422
E00079352,310,57,28,29,253,15,238,18.387096774193548,9.032258064516128,9.35483870967742,81.61290322580645,4.838709677419355,76.77419354838709
E00079353,287,48,23,25,239,19,220,16.72473867595819,8.013937282229964,8.710801393728223,83.27526132404182,6.620209059233449,76.65505226480836
E00079354,318,93,63,30,225,21,204,29.245283018867923,19.81132075471698,9.433962264150944,70.75471698113208,6.60377358490566,64.15094339622641
E00079355,414,148,85,63,266,19,247,35.748792270531396,20.531400966183575,15.217391304347828,64.25120772946859,4.5893719806763285,59.66183574879227
E00079356,345,44,13,31,301,15,286,12.753623188405797,3.768115942028986,8.985507246376812,87.2463768115942,4.3478260869565215,82.89855072463767
E00079357,441,65,28,37,376,18,358,14.73922902494331,6.349206349206349,8.390022675736962,85.26077097505669,4.081632653061225,81.17913832199547
E00079359,375,51,22,29,324,21,303,13.600000000000001,5.866666666666666,7.733333333333333,86.4,5.6000000000000005,80.80000000000001
E00079360,368,61,27,34,307,23,284,16.57608695652174,7.336956521739131,9.239130434782608,83.42391304347827,6.25,77.17391304347827
E00079361,317,52,26,26,265,19,246,16.40378548895899,8.201892744479496,8.201892744479496,83.59621451104101,5.993690851735016,77.60252365930599
E00079362,408,54,16,38,354,18,336,13.23529411764706,3.9215686274509802,9.313725490196079,86.76470588235294,4.411764705882353,82.35294117647058
E00079363,505,41,24,17,464,13,451,8.118811881188119,4.752475247524752,3.3663366336633667,91.88118811881189,2.5742574257425743,89.3069306930693
E00079364,323,55,27,28,268,19,249,17.027863777089784,8.359133126934983,8.6687306501548,82.97213622291022,5.88235294117647,77.08978328173374
E00079365,394,39,17,22,355,11,344,9.898477157360407,4.314720812182741,5.583756345177665,90.1015228426396,2.7918781725888326,87.30964467005076
E00171248,358,36,17,19,322,26,296,10.05586592178771,4.748603351955307,5.307262569832402,89.94413407821229,7.262569832402235,82.68156424581005
E00171249,376,32,8,24,344,22,322,8.51063829787234,2.127659574468085,6.382978723404255,91.48936170212765,5.851063829787234,85.63829787234043
E00171250,384,28,10,18,356,26,330,7.291666666666667,2.604166666666667,4.6875,92.70833333333334,6.770833333333333,85.9375
E00171251,343,29,10,19,314,23,291,8.454810495626822,2.9154518950437316,5.539358600583091,91.54518950437318,6.705539358600583,84.8396501457726
E00171252,377,10,5,5,367,29,338,2.6525198938992043,1.3262599469496021,1.3262599469496021,97.34748010610079,7.6923076923076925,89.65517241379311
E00171253,103,32,17,15,71,14,57,31.06796116504854,16.50485436893204,14.563106796116504,68.93203883495146,13.592233009708737,55.33980582524271
E00171254,414,39,14,25,375,22,353,9.420289855072465,3.3816425120772946,6.038647342995169,90.57971014492753,5.314009661835748,85.26570048309179
E00171256,294,26,9,17,268,18,250,8.843537414965986,3.061224489795918,5.782312925170068,91.15646258503402,6.122448979591836,85.03401360544217
E00171257,121,11,4,7,110,3,107,9.090909090909092,3.3057851239669422,5.785123966942149,90.9090909090909,2.479338842975207,88.42975206611571
E00171258,192,24,9,15,168,14,154,12.5,4.6875,7.8125,87.5,7.291666666666667,80.20833333333334
E00171259,152,14,5,9,138,6,132,9.210526315789473,3.289473684210526,5.921052631578947,90.78947368421053,3.9473684210526314,86.8421052631579
E00171260,228,28,9,19,200,8,192,12.280701754385964,3.9473684210526314,8.333333333333332,87.71929824561403,3.508771929824561,84.21052631578947
E00171261,467,45,21,24,422,23,399,9.635974304068522,4.496788008565311,5.139186295503212,90.36402569593149,4.925053533190578,85.4389721627409
E00171262,385,44,21,23,341,21,320,11.428571428571429,5.454545454545454,5.974025974025974,88.57142857142857,5.454545454545454,83.11688311688312
E00171263,307,52,17,35,255,11,244,16.938110749185668,5.537459283387622,11.400651465798045,83.06188925081433,3.5830618892508146,79.47882736156352
E00171264,226,38,18,20,188,15,173,16.8141592920354,7.964601769911504,8.849557522123893,83.1858407079646,6.637168141592921,76.54867256637168
E00171266,332,32,16,16,300,16,284,9.63855421686747,4.819277108433735,4.819277108433735,90.36144578313254,4.819277108433735,85.54216867469879
E00171267,308,36,20,16,272,8,264,11.688311688311687,6.493506493506493,5.194805194805195,88.31168831168831,2.5974025974025974,85.71428571428571
E00171268,619,83,40,43,536,18,518,13.408723747980615,6.462035541195476,6.946688206785137,86.59127625201938,2.9079159935379644,83.68336025848141
E00171269,328,37,18,19,291,11,280,11.28048780487805,5.487804878048781,5.7926829268292686,88.71951219512195,3.353658536585366,85.36585365853658
E00171270,432,47,13,34,385,21,364,10.87962962962963,3.009259259259259,7.87037037037037,89.12037037037037,4.861111111111112,84.25925925925925
E00171271,292,29,6,23,263,14,249,9.931506849315069,2.054794520547945,7.876712328767123,90.06849315068493,4.794520547945205,85.27397260273972
E00171272,205,25,9,16,180,12,168,12.195121951219512,4.390243902439024,7.804878048780488,87.8048780487805,5.853658536585367,81.95121951219512
E00171273,161,10,3,7,151,6,145,6.211180124223603,1.8633540372670807,4.3478260869565215,93.7888198757764,3.7267080745341614,90.06211180124224
E00171274,163,14,2,12,149,8,141,8.588957055214724,1.2269938650306749,7.361963190184049,91.41104294478528,4.9079754601226995,86.50306748466258
E00171275,156,29,17,12,127,6,121,18.58974358974359,10.897435897435898,7.6923076923076925,81.41025641025641,3.8461538461538463,77.56410256410257
E00171276,228,19,7,12,209,22,187,8.333333333333332,3.070175438596491,5.263157894736842,91.66666666666666,9.649122807017543,82.01754385964912
E00171277,259,32,13,19,227,22,205,12.355212355212355,5.019305019305019,7.335907335907336,87.64478764478764,8.494208494208493,79.15057915057915
E00171278,149,32,15,17,117,5,112,21.476510067114095,10.06711409395973,11.409395973154362,78.52348993288591,3.3557046979865772,75.16778523489933
E00171279,482,65,24,41,417,30,387,13.485477178423237,4.979253112033195,8.506224066390041,86.51452282157676,6.224066390041494,80.29045643153528
E00171280,278,30,5,25,248,23,225,10.79136690647482,1.7985611510791366,8.992805755395683,89.20863309352518,8.273381294964029,80.93525179856115
E00171281,383,37,10,27,346,19,327,9.660574412532636,2.610966057441253,7.049608355091384,90.33942558746736,4.960835509138381,85.37859007832898
E00171283,232,32,11,21,200,10,190,13.793103448275861,4.741379310344827,9.051724137931034,86.20689655172413,4.310344827586207,81.89655172413794
E00171284,169,21,7,14,148,11,137,12.42603550295858,4.142011834319527,8.284023668639055,87.57396449704143,6.508875739644971,81.06508875739645
E00171285,109,10,6,4,99,13,86,9.174311926605505,5.5045871559633035,3.669724770642202,90.82568807339449,11.926605504587156,78.89908256880734
E00171287,133,27,12,15,106,5,101,20.30075187969925,9.022556390977442,11.278195488721805,79.69924812030075,3.7593984962406015,75.93984962406014
E00171289,184,20,9,11,164,13,151,10.869565217391305,4.891304347826087,5.978260869565218,89.13043478260869,7.065217391304348,82.06521739130434
E00171291,175,14,2,12,161,10,151,8,1.1428571428571428,6.857142857142858,92,5.714285714285714,86.28571428571429
E00171294,224,31,12,19,193,13,180,13.839285714285715,5.357142857142857,8.482142857142858,86.16071428571429,5.803571428571429,80.35714285714286
E00171295,161,27,7,20,134,14,120,16.77018633540373,4.3478260869565215,12.422360248447205,83.22981366459628,8.695652173913043,74.53416149068323
E00171296,201,29,12,17,172,13,159,14.427860696517413,5.970149253731343,8.45771144278607,85.57213930348259,6.467661691542288,79.1044776119403
E00171297,385,54,29,25,331,9,322,14.025974025974024,7.532467532467532,6.493506493506493,85.97402597402596,2.3376623376623376,83.63636363636363
E00171298,348,22,6,16,326,11,315,6.321839080459771,1.7241379310344827,4.597701149425287,93.67816091954023,3.1609195402298855,90.51724137931035
E00171300,410,76,35,41,334,13,321,18.536585365853657,8.536585365853659,10,81.46341463414633,3.1707317073170733,78.29268292682927
E00171301,216,26,9,17,190,14,176,12.037037037037036,4.166666666666666,7.87037037037037,87.96296296296296,6.481481481481481,81.48148148148148
E00171302,289,37,9,28,252,13,239,12.802768166089965,3.1141868512110724,9.688581314878892,87.19723183391004,4.498269896193772,82.69896193771626
E00171303,315,53,18,35,262,4,258,16.825396825396826,5.714285714285714,11.11111111111111,83.17460317460318,1.2698412698412698,81.9047619047619
E00171304,249,25,9,16,224,22,202,10.040160642570282,3.614457831325301,6.425702811244979,89.95983935742971,8.835341365461847,81.12449799196787
E00171306,156,8,2,6,148,9,139,5.128205128205128,1.282051282051282,3.8461538461538463,94.87179487179486,5.769230769230769,89.1025641025641
E00171307,167,21,9,12,146,5,141,12.574850299401197,5.389221556886228,7.18562874251497,87.42514970059881,2.9940119760479043,84.4311377245509
E00171308,242,24,5,19,218,15,203,9.917355371900827,2.066115702479339,7.851239669421488,90.08264462809917,6.198347107438017,83.88429752066115
E00171309,242,32,6,26,210,18,192,13.223140495867769,2.479338842975207,10.743801652892563,86.77685950413223,7.43801652892562,79.33884297520662
E00171310,329,34,9,25,295,24,271,10.33434650455927,2.735562310030395,7.598784194528875,89.66565349544074,7.29483282674772,82.37082066869301
E00171311,332,39,11,28,293,19,274,11.74698795180723,3.313253012048193,8.433734939759036,88.25301204819277,5.72289156626506,82.53012048192771
E00171312,197,39,18,21,158,14,144,19.796954314720814,9.137055837563452,10.65989847715736,80.20304568527918,7.1065989847715745,73.09644670050761
E00171313,195,13,7,6,182,17,165,6.666666666666667,3.5897435897435894,3.076923076923077,93.33333333333333,8.717948717948717,84.61538461538461
E00171314,219,24,1,23,195,8,187,10.95890410958904,0.45662100456621,10.50228310502283,89.04109589041096,3.65296803652968,85.38812785388129
E00171315,204,33,19,14,171,6,165,16.176470588235293,9.313725490196079,6.862745098039216,83.82352941176471,2.941176470588235,80.88235294117648
E00171316,165,10,3,7,155,8,147,6.0606060606060606,1.8181818181818181,4.242424242424243,93.93939393939394,4.848484848484849,89.0909090909091
E00171318,179,26,13,13,153,14,139,14.52513966480447,7.262569832402235,7.262569832402235,85.47486033519553,7.82122905027933,77.6536312849162
E00171319,336,36,15,21,300,24,276,10.714285714285714,4.464285714285714,6.25,89.28571428571429,7.142857142857142,82.14285714285714
E00171320,176,23,8,15,153,11,142,13.068181818181818,4.545454545454546,8.522727272727272,86.93181818181817,6.25,80.68181818181817
E00171321,367,39,10,29,328,17,311,10.626702997275205,2.7247956403269753,7.901907356948229,89.3732970027248,4.632152588555858,84.74114441416893
E00171323,112,6,1,5,106,10,96,5.357142857142857,0.8928571428571428,4.464285714285714,94.64285714285714,8.928571428571429,85.71428571428571
E00171324,156,18,6,12,138,9,129,11.538461538461538,3.8461538461538463,7.6923076923076925,88.46153846153845,5.769230769230769,82.6923076923077
E00171326,316,43,16,27,273,25,248,13.60759493670886,5.063291139240507,8.544303797468354,86.39240506329115,7.9113924050632916,78.48101265822784
E00171327,260,43,16,27,217,15,202,16.538461538461537,6.153846153846154,10.384615384615385,83.46153846153847,5.769230769230769,77.6923076923077
E00171329,297,45,16,29,252,25,227,15.151515151515152,5.387205387205387,9.764309764309765,84.84848484848484,8.417508417508419,76.43097643097643
E00171330,166,40,29,11,126,7,119,24.096385542168676,17.46987951807229,6.626506024096386,75.90361445783132,4.216867469879518,71.6867469879518
E00171331,454,37,10,27,417,41,376,8.149779735682818,2.2026431718061676,5.947136563876652,91.85022026431719,9.030837004405285,82.81938325991189
E00187604,258,82,36,46,176,14,162,31.782945736434108,13.953488372093023,17.829457364341085,68.21705426356588,5.426356589147287,62.7906976744186
E00187605,345,57,26,31,288,22,266,16.52173913043478,7.536231884057972,8.985507246376812,83.47826086956522,6.3768115942028984,77.10144927536233
E00187606,207,69,46,23,138,10,128,33.33333333333333,22.22222222222222,11.11111111111111,66.66666666666666,4.830917874396135,61.83574879227053
E00187607,393,42,12,30,351,17,334,10.687022900763358,3.0534351145038165,7.633587786259542,89.31297709923665,4.325699745547073,84.98727735368958
E00187608,451,37,13,24,414,15,399,8.2039911308204,2.882483370288248,5.321507760532151,91.7960088691796,3.325942350332594,88.470066518847
E00187613,225,24,11,13,201,13,188,10.666666666666668,4.888888888888889,5.777777777777778,89.33333333333333,5.777777777777778,83.55555555555556
E00187614,473,56,21,35,417,25,392,11.839323467230443,4.439746300211417,7.399577167019028,88.16067653276956,5.2854122621564485,82.8752642706131
E00187615,300,43,16,27,257,16,241,14.333333333333334,5.333333333333334,9,85.66666666666667,5.333333333333334,80.33333333333333
E00187618,540,80,29,51,460,44,416,14.814814814814813,5.37037037037037,9.444444444444445,85.18518518518519,8.148148148148149,77.03703703703704
E00187620,278,29,9,20,249,14,235,10.431654676258994,3.237410071942446,7.1942446043165464,89.568345323741,5.0359712230215825,84.53237410071942
E00187622,117,13,7,6,104,13,91,11.11111111111111,5.982905982905983,5.128205128205128,88.88888888888889,11.11111111111111,77.77777777777779
E00187624,243,25,8,17,218,14,204,10.2880658436214,3.292181069958848,6.995884773662551,89.7119341563786,5.761316872427984,83.9506172839506
E00187625,448,35,11,24,413,22,391,7.8125,2.455357142857143,5.357142857142857,92.1875,4.910714285714286,87.27678571428571
E00187626,426,35,14,21,391,25,366,8.215962441314554,3.286384976525822,4.929577464788732,91.78403755868545,5.868544600938967,85.91549295774648
E00187627,206,21,6,15,185,18,167,10.194174757281553,2.912621359223301,7.281553398058252,89.80582524271846,8.737864077669903,81.06796116504854
E00187628,306,65,27,38,241,18,223,21.241830065359476,8.823529411764707,12.418300653594772,78.75816993464052,5.88235294117647,72.87581699346404
E00187630,360,10,0,10,350,26,324,2.7777777777777777,0,2.7777777777777777,97.22222222222221,7.222222222222221,90
E00187635,440,59,13,46,381,27,354,13.40909090909091,2.9545454545454546,10.454545454545453,86.5909090909091,6.136363636363637,80.45454545454545
E00187637,102,8,4,4,94,9,85,7.8431372549019605,3.9215686274509802,3.9215686274509802,92.15686274509804,8.823529411764707,83.33333333333334
E00187639,861,439,162,277,422,69,353,50.987224157955865,18.81533101045296,32.17189314750291,49.012775842044135,8.013937282229964,40.998838559814175
E00187640,613,100,41,59,513,36,477,16.31321370309951,6.688417618270799,9.624796084828711,83.68678629690048,5.872756933115824,77.81402936378467
E00187643,193,23,7,16,170,6,164,11.917098445595855,3.6269430051813467,8.290155440414509,88.08290155440415,3.1088082901554404,84.97409326424871
E00187647,351,29,13,16,322,14,308,8.262108262108262,3.7037037037037033,4.5584045584045585,91.73789173789174,3.9886039886039883,87.74928774928775
E00187650,275,44,18,26,231,14,217,16,6.545454545454546,9.454545454545455,84,5.090909090909091,78.9090909090909
E00187654,253,19,6,13,234,7,227,7.5098814229249005,2.371541501976284,5.138339920948617,92.4901185770751,2.766798418972332,89.72332015810277
E00187657,581,85,38,47,496,39,457,14.629948364888124,6.540447504302927,8.089500860585199,85.37005163511188,6.712564543889846,78.65748709122204
E00187658,393,81,37,44,312,20,292,20.610687022900763,9.414758269720101,11.195928753180661,79.38931297709924,5.089058524173027,74.30025445292621
E00187663,305,13,2,11,292,16,276,4.2622950819672125,0.6557377049180327,3.606557377049181,95.73770491803279,5.245901639344262,90.49180327868852
E00187664,325,25,3,22,300,23,277,7.6923076923076925,0.9230769230769231,6.769230769230769,92.3076923076923,7.076923076923077,85.23076923076923
E00187665,173,23,11,12,150,13,137,13.294797687861271,6.358381502890173,6.9364161849710975,86.70520231213872,7.514450867052023,79.1907514450867
E00187666,431,66,32,34,365,19,346,15.31322505800464,7.424593967517401,7.888631090487238,84.68677494199535,4.408352668213457,80.2784222737819
E00187667,155,22,8,14,133,14,119,14.193548387096774,5.161290322580645,9.032258064516128,85.80645161290322,9.032258064516128,76.77419354838709
E00187675,206,20,3,17,186,15,171,9.70873786407767,1.4563106796116505,8.25242718446602,90.29126213592234,7.281553398058252,83.00970873786407
E00187676,550,42,9,33,508,25,483,7.636363636363637,1.6363636363636365,6,92.36363636363636,4.545454545454546,87.81818181818181
E00187686,122,3,0,3,119,6,113,2.459016393442623,0,2.459016393442623,97.54098360655738,4.918032786885246,92.62295081967213
E00187690,264,36,11,25,228,10,218,13.636363636363635,4.166666666666666,9.469696969696969,86.36363636363636,3.787878787878788,82.57575757575758
E00187694,178,23,9,14,155,9,146,12.921348314606742,5.056179775280898,7.865168539325842,87.07865168539325,5.056179775280898,82.02247191011236
E00187695,521,83,49,34,438,31,407,15.930902111324377,9.404990403071018,6.525911708253358,84.06909788867563,5.950095969289827,78.1190019193858
E00187696,281,38,13,25,243,18,225,13.523131672597867,4.6263345195729535,8.896797153024911,86.47686832740213,6.405693950177936,80.0711743772242
E00187697,479,25,5,20,454,27,427,5.219206680584551,1.0438413361169103,4.175365344467641,94.78079331941545,5.6367432150313155,89.14405010438414
E00187698,282,23,5,18,259,29,230,8.156028368794328,1.773049645390071,6.382978723404255,91.84397163120568,10.28368794326241,81.56028368794325
E00187701,297,14,1,13,283,21,262,4.713804713804714,0.33670033670033667,4.377104377104377,95.28619528619528,7.07070707070707,88.21548821548821
E00187706,594,80,31,49,514,27,487,13.468013468013467,5.218855218855219,8.24915824915825,86.53198653198653,4.545454545454546,81.98653198653199
E00187707,130,17,6,11,113,10,103,13.076923076923078,4.615384615384616,8.461538461538462,86.92307692307692,7.6923076923076925,79.23076923076923
E00187709,489,28,7,21,461,20,441,5.725971370143149,1.4314928425357873,4.294478527607362,94.27402862985686,4.08997955010225,90.1840490797546
E00187710,104,14,7,7,90,4,86,13.461538461538462,6.730769230769231,6.730769230769231,86.53846153846155,3.8461538461538463,82.6923076923077
E00187714,141,15,3,12,126,2,124,10.638297872340425,2.127659574468085,8.51063829787234,89.36170212765957,1.4184397163120568,87.94326241134752
E00187723,209,42,23,19,167,13,154,20.095693779904305,11.004784688995215,9.090909090909092,79.90430622009569,6.220095693779904,73.68421052631578
E00187724,272,20,3,17,252,18,234,7.352941176470589,1.1029411764705883,6.25,92.64705882352942,6.61764705882353,86.02941176470588
E00187727,276,29,4,25,247,6,241,10.507246376811594,1.4492753623188406,9.057971014492754,89.4927536231884,2.1739130434782608,87.31884057971014
E00187731,515,50,19,31,465,26,439,9.70873786407767,3.6893203883495143,6.019417475728155,90.29126213592234,5.048543689320388,85.24271844660194
E00187736,475,25,3,22,450,30,420,5.263157894736842,0.631578947368421,4.631578947368421,94.73684210526315,6.315789473684211,88.42105263157895
E00187739,143,50,30,20,93,9,84,34.96503496503497,20.97902097902098,13.986013986013987,65.03496503496503,6.293706293706294,58.74125874125874
E00187740,296,47,26,21,249,14,235,15.878378378378377,8.783783783783784,7.094594594594595,84.12162162162163,4.72972972972973,79.3918918918919
E00187756,197,28,11,17,169,5,164,14.213197969543149,5.583756345177665,8.629441624365482,85.78680203045685,2.5380710659898478,83.24873096446701
E00187760,484,36,8,28,448,24,424,7.43801652892562,1.6528925619834711,5.785123966942149,92.56198347107438,4.958677685950414,87.60330578512396
E00187761,412,44,14,30,368,25,343,10.679611650485436,3.3980582524271843,7.281553398058252,89.32038834951457,6.067961165048544,83.25242718446601
E00187767,218,25,9,16,193,18,175,11.46788990825688,4.128440366972478,7.339449541284404,88.53211009174312,8.256880733944955,80.27522935779817
E00187773,278,25,11,14,253,27,226,8.992805755395683,3.9568345323741005,5.0359712230215825,91.00719424460432,9.712230215827338,81.29496402877699
E00187774,364,49,20,29,315,22,293,13.461538461538462,5.4945054945054945,7.967032967032966,86.53846153846155,6.043956043956044,80.4945054945055
E00187775,332,22,5,17,310,17,293,6.626506024096386,1.5060240963855422,5.120481927710843,93.37349397590361,5.120481927710843,88.25301204819277
E00187778,463,47,26,21,416,7,409,10.151187904967603,5.615550755939525,4.535637149028078,89.8488120950324,1.511879049676026,88.33693304535637
E00187779,246,23,10,13,223,18,205,9.34959349593496,4.0650406504065035,5.284552845528456,90.65040650406505,7.317073170731707,83.33333333333334
E00187784,238,16,0,16,222,12,210,6.722689075630252,0,6.722689075630252,93.27731092436974,5.042016806722689,88.23529411764706
E00187786,418,54,26,28,364,20,344,12.918660287081341,6.220095693779904,6.698564593301436,87.08133971291866,4.784688995215311,82.29665071770334
E00187789,336,47,14,33,289,14,275,13.988095238095239,4.166666666666666,9.821428571428571,86.01190476190477,4.166666666666666,81.84523809523809
E00187790,273,39,14,25,234,27,207,14.285714285714285,5.128205128205128,9.157509157509157,85.71428571428571,9.89010989010989,75.82417582417582
E00187792,152,21,12,9,131,5,126,13.815789473684212,7.894736842105263,5.921052631578947,86.18421052631578,3.289473684210526,82.89473684210526
E00187795,357,47,19,28,310,10,300,13.165266106442578,5.322128851540616,7.8431372549019605,86.83473389355743,2.801120448179272,84.03361344537815
E00187798,158,33,15,18,125,8,117,20.88607594936709,9.49367088607595,11.39240506329114,79.11392405063292,5.063291139240507,74.0506329113924
E00187799,320,32,10,22,288,17,271,10,3.125,6.875000000000001,90,5.3125,84.6875
E00187806,622,64,27,37,558,32,526,10.289389067524116,4.340836012861737,5.94855305466238,89.71061093247589,5.144694533762058,84.56591639871382
E00187809,502,37,11,26,465,25,440,7.370517928286853,2.1912350597609564,5.179282868525896,92.62948207171314,4.9800796812749,87.64940239043824
E00187810,112,5,0,5,107,4,103,4.464285714285714,0,4.464285714285714,95.53571428571429,3.571428571428571,91.96428571428571
E00187814,454,45,14,31,409,23,386,9.911894273127754,3.0837004405286343,6.828193832599119,90.08810572687224,5.066079295154185,85.02202643171806
E00187824,520,46,15,31,474,32,442,8.846153846153847,2.8846153846153846,5.961538461538462,91.15384615384615,6.153846153846154,85
E00187826,541,61,20,41,480,27,453,11.275415896487985,3.6968576709796674,7.578558225508318,88.72458410351202,4.990757855822551,83.73382624768946
E00187830,324,22,5,17,302,21,281,6.790123456790123,1.5432098765432098,5.246913580246913,93.20987654320987,6.481481481481481,86.72839506172839
E00187831,151,12,3,9,139,8,131,7.9470198675496695,1.9867549668874174,5.960264900662252,92.05298013245033,5.298013245033113,86.75496688741721
E00187832,355,22,3,19,333,27,306,6.197183098591549,0.8450704225352111,5.352112676056338,93.80281690140845,7.605633802816901,86.19718309859155
E00187835,128,12,4,8,116,7,109,9.375,3.125,6.25,90.625,5.46875,85.15625
E00187838,192,30,17,13,162,9,153,15.625,8.854166666666668,6.770833333333333,84.375,4.6875,79.6875
E00187847,132,33,20,13,99,4,95,25,15.151515151515152,9.848484848484848,75,3.0303030303030303,71.96969696969697
E00187851,550,51,11,40,499,41,458,9.272727272727273,2,7.2727272727272725,90.72727272727272,7.454545454545454,83.27272727272728
