OA,ts0590001,ts0590002,ts0590003,ts0590004,ts0590005,ts0590006,ts0590007,ts0590002_PCT,ts0590003_PCT,ts0590004_PCT,ts0590005_PCT,ts0590006_PCT,ts0590007_PCT
E00078837,140,48,22,26,92,60,32,34.285714285714285,15.714285714285714,18.571428571428573,65.71428571428571,42.857142857142854,22.857142857142858
E00078838,187,54,19,35,133,101,32,28.87700534759358,10.16042780748663,18.71657754010695,71.12299465240642,54.01069518716578,17.11229946524064
E00078839,158,54,14,40,104,81,23,34.177215189873415,8.860759493670885,25.31645569620253,65.82278481012658,51.26582278481012,14.556962025316455
E00078840,87,26,12,14,61,43,18,29.88505747126437,13.793103448275861,16.091954022988507,70.11494252873564,49.42528735632184,20.689655172413794
E00078841,117,32,15,17,85,62,23,27.350427350427353,12.82051282051282,14.529914529914532,72.64957264957265,52.991452991452995,19.65811965811966
E00078842,203,68,22,46,135,112,23,33.497536945812804,10.83743842364532,22.660098522167488,66.50246305418719,55.172413793103445,11.330049261083744
E00078843,224,60,19,41,164,129,35,26.785714285714285,8.482142857142858,18.303571428571427,73.21428571428571,57.58928571428571,15.625
E00078844,173,41,12,29,132,108,24,23.699421965317917,6.9364161849710975,16.76300578034682,76.30057803468208,62.42774566473989,13.872832369942195
E00078845,71,23,9,14,48,35,13,32.3943661971831,12.676056338028168,19.718309859154928,67.6056338028169,49.29577464788733,18.30985915492958
E00078846,120,35,13,22,85,64,21,29.166666666666668,10.833333333333334,18.333333333333332,70.83333333333334,53.333333333333336,17.5
E00078847,138,54,31,23,84,63,21,39.130434782608695,22.463768115942027,16.666666666666664,60.86956521739131,45.65217391304348,15.217391304347828
E00078848,180,53,16,37,127,109,18,29.444444444444446,8.88888888888889,20.555555555555554,70.55555555555556,60.55555555555555,10
E00078849,26,6,2,4,20,18,2,23.076923076923077,7.6923076923076925,15.384615384615385,76.92307692307693,69.23076923076923,7.6923076923076925
E00078850,176,56,13,43,120,109,11,31.818181818181817,7.386363636363637,24.431818181818183,68.18181818181817,61.93181818181818,6.25
E00078851,152,51,22,29,101,88,13,33.55263157894737,14.473684210526317,19.078947368421055,66.44736842105263,57.89473684210527,8.552631578947368
E00078852,123,23,5,18,100,95,5,18.69918699186992,4.0650406504065035,14.634146341463413,81.30081300813008,77.23577235772358,4.0650406504065035
E00078853,157,53,21,32,104,93,11,33.75796178343949,13.375796178343949,20.382165605095544,66.2420382165605,59.23566878980891,7.006369426751593
E00078854,138,35,14,21,103,80,23,25.36231884057971,10.144927536231885,15.217391304347828,74.63768115942028,57.971014492753625,16.666666666666664
E00078855,86,23,7,16,63,54,9,26.744186046511626,8.13953488372093,18.6046511627907,73.25581395348837,62.7906976744186,10.465116279069768
E00078856,163,60,17,43,103,92,11,36.809815950920246,10.429447852760736,26.380368098159508,63.190184049079754,56.44171779141104,6.748466257668712
E00078857,91,28,12,16,63,50,13,30.76923076923077,13.186813186813188,17.582417582417584,69.23076923076923,54.94505494505495,14.285714285714285
E00078858,194,55,17,38,139,124,15,28.350515463917525,8.762886597938143,19.587628865979383,71.64948453608247,63.91752577319587,7.731958762886598
E00078859,68,15,3,12,53,53,0,22.058823529411764,4.411764705882353,17.647058823529413,77.94117647058823,77.94117647058823,0
E00078860,117,25,9,16,92,80,12,21.367521367521366,7.6923076923076925,13.675213675213676,78.63247863247864,68.37606837606837,10.256410256410255
E00078861,128,38,12,26,90,76,14,29.6875,9.375,20.3125,70.3125,59.375,10.9375
E00078862,175,42,10,32,133,114,19,24,5.714285714285714,18.285714285714285,76,65.14285714285715,10.857142857142858
E00078863,101,34,11,23,67,62,5,33.663366336633665,10.891089108910892,22.772277227722775,66.33663366336634,61.386138613861384,4.9504950495049505
E00078864,135,35,10,25,100,90,10,25.925925925925924,7.4074074074074066,18.51851851851852,74.07407407407408,66.66666666666666,7.4074074074074066
E00078865,158,58,21,37,100,91,9,36.708860759493675,13.291139240506327,23.417721518987342,63.29113924050633,57.59493670886076,5.69620253164557
E00078866,144,39,8,31,105,93,12,27.083333333333332,5.555555555555555,21.52777777777778,72.91666666666666,64.58333333333334,8.333333333333332
E00078867,182,58,18,40,124,109,15,31.868131868131865,9.89010989010989,21.978021978021978,68.13186813186813,59.89010989010989,8.241758241758241
E00078868,168,58,25,33,110,95,15,34.523809523809526,14.880952380952381,19.642857142857142,65.47619047619048,56.547619047619044,8.928571428571429
E00078869,170,52,20,32,118,99,19,30.58823529411765,11.76470588235294,18.823529411764707,69.41176470588235,58.235294117647065,11.176470588235295
E00078870,159,44,16,28,115,110,5,27.67295597484277,10.062893081761008,17.61006289308176,72.32704402515722,69.18238993710692,3.1446540880503147
E00078871,144,30,8,22,114,101,13,20.833333333333336,5.555555555555555,15.277777777777779,79.16666666666666,70.13888888888889,9.027777777777777
E00078872,153,49,18,31,104,97,7,32.02614379084967,11.76470588235294,20.26143790849673,67.97385620915033,63.39869281045751,4.57516339869281
E00078873,256,54,13,41,202,181,21,21.09375,5.078125,16.015625,78.90625,70.703125,8.203125
E00078874,175,35,7,28,140,127,13,20,4,16,80,72.57142857142857,7.428571428571429
E00078875,261,61,16,45,200,164,36,23.371647509578544,6.130268199233716,17.24137931034483,76.62835249042146,62.83524904214559,13.793103448275861
E00078876,141,40,12,28,101,90,11,28.368794326241137,8.51063829787234,19.858156028368796,71.63120567375887,63.829787234042556,7.801418439716312
E00078877,193,51,17,34,142,129,13,26.42487046632124,8.808290155440414,17.616580310880828,73.57512953367875,66.83937823834198,6.7357512953367875
E00078878,149,39,9,30,110,100,10,26.174496644295303,6.0402684563758395,20.13422818791946,73.8255033557047,67.11409395973155,6.7114093959731544
E00078879,136,38,8,30,98,87,11,27.941176470588236,5.88235294117647,22.058823529411764,72.05882352941177,63.970588235294116,8.088235294117647
E00078880,158,51,19,32,107,86,21,32.278481012658226,12.025316455696203,20.253164556962027,67.72151898734177,54.43037974683544,13.291139240506327
E00078881,75,23,4,19,52,44,8,30.666666666666664,5.333333333333334,25.333333333333336,69.33333333333334,58.666666666666664,10.666666666666668
E00078882,131,48,17,31,83,72,11,36.6412213740458,12.977099236641221,23.66412213740458,63.358778625954194,54.961832061068705,8.396946564885496
E00078883,146,52,14,38,94,87,7,35.61643835616438,9.58904109589041,26.027397260273972,64.38356164383562,59.589041095890416,4.794520547945205
E00078884,196,66,20,46,130,110,20,33.6734693877551,10.204081632653061,23.46938775510204,66.3265306122449,56.12244897959183,10.204081632653061
E00078885,161,37,11,26,124,112,12,22.981366459627328,6.832298136645963,16.149068322981368,77.01863354037268,69.56521739130434,7.453416149068323
E00078886,158,38,13,25,120,113,7,24.050632911392405,8.227848101265822,15.822784810126583,75.9493670886076,71.51898734177216,4.430379746835443
E00078887,182,52,16,36,130,110,20,28.57142857142857,8.791208791208792,19.78021978021978,71.42857142857143,60.43956043956044,10.989010989010989
E00078888,112,32,11,21,80,70,10,28.57142857142857,9.821428571428571,18.75,71.42857142857143,62.5,8.928571428571429
E00078889,188,80,18,62,108,95,13,42.5531914893617,9.574468085106384,32.97872340425532,57.446808510638306,50.53191489361703,6.914893617021277
E00078892,256,58,23,35,198,176,22,22.65625,8.984375,13.671875,77.34375,68.75,8.59375
E00078893,238,49,12,37,189,158,31,20.588235294117645,5.042016806722689,15.546218487394958,79.41176470588235,66.38655462184873,13.025210084033615
E00078894,100,26,9,17,74,68,6,26,9,17,74,68,6
E00078896,245,82,20,62,163,140,23,33.46938775510204,8.16326530612245,25.30612244897959,66.53061224489795,57.14285714285714,9.387755102040817
E00078898,153,34,10,24,119,96,23,22.22222222222222,6.535947712418301,15.686274509803921,77.77777777777779,62.745098039215684,15.032679738562091
E00078899,238,87,31,56,151,137,14,36.554621848739494,13.025210084033615,23.52941176470588,63.4453781512605,57.56302521008403,5.88235294117647
E00078900,204,67,17,50,137,122,15,32.84313725490196,8.333333333333332,24.509803921568626,67.15686274509804,59.80392156862745,7.352941176470589
E00078901,243,94,24,70,149,130,19,38.68312757201646,9.876543209876543,28.80658436213992,61.31687242798354,53.497942386831276,7.818930041152264
E00078902,258,103,26,77,155,134,21,39.922480620155035,10.077519379844961,29.844961240310074,60.07751937984496,51.93798449612403,8.13953488372093
E00078903,207,89,20,69,118,112,6,42.99516908212561,9.66183574879227,33.33333333333333,57.00483091787439,54.106280193236714,2.898550724637681
E00078904,204,96,38,58,108,89,19,47.05882352941176,18.627450980392158,28.431372549019606,52.94117647058824,43.627450980392155,9.313725490196079
E00078905,191,76,17,59,115,109,6,39.79057591623037,8.900523560209423,30.89005235602094,60.20942408376963,57.06806282722513,3.1413612565445024
E00078906,145,54,13,41,91,87,4,37.24137931034483,8.96551724137931,28.27586206896552,62.758620689655174,60,2.7586206896551726
E00078907,215,86,24,62,129,113,16,40,11.162790697674419,28.837209302325583,60,52.55813953488372,7.441860465116279
E00078909,237,65,19,46,172,155,17,27.42616033755274,8.016877637130802,19.40928270042194,72.57383966244726,65.40084388185655,7.172995780590717
E00078910,181,70,31,39,111,105,6,38.67403314917127,17.12707182320442,21.54696132596685,61.32596685082873,58.011049723756905,3.314917127071823
E00078911,257,86,27,59,171,157,14,33.46303501945525,10.505836575875486,22.957198443579767,66.53696498054474,61.08949416342413,5.447470817120623
E00078912,159,40,6,34,119,101,18,25.157232704402517,3.7735849056603774,21.38364779874214,74.84276729559748,63.52201257861635,11.320754716981133
E00078913,197,52,18,34,145,128,17,26.39593908629442,9.137055837563452,17.258883248730964,73.60406091370558,64.9746192893401,8.629441624365482
E00078914,185,57,33,24,128,116,12,30.810810810810814,17.83783783783784,12.972972972972974,69.1891891891892,62.70270270270271,6.486486486486487
E00078915,136,43,14,29,93,77,16,31.61764705882353,10.294117647058822,21.323529411764707,68.38235294117648,56.61764705882353,11.76470588235294
E00078916,181,65,21,44,116,104,12,35.91160220994475,11.602209944751381,24.30939226519337,64.08839779005525,57.4585635359116,6.629834254143646
E00078917,167,59,13,46,108,97,11,35.32934131736527,7.784431137724551,27.54491017964072,64.67065868263472,58.08383233532935,6.58682634730539
E00078918,143,43,12,31,100,89,11,30.069930069930066,8.391608391608392,21.678321678321677,69.93006993006993,62.23776223776224,7.6923076923076925
E00078919,256,68,24,44,188,163,25,26.5625,9.375,17.1875,73.4375,63.671875,9.765625
E00078920,132,40,11,29,92,79,13,30.303030303030305,8.333333333333332,21.96969696969697,69.6969696969697,59.84848484848485,9.848484848484848
E00078921,114,44,15,29,70,63,7,38.59649122807017,13.157894736842104,25.438596491228072,61.40350877192983,55.26315789473685,6.140350877192982
E00078922,97,33,9,24,64,53,11,34.02061855670103,9.278350515463918,24.742268041237114,65.97938144329896,54.63917525773196,11.34020618556701
E00078923,141,44,9,35,97,83,14,31.20567375886525,6.382978723404255,24.822695035460992,68.79432624113475,58.86524822695035,9.929078014184398
E00078924,132,30,8,22,102,93,9,22.727272727272727,6.0606060606060606,16.666666666666664,77.27272727272727,70.45454545454545,6.8181818181818175
E00078925,134,48,16,32,86,70,16,35.82089552238806,11.940298507462686,23.88059701492537,64.17910447761194,52.23880597014925,11.940298507462686
E00078926,131,34,11,23,97,76,21,25.954198473282442,8.396946564885496,17.557251908396946,74.04580152671755,58.01526717557252,16.030534351145036
E00078927,161,49,18,31,112,96,16,30.434782608695656,11.180124223602485,19.25465838509317,69.56521739130434,59.62732919254658,9.937888198757763
E00078928,146,50,12,38,96,80,16,34.24657534246575,8.21917808219178,26.027397260273972,65.75342465753424,54.794520547945204,10.95890410958904
E00078929,219,68,21,47,151,130,21,31.05022831050228,9.58904109589041,21.461187214611872,68.94977168949772,59.3607305936073,9.58904109589041
E00078930,181,74,30,44,107,100,7,40.88397790055249,16.574585635359114,24.30939226519337,59.11602209944752,55.24861878453039,3.867403314917127
E00078931,103,31,10,21,72,64,8,30.097087378640776,9.70873786407767,20.388349514563107,69.90291262135922,62.13592233009708,7.766990291262135
E00078932,170,61,21,40,109,97,12,35.88235294117647,12.352941176470589,23.52941176470588,64.11764705882354,57.05882352941176,7.0588235294117645
E00078933,134,49,13,36,85,78,7,36.56716417910448,9.701492537313433,26.865671641791046,63.43283582089553,58.2089552238806,5.223880597014925
E00078934,145,52,16,36,93,77,16,35.86206896551724,11.03448275862069,24.82758620689655,64.13793103448275,53.103448275862064,11.03448275862069
E00078935,143,41,19,22,102,93,9,28.671328671328673,13.286713286713287,15.384615384615385,71.32867132867133,65.03496503496503,6.293706293706294
E00078936,161,51,17,34,110,93,17,31.67701863354037,10.559006211180124,21.11801242236025,68.32298136645963,57.7639751552795,10.559006211180124
E00078937,138,56,25,31,82,74,8,40.57971014492754,18.115942028985508,22.463768115942027,59.42028985507246,53.62318840579711,5.797101449275362
E00078938,237,79,26,53,158,135,23,33.33333333333333,10.970464135021098,22.362869198312236,66.66666666666666,56.9620253164557,9.70464135021097
E00078939,150,52,16,36,98,91,7,34.66666666666667,10.666666666666668,24,65.33333333333333,60.66666666666667,4.666666666666667
E00078940,162,45,8,37,117,104,13,27.77777777777778,4.938271604938271,22.839506172839506,72.22222222222221,64.19753086419753,8.024691358024691
E00078941,166,70,23,47,96,86,10,42.168674698795186,13.855421686746988,28.313253012048197,57.831325301204814,51.80722891566265,6.024096385542169
E00078942,151,38,13,25,113,99,14,25.165562913907287,8.609271523178808,16.55629139072848,74.83443708609272,65.56291390728477,9.271523178807946
E00078943,90,21,6,15,69,65,4,23.333333333333332,6.666666666666667,16.666666666666664,76.66666666666667,72.22222222222221,4.444444444444445
E00078944,216,50,10,40,166,144,22,23.14814814814815,4.62962962962963,18.51851851851852,76.85185185185185,66.66666666666666,10.185185185185185
E00078945,210,47,14,33,163,150,13,22.380952380952383,6.666666666666667,15.714285714285714,77.61904761904762,71.42857142857143,6.190476190476191
E00078946,191,71,15,56,120,106,14,37.17277486910995,7.853403141361256,29.31937172774869,62.82722513089005,55.497382198952884,7.329842931937172
E00078948,120,31,10,21,89,75,14,25.833333333333336,8.333333333333332,17.5,74.16666666666667,62.5,11.666666666666666
E00078949,210,62,20,42,148,131,17,29.523809523809526,9.523809523809524,20,70.47619047619048,62.38095238095238,8.095238095238095
E00078950,180,63,22,41,117,103,14,35,12.222222222222221,22.77777777777778,65,57.22222222222222,7.777777777777778
E00078951,143,55,13,42,88,74,14,38.46153846153847,9.090909090909092,29.37062937062937,61.53846153846154,51.74825174825175,9.79020979020979
E00078952,190,55,18,37,135,119,16,28.947368421052634,9.473684210526317,19.473684210526315,71.05263157894737,62.63157894736842,8.421052631578947
E00078953,121,33,10,23,88,72,16,27.27272727272727,8.264462809917356,19.00826446280992,72.72727272727273,59.50413223140496,13.223140495867769
E00078954,165,67,23,44,98,91,7,40.60606060606061,13.939393939393941,26.666666666666668,59.3939393939394,55.15151515151515,4.242424242424243
E00078955,189,51,14,37,138,128,10,26.984126984126984,7.4074074074074066,19.576719576719576,73.01587301587301,67.72486772486772,5.291005291005291
E00078956,129,46,12,34,83,74,9,35.65891472868217,9.30232558139535,26.356589147286826,64.34108527131784,57.36434108527132,6.976744186046512
E00078957,271,63,22,41,208,181,27,23.247232472324722,8.118081180811808,15.129151291512915,76.75276752767527,66.78966789667896,9.96309963099631
E00078958,205,68,19,49,137,112,25,33.170731707317074,9.268292682926829,23.902439024390244,66.82926829268293,54.63414634146342,12.195121951219512
E00078959,190,39,11,28,151,127,24,20.526315789473685,5.7894736842105265,14.736842105263156,79.47368421052632,66.84210526315789,12.631578947368421
E00078960,178,64,22,42,114,99,15,35.95505617977528,12.359550561797752,23.595505617977526,64.04494382022472,55.61797752808989,8.426966292134832
E00078961,243,85,31,54,158,139,19,34.97942386831276,12.757201646090536,22.22222222222222,65.02057613168725,57.20164609053497,7.818930041152264
E00078962,151,39,14,25,112,95,17,25.82781456953642,9.271523178807946,16.55629139072848,74.17218543046357,62.913907284768214,11.258278145695364
E00078963,142,50,20,30,92,86,6,35.2112676056338,14.084507042253522,21.12676056338028,64.7887323943662,60.56338028169014,4.225352112676056
E00078964,121,44,20,24,77,69,8,36.36363636363637,16.528925619834713,19.834710743801654,63.63636363636363,57.02479338842975,6.6115702479338845
E00078965,181,54,20,34,127,110,17,29.83425414364641,11.049723756906078,18.784530386740332,70.1657458563536,60.773480662983424,9.392265193370166
E00078967,69,32,9,23,37,30,7,46.3768115942029,13.043478260869565,33.33333333333333,53.62318840579711,43.47826086956522,10.144927536231885
E00078968,219,59,21,38,160,128,32,26.94063926940639,9.58904109589041,17.35159817351598,73.0593607305936,58.44748858447488,14.61187214611872
E00078969,118,47,15,32,71,61,10,39.83050847457627,12.711864406779661,27.11864406779661,60.16949152542372,51.69491525423729,8.47457627118644
E00078970,137,34,11,23,103,95,8,24.817518248175183,8.02919708029197,16.78832116788321,75.18248175182481,69.34306569343066,5.839416058394161
E00078971,101,20,6,14,81,74,7,19.801980198019802,5.9405940594059405,13.861386138613863,80.19801980198021,73.26732673267327,6.9306930693069315
E00078972,187,52,12,40,135,122,13,27.807486631016044,6.417112299465241,21.390374331550802,72.19251336898395,65.24064171122996,6.951871657754011
E00078974,131,29,6,23,102,91,11,22.137404580152673,4.580152671755725,17.557251908396946,77.86259541984732,69.46564885496184,8.396946564885496
E00078975,60,16,7,9,44,40,4,26.666666666666668,11.666666666666666,15,73.33333333333333,66.66666666666666,6.666666666666667
E00078976,146,40,4,36,106,94,12,27.397260273972602,2.73972602739726,24.65753424657534,72.6027397260274,64.38356164383562,8.21917808219178
E00078977,188,52,16,36,136,118,18,27.659574468085108,8.51063829787234,19.148936170212767,72.3404255319149,62.76595744680851,9.574468085106384
E00078978,91,33,10,23,58,51,7,36.26373626373626,10.989010989010989,25.274725274725274,63.73626373626373,56.043956043956044,7.6923076923076925
E00078979,283,60,19,41,223,185,38,21.20141342756184,6.713780918727916,14.487632508833922,78.79858657243817,65.37102473498233,13.427561837455832
E00078980,60,22,13,9,38,37,1,36.666666666666664,21.666666666666668,15,63.33333333333333,61.66666666666667,1.6666666666666667
E00078981,152,44,12,32,108,88,20,28.947368421052634,7.894736842105263,21.052631578947366,71.05263157894737,57.89473684210527,13.157894736842104
E00078982,249,78,26,52,171,149,22,31.32530120481928,10.441767068273093,20.883534136546185,68.67469879518072,59.83935742971887,8.835341365461847
E00078983,217,45,11,34,172,155,17,20.737327188940093,5.0691244239631335,15.668202764976957,79.26267281105991,71.42857142857143,7.834101382488479
E00078984,156,54,14,40,102,83,19,34.61538461538461,8.974358974358974,25.64102564102564,65.38461538461539,53.205128205128204,12.179487179487179
E00078985,184,50,11,39,134,120,14,27.173913043478258,5.978260869565218,21.195652173913043,72.82608695652173,65.21739130434783,7.608695652173914
E00078987,249,66,24,42,183,157,26,26.506024096385545,9.63855421686747,16.867469879518072,73.49397590361446,63.05220883534136,10.441767068273093
E00078988,211,61,21,40,150,112,38,28.90995260663507,9.95260663507109,18.95734597156398,71.09004739336493,53.08056872037915,18.009478672985782
E00078989,138,50,22,28,88,62,26,36.231884057971016,15.942028985507244,20.28985507246377,63.76811594202898,44.927536231884055,18.84057971014493
E00078990,244,70,32,38,174,139,35,28.688524590163933,13.114754098360656,15.573770491803279,71.31147540983606,56.9672131147541,14.344262295081966
E00078991,256,60,23,37,196,164,32,23.4375,8.984375,14.453125,76.5625,64.0625,12.5
E00078992,143,44,12,32,99,73,26,30.76923076923077,8.391608391608392,22.377622377622377,69.23076923076923,51.048951048951054,18.181818181818183
E00078993,178,44,13,31,134,120,14,24.719101123595504,7.303370786516854,17.415730337078653,75.28089887640449,67.41573033707866,7.865168539325842
E00078994,157,35,11,24,122,109,13,22.29299363057325,7.006369426751593,15.286624203821656,77.70700636942675,69.42675159235668,8.280254777070063
E00078995,99,21,7,14,78,69,9,21.21212121212121,7.07070707070707,14.14141414141414,78.78787878787878,69.6969696969697,9.090909090909092
E00078996,140,37,9,28,103,95,8,26.42857142857143,6.428571428571428,20,73.57142857142858,67.85714285714286,5.714285714285714
E00078997,213,39,8,31,174,152,22,18.30985915492958,3.755868544600939,14.553990610328638,81.69014084507043,71.36150234741784,10.328638497652582
E00078998,216,52,20,32,164,151,13,24.074074074074073,9.25925925925926,14.814814814814813,75.92592592592592,69.9074074074074,6.018518518518518
E00078999,345,81,21,60,264,224,40,23.47826086956522,6.086956521739131,17.391304347826086,76.52173913043478,64.92753623188405,11.594202898550725
E00079000,178,47,18,29,131,106,25,26.40449438202247,10.112359550561797,16.292134831460675,73.59550561797754,59.55056179775281,14.04494382022472
E00079001,196,50,11,39,146,124,22,25.510204081632654,5.612244897959184,19.897959183673468,74.48979591836735,63.26530612244898,11.224489795918368
E00079003,140,38,14,24,102,92,10,27.142857142857142,10,17.142857142857142,72.85714285714285,65.71428571428571,7.142857142857142
E00079004,169,43,16,27,126,112,14,25.443786982248522,9.467455621301776,15.976331360946746,74.55621301775149,66.27218934911244,8.284023668639055
E00079005,119,38,17,21,81,69,12,31.932773109243694,14.285714285714285,17.647058823529413,68.0672268907563,57.98319327731093,10.084033613445378
E00079006,176,44,10,34,132,117,15,25,5.681818181818182,19.318181818181817,75,66.47727272727273,8.522727272727272
E00079007,144,34,10,24,110,96,14,23.61111111111111,6.944444444444445,16.666666666666664,76.38888888888889,66.66666666666666,9.722222222222223
E00079008,125,28,6,22,97,89,8,22.400000000000002,4.8,17.599999999999998,77.60000000000001,71.2,6.4
E00079009,98,25,9,16,73,65,8,25.510204081632654,9.183673469387756,16.3265306122449,74.48979591836735,66.3265306122449,8.16326530612245
E00079010,144,35,11,24,109,95,14,24.305555555555554,7.638888888888889,16.666666666666664,75.69444444444444,65.97222222222221,9.722222222222223
E00079011,169,47,18,29,122,110,12,27.810650887573964,10.650887573964498,17.159763313609467,72.18934911242604,65.08875739644971,7.100591715976331
E00079012,117,34,8,26,83,78,5,29.059829059829063,6.837606837606838,22.22222222222222,70.94017094017094,66.66666666666666,4.273504273504273
E00079013,293,82,28,54,211,180,31,27.986348122866893,9.556313993174061,18.43003412969283,72.01365187713311,61.43344709897611,10.580204778156997
E00079014,136,37,9,28,99,89,10,27.205882352941174,6.61764705882353,20.588235294117645,72.79411764705883,65.44117647058823,7.352941176470589
E00079015,179,42,16,26,137,120,17,23.463687150837988,8.938547486033519,14.52513966480447,76.53631284916202,67.0391061452514,9.497206703910614
E00079017,177,32,9,23,145,118,27,18.07909604519774,5.084745762711865,12.994350282485875,81.92090395480226,66.66666666666666,15.254237288135593
E00079018,163,48,14,34,115,103,12,29.447852760736197,8.588957055214724,20.858895705521473,70.5521472392638,63.190184049079754,7.361963190184049
E00079019,137,42,15,27,95,84,11,30.656934306569344,10.948905109489052,19.708029197080293,69.34306569343066,61.31386861313869,8.02919708029197
E00079020,307,59,15,44,248,208,40,19.218241042345277,4.88599348534202,14.332247557003258,80.78175895765473,67.75244299674267,13.029315960912053
E00079021,264,71,21,50,193,169,24,26.89393939393939,7.954545454545454,18.939393939393938,73.10606060606061,64.01515151515152,9.090909090909092
E00079022,164,37,14,23,127,117,10,22.5609756097561,8.536585365853659,14.02439024390244,77.4390243902439,71.34146341463415,6.097560975609756
E00079024,174,57,29,28,117,97,20,32.758620689655174,16.666666666666664,16.091954022988507,67.24137931034483,55.74712643678161,11.494252873563218
E00079025,88,29,6,23,59,51,8,32.95454545454545,6.8181818181818175,26.136363636363637,67.04545454545455,57.95454545454546,9.090909090909092
E00079026,140,36,18,18,104,80,24,25.71428571428571,12.857142857142856,12.857142857142856,74.28571428571429,57.14285714285714,17.142857142857142
E00079027,112,28,12,16,84,74,10,25,10.714285714285714,14.285714285714285,75,66.07142857142857,8.928571428571429
E00079028,165,51,27,24,114,84,30,30.909090909090907,16.363636363636363,14.545454545454545,69.0909090909091,50.90909090909091,18.181818181818183
E00079029,148,43,17,26,105,79,26,29.054054054054053,11.486486486486488,17.56756756756757,70.94594594594594,53.37837837837838,17.56756756756757
E00079030,150,41,17,24,109,88,21,27.333333333333332,11.333333333333332,16,72.66666666666667,58.666666666666664,14.000000000000002
E00079031,164,52,17,35,112,99,13,31.70731707317073,10.365853658536585,21.341463414634145,68.29268292682927,60.36585365853659,7.926829268292683
E00079032,162,42,9,33,120,103,17,25.925925925925924,5.555555555555555,20.37037037037037,74.07407407407408,63.580246913580254,10.493827160493826
E00079033,156,41,20,21,115,97,18,26.282051282051285,12.82051282051282,13.461538461538462,73.71794871794873,62.17948717948718,11.538461538461538
E00079034,68,17,8,9,51,41,10,25,11.76470588235294,13.23529411764706,75,60.29411764705882,14.705882352941178
E00079035,97,37,14,23,60,46,14,38.144329896907216,14.432989690721648,23.711340206185564,61.855670103092784,47.42268041237113,14.432989690721648
E00079036,88,27,11,16,61,47,14,30.681818181818183,12.5,18.181818181818183,69.31818181818183,53.40909090909091,15.909090909090908
E00079037,169,53,18,35,116,89,27,31.360946745562128,10.650887573964498,20.710059171597635,68.63905325443787,52.662721893491124,15.976331360946746
E00079038,71,20,11,9,51,43,8,28.169014084507044,15.492957746478872,12.676056338028168,71.83098591549296,60.56338028169014,11.267605633802818
E00079040,185,39,9,30,146,127,19,21.08108108108108,4.864864864864865,16.216216216216218,78.91891891891892,68.64864864864865,10.27027027027027
E00079042,199,40,8,32,159,142,17,20.100502512562816,4.0201005025125625,16.08040201005025,79.89949748743719,71.35678391959799,8.542713567839195
E00079043,181,51,17,34,130,118,12,28.176795580110497,9.392265193370166,18.784530386740332,71.8232044198895,65.19337016574586,6.629834254143646
E00079044,213,41,14,27,172,153,19,19.248826291079812,6.572769953051644,12.676056338028168,80.75117370892019,71.83098591549296,8.92018779342723
E00079045,65,18,6,12,47,37,10,27.692307692307693,9.230769230769232,18.461538461538463,72.3076923076923,56.92307692307692,15.384615384615385
E00079047,283,76,29,47,207,181,26,26.855123674911663,10.247349823321555,16.607773851590103,73.14487632508833,63.957597173144876,9.187279151943462
E00079048,205,75,30,45,130,105,25,36.58536585365854,14.634146341463413,21.951219512195124,63.41463414634146,51.21951219512195,12.195121951219512
E00079049,124,30,10,20,94,80,14,24.193548387096776,8.064516129032258,16.129032258064516,75.80645161290323,64.51612903225806,11.29032258064516
E00079050,57,11,4,7,46,40,6,19.298245614035086,7.017543859649122,12.280701754385964,80.7017543859649,70.17543859649122,10.526315789473683
E00079051,146,40,10,30,106,96,10,27.397260273972602,6.8493150684931505,20.54794520547945,72.6027397260274,65.75342465753424,6.8493150684931505
E00079052,152,47,17,30,105,87,18,30.92105263157895,11.18421052631579,19.736842105263158,69.07894736842105,57.23684210526315,11.842105263157894
E00079053,247,80,26,54,167,135,32,32.388663967611336,10.526315789473683,21.86234817813765,67.61133603238866,54.655870445344135,12.955465587044534
E00079054,138,44,24,20,94,79,15,31.88405797101449,17.391304347826086,14.492753623188406,68.11594202898551,57.2463768115942,10.869565217391305
E00079055,176,66,18,48,110,94,16,37.5,10.227272727272728,27.27272727272727,62.5,53.40909090909091,9.090909090909092
E00079056,90,28,7,21,62,57,5,31.11111111111111,7.777777777777778,23.333333333333332,68.88888888888889,63.33333333333333,5.555555555555555
E00079057,134,45,10,35,89,84,5,33.582089552238806,7.462686567164178,26.119402985074625,66.4179104477612,62.68656716417911,3.731343283582089
E00079058,55,13,2,11,42,35,7,23.636363636363637,3.6363636363636362,20,76.36363636363637,63.63636363636363,12.727272727272727
E00079059,123,41,20,21,82,71,11,33.33333333333333,16.260162601626014,17.073170731707318,66.66666666666666,57.72357723577236,8.94308943089431
E00079060,107,42,16,26,65,55,10,39.25233644859813,14.953271028037381,24.299065420560748,60.747663551401864,51.4018691588785,9.345794392523365
E00079061,166,49,18,31,117,105,12,29.518072289156628,10.843373493975903,18.67469879518072,70.48192771084338,63.25301204819277,7.228915662650602
E00079062,216,82,22,60,134,121,13,37.96296296296296,10.185185185185185,27.77777777777778,62.03703703703704,56.018518518518526,6.018518518518518
E00079063,177,53,11,42,124,109,15,29.943502824858758,6.214689265536723,23.728813559322035,70.05649717514125,61.5819209039548,8.47457627118644
E00079064,172,48,16,32,124,109,15,27.906976744186046,9.30232558139535,18.6046511627907,72.09302325581395,63.372093023255815,8.720930232558139
E00079065,140,52,11,41,88,81,7,37.142857142857146,7.857142857142857,29.28571428571429,62.857142857142854,57.85714285714286,5
E00079066,140,43,9,34,97,87,10,30.714285714285715,6.428571428571428,24.285714285714285,69.28571428571428,62.142857142857146,7.142857142857142
E00079067,123,35,13,22,88,85,3,28.455284552845526,10.569105691056912,17.88617886178862,71.54471544715447,69.10569105691057,2.4390243902439024
E00079068,134,42,7,35,92,86,6,31.343283582089555,5.223880597014925,26.119402985074625,68.65671641791045,64.17910447761194,4.477611940298507
E00079069,123,35,5,30,88,81,7,28.455284552845526,4.0650406504065035,24.390243902439025,71.54471544715447,65.85365853658537,5.691056910569105
E00079070,107,34,7,27,73,69,4,31.775700934579437,6.5420560747663545,25.233644859813083,68.22429906542055,64.48598130841121,3.7383177570093453
E00079071,151,54,13,41,97,80,17,35.76158940397351,8.609271523178808,27.1523178807947,64.23841059602648,52.980132450331126,11.258278145695364
E00079072,141,34,6,28,107,97,10,24.113475177304963,4.25531914893617,19.858156028368796,75.88652482269504,68.79432624113475,7.092198581560284
E00079073,245,75,35,40,170,125,45,30.612244897959183,14.285714285714285,16.3265306122449,69.38775510204081,51.02040816326531,18.367346938775512
E00079074,64,22,5,17,42,32,10,34.375,7.8125,26.5625,65.625,50,15.625
E00079075,190,48,25,23,142,108,34,25.263157894736842,13.157894736842104,12.105263157894736,74.73684210526315,56.84210526315789,17.894736842105264
E00079076,138,43,15,28,95,72,23,31.15942028985507,10.869565217391305,20.28985507246377,68.84057971014492,52.17391304347826,16.666666666666664
E00079077,128,47,14,33,81,70,11,36.71875,10.9375,25.78125,63.28125,54.6875,8.59375
E00079078,134,43,17,26,91,78,13,32.08955223880597,12.686567164179104,19.402985074626866,67.91044776119402,58.2089552238806,9.701492537313433
E00079079,129,37,15,22,92,75,17,28.68217054263566,11.627906976744185,17.05426356589147,71.31782945736434,58.139534883720934,13.178294573643413
E00079080,181,63,22,41,118,95,23,34.806629834254146,12.154696132596685,22.65193370165746,65.19337016574586,52.48618784530387,12.70718232044199
E00079081,200,60,30,30,140,105,35,30,15,15,70,52.5,17.5
E00079082,167,38,11,27,129,103,26,22.75449101796407,6.58682634730539,16.16766467065868,77.24550898203593,61.67664670658682,15.568862275449103
E00079083,184,43,12,31,141,117,24,23.369565217391305,6.521739130434782,16.847826086956523,76.63043478260869,63.58695652173913,13.043478260869565
E00079084,167,45,12,33,122,105,17,26.94610778443114,7.18562874251497,19.760479041916167,73.05389221556887,62.874251497005986,10.179640718562874
E00079085,131,35,10,25,96,77,19,26.717557251908396,7.633587786259542,19.083969465648856,73.2824427480916,58.778625954198475,14.50381679389313
E00079086,163,56,17,39,107,94,13,34.355828220858896,10.429447852760736,23.92638036809816,65.6441717791411,57.668711656441715,7.975460122699387
E00079087,135,43,14,29,92,77,15,31.851851851851855,10.37037037037037,21.48148148148148,68.14814814814815,57.03703703703704,11.11111111111111
E00079088,47,13,2,11,34,27,7,27.659574468085108,4.25531914893617,23.404255319148938,72.3404255319149,57.446808510638306,14.893617021276595
E00079089,124,34,11,23,90,82,8,27.419354838709676,8.870967741935484,18.548387096774192,72.58064516129032,66.12903225806451,6.451612903225806
E00079090,159,50,16,34,109,96,13,31.446540880503143,10.062893081761008,21.38364779874214,68.55345911949685,60.37735849056604,8.176100628930817
E00079091,185,54,17,37,131,118,13,29.18918918918919,9.18918918918919,20,70.8108108108108,63.78378378378379,7.027027027027027
E00079092,84,24,12,12,60,47,13,28.57142857142857,14.285714285714285,14.285714285714285,71.42857142857143,55.952380952380956,15.476190476190476
E00079093,94,28,9,19,66,53,13,29.78723404255319,9.574468085106384,20.212765957446805,70.2127659574468,56.38297872340425,13.829787234042554
E00079094,127,37,10,27,90,79,11,29.133858267716533,7.874015748031496,21.25984251968504,70.86614173228347,62.20472440944882,8.661417322834646
E00079095,162,45,14,31,117,96,21,27.77777777777778,8.641975308641975,19.1358024691358,72.22222222222221,59.25925925925925,12.962962962962962
E00079096,181,54,18,36,127,114,13,29.83425414364641,9.94475138121547,19.88950276243094,70.1657458563536,62.98342541436463,7.18232044198895
E00079097,151,43,15,28,108,96,12,28.47682119205298,9.933774834437086,18.543046357615893,71.52317880794702,63.576158940397356,7.9470198675496695
E00079098,166,47,16,31,119,104,15,28.313253012048197,9.63855421686747,18.67469879518072,71.6867469879518,62.65060240963856,9.036144578313253
E00079099,141,42,14,28,99,86,13,29.78723404255319,9.929078014184398,19.858156028368796,70.2127659574468,60.99290780141844,9.219858156028367
E00079100,188,60,19,41,128,113,15,31.914893617021278,10.106382978723403,21.808510638297875,68.08510638297872,60.1063829787234,7.9787234042553195
E00079101,122,39,14,25,83,76,7,31.967213114754102,11.475409836065573,20.491803278688526,68.0327868852459,62.295081967213115,5.737704918032787
E00079102,164,49,18,31,115,96,19,29.878048780487802,10.975609756097562,18.902439024390244,70.1219512195122,58.536585365853654,11.585365853658537
E00079103,127,34,13,21,93,83,10,26.77165354330709,10.236220472440944,16.535433070866144,73.22834645669292,65.35433070866141,7.874015748031496
E00079104,112,30,8,22,82,69,13,26.785714285714285,7.142857142857142,19.642857142857142,73.21428571428571,61.60714285714286,11.607142857142858
E00079105,126,31,11,20,95,78,17,24.6031746031746,8.73015873015873,15.873015873015872,75.39682539682539,61.904761904761905,13.492063492063492
E00079106,137,39,10,29,98,78,20,28.467153284671532,7.2992700729927,21.16788321167883,71.53284671532847,56.934306569343065,14.5985401459854
E00079107,135,43,15,28,92,78,14,31.851851851851855,11.11111111111111,20.74074074074074,68.14814814814815,57.77777777777777,10.37037037037037
E00079108,145,50,18,32,95,85,10,34.48275862068966,12.413793103448276,22.06896551724138,65.51724137931035,58.620689655172406,6.896551724137931
E00079109,142,40,9,31,102,87,15,28.169014084507044,6.338028169014084,21.830985915492956,71.83098591549296,61.267605633802816,10.56338028169014
E00079110,94,25,6,19,69,65,4,26.595744680851062,6.382978723404255,20.212765957446805,73.40425531914893,69.14893617021278,4.25531914893617
E00079111,181,52,15,37,129,110,19,28.7292817679558,8.287292817679557,20.441988950276244,71.27071823204419,60.773480662983424,10.497237569060774
E00079112,205,65,17,48,140,121,19,31.70731707317073,8.292682926829269,23.414634146341466,68.29268292682927,59.02439024390244,9.268292682926829
E00079113,151,46,14,32,105,96,9,30.4635761589404,9.271523178807946,21.192052980132452,69.5364238410596,63.576158940397356,5.960264900662252
E00079114,96,32,13,19,64,56,8,33.33333333333333,13.541666666666666,19.791666666666664,66.66666666666666,58.333333333333336,8.333333333333332
E00079115,139,53,25,28,86,63,23,38.1294964028777,17.985611510791365,20.14388489208633,61.87050359712231,45.32374100719424,16.546762589928058
E00079116,110,26,6,20,84,71,13,23.636363636363637,5.454545454545454,18.181818181818183,76.36363636363637,64.54545454545455,11.818181818181818
E00079117,66,18,6,12,48,40,8,27.27272727272727,9.090909090909092,18.181818181818183,72.72727272727273,60.60606060606061,12.121212121212121
E00079118,158,44,16,28,114,102,12,27.848101265822784,10.126582278481013,17.72151898734177,72.15189873417721,64.55696202531645,7.59493670886076
E00079119,216,62,18,44,154,129,25,28.703703703703702,8.333333333333332,20.37037037037037,71.29629629629629,59.72222222222222,11.574074074074074
E00079120,130,42,14,28,88,76,12,32.30769230769231,10.76923076923077,21.53846153846154,67.6923076923077,58.46153846153847,9.230769230769232
E00079121,139,46,16,30,93,74,19,33.093525179856115,11.510791366906476,21.58273381294964,66.90647482014388,53.23741007194245,13.66906474820144
E00079122,107,35,14,21,72,55,17,32.71028037383177,13.084112149532709,19.626168224299064,67.28971962616822,51.4018691588785,15.887850467289718
E00079123,116,32,12,20,84,75,9,27.586206896551722,10.344827586206897,17.24137931034483,72.41379310344827,64.65517241379311,7.758620689655173
E00079125,114,20,8,12,94,85,9,17.543859649122805,7.017543859649122,10.526315789473683,82.45614035087719,74.56140350877193,7.894736842105263
E00079126,139,26,11,15,113,101,12,18.705035971223023,7.913669064748201,10.79136690647482,81.29496402877699,72.66187050359713,8.633093525179856
E00079127,176,55,15,40,121,104,17,31.25,8.522727272727272,22.727272727272727,68.75,59.09090909090909,9.659090909090908
E00079128,48,12,7,5,36,31,5,25,14.583333333333334,10.416666666666668,75,64.58333333333334,10.416666666666668
E00079129,188,46,17,29,142,118,24,24.46808510638298,9.042553191489363,15.425531914893616,75.53191489361703,62.76595744680851,12.76595744680851
E00079130,120,47,10,37,73,68,5,39.166666666666664,8.333333333333332,30.833333333333336,60.83333333333333,56.666666666666664,4.166666666666666
E00079131,75,17,4,13,58,52,6,22.666666666666664,5.333333333333334,17.333333333333336,77.33333333333333,69.33333333333334,8
E00079132,207,45,9,36,162,146,16,21.73913043478261,4.3478260869565215,17.391304347826086,78.26086956521739,70.53140096618358,7.729468599033816
E00079133,130,39,17,22,91,72,19,30,13.076923076923078,16.923076923076923,70,55.38461538461539,14.615384615384617
E00079134,99,43,13,30,56,48,8,43.43434343434344,13.131313131313133,30.303030303030305,56.56565656565656,48.484848484848484,8.080808080808081
E00079135,141,44,17,27,97,90,7,31.20567375886525,12.056737588652481,19.148936170212767,68.79432624113475,63.829787234042556,4.964539007092199
E00079136,127,46,13,33,81,68,13,36.22047244094488,10.236220472440944,25.984251968503933,63.77952755905512,53.54330708661418,10.236220472440944
E00079137,55,19,9,10,36,31,5,34.54545454545455,16.363636363636363,18.181818181818183,65.45454545454545,56.36363636363636,9.090909090909092
E00079138,160,38,17,21,122,107,15,23.75,10.625,13.125,76.25,66.875,9.375
E00079139,117,33,10,23,84,74,10,28.205128205128204,8.547008547008547,19.65811965811966,71.7948717948718,63.24786324786324,8.547008547008547
E00079140,134,43,17,26,91,73,18,32.08955223880597,12.686567164179104,19.402985074626866,67.91044776119402,54.47761194029851,13.432835820895523
E00079141,151,49,12,37,102,93,9,32.450331125827816,7.9470198675496695,24.503311258278146,67.54966887417218,61.58940397350994,5.960264900662252
E00079142,132,48,18,30,84,70,14,36.36363636363637,13.636363636363635,22.727272727272727,63.63636363636363,53.03030303030303,10.606060606060606
E00079145,85,11,2,9,74,64,10,12.941176470588237,2.3529411764705883,10.588235294117647,87.05882352941177,75.29411764705883,11.76470588235294
E00079146,201,55,24,31,146,110,36,27.363184079601986,11.940298507462686,15.422885572139302,72.636815920398,54.72636815920397,17.91044776119403
E00079147,121,30,8,22,91,79,12,24.793388429752067,6.6115702479338845,18.181818181818183,75.20661157024794,65.28925619834712,9.917355371900827
E00079148,141,36,9,27,105,92,13,25.53191489361702,6.382978723404255,19.148936170212767,74.46808510638297,65.24822695035462,9.219858156028367
E00079149,156,46,17,29,110,92,18,29.48717948717949,10.897435897435898,18.58974358974359,70.51282051282051,58.97435897435898,11.538461538461538
E00079151,167,39,17,22,128,103,25,23.353293413173652,10.179640718562874,13.17365269461078,76.64670658682635,61.67664670658682,14.97005988023952
E00079152,106,20,10,10,86,76,10,18.867924528301888,9.433962264150944,9.433962264150944,81.13207547169812,71.69811320754717,9.433962264150944
E00079153,167,45,19,26,122,109,13,26.94610778443114,11.377245508982035,15.568862275449103,73.05389221556887,65.26946107784431,7.784431137724551
E00079154,222,69,17,52,153,127,26,31.08108108108108,7.657657657657657,23.423423423423422,68.91891891891892,57.20720720720721,11.711711711711711
E00079155,144,38,7,31,106,94,12,26.38888888888889,4.861111111111112,21.52777777777778,73.61111111111111,65.27777777777779,8.333333333333332
E00079156,114,36,13,23,78,68,10,31.57894736842105,11.403508771929824,20.175438596491226,68.42105263157895,59.64912280701754,8.771929824561402
E00079157,208,65,24,41,143,117,26,31.25,11.538461538461538,19.71153846153846,68.75,56.25,12.5
E00079158,202,54,15,39,148,135,13,26.732673267326735,7.425742574257425,19.306930693069308,73.26732673267327,66.83168316831683,6.435643564356436
E00079159,182,46,13,33,136,122,14,25.274725274725274,7.142857142857142,18.13186813186813,74.72527472527473,67.03296703296702,7.6923076923076925
E00079160,172,50,16,34,122,108,14,29.069767441860467,9.30232558139535,19.767441860465116,70.93023255813954,62.7906976744186,8.13953488372093
E00079161,146,58,16,42,88,75,13,39.726027397260275,10.95890410958904,28.767123287671232,60.273972602739725,51.369863013698634,8.904109589041095
E00079162,230,94,29,65,136,118,18,40.869565217391305,12.608695652173912,28.26086956521739,59.130434782608695,51.30434782608696,7.82608695652174
E00079163,185,72,22,50,113,100,13,38.91891891891892,11.891891891891893,27.027027027027028,61.08108108108108,54.054054054054056,7.027027027027027
E00079164,184,60,19,41,124,109,15,32.608695652173914,10.326086956521738,22.282608695652172,67.3913043478261,59.2391304347826,8.152173913043478
E00079165,178,61,22,39,117,110,7,34.26966292134831,12.359550561797752,21.910112359550563,65.73033707865169,61.79775280898876,3.932584269662921
E00079166,224,77,26,51,147,128,19,34.375,11.607142857142858,22.767857142857142,65.625,57.14285714285714,8.482142857142858
E00079167,168,55,12,43,113,100,13,32.73809523809524,7.142857142857142,25.595238095238095,67.26190476190477,59.523809523809526,7.738095238095238
E00079168,177,69,25,44,108,98,10,38.983050847457626,14.124293785310735,24.858757062146893,61.016949152542374,55.367231638418076,5.649717514124294
E00079169,197,78,20,58,119,111,8,39.59390862944163,10.152284263959391,29.441624365482234,60.40609137055838,56.34517766497462,4.060913705583756
E00079170,211,71,18,53,140,120,20,33.649289099526065,8.530805687203792,25.118483412322274,66.35071090047393,56.872037914691944,9.47867298578199
E00079171,182,81,19,62,101,91,10,44.505494505494504,10.43956043956044,34.065934065934066,55.494505494505496,50,5.4945054945054945
E00079172,124,41,13,28,83,69,14,33.064516129032256,10.483870967741936,22.58064516129032,66.93548387096774,55.64516129032258,11.29032258064516
E00079173,198,55,21,34,143,121,22,27.77777777777778,10.606060606060606,17.17171717171717,72.22222222222221,61.111111111111114,11.11111111111111
E00079174,195,67,16,51,128,109,19,34.35897435897436,8.205128205128204,26.153846153846157,65.64102564102564,55.8974358974359,9.7435897435897445
E00079175,174,46,10,36,128,121,7,26.436781609195403,5.747126436781609,20.689655172413794,73.5632183908046,69.54022988505747,4.022988505747127
E00079177,131,39,16,23,92,75,17,29.770992366412212,12.213740458015266,17.557251908396946,70.22900763358778,57.25190839694656,12.977099236641221
E00079178,109,39,18,21,70,67,3,35.77981651376147,16.51376146788991,19.26605504587156,64.22018348623854,61.46788990825688,2.7522935779816518
E00079179,245,73,22,51,172,151,21,29.795918367346943,8.979591836734693,20.816326530612244,70.20408163265306,61.63265306122449,8.571428571428571
E00079180,223,76,22,54,147,128,19,34.08071748878923,9.865470852017937,24.2152466367713,65.91928251121077,57.399103139013455,8.520179372197308
E00079181,128,40,10,30,88,76,12,31.25,7.8125,23.4375,68.75,59.375,9.375
E00079182,156,48,16,32,108,99,9,30.76923076923077,10.256410256410255,20.51282051282051,69.23076923076923,63.46153846153846,5.769230769230769
E00079183,79,21,2,19,58,50,8,26.582278481012654,2.5316455696202533,24.050632911392405,73.41772151898735,63.29113924050633,10.126582278481013
E00079185,132,29,5,24,103,88,15,21.96969696969697,3.787878787878788,18.181818181818183,78.03030303030303,66.66666666666666,11.363636363636363
E00079186,173,53,12,41,120,103,17,30.63583815028902,6.9364161849710975,23.699421965317917,69.36416184971098,59.53757225433526,9.826589595375722
E00079187,191,52,15,37,139,127,12,27.225130890052355,7.853403141361256,19.3717277486911,72.77486910994764,66.49214659685863,6.282722513089005
E00079188,187,49,14,35,138,111,27,26.203208556149733,7.4866310160427805,18.71657754010695,73.79679144385027,59.35828877005348,14.43850267379679
E00079189,207,43,12,31,164,145,19,20.77294685990338,5.797101449275362,14.975845410628018,79.22705314009661,70.04830917874396,9.178743961352657
E00079190,112,18,3,15,94,80,14,16.071428571428573,2.6785714285714284,13.392857142857142,83.92857142857143,71.42857142857143,12.5
E00079191,192,64,15,49,128,111,17,33.33333333333333,7.8125,25.520833333333332,66.66666666666666,57.8125,8.854166666666668
E00079192,162,37,9,28,125,113,12,22.839506172839506,5.555555555555555,17.28395061728395,77.1604938271605,69.75308641975309,7.4074074074074066
E00079193,156,36,13,23,120,102,18,23.076923076923077,8.333333333333332,14.743589743589745,76.92307692307693,65.38461538461539,11.538461538461538
E00079194,125,40,13,27,85,69,16,32,10.4,21.6,68,55.2,12.8
E00079195,179,37,7,30,142,128,14,20.670391061452513,3.910614525139665,16.75977653631285,79.3296089385475,71.50837988826815,7.82122905027933
E00079196,101,25,8,17,76,64,12,24.752475247524753,7.920792079207921,16.831683168316832,75.24752475247524,63.366336633663366,11.881188118811881
E00079197,114,39,9,30,75,64,11,34.21052631578947,7.894736842105263,26.31578947368421,65.78947368421053,56.14035087719298,9.649122807017543
E00079198,138,38,6,32,100,88,12,27.536231884057973,4.3478260869565215,23.18840579710145,72.46376811594203,63.76811594202898,8.695652173913043
E00079199,117,41,18,23,76,69,7,35.04273504273504,15.384615384615385,19.65811965811966,64.95726495726495,58.97435897435898,5.982905982905983
E00079200,163,47,14,33,116,91,25,28.834355828220858,8.588957055214724,20.245398773006134,71.16564417177914,55.828220858895705,15.337423312883436
E00079201,113,30,10,20,83,72,11,26.548672566371685,8.849557522123893,17.699115044247787,73.45132743362832,63.716814159292035,9.734513274336283
E00079202,91,40,15,25,51,43,8,43.956043956043956,16.483516483516482,27.472527472527474,56.043956043956044,47.25274725274725,8.791208791208792
E00079203,130,26,8,18,104,84,20,20,6.153846153846154,13.846153846153847,80,64.61538461538461,15.384615384615385
E00079204,125,46,14,32,79,63,16,36.8,11.200000000000001,25.6,63.2,50.4,12.8
E00079205,146,47,15,32,99,90,9,32.19178082191781,10.273972602739725,21.91780821917808,67.8082191780822,61.64383561643836,6.164383561643835
E00079206,139,24,6,18,115,103,12,17.26618705035971,4.316546762589928,12.949640287769784,82.73381294964028,74.10071942446042,8.633093525179856
E00079207,99,39,11,28,60,53,7,39.39393939393939,11.11111111111111,28.28282828282828,60.60606060606061,53.535353535353536,7.07070707070707
E00079208,189,69,19,50,120,107,13,36.507936507936506,10.052910052910052,26.455026455026452,63.49206349206349,56.613756613756614,6.878306878306878
E00079209,116,42,11,31,74,64,10,36.206896551724135,9.482758620689655,26.72413793103448,63.793103448275865,55.172413793103445,8.620689655172415
E00079210,141,58,18,40,83,79,4,41.13475177304964,12.76595744680851,28.368794326241137,58.86524822695035,56.02836879432624,2.8368794326241136
E00079211,116,30,7,23,86,78,8,25.862068965517242,6.0344827586206895,19.82758620689655,74.13793103448276,67.24137931034483,6.896551724137931
E00079212,158,53,16,37,105,97,8,33.54430379746836,10.126582278481013,23.417721518987342,66.45569620253164,61.39240506329114,5.063291139240507
E00079213,152,52,16,36,100,92,8,34.21052631578947,10.526315789473683,23.684210526315788,65.78947368421053,60.526315789473685,5.263157894736842
E00079214,151,44,14,30,107,97,10,29.13907284768212,9.271523178807946,19.867549668874172,70.86092715231787,64.23841059602648,6.622516556291391
E00079215,126,37,10,27,89,82,7,29.365079365079367,7.936507936507936,21.428571428571427,70.63492063492063,65.07936507936508,5.555555555555555
E00079216,125,37,11,26,88,77,11,29.599999999999998,8.799999999999999,20.8,70.39999999999999,61.6,8.799999999999999
E00079217,59,22,9,13,37,36,1,37.28813559322034,15.254237288135593,22.033898305084744,62.71186440677966,61.016949152542374,1.694915254237288
E00079218,112,48,13,35,64,59,5,42.857142857142854,11.607142857142858,31.25,57.14285714285714,52.67857142857143,4.464285714285714
E00079219,174,56,15,41,118,106,12,32.18390804597701,8.620689655172415,23.563218390804597,67.81609195402298,60.91954022988506,6.896551724137931
E00079220,150,47,11,36,103,89,14,31.333333333333336,7.333333333333333,24,68.66666666666667,59.333333333333336,9.333333333333334
E00079221,205,76,21,55,129,117,12,37.073170731707314,10.24390243902439,26.82926829268293,62.926829268292686,57.073170731707314,5.853658536585367
E00079222,180,72,32,40,108,95,13,40,17.77777777777778,22.22222222222222,60,52.77777777777778,7.222222222222221
E00079223,240,82,27,55,158,151,7,34.166666666666664,11.25,22.916666666666664,65.83333333333333,62.916666666666664,2.9166666666666665
E00079224,158,41,16,25,117,102,15,25.949367088607595,10.126582278481013,15.822784810126583,74.0506329113924,64.55696202531645,9.49367088607595
E00079226,146,40,11,29,106,90,16,27.397260273972602,7.534246575342466,19.863013698630137,72.6027397260274,61.64383561643836,10.95890410958904
E00079227,184,66,20,46,118,106,12,35.869565217391305,10.869565217391305,25,64.13043478260869,57.608695652173914,6.521739130434782
E00079228,170,50,8,42,120,111,9,29.411764705882355,4.705882352941177,24.705882352941178,70.58823529411765,65.29411764705883,5.294117647058823
E00079229,153,48,13,35,105,87,18,31.372549019607842,8.49673202614379,22.875816993464053,68.62745098039215,56.86274509803921,11.76470588235294
E00079230,195,53,18,35,142,124,18,27.17948717948718,9.230769230769232,17.94871794871795,72.82051282051282,63.589743589743584,9.230769230769232
E00079231,201,54,16,38,147,127,20,26.865671641791046,7.960199004975125,18.90547263681592,73.13432835820896,63.18407960199005,9.950248756218906
E00079232,108,35,10,25,73,60,13,32.407407407407405,9.25925925925926,23.14814814814815,67.5925925925926,55.55555555555556,12.037037037037036
E00079233,140,45,12,33,95,79,16,32.142857142857146,8.571428571428571,23.57142857142857,67.85714285714286,56.42857142857143,11.428571428571429
E00079234,202,49,20,29,153,135,18,24.257425742574256,9.900990099009901,14.356435643564355,75.74257425742574,66.83168316831683,8.91089108910891
E00079236,177,58,16,42,119,106,13,32.7683615819209,9.03954802259887,23.728813559322035,67.2316384180791,59.887005649717516,7.344632768361582
E00079237,49,24,11,13,25,22,3,48.97959183673469,22.448979591836736,26.53061224489796,51.02040816326531,44.89795918367347,6.122448979591836
E00079238,97,23,5,18,74,65,9,23.711340206185564,5.154639175257731,18.556701030927837,76.28865979381443,67.0103092783505,9.278350515463918
E00079239,202,45,7,38,157,138,19,22.277227722772277,3.4653465346534658,18.81188118811881,77.72277227722772,68.31683168316832,9.405940594059405
E00079240,109,36,12,24,73,65,8,33.02752293577982,11.009174311926607,22.018348623853214,66.97247706422019,59.63302752293578,7.339449541284404
E00079241,137,38,9,29,99,89,10,27.73722627737226,6.569343065693431,21.16788321167883,72.26277372262774,64.96350364963503,7.2992700729927
E00079243,122,36,11,25,86,78,8,29.508196721311474,9.01639344262295,20.491803278688526,70.49180327868852,63.934426229508205,6.557377049180328
E00079244,143,29,9,20,114,94,20,20.27972027972028,6.293706293706294,13.986013986013987,79.72027972027972,65.73426573426573,13.986013986013987
E00079245,102,30,11,19,72,60,12,29.411764705882355,10.784313725490197,18.627450980392158,70.58823529411765,58.82352941176471,11.76470588235294
E00079246,162,37,6,31,125,101,24,22.839506172839506,3.7037037037037033,19.1358024691358,77.1604938271605,62.34567901234568,14.814814814814813
E00079247,136,36,12,24,100,92,8,26.47058823529412,8.823529411764707,17.647058823529413,73.52941176470588,67.64705882352942,5.88235294117647
E00079248,150,40,7,33,110,93,17,26.666666666666668,4.666666666666667,22,73.33333333333333,62,11.333333333333332
E00079249,130,32,15,17,98,82,16,24.615384615384617,11.538461538461538,13.076923076923078,75.38461538461539,63.07692307692307,12.307692307692308
E00079250,129,27,7,20,102,94,8,20.930232558139537,5.426356589147287,15.503875968992247,79.06976744186046,72.86821705426357,6.2015503875969
E00079251,159,47,10,37,112,101,11,29.559748427672954,6.289308176100629,23.270440251572328,70.44025157232704,63.52201257861635,6.918238993710692
E00079252,136,45,11,34,91,78,13,33.088235294117645,8.088235294117647,25,66.91176470588235,57.35294117647059,9.558823529411764
E00079253,143,33,7,26,110,95,15,23.076923076923077,4.895104895104895,18.181818181818183,76.92307692307693,66.43356643356644,10.48951048951049
E00079254,111,41,21,20,70,59,11,36.93693693693694,18.91891891891892,18.01801801801802,63.06306306306306,53.153153153153156,9.90990990990991
E00079255,182,49,17,32,133,114,19,26.923076923076923,9.340659340659341,17.582417582417584,73.07692307692307,62.637362637362635,10.43956043956044
E00079256,94,31,6,25,63,63,0,32.97872340425532,6.382978723404255,26.595744680851062,67.02127659574468,67.02127659574468,0
E00079257,171,39,8,31,132,114,18,22.807017543859647,4.678362573099415,18.128654970760234,77.19298245614034,66.66666666666666,10.526315789473683
E00079258,163,40,8,32,123,110,13,24.539877300613497,4.9079754601226995,19.631901840490798,75.4601226993865,67.48466257668711,7.975460122699387
E00079259,221,55,13,42,166,151,15,24.8868778280543,5.88235294117647,19.004524886877828,75.1131221719457,68.32579185520362,6.787330316742081
E00079260,200,41,11,30,159,141,18,20.5,5.5,15,79.5,70.5,9
E00079261,133,30,12,18,103,95,8,22.55639097744361,9.022556390977442,13.533834586466165,77.44360902255639,71.42857142857143,6.015037593984962
E00079262,219,48,14,34,171,148,23,21.91780821917808,6.392694063926941,15.52511415525114,78.08219178082192,67.57990867579909,10.50228310502283
E00079263,204,57,19,38,147,133,14,27.941176470588236,9.313725490196079,18.627450980392158,72.05882352941177,65.19607843137256,6.862745098039216
E00079264,77,27,5,22,50,36,14,35.064935064935064,6.493506493506493,28.57142857142857,64.93506493506493,46.75324675324675,18.181818181818183
E00079265,211,41,12,29,170,155,15,19.431279620853083,5.687203791469194,13.744075829383887,80.56872037914692,73.45971563981043,7.109004739336493
E00079266,180,48,15,33,132,118,14,26.666666666666668,8.333333333333332,18.333333333333332,73.33333333333333,65.55555555555556,7.777777777777778
E00079267,45,18,4,14,27,27,0,40,8.88888888888889,31.11111111111111,60,60,0
E00079268,132,54,18,36,78,69,9,40.909090909090914,13.636363636363635,27.27272727272727,59.09090909090909,52.27272727272727,6.8181818181818175
E00079269,62,21,7,14,41,33,8,33.87096774193548,11.29032258064516,22.58064516129032,66.12903225806451,53.2258064516129,12.903225806451612
E00079270,87,30,7,23,57,48,9,34.48275862068966,8.045977011494253,26.436781609195403,65.51724137931035,55.172413793103445,10.344827586206897
E00079271,160,45,11,34,115,100,15,28.125,6.875000000000001,21.25,71.875,62.5,9.375
E00079272,135,38,12,26,97,80,17,28.14814814814815,8.88888888888889,19.25925925925926,71.85185185185186,59.25925925925925,12.592592592592592
E00079274,165,34,9,25,131,118,13,20.606060606060606,5.454545454545454,15.151515151515152,79.39393939393939,71.51515151515152,7.878787878787878
E00079275,189,54,11,43,135,122,13,28.57142857142857,5.82010582010582,22.75132275132275,71.42857142857143,64.55026455026454,6.878306878306878
E00079276,178,40,9,31,138,124,14,22.47191011235955,5.056179775280898,17.415730337078653,77.52808988764045,69.66292134831461,7.865168539325842
E00079277,132,24,5,19,108,96,12,18.181818181818183,3.787878787878788,14.393939393939394,81.81818181818183,72.72727272727273,9.090909090909092
E00079278,166,26,7,19,140,125,15,15.66265060240964,4.216867469879518,11.44578313253012,84.33734939759037,75.30120481927712,9.036144578313253
E00079279,130,32,11,21,98,91,7,24.615384615384617,8.461538461538462,16.153846153846153,75.38461538461539,70,5.384615384615385
E00079280,163,38,11,27,125,108,17,23.31288343558282,6.748466257668712,16.56441717791411,76.68711656441718,66.25766871165644,10.429447852760736
E00079281,126,32,5,27,94,77,17,25.396825396825395,3.968253968253968,21.428571428571427,74.60317460317461,61.111111111111114,13.492063492063492
E00079282,149,45,12,33,104,91,13,30.201342281879196,8.053691275167784,22.14765100671141,69.79865771812081,61.07382550335571,8.724832214765101
E00079283,164,45,16,29,119,94,25,27.439024390243905,9.75609756097561,17.682926829268293,72.5609756097561,57.3170731707317,15.24390243902439
E00079284,119,33,8,25,86,75,11,27.73109243697479,6.722689075630252,21.008403361344538,72.26890756302521,63.02521008403361,9.243697478991598
E00079285,164,42,11,31,122,104,18,25.609756097560975,6.707317073170732,18.902439024390244,74.39024390243902,63.41463414634146,10.975609756097562
E00079286,151,45,13,32,106,88,18,29.80132450331126,8.609271523178808,21.192052980132452,70.19867549668875,58.27814569536424,11.920529801324504
E00079287,116,37,13,24,79,72,7,31.896551724137932,11.206896551724139,20.689655172413794,68.10344827586206,62.06896551724138,6.0344827586206895
E00079288,128,30,9,21,98,87,11,23.4375,7.03125,16.40625,76.5625,67.96875,8.59375
E00079289,170,55,20,35,115,105,10,32.35294117647059,11.76470588235294,20.588235294117645,67.64705882352942,61.76470588235294,5.88235294117647
E00079290,199,60,22,38,139,108,31,30.15075376884422,11.055276381909549,19.09547738693467,69.84924623115577,54.2713567839196,15.577889447236181
E00079291,137,30,12,18,107,92,15,21.897810218978105,8.75912408759124,13.138686131386862,78.1021897810219,67.15328467153284,10.948905109489052
E00079292,165,47,17,30,118,105,13,28.484848484848484,10.303030303030303,18.181818181818183,71.51515151515152,63.63636363636363,7.878787878787878
E00079293,121,42,14,28,79,65,14,34.710743801652896,11.570247933884298,23.140495867768596,65.28925619834712,53.71900826446281,11.570247933884298
E00079294,139,39,11,28,100,80,20,28.05755395683453,7.913669064748201,20.14388489208633,71.94244604316546,57.55395683453237,14.388489208633093
E00079295,119,30,11,19,89,79,10,25.210084033613445,9.243697478991598,15.966386554621847,74.78991596638656,66.38655462184873,8.403361344537815
E00079296,156,46,13,33,110,96,14,29.48717948717949,8.333333333333332,21.153846153846153,70.51282051282051,61.53846153846154,8.974358974358974
E00079297,117,25,9,16,92,80,12,21.367521367521366,7.6923076923076925,13.675213675213676,78.63247863247864,68.37606837606837,10.256410256410255
E00079298,167,51,16,35,116,101,15,30.538922155688624,9.580838323353294,20.958083832335326,69.46107784431138,60.47904191616767,8.982035928143713
E00079299,150,41,16,25,109,96,13,27.333333333333332,10.666666666666668,16.666666666666664,72.66666666666667,64,8.666666666666668
E00079300,182,37,10,27,145,130,15,20.32967032967033,5.4945054945054945,14.835164835164836,79.67032967032966,71.42857142857143,8.241758241758241
E00079301,63,19,5,14,44,37,7,30.158730158730158,7.936507936507936,22.22222222222222,69.84126984126983,58.730158730158735,11.11111111111111
E00079302,170,53,12,41,117,95,22,31.176470588235293,7.0588235294117645,24.11764705882353,68.82352941176471,55.88235294117647,12.941176470588237
E00079303,142,50,13,37,92,80,12,35.2112676056338,9.15492957746479,26.056338028169012,64.7887323943662,56.33802816901409,8.450704225352112
E00079304,185,41,13,28,144,129,15,22.162162162162165,7.027027027027027,15.135135135135137,77.83783783783784,69.72972972972973,8.108108108108109
E00079305,90,22,4,18,68,55,13,24.444444444444443,4.444444444444445,20,75.55555555555556,61.111111111111114,14.444444444444443
E00079306,135,49,14,35,86,73,13,36.2962962962963,10.37037037037037,25.925925925925924,63.70370370370371,54.074074074074076,9.62962962962963
E00079307,73,23,6,17,50,45,5,31.506849315068493,8.21917808219178,23.28767123287671,68.4931506849315,61.64383561643836,6.8493150684931505
E00079308,189,47,7,40,142,119,23,24.867724867724867,3.7037037037037033,21.164021164021165,75.13227513227513,62.96296296296296,12.16931216931217
E00079309,217,67,23,44,150,120,30,30.87557603686636,10.599078341013826,20.276497695852534,69.12442396313364,55.29953917050692,13.82488479262673
E00079310,156,46,16,30,110,98,12,29.48717948717949,10.256410256410255,19.230769230769234,70.51282051282051,62.82051282051282,7.6923076923076925
E00079311,216,68,21,47,148,129,19,31.48148148148148,9.722222222222223,21.75925925925926,68.51851851851852,59.72222222222222,8.796296296296296
E00079312,190,47,7,40,143,128,15,24.736842105263158,3.684210526315789,21.052631578947366,75.26315789473685,67.36842105263158,7.894736842105263
E00079313,113,37,5,32,76,57,19,32.743362831858406,4.424778761061947,28.31858407079646,67.2566371681416,50.442477876106196,16.8141592920354
E00079314,126,33,9,24,93,81,12,26.190476190476193,7.142857142857142,19.047619047619047,73.80952380952381,64.28571428571429,9.523809523809524
E00079315,139,34,4,30,105,93,12,24.46043165467626,2.877697841726619,21.58273381294964,75.53956834532374,66.90647482014388,8.633093525179856
E00079316,169,37,10,27,132,116,16,21.893491124260358,5.9171597633136095,15.976331360946746,78.10650887573965,68.63905325443787,9.467455621301776
E00079317,224,63,16,47,161,130,31,28.125,7.142857142857142,20.982142857142858,71.875,58.03571428571429,13.839285714285715
E00079318,119,35,9,26,84,70,14,29.411764705882355,7.563025210084033,21.84873949579832,70.58823529411765,58.82352941176471,11.76470588235294
E00079319,87,27,8,19,60,51,9,31.03448275862069,9.195402298850574,21.839080459770116,68.96551724137932,58.620689655172406,10.344827586206897
E00079320,134,38,11,27,96,75,21,28.35820895522388,8.208955223880597,20.149253731343283,71.64179104477611,55.970149253731336,15.671641791044777
E00079321,110,25,9,16,85,70,15,22.727272727272727,8.181818181818182,14.545454545454545,77.27272727272727,63.63636363636363,13.636363636363635
E00079322,50,13,3,10,37,31,6,26,6,20,74,62,12
E00079323,54,21,9,12,33,28,5,38.88888888888889,16.666666666666664,22.22222222222222,61.111111111111114,51.85185185185185,9.25925925925926
E00079324,138,32,10,22,106,93,13,23.18840579710145,7.246376811594203,15.942028985507244,76.81159420289855,67.3913043478261,9.420289855072465
E00079325,198,46,9,37,152,137,15,23.232323232323232,4.545454545454546,18.68686868686869,76.76767676767676,69.1919191919192,7.575757575757576
E00079326,104,41,21,20,63,46,17,39.42307692307692,20.192307692307693,19.230769230769234,60.57692307692307,44.230769230769226,16.346153846153847
E00079327,195,49,15,34,146,117,29,25.128205128205128,7.6923076923076925,17.435897435897434,74.87179487179488,60,14.871794871794872
E00079328,133,33,11,22,100,91,9,24.81203007518797,8.270676691729323,16.541353383458645,75.18796992481202,68.42105263157895,6.7669172932330826
E00079329,111,36,16,20,75,64,11,32.432432432432435,14.414414414414415,18.01801801801802,67.56756756756756,57.65765765765766,9.90990990990991
E00079330,29,11,2,9,18,16,2,37.93103448275862,6.896551724137931,31.03448275862069,62.06896551724138,55.172413793103445,6.896551724137931
E00079331,135,34,9,25,101,83,18,25.185185185185183,6.666666666666667,18.51851851851852,74.81481481481481,61.48148148148148,13.333333333333334
E00079332,119,39,10,29,80,73,7,32.773109243697476,8.403361344537815,24.369747899159663,67.22689075630252,61.34453781512605,5.88235294117647
E00079333,64,16,3,13,48,40,8,25,4.6875,20.3125,75,62.5,12.5
E00079334,107,35,10,25,72,61,11,32.71028037383177,9.345794392523365,23.364485981308412,67.28971962616822,57.009345794392516,10.2803738317757
E00079335,92,21,5,16,71,65,6,22.82608695652174,5.434782608695652,17.391304347826086,77.17391304347827,70.65217391304348,6.521739130434782
E00079336,128,45,11,34,83,71,12,35.15625,8.59375,26.5625,64.84375,55.46875,9.375
E00079337,82,23,8,15,59,48,11,28.04878048780488,9.75609756097561,18.29268292682927,71.95121951219512,58.536585365853654,13.414634146341465
E00079338,137,40,11,29,97,82,15,29.1970802919708,8.02919708029197,21.16788321167883,70.8029197080292,59.854014598540154,10.948905109489052
E00079339,115,28,8,20,87,74,13,24.347826086956523,6.956521739130435,17.391304347826086,75.65217391304347,64.34782608695652,11.304347826086957
E00079341,166,56,15,41,110,95,15,33.734939759036145,9.036144578313253,24.69879518072289,66.26506024096386,57.22891566265061,9.036144578313253
E00079342,110,39,10,29,71,49,22,35.45454545454545,9.090909090909092,26.36363636363636,64.54545454545455,44.54545454545455,20
E00079343,115,39,16,23,76,59,17,33.91304347826087,13.91304347826087,20,66.08695652173913,51.30434782608696,14.782608695652174
E00079344,131,31,16,15,100,87,13,23.66412213740458,12.213740458015266,11.450381679389313,76.33587786259542,66.41221374045801,9.923664122137405
E00079345,115,46,17,29,69,61,8,40,14.782608695652174,25.217391304347824,60,53.04347826086957,6.956521739130435
E00079346,113,31,12,19,82,64,18,27.43362831858407,10.619469026548673,16.8141592920354,72.56637168141593,56.63716814159292,15.929203539823009
E00079347,210,50,20,30,160,132,28,23.809523809523807,9.523809523809524,14.285714285714285,76.19047619047619,62.857142857142854,13.333333333333334
E00079348,119,45,16,29,74,64,10,37.81512605042017,13.445378151260504,24.369747899159663,62.18487394957983,53.78151260504202,8.403361344537815
E00079349,148,40,16,24,108,89,19,27.027027027027028,10.81081081081081,16.216216216216218,72.97297297297297,60.13513513513513,12.837837837837837
E00079350,137,46,22,24,91,73,18,33.57664233576642,16.05839416058394,17.51824817518248,66.42335766423358,53.284671532846716,13.138686131386862
E00079351,145,34,15,19,111,89,22,23.448275862068964,10.344827586206897,13.10344827586207,76.55172413793103,61.37931034482759,15.172413793103448
E00079352,115,27,6,21,88,68,20,23.47826086956522,5.217391304347826,18.26086956521739,76.52173913043478,59.130434782608695,17.391304347826086
E00079353,132,31,6,25,101,85,16,23.484848484848484,4.545454545454546,18.939393939393938,76.51515151515152,64.39393939393939,12.121212121212121
E00079354,105,38,20,18,67,58,9,36.19047619047619,19.047619047619047,17.142857142857142,63.8095238095238,55.23809523809524,8.571428571428571
E00079355,131,36,11,25,95,83,12,27.480916030534353,8.396946564885496,19.083969465648856,72.51908396946564,63.358778625954194,9.16030534351145
E00079356,158,47,8,39,111,97,14,29.746835443037973,5.063291139240507,24.68354430379747,70.25316455696202,61.39240506329114,8.860759493670885
E00079357,191,76,23,53,115,105,10,39.79057591623037,12.041884816753926,27.748691099476442,60.20942408376963,54.973821989528794,5.2356020942408374
E00079359,151,67,21,46,84,74,10,44.370860927152314,13.90728476821192,30.4635761589404,55.62913907284768,49.00662251655629,6.622516556291391
E00079360,139,50,12,38,89,79,10,35.97122302158273,8.633093525179856,27.33812949640288,64.02877697841727,56.83453237410072,7.1942446043165464
E00079361,142,52,18,34,90,77,13,36.61971830985916,12.676056338028168,23.943661971830984,63.38028169014085,54.22535211267606,9.15492957746479
E00079362,186,64,17,47,122,105,17,34.40860215053764,9.13978494623656,25.268817204301076,65.59139784946237,56.451612903225815,9.13978494623656
E00079363,213,71,27,44,142,128,14,33.33333333333333,12.676056338028168,20.657276995305164,66.66666666666666,60.093896713615024,6.572769953051644
E00079364,137,45,18,27,92,75,17,32.846715328467155,13.138686131386862,19.708029197080293,67.15328467153284,54.74452554744526,12.408759124087592
E00079365,178,64,13,51,114,100,14,35.95505617977528,7.303370786516854,28.651685393258425,64.04494382022472,56.17977528089888,7.865168539325842
E00171248,201,46,10,36,155,138,17,22.885572139303484,4.975124378109453,17.91044776119403,77.11442786069652,68.65671641791045,8.45771144278607
E00171249,210,52,19,33,158,142,16,24.761904761904763,9.047619047619047,15.714285714285714,75.23809523809524,67.61904761904762,7.6190476190476195
E00171250,224,55,17,38,169,146,23,24.553571428571427,7.5892857142857135,16.964285714285715,75.44642857142857,65.17857142857143,10.267857142857142
E00171251,192,46,12,34,146,123,23,23.958333333333336,6.25,17.708333333333336,76.04166666666666,64.0625,11.979166666666668
E00171252,215,57,15,42,158,132,26,26.51162790697674,6.976744186046512,19.53488372093023,73.48837209302326,61.395348837209305,12.093023255813954
E00171253,33,5,1,4,28,26,2,15.151515151515152,3.0303030303030303,12.121212121212121,84.84848484848484,78.78787878787878,6.0606060606060606
E00171254,217,56,8,48,161,145,16,25.806451612903224,3.686635944700461,22.119815668202765,74.19354838709677,66.82027649769586,7.373271889400922
E00171256,159,42,15,27,117,93,24,26.41509433962264,9.433962264150944,16.9811320754717,73.58490566037736,58.490566037735846,15.09433962264151
E00171257,75,22,8,14,53,46,7,29.333333333333332,10.666666666666668,18.666666666666668,70.66666666666667,61.33333333333333,9.333333333333334
E00171258,109,28,7,21,81,75,6,25.688073394495415,6.422018348623854,19.26605504587156,74.31192660550458,68.80733944954129,5.5045871559633035
E00171259,80,18,4,14,62,54,8,22.5,5,17.5,77.5,67.5,10
E00171260,116,29,9,20,87,75,12,25,7.758620689655173,17.24137931034483,75,64.65517241379311,10.344827586206897
E00171261,298,58,24,34,240,213,27,19.463087248322147,8.053691275167784,11.409395973154362,80.53691275167785,71.47651006711409,9.060402684563758
E00171262,202,54,13,41,148,137,11,26.732673267326735,6.435643564356436,20.2970297029703,73.26732673267327,67.82178217821783,5.445544554455446
E00171263,170,35,17,18,135,120,15,20.588235294117645,10,10.588235294117647,79.41176470588235,70.58823529411765,8.823529411764707
E00171264,116,26,8,18,90,75,15,22.413793103448278,6.896551724137931,15.517241379310345,77.58620689655173,64.65517241379311,12.931034482758621
E00171266,126,51,20,31,75,71,4,40.476190476190474,15.873015873015872,24.6031746031746,59.523809523809526,56.34920634920635,3.1746031746031744
E00171267,131,54,19,35,77,68,9,41.221374045801525,14.50381679389313,26.717557251908396,58.778625954198475,51.908396946564885,6.870229007633588
E00171268,293,75,29,46,218,194,24,25.597269624573375,9.897610921501707,15.699658703071673,74.40273037542661,66.21160409556313,8.19112627986348
E00171269,150,46,19,27,104,95,9,30.666666666666664,12.666666666666668,18,69.33333333333334,63.33333333333333,6
E00171270,248,66,19,47,182,156,26,26.61290322580645,7.661290322580645,18.951612903225808,73.38709677419355,62.903225806451616,10.483870967741936
E00171271,147,31,11,20,116,90,26,21.08843537414966,7.482993197278912,13.60544217687075,78.91156462585033,61.224489795918366,17.687074829931973
E00171272,98,22,5,17,76,69,7,22.448979591836736,5.1020408163265305,17.346938775510203,77.55102040816327,70.40816326530613,7.142857142857142
E00171273,98,21,2,19,77,68,9,21.428571428571427,2.0408163265306123,19.387755102040817,78.57142857142857,69.38775510204081,9.183673469387756
E00171274,86,22,8,14,64,54,10,25.581395348837212,9.30232558139535,16.27906976744186,74.4186046511628,62.7906976744186,11.627906976744185
E00171275,81,25,9,16,56,48,8,30.864197530864196,11.11111111111111,19.753086419753085,69.1358024691358,59.25925925925925,9.876543209876543
E00171276,132,22,8,14,110,97,13,16.666666666666664,6.0606060606060606,10.606060606060606,83.33333333333334,73.48484848484848,9.848484848484848
E00171277,128,31,10,21,97,78,19,24.21875,7.8125,16.40625,75.78125,60.9375,14.84375
E00171278,69,21,5,16,48,37,11,30.434782608695656,7.246376811594203,23.18840579710145,69.56521739130434,53.62318840579711,15.942028985507244
E00171279,246,49,18,31,197,167,30,19.91869918699187,7.317073170731707,12.601626016260163,80.08130081300813,67.88617886178862,12.195121951219512
E00171280,158,43,13,30,115,97,18,27.21518987341772,8.227848101265822,18.9873417721519,72.78481012658227,61.39240506329114,11.39240506329114
E00171281,223,49,20,29,174,150,24,21.973094170403588,8.968609865470851,13.004484304932735,78.02690582959642,67.2645739910314,10.762331838565023
E00171283,104,23,10,13,81,76,5,22.115384615384613,9.615384615384617,12.5,77.88461538461539,73.07692307692307,4.807692307692308
E00171284,92,21,4,17,71,58,13,22.82608695652174,4.3478260869565215,18.478260869565215,77.17391304347827,63.04347826086957,14.130434782608695
E00171285,63,14,3,11,49,44,5,22.22222222222222,4.761904761904762,17.46031746031746,77.77777777777779,69.84126984126983,7.936507936507936
E00171287,50,26,9,17,24,22,2,52,18,34,48,44,4
E00171289,109,23,3,20,86,77,9,21.100917431192663,2.7522935779816518,18.34862385321101,78.89908256880734,70.64220183486239,8.256880733944955
E00171291,102,29,9,20,73,62,11,28.431372549019606,8.823529411764707,19.607843137254903,71.56862745098039,60.78431372549019,10.784313725490197
E00171294,130,33,3,30,97,84,13,25.384615384615383,2.307692307692308,23.076923076923077,74.61538461538461,64.61538461538461,10
E00171295,97,11,5,6,86,72,14,11.34020618556701,5.154639175257731,6.185567010309279,88.65979381443299,74.22680412371135,14.432989690721648
E00171296,100,27,4,23,73,58,15,27,4,23,73,57.99999999999999,15
E00171297,171,45,8,37,126,112,14,26.31578947368421,4.678362573099415,21.637426900584796,73.68421052631578,65.49707602339181,8.187134502923977
E00171298,198,52,20,32,146,118,28,26.262626262626267,10.1010101010101,16.161616161616163,73.73737373737373,59.59595959595959,14.14141414141414
E00171300,183,39,12,27,144,126,18,21.311475409836063,6.557377049180328,14.754098360655737,78.68852459016394,68.85245901639344,9.836065573770492
E00171301,116,29,9,20,87,74,13,25,7.758620689655173,17.24137931034483,75,63.793103448275865,11.206896551724139
E00171302,154,42,18,24,112,96,16,27.27272727272727,11.688311688311687,15.584415584415584,72.72727272727273,62.33766233766234,10.38961038961039
E00171303,102,37,14,23,65,55,10,36.27450980392157,13.725490196078432,22.54901960784314,63.725490196078425,53.92156862745098,9.803921568627452
E00171304,138,33,16,17,105,95,10,23.91304347826087,11.594202898550725,12.318840579710146,76.08695652173914,68.84057971014492,7.246376811594203
E00171306,83,14,5,9,69,61,8,16.867469879518072,6.024096385542169,10.843373493975903,83.13253012048193,73.49397590361446,9.63855421686747
E00171307,75,17,5,12,58,51,7,22.666666666666664,6.666666666666667,16,77.33333333333333,68,9.333333333333334
E00171308,140,30,12,18,110,90,20,21.428571428571427,8.571428571428571,12.857142857142856,78.57142857142857,64.28571428571429,14.285714285714285
E00171309,142,30,9,21,112,97,15,21.12676056338028,6.338028169014084,14.788732394366196,78.87323943661971,68.30985915492957,10.56338028169014
E00171310,171,43,14,29,128,107,21,25.146198830409354,8.187134502923977,16.95906432748538,74.85380116959064,62.57309941520468,12.280701754385964
E00171311,195,47,17,30,148,123,25,24.102564102564102,8.717948717948717,15.384615384615385,75.8974358974359,63.07692307692307,12.82051282051282
E00171312,123,42,15,27,81,73,8,34.146341463414636,12.195121951219512,21.951219512195124,65.85365853658537,59.34959349593496,6.504065040650407
E00171313,118,36,12,24,82,73,9,30.508474576271187,10.16949152542373,20.33898305084746,69.49152542372882,61.86440677966102,7.627118644067797
E00171314,125,30,4,26,95,85,10,24,3.2,20.8,76,68,8
E00171315,91,33,11,22,58,50,8,36.26373626373626,12.087912087912088,24.175824175824175,63.73626373626373,54.94505494505495,8.791208791208792
E00171316,88,18,7,11,70,52,18,20.454545454545457,7.954545454545454,12.5,79.54545454545455,59.09090909090909,20.454545454545457
E00171318,91,31,15,16,60,50,10,34.065934065934066,16.483516483516482,17.582417582417584,65.93406593406593,54.94505494505495,10.989010989010989
E00171319,198,50,21,29,148,122,26,25.252525252525253,10.606060606060606,14.646464646464647,74.74747474747475,61.61616161616161,13.131313131313133
E00171320,92,19,3,16,73,64,9,20.652173913043477,3.260869565217391,17.391304347826086,79.34782608695652,69.56521739130434,9.782608695652174
E00171321,200,51,18,33,149,123,26,25.5,9,16.5,74.5,61.5,13
E00171323,74,16,6,10,58,50,8,21.62162162162162,8.108108108108109,13.513513513513514,78.37837837837837,67.56756756756756,10.81081081081081
E00171324,70,15,1,14,55,44,11,21.428571428571427,1.4285714285714286,20,78.57142857142857,62.857142857142854,15.714285714285714
E00171326,171,44,10,34,127,112,15,25.730994152046783,5.847953216374268,19.883040935672515,74.26900584795322,65.49707602339181,8.771929824561402
E00171327,139,38,11,27,101,78,23,27.33812949640288,7.913669064748201,19.424460431654676,72.66187050359713,56.11510791366906,16.546762589928058
E00171329,176,41,12,29,135,118,17,23.295454545454543,6.8181818181818175,16.477272727272727,76.70454545454545,67.04545454545455,9.659090909090908
E00171330,80,19,8,11,61,49,12,23.75,10,13.750000000000002,76.25,61.25000000000001,15
E00171331,281,77,26,51,204,179,25,27.402135231316727,9.252669039145907,18.14946619217082,72.59786476868328,63.70106761565836,8.896797153024911
E00187604,104,26,10,16,78,64,14,25,9.615384615384617,15.384615384615385,75,61.53846153846154,13.461538461538462
E00187605,164,27,8,19,137,113,24,16.463414634146343,4.878048780487805,11.585365853658537,83.53658536585365,68.90243902439023,14.634146341463413
E00187606,86,12,5,7,74,66,8,13.953488372093023,5.813953488372093,8.13953488372093,86.04651162790698,76.74418604651163,9.30232558139535
E00187607,185,50,16,34,135,113,22,27.027027027027028,8.64864864864865,18.37837837837838,72.97297297297297,61.08108108108108,11.891891891891893
E00187608,353,23,6,17,330,280,50,6.515580736543909,1.69971671388102,4.815864022662889,93.48441926345609,79.3201133144476,14.164305949008499
E00187613,112,21,8,13,91,86,5,18.75,7.142857142857142,11.607142857142858,81.25,76.78571428571429,4.464285714285714
E00187614,233,59,24,35,174,153,21,25.321888412017167,10.300429184549357,15.021459227467812,74.67811158798283,65.66523605150213,9.012875536480687
E00187615,151,37,13,24,114,94,20,24.503311258278146,8.609271523178808,15.894039735099339,75.49668874172185,62.251655629139066,13.245033112582782
E00187618,290,77,18,59,213,184,29,26.551724137931032,6.206896551724138,20.344827586206897,73.44827586206897,63.44827586206897,10
E00187620,175,33,14,19,142,125,17,18.857142857142858,8,10.857142857142858,81.14285714285714,71.42857142857143,9.714285714285714
E00187622,75,14,3,11,61,60,1,18.666666666666668,4,14.666666666666666,81.33333333333333,80,1.3333333333333335
E00187624,125,21,6,15,104,92,12,16.8,4.8,12,83.2,73.6,9.6
E00187625,298,39,7,32,259,217,42,13.087248322147651,2.348993288590604,10.738255033557047,86.91275167785236,72.81879194630872,14.093959731543624
E00187626,221,36,13,23,185,162,23,16.289592760180994,5.88235294117647,10.407239819004525,83.710407239819,73.303167420814475,10.407239819004525
E00187627,131,20,4,16,111,85,26,15.267175572519085,3.0534351145038165,12.213740458015266,84.7328244274809,64.8854961832061,19.84732824427481
E00187628,146,33,13,20,113,97,16,22.602739726027394,8.904109589041095,13.698630136986301,77.3972602739726,66.43835616438356,10.95890410958904
E00187630,214,28,9,19,186,165,21,13.084112149532709,4.205607476635514,8.878504672897195,86.91588785046729,77.10280373831776,9.813084112149532
E00187635,235,55,12,43,180,157,23,23.404255319148938,5.106382978723404,18.29787234042553,76.59574468085107,66.80851063829788,9.787234042553191
E00187637,57,13,6,7,44,39,5,22.807017543859647,10.526315789473683,12.280701754385964,77.19298245614034,68.42105263157895,8.771929824561402
E00187639,151,64,30,34,87,58,29,42.384105960264904,19.867549668874172,22.516556291390728,57.615894039735096,38.41059602649007,19.205298013245034
E00187640,252,81,27,54,171,145,26,32.142857142857146,10.714285714285714,21.428571428571427,67.85714285714286,57.53968253968254,10.317460317460316
E00187643,98,34,11,23,64,54,10,34.69387755102041,11.224489795918368,23.46938775510204,65.3061224489796,55.10204081632652,10.204081632653061
E00187647,214,48,9,39,166,146,20,22.429906542056074,4.205607476635514,18.22429906542056,77.57009345794393,68.22429906542055,9.345794392523365
E00187650,143,46,12,34,97,90,7,32.16783216783217,8.391608391608392,23.776223776223777,67.83216783216784,62.93706293706294,4.895104895104895
E00187654,115,36,11,25,79,73,6,31.30434782608696,9.565217391304348,21.73913043478261,68.69565217391305,63.47826086956522,5.217391304347826
E00187657,271,55,19,36,216,194,22,20.29520295202952,7.011070110701106,13.284132841328415,79.70479704797047,71.58671586715867,8.118081180811808
E00187658,160,58,20,38,102,90,12,36.25,12.5,23.75,63.74999999999999,56.25,7.5
E00187663,200,38,9,29,162,145,17,19,4.5,14.499999999999998,81,72.5,8.5
E00187664,216,21,7,14,195,163,32,9.722222222222223,3.2407407407407405,6.481481481481481,90.27777777777779,75.46296296296296,14.814814814814813
E00187665,94,25,7,18,69,57,12,26.595744680851062,7.446808510638298,19.148936170212767,73.40425531914893,60.63829787234043,12.76595744680851
E00187666,182,61,20,41,121,110,11,33.51648351648351,10.989010989010989,22.52747252747253,66.48351648351648,60.43956043956044,6.043956043956044
E00187667,85,18,3,15,67,59,8,21.176470588235293,3.5294117647058822,17.647058823529413,78.82352941176471,69.41176470588235,9.411764705882353
E00187675,139,23,7,16,116,101,15,16.546762589928058,5.0359712230215825,11.510791366906476,83.45323741007195,72.66187050359713,10.79136690647482
E00187676,318,55,13,42,263,208,55,17.29559748427673,4.088050314465408,13.20754716981132,82.70440251572327,65.40880503144653,17.29559748427673
E00187686,76,11,1,10,65,58,7,14.473684210526317,1.3157894736842104,13.157894736842104,85.52631578947368,76.31578947368422,9.210526315789473
E00187690,162,41,9,32,121,108,13,25.308641975308642,5.555555555555555,19.753086419753085,74.69135802469135,66.66666666666666,8.024691358024691
E00187694,84,18,4,14,66,54,12,21.428571428571427,4.761904761904762,16.666666666666664,78.57142857142857,64.28571428571429,14.285714285714285
E00187695,274,56,19,37,218,198,20,20.437956204379564,6.934306569343065,13.503649635036496,79.56204379562044,72.26277372262774,7.2992700729927
E00187696,134,33,8,25,101,90,11,24.62686567164179,5.970149253731343,18.65671641791045,75.3731343283582,67.16417910447761,8.208955223880597
E00187697,270,55,18,37,215,195,20,20.37037037037037,6.666666666666667,13.703703703703704,79.62962962962963,72.22222222222221,7.4074074074074066
E00187698,198,25,5,20,173,149,24,12.626262626262626,2.525252525252525,10.1010101010101,87.37373737373737,75.25252525252525,12.121212121212121
E00187701,200,33,13,20,167,153,14,16.5,6.5,10,83.5,76.5,7.000000000000001
E00187706,300,66,15,51,234,203,31,22,5,17,78,67.66666666666666,10.333333333333334
E00187707,81,16,5,11,65,57,8,19.753086419753085,6.172839506172839,13.580246913580247,80.24691358024691,70.37037037037037,9.876543209876543
E00187709,286,58,13,45,228,197,31,20.27972027972028,4.545454545454546,15.734265734265735,79.72027972027972,68.88111888111888,10.839160839160838
E00187710,45,7,4,3,38,32,6,15.555555555555555,8.88888888888889,6.666666666666667,84.44444444444444,71.11111111111111,13.333333333333334
E00187714,81,15,4,11,66,60,6,18.51851851851852,4.938271604938271,13.580246913580247,81.48148148148148,74.07407407407408,7.4074074074074066
E00187723,121,27,4,23,94,81,13,22.31404958677686,3.3057851239669422,19.00826446280992,77.68595041322314,66.94214876033058,10.743801652892563
E00187724,157,27,6,21,130,100,30,17.197452229299362,3.821656050955414,13.375796178343949,82.80254777070064,63.69426751592356,19.10828025477707
E00187727,183,31,9,22,152,134,18,16.939890710382514,4.918032786885246,12.021857923497267,83.06010928961749,73.224043715847,9.836065573770492
E00187731,260,70,17,53,190,170,20,26.923076923076923,6.538461538461539,20.384615384615383,73.07692307692307,65.38461538461539,7.6923076923076925
E00187736,288,56,15,41,232,200,32,19.444444444444446,5.208333333333334,14.23611111111111,80.55555555555556,69.44444444444444,11.11111111111111
E00187739,34,11,2,9,23,22,1,32.35294117647059,5.88235294117647,26.47058823529412,67.64705882352942,64.70588235294117,2.941176470588235
E00187740,97,41,17,24,56,48,8,42.2680412371134,17.525773195876287,24.742268041237114,57.73195876288659,49.48453608247423,8.24742268041237
E00187756,90,27,6,21,63,55,8,30,6.666666666666667,23.333333333333332,70,61.111111111111114,8.88888888888889
E00187760,279,49,10,39,230,197,33,17.562724014336915,3.584229390681003,13.978494623655912,82.43727598566308,70.60931899641577,11.827956989247312
E00187761,230,51,16,35,179,155,24,22.17391304347826,6.956521739130435,15.217391304347828,77.82608695652173,67.3913043478261,10.434782608695652
E00187767,107,35,9,26,72,55,17,32.71028037383177,8.411214953271028,24.299065420560748,67.28971962616822,51.4018691588785,15.887850467289718
E00187773,224,23,9,14,201,155,46,10.267857142857142,4.017857142857143,6.25,89.73214285714286,69.19642857142857,20.535714285714285
E00187774,192,52,10,42,140,115,25,27.083333333333332,5.208333333333334,21.875,72.91666666666666,59.895833333333336,13.020833333333334
E00187775,194,35,9,26,159,133,26,18.04123711340206,4.639175257731959,13.402061855670103,81.95876288659794,68.55670103092784,13.402061855670103
E00187778,188,87,22,65,101,85,16,46.27659574468085,11.702127659574469,34.57446808510639,53.72340425531915,45.21276595744681,8.51063829787234
E00187779,138,36,12,24,102,86,16,26.08695652173913,8.695652173913043,17.391304347826086,73.91304347826086,62.31884057971014,11.594202898550725
E00187784,133,28,7,21,105,85,20,21.052631578947366,5.263157894736842,15.789473684210526,78.94736842105263,63.90977443609023,15.037593984962406
E00187786,189,57,19,38,132,110,22,30.158730158730158,10.052910052910052,20.105820105820104,69.84126984126983,58.201058201058196,11.64021164021164
E00187789,182,30,4,26,152,134,18,16.483516483516482,2.197802197802198,14.285714285714285,83.51648351648352,73.62637362637363,9.89010989010989
E00187790,117,33,14,19,84,64,20,28.205128205128204,11.965811965811966,16.23931623931624,71.7948717948718,54.700854700854705,17.094017094017094
E00187792,45,14,4,10,31,28,3,31.11111111111111,8.88888888888889,22.22222222222222,68.88888888888889,62.22222222222222,6.666666666666667
E00187795,144,46,8,38,98,90,8,31.944444444444443,5.555555555555555,26.38888888888889,68.05555555555556,62.5,5.555555555555555
E00187798,62,18,6,12,44,41,3,29.03225806451613,9.67741935483871,19.35483870967742,70.96774193548387,66.12903225806451,4.838709677419355
E00187799,163,40,17,23,123,106,17,24.539877300613497,10.429447852760736,14.11042944785276,75.4601226993865,65.03067484662577,10.429447852760736
E00187806,287,93,27,66,194,175,19,32.40418118466899,9.40766550522648,22.99651567944251,67.59581881533101,60.97560975609756,6.620209059233449
E00187809,273,55,13,42,218,183,35,20.146520146520146,4.761904761904762,15.384615384615385,79.85347985347985,67.03296703296702,12.82051282051282
E00187810,77,10,2,8,67,55,12,12.987012987012985,2.5974025974025974,10.38961038961039,87.01298701298701,71.42857142857143,15.584415584415584
E00187814,244,50,12,38,194,164,30,20.491803278688526,4.918032786885246,15.573770491803279,79.50819672131148,67.21311475409836,12.295081967213115
E00187824,270,63,22,41,207,177,30,23.333333333333332,8.148148148148149,15.185185185185185,76.66666666666667,65.55555555555556,11.11111111111111
E00187826,281,62,13,49,219,186,33,22.064056939501782,4.6263345195729535,17.437722419928825,77.93594306049823,66.19217081850533,11.743772241992882
E00187830,200,38,16,22,162,141,21,19,8,11,81,70.5,10.5
E00187831,103,18,6,12,85,73,12,17.475728155339805,5.825242718446602,11.650485436893204,82.52427184466019,70.87378640776699,11.650485436893204
E00187832,230,35,9,26,195,170,25,15.217391304347828,3.91304347826087,11.304347826086957,84.78260869565217,73.91304347826086,10.869565217391305
E00187835,73,17,5,12,56,44,12,23.28767123287671,6.8493150684931505,16.43835616438356,76.71232876712328,60.273972602739725,16.43835616438356
E00187838,118,16,2,14,102,85,17,13.559322033898304,1.694915254237288,11.864406779661017,86.4406779661017,72.03389830508475,14.40677966101695
E00187847,53,16,4,12,37,31,6,30.18867924528302,7.547169811320755,22.641509433962266,69.81132075471697,58.490566037735846,11.320754716981133
E00187851,351,63,17,46,288,249,39,17.94871794871795,4.843304843304843,13.105413105413104,82.05128205128204,70.94017094017094,11.11111111111111
